"","year","month","avg_rating","no_ratings","avg_rating_owned","avg_rating_not_owned","avg_rating_prev_owned","avg_rating_comment","avg_rating_no_comment","no_ratings_owned","no_ratings_not_owned","no_ratings_prev_owned","no_ratings_comment","no_ratings_no_comment","cum_no_ratings","cum_no_ratings_owned","cum_no_ratings_not_owned","cum_no_ratings_prev_owned","cum_no_ratings_comment","cum_no_ratings_no_comment","cum_avg_rating","cum_avg_rating_owned","cum_avg_rating_not_owned","cum_avg_rating_prev_owned","cum_avg_rating_comment","cum_avg_rating_no_comment","month_after_release"
"1",2001,6,6,7,6.2,5.5,4,6.75,5,5,2,1,4,3,7,5,2,1,4,3,6,6.2,5.5,4,6.75,5,1
"2",2001,7,6.66666666666667,3,7,6,6,8,6,2,1,1,1,2,10,7,3,2,5,5,6.2,6.42857142857143,5.66666666666667,5,7,5.4,2
"3",2001,8,3.5,6,4,3.4,2,4,3.4,1,5,1,1,5,16,8,8,3,6,10,5.1875,6.125,4.25,4,6.5,4.4,3
"4",2001,9,6.66666666666667,6,7.75,4.5,NA,6.5,6.75,4,2,0,2,4,22,12,10,3,8,14,5.59090909090909,6.66666666666667,4.3,4,6.5,5.07142857142857,4
"5",2001,10,6.5,2,6.5,NA,NA,7,6,2,0,0,1,1,24,14,10,3,9,15,5.66666666666667,6.64285714285714,4.3,4,6.55555555555556,5.13333333333333,5
"6",2001,11,5.8,5,6.33333333333333,5,NA,7,5.5,3,2,0,1,4,29,17,12,3,10,19,5.68965517241379,6.58823529411765,4.41666666666667,4,6.6,5.21052631578947,6
"7",2001,12,7,3,9,3,NA,NA,7,2,1,0,0,3,32,19,13,3,10,22,5.8125,6.84210526315789,4.30769230769231,4,6.6,5.45454545454545,7
"8",2002,1,7,1,7,NA,NA,NA,7,1,0,0,0,1,33,20,13,3,10,23,5.84848484848485,6.85,4.30769230769231,4,6.6,5.52173913043478,8
"9",2002,2,6.75,4,7.66666666666667,4,NA,6.33333333333333,8,3,1,0,3,1,37,23,14,3,13,24,5.94594594594595,6.95652173913043,4.28571428571429,4,6.53846153846154,5.625,9
"10",2002,3,4.5,3,6.25,1,NA,3.25,7,2,1,0,2,1,40,25,15,3,15,25,5.8375,6.9,4.06666666666667,4,6.1,5.68,10
"11",2002,4,4.5,2,4.5,NA,NA,3,6,2,0,0,1,1,42,27,15,3,16,26,5.77380952380952,6.72222222222222,4.06666666666667,4,5.90625,5.69230769230769,11
"12",2002,5,4.5,2,NA,4.5,6,4.5,NA,0,2,1,2,0,44,27,17,4,18,26,5.71590909090909,6.72222222222222,4.11764705882353,4.5,5.75,5.69230769230769,12
"13",2002,6,6.5,6,6.6,6,NA,7,6.25,5,1,0,2,4,50,32,18,4,20,30,5.81,6.703125,4.22222222222222,4.5,5.875,5.76666666666667,13
"14",2002,7,6.35714285714286,7,6.35714285714286,NA,NA,7.5,5.5,7,0,0,3,4,57,39,18,4,23,34,5.87719298245614,6.64102564102564,4.22222222222222,4.5,6.08695652173913,5.73529411764706,14
"15",2002,8,6.83333333333333,6,6.6,8,8,6.5,7.5,5,1,1,4,2,63,44,19,5,27,36,5.96825396825397,6.63636363636364,4.42105263157895,5.2,6.14814814814815,5.83333333333333,15
"16",2002,9,6,5,6.66666666666667,5,NA,6,6,3,2,0,2,3,68,47,21,5,29,39,5.97058823529412,6.63829787234043,4.47619047619048,5.2,6.13793103448276,5.84615384615385,16
"17",2002,10,6.66666666666667,9,6.75,6,NA,6.6,6.75,8,1,0,5,4,77,55,22,5,34,43,6.05194805194805,6.65454545454545,4.54545454545455,5.2,6.20588235294118,5.93023255813953,17
"18",2002,11,6.11111111111111,9,6.71428571428571,4,4,5.2,7.25,7,2,2,5,4,86,62,24,7,39,47,6.05813953488372,6.66129032258065,4.5,4.85714285714286,6.07692307692308,6.04255319148936,18
"19",2002,12,6.16666666666667,6,7,2,NA,4.5,7,5,1,0,2,4,92,67,25,7,41,51,6.06521739130435,6.6865671641791,4.4,4.85714285714286,6,6.11764705882353,19
"20",2003,1,5.4,15,6.72727272727273,1.75,NA,3.75,6,11,4,0,4,11,107,78,29,7,45,62,5.97196261682243,6.69230769230769,4.03448275862069,4.85714285714286,5.8,6.09677419354839,20
"21",2003,2,7.8,5,9.66666666666667,5,NA,NA,7.8,3,2,0,0,5,112,81,31,7,45,67,6.05357142857143,6.80246913580247,4.09677419354839,4.85714285714286,5.8,6.22388059701493,21
"22",2003,3,6,5,7.25,1,NA,5,6.66666666666667,4,1,0,2,3,117,85,32,7,47,70,6.05128205128205,6.82352941176471,4,4.85714285714286,5.76595744680851,6.24285714285714,22
"23",2003,4,5.6,5,6,5,NA,7,5.25,3,2,0,1,4,122,88,34,7,48,74,6.0327868852459,6.79545454545455,4.05882352941177,4.85714285714286,5.79166666666667,6.18918918918919,23
"24",2003,5,6,12,6.85714285714286,4.8,NA,6,6,7,5,0,6,6,134,95,39,7,54,80,6.02985074626866,6.8,4.15384615384615,4.85714285714286,5.81481481481481,6.175,24
"25",2003,6,5.90909090909091,11,6.55555555555556,3,NA,6.5,5.57142857142857,9,2,0,4,7,145,104,41,7,58,87,6.02068965517241,6.77884615384615,4.09756097560976,4.85714285714286,5.86206896551724,6.1264367816092,25
"26",2003,7,5.02222222222222,45,5.72,4.15,5,5.5,4.80645161290323,25,20,1,14,31,190,129,61,8,72,118,5.78421052631579,6.57364341085271,4.11475409836066,4.875,5.79166666666667,5.77966101694915,26
"27",2003,8,5.5625,16,6.55,3.91666666666667,NA,5.46153846153846,6,10,6,0,13,3,206,139,67,8,85,121,5.76699029126214,6.57194244604317,4.09701492537313,4.875,5.74117647058824,5.78512396694215,27
"28",2003,9,4.96153846153846,13,5.9375,3.4,5,4.4,5.3125,8,5,2,5,8,219,147,72,10,90,129,5.71917808219178,6.53741496598639,4.04861111111111,4.9,5.66666666666667,5.75581395348837,28
"29",2003,10,6.63636363636364,11,7.25,5,NA,6.2,7,8,3,0,5,6,230,155,75,10,95,135,5.76304347826087,6.5741935483871,4.08666666666667,4.9,5.69473684210526,5.81111111111111,29
"30",2003,11,4.71428571428571,7,4.25,5.33333333333333,NA,4.75,4.66666666666667,4,3,0,4,3,237,159,78,10,99,138,5.73206751054852,6.51572327044025,4.13461538461539,4.9,5.65656565656566,5.78623188405797,30
"31",2003,12,5.41666666666667,12,6.14285714285714,4.4,6,5,5.71428571428571,7,5,1,5,7,249,166,83,11,104,145,5.71686746987952,6.5,4.15060240963856,5,5.625,5.78275862068966,31
"32",2004,1,5.47368421052632,19,6.16666666666667,4.28571428571429,NA,4,6.33333333333333,12,7,0,7,12,268,178,90,11,111,157,5.69962686567164,6.47752808988764,4.16111111111111,5,5.52252252252252,5.82484076433121,32
"33",2004,2,6.3125,16,6.66666666666667,5.25,NA,5,6.90909090909091,12,4,0,5,11,284,190,94,11,116,168,5.73415492957747,6.48947368421053,4.20744680851064,5,5.5,5.89583333333333,33
"34",2004,3,5.91666666666667,24,5.875,6,6,5.55555555555556,6.13333333333333,16,8,1,9,15,308,206,102,12,125,183,5.74837662337662,6.44174757281553,4.34803921568627,5.08333333333333,5.504,5.91530054644809,34
"35",2004,4,5.96428571428571,14,5.72222222222222,6.4,7,5.5625,6.5,9,5,1,8,6,322,215,107,13,133,189,5.75776397515528,6.41162790697674,4.44392523364486,5.23076923076923,5.50751879699248,5.93386243386243,35
"36",2004,5,4.94117647058824,17,5.46153846153846,3.25,NA,3.85714285714286,5.7,13,4,0,7,10,339,228,111,13,140,199,5.71681415929203,6.35745614035088,4.4009009009009,5.23076923076923,5.425,5.92211055276382,36
"37",2004,6,5.84782608695652,23,6.25,4.4,6,5.55,6.07692307692308,18,5,1,10,13,362,246,116,14,150,212,5.72513812154696,6.34959349593496,4.40086206896552,5.28571428571429,5.43333333333333,5.93160377358491,37
"38",2004,7,5.16666666666667,21,5.66666666666667,4.5,5,5.22727272727273,5.1,12,9,3,11,10,383,258,125,17,161,222,5.69451697127937,6.31782945736434,4.408,5.23529411764706,5.41925465838509,5.89414414414414,38
"39",2004,8,5.35,20,6.4,2.2,2,4.625,5.83333333333333,15,5,1,8,12,403,273,130,18,169,234,5.67741935483871,6.32234432234432,4.32307692307692,5.05555555555556,5.38165680473373,5.89102564102564,39
"40",2004,9,5.86842105263158,19,6.5,3.5,3,5.70833333333333,6.14285714285714,15,4,1,12,7,422,288,134,19,181,241,5.68601895734597,6.33159722222222,4.29850746268657,4.94736842105263,5.40331491712707,5.89834024896266,40
"41",2004,10,5.86363636363636,33,6.58,3.625,5,5.9,5.84782608695652,25,8,2,10,23,455,313,142,21,191,264,5.6989010989011,6.35143769968051,4.26056338028169,4.95238095238095,5.42931937172775,5.89393939393939,41
"42",2004,11,5.76666666666667,27,5.93809523809524,5.16666666666667,NA,5.17,6.11764705882353,21,6,0,10,17,482,334,148,21,201,281,5.70269709543568,6.32544910179641,4.2972972972973,4.95238095238095,5.41641791044776,5.90747330960854,42
"43",2004,12,6.4551724137931,29,6.6125,5.7,NA,6.36,6.66666666666667,24,5,0,20,9,511,358,153,21,221,290,5.7454011741683,6.34469273743017,4.34313725490196,4.95238095238095,5.50180995475113,5.93103448275862,43
"44",2005,1,5.36111111111111,36,5.76666666666667,3.33333333333333,NA,5.32352941176471,5.39473684210526,30,6,0,17,19,547,388,159,21,238,309,5.72010968921389,6.3,4.30503144654088,4.95238095238095,5.4890756302521,5.89805825242718,44
"45",2005,2,4.75,38,5.56,3.19230769230769,1,4.03125,5.27272727272727,25,13,1,16,22,585,413,172,22,254,331,5.65709401709402,6.25520581113801,4.22093023255814,4.77272727272727,5.39724409448819,5.85649546827795,45
"46",2005,3,4.73666666666667,30,5.28,3.65,NA,3.96666666666667,5.50666666666667,20,10,0,15,15,615,433,182,22,269,346,5.61219512195122,6.21016166281755,4.18956043956044,4.77272727272727,5.31747211895911,5.84132947976879,46
"47",2005,4,4.58,25,5.48666666666667,3.22,NA,4.27,4.78666666666667,15,10,0,10,15,640,448,192,22,279,361,5.571875,6.1859375,4.1390625,4.77272727272727,5.27992831541219,5.79750692520776,47
"48",2005,5,5.5,21,6.25,4,3,5.95833333333333,4.88888888888889,14,7,1,12,9,661,462,199,23,291,370,5.5695915279879,6.18787878787879,4.13417085427136,4.69565217391304,5.30790378006873,5.77540540540541,48
"49",2005,6,4.78260869565217,23,6.27272727272727,3.41666666666667,2,4.1875,6.14285714285714,11,12,1,16,7,684,473,211,24,307,377,5.54312865497076,6.18985200845666,4.09336492890995,4.58333333333333,5.24951140065147,5.78222811671088,49
"50",2005,7,6.13157894736842,38,6.46296296296296,5.31818181818182,5,5.85294117647059,6.35714285714286,27,11,1,17,21,722,500,222,25,324,398,5.57409972299169,6.2046,4.15405405405405,4.6,5.28117283950617,5.81256281407035,50
"51",2005,8,6.06578947368421,38,6.16666666666667,5.4,3,6.28125,5.90909090909091,33,5,1,16,22,760,533,227,26,340,420,5.59868421052631,6.20225140712945,4.18149779735683,4.53846153846154,5.32823529411765,5.81761904761905,51
"52",2005,9,5.87179487179487,39,6.72916666666667,4.5,4.66666666666667,5.57142857142857,6.22222222222222,24,15,3,21,18,799,557,242,29,361,438,5.61201501877347,6.22495511669659,4.20123966942149,4.55172413793103,5.34238227146814,5.83424657534247,52
"53",2005,10,5.36363636363636,33,5.79166666666667,4.22222222222222,4,4.94444444444444,5.86666666666667,24,9,1,18,15,832,581,251,30,379,453,5.60216346153846,6.20705679862306,4.20199203187251,4.53333333333333,5.32348284960422,5.83532008830022,53
"54",2005,11,5.60882352941176,34,5.8037037037037,4.85714285714286,NA,5.3,5.85263157894737,27,7,0,15,19,866,608,258,30,394,472,5.60242494226328,6.1891447368421,4.21976744186047,4.53333333333333,5.32258883248731,5.83601694915254,54
"55",2005,12,5.65961538461538,52,6.55714285714286,3.81176470588235,4.93333333333333,5.24,5.921875,35,17,3,20,32,918,643,275,33,414,504,5.60566448801743,6.20917573872473,4.19454545454546,4.56969696969697,5.31859903381642,5.84146825396825,55
"56",2006,1,5.51296296296296,54,6.15405405405405,4.11764705882353,4.83333333333333,4.89545454545455,5.9375,37,17,3,22,32,972,680,292,36,436,536,5.60051440329218,6.20617647058824,4.19006849315069,4.59166666666667,5.29724770642202,5.84720149253731,56
"57",2006,2,5.78333333333333,30,6.69444444444444,4.41666666666667,5,5.53571428571429,6,18,12,2,14,16,1002,698,304,38,450,552,5.60598802395209,6.21876790830945,4.19901315789474,4.61315789473684,5.30466666666667,5.85163043478261,57
"58",2006,3,5.80882352941176,34,6.18,4.77777777777778,NA,5.03846153846154,6.28571428571429,25,9,0,13,21,1036,723,313,38,463,573,5.61264478764479,6.21742738589212,4.21565495207668,4.61315789473684,5.29719222462203,5.86753926701571,58
"59",2006,4,5.65853658536585,41,6.12068965517241,4.54166666666667,3.5,5.5,5.73214285714286,29,12,1,13,28,1077,752,325,39,476,601,5.61439182915506,6.21369680851064,4.22769230769231,4.58461538461539,5.30273109243697,5.861231281198,59
"60",2006,5,5.51612903225806,31,6.4,4.6875,5.5,5,5.88888888888889,15,16,2,13,18,1108,767,341,41,489,619,5.61164259927798,6.21734028683181,4.24926686217009,4.62926829268293,5.29468302658487,5.86203554119548,60
"61",2006,6,5.45588235294118,34,5.93478260869565,4.45454545454545,NA,5.14285714285714,5.675,23,11,0,14,20,1142,790,352,41,503,639,5.60700525394045,6.20911392405063,4.25568181818182,4.62926829268293,5.29045725646123,5.85618153364632,61
"62",2006,7,5.775,32,6.24736842105263,5.08461538461538,6,5.27,6.00454545454545,19,13,2,10,22,1174,809,365,43,513,661,5.61158432708688,6.21001236093943,4.28520547945206,4.69302325581395,5.29005847953216,5.86111951588502,62
"63",2006,8,4.98387096774194,31,5.75,3.11111111111111,6,4.4,5.26190476190476,22,9,1,10,21,1205,831,374,44,523,682,5.5954356846473,6.19783393501805,4.25695187165776,4.72272727272727,5.27304015296367,5.84266862170088,63
"64",2006,9,5.3906976744186,43,6.11,3.73076923076923,3.5,4.825,5.88260869565217,30,13,2,20,23,1248,861,387,46,543,705,5.58838141025641,6.19477351916376,4.23927648578811,4.66956521739131,5.25653775322284,5.84397163120567,64
"65",2006,10,5.59090909090909,22,5.96428571428571,4.9375,3,4.5,6,14,8,3,6,16,1270,875,395,49,549,721,5.58842519685039,6.19108571428571,4.25341772151899,4.56734693877551,5.24826958105646,5.84743411927878,65
"66",2006,11,5.4037037037037,27,5.73478260869565,3.5,NA,4.8125,5.65263157894737,23,4,0,8,19,1297,898,399,49,557,740,5.58457979953739,6.1793986636971,4.24586466165414,4.56734693877551,5.24201077199282,5.84243243243243,66
"67",2006,12,6.22761194029851,67,6.578125,5.34210526315789,4.91666666666667,5.58823529411765,6.445,48,19,6,17,50,1364,946,418,55,574,790,5.61616568914956,6.19963002114165,4.29569377990431,4.60545454545455,5.25226480836237,5.88056962025316,67
"68",2007,1,5.77597402597403,77,6.07053571428571,4.99047619047619,6.33333333333333,5.36666666666667,5.92946428571429,56,21,3,21,56,1441,1002,439,58,595,846,5.62470506592644,6.19241516966068,4.32892938496583,4.6948275862069,5.2563025210084,5.8838061465721,68
"69",2007,2,5.46216216216216,37,6.275,3.96153846153846,3,4.53846153846154,5.9625,24,13,1,13,24,1478,1026,452,59,608,870,5.62063599458728,6.1943469785575,4.31836283185841,4.66610169491526,5.24095394736842,5.88597701149425,69
"70",2007,3,5.85445192307692,52,6.12974358974359,5.02857692307692,5.3,5.64583333333333,6.03326785714286,39,13,3,24,28,1530,1065,465,62,632,898,5.62858267973856,6.19198122065728,4.33821827956989,4.69677419354839,5.25632911392405,5.89056959910913,70
"71",2007,4,5.92982456140351,57,6.4975,4.59411764705882,3,5.51428571428571,6.33103448275862,40,17,2,28,29,1587,1105,482,64,660,927,5.63940233144297,6.2030407239819,4.34724377593361,4.64375,5.26727272727273,5.90434897518878,71
"72",2007,5,5.88333333333333,36,6.65217391304348,4.52307692307692,5,5.31578947368421,6.51764705882353,23,13,2,19,17,1623,1128,495,66,679,944,5.64481300061614,6.21219858156028,4.35186161616162,4.65454545454546,5.26863033873343,5.91539353813559,72
"73",2007,6,6.11538461538461,39,6.9,4.71428571428571,2.5,4.84615384615385,6.75,25,14,2,13,26,1662,1153,509,68,692,970,5.65585529482551,6.22711188204683,4.3618300589391,4.59117647058824,5.2606936416185,5.93776443298969,73
"74",2007,7,5.71276595744681,47,6.16176470588235,4.53846153846154,4.2,5.14285714285714,5.95454545454545,34,13,5,14,33,1709,1187,522,73,706,1003,5.65742042129901,6.2252401010952,4.36622892720307,4.56438356164384,5.25835694050991,5.93831655034895,74
"75",2007,8,5.94772727272727,44,6.67931034482759,4.53333333333333,5,5.46153846153846,6.15161290322581,29,15,1,13,31,1753,1216,537,74,719,1034,5.66470707358814,6.23606907894737,4.37089664804469,4.57027027027027,5.26203059805285,5.94471131528046,75
"76",2007,9,5.91904761904762,42,6.30357142857143,5.15,6,5.6,6.20909090909091,28,14,1,20,22,1795,1244,551,75,739,1056,5.6706582172702,6.2375884244373,4.39069237749546,4.58933333333333,5.27117726657645,5.95021922348485,76
"77",2007,10,5.86557692307692,52,6.36111111111111,4.750625,5.5,5.75055555555556,5.92647058823529,36,16,1,18,34,1847,1280,567,76,757,1090,5.6761459122902,6.2410625,4.40084920634921,4.60131578947369,5.28257595772787,5.94947844036697,77
"78",2007,11,5.90877192982456,57,6.6,4.52631578947368,4,5.9,5.91428571428571,38,19,5,22,35,1904,1318,586,81,779,1125,5.68311003151261,6.25141122913505,4.40491723549488,4.5641975308642,5.30001283697047,5.94838355555556,78
"79",2007,12,5.65161290322581,93,6.26451612903226,4.4258064516129,4.2,5.26279069767442,5.986,62,31,5,43,50,1997,1380,617,86,822,1175,5.68164321482223,6.252,4.40596677471637,4.54302325581395,5.29806569343066,5.94998425531915,79
"80",2008,1,5.7710843373494,83,6.33898305084746,4.375,4.75,5.25,6.13265306122449,59,24,4,34,49,2080,1439,641,90,856,1224,5.68521225961539,6.25556636553162,4.40480733229329,4.55222222222222,5.29615654205607,5.95729697712418,80
"81",2008,2,6.01964285714286,56,6.8,4.5,4.5,5.28333333333333,6.571875,37,19,4,24,32,2136,1476,660,94,880,1256,5.69398010299626,6.26921409214092,4.40754772727273,4.55,5.29580681818182,5.97295501592357,81
"82",2008,3,5.86101694915254,59,6.28048780487805,4.90555555555556,8,5.28571428571429,6.17894736842105,41,18,1,21,38,2195,1517,678,95,901,1294,5.69846993166287,6.26951878707976,4.4207691740413,4.58631578947368,5.29557158712542,5.9790042503864,82
"83",2008,4,5.47564102564103,39,6.03846153846154,4.35,5.125,5.17083333333333,5.61111111111111,26,13,2,12,27,2234,1543,691,97,913,1321,5.69457990152193,6.26562540505509,4.41943777134588,4.59742268041237,5.29393209200438,5.97148485995458,83
"84",2008,5,5.8469387755102,49,6.27142857142857,4.78571428571429,5,5.67857142857143,5.91428571428571,35,14,3,14,35,2283,1578,705,100,927,1356,5.69784997809899,6.26575411913815,4.42671134751773,4.6095,5.29974110032362,5.97000848082596,84
"85",2008,6,5.73207547169811,53,6.23714285714286,4.75,2.33333333333333,5.4,5.96774193548387,35,18,3,22,31,2336,1613,723,103,949,1387,5.69862649828767,6.26513329200248,4.43476002766252,4.54320388349515,5.30206533192835,5.96995782263879,85
"86",2008,7,5.52177419354839,62,6.20128205128205,4.3695652173913,4.25,4.902,5.94054054054054,39,23,14,25,37,2398,1652,746,117,974,1424,5.69405400333611,6.26362590799031,4.43275,4.50811965811966,5.29179671457906,5.96919346910112,86
"87",2008,8,5.1551724137931,58,5.8375,3.63888888888889,3.1875,4.47916666666667,5.63235294117647,40,18,8,24,34,2456,1692,764,125,998,1458,5.6813279723127,6.25355200945626,4.41404646596859,4.4236,5.27225450901804,5.96133847736625,87
"88",2008,9,5.56052631578947,57,6.05975609756098,4.28125,4.2,4.52380952380952,6.16527777777778,41,16,10,21,36,2513,1733,780,135,1019,1494,5.67858794269797,6.24896710905943,4.41132243589744,4.40703703703704,5.25683022571148,5.96625267737617,88
"89",2008,10,5.51739130434783,46,6.103125,4.17857142857143,4,5.15625,5.71,32,14,7,16,30,2559,1765,794,142,1035,1524,5.67569030871434,6.24632294617564,4.40721851385391,4.38697183098592,5.25527536231884,5.96120833333333,89
"90",2008,11,5.94237288135593,59,6.17857142857143,5.35882352941176,5.25,5.01764705882353,6.31666666666667,42,17,4,17,42,2618,1807,811,146,1052,1566,5.68170034377387,6.24474820143885,4.42716584463625,4.41061643835616,5.25143536121673,5.97074169859515,90
"91",2008,12,5.90769230769231,65,6.26136363636364,5.16666666666667,5.16666666666667,5.125,6.25555555555556,44,21,6,20,45,2683,1851,832,152,1072,1611,5.68717536339918,6.24514316585629,4.44583112980769,4.44046052631579,5.24907649253731,5.97869739292365,91
"92",2009,1,5.95641025641026,78,6.49310344827586,4.4,4.71428571428571,5.42307692307692,6.22307692307692,58,20,7,26,52,2761,1909,852,159,1098,1663,5.69478141977544,6.25267679413305,4.44475528169014,4.45251572327044,5.25319672131148,5.98633884546001,92
"93",2009,2,5.7725,60,6.54305555555556,4.61666666666667,3.6625,5.76764705882353,5.77441860465116,36,24,8,17,43,2821,1945,876,167,1115,1706,5.69643442041829,6.25805141388175,4.4494651826484,4.41467065868263,5.26104035874439,5.98099736225088,93
"94",2009,3,5.9948275862069,58,7,4.75769230769231,4.7,5.16190476190476,6.46756756756757,32,26,7,21,37,2879,1977,902,174,1136,1743,5.70244581451893,6.27006069802731,4.45834977827051,4.42614942528736,5.25920774647887,5.99132616179002,94
"95",2009,4,6.1047619047619,63,6.7875,5.4,5.35714285714286,5.65833333333333,6.20980392156863,32,31,7,12,51,2942,2009,933,181,1148,1794,5.71106101291638,6.27830263812842,4.48963719185423,4.4621546961326,5.26337979094077,5.99753706800446,95
"96",2009,5,5.79237288135593,59,6.40384615384615,4.6,4.64285714285714,5.02941176470588,6.10119047619048,39,20,7,17,42,3001,2048,953,188,1165,1836,5.71265961346218,6.280693359375,4.49195330535152,4.4688829787234,5.25996566523605,5.99990822440087,96
"97",2009,6,5.65,60,6.5025641025641,4.06666666666667,3.6,5.14285714285714,5.80434782608696,39,21,5,14,46,3061,2087,974,193,1179,1882,5.71143139496896,6.28483948251078,4.48278388090349,4.44637305699482,5.25857506361323,5.99512832093517,97
"98",2009,7,5.82463768115942,69,6.37555555555556,4.79166666666667,4.55555555555556,5.83333333333333,5.82156862745098,45,24,9,18,51,3130,2132,998,202,1197,1933,5.71392699680511,6.28675422138837,4.4902119238477,4.45123762376238,5.26721804511278,5.99054914640455,98
"99",2009,8,5.8801724137931,58,6.2109375,5.47307692307692,6.08888888888889,5.36666666666667,6.0593023255814,32,26,9,15,43,3188,2164,1024,211,1212,1976,5.7169515370138,6.28563308687615,4.51516748046875,4.52109004739336,5.26844884488449,5.99204529352227,99
"100",2009,9,5.58285714285714,70,6.46590909090909,4.08846153846154,3.75,5.04545454545455,5.82916666666667,44,26,4,22,48,3258,2208,1050,215,1234,2024,5.71407044198895,6.28922554347826,4.50460142857143,4.50674418604651,5.26447325769854,5.98818255928854,100
"101",2009,10,5.82238805970149,67,6.50232558139535,4.60416666666667,3.94444444444444,4.8,6.25744680851064,43,24,9,20,47,3325,2251,1074,224,1254,2071,5.71625308270677,6.29329631274989,4.50682635009311,4.48415178571428,5.2570653907496,5.99429333655239,101
"102",2009,11,5.9741935483871,62,6.29871794871795,5.42391304347826,6.275,5.77884615384615,6.11527777777778,39,23,10,26,36,3387,2290,1097,234,1280,2107,5.72097475642161,6.29338864628821,4.52605423883318,4.56068376068376,5.2676640625,5.99636046511628,102
"103",2009,12,5.53795180722892,83,6,4.87205882352941,4.94117647058824,5.3953125,5.62745098039216,49,34,17,32,51,3470,2339,1131,251,1312,2158,5.7165969740634,6.28724241128687,4.5364557913351,4.58645418326693,5.27077743902439,5.98764202965709,103
"104",2010,1,5.81176470588235,102,6.18358208955224,5.1,5.28125,5.17058823529412,6.13235294117647,67,35,16,34,68,3572,2406,1166,267,1346,2226,5.71931452967525,6.28435577722361,4.5533717838765,4.62808988764045,5.26824665676077,5.99206266846361,104
"105",2010,2,5.91666666666667,54,6.51470588235294,4.9,5.25,5.33333333333333,6.20833333333333,34,20,2,18,36,3626,2440,1186,269,1364,2262,5.72225358521787,6.28756557377049,4.55921711635751,4.63271375464684,5.26910557184751,5.99550464190981,105
"106",2010,3,5.44615384615385,52,5.92592592592593,4.928,5.16666666666667,4.33846153846154,5.81538461538462,27,25,3,13,39,3678,2467,1211,272,1377,2301,5.71835005437738,6.28360762059181,4.56683030553262,4.63860294117647,5.2603195352215,5.9924517601043,106
"107",2010,4,5.85,66,6.30232558139535,5.00434782608696,5.05555555555556,5.11904761904762,6.19111111111111,43,23,9,21,45,3744,2510,1234,281,1398,2346,5.72067080662393,6.28392828685259,4.57498500810373,4.65195729537366,5.2581974248927,5.99626236146632,107
"108",2010,5,5.76071428571429,56,6.21764705882353,5.05454545454545,5.85714285714286,5.40526315789474,5.94324324324324,34,22,7,19,37,3800,2544,1256,288,1417,2383,5.72126092105263,6.28304245283019,4.5833849522293,4.68125,5.26016937191249,5.99543915232899,108
"109",2010,6,5.475,48,6.02424242424242,4.26666666666667,4.66666666666667,5.01176470588235,5.72903225806452,33,15,6,17,31,3848,2577,1271,294,1434,2414,5.71818905925156,6.27972836631742,4.57964712824548,4.68095238095238,5.25722454672245,5.99201801988401,109
"110",2010,7,5.76190476190476,63,6.28571428571429,4.71428571428571,4.57142857142857,5,6.11627906976744,42,21,7,20,43,3911,2619,1292,301,1454,2457,5.71889324980823,6.27982436044291,4.58183552631579,4.67840531561462,5.2536863823934,5.99419271469271,110
"111",2010,8,5.1702380952381,42,6.466,3.26470588235294,4.5,4.67916666666667,5.36666666666667,25,17,2,12,30,3953,2644,1309,303,1466,2487,5.71306387553757,6.28158472012103,4.56472994652407,4.67722772277228,5.24898362892224,5.98662303980699,111
"112",2010,9,5.44791666666667,48,5.91071428571429,4.8,5.75,5.20588235294118,5.58064516129032,28,20,4,17,31,4001,2672,1329,307,1483,2518,5.70988290427393,6.27769835329341,4.56827050413845,4.69120521172638,5.24848954821308,5.98162490071485,112
"113",2010,10,5.72854796296296,54,6.33939393939394,4.76864714285714,4.12684333333333,4.67647058823529,6.21193486486486,33,21,9,17,37,4055,2705,1350,316,1500,2555,5.7101314648582,6.27845101663586,4.57138747407408,4.67513161392405,5.24200666666667,5.98496011350293,113
"114",2010,11,5.77543859649123,57,5.95588235294118,5.50869565217391,5.18888888888889,5.37222222222222,5.96153846153846,34,23,9,18,39,4112,2739,1373,325,1518,2594,5.71103674367704,6.27444687842278,4.58708892206846,4.68935873846154,5.24355072463768,5.98460797609869,114
"115",2010,12,5.52881355932203,59,6.1125,4.3,4.83333333333333,4.65625,5.85348837209302,40,19,3,16,43,4171,2779,1392,328,1534,2637,5.70845914409015,6.27211586901763,4.58317032327586,4.69067557926829,5.23742503259452,5.98246988623436,115
"116",2011,1,5.83369565217391,92,6.17941176470588,4.85416666666667,4.75,5.28571428571429,6.0734375,68,24,8,28,64,4263,2847,1416,336,1562,2701,5.71116187895848,6.26990165086055,4.58776348163842,4.69208806547619,5.23829065300896,5.98462535727508,116
"117",2011,2,5.75205479452055,73,6.3,4.63333333333333,4.21428571428571,5.46,5.8622641509434,49,24,7,20,53,4336,2896,1440,343,1582,2754,5.71185034363469,6.27041091160221,4.58852297916667,4.68233699708455,5.24109355246523,5.98227054829339,117
"118",2011,3,5.38157894736842,76,6.35106382978723,3.81034482758621,4,4.97727272727273,5.5462962962963,47,29,12,22,54,4412,2943,1469,355,1604,2808,5.70616117180417,6.27169894665307,4.57316071477195,4.65927208450704,5.23747506234414,5.97388642806268,118
"119",2011,4,5.82678571428571,56,6.50857142857143,4.69047619047619,6,5.34375,6.02,35,21,3,16,40,4468,2978,1490,358,1620,2848,5.70767302820054,6.27448287441236,4.57481415436242,4.67050723463687,5.23852469135802,5.97453409058989,119
"120",2011,5,5.02142857142857,56,6.05588235294118,3.42272727272727,3,3.46666666666667,5.59024390243902,34,22,3,15,41,4524,3012,1512,361,1635,2889,5.69917840185676,6.27201527224435,4.55805098544974,4.65662490304709,5.22226911314984,5.96908033575632,120
"121",2011,6,5.5442,50,6.14472222222222,4,NA,5.63333333333333,5.51605263157895,36,14,0,12,38,4574,3048,1526,361,1647,2927,5.69748427853083,6.27051181102362,4.55293125163827,4.65662490304709,5.22526411657559,5.9631988691493,121
"122",2011,7,5.90350877192982,57,6.58974358974359,4.41666666666667,4.78571428571429,5.72222222222222,5.98717948717949,39,18,7,18,39,4631,3087,1544,368,1665,2966,5.70002010148996,6.27454486556527,4.55134267487047,4.65908040760869,5.23063663663663,5.9635141908294,122
"123",2011,8,5.81311475409836,61,6.30243902439024,4.81,5,5.08235294117647,6.09545454545455,41,20,2,17,44,4692,3128,1564,370,1682,3010,5.70149042838875,6.2749104859335,4.55465031329923,4.66092321621622,5.22913793103448,5.96544288704319,123
"124",2011,9,5.80703125,64,6.35232558139535,4.69047619047619,5,4.8825,6.22727272727273,43,21,6,20,44,4756,3171,1585,376,1702,3054,5.70291065811606,6.27596026490066,4.55644989905363,4.66633401595745,5.22506462984724,5.96921515717092,124
"125",2011,10,5.38196721311475,61,6.17096774193548,4.56666666666667,4.15,4.27272727272727,5.626,31,30,10,11,50,4817,3202,1615,386,1713,3104,5.69884639609716,6.27494378513429,4.55663968421053,4.65295748704663,5.21894921190893,5.9636865625,125
"126",2011,11,5.5027397260274,73,5.858,4.7304347826087,4.4375,5.13888888888889,5.62181818181818,50,23,8,18,55,4890,3252,1638,394,1731,3159,5.69591883231084,6.2685332103321,4.55908003052503,4.64858271573604,5.2181166955517,5.95773443811333,126
"127",2011,12,5.54426229508197,61,5.75,5.15238095238095,4.91666666666667,5.11666666666667,5.76875,40,21,6,21,40,4951,3292,1659,400,1752,3199,5.69405031104827,6.26223268529769,4.56659016877637,4.652603975,5.21690068493151,5.95537139418568,127
"128",2012,1,5.80172413793103,58,6.5,4.36842105263158,5.125,6.375,5.65217391304348,39,19,8,12,46,5009,3331,1678,408,1764,3245,5.69529708325015,6.26501651155809,4.56434629916567,4.66186664215686,5.22477891156462,5.95107337134052,128
"129",2012,2,5.94925373134328,67,6.34090909090909,5.2,3.66666666666667,5,6.22307692307692,44,23,6,15,52,5076,3375,1701,414,1779,3297,5.69864915090623,6.26600592592593,4.57294126396238,4.64744345410628,5.22288364249578,5.95536338792842,129
"130",2012,3,5.42698412698413,63,6.01538461538462,4.47083333333333,3.5,4.33333333333333,5.6843137254902,39,24,7,12,51,5139,3414,1725,421,1791,3348,5.69531875656743,6.26314294083187,4.57152063188406,4.62836482185273,5.21692350642099,5.95123449522103,130
"131",2012,4,6.10701754385965,57,6.71428571428571,5.14090909090909,6.275,6.11,6.1063829787234,35,22,4,10,47,5196,3449,1747,425,1801,3395,5.69983508275597,6.2677210785735,4.57869095020034,4.64386256470588,5.22188228761799,5.95338235346097,131
"132",2012,5,5.86189873417722,79,6.55436363636364,4.275,4.1,4.64285714285714,6.12446153846154,55,24,10,14,65,5275,3504,1771,435,1815,3460,5.7022621971564,6.2722203196347,4.57457543195935,4.63135997701149,5.21741597796143,5.95659626878613,132
"133",2012,6,6.20408163265306,49,6.75,5.17647058823529,1,4.77272727272727,6.61842105263158,32,17,1,11,38,5324,3536,1788,436,1826,3498,5.70688074567994,6.27654411764706,4.58029814876958,4.62303116972477,5.21473713033954,5.96378590337336,133
"134",2012,7,5.71368421052632,57,6.20375,4.56058823529412,4.47142857142857,5.475,5.75265306122449,40,17,7,8,49,5381,3576,1805,443,1834,3547,5.70695281360342,6.27572986577181,4.58011251523546,4.62063564334086,5.21587241003271,5.96086921060051,134
"135",2012,8,5.97586206896552,58,6.22727272727273,5.18571428571429,4.33333333333333,5.45833333333333,6.11086956521739,44,14,3,12,46,5439,3620,1819,446,1846,3593,5.70982038793896,6.2751408839779,4.58477355140187,4.61870311659193,5.21744853737811,5.96278961591984,135
"136",2012,9,5.56086956521739,46,6.41290322580645,3.8,4.14285714285714,3.25,6.04736842105263,31,15,7,8,38,5485,3651,1834,453,1854,3631,5.7085712105743,6.27631059983566,4.57835501090513,4.61135008830022,5.20895900755124,5.9636747700358,136
"137",2012,10,5.57884615384615,52,5.81176470588235,5.13888888888889,4.58333333333333,4.54166666666667,5.89,34,18,6,12,40,5537,3685,1852,459,1866,3671,5.70735291493589,6.27202442333786,4.58380296436285,4.61098385620915,5.20466773847803,5.96287199400708,137
"138",2012,11,5.85810810810811,74,6.22115384615385,5,5.33333333333333,5.75,5.88333333333333,52,22,6,14,60,5611,3737,1874,465,1880,3731,5.70934113170558,6.27131656408884,4.58868894877268,4.62030449462365,5.20872872340425,5.96159289466631,138
"139",2012,12,5.406625,80,6.12021739130435,4.44117647058824,4.875,4.09090909090909,5.6163768115942,46,34,8,11,69,5691,3783,1908,473,1891,3800,5.70508576524337,6.26947924927306,4.5860603197065,4.6246122410148,5.20222633527234,5.95532449736842,139
"140",2013,1,5.9777397260274,146,6.19952380952381,5.40975609756098,5.29166666666667,5.55555555555556,6.037109375,105,41,12,18,128,5837,3888,1949,485,1909,3928,5.71190561761179,6.26759002057613,4.6033879374038,4.64111668041237,5.20555788370875,5.95798958503055,140
"141",2013,2,5.9961038961039,77,6.34,5.13636363636364,5.66666666666667,4.58333333333333,6.4271186440678,55,22,6,18,59,5914,3943,1971,491,1927,3987,5.71560586574231,6.2686000507228,4.60933693049214,4.65364885947047,5.19974571873378,5.96493180085277,141
"142",2013,3,5.97763157894737,76,6.35357142857143,4.925,3.33333333333333,4.73684210526316,6.39122807017544,56,20,6,19,57,5990,3999,1991,497,1946,4044,5.71893039899833,6.26978994748687,4.61250783023606,4.63770943661972,5.19522610483042,5.97094042779426,142
"143",2013,4,5.73,90,6.07538461538462,4.832,4.71538461538462,4.96428571428571,5.87105263157895,65,25,13,14,76,6080,4064,2016,510,1960,4120,5.71909425822368,6.26668061023622,4.61522970734127,4.63968939215686,5.19357653061224,5.96909783737864,143
"144",2013,5,5.73157894736842,76,6.38936170212766,4.66551724137931,3.83333333333333,5.03571428571429,5.88870967741935,47,29,9,14,62,6156,4111,2045,519,1974,4182,5.71924839018843,6.26808319143761,4.61594283129584,4.62570633911368,5.1924569402229,5.96790604734577,144
"145",2013,6,5.99146341463415,82,6.4,4.87727272727273,4.8,6.09375,5.96666666666667,60,22,5,16,66,6238,4171,2067,524,1990,4248,5.72282672170568,6.26998081994726,4.61872428156749,4.62736944656488,5.19970351758794,5.96788679143126,145
"146",2013,7,5.34930555555556,72,6.02708333333333,3.99375,4.31071428571429,4.053125,5.71964285714286,48,24,14,16,56,6310,4219,2091,538,2006,4304,5.71856467353407,6.26721735008296,4.61155097560976,4.61912934944238,5.19055832502492,5.9646568517658,146
"147",2013,8,5.7234693877551,98,6.47692307692308,4.23939393939394,5.05,4.95454545454545,5.82068965517241,65,33,8,11,87,6408,4284,2124,546,2017,4391,5.71863968320849,6.27039915966387,4.6057688747646,4.62544247252747,5.18927119484383,5.96180439307675,147
"148",2013,9,5.33197674418605,86,5.86,4.39516129032258,4.32142857142857,5,5.43923076923077,55,31,7,21,65,6494,4339,2155,553,2038,4456,5.71351910840776,6.26519705001152,4.60273925290023,4.62159419529837,5.18732090284593,5.95418157315978,148
"149",2013,10,5.80595238095238,84,6.25510204081633,5.17714285714286,4.71875,5.81176470588235,5.8044776119403,49,35,16,17,67,6578,4388,2190,569,2055,4523,5.71469946640316,6.26508432087511,4.61191921917808,4.62432616871705,5.19248661800486,5.95196398187044,149
"150",2013,11,5.77551020408163,98,6.16176470588235,4.9,4.35,4.61538461538461,5.95294117647059,68,30,10,13,85,6676,4456,2220,579,2068,4608,5.71559213451168,6.26350763016158,4.6158122027027,4.61958823834197,5.18885880077369,5.95198200737847,150
"151",2013,12,5.85064601769912,113,6.33076829268293,4.58064516129032,3.61111111111111,5.07391304347826,6.04914444444444,82,31,9,23,90,6789,4538,2251,588,2091,4698,5.71784004860804,6.2647230057294,4.61532789426921,4.60415236394558,5.18759445241511,5.95384335674755,151
"152",2014,1,6.02444444444444,135,6.19722222222222,5.33333333333333,5.91666666666667,5.13157894736842,6.17068965517241,108,27,6,19,116,6924,4646,2278,594,2110,4814,5.7238180372617,6.26315389582436,4.62383805531168,4.61741008417508,5.18709004739336,5.95906856875779,152
"153",2014,2,5.84949494949495,99,6.1875,4.42631578947368,3.51666666666667,5.73529411764706,5.87317073170732,80,19,6,17,82,7023,4726,2297,600,2127,4896,5.72558964687456,6.26187325433771,4.62220421854593,4.60640265,5.19147155618241,5.95762992034313,153
"154",2014,3,5.66024096385542,83,5.98360655737705,4.76363636363636,4.12,5.425,5.7,61,22,5,12,71,7106,4787,2319,605,2139,4967,5.72482635660006,6.25832734489242,4.62354596377749,4.60238279338843,5.19278167367929,5.95394726998188,154
"155",2014,4,5.75777777777778,90,6.32222222222222,4.91111111111111,5.225,4.63333333333333,5.98266666666667,54,36,12,15,75,7196,4841,2355,617,2154,5042,5.72523847832129,6.2590400743648,4.6279418641189,4.61449204213938,5.18888579387187,5.95437447243157,155
"156",2014,5,5.82906976744186,86,6.07910447761194,4.94736842105263,5.28571428571429,5.05882352941176,6.01884057971014,67,19,7,17,69,7282,4908,2374,624,2171,5111,5.72646471985718,6.2565837408313,4.63049835299073,4.62202177884615,5.1878673422386,5.95524478379965,156
"157",2014,6,6.27195121951219,82,6.635,5.28181818181818,5.14285714285714,5.44444444444444,6.37397260273973,60,22,7,9,73,7364,4968,2396,631,2180,5184,5.73253884980989,6.26115398550725,4.63647875208681,4.62779966719493,5.18892660550459,5.96114122106481,157
"158",2014,7,5.64811320754717,106,5.86666666666667,5.36304347826087,5.8,5.08333333333333,5.76363636363636,60,46,15,18,88,7470,5028,2442,646,2198,5272,5.73134084203481,6.25644649960223,4.65016506552007,4.65501794117647,5.1880618744313,5.95784447837633,158
"159",2014,8,5.57063063063063,111,6.11390243902439,4.03448275862069,4.25,5.24285714285714,5.64711111111111,82,29,8,21,90,7581,5110,2471,654,2219,5362,5.7289877443609,6.25415909980431,4.64293933225415,4.65006359327217,5.18858044164038,5.95262888660947,159
"160",2014,9,5.74078947368421,76,6.33921568627451,4.52,3.25,4.7,5.99672131147541,51,25,4,15,61,7657,5161,2496,658,2234,5423,5.72910488311349,6.2549996124782,4.64170796875,4.64155256838905,5.18529991047448,5.95312485524617,160
"161",2014,10,5.45151515151515,99,5.82,4.74705882352941,5.54444444444444,5.05625,5.52771084337349,65,34,9,16,83,7756,5226,2530,667,2250,5506,5.72556164130995,6.24958916953693,4.64312375098814,4.65373551724138,5.18438222222222,5.94671196694515,161
"162",2014,11,5.60622222222222,90,6.22758620689655,4.48,4.59333333333333,5.09818181818182,5.77058823529412,58,32,15,22,68,7846,5284,2562,682,2272,5574,5.72419272113179,6.24934765329296,4.64108629586261,4.65240702346041,5.18354753521127,5.94456334589164,162
"163",2014,12,5.64807692307692,104,5.9253164556962,4.772,3.5,4.71875,5.81704545454545,79,25,6,16,88,7950,5363,2587,688,2288,5662,5.72319699245283,6.24457449188887,4.64235140703518,4.6423569622093,5.1802972027972,5.94258143588838,163
"164",2015,1,5.88805031446541,159,6.45,4.82545454545455,5.35238095238095,5.57142857142857,5.93623188405797,104,55,21,21,138,8109,5467,2642,709,2309,5800,5.72642941053151,6.24848234863728,4.64616316805451,4.6633872919605,5.18385448245994,5.94243036034482,164
"165",2015,2,5.743125,96,6.11846153846154,4.95612903225806,4.91666666666667,5.88461538461539,5.72096385542169,65,31,12,13,83,8205,5532,2673,721,2322,5883,5.7266247519805,6.24695462762111,4.6497579835391,4.66760276005548,5.18777777777778,5.93930581166071,165
"166",2015,3,5.62761904761905,105,5.93333333333333,5.04166666666667,5.15384615384615,5.66666666666667,5.61785714285714,69,36,13,21,84,8310,5601,2709,734,2343,5967,5.72537377737665,6.24309105516872,4.65496607235142,4.67621470027248,5.19206999573197,5.93478064186358,166
"167",2015,4,5.69625,120,6.00535714285714,4.975,4.77777777777778,4.79047619047619,5.88838383838384,84,36,9,21,99,8430,5685,2745,743,2364,6066,5.72495920403322,6.23957836411609,4.65916323861567,4.67744493943472,5.18850253807106,5.93402342400263,167
"168",2015,5,5.54085365853659,82,5.78636363636364,5.04074074074074,5,4.97368421052632,5.71190476190476,55,27,11,19,63,8512,5740,2772,754,2383,6129,5.72318563087406,6.23523571428571,4.66287990259741,4.68215064986737,5.18678976080571,5.93174026594876,168
"169",2015,6,5.84883720930233,86,6.49666666666667,4.35384615384615,5.07142857142857,5.775,5.86081081081081,60,26,7,12,74,8598,5800,2798,761,2395,6203,5.72444243893929,6.23794017241379,4.66000825232309,4.68573139290407,5.1897369519833,5.93089409801708,169
"170",2015,7,5.50869565217391,92,6.08620689655172,4.52352941176471,5.1,4.84615384615385,5.61772151898734,58,34,10,13,79,8690,5858,2832,771,2408,6282,5.72215835327963,6.23643786275179,4.65836973516949,4.69110452658884,5.18788205980066,5.92695576090417,170
"171",2015,8,5.49744525547445,137,6.05714285714286,4.61037735849057,4.13125,4.23684210526316,5.70042372881356,84,53,16,19,118,8827,5942,2885,787,2427,6400,5.71867067973264,6.23390323123528,4.6574880727903,4.67972247776366,5.18043675319324,5.9227790765625,171
"172",2015,9,5.23260869565217,115,5.74722222222222,4.37093023255814,5.17647058823529,4.08666666666667,5.4045,72,43,17,15,100,8942,6014,2928,804,2442,6500,5.71241960299709,6.2280766544729,4.65327974385246,4.69022585820895,5.17371826371826,5.91480555230769,172
"173",2015,10,5.48674698795181,83,5.73846153846154,5.06451612903226,5.57142857142857,4.85294117647059,5.65,52,31,7,17,66,9025,6066,2959,811,2459,6566,5.71034416509695,6.2238794922519,4.6575880669145,4.69783180024661,5.17150061000407,5.91214378464818,173
"174",2015,11,5.59469696969697,132,6.11785714285714,4.67916666666667,4.41875,5.21578947368421,5.65840707964602,84,48,16,19,113,9157,6150,3007,827,2478,6679,5.70867708747406,6.22243138211382,4.65793252078484,4.69243239419588,5.1718401937046,5.90785088935469,174
"175",2015,12,5.53820895522388,134,6.14310344827586,4.41851063829787,4.97692307692308,4.58862068965517,5.80047619047619,87,47,13,29,105,9291,6237,3054,840,2507,6784,5.7062185006996,6.22132483565817,4.6542479011133,4.69683522619047,5.1650937375349,5.90618898732311,175
"176",2016,1,5.58934523809524,168,5.77127118644068,5.16,5.5,4.78333333333333,5.68606666666667,118,50,10,18,150,9459,6355,3104,850,2525,6934,5.70414273073264,6.21296821400472,4.6623946810567,4.70628422352941,5.16237227722772,5.9014271834439,176
"177",2016,2,5.5527027027027,111,6.04,4.29516129032258,4.83333333333333,4.85681818181818,5.7247191011236,80,31,6,22,89,9570,6435,3135,856,2547,7023,5.70238621630094,6.21081787101787,4.65876334609251,4.70717475467289,5.15973301923832,5.89918782429161,177
"178",2016,3,5.79244186046512,86,6.52115384615385,4.67794117647059,4.125,5.52222222222222,5.82402597402597,52,34,8,9,77,9656,6487,3169,864,2556,7100,5.70318828603977,6.21330553414521,4.65896910381824,4.70178424768518,5.16100938967136,5.89837268873239,178
"179",2016,4,5.57458333333333,120,6.17463768115942,4.76274509803922,4.66153846153846,5.90384615384615,5.53457943925234,69,51,13,13,107,9776,6556,3220,877,2569,7207,5.70160966550737,6.2128985661989,4.66061276086957,4.70118767388825,5.16476839237057,5.89297156792007,179
"180",2016,5,5.80368852459016,122,6.55617283950617,4.31707317073171,4.5,5.45652173913043,5.88434343434343,81,41,14,23,99,9898,6637,3261,891,2592,7306,5.70286786118408,6.21708799156245,4.65629349586017,4.69802647586981,5.16735725308642,5.89285465234054,180
"181",2016,6,5.81217391304348,115,6.28831168831169,4.84736842105263,5.06666666666667,5.8375,5.80808080808081,77,38,12,16,99,10013,6714,3299,903,2608,7405,5.70412324877659,6.21790482573727,4.65849441952107,4.70292534883721,5.17146855828221,5.89172128156651,181
"182",2016,7,5.4247619047619,105,5.97397260273973,4.171875,4.22222222222222,4.83333333333333,5.54712643678161,73,32,9,18,87,10118,6787,3331,912,2626,7492,5.70122416386638,6.21528112568145,4.65381960072051,4.69818156798245,5.16915079969535,5.88771971302723,182
"183",2016,8,5.8068,125,6.2375,4.60606060606061,4.66666666666667,5.94117647058824,5.78564814814815,92,33,9,17,108,10243,6879,3364,921,2643,7600,5.70251255393928,6.215578281727,4.65335109690844,4.69787360477741,5.17411653424139,5.88626922236842,183
"184",2016,9,5.67738095238095,84,6.215,4.33333333333333,4.66666666666667,5.82142857142857,5.64857142857143,60,24,3,14,70,10327,6939,3388,924,2657,7670,5.70230813304929,6.21557328145266,4.65108414698938,4.69777228354978,5.17752728641325,5.88409988135593,184
"185",2016,10,5.60576923076923,130,6.35759493670886,4.44117647058824,4.375,5.9,5.55227272727273,79,51,12,20,110,10457,7018,3439,936,2677,7780,5.7011079745625,6.21717198632089,4.64797123873219,4.69363417735042,5.18292491595069,5.8794082377892,185
"186",2016,11,5.5921875,128,6.08795180722892,4.67777777777778,4.625,5.6304347826087,5.58380952380952,83,45,12,23,105,10585,7101,3484,948,2700,7885,5.6997908445914,6.21566159695818,4.64835622560276,4.69276539029536,5.18673703703704,5.87547192010146,186
"187",2016,12,5.56386554621849,119,6.2,4.09722222222222,4.65789473684211,4.40909090909091,5.82577319587629,83,36,19,22,97,10704,7184,3520,967,2722,7982,5.69827971692825,6.21548065144766,4.64271962784091,4.69208023784901,5.18045187362234,5.87486796416938,187
"188",2017,1,5.74645161290323,155,6.30733944954128,4.41739130434783,5.18181818181818,5.55769230769231,5.78449612403101,109,46,11,26,129,10859,7293,3566,978,2748,8111,5.69896731651165,6.2168535582065,4.63981298093102,4.69758853783231,5.1840211062591,5.87343066083097,188
"189",2017,2,5.89351851851852,108,6.47887323943662,4.77027027027027,5.1875,6.36363636363636,5.84020618556701,71,37,8,11,97,10967,7364,3603,986,2759,8208,5.7008832032461,6.21937982074959,4.64115267554816,4.70156347870182,5.18872417542588,5.87303802266082,189
"190",2017,3,5.66144329896907,97,6.09842857142857,4.52851851851852,4.95833333333333,5.453125,5.70259259259259,70,27,6,16,81,11064,7434,3630,992,2775,8289,5.70053742678959,6.21824092009685,4.64031490082645,4.70311652217742,5.19024864864865,5.87137243213898,190
"191",2017,4,5.57745098039216,102,6.02089552238806,4.72857142857143,5.88888888888889,5.35,5.61976744186047,67,35,9,16,86,11166,7501,3665,1001,2791,8375,5.69941304764464,6.21647820290628,4.64115773260573,4.71377781218781,5.19116445718381,5.86878878686567,191
"192",2017,5,6.01875,112,6.40117647058824,4.81481481481481,5,5.42307692307692,6.0969696969697,85,27,8,13,99,11278,7586,3692,1009,2804,8474,5.70258433144175,6.21854771948326,4.64242770585049,4.7160471655104,5.19223965763195,5.87145457753127,192
"193",2017,6,5.53772727272727,110,6.1225,4.42973684210526,4.76923076923077,4.91764705882353,5.6510752688172,72,38,13,17,93,11388,7658,3730,1022,2821,8567,5.70099192922375,6.21764468529642,4.64026088203754,4.71672366927593,5.190584898972,5.86906222598342,193
"194",2017,7,5.46778846153846,104,6.14242424242424,4.29605263157895,4.88125,5.28235294117647,5.50402298850575,66,38,8,17,87,11492,7724,3768,1030,2838,8654,5.69888149060216,6.21700194199896,4.63678956740977,4.71800154368932,5.19113460183228,5.86539243009013,194
"195",2017,8,5.8726,125,6.36947674418605,4.77692307692308,4.95833333333333,5.02777777777778,6.01471962616822,86,39,12,18,107,11617,7810,3807,1042,2856,8761,5.7007507179134,6.21868092189501,4.63822513527712,4.72076928023032,5.19010504201681,5.86721619563977,195
"196",2017,9,5.73255813953488,86,6.31481481481481,4.75,5,5.33333333333333,5.77922077922078,54,32,5,9,77,11703,7864,3839,1047,2865,8838,5.70098445612236,6.21934104781282,4.63915683511331,4.72210276026743,5.19055497382199,5.86644954627744,196
"197",2017,10,5.68532110091743,109,6.22948717948718,4.31612903225806,4.87142857142857,4.71764705882353,5.86413043478261,78,31,7,17,92,11812,7942,3870,1054,2882,8930,5.70083991618693,6.21944069503903,4.63656927390181,4.72309448766603,5.1877654406662,5.86642565397536,197
"198",2017,11,5.52846153846154,104,6.11603174603175,4.62560975609756,4.83928571428571,4.99705882352941,5.63229885057471,63,41,14,17,87,11916,8005,3911,1068,2899,9017,5.69933543890567,6.21862685821362,4.63645438251087,4.72461759363296,5.18664711969645,5.86416669513142,198
"199",2017,12,5.60920353982301,113,6.13311688311688,4.48861111111111,4.56333333333333,4.87222222222222,5.74884210526316,77,36,15,18,95,12029,8082,3947,1083,2917,9112,5.69848874303766,6.21781217520416,4.63510592601977,4.72238373961219,5.18470689064107,5.86296434262511,199
"200",2018,1,5.66092715231788,151,6.08715596330275,4.5547619047619,4.84545454545455,5.15384615384615,5.70869565217391,109,42,11,13,138,12180,8191,3989,1094,2930,9250,5.69802307799672,6.21607349529972,4.63425998746553,4.72362119744058,5.18456996587031,5.86066282054054,200
"201",2018,2,5.56236559139785,93,6.03833333333333,4.6969696969697,5,5.91666666666667,5.50987654320988,60,33,12,12,81,12273,8251,4022,1106,2942,9331,5.69699511855292,6.21478099624288,4.63477451268026,4.72661988245931,5.1875560842964,5.8576177355053,201
"202",2018,3,5.48241758241758,91,6.37254901960784,4.3475,4.3,5.30769230769231,5.51153846153846,51,40,10,13,78,12364,8302,4062,1116,2955,9409,5.69541581122614,6.21575018067936,4.63194561546037,4.72279712365591,5.18808460236887,5.85474876076097,202
"203",2018,4,5.473,100,6.04852941176471,4.25,3.55,5,5.56987951807229,68,32,10,17,83,12464,8370,4094,1126,2972,9492,5.69363134547497,6.21439163679809,4.62896020762091,4.71238151865009,5.18700874831763,5.85225780552044,203
"204",2018,5,5.615234375,64,6.36130952380952,4.19090909090909,4,4.4625,5.77991071428571,42,22,1,8,56,12528,8412,4116,1127,2980,9548,5.69323085009579,6.21512517831669,4.62661882653062,4.71174941437444,5.18506375838926,5.85183348240469,204
"205",2018,6,5.71988095238095,84,6.21703703703704,4.825,4.375,5.66666666666667,5.72397435897436,54,30,6,6,78,12612,8466,4146,1133,2986,9626,5.69340834839835,6.2151373730215,4.62805429088278,4.7099660988526,5.18603148024112,5.85079743299397,205
"206",2018,7,5.5802380952381,84,6.10830188679245,4.67741935483871,4.57692307692308,5.57777777777778,5.58053333333333,53,31,13,9,75,12696,8519,4177,1146,2995,9701,5.69265958490863,6.21447270806433,4.62842065836725,4.70845688481675,5.18720868113523,5.84870797752809,206
"207",2018,8,5.65957894736842,95,6.24567164179104,4.25714285714286,4.5,4.61538461538461,5.82512195121951,67,28,6,13,82,12791,8586,4205,1152,3008,9783,5.69241389179892,6.21471616585139,4.62594841617123,4.707371171875,5.18473736702128,5.84851028212205,207
"208",2018,9,5.71041095890411,73,6.13627906976744,5.1,4.8375,4.975,5.85508196721312,43,30,8,12,61,12864,8629,4235,1160,3020,9844,5.69251602067786,6.21432529841233,4.62930651475797,4.70826861206896,5.18390397350993,5.8485510046729,208
"209",2018,10,5.75787037037037,108,5.90864197530864,5.30555555555556,5.32777777777778,5.24,5.81071428571429,81,27,9,10,98,12972,8710,4262,1169,3030,9942,5.69306013644774,6.21148254879449,4.63359058892539,4.71303814371257,5.18408910891089,5.84817804164152,209
"210",2018,11,5.6813829787234,94,6.38636363636364,4.68717948717949,3.84615384615385,4.95454545454545,5.77771084337349,55,39,13,11,83,13066,8765,4301,1182,3041,10025,5.69297612811878,6.21257992013691,4.63407651476401,4.70350388324873,5.18325879644854,5.84759462244389,210
"211",2018,12,5.61192978947368,95,5.92645828125,4.96258064516129,5.02,5.94444444444444,5.57713174418605,64,31,17,9,86,13161,8829,4332,1199,3050,10111,5.69239111161766,6.210505870427,4.63642730609419,4.7079913177648,5.18550491803279,5.8452941766393,211
"212",2019,1,5.61171428571429,105,6.0395652173913,4.79166666666667,5.11538461538461,6.171875,5.51101123595506,69,36,13,16,89,13266,8898,4368,1212,3066,10200,5.69175255691241,6.20918030231513,4.63770675137363,4.71236104785478,5.19065231572081,5.84237739411765,212
"213",2019,2,5.7,73,6.00192307692308,4.95238095238095,3.5,5.92857142857143,5.67575757575758,52,21,2,7,66,13339,8950,4389,1214,3073,10266,5.6917976924807,6.20797612625698,4.63921236956027,4.71036374794069,5.1923332248617,5.84130619715566,213
"214",2019,3,5.75521739130435,92,6.18430769230769,4.72222222222222,4.11111111111111,5.30769230769231,5.82886075949367,65,27,9,13,79,13431,9015,4416,1223,3086,10345,5.6922321063212,6.20780547199113,4.63971990262681,4.70595387571545,5.19281918340894,5.84121115708072,214
"215",2019,4,5.40721518987342,79,6.12886363636364,4.5,4.5,5.35714285714286,5.41208333333333,44,35,8,7,72,13510,9059,4451,1231,3093,10417,5.69056546410067,6.20742204768739,4.63862122893732,4.70461542648253,5.19319107662464,5.83824512047615,215
"216",2019,5,5.6658064516129,62,6.11658536585366,4.78571428571429,5.75,5.66666666666667,5.66571428571429,41,21,4,6,56,13572,9100,4472,1235,3099,10473,5.69045235926909,6.20701278351649,4.63931196109124,4.70800128744939,5.19410777670216,5.83732258378688,216
"217",2019,6,5.75955223880597,67,6.19148936170213,4.7445,4.85666666666667,5.44,5.79098360655738,47,20,6,6,61,13639,9147,4492,1241,3105,10534,5.69079180438449,6.20693301956926,4.63978029608193,4.70872005640612,5.19458293075684,5.83705424530093,217
"218",2019,7,5.6623932051282,78,6.01476196428571,4.76545454545455,5.75,5.61428571428571,5.67291671875,56,22,4,14,64,13717,9203,4514,1245,3119,10598,5.69063031931181,6.2057636640226,4.6403927979619,4.71206553413654,5.19646681628727,5.83606303925269,218
"219",2019,8,5.68697916666667,96,6.15347222222222,4.2875,4.66666666666667,7,5.59944444444444,72,24,6,6,90,13813,9275,4538,1251,3125,10688,5.69060494389344,6.20535773584906,4.63852646319965,4.71184779376498,5.1999296,5.83407055482785,219
"220",2019,9,5.4506329113924,79,5.988,4.52413793103448,4.7,4.82307692307692,5.57424242424242,50,29,5,13,66,13892,9325,4567,1256,3138,10754,5.68924028865534,6.20419227882038,4.63780010729144,4.71180062898089,5.19836838750797,5.83247592430724,220
"221",2019,10,5.5645875,80,6.00298214285714,4.54166666666667,3.57142857142857,4.5,5.71667142857143,56,24,7,10,70,13972,9381,4591,1263,3148,10824,5.68852655954767,6.20299115232918,4.63729755826618,4.70548027711797,5.1961499364676,5.83172700388027,221
"222",2019,11,5.5343023255814,86,6.07452830188679,4.66666666666667,4.25,5.33333333333333,5.549375,53,33,8,6,80,14058,9434,4624,1271,3154,10904,5.68758309076683,6.2022694509222,4.63750715614187,4.70261336742722,5.19641090678504,5.82965545579604,222
"223",2019,12,5.63501225490196,102,6.35900362318841,4.12121212121212,4.5,4.93333333333333,5.75599137931034,69,33,6,15,87,14160,9503,4657,1277,3169,10991,5.68720440254238,6.20340747658634,4.63384863431394,4.70166138606108,5.19516566740297,5.82907236284233,223
"224",2020,1,5.50175675675676,148,5.94164948453608,4.66509803921569,3.93,5.34583333333333,5.53193548387097,97,51,10,24,124,14308,9600,4708,1287,3193,11115,5.68528615739447,6.20076263020833,4.63418714740867,4.69566557109557,5.19629815220796,5.82575747548358,224
"225",2020,2,5.71339342342342,111,6.40969696969697,4.69214822222222,3.42888916666667,5.51666666666667,5.73723909090909,66,45,12,12,99,14419,9666,4753,1299,3205,11214,5.68550253207574,6.20218924581006,4.63473590574374,4.68396324865281,5.1974976599064,5.82497601301944,225
"226",2020,3,5.15297506666667,75,5.77251536585366,4.40588235294118,5,5.55,5.09189430769231,41,34,5,10,65,14494,9707,4787,1304,3215,11279,5.68274693942321,6.20037440815906,4.63311045748904,4.68517504601227,5.19859409020218,5.8207513201525,226
"227",2020,4,5.69422535211268,71,5.99055555555556,4.75294117647059,6.2,4.9,5.8244262295082,54,17,4,10,61,14565,9761,4804,1308,3225,11340,5.68280289323721,6.19921364409384,4.63353450457952,4.6898075382263,5.19766821705427,5.82077108818342,227
"228",2020,5,5.57076923076923,65,5.78205128205128,5.25384615384615,5.75,4.32,5.675,39,26,4,5,60,14630,9800,4830,1312,3230,11400,5.68230513602188,6.19755350816327,4.6368736563147,4.69303983231707,5.19630959752322,5.82000387192982,228
"229",2020,6,5.50460526315789,76,6.1,4.29,3.29166666666667,4.546875,5.76,51,25,6,16,60,14706,9851,4855,1318,3246,11460,5.68138679042568,6.19704846005482,4.63508748918641,4.68666028831563,5.19310844115835,5.81968971553229,229
"230",2020,7,5.90553895522388,67,6.37198254901961,4.41875,5.25,6.22222222222222,5.85639844827586,51,16,4,9,58,14773,9902,4871,1322,3255,11518,5.68240338793746,6.19794945364573,4.63437687538493,4.68836479576399,5.19595391705069,5.81987456589686,230
"231",2020,8,6.03219178082192,73,6.46909090909091,4.69722222222222,4.66666666666667,5.75,6.06692307692308,55,18,3,8,65,14846,9957,4889,1325,3263,11583,5.68412334972383,6.19944717183891,4.63460825526693,4.68831566792453,5.19731228930432,5.82126092117759,231
"232",2020,9,5.33186440677966,59,6.27371428571429,3.95833333333333,4.2,4.66666666666667,5.40716981132076,35,24,5,6,53,14905,9992,4913,1330,3269,11636,5.68272896678967,6.19970731485188,4.63130465296153,4.68647989473684,5.19633832976446,5.81937480663458,232
"233",2020,10,5.64102564102564,78,6.29411764705882,4.40740740740741,3.83333333333333,5,5.74626865671642,51,27,6,11,67,14983,10043,4940,1336,3280,11703,5.68251186344524,6.20018674599223,4.63008092307693,4.68264839820359,5.19567987804878,5.8189562718961,233
"234",2020,11,5.45698924731183,93,5.9015625,4.47586206896552,4,5.5,5.45061728395062,64,29,7,12,81,15076,10107,4969,1343,3292,11784,5.6811206719289,6.19829578411002,4.62918087341518,4.67909029039463,5.19678918590523,5.81642441021724,234
"235",2020,12,5.8106222,100,6.31368603174603,4.95405405405405,4.5,5.23076923076923,5.89726689655172,63,37,8,13,87,15176,10170,5006,1351,3305,11871,5.6819740030311,6.19901059095378,4.63158205353576,4.67802980014803,5.19692284417549,5.81701688737259,235
"236",2021,1,5.5621359223301,103,5.91408450704225,4.78125,5.19230769230769,5.09166666666667,5.62417582417582,71,32,13,12,91,15279,10241,5038,1364,3317,11962,5.68116614110871,6.19703522214627,4.63253270345375,4.68293127565982,5.19654205607477,5.81554986373516,236
"237",2021,2,5.62177419354839,62,5.8609756097561,5.15476190476191,5.55,6,5.58859649122807,41,21,5,5,57,15341,10282,5059,1369,3322,12019,5.6809261110749,6.19569516728263,4.63470048626211,4.6860980715851,5.19775135460566,5.81447353939596,237
"238",2021,3,5.85245762711864,59,6,5.54184210526316,5.765,5.536875,5.90196078431373,40,19,3,8,51,15400,10322,5078,1372,3330,12070,5.68158327727273,6.19493680585158,4.63809467506892,4.68845718658892,5.19856606606607,5.8148432038111,238
"239",2021,4,5.74252873563218,87,6.43333333333333,5.00238095238095,5,5.8,5.73055555555556,45,42,5,15,72,15487,10367,5120,1377,3345,12142,5.68192564538,6.19597161280988,4.6410829609375,4.68958842411038,5.20126307922272,5.81434339235711,239
"240",2021,5,5.45021158730159,63,5.98880333333333,4.575,3.375,5.66428571428571,5.38904755102041,39,24,4,14,49,15550,10406,5144,1381,3359,12191,5.6809868681672,6.19519517970402,4.64077464230171,4.68578078204199,5.2031929145579,5.81263397588385,240
"241",2021,6,6.15277777777778,72,6.73469387755102,4.91304347826087,6.16666666666667,5.70769230769231,6.25084745762712,49,23,3,13,59,15622,10455,5167,1384,3372,12250,5.68316129816925,6.19772367670971,4.64198659957422,4.68899079479768,5.20513790035587,5.81474455510204,241
"242",2021,7,5.09661016949153,118,6.39736842105263,4.47875,5.2,4.56190476190476,5.21237113402062,38,80,5,21,97,15740,10493,5247,1389,3393,12347,5.67876402795426,6.19844668255027,4.63949776253097,4.69083028077753,5.20115679339817,5.81001221349316,242
"243",2021,8,5.32738095238095,84,6.11777777777778,4.41538461538462,4.07777777777778,6.25,5.23026315789474,45,39,9,8,76,15824,10538,5286,1398,3401,12423,5.6768987487361,6.19810220535206,4.63784426031025,4.68688359084406,5.20362393413702,5.80646549142719,243
"244",2021,9,5.92712328767123,73,6.41913043478261,5.08888888888889,5.5,6.21428571428571,5.89666666666667,46,27,4,7,66,15897,10584,5313,1402,3408,12489,5.67804779518148,6.19906283446712,4.64013641257293,4.68920346647646,5.20569982394366,5.80694217311234,244
"245",2021,10,5.51219512195122,82,6.34042553191489,4.4,4.21428571428571,4.08333333333333,5.75714285714286,47,35,7,12,70,15979,10631,5348,1409,3420,12559,5.67719668314663,6.19968780359326,4.63856483919222,4.68684404542228,5.20176169590643,5.8066646070547,245
"246",2021,11,5.803125,80,6.34431818181818,5.14166666666667,5,6.29166666666667,5.71691176470588,44,36,7,12,68,16059,10675,5384,1416,3432,12627,5.67782401145775,6.2002839381733,4.64192881872214,4.68839213276836,5.20557255244755,5.80618126237428,246
"247",2021,12,5.58903846153846,104,5.98295081967213,5.03023255813954,4.71428571428571,4.09,5.74851063829787,61,43,7,10,94,16163,10736,5427,1423,3442,12721,5.67725272536039,6.19904909090909,4.64500548369265,4.68851950808151,5.20233149331784,5.8057551135917,247
"248",2022,1,5.45238211382114,123,5.76652,4.96154166666667,4,4.80833333333333,5.52200900900901,75,48,3,12,111,16286,10811,5475,1426,3454,12832,5.67555439027386,6.19604847285172,4.64778059543379,4.68707100981767,5.20096265199768,5.80330063902743,248
"249",2022,2,5.50555555555556,99,6.11574074074074,4.77333333333333,4.22222222222222,5.02941176470588,5.60426829268293,54,45,9,17,82,16385,10865,5520,1435,3471,12914,5.67452723832774,6.19564933640129,4.64880412318841,4.68415558188153,5.20012244309997,5.80203684373548,249
"250",2022,3,5.67012162162162,74,6.08611363636364,5.06,4.7,4.70833333333333,5.85627419354839,44,30,5,12,62,16459,10909,5550,1440,3483,12976,5.67450743058509,6.19520753872949,4.6510268036036,4.68421059722222,5.19842807924203,5.80229599260173,250
"251",2022,4,5.81285714285714,70,6.3975,5.03333333333333,4.78571428571429,4.72857142857143,6.08392857142857,40,30,7,14,56,16529,10949,5580,1447,3497,13032,5.67509333897998,6.19594657411636,4.65308221505376,4.6847016309606,5.19654704032028,5.80350620012278,251
"252",2022,5,5.79921518987342,79,6.30816326530612,4.96793333333333,5.96,5.075,5.90417391304348,49,30,5,10,69,16608,10998,5610,1452,3507,13101,5.67568375481696,6.1964465393708,4.65476591087344,4.68909315426997,5.1962004562304,5.80403639416839,252
"253",2022,6,5.55285714285714,70,6.03695652173913,4.625,5.66666666666667,5.68461538461538,5.52280701754386,46,24,6,13,57,16678,11044,5634,1458,3520,13158,5.67516823360115,6.19578223831945,4.65463911253106,4.69311609053497,5.19800426136364,5.80281811825506,253
"254",2022,7,5.61858974358974,78,5.996875,5.01333333333333,5.5,5.75,5.59926470588235,48,30,8,10,68,16756,11092,5664,1466,3530,13226,5.67490485796133,6.19492147854309,4.6565389759887,4.69751927694406,5.19956798866856,5.80177157114774,254
"255",2022,8,5.50705128205128,78,5.91354166666667,4.85666666666667,4.68888888888889,5.35,5.53846153846154,48,30,9,13,65,16834,11140,5694,1475,3543,13291,5.67412711179755,6.19370907001795,4.65759338953284,4.69746661694915,5.20011995484053,5.80048384621173,255
"256",2022,9,5.12903225806452,62,5.796875,4.41666666666667,4.2,4.75,5.18518518518519,32,30,5,8,54,16896,11172,5724,1480,3551,13345,5.67212688210227,6.19257241675618,4.65633067085954,4.69578598648648,5.19910588566601,5.79799406519296,256
"257",2022,10,5.67986111111111,72,6.27448979591837,4.41304347826087,3.5,5.08333333333333,5.73409090909091,49,23,4,6,66,16968,11221,5747,1484,3557,13411,5.67215970061292,6.19293013456911,4.65535701409431,4.69256284366576,5.19891059881923,5.79767957646708,257
"258",2022,11,5.63888888888889,72,6.07142857142857,4.71739130434783,4.25,5.09166666666667,5.74833333333333,49,23,4,12,60,17040,11270,5770,1488,3569,13471,5.67201911971831,6.19240186690328,4.65560429116118,4.69137315860215,5.19855001400953,5.79745978769208,258
"259",2022,12,5.45112244897959,98,6.06563636363636,4.66511627906977,4.55714285714286,5.5375,5.44344444444444,55,43,7,8,90,17138,11325,5813,1495,3577,13561,5.67075596919127,6.19178622869757,4.65567465336315,4.69074465551839,5.19930807939614,5.79511030160018,259
