"","year","month","avg_rating","no_ratings","avg_rating_owned","avg_rating_not_owned","avg_rating_prev_owned","avg_rating_comment","avg_rating_no_comment","no_ratings_owned","no_ratings_not_owned","no_ratings_prev_owned","no_ratings_comment","no_ratings_no_comment","cum_no_ratings","cum_no_ratings_owned","cum_no_ratings_not_owned","cum_no_ratings_prev_owned","cum_no_ratings_comment","cum_no_ratings_no_comment","cum_avg_rating","cum_avg_rating_owned","cum_avg_rating_not_owned","cum_avg_rating_prev_owned","cum_avg_rating_comment","cum_avg_rating_no_comment","month_after_release"
"1",2006,10,7.3125,8,7.7,6.66666666666667,NA,8,7.21428571428571,5,3,0,1,7,8,5,3,0,1,7,7.3125,7.7,6.66666666666667,NA,8,7.21428571428571,-45
"2",2006,11,7.14285714285714,7,7.25,7,NA,7,7.2,4,3,0,2,5,15,9,6,0,3,12,7.23333333333333,7.5,6.83333333333333,NA,7.33333333333333,7.20833333333333,-44
"3",2006,12,7.61538461538461,13,7.875,7.5,7,7.5,7.66666666666667,4,9,1,4,9,28,13,15,1,7,21,7.41071428571429,7.61538461538461,7.23333333333333,7,7.42857142857143,7.40476190476191,-43
"4",2007,1,7.02631578947368,19,7.125,6.95454545454545,6,7.33333333333333,6.96875,8,11,2,3,16,47,21,26,3,10,37,7.25531914893617,7.42857142857143,7.11538461538461,6.33333333333333,7.4,7.21621621621622,-42
"5",2007,2,6.380103125,16,7.125,5.63520625,NA,5.92857142857143,6.73129444444444,8,8,0,7,9,63,29,34,3,17,46,7.03304206349206,7.3448275862069,6.76710735294118,6.33333333333333,6.79411764705882,7.1213402173913,-41
"6",2007,3,6.4375,8,6.75,6.125,NA,7,6.35714285714286,4,4,0,1,7,71,33,38,3,18,53,6.96593873239437,7.27272727272727,6.69951710526316,6.33333333333333,6.80555555555556,7.02040849056604,-40
"7",2007,4,7.075,16,7.43333333333333,6,NA,7.5,6.93333333333333,12,4,0,4,12,87,45,42,3,22,65,6.98599597701149,7.31555555555556,6.63289642857143,6.33333333333333,6.93181818181818,7.00433307692308,-39
"8",2007,5,6.53333333333333,15,7.57142857142857,5.625,NA,5.78571428571429,7.1875,7,8,0,7,8,102,52,50,3,29,73,6.91942794117647,7.35,6.471633,6.33333333333333,6.6551724137931,7.02440616438356,-38
"9",2007,6,7.05,9,7,7.1125,NA,6.41666666666667,7.36666666666667,5,4,0,3,6,111,57,54,3,32,79,6.93001486486486,7.31929824561403,6.51910462962963,6.33333333333333,6.6328125,7.05040063291139,-37
"10",2007,7,7.09090909090909,11,7.33333333333333,6.8,7,6.66666666666667,7.25,6,5,1,3,8,122,63,59,4,35,87,6.94452172131148,7.32063492063492,6.5429093220339,6.5,6.63571428571429,7.06875459770115,-36
"11",2007,8,7,9,7,7,7,6.75,7.2,2,7,1,4,5,131,65,66,5,39,92,6.94833320610687,7.31076923076923,6.59138863636364,6.6,6.6474358974359,7.0758875,-35
"12",2007,9,5.8625,8,7.1,4.625,NA,4.75,6.23333333333333,4,4,0,2,6,139,69,70,5,41,98,6.88583920863309,7.29855072463768,6.47902357142857,6.6,6.55487804878049,7.02430255102041,-34
"13",2007,10,6.59,10,6.98333333333333,6,6.5,6.18,7,6,4,2,5,5,149,75,74,7,46,103,6.86598422818792,7.27333333333333,6.45313040540541,6.57142857142857,6.51413043478261,7.02312281553398,-33
"14",2007,11,6.8,25,7,6.61538461538461,6.66666666666667,6.59090909090909,6.96428571428571,12,13,3,11,14,174,87,87,10,57,117,6.85650373563218,7.23563218390805,6.47737528735632,6.6,6.52894736842105,7.01608247863248,-32
"15",2007,12,7,16,7.71428571428571,6.44444444444444,NA,7.625,6.79166666666667,7,9,0,4,12,190,94,96,10,61,129,6.86858763157895,7.27127659574468,6.47428802083333,6.6,6.60081967213115,6.99520658914729,-31
"16",2008,1,6.17647058823529,17,6.55555555555556,5.75,NA,5.9,6.29166666666667,9,8,0,5,12,207,103,104,10,66,141,6.81174710144928,7.20873786407767,6.41857355769231,6.6,6.54772727272727,6.93533085106383,-30
"17",2008,2,5.83333333333333,6,5.625,6.25,NA,5.7,6.5,4,2,0,5,1,213,107,106,10,71,142,6.78418615023474,7.14953271028037,6.4153929245283,6.6,6.48802816901408,6.93226514084507,-29
"18",2008,3,6.25,8,7.2,4.66666666666667,NA,7.5,5.83333333333333,5,3,0,2,6,221,112,109,10,73,148,6.76484909502262,7.15178571428571,6.3672628440367,6.6,6.51575342465753,6.88771385135135,-28
"19",2008,4,5.33333333333333,6,7,3.66666666666667,NA,4.5,7,3,3,0,4,2,227,115,112,10,77,150,6.72701167400881,7.14782608695652,6.29492544642857,6.6,6.41103896103896,6.889211,-27
"20",2008,5,6.85714285714286,7,7,6,6,8.25,6.3,6,1,1,2,5,234,121,113,11,79,155,6.73090448717949,7.1404958677686,6.29231548672566,6.54545454545455,6.45759493670886,6.87020419354839,-26
"21",2008,6,5.8,10,6.875,5.08333333333333,NA,5,6,4,6,0,2,8,244,125,119,11,81,163,6.69275266393443,7.132,6.23135840336134,6.54545454545455,6.4216049382716,6.82749478527607,-25
"22",2008,7,7.09090909090909,11,7.4,6.83333333333333,7.16666666666667,7.25,7,5,6,3,4,7,255,130,125,14,85,170,6.70992803921569,7.14230769230769,6.2602532,6.67857142857143,6.46058823529412,6.83459794117647,-24
"23",2008,8,6.63333333333333,15,7.125,6.45454545454545,6.2,6.54,6.68,4,11,1,5,10,270,134,136,15,90,180,6.70567277777778,7.14179104477612,6.27596801470588,6.64666666666667,6.465,6.82600916666667,-23
"24",2008,9,6.72727272727273,11,7.5,5.8,7,6.75,6.71428571428571,6,5,1,4,7,281,140,141,16,94,187,6.70651832740213,7.15714285714286,6.25908971631206,6.66875,6.47712765957447,6.82182700534759,-22
"25",2008,10,6.88846153846154,13,7.00714285714286,6.75,NA,6.7,7.00625,7,6,0,5,8,294,147,147,16,99,195,6.71456343537415,7.15,6.2791268707483,6.66875,6.48838383838384,6.82939307692308,-21
"26",2008,11,6.88888888888889,9,8,6.33333333333333,NA,6.5,7.2,3,6,0,4,5,303,150,153,16,103,200,6.71974141914191,7.167,6.28125261437908,6.66875,6.48883495145631,6.83865825,-20
"27",2008,12,6.40909090909091,11,6.6,6.25,6,6.6,6.25,5,6,2,5,6,314,155,159,18,108,206,6.70885875796178,7.14870967741935,6.28007327044025,6.59444444444444,6.49398148148148,6.82151286407767,-19
"28",2009,1,6.9275,20,7.37307692307692,6.1,6.7,6.4625,7.2375,13,7,1,8,12,334,168,166,19,116,218,6.72195104790419,7.16607142857143,6.27247981927711,6.6,6.49181034482759,6.84441123853211,-18
"29",2009,2,6.55,20,7,6.18181818181818,6.5,6.5,6.55882352941176,9,11,2,3,17,354,177,177,21,119,235,6.71223629943503,7.15762711864407,6.26684548022599,6.59047619047619,6.49201680672269,6.82375170212766,-17
"30",2009,3,6.78958333333333,24,7.5,6.36333333333333,NA,6.8125,6.785,9,15,0,4,20,378,186,192,21,123,255,6.71714722222222,7.1741935483871,6.27438359375,6.59047619047619,6.50243902439024,6.82071235294118,-16
"31",2009,4,6.22115384615385,26,7.45833333333333,5.16071428571429,6.5,5.91666666666667,6.3125,12,14,1,6,20,404,198,206,22,129,275,6.68522685643564,7.19141414141414,6.19869733009709,6.58636363636364,6.47519379844961,6.78375145454545,-15
"32",2009,5,6.45,21,6.99545454545455,5.85,6,5.33333333333333,6.63611111111111,11,10,1,3,18,425,209,216,23,132,293,6.67360388235294,7.1811004784689,6.18255393518518,6.56086956521739,6.44924242424242,6.77468139931741,-14
"33",2009,6,6.11666666666667,18,6.5,5.87272727272727,5,5.625,6.25714285714286,7,11,1,4,14,443,216,227,24,136,307,6.65097437923251,7.15902777777778,6.16754030837004,6.49583333333333,6.425,6.75108029315961,-13
"34",2009,7,6.90588235294118,17,7.11666666666667,6.79090909090909,6.5,7.5,6.77857142857143,6,11,2,3,14,460,222,238,26,139,321,6.66039489130435,7.15788288288288,6.19635147058823,6.49615384615385,6.44820143884892,6.7522792834891,-12
"35",2009,8,6.66153846153846,13,6.825,6.4,7,6.25,6.73636363636364,8,5,3,2,11,473,230,243,29,141,332,6.66042632135307,7.14630434782609,6.20054176954732,6.54827586206897,6.44539007092199,6.75175195783132,-11
"36",2009,9,7.04166666666667,12,7.25,6.625,5,8,6.95454545454545,8,4,1,1,11,485,238,247,30,142,343,6.66985907216495,7.14978991596639,6.20741558704453,6.49666666666667,6.45633802816901,6.7582555393586,-10
"37",2009,10,6.12105263157895,19,6.68571428571429,5.79166666666667,5.25,6.61428571428571,5.83333333333333,7,12,4,7,12,504,245,259,34,149,355,6.64916994047619,7.1365306122449,6.18815308880309,6.35,6.46375838926174,6.72699056338028,-9
"38",2009,11,7.2125,24,7.99230769230769,6.29090909090909,6.66666666666667,7.04,7.2578947368421,13,11,3,5,19,528,258,270,37,154,374,6.67477585227273,7.1796511627907,6.19233944444444,6.37567567567568,6.48246753246753,6.75396163101604,-8
"39",2009,12,7.00769230769231,13,8.12,6.3125,NA,7.5,6.78888888888889,5,8,0,4,9,541,263,278,37,158,383,6.68277569316081,7.19752851711027,6.19579730215827,6.37567567567568,6.50822784810127,6.75478237597911,-7
"40",2010,1,6.87,20,7.51,6.23,6.12,6.33333333333333,6.96470588235294,10,10,5,3,17,561,273,288,42,161,400,6.68945035650624,7.20897435897436,6.19698489583333,6.3452380952381,6.50496894409938,6.763704125,-6
"41",2010,2,6.24230769230769,26,6.98,5.78125,6,6.47142857142857,6.15789473684211,10,16,2,7,19,587,283,304,44,168,419,6.66964505962521,7.20088339222615,6.1751041118421,6.32954545454546,6.50357142857143,6.7362330548926,-5
"42",2010,3,6.7,11,6.91666666666667,6.44,6.3,6.9,6.625,6,5,4,3,8,598,289,309,48,171,427,6.67020342809365,7.19498269896194,6.17939045307443,6.32708333333333,6.51052631578947,6.73414906323185,-4
"43",2010,4,6.30769230769231,13,7,6.1,6,6.125,6.38888888888889,3,10,2,4,9,611,292,319,50,175,436,6.66249042553192,7.19297945205479,6.17690172413793,6.314,6.50171428571429,6.72702213302752,-3
"44",2010,5,5.71428571428571,21,6.8,4.72727272727273,3,4.14285714285714,6.5,10,11,1,7,14,632,302,330,51,182,450,6.63098362341772,7.17996688741722,6.12858075757576,6.24901960784314,6.41098901098901,6.71995922222222,-2
"45",2010,6,6.1875,8,6.375,6,NA,5.25,6.5,4,4,0,2,6,640,306,334,51,184,456,6.625440078125,7.16944444444444,6.12704086826347,6.24901960784314,6.39836956521739,6.71706502192982,-1
"46",2010,7,6.375,12,7.8,5.35714285714286,7,6.5,6.33333333333333,5,7,1,3,9,652,311,341,52,187,465,6.62083075153374,7.17958199356913,6.11123651026393,6.26346153846154,6.4,6.70963795698925,0
"47",2010,8,6.47777777777778,18,7,6.06,6.05,7.5,6.35,8,10,2,2,16,670,319,351,54,189,481,6.61698753731343,7.17507836990596,6.10977678062678,6.25555555555556,6.41164021164021,6.69767494802495,1
"48",2010,9,6.98333333333333,18,7.4,6.65,NA,5.5,7.16875,8,10,0,2,16,688,327,361,54,191,497,6.62657216569768,7.18058103975535,6.12474141274238,6.25555555555556,6.4020942408377,6.71284034205231,2
"49",2010,10,6.845,20,7.22857142857143,6.63846153846154,7.33333333333333,7,6.76153846153846,7,13,3,7,13,708,334,374,57,198,510,6.63274244350283,7.1815868263473,6.14259799465241,6.31228070175439,6.42323232323232,6.71408166666667,3
"50",2010,11,6.56730769230769,26,6.98333333333333,6,4.25,6.7,6.53571428571429,15,11,2,5,21,734,349,385,59,203,531,6.63042459128066,7.1730659025788,6.13852376623377,6.24237288135593,6.43004926108374,6.70702758945386,4
"51",2010,12,6.9,27,6.84545454545455,6.9375,6.66666666666667,7.4,6.78636363636364,11,16,3,5,22,761,360,401,62,208,553,6.63998902759527,7.16305555555556,6.17040311720698,6.26290322580645,6.45336538461538,6.71018381555154,5
"52",2011,1,6.26904761904762,42,7.2,5.5,6.5,6.04166666666667,6.36,19,23,3,12,30,803,379,424,65,220,583,6.62058735990037,7.16490765171504,6.13403691037736,6.27384615384616,6.43090909090909,6.6921640651801,6
"53",2011,2,6.79444444444444,18,7.11818181818182,6.28571428571429,NA,7,6.78235294117647,11,7,0,1,17,821,390,431,65,221,600,6.6243990864799,7.16358974358974,6.13650034802784,6.27384615384616,6.43348416289593,6.69471941666667,7
"54",2011,3,6.39615384615385,26,7.08333333333333,5.80714285714286,5.375,6.35,6.41666666666667,12,14,4,8,18,847,402,445,69,229,618,6.6173927390791,7.16119402985075,6.12613853932584,6.22173913043478,6.43056768558952,6.68662079288026,8
"55",2011,4,6.68333333333333,12,7.5,6.41111111111111,6.44,6.125,6.9625,3,9,5,4,8,859,405,454,74,233,626,6.61831391152503,7.1637037037037,6.1317877753304,6.23648648648649,6.42532188841202,6.6901464057508,9
"56",2011,5,6,15,7,5.75,5.33333333333333,5,6.36363636363636,3,12,3,4,11,874,408,466,77,237,637,6.60770211670481,7.1625,6.1219563304721,6.2012987012987,6.40126582278481,6.68450808477237,10
"57",2011,6,6.18181818181818,11,7.125,5.64285714285714,4,3.5,6.77777777777778,4,7,2,2,9,885,412,473,79,239,646,6.6024086440678,7.1621359223301,6.11486606765328,6.14556962025316,6.37698744769874,6.68580750773994,11
"58",2011,7,6.37727272727273,22,7.16666666666667,5.83076923076923,5.5,5.75,6.51666666666667,9,13,4,4,18,907,421,486,83,243,664,6.59694779492834,7.16223277909739,6.10726676954733,6.1144578313253,6.36666666666667,6.68122236445783,12
"59",2011,8,6.508,25,6.95,5.94545454545455,6.1,6.16666666666667,6.55454545454545,14,11,5,3,22,932,435,497,88,246,686,6.59456185622318,7.15540229885058,6.10368541247485,6.11363636363636,6.36422764227642,6.67715983965015,13
"60",2011,9,6.385,20,6.94,5.83,5.5,6.2,6.44666666666667,10,10,7,5,15,952,445,507,95,251,701,6.59015929621849,7.15056179775281,6.09828727810651,6.06842105263158,6.3609561752988,6.67222774607703,14
"61",2011,10,6.944796,25,6.94822941176471,6.9375,7,6.85,6.95303913043478,17,8,1,2,23,977,462,515,96,253,724,6.59923393039918,7.14311666666667,6.11132359223301,6.078125,6.36482213438735,6.68114854972376,15
"62",2011,11,6.394,25,7.06666666666667,6.015625,6.17857142857143,5.125,6.63571428571429,9,16,7,4,21,1002,471,531,103,257,745,6.59411332335329,7.14165583864119,6.10844001883239,6.08495145631068,6.34552529182879,6.67986785234899,16
"63",2011,12,6.84090909090909,22,7.20833333333333,6.4,5,6.28571428571429,7.1,12,10,1,7,15,1024,483,541,104,264,760,6.59941557617188,7.14331242236025,6.11382929759704,6.07451923076923,6.34393939393939,6.68815993421053,17
"64",2012,1,6.74821428571429,28,6.78461538461538,6.71666666666667,6,6.80625,6.725,13,15,1,8,20,1052,496,556,105,272,780,6.60337599809886,7.13391108870968,6.13009289568345,6.07380952380952,6.35753676470588,6.68910455128205,18
"65",2012,2,6.55357142857143,14,6.33333333333333,6.71875,6,6.2,6.75,6,8,2,5,9,1066,502,564,107,277,789,6.6027219043152,7.12434243027888,6.13844264184397,6.07242990654206,6.35469314079422,6.68979917617237,19
"66",2012,3,6.59,20,6.84444444444444,6.38181818181818,6.3,6.51666666666667,6.62142857142857,9,11,4,6,14,1086,511,575,111,283,803,6.60248761510129,7.11941272015656,6.14309852173913,6.08063063063063,6.35812720848056,6.68860716064757,20
"67",2012,4,6.97777777777778,18,7.57272727272727,6.04285714285714,6.2,7.76,6.67692307692308,11,7,1,5,13,1104,522,582,112,288,816,6.60860647644928,7.1289653256705,6.14189286941581,6.08169642857143,6.38246527777778,6.68842101715686,21
"68",2012,5,6.03571428571429,14,5,6.11538461538461,6,5.375,6.3,1,13,1,4,10,1118,523,595,113,292,826,6.60143251341682,7.12489464627151,6.14131369747899,6.08097345132743,6.36866438356164,6.68371858353511,22
"69",2012,6,7,17,6.9,7.14285714285714,7.5,6.625,7.11538461538461,10,7,2,4,13,1135,533,602,115,296,839,6.60740224669604,7.12067523452158,6.15295955149502,6.10565217391304,6.37212837837838,6.69040709177592,23
"70",2012,7,6.84272727272727,22,6.75555555555556,6.90307692307692,6.16666666666667,6.8875,6.83277777777778,9,13,3,4,18,1157,542,615,118,300,857,6.61187687986171,7.11461236162362,6.16881569105691,6.10720338983051,6.379,6.69339737456243,24
"71",2012,8,6.70238095238095,21,8,6.05357142857143,6.875,7.2,6.50333333333333,7,14,4,6,15,1178,549,629,122,306,872,6.61349028013582,7.1259014571949,6.16625063593005,6.13237704918033,6.39509803921568,6.69012792431193,25
"72",2012,9,6.66153846153846,13,6.3875,7.1,NA,7,6.6,8,5,0,2,11,1191,557,634,122,308,883,6.61401473551637,7.1152960502693,6.17361458990536,6.13237704918033,6.39902597402597,6.68900515288788,26
"73",2012,10,5.7,15,7.125,5.18181818181818,5.6,4.25,6.22727272727273,4,11,5,4,11,1206,561,645,127,312,894,6.60264639303483,7.11536524064171,6.15670023255814,6.11141732283465,6.37147435897436,6.68332388143177,27
"74",2012,11,6.54655172413793,29,7.40909090909091,6.01944444444444,5.75,6.83333333333333,6.51346153846154,11,18,4,3,26,1235,572,663,131,315,920,6.6013291902834,7.12101381118881,6.15297383107089,6.10038167938931,6.37587301587301,6.67852342391304,28
"75",2012,12,6.03125,16,6.85714285714286,5.38888888888889,5.5,3,6.23333333333333,7,9,2,1,15,1251,579,672,133,316,935,6.59403800959233,7.11782366148532,6.14274055059524,6.09135338345865,6.36518987341772,6.6713813368984,29
"76",2013,1,6.85555555555556,18,7.07777777777778,6.63333333333333,6,7.68,6.53846153846154,9,9,2,5,13,1269,588,681,135,321,948,6.59774747832939,7.11721071428571,6.14922415565345,6.09,6.38566978193146,6.66955859704641,30
"77",2013,2,6.15909090909091,11,6.5625,5.92857142857143,6.5,5.5,6.40625,4,7,1,3,8,1280,592,688,136,324,956,6.5939777734375,7.11346266891892,6.14697914244186,6.09301470588235,6.37746913580247,6.66735517782427,31
"78",2013,3,5.86363636363636,22,6.375,5.57142857142857,4.5,6.2,5.76470588235294,8,14,2,5,17,1302,600,702,138,329,973,6.58163713517665,7.1036165,6.13550092592593,6.06992753623189,6.37477203647416,6.65158432682426,32
"79",2013,4,6.75,14,6.94444444444444,6.4,6,6.5,6.79166666666667,9,5,1,2,12,1316,609,707,139,331,985,6.58342822948328,7.10126420361248,6.13737149929279,6.06942446043166,6.37552870090634,6.65329091370558,33
"80",2013,5,6.2,10,6.5,5.75,5.66666666666667,NA,6.2,6,4,3,0,10,1326,615,711,142,331,995,6.58053661387632,7.09539821138211,6.13519219409283,6.06091549295775,6.37552870090634,6.64873522613065,34
"81",2013,6,6.63636363636364,11,7.6,5.83333333333333,NA,6.5,6.66666666666667,5,6,0,2,9,1337,620,717,142,333,1004,6.5809959237098,7.09946758064516,6.13266617852162,6.06091549295775,6.37627627627628,6.64889596613546,35
"82",2013,7,6.575,16,6.93333333333333,6.36,NA,5.8,6.92727272727273,6,10,0,5,11,1353,626,727,142,338,1015,6.58092501847746,7.09787523961661,6.1357931911967,6.06091549295775,6.36775147928994,6.65191285714286,36
"83",2013,8,6.28571428571429,21,6.75,6.05357142857143,6.25,6.1,6.34375,7,14,4,5,16,1374,633,741,146,343,1031,6.57641306404658,7.09402827804107,6.13423974358974,6.06609589041096,6.36384839650146,6.64713050436469,37
"84",2013,9,6.65,12,6.98,5,NA,6.66666666666667,6.64444444444444,10,2,0,3,9,1386,643,743,146,346,1040,6.57705018037518,7.09225489891135,6.13118660834455,6.06609589041096,6.36647398843931,6.64710725961539,38
"85",2013,10,6.69411764705882,17,7.4125,6.05555555555556,6,7,6.65333333333333,8,9,1,2,15,1403,651,752,147,348,1055,6.57846867426942,7.09619032258065,6.13028144946809,6.0656462585034,6.37011494252874,6.64719578199052,39
"86",2013,11,5.96909090909091,11,6.25,5.80857142857143,4.66666666666667,6.66,5.9,4,7,3,1,10,1414,655,759,150,349,1065,6.57372811173975,7.0910227480916,6.12731442687747,6.03766666666667,6.37094555873925,6.64017985915493,40
"87",2013,12,6.62222222222222,18,7.17142857142857,6.27272727272727,6.375,7,6.54666666666667,7,11,4,3,15,1432,662,770,154,352,1080,6.57433767458101,7.09187296072508,6.12939175324675,6.04642857142857,6.37630681818182,6.63888106481482,41
"88",2014,1,6,18,6.4,5.84615384615385,6,6.07142857142857,5.95454545454545,5,13,5,7,11,1450,667,783,159,359,1091,6.56720796551724,7.08668650674663,6.12468920817369,6.04496855345912,6.37036211699164,6.63198125572869,42
"89",2014,2,6.21111111111111,18,6.65714285714286,5.92727272727273,5.75,5,6.3625,7,11,2,2,16,1468,674,794,161,361,1107,6.56284165531335,7.08222537091988,6.12195421914358,6.04130434782609,6.36277008310249,6.62808631436314,43
"90",2014,3,6.56666666666667,15,7.2875,5.74285714285714,6.1,5.7,7,8,7,2,5,10,1483,682,801,163,366,1117,6.56288034389751,7.08463328445748,6.11864126092385,6.0420245398773,6.35371584699453,6.63141589077887,44
"91",2014,4,6.22666666666667,15,7.58,5.55,6,6.5,6.12727272727273,5,10,4,4,11,1498,687,811,167,370,1128,6.55951371829106,7.08823857350801,6.11162965474723,6.04101796407186,6.3552972972973,6.62649960106383,45
"92",2014,5,5.68571428571429,14,6.58,5.18888888888889,3,2,5.96923076923077,5,9,2,1,13,1512,692,820,169,371,1141,6.55142298280423,7.08456632947977,6.10150201219512,6.00502958579882,6.34355795148248,6.61901099912358,46
"93",2014,6,5.1625,16,6.875,4.59166666666667,4.5,5.08333333333333,5.21,4,12,3,6,10,1528,696,832,172,377,1151,6.53687928664922,7.08336192528736,6.07972554086538,5.97877906976744,6.32350132625995,6.606769374457,47
"94",2014,7,6.38,15,6.95,6,5,6.1,6.42307692307692,6,9,2,2,13,1543,702,841,174,379,1164,6.53535421257291,7.08222207977208,6.07887235434007,5.96752873563218,6.32232189973615,6.60471782646048,48
"95",2014,8,5.63636363636364,11,7,4.5,3,5.43333333333333,5.7125,5,6,1,3,8,1554,707,847,175,382,1172,6.5289907014157,7.08164059405941,6.06768789846517,5.95057142857143,6.31534031413612,6.59862760238908,49
"96",2014,9,5.92777777777778,18,6.7,5.63076923076923,5.825,4.83333333333333,6.14666666666667,5,13,4,3,15,1572,712,860,179,385,1187,6.52210658396947,7.07896053370786,6.06108331395349,5.94776536312849,6.30379220779221,6.59291621735468,50
"97",2014,10,6.4575,16,6.50222222222222,6.4,4.83333333333333,7,6.42133333333333,9,7,3,1,15,1588,721,867,182,386,1202,6.52145563602015,7.0717613037448,6.06381966551326,5.9293956043956,6.30559585492228,6.590775,51
"98",2014,11,6.47619047619048,21,6.94285714285714,5.54285714285714,6.15,6.34285714285714,6.54285714285714,14,7,2,7,14,1609,735,874,184,393,1216,6.52086485394655,7.06930598639456,6.05964719679634,5.93179347826087,6.30625954198473,6.59022331414474,52
"99",2014,12,6.51818181818182,11,6.65,6.16666666666667,6,NA,6.51818181818182,8,3,2,0,11,1620,743,877,186,393,1227,6.52084663580247,7.06479125168237,6.06001328392246,5.93252688172043,6.30625954198473,6.58957746536268,53
"100",2015,1,6,13,6.66666666666667,5.8,5.33333333333333,6.25,5.88888888888889,3,10,3,4,9,1633,746,887,189,397,1236,6.51670027556644,7.06319021447721,6.05708190529876,5.92301587301587,6.3056926952141,6.58447536407767,54
"101",2015,2,6.35714285714286,7,6.83333333333333,6,NA,6,6.5,3,4,0,2,5,1640,749,891,189,399,1241,6.51601923780488,7.06226955941255,6.05682564534231,5.92301587301587,6.30416040100251,6.58413501208703,55
"102",2015,3,7.12307692307692,13,7.41666666666667,6.87142857142857,7.7,8,6.96363636363636,6,7,3,2,11,1653,755,898,192,401,1252,6.52079343617665,7.0650859602649,6.06317555679287,5.95078125,6.31261845386534,6.58746928913738,56
"103",2015,4,6.6875,8,6.5,6.71428571428571,7.33333333333333,7.66666666666667,6.1,1,7,3,3,5,1661,756,905,195,404,1257,6.5215963576159,7.06433849206349,6.0682117679558,5.97205128205128,6.32267326732673,6.58553027048529,57
"104",2015,5,5.75384615384615,13,5.88,5.33333333333333,NA,3.5,6.16363636363636,10,3,0,2,11,1674,766,908,195,406,1268,6.51563413978495,7.048877154047,6.06578375550661,5.97205128205128,6.3087684729064,6.58187030757098,58
"105",2015,6,6.9375,8,8,6.58333333333333,6.5,6.5,7,2,6,1,1,7,1682,768,914,196,407,1275,6.51764063614745,7.05135403645833,6.06918123632385,5.97474489795918,6.30923832923833,6.58416592156863,59
"106",2015,7,6.625,4,6.5,6.66666666666667,9,9,5.83333333333333,1,3,1,1,3,1686,769,917,197,408,1278,6.51789534400949,7.05063706111834,6.07113593238822,5.99010152284264,6.31583333333333,6.58240340375587,60
"107",2015,8,6.66666666666667,12,7.7,5.92857142857143,5.75,5,6.81818181818182,5,7,2,1,11,1698,774,924,199,409,1289,6.51894673144877,7.0548319121447,6.0700558982684,5.98768844221105,6.31261613691931,6.58441547711404,61
"108",2015,9,5.73571428571429,7,7,5.525,5.5,5.5,5.775,1,6,1,1,6,1705,775,930,200,410,1295,6.5157311143695,7.05476116129032,6.06653940860215,5.98525,6.31063414634146,6.58066528957529,62
"109",2015,10,5.92857142857143,7,6,5.83333333333333,5.83333333333333,5,6.08333333333333,4,3,3,1,6,1712,779,933,203,411,1301,6.51333034462617,7.04934518613607,6.06578954983923,5.98300492610837,6.30744525547445,6.57837167563413,63
"110",2015,11,5.55,12,5.94285714285714,5,6,6,5.50909090909091,7,5,1,1,11,1724,786,938,204,412,1312,6.50662502900232,7.03949096692112,6.06010836886994,5.98308823529412,6.30669902912621,6.56940666920732,64
"111",2015,12,7.07777777777778,9,7.78333333333333,5.66666666666667,NA,7.5,7.025,6,3,0,1,8,1733,792,941,204,413,1320,6.50959120023082,7.04512613636364,6.05885403825717,5.98308823529412,6.30958837772397,6.57216784090909,65
"112",2016,1,5.5,8,5.25,5.75,6,5.5,5.5,4,4,1,2,6,1741,796,945,205,415,1326,6.50495206777714,7.03610540201005,6.05754671957672,5.98317073170732,6.30568674698795,6.56731640271493,66
"113",2016,2,6.14285714285714,7,6,6.16666666666667,6.5,5,6.6,1,6,2,2,5,1748,797,951,207,417,1331,6.50350203089245,7.03480539523212,6.05823517350158,5.98816425120773,6.29942446043165,6.56743918106687,67
"114",2016,3,5.14285714285714,7,6.5,4.6,NA,4,5.6,2,5,0,2,5,1755,799,956,207,419,1336,6.49807495726496,7.03346670838548,6.05060842050209,5.98816425120773,6.28844868735083,6.5638185254491,68
"115",2016,4,6.1875,8,7,4.83333333333333,4,6,6.21428571428571,5,3,1,1,7,1763,804,959,208,420,1343,6.4966656551333,7.03325858208955,6.04680046923879,5.97860576923077,6.2877619047619,6.56199668652271,69
"116",2016,5,6.71428571428571,7,6.71428571428571,NA,NA,NA,6.71428571428571,7,0,0,0,7,1770,811,959,208,420,1350,6.49752629943503,7.03050542540074,6.04680046923879,5.97860576923077,6.2877619047619,6.56278633333334,70
"117",2016,6,6.5,4,9,5.66666666666667,6.5,6,6.66666666666667,1,3,2,1,3,1774,812,962,210,421,1353,6.49753187711387,7.03293091133005,6.04561502079002,5.98357142857143,6.2870783847981,6.56301666666667,71
"118",2016,7,6.2,11,6.86666666666667,5.4,NA,NA,6.2,6,5,0,0,11,1785,818,967,210,421,1364,6.49569834733894,7.03171136919315,6.04227678386763,5.98357142857143,6.2870783847981,6.56008911290323,72
"119",2016,8,4.7,5,6.5,4.25,NA,3.5,5.5,1,4,0,2,3,1790,819,971,210,423,1367,6.4906824301676,7.03106214896215,6.03489356333677,5.98357142857143,6.27390070921986,6.55776265544989,73
"120",2016,9,5.5,7,8,4.5,3.5,NA,5.5,2,5,2,0,7,1797,821,976,212,423,1374,6.486823344463,7.03342253349574,6.02703037909836,5.96014150943396,6.27390070921986,6.55237376273654,74
"121",2016,10,6.75,12,7.28571428571429,6,3,7.25,6.5,7,5,1,4,8,1809,828,981,213,427,1382,6.48856912658928,7.03555543478261,6.02689260958206,5.9462441314554,6.28304449648712,6.55207058610709,75
"122",2016,11,6.76,10,6.81666666666667,6.675,NA,7,6.73333333333333,6,4,0,1,9,1819,834,985,213,428,1391,6.4900613249038,7.03398069544365,6.0295245177665,5.9462441314554,6.28471962616822,6.5532433860532,76
"123",2016,12,6.04285714285714,7,5.83333333333333,6.2,NA,6,6.05,3,4,0,1,6,1826,837,989,213,429,1397,6.48834696056955,7.02967729988053,6.03021400404449,5.9462441314554,6.28405594405594,6.55108199713672,77
"124",2017,1,5.66666666666667,18,6.5,5.25,5,3.5,5.9375,6,12,3,2,16,1844,843,1001,216,431,1413,6.48032622017354,7.02590735468565,6.02086078921079,5.93310185185185,6.27113689095128,6.54413414720453,78
"125",2017,2,6.6875,8,7.5,5.33333333333333,5.33333333333333,NA,6.6875,5,3,3,0,8,1852,848,1004,219,431,1421,6.48122113930886,7.02870271226415,6.01880642430279,5.92488584474886,6.27113689095128,6.54494127375088,79
"126",2017,3,5.85714285714286,7,7,3,3,7,5.66666666666667,5,2,1,1,6,1859,853,1006,220,432,1427,6.47887119419043,7.02853446658851,6.01280482107356,5.91159090909091,6.27282407407407,6.54124845830414,80
"127",2017,4,6.38888888888889,9,6.5,6.3,6,NA,6.38888888888889,4,5,1,0,9,1868,857,1011,221,432,1436,6.47843766059957,7.02606756126021,6.01422517309595,5.91199095022624,6.27282407407407,6.54029355849582,81
"128",2017,5,5.42857142857143,7,6,5.2,NA,NA,5.42857142857143,2,5,0,0,7,1875,859,1016,221,432,1443,6.47451816,7.02367857974389,6.01021815944882,5.91199095022624,6.27282407407407,6.53490058905059,82
"129",2017,6,5.94444444444444,9,6,5.9,NA,9,5.5625,4,5,0,1,8,1884,863,1021,221,433,1451,6.47198596072187,7.01893383545771,6.00967840352595,5.91199095022624,6.27912240184757,6.52953931771192,83
"130",2017,7,6.4,5,8,5.33333333333333,6,7.33333333333333,5,2,3,1,3,2,1889,865,1024,222,436,1453,6.4717954208576,7.02120219653179,6.00769692382813,5.91238738738739,6.28637614678899,6.52743396421198,84
"131",2017,8,6,8,6.6,5,6,6,6,5,3,1,4,4,1897,870,1027,223,440,1457,6.46980577227201,7.01878149425287,6.00475331061344,5.91278026905829,6.28377272727273,6.52598596431023,85
"132",2017,9,6.00833333333333,12,6.5,5.65714285714286,6,6.25,5.96,5,7,2,2,10,1909,875,1034,225,442,1467,6.46690495023573,7.01581702857143,6.0024000483559,5.91355555555555,6.28361990950226,6.52212784594411,86
"133",2017,10,5.55555555555556,9,4.5,5.85714285714286,6.33333333333333,2,6,2,7,3,1,8,1918,877,1041,228,443,1475,6.46262854535975,7.01007970353478,6.00142329490874,5.91907894736842,6.27395033860045,6.5192959661017,87
"134",2017,11,5.64285714285714,7,5.66666666666667,5.625,5.75,NA,5.64285714285714,3,4,2,0,7,1925,880,1045,230,443,1482,6.45964755844156,7.00549988636364,5.99998244019139,5.91760869565217,6.27395033860045,6.51515624156545,88
"135",2017,12,6.16666666666667,6,6.5,6,6,NA,6.16666666666667,2,4,2,0,6,1931,882,1049,232,443,1488,6.45873720870016,7.00435362811791,5.99998250714967,5.91831896551724,6.27395033860045,6.51375104166667,89
"136",2018,1,5.84615384615385,13,5.85714285714286,5.83333333333333,5,5.25,6.11111111111111,7,6,1,4,9,1944,889,1055,233,447,1497,6.45464071502058,6.99532047244094,5.99903473933649,5.91437768240343,6.26478747203579,6.51133036072145,90
"137",2018,2,6,4,6,NA,NA,5,7,4,0,0,2,2,1948,893,1055,233,449,1499,6.45370716119097,6.99086215005599,5.99903473933649,5.91437768240343,6.25915367483296,6.51198235490327,91
"138",2018,3,6.58,3,NA,6.58,6.24,6.24,6.75,0,3,1,1,2,1951,893,1058,234,450,1501,6.45390135827781,6.99086215005599,6.00068208884688,5.91576923076923,6.25911111111111,6.51229950033311,92
"139",2018,5,5.75,4,8,5,NA,6,5.66666666666667,1,3,0,1,3,1955,894,1061,234,451,1504,6.45246115089514,6.99199093959731,5.99785263901979,5.91576923076923,6.25853658536585,6.51061273271277,94
"140",2018,6,6.66666666666667,3,6,8,NA,NA,6.66666666666667,2,1,0,0,3,1958,896,1062,234,451,1507,6.45278935137896,6.98977667410714,5.99973790018832,5.91576923076923,6.25853658536585,6.51092339084274,95
"141",2018,7,5.66666666666667,3,7,3,NA,3,7,2,1,0,1,2,1961,898,1063,234,452,1509,6.45158671596125,6.98979944320713,5.99691594543744,5.91576923076923,6.25132743362832,6.51157160371107,96
"142",2018,8,6.7,5,7,6.25,4.5,7,6.625,3,2,1,1,4,1966,901,1065,235,453,1513,6.45221848931842,6.98983340732519,5.99739122065728,5.90974468085106,6.25298013245033,6.51187148050232,97
"143",2018,9,6.75,2,6.5,7,NA,NA,6.75,1,1,0,0,2,1968,902,1066,235,453,1515,6.45252111280488,6.98929035476718,5.99833175422139,5.90974468085106,6.25298013245033,6.51218584158416,98
"144",2018,10,6.91666666666667,6,8,6.375,6.75,NA,6.91666666666667,2,4,2,0,6,1974,904,1070,237,453,1521,6.45393188956434,6.9915264380531,5.99973985981308,5.91683544303797,6.25298013245033,6.51378142669297,99
"145",2018,11,6.42857142857143,7,6.625,6.16666666666667,6.25,7,6.2,4,3,2,2,5,1981,908,1073,239,455,1526,6.45384227662797,6.98991178414097,6.00020657036347,5.91962343096234,6.25626373626373,6.51275330930538,100
"146",2018,12,6.5,3,6.5,NA,NA,NA,6.5,3,0,0,0,3,1984,911,1073,239,455,1529,6.45391207157258,6.98829846322722,6.00020657036347,5.91962343096234,6.25626373626373,6.51272828646174,101
"147",2019,1,6,11,6.25,5.33333333333333,4,7,5.77777777777778,8,3,1,2,9,1995,919,1076,240,457,1538,6.45140929824562,6.98187149075082,5.99834725836431,5.911625,6.25951859956236,6.50842753576073,102
"148",2019,2,10,1,10,NA,NA,NA,10,1,0,0,0,1,1996,920,1076,240,457,1539,6.4531871492986,6.98515206521739,5.99834725836431,5.911625,6.25951859956236,6.51069626380767,103
"149",2019,3,5.625,4,7.25,4,4,6,5.5,2,2,2,1,3,2000,922,1078,242,458,1542,6.451530775,6.98572657266811,5.99463974953618,5.89582644628099,6.2589519650655,6.50872992866408,104
"150",2019,4,7.3,5,7.66666666666667,6.75,6,NA,7.3,3,2,1,0,5,2005,925,1080,243,458,1547,6.45364665835412,6.98793502702703,5.99603856481481,5.89625514403292,6.2589519650655,6.51128736263736,105
"151",2019,5,6.13333333333333,3,6.95,4.5,4.5,NA,6.13333333333333,2,1,1,0,3,2008,927,1081,244,458,1550,6.45316810258964,6.98785318230852,5.9946546253469,5.89053278688524,6.2589519650655,6.51055583870968,106
"152",2019,6,6.75,2,6.75,NA,NA,NA,6.75,2,0,0,0,2,2010,929,1081,244,458,1552,6.45346345771144,6.98734111948331,5.9946546253469,5.89053278688524,6.2589519650655,6.5108644007732,107
"153",2019,7,4,2,4,NA,NA,NA,4,2,0,0,0,2,2012,931,1081,244,458,1554,6.45102462723658,6.98092363050483,5.9946546253469,5.89053278688524,6.2589519650655,6.50763291505792,108
"154",2019,8,6.0625,8,5.5,6.625,NA,6.75,5.83333333333333,4,4,0,2,6,2020,935,1085,244,460,1560,6.44948591584159,6.97458812834225,5.99697847926267,5.89053278688524,6.26108695652174,6.50503945512821,109
"155",2019,9,8.5,2,NA,8.5,NA,7,10,0,2,0,1,1,2022,935,1087,244,461,1561,6.45151411968348,6.97458812834225,6.00158385464581,5.89053278688524,6.26268980477223,6.50727837924408,110
"156",2019,10,5.83333333333333,9,7,4.9,NA,5.83333333333333,5.83333333333333,4,5,0,3,6,2031,939,1092,244,464,1567,6.44877476612506,6.97469637912673,5.99653997252747,5.89053278688524,6.25991379310345,6.50469786215699,111
"157",2019,11,6.5175,6,6.6,6.435,NA,NA,6.5175,3,3,0,0,6,2037,942,1095,244,464,1573,6.44897719685813,6.97350307855626,5.99774123287671,5.89053278688524,6.25991379310345,6.50474669421488,112
"158",2019,12,4.60666666666667,6,4.66666666666667,4.54666666666667,6,NA,4.60666666666667,3,3,1,0,6,2043,945,1098,245,464,1579,6.44356659324523,6.96617978835979,5.99377654826958,5.89097959183673,6.25991379310345,6.49753423052565,113
"159",2020,1,6.46666666666667,6,6.325,6.75,7,NA,6.46666666666667,4,2,1,0,6,2049,949,1100,246,464,1585,6.44363423621279,6.96347723919916,5.9951515,5.89548780487805,6.25991379310345,6.49741738170347,114
"160",2020,2,5.5,5,5.5,5.5,5.5,6,5.375,4,1,1,1,4,2054,953,1101,247,465,1589,6.44133717137293,6.95733462749213,5.99470177111717,5.89388663967611,6.25935483870968,6.49459191315293,115
"161",2020,3,7.08571428571429,7,7.43333333333333,5,5,NA,7.08571428571429,6,1,1,0,7,2061,959,1102,248,465,1596,6.44352573993207,6.96031272158498,5.99379913793103,5.89028225806451,6.25935483870968,6.49718455513785,116
"162",2020,4,7,3,7,NA,NA,NA,7,3,0,0,0,3,2064,962,1102,248,465,1599,6.44433456879845,6.96043648648649,5.99379913793103,5.89028225806451,6.25935483870968,6.49812792370231,117
"163",2020,5,5.33333333333333,3,6.5,3,NA,7,4.5,2,1,0,1,2,2067,964,1103,248,466,1601,6.44272208514756,6.95948122406639,5.99108490480508,5.89028225806451,6.26094420600858,6.49563182386009,118
"164",2020,6,6,1,6,NA,NA,NA,6,1,0,0,0,1,2068,965,1103,248,466,1602,6.44250800290135,6.95848694300518,5.99108490480508,5.89028225806451,6.26094420600858,6.49532244069913,119
"165",2020,7,6,2,NA,6,6,6,6,0,2,1,1,1,2070,965,1105,249,467,1603,6.4420804589372,6.95848694300518,5.99110104072398,5.89072289156626,6.26038543897216,6.49501344354336,120
"166",2020,8,5,2,NA,5,NA,NA,5,0,2,0,0,2,2072,965,1107,249,467,1605,6.44068848938224,6.95848694300518,5.98931043360434,5.89072289156626,6.26038543897216,6.49315049844237,121
"167",2020,9,5.25,4,5,5.5,7,4,5.66666666666667,2,2,1,1,3,2076,967,1109,250,468,1608,6.43839429190752,6.95443629782834,5.98842799819657,5.89516,6.25555555555555,6.49160855099503,122
"168",2020,10,7.66666666666667,3,8,7,7,NA,7.66666666666667,2,1,1,0,3,2079,969,1110,251,468,1611,6.44016669071669,6.95659432404541,5.98933932432432,5.89956175298805,6.25555555555555,6.49379674115456,123
"169",2020,11,5.41666666666667,6,5.83333333333333,5,NA,6,5.3,3,3,0,1,5,2085,972,1113,251,469,1616,6.43722136690648,6.9531274691358,5.98667264150943,5.89956175298805,6.25501066098081,6.49010306311881,124
"170",2020,12,5.66683333333333,6,6,5.6002,6,7,5.4002,1,5,2,1,5,2091,973,1118,253,470,1621,6.43501078431373,6.95214789311408,5.98494423076923,5.9003557312253,6.25659574468085,6.48674123997533,125
"171",2021,1,6.48571428571429,7,6.73333333333333,5,NA,NA,6.48571428571429,6,1,0,0,7,2098,979,1119,253,470,1628,6.435179957102,6.95080684371808,5.98406403038427,5.9003557312253,6.25659574468085,6.48673682432433,126
"172",2021,2,4.5,2,5,4,NA,NA,4.5,1,1,0,0,2,2100,980,1120,253,470,1630,6.43333692857143,6.9488162244898,5.98229254464286,5.9003557312253,6.25659574468085,6.48429911042945,127
"173",2021,3,6.5,4,6.33333333333333,7,NA,5,7,3,1,0,1,3,2104,983,1121,253,471,1633,6.43346366444867,6.94693784333672,5.9832004014273,5.9003557312253,6.25392781316348,6.48524650949173,128
"174",2021,4,4.25,2,NA,4.25,3,NA,4.25,0,2,1,0,2,2106,983,1123,254,471,1635,6.4313900997151,6.94693784333672,5.98011366874444,5.88893700787401,6.25392781316348,6.48251226299694,129
"175",2021,5,4,1,NA,4,NA,NA,4,0,1,0,0,1,2107,983,1124,254,471,1636,6.43023614143332,6.94693784333672,5.97835200177936,5.88893700787401,6.25392781316348,6.48099483496333,130
"176",2021,6,6.5,2,NA,6.5,7,NA,6.5,0,2,1,0,2,2109,983,1126,255,471,1638,6.43030229966809,6.94693784333672,5.97927855239787,5.89329411764706,6.25392781316348,6.48101804029304,131
"177",2021,7,6.75,2,7,6.5,6.5,NA,6.75,1,1,1,0,2,2111,984,1127,256,471,1640,6.43060518711511,6.94699176829268,5.97974059449867,5.8956640625,6.25392781316348,6.48134606707317,132
"178",2021,8,4.875,4,5.33333333333333,3.5,NA,4.75,5,3,1,0,2,2,2115,987,1128,256,473,1642,6.42766314420804,6.94208703140831,5.9775422429078,5.8956640625,6.24756871035941,6.47954174786845,133
"179",2021,9,6.125,4,7,5.83333333333333,6.5,6.5,6,1,3,1,1,3,2119,988,1131,257,474,1645,6.42709181217556,6.94214564777328,5.97715972590628,5.89801556420233,6.24810126582278,6.47866720364742,134
"180",2021,10,4.5,4,NA,4.5,5,3.5,5.5,0,4,3,2,2,2123,988,1135,260,476,1647,6.42346092793217,6.94214564777328,5.97195387665198,5.88765384615385,6.23655462184874,6.47747877959927,135
"181",2021,11,6.66666666666667,3,7.5,5,NA,7,6.5,2,1,0,1,2,2126,990,1136,260,477,1649,6.42380411571026,6.94327262626263,5.97109828345071,5.88765384615385,6.23815513626834,6.47750609460279,136
"182",2021,12,5.71533333333333,3,6,5.573,5.146,5.146,6,1,2,1,1,2,2129,991,1138,261,478,1651,6.42280580084547,6.94232078708375,5.97039863796134,5.8848122605364,6.23587029288703,6.47692764990915,137
"183",2022,1,6.41,10,6.68333333333333,6,5.5,5.66666666666667,6.72857142857143,6,4,2,3,7,2139,997,1142,263,481,1658,6.42274593267882,6.94076218655968,5.97050232049037,5.88188593155893,6.23232016632017,6.47799007840772,138
"184",2022,2,4.875,4,5.25,4.5,4.5,5.25,4.5,2,2,2,2,2,2143,999,1144,265,483,1660,6.41985699953337,6.93737727727728,5.96793151223776,5.87145660377358,6.22825258799172,6.47560695783133,139
"185",2022,3,6,3,7,5.5,5,NA,6,1,2,1,0,3,2146,1000,1146,266,483,1663,6.41927006057782,6.9374399,5.96711487783595,5.86818045112782,6.22825258799172,6.47474897775105,140
"186",2022,4,7,1,7,NA,NA,NA,7,1,0,0,0,1,2147,1001,1146,266,483,1664,6.41954054494644,6.9375023976024,5.96711487783595,5.86818045112782,6.22825258799172,6.47506463341346,141
"187",2022,5,7.8,1,7.8,NA,NA,7.8,NA,1,0,0,1,0,2148,1002,1146,266,484,1664,6.420183216946,6.93836317365269,5.96711487783595,5.86818045112782,6.2315,6.47506463341346,142
"188",2022,6,7.5,2,8,7,NA,8,7,1,1,0,1,1,2150,1003,1147,266,485,1665,6.42118769767442,6.93942163509472,5.96801538796861,5.86818045112782,6.23514639175258,6.47537990990991,143
"189",2022,8,8.33333333333333,3,8,9,NA,9,8,2,1,0,1,2,2153,1005,1148,266,486,1667,6.42385209010683,6.94153223880597,5.97065648954704,5.86818045112782,6.2408353909465,6.47720908818236,145
"190",2022,9,4.75,4,4.5,5,NA,NA,4.75,2,2,0,0,4,2157,1007,1150,266,486,1671,6.42074805285118,6.93668311817279,5.96896839130435,5.86818045112782,6.2408353909465,6.47307453620587,146
"191",2022,10,6.28571428571429,7,8.5,4.625,3.5,7.25,5.9,3,4,2,2,5,2164,1010,1154,268,488,1676,6.42031125231054,6.94132663366337,5.9643099220104,5.85050746268657,6.24497131147541,6.47136488663485,147
"192",2022,11,6.23333333333333,3,6.1,6.5,6.5,NA,6.23333333333333,2,1,1,0,3,2167,1012,1155,269,488,1679,6.42005239963083,6.93966393280632,5.96477372294372,5.8529219330855,6.24497131147541,6.47093957712925,148
"193",2022,12,5.25,4,6.5,4,5,5,5.33333333333333,2,2,1,1,3,2171,1014,1157,270,489,1682,6.41789661446338,6.93879674556213,5.96137739844425,5.84976296296296,6.24242535787321,6.4689105529132,149
