"","year","month","avg_rating","no_ratings","avg_rating_owned","avg_rating_not_owned","avg_rating_prev_owned","avg_rating_comment","avg_rating_no_comment","no_ratings_owned","no_ratings_not_owned","no_ratings_prev_owned","no_ratings_comment","no_ratings_no_comment","cum_no_ratings","cum_no_ratings_owned","cum_no_ratings_not_owned","cum_no_ratings_prev_owned","cum_no_ratings_comment","cum_no_ratings_no_comment","cum_avg_rating","cum_avg_rating_owned","cum_avg_rating_not_owned","cum_avg_rating_prev_owned","cum_avg_rating_comment","cum_avg_rating_no_comment","month_after_release"
"1",2001,11,8,1,8,NA,NA,8,NA,1,0,0,1,0,1,1,0,0,1,0,8,8,NA,NA,8,NA,-23
"2",2002,1,6.5,2,7,6,NA,7,6,1,1,0,1,1,3,2,1,0,2,1,7,7.5,6,NA,7.5,6,-21
"3",2002,2,6,1,NA,6,6,NA,6,0,1,1,0,1,4,2,2,1,2,2,6.75,7.5,6,6,7.5,6,-20
"4",2002,3,7,1,7,NA,NA,NA,7,1,0,0,0,1,5,3,2,1,2,3,6.8,7.33333333333333,6,6,7.5,6.33333333333333,-19
"5",2002,5,7.5,1,7.5,NA,NA,NA,7.5,1,0,0,0,1,6,4,2,1,2,4,6.91666666666667,7.375,6,6,7.5,6.625,-17
"6",2002,6,7.25,2,7.25,NA,NA,NA,7.25,2,0,0,0,2,8,6,2,1,2,6,7,7.33333333333333,6,6,7.5,6.83333333333333,-16
"7",2002,8,7,1,7,NA,NA,NA,7,1,0,0,0,1,9,7,2,1,2,7,7,7.28571428571429,6,6,7.5,6.85714285714286,-14
"8",2002,9,5.5,2,NA,5.5,NA,5.5,NA,0,2,0,2,0,11,7,4,1,4,7,6.72727272727273,7.28571428571429,5.75,6,6.5,6.85714285714286,-13
"9",2002,11,6,4,6.33333333333333,5,NA,6,6,3,1,0,1,3,15,10,5,1,5,10,6.53333333333333,7,5.6,6,6.4,6.6,-11
"10",2003,1,7.6,5,7.66666666666667,7.5,NA,6,8,3,2,0,1,4,20,13,7,1,6,14,6.8,7.15384615384615,6.14285714285714,6,6.33333333333333,7,-9
"11",2003,5,6.41666666666667,6,7.5,1,NA,5.83333333333333,7,5,1,0,3,3,26,18,8,1,9,17,6.71153846153846,7.25,5.5,6,6.16666666666667,7,-5
"12",2003,6,7,2,7,NA,NA,6,8,2,0,0,1,1,28,20,8,1,10,18,6.73214285714286,7.225,5.5,6,6.15,7.05555555555556,-4
"13",2003,7,6,8,7,5.4,NA,6,6,3,5,0,4,4,36,23,13,1,14,22,6.56944444444444,7.19565217391304,5.46153846153846,6,6.10714285714286,6.86363636363636,-3
"14",2003,8,6.33333333333333,9,6.25,6.4,NA,6,6.42857142857143,4,5,0,2,7,45,27,18,1,16,29,6.52222222222222,7.05555555555556,5.72222222222222,6,6.09375,6.75862068965517,-2
"15",2003,9,6,2,7,5,NA,NA,6,1,1,0,0,2,47,28,19,1,16,31,6.5,7.05357142857143,5.68421052631579,6,6.09375,6.70967741935484,-1
"16",2003,10,6.25,4,6,6.5,NA,NA,6.25,2,2,0,0,4,51,30,21,1,16,35,6.48039215686275,6.98333333333333,5.76190476190476,6,6.09375,6.65714285714286,0
"17",2003,11,7.25,4,7.5,7,NA,9,6.66666666666667,2,2,0,1,3,55,32,23,1,17,38,6.53636363636364,7.015625,5.8695652173913,6,6.26470588235294,6.65789473684211,1
"18",2003,12,6.125,8,6.75,5.5,NA,6.33333333333333,6,4,4,0,3,5,63,36,27,1,20,43,6.48412698412698,6.98611111111111,5.81481481481481,6,6.275,6.58139534883721,2
"19",2004,1,6.33333333333333,3,6.33333333333333,NA,NA,7,6,3,0,0,1,2,66,39,27,1,21,45,6.47727272727273,6.93589743589744,5.81481481481481,6,6.30952380952381,6.55555555555556,3
"20",2004,2,6.08333333333333,6,7.125,4,NA,7,5.625,4,2,0,2,4,72,43,29,1,23,49,6.44444444444444,6.95348837209302,5.68965517241379,6,6.3695652173913,6.47959183673469,4
"21",2004,3,6.31818181818182,11,6.27777777777778,6.5,7,7,6.25,9,2,1,1,10,83,52,31,2,24,59,6.42771084337349,6.83653846153846,5.74193548387097,6.5,6.39583333333333,6.44067796610169,5
"22",2004,4,6.64285714285714,7,6.66666666666667,6.625,NA,7,6.58333333333333,3,4,0,1,6,90,55,35,2,25,65,6.44444444444444,6.82727272727273,5.84285714285714,6.5,6.42,6.45384615384615,6
"23",2004,5,6.33333333333333,6,6.66666666666667,6,NA,7,6.2,3,3,0,1,5,96,58,38,2,26,70,6.4375,6.81896551724138,5.85526315789474,6.5,6.44230769230769,6.43571428571429,7
"24",2004,6,7.125,8,7.5,6,6,6.66666666666667,7.4,6,2,1,3,5,104,64,40,3,29,75,6.49038461538461,6.8828125,5.8625,6.33333333333333,6.46551724137931,6.5,8
"25",2004,7,7.66666666666667,6,7.5,8,NA,7.8,7,4,2,0,5,1,110,68,42,3,34,76,6.55454545454545,6.91911764705882,5.96428571428571,6.33333333333333,6.66176470588235,6.50657894736842,9
"26",2004,8,7.3,5,7.83333333333333,6.5,7,8,7.125,3,2,1,1,4,115,71,44,4,35,80,6.58695652173913,6.95774647887324,5.98863636363636,6.5,6.7,6.5375,10
"27",2004,9,5.75,4,5.33333333333333,7,NA,6,5.5,3,1,0,2,2,119,74,45,4,37,82,6.55882352941176,6.89189189189189,6.01111111111111,6.5,6.66216216216216,6.51219512195122,11
"28",2004,10,6.18571428571429,7,6.21666666666667,6,NA,6,6.21666666666667,6,1,0,1,6,126,80,46,4,38,88,6.53809523809524,6.84125,6.01086956521739,6.5,6.64473684210526,6.49204545454545,12
"29",2004,11,6.41666666666667,12,6.625,6,NA,6.66666666666667,6.33333333333333,8,4,0,3,9,138,88,50,4,41,97,6.52753623188406,6.82159090909091,6.01,6.5,6.64634146341463,6.47731958762887,13
"30",2004,12,6.33333333333333,9,6.57142857142857,5.5,NA,6,6.42857142857143,7,2,0,2,7,147,95,52,4,43,104,6.5156462585034,6.80315789473684,5.99038461538461,6.5,6.61627906976744,6.47403846153846,14
"31",2005,1,5.72727272727273,11,6,3,NA,6,5.4,10,1,0,6,5,158,105,53,4,49,109,6.46075949367089,6.72666666666667,5.93396226415094,6.5,6.54081632653061,6.42477064220183,15
"32",2005,2,6.79166666666667,12,6.9375,6.5,NA,6.875,6.75,8,4,0,4,8,170,113,57,4,53,117,6.48411764705882,6.74159292035398,5.97368421052632,6.5,6.56603773584906,6.44700854700855,16
"33",2005,3,5.28571428571429,7,6.33333333333333,4.5,NA,5.4,5,3,4,0,5,2,177,116,61,4,58,119,6.43672316384181,6.73103448275862,5.87704918032787,6.5,6.46551724137931,6.42268907563025,17
"34",2005,4,7,5,7.25,6,NA,8.5,6,4,1,0,2,3,182,120,62,4,60,122,6.4521978021978,6.74833333333333,5.87903225806452,6.5,6.53333333333333,6.41229508196721,18
"35",2005,5,6.02222222222222,9,6.8,5.4,NA,7.06666666666667,5.5,4,5,0,3,6,191,124,67,4,63,128,6.43193717277487,6.75,5.84328358208955,6.5,6.55873015873016,6.36953125,19
"36",2005,6,7.17,10,7.17142857142857,7.16666666666667,7.16666666666667,7.4,7.07142857142857,7,3,3,3,7,201,131,70,7,66,135,6.46865671641791,6.77251908396947,5.9,6.78571428571429,6.5969696969697,6.40592592592593,20
"37",2005,7,6.83333333333333,6,7,6,NA,7,6.75,5,1,0,2,4,207,136,71,7,68,139,6.4792270531401,6.78088235294118,5.90140845070423,6.78571428571429,6.60882352941176,6.4158273381295,21
"38",2005,8,7,15,7.25,6,7,6.8,7.1,12,3,1,5,10,222,148,74,8,73,149,6.51441441441441,6.81891891891892,5.90540540540541,6.8125,6.62191780821918,6.46174496644295,22
"39",2005,9,7.25,4,7.25,NA,NA,7,7.5,4,0,0,2,2,226,152,74,8,75,151,6.52743362831858,6.83026315789474,5.90540540540541,6.8125,6.632,6.47549668874172,23
"40",2005,10,7,8,6.66666666666667,8,9,6.625,7.375,6,2,1,4,4,234,158,76,9,79,155,6.54358974358974,6.82405063291139,5.96052631578947,7.05555555555556,6.63164556962025,6.49870967741936,24
"41",2005,11,6.45,10,7.0625,4,5,7,6.3125,8,2,1,2,8,244,166,78,10,81,163,6.53975409836066,6.8355421686747,5.91025641025641,6.85,6.64074074074074,6.48957055214724,25
"42",2005,12,6.8,16,7.22222222222222,6.25714285714286,7.25,7.3125,6.2875,9,7,2,8,8,260,175,85,12,89,171,6.55576923076923,6.85542857142857,5.93882352941177,6.91666666666667,6.70112359550562,6.48011695906433,26
"43",2006,1,7.02,15,7.18181818181818,6.575,NA,7.16666666666667,6.98333333333333,11,4,0,3,12,275,186,89,12,92,183,6.58109090909091,6.8747311827957,5.96741573033708,6.91666666666667,6.71630434782609,6.51311475409836,27
"44",2006,2,6.83333333333333,9,6.92857142857143,6.5,6.5,6.5,6.92857142857143,7,2,2,2,7,284,193,91,14,94,190,6.58908450704225,6.87668393782384,5.97912087912088,6.85714285714286,6.71170212765957,6.52842105263158,28
"45",2006,3,7.05555555555556,9,7.125,6.5,NA,7,7.125,8,1,0,5,4,293,201,92,14,99,194,6.60341296928328,6.88656716417911,5.98478260869565,6.85714285714286,6.72626262626263,6.54072164948454,29
"46",2006,4,6.95454545454545,11,7.6,6.41666666666667,6,7.25,6.78571428571429,5,6,3,4,7,304,206,98,17,103,201,6.61611842105263,6.90388349514563,6.01122448979592,6.70588235294118,6.74660194174757,6.54925373134328,30
"47",2006,5,6.5,14,6.75,6.16666666666667,6,6.7,6,8,6,3,10,4,318,214,104,20,113,205,6.61100628930818,6.8981308411215,6.02019230769231,6.6,6.74247787610619,6.53853658536585,31
"48",2006,6,7.1,10,7.21428571428571,6.83333333333333,7,7.2,7,7,3,1,5,5,328,221,107,21,118,210,6.62591463414634,6.90814479638009,6.04299065420561,6.61904761904762,6.76186440677966,6.54952380952381,32
"49",2006,7,6.53888888888889,18,6.83636363636364,6.07142857142857,6,6.13333333333333,6.94444444444444,11,7,1,9,9,346,232,114,22,127,219,6.62138728323699,6.90474137931035,6.04473684210526,6.59090909090909,6.71732283464567,6.56575342465753,33
"50",2006,8,6.63157894736842,19,6.73333333333333,6.25,6.5,6.5,6.69230769230769,15,4,1,6,13,365,247,118,23,133,232,6.62191780821918,6.89433198380567,6.05169491525424,6.58695652173913,6.70751879699248,6.57284482758621,34
"51",2006,9,6.84090909090909,22,7.25,6.125,6,6.77272727272727,6.90909090909091,14,8,2,11,11,387,261,126,25,144,243,6.6343669250646,6.91340996168582,6.05634920634921,6.54,6.7125,6.5880658436214,35
"52",2006,10,6.8,20,6.92307692307692,6.57142857142857,9,7.5,6.56666666666667,13,7,1,5,15,407,274,133,26,149,258,6.64250614250614,6.91386861313869,6.08345864661654,6.63461538461539,6.73892617449664,6.58682170542636,36
"53",2006,11,6.77777777777778,9,6.5,9,NA,8,6.42857142857143,8,1,0,2,7,416,282,134,26,151,265,6.64543269230769,6.90212765957447,6.10522388059702,6.63461538461539,6.75562913907285,6.58264150943396,37
"54",2006,12,6.55263157894737,19,6.92857142857143,5.5,5,5.7,6.85714285714286,14,5,1,5,14,435,296,139,27,156,279,6.64137931034483,6.90337837837838,6.08345323741007,6.57407407407407,6.72179487179487,6.59641577060932,38
"55",2007,1,6.32608695652174,23,6.46428571428571,6.11111111111111,6.125,6.66666666666667,5.95454545454545,14,9,4,12,11,458,310,148,31,168,290,6.62554585152838,6.88354838709678,6.08513513513514,6.51612903225806,6.71785714285714,6.57206896551724,39
"56",2007,2,6.53039454545455,22,6.46875,6.69478,6,7,6.20528307692308,16,6,1,9,13,480,326,154,32,177,303,6.62118475,6.86319018404908,6.10888753246753,6.5,6.73220338983051,6.55633227722772,40
"57",2007,3,6.47777777777778,27,6.64285714285714,6.3,5.95,6.25,6.57368421052632,14,13,2,8,19,507,340,167,34,185,322,6.61354769230769,6.85411764705882,6.1237645508982,6.46764705882353,6.71135135135135,6.55735614906832,41
"58",2007,4,6.62777777777778,18,7.02727272727273,6,6,6.75,6.475,11,7,1,10,8,525,351,174,35,195,330,6.61403558095238,6.85954415954416,6.11878551724138,6.45428571428571,6.71333333333333,6.55535963636364,42
"59",2007,5,6.65833333333333,24,7.20625,5.5625,7,6.8,6.55714285714286,16,8,1,10,14,549,367,182,36,205,344,6.61597209471767,6.87465940054496,6.09433340659341,6.46944444444444,6.71756097560976,6.55543220930233,43
"60",2007,6,6.688,25,7.01428571428571,6.27272727272727,6.66666666666667,6.85714285714286,6.62222222222222,14,11,3,7,18,574,381,193,39,212,362,6.61910919860627,6.87979002624672,6.10450093264249,6.48461538461539,6.72216981132076,6.55875325966851,44
"61",2007,7,6.4,10,6.75,5,6,6.71428571428571,5.66666666666667,8,2,1,7,3,584,389,195,40,219,365,6.61535732876712,6.87712082262211,6.09317271794872,6.4725,6.72191780821918,6.55142104109589,45
"62",2007,8,6.4,17,7.3,5.90909090909091,6,6,6.45333333333333,6,11,3,2,15,601,395,206,43,221,380,6.60926569051581,6.88354430379747,6.08334310679612,6.43953488372093,6.71538461538462,6.54754915789474,46
"63",2007,9,6.42857142857143,21,6.95,5.95454545454545,7,6.25,6.5,10,11,1,6,15,622,405,217,44,227,395,6.60316508038585,6.88518518518519,6.07681419354839,6.45227272727273,6.70308370044053,6.54574349367089,47
"64",2007,10,6.32857142857143,28,7.02142857142857,5.63571428571429,6.5,6.79,6.07222222222222,14,14,2,10,18,650,419,231,46,237,413,6.59133643076923,6.88973747016707,6.05008086580087,6.45434782608696,6.70675105485232,6.52510576271187,48
"65",2007,11,6.58809523809524,21,6.84,5.95833333333333,7,6.76428571428571,6.5,15,6,2,7,14,671,434,237,48,244,427,6.59123499254844,6.88801843317973,6.04775814345992,6.47708333333333,6.70840163934426,6.52428262295082,49
"66",2007,12,6.61851851851852,27,7.035,5.42857142857143,5.75,6.05555555555556,6.9,20,7,4,9,18,698,454,244,52,253,445,6.59229037249284,6.89449339207049,6.02999459016394,6.42115384615385,6.68517786561265,6.53948017977528,50
"67",2008,1,6.67142857142857,28,6.66470588235294,6.68181818181818,6.5,6.18,6.94444444444444,17,11,3,10,18,726,471,255,55,263,463,6.59534253443526,6.88619957537155,6.05811247058824,6.42545454545455,6.66596958174905,6.55522393088553,51
"68",2008,2,6.42692307692308,26,6.475,6.35,7.33333333333333,6.46666666666667,6.39285714285714,16,10,3,12,14,752,487,265,58,275,477,6.5895195212766,6.87268993839836,6.06912709433962,6.47241379310345,6.65727272727273,6.55045844863732,52
"69",2008,3,6.31190476190476,21,7.12916666666667,5.22222222222222,NA,6.86111111111111,5.9,12,9,0,9,12,773,499,274,58,284,489,6.58197759379043,6.87885771543086,6.04130905109489,6.47241379310345,6.6637323943662,6.53449627811861,53
"70",2008,4,6.68260869565217,23,6.92777777777778,5.8,6,6.66666666666667,6.68823529411765,18,5,1,6,17,796,517,279,59,290,506,6.58488527638191,6.88056092843327,6.03698451612903,6.46440677966102,6.66379310344828,6.5396614229249,54
"71",2008,5,6.59545454545455,22,6.62142857142857,6.55,7,7.08333333333333,6.4125,14,8,1,6,16,818,531,287,60,296,522,6.58516953545232,6.87372881355932,6.05128459930314,6.47333333333333,6.6722972972973,6.53576375478927,55
"72",2008,6,6.65,20,6.90909090909091,6.33333333333333,8,6.75,6.58333333333333,11,9,1,8,12,838,542,296,61,304,534,6.58671680190931,6.87444649446495,6.05986040540541,6.49836065573771,6.67434210526316,6.5368327340824,56
"73",2008,7,6.26666666666667,21,6.9,5.79166666666667,5.58333333333333,4.625,6.65294117647059,9,12,6,4,17,859,551,308,67,308,551,6.57889252619325,6.87486388384755,6.0494112987013,6.41641791044776,6.64772727272727,6.54041502722323,57
"74",2008,8,6.7,17,6.3,7.05555555555556,7,6.38,6.83333333333333,8,9,3,5,12,876,559,317,70,313,563,6.58124278538813,6.86663685152057,6.07797690851735,6.44142857142857,6.64345047923323,6.54665840142096,58
"75",2008,9,6.90277777777778,18,7.25,6,6.5,6.78571428571429,6.97727272727273,13,5,2,7,11,894,572,322,72,320,574,6.5877166442953,6.87534965034965,6.07676608695652,6.44305555555556,6.6465625,6.55491059233449,59
"76",2008,10,6.33333333333333,12,6.9,5.92857142857143,7,5.5,6.61111111111111,5,7,1,3,9,906,577,329,73,323,583,6.58434732891832,6.87556325823224,6.07361300911854,6.45068493150685,6.6359133126935,6.55577818181818,60
"77",2008,11,6.64459459459459,37,6.78095238095238,6.465625,6.71875,7.07333333333333,6.35227272727273,21,16,8,15,22,943,598,345,81,338,605,6.5867112195122,6.87224080267559,6.09179327536232,6.47716049382716,6.65532544378698,6.54837798347107,61
"78",2008,12,6.60435,20,6.89855555555556,6.36363636363636,6.25714285714286,6.5774,6.61333333333333,9,11,7,5,15,963,607,356,88,343,620,6.58707754932503,6.87263097199341,6.10019292134831,6.45965909090909,6.65418950437318,6.54994948387097,62
"79",2009,1,6.62575757575758,33,6.9825,6.07692307692308,5.78571428571429,6.55454545454545,6.66136363636364,20,13,7,11,22,996,627,369,95,354,642,6.58835911646586,6.8761355661882,6.09937311653117,6.41,6.65109322033898,6.55376741433022,63
"80",2009,2,6.5,49,6.925,6.20689655172414,5.875,7,6.31944444444444,20,29,8,13,36,1045,647,398,103,367,678,6.58421596172249,6.87764605873261,6.10720773869347,6.36844660194175,6.66345231607629,6.54132548672566,64
"81",2009,3,6.15555555555556,27,7.01538461538462,5.35714285714286,6.33333333333333,6.31428571428571,6.1,13,14,3,7,20,1072,660,412,106,374,698,6.57341947761194,6.88035909090909,6.08172009708738,6.36745283018868,6.65691711229946,6.52868005730659,65
"82",2009,4,6.48275862068965,29,6.59090909090909,6.41666666666667,6.21428571428571,6.78571428571429,6.38636363636364,11,18,7,7,22,1101,671,430,113,381,720,6.5710314986376,6.87561400894188,6.09574111627907,6.35796460176991,6.65928346456693,6.5243315,66
"83",2009,5,6.41666666666667,30,6.91666666666667,6.08333333333333,6.5,6.3,6.475,12,18,6,10,20,1131,683,448,119,391,740,6.56693694076039,6.87633528550512,6.09524258928572,6.36512605042017,6.65009462915601,6.52299821621622,67
"84",2009,6,6.3448275862069,29,6.39285714285714,6.3,5.25,6.07142857142857,6.43181818181818,14,15,4,7,22,1160,697,463,123,398,762,6.56138420689655,6.86662410329986,6.1018761987041,6.32886178861789,6.63991708542714,6.52036572178478,68
"85",2009,7,6.508,25,7.18181818181818,5.97857142857143,6,7,6.31666666666667,11,14,5,7,18,1185,708,477,128,405,780,6.56025795780591,6.87152118644068,6.09825719077568,6.316015625,6.64614074074074,6.51566497435897,69
"86",2009,8,6.59375,24,6.83333333333333,6.35416666666667,6.65625,6.8125,6.484375,12,12,8,8,16,1209,720,489,136,413,796,6.56092281224152,6.87088472222222,6.10453717791411,6.33602941176471,6.64936319612591,6.51503603015075,70
"87",2009,9,6.08333333333333,24,7,5.30769230769231,5.7,5.5,6.27777777777778,11,13,5,6,18,1233,731,502,141,419,814,6.55162666666667,6.87282763337893,6.08390175298805,6.31347517730496,6.63290453460621,6.50978953316953,71
"88",2009,10,6.46052631578947,38,7.13636363636364,5.53125,5.75,6.28571428571429,6.5,22,16,6,7,31,1271,753,518,147,426,845,6.54890297403619,6.88052722443559,6.06683142857143,6.29047619047619,6.62719953051643,6.50943039053254,72
"89",2009,11,6.16129032258065,31,6.55882352941176,5.67857142857143,6,6.86666666666667,5.87272727272727,17,14,4,9,22,1302,770,532,151,435,867,6.53967410138249,6.87342467532468,6.05661406015038,6.28278145695364,6.63215402298851,6.49327414071511,73
"90",2009,12,6.1758064516129,31,6.83571428571429,5.63235294117647,5.8125,6.87,5.84523809523809,14,17,8,10,21,1333,784,549,159,445,888,6.53121206301575,6.8727512755102,6.04347664845173,6.25911949685535,6.63749887640449,6.47794896396396,74
"91",2010,1,6.41666666666667,27,6.27142857142857,6.57307692307692,6.69,6.57142857142857,6.3625,14,13,5,7,20,1360,798,562,164,452,908,6.528938,6.86220175438597,6.0557271886121,6.27225609756098,6.63647566371681,6.47540603524229,75
"92",2010,2,6.70555555555556,18,6.95454545454545,6.31428571428571,6,6.75,6.7,11,7,1,2,16,1378,809,569,165,454,924,6.53124505079826,6.86345735475896,6.05890804920914,6.27060606060606,6.63697577092511,6.47929510822511,76
"93",2010,3,6.66666666666667,21,6.8,6.54545454545455,6.6,7.16666666666667,6.46666666666667,10,11,5,6,15,1399,819,580,170,460,939,6.5332778270193,6.86268253968254,6.06813565517241,6.28029411764706,6.6438847826087,6.47909337593184,77
"94",2010,4,6.2741935483871,31,6.64285714285714,5.97058823529412,6.33333333333333,6.18888888888889,6.30909090909091,14,17,6,9,22,1430,833,597,176,469,961,6.52766131468532,6.85898799519808,6.06535792294807,6.28210227272727,6.63515351812367,6.47520154006243,78
"95",2010,5,6.46153846153846,13,6.81428571428571,6.05,7.1,5.86,6.8375,7,6,3,5,8,1443,840,603,179,474,969,6.52706561330561,6.85861547619048,6.06520510779436,6.29581005586592,6.62697679324894,6.47819265221878,79
"96",2010,6,6.33333333333333,21,7.05555555555556,5.79166666666667,7,5.83333333333333,6.53333333333333,9,12,1,6,15,1464,849,615,180,480,984,6.52428666666667,6.86070318021201,6.05986777235772,6.29972222222222,6.61705625,6.47903321138211,80
"97",2010,7,6.16,20,7.025,5.58333333333333,5.9,6.34,6.1,8,12,5,5,15,1484,857,627,185,485,999,6.51937714285714,6.86223687281214,6.05074749601276,6.28891891891892,6.6142,6.47334202202202,81
"98",2010,8,6.32916666666667,24,6.85714285714286,6.11176470588235,6.15,5.8625,6.5625,7,17,6,8,16,1508,864,644,191,493,1015,6.5163499204244,6.86219560185185,6.05235819875776,6.28455497382199,6.60200202839757,6.4747474679803,82
"99",2010,9,6.422,25,7.23928571428571,5.38181818181818,6.4,5.46428571428571,6.79444444444444,14,11,3,7,18,1533,878,655,194,500,1033,6.51481127201566,6.86820842824601,6.04109722137405,6.28634020618557,6.586074,6.48031818005808,83
"100",2010,10,6.66,20,7.18888888888889,6.22727272727273,6.07142857142857,6,6.825,9,11,7,4,16,1553,887,666,201,504,1049,6.51668105602061,6.87146223224352,6.04417219219219,6.27885572139304,6.58142261904762,6.48557548141087,84
"101",2010,11,6.23157894736842,38,6.80555555555556,5.715,5.2,5.7,6.42142857142857,18,20,5,10,28,1591,905,686,206,514,1077,6.50987157762414,6.87015138121547,6.03457533527697,6.25266990291262,6.56427431906615,6.48390778087279,85
"102",2010,12,6.50571428571429,35,6.56315789473684,6.4375,6,5.85714285714286,6.66785714285714,19,16,5,7,28,1626,924,702,211,521,1105,6.50978209102091,6.86383874458874,6.0437588034188,6.24668246445498,6.55477351247601,6.48856894117647,86
"103",2011,1,6.29242857142857,21,6.41853846153846,6.0875,NA,7,6.1745,13,8,0,3,18,1647,937,710,211,524,1123,6.5070107346691,6.8576606189968,6.04425166197183,6.24668246445498,6.55732251908397,6.48353488869101,87
"104",2011,2,6.5725,20,8.36428571428571,5.60769230769231,6.6,7,6.43,7,13,4,5,15,1667,944,723,215,529,1138,6.50779644871026,6.86883262711864,6.03640204702628,6.25325581395349,6.56150661625709,6.48282924428822,88
"105",2011,3,6.6125,20,6.975,6.25,6.5,6.54166666666667,6.64285714285714,10,10,5,6,14,1687,954,733,220,535,1152,6.50903774748074,6.86994549266247,6.03931607094134,6.25886363636364,6.56128411214953,6.48477402777778,89
"106",2011,4,6.921,19,7.14285714285714,6.79158333333333,6.75,6.875,6.95445454545455,7,12,2,8,11,1706,961,745,222,543,1163,6.51362583821806,6.87193340270551,6.05143312751678,6.26328828828829,6.56590607734807,6.48921640584695,90
"107",2011,5,6.83863636363636,22,7.37083333333333,6.2,6.5,6.4375,6.92777777777778,12,10,1,4,18,1728,973,755,223,547,1181,6.51776370370371,6.87808633093525,6.05340090066225,6.26434977578475,6.56496709323583,6.49590066045724,91
"108",2011,6,6.23076923076923,13,6.8,5.875,5,5.33333333333333,6.5,5,8,1,3,10,1741,978,763,224,550,1191,6.515620723722,6.87768711656442,6.05153038007864,6.25870535714286,6.55824909090909,6.4959350797649,92
"109",2011,7,6.55,16,6.95,5.88333333333333,4,6.3,6.66363636363636,10,6,1,5,11,1757,988,769,225,555,1202,6.5159337962436,6.87841902834008,6.05021804941482,6.24866666666667,6.55592252252252,6.49746978369384,93
"110",2011,8,6.46071428571429,28,7.02142857142857,5.9,5.66666666666667,6.64285714285714,6.4,14,14,3,7,21,1785,1002,783,228,562,1223,6.51506760784314,6.88041716566866,6.04753215836526,6.24100877192983,6.55700533807829,6.49579614063777,94
"111",2011,9,5.86,25,6.4,5.5,5.35714285714286,5.25,5.97619047619048,10,15,7,4,21,1810,1012,798,235,566,1244,6.50601971270718,6.87566996047431,6.03724020050125,6.21468085106383,6.54776855123675,6.48702466237942,95
"112",2011,10,6.39615384615385,26,6.64375,6,6.33333333333333,6.3,6.41904761904762,16,10,3,5,21,1836,1028,808,238,571,1265,6.50446387799564,6.87206031128405,6.03677930693069,6.21617647058824,6.54559894921191,6.48589618972332,96
"113",2011,11,6.815625,32,7.16111111111111,6.37142857142857,5.7,6.74444444444444,6.84347826086957,18,14,5,9,23,1868,1046,822,243,580,1288,6.50979426124197,6.877034416826,6.04247892944039,6.20555555555556,6.54868448275862,6.49228158385093,97
"114",2011,12,6.40740740740741,27,7.22727272727273,5.84375,6.16666666666667,7.25,6.26086956521739,11,16,3,4,23,1895,1057,838,246,584,1311,6.50833545118734,6.88067928098392,6.0386845823389,6.20508130081301,6.55348801369863,6.4882217238749,98
"115",2012,1,6.76,25,6.79166666666667,6.73076923076923,6.66666666666667,6.91666666666667,6.71052631578947,12,13,3,6,19,1920,1069,851,249,590,1330,6.51161233333333,6.87968007483629,6.04925696827262,6.21064257028113,6.5571813559322,6.4913975037594,99
"116",2012,2,6.03571428571429,14,6.83333333333333,5.4375,4,5,6.11538461538461,6,8,1,1,13,1934,1075,859,250,591,1343,6.50816736297828,6.87942139534884,6.04355958090803,6.2018,6.55454653130288,6.48775776619508,100
"117",2012,3,6.2,20,6.53846153846154,5.57142857142857,6.5,6.33333333333333,6.17647058823529,13,7,2,3,17,1954,1088,866,252,594,1360,6.50501314227226,6.87534742647059,6.03974327944573,6.20416666666667,6.55342929292929,6.48386667647059,101
"118",2012,4,6.45,20,7.03846153846154,5.35714285714286,5,6.66666666666667,6.41176470588235,13,7,1,3,17,1974,1101,873,253,597,1377,6.50445576494428,6.87727338782925,6.03426996563574,6.19940711462451,6.55399832495812,6.48297652868555,102
"119",2012,5,6.54444444444444,18,6.58571428571429,6.51818181818182,6.7,6.425,6.57857142857143,7,11,1,4,14,1992,1108,884,254,601,1391,6.50481710843373,6.87543140794224,6.04029149321267,6.20137795275591,6.55313976705491,6.48393866283249,103
"120",2012,6,7.39772727272727,22,7.71428571428571,6.84375,7.2,6.85714285714286,7.65,14,8,5,7,15,2014,1122,892,259,608,1406,6.51457084409136,6.88589839572193,6.04749739910314,6.22065637065637,6.55663980263158,6.49637886201991,104
"121",2012,7,6.31142857142857,21,7.2,6.03375,6.5,6.5,6.29157894736842,5,16,2,2,19,2035,1127,908,261,610,1425,6.51247453562654,6.88729192546584,6.04725515418502,6.2227969348659,6.55645409836065,6.49364819649123,105
"122",2012,8,6.73076923076923,26,7.1,6.22727272727273,7.33333333333333,6.75,6.72727272727273,15,11,3,4,22,2061,1142,919,264,614,1447,6.51522837457545,6.89008581436077,6.04940988030468,6.23541666666667,6.55771498371335,6.4972001935038,106
"123",2012,9,6.16666666666667,15,6.8125,5.42857142857143,5.66666666666667,6.14285714285714,6.1875,8,7,3,7,8,2076,1150,926,267,621,1455,6.51270986512524,6.88954608695652,6.04471671706263,6.22902621722847,6.55303864734299,6.49549737457045,107
"124",2012,10,6.47272727272727,22,6.33846153846154,6.66666666666667,6.33333333333333,6,6.65,13,9,3,6,16,2098,1163,935,270,627,1471,6.51229060057197,6.88338607050731,6.05070340106952,6.23018518518519,6.54774641148325,6.49717789259007,108
"125",2012,11,6.37,25,6.4375,6.30769230769231,6.66666666666667,6.04166666666667,6.47368421052632,12,13,3,6,19,2123,1175,948,273,633,1490,6.51061501648611,6.87883234042553,6.05422751054852,6.23498168498169,6.54294944707741,6.49687830872483,109
"126",2012,12,6.25,25,6.71428571428571,5.65909090909091,6.375,5.95833333333333,6.34210526315789,14,11,2,6,19,2148,1189,959,275,639,1509,6.5075817877095,6.87689486963835,6.04969518248175,6.236,6.53746009389671,6.49492954274354,110
"127",2013,1,6.26777777777778,27,6.51352941176471,5.85,6.125,5.5825,6.38695652173913,17,10,4,4,23,2175,1206,969,279,643,1532,6.50460491034483,6.8717728026534,6.04763434468524,6.23440860215054,6.53151944012441,6.49330853785901,111
"128",2013,2,6.91111111111111,18,6.90909090909091,6.91428571428571,6.9,7,6.89333333333333,11,7,2,3,15,2193,1217,976,281,646,1547,6.50794148654811,6.87211010682005,6.05385008196721,6.23914590747331,6.53369504643963,6.49718725274725,112
"129",2013,3,6.23529411764706,17,7.25,5.33333333333333,4.5,6,6.33333333333333,8,9,4,5,12,2210,1225,985,285,651,1559,6.50584419909502,6.87457795918367,6.04726668020304,6.21473684210526,6.52959600614439,6.49592602950609,113
"130",2013,4,6.36666666666667,15,6.25,6.5,5.875,6,6.55,8,7,4,5,10,2225,1233,992,289,656,1569,6.50490592359551,6.87052554744526,6.05046137096774,6.21003460207612,6.52555945121951,6.49627066921606,114
"131",2013,5,6.42,19,6.34461538461538,6.58333333333333,6.25,6.98,6.38888888888889,13,6,2,1,18,2244,1246,998,291,657,1587,6.50418702317291,6.86503852327448,6.05366501002004,6.21030927835052,6.52625114155251,6.4950527284184,115
"132",2013,6,6.18421052631579,19,6.75,5.77272727272727,5,6,6.19444444444444,8,11,2,1,18,2263,1254,1009,293,658,1605,6.50150052143173,6.86430462519936,6.05060225966303,6.20204778156997,6.52545136778115,6.49168142056075,116
"133",2013,7,6.42,20,6.76666666666667,6.13636363636364,6,6.44285714285714,6.40769230769231,9,11,1,7,13,2283,1263,1020,294,665,1618,6.50078654402103,6.86360886777514,6.0515271372549,6.20136054421769,6.52458195488722,6.49100660074166,117
"134",2013,8,6.3,15,6.5,6.07142857142857,5,7,6.125,8,7,1,3,12,2298,1271,1027,295,668,1630,6.49947592689295,6.86132022029898,6.05166278481013,6.19728813559322,6.52671706586826,6.48831207361963,118
"135",2013,9,5.94,10,6.98333333333333,4.375,5.5,4.33333333333333,6.62857142857143,6,4,3,3,7,2308,1277,1031,298,671,1637,6.49705185441941,6.86189350039154,6.0451577885548,6.19026845637584,6.51691058122205,6.48891183872938,119
"136",2013,10,6.10714285714286,14,6.07142857142857,6.14285714285714,7,7,6.03846153846154,7,7,1,1,13,2322,1284,1038,299,672,1650,6.49470098191215,6.85758411214953,6.04581664739884,6.19297658862876,6.51762946428571,6.48536283636363,120
"137",2013,11,6.45483870967742,31,6.64375,6.25333333333333,5.83333333333333,6.2,6.50384615384615,16,15,6,5,26,2353,1300,1053,305,677,1676,6.49417580960476,6.85495230769231,6.04877272554606,6.18590163934426,6.51528360413589,6.48564957040573,121
"138",2013,12,6.70263157894737,38,7.025,6.34444444444444,6.61666666666667,7.05714285714286,6.62258064516129,20,18,6,7,31,2391,1320,1071,311,684,1707,6.49748878293601,6.85752878787879,6.05374199813259,6.19421221864952,6.52082894736842,6.48813630931459,122
"139",2014,1,6.21346153846154,26,6.17941176470588,6.27777777777778,5.91666666666667,5.75,6.29772727272727,17,9,6,4,22,2417,1337,1080,317,688,1729,6.49443346297063,6.84890650710546,6.05560896296296,6.18895899053628,6.51634738372093,6.4857135222672,123
"140",2014,2,6.43333333333333,21,7.08571428571429,6.10714285714286,5.75,6.33333333333333,6.45,7,14,6,3,18,2438,1344,1094,323,691,1747,6.49390716981132,6.85013988095238,6.05626844606947,6.18080495356037,6.5155528219971,6.4853455523755,124
"141",2014,3,6.22826086956522,23,6.58333333333333,5.84090909090909,5.5,6.1,6.26388888888889,12,11,5,5,18,2461,1356,1105,328,696,1765,6.49142449410809,6.84777876106194,6.05412459728507,6.17042682926829,6.51256752873563,6.48308707082153,125
"142",2014,4,6.46153846153846,13,6.41666666666667,6.5,7.25,7.5,6.375,6,7,2,1,12,2474,1362,1112,330,697,1777,6.49126745351657,6.84587958883994,6.05693136690647,6.1769696969697,6.51398421807747,6.48235716375914,126
"143",2014,5,6.34,25,7.125,5.61538461538461,5.9,6.5,6.28947368421053,12,13,5,6,19,2499,1374,1125,335,703,1796,6.48975417366947,6.8483173216885,6.05182904888889,6.17283582089552,6.51386486486486,6.48031663697104,127
"144",2014,6,6.7,15,7.14285714285714,6.3125,5.8,7,6.625,7,8,5,3,12,2514,1381,1133,340,706,1808,6.49100862370724,6.84981028240405,6.05366962047661,6.16735294117647,6.51593059490085,6.48127692477876,128
"145",2014,7,7.2,21,6.33333333333333,7.54666666666667,7.55,6,7.32631578947368,6,15,4,2,19,2535,1387,1148,344,708,1827,6.49688192504931,6.84757606344629,6.07317742160279,6.18343023255814,6.5144731638418,6.4900649589491,129
"146",2014,8,6.31428571428571,14,7.31666666666667,5.5625,6,7.225,5.95,6,8,2,4,10,2549,1393,1156,346,712,1837,6.49587904276187,6.84959655419957,6.06964332179931,6.18236994219653,6.51846488764045,6.48712502994012,130
"147",2014,9,6.49444444444444,18,7.25,5.89,6.5,8,6.40588235294118,8,10,2,1,17,2567,1401,1166,348,713,1854,6.49586898324893,6.8518829407566,6.06810264150943,6.18419540229885,6.52054277699859,6.48638008629989,131
"148",2014,10,6.66111111111111,18,7.21428571428571,6.30909090909091,6.625,6.75,6.65,7,11,4,2,16,2585,1408,1177,352,715,1870,6.49701960541586,6.85368465909091,6.07035486830926,6.18920454545455,6.52118461538461,6.48778004278075,132
"149",2014,11,6.49583333333333,24,6.78571428571429,6.37647058823529,5.98888888888889,6.5,6.495,7,17,9,4,20,2609,1415,1194,361,719,1890,6.49700869298582,6.85334840989399,6.07471329983249,6.18421052631579,6.52106675938804,6.48785644444444,133
"150",2014,12,6.5304347826087,23,6.56666666666667,6.4625,6.54,6.7,6.47058823529412,15,8,5,6,17,2632,1430,1202,366,725,1907,6.49730079027356,6.85034125874126,6.07729424292845,6.18907103825137,6.52254758620689,6.4877025065548,134
"151",2015,1,6.2875,24,6.4625,5.9375,5,6.31666666666667,6.27777777777778,16,8,2,6,18,2656,1446,1210,368,731,1925,6.495405,6.84604979253112,6.07636998347107,6.18260869565218,6.52085772913816,6.48573957402597,135
"152",2015,2,6.25862068965517,29,6.94166666666667,5.77647058823529,6.01666666666667,5.91666666666667,6.34782608695652,12,17,12,6,23,2685,1458,1227,380,737,1948,6.49284755307263,6.84683676268861,6.07221489812551,6.17736842105263,6.51593894165535,6.48411123203285,136
"153",2015,3,6.33235294117647,17,6.34375,6.32222222222222,7,7.1875,6.06923076923077,8,9,1,4,13,2702,1466,1236,381,741,1961,6.49183777942265,6.84409140518417,6.07403533980582,6.17952755905512,6.5195641025641,6.48136087710352,137
"154",2015,4,6.67368421052632,19,6.94285714285714,6.51666666666667,6.13333333333333,6.5,6.70625,7,12,6,3,16,2721,1473,1248,387,744,1977,6.49310756339581,6.84456076035302,6.07829141025641,6.17881136950904,6.51948521505376,6.48318092058675,138
"155",2015,5,6.63684210526316,19,7.1,6,5.6,6.2,6.79285714285714,11,8,5,5,14,2740,1484,1256,392,749,1991,6.49410426277372,6.84645417789757,6.0777927388535,6.17142857142857,6.51735246995994,6.48535845303867,139
"156",2015,6,6.24736842105263,19,6.475,5.85714285714286,6.16666666666667,6.4375,6.10909090909091,12,7,3,8,11,2759,1496,1263,395,757,2002,6.4924051032983,6.84347459893048,6.0765698178939,6.17139240506329,6.51650858652576,6.48329104895105,140
"157",2015,7,6.52777777777778,18,7.5,5.55555555555556,6.875,7.33333333333333,6.36666666666667,9,9,4,3,15,2777,1505,1272,399,760,2017,6.49263438242708,6.84740066445183,6.07288339622641,6.17844611528822,6.51973289473684,6.48242373822509,141
"158",2015,8,6.38333333333333,24,6.38181818181818,6.38461538461539,6.5,6.4375,6.35625,11,13,8,8,16,2801,1516,1285,407,768,2033,6.49169785076759,6.84402242744063,6.07603710505836,6.18476658476659,6.51887630208333,6.48143073290703,142
"159",2015,9,6.54347826086957,23,7.38888888888889,6,5,6.41666666666667,6.58823529411765,9,14,3,6,17,2824,1525,1299,410,774,2050,6.49211957507082,6.84723803278688,6.07521761354888,6.17609756097561,6.51808397932816,6.48231642926829,143
"160",2015,10,6.93181818181818,22,6.96428571428571,6.875,NA,6.5,7.02777777777778,14,8,0,4,18,2846,1539,1307,410,778,2068,6.49551851018974,6.84830279402209,6.08011299158378,6.17609756097561,6.51799100257069,6.48706415860735,144
"161",2015,11,6.25833333333333,24,6.57,6.03571428571429,6.5,5.5,6.32727272727273,10,14,3,2,22,2870,1549,1321,413,780,2090,6.49353508013938,6.84650613298902,6.07964245268736,6.17845036319613,6.51538076923076,6.48538214354067,145
"162",2015,12,6.71052631578947,19,6.8,6.61111111111111,6,6.66666666666667,6.71875,10,9,4,3,16,2889,1559,1330,417,783,2106,6.49496215991693,6.84620782552919,6.08323885714286,6.17673860911271,6.51596040868454,6.48715511870845,146
"163",2016,1,6.3125,24,6.5625,5.8125,5,6.16666666666667,6.33333333333333,16,8,1,3,21,2913,1575,1338,418,786,2127,6.49345886714727,6.84332571428571,6.0816200896861,6.17392344497608,6.5146272264631,6.48563642689234,147
"164",2016,2,6.70454545454545,22,6.96153846153846,6.33333333333333,5,6.42857142857143,6.83333333333333,13,9,3,7,15,2935,1588,1347,421,793,2142,6.49504111754685,6.84429345088161,6.08330191536748,6.16555819477435,6.51386759142496,6.48807127917834,148
"165",2016,3,6.375,20,6.82857142857143,6.13076923076923,5.93333333333333,5,6.61764705882353,7,13,3,3,17,2955,1595,1360,424,796,2159,6.49422865651438,6.84422445141066,6.08375564705882,6.16391509433962,6.5081620603015,6.48909156090783,149
"166",2016,4,6.45714285714286,14,6.925,5.83333333333333,6,7,6.41538461538462,8,6,1,1,13,2969,1603,1366,425,797,2172,6.49405378241833,6.84462757330006,6.0826556954612,6.16352941176471,6.5087791718946,6.48865040515654,150
"167",2016,5,6.52272727272727,22,6.875,5.58333333333333,5.625,6.65714285714286,6.46,16,6,4,7,15,2991,1619,1372,429,804,2187,6.49426468739552,6.84492773316862,6.08047206997084,6.15850815850816,6.51007089552238,6.48845390032007,151
"168",2016,6,6.48666666666667,15,6.6625,6.28571428571429,6.66666666666667,6,6.52142857142857,8,7,3,1,14,3006,1627,1379,432,805,2201,6.49422677312043,6.8440307314075,6.08151390862944,6.16203703703704,6.50943726708074,6.48866364379827,152
"169",2016,7,6.5,22,6.88888888888889,6.23076923076923,6.75,6.5,6.5,9,13,2,6,16,3028,1636,1392,434,811,2217,6.49426871862616,6.84427750611247,6.08290781609195,6.1647465437788,6.50936744759556,6.48874545782589,153
"170",2016,8,6.8604347826087,23,7.04,6.52375,6.66333333333333,7,6.83105263157895,15,8,3,4,19,3051,1651,1400,437,815,2236,6.49702906588004,6.84605572380375,6.08542691428571,6.16816933638444,6.5117754601227,6.49165415026834,154
"171",2016,9,6.7625,20,7.04166666666667,6.34375,7.25,7,6.73611111111111,12,8,2,2,18,3071,1663,1408,439,817,2254,6.4987579550635,6.84746722790138,6.08689465909091,6.17309794988611,6.512970624235,6.49360633540373,155
"172",2016,10,6.18518518518519,27,6.42857142857143,5.92307692307692,6.5,5.75,6.26086956521739,14,13,3,4,23,3098,1677,1421,442,821,2277,6.49602507424145,6.8439701848539,6.08539597466573,6.17531674208145,6.50925334957369,6.4912554589372,156
"173",2016,11,6.20714285714286,21,6.40909090909091,5.985,6.03333333333333,7,6.075,11,10,3,3,18,3119,1688,1431,445,824,2295,6.4940800512985,6.84113625592417,6.0846943955276,6.1743595505618,6.51104004854369,6.48799071023965,157
"174",2016,12,6.675,20,6.625,6.75,7.33333333333333,6.6,6.7,12,8,3,5,15,3139,1700,1439,448,829,2310,6.49523277476904,6.83961058823529,6.08839310632383,6.18212053571429,6.51157659831121,6.48936739393939,158
"175",2017,1,6,29,6.52727272727273,5.67777777777778,5,5.33333333333333,6.07692307692308,11,18,1,3,26,3168,1711,1457,449,832,2336,6.4906993939394,6.83760257159556,6.08332030199039,6.17948775055679,6.507328125,6.48477683219178,159
"176",2017,2,6.2,16,6.71428571428571,5.8,6,6,6.21333333333333,7,9,3,1,15,3184,1718,1466,452,833,2351,6.48923859296483,6.83710011641443,6.08158095497954,6.17829646017699,6.50671908763505,6.48304495108464,160
"177",2017,3,6.72714285714286,7,6.618,7,7,7,6.618,5,2,1,2,5,3191,1723,1468,453,835,2356,6.48976047633971,6.83646430644225,6.08283220708447,6.18011037527594,6.50790059880239,6.48333135823429,161
"178",2017,4,6.02272727272727,22,6.38461538461539,5.5,5,5.5,6.13888888888889,13,9,3,4,18,3213,1736,1477,456,839,2374,6.48656261437909,6.83308064516129,6.07928075829384,6.17234649122807,6.50309535160905,6.480719747262,162
"179",2017,5,5.94,20,6.71428571428571,5.52307692307692,5.125,5.5,5.98888888888889,7,13,4,2,18,3233,1743,1490,460,841,2392,6.48318146613053,6.83260355708548,6.07442797315436,6.16323913043478,6.50070986920333,6.47701867892976,163
"180",2017,6,6.57058823529412,17,6.74444444444444,6.375,6.75,5.83333333333333,6.72857142857143,9,8,4,3,14,3250,1752,1498,464,844,2406,6.48363867076923,6.83215068493151,6.07603316421896,6.1682974137931,6.49833767772512,6.47848241064006,164
"181",2017,7,6.25714285714286,14,7.275,5.85,6.25,5,6.35384615384615,4,10,4,1,13,3264,1756,1508,468,845,2419,6.48266718137255,6.83315945330296,6.07453427055703,6.16899572649573,6.49656449704142,6.47781260024804,165
"182",2017,8,6.34545454545455,11,7.05,5.5,6.5,6.575,6.21428571428571,6,5,3,4,7,3275,1762,1513,471,849,2426,6.48220631450382,6.83389784335982,6.07263561136814,6.17110403397028,6.49693404004711,6.47705221764221,166
"183",2017,9,6.54411764705882,17,6.61111111111111,6.46875,6.125,6.66666666666667,6.51785714285714,9,8,2,3,14,3292,1771,1521,473,852,2440,6.48252602673147,6.83276566911349,6.07471905325444,6.17090909090909,6.49753169014084,6.47728634426229,167
"184",2017,10,5.85263157894737,19,6.65,5.27272727272727,4.5,4,5.95555555555556,8,11,4,1,18,3311,1779,1532,477,853,2458,6.47891141045002,6.83194378864531,6.06896062663185,6.15689727463312,6.49460375146541,6.47346569568755,168
"185",2017,11,5.95,18,6.31,5.5,5,5.25,6.15,10,8,4,4,14,3329,1789,1540,481,857,2472,6.47605157104236,6.82902627166014,6.06600498701299,6.14727650727651,6.48879463243874,6.47163377022654,169
"186",2017,12,6.24666666666667,15,6.4625,6,5.25,5.925,6.36363636363636,8,7,4,4,11,3344,1797,1547,485,861,2483,6.47502263157895,6.82739454646633,6.06570632191338,6.13987628865979,6.48617537746806,6.47115532823198,170
"187",2018,1,6.67647058823529,17,7.44444444444444,5.8125,5.75,6,6.71875,9,8,4,1,16,3361,1806,1555,489,862,2499,6.47604155905981,6.83046954595792,6.06440365273312,6.13668711656442,6.48561136890951,6.47274056822729,171
"188",2018,2,5.7825,20,6.16538461538462,5.07142857142857,3,6.15,5.625,13,7,2,6,14,3381,1819,1562,491,868,2513,6.47193897663413,6.82571632765256,6.05995370038412,6.12391038696538,6.48329147465437,6.46801777954636,172
"189",2018,3,7.22727272727273,11,7.21428571428571,7.25,7,6.5,7.3,7,4,1,1,10,3392,1826,1566,492,869,2523,6.47438846698113,6.82720591456736,6.06299340996168,6.12569105691057,6.48331070195627,6.47131537059057,173
"190",2018,4,6.68235294117647,17,6.75,6.58571428571429,6,6,6.725,10,7,2,1,16,3409,1836,1573,494,870,2539,6.47542554414785,6.82678540305011,6.06531956770502,6.12518218623482,6.48275517241379,6.4729140133911,174
"191",2018,5,5.95,20,6.4,5.5,7,5.25,6.125,10,10,3,4,16,3429,1846,1583,497,874,2555,6.47236094488189,6.82447345612134,6.06174837650032,6.13046277665996,6.47711327231121,6.47073529549902,175
"192",2018,6,6.54210526315789,19,7.3,5.7,NA,7.66666666666667,6.33125,10,9,0,3,16,3448,1856,1592,497,877,2571,6.47274526682135,6.82703556034483,6.05970331658291,6.13046277665996,6.48118244013683,6.46986724231816,176
"193",2018,7,6.56666666666667,15,7.16666666666667,5.66666666666667,7,7.5,6.33333333333333,9,6,1,3,12,3463,1865,1598,498,880,2583,6.47315208778516,6.8286745308311,6.0582275844806,6.13220883534137,6.48465568181818,6.46923293844367,177
"194",2018,8,6.01470588235294,17,6.17857142857143,5.9,6.34375,7.08333333333333,5.78571428571429,7,10,8,3,14,3480,1872,1608,506,883,2597,6.47091255172414,6.82624358974359,6.05724358208955,6.13555335968379,6.48668969422423,6.46554820177127,178
"195",2018,9,6.25,12,6,6.375,6.25,6,6.27272727272727,4,8,4,1,11,3492,1876,1616,510,884,2608,6.47015340206186,6.82448187633262,6.05881663366336,6.13645098039216,6.48613914027149,6.46473492331288,179
"196",2018,10,6.42916666666667,24,6.48181818181818,6.38461538461539,6.3,6.375,6.44,11,13,5,4,20,3516,1887,1629,515,888,2628,6.46987362912401,6.82248436671966,6.06141662369552,6.13803883495146,6.48563851351351,6.46454668188737,180
"197",2018,11,6.54137931034483,29,6.7,6.34615384615385,5.5,7.375,6.408,16,13,2,4,25,3545,1903,1642,517,892,2653,6.47045858392102,6.82145454545454,6.06367093788063,6.13557059961315,6.48962668161435,6.46401382585752,181
"198",2018,12,6.75,17,6.90909090909091,6.45833333333333,5,6.29166666666667,7,11,6,2,6,11,3562,1914,1648,519,898,2664,6.47179272318922,6.82195820271682,6.06510781553398,6.13119460500963,6.48830400890868,6.46622698198198,182
"199",2019,1,6.3047619047619,21,6.85,5.80909090909091,5.66666666666667,7,6.23157894736842,10,11,6,2,19,3583,1924,1659,525,900,2683,6.47081375383757,6.82210395010395,6.06341029535865,6.12588571428571,6.48944111111111,6.46456529258293,183
"200",2019,2,6.69444444444444,18,6.8,6.5625,6.5,6.5,6.76923076923077,10,8,3,5,13,3601,1934,1667,528,905,2696,6.47193159677868,6.82198965873837,6.06580544691062,6.12801136363636,6.48949944751381,6.4660343768546,184
"201",2019,3,6.38461538461539,13,6.5,6.28571428571429,5.5,5,6.5,6,7,3,1,12,3614,1940,1674,531,906,2708,6.47161750968456,6.82099381443299,6.06672501792115,6.12446327683616,6.48785540838852,6.46618488921713,185
"202",2019,4,5.91666666666667,12,6.66666666666667,5.16666666666667,4.33333333333333,5,6.22222222222222,6,6,3,3,9,3626,1946,1680,534,909,2717,6.46978093767237,6.82051798561151,6.06351052380952,6.11440074906367,6.48294499449945,6.46537676849466,186
"203",2019,5,6.57142857142857,7,6.66666666666667,6.5,NA,7,6.5,3,4,0,1,6,3633,1949,1684,534,910,2723,6.46997679053124,6.82028116983068,6.06454731591449,6.11440074906367,6.48351318681318,6.46545305912596,187
"204",2019,6,6.08888888888889,9,5.8,6.66666666666667,6,5.4,6.28571428571429,6,3,1,2,7,3642,1955,1687,535,912,2730,6.46903505766063,6.81714987212276,6.06561806757558,6.11418691588785,6.4811370614035,6.46499219047619,188
"205",2019,7,6.27619047619048,21,6.53333333333333,6.08333333333333,6.16666666666667,6.1,6.33125,9,12,3,5,16,3663,1964,1699,538,917,2746,6.46792947856948,6.81584928716904,6.06574319011183,6.11447955390335,6.4790588876772,6.4642129206118,189
"206",2019,8,6.61538461538462,13,6.83,5.9,5.5,6.4,6.68,10,3,1,3,10,3676,1974,1702,539,920,2756,6.46845094668118,6.81592097264438,6.06545104582844,6.11333951762523,6.47880108695652,6.46499589259797,190
"207",2019,9,5.5,13,5.8125,5,5,5,5.65,8,5,1,3,10,3689,1982,1707,540,923,2766,6.46503813499594,6.81187083753784,6.06233021675454,6.11127777777778,6.4739945828819,6.4620494143167,191
"208",2019,10,6.7300315,20,7.07861642857143,5.91666666666667,6.375,6.5,6.77062529411765,14,6,4,3,17,3709,1996,1713,544,926,2783,6.46646705581019,6.81374179859719,6.06182001167542,6.11321691176471,6.4740788336933,6.46393435501258,192
"209",2019,11,6.33666666666667,12,6.75,5.92333333333333,5.27,6.5,6.32181818181818,6,6,2,1,11,3721,2002,1719,546,927,2794,6.46604845740393,6.81355076423576,6.06133663757999,6.11012820512821,6.4741067961165,6.46337484251969,193
"210",2019,12,6.5,11,6.75,6.2,6,7.5,6.4,6,5,1,1,10,3732,2008,1724,547,928,2804,6.46614852893891,6.81336087151394,6.06173879350348,6.1099268738574,6.47521228448275,6.46314882667618,194
"211",2020,1,6.22173913043478,23,6.15,6.27692307692308,5.03333333333333,5.92,6.30555555555556,10,13,3,5,18,3755,2018,1737,550,933,2822,6.46465148069241,6.81007365213082,6.06334926885435,6.10405454545455,6.47223687031082,6.46214362508859,195
"212",2020,2,6.50588235294118,17,7.08888888888889,5.85,NA,NA,6.50588235294118,9,8,0,0,17,3772,2027,1745,550,933,2839,6.46483730381761,6.81131160828811,6.06237116332378,6.10405454545455,6.47223687031082,6.4624055336386,196
"213",2020,3,5.89375,16,5.9125,5.875,5,5.5,5.95,8,8,1,2,14,3788,2035,1753,551,935,2853,6.46242510823654,6.80777819656019,6.06151607529949,6.10205081669692,6.47015721925133,6.45989110059586,197
"214",2020,4,6.6,15,6.53846153846154,7,NA,6.33333333333333,6.66666666666667,13,2,0,3,12,3803,2048,1755,551,938,2865,6.4629677386274,6.80606866699219,6.06258557264957,6.10205081669692,6.46971961620469,6.46075717626527,198
"215",2020,5,6.52,15,6.54285714285714,6.5,6,NA,6.52,7,8,2,0,15,3818,2055,1763,553,938,2880,6.46319180460974,6.80517208272506,6.06457043675553,6.10168173598553,6.46971961620469,6.46106573263889,199
"216",2020,6,6.42,10,6.375,6.45,6,7,6.17142857142857,4,6,1,3,7,3828,2059,1769,554,941,2887,6.46307897335423,6.80433639145216,6.06587771622385,6.10149819494585,6.47141020191286,6.46036346033945,200
"217",2020,7,5.66666666666667,12,6.71428571428571,4.2,6,5,5.8,7,5,2,2,10,3840,2066,1774,556,943,2897,6.46059018489583,6.80403128267183,6.06061875986471,6.10113309352518,6.46828950159066,6.45808398688298,201
"218",2020,8,5.65625,16,5.83333333333333,5.42857142857143,5,3,5.83333333333333,9,7,1,1,15,3856,2075,1781,557,944,2912,6.45725267375519,6.79982102650602,6.05813457608085,6.09915619389587,6.46461546610169,6.45486583447802,202
"219",2020,9,5.72857142857143,14,5.91666666666667,5.5875,5.34,6.375,5.47,6,8,5,4,10,3870,2081,1789,562,948,2922,6.45461661757106,6.79727469005286,6.05603000558972,6.09240213523132,6.46423734177215,6.45149531485284,203
"220",2020,10,5.9,15,5.88888888888889,5.91666666666667,5,6,5.88461538461539,9,6,1,2,13,3885,2090,1795,563,950,2935,6.45247524066924,6.79336298086124,6.05556416713092,6.09046181172291,6.46326,6.44898443270869,204
"221",2020,11,6.03913043478261,23,6.03333333333333,6.04545454545455,5.58333333333333,5.83333333333333,6.07,12,11,6,3,20,3908,2102,1806,569,953,2955,6.45004255629478,6.7890240865842,6.05550259136213,6.08511423550088,6.46127701993704,6.44641939424704,205
"222",2020,12,5.20833333333333,12,5.44444444444444,4.5,4.75,6.25,5,9,3,2,2,10,3920,2111,1809,571,955,2965,6.44624140561225,6.78329162955945,6.05292298507463,6.08043782837128,6.46083455497382,6.44154108263069,206
"223",2021,1,5.90769230769231,26,6.00714285714286,5.79166666666667,5.125,6.33333333333333,5.85217391304348,14,12,4,3,23,3946,2125,1821,575,958,2988,6.44269293208312,6.77817817882353,6.05120136188907,6.07379130434783,6.46043528183716,6.4370044544846,207
"224",2021,2,6.17307692307692,13,5.96875,6.5,6,6,6.1875,8,5,1,1,12,3959,2133,1826,576,959,3000,6.44180760545592,6.7751423488045,6.05243027382256,6.07366319444445,6.45995516162669,6.43600643666667,208
"225",2021,3,6.66666666666667,9,6.14285714285714,8.5,10,NA,6.66666666666667,7,2,1,0,9,3968,2140,1828,577,959,3009,6.44231761844758,6.77307412616822,6.05510814004376,6.08046793760832,6.45995516162669,6.4366963476238,209
"226",2021,4,6,6,6,6,NA,NA,6,5,1,0,0,6,3974,2145,1829,577,959,3015,6.44164980120785,6.77127208857809,6.05507800984144,6.08046793760832,6.45995516162669,6.43582730016584,210
"227",2021,5,6.7,5,7.33333333333333,5.75,NA,6.5,6.75,3,2,0,1,4,3979,2148,1831,577,960,3019,6.44197444332747,6.77205709031657,6.0547447733479,6.08046793760832,6.459996875,6.43624356078172,211
"228",2021,6,5.90833333333333,12,6.2375,5.25,6,7,5.69,8,4,1,2,10,3991,2156,1835,578,962,3029,6.44036990979705,6.77007357606679,6.0529905613079,6.08032871972318,6.46111954261954,6.43377989765599,212
"229",2021,7,6,9,5.71428571428571,7,7,NA,6,7,2,2,0,9,4000,2163,1837,580,962,3038,6.4393790775,6.76665678687009,6.05402160043549,6.0835,6.46111954261954,6.43249483541804,213
"230",2021,8,5.99285714285714,14,6.49,4.75,5.66666666666667,3.88,6.345,10,4,3,2,12,4014,2173,1841,583,964,3050,6.4378217015446,6.76538363092499,6.05118831070071,6.08135506003431,6.45576452282157,6.43215059344262,214
"231",2021,9,6.32727272727273,11,6.66666666666667,4.8,2.1,7,6.26,9,2,1,1,10,4025,2182,1843,584,965,3060,6.43751958012423,6.76497645737855,6.04983053716766,6.07453767123288,6.45632849740932,6.43158800980392,215
"232",2021,10,6.81428571428571,14,7.03636363636364,6,6,7,6.78333333333333,11,3,2,2,12,4039,2193,1846,586,967,3072,6.43882552859619,6.7663377245782,6.04974955579632,6.07428327645051,6.45745294725956,6.43296201497396,216
"233",2021,11,5.88727272727273,11,6.552,5.33333333333333,6,7.5,5.726,5,6,1,1,10,4050,2198,1852,587,968,3082,6.43732748395062,6.76585015013648,6.04742855291577,6.07415672913118,6.45852995867768,6.43066817326411,217
"234",2021,12,6.2,10,6.64285714285714,5.16666666666667,4,NA,6.2,7,3,1,0,10,4060,2205,1855,588,968,3092,6.43674293349754,6.76545969614512,6.04600414016173,6.07062925170068,6.45852995867768,6.42992215717982,218
"235",2022,1,6.56363636363636,22,6.73076923076923,6.32222222222222,6.63333333333333,5,6.63809523809524,13,9,3,1,21,4082,2218,1864,591,969,3113,6.43742682753552,6.76525637060415,6.0473378111588,6.07348561759729,6.45702476780185,6.43132647285577,219
"236",2022,2,5.8125,8,5.75,6,6,5.5,5.91666666666667,6,2,1,2,6,4090,2224,1866,592,971,3119,6.43620447677262,6.76251736960432,6.04728707395498,6.07336148648649,6.4550535530381,6.43033642513626,220
"237",2022,3,5.5975,12,5.64,5.56714285714286,6.5,5.5425,5.625,5,7,2,4,8,4102,2229,1873,594,975,3127,6.43375092881521,6.75999938537461,6.04549262146289,6.07479797979798,6.45130974358974,6.4282760825072,221
"238",2022,4,5.79166666666667,12,5.83333333333333,5.75,5.33333333333333,5.66666666666667,5.83333333333333,6,6,3,3,9,4114,2235,1879,597,978,3136,6.43187805298979,6.75751169127517,6.04454905800958,6.07107202680067,6.44890286298568,6.42656865752551,222
"239",2022,5,6.22222222222222,9,6.25,6.2,6.5,7,6.125,4,5,2,1,8,4123,2239,1884,599,979,3144,6.43142040019403,6.75660501563198,6.04496161358811,6.07250417362271,6.4494657814096,6.42580130725191,223
"240",2022,6,6.1,10,6.66666666666667,5.85714285714286,6,6,6.11111111111111,3,7,1,1,9,4133,2242,1891,600,980,3153,6.43061851197677,6.75648466993755,6.04426635642517,6.07238333333333,6.44900714285714,6.4249030478909,224
"241",2022,7,6.40909090909091,11,7.25,5.4,5,8,6.25,6,5,1,1,10,4144,2248,1896,601,981,3163,6.43056136824324,6.7578018816726,6.04256734177215,6.07059900166389,6.45058817533129,6.42435008220044,225
"242",2022,8,6.50909090909091,11,6.68333333333333,6.3,5,4.55,6.94444444444444,6,5,2,2,9,4155,2254,1901,603,983,3172,6.43076926835139,6.7576036512866,6.04324443976854,6.06704809286899,6.44672126144456,6.42582575977301,226
"243",2022,9,6.0875,8,6.45,5,5,5,6.24285714285714,6,2,1,1,7,4163,2260,1903,604,984,3179,6.43010961085756,6.75678700442478,6.0421480189175,6.06528145695364,6.44525101626016,6.42542287197232,227
"244",2022,10,4.9,10,8.5,4,5.25,3,5.11111111111111,2,8,2,1,9,4173,2262,1911,606,985,3188,6.42644292115984,6.75832830680813,6.03359899529042,6.06259075907591,6.44175329949238,6.42171245608532,228
"245",2022,11,6.3,10,6.64285714285714,5.5,4,5.5,6.38888888888889,7,3,1,1,9,4183,2269,1914,607,986,3197,6.42614064307913,6.75797207139709,6.03276263322884,6.05919275123559,6.44079817444219,6.42162005317485,229
"246",2022,12,5.88384615384615,13,6.05555555555556,5.4975,3,6,5.87416666666667,9,4,1,1,12,4196,2278,1918,608,987,3209,6.42446051239276,6.75519694029851,6.03164633993743,6.05416118421053,6.4403515704154,6.41957286070427,230
