"","year","month","avg_rating","no_ratings","avg_rating_owned","avg_rating_not_owned","avg_rating_prev_owned","avg_rating_comment","avg_rating_no_comment","no_ratings_owned","no_ratings_not_owned","no_ratings_prev_owned","no_ratings_comment","no_ratings_no_comment","cum_no_ratings","cum_no_ratings_owned","cum_no_ratings_not_owned","cum_no_ratings_prev_owned","cum_no_ratings_comment","cum_no_ratings_no_comment","cum_avg_rating","cum_avg_rating_owned","cum_avg_rating_not_owned","cum_avg_rating_prev_owned","cum_avg_rating_comment","cum_avg_rating_no_comment","month_after_release"
"1",2001,11,7,2,7,NA,NA,NA,7,2,0,0,0,2,2,2,0,0,0,2,7,7,NA,NA,NA,7,-29
"2",2002,4,9,1,9,NA,NA,9,NA,1,0,0,1,0,3,3,0,0,1,2,7.66666666666667,7.66666666666667,NA,NA,9,7,-24
"3",2002,5,9,1,9,NA,NA,NA,9,1,0,0,0,1,4,4,0,0,1,3,8,8,NA,NA,9,7.66666666666667,-23
"4",2002,6,7,1,7,NA,NA,NA,7,1,0,0,0,1,5,5,0,0,1,4,7.8,7.8,NA,NA,9,7.5,-22
"5",2002,7,9,1,9,NA,NA,NA,9,1,0,0,0,1,6,6,0,0,1,5,8,8,NA,NA,9,7.8,-21
"6",2002,8,8,1,8,NA,NA,8,NA,1,0,0,1,0,7,7,0,0,2,5,8,8,NA,NA,8.5,7.8,-20
"7",2002,10,6,1,NA,6,NA,NA,6,0,1,0,0,1,8,7,1,0,2,6,7.75,8,6,NA,8.5,7.5,-18
"8",2002,11,7.375,4,8.25,6.5,NA,9.5,6.66666666666667,2,2,0,1,3,12,9,3,0,3,9,7.625,8.05555555555556,6.33333333333333,NA,8.83333333333333,7.22222222222222,-17
"9",2002,12,8,1,8,NA,NA,NA,8,1,0,0,0,1,13,10,3,0,3,10,7.65384615384615,8.05,6.33333333333333,NA,8.83333333333333,7.3,-16
"10",2003,1,8,1,8,NA,NA,NA,8,1,0,0,0,1,14,11,3,0,3,11,7.67857142857143,8.04545454545454,6.33333333333333,NA,8.83333333333333,7.36363636363636,-15
"11",2003,4,6.5,2,6.5,NA,NA,NA,6.5,2,0,0,0,2,16,13,3,0,3,13,7.53125,7.80769230769231,6.33333333333333,NA,8.83333333333333,7.23076923076923,-12
"12",2003,5,9,1,9,NA,NA,NA,9,1,0,0,0,1,17,14,3,0,3,14,7.61764705882353,7.89285714285714,6.33333333333333,NA,8.83333333333333,7.35714285714286,-11
"13",2003,7,7.33333333333333,6,7.6,6,NA,8,7,5,1,0,2,4,23,19,4,0,5,18,7.54347826086957,7.81578947368421,6.25,NA,8.5,7.27777777777778,-9
"14",2003,8,8.75,4,9,8,NA,NA,8.75,3,1,0,0,4,27,22,5,0,5,22,7.72222222222222,7.97727272727273,6.6,NA,8.5,7.54545454545455,-8
"15",2003,9,7.73333333333333,3,7.6,8,NA,8.1,7,2,1,0,2,1,30,24,6,0,7,23,7.72333333333333,7.94583333333333,6.83333333333333,NA,8.38571428571429,7.52173913043478,-7
"16",2003,10,7.5,2,NA,7.5,NA,NA,7.5,0,2,0,0,2,32,24,8,0,7,25,7.709375,7.94583333333333,7,NA,8.38571428571429,7.52,-6
"17",2003,11,9,1,9,NA,NA,9,NA,1,0,0,1,0,33,25,8,0,8,25,7.74848484848485,7.988,7,NA,8.4625,7.52,-5
"18",2003,12,9,2,9,NA,NA,NA,9,2,0,0,0,2,35,27,8,0,8,27,7.82,8.06296296296296,7,NA,8.4625,7.62962962962963,-4
"19",2004,1,8.5,2,8.5,NA,NA,8,9,2,0,0,1,1,37,29,8,0,9,28,7.85675675675676,8.09310344827586,7,NA,8.41111111111111,7.67857142857143,-3
"20",2004,2,8.5,2,8.5,NA,NA,10,7,2,0,0,1,1,39,31,8,0,10,29,7.88974358974359,8.11935483870968,7,NA,8.57,7.6551724137931,-2
"21",2004,3,9,2,9,NA,NA,9,NA,2,0,0,2,0,41,33,8,0,12,29,7.94390243902439,8.17272727272727,7,NA,8.64166666666667,7.6551724137931,-1
"22",2004,4,8.53333333333333,3,8.8,8,NA,8.3,9,2,1,0,2,1,44,35,9,0,14,30,7.98409090909091,8.20857142857143,7.11111111111111,NA,8.59285714285714,7.7,0
"23",2004,5,8.33333333333333,15,8.6,7.8,9,8.22222222222222,8.5,10,5,1,9,6,59,45,14,1,23,36,8.0728813559322,8.29555555555556,7.35714285714286,9,8.44782608695652,7.83333333333333,1
"24",2004,6,8.41666666666667,21,8.26666666666667,8.79166666666667,7,8.63888888888889,8.25,15,6,1,9,12,80,60,20,2,32,48,8.163125,8.28833333333333,7.7875,8,8.5015625,7.9375,2
"25",2004,7,8.33666666666667,30,8.524,7.4,8,8.375,8.29285714285714,25,5,2,16,14,110,85,25,4,48,62,8.21045454545454,8.35764705882353,7.71,8,8.459375,8.01774193548387,3
"26",2004,8,7.92857142857143,21,8.53571428571429,6.71428571428571,NA,7.5,8.4,14,7,0,11,10,131,99,32,4,59,72,8.16526717557252,8.38282828282828,7.4921875,8,8.28050847457627,8.07083333333333,4
"27",2004,9,8.26923076923077,26,8.47619047619048,7.4,NA,8.5,8.03846153846154,21,5,0,13,13,157,120,37,4,72,85,8.18248407643312,8.39916666666667,7.47972972972973,8,8.32013888888889,8.06588235294118,5
"28",2004,10,8.41851851851852,27,8.65,7.4,NA,8.34375,8.52727272727273,22,5,0,16,11,184,142,42,4,88,96,8.21711956521739,8.43802816901409,7.47023809523809,8,8.32443181818182,8.11875,6
"29",2004,11,8.2037037037037,27,8.1578947368421,8.3125,8,8,8.30555555555556,19,8,1,9,18,211,161,50,5,97,114,8.21540284360189,8.40496894409938,7.605,8,8.29432989690722,8.14824561403509,7
"30",2004,12,7.65,14,8.28181818181818,5.33333333333333,NA,6.92,8.05555555555556,11,3,0,5,9,225,172,53,5,102,123,8.18022222222222,8.39709302325581,7.47641509433962,8,8.22696078431373,8.14146341463415,8
"31",2005,1,8.06111111111111,36,8.48181818181818,7.4,9,8.31538461538462,7.91739130434783,22,14,1,13,23,261,194,67,6,115,146,8.16379310344827,8.40670103092784,7.46044776119403,8.16666666666667,8.23695652173913,8.10616438356164,9
"32",2005,2,7.89772727272727,44,8.28333333333333,7.07142857142857,NA,7.88709677419355,7.92307692307692,30,14,0,31,13,305,224,81,6,146,159,8.12540983606557,8.39017857142857,7.39320987654321,8.16666666666667,8.16267123287671,8.09119496855346,10
"33",2005,3,8.30263157894737,38,8.328125,8.16666666666667,10,8.22222222222222,8.375,32,6,1,18,20,343,256,87,7,164,179,8.14504373177842,8.382421875,7.44655172413793,8.42857142857143,8.16920731707317,8.12290502793296,11
"34",2005,4,8.06808510638298,47,8.53636363636364,6.96428571428571,8.66666666666667,7.41875,8.40322580645161,33,14,3,16,31,390,289,101,10,180,210,8.13576923076923,8.4,7.37970297029703,8.5,8.1025,8.16428571428571,12
"35",2005,5,8.17741935483871,31,8.775,7.09090909090909,5,8.03125,8.33333333333333,20,11,1,16,15,421,309,112,11,196,225,8.13883610451306,8.4242718446602,7.35133928571429,8.18181818181818,8.09668367346939,8.17555555555555,13
"36",2005,6,8.35,30,8.5,7,7,8.13888888888889,8.66666666666667,27,3,1,18,12,451,336,115,12,214,237,8.15288248337029,8.43035714285715,7.34217391304348,8.08333333333333,8.10023364485981,8.20042194092827,14
"37",2005,7,8.50454545454545,44,8.58648648648649,8.07142857142857,8.5,8.6047619047619,8.41304347826087,37,7,2,21,23,495,373,122,14,235,260,8.18414141414141,8.44584450402145,7.38401639344262,8.14285714285714,8.14531914893617,8.21923076923077,15
"38",2005,8,8.23617021276596,47,8.35,8.015625,8,8.275,8.21969696969697,31,16,1,14,33,542,404,138,15,249,293,8.18865313653136,8.4384900990099,7.45724637681159,8.13333333333333,8.15261044176707,8.21928327645051,16
"39",2005,9,8.676,50,8.67045454545454,8.71666666666667,8.5,8.73913043478261,8.62222222222222,44,6,1,23,27,592,448,144,16,272,320,8.22981418918919,8.46127232142857,7.50972222222222,8.15625,8.20220588235294,8.25328125,17
"40",2005,10,8.11442307692308,52,8.20813953488372,7.66666666666667,NA,7.99038461538461,8.23846153846154,43,9,0,26,26,644,491,153,16,298,346,8.22049689440994,8.43910386965377,7.51895424836601,8.15625,8.18372483221476,8.2521676300578,18
"41",2005,11,8.53333333333333,54,8.82352941176471,8.04,9.25,8.825,8.36176470588235,34,20,2,20,34,698,525,173,18,318,380,8.24469914040115,8.464,7.57919075144509,8.27777777777778,8.22405660377358,8.26197368421053,19
"42",2005,12,8.3169014084507,71,8.58518518518519,7.46470588235294,NA,8.19130434782609,8.37708333333333,54,17,0,23,48,769,579,190,18,341,428,8.25136540962289,8.47530224525043,7.56894736842105,8.27777777777778,8.22184750733138,8.27488317757009,20
"43",2006,1,8.2525974025974,77,8.56583333333333,7.14705882352941,7,7.93793103448276,8.44270833333333,60,17,2,29,48,846,639,207,20,370,476,8.25147754137116,8.48380281690141,7.53429951690821,8.15,8.1995945945946,8.29180672268908,21
"44",2006,2,8.38196721311475,61,8.57755102040816,7.58333333333333,8,8.36666666666667,8.39,49,12,2,21,40,907,688,219,22,391,516,8.26025358324146,8.49047965116279,7.53698630136986,8.13636363636364,8.20856777493606,8.29941860465116,22
"45",2006,3,8.43478260869565,69,8.64285714285714,7.53846153846154,NA,8.39130434782609,8.45652173913044,56,13,0,23,46,976,744,232,22,414,562,8.27259221311476,8.50194892473118,7.53706896551724,8.13636363636364,8.21871980676329,8.31227758007118,23
"46",2006,4,8.38771929824561,57,8.72093023255814,7.36428571428571,6.5,8.52857142857143,8.30555555555556,43,14,2,21,36,1033,787,246,24,435,598,8.27894482090997,8.51391359593393,7.52723577235772,8,8.23367816091954,8.311872909699,24
"47",2006,5,8.39107142857143,56,8.84651162790698,6.88461538461539,8,8.18518518518519,8.58275862068965,43,13,1,27,29,1089,830,259,25,462,627,8.28471074380165,8.53114457831325,7.49498069498069,8,8.23084415584416,8.3244019138756,25
"48",2006,6,8.339,50,8.40357142857143,8,8,8.675,8.18088235294118,42,8,1,16,34,1139,872,267,26,478,661,8.28709394205443,8.525,7.51011235955056,8,8.24571129707113,8.31701966717095,26
"49",2006,7,8.348,75,8.65555555555556,7.55714285714286,8,8.56666666666667,8.24509803921569,54,21,1,24,51,1214,926,288,27,502,712,8.29085667215816,8.53261339092873,7.51354166666667,8,8.26105577689243,8.31186797752809,27
"50",2006,8,8.25002777777778,72,8.48336666666667,7.08333333333333,7.33333333333333,8.13469230769231,8.31521739130435,60,12,3,26,46,1286,986,300,30,528,758,8.28857076205288,8.52961663286004,7.49633333333333,7.93333333333333,8.25483333333333,8.31207124010554,28
"51",2006,9,8.24779411764706,68,8.35,7.77083333333333,7,8.02222222222222,8.39634146341463,56,12,1,27,41,1354,1042,312,31,555,799,8.28652289512556,8.51996353166987,7.50689102564102,7.90322580645161,8.24351711711712,8.31639549436796,29
"52",2006,10,8.25955056179775,89,8.57931034482759,7.66129032258065,6.66666666666667,7.98571428571429,8.38524590163934,58,31,3,28,61,1443,1100,343,34,583,860,8.28485932085932,8.52309272727273,7.52084548104956,7.79411764705882,8.23113550600343,8.32127906976744,30
"53",2006,11,8.07534246575342,73,8.15094339622642,7.875,7.66666666666667,7.77083333333333,8.22448979591837,53,20,3,24,49,1516,1153,363,37,607,909,8.27477044854882,8.50598612315698,7.54035812672176,7.78378378378378,8.21293574958814,8.31606160616061,31
"54",2006,12,8.31798561151079,139,8.5375,7.40740740740741,7.3,8.13272727272727,8.43928571428571,112,27,5,55,84,1655,1265,390,42,662,993,8.2784,8.50877628458498,7.53115384615385,7.72619047619048,8.20627190332326,8.32648539778449,32
"55",2007,1,8.35714285714286,133,8.63775510204082,7.57142857142857,8,8.23260869565217,8.42298850574713,98,35,2,46,87,1788,1363,425,44,708,1080,8.28425727069352,8.51804988994864,7.53447058823529,7.73863636363636,8.20798305084746,8.33425925925926,33
"56",2007,2,8.20260036363636,110,8.62142857142857,7.22533454545455,7.73333333333333,8.38414634146342,8.0947252173913,77,33,3,41,69,1898,1440,458,47,749,1149,8.27952478398314,8.52357777777778,7.51219659388646,7.73829787234042,8.2176261682243,8.31987470844212,34
"57",2007,3,8.3448275862069,87,8.61363636363636,7.5,7.5,8.28,8.36417910447761,66,21,2,20,67,1985,1506,479,49,769,1216,8.28238692191436,8.5275245683931,7.5116618789144,7.72857142857143,8.21924837451235,8.32231582236842,35
"58",2007,4,8.11451612903226,93,8.35,7.39782608695652,8,8.15384615384615,8.09925373134328,70,23,1,26,67,2078,1576,502,50,795,1283,8.27487393647739,8.51963959390863,7.50644629482072,7.734,8.21710943396226,8.31066721745908,36
"59",2007,5,8.07363565891473,129,8.44747474747475,6.83996666666667,7.75,7.74571428571429,8.19573404255319,99,30,4,35,94,2207,1675,532,54,830,1377,8.2631114816493,8.51537432835821,7.46886285714286,7.73518518518518,8.19723132530121,8.30282137981118,37
"60",2007,6,8.4070796460177,113,8.56179775280899,7.83333333333333,7.5,8.50967741935484,8.36829268292683,89,24,2,31,82,2320,1764,556,56,861,1459,8.27012372413794,8.51771655328798,7.48459539568345,7.72678571428571,8.20848083623693,8.30650105551748,38
"61",2007,7,8.115234375,128,8.42771739130435,7.31666666666667,8,8.04651162790698,8.15,92,36,4,43,85,2448,1856,592,60,904,1544,8.26202493464053,8.51325538793104,7.47438351351351,7.745,8.20077654867257,8.29788538860103,39
"62",2007,8,8.33595041322314,121,8.66845238095238,7.58108108108108,7.83333333333333,7.94871794871795,8.52012195121951,84,37,6,39,82,2569,1940,629,66,943,1626,8.26550682755937,8.51997525773196,7.48065984101749,7.7530303030303,8.1903520678685,8.3090928905289,40
"63",2007,9,8.63058823529412,85,8.7546875,8.25238095238095,NA,8.712,8.59666666666667,64,21,0,25,60,2654,2004,650,66,968,1686,8.27719933685004,8.52747105788423,7.50559236923077,7.7530303030303,8.20382438016529,8.31932683274021,41
"64",2007,10,8.42934640522876,153,8.68075,7.51515151515152,8,8.72222222222222,8.33923076923077,120,33,2,36,117,2807,2124,683,68,1004,1803,8.28549235482722,8.53613088512241,7.50605423133236,7.76029411764706,8.22241235059761,8.3206184359401,42
"65",2007,11,8.20472222222222,180,8.52782258064516,7.48928571428571,8.25,8.04576271186441,8.28223140495868,124,56,4,59,121,2987,2248,739,72,1063,1924,8.28062505523937,8.53567259786477,7.50478354533153,7.7875,8.21260771401693,8.31820428274428,43
"66",2007,12,8.12962962962963,189,8.46176470588235,7.27735849056604,6.75,7.86269841269841,8.26309523809524,136,53,2,63,126,3176,2384,792,74,1126,2050,8.27163949622166,8.53145637583893,7.48956444444444,7.75945945945946,8.19303019538188,8.31481709268293,44
"67",2008,1,8.32729357798165,218,8.64213836477987,7.47881355932203,7.33333333333333,8.37328767123288,8.30413793103448,159,59,6,73,145,3394,2543,851,80,1199,2195,8.27521421331762,8.53837672040897,7.48881908343126,7.7275,8.20400500417014,8.31411163553531,45
"68",2008,2,8.23357142857143,140,8.42626262626263,7.76829268292683,7.8,8.15625,8.27391304347826,99,41,5,48,92,3534,2642,892,85,1247,2287,8.27356452744765,8.53417562452687,7.50166484304933,7.73176470588235,8.20216680032077,8.3124945518146,46
"69",2008,3,8.24322580645161,155,8.54433962264151,7.59183673469388,7.1,8.27916666666667,8.22710280373832,106,49,5,48,107,3689,2748,941,90,1295,2394,8.27228979127135,8.53456768558952,7.50636029755579,7.69666666666667,8.20502084942085,8.30867796157059,47
"70",2008,4,8.26197916666667,144,8.66473684210526,7.48112244897959,7.6,8.16627906976744,8.30272277227723,95,49,5,43,101,3833,2843,990,95,1338,2495,8.27190243673363,8.53891734083714,7.50511115151515,7.69157894736842,8.20377578475336,8.30843688977956,48
"71",2008,5,8.25445205479452,146,8.50094339622641,7.60125,7.66666666666667,8.09444444444444,8.34836956521739,106,40,3,54,92,3979,2949,1030,98,1392,2587,8.27126213621513,8.5375523906409,7.50884469902913,7.69081632653061,8.19953448275862,8.30985699265558,49
"72",2008,6,8.29928571428571,140,8.69285714285714,7.38095238095238,7.78571428571429,8.17549019607843,8.37022471910112,98,42,7,51,89,4119,3047,1072,105,1443,2676,8.27221462490896,8.54254742369544,7.50383399253731,7.69714285714286,8.19868468468469,8.31186473841555,50
"73",2008,7,8.25717171717172,198,8.48857142857143,7.59019607843137,7.375,8.34603448275862,8.22035714285714,147,51,12,58,140,4317,3194,1123,117,1501,2816,8.27152467917535,8.54006324358171,7.50775604630454,7.66410256410256,8.20437841439041,8.30731535511364,51
"74",2008,8,8.29086956521739,184,8.52709923664122,7.70698113207547,7.45454545454545,8.18725490196078,8.3306015037594,131,53,11,51,133,4501,3325,1176,128,1552,2949,8.27231549433459,8.53955248120301,7.51673472789116,7.64609375,8.20381572164948,8.30836556120719,52
"75",2008,9,8.27007575757576,132,8.52871287128713,7.42741935483871,6.875,8.00588235294118,8.36173469387755,101,31,12,34,98,4633,3426,1207,140,1586,3047,8.27225168141593,8.53923292469352,7.5144407953604,7.58,8.19957250945775,8.31008206104365,53
"76",2008,10,8.17823129251701,147,8.46238532110092,7.36315789473684,7.91666666666667,8.18235294117647,8.17604166666667,109,38,6,51,96,4780,3535,1245,146,1637,3143,8.26936025941423,8.53686336633663,7.5098233253012,7.59383561643836,8.1990360415394,8.30598792236717,54
"77",2008,11,8.12707182320442,181,8.54666666666667,7.30163934426229,7.22727272727273,8.14285714285714,8.12121212121212,120,61,11,49,132,4961,3655,1306,157,1686,3275,8.26416892561983,8.53718522571819,7.5000995712098,7.56815286624204,8.19740332147093,8.29854047022901,55
"78",2008,12,8.28886010362694,193,8.51197183098592,7.66764705882353,7.05555555555556,8.36632653061224,8.2625,142,51,9,49,144,5154,3797,1357,166,1735,3419,8.26509352735739,8.53624229654991,7.50639649226234,7.54036144578313,8.20217406340057,8.29702253290436,56
"79",2009,1,8.17206477732794,247,8.44361111111111,7.44253731343284,7.37222222222222,8.26575342465753,8.13275862068966,180,67,9,73,174,5401,3977,1424,175,1808,3593,8.26083911127569,8.53204978627106,7.50339188202247,7.53171428571429,8.20474115044248,8.28906764263846,57
"80",2009,2,8.09775641025641,312,8.54545454545454,7.428,7.43846153846154,8.06415094339623,8.1046332046332,187,125,13,53,259,5713,4164,1549,188,1861,3852,8.25193279187817,8.53265177713737,7.49730796642995,7.52526595744681,8.20073723804406,8.27666667705088,58
"81",2009,3,8.22966101694915,295,8.55257142857143,7.75875,7.31818181818182,8.39830508474576,8.1875,175,120,11,59,236,6008,4339,1669,199,1920,4088,8.25083922103861,8.53345517400323,7.51610547633313,7.51381909547739,8.20680833333333,8.27151909001957,59
"82",2009,4,8.08719101123596,267,8.4375,7.65151260504202,7.03076923076923,8.12777777777778,8.07896396396396,148,119,13,45,222,6275,4487,1788,212,1965,4310,8.24387602231076,8.53029017160686,7.52511747203579,7.48419811320755,8.20499847328244,8.26160093735499,60
"83",2009,5,8.16180555555556,288,8.38798882681564,7.79036697247706,7.45833333333333,7.83265306122449,8.22928870292887,179,109,12,49,239,6563,4666,1897,224,2014,4549,8.24027457565138,8.52483111873125,7.54035848181339,7.4828125,8.19593942403178,8.25990328423829,61
"84",2009,6,8.19749912280702,228,8.48115942028985,7.76255333333333,6.83333333333333,7.90853658536585,8.26085454545455,138,90,12,41,187,6791,4804,1987,236,2055,4736,8.23883843911058,8.52357660283097,7.55042266733769,7.44978813559322,8.19020535279805,8.25994084459459,62
"85",2009,7,8.2228813559322,236,8.46923076923077,7.84408602150538,8.14285714285714,8.1936170212766,8.23015873015873,143,93,7,47,189,7027,4947,2080,243,2102,4925,8.23830252454817,8.52200565999596,7.56355280769231,7.46975308641975,8.19028163653663,8.25879793705584,63
"86",2009,8,7.96772727272727,220,8.24744525547445,7.50602409638554,7.3,7.87307692307692,7.99702380952381,137,83,10,52,168,7247,5084,2163,253,2154,5093,8.23008856630329,8.51460700236034,7.56134527970411,7.46304347826087,8.18262395543175,8.25016293736501,64
"87",2009,9,7.99042704626335,281,8.38416149068323,7.46216666666667,7.37333333333333,7.64375,8.06184549356223,161,120,15,48,233,7528,5245,2283,268,2202,5326,8.22114264612114,8.51060285986654,7.55613221200175,7.4580223880597,8.17087738419619,8.24192449117536,65
"88",2009,10,7.97448844884488,303,8.24195652173913,7.5609243697479,7.11842105263158,7.94262295081967,7.98252066115703,184,119,19,61,242,7831,5429,2402,287,2263,5568,8.21159900906653,8.50149788174618,7.55636962531224,7.43554006968641,8.16472470172338,8.23065011494253,66
"89",2009,11,7.93657051282051,312,8.44977011494253,7.28949275362319,7.178125,8.00018518518518,7.92325581395349,174,138,32,54,258,8143,5603,2540,319,2317,5826,8.20106125997789,8.49989148670355,7.54187001574803,7.40971786833856,8.16088994389296,8.21703739100583,67
"90",2009,12,8.19815789473684,380,8.50167364016736,7.68368794326241,7.36538461538461,8.20921052631579,8.19539473684211,239,141,26,76,304,8523,5842,2681,345,2393,6130,8.20093181274199,8.49996439575488,7.54932854904886,7.4063768115942,8.16242457166736,8.21596408482871,68
"91",2010,1,8.09455128205128,468,8.30843949044586,7.65844155844156,7.73333333333333,7.86807228915663,8.14337662337662,314,154,21,83,385,8991,6156,2835,366,2476,6515,8.19539448782115,8.49019525666017,7.55525567548501,7.42513661202186,8.15255735056543,8.21167457252494,69
"92",2010,2,8.08398692810458,306,8.38529411764706,7.61050420168067,7.41315789473684,7.93392857142857,8.1176,187,119,19,56,250,9297,6343,2954,385,2532,6765,8.19172763687211,8.48710263282358,7.55748132701422,7.42454545454545,8.14772195892575,8.20819805469327,70
"93",2010,3,7.99241803278689,244,8.21635802469136,7.55,7.48571428571429,7.94150943396226,8.0065445026178,162,82,14,53,191,9541,6505,3036,399,2585,6956,8.18663052510219,8.48036003074558,7.55727926218709,7.42669172932331,8.14349400386847,8.20266098907418,71
"94",2010,4,7.96652582159624,213,8.22731884057971,7.48666666666667,7.40133333333333,7.89473684210526,7.98211428571429,138,75,15,38,175,9754,6643,3111,414,2623,7131,8.18182405577199,8.47510341713081,7.55557693346191,7.4257729468599,8.13989020205871,8.19724861029308,72
"95",2010,5,7.98611111111111,216,8.37605633802817,7.23783783783784,5.8125,7.30568181818182,8.16017441860465,142,74,8,44,172,9970,6785,3185,422,2667,7303,8.17758393580742,8.47303050847458,7.5481946122449,7.39518957345972,8.12612748406449,8.19637544023004,73
"96",2010,6,7.85917197452229,157,8.19626168224299,7.1378,7.22615384615385,7.946875,7.83672,107,50,13,32,125,10127,6892,3235,435,2699,7428,8.17264755998815,8.46873360417876,7.54185157341576,7.39013793103448,8.12400222304557,8.19032308023694,74
"97",2010,7,7.87360406091371,197,8.27179487179487,7.29125,7.48181818181818,7.72,7.91273885350318,117,80,11,40,157,10324,7009,3315,446,2739,7585,8.16694128632313,8.46544614067627,7.53580387330317,7.39239910313901,8.11810222709018,8.18457743441001,75
"98",2010,8,7.9183257918552,221,8.24612676056338,7.32911392405063,7.11363636363636,8.0188679245283,7.88660714285714,142,79,22,53,168,10545,7151,3394,468,2792,7753,8.16173085253675,8.46109103621871,7.53099288155569,7.37929487179487,8.11621848137536,8.17812070682316,76
"99",2010,9,8.09974358974359,195,8.33245614035088,7.77222222222222,7.5625,8.12179487179487,8.09423076923077,114,81,16,39,156,10740,7265,3475,484,2831,7909,8.16060538547486,8.4590725395733,7.53661578129496,7.38535123966942,8.11629530201342,8.1764660311038,77
"100",2010,10,8.08985148514851,202,8.41418439716312,7.34016393442623,7.32142857142857,8.15571428571429,8.07604790419162,141,61,14,35,167,10942,7406,3536,498,2866,8076,8.15929919941509,8.45821793140697,7.53322676470588,7.38355421686747,8.11677669225401,8.17438952947003,78
"101",2010,11,7.95049180327869,305,8.27338709677419,7.44579831932773,6.71346153846154,7.71875,8.00261044176707,186,119,26,56,249,11247,7592,3655,524,2922,8325,8.15363668889481,8.45368967334036,7.53038025718194,7.35030534351145,8.1091485284052,8.16925163243243,79
"102",2010,12,7.8843023255814,344,8.23511111111111,7.22100840336134,6.90909090909091,7.77826086956522,7.91090909090909,225,119,22,69,275,11591,7817,3774,546,2991,8600,8.14564333016996,8.44739823461686,7.52062528881823,7.33252747252747,8.10151521230358,8.16099067906976,80
"103",2011,1,7.89081407035176,398,8.17416923076923,7.35695652173913,7.142,7.86217948717949,7.89779375,260,138,25,78,320,11989,8077,3912,571,3069,8920,8.13718373842689,8.4386029466386,7.51485169734151,7.32418563922942,8.09543238840013,8.15154863677129,81
"104",2011,2,8.01107142857143,308,8.36843137254902,7.31009615384615,6.99545454545455,8.12477611940299,7.97946058091286,204,104,22,67,241,12297,8281,4016,593,3136,9161,8.13402503374807,8.43687429054462,7.50954926294821,7.31198988195616,8.09605931122449,8.14702148673725,82
"105",2011,3,8.07574898785425,247,8.37825581395349,7.382,7.17777777777778,8.114,8.06479166666667,172,75,18,55,192,12544,8453,4091,611,3191,9353,8.13287753826531,8.43568153318348,7.50721091175752,7.30803600654664,8.09636853650893,8.14533345878327,83
"106",2011,4,7.74449339207048,227,8.03661971830986,7.25647058823529,6.95,7.59509803921569,7.78778409090909,142,85,12,51,176,12771,8595,4176,623,3242,9529,8.12597414767833,8.42908853984875,7.50210724137931,7.30113964686998,8.08848303516348,8.13872954559764,84
"107",2011,5,7.97012987012987,231,8.31462585034014,7.3672619047619,6.75,7.80434782608696,8.01135135135135,147,84,12,46,185,13002,8742,4260,635,3288,9714,8.12320534071681,8.42716380690917,7.49944831924882,7.29072440944882,8.08450790754258,8.13630366893144,85
"108",2011,6,7.99395073891626,203,8.19009677419355,7.68607594936709,7.77083333333333,7.76456097560976,8.05200617283951,124,79,12,41,162,13205,8866,4339,647,3329,9876,8.1212183142749,8.42384818407399,7.50284624106937,7.29962905718702,8.08056743766897,8.13492090319967,86
"109",2011,7,8.03115942028986,207,8.22904411764706,7.65211267605634,7.40909090909091,7.59210526315789,8.12988165680473,136,71,11,38,169,13412,9002,4410,658,3367,10045,8.11982835073069,8.42090513219284,7.5052493968254,7.30145896656535,8.07505464805465,8.13483612145346,87
"110",2011,8,8.04888211382114,246,8.29834337349398,7.53125,7.275,8.0296052631579,8.05240384615385,166,80,20,38,208,13658,9168,4490,678,3405,10253,8.1185505081271,8.41868597294939,7.50571265924276,7.3006784660767,8.07454743024963,8.13316383887642,88
"111",2011,9,7.98102564102564,195,8.32522123893805,7.50670731707317,7.17857142857143,8.21363636363636,7.91324503311258,113,82,14,44,151,13853,9281,4572,692,3449,10404,8.11661465675305,8.41754800129296,7.50573049868766,7.29820809248555,8.07632183241519,8.12997201460976,89
"112",2011,10,7.97471482889734,263,8.34230769230769,7.31382978723404,7.32352941176471,7.9843137254902,7.97240566037736,169,94,17,51,212,14116,9450,4666,709,3500,10616,8.11397087276849,8.41620243386243,7.50186451778826,7.29881523272214,8.07498114285715,8.12682543707611,90
"113",2011,11,7.85032894736842,304,8.23453038674033,7.2849593495935,6.82380952380952,7.86203703703704,7.8478,181,123,21,54,250,14420,9631,4789,730,3554,10866,8.1084128183079,8.4127881839892,7.49629355606599,7.28515068493151,8.07174563871694,8.1204057463648,91
"114",2011,12,7.99192439862543,291,8.40027173913044,7.28971962616822,6.78421052631579,8.11530612244898,7.96694214876033,184,107,19,49,242,14711,9815,4896,749,3603,11108,8.10610854734552,8.41255354049923,7.49177897058824,7.2724432576769,8.07233805162365,8.11706237306445,92
"115",2012,1,8.01441558441558,385,8.32123552123552,7.38373015873016,6.97777777777778,8.14078947368421,7.98333333333333,259,126,27,76,309,15096,10074,5022,776,3679,11417,8.1037700609433,8.41020577724836,7.48906806849861,7.26219072164948,8.0737521065507,8.11344300954716,93
"116",2012,2,7.9463670411985,267,8.32971428571429,7.21717391304348,7.42307692307692,7.85116279069767,7.96464285714286,175,92,13,43,224,15363,10249,5114,789,3722,11641,8.10103448805572,8.40883139818519,7.48417673836527,7.26484157160963,8.07118054809243,8.11057974744437,94
"117",2012,3,8.02029236641221,262,8.3503679558011,7.28271604938272,6.95833333333333,8.20243902439024,7.98650045248869,181,81,12,41,221,15625,10430,5195,801,3763,11862,8.09968060416,8.40781683604985,7.48103558036574,7.26024968789014,8.07261068296572,8.10826803574439,95
"118",2012,4,7.83612648221344,253,8.13130434782609,7.3195652173913,7.55416666666667,7.78333333333333,7.84754807692308,161,92,12,45,208,15878,10591,5287,813,3808,12070,8.09548113364404,8.40361340761023,7.47822580669567,7.26458794587946,8.06919222689076,8.10377509859154,96
"119",2012,5,7.83456221198157,217,8.20962962962963,7.21707317073171,7.26,7.7175,7.86101694915254,135,82,10,40,177,16095,10726,5369,823,3848,12247,8.09196330785958,8.40117188140965,7.47423725833489,7.26453219927096,8.06553638253639,8.1002666318282,97
"120",2012,6,8.08177966101695,236,8.4523178807947,7.42352941176471,7.1875,8.27121212121212,8.05098522167488,151,85,16,33,203,16331,10877,5454,839,3881,12450,8.09181614353071,8.40188191596947,7.47344698203154,7.263063170441,8.06728523576398,8.0994630875502,98
"121",2012,7,7.9104435483871,248,8.18733766233766,7.4568085106383,6.732,7.28954545454545,8.04436274509804,154,94,20,44,204,16579,11031,5548,859,3925,12654,8.08910304843477,8.39888673737648,7.47316507570296,7.25069848661234,8.05856662420383,8.09857479374111,99
"122",2012,8,7.86625,252,8.19302684563758,7.39353398058252,7.15833333333333,7.47441860465116,7.94686602870813,149,103,24,43,209,16831,11180,5651,883,3968,12863,8.08576640960133,8.39614316636851,7.4717136506813,7.24818799546999,8.05223639112904,8.09610980642151,100
"123",2012,9,7.91290322580645,217,8.25035211267606,7.274,7.1625,7.32948717948718,8.04073033707865,142,75,8,39,178,17048,11322,5726,891,4007,13041,8.08356607461286,8.39431466172054,7.46912396786588,7.24741863075196,8.04520189668082,8.09535391764435,101
"124",2012,10,7.93526315789474,285,8.21017441860465,7.51681415929204,7.32727272727273,7.97045454545455,7.92883817427386,172,113,22,44,241,17333,11494,5839,913,4051,13282,8.08112758553049,8.39155912650078,7.47004689844152,7.24934282584885,8.0443900271538,8.09233251317572,102
"125",2012,11,7.91349397590361,332,8.31623115577889,7.3109022556391,6.92380952380952,7.56893939393939,7.99898496240602,199,133,21,66,266,17665,11693,5972,934,4117,13548,8.0779770416077,8.39027714016933,7.46650265237777,7.24202355460385,8.03676803497693,8.09049973723058,103
"126",2012,12,7.88524590163934,305,8.29896373056995,7.17232142857143,6.6375,7.87888888888889,7.88634615384615,193,112,24,45,260,17970,11886,6084,958,4162,13808,8.07470586755704,8.38879443042234,7.46108708744248,7.22687891440501,8.03506102835176,8.08665559385863,104
"127",2013,1,7.90126582278481,395,8.14089147286822,7.45,7.28846153846154,7.7551724137931,7.92640949554896,258,137,26,58,337,18365,12144,6221,984,4220,14145,8.07097546637626,8.3835277173913,7.46084292557467,7.22850609756097,8.03121421800949,8.08283778296217,105
"128",2013,2,7.9,313,8.22786458333333,7.3797520661157,7.14,8.06363636363636,7.87323420074349,192,121,15,44,269,18678,12336,6342,999,4264,14414,8.06811031373809,8.38110494487678,7.45929578051088,7.22717717717718,8.03154878048781,8.07892607464964,106
"129",2013,3,8.00892542372881,295,8.33501595744681,7.43598130841121,7.58333333333333,7.8050652173913,8.04658634538153,188,107,12,46,249,18973,12524,6449,1011,4310,14663,8.06719008274917,8.38041309485787,7.4589089533261,7.23140454995054,8.02913155452437,8.07837689695151,107
"130",2013,4,7.91813684210526,285,8.20577837837838,7.386,7.57142857142857,8.01195652173913,7.90007949790795,185,100,21,46,239,19258,12709,6549,1032,4356,14902,8.06498423720013,8.37787100479974,7.45779566956788,7.23832364341085,8.02895018365474,8.07551734263857,108
"131",2013,5,7.8145652173913,276,8.23879310344828,7.09088235294118,6.99333333333333,7.86666666666667,7.80521367521368,174,102,24,42,234,19534,12883,6651,1056,4398,15136,8.06144601412921,8.37599259489249,7.4521686723801,7.23275568181818,8.02740040927696,8.0713384936575,109
"132",2013,6,7.94842105263158,285,8.24889502762431,7.42548076923077,7.17647058823529,7.80232558139535,7.97438016528926,181,104,17,43,242,19819,13064,6755,1073,4441,15378,8.05982069932893,8.37423167483159,7.45175778534419,7.23186393289842,8.02522112136907,8.06981268305371,110
"133",2013,7,7.73205298013245,302,8.19551912568306,7.01932773109244,6.59166666666667,7.36666666666667,7.80110236220472,183,119,24,48,254,20121,13247,6874,1097,4489,15632,8.05490116992197,8.37176285951536,7.44427172534187,7.21785779398359,8.01817932724439,8.06544648413511,111
"134",2013,8,7.8952380952381,273,8.35085714285714,7.08163265306122,6.83333333333333,8.19756097560976,7.84181034482759,175,98,21,41,232,20394,13422,6972,1118,4530,15864,8.05276387368834,8.37149028460736,7.43917438898451,7.21063506261181,8.01980286975718,8.06217596066566,112
"135",2013,9,7.78910652920962,291,8.2039375,7.2824427480916,6.884,7.62863636363636,7.81769230769231,160,131,25,44,247,20685,13582,7103,1143,4574,16111,8.04905469857385,8.36951646296569,7.43628380121076,7.20349081364829,8.01604000874509,8.05842774750171,113
"136",2013,10,7.78053571428571,280,8.16448863636364,7.13076923076923,7.35555555555556,7.96888888888889,7.74446808510638,176,104,18,45,235,20965,13758,7207,1161,4619,16346,8.04546846839972,8.36689363279546,7.4318750992091,7.20584840654608,8.0155806451613,8.05391407316775,114
"137",2013,11,7.9202332361516,343,8.27287804878049,7.3963768115942,6.88275862068966,7.93629032258065,7.91669039145907,205,138,29,62,281,21308,13963,7345,1190,4681,16627,8.04345252675052,8.36551332808136,7.4312081470388,7.19797478991597,8.01453044221321,8.05159496241054,115
"138",2013,12,8.01848739495798,357,8.35818965517241,7.388,6.75666666666667,8.209375,7.98883495145631,232,125,30,48,309,21665,14195,7470,1220,4729,16936,8.04304114654974,8.36539363156041,7.43048511914324,7.18712295081967,8.01650814125609,8.05044989607936,116
"139",2014,1,7.86114754098361,488,8.16835483870968,7.32612359550562,7.31428571428571,7.59238095238095,7.90098823529412,310,178,35,63,425,22153,14505,7648,1255,4792,17361,8.03903428158715,8.36118253016201,7.42805620292887,7.19066932270916,8.01093217863106,8.04679105120673,117
"140",2014,2,7.90231884057971,345,8.28088235294118,7.35460992907801,7.36333333333333,7.90204081632653,7.90236486486486,204,141,30,49,296,22498,14709,7789,1285,4841,17657,8.03693779180372,8.36006884220545,7.42672664526897,7.19470038910506,8.00982999380294,8.04436990655264,118
"141",2014,3,7.93525423728814,295,8.27514619883041,7.46653225806452,7.24074074074074,8.0453488372093,7.91646825396825,171,124,27,43,252,22793,14880,7913,1312,4884,17909,8.03562174527267,8.35909291666666,7.42735041577152,7.19564786585366,8.01014271089272,8.04257018482327,119
"142",2014,4,7.82444029850746,268,8.13265895953757,7.26315789473684,7.09318181818182,7.66351351351351,7.85021645021645,173,95,22,37,231,23061,15053,8008,1334,4921,18140,8.03316753132995,8.35649057330764,7.42540257742258,7.1939580209895,8.00753647632596,8.04012069680265,120
"143",2014,5,7.90485915492958,284,8.33723529411765,7.26008771929825,6.71875,7.60147058823529,7.94612,170,114,16,34,250,23345,15223,8122,1350,4955,18390,8.03160661554937,8.35627554358536,7.4230822260527,7.18832592592593,8.00475015136227,8.03884281892333,121
"144",2014,6,7.83647482014389,278,8.2217032967033,7.10614583333333,6.59523809523809,7.64,7.87442060085837,182,96,21,45,233,23623,15405,8218,1371,5000,18623,8.02931026711256,8.35468566049984,7.41937987831589,7.17924142961342,8.00146740000001,8.03678566503786,122
"145",2014,7,7.91123157894737,304,8.26774130434783,7.36458333333333,6.83214285714286,8.00498604651163,7.89578544061303,184,120,28,43,261,23927,15589,8338,1399,5043,18884,8.02781004053998,8.35365943934826,7.41859124970017,7.17229449606862,8.00149740233989,8.03483686930735,123
"146",2014,8,7.6910472972973,296,8.00245901639344,7.18672566371681,7.4,7.48947368421053,7.72073643410853,183,113,15,38,258,24223,15772,8451,1414,5081,19142,8.02369487016472,8.34958451686533,7.41549092888416,7.17471004243281,7.99766805746901,8.03060335597116,124
"147",2014,9,7.87010752688172,279,8.25565476190476,7.28657657657658,6.92541666666667,8.07527777777778,7.83971193415638,168,111,24,36,243,24502,15940,8562,1438,5117,19385,8.02194599787773,8.34859454203262,7.41381964961458,7.17054937413074,7.99821407074459,8.02821044312613,125
"148",2014,10,7.80047692307692,325,8.06492424242424,7.38818897637795,7.424,7.75510204081633,7.80853260869565,198,127,25,49,276,24827,16138,8689,1463,5166,19661,8.01904683771701,8.34511414053786,7.41344502704569,7.17488038277512,7.99590813008131,8.02512661817812,126
"149",2014,11,7.70506024096386,332,8.11829015544041,7.13129496402878,7.11774193548387,7.76617021276596,7.69498245614035,193,139,31,47,285,25159,16331,8828,1494,5213,19946,8.01490344767281,8.3424335313208,7.40900247394654,7.17369477911646,7.99383683099943,8.0204093271834,127
"150",2014,12,7.91710568421053,380,8.21182572614108,7.40611625899281,6.90344827586207,7.98951612903226,7.9029879245283,241,139,29,62,318,25539,16572,8967,1523,5275,20264,8.01344829476488,8.34053415399469,7.40895773391324,7.16854891661195,7.99378604739337,8.01856665021713,128
"151",2015,1,7.85311340206186,485,8.18074534161491,7.20588957055215,7.0765625,7.626,7.88517647058824,322,163,32,60,425,26024,16894,9130,1555,5335,20689,8.01046019059331,8.33748857582574,7.40533231106243,7.16665594855305,7.98964974695409,8.01582650683938,129
"152",2015,2,7.80650154798762,323,8.19247474747475,7.19512,6.90476190476191,7.80565217391304,7.80664259927798,198,125,21,46,277,26347,17092,9255,1576,5381,20966,8.0079597677155,8.33580868242452,7.40249313884387,7.16316624365482,7.9880768258688,8.01306279690928,130
"153",2015,3,7.85612068965517,348,8.14783185840708,7.31573770491803,6.76521739130435,7.71409090909091,7.87667763157895,226,122,23,44,304,26695,17318,9377,1599,5425,21270,8.00598037085597,8.33335558378566,7.40136440226085,7.15744215134459,7.98585463594471,8.01111352139163,131
"154",2015,4,7.78325242718447,309,8.09905405405405,7.31209677419355,7.125,8.12906976744186,7.72734962406015,185,124,12,43,266,27004,17503,9501,1611,5468,21536,8.00343175085173,8.33087910643889,7.40019934743711,7.15720049658597,7.98698087051939,8.00760863670134,132
"155",2015,5,7.70996598639456,294,8.01256983240224,7.23895652173913,7.7125,7.425,7.74723076923077,179,115,16,34,260,27298,17682,9616,1627,5502,21796,8.00027111876329,8.3276567695962,7.39827100665557,7.16266133988937,7.98350806979281,8.00450264268673,133
"156",2015,6,7.86961538461538,260,8.14914634146341,7.39208333333333,7.42071428571429,8.13354838709677,7.8338864628821,164,96,14,31,229,27558,17846,9712,1641,5533,22025,7.99903842804268,8.32601630617505,7.39820984349259,7.16486288848263,7.98434870775349,8.00272869920544,134
"157",2015,7,7.85255102040816,294,8.28791208791209,7.14508928571429,7.282,8.06170212765957,7.81275303643725,182,112,25,47,247,27852,18028,9824,1666,5580,22272,7.99749213700992,8.32563162857776,7.39532410423453,7.1666206482593,7.98500025089606,8.00062183908046,135
"158",2015,8,7.55753687315634,339,8.03629533678756,6.92465753424658,6.35483870967742,7.23962264150943,7.61645104895105,193,146,31,53,286,28191,18221,9970,1697,5633,22558,7.99220162463198,8.32256692826958,7.38843169508526,7.1517913965822,7.97798711166342,7.99575115701746,136
"159",2015,9,7.69700704225352,284,8.13816568047337,7.04869565217391,7.13636363636364,7.82888888888889,7.67217573221757,169,115,22,45,239,28475,18390,10085,1719,5678,22797,7.98925745390694,8.32087232191408,7.38455765989093,7.15159394997091,7.9768054596689,7.99235884546212,137
"160",2015,10,7.87148606811146,323,8.23116751269036,7.30912698412698,7.5375,7.72916666666667,7.89632727272727,197,126,24,48,275,28798,18587,10211,1743,5726,23072,7.98793652336969,8.31992155807822,7.38362687298012,7.15690763052209,7.97472954942369,7.99121422503467,138
"161",2015,11,7.8643793911007,427,8.17157258064516,7.43877094972067,7.3578125,8.1175,7.83821705426357,248,179,32,40,387,29225,18835,10390,1775,5766,23459,7.98613125748504,8.31796825059729,7.38457690086622,7.16052957746479,7.97571997918835,7.98869025107634,139
"162",2015,12,7.83596881959911,449,8.19608540925267,7.23363095238095,6.392,7.82661290322581,7.8374677002584,281,168,25,62,387,29674,19116,10558,1800,5828,23846,7.98385913594393,8.31617660598451,7.38217503315022,7.14985555555555,7.97413373369939,7.98623603958735,140
"163",2016,1,7.81045742115028,539,8.19030846645367,7.28438053097345,6.81395348837209,7.89866666666667,7.79940824634656,313,226,43,60,479,30213,19429,10784,1843,5888,24325,7.98076564889287,8.31414887796592,7.38012555637982,7.14201844818231,7.97336470788044,7.98255708735868,141
"164",2016,2,7.90803519061584,341,8.28336492890995,7.29884615384615,7.22916666666667,7.78444444444444,7.92682432432432,211,130,24,45,296,30554,19640,10914,1867,5933,24621,7.97995393565491,8.31381815427698,7.37915741249771,7.14313872522764,7.9719318051576,7.98188705373461,142
"165",2016,3,7.93900285714286,350,8.26505555555556,7.51427631578947,7.06727272727273,7.963,7.93500333333333,198,152,33,50,300,30904,19838,11066,1900,5983,24921,7.97949014852447,8.31333146234499,7.38101337429966,7.14182105263158,7.97185716195889,7.98132266562337,143
"166",2016,4,7.74261838440111,359,8.00964467005076,7.4179012345679,7.30645161290323,7.80795454545455,7.73349206349206,197,162,31,44,315,31263,20035,11228,1931,6027,25236,7.97677009723956,8.31034537309708,7.381545600285,7.14446400828586,7.9706605939937,7.97822920233,144
"167",2016,5,7.82745257452575,369,8.1553947368421,7.29716312056738,7.00322580645161,8.01666666666667,7.81070796460177,228,141,31,30,339,31632,20263,11369,1962,6057,25575,7.97502824829288,8.30860186300153,7.38049907643592,7.14223241590214,7.97088845963349,7.97600868621701,145
"168",2016,6,7.77046703296703,364,8.04705882352941,7.4178125,7.34,7.29761904761905,7.83214285714286,204,160,15,42,322,31996,20467,11529,1977,6099,25897,7.9727010735717,8.30599499438119,7.38101691386937,7.14373292867982,7.96625207411052,7.97421987681971,146
"169",2016,7,7.88703504043127,371,8.22674107142857,7.36938775510204,7.35526315789474,8.15476190476191,7.85285714285714,224,147,19,42,329,32367,20691,11676,1996,6141,26226,7.97171914449904,8.30513699434536,7.38087050359712,7.14574649298597,7.96754134505781,7.9726974052467,147
"170",2016,8,7.59757009345794,428,8.11219512195122,6.90197802197802,6.65178571428571,7.62884615384615,7.59324468085106,246,182,28,52,376,32795,20937,11858,2024,6193,26602,7.96683621131271,8.30287001719444,7.37352032383201,7.13891304347826,7.96469746487971,7.96733411585595,148
"171",2016,9,7.76895,400,8.11352678571428,7.33039772727273,7.28125,7.81,7.76374647887324,224,176,32,45,355,33195,21161,12034,2056,6238,26957,7.96445168097606,8.30086572231936,7.37288964600299,7.14112840466926,7.96358150048093,7.96465304559112,149
"172",2016,10,7.81129533678756,386,8.02679012345679,7.44510489510489,7.33214285714286,8.16041666666667,7.76171597633136,243,143,28,48,338,33581,21404,12177,2084,6286,27295,7.96269121080374,8.29775413707718,7.37373770222551,7.14369481765835,7.9650845370665,7.96214003114123,150
"173",2016,11,7.77245575221239,452,8.15375464684015,7.21196721311475,7.1125,7.5875,7.7965,269,183,28,52,400,34033,21673,12360,2112,6338,27695,7.9601646504863,8.29596685045909,7.3713425566343,7.14328125,7.96198665194068,7.9597476855028,151
"174",2016,12,7.67291469194313,422,8.0099609375,7.15313253012048,7.06521739130435,7.47142857142857,7.69938337801609,256,166,23,49,373,34455,21929,12526,2135,6387,28068,7.95664645334495,8.29262800629303,7.36845074245569,7.14244028103044,7.95822317206827,7.9562876638877,152
"175",2017,1,7.72503780718336,529,8.13063122923588,7.18958333333333,7.28161764705882,7.4953125,7.74796257796258,301,228,34,48,481,34984,22230,12754,2169,6435,28549,7.95314425308713,8.29043452766532,7.36525317547436,7.14462194559705,7.95477022533023,7.95277775578829,153
"176",2017,2,7.76323974082073,463,8.08837931034483,7.21820809248555,7.08125,7.68087719298246,7.77480295566502,290,173,40,57,406,35447,22520,12927,2209,6492,28955,7.95066376703248,8.2878325732682,7.36328529434517,7.14347442281575,7.95236543438078,7.95028223622863,154
"177",2017,3,7.76679738562092,459,8.01627306273063,7.40718085106383,6.82352941176471,7.88350877192982,7.75024875621891,271,188,34,57,402,35906,22791,13115,2243,6549,29357,7.94831333342618,8.28460355184064,7.36391452535265,7.13862460989746,7.95176613223393,7.94754307831181,155
"178",2017,4,7.69568396226415,424,8.06255230125523,7.22172972972973,6.89888888888889,7.93625,7.670625,239,185,27,40,384,36330,23030,13300,2270,6589,29741,7.94536494770163,8.28229915544941,7.36193676691729,7.1357731277533,7.95167193807862,7.94396765912377,156
"179",2017,5,7.80014745308311,373,8.13841836734694,7.42556497175141,7.17125,7.73255813953488,7.80895454545455,196,177,36,43,330,36703,23226,13477,2306,6632,30071,7.94388915211291,8.28108497158357,7.36277242709802,7.13632697311362,7.95025126658625,7.94248602141598,157
"180",2017,6,7.54154727793696,349,7.92718085106383,7.09124223602484,7.1695652173913,7.05405405405405,7.59935897435897,188,161,23,37,312,37052,23414,13638,2329,6669,30383,7.94009941568607,8.27824333945503,7.3595669452999,7.13665521683126,7.9452791123107,7.93896248395484,158
"181",2017,7,7.68664082687338,387,8.04293269230769,7.27262569832402,7.2972972972973,7.28974358974359,7.73112068965517,208,179,37,39,348,37439,23622,13817,2366,6708,30731,7.93747946125698,8.27617134662603,7.35844061663169,7.13916737109045,7.94146785927252,7.9366088688946,159
"182",2017,8,7.69298941798942,378,8.11488372093023,7.13650306748466,6.50192307692308,7.70769230769231,7.69129793510325,215,163,26,39,339,37817,23837,13980,2392,6747,31070,7.93503565988842,8.27471659814574,7.35585293276109,7.13224080267559,7.94011655550616,7.93393231895719,160
"183",2017,9,7.6231914893617,376,8.12639593908629,7.06938547486034,6.58684210526316,7.452,7.64944785276074,197,179,38,50,326,38193,24034,14159,2430,6797,31396,7.93196563637316,8.27350085503869,7.35223137227205,7.12371193415638,7.9365258790643,7.93097837781883,161
"184",2017,10,7.69415137614679,436,8.04288793103448,7.29754901960784,6.9,7.65409090909091,7.69864795918367,232,204,23,44,392,38629,24266,14363,2453,6841,31788,7.9292814608196,8.27129603354488,7.3514547100188,7.12161434977578,7.93470931150417,7.92811334937712,162
"185",2017,11,7.69149377593361,482,8.03797909407666,7.18153846153846,6.73535714285714,7.95204081632653,7.66200923787529,287,195,28,49,433,39111,24553,14558,2481,6890,32221,7.92635098949145,8.26856879200098,7.34917873334249,7.11725513905683,7.9348325689405,7.92453732503646,163
"186",2017,12,7.84099767981439,431,8.22992063492064,7.29346368715084,7.09038461538462,7.81293103448276,7.84536193029491,252,179,26,58,373,39542,24805,14737,2507,6948,32594,7.92542065525265,8.26817615601693,7.34850200176427,7.11697646589549,7.93381496833622,7.92363125575259,164
"187",2018,1,7.68171031746032,630,7.98486469072165,7.19566115702479,7.00290322580645,7.56268817204301,7.70232309124767,388,242,31,93,537,40172,25193,14979,2538,7041,33131,7.92159865204621,8.26381284682253,7.34603271246412,7.11558313632782,7.92891299531317,7.9200442078416,165
"188",2018,2,7.71622448979592,392,8.01032710280374,7.3626404494382,6.9375,7.70714285714286,7.71752186588921,214,178,20,49,343,40564,25407,15157,2558,7090,33474,7.91961396928311,8.26167776793797,7.34622774955466,7.11419077404222,7.9273803102962,7.91796901027663,166
"189",2018,3,7.62047349431818,352,7.98571428571429,7.19697343558282,7.1875,7.34642857142857,7.64415638888889,189,163,24,28,324,40916,25596,15320,2582,7118,33798,7.91704046632125,8.25964006290045,7.34463973041775,7.11487219209915,7.9250950266929,7.91534414225693,167
"190",2018,4,7.56577580645161,372,8.10794806629834,7.05198952879581,6.96060606060606,7.51581395348837,7.57230577507599,181,191,33,43,329,41288,25777,15511,2615,7161,34127,7.91387561325325,8.25857491756216,7.34103608213526,7.11292543021032,7.9226373970116,7.91203709438274,168
"191",2018,5,7.76164005988024,334,8.10583925531915,7.31842465753425,7.05952380952381,7.67,7.76905430420712,188,146,21,25,309,41622,25965,15657,2636,7186,34436,7.91265398347029,8.25746903254381,7.34082523280322,7.1125,7.92175847481214,7.91075408584039,169
"192",2018,6,7.57094594594595,296,8.08304093567251,6.8704,6.75454545454545,7.66428571428571,7.55842911877395,171,125,22,35,261,41918,26136,15782,2658,7221,34697,7.91024104442006,8.25632780188246,7.33709926942086,7.10953724604966,7.92051051100956,7.90810380436348,170
"193",2018,7,7.65418181818182,275,8.00414012738853,7.1885593220339,6.73076923076923,7.77222222222222,7.64133064516129,157,118,13,27,248,42193,26293,15900,2671,7248,34945,7.90857213518831,8.25482194614536,7.33599689748428,7.10769374766005,7.91995811258279,7.90621055086564,171
"194",2018,8,7.70229179331307,329,8.02356613756614,7.26857142857143,6.65238095238095,7.807,7.68779930795848,189,140,21,40,289,42522,26482,16040,2692,7288,35234,7.90697610883778,8.25317149120157,7.33540839588529,7.10414190193165,7.91933814489572,7.90441907532496,172
"195",2018,9,7.67103888544892,323,8.04913720670391,7.20104166666667,6.58695652173913,7.61216216216216,7.6786558041958,179,144,23,37,286,42845,26661,16184,2715,7325,35520,7.90519742467033,8.25180161996924,7.33421284416708,7.0997605893186,7.91778653924915,7.9026012742117,173
"196",2018,10,7.64722379603399,353,8.0331693989071,7.23176470588235,6.92307692307692,7.36204081632653,7.69319078947368,183,170,26,49,304,43198,26844,16354,2741,7374,35824,7.90308934811797,8.25031116785874,7.33314789470466,7.0980846406421,7.91409362625441,7.90082423124162,174
"197",2018,11,7.63335579514825,371,8.0051376146789,7.10362745098039,6.86818181818182,7.21375,7.68406344410876,218,153,22,40,331,43569,27062,16507,2763,7414,36155,7.90079250522161,8.24833615364718,7.33102051675047,7.09625407166124,7.91031513353116,7.89883978038998,175
"198",2018,12,7.73369576719577,378,8.06386956521739,7.22058783783784,7.36994117647059,7.68829787234043,7.7401419939577,230,148,17,47,331,43947,27292,16655,2780,7461,36486,7.89935526110998,8.24678158398065,7.33003918763134,7.09792769784173,7.90891655274092,7.89740007838622,176
"199",2019,1,7.72374065022422,446,8.11342,7.22670066326531,7.0962364516129,7.77391304347826,7.717970825,250,196,31,46,400,44393,27542,16851,2811,7507,36886,7.89759092627216,8.24557105475274,7.32883722034301,7.09790904660263,7.90808930331691,7.89545430759637,177
"200",2019,2,7.77064066852368,359,8.02818604651163,7.38611111111111,7.77692307692308,7.77857142857143,7.76978395061728,215,144,13,35,324,44752,27757,16995,2824,7542,37210,7.8965725328477,8.24388723529199,7.32932250661959,7.1010348194051,7.90748825245293,7.89436005348024,178
"201",2019,3,7.54441176470588,340,7.99553299492386,6.92293706293706,6.31904761904762,7.55980392156863,7.5416955017301,197,143,21,51,289,45092,27954,17138,2845,7593,37499,7.8939171912978,8.24213701044573,7.32593161395729,7.09526268189807,7.90515295667062,7.89164211285633,179
"202",2019,4,7.5897972972973,296,7.98692771084337,7.08269230769231,6.8,7.38947368421053,7.61930232558139,166,130,16,38,258,45388,28120,17268,2861,7631,37757,7.89193385894951,8.24063044061166,7.32410041695622,7.09361144005592,7.90258503472678,7.88978116878989,180
"203",2019,5,7.81203100890208,337,8.2075014507772,7.28199076388889,6.61111111111111,7.9855,7.78866818181818,193,144,18,40,297,45725,28313,17412,2879,7671,38054,7.89134496314927,8.24040461166248,7.32375216345049,7.09059476554359,7.90301739017078,7.88899201240342,181
"204",2019,6,7.68017064846416,293,7.9714371257485,7.29412698412698,6.97826086956522,7.82575757575758,7.66169230769231,167,126,23,33,260,46018,28480,17538,2902,7704,38314,7.89000040071277,8.23882744978932,7.32353932432432,7.0897044555479,7.90268644859814,7.88744954951192,182
"205",2019,7,7.66061960451977,354,8.00039219251337,7.28015568862275,6.9813,7.42014634146341,7.6921192971246,187,167,20,41,313,46372,28667,17705,2922,7745,38627,7.8882493267489,8.23727209369658,7.32313011409206,7.08896246748802,7.90013200774694,7.88586676107385,183
"206",2019,8,7.65175852459016,427,7.96315716216216,7.31453658536585,7.17,7.59210526315789,7.65758583547558,222,205,30,38,389,46799,28889,17910,2952,7783,39016,7.88609155473408,8.23516563397833,7.32303175153545,7.08978601964769,7.89862808685597,7.88359073892761,184
"207",2019,9,7.6439963760218,367,8.12197412621359,7.03242236024845,6.68,7.68181818181818,7.63884417956656,206,161,20,44,323,47166,29095,18071,2972,7827,39339,7.88420780519866,8.23436420931431,7.32044262464722,7.08702837483176,7.89740927558452,7.88158120287754,185
"208",2019,10,7.77177472527473,364,8.05797674418605,7.35879865771812,7.0848275862069,7.85291111111111,7.76032915360502,215,149,29,45,319,47530,29310,18220,3001,7872,39658,7.8833467565748,8.23307034015694,7.32075629363337,7.08700710763079,7.89715490345529,7.88060587876342,186
"209",2019,11,7.73799130841121,428,8.12013071428571,7.25931142105263,6.71,7.51875,7.76568494736842,238,190,30,48,380,47958,29548,18410,3031,7920,40038,7.88204953542684,8.23216064640584,7.32012215317762,7.08327559551303,7.89486154040405,7.8795151660922,187
"210",2019,12,7.69807658595642,413,8.05387072961373,7.23752083333333,6.9104347826087,7.37934782608696,7.73802623978202,233,180,23,46,367,48371,29781,18590,3054,7966,40405,7.88047874242832,8.23076574527383,7.31932235556751,7.08197391290111,7.89188468491088,7.87823001732458,188
"211",2020,1,7.70929290718039,571,8.06768769968051,7.27449612403101,6.78095238095238,7.88647887323944,7.6841325,313,258,21,71,500,48942,30094,18848,3075,8037,40905,7.87848153937314,8.22906961221505,7.31870875371392,7.07991815609756,7.89183692920244,7.87585747708103,189
"212",2020,2,7.5631122172949,451,8.04310851694915,7.03623255813953,6.56666666666667,7.536,7.56649279301746,236,215,27,50,401,49393,30330,19063,3102,8087,41306,7.87560194987144,8.22762263501483,7.31552287625243,7.07545078336557,7.88963687399531,7.87285415460223,190
"213",2020,3,7.62521355844156,385,8.0194,7.070888875,7.00074074074074,7.45232558139535,7.64695093567251,225,160,27,43,342,49778,30555,19223,3129,8130,41648,7.87366536080196,8.22608933136965,7.31348669874629,7.07480611377437,7.88732391143912,7.87099910992124,191
"214",2020,4,7.65277943620178,337,8.11967523076923,7.01161971830986,7.17391304347826,7.63809523809524,7.65487006779661,195,142,23,42,295,50115,30750,19365,3152,8172,41943,7.87218000598623,8.22541451024389,7.31127316343919,7.07552929251269,7.88604300048948,7.86947899768733,192
"215",2020,5,7.66018178571429,336,7.91367879396985,7.29196350364963,6.31785714285714,8.24230769230769,7.58374101010101,199,137,28,39,297,50451,30949,19502,3180,8211,42240,7.87076811321877,8.22341007043845,7.31113751461389,7.0688579654088,7.88773516015102,7.86746990246211,193
"216",2020,6,7.59170278637771,323,7.92178770949721,7.18138888888889,7.15,7.34444444444444,7.61425675675676,179,144,23,27,296,50774,31128,19646,3203,8238,42536,7.8689928325521,8.22167560620662,7.31018649139774,7.06944062753668,7.88595452779801,7.86570783994733,194
"217",2020,7,7.61507009708738,309,7.9778476,7.14129350746269,6.85263157894737,7.58478260869565,7.62036752851711,175,134,19,46,263,51083,31303,19780,3222,8284,42799,7.8674568592291,8.22031248123182,7.30904232254803,7.06816211359404,7.8842821583776,7.8642002229024,195
"218",2020,8,7.65832853025937,347,8.24460674157303,7.04082840236686,6.735,7.56351351351351,7.66964516129032,178,169,20,37,310,51430,31481,19949,3242,8321,43109,7.86604586311492,8.22044984593881,7.30677012080806,7.06610682603331,7.88285583463527,7.86280116309819,196
"219",2020,9,7.66949326923077,312,7.98768594594595,7.2059842519685,6.32608695652174,8.21818181818182,7.60459462365591,185,127,23,33,279,51742,31666,20076,3265,8354,43388,7.86486066715628,8.21908998610496,7.30613255329747,7.06089382235834,7.88418044050755,7.86114080483082,197
"220",2020,10,7.54042890577508,329,7.94624252688172,7.01258741258741,6.41666666666667,7.15151515151515,7.58378753378378,186,143,24,33,296,52071,31852,20219,3289,8387,43684,7.8628108112001,8.21749669125957,7.30405643899303,7.05619286409243,7.88129765112675,7.85926147674205,198
"221",2020,11,7.69149405612245,392,8.02341891891892,7.25803923529412,6.9625,7.61276595744681,7.70221933333333,222,170,24,47,345,52463,32074,20389,3313,8434,44029,7.86153074395288,8.21615338311404,7.30367275540733,7.05551413522487,7.87980120939057,7.85803093461127,199
"222",2020,12,7.75146770618557,388,8.09964358267717,7.09149253731343,6.74375,7.876875,7.74019514044944,254,134,24,32,356,52851,32328,20523,3337,8466,44385,7.86072272785756,8.21523796956198,7.30228737562734,7.0532718999101,7.87979014883062,7.85708580579024,200
"223",2021,1,7.60522727272727,484,7.95718411552347,7.13425120772947,7.00675675675676,7.56194029850746,7.61218225419664,277,207,37,67,417,53335,32605,20730,3374,8533,44802,7.85840417905691,8.21304563962582,7.30060944573083,7.05276180497925,7.87729443337631,7.85480633654747,201
"224",2021,2,7.76685338935574,357,8.06657317757009,7.31832167832168,6.67931034482759,7.78478260869565,7.76420147909968,214,143,29,46,311,53692,32819,20873,3403,8579,45113,7.85779545463012,8.21209054937688,7.30073079145307,7.04957929180135,7.87679839142092,7.85418172477999,202
"225",2021,3,7.63155223880597,335,7.9527807486631,7.22567567567568,6.61086956521739,8.24122233333333,7.57158468852459,187,148,23,30,305,54027,33006,21021,3426,8609,45418,7.8563926101764,8.21062139429194,7.30020236002093,7.04663407180385,7.87806830874667,7.85228397287419,203
"226",2021,4,7.59827548895899,317,7.97407617142857,7.13514084507042,6.91363636363636,7.99285714285714,7.56004612456747,175,142,22,28,289,54344,33181,21163,3448,8637,45707,7.85488695863389,8.2093738305054,7.29909482634787,7.04578547853828,7.87844043880978,7.85043618723609,204
"227",2021,5,7.73438479865772,298,8.16467455621302,7.17067186046512,7.0875,8.10357142857143,7.69609877777778,169,129,16,28,270,54642,33350,21292,3464,8665,45977,7.85422977837561,8.20914731844077,7.29831676122487,7.04597815531178,7.87916792498558,7.84952984057245,205
"228",2021,6,7.54262253676471,272,8.0417351369863,6.96428571428571,6.875,7.309375,7.57372220833333,146,126,28,32,240,54914,33496,21418,3492,8697,46217,7.85268632552719,8.20841761404346,7.29635168923336,7.04460719644902,7.87707141198115,7.84809760066642,206
"229",2021,7,7.50008044827586,290,7.83252134615385,7.11305970149254,6.70952380952381,7.10172413793103,7.5443422605364,156,134,21,29,261,55204,33652,21552,3513,8726,46478,7.85083400134048,8.20667507815285,7.29521206755753,7.04260413606604,7.87449462181985,7.84639184431343,207
"230",2021,8,7.59573670289855,276,8.02570803921569,7.06089430894309,6.70529411764706,7.7,7.58009720833333,153,123,17,36,240,55480,33805,21675,3530,8762,46718,7.8495649520548,8.20585602898979,7.2938823750865,7.04097969688385,7.87377768431865,7.84502383385418,208
"231",2021,9,7.66084942084942,259,7.96064102564103,7.20679611650485,6.772,7.828125,7.63726872246696,156,103,25,32,227,55739,33961,21778,3555,8794,46945,7.84868805575988,8.2047296328141,7.29347049683166,7.03908813783404,7.87361156129179,7.84401924528703,209
"232",2021,10,7.54810903726708,322,7.89214514450867,7.14865771812081,6.52857142857143,7.76896551724138,7.5262495221843,173,149,28,29,293,56061,34134,21927,3583,8823,47238,7.84696160699952,8.20314537323489,7.29248645414329,7.03509861289422,7.87326760398958,7.84204823616579,210
"233",2021,11,7.74273775216138,347,8.08703703703704,7.33088607594937,6.89565217391304,7.52142857142857,7.7732131147541,189,158,23,42,305,56408,34323,22085,3606,8865,47543,7.84632046252305,8.2025060213268,7.29276117183609,7.03420918746533,7.87160068471518,7.84160664198725,211
"234",2021,12,7.61043972340426,470,8.00352789883268,7.13615023474178,7.03939393939394,7.73403846153846,7.59506380382775,257,213,33,52,418,56878,34580,22298,3639,8917,47961,7.84437130911776,8.20102720763446,7.29126515741322,7.03425620500137,7.87079848267355,7.83945791893413,212
"235",2022,1,7.661396592,625,7.99460578212291,7.21462172284644,7.07352941176471,7.9995162745098,7.63135459930314,358,267,34,51,574,57503,34938,22565,3673,8968,48535,7.84238255725788,8.19891206451428,7.29035827520496,7.03461974680098,7.87153048617306,7.83699678149788,213
"236",2022,2,7.59184888,375,7.9580269058296,7.05462717105263,6.52142857142857,7.45682926829268,7.60842314371257,223,152,21,41,334,57878,35161,22717,3694,9009,48869,7.84075931303777,8.19738430960439,7.28878099264868,7.03170230914997,7.86964317904318,7.83543457242832,214
"237",2022,3,7.60093498607242,359,7.83867951690821,7.27716447368421,6.81842105263158,7.47651162790698,7.61786601265823,207,152,19,43,316,58237,35368,22869,3713,9052,49185,7.83928092415475,8.19528490075774,7.28870378285014,7.03061091570159,7.86777567388423,7.83403675470163,215
"238",2022,4,7.6241312335958,381,8.0128125,7.15681502890173,6.79375,7.62878787878788,7.62368965517241,208,173,24,33,348,58618,35576,23042,3737,9085,49533,7.83788251356239,8.19421805065212,7.28771355828487,7.02908973240567,7.86690758392956,7.83255893606282,216
"239",2022,5,7.62085593220339,354,7.87083769633508,7.32793251533742,6.63230769230769,7.56842105263158,7.62716139240506,191,163,26,38,316,58972,35767,23205,3763,9123,49849,7.83657973580683,8.19249116140576,7.28799607024348,7.0263482141908,7.86566429902445,7.83125689141206,217
"240",2022,6,7.63208708708709,333,7.99769841269841,7.15222222222222,6.60588235294118,7.55806451612903,7.63968543046358,189,144,17,31,302,59305,35956,23349,3780,9154,50151,7.8354315012225,8.19146724802536,7.28715871386355,7.02445723015873,7.86462261306533,7.83010328368327,218
"241",2022,7,7.69684112947658,363,8.05727113989637,7.28764705882353,6.72727272727273,7.264375,7.73865054380665,193,170,22,32,331,59668,36149,23519,3802,9186,50482,7.83458836411477,8.19075077318874,7.28716224371784,7.02273759337191,7.86253161332463,7.82950364704251,219
"242",2022,8,7.64167270893372,347,8.07659458100559,7.17827380952381,6.40277777777778,7.62785588235294,7.64317357827476,179,168,18,34,313,60015,36328,23687,3820,9220,50795,7.83347294742981,8.19018828809733,7.28638995271668,7.01981631675392,7.86166621475055,7.82835547672014,220
"243",2022,9,7.67922221875,320,8.00581625698324,7.26460992907801,6.54166666666667,7.72972972972973,7.67261876325088,179,141,12,37,283,60335,36507,23828,3832,9257,51078,7.83265484461755,8.18928428082285,7.28626107142857,7.01831897964509,7.86113886788377,7.82749261032146,221
"244",2022,10,7.59361831606218,386,7.99891089108911,7.14867755434783,7.25714285714286,7.86818181818182,7.55829435672515,202,184,28,44,342,60721,36709,24012,3860,9301,51420,7.83113530277828,8.1882367059849,7.2852067916042,7.02005138082901,7.86117218578648,7.82570214352392,222
"245",2022,11,7.57616788321168,411,7.91766055045872,7.19044041450777,6.45652173913043,7.05833333333333,7.612578125,218,193,23,27,384,61132,36927,24205,3883,9328,51804,7.82942111692731,8.18663934898583,7.28445116628796,7.01671345093999,7.85884835977702,7.82412235001158,223
"246",2022,12,7.63811601789709,447,7.96229166666667,7.26226019323672,6.69393939393939,7.87209302325581,7.61321252475248,240,207,33,43,404,61579,37167,24412,3916,9371,52208,7.82803243930561,8.18519065945596,7.28426299934458,7.01399344484167,7.85890913456408,7.8224902712228,224
