"","year","month","avg_rating","no_ratings","avg_rating_owned","avg_rating_not_owned","avg_rating_prev_owned","avg_rating_comment","avg_rating_no_comment","no_ratings_owned","no_ratings_not_owned","no_ratings_prev_owned","no_ratings_comment","no_ratings_no_comment","cum_no_ratings","cum_no_ratings_owned","cum_no_ratings_not_owned","cum_no_ratings_prev_owned","cum_no_ratings_comment","cum_no_ratings_no_comment","cum_avg_rating","cum_avg_rating_owned","cum_avg_rating_not_owned","cum_avg_rating_prev_owned","cum_avg_rating_comment","cum_avg_rating_no_comment","month_after_release"
"1",2002,3,7,1,7,NA,NA,NA,7,1,0,0,0,1,1,1,0,0,0,1,7,7,NA,NA,NA,7,10
"2",2002,5,7.75,2,7.75,NA,NA,8.5,7,2,0,0,1,1,3,3,0,0,1,2,7.5,7.5,NA,NA,8.5,7,12
"3",2002,6,7,1,7,NA,NA,NA,7,1,0,0,0,1,4,4,0,0,1,3,7.375,7.375,NA,NA,8.5,7,13
"4",2002,8,7.33333333333333,3,7.33333333333333,NA,NA,8,7,3,0,0,1,2,7,7,0,0,2,5,7.35714285714286,7.35714285714286,NA,NA,8.25,7,15
"5",2002,9,7,2,7,7,NA,7,7,1,1,0,1,1,9,8,1,0,3,6,7.27777777777778,7.3125,7,NA,7.83333333333333,7,16
"6",2002,10,7,1,NA,7,NA,NA,7,0,1,0,0,1,10,8,2,0,3,7,7.25,7.3125,7,NA,7.83333333333333,7,17
"7",2002,11,5,1,5,NA,NA,NA,5,1,0,0,0,1,11,9,2,0,3,8,7.04545454545455,7.05555555555556,7,NA,7.83333333333333,6.75,18
"8",2002,12,7.66666666666667,3,7.66666666666667,NA,NA,7,8,3,0,0,1,2,14,12,2,0,4,10,7.17857142857143,7.20833333333333,7,NA,7.625,7,19
"9",2003,1,6.66666666666667,3,7,6,NA,6,7,2,1,0,1,2,17,14,3,0,5,12,7.08823529411765,7.17857142857143,6.66666666666667,NA,7.3,7,20
"10",2003,2,6.66666666666667,3,7,6,NA,NA,6.66666666666667,2,1,0,0,3,20,16,4,0,5,15,7.025,7.15625,6.5,NA,7.3,6.93333333333333,21
"11",2003,3,6,1,6,NA,NA,NA,6,1,0,0,0,1,21,17,4,0,5,16,6.97619047619048,7.08823529411765,6.5,NA,7.3,6.875,22
"12",2003,4,7.66666666666667,3,7.66666666666667,NA,NA,8,7.5,3,0,0,1,2,24,20,4,0,6,18,7.0625,7.175,6.5,NA,7.41666666666667,6.94444444444444,23
"13",2003,5,7.5,2,7.5,NA,NA,7.5,NA,2,0,0,2,0,26,22,4,0,8,18,7.09615384615385,7.20454545454545,6.5,NA,7.4375,6.94444444444444,24
"14",2003,6,6.71428571428571,7,6.83333333333333,6,NA,7.125,6.16666666666667,6,1,0,4,3,33,28,5,0,12,21,7.01515151515152,7.125,6.4,NA,7.33333333333333,6.83333333333333,25
"15",2003,7,6.85714285714286,7,7,6.66666666666667,NA,8,6.66666666666667,4,3,0,1,6,40,32,8,0,13,27,6.9875,7.109375,6.5,NA,7.38461538461539,6.7962962962963,26
"16",2003,8,6.28571428571429,7,6.25,6.33333333333333,NA,7,6.16666666666667,4,3,0,1,6,47,36,11,0,14,33,6.88297872340426,7.01388888888889,6.45454545454545,NA,7.35714285714286,6.68181818181818,27
"17",2003,9,7.5875,8,7.88571428571429,5.5,NA,7.5,7.73333333333333,7,1,0,5,3,55,43,12,0,19,36,6.98545454545455,7.15581395348837,6.375,NA,7.39473684210526,6.76944444444444,28
"18",2003,10,8.125,4,8.66666666666667,6.5,6.5,8.16666666666667,8,3,1,1,3,1,59,46,13,1,22,37,7.06271186440678,7.25434782608696,6.38461538461539,6.5,7.5,6.8027027027027,29
"19",2003,11,8.25,4,8.25,NA,NA,8.33333333333333,8,4,0,0,3,1,63,50,13,1,25,38,7.13809523809524,7.334,6.38461538461539,6.5,7.6,6.83421052631579,30
"20",2003,12,7,6,7.4,5,NA,7.25,6.5,5,1,0,4,2,69,55,14,1,29,40,7.12608695652174,7.34,6.28571428571429,6.5,7.55172413793103,6.8175,31
"21",2004,1,7.85714285714286,7,8,7,NA,8,7.75,6,1,0,3,4,76,61,15,1,32,44,7.19342105263158,7.40491803278688,6.33333333333333,6.5,7.59375,6.90227272727273,32
"22",2004,2,7.5,4,8,7.33333333333333,NA,8,6,1,3,0,3,1,80,62,18,1,35,45,7.20875,7.41451612903226,6.5,6.5,7.62857142857143,6.88222222222222,33
"23",2004,3,6.5,8,6.16666666666667,7.5,NA,8,6.28571428571429,6,2,0,1,7,88,68,20,1,36,52,7.14431818181818,7.30441176470588,6.6,6.5,7.63888888888889,6.80192307692308,34
"24",2004,4,6.7,5,6.7,NA,NA,7.5,6.16666666666667,5,0,0,2,3,93,73,20,1,38,55,7.12043010752688,7.26301369863014,6.6,6.5,7.63157894736842,6.76727272727273,35
"25",2004,5,8.1,5,8.125,8,NA,8.75,7.66666666666667,4,1,0,2,3,98,77,21,1,40,58,7.17040816326531,7.30779220779221,6.66666666666667,6.5,7.6875,6.81379310344828,36
"26",2004,6,8.0625,8,8.0625,NA,NA,8.3,7.66666666666667,8,0,0,5,3,106,85,21,1,45,61,7.2377358490566,7.37882352941177,6.66666666666667,6.5,7.75555555555556,6.85573770491803,37
"27",2004,7,7.875,8,7.875,NA,NA,8,7.75,8,0,0,4,4,114,93,21,1,49,65,7.28245614035088,7.42150537634409,6.66666666666667,6.5,7.77551020408163,6.91076923076923,38
"28",2004,8,6.6625,8,6.88333333333333,6,NA,6.7,6.625,6,2,0,4,4,122,99,23,1,53,69,7.24180327868852,7.38888888888889,6.60869565217391,6.5,7.69433962264151,6.89420289855072,39
"29",2004,9,7.2,5,7.66666666666667,6.5,NA,8,7,3,2,0,1,4,127,102,25,1,54,73,7.24015748031496,7.39705882352941,6.6,6.5,7.7,6.9,40
"30",2004,10,6.37727272727273,11,6.175,6.91666666666667,5.5,6.64375,5.66666666666667,8,3,2,8,3,138,110,28,3,62,76,7.1713768115942,7.30818181818182,6.63392857142857,5.83333333333333,7.56370967741935,6.85131578947369,41
"31",2004,11,7.04166666666667,12,7.375,6.375,6,8.2,6.21428571428571,8,4,2,5,7,150,118,32,5,67,83,7.161,7.31271186440678,6.6015625,5.9,7.61119402985075,6.79759036144578,42
"32",2004,12,7.82727272727273,11,7.9,7.5,7.5,7.9375,7.53333333333333,9,2,2,8,3,161,127,34,7,75,86,7.20652173913043,7.35433070866142,6.65441176470588,6.35714285714286,7.646,6.82325581395349,43
"33",2005,1,6.92,10,7.86666666666667,5.5,5,9,6.68888888888889,6,4,1,1,9,171,133,38,8,76,95,7.18976608187134,7.37744360902256,6.53289473684211,6.1875,7.66381578947369,6.81052631578947,44
"34",2005,2,7.95454545454545,11,7.66666666666667,8.3,NA,7.7,8.16666666666667,6,5,0,5,6,182,139,43,8,81,101,7.23598901098901,7.38992805755396,6.73837209302326,6.1875,7.66604938271605,6.89108910891089,45
"35",2005,3,7.75,8,7.75,NA,NA,8.8,6,8,0,0,5,3,190,147,43,8,86,104,7.25763157894737,7.40952380952381,6.73837209302326,6.1875,7.73197674418605,6.86538461538462,46
"36",2005,4,5.55555555555556,9,6.33333333333333,4,5,5,5.71428571428571,6,3,1,2,7,199,153,46,9,88,111,7.18065326633166,7.36732026143791,6.55978260869565,6.05555555555556,7.66988636363636,6.79279279279279,47
"37",2005,5,6.95454545454545,11,6.88888888888889,7.25,NA,7.25,6.78571428571429,9,2,0,4,7,210,162,48,9,92,118,7.16880952380952,7.34074074074074,6.58854166666667,6.05555555555556,7.65163043478261,6.79237288135593,48
"38",2005,6,7.63636363636364,11,7.11111111111111,10,NA,8.4,7,9,2,0,5,6,221,171,50,9,97,124,7.1920814479638,7.32865497076023,6.725,6.05555555555556,7.69020618556701,6.80241935483871,49
"39",2005,7,7.00572727272727,11,7.382875,6,6,7.0126,7,8,3,1,5,6,232,179,53,10,102,130,7.18324568965517,7.3310782122905,6.68396226415094,6.05,7.65699019607843,6.81153846153846,50
"40",2005,8,6.85714285714286,14,6.625,7.16666666666667,NA,6.9,6.75,8,6,0,10,4,246,187,59,10,112,134,7.16468699186992,7.30087165775401,6.73305084745763,6.05,7.58940178571429,6.80970149253731,51
"41",2005,9,7,10,7.33333333333333,6.5,6,7.28571428571429,6.33333333333333,6,4,1,7,3,256,193,63,11,119,137,7.15825390625,7.30188082901554,6.71825396825397,6.04545454545455,7.57153781512605,6.7992700729927,52
"42",2005,10,7.07142857142857,14,7.13636363636364,6.83333333333333,NA,8,6.81818181818182,11,3,0,3,11,270,204,66,11,122,148,7.15375185185185,7.29295588235294,6.72348484848485,6.04545454545455,7.5820737704918,6.80067567567568,53
"43",2005,11,6.41176470588235,17,6.66666666666667,6.125,5.5,6.29166666666667,6.7,9,8,2,12,5,287,213,74,13,134,153,7.10980139372822,7.26649295774648,6.65878378378378,5.96153846153846,7.46651492537313,6.79738562091503,54
"44",2005,12,6.75,10,7.4,6.1,5,5.75,7,5,5,1,2,8,297,218,79,14,136,161,7.09768686868687,7.26955504587156,6.62341772151899,5.89285714285714,7.44127205882353,6.80745341614907,55
"45",2006,1,7.08,16,7.32923076923077,6,NA,7.228,6.83333333333333,13,3,0,10,6,313,231,82,14,146,167,7.09678274760383,7.27291341991342,6.60060975609756,5.89285714285714,7.42666438356164,6.80838323353293,56
"46",2006,2,7.11333333333333,15,7.20769230769231,6.5,NA,6.77777777777778,7.61666666666667,13,2,0,9,6,328,244,84,14,155,173,7.09753963414634,7.26943852459016,6.59821428571429,5.89285714285714,7.38898709677419,6.8364161849711,57
"47",2006,3,7.25,12,7.4375,6.875,NA,7.83333333333333,6.66666666666667,8,4,0,6,6,340,252,88,14,161,179,7.10292058823529,7.27477380952381,6.61079545454545,5.89285714285714,7.40554658385093,6.83072625698324,58
"48",2006,4,6.75,6,6.5,7,NA,6.75,6.75,3,3,0,2,4,346,255,91,14,163,183,7.09680057803468,7.26565882352941,6.62362637362637,5.89285714285714,7.39750306748466,6.82896174863388,59
"49",2006,5,7.38888888888889,9,8,6.16666666666667,4,7,7.875,6,3,1,5,4,355,261,94,15,168,187,7.10420563380282,7.28254022988506,6.60904255319149,5.76666666666667,7.38567261904762,6.85133689839572,60
"50",2006,6,6.58333333333333,6,6.875,6,6,6.875,6,4,2,2,4,2,361,265,96,17,172,189,7.09554847645429,7.27638867924528,6.59635416666667,5.79411764705882,7.37379651162791,6.84232804232804,61
"51",2006,7,6.53846153846154,13,6.44444444444444,6.75,NA,6.25,6.66666666666667,9,4,0,4,9,374,274,100,17,176,198,7.07618449197861,7.24906204379562,6.6025,5.79411764705882,7.34825568181818,6.83434343434343,62
"52",2006,8,6.61111111111111,9,6.66666666666667,6.5,6.75,6.78571428571429,6,6,3,2,7,2,383,280,103,19,183,200,7.06525587467363,7.23658214285714,6.5995145631068,5.89473684210526,7.32673770491803,6.826,63
"53",2006,9,7.33333333333333,12,7.44444444444444,7,6,7.08333333333333,7.58333333333333,9,3,1,6,6,395,289,106,20,189,206,7.0734,7.2430553633218,6.61084905660377,5.9,7.31901058201058,6.84805825242718,64
"54",2006,10,7.5625,8,7.66666666666667,7.25,NA,7.875,7.25,6,2,0,4,4,403,295,108,20,193,210,7.08310918114144,7.25167118644068,6.62268518518519,5.9,7.33053367875648,6.85571428571429,65
"55",2006,11,7.29545454545455,22,7.32352941176471,7.2,NA,7.92857142857143,7,17,5,0,7,15,425,312,113,20,200,225,7.09410117647059,7.25558653846154,6.64823008849558,5.9,7.351465,6.86533333333333,66
"56",2006,12,7.85714285714286,14,7.75,8.125,NA,7.86363636363636,7.83333333333333,10,4,0,11,3,439,322,117,20,211,228,7.11843507972665,7.27094099378882,6.69871794871795,5.9,7.37816587677725,6.8780701754386,67
"57",2007,1,7.17272727272727,22,7.35789473684211,6,5,7.16666666666667,7.17692307692308,19,3,1,9,13,461,341,120,21,220,241,7.12102603036876,7.27578592375367,6.68125,5.85714285714286,7.36951363636364,6.89419087136929,68
"58",2007,2,7.392906,10,7.56,7.225812,5,6.56,8.225812,5,5,1,5,5,471,346,125,22,225,246,7.12679842887473,7.27989306358382,6.70303248,5.81818181818182,7.35152444444445,6.92125634146341,69
"59",2007,3,7.6125,8,7.78571428571429,6.4,NA,8.625,6.6,7,1,0,4,4,479,353,126,22,229,250,7.13491035490605,7.28992351274788,6.70062746031746,5.81818181818182,7.37376855895197,6.91611624,70
"60",2007,4,7.1,15,7.78571428571429,6.5,6.5,6.5,7.625,7,8,3,7,8,494,360,134,25,236,258,7.13385032388664,7.29956388888889,6.68864970149254,5.9,7.34785169491525,6.93809713178295,71
"61",2007,5,7.09090909090909,11,7.4,6.83333333333333,7.5,6.8125,7.83333333333333,5,6,1,8,3,505,365,140,26,244,261,7.13291497029703,7.3009397260274,6.69485042857143,5.96153846153846,7.33029918032787,6.94838720306513,72
"62",2007,6,7.48928571428571,14,7.78888888888889,6.95,6,7.70833333333333,7.325,9,5,1,6,8,519,374,145,27,250,269,7.1425280539499,7.31268181818182,6.70364868965517,5.96296296296296,7.339372,6.95958758364312,73
"63",2007,7,6.40909090909091,11,6.4,6.41666666666667,6,6.08333333333333,6.8,5,6,4,6,5,530,379,151,31,256,274,7.12730577358491,7.30064116094987,6.69224543046357,5.96774193548387,7.30993359375,6.95667540145985,74
"64",2007,8,7.475,8,7.5,7.43333333333333,NA,8,7.3,5,3,0,2,6,538,384,154,31,258,280,7.13247594795539,7.30323697916667,6.70668220779221,5.96774193548387,7.31528294573643,6.96403235714286,75
"65",2007,9,7.20526315789474,19,7.21875,7.13333333333333,7.5,7.65,6.71111111111111,16,3,2,10,9,557,400,157,33,268,289,7.13495881508079,7.2998575,6.71483477707006,6.06060606060606,7.3277723880597,6.95615591695502,76
"66",2007,10,7.37,6,7.544,6.5,6.5,7.305,7.5,5,1,1,4,2,563,405,158,34,272,291,7.13746369449378,7.30287160493827,6.71347506329114,6.07352941176471,7.3274375,6.95989367697594,77
"67",2007,11,6.55384615384615,13,7.4625,5.1,NA,7.25,6.24444444444444,8,5,0,4,9,576,413,163,34,276,300,7.12429177083333,7.30596368038741,6.66398196319018,6.07352941176471,7.32631521739131,6.9384302,78
"68",2007,12,7.50625,16,7.84166666666667,6.5,NA,7.50769230769231,7.5,12,4,0,13,3,592,425,167,34,289,303,7.13461496621622,7.32108941176471,6.66005425149701,6.07352941176471,7.33447404844291,6.9439902970297,79
"69",2008,1,7.03636363636364,22,7.28461538461538,6.67777777777778,6.55,7.27777777777778,6.86923076923077,13,9,2,9,13,614,438,176,36,298,316,7.13109456026059,7.32000684931507,6.66096056818182,6.1,7.33276174496644,6.94091474683544,80
"70",2008,2,7.48888888888889,9,7.77142857142857,6.5,NA,7.5,7.48,7,2,0,4,5,623,445,178,36,302,321,7.13626333868379,7.32710786516854,6.65915202247191,6.1,7.33497682119205,6.94931171339564,81
"71",2008,3,7.35416666666667,12,7.71875,6.625,6.5,7.08333333333333,7.625,8,4,1,6,6,635,453,182,37,308,327,7.14038119685039,7.33402428256071,6.65840142857143,6.11081081081081,7.33007467532468,6.96170966360856,82
"72",2008,4,7.57692307692308,13,7.72222222222222,7.25,7,7.58333333333333,7.57142857142857,9,4,1,6,7,648,462,186,38,314,334,7.14913898148148,7.34158658008658,6.67112397849462,6.13421052631579,7.33491401273885,6.97448820359281,83
"73",2008,5,7.14285714285714,7,7.5,6.66666666666667,7,7,7.25,4,3,1,3,4,655,466,189,39,317,338,7.14907184732824,7.34294635193133,6.67105322751323,6.15641025641026,7.33174447949527,6.97774869822485,84
"74",2008,6,7.61666666666667,18,7.74166666666667,7.36666666666667,7.1,7.4,7.79,12,6,2,8,10,673,478,195,41,325,348,7.16157809806835,7.35295606694561,6.69245671794872,6.20243902439024,7.33342461538462,7.00108925287356,85
"75",2008,7,7.24038461538461,26,7.71153846153846,6.76923076923077,6.83333333333333,7.453125,6.9,13,13,6,16,10,699,491,208,47,341,358,7.16450938483548,7.36245010183299,6.69725509615385,6.28297872340425,7.33904105571847,6.99826553072626,86
"76",2008,8,7.39166666666667,12,7.35,7.6,6,7.53333333333333,7.25,10,2,1,6,6,711,501,210,48,347,364,7.16834326300985,7.36220159680639,6.70585266666667,6.27708333333333,7.34240057636887,7.002415,87
"77",2008,9,6.88571428571429,14,7.1125,6.58333333333333,6.4,6.78571428571429,6.98571428571429,8,6,5,7,7,725,509,216,53,354,371,7.1628856,7.35827701375246,6.70244935185185,6.28867924528302,7.33139265536723,7.00209989218329,88
"78",2008,10,7.59615384615385,13,7.71875,7.4,NA,7.96875,7,8,5,0,8,5,738,517,221,53,362,376,7.17051769647696,7.36385493230174,6.71823104072398,6.28867924528302,7.34547790055248,7.00207196808511,89
"79",2008,11,6.96428571428571,14,7.05,6.75,6.33333333333333,7.57142857142857,6.35714285714286,10,4,3,7,7,752,527,225,56,369,383,7.1666782712766,7.35789943074004,6.71879582222222,6.29107142857143,7.34976422764228,6.99028475195823,90
"80",2008,12,7.80909090909091,11,7.7,8,7,7.8,7.81666666666667,7,4,1,5,6,763,534,229,57,374,389,7.17593979030144,7.36238389513109,6.74117493449782,6.30350877192982,7.35578342245989,7.00303100257069,91
"81",2009,1,6.96153846153846,13,7.4375,6.2,6.66666666666667,6.71428571428571,7.25,8,5,3,7,6,776,542,234,60,381,395,7.17234801546392,7.3634926199262,6.72961136752137,6.32166666666667,7.34399737532808,7.00678243037975,92
"82",2009,2,6.60555555555556,18,6.69,6.5,8,7.07142857142857,6.30909090909091,10,8,1,7,11,794,552,242,61,388,406,7.15949881612091,7.35129166666667,6.72202090909091,6.34918032786885,7.33907989690722,6.98787945812808,93
"83",2009,3,7.27222222222222,18,7.56923076923077,6.5,7,7.4,7.20833333333333,13,5,2,6,12,812,565,247,63,394,418,7.16199761083744,7.35630619469027,6.71752655870445,6.36984126984127,7.3400076142132,6.99420827751196,94
"84",2009,4,6.99583333333333,12,7.36875,6.25,6,7.03571428571429,6.94,8,4,2,7,5,824,573,251,65,401,423,7.15957774271844,7.35647993019197,6.71007593625498,6.35846153846154,7.3346957605985,6.9935675177305,95
"85",2009,5,6.84375,16,6.95,6.66666666666667,5,7.05555555555556,6.57142857142857,10,6,1,9,7,840,583,257,66,410,430,7.15356197619047,7.3495077186964,6.70906249027237,6.33787878787879,7.32856829268293,6.98669548837209,96
"86",2009,6,7.35,14,7.74,6.375,6,7.84285714285714,6.85714285714286,10,4,1,7,7,854,593,261,67,417,437,7.15678227166276,7.35609274873524,6.70394275862069,6.33283582089552,7.33720143884892,6.98462027459954,97
"87",2009,7,6.69230769230769,13,7.125,6,5,7,6.55555555555556,8,5,2,4,9,867,601,266,69,421,446,7.14981783160323,7.35301663893511,6.6907107518797,6.29420289855072,7.33399762470309,6.97596201793722,98
"88",2009,8,7.15625,16,7.5,6.58333333333333,6.75,7.25,7.125,10,6,2,4,12,883,611,272,71,425,458,7.14993438278595,7.35542225859247,6.68834213235294,6.30704225352113,7.33320705882353,6.97986694323144,99
"89",2009,9,7.4,10,7.42857142857143,7.33333333333333,8,7.42857142857143,7.33333333333333,7,3,2,7,3,893,618,275,73,432,461,7.15273466965285,7.35625080906149,6.6953784,6.35342465753425,7.33475231481481,6.98216715835141,100
"90",2009,10,7,13,6.75714285714286,7.28333333333333,6.9,7,7,7,6,3,1,12,906,625,281,76,433,473,7.15054311258278,7.3495408,6.70793259786477,6.375,7.3339792147806,6.98261957716702,101
"91",2009,11,7.53125,16,7.5,7.6,8,7.57142857142857,7.5,11,5,1,7,9,922,636,286,77,440,482,7.15714973969631,7.35214308176101,6.72352818181818,6.3961038961039,7.33775681818182,6.99228020746888,102
"92",2009,12,6.76153846153846,26,7.55555555555556,6.34117647058823,5.97777777777778,6.68181818181818,6.82,9,17,9,11,15,948,645,303,86,451,497,7.14629964135021,7.35498139534884,6.70207610561056,6.35232558139535,7.32175831485588,6.98708060362173,103
"93",2010,1,7.02941176470588,17,7.03846153846154,7,7,7.16666666666667,7,13,4,2,3,14,965,658,307,88,454,511,7.14424047668394,7.34872796352584,6.70595785016287,6.36704545454545,7.32073348017621,6.98743455968689,104
"94",2010,2,7.3125,8,7.75,6.875,8,7.5,7.25,4,4,1,2,6,973,662,311,89,456,517,7.14562390544707,7.35115256797583,6.70813202572347,6.38539325842697,7.3215197368421,6.99048174081238,105
"95",2010,3,7.5,5,8,7.375,7.25,NA,7.5,1,4,2,0,5,978,663,315,91,456,522,7.14743564417178,7.35213122171946,6.71660019047619,6.4043956043956,7.3215197368421,6.99536218390805,106
"96",2010,4,7.31363636363636,11,7.35,7.25,7.5,8.33333333333333,6.93125,7,4,2,3,8,989,670,319,93,459,530,7.14928418604651,7.35210895522388,6.72328858934169,6.42795698924731,7.32813289760349,6.99439445283019,107
"97",2010,5,7.27777777777778,9,7.5,6.83333333333333,NA,7.5,7,6,3,0,5,4,998,676,322,93,464,534,7.15044294589178,7.35342159763314,6.72431385093168,6.42795698924731,7.3299849137931,6.99443644194757,108
"98",2010,6,7.28571428571429,14,7.5,6.5,7.16666666666667,7.91666666666667,6.8125,11,3,3,6,8,1012,687,325,96,470,542,7.15231428853755,7.35576855895196,6.72224326153846,6.45104166666667,7.33747446808511,6.99175103321033,109
"99",2010,7,7.02,10,7.0875,6.75,NA,6.83333333333333,7.1,8,2,0,3,7,1022,695,327,96,473,549,7.15101962818004,7.35268057553957,6.72241302752293,6.45104166666667,7.33427695560254,6.9931312568306,110
"100",2010,8,7.16666666666667,15,7.75,6.5,8,7.625,7,8,7,1,4,11,1037,703,334,97,477,560,7.15124595949855,7.35720199146515,6.71775167664671,6.46701030927835,7.33671488469602,6.99326617857143,111
"101",2010,9,7.25,12,7.55555555555556,6.33333333333333,6,6.75,7.5,9,3,1,4,8,1049,712,337,98,481,568,7.15237565300286,7.35970926966292,6.71432955489614,6.46224489795918,7.33183575883576,7.00040327464789,112
"102",2010,10,7.19705882352941,34,7.82941176470588,6.56470588235294,6,6.96666666666667,7.37894736842105,17,17,2,15,19,1083,729,354,100,496,587,7.15377844875346,7.37066255144033,6.70714423728813,6.453,7.32079233870968,7.01265597955707,113
"103",2010,11,7.17727272727273,44,7.33636363636364,7.01818181818182,7.3,7.44444444444444,7.10857142857143,22,22,5,9,35,1127,751,376,105,505,622,7.1546957054126,7.36965778961385,6.72534324468085,6.49333333333333,7.32299603960396,7.0180531511254,114
"104",2010,12,7.42045454545455,44,7.86428571428571,6.64375,7,8.0625,7.05357142857143,28,16,4,16,28,1171,779,392,109,521,650,7.16468152006832,7.38743645699615,6.72201290816326,6.51192660550459,7.34570633397313,7.01958316923077,115
"105",2011,1,7.47837837837838,74,7.85365853658537,7.01212121212121,7.25,7.484375,7.47380952380952,41,33,12,32,42,1245,820,425,121,553,692,7.18332695582329,7.41074756097561,6.74453896470588,6.58512396694215,7.35373056057866,7.04715182080925,116
"106",2011,2,7.50830841121495,107,7.77367692307692,7.09761904761905,7.53846153846154,7.76840625,7.39733333333333,65,42,13,32,75,1352,885,467,134,585,767,7.20904664201183,7.43740338983051,6.77629349036403,6.67761194029851,7.37641367521368,7.08139382007823,117
"107",2011,3,7.48787878787879,132,7.75568181818182,6.95227272727273,6.88235294117647,7.48421052631579,7.48936170212766,88,44,17,38,94,1484,973,511,151,623,861,7.23384842318059,7.46618910585817,6.79144630136986,6.70066225165563,7.38298876404494,7.12593386759582,118
"108",2011,4,7.39229166666667,96,7.86052631578947,6.70794871794872,6.7,7.39225806451613,7.39230769230769,57,39,16,31,65,1580,1030,550,167,654,926,7.24347535443038,7.48801165048544,6.78552556363636,6.70059880239521,7.38342813455657,7.14463181425486,119
"109",2011,5,7.52962962962963,108,7.87878787878788,6.98095238095238,7.63076923076923,7.39807692307692,7.57134146341463,66,42,13,26,82,1688,1096,592,180,680,1008,7.26178380331753,7.51154379562044,6.79939030405405,6.76777777777778,7.38398823529412,7.17934430555556,120
"110",2011,6,7.47803738317757,107,7.72571428571429,7.00945945945946,7.52083333333333,7.46071428571429,7.48417721518987,70,37,12,28,79,1795,1166,629,192,708,1087,7.27467468523677,7.52440137221269,6.81174731319555,6.81484375,7.38702259887006,7.20149867525299,121
"111",2011,7,7.40421686746988,83,7.76122448979592,6.88970588235294,6.92857142857143,7.6275,7.33333333333333,49,34,14,20,63,1878,1215,663,206,728,1150,7.28039992545261,7.53395226337448,6.81574518853695,6.82257281553398,7.39362912087912,7.20872092173913,122
"112",2011,8,7.45411764705882,85,7.82156862745098,6.90294117647059,7.07692307692308,7.3125,7.50983606557377,51,34,13,24,61,1963,1266,697,219,752,1211,7.28792208863984,7.54553870458136,6.81999865136298,6.83767123287671,7.39103989361702,7.22388857142857,123
"113",2011,9,7.36420454545455,88,7.77105263157895,6.61612903225806,7.39,7.67380952380952,7.26716417910448,57,31,10,21,67,2051,1323,728,229,773,1278,7.29119505607021,7.55525472411186,6.81131739010989,6.8617903930131,7.39872186287193,7.22615732394366,124
"114",2011,10,7.1680412371134,97,7.4198275862069,6.79358974358974,6.71428571428571,7.39347826086957,7.09797297297297,58,39,7,23,74,2148,1381,767,236,796,1352,7.2856336405959,7.54956698044895,6.81041598435463,6.85741525423729,7.39857035175879,7.21914131656805,125
"115",2011,11,7.276,125,7.77428571428571,6.64181818181818,7.21538461538462,7.61086956521739,7.20049019607843,70,55,13,23,102,2273,1451,822,249,819,1454,7.28510385393753,7.56040799448656,6.79913510948905,6.87610441767068,7.40453235653236,7.21783291609354,126
"116",2011,12,7.39824561403509,114,7.53986486486486,7.13625,7.484375,7.60625,7.31707317073171,74,40,16,32,82,2387,1525,862,265,851,1536,7.29050735651445,7.55941114754098,6.81477849187935,6.91283018867925,7.41211750881316,7.2231308984375,127
"117",2012,1,7.56141732283465,127,7.91851851851852,6.93260869565217,7,7.58513513513514,7.55166666666667,81,46,11,37,90,2514,1606,908,276,888,1626,7.30419294351631,7.57752303860523,6.82074786343612,6.91630434782609,7.41932657657658,7.24131553505535,128
"118",2012,2,7.31277777777778,90,7.51854838709677,6.85714285714286,6.4,7.25882352941176,7.32534246575342,62,28,10,17,73,2604,1668,936,286,905,1699,7.30448965437788,7.5753309352518,6.8218366025641,6.89825174825175,7.41631160220994,7.24492587404356,129
"119",2012,3,7.07037974683544,79,7.4531914893617,6.508125,6.4075,7.28333333333333,7.00754098360656,47,32,8,18,61,2683,1715,968,294,923,1760,7.29759636973537,7.57198367346939,6.81146597107438,6.88489795918367,7.41371830985915,7.23669832954546,130
"120",2012,4,6.99066666666667,75,7.47674418604651,6.3375,6.71538461538462,7.05789473684211,6.96785714285714,43,32,13,19,56,2758,1758,1000,307,942,1816,7.2892498404641,7.56965415244596,6.79629906,6.87771986970684,7.40654140127389,7.22840807268723,131
"121",2012,5,7.37014925373134,67,7.85121951219512,6.61153846153846,7.12727272727273,7.84705882352941,7.208,41,26,11,17,50,2825,1799,1026,318,959,1866,7.29116851681416,7.57607115063924,6.79161701754386,6.88635220125786,7.4143503649635,7.22786123258307,132
"122",2012,6,7.42254901960784,102,7.82714285714286,6.5375,6.51666666666667,7.64074074074074,7.344,70,32,12,27,75,2927,1869,1058,330,986,1941,7.29574686026648,7.58547458533975,6.78393105860113,6.87290909090909,7.42054969574036,7.23234882019578,133
"123",2012,7,7.17803738317757,107,7.48787878787879,6.67926829268293,6.65555555555556,6.94827586206897,7.26346153846154,66,41,9,29,78,3034,1935,1099,339,1015,2019,7.29159560316414,7.58214573643411,6.7800264422202,6.86713864306785,7.40705615763547,7.23355079742447,134
"124",2012,8,7.32610869565217,92,7.63217857142857,6.85,7.22222222222222,7.36842105263158,7.31509589041096,56,36,9,19,73,3126,1991,1135,348,1034,2092,7.29261134357006,7.58355298844802,6.78224586784141,6.87632183908046,7.40634622823984,7.23639630019121,135
"125",2012,9,7.37017543859649,114,7.6875,6.82619047619048,7.20833333333333,7.33214285714286,7.38255813953488,72,42,12,28,86,3240,2063,1177,360,1062,2178,7.29534045061728,7.58718080465342,6.78381398470688,6.88738888888889,7.40438983050847,7.24216761248852,136
"126",2012,10,7.3854,100,7.92403846153846,6.801875,6.69230769230769,7.612,7.30986666666667,52,48,13,25,75,3340,2115,1225,373,1087,2253,7.29803684431138,7.59546288416075,6.78452168163265,6.88058981233244,7.40916467341306,7.24442124278739,137
"127",2012,11,7.21227642276423,123,7.64859154929577,6.61653846153846,6.83823529411765,7.112,7.23785714285714,71,52,17,25,98,3463,2186,1277,390,1112,2351,7.29499077678314,7.59718847209515,6.77768133124511,6.87874358974359,7.40248381294964,7.24414762228839,138
"128",2012,12,7.32137931034483,145,7.68369565217391,6.69245283018868,6.84666666666667,7.25555555555556,7.34311926605505,92,53,15,36,109,3608,2278,1330,405,1148,2460,7.29605129157428,7.60068217734855,6.7742850075188,6.87755555555556,7.39787630662021,7.24853295121951,139
"129",2013,1,7.39535714285714,140,7.6840206185567,6.74418604651163,6.79166666666667,7.38382352941176,7.39905660377358,97,43,12,34,106,3748,2375,1373,417,1182,2566,7.29976068836713,7.60408589473684,6.77334235979607,6.87508393285372,7.39747208121827,7.25475099766173,140
"130",2013,2,7.556,125,7.76896551724138,7.06842105263158,7.0125,7.16,7.63142857142857,87,38,8,20,105,3873,2462,1411,425,1202,2671,7.30803074102763,7.60991226645004,6.78128919914954,6.87767058823529,7.39352079866889,7.26955861475103,141
"131",2013,3,7.3,124,7.672,6.73061224489796,7.04615384615385,7.23103448275862,7.32105263157895,75,49,13,29,95,3997,2537,1460,438,1231,2766,7.3077816012009,7.61174773354356,6.77958839726027,6.88267123287671,7.38969293257514,7.27132720896602,142
"132",2013,4,7.45855769230769,104,7.68472222222222,6.9496875,7.31428571428571,7.4352380952381,7.4644578313253,72,32,7,21,83,4101,2609,1492,445,1252,2849,7.31160523287003,7.61376159448064,6.78323663538874,6.8894606741573,7.39045686900959,7.27695368901369,143
"133",2013,5,7.20801886792453,106,7.50378787878788,6.72,6.9375,7.13529411764706,7.24236111111111,66,40,8,34,72,4207,2675,1532,453,1286,2921,7.30899526028048,7.61104822429907,6.78158554830287,6.89030905077263,7.38371073094868,7.27610101335159,144
"134",2013,6,7.15368932038835,103,7.37289855072464,6.70882352941176,6.39416666666667,7.7,7.02204819277108,69,34,12,20,83,4310,2744,1566,465,1306,3004,7.30528377262181,7.60505976676385,6.78000578544061,6.87750537634408,7.38855436447167,7.26908157789614,145
"135",2013,7,7.50053435114504,131,7.79292682926829,7.01122448979592,6.84375,7.60967741935484,7.4667,82,49,16,31,100,4441,2826,1615,481,1337,3104,7.31104324701644,7.61051096956829,6.78702108978328,6.87638253638254,7.39368137621541,7.2754481507732,146
"136",2013,8,7.0712389380531,113,7.50916666666667,6.57547169811321,6.55555555555556,7.22222222222222,7.04263157894737,60,53,18,18,95,4554,2886,1668,499,1355,3199,7.30509289855072,7.60840401940402,6.78029919664269,6.86480961923848,7.3914036900369,7.26853424820256,147
"137",2013,9,7.29748201438849,139,7.56918604651163,6.85660377358491,6.91,7.15555555555556,7.31859504132231,86,53,10,18,121,4693,2972,1721,509,1373,3320,7.30486747496271,7.60726917900404,6.78264907611853,6.86569744597249,7.38831172614712,7.27035875301205,148
"138",2013,10,7.39967320261438,153,7.57644230769231,7.02448979591837,7.35,7.65161290322581,7.33565573770492,104,49,20,31,122,4846,3076,1770,529,1404,3442,7.30786072224515,7.60622691807542,6.78934410169492,6.88400756143667,7.39412535612536,7.27267317257408,149
"139",2013,11,7.16162790697674,129,7.55886075949367,6.534,6.7,6.83333333333333,7.23666666666667,79,50,16,24,105,4975,3155,1820,545,1428,3547,7.30406895678392,7.60504088748019,6.78232915384615,6.87860550458715,7.38470028011205,7.27160729066817,150
"140",2013,12,7.34790419161677,167,7.61441441441441,6.81964285714286,6.80555555555556,7.24857142857143,7.37424242424242,111,56,18,35,132,5142,3266,1876,563,1463,3679,7.30549262154803,7.60535946111451,6.78344299573561,6.87626998223801,7.38144360902256,7.27528976895896,151
"141",2014,1,7.43611111111111,180,7.6256,7.00545454545455,7.23333333333333,7.84566666666667,7.3542,125,55,18,30,150,5322,3391,1931,581,1493,3829,7.30991038331454,7.60610557357712,6.78976647332988,6.8873321858864,7.39077160080375,7.27838105510577,152
"142",2014,2,7.21068702290076,131,7.454375,6.82843137254902,6.59166666666667,7.20681818181818,7.21146788990826,80,51,24,22,109,5453,3471,1982,605,1515,3938,7.30752669356317,7.6026084701815,6.79076138244198,6.87560330578512,7.388100330033,7.27652896394109,153
"143",2014,3,7.16741071428571,112,7.37039473684211,6.73888888888889,6.65384615384615,7.45588235294118,7.11578947368421,76,36,13,17,95,5565,3547,2018,618,1532,4033,7.30470674932614,7.59763292923598,6.78983600594648,6.87093851132686,7.38885248041776,7.27274263823456,154
"144",2014,4,7.27441860465116,129,7.44375,6.99795918367347,6.75,7.08,7.32115384615385,80,49,12,25,104,5694,3627,2067,630,1557,4137,7.30402055848261,7.59423876481941,6.79476974358974,6.86863492063492,7.3838933847142,7.27395964708726,155
"145",2014,5,7.39805555555556,108,7.60307692307692,6.865,7.43,7.56521739130435,7.35282352941176,78,30,10,23,85,5802,3705,2097,640,1580,4222,7.30577095139607,7.59442483130904,6.79577446828803,6.87740625,7.38653291139241,7.27554738512553,156
"146",2014,6,7.40126050420168,119,7.74411764705882,6.54411764705882,6.40909090909091,7.37708333333333,7.40736842105263,85,34,11,24,95,5921,3790,2131,651,1604,4317,7.30769009626752,7.59778205804749,6.79175929610511,6.8694930875576,7.38639152119701,7.27844824183461,157
"147",2014,7,7.26782608695652,115,7.504,6.825,7.25,7,7.30495049504951,75,40,12,14,101,6036,3865,2171,663,1618,4418,7.30693059310802,7.59596222509703,6.79237174573929,6.87638009049774,7.38304820766378,7.27905411045722,158
"148",2014,8,7.40761194029851,134,7.678125,6.72421052631579,6.625,7.75,7.34035714285714,96,38,12,22,112,6170,3961,2209,675,1640,4530,7.30911718962723,7.59795354708407,6.79119921231326,6.87191111111111,7.38797073170732,7.28056977041943,159
"149",2014,9,7.34210526315789,114,7.60281690140845,6.91162790697674,7.1,7.94117647058824,7.23711340206186,71,43,16,17,97,6284,4032,2252,691,1657,4627,7.30971563653724,7.59803918650794,6.79349869449378,6.87719247467438,7.39364634882318,7.27965875513292,160
"150",2014,10,7.20409090909091,110,7.59191176470588,6.57619047619048,6.79473684210526,7.11666666666667,7.236875,68,42,19,30,80,6394,4100,2294,710,1687,4707,7.30789850797623,7.59793756097561,6.78952007846556,6.87498591549296,7.38872080616479,7.27893160399405,161
"151",2014,11,7.54444444444444,135,7.73247422680412,7.06447368421053,6.73076923076923,7.56875,7.5368932038835,97,38,13,32,103,6529,4197,2332,723,1719,4810,7.31278956348598,7.60104693828925,6.79400045454546,6.8723928077455,7.39207213496219,7.28445552182952,162
"152",2014,12,7.41094674556213,169,7.65756302521008,6.824,6.96666666666667,7.80344827586207,7.32964285714286,119,50,15,29,140,6698,4316,2382,738,1748,4950,7.31526620782323,7.60260518999073,6.79463016792611,6.87430894308943,7.39889702517163,7.28573354747475,163
"153",2015,1,7.43571428571429,224,7.73333333333333,6.65806451612903,6.44444444444444,7.40625,7.440625,162,62,18,32,192,6922,4478,2444,756,1780,5142,7.31916397861889,7.60733452434122,6.79116573649755,6.86407407407407,7.39902921348315,7.29151712563205,164
"154",2015,2,7.36739130434783,161,7.60416666666667,6.88490566037736,6.92380952380952,7.4875,7.33759689922481,108,53,21,32,129,7083,4586,2497,777,1812,5271,7.32026020895101,7.60725992150022,6.79315541049259,6.86568854568854,7.40059161147903,7.29264486055777,165
"155",2015,3,7.34194630872483,149,7.60252525252525,6.826,6.78571428571429,7.475,7.31889763779528,99,50,14,22,127,7232,4685,2547,791,1834,5398,7.32070700497787,7.6071598719317,6.79380018060463,6.86427307206068,7.40148418756816,7.29326251574657,166
"156",2015,4,7.38260869565217,138,7.76463414634146,6.82321428571429,7.09333333333333,7.1875,7.40819672131148,82,56,15,16,122,7370,4767,2603,806,1850,5520,7.32186608683853,7.60986868051185,6.79443298501729,6.86853598014888,7.39963351351351,7.29580272826087,167
"157",2015,5,7.27307692307692,130,7.67732558139535,6.48295454545455,6.77272727272727,7.63684210526316,7.21081081081081,86,44,11,19,111,7500,4853,2647,817,1869,5631,7.321020408,7.61106408407171,6.78925540612014,6.86724602203182,7.40204494382023,7.2941273415024,168
"158",2015,6,7.35377697841727,139,7.7,6.69739583333333,6.53571428571429,7.62282608695652,7.30043103448276,91,48,14,23,116,7639,4944,2695,831,1892,5747,7.32161644979709,7.61270105177993,6.78761931725417,6.86166064981949,7.40472885835095,7.29425457804072,169
"159",2015,7,7.38450704225352,142,7.77903225806452,6.63571428571429,6.721875,7.32777777777778,7.39782608695652,93,49,16,27,115,7781,5037,2744,847,1919,5862,7.32276417684102,7.61577208655946,6.78490672740525,6.85902007083825,7.40364616988015,7.29628643125213,170
"160",2015,8,7.2821686746988,166,7.43631578947368,6.94423076923077,6.83888888888889,7.42272727272727,7.26069444444444,114,52,18,22,144,7947,5151,2796,865,1941,6006,7.3219162023405,7.61180042710153,6.78786983547926,6.85860115606936,7.40386244204019,7.29543307692308,171
"161",2015,9,7.39901360544218,147,7.75163265306122,6.69377551020408,6.95,7.04712121212121,7.50087719298246,98,49,14,33,114,8094,5249,2845,879,1974,6120,7.32331641462812,7.61441112592875,6.78624923022847,6.86005688282139,7.39789868287741,7.29925997712418,172
"162",2015,10,7.23367132867133,143,7.5710119047619,6.75338983050847,7.16666666666667,7.28296296296296,7.22219827586207,84,59,15,27,116,8237,5333,2904,894,2001,6236,7.32176011411922,7.61372754547159,6.7855816322314,6.86520134228188,7.39634782608696,7.29782650096216,173
"163",2015,11,7.27653631284916,179,7.47830188679245,6.98356164383562,6.776,7.23076923076923,7.2843137254902,106,73,25,26,153,8416,5439,2977,919,2027,6389,7.32079824857414,7.61108825151682,6.79043636546859,6.86277475516866,7.39422397631969,7.29750290499296,174
"164",2015,12,7.31521739130435,207,7.4387417218543,6.98214285714286,6.66666666666667,7.09285714285714,7.36046511627907,151,56,12,35,172,8623,5590,3033,931,2062,6561,7.32066427693378,7.60643273703041,6.79397595120343,6.8602470461869,7.38910863239573,7.29915349184576,175
"165",2016,1,7.32878151260504,238,7.52818791946309,6.99494382022472,7.03478260869565,7.66,7.27167487684729,149,89,23,35,203,8861,5739,3122,954,2097,6764,7.32088229996614,7.60440128942324,6.79970501601537,6.86445492662474,7.39362994754411,7.2983288083974,176
"166",2016,2,7.39954802259887,177,7.62841584158416,7.09539473684211,6.84117647058823,7.3,7.41222929936306,101,76,17,20,157,9038,5840,3198,971,2117,6921,7.32242288780703,7.60481660958904,6.80673203877423,6.8640473738414,7.39274539442608,7.30091259355585,177
"167",2016,3,7.30232558139535,172,7.52727272727273,6.90322580645161,6.40476190476191,7.41666666666667,7.28378378378378,110,62,21,24,148,9210,5950,3260,992,2141,7069,7.32204756351791,7.60338302521008,6.80856719631902,6.85432459677419,7.3930135450724,7.30055397651719,178
"168",2016,4,7.15771428571429,175,7.53653846153846,6.60281690140845,6.75833333333333,6.975,7.18675496688742,104,71,24,24,151,9385,6054,3331,1016,2165,7220,7.31898327757059,7.60223472084572,6.80418164515161,6.85205708661417,7.38837967667437,7.29817396952909,179
"169",2016,5,7.24840425531915,188,7.56958333333333,6.68161764705882,6.80789473684211,7.60344827586207,7.18364779874214,120,68,19,29,159,9573,6174,3399,1035,2194,7379,7.31759720672725,7.60160009718173,6.80172964401294,6.85124637681159,7.3912224247949,7.2957062013823,180
"170",2016,6,7.27421383647799,159,7.7046875,6.61825396825397,6.685,7.1375,7.30343511450382,96,63,20,28,131,9732,6270,3462,1055,2222,7510,7.31688841553637,7.60317846889952,6.79839083188908,6.84809478672986,7.38802520252025,7.29584101997337,181
"171",2016,7,7.2179347826087,184,7.52809917355372,6.62222222222222,6.59090909090909,6.91,7.27792207792208,121,63,11,30,154,9916,6391,3525,1066,2252,7664,7.3150522448568,7.60175700203411,6.79524228652482,6.84544090056285,7.38165719360568,7.29548095772443,182
"172",2016,8,7.23255208333333,192,7.46991869918699,6.80942028985507,6.88181818181818,7.58518518518519,7.17484848484848,123,69,22,27,165,10108,6514,3594,1088,2279,7829,7.31348516620498,7.59926757752533,6.7955144852532,6.84617647058823,7.38406845107503,7.29293856942138,183
"173",2016,9,7.27146892655367,177,7.70625,6.35614035087719,6.61538461538461,7.8804347826087,7.18051948051948,120,57,13,23,154,10285,6634,3651,1101,2302,7983,7.31276208653379,7.60120274344287,6.78865490550534,6.84345140781108,7.38902780191138,7.29076989352374,184
"174",2016,10,7.28866666666667,180,7.49328,6.82363636363636,6.32105263157895,7.27777777777778,7.29058823529412,125,55,19,27,153,10465,6759,3706,1120,2329,8136,7.31234764070712,7.59920683533067,6.78917405828386,6.83458928571429,7.38773808501503,7.29076647738447,185
"175",2016,11,7.25790816326531,196,7.59087301587302,6.65857142857143,6.75,7.775,7.21194444444444,126,70,16,16,180,10661,6885,3776,1136,2345,8316,7.31134678360379,7.59905432098765,6.78675292902542,6.83339788732394,7.39038038379531,7.28906037277537,186
"176",2016,12,7.33067039106145,179,7.64165217391304,6.771875,6.00909090909091,7.40857142857143,7.31173611111111,115,64,11,35,144,10840,7000,3840,1147,2380,8460,7.31166587269373,7.59975414285714,6.78650496354166,6.82549258936356,7.39064789915966,7.2894463427896,187
"177",2017,1,7.36138461538462,260,7.59463276836158,6.86397590361446,6.71111111111111,7.38357142857143,7.35711009174312,177,83,27,42,218,11100,7177,3923,1174,2422,8678,7.31283045585586,7.59962783892991,6.78814403772623,6.82286201022147,7.39052518579686,7.29114612353077,188
"178",2017,2,7.41233333333333,180,7.64414634146341,6.91210526315789,6.28125,7.335,7.42092592592593,123,57,16,18,162,11280,7300,3980,1190,2440,8840,7.3144182677305,7.60037794520548,6.78991936180904,6.81557983193277,7.39011557377049,7.29352444117647,189
"179",2017,3,7.18675126903553,197,7.48352459016393,6.704,6.66111111111111,7.33791666666667,7.16578034682081,122,75,18,24,173,11477,7422,4055,1208,2464,9013,7.31222689378758,7.59845715440582,6.7883302244143,6.81327814569536,7.38960714285714,7.2910724575613,190
"180",2017,4,7.42989010989011,182,7.6108064516129,7.04310344827586,7.44,7.70166666666667,7.38860759493671,124,58,10,24,158,11659,7546,4113,1218,2488,9171,7.31406364696801,7.59866008481315,6.79192294189156,6.8184236453202,7.39261736334405,7.29275281430597,191
"181",2017,5,7.31921465968586,191,7.74669421487603,6.58028571428571,6.299375,6.78392857142857,7.41116564417178,121,70,16,28,163,11850,7667,4183,1234,2516,9334,7.31414667172996,7.60099634798487,6.78838131962706,6.81169367909238,7.38584340222576,7.29482066209557,192
"182",2017,6,7.19275167785235,149,7.42393617021277,6.79763636363636,6.76428571428571,7.045,7.21565891472868,94,55,14,20,129,11999,7761,4238,1248,2536,9463,7.31263922493541,7.59885182321866,6.78850142991977,6.81116185897436,7.38315536277603,7.29374152594315,193
"183",2017,7,7.22955414012739,157,7.68867346938775,6.46694915254237,6.87,7.65681818181818,7.15992592592593,98,59,15,22,135,12156,7859,4297,1263,2558,9598,7.31156614511352,7.59997187937396,6.78408635326972,6.81186064924782,7.38550899139953,7.29185935194833,194
"184",2017,8,7.32657303370786,178,7.61853448275862,6.78032258064516,6.465,6.93461538461538,7.39361842105263,116,62,20,26,152,12334,7975,4359,1283,2584,9750,7.31178271931247,7.60024188087774,6.784032819454,6.806453624318,7.38097213622291,7.29344574974359,195
"185",2017,9,7.35701986754967,151,7.61566037735849,6.74777777777778,6.69230769230769,7.525,7.33711111111111,106,45,13,16,135,12485,8081,4404,1296,2600,9885,7.31232984060873,7.60044412820195,6.78366236603088,6.80530864197531,7.38185846153846,7.29404209003541,196
"186",2017,10,7.18587912087912,182,7.61489795918367,6.68535714285714,6.62444444444444,7.27391304347826,7.17314465408805,98,84,18,23,159,12667,8179,4488,1314,2623,10044,7.31051299123707,7.6006173126299,6.78182242869875,6.80283105022831,7.38091193290126,7.29212824173636,197
"187",2017,11,7.20552631578947,190,7.47083333333333,6.75071428571429,6.521875,7.2,7.20636363636364,120,70,16,25,165,12857,8299,4558,1330,2648,10209,7.30896150423894,7.5987406916496,6.78134468187802,6.79945112781955,7.37920392749245,7.29074209618964,198
"188",2017,12,7.30348958333333,192,7.58617886178862,6.7995652173913,6.36923076923077,7.67903225806452,7.2311801242236,123,69,13,31,161,13049,8422,4627,1343,2679,10370,7.30888099164687,7.5985572310615,6.7816163950724,6.79528667163068,7.38267338559164,7.2898173635487,199
"189",2018,1,7.17284475806452,248,7.46674085365854,6.59904761904762,6.63809523809524,6.94,7.2048876146789,164,84,21,30,218,13297,8586,4711,1364,2709,10588,7.30634380386554,7.59603942464477,6.7783610825727,6.79286656891496,7.37777113325951,7.28806871552701,200
"190",2018,2,7.09970930232558,172,7.44191919191919,6.63561643835616,6.53684210526316,7.01666666666667,7.11725352112676,99,73,19,30,142,13469,8685,4784,1383,2739,10730,7.30370506793377,7.59428261370178,6.7761829138796,6.78934924078091,7.37381599123768,7.28580816029823,201
"191",2018,3,7.34832335329341,167,7.57458333333333,6.77063829787234,6.60153846153846,7.14545454545455,7.37910344827586,120,47,13,22,145,13636,8805,4831,1396,2761,10875,7.30425150777354,7.59401413969336,6.77612897122749,6.78760028653295,7.37199637812387,7.28705209747127,202
"192",2018,4,7.29755244755245,143,7.64836956521739,6.66470588235294,6.6875,7.355,7.28821138211382,92,51,8,20,123,13779,8897,4882,1404,2781,10998,7.30418198417882,7.59457620546251,6.77496498566161,6.78702991452991,7.37187414599065,7.28706506273868,203
"193",2018,5,7.32941558441558,154,7.69377551020408,6.69178571428571,6.79571428571429,7.7,7.27725925925926,98,56,14,19,135,13933,8995,4938,1418,2800,11133,7.304460888538,7.59565697609783,6.77402168084244,6.78711565585331,7.37410071428572,7.28694615647175,204
"194",2018,6,7.20156626506024,166,7.62313725490196,6.5296875,6.25555555555556,7.375,7.17780821917808,102,64,9,20,146,14099,9097,5002,1427,2820,11279,7.30324941910774,7.59596509838408,6.77089545381847,6.7837631394534,7.37410709219858,7.28553343026864,205
"195",2018,7,7.21277777777778,126,7.65597402597403,6.51632653061225,5.79166666666667,7.52,7.17126126126126,77,49,12,15,111,14225,9174,5051,1439,2835,11390,7.30244805342707,7.59646877043819,6.76842586814492,6.77548992355803,7.37487901234568,7.28441980333626,206
"196",2018,8,7.3774291503268,153,7.62820981481481,6.77555555555556,6.7,7.5,7.35792924242424,108,45,10,21,132,14378,9282,5096,1449,2856,11522,7.30324594658506,7.59683809092868,6.76848882653061,6.77496894409938,7.37579901960784,7.28526195278598,207
"197",2018,9,7.42191176470588,136,7.77448275862069,6.79591836734694,6.83333333333333,7.82,7.39031746031746,87,49,12,10,126,14514,9369,5145,1461,2866,11648,7.304357876533,7.59848768918774,6.76875006025267,6.77544832306639,7.37734891835311,7.28639837053572,208
"198",2018,10,7.25984651315789,152,7.65437279569892,6.63796610169492,6.65384615384615,7.09,7.28558083333333,93,59,13,20,132,14666,9462,5204,1474,2886,11780,7.30389655597982,7.59903697209892,6.76726730591852,6.77437584803256,7.37535758835759,7.28638920967742,209
"199",2018,11,7.29131578947368,152,7.5956,6.70615384615385,6.47727272727273,7.49375,7.253359375,100,52,11,24,128,14818,9562,5256,1485,2910,11908,7.30376750506141,7.59900102802761,6.7666626826484,6.77217508417508,7.37633402061856,7.28603416946591,210
"200",2018,12,7.36283950617284,162,7.5422641509434,7.02321428571429,6.47692307692308,7.178,7.39656934306569,106,56,13,25,137,14980,9668,5312,1498,2935,12045,7.30440633444593,7.59837896462557,6.76936729292169,6.76961281708945,7.37464463373084,7.28729139809049,211
"201",2019,1,7.23405472636816,201,7.48022058823529,6.719,6.47777777777778,7.56190476190476,7.19580555555556,136,65,18,21,180,15181,9804,5377,1516,2956,12225,7.30347486265727,7.59673988474092,6.76875842663195,6.76614775725594,7.3759749661705,7.28594436728016,212
"202",2019,2,7.23835931034483,145,7.51480543478261,6.75849056603774,6.33333333333333,7.29736842105263,7.22946111111111,92,53,12,19,126,15326,9896,5430,1528,2975,12351,7.30285880138327,7.59597816592562,6.76865820626151,6.76274869109948,7.37547294117647,7.28536814751842,213
"203",2019,3,7.2987012987013,154,7.59381443298969,6.79649122807018,6.79166666666667,7.384,7.28217054263566,97,57,12,25,129,15480,9993,5487,1540,3000,12480,7.30281744121447,7.59595716301411,6.76894734098779,6.76297402597403,7.375544,7.28533509535256,214
"204",2019,4,7.40639705882353,136,7.69552631578947,7.04016666666667,6.86733333333333,7.55625,7.38641666666667,76,60,15,16,120,15616,10069,5547,1555,3016,12600,7.30371951780226,7.59670870294964,6.77188102758248,6.7639807073955,7.37650265251989,7.28629777698413,215
"205",2019,5,7.30676691729323,133,7.43804347826087,7.01219512195122,6.8,7.3,7.30769230769231,92,41,10,16,117,15749,10161,5588,1565,3032,12717,7.30374525303194,7.59527211199685,6.77364424838941,6.76421086261981,7.37609894459103,7.28649461272313,216
"206",2019,6,7.30375,120,7.62066666666667,6.77555555555556,7.27272727272727,7.22916666666667,7.31203703703704,75,45,11,12,108,15869,10236,5633,1576,3044,12825,7.3037452889281,7.5954581799531,6.77365951713119,6.76776015228426,7.3755197109067,7.28670970682261,217
"207",2019,7,7.21326708609272,151,7.53877189473684,6.66107142857143,6.77142857142857,7.07578947368421,7.23305553030303,95,56,14,19,132,16020,10331,5689,1590,3063,12957,7.30289246691636,7.5949369141419,6.77255124978028,6.76779245283019,7.37366046359778,7.28616310257004,218
"208",2019,8,7.40390153409091,176,7.64303766129032,6.83365384615385,6.82333333333333,7.73214285714286,7.34180182432432,124,52,12,28,148,16196,10455,5741,1602,3091,13105,7.3039901204001,7.59550740602582,6.77310469604598,6.76820848938826,7.37690779682951,7.28679145288058,219
"209",2019,9,7.31707262820513,156,7.67473852941176,6.64148148148148,6.90833333333333,7.37058823529412,7.31052755395683,102,54,12,17,139,16352,10557,5795,1614,3108,13244,7.30411492906067,7.59627292412617,6.77187818119068,6.76925030978934,7.37687323037323,7.28704057082452,220
"210",2019,10,7.08274509803922,153,7.43287128712871,6.40269230769231,6.5625,7.06666666666667,7.08488888888889,101,52,8,18,135,16505,10658,5847,1622,3126,13379,7.30206284883369,7.5947244567461,6.76859484521977,6.76823057953144,7.37508701215611,7.2850007713581,221
"211",2019,11,7.19503546099291,141,7.54886363636364,6.60754716981132,6.73333333333333,6.86666666666667,7.23412698412698,88,53,9,15,126,16646,10746,5900,1631,3141,13505,7.30115627297849,7.59434889819468,6.76714814576271,6.76803801348866,7.37265902578797,7.28452612513884,222
"212",2019,12,7.16869459016393,183,7.44152542372881,6.67340169230769,7.27272727272727,7.44545454545455,7.13087645962733,118,65,11,22,161,16829,10864,5965,1642,3163,13666,7.29971587319508,7.5926889966863,6.76612660016764,6.77141900121803,7.37316534935188,7.28271596882775,223
"213",2020,1,7.30273076923077,260,7.59945454545455,6.78736842105263,6.23684210526316,7.30769230769231,7.30185520361991,165,95,19,39,221,17089,11029,6060,1661,3202,13887,7.29976174322664,7.59279021307462,6.7664595990099,6.76530403371463,7.37236789506558,7.28302055375531,224
"214",2020,2,7.15742955223881,201,7.59310547008547,6.55059523809524,6.02941176470588,6.81944444444444,7.19067398907104,117,84,17,18,183,17290,11146,6144,1678,3220,14070,7.29810710063621,7.59279352233985,6.76350832845052,6.75784862932062,7.36927701863354,7.28181945771144,225
"215",2020,3,7.3752,150,7.6419,6.8418,6.5625,7.26611111111111,7.39007575757576,100,50,8,18,132,17440,11246,6194,1686,3238,14202,7.29877017029817,7.59323017961942,6.76414032450759,6.75692170818505,7.36870352069179,7.28282564216308,226
"216",2020,4,7.32420689655172,145,7.52161290322581,6.97115384615385,6.95,7.35272727272727,7.31910569105691,93,52,10,22,123,17585,11339,6246,1696,3260,14325,7.29897991299403,7.59264279036952,6.76586378001921,6.75806014150943,7.36859570552147,7.28313715671902,227
"217",2020,5,7.40496551724138,145,7.54767676767677,7.09782608695652,6.94444444444444,7.77625,7.35891472868217,99,46,9,16,129,17730,11438,6292,1705,3276,14454,7.29984668753525,7.59225359328554,6.76829071360458,6.75904398826979,7.37058669108669,7.28381346132559,228
"218",2020,6,7.4075,128,7.74349397590361,6.78777777777778,6.16666666666667,7.125,7.44785714285714,83,45,12,16,112,17858,11521,6337,1717,3292,14566,7.30061830944115,7.59334316465584,6.76842909420862,6.75490390215492,7.36939307411908,7.28507481600989,229
"219",2020,7,7.25876607734807,181,7.55497390625,6.54339622641509,6.32222222222222,7.245,7.26047614906832,128,53,9,20,161,18039,11649,6390,1726,3312,14727,7.30019837186097,7.59292156064898,6.76656262441315,6.75264774044032,7.36864190821256,7.28480589597338,230
"220",2020,8,7.27662392638037,163,7.57336734693878,6.82922615384615,6.22333333333333,7.75952380952381,7.20520915492958,98,65,15,21,142,18202,11747,6455,1741,3333,14869,7.29998726128997,7.59275842853494,6.7671936281952,6.74808730614589,7.37110471047105,7.28404574147555,231
"221",2020,9,7.33328057553957,139,7.76506818181818,6.58823529411765,6.9,7,7.37663414634146,88,51,10,16,123,18341,11835,6506,1751,3349,14992,7.30023957963034,7.59403965019011,6.76579078850292,6.74895488292404,7.36933174081815,7.28480537153149,232
"222",2020,10,7.42236945783133,166,7.76498346534653,6.89,6.36333333333333,8,7.36075553333333,101,65,15,16,150,18507,11936,6571,1766,3365,15142,7.30133503323067,7.59548614192359,6.76701945974737,6.74567950169875,7.37233046062407,7.2855577506274,233
"223",2020,11,7.45845650246305,203,7.68927741258741,6.90833333333333,7.425,7.512,7.45093634831461,143,60,12,25,178,18710,12079,6631,1778,3390,15320,7.3030397717798,7.5965965113006,6.76829812547127,6.75026434195725,7.3733604719764,7.28747925130548,234
"224",2020,12,7.2182380952381,210,7.47415492957747,6.68382352941176,6.39473684210526,6.54,7.30989189189189,142,68,19,25,185,18920,12221,6699,1797,3415,15505,7.3020985269556,7.59517382047296,6.76744064337961,6.74650528658876,7.36725973645681,7.28774667075137,235
"225",2021,1,7.42829617100372,269,7.58572538860104,7.02850881578947,6.395,7.6938,7.40109290983607,193,76,18,25,244,19189,12414,6775,1815,3440,15749,7.30386762207515,7.59502692605123,6.77036923099631,6.74301928374656,7.36963284883721,7.28950274938091,236
"226",2021,2,7.33863414634146,205,7.59905109489051,6.81397058823529,6.396875,7.56190476190476,7.31315217391304,137,68,16,21,184,19394,12551,6843,1831,3461,15933,7.30423511395277,7.59507085172496,6.77080250474938,6.73999453850355,7.3707994799191,7.2897758614197,237
"227",2021,3,7.4011371875,192,7.71182369565217,6.60716055555556,6.30769230769231,7.59891304347826,7.37422094674556,138,54,13,23,169,19586,12689,6897,1844,3484,16102,7.30518503727152,7.59634060446056,6.76952127156735,6.73694685466377,7.37230539609644,7.29066216246429,238
"228",2021,4,7.40815010471204,191,7.67411030075188,6.79827586206897,6.5,7.46923076923077,7.40368915730337,133,58,8,13,178,19777,12822,6955,1852,3497,16280,7.30617944127016,7.59714729371393,6.76976106542056,6.73592332613391,7.37266571346869,7.29189796130221,239
"229",2021,5,7.41839078817734,203,7.65937007874016,7.01570171052632,6.62142857142857,7.11884615384615,7.46239169491525,127,76,14,26,177,19980,12949,7031,1866,3523,16457,7.30731952652653,7.59775755656807,6.77241950504907,6.73506430868167,7.3707925063866,7.29373167284438,240
"230",2021,6,7.42597975757576,165,7.54812859649123,7.15294117647059,6.64285714285714,7.06111111111111,7.47065755102041,114,51,14,18,147,20145,13063,7082,1880,3541,16604,7.30829142715314,7.59732444767664,6.77515977689918,6.73437765957447,7.36921829991528,7.29529804866297,241
"231",2021,7,7.54580716981132,159,7.81634310679612,7.04821428571429,6.9375,7.28125,7.57540797202797,103,56,8,16,143,20304,13166,7138,1888,3557,16747,7.31015140563436,7.59903787027191,6.77730198094704,6.73523834745763,7.3688226033174,7.29768986325909,242
"232",2021,8,7.29069651741294,201,7.60790751824818,6.61166671875,6.23529411764706,6.79038461538462,7.36502857142857,137,64,17,26,175,20505,13303,7202,1905,3583,16922,7.30996069934162,7.59912921371119,6.77583007636768,6.73077690288714,7.36462517443483,7.29838625103416,243
"233",2021,9,7.45457831325301,166,7.66894736842105,6.98461538461538,5.7625,7.56666666666667,7.44094594594595,114,52,8,18,148,20671,13417,7254,1913,3601,17070,7.31112206182575,7.5997224364612,6.777326745244,6.7267276529012,7.36563510136073,7.29962226947862,244
"234",2021,10,7.36990940217391,184,7.56472634328358,6.8478,6.489,6.68461538461538,7.48267930379747,134,50,10,26,158,20855,13551,7304,1923,3627,17228,7.31164073219851,7.59937637517526,6.77780917442497,6.72549141965679,7.36075323959195,7.30130110691897,245
"235",2021,11,7.16055256684492,187,7.40614425373134,6.53962264150943,5.79166666666667,7.225,7.15452239766082,134,53,12,16,171,21042,13685,7357,1935,3643,17399,7.31029801349682,7.59748429594446,6.77609327307326,6.71970025839793,7.36015701345045,7.29985854359446,246
"236",2021,12,7.40791196226415,265,7.68025927777778,6.83117647058824,6.303125,7.44054054054054,7.40261697368421,180,85,16,37,228,21307,13865,7442,1951,3680,17627,7.31151206035575,7.59855890804183,6.77672241467347,6.71628395694516,7.3609652173913,7.3011876933114,247
"237",2022,1,7.36246055393586,343,7.62462275423729,6.78423364485981,6.26818181818182,7.4448275862069,7.35485340764331,236,107,22,29,314,21650,14101,7549,1973,3709,17941,7.31231923510393,7.59899512304092,6.77682887932176,6.71128737962494,7.36162092208142,7.30212694052728,248
"238",2022,2,7.28006599009901,202,7.65944900826446,6.71333333333333,6.5,7.22333333333333,7.28771533707865,121,81,12,24,178,21852,14222,7630,1985,3733,18119,7.31202108594179,7.59950946139783,6.7761548112713,6.71001007556675,7.36073185105813,7.30198536177493,249
"239",2022,3,7.28709081730769,208,7.54967072992701,6.78042253521127,7.21666666666667,7.62345454545455,7.24730586021505,137,71,6,22,186,22060,14359,7701,1991,3755,18305,7.31178602266546,7.59903394735009,6.77619415790157,6.71153691612255,7.36227110519308,7.30142975471183,250
"240",2022,4,7.35847619047619,210,7.66719696969697,6.83602564102564,4.95,7.27928571428571,7.36413265306122,132,78,10,14,196,22270,14491,7779,2001,3769,18501,7.31222629815896,7.59965485128701,6.77679408792904,6.70273363318341,7.36196285486866,7.30209403059294,251
"241",2022,5,7.33500791469194,211,7.65481722580645,6.44982142857143,6.65666666666667,7.88333333333333,7.29304423469388,155,56,6,15,196,22481,14646,7835,2007,3784,18697,7.3124401196566,7.60023863990168,6.77445707849394,6.70259591429995,7.36402959830867,7.30199916189763,252
"242",2022,6,7.21726775956284,183,7.51965217391304,6.70588235294118,5.69642857142857,7.44736842105263,7.19060975609756,115,68,14,19,164,22664,14761,7903,2021,3803,18861,7.31167165240028,7.5996108068559,6.77386703909908,6.69562592775854,7.36444596371286,7.30103060972377,253
"243",2022,7,7.29848484848485,198,7.42713178294574,7.05797101449275,6.15,7.66666666666667,7.26166666666667,129,69,10,18,180,22862,14890,7972,2031,3821,19041,7.31155744598023,7.59811652921424,6.7763260423984,6.69293943870015,7.36586966762628,7.30065849115068,254
"244",2022,8,7.36387151041667,192,7.58611869863014,6.65847826086957,6.36111111111111,7.62727272727273,7.32978429411765,146,46,9,22,170,23054,15036,8018,2040,3843,19211,7.31199313177757,7.59800002992817,6.7756499388875,6.69147549019608,7.36736612021858,7.30091622820259,255
"245",2022,9,7.4748275862069,174,7.54913793103448,7.32620689655172,6.75,7.47391304347826,7.47496688741722,116,58,10,23,151,23228,15152,8076,2050,3866,19362,7.31321291802996,7.59762595366948,6.77960391406637,6.69176097560976,7.368,7.30227361119719,256
"246",2022,10,7.49044554455446,202,7.67941666666667,7.21390243902439,6.42307692307692,7.1,7.53098360655738,120,82,13,19,183,23430,15272,8158,2063,3885,19545,7.31474091591976,7.59826862558931,6.78396925839667,6.6900678623364,7.36668931788932,7.30441502481453,257
"247",2022,11,7.17908335,200,7.43950133858268,6.72602739726027,5.9375,6.69722222222222,7.22673994505494,127,73,8,18,182,23630,15399,8231,2071,3903,19727,7.31359273508252,7.59695922592376,6.78345537723241,6.68716079188798,7.36360184473482,7.3036983996553,258
"248",2022,12,7.29910087719298,228,7.4977385620915,6.89388,6.41785714285714,7.20823076923077,7.31079702970297,153,75,14,26,202,23858,15552,8306,2085,3929,19929,7.31345424302121,7.59598309670782,6.7844524692993,6.68535251798561,7.36257368287096,7.30377035124693,259
