"","year","month","avg_rating","no_ratings","avg_rating_owned","avg_rating_not_owned","avg_rating_prev_owned","avg_rating_comment","avg_rating_no_comment","no_ratings_owned","no_ratings_not_owned","no_ratings_prev_owned","no_ratings_comment","no_ratings_no_comment","cum_no_ratings","cum_no_ratings_owned","cum_no_ratings_not_owned","cum_no_ratings_prev_owned","cum_no_ratings_comment","cum_no_ratings_no_comment","cum_avg_rating","cum_avg_rating_owned","cum_avg_rating_not_owned","cum_avg_rating_prev_owned","cum_avg_rating_comment","cum_avg_rating_no_comment","month_after_release"
"1",2002,1,7,1,7,NA,NA,7,NA,1,0,0,1,0,1,1,0,0,1,0,7,7,NA,NA,7,NA,0
"2",2002,6,7.5,2,7.5,NA,NA,7,8,2,0,0,1,1,3,3,0,0,2,1,7.33333333333333,7.33333333333333,NA,NA,7,8,5
"3",2002,8,7.33333333333333,3,6.5,9,NA,NA,7.33333333333333,2,1,0,0,3,6,5,1,0,2,4,7.33333333333333,7,9,NA,7,7.5,7
"4",2002,9,8.5,2,8.5,NA,NA,8.5,NA,2,0,0,2,0,8,7,1,0,4,4,7.625,7.42857142857143,9,NA,7.75,7.5,8
"5",2003,1,7.5,4,9,6,NA,8,7,2,2,0,2,2,12,9,3,0,6,6,7.58333333333333,7.77777777777778,7,NA,7.83333333333333,7.33333333333333,12
"6",2003,2,8,2,8,NA,NA,7,9,2,0,0,1,1,14,11,3,0,7,7,7.64285714285714,7.81818181818182,7,NA,7.71428571428571,7.57142857142857,13
"7",2003,3,9,1,9,NA,NA,9,NA,1,0,0,1,0,15,12,3,0,8,7,7.73333333333333,7.91666666666667,7,NA,7.875,7.57142857142857,14
"8",2003,5,8.6,5,8.5,9,NA,8.5,9,4,1,0,4,1,20,16,4,0,12,8,7.95,8.0625,7.5,NA,8.08333333333333,7.75,16
"9",2003,6,7,2,8,6,NA,NA,7,1,1,0,0,2,22,17,5,0,12,10,7.86363636363636,8.05882352941176,7.2,NA,8.08333333333333,7.6,17
"10",2003,7,7.44444444444444,9,7.5,7.33333333333333,NA,7,7.66666666666667,6,3,0,3,6,31,23,8,0,15,16,7.74193548387097,7.91304347826087,7.25,NA,7.86666666666667,7.625,18
"11",2003,8,8.2,5,8,8.33333333333333,8.5,8.33333333333333,8,2,3,2,3,2,36,25,11,2,18,18,7.80555555555556,7.92,7.54545454545455,8.5,7.94444444444444,7.66666666666667,19
"12",2003,9,6.66666666666667,3,7,6.5,NA,6,7,1,2,0,1,2,39,26,13,2,19,20,7.71794871794872,7.88461538461539,7.38461538461539,8.5,7.84210526315789,7.6,20
"13",2003,10,7,1,NA,7,NA,NA,7,0,1,0,0,1,40,26,14,2,19,21,7.7,7.88461538461539,7.35714285714286,8.5,7.84210526315789,7.57142857142857,21
"14",2003,11,7.375,4,8.5,6.25,NA,7.5,7,2,2,0,3,1,44,28,16,2,22,22,7.67045454545455,7.92857142857143,7.21875,8.5,7.79545454545455,7.54545454545455,22
"15",2003,12,7.33333333333333,3,8,7,8,NA,7.33333333333333,1,2,1,0,3,47,29,18,3,22,25,7.64893617021277,7.93103448275862,7.19444444444444,8.33333333333333,7.79545454545455,7.52,23
"16",2004,1,6.6,5,6.75,6,NA,5,7,4,1,0,1,4,52,33,19,3,23,29,7.54807692307692,7.78787878787879,7.13157894736842,8.33333333333333,7.67391304347826,7.44827586206897,24
"17",2004,2,7.5,2,9,6,NA,9,6,1,1,0,1,1,54,34,20,3,24,30,7.5462962962963,7.82352941176471,7.075,8.33333333333333,7.72916666666667,7.4,25
"18",2004,3,7.66666666666667,6,7.66666666666667,NA,NA,7.66666666666667,7.66666666666667,6,0,0,3,3,60,40,20,3,27,33,7.55833333333333,7.8,7.075,8.33333333333333,7.72222222222222,7.42424242424242,26
"19",2004,4,6,2,7,5,NA,5,7,1,1,0,1,1,62,41,21,3,28,34,7.50806451612903,7.78048780487805,6.97619047619048,8.33333333333333,7.625,7.41176470588235,27
"20",2004,5,6.375,4,8,5.83333333333333,NA,5.75,7,1,3,0,2,2,66,42,24,3,30,36,7.43939393939394,7.78571428571429,6.83333333333333,8.33333333333333,7.5,7.38888888888889,28
"21",2004,6,6.83333333333333,6,6.83333333333333,NA,NA,6.66666666666667,7,6,0,0,3,3,72,48,24,3,33,39,7.38888888888889,7.66666666666667,6.83333333333333,8.33333333333333,7.42424242424242,7.35897435897436,29
"22",2004,7,7.8,5,7.8,NA,NA,8.5,7.33333333333333,5,0,0,2,3,77,53,24,3,35,42,7.41558441558442,7.67924528301887,6.83333333333333,8.33333333333333,7.48571428571429,7.35714285714286,30
"23",2004,8,6.875,4,6,7.75,NA,7,6.75,2,2,0,2,2,81,55,26,3,37,44,7.38888888888889,7.61818181818182,6.90384615384615,8.33333333333333,7.45945945945946,7.32954545454545,31
"24",2004,9,7.625,8,7.625,NA,NA,7.75,7.5,8,0,0,4,4,89,63,26,3,41,48,7.41011235955056,7.61904761904762,6.90384615384615,8.33333333333333,7.48780487804878,7.34375,32
"25",2004,10,8.2125,8,8.2125,NA,NA,9.6,7.75,8,0,0,2,6,97,71,26,3,43,54,7.47628865979381,7.68591549295775,6.90384615384615,8.33333333333333,7.58604651162791,7.38888888888889,33
"26",2004,11,6.5,10,6.42857142857143,6.66666666666667,8,6.5,6.5,7,3,1,8,2,107,78,29,4,51,56,7.38504672897196,7.57307692307692,6.87931034482759,8.25,7.4156862745098,7.35714285714286,34
"27",2004,12,7.31111111111111,9,7.66666666666667,6.6,NA,8,6.45,6,3,0,5,4,116,84,32,4,56,60,7.37931034482759,7.5797619047619,6.853125,8.25,7.46785714285714,7.29666666666667,35
"28",2005,1,7.07142857142857,7,7.16666666666667,6.5,NA,7.6,5.75,6,1,0,5,2,123,90,33,4,61,62,7.36178861788618,7.55222222222222,6.84242424242424,8.25,7.47868852459016,7.24677419354839,36
"29",2005,2,6.71428571428571,7,7.25,6,NA,6.5,7,4,3,0,4,3,130,94,36,4,65,65,7.32692307692308,7.53936170212766,6.77222222222222,8.25,7.41846153846154,7.23538461538462,37
"30",2005,3,6,7,8,3.33333333333333,NA,7,4.66666666666667,4,3,0,4,3,137,98,39,4,69,68,7.25912408759124,7.55816326530612,6.50769230769231,8.25,7.39420289855072,7.12205882352941,38
"31",2005,4,7.625,12,8.05555555555556,6.33333333333333,NA,7.5,7.8,9,3,0,7,5,149,107,42,4,76,73,7.28859060402685,7.6,6.4952380952381,8.25,7.40394736842105,7.16849315068493,39
"32",2005,5,7.375,8,7.57142857142857,6,NA,6.8,8.33333333333333,7,1,0,5,3,157,114,43,4,81,76,7.29299363057325,7.59824561403509,6.48372093023256,8.25,7.36666666666667,7.21447368421053,40
"33",2005,6,7.25,6,7.875,6,NA,8.5,6.625,4,2,0,2,4,163,118,45,4,83,80,7.29141104294479,7.60762711864407,6.46222222222222,8.25,7.39397590361446,7.185,41
"34",2005,7,7.40909090909091,11,7.875,7.14285714285714,8,7.75,7,4,7,1,6,5,174,122,52,5,89,85,7.29885057471264,7.61639344262295,6.55384615384615,8.2,7.41797752808989,7.17411764705882,42
"35",2005,8,7.6,5,7.5,8,NA,7.75,7,4,1,0,4,1,179,126,53,5,93,86,7.3072625698324,7.61269841269841,6.5811320754717,8.2,7.43225806451613,7.17209302325581,43
"36",2005,9,7.08333333333333,6,7.3,6,NA,6.5,7.66666666666667,5,1,0,3,3,185,131,54,5,96,89,7.3,7.60076335877863,6.57037037037037,8.2,7.403125,7.18876404494382,44
"37",2005,10,8.25,4,8.25,NA,NA,8.33333333333333,8,4,0,0,3,1,189,135,54,5,99,90,7.32010582010582,7.62,6.57037037037037,8.2,7.43131313131313,7.19777777777778,45
"38",2005,11,7,7,6.7,7.75,7.5,7.16666666666667,6.875,5,2,1,3,4,196,140,56,6,102,94,7.30867346938776,7.58714285714286,6.6125,8.08333333333333,7.42352941176471,7.18404255319149,46
"39",2005,12,7.37272727272727,11,7.37142857142857,7.375,8.25,7.32,7.41666666666667,7,4,2,5,6,207,147,60,8,107,100,7.31207729468599,7.57687074829932,6.66333333333333,8.125,7.41869158878505,7.198,47
"40",2006,1,7.525,24,7.595,7.175,NA,7.53333333333333,7.51111111111111,20,4,0,15,9,231,167,64,8,122,109,7.33419913419913,7.57904191616766,6.6953125,8.125,7.4327868852459,7.22385321100917,48
"41",2006,2,6.88461538461539,13,7.27777777777778,6,5,7.75,6.14285714285714,9,4,2,6,7,244,176,68,10,128,116,7.31024590163934,7.56363636363636,6.65441176470588,7.5,7.44765625,7.15862068965517,49
"42",2006,3,7.08333333333333,18,7.03846153846154,7.2,NA,7.34615384615385,6.4,13,5,0,13,5,262,189,73,10,141,121,7.29465648854962,7.52751322751323,6.69178082191781,7.5,7.43829787234043,7.12727272727273,50
"43",2006,4,7.43478260869565,23,7.66666666666667,6.6,NA,7.22727272727273,7.625,18,5,0,11,12,285,207,78,10,152,133,7.3059649122807,7.53961352657005,6.68589743589744,7.5,7.42302631578947,7.17218045112782,51
"44",2006,5,7.55909090909091,22,7.68333333333333,7,5,7.72727272727273,7.39090909090909,18,4,1,11,11,307,225,82,11,163,144,7.32410423452769,7.55111111111111,6.70121951219512,7.27272727272727,7.44355828220859,7.18888888888889,52
"45",2006,6,7.4,10,8.08333333333333,6.375,7,6.83333333333333,7.64285714285714,6,4,1,3,7,317,231,86,12,166,151,7.32649842271293,7.56493506493506,6.68604651162791,7.25,7.43253012048193,7.20993377483444,53
"46",2006,7,7.48484848484848,33,7.64814814814815,6.75,7,7.77272727272727,7.34090909090909,27,6,2,11,22,350,258,92,14,177,173,7.34142857142857,7.57364341085271,6.69021739130435,7.21428571428571,7.45367231638418,7.22658959537572,54
"47",2006,8,7.34,25,7.45238095238095,6.75,6,7.75,6.96153846153846,21,4,1,12,13,375,279,96,15,189,186,7.34133333333333,7.56451612903226,6.69270833333333,7.13333333333333,7.47248677248677,7.20806451612903,55
"48",2006,9,7.3375,20,7.58928571428571,6.75,NA,7,7.61363636363636,14,6,0,9,11,395,293,102,15,198,197,7.34113924050633,7.56569965870307,6.69607843137255,7.13333333333333,7.4510101010101,7.23071065989848,56
"49",2006,10,7.95,30,8.10869565217391,7.42857142857143,8,8.26666666666667,7.63333333333333,23,7,1,15,15,425,316,109,16,213,212,7.38411764705882,7.60522151898734,6.74311926605505,7.1875,7.50845070422535,7.25919811320755,57
"50",2006,11,7.22058823529412,34,7.80434782608696,6,NA,6.71428571428571,7.575,23,11,0,14,20,459,339,120,16,227,232,7.37200435729847,7.61873156342183,6.675,7.1875,7.45947136563877,7.2864224137931,58
"51",2006,12,7.66274509803922,51,7.84047619047619,6.83333333333333,8,7.95238095238095,7.46,42,9,1,21,30,510,381,129,17,248,262,7.40107843137255,7.64317585301837,6.68604651162791,7.23529411764706,7.50120967741936,7.30629770992366,59
"52",2007,1,7.60909090909091,44,7.72222222222222,7.1,8,7.61363636363636,7.60454545454545,36,8,3,22,22,554,417,137,20,270,284,7.41759927797834,7.65,6.71021897810219,7.35,7.51037037037037,7.32940140845071,60
"53",2007,2,7.54044282051282,39,7.86551724137931,6.597727,7.25,7.79285714285714,7.3990908,29,10,2,14,25,593,446,147,22,284,309,7.42567836424958,7.6640134529148,6.70256646258503,7.34090909090909,7.52429577464789,7.33503970873786,61
"54",2007,3,7.495,40,7.67142857142857,7.08333333333333,7.875,7.51111111111111,7.48181818181818,28,12,4,18,22,633,474,159,26,302,331,7.43005887835703,7.66445147679325,6.73130358490566,7.42307692307692,7.52350993377483,7.3447953776435,62
"55",2007,4,7.81111111111111,45,7.91176470588235,7.5,7.66666666666667,7.87058823529412,7.775,34,11,3,17,28,678,508,170,29,319,359,7.45534995575221,7.68100393700787,6.78104276470588,7.44827586206897,7.54200626959248,7.37834894150418,63
"56",2007,5,7.07954545454545,44,7.58064516129032,5.88461538461539,NA,7.20454545454545,6.95454545454545,31,13,0,22,22,722,539,183,29,341,381,7.43244774238227,7.6752319109462,6.71736213114754,7.44827586206897,7.52023460410557,7.35387734908136,64
"57",2007,6,7.70416666666667,48,7.68717948717949,7.77777777777778,8.5,7.8,7.62962962962963,39,9,2,21,27,770,578,192,31,362,408,7.44938606493507,7.67603806228374,6.76706911458333,7.51612903225806,7.53646408839779,7.37212566176471,65
"58",2007,7,7.54716981132075,53,7.8,6.90666666666667,7.5,7.6,7.5,38,15,4,25,28,823,616,207,35,387,436,7.45568319562576,7.68368506493507,6.77718487922705,7.51428571428571,7.5405684754522,7.38033777522936,66
"59",2007,8,7.92553191489362,47,8.12820512820513,6.9375,7.5,7.94117647058824,7.91666666666667,39,8,2,17,30,870,655,215,37,404,466,7.48106582758621,7.71015267175573,6.78315009302326,7.51351351351351,7.55742574257426,7.41486538626609,67
"60",2007,9,7.30149253731343,67,7.75416666666667,6.15789473684211,6,7.236,7.34047619047619,48,19,4,25,42,937,703,234,41,429,508,7.46822547491996,7.71315789473684,6.7323814957265,7.36585365853659,7.53869463869464,7.4087150984252,68
"61",2007,10,7.57358490566038,53,7.69473684210526,7.26666666666667,7.42857142857143,7.55416666666667,7.58965517241379,38,15,7,24,29,990,741,249,48,453,537,7.47386592929293,7.71221322537112,6.76456734939759,7.375,7.53951434878587,7.41848653631285,69
"62",2007,11,7.42235294117647,85,7.80333333333333,6.508,7,7.6741935483871,7.27777777777778,60,25,3,31,54,1075,801,274,51,484,591,7.46979280930233,7.71903870162297,6.74115791970803,7.35294117647059,7.54814049586777,7.40562989847716,70
"63",2007,12,7.56857142857143,70,7.78461538461538,6.94444444444444,7,7.42424242424242,7.6972972972973,52,18,4,33,37,1145,853,292,55,517,628,7.4758316768559,7.72303634232122,6.75368928082192,7.32727272727273,7.54023210831722,7.42281412420382,71
"64",2008,1,7.03695652173913,92,7.18787878787879,6.65384615384615,7,7.04444444444444,7.03384615384615,66,26,3,27,65,1237,919,318,58,544,693,7.44319100242522,7.68460282916213,6.74552600628931,7.31034482758621,7.515625,7.38633083694084,72
"65",2008,2,7.21130769230769,65,7.47519607843137,6.25,8.5,7.25,7.18551282051282,51,14,2,26,39,1302,970,332,60,570,732,7.43161464669739,7.67359278350515,6.7246303313253,7.35,7.50350877192982,7.37563151639344,73
"66",2008,3,7.58833333333333,90,7.84044117647059,6.80909090909091,7.45,7.91111111111111,7.37314814814815,68,22,4,36,54,1392,1038,354,64,606,786,7.4417473204023,7.68452312138728,6.72987929378531,7.35625,7.52772277227723,7.37546090330789,74
"67",2008,4,7.39940476190476,84,7.59508196721311,6.8804347826087,7.25,7.13888888888889,7.59479166666667,61,23,5,36,48,1476,1099,377,69,642,834,7.43933758130081,7.67955868971792,6.73906437665783,7.34855072463768,7.50591900311526,7.38808425659472,75
"68",2008,5,7.47219191919192,99,7.73557534246575,6.73269230769231,7.25,7.49992307692308,7.45416666666667,73,26,6,39,60,1575,1172,403,75,681,894,7.44140271111111,7.68304778156997,6.73865327543424,7.34066666666667,7.50557562408223,7.39251931767338,76
"69",2008,6,7.50645161290323,62,7.7734693877551,6.5,7.16666666666667,7.75,7.35263157894737,49,13,3,24,38,1637,1221,416,78,705,932,7.44386638362859,7.68667649467649,6.73119536057692,7.33397435897436,7.51389645390071,7.39089299356223,77
"70",2008,7,7.33604651162791,86,7.5758064516129,6.71666666666667,6.92,7.259375,7.38148148148148,62,24,10,32,54,1723,1283,440,88,737,986,7.43848477655252,7.68131878409977,6.73040288636364,7.28693181818182,7.50284531886025,7.39037755578093,78
"71",2008,8,7.63361904761905,105,7.87217948717949,6.94444444444444,6.5,7.82222222222222,7.49216666666667,78,27,10,45,60,1828,1361,467,98,782,1046,7.44969325492341,7.69225716385011,6.74277788008565,7.20663265306122,7.52122378516624,7.39621631931166,79
"72",2008,9,7.28461538461538,78,7.66574074074074,6.42708333333333,6.47916666666667,7.34821428571429,7.249,54,24,12,28,50,1906,1415,491,110,810,1096,7.44293770724029,7.69124522968198,6.72734678207739,7.12727272727273,7.51524320987654,7.38950024635036,80
"73",2008,10,7.52951807228916,83,7.725,6.95238095238095,6.42857142857143,7.5484375,7.51764705882353,62,21,7,32,51,1989,1477,512,117,842,1147,7.44655066365008,7.69266215301286,6.73657669921875,7.08547008547009,7.51650475059383,7.39519814298169,81
"74",2008,11,7.28719512195122,82,7.59435483870968,6.335,5.61666666666667,7.23,7.32978723404255,62,20,6,35,47,2071,1539,532,123,877,1194,7.44024107677451,7.68870175438597,6.72147983082707,7.01382113821138,7.50507069555302,7.39262334170854,82
"75",2008,12,7.2313829787234,94,7.49492753623188,6.504,6.13846153846154,6.94642857142857,7.35227272727273,69,25,13,28,66,2165,1608,557,136,905,1260,7.43117287297921,7.6803868159204,6.71171861759426,6.93014705882353,7.48778674033149,7.39050973809524,83
"76",2009,1,7.50330578512397,121,7.75168539325843,6.8125,6.875,7.34594594594595,7.57261904761905,89,32,8,37,84,2286,1697,589,144,942,1344,7.43499093175853,7.68412610489098,6.71719400679117,6.92708333333333,7.48221549893843,7.40189156994048,84
"77",2009,2,7.01632653061225,147,7.46818181818182,6.34237288135593,6.725,7.36875,6.88457943925234,88,59,8,40,107,2433,1785,648,152,982,1451,7.4096955487053,7.67348011204482,6.68306677469136,6.91644736842105,7.47759368635438,7.36374381116471,85
"78",2009,3,7.01219512195122,123,7.64166666666667,6.12352941176471,5.90909090909091,7.12222222222222,6.98125,72,51,11,27,96,2556,1857,699,163,1009,1547,7.39056700704225,7.67224663435649,6.6422421602289,6.84846625766871,7.46808424182359,7.34000793148028,86
"79",2009,4,7.25047890510949,137,7.41524390243902,7.00482927272727,6.85714285714286,7.387187,7.21214953271028,82,55,7,30,107,2693,1939,754,170,1039,1654,7.38344035647976,7.66137802991233,6.66869082228117,6.84882352941176,7.46574842155919,7.3317365598549,87
"80",2009,5,7.22438016528926,121,7.59785714285714,6.71176470588235,7.03,7.09032258064516,7.27055555555556,70,51,10,31,90,2814,2009,805,180,1070,1744,7.37660088130775,7.65916475858636,6.67141972670808,6.85888888888889,7.45487159813084,7.32857928325688,88
"81",2009,6,7.2784,125,7.53373493975904,6.77380952380952,6.53846153846154,7.08,7.328,83,42,13,25,100,2939,2092,847,193,1095,1844,7.37242425314733,7.65418833652008,6.67649690672963,6.83730569948187,7.44631288584475,7.32854786876356,89
"82",2009,7,7.08455284552846,123,7.58970588235294,6.46,6.59090909090909,6.97142857142857,7.12954545454545,68,55,11,35,88,3062,2160,902,204,1130,1932,7.36086050947094,7.65215833333333,6.66329587583149,6.82401960784314,7.43160407964602,7.31948357660455,90
"83",2009,8,7.3545,100,7.5771186440678,7.03414634146341,7.71,7.64027777777778,7.19375,59,41,10,36,64,3162,2219,943,214,1166,1996,7.36065935483871,7.65016313654799,6.67941980911983,6.86542056074766,7.43804683533448,7.31545203907816,91
"84",2009,9,7.38712121212121,132,7.73117647058824,6.76489361702128,6.81818181818182,7.65476190476191,7.26222222222222,85,47,11,42,90,3294,2304,990,225,1208,2086,7.36171975713418,7.65315190972222,6.68347765656566,6.86311111111111,7.4455816307947,7.3131554506232,92
"85",2009,10,7.41704545454545,132,7.69107142857143,6.9375,6.54285714285714,7.23275862068965,7.46893203883495,84,48,14,29,103,3426,2388,1038,239,1237,2189,7.36385139521308,7.65448576214405,6.69522435452794,6.84435146443515,7.44059224737268,7.32048527638191,93
"86",2009,11,7.29304635761589,151,7.5959595959596,6.71634615384615,7.125,7.46571428571429,7.24094827586207,99,52,8,35,116,3577,2487,1090,247,1272,2305,7.3608624210232,7.65215601125854,6.696232,6.85344129554656,7.44128349842767,7.31648254663774,94
"87",2009,12,7.28773006134969,163,7.68947368421053,6.72647058823529,6.63636363636364,7.18604651162791,7.32416666666667,95,68,22,43,120,3740,2582,1158,269,1315,2425,7.35767510160428,7.65352904725019,6.69800766839378,6.83568773234201,7.43293734600761,7.31686279175258,95
"88",2010,1,7.40892857142857,196,7.708203125,6.84558823529412,7.41176470588235,7.50909090909091,7.36985815602837,128,68,17,55,141,3936,2710,1226,286,1370,2566,7.36022735772358,7.65611143911439,6.7061932137031,6.86993006993007,7.43599460583942,7.31977485190959,96
"89",2010,2,7.19419642857143,112,7.49142857142857,6.69880952380952,6.04545454545455,7.20344827586207,7.19096385542169,70,42,11,29,83,4048,2780,1268,297,1399,2649,7.35563361660079,7.65196474820144,6.70594864353312,6.83939393939394,7.43117413152252,7.31573887127218,97
"90",2010,3,7.30023469387755,98,7.46730769230769,6.97115151515152,7.425,7.48620689655172,7.22207246376812,65,33,8,29,69,4146,2845,1301,305,1428,2718,7.35432413892909,7.64774586994728,6.71267554189085,6.85475409836066,7.43229174369748,7.31336102649007,98
"91",2010,4,7.2625,92,7.69416666666667,6.453125,6.90625,7.85526315789474,7.10821917808219,60,32,8,19,73,4238,2905,1333,313,1447,2791,7.3523307881076,7.64870464716007,6.7064447711928,6.85607028753994,7.43784561852108,7.30799543891079,99
"92",2010,5,7.32282608695652,92,7.51363636363636,6.83846153846154,7.125,7.30952380952381,7.32676056338028,66,26,4,21,71,4330,2971,1359,317,1468,2862,7.35170389838337,7.6457041400202,6.70897047829286,6.85946372239748,7.43600995231608,7.30846096086653,100
"93",2010,6,7.01290322580645,93,7.52037037037037,6.31025641025641,6.63,7.23684210526316,6.95540540540541,54,39,10,19,74,4423,3025,1398,327,1487,2936,7.34458012208908,7.64346677685951,6.69784755364807,6.85244648318043,7.43346510423672,7.29956242166213,101
"94",2010,7,7.25490196078431,102,7.69393939393939,6.45,6.5625,7.38095238095238,7.22222222222222,66,36,16,21,81,4525,3091,1434,343,1508,3017,7.34255864751381,7.64454448398577,6.69162543933055,6.83892128279883,7.43273382625995,7.29748600265164,102
"95",2010,8,7.30747663551402,107,7.55068493150685,6.78529411764706,6.6,7.448,7.26463414634146,73,34,5,25,82,4632,3164,1468,348,1533,3099,7.34174824697755,7.64237895069532,6.6937948773842,6.83548850574713,7.43298278538813,7.29661673765731,103
"96",2010,9,7.32128712871287,101,7.68636363636364,6.63285714285714,6.66666666666667,7.53260869565217,7.25897435897436,66,35,6,23,78,4733,3230,1503,354,1556,3177,7.34131161631101,7.64327770897833,6.69237583499667,6.83262711864407,7.43445540488432,7.29569256216557,104
"97",2010,10,7.15555555555556,99,7.6864406779661,6.3725,6.7375,6.8037037037037,7.2875,59,40,8,27,72,4832,3289,1543,362,1583,3249,7.33750576986755,7.64405199148678,6.68408352559948,6.83052486187845,7.42369716361339,7.2955110095414,105
"98",2010,11,7.16784146341463,164,7.5041359223301,6.6,6.47727272727273,7.18015789473684,7.16412698412698,103,61,22,38,126,4996,3392,1604,384,1621,3375,7.33193632506005,7.63980336084906,6.68088583541147,6.81028645833333,7.417988038248,7.29060600592593,106
"99",2010,12,7.33178571428571,140,7.66581632653061,6.55238095238095,7.0625,7.11333333333333,7.39136363636364,98,42,8,30,110,5136,3490,1646,392,1651,3485,7.33193221962617,7.64053381088825,6.67760685297692,6.81543367346939,7.41245221683828,7.29378630416069,107
"100",2011,1,7.43333333333333,147,7.67722772277228,6.89782608695652,7.1625,7.4,7.44188034188034,101,46,8,30,117,5283,3591,1692,400,1681,3602,7.33475371569184,7.64156585909218,6.68359390070922,6.822375,7.41222998810232,7.29859668795114,108
"101",2011,2,7.37286821705426,129,7.79345238095238,6.58777777777778,7.096,7.23175,7.43629213483146,84,45,5,40,89,5412,3675,1737,405,1721,3691,7.33566220990392,7.64503755102041,6.68111161773172,6.82575308641975,7.40803521789657,7.30191689785966,109
"102",2011,3,7.3082962962963,135,7.57729411764706,6.851,6.659375,7.10540540540541,7.38489795918367,85,50,16,37,98,5547,3760,1787,421,1758,3789,7.33499619253651,7.64350611702128,6.68586506994964,6.81942992874109,7.40166587599545,7.30406314858802,110
"103",2011,4,7.64561403508772,114,7.97848101265823,6.89428571428571,7.16428571428571,7.6,7.65977011494253,79,35,14,27,87,5661,3839,1822,435,1785,3876,7.34125134781841,7.6503993227403,6.68986875960483,6.83052873563219,7.40466588795518,7.31204728328174,111
"104",2011,5,7.45754716981132,106,7.71578947368421,6.80333333333333,7.125,7.41818181818182,7.46785714285714,76,30,4,22,84,5767,3915,1852,439,1807,3960,7.34338891624762,7.6516687100894,6.69170673866091,6.83321184510251,7.40483044272275,7.31535234090909,112
"105",2011,6,7.37992125984252,127,7.71910112359551,6.58552631578947,7.04166666666667,7.59090909090909,7.30585106382979,89,38,12,33,94,5894,4004,1890,451,1840,4054,7.34417609093994,7.65316758241758,6.6895718941799,6.83875831485588,7.40816772282609,7.31513203502714,113
"106",2011,7,7.25467289719626,107,7.70069444444444,6.33714285714286,6.63333333333333,7.30666666666667,7.23441558441558,72,35,15,30,77,6001,4076,1925,466,1870,4131,7.34258021663056,7.65400711481845,6.68316409350649,6.83214592274678,7.40653936363637,7.31362751633987,114
"107",2011,8,7.44896129032258,124,7.68839,7.01363636363636,6.55625,7.6631625,7.37445652173913,80,44,16,32,92,6125,4156,1969,482,1902,4223,7.34473389061225,7.65466896053898,6.69054894870493,6.82298755186722,7.41085689274448,7.31495270423869,115
"108",2011,9,7.37324324324324,111,7.65935897435897,6.6969696969697,6.64285714285714,7.85555555555556,7.21821428571429,78,33,14,27,84,6236,4234,2002,496,1929,4307,7.34524135343169,7.65475536136042,6.69065478521479,6.81790322580645,7.41708129082426,7.31306600185744,116
"109",2011,10,7.26487603305785,121,7.52701149425287,6.59411764705882,6.67777777777778,7.95740740740741,7.06595744680851,87,34,9,27,94,6357,4321,2036,505,1956,4401,7.34371166902627,7.65218333719047,6.6890426719057,6.81540594059406,7.4245397801636,7.30778806407635,117
"110",2011,11,7.353125,128,7.73157894736842,6.8,6.83333333333333,7.192,7.39223300970874,76,52,15,25,103,6485,4397,2088,520,1981,4504,7.34389746800308,7.65355565158062,6.6918059770115,6.81592307692308,7.42160515396265,7.30971919849023,118
"111",2011,12,7.33270676691729,133,7.5835,6.57272727272727,6.4375,7.53913043478261,7.2235632183908,100,33,8,46,87,6618,4497,2121,528,2027,4591,7.34367257177395,7.6519978207694,6.68995326732673,6.8101893939394,7.4242722298964,7.3080865323459,119
"112",2012,1,7.35064102564103,156,7.74761904761905,6.53333333333333,6.60714285714286,7.27941176470588,7.37049180327869,105,51,14,34,122,6774,4602,2172,542,2061,4713,7.34383304989666,7.65417953063885,6.68627572744015,6.8049446494465,7.42188248908297,7.30970194568216,120
"113",2012,2,7.23636363636364,132,7.59390243902439,6.65,6.49166666666667,7.09090909090909,7.28484848484849,82,50,24,33,99,6906,4684,2222,566,2094,4812,7.34177889950767,7.65312429547395,6.6854594419442,6.79166077738516,7.41666657593123,7.30919062136326,121
"114",2012,3,7.18361344537815,119,7.49302325581395,6.37727272727273,6.43888888888889,7.19807692307692,7.17956989247312,86,33,9,26,93,7025,4770,2255,575,2120,4905,7.33909965551601,7.65023777777778,6.6809493924612,6.78613913043478,7.41398575943396,7.30673298063201,122
"115",2012,4,7.47713740458015,131,7.80469072164948,6.54264705882353,6.47222222222222,7.81108695652174,7.40601851851852,97,34,9,23,108,7156,4867,2289,584,2143,5013,7.34162661822247,7.65331604684611,6.6788950982962,6.78130136986301,7.41824769482035,7.30887198683423,123
"116",2012,5,7.34595392857143,112,7.68181818181818,6.60705257142857,7.88853777777778,7.8998736,7.1867816091954,77,35,9,25,87,7268,4944,2324,593,2168,5100,7.34169330214639,7.65375995145631,6.67781313253012,6.79810596964587,7.42380149907749,7.30678926862745,124
"117",2012,6,7.2736641221374,131,7.43191489361702,6.87162162162162,6.95714285714286,7.49655172413793,7.21029411764706,94,37,7,29,102,7399,5038,2361,600,2197,5202,7.3404888390323,7.64962072250893,6.68085036848793,6.7999614,7.42476178880291,7.30489720684352,125
"118",2012,7,7.20820754716981,106,7.52112676056338,6.57342857142857,6.75,7.31363636363636,7.18059523809524,71,35,6,22,84,7505,5109,2396,606,2219,5286,7.338620508994,7.64783503621061,6.67928118530885,6.79946673267327,7.42366004957188,7.30292192016648,126
"119",2012,8,7.29173228346457,127,7.67349397590361,6.57159090909091,7.1,7.56451612903226,7.20364583333333,83,44,5,31,96,7632,5192,2440,611,2250,5382,7.3378402672956,7.64824522342065,6.6773392295082,6.8019260883797,7.42560073333334,7.30115110925307,127
"120",2012,9,7.48521739130435,115,7.72658227848101,6.95555555555556,6.93333333333333,7.64259259259259,7.43693181818182,79,36,12,27,88,7747,5271,2476,623,2277,5470,7.34002800051633,7.6494193132233,6.68138437802908,6.8044572070626,7.42817375933246,7.3033355155393,128
"121",2012,10,7.42553719008265,121,7.79113924050633,6.73785714285714,6.76272727272727,7.57352941176471,7.36770114942529,79,42,11,34,87,7868,5350,2518,634,2311,5557,7.34134302491103,7.651512,6.68232633836378,6.80373318611987,7.4303122674167,7.30434321936296,129
"122",2012,11,7.46328671328671,143,7.64226804123711,7.08586956521739,7.18461538461538,7.78714285714286,7.35833333333333,97,46,13,35,108,8011,5447,2564,647,2346,5665,7.34351977530895,7.65134738388104,6.68956619344774,6.81138615146831,7.43563582693947,7.30537251015004,130
"123",2012,12,7.48817857142857,168,7.70801754385965,7.02407407407407,6.98571428571429,7.4091,7.512890625,114,54,14,40,128,8179,5561,2618,661,2386,5793,7.34649112605453,7.65250911706528,6.69646589763178,6.81507842662632,7.43519096814753,7.30995775418608,131
"124",2013,1,7.311875,192,7.65811023622047,6.63538461538462,6.94,7.3890243902439,7.29092715231788,127,65,15,41,151,8371,5688,2683,676,2427,5944,7.34569715924023,7.65263417721519,6.69498610510623,6.81785035502959,7.43441106304079,7.30947430518169,132
"125",2013,2,7.23851851851852,135,7.72888888888889,6.25777777777778,6.3,7.87692307692308,7.08623853211009,90,45,10,26,109,8506,5778,2728,686,2453,6053,7.34399611098048,7.6538219453098,6.68777409090909,6.81030151603499,7.43910136567469,7.30545436477779,133
"126",2013,3,7.41015602836879,141,7.69393939393939,6.74123809523809,6.89381818181818,7.58041379310345,7.36607142857143,99,42,11,29,112,8647,5877,2770,697,2482,6165,7.34507493003354,7.65449773694062,6.6885847364621,6.81161956958393,7.44075247784045,7.30655559935117,134
"127",2013,4,7.365624,125,7.70459770114943,6.58955263157895,6.6625,7.63333333333333,7.29186734693878,87,38,8,27,98,8772,5964,2808,705,2509,6263,7.34536775193798,7.65522857142857,6.68724455840456,6.80992743262411,7.44282489039458,7.30632576560753,135
"128",2013,5,7.296875,112,7.77341772151899,6.15606060606061,6.36363636363636,7.15,7.33483146067416,79,33,11,23,89,8884,6043,2841,716,2532,6352,7.34475640702386,7.65677365546914,6.68107452305526,6.80307100558659,7.44016494865719,7.30672516845088,136
"129",2013,6,7.25441176470588,136,7.64086021505376,6.41860465116279,6.27777777777778,7.30769230769231,7.24181818181818,93,43,9,26,110,9020,6136,2884,725,2558,6462,7.34339422616408,7.65653246414602,6.6771611373093,6.79655012413793,7.43881847146208,7.30562028319406,137
"130",2013,7,7.32408759124088,137,7.73707865168539,6.55833333333333,7.36363636363636,7.43846153846154,7.2972972972973,89,48,11,26,111,9157,6225,2932,736,2584,6573,7.34310537512286,7.65768404819277,6.67521579809004,6.80502559782609,7.43881488003096,7.30547973071657,138
"131",2013,8,7.47302631578947,152,7.83069306930693,6.76470588235294,7.03636363636364,7.688,7.43070866141732,101,51,11,25,127,9309,6326,2983,747,2609,6700,7.34522676119884,7.6604462851723,6.67674579953068,6.80843218206158,7.44120262552702,7.30785347313433,139
"132",2013,9,7.42635135135135,148,7.62427184466019,6.97333333333333,6.83333333333333,6.98333333333333,7.53898305084746,103,45,15,30,118,9457,6429,3028,762,2639,6818,7.3464963434493,7.65986672888474,6.68115347424042,6.80892236220472,7.43599759378553,7.31185366236433,140
"133",2013,10,7.44831081081081,148,7.75891089108911,6.78085106382979,6.7,7.68888888888889,7.37098214285714,101,47,15,36,112,9605,6530,3075,777,2675,6930,7.34806516605934,7.66139865237366,6.68267730731708,6.80681961389961,7.43940099065421,7.31280927417027,141
"134",2013,11,7.35245989304813,187,7.58008333333333,6.94477611940299,6.625,7.49393939393939,7.32214285714286,120,67,12,33,154,9792,6650,3142,789,2708,7084,7.34814909313726,7.65993130827068,6.68826630171865,6.80405429657795,7.44006560192024,7.31301217814794,142
"135",2013,12,7.39590517241379,232,7.65981595092025,6.77246376811594,7.35714285714286,7.33953488372093,7.40873015873016,163,69,14,43,189,10024,6813,3211,803,2751,7273,7.34925438148444,7.65992854836342,6.69007559015883,6.81369718555417,7.43849423845874,7.31549955589165,143
"136",2014,1,7.34088461538462,260,7.56335164835165,6.82179487179487,6.875,7.325,7.34377272727273,182,78,28,40,220,10284,6995,3289,831,2791,7493,7.34904277712952,7.65741575411008,6.69319936758893,6.81576274368231,7.43686766391974,7.3163296770319,144
"137",2014,2,7.27497354497354,189,7.60769230769231,6.73430555555556,6.41176470588235,7.43333333333333,7.2338,117,72,17,39,150,10473,7112,3361,848,2830,7643,7.34770609376492,7.65659775028122,6.69407995239512,6.80766372641509,7.43681895759717,7.31470996598194,145
"138",2014,3,7.3816384180791,177,7.52605042016807,7.08534482758621,6.6,7.41666666666667,7.37614379084967,119,58,10,24,153,10650,7231,3419,858,2854,7796,7.34827003943662,7.65444934310607,6.70071737935069,6.8052434032634,7.43664949194114,7.31591563237558,146
"139",2014,4,7.28655172413793,145,7.46436781609195,7.0198275862069,7.16666666666667,7.52272727272727,7.24430894308943,87,58,6,22,123,10795,7318,3477,864,2876,7919,7.34744103010653,7.65218955998907,6.70604047167098,6.80775328703704,7.43730794506259,7.3148034183609,147
"140",2014,5,7.3748275862069,145,7.58854166666667,6.95612244897959,6.07142857142857,7.54487179487179,7.3122641509434,96,49,7,39,106,10940,7414,3526,871,2915,8025,7.34780401462523,7.65136541677907,6.70951580260919,6.80183563719862,7.43874704974271,7.31476987788162,148
"141",2014,6,7.46015625,128,7.6175,7.19791666666667,7.14285714285714,7.93636363636364,7.36132075471698,80,48,7,22,106,11068,7494,3574,878,2937,8131,7.3491033538128,7.65100389645049,6.71607518746503,6.80455448747153,7.44247451481103,7.31537673963842,149
"142",2014,7,7.20891719745223,157,7.42065217391304,6.90923076923077,6.65,6.90540540540541,7.3025,92,65,20,37,120,11225,7586,3639,898,2974,8251,7.34714262093541,7.6482102820986,6.71952534212696,6.80111229398664,7.43579275386685,7.31518946430736,150
"143",2014,8,7.07464052287582,153,7.43210526315789,6.48913793103448,6.95833333333333,6.9,7.10875,95,58,12,25,128,11378,7681,3697,910,2999,8379,7.34347828440851,7.64553745606041,6.71591093318907,6.80318553846154,7.43132632544181,7.31203583601862,151
"144",2014,9,7.15034013605442,147,7.71772151898734,6.49117647058824,6.45833333333333,6.97619047619048,7.17936507936508,79,68,12,21,126,11525,7760,3765,922,3020,8505,7.34101483036877,7.64627231958763,6.71185198406375,6.79869722342733,7.42816147350993,7.31007034332745,152
"145",2014,10,7.32785714285714,140,7.64144736842105,6.95546875,7,7.31739130434783,7.32991452991453,76,64,17,23,117,11665,7836,3829,939,3043,8622,7.34085691555937,7.64622552322614,6.71592392791852,6.80234168264111,7.42732423595136,7.31033962769659,153
"146",2014,11,7.30247422680412,194,7.67983193277311,6.70373333333333,6.63636363636364,7.60228571428571,7.23647798742138,119,75,11,35,159,11859,7955,3904,950,3078,8781,7.34022901762375,7.64672824638592,6.71568973360656,6.80041983157895,7.42931372644574,7.30900219451088,154
"147",2014,12,7.46439790575916,191,7.73449612403101,6.90241935483871,6.69545454545455,7.15161290322581,7.525,129,62,11,31,160,12050,8084,3966,961,3109,8941,7.34219717178423,7.64812879762494,6.71860885526979,6.79921835587929,7.42654475715664,7.31286749468739,155
"148",2015,1,7.30795238095238,210,7.48346666666667,6.86916666666667,6.53636363636364,7.26363636363636,7.31621468926554,150,60,11,33,177,12260,8234,4026,972,3142,9118,7.34161059706362,7.64512912314792,6.72085263785395,6.79624366255144,7.42483375238702,7.31293247093661,156
"149",2015,2,7.25170731707317,205,7.53525179856115,6.65454545454545,6.62380952380952,7.22763157894737,7.25718562874251,139,66,21,38,167,12465,8373,4092,993,3180,9285,7.3401320433213,7.64330505195271,6.71978316715543,6.79259701913394,7.42247724842767,7.31192980829294,157
"150",2015,3,7.23160256410256,156,7.54927083333333,6.72333333333333,6.57142857142857,7.17307692307692,7.24330769230769,96,60,14,26,130,12621,8469,4152,1007,3206,9415,7.33879058077807,7.64223913094817,6.71983447013488,6.78952218470705,7.42045466313163,7.31098229102496,158
"151",2015,4,7.28918238993711,159,7.7695652173913,6.62955223880597,6.325,7.45347826086957,7.26139705882353,92,67,10,23,136,12780,8561,4219,1017,3229,9551,7.33817338967136,7.64360742903867,6.71840073951173,6.78495461160275,7.42068988851038,7.31027622971417,159
"152",2015,5,7.07105263157895,133,7.48947368421053,6.51315789473684,6.40625,7.35869565217391,7.01090909090909,76,57,16,23,110,12913,8637,4276,1033,3252,9661,7.33542212653915,7.64225115202038,6.71566480823199,6.77908890609874,7.4202514298893,7.30686763999586,160
"153",2015,6,7.18294452554745,137,7.7245425,6.42280701754386,6.41666666666667,7.126536,7.19553571428571,80,57,12,25,112,13050,8717,4333,1045,3277,9773,7.33382140383142,7.64300637834117,6.71181230556197,6.77492711961722,7.41801069575832,7.30559175995088,161
"154",2015,7,7.41446540880503,159,7.68691588785047,6.85384615384615,7.36363636363636,7.309375,7.44094488188976,107,52,11,32,127,13209,8824,4385,1056,3309,9900,7.33479213566508,7.64353882592928,6.71349662941847,6.78105950757576,7.4169601239045,7.30732810808081,162
"155",2015,8,7.40348837209302,172,7.74741379310345,6.69107142857143,6.5,7.15,7.45704225352113,116,56,11,30,142,13381,8940,4441,1067,3339,10042,7.33567516030192,7.6448866442953,6.71321385273587,6.7781619868791,7.41456156034741,7.30944515733917,163
"156",2015,9,7.31096774193548,155,7.65816326530612,6.7140350877193,6.46666666666667,7.31290322580645,7.31048387096774,98,57,15,31,124,13536,9038,4498,1082,3370,10166,7.33539223699764,7.64503060411596,6.71322425967097,6.77384365988909,7.41362642433235,7.30945782707063,164
"157",2015,10,7.04335443037975,158,7.39948453608247,6.47704918032787,6.59117647058823,6.83703703703704,7.08587786259542,97,61,17,27,131,13694,9135,4559,1099,3397,10297,7.33202273404411,7.64242327312534,6.71006420706296,6.77101805277525,7.40904358257286,7.30661340875983,165
"158",2015,11,7.25613065326633,199,7.58594827586207,6.79518072289157,6.63888888888889,7.58393939393939,7.19096385542169,116,83,18,33,166,13893,9251,4642,1117,3430,10463,7.33093567408047,7.64171512268944,6.71158610943559,6.76888884512086,7.41072625364432,7.30477857880149,166
"159",2015,12,7.21327014218009,211,7.53770491803279,6.7685393258427,7.01785714285714,6.71363636363636,7.30589887640449,122,89,14,33,178,14104,9373,4731,1131,3463,10641,7.32917536301758,7.64036131441374,6.71265751849504,6.77197068081344,7.40408346809125,7.30479731886101,167
"160",2016,1,7.28588014981273,267,7.53322404371585,6.74702380952381,6.45,7.04142857142857,7.32275862068966,183,84,14,35,232,14371,9556,4815,1145,3498,10873,7.32837097766335,7.63830960652993,6.71325705503635,6.76803392139738,7.40045484562607,7.30518056378184,168
"161",2016,2,7.36390532544379,169,7.66462264150943,6.85793650793651,6.33333333333333,7.66818181818182,7.31836734693878,106,63,12,22,147,14540,9662,4878,1157,3520,11020,7.32878399724897,7.63859828192921,6.71512560885609,6.76352535868626,7.40212813920455,7.30535646733212,169
"162",2016,3,7.10909090909091,176,7.56145833333333,6.56625,6.44705882352941,7.32708333333333,7.07467105263158,96,80,17,24,152,14716,9758,4958,1174,3544,11172,7.32615651807556,7.6378393728223,6.71272342073417,6.75894279386712,7.40161993510158,7.30221789026137,170
"163",2016,4,7.29464285714286,168,7.49009900990099,7,6.16666666666667,7.00454545454545,7.33835616438356,101,67,12,22,146,14884,9859,5025,1186,3566,11318,7.32580081429723,7.63632585454914,6.71655377512438,6.75295011804384,7.39917023275379,7.30268406697296,171
"164",2016,5,7.4353431372549,204,7.80696721311475,6.88243902439024,6.25,7.45967741935484,7.43098265895954,122,82,16,31,173,15088,9981,5107,1202,3597,11491,7.32728190084836,7.63841164212003,6.71921729391032,6.74625527454243,7.39969170141785,7.30461563571491,172
"165",2016,6,7.34064171122995,187,7.58884297520661,6.88560606060606,6.53333333333333,7.72,7.2820987654321,121,66,12,25,162,15275,10102,5173,1214,3622,11653,7.32744545466448,7.63781791724411,6.72134017398028,6.74415060955519,7.40190255383766,7.30430260619583,173
"166",2016,7,7.36532258064516,186,7.64761904761905,6.99938271604938,6.85714285714286,7.596875,7.31720779220779,105,81,14,32,154,15461,10207,5254,1228,3654,11807,7.32790112670591,7.63791874203978,6.72562670727065,6.74543879478827,7.403610030104,7.3044709299568,174
"167",2016,8,7.28478260869565,230,7.57328767123288,6.78333333333333,7.04375,7.25833333333333,7.28875,146,84,16,30,200,15691,10353,5338,1244,3684,12007,7.32726909183608,7.63700730223124,6.72653479205695,6.7492755948553,7.40242699511401,7.30420906721079,175
"168",2016,9,7.41666666666667,186,7.70964912280702,6.95277777777778,6.65,7.42432432432432,7.41476510067114,114,72,10,37,149,15877,10467,5410,1254,3721,12156,7.32831638974617,7.63779847138626,6.72954578927911,6.74848392344497,7.40264473259877,7.30556418805528,176
"169",2016,10,7.27629310344828,232,7.72902097902098,6.54887640449438,6.10277777777778,7.84705882352941,7.17828282828283,143,89,18,34,198,16109,10610,5499,1272,3755,12354,7.32756715624806,7.63902795475966,6.72662169849064,6.73934657232704,7.40666872170439,7.30352422454266,177
"170",2016,11,7.38391489361702,235,7.48113924050633,7.18441558441558,6.97777777777778,7.35515151515152,7.38861386138614,158,77,9,33,202,16344,10768,5576,1281,3788,12556,7.32837734459129,7.63671123699851,6.73294345767575,6.74102173302108,7.40621991816262,7.30489314033131,178
"171",2016,12,7.25705,200,7.74611111111111,6.42432432432432,6.1875,7.24838709677419,7.25863905325444,126,74,16,31,169,16544,10894,5650,1297,3819,12725,7.32751507011605,7.63797655590233,6.72890136637168,6.7341934001542,7.40493874050799,7.30427884243615,179
"172",2017,1,7.30890192307692,312,7.634637,6.72723214285714,6.86,7.3375,7.30469632352941,200,112,20,40,272,16856,11094,5762,1317,3859,12997,7.32717054579972,7.63791635118082,6.72886892051371,6.73610390280941,7.40423971236072,7.30428757944141,180
"173",2017,2,7.50092050209205,239,7.7575,6.98126582278481,7,7.62974358974359,7.4758,160,79,19,39,200,17095,11254,5841,1336,3898,13197,7.32959969113776,7.63961649191399,6.73228260914227,6.73985691616766,7.40649590815803,7.30688684322194,181
"174",2017,3,7.31613636363636,220,7.57019867549669,6.76014492753623,7.14285714285714,7.775,7.24368421052632,151,69,7,30,190,17315,11405,5910,1343,3928,13387,7.32942862951198,7.63869741341517,6.73260790524535,6.74195743857036,7.40931034877801,7.30598981623964,182
"175",2017,4,7.36147959183673,196,7.54398496240602,6.97619047619048,5.88181818181818,7.44565217391304,7.35028901734104,133,63,11,23,173,17511,11538,5973,1354,3951,13560,7.32978737479299,7.6376056508927,6.73517708354261,6.73496960118168,7.40952190584662,7.30655499041298,183
"176",2017,5,7.30319587628866,194,7.62239316239316,6.81818181818182,6.67222222222222,7.09176470588235,7.348125,117,77,18,34,160,17705,11655,6050,1372,3985,13720,7.32949600225925,7.63745293865294,6.73623350743802,6.73414638483965,7.40681080301129,7.30703977186589,184
"177",2017,6,7.33739130434783,184,7.59279279279279,6.94904109589041,6.52666666666667,7.12916666666667,7.368625,111,73,15,24,160,17889,11766,6123,1387,4009,13880,7.32957721057633,7.63703161652218,6.73877065490772,6.73190255227109,7.40514867797456,7.30774968804035,185
"178",2017,7,7.43534031413613,191,7.72161016949153,6.97260273972603,7.03636363636364,7.236,7.46536144578313,118,73,11,25,166,18080,11884,6196,1398,4034,14046,7.33069450884956,7.63787142376304,6.74152561652679,6.73429816881259,7.4041004090233,7.30961239285206,186
"179",2017,8,7.04728205128205,195,7.29930434782609,6.685,6.7,7.6108,6.96441176470588,115,80,12,25,170,18275,11999,6276,1410,4059,14216,7.32767040875513,7.63462655221269,6.74080508604206,6.73400626950355,7.40537350332594,7.30548436057963,187
"180",2017,9,7.3514470046083,217,7.65412587412587,6.76654054054054,7.04285714285714,7.41878048780488,7.33576136363636,143,74,7,41,176,18492,12142,6350,1417,4100,14392,7.32794942245295,7.63485620161423,6.74110499527559,6.73553199717713,7.40550757317073,7.30585461853808,188
"181",2017,10,7.12932773109244,238,7.45671232876712,6.60978260869565,6.5,6.99230769230769,7.1461320754717,146,92,11,26,212,18730,12288,6442,1428,4126,14604,7.32542555899626,7.63273958333333,6.73922954361999,6.73371767507003,7.40290379301987,7.30353599493289,189
"182",2017,11,7.24349775784753,223,7.56230769230769,6.79784946236559,6.41176470588235,7.226,7.24570707070707,130,93,17,25,198,18953,12418,6535,1445,4151,14802,7.32446160080198,7.63200225479143,6.74006376740627,6.72992999307958,7.40183836424958,7.30276244223753,190
"183",2017,12,7.30345916981132,265,7.59494895705522,6.83764705882353,6.68,6.86698967741935,7.36128205128205,163,102,15,31,234,19218,12581,6637,1460,4182,15036,7.32417199500468,7.63152219060488,6.74156346542112,6.72941701369863,7.39787368005739,7.30367316241021,191
"184",2018,1,7.21000316455696,316,7.46775598086124,6.70654205607477,6.66666666666667,7.51891891891892,7.16903584229391,209,107,18,37,279,19534,12790,6744,1478,4219,15315,7.32232509470666,7.62884610476935,6.7410078173191,6.72865280108254,7.39893522872719,7.30122041593209,192
"185",2018,2,7.41778242677824,239,7.78636363636364,6.86875,5.89285714285714,7.2,7.44322429906542,143,96,14,25,214,19773,12933,6840,1492,4244,15529,7.32347890557831,7.6305877739117,6.74280069005848,6.72081021447721,7.3977633671065,7.30317732436087,193
"186",2018,3,7.35590341121495,214,7.70295235714286,6.69932432432432,6.57272727272727,7.65833333333333,7.31770173684211,140,74,11,24,190,19987,13073,6914,1503,4268,15719,7.32382607344774,7.63136273311405,6.74233536592421,6.71972644045243,7.39922861527648,7.30335288504358,194
"187",2018,4,7.35620416267943,209,7.80018518518519,6.88145217821782,6.88888888888889,7.71764705882353,7.32420140625,108,101,9,17,192,20196,13181,7015,1512,4285,15911,7.32416114081997,7.63274599878613,6.74433833071989,6.72073335978836,7.40049188564761,7.30360446672113,195
"188",2018,5,7.36206896551724,203,7.64065040650407,6.93375,6.79166666666667,7.38548387096774,7.3578488372093,123,80,12,31,172,20399,13304,7095,1524,4316,16083,7.32453837933232,7.63281907772099,6.74647405073996,6.72129188976378,7.40038408943466,7.30418458434372,196
"189",2018,6,7.38959390862944,197,7.66048951048951,6.67222222222222,6.44444444444444,7.72954545454545,7.34685714285714,143,54,9,22,175,20596,13447,7149,1533,4338,16258,7.32516063313265,7.63311333457277,6.74591318925724,6.71966656229615,7.4020534186261,7.30464390884487,197
"190",2018,7,7.38787192090395,177,7.79057054054054,6.71060606060606,6.45454545454545,7.79166666666667,7.32453156862745,111,66,11,24,153,20773,13558,7215,1544,4362,16411,7.3256949756896,7.63440244431332,6.74559021344421,6.71777774611399,7.4041970953691,7.30482932179635,198
"191",2018,8,7.19707317073171,205,7.57177419354839,6.62345679012346,6.25,7.485,7.16594594594595,124,81,12,20,185,20978,13682,7296,1556,4382,16596,7.32443806511584,7.63383484432101,6.74423429139254,6.71417020565553,7.40456589000456,7.30328115208484,199
"192",2018,9,7.32943368932039,206,7.61399476190476,6.88125,6.38461538461539,7.03925925925926,7.37320301675978,126,80,13,27,179,21184,13808,7376,1569,4409,16775,7.32448664416541,7.63365380069525,6.74572036198481,6.71143966857871,7.40232881152189,7.30402726318927,200
"193",2018,10,7.55072398190045,221,7.92901315789474,6.71739130434783,5.98888888888889,7.575,7.54882926829268,152,69,9,16,205,21405,13960,7445,1578,4425,16980,7.32682247465546,7.636869747851,6.74545780926796,6.70731865652725,7.40295315932204,7.30698276442874,201
"194",2018,11,7.31386266094421,233,7.60020134228188,6.80595238095238,6.35714285714286,7.54285714285714,7.28258536585366,149,84,14,28,205,21638,14109,7529,1592,4453,17185,7.32668292217395,7.63648250620171,6.74613273874352,6.70423922110553,7.40383286099259,7.30669172766948,202
"195",2018,12,7.26142574257426,202,7.56430769230769,6.71455555555556,6.36164705882353,7.54761904761905,7.22822099447514,130,72,17,21,181,21840,14239,7601,1609,4474,17366,7.32607935302198,7.6358235606433,6.7458336258387,6.70061954008701,7.40450776262852,7.30587385350685,203
"196",2019,1,7.28864489864865,296,7.56708199029126,6.65133333333333,5.9755,7.53081081081081,7.25404976833977,206,90,20,37,259,22136,14445,7691,1629,4511,17625,7.32557878388146,7.63484323779855,6.74472778442335,6.69171690607735,7.40554372201286,7.30511229673759,204
"197",2019,2,7.38653846153846,208,7.72991452991453,6.94505494505495,6.19444444444444,7.41666666666667,7.38260869565217,117,91,18,24,184,22344,14562,7782,1647,4535,17809,7.32614625671321,7.63560709861283,6.74707034052943,6.68628223436551,7.40560258654906,7.30591297826941,205
"198",2019,3,7.04327188940092,217,7.46278260869565,6.57029411764706,5.67307692307692,6.81551724137931,7.07840425531915,115,102,13,29,188,22561,14677,7884,1660,4564,17997,7.32342546695625,7.63425295155686,6.74478328132927,6.6783474939759,7.40185313978966,7.30353637995221,206
"199",2019,4,7.46737822660099,203,7.85634920634921,6.83088025974026,6.82857142857143,7.79,7.43211901639344,126,77,14,20,183,22764,14803,7961,1674,4584,18180,7.3247091785275,7.63614338782679,6.7456160243688,6.67960384707288,7.40354662521815,7.30483069361936,207
"200",2019,5,7.28234693877551,196,7.55333333333333,6.82575342465753,7.33333333333333,8.065,7.19340909090909,123,73,6,20,176,22960,14926,8034,1680,4604,18356,7.32434754965157,7.63546097882889,6.74634418347025,6.68193859523809,7.40642001086012,7.30376236707343,208
"201",2019,6,7.39396984924623,199,7.64838709677419,6.97333333333333,6.25,7.04285714285714,7.45146198830409,124,75,10,28,171,23159,15050,8109,1690,4632,18527,7.32494579817781,7.63556747973422,6.74844360217043,6.67938274556213,7.40422230785838,7.30512560101473,209
"202",2019,7,7.42647959183673,196,7.71721804511278,6.81269841269841,6.86363636363636,8.08,7.33093567251462,133,63,11,25,171,23355,15183,8172,1701,4657,18698,7.32579789081567,7.63628272212343,6.74893895863925,6.68057427395649,7.40785006012455,7.30536164349128,210
"203",2019,8,7.30213740458015,262,7.75762820512821,6.63179245283019,6.475,7.56521739130435,7.27682008368201,156,106,16,23,239,23617,15339,8278,1717,4680,18937,7.32553540839226,7.63751682443445,6.74743889466054,6.67865861386139,7.4086234465812,7.30500142630828,211
"204",2019,9,7.23214285714286,224,7.53166666666667,6.88653846153846,7.66363636363636,7.18888888888889,7.23807106598985,120,104,11,27,197,23841,15459,8382,1728,4707,19134,7.32465793129483,7.63669516592276,6.74916477809592,6.68492872685185,7.40736301890801,7.30431232413505,212
"205",2019,10,7.1414025974026,231,7.55244604316547,6.52036956521739,6.26428571428571,7.25652173913043,7.12867307692308,139,92,14,23,208,24072,15598,8474,1742,4730,19342,7.32289937437687,7.63594438838312,6.74668080835497,6.68154812858783,7.40662954122622,7.30242353479474,213
"206",2019,11,7.18623793577982,218,7.57823054263566,6.61806887640449,6.33928571428571,6.83157894736842,7.22009984924623,129,89,14,19,199,24290,15727,8563,1756,4749,19541,7.32167285343763,7.63547099319641,6.74534407333878,6.67881938496583,7.40432885449569,7.30158517373727,214
"207",2019,12,7.34194980694981,259,7.60948484848485,6.87234042553191,6.925,7.73076923076923,7.29856223175966,165,94,16,26,233,24549,15892,8657,1772,4775,19774,7.32188678194631,7.63520118990687,6.74672303338339,6.68104223476298,7.40610633089006,7.30154955395974,215
"208",2020,1,7.32186854489164,323,7.6171130875576,6.71745283018868,6.07142857142857,7.32435897435897,7.32152654929577,217,106,14,39,284,24872,16109,8763,1786,4814,20058,7.32188654511097,7.6349575299522,6.74636897181331,6.67626362821948,7.40544406522643,7.30183240701964,216
"209",2020,2,7.27379031620553,253,7.58537206896552,6.85546296296296,6.22222222222222,7.47037037037037,7.25030508849558,145,108,9,27,226,25125,16254,8871,1795,4841,20284,7.32140223283582,7.63451518395472,6.74769713673768,6.67398709749303,7.4058061826069,7.30125830063104,217
"210",2020,3,7.39280057377049,244,7.63628893333333,7.00425531914894,6.76666666666667,6.86071428571429,7.42518843478261,150,94,15,14,230,25369,16404,8965,1810,4855,20514,7.32208894477512,7.63453140331626,6.75038720580033,6.67475516022099,7.40423434191555,7.30264778736472,218
"211",2020,4,7.17380952380952,252,7.4993006993007,6.74678899082569,6.55,6.78181818181818,7.21130434782609,143,109,11,22,230,25621,16547,9074,1821,4877,20744,7.32063051559268,7.63336273282166,6.75034398280802,6.67400155958264,7.4014266413779,7.30163501301581,219
"212",2020,5,7.16466960352423,227,7.57106060606061,6.6,6.00769230769231,7.65882352941177,7.12466666666667,132,95,13,17,210,25848,16679,9169,1834,4894,20954,7.31926084958217,7.63286966484801,6.74878626894972,6.66927853871319,7.4023207458112,7.29986144459291,220
"213",2020,6,7.36408653846154,208,7.76830769230769,6.69038461538462,6.61538461538461,7.96428571428571,7.32077319587629,130,78,13,14,194,26056,16809,9247,1847,4908,21148,7.31961868437212,7.63391713605806,6.74829364118092,6.66889920952896,7.40392374286879,7.30005327737847,221
"214",2020,7,7.25339285714286,224,7.62759689922481,6.74526315789474,6.7,7.48421052631579,7.232,129,95,15,19,205,26280,16938,9342,1862,4927,21353,7.31905420243531,7.6338690010627,6.74826282380647,6.66914975295381,7.40423335295312,7.29939993022058,222
"215",2020,8,7.12720338983051,236,7.58,6.53235294117647,6.75333333333333,6.84166666666667,7.15952830188679,134,102,15,24,212,26516,17072,9444,1877,4951,21565,7.31734667521496,7.63344617736645,6.74593088733587,6.66982250399574,7.4015063078166,7.29802488801298,223
"216",2020,9,7.37008230452675,243,7.61463087248322,6.98244680851064,7.17058823529412,7.275,7.37860986547085,149,94,17,20,223,26759,17221,9538,1894,4971,21788,7.31782557046227,7.6332833830788,6.7482618263787,6.67431723336853,7.400997330517,7.29884967459152,224
"217",2020,10,7.39464874439462,223,7.71287534351145,6.94152173913043,6.83333333333333,7.84,7.34343335,131,92,18,23,200,26982,17352,9630,1912,4994,21988,7.31846049625676,7.63388426751959,6.75010813084112,6.67581424686192,7.4030191690028,7.29925520192832,225
"218",2020,11,7.28968718446602,309,7.60087989847716,6.74232142857143,6.98692307692308,7.44142857142857,7.27030416058394,197,112,13,35,274,27291,17549,9742,1925,5029,22262,7.31813471290902,7.63351377001538,6.75001861014165,6.67791524155844,7.40328648439054,7.29889887341658,226
"219",2020,12,7.34936419753086,324,7.69707246376812,6.73418803418803,5.5875,7.90324137931034,7.29491525423729,207,117,8,29,295,27615,17756,9859,1933,5058,22557,7.3185011207677,7.63425473924307,6.74983074348311,6.67340240041386,7.40615297153025,7.29884677572372,227
"220",2021,1,7.39674464912281,342,7.69100776744186,6.89858267716535,6.5,7.56941176470588,7.37768399350649,215,127,19,34,308,27957,17971,9986,1952,5092,22865,7.31945827950066,7.63493371654332,6.75172254155818,6.67171456967213,7.40724307344855,7.29990874218237,228
"221",2021,2,7.35527272727273,275,7.71432584269663,6.69639175257732,5.80952380952381,7.03939393939394,7.39834710743802,178,97,21,33,242,28232,18149,10083,1973,5125,23107,7.31980713799943,7.63571237092953,6.75119025091738,6.66253767866193,7.40487448390244,7.30093968883888,229
"222",2021,3,7.4618870661157,242,7.74196883040936,6.78732394366197,6.81666666666667,7.24807692307692,7.48762347222222,171,71,6,26,216,28474,18320,10154,1979,5151,23323,7.32101467268385,7.63670417521834,6.75144290919834,6.66300497220818,7.404083038245,7.30266861295716,230
"223",2021,4,7.28423236514523,241,7.55993150684932,6.86052631578947,6.66538461538462,7.2304347826087,7.28990825688073,146,95,13,23,218,28715,18466,10249,1992,5174,23541,7.320705965175,7.63609717805697,6.7524540247829,6.66302050200803,7.40331111905682,7.30255044645512,231
"224",2021,5,7.40763834008097,247,7.7632067721519,6.77640449438202,6.33333333333333,7.45,7.40178188940092,158,89,6,30,217,28962,18624,10338,1998,5204,23758,7.32144736067951,7.63717553479381,6.75266021474173,6.66203045045045,7.40358027094543,7.30345680318208,232
"225",2021,6,7.42239130434783,230,7.73967741935484,6.76666666666667,6.24444444444444,7.51,7.41170731707317,155,75,9,25,205,29192,18779,10413,2007,5229,23963,7.32224268498219,7.63802157516374,6.75276109670604,6.66015786746387,7.40408906674316,7.30438287067562,233
"226",2021,7,7.39927080357143,224,7.58100248120301,7.13366296703297,6.575,7.072,7.44038522613065,133,91,8,25,199,29416,18912,10504,2015,5254,24162,7.32282924666848,7.63762058428511,6.75606098914699,6.65981977171216,7.40250889417587,7.30550299602682,234
"227",2021,8,7.32796052631579,228,7.59429949275362,6.91957411111111,7.29090909090909,7.87,7.27584134615385,138,90,11,20,208,29644,19050,10594,2026,5274,24370,7.32286871272433,7.63730676220472,6.75745009439305,6.66324621915104,7.40428170838074,7.30524983135002,235
"228",2021,9,7.29367374468085,235,7.690729140625,6.81869158878505,7.03125,7.82222222222222,7.22506408653846,128,107,16,27,208,29879,19178,10701,2042,5301,24578,7.32263909267378,7.63766331994994,6.75806245210728,6.6661296963761,7.40641043765327,7.30457123118236,236
"229",2021,10,7.29168831168831,231,7.69152777777778,6.62988505747126,6.53125,7.1695652173913,7.30519230769231,144,87,16,23,208,30110,19322,10788,2058,5324,24786,7.32240164231152,7.6380647526136,6.75702876344086,6.66508106899903,7.40538725206612,7.30457644315339,237
"230",2021,11,7.30384627306273,271,7.61763297619048,6.79203883495146,5.80272727272727,7.3696875,7.29503071129707,168,103,11,32,239,30381,19490,10891,2069,5356,25025,7.32223612751391,7.63788863468445,6.75735986594436,6.66049629772837,7.40517396004481,7.30448527712287,238
"231",2021,12,7.24129525280899,356,7.5322716,6.74152671755725,6.41857142857143,7.31142857142857,7.23364831775701,225,131,14,35,321,30737,19715,11022,2083,5391,25346,7.32129865959593,7.63668326654831,6.75717168390492,6.65887030244839,7.40456533667223,7.30358814684763,239
"232",2022,1,7.26175997971602,493,7.53334818493151,6.86721393034826,6.716,7.35301886792453,7.25076743181818,292,201,25,53,440,31230,20007,11223,2108,5444,25786,7.32035877585655,7.63517510221422,6.75914250200481,6.65954783681214,7.40406350661279,7.3026868393702,240
"233",2022,2,7.31102661596958,263,7.58259493670886,6.90238095238095,6.66666666666667,7.50142857142857,7.28179824561404,158,105,9,35,228,31493,20165,11328,2117,5479,26014,7.32028084240942,7.63476311777832,6.76047018891243,6.65957810108644,7.40468547727688,7.30250376105174,241
"234",2022,3,7.4331536328125,256,7.66786490196078,7.08450485436893,6.73990909090909,6.98275862068965,7.49069308370044,153,103,11,29,227,31749,20318,11431,2128,5508,26241,7.32119096349491,7.63501238310857,6.76338993088969,6.65999334586466,7.40246400326798,7.30413170877634,242
"235",2022,4,7.46489795918367,245,7.76274509803922,6.9695652173913,7.1,7.9125,7.41628959276018,153,92,5,24,221,31994,20471,11523,2133,5532,26462,7.32229142651747,7.63596705583508,6.76503604096155,6.66102477262072,7.40467674078091,7.30506840639407,243
"236",2022,5,7.32267527675277,271,7.7903313253012,6.58333333333333,5.72727272727273,7.07142857142857,7.35162551440329,166,105,11,28,243,32265,20637,11628,2144,5560,26705,7.32229465055013,7.63720873188932,6.76339527863777,6.65623406716418,7.40299851258993,7.30549204905448,244
"237",2022,6,7.2039609623431,239,7.55901963235294,6.73514563106796,6.05833333333333,6.73529411764706,7.23984986486486,136,103,12,17,222,32504,20773,11731,2156,5577,26927,7.32142454990155,7.63669683098252,6.76314724234933,6.65290623376623,7.4009631934732,7.30495086121736,245
"238",2022,7,7.26466926070039,257,7.62692307692308,6.89385826771654,5.97272727272727,7.6,7.23012875536481,130,127,11,24,233,32761,20903,11858,2167,5601,27160,7.32097932205976,7.6366360460221,6.76454716646989,6.64945354868482,7.40181605606142,7.30430897790869,246
"239",2022,8,7.25573743772242,281,7.55953425149701,6.81070175438597,6.92666666666667,6.89333333333333,7.29426070866142,167,114,12,27,254,33042,21070,11972,2179,5628,27414,7.32042448368743,7.63602494019933,6.76498666054126,6.65098019274897,7.39937664001422,7.30421587728897,247
"240",2022,9,7.13271102661597,263,7.45776129032258,6.6662037037037,6.325,7.23126923076923,7.12189873417721,155,108,4,26,237,33305,21225,12080,2183,5654,27651,7.31894216453986,7.63472313262662,6.76410350165563,6.65038288593678,7.39860359568447,7.30265321543525,248
"241",2022,10,7.35085049382716,243,7.66150465277778,6.8989898989899,6.78214285714286,7.57714285714286,7.31277245192308,144,99,14,35,208,33548,21369,12179,2197,5689,27859,7.3191732878264,7.63490360615845,6.76519995894573,6.65122250341375,7.39970200914045,7.30272876736422,249
"242",2022,11,7.26342857142857,245,7.52272727272727,6.82461538461538,6.31166666666667,7.16538461538462,7.27506849315068,154,91,12,26,219,33793,21523,12270,2209,5715,28078,7.31876913739532,7.63410096919574,6.76564061124694,6.64937792666365,7.39863599825022,7.30251302550039,250
"243",2022,12,7.34349568181818,308,7.51968015151515,7.02636363636364,6.27,7.55,7.32604461267606,198,110,10,24,284,34101,21721,12380,2219,5739,28362,7.31899246737632,7.63305795451406,6.76795721324717,6.64766824695809,7.39926898937097,7.30274865665327,251
