"","year","month","avg_rating","no_ratings","avg_rating_owned","avg_rating_not_owned","avg_rating_prev_owned","avg_rating_comment","avg_rating_no_comment","no_ratings_owned","no_ratings_not_owned","no_ratings_prev_owned","no_ratings_comment","no_ratings_no_comment","cum_no_ratings","cum_no_ratings_owned","cum_no_ratings_not_owned","cum_no_ratings_prev_owned","cum_no_ratings_comment","cum_no_ratings_no_comment","cum_avg_rating","cum_avg_rating_owned","cum_avg_rating_not_owned","cum_avg_rating_prev_owned","cum_avg_rating_comment","cum_avg_rating_no_comment","month_after_release"
"1",2001,6,6,1,6,NA,NA,NA,6,1,0,0,0,1,1,1,0,0,0,1,6,6,NA,NA,NA,6,0
"2",2001,9,8.66666666666667,3,8.66666666666667,NA,NA,8,10,3,0,0,2,1,4,4,0,0,2,2,8,8,NA,NA,8,8,3
"3",2001,10,8,1,8,NA,NA,NA,8,1,0,0,0,1,5,5,0,0,2,3,8,8,NA,NA,8,8,4
"4",2001,12,7,1,7,NA,NA,NA,7,1,0,0,0,1,6,6,0,0,2,4,7.83333333333333,7.83333333333333,NA,NA,8,7.75,6
"5",2002,2,9,1,9,NA,NA,9,NA,1,0,0,1,0,7,7,0,0,3,4,8,8,NA,NA,8.33333333333333,7.75,8
"6",2002,3,8,1,8,NA,NA,NA,8,1,0,0,0,1,8,8,0,0,3,5,8,8,NA,NA,8.33333333333333,7.8,9
"7",2002,6,9,1,9,NA,NA,NA,9,1,0,0,0,1,9,9,0,0,3,6,8.11111111111111,8.11111111111111,NA,NA,8.33333333333333,8,12
"8",2002,8,7,1,NA,7,NA,7,NA,0,1,0,1,0,10,9,1,0,4,6,8,8.11111111111111,7,NA,8,8,14
"9",2002,12,8,1,8,NA,NA,NA,8,1,0,0,0,1,11,10,1,0,4,7,8,8.1,7,NA,8,8,18
"10",2003,1,9,1,9,NA,NA,9,NA,1,0,0,1,0,12,11,1,0,5,7,8.08333333333333,8.18181818181818,7,NA,8.2,8,19
"11",2003,2,7,1,NA,7,7,NA,7,0,1,1,0,1,13,11,2,1,5,8,8,8.18181818181818,7,7,8.2,7.875,20
"12",2003,3,7,1,7,NA,NA,7,NA,1,0,0,1,0,14,12,2,1,6,8,7.92857142857143,8.08333333333333,7,7,8,7.875,21
"13",2003,4,7.5,3,8.25,6,NA,8,7.25,2,1,0,1,2,17,14,3,1,7,10,7.85294117647059,8.10714285714286,6.66666666666667,7,8,7.75,22
"14",2003,5,3.5,2,5,2,NA,2,5,1,1,0,1,1,19,15,4,1,8,11,7.39473684210526,7.9,5.5,7,7.25,7.5,23
"15",2003,7,6.27777777777778,9,7,5.91666666666667,NA,6.125,6.4,3,6,0,4,5,28,18,10,1,12,16,7.03571428571429,7.75,5.75,7,6.875,7.15625,25
"16",2003,8,5.25,4,6,5,NA,7,4.66666666666667,1,3,0,1,3,32,19,13,1,13,19,6.8125,7.65789473684211,5.57692307692308,7,6.88461538461539,6.76315789473684,26
"17",2003,9,7.7,1,7.7,NA,NA,NA,7.7,1,0,0,0,1,33,20,13,1,13,20,6.83939393939394,7.66,5.57692307692308,7,6.88461538461539,6.81,27
"18",2003,10,6.33333333333333,3,8,5.5,NA,7,6,1,2,0,1,2,36,21,15,1,14,22,6.79722222222222,7.67619047619048,5.56666666666667,7,6.89285714285714,6.73636363636364,28
"19",2003,11,6.25,2,7.5,5,NA,7.5,5,1,1,0,1,1,38,22,16,1,15,23,6.76842105263158,7.66818181818182,5.53125,7,6.93333333333333,6.66086956521739,29
"20",2003,12,7.33333333333333,3,7.33333333333333,NA,NA,NA,7.33333333333333,3,0,0,0,3,41,25,16,1,15,26,6.80975609756098,7.628,5.53125,7,6.93333333333333,6.73846153846154,30
"21",2004,1,6.625,4,7.5,6.33333333333333,NA,5.5,7.75,1,3,0,2,2,45,26,19,1,17,28,6.79333333333333,7.62307692307692,5.65789473684211,7,6.76470588235294,6.81071428571429,31
"22",2004,2,5.33333333333333,6,7,3.66666666666667,NA,5.5,5.25,3,3,0,2,4,51,29,22,1,19,32,6.62156862745098,7.55862068965517,5.38636363636364,7,6.63157894736842,6.615625,32
"23",2004,3,6.22222222222222,9,6.75,5.8,NA,6,6.33333333333333,4,5,0,3,6,60,33,27,1,22,38,6.56166666666667,7.46060606060606,5.46296296296296,7,6.54545454545455,6.57105263157895,33
"24",2004,4,6.14285714285714,7,7,5.5,NA,6.5,5.66666666666667,3,4,0,4,3,67,36,31,1,26,41,6.51791044776119,7.42222222222222,5.46774193548387,7,6.53846153846154,6.50487804878049,34
"25",2004,5,6.77666666666667,6,7.5,5.33,NA,6.532,8,4,2,0,5,1,73,40,33,1,31,42,6.53917808219178,7.43,5.45939393939394,7,6.53741935483871,6.54047619047619,35
"26",2004,6,6.875,6,6.875,NA,NA,7.08333333333333,6.66666666666667,6,0,0,3,3,79,46,33,1,34,45,6.5646835443038,7.35760869565217,5.45939393939394,7,6.58558823529412,6.54888888888889,36
"27",2004,7,7,3,8.5,4,NA,7,7,2,1,0,2,1,82,48,34,1,36,46,6.58060975609756,7.40520833333333,5.41647058823529,7,6.60861111111111,6.55869565217391,37
"28",2004,8,7.42857142857143,7,7.5,7,7,7.66666666666667,7.25,6,1,1,3,4,89,54,35,2,39,50,6.64730337078652,7.41574074074074,5.46171428571429,7,6.69,6.614,38
"29",2004,9,7.66666666666667,3,8.5,6,6,8.5,6,2,1,1,2,1,92,56,36,3,41,51,6.68054347826087,7.45446428571429,5.47666666666667,6.66666666666667,6.77829268292683,6.60196078431373,39
"30",2004,10,7.2,5,7.25,7,NA,6,7.5,4,1,0,1,4,97,60,37,3,42,55,6.70731958762887,7.44083333333333,5.51783783783784,6.66666666666667,6.75976190476191,6.66727272727273,40
"31",2004,11,7.5,9,8.21428571428571,5,NA,9,7.07142857142857,7,2,0,2,7,106,67,39,3,44,62,6.77462264150943,7.52164179104478,5.49128205128205,6.66666666666667,6.86159090909091,6.71290322580645,41
"32",2004,12,5.41666666666667,6,6.83333333333333,4,NA,4.5,7.25,3,3,0,4,2,112,70,42,3,48,64,6.701875,7.49214285714286,5.3847619047619,6.66666666666667,6.66479166666667,6.7296875,42
"33",2005,1,6.9,10,8.4,5.4,NA,7.66666666666667,6.57142857142857,5,5,0,3,7,122,75,47,3,51,71,6.71811475409836,7.55266666666667,5.3863829787234,6.66666666666667,6.72372549019608,6.71408450704225,43
"34",2005,2,5.45,5,6.875,4.5,6.5,6.0625,3,2,3,1,4,1,127,77,50,4,55,72,6.66818897637795,7.53506493506494,5.3332,6.625,6.67563636363636,6.6625,44
"35",2005,3,6.375,4,7.16666666666667,4,NA,7.16666666666667,4,3,1,0,3,1,131,80,51,4,58,73,6.65923664122137,7.52125,5.30705882352941,6.625,6.70103448275862,6.62602739726027,45
"36",2005,4,6,7,6.5,4.75,NA,6.83333333333333,5.375,5,2,0,3,4,138,85,53,4,61,77,6.62579710144927,7.46117647058824,5.28603773584906,6.625,6.70754098360656,6.56103896103896,46
"37",2005,5,7.44285714285714,7,7.68333333333333,6,6,7,7.51666666666667,6,1,1,1,6,145,91,54,5,62,83,6.66524137931034,7.47582417582418,5.29925925925926,6.5,6.71225806451613,6.63012048192771,47
"38",2005,6,5.75,4,NA,5.75,NA,5.75,NA,0,4,0,4,0,149,91,58,5,66,83,6.6406711409396,7.47582417582418,5.33034482758621,6.5,6.65393939393939,6.63012048192771,48
"39",2005,7,5.5,3,5.75,5,NA,5.5,NA,2,1,0,3,0,152,93,59,5,69,83,6.61815789473684,7.43870967741936,5.32474576271186,6.5,6.60376811594203,6.63012048192771,49
"40",2005,8,6.8,5,8,5,NA,8,5,3,2,0,3,2,157,96,61,5,72,85,6.62394904458599,7.45625,5.31409836065574,6.5,6.66194444444444,6.59176470588235,50
"41",2005,9,6.24,5,6.56666666666667,5.75,6.5,6.5,6.175,3,2,1,1,4,162,99,63,6,73,89,6.6120987654321,7.42929292929293,5.32793650793651,6.5,6.65972602739726,6.57303370786517,51
"42",2005,10,6.08333333333333,6,6.33333333333333,5.83333333333333,5.75,7,5.16666666666667,3,3,2,3,3,168,102,66,8,76,92,6.59321428571429,7.39705882352941,5.35090909090909,6.3125,6.67315789473684,6.52717391304348,52
"43",2005,11,5.68333333333333,15,5.6875,5.67857142857143,6.75,6.67857142857143,4.8125,8,7,2,7,8,183,110,73,10,83,100,6.51863387978142,7.27272727272727,5.38232876712329,6.4,6.67361445783133,6.39,53
"44",2005,12,6,6,6.75,4.5,NA,5.9,6.5,4,2,0,5,1,189,114,75,10,88,101,6.50216931216931,7.25438596491228,5.3588,6.4,6.62965909090909,6.39108910891089,54
"45",2006,1,6.44444444444444,9,7.33333333333333,4.66666666666667,8,6.5,6.33333333333333,6,3,1,6,3,198,120,78,11,94,104,6.49954545454545,7.25833333333333,5.33217948717949,6.54545454545455,6.62138297872341,6.38942307692308,55
"46",2006,2,6.3,5,7,6.125,8,6.625,5,1,4,1,4,1,203,121,82,12,98,105,6.49463054187192,7.25619834710744,5.37085365853658,6.66666666666667,6.6215306122449,6.37619047619048,56
"47",2006,3,6.54166666666667,12,6.85714285714286,6.1,NA,6.9375,5.75,7,5,0,8,4,215,128,87,12,106,109,6.49725581395349,7.234375,5.41275862068965,6.66666666666667,6.64537735849057,6.35321100917431,57
"48",2006,4,6.75,10,7.1,6.4,8,6.8,6.7,5,5,1,5,5,225,133,92,13,111,114,6.50848888888889,7.22932330827068,5.46641304347826,6.76923076923077,6.65234234234234,6.36842105263158,58
"49",2006,5,7,7,7.33333333333333,6.75,6,6.5,7.2,3,4,1,2,5,232,136,96,14,113,119,6.52331896551724,7.23161764705882,5.51989583333333,6.71428571428571,6.64964601769912,6.40336134453782,59
"50",2006,6,7.28571428571429,7,7.8,6,6,8,6.33333333333333,5,2,1,4,3,239,141,98,15,117,122,6.54564853556485,7.25177304964539,5.52969387755102,6.66666666666667,6.69581196581197,6.4016393442623,60
"51",2006,7,7,8,7.25,6.75,NA,6.625,7.375,4,4,0,4,4,247,145,102,15,121,126,6.56036437246964,7.25172413793103,5.57754901960784,6.66666666666667,6.69347107438017,6.43253968253968,61
"52",2006,8,6.54166666666667,12,7.75,5.9375,NA,6.58333333333333,6.5,4,8,0,6,6,259,149,110,15,127,132,6.55949806949807,7.26510067114094,5.60372727272727,6.66666666666667,6.68826771653543,6.43560606060606,62
"53",2006,9,5.38888888888889,9,5.5,5.33333333333333,NA,5.6,5.125,3,6,0,5,4,268,152,116,15,132,136,6.52018656716418,7.23026315789474,5.58974137931034,6.66666666666667,6.64704545454545,6.39705882352941,63
"54",2006,10,6.79090909090909,11,7.175,6.57142857142857,5.33333333333333,7.08333333333333,6.44,4,7,3,6,5,279,156,123,18,138,141,6.53086021505376,7.22884615384615,5.64560975609756,6.44444444444444,6.66601449275362,6.39858156028369,64
"55",2006,11,7.16666666666667,9,7.78571428571429,5,NA,7.875,6.6,7,2,0,4,5,288,163,125,18,142,146,6.55072916666667,7.25276073619632,5.63528,6.44444444444444,6.70007042253521,6.4054794520548,65
"56",2006,12,6.72727272727273,11,6.64285714285714,6.875,7,6.375,6.92857142857143,7,4,1,4,7,299,170,129,19,146,153,6.55722408026756,7.22764705882353,5.67372093023256,6.47368421052632,6.69116438356164,6.42941176470588,66
"57",2007,1,5.91304347826087,23,6.90909090909091,5,7.66666666666667,6.0625,5.83333333333333,11,12,3,8,15,322,181,141,22,154,168,6.51121118012422,7.20828729281768,5.6163829787234,6.63636363636364,6.65850649350649,6.37619047619048,67
"58",2007,2,6.016913,10,6.5,5.694855,NA,4.8,7.233826,4,6,0,5,5,332,185,147,22,159,173,6.49632268072289,7.19297297297297,5.61958591836735,6.63636363636364,6.60006289308176,6.4009776300578,68
"59",2007,3,6.55555555555556,9,7.6,5.25,6,6.25,6.8,5,4,1,4,5,341,190,151,23,163,178,6.4978860117302,7.20368421052632,5.60979556291391,6.60869565217391,6.59147239263804,6.41218612359551,69
"60",2007,4,7.125,8,7.33333333333333,6.5,6,7,7.25,6,2,1,4,4,349,196,153,24,167,182,6.51226111747851,7.20765306122449,5.62143222222222,6.58333333333333,6.60125748502994,6.43059961538462,70
"61",2007,5,6.55,12,6.95555555555556,5.33333333333333,8,6.7,6.25,9,3,1,8,4,361,205,156,25,175,186,6.51351559556787,7.19658536585366,5.61589185897436,6.64,6.60577142857143,6.42671575268817,71
"62",2007,6,6.55454545454545,11,6.75,6.32,8.6,6.375,6.65714285714286,6,5,1,4,7,372,211,161,26,179,193,6.51472884408602,7.18388625592417,5.63775857142857,6.71538461538462,6.60061452513966,6.43507321243523,72
"63",2007,7,7.29166666666667,12,7.78571428571429,6.6,8.5,7.75,6.375,7,5,1,8,4,384,218,166,27,187,197,6.53900815104167,7.20321100917431,5.66674174698795,6.78148148148148,6.64978609625668,6.43385345177665,73
"64",2007,8,6.81285714285714,14,7.39125,6.04166666666667,7.5,6.30428571428571,7.32142857142857,8,6,2,7,7,398,226,172,29,194,204,6.54864103015075,7.20986725663717,5.67982052325581,6.83103448275862,6.63731958762887,6.46430946078431,74
"65",2007,9,6.11111111111111,18,7.0625,5.35,4.5,7,5.4,8,10,2,8,10,416,234,182,31,202,214,6.52970944711538,7.20482905982906,5.66169851648352,6.68064516129032,6.65168316831683,6.41457537383178,75
"66",2007,10,7.07692307692308,13,7.5625,6.3,5,7.2,7,8,5,2,5,8,429,242,187,33,207,222,6.54629167832168,7.21665289256198,5.67876540106952,6.57878787878788,6.66492753623188,6.43567175675676,76
"67",2007,11,6.76470588235294,17,7.11111111111111,6.375,NA,7.41666666666667,6.40909090909091,9,8,0,6,11,446,251,195,33,213,233,6.55461688340807,7.21286852589641,5.70732887179487,6.57878787878788,6.68610328638498,6.43441686695279,77
"68",2007,12,6.112,25,6.44615384615385,5.75,7,6.6,5.58333333333333,13,12,3,13,12,471,264,207,36,226,245,6.53112341825902,7.17511363636364,5.70980256038647,6.61388888888889,6.68115044247788,6.39273114285714,78
"69",2008,1,6.30952380952381,21,7.0875,5.83076923076923,7.33333333333333,6.27,6.34545454545455,8,13,3,10,11,492,272,220,39,236,256,6.52166489837398,7.17253676470588,5.71695059090909,6.66923076923077,6.66372881355932,6.3906997265625,79
"70",2008,2,7.57142857142857,7,7.7,7.25,NA,7.9,6.75,5,2,0,5,2,499,277,222,39,241,258,6.53639104208417,7.18205776173285,5.73076184684685,6.66923076923077,6.689377593361,6.393485,80
"71",2008,3,5.58333333333333,12,7.125,4.8125,NA,6.875,4.9375,4,8,0,4,8,511,281,230,39,245,266,6.51401003913894,7.18124555160142,5.69882230434783,6.66923076923077,6.69240816326531,6.34969597744361,81
"72",2008,4,6.97692307692308,13,7.07,6.66666666666667,6.85,6.85555555555556,7.25,10,3,2,9,4,524,291,233,41,254,270,6.52549452290076,7.17742268041237,5.71128381974249,6.6780487804878,6.69818897637795,6.36303381481481,82
"73",2008,5,6.45333333333333,15,7.25,4.86,5,5.8,6.78,10,5,1,5,10,539,301,238,42,259,280,6.52348632653061,7.17983388704319,5.69339970588235,6.63809523809524,6.68084942084942,6.37792546428571,83
"74",2008,6,6.36363636363636,11,7.5,5,7,6.66666666666667,5,6,5,1,9,2,550,307,243,43,268,282,6.52028932727273,7.18609120521173,5.67913222222222,6.64651162790698,6.68037313432836,6.36815294326241,84
"75",2008,7,6.12307692307692,13,6.9,4.375,7,6.22857142857143,6,9,4,1,7,6,563,316,247,44,275,288,6.51111746003552,7.17794303797468,5.65801267206478,6.65454545454545,6.66887272727273,6.36048309027778,85
"76",2008,8,5.52777777777778,18,6.58333333333333,5,5.25,4.57142857142857,6.13636363636364,6,12,4,7,11,581,322,259,48,282,299,6.48065254733219,7.16686335403727,5.6275255984556,6.5375,6.6168085106383,6.35223789297659,86
"77",2008,9,6.34615384615385,13,6.7,6.125,NA,5.92857142857143,6.83333333333333,5,8,0,7,6,594,327,267,48,289,305,6.47770897306397,7.1597247706422,5.64243119850187,6.5375,6.6001384083045,6.36170206557377,87
"78",2008,10,6.49375,16,6.75,6.06666666666667,6.4,6.66666666666667,6.39,10,6,6,6,10,610,337,273,54,295,315,6.47812972131148,7.14756676557864,5.65175505494506,6.52222222222222,6.60149152542373,6.36260041269841,88
"79",2008,11,6.09375,16,6.66666666666667,5.96153846153846,6.4,5.75,6.3,3,13,5,6,10,626,340,286,59,301,325,6.46830531948882,7.14332352941176,5.66583611888112,6.51186440677966,6.58451827242525,6.36067424615385,89
"80",2008,12,7,18,7.6,6.25,6,7.375,6.7,10,8,1,8,10,644,350,294,60,309,335,6.48316635093168,7.15637142857143,5.68173173469388,6.50333333333333,6.60498381877023,6.37080337313433,90
"81",2009,1,6.80789473684211,19,6.90625,6.73636363636364,6.57142857142857,7.40909090909091,5.98125,8,11,7,11,8,663,358,305,67,320,343,6.49247229260935,7.15078212290503,5.71976763934426,6.51044776119403,6.632625,6.36171758017493,91
"82",2009,2,6.31875,24,7.05,5.45454545454545,5.83333333333333,6.1875,6.384375,13,11,3,8,16,687,371,316,70,328,359,6.4864033915575,7.14725067385445,5.71053522151899,6.48142857142857,6.62176829268293,6.3627273816156,92
"83",2009,3,5.92352941176471,17,6.52,5.07142857142857,6,6.8,5.55833333333333,10,7,1,5,12,704,381,323,71,333,371,6.47281126420455,7.1307874015748,5.6966846130031,6.47464788732394,6.62444444444444,6.33670924528302,93
"84",2009,4,6.62578947368421,19,6.81125,6.49090909090909,6.625,6.98428571428571,6.41666666666667,8,11,4,7,12,723,389,334,75,340,383,6.4768314384509,7.12421593830334,5.72284170658683,6.48266666666667,6.63185294117647,6.3392144386423,94
"85",2009,5,6.42857142857143,14,6.875,5.83333333333333,5.66666666666667,6.7,6.27777777777778,8,6,3,5,9,737,397,340,78,345,392,6.47591469470828,7.11919395465995,5.72479155882353,6.45128205128205,6.63284057971014,6.33780390306122,95
"86",2009,6,6.45,22,6.60769230769231,6.22222222222222,6.125,5.89,6.91666666666667,13,9,4,10,12,759,410,349,82,355,404,6.47516354413702,7.1029756097561,5.73761928366762,6.43536585365854,6.61191549295775,6.35499784653465,96
"87",2009,7,5.825,16,7.02857142857143,4.88888888888889,3.5,5.57,6.25,7,9,2,10,6,775,417,358,84,365,410,6.46174081290323,7.10172661870503,5.71628248603352,6.36547619047619,6.5833698630137,6.35346129268293,97
"88",2009,8,6.5,11,6.125,6.71428571428571,7.66666666666667,7,6.3125,4,7,3,3,8,786,421,365,87,368,418,6.46227624681934,7.09244655581948,5.7354222739726,6.41034482758621,6.58676630434782,6.35267734449761,98
"89",2009,9,6.58333333333333,18,6.32857142857143,6.74545454545455,6.56666666666667,6.91666666666667,6.41666666666667,7,11,3,6,12,804,428,376,90,374,430,6.4649864800995,7.07995327102804,5.76497109042553,6.41555555555556,6.59205882352941,6.35446309302325,99
"90",2009,10,6.28260869565217,23,6.875,5.63636363636364,5.6,6.625,6.21052631578947,12,11,5,4,19,827,440,387,95,378,449,6.45991430471584,7.07436363636364,5.76131558139535,6.37263157894737,6.59240740740741,6.34837222717149,100
"91",2009,11,6.1625,24,7.625,5.43125,5,5.41666666666667,6.41111111111111,8,16,3,6,18,851,448,403,98,384,467,6.45152659224442,7.08419642857143,5.74821124069479,6.33061224489796,6.57403645833333,6.35079042826552,101
"92",2009,12,5.65909090909091,22,6.6875,5.07142857142857,4.42857142857143,6,5.64285714285714,8,14,7,1,21,873,456,417,105,385,488,6.43155684994273,7.07723684210526,5.72548952038369,6.20380952380952,6.57254545454545,6.32032608606557,102
"93",2010,1,6.79210526315789,19,7.25555555555556,6.375,5.8,6.875,6.77,9,10,5,4,15,892,465,427,110,389,503,6.43923669282511,7.08068817204301,5.74070053864169,6.18545454545455,6.57565552699229,6.33373584493042,103
"94",2010,2,6.11764705882353,17,6.42857142857143,5.9,6.28333333333333,5.6,6.33333333333333,7,10,6,5,12,909,472,437,116,394,515,6.43322236523652,7.07101694915254,5.74434583524027,6.19051724137931,6.56327411167512,6.33372646601942,104
"95",2010,3,5.33333333333333,6,7.5,4.25,7,8,4,2,4,1,2,4,915,474,441,117,396,519,6.42600997814208,7.07282700421941,5.73079167800454,6.1974358974359,6.5705303030303,6.31574013487476,105
"96",2010,4,6.13888888888889,18,6.66666666666667,5.875,5.42857142857143,6.85714285714286,5.68181818181818,6,12,7,7,11,933,480,453,124,403,530,6.42047066452304,7.06775,5.73461176600441,6.15403225806452,6.57550868486352,6.30258326415094,106
"97",2010,5,6.00454545454545,22,6.85384615384615,4.77777777777778,7.5,5.90909090909091,6.1,13,9,1,11,11,955,493,462,125,414,541,6.41088914136126,7.06210953346856,5.71597214285714,6.1648,6.55780193236715,6.29846419593346,107
"98",2010,6,6.09090909090909,11,6.5,6,6.83333333333333,7,5.75,2,9,6,3,8,966,495,471,131,417,549,6.40724547619048,7.05983838383838,5.72139942675159,6.19541984732824,6.56098321342925,6.29047200364299,108
"99",2010,7,5.88888888888889,9,7,5.33333333333333,6,NA,5.88888888888889,3,6,1,0,9,975,498,477,132,417,558,6.40246064615385,7.05947791164659,5.71651809224319,6.19393939393939,6.56098321342925,6.28399485663082,109
"100",2010,8,6.15384615384615,13,7.2,5.5,4,5,6.66666666666667,5,8,2,4,9,988,503,485,134,421,567,6.39918940283401,7.06087475149105,5.71294665979381,6.16119402985075,6.54615201900237,6.29006901234568,110
"101",2010,9,6.83333333333333,6,7,6,NA,8,6.6,5,1,0,1,5,994,508,486,134,422,572,6.40180998993964,7.06027559055118,5.71353730452675,6.16119402985075,6.5495971563981,6.2927781993007,111
"102",2010,10,5.79411764705882,17,6.77777777777778,4.6875,NA,5,5.96428571428571,9,8,0,3,14,1011,517,494,134,425,586,6.39159162215628,7.05535783365571,5.69692131578947,6.16119402985075,6.53865882352941,6.2849302559727,112
"103",2010,11,6.47826086956522,23,7.16666666666667,6.03571428571429,6.16666666666667,5.92857142857143,6.71875,9,14,3,7,16,1034,526,508,137,432,602,6.39351946808511,7.05726235741445,5.70625812992126,6.16131386861314,6.52877314814815,6.29646034883721,113
"104",2010,12,6.69411764705882,17,6.85714285714286,6.58,6.5,7,6.65333333333333,7,10,2,2,15,1051,533,518,139,434,617,6.39838166508088,7.05463414634146,5.72312573359073,6.16618705035971,6.53094470046083,6.30513635332253,114
"105",2011,1,5.68421052631579,19,7.0625,4.68181818181818,4,5.8125,5.59090909090909,8,11,2,8,11,1070,541,529,141,442,628,6.38570012149533,7.05475046210721,5.70147283553875,6.1354609929078,6.51794117647059,6.29262600318471,115
"106",2011,2,5.76875,16,5.82857142857143,5.72222222222222,6.16666666666667,6.1,5.61818181818182,7,9,3,5,11,1086,548,538,144,447,639,6.37661061694291,7.03908759124088,5.70181994423792,6.13611111111111,6.51326621923937,6.28101585289515,116
"107",2011,3,5.81904761904762,21,6.67777777777778,5.175,5.42,6.66666666666667,5.48,9,12,5,6,15,1107,557,550,149,453,654,6.36603354110208,7.03324955116697,5.69032569090909,6.11208053691275,6.51529801324503,6.26264392966361,117
"108",2011,4,5.41923076923077,13,6,5.31363636363636,5.84,5.49285714285714,5.33333333333333,2,11,5,7,6,1120,559,561,154,460,660,6.35504386607143,7.02955277280859,5.68293962566845,6.10324675324675,6.49973913043478,6.25419565151515,118
"109",2011,5,5.5625,16,6.5,4.35714285714286,4.75,6,5.46153846153846,9,7,4,3,13,1136,568,568,158,463,673,6.34388127640845,7.02116197183099,5.66660058098591,6.06898734177215,6.4965010799136,6.23888429420505,119
"110",2011,6,6.15555555555556,9,6.66666666666667,5.9,NA,NA,6.15555555555556,3,6,0,0,9,1145,571,574,158,463,682,6.34240098689956,7.01929947460595,5.66904029616725,6.06898734177215,6.4965010799136,6.23778464809384,120
"111",2011,7,6.13636363636364,11,6.5,5.83333333333333,5.33333333333333,5,6.38888888888889,5,6,3,2,9,1156,576,580,161,465,691,6.34044042387543,7.01479166666667,5.67073987931034,6.05527950310559,6.49006451612903,6.23975272069464,121
"112",2011,8,6.39473684210526,19,8.07142857142857,5.41666666666667,6,7.08333333333333,6.07692307692308,7,12,3,6,13,1175,583,592,164,471,704,6.34131840851064,7.02747855917667,5.66558974662162,6.05426829268293,6.4976220806794,6.23674592329545,122
"113",2011,9,6.11111111111111,9,8,5.16666666666667,5.75,7,6,3,6,4,1,8,1184,586,598,168,472,712,6.33956852195946,7.03245733788396,5.66058382943144,6.04702380952381,6.49868644067796,6.23408585674157,123
"114",2011,10,5.97222222222222,18,6.42857142857143,5.68181818181818,6.5,6.75,5.75,7,11,5,4,14,1202,593,609,173,476,726,6.33406749584027,7.02532883642496,5.6609673727422,6.06011560693642,6.50079831932773,6.22475086776859,124
"115",2011,11,5.71052631578947,19,6.5,5,6.125,6.3,5.5,9,10,4,5,14,1221,602,619,177,481,740,6.32436456183456,7.01747508305648,5.65028938610662,6.06158192090396,6.49871101871102,6.21103936486486,125
"116",2011,12,6.8,15,6.9375,6.64285714285714,6.625,6.8125,6.78571428571429,8,7,4,8,7,1236,610,626,181,489,747,6.33013683656958,7.0164262295082,5.66138838658147,6.07403314917127,6.50384458077709,6.21642453815261,126
"117",2012,1,6.525,20,7.03333333333333,6.10909090909091,6.25,6.26,6.61333333333333,9,11,4,5,15,1256,619,637,185,494,762,6.33323975318471,7.01667205169629,5.6691195133438,6.07783783783784,6.50137651821862,6.22423770341207,127
"118",2012,2,6.44736842105263,19,7.21428571428571,6,6.16666666666667,5.5,6.78571428571429,7,12,6,5,14,1275,626,649,191,499,776,6.33494049411765,7.01888178913738,5.67523748844376,6.08062827225131,6.49134268537074,6.23436743556701,128
"119",2012,3,8.07142857142857,7,8,8.16666666666667,8.25,7.5,8.3,4,3,2,2,5,1282,630,652,193,501,781,6.34442209828393,7.02511111111111,5.6867011196319,6.10310880829016,6.49536926147704,6.24759171574904,129
"120",2012,4,6.46666666666667,9,7.36666666666667,4.66666666666667,4.5,9,6.15,6,3,2,1,8,1291,636,655,195,502,789,6.34527430673896,7.02833333333333,5.68202920610687,6.08666666666667,6.50035856573705,6.24660219264892,130
"121",2012,5,5.8125,8,7,5.1,7,5,5.92857142857143,3,5,1,1,7,1299,639,660,196,503,796,6.34199317167052,7.02820031298905,5.67761989393939,6.09132653061225,6.49737574552684,6.24380543969849,131
"122",2012,6,6.82857142857143,7,7.16666666666667,6.575,6.93333333333333,8.5,6.55,3,4,3,1,6,1306,642,664,199,504,802,6.34460117151608,7.02884735202492,5.68302579819277,6.10402010050251,6.50134920634921,6.24609617206982,132
"123",2012,7,6.40769230769231,13,6.75,6.25555555555556,6,5.9,6.725,4,9,1,5,8,1319,646,673,200,509,810,6.34522299469295,7.02712074303406,5.69068221396731,6.1035,6.495442043222,6.25082608641975,133
"124",2012,8,6.63571428571429,14,6.98333333333333,6.375,6.75,6.75,6.59,6,8,4,4,10,1333,652,681,204,513,820,6.34827391597899,7.02671779141104,5.69872118942731,6.11617647058824,6.49742690058479,6.25496235365854,134
"125",2012,9,6.2625,16,6.5625,5.9625,5.06666666666667,5.95714285714286,6.5,8,8,3,7,9,1349,660,689,207,520,829,6.34725658265382,7.02109090909091,5.70178393323657,6.10096618357488,6.49015384615385,6.25762259348613,135
"126",2012,10,5.43846153846154,13,6.125,5.13333333333333,5.04,4.36666666666667,6.35714285714286,4,9,5,6,7,1362,664,698,212,526,836,6.33858232745962,7.01569277108434,5.69445434097421,6.07594339622642,6.46593155893536,6.25845589712919,136
"127",2012,11,6.366,25,7.14375,6,7.5,7.12777777777778,5.9375,8,17,5,9,16,1387,672,715,217,535,852,6.33907651766402,7.01721726190476,5.70171906293706,6.10875576036867,6.47706542056075,6.25242855633803,137
"128",2012,12,5.84375,16,6.57142857142857,5.27777777777778,5,4.66666666666667,6.11538461538461,7,9,3,3,13,1403,679,724,220,538,865,6.33342774768354,7.01262150220913,5.69644907458563,6.09363636363637,6.46697026022305,6.25036893641618,138
"129",2013,1,5.96666666666667,15,7.14285714285714,4.9375,5.875,6.5,5.77272727272727,7,8,4,4,11,1418,686,732,224,542,876,6.32954804654443,7.01395043731778,5.68815454918033,6.08973214285715,6.46721402214022,6.24437115296804,139
"130",2013,2,6.875,8,6.5,7.5,5,7,6.83333333333333,5,3,1,2,6,1426,691,735,225,544,882,6.332608085554,7.01023154848046,5.69554983673469,6.08488888888889,6.46917279411765,6.2483776984127,140
"131",2013,3,6.33333333333333,6,7,6.2,7,7,6.2,1,5,1,1,5,1432,692,740,226,545,887,6.33261112430168,7.01021676300578,5.69895828378378,6.08893805309735,6.47014678899082,6.24810499436302,141
"132",2013,4,6.42,15,6.95,6.22727272727273,6,7.75,5.93636363636364,4,11,2,4,11,1447,696,751,228,549,898,6.33351702142363,7.00987068965517,5.70669657789614,6.08815789473684,6.47947176684881,6.24428633630289,142
"133",2013,5,6.13636363636364,11,7.24,5.21666666666667,6,5.4,6.4125,5,6,2,3,8,1458,701,757,230,552,906,6.33202958161865,7.01151212553495,5.70281258916777,6.08739130434783,6.47360507246377,6.24577166666667,143
"134",2013,6,6,4,6.5,5.5,4,4,6.66666666666667,2,2,1,1,3,1462,703,759,231,553,909,6.33112115595075,7.01005689900427,5.70227816864295,6.07835497835498,6.46913200723327,6.24716075907591,144
"135",2013,7,6.375,8,NA,6.375,6.5,5.66666666666667,6.8,0,8,2,3,5,1470,703,767,233,556,914,6.33135995238095,7.01005689900427,5.70929482398957,6.08197424892704,6.46480215827338,6.25018504376368,145
"136",2013,8,6.16333333333333,15,7.35,5.73181818181818,5.84166666666667,5.8,6.345,4,11,6,5,10,1485,707,778,239,561,924,6.32966271380471,7.0119801980198,5.70961327763496,6.07594142259414,6.45887700534759,6.25121117965368,146
"137",2013,9,6.42857142857143,14,7.71428571428571,5.14285714285714,4.66666666666667,5.66666666666667,6.63636363636364,7,7,3,3,11,1499,714,785,242,564,935,6.33058647765177,7.01886554621849,5.70455940127388,6.05847107438017,6.45466312056737,6.25574238502674,147
"138",2013,10,7.03888888888889,18,7.36818181818182,6.52142857142857,7,8,6.76428571428571,11,7,2,4,14,1517,725,792,244,568,949,6.33899085695452,7.02416551724138,5.71177920454545,6.06618852459017,6.46554577464788,6.26324460484721,148
"139",2013,11,5.30769230769231,13,6.125,4.94444444444444,6.66666666666667,6.83333333333333,4.85,4,9,3,3,10,1530,729,801,247,571,959,6.33022818954248,7.01923182441701,5.70315746566791,6.07348178137652,6.46747810858143,6.24850795620438,149
"140",2013,12,6.65,10,6.3,7,6,7,6.61111111111111,5,5,1,1,9,1540,734,806,248,572,968,6.33230462987013,7.01433242506812,5.71120239454094,6.07318548387097,6.46840909090909,6.25187926652892,150
"141",2014,1,6.73333333333333,12,7.76,6,6,6.825,6.6875,5,7,4,4,8,1552,739,813,252,576,976,6.33540536726804,7.01937753721245,5.71368896678967,6.07202380952381,6.47088541666666,6.25544992827869,151
"142",2014,2,6.64615384615385,13,7.12857142857143,6.08333333333333,9,6.48,6.75,7,6,1,5,8,1565,746,819,253,581,984,6.33798666453674,7.02040214477212,5.71639698412698,6.08359683794467,6.47096385542168,6.2594706605691,152
"143",2014,3,5.92727272727273,11,6.83333333333333,5.5875,6.14,5.33333333333333,6.15,3,8,5,3,8,1576,749,827,258,584,992,6.33512000634518,7.01965287049399,5.71515009673519,6.08468992248062,6.4651198630137,6.25858783266129,153
"144",2014,4,6.80357142857143,14,6.89285714285714,6.71428571428571,5.5,6.25,6.89583333333333,7,7,2,2,12,1590,756,834,260,586,1004,6.33924473584906,7.01847883597884,5.72353612709832,6.08019230769231,6.46438566552901,6.266204312749,154
"145",2014,5,6.375,8,7,5.75,5,6.5,6,4,4,1,6,2,1598,760,838,261,592,1006,6.3394237359199,7.01838157894737,5.72366244630071,6.07605363984675,6.46474662162162,6.26567507952286,155
"146",2014,6,6.25,8,6.5,5.83333333333333,6,5.66666666666667,6.6,5,3,1,3,5,1606,765,841,262,595,1011,6.33897828767123,7.01499346405229,5.72405366230678,6.07576335877863,6.46072268907563,6.26732851632047,156
"147",2014,7,6.33333333333333,12,8.25,5.375,5.33333333333333,6.5,6.16666666666667,4,8,3,6,6,1618,769,849,265,601,1017,6.33893642150803,7.02141742522757,5.72076458186101,6.06735849056604,6.46111480865224,6.26673464110128,157
"148",2014,8,6.87647058823529,17,6.98888888888889,6.75,8,6.22,7.15,9,8,1,5,12,1635,778,857,266,606,1029,6.3445254617737,7.0210411311054,5.73037238039673,6.07462406015038,6.45912541254125,6.27703511175899,158
"149",2014,9,6.375,16,7.3,4.83333333333333,5,6.5,6.27777777777778,10,6,1,7,9,1651,788,863,267,613,1038,6.34482079345851,7.02458121827411,5.72413572421784,6.07059925093633,6.45959216965742,6.27704155105973,159
"150",2014,10,6.7,6,7.55,5,4,NA,6.7,4,2,1,0,6,1657,792,865,268,613,1044,6.34610689800845,7.02723484848485,5.72246142196532,6.06287313432836,6.45959216965742,6.27947234674329,160
"151",2014,11,6.5,15,7.33333333333333,5.94444444444444,6.375,6.125,6.63636363636364,6,9,4,4,11,1672,798,874,272,617,1055,6.34748751794258,7.02953634085213,5.72474728832952,6.06746323529412,6.45742301458671,6.28319348815166,161
"152",2014,12,5.88888888888889,9,7.33333333333333,5.16666666666667,5.25,5.66666666666667,6,3,6,2,3,6,1681,801,880,274,620,1061,6.34503220107079,7.03067415730337,5.72094219318182,6.06149635036497,6.45359677419355,6.28159201696513,162
"153",2015,1,6.29,10,7.05,3.25,NA,8.5,6.04444444444444,8,2,0,1,9,1691,809,882,274,621,1070,6.34470675931402,7.0308652657602,5.71533914965986,6.06149635036497,6.4568921095008,6.27959731775701,163
"154",2015,2,6.0625,8,7.83333333333333,5,6,6,6.07142857142857,3,5,1,1,7,1699,812,887,275,622,1077,6.3433779458505,7.03383004926108,5.71130679819617,6.06127272727273,6.45615755627009,6.27824431754875,164
"155",2015,3,6.30555555555556,18,7,5.75,4.66666666666667,7.5,6.15625,8,10,3,2,16,1717,820,897,278,624,1093,6.34298143855562,7.0335,5.71173816053512,6.04622302158274,6.4595032051282,6.27645849039341,165
"156",2015,4,6.72222222222222,9,7.7,5.5,5,7.375,6.2,5,4,2,4,5,1726,825,901,280,628,1098,6.34495893974508,7.03753939393939,5.71079814650388,6.03875,6.46533439490446,6.27611031876138,166
"157",2015,5,5.68,10,6.95,4.83333333333333,NA,4.6,6.14285714285714,4,6,0,3,7,1736,829,907,280,631,1105,6.34112853110599,7.03711700844391,5.70499352811466,6.03875,6.45646592709984,6.27526618099547,167
"158",2015,6,5.99166666666667,12,6.84285714285714,4.8,5.75,5,6.08181818181818,7,5,4,1,11,1748,836,912,284,632,1116,6.33872947940503,7.03549043062201,5.70003194078947,6.03468309859155,6.45416139240506,6.27335943548387,168
"159",2015,7,6.46428571428571,7,6.875,5.91666666666667,5,7.75,6.25,4,3,1,1,6,1755,840,915,285,633,1122,6.33923027350427,7.03472619047619,5.70074221857923,6.03105263157895,6.45620853080568,6.27323451871658,169
"160",2015,8,6.61428571428571,14,6.63333333333333,6.5,6.5,8.45,6.30833333333333,12,2,2,2,12,1769,852,917,287,635,1134,6.34140708309779,7.02907276995305,5.70248541984733,6.03432055749129,6.46248818897638,6.27360593474427,170
"161",2015,9,7.35714285714286,7,7.625,7,NA,NA,7.35714285714286,4,3,0,0,7,1776,856,920,287,635,1141,6.34541054617117,7.03185747663551,5.70671644565217,6.03432055749129,6.46248818897638,6.28025340052585,171
"162",2015,10,6.15384615384615,13,5.66666666666667,6.57142857142857,6,5.66666666666667,6.3,6,7,2,3,10,1789,862,927,289,638,1151,6.34401851872554,7.02235498839907,5.71324609492988,6.0340830449827,6.4587460815047,6.28042496090356,172
"163",2015,11,6.04545454545455,11,6,6.07142857142857,5,NA,6.04545454545455,4,7,1,0,11,1800,866,934,290,638,1162,6.34219396111111,7.01763279445727,5.71593054603854,6.03051724137931,6.4587460815047,6.27820062822719,173
"164",2015,12,6.55666666666667,15,6.5,6.585,6.66666666666667,6.75,6.42777777777778,5,10,3,6,9,1815,871,944,293,644,1171,6.34396646280992,7.01466130884041,5.72513679025424,6.03703071672355,6.46145962732919,6.27935023911187,174
"165",2016,1,6.41111111111111,18,6.79,5.9375,5.5,5.66666666666667,6.56,10,8,5,3,15,1833,881,952,298,647,1186,6.34462582105837,7.01211123723042,5.72692135504202,6.02802013422819,6.4577743431221,6.28289977234401,175
"166",2016,2,6.06666666666667,15,6.75,5.28571428571429,6,7.33333333333333,5.75,8,7,1,3,12,1848,889,959,299,650,1198,6.34236965909091,7.00975253093363,5.72370086548488,6.02792642140469,6.46181538461538,6.27756187813022,176
"167",2016,3,6.71666666666667,6,7.76666666666667,5.66666666666667,NA,7.5,6.56,3,3,0,1,5,1854,892,962,299,651,1203,6.34358097626753,7.01229820627803,5.723523004158,6.02792642140469,6.46341013824885,6.27873576891105,177
"168",2016,4,6.375,14,6.585,5.85,5.33333333333333,4,6.55769230769231,10,4,3,1,13,1868,902,966,302,652,1216,6.34381645074946,7.00756097560975,5.7240467184265,6.02102649006623,6.45963190184049,6.28171803453947,178
"169",2016,5,5.7375,8,6.225,5.25,5.66666666666667,6.9,5.57142857142857,4,4,3,1,7,1876,906,970,305,653,1223,6.34123087953092,7.0041059602649,5.72209188659794,6.01754098360656,6.46030627871363,6.27765260016353,179
"170",2016,6,6.82692307692308,13,7,6.4375,7.75,8,6.72916666666667,9,4,1,1,12,1889,915,974,306,654,1235,6.344573388036,7.00406557377049,5.72502990759753,6.02320261437909,6.46266055045871,6.28203978137652,180
"171",2016,7,6.04,10,6.2,5.88,7,4.9,6.16666666666667,5,5,1,1,9,1899,920,979,307,655,1244,6.34296952606635,6.99969565217391,5.72582137895812,6.02638436482085,6.4602748091603,6.28120508842444,181
"172",2016,8,6.84090909090909,11,7.75,5.25,5,NA,6.84090909090909,7,4,1,0,11,1910,927,983,308,655,1255,6.3458372408377,7.00536138079827,5.72388517802645,6.02305194805195,6.4602748091603,6.28611086055777,182
"173",2016,9,6.5,3,6.75,6,NA,6.5,6.5,2,1,0,1,2,1913,929,984,308,656,1257,6.34607900156822,7.00481162540366,5.72416578252032,6.02305194805195,6.46033536585366,6.28645117740652,183
"174",2016,10,6.32,10,6.75,6.03333333333333,6.6,6,6.35555555555556,4,6,2,1,9,1923,933,990,310,657,1266,6.34594338533541,7.00371918542336,5.72603952525252,6.02677419354839,6.45963470319634,6.28694244075829,184
"175",2016,11,6.69230769230769,13,6.75,6.6,10,7.1,6.4375,8,5,1,5,8,1936,941,995,311,662,1274,6.34826917871901,7.00156216790648,5.73043128643216,6.0395498392283,6.46447129909365,6.28788785714286,185
"176",2016,12,6.68181818181818,11,7,6.125,5.75,5.5,6.8,7,4,2,1,10,1947,948,999,313,663,1284,6.35015363636364,7.00155063291139,5.73201114114114,6.03769968051119,6.46301659125188,6.2918762694704,186
"177",2017,1,6.03846153846154,13,7,5.61111111111111,6.5,7.25,5.5,4,9,3,4,9,1960,952,1008,316,667,1293,6.34808629081633,7.00154411764706,5.7309316765873,6.04208860759494,6.46773613193403,6.28636436968291,187
"178",2017,2,6.94461538461538,13,7.46333333333333,6.5,6.5,9,6.77333333333333,6,7,2,1,12,1973,958,1015,318,668,1305,6.35201679168778,7.00443632567849,5.73623559605911,6.04496855345912,6.47152694610778,6.29084224521073,188
"179",2017,3,6.05714285714286,7,7,5.68,6,5.68,7,2,5,3,5,2,1980,960,1020,321,673,1307,6.35097430808081,7.00442708333333,5.73595993137255,6.04454828660437,6.46564635958395,6.29192741392502,189
"180",2017,4,7.16666666666667,6,7.16666666666667,NA,NA,8,7,6,0,0,1,5,1986,966,1020,321,674,1312,6.35343863544814,7.00543478260869,5.73595993137255,6.04454828660437,6.46792284866468,6.29462586128049,190
"181",2017,5,7.03333333333333,15,7.14285714285714,6.9375,6.375,7.33333333333333,6.95833333333333,7,8,4,3,12,2001,973,1028,325,677,1324,6.35853529735132,7.00642343268242,5.74531043774319,6.04861538461539,6.47175775480059,6.300641336858,191
"182",2017,6,6.1,5,7.5,5.16666666666667,6,6.25,6,2,3,1,2,3,2006,975,1031,326,679,1327,6.35789089232303,7.0074358974359,5.74362670223084,6.04846625766872,6.47110456553755,6.2999616654107,192
"183",2017,7,6.69916666666667,12,7.73333333333333,5.665,6,4,6.94454545454545,6,6,2,1,11,2018,981,1037,328,680,1338,6.35992028245788,7.01187563710499,5.74317177434908,6.04817073170732,6.46747058823529,6.30526093423019,193
"184",2017,8,6.20833333333333,12,5.75,6.4375,7,5.5,6.35,4,8,1,2,10,2030,985,1045,329,682,1348,6.35902420197044,7.00675126903553,5.74848720574162,6.05106382978724,6.46463343108504,6.30559282640949,194
"185",2017,9,5.65625,16,5.77777777777778,5.5,5.5,6.625,5.33333333333333,9,7,2,4,12,2046,994,1052,331,686,1360,6.3535284115347,6.99562374245473,5.74683377376426,6.04773413897281,6.46556851311953,6.29701406617647,195
"186",2017,10,5.98235294117647,17,7.13333333333333,4.6875,5,4.25,6.51538461538462,9,8,2,4,13,2063,1003,1060,333,690,1373,6.35046976732913,6.99685942173479,5.73883880188679,6.04144144144145,6.45272463768116,6.29908166788055,196
"187",2017,11,6,8,6,6,NA,5,6.14285714285714,7,1,0,1,7,2071,1010,1061,333,691,1380,6.349115948817,6.9899504950495,5.73908494816211,6.04144144144145,6.45062228654124,6.29828922463768,197
"188",2017,12,6.08333333333333,12,7,5.625,5.66666666666667,5.75,6.25,4,8,3,4,8,2083,1014,1069,336,695,1388,6.34758479596735,6.98999013806706,5.73823117867165,6.03809523809524,6.44658992805755,6.29801090057637,198
"189",2018,1,6.5,14,6.45,6.625,5.5,7,6.46153846153846,10,4,1,1,13,2097,1024,1073,337,696,1401,6.34860235097759,6.984716796875,5.74153693383038,6.03649851632048,6.44738505747126,6.2995282869379,199
"190",2018,2,6.11444444444444,9,5.9,6.3825,NA,6,6.14714285714286,5,4,0,2,7,2106,1029,1077,337,698,1408,6.34760167616334,6.97944606413994,5.74391748375116,6.03649851632048,6.44610315186246,6.29877068892045,200
"191",2018,3,5.5,11,6.25,5.07142857142857,4.875,4.875,5.85714285714286,4,7,4,4,7,2117,1033,1084,341,702,1415,6.34319751062825,6.97662149080348,5.73957484317343,6.02287390029326,6.43715099715099,6.29658595759717,201
"192",2018,4,7.08181818181818,11,7.66666666666667,6.38,6.2,7.06666666666667,7.0875,6,5,1,3,8,2128,1039,1089,342,705,1423,6.34701556860902,6.98060635226179,5.74251527089072,6.0233918128655,6.43982978723404,6.30103241742797,202
"193",2018,5,6.975,8,7.5,6.8,6.6,7,6.97142857142857,2,6,3,1,7,2136,1041,1095,345,706,1430,6.34936757022472,6.98160422670509,5.74830970776255,6.02840579710145,6.44062322946175,6.30431407692308,203
"194",2018,6,6.65714285714286,14,7.25,6.2125,2,7,6.6,6,8,1,2,12,2150,1047,1103,346,708,1442,6.35137168837209,6.98314231136581,5.75167645512239,6.01676300578035,6.4422033898305,6.30677470873786,204
"195",2018,7,6.375,8,6.6,6,6,6,6.42857142857143,5,3,2,1,7,2158,1052,1106,348,709,1449,6.35145928174235,6.98132129277566,5.75235002712477,6.01666666666667,6.4415796897038,6.30736309868875,205
"196",2018,8,6.45454545454545,11,7.625,5.78571428571429,6,7.5,6.0625,4,7,1,3,8,2169,1056,1113,349,712,1457,6.35198207929922,6.98375946969697,5.75255986522911,6.01661891117479,6.44603932584269,6.30601862045298,206
"197",2018,9,6.9375,8,7.41666666666667,5.5,NA,6.5,7.08333333333333,6,2,0,2,6,2177,1062,1115,349,714,1463,6.35413372990354,6.98620527306968,5.75210684304932,6.01661891117479,6.44619047619047,6.3092065140123,207
"198",2018,10,6.5,8,6.4,6.66666666666667,6,10,6,5,3,1,1,7,2185,1067,1118,350,715,1470,6.35466779405034,6.98345829428303,5.7545609391771,6.01657142857143,6.45116083916083,6.30773410204082,208
"199",2018,11,5.6875,8,7.375,4,6,4.75,6,4,4,1,2,6,2193,1071,1122,351,717,1476,6.35223398540812,6.98492063492063,5.74830581996435,6.01652421652422,6.44641562064156,6.3064831504065,209
"200",2018,12,7,5,7,7,NA,NA,7,3,2,0,0,5,2198,1074,1124,351,717,1481,6.35370752047316,6.98496275605214,5.75053303380783,6.01652421652422,6.44641562064156,6.30882453072248,210
"201",2019,1,6.05714285714286,14,6.46666666666667,5.75,NA,6,6.07272727272727,6,8,0,3,11,2212,1080,1132,351,720,1492,6.35183052893309,6.98208333333333,5.75052926678445,6.01652421652422,6.44455555555555,6.30708386729222,211
"202",2019,2,5.83333333333333,12,6.3,5.5,5.66666666666667,6,5.8,5,7,3,2,10,2224,1085,1139,354,722,1502,6.34903288219424,6.97894009216589,5.7489895785777,6.0135593220339,6.44332409972299,6.30370780958722,212
"203",2019,3,6.68181818181818,11,6.75,6.64285714285714,7.25,7,6.65,4,7,2,1,10,2235,1089,1146,356,723,1512,6.35067075167785,6.97809917355371,5.7544495026178,6.02050561797753,6.44409405255878,6.30599810185185,213
"204",2019,4,6.55,10,8.25,5.41666666666667,6,6,6.61111111111111,4,6,1,1,9,2245,1093,1152,357,724,1521,6.3515586325167,6.9827538883806,5.75269021701389,6.02044817927171,6.44348066298342,6.3078035042735,214
"205",2019,5,5.71428571428571,7,NA,5.71428571428571,5.5,4,6.4,0,7,2,2,5,2252,1093,1159,359,726,1526,6.34957776642984,6.9827538883806,5.75245826574633,6.01754874651811,6.43674931129476,6.30810558977719,215
"206",2019,6,5.73666666666667,12,6.12,5.2,3,6.5,5.66727272727273,7,5,1,1,11,2264,1100,1164,360,727,1537,6.34632912102473,6.97726363636363,5.75008516323024,6.00916666666667,6.4368363136176,6.30351927781392,216
"207",2019,7,6.675,8,6.48333333333333,7.25,NA,7.2,6.5,6,2,0,2,6,2272,1106,1166,360,729,1543,6.34748641285211,6.97458408679927,5.75265791595197,6.00916666666667,6.43893004115226,6.30428329876863,217
"208",2019,8,6.70222222222222,9,7.6,5.58,4,7,6.61714285714286,5,4,1,2,7,2281,1111,1170,361,731,1550,6.34888607189829,6.97739873987398,5.75206763247863,6.00360110803324,6.44046511627907,6.30569621290323,218
"209",2019,9,6.48333333333333,12,6.4,6.54285714285714,NA,NA,6.48333333333333,5,7,0,0,12,2293,1116,1177,361,731,1562,6.34958967727867,6.97481182795698,5.75677071367884,6.00360110803324,6.44046511627907,6.30706090268886,219
"210",2019,10,5.63333333333333,15,7.5,4.7,5,4.8,6.05,5,10,2,5,10,2308,1121,1187,363,736,1572,6.34493463171577,6.9771543264942,5.74786784330244,5.99807162534436,6.42932065217391,6.30542565521628,220
"211",2019,11,6.98933333333333,15,6.70444444444444,7.41666666666667,NA,7.16666666666667,6.945,9,6,0,3,12,2323,1130,1193,363,739,1584,6.34909562204046,6.97498230088495,5.75626079631182,5.99807162534436,6.43231393775372,6.31027091540404,221
"212",2019,12,6.525,12,6.8125,5.95,4.66666666666667,5.66666666666667,6.81111111111111,8,4,3,3,9,2335,1138,1197,366,742,1593,6.34999962740899,6.97384007029877,5.75690821219716,5.98715846994536,6.42921832884097,6.3131005210295,222
"213",2020,1,6.07,20,6.17142857142857,5.83333333333333,6,5,6.25882352941176,14,6,1,3,17,2355,1152,1203,367,745,1610,6.34762171125265,6.96408854166666,5.75728938487115,5.98719346049047,6.42346308724832,6.31252740993789,223
"214",2020,2,6.57363636363636,22,6.66666666666667,6.37428571428571,4,7.5,6.42736842105263,15,7,1,3,19,2377,1167,1210,368,748,1629,6.34971355910812,6.96026563838903,5.76085878512396,5.98179347826087,6.4277807486631,6.31386686924493,224
"215",2020,3,6.21875,16,6.3125,6.125,4,6,6.29166666666667,8,8,2,4,12,2393,1175,1218,370,752,1641,6.34883791475136,6.95585531914893,5.76325051724138,5.97108108108108,6.42550531914893,6.31370452772699,225
"216",2020,4,6.83333333333333,6,6.66666666666667,7,NA,7,6.8,3,3,0,1,5,2399,1178,1221,370,753,1646,6.35004965819091,6.95511884550085,5.76628921375921,5.97108108108108,6.42626826029216,6.31518173147023,226
"217",2020,5,5.5,2,5.5,NA,NA,6,5,2,0,0,1,1,2401,1180,1221,370,754,1647,6.34934157850895,6.95265254237288,5.76628921375921,5.97108108108108,6.42570291777188,6.31438319975713,227
"218",2020,6,7.125,8,7.33333333333333,6.5,6.5,6,7.5,6,2,2,2,6,2409,1186,1223,372,756,1653,6.35191744707347,6.95457841483979,5.7674890678659,5.9739247311828,6.42457671957672,6.31868670901391,228
"219",2020,7,6.17,6,7.505,3.5,3,3,6.804,4,2,1,1,5,2415,1190,1225,373,757,1658,6.35146547826087,6.95642857142857,5.76378704489796,5.96595174262735,6.42005284015852,6.32015025934861,229
"220",2020,8,6.36111111111111,9,6.45,6.25,5,6.0625,6.6,5,4,1,4,5,2424,1195,1229,374,761,1663,6.35150129125412,6.95430962343096,5.76536951179821,5.96336898395722,6.41817345597897,6.32099165965123,230
"221",2020,9,6.33636363636364,11,6.95714285714286,5.25,NA,4.5,6.74444444444444,7,4,0,2,9,2435,1202,1233,374,763,1672,6.35143290759753,6.95432612312812,5.76369759124087,5.96336898395722,6.41314547837483,6.32327101076555,231
"222",2020,10,6.7,11,7.125,6.45714285714286,6,NA,6.7,4,7,1,0,11,2446,1206,1240,375,763,1683,6.35300046197874,6.95489220563847,5.7676122016129,5.96346666666667,6.41314547837483,6.32573329174094,232
"223",2020,11,6.125,12,6.83333333333333,5.41666666666667,7.5,6.33333333333333,6.05555555555556,6,6,1,3,9,2458,1212,1246,376,766,1692,6.35188735964199,6.9542904290429,5.76592225521669,5.96755319148936,6.41283289817232,6.32429617612293,233
"224",2020,12,6.83333333333333,9,7.21428571428571,5.5,5,NA,6.83333333333333,7,2,1,0,9,2467,1219,1248,377,766,1701,6.35364374949331,6.95578342904019,5.76549609775641,5.96498673740053,6.41283289817232,6.32698949441505,234
"225",2021,1,5.88888888888889,9,6.7,4.875,6,4,6.125,5,4,1,1,8,2476,1224,1252,378,767,1709,6.35195441437803,6.9547385620915,5.76265106230032,5.96507936507937,6.40968709256844,6.32604396138092,235
"226",2021,2,5.9,14,6.8,5.4,4,NA,5.9,5,9,2,0,14,2490,1229,1261,380,767,1723,6.34941330522088,6.95410903173311,5.7600627517843,5.95473684210527,6.40968709256844,6.32258219965177,236
"227",2021,3,7.11111111111111,9,7.28571428571429,6.5,NA,8,7,7,2,0,1,8,2499,1236,1263,380,768,1731,6.35215651460584,6.95598705501618,5.76123446555819,5.95473684210527,6.4117578125,6.32571295782784,237
"228",2021,4,7.33333333333333,9,7.42857142857143,7,NA,8.33333333333333,6.83333333333333,7,2,0,3,6,2508,1243,1265,380,771,1737,6.35567748405104,6.9586484312148,5.76319298814229,5.95473684210527,6.41923476005188,6.3274663960852,238
"229",2021,5,5.83333333333333,6,6,5.5,4,NA,5.83333333333333,4,2,1,0,6,2514,1247,1267,381,771,1743,6.35443083929992,6.95557337610264,5.76277752959747,5.9496062992126,6.41923476005188,6.32576542168675,239
"230",2021,6,7.5,6,7.16666666666667,7.83333333333333,NA,7,7.6,3,3,0,1,5,2520,1250,1270,381,772,1748,6.35715838492064,6.95608,5.76766860629921,5.9496062992126,6.41998704663212,6.32941025743707,240
"231",2021,7,5.875,4,5.5,6.25,4,NA,5.875,2,2,1,0,4,2524,1252,1272,382,772,1752,6.35639426703645,6.95375399361022,5.76842698899371,5.94450261780105,6.41998704663212,6.32837279109589,241
"232",2021,8,5.76785714285714,14,6.85714285714286,4.67857142857143,6,4.5,6.275,7,7,1,4,10,2538,1259,1279,383,776,1762,6.35314780535855,6.95321683876092,5.76246218139171,5.94464751958225,6.41009020618556,6.32806988081725,242
"233",2021,9,6.69629666666667,9,7.21111166666667,5.66666666666667,5.5,5.5,7.03809571428571,6,3,2,2,7,2547,1265,1282,385,778,1769,6.35436034550452,6.95444005533597,5.76223801092044,5.94233766233766,6.40775064267352,6.33087947993217,243
"234",2021,10,6.22222222222222,9,6.83333333333333,5,3.5,NA,6.22222222222222,6,3,2,0,9,2556,1271,1285,387,778,1778,6.35389507042253,6.95386834775767,5.76045846692607,5.9297157622739,6.40775064267352,6.33032947131609,244
"235",2021,11,7.27777777777778,9,7.21428571428571,7.5,NA,7.5,7.16666666666667,7,2,0,3,6,2565,1278,1287,387,781,1784,6.35713676413255,6.95529473395931,5.76316171717172,5.9297157622739,6.41194622279129,6.33314226457399,245
"236",2021,12,6.33333333333333,12,6.38888888888889,6.16666666666667,NA,7.16666666666667,6.05555555555556,9,3,0,3,9,2577,1287,1290,387,784,1793,6.35702592161428,6.95133385392385,5.76410010077519,5.9297157622739,6.41483418367347,6.33174891243726,246
"237",2022,1,7.03269411764706,17,6.881975,7.16666666666667,6.25,6.25,7.13705333333333,8,9,2,2,15,2594,1295,1299,389,786,1808,6.36145397070162,6.95090538223938,5.77381765204003,5.93136246786633,6.41441475826972,6.33843008849558,247
"238",2022,2,5.45454545454545,11,6.33333333333333,4.4,4.5,4.75,5.85714285714286,6,5,2,4,7,2605,1301,1304,391,790,1815,6.35762441458733,6.94805724058416,5.76854994631902,5.92404092071612,6.40598734177215,6.33657388429752,248
"239",2022,3,6.20833333333333,12,7.9,5,5,6.4,6.07142857142857,5,7,1,5,7,2617,1306,1311,392,795,1822,6.35693985479557,6.9517017381317,5.76444632341724,5.92168367346939,6.40594968553459,6.33555521405049,249
"240",2022,4,6.334,5,6.475,5.77,NA,5.77,6.475,4,1,0,1,4,2622,1310,1312,392,796,1826,6.35689610983982,6.95024616030534,5.76445055640244,5.92168367346939,6.40515075376884,6.33586067907996,250
"241",2022,5,6.14285714285714,7,6.33333333333333,6,5,NA,6.14285714285714,3,4,2,0,7,2629,1313,1316,394,796,1833,6.35632620768353,6.94883661081493,5.76516651215805,5.91700507614213,6.40515075376884,6.33512362247681,251
"242",2022,6,6.66363636363636,11,6.75714285714286,6.5,NA,6,6.73,7,4,0,1,10,2640,1320,1320,394,797,1843,6.35760666666667,6.9478200530303,5.76739328030303,5.91700507614213,6.40464240903387,6.33726619641888,252
"243",2022,7,6.08333333333333,6,6.625,5,NA,8,5.7,4,2,0,1,5,2646,1324,1322,394,798,1848,6.35698473167044,6.94684476586102,5.76623232223903,5.91700507614213,6.40664160401002,6.33554199134199,253
"244",2022,8,6.38,15,6.67142857142857,6.125,3,8,6.26428571428571,7,8,1,1,14,2661,1331,1330,395,799,1862,6.35711446824502,6.94539629601803,5.76839032330827,5.90962025316456,6.40863579474343,6.33500622986037,254
"245",2022,9,5.1,5,6.75,4,NA,NA,5.1,2,3,0,0,5,2666,1333,1333,395,799,1867,6.3547567891973,6.94510312828207,5.76441045011253,5.90962025316456,6.40863579474343,6.33169876807713,255
"246",2022,10,7.61428571428571,7,7.46,8,NA,9,7.06,5,2,0,2,5,2673,1338,1335,395,801,1872,6.35805521885522,6.94702725710015,5.76775964794007,5.90962025316456,6.4151061173533,6.33364401709402,256
"247",2022,11,5.77777777777778,9,8.25,5.07142857142857,6.5,5.25,5.92857142857143,2,7,1,2,7,2682,1340,1342,396,803,1879,6.35610797912006,6.94897199253731,5.76412751862891,5.91111111111111,6.41220423412204,6.33213496540713,257
"248",2022,12,7,9,7.4,6.5,6,NA,7,5,4,1,0,9,2691,1345,1346,397,803,1888,6.35826146413972,6.95064867657992,5.76631436106984,5.91133501259446,6.41220423412204,6.3353186440678,258
