"","year","month","avg_rating","no_ratings","avg_rating_owned","avg_rating_not_owned","avg_rating_prev_owned","avg_rating_comment","avg_rating_no_comment","no_ratings_owned","no_ratings_not_owned","no_ratings_prev_owned","no_ratings_comment","no_ratings_no_comment","cum_no_ratings","cum_no_ratings_owned","cum_no_ratings_not_owned","cum_no_ratings_prev_owned","cum_no_ratings_comment","cum_no_ratings_no_comment","cum_avg_rating","cum_avg_rating_owned","cum_avg_rating_not_owned","cum_avg_rating_prev_owned","cum_avg_rating_comment","cum_avg_rating_no_comment","month_after_release"
"1",2001,6,7.5,2,8,7,NA,NA,7.5,1,1,0,0,2,2,1,1,0,0,2,7.5,8,7,NA,NA,7.5,0
"2",2001,7,9.5,2,9.5,NA,NA,9,10,2,0,0,1,1,4,3,1,0,1,3,8.5,9,7,NA,9,8.33333333333333,1
"3",2001,8,4.66666666666667,3,2,6,NA,NA,4.66666666666667,1,2,0,0,3,7,4,3,0,1,6,6.85714285714286,7.25,6.33333333333333,NA,9,6.5,2
"4",2001,9,7,8,7.2,6.66666666666667,NA,NA,7,5,3,0,0,8,15,9,6,0,1,14,6.93333333333333,7.22222222222222,6.5,NA,9,6.78571428571429,3
"5",2001,10,9,2,9,NA,NA,NA,9,2,0,0,0,2,17,11,6,0,1,16,7.17647058823529,7.54545454545455,6.5,NA,9,7.0625,4
"6",2001,11,6.5,4,7,5,NA,4.5,8.5,3,1,0,2,2,21,14,7,0,3,18,7.04761904761905,7.42857142857143,6.28571428571429,NA,6,7.22222222222222,5
"7",2001,12,8,2,10,6,NA,10,6,1,1,0,1,1,23,15,8,0,4,19,7.1304347826087,7.6,6.25,NA,7,7.15789473684211,6
"8",2002,1,8.5,4,9.33333333333333,6,NA,10,8,3,1,0,1,3,27,18,9,0,5,22,7.33333333333333,7.88888888888889,6.22222222222222,NA,7.6,7.27272727272727,7
"9",2002,2,6,2,NA,6,NA,NA,6,0,2,0,0,2,29,18,11,0,5,24,7.24137931034483,7.88888888888889,6.18181818181818,NA,7.6,7.16666666666667,8
"10",2002,3,4,2,NA,4,NA,NA,4,0,2,0,0,2,31,18,13,0,5,26,7.03225806451613,7.88888888888889,5.84615384615385,NA,7.6,6.92307692307692,9
"11",2002,4,8,1,NA,8,NA,NA,8,0,1,0,0,1,32,18,14,0,5,27,7.0625,7.88888888888889,6,NA,7.6,6.96296296296296,10
"12",2002,5,5.5,4,6.33333333333333,3,NA,4.66666666666667,8,3,1,0,3,1,36,21,15,0,8,28,6.88888888888889,7.66666666666667,5.8,NA,6.5,7,11
"13",2002,6,8,2,8,NA,NA,6,10,2,0,0,1,1,38,23,15,0,9,29,6.94736842105263,7.69565217391304,5.8,NA,6.44444444444444,7.10344827586207,12
"14",2002,7,7,4,7,NA,NA,8,6.66666666666667,4,0,0,1,3,42,27,15,0,10,32,6.95238095238095,7.59259259259259,5.8,NA,6.6,7.0625,13
"15",2002,8,7,5,8.66666666666667,4.5,NA,7,NA,3,2,0,5,0,47,30,17,0,15,32,6.95744680851064,7.7,5.64705882352941,NA,6.73333333333333,7.0625,14
"16",2002,9,7.66666666666667,6,7.66666666666667,NA,NA,7.5,7.75,6,0,0,2,4,53,36,17,0,17,36,7.0377358490566,7.69444444444444,5.64705882352941,NA,6.82352941176471,7.13888888888889,15
"17",2002,10,7,6,7.75,5.5,4,NA,7,4,2,1,0,6,59,40,19,1,17,42,7.03389830508475,7.7,5.63157894736842,4,6.82352941176471,7.11904761904762,16
"18",2002,11,8,1,8,NA,NA,NA,8,1,0,0,0,1,60,41,19,1,17,43,7.05,7.70731707317073,5.63157894736842,4,6.82352941176471,7.13953488372093,17
"19",2002,12,8.33333333333333,3,8.33333333333333,NA,NA,NA,8.33333333333333,3,0,0,0,3,63,44,19,1,17,46,7.11111111111111,7.75,5.63157894736842,4,6.82352941176471,7.21739130434783,18
"20",2003,1,6.85714285714286,7,7.75,5.66666666666667,NA,NA,6.85714285714286,4,3,0,0,7,70,48,22,1,17,53,7.08571428571429,7.75,5.63636363636364,4,6.82352941176471,7.16981132075472,19
"21",2003,2,7,8,8.4,4.66666666666667,NA,7,7,5,3,0,2,6,78,53,25,1,19,59,7.07692307692308,7.81132075471698,5.52,4,6.84210526315789,7.15254237288136,20
"22",2003,3,7.375,4,7.375,NA,NA,7.83333333333333,6,4,0,0,3,1,82,57,25,1,22,60,7.09146341463415,7.78070175438596,5.52,4,6.97727272727273,7.13333333333333,21
"23",2003,4,7.33333333333333,3,7.33333333333333,NA,NA,8,7,3,0,0,1,2,85,60,25,1,23,62,7.1,7.75833333333333,5.52,4,7.02173913043478,7.12903225806452,22
"24",2003,5,7.42857142857143,7,7.8,6.5,8,7,7.75,5,2,1,3,4,92,65,27,2,26,66,7.125,7.76153846153846,5.59259259259259,6,7.01923076923077,7.16666666666667,23
"25",2003,6,7.625,4,7.83333333333333,7,NA,7.16666666666667,9,3,1,0,3,1,96,68,28,2,29,67,7.14583333333333,7.76470588235294,5.64285714285714,6,7.03448275862069,7.19402985074627,24
"26",2003,7,6.47222222222222,18,7.35714285714286,5.90909090909091,7,5.66666666666667,6.875,7,11,1,6,12,114,75,39,3,35,79,7.03947368421053,7.72666666666667,5.71794871794872,6.33333333333333,6.8,7.14556962025316,25
"27",2003,8,6.125,8,6,6.16666666666667,5,7,5.83333333333333,2,6,1,2,6,122,77,45,4,37,85,6.97950819672131,7.68181818181818,5.77777777777778,6,6.81081081081081,7.05294117647059,26
"28",2003,9,7.33333333333333,9,7.25,7.4,7,7.5,7.2,4,5,2,4,5,131,81,50,6,41,90,7.00381679389313,7.66049382716049,5.94,6.33333333333333,6.8780487804878,7.06111111111111,27
"29",2003,10,6.76923076923077,13,6.66666666666667,7,NA,7.66666666666667,6.5,9,4,0,3,10,144,90,54,6,44,100,6.98263888888889,7.56111111111111,6.01851851851852,6.33333333333333,6.93181818181818,7.005,28
"30",2003,12,7.11111111111111,9,7.75,2,NA,6.4,8,8,1,0,5,4,153,98,55,6,49,104,6.99019607843137,7.5765306122449,5.94545454545455,6.33333333333333,6.87755102040816,7.04326923076923,30
"31",2004,1,7.91666666666667,12,8,7,NA,8.14285714285714,7.6,11,1,0,7,5,165,109,56,6,56,109,7.05757575757576,7.61926605504587,5.96428571428571,6.33333333333333,7.03571428571429,7.06880733944954,31
"32",2004,2,6.66666666666667,12,7.3,3.5,NA,7.16666666666667,6.16666666666667,10,2,0,6,6,177,119,58,6,62,115,7.03107344632768,7.59243697478992,5.87931034482759,6.33333333333333,7.04838709677419,7.02173913043478,32
"33",2004,3,7.29166666666667,12,7.61111111111111,6.33333333333333,7,7.5,7.25,9,3,1,2,10,189,128,61,7,64,125,7.04761904761905,7.59375,5.9016393442623,6.42857142857143,7.0625,7.04,33
"34",2004,4,7.28571428571429,7,7.5,6,NA,7,7.33333333333333,6,1,0,1,6,196,134,62,7,65,131,7.05612244897959,7.58955223880597,5.90322580645161,6.42857142857143,7.06153846153846,7.05343511450382,34
"35",2004,5,8.05555555555556,9,8,8.25,NA,8.33333333333333,7.91666666666667,7,2,0,3,6,205,141,64,7,68,137,7.1,7.60992907801418,5.9765625,6.42857142857143,7.11764705882353,7.09124087591241,35
"36",2004,6,7.15,10,8.5,5.8,8,8.83333333333333,6.42857142857143,5,5,2,3,7,215,146,69,9,71,144,7.10232558139535,7.64041095890411,5.96376811594203,6.77777777777778,7.19014084507042,7.05902777777778,36
"37",2004,7,8.1,10,8.375,7,8,7.8,8.4,8,2,1,5,5,225,154,71,10,76,149,7.14666666666667,7.67857142857143,5.99295774647887,6.9,7.23026315789474,7.10402684563758,37
"38",2004,8,7.25,6,8.5,6.625,NA,4.5,7.8,2,4,0,1,5,231,156,75,10,77,154,7.14935064935065,7.68910256410256,6.02666666666667,6.9,7.19480519480519,7.12662337662338,38
"39",2004,9,7.5,6,8,6.5,NA,8.5,7,4,2,0,2,4,237,160,77,10,79,158,7.15822784810127,7.696875,6.03896103896104,6.9,7.22784810126582,7.12341772151899,39
"40",2004,10,7.05,10,6.94444444444444,8,NA,7.5,6.9375,9,1,0,2,8,247,169,78,10,81,166,7.15384615384615,7.65680473372781,6.06410256410256,6.9,7.23456790123457,7.1144578313253,40
"41",2004,11,6.33333333333333,12,6.5,6,5.25,5.91666666666667,6.75,8,4,2,6,6,259,177,82,12,87,172,7.11583011583012,7.6045197740113,6.0609756097561,6.625,7.14367816091954,7.10174418604651,41
"42",2004,12,6.42857142857143,7,6.8,5.5,NA,6,6.6,5,2,0,2,5,266,182,84,12,89,177,7.09774436090226,7.58241758241758,6.04761904761905,6.625,7.11797752808989,7.08757062146893,42
"43",2005,1,6.625,12,7.5625,4.75,NA,5.6,7.35714285714286,8,4,0,5,7,278,190,88,12,94,184,7.0773381294964,7.58157894736842,5.98863636363636,6.625,7.03723404255319,7.09782608695652,43
"44",2005,2,6.19411764705882,17,6.94166666666667,4.4,3,5.3,7.47142857142857,12,5,2,10,7,295,202,93,14,104,191,7.0264406779661,7.54356435643564,5.90322580645161,6.10714285714286,6.87019230769231,7.11151832460733,44
"45",2005,3,6.02727272727273,11,8.3,4.13333333333333,4.95,4.36,7.41666666666667,5,6,4,5,6,306,207,99,18,109,197,6.99052287581699,7.56183574879227,5.79595959595959,5.85,6.75504587155963,7.12081218274112,45
"46",2005,4,7.73076923076923,13,7.77272727272727,7.5,7,8.16666666666667,7.6,11,2,1,3,10,319,218,101,19,112,207,7.02068965517241,7.57247706422018,5.82970297029703,5.91052631578947,6.79285714285714,7.143961352657,46
"47",2005,5,7.66666666666667,15,8.45,6.1,8,7.92857142857143,7.4375,10,5,1,7,8,334,228,106,20,119,215,7.0497005988024,7.6109649122807,5.84245283018868,6.015,6.85966386554622,7.15488372093023,47
"48",2005,6,6.6,10,7.6,5.6,NA,5.6,7.6,5,5,0,5,5,344,233,111,20,124,220,7.03662790697675,7.61072961373391,5.83153153153153,6.015,6.80887096774194,7.165,48
"49",2005,7,5.2,5,5.66666666666667,4.5,NA,5,5.33333333333333,3,2,0,2,3,349,236,113,20,126,223,7.01031518624642,7.58601694915254,5.80796460176991,6.015,6.78015873015873,7.14035874439462,49
"50",2005,8,7.06428571428571,14,7.37777777777778,6.5,NA,7.2375,6.83333333333333,9,5,0,8,6,363,245,118,20,134,229,7.01239669421488,7.57836734693878,5.83728813559322,6.015,6.80746268656716,7.13231441048035,50
"51",2005,9,7.04545454545455,11,6.92857142857143,7.25,7,7.5,6.78571428571429,7,4,2,4,7,374,252,122,22,138,236,7.01336898395722,7.56031746031746,5.88360655737705,6.10454545454546,6.82753623188406,7.12203389830508,51
"52",2005,10,6.81818181818182,11,7.25,6.3,6,6.35714285714286,7.625,6,5,1,7,4,385,258,127,23,145,240,7.00779220779221,7.5531007751938,5.9,6.1,6.80482758620689,7.13041666666667,52
"53",2005,11,7.55882352941176,17,8.125,6.2,NA,8.66666666666667,7.32142857142857,12,5,0,3,14,402,270,132,23,148,254,7.03109452736319,7.57851851851852,5.91136363636364,6.1,6.84256756756757,7.14094488188976,53
"54",2005,12,6.51176470588235,17,7.65454545454545,4.41666666666667,3.5,6.60909090909091,6.33333333333333,11,6,1,11,6,419,281,138,24,159,260,7.01002386634845,7.58149466192171,5.8463768115942,5.99166666666667,6.82641509433962,7.12230769230769,54
"55",2006,1,7.44117647058824,17,7.64285714285714,6.5,NA,6.92857142857143,7.8,14,3,0,7,10,436,295,141,24,166,270,7.02683486238532,7.58440677966102,5.86028368794326,5.99166666666667,6.83072289156626,7.14740740740741,55
"56",2006,2,7.125,12,7.75,5.875,7,7.21428571428571,7,8,4,1,7,5,448,303,145,25,173,275,7.02946428571429,7.58877887788779,5.86068965517241,6.032,6.84624277456647,7.14472727272727,56
"57",2006,3,6.16666666666667,12,7.21428571428571,4.7,6.5,5.3125,7.875,7,5,1,8,4,460,310,150,26,181,279,7.00695652173913,7.58032258064516,5.822,6.05,6.77845303867403,7.15519713261649,57
"58",2006,4,7.76923076923077,13,8,7,6,7.66666666666667,7.85714285714286,10,3,1,6,7,473,320,153,27,187,286,7.02790697674419,7.5934375,5.84509803921569,6.04814814814815,6.80695187165775,7.17237762237762,58
"59",2006,5,7.6,5,8,6,NA,NA,7.6,4,1,0,0,5,478,324,154,27,187,291,7.03389121338912,7.59845679012346,5.8461038961039,6.04814814814815,6.80695187165775,7.17972508591065,59
"60",2006,6,7.5,6,7.75,7,NA,8,6.5,4,2,0,4,2,484,328,156,27,191,293,7.0396694214876,7.60030487804878,5.86089743589744,6.04814814814815,6.83193717277487,7.17508532423208,60
"61",2006,7,8.13333333333333,15,8.4,7.6,8,7.2,8.6,10,5,1,5,10,499,338,161,28,196,303,7.07254509018036,7.62396449704142,5.91490683229814,6.11785714285714,6.84132653061224,7.22211221122112,61
"62",2006,8,6.83125,8,7.53,5.66666666666667,6,5.5,7.275,5,3,1,2,6,507,343,164,29,198,309,7.06873767258383,7.62259475218659,5.91036585365854,6.11379310344828,6.82777777777778,7.22313915857605,62
"63",2006,9,6.57142857142857,7,7.3,4.75,NA,6.5,6.66666666666667,5,2,0,4,3,514,348,166,29,202,312,7.06196498054475,7.61795977011494,5.89638554216867,6.11379310344828,6.82128712871287,7.21778846153846,63
"64",2006,10,7.83333333333333,12,8.14285714285714,7.4,6.5,8.5,7.5,7,5,2,4,8,526,355,171,31,206,320,7.07956273764259,7.62830985915493,5.94035087719298,6.13870967741935,6.85388349514563,7.22484375,64
"65",2006,11,7.51666666666667,12,7.56363636363636,7,NA,9.5,7.33636363636364,11,1,0,1,11,538,366,172,31,207,331,7.08931226765799,7.62636612021858,5.94651162790698,6.13870967741935,6.86666666666666,7.2285498489426,65
"66",2006,12,7.6,10,8.125,5.5,NA,NA,7.6,8,2,0,0,10,548,374,174,31,207,341,7.09863138686131,7.6370320855615,5.94137931034483,6.13870967741935,6.86666666666666,7.23944281524927,66
"67",2007,1,6.61538461538461,13,7.3,4.33333333333333,NA,6,7.14285714285714,10,3,0,6,7,561,384,177,31,213,348,7.08743315508021,7.62825520833333,5.91412429378531,6.13870967741935,6.84225352112676,7.2375,67
"68",2007,2,6.911097,10,7.6,6.222194,4,7.8,6.022194,5,5,1,5,5,571,389,182,32,218,353,7.08434495621716,7.62789203084833,5.92258774725275,6.071875,6.86422018348624,7.22028603399434,68
"69",2007,3,7.0625,8,8.875,5.25,3,7.58333333333333,5.5,4,4,1,6,2,579,393,186,33,224,355,7.08404312607945,7.64058524173028,5.90812349462365,5.97878787878788,6.88348214285714,7.21059428169014,69
"70",2007,4,6.79166666666667,12,7.0625,6.25,NA,5.5,7.05,8,4,0,2,10,591,401,190,33,226,365,7.07810654822335,7.62905236907731,5.91532089473684,5.97878787878788,6.8712389380531,7.20619443835616,70
"71",2007,5,7.07142857142857,7,7.66666666666667,6.625,NA,6.33333333333333,7.625,3,4,0,3,4,598,404,194,33,229,369,7.07802837792642,7.62933168316832,5.92995345360825,5.97878787878788,6.86419213973799,7.21073433604336,71
"72",2007,6,8.1,10,8.33333333333333,7.75,5,8,8.2,6,4,1,5,5,608,410,198,34,234,374,7.09483712171053,7.63963414634146,5.96672207070707,5.95,6.88846153846154,7.22395981283423,72
"73",2007,7,7.48888888888889,9,7.66666666666667,7.13333333333333,6.75,9,7.3,6,3,2,1,8,617,416,201,36,235,382,7.10058504051864,7.64002403846154,5.98413417910448,5.99444444444444,6.89744680851064,7.22555227748691,73
"74",2007,8,7.6875,8,7.7,7.66666666666667,NA,9,7.5,5,3,0,1,7,625,421,204,36,236,389,7.108097552,7.64073634204276,6.00887730392157,5.99444444444444,6.90635593220339,7.23049092544987,74
"75",2007,9,8.11538461538461,13,7.95454545454545,9,NA,8,8.1875,11,2,0,5,8,638,432,206,36,241,397,7.12862221003135,7.64872685185185,6.03791733009709,5.99444444444444,6.92904564315353,7.24977574307305,75
"76",2007,10,7.79411764705882,17,8.6,6.64285714285714,6,7.83333333333333,7.77272727272727,10,7,1,6,11,655,442,213,37,247,408,7.14589461068702,7.67024886877828,6.05779798122066,5.9945945945946,6.95101214574899,7.26387492647059,76
"77",2007,11,6.91176470588235,17,6.96153846153846,6.75,NA,6.25,7.11538461538461,13,4,0,4,13,672,455,217,37,251,421,7.13997168154762,7.65,6.07055746543779,5.9945945945946,6.9398406374502,7.25928971496437,77
"78",2007,12,7.11538461538461,13,7.25,6.9,6,7.58333333333333,6.71428571428571,8,5,1,6,7,685,463,222,38,257,428,7.13950506569343,7.64308855291577,6.0892386036036,5.99473684210526,6.95486381322957,7.25037609813084,78
"79",2008,1,6.14375,16,8.16666666666667,4.93,NA,6.05555555555556,6.25714285714286,6,10,0,9,7,701,469,232,38,266,435,7.11677741797432,7.6497867803838,6.03927142241379,5.99473684210526,6.92443609022556,7.23439303448276,79
"80",2008,2,7.43421052631579,19,7.98076923076923,6.25,6.5,6.69444444444444,8.1,13,6,2,9,10,720,482,238,40,275,445,7.125154125,7.65871369294606,6.04458390756302,6.02,6.91690909090909,7.2538448764045,80
"81",2008,3,8.07142857142857,14,8.16666666666667,7.9,7,7.83333333333333,8.25,9,5,2,6,8,734,491,243,42,281,453,7.14320295640327,7.66802443991853,6.08276119341564,6.06666666666667,6.9364768683274,7.27143701986755,81
"82",2008,4,7.00555555555556,9,7.61,6.25,6.5,7.25,6.7,5,4,2,5,4,743,496,247,44,286,457,7.14153562584119,7.66743951612903,6.08546951417004,6.08636363636364,6.94195804195804,7.26643538293217,82
"83",2008,5,7.35294117647059,17,7.5,7.14285714285714,8,6.83333333333333,7.63636363636364,10,7,1,6,11,760,506,254,45,292,468,7.14626443421053,7.66413043478261,6.11461011811024,6.12888888888889,6.93972602739726,7.27513027777778,83
"84",2008,6,7.87333333333333,15,8.0625,7.65714285714286,7.03333333333333,7,7.93571428571429,8,7,3,1,14,775,514,261,48,293,482,7.16033673548387,7.67033073929961,6.15598072796935,6.18541666666667,6.93993174061433,7.29431736514523,84
"85",2008,7,7.33333333333333,15,7.5625,7.07142857142857,6.83333333333333,6.3,7.85,8,7,3,5,10,790,522,268,51,298,492,7.16362148101266,7.66867816091954,6.17989167910448,6.22352941176471,6.92919463087248,7.30561172764228,85
"86",2008,8,7.03125,16,8.05555555555556,5.71428571428571,5.5,6.92857142857143,7.11111111111111,9,7,4,7,9,806,531,275,55,305,501,7.16099375930521,7.67523540489642,6.16803989090909,6.17090909090909,6.92918032786885,7.30211770459082,86
"87",2008,9,6.390625,16,7.82142857142857,5.27777777777778,5.3,5.96875,6.8125,7,9,5,8,8,822,538,284,60,313,509,7.14599874695864,7.6771375464684,6.13982735915493,6.09833333333333,6.90463258785942,7.29442233791749,87
"88",2008,10,6.68181818181818,11,7.1,6.33333333333333,5.5,6.125,7,5,6,4,4,7,833,543,290,64,317,516,7.13986911164466,7.67182320441989,6.14383093103448,6.0609375,6.89479495268139,7.29042823643411,88
"89",2008,11,6.96666666666667,15,7.8,5.3,5.5,5.75,7.77777777777778,10,5,3,6,9,848,553,295,67,323,525,7.13680538915095,7.67414104882459,6.12952871186441,6.03582089552239,6.8735294117647,7.2987828,89
"90",2008,12,6.859375,16,7.52777777777778,6,6.5,6.79166666666667,6.9,9,7,2,6,10,864,562,302,69,329,535,7.13166778935185,7.67179715302491,6.12652639072848,6.04927536231884,6.87203647416413,7.29132891588785,90
"91",2009,1,7.29,20,7.48,7.1,7.6,7.5,7.22,10,10,5,5,15,884,572,312,74,334,550,7.13524996606335,7.66844405594406,6.15772746794872,6.15405405405405,6.8814371257485,7.28938358181818,91
"92",2009,2,6.59259259259259,27,7.29166666666667,6.03333333333333,6.16666666666667,5.78571428571429,6.875,12,15,6,7,20,911,584,327,80,341,570,7.11916681668496,7.66070205479452,6.15202131498471,6.155,6.85894428152493,7.27484380701754,92
"93",2009,3,6.82105263157895,19,7.96666666666667,4.85714285714286,5,5.87142857142857,7.375,12,7,3,7,12,930,596,334,83,348,582,7.11307631182796,7.66686241610738,6.12488314371257,6.11325301204819,6.83908045977011,7.27690888316151,93
"94",2009,4,7.41666666666667,18,8.77777777777778,6.05555555555556,5.16666666666667,6.71428571428571,7.86363636363636,9,9,3,7,11,948,605,343,86,355,593,7.11884068565401,7.68338842975207,6.12306405247813,6.08023255813954,6.83661971830986,7.28779252951096,94
"95",2009,5,7.075,20,7.66666666666667,6.59090909090909,6.25,5.875,7.375,9,11,4,4,16,968,614,354,90,359,609,7.11793488636364,7.68314332247557,6.13760161016949,6.08777777777778,6.82590529247911,7.29008369458128,95
"96",2009,6,6.22727272727273,11,7.125,5.71428571428571,7,4,6.72222222222222,4,7,1,2,9,979,618,361,91,361,618,7.10792744637385,7.67953074433657,6.12939326869806,6.0978021978022,6.81024930747922,7.28181386731392,96
"97",2009,7,6.75,20,6.5,6.85714285714286,6,6.22222222222222,7.18181818181818,6,14,4,9,11,999,624,375,95,370,629,7.10076173173173,7.6681891025641,6.15656258666667,6.09368421052632,6.79594594594594,7.28006513513514,97
"98",2009,8,8.08695652173913,23,7.81818181818182,8.33333333333333,7.83333333333333,7.25,8.38235294117647,11,12,3,6,17,1022,635,387,98,376,646,7.12295593933464,7.6707874015748,6.22405935400517,6.1469387755102,6.8031914893617,7.30907270897833,98
"99",2009,9,7.22222222222222,18,8.3125,6.35,6.5,7.125,7.25,8,10,5,4,14,1040,643,397,103,380,660,7.12467400961539,7.67877138413686,6.22723166246851,6.16407766990291,6.80657894736842,7.30781965151515,99
"100",2009,10,7.46111111111111,18,8.43,6.25,5,7.63333333333333,7.375,10,8,3,6,12,1058,653,405,106,386,672,7.13039789224953,7.69027565084227,6.22768140740741,6.1311320754717,6.81943005181347,7.30901930059524,100
"101",2009,11,6.70588235294118,17,7.28571428571429,6.3,6,5.8,7.08333333333333,7,10,1,5,12,1075,660,415,107,391,684,7.12368462325582,7.68598484848485,6.22942402409638,6.12990654205608,6.80639386189258,7.30505989766082,101
"102",2009,12,6.82142857142857,14,8.1875,5,4.5,6.1,7.22222222222222,8,6,2,5,9,1089,668,421,109,396,693,7.11979887052342,7.69199101796407,6.21190254156769,6.1,6.79747474747475,7.30398408369409,102
"103",2010,1,7.275,20,7.6,6.3,NA,7.9375,6.83333333333333,15,5,0,8,12,1109,683,426,109,404,705,7.12259780883679,7.68997071742313,6.21293654929577,6.1,6.82004950495049,7.2959730070922,103
"104",2010,2,6.57692307692308,13,7.64285714285714,5.33333333333333,6,4.33333333333333,7.25,7,6,1,3,10,1122,690,432,110,407,715,7.11627537433155,7.68949275362319,6.20071983796296,6.09909090909091,6.8017199017199,7.29533002797203,104
"105",2010,3,7.4375,8,7.91666666666667,6,NA,7.25,7.5,6,2,0,2,6,1130,696,434,110,409,721,7.11854953097345,7.69145114942529,6.19979486175115,6.09909090909091,6.8039119804401,7.29703324549237,105
"106",2010,4,7,7,7.4,6,7.25,NA,7,5,2,2,0,7,1137,701,436,112,409,728,7.11781967458224,7.68937232524964,6.19887837155963,6.11964285714286,6.8039119804401,7.29417715659341,106
"107",2010,5,6.40769230769231,13,6.25,6.47777777777778,6.625,6.16,6.5625,4,9,4,5,8,1150,705,445,116,414,736,7.10979214782609,7.68120567375887,6.20451903370786,6.13706896551724,6.79613526570048,7.28622414402174,107
"108",2010,6,7.125,12,7.83333333333333,6.41666666666667,6.5,6.25,7.5625,6,6,2,4,8,1162,711,451,118,418,744,7.10994919965577,7.68248945147679,6.20734139689579,6.14322033898305,6.79090909090909,7.28919485215054,108
"109",2010,7,6.5,6,7.25,5,NA,6.25,7,4,2,0,4,2,1168,715,453,118,422,746,7.1068158989726,7.68006993006993,6.20201097130243,6.14322033898305,6.78578199052133,7.2884195308311,109
"110",2010,8,6.975,12,8.45,5.5,5,5.86666666666667,7.34444444444444,6,6,2,3,9,1180,721,459,120,425,755,7.10547539830509,7.68647711511789,6.19283435729847,6.12416666666667,6.77929411764706,7.28908737748345,110
"111",2010,9,7.07692307692308,13,7.58333333333333,6.64285714285714,7,7,7.1,6,7,1,3,10,1193,727,466,121,428,765,7.10516426655491,7.68562585969739,6.19959435622318,6.13140495867769,6.78084112149533,7.28661564705883,111
"112",2010,10,6,9,6.5,5.75,8.5,5,6.28571428571429,3,6,1,2,7,1202,730,472,122,430,772,7.09688932612313,7.68075342465754,6.19387917372881,6.15081967213115,6.77255813953488,7.27754011658031,112
"113",2010,11,7.88461538461539,13,8.61111111111111,6.25,NA,9.4,6.9375,9,4,0,5,8,1215,739,476,122,435,780,7.1053176707819,7.69208389715832,6.19435077731092,6.15081967213115,6.80275862068966,7.27405252564103,113
"114",2010,12,6.86363636363636,11,6.58333333333333,7.2,7,6.75,6.92857142857143,6,5,2,4,7,1226,745,481,124,439,787,7.10314924143557,7.68315436241611,6.20480451143451,6.16451612903226,6.80227790432802,7.27097963151207,114
"115",2011,1,7.52352941176471,17,7.825,6.8,6.5,NA,7.52352941176471,12,5,2,0,17,1243,757,486,126,439,804,7.10889860820596,7.68540290620872,6.2109279218107,6.16984126984127,6.80227790432802,7.27631961442786,115
"116",2011,2,6.6,13,7.58333333333333,5.75714285714286,NA,5,7.08,6,7,0,3,10,1256,763,493,126,442,814,7.1036313455414,7.6846002621232,6.20448472616633,6.16984126984127,6.79004524886878,7.27390782555283,116
"117",2011,3,7.04705882352941,17,7.88888888888889,6.1,5.75,6.4375,7.58888888888889,9,8,4,8,9,1273,772,501,130,450,823,7.10287586017282,7.68698186528497,6.20281630738523,6.15692307692308,6.78377777777778,7.27735233292831,117
"118",2011,4,7.88571428571429,7,8.625,6.9,6,NA,7.88571428571429,4,3,1,0,7,1280,776,504,131,450,830,7.1071570078125,7.69181701030928,6.20696621031746,6.1557251908397,6.78377777777778,7.28248309638554,118
"119",2011,5,6.75,10,7.8,5.7,NA,6,6.9375,5,5,0,2,8,1290,781,509,131,452,838,7.10438834883721,7.69250960307298,6.20198618860511,6.1557251908397,6.78030973451327,7.27918970167065,119
"120",2011,6,5.64285714285714,7,6.66666666666667,4.875,NA,4,5.91666666666667,3,4,0,1,6,1297,784,513,131,453,844,7.09650036237471,7.68858418367347,6.19163931773879,6.1557251908397,6.77417218543046,7.26950351895735,120
"121",2011,7,7.25,10,7.42857142857143,6.83333333333333,NA,6,7.38888888888889,7,3,0,1,9,1307,791,516,131,454,853,7.09767480489671,7.68628318584071,6.19537009689923,6.1557251908397,6.77246696035242,7.27076315357562,121
"122",2011,8,7.61538461538461,13,8.28571428571429,6.83333333333333,7,7.25,7.77777777777778,7,6,2,4,9,1320,798,522,133,458,862,7.10277346212121,7.69154135338346,6.20270300766284,6.16842105263158,6.77663755458515,7.27605680974478,122
"123",2011,9,6.99166666666667,12,7.68,6.5,NA,6.46666666666667,7.16666666666667,5,7,0,3,9,1332,803,529,133,461,871,7.1017725,7.6914694894147,6.20663699432892,6.16842105263158,6.77462039045553,7.27492648679679,123
"124",2011,10,7.7,10,8.5,7.35714285714286,7.33333333333333,9,7.375,3,7,3,2,8,1342,806,536,136,463,879,7.10623023099851,7.69447890818859,6.22166225746269,6.19411764705882,6.78423326133909,7.27583728100114,124
"125",2011,11,7.8,11,7.65,8.2,NA,7.675,7.87142857142857,8,3,0,4,7,1353,814,539,136,467,886,7.11187063562454,7.69404176904177,6.23267341372913,6.19411764705882,6.79186295503212,7.28054285553048,125
"126",2011,12,7.125,12,7.33333333333333,6.5,8.5,5.25,7.5,9,3,1,2,10,1365,823,542,137,469,896,7.11198605860806,7.69009720534629,6.23415308118081,6.21094890510949,6.78528784648188,7.28299215401786,126
"127",2012,1,7.09411764705882,17,7.45555555555556,6.6875,7.5,7.5,7.06875,9,8,1,1,16,1382,832,550,138,470,912,7.11176625904486,7.68756009615385,6.24074721818182,6.22028985507246,6.7868085106383,7.27923351973684,127
"128",2012,2,7.29375,16,7.5,6.675,7,7.16666666666667,7.37,12,4,1,6,10,1398,844,554,139,476,922,7.11384904864092,7.68489336492891,6.24388261732852,6.22589928057554,6.79159663865546,7.28021797180044,128
"129",2012,3,7.25714285714286,7,7.96,5.5,NA,8.5,6.76,5,2,0,2,5,1405,849,556,139,478,927,7.11456296797153,7.68651354534747,6.24120678057554,6.22589928057554,6.79874476987448,7.27741204962244,129
"130",2012,4,6.55555555555556,9,7.25,6,8,6.25,6.8,4,5,1,4,5,1414,853,561,140,482,932,7.11100492927864,7.68446658851114,6.23905698752228,6.23857142857143,6.79419087136929,7.27485082618026,130
"131",2012,5,7.21,10,7.1375,7.5,NA,8,7.12222222222222,8,2,0,1,9,1424,861,563,140,483,941,7.11170011938202,7.67938443670151,6.24353635879218,6.23857142857143,6.79668737060041,7.27339104144527,131
"132",2012,6,6.91428571428571,14,7.41666666666667,6.5375,6.5,6.76666666666667,6.95454545454545,6,8,2,3,11,1438,867,571,142,486,952,7.10977814325452,7.67756632064591,6.24765493870403,6.24225352112676,6.79650205761317,7.26970690126051,132
"133",2012,7,7.29222222222222,9,7,7.526,8.5,8,6.93833333333333,4,5,2,3,6,1447,871,576,144,489,958,7.11091290255701,7.67445464982779,6.25875168402778,6.27361111111111,6.8038854805726,7.26763149269311,133
"134",2012,8,8.00555555555556,9,8.00625,8,8,8.125,7.97142857142857,8,1,1,2,7,1456,879,577,145,491,965,7.1164429739011,7.67747440273038,6.26176944540728,6.28551724137931,6.80926680244399,7.27273675647669,134
"135",2012,9,6.7,5,6.75,6.66666666666667,NA,7,6.625,2,3,0,1,4,1461,881,580,145,492,969,7.11501777549624,7.67536889897843,6.26386374137931,6.28551724137931,6.80965447154472,7.27006292053664,135
"136",2012,10,6.72222222222222,9,7.25,6.3,NA,7,6.6875,4,5,0,1,8,1470,885,585,145,493,977,7.1126129047619,7.67344632768362,6.2641725982906,6.28551724137931,6.81004056795132,7.26529270214944,136
"137",2012,11,6.75,8,7.66666666666667,6.2,NA,5.83333333333333,7.3,3,5,0,3,5,1478,888,590,145,496,982,7.1106501826793,7.67342342342342,6.26362876271186,6.28551724137931,6.80413306451613,7.26546941955194,137
"138",2012,12,6.97777777777778,9,7.4,5.5,NA,3,7.475,7,2,0,1,8,1487,895,592,145,497,990,7.10984597848016,7.67128491620112,6.26104893581081,6.28551724137931,6.79647887323944,7.2671625959596,138
"139",2013,1,7.75,10,8.5,6.625,NA,8,7.6875,6,4,0,2,8,1497,901,596,145,499,998,7.1141222244489,7.67680355160932,6.26349156040268,6.28551724137931,6.80130260521042,7.27053203406814,139
"140",2013,2,8.08333333333333,12,8.28571428571429,7.8,8,8.5,8,7,5,2,2,10,1509,908,601,147,501,1008,7.12182966865474,7.68149779735683,6.27627449251248,6.30884353741497,6.80808383233533,7.27776881944445,140
"141",2013,3,7,9,6.375,7.5,8,7.5,6.9375,4,5,1,1,8,1518,912,606,148,502,1016,7.12110735836627,7.67576754385965,6.28637123762376,6.32027027027027,6.80946215139442,7.27508953740158,141
"142",2013,4,7.66666666666667,3,7.66666666666667,NA,NA,NA,7.66666666666667,3,0,0,0,3,1521,915,606,148,502,1019,7.1221834122288,7.67573770491803,6.28637123762376,6.32027027027027,6.80946215139442,7.27624236506379,142
"143",2013,5,6.77777777777778,9,7.16666666666667,6,7,NA,6.77777777777778,6,3,1,0,9,1530,921,609,149,502,1028,7.12015749673203,7.67242128121607,6.28496054187192,6.3248322147651,6.80946215139442,7.27187837548638,143
"144",2013,6,7.14285714285714,7,7,7.5,8,8,7,5,2,1,1,6,1537,926,611,150,503,1034,7.12026087833442,7.66879049676026,6.28893775777414,6.336,6.81182902584493,7.27030074468085,144
"145",2013,7,6.10714285714286,7,6.6875,5.33333333333333,NA,NA,6.10714285714286,4,3,0,0,7,1544,930,614,150,503,1041,7.11566772668394,7.66456989247312,6.28426868078176,6.336,6.81182902584493,7.2624793179635,145
"146",2013,8,7.6,5,8,7,NA,NA,7.6,3,2,0,0,5,1549,933,616,150,503,1046,7.11723109748225,7.66564844587353,6.28659248376623,6.336,6.81182902584493,7.26409270554494,146
"147",2013,9,7.98333333333333,6,7.98,8,NA,9.95,7,5,1,0,2,4,1555,938,617,150,505,1050,7.12057297106109,7.66732409381663,6.28936948136143,6.336,6.82425742574257,7.26308663809524,147
"148",2013,10,8.2,7,8.75,7.46666666666667,5,8.75,7.98,4,3,1,2,5,1562,942,620,151,507,1055,7.12541035211268,7.67192144373673,6.29506608064516,6.3271523178808,6.8318540433925,7.26648433175356,148
"149",2013,11,6.18571428571429,7,7,5.86,NA,7,6.05,2,5,0,1,6,1569,944,625,151,508,1061,7.1212179541109,7.67049788135593,6.291585552,6.3271523178808,6.83218503937008,7.25960506126296,149
"150",2013,12,7,1,7,NA,NA,NA,7,1,0,0,0,1,1570,945,625,151,508,1062,7.12114074522293,7.66978835978836,6.291585552,6.3271523178808,6.83218503937008,7.25936061205273,150
"151",2014,1,7.09090909090909,11,8.875,6.07142857142857,NA,7,7.14285714285714,4,7,0,4,7,1581,949,632,151,512,1069,7.12093040480708,7.67486828240253,6.28914710443038,6.3271523178808,6.83349609375,7.25859772684752,151
"152",2014,2,6.5,8,6.8,6,7,7,6.33333333333333,5,3,1,2,6,1589,954,635,152,514,1075,7.11780426054122,7.67028301886793,6.28778105511811,6.33157894736842,6.8341439688716,7.25343346046512,152
"153",2014,3,6.83333333333333,9,7.625,6.2,8,5.25,7.28571428571429,4,5,1,2,7,1598,958,640,153,516,1082,7.11620210888611,7.67009394572025,6.287095265625,6.34248366013072,6.82800387596899,7.2536423012939,153
"154",2014,4,7.16666666666667,6,8.5,6.5,NA,7,7.25,2,4,0,2,4,1604,960,644,153,518,1086,7.11639087905237,7.67182291666667,6.2884176552795,6.34248366013072,6.82866795366795,7.25362888581952,154
"155",2014,5,7.5,10,7.66666666666667,7.25,7,8,7.375,6,4,1,2,8,1614,966,648,154,520,1094,7.1187676394052,7.67179089026915,6.29435334876543,6.34675324675325,6.83317307692308,7.25451642595978,155
"156",2014,6,6.75,6,6.83333333333333,6.66666666666667,6,5.875,8.5,3,3,1,4,2,1620,969,651,155,524,1096,7.11740183333333,7.66919504643963,6.29606907834101,6.34451612903226,6.82585877862595,7.25678920620438,156
"157",2014,7,7.18,5,6.6,8.05,8.1,NA,7.18,3,2,1,0,5,1625,972,653,156,524,1101,7.11759444307692,7.6658950617284,6.30144099540582,6.35576923076923,6.82585877862595,7.25644048138057,157
"158",2014,8,7.625,4,5,8.5,NA,9,7.16666666666667,1,3,0,1,3,1629,973,656,156,525,1104,7.11884037446286,7.66315519013361,6.31149538109756,6.35576923076923,6.83,7.2561965307971,158
"159",2014,9,8.08333333333333,6,9.5,7.375,8,8,8.1,2,4,1,1,5,1635,975,660,157,526,1109,7.12237979816514,7.66692307692308,6.31794086363636,6.36624203821656,6.83222433460076,7.26000087466186,159
"160",2014,10,6.47142857142857,7,7.625,4.93333333333333,6.8,5.26666666666667,7.375,4,3,1,3,4,1642,979,663,158,529,1113,7.1196047320341,7.66675178753831,6.31167567119155,6.36898734177215,6.82334593572779,7.26041416891285,160
"161",2014,11,6.5,6,7.5,6,4,3,7.2,2,4,2,1,5,1648,981,667,160,530,1118,7.1173488895631,7.66641182466871,6.30980655172414,6.339375,6.8161320754717,7.26014398032201,161
"162",2014,12,7.5,4,8,7,NA,9,7,2,2,0,1,3,1652,983,669,160,531,1121,7.11827540556901,7.66709053916582,6.3118699103139,6.339375,6.82024482109228,7.25944778768956,162
"163",2015,1,7.58333333333333,6,7.58333333333333,NA,NA,10,7.1,6,0,0,1,5,1658,989,669,160,532,1126,7.1199583655006,7.66658240647118,6.3118699103139,6.339375,6.82622180451128,7.25873976021315,163
"164",2015,2,5.42857142857143,7,6.75,3.66666666666667,4,4.5,5.8,4,3,1,2,5,1665,993,672,161,534,1131,7.11284742942943,7.66289023162135,6.30006096726191,6.32484472049689,6.81750936329588,7.25229086648983,164
"165",2015,3,8.4,5,9,6,NA,NA,8.4,4,1,0,0,5,1670,997,673,161,534,1136,7.11670117964072,7.66825476429288,6.29961511144131,6.32484472049689,6.81750936329588,7.25734240316902,165
"166",2015,4,7.75454545454545,11,8.38333333333333,7,NA,7,8.18571428571429,6,5,0,4,7,1681,1003,678,161,538,1143,7.12087505651398,7.67253240279163,6.30478019174041,6.32484472049689,6.81886617100372,7.26302797025372,166
"167",2015,5,6.8,5,7,6.66666666666667,6,6.66666666666667,7,2,3,1,3,2,1686,1005,681,162,541,1145,7.11992346975089,7.67119402985075,6.30637440528634,6.32283950617284,6.81802218114603,7.26256853275109,167
"168",2015,6,6.65,4,7,6.3,5,5,7.2,2,2,1,1,3,1690,1007,683,163,542,1148,7.11881122485207,7.66986097318769,6.30635573938507,6.31472392638037,6.81466789667897,7.2624050261324,168
"169",2015,7,6.8,5,8,6.5,7.5,NA,6.8,1,4,2,0,5,1695,1008,687,165,542,1153,7.11787077876106,7.67018849206349,6.30748321688501,6.32909090909091,6.81466789667897,7.26039980052038,169
"170",2015,8,8.25,2,8.25,NA,NA,6.5,10,2,0,0,1,1,1697,1010,687,165,543,1154,7.11920505008839,7.67133663366337,6.30748321688501,6.32909090909091,6.81408839779006,7.26277380415945,170
"171",2015,9,7.29166666666667,6,7.95,4,NA,9,6.95,5,1,0,1,5,1703,1015,688,165,544,1159,7.11981266588373,7.67270935960591,6.30412931686047,6.32909090909091,6.81810661764706,7.26142447799827,171
"172",2015,10,6,4,5.5,6.5,6.5,NA,6,2,2,2,0,4,1707,1017,690,167,544,1163,7.11718861745753,7.66843657817109,6.30469705797102,6.3311377245509,6.81810661764706,7.25708595872743,172
"173",2015,11,6.625,4,NA,6.625,NA,5,7.16666666666667,0,4,0,1,3,1711,1017,694,167,545,1166,7.11603797194623,7.66843657817109,6.30654318443804,6.3311377245509,6.81477064220184,7.25685331903945,173
"174",2015,12,6.87777777777778,9,8,5.98,6,6,7.12857142857143,4,5,1,2,7,1720,1021,699,168,547,1173,7.1147912616279,7.66973555337904,6.3042073962804,6.32916666666667,6.8117915904936,7.25608778346121,174
"175",2016,1,7.11111111111111,9,7.5,6.33333333333333,7,8.66666666666667,6.33333333333333,6,3,1,3,6,1729,1027,702,169,550,1179,7.11477210526316,7.66874391431354,6.30433186609687,6.33313609467456,6.82190909090909,7.25139183206107,175
"176",2016,2,7.8,4,8.73333333333333,5,NA,7.9,7.76666666666667,3,1,0,1,3,1733,1030,703,169,551,1182,7.11635370455857,7.67184466019418,6.30247648648649,6.33313609467456,6.82386569872958,7.25269963620981,176
"177",2016,3,6.75,4,9,6,8,5,8.5,1,3,1,2,2,1737,1031,706,170,553,1184,7.11551005757052,7.67313288069835,6.30119117563739,6.34294117647059,6.81726943942134,7.2548065625,177
"178",2016,4,6.66666666666667,3,8,6,6,6,8,1,2,1,2,1,1740,1032,708,171,555,1185,7.11473618965517,7.6734496124031,6.30034035310735,6.34093567251462,6.81432432432433,7.25543541772152,178
"179",2016,5,7.8,5,7.8,NA,NA,9,7.5,5,0,0,1,4,1745,1037,708,171,556,1189,7.11669969627507,7.67405978784957,6.30034035310735,6.34093567251462,6.81825539568345,7.25625817493692,179
"180",2016,6,5.6,5,7,3.5,5,NA,5.6,3,2,1,0,5,1750,1040,710,172,556,1194,7.11236626857143,7.67211538461539,6.29245207042254,6.33313953488372,6.81825539568345,7.24932242043551,180
"181",2016,7,7.1,10,7.42857142857143,6.33333333333333,NA,6.5,7.25,7,3,0,2,8,1760,1047,713,172,558,1202,7.11229600568182,7.67048710601719,6.29262408134642,6.33313953488372,6.8171146953405,7.24932693011647,181
"182",2016,8,6.3,5,8,3.75,3,6,6.5,3,2,1,2,3,1765,1050,715,173,560,1205,7.10999488385269,7.67142857142857,6.28551184615385,6.31387283236994,6.81419642857143,7.24746138589212,182
"183",2016,9,6.1,10,7.6,4.6,5,6.5,6,5,5,2,2,8,1775,1055,720,175,562,1213,7.10430477183098,7.67109004739337,6.27380690277778,6.29885714285714,6.81307829181495,7.2392341055235,183
"184",2016,10,6.875,6,7,6.75,6.25,6.125,7.25,3,3,1,2,4,1781,1058,723,176,564,1217,7.10353226838854,7.66918714555766,6.27578280774551,6.29857954545454,6.81063829787234,7.23926949055053,184
"185",2016,11,6.83333333333333,6,8.5,6,7,6,7,2,4,1,1,5,1787,1060,727,177,565,1222,7.10262505316172,7.67075471698113,6.27426543328748,6.30254237288136,6.80920353982301,7.23829048281506,185
"186",2016,12,6.66666666666667,3,NA,6.66666666666667,NA,7,6.5,0,3,0,1,2,1790,1060,730,177,566,1224,7.10189439664804,7.67075471698113,6.27587804109589,6.30254237288136,6.8095406360424,7.23708412581699,186
"187",2017,1,7.57692307692308,13,8,6.9,6.5,7,7.83333333333333,8,5,2,4,9,1803,1068,735,179,570,1233,7.10531945091514,7.67322097378277,6.28012376870748,6.30474860335196,6.81087719298246,7.24143630981346,187
"188",2017,2,6.25,6,6.5,6.125,NA,6.5,6.125,2,4,0,2,4,1809,1070,739,179,572,1237,7.10248257048093,7.67102803738318,6.27928412719892,6.30474860335196,6.80979020979021,7.23782616814875,188
"189",2017,3,7.33333333333333,6,7.5,7.25,7,NA,7.33333333333333,2,4,1,0,6,1815,1072,743,180,572,1243,7.10324571349862,7.67070895522388,6.2845100538358,6.30861111111111,6.80979020979021,7.2382871842317,189
"190",2017,4,6.625,8,7,6.4,6.5,NA,6.625,3,5,1,0,8,1823,1075,748,181,572,1251,7.10114699396599,7.66883720930233,6.28528204545455,6.30966850828729,6.80979020979021,7.23436528377298,190
"191",2017,5,8.07142857142857,7,8.4,7.25,NA,NA,8.07142857142857,5,2,0,0,7,1830,1080,750,181,572,1258,7.10485845355191,7.67222222222222,6.28785462666667,6.30966850828729,6.80979020979021,7.23902302861685,191
"192",2017,6,6.875,8,8,6.2,10,6.25,7.5,3,5,1,4,4,1838,1083,755,182,576,1262,7.10385798150163,7.67313019390582,6.28727280794702,6.32994505494506,6.80590277777778,7.23985021394612,192
"193",2017,7,7.8,5,8,7.5,NA,NA,7.8,3,2,0,0,5,1843,1086,757,182,576,1267,7.10574659251221,7.67403314917127,6.29047684280053,6.32994505494506,6.80590277777778,7.24206074980268,193
"194",2017,8,6.74,5,7.23333333333333,6,6,7.23333333333333,6,3,2,1,3,2,1848,1089,759,183,579,1269,7.10475701839827,7.67281910009183,6.2897114229249,6.32814207650273,6.80811744386874,7.2401032072498,194
"195",2017,9,7.28571428571429,7,8,6.33333333333333,NA,8.5,6.8,4,3,0,2,5,1855,1093,762,183,581,1274,7.10543987601078,7.6740164684355,6.28988316272966,6.32814207650273,6.81394148020654,7.23837595761381,195
"196",2017,10,6.72222222222222,9,7.25,6.3,6,8,6.5625,4,5,1,1,8,1864,1097,767,184,582,1282,7.10358957618026,7.67247037374658,6.28994911342894,6.32635869565217,6.8159793814433,7.23415832293292,196
"197",2017,11,7.32,5,8.5,6.53333333333333,4,4,8.15,2,3,1,1,4,1869,1099,770,185,583,1286,7.10416852327448,7.67397634212921,6.29089736363636,6.31378378378378,6.81114922813036,7.23700697511664,197
"198",2017,12,7.66666666666667,6,7.6,8,NA,NA,7.66666666666667,5,1,0,0,6,1875,1104,771,185,583,1292,7.10596851733333,7.67364130434783,6.29311409857328,6.31378378378378,6.81114922813036,7.23900229876161,198
"199",2018,1,5.9,5,7.5,4.83333333333333,5.5,NA,5.9,2,3,1,0,5,1880,1106,774,186,583,1297,7.10276115425532,7.67332730560579,6.28745603359173,6.30940860215054,6.81114922813036,7.23384037779491,199
"200",2018,2,8.14285714285714,7,8.5,8,7,7,8.33333333333333,2,5,2,1,6,1887,1108,779,188,584,1303,7.10661948595654,7.67481949458484,6.29844797175867,6.31675531914894,6.81147260273973,7.23890327705295,200
"201",2018,3,7.84714285714286,7,7.74,8.115,7.7,8.64333333333333,7.25,5,2,1,3,4,1894,1113,781,189,587,1307,7.10935637275607,7.67511230907457,6.30309983354674,6.32407407407407,6.82083475298126,7.2389372379495,201
"202",2018,4,8,6,7.75,8.5,8.5,7,8.2,4,2,2,1,5,1900,1117,783,191,588,1312,7.11216893157895,7.67538048343778,6.30871132822478,6.34685863874346,6.82113945578231,7.24259982469512,202
"203",2018,5,6.5,5,7,6.375,NA,7,6.375,1,4,0,1,4,1905,1118,787,191,589,1316,7.11056218897638,7.67477638640429,6.30904824650572,6.34685863874346,6.82144312393888,7.23996274316109,203
"204",2018,6,7,8,8.66666666666667,6,6,6,7.33333333333333,3,5,1,2,6,1913,1121,792,192,591,1322,7.11009982749608,7.67743086529884,6.30709718434343,6.34505208333333,6.81866328257191,7.2403865128593,204
"205",2018,7,6.83333333333333,6,7.25,6,NA,NA,6.83333333333333,4,2,0,0,6,1919,1125,794,192,591,1328,7.10923448150078,7.67591111111111,6.30632363979849,6.34505208333333,6.81866328257191,7.23854741716867,205
"206",2018,8,7.6,5,7.66666666666667,7.5,NA,7,7.75,3,2,0,1,4,1924,1128,796,192,592,1332,7.11050985966736,7.6758865248227,6.30932282663317,6.34505208333333,6.81896959459459,7.24008331081081,206
"207",2018,9,6.73333333333333,6,6.46666666666667,7,6.5,6,6.88,3,3,2,1,5,1930,1131,799,194,593,1337,7.10933729015544,7.67267904509284,6.31191610763454,6.34664948453608,6.81758853288364,7.23873670157068,207
"208",2018,10,7.52857142857143,7,7.61666666666667,7,NA,NA,7.52857142857143,6,1,0,0,7,1937,1137,800,194,593,1344,7.11085233350542,7.67238346525946,6.3127762125,6.34664948453608,6.81758853288364,7.24024625744048,208
"209",2018,11,6.85714285714286,7,7.75,5.66666666666667,NA,6.4,8,4,3,0,5,2,1944,1141,803,194,598,1346,7.10993877057613,7.6726555652936,6.31036235367372,6.34664948453608,6.81409698996656,7.24137516344725,209
"210",2018,12,7.5,6,7,7.75,NA,NA,7.5,2,4,0,0,6,1950,1143,807,194,598,1352,7.11113895897436,7.67147856517935,6.31749810408922,6.34664948453608,6.81409698996656,7.24252290680473,210
"211",2019,1,7.49,10,7.98333333333333,6.75,NA,NA,7.49,6,4,0,0,10,1960,1149,811,194,598,1362,7.11307192346939,7.67310704960836,6.31963128236745,6.34664948453608,6.81409698996656,7.24433991923642,211
"212",2019,2,6.33333333333333,3,6.33333333333333,NA,NA,NA,6.33333333333333,3,0,0,0,3,1963,1152,811,194,598,1365,7.1118802699949,7.66961805555556,6.31963128236745,6.34664948453608,6.81409698996656,7.24233770695971,212
"213",2019,3,7.1,10,7.625,5,5,7,7.125,8,2,1,2,8,1973,1160,813,195,600,1373,7.11182005575266,7.66931034482759,6.31638495694957,6.33974358974359,6.81471666666667,7.2416540203933,213
"214",2019,4,6.83333333333333,9,7.64285714285714,4,NA,NA,6.83333333333333,7,2,0,0,9,1982,1167,815,195,600,1382,7.11055548435923,7.66915167095116,6.31070057668712,6.33974358974359,6.81471666666667,7.23899491316932,214
"215",2019,5,4.66666666666667,3,NA,4.66666666666667,6,NA,4.66666666666667,0,3,1,0,3,1985,1167,818,196,600,1385,7.10686194962217,7.66915167095116,6.30467111246944,6.33801020408163,6.81471666666667,7.23342308303249,215
"216",2019,6,7.95,4,8.26666666666667,7,NA,NA,7.95,3,1,0,0,4,1989,1170,819,196,600,1389,7.10855755153343,7.67068376068376,6.30552010989011,6.33801020408163,6.81471666666667,7.23548665946724,216
"217",2019,7,6.4,5,7,6,NA,8,6,2,3,0,1,4,1994,1172,822,196,601,1393,7.10678082748245,7.66953924914676,6.3044050729927,6.33801020408163,6.81668885191348,7.23193895908112,217
"218",2019,8,7.66666666666667,3,8,7,7,8,7.5,2,1,1,1,2,1997,1174,823,197,602,1395,7.10762191787681,7.67010221465077,6.3052502673147,6.34137055837563,6.81865448504983,7.23232327598566,218
"219",2019,9,6.25,4,6.66666666666667,5,NA,NA,6.25,3,1,0,0,4,2001,1177,824,197,602,1399,7.10590753123438,7.66754460492778,6.30366622572816,6.34137055837563,6.81865448504983,7.22951463187991,219
"220",2019,10,6.18,4,7.36,5,5,NA,6.18,2,2,1,0,4,2005,1179,826,198,602,1403,7.10406033416459,7.66702290076336,6.30050964891041,6.33459595959596,6.81865448504983,7.22652243050606,220
"221",2019,11,8.125,8,7.25,9,NA,NA,8.125,4,4,0,0,8,2013,1183,830,198,602,1411,7.10811771982116,7.66561284868977,6.31351924096386,6.33459595959596,6.81865448504983,7.23161656272147,221
"222",2019,12,7.5,6,7.5,NA,NA,8,7.25,6,0,0,2,4,2019,1189,830,198,604,1415,7.10928230312035,7.66477712363331,6.31351924096386,6.33459595959596,6.82256622516556,7.23166853003533,222
"223",2020,1,7.25,4,7.66666666666667,6,NA,7,7.33333333333333,3,1,0,1,3,2023,1192,831,198,605,1418,7.10956053880376,7.66478187919463,6.31314196149218,6.33459595959596,6.82285950413223,7.23188361777151,223
"224",2020,2,7.42307692307692,13,7.85714285714286,6.91666666666667,8,6,7.68181818181818,7,6,1,2,11,2036,1199,837,199,607,1429,7.11156236247544,7.66590492076731,6.31746830346476,6.3429648241206,6.82014827018122,7.23534707487754,224
"225",2020,3,7.16666666666667,6,7,7.33333333333333,6,6.33333333333333,8,3,3,1,3,3,2042,1202,840,200,610,1432,7.11172427522037,7.66424292845258,6.32109639285714,6.34125,6.81775409836066,7.23694900139665,225
"226",2020,4,6,2,6,NA,NA,4,8,2,0,0,1,1,2044,1204,840,200,611,1433,7.11063648238747,7.66147840531561,6.32109639285714,6.34125,6.81314238952537,7.23748148639218,226
"227",2020,5,4,2,4,NA,NA,NA,4,2,0,0,0,2,2046,1206,840,200,611,1435,7.10759578201368,7.65540630182421,6.32109639285714,6.34125,6.81314238952537,7.23296931707317,227
"228",2020,6,7.2,5,7.25,7,7,7,7.25,4,1,1,1,4,2051,1210,841,201,612,1439,7.10782104826914,7.65406611570248,6.32190365041617,6.34452736318408,6.8134477124183,7.23301665740097,228
"229",2020,7,7,6,7.66666666666667,6.33333333333333,7,NA,7,3,3,1,0,6,2057,1213,844,202,612,1445,7.10750654837141,7.65409727947238,6.32194427725118,6.34777227722772,6.8134477124183,7.23204911418685,229
"230",2020,8,7.5,4,8.5,6.5,5,8,7.33333333333333,2,2,1,1,3,2061,1215,846,203,613,1448,7.10826830179524,7.65548971193416,6.32236521276596,6.34113300492611,6.81538336052202,7.23225895718232,230
"231",2020,9,7.6875,8,7.91666666666667,7,5,8.25,7.5,6,2,1,2,6,2069,1221,848,204,615,1454,7.11050796036733,7.65677313677314,6.32396340801887,6.33455882352941,6.8200487804878,7.23336380330124,231
"232",2020,10,7.92851833333333,6,8.52370333333333,7.33333333333333,6.5,8.76,7.762222,3,3,2,1,5,2075,1224,851,206,616,1459,7.11287329156626,7.65889796568628,6.32752170387779,6.33616504854369,6.82319805194805,7.23517620287868,232
"233",2020,11,6.88,3,6.88,NA,NA,NA,6.88,3,0,0,0,3,2078,1227,851,206,616,1462,7.112537093359,7.65699356968215,6.32752170387779,6.33616504854369,6.82319805194805,7.2344473871409,233
"234",2020,12,6,4,7,5.66666666666667,3.5,6,6,1,3,2,1,3,2082,1228,854,208,617,1465,7.11039965417867,7.65645855863192,6.32520019906323,6.30889423076923,6.82186385737439,7.23191950853242,234
"235",2021,1,6.125,8,5.75,6.5,4.5,NA,6.125,4,4,2,0,8,2090,1232,858,210,617,1473,7.10662778947368,7.65026875811688,6.32601511655012,6.29166666666667,6.82186385737439,7.2259077257298,235
"236",2021,2,7.5,2,NA,7.5,NA,NA,7.5,0,2,0,0,2,2092,1232,860,210,617,1475,7.10700386233269,7.65026875811688,6.32874531395349,6.29166666666667,6.82186385737439,7.22627937627119,236
"237",2021,3,5.45,5,8.5,3.41666666666667,2,3.25,6,2,3,1,1,4,2097,1234,863,211,618,1479,7.10305297091082,7.65164595623987,6.31862221320973,6.27132701421801,6.81608414239482,7.22296286680189,237
"238",2021,4,10,1,10,NA,NA,NA,10,1,0,0,0,1,2098,1235,863,211,618,1480,7.10443378455672,7.65354745748988,6.31862221320973,6.27132701421801,6.81608414239482,7.22483924324324,238
"239",2021,5,7.66666666666667,3,8,7.5,7,NA,7.66666666666667,1,2,1,0,3,2101,1236,865,212,618,1483,7.105236592099,7.65382775889968,6.32135372254335,6.2747641509434,6.81608414239482,7.22573302764666,239
"240",2021,6,4.5,2,6,3,NA,NA,4.5,1,1,0,0,2,2103,1237,866,212,618,1485,7.10275895387541,7.65249079223929,6.31751844110854,6.2747641509434,6.81608414239482,7.22206200673401,240
"241",2021,7,7.66666666666667,3,7,9,NA,7,9,2,1,0,2,1,2106,1239,867,212,620,1486,7.10356224121557,7.65143753833737,6.32061242214533,6.2747641509434,6.81667741935484,7.22325846567968,241
"242",2021,8,6.8125,8,7.5,6.58333333333333,7.75,4,7.21428571428571,2,6,2,1,7,2114,1241,873,214,621,1493,7.10246077578051,7.65119348106366,6.32241806414662,6.28855140186916,6.81214170692432,7.22321639651708,242
"243",2021,9,7,3,7,7,NA,NA,7,2,1,0,0,3,2117,1243,874,214,621,1496,7.10231557864903,7.65014570394208,6.32319332951945,6.28855140186916,6.81214170692432,7.22276877005347,243
"244",2021,10,5.75,4,6.5,5,7,5,6.5,2,2,1,2,2,2121,1245,876,215,623,1498,7.09976524280999,7.64829808032129,6.32017234018265,6.29186046511628,6.80632423756019,7.2218037917223,244
"245",2021,11,6,2,NA,6,NA,NA,6,0,2,0,0,2,2123,1245,878,215,623,1500,7.09872919453603,7.64829808032129,6.31944301822324,6.29186046511628,6.80632423756019,7.22017472,245
"246",2021,12,7.5,2,9,6,6,6,9,1,1,1,1,1,2125,1246,879,216,624,1501,7.09910686117647,7.64938291332263,6.31907960182025,6.29050925925926,6.80503205128205,7.22136047968021,246
"247",2022,1,7.25,6,7.1,8,NA,NA,7.25,5,1,0,0,6,2131,1251,880,216,624,1507,7.09953171281089,7.64718713828937,6.32098973863636,6.29050925925926,6.80503205128205,7.22147450564034,247
"248",2022,2,6.91666666666667,6,6.75,7,8,6,7.1,2,4,1,1,5,2137,1253,884,217,625,1512,7.09901828731867,7.64575507581804,6.32406218325792,6.29838709677419,6.803744,7.2210728042328,248
"249",2022,3,2,2,NA,2,NA,3,1,0,2,0,1,1,2139,1253,886,217,626,1513,7.09425062178588,7.64575507581804,6.31430132054176,6.29838709677419,6.79766773162939,7.21696105750165,249
"250",2022,4,6.75,2,6,7.5,NA,NA,6.75,1,1,0,0,2,2141,1254,887,217,626,1515,7.0939290425035,7.64444267145136,6.31563807215333,6.29838709677419,6.79766773162939,7.21634460726073,250
"251",2022,5,7.125,4,7.16666666666667,7,NA,7,7.16666666666667,3,1,0,1,3,2145,1257,888,217,627,1518,7.09398698368298,7.64330239459029,6.31640875,6.29838709677419,6.79799043062201,7.21624642951252,251
"252",2022,6,8.975,4,8.975,NA,NA,9.9,8.66666666666667,4,0,0,1,3,2149,1261,888,217,628,1521,7.09748817124244,7.64752665344964,6.31640875,6.29838709677419,6.80292993630573,7.21910721893491,252
"253",2022,7,6.16666666666667,3,9,4.75,NA,NA,6.16666666666667,1,2,0,0,3,2152,1262,890,217,628,1524,7.09619055762082,7.64859834389857,6.31288873033708,6.29838709677419,6.80292993630573,7.2170354855643,253
"254",2022,8,7.46,5,NA,7.46,NA,NA,7.46,0,5,0,0,5,2157,1262,895,217,628,1529,7.09703388038943,7.64859834389857,6.31929717318436,6.29838709677419,6.80292993630573,7.21783000654022,254
"255",2022,9,7.28571428571429,7,7.375,7.16666666666667,NA,7.25,7.3,4,3,0,2,5,2164,1266,898,217,630,1534,7.09764421441774,7.64773389415482,6.32212802895323,6.29838709677419,6.80434920634921,7.2180978357236,255
"256",2022,10,7.11111111111111,9,8,5.33333333333333,NA,7,7.16666666666667,6,3,0,3,6,2173,1272,901,217,633,1540,7.09769999079613,7.64939552672956,6.31883570477248,6.29838709677419,6.80527646129542,7.21789745454545,256
"257",2022,11,6.33333333333333,3,NA,6.33333333333333,NA,NA,6.33333333333333,0,3,0,0,3,2176,1272,904,217,633,1543,7.09664617647059,7.64939552672956,6.31888381637168,6.29838709677419,6.80527646129542,7.21617762799741,257
"258",2022,12,6.33333333333333,6,7,5,NA,8,6,4,2,0,1,5,2182,1276,906,217,634,1548,7.09454724106324,7.64735980407523,6.31597237306843,6.29838709677419,6.80716088328076,7.21224940568475,258
