"","year","month","avg_rating","no_ratings","avg_rating_owned","avg_rating_not_owned","avg_rating_prev_owned","avg_rating_comment","avg_rating_no_comment","no_ratings_owned","no_ratings_not_owned","no_ratings_prev_owned","no_ratings_comment","no_ratings_no_comment","cum_no_ratings","cum_no_ratings_owned","cum_no_ratings_not_owned","cum_no_ratings_prev_owned","cum_no_ratings_comment","cum_no_ratings_no_comment","cum_avg_rating","cum_avg_rating_owned","cum_avg_rating_not_owned","cum_avg_rating_prev_owned","cum_avg_rating_comment","cum_avg_rating_no_comment","month_after_release"
"1",2006,12,8,1,NA,8,NA,NA,8,0,1,0,0,1,1,0,1,0,0,1,8,NA,8,NA,NA,8,-8
"2",2007,1,8.75,2,NA,8.75,NA,8.75,NA,0,2,0,2,0,3,0,3,0,2,1,8.5,NA,8.5,NA,8.75,8,-7
"3",2007,3,8.5,2,NA,8.5,NA,8.5,NA,0,2,0,2,0,5,0,5,0,4,1,8.5,NA,8.5,NA,8.625,8,-5
"4",2007,6,9,1,NA,9,NA,NA,9,0,1,0,0,1,6,0,6,0,4,2,8.58333333333333,NA,8.58333333333333,NA,8.625,8.5,-2
"5",2007,7,9,1,NA,9,NA,NA,9,0,1,0,0,1,7,0,7,0,4,3,8.64285714285714,NA,8.64285714285714,NA,8.625,8.66666666666667,-1
"6",2007,8,8.25,6,8,8.3,NA,8,8.375,1,5,0,2,4,13,1,12,0,6,7,8.46153846153846,8,8.5,NA,8.41666666666667,8.5,0
"7",2007,9,7.57142857142857,7,NA,7.57142857142857,NA,6.75,8.66666666666667,0,7,0,4,3,20,1,19,0,10,10,8.15,8,8.1578947368421,NA,7.75,8.55,1
"8",2007,10,7.73333333333333,45,8.335,7.252,7.83333333333333,7.20454545454545,8.23913043478261,20,25,3,22,23,65,21,44,3,32,33,7.86153846153846,8.31904761904762,7.64318181818182,7.83333333333333,7.375,8.33333333333333,2
"9",2007,11,7.49318181818182,44,8.00909090909091,6.97727272727273,NA,7.09090909090909,7.62727272727273,22,22,0,11,33,109,43,66,3,43,66,7.71284403669725,8.16046511627907,7.42121212121212,7.83333333333333,7.30232558139535,7.98030303030303,3
"10",2007,12,7.43793103448276,29,8.35,6.79411764705882,NA,6.625,7.86578947368421,12,17,0,10,19,138,55,83,3,53,85,7.65507246376812,8.20181818181818,7.29277108433735,7.83333333333333,7.17452830188679,7.95470588235294,4
"11",2008,1,7.34433962264151,106,7.80526315789474,6.80816326530612,7.75,7.134,7.53214285714286,57,49,4,50,56,244,112,132,7,103,141,7.52008196721312,8,7.11287878787879,7.78571428571429,7.15485436893204,7.78687943262411,5
"12",2008,2,7.34647058823529,85,7.73125,6.8472972972973,7.0625,7.31714285714286,7.367,48,37,4,35,50,329,160,169,11,138,191,7.47522796352584,7.919375,7.05473372781065,7.52272727272727,7.19601449275362,7.67696335078534,6
"13",2008,3,7.40632911392405,79,7.83076923076923,6.9925,7.45,7.28275862068966,7.478,39,40,8,29,50,408,199,209,19,167,241,7.46188725490196,7.90201005025126,7.04282296650718,7.49210526315789,7.21107784431138,7.63568464730291,7
"14",2008,4,7.18473737373737,99,7.61253191489362,6.79807692307692,5.5,7.02742553191489,7.32692307692308,47,52,2,47,52,507,246,261,21,214,293,7.40776923076923,7.84670325203252,6.99406130268199,7.30238095238095,7.17074299065421,7.58088737201365,8
"15",2008,5,7.03333333333333,72,7.64333333333333,6.59761904761905,7,6.64516129032258,7.32682926829268,30,42,3,31,41,579,276,303,24,245,334,7.36120725388601,7.82459782608696,6.93910891089109,7.26458333333333,7.10424081632653,7.5497005988024,9
"16",2008,6,6.90566037735849,53,7.88095238095238,6.265625,6.625,6.875,6.92424242424242,21,32,4,20,33,632,297,335,28,265,367,7.32300474683544,7.82858249158249,6.87477611940299,7.17321428571429,7.08693962264151,7.49346049046322,10
"17",2008,7,7.32017543859649,57,7.61,7.09375,7.5,6.31818181818182,7.55978260869565,25,32,8,11,46,689,322,367,36,276,413,7.32277068214804,7.81161180124224,6.89386920980926,7.24583333333333,7.05630072463768,7.50084745762712,11
"18",2008,8,7.28,70,8.11470588235294,6.49166666666667,6.21111111111111,6.68,7.61333333333333,34,36,9,25,45,759,356,403,45,301,458,7.31882608695652,7.84055898876405,6.85794044665012,7.03888888888889,7.02504651162791,7.51189956331878,12
"19",2008,9,6.825,56,7.91,6.22222222222222,7.5,6.46923076923077,7.13333333333333,20,36,4,26,30,815,376,439,49,327,488,7.28489447852761,7.84425265957447,6.80580865603645,7.0765306122449,6.98085321100917,7.48862704918033,13
"20",2008,10,7.30333333333333,60,7.75,7.00555555555556,6.92,7.1304347826087,7.41081081081081,24,36,10,23,37,875,400,475,59,350,525,7.28615885714286,7.8385975,6.82094736842105,7.05,6.99068285714286,7.48314285714286,14
"21",2008,11,7.26055555555556,90,7.965,6.697,6.88888888888889,7.26333333333333,7.25916666666667,40,50,9,30,60,965,440,525,68,380,585,7.28377098445596,7.85008863636364,6.80914285714286,7.02867647058823,7.01220789473684,7.46017094017094,15
"22",2008,12,7.115,90,7.70222222222222,6.52777777777778,6.5,6.89642857142857,7.21370967741935,45,45,7,28,62,1055,485,570,75,408,647,7.26937345971564,7.83636907216495,6.7869298245614,6.97933333333333,7.00426225490196,7.43655332302937,16
"23",2009,1,7.12276785714286,112,7.71779661016949,6.46037735849057,5.63333333333333,6.99512195121951,7.19647887323944,59,53,6,41,71,1167,544,623,81,449,718,7.25530334190231,7.82350919117647,6.7591492776886,6.87962962962963,7.0034276169265,7.41281337047354,17
"24",2009,2,7.11984126984127,126,7.56122448979592,6.83896103896104,6.93333333333333,6.81428571428571,7.20714285714286,49,77,15,28,98,1293,593,700,96,477,816,7.24210286156226,7.80183642495784,6.76792857142857,6.88802083333333,6.9923249475891,7.38811274509804,18
"25",2009,3,7.06141304347826,92,7.58863636363636,6.578125,7.6,7.28260869565217,6.98768115942029,44,48,5,23,69,1385,637,748,101,500,885,7.23010036101083,7.78710989010989,6.7557486631016,6.92326732673267,7.005678,7.35689265536723,19
"26",2009,4,7.16542056074766,107,7.6046511627907,6.8703125,7.3,6.69047619047619,7.28139534883721,43,64,5,21,86,1492,680,812,106,521,971,7.22546179624665,7.77557205882353,6.76477832512315,6.94103773584906,6.99297312859885,7.35020597322348,20
"27",2009,5,7.17235772357724,123,7.62727272727273,6.80441176470588,6.625,6.41481481481481,7.38541666666667,55,68,12,27,96,1615,735,880,118,548,1067,7.2214173374613,7.76447482993197,6.76784090909091,6.90889830508475,6.96448722627737,7.35337394564199,21
"28",2009,6,7.220625,80,7.77272727272727,6.83297872340426,6.35,6.9875,7.29833333333333,33,47,5,20,60,1695,768,927,123,568,1127,7.22137994100295,7.76482942708333,6.77114347357066,6.88617886178862,6.96529753521127,7.35044365572316,22
"29",2009,7,6.97545454545455,110,7.74102564102564,6.55492957746479,6.38333333333333,6.78333333333333,7.0475,39,71,15,30,80,1805,807,998,138,598,1207,7.20639279778393,7.7636790582404,6.75576152304609,6.83152173913043,6.95616889632107,7.33036454018227,23
"30",2009,8,7.27008928571429,112,7.68295454545455,7.00294117647059,7.375,7.05,7.358125,44,68,8,32,80,1917,851,1066,146,630,1287,7.21011424100157,7.75950528789659,6.77152908067542,6.86130136986301,6.96093492063492,7.33209013209013,24
"31",2009,9,7.31590909090909,110,7.93854166666667,6.83387096774194,6.49333333333333,7.125,7.39423076923077,48,62,15,32,78,2027,899,1128,161,662,1365,7.21585545140602,7.76906451612903,6.77495567375886,6.82701863354037,6.96886555891239,7.33564102564102,25
"32",2009,10,7.35134228187919,149,7.728,6.96959459459459,7.25333333333333,7.19411764705882,7.39782608695652,75,74,15,34,115,2176,974,1202,176,696,1480,7.2251328125,7.76590246406571,6.7869384359401,6.86335227272727,6.97986925287356,7.34047297297297,26
"33",2009,11,7.19483870967742,155,7.75540540540541,6.68271604938272,6.58,7.03695652173913,7.26146788990826,74,81,25,46,109,2331,1048,1283,201,742,1589,7.2231184041184,7.76516125954198,6.78035853468433,6.82810945273632,6.98340835579515,7.33505349276274,27
"34",2009,12,7.36392857142857,140,7.68783783783784,7.00075757575758,7.13,7.48064516129032,7.33073394495413,74,66,15,31,109,2471,1122,1349,216,773,1698,7.23109631728045,7.7600614973262,6.79114158636026,6.84907407407407,7.00334928848642,7.33477620730271,28
"35",2010,1,7.14575163398693,153,7.60958904109589,6.7225,6.59375,7.41666666666667,7.07967479674797,73,80,16,30,123,2624,1195,1429,232,803,1821,7.22612004573171,7.75086945606694,6.78729881035689,6.83146551724138,7.01879078455791,7.31754530477759,29
"36",2010,2,7.27685185185185,108,7.91046511627907,6.85769230769231,7.49090909090909,7.35555555555556,7.26111111111111,43,65,11,18,90,2732,1238,1494,243,821,1911,7.22812554904832,7.75641276252019,6.79036144578313,6.86131687242798,7.02617417783191,7.31488749345892,30
"37",2010,3,7.18148148148148,108,7.65576923076923,6.74107142857143,7.21666666666667,7.10227272727273,7.20174418604651,52,56,9,22,86,2840,1290,1550,252,843,1997,7.22635176056338,7.75235581395349,6.78858064516129,6.87400793650794,7.02816014234875,7.3100150225338,31
"38",2010,4,6.95108695652174,92,7.53,6.67096774193548,6.18181818181818,6.41578947368421,7.09041095890411,30,62,11,19,73,2932,1320,1612,263,862,2070,7.21771452933151,7.74730227272727,6.7840570719603,6.84505703422053,7.01466241299304,7.30227053140097,32
"39",2010,5,7.31095890410959,73,7.81212121212121,6.8975,6.51818181818182,7.22857142857143,7.33050847457627,33,40,11,14,59,3005,1353,1652,274,876,2129,7.21997970049917,7.74888322246859,6.78680387409201,6.83193430656934,7.01808105022831,7.30305307656176,33
"40",2010,6,7.25117647058824,85,7.74375,6.81333333333333,7.05,7.08823529411765,7.29191176470588,40,45,10,17,68,3090,1393,1697,284,893,2197,7.22083786407767,7.74873582196698,6.78750736593989,6.83961267605634,7.01941657334826,7.30270823850705,34
"41",2010,7,7.52826666666667,75,7.65189189189189,7.40789473684211,7.175,7.22285714285714,7.5983606557377,37,38,8,14,61,3165,1430,1735,292,907,2258,7.22812290679305,7.74623006993007,6.80109510086455,6.84880136986301,7.02255678059537,7.31069530558016,35
"42",2010,8,7.60561224489796,98,8.07,7.121875,6.89583333333333,7.69375,7.56287878787879,50,48,12,32,66,3263,1480,1783,304,939,2324,7.23946031259577,7.75716824324324,6.80973079080202,6.85065789473684,7.04543024494143,7.31785714285714,36
"43",2010,9,7.08259081632653,98,8.02911951219512,6.40175438596491,6.6,7.10313,7.07352941176471,41,57,10,30,68,3361,1521,1840,314,969,2392,7.23488631359714,7.76449894806049,6.79709239130435,6.84267515923567,7.04721661506708,7.31091137123746,37
"44",2010,10,7.18815789473684,114,7.81333333333333,6.7804347826087,6.73095238095238,6.91666666666667,7.28511904761905,45,69,21,30,84,3475,1566,1909,335,999,2476,7.23335335251798,7.76590223499361,6.79649030906233,6.83567164179105,7.0432961961962,7.31003634894992,38
"45",2010,11,7.21862745098039,153,7.70958904109589,6.770625,7.06333333333333,7.3859375,7.17438016528926,73,80,15,32,121,3628,1639,1989,350,1031,2597,7.23273233186328,7.76339408175717,6.79544997486174,6.84542857142857,7.05393103782735,7.30371582595302,39
"46",2010,12,7.20040983606557,122,7.63790322580645,6.74833333333333,6.96153846153846,6.98275862068965,7.26827956989247,62,60,13,29,93,3750,1701,2049,363,1060,2690,7.23168077333333,7.75882004703116,6.79407027818448,6.8495867768595,7.05198386792453,7.3024907063197,40
"47",2011,1,7.17899371069182,159,7.84,6.65910112359551,6.1,7.12307692307692,7.18992481203008,70,89,7,26,133,3909,1771,2138,370,1086,2823,7.22953770785367,7.76202874082439,6.7884518241347,6.8354054054054,7.05368591160221,7.29718738930216,41
"48",2011,2,6.97524752475248,101,7.44255319148936,6.56851851851852,6.4375,6.72222222222222,7.06756756756757,47,54,8,27,74,4010,1818,2192,378,1113,2897,7.22313289276808,7.75376947194719,6.78303375912409,6.82698412698413,7.04564501347709,7.29132205730065,42
"49",2011,3,7.2105303030303,132,7.66213114754098,6.82253521126761,6.91666666666667,7.27777777777778,7.1932380952381,61,71,12,27,105,4142,1879,2263,390,1140,3002,7.22273126508933,7.75079451836083,6.78427308882015,6.82974358974359,7.05114289473684,7.28789140572951,43
"50",2011,4,7.26578431372549,102,7.65679245283019,6.84285714285714,6.90909090909091,6.81190476190476,7.38345679012346,53,49,11,21,81,4244,1932,2312,401,1161,3083,7.22376599905749,7.74821578674948,6.78551470588235,6.83192019950125,7.04681559000861,7.29040220564385,44
"51",2011,5,7.13991228070175,114,7.6804347826087,6.77426470588235,6.61666666666667,6.51136363636364,7.29021739130435,46,68,12,22,92,4358,1978,2380,413,1183,3175,7.22157248737953,7.7466394843276,6.78519327731092,6.82566585956416,7.03685790363483,7.2903968503937,45
"52",2011,6,7.2540404040404,99,7.84444444444444,6.76203703703704,6.875,7.23095238095238,7.26025641025641,45,54,10,21,78,4457,2023,2434,423,1204,3253,7.22229367287413,7.74881507661888,6.78467953985209,6.82683215130024,7.04024327242525,7.28967414694128,46
"53",2011,7,7.04746835443038,79,7.75833333333333,6.61224489795918,6.875,6.91,7.09406779661017,30,49,8,20,59,4536,2053,2483,431,1224,3312,7.21924887566138,7.74895416463711,6.78127668143375,6.82772621809745,7.03811511437909,7.28618961352657,47
"54",2011,8,7.45858585858586,99,7.7625,7.12234042553191,7.08333333333333,6.82142857142857,7.56352941176471,52,47,12,14,85,4635,2105,2530,443,1238,3397,7.22436092772384,7.74928878859857,6.78761264822134,6.83465011286682,7.03566470113086,7.29312923167501,48
"55",2011,9,7.31881188118812,101,7.968,6.68235294117647,6.81818181818182,7.51304347826087,7.26153846153846,50,51,11,23,78,4736,2155,2581,454,1261,3475,7.22637519003378,7.75436329466357,6.78553273924835,6.83425110132159,7.04437184773989,7.29242014388489,49
"56",2011,10,7.17054347826087,92,7.67,6.86385964912281,7.05555555555556,6.72578947368421,7.28630136986301,35,57,9,19,73,4828,2190,2638,463,1280,3548,7.22531128831814,7.75301502283105,6.78722517058377,6.83855291576674,7.039642890625,7.29229425028185,50
"57",2011,11,7.32983193277311,119,7.72586206896552,6.95327868852459,6.85,7.10892857142857,7.3978021978022,58,61,10,28,91,4947,2248,2699,473,1308,3639,7.22782553062462,7.75231445729537,6.79097814005187,6.83879492600423,7.04112607033639,7.29493267381149,51
"58",2011,12,7.13076923076923,104,7.78777777777778,6.62966101694915,6.35454545454545,6.94666666666667,7.16179775280899,45,59,11,15,89,5051,2293,2758,484,1323,3728,7.22582714313997,7.7530104230266,6.78752719361856,6.82778925619835,7.04005510204082,7.29175429184549,52
"59",2012,1,7.17192307692308,130,7.75819672131148,6.6536231884058,6.66666666666667,6.97,7.20863636363636,61,69,9,20,110,5181,2354,2827,493,1343,3838,7.22447459949817,7.7531448173322,6.78425893172975,6.82484787018256,7.03901183916605,7.28937206878583,53
"60",2012,2,7.27244094488189,127,7.58208955223881,6.92666666666667,6.975,7.008,7.33725490196078,67,60,8,25,102,5308,2421,2887,501,1368,3940,7.22562224943481,7.74841094589013,6.78721856598545,6.82724550898204,7.03844510233918,7.2906116751269,54
"61",2012,3,7.21166666666667,90,7.66621621621622,6.89433962264151,7,6.89285714285714,7.27039473684211,37,53,8,14,76,5398,2458,2940,509,1382,4016,7.22538957021119,7.74717367778682,6.78914965986394,6.82996070726916,7.03697026049204,7.29022908366534,55
"62",2012,4,7.06106194690265,113,7.63725490196078,6.58709677419355,6.50625,6.9,7.09157894736842,51,62,16,18,95,5511,2509,3002,525,1400,4111,7.22202012338959,7.74493937823834,6.78497668221186,6.82009523809524,7.03520921428572,7.2856385307711,56
"63",2012,5,7.15827586206897,87,7.3325,7.03529411764706,6.85714285714286,7.052,7.18041666666667,36,51,14,15,72,5598,2545,3053,539,1415,4183,7.22102945694891,7.73910526522593,6.78915820504422,6.82105751391466,7.03538720848057,7.28382739660531,57
"64",2012,6,7.21869047619048,84,7.55113636363636,6.853,7.375,7.14823529411765,7.2365671641791,44,40,8,17,67,5682,2589,3093,547,1432,4250,7.22099487856389,7.73591073773658,6.78998383446492,6.82915904936015,7.03672688547486,7.28308235294118,58
"65",2012,7,7.23673469387755,98,7.85714285714286,6.77142857142857,7.27777777777778,7.13235294117647,7.25864197530864,42,56,9,17,81,5780,2631,3149,556,1449,4331,7.22126174740484,7.73784602812619,6.78965385836774,6.83642086330935,7.03784879227053,7.28262525975525,59
"66",2012,8,7.32977777777778,90,7.85767441860465,6.8468085106383,7.38888888888889,7.07894736842105,7.3969014084507,43,47,9,19,71,5870,2674,3196,565,1468,4402,7.22292553662692,7.7397729618549,6.79049436795995,6.84522123893805,7.03838072207085,7.28446842344389,60
"67",2012,9,7.19868421052632,76,7.72051282051282,6.64864864864865,7.0625,6.73333333333333,7.31311475409836,39,37,8,15,61,5946,2713,3233,573,1483,4463,7.22261569122099,7.7394960928861,6.78887101763068,6.84825479930192,7.03529527983817,7.28485995966839,61
"68",2012,10,7.33298969072165,97,7.605,7.14210526315789,7.78333333333333,7.04166666666667,7.37411764705882,40,57,12,12,85,6043,2753,3290,585,1495,4548,7.22438737382095,7.73754191790774,6.79499088145897,6.8674358974359,7.03534642140468,7.28652814423923,62
"69",2012,11,7.14115044247788,113,7.61739130434783,6.81417910447761,6.81818181818182,6.89285714285714,7.19782608695652,46,67,11,21,92,6156,2799,3357,596,1516,4640,7.22285947043535,7.73556730975348,6.79537384569556,6.86652684563758,7.03337262532982,7.28476939655172,63
"70",2012,12,7.46,125,7.9469696969697,6.91525423728814,7.35,7.35238095238095,7.48173076923077,66,59,10,21,104,6281,2865,3416,606,1537,4744,7.22757887279096,7.74043731239092,6.7974443793911,6.87450495049505,7.03773122966819,7.28908726812816,64
"71",2013,1,7.23783783783784,148,7.57073170731707,6.82424242424242,7.56666666666667,7.1484375,7.2625,82,66,15,32,116,6429,2947,3482,621,1569,4860,7.22781504121947,7.73571526976586,6.79795232624928,6.89122383252818,7.03998910133843,7.28845267489712,65
"72",2013,2,7.32549019607843,102,7.79148936170213,6.92727272727273,7,7.26,7.34146341463415,47,55,14,20,82,6531,2994,3537,635,1589,4942,7.22934051446945,7.73659081496326,6.79996324568844,6.8936220472441,7.04275827564506,7.28933225414812,66
"73",2013,3,7.24653465346535,101,7.74,6.76274509803922,7.375,7.22916666666667,7.25194805194805,50,51,12,24,77,6632,3044,3588,647,1613,5019,7.22960236731001,7.73664681340342,6.79943422519509,6.90255023183926,7.04553186608804,7.28875871687587,67
"74",2013,4,7.14230769230769,104,7.57441860465116,6.83770491803279,7.19230769230769,6.75,7.21363636363636,43,61,13,16,88,6736,3087,3649,660,1629,5107,7.22825458729216,7.73438707482993,6.80007399287476,6.90825757575758,7.04262915899325,7.28746426473468,68
"75",2013,5,7.20381355932203,118,7.7452380952381,6.58363636363636,6.36363636363636,6.98928571428571,7.27055555555556,63,55,11,28,90,6854,3150,3704,671,1657,5197,7.22783380507733,7.73460409523809,6.7968601511879,6.89932935916543,7.04172776101388,7.28717144506446,69
"76",2013,6,7.3,118,7.85593220338983,6.74406779661017,6.6,7.09615384615385,7.35760869565217,59,59,15,26,92,6972,3209,3763,686,1683,5289,7.22905520654045,7.73683480835151,6.79603242094074,6.89278425655977,7.04256856803328,7.28839667233882,70
"77",2013,7,7.15087719298246,114,7.81746031746032,6.32745098039216,5.75,7.68333333333333,7.05104166666667,63,51,8,18,96,7086,3272,3814,694,1701,5385,7.22779747389218,7.73838719437653,6.7897666491872,6.87961095100865,7.04934914756026,7.28416527390901,71
"78",2013,8,7.33739130434783,115,7.66363636363636,7.03833333333333,7.66666666666667,6.82142857142857,7.40891089108911,55,60,15,14,101,7201,3327,3874,709,1715,5486,7.22954768782114,7.73715145776976,6.79361641713991,6.89626234132581,7.04748857142857,7.28646190302589,72
"79",2013,9,7.34357798165138,109,7.86166666666667,6.70918367346939,6.46153846153846,7.5625,7.30591397849462,60,49,13,16,93,7310,3387,3923,722,1731,5579,7.23124800273598,7.73935721877768,6.79256181493755,6.88843490304709,7.05224893125361,7.2867861623947,73
"80",2013,10,7.33398058252427,103,7.75166666666667,6.75116279069767,7.25,7.44736842105263,7.30833333333333,60,43,6,19,84,7413,3447,3966,728,1750,5663,7.23267542155672,7.73957148244851,6.79211296016137,6.89141483516484,7.0565388,7.28710577432456,74
"81",2013,11,7.078515625,128,7.60546875,6.5515625,6.62222222222222,6.94736842105263,7.10137614678899,64,64,9,19,109,7541,3511,4030,737,1769,5772,7.23005873226363,7.73712700085446,6.78829280397022,6.88812754409769,7.05536625211984,7.28359840609841,75
"82",2013,12,7.28055555555556,126,7.66865671641791,6.83983050847458,6.77631578947368,6.59318181818182,7.42596153846154,67,59,19,22,104,7667,3578,4089,756,1791,5876,7.23088860049563,7.73584485746227,6.78903643922719,6.88531746031746,7.04968894472362,7.28611810755616,76
"83",2014,1,7.30748571428571,175,7.68563829787234,6.86864197530864,6.86923076923077,7.312,7.30673333333333,94,81,13,25,150,7842,3672,4170,769,1816,6026,7.23259792144861,7.73455961328976,6.79058273381295,6.8850455136541,7.05330005506608,7.28663126452041,77
"84",2014,2,7.25992647058824,136,7.57933333333333,6.8672131147541,7.425,7.12083333333333,7.28973214285714,75,61,16,24,112,7978,3747,4231,785,1840,6138,7.23306378791677,7.73145260208167,6.79168754431576,6.89605095541401,7.05418092391304,7.28668784620398,78
"85",2014,3,7.41138211382114,123,7.72173913043478,7.01481481481482,6.88461538461539,7.24782608695652,7.449,69,54,13,23,100,8101,3816,4285,798,1863,6238,7.23577125046291,7.7312769654088,6.79449941656943,6.89586466165414,7.05657160493827,7.28928983648605,79
"86",2014,4,7.22013888888889,108,7.56274509803922,6.91359649122807,7.05555555555556,6.53571428571429,7.32207446808511,51,57,9,14,94,8209,3867,4342,807,1877,6332,7.23556558655135,7.72905427980347,6.7960628742515,6.89764560099133,7.05268668087374,7.28977653190146,80
"87",2014,5,7.15046728971963,107,7.55625,6.70490196078431,6.69545454545455,6.71470588235294,7.23277777777778,56,51,11,17,90,8316,3923,4393,818,1894,6422,7.23447064694565,7.72658753504971,6.79500455269747,6.89492665036675,7.04965306230201,7.28897773279352,81
"88",2014,6,7.17674418604651,86,7.745,6.3875,6.93181818181818,7.13809523809524,7.18923076923077,50,36,11,21,65,8402,3973,4429,829,1915,6487,7.23387977862414,7.72681925497105,6.79169225558817,6.89541616405308,7.05062292428198,7.28797826422075,82
"89",2014,7,7.12210526315789,95,7.7063829787234,6.55,6.86875,6.54166666666667,7.20602409638554,47,48,16,12,83,8497,4020,4477,845,1927,6570,7.23263009297399,7.72658032338308,6.7891009604646,6.89491124260355,7.04745350285418,7.28694292237443,83
"90",2014,8,7.18092592592593,108,7.50151515151515,6.67714285714286,6.15,7.165,7.18454545454545,66,42,10,20,88,8605,4086,4519,855,1947,6658,7.23198116211505,7.72294490944689,6.78806041159548,6.88619883040936,7.04866096558808,7.28558951637128,84
"91",2014,9,7.09318181818182,132,7.68220338983051,6.61712328767123,6.76388888888889,7.08653846153846,7.09481132075472,59,73,18,26,106,8737,4145,4592,873,1973,6764,7.22988415932242,7.72236499396864,6.78534298780488,6.88367697594502,7.04916011150532,7.28259979302188,85
"92",2014,10,7.15627737226277,137,7.54606557377049,6.84342105263158,6.63888888888889,6.61363636363636,7.26008695652174,61,76,18,22,115,8874,4206,4668,891,1995,6879,7.22874779130043,7.71980810746553,6.78628856041131,6.8787317620651,7.0443573433584,7.28222343363861,86
"93",2014,11,7.25788819875776,161,7.63952380952381,6.84155844155844,6.73214285714286,7.11578947368421,7.2769014084507,84,77,28,19,142,9035,4290,4745,919,2014,7021,7.22926706142778,7.71823610722611,6.78718545837724,6.87426550598477,7.04503123138034,7.28211579547073,87
"94",2014,12,7.24148148148148,135,7.66518987341772,6.64375,6.89736842105263,7.2,7.24516129032258,79,56,19,11,124,9170,4369,4801,938,2025,7145,7.22944688113413,7.71727692835889,6.7855123932514,6.87473347547975,7.04587303703704,7.2814744576627,88
"95",2015,1,7.31296296296296,189,7.67047619047619,6.86607142857143,6.93181818181818,7.41666666666667,7.29102564102564,105,84,22,33,156,9359,4474,4885,960,2058,7301,7.23113344374399,7.71617856504247,6.78689764585466,6.87604166666667,7.05181870748299,7.28167853718669,89
"96",2015,2,7.04328,125,7.45522388059702,6.56741379310345,7.39090909090909,6.71304347826087,7.11774509803922,67,58,11,23,102,9484,4541,4943,971,2081,7403,7.22865751792492,7.71232831975336,6.78432227392272,6.88187435633368,7.04807443536761,7.27941982979873,90
"97",2015,3,7.29068965517241,145,7.61712328767123,6.95972222222222,6.91666666666667,6.59166666666667,7.38976377952756,73,72,12,18,127,9629,4614,5015,983,2099,7530,7.22959163983799,7.71082204161249,6.78684047856431,6.8822990844354,7.04416050500238,7.28128087649403,91
"98",2015,4,7.30535714285714,140,7.72857142857143,6.78809523809524,6.625,6.98,7.35958333333333,77,63,12,20,120,9769,4691,5078,995,2119,7650,7.23067743883714,7.71111338733746,6.78685604568728,6.8791959798995,7.0435549315715,7.2825091503268,92
"99",2015,5,7.1434126984127,126,7.58969696969697,6.6525,7.19642857142857,7.32037037037037,7.09515151515151,66,60,14,27,99,9895,4757,5138,1009,2146,7749,7.22956623547246,7.70942882068531,6.78528707668353,6.88359762140734,7.04703769804287,7.28011549877404,93
"100",2015,6,7.32065040650406,123,7.62830769230769,6.97586206896552,7.05,7.17045454545455,7.35336633663366,65,58,24,22,101,10018,4822,5196,1033,2168,7850,7.23068455779597,7.70833531729573,6.78741435719784,6.88746369796709,7.04829008302583,7.28105796178344,94
"101",2015,7,7.32894736842105,114,7.62835820895522,6.90212765957447,6.77894736842105,7,7.375,67,47,19,14,100,10132,4889,5243,1052,2182,7950,7.23179015988946,7.70723929228881,6.78844268548541,6.88550380228137,7.04798024747938,7.28223962264151,95
"102",2015,8,7.1218023255814,172,7.70215053763441,6.43860759493671,6.33888888888889,6.65961538461538,7.2041095890411,93,79,27,26,146,10304,4982,5322,1079,2208,8096,7.22995418284161,7.70714429947812,6.78324971815107,6.87182576459685,7.04340711050725,7.28083065711463,96
"103",2015,9,7.2068,125,7.8656862745098,6.7527027027027,6.625,7.12894736842105,7.22075471698113,51,74,20,19,106,10429,5033,5396,1099,2227,8202,7.2296766612331,7.70875082455792,6.78283080059303,6.86733393994541,7.04413691064212,7.28005425505974,97
"104",2015,10,7.16881944444444,144,7.62876712328767,6.69591549295775,6.97222222222222,6.81944444444444,7.24944444444444,73,71,18,27,117,10573,5106,5467,1117,2254,8319,7.22884781046061,7.70760730513122,6.781702030364,6.86902417188899,7.04144538598048,7.27962375285491,98
"105",2015,11,7.06576923076923,182,7.51833333333333,6.62304347826087,6.933125,6.65774193548387,7.14953642384106,90,92,16,31,151,10755,5196,5559,1133,2285,8470,7.22608813575081,7.70432888760585,6.77907627271092,6.86992939099735,7.03623978118162,7.27730460448643,99
"106",2015,12,7.19420212765957,188,7.61893203883495,6.67952941176471,6.918,7.24615384615385,7.18586419753086,103,85,20,26,162,10943,5299,5644,1153,2311,8632,7.22554033628804,7.70266897527836,6.77757707299787,6.870763226366,7.03860142795327,7.27558850787767,100
"107",2016,1,7.18759776536313,179,7.54866666666667,6.82247191011236,6.92608695652174,7.39090909090909,7.15910828025478,90,89,23,22,157,11122,5389,5733,1176,2333,8789,7.22492967991368,7.70009703098905,6.77827402755974,6.87184523809524,7.04192366052293,7.2735077938332,101
"108",2016,2,7.15827067669173,133,7.51779661016949,6.87162162162162,7.03,6.63,7.25176991150443,59,74,15,20,113,11255,5448,5807,1191,2353,8902,7.22414197245669,7.69812277900147,6.77946357843981,6.87383711167087,7.03842239694008,7.27323185800944,102
"109",2016,3,7.08040601503759,133,7.55529230769231,6.62647058823529,6.55294117647059,7.04915789473684,7.08561403508772,65,68,17,19,114,11388,5513,5875,1208,2372,9016,7.222463285915,7.696438762924,6.77769276595745,6.86932119205298,7.03850838954469,7.27085958296362,103
"110",2016,4,7.07568181818182,132,7.8515873015873,6.36724637681159,6.335,6.85185185185185,7.1332380952381,63,69,20,27,105,11520,5576,5944,1228,2399,9121,7.22078141493056,7.69819169655667,6.7729281628533,6.86061889250815,7.03640762817841,7.26927529876111,104
"111",2016,5,7.23171641791045,134,7.81544117647059,6.63030303030303,6.77857142857143,7.05,7.27546296296296,68,66,14,26,108,11654,5644,6010,1242,2425,9229,7.22090714776043,7.69960434089298,6.7713618968386,6.85969404186796,7.03655336082474,7.26934770831076,105
"112",2016,6,7.27745901639344,122,7.725,6.75,6.58863636363636,7.435,7.24656862745098,66,56,22,20,102,11776,5710,6066,1264,2445,9331,7.22149302819294,7.69989788091068,6.7711646884273,6.85497626582279,7.03981263803681,7.26909870324724,106
"113",2016,7,7.2326875,160,7.77594936708861,6.70283950617284,6.79105263157895,7.4875,7.18772058823529,79,81,19,24,136,11936,5789,6147,1283,2469,9467,7.22164308813673,7.70093572292279,6.77026435659671,6.85402961808262,7.04416439854192,7.26792965036443,107
"114",2016,8,7.30894308943089,123,7.78968253968254,6.80416666666667,6.73846153846154,7.28,7.31296296296296,63,60,13,15,108,12059,5852,6207,1296,2484,9575,7.222533535119,7.70189113123719,6.77059207346544,6.85287037037037,7.04558852657005,7.26843759791123,108
"115",2016,9,7.21239726027397,146,7.62652777777778,6.80945945945946,7.19565217391304,7.16666666666667,7.22139344262295,72,74,23,24,122,12205,5924,6281,1319,2508,9697,7.2224122818517,7.70097516880486,6.77104999203948,6.85884761182714,7.04674716905901,7.26784572548211,109
"116",2016,10,7.20394736842105,152,7.74923076923077,6.79655172413793,6.516,7.24347826086957,7.1968992248062,65,87,25,23,129,12357,5989,6368,1344,2531,9826,7.22218515011734,7.70149889797963,6.77139839824121,6.85247023809524,7.04853492690636,7.26691430897619,110
"117",2016,11,7.26690721649484,194,7.73865979381443,6.79515463917526,6.82045454545455,7.03666666666667,7.3090243902439,97,97,22,30,164,12551,6086,6465,1366,2561,9990,7.22287641622181,7.70209117647059,6.77175483372003,6.85195461200586,7.04839590003905,7.26760560560561,111
"118",2016,12,7.1136690647482,139,7.70902777777778,6.47388059701493,6.82,6.92380952380952,7.14745762711864,72,67,10,21,118,12690,6158,6532,1376,2582,10108,7.22168021276596,7.70217227996103,6.76869947948561,6.85172238372093,7.04738261037955,7.2662030075188,112
"119",2017,1,7.2685393258427,178,7.6415,6.79038461538462,6.69166666666667,7.15652173913043,7.28516129032258,100,78,18,23,155,12868,6258,6610,1394,2605,10263,7.22232840379235,7.70120276446149,6.76895537065053,6.84965566714491,7.04834621880998,7.26648933060509,113
"120",2017,2,7.22916666666667,144,7.75746268656716,6.76948051948052,6.48823529411765,6.56315789473684,7.3304,67,77,17,19,125,13012,6325,6687,1411,2624,10388,7.22240408084845,7.70179871936759,6.76896141767609,6.84530120481928,7.04483304115854,7.26725837504813,114
"121",2017,3,7.02919463087248,149,7.49015151515152,6.66265060240964,6.785,7.24375,7.00338345864662,66,83,20,16,133,13161,6391,6770,1431,2640,10521,7.22021669326039,7.699613033954,6.76765805022157,6.84445842068484,7.04603859848485,7.26392263092862,115
"122",2017,4,7.22201492537313,134,7.6910447761194,6.75298507462687,6.64705882352941,7.035,7.25482456140351,67,67,17,20,114,13295,6458,6837,1448,2660,10635,7.2202348176006,7.69952414060081,6.76751426064063,6.8421408839779,7.04595560150376,7.26382510578279,116
"123",2017,5,7.18991596638655,119,7.56269841269841,6.77053571428571,6.75,7.0875,7.20582524271845,63,56,16,16,103,13414,6521,6893,1464,2676,10738,7.21996584911287,7.69820225425548,6.76753880748586,6.84113387978142,7.04620399850523,7.26326876513317,117
"124",2017,6,7.54451612903226,93,7.85735849056604,7.13,6.5,7.70454545454545,7.52304878048781,53,40,6,11,82,13507,6574,6933,1470,2687,10820,7.22220048123195,7.69948538180712,6.76963003028992,6.83974149659864,7.04889910681057,7.26523752310536,118
"125",2017,7,6.93796610169492,118,7.58392156862745,6.44626865671642,6.56153846153846,6.75,6.96960396039604,51,67,13,17,101,13625,6625,7000,1483,2704,10921,7.21973885504587,7.69859575849057,6.766535,6.83730276466622,7.04701993343195,7.26250343375149,119
"126",2017,8,7.19491525423729,118,7.66538461538462,6.82424242424242,7.08235294117647,6.5,7.28846153846154,52,66,17,14,104,13743,6677,7066,1500,2718,11025,7.21952571490941,7.69833711247566,6.76707401641664,6.84008,7.0442023178808,7.26274829931973,120
"127",2017,9,6.97372881355932,118,7.60769230769231,6.47424242424242,7.07777777777778,6.38823529411765,7.07227722772277,52,66,9,17,101,13861,6729,7132,1509,2735,11126,7.2174332227112,7.69763663248625,6.76436413348289,6.84149768058317,7.04012500914077,7.26101923422614,121
"128",2017,10,7.22517482517483,143,7.72578125,6.81962025316456,6.86153846153846,6.94166666666667,7.25114503816794,64,79,13,12,131,14004,6793,7211,1522,2747,11257,7.21751227506427,7.69790179596644,6.76496949105533,6.84166885676741,7.03969490353112,7.26090432619703,122
"129",2017,11,7.10907142857143,140,7.52666666666667,6.66691176470588,7.26666666666667,6.74,7.16702479338843,72,68,12,19,121,14144,6865,7279,1534,2766,11378,7.21643890695701,7.69610588492353,6.76405344140679,6.84499348109518,7.03763626174982,7.25990595886799,123
"130",2017,12,7.18449275362319,138,7.71,6.82560975609756,6.61764705882353,7.63,7.10898305084746,56,82,17,20,118,14282,6921,7361,1551,2786,11496,7.21613022685898,7.69621830660309,6.7647391658742,6.84250161186332,7.04188869346734,7.2583568197634,124
"131",2018,1,7.21942168674699,166,7.6761511627907,6.7284375,7.03888888888889,7.05447368421053,7.24074149659864,86,80,18,19,147,14448,7007,7441,1569,2805,11643,7.21616804401993,7.69597201370059,6.764348877839,6.84475462077757,7.04197393939394,7.25813441552864,125
"132",2018,2,7.16716666666667,120,7.7778,6.731,6.266875,7.492,7.13763636363636,50,70,16,10,110,14568,7057,7511,1585,2815,11753,7.21576440829215,7.69655177837608,6.76403807748635,6.83892113564669,7.04357261101243,7.25700663660342,126
"133",2018,3,7.06168224299065,107,7.52857142857143,6.66724137931034,6.71875,6.47857142857143,7.1494623655914,49,58,16,14,93,14675,7106,7569,1601,2829,11846,7.2146409471891,7.69539345623417,6.76329634033558,6.8377201748907,7.04077656415695,7.25616233327706,127
"134",2018,4,7.11913043478261,115,7.74,6.64153846153846,6.37,7.5,7.09065420560748,50,65,10,8,107,14790,7156,7634,1611,2837,11953,7.21389830290737,7.69570512856344,6.76225962798009,6.83481688392303,7.04207151921043,7.25468074960261,128
"135",2018,5,7.00454864583333,96,7.39674804878049,6.71218181818182,6.60333333333333,7.47142857142857,6.96782775280899,41,55,15,7,89,14886,7197,7689,1626,2844,12042,7.21254820435308,7.69400202445463,6.76190141760957,6.83268142681427,7.04312830520394,7.25256067679787,129
"136",2018,6,6.71963855421687,83,7.53594594594595,6.06304347826087,5.85714285714286,7.08583333333333,6.65774647887324,37,46,14,12,71,14969,7234,7735,1640,2856,12113,7.20981512258668,7.69319360934476,6.75774531351002,6.82435365853659,7.04330773809524,7.24907419053909,130
"137",2018,7,7.10789473684211,76,7.48953488372093,6.61060606060606,6.30555555555556,7.565,7.03863636363636,43,33,9,10,66,15045,7277,7768,1649,2866,12179,7.20930027052177,7.69199018414182,6.75712023686921,6.82152213462705,7.04512801814375,7.24793379341489,131
"138",2018,8,7.22473684210526,95,7.52619047619048,6.98584905660377,6.85714285714286,7.615625,7.14556962025316,42,53,7,16,79,15140,7319,7821,1656,2882,12258,7.20939713143989,7.69103874436398,6.75867024677151,6.82167270531401,7.0482952463567,7.24727407978463,132
"139",2018,9,6.96458333333333,72,7.52962962962963,6.62555555555556,6.81666666666667,6.38,7.05887096774194,27,45,12,10,62,15212,7346,7866,1668,2892,12320,7.20823840191954,7.69044549006262,6.75790872107806,6.82163669064748,7.04598440525588,7.24632594724026,133
"140",2018,10,7.03316831683168,101,7.579,6.49803921568627,5.99166666666667,7.24642857142857,6.99885057471264,50,51,12,14,87,15313,7396,7917,1680,2906,12407,7.20708369163456,7.68969207274202,6.75623468485537,6.81570833333334,7.04695006882312,7.24459060772145,134
"141",2018,11,7.4069,100,7.70829787234043,7.13962264150943,6.47222222222222,7.23230769230769,7.43298850574713,47,53,9,13,87,15413,7443,7970,1689,2919,12494,7.20838010575488,7.68980956200457,6.75878419071518,6.81387803433985,7.04777557382665,7.24590248679366,135
"142",2018,12,6.91674698795181,83,7.44,6.53520833333333,6.1375,6.83333333333333,6.92689189189189,35,48,8,9,74,15496,7478,8018,1697,2928,12568,7.2068180543366,7.68864035437283,6.75744574706909,6.81068945197408,7.04711642759563,7.24402416215786,136
"143",2019,1,7.41892523364486,107,7.87916666666667,7.04449152542373,7.1,8.14571428571429,7.30951612903226,48,59,13,14,93,15603,7526,8077,1710,2942,12661,7.20827261231814,7.6898555102312,6.7595425281664,6.81288888888889,7.05234428959891,7.24450522628544,137
"144",2019,2,6.97359550561798,89,7.19673913043478,6.73488372093023,6.48888888888889,6.10769230769231,7.12171052631579,46,43,9,13,76,15692,7572,8120,1719,2955,12737,7.2069415989039,7.68685982171157,6.75941194581281,6.81119255381036,7.04818846023689,7.2437725264976,138
"145",2019,3,7.05583333333333,96,7.46307692307692,6.77719298245614,6.33333333333333,7.2,7.03325301204819,39,57,9,13,83,15788,7611,8177,1728,2968,12820,7.20602277489232,7.6857131217974,6.75953589335942,6.80870370370371,7.04885340296496,7.24240956864274,139
"146",2019,4,7.01126436781609,87,7.81034482758621,6.61172413793103,6.375,6.46153846153846,7.10783783783784,29,58,8,13,74,15875,7640,8235,1736,2981,12894,7.20495543748031,7.68618620026178,6.7584948391014,6.80670506912443,7.04629215028514,7.241637247557,140
"147",2019,5,7.04014084507042,71,7.38194444444444,6.68857142857143,7.08333333333333,6.71153846153846,7.11379310344828,36,35,6,13,58,15946,7676,8270,1742,2994,12952,7.20422159601154,7.6847593238666,6.75819891172914,6.80765786452354,7.04483864395458,7.24106475216183,141
"148",2019,6,7.0275641025641,78,7.69444444444444,6.45595238095238,7.02857142857143,6.97,7.03602941176471,36,42,7,10,68,16024,7712,8312,1749,3004,13020,7.20336168060409,7.6848045344917,6.75667167949952,6.80854202401373,7.04458951398136,7.23999390706605,142
"149",2019,7,7.33740191176471,68,7.67666653846154,7.12738095238095,6.75,7.03333333333333,7.38378525423729,26,42,8,9,59,16092,7738,8354,1757,3013,13079,7.20392809470544,7.6847771904885,6.75853543212832,6.80827546955037,7.0445558911384,7.24064255677039,143
"150",2019,8,6.91225490196078,102,7.5,6.57769230769231,7.4125,7.3125,6.8781914893617,37,65,8,8,94,16194,7775,8419,1765,3021,13173,7.20209095343955,7.68389786495177,6.75713920893218,6.81101416430595,7.04526544190665,7.23805617551051,144
"151",2019,9,7.36949223529412,85,7.46947363636364,7.26219512195122,6.42857142857143,6.86363636363636,7.44468702702703,44,41,7,11,74,16279,7819,8460,1772,3032,13247,7.20296503102156,7.6826912316153,6.75958687943262,6.80950338600452,7.04460649736148,7.23921045066807,145
"152",2019,10,7.23967032967033,91,7.6768085106383,6.77272727272727,7.16,6.45,7.28558139534884,47,44,5,5,86,16370,7866,8504,1777,3037,13333,7.2031690739157,7.68265608187135,6.75965486829727,6.81048958919528,7.0436275600922,7.23950955073877,146
"153",2019,11,7.17008988764045,89,7.7205,6.79622641509434,6.54545454545455,6.93083333333333,7.20737662337662,36,53,11,12,77,16459,7902,8557,1788,3049,13410,7.20299020232092,7.68282849152113,6.7598813836625,6.80885906040269,7.04318363397835,7.23932504399702,147
"154",2019,12,6.83098218487395,119,7.69577777777778,6.30509297297297,5.97692307692308,6.73888888888889,6.84739485148515,45,74,13,18,101,16578,7947,8631,1801,3067,13511,7.20031985884908,7.68290181703788,6.75598214343645,6.80285397001666,7.04139775024454,7.23639521278958,148
"155",2020,1,6.86860294117647,136,7.58468085106383,6.49044943820225,6.48260869565217,6.8065,6.87931034482759,47,89,23,20,116,16714,7994,8720,1824,3087,13627,7.19762071437119,7.68232433575182,6.75327200458716,6.79881578947369,7.039875898931,7.23335552359287,149
"156",2020,2,7.04358024691358,81,7.39285714285714,6.77782608695652,6.86875,7.25,7.02706666666667,35,46,8,6,75,16795,8029,8766,1832,3093,13702,7.19687779815421,7.68106249097023,6.75340085329683,6.7991211790393,7.04028351115422,7.23222636987301,150
"157",2020,3,6.99567567567568,74,7.84333333333333,6.41772727272727,5.16666666666667,7.50555555555556,6.92507692307692,30,44,6,9,65,16869,8059,8810,1838,3102,13767,7.1959951757662,7.68166655168135,6.75172439046538,6.79379216539717,7.04163343004513,7.23077618362751,151
"158",2020,4,7.17543859649123,57,7.6452380952381,6.90138888888889,8.25,7.82142857142857,7.085,21,36,1,7,50,16926,8080,8846,1839,3109,13817,7.19592594942692,7.68157187376238,6.75233347049514,6.79458401305057,7.04338916050177,7.23024865889846,152
"159",2020,5,7.19929411764706,85,7.68051282051282,6.79130434782609,7.3,7.55555555555556,7.1571052631579,39,46,10,9,76,17011,8119,8892,1849,3118,13893,7.19594277937805,7.68156678655007,6.75253507422402,6.79731746890211,7.04486751122514,7.22984853667314,153
"160",2020,6,7.37424242424242,66,7.61571428571429,7.10161290322581,7.06111111111111,7.43571428571429,7.36694915254237,35,31,9,7,59,17077,8154,8923,1858,3125,13952,7.19663188030685,7.68128412312976,6.75374782920542,6.79859526372444,7.045743008,7.23042830561926,154
"161",2020,7,6.9491935483871,62,7.08269230769231,6.85277777777778,6.58333333333333,6.87,6.96442307692308,26,36,12,10,52,17139,8180,8959,1870,3135,14004,7.19573677694148,7.67938150855746,6.75414576180377,6.79721390374332,7.04518242424242,7.22944056840902,155
"162",2020,8,7.1168125,64,7.59664864864865,6.45925925925926,6.4,6.89,7.15881481481482,37,27,5,10,54,17203,8217,8986,1875,3145,14058,7.1954431564262,7.67900897407813,6.75325972401513,6.79615466666667,7.04468899841017,7.22916927870252,156
"163",2020,9,6.98515625,64,7.47222222222222,6.62972972972973,5.75,7.97,6.90169491525424,27,37,4,5,59,17267,8244,9023,1879,3150,14117,7.19466372965773,7.67833172489083,6.75275317300233,6.79392762107504,7.04615774603174,7.22780064602961,157
"164",2020,10,7.1801282051282,78,7.65142857142857,6.79651162790698,7.00416666666667,7.325,7.15882352941177,35,43,12,10,68,17345,8279,9066,1891,3160,14185,7.1945983637936,7.67821799009543,6.75296071917053,6.79526176626124,7.04704015822785,7.22746998378569,158
"165",2020,11,7.03066666666667,90,7.568,6.49333333333333,5.70833333333333,6.4,7.11848101265823,45,45,12,11,79,17435,8324,9111,1903,3171,14264,7.19375214338973,7.67762214560308,6.75167839754143,6.78840777719391,7.04479561652475,7.22686635726304,159
"166",2020,12,7.15577231707317,82,7.61933325,6.71428571428571,6.83333333333333,6.33722166666667,7.22039473684211,40,42,6,6,76,17517,8364,9153,1909,3177,14340,7.19357435348519,7.67734338474414,6.75150681525183,6.78854897852279,7.04345931067044,7.2268320585774,160
"167",2021,1,7.18960425531915,94,7.57393469387755,6.77111111111111,6.01,6.97333333333333,7.23066835443038,49,45,10,15,79,17611,8413,9198,1919,3192,14419,7.19355316279598,7.67674109948889,6.75160272667971,6.7844919228765,7.04312977130326,7.22685307718982,161
"168",2021,2,6.97650602409639,83,7.49761904761905,6.44268292682927,6.04166666666667,7.26363636363636,6.93263888888889,42,41,12,11,72,17694,8455,9239,1931,3203,14491,7.19253502599751,7.67585131519811,6.75023183028466,6.77987571206629,7.04388705276303,7.22539124422055,162
"169",2021,3,7.06938461538462,65,7.4,6.91159090909091,6.63636363636364,7.375,7.00018867924528,21,44,11,12,53,17759,8476,9283,1942,3215,14544,7.19208428120953,7.67516787045777,6.75099664763546,6.77906282183316,7.04512293312597,7.22457058030803,163
"170",2021,4,6.95789473684211,57,7.608,6.45,5.8,6.6,6.99230769230769,25,32,5,5,52,17816,8501,9315,1947,3220,14596,7.19133502189043,7.67497034113634,6.74996262801932,6.77654853620955,7.0444317484472,7.22374311592217,164
"171",2021,5,7.09428571428571,56,7.31461538461538,6.90333333333333,7,7.3,7.07411764705882,26,30,4,5,51,17872,8527,9345,1951,3225,14647,7.19103092826768,7.67387156913334,6.75045498983414,6.77700666324962,7.04482797829457,7.22322212876357,165
"172",2021,6,7.16041666666667,48,7.81818181818182,6.60384615384615,6.56,7.30555555555556,7.12692307692308,22,26,5,9,39,17920,8549,9371,1956,3234,14686,7.19094892578125,7.67424293718564,6.75004822110767,6.77645194274029,7.04555356524428,7.22296639793,166
"173",2021,7,6.87590361445783,83,7.19473684210526,6.60666666666667,6.5625,5.7,6.95128205128205,38,45,8,5,78,18003,8587,9416,1964,3239,14764,7.18949645892351,7.67212098171655,6.74936298640612,6.77558044806517,7.04347645260883,7.22153105662422,167
"174",2021,8,6.90908163265306,49,7.80555555555556,6.38854838709677,4.85,6.993125,6.89268292682927,18,31,6,8,41,18052,8605,9447,1970,3247,14805,7.18873530633725,7.67240010110401,6.74817898592145,6.76971573604061,7.0433523960579,7.22062036609253,168
"175",2021,9,6.79181818181818,55,7.525,6.37285714285714,5.96428571428571,5.125,7.07553191489362,20,35,7,8,47,18107,8625,9482,1977,3255,14852,7.18752967084553,7.67205830376812,6.7467935962877,6.76686393525544,7.03863755145929,7.22016122542418,169
"176",2021,10,6.91234375,64,7.47310344827586,6.44771428571429,5.66666666666667,6.35,6.99267857142857,29,35,6,8,56,18171,8654,9517,1983,3263,14908,7.18656043971163,7.67139159579386,6.74569369339077,6.76353504790721,7.03694919705792,7.21930671585726,170
"177",2021,11,7.05519480519481,77,7.55161290322581,6.72065217391304,6.28571428571429,7,7.0625,31,46,7,9,68,18248,8685,9563,1990,3272,14976,7.18600612395879,7.67096406102476,6.74557323852348,6.76185427135679,7.03684756418093,7.21859471955128,171
"178",2021,12,7.02222222222222,99,7.615,6.62033898305085,5.94166666666667,6.815625,7.06204819277108,40,59,12,16,83,18347,8725,9622,2002,3288,15059,7.18512234970295,7.67070749226361,6.74480532945334,6.75693806193806,7.0357710553528,7.21773188923567,172
"179",2022,1,7.23705511811024,127,7.67105263157895,6.88365714285714,7.045,7.175,7.24235897435897,57,70,10,10,117,18474,8782,9692,2012,3298,15176,7.18547936288838,7.6707097324072,6.74580817994222,6.75836978131213,7.03619321710127,7.21792175276753,173
"180",2022,2,6.84929577464789,71,7.3375,6.6,6.775,6.58888888888889,6.88709677419355,24,47,8,9,62,18545,8806,9739,2020,3307,15238,7.18419227554597,7.66980159777425,6.74510451586405,6.75843564356436,7.03497587843967,7.21657570022312,174
"181",2022,3,7.13710526315789,57,7.478125,6.7006,7.68125,6.98384615384615,7.18238636363636,32,25,4,13,44,18602,8838,9764,2024,3320,15282,7.18404799215138,7.66910758882101,6.74499056534207,6.76025938735178,7.03477567168675,7.21647726213846,175
"182",2022,4,7.16387096774194,62,7.36384615384615,7.01944444444444,6.75,6.85714285714286,7.20290909090909,26,36,2,7,55,18664,8864,9800,2026,3327,15337,7.18398096603086,7.66821219201264,6.74599876326531,6.76024925962488,7.03440193267208,7.2164286053335,176
"183",2022,5,6.77042253521127,71,7.40322580645161,6.28,7.08333333333333,7.14285714285714,6.7296875,31,40,6,7,64,18735,8895,9840,2032,3334,15401,7.18241370429677,7.66728868690276,6.74410445934959,6.7612032480315,7.03462964307138,7.21440591649893,177
"184",2022,6,6.83418181818182,55,7.6,6.46162162162162,6.6,7.125,6.75302325581395,18,37,5,12,43,18790,8913,9877,2037,3346,15444,7.18139439861628,7.66715279591608,6.74304625696061,6.76080756013746,7.03495374476987,7.21312131054131,178
"185",2022,7,7.27896551724138,58,7.48064516129032,7.04740740740741,7.59,7.3,7.27404255319149,31,27,2,11,47,18848,8944,9904,2039,3357,15491,7.18169464929966,7.6665063584526,6.74387599757674,6.76162089259441,7.03582223115877,7.21330614679491,179
"186",2022,8,7.33709677419355,62,7.62586206896552,7.08333333333333,6.6,7.45625,7.31944444444444,29,33,7,8,54,18910,8973,9937,2046,3365,15545,7.18220416446325,7.66637499944278,6.74500330884573,6.76106793743891,7.03682176225854,7.21367484850434,180
"187",2022,9,6.92250704225352,71,7.625,6.46506976744186,6.11111111111111,6.403,7.07363636363636,28,43,9,16,55,18981,9001,9980,2055,3381,15600,7.1812327459038,7.66624629152317,6.74379718236473,6.75822141119222,7.03382230996746,7.21318112307692,181
"188",2022,10,7.11084507042253,71,7.50027027027027,6.68705882352941,6.32,6.74285714285714,7.15109375,37,34,5,7,64,19052,9038,10014,2060,3388,15664,7.18097043617468,7.66556681456075,6.7436045416417,6.75715776699029,7.03322114226682,7.21292744637385,182
"189",2022,11,7.19324324324324,74,7.88666666666667,6.72045454545455,6.875,6.45,7.24710144927536,30,44,4,5,69,19126,9068,10058,2064,3393,15733,7.1810179206316,7.66629828738421,6.74350326903957,6.75738614341086,7.03236169466549,7.21307732282463,183
"190",2022,12,7.44472222222222,90,7.75170454545455,7.15108695652174,7.08333333333333,7.3125,7.45762195121951,44,46,6,8,82,19216,9112,10104,2070,3401,15815,7.18225300530807,7.66671069688324,6.74535885589865,6.7583309178744,7.03302064980888,7.21434527473917,184
