"","year","month","avg_rating","no_ratings","avg_rating_owned","avg_rating_not_owned","avg_rating_prev_owned","avg_rating_comment","avg_rating_no_comment","no_ratings_owned","no_ratings_not_owned","no_ratings_prev_owned","no_ratings_comment","no_ratings_no_comment","cum_no_ratings","cum_no_ratings_owned","cum_no_ratings_not_owned","cum_no_ratings_prev_owned","cum_no_ratings_comment","cum_no_ratings_no_comment","cum_avg_rating","cum_avg_rating_owned","cum_avg_rating_not_owned","cum_avg_rating_prev_owned","cum_avg_rating_comment","cum_avg_rating_no_comment","month_after_release"
"1",2002,1,3,2,3,NA,NA,1,5,2,0,0,1,1,2,2,0,0,1,1,3,3,NA,NA,1,5,0
"2",2002,2,3.5,2,4,3,NA,3.5,NA,1,1,0,2,0,4,3,1,0,3,1,3.25,3.33333333333333,3,NA,2.66666666666667,5,1
"3",2002,3,5.5,2,6,5,NA,NA,5.5,1,1,0,0,2,6,4,2,0,3,3,4,4,4,NA,2.66666666666667,5.33333333333333,2
"4",2002,4,3,2,5,1,NA,1,5,1,1,0,1,1,8,5,3,0,4,4,3.75,4.2,3,NA,2.25,5.25,3
"5",2002,5,4.66666666666667,3,4.66666666666667,NA,NA,5,4,3,0,0,2,1,11,8,3,0,6,5,4,4.375,3,NA,3.16666666666667,5,4
"6",2002,6,6.5,2,NA,6.5,NA,7,6,0,2,0,1,1,13,8,5,0,7,6,4.38461538461539,4.375,4.4,NA,3.71428571428571,5.16666666666667,5
"7",2002,7,5.25,4,5.25,NA,NA,5,6,4,0,0,3,1,17,12,5,0,10,7,4.58823529411765,4.66666666666667,4.4,NA,4.1,5.28571428571429,6
"8",2002,8,4.2,5,4.66666666666667,3.5,4,3.66666666666667,5,3,2,1,3,2,22,15,7,1,13,9,4.5,4.66666666666667,4.14285714285714,4,4,5.22222222222222,7
"9",2002,9,2,1,NA,2,NA,NA,2,0,1,0,0,1,23,15,8,1,13,10,4.39130434782609,4.66666666666667,3.875,4,4,4.9,8
"10",2002,10,6.8,5,8,6,5,6.5,7,2,3,1,2,3,28,17,11,2,15,13,4.82142857142857,5.05882352941176,4.45454545454545,4.5,4.33333333333333,5.38461538461539,9
"11",2002,11,5,1,NA,5,NA,NA,5,0,1,0,0,1,29,17,12,2,15,14,4.82758620689655,5.05882352941176,4.5,4.5,4.33333333333333,5.35714285714286,10
"12",2002,12,4.5,4,5,4,NA,5,4.33333333333333,2,2,0,1,3,33,19,14,2,16,17,4.78787878787879,5.05263157894737,4.42857142857143,4.5,4.375,5.17647058823529,11
"13",2003,1,5.11111111111111,9,5.66666666666667,4.83333333333333,NA,NA,5.11111111111111,3,6,0,0,9,42,22,20,2,16,26,4.85714285714286,5.13636363636364,4.55,4.5,4.375,5.15384615384615,12
"14",2003,2,5.5,4,5.66666666666667,5,NA,5,5.66666666666667,3,1,0,1,3,46,25,21,2,17,29,4.91304347826087,5.2,4.57142857142857,4.5,4.41176470588235,5.20689655172414,13
"15",2003,3,5,3,5,NA,NA,NA,5,3,0,0,0,3,49,28,21,2,17,32,4.91836734693877,5.17857142857143,4.57142857142857,4.5,4.41176470588235,5.1875,14
"16",2003,4,6.5,2,6.5,NA,NA,NA,6.5,2,0,0,0,2,51,30,21,2,17,34,4.98039215686274,5.26666666666667,4.57142857142857,4.5,4.41176470588235,5.26470588235294,15
"17",2003,5,5.08333333333333,12,5.85714285714286,4,NA,5.25,4.75,7,5,0,8,4,63,37,26,2,25,38,5,5.37837837837838,4.46153846153846,4.5,4.68,5.21052631578947,16
"18",2003,6,4.55555555555556,9,NA,4.55555555555556,6,4.25,4.8,0,9,1,4,5,72,37,35,3,29,43,4.94444444444444,5.37837837837838,4.48571428571429,5,4.62068965517241,5.16279069767442,17
"19",2003,7,4.71666666666667,45,4.98214285714286,4.59677419354839,NA,4.13888888888889,4.86111111111111,14,31,0,9,36,117,51,66,3,38,79,4.85683760683761,5.26960784313725,4.53787878787879,5,4.50657894736842,5.0253164556962,18
"20",2003,8,4.45,10,4.75,4,NA,5.25,3.91666666666667,6,4,0,4,6,127,57,70,3,42,85,4.8248031496063,5.21491228070175,4.50714285714286,5,4.57738095238095,4.94705882352941,19
"21",2003,9,5.05,10,5.66666666666667,4.78571428571429,NA,5,5.07142857142857,3,7,0,3,7,137,60,77,3,45,92,4.84124087591241,5.2375,4.53246753246753,5,4.60555555555556,4.95652173913043,20
"22",2003,10,5.8,5,5.8,NA,NA,7,5.5,5,0,0,1,4,142,65,77,3,46,96,4.875,5.28076923076923,4.53246753246753,5,4.65760869565217,4.97916666666667,21
"23",2003,12,4.72727272727273,11,4.66666666666667,4.8,NA,7.33333333333333,3.75,6,5,0,3,8,153,71,82,3,49,104,4.86437908496732,5.22887323943662,4.54878048780488,5,4.82142857142857,4.88461538461539,23
"24",2004,1,4.46428571428571,14,4.83333333333333,4.1875,5.5,4.625,4.4,6,8,1,4,10,167,77,90,4,53,114,4.83083832335329,5.19805194805195,4.51666666666667,5.125,4.8066037735849,4.84210526315789,24
"25",2004,2,5.22727272727273,11,6.375,4.57142857142857,NA,4.75,5.5,4,7,0,4,7,178,81,97,4,57,121,4.85533707865168,5.25617283950617,4.52061855670103,5.125,4.80263157894737,4.8801652892562,25
"26",2004,3,5,2,5,NA,NA,NA,5,2,0,0,0,2,180,83,97,4,57,123,4.85694444444444,5.25,4.52061855670103,5.125,4.80263157894737,4.88211382113821,26
"27",2004,4,5.25,8,4.75,5.75,NA,5,5.33333333333333,4,4,0,2,6,188,87,101,4,59,129,4.87367021276596,5.22701149425287,4.56930693069307,5.125,4.8093220338983,4.9031007751938,27
"28",2004,5,5,7,5.125,4.83333333333333,NA,6.75,4.3,4,3,0,2,5,195,91,104,4,61,134,4.87820512820513,5.22252747252747,4.57692307692308,5.125,4.87295081967213,4.88059701492537,28
"29",2004,6,4.29166666666667,12,5.5,3.6875,2,5.125,3.875,4,8,1,4,8,207,95,112,5,65,142,4.84420289855072,5.23421052631579,4.51339285714286,4.5,4.88846153846154,4.82394366197183,29
"30",2004,7,5.28571428571429,7,7.5,4.4,4.5,5,5.66666666666667,2,5,2,4,3,214,97,117,7,69,145,4.85864485981308,5.28092783505155,4.50854700854701,4.5,4.89492753623188,4.84137931034483,30
"31",2004,8,4.83333333333333,9,4.91666666666667,4.66666666666667,NA,5.25,4,6,3,0,6,3,223,103,120,7,75,148,4.85762331838565,5.25970873786408,4.5125,4.5,4.92333333333333,4.82432432432432,31
"32",2004,9,4.61111111111111,9,5,4.125,NA,4.8,4.375,5,4,0,5,4,232,108,124,7,80,152,4.84806034482759,5.24768518518519,4.5,4.5,4.915625,4.8125,32
"33",2004,10,5.5,10,6.2,4.8,NA,5.2,5.8,5,5,0,5,5,242,113,129,7,85,157,4.875,5.28982300884956,4.51162790697674,4.5,4.93235294117647,4.84394904458599,33
"34",2004,11,5.77777777777778,9,5.5,6,6,6.2,5.25,4,5,1,5,4,251,117,134,8,90,161,4.90737051792829,5.29700854700855,4.56716417910448,4.6875,5.00277777777778,4.85403726708075,34
"35",2004,12,5.2,5,5.2,NA,NA,5.33333333333333,5,5,0,0,3,2,256,122,134,8,93,163,4.9130859375,5.29303278688525,4.56716417910448,4.6875,5.01344086021505,4.8558282208589,35
"36",2005,1,4.27307692307692,13,4.11428571428571,4.45833333333333,NA,5,4.055,7,6,0,3,10,269,129,140,8,96,173,4.882156133829,5.22906976744186,4.5625,4.6875,5.01302083333333,4.80953757225434,36
"37",2005,2,4.75,14,5.15,3.75,NA,4.8125,4.66666666666667,10,4,0,8,6,283,139,144,8,104,179,4.8756183745583,5.22338129496403,4.53993055555556,4.6875,4.99759615384615,4.80474860335196,37
"38",2005,3,4.38461538461539,13,4.42857142857143,4.33333333333333,NA,4.375,4.4,7,6,0,8,5,296,146,150,8,112,184,4.85405405405405,5.18527397260274,4.53166666666667,4.6875,4.953125,4.79375,38
"39",2005,4,3.83333333333333,6,3.5,4,5,3.66666666666667,4,2,4,1,3,3,302,148,154,9,115,187,4.83377483443708,5.1625,4.51785714285714,4.72222222222222,4.9195652173913,4.78101604278075,39
"40",2005,5,5.2,10,5.33333333333333,4,NA,4.33333333333333,5.57142857142857,9,1,0,3,7,312,157,155,9,118,194,4.84551282051282,5.17229299363057,4.51451612903226,4.72222222222222,4.90466101694915,4.80953608247423,40
"41",2005,6,4.58333333333333,12,5,3.75,NA,3.85714285714286,5.6,8,4,0,7,5,324,165,159,9,125,199,4.8358024691358,5.1639393939394,4.49528301886793,4.72222222222222,4.846,4.82939698492462,41
"42",2005,7,4.6,10,5.42857142857143,2.66666666666667,NA,4.4,4.8,7,3,0,5,5,334,172,162,9,130,204,4.82874251497006,5.17470930232558,4.46141975308642,4.72222222222222,4.82884615384615,4.82867647058824,42
"43",2005,8,4.83333333333333,15,5.9375,3.57142857142857,3,5.5,4.5,8,7,2,5,10,349,180,169,11,135,214,4.82893982808023,5.20861111111111,4.42455621301775,4.40909090909091,4.8537037037037,4.81331775700935,43
"44",2005,9,4.88541666666667,12,5.10416666666667,4.66666666666667,6,5.28571428571429,4.325,6,6,2,7,5,361,186,175,13,142,219,4.83081717451523,5.20524193548387,4.43285714285714,4.65384615384615,4.875,4.80216894977169,44
"45",2005,10,5.01538461538462,13,7,4.42,4,4.33333333333333,5.6,3,10,2,6,7,374,189,185,15,148,226,4.83723262032085,5.23373015873016,4.43216216216216,4.56666666666667,4.85304054054054,4.82688053097345,45
"46",2005,11,4.33333333333333,15,4.55555555555556,4,NA,4,4.83333333333333,9,6,0,9,6,389,198,191,15,157,232,4.81780205655527,5.20290404040404,4.41858638743456,4.56666666666667,4.80414012738853,4.8270474137931,46
"47",2005,12,5.67647058823529,17,6.5,4.75,5,5.04545454545455,6.83333333333333,9,8,1,11,6,406,207,199,16,168,238,4.85375615763547,5.25929951690821,4.43190954773869,4.59375,4.81994047619048,4.87762605042017,47
"48",2006,1,4.77777777777778,18,5.09090909090909,4.28571428571429,5,4.6,4.84615384615385,11,7,2,5,13,424,218,206,18,173,251,4.85053066037736,5.25080275229358,4.42694174757282,4.63888888888889,4.8135838150289,4.87599601593626,48
"49",2006,2,5.86363636363636,11,5.72222222222222,6.5,NA,5.75,6,9,2,0,6,5,435,227,208,18,179,256,4.87614942528735,5.26949339207049,4.446875,4.63888888888889,4.84497206703911,4.89794921875,49
"50",2006,3,5.16666666666667,12,5.16666666666667,5.16666666666667,NA,4.3,5.78571428571429,9,3,0,5,7,447,236,211,18,184,263,4.8839485458613,5.26557203389831,4.45710900473934,4.63888888888889,4.83016304347826,4.92157794676806,50
"51",2006,4,4.5,8,5.25,3.75,NA,3.5,4.83333333333333,4,4,0,2,6,455,240,215,18,186,269,4.8771978021978,5.2653125,4.44395348837209,4.63888888888889,4.81586021505376,4.91960966542751,51
"52",2006,5,3.96153846153846,13,4.58333333333333,3.42857142857143,NA,3.6875,4.4,6,7,0,8,5,468,246,222,18,194,274,4.85176282051282,5.24867886178862,4.41193693693694,4.63888888888889,4.76932989690722,4.91012773722628,52
"53",2006,6,4.5,8,4.64285714285714,3.5,NA,3.5,4.83333333333333,7,1,0,2,6,476,253,223,18,196,280,4.84585084033613,5.23191699604743,4.40784753363229,4.63888888888889,4.75637755102041,4.90848214285714,53
"54",2006,7,4.03333333333333,15,4.66666666666667,3.61111111111111,3,4.07142857142857,4,6,9,1,7,8,491,259,232,19,203,288,4.82102851323829,5.21882239382239,4.37693965517241,4.55263157894737,4.73275862068965,4.88324652777778,54
"55",2006,8,4.8,20,5.55555555555556,4.18181818181818,3.75,5.33333333333333,4,9,11,2,12,8,511,268,243,21,215,296,4.82020547945205,5.23013059701493,4.36810699588477,4.47619047619048,4.76627906976744,4.859375,55
"56",2006,9,4.75,16,5.25,4.25,4.66666666666667,4.8,4.66666666666667,8,8,3,10,6,527,276,251,24,225,302,4.81807400379506,5.23070652173913,4.36434262948207,4.5,4.76777777777778,4.85554635761589,56
"57",2006,10,4.1875,16,4,4.3,3,3.33333333333333,4.38461538461539,6,10,1,3,13,543,282,261,25,228,315,4.79949355432781,5.20452127659575,4.36187739463602,4.44,4.74890350877193,4.83611111111111,57
"58",2006,11,5.07142857142857,14,5,5.25,6,4.8,5.22222222222222,10,4,2,5,9,557,292,265,27,233,324,4.80632854578097,5.19751712328767,4.37528301886792,4.55555555555556,4.75,4.84683641975309,58
"59",2006,12,4.29545454545455,33,4.859375,3.76470588235294,5,3.875,4.53571428571429,16,17,1,12,21,590,308,282,28,245,345,4.77775423728813,5.1799512987013,4.33847517730496,4.57142857142857,4.70714285714286,4.82789855072464,59
"60",2007,1,4.91111111111111,36,5.63529411764706,4.26315789473684,3.66666666666667,4.86363636363636,4.932,17,19,3,11,25,626,325,301,31,256,370,4.78542332268371,5.20376923076923,4.33372093023256,4.48387096774194,4.7138671875,4.83493243243243,60
"61",2007,2,4.26,25,5.4375,3.70588235294118,5,4.21428571428571,4.27777777777778,8,17,1,7,18,651,333,318,32,263,388,4.76524577572965,5.20938438438439,4.3001572327044,4.5,4.70057034220532,4.80908505154639,61
"62",2007,3,5.015,20,6.01,4.02,4.66666666666667,4.42222222222222,5.5,10,10,3,9,11,671,343,328,35,272,399,4.77269001490313,5.23272594752187,4.29161585365854,4.51428571428571,4.69136029411765,4.8281328320802,62
"63",2007,4,5.15217391304348,23,5.20833333333333,5.09090909090909,4.5,4.96153846153846,5.4,12,11,2,13,10,694,355,339,37,285,409,4.78526657060519,5.2319014084507,4.31755162241888,4.51351351351351,4.70368421052632,4.84211491442543,63
"64",2007,5,5.00952380952381,21,5.77777777777778,4.43333333333333,4,5.5,4.56363636363636,9,12,3,10,11,715,364,351,40,295,420,4.79185314685315,5.24539835164835,4.32150997150997,4.475,4.73067796610169,4.83482142857143,64
"65",2007,6,4.91578947368421,19,5.39,4.38888888888889,NA,5.2,4.81428571428571,10,9,0,5,14,734,374,360,40,300,434,4.79506130790191,5.24926470588235,4.32319444444444,4.475,4.7385,4.83415898617511,65
"66",2007,7,5.18214285714286,28,5.725,4.775,NA,5.3,5.135,12,16,0,8,20,762,386,376,40,308,454,4.80928477690289,5.26405440414508,4.34242021276596,4.475,4.75308441558442,4.84741189427313,66
"67",2007,8,4.16666666666667,27,5.05555555555556,3.72222222222222,3.5,5.05555555555556,3.72222222222222,9,18,2,9,18,789,395,394,42,317,472,4.78729404309252,5.25930379746835,4.31408629441624,4.42857142857143,4.76167192429022,4.80450211864407,67
"68",2007,9,5.08235294117647,17,5.53333333333333,4,NA,4.83333333333333,5.21818181818182,12,5,0,6,11,806,407,399,42,323,483,4.79351736972705,5.26738329238329,4.31015037593985,4.42857142857143,4.76300309597523,4.81392339544513,68
"69",2007,10,4.64583333333333,24,5.6,3.96428571428571,5,5.125,4.40625,10,14,1,8,16,830,417,413,43,331,499,4.78924698795181,5.27535971223022,4.29842615012107,4.44186046511628,4.77175226586103,4.80085170340681,69
"70",2007,11,4.17096774193548,31,4.75384615384615,3.75,5.8,3.925,4.43333333333333,13,18,5,16,15,861,430,431,48,347,514,4.76698606271777,5.25959302325581,4.27552204176334,4.58333333333333,4.73270893371758,4.79012645914397,70
"71",2007,12,4.78823529411765,34,5.74444444444444,4.444,5,4.72857142857143,4.83,9,25,1,14,20,895,439,456,49,361,534,4.76779329608939,5.26953302961276,4.28475877192983,4.59183673469388,4.73254847645429,4.79161985018727,71
"72",2008,1,4.84146341463415,41,5.34782608695652,4.19444444444444,NA,4.45833333333333,5,23,18,0,12,29,936,462,474,49,373,563,4.7710202991453,5.27343073593074,4.28132911392405,4.59183673469388,4.72372654155496,4.80235346358792,72
"73",2008,2,5.06,25,5.23076923076923,4.875,5.25,4.61111111111111,5.3125,13,12,4,9,16,961,475,486,53,382,579,4.77853798126951,5.27226315789474,4.29598765432099,4.64150943396226,4.72107329842932,4.81645077720207,73
"74",2008,3,4.61764705882353,34,4.84210526315789,4.33333333333333,3.8,4.625,4.61538461538461,19,15,5,8,26,995,494,501,58,390,605,4.77304020100503,5.25571862348178,4.29710578842315,4.56896551724138,4.71910256410256,4.80780991735537,74
"75",2008,4,5.11111111111111,18,5.3,4.875,5.5,4.83333333333333,5.66666666666667,10,8,2,12,6,1013,504,509,60,402,611,4.7790473840079,5.25659722222222,4.30618860510806,4.6,4.72251243781094,4.81624386252046,75
"76",2008,5,5.27083333333333,24,5.6,5.03571428571429,4,5.03846153846154,5.54545454545455,10,14,1,13,11,1037,514,523,61,415,622,4.79042912246866,5.26327821011673,4.32571701720841,4.59016393442623,4.73240963855422,4.82913987138264,76
"77",2008,6,5.6375,20,5.91666666666667,4.8,5.5,5.925,5.35,15,5,2,10,10,1057,529,528,63,425,632,4.80645695364238,5.28180529300567,4.33020833333333,4.61904761904762,4.76047058823529,4.83738132911392,77
"78",2008,7,5.01935483870968,31,5.53846153846154,4.64444444444444,4,4.81818181818182,5.13,13,18,9,11,20,1088,542,546,72,436,652,4.81252297794118,5.28796125461255,4.34056776556777,4.54166666666667,4.76192660550459,4.84635736196319,78
"79",2008,8,4.46,35,4.72222222222222,4.36923076923077,4.46428571428571,4.34615384615385,4.52727272727273,9,26,14,13,22,1123,551,572,86,449,674,4.80153606411398,5.27872050816697,4.34187062937063,4.52906976744186,4.74988864142539,4.83594213649852,79
"80",2008,9,4.76785714285714,28,5.27857142857143,4.25714285714286,4.16666666666667,4.41818181818182,4.99411764705882,14,14,6,11,17,1151,565,586,92,460,691,4.8007167680278,5.27871681415929,4.33984641638225,4.5054347826087,4.74195652173913,4.83983357452967,80
"81",2008,10,4.91923076923077,26,5.04444444444444,4.85294117647059,4.875,4.94,4.90625,9,17,8,10,16,1177,574,603,100,470,707,4.80333474936279,5.27504355400697,4.35431177446103,4.535,4.74617021276596,4.84133663366337,81
"82",2008,11,4.59333333333333,30,5.66666666666667,3.52,4.16666666666667,4.21666666666667,4.6875,15,15,6,6,24,1207,589,618,106,476,731,4.79811516155758,5.28501697792869,4.33406148867314,4.51415094339623,4.73949579831933,4.83628590971272,82
"83",2008,12,4.62088235294118,34,4.54692307692308,4.66666666666667,4.22222222222222,4.5,4.67125,13,21,9,10,24,1241,602,639,115,486,755,4.79325946817083,5.2690780730897,4.34499217527387,4.49130434782609,4.73456790123457,4.83103973509934,83
"84",2009,1,4.67518518518519,54,4.78571428571429,4.55615384615385,4.45833333333333,4.80769230769231,4.63317073170732,28,26,12,13,41,1295,630,665,127,499,796,4.78833590733591,5.24759523809524,4.35324812030075,4.48818897637795,4.73647294589178,4.82084798994975,84
"85",2009,2,5.325,34,5.98333333333333,4.80526315789474,3.66666666666667,5.075,5.42916666666667,15,19,6,10,24,1329,645,684,133,509,820,4.80206546275395,5.26470542635659,4.36580409356725,4.45112781954887,4.74312377210216,4.83865243902439,85
"86",2009,3,4.9390243902439,41,5.5,4.40476190476191,4.61111111111111,4.72727272727273,5.01666666666667,20,21,9,11,30,1370,665,705,142,520,850,4.80616423357664,5.27178195488722,4.36696453900709,4.4612676056338,4.74278846153846,4.84493529411765,86
"87",2009,4,4.93714285714286,35,5.07857142857143,4.84285714285714,4.7,4.58,5.08,14,21,10,10,25,1405,679,726,152,530,875,4.80942704626335,5.26779823269514,4.38073002754821,4.47697368421053,4.73971698113208,4.85165142857143,87
"88",2009,5,4.40714285714286,28,4.7375,4.275,3.71428571428571,4.375,4.42,8,20,7,8,20,1433,687,746,159,538,895,4.80156664340544,5.2616229985444,4.37789544235925,4.44339622641509,4.7342936802974,4.84200558659218,88
"89",2009,6,4.55813953488372,43,4.35,4.62121212121212,4.66666666666667,4.1875,4.64285714285714,10,33,9,8,35,1476,697,779,168,546,930,4.79447493224932,5.248543758967,4.3882028241335,4.45535714285714,4.72628205128205,4.83451075268817,89
"90",2009,7,4.54146341463415,41,5.03809523809524,4.02,3.66666666666667,3.9,4.63055555555556,21,20,9,5,36,1517,718,799,177,551,966,4.78763678312459,5.24238857938719,4.37898623279099,4.41525423728814,4.71878402903811,4.8269099378882,90
"91",2009,8,5.31724137931035,29,6.05555555555556,4.985,5.21428571428571,5.35,5.3,9,20,7,10,19,1546,727,819,184,561,985,4.79757115135834,5.2524552957359,4.3937851037851,4.44565217391304,4.73003565062389,4.83603553299492,91
"92",2009,9,4.98333333333333,30,5.53125,4.35714285714286,4.16666666666667,4.8,5.075,16,14,6,10,20,1576,743,833,190,571,1005,4.80110723350254,5.25845895020188,4.39316926770708,4.43684210526316,4.73126094570928,4.84079104477612,92
"93",2009,10,4.95952380952381,42,5.25384615384615,4.82758620689655,4.6,4.66666666666667,5.03939393939394,13,29,10,9,33,1618,756,862,200,580,1038,4.80521940667491,5.25837962962963,4.40778422273782,4.445,4.73025862068966,4.84710500963391,93
"94",2009,11,5.1,33,5.87857142857143,4.52631578947368,4.375,4.71428571428571,5.38421052631579,14,19,8,14,19,1651,770,881,208,594,1057,4.81111144760751,5.26965584415584,4.41034052213394,4.44230769230769,4.72988215488216,4.85675969725639,94
"95",2009,12,4.81363636363636,44,5.65789473684211,4.172,4.5,4.33333333333333,4.88947368421053,19,25,7,6,38,1695,789,906,215,600,1095,4.81117699115044,5.27900506970849,4.40376379690949,4.44418604651163,4.72591666666667,4.85789497716895,95
"96",2010,1,5.13953488372093,43,5.45,4.8695652173913,5.09090909090909,4.5,5.28571428571429,20,23,11,8,35,1738,809,929,226,608,1130,4.81930092059839,5.28323238566131,4.41529601722282,4.47566371681416,4.72294407894737,4.87114601769912,96
"97",2010,2,4.81,30,5.3,4.25,3.83333333333333,5,4.79642857142857,16,14,6,2,28,1768,825,943,232,610,1158,4.81914309954751,5.28355757575758,4.41284199363733,4.45905172413793,4.72385245901639,4.86933937823834,97
"98",2010,3,4.59090909090909,22,4.5,4.7,5.2,4.55555555555556,4.61538461538461,12,10,5,9,13,1790,837,953,237,619,1171,4.81633798882682,5.27232377538829,4.41585519412382,4.4746835443038,4.72140549273021,4.86652006831768,98
"99",2010,4,5.53703703703704,27,6.07692307692308,5.03571428571429,5.25,6,5.40476190476191,13,14,2,6,21,1817,850,967,239,625,1192,4.827047330765,5.28462941176471,4.42482936918304,4.48117154811716,4.73368,4.87600251677852,99
"100",2010,5,4.83888888888889,18,4.8875,4.8,4.5,5,4.80666666666667,8,10,2,3,15,1835,858,977,241,628,1207,4.82716348773842,5.28092657342657,4.42866939611054,4.48132780082988,4.73495222929936,4.87514084507042,100
"101",2010,6,4.71875,16,4.75,4.66666666666667,5.16666666666667,6.5,4.46428571428571,10,6,3,2,14,1851,868,983,244,630,1221,4.8262263641275,5.2748099078341,4.43012207527976,4.48975409836066,4.74055555555555,4.87042997542998,101
"102",2010,7,5.10833333333333,12,5.85714285714286,4.06,NA,4.43333333333333,5.33333333333333,7,5,0,3,9,1863,875,988,244,633,1230,4.82804347826087,5.27946857142857,4.42824898785425,4.48975409836066,4.73909952606635,4.87381707317073,102
"103",2010,8,4.56166666666667,30,5.66,4.0125,4.4,4.25,4.675,10,20,5,8,22,1893,885,1008,249,641,1252,4.82382197569995,5.28376836158192,4.42,4.48795180722892,4.73299531981279,4.87032348242812,103
"104",2010,9,3.97826086956522,23,4.16666666666667,3.91176470588235,4.2,3.625,4.05263157894737,6,17,5,4,19,1916,891,1025,254,645,1271,4.81367171189979,5.27624579124579,4.41157073170732,4.48228346456693,4.72612403100775,4.8580999213218,104
"105",2010,10,5.16666666666667,21,5.33333333333333,5.04166666666667,4.66666666666667,5.55555555555556,4.875,9,12,3,9,12,1937,900,1037,257,654,1283,4.81749870934435,5.27681666666667,4.41886210221794,4.48443579766537,4.73753822629969,4.85825798908808,105
"106",2010,11,4.91176470588235,34,5.9,4.13157894736842,3.66666666666667,4.83333333333333,4.92857142857143,15,19,6,6,28,1971,915,1056,263,660,1311,4.81912480974125,5.28703278688525,4.41369318181818,4.46577946768061,4.73840909090909,4.85975972540046,106
"107",2010,12,4.64285714285714,28,5.41666666666667,4.43181818181818,5.4125,4.83333333333333,4.59090909090909,6,22,8,6,22,1999,921,1078,271,666,1333,4.81665582791396,5.2878773072747,4.41406307977736,4.49372693726937,4.73926426426426,4.85532258064516,107
"108",2011,1,5.13846153846154,26,6.13846153846154,4.13846153846154,4.2,5.4,5.07619047619048,13,13,5,5,21,2025,934,1091,276,671,1354,4.82078765432099,5.29971627408994,4.41077910174152,4.48840579710145,4.74418777943368,4.85874815361891,108
"109",2011,2,4.68571428571429,35,6.16666666666667,4.37931034482759,4.5,3.57142857142857,4.96428571428571,6,29,11,7,28,2060,940,1120,287,678,1382,4.8184927184466,5.30525,4.40996428571429,4.48885017421603,4.7320796460177,4.86088639652677,109
"110",2011,3,4.81796551724138,29,5.21473333333333,4.39285714285714,4.47728571428571,5.28571428571429,4.66913636363636,15,14,7,7,22,2089,955,1134,294,685,1404,4.81848539971278,5.30382827225131,4.40975308641975,4.48857482993197,4.73773722627737,4.85788176638177,110
"111",2011,4,5.4,15,6.42857142857143,4.5,7,4,5.61538461538461,7,8,1,2,13,2104,962,1142,295,687,1417,4.82263117870723,5.31201247401247,4.41038528896673,4.49708813559322,4.73558951965066,4.86483133380381,111
"112",2011,5,5.57307692307692,26,6.4,4.96666666666667,4.8,6.14285714285714,5.36315789473684,11,15,5,7,19,2130,973,1157,300,694,1436,4.83179154929578,5.32431243576567,4.41759723422645,4.50213666666667,4.74978386167147,4.87142479108635,112
"113",2011,6,4.96875,16,4.875,5.0625,4.83333333333333,6,4.73076923076923,8,8,3,3,13,2146,981,1165,303,697,1449,4.83281267474371,5.32064831804281,4.42202575107296,4.50541584158416,4.7551649928264,4.87016287094548,113
"114",2011,7,4.73529411764706,17,6.2,4.125,4,5.66666666666667,4.53571428571429,5,12,1,3,14,2163,986,1177,304,700,1463,4.83204623208507,5.32510750507099,4.41899745114698,4.50375328947368,4.75907142857143,4.86696240601504,114
"115",2011,8,4.6037037037037,27,5.64444444444444,4.08333333333333,3.66666666666667,4.27777777777778,4.76666666666667,9,18,6,9,18,2190,995,1195,310,709,1481,4.82923105022831,5.3279959798995,4.41394142259414,4.48755161290322,4.75296191819464,4.8657434166104,115
"116",2011,9,4.45882352941176,17,5.46666666666667,3.90909090909091,4.4,4.75,4.36923076923077,6,11,5,4,13,2207,1001,1206,315,713,1494,4.82637788853648,5.32882717282717,4.40933665008292,4.4861619047619,4.75294530154278,4.86142302543507,116
"117",2011,10,5.32,25,6.13636363636364,4.67857142857143,4.875,5.75,5.18421052631579,11,14,4,6,19,2232,1012,1220,319,719,1513,4.83190681003584,5.337604743083,4.4124262295082,4.49103761755486,4.76126564673157,4.86547653668209,117
"118",2011,11,4.40714285714286,28,5.46153846153846,3.49333333333333,2.25,3.78333333333333,4.875,13,15,4,12,16,2260,1025,1235,323,731,1529,4.82664424778761,5.33917658536585,4.40126315789474,4.46328482972136,4.74521203830369,4.86557619359058,118
"119",2011,12,4.87352941176471,34,5.07727272727273,4.5,4.25,4.46666666666667,4.96071428571429,22,12,4,6,28,2294,1047,1247,327,737,1557,4.82733914559721,5.33367335243553,4.40221331194868,4.46067584097859,4.74294436906377,4.86728709055877,119
"120",2012,1,4.60277777777778,36,5.53888888888889,3.66666666666667,3.83333333333333,4.47,4.65384615384615,18,18,6,10,26,2330,1065,1265,333,747,1583,4.823869527897,5.33714178403756,4.39174703557312,4.44937237237237,4.73929049531459,4.86378142766898,120
"121",2012,2,4.57142857142857,21,5.41666666666667,4.23333333333333,3,3.66666666666667,4.72222222222222,6,15,1,3,18,2351,1071,1280,334,750,1601,4.82161463207146,5.3375873015873,4.389890625,4.44503293413174,4.735,4.86218988132417,121
"122",2012,3,4.668,25,5.29166666666667,4.09230769230769,3.95,4.43125,4.77941176470588,12,13,5,8,17,2376,1083,1293,339,758,1618,4.81999831649832,5.3370784856879,4.38689868522815,4.43773156342183,4.73179419525066,4.86132014833127,122
"123",2012,4,5,17,5.09090909090909,4.83333333333333,4,4.6,5.16666666666667,11,6,1,5,12,2393,1094,1299,340,763,1630,4.82127705808609,5.33460329067642,4.38896073903002,4.43644411764706,4.73093053735256,4.86356809815951,123
"124",2012,5,4.636,25,5.03125,3.93333333333333,3.8,5.33333333333333,4.54090909090909,16,9,3,3,22,2418,1110,1308,343,766,1652,4.81936145574855,5.33023063063063,4.38582568807339,4.43087755102041,4.73328981723238,4.85927118644068,124
"125",2012,6,5.17857142857143,28,5.33333333333333,5,5,6.28571428571429,4.80952380952381,15,13,4,7,21,2446,1125,1321,347,773,1673,4.82347342600164,5.330272,4.39186979560939,4.43743804034582,4.74734799482536,4.85864674237896,125
"126",2012,7,4.80684210526316,19,5.57692307692308,3.13833333333333,4,4.25,5.06384615384615,13,6,1,6,13,2465,1138,1327,348,779,1686,4.82334523326572,5.33308963093146,4.38620195930671,4.43618103448276,4.74351732991014,4.86022894424674,126
"127",2012,8,4.61588235294118,17,5.80875,3.55555555555556,3,3.4,5.1225,8,9,2,5,12,2482,1146,1336,350,784,1698,4.82192425463336,5.33641012216405,4.38060628742515,4.42797428571429,4.73494897959184,4.86208244994111,127
"128",2012,9,5.45,20,5.6,5.3,5.75,4.5,5.61764705882353,10,10,4,3,17,2502,1156,1346,354,787,1715,4.8269448441247,5.33869031141869,4.38743684992571,4.44291242937853,4.73405336721728,4.86957201166181,128
"129",2012,10,4.79545454545455,22,5.16666666666667,4.35,4,5,4.76315789473684,12,10,3,3,19,2524,1168,1356,357,790,1734,4.82667036450079,5.33692294520548,4.38716076696165,4.43919047619048,4.73506329113924,4.8684059976932,129
"130",2012,11,4.72714285714286,35,5.41875,4.14473684210526,5.10714285714286,4.90625,4.67407407407407,16,19,7,8,27,2559,1184,1375,364,798,1761,4.82530910511919,5.33802871621622,4.38381090909091,4.45203571428571,4.73677944862156,4.86542646223737,130
"131",2012,12,4.86764705882353,34,5.47222222222222,4.1875,4.11111111111111,4.4375,5,18,16,9,8,26,2593,1202,1391,373,806,1787,4.82586424990359,5.34003826955075,4.38155283968368,4.44380965147453,4.73380893300248,4.8673844432009,131
"132",2013,1,4.96428571428571,28,5.33333333333333,4.6875,4.42857142857143,4.75,5.02272727272727,12,16,7,6,22,2621,1214,1407,380,812,1809,4.8273429988554,5.33997199341022,4.38503198294243,4.44352894736842,4.73392857142857,4.8692736318408,132
"133",2013,2,4.725,20,5.3,4.15,3.9,5,4.69444444444444,10,10,5,2,18,2641,1224,1417,385,814,1827,4.82656796667929,5.3396454248366,4.38337332392378,4.43647012987013,4.73458230958231,4.86755117679256,133
"134",2013,3,5.153,24,5.81111111111111,4.75813333333333,5.33333333333333,3.984,5.7375,9,15,3,8,16,2665,1233,1432,388,822,1843,4.82950769230769,5.34308678021087,4.38729888268156,4.44340463917526,4.72727737226277,4.8751036353771,134
"135",2013,4,4.88103448275862,29,4.97666666666667,4.77857142857143,4.05,4.9625,4.868,15,14,5,4,25,2694,1248,1446,393,826,1868,4.83006236080178,5.3386826923077,4.39108713692946,4.43839949109415,4.72841646489104,4.87500856531049,135
"136",2013,5,4.34,25,4.77272727272727,4,4.5,3.75,4.45238095238095,11,14,6,4,21,2719,1259,1460,399,830,1889,4.82555645457889,5.33373788721208,4.38733698630137,4.43932581453634,4.72370120481928,4.87031021704606,136
"137",2013,6,5.23076923076923,13,5.28571428571429,5.16666666666667,6.5,4,5.45454545454545,7,6,2,2,11,2732,1266,1466,401,832,1900,4.82748462664715,5.33347235387046,4.39052660300137,4.44960349127182,4.72196153846154,4.87369263157895,137
"138",2013,7,4.5,17,4.78571428571429,4.3,5,3.6,4.875,7,10,2,5,12,2749,1273,1476,403,837,1912,4.82545943979629,5.3304603299293,4.38991327913279,4.45233498759305,4.71525925925926,4.87370083682009,138
"139",2013,8,4.67777777777778,27,5.41666666666667,4.08666666666667,4.4,3.75,4.83913043478261,12,15,7,4,23,2776,1285,1491,410,841,1935,4.82402305475505,5.33126536964981,4.38686250838364,4.45144146341463,4.71066825208086,4.87328992248062,139
"140",2013,9,4.91052631578947,19,5.45714285714286,4.59166666666667,4.44285714285714,4.86666666666667,4.91875,7,12,7,3,16,2795,1292,1503,417,844,1951,4.82461109123435,5.33194736842105,4.38849767132402,4.45129736211031,4.71122274881517,4.87366273705792,140
"141",2013,10,4.91071428571429,28,5.5625,4.04166666666667,3.625,4.6,4.97826086956522,16,12,8,5,23,2823,1308,1515,425,849,1974,4.82546510804109,5.33476758409786,4.38575049504951,4.43574352941176,4.71056772673734,4.87488145896657,141
"142",2013,11,4.59642857142857,28,5.18181818181818,4.21764705882353,4.25,4.3,4.66086956521739,11,17,4,5,23,2851,1319,1532,429,854,1997,4.82321571378464,5.33349203942381,4.38388511749348,4.43401165501165,4.70816393442623,4.87241662493741,142
"143",2013,12,4.78928571428571,28,4.9,4.67857142857143,4.33333333333333,4.85714285714286,4.76666666666667,14,14,3,7,21,2879,1333,1546,432,861,2018,4.8228857242098,5.32893923480871,4.38655368693403,4.4333125,4.70937514518002,4.87131615460853,143
"144",2014,1,5,42,5.11764705882353,4.92,4.86363636363636,4.65,5.109375,17,25,11,10,32,2921,1350,1571,443,871,2050,4.82543238616912,5.32627851851852,4.39504264799491,4.44399774266365,4.70869345579793,4.87503219512195,144
"145",2014,2,4.57352941176471,34,5.19444444444444,3.875,2.8,4.21428571428571,4.66666666666667,18,16,5,7,27,2955,1368,1587,448,878,2077,4.82253401015229,5.32454385964913,4.38979962192817,4.42564955357143,4.70475170842825,4.87232354357246,145
"146",2014,3,5.01153846153846,26,5.32222222222222,4.3125,4.1,5,5.01304347826087,18,8,5,3,23,2981,1386,1595,453,881,2100,4.82418248909762,5.32451370851371,4.38941191222571,4.42205518763797,4.70575709421112,4.87386476190476,146
"147",2014,4,4.86034482758621,29,4.95294117647059,4.72916666666667,4,5.66666666666667,4.76730769230769,17,12,4,3,26,3010,1403,1607,457,884,2126,4.82453089700997,5.320011404134,4.39194897324207,4.41836105032823,4.70901809954751,4.87256161806209,147
"148",2014,5,4.92678571428571,28,5.56333333333333,4.19230769230769,4.2,3.83333333333333,5.225,15,13,5,6,22,3038,1418,1620,462,890,2148,4.82547333772219,5.32258533145275,4.39034691358025,4.41599783549783,4.70311460674157,4.87617132216015,148
"149",2014,6,5.04,25,5,5.07692307692308,4.75,4.5,5.14285714285714,12,13,4,4,21,3063,1430,1633,466,894,2169,4.82722428991185,5.31987832167832,4.39581261481935,4.41886480686695,4.70220581655481,4.87875334255417,149
"150",2014,7,4.68888888888889,27,5.07857142857143,4.26923076923077,5,3.86666666666667,4.79166666666667,14,13,1,3,24,3090,1444,1646,467,897,2193,4.82601553398059,5.31753878116344,4.39481287970839,4.42010920770878,4.69941137123746,4.87780027359781,150
"151",2014,8,4.14615384615385,39,5.23888888888889,3.20952380952381,3.175,4.35,4.07586206896552,18,21,8,10,29,3129,1462,1667,475,907,2222,4.81754170661554,5.31657045143639,4.37988122375525,4.39913894736842,4.69555898566704,4.86733393339334,151
"152",2014,9,4.6,35,5.22727272727273,3.53846153846154,3,4.78571428571429,4.55357142857143,22,13,2,7,28,3164,1484,1680,477,914,2250,4.81513527180784,5.31524663072776,4.37337023809524,4.39327253668763,4.69624945295405,4.86342933333334,152
"153",2014,10,4.82692307692308,26,5.03333333333333,4.54545454545455,4.33333333333333,3.5,5.06818181818182,15,11,3,4,22,3190,1499,1691,480,918,2272,4.81523134796239,5.31242561707805,4.37448965109403,4.39289791666666,4.69103703703704,4.86541197183099,153
"154",2014,11,4.66666666666667,24,4.85,4.53571428571429,6.33333333333333,4.78571428571429,4.61764705882353,10,14,3,7,17,3214,1509,1705,483,925,2289,4.81412196639702,5.30936116633532,4.37581348973607,4.404950310559,4.69175351351351,4.86357186544343,154
"155",2014,12,4.72857142857143,35,5.07142857142857,4.21428571428571,4.4,4.5,4.77586206896552,21,14,5,6,29,3249,1530,1719,488,931,2318,4.81320036934442,5.3060954248366,4.37449796393252,4.40489959016393,4.69051772287863,4.8624745470233,155
"156",2015,1,5.31538461538462,39,5.68076923076923,4.58461538461538,4.66666666666667,4.8,5.39117647058824,26,13,3,5,34,3288,1556,1732,491,936,2352,4.81915693430657,5.31235604113111,4.37607505773672,4.40649898167006,4.69110256410257,4.87011734693878,156
"157",2015,2,4.29310344827586,29,4.5625,3.96153846153846,5,3.14285714285714,4.65909090909091,16,13,3,7,22,3317,1572,1745,494,943,2374,4.81455773289117,5.30472391857507,4.37298681948424,4.41010323886639,4.67960975609756,4.86816175231677,157
"158",2015,3,4.66,25,4.95,4.46666666666667,5.08333333333333,4,4.75,10,15,6,3,22,3342,1582,1760,500,946,2396,4.81340155595452,5.30248166877371,4.37378522727273,4.418182,4.67745454545455,4.86707679465776,158
"159",2015,4,4.75666666666667,30,5.01538461538462,4.55882352941176,5.75,4.25,4.83461538461538,13,17,4,4,26,3372,1595,1777,504,950,2422,4.81289679715303,5.30014169278997,4.37555543050085,4.42875198412698,4.67565473684211,4.86672832369942,159
"160",2015,5,4.75,28,5.17647058823529,4.09090909090909,4.66666666666667,4.33333333333333,4.8,17,11,3,3,25,3400,1612,1788,507,953,2447,4.81237882352942,5.29883746898263,4.37380425055929,4.43015976331361,4.67457712486884,4.86604658765836,160
"161",2015,6,5.15576923076923,26,5.83076923076923,4.48076923076923,5.125,5.16666666666667,5.1525,13,13,4,6,20,3426,1625,1801,511,959,2467,4.8149848219498,5.30309292307693,4.37457634647418,4.4355988258317,4.6776558915537,4.86836886907175,161
"162",2015,7,4.73076923076923,26,5.80769230769231,3.65384615384615,NA,4.25,4.81818181818182,13,13,0,4,22,3452,1638,1814,511,963,2489,4.81435052143685,5.30709768009768,4.36941124586549,4.4355988258317,4.6758795430945,4.86792527119325,162
"163",2015,8,4.64102564102564,39,4.91666666666667,4.40476190476191,5.2,5.16666666666667,4.54545454545455,18,21,5,6,33,3491,1656,1835,516,969,2522,4.81241420796334,5.3028538647343,4.36981580381472,4.44300581395349,4.67891847265222,4.86370578905631,163
"164",2015,9,4.32608695652174,23,4.67857142857143,3.77777777777778,4.66666666666667,5,4.26190476190476,14,9,3,2,21,3514,1670,1844,519,971,2543,4.80923107569722,5.29762035928144,4.36692624728851,4.44429865125241,4.6795798146241,4.85873613841919,164
"165",2015,10,4,19,4.8125,3.40909090909091,2.5,3.8,4.07142857142857,8,11,3,5,14,3533,1678,1855,522,976,2557,4.80487913954147,5.29530750893922,4.36124636118599,4.43312452107279,4.6750737704918,4.85442549863121,165
"166",2015,11,4.57631578947368,38,4.90476190476191,4.17058823529412,4.06666666666667,4.35714285714286,4.6258064516129,21,17,6,7,31,3571,1699,1872,528,983,2588,4.80244693363204,5.29048028251913,4.35951495726496,4.42896022727273,4.67280976602238,4.85168701700155,166
"167",2015,12,4.87837837837838,37,4.86111111111111,4.89473684210526,5.66666666666667,4.7,4.90625,18,19,3,5,32,3608,1717,1891,531,988,2620,4.8032256097561,5.28597903319744,4.36489264939186,4.43595291902071,4.67294736842105,4.85235343511451,167
"168",2016,1,4.71111111111111,45,4.74,4.675,4.33333333333333,3.7,4.8375,25,20,6,5,40,3653,1742,1911,537,993,2660,4.80209088420477,5.27814351320322,4.36813814756672,4.43480633147113,4.66804833836858,4.85213007518797,168
"169",2016,2,5.05405405405405,37,5.36842105263158,4.72222222222222,4.7,6,4.87096774193548,19,18,5,6,31,3690,1761,1929,542,999,2691,4.80461734417345,5.27911754684838,4.37144219803007,4.43725276752767,4.67604804804805,4.85234708286882,169
"170",2016,3,5.10857142857143,35,5.38888888888889,4.81176470588235,3.96,5.25,5.06666666666667,18,17,5,8,27,3725,1779,1946,547,1007,2718,4.80747328859061,5.28022821810006,4.3752887975334,4.4328903107861,4.68060774577954,4.85447608535688,170
"171",2016,4,4.52258064516129,31,5.12941176470588,3.78571428571429,2.66666666666667,6.5,4.38620689655172,17,14,3,2,29,3756,1796,1960,550,1009,2747,4.80512193823217,5.27880066815145,4.37107755102041,4.42325636363636,4.68421407333994,4.84953258099745,171
"172",2016,5,5.0625,40,5.85,4.275,5.375,5.16666666666667,5.04411764705882,20,20,8,6,34,3796,1816,1980,558,1015,2781,4.80783403582719,5.28509140969163,4.37010707070707,4.43690143369176,4.68706600985222,4.85191154261057,172
"173",2016,6,5.29787234042553,47,5.39130434782609,5.20833333333333,4.0625,6.16666666666667,5.09210526315789,23,24,8,9,38,3843,1839,2004,566,1024,2819,4.81382721831903,5.28641979336596,4.38014570858284,4.43160954063604,4.7000703125,4.85514934373892,173
"174",2016,7,5.36923076923077,52,5.57586206896552,5.10869565217391,4.57142857142857,5.5,5.32564102564103,29,23,7,13,39,3895,1868,2027,573,1037,2858,4.82124210526316,5.29091327623127,4.38841243216576,4.43331762652705,4.71009836065574,4.86156962911127,174
"175",2016,8,4.79242424242424,33,5.07142857142857,4.30416666666667,3.8,4.35,4.85344827586207,21,12,5,4,29,3928,1889,2039,578,1041,2887,4.821,5.28847326627846,4.38791662579696,4.42783910034602,4.70871469740634,4.86148804987877,175
"176",2016,9,4.96153846153846,39,5.26190476190476,4.61111111111111,5.5,4.33333333333333,5.07575757575758,21,18,4,6,33,3967,1910,2057,582,1047,2920,4.82238164860096,5.28818115183246,4.38986971317453,4.43520790378007,4.7065635148042,4.8639095890411,176
"177",2016,10,5.07368421052632,38,5.7047619047619,4.29411764705882,4.57142857142857,5.3,4.99285714285714,21,17,7,10,28,4005,1931,2074,589,1057,2948,4.82476604244695,5.29271154842051,4.38908486017358,4.43682682512733,4.71217786187323,4.86513432835821,177
"178",2016,11,4.60392156862745,51,4.76,4.38095238095238,4.07142857142857,4.4,4.65365853658537,30,21,7,10,41,4056,1961,2095,596,1067,2989,4.82198915187377,5.2845619581846,4.38900334128878,4.43253523489933,4.70925210871603,4.86223352291737,178
"179",2016,12,4.75487804878049,41,5.44090909090909,3.96052631578947,3.5,4,4.93787878787879,22,19,5,8,33,4097,1983,2114,601,1075,3022,4.82131754942641,5.2862965204236,4.3851523178808,4.42477703826955,4.70397395348837,4.86305956320318,179
"180",2017,1,4.87741935483871,62,5.315625,4.41,4,4.84615384615385,4.88571428571429,32,30,5,13,49,4159,2015,2144,606,1088,3071,4.82215388314499,5.28676228287841,4.3855,4.42127227722772,4.70567279411765,4.86342103549333,180
"181",2017,2,5.67142857142857,42,6.044,5.12352941176471,4.6,6.33333333333333,5.49090909090909,25,17,5,9,33,4201,2040,2161,611,1097,3104,4.83064460842657,5.29604215686275,4.39130587690884,4.4227348608838,4.71902643573382,4.87009213917526,181
"182",2017,3,5.463,50,5.61538461538461,5.29791666666667,6.23,5.52777777777778,5.44878048780488,26,24,5,9,41,4251,2066,2185,616,1106,3145,4.83808233356858,5.3000609874153,4.40126407322655,4.43740422077922,4.72560759493671,4.87763624801272,182
"183",2017,4,4.75,40,5.56,3.94,3.75,5.2,4.68571428571429,20,20,4,5,35,4291,2086,2205,620,1111,3180,4.83726124446516,5.30255321188879,4.39708027210884,4.43296935483871,4.72774257425743,4.87552389937107,183
"184",2017,5,4.56176470588235,34,4.88823529411765,4.23529411764706,4.75,5.51666666666667,4.35714285714286,17,17,4,6,28,4325,2103,2222,624,1117,3208,4.83509549132948,5.29920399429387,4.39584248424843,4.4350016025641,4.73198030438675,4.87099937655861,184
"185",2017,6,4.66111111111111,36,4.72727272727273,4.632,5.42857142857143,4,4.72121212121212,11,25,7,3,33,4361,2114,2247,631,1120,3241,4.83365925246504,5.2962280037843,4.3984699599466,4.44602377179081,4.73001964285714,4.86947423634681,185
"186",2017,7,4.93142857142857,35,5.50277777777778,4.32647058823529,4.35714285714286,4.64444444444444,5.03076923076923,18,17,7,9,26,4396,2132,2264,638,1129,3267,4.83443767060965,5.29797185741088,4.39792932862191,4.44504858934169,4.72933746678477,4.87075788184879,186
"187",2017,8,5.01190476190476,42,5.68181818181818,4.275,4.08333333333333,5.375,4.86666666666667,22,20,6,12,30,4438,2154,2284,644,1141,3297,4.83611716989635,5.30189229340762,4.39685288966725,4.44167857142857,4.73612795793164,4.87072065514104,187
"188",2017,9,5.12368421052632,38,5.825,4.34444444444444,4.21428571428571,5,5.14242424242424,20,18,7,5,33,4476,2174,2302,651,1146,3330,4.83855853440572,5.30670469181233,4.39644309296264,4.43923348694316,4.73727923211169,4.87341321321322,188
"189",2017,10,4.71153846153846,52,5.55263157894737,4.22727272727273,3.57142857142857,4.28571428571429,4.77777777777778,19,33,7,7,45,4528,2193,2335,658,1153,3375,4.83709982332156,5.30883538531692,4.39405224839401,4.43000151975684,4.73453772766696,4.87213807407408,189
"190",2017,11,4.62790697674419,43,4.86363636363636,4.38095238095238,5.0625,5.16666666666667,4.54054054054054,22,21,8,6,37,4571,2215,2356,666,1159,3412,4.83513191861737,5.30441354401806,4.39393548387097,4.4375990990991,4.73677480586713,4.86854220398593,190
"191",2017,12,5.18725490196078,51,5.38793103448276,4.92272727272727,5.76,4.125,5.38488372093023,29,22,5,8,43,4622,2244,2378,671,1167,3455,4.83901730852445,5.30549286987523,4.3988275862069,4.44745305514158,4.73258097686375,4.87496845151954,191
"192",2018,1,5.1774,50,5.66666666666667,4.4435,4.43,5.66666666666667,5.11068181818182,30,20,9,6,44,4672,2274,2398,680,1173,3499,4.84263869863014,5.31025769569042,4.39920016680567,4.44722205882353,4.73735890878091,4.87793255215776,192
"193",2018,2,5.23421052631579,38,5.2875,5.14285714285714,5.4,5.16666666666667,5.246875,24,14,5,6,32,4710,2298,2412,685,1179,3531,4.84579787685775,5.31002001740644,4.40351658374793,4.45417664233577,4.73954368108567,4.88127612574342,193
"194",2018,3,4.96702702702703,37,5.0847619047619,4.8125,5.6,5.08888888888889,4.92785714285714,21,16,5,9,28,4747,2319,2428,690,1188,3559,4.84674278491679,5.30798016386374,4.40621169686985,4.46247971014493,4.74219023569024,4.8816425962349,194
"195",2018,4,5.51081081081081,37,6.01578947368421,4.97777777777778,4.9,5.1,5.59032258064516,19,18,9,6,31,4784,2338,2446,699,1194,3590,4.85187876254181,5.31373224978614,4.41041782502044,4.468113018598,4.74398827470687,4.88776211699165,195
"196",2018,5,4.59677419354839,31,5.25,3.5625,3.375,3.5,4.80769230769231,19,12,4,5,26,4815,2357,2458,703,1199,3616,4.85023634475597,5.31321849809079,4.40627827502034,4.461893314367,4.73880066722269,4.88718639380531,196
"197",2018,6,5.10905555555556,36,5.54270588235294,4.72105263157895,3.66666666666667,4.72222222222222,5.238,17,19,3,9,27,4851,2374,2477,706,1208,3643,4.85215708101423,5.31486183656276,4.40869277351635,4.45851416430595,4.73867715231788,4.88978643974746,197
"198",2018,7,4.92926829268293,41,5.65555555555556,4.36086956521739,3.75,3.82857142857143,5.15588235294118,18,23,8,7,34,4892,2392,2500,714,1215,3677,4.8528033524121,5.31742558528428,4.4082528,4.4505756302521,4.73343374485597,4.89224694044058,198
"199",2018,8,4.55,38,5.23636363636364,3.60625,3.5,5.6,4.175,22,16,4,10,28,4930,2414,2516,718,1225,3705,4.85046937119676,5.31668682684341,4.40315262321145,4.44527994428969,4.74050775510204,4.88682645074224,199
"200",2018,9,4.94452392857143,28,5.46925944444444,4,3,5,4.9223335,18,10,2,8,20,4958,2432,2526,720,1233,3725,4.8510005385236,5.31781606496711,4.40155661124307,4.44126527777778,4.74219140308192,4.88701709261745,200
"201",2018,10,4.51315789473684,38,4.95454545454545,3.90625,4.16666666666667,3.9,4.60606060606061,22,16,6,5,33,4996,2454,2542,726,1238,3758,4.84843087870297,5.3145593602282,4.39843902439025,4.4389958677686,4.73878998384491,4.88454993879723,201
"202",2018,11,5.10526315789474,38,5.45263157894737,4.7578947368421,4.175,4.51666666666667,5.215625,19,19,8,6,32,5034,2473,2561,734,1244,3790,4.85036962058006,5.31562016579054,4.40110581803983,4.43611852861035,4.73771864951769,4.88734529551451,202
"203",2018,12,5.24857142857143,42,5.58916666666667,4.79444444444444,4.82857142857143,5.55,5.20783783783784,24,18,7,5,37,5076,2497,2579,741,1249,3827,4.85366443459417,5.31824936724069,4.40385110507949,4.43982591093117,4.74097037630104,4.89044386464594,203
"204",2019,1,5.10387872727273,55,5.53180942857143,4.355,4.25,5.8,4.94918511111111,35,20,8,10,45,5131,2532,2599,749,1259,3872,4.85634652114598,5.32120142180095,4.4034751827626,4.43779839786382,4.74938204924544,4.89112654958678,204
"205",2019,2,4.99631578947368,38,4.87875,5.08181818181818,4.66666666666667,7,4.885,16,22,6,2,36,5169,2548,2621,755,1261,3908,4.85737550783517,5.31842307692308,4.40916901945822,4.43961721854305,4.7529516256939,4.89107011258956,205
"206",2019,3,4.88571428571429,35,5,4.76470588235294,5.83333333333333,4.5,4.93548387096774,18,17,6,4,31,5204,2566,2638,761,1265,3939,4.8575661029977,5.31618939984412,4.41146019711903,4.45060578186597,4.75215177865613,4.89141964965728,206
"207",2019,4,4.60714285714286,35,5.80769230769231,3.89772727272727,4.10714285714286,3.5,4.75,13,22,7,4,31,5239,2579,2660,768,1269,3970,4.85589310937202,5.31866692516479,4.40721127819549,4.44747526041667,4.74820488573681,4.8903153652393,207
"208",2019,5,4.55076923076923,39,5.02666666666667,4.25333333333333,3.8,4.6,4.54352941176471,15,24,5,5,34,5278,2594,2684,773,1274,4004,4.8536384994316,5.31697841171935,4.40583532041729,4.4432871927555,4.74762323390895,4.88737062937063,208
"209",2019,6,5.08478260869565,46,5.67391304347826,4.49565217391304,5.5,4,5.16046511627907,23,23,6,3,43,5324,2617,2707,779,1277,4047,4.85563561232156,5.32011539931219,4.40659844846694,4.45142618741977,4.74586687548943,4.89027230046949,209
"210",2019,7,4.88076923076923,39,5.11111111111111,4.68333333333333,4.53571428571429,3.75,4.94189189189189,18,21,7,2,37,5363,2635,2728,786,1279,4084,4.85581838523215,5.31868766603416,4.40872873900293,4.45217684478371,4.7443096168882,4.89073996082272,210
"211",2019,8,5.11934426229508,61,5.55384615384615,4.79657142857143,5.27272727272727,5,5.15166666666667,26,35,11,13,48,5424,2661,2763,797,1292,4132,4.85878207964602,5.32098534385569,4.41364169381108,4.46350188205772,4.74688235294118,4.89377105517909,211
"212",2019,9,5.14186046511628,43,5.76296296296296,4.09375,3.4,5.55,5.1,27,16,5,4,39,5467,2688,2779,802,1296,4171,4.86100859703677,5.32542485119048,4.41179992803167,4.45687157107232,4.74936111111112,4.89569935267322,212
"213",2019,10,5.20254901960784,51,5.4478125,4.78947368421053,5.5,5.66666666666667,5.17354166666667,32,19,2,3,48,5518,2720,2798,804,1299,4219,4.86416527727438,5.32686470588235,4.41436454610436,4.45946641791045,4.75147959969208,4.89886039345817,213
"214",2019,11,4.75392156862745,51,5.72105263157895,4.1796875,5.58333333333333,3.975,4.94390243902439,19,32,6,10,41,5569,2739,2830,810,1309,4260,4.86315568324654,5.3295991237678,4.41171095406361,4.46779135802469,4.74554774637128,4.89929389671362,214
"215",2019,12,4.815625,64,5.36774193548387,4.2969696969697,4,4.2,4.86779661016949,31,33,8,5,59,5633,2770,2863,818,1314,4319,4.86261565773123,5.33002599277978,4.41038840377227,4.46321638141809,4.74347184170472,4.89886362583932,215
"216",2020,1,4.82171869565217,92,5.34310039215686,4.17317073170732,4.83333333333333,4.69230769230769,4.84301417721519,51,41,9,13,79,5725,2821,2904,827,1327,4398,4.8619584489083,5.33026236086494,4.40703925619835,4.46724425634825,4.7429706103994,4.89786041837199,216
"217",2020,2,4.86539673076923,52,5.625,4.10579346153846,3.53132875,5,4.84092340909091,26,26,8,8,44,5777,2847,2930,835,1335,4442,4.86198939761122,5.33295402880225,4.40436608532423,4.4582774011976,4.74451086142323,4.89729643178748,217
"218",2020,3,4.74735849056604,53,5.25458333333333,4.32758620689655,6,4.75,4.74688888888889,24,29,4,8,45,5830,2871,2959,839,1343,4487,4.86094729845626,5.332298892372,4.40361359580939,4.46562768772348,4.74454355919583,4.89578799866281,218
"219",2020,4,5.26927766666667,60,5.82379611111111,4.4375,4.5,4.83333333333333,5.34620901960784,36,24,7,9,51,5890,2907,2983,846,1352,4538,4.86510686078099,5.33838554523564,4.40388623198123,4.46591209219858,4.74513461538462,4.90085002423976,219
"220",2020,5,4.63880597014925,67,5.25172413793103,4.17105263157895,4.35,5.36666666666667,4.52586206896552,29,38,10,9,58,5957,2936,3021,856,1361,4596,4.86256159308377,5.33752955722071,4.40095750744786,4.46455797897196,4.74924467303454,4.8961178002611,220
"221",2020,6,4.76615384615385,65,5.29166666666667,4.45853658536585,4.72857142857143,4.62222222222222,4.78928571428571,24,41,7,9,56,6022,2960,3062,863,1370,4652,4.861520991365,5.33715769594595,4.40172848791639,4.46669945538818,4.74841021897811,4.89483177343078,221
"222",2020,7,4.71333333333333,60,5.22586206896552,4.23387096774194,5.28571428571429,4.925,4.68076923076923,29,31,7,8,52,6082,2989,3093,870,1378,4704,4.86005909404801,5.33607787888926,4.40004611380537,4.47328922988506,4.74943541364297,4.89246543579932,222
"223",2020,8,5.1352,50,5.6704,4.6,4.83333333333333,5.41666666666667,5.09681818181818,25,25,6,6,44,6132,3014,3118,876,1384,4748,4.86230257827789,5.33885095554081,4.40164933611289,4.47575528538813,4.75232803468209,4.89435918491997,223
"224",2020,9,5.184,60,5.732,4.91,4.35,6,4.86139534883721,20,40,10,17,43,6192,3034,3158,886,1401,4791,4.86541980135659,5.3414425774555,4.40808822989234,4.4743359255079,4.76746752319772,4.89406332915884,224
"225",2020,10,5.5,71,5.91666666666667,5.07142857142857,5.1,5.25,5.53174603174603,36,35,10,8,63,6263,3070,3193,896,1409,4854,4.87261366916813,5.3481878762215,4.41535942060758,4.48131878348214,4.77020723917673,4.90233980428513,225
"226",2020,11,4.88888888888889,63,5.23611111111111,4.42592592592593,4.57142857142857,5.42857142857143,4.82142857142857,36,27,7,7,56,6326,3106,3220,903,1416,4910,4.87277575245021,5.34688885383129,4.41544802173913,4.4820173089701,4.77346186440678,4.90141698778004,226
"227",2020,12,4.64066666666667,120,5.26666666666667,4.12848484848485,4.5,4.598,4.64454545454545,54,66,14,10,110,6446,3160,3286,917,1426,5020,4.86845476419485,5.34551796835443,4.40968430614729,4.48229185387132,4.77223141654979,4.89578832868526,227
"228",2021,1,4.9265306122449,98,5.56976744186047,4.42363636363636,4.4375,4.65,4.95111111111111,43,55,24,8,90,6544,3203,3341,941,1434,5110,4.86932448196822,5.34852849828286,4.40991398683029,4.48114944739639,4.77154951185495,4.89676270254403,228
"229",2021,2,5.11626012195122,82,5.71031738095238,4.4925,4.36363636363636,5.17647058823529,5.10051276923077,42,40,11,17,65,6626,3245,3381,952,1451,5175,4.87238043163296,5.35321112788906,4.4108910470275,4.47979162815126,4.77629359062716,4.8993218821256,229
"230",2021,3,5.14,68,5.60057142857143,4.65151515151515,4.58333333333333,5.27454545454545,5.1140350877193,35,33,6,11,57,6694,3280,3414,958,1462,5232,4.87509900507918,5.35585064329268,4.4132169390744,4.48044011482255,4.78004240766074,4.90166107415902,230
"231",2021,4,5.12181818181818,55,5.70357142857143,4.51851851851852,4.5,5.125,5.12127659574468,28,27,5,8,47,6749,3308,3441,963,1470,5279,4.87710960734924,5.35879386638452,4.414043193839,4.48054167185877,4.78191972789116,4.90361635537034,231
"232",2021,5,5.40652173913043,46,5.62903225806452,4.94666666666667,4.5,5.46153846153846,5.38484848484848,31,15,3,13,33,6795,3339,3456,966,1483,5312,4.88069355997057,5.36130281820905,4.41635492766204,4.48060210144927,4.78787727579232,4.9066059375,232
"233",2021,6,5.16666666666667,48,5.78571428571429,4.68518518518519,3.7,5,5.17777777777778,21,27,5,3,45,6843,3360,3483,971,1486,5357,4.88269950898729,5.36395538988095,4.41843888314671,4.47658252317199,4.78830551816959,4.90888384170245,233
"234",2021,7,5.15833333333333,48,5.9695652173913,4.412,3.5,3.75,5.35952380952381,23,25,2,6,42,6891,3383,3508,973,1492,5399,4.88461946597011,5.36807274903931,4.41839299600912,4.47457515930113,4.78413002680965,4.91238946842008,234
"235",2021,8,5.19259259259259,81,5.48529411764706,4.98085106382979,4.65714285714286,5.375,5.17260273972603,34,47,14,8,73,6972,3417,3555,987,1500,5472,4.8881974670109,5.36923913081651,4.42582915049226,4.47716477203647,4.78728133333334,4.91586088084795,235
"236",2021,9,4.94366197183099,71,5.1875,4.74358974358974,4.35,5,4.93650793650794,32,39,10,8,63,7043,3449,3594,997,1508,5535,4.88875660088031,5.36755294578139,4.42927730383973,4.47588929789368,4.78840981432361,4.91609588798555,236
"237",2021,10,5.16214285714286,56,5.98173913043478,4.59090909090909,4.25,6.1875,4.99125,23,33,4,8,48,7099,3472,3627,1001,1516,5583,4.89091319059022,5.37162157546083,4.43074789909016,4.47498664335664,4.79579287598945,4.91674202758374,237
"238",2021,11,5.05262295081967,61,5.13366666666667,4.9741935483871,4.83333333333333,5.625,4.96622641509434,30,31,6,8,53,7160,3502,3658,1007,1524,5636,4.89229088547486,5.3695831267847,4.43535337069437,4.4771217775571,4.80014566929134,4.91720737047551,238
"239",2021,12,5.26,75,5.64473684210526,4.86486486486486,4.44444444444444,4.61111111111111,5.34848484848485,38,37,9,9,66,7235,3540,3695,1016,1533,5702,4.89610265929509,5.37253675423729,4.43965429769959,4.47683231299212,4.79903587736465,4.92219935811996,239
"240",2022,1,4.857624,125,5.26927692307692,4.41166666666667,4.87142857142857,4.90909090909091,4.85265789473684,65,60,14,11,114,7360,3605,3755,1030,1544,5816,4.89544914945652,5.37067492649099,4.43920709187749,4.48219575728155,4.79981994818653,4.92083626891334,240
"241",2022,2,4.91070422535211,71,5.24064516129032,4.655,4.7,4.33333333333333,4.99451612903226,31,40,10,9,62,7431,3636,3795,1040,1553,5878,4.89559490512717,5.36956631188119,4.4414815889328,4.48429002884615,4.79711654861559,4.921613429738,241
"242",2022,3,5.2859756097561,82,5.73522727272727,4.76578947368421,4.83333333333333,4.71666666666667,5.35616438356164,44,38,6,9,73,7513,3680,3833,1046,1562,5951,4.89985568215094,5.3739383451087,4.44469674667362,4.48629218929254,4.79665300896287,4.92694399932784,242
"243",2022,4,5.20243243243243,74,5.42227272727273,4.88,4.69,5.32545454545455,5.18095238095238,44,30,10,11,63,7587,3724,3863,1056,1573,6014,4.90280687228154,5.37450942803437,4.44807730520321,4.4882212405303,4.80035092180547,4.92960487861656,243
"244",2022,5,5.25135135135135,74,5.31875,5.2,5.45833333333333,5.33333333333333,5.24411764705882,32,42,12,6,68,7661,3756,3905,1068,1579,6082,4.90617357264065,5.3740343743344,4.4561645659411,4.49912137640449,4.80237618746042,4.93312129891483,244
"245",2022,6,4.79852941176471,68,4.83928571428571,4.77,4.88888888888889,4.98571428571429,4.77704918032787,28,40,9,7,61,7729,3784,3945,1077,1586,6143,4.90522651572002,5.37007746035941,4.45934667427123,4.50237848653667,4.80318537200505,4.9315715025232,245
"246",2022,7,5.14576271186441,59,5.11481481481481,5.171875,4.83333333333333,4.4,5.21481481481482,27,32,12,5,54,7788,3811,3977,1089,1591,6197,4.9070487596302,5.36826898714248,4.46507986673372,4.50602537190082,4.80191829038341,4.93403965467161,246
"247",2022,8,5.26494845360825,97,5.35348837209302,5.19444444444444,4.81818181818182,4.75,5.33764705882353,43,54,11,12,85,7885,3854,4031,1100,1603,6282,4.91145158402029,5.36810407628438,4.47485056561647,4.50914693636363,4.80152963194012,4.93950075453677,247
"248",2022,9,4.81822058823529,68,5.56451612903226,4.19294594594595,3.94444444444444,5.89445454545455,4.61052631578947,31,37,9,11,57,7953,3885,4068,1109,1614,6339,4.91065443731925,5.36967132818533,4.47228653638151,4.50456413886384,4.80897831474598,4.93654263132986,248
"249",2022,10,4.94090322580645,62,5.51111111111111,4.50102857142857,5.4375,4.6,4.99140740740741,27,35,8,8,54,8015,3912,4103,1117,1622,6393,4.91088842669994,5.37064752300614,4.47253171581769,4.51124586392122,4.80794759556104,4.93700605975285,249
"250",2022,11,5.145,72,5.61470588235294,4.72473684210526,5.42857142857143,5.75,5.10941176470588,34,38,7,4,68,8087,3946,4141,1124,1626,6461,4.91297276369482,5.37275040800811,4.47484608307172,4.5169587455516,4.81026506765068,4.93882057576226,250
"251",2022,12,5.58522727272727,88,6.28205128205128,5.03061224489796,3.9375,4.9,5.67307692307692,39,49,8,10,78,8175,3985,4190,1132,1636,6539,4.92020926483181,5.3816494629862,4.48134549642005,4.51286363074205,4.81081356968216,4.94757910077993,251
