"","year","month","avg_rating","no_ratings","avg_rating_owned","avg_rating_not_owned","avg_rating_prev_owned","avg_rating_comment","avg_rating_no_comment","no_ratings_owned","no_ratings_not_owned","no_ratings_prev_owned","no_ratings_comment","no_ratings_no_comment","cum_no_ratings","cum_no_ratings_owned","cum_no_ratings_not_owned","cum_no_ratings_prev_owned","cum_no_ratings_comment","cum_no_ratings_no_comment","cum_avg_rating","cum_avg_rating_owned","cum_avg_rating_not_owned","cum_avg_rating_prev_owned","cum_avg_rating_comment","cum_avg_rating_no_comment","month_after_release"
"1",2007,1,6,2,7,5,NA,5,7,1,1,0,1,1,2,1,1,0,1,1,6,7,5,NA,5,7,-9
"2",2007,3,8,1,8,NA,NA,NA,8,1,0,0,0,1,3,2,1,0,1,2,6.66666666666667,7.5,5,NA,5,7.5,-7
"3",2007,5,7.9,1,7.9,NA,NA,NA,7.9,1,0,0,0,1,4,3,1,0,1,3,6.975,7.63333333333333,5,NA,5,7.63333333333333,-5
"4",2007,6,5,1,NA,5,NA,5,NA,0,1,0,1,0,5,3,2,0,2,3,6.58,7.63333333333333,5,NA,5,7.63333333333333,-4
"5",2007,7,6.125,4,8.5,5.33333333333333,NA,4.5,7.75,1,3,0,2,2,9,4,5,0,4,5,6.37777777777778,7.85,5.2,NA,4.75,7.68,-3
"6",2007,9,5.25,4,6,4.5,2,6,5,2,2,1,1,3,13,6,7,1,5,8,6.03076923076923,7.23333333333333,5,2,5,6.675,-1
"7",2007,10,7.66666666666667,3,9,7,NA,7,8,1,2,0,1,2,16,7,9,1,6,10,6.3375,7.48571428571429,5.44444444444444,2,5.33333333333333,6.94,0
"8",2007,11,8.1,3,7.65,9,NA,7.65,9,2,1,0,2,1,19,9,10,1,8,11,6.61578947368421,7.52222222222222,5.8,2,5.9125,7.12727272727273,1
"9",2007,12,8.07777777777778,9,8.1,8,NA,8,8.11666666666667,7,2,0,3,6,28,16,12,1,11,17,7.08571428571429,7.775,6.16666666666667,2,6.48181818181818,7.47647058823529,2
"10",2008,1,6.5,6,6.2,8,NA,7,6,5,1,0,3,3,34,21,13,1,14,20,6.98235294117647,7.4,6.30769230769231,2,6.59285714285714,7.255,3
"11",2008,2,8.33333333333333,3,9,7,NA,9,8,2,1,0,1,2,37,23,14,1,15,22,7.09189189189189,7.53913043478261,6.35714285714286,2,6.75333333333333,7.32272727272727,4
"12",2008,3,5.66666666666667,3,6.5,4,4,6.5,4,2,1,1,2,1,40,25,15,2,17,23,6.985,7.456,6.2,3,6.72352941176471,7.17826086956522,5
"13",2008,4,7.1,5,7.125,7,NA,6,7.375,4,1,0,1,4,45,29,16,2,18,27,6.99777777777778,7.41034482758621,6.25,3,6.68333333333333,7.20740740740741,6
"14",2008,5,6.48,5,6.5,6.46666666666667,NA,6.66666666666667,6.2,2,3,0,3,2,50,31,19,2,21,29,6.946,7.35161290322581,6.28421052631579,3,6.68095238095238,7.13793103448276,7
"15",2008,6,7.11428571428571,7,7.3,6,NA,6.93333333333333,7.25,6,1,0,3,4,57,37,20,2,24,33,6.96666666666667,7.34324324324324,6.27,3,6.7125,7.15151515151515,8
"16",2008,7,6.68181818181818,11,7,5.83333333333333,NA,6.8,6.58333333333333,8,3,0,5,6,68,45,23,2,29,39,6.92058823529412,7.28222222222222,6.21304347826087,3,6.72758620689655,7.06410256410256,9
"17",2008,8,6.22727272727273,11,6.5625,5.33333333333333,4,6.44,6.05,8,3,1,5,6,79,53,26,3,34,45,6.82405063291139,7.17358490566038,6.11153846153846,3.33333333333333,6.68529411764706,6.92888888888889,10
"18",2008,9,7.07142857142857,7,6.875,7.33333333333333,NA,7.16666666666667,7,4,3,0,3,4,86,57,29,3,37,49,6.84418604651163,7.15263157894737,6.23793103448276,3.33333333333333,6.72432432432432,6.93469387755102,11
"19",2008,10,8,7,8.5,7.33333333333333,NA,8.2,7.5,4,3,0,5,2,93,61,32,3,42,51,6.93118279569892,7.24098360655738,6.340625,3.33333333333333,6.9,6.95686274509804,12
"20",2008,11,7,6,7.25,6.5,NA,7.66666666666667,6.33333333333333,4,2,0,3,3,99,65,34,3,45,54,6.93535353535353,7.24153846153846,6.35,3.33333333333333,6.95111111111111,6.92222222222222,13
"21",2008,12,7,21,7.25,6.66666666666667,6.5,6.85714285714286,7.07142857142857,12,9,4,7,14,120,77,43,7,52,68,6.94666666666667,7.24285714285714,6.41627906976744,5.14285714285714,6.93846153846154,6.95294117647059,14
"22",2009,1,6.84864864864865,37,7.06451612903226,5.73333333333333,6,6.86666666666667,6.83636363636364,31,6,1,15,22,157,108,49,8,67,90,6.92356687898089,7.19166666666667,6.33265306122449,5.25,6.92238805970149,6.92444444444445,15
"23",2009,2,6.9375,16,7.35,6.25,6,7,6.88888888888889,10,6,1,7,9,173,118,55,9,74,99,6.92485549132948,7.20508474576271,6.32363636363636,5.33333333333333,6.92972972972973,6.92121212121212,16
"24",2009,3,6.7825,20,6.98214285714286,6.31666666666667,5.5,7.39285714285714,6.45384615384615,14,6,2,7,13,193,132,61,11,81,112,6.91010362694301,7.18143939393939,6.32295081967213,5.36363636363636,6.96975308641975,6.86696428571429,17
"25",2009,4,6.63636363636364,11,7.25,6.28571428571429,6,6,6.77777777777778,4,7,1,2,9,204,136,68,12,83,121,6.8953431372549,7.18345588235294,6.31911764705882,5.41666666666667,6.94638554216867,6.8603305785124,18
"26",2009,5,6.32272727272727,22,6.81538461538462,5.61111111111111,6.5,6.35,6.3,13,9,2,10,12,226,149,77,14,93,133,6.8396017699115,7.15134228187919,6.23636363636364,5.57142857142857,6.88225806451613,6.80977443609023,19
"27",2009,6,6.57741935483871,31,7.07142857142857,5.54,6,6.69333333333333,6.46875,21,10,1,15,16,257,170,87,15,108,149,6.8079766536965,7.14147058823529,6.15632183908046,5.6,6.85601851851852,6.77315436241611,20
"28",2009,7,6.56290322580645,31,7.01315789473684,5.85,6.85,6.63181818181818,6.525,19,12,2,11,20,288,189,99,17,119,169,6.78159722222222,7.12857142857143,6.11919191919192,5.74705882352941,6.83529411764706,6.74378698224852,21
"29",2009,8,6.195,20,6.94,5.45,6.5,5.3125,6.78333333333333,10,10,1,8,12,308,199,109,18,127,181,6.74350649350649,7.11909547738694,6.05779816513761,5.78888888888889,6.73937007874016,6.74640883977901,22
"30",2009,9,6.68,20,7.04285714285714,5.83333333333333,NA,6.54615384615385,6.92857142857143,14,6,0,13,7,328,213,115,18,140,188,6.73963414634146,7.11408450704225,6.04608695652174,5.78888888888889,6.72142857142857,6.7531914893617,23
"31",2009,10,6.52631578947368,19,6.95833333333333,5.78571428571429,NA,6.6875,6.40909090909091,12,7,0,8,11,347,225,122,18,148,199,6.72795389048991,7.10577777777778,6.03114754098361,5.78888888888889,6.71959459459459,6.73417085427136,24
"32",2009,11,6.68484848484848,33,7.13157894736842,6.07857142857143,7.2,6.71052631578947,6.65,19,14,5,19,14,380,244,136,23,167,213,6.72421052631579,7.1077868852459,6.03602941176471,6.09565217391304,6.7185628742515,6.72863849765258,25
"33",2009,12,6.7377358490566,53,6.98571428571429,6.25555555555556,6.5,6.63846153846154,6.77,35,18,5,13,40,433,279,154,28,180,253,6.72586605080831,7.09247311827957,6.06168831168831,6.16785714285714,6.71277777777778,6.73517786561265,26
"34",2010,1,6.49603174603175,63,6.60119047619048,6.28571428571429,6.5,6.625,6.45212765957447,42,21,3,16,47,496,321,175,31,196,300,6.69667338709677,7.02819314641745,6.08857142857143,6.2,6.70561224489796,6.69083333333333,27
"35",2010,2,6.5,31,6.78947368421053,6.04166666666667,6.75,6.75,6.34210526315789,19,12,4,12,19,527,340,187,35,208,319,6.68510436432638,7.01485294117647,6.0855614973262,6.26285714285714,6.70817307692308,6.67006269592476,28
"36",2010,3,6.33157894736842,38,6.69285714285714,5.32,4,6.16923076923077,6.416,28,10,2,13,25,565,368,197,37,221,344,6.66132743362832,6.99035326086957,6.04670050761421,6.14054054054054,6.67647058823529,6.6515988372093,29
"37",2010,4,7.22,20,7.39333333333333,6.7,NA,7.2,7.23076923076923,15,5,0,7,13,585,383,202,37,228,357,6.68042735042735,7.00613577023499,6.06287128712871,6.14054054054054,6.69254385964912,6.67268907563025,30
"38",2010,5,6.33333333333333,30,6.47826086956522,5.85714285714286,6.5,6.1875,6.38636363636364,23,7,2,8,22,615,406,209,39,236,379,6.66349593495935,6.9762315270936,6.05598086124402,6.15897435897436,6.67542372881356,6.65606860158311,31
"39",2010,6,6.43636363636364,22,6.85714285714286,5.7,5.75,6.8125,6.22142857142857,14,8,2,8,14,637,420,217,41,244,393,6.65565149136578,6.97226190476191,6.04285714285714,6.1390243902439,6.67991803278689,6.64058524173028,32
"40",2010,7,6.73148148148148,27,7.08333333333333,6.29166666666667,5.75,6.6875,6.75,15,12,4,8,19,664,435,229,45,252,412,6.65873493975904,6.97609195402299,6.05589519650655,6.10444444444444,6.68015873015873,6.64563106796117,33
"41",2010,8,6.34210526315789,38,6.46296296296296,6.04545454545455,5,5.90909090909091,6.51851851851852,27,11,1,11,27,702,462,240,46,263,439,6.64159544159544,6.9461038961039,6.05541666666667,6.0804347826087,6.64790874524715,6.6378132118451,34
"42",2010,9,6.671875,32,6.97727272727273,6,5.5,6.83333333333333,6.60869565217391,22,10,4,9,23,734,484,250,50,272,462,6.64291553133515,6.94752066115703,6.0532,6.034,6.65404411764706,6.63636363636364,35
"43",2010,10,6.292,25,6.62857142857143,5.86363636363636,5.5,5.65,6.72,14,11,2,10,15,759,498,261,52,282,477,6.63135704874835,6.93855421686747,6.04521072796935,6.01346153846154,6.61843971631206,6.63899371069182,36
"44",2010,11,6.61,30,6.93684210526316,6.04545454545455,5.5,6.77727272727273,6.51315789473684,19,11,1,11,19,789,517,272,53,293,496,6.63054499366286,6.93849129593811,6.04522058823529,6.00377358490566,6.62440273037543,6.63417338709677,37
"45",2010,12,6.45217391304348,46,6.55806451612903,6.23333333333333,6.75,6.63333333333333,6.36451612903226,31,15,2,15,31,835,548,287,55,308,527,6.62071856287425,6.91697080291971,6.05505226480836,6.03090909090909,6.62483766233766,6.61831119544592,38
"46",2011,1,6.73478260869565,69,7.0804347826087,6.04347826086957,4,6.78125,6.72075471698113,46,23,1,16,53,904,594,310,56,324,580,6.62942477876106,6.92962962962963,6.0541935483871,5.99464285714286,6.63256172839506,6.6276724137931,39
"47",2011,2,6.22244897959184,49,6.484375,5.72941176470588,6.14285714285714,6.14285714285714,6.25428571428571,32,17,7,14,35,953,626,327,63,338,615,6.60849947534103,6.90686900958467,6.03730886850153,6.01111111111111,6.61227810650888,6.60642276422764,40
"48",2011,3,6.1465,40,6.73473684210526,5.61428571428571,5.18,5.82090909090909,6.27,19,21,5,11,29,993,645,348,68,349,644,6.589889224572,6.9017984496124,6.0117816091954,5.95,6.58733524355301,6.59127329192547,41
"49",2011,4,7.02758620689655,29,7.265,6.5,7.33333333333333,7,7.03636363636364,20,9,3,7,22,1022,665,357,71,356,666,6.60230919765166,6.91272180451128,6.02408963585434,6.00845070422535,6.59544943820225,6.60597597597598,42
"50",2011,5,6.77,30,7.33333333333333,6.20666666666667,6,7.57142857142857,6.52608695652174,15,15,1,7,23,1052,680,372,72,363,689,6.60709125475285,6.922,6.03145161290323,6.00833333333333,6.61426997245179,6.6033091436865,43
"51",2011,6,6.52,25,7.07142857142857,5.81818181818182,6.66666666666667,5.6,6.75,14,11,3,5,20,1077,694,383,75,368,709,6.60506963788301,6.9250144092219,6.02532637075718,6.03466666666667,6.60048913043478,6.60744710860367,44
"52",2011,7,6.46774193548387,31,6.80555555555556,6,5.6,6.28571428571429,6.52083333333333,18,13,5,7,24,1108,712,396,80,375,733,6.6012274368231,6.92199438202247,6.02449494949495,6.0075,6.59461333333333,6.60461118690314,45
"53",2011,8,6.4575,40,6.725,5.83333333333333,6.5,5.3,6.84333333333333,28,12,2,10,30,1148,740,408,82,385,763,6.59621951219512,6.91454054054054,6.01887254901961,6.01951219512195,6.56098701298701,6.61399737876802,46
"54",2011,9,6.21388888888889,36,6.36538461538461,5.82,5.66666666666667,5.62,6.44230769230769,26,10,3,10,26,1184,766,418,85,395,789,6.58459459459459,6.89590078328982,6.01411483253588,6.00705882352941,6.53716455696202,6.60833967046895,47
"55",2011,10,6.09861111111111,36,6.35652173913043,5.64230769230769,4,6.00454545454545,6.14,23,13,2,11,25,1220,789,431,87,406,814,6.57025409836065,6.88017743979721,6.00290023201856,5.96091954022989,6.52273399014778,6.59395577395577,48
"56",2011,11,6.06621621621622,37,6.41785714285714,4.97222222222222,2.25,5.74444444444444,6.16964285714286,28,9,2,9,28,1257,817,440,89,415,842,6.55541766109785,6.8643329253366,5.98181818181818,5.87752808988764,6.50585542168675,6.57984560570071,49
"57",2011,12,6.34351851851852,54,6.45714285714286,6.13421052631579,4.5,6.11111111111111,6.45972222222222,35,19,3,18,36,1311,852,459,92,433,878,6.54668954996186,6.84760563380282,5.98812636165577,5.83260869565218,6.48944572748268,6.57492027334852,50
"58",2012,1,6.5472972972973,74,6.92,5.77083333333333,4.33333333333333,6.71739130434783,6.47058823529412,50,24,3,23,51,1385,902,483,95,456,929,6.54672202166065,6.85161862527716,5.97732919254658,5.78526315789474,6.50094298245614,6.5691926803014,51
"59",2012,2,6.40212765957447,47,6.74666666666667,5.79411764705882,7.25,7,6.14848484848485,30,17,2,14,33,1432,932,500,97,470,962,6.54197625698324,6.84824034334764,5.9711,5.81546391752577,6.5158085106383,6.55476091476091,52
"60",2012,3,6.14189189189189,37,6.47,5.45833333333333,5.375,5.625,6.53571428571429,25,12,4,16,21,1469,957,512,101,486,983,6.53189925119129,6.83835945663532,5.95908203125,5.7980198019802,6.48648148148148,6.55435401831129,53
"61",2012,4,6.34605263157895,38,6.775,5.41666666666667,5.2,5.77777777777778,6.52241379310345,26,12,5,9,29,1507,983,524,106,495,1012,6.52721300597213,6.83668362156663,5.94666030534351,5.76981132075472,6.47359595959596,6.55343873517787,54
"62",2012,5,6.28225806451613,31,6.54761904761905,5.725,5,6.33333333333333,6.26136363636364,21,10,1,9,22,1538,1004,534,107,504,1034,6.52227568270481,6.8306374501992,5.94250936329588,5.76261682242991,6.47109126984127,6.54722437137331,55
"63",2012,6,6.27272727272727,33,6.425,6.03846153846154,5.5,6.14285714285714,6.30769230769231,20,13,4,7,26,1571,1024,547,111,511,1060,6.51703373647358,6.82271484375,5.94478976234004,5.75315315315315,6.46659491193738,6.54134905660377,56
"64",2012,7,6.28928571428571,42,7.05227272727273,5.45,5.825,6.6,6.165,22,20,6,12,30,1613,1046,567,117,523,1090,6.51110353378797,6.8275430210325,5.92733686067019,5.75683760683761,6.46965583173996,6.53099082568807,57
"65",2012,8,6.70161290322581,31,6.9625,6.22727272727273,5.375,6.65,6.72619047619048,20,11,4,10,21,1644,1066,578,121,533,1111,6.51469586374696,6.83007504690431,5.93304498269896,5.74421487603306,6.47303939962477,6.5346804680468,58
"66",2012,9,6.43666666666667,42,6.6551724137931,5.94923076923077,8,6.36933333333333,6.47407407407407,29,13,1,15,27,1686,1095,591,122,548,1138,6.51275207591933,6.82544292237443,5.93340101522843,5.76270491803279,6.47020072992701,6.53324253075571,59
"67",2012,10,6.52413793103448,29,6.775,6.21538461538462,5.33333333333333,6.34,6.62105263157895,16,13,3,10,19,1715,1111,604,125,558,1157,6.51294460641399,6.82471647164716,5.9394701986755,5.7524,6.46786738351254,6.53468452895419,60
"68",2012,11,6.50806451612903,31,6.74,5.54166666666667,6.375,6.5625,6.47368421052632,25,6,2,12,19,1746,1136,610,127,570,1176,6.51285796105384,6.82285211267606,5.93555737704918,5.76220472440945,6.46985964912281,6.53369897959184,61
"69",2012,12,5.99833333333333,60,6.55853658536585,4.78947368421053,4.25,5.68181818181818,6.06938775510204,41,19,4,11,49,1806,1177,629,131,581,1225,6.49576411960133,6.81364485981308,5.90093799682035,5.71603053435115,6.45493975903614,6.51512653061224,62
"70",2013,1,6.29507936507937,63,6.49977272727273,5.82105263157895,6.5,6.71461538461539,6.186,44,19,4,13,50,1869,1221,648,135,594,1275,6.48899946495452,6.80233415233415,5.89859567901235,5.73925925925926,6.46062289562289,6.50221960784314,63
"71",2013,2,6.58484848484848,33,6.992,5.3125,5.125,6.22727272727273,6.76363636363636,25,8,4,11,22,1902,1246,656,139,605,1297,6.49066246056782,6.80613964686998,5.89144817073171,5.72158273381295,6.45638016528926,6.50665381649961,64
"72",2013,3,6.41702127659574,47,6.60285714285714,5.875,4.66666666666667,6.08333333333333,6.53142857142857,35,12,3,12,35,1949,1281,668,142,617,1332,6.48888660851719,6.80058548009367,5.89115269461078,5.69929577464789,6.44912479740681,6.5073048048048,65
"73",2013,4,6.26428571428571,35,6.33,6.1,5.66666666666667,5.70833333333333,6.55434782608696,25,10,3,12,23,1984,1306,678,145,629,1355,6.48492439516129,6.79157733537519,5.89423303834808,5.69862068965517,6.4349920508744,6.50810332103321,66
"74",2013,5,6.12820512820513,39,6.57692307692308,5.23076923076923,4.66666666666667,6.35714285714286,6.078125,26,13,3,7,32,2023,1332,691,148,636,1387,6.47804745427583,6.78738738738739,5.8817510853835,5.6777027027027,6.43413522012579,6.49818312905551,67
"75",2013,6,6.16666666666667,33,6.19230769230769,6.07142857142857,6,6,6.2037037037037,26,7,1,6,27,2056,1358,698,149,642,1414,6.47304961089494,6.7759941089838,5.88365329512894,5.67986577181208,6.43007788161994,6.49256011315417,68
"76",2013,7,6.44871794871795,39,6.625,6,NA,7.2,6.33823529411765,28,11,0,5,34,2095,1386,709,149,647,1448,6.47259665871122,6.77294372294372,5.88545839210155,5.67986577181208,6.43602782071097,6.4889364640884,69
"77",2013,8,6.40243902439024,41,6.66666666666667,5.68181818181818,5.3,6.79166666666667,6.24137931034483,30,11,5,12,29,2136,1416,720,154,659,1477,6.47125,6.77069209039548,5.88234722222222,5.66753246753247,6.44250379362671,6.48407582938389,70
"78",2013,9,6.42448979591837,49,6.62941176470588,5.96,6.1,6.0125,6.50487804878049,34,15,4,8,41,2185,1450,735,158,667,1518,6.47020137299771,6.76737931034483,5.88393197278912,5.67848101265823,6.43734632683658,6.48463768115942,71
"79",2013,10,6.13714285714286,35,6.4375,5.48181818181818,5.5,6.28,6.08,24,11,2,10,25,2220,1474,746,160,677,1543,6.46495045045045,6.76200814111262,5.87800268096515,5.67625,6.43502215657312,6.47808165910564,72
"80",2013,11,6.36162790697674,43,6.9537037037037,5.3625,6,6.08333333333333,6.46935483870968,27,16,1,12,31,2263,1501,762,161,689,1574,6.46298718515245,6.76545636242505,5.86717847769029,5.67826086956522,6.4288969521045,6.47790978398983,73
"81",2013,12,6.0406779661017,59,6.27446808510638,5.125,6,5.86071428571429,6.09666666666667,47,12,3,14,45,2322,1548,774,164,703,1619,6.45225667527993,6.75054909560723,5.85567183462532,5.68414634146342,6.41758179231863,6.4673131562693,74
"82",2014,1,6.25466666666667,75,6.36,5.83333333333333,4,6.77333333333333,6.125,60,15,2,15,60,2397,1608,789,166,718,1679,6.44607425949103,6.7359763681592,5.85524714828897,5.66385542168675,6.4250139275766,6.45508040500298,75
"83",2014,2,6.06981132075472,53,6.33414634146341,5.16666666666667,5.33333333333333,5.95833333333333,6.10243902439024,41,12,3,12,41,2450,1649,801,169,730,1720,6.43793469387755,6.72598544572468,5.84493133583021,5.65798816568047,6.41734246575343,6.44667441860465,76
"84",2014,3,6.52317073170732,41,6.65967741935484,6.1,5.33333333333333,7.05833333333333,6.43142857142857,31,10,3,6,35,2491,1680,811,172,736,1755,6.43933761541549,6.7247619047619,5.84807644882861,5.65232558139535,6.42256793478261,6.44637037037037,77
"85",2014,4,6.30853658536585,41,6.41379310344828,6.05416666666667,5.25,5.88888888888889,6.4265625,29,12,2,9,32,2532,1709,823,174,745,1787,6.4372195892575,6.71948507899356,5.85108140947752,5.64770114942529,6.41612080536913,6.44601566871852,78
"86",2014,5,6.10119047619048,42,6.41379310344828,5.40384615384615,6.75,5.85714285714286,6.15,29,13,4,7,35,2574,1738,836,178,752,1822,6.4317365967366,6.71438434982739,5.84412679425837,5.67247191011236,6.41091755319149,6.44032930845225,79
"87",2014,6,6.42592592592593,27,6.89473684210526,5.3125,3.83333333333333,7.2,6.25,19,8,3,5,22,2601,1757,844,181,757,1844,6.43167627835448,6.71633466135458,5.83908767772512,5.64198895027624,6.41612945838838,6.43805856832972,80
"88",2014,7,6.15740740740741,54,6.28571428571429,5.92105263157895,6.83333333333333,5.875,6.20652173913043,35,19,3,8,46,2655,1792,863,184,765,1890,6.42609792843691,6.70792410714286,5.8408922363847,5.66141304347826,6.4104705882353,6.43242328042328,81
"89",2014,8,6.01428571428571,49,6.52352941176471,4.86,5,6.33333333333333,5.99347826086957,34,15,3,3,46,2704,1826,878,187,768,1936,6.41863535502959,6.70449069003286,5.82413439635535,5.65080213903743,6.41016927083334,6.42199380165289,82
"90",2014,9,6.13621621621622,37,6.69739130434783,5.21428571428571,5.25,4.71428571428571,6.468,23,14,2,7,30,2741,1849,892,189,775,1966,6.41482305727837,6.70440237966468,5.81456278026906,5.64656084656085,6.39485161290323,6.42269582909461,83
"91",2014,10,5.94736842105263,38,6.35185185185185,4.95454545454545,4.33333333333333,5.7,6.03571428571429,27,11,3,10,28,2779,1876,903,192,785,1994,6.40843109032026,6.69932835820895,5.80408637873754,5.62604166666667,6.386,6.41726178535607,84
"92",2014,11,6.01704545454545,44,6.15441176470588,5.55,5.33333333333333,5.91666666666667,6.04285714285714,34,10,3,9,35,2823,1910,913,195,794,2029,6.40233085370174,6.68962827225131,5.80130339539978,5.62153846153846,6.38068010075567,6.41080335140463,85
"93",2014,12,6.29148936170213,47,6.405,5.64285714285714,6,6.54,6.22432432432432,40,7,2,10,37,2870,1950,920,197,804,2066,6.40051567944251,6.68378974358974,5.80009782608696,5.6253807106599,6.38266169154229,6.40746369796709,86
"94",2015,1,6.03987341772152,79,6.32333333333333,5.14473684210526,3.8,6.75,5.93695652173913,60,19,5,10,69,2949,2010,939,202,814,2135,6.39085452695829,6.67302985074627,5.78683706070287,5.58019801980198,6.38717444717445,6.39225761124122,87
"95",2015,2,6.09322033898305,59,6.65853658536585,4.80555555555556,4.5,5.9,6.15909090909091,41,18,2,15,44,3008,2051,957,204,829,2179,6.38501662234043,6.67274012676743,5.76838035527691,5.56960784313726,6.37835946924005,6.38754933455714,88
"96",2015,3,6.01818181818182,55,6.33170731707317,5.1,4.5,5.71428571428571,6.0625,41,14,4,7,48,3063,2092,971,208,836,2227,6.37842964413973,6.66605640535373,5.75874356333676,5.54903846153846,6.3727990430622,6.38054333183655,89
"97",2015,4,6.13703703703704,54,6.33863636363636,5.25,7,6.29090909090909,6.09767441860465,44,10,1,11,43,3117,2136,981,209,847,2270,6.37424767404556,6.65931179775281,5.75355759429154,5.55598086124402,6.37173553719008,6.37518502202643,90
"98",2015,5,6.26025,40,6.50354838709677,5.42222222222222,6.5,5.93333333333333,6.28675675675676,31,9,2,3,37,3157,2167,990,211,850,2307,6.37280329426671,6.65708352561144,5.75054545454545,5.56492890995261,6.37018823529412,6.37376679670568,91
"99",2015,6,6.31428571428571,42,6.57096774193548,5.59090909090909,7,6.6,6.27567567567568,31,11,1,5,37,3199,2198,1001,212,855,2344,6.37203501094092,6.65586897179254,5.74879120879121,5.57169811320755,6.37153216374269,6.37221843003413,92
"100",2015,7,6.47096774193548,62,6.63604651162791,6.09736842105263,6.8,6.73333333333333,6.42641509433962,43,19,2,9,53,3261,2241,1020,214,864,2397,6.37391597669427,6.65548862115127,5.75528431372549,5.58317757009346,6.37530092592593,6.37341677096371,93
"101",2015,8,6.54033898305085,59,6.6,6.16,NA,6.625,6.52705882352941,51,8,0,8,51,3320,2292,1028,214,872,2448,6.37687349397591,6.65425392670157,5.75843385214008,5.58317757009346,6.37759174311927,6.37661764705882,94
"102",2015,9,6.07936507936508,63,6.51282051282051,5.375,5.5,5.92857142857143,6.12244897959184,39,24,8,14,49,3383,2331,1052,222,886,2497,6.37133313626958,6.6518876018876,5.74968631178707,5.58018018018018,6.37049661399549,6.37162995594714,95
"103",2015,10,6.24418604651163,43,6.49259259259259,5.825,4.5,5.6,6.32894736842105,27,16,2,5,38,3426,2358,1068,224,891,2535,6.36973730297723,6.65006361323155,5.75081460674157,5.57053571428571,6.36617283950617,6.37099013806706,96
"104",2015,11,6.02777777777778,54,6.1046511627907,5.72727272727273,7,6,6.03571428571429,43,11,2,12,42,3480,2401,1079,226,903,2577,6.36443103448276,6.64029571012078,5.75057460611677,5.58318584070796,6.36130675526024,6.36552580519984,97
"105",2015,12,6.3474358974359,78,6.62037037037037,5.73333333333333,5.65,6.56923076923077,6.30307692307692,54,24,6,13,65,3558,2455,1103,232,916,2642,6.36405845980888,6.63985743380855,5.75019945602901,5.58491379310345,6.3642576419214,6.36398940196821,98
"106",2016,1,6.322,100,6.67397260273973,5.37037037037037,6.25,6.13888888888889,6.36219512195122,73,27,6,18,82,3658,2528,1130,238,934,2724,6.36290869327502,6.64084256329114,5.74112389380531,5.60168067226891,6.35991434689508,6.36393538913363,99
"107",2016,2,6.35522388059702,67,6.70816326530612,5.39444444444444,4.5,6,6.41754385964912,49,18,6,10,57,3725,2577,1148,244,944,2781,6.36277046979866,6.64212262320528,5.7356881533101,5.57459016393443,6.35610169491525,6.36503416037397,100
"108",2016,3,6.30438596491228,57,6.37717391304348,6,5,5.59090909090909,6.475,46,11,3,11,46,3782,2623,1159,247,955,2827,6.36189053410894,6.63747617232177,5.73819672131147,5.56761133603239,6.34728795811518,6.36682348779625,101
"109",2016,4,6.3,47,6.60588235294118,5.5,6,6.625,6.26976744186047,34,13,1,4,43,3829,2657,1172,248,959,2870,6.36113084356229,6.63707188558525,5.73555460750853,5.56935483870968,6.34844629822732,6.36536933797909,102
"110",2016,5,6.45681818181818,66,6.65727272727273,5.45454545454545,NA,6.475,6.45277777777778,55,11,0,12,54,3895,2712,1183,248,971,2924,6.36275224646983,6.63748156342183,5.7329416737109,5.56935483870968,6.35001029866118,6.36698358413133,103
"111",2016,6,6.22916666666667,60,6.42441860465116,5.73529411764706,3,6.125,6.25,43,17,1,10,50,3955,2755,1200,249,981,2974,6.36072566371681,6.63415607985481,5.732975,5.55903614457831,6.34771661569827,6.36501681237391,104
"112",2016,7,6.5301724137931,58,6.87209302325581,5.55,7,7.25,6.47685185185185,43,15,1,4,54,4013,2798,1215,250,985,3028,6.36317468228258,6.63781272337384,5.73071604938271,5.5648,6.3513807106599,6.36701122853369,105
"113",2016,8,6.21329113924051,79,6.33358208955224,5.54166666666667,5.5,6.16666666666667,6.22164179104478,67,12,2,12,67,4092,2865,1227,252,997,3095,6.36028103616813,6.63069808027923,5.72886715566422,5.56428571428571,6.34915747241725,6.36386429725363,106
"114",2016,9,6.49166666666667,48,6.63888888888889,6.05,4.55,6.2,6.6,36,12,2,13,35,4140,2901,1239,254,1010,3130,6.36180434782609,6.63079972423302,5.73197740112994,5.55629921259843,6.34723762376238,6.36650479233227,107
"115",2016,10,6.36329113924051,79,6.78448275862069,5.2,6,6.03333333333333,6.440625,58,21,8,15,64,4219,2959,1260,262,1025,3194,6.36183218772221,6.63381209868199,5.72311111111111,5.56984732824427,6.34264390243903,6.36798998121478,108
"116",2016,11,6.23828125,64,6.43617021276596,5.69117647058824,5.75,6.69642857142857,6.11,47,17,4,14,50,4283,3006,1277,266,1039,3244,6.35998599112771,6.63072188955423,5.72268598277212,5.57255639097744,6.34741097208855,6.36401356350185,109
"117",2016,12,6.42784057971014,69,6.71578846153846,5.54705882352941,5.33333333333333,6.8,6.35725862068966,52,17,3,11,58,4352,3058,1294,269,1050,3302,6.36106181066176,6.63216841072597,5.72037867078825,5.56988847583643,6.35215238095238,6.36389491217444,110
"118",2017,1,6.41238095238095,105,6.56022727272727,5.64705882352941,5.5,6.04444444444444,6.48850574712644,88,17,4,18,87,4457,3146,1311,273,1068,3389,6.36227080996186,6.63015607120153,5.71942791762013,5.56886446886447,6.34696629213483,6.36709383298908,111
"119",2017,2,6.54,65,6.60566037735849,6.25,6,6.92857142857143,6.49310344827586,53,12,2,7,58,4522,3199,1323,275,1075,3447,6.36482551968156,6.62975023444826,5.72424036281179,5.572,6.35075348837209,6.36921409921671,112
"120",2017,3,6.38857142857143,70,6.6,5.72941176470588,6.25,5.84615384615385,6.51228070175439,53,17,2,13,57,4592,3252,1340,277,1088,3504,6.3651875,6.62926537515375,5.72430597014925,5.57689530685921,6.34472426470588,6.37154138127854,113
"121",2017,4,5.975,60,6.2125,5.5,4,7.25,5.88392857142857,40,20,3,4,56,4652,3292,1360,280,1092,3560,6.36015498710232,6.62420139732685,5.72100735294117,5.56,6.34804029304029,6.36387106741573,114
"122",2017,5,6.56212121212121,66,6.91702127659574,5.68421052631579,5,5.65454545454545,6.74363636363636,47,19,2,11,55,4718,3339,1379,282,1103,3615,6.36298028825774,6.6283231506439,5.72050036258158,5.55602836879433,6.34112420670898,6.3696489626556,115
"123",2017,6,6.45438596491228,57,6.60227272727273,5.95384615384615,5.6,6.5,6.44090909090909,44,13,5,13,44,4775,3383,1392,287,1116,3659,6.36407141361256,6.62798433343186,5.72267959770115,5.55679442508711,6.34297491039427,6.37050587592238,116
"124",2017,7,6.33333333333333,72,6.51923076923077,5.85,5.91666666666667,5.86363636363636,6.41803278688525,52,20,6,11,61,4847,3435,1412,293,1127,3720,6.36361481328657,6.62633799126638,5.72448300283286,5.5641638225256,6.33829636202307,6.37128521505376,117
"125",2017,8,6.338125,80,6.51694915254237,5.83571428571429,5.8,6.14285714285714,6.35684931506849,59,21,5,7,73,4927,3494,1433,298,1134,3793,6.36320093363101,6.62449084144247,5.7261130495464,5.56812080536913,6.33708994708995,6.37100738201951,118
"126",2017,9,6.2796875,64,6.72307692307692,5.588,5.5,6.81428571428571,6.13,39,25,5,14,50,4991,3533,1458,303,1148,3843,6.36213003406131,6.62557911123691,5.72374485596707,5.56699669966997,6.34290940766551,6.36787171480614,119
"127",2017,10,6.382,50,6.57222222222222,5.89285714285714,5.75,6.61111111111111,6.33170731707317,36,14,2,9,41,5041,3569,1472,305,1157,3884,6.36232711763539,6.62504090781731,5.72535326086956,5.56819672131147,6.34499567847882,6.36748995880536,120
"128",2017,11,6.27205882352941,68,6.48,5.69444444444444,4.33333333333333,6.15,6.29310344827586,50,18,3,10,58,5109,3619,1490,308,1167,3942,6.36112566059894,6.62303702680298,5.72497986577181,5.55616883116883,6.34332476435304,6.36639548452562,121
"129",2017,12,6.35074626865672,67,6.594,5.63529411764706,4.5,6,6.47,50,17,2,17,50,5176,3669,1507,310,1184,3992,6.36099130602782,6.62264131916053,5.72396814863968,5.54935483870968,6.33839527027027,6.36769313627254,122
"130",2018,1,6.55698198198198,111,6.65083333333333,6.15476190476191,6.5,6.54761904761905,6.55916666666667,90,21,3,21,90,5287,3759,1528,313,1205,4082,6.36510610932476,6.6233163075286,5.72988874345549,5.55846645367412,6.34204149377593,6.37191474767271,123
"131",2018,2,6.26301369863014,73,6.38333333333333,5.92105263157895,5.625,6.5,6.23787878787879,54,19,4,7,66,5360,3813,1547,317,1212,4148,6.36371567164179,6.61991765014424,5.73223658694247,5.55930599369085,6.34295379537954,6.36978206364513,124
"132",2018,3,6.45892857142857,56,6.67142857142857,5.82142857142857,4.9,5.0625,6.69166666666667,42,14,5,8,48,5416,3855,1561,322,1220,4196,6.36470014771048,6.62047885862516,5.73303651505445,5.54906832298137,6.33455737704918,6.37346425166826,125
"133",2018,4,6.245,72,6.33527272727273,5.95294117647059,6,6.58333333333333,6.17733333333333,55,17,2,12,60,5488,3910,1578,324,1232,4256,6.36312973760933,6.61646700767263,5.73540557667934,5.55185185185185,6.33698051948052,6.3706992481203,126
"134",2018,5,6.27403846153846,52,6.62096774193548,5.76190476190476,4.25,7.125,6.11931818181818,31,21,2,8,44,5540,3941,1599,326,1240,4300,6.36229350180505,6.6165024105557,5.7357535959975,5.54386503067485,6.34206451612903,6.36812697674419,127
"135",2018,6,6.25165909090909,44,6.581,5.26363636363636,4.85,6,6.276825,33,11,4,4,40,5584,3974,1610,330,1244,4340,6.36142174068768,6.61620759939607,5.73252795031056,5.53545454545455,6.34096463022508,6.36728548387097,128
"136",2018,7,6.20153513157895,76,6.35833339285714,5.7625,6,6.1875,6.20416671875,56,20,2,12,64,5660,4030,1630,332,1256,4404,6.35927485335689,6.61262423573201,5.73289570552147,5.53825301204819,6.33949840764331,6.36491500227066,129
"137",2018,8,6.47427225352113,71,6.60152770833333,6.20869565217391,5.78571428571429,6.9,6.40448081967213,48,23,7,10,61,5731,4078,1653,339,1266,4465,6.36069952887803,6.61249362432565,5.73951603145795,5.54336283185841,6.34392575039494,6.3654555431131,130
"138",2018,9,6.57899377358491,53,6.94216675,5.46153846153846,5.5,6.95833333333333,6.46796756097561,40,13,2,12,41,5784,4118,1666,341,1278,4506,6.36269980463347,6.61569588878096,5.73734693877551,5.54310850439883,6.34969483568075,6.36638829782512,131
"139",2018,10,6.41830985915493,71,6.59791666666667,6.04347826086957,6.25,5.65384615384615,6.58965517241379,48,23,4,13,58,5855,4166,1689,345,1291,4564,6.36337415371477,6.6154910393663,5.74151568975725,5.55130434782609,6.34268783888459,6.36922560692375,132
"140",2018,11,6.19930555555556,72,6.30677966101695,5.71153846153846,6.17,6.61363636363636,6.12459016393443,59,13,5,11,61,5927,4225,1702,350,1302,4625,6.36138108149148,6.61118004023669,5.74128672150411,5.56014285714286,6.34497695852535,6.36599906378378,133
"141",2018,12,6.57701149425287,87,6.86031746031746,5.83333333333333,5.4,6.44444444444444,6.59230769230769,63,24,5,9,78,6014,4288,1726,355,1311,4703,6.36450044396408,6.61484040811567,5.74256662804171,5.55788732394366,6.34565980167811,6.3697524282373,134
"142",2019,1,6.33294117647059,102,6.5928,5.61111111111111,5.57142857142857,6.33888888888889,6.33166666666667,75,27,7,18,84,6116,4363,1753,362,1329,4787,6.36397411216481,6.61446153334861,5.74054192812321,5.55814917127072,6.34556809631302,6.3690841174013,135
"143",2019,2,6.65660377358491,53,6.76904761904762,6.22727272727273,7,6.72727272727273,6.63809523809524,42,11,1,11,42,6169,4405,1764,363,1340,4829,6.36648819419679,6.61593545289444,5.74357709750567,5.56212121212121,6.34870149253731,6.37142382895009,136
"144",2019,3,6.17424242424242,66,6.38020833333333,5.625,6.2,5.66666666666667,6.28703703703704,48,18,5,12,54,6235,4453,1782,368,1352,4883,6.36445319486768,6.61339449135414,5.74237934904601,5.57078804347826,6.34264792899408,6.37049061437641,137
"145",2019,4,6.35333333333333,99,6.72786885245902,5.75210526315789,5.3325,6.65,6.32,61,38,4,10,89,6334,4514,1820,372,1362,4972,6.36427939216924,6.61494144217988,5.74258241758241,5.56822580645161,6.34490455212922,6.36958682019308,138
"146",2019,5,5.92719298245614,57,6.18095238095238,5.21666666666667,6,5.4,5.97788461538462,42,15,1,5,52,6391,4556,1835,373,1367,5024,6.36038110937255,6.61094066505707,5.73828337874659,5.56938337801609,6.34144842721288,6.36553257762739,139
"147",2019,6,6.55932203389831,59,6.78,6.09473684210526,NA,6.25,6.58181818181818,40,19,0,4,55,6450,4596,1854,373,1371,5079,6.36220087906976,6.6124120256745,5.74193635382955,5.56938337801609,6.34118161925602,6.36787471352628,140
"148",2019,7,6.24,65,6.38837209302326,5.95,5,5.46153846153846,6.43461538461538,43,22,3,13,52,6515,4639,1876,376,1384,5131,6.3609816838066,6.61033534597974,5.7443763326226,5.56484042553191,6.33291907514451,6.36855109530306,141
"149",2019,8,6.52941176470588,85,6.60483870967742,6.32608695652174,5.875,7.19230769230769,6.40972222222222,62,23,4,13,72,6600,4701,1899,380,1397,5203,6.36315085909091,6.61026285258456,5.75142180094786,5.56810526315789,6.34091624910523,6.36912082836825,142
"150",2019,9,6.51880597014925,67,6.69918367346939,6.02777777777778,5.58333333333333,6,6.62071428571429,49,18,6,11,56,6667,4750,1917,386,1408,5259,6.36471511474426,6.61118014105263,5.75401669274908,5.56834196891192,6.33825284090909,6.37179989922038,143
"151",2019,10,6.12876712328767,73,6.42068965517241,5,4,6.58333333333333,6.03934426229508,58,15,1,12,61,6740,4808,1932,387,1420,5320,6.36215959495549,6.6088822108985,5.74816252587991,5.56428940568475,6.34032394366197,6.36798790789474,144
"152",2019,11,6.45613333333333,75,6.63381818181818,5.9675,NA,5.70454545454545,6.5853125,55,20,0,11,64,6815,4863,1952,387,1431,5384,6.36319378870139,6.60916423401193,5.75040983606557,5.56428940568475,6.33543675751223,6.37057126114413,145
"153",2019,12,6.30094303571429,112,6.46808860465116,5.74807692307692,5.375,5.775,6.37607775510204,86,26,4,14,98,6927,4949,1978,391,1445,5482,6.36218728020788,6.6067127278238,5.75037917087967,5.56235294117647,6.33000692041522,6.37066969901496,146
"154",2020,1,6.67132834586466,133,6.7908667,6.30909090909091,6.5,7.10714285714286,6.62005605042017,100,33,2,14,119,7060,5049,2011,393,1459,5601,6.36801104249292,6.61036006337889,5.75954748881153,5.56712468193384,6.33746401644962,6.37596821281914,147
"155",2020,2,6.63,80,6.78,6.3,5.33333333333333,5.625,6.68289473684211,55,25,3,4,76,7140,5104,2036,396,1463,5677,6.3709464929972,6.6121880799373,5.7661836935167,5.56535353535353,6.33551606288448,6.38007714638013,148
"156",2020,3,6.31785926605505,109,6.43395546666667,6.06176470588235,6,6.28571428571429,6.32006529411765,75,34,6,7,102,7249,5179,2070,402,1470,5779,6.37014824389571,6.60960699362811,5.77103864734299,5.5718407960199,6.33527891156463,6.37901793043779,149
"157",2020,4,6.3140625,96,6.65625,5.2875,5.25,6.07692307692308,6.35120481927711,72,24,6,13,83,7345,5251,2094,408,1483,5862,6.36941519673247,6.61024654732432,5.76549665711557,5.56710784313725,6.3330141604855,6.37862412487206,150
"158",2020,5,6.52777777777778,72,6.71296296296296,5.97222222222222,6,6.33333333333333,6.54545454545455,54,18,3,6,66,7417,5305,2112,411,1489,5928,6.37095249022516,6.61129210556079,5.76725852272727,5.57026763990268,6.33301544660846,6.380481548583,151
"159",2020,6,6.19444444444444,54,6.58974358974359,5.16666666666667,4.5,6.07142857142857,6.21276595744681,39,15,2,7,47,7471,5344,2127,413,1496,5975,6.36967669923705,6.61113484655688,5.76302303714151,5.56508474576271,6.33179144385027,6.37916227949791,152
"160",2020,7,6.13690476190476,84,6.29230769230769,5.60526315789474,6,6.3125,6.09558823529412,65,19,5,16,68,7555,5409,2146,418,1512,6043,6.36708863269358,6.60730349787391,5.76162628145387,5.57028708133971,6.3315873015873,6.37597130895251,153
"161",2020,8,6.44895833333333,96,6.48875,6.25,6.5,5.71428571428571,6.57439024390244,80,16,2,14,82,7651,5489,2162,420,1526,6125,6.36811588289112,6.60557562761887,5.76524051803885,5.57471428571429,6.32592398427261,6.37862769306123,154
"162",2020,9,6.47125,80,6.75762711864407,5.66666666666667,5.12,5.92,6.55,59,21,5,10,70,7731,5548,2183,425,1536,6195,6.36918310955892,6.60719261355443,5.76429225836005,5.56936470588235,6.32328125,6.38056410330912,155
"163",2020,10,6.40337078651685,89,6.65285714285714,5.48421052631579,5.6,6.625,6.36883116883117,70,19,2,12,77,7820,5618,2202,427,1548,6272,6.36957220204603,6.60776159131363,5.76187556766576,5.56950819672131,6.32562015503876,6.38042006058674,156
"164",2020,11,6.32214285714286,98,6.62388888888889,5.48653846153846,5.62857142857143,7.23333333333333,6.23,72,26,7,9,89,7918,5690,2228,434,1557,6361,6.36898517554938,6.6079656625659,5.75866247755835,5.57046082949309,6.33086705202312,6.3783154566892,157
"165",2020,12,6.29824427480916,131,6.45184782608696,5.93589743589744,5.4,6.58285714285714,6.24390909090909,92,39,5,21,110,8049,5782,2267,439,1578,6471,6.36783384519816,6.60548160152196,5.76171151301279,5.56851936218679,6.33422053231939,6.37603069386494,158
"166",2021,1,6.46393442622951,122,6.61458333333333,5.90769230769231,5,6.66666666666667,6.43551401869159,96,26,5,15,107,8171,5878,2293,444,1593,6578,6.36926870884836,6.60563025178632,5.76336676842564,5.56211711711712,6.33735091023227,6.37699826999088,159
"167",2021,2,6.12,85,6.49333333333333,5.224,4.8,5.84615384615385,6.16944444444444,60,25,5,13,72,8256,5938,2318,449,1606,6650,6.36670235222868,6.60449555742674,5.75754961173425,5.55363028953229,6.33337484433375,6.37475107067669,160
"168",2021,3,6.23141791044776,67,6.45107843137255,5.53125,6,6.188125,6.23728813559322,51,16,3,8,59,8323,5989,2334,452,1614,6709,6.36561331491049,6.60318911671397,5.75599828620394,5.55659292035398,6.33265489467162,6.37354220002981,161
"169",2021,4,6.40064102564103,78,6.625,5.53125,5.66666666666667,6.328125,6.41935483870968,62,16,3,16,62,8401,6051,2350,455,1630,6771,6.36593853350791,6.60341259626508,5.75446808510638,5.55731868131868,6.33261042944785,6.37396169251218,162
"170",2021,5,6.37826086956522,69,6.51153846153846,5.97058823529412,5.375,5.95357142857143,6.48636363636364,52,17,4,14,55,8470,6103,2367,459,1644,6826,6.36603891617473,6.60262979190562,5.75602027883397,5.55572984749455,6.32938260340633,6.37486736302373,163
"171",2021,6,6.09315068493151,73,6.36415094339623,5.375,5.5,6.35,6.05238095238095,53,20,2,10,63,8543,6156,2387,461,1654,6889,6.36370708416247,6.60057661143599,5.75282781734394,5.55548806941432,6.32950725513906,6.37191822035129,164
"172",2021,7,6.43634146341463,82,6.96101694915254,5.0904347826087,4,7.25333333333333,6.2534328358209,59,23,2,15,67,8625,6215,2410,463,1669,6956,6.36439763710145,6.60399832984714,5.74650622406639,5.54876889848812,6.33781006590773,6.37077697239793,165
"173",2021,8,6.12965517241379,87,6.479375,5.15652173913043,4.125,6.415,6.0925974025974,64,23,4,10,77,8712,6279,2433,467,1679,7033,6.36205344582185,6.6027280809046,5.74092889436909,5.536573875803,6.33826980345444,6.36773135504052,166
"174",2021,9,6.28035714285714,84,6.57083333333333,5.55416666666667,4.66666666666667,5.13333333333333,6.36858974358974,60,24,3,6,78,8796,6339,2457,470,1685,7111,6.36127326284675,6.60242619025083,5.7391045991046,5.53102127659574,6.33397922848665,6.36774077063704,167
"175",2021,10,6.49243243243243,111,6.69829268292683,5.91034482758621,4.25,6.75,6.45525773195876,82,29,4,14,97,8907,6421,2486,474,1699,7208,6.36290778264286,6.60365046254477,5.74110217216412,5.52021097046413,6.33740729841083,6.3689185099889,168
"176",2021,11,6.29066265060241,83,6.43884615384615,5.75555555555556,5,5.14285714285714,6.39638157894737,65,18,3,7,76,8990,6486,2504,477,1706,7284,6.36224078086763,6.60199886216466,5.74120607028754,5.5169392033543,6.33250586166471,6.36920505491488,169
"177",2021,12,6.16609565217391,115,6.38818279569892,5.22727272727273,5.5,5.625,6.25354545454545,93,22,6,16,99,9105,6579,2526,483,1722,7383,6.35976338495332,6.59897638242894,5.73673000791765,5.51672877846791,6.32593205574913,6.36765415413789,170
"178",2022,1,6.51348387096774,186,6.67398571428571,6.025,6.13333333333333,6.246875,6.53857647058823,140,46,3,16,170,9291,6719,2572,486,1738,7553,6.36284077279087,6.60053930942104,5.74188569206843,5.52053497942387,6.32520425776755,6.37150120746723,171
"179",2022,2,6.71758241758242,91,6.79236111111111,6.43421052631579,5.25,6.22916666666667,6.79177215189873,72,19,6,12,79,9382,6791,2591,492,1750,7632,6.36628156256662,6.60257305551465,5.7469625627171,5.51723577235772,6.32454571428571,6.37585149633124,172
"180",2022,3,6.36858027777778,108,6.66034192307692,5.61,5.75,7.04545454545455,6.29182134020619,78,30,4,11,97,9490,6869,2621,496,1761,7729,6.36630772286617,6.60322904207308,5.74539488744754,5.51911290322581,6.3290488358887,6.37479690645621,173
"181",2022,4,6.60990740740741,108,6.72679012345679,6.25925925925926,5.66666666666667,6.68611111111111,6.59466666666667,81,27,3,18,90,9598,6950,2648,499,1779,7819,6.36904879037299,6.60466910647482,5.75063444108761,5.52,6.33266160764474,6.37732770047321,174
"182",2022,5,6.26708860759494,79,6.60483870967742,5.03529411764706,5,6.10769230769231,6.29848484848485,62,17,1,13,66,9677,7012,2665,500,1792,7885,6.36821641934484,6.60467060610382,5.7460712945591,5.51896,6.33102957589286,6.37666776030438,175
"183",2022,6,6.67657657657658,111,6.86666666666667,6.22727272727273,4.625,7.09090909090909,6.631,78,33,4,11,100,9788,7090,2698,504,1803,7985,6.37171335206375,6.60755293229901,5.75195700518903,5.51186507936508,6.33566555740433,6.37985288541014,176
"184",2022,7,6.39148936170213,94,6.49,6.10416666666667,5.5,6.625,6.34358974358974,70,24,2,16,78,9882,7160,2722,506,1819,8063,6.37190146630237,6.60640367178771,5.75506245407788,5.51181818181818,6.33821055525014,6.37950208235148,177
"185",2022,8,6.3938889,100,6.71160132352941,5.71875,5.4,5.54545454545455,6.49875157303371,68,32,5,11,89,9982,7228,2754,511,1830,8152,6.37212173712683,6.60739335639181,5.75464052287581,5.5107240704501,6.33344535519126,6.38080399656526,178
"186",2022,9,6.2883950617284,81,6.54912280701754,5.66916666666667,5,5.21428571428571,6.39,57,24,2,7,74,10063,7285,2778,513,1837,8226,6.37144779687966,6.60693743033631,5.75390208783297,5.50873294346979,6.32918072945019,6.38088672258692,179
"187",2022,10,6.75610294117647,68,7.02797872340426,6.14761904761905,6,6,6.8714406779661,47,21,1,9,59,10131,7332,2799,514,1846,8285,6.37402962984898,6.60963641298418,5.75685602000714,5.50968871595331,6.3275758396533,6.38438010621605,180
"188",2022,11,6.29441860465116,86,6.49629032258064,5.77291666666667,7,6.27272727272727,6.2976,62,24,1,11,75,10217,7394,2823,515,1857,8360,6.37335951649212,6.60868598593454,5.7569925611052,5.51258252427184,6.32725094238018,6.38360157655502,181
"189",2022,12,6.36857142857143,126,6.52301075268817,5.93333333333333,5.9,6.46363636363636,6.35947826086957,93,33,3,11,115,10343,7487,2856,518,1868,8475,6.37330118727642,6.60762176839856,5.75903011204481,5.51482625482625,6.32805406852248,6.38327423952802,182
