"","year","month","avg_rating","no_ratings","avg_rating_owned","avg_rating_not_owned","avg_rating_prev_owned","avg_rating_comment","avg_rating_no_comment","no_ratings_owned","no_ratings_not_owned","no_ratings_prev_owned","no_ratings_comment","no_ratings_no_comment","cum_no_ratings","cum_no_ratings_owned","cum_no_ratings_not_owned","cum_no_ratings_prev_owned","cum_no_ratings_comment","cum_no_ratings_no_comment","cum_avg_rating","cum_avg_rating_owned","cum_avg_rating_not_owned","cum_avg_rating_prev_owned","cum_avg_rating_comment","cum_avg_rating_no_comment","month_after_release"
"1",2007,1,9,1,NA,9,NA,NA,9,0,1,0,0,1,1,0,1,0,0,1,9,NA,9,NA,NA,9,-1
"2",2007,2,6.92,10,7.425,6.58333333333333,NA,8.33333333333333,6.31428571428571,4,6,0,3,7,11,4,7,0,3,8,7.10909090909091,7.425,6.92857142857143,NA,8.33333333333333,6.65,0
"3",2007,3,7.23529411764706,17,7.33333333333333,7.18181818181818,7.5,6.58333333333333,7.59090909090909,6,11,1,6,11,28,10,18,1,9,19,7.18571428571429,7.37,7.08333333333333,7.5,7.16666666666667,7.19473684210526,1
"4",2007,4,6.15217391304348,23,7,5.97368421052632,7.33333333333333,6.11111111111111,6.17857142857143,4,19,3,9,14,51,14,37,4,18,33,6.71960784313726,7.26428571428571,6.51351351351351,7.375,6.63888888888889,6.76363636363636,2
"5",2007,5,6.68181818181818,33,7.26923076923077,6.3,NA,6.76666666666667,6.61111111111111,13,20,0,15,18,84,27,57,4,33,51,6.7047619047619,7.26666666666667,6.43859649122807,7.375,6.6969696969697,6.70980392156863,3
"6",2007,6,6.35416666666667,24,7.25,6.05555555555556,6.66666666666667,6.08333333333333,6.625,6,18,3,12,12,108,33,75,7,45,63,6.62685185185185,7.26363636363636,6.34666666666667,7.07142857142857,6.53333333333333,6.69365079365079,4
"7",2007,7,6,13,6.8,5.5,6,6,6,5,8,1,5,8,121,38,83,8,50,71,6.5595041322314,7.20263157894737,6.26506024096386,6.9375,6.48,6.61549295774648,5
"8",2007,8,6.25833333333333,12,5,6.37272727272727,6.43333333333333,6,6.51666666666667,1,11,3,6,6,133,39,94,11,56,77,6.53233082706767,7.14615384615385,6.27765957446809,6.8,6.42857142857143,6.60779220779221,6
"9",2007,9,6.775,26,7.5,6.5078947368421,6.73333333333333,6.3,7.02647058823529,7,19,3,9,17,159,46,113,14,65,94,6.57201257861635,7.2,6.31637168141593,6.78571428571429,6.41076923076923,6.68351063829787,7
"10",2007,10,7.00967741935484,31,7.3,6.7,6.33333333333333,7.18333333333333,6.9,16,15,3,12,19,190,62,128,17,77,113,6.64342105263158,7.2258064516129,6.361328125,6.70588235294118,6.53116883116883,6.71991150442478,8
"11",2007,11,6.5546875,32,6.92307692307692,6.30263157894737,8.125,7.04545454545455,6.29761904761905,13,19,4,11,21,222,75,147,21,88,134,6.63063063063063,7.17333333333333,6.35374149659864,6.97619047619048,6.59545454545454,6.65373134328358,9
"12",2007,12,6.672,25,7,6.4875,6,6.36363636363636,6.91428571428571,9,16,1,11,14,247,84,163,22,99,148,6.63481781376518,7.15476190476191,6.36687116564417,6.93181818181818,6.56969696969697,6.67837837837838,10
"13",2008,1,6.57666666666667,30,6.6,6.56818181818182,6.5,6.875,6.46818181818182,8,22,4,8,22,277,92,185,26,107,170,6.62851985559567,7.10652173913043,6.39081081081081,6.86538461538461,6.59252336448598,6.65117647058824,11
"14",2008,2,6.78528571428571,21,6.88392307692308,6.625,5,6.4491,7.09090909090909,13,8,1,10,11,298,105,193,27,117,181,6.63956711409396,7.0789619047619,6.40051813471503,6.7962962962963,6.58026495726496,6.67790055248619,12
"15",2008,3,6.78571428571429,21,7.8125,6.15384615384615,7,7.61111111111111,6.16666666666667,8,13,2,9,12,319,113,206,29,126,193,6.64918808777429,7.13089380530973,6.38495145631068,6.81034482758621,6.65389682539683,6.64611398963731,13
"16",2008,4,6.63636363636364,22,7.33333333333333,6.375,6.66666666666667,6.75,6.59375,6,16,3,6,16,341,119,222,32,132,209,6.64836070381232,7.14110084033613,6.38423423423423,6.796875,6.65826515151515,6.64210526315789,14
"17",2008,5,6.75833333333333,24,7.40909090909091,6.20769230769231,6.375,6.64285714285714,6.80588235294118,11,13,4,7,17,365,130,235,36,139,226,6.65559178082192,7.16377692307692,6.37446808510638,6.75,6.65748920863309,6.65442477876106,15
"18",2008,6,6.28181818181818,22,7.09090909090909,5.47272727272727,4.9,6.5,6.21764705882353,11,11,2,5,17,387,141,246,38,144,243,6.63434366925064,7.15809219858156,6.33414634146342,6.65263157894737,6.65202083333333,6.6238683127572,16
"19",2008,7,6.57692307692308,26,7.25,6.27777777777778,6.5,6.30769230769231,6.84615384615385,8,18,10,13,13,413,149,264,48,157,256,6.63072881355932,7.16302684563758,6.33030303030303,6.62083333333333,6.62350955414013,6.63515625,17
"20",2008,8,6.69047619047619,21,7.17,6.25454545454545,6,6.56,6.73125,10,11,2,5,16,434,159,275,50,162,272,6.6336198156682,7.16346540880503,6.32727272727273,6.596,6.62154938271605,6.64080882352941,18
"21",2008,9,6.38461538461539,13,6.6,6.25,5,6.75,6.31818181818182,5,8,1,2,11,447,164,283,51,164,283,6.62637807606264,7.14628658536585,6.32508833922262,6.56470588235294,6.62311585365854,6.62826855123675,19
"22",2008,10,6.93846153846154,13,7.2,6.775,6.64,7.3,6.7125,5,8,5,5,8,460,169,291,56,169,291,6.63519782608696,7.14787573964497,6.33745704467354,6.57142857142857,6.64314201183432,6.63058419243986,20
"23",2008,11,6.46739130434783,23,6.96666666666667,6.29117647058824,6.09,6.65909090909091,6.29166666666667,6,17,5,11,12,483,175,308,61,180,303,6.62720703933747,7.14166285714286,6.3349025974026,6.53196721311475,6.64411666666667,6.61716171617162,21
"24",2008,12,6.68421052631579,19,6.82,6.53333333333333,7,6,6.72222222222222,10,9,3,1,18,502,185,317,64,181,321,6.62936454183267,7.12427567567568,6.34053627760252,6.55390625,6.64055801104972,6.62305295950156,22
"25",2009,1,6.478125,32,6.68181818181818,6.37142857142857,6.86363636363636,6.66428571428571,6.33333333333333,11,21,11,14,18,534,196,338,75,195,339,6.62030149812734,7.09944387755102,6.34245562130178,6.59933333333333,6.64226153846154,6.60766961651918,23
"26",2009,2,5.73863636363636,22,7,5.45833333333333,7.25,5.375,5.81944444444444,4,18,2,4,18,556,200,356,77,199,357,6.5854154676259,7.097455,6.29775280898876,6.61623376623377,6.61678894472362,6.56792717086835,24
"27",2009,3,6.1037037037037,27,7,5.9,4.92857142857143,6.66666666666667,6.03333333333333,5,22,7,3,24,583,205,378,84,202,381,6.5631063464837,7.09507804878049,6.27460317460318,6.47559523809524,6.6175297029703,6.53425196850394,25
"28",2009,4,6.32857142857143,35,6.72727272727273,6.14583333333333,6.33333333333333,6.6,6.28333333333333,11,24,3,5,30,618,216,402,87,207,411,6.54982362459547,7.07634722222222,6.26691542288557,6.47068965517241,6.61710628019324,6.51593673965937,26
"29",2009,5,6.375,24,6.83333333333333,6.22222222222222,6.66666666666667,6.125,6.5,6,18,3,8,16,642,222,420,90,215,427,6.54328816199377,7.06977927927928,6.265,6.47722222222222,6.59879534883721,6.51533957845433,27
"30",2009,6,6.4,25,6.71428571428571,6.27777777777778,6.38888888888889,6.625,6.35714285714286,7,18,9,4,21,667,229,438,99,219,448,6.53791754122938,7.05891266375546,6.26552511415525,6.46919191919192,6.59927397260274,6.50792410714286,28
"31",2009,7,6.25925925925926,27,6.63636363636364,6,7.1,6.25,6.26315789473684,11,16,5,8,19,694,240,454,104,227,467,6.52707636887608,7.03954583333333,6.25616740088106,6.49951923076923,6.58696475770925,6.49796573875803,29
"32",2009,8,6.51764705882353,17,7.04285714285714,6.15,6.3,6.5,6.525,7,10,5,5,12,711,247,464,109,232,479,6.52685091420534,7.03963967611336,6.25387931034483,6.49036697247706,6.58509051724138,6.49864300626305,30
"33",2009,9,6.49038461538461,26,7.24285714285714,6.21315789473684,5.96428571428571,7.03333333333333,6.3275,7,19,7,6,20,737,254,483,116,238,499,6.5255644504749,7.04524015748031,6.25227743271222,6.45862068965517,6.59639075630252,6.49178356713427,31
"34",2009,10,6.59166666666667,30,6.97916666666667,6.33333333333333,6.5,6.75,6.55208333333333,12,18,10,6,24,767,266,501,126,244,523,6.52814993481095,7.04225939849624,6.25518962075848,6.46190476190476,6.60016803278689,6.49455066921606,32
"35",2009,11,5.7469696969697,33,6.40909090909091,5.41590909090909,5.44444444444444,6.825,5.50740740740741,11,22,9,6,27,800,277,523,135,250,550,6.49592625,7.0171155234657,6.21988527724666,6.39407407407407,6.605564,6.44609090909091,33
"36",2009,12,6.62083333333333,24,7.1,6.27857142857143,6.33333333333333,5.91666666666667,6.85555555555556,10,14,3,6,18,824,287,537,138,256,568,6.49956432038835,7.02000348432056,6.22141527001862,6.39275362318841,6.58941796875,6.45906690140845,34
"37",2010,1,6.385,20,7.11111111111111,5.79090909090909,5.75,6.25,6.41875,9,11,6,4,16,844,296,548,144,260,584,6.49684952606635,7.02277364864865,6.21277372262774,6.36597222222222,6.58419615384615,6.45796232876713,35
"38",2010,2,5.93333333333333,15,6.58333333333333,5.5,6.5,5.875,5.95454545454545,6,9,2,4,11,859,302,557,146,264,595,6.48700931315483,7.01404304635762,6.20125673249551,6.36780821917808,6.57345075757576,6.44865546218488,36
"39",2010,3,6.39166666666667,24,6.5875,6.29375,6.33333333333333,6.75,6.32,8,16,3,4,20,883,310,573,149,268,615,6.48441789354473,7.00303548387097,6.20383944153578,6.36711409395973,6.57608582089552,6.44447154471545,37
"40",2010,4,6.73809523809524,21,7.17777777777778,6.40833333333333,6.84285714285714,7.15,6.57333333333333,9,12,7,6,15,904,319,585,156,274,630,6.49031084070796,7.00796551724138,6.20803418803419,6.38846153846154,6.58865328467153,6.44753968253969,38
"41",2010,5,7.02142857142857,14,7.05,6.98333333333333,7.5,7.3,6.94545454545455,8,6,2,3,11,918,327,591,158,277,641,6.49841067538126,7.00899388379205,6.21590524534687,6.40253164556962,6.59635740072202,6.45608424336974,39
"42",2010,6,6.40769230769231,13,7,6.23,6.5,6,6.48181818181818,3,10,4,2,11,931,330,601,162,279,652,6.49714393125671,7.00891212121212,6.21613976705491,6.40493827160494,6.59208243727599,6.45651840490798,40
"43",2010,7,6.88888888888889,9,7.5,6.4,6.5,7.25,6.78571428571429,4,5,2,2,7,940,334,606,164,281,659,6.50089468085106,7.01479341317365,6.21765676567657,6.40609756097561,6.59676512455516,6.46001517450683,41
"44",2010,8,6.6304347826087,23,6.77777777777778,6.53571428571429,6.75,6.35714285714286,6.75,9,14,8,7,16,963,343,620,172,288,675,6.50398857736241,7.00857434402332,6.22483870967742,6.42209302325582,6.59094097222222,6.46688888888889,42
"45",2010,9,6.42727272727273,22,6.4375,6.42142857142857,6.8,5.9,6.58235294117647,8,14,3,5,17,985,351,634,175,293,692,6.50227512690355,6.9955584045584,6.22917981072555,6.42857142857143,6.57915017064847,6.46972543352601,43
"46",2010,10,6.3304347826087,23,6.9,5.96428571428571,6.5,6.3,6.33888888888889,9,14,5,5,18,1008,360,648,180,298,710,6.49835416666667,6.99316944444444,6.22345679012346,6.43055555555556,6.57446644295302,6.46640845070423,44
"47",2010,11,6.54347826086957,23,6.8,6.47222222222222,6.4375,7,6.41666666666667,5,18,8,5,18,1031,365,666,188,303,728,6.49936081474297,6.99052328767123,6.23018018018018,6.43085106382979,6.58148844884489,6.46517857142857,45
"48",2010,12,6.51333333333333,30,7.4,6.07,6.35454545454545,6.3,6.556,10,20,11,5,25,1061,375,686,199,308,753,6.49975589066918,7.00144266666667,6.22551020408163,6.42663316582915,6.57691883116883,6.46819389110226,46
"49",2011,1,6.02173913043478,23,6.8,5.80555555555556,6.21428571428571,4.875,6.26315789473684,5,18,7,4,19,1084,380,704,206,312,772,6.48961346863468,6.99879210526316,6.21477272727273,6.41941747572816,6.55509935897436,6.46314766839378,47
"50",2011,2,6.372,25,6.53,6.26666666666667,6,5.6,6.565,10,15,3,5,20,1109,390,719,209,317,792,6.48696212804328,6.98677179487179,6.21585535465925,6.41339712918661,6.54003470031546,6.4657196969697,48
"51",2011,3,6.54416666666667,12,6.87,6.38125,6.8875,6.75,6.47555555555556,4,8,4,3,9,1121,394,727,213,320,801,6.48757448706512,6.98558629441624,6.21767537826685,6.42230046948357,6.542003125,6.46583021223471,49
"52",2011,4,6.446875,16,6.825,6.22,6.64,6.36666666666667,6.495,6,10,5,6,10,1137,400,737,218,326,811,6.48700175901495,6.9831775,6.21770691994573,6.42729357798165,6.53877607361963,6.46618988902589,50
"53",2011,5,6.22222222222222,18,6.57142857142857,6,6.125,6.33333333333333,6.2,7,11,4,3,15,1155,407,748,222,329,826,6.48287532467532,6.97609582309582,6.21450534759358,6.42184684684685,6.53690273556231,6.46135593220339,51
"54",2011,6,6.73271428571429,14,6.75,6.7258,6.83333333333333,7.3145,6.5,4,10,6,4,10,1169,411,758,228,333,836,6.48586740804106,6.97389537712895,6.22125065963061,6.43267543859649,6.54624324324324,6.46181818181818,52
"55",2011,7,6.5,11,7.1,6,7,7.75,6.22222222222222,5,6,2,2,9,1180,416,764,230,335,845,6.48599915254237,6.97541105769231,6.21951308900524,6.43760869565218,6.55342985074627,6.45926627218935,53
"56",2011,8,6.44210526315789,19,6.5,6.4,6.77142857142857,7.33333333333333,6.275,8,11,7,3,16,1199,424,775,237,338,861,6.48530358632193,6.96644103773585,6.22207483870968,6.44746835443038,6.56035207100592,6.45584204413473,54
"57",2011,9,6.22,10,6.83333333333333,5.95714285714286,6.75,6.6,6.125,3,7,2,2,8,1209,427,782,239,340,869,6.48310918114144,6.96550585480094,6.21970332480818,6.45,6.56058529411764,6.45279631760644,55
"58",2011,10,6.47619047619048,21,7.66666666666667,6,5.5,6.25,6.61538461538461,6,15,4,8,13,1230,433,797,243,348,882,6.48299105691057,6.97522170900693,6.21556838143036,6.4343621399177,6.55344540229885,6.45519274376417,56
"59",2011,11,6.23913043478261,23,6.38333333333333,6.08181818181818,6.55,6.82,6.07777777777778,12,11,2,5,18,1253,445,808,245,353,900,6.47851476456504,6.9592606741573,6.21374752475247,6.43530612244898,6.5572209631728,6.44764444444444,57
"60",2011,12,6.32666666666667,15,6.8,5.78571428571429,5.83333333333333,5.75,6.71111111111111,8,7,3,6,9,1268,453,815,248,359,909,6.47671845425867,6.95644812362031,6.21007116564417,6.42802419354839,6.54372980501393,6.45025302530253,58
"61",2012,1,6.59375,16,7.0375,6.15,6.55,7.5,6.38461538461539,8,8,4,3,13,1284,461,823,252,362,922,6.47817679127726,6.9578546637744,6.2094872417983,6.42996031746032,6.55165469613259,6.44932754880694,59
"62",2012,2,6.65625,16,6.91666666666667,6.5,6.5,6.33333333333333,6.73076923076923,6,10,2,3,13,1300,467,833,254,365,935,6.48036846153846,6.95732548179871,6.21297478991597,6.43051181102362,6.5498602739726,6.45324064171123,60
"63",2012,3,6.36153846153846,13,6.86666666666667,5.92857142857143,6.375,NA,6.36153846153846,6,7,4,0,13,1313,473,840,258,365,948,6.47919192688499,6.9561754756871,6.21060476190476,6.4296511627907,6.5498602739726,6.45198312236287,61
"64",2012,4,6.60588235294118,17,6.98,6.07142857142857,6.33333333333333,7.16,6.375,10,7,3,5,12,1330,483,847,261,370,960,6.48081127819549,6.95666873706004,6.20945454545454,6.42854406130268,6.5581054054054,6.45102083333333,62
"65",2012,5,6.30909090909091,11,5.925,6.52857142857143,6.4,6.23333333333333,6.4,4,7,2,6,5,1341,487,854,263,376,965,6.47940268456376,6.94819507186858,6.21207025761124,6.42832699619772,6.55292287234042,6.45075647668394,63
"66",2012,6,6.06818181818182,11,6.45833333333333,5.6,6,NA,6.06818181818182,6,5,3,0,11,1352,493,859,266,376,976,6.47605695266272,6.94223326572008,6.2085075669383,6.42349624060151,6.55292287234042,6.44644467213115,64
"67",2012,7,6.85,8,6.83333333333333,6.86,6,7,6.8,3,5,1,2,6,1360,496,864,267,378,982,6.47825661764706,6.94157459677419,6.21227777777778,6.42191011235955,6.55528835978836,6.44860488798371,65
"68",2012,8,6.38636363636364,11,7,5.875,6.83333333333333,7.5,6.275,5,6,3,1,10,1371,501,870,270,379,992,6.47751932895696,6.94215768463074,6.20995172413793,6.42648148148148,6.55778100263852,6.44685483870968,66
"69",2012,9,6.70384615384615,13,6.98333333333333,6.46428571428571,6,7.63333333333333,6.425,6,7,1,3,10,1384,507,877,271,382,1002,6.47964523121387,6.9426449704142,6.21198175598632,6.42490774907749,6.5662277486911,6.44663672654691,67
"70",2012,10,6.54545454545455,11,6.83333333333333,6.4375,6.4,6.83333333333333,6.4375,3,8,5,3,8,1395,510,885,276,385,1010,6.48016415770609,6.94200196078431,6.21402033898305,6.42445652173913,6.56830909090909,6.44656435643564,68
"71",2012,11,6.66904761904762,21,6.86923076923077,6.34375,6.33333333333333,6.53571428571429,6.73571428571429,13,8,6,7,14,1416,523,893,282,392,1024,6.48296539548022,6.9401931166348,6.21518253079507,6.42251773049646,6.56772704081633,6.450517578125,69
"72",2012,12,5.97692307692308,13,6.1,5.9,6.3,6.5,5.93333333333333,5,8,4,1,12,1429,528,901,286,393,1036,6.47836179146256,6.93223674242424,6.21238401775805,6.4208041958042,6.56755470737913,6.44452702702703,70
"73",2013,1,6.58571428571429,21,7.18571428571429,6.28571428571429,6.125,6.25,6.66470588235294,7,14,8,4,17,1450,535,915,294,397,1053,6.47991655172414,6.93555327102804,6.21350601092896,6.41275510204082,6.56435516372796,6.448081671415,71
"74",2013,2,6.03333333333333,15,7.375,5.54545454545455,5.6,5.75,6.22222222222222,4,11,5,6,9,1465,539,926,299,403,1062,6.47534402730375,6.93881447124304,6.20557019438445,6.39916387959866,6.55223076923077,6.44616760828625,72
"75",2013,3,6.57142857142857,14,6.7875,6.28333333333333,8,6.56666666666667,6.57272727272727,8,6,1,3,11,1479,547,932,300,406,1073,6.47625354969574,6.93660146252285,6.20607081545064,6.4045,6.55233743842364,6.44746505125815,73
"76",2013,4,4.71428571428571,7,5,4.6,6,5,4.6,2,5,2,2,5,1486,549,937,302,408,1078,6.4679535666218,6.92954644808743,6.19750053361793,6.40182119205298,6.54472794117647,6.4388961038961,74
"77",2013,5,6.78333333333333,12,6.7,6.9,7.33333333333333,6.45,6.85,7,5,3,2,10,1498,556,942,305,410,1088,6.47047997329773,6.92665647482014,6.20122929936306,6.41098360655738,6.54426585365854,6.44267463235294,75
"78",2013,6,5.86363636363636,11,5.66666666666667,5.9375,6.5,5,6.1875,3,8,3,3,8,1509,559,950,308,413,1096,6.4660563286945,6.91989445438283,6.19900842105263,6.41185064935065,6.53304842615012,6.44081204379562,76
"79",2013,7,6.40769230769231,13,7,6.0375,5.575,7.33333333333333,6.13,5,8,4,3,10,1522,564,958,312,416,1106,6.46555781865965,6.92060460992908,6.19765970772443,6.4011217948718,6.53881971153846,6.43800180831826,77
"80",2013,8,6.28571428571429,14,6.45454545454545,5.66666666666667,5.5,5,6.5,11,3,2,2,12,1536,575,961,314,418,1118,6.46391861979166,6.91168869565217,6.19600208116545,6.3953821656051,6.53145693779904,6.43866726296959,78
"81",2013,9,5.55555555555556,9,6.33333333333333,5.16666666666667,6,NA,5.55555555555556,3,6,3,0,9,1545,578,967,317,418,1127,6.45862718446602,6.90868685121107,6.18961530506722,6.3916403785489,6.53145693779904,6.4316149068323,79
"82",2013,10,6.27647058823529,17,6.21428571428571,6.32,6.9,6.1,6.35,7,10,3,5,12,1562,585,977,320,423,1139,6.45664468629961,6.90037777777778,6.19094984646878,6.39640625,6.52635697399527,6.43075504828797,80
"83",2013,11,6.025,16,6.625,5.425,6,6.48,5.81818181818182,8,8,4,5,11,1578,593,985,324,428,1150,6.4522680608365,6.89666273187184,6.18472893401015,6.39151234567901,6.52581542056075,6.42489565217391,81
"84",2013,12,5.9625,20,6.85714285714286,5.48076923076923,5.28125,5,6.01315789473684,7,13,8,1,19,1598,600,998,332,429,1169,6.44613829787234,6.89620166666667,6.17555911823647,6.36475903614458,6.52225874125874,6.41820359281437,82
"85",2014,1,6.36470588235294,17,6.52222222222222,6.1875,6.5,6.75,6.31333333333333,9,8,8,2,15,1615,609,1006,340,431,1184,6.44528111455108,6.89067487684729,6.17565407554672,6.36794117647059,6.52331554524362,6.416875,83
"86",2014,2,6.55555555555556,18,6.6,6.5,6.375,6.875,6.46428571428571,10,8,4,4,14,1633,619,1014,344,435,1198,6.4464966319657,6.88597899838449,6.17821301775148,6.36802325581395,6.52654942528735,6.41742904841402,84
"87",2014,3,6.46428571428571,14,8.5,6.125,6.6,6.5,6.45,2,12,5,4,10,1647,621,1026,349,439,1208,6.44664784456587,6.8911771336554,6.17759064327485,6.37134670487106,6.52630751708428,6.41769867549669,85
"88",2014,4,6.58333333333333,6,7,6.5,7.25,7,6.375,1,5,2,2,4,1653,622,1031,351,441,1212,6.44714398064126,6.89135209003215,6.17915421920465,6.37635327635328,6.52845578231292,6.41755775577558,86
"89",2014,5,6.35833333333333,12,6.88333333333333,5.83333333333333,5,5.5,6.7875,6,6,4,4,8,1665,628,1037,355,445,1220,6.4465039039039,6.89127547770701,6.17715332690453,6.36084507042254,6.51921123595505,6.41998360655738,87
"90",2014,6,6.28,10,7.2,5.66666666666667,6.3,5.33333333333333,6.68571428571429,4,6,5,3,7,1675,632,1043,360,448,1227,6.44550985074626,6.89322943037975,6.17421668264621,6.36,6.51127008928571,6.42149959250204,88
"91",2014,7,6.31818181818182,11,7.16666666666667,6,6.33333333333333,6,6.4375,3,8,3,3,8,1686,635,1051,363,451,1235,6.44467912218268,6.89452125984252,6.17289058039962,6.35977961432507,6.50786917960089,6.4216032388664,89
"92",2014,8,6.48529411764706,17,7.03125,6,5.33333333333333,7.25,6.25,8,9,3,4,13,1703,643,1060,366,455,1248,6.44508455666471,6.89622239502333,6.17142264150943,6.35136612021858,6.51439340659341,6.41981570512821,90
"93",2014,9,5.57692307692308,13,5.82,5.425,5.48571428571429,6.4,5.50833333333333,5,8,7,1,12,1716,648,1068,373,456,1260,6.43850757575757,6.88791820987654,6.16583146067416,6.33512064343164,6.51414254385965,6.41113492063492,91
"94",2014,10,5.67666666666667,15,6.58,5.225,5.75,5.28,5.875,5,10,5,5,10,1731,653,1078,378,461,1270,6.43190583477758,6.88556049004594,6.15710389610389,6.32738095238095,6.50075704989154,6.40691338582677,92
"95",2014,11,5.671875,16,6.55,5.27272727272727,5.75,NA,5.671875,5,11,4,0,16,1747,658,1089,382,461,1286,6.42494504865483,6.88301063829787,6.14817079889807,6.32133507853403,6.50075704989154,6.39776827371695,93
"96",2014,12,6.61333333333333,15,6.83636363636364,6,5.5,5,6.72857142857143,11,4,2,1,14,1762,669,1093,384,462,1300,6.42654880817253,6.88224364723468,6.1476285452882,6.31705729166667,6.49750865800866,6.40133076923077,94
"97",2015,1,6.15714285714286,14,6.2,6.13333333333333,6.41666666666667,6,6.18333333333333,5,9,6,2,12,1776,674,1102,390,464,1312,6.42442511261261,6.8771824925816,6.14751179673321,6.31858974358974,6.49536422413793,6.39933689024391,95
"98",2015,2,6.33611111111111,18,6.39444444444444,6.27777777777778,6.4,7.2,6.00384615384615,9,9,5,5,13,1794,683,1111,395,469,1325,6.42353901895206,6.87082137628111,6.14856705670567,6.31962025316456,6.5028763326226,6.39545660377359,96
"99",2015,3,6.34545454545455,11,5.76666666666667,6.5625,6.25,6,6.38,3,8,2,1,10,1805,686,1119,397,470,1335,6.42306315789473,6.86599271137026,6.15152636282395,6.31926952141058,6.50180638297872,6.39534082397004,97
"100",2015,4,5.86363636363636,11,5.76,5.95,6.23333333333333,NA,5.86363636363636,5,6,3,0,11,1816,691,1125,400,470,1346,6.41967455947136,6.85798986975398,6.15045155555555,6.318625,6.50180638297872,6.3909955423477,98
"101",2015,5,6.4625,8,6.33333333333333,6.54,6.73333333333333,6,6.52857142857143,3,5,3,1,7,1824,694,1130,403,471,1353,6.41986239035087,6.85572190201729,6.15217522123894,6.32171215880893,6.50074097664543,6.39170731707317,99
"102",2015,6,6.02727272727273,11,6.725,4.16666666666667,4.75,6,6.05,8,3,2,5,6,1835,702,1133,405,476,1359,6.41750899182561,6.8542321937322,6.14691791703442,6.31395061728395,6.49548109243697,6.39019867549669,100
"103",2015,7,5.75454545454545,11,6,5.6625,6.15,5.33333333333333,5.9125,3,8,4,3,8,1846,705,1141,409,479,1367,6.4135585048754,6.85059716312057,6.14352147239264,6.31234718826406,6.48820250521921,6.38740307242136,101
"104",2015,8,6.29230769230769,13,6.51,6.15625,6.125,6.25,6.29583333333333,5,8,6,1,12,1859,710,1149,415,480,1379,6.41271059709521,6.8481985915493,6.14361009573542,6.30963855421687,6.48770625,6.38660623640319,102
"105",2015,9,5.9,10,5.5,6.07142857142857,6.33333333333333,5,6.5,3,7,3,4,6,1869,713,1156,418,484,1385,6.40996736222579,6.84252594670407,6.14317301038062,6.30980861244019,6.47541115702479,6.38709747292419,103
"106",2015,10,5.99,10,6.33333333333333,5.84285714285714,6.96666666666667,8.9,5.66666666666667,3,7,3,1,9,1879,716,1163,421,485,1394,6.40773230441724,6.84039245810056,6.14136543422184,6.3144893111639,6.48041030927835,6.38244619799139,104
"107",2015,11,6.08,10,6.6,5.56,6,8,5.86666666666667,5,5,1,1,9,1889,721,1168,422,486,1403,6.40599735309687,6.8387253814147,6.13887671232877,6.31374407582938,6.48353703703704,6.37913756236636,105
"108",2015,12,6.27272727272727,11,6.33333333333333,6.2,5.75,7,6,6,5,4,3,8,1900,727,1173,426,489,1411,6.40522578947368,6.83455433287483,6.13913725490196,6.30845070422535,6.48670552147239,6.37698795180723,106
"109",2016,1,7.19166666666667,12,6.875,7.35,7.76666666666667,6.9,7.25,4,8,3,2,10,1912,731,1181,429,491,1421,6.41016161087866,6.8347756497948,6.14733954276037,6.31864801864802,6.48838900203666,6.38313159746657,107
"110",2016,2,6.21428571428571,14,6.8,5.88888888888889,5.5,5.66666666666667,6.36363636363636,5,9,5,3,11,1926,736,1190,434,494,1432,6.4087377985462,6.83453940217391,6.14538487394958,6.30921658986175,6.4833987854251,6.38298184357542,108
"111",2016,3,6.33333333333333,6,6.5,6.25,6.33333333333333,6.25,6.375,2,4,3,2,4,1932,738,1194,437,496,1436,6.4085036231884,6.83363279132791,6.14573534338358,6.30938215102975,6.48245766129032,6.38295961002786,109
"112",2016,4,6.21428571428571,7,6.75,5.5,5.5,7,6.08333333333333,4,3,3,1,6,1939,742,1197,440,497,1442,6.40780247550283,6.83318194070081,6.14411695906433,6.30386363636364,6.48349899396378,6.38171289875173,110
"113",2016,5,5.72222222222222,9,6.66666666666667,5.25,4.83333333333333,6.25,5.57142857142857,3,6,3,2,7,1948,745,1203,443,499,1449,6.40463501026694,6.83251140939598,6.13965752285952,6.29390519187359,6.48256312625251,6.37779848171153,111
"114",2016,6,6.25,12,6.46428571428571,5.95,6.25,5,6.36363636363636,7,5,1,1,11,1960,752,1208,444,500,1460,6.40368826530612,6.82908377659575,6.13887251655629,6.29380630630631,6.479598,6.37769178082192,112
"115",2016,7,7.08333333333333,6,7.25,6.75,7.5,6,7.3,4,2,1,1,5,1966,756,1210,445,501,1465,6.40576246185147,6.83131084656085,6.1398826446281,6.29651685393258,6.47864071856287,6.38083959044369,113
"116",2016,8,6.3,10,6.4,6.2,6,6.66666666666667,6.14285714285714,5,5,3,3,7,1976,761,1215,448,504,1472,6.40522722672064,6.82847700394218,6.14013004115226,6.29453125,6.47975992063492,6.37970788043478,114
"117",2016,9,6.2,5,6.5,6,6,NA,6.2,2,3,3,0,5,1981,763,1218,451,504,1477,6.4047092377587,6.82761598951507,6.13978489326765,6.29257206208426,6.47975992063492,6.37909952606635,115
"118",2016,10,6.1875,8,6.3,6,6,6,6.21428571428571,5,3,2,1,7,1989,768,1221,453,505,1484,6.40383559577677,6.82418098958334,6.13944144144144,6.29128035320088,6.4788099009901,6.37832210242588,116
"119",2016,11,5.84615384615385,13,5.83333333333333,5.85714285714286,6.33333333333333,6,5.83333333333333,6,7,3,1,12,2002,774,1228,456,506,1496,6.40021428571428,6.8165,6.137832247557,6.29155701754386,6.47786363636364,6.37395053475936,117
"120",2016,12,5.9,10,6.5,3.5,5,6.75,5.6875,8,2,1,2,8,2012,782,1230,457,508,1504,6.39772813121272,6.8132621483376,6.1335430894309,6.28873085339169,6.47893503937008,6.37029920212766,118
"121",2017,1,5.95333333333333,15,5.9125,6,6,7,5.79230769230769,8,7,7,2,13,2027,790,1237,464,510,1517,6.39443956586087,6.80414050632912,6.13278738884398,6.284375,6.48097843137255,6.3653460777851,119
"122",2017,2,6.5,4,6.66666666666667,6,6,NA,6.5,3,1,1,0,4,2031,793,1238,465,510,1521,6.39464746430329,6.80362042875158,6.13268012924071,6.28376344086022,6.48097843137255,6.36570019723866,120
"123",2017,3,6.16666666666667,6,6,6.2,6.2,7.5,5.5,1,5,5,2,4,2037,794,1243,470,512,1525,6.39397594501718,6.80260831234257,6.13295092518101,6.28287234042553,6.484958984375,6.36342950819672,121
"124",2017,4,6.1875,8,6.25,6.125,6,7,6.07142857142857,4,4,3,1,7,2045,798,1247,473,513,1532,6.39316821515892,6.79983834586466,6.13292542101043,6.28107822410148,6.48596296296296,6.3620953002611,122
"125",2017,5,6.3125,8,6.5,6.25,6.1,NA,6.3125,2,6,5,0,8,2053,800,1253,478,513,1540,6.39285387238187,6.79908875,6.13348603351955,6.27918410041841,6.48596296296296,6.36183766233766,123
"126",2017,6,6.55,10,7.5,5.91666666666667,6.375,6,6.61111111111111,4,6,4,1,9,2063,804,1259,482,514,1549,6.39361560833737,6.80257587064677,6.13245274027006,6.27997925311203,6.48501750972763,6.36328599096191,124
"127",2017,7,6.22727272727273,11,5.75,6.33333333333333,7.33333333333333,7,6.15,2,9,3,1,10,2074,806,1268,485,515,1559,6.39273336547733,6.79996401985112,6.1338785488959,6.28649484536083,6.48601747572816,6.36191789608724,125
"128",2017,8,6.33333333333333,3,6.5,6,NA,7,6,2,1,0,1,2,2077,808,1269,485,516,1561,6.39264756860856,6.79922153465347,6.13377304964539,6.28649484536083,6.48701356589147,6.36145419602819,126
"129",2017,9,6.5,7,6.75,6.4,7,7,6.125,2,5,2,3,4,2084,810,1274,487,519,1565,6.39300815738963,6.7991,6.13481789638933,6.2894250513347,6.48997880539499,6.36084984025559,127
"130",2017,10,6.5,11,6.4,6.58333333333333,6.5,6.66666666666667,6.4375,5,6,3,3,8,2095,815,1280,490,522,1573,6.39356992840095,6.79665153374233,6.1369203125,6.29071428571429,6.49099425287356,6.36123966942149,128
"131",2017,11,6.13636363636364,11,7,5.64285714285714,5.58333333333333,6.5,6.1,4,7,6,1,10,2106,819,1287,496,523,1583,6.39222649572649,6.79764468864469,6.1342331002331,6.28215725806452,6.49101147227533,6.35958938723942,129
"132",2017,12,6.22222222222222,9,5.75,6.6,6,6.5,6.14285714285714,4,5,3,2,7,2115,823,1292,499,525,1590,6.39150307328605,6.79255285540705,6.13603560371517,6.28046092184369,6.49104571428571,6.35863522012579,130
"133",2018,1,6.36666666666667,15,6.88888888888889,5.58333333333333,6.25,7.25,6.04545454545455,9,6,2,4,11,2130,832,1298,501,529,1601,6.39132816901408,6.79359495192308,6.13348073959939,6.28033932135729,6.49678449905482,6.3564834478451,131
"134",2018,2,6.33333333333333,3,7,6,NA,NA,6.33333333333333,1,2,0,0,3,2133,833,1300,501,529,1604,6.39124660103141,6.79384273709484,6.13327538461539,6.28033932135729,6.49678449905482,6.35644014962593,132
"135",2018,3,7.17777777777778,9,7.2,7,7,7,7.22857142857143,8,1,1,2,7,2142,841,1301,502,531,1611,6.39455135387488,6.79770630202141,6.13394158339739,6.28177290836653,6.49867984934087,6.36022967101179,133
"136",2018,4,5.94,15,5.75,6.00909090909091,5.9,4.625,6.41818181818182,4,11,5,4,11,2157,845,1312,507,535,1622,6.39139035697728,6.79274674556213,6.13289481707317,6.27800788954635,6.48467102803738,6.36062268803946,134
"137",2018,5,6.57142857142857,7,6.83333333333333,5,NA,7,6.5,6,1,0,1,6,2164,851,1313,507,536,1628,6.39197273567467,6.79303290246769,6.13203198781417,6.27800788954635,6.48563246268657,6.36113636363636,135
"138",2018,6,5.4,5,6.33333333333333,4,4,NA,5.4,3,2,2,0,5,2169,854,1315,509,536,1633,6.38968603042876,6.79141803278689,6.12878935361217,6.26905697445973,6.48563246268657,6.35819350887936,136
"139",2018,7,6.66666666666667,9,7.33333333333333,5.33333333333333,4.5,NA,6.66666666666667,6,3,2,0,9,2178,860,1318,511,536,1642,6.39083057851239,6.7951988372093,6.12697875569044,6.26213307240705,6.48563246268657,6.35988428745432,137
"140",2018,8,6.41666666666667,6,6.75,6.25,6,6,6.5,2,4,2,1,5,2184,862,1322,513,537,1647,6.39090155677655,6.7950939675174,6.12735098335855,6.26111111111111,6.48472811918063,6.36030965391621,138
"141",2018,9,6.68571428571429,7,7.33333333333333,6.2,6.26666666666667,8,6.46666666666667,3,4,3,1,6,2191,865,1326,516,538,1653,6.39184345047923,6.79696069364162,6.12757013574661,6.26114341085271,6.48754460966543,6.36069570477919,139
"142",2018,10,5.225,4,6,4.96666666666667,6.9,6.63333333333333,1,1,3,1,3,1,2195,866,1329,517,541,1654,6.38971708428245,6.79604041570439,6.124949586155,6.26237911025145,6.48835304990758,6.35745465538089,140
"143",2018,11,5.8,10,7.25,4.83333333333333,1,6.33333333333333,5.57142857142857,4,6,1,3,7,2205,870,1335,518,544,1661,6.38704263038548,6.7981275862069,6.11914456928839,6.25222007722008,6.48749816176471,6.35414208308248,141
"144",2018,12,6.77777777777778,9,7.6,5.75,5.75,6.66666666666667,6.83333333333333,5,4,4,3,6,2214,875,1339,522,547,1667,6.38863098464317,6.80270971428572,6.11804182225542,6.24837164750958,6.48848080438757,6.35586682663467,142
"145",2019,1,6.07142857142857,7,6.5,5,6,NA,6.07142857142857,5,2,1,0,7,2221,880,1341,523,547,1674,6.38763124718595,6.80098977272727,6.11637434750187,6.24789674952199,6.48848080438757,6.35467741935484,143
"146",2019,2,5.9375,8,6.66666666666667,5.5,5.75,5.375,6.5,3,5,2,4,4,2229,883,1346,525,551,1678,6.38601570210856,6.80053340883352,6.11408469539376,6.246,6.48039745916515,6.35502383790226,144
"147",2019,3,5.9296875,8,6.359375,5.5,4,5,6.23958333333333,4,4,1,2,6,2237,887,1350,526,553,1684,6.38438377291014,6.79854396843292,6.11226518518519,6.24173003802281,6.47504339963834,6.35461252969121,145
"148",2019,4,5.55,5,5.5,5.58333333333333,5.75,5.75,5.5,2,3,1,1,4,2242,889,1353,527,554,1688,6.38252297056199,6.79562260967379,6.11109238728751,6.24079696394687,6.47373465703971,6.35258738151659,146
"149",2019,5,6.92727272727273,11,7.28333333333333,6.5,6,NA,6.92727272727273,6,5,1,0,11,2253,895,1358,528,554,1699,6.38518264536173,6.79889217877095,6.11252430044183,6.24034090909091,6.47373465703971,6.35630812242496,147
"150",2019,6,6.1875,8,6.4,5.83333333333333,6,8,5.92857142857143,5,3,1,1,7,2261,900,1361,529,555,1706,6.3844831932773,6.79667611111111,6.11190889052168,6.23988657844991,6.47648468468469,6.35455304806565,148
"151",2019,7,6.5,4,7,5,NA,NA,6.5,3,1,0,0,4,2265,903,1362,529,555,1710,6.38468719646799,6.79735160575858,6.11109251101322,6.23988657844991,6.47648468468469,6.3548932748538,149
"152",2019,8,6.27,10,6.24285714285714,6.33333333333333,6.33333333333333,6.4,6.21428571428571,7,3,3,3,7,2275,910,1365,532,558,1717,6.38418307692307,6.79308626373627,6.11158095238095,6.24041353383459,6.47607347670251,6.35432003494467,150
"153",2019,9,6.125,4,7,5.83333333333333,5.75,NA,6.125,1,3,2,0,4,2279,911,1368,534,558,1721,6.38372817025011,6.79331339187706,6.11097076023392,6.23857677902622,6.47607347670251,6.3537870424172,151
"154",2019,10,6.5,8,7.2,5.33333333333333,5.5,8,6.28571428571429,5,3,2,1,7,2287,916,1371,536,559,1728,6.38413489287275,6.79553329694323,6.10926914660832,6.23582089552239,6.47879964221825,6.35351128472222,152
"155",2019,11,6.5,4,6.5,NA,NA,6,7,4,0,0,2,2,2291,920,1371,536,561,1730,6.38433718900043,6.79424836956522,6.10926914660832,6.23582089552239,6.4770926916221,6.35425867052023,153
"156",2019,12,6,3,6.5,5,5,NA,6,2,1,1,0,3,2294,922,1372,537,561,1733,6.3838345684394,6.7936100867679,6.10846064139942,6.23351955307263,6.4770926916221,6.35364541257934,154
"157",2020,1,6.38235294117647,17,6.75,6.05555555555556,5.7,7.1,6.08333333333333,8,9,5,5,12,2311,930,1381,542,566,1745,6.38382366940718,6.79323494623656,6.10811585807386,6.22859778597786,6.48259540636042,6.35178653295129,155
"158",2020,2,6.2,5,6.5,6,6,6,6.25,2,3,3,1,4,2316,932,1384,545,567,1749,6.3834268134715,6.79260568669528,6.10788150289017,6.22733944954129,6.4817442680776,6.35155374499714,156
"159",2020,3,6.7,5,7.25,6.33333333333333,7,7,6.625,2,3,2,1,4,2321,934,1387,547,568,1753,6.38410878931495,6.79358511777302,6.10836914203317,6.23016453382084,6.48265669014084,6.35217769537935,157
"160",2020,4,6.16666666666667,6,6.75,5,NA,7,6,4,2,0,1,5,2327,938,1389,547,569,1758,6.38354813064031,6.79339925373135,6.10677321814255,6.23016453382084,6.48356590509666,6.3511760523322,158
"161",2020,5,6.8,5,7.33333333333333,6,6,NA,6.8,3,2,2,0,5,2332,941,1391,549,569,1763,6.38444103773585,6.79512061636557,6.10661969805895,6.22932604735884,6.48356590509666,6.3524489506523,159
"162",2020,6,6.28,5,7.2,5.66666666666667,5,7.2,5.66666666666667,2,3,1,2,3,2337,943,1394,550,571,1766,6.38421758664955,6.79597932131495,6.10567288378766,6.22709090909091,6.48607530647986,6.35128397508494,160
"163",2020,7,7.25,2,7.5,7,NA,7.5,7,1,1,0,1,1,2339,944,1395,550,572,1767,6.38495788798631,6.7967251059322,6.10631397849462,6.22709090909091,6.4878479020979,6.35165110356537,161
"164",2020,8,5.92,5,6.5,5.53333333333333,5.5,5.6,6,2,3,2,1,4,2344,946,1398,552,573,1771,6.38396608361774,6.79609778012685,6.10508440629471,6.22445652173913,6.48629842931937,6.35085686053077,162
"165",2020,9,5.8,10,5.8,5.8,6,5,5.88888888888889,5,5,3,1,9,2354,951,1403,555,574,1780,6.38148534409515,6.79086067297582,6.1039971489665,6.22324324324324,6.48370905923345,6.34852106741573,163
"166",2020,10,5.2,6,5,5.3,4.5,NA,5.2,2,4,2,0,6,2360,953,1407,557,574,1786,6.37848156779661,6.78710230849948,6.10171144278607,6.21705565529623,6.48370905923345,6.34466265397536,164
"167",2020,11,6.5,9,6.125,6.8,6,6.33333333333333,6.58333333333333,4,5,2,3,6,2369,957,1412,559,577,1792,6.37894322498944,6.78433490073145,6.10418413597734,6.21627906976744,6.48292720970537,6.34546177455357,165
"168",2020,12,5.15,10,5.5,4.8,6,6,5.05555555555556,5,5,2,1,9,2379,962,1417,561,578,1801,6.37377742749054,6.77765956340956,6.09958221594919,6.21550802139037,6.48209169550173,6.33901582454192,166
"169",2021,1,6.3175,8,6.6,5.84666666666667,6.62,NA,6.3175,5,3,2,0,8,2387,967,1420,563,578,1809,6.37358881441139,6.77674095139607,6.09904788732395,6.21694493783304,6.48209169550173,6.33892067440575,167
"170",2021,2,6.5,8,6,7,6.5,7,6.33333333333333,4,4,2,2,6,2395,971,1424,565,580,1815,6.37401106471816,6.7735411946447,6.1015786516854,6.21794690265487,6.4838775862069,6.33890220385675,168
"171",2021,3,6,5,6.66666666666667,5,5,NA,6,3,2,1,0,5,2400,974,1426,566,580,1820,6.373231875,6.77321201232033,6.10003366058906,6.21579505300353,6.4838775862069,6.33797115384615,169
"172",2021,4,6.875,4,6.5,8,NA,NA,6.875,3,1,0,0,4,2404,977,1427,566,580,1824,6.37406676372712,6.77237308085978,6.10136510161178,6.21579505300353,6.4838775862069,6.33914884868421,170
"173",2021,5,7.66666666666667,3,8,7.5,7,NA,7.66666666666667,1,2,1,0,3,2407,978,1429,567,580,1827,6.3756778147071,6.77362832310839,6.10332260321904,6.21717813051146,6.4838775862069,6.34132868089765,171
"174",2021,6,5.66666666666667,3,NA,5.66666666666667,6.5,5.5,6,0,3,2,2,1,2410,978,1432,569,582,1828,6.37479522821576,6.77362832310839,6.10240782122905,6.21817223198594,6.48049656357388,6.34114195842451,172
"175",2021,7,7.08333333333333,6,8.75,6.25,5,NA,7.08333333333333,2,4,2,0,6,2416,980,1436,571,582,1834,6.37655484271523,6.77766173469388,6.10281894150418,6.2139054290718,6.48049656357388,6.34357006543075,173
"176",2021,8,6.81428571428571,14,7.4,6.375,6.33333333333333,6.66666666666667,6.85454545454545,6,8,3,3,11,2430,986,1444,574,585,1845,6.37907674897119,6.78144878296146,6.1043268698061,6.21452961672474,6.48145128205128,6.34661653116531,174
"177",2021,9,6.14285714285714,7,7.33333333333333,5.25,6,2,6.83333333333333,3,4,1,1,6,2437,989,1448,575,586,1851,6.37839823553549,6.78312285136502,6.10196685082873,6.21415652173913,6.47380375426621,6.3481942193409,175
"178",2021,10,7.1875,8,7.3,7,NA,5.83333333333333,8,5,3,0,3,5,2445,994,1451,575,589,1856,6.38104560327198,6.78572283702213,6.10382356995176,6.21415652173913,6.4705415959253,6.35264412715517,176
"179",2021,11,5.96153846153846,13,6.42857142857143,5.41666666666667,6,6,5.95833333333333,7,6,1,1,12,2458,1001,1457,576,590,1868,6.37882689178193,6.78322527472528,6.10099382292382,6.21378472222222,6.46974406779661,6.35011108137045,177
"180",2021,12,6.46428571428571,14,6.55,6.25,7,7,6.31818181818182,10,4,2,3,11,2472,1011,1461,578,593,1879,6.37931088187702,6.78091839762611,6.10140177960301,6.21650519031142,6.47242664418212,6.34992416178819,178
"181",2022,1,6.27777777777778,9,6.35714285714286,6,NA,5.75,6.42857142857143,7,2,0,2,7,2481,1018,1463,578,595,1886,6.37894256348246,6.77800442043222,6.10126315789474,6.21650519031142,6.46999831932773,6.35021606574761,179
"182",2022,2,6.90909090909091,11,7.28571428571429,6.25,6,6.66666666666667,7,7,4,1,3,8,2492,1025,1467,579,598,1894,6.38128270465489,6.78147170731707,6.10166871165644,6.21613126079447,6.47098494983277,6.35296066525871,180
"183",2022,3,6.01333333333333,6,6.5,5.52666666666667,5.25,6.08,6,3,3,2,1,5,2498,1028,1470,581,599,1899,6.3803989191353,6.78065029182879,6.10049523809524,6.21280550774527,6.47033222036728,6.35203133228015,181
"184",2022,4,6.7,8,7.32,5.66666666666667,6,5,6.94285714285714,5,3,1,1,7,2506,1033,1473,582,600,1906,6.38141919393455,6.78326089060988,6.09961167684997,6.21243986254296,6.46788166666667,6.35420120671564,182
"185",2022,5,6,7,5.33333333333333,6.5,6,NA,6,3,4,1,0,7,2513,1036,1477,583,600,1913,6.38035674492638,6.77906225868726,6.10069600541639,6.21207547169811,6.46788166666667,6.3529051228437,183
"186",2022,6,7.33333333333333,3,7.5,7,NA,NA,7.33333333333333,2,1,0,0,3,2516,1038,1478,583,600,1916,6.3814930445151,6.78045134874759,6.10130446549391,6.21207547169811,6.46788166666667,6.35444024008351,184
"187",2022,7,7.1,10,7.16666666666667,7,7,8,6.71428571428571,6,4,1,3,7,2526,1044,1482,584,603,1923,6.38433749010293,6.7826709770115,6.10373009446694,6.21342465753425,6.47550414593698,6.3557501300052,185
"188",2022,8,7.64545454545455,11,7.72857142857143,7.5,10,8,7.61,7,4,1,1,10,2537,1051,1486,585,604,1933,6.3898054789121,6.78897098001903,6.10748855989233,6.21989743589744,6.47802814569536,6.36223874806001,186
"189",2022,9,7.16666666666667,6,7.2,7,NA,7.5,7.1,5,1,0,1,5,2543,1056,1487,585,605,1938,6.39163841918993,6.79091714015152,6.10808876933423,6.21989743589744,6.4797173553719,6.36414215686275,187
"190",2022,10,6.71428571428571,7,7,6.33333333333333,5,7,6.6,4,3,1,2,5,2550,1060,1490,586,607,1943,6.39252411764706,6.79170613207547,6.1085422818792,6.2178156996587,6.48143163097199,6.36474909933093,188
"191",2022,11,5.65,8,6.56666666666667,5.1,4.83333333333333,7.16666666666667,4.74,3,5,3,3,5,2558,1063,1495,589,610,1948,6.39020191555903,6.79107102539981,6.10516923076923,6.21076400679117,6.48480163934426,6.36057879876797,189
"192",2022,12,6.174,10,7.25,5.45666666666667,6.125,7,6.08222222222222,4,6,4,1,9,2568,1067,1501,593,611,1957,6.38936000778816,6.79279147141518,6.10257694870087,6.21018549747049,6.48564484451718,6.35929867143587,190
