"","year","month","avg_rating","no_ratings","avg_rating_owned","avg_rating_not_owned","avg_rating_prev_owned","avg_rating_comment","avg_rating_no_comment","no_ratings_owned","no_ratings_not_owned","no_ratings_prev_owned","no_ratings_comment","no_ratings_no_comment","cum_no_ratings","cum_no_ratings_owned","cum_no_ratings_not_owned","cum_no_ratings_prev_owned","cum_no_ratings_comment","cum_no_ratings_no_comment","cum_avg_rating","cum_avg_rating_owned","cum_avg_rating_not_owned","cum_avg_rating_prev_owned","cum_avg_rating_comment","cum_avg_rating_no_comment","month_after_release"
"1",2007,2,8,2,NA,8,NA,7,9,0,2,0,1,1,2,0,2,0,1,1,8,NA,8,NA,7,9,-2
"2",2007,4,6.28125,16,6.625,6.16666666666667,6.25,6.125,6.375,4,12,1,6,10,18,4,14,1,7,11,6.47222222222222,6.625,6.42857142857143,6.25,6.25,6.61363636363636,0
"3",2007,5,7.17894736842105,19,7.6875,6.80909090909091,7,7.08333333333333,7.22307692307692,8,11,1,6,13,37,12,25,2,13,24,6.83513513513514,7.33333333333333,6.596,6.625,6.63461538461539,6.94375,1
"4",2007,6,7.16639344262295,61,7.515625,6.78103448275862,8,6.86363636363636,7.33717948717949,32,29,2,22,39,98,44,54,4,35,63,7.04132653061225,7.46590909090909,6.69537037037037,7.3125,6.77857142857143,7.18730158730159,2
"5",2007,7,7.24459459459459,111,7.56810344827586,6.89056603773585,7.07142857142857,7.02959183673469,7.41451612903226,58,53,7,49,62,209,102,107,11,84,125,7.14928229665072,7.52401960784314,6.79205607476636,7.15909090909091,6.925,7.3,3
"6",2007,8,7.16413043478261,92,7.40185185185185,6.82631578947368,6,7.125,7.18928571428571,54,38,1,36,56,301,156,145,12,120,181,7.15382059800664,7.48173076923077,6.80103448275862,7.0625,6.985,7.26574585635359,4
"7",2007,9,6.91447368421053,76,7.25,6.54166666666667,7,6.73913043478261,6.99056603773585,40,36,5,23,53,377,196,181,17,143,234,7.10557029177719,7.4344387755102,6.74944751381216,7.04411764705882,6.94545454545455,7.2034188034188,5
"8",2007,10,7.11833333333333,90,7.318,6.86875,7.7,7.17391304347826,7.09925373134328,50,40,5,23,67,467,246,221,22,166,301,7.10802997858672,7.41077235772358,6.7710407239819,7.19318181818182,6.97710843373494,7.18023255813953,6
"9",2007,11,7.14102941176471,136,7.48,6.57607843137255,6.67,6.846875,7.30147727272727,85,51,4,48,88,603,331,272,26,214,389,7.11547263681592,7.4285498489426,6.73448529411765,7.11269230769231,6.94789719626168,7.20766066838046,7
"10",2007,12,7.10642458100559,179,7.45223214285714,6.52835820895522,6.59090909090909,6.98478260869565,7.18272727272727,112,67,11,69,110,782,443,339,37,283,499,7.11340153452685,7.43453724604966,6.69374631268437,6.95756756756757,6.95689045936396,7.20216432865731,8
"11",2008,1,7.21448275862069,145,7.53962264150943,6.33076923076923,6.3,7.03958333333333,7.30103092783505,106,39,5,48,97,927,549,378,42,331,596,7.12921251348436,7.45482695810565,6.6562962962963,6.87928571428571,6.96888217522659,7.21825503355705,9
"12",2008,2,7.03066037735849,106,7.44076923076923,6.38048780487805,7.01,7.01944444444444,7.03642857142857,65,41,10,36,70,1033,614,419,52,367,666,7.11909970958374,7.45333876221498,6.62930787589499,6.90442307692308,6.97384196185286,7.19914414414414,10
"13",2008,3,7.24245283018868,106,7.5109375,6.83333333333333,6.92222222222222,7.07317073170732,7.34923076923077,64,42,9,41,65,1139,678,461,61,408,731,7.13057945566286,7.45877581120944,6.64789587852495,6.90704918032787,6.98382352941177,7.21248974008208,11
"14",2008,4,7.1811320754717,106,7.41515151515152,6.795,7.41,7.11515151515152,7.21095890410959,66,40,10,33,73,1245,744,501,71,441,804,7.13488353413655,7.45490591397849,6.65964071856288,6.97788732394366,6.99365079365079,7.21235074626866,12
"15",2008,5,7.02169811320755,106,7.33333333333333,6.36176470588235,7.35714285714286,6.94883720930233,7.07142857142857,72,34,7,43,63,1351,816,535,78,484,867,7.1260029607698,7.44417892156863,6.64071028037383,7.01192307692308,6.9896694214876,7.2021107266436,13
"16",2008,6,6.97319318181818,88,7.1662,6.65151515151515,7.25,6.92948648648649,7.00490196078431,55,33,4,37,51,1439,871,568,82,521,918,7.11665809589993,7.42662571756602,6.64133802816901,7.02353658536585,6.98539539347409,7.19115468409586,14
"17",2008,7,7.18105263157895,95,7.34444444444444,6.859375,7.22727272727273,7.16470588235294,7.19016393442623,63,32,11,34,61,1534,934,600,93,555,979,7.12064602346806,7.42108244111349,6.65296666666667,7.04763440860215,6.99638018018018,7.19109295199183,15
"18",2008,8,6.82623762376238,101,7.06810344827586,6.5,6.59333333333333,6.78928571428571,6.84041095890411,58,43,15,28,73,1635,992,643,108,583,1052,7.10245932721713,7.40044455645161,6.64273716951789,6.98453703703704,6.98643396226415,7.16675855513308,16
"19",2008,9,7.04878048780488,82,7.35090909090909,6.43333333333333,6.87777777777778,7.12333333333333,7.00576923076923,55,27,9,30,52,1717,1047,670,117,613,1104,7.09989574839837,7.39784240687679,6.63429850746269,6.97632478632479,6.99313376835237,7.15917572463768,17
"20",2008,10,6.98529411764706,85,7.15416666666667,6.58,7.4,6.975,6.98805970149254,60,25,7,18,67,1802,1107,695,124,631,1171,7.09449001109878,7.38463504968383,6.63234532374101,7.00024193548387,6.99261648177496,7.14938514090521,18
"21",2008,11,7.03579545454545,88,7.44622641509434,6.41428571428571,6.5625,6.92857142857143,7.06940298507463,53,35,8,21,67,1890,1160,730,132,652,1238,7.09175714285714,7.38744913793103,6.6218904109589,6.97371212121212,6.9905536809816,7.14505654281099,19
"22",2008,12,6.86046511627907,86,7.03921568627451,6.6,6.85714285714286,7.05483870967742,6.75090909090909,51,35,7,31,55,1976,1211,765,139,683,1293,7.08169078947369,7.37278364987613,6.62088888888889,6.9678417266187,6.99347144948756,7.12829079659706,20
"23",2009,1,6.87136363636364,110,7.11357142857143,6.4475,6.23529411764706,6.55606060606061,7.00649350649351,70,40,17,33,77,2086,1281,805,156,716,1370,7.07059971236817,7.35861904761905,6.61227329192547,6.88801282051282,6.97331145251397,7.12144525547445,21
"24",2009,2,6.75669014084507,142,7.16418918918919,6.31323529411765,6.65,6.57575757575758,6.81146788990826,74,68,20,33,109,2228,1355,873,176,749,1479,7.05059290843806,7.34800073800738,6.58898052691867,6.86096590909091,6.95579572763685,7.09860040567951,22
"25",2009,3,6.96920289855072,138,7.20328947368421,6.68225806451613,6.51666666666667,6.85217391304348,6.99260869565217,76,62,18,23,115,2366,1431,935,194,772,1594,7.04584573119189,7.34031516422082,6.59516577540107,6.8290206185567,6.9527085492228,7.09095357590966,23
"26",2009,4,6.84507575757576,132,7.03106060606061,6.65909090909091,6.43333333333333,6.49558823529412,6.96632653061225,66,66,15,34,98,2498,1497,1001,209,806,1692,7.03523658927142,7.32668069472278,6.59938061938062,6.80062200956938,6.93342555831266,7.08373522458629,24
"27",2009,5,7.16840579710145,138,7.31435483870968,7.04934210526316,6.4375,6.80217391304348,7.24165217391304,62,76,16,23,115,2636,1559,1077,225,829,1807,7.04220827010622,7.32619050673509,6.63113277623027,6.7748,6.92978407720145,7.09378527946873,25
"28",2009,6,6.85785123966942,121,6.97222222222222,6.76567164179104,6.575,6.27884615384615,7.01631578947368,54,67,12,26,95,2757,1613,1144,237,855,1902,7.03411715632935,7.31434035957842,6.63901223776224,6.7646835443038,6.90998947368421,7.08991587802313,26
"29",2009,7,6.972265625,128,7.00725806451613,6.93939393939394,6.63846153846154,6.90961538461538,6.98823529411765,62,66,26,26,102,2885,1675,1210,263,881,2004,7.03137296360485,7.30297373134328,6.65539669421488,6.75220532319392,6.90997843359818,7.08474051896208,27
"30",2009,8,6.98418367346939,98,7.25344827586207,6.59375,6.52272727272727,6.90740740740741,7.01338028169014,58,40,11,27,71,2983,1733,1250,274,908,2075,7.02982266174992,7.30131621465666,6.653424,6.74299270072993,6.90990198237886,7.08229879518072,28
"31",2009,9,6.8625,108,7.11698113207547,6.61727272727273,6.84736842105263,6.988,6.82469879518072,53,55,19,25,83,3091,1786,1305,293,933,2158,7.02397638304756,7.29584602463606,6.65190038314176,6.74976109215017,6.91199464094319,7.07239110287303,29
"32",2009,10,6.94752475247525,101,7.27358490566038,6.5875,7.01818181818182,6.90769230769231,6.96133333333333,53,48,11,26,75,3192,1839,1353,304,959,2233,7.02155733082707,7.29520445894508,6.64961566888396,6.75947368421053,6.9118779979145,7.06866099417824,30
"33",2009,11,6.971484375,128,7.37746478873239,6.46578947368421,6.36904761904762,6.36944444444444,7.2070652173913,71,57,21,36,92,3320,1910,1410,325,995,2325,7.01962680722892,7.29826230366492,6.64218439716312,6.73424615384615,6.89225226130653,7.0741376344086,31
"34",2009,12,6.86106870229008,131,7.04166666666667,6.64067796610169,6.6,7.07307692307692,6.80857142857143,72,59,15,26,105,3451,1982,1469,340,1021,2430,7.01360793972762,7.28894096871847,6.64212389380531,6.72832352941176,6.8968570029383,7.06266255144033,32
"35",2010,1,6.71951048951049,143,6.97183098591549,6.47069444444444,6.435,6.47916666666667,6.76798319327731,71,72,20,24,119,3594,2053,1541,360,1045,2549,7.00190623260991,7.2779741841208,6.63411421155094,6.71202777777778,6.88726411483254,7.04890545311887,33
"36",2010,2,6.88181818181818,99,7.1672131147541,6.42368421052632,6.55555555555556,7.04166666666667,6.83066666666667,61,38,9,24,75,3693,2114,1579,369,1069,2624,6.99868697535879,7.27477814569536,6.62905003166561,6.70821138211382,6.89073058933583,7.04266768292683,34
"37",2010,3,6.82707865168539,89,7.15294117647059,6.38973684210526,6.40916666666667,6.68333333333333,6.85621621621622,51,38,12,15,74,3782,2165,1617,381,1084,2698,6.99464859862507,7.27190808314088,6.62342609771181,6.69879265091863,6.88786070110701,7.03755374351372,35
"38",2010,4,6.86964285714286,84,7.14666666666667,6.55,6.18181818181818,6.83529411764706,6.87835820895522,45,39,11,17,67,3866,2210,1656,392,1101,2765,6.99193248836006,7.26935791855204,6.62169685990338,6.68428571428571,6.88704904632153,7.03369620253165,36
"39",2010,5,6.975,64,7.14117647058824,6.78666666666667,6.27,7.28,6.88163265306122,34,30,10,15,49,3930,2244,1686,402,1116,2814,6.99165674300255,7.26741577540107,6.62463226571768,6.67398009950249,6.89233064516129,7.03104832977967,37
"40",2010,6,6.78888888888889,63,7.04666666666667,6.55454545454545,6.625,6.43333333333333,6.9,30,33,8,15,48,3993,2274,1719,410,1131,2862,6.98845755071375,7.2645035180299,6.62328679464805,6.6730243902439,6.88624314765694,7.02885045422781,38
"41",2010,7,6.91041666666667,72,7.25657894736842,6.52352941176471,6.28571428571429,6.8625,6.92884615384615,38,34,14,20,52,4065,2312,1753,424,1151,2914,6.98707527675277,7.26437326989619,6.62135196805476,6.6602358490566,6.88583058210252,7.02706588881263,39
"42",2010,8,6.82769230769231,65,7.25405405405405,6.26428571428571,6.6,6.75,6.86222222222222,37,28,10,20,45,4130,2349,1781,434,1171,2959,6.98456682808717,7.26421072796935,6.615738349242,6.65884792626728,6.88351067463706,7.02455897262589,40
"43",2010,9,6.87341772151899,79,7.02,6.62068965517241,6.5,6.69047619047619,6.93965517241379,50,29,14,21,58,4209,2399,1810,448,1192,3017,6.98248063673082,7.25912088370154,6.61581767955801,6.65388392857143,6.88010989932886,7.02292674842559,41
"44",2010,10,6.89857142857143,84,7.134375,6.58416666666667,6.05615384615385,7.03611111111111,6.86106060606061,48,36,13,18,66,4293,2447,1846,461,1210,3083,6.98083880736082,7.2566738863915,6.61520043336945,6.63702819956616,6.8824305785124,7.01946156341226,42
"45",2010,11,6.74762711864407,118,7.02338461538462,6.40943396226415,6.40625,6.56965517241379,6.80561797752809,65,53,16,29,89,4411,2512,1899,477,1239,3172,6.97460009068239,7.25063734076433,6.60945760926804,6.62928721174004,6.87510976594027,7.01346153846154,43
"46",2010,12,6.86007751937985,129,7.25192307692308,6.26078431372549,6.33636363636364,6.65192307692308,6.9126213592233,78,51,22,26,103,4540,2590,1950,499,1265,3275,6.97134603524229,7.25067606177606,6.60033846153846,6.61637274549098,6.87052252964427,7.01029007633588,44
"47",2011,1,7.0476,125,7.38924050632911,6.46086956521739,6.56666666666667,6.968,7.0675,79,46,15,25,100,4665,2669,1996,514,1290,3375,6.97338928188639,7.25477744473586,6.59712424849699,6.61492217898833,6.87241162790698,7.01198518518519,45
"48",2011,2,6.72211538461538,104,6.99285714285714,6.40625,6.69,6.56666666666667,6.76875,56,48,20,24,80,4769,2725,2044,534,1314,3455,6.96790962465926,7.24939486238532,6.59264187866928,6.617734082397,6.86682724505327,7.00635311143271,46
"49",2011,3,6.87241758241758,91,7.25652173913043,6.47977777777778,6.1125,6.73913043478261,6.9175,46,45,16,23,68,4860,2771,2089,550,1337,3523,6.96612160493827,7.24951317214002,6.5902106270943,6.60303636363636,6.86463051608078,7.00463809253477,47
"50",2011,4,6.94928571428571,70,7.17380952380952,6.6125,6.67083333333333,7.3875,6.85862068965517,42,28,12,12,58,4930,2813,2117,562,1349,3581,6.96588255578093,7.2483828652684,6.5905054322154,6.60448398576512,6.86928169014085,7.00227310807037,48
"51",2011,5,6.78047311827957,93,6.90195652173913,6.66157446808511,7.08888888888889,6.88571428571429,6.74977777777778,46,47,9,21,72,5023,2859,2164,571,1370,3653,6.96244973123631,7.24280902413431,6.59204898336414,6.61211908931699,6.86953357664234,6.9972964686559,49
"52",2011,6,7.09871794871795,78,7.17826086956522,6.984375,7,7.28666666666667,7.05396825396825,46,32,11,15,63,5101,2905,2196,582,1385,3716,6.96453342481866,7.24178691910499,6.59776593806922,6.61945017182131,6.87405126353791,6.99825726587729,50
"53",2011,7,6.76142857142857,70,7.1175,6.28666666666667,6.07272727272727,6.70625,6.77777777777778,40,30,11,16,54,5171,2945,2226,593,1401,3770,6.96178398762329,7.24009881154499,6.59357322551662,6.60930860033727,6.87213490364026,6.99509920424403,51
"54",2011,8,6.76493506493506,77,7.02307692307692,6.228,6.3125,6.3,6.85076923076923,52,25,8,12,65,5248,2997,2251,601,1413,3835,6.95889576981708,7.23633333333334,6.58951310528654,6.60535773710483,6.86727600849257,6.99265293350717,52
"55",2011,9,6.62328767123288,73,7.153125,6.20975609756098,6.16666666666667,6.625,6.62280701754386,32,41,9,16,57,5321,3029,2292,610,1429,3892,6.95429148656268,7.2354542753384,6.58271989528796,6.59888524590164,6.8645633310007,6.98723638232271,53
"56",2011,10,6.98904512195122,82,7.41559333333333,6.47027027027027,6.5625,6.82777777777778,7.0344015625,45,37,8,18,64,5403,3074,2329,618,1447,3956,6.9548189339256,7.23809131424854,6.58093344783169,6.5984142394822,6.86410573600553,6.98799941860465,54
"57",2011,11,6.77166666666667,120,7.04453125,6.45982142857143,6.46428571428571,6.76923076923077,6.77234042553192,64,56,14,26,94,5523,3138,2385,632,1473,4050,6.95083952562014,7.23414362651371,6.57808972746331,6.59544303797469,6.86243109300747,6.982994,55
"58",2011,12,6.96436170212766,94,7.19732142857143,6.62105263157895,6.33333333333333,6.30555555555556,7.12039473684211,56,38,12,18,76,5617,3194,2423,644,1491,4126,6.95106581805234,7.23349802755166,6.57876351630211,6.59055900621118,6.85570824949698,6.98552489093553,56
"59",2012,1,6.84007936507937,126,7.22847222222222,6.32222222222222,6,6.616,6.89554455445545,72,54,13,25,101,5743,3266,2477,657,1516,4227,6.94863080271635,7.23338723208818,6.57317077109407,6.57887366818874,6.85175527704486,6.98337489945588,57
"60",2012,2,6.83921052631579,76,7.23695652173913,6.22933333333333,6.07142857142857,6.65,6.86787878787879,46,30,7,10,66,5819,3312,2507,664,1526,4293,6.94720170132325,7.23343680555556,6.56905624252094,6.57352409638554,6.85043315858453,6.98159927789425,58
"61",2012,3,6.85114942528736,87,6.95363636363636,6.675,6.33928571428571,6.6875,6.9,55,32,14,20,67,5906,3367,2539,678,1546,4360,6.94578677615984,7.22886626076626,6.57039149271367,6.56868731563422,6.84832535575679,6.9803453440367,59
"62",2012,4,6.92530120481928,83,7.25,6.52162162162162,6.68666666666667,7.11428571428571,6.88695652173913,46,37,15,14,69,5989,3413,2576,693,1560,4429,6.94550287193188,7.22915109874011,6.56969099378882,6.57124098124098,6.85071217948718,6.9788904267329,60
"63",2012,5,6.76935483870968,62,7.06,6.24090909090909,6.57142857142857,6.81666666666667,6.758,40,22,7,12,50,6051,3453,2598,700,1572,4479,6.94369801685672,7.22719163046626,6.56690685142417,6.57124285714286,6.85045229007634,6.97642458137977,61
"64",2012,6,6.87025316455696,79,7.36585365853659,6.33552631578947,6.72727272727273,7.42857142857143,6.75,41,38,11,14,65,6130,3494,2636,711,1586,4544,6.94275150081566,7.22881874642244,6.56357132018209,6.57365682137834,6.85555548549811,6.97318567341549,62
"65",2012,7,6.84166666666667,72,7.26666666666667,6.24666666666667,5.77272727272727,6.625,6.89396551724138,42,30,11,14,58,6202,3536,2666,722,1600,4602,6.94157799097066,7.22926829751132,6.56000525131283,6.56145429362881,6.853538125,6.97218724467623,63
"66",2012,8,6.8,87,7.0968085106383,6.45125,6.69090909090909,7.15909090909091,6.67846153846154,47,40,11,22,65,6289,3583,2706,733,1622,4667,6.93961944665289,7.22753075634943,6.55839763488544,6.56339699863575,6.85768249075216,6.96809635740304,64
"67",2012,9,6.71290322580645,62,6.91176470588235,6.47142857142857,6.6,6.4,6.79591836734694,34,28,12,13,49,6351,3617,2734,745,1635,4716,6.93740618800189,7.22456253801493,6.55750694952451,6.56398657718121,6.85404342507645,6.96630740033927,65
"68",2012,10,6.72038948051948,77,7.01914872340426,6.25233333333333,6.03846153846154,6.65388888888889,6.74067779661017,47,30,13,18,59,6428,3664,2764,758,1653,4775,6.93480657902925,7.2219275900655,6.55419464544139,6.55497361477573,6.85186388384755,6.96351951623036,66
"69",2012,11,6.72971962616822,107,6.98983606557377,6.38478260869565,6.45454545454545,6.47916666666667,6.8021686746988,61,46,11,24,83,6535,3725,2810,769,1677,4858,6.93144861361898,7.2181268966443,6.55142135231317,6.55353706111834,6.84653011329756,6.96076280156443,67
"70",2012,12,6.85591397849462,93,7.00701754385965,6.61666666666667,6.85,6.97352941176471,6.82960526315789,57,36,12,17,76,6628,3782,2846,781,1694,4934,6.93038875829813,7.21494518508726,6.55224666198173,6.55809218950064,6.84780460448642,6.95874253952169,68
"71",2013,1,6.87006802721088,147,7.13139534883721,6.5016393442623,6.724,6.63035714285714,6.92647058823529,86,61,25,28,119,6775,3868,2907,806,1722,5053,6.92907995424354,7.21308756204757,6.55118472652219,6.56323821339951,6.84426887340302,6.95798252325351,69
"72",2013,2,6.86737804878049,82,6.97598039215686,6.68870967741935,6.65,6.85333333333333,6.8705223880597,51,31,10,15,67,6857,3919,2938,816,1737,5120,6.92834208691848,7.21000196223527,6.5526358066712,6.56430147058824,6.84434715025907,6.95683802539062,70
"73",2013,3,6.84027777777778,72,7.12380952380952,6.44333333333333,5.85,6.35625,6.97857142857143,42,30,8,16,56,6929,3961,2968,824,1753,5176,6.92742700101025,7.20908803080031,6.55153099730458,6.55736650485437,6.83989218482601,6.95707316267388,71
"74",2013,4,6.54242424242424,66,6.8,6.3,6.05,5.8875,6.63275862068966,32,34,12,8,58,6995,3993,3002,836,1761,5234,6.92379438027162,7.20580958928125,6.54868221185876,6.55008373205742,6.83556558773424,6.95347930645778,72
"75",2013,5,6.8672131147541,61,6.97380952380952,6.63157894736842,6.1875,7.03571428571429,6.81702127659574,42,19,8,14,47,7056,4035,3021,844,1775,5281,6.9233052281746,7.20339471871128,6.54920357497517,6.54664691943128,6.83714422535211,6.95226485324749,73
"76",2013,6,6.81363636363636,77,7.05232558139535,6.51176470588235,6.49333333333333,7.24545454545455,6.74166666666667,43,34,15,11,66,7133,4078,3055,859,1786,5347,6.92212136408244,7.201801787641,6.54878690671031,6.54571594877765,6.83965901455767,6.94966536188517,74
"77",2013,7,6.74329268292683,82,7.10425531914894,6.25857142857143,6.27083333333333,6.60714285714286,6.77132352941176,47,35,12,14,68,7215,4125,3090,871,1800,5415,6.92008893832294,7.20069034909091,6.5454996763754,6.54192881745121,6.83785055555556,6.94742579686057,75
"78",2013,8,6.82602739726027,73,7.36888888888889,5.95357142857143,5.35,6.91,6.80431034482759,45,28,10,15,58,7288,4170,3118,881,1815,5473,6.91914677414929,7.20250544124701,6.5401840923669,6.52839954597049,6.83844683195592,6.9459091339302,76
"79",2013,9,6.80491803278689,61,7.275,6.128,5.86,7.25,6.64666666666667,36,25,10,16,45,7349,4206,3143,891,1831,5518,6.91819862430263,7.20312593675702,6.53690550429526,6.52089786756454,6.84204314582196,6.9434687731062,77
"80",2013,10,6.53392857142857,84,6.96304347826087,6.01447368421053,6.09666666666667,6.67,6.49140625,46,38,15,20,64,7433,4252,3181,906,1851,5582,6.91385600565048,7.20052861947319,6.53066457088966,6.51387417218543,6.84018422474338,6.93828568434253,78
"81",2013,11,6.58903614457831,83,6.851875,6.22857142857143,6.16666666666667,6.78571428571429,6.57092105263158,48,35,12,7,76,7516,4300,3216,918,1858,5658,6.91026898483236,7.19663667209303,6.52737686567164,6.50933551198257,6.83997900968784,6.93335112937434,79
"82",2013,12,6.4875,72,7,5.846875,6.04285714285714,6.38823529411765,6.51818181818182,40,32,14,17,55,7588,4340,3248,932,1875,5713,6.90625747100685,7.19482435253457,6.5206724137931,6.50232832618026,6.8358832,6.92935422545072,80
"83",2014,1,6.93672566371681,113,7.00882352941176,6.82777777777778,6.84375,6.9825,6.92688172043011,68,45,16,20,93,7701,4408,3293,948,1895,5806,6.90670454356577,7.19195501134302,6.52486911630732,6.50809071729958,6.83743060686016,6.92931462108164,81
"84",2014,2,6.64625,80,6.95416666666667,6.184375,5.86666666666667,6.875,6.62083333333333,48,32,15,8,72,7781,4456,3325,963,1903,5878,6.90402669194191,7.1893935570018,6.52159218045113,6.49809968847352,6.83758854440357,6.92553601395032,82
"85",2014,3,6.765625,64,6.97837837837838,6.47407407407407,6.03333333333333,6.58823529411765,6.82978723404255,37,27,9,17,47,7845,4493,3352,972,1920,5925,6.90289760229446,7.18765584019586,6.52120942720764,6.4937962962963,6.83538072916667,6.92477648776371,83
"86",2014,4,6.65288461538462,52,7.08,6.25740740740741,6.17727272727273,6.2125,6.73295454545455,25,27,11,8,44,7897,4518,3379,983,1928,5969,6.90125132202102,7.1870601350155,6.51910150932228,6.49025432349949,6.83279616182573,6.92336248785391,84
"87",2014,5,6.75409836065574,61,7.19428571428571,6.16153846153846,5.61538461538461,6.81666666666667,6.73877551020408,35,26,13,12,49,7958,4553,3405,996,1940,6018,6.90012335888414,7.18711567977158,6.51637121879589,6.47883534136546,6.83269639175258,6.92185953639082,85
"88",2014,6,6.72702702702703,37,7.34736842105263,6.07222222222222,6.5,6.5,6.7625,19,18,6,5,32,7995,4572,3423,1002,1945,6050,6.8993222876798,7.18778164698163,6.51403564125036,6.47896207584831,6.8318411311054,6.9210166429752,86
"89",2014,7,7.06229508196721,61,7.3,6.53684210526316,7.02777777777778,6.92857142857143,7.07962962962963,42,19,9,7,54,8056,4614,3442,1011,1952,6104,6.90055631703078,7.18880314044214,6.51416153399186,6.48384767556875,6.83218801229508,6.92241983781127,87
"90",2014,8,6.89810126582278,79,7.26847826086957,6.38181818181818,6.6875,6.8875,6.9,46,33,8,12,67,8135,4660,3475,1019,1964,6171,6.90053247572219,7.18958963304721,6.51290474820144,6.48544651619235,6.83252596741344,6.92217642035326,88
"91",2014,9,6.93880597014925,67,7.19444444444444,6.64193548387097,6.81,7.05384615384615,6.91111111111111,36,31,10,13,54,8202,4696,3506,1029,1977,6225,6.90084512192148,7.18962685051108,6.51404563605248,6.48860058309038,6.83398128477491,6.92208043212851,89
"92",2014,10,6.63276315789474,76,6.91384615384615,6.33648648648649,6.1125,6.45222222222222,6.68879310344828,39,37,16,18,58,8278,4735,3543,1045,1995,6283,6.89838387170814,7.18735537275607,6.51219136325148,6.48284210526316,6.83053684210526,6.91992689638707,90
"93",2014,11,6.91409090909091,88,7.1528,6.6,6.54545454545455,7.13,6.85857142857143,50,38,11,18,70,8366,4785,3581,1056,2013,6353,6.89854909036577,7.18699429258098,6.51312314995811,6.48349431818182,6.83321460506706,6.91925085628836,91
"94",2014,12,6.70506329113924,79,6.9,6.43333333333333,6.19230769230769,6.72142857142857,6.70153846153846,46,33,13,14,65,8445,4831,3614,1069,2027,6418,6.89673909887507,7.18426157938315,6.51239457664637,6.47995322731525,6.83244252590035,6.91704591617326,92
"95",2015,1,6.80059523809524,84,7.09791666666667,6.40416666666667,6.34285714285714,7.00666666666667,6.75579710144928,48,36,14,15,69,8529,4879,3650,1083,2042,6487,6.8957922018994,7.18341211108834,6.51132712328767,6.4781809787627,6.83372233104799,6.91533076768922,93
"96",2015,2,6.69157303370786,89,6.85277777777778,6.44285714285714,6.4875,6.75,6.67876712328767,54,35,16,16,73,8618,4933,3685,1099,2058,6560,6.89368318519378,7.17979276099737,6.51067679782904,6.47831665150137,6.83307142857143,6.91269827591463,94
"97",2015,3,6.68029411764706,68,6.94871794871795,6.31931034482759,6.08875,6.965,6.60648148148148,39,29,8,14,54,8686,4972,3714,1107,2072,6614,6.89201262836749,7.17798022727273,6.50918255250404,6.47550135501355,6.83396283783784,6.91019816903538,95
"98",2015,4,6.78970588235294,68,7.1,6.39666666666667,6.1375,6.54166666666667,6.84285714285714,38,30,8,12,56,8754,5010,3744,1115,2084,6670,6.89121792209276,7.17738876047904,6.50828098290598,6.47307623318386,6.83227975047985,6.90963278710644,96
"99",2015,5,6.80985507246377,69,7.22941176470588,6.40228571428571,6.50272727272727,6.79588235294118,6.81442307692308,34,35,11,17,52,8823,5044,3779,1126,2101,6722,6.89058162643092,7.17773943100714,6.50729928552527,6.47336589698047,6.83198524512137,6.90889626450461,97
"100",2015,6,6.69736842105263,76,7.19605263157895,6.19868421052632,6.15833333333333,6.73076923076923,6.69047619047619,38,38,12,13,63,8899,5082,3817,1138,2114,6785,6.88893153050905,7.17787636560409,6.50422687974849,6.47004393673111,6.83136281929991,6.90686819307295,98
"101",2015,7,6.94346666666667,75,7.15720930232558,6.65625,6.84615384615385,6.75555555555556,6.96909090909091,43,32,13,9,66,8974,5125,3849,1151,2123,6851,6.8893873066637,7.17770296390244,6.50549077682515,6.47429192006951,6.8310414507772,6.90746762370456,99
"102",2015,8,6.75037037037037,81,7.04081632653061,6.305625,6.45230769230769,6.172,6.88181818181818,49,32,13,15,66,9055,5174,3881,1164,2138,6917,6.88814375372722,7.1764065887128,6.50384282401443,6.47404639175258,6.82641768007484,6.90722288419835,100
"103",2015,9,6.76068493150685,73,7.20317073170732,6.19375,6.125,6.65294117647059,6.79339285714286,41,32,8,17,56,9128,5215,3913,1172,2155,6973,6.88712441827344,7.17661700671141,6.50130692563251,6.4716638225256,6.82504918793504,6.90630871791194,101
"104",2015,10,6.74057142857143,70,7.17414634146341,6.12758620689655,6.2,6.53857142857143,6.79107142857143,41,29,10,14,56,9198,5256,3942,1182,2169,7029,6.88600909871711,7.17659773401827,6.49855758498224,6.46936548223351,6.82320009220839,6.90539062313273,102
"105",2015,11,6.64893617021277,94,6.9031746031746,6.13225806451613,6,6.51428571428571,6.6725,63,31,10,14,80,9292,5319,3973,1192,2183,7109,6.88361081467929,7.17335921977816,6.49569947143217,6.465427852349,6.82121896472744,6.90276982557321,103
"106",2015,12,6.55056179775281,89,6.83653846153846,6.14864864864865,5.9375,6.53846153846154,6.55263157894737,52,37,16,13,76,9381,5371,4010,1208,2196,7185,6.88045109156806,7.17009824799851,6.49249725685785,6.45843543046358,6.81954508196721,6.89906620598469,104
"107",2016,1,6.80830188679245,106,7.14285714285714,6.31813953488372,6.23285714285714,6.63181818181818,6.85452380952381,63,43,14,22,84,9487,5434,4053,1222,2218,7269,6.87964495520186,7.16978242362901,6.49064742166297,6.45585106382979,6.8176830477908,6.89855147750722,105
"108",2016,2,6.85675675675676,74,7.24893617021277,6.17407407407407,5.77272727272727,6.95952380952381,6.81603773584906,47,27,11,21,53,9561,5481,4080,1233,2239,7322,6.87946780566886,7.17046117314359,6.48855245098039,6.44975669099757,6.81901339883877,6.89795420513521,106
"109",2016,3,6.70775510204082,98,7.20577777777778,6.28490566037736,6.19545454545455,6.45833333333333,6.74255813953488,45,53,22,12,86,9659,5526,4133,1255,2251,7408,6.87772561238223,7.17074876764387,6.48594096298088,6.44529880478088,6.81709062638827,6.89615020113391,107
"110",2016,4,6.81025641025641,78,7.1,6.45428571428571,6.06,7,6.77575757575758,43,35,15,12,66,9737,5569,4168,1270,2263,7474,6.8771851381329,7.17020249416413,6.48567514395393,6.44074803149607,6.81806053910738,6.89508706047631,108
"111",2016,5,6.93205128205128,78,7.13877551020408,6.58275862068966,6.375,6.64285714285714,6.96056338028169,49,29,4,7,71,9815,5618,4197,1274,2270,7545,6.87762116046867,7.16992838910645,6.486345961401,6.44054160125589,6.81752026431718,6.89570320609675,109
"112",2016,6,6.89614285714286,56,7.18566666666667,6.375,6.11111111111111,7.25,6.81921739130435,36,20,9,10,46,9871,5654,4217,1283,2280,7591,6.87772623746327,7.17002859745313,6.48581788000949,6.43823070927514,6.81941710526316,6.89523971676986,110
"113",2016,7,6.5668,75,7.07179487179487,6.01972222222222,6.08333333333333,6.625,6.55985074626866,39,36,12,8,67,9946,5693,4253,1295,2288,7658,6.87538162980092,7.1693556455296,6.4818725605455,6.43494208494209,6.81873732517483,6.89230539174719,111
"114",2016,8,6.54153846153846,65,7.09,6.07142857142857,5.88235294117647,6.66666666666667,6.504,30,35,17,15,50,10011,5723,4288,1312,2303,7708,6.87321403356308,7.16893966276429,6.4785223880597,6.42778201219512,6.81774685193226,6.88978654514789,112
"115",2016,9,6.87714285714286,70,7.16951219512195,6.46379310344828,6.69444444444444,7.54545454545455,6.75254237288136,41,29,9,11,59,10081,5764,4317,1321,2314,7767,6.87324131435373,7.1689437352533,6.47842344220524,6.42959878879637,6.82120613656007,6.88874400540749,113
"116",2016,10,6.6183950617284,81,6.94522727272727,6.22972972972973,6.81818181818182,6.73333333333333,6.59227272727273,44,37,11,15,66,10162,5808,4354,1332,2329,7833,6.87120996752607,7.1672489135675,6.47631005971521,6.43280780780781,6.82064018892229,6.88624597089238,114
"117",2016,11,6.68081395348837,86,7.02317073170732,6.36888888888889,5.95,6.55,6.71304347826087,41,45,14,17,69,10248,5849,4399,1346,2346,7902,6.86961218676815,7.16623896221577,6.47521118436008,6.42778603268945,6.81867902813299,6.88473357251328,115
"118",2016,12,6.72272727272727,77,7.13645833333333,6.03793103448276,6.22222222222222,6.45454545454545,6.76742424242424,48,29,9,11,66,10325,5897,4428,1355,2357,7968,6.86851677384988,7.16599655587587,6.47234733514002,6.42642066420664,6.8169796351294,6.88376188378514,116
"119",2017,1,6.74329896907216,97,7.04137931034483,6.3,6.35714285714286,6.6,6.77375,58,39,14,17,80,10422,5955,4467,1369,2374,8048,6.86735134235271,7.16478281947943,6.4708426236848,6.42571219868517,6.81542586352148,6.88266832629224,117
"120",2017,2,6.97746478873239,71,7.27674418604651,6.51785714285714,6.77272727272727,6.3,7.08852459016393,43,28,11,10,61,10493,5998,4495,1380,2384,8109,6.86809641570571,7.16558547682561,6.47113548387097,6.42847826086957,6.81326384228188,6.88421688124306,118
"121",2017,3,6.87106060606061,66,7.04738095238095,6.5625,7,7.42727272727273,6.75981818181818,42,24,7,11,55,10559,6040,4519,1387,2395,8164,6.86811494364996,7.16476352483444,6.47162071254702,6.43136265320837,6.81608392484343,6.88337882043116,119
"122",2017,4,6.88370786516854,89,7.12090909090909,6.5,6.72222222222222,7.3,6.83101265822785,55,34,9,10,79,10648,6095,4553,1396,2405,8243,6.86824527516904,7.16436779163249,6.47183263782122,6.43323782234957,6.81809604989605,6.88287694892636,120
"123",2017,5,6.92113924050633,79,7.33895833333333,6.2741935483871,5.77777777777778,5.75,6.9836,48,31,9,4,75,10727,6143,4584,1405,2409,8318,6.8686348177496,7.16573200227902,6.47049607329843,6.42903914590747,6.81632254047323,6.88378512743448,121
"124",2017,6,6.69107142857143,56,6.80645161290323,6.548,6,6.66666666666667,6.694,31,25,4,6,50,10783,6174,4609,1409,2415,8368,6.86771266716127,7.16392803530936,6.47091646778043,6.4278211497516,6.81595072463768,6.88265113408221,122
"125",2017,7,6.52166666666667,60,6.91351351351351,5.89130434782609,6.8,5.8125,6.63076923076923,37,23,5,8,52,10843,6211,4632,1414,2423,8420,6.86579781333579,7.16243627274191,6.4680384283247,6.42913719943423,6.81263763929014,6.88109556888361,123
"126",2017,8,6.74516129032258,62,7.05454545454545,5.98888888888889,6.61428571428571,7.7,6.66140350877193,44,18,7,5,57,10905,6255,4650,1421,2428,8477,6.86511193856029,7.16167732853717,6.46618365591398,6.43004926108375,6.81446499176277,6.87961834257402,124
"127",2017,9,6.88,70,7.1390243902439,6.51379310344828,6.45,6.75,6.90166666666667,41,29,12,10,60,10975,6296,4679,1433,2438,8537,6.86520689658314,7.16152981099111,6.46647873477239,6.43021632937893,6.81420057424118,6.87977330326812,125
"128",2017,10,6.56972972972973,74,6.79487179487179,6.31885714285714,6.78727272727273,6.625,6.5630303030303,39,35,11,8,66,11049,6335,4714,1444,2446,8603,6.86322795637614,7.15927256353591,6.46538268985999,6.43293628808864,6.81358176614882,6.87734333255841,126
"129",2017,11,6.83041237113402,97,6.91842105263158,6.705,6.66923076923077,7.31153846153846,6.75595238095238,57,40,13,13,84,11146,6392,4754,1457,2459,8687,6.86294237304863,7.15712479505632,6.46739882204459,6.43504461221689,6.8162143147621,6.87616952803039,127
"130",2017,12,6.66257142857143,77,6.88579166666667,6.29310344827586,6.34545454545455,7.08,6.56158064516129,48,29,11,15,62,11223,6440,4783,1468,2474,8749,6.86156764590573,7.15510243633541,6.46634204474179,6.43437329700273,6.81781366208569,6.873940186307,128
"131",2018,1,6.6371625,80,6.89723913043478,6.28529411764706,5.77272727272727,6.43846153846154,6.67571641791045,46,34,11,13,67,11303,6486,4817,1479,2487,8816,6.85997935857737,7.15327361856306,6.46506414780984,6.4294523326572,6.81583071974267,6.87243372164247,129
"132",2018,2,6.62380952380952,63,7.09558823529412,6.07068965517241,5.86111111111111,6.29166666666667,6.70196078431373,34,29,9,12,51,11366,6520,4846,1488,2499,8867,6.8586703052965,7.15297280521473,6.46270408584399,6.42601478494624,6.8133137254902,6.87145321867599,130
"133",2018,3,6.84142857142857,70,7.21086956521739,6.13333333333333,5.63636363636364,6.445,6.9075,46,24,11,10,60,11436,6566,4870,1499,2509,8927,6.85856476827562,7.15337841760585,6.46108090349076,6.42022014676451,6.81184575528099,6.87169549568724,131
"134",2018,4,6.714606,55,6.92036027027027,6.29166666666667,5.8,6.35714285714286,6.76673604166667,37,18,5,7,48,11491,6603,4888,1504,2516,8975,6.85787573057175,7.15207269725882,6.46045703764321,6.41815824468085,6.8105806836248,6.87113415264624,132
"135",2018,5,6.73409090909091,44,6.93076923076923,6.45,6.41666666666667,6.92857142857143,6.6972972972973,26,18,6,7,37,11535,6629,4906,1510,2523,9012,6.8574035561335,7.15120470960929,6.46041867101508,6.4181523178808,6.81090804597702,6.87042044163338,133
"136",2018,6,6.61444444444444,45,7.28913043478261,5.90909090909091,5.875,5.1,6.80375,23,22,8,5,40,11580,6652,4928,1518,2528,9052,6.85645941450777,7.15168160252556,6.45795738636364,6.41528985507246,6.80752412974684,6.87012583075563,134
"137",2018,7,6.56320754716981,53,6.99464285714286,6.08,6.31818181818182,6.56666666666667,6.5625,28,25,11,9,44,11633,6680,4953,1529,2537,9096,6.85512335768933,7.15102335628743,6.45604966686856,6.41459123610203,6.8066696886086,6.86863775505717,135
"138",2018,8,6.60484848484848,66,6.8025641025641,6.31925925925926,6.42,6.725,6.58827586206897,39,27,11,8,58,11699,6719,4980,1540,2545,9154,6.85371143003675,7.14900074713499,6.45530803212851,6.41462987012987,6.80641296660118,6.86686137426262,136
"139",2018,9,6.62040816326531,49,6.86538461538461,6.34347826086957,6.3,7.1,6.57777777777778,26,23,8,4,45,11748,6745,5003,1548,2549,9199,6.852738340143,7.14790748999259,6.45479392364581,6.41403746770026,6.80687367595136,6.86544722469834,137
"140",2018,10,7.05652173913044,46,7.2,6.76,6.6,6.25,7.13333333333333,31,15,5,4,42,11794,6776,5018,1553,2553,9241,6.85353315414617,7.14814581168831,6.4557062574731,6.41463618802318,6.80600117508814,6.86666475706092,138
"141",2018,11,6.90055172413793,58,7.19083333333333,6.42554545454545,6.33333333333333,7.25,6.87466666666667,36,22,3,4,54,11852,6812,5040,1556,2557,9295,6.85376324839689,7.14837140634175,6.4555746031746,6.4144794344473,6.80669573719203,6.86671124475524,139
"142",2018,12,6.64847457627119,59,7.09090909090909,6.08692307692308,6.15714285714286,7.51428571428571,6.53192307692308,33,26,7,7,52,11911,6845,5066,1563,2564,9347,6.85274637058181,7.14809437837838,6.45368258981445,6.41332693538068,6.80862753510141,6.86484872365465,140
"143",2019,1,6.74500691358025,81,7.04126076923077,6.21379310344828,6.08571428571429,7.41727272727273,6.63936514285714,52,29,14,11,70,11992,6897,5095,1577,2575,9417,6.85201864409606,7.14728890532116,6.45231717369971,6.41041851616994,6.81122757281554,6.86317262185409,141
"144",2019,2,6.48,66,6.975,6.11526315789474,5.84818181818182,6.15,6.53892857142857,28,38,11,10,56,12058,6925,5133,1588,2585,9473,6.84998238347984,7.14659228592058,6.44982193648938,6.40652392947103,6.80866963249517,6.86125584081072,142
"145",2019,3,6.81454545454545,55,7.24411764705882,6.11904761904762,5.66666666666667,7.11666666666667,6.77755102040816,34,21,9,6,49,12113,6959,5154,1597,2591,9522,6.84982147940229,7.1470687713752,6.44847419480015,6.40235441452724,6.80938286375917,6.86082509766855,143
"146",2019,4,6.70172413793103,58,6.87241379310345,6.53103448275862,6.78571428571429,6.90909090909091,6.6531914893617,29,29,7,11,47,12171,6988,5183,1604,2602,9569,6.84911573247884,7.14592896107613,6.44893613737218,6.40402743142145,6.8098043812452,6.85980526491796,144
"147",2019,5,6.59285714285714,42,6.74444444444444,6.32,5.25,6,6.65526315789474,27,15,2,4,38,12213,7015,5198,1606,2606,9607,6.84823446982723,7.14438368923735,6.44856406310119,6.40259028642591,6.80856139677667,6.85899620901426,145
"148",2019,6,6.65096608695652,46,6.84291172413793,6.32352941176471,5.75,6.4,6.68157170731707,29,17,4,5,41,12259,7044,5215,1610,2611,9648,6.84749425075454,7.1431425354912,6.4481564717162,6.40096894409938,6.80777901187285,6.85824222844113,146
"149",2019,7,6.79753630434783,46,7.01380964285714,6.46111111111111,6,6.688,6.8108943902439,28,18,3,5,41,12305,7072,5233,1613,2616,9689,6.84730749207639,7.14263047087104,6.44820103191286,6.40022318660881,6.8075500764526,6.85804187119413,147
"150",2019,8,6.76655172413793,58,6.9128125,6.58653846153846,6.375,7.33333333333333,6.73563636363636,32,26,8,3,55,12363,7104,5259,1621,2619,9744,6.84692863301787,7.14159525478604,6.4488849591177,6.4000987045034,6.80815234822452,6.85735095340722,148
"151",2019,9,6.58534482758621,58,6.92741935483871,6.19259259259259,6.125,6.17777777777778,6.66020408163265,31,27,8,9,49,12421,7135,5286,1629,2628,9793,6.84570716447951,7.14066470777856,6.44757586076428,6.39874769797422,6.80599353120244,6.85636451444909,149
"152",2019,10,6.58518518518519,54,6.97857142857143,6.16153846153846,5.66666666666667,6.75,6.54772727272727,28,26,9,10,44,12475,7163,5312,1638,2638,9837,6.84457945410821,7.14003108892922,6.44617582831325,6.39472527472528,6.80578127369219,6.85498400833587,150
"153",2019,11,6.85714285714286,56,7.2969696969697,6.22608695652174,5.85555555555556,6.88571428571429,6.8530612244898,33,23,9,7,49,12531,7196,5335,1647,2645,9886,6.84463559891469,7.14075079071707,6.44522699156513,6.39177899210686,6.80599281663516,6.85497447804977,151
"154",2019,12,6.5,54,6.63666666666667,6.32916666666667,5.7,6.77272727272727,6.43023255813953,30,24,5,11,43,12585,7226,5359,1652,2656,9929,6.8431568287644,7.138657997509,6.44470722149655,6.38968523002422,6.80585504518073,6.85313502769664,152
"155",2020,1,6.69694117647059,85,7.0548,6.18571428571429,6.15,6.6875,6.69792207792208,50,35,10,8,77,12670,7276,5394,1662,2664,10006,6.84217590292028,7.13808173309511,6.44302669632925,6.38824308062575,6.80549962462463,6.85194060463722,153
"156",2020,2,6.75911764705882,68,6.91377777777778,6.45652173913043,6.6875,7.49,6.7134375,45,23,8,4,64,12738,7321,5417,1670,2668,10070,6.84173250824305,7.13670300368802,6.44308399483109,6.38967664670659,6.80652586206897,6.85106034657398,154
"157",2020,3,6.76779661016949,59,6.88,6.53157894736842,5.9,6.90909090909091,6.73541666666667,40,19,5,11,48,12797,7361,5436,1675,2679,10118,6.84139163006955,7.13530806819726,6.44339330389993,6.38821492537314,6.80694699514745,6.85051173057917,155
"158",2020,4,6.4758064516129,62,6.75,6.04166666666667,6.35,6.75,6.41,38,24,10,12,50,12859,7399,5460,1685,2691,10168,6.83962895170697,7.13332919178268,6.44162747252747,6.3879881305638,6.80669305091044,6.84834556353265,156
"159",2020,5,6.97177419354839,62,7.25512820512821,6.49130434782609,5.82222222222222,6.893,6.98692307692308,39,23,9,10,52,12921,7438,5483,1694,2701,10220,6.84026303614271,7.1339678260285,6.44183585628306,6.38498229043684,6.8070125879304,6.84905065459883,157
"160",2020,6,6.70666666666667,54,6.9565625,6.34318181818182,6,6.58333333333333,6.72208333333333,32,22,5,6,48,12975,7470,5505,1699,2707,10268,6.83970702813102,7.13320785676038,6.44144159854678,6.38384932313126,6.80651680827484,6.8484571182314,158
"161",2020,7,6.75,50,7.121875,6.08888888888889,5.4,7.76666666666667,6.61136363636364,32,18,5,6,44,13025,7502,5523,1704,2713,10312,6.83936266333973,7.13315951612903,6.44029259460438,6.38096244131456,6.80864025064504,6.84744547032583,159
"162",2020,8,6.7580512195122,41,7.00308076923077,6.33333333333333,6.25,6.51666666666667,6.79943142857143,26,15,4,6,35,13066,7528,5538,1708,2719,10347,6.83910751492423,7.13271025371945,6.44000288912965,6.38065573770492,6.807995954395,6.84728305692471,160
"163",2020,9,6.50984848484848,66,6.97051282051282,5.84444444444444,5.38571428571429,6.365,6.53571428571429,39,27,7,10,56,13132,7567,5565,1715,2729,10403,6.83745269494365,7.13187429496498,6.43711338724169,6.37659475218659,6.80637266397948,6.8456058627319,161
"164",2020,10,6.47783079365079,63,6.87126135135135,5.91794884615385,5.80952428571429,6.67142857142857,6.45363107142857,37,26,7,7,56,13195,7604,5591,1722,2736,10459,6.83573566729822,7.13060618884798,6.43469910033983,6.37428958768874,6.8060274122807,6.8435071354814,162
"165",2020,11,6.92847058823529,85,7.20909090909091,6.414,5.9,6.7875,6.94311688311688,55,30,10,8,77,13280,7659,5621,1732,2744,10536,6.83632922665663,7.13116979501241,6.4345886265789,6.37155119515012,6.80597339650146,6.84423511104784,163
"166",2020,12,6.5025,80,6.59166666666667,6.31730769230769,5.5625,6.59545454545455,6.48768115942029,54,26,8,11,69,13360,7713,5647,1740,2755,10605,6.83433024925149,7.12739264358875,6.43404863998583,6.36783141954023,6.80513284936479,6.84191524092409,164
"167",2021,1,6.67467532467532,77,6.86363636363636,6.42272727272727,6.875,6.7875,6.66159420289855,44,33,8,8,69,13437,7757,5680,1748,2763,10674,6.83341535536206,7.12589653989945,6.43398286443662,6.37015255720824,6.8050817951502,6.84074959059397,165
"168",2021,2,6.63306451612903,62,6.96710526315789,6.10416666666667,5.8,6.64285714285714,6.63181818181818,38,24,12,7,55,13499,7795,5704,1760,2770,10729,6.83249515741907,7.12512244515715,6.4325951384993,6.36626515340909,6.80467184115524,6.83967854692888,166
"169",2021,3,6.64393333333333,75,6.89615384615385,6.07369565217391,6.22166666666667,6.76115384615385,6.61935483870968,52,23,9,13,62,13574,7847,5727,1769,2783,10791,6.83145330263739,7.12360513062317,6.4311537751004,6.36552949123799,6.80446855910888,6.83841267074414,167
"170",2021,4,6.8353488372093,43,6.963125,6.46363636363636,6.525,6.57142857142857,6.88666666666667,32,11,4,7,36,13617,7879,5738,1773,2790,10827,6.83146560402438,7.12295335194822,6.43121604566051,6.36588926677947,6.80388387096774,6.83857311628336,168
"171",2021,5,6.78260869565217,46,7.13333333333333,6.125,6.4,7.06666666666667,6.74,30,16,5,6,40,13663,7909,5754,1778,2796,10867,6.8313011146893,7.12299272474396,6.43036455856795,6.3659851912261,6.8044477825465,6.83821028158645,169
"172",2021,6,6.44047619047619,42,6.87037037037037,5.66666666666667,5,6.1,6.48648648648649,27,15,5,5,37,13705,7936,5769,1783,2801,10904,6.83010340240788,7.1221332484879,6.42837886462125,6.36215461020752,6.80319028918244,6.83701679475422,170
"173",2021,7,6.55172413793103,29,6.91176470588235,6.04166666666667,7,5.7,6.72916666666667,17,12,1,5,24,13734,7953,5781,1784,2806,10928,6.82951559123343,7.12168357349428,6.42757614080609,6.36251214686099,6.8012245188881,6.83677993502928,171
"174",2021,8,6.61490196078431,51,6.656,6.525,5.98333333333333,6.4,6.63826086956522,35,16,6,5,46,13785,7988,5797,1790,2811,10974,6.82872159085963,7.11964314722083,6.42784503536312,6.36124115642458,6.80051085023124,6.83594779752141,172
"175",2021,9,6.8025,40,6.93,6.675,6.8,6.45,6.86470588235294,20,20,5,6,34,13825,8008,5817,1795,2817,11008,6.82864572368897,7.11916951298701,6.42869480316314,6.3624633259053,6.79976428824991,6.83603662154796,173
"176",2021,10,6.78333333333333,42,7.0625,6.41111111111111,6.33333333333333,6.6125,6.82352941176471,24,18,3,8,34,13867,8032,5835,1798,2825,11042,6.82850848272878,7.11900018177291,6.42864056041131,6.36241472191324,6.79923398230089,6.83599810994385,174
"177",2021,11,6.70222222222222,45,7.19615384615385,6.02631578947368,5.83333333333333,6.4,6.77777777777778,26,19,6,9,36,13912,8058,5854,1804,2834,11078,6.82809999496837,7.11924912633408,6.42733475743082,6.36065502771619,6.7979661256175,6.83580891225853,175
"178",2021,12,6.41538461538462,91,6.91363636363636,6.13189655172414,6.56,6.62142857142857,6.37792207792208,33,58,5,14,77,14003,8091,5912,1809,2848,11155,6.82541791973148,7.11841051291559,6.4244363447226,6.36120600884467,6.79709831460674,6.83264824114747,176
"179",2022,1,6.59713114754098,122,6.96018518518519,6.30882352941176,6.55555555555556,7,6.53632075471698,54,68,9,16,106,14125,8145,5980,1818,2864,11261,6.82344616849557,7.11736150521793,6.42312168394649,6.36216813531353,6.79823184357542,6.8298589050706,177
"180",2022,2,6.41875,88,7.22428571428571,5.88679245283019,5.15,7.25,6.35792682926829,35,53,8,6,82,14213,8180,6033,1826,2870,11343,6.82094048617463,7.11781900488998,6.4184100232057,6.35685743154436,6.79917630662021,6.82644724764172,178
"181",2022,3,6.70333333333333,45,7.34653846153846,5.82315789473684,5.35714285714286,6.39333333333333,6.78083333333333,26,19,7,9,36,14258,8206,6052,1833,2879,11379,6.82056930354888,7.11854368267122,6.41654125413087,6.35303964539007,6.79790760680792,6.826302937868,179
"182",2022,4,6.74166666666667,54,6.95967741935484,6.44782608695652,6.22222222222222,6.93181818181818,6.69302325581395,31,23,9,11,43,14312,8237,6075,1842,2890,11422,6.82027159935718,7.11794578851524,6.41665969876543,6.35240047231271,6.79841730103806,6.82580118455612,180
"183",2022,5,6.36206896551724,58,6.77777777777778,6,5.71428571428571,6.72222222222222,6.29591836734694,27,31,7,9,49,14370,8264,6106,1849,2899,11471,6.81842220807237,7.11683439738625,6.41454432852932,6.34998467820444,6.79818075198344,6.82353771510766,181
"184",2022,6,6.52017543859649,57,6.86551724137931,6.1625,6.65,6.85714285714286,6.473,29,28,7,7,50,14427,8293,6134,1856,2906,11521,6.8172438573508,7.11595556011094,6.413393816433,6.35111620150862,6.79832278045424,6.82201641610971,182
"185",2022,7,6.55928571428571,42,7.15954545454545,5.899,5.66666666666667,7,6.49972972972973,22,20,3,5,37,14469,8315,6154,1859,2911,11558,6.81649506738544,7.11607089116055,6.41172207832304,6.35001165680474,6.79866918584679,6.82098469717944,183
"186",2022,8,6.46078431372549,51,6.58888888888889,6.31666666666667,6.4,6.41428571428571,6.46818181818182,27,24,8,7,44,14520,8342,6178,1867,2918,11602,6.81524567011019,7.11436459602014,6.41135281158951,6.35022585431173,6.79774708704592,6.81964671004999,184
"187",2022,9,6.68857142857143,56,7.01111111111111,6.38827586206897,5.90625,6.8375,6.64795454545455,27,29,8,12,44,14576,8369,6207,1875,2930,11646,6.81475899629528,7.11403148046362,6.41124499275012,6.34833155733334,6.79790989761092,6.81899803623562,185
"188",2022,10,6.63636170212766,47,6.87586206896552,6.2505,5.66666666666667,6.676125,6.62820512820513,29,18,3,8,39,14623,8398,6225,1878,2938,11685,6.8141856069206,7.11320903310312,6.41078018795181,6.34724263578275,6.79757828454731,6.81836124347454,186
"189",2022,11,6.58456140350877,57,7.18571428571429,6.00413793103448,6,6,6.65333333333333,28,29,8,6,51,14680,8426,6254,1886,2944,11736,6.81329401430518,7.11344997151673,6.40889457467221,6.34576970837752,6.79595278532609,6.81764409764826,187
"190",2022,12,6.69166666666667,48,6.99666666666667,6.18333333333333,5.84,6.48,6.74736842105263,30,18,5,10,38,14728,8456,6272,1891,2954,11774,6.81289761882129,7.11303565042573,6.40824723692602,6.34443240084612,6.79488320920786,6.81741728639375,188
