"","year","month","avg_rating","no_ratings","avg_rating_owned","avg_rating_not_owned","avg_rating_prev_owned","avg_rating_comment","avg_rating_no_comment","no_ratings_owned","no_ratings_not_owned","no_ratings_prev_owned","no_ratings_comment","no_ratings_no_comment","cum_no_ratings","cum_no_ratings_owned","cum_no_ratings_not_owned","cum_no_ratings_prev_owned","cum_no_ratings_comment","cum_no_ratings_no_comment","cum_avg_rating","cum_avg_rating_owned","cum_avg_rating_not_owned","cum_avg_rating_prev_owned","cum_avg_rating_comment","cum_avg_rating_no_comment","month_after_release"
"1",2007,7,10,1,10,NA,NA,NA,10,1,0,0,0,1,1,1,0,0,0,1,10,10,NA,NA,NA,10,-1
"2",2007,8,6.57142857142857,7,7.66666666666667,5.75,NA,5,7.2,3,4,0,2,5,8,4,4,0,2,6,7,8.25,5.75,NA,5,7.66666666666667,0
"3",2007,9,6.92,10,7.88571428571429,4.66666666666667,NA,6.86666666666667,7,7,3,0,6,4,18,11,7,0,8,10,6.95555555555556,8.01818181818182,5.28571428571429,NA,6.4,7.4,1
"4",2007,10,7.24117647058824,51,8.02222222222222,5.36666666666667,NA,7.80416666666667,6.74074074074074,36,15,0,24,27,69,47,22,0,32,37,7.16666666666667,8.02127659574468,5.34090909090909,NA,7.453125,6.91891891891892,2
"5",2007,11,6.78222222222222,45,7.31875,5.46153846153846,4,6.61538461538461,6.85,32,13,1,13,32,114,79,35,1,45,69,7.01491228070175,7.73670886075949,5.38571428571429,4,7.21111111111111,6.88695652173913,3
"6",2007,12,7.21842105263158,38,7.4,6.25,6,7.07142857142857,7.30416666666667,32,6,1,14,24,152,111,41,2,59,93,7.06578947368421,7.63963963963964,5.51219512195122,5,7.17796610169492,6.99462365591398,4
"7",2008,1,6.95972222222222,36,7.47058823529412,6.50263157894737,5.91666666666667,6.52272727272727,7.152,17,19,3,11,25,188,128,60,5,70,118,7.04547872340425,7.6171875,5.82583333333333,5.55,7.075,7.02796610169491,5
"8",2008,2,6.97619047619048,21,7.15384615384615,6.6875,8.25,7.4375,6.69230769230769,13,8,2,8,13,209,141,68,7,78,131,7.03851674641148,7.57446808510638,5.92720588235294,6.32142857142857,7.11217948717949,6.99465648854962,6
"9",2008,3,6.87037037037037,27,7.34210526315789,5.75,6,6.66666666666667,6.97222222222222,19,8,1,9,18,236,160,76,8,87,149,7.01927966101695,7.546875,5.90855263157895,6.28125,7.06609195402299,6.99194630872483,7
"10",2008,4,6.58,25,6.91666666666667,5.71428571428571,NA,6.41666666666667,6.63157894736842,18,7,0,6,19,261,178,83,8,93,168,6.9772030651341,7.48314606741573,5.89216867469879,6.28125,7.0241935483871,6.95119047619048,8
"11",2008,5,6.8,20,7.11538461538461,6.21428571428571,6.5,6.9,6.76666666666667,13,7,2,5,15,281,191,90,10,98,183,6.96459074733096,7.45811518324607,5.91722222222222,6.325,7.01785714285714,6.93606557377049,9
"12",2008,6,6.72380952380952,21,7.01666666666667,6.33333333333333,NA,5.95,7.03333333333333,12,9,0,6,15,302,203,99,10,104,198,6.94784768211921,7.4320197044335,5.9550505050505,6.325,6.95625,6.94343434343434,10
"13",2008,7,6.54285714285714,21,7.14615384615385,5.5625,6.66666666666667,6.44,6.63636363636364,13,8,3,10,11,323,216,107,13,114,209,6.92151702786378,7.41481481481482,5.92570093457944,6.40384615384615,6.9109649122807,6.92727272727273,11
"14",2008,8,6.5975,20,7.125,6.07,6.25,5.125,6.965625,10,10,2,4,16,343,226,117,15,118,225,6.90262390670554,7.40199115044248,5.93803418803419,6.38333333333333,6.85042372881356,6.93,12
"15",2008,9,6.21739130434783,23,7.04166666666667,5.31818181818182,4.91666666666667,5.72222222222222,6.53571428571429,12,11,6,9,14,366,238,128,21,127,239,6.85956284153005,7.38382352941177,5.884765625,5.96428571428571,6.77047244094488,6.90690376569038,13
"16",2008,10,6.56923076923077,13,6.925,6,7,7.34,6.0875,8,5,2,5,8,379,246,133,23,132,247,6.84960422163588,7.36890243902439,5.8890977443609,6.05434782608696,6.79204545454546,6.88036437246964,14
"17",2008,11,6.58695652173913,23,6.96875,5.71428571428571,6.66666666666667,6.5,6.61764705882353,16,7,3,6,17,402,262,140,26,138,264,6.83457711442786,7.34446564885496,5.88035714285714,6.125,6.77934782608696,6.86344696969697,15
"18",2008,12,6.52631578947368,38,7.57142857142857,5.23529411764706,6,6.16666666666667,6.59375,21,17,2,6,32,440,283,157,28,144,296,6.80795454545455,7.3613074204947,5.81050955414013,6.11607142857143,6.75381944444444,6.83429054054054,16
"19",2009,1,7.22538461538462,65,7.575,6.37894736842105,5.6,6.98947368421053,7.32282608695652,46,19,5,19,46,505,329,176,33,163,342,6.86168316831683,7.39118541033435,5.871875,6.03787878787879,6.78128834355828,6.9,17
"20",2009,2,6.69122807017544,57,7.25735294117647,5.85434782608696,6,6.22222222222222,6.77916666666667,34,23,2,9,48,562,363,199,35,172,390,6.84439501779359,7.37865013774105,5.86984924623116,6.03571428571429,6.75203488372093,6.88512820512821,18
"21",2009,3,6.49677419354839,62,7.00909090909091,5.91379310344828,6.94444444444444,6.75,6.42291666666667,33,29,9,14,48,624,396,228,44,186,438,6.80985576923077,7.34785353535354,5.87543859649123,6.22159090909091,6.75188172043011,6.83447488584475,19
"22",2009,4,6.9,46,7.53333333333333,6,7.16666666666667,7.22222222222222,6.82162162162162,27,19,3,9,37,670,423,247,47,195,475,6.8160447761194,7.3596926713948,5.88502024291498,6.28191489361702,6.77358974358974,6.83347368421053,20
"23",2009,5,6.8375,60,7.46805555555556,5.89166666666667,4.625,6.42666666666667,6.97444444444444,36,24,4,15,45,730,459,271,51,210,520,6.81780821917808,7.3681917211329,5.88560885608856,6.15196078431373,6.74880952380953,6.84567307692308,21
"24",2009,6,6.76296296296296,54,7.32758620689655,6.108,6.76,6.41666666666667,6.86190476190476,29,25,5,12,42,784,488,296,56,222,562,6.8140306122449,7.36577868852459,5.90439189189189,6.20625,6.73085585585586,6.84688612099644,22
"25",2009,7,6.80769230769231,39,7.78333333333333,5.97142857142857,6.08333333333333,6.28571428571429,6.921875,18,21,6,7,32,823,506,317,62,229,594,6.81373025516403,7.38063241106719,5.90883280757098,6.19435483870968,6.71724890829694,6.85092592592593,23
"26",2009,8,7.27083333333333,36,7.83333333333333,6.14583333333333,5.375,8.66666666666667,6.80555555555556,24,12,4,9,27,859,530,329,66,238,621,6.83288707799767,7.4011320754717,5.91747720364742,6.14469696969697,6.79096638655462,6.84895330112721,24
"27",2009,9,6.9843137254902,51,7.40857142857143,6.05625,5.8125,6.98888888888889,6.98333333333333,35,16,8,9,42,910,565,345,74,247,663,6.84137362637363,7.40159292035398,5.92391304347826,6.10878378378378,6.79817813765182,6.85746606334842,25
"28",2009,10,6.504,60,7.31916666666667,5.28125,7.4,6.1875,6.61909090909091,36,24,5,16,44,970,601,369,79,263,707,6.82050515463918,7.39665557404326,5.88211382113821,6.19050632911392,6.76102661596958,6.84263083451202,26
"29",2009,11,6.96451612903226,62,7.53235294117647,6.275,7.83333333333333,7.97692307692308,6.69591836734694,34,28,6,13,49,1032,635,397,85,276,756,6.82915697674419,7.40392125984252,5.90982367758187,6.30647058823529,6.81829710144928,6.83312169312169,27
"30",2009,12,6.87910447761194,67,7.84878048780488,5.35,6.87142857142857,7.01666666666667,6.82857142857143,41,26,7,18,49,1099,676,423,92,294,805,6.83220200181984,7.43090236686391,5.87541371158393,6.34945652173913,6.83044217687075,6.83284472049689,28
"31",2010,1,6.54754098360656,61,7.3,5.66071428571429,5.3,6.03333333333333,6.71521739130435,33,28,10,15,46,1160,709,451,102,309,851,6.81723275862069,7.4248095909732,5.86208425720621,6.24656862745098,6.79174757281554,6.82648648648649,29
"32",2010,2,6.46590909090909,44,6.85714285714286,6.10869565217391,6.14285714285714,5.76923076923077,6.75806451612903,21,23,7,13,31,1204,730,474,109,322,882,6.80439368770764,7.40847945205479,5.87405063291139,6.23990825688073,6.75046583850932,6.82408163265306,30
"33",2010,3,7.06290322580645,62,7.515,6.24090909090909,6.71428571428571,6.05,7.25769230769231,40,22,7,10,52,1266,770,496,116,332,934,6.81705371248025,7.41401298701299,5.89032258064516,6.26853448275862,6.72936746987952,6.8482226980728,31
"34",2010,4,6.75666666666667,57,7.0927027027027,6.135,6.5,6.99416666666667,6.69333333333333,37,20,7,12,45,1323,807,516,123,344,979,6.81445200302343,7.39928128872367,5.89980620155039,6.28170731707317,6.73860465116279,6.84110316649642,32
"35",2010,5,6.65208333333333,48,7.39615384615385,5.77272727272727,6.16666666666667,6.35454545454545,6.74054054054054,26,22,6,11,37,1371,833,538,129,355,1016,6.80876732312181,7.39918367346939,5.89460966542751,6.27635658914729,6.72670422535211,6.83744094488189,33
"36",2010,6,7.02380952380952,42,7.4304347826087,6.53157894736842,6.47142857142857,6.42222222222222,7.18787878787879,23,19,7,9,33,1413,856,557,136,364,1049,6.81515923566879,7.40002336448598,5.91633752244165,6.28639705882353,6.71917582417583,6.8484652049571,34
"37",2010,7,6.98660714285714,56,7.45151515151515,6.3195652173913,6,6.87,7.02926829268293,33,23,7,15,41,1469,889,580,143,379,1090,6.82169503063308,7.40193475815523,5.9323275862069,6.27237762237762,6.72514511873351,6.85526605504587,35
"38",2010,8,6.93245614035088,57,7.49342105263158,5.81052631578947,7.08333333333333,6.26071428571429,7.15116279069767,38,19,6,14,43,1526,927,599,149,393,1133,6.82583224115334,7.40568500539374,5.92846410684474,6.30503355704698,6.70860050890585,6.8664960282436,36
"39",2010,9,6.95777777777778,45,7.92592592592593,5.50555555555556,7.08333333333333,7.55555555555556,6.80833333333333,27,18,6,9,36,1571,954,617,155,402,1169,6.82961171228517,7.42040880503145,5.91612641815235,6.33516129032258,6.72756218905473,6.86470487596236,37
"40",2010,10,5.97551020408163,49,6.95,5.04,5.25,5.45,6.18571428571429,24,25,8,14,35,1620,978,642,163,416,1204,6.80377777777777,7.40886503067485,5.88200934579439,6.2819018404908,6.68456730769231,6.84496677740864,38
"41",2010,11,6.49074074074074,54,7.31818181818182,5.19047619047619,5.8,5.97368421052632,6.77142857142857,33,21,5,19,35,1674,1011,663,168,435,1239,6.7936798088411,7.40590504451039,5.86010558069382,6.26755952380952,6.65351724137931,6.84288942695722,39
"42",2010,12,6.26056338028169,71,7.0175,5.28387096774194,4.71428571428571,5.65625,6.43636363636364,40,31,7,16,55,1745,1051,694,175,451,1294,6.77198853868195,7.39112274024738,5.83436599423631,6.20542857142857,6.61813747228382,6.82561051004637,40
"43",2011,1,6.81290322580645,93,7.44745762711864,5.71176470588235,5.6875,6.34444444444444,6.92533333333333,59,34,8,18,75,1838,1110,728,183,469,1369,6.77405875952122,7.39411711711712,5.82864010989011,6.1827868852459,6.60763326226013,6.83107377647918,41
"44",2011,2,6.68409090909091,44,7.37916666666667,5.85,5.9375,7.15,6.58055555555556,24,20,8,8,36,1882,1134,748,191,477,1405,6.77195536663124,7.39380070546737,5.82921122994652,6.17251308900523,6.61672955974843,6.82465480427046,42
"45",2011,3,6.99508196721311,61,7.55384615384615,6.00454545454545,6,7.18666666666667,6.93260869565217,39,22,7,15,46,1943,1173,770,198,492,1451,6.77896037056099,7.39912190963342,5.83422077922078,6.16641414141414,6.63410569105691,6.82807718814611,43
"46",2011,4,6.61123076923077,65,7.37769230769231,5.46153846153846,5.58333333333333,6.03333333333333,6.7846,39,26,6,15,50,2008,1212,796,204,507,1501,6.77353087649402,7.39843234323432,5.82204773869347,6.14926470588235,6.61633136094675,6.82662891405729,44
"47",2011,5,6.99288524590164,61,7.23544680851064,6.17857142857143,6.875,7.31818181818182,6.92132,47,14,4,11,50,2069,1259,810,208,518,1551,6.77999806669889,7.39234789515489,5.82820987654321,6.16322115384615,6.63123552123552,6.82968149580915,45
"48",2011,6,6.5,50,7.39583333333333,5.67307692307692,6.92857142857143,5.38461538461539,6.89189189189189,24,26,7,13,37,2119,1283,836,215,531,1588,6.77339122227466,7.39241309431021,5.82338516746412,6.18813953488372,6.60071563088512,6.83113098236776,46
"49",2011,7,6.61944444444444,54,7.39142857142857,5.19736842105263,5.95833333333333,5.27777777777778,6.88777777777778,35,19,6,9,45,2173,1318,855,221,540,1633,6.76956557754257,7.39238694992413,5.80947368421053,6.18190045248869,6.57866666666667,6.83269197795468,47
"50",2011,8,6.72881578947368,76,7.222,6.01290322580645,5.83333333333333,6.41176470588235,6.82016949152542,45,31,9,17,59,2249,1363,886,230,557,1692,6.76818852823477,7.38676155539252,5.8165914221219,6.16826086956522,6.57357271095153,6.83225531914894,48
"51",2011,9,6.72368421052632,57,7.32575757575758,5.89583333333333,5.875,5.825,6.87040816326531,33,24,12,8,49,2306,1396,910,242,565,1741,6.76708846487424,7.38531948424069,5.81868131868132,6.15371900826446,6.56297345132744,6.83332912119472,49
"52",2011,10,6.77042253521127,71,7.54736842105263,5.87575757575758,5.7375,7.53571428571429,6.58245614035088,38,33,8,14,57,2377,1434,943,250,579,1798,6.7671880521666,7.38961366806137,5.82067868504772,6.1404,6.58649395509499,6.82537597330367,50
"53",2011,11,6.61148648648649,74,7.94705882352941,5.47625,5.41666666666667,5.51666666666667,6.88983050847458,34,40,12,15,59,2451,1468,983,262,594,1857,6.76248714810282,7.40252452316076,5.80666327568667,6.10725190839695,6.55947811447812,6.82742380183091,51
"54",2011,12,6.57048192771084,83,6.96836734693878,5.99705882352941,6.75,6.86875,6.49925373134328,49,34,8,16,67,2534,1517,1017,270,610,1924,6.75619810576164,7.38850098879367,5.81302851524091,6.1262962962963,6.56759016393443,6.81599584199584,52
"55",2012,1,6.70275229357798,109,7.05223880597015,6.1452380952381,5.95454545454545,6.51538461538462,6.76144578313253,67,42,11,26,83,2643,1584,1059,281,636,2007,6.75399394627317,7.37427777777778,5.82620396600567,6.11957295373665,6.56545597484277,6.8137399103139,53
"56",2012,2,6.25441176470588,68,6.79111111111111,5.20434782608696,5.8,6.13571428571429,6.28518518518518,45,23,9,14,54,2711,1629,1082,290,650,2061,6.74146292880856,7.35816820135052,5.81298521256932,6.10965517241379,6.5562,6.79989131489568,54
"57",2012,3,6.74066666666667,75,7.47934782608696,5.56896551724138,6.55555555555556,6.74090909090909,6.74056603773585,46,29,9,22,53,2786,1675,1111,299,672,2114,6.74144149318018,7.36149611940299,5.80661566156616,6.12307692307692,6.56224702380953,6.79840397350993,55
"58",2012,4,6.43652777777778,72,7.02404255319149,5.332,5.7,6.04761904761905,6.59666666666667,47,25,10,21,51,2858,1722,1136,309,693,2165,6.7337599720084,7.35228571428571,5.79617077464789,6.10938511326861,6.54665223665224,6.79365173210162,56
"59",2012,5,6.53260869565217,69,7.39102564102564,5.41666666666667,4.7,7.13888888888889,6.44166666666667,39,30,5,9,60,2927,1761,1166,314,702,2225,6.72901810727707,7.35314366837024,5.78640651801029,6.08694267515924,6.55424501424502,6.78416,57
"60",2012,6,6.775,58,7.01973684210526,6.31,6.08333333333333,6.01470588235294,7.09024390243902,38,20,6,17,41,2985,1799,1186,320,719,2266,6.72991155778894,7.34610116731518,5.79523608768971,6.086875,6.54148817802504,6.78969814651368,58
"61",2012,7,6.80462686567164,67,7.44878048780488,5.78884615384615,6,6.63846153846154,6.84462962962963,41,26,6,13,54,3052,1840,1212,326,732,2320,6.73155176933158,7.34838913043478,5.79509900990099,6.08527607361963,6.54321038251366,6.79097672413793,59
"62",2012,8,6.985,80,7.59411764705882,5.91379310344828,6,6.78947368421053,7.04590163934426,51,29,7,19,61,3132,1891,1241,333,751,2381,6.73802554278416,7.35501639344262,5.7978726833199,6.08348348348348,6.54944074567244,6.7975077698446,60
"63",2012,9,6.59545454545455,66,6.94054054054054,6.1551724137931,5.62,6.1,6.74117647058824,37,29,10,15,51,3198,1928,1270,343,766,2432,6.73508317698561,7.3470622406639,5.80603149606299,6.06997084548105,6.54063968668407,6.79632648026316,61
"64",2012,10,7.04453125,64,7.71973684210526,6.05769230769231,7.2,7.3125,7.00625,38,26,5,8,56,3262,1966,1296,348,774,2488,6.74115450643777,7.35426551373347,5.81108024691358,6.08620689655172,6.54861757105943,6.80105144694534,62
"65",2012,11,6.41514285714286,70,6.96666666666667,5.4224,5.75,6.00333333333333,6.55769230769231,45,25,6,18,52,3332,2011,1321,354,792,2540,6.73430552220888,7.34559224266534,5.80372445117336,6.08050847457627,6.53622474747475,6.79606929133858,63
"66",2012,12,6.89261363636364,88,7.5175,5.55357142857143,5.69230769230769,6.98275862068965,6.84830508474576,60,28,13,29,59,3420,2071,1349,367,821,2599,6.73837894736842,7.35057267020763,5.79853224610823,6.06675749318801,6.55199756394641,6.79725509811466,64
"67",2013,1,6.79272727272727,110,7.15844155844156,5.93939393939394,6.07333333333333,6.2,6.88631578947368,77,33,15,15,95,3530,2148,1382,382,836,2694,6.74007252124646,7.3436852886406,5.80189580318379,6.06701570680628,6.54568181818182,6.80039569413511,65
"68",2013,2,6.54761904761905,63,7.37179487179487,5.20833333333333,6.38,6.13636363636364,6.63461538461539,39,24,5,11,52,3593,2187,1406,387,847,2746,6.73669802393543,7.3441865569273,5.79176386913229,6.07105943152455,6.54036599763873,6.79725637290604,66
"69",2013,3,6.49055844155844,77,7.232,5.11751851851852,5.91666666666667,5.0273,6.7089552238806,50,27,6,10,67,3670,2237,1433,393,857,2813,6.73153378746594,7.3416790344211,5.77906001395674,6.06870229007634,6.52271061843641,6.79515321720583,67
"70",2013,4,6.48185714285714,70,7.03106382978723,5.3595652173913,5,6.64133333333333,6.43836363636364,47,23,8,15,55,3740,2284,1456,401,872,2868,6.72686069518716,7.33528721541156,5.77243337912088,6.04738154613466,6.52475114678899,6.7883110181311,68
"71",2013,5,6.79,80,7.41388888888889,5.49423076923077,5.675,6.43684210526316,6.9,54,26,10,19,61,3820,2338,1482,411,891,2929,6.72818298429319,7.33710265183918,5.76755263157895,6.03832116788321,6.52287654320988,6.79063707750085,69
"72",2013,6,6.39384615384615,65,7.24146341463415,4.94583333333333,4,4.79166666666667,6.75660377358491,41,24,6,12,53,3885,2379,1506,417,903,2982,6.72258918918919,7.33545439260193,5.75445750332006,6.0089928057554,6.49987043189369,6.79003219315895,70
"73",2013,7,6.88414634146341,82,7.40178571428571,5.76923076923077,6.14285714285714,6.73076923076923,6.91304347826087,56,26,7,13,69,3967,2435,1532,424,916,3051,6.72592866145702,7.33697987679671,5.75470822454308,6.01120283018868,6.50314737991267,6.79281415929204,71
"74",2013,8,6.82857142857143,91,7.32033898305085,5.921875,5.31818181818182,6.275,6.98450704225352,59,32,11,20,71,4058,2494,1564,435,936,3122,6.72823040906851,7.33658620689655,5.75812851662404,5.99367816091954,6.49827243589744,6.7971736066624,72
"75",2013,9,6.33795180722892,83,7.01363636363636,5.57564102564103,5.55,5.40909090909091,6.47986111111111,44,39,10,11,72,4141,2538,1603,445,947,3194,6.72040787249457,7.33098739164697,5.75368870867124,5.98370786516854,6.48562090813094,6.79002066374452,73
"76",2013,10,6.35769230769231,78,6.86739130434783,5.625,5.75,5.20833333333333,6.56666666666667,46,32,12,12,66,4219,2584,1635,457,959,3260,6.71370206210002,7.32273452012384,5.75117003058104,5.97757111597374,6.46963816475495,6.78549877300614,74
"77",2013,11,6.475,100,7.08103448275862,5.63809523809524,5.66,6.61666666666667,6.43026315789474,58,42,15,24,76,4319,2642,1677,472,983,3336,6.70817527205372,7.31742846328539,5.74833810375671,5.96747881355932,6.47322787385555,6.77740587529976,75
"78",2013,12,6.34263157894737,95,7.41428571428571,5.20108695652174,5.85294117647059,5.68571428571429,6.52905405405405,49,46,17,21,74,4414,2691,1723,489,1004,3410,6.70030788400544,7.31919212188777,5.73372780034823,5.96349693251534,6.45675597609562,6.77201642228739,76
"79",2014,1,6.736072,125,7.00010843373494,6.21428571428571,6.41071428571429,5.97368421052632,6.87272641509434,83,42,14,19,106,4539,2774,1765,503,1023,3516,6.70129279576999,7.30964491708724,5.74516317280454,5.97594433399602,6.44778396871945,6.77505261660979,77
"80",2014,2,6.33296703296703,91,6.8936170212766,5.73409090909091,6.14375,6.3,6.33703703703704,47,44,16,10,81,4630,2821,1809,519,1033,3597,6.6940535637149,7.30271357674584,5.74489386401327,5.98111753371869,6.44635333978703,6.76518904642758,78
"81",2014,3,6.5,89,7.18333333333333,5.08620689655172,4.91666666666667,6.73076923076923,6.46052631578947,60,29,6,13,76,4719,2881,1838,525,1046,3673,6.69039372748464,7.30022735161402,5.73450108813928,5.96895238095238,6.44988814531549,6.75888510754152,79
"82",2014,4,6.87111111111111,63,7.2845,6.15217391304348,6.03571428571429,6.86666666666667,6.8725,40,23,14,15,48,4782,2921,1861,539,1061,3721,6.69277457130908,7.30001198219788,5.73966308436325,5.97068645640074,6.45578039585297,6.76035071217415,80
"83",2014,5,6.80857142857143,70,7.39347826086957,5.6875,6.2,7.13636363636364,6.74745762711864,46,24,5,11,59,4852,2967,1885,544,1072,3780,6.6944451772465,7.30146107178969,5.73899893899204,5.97279411764706,6.46276399253732,6.76014947089947,81
"84",2014,6,6.81333333333333,60,7.2390243902439,5.89473684210526,6.91666666666667,6,6.92075471698113,41,19,6,7,53,4912,3008,1904,550,1079,3833,6.69589739413681,7.30061003989362,5.74055304621849,5.98309090909091,6.45976181649676,6.76237020610488,82
"85",2014,7,6.36818181818182,66,7.20857142857143,5.41935483870968,5.77272727272727,6.20833333333333,6.4037037037037,35,31,11,12,54,4978,3043,1935,561,1091,3887,6.69155243069506,7.29955142951035,5.73540723514212,5.97896613190731,6.45699633363887,6.75738744533059,83
"86",2014,8,6.14078651685393,89,6.69375,5.49341463414634,5.21666666666667,6.64736842105263,6.00328571428571,48,41,12,19,70,5067,3091,1976,573,1110,3957,6.68187842905072,7.29014396635393,5.73038613360324,5.9630017452007,6.46025495495496,6.74404725802376,84
"87",2014,9,6.76323529411765,68,7.4875,5.72857142857143,6.175,6.9,6.73684210526316,40,28,8,11,57,5135,3131,2004,581,1121,4014,6.68295579357352,7.2926652826573,5.73036077844312,5.96592082616179,6.46457002676182,6.74394494270055,85
"88",2014,10,6.25785714285714,84,7.14170212765957,5.13513513513514,5,5.81578947368421,6.38707692307692,47,37,14,19,65,5219,3178,2041,595,1140,4079,6.67611381490707,7.2904326620516,5.71957030867222,5.94319327731092,6.45375701754386,6.73825815150772,86
"89",2014,11,6.60285714285714,70,7.32558139534884,5.45185185185185,5.72142857142857,6.59615384615385,6.60438596491228,43,27,14,13,57,5289,3221,2068,609,1153,4136,6.67514426167518,7.29090189382179,5.7160749516441,5.93809523809524,6.45536253252385,6.73641320116054,87
"90",2014,12,6.23260869565217,92,6.9622641509434,5.24102564102564,5.11666666666667,6.51875,6.17236842105263,53,39,12,16,76,5381,3274,2107,621,1169,4212,6.66757814532615,7.28558185705559,5.70728191741813,5.92222222222222,6.45623011120616,6.72623575498576,88
"91",2015,1,6.28139534883721,129,6.95384615384615,5.25294117647059,6.35,6.19565217391304,6.3,78,51,10,23,106,5510,3352,2158,631,1192,4318,6.65853684210526,7.27786247016706,5.69654448563485,5.92900158478605,6.45120218120806,6.7157723483094,89
"92",2015,2,6.16262626262626,99,6.95689655172414,5.0390243902439,5.08333333333333,5.58,6.22808988764045,58,41,12,10,89,5609,3410,2199,643,1202,4407,6.64978391870209,7.27240322580645,5.68428512960437,5.91321928460342,6.44395424292845,6.70592353074654,90
"93",2015,3,6.26044943820225,89,6.72076923076923,5.61351351351351,5.39230769230769,6.74142857142857,6.17066666666667,52,37,13,14,75,5698,3462,2236,656,1216,4482,6.6437027027027,7.26411756210283,5.68311404293381,5.90289634146341,6.44737911184211,6.69696675591254,91
"94",2015,4,6.1561797752809,89,6.74333333333333,4.94137931034483,5.68571428571429,6.53571428571429,6.08533333333333,60,29,7,14,75,5787,3522,2265,663,1230,4557,6.63620494211163,7.25524559909142,5.67361721854305,5.90060331825038,6.44838455284553,6.68690037305245,92
"95",2015,5,6.12894736842105,76,7.00731707317073,5.1,5.15,4.83333333333333,6.371875,41,35,10,12,64,5863,3563,2300,673,1242,4621,6.62962954119052,7.25239264664608,5.66488826086957,5.88945022288261,6.43278019323672,6.68253732958234,93
"96",2015,6,6.73582089552239,67,7.31891891891892,6.01666666666667,6.35714285714286,6.23,6.82456140350877,37,30,14,10,57,5930,3600,2330,687,1252,4678,6.63082934232715,7.25307638888889,5.66941759656653,5.89898107714702,6.43116054313099,6.68426784950834,94
"97",2015,7,6.57354430379747,79,7.26976744186047,5.74194444444444,6.06142857142857,6.69090909090909,6.55455882352941,43,36,14,11,68,6009,3643,2366,701,1263,4746,6.63007621900483,7.25327340104309,5.67052113271344,5.90222539229672,6.43342280285036,6.68240939738727,95
"98",2015,8,6.334375,96,6.99622641509434,5.51860465116279,5.63571428571429,5.69375,6.4625,53,43,14,16,80,6105,3696,2409,715,1279,4826,6.62542637182637,7.24958739177489,5.6678094645081,5.89700699300699,6.42416966379985,6.6787639867385,96
"99",2015,9,6.21513157894737,76,7.04347826086957,4.945,4.3,6.25,6.21102941176471,46,30,5,8,68,6181,3742,2439,720,1287,4894,6.62038149166802,7.24705371459113,5.65891881918819,5.88591666666666,6.42308702408703,6.67226501838986,97
"100",2015,10,5.76956043956044,91,6.47555555555556,5.07891304347826,5.76866666666667,5.20684210526316,5.91805555555556,45,46,15,19,72,6272,3787,2485,735,1306,4966,6.60803698979592,7.23788618959599,5.64818229376258,5.88352380952381,6.40539280245023,6.66133004430125,98
"101",2015,11,6.43950617283951,81,7.04310344827586,4.91739130434783,4.71428571428571,6.51111111111111,6.43055555555556,58,23,7,9,72,6353,3845,2508,742,1315,5038,6.60588824177554,7.23494798439532,5.64148046251994,5.87249326145552,6.40611634980989,6.65803195712584,99
"102",2015,12,6.2984693877551,98,6.96538461538462,4.98484848484848,4.1,5.77777777777778,6.35112359550562,65,33,5,9,89,6451,3910,2541,747,1324,5127,6.60121810572004,7.23046675191816,5.63295277449823,5.86062918340027,6.40184516616314,6.65270431051297,100
"103",2016,1,6.24798387096774,124,6.90670731707317,4.96190476190476,5.3,5.99375,6.28564814814815,82,42,5,16,108,6575,3992,2583,752,1340,5235,6.59455634980989,7.22381638276553,5.62204142469996,5.85690159574468,6.3969723880597,6.64513180515759,101
"104",2016,2,6.68260273972603,73,7.42173913043478,5.42333333333333,5.25375,6.35214285714286,6.76101694915254,46,27,8,14,59,6648,4038,2610,760,1354,5294,6.59552316486161,7.2260710747895,5.61998582375479,5.85055263157895,6.39650886262925,6.64642330940687,102
"105",2016,3,6.36395348837209,86,6.99574468085106,5.6025641025641,5.91176470588235,6.11538461538461,6.40821917808219,47,39,17,13,73,6734,4085,2649,777,1367,5367,6.59256578556579,7.22342105263158,5.61972933182333,5.85189189189189,6.39383540599854,6.64318334264952,103
"106",2016,4,6.08738738738739,111,6.91153846153846,4.92282608695652,5.84090909090909,6.10416666666667,6.08535353535354,65,46,11,12,99,6845,4150,2695,788,1379,5466,6.58437370343316,7.21853614457831,5.60783413729128,5.8517385786802,6.39131472081219,6.63307994877424,104
"107",2016,5,6.80885416666667,96,7.205,6.14861111111111,5.75,6.81363636363636,6.80823529411765,60,36,8,11,85,6941,4210,2731,796,1390,5551,6.58747846131681,7.2183432304038,5.61496265104358,5.85071608040201,6.39465683453238,6.63576202486038,105
"108",2016,6,6.7593023255814,86,7.28474576271186,5.61111111111111,5.31818181818182,6.41666666666667,6.81486486486487,59,27,11,12,74,7027,4269,2758,807,1402,5625,6.58958132915896,7.2192609510424,5.61492494561277,5.84345724907063,6.3948452211127,6.63811822222222,106
"109",2016,7,6.81927083333333,96,7.20701754385965,6.2525641025641,6.28571428571429,6.5,6.86927710843374,57,39,7,13,83,7123,4326,2797,814,1415,5708,6.59267696195423,7.21909963014332,5.62381587415088,5.84726044226044,6.3958113074205,6.6414795024527,107
"110",2016,8,6.38629032258065,124,6.92650602409639,5.29268292682927,6.27272727272727,5.9,6.45321100917431,83,41,11,15,109,7247,4409,2838,825,1430,5817,6.58914557748034,7.21359151735087,5.61903206483439,5.85293333333333,6.39061048951049,6.6379516933127,108
"111",2016,9,6.41428571428571,112,7.07101449275362,5.36046511627907,5.85,6.06875,6.471875,69,43,10,16,96,7359,4478,2881,835,1446,5913,6.58648430493274,7.2113945958017,5.615172856647,5.85289820359281,6.38704910096819,6.63525536952478,109
"112",2016,10,6.70307692307692,130,7.25978260869565,5.35526315789474,5.8,6.38,6.76181818181818,92,38,10,20,110,7489,4570,2919,845,1466,6023,6.58850821204433,7.21236870897155,5.61178931140802,5.85227218934911,6.38695293315144,6.63756682716254,110
"113",2016,11,6.30412844036697,109,7.08538461538462,5.15,5.4,6.04411764705882,6.35217391304348,65,44,15,17,92,7598,4635,2963,860,1483,6115,6.58442853382469,7.2105879180151,5.60493182585218,5.84438372093023,6.38302292650034,6.63327309893704,111
"114",2016,12,6.0719298245614,114,7.12295081967213,4.8622641509434,5.5,6.21875,6.04795918367347,61,53,18,16,98,7712,4696,3016,878,1499,6213,6.57685269709544,7.20944953151618,5.59188096816976,5.83732346241458,6.38126951300868,6.62404072106873,112
"115",2017,1,6.3600625,160,7.14519230769231,4.90196428571429,5.12941176470588,6.4962962962963,6.33240601503759,104,56,17,27,133,7872,4800,3072,895,1526,6346,6.57244639227642,7.20805729166667,5.57930436197917,5.82387709497207,6.38330471821757,6.61792861645131,113
"116",2017,2,6.78779527559055,127,7.52307692307692,5.61734693877551,5.42857142857143,6.80555555555556,6.7848623853211,78,49,14,18,109,7999,4878,3121,909,1544,6455,6.5758654831854,7.21309450594506,5.57990163409164,5.81778877887789,6.38822733160622,6.62074748257165,114
"117",2017,3,6.6314606741573,89,6.98333333333333,5.90344827586207,6.11111111111111,6.46666666666667,6.67323943661972,60,29,9,18,71,8088,4938,3150,918,1562,6526,6.57647725024728,7.21030275415148,5.58288031746032,5.82066448801743,6.38913124199744,6.62131857186638,115
"118",2017,4,6.48611111111111,108,6.83333333333333,5.6969696969697,5.05555555555556,7.05882352941176,6.37912087912088,75,33,9,17,91,8196,5013,3183,927,1579,6617,6.57528648121035,7.20466287652104,5.58406314797361,5.81323624595469,6.39634135528816,6.61798775880308,116
"119",2017,5,6.48352941176471,102,7.05521126760563,5.1741935483871,5.625,6.49466666666667,6.4816091954023,71,31,12,15,87,8298,5084,3214,939,1594,6704,6.57415859243191,7.20257572777341,5.58010983198507,5.81083067092652,6.39726662484316,6.61621792959427,117
"120",2017,6,6.35617021276596,94,7.1075,5.03029411764706,4.66666666666667,5.76923076923077,6.45037037037037,60,34,12,13,81,8392,5144,3248,951,1607,6785,6.57171687321259,7.20146675738725,5.57435437192118,5.79639327024185,6.3921860609832,6.61423802505527,118
"121",2017,7,6.48337209302326,86,6.99482142857143,5.52866666666667,5.49818181818182,6.4675,6.487,56,30,11,16,70,8478,5200,3278,962,1623,6855,6.57082071243218,7.19924134615384,5.57393624161074,5.79298336798337,6.39292852741836,6.61293873085339,119
"122",2017,8,6.46785714285714,84,7.23584905660377,5.15483870967742,3.75,5.05,6.65945945945946,53,31,8,10,74,8562,5253,3309,970,1633,6929,6.56981055828078,7.19961069864839,5.57000997280145,5.77613402061855,6.38470483772199,6.61343556068697,120
"123",2017,9,6.47764705882353,85,7.21551724137931,4.89259259259259,5.30769230769231,5.65833333333333,6.61232876712329,58,27,13,12,73,8647,5311,3336,983,1645,7002,6.5689045911877,7.19978440971568,5.56452727817746,5.76993896236012,6.37940607902736,6.61342402170808,121
"124",2017,10,6.492,100,6.86612903225806,5.88157894736842,6.83333333333333,7.13636363636364,6.4123595505618,62,38,9,11,89,8747,5373,3374,992,1656,7091,6.56802538013033,7.1959343011353,5.56809810314167,5.77958669354839,6.38443417874396,6.61090043717388,122
"125",2017,11,6.6909756097561,123,7.23139240506329,5.72068181818182,5.81538461538462,6.07352941176471,6.79,79,44,13,17,106,8870,5452,3418,1005,1673,7197,6.56973032694476,7.19644809244314,5.57006231714453,5.78004975124378,6.38127495517035,6.61353827983882,123
"126",2017,12,6.33679245283019,106,7.10169491525424,5.37659574468085,6.21764705882353,6.59444444444444,6.28409090909091,59,47,17,18,88,8976,5511,3465,1022,1691,7285,6.56697950089127,7.19543367809835,5.5674380952381,5.78732876712329,6.38354405677114,6.60955868222375,124
"127",2018,1,6.51923170731707,164,7.20333333333333,5.30176271186441,5.28947368421053,6.09375,6.56522972972973,105,59,19,16,148,9140,5616,3524,1041,1707,7433,6.5661227571116,7.19558137464387,5.56299006810443,5.77824207492795,6.38082776801406,6.60867603928427,125
"128",2018,2,6.50086956521739,92,7.02857142857143,5.68,6.15,6.63684210526316,6.46547945205479,56,36,10,19,73,9232,5672,3560,1051,1726,7506,6.56547248700173,7.19393247531735,5.56417331460674,5.78177925784966,6.3836460023175,6.60728337330136,126
"129",2018,3,5.79818181818182,110,6.83538461538462,4.3,5.18181818181818,5.94444444444444,5.7695652173913,65,45,11,18,92,9342,5737,3605,1062,1744,7598,6.55643780774995,7.18987014118877,5.54839306518724,5.77556497175141,6.3791129587156,6.59713990523822,127
"130",2018,4,6.21071428571429,98,6.775,5.31973684210526,5.5,5.86785714285714,6.26785714285714,60,38,9,14,84,9440,5797,3643,1071,1758,7682,6.55284872881356,7.1855761600828,5.54600796047214,5.77324929971989,6.37504152445962,6.59353931267899,128
"131",2018,5,6.08289473684211,76,6.74081632653061,4.88888888888889,5.28571428571429,5.38888888888889,6.17611940298507,49,27,7,9,67,9516,5846,3670,1078,1767,7749,6.54909541824296,7.18184827232295,5.54117356948229,5.77008348794063,6.37001867572156,6.58993018453994,129
"132",2018,6,6.4648275862069,87,7,5.20923076923077,5.84857142857143,5.91666666666667,6.55253333333333,61,26,7,12,75,9603,5907,3696,1085,1779,7824,6.54833197958971,7.17997037413238,5.53883847402598,5.77058986175115,6.36696065205172,6.58957170245399,130
"133",2018,7,5.55147058823529,68,6.38571428571429,4.66666666666667,5.5,5.16666666666667,5.63392857142857,35,33,9,12,56,9671,5942,3729,1094,1791,7880,6.54132271740255,7.17529198922921,5.53112013944757,5.76836380255941,6.35891848129537,6.58278032994924,131
"134",2018,8,6.05208333333333,96,6.65873015873016,4.89393939393939,6.33333333333333,6.35714285714286,6.02808988764045,63,33,9,7,89,9767,6005,3762,1103,1798,7969,6.53651397563223,7.16987260616153,5.52553083466242,5.7729737080689,6.35891156840935,6.57658539339942,132
"135",2018,9,6.573619,70,6.91641019230769,5.58333333333333,7.7,5.90909090909091,6.69751406779661,52,18,5,11,59,9837,6057,3780,1108,1809,8028,6.53677801463861,7.16769660392934,5.52580608465609,5.78166967509025,6.35617634051963,6.57747413178874,133
"136",2018,10,6.66880952380952,84,7.354,5.66117647058824,5.3375,5.65454545454545,6.82164383561644,50,34,8,11,73,9921,6107,3814,1116,1820,8101,6.53789591069449,7.16922193057147,5.5270128474043,5.77848566308244,6.35193571428572,6.57967440192569,134
"137",2018,11,6.45318181818182,88,7.00396226415094,5.61914285714286,6.45454545454545,5.73076923076923,6.5784,53,35,11,13,75,10009,6160,3849,1127,1833,8176,6.53715109701269,7.16780005357143,5.5278506105482,5.7850842945874,6.34753027823241,6.57966271159491,135
"138",2018,12,6.61021359223301,103,7.0453125,5.89620512820513,5.55555555555556,6.43333333333333,6.64036363636364,64,39,9,15,88,10112,6224,3888,1136,1848,8264,6.53789530557753,7.16654054145244,5.53154552469136,5.78326584507042,6.34822673160173,6.58030909123911,136
"139",2019,1,6.4238209352518,139,6.99843943820225,5.401,5.75,6.3125,6.43830170731707,89,50,18,16,123,10251,6313,3938,1154,1864,8387,6.53634849673203,7.16417067004594,5.52988801422042,5.78274696707105,6.34792006437768,6.57822647430547,137
"140",2019,2,6.81666666666667,96,7.27846153846154,5.84838709677419,5.5,7.14285714285714,6.7609756097561,65,31,9,14,82,10347,6378,3969,1163,1878,8469,6.53894930317967,7.16533544057698,5.53237566137566,5.78055889939811,6.35384611288605,6.57999591923486,138
"141",2019,3,6.46278481012658,79,7.03615384615385,5.35851851851852,5.44444444444444,6.36666666666667,6.4853125,52,27,9,15,64,10426,6430,3996,1172,1893,8533,6.53837218875887,7.16429073716952,5.53120095095095,5.77797781569966,6.35394770206022,6.57928576585023,139
"142",2019,4,6.57228915662651,83,7.07547169811321,5.68333333333333,6.81818181818182,7.58333333333333,6.40140845070423,53,30,11,12,71,10509,6483,4026,1183,1905,8604,6.53864006470644,7.16356462131729,5.53233457526081,5.78765004226542,6.36169186351706,6.57781792654579,140
"143",2019,5,6.33051282051282,78,7.12816326530612,4.98275862068965,5,6.0625,6.36114285714286,49,29,10,8,70,10587,6532,4055,1193,1913,8674,6.53710668177954,7.1632990569504,5.52840419235512,5.78104777870913,6.36044066910612,6.57606933825225,141
"144",2019,6,6.51206896551724,58,6.92647058823529,5.925,5.92857142857143,5.71875,6.639,34,24,7,8,50,10645,6566,4079,1200,1921,8724,6.53697026209488,7.16207271398111,5.53073768080412,5.78190833333333,6.35776834981781,6.57643001375516,142
"145",2019,7,6.42848101265823,79,7.084375,5.41290322580645,6.03846153846154,5.55555555555556,6.54071428571429,48,31,13,9,70,10724,6614,4110,1213,1930,8794,6.53617105930623,7.16150883580284,5.52984890510949,5.78465787304204,6.3540274611399,6.57614571753468,143
"146",2019,8,6.39270588235294,85,6.90566037735849,5.543125,5.95,6.33333333333333,6.39973684210526,53,32,10,9,76,10809,6667,4142,1223,1939,8870,6.53504287538163,7.15947494225288,5.52995147271849,5.78600981193786,6.35393140794224,6.5746342096956,144
"147",2019,9,6.31458333333333,96,6.78166666666667,5.53611111111111,6.18,6.42857142857143,6.29512195121951,60,36,10,14,82,10905,6727,4178,1233,1953,8952,6.53310210362219,7.15610516426341,5.53000454763044,5.78920519059205,6.35446646185356,6.57207388739946,145
"148",2019,10,6.21461165048544,103,7.001640625,4.92307692307692,6,5.2555,6.31774193548387,64,39,14,10,93,11008,6791,4217,1247,1963,9045,6.53012204215116,7.1546494536887,5.52439151055253,5.79157177225341,6.34886805909323,6.56945886567164,146
"149",2019,11,6.16867469879518,83,7.02272727272727,5.20512820512821,5,4.8125,6.31333333333333,44,39,11,8,75,11091,6835,4256,1258,1971,9120,6.52741713461365,7.15380021068032,5.52146593045113,5.78465023847377,6.34263216641299,6.56735257017544,147
"150",2019,12,5.911,100,7,4.40714285714286,4.17647058823529,5.45833333333333,5.97272727272727,58,42,17,12,88,11191,6893,4298,1275,1983,9208,6.52190898400501,7.15250608443348,5.51057677989763,5.76320784313725,6.33728088754413,6.56166979148566,148
"151",2020,1,6.61931034482759,145,7.07878787878788,5.6304347826087,5.8125,6.52272727272727,6.63658536585366,99,46,8,22,123,11336,6992,4344,1283,2005,9331,6.52315485532816,7.15146230549199,5.51184599447514,5.76351519875292,6.33931571072319,6.56265731861537,149
"152",2020,2,6.55906724770642,109,7.01719902777778,5.66756756756757,5.2,5.95,6.66385301075269,72,37,5,16,93,11445,7064,4381,1288,2021,9424,6.52349687811272,7.15009382361268,5.51316115042228,5.76132763975155,6.33623354774864,6.56365596031409,150
"153",2020,3,6.44423683168317,101,7.14472,5.376,5.92,5.79166666666667,6.53222382022472,61,40,12,12,89,11546,7125,4421,1300,2033,9513,6.52280354148623,7.15004781614035,5.51192015381135,5.76279230769231,6.3330191834727,6.56336189319878,151
"154",2020,4,6.5025333,100,7.00378104477612,5.48484848484848,5,6.58947368421053,6.48213987654321,67,33,6,19,81,11646,7192,4454,1306,2052,9594,6.52262948823631,7.14868520856507,5.5117195779075,5.75928790199081,6.33539376218324,6.56267615384615,152
"155",2020,5,6.3,86,6.84464285714286,5.28333333333333,5,6.75333333333333,6.20422535211268,56,30,14,15,71,11732,7248,4484,1320,2067,9665,6.52099752983294,7.14633609547461,5.51019157002676,5.75123484848485,6.3384267053701,6.56004294050698,153
"156",2020,6,6.22904255319149,94,6.9288679245283,5.32439024390244,5.45454545454545,6.9775,6.11951219512195,53,41,11,12,82,11826,7301,4525,1331,2079,9747,6.51867690005074,7.14475743322833,5.50850806629834,5.74878287002254,6.34211544011544,6.55633682363804,154
"157",2020,7,6.49416666666667,72,7.50682926829268,5.15483870967742,5.2,5.53,6.64967741935484,41,31,10,10,62,11898,7342,4556,1341,2089,9809,6.51852857791226,7.14677935439935,5.50610162423178,5.74469052945563,6.3382278602202,6.55692680395555,155
"158",2020,8,6.4406976744186,86,7.47555555555556,5.30487804878049,4.8,6.40625,6.44857142857143,45,41,10,16,70,11984,7387,4597,1351,2105,9879,6.51797004506008,7.14878218762691,5.50430693930824,5.73769800148038,6.33874489311164,6.55615902621723,156
"159",2020,9,6.33888888888889,99,7.03571428571429,5.11944444444444,5.85714285714286,6.67307692307692,6.28837209302326,63,36,7,13,86,12083,7450,4633,1358,2118,9965,6.5165027741455,7.14782604295302,5.50131642564213,5.73831369661266,6.3407969782814,6.55384796989463,157
"160",2020,10,6.7220652173913,92,7.42509090909091,5.67702702702703,5.5,5.66666666666667,6.79569767441861,55,37,15,6,86,12175,7505,4670,1373,2124,10051,6.51805610020534,7.14985796402398,5.50270856531049,5.73571012381646,6.33889265536723,6.55591732364939,158
"161",2020,11,6.52962962962963,108,7.11756756756757,5.25,5.70833333333333,6.72222222222222,6.49111111111111,74,34,12,18,90,12283,7579,4704,1385,2142,10141,6.51815786208581,7.14954268637023,5.50088201530612,5.73547292418772,6.34211391223156,6.55534217730007,159
"162",2020,12,6.59968658119658,117,7.200791625,5.3,5.19230769230769,6.56,6.60339560747664,80,37,13,10,107,12400,7659,4741,1398,2152,10248,6.518927125,7.1500779932106,5.49931427968783,5.73042203147353,6.34312639405205,6.55584390612803,160
"163",2021,1,6.32824817518248,137,7.0306976744186,5.14372549019608,4.9,5.72347826086957,6.45026315789474,86,51,14,23,114,12537,7745,4792,1412,2175,10362,6.51684345138391,7.14875240154939,5.49552984140234,5.72218838526912,6.33657379310345,6.55468233449141,161
"164",2021,2,6.54514563106796,103,7.08785714285714,5.39393939393939,5.11111111111111,6.6,6.53579545454545,70,33,9,15,88,12640,7815,4825,1421,2190,10450,6.51707407832279,7.14820695457454,5.49483502590673,5.71831808585503,6.33837808219178,6.55452328708134,162
"165",2021,3,6.36280474747475,99,6.86873520547945,4.94230769230769,6.1,6.81636842105263,6.255083375,73,26,5,19,80,12739,7888,4851,1426,2209,10530,6.51587518800534,7.14562056541582,5.4918736343022,5.71965638148667,6.34248936170213,6.55224833998101,163
"166",2021,4,6.85454545454545,77,7.34615384615385,5.832,5.77777777777778,6.7,6.87761194029851,52,25,9,10,67,12816,7940,4876,1435,2219,10597,6.51790995786517,7.14693388161209,5.49361751435603,5.72002090592334,6.34410049571879,6.55430546569784,164
"167",2021,5,6.5375,80,6.97358490566038,5.68148148148148,6.7,6.22222222222222,6.57746478873239,53,27,5,9,71,12896,7993,4903,1440,2228,10668,6.51803148418114,7.14578443888402,5.49465204976545,5.72342361111111,6.34360816876122,6.55445960067492,165
"168",2021,6,6.35135135135135,74,6.93,5.14583333333333,4.5,6.61111111111111,6.31538461538462,50,24,4,9,65,12970,8043,4927,1444,2237,10733,6.51708049498844,7.14444299639438,5.49295291252283,5.72003462603878,6.34468439874833,6.55301174135843,166
"169",2021,7,6.50625,80,7.27884615384615,5.07142857142857,5.5,6.44444444444444,6.51408450704225,52,28,5,9,71,13050,8095,4955,1449,2246,10804,6.51701410114943,7.14530636442248,5.49057093844601,5.71927536231884,6.34508414959929,6.55275592558312,167
"170",2021,8,6.67415841584158,101,7.13181818181818,5.20583333333333,3.25,7.11846153846154,6.60852272727273,77,24,4,13,88,13151,8172,4979,1453,2259,10892,6.51822097331002,7.14517927312775,5.48919843342036,5.71247763248451,6.34953474988933,6.55320648365773,168
"171",2021,9,6.82506666666667,75,7.35236363636364,5.375,4.4,7.04545454545455,6.7871875,55,20,5,11,64,13226,8227,4999,1458,2270,10956,6.51996098744897,7.14656436368056,5.48874154830966,5.70797668038409,6.35290704845815,6.55457329499817,169
"172",2021,10,6.46076923076923,78,7.50416666666667,4.79133333333333,4.88888888888889,6.11272727272727,6.51791044776119,48,30,9,11,67,13304,8275,5029,1467,2281,11023,6.51961395219483,7.14863867311178,5.48458122887254,5.70295160190866,6.35174879438843,6.55435045087544,170
"173",2021,11,6.42380952380952,84,6.98275862068965,5.17692307692308,5.5,6.20833333333333,6.45972222222222,58,26,6,12,72,13388,8333,5055,1473,2293,11095,6.51901284881984,7.14748410176407,5.48299881305638,5.70212491513917,6.3509982555604,6.55373636953583,171
"174",2021,12,6.40836254385965,114,6.97146341463415,4.9654165625,5.16148111111111,7.05,6.34666663461539,82,32,9,10,104,13502,8415,5087,1482,2303,11199,6.51807860687306,7.14576886749851,5.47974293886377,5.69884165317139,6.35403343465046,6.55181340744709,172
"175",2022,1,6.50341062146893,177,7.04828155737705,5.29478781818182,4.98285714285714,6.1125,6.55320815286624,122,55,21,20,157,13679,8537,5142,1503,2323,11356,6.51788880985452,7.14437570223732,5.47776461688059,5.68883787757818,6.35195393887215,6.55183269020782,173
"176",2022,2,6.12637362637363,91,6.77884615384615,5.25641025641026,4.63333333333333,5.53846153846154,6.22435897435897,52,39,6,13,78,13770,8589,5181,1509,2336,11434,6.51530145461148,7.14216269297939,5.47609837097085,5.68464104042412,6.34742679794521,6.54959874322197,174
"177",2022,3,6.66179775280899,89,7.15230769230769,5.33333333333333,3.25,6.8,6.64814814814815,65,24,4,8,81,13859,8654,5205,1513,2344,11515,6.51624222743344,7.14223889184192,5.47544008837656,5.67820444811632,6.34897141638225,6.55029196960486,175
"178",2022,4,6.60111111111111,90,7.08358208955224,5.19565217391304,5,5.94666666666667,6.732,67,23,4,15,75,13949,8721,5228,1517,2359,11590,6.51678980787153,7.14178825478729,5.47420919280796,5.67641617007251,6.34641331072489,6.55146781967213,176
"179",2022,5,6.65704545454545,88,7.09186440677966,5.77241379310345,5.95,6.5,6.67717948717949,59,29,10,10,78,14037,8780,5257,1527,2369,11668,6.51766909097386,7.14145277562642,5.47585422484307,5.67820781270465,6.34706162937949,6.55230819592047,177
"180",2022,6,6.14821428571429,84,6.978125,5.04166666666667,3.6,5.73,6.23913043478261,48,36,5,15,69,14121,8828,5293,1532,2384,11737,6.51547135684442,7.14056472247395,5.47290112601549,5.67142515013055,6.34317911073826,6.55046707250575,178
"181",2022,7,6.44666666666667,75,7.02830188679245,5.04545454545455,5.66666666666667,7.025,6.37761194029851,53,22,3,8,67,14196,8881,5315,1535,2392,11804,6.5151078493942,7.13989476072514,5.47113182690498,5.67141585016287,6.34545944816054,6.54948593951203,179
"182",2022,8,6.73424657534247,73,7.22173913043478,5.9037037037037,6,6.77272727272727,6.72741935483871,46,27,5,11,62,14269,8927,5342,1540,2403,11866,6.51622895998318,7.1403164971435,5.47331816922501,5.67248268181818,6.3474153141906,6.5504156438564,180
"183",2022,9,6.47647058823529,85,7.07924528301887,5.478125,5.4,6.35833333333333,6.4958904109589,53,32,5,12,73,14354,8980,5374,1545,2415,11939,6.51599352305978,7.1399560545657,5.47334679196129,5.67160086084142,6.34746956521739,6.55008225395762,181
"184",2022,10,6.32816901408451,71,6.88297872340426,5.24166666666667,5.7,6.25,6.33538461538462,47,24,5,6,65,14425,9027,5398,1550,2421,12004,6.51506904887349,7.13861807577268,5.47231672100778,5.67169247096774,6.34722800495663,6.54891969593469,182
"185",2022,11,6.2375,64,6.88,5.16666666666667,5.75,6.33333333333333,6.22758620689655,40,24,4,6,58,14489,9067,5422,1554,2427,12062,6.51384298640348,7.13747715561928,5.47096378827001,5.67189403474903,6.34719365471776,6.54737456723595,183
"186",2022,12,6.5295,100,7.01458333333333,5.28214285714286,5.9875,5.38461538461539,6.70057471264368,72,28,8,13,87,14589,9139,5450,1562,2440,12149,6.51395030708068,7.13650895831054,5.46999369908257,5.67351045454545,6.34206516393443,6.54847164622603,184
