"","year","month","avg_rating","no_ratings","avg_rating_owned","avg_rating_not_owned","avg_rating_prev_owned","avg_rating_comment","avg_rating_no_comment","no_ratings_owned","no_ratings_not_owned","no_ratings_prev_owned","no_ratings_comment","no_ratings_no_comment","cum_no_ratings","cum_no_ratings_owned","cum_no_ratings_not_owned","cum_no_ratings_prev_owned","cum_no_ratings_comment","cum_no_ratings_no_comment","cum_avg_rating","cum_avg_rating_owned","cum_avg_rating_not_owned","cum_avg_rating_prev_owned","cum_avg_rating_comment","cum_avg_rating_no_comment","month_after_release"
"1",2007,7,9,1,NA,9,NA,9,NA,0,1,0,1,0,1,0,1,0,1,0,9,NA,9,NA,9,NA,-3
"2",2007,8,10,1,NA,10,NA,10,NA,0,1,0,1,0,2,0,2,0,2,0,9.5,NA,9.5,NA,9.5,NA,-2
"3",2007,9,9,2,NA,9,NA,9,NA,0,2,0,2,0,4,0,4,0,4,0,9.25,NA,9.25,NA,9.25,NA,-1
"4",2007,10,8.57714285714286,35,8.65909090909091,8.43846153846154,9.5,8.49411764705882,8.65555555555556,22,13,2,17,18,39,22,17,2,21,18,8.64615384615385,8.65909090909091,8.62941176470588,9.5,8.63809523809524,8.65555555555556,0
"5",2007,11,8.35632183908046,87,8.75892857142857,7.62903225806452,7.66666666666667,8.13333333333333,8.59523809523809,56,31,6,45,42,126,78,48,8,66,60,8.44603174603175,8.73076923076923,7.98333333333333,8.125,8.29393939393939,8.61333333333333,1
"6",2007,12,7.7990099009901,101,8.27361111111111,6.62068965517241,7.58333333333333,7.59821428571429,8.04888888888889,72,29,6,56,45,227,150,77,14,122,105,8.15814977973568,8.51133333333333,7.47012987012987,7.89285714285714,7.97459016393443,8.37142857142857,2
"7",2008,1,7.99867256637168,113,8.48035714285714,6.60344827586207,6.25,7.81395348837209,8.11214285714286,84,29,4,43,70,340,234,106,18,165,175,8.10514705882353,8.50021367521368,7.23301886792453,7.52777777777778,7.93272727272727,8.26771428571429,3
"8",2008,2,8.08968253968254,63,8.3797619047619,7.50952380952381,7.33333333333333,7.90185185185185,8.23055555555556,42,21,12,27,36,403,276,127,30,192,211,8.10272952853598,8.48188405797101,7.27874015748032,7.45,7.92838541666667,8.26137440758294,4
"9",2008,3,7.99407894736842,76,8.45760869565217,7.28333333333333,7.83333333333333,7.91447368421053,8.07368421052632,46,30,6,38,38,479,322,157,36,230,249,8.08549060542797,8.47841614906832,7.27961783439491,7.51388888888889,7.92608695652174,8.23273092369478,5
"10",2008,4,7.97611940298507,67,8.49047619047619,7.112,8.1875,7.72,8.18378378378378,42,25,8,30,37,546,364,182,44,260,286,8.0720695970696,8.47980769230769,7.25659340659341,7.63636363636364,7.90230769230769,8.2263986013986,6
"11",2008,5,7.73379746835443,79,8.05384615384615,7.11740740740741,7.5,7.49473684210526,7.95536585365854,52,27,6,38,41,625,416,209,50,298,327,8.029312,8.4265625,7.23861244019139,7.62,7.8503355704698,8.19241590214067,7
"12",2008,6,7.85789473684211,57,8.28055555555556,7.13333333333333,7.8,7.6,8.10689655172414,36,21,5,28,29,682,452,230,55,326,356,8.0149853372434,8.41493362831858,7.229,7.63636363636364,7.82883435582822,8.18544943820225,8
"13",2008,7,7.65060606060606,66,8.30558139534884,6.42608695652174,5.81818181818182,7.58758620689655,7.7,43,23,11,29,37,748,495,253,66,355,393,7.98283422459893,8.40543434343434,7.15600790513834,7.33333333333333,7.80912676056338,8.13974554707379,9
"14",2008,8,7.62101449275362,69,8.29358974358974,6.74666666666667,6.6,7.525,7.6948717948718,39,30,10,30,39,817,534,283,76,385,432,7.95227662178702,8.397265917603,7.1126148409894,7.23684210526316,7.78698701298701,8.09958333333333,10
"15",2008,9,7.64166666666667,60,8.07317073170732,6.71052631578947,6,7.64,7.64285714285714,41,19,7,25,35,877,575,302,83,410,467,7.93102622576967,8.37415652173913,7.0873178807947,7.13253012048193,7.7780243902439,8.06535331905782,11
"16",2008,10,7.73728813559322,59,8.12857142857143,7.16666666666667,7.6875,7.44047619047619,7.90131578947368,35,24,8,21,38,936,610,326,91,431,505,7.9188141025641,8.36006557377049,7.09315950920245,7.18131868131868,7.7615777262181,8.0530099009901,12
"17",2008,11,7.73506493506494,77,7.84489795918367,7.54285714285714,7.5,7.60645161290323,7.82173913043478,49,28,7,31,46,1013,659,354,98,462,551,7.90484698914116,8.32176024279211,7.12872881355932,7.20408163265306,7.75116883116883,8.03370235934664,13
"18",2008,12,7.86,65,8.03333333333333,7.54347826086957,7.29166666666667,7.90769230769231,7.82820512820513,42,23,12,26,39,1078,701,377,110,488,590,7.90214285714286,8.30447931526391,7.15403183023873,7.21363636363636,7.75950819672131,8.0201186440678,14
"19",2009,1,7.72474226804124,97,8.08421052631579,7.2125,7.28947368421053,7.58536585365854,7.82678571428571,57,40,19,41,56,1175,758,417,129,529,646,7.88749787234043,8.28791556728232,7.15964028776978,7.22480620155039,7.74601134215501,8.00335913312694,15
"20",2009,2,7.71233766233766,77,7.90675675675676,7.5325,7.29444444444444,7.53125,7.75983606557377,37,40,18,16,61,1252,795,457,147,545,707,7.87672523961661,8.27017610062893,7.19227571115974,7.23333333333333,7.73970642201835,7.98234794908062,16
"21",2009,3,7.53225806451613,93,7.77083333333333,7.27777777777778,7.25,7.5,7.54347826086957,48,45,20,24,69,1345,843,502,167,569,776,7.85290706319703,8.24174377224199,7.19994023904382,7.23532934131736,7.72959578207381,7.94332474226804,17
"22",2009,4,7.42409638554217,83,7.9,7.05957446808511,6.915,7.17272727272727,7.51475409836066,36,47,20,22,61,1428,879,549,187,591,837,7.82798319327731,8.22774744027304,7.18792349726776,7.20106951871658,7.70886632825719,7.9120908004779,18
"23",2009,5,7.41739130434783,92,8.00769230769231,6.65,6.61111111111111,7.11607142857143,7.54921875,52,40,18,28,64,1520,931,589,205,619,901,7.80313157894737,8.21545649838883,7.1513921901528,7.14926829268293,7.68205169628433,7.88631520532741,19
"24",2009,6,7.70579710144928,69,8.13513513513514,7.209375,6.85454545454545,7.90555555555556,7.63529411764706,37,32,11,18,51,1589,968,621,216,637,952,7.7989049716803,8.21238636363636,7.15438003220612,7.13425925925926,7.68836734693878,7.87286764705882,20
"25",2009,7,7.45725806451613,62,7.88148148148148,7.13,7.35833333333333,7.24722222222222,7.54318181818182,27,35,12,18,44,1651,995,656,228,655,996,7.78607510599637,8.20340703517588,7.15307926829268,7.14605263157895,7.67624427480916,7.85830321285141,21
"26",2009,8,7.35967741935484,62,7.721875,6.97333333333333,6.6375,7.105,7.48095238095238,32,30,16,20,42,1713,1027,686,244,675,1038,7.77064214827788,8.18840311587147,7.14521865889213,7.11270491803279,7.65931851851852,7.84303468208092,22
"27",2009,9,7.48186813186813,91,8.059375,6.83720930232558,7,7.37407407407407,7.52734375,48,43,17,27,64,1804,1075,729,261,702,1102,7.75607538802661,8.18264186046512,7.12705075445816,7.10536398467433,7.64834757834758,7.82470054446461,23
"28",2009,10,7.62467532467532,77,8.05232558139535,7.08382352941176,7.1,7.44615384615385,7.7156862745098,43,34,11,26,51,1881,1118,763,272,728,1153,7.75069643806486,8.17762969588551,7.125124508519,7.10514705882353,7.64112637362638,7.81987857762359,24
"29",2009,11,7.48253012048193,83,7.8343137254902,6.921875,6.45454545454545,7.43653846153846,7.50350877192982,51,32,11,26,57,1964,1169,795,283,754,1210,7.73936354378819,8.16265183917879,7.11694339622642,7.07985865724382,7.63407161803714,7.80497520661157,25
"30",2009,12,7.68352941176471,85,7.85254237288136,7.3,7.5,7.40322580645161,7.84444444444444,59,26,9,31,54,2049,1228,821,292,785,1264,7.73704734016593,8.14775244299674,7.12274056029233,7.09280821917808,7.62495541401274,7.80666139240506,26
"31",2010,1,7.26058823529412,102,7.72,6.83584905660377,6.52941176470588,7.0876,7.31675324675325,49,53,17,25,77,2151,1277,874,309,810,1341,7.71445374244537,8.13133907595928,7.10534324942792,7.06181229773463,7.60837037037037,7.77853094705444,27
"32",2010,2,7.69469696969697,66,8.22285714285714,7.09838709677419,6.56875,7.4875,7.78478260869565,35,31,8,20,46,2217,1312,905,317,830,1387,7.71386558412269,8.13378048780488,7.10510497237569,7.0493690851735,7.6054578313253,7.77873828406633,28
"33",2010,3,7.49274193548387,62,7.8828947368421,6.875,6.25,7.453125,7.50652173913043,38,24,8,16,46,2279,1350,929,325,846,1433,7.70784993418166,8.12671851851852,7.09916038751346,7.02969230769231,7.6025768321513,7.77,29
"34",2010,4,7.37765957446809,47,7.95238095238095,6.91346153846154,6.94444444444444,6.57352941176471,7.83333333333333,21,26,9,17,30,2326,1371,955,334,863,1463,7.70117798796217,8.12404814004376,7.09410471204189,7.02739520958084,7.58230590961761,7.7712987012987,30
"35",2010,5,7.66290322580645,62,8.20294117647059,7.00714285714286,6.93846153846154,7.53571428571429,7.7,34,28,13,14,48,2388,1405,983,347,877,1511,7.70018425460636,8.12595729537366,7.09162767039675,7.02406340057637,7.58156214367161,7.7690337524818,31
"36",2010,6,7.58725490196078,51,7.80166666666667,7.28095238095238,7.01,7.33421052631579,7.7375,30,21,10,19,32,2439,1435,1004,357,896,1543,7.69782287822878,8.11917770034843,7.09558764940239,7.02366946778711,7.57631696428572,7.76837977965003,32
"37",2010,7,7.32264150943396,53,7.98709677419355,6.38636363636364,7.09090909090909,7.00588235294118,7.47222222222222,31,22,11,17,36,2492,1466,1026,368,913,1579,7.68984349919743,8.11638472032742,7.08038011695906,7.02567934782609,7.56569550930997,7.76162761241292,33
"38",2010,8,7.29765625,64,7.7,6.86935483870968,6.55555555555556,7.14722222222222,7.35652173913043,33,31,9,18,46,2556,1499,1057,377,931,1625,7.6800234741784,8.10721814543029,7.07419110690634,7.01445623342175,7.55760472610097,7.75016,34
"39",2010,9,7.36794871794872,39,8.0425,6.65789473684211,5.9,7.50555555555556,7.32666666666667,20,19,5,9,30,2595,1519,1076,382,940,1655,7.67533333333333,8.10636603028308,7.06684014869889,6.99986910994764,7.55710638297873,7.7424833836858,35
"40",2010,10,7.29242424242424,66,7.83055555555556,6.64666666666667,6.84615384615385,6.77272727272727,7.55227272727273,36,30,13,22,44,2661,1555,1106,395,962,1699,7.66583615182262,8.0999807073955,7.05544303797468,6.99481012658228,7.5391683991684,7.73755738669806,36
"41",2010,11,7.42441558441558,77,8.0795,6.71621621621622,6.44444444444444,6.75590909090909,7.69181818181818,40,37,18,22,55,2738,1595,1143,413,984,1754,7.65904674945215,8.0994670846395,7.04446194225722,6.97082324455206,7.52165650406504,7.73612314709236,37
"42",2010,12,7.45990099009901,101,8.09017857142857,6.67555555555556,6.821875,7.26875,7.51948051948052,56,45,16,24,77,2839,1651,1188,429,1008,1831,7.65196195843607,8.09915202907329,7.03048821548821,6.96526806526806,7.51563492063492,7.72701256144183,38
"43",2011,1,7.58333333333333,72,8.08333333333333,6.88333333333333,7,7.65625,7.5625,42,30,10,16,56,2911,1693,1218,439,1024,1887,7.65026451391274,8.09875959834613,7.02686371100164,6.96605922551253,7.51783203125,7.72213036565978,39
"44",2011,2,7.489,60,7.85774193548387,7.0948275862069,6.7,7.10588235294118,7.64046511627907,31,29,10,17,43,2971,1724,1247,449,1041,1930,7.64700774150118,8.09442575406032,7.02844426623897,6.96013363028953,7.51110470701249,7.72031088082901,40
"45",2011,3,7.48645833333333,48,8.25869565217391,6.776,7.03636363636364,7.21666666666667,7.60909090909091,23,25,11,15,33,3019,1747,1272,460,1056,1963,7.6444551175886,8.09658843732112,7.02348270440251,6.96195652173913,7.50692234848485,7.71844116148752,41
"46",2011,4,7.57460317460317,63,7.83783783783784,7.2,7.12,7.39411764705882,7.64130434782609,37,26,10,17,46,3082,1784,1298,470,1073,2009,7.6430272550292,8.09122197309417,7.02701848998459,6.96531914893617,7.50513513513514,7.71667496266799,42
"47",2011,5,7.62244897959184,49,8.11034482758621,6.915,7.225,7.1,7.75641025641026,29,20,8,10,39,3131,1813,1318,478,1083,2048,7.64270520600447,8.091527854385,7.0253186646434,6.96966527196653,7.50139427516159,7.717431640625,43
"48",2011,6,7.61041666666667,48,8.065,7.28571428571429,6.77777777777778,7.35,7.740625,20,28,9,16,32,3179,1833,1346,487,1099,2080,7.64221767851525,8.09123840698309,7.03073551263001,6.96611909650924,7.49919017288444,7.71778846153846,44
"49",2011,7,7.65254237288136,59,8.10344827586207,7.21666666666667,7.07058823529412,7.67692307692308,7.64565217391304,29,30,17,13,46,3238,1862,1376,504,1112,2126,7.64240580605312,8.09142857142857,7.03478924418605,6.96964285714286,7.50126798561151,7.71622765757291,45
"50",2011,8,7.35892857142857,56,7.64285714285714,7.075,7.45,6.77333333333333,7.57317073170732,28,28,10,15,41,3294,1890,1404,514,1127,2167,7.63758652094717,8.08478306878307,7.03559116809117,6.97898832684825,7.49157941437445,7.71352099676973,46
"51",2011,9,7.76395348837209,43,8.14423076923077,7.18235294117647,6.875,7.34615384615385,7.945,26,17,8,13,30,3337,1916,1421,522,1140,2197,7.63921486364998,8.0855897703549,7.03734693877551,6.97739463601533,7.48992105263158,7.71668183887119,47
"52",2011,10,7.38559322033898,59,8.13888888888889,6.75,6.44444444444444,7.34722222222222,7.40243902439024,27,32,9,18,41,3396,1943,1453,531,1158,2238,7.634808598351,8.08633041688111,7.03101858224363,6.9683615819209,7.48770293609672,7.71092493297587,48
"53",2011,11,7.30461538461538,65,8.05972222222222,6.36724137931034,7.10454545454545,7.025,7.39591836734694,36,29,11,16,49,3461,1979,1482,542,1174,2287,7.62860733891938,8.08584638706417,7.01802968960864,6.97112546125461,7.48139693356048,7.70417577612593,49
"54",2011,12,7.3890625,64,7.78837209302326,6.57142857142857,6.5625,7.38095238095238,7.39302325581395,43,21,8,21,43,3525,2022,1503,550,1195,2330,7.62425815602837,8.07952027695351,7.01178975382568,6.96518181818182,7.47963179916318,7.69843347639485,50
"55",2012,1,7.21304347826087,69,8.046875,6.49189189189189,6.27777777777778,7.18571428571429,7.22,32,37,9,14,55,3594,2054,1540,559,1209,2385,7.6163633834168,8.07901168451801,6.9992987012987,6.954114490161,7.47622828784119,7.68740041928721,51
"56",2012,2,7.65454545454545,55,7.9825,6.78,6.45,7.71764705882353,7.62631578947368,40,15,10,17,38,3649,2094,1555,569,1226,2423,7.6169388873664,8.07716809933142,6.99718327974277,6.94525483304042,7.47957585644372,7.68644242674371,52
"57",2012,3,7.7,53,7.98888888888889,7.08823529411765,7.25,7.84375,7.63783783783784,36,17,6,16,37,3702,2130,1572,575,1242,2460,7.61812803889789,8.07567605633802,6.9981679389313,6.9484347826087,7.48426731078905,7.68571138211382,53
"58",2012,4,7.32021276595745,47,7.75740740740741,6.73,6.35714285714286,6.86875,7.55322580645161,27,20,7,16,31,3749,2157,1592,582,1258,2491,7.6143931715124,8.07169216504404,6.99479899497488,6.94132302405498,7.47643879173291,7.68406262545163,54
"59",2012,5,7.09358974358974,39,7.45833333333333,6.51,7.5,6.69230769230769,7.29423076923077,24,15,4,13,26,3788,2181,1607,586,1271,2517,7.60903115100317,8.06494268684089,6.99027380211574,6.94513651877133,7.46841856805665,7.6800357568534,55
"60",2012,6,7.18139534883721,43,7.6,6.81739130434783,6.94285714285714,7.09090909090909,7.2125,20,23,7,11,32,3831,2201,1630,593,1282,2549,7.60423127120856,8.06071785552021,6.98783435582822,6.94510961214165,7.46517940717629,7.67416633974107,56
"61",2012,7,7.42065217391304,46,7.6,7.28269230769231,7.42307692307692,7.40909090909091,7.42428571428571,20,26,13,11,35,3877,2221,1656,606,1293,2584,7.60205313386639,8.05656911301215,6.99246376811594,6.95536303630363,7.4647022428461,7.67078173374613,57
"62",2012,8,7.44326923076923,52,7.625,7.1525,6.85714285714286,6.96428571428571,7.61973684210526,32,20,7,14,38,3929,2253,1676,613,1307,2622,7.59995164163909,8.05043941411451,6.99437350835322,6.95424143556281,7.45934200459067,7.67004195270786,58
"63",2012,9,7.72717391304348,46,8.13214285714286,7.09722222222222,7.42857142857143,7.61666666666667,7.76617647058824,28,18,7,12,34,3975,2281,1694,620,1319,2656,7.60142389937107,8.05144234984655,6.99546635182999,6.95959677419355,7.460773313116,7.67127259036145,59
"64",2012,10,7.26779661016949,59,7.6953125,6.76111111111111,6.88636363636364,7.02894736842105,7.38125,32,27,11,19,40,4034,2313,1721,631,1338,2696,7.59654437283093,8.04651534803285,6.99178965717606,6.95832012678288,7.45464125560538,7.66696958456973,60
"65",2012,11,7.34117647058823,51,7.69285714285714,6.91304347826087,7.16,7.33888888888889,7.34242424242424,28,23,5,18,33,4085,2341,1744,636,1356,2729,7.59335618115055,8.04228534814181,6.99075114678899,6.95990566037736,7.45310471976401,7.66304507145474,61
"66",2012,12,7.29745762711864,59,7.85757575757576,6.58653846153846,7.5,7.06052631578947,7.41,33,26,7,19,40,4144,2374,1770,643,1375,2769,7.58914333976834,8.03971777590564,6.98481355932203,6.96578538102644,7.44768,7.6593896713615,62
"67",2013,1,7.39920634920635,63,8.1125,6.82857142857143,6.96428571428571,7.65952380952381,7.26904761904762,28,35,14,21,42,4207,2402,1805,657,1396,2811,7.5862990254338,8.04056619483763,6.98178393351801,6.96575342465753,7.45086676217765,7.65355745286375,63
"68",2013,2,7.15208333333333,48,7.8875,6.41666666666667,5.96666666666667,7.275,7.11111111111111,24,24,9,12,36,4255,2426,1829,666,1408,2847,7.58140070505288,8.03905193734542,6.97436850738108,6.95225225225225,7.44936789772727,7.64669827889006,64
"69",2013,3,7.48260869565217,46,7.928125,6.46428571428571,5.625,7.39285714285714,7.521875,32,14,4,14,32,4301,2458,1843,670,1422,2879,7.58034410602185,8.03760781122864,6.97049376017363,6.94432835820895,7.44881153305204,7.6453108718305,65
"70",2013,4,7.54268292682927,41,7.68870967741935,7.09,6.75,8.16666666666667,7.3671875,31,10,4,9,32,4342,2489,1853,674,1431,2911,7.57998848456932,8.03326235435918,6.97113869400971,6.94317507418398,7.45332634521314,7.64225352112676,66
"71",2013,5,7.14473684210526,38,7.28571428571429,6.97058823529412,6.58333333333333,6.88461538461539,7.28,21,17,6,13,25,4380,2510,1870,680,1444,2936,7.57621232876712,8.02700796812749,6.97113368983957,6.94,7.44820637119114,7.6391689373297,67
"72",2013,6,7.24,50,7.92592592592593,6.43478260869565,7.14285714285714,7.19230769230769,7.25675675675676,27,23,7,13,37,4430,2537,1893,687,1457,2973,7.57241760722347,8.02593220338983,6.96461701003698,6.94206695778748,7.4459231297186,7.63440968718466,68
"73",2013,7,7.46136363636364,44,7.85416666666667,6.99,6.86363636363636,7.32142857142857,7.52666666666667,24,20,11,14,30,4474,2561,1913,698,1471,3003,7.57132543585159,8.02432253026161,6.96488238369054,6.94083094555874,7.44473827328348,7.63333333333333,69
"74",2013,8,7.0530303030303,33,7.48863636363636,6.18181818181818,6.57142857142857,6.575,7.26086956521739,22,11,7,10,23,4507,2583,1924,705,1481,3026,7.56753050809851,8.01975996902826,6.9604054054054,6.93716312056738,7.43886563133018,7.63050231328486,70
"75",2013,9,7.17857142857143,42,7.55769230769231,6.5625,7.4,7.8,6.984375,26,16,5,10,32,4549,2609,1940,710,1491,3058,7.56393932732469,8.01515523188961,6.9571237113402,6.94042253521127,7.44128772635815,7.62374100719424,71
"76",2013,10,7.39166666666667,30,8.01923076923077,6.91176470588235,7.1875,7.16666666666667,7.41666666666667,13,17,8,3,27,4579,2622,1957,718,1494,3085,7.56281065734876,8.01517543859648,6.95672968829841,6.94317548746518,7.44073627844712,7.62192868719611,72
"77",2013,11,7.62105263157895,57,8.06857142857143,6.90909090909091,6.75,7.69333333333333,7.59523809523809,35,22,8,15,42,4636,2657,1979,726,1509,3127,7.56352674719586,8.01587881068874,6.95620010106114,6.94104683195592,7.44324718356528,7.62157019507515,73
"78",2013,12,7.28478260869565,46,7.888,6.56666666666667,7.1,7.41666666666667,7.23823529411765,25,21,7,12,34,4682,2682,2000,733,1521,3161,7.56078812473302,8.01468680089485,6.95211,6.94256480218281,7.44303747534517,7.61744701043973,74
"79",2014,1,7.39230769230769,65,7.7,6.98571428571429,6.96666666666667,7.725,7.31698113207547,37,28,9,12,53,4747,2719,2028,742,1533,3214,7.55848114598694,8.01040456050018,6.95257396449704,6.94285714285714,7.4452446183953,7.6124922215308,75
"80",2014,2,7.40263157894737,38,7.75263157894737,7.05263157894737,6.25,7.31666666666667,7.44230769230769,19,19,2,12,26,4785,2738,2047,744,1545,3240,7.5572434691745,8.0086157779401,6.95350268685882,6.94099462365591,7.44424595469256,7.61112654320987,76
"81",2014,3,7.679,50,7.75666666666667,7.5625,7.13333333333333,7.95454545454545,7.60128205128205,30,20,6,11,39,4835,2768,2067,750,1556,3279,7.55850258531541,8.00588511560693,6.95939525882922,6.94253333333333,7.44785347043702,7.61100945410186,77
"82",2014,4,7.18518518518519,27,7.88461538461539,6.53571428571429,6.75,7,7.26315789473684,13,14,6,8,19,4862,2781,2081,756,1564,3298,7.55642945290004,8.00531823085221,6.95654493032196,6.94100529100529,7.44556265984655,7.60900545785324,78
"83",2014,5,7.94954545454545,22,8.07615384615385,7.76666666666667,6.46666666666667,8,7.930625,13,9,3,6,16,4884,2794,2090,759,1570,3314,7.55820024570024,8.00564781675017,6.96003349282297,6.93913043478261,7.44768152866242,7.61055823777912,79
"84",2014,6,7.68421052631579,19,8,7,9,8.64285714285714,7.125,13,6,2,7,12,4903,2807,2096,761,1577,3326,7.5586885580257,8.00562166013537,6.96014790076336,6.94454664914586,7.45298668357641,7.60880637402285,80
"85",2014,7,7.61481481481481,27,8.21176470588235,6.6,6.875,7.7,7.59545454545455,17,10,4,5,22,4930,2824,2106,765,1582,3348,7.55899594320487,8.00686260623229,6.95843779677113,6.94418300653595,7.45376738305942,7.60871863799283,81
"86",2014,8,6.94827586206897,29,8,6.39473684210526,6.42857142857143,6,7.05769230769231,10,19,7,3,26,4959,2834,2125,772,1585,3374,7.55542448074208,8.00683839096683,6.95339764705882,6.93950777202072,7.45101577287066,7.60447243627741,82
"87",2014,9,7.82352941176471,34,8.5,6.58333333333333,6.5,7.65,7.89583333333333,22,12,3,10,24,4993,2856,2137,775,1595,3398,7.55725015021029,8.01063725490195,6.9513196069256,6.9378064516129,7.45226332288401,7.6065303119482,83
"88",2014,10,7.41914893617021,47,7.848,6.93181818181818,6.72222222222222,7.44545454545455,7.41111111111111,25,22,9,11,36,5040,2881,2159,784,1606,3434,7.5559623015873,8.00922596320721,6.9511208893006,6.93533163265306,7.45221668742217,7.60448165404776,84
"89",2014,11,7.25681818181818,44,7.54166666666667,6.915,6.95454545454545,6.94444444444444,7.33714285714286,24,20,11,9,35,5084,2905,2179,795,1615,3469,7.55337332808812,8.00536316695352,6.95078935291418,6.93559748427673,7.44938699690402,7.60178437590083,85
"90",2014,12,7.53636363636364,44,8.136,6.74736842105263,7.0625,7.19230769230769,7.68064516129032,25,19,8,13,31,5128,2930,2198,803,1628,3500,7.55322737909516,8.00647781569965,6.94903093721565,6.93686176836862,7.44733415233415,7.60248285714285,86
"91",2015,1,7.78410256410256,39,8.43952380952381,7.01944444444444,6.56111111111111,7.48,7.88896551724138,21,18,9,10,29,5167,2951,2216,812,1638,3529,7.55497000193536,8.00955947136563,6.94960288808664,6.93269704433497,7.44753357753358,7.60483706432417,87
"92",2015,2,7.6,25,8.375,6.88461538461539,6.83333333333333,7.94444444444444,7.40625,12,13,3,9,16,5192,2963,2229,815,1647,3545,7.55518682588598,8.01103948700641,6.94922386720502,6.93233128834356,7.45024893746205,7.6039407616361,88
"93",2015,3,6.84705882352941,34,7.58666666666667,6.26315789473684,6.27777777777778,6.35714285714286,6.97407407407407,15,19,9,7,27,5226,2978,2248,824,1654,3572,7.55057979334099,8.00890194761584,6.94342526690391,6.92518203883495,7.44562273276904,7.599179731243,89
"94",2015,4,8.02954545454545,22,8.16071428571429,7.8,7.1,8.16666666666667,7.978125,14,8,4,6,16,5248,2992,2256,828,1660,3588,7.55258765243902,8.00961229946523,6.94646276595745,6.92602657004831,7.44822891566265,7.60086956521739,90
"95",2015,5,7.10178571428571,28,7.91071428571429,6.29285714285714,5.16666666666667,7.125,7.08888888888889,14,14,3,10,18,5276,3006,2270,831,1670,3606,7.55019522365428,8.00915169660678,6.94243171806167,6.91967509025271,7.44629341317365,7.59831392124237,91
"96",2015,6,7.82954545454545,22,8.14583333333333,7.45,9,7.75,7.85294117647059,12,10,1,5,17,5298,3018,2280,832,1675,3623,7.55135522838807,8.00969516235917,6.94465789473684,6.92217548076923,7.4472,7.59950869445211,92
"97",2015,7,7.3,31,7.95882352941176,6.5,6.5,7.55555555555556,7.19545454545455,17,14,4,9,22,5329,3035,2294,836,1684,3645,7.54989303809345,8.00941021416803,6.94194420226678,6.92015550239234,7.44777909738717,7.59706995884773,93
"98",2015,8,7.25625,32,7.525,6.80833333333333,7,7.3,7.24814814814815,20,12,2,5,27,5361,3055,2306,838,1689,3672,7.54814027233725,8.00623895253682,6.94124891587164,6.9203460620525,7.44734162226169,7.59450435729847,94
"99",2015,9,7.42567567567568,37,8.125,6.4,6.14285714285714,6.85,7.63888888888889,22,15,7,10,27,5398,3077,2321,845,1699,3699,7.54730085216747,8.00708807279817,6.93775096940974,6.91390532544379,7.44382577987051,7.59482833198161,95
"100",2015,10,7.72894736842105,38,8.05,7.11153846153846,6.95714285714286,7.08333333333333,7.92931034482759,25,13,7,9,29,5436,3102,2334,852,1708,3728,7.5485706401766,8.00743391360412,6.93871893744645,6.91426056338028,7.4419262295082,7.59743025751073,96
"101",2015,11,7.74375,32,8.115,7.125,6.9,7.575,7.845,20,12,5,12,20,5468,3122,2346,857,1720,3748,7.54971287490856,8.00812299807815,6.93967178175618,6.91417736289381,7.44285465116279,7.59875133404482,97
"102",2015,12,7.34868421052632,38,8.23809523809524,6.25,5.71428571428571,7,7.42741935483871,21,17,7,7,31,5506,3143,2363,864,1727,3779,7.54832546313113,8.00965956092904,6.93471011426153,6.90445601851852,7.44105964099595,7.59734585869277,98
"103",2016,1,7.6553488372093,43,8.2075,6.95789473684211,7.5625,8.17142857142857,7.555,24,19,8,7,36,5549,3167,2382,872,1734,3815,7.54915480266715,8.0111588253868,6.93489504617968,6.91049311926605,7.44400807381776,7.59694626474443,99
"104",2016,2,7.64961914893617,47,8.03440333333333,6.97058823529412,6.0625,7.35384615384615,7.76270882352941,30,17,8,13,34,5596,3197,2399,880,1747,3849,7.54999858827734,8.01137694713794,6.9351479783243,6.90278409090909,7.44333714939897,7.59841052221356,100
"105",2016,3,7.22659574468085,47,7.85384615384615,6.45,6.875,6.995,7.28918918918919,26,21,10,10,37,5643,3223,2420,890,1757,3886,7.54730499734184,8.01010614334471,6.93093801652893,6.90247191011236,7.44078542970973,7.59546631497684,101
"106",2016,4,7.76744186046512,43,8.08333333333333,7.03846153846154,7,7.34090909090909,7.9140625,30,13,7,11,32,5686,3253,2433,897,1768,3918,7.54896976785086,8.01078146326468,6.93151253596383,6.90323299888517,7.44016402714932,7.59806842776927,102
"107",2016,5,7.94848484848485,33,7.97727272727273,7.89090909090909,7.75,7.33333333333333,8.08518518518519,22,11,4,6,27,5719,3275,2444,901,1774,3945,7.5512750655709,8.01055636641221,6.93583060556465,6.9069922308546,7.43980270574972,7.60140230671736,103
"108",2016,6,7.14677419354839,31,8.14642857142857,6.32352941176471,6.57142857142857,7.375,6.95882352941176,14,17,7,14,17,5750,3289,2461,908,1788,3962,7.54909427826087,8.01113472179994,6.93160097521333,6.90440528634361,7.43929530201342,7.59864515396264,104
"109",2016,7,7.34,30,8.7,6.55263157894737,6.33333333333333,7.31818181818182,7.35263157894737,11,19,9,11,19,5780,3300,2480,917,1799,3981,7.54800901384083,8.01343093939394,6.92869758064516,6.89880043620501,7.43855475264036,7.59747101230846,105
"110",2016,8,7.69459459459459,37,7.95769230769231,7.07272727272727,7,7.5,7.725,26,11,4,5,32,5817,3326,2491,921,1804,4013,7.54894139590854,8.01299521948286,6.92933360096347,6.89923995656895,7.43872505543237,7.59848793919761,106
"111",2016,9,7.78888888888889,36,8.09545454545455,7.30714285714286,7.33333333333333,7.5,7.825,22,14,3,4,32,5853,3348,2505,924,1808,4045,7.55041723902272,8.01353706690561,6.93144510978044,6.90064935064935,7.43886061946903,7.6002798763906,107
"112",2016,10,7.5027027027027,37,7.82272727272727,7.03333333333333,7.4,7.45,7.5109375,22,15,5,5,32,5890,3370,2520,929,1813,4077,7.55011750424448,8.01229142433234,6.93205158730159,6.90333692142088,7.43889134031991,7.59957863625214,108
"113",2016,11,8.00285714285714,35,8.25416666666667,7.45454545454545,7.6,7.7,8.124,24,11,5,10,25,5925,3394,2531,934,1823,4102,7.55279191561181,8.01400179728933,6.93432240221256,6.90706638115632,7.44032364234778,7.60277476840565,109
"114",2016,12,7.6225,40,7.96818181818182,7.2,7.16666666666667,7.76,7.60285714285714,22,18,3,5,35,5965,3416,2549,937,1828,4137,7.55325936295054,8.01370670374707,6.9361985092193,6.90789754535752,7.44119803063457,7.60277546531303,110
"115",2017,1,7.70192307692308,52,8.1875,6.925,6.5625,7.31818181818182,7.80487804878049,32,20,8,11,41,6017,3448,2569,945,1839,4178,7.5545441415988,8.01531963457076,6.93611132736473,6.90497354497354,7.44046220772159,7.60475876017233,111
"116",2017,2,7.48076923076923,26,8.1,6.63636363636364,7.33333333333333,7.85714285714286,7.34210526315789,15,11,3,7,19,6043,3463,2580,948,1846,4197,7.55422672513652,8.01568642795264,6.93483333333333,6.90632911392405,7.44204225352113,7.60356971646414,112
"117",2017,3,7.41333333333333,45,7.73076923076923,6.97894736842105,6.53,7.5,7.39459459459459,26,19,10,8,37,6088,3489,2599,958,1854,4234,7.55318529894875,8.01356322728575,6.93515582916506,6.90240083507307,7.44229234088457,7.60174352857817,113
"118",2017,4,7.50454545454545,44,7.65769230769231,7.28333333333333,7.22857142857143,7.72857142857143,7.46216216216216,26,18,7,7,37,6132,3515,2617,965,1861,4271,7.55283628506197,8.01093089615932,6.93755063049293,6.90476683937824,7.44336915636754,7.60053432451416,114
"119",2017,5,7.83548387096774,31,8.15,7.4,6.875,7.58333333333333,7.896,18,13,4,6,25,6163,3533,2630,969,1867,4296,7.5542580074639,8.01163942824795,6.93983650190114,6.9046439628483,7.44381896089984,7.60225374767225,115
"120",2017,6,8.47142857142857,28,8.6375,8.25,8.16666666666667,8.78571428571429,8.36666666666667,16,12,6,7,21,6191,3549,2642,975,1874,4317,7.55840608948473,8.01446100309946,6.94578728236185,6.91241025641026,7.44883137673426,7.60597222608293,116
"121",2017,7,7.58893617021277,47,8.09848484848485,6.38785714285714,6.58333333333333,6.84375,7.74179487179487,33,14,6,8,39,6238,3582,2656,981,1882,4356,7.5586361173453,8.0152350921273,6.94284638554217,6.91039755351682,7.44625929861849,7.60718826905418,117
"122",2017,8,8.06202898550725,69,8.50777777777778,7.22625,6.28571428571429,7.43571428571429,8.22145454545455,45,24,7,14,55,6307,3627,2680,988,1896,4411,7.56414334866022,8.02134604356217,6.94538432835821,6.90597165991903,7.44618143459916,7.61484744955792,118
"123",2017,9,8.005,60,8.206,7,7.2,8,8.006,50,10,5,10,50,6367,3677,2690,993,1906,4461,7.56829780116224,8.02385697579548,6.94558736059479,6.90745216515609,7.4490870933893,7.61923158484645,119
"124",2017,10,7.89926470588235,68,8.5075,7.03035714285714,7.06666666666667,7.68214285714286,7.95555555555556,40,28,9,14,54,6435,3717,2718,1002,1920,4515,7.5717951981352,8.02906163572774,6.94646063281825,6.90888223552894,7.45078645833333,7.62325406423034,120
"125",2017,11,7.742,65,8.088125,6.76470588235294,5.91666666666667,7.79545454545455,7.73111111111111,48,17,6,11,54,6500,3765,2735,1008,1931,4569,7.57349724615385,8.02981463479416,6.94533089579525,6.90297619047619,7.4527498705334,7.62452880280149,121
"126",2017,12,7.81475409836066,61,8.14761904761905,7.07894736842105,7.5625,7.34615384615385,7.94166666666667,42,19,8,13,48,6561,3807,2754,1016,1944,4617,7.57574029873495,8.03111428946677,6.94625272331155,6.90816929133858,7.45203703703704,7.62782588260775,122
"127",2018,1,7.66287878787879,66,7.91829268292683,7.244,6.94444444444444,7.62727272727273,7.67,41,25,9,11,55,6627,3848,2779,1025,1955,4672,7.57660813339369,8.02991218814969,6.94893127024109,6.90848780487805,7.45302301790281,7.62832236729452,123
"128",2018,2,7.51754385964912,57,7.88181818181818,7.01666666666667,6.72727272727273,6.5,7.63725490196078,33,24,11,6,51,6684,3881,2803,1036,1961,4723,7.57610444344704,8.02865295027055,6.94951123795933,6.90656370656371,7.4501070882203,7.62841882278213,124
"129",2018,3,7.60853658536585,41,8.01041666666667,7.04117647058824,6.9,7.65555555555556,7.5953125,24,17,4,9,32,6725,3905,2820,1040,1970,4755,7.57630217100372,8.02854087067861,6.95006382978723,6.90653846153846,7.45104568527919,7.62819602523659,125
"130",2018,4,7.64166666666667,48,8.26666666666667,6.6,6.64285714285714,7.28571428571429,7.70243902439024,30,18,7,7,41,6773,3935,2838,1047,1977,4796,7.57676540676214,8.03035631512071,6.94784355179704,6.90477554918816,7.4504602933738,7.62883071309424,126
"131",2018,5,7.78811956521739,46,8.13075806451613,7.08,7.24,8.82,7.66228048780488,31,15,5,5,41,6819,3966,2853,1052,1982,4837,7.57819117172606,8.03114109934443,6.94853838065194,6.90636882129278,7.45391523713421,7.62911424436634,127
"132",2018,6,7.69779411764706,34,8.24880952380952,6.80769230769231,7.08333333333333,7.9125,7.63173076923077,21,13,6,8,26,6853,3987,2866,1058,1990,4863,7.57878456150591,8.03228758465011,6.9478995115143,6.90737240075614,7.45575879396985,7.62912823360066,128
"133",2018,7,7.90763157894737,38,8.30346153846154,7.05,7.26,7.81111111111111,7.93758620689655,26,12,5,9,29,6891,4013,2878,1063,1999,4892,7.58059796836453,8.03404450535759,6.94832522585128,6.90903104421449,7.45735867933967,7.63095678659035,129
"134",2018,8,8.1125,40,8.28965517241379,7.64545454545455,7.55,7.85,8.178125,29,11,2,8,32,6931,4042,2889,1065,2007,4924,7.58366766700332,8.03587842652152,6.95097957770855,6.91023474178404,7.45892376681614,7.63451271324127,130
"135",2018,9,7.814,50,7.971875,7.53333333333333,6.86,8.28,7.76222222222222,32,18,5,5,45,6981,4074,2907,1070,2012,4969,7.58531737573413,8.03537569955817,6.95458548331613,6.91,7.46096421471173,7.63566926947072,131
"136",2018,10,7.94569047619048,42,8.1191,7.51216666666667,6.54866666666667,8.132,7.92051351351351,30,12,3,5,37,7023,4104,2919,1073,2017,5006,7.58747253310551,8.03598771929824,6.95687769784172,6.90898974836906,7.46262766484878,7.63777459049141,132
"137",2018,11,7.38684210526316,38,7.80909090909091,6.80625,6.58571428571429,6.5,7.58709677419355,22,16,7,7,31,7061,4126,2935,1080,2024,5037,7.58639280555162,8.03477789626757,6.95605655877342,6.90689444444445,7.45929841897233,7.63746269604924,133
"138",2018,12,7.79744186046512,43,7.96884615384615,7.53529411764706,6.5,7.4,7.91787878787879,26,17,4,10,33,7104,4152,2952,1084,2034,5070,7.58767027027027,8.03436502890173,6.95939227642276,6.90539298892989,7.45900688298918,7.63928788954635,134
"139",2019,1,7.65131830508475,59,8.01258176470588,7.16,6.88571428571429,7.25555555555556,7.7225556,34,25,7,9,50,7163,4186,2977,1091,2043,5120,7.58819452464051,8.03418809842331,6.96107692307692,6.90526672777269,7.45811062163485,7.64010105078125,135
"140",2019,2,7.62625,40,7.97647058823529,7.36739130434783,7.25,7.88333333333333,7.58088235294118,17,23,2,6,34,7203,4203,3000,1093,2049,5154,7.58840585589337,8.03395464668094,6.964192,6.90589752973468,7.45935578330893,7.63971039580908,136
"141",2019,3,7.97297872340426,47,8.43666666666667,7.15470588235294,6.65,8.525,7.85974358974359,30,17,5,8,39,7250,4233,3017,1098,2057,5193,7.59089894896552,8.03680873612095,6.96526549552535,6.90473224043716,7.46350024307243,7.64136286924706,137
"142",2019,4,7.57266666666667,45,8.24178571428572,6.47058823529412,6.5,7.44444444444444,7.60472222222222,28,17,8,9,36,7295,4261,3034,1106,2066,5229,7.59078648115147,8.03815568645858,6.96249373764008,6.90180470162749,7.46341723136495,7.64111061005928,138
"143",2019,5,7.5325,40,7.96190476190476,7.05789473684211,7.66666666666667,7.625,7.509375,21,19,6,8,32,7335,4282,3053,1112,2074,5261,7.5904686271302,8.03778173283512,6.96308745496233,6.90593165467626,7.46404050144648,7.6403093290249,139
"144",2019,6,7.65151515151515,33,7.676,7.575,7.35,6,7.75806451612903,25,8,2,2,31,7368,4307,3061,1114,2076,5292,7.59074204397394,8.03568176921291,6.9646867036916,6.9067289048474,7.46263005780347,7.64099912698413,140
"145",2019,7,7.57564102564103,39,8.29722222222222,6.95714285714286,5.875,7.4375,7.61129032258065,18,21,8,8,31,7407,4325,3082,1122,2084,5323,7.5906625327393,8.03677026127168,6.96463530175211,6.89937254901961,7.46253358925144,7.64082610933684,141
"146",2019,8,7.75961538461539,52,8.3969696969697,6.65263157894737,6.76666666666667,7.91,7.72380952380952,33,19,9,10,42,7459,4358,3101,1131,2094,5365,7.59184037806676,8.0394977925654,6.96272363753628,6.89831653404067,7.46467048710602,7.64147574650513,142
"147",2019,9,7.08461538461538,26,8.22857142857143,5.75,5.7,7.11111111111111,7.07058823529412,14,12,5,9,17,7485,4372,3113,1136,2103,5382,7.59007847428189,8.04010324336688,6.95804882749759,6.89304225352113,7.46315739419876,7.63967249721293,143
"148",2019,10,7.86896551724138,29,8.17777777777778,7.36363636363636,7,7.45714285714286,8,18,11,6,7,22,7514,4390,3124,1142,2110,5404,7.59115482832047,8.0406677403189,6.95947695262484,6.89360420315236,7.46313744075829,7.641139411547,144
"149",2019,11,7.49756756756757,37,7.78823529411765,7.2505,7.28571428571429,7.541,7.48148148148148,17,20,7,10,27,7551,4407,3144,1149,2120,5431,7.59069624950337,8.03969398230088,6.96132824427481,6.89599303742385,7.46350471698113,7.64034567851224,145
"150",2019,12,7.45555555555556,45,8.22222222222222,6.30555555555556,6.5,7.61111111111111,7.41666666666667,27,18,5,9,36,7596,4434,3162,1154,2129,5467,7.58989565297525,8.04080545331529,6.95759519291587,6.89427729636049,7.46412869891968,7.63887276019755,146
"151",2020,1,7.30975609756098,41,7.84166666666667,6.55882352941176,7.25,7.125,7.35454545454545,24,17,6,8,33,7637,4458,3179,1160,2137,5500,7.58839169569202,8.03973337371018,6.95546272412708,6.89611724137931,7.46285914833879,7.63716679636364,147
"152",2020,2,7.65384615384615,39,7.92857142857143,7.33333333333333,6.66666666666667,7.38461538461539,7.78846153846154,21,18,3,13,26,7676,4479,3197,1163,2150,5526,7.58872425482022,8.03921218575575,6.95759024085079,6.89552536543422,7.46238604651163,7.63787864277959,148
"153",2020,3,7.96029411764706,34,8.31666666666667,7.38461538461539,6.83333333333333,7.5,8.03965517241379,21,13,3,5,29,7710,4500,3210,1166,2155,5555,7.59036282490272,8.04050697333333,6.95931962616822,6.8953653516295,7.46247331786543,7.6399761260126,149
"154",2020,4,7.82115384615385,26,8.18571428571429,7.39583333333333,7.05,7.20833333333333,8.005,14,12,5,6,20,7736,4514,3222,1171,2161,5575,7.59113849276111,8.04095732831192,6.96094537554314,6.89602561912895,7.46176770013882,7.64128562869955,150
"155",2020,5,7.7880555,40,8.01239307692308,7.37142857142857,6.6,7.81111111111111,7.78136193548387,26,14,5,9,31,7776,4540,3236,1176,2170,5606,7.59215144032921,8.04079374449339,6.96272126081582,6.89476700680272,7.46321658986175,7.64206022119158,151
"156",2020,6,7.51333333333333,30,7.76190476190476,6.93333333333333,7.53333333333333,7.46363636363636,7.54210526315789,21,9,3,11,19,7806,4561,3245,1179,2181,5625,7.59184852677427,8.03950966893225,6.96263975346687,6.89639185750636,7.46321870701513,7.64172259555555,152
"157",2020,7,7.7875,32,8.4375,7.1375,7.02857142857143,8.5,7.62307692307692,16,16,7,6,26,7838,4577,3261,1186,2187,5651,7.59264730798673,8.04090093948001,6.96349770009199,6.89717200674536,7.46606310013717,7.64163680764466,153
"158",2020,8,7.46052631578947,38,8.04166666666667,6.46428571428571,6,6.71428571428571,7.62903225806452,24,14,5,7,31,7876,4601,3275,1191,2194,5682,7.59200985271711,8.04090493371006,6.96136366412214,6.89340554156172,7.4636645396536,7.64156803942274,154
"159",2020,9,7.84690476190476,42,8.12913043478261,7.50526315789474,8.25,8.19666666666667,7.75151515151515,23,19,4,9,33,7918,4624,3294,1195,2203,5715,7.59336190957312,8.04134377162629,6.96450091074681,6.89794644351465,7.4666591012256,7.64220290463692,155
"160",2020,10,7.79814814814815,54,8.24117647058823,7.045,6.58333333333333,7.6,7.83260869565217,34,20,6,8,46,7972,4658,3314,1201,2211,5761,7.59474907175113,8.04280240446543,6.96498672299336,6.8963746877602,7.46714156490276,7.64372324249262,156
"161",2020,11,8.12327586206897,58,8.36578947368421,7.6625,7.07142857142857,8.48,7.99883720930233,38,20,7,15,43,8030,4696,3334,1208,2226,5804,7.59856657534246,8.04541601362862,6.96917096580684,6.89738907284768,7.47396675651392,7.64635416953825,157
"162",2020,12,8.08181818181818,66,8.45714285714286,7.425,6.875,7.93636363636364,8.11090909090909,42,24,4,11,55,8096,4738,3358,1212,2237,5859,7.60250612648221,8.04906576614605,6.97242882668255,6.89731518151815,7.47624050067054,7.6507150708312,158
"163",2021,1,7.84855339622642,53,8.44571428571429,6.68740722222222,6.61111111111111,7.83333333333333,7.85166659090909,35,18,9,9,44,8149,4773,3376,1221,2246,5903,7.60410638483249,8.0519743557511,6.97090916172986,6.89520556920557,7.4776714158504,7.6522129307132,159
"164",2021,2,7.959375,32,8.20909090909091,7.41,7.5,8.125,7.93571428571429,22,10,2,4,28,8181,4795,3386,1223,2250,5931,7.6054960188241,8.05269522419186,6.97220594506792,6.89619460343418,7.47882222222222,7.65355132861237,160
"165",2021,3,7.84,40,8.125,7.175,6.5,8.8,7.52,28,12,2,10,30,8221,4823,3398,1225,2260,5961,7.60663701861087,8.05311499066971,6.97292211006474,6.89554775510204,7.48466814159292,7.65287920315383,161
"166",2021,4,7.70853658536585,41,8.00925925925926,7.12857142857143,7,7.74375,7.7,27,14,1,8,33,8262,4850,3412,1226,2268,5994,7.60714269305253,8.05287084536082,6.97356076494724,6.89563295269168,7.48558201058201,7.65313862696029,162
"167",2021,5,7.5365,40,7.86192307692308,6.93214285714286,7.1,6.75,7.62388888888889,26,14,5,4,36,8302,4876,3426,1231,2272,6030,7.60680232835461,8.05185266611977,6.97339151488616,6.89646303818034,7.48428697183098,7.65296400165837,163
"168",2021,6,8.00483870967742,31,8.25714285714286,7.475,6.375,8.46666666666667,7.95535714285714,21,10,2,3,28,8333,4897,3436,1233,2275,6058,7.60828308292331,8.05273302021646,6.97485137660069,6.89561719383617,7.48558241758242,7.65436165896335,164
"169",2021,7,7.67,30,7.86818181818182,7.125,6.83333333333333,7.08333333333333,7.81666666666667,22,8,3,6,24,8363,4919,3444,1236,2281,6082,7.60850447566662,8.05190762350071,6.97520015389082,6.89546601941748,7.48452433143358,7.65500212594541,165
"170",2021,8,7.75106382978723,47,8.16666666666667,6.77142857142857,4,7,7.90512820512821,33,14,2,8,39,8410,4952,3458,1238,2289,6121,7.60930118073721,8.05267237479806,6.97437516772701,6.89078836833603,7.48283093053735,7.65659580624081,166
"171",2021,9,7.73333333333333,33,8.075,7.20769230769231,6.9,7.1,7.84642857142857,20,13,5,5,28,8443,4972,3471,1243,2294,6149,7.60978596825773,8.05276218825422,6.97524901469317,6.89082542236525,7.48199651264167,7.65746022605301,167
"172",2021,10,8.13103448275862,29,8.2047619047619,7.9375,7.33333333333333,8.5,8.05416666666667,21,8,3,5,24,8472,4993,3479,1246,2299,6173,7.61157022308782,8.0534014820749,6.97746172175912,6.89189085072231,7.48421052631579,7.6590025805929,168
"173",2021,11,7.65135135135135,37,7.7625,7.44615384615385,7,7.55,7.66363636363636,24,13,6,4,33,8509,5017,3492,1252,2303,6206,7.61174320484193,8.05200988638629,6.97920656643757,6.8924089456869,7.48432479374728,7.65902722043184,169
"174",2021,12,7.76981132075472,53,8.11176470588235,7.15789473684211,7.16666666666667,6.6875,7.96222222222222,34,19,3,8,45,8562,5051,3511,1255,2311,6251,7.61272166900257,8.05241211641259,6.98017354884648,6.89306454183267,7.48156642146257,7.66120987521996,170
"175",2022,1,7.99366666666667,60,8.383,7.215,6,8,7.99309090909091,40,20,2,5,55,8622,5091,3531,1257,2316,6306,7.61537264323823,8.0550095462581,6.98150363353157,6.89164359586317,7.48268566493955,7.66410449254678,171
"176",2022,2,8.15555555555556,36,8.19230769230769,8.06,8,8,8.16,26,10,2,1,35,8658,5117,3541,1259,2317,6341,7.61761872603372,8.05570717217119,6.98454937305845,6.89340428911835,7.48290893396633,7.6668416543132,172
"177",2022,3,7.63414634146341,41,8.25,6.76470588235294,7,8.35714285714286,7.48529411764706,24,17,1,7,34,8699,5141,3558,1260,2324,6375,7.61769662374985,8.05661419957207,6.98349896852164,6.89348888888889,7.4855421686747,7.66587340078431,173
"178",2022,4,7.97307692307692,39,8.36851851851852,7.08333333333333,7,8.33333333333333,7.94305555555556,27,12,1,3,36,8738,5168,3570,1261,2327,6411,7.61928277981231,8.05824373065015,6.98383454621848,6.89357335448057,7.48663515255694,7.66742987521447,174
"179",2022,5,7.57446808510638,47,8.04545454545454,6.46428571428571,5.9,7.125,7.61627906976744,33,14,5,4,43,8785,5201,3584,1266,2331,6454,7.61904301992032,8.05816258411843,6.98180505859375,6.88964928909953,7.48601458601459,7.66708908118996,175
"180",2022,6,7.4815,40,7.73269230769231,7.015,7.03333333333333,8.18714285714286,7.33181818181818,26,14,3,7,33,8825,5227,3598,1269,2338,6487,7.61841959546742,8.05654363879854,6.98193422178988,6.8899889676911,7.48811377245509,7.66538352551256,176
"181",2022,7,7.87096774193548,31,8.05,7.54545454545455,8.125,8.16666666666667,7.83928571428571,20,11,4,3,28,8856,5247,3609,1273,2341,6515,7.61930362804878,8.05651869639794,6.98365179551122,6.89386959937157,7.4889833404528,7.66613091788181,177
"182",2022,8,7.79347826086957,46,8.30645161290323,6.73333333333333,7.16666666666667,8.66666666666667,7.6625,31,15,3,6,40,8902,5278,3624,1276,2347,6555,7.620203654235,8.05798666161425,6.98261570916114,6.89451097178684,7.49199403493822,7.66610876125095,178
"183",2022,9,7.92857142857143,21,7.94117647058824,7.875,7,7.5,8.02941176470588,17,4,1,4,17,8923,5295,3628,1277,2351,6572,7.62092938809817,8.05761163361662,6.98359959481808,6.89459357870008,7.49200765631646,7.66704852860621,179
"184",2022,10,7.22857142857143,49,7.59310344827586,6.7,6.625,7.7,7.175,29,20,4,5,44,8972,5324,3648,1281,2356,6616,7.61878655037895,8.05508144252441,6.98204477247807,6.89375175644028,7.49244906621392,7.66377613814994,180
"185",2022,11,7.53941176470588,34,7.907,7.01428571428571,7.34,7.96666666666667,7.44785714285714,20,14,5,6,28,9006,5344,3662,1286,2362,6644,7.61848688985121,8.05452724550898,6.98216803113053,6.8954867807154,7.49365368331922,7.66286618452739,181
"186",2022,12,7.66,50,8.03225806451613,7.05263157894737,6.5,8.19230769230769,7.47297297297297,31,19,6,13,37,9056,5375,3681,1292,2375,6681,7.61871609209364,8.05439880930232,6.98253173865797,6.89365015479876,7.49747789473684,7.66181453824278,182
