"","year","month","avg_rating","no_ratings","avg_rating_owned","avg_rating_not_owned","avg_rating_prev_owned","avg_rating_comment","avg_rating_no_comment","no_ratings_owned","no_ratings_not_owned","no_ratings_prev_owned","no_ratings_comment","no_ratings_no_comment","cum_no_ratings","cum_no_ratings_owned","cum_no_ratings_not_owned","cum_no_ratings_prev_owned","cum_no_ratings_comment","cum_no_ratings_no_comment","cum_avg_rating","cum_avg_rating_owned","cum_avg_rating_not_owned","cum_avg_rating_prev_owned","cum_avg_rating_comment","cum_avg_rating_no_comment","month_after_release"
"1",2007,3,5,3,5,5,NA,6,4.5,2,1,0,1,2,3,2,1,0,1,2,5,5,5,NA,6,4.5,0
"2",2007,4,5.42857142857143,14,5.95,4.125,NA,4.9,5.72222222222222,10,4,0,5,9,17,12,5,0,6,11,5.35294117647059,5.79166666666667,4.3,NA,5.08333333333333,5.5,1
"3",2007,5,5.68181818181818,11,6.3,5.16666666666667,NA,5.1875,7,5,6,0,8,3,28,17,11,0,14,14,5.48214285714286,5.94117647058824,4.77272727272727,NA,5.14285714285714,5.82142857142857,2
"4",2007,6,6.1,10,6.125,6,7,5.75,6.33333333333333,8,2,1,4,6,38,25,13,1,18,20,5.64473684210526,6,4.96153846153846,7,5.27777777777778,5.975,3
"5",2007,7,6.375,4,6.83333333333333,5,NA,5,6.83333333333333,3,1,0,1,3,42,28,14,1,19,23,5.71428571428571,6.08928571428571,4.96428571428571,7,5.26315789473684,6.08695652173913,4
"6",2007,8,6.6,4,5.96666666666667,8.5,NA,7,6.2,3,1,0,2,2,46,31,15,1,21,25,5.79130434782609,6.07741935483871,5.2,7,5.42857142857143,6.096,5
"7",2007,9,6.20833333333333,12,6.72222222222222,4.66666666666667,NA,6,6.5,9,3,0,7,5,58,40,18,1,28,30,5.87758620689655,6.2225,5.11111111111111,7,5.57142857142857,6.16333333333333,6
"8",2007,10,5.64705882352941,17,6.3,4.71428571428571,6,5.33333333333333,6,10,7,1,9,8,75,50,25,2,37,38,5.82533333333333,6.238,5,6.5,5.51351351351351,6.12894736842105,7
"9",2007,11,5.83529411764706,17,6.1,5.45714285714286,6.5,6,5.74545454545455,10,7,1,6,11,92,60,32,3,43,49,5.82717391304348,6.215,5.1,6.5,5.58139534883721,6.04285714285714,8
"10",2007,12,6.125,8,6.33333333333333,5.5,NA,NA,6.125,6,2,0,0,8,100,66,34,3,43,57,5.851,6.22575757575758,5.12352941176471,6.5,5.58139534883721,6.05438596491228,9
"11",2008,1,7,9,7.125,6.9,7,7.5,6.85714285714286,4,5,1,2,7,109,70,39,4,45,64,5.94587155963303,6.27714285714286,5.35128205128205,6.625,5.66666666666667,6.1421875,10
"12",2008,2,6.1,10,6.14285714285714,6,NA,6.75,5.66666666666667,7,3,0,4,6,119,77,42,4,49,70,5.95882352941176,6.26493506493506,5.39761904761905,6.625,5.75510204081633,6.10142857142857,11
"13",2008,3,6.35,10,6.33333333333333,6.375,NA,6.42857142857143,6.16666666666667,6,4,0,7,3,129,83,46,4,56,73,5.98914728682171,6.26987951807229,5.48260869565217,6.625,5.83928571428571,6.1041095890411,12
"14",2008,4,5.64285714285714,14,6.1875,4.91666666666667,5,5.2,5.88888888888889,8,6,1,5,9,143,91,52,5,61,82,5.95524475524475,6.26263736263736,5.41730769230769,6.3,5.78688524590164,6.08048780487805,13
"15",2008,5,6.41847826086957,46,6.81666666666667,5.671875,6.3,6.20238095238095,6.6,30,16,5,21,25,189,121,68,10,82,107,6.06798941798942,6.4,5.47720588235294,6.3,5.89329268292683,6.20186915887851,14
"16",2008,6,5.77170454545455,44,6.12,5.31342105263158,5.5,5.58775,5.925,25,19,3,20,24,233,146,87,13,102,131,6.01203862660944,6.35205479452055,5.4414367816092,6.11538461538461,5.83338235294118,6.15114503816794,15
"17",2008,7,5.51951219512195,41,5.90434782608696,5.02777777777778,4.95,5.265,5.76190476190476,23,18,10,20,21,274,169,105,23,122,152,5.93833941605839,6.29112426035503,5.37052380952381,5.60869565217391,5.74020491803279,6.09736842105263,16
"18",2008,8,6.02727272727273,44,6.34827586206897,5.40666666666667,4.72,5.875,6.11428571428571,29,15,5,16,28,318,198,120,28,138,180,5.95064465408805,6.29949494949495,5.37504166666667,5.45,5.75583333333333,6.1,17
"19",2008,9,5.86315789473684,19,6.34,5.33333333333333,5,5.7,5.95833333333333,10,9,1,7,12,337,208,129,29,145,192,5.94571216617211,6.30144230769231,5.37213178294574,5.43448275862069,5.75313793103448,6.09114583333333,18
"20",2008,10,5.80869565217391,46,6.02058823529412,5.20833333333333,4,5.875,5.75769230769231,34,12,3,20,26,383,242,141,32,165,218,5.92925587467363,6.26198347107438,5.3581914893617,5.3,5.76790909090909,6.05137614678899,19
"21",2008,11,5.5,31,6.15625,4.8,4,4.83333333333333,5.92105263157895,16,15,4,12,19,414,258,156,36,177,237,5.89711352657005,6.25542635658915,5.30451923076923,5.15555555555556,5.70454802259887,6.04092827004219,20
"22",2008,12,5.72692307692308,26,5.99166666666667,5.5,6,5.34615384615385,6.10769230769231,12,14,3,13,13,440,270,170,39,190,250,5.88705681818182,6.2437037037037,5.32061764705882,5.22051282051282,5.68002631578947,6.0444,21
"23",2009,1,5.67285714285714,35,5.80714285714286,5.47142857142857,5.8125,5.67222222222222,5.67352941176471,21,14,8,18,17,475,291,184,47,208,267,5.87127368421053,6.21219931271478,5.33209239130435,5.32127659574468,5.67935096153846,6.02078651685393,22
"24",2009,2,5.71428571428571,28,5.72727272727273,5.66666666666667,6,5.8,5.66666666666667,22,6,3,10,18,503,313,190,50,218,285,5.86253479125249,6.17811501597444,5.34265789473684,5.362,5.68488532110092,5.99842105263158,23
"25",2009,3,5.79875,40,5.91363636363636,5.65833333333333,6.3,5.16153846153846,6.10555555555556,22,18,5,13,27,543,335,208,55,231,312,5.85783609576427,6.16074626865672,5.36997596153846,5.44727272727273,5.6554329004329,6.00769230769231,24
"26",2009,4,5.86206896551724,29,6.23333333333333,5.46428571428571,4.66666666666667,5.875,5.85714285714286,15,14,3,8,21,572,350,222,58,239,333,5.8580506993007,6.16385714285714,5.37592342342342,5.40689655172414,5.66278242677824,5.9981981981982,25
"27",2009,5,5.79767441860465,43,5.94285714285714,5.65909090909091,5.72222222222222,5.625,5.86451612903226,21,22,9,12,31,615,371,244,67,251,364,5.85382926829268,6.15134770889488,5.40145491803279,5.44925373134328,5.66097609561753,5.98681318681319,26
"28",2009,6,6.12666666666667,30,6.38421052631579,5.68181818181818,5.66666666666667,6.16666666666667,6.10952380952381,19,11,3,9,21,645,390,255,70,260,385,5.86651937984496,6.16269230769231,5.41354901960784,5.45857142857143,5.67848076923077,5.99350649350649,27
"29",2009,7,5.50172413793103,29,5.4375,5.58076923076923,6.83333333333333,5.2,5.66052631578947,16,13,3,10,19,674,406,268,73,270,404,5.8508234421365,6.13411330049261,5.42166044776119,5.51506849315068,5.66075925925926,5.97784653465347,28
"30",2009,8,5.81034482758621,29,5.9375,5.65384615384615,5.75,6.13636363636364,5.61111111111111,16,13,4,11,18,703,422,281,77,281,422,5.84915362731152,6.12665876777251,5.43240213523132,5.52727272727273,5.67937722419929,5.9622037914692,29
"31",2009,9,5.476,25,5.92142857142857,4.90909090909091,5.25,5.39,5.53333333333333,14,11,4,10,15,728,436,292,81,291,437,5.83633928571429,6.12006880733945,5.41268835616438,5.51358024691358,5.66943298969072,5.94748283752861,30
"32",2009,10,5.74,25,5.82142857142857,5.63636363636364,5.5,4.94444444444444,6.1875,14,11,4,9,16,753,450,303,85,300,453,5.83314077025232,6.11077777777778,5.42080858085809,5.51294117647059,5.64768333333333,5.95596026490066,31
"33",2009,11,6.44074074074074,27,6.6,6.0625,6,5.9375,6.65263157894737,19,8,3,8,19,780,469,311,88,308,472,5.85417307692308,6.13059701492538,5.43731511254019,5.52954545454545,5.65521103896104,5.98400423728814,32
"34",2009,12,5.50416666666667,48,6.00666666666667,4.66666666666667,4.42857142857143,5.3,5.5969696969697,30,18,7,15,33,828,499,329,95,323,505,5.83388285024155,6.12314629258517,5.39515197568389,5.44842105263158,5.63871517027864,5.95871287128713,33
"35",2010,1,5.75641025641026,39,6.012,5.3,5,5.5,5.8030303030303,25,14,6,6,33,867,524,343,101,329,538,5.83039792387543,6.11784351145038,5.39126822157434,5.42178217821782,5.63618541033435,5.94916356877324,34
"36",2010,2,5.98684210526316,19,6.34090909090909,5.5,6.66666666666667,6.0625,5.93181818181818,11,8,3,8,11,886,535,351,104,337,549,5.83375282167043,6.12242990654206,5.39374643874644,5.45769230769231,5.64630563798219,5.9488160291439,35
"37",2010,3,5.64,25,5.734375,5.47222222222222,5.70833333333333,5.54166666666667,5.73076923076923,16,9,6,12,13,911,551,360,110,349,562,5.82843578485181,6.11116152450091,5.39570833333333,5.47136363636364,5.64270773638968,5.94377224199288,36
"38",2010,4,5.68181818181818,22,6.43333333333333,4.07142857142857,5.5,6.16666666666667,5.5,15,7,2,6,16,933,566,367,112,355,578,5.82497856377278,6.11969964664311,5.37044959128065,5.471875,5.65156338028169,5.93148788927336,37
"39",2010,5,5.476,25,6.06,4.6,5.16666666666667,5,5.7,15,10,6,8,17,958,581,377,118,363,595,5.81587160751566,6.11815834767642,5.35001326259947,5.45635593220339,5.63720385674931,5.92487394957983,38
"40",2010,6,5.59090909090909,22,5.92307692307692,5.11111111111111,5,4.7,5.85294117647059,13,9,5,5,17,980,594,386,123,368,612,5.81082142857143,6.11388888888889,5.34444300518135,5.43780487804878,5.62447010869565,5.92287581699346,39
"41",2010,7,5.75,26,6.08823529411765,5.11111111111111,5.9,5.22222222222222,6.02941176470588,17,9,5,9,17,1006,611,395,128,377,629,5.80924950298211,6.11317512274959,5.33912658227848,5.455859375,5.61486737400531,5.92575516693164,40
"42",2010,8,5.6421875,32,5.62777777777778,5.66071428571429,5.6,5.66666666666667,5.63653846153846,18,14,5,6,26,1038,629,409,133,383,655,5.80409922928709,6.09928457869635,5.35013447432763,5.46127819548872,5.61567885117494,5.91427480916031,41
"43",2010,9,5.53571428571429,21,5.59722222222222,5.16666666666667,4.5,6.125,5.39705882352941,18,3,2,4,17,1059,647,412,135,387,672,5.79877714825307,6.08531684698609,5.34879854368932,5.44703703703704,5.62094315245478,5.90119047619048,42
"44",2010,10,5.55,28,5.88571428571429,5.21428571428571,5.55555555555556,5.28333333333333,5.75,14,14,9,12,16,1087,661,426,144,399,688,5.79236890524379,6.08108925869894,5.3443779342723,5.45381944444444,5.61078947368421,5.89767441860465,43
"45",2010,11,5.8448275862069,29,6.26470588235294,5.25,5.8,5.83333333333333,5.84782608695652,17,12,5,6,23,1116,678,438,149,405,711,5.79373207885305,6.08569321533924,5.34179223744292,5.46543624161074,5.61408641975309,5.89606188466948,44
"46",2010,12,5.46153846153846,13,6,5.125,5.25,5,5.66666666666667,5,8,4,4,9,1129,683,446,153,409,720,5.78990699734278,6.08506588579795,5.33790358744394,5.45980392156863,5.60808068459658,5.89319444444445,45
"47",2011,1,5.76,25,6.02631578947368,4.91666666666667,7,4,6,19,6,1,3,22,1154,702,452,154,412,742,5.78925909878683,6.08347578347579,5.33231194690265,5.4698051948052,5.5963713592233,5.89636118598383,46
"48",2011,2,5.86923076923077,26,6.11666666666667,5.3125,4.5,5.32,6,18,8,2,5,21,1180,720,460,156,417,763,5.79102118644068,6.08430555555556,5.33196739130435,5.4573717948718,5.59305755395684,5.89921363040629,47
"49",2011,3,5.26642857142857,28,5.89176470588235,4.3,3.96,5.5,5.18857142857143,17,11,5,7,21,1208,737,471,161,424,784,5.77886175496689,6.07986431478969,5.30786624203822,5.41086956521739,5.59152122641509,5.88017857142857,48
"50",2011,4,5.45925681818182,22,6.17883214285714,4.2,5,6,5.4051825,14,8,3,2,20,1230,751,479,164,426,804,5.77314524390244,6.08170925432757,5.28936325678497,5.40335365853659,5.59343896713615,5.86836274875622,49
"51",2011,5,5.59470588235294,17,6.011,5,5.875,5,5.8425,10,7,4,5,12,1247,761,486,168,431,816,5.77071263031275,6.08078009198423,5.28519547325103,5.41458333333333,5.58655452436195,5.86798241421569,50
"52",2011,6,5.76470588235294,17,6.33333333333333,4.4,3.25,5.91666666666667,5.68181818181818,12,5,2,6,11,1264,773,491,170,437,827,5.77063184335443,6.08470071151359,5.27618126272912,5.38911764705882,5.59108695652174,5.86550622732769,51
"53",2011,7,6.26666666666667,24,6.43529411764706,5.85714285714286,5,5.7,6.41578947368421,17,7,4,5,19,1288,790,498,174,442,846,5.77987472826087,6.09224512658228,5.28434738955823,5.3801724137931,5.59231900452489,5.87786483451537,52
"54",2011,8,5.75757575757576,33,5.91666666666667,5.33333333333333,6,5.33333333333333,5.85185185185185,24,9,4,6,27,1321,814,507,178,448,873,5.77931767600303,6.08706836609337,5.28521696252465,5.39410112359551,5.58885044642857,5.87706030927835,53
"55",2011,9,5.625,20,5.78125,5,5.33333333333333,6,5.46428571428571,16,4,3,6,14,1341,830,511,181,454,887,5.77701614466816,6.08117307228916,5.2829843444227,5.39309392265193,5.59428414096916,5.87054526493799,54
"56",2011,10,5.72380952380952,21,5.74615384615385,5.6875,6.16666666666667,4,5.81,13,8,3,1,20,1362,843,519,184,455,907,5.77619577826725,6.07600670225386,5.28921965317919,5.40570652173913,5.59078021978022,5.86921019845645,55
"57",2011,11,5.98392857142857,28,6.062,5.33333333333333,5,7,5.862,25,3,1,3,25,1390,868,522,185,458,932,5.78038032374101,6.07560328341014,5.28947318007663,5.40351351351351,5.60001091703057,5.86901679184549,56
"58",2011,12,5.65357142857143,28,5.69545454545455,5.5,6,5.2,5.75217391304348,22,6,2,5,23,1418,890,528,187,463,955,5.77787633991537,6.06620634831461,5.29186553030303,5.40989304812834,5.59569114470842,5.86620277486911,57
"59",2012,1,5.559375,32,5.82222222222222,5.22142857142857,5.75,5.4375,5.6,18,14,4,8,24,1450,908,542,191,471,979,5.77305424137931,6.06136965859031,5.29004612546125,5.41701570680628,5.5930042462845,5.85967686414709,58
"60",2012,2,5.91923076923077,26,6.3,5.0625,4.4,5.975,5.90909090909091,18,8,5,4,22,1476,926,550,196,475,1001,5.77562916666666,6.06600826133909,5.28673636363636,5.39107142857143,5.59622105263158,5.86076288711289,59
"61",2012,3,5.40434782608696,23,5.51764705882353,5.08333333333333,6,4.71428571428571,5.70625,17,6,4,7,16,1499,943,556,200,482,1017,5.76993238825884,6.05612264050902,5.28454136690647,5.40325,5.58341286307054,5.8583320058997,60
"62",2012,4,5.41481481481481,27,5.68421052631579,4.775,5.25,5.33333333333333,5.425,19,8,4,3,24,1526,962,564,204,485,1041,5.763649180865,6.04877718295218,5.27731382978723,5.40024509803922,5.58186597938144,5.8483416426513,61
"63",2012,5,5.05,20,5.66666666666667,4.125,4.5,4.5,5.28571428571429,12,8,2,6,14,1546,974,572,206,491,1055,5.75441697930142,6.04406945585216,5.26119755244755,5.39150485436893,5.56864562118126,5.84087549763033,62
"64",2012,6,5.32142857142857,28,5.59090909090909,4.33333333333333,3.5,5,5.45,22,6,2,8,20,1574,996,578,208,499,1075,5.74671451715375,6.03405988955823,5.25156574394464,5.37331730769231,5.55952905811623,5.83360339534884,63
"65",2012,7,5.82947368421053,19,5.72222222222222,5.926,6.25,6.1,5.73285714285714,9,10,2,5,14,1593,1005,588,210,504,1089,5.74770160075329,6.03126731343284,5.26303571428571,5.38166666666667,5.56489087301587,5.83230821854913,64
"66",2012,8,5.33333333333333,18,6,4.28571428571429,3.75,4,5.5,11,7,2,2,16,1611,1016,595,212,506,1105,5.7430717877095,6.03092878937008,5.25153781512605,5.36627358490566,5.55870553359684,5.8274965158371,65
"67",2012,9,5.7,20,6.07142857142857,4.83333333333333,4,5.75,5.6875,14,6,1,4,16,1631,1030,601,213,510,1121,5.74254362354384,6.03147927184466,5.24736272878536,5.35985915492958,5.56020588235294,5.82549834968778,66
"68",2012,10,4.92692307692308,26,5.8,3.27777777777778,3.75,4.0625,5.31111111111111,17,9,2,8,18,1657,1047,610,215,518,1139,5.72974571514786,6.02772077363897,5.21830327868852,5.34488372093023,5.53707528957529,5.81736931518876,67
"69",2012,11,5.99461538461538,26,6.25647058823529,5.5,5.25,6.05142857142857,5.97368421052632,17,9,6,7,19,1683,1064,619,221,525,1158,5.73383758169935,6.03137561090226,5.22239903069467,5.34230769230769,5.54393333333333,5.81993406735751,68
"70",2012,12,5.85,20,6.0625,5,5,7,5.64705882352941,16,4,1,3,17,1703,1080,623,222,528,1175,5.73520179095713,6.03183671296296,5.22097110754414,5.34076576576577,5.55220643939394,5.81743289361702,69
"71",2013,1,5.7421052631579,38,6.15909090909091,5.16875,4.92857142857143,5.6,5.76363636363636,22,16,7,5,33,1741,1102,639,229,533,1208,5.73535246984492,6.03437717785844,5.21966353677621,5.32816593886463,5.55265478424015,5.81596328642384,70
"72",2013,2,5.44772727272727,22,6.08333333333333,4.685,5,5.45833333333333,5.44375,12,10,4,6,16,1763,1114,649,233,539,1224,5.7317632728304,6.03490453321365,5.21142526964561,5.3225321888412,5.55160482374768,5.81109775326797,71
"73",2013,3,5.94,25,6.2,4.9,5.875,5.77777777777778,6.03125,20,5,4,9,16,1788,1134,654,237,548,1240,5.73467486017897,6.03781626984127,5.20904434250764,5.33185654008439,5.55531934306569,5.81393842741936,72
"74",2013,4,6,24,6.125,5.75,5.75,6,6,16,8,4,2,22,1812,1150,662,241,550,1262,5.7381891004415,6.03902926086957,5.21558157099698,5.33879668049793,5.55693636363636,5.81718197305864,73
"75",2013,5,5.98333333333333,18,6.05384615384615,5.8,5.875,6.04,5.96153846153846,13,5,4,5,13,1830,1163,667,245,555,1275,5.74060035519126,6.03919488392089,5.21996251874063,5.34755102040816,5.56128828828829,5.81865384313725,74
"76",2013,6,5.48888888888889,18,6.06666666666667,4.33333333333333,4.66666666666667,4.88333333333333,5.79166666666667,12,6,3,6,12,1848,1175,673,248,561,1287,5.73814862012987,6.03947544680851,5.21205794947994,5.33931451612903,5.55403743315508,5.81840221445221,75
"77",2013,7,5.5,19,5.66666666666667,4.875,4,5,5.67857142857143,15,4,1,5,14,1867,1190,677,249,566,1301,5.7357250401714,6.03477617647059,5.21006646971935,5.33393574297189,5.54914310954064,5.8168975019216,76
"78",2013,8,5.3,30,6.08823529411765,4.26923076923077,4.57142857142857,5.35714285714286,5.28260869565217,17,13,7,7,23,1897,1207,690,256,573,1324,5.72883429098577,6.03552912178956,5.19234057971014,5.3130859375,5.54679755671902,5.80761604984894,77
"79",2013,9,4.95555555555556,18,5.59090909090909,3.95714285714286,4.54,5,4.93846153846154,11,7,5,5,13,1915,1218,697,261,578,1337,5.72156587467363,6.03151366995074,5.17993543758967,5.29827586206897,5.54206747404844,5.79916503365744,78
"80",2013,10,5.86111111111111,18,6.21875,3,5.5,6.16666666666667,5.8,16,2,4,3,15,1933,1234,699,265,581,1352,5.722865312985,6.03394136952998,5.17369814020029,5.30132075471698,5.5452925989673,5.79917429733728,79
"81",2013,11,5.54347826086957,23,5.6,5.4375,5.2,6,5.5,15,8,5,2,21,1956,1249,707,270,583,1373,5.72075595603272,6.02872990392314,5.17668316831683,5.29944444444445,5.54685248713551,5.79459843408594,80
"82",2013,12,5.73846153846154,26,5.91,5.16666666666667,5.2,5.4,5.86315789473684,20,6,5,7,19,1982,1269,713,275,590,1392,5.72098821897074,6.02685866824271,5.17659887798036,5.29763636363636,5.54511016949153,5.79553423132184,81
"83",2014,1,5.422,25,5.50263157894737,5.16666666666667,5.75,6.34,5.1925,19,6,2,5,20,2007,1288,719,277,595,1412,5.71726390134529,6.01912550465839,5.17651599443672,5.30090252707581,5.55178991596639,5.78699266997167,82
"84",2014,2,5.31481481481481,27,5.39473684210526,5.125,5.25,5.33333333333333,5.3125,19,8,2,3,24,2034,1307,727,279,598,1436,5.71192165683382,6.0100486993114,5.17594910591472,5.3005376344086,5.55069397993311,5.77906243036212,83
"85",2014,3,5.54166666666667,12,6,4.625,5.25,NA,5.54166666666667,8,4,2,0,12,2046,1315,731,281,598,1448,5.71092309384164,6.00998756653992,5.17293433652531,5.30017793594306,5.55069397993311,5.77709506215469,84
"86",2014,4,5.23055555555556,36,5.99,4.28125,4.27777777777778,4.66666666666667,5.34333333333333,20,16,9,6,30,2082,1335,747,290,604,1478,5.70261702689721,6.00968812734082,5.15383534136546,5.26844827586207,5.54191225165563,5.76829069688768,85
"87",2014,5,5.60322580645161,31,5.688,5.25,5.83333333333333,5.125,5.7695652173913,25,6,3,8,23,2113,1360,753,293,612,1501,5.70115884997634,6.00377474264706,5.1546015936255,5.27423208191126,5.53646241830065,5.76831022651565,86
"88",2014,6,5.79166666666667,12,6.28571428571429,5.1,5.375,4,5.95454545454545,7,5,4,1,11,2125,1367,758,297,613,1512,5.70166995294118,6.00521847110461,5.15424142480211,5.27558922558923,5.533955954323,5.76966511243386,87
"89",2014,7,5.34615384615385,26,5.9375,4.4,3.66666666666667,4.14285714285714,5.78947368421053,16,10,6,7,19,2151,1383,768,303,620,1531,5.69737268712227,6.00443503253796,5.14442057291667,5.2437293729373,5.51825,5.76991094056172,88
"90",2014,8,5.24638888888889,36,5.87714285714286,4.36333333333333,4.80625,5.42,5.21166666666667,21,15,8,6,30,2187,1404,783,311,626,1561,5.68994908550526,6.00253108974359,5.12945721583653,5.23247588424437,5.51730830670927,5.75918235105701,89
"91",2014,9,5.54347826086957,23,6.23076923076923,4.65,4.65,5,5.69444444444444,13,10,10,5,18,2210,1417,793,321,631,1579,5.68842472850679,6.00462501764291,5.12341109709962,5.21433021806854,5.51320919175911,5.75844436352121,90
"92",2014,10,5.59173913043478,23,6.07928571428571,4.83333333333333,6.25,6.1525,5.47368421052632,14,9,2,4,19,2233,1431,802,323,635,1598,5.6874288625168,6.00535545073375,5.12015586034912,5.22074303405573,5.51723622047244,5.75505860450563,91
"93",2014,11,5.7469696969697,33,6.2075,5.03846153846154,5.58333333333333,5.125,5.83275862068966,20,13,6,4,29,2266,1451,815,329,639,1627,5.68829596204766,6.00814172984149,5.11885276073619,5.2273556231003,5.51478090766823,5.75644354640442,92
"94",2014,12,5.7,36,5.93571428571429,4.875,4.6,6.25,5.63125,28,8,5,4,32,2302,1479,823,334,643,1659,5.68847899652476,6.00677055442867,5.11648238153098,5.21796407185629,5.51935458786936,5.75402872212176,93
"95",2015,1,5.58823529411765,51,5.91666666666667,4.8,4.2,6,5.51162790697674,36,15,5,8,43,2353,1515,838,339,651,1702,5.68630626859329,6.0046294719472,5.11081742243436,5.20294985250738,5.52526113671275,5.74790461222092,94
"96",2015,2,6.04444444444444,27,6.24444444444444,5.64444444444444,5.73333333333333,6.55714285714286,5.865,18,9,6,7,20,2380,1533,847,345,658,1722,5.69036918067227,6.00744530332681,5.11648760330578,5.21217391304348,5.53623860182371,5.74926460511034,95
"97",2015,3,5.47817857142857,28,5.66614285714286,4.91428571428571,4.9,4.66666666666667,5.57556,21,7,6,3,25,2408,1554,854,351,661,1747,5.68790184800665,6.00283310810811,5.11483021077283,5.20683760683761,5.53229198184569,5.74677884945621,96
"98",2015,4,5.72285714285714,35,5.91538461538462,5.16666666666667,5.25,6,5.67666666666667,26,9,6,5,30,2443,1580,863,357,666,1777,5.68840264019648,6.00139408227848,5.1153707995365,5.20756302521009,5.5358033033033,5.74559518851998,97
"99",2015,5,5.76538461538462,26,6.05263157894737,4.98571428571429,4.5,5,5.796,19,7,3,1,25,2469,1599,870,360,667,1802,5.68921330498178,6.00200290806754,5.11432758620689,5.20166666666667,5.535,5.74629447835738,98
"100",2015,6,5.7969696969697,33,6.3125,4.42222222222222,4,5.33333333333333,5.9,24,9,2,6,27,2502,1623,879,362,673,1829,5.69063455235812,6.00659436229205,5.10724118316268,5.19502762430939,5.53320208023774,5.74856350464735,99
"101",2015,7,5.26129032258065,31,5.43636363636364,4.83333333333333,5.125,5.2,5.27307692307692,22,9,4,5,26,2533,1645,888,366,678,1855,5.68538004342677,5.99896817629179,5.10446509009009,5.19426229508197,5.53074483775811,5.74189900269542,100
"102",2015,8,5.79032258064516,31,6.21739130434783,4.5625,4.6,6.33333333333333,5.66,23,8,5,6,25,2564,1668,896,371,684,1880,5.68664884945398,6.0019800059952,5.09962611607143,5.18625336927224,5.5377850877193,5.74080992021276,101
"103",2015,9,5.65925925925926,27,5.94,4.85714285714286,4.83333333333333,5.2,5.76363636363636,20,7,6,5,22,2591,1688,903,377,689,1902,5.68636343110768,6.0012456457346,5.09774640088593,5.18063660477454,5.53533381712627,5.74107394847529,102
"104",2015,10,5.5125,40,5.70689655172414,5,4.66666666666667,5.75,5.48611111111111,29,11,6,4,36,2631,1717,914,383,693,1938,5.6837201254276,5.99627411182295,5.09657002188184,5.17258485639687,5.53657287157287,5.73633779669762,103
"105",2015,11,5.66,30,5.972,4.1,4,5,5.70714285714286,25,5,2,2,28,2661,1742,919,385,695,1966,5.68345270574972,5.99592574626866,5.09114798694233,5.16649350649351,5.53502877697842,5.7359219989827,104
"106",2015,12,5.53225806451613,31,5.27083333333333,6.42857142857143,6.4,5.0625,5.69565217391304,24,7,5,8,23,2692,1766,926,390,703,1989,5.68171160846954,5.98607171574179,5.10125809935205,5.18230769230769,5.52965149359886,5.73545633484163,105
"107",2016,1,5.41388888888889,54,5.5375,4.87,4.74,5.17,5.46931818181818,44,10,5,10,44,2746,1810,936,395,713,2033,5.67644488346686,5.97516720994475,5.09878739316239,5.1767088607595,5.52460729312763,5.72969633546483,106
"108",2016,2,5.30972222222222,36,5.57413793103448,4.21428571428571,4.08333333333333,5.42857142857143,5.28103448275862,29,7,6,7,29,2782,1839,943,401,720,2062,5.67169937095615,5.96884320282762,5.09222163308589,5.16034912718205,5.52367361111111,5.72338634820562,107
"109",2016,3,5.57878787878788,33,5.95652173913043,4.71,4.44285714285714,5,5.63666666666667,23,10,7,3,30,2815,1862,953,408,723,2092,5.67061017761989,5.96869100429645,5.08821091290661,5.14803921568628,5.52150069156293,5.72214275812619,108
"110",2016,4,5.7578125,32,6.04166666666667,4.90625,4.8125,4.83333333333333,5.97115384615385,24,8,4,6,26,2847,1886,961,412,729,2118,5.67159032314717,5.96961964475079,5.08669614984391,5.14478155339806,5.51583676268861,5.72519955146364,109
"111",2016,5,5.83783783783784,37,5.84848484848485,5.75,5.75,6.6,5.71875,33,4,4,5,32,2884,1919,965,416,734,2150,5.67372317961165,5.96753655549765,5.08944559585492,5.15060096153846,5.52322207084469,5.72510355813953,110
"112",2016,6,5.70731707317073,41,6.10344827586207,4.75,4.5,5.77777777777778,5.6875,29,12,4,9,32,2925,1948,977,420,743,2182,5.67419406837607,5.96955988193018,5.08527635619242,5.14440476190476,5.52630551816958,5.72455208524289,111
"113",2016,7,6,15,6,NA,NA,6.5,5.92307692307692,15,0,0,2,13,2940,1963,977,420,745,2195,5.67585634353742,5.96979248599083,5.08527635619242,5.14440476190476,5.52891946308725,5.72572785876993,112
"114",2016,8,5.81707317073171,41,6.1,5.04545454545455,4.83333333333333,5.33333333333333,5.953125,30,11,6,9,32,2981,1993,988,426,754,2227,5.67779860784972,5.97175245860512,5.08483299595142,5.14002347417841,5.52658488063661,5.72899535249214,113
"115",2016,9,5.13636363636364,22,5.29411764705882,4.6,4.5,5,5.15789473684211,17,5,2,3,19,3003,2010,993,428,757,2246,5.67383205128205,5.96602121890547,5.08239174219537,5.13703271028038,5.52449801849406,5.72416413624221,114
"116",2016,10,5.64473684210526,38,5.71428571428571,5.45,5.625,5.66666666666667,5.64285714285714,28,10,4,3,35,3041,2038,1003,432,760,2281,5.67346848076291,5.96256263493621,5.08605682951146,5.14155092592593,5.52505921052632,5.72291654975887,115
"117",2016,11,5.40540540540541,37,5.59375,4.2,4,4,5.52941176470588,32,5,4,3,34,3078,2070,1008,436,763,2315,5.67024615009747,5.95686118357488,5.0816617063492,5.13107798165138,5.5190629095675,5.72007457883369,116
"118",2016,12,5.46,35,5.85217391304348,4.70833333333333,5.3125,5.25,5.50344827586207,23,12,8,6,29,3113,2093,1020,444,769,2344,5.6678823160938,5.9557107740086,5.07726960784314,5.13434684684685,5.51696358907672,5.71739447525597,117
"119",2017,1,5.50625,48,5.75135135135135,4.68181818181818,5.375,4.94444444444444,5.63589743589744,37,11,4,9,39,3161,2130,1031,448,778,2383,5.66542791838026,5.9521608685446,5.07305043646944,5.13649553571429,5.51034061696658,5.71606070079731,118
"120",2017,2,6.234375,32,6.56521739130435,5.38888888888889,5.375,5.65,6.36923076923077,23,9,4,6,26,3193,2153,1040,452,784,2409,5.67112986219856,5.95871000928936,5.07578365384615,5.13860619469027,5.51140943877551,5.7231102739726,119
"121",2017,3,5.71612903225806,31,5.75,5.6,5.33333333333333,4.5,5.95,24,7,3,5,26,3224,2177,1047,455,789,2435,5.67156254652606,5.95640911805236,5.07928844317096,5.13989010989011,5.505,5.72553291581109,120
"122",2017,4,5.645,40,5.83928571428571,5.19166666666667,4.5,5,5.6972972972973,28,12,6,3,37,3264,2205,1059,461,792,2472,5.67123702512255,5.95492183673469,5.08056185080264,5.13156182212582,5.50308712121212,5.72511029530744,121
"123",2017,5,5.58758620689655,29,5.93047619047619,4.6875,5.25,5.00444444444444,5.85,21,8,2,9,20,3293,2226,1067,463,801,2492,5.67050034922563,5.95469121743037,5.07761480787254,5.13207343412527,5.49748439450687,5.72611262038523,122
"124",2017,6,5.53703703703704,27,5.725,5,4,4.875,5.65217391304348,20,7,3,4,23,3320,2246,1074,466,805,2515,5.66941495481928,5.95264588156723,5.07710893854748,5.12478540772532,5.49439130434783,5.72543644135189,123
"125",2017,7,5.61764705882353,34,5.60714285714286,5.66666666666667,5.5,5.33333333333333,5.64516129032258,28,6,2,3,31,3354,2274,1080,468,808,2546,5.66889017590936,5.94839166666667,5.08038425925926,5.12638888888889,5.49379331683168,5.72445901413982,124
"126",2017,8,5.890625,32,6.20833333333333,4.9375,4.8,5.5,5.98076923076923,24,8,5,6,26,3386,2298,1088,473,814,2572,5.6709857206143,5.95110646214099,5.07933363970588,5.12293868921776,5.49383906633907,5.72705001944012,125
"127",2017,9,5.76875,32,5.98888888888889,4.58,NA,5,5.91111111111111,27,5,0,5,27,3418,2325,1093,473,819,2599,5.6719010093622,5.95154522580645,5.07704940530649,5.12293868921776,5.49082417582418,5.7289621585225,126
"128",2017,10,6.08048780487805,41,6.25161290322581,5.55,5.5,7,5.98108108108108,31,10,5,4,37,3459,2356,1103,478,823,2636,5.67674404452154,5.95549348471986,5.08133726201269,5.12688284518829,5.49815917375456,5.73250100531107,127
"129",2017,11,5.94838709677419,31,6.1,5.31666666666667,4.5,6.25,5.9037037037037,25,6,4,4,27,3490,2381,1109,482,827,2663,5.67915691977077,5.95701077278454,5.08261045987376,5.12168049792531,5.50179564691657,5.73423681937664,128
"130",2017,12,5.83714285714286,35,5.83214285714286,5.85714285714286,6.25,4,6.009375,28,7,4,3,32,3525,2409,1116,486,830,2695,5.68072557446809,5.95555942299709,5.08746863799283,5.1309670781893,5.49636746987952,5.73750376623376,129
"131",2018,1,6.24130434782609,46,6.41794871794872,5.25714285714286,4.2,6.28571428571429,6.23333333333333,39,7,4,7,39,3571,2448,1123,490,837,2734,5.68794669560347,5.96292591911765,5.08852626892253,5.12336734693878,5.50296893667861,5.74457668251645,130
"132",2018,2,5.945,32,6.28333333333333,4.93,5,5.5,6.04769230769231,24,8,5,6,26,3603,2472,1131,495,843,2760,5.69022971135165,5.96603667071197,5.08740495137047,5.12212121212121,5.5029478054567,5.74743211956521,131
"133",2018,3,5.928,25,6.25,5.35555555555556,4.75,4.75,6.15238095238095,16,9,6,4,21,3628,2488,1140,501,847,2781,5.69186815049614,5.96786280144694,5.08952192982456,5.11766467065868,5.4993919716647,5.75048998561668,132
"134",2018,4,5.676875,32,5.68866666666667,5.5,NA,4.73333333333333,5.77448275862069,30,2,0,3,29,3660,2518,1142,501,850,2810,5.69173706284153,5.96453639793487,5.0902408056042,5.11766467065868,5.49668823529412,5.75073759786476,133
"135",2018,5,5.34285714285714,35,5.86363636363636,4.46153846153846,4.5,5.6,5.3,22,13,9,5,30,3695,2540,1155,510,855,2840,5.68843238159675,5.96366246062992,5.0831645021645,5.10676470588235,5.49729239766082,5.74597628521126,134
"136",2018,6,5.41904761904762,21,5.82,4.41666666666667,3.75,5.5,5.41052631578947,15,6,2,2,19,3716,2555,1161,512,857,2859,5.68691002421959,5.96281904109589,5.07972006890611,5.10146484375,5.49729871645274,5.74374699195522,135
"137",2018,7,5.80185185185185,27,6.35238095238095,3.875,3.875,5.13333333333333,5.88541666666667,21,6,6,3,24,3743,2576,1167,518,860,2883,5.68773915308576,5.96599481754658,5.07352613538989,5.08725868725869,5.49602906976744,5.74492634408602,136
"138",2018,8,5.38266657142857,35,5.7357332,4.5,4.33333333333333,5.11111111111111,5.47666653846154,25,10,3,9,26,3778,2601,1177,521,869,2909,5.68491291159344,5.96378161476355,5.0686533559898,5.08291746641075,5.49204257767549,5.74252869714678,137
"139",2018,9,5.64411764705882,34,6.01739130434783,4.86363636363636,4,6.48,5.5,23,11,7,5,29,3812,2624,1188,528,874,2938,5.68454905036726,5.96425151676829,5.06675505050505,5.06856060606061,5.49769450800915,5.74013477876106,138
"140",2018,10,5.69722222222222,36,6.184,4.59090909090909,4.08333333333333,3.5,6.13666666666667,25,11,6,6,30,3848,2649,1199,534,880,2968,5.68466761434512,5.96632539826349,5.0623894912427,5.05749063670412,5.48407386363636,5.74414285040431,139
"141",2018,11,5.48148148148148,27,5.80555555555556,4.83333333333333,4.5,6.08333333333333,5.30952380952381,18,9,4,6,21,3875,2667,1208,538,886,2989,5.68325186580645,5.96524033745782,5.06068294701987,5.05334572490706,5.48813205417607,5.74108932084309,140
"142",2018,12,5.42809523809524,42,5.43470588235294,5.4,5.86666666666667,5.83333333333333,5.36055555555556,34,8,6,6,36,3917,2701,1216,544,892,3025,5.6805159509829,5.9585620066642,5.06291529605263,5.06231617647059,5.49045403587444,5.73656065454545,141
"143",2019,1,5.7859649122807,57,5.8906976744186,5.46428571428571,5.4,6.5,5.61521739130435,43,14,10,11,46,3974,2744,1230,554,903,3071,5.68202842979366,5.95749853498542,5.0674837398374,5.06841155234657,5.50275193798449,5.73474307391728,142
"144",2019,2,5.86309523809524,42,6.33620689655172,4.80769230769231,4.92857142857143,5.41666666666667,5.98484848484848,29,13,7,9,33,4016,2773,1243,561,912,3104,5.68392205677291,5.9614590623873,5.06476669348351,5.06666666666667,5.5019024122807,5.73740205541236,143
"145",2019,3,5.78571428571429,42,6.11428571428571,4.14285714285714,4.66666666666667,5.5,5.84285714285714,35,7,3,7,35,4058,2808,1250,564,919,3139,5.68497559881715,5.96336395299145,5.059604,5.0645390070922,5.50188792165397,5.73857788467664,144
"146",2019,4,6.08357142857143,28,6.42095238095238,5.07142857142857,3.83333333333333,5.6,6.18869565217391,21,7,3,5,23,4086,2829,1257,567,924,3162,5.68770704356339,5.96676068575468,5.05966984884646,5.05802469135803,5.50241883116883,5.74185198608475,145
"147",2019,5,5.58793103448276,29,6.1775,4.27777777777778,4.16666666666667,4.75,5.65,20,9,3,2,27,4115,2849,1266,570,926,3189,5.68700388335358,5.96824007722007,5.05411137440758,5.05333333333333,5.50079373650108,5.74107431169645,146
"148",2019,6,5.84777777777778,45,6.09642857142857,5.43823529411765,5.75,5.91666666666667,5.83055555555556,28,17,7,9,36,4160,2877,1283,577,935,3225,5.68874302403846,5.96948765380605,5.05920109119252,5.06178509532062,5.50479679144385,5.74207317209302,147
"149",2019,7,5.4485415625,32,5.51606045454545,5.3,4.9,5.07142857142857,5.5541332,22,10,5,7,25,4192,2899,1293,582,942,3250,5.68690942509542,5.96604667471542,5.0610634184068,5.06039518900344,5.50157643312102,5.74062747999999,148
"150",2019,8,5.87647058823529,34,6.244,4.85555555555556,5.425,5.66666666666667,5.92142857142857,25,9,4,6,28,4226,2924,1302,586,948,3278,5.68843452673923,5.96842315663474,5.05964285714285,5.06288395904437,5.50262130801688,5.74217184563758,149
"151",2019,9,5.87060606060606,33,6.00884615384615,5.35714285714286,5.1,7.75,5.74935483870968,26,7,5,2,31,4259,2950,1309,591,950,3309,5.68984604602019,5.96877942711864,5.06123376623376,5.06319796954315,5.50735263157895,5.7422391387126,150
"152",2019,10,5.63764705882353,34,5.73967741935484,4.58333333333333,6,6.5,5.45285714285714,31,3,1,6,28,4293,2981,1312,592,956,3337,5.68943263685069,5.96639695068769,5.06014100609756,5.06478040540541,5.51358263598326,5.73981100089901,151
"153",2019,11,5.25806451612903,31,5.83333333333333,4.46153846153846,3.83333333333333,5.9,5.13461538461539,18,13,6,5,26,4324,2999,1325,598,961,3363,5.6863400346901,5.96559830276759,5.0542679245283,5.05242474916388,5.51559313215401,5.73513211715729,152
"154",2019,12,6.16136363636364,44,6.33783783783784,5.22857142857143,3,5.32,6.26923076923077,37,7,1,5,39,4368,3036,1332,599,966,3402,5.6911250709707,5.97013481884058,5.05518393393393,5.04899833055092,5.51458074534161,5.74125494121105,153
"155",2020,1,5.61853807017544,57,5.76801595238095,5.2,7,6.7525,5.53295603773585,42,15,3,4,53,4425,3078,1347,602,970,3455,5.6901900519774,5.96737686159844,5.05679658500371,5.05872093023256,5.51968556701031,5.738059617945,154
"156",2020,2,5.9563829787234,47,6.16515151515152,5.46428571428571,4.8,6.6,5.8797619047619,33,14,5,5,42,4472,3111,1361,607,975,3497,5.69298769677996,5.96947476052716,5.06098824393828,5.05658978583196,5.52522564102564,5.73976150414641,155
"157",2020,3,6.05128205128205,39,6.29411764705882,4.4,4.4,5.6,6.11764705882353,34,5,5,5,34,4511,3145,1366,612,980,3531,5.69608534249612,5.97298441335453,5.05856881405563,5.05122549019608,5.52560714285714,5.74340016425941,156
"158",2020,4,5.82910269230769,26,5.7822668,7,NA,5.53,5.90031761904762,25,1,0,5,21,4537,3170,1367,612,985,3552,5.69684761957241,5.97148033123028,5.05998902706656,5.05122549019608,5.52562944162436,5.74432788569819,157
"159",2020,5,5.20540540540541,37,5.265625,4.82,4.05,4.51666666666667,5.33870967741935,32,5,2,6,31,4574,3202,1372,614,991,3583,5.69287224529952,5.96442618675827,5.05911443148688,5.04796416938111,5.51952068617558,5.7408184900921,158
"160",2020,6,5.69642857142857,28,5.72916666666667,5.5,5.33333333333333,5.875,5.66666666666667,24,4,3,4,24,4602,3226,1376,617,995,3607,5.69289388309431,5.96267596094234,5.06039607558139,5.04935170178282,5.52094974874372,5.74032510396451,159
"161",2020,7,5.34,25,5.4,5.1,4.75,4.5,5.41304347826087,20,5,4,2,23,4627,3246,1381,621,997,3630,5.69098717311433,5.95920907270487,5.06053946415641,5.04742351046699,5.51890170511535,5.73825141873278,160
"162",2020,8,5.90266666666667,45,6.04764705882353,5.45454545454545,5.75,5.25,6.00307692307692,34,11,4,6,39,4672,3280,1392,625,1003,3669,5.69302603809932,5.96012580792683,5.06365301724138,5.05192,5.51729312063808,5.74106640774052,161
"163",2020,9,5.4890625,32,5.75,4.55714285714286,3.875,4.1,5.7462962962963,25,7,4,5,27,4704,3305,1399,629,1008,3696,5.69163853103742,5.95853635400907,5.06111865618299,5.04443561208267,5.5102628968254,5.74110461309523,162
"164",2020,10,5.39952380952381,42,5.53764705882353,4.8125,4.33333333333333,5.35,5.40777777777778,34,8,3,6,36,4746,3339,1407,632,1014,3732,5.68905344500632,5.95425056903264,5.05970504619758,5.04106012658228,5.50931459566075,5.73788924169346,163
"165",2020,11,5.864,50,5.94042553191489,4.66666666666667,2,6.46,5.715,47,3,1,10,40,4796,3386,1410,633,1024,3772,5.69087732485405,5.95405866804489,5.05886879432624,5.03625592417062,5.5185986328125,5.73764651378579,164
"166",2020,12,5.78615384615385,65,5.98518518518518,4.80909090909091,4.875,5.1,5.84333333333333,54,11,4,5,60,4861,3440,1421,637,1029,3832,5.69215133717342,5.95454728197674,5.05693525686136,5.03524332810047,5.51656462585034,5.73930131784968,165
"167",2021,1,5.94153846153846,65,6.15,4.21428571428571,4.7,5.2,6.07636363636364,58,7,5,10,55,4926,3498,1428,642,1039,3887,5.6954420726756,5.95778806460835,5.05280462184874,5.03263239875389,5.51351780558229,5.7440706586056,166
"168",2021,2,5.60098039215686,51,5.54318181818182,5.96428571428571,5.5,4.9,5.67717391304348,44,7,5,5,46,4977,3542,1435,647,1044,3933,5.69447411091019,5.95263767645398,5.05725087108014,5.03624420401855,5.51057950191571,5.74328824052885,167
"169",2021,3,5.78871111111111,45,5.93055555555556,5.22133333333333,5,4.498,5.91463414634146,36,9,2,4,41,5022,3578,1444,649,1048,3974,5.69531852847471,5.95241549748463,5.05827354570637,5.03613251155624,5.50671469465649,5.74505602667337,168
"170",2021,4,5.69444444444444,36,5.96153846153846,5,5.5,5,5.78125,26,10,6,4,32,5058,3604,1454,655,1052,4006,5.69531230723606,5.95248131243063,5.05787276478679,5.04038167938931,5.50478802281369,5.74534514478282,169
"171",2021,5,6.01860465116279,43,6.23636363636364,5.3,5.4,6.8,5.91578947368421,33,10,5,5,38,5101,3637,1464,660,1057,4044,5.6980375710645,5.95505709375859,5.05952663934426,5.04310606060606,5.51091485335856,5.74694674826904,170
"172",2021,6,5.69767441860465,43,5.77777777777778,5.28571428571429,4.75,5.14285714285714,5.80555555555556,36,7,2,7,36,5144,3673,1471,662,1064,4080,5.69803453538103,5.95331953444051,5.06060299116247,5.04222054380665,5.50849342105263,5.74746388480392,171
"173",2021,7,5.69909090909091,44,5.67612903225806,5.75384615384615,5.2,4.95,5.774,31,13,5,4,40,5188,3704,1484,667,1068,4120,5.69804349460293,5.95099963552916,5.06667587601078,5.04340329835082,5.50640168539326,5.74772151699029,172
"174",2021,8,5.81496849056604,53,6.03233325,5.14615384615385,5.27142857142857,6.8125,5.63762955555556,40,13,7,8,45,5241,3744,1497,674,1076,4165,5.69922590726961,5.95186858440171,5.06736606546426,5.04577151335312,5.5161124535316,5.7465320480192,173
"175",2021,9,5.43536585365854,41,5.46617647058823,5.28571428571429,4.66666666666667,4.05,5.62777777777778,34,7,3,5,36,5282,3778,1504,677,1081,4201,5.69717776978417,5.94749761249338,5.06838231382978,5.04409158050222,5.50933117483811,5.74551439657224,174
"176",2021,10,5.59259259259259,27,5.78571428571429,4.91666666666667,6,5.5,5.60869565217391,21,6,1,4,23,5309,3799,1510,678,1085,4224,5.69664588058015,5.94660331139773,5.06777947019867,5.04550147492625,5.50929677419355,5.74476940814393,175
"177",2021,11,5.56041666666667,48,5.58055555555556,5.5,5.33333333333333,5.4,5.57906976744186,36,12,6,5,43,5357,3835,1522,684,1090,4267,5.69542523427291,5.94316713950456,5.07118725361366,5.04802631578947,5.50879541284404,5.74309959690649,176
"178",2021,12,5.60153846153846,65,5.94313725490196,4.35714285714286,4,5.6,5.60175438596491,51,14,4,8,57,5422,3886,1536,688,1098,4324,5.69429970121726,5.94316674729799,5.06467903645833,5.04193313953488,5.50945992714026,5.74123635060129,177
"179",2022,1,5.76453488372093,86,6.01056338028169,4.6,4.375,4.73214285714286,5.96527777777778,71,15,4,14,72,5508,3957,1551,692,1112,4396,5.69539632897603,5.94437603740207,5.06018504190844,5.03807803468208,5.49967356115108,5.74490581892629,178
"180",2022,2,5.82745098039216,51,5.97391304347826,4.48,3.75,6.28,5.77826086956522,46,5,4,5,46,5559,4003,1556,696,1117,4442,5.69660783953949,5.94471545840619,5.0583206940874,5.03067528735632,5.50316651745748,5.74525123367852,179
"181",2022,3,5.81162790697674,43,5.98055555555556,4.94285714285714,4.75,4.75,5.92051282051282,36,7,4,4,39,5602,4039,1563,700,1121,4481,5.6974907140307,5.94503490467937,5.05780358285348,5.02907142857143,5.50047903657449,5.74677660790002,180
"182",2022,4,5.66121212121212,33,6.12260869565217,4.6,6,6.75,5.59096774193548,23,10,2,2,31,5635,4062,1573,702,1123,4512,5.69727825732032,5.94604036927622,5.05489319771138,5.03183760683761,5.50270436331256,5.74570611258865,181
"183",2022,5,5.75555555555556,36,5.74,5.83333333333333,5,6,5.73333333333333,30,6,2,3,33,5671,4092,1579,704,1126,4545,5.69764820666549,5.94452980938416,5.05785117162761,5.03174715909091,5.50402930728242,5.74561627722772,182
"184",2022,6,5.38235294117647,51,5.69230769230769,4.375,3.91666666666667,5.0125,5.45116279069767,39,12,6,8,43,5722,4131,1591,710,1134,4588,5.69483799021321,5.94214862745098,5.05270081709616,5.02232394366197,5.50056172839506,5.74285657802964,183
"185",2022,7,5.9065306122449,49,6.10279069767442,4.5,4,5,5.98711111111111,43,6,1,4,45,5771,4174,1597,711,1138,4633,5.69663541500606,5.94380354096789,5.05062429555416,5.02088607594937,5.49880228471002,5.74522900496438,184
"186",2022,8,5.44117647058824,34,6.1,3.61111111111111,3,3,5.51515151515152,25,9,3,1,33,5805,4199,1606,714,1139,4666,5.69513918690784,5.94473350321505,5.04255728518057,5.01239495798319,5.49660842844601,5.74360179597085,185
"187",2022,9,5.9822666,50,6.04696288888889,5.4,5.5,5.5,6.00236104166667,45,5,2,2,48,5855,4244,1611,716,1141,4714,5.69759117164816,5.94581746229971,5.04366666666667,5.01375698324022,5.49661437335671,5.74623659524819,186
"188",2022,10,5.60294117647059,34,5.96296296296296,4.21428571428571,4.5,5.8,5.56896551724138,27,7,2,5,29,5889,4271,1618,718,1146,4743,5.69704471217524,5.94592585108874,5.04007849196539,5.01232590529248,5.49793804537522,5.74515271136411,187
"189",2022,11,5.57236842105263,38,5.67857142857143,4.33333333333333,4,4,5.61486486486486,35,3,2,1,37,5927,4306,1621,720,1147,4780,5.69624537033913,5.94375274268462,5.03877051202961,5.00951388888889,5.4966320836966,5.74414420711297,188
"190",2022,12,5.68148148148148,54,5.81224489795918,4.4,4,5.625,5.686,49,5,1,4,50,5981,4355,1626,721,1151,4830,5.6961120732319,5.94227309070034,5.03680627306273,5.00811373092926,5.49707819287576,5.74354230020703,189
