"","year","month","avg_rating","no_ratings","avg_rating_owned","avg_rating_not_owned","avg_rating_prev_owned","avg_rating_comment","avg_rating_no_comment","no_ratings_owned","no_ratings_not_owned","no_ratings_prev_owned","no_ratings_comment","no_ratings_no_comment","cum_no_ratings","cum_no_ratings_owned","cum_no_ratings_not_owned","cum_no_ratings_prev_owned","cum_no_ratings_comment","cum_no_ratings_no_comment","cum_avg_rating","cum_avg_rating_owned","cum_avg_rating_not_owned","cum_avg_rating_prev_owned","cum_avg_rating_comment","cum_avg_rating_no_comment","month_after_release"
"1",2007,3,7.28571428571429,7,7.16666666666667,7.375,8,7,8,3,4,1,5,2,7,3,4,1,5,2,7.28571428571429,7.16666666666667,7.375,8,7,8,0
"2",2007,4,6.91063829787234,47,7.58333333333333,6.49310344827586,NA,6.8,6.99259259259259,18,29,0,20,27,54,21,33,1,25,29,6.95925925925926,7.52380952380952,6.6,8,6.84,7.06206896551724,1
"3",2007,5,7.29484615384615,39,8.1,6.791625,7,6.65625,7.73908695652174,15,24,4,16,23,93,36,57,5,41,52,7.09998924731183,7.76388888888889,6.68068421052632,7.2,6.76829268292683,7.36151923076923,2
"4",2007,6,7.155,90,7.89358974358974,6.59019607843137,7,6.63846153846154,7.36484375,39,51,7,26,64,183,75,108,12,67,116,7.12704371584699,7.83133333333333,6.6379537037037,7.08333333333333,6.71791044776119,7.36335344827586,3
"5",2007,7,7.16436781609195,87,7.76923076923077,6.67291666666667,7.2,7.046875,7.23272727272727,39,48,5,32,55,270,114,156,17,99,171,7.13907037037037,7.81008771929825,6.64871153846154,7.11764705882353,6.82424242424242,7.32133918128655,4
"6",2007,8,6.94769230769231,65,7.696,6.48,7.5,6.53571428571429,7.25945945945946,25,40,4,28,37,335,139,196,21,127,208,7.10193731343284,7.78956834532374,6.6142806122449,7.19047619047619,6.76062992125984,7.31033173076923,5
"7",2007,9,7.27164179104478,67,7.7,7,8,6.98,7.4452380952381,26,41,2,25,42,402,165,237,23,152,250,7.13022139303482,7.77545454545455,6.68100843881856,7.26086956521739,6.79671052631579,7.332996,6
"8",2007,10,7.38343661971831,71,7.68185,6.99838709677419,7.3,7.38413333333333,7.38292682926829,40,31,1,30,41,473,205,268,24,182,291,7.16823044397463,7.75719024390244,6.71772014925373,7.2625,6.89353846153846,7.34003092783505,7
"9",2007,11,7.08101265822785,79,7.6609756097561,6.45526315789474,7,6.83793103448276,7.222,41,38,3,29,50,552,246,306,27,211,341,7.1557481884058,7.74115447154472,6.68512745098039,7.23333333333333,6.88589573459716,7.32272434017595,8
"10",2007,12,7.23888888888889,72,7.84651162790698,6.33793103448276,6.4,6.75,7.48333333333333,43,29,5,24,48,624,289,335,32,235,389,7.16534134615385,7.75683044982699,6.65507164179104,7.103125,6.87201702127659,7.34254241645244,9
"11",2008,1,7.06891891891892,74,7.7974358974359,6.25714285714286,6.4,6.69230769230769,7.27291666666667,39,35,5,26,48,698,328,370,37,261,437,7.15511891117479,7.76165853658537,6.61742972972973,7.00810810810811,6.85411494252874,7.3348947368421,10
"12",2008,2,7.17857142857143,56,7.40322580645161,6.9,6,6.94444444444444,7.28947368421053,31,25,3,18,38,754,359,395,40,279,475,7.15686074270557,7.73070752089137,6.63531392405063,6.9325,6.85994265232975,7.33126105263158,11
"13",2008,3,7.56551724137931,58,7.95,7.15357142857143,7.45714285714286,7.49,7.60526315789474,30,28,7,20,38,812,389,423,47,299,513,7.18605049261084,7.74761953727506,6.66961938534279,7.01063829787234,6.90208695652174,7.35155750487329,12
"14",2008,4,7.47105263157895,57,7.70853658536585,6.8625,8.5,7.175,7.65714285714286,41,16,1,22,35,869,430,439,48,321,548,7.20474453394707,7.74389302325581,6.67664920273349,7.04166666666667,6.92079127725857,7.37107481751825,13
"15",2008,5,7.3462962962963,54,7.63461538461539,7.07857142857143,6.66666666666667,6.95,7.57941176470588,26,28,3,20,34,923,456,467,51,341,582,7.21302600216685,7.73766228070175,6.70074732334047,7.01960784313725,6.92250439882698,7.38324570446735,14
"16",2008,6,7.52725,48,7.99646153846154,6.97272727272727,6.5,7.7954,7.33571428571429,26,22,2,20,28,971,482,489,53,361,610,7.22855921730175,7.751622406639,6.7129836400818,7,6.97086426592798,7.38106393442623,15
"17",2008,7,6.9530612244898,49,7.38333333333333,6.70322580645161,7.27777777777778,6.45882352941176,7.215625,18,31,9,17,32,1020,500,520,62,378,642,7.21532450980392,7.738364,6.71240192307692,7.04032258064516,6.94783597883598,7.37281775700934,16
"18",2008,8,7.07173913043478,46,7.86086956521739,6.28260869565217,6,6.71428571428571,7.228125,23,23,7,14,32,1066,523,543,69,392,674,7.20912851782364,7.74375143403442,6.694197053407,6.93478260869565,6.93949489795918,7.36594807121662,17
"19",2008,9,6.99454545454545,55,7.69230769230769,6.36896551724138,6.94,7.01875,6.98461538461538,26,29,5,16,39,1121,549,572,74,408,713,7.19860035682426,7.74131511839709,6.67770804195804,6.93513513513514,6.94260294117647,7.34508976157083,18
"20",2008,10,7.14423076923077,52,7.808,6.52962962962963,6.8,6.96666666666667,7.21621621621622,25,27,5,15,37,1173,574,599,79,423,750,7.19619011082694,7.74421951219512,6.67103338898164,6.92658227848101,6.94345626477541,7.338732,19
"21",2008,11,6.95795454545455,44,7.08928571428571,6.89666666666667,7.91428571428571,6.55555555555556,7.06142857142857,14,30,7,9,35,1217,588,629,86,432,785,7.18757682826623,7.72862585034014,6.68179491255962,7.00697674418605,6.935375,7.32636815286624,20
"22",2008,12,7.03492063492063,63,7.50540540540541,6.36538461538461,6.66666666666667,7.1625,6.99148936170213,37,26,9,16,47,1280,625,655,95,448,832,7.18006328125,7.7154112,6.66923511450382,6.97473684210526,6.94348660714286,7.30745072115385,21
"23",2009,1,7.20486111111111,72,7.67954545454545,6.45892857142857,6.51785714285714,7.21818181818182,7.199,44,28,14,22,50,1352,669,683,109,470,882,7.18138387573965,7.71305231689088,6.66061346998536,6.91605504587156,6.95634468085106,7.30130272108843,22
"24",2009,2,7.23012048192771,83,7.99411764705882,6.7,7.13636363636364,7.3125,7.21044776119403,34,49,11,16,67,1435,703,732,120,486,949,7.18420278745645,7.72664580369843,6.66325,6.93625,6.96806995884774,7.29488830347734,23
"25",2009,3,7.13629032258065,62,7.66772727272727,6.844,8.152,6.97142857142857,7.184375,22,40,5,14,48,1497,725,772,125,500,997,7.18221843687375,7.72485793103448,6.67261528497409,6.98488,6.968164,7.28956770310933,24
"26",2009,4,7.02640449438202,89,7.36571428571429,6.80648148148148,6.975,6.91071428571429,7.048,35,54,8,14,75,1586,760,826,133,514,1072,7.17347477931904,7.70831842105263,6.68136682808717,6.98428571428571,6.96659922178988,7.27266697761194,25
"27",2009,5,7.00459770114943,87,7.50625,6.71272727272727,7,6.8025,7.06492537313433,32,55,13,20,67,1673,792,881,146,534,1139,7.16469276748356,7.70015404040404,6.68332463110102,6.98568493150685,6.9604531835206,7.2604468832309,26
"28",2009,6,7.14310344827586,58,7.892,6.57575757575758,6.6875,7.03846153846154,7.17333333333333,25,33,8,13,45,1731,817,914,154,547,1184,7.1639693818602,7.70602447980416,6.6794409190372,6.9701948051948,6.9623071297989,7.25713597972973,27
"29",2009,7,7.16418918918919,74,7.57142857142857,6.79871794871795,6.9,6.97058823529412,7.2219298245614,35,39,10,17,57,1805,852,953,164,564,1241,7.1639783933518,7.70049530516432,6.6843221406086,6.96591463414634,6.96255673758865,7.25551893634166,28
"30",2009,8,7.33550724637681,69,7.79545454545455,6.91388888888889,6.8125,7.13333333333333,7.39166666666667,33,36,8,15,54,1874,885,989,172,579,1295,7.17029402347919,7.70403615819209,6.69267846309403,6.95877906976744,6.96698100172712,7.26119613899614,29
"31",2009,9,7.193,50,7.55,6.955,6.9,7,7.22441860465116,20,30,12,7,43,1924,905,1019,184,586,1338,7.1708840956341,7.70063204419889,6.70040137389598,6.95494565217391,6.96737542662116,7.26001420029895,30
"32",2009,10,7.06381578947368,76,7.59642857142857,6.753125,7.05555555555556,6.7875,7.1625,28,48,9,20,56,2000,933,1067,193,606,1394,7.1668155,7.69750482315112,6.70277319587629,6.95963730569948,6.96143894389439,7.25609684361549,31
"33",2009,11,6.80666666666667,75,7.27692307692308,6.55714285714286,6.67368421052632,6.88571428571429,6.77592592592593,26,49,19,21,54,2075,959,1116,212,627,1448,7.15379807228916,7.68610218978102,6.69637903225806,6.93400943396226,6.95890271132377,7.23818991712707,32
"34",2009,12,7.15473684210526,95,7.6725,6.77818181818182,6.77272727272727,6.98333333333333,7.19480519480519,40,55,11,18,77,2170,999,1171,223,645,1525,7.15383917050691,7.68555755755756,6.70022117847993,6.92605381165919,6.95958449612403,7.23599934426229,33
"35",2010,1,7.17196261682243,107,7.71176470588235,6.68035714285714,6.41875,6.87272727272727,7.24941176470588,51,56,16,22,85,2277,1050,1227,239,667,1610,7.15469082125604,7.68683047619048,6.69931458842706,6.8920920502092,6.95671964017991,7.23670745341615,34
"36",2010,2,7.15722891566265,83,7.57567567567568,6.82065217391304,6.66666666666667,7.03947368421053,7.1921875,37,46,15,19,64,2360,1087,1273,254,686,1674,7.15478008474576,7.68304691812327,6.70369913589945,6.87877952755905,6.95901166180758,7.23500537634408,35
"37",2010,3,7.13333333333333,60,7.70689655172414,6.59677419354839,7.44444444444444,7.27058823529412,7.07906976744186,29,31,9,17,43,2420,1116,1304,263,703,1717,7.15424834710744,7.68366666666666,6.70115720858896,6.89813688212928,6.96654623044097,7.23110017472335,36
"38",2010,4,6.9480701754386,57,7.61590909090909,6.52828571428571,6.68181818181818,7.32692307692308,6.83613636363636,22,35,11,13,44,2477,1138,1339,274,716,1761,7.14950383528462,7.68235676625659,6.69663853622106,6.88945255474452,6.97308938547486,7.22123168654174,37
"39",2010,5,6.96287878787879,66,7.31290322580645,6.65285714285714,6.82727272727273,6.79047619047619,7.04333333333333,31,35,11,21,45,2543,1169,1374,285,737,1806,7.14466024380653,7.67255945252352,6.69552328966521,6.88705263157895,6.96788602442334,7.21679900332226,38
"40",2010,6,7.2265306122449,49,7.80681818181818,6.7537037037037,7.3,6.8875,7.39090909090909,22,27,5,16,33,2592,1191,1401,290,753,1839,7.14620794753086,7.67503946263644,6.69664453961456,6.8941724137931,6.96617795484728,7.21992332789559,39
"41",2010,7,7.22755102040816,49,7.66034482758621,6.6,5.83333333333333,6.80769230769231,7.37916666666667,29,20,3,13,36,2641,1220,1421,293,766,1875,7.14771715259372,7.67469016393442,6.69528430682618,6.88331058020478,6.96348825065274,7.2229808,40
"42",2010,8,7.13396226415094,53,7.654,6.66964285714286,6.85714285714286,7.375,7.0474358974359,25,28,7,14,39,2694,1245,1449,300,780,1914,7.14744654788419,7.67427469879518,6.69478881987578,6.8827,6.97087435897436,7.21940386624869,41
"43",2010,9,6.68461538461538,39,7.4,6.36666666666667,7.3625,5.81818181818182,7.025,12,27,8,11,28,2733,1257,1476,308,791,1942,7.14084193194292,7.67165632458234,6.68878658536585,6.89516233766234,6.95484450063211,7.2166009268795,42
"44",2010,10,6.87826086956522,46,7.11904761904762,6.676,7,6.6875,6.98,21,25,5,16,30,2779,1278,1501,313,807,1972,7.13649550197913,7.6625758998435,6.68857361758827,6.89683706070287,6.94954399008674,7.21300152129817,43
"45",2010,11,7.00845070422535,71,7.4375,6.65641025641026,6.3,6.66666666666667,7.1,32,39,9,15,56,2850,1310,1540,322,822,2028,7.13330561403509,7.65707786259542,6.68775909090909,6.8801552795031,6.94438199513382,7.20988116370809,44
"46",2010,12,7.08048780487805,82,7.71794871794872,6.50232558139535,6.5,7.005,7.10483870967742,39,43,13,20,62,2932,1349,1583,335,842,2090,7.13182844474761,7.65883765752409,6.68272204674668,6.86540298507462,6.94582185273159,7.20676507177033,45
"47",2011,1,7.18380281690141,71,7.69142857142857,6.69027777777778,7.20833333333333,7.60416666666667,7.09830508474576,35,36,6,12,59,3003,1384,1619,341,854,2149,7.13305727605728,7.65966184971098,6.68289005558987,6.87143695014663,6.95507259953162,7.20378734295021,46
"48",2011,2,7.1921875,64,7.85806451612903,6.56666666666667,6.55555555555556,7.28666666666667,7.16326530612245,31,33,9,15,49,3067,1415,1652,350,869,2198,7.13429116400391,7.66400848056537,6.68056840193705,6.86331428571428,6.96079631760645,7.20288398544131,47
"49",2011,3,7.14157894736842,57,7.4328,6.9140625,7.25,7.19444444444444,7.13166666666667,25,32,6,9,48,3124,1440,1684,356,878,2246,7.13442413572343,7.65999444444444,6.68500534441805,6.86983146067416,6.96319134396356,7.20136197684773,48
"50",2011,4,6.86470588235294,51,7.44583333333333,6.34814814814815,6.78571428571429,6.37692307692308,7.03157894736842,24,27,7,13,38,3175,1464,1711,363,891,2284,7.13009165354331,7.65648360655738,6.67968965517241,6.86820936639118,6.95463748597082,7.19853721541156,49
"51",2011,5,7.07,65,7.42307692307692,6.83461538461538,6.85,6.85,7.136,26,39,10,15,50,3240,1490,1750,373,906,2334,7.12888611111111,7.65241073825503,6.68314228571429,6.86772117962466,6.95290507726269,7.19719751499571,50
"52",2011,6,7.30688888888889,45,7.97333333333333,6.97366666666667,6.61666666666667,6.84555555555556,7.42222222222222,15,30,6,9,36,3285,1505,1780,379,915,2370,7.13132450532724,7.65560930232558,6.68803876404494,6.86374670184696,6.95184918032787,7.20061561181434,51
"53",2011,7,7.05217391304348,46,7.5325,6.68269230769231,6.5,6.96333333333333,7.09516129032258,20,26,10,15,31,3331,1525,1806,389,930,2401,7.13023146202342,7.65399475409836,6.68796179401993,6.85439588688946,6.95203440860215,7.19925406080799,52
"54",2011,8,6.97127659574468,47,7.71904761904762,6.36730769230769,6.60714285714286,6.84615384615385,7.01911764705882,21,26,7,13,34,3378,1546,1832,396,943,2435,7.12801983422143,7.65487839586028,6.68341102620087,6.85002525252525,6.95057476139979,7.19673880903491,53
"55",2011,9,7.19795918367347,49,7.55833333333333,6.852,7.16666666666667,6.55555555555556,7.3425,24,25,6,9,40,3427,1570,1857,402,952,2475,7.12901984242778,7.6534025477707,6.68568066774367,6.85475124378109,6.94684033613445,7.19909454545454,54
"56",2011,10,6.966,50,7.482,6.45,7,7.41666666666667,6.86707317073171,25,25,4,9,41,3477,1595,1882,406,961,2516,7.12667558239862,7.65071598746081,6.68254994686504,6.85618226600985,6.95124037460978,7.19368402225755,55
"57",2011,11,6.83125,48,7.52380952380952,6.29259259259259,6.125,6.875,6.81666666666667,21,27,8,12,36,3525,1616,1909,414,973,2552,7.12265276595745,7.64906683168317,6.67703457307491,6.84205314009662,6.95030010277492,7.18836559561128,56
"58",2011,12,7.12564102564103,39,7.45555555555556,6.84285714285714,6.35714285714286,7.25,7.10735294117647,18,21,7,5,34,3564,1634,1930,421,978,2586,7.1226854657688,7.64693512851897,6.67883886010363,6.83399049881235,6.95183231083845,7.18730046403712,57
"59",2012,1,6.83396226415094,53,7.65263157894737,6.37647058823529,5.83333333333333,7.4,6.70232558139535,19,34,6,10,43,3617,1653,1964,427,988,2629,7.11845479679292,7.64700060496068,6.67360437881874,6.81992974238876,6.95636842105263,7.17936820083682,58
"60",2012,2,7.07155172413793,58,7.47083333333333,6.78970588235294,6.04583333333333,6.71111111111111,7.13775510204082,24,34,12,9,49,3675,1677,1998,439,997,2678,7.11771455782313,7.64447942754919,6.67558008008008,6.79876993166287,6.95415446339017,7.17860679611651,59
"61",2012,3,7.13611111111111,36,7.52666666666667,6.85714285714286,5.875,6.41666666666667,7.28,15,21,4,6,30,3711,1692,2019,443,1003,2708,7.11789302074913,7.64343498817967,6.67746854878653,6.79042889390519,6.95093918245264,7.1797300590842,60
"62",2012,4,7.02051282051282,39,7.395,6.62631578947368,5.33333333333333,7.88333333333333,6.86363636363636,20,19,3,6,33,3750,1712,2038,446,1009,2741,7.11688026666667,7.64053271028037,6.67699165848871,6.78062780269058,6.95648364717542,7.17592448011675,61
"63",2012,5,7.01222222222222,45,7.703125,6.63103448275862,6.61111111111111,7.255,6.94285714285714,16,29,9,10,35,3795,1728,2067,455,1019,2776,7.11563926218709,7.64111226851852,6.67634687953556,6.77727472527472,6.9594131501472,7.17298595100865,62
"64",2012,6,6.96060606060606,33,7.2125,6.72352941176471,7,6.33333333333333,7.02333333333333,16,17,1,3,30,3828,1744,2084,456,1022,2806,7.11430276907001,7.63718004587156,6.67673176583493,6.77776315789474,6.95757534246575,7.17138595866002,63
"65",2012,7,7.19583333333333,36,7.49473684210526,6.86176470588235,7.13333333333333,7.48571428571429,7.12586206896552,19,17,3,7,29,3864,1763,2101,459,1029,2835,7.11506237060042,7.63564492342598,6.67822893860066,6.7800871459695,6.96116812439261,7.17092028218695,64
"66",2012,8,7.16666666666667,30,7.73684210526316,6.18181818181818,6.5,7.44444444444444,7.04761904761905,19,11,4,9,21,3894,1782,2112,463,1038,2856,7.11545993836672,7.6367239057239,6.67564346590909,6.77766738660907,6.96535838150289,7.17001365546219,65
"67",2012,9,7.19102564102564,39,7.4575,6.91052631578947,6.5,7.25,7.178125,20,19,2,7,32,3933,1802,2131,465,1045,2888,7.11620925502161,7.63473473917869,6.67773768183951,6.77647311827957,6.96726507177034,7.17010353185596,66
"68",2012,10,7.2996,25,7.69230769230769,6.87416666666667,6,7.375,7.2852380952381,13,12,3,4,21,3958,1815,2143,468,1049,2909,7.11736760990399,7.63514710743801,6.67883761082594,6.77149572649573,6.96881982840801,7.17093468545892,67
"69",2012,11,7.2811320754717,53,7.80833333333333,6.8448275862069,6.8,7.18461538461538,7.3125,24,29,11,13,40,4011,1839,2172,479,1062,2949,7.11953153826976,7.63740728656879,6.68105386740331,6.7721503131524,6.97146139359699,7.17285486605629,68
"70",2012,12,7.10392156862745,51,7.79583333333333,6.48888888888889,7,6.87,7.1609756097561,24,27,7,10,41,4062,1863,2199,486,1072,2990,7.11933554899065,7.63944820182501,6.67869440654843,6.77543209876543,6.97051492537313,7.17269197324415,69
"71",2013,1,7.086,55,7.60111111111111,6.58928571428571,6.1,7.08785714285714,7.08536585365854,27,28,10,14,41,4117,1890,2227,496,1086,3031,7.11889021131892,7.63890052910053,6.67757027391109,6.76181451612903,6.97202762430939,7.17151072253382,70
"72",2013,2,7.37428571428571,35,7.77777777777778,6.94705882352941,6.875,7.61111111111111,7.29230769230769,18,17,4,9,26,4152,1908,2244,500,1095,3057,7.12104311175337,7.6402106918239,6.67961185383244,6.76272,6.9772803652968,7.17253810925744,71
"73",2013,3,7.18333333333333,30,7.46153846153846,6.97058823529412,6.91666666666667,7.25,7.16666666666667,13,17,6,6,24,4182,1921,2261,506,1101,3081,7.12148995695839,7.63900156168662,6.68179964617426,6.76454545454545,6.97876657584014,7.1724923726063,72
"74",2013,4,7.21951219512195,41,7.65,6.88260869565217,6.9625,7.9,7.125,18,23,8,5,36,4223,1939,2284,514,1106,3117,7.12244162917357,7.63910366168128,6.68382180385289,6.76762645914397,6.98293128390597,7.17194385627206,73
"75",2013,5,7.40882352941177,34,7.65909090909091,6.95,8,6.875,7.57307692307692,22,12,1,8,26,4257,1961,2296,515,1114,3143,7.12472891707776,7.63932789393167,6.68521297909407,6.77001941747573,6.98215619389587,7.17526216990137,74
"76",2013,6,7.32361111111111,36,7.815625,6.93,7.33333333333333,7.6,7.27903225806452,16,20,3,5,31,4293,1977,2316,518,1119,3174,7.12639669228978,7.64075467880627,6.68732685664939,6.77328185328185,6.98491689008043,7.1762756773787,75
"77",2013,7,7.40357142857143,42,7.82222222222222,7.08958333333333,7,7.16666666666667,7.46818181818182,18,24,4,9,33,4335,1995,2340,522,1128,3207,7.12908212226067,7.64239197994987,6.69145256410256,6.77501915708812,6.9863670212766,7.17927938883692,76
"78",2013,8,6.77959183673469,49,7.29,6.42758620689655,6.31428571428571,6.81428571428571,6.77380952380952,20,29,7,7,42,4384,2015,2369,529,1135,3249,7.12517586678832,7.63889429280397,6.6882224567328,6.7689224952741,6.98530572687225,7.1740378578024,77
"79",2013,9,7.04634146341463,41,7.66470588235294,6.60833333333333,6.5,6.5,7.24666666666667,17,24,5,11,30,4425,2032,2393,534,1146,3279,7.12444542372882,7.63911023622047,6.68742122858337,6.76640449438202,6.98064746945899,7.17470234827692,78
"80",2013,10,7.3375,40,7.91875,6.95,7.07142857142857,7.57777777777778,7.26774193548387,16,24,7,9,31,4465,2048,2417,541,1155,3310,7.12635408734603,7.641294921875,6.69002854778651,6.77035120147874,6.98530043290043,7.17557371601209,79
"81",2013,11,7.271875,48,7.83260869565217,6.756,7.2,6.755,7.40789473684211,23,25,4,10,38,4513,2071,2442,545,1165,3348,7.1279018391314,7.64341960405601,6.69070393120393,6.77350458715596,6.98332360515021,7.17821057347671,80
"82",2013,12,7.35348837209302,43,7.625,7.01052631578947,6.74,7,7.44705882352941,24,19,5,9,34,4556,2095,2461,550,1174,3382,7.13003094820018,7.64320859188544,6.6931731003657,6.7732,6.98345144804089,7.18091336487286,81
"83",2014,1,7.33636363636364,55,7.72692307692308,6.98620689655172,6.5,7.4,7.32857142857143,26,29,5,6,49,4611,2121,2490,555,1180,3431,7.13249208414661,7.64423479490806,6.6965859437751,6.77073873873874,6.98556949152542,7.18302215097639,82
"84",2014,2,6.99177777777778,45,8.1075,6.0992,4.58333333333333,6.6875,7.10242424242424,20,25,6,12,33,4656,2141,2515,561,1192,3464,7.13113208762887,7.64856235404016,6.69064771371769,6.7473440285205,6.98256879194631,7.18225433025404,83
"85",2014,3,7.13285714285714,35,7.78846153846154,6.74545454545455,6.725,5.75,7.31129032258065,13,22,4,4,31,4691,2154,2537,565,1196,3495,7.13114495843104,7.64940668523677,6.69112297989751,6.74718584070796,6.97844648829431,7.18339885550787,84
"86",2014,4,7.19393939393939,33,7.84545454545455,6.86818181818182,7,7.14285714285714,7.20769230769231,11,22,2,7,26,4724,2165,2559,567,1203,3521,7.13158361558002,7.65040277136258,6.69264517389605,6.74807760141093,6.97940315876974,7.18357824481682,85
"87",2014,5,7.1703125,32,7.5225,6.58333333333333,7.5,7.42857142857143,7.098,20,12,2,7,25,4756,2185,2571,569,1210,3546,7.13184419680404,7.64923203661327,6.69213496693893,6.75072056239016,6.98200165289256,7.18297490129724,86
"88",2014,6,7.46153846153846,26,8.11538461538461,6.80769230769231,7.25,8.25,7.39583333333333,13,13,2,2,24,4782,2198,2584,571,1212,3570,7.13363676286073,7.65198908098271,6.69271633126935,6.75246935201401,6.98409405940594,7.18440588235294,87
"89",2014,7,7.32692307692308,26,8.5,6.80555555555556,6.75,7.5,7.26315789473684,8,18,6,7,19,4808,2206,2602,577,1219,3589,7.13468198835275,7.65506436990027,6.69349692544196,6.75244367417678,6.98705660377358,7.18482279186403,88
"90",2014,8,7.20384615384615,39,8,6.65,6.94444444444444,7.5625,7.11129032258065,16,23,9,8,31,4847,2222,2625,586,1227,3620,7.13523849804003,7.65754815481548,6.69311580952381,6.75539249146758,6.99080847595762,7.18419309392266,89
"91",2014,9,7.85384615384615,26,8.3,7.14,7.6,8.1625,7.71666666666667,16,10,4,8,18,4873,2238,2635,590,1235,3638,7.13907264518777,7.66214119749776,6.69481176470588,6.7611186440678,6.9983983805668,7.18682765255635,90
"92",2014,10,7.49736842105263,38,7.94285714285714,6.94705882352941,6.7,7.5,7.496875,21,17,5,6,32,4911,2259,2652,595,1241,3670,7.14184504174303,7.66475077467906,6.69642873303167,6.76060504201681,7.00082352941176,7.1895310626703,91
"93",2014,11,7.17212765957447,47,7.7021052631579,6.8125,7.22222222222222,6.96461538461538,7.25147058823529,19,28,9,13,34,4958,2278,2680,604,1254,3704,7.14213210972166,7.66506233538191,6.69764141791044,6.76748344370861,7.00044816586922,7.19009962203024,92
"94",2014,12,7.11702127659574,47,7.5,6.68181818181818,7.25,7.65,6.97297297297297,25,22,8,10,37,5005,2303,2702,612,1264,3741,7.1418963036963,7.66327051671732,6.69751258327165,6.7737908496732,7.00558702531646,7.18795215183107,93
"95",2015,1,7.2469387755102,49,7.43076923076923,7.03913043478261,7.5,7.5,7.22444444444444,26,23,4,4,45,5054,2329,2725,616,1268,3786,7.14291472101306,7.66067496779733,6.70039596330275,6.77850649350649,7.00714668769716,7.18838589540412,94
"96",2015,2,7.29791666666667,48,7.96666666666667,6.77777777777778,7.28571428571429,7.125,7.31363636363636,21,27,7,4,44,5102,2350,2752,623,1272,3830,7.14437299098393,7.66340936170212,6.70115515988372,6.78420545746388,7.00751729559748,7.18982480417755,95
"97",2015,3,7.1,49,7.76521739130435,6.51153846153846,7.26,7.56666666666667,7.03488372093023,23,26,5,6,43,5151,2373,2778,628,1278,3873,7.14395088332363,7.66439612305099,6.69938048956083,6.78799363057325,7.01014241001565,7.1881045701007,96
"98",2015,4,7.4,42,7.85,6.905,6.73333333333333,7.1875,7.45,22,20,6,8,34,5193,2395,2798,634,1286,3907,7.14602176006162,7.66610104384133,6.7008502501787,6.78747634069401,7.01124572317263,7.1903836703353,97
"99",2015,5,7.51379310344828,29,7.82857142857143,7.22,8,7.66666666666667,7.49615384615385,14,15,3,3,26,5222,2409,2813,637,1289,3933,7.14806415166603,7.66704524699045,6.70361855670103,6.79318681318681,7.01277114041893,7.19240503432495,98
"100",2015,6,7.290625,32,7.83846153846154,6.91578947368421,7,7.45,7.28,13,19,4,2,30,5254,2422,2832,641,1291,3963,7.14893243243243,7.66796531791907,6.70504201977401,6.79447737909516,7.01344848954299,7.19306813020439,99
"101",2015,7,6.84583333333333,24,6.95833333333333,6.73333333333333,6,6.5625,6.9875,12,12,3,8,16,5278,2434,2844,644,1299,3979,7.14755418719212,7.66446672144618,6.70516139240506,6.79077639751553,7.01067128560431,7.19224151796934,100
"102",2015,8,7.44571428571429,35,8.03333333333333,7.005,7.28571428571429,7.6875,7.37407407407407,15,20,7,8,27,5313,2449,2864,651,1307,4006,7.14951835121401,7.66672601061657,6.70725523743016,6.79609831029186,7.01481407804132,7.19346704942586,101
"103",2015,9,7.353125,32,7.81764705882353,6.82666666666667,7.23333333333333,7.49,7.29090909090909,17,15,6,10,22,5345,2466,2879,657,1317,4028,7.15073732460244,7.66776642335766,6.70787738798194,6.80009132420091,7.01842217160213,7.19399925521351,102
"104",2015,10,7.43125,32,7.68,7.21176470588235,8.01666666666667,7.16363636363636,7.57142857142857,15,17,6,11,21,5377,2481,2896,663,1328,4049,7.15240673237865,7.66784038694075,6.71083529005525,6.81110105580694,7.019625,7.19595677945172,103
"105",2015,11,7.10571428571429,49,7.88636363636364,6.46962962962963,5.25,5.86857142857143,7.31190476190476,22,27,4,7,42,5426,2503,2923,667,1335,4091,7.15198507187615,7.66976108669596,6.70860725282244,6.80173913043478,7.01358951310861,7.19714715228551,104
"106",2015,12,7.63404255319149,47,7.99166666666667,7.26086956521739,6.625,7.68888888888889,7.62105263157895,24,23,4,9,38,5473,2527,2946,671,1344,4129,7.15612479444546,7.6728183616937,6.7129188730482,6.80068554396423,7.01811160714286,7.20104843787842,105
"107",2016,1,7.36923076923077,52,8.00740740740741,6.68,6.6,7.21428571428571,7.39333333333333,27,25,5,7,45,5525,2554,2971,676,1351,4174,7.15813049773756,7.67635552075176,6.71264187142376,6.79920118343195,7.01912805329386,7.20312146621946,106
"108",2016,2,7.7875,36,7.9975,7.525,6,7.36,7.95192307692308,20,16,1,10,26,5561,2574,2987,677,1361,4200,7.16220481927711,7.67885081585081,6.71699330431871,6.79802067946824,7.02163262307127,7.20775690476191,107
"109",2016,3,7.25729166666667,48,7.82115384615385,6.59090909090909,6.375,6.75,7.42638888888889,26,22,4,12,36,5609,2600,3009,681,1373,4236,7.16301854162953,7.68027384615384,6.71607145230973,6.79553597650514,7.0192585579024,7.20961496694995,108
"110",2016,4,7.33846153846154,52,7.63461538461539,7.04230769230769,6.57142857142857,7.05833333333333,7.4225,26,26,7,12,40,5661,2626,3035,688,1385,4276,7.16463010068893,7.67982178217822,6.71886622734761,6.79325581395349,7.01959711191336,7.21160640785781,109
"111",2016,5,7.27631578947368,38,7.96875,6.77272727272727,6.7,6.83333333333333,7.359375,16,22,5,6,32,5699,2642,3057,693,1391,4308,7.16537480259695,7.68157153671461,6.71925384363755,6.79258297258297,7.0187936736161,7.21270403899722,110
"112",2016,6,7.00952380952381,21,7.15,6.88181818181818,6,7,7.01111111111111,10,11,1,3,18,5720,2652,3068,694,1394,4326,7.16480262237762,7.67956711915535,6.71983670143416,6.7914409221902,7.01875322812052,7.21186523347203,111
"113",2016,7,7.34444444444444,36,7.96666666666667,6.9,7.1,7.56,7.30967741935484,15,21,3,5,31,5756,2667,3089,697,1399,4357,7.16592616400278,7.68118185226846,6.72106150857883,6.79276901004304,7.0206876340243,7.21256116593987,112
"114",2016,8,7.26477272727273,44,8.09375,6.79107142857143,6.625,8.3,7.13205128205128,16,28,8,5,39,5800,2683,3117,705,1404,4396,7.16667603448276,7.68364219157659,6.72169040744305,6.79086524822695,7.02524358974359,7.21184690627844,113
"115",2016,9,7.23289473684211,38,7.65,6.81578947368421,6.6,7.3375,7.22058823529412,19,19,5,4,34,5838,2702,3136,710,1408,4430,7.16710705721138,7.68340562546262,6.72226052295918,6.78952112676056,7.02613068181818,7.21191399548533,114
"116",2016,10,7.6972972972973,37,7.98333333333333,7.42631578947368,7.66666666666667,8.66666666666667,7.61176470588235,18,19,3,3,34,5875,2720,3155,713,1411,4464,7.17044612765958,7.68539044117647,6.72650047543581,6.79321178120617,7.02961871013466,7.21495945340502,115
"117",2016,11,7.03333333333333,42,8,6.55,5.625,7.2,7.01081081081081,14,28,4,5,37,5917,2734,3183,717,1416,4501,7.16947287476762,7.68700146305779,6.72494784794219,6.78669456066946,7.03022033898305,7.21328127082871,116
"118",2016,12,7.26162790697674,43,7.69545454545455,6.80714285714286,6.16666666666667,7.155,7.29393939393939,22,21,3,10,33,5960,2756,3204,720,1426,4534,7.17013775167785,7.68706894049347,6.7254865792759,6.78411111111111,7.031095371669,7.21386832818703,117
"119",2017,1,7.081,50,7.72954545454545,6.57142857142857,6.5,7.28846153846154,7.00810810810811,22,28,8,13,37,6010,2778,3232,728,1439,4571,7.16939617304493,7.68740532757379,6.72415191831683,6.78098901098901,7.03342043085476,7.21220280026253,118
"120",2017,2,7.172,50,8.03333333333333,6.80285714285714,7.4,7.1,7.19,15,35,7,10,40,6060,2793,3267,735,1449,4611,7.16941765676568,7.68926315789473,6.72499510254056,6.7868843537415,7.03387991718426,7.2120101930167,119
"121",2017,3,7.47171717171717,99,7.93666666666667,6.75641025641026,6.05,7.4,7.47802197802198,60,39,10,8,91,6159,2853,3306,745,1457,4702,7.17427683065433,7.69446617595513,6.72536569872958,6.7769932885906,7.03589018531228,7.21715844321566,120
"122",2017,4,7.31190476190476,63,7.94166666666667,6.73939393939394,6.70909090909091,7.31666666666667,7.31078431372549,30,33,11,12,51,6222,2883,3339,756,1469,4753,7.17567036322726,7.69703850156087,6.72550434261755,6.77600529100529,7.03818379850238,7.21816305491269,121
"123",2017,5,7.75689655172414,58,8.11142857142857,7.21739130434783,7.125,8.625,7.69259259259259,35,23,4,4,54,6280,2918,3362,760,1473,4807,7.18103837579618,7.70200891021247,6.72886942296252,6.77784210526316,7.04249287169043,7.22349261493655,122
"124",2017,6,7.39375,48,7.875,6.98653846153846,7.35714285714286,7.09285714285714,7.44512195121951,22,26,7,7,41,6328,2940,3388,767,1480,4848,7.18265186472819,7.70330340136054,6.73084681227863,6.78312907431551,7.04273108108108,7.22536695544555,123
"125",2017,7,7.25901639344262,61,7.85806451612903,6.64,6.625,7.32307692307692,7.24166666666667,31,30,4,13,48,6389,2971,3418,771,1493,4896,7.18338096728753,7.70491820935712,6.73004944411937,6.78230869001297,7.04517213663764,7.22552675653595,124
"126",2017,8,7.63522222222222,72,8.165625,7.2109,7.07,7.28571428571429,7.67286153846154,32,40,10,7,65,6461,3003,3458,781,1500,4961,7.18841618944436,7.7098275058275,6.73561162521689,6.78599231754161,7.04629466666667,7.23138782503528,125
"127",2017,9,7.27560975609756,41,7.85238095238095,6.67,6.33333333333333,7.3375,7.26060606060606,21,20,3,8,33,6502,3024,3478,784,1508,4994,7.18896601045832,7.71081746031746,6.73523433007476,6.78426020408163,7.04783952254642,7.23158089707649,126
"128",2017,10,7.38161016949153,59,8.03371794871795,6.11,6.34,7.78181818181818,7.28989583333333,39,20,5,11,48,6561,3063,3498,789,1519,5042,7.19069836915105,7.71492882794645,6.73165951972556,6.78144486692015,7.05315470704411,7.23213605712019,127
"129",2017,11,7.76716417910448,67,8.09857142857143,7.4046875,7.875,7.74285714285714,7.77,35,32,2,7,60,6628,3098,3530,791,1526,5102,7.19652564876283,7.71926307295029,6.73776062322946,6.78420986093552,7.05631847968545,7.2384613876911,128
"130",2017,12,7.36339285714286,56,7.80208333333333,7.034375,6.42857142857143,6.8125,7.45520833333333,24,32,7,8,48,6684,3122,3562,798,1534,5150,7.1979236983842,7.719899743754,6.74042532285233,6.78109022556391,7.05504693611473,7.24048155339806,129
"131",2018,1,7.439375,80,8.16025641025641,6.75365853658537,6.27272727272727,6.9,7.51642857142857,39,41,11,10,70,6764,3161,3603,809,1544,5220,7.20077942046127,7.72533280607402,6.74057590896475,6.77417799752781,7.05404274611399,7.24418199233717,130
"132",2018,2,7.24745454545455,55,7.69678571428571,6.78148148148148,6.75,6.33333333333333,7.30019230769231,28,27,4,3,52,6819,3189,3630,813,1547,5272,7.20115588796012,7.72508215741611,6.74088016528926,6.77405904059041,7.0526451195863,7.2447344461305,131
"133",2018,3,7.2411320754717,53,7.81777777777778,6.64230769230769,6.08333333333333,6.97142857142857,7.28217391304348,27,26,6,7,46,6872,3216,3656,819,1554,5318,7.20146420256112,7.72586038557214,6.74017915754923,6.76899877899878,7.05227927927928,7.2450582925912,132
"134",2018,4,7.48333333333333,48,7.76666666666667,7.11904761904762,7.16666666666667,7.25,7.51666666666667,27,21,3,6,42,6920,3243,3677,822,1560,5360,7.20341936416185,7.72620012334258,6.74234294261626,6.7704501216545,7.05303974358974,7.24718656716418,133
"135",2018,5,7.03880952380952,42,7.785,6.47916666666667,5.66666666666667,7.5,6.9130303030303,18,24,6,9,33,6962,3261,3701,828,1569,5393,7.20242631427751,7.72652468567924,6.74063631450959,6.76245169082126,7.05560356915233,7.24514185054701,134
"136",2018,6,7.37209302325581,43,7.77083333333333,6.86842105263158,4.83333333333333,7.38888888888889,7.36764705882353,24,19,3,9,34,7005,3285,3720,831,1578,5427,7.20346780870807,7.72684840182648,6.74128897849462,6.75548736462094,7.05750443599493,7.245909342178,135
"137",2018,7,7.50227272727273,44,7.71034482758621,7.1,6,7.41428571428571,7.51891891891892,29,15,1,7,37,7049,3314,3735,832,1585,5464,7.20533295502908,7.72670398310199,6.74272958500669,6.75457932692308,7.05908012618297,7.24775805270864,136
"138",2018,8,7.52291666666667,48,7.91785714285714,6.97,6.75,8.38333333333333,7.4,28,20,2,6,42,7097,3342,3755,834,1591,5506,7.20748090742567,7.72830550568522,6.74394007989348,6.75456834532374,7.06407416719045,7.24891936069742,137
"139",2018,9,7.334375,32,8.12142857142857,6.72222222222222,6.84375,7.275,7.35416666666667,14,18,8,8,24,7129,3356,3773,842,1599,5530,7.20805049796606,7.72994547079857,6.7438364696528,6.75541567695962,7.06512945590994,7.24937613019892,138
"140",2018,10,7.22941176470588,51,7.65833333333333,6.84814814814815,7.16666666666667,6.7,7.35853658536585,24,27,9,10,41,7180,3380,3800,851,1609,5571,7.20820222841226,7.72943698224852,6.74457763157895,6.75976498237368,7.06286016159105,7.25017950098726,139
"141",2018,11,7.54277777777778,36,8.18,6.90555555555556,6,7.5625,7.53714285714286,18,18,1,8,28,7216,3398,3818,852,1617,5599,7.20987139689579,7.7318237198352,6.74533656364589,6.75887323943662,7.06533209647495,7.25161457403108,140
"142",2018,12,7.54848484848485,33,7.78571428571429,7.13333333333333,6.25,7.5,7.55714285714286,21,12,4,5,28,7249,3419,3830,856,1622,5627,7.2114128845358,7.73215472360339,6.74655221932115,6.7564953271028,7.06667200986436,7.25313488537409,141
"143",2019,1,7.35686274509804,51,7.6859375,6.80263157894737,6.625,7.28125,7.37093023255814,32,19,8,8,43,7300,3451,3849,864,1630,5670,7.21242904109589,7.7317261663286,6.74682904650559,6.75527777777778,7.06772515337423,7.25402821869488,142
"144",2019,2,7.36,35,7.575,7.07333333333333,5,6.925,7.41612903225806,20,15,3,4,31,7335,3471,3864,867,1634,5701,7.21313319700068,7.73082310573322,6.7480965320911,6.74920415224913,7.06737576499388,7.25490966497106,143
"145",2019,3,7.07708333333333,48,7.54047619047619,6.71666666666667,6.56875,6.60416666666667,7.23472222222222,21,27,8,12,36,7383,3492,3891,875,1646,5737,7.21224867939862,7.72967840778923,6.74787843741969,6.74755428571429,7.06399878493317,7.25478298762419,144
"146",2019,4,7.11111111111111,36,7.52083333333333,6.29166666666667,6.75,8.08333333333333,6.91666666666667,24,12,2,6,30,7419,3516,3903,877,1652,5767,7.21175791885699,7.72825284414107,6.7464757878555,6.7475598631699,7.067700968523,7.25302410265302,145
"147",2019,5,7.10105263157895,38,7.88,6.4,6.4375,6.42857142857143,7.25290322580645,18,20,8,7,31,7457,3534,3923,885,1659,5798,7.21119377765858,7.72902574985852,6.74470940606678,6.74475706214689,7.06500421940928,7.25302345636426,146
"148",2019,6,7.355,32,7.59176470588235,7.08666666666667,9,7.44333333333333,7.33461538461538,17,15,2,6,26,7489,3551,3938,887,1665,5824,7.21180825210308,7.72836862855533,6.74601193499238,6.74984216459977,7.06636756756757,7.25338770604395,147
"149",2019,7,7.44923076923077,26,7.77529411764706,6.83333333333333,5.5,7.8875,7.36954545454545,17,9,2,4,22,7515,3568,3947,889,1669,5846,7.21262967398536,7.72859220852018,6.74621104636433,6.7470303712036,7.06833553025764,7.25382483749572,148
"150",2019,8,7.1225,36,7.83,6.48947368421053,7.55,7.16666666666667,7.11366666666667,17,19,6,6,30,7551,3585,3966,895,1675,5876,7.21219997351344,7.72907308228731,6.7449810892587,6.75241340782123,7.06868776119403,7.25310925799864,149
"151",2019,9,6.88951219512195,41,7.4804347826087,6.13444444444444,6.5,5.35714285714286,7.205,23,18,4,7,34,7592,3608,3984,899,1682,5910,7.21045732349842,7.72748808203991,6.74222264056225,6.75129032258064,7.06156480380499,7.25283248730964,150
"152",2019,10,7.13225806451613,31,7.68947368421053,6.25,6.75,6.5,7.22592592592593,19,12,4,4,27,7623,3627,3996,903,1686,5937,7.21013931523022,7.72728894403088,6.74074449449449,6.751284606866,7.0602325029656,7.25271012295772,151
"153",2019,11,6.96914893617021,47,7.802,6.02272727272727,6.5,6.70769230769231,7.06911764705882,25,22,2,13,34,7670,3652,4018,905,1699,5971,7.20866258148631,7.72780038335159,6.73681309109009,6.75072928176796,7.05753502060035,7.25166471277843,152
"154",2019,12,7.066,45,7.91761904761905,6.32083333333333,6.42857142857143,6.73333333333333,7.11717948717949,21,24,7,6,39,7715,3673,4042,912,1705,6010,7.20783046014258,7.72888565205554,6.73434314695695,6.74825657894737,7.05639413489736,7.25079201331115,153
"155",2020,1,7.446875,48,7.79285714285714,6.9625,7.5,6.63888888888889,7.63333333333333,28,20,2,9,39,7763,3701,4062,914,1714,6049,7.20930851474945,7.72936962982977,6.73546651895618,6.74990153172867,7.05420186697783,7.2532583898165,154
"156",2020,2,7.52975609756098,41,8.07363636363636,6.9,7,7.5,7.53388888888889,22,19,2,5,36,7804,3723,4081,916,1719,6085,7.21099205535623,7.73140397528874,6.73623254104386,6.75044759825327,7.05549854566608,7.25491865242399,155
"157",2020,3,7.07478260869565,46,7.48125,6.63136363636364,6.58333333333333,6.449,7.24861111111111,24,22,6,10,36,7850,3747,4103,922,1729,6121,7.21019388535032,7.72980170803309,6.73567024128686,6.7493600867679,7.05199074609601,7.25488155530142,156
"158",2020,4,7.39444444444444,18,8.19090909090909,6.14285714285714,6,7,7.54615384615385,11,7,2,5,13,7868,3758,4110,924,1734,6134,7.21061540416879,7.73115141032464,6.7346605839416,6.74773809523809,7.05184083044983,7.25549885881969,157
"159",2020,5,6.93088235294118,34,7.4125,6.66818181818182,7.06363636363636,5.93,7.10344827586207,12,22,11,5,29,7902,3770,4132,935,1739,6163,7.20941179448241,7.73013713527851,6.73430663117134,6.75145454545455,7.04861529614721,7.25478338471523,158
"160",2020,6,7.07727272727273,22,7.78571428571429,6.74666666666667,6.75,6,7.185,7,15,4,2,20,7924,3777,4147,939,1741,6183,7.20904492680464,7.7302401376754,6.73435133831685,6.75144834930777,7.04741068351522,7.25455765809477,159
"161",2020,7,7.13461538461539,26,7.75,6.60714285714286,6.58333333333333,7.33333333333333,7.10869565217391,12,14,6,3,23,7950,3789,4161,945,1744,6206,7.20880150943396,7.73030271839535,6.7339233357366,6.75038095238095,7.04790252293578,7.25401708024492,160
"162",2020,8,7.42916666666667,24,7.62142857142857,7.16,NA,7.3,7.455,14,10,0,4,20,7974,3803,4171,945,1748,6226,7.20946476047153,7.72990191953721,6.73494485734836,6.75038095238095,7.04847940503432,7.25466270478638,161
"163",2020,9,6.7259375,32,7.464375,5.9875,6.225,6.375,6.77607142857143,16,16,8,4,28,8006,3819,4187,953,1752,6254,7.20753210092431,7.72878947368421,6.73208860759494,6.74597061909759,7.04694178082192,7.25251998720818,162
"164",2020,10,6.98870967741935,31,7.33214285714286,6.70588235294118,3,6.85,7.01538461538462,14,17,1,5,26,8037,3833,4204,954,1757,6280,7.20668806768695,7.72734072528046,6.73198263558516,6.74204402515723,7.04638133181559,7.25153821656051,163
"165",2020,11,7.30277777777778,36,7.97272727272727,6.25,6.75,7.6,7.25483870967742,22,14,2,5,31,8073,3855,4218,956,1762,6311,7.20711656137743,7.7287411154345,6.73038288288288,6.74206066945607,7.04795232690125,7.25155442877515,164
"166",2020,12,7.72564102564103,39,8.29411764705882,7.28636363636364,5.5,6.75,7.83714285714286,17,22,3,4,35,8112,3872,4240,959,1766,6346,7.20960946745562,7.73122339876033,6.73326768867924,6.73817518248175,7.04727746319366,7.25478411597857,165
"167",2021,1,7.52162162162162,37,7.90769230769231,6.60909090909091,7.33333333333333,7.8,7.478125,26,11,3,5,32,8149,3898,4251,962,1771,6378,7.21102613817647,7.73240046177527,6.73294636556104,6.74003118503119,7.0494025974026,7.25590467231107,166
"168",2021,2,6.99375,32,7.51875,6.46875,5.64285714285714,6.45,7.07142857142857,16,16,7,4,28,8181,3914,4267,969,1775,6406,7.21017626207065,7.73152708226878,6.73195570658542,6.73210526315789,7.04805183098591,7.25509834530128,167
"169",2021,3,7.52859259259259,27,7.9,7.06433333333333,6.25,8.25314285714286,7.275,15,12,2,7,20,8208,3929,4279,971,1782,6426,7.21122368421053,7.73217027233393,6.732887824258,6.7311122554068,7.05278563411897,7.25516028633676,168
"170",2021,4,7.1125,24,7.30769230769231,6.88181818181818,6.33333333333333,7.5,7.035,13,11,3,4,20,8232,3942,4290,974,1786,6446,7.21093586005831,7.73077042110604,6.7332696969697,6.72988706365503,7.05378723404255,7.25447719515979,169
"171",2021,5,7.36551724137931,29,7.84375,6.77692307692308,7.16666666666667,6.71428571428571,7.57272727272727,16,13,3,7,22,8261,3958,4303,977,1793,6468,7.21147851349716,7.73122713491662,6.73340158029282,6.73122824974411,7.05246179587284,7.25555967841682,170
"172",2021,6,7.68333333333333,15,7.73214285714286,7,NA,8.55,7.25,14,1,0,5,10,8276,3972,4304,977,1798,6478,7.2123337361044,7.73123036253776,6.73346352230483,6.73122824974411,7.05662625139043,7.25555109601729,171
"173",2021,7,6.8470137037037,27,7.45149,6.28571428571429,6,6.75,6.8547748,13,14,3,2,25,8303,3985,4318,980,1800,6503,7.21114577502108,7.73031778419071,6.73201181102362,6.72898979591837,7.05628555555556,7.25401035983392,172
"174",2021,8,7.36666666666667,21,7.83333333333333,6.74444444444444,6,6.5,7.45789473684211,12,9,1,2,19,8324,3997,4327,981,1802,6522,7.21153812710236,7.7306270627971,6.73203767044141,6.72824668705403,7.05566814650388,7.25460431922723,173
"175",2021,9,7.35625,16,7.52857142857143,7.22222222222222,7.5,7.45,7.3,7,9,1,6,10,8340,4004,4336,982,1808,6532,7.21181575179856,7.73027381868132,6.7330551199262,6.72903258655804,7.0569767699115,7.25467381659522,174
"176",2021,10,7.05416666666667,24,7.60833333333333,6.5,4,6.375,7.19,12,12,1,4,20,8364,4016,4348,983,1812,6552,7.21136338713534,7.72990945468127,6.73241191352346,6.72625635808749,7.05547130242826,7.25447639957265,175
"177",2021,11,6.94011892857143,28,7.59030272727273,6.51941176470588,5.77666666666667,5.9575,7.10388875,11,17,3,4,24,8392,4027,4365,986,1816,6576,7.21045837702574,7.72952811025577,6.73158235967927,6.72336713995943,7.05305286343612,7.2539268096107,176
"178",2021,12,7.02727272727273,44,7.57058823529412,6.68518518518519,6.25,6.81428571428571,7.06756756756757,17,27,8,7,37,8436,4044,4392,994,1823,6613,7.20950292792793,7.72885996538081,6.73129713114754,6.71955734406439,7.05213603949534,7.25288412218358,177
"179",2022,1,7.26545454545455,55,7.87272727272727,6.86060606060606,6.58333333333333,7.28571428571429,7.2625,22,33,6,7,48,8491,4066,4425,1000,1830,6661,7.2098653515487,7.7296383915396,6.73226146892655,6.71874,7.05302950819672,7.25295341540309,178
"180",2022,2,7.10106060606061,33,7.51038461538462,6.835,5.83333333333333,6.527,7.20357142857143,13,20,3,5,28,8524,4079,4445,1003,1835,6689,7.20944412247771,7.72893961755332,6.73272373453318,6.71609172482552,7.0515961852861,7.25274670354313,179
"181",2022,3,7.23185185185185,27,8.13181818181818,6.613125,5.875,7.5025,7.18478260869565,11,16,2,4,23,8551,4090,4461,1005,1839,6712,7.20951487545316,7.73002315403423,6.73229477695584,6.71441791044776,7.0525769439913,7.25251381108462,180
"182",2022,4,7.50266666666667,30,7.64588235294118,7.31538461538462,7.43333333333333,7,7.53857142857143,17,13,6,2,28,8581,4107,4474,1011,1841,6740,7.21053976226547,7.72967487216947,6.73398904783192,6.71868447082097,7.05251982618142,7.2537021810089,181
"183",2022,5,7.30967741935484,31,7.85625,6.72666666666667,6.4,6.3125,7.65652173913043,16,15,6,8,23,8612,4123,4489,1017,1849,6763,7.21089662099396,7.7301660683968,6.73396458008465,6.71680432645034,7.04931800973499,7.25507211296762,182
"184",2022,6,7.318,25,7.85,6.82692307692308,7.25,7.7,7.19736842105263,12,13,1,6,19,8637,4135,4502,1018,1855,6782,7.211206634248,7.7305138331318,6.7342330075522,6.71732809430255,7.05142264150944,7.25491045414332,183
"185",2022,7,7.11086956521739,23,7.68214285714286,6.22222222222222,7,8.06666666666667,6.9675,14,9,3,3,20,8660,4149,4511,1021,1858,6802,7.21094015011547,7.73035061460593,6.73321148304145,6.71815866797258,7.05306189451023,7.25406537783005,184
"186",2022,8,7.54,26,7.68333333333333,7.34454545454545,7.15,7.33333333333333,7.602,15,11,2,6,20,8686,4164,4522,1023,1864,6822,7.21192513239696,7.73018124399616,6.73469858469704,6.71900293255132,7.05396405579399,7.25508541483436,185
"187",2022,9,7.07037037037037,27,7.18125,6.90909090909091,7,7.03571428571429,7.0825,16,11,1,7,20,8713,4180,4533,1024,1871,6842,7.21148647997246,7.72808007177033,6.73512177365983,6.71927734375,7.05389577765901,7.25458092662964,186
"188",2022,10,7.20722222222222,27,7.7925,6.57692307692308,5.125,8,7.17673076923077,14,13,4,1,26,8740,4194,4546,1028,1872,6868,7.21147330663616,7.72829511206486,6.73466937967444,6.71307392996109,7.05440117521368,7.25428621141526,187
"189",2022,11,7.80526315789474,19,8.16428571428571,6.8,7,8.42857142857143,7.44166666666667,14,5,1,7,12,8759,4208,4551,1029,1879,6880,7.21276135403585,7.72974565114068,6.73474115578994,6.7133527696793,7.05952048962214,7.25461303779069,188
"190",2022,12,7.0075,22,8.1855,6.02583333333333,5.5,7.41666666666667,6.94289473684211,10,12,2,3,19,8781,4218,4563,1031,1882,6899,7.21224709030862,7.73082614983404,6.7328768354153,6.71099903006789,7.06008979808714,7.25375455863168,189
