"","year","month","avg_rating","no_ratings","avg_rating_owned","avg_rating_not_owned","avg_rating_prev_owned","avg_rating_comment","avg_rating_no_comment","no_ratings_owned","no_ratings_not_owned","no_ratings_prev_owned","no_ratings_comment","no_ratings_no_comment","cum_no_ratings","cum_no_ratings_owned","cum_no_ratings_not_owned","cum_no_ratings_prev_owned","cum_no_ratings_comment","cum_no_ratings_no_comment","cum_avg_rating","cum_avg_rating_owned","cum_avg_rating_not_owned","cum_avg_rating_prev_owned","cum_avg_rating_comment","cum_avg_rating_no_comment","month_after_release"
"1",2007,6,8,1,NA,8,NA,NA,8,0,1,0,0,1,1,0,1,0,0,1,8,NA,8,NA,NA,8,-21
"2",2007,11,8,1,NA,8,NA,NA,8,0,1,0,0,1,2,0,2,0,0,2,8,NA,8,NA,NA,8,-16
"3",2008,3,10,1,NA,10,NA,NA,10,0,1,0,0,1,3,0,3,0,0,3,8.66666666666667,NA,8.66666666666667,NA,NA,8.66666666666667,-12
"4",2008,8,3,1,3,NA,NA,NA,3,1,0,0,0,1,4,1,3,0,0,4,7.25,3,8.66666666666667,NA,NA,7.25,-7
"5",2008,10,9,1,9,NA,NA,9,NA,1,0,0,1,0,5,2,3,0,1,4,7.6,6,8.66666666666667,NA,9,7.25,-5
"6",2009,3,7.2513698630137,73,8.11612903225806,6.61309523809524,7.58333333333333,6.824,7.47395833333333,31,42,6,25,48,78,33,45,6,26,52,7.27371794871795,7.98787878787879,6.75,7.58333333333333,6.90769230769231,7.45673076923077,0
"7",2009,4,6.96855072463768,69,7.7962962962963,6.43642857142857,6.6875,6.36538461538461,7.33325581395349,27,42,8,26,43,147,60,87,14,52,95,7.13047619047619,7.90166666666667,6.59862068965517,7.07142857142857,6.63653846153846,7.40084210526316,1
"8",2009,5,6.40238095238095,42,7.45454545454545,6.02903225806452,7.5,5.96428571428571,6.62142857142857,11,31,3,14,28,189,71,118,17,66,123,6.96867724867725,7.83239436619718,6.44898305084746,7.14705882352941,6.49393939393939,7.22341463414634,2
"9",2009,6,6.95428571428571,35,7.72222222222222,6.14117647058824,6.5,6.66666666666667,7.05384615384615,18,17,4,9,26,224,89,135,21,75,149,6.96642857142857,7.81011235955056,6.41022222222222,7.02380952380952,6.51466666666667,7.1938255033557,3
"10",2009,7,6.70652173913043,23,7.15,6.36538461538461,5.5,7.3,6.54166666666667,10,13,2,5,18,247,99,148,23,80,167,6.94222672064777,7.74343434343434,6.40628378378378,6.89130434782609,6.56375,7.12353293413174,4
"11",2009,8,6.88333333333333,30,7.25,6.46428571428571,6.75,6.82142857142857,6.9375,16,14,4,14,16,277,115,162,27,94,183,6.93584837545126,7.67478260869565,6.4112962962963,6.87037037037037,6.60212765957447,7.10726775956284,5
"12",2009,9,6.99583333333333,24,7.72727272727273,6.37692307692308,6.4,6.32222222222222,7.4,11,13,5,9,15,301,126,175,32,103,198,6.94063122923588,7.67936507936508,6.40874285714286,6.796875,6.57766990291262,7.12944444444444,6
"13",2009,10,6.782,25,7.75454545454545,6.01785714285714,6.75,6.2,6.9275,11,14,2,5,20,326,137,189,34,108,218,6.92846625766871,7.68540145985401,6.37978835978836,6.79411764705882,6.56018518518519,7.11091743119266,7
"14",2009,11,6.51666666666667,30,7.33333333333333,5.7,5,6.27777777777778,6.61904761904762,15,15,2,9,21,356,152,204,36,117,239,6.89376404494382,7.65065789473684,6.32980392156863,6.69444444444444,6.53846153846154,7.06769874476987,8
"15",2009,12,7.06833333333333,30,7.65357142857143,6.55625,5.725,6.83333333333333,7.09444444444444,14,16,4,3,27,386,166,220,40,120,266,6.90733160621762,7.65090361445783,6.34627272727273,6.5975,6.54583333333333,7.07041353383459,9
"16",2010,1,7.1390243902439,41,7.34090909090909,6.90526315789474,7.33333333333333,7,7.18387096774194,22,19,3,10,31,427,188,239,43,130,297,6.92957845433255,7.61462765957447,6.39071129707113,6.64883720930233,6.58076923076923,7.08225589225589,10
"17",2010,2,6.88409090909091,22,7.35714285714286,6.66333333333333,5.5625,6.84375,6.90714285714286,7,15,4,8,14,449,195,254,47,138,311,6.92734966592428,7.60538461538462,6.40681102362205,6.5563829787234,6.59601449275362,7.0743729903537,11
"18",2010,3,6.83478260869565,23,7.00714285714286,6.56666666666667,7.33333333333333,7,6.81904761904762,14,9,3,2,21,472,209,263,50,140,332,6.92283898305085,7.56531100478469,6.41228136882129,6.603,6.60178571428571,7.05822289156626,12
"19",2010,4,7.145,20,7.59230769230769,6.31428571428571,6.64,6.98,7.2,13,7,5,5,15,492,222,270,55,145,347,6.93186991869919,7.56689189189189,6.40974074074074,6.60636363636364,6.6148275862069,7.06435158501441,13
"20",2010,5,6.86086956521739,23,7.83333333333333,5.8,6.5,6.68571428571429,6.9375,12,11,4,7,16,515,234,281,59,152,363,6.92869902912621,7.58055555555555,6.385871886121,6.59915254237288,6.61809210526316,7.05876033057851,14
"21",2010,6,6.29411764705882,17,7.3125,5.38888888888889,5.625,5.83333333333333,6.54545454545455,8,9,4,6,11,532,242,290,63,158,374,6.90842105263158,7.57169421487603,6.35493103448276,6.53730158730159,6.58829113924051,7.04366310160428,15
"22",2010,7,6.45,14,6.9,6,7,6.75,6.33,7,7,1,4,10,546,249,297,64,162,384,6.89666666666667,7.55281124497992,6.34656565656566,6.54453125,6.59228395061728,7.025078125,16
"23",2010,8,6.75,22,7.5,5.85,NA,6.22727272727273,7.27272727272727,12,10,0,11,11,568,261,307,64,173,395,6.89098591549296,7.55038314176245,6.33039087947883,6.54453125,6.56907514450867,7.0319746835443,17
"24",2010,9,5.97105263157895,19,6.8,5.05,5,5.175,6.18333333333333,10,9,2,4,15,587,271,316,66,177,410,6.86120954003407,7.52269372693727,6.29392405063291,6.49772727272727,6.53757062146893,7.00092682926829,18
"25",2010,10,6.59722222222222,18,8,6.19642857142857,6.625,6.1,6.78846153846154,4,14,6,5,13,605,275,330,72,182,423,6.85335537190083,7.52963636363636,6.28978787878788,6.50833333333333,6.52554945054945,6.99439716312057,19
"26",2010,11,6.45357142857143,28,7.14166666666667,5.9375,5.75,6.5,6.44583333333333,12,16,4,4,24,633,287,346,76,186,447,6.83567140600316,7.51341463414634,6.27349710982659,6.46842105263158,6.525,6.96494407158837,20
"27",2010,12,6.63703703703704,27,7.28,5.83333333333333,5.875,6.16666666666667,6.77142857142857,15,12,4,6,21,660,302,358,80,192,468,6.82754545454546,7.50182119205298,6.25874301675978,6.43875,6.51380208333333,6.95626068376068,21
"28",2011,1,5.61086956521739,23,6,5.50277777777778,5.25,5.5,5.63421052631579,5,18,4,4,19,683,307,376,84,196,487,6.78657393850659,7.47736156351791,6.22255319148936,6.38214285714286,6.49311224489796,6.90468172484599,22
"29",2011,2,6.02272727272727,22,6.875,5.53571428571429,5.75,5.88888888888889,6.11538461538461,8,14,4,9,13,705,315,390,88,205,500,6.76273758865248,7.46206349206349,6.19789743589744,6.35340909090909,6.46658536585366,6.88416,23
"30",2011,3,6.35217391304348,23,6.65,6.12307692307692,6.8,5.7,6.53333333333333,10,13,5,5,18,728,325,403,93,210,518,6.74976648351648,7.43707692307692,6.19548387096774,6.37741935483871,6.44833333333333,6.87196911196911,24
"31",2011,4,6.28571428571429,14,7,6,6.66666666666667,7,6.16666666666667,4,10,3,2,12,742,329,413,96,212,530,6.74101078167116,7.43176291793313,6.19075060532688,6.38645833333333,6.45353773584906,6.856,25
"32",2011,5,6.11764705882353,17,7.0625,5.27777777777778,4.5,6.25,6.04545454545455,8,9,2,6,11,759,337,422,98,218,541,6.7270487483531,7.42299703264095,6.17127962085308,6.34795918367347,6.44793577981651,6.83951940850277,26
"33",2011,6,6.22352941176471,17,6.66363636363636,5.41666666666667,5.66666666666667,6.04,6.3,11,6,3,5,12,776,348,428,101,223,553,6.71601804123712,7.39899425287356,6.16070093457944,6.32772277227723,6.43878923766816,6.82781193490054,27
"34",2011,7,5.84615384615385,13,7.2,5,5,6.5,5.65,5,8,2,3,10,789,353,436,103,226,563,6.70168567807351,7.39617563739377,6.13940366972477,6.30194174757281,6.4396017699115,6.80689165186501,28
"35",2011,8,6.556,25,7.37692307692308,5.66666666666667,5.625,6.28571428571429,6.66111111111111,13,12,4,7,18,814,366,448,107,233,581,6.6972113022113,7.39549180327869,6.12674107142857,6.27663551401869,6.43497854077253,6.8023752151463,29
"36",2011,9,7.086875,16,6.99153846153846,7.5,6.75,7.64833333333333,6.75,13,3,2,6,10,830,379,451,109,239,591,6.70472289156627,7.38163588390501,6.13587583148559,6.28532110091743,6.46543933054393,6.80148900169205,30
"37",2011,10,6.45454545454545,22,6.83333333333333,6.19230769230769,6.2,5.875,6.78571428571429,9,13,5,8,14,852,388,464,114,247,605,6.69826291079812,7.36891752577319,6.13745689655172,6.28157894736842,6.44631578947368,6.80112396694215,31
"38",2011,11,6.73333333333333,18,7.47,5.8125,6.5,6.83333333333333,6.71333333333333,10,8,3,3,15,870,398,472,117,250,620,6.69898850574713,7.37145728643216,6.13194915254237,6.28717948717949,6.45096,6.799,32
"39",2011,12,6.95,25,6.64583333333333,7.23076923076923,6.66666666666667,6.66666666666667,6.98863636363636,12,13,6,3,22,895,410,485,123,253,642,6.706,7.35021951219512,6.16140206185567,6.30569105691057,6.45351778656126,6.8054984423676,33
"40",2012,1,6.374,25,6.5,6.275,5.5,6.16666666666667,6.490625,11,14,2,9,16,920,421,499,125,262,658,6.69697826086957,7.32800475059382,6.16458917835671,6.2928,6.4436641221374,6.79784194528875,34
"41",2012,2,6.4,15,7.75,5.5,6.125,5.33333333333333,7.11111111111111,6,9,4,6,9,935,427,508,129,268,667,6.69221390374332,7.33393442622951,6.15281496062992,6.28759689922481,6.41880597014925,6.80206896551724,35
"42",2012,3,7.34642857142857,14,7.5,7.07,7.45,8.25,6.985,9,5,3,4,10,949,436,513,132,272,677,6.70186512118019,7.3373623853211,6.16175438596491,6.31401515151515,6.44573529411765,6.80477104874446,36
"43",2012,4,6.28333333333333,18,6.77777777777778,5.78888888888889,7,6.6,6.16153846153846,9,9,2,5,13,967,445,522,134,277,690,6.69407445708377,7.32604494382022,6.15532567049808,6.32425373134328,6.44851985559567,6.79265217391304,37
"44",2012,5,6.92391304347826,23,6.9,6.94230769230769,7.1,7.15833333333333,6.84117647058823,10,13,2,6,17,990,455,535,136,283,707,6.69941414141414,7.31668131868132,6.17444859813084,6.33566176470588,6.46356890459364,6.7938189533239,38
"45",2012,6,6.65384615384615,13,6.78571428571429,6.5,NA,6,6.70833333333333,7,6,0,1,12,1003,462,541,136,284,719,6.69882352941177,7.30863636363636,6.17805914972274,6.33566176470588,6.46193661971831,6.79239221140473,39
"46",2012,7,6.210625,16,6.56,6.05181818181818,6.25714285714286,6.6,6.12076923076923,5,11,7,3,13,1019,467,552,143,287,732,6.69115799803729,7.30062098501071,6.17554347826087,6.33181818181818,6.46337979094077,6.78046448087432,40
"47",2012,8,6.9,17,7.58888888888889,6.125,5.5,6.7,6.98333333333333,9,8,2,5,12,1036,476,560,145,292,744,6.69458494208494,7.30607142857143,6.17482142857143,6.32034482758621,6.46743150684931,6.78373655913979,41
"48",2012,9,6.64375,16,7.3,5.2,NA,5.625,6.98333333333333,11,5,0,4,12,1052,487,565,145,296,756,6.69381178707225,7.30593429158111,6.16619469026549,6.32034482758621,6.4560472972973,6.78690476190476,42
"49",2012,10,6.5,20,7.4,5.6,5.5,7,6.23076923076923,10,10,2,7,13,1072,497,575,147,303,769,6.69019589552239,7.30782696177062,6.15634782608696,6.30918367346939,6.46861386138614,6.77750325097529,43
"50",2012,11,6.30185185185185,27,7.26363636363636,5.640625,6.32142857142857,6.3625,6.27631578947368,11,16,7,8,19,1099,508,591,154,311,788,6.68065514103731,7.30687007874016,6.14238578680203,6.30974025974026,6.46588424437299,6.76541878172589,44
"51",2012,12,6.84782608695652,23,7.25,6.22222222222222,7,9,6.75,14,9,2,1,22,1122,522,600,156,312,810,6.68408199643494,7.30534482758621,6.14358333333333,6.31858974358974,6.47400641025641,6.765,45
"52",2013,1,6.73529411764706,17,6.75,6.71428571428571,7,6.5,6.94444444444444,10,7,3,8,9,1139,532,607,159,320,819,6.68484635645303,7.29490601503759,6.1501647446458,6.3314465408805,6.47465625,6.76697191697192,46
"53",2013,2,6.15454545454545,22,7.48333333333333,5.65625,5.42857142857143,6.55714285714286,5.96666666666667,6,16,7,7,15,1161,538,623,166,327,834,6.67479758828596,7.29700743494424,6.13747993579454,6.2933734939759,6.47642201834862,6.75257793764988,47
"54",2013,3,7.34210526315789,19,7.375,7.28571428571429,7.5,7.5,7.3125,12,7,2,3,16,1180,550,630,168,330,850,6.68554237288136,7.29870909090909,6.1502380952381,6.3077380952381,6.48572727272727,6.76311764705882,48
"55",2013,4,6.71538461538462,13,6.875,6.46,6,6,6.84545454545455,8,5,2,2,11,1193,558,635,170,332,861,6.68586756077117,7.29263440860215,6.15267716535433,6.30411764705882,6.48280120481928,6.76416957026713,49
"56",2013,5,6.353125,16,7.065,5.16666666666667,5.5,5.75,6.55416666666667,10,6,2,4,12,1209,568,641,172,336,873,6.68146401985112,7.28862676056338,6.14344773790952,6.29476744186047,6.47407738095238,6.76128293241695,50
"57",2013,6,7,7,7.66666666666667,6.5,NA,6,7.16666666666667,3,4,0,1,6,1216,571,645,172,337,879,6.68329769736842,7.29061295971979,6.14565891472868,6.29476744186047,6.4726706231454,6.76405005688282,51
"58",2013,7,7,11,6.88888888888889,7.5,7.5,7,7,9,2,2,2,9,1227,580,647,174,339,888,6.6861369193154,7.28437931034483,6.14984544049459,6.30862068965517,6.47578171091445,6.76644144144144,52
"59",2013,8,6.73461538461538,13,7.1,6.30833333333333,5.91666666666667,7.75,6.1,7,6,3,5,8,1240,587,653,177,344,896,6.68664516129032,7.28218057921635,6.15130168453293,6.30197740112994,6.49430232558139,6.76049107142857,53
"60",2013,9,6.621875,16,7.03125,6.2125,5.25,5.71428571428571,7.32777777777778,8,8,4,7,9,1256,595,661,181,351,905,6.68582006369427,7.27880672268907,6.15204236006052,6.27872928176796,6.47874643874644,6.76613259668508,54
"61",2013,10,6.08214285714286,14,6.85833333333333,5.5,6,5.85,6.175,6,8,4,4,10,1270,601,669,185,355,915,6.67916535433071,7.27460898502496,6.14424514200299,6.2727027027027,6.47166197183098,6.75967213114754,55
"62",2013,11,6.34210526315789,19,7.31111111111111,5.47,5.6,5.1,6.78571428571429,9,10,5,5,14,1289,610,679,190,360,929,6.67419705197828,7.27514754098361,6.13431516936672,6.255,6.45261111111111,6.76006458557589,56
"63",2013,12,6.56428571428571,14,6.75,6.31666666666667,6.225,6.58,6.55555555555556,8,6,4,5,9,1303,618,685,194,365,938,6.67301611665387,7.26834951456311,6.13591240875912,6.25438144329897,6.45435616438356,6.75810234541578,57
"64",2014,1,6.62962962962963,27,7.52777777777778,4.83333333333333,5.75,7.75,6.54,18,9,4,2,25,1330,636,694,198,367,963,6.67213533834586,7.27569182389937,6.11902017291066,6.24419191919192,6.46141689373297,6.75244029075805,58
"65",2014,2,7.35,15,7.65909090909091,6.5,NA,6.58333333333333,7.54166666666667,11,4,0,3,12,1345,647,698,198,370,975,6.67969516728624,7.28221020092736,6.12120343839542,6.24419191919192,6.4624054054054,6.76215384615385,59
"66",2014,3,6.91666666666667,6,6.7,8,NA,8,6.7,5,1,0,1,5,1351,652,699,198,371,980,6.68074759437454,7.27774539877301,6.1238912732475,6.24419191919192,6.46654986522911,6.76183673469388,60
"67",2014,4,6.80294117647059,17,7.79444444444444,5.6875,5.66666666666667,7.54166666666667,6.4,9,8,6,6,11,1368,661,707,204,377,991,6.68226608187134,7.28478063540091,6.11895332390382,6.22720588235294,6.48366047745358,6.75782038345106,61
"68",2014,5,6.6,15,6.6,6.6,6.5,8,6.38461538461539,10,5,1,2,13,1383,671,712,205,379,1004,6.68137382501808,7.27457526080477,6.12233146067416,6.22853658536585,6.49166226912929,6.75298804780877,62
"69",2014,6,6.62857142857143,7,8,6.08,6.5,8,6.4,2,5,2,1,6,1390,673,717,207,380,1010,6.68110791366906,7.27673105497771,6.12203626220363,6.23115942028986,6.49563157894737,6.75089108910891,63
"70",2014,7,6.725,10,7.33333333333333,6.46428571428571,6.75,NA,6.725,3,7,3,0,10,1400,676,724,210,380,1020,6.68142142857143,7.27698224852071,6.1253453038674,6.23857142857143,6.49563157894737,6.75063725490196,64
"71",2014,8,6.07933333333333,15,6.5,5.71125,5.75,4.5,6.32230769230769,7,8,4,2,13,1415,683,732,214,382,1033,6.67503886925795,7.26901903367496,6.12081967213115,6.22943925233645,6.4851832460733,6.74524685382381,65
"72",2014,9,8.1,7,8.4,7.35,8,6.35,8.8,5,2,1,2,5,1422,688,734,215,384,1038,6.68205344585091,7.27723837209302,6.1241689373297,6.23767441860465,6.48447916666667,6.75514450867052,66
"73",2014,10,6.51347826086957,23,7.09090909090909,5.98416666666667,5.6825,6.33285714285714,6.5925,11,12,4,7,16,1445,699,746,219,391,1054,6.67937024221453,7.27430615164521,6.12191689008043,6.22753424657534,6.48176470588235,6.75267552182163,67
"74",2014,11,6.8125,20,7.46428571428571,5.29166666666667,5.33333333333333,5.2,7.35,14,6,3,5,15,1465,713,752,222,396,1069,6.68118771331058,7.27803646563815,6.11529255319149,6.21545045045045,6.46558080808081,6.7610570626754,68
"75",2014,12,6.20666666666667,15,6.58571428571429,5.875,NA,6.5,6.16153846153846,7,8,0,2,13,1480,720,760,222,398,1082,6.67637837837838,7.27130555555555,6.11276315789474,6.21545045045045,6.46575376884422,6.753853974122,69
"76",2015,1,6.65,20,7.11111111111111,6.27272727272727,5.9,6.66666666666667,6.64285714285714,9,11,5,6,14,1500,729,771,227,404,1096,6.67602666666667,7.26932784636488,6.11504539559014,6.20850220264317,6.46873762376238,6.75243613138686,70
"77",2015,2,6.2375,16,6,6.38,6.21666666666667,6.86,5.95454545454545,6,10,6,5,11,1516,735,781,233,409,1107,6.67139841688654,7.25896598639456,6.11843790012804,6.20871244635193,6.47352078239609,6.74450767841012,71
"78",2015,3,6.475,20,6.95833333333333,5.75,6,5,6.73529411764706,12,8,2,3,17,1536,747,789,235,412,1124,6.66884114583333,7.25413654618474,6.11470215462611,6.20693617021277,6.46279126213592,6.74436832740213,72
"79",2015,4,6.37142857142857,14,6.6,6.24444444444444,6.625,7.25,6.02,5,9,4,4,10,1550,752,798,239,416,1134,6.66615483870968,7.24978723404255,6.11616541353383,6.21393305439331,6.47036057692308,6.73798059964727,73
"80",2015,5,6.91666666666667,12,7.14444444444444,6.23333333333333,7,7,6.90909090909091,9,3,1,1,11,1562,761,801,240,417,1145,6.66807938540333,7.24854139290407,6.11660424469413,6.21720833333333,6.47163069544364,6.73962445414847,74
"81",2015,6,6.42857142857143,7,7.125,5.5,8,NA,6.42857142857143,4,3,1,0,7,1569,765,804,241,417,1152,6.6670108349267,7.2478954248366,6.11430348258706,6.22460580912863,6.47163069544364,6.737734375,75
"82",2015,7,7.3625,8,7.58,7,6,NA,7.3625,5,3,2,0,8,1577,770,807,243,417,1160,6.67053899809765,7.25005194805195,6.11759603469641,6.22275720164609,6.47163069544364,6.74204310344827,76
"83",2015,8,6.5,9,7.3,5.5,6,6,6.64285714285714,5,4,1,2,7,1586,775,811,244,419,1167,6.66957124842371,7.25037419354839,6.11454993834772,6.22184426229508,6.46937947494033,6.74144815766924,77
"84",2015,9,5.96666666666667,6,6.375,5.15,NA,5.65,6.125,4,2,0,2,4,1592,779,813,244,421,1171,6.66692211055276,7.24587933247753,6.11217712177122,6.22184426229508,6.46548693586698,6.73934244235696,78
"85",2015,10,6.58095238095238,21,6.85,6.33636363636364,6.4,6,6.71764705882353,10,11,5,4,17,1613,789,824,249,425,1188,6.66580285182889,7.2408618504436,6.11516990291262,6.22542168674699,6.46110588235294,6.73903198653199,79
"86",2015,11,6.65625,16,7.5,4.8,7,6,6.80769230769231,11,5,1,3,13,1629,800,829,250,428,1201,6.66570902394107,7.244425,6.10723763570567,6.22852,6.4578738317757,6.73977518734388,80
"87",2015,12,6.14285714285714,14,6.92857142857143,5.35714285714286,7,5,6.33333333333333,7,7,1,2,12,1643,807,836,251,430,1213,6.66125380401704,7.24168525402726,6.10095693779904,6.23159362549801,6.45109302325581,6.73575432811212,81
"88",2016,1,6.66666666666667,12,6.83333333333333,6.5,6.5,5.66666666666667,7,6,6,2,3,9,1655,813,842,253,433,1222,6.66129305135952,7.23867158671587,6.10380047505938,6.23371541501976,6.44565819861432,6.73770049099836,82
"89",2016,2,7.02352941176471,17,7.33846153846154,6,6,6.75,7.17272727272727,13,4,2,6,11,1672,826,846,255,439,1233,6.66497607655502,7.2402421307506,6.10330969267139,6.23188235294118,6.44981776765376,6.74158150851581,83
"90",2016,3,6.60714285714286,14,7.35555555555556,5.26,5.5,7.25,6.5,9,5,2,2,12,1686,835,851,257,441,1245,6.66449584816133,7.24148502994012,6.09835487661575,6.22618677042802,6.45344671201814,6.73925301204819,84
"91",2016,4,6.55555555555556,18,7.78571428571429,5.77272727272727,5.2,5,6.64705882352941,7,11,5,1,17,1704,842,862,262,442,1262,6.66334507042253,7.24600950118765,6.09419953596288,6.20660305343512,6.45015837104072,6.73801109350238,85
"92",2016,5,7.375,12,7.5,6.75,NA,10,6.85,10,2,0,2,10,1716,852,864,262,444,1272,6.66832167832168,7.24899061032864,6.09571759259259,6.20660305343512,6.46614864864865,6.73889150943396,86
"93",2016,6,6.59615384615385,13,7.75,5.60714285714286,4.33333333333333,7.5,6.52083333333333,6,7,3,1,12,1729,858,871,265,445,1284,6.66777906304222,7.25249417249417,6.09179104477612,6.18539622641509,6.46847191011236,6.73685358255452,87
"94",2016,7,6.55263157894737,19,6.80769230769231,6,6,6.625,6.53333333333333,13,6,2,4,15,1748,871,877,267,449,1299,6.66652745995423,7.24585533869116,6.09116305587229,6.1840074906367,6.46986636971047,6.73450346420323,88
"95",2016,8,6.55882352941176,17,7.4375,5.77777777777778,6,7,6.53125,8,9,5,1,16,1765,879,886,272,450,1315,6.66549008498583,7.24759954493743,6.08797968397291,6.180625,6.47104444444444,6.73203041825095,89
"96",2016,9,6.83076923076923,13,7.3,5.775,6.1,8.03333333333333,6.47,9,4,1,3,10,1778,888,890,273,453,1325,6.66669853768279,7.24813063063063,6.08657303370787,6.18032967032967,6.48139072847682,6.73005283018868,90
"97",2016,10,6.75,18,7.40909090909091,5.71428571428571,6.25,6.5,6.82142857142857,11,7,4,4,14,1796,899,897,277,457,1339,6.66753340757238,7.2501001112347,6.08366778149387,6.1813357400722,6.48155361050328,6.73100821508589,91
"98",2016,11,6.51333333333333,15,6.88888888888889,5.95,6.25,5.5,6.88181818181818,9,6,4,4,11,1811,908,903,281,461,1350,6.66625621203755,7.24651982378854,6.0827796234773,6.18231316725979,6.47303687635575,6.73223703703704,92
"99",2016,12,6.15789473684211,19,7.25,5.36363636363636,5.66666666666667,6.66666666666667,6.0625,8,11,3,3,16,1830,916,914,284,464,1366,6.6609781420765,7.24655021834061,6.07412472647702,6.1768661971831,6.47428879310345,6.72439238653002,93
"100",2017,1,6.67096774193548,31,6.90555555555556,6.34615384615385,6.25,6.92222222222222,6.56818181818182,18,13,2,9,22,1861,934,927,286,473,1388,6.66114454594304,7.23997858672377,6.07793959007551,6.17737762237762,6.48281183932347,6.72191642651297,94
"101",2017,2,7.41666666666667,12,7.63636363636364,5,NA,8.5,7.2,11,1,0,2,10,1873,945,928,286,475,1398,6.66598505072077,7.24459259259259,6.07677801724138,6.17737762237762,6.49130526315789,6.72533619456366,95
"102",2017,3,6.62352941176471,17,7.375,5.95555555555556,7.25,7.1,6.59375,8,9,2,1,16,1890,953,937,288,476,1414,6.66560317460317,7.24568730325288,6.075613660619,6.18482638888889,6.49258403361345,6.72384724186704,96
"103",2017,4,6.3125,16,6.125,6.875,7,8,5.75,12,4,1,4,12,1906,965,941,289,480,1426,6.66263903462749,7.23175129533679,6.07901168969182,6.18764705882353,6.50514583333333,6.71565217391304,97
"104",2017,5,5.79375,16,7.01111111111111,4.22857142857143,3.75,5.52,5.91818181818182,9,7,4,5,11,1922,974,948,293,485,1437,6.65540582726327,7.22971252566735,6.06534810126582,6.15436860068259,6.49498969072165,6.70954766875435,98
"105",2017,6,7.35714285714286,14,7.2,7.75,7,7.33333333333333,7.36363636363636,10,4,3,3,11,1936,984,952,296,488,1448,6.66048037190083,7.22941056910569,6.07242647058824,6.16293918918919,6.50014344262295,6.71451657458564,99
"106",2017,7,6.625,12,6.66666666666667,6.58333333333333,7.25,7,6.55,6,6,2,2,10,1948,990,958,298,490,1458,6.66026180698152,7.226,6.07562630480167,6.17023489932886,6.50218367346939,6.71338820301783,100
"107",2017,8,7.04545454545455,11,7.35714285714286,6.5,6,6.83333333333333,7.125,7,4,2,3,8,1959,997,962,300,493,1466,6.6624247064829,7.22692076228686,6.07739085239085,6.1691,6.50419878296146,6.7156343792633,101
"108",2017,9,6.72777777777778,18,6.90909090909091,6.44285714285714,7.275,6.53333333333333,6.76666666666667,11,7,4,3,15,1977,1008,969,304,496,1481,6.66301972685888,7.22345238095238,6.08003095975232,6.18365131578947,6.504375,6.71615124915598,102
"109",2017,10,7.06875,16,8.1,4.8,5.25,4,7.27333333333333,11,5,4,1,15,1993,1019,974,308,497,1496,6.66627696939288,7.23291462217861,6.07345995893224,6.17152597402597,6.49933601609658,6.72173796791444,103
"110",2017,11,6.15625,16,6.5,5.4,6,NA,6.15625,11,5,1,0,16,2009,1030,979,309,497,1512,6.66221503235441,7.22508737864078,6.07002042900919,6.17097087378641,6.49933601609658,6.71575396825397,104
"111",2017,12,6.85294117647059,17,7,6.16666666666667,5.75,7.3,6.66666666666667,14,3,2,5,12,2026,1044,982,311,502,1524,6.66381539980257,7.22206896551724,6.07031568228106,6.16826366559485,6.50731075697211,6.71536745406824,105
"112",2018,1,5.97727272727273,22,6.33333333333333,5.55,7,5.75,6.02777777777778,12,10,3,4,18,2048,1056,992,314,506,1542,6.6564404296875,7.2119696969697,6.06507056451613,6.1762101910828,6.50132411067194,6.7073411154345,106
"113",2018,2,6.78684210526316,19,7.43928571428571,4.96,6,7.66666666666667,6.621875,14,5,1,3,16,2067,1070,997,315,509,1558,6.65763909046928,7.21494392523364,6.05952858575727,6.17565079365079,6.50819253438114,6.70646341463415,107
"114",2018,3,7.02727272727273,11,7.23,5,NA,7.8,6.95,10,1,0,1,10,2078,1080,998,315,510,1568,6.65959576515881,7.21508333333333,6.05846693386774,6.17565079365079,6.51072549019608,6.70801658163265,108
"115",2018,4,6.92857142857143,7,6.92857142857143,NA,NA,7.66666666666667,6.375,7,0,0,3,4,2085,1087,998,315,513,1572,6.66049880095923,7.21323827046918,6.05846693386774,6.17565079365079,6.51748538011696,6.70716921119593,109
"116",2018,5,6.61538461538461,13,7.14285714285714,6,5.8,6,6.72727272727273,7,6,5,2,11,2098,1094,1004,320,515,1583,6.6602192564347,7.21278793418647,6.05811752988048,6.16978125,6.51547572815534,6.70730890713835,110
"117",2018,6,7.66666666666667,9,8.6,6.5,6.5,9,7.28571428571429,5,4,2,2,7,2107,1099,1008,322,517,1590,6.66451827242525,7.2190991810737,6.05987103174603,6.17183229813664,6.52508704061896,6.70985534591195,111
"118",2018,7,6.144667,10,7.074445,4.75,5,NA,6.144667,6,4,3,0,10,2117,1105,1012,325,517,1600,6.66206266887104,7.21831372850678,6.05469367588933,6.16101538461538,6.52508704061896,6.70632291875,112
"119",2018,8,6.33333333333333,12,6.8,4,NA,6.66666666666667,6.22222222222222,10,2,0,3,9,2129,1115,1014,325,520,1609,6.66020980272428,7.21456203587444,6.05064102564103,6.16101538461538,6.52590384615385,6.70361508390305,113
"120",2018,9,6.1,5,7.5,4,2,5.83333333333333,6.5,3,2,1,3,2,2134,1118,1016,326,523,1611,6.65889722118088,7.21532796958855,6.04660433070866,6.14825153374233,6.52193116634799,6.70336230291744,114
"121",2018,10,7.28571428571429,7,7.6,6.5,7,8,7,5,2,1,2,5,2141,1123,1018,327,525,1616,6.66094659971976,7.21704066785396,6.04749508840865,6.15085626911315,6.5275619047619,6.70428011757426,115
"122",2018,11,7.42,5,7.65,6.5,NA,8,7.03333333333333,4,1,0,2,3,2146,1127,1019,327,527,1619,6.6627151304753,7.21857734693877,6.04793915603533,6.15085626911315,6.53314990512334,6.70488985176035,116
"123",2018,12,6.13636363636364,11,7.07142857142857,4.5,5,7.5,5.83333333333333,7,4,2,2,9,2157,1134,1023,329,529,1628,6.66003090866945,7.21766902116402,6.04188660801564,6.14386018237082,6.53680529300567,6.70007166461917,117
"124",2019,1,7.1,10,8,6.5,5.5,6.5,7.25,4,6,2,2,8,2167,1138,1029,331,531,1636,6.66206122288879,7.22041886643233,6.04455782312925,6.13996978851964,6.53666666666667,6.7027608007335,118
"125",2019,2,6.63,10,6.86,6.4,5.75,5.5,6.9125,5,5,4,2,8,2177,1143,1034,335,533,1644,6.66191395039044,7.21884223097113,6.04627659574468,6.13531343283582,6.53277673545966,6.70378142944039,119
"126",2019,3,5.83333333333333,9,7.1,4.25,4.5,4,6.0625,5,4,2,1,8,2186,1148,1038,337,534,1652,6.65850259377859,7.21832462543554,6.03935452793834,6.12560830860534,6.52803370786517,6.7006759503632,120
"127",2019,4,5.66666666666667,12,6,5.2,7,6.5,5.25,7,5,1,4,8,2198,1155,1043,338,538,1660,6.65308765696087,7.21094083982684,6.03533077660595,6.12819526627219,6.52782527881041,6.69368474096386,121
"128",2019,5,5.75,10,5.41666666666667,6.25,5.5,6.83333333333333,5.28571428571429,6,4,2,3,7,2208,1161,1047,340,541,1667,6.64899758605072,7.20166810508182,6.03615090735435,6.1245,6.52951940850277,6.6877724475105,122
"129",2019,6,6.2,5,7.66666666666667,4,6,6,6.33333333333333,3,2,1,2,3,2213,1164,1049,341,543,1670,6.64798313149571,7.20286655498281,6.03226882745472,6.1241348973607,6.52756906077348,6.68713573053892,123
"130",2019,7,6.160667,10,6.921334,5.4,5.25,6,6.17851888888889,5,5,4,1,9,2223,1169,1054,345,544,1679,6.64579097615834,7.20166239520958,6.02926944971537,6.114,6.52659926470588,6.68440937462776,124
"131",2019,8,6.91818181818182,11,7.82,6.16666666666667,7,8.03333333333333,6.5,5,6,2,3,8,2234,1174,1060,347,547,1687,6.64713220232766,7.20429586030664,6.03004716981132,6.11910662824207,6.53486288848263,6.68353487848251,125
"132",2019,9,6.5625,8,7.08333333333333,5,5,7.5,6.25,6,2,1,2,6,2242,1180,1062,348,549,1693,6.64683021409456,7.20368079661017,6.02810734463277,6.1158908045977,6.53837887067395,6.68199842882457,126
"133",2019,10,6.75,14,7.5,4,6,6.33333333333333,6.86363636363636,11,3,1,3,11,2256,1191,1065,349,552,1704,6.64747045212766,7.20641758186398,6.02239436619718,6.11555873925501,6.53726449275362,6.6831709741784,127
"134",2019,11,7.25,6,7.5,6.75,6.5,4,7.9,4,2,1,1,5,2262,1195,1067,350,553,1709,6.64906867374005,7.20740028451883,6.02375820056233,6.11665714285714,6.53267631103074,6.68673103569339,128
"135",2019,12,6.25,10,6.5,6.14285714285714,7.5,7.5,5.9375,3,7,1,2,8,2272,1198,1074,351,555,1717,6.64731220950704,7.20562883138564,6.02453445065177,6.12059829059829,6.53616216216216,6.68324015142691,129
"136",2020,1,6.52631578947368,19,7.40909090909091,5.3125,5.375,6.9,6.39285714285714,11,8,4,5,14,2291,1209,1082,355,560,1731,6.64630874727193,7.20748001654259,6.01926987060998,6.11219718309859,6.53941071428571,6.68089158867707,130
"137",2020,2,6.04285714285714,14,7.22857142857143,4.85714285714286,5,7.36666666666667,5.68181818181818,7,7,3,3,11,2305,1216,1089,358,563,1742,6.64264353145336,7.20760143092105,6.01179981634527,6.10287709497206,6.5438188277087,6.67458285878301,131
"138",2020,3,6.42857142857143,14,6.6,6,7,7,6.38461538461539,10,4,1,1,13,2319,1226,1093,359,564,1755,6.64135115998275,7.20264546492659,6.01175663311985,6.10537604456824,6.54462765957447,6.67243495156695,132
"139",2020,4,7.27777777777778,9,7.2,7.375,7.25,NA,7.27777777777778,5,4,2,0,9,2328,1231,1097,361,564,1764,6.64381157216495,7.20263471974005,6.01672743846855,6.11171745152354,6.54462765957447,6.67552343537415,133
"140",2020,5,7.35714285714286,7,7.35714285714286,NA,NA,NA,7.35714285714286,7,0,0,0,7,2335,1238,1097,361,564,1771,6.6459500385439,7.20350835218093,6.01672743846855,6.11171745152354,6.54462765957447,6.67821758328628,134
"141",2020,6,7.01428571428571,14,7.35555555555556,6.4,6,6.9,7.03333333333333,9,5,1,2,12,2349,1247,1102,362,566,1783,6.64814531289911,7.20460572574178,6.0184664246824,6.111408839779,6.54588339222615,6.68060759394279,135
"142",2020,7,6.5,9,7.08333333333333,5.33333333333333,4,7.5,6.375,6,3,1,1,8,2358,1253,1105,363,567,1791,6.64757987277354,7.20402501197127,6.01660633484163,6.10559228650137,6.54756613756614,6.67924251256281,136
"143",2020,8,6.76666666666667,6,7.75,6.275,NA,NA,6.76666666666667,2,4,0,0,6,2364,1255,1109,363,567,1797,6.64788212351946,7.20489509163346,6.01753832281335,6.10559228650137,6.54756613756614,6.67953441291041,137
"144",2020,9,6,6,6.25,5.5,5,NA,6,4,2,1,0,6,2370,1259,1111,364,567,1803,6.64624191561181,7.20186127084988,6.01660666066607,6.10255494505494,6.54756613756614,6.67727306711037,138
"145",2020,10,5.2,5,5,6,6,2,6,4,1,1,1,4,2375,1263,1112,365,568,1807,6.64319719578947,7.19488783847981,6.01659172661871,6.10227397260274,6.53955985915493,6.67577384615385,139
"146",2020,11,6.32,15,6.8125,5.75714285714286,4.66666666666667,4,6.48571428571429,8,7,3,1,14,2390,1271,1119,368,569,1821,6.64116876150628,7.19248099134539,6.01496872207328,6.09057065217391,6.53509666080844,6.6743126523888,140
"147",2020,12,7.11111111111111,9,7.4,6.75,6,NA,7.11111111111111,5,4,2,0,9,2399,1276,1123,370,569,1830,6.6429317799083,7.19329415360501,6.01758682101514,6.09008108108108,6.53509666080844,6.67646084153005,141
"148",2021,1,7.11538461538461,13,7.3125,6.8,6.66666666666667,7,7.125,8,5,3,1,12,2412,1284,1128,373,570,1842,6.64547816749585,7.19403686915888,6.02105496453901,6.09471849865951,6.53591228070175,6.67938292073833,142
"149",2021,2,7.10416666666667,12,7.625,4.5,NA,8.75,6.95454545454545,10,2,0,1,11,2424,1294,1130,373,571,1853,6.64774890264026,7.1973673415765,6.01836283185841,6.09471849865951,6.53978984238179,6.68101637344846,143
"150",2021,3,7.3125,8,7.58333333333333,6.5,5,NA,7.3125,6,2,1,0,8,2432,1300,1132,374,571,1861,6.64993558388158,7.19914872307692,6.01921378091873,6.09179144385026,6.53978984238179,6.68373097259538,144
"151",2021,4,4.8,5,6,4.5,6,NA,4.8,1,4,1,0,5,2437,1301,1136,375,571,1866,6.64614006565449,7.19822700999231,6.01386443661972,6.09154666666666,6.53978984238179,6.6786834619507,145
"152",2021,5,7.46153846153846,13,7.72727272727273,6,NA,7,7.54545454545455,11,2,0,2,11,2450,1312,1138,375,573,1877,6.65046666938775,7.20266260670731,6.01384007029877,6.09154666666666,6.54139616055846,6.68376310069259,146
"153",2021,6,6.66666666666667,6,9,5.5,6,6,6.8,2,4,2,1,5,2456,1314,1142,377,574,1882,6.65050624592834,7.20539828006088,6.01204028021016,6.09106100795756,6.54045296167247,6.68407191285866,147
"154",2021,7,6.6,15,7.28571428571429,6,5.8,6.5,6.61538461538461,7,8,5,2,13,2471,1321,1150,382,576,1895,6.65019965196277,7.20582387585163,6.01195652173913,6.08725130890052,6.5403125,6.68360070712401,148
"155",2021,8,6.966,20,6.87076923076923,7.14285714285714,7,4.5,7.24,13,7,2,2,18,2491,1334,1157,384,578,1913,6.65273518265757,7.20255872563718,6.01879861711323,6.09200520833333,6.53325259515571,6.68883603763722,149
"156",2021,9,5.84615384615385,13,6.9,5.1875,4.5,5.83333333333333,5.85,5,8,2,3,10,2504,1339,1165,386,581,1923,6.64854765974441,7.20142893203883,6.01309012875537,6.08375647668394,6.52963855421687,6.68447391575663,150
"157",2021,10,7.66666666666667,6,8.4,4,4,8,7.6,5,1,1,1,5,2510,1344,1166,387,582,1928,6.65098141035856,7.20588790178571,6.01136363636364,6.07837209302325,6.53216494845361,6.68684820539419,151
"158",2021,11,5.85454545454545,11,6.175,5,NA,5.975,5.78571428571429,8,3,0,4,7,2521,1352,1169,387,586,1935,6.64750628322094,7.19978797337278,6.00876817792986,6.07837209302325,6.52836177474403,6.68358828940568,152
"159",2021,12,6.53333333333333,15,6.55555555555556,6.5,5.5,7.2,6.2,9,6,2,5,10,2536,1361,1175,389,591,1945,6.64683097003155,7.19552780308596,6.01127659574468,6.07539845758355,6.53404399323181,6.68110197429306,153
"160",2022,1,6.35,16,6.8125,5.8875,5,8.5,6.20666666666667,8,8,1,1,15,2552,1369,1183,390,592,1960,6.64496996081505,7.19328951059167,6.01043956043956,6.07264102564102,6.53736486486486,6.67747109183673,154
"161",2022,2,7.16666666666667,9,7.5,6.75,5.5,6.66666666666667,7.41666666666667,5,4,2,3,6,2561,1374,1187,392,595,1966,6.64680333463491,7.19440563318777,6.01293176074137,6.0697193877551,6.53801680672269,6.67972702950153,155
"162",2022,3,6.8,5,7,6,NA,NA,6.8,4,1,0,0,5,2566,1378,1188,392,595,1971,6.64710184723305,7.19384132075471,6.01292087542088,6.0697193877551,6.53801680672269,6.68003213597159,156
"163",2022,4,7.12,10,7.7,6.25,NA,NA,7.12,6,4,0,0,10,2576,1384,1192,392,595,1981,6.64893763198758,7.19603565028901,6.01371644295302,6.0697193877551,6.53801680672269,6.68225307420495,157
"164",2022,5,6.52222222222222,9,6.61666666666667,6.33333333333333,5.5,5.675,7.2,6,3,2,4,5,2585,1390,1195,394,599,1986,6.64849645647969,7.19353477697842,6.01451882845189,6.06682741116751,6.53225375626043,6.68355656596173,158
"165",2022,6,7,2,7,NA,NA,NA,7,2,0,0,0,2,2587,1392,1195,394,599,1988,6.64876820255122,7.19325670977011,6.01451882845189,6.06682741116751,6.53225375626043,6.6838749195171,159
"166",2022,7,6.75,7,7.45,5,NA,NA,6.75,5,2,0,0,7,2594,1397,1197,394,599,1995,6.64904138010794,7.19417561918396,6.01282372598162,6.06682741116751,6.53225375626043,6.68410693734336,160
"167",2022,8,7.375,4,7.375,NA,NA,NA,7.375,4,0,0,0,4,2598,1401,1197,394,599,1999,6.65015909930716,7.19469189150607,6.01282372598162,6.06682741116751,6.53225375626043,6.68548941470735,161
"168",2022,9,7.2,5,7.33333333333333,7,NA,7,7.25,3,2,0,1,4,2603,1404,1199,394,600,2003,6.65121526699962,7.19498813390313,6.01447039199333,6.06682741116751,6.53303333333333,6.68661674488268,162
"169",2022,10,7.2,10,7.4,7,8.5,7.5,7.125,5,5,2,2,8,2613,1409,1204,396,602,2011,6.65331547646383,7.1957156422995,6.01856312292359,6.07911616161616,6.53624584717608,6.68836068622576,163
"170",2022,11,6.75714285714286,7,7.06,6,6,9,6.38333333333333,5,2,1,1,6,2620,1414,1206,397,603,2017,6.65359287786259,7.19523574257426,6.01853233830846,6.07891687657431,6.54033167495854,6.68745331680714,164
"171",2022,12,6.95454545454545,11,8.4,5.75,3,8,6.85,5,6,1,1,10,2631,1419,1212,398,604,2027,6.65485113645002,7.19948085976039,6.01720297029703,6.07118090452261,6.54274834437086,6.68825522446966,165
