"","year","month","avg_rating","no_ratings","avg_rating_owned","avg_rating_not_owned","avg_rating_prev_owned","avg_rating_comment","avg_rating_no_comment","no_ratings_owned","no_ratings_not_owned","no_ratings_prev_owned","no_ratings_comment","no_ratings_no_comment","cum_no_ratings","cum_no_ratings_owned","cum_no_ratings_not_owned","cum_no_ratings_prev_owned","cum_no_ratings_comment","cum_no_ratings_no_comment","cum_avg_rating","cum_avg_rating_owned","cum_avg_rating_not_owned","cum_avg_rating_prev_owned","cum_avg_rating_comment","cum_avg_rating_no_comment","month_after_release"
"1",2001,6,7,10,6.85714285714286,7.33333333333333,NA,7,7,7,3,0,2,8,10,7,3,0,2,8,7,6.85714285714286,7.33333333333333,NA,7,7,0
"2",2001,7,8,2,9,7,NA,NA,8,1,1,0,0,2,12,8,4,0,2,10,7.16666666666667,7.125,7.25,NA,7,7.2,1
"3",2001,8,7.88888888888889,9,7.625,10,NA,7.75,8,8,1,0,4,5,21,16,5,0,6,15,7.47619047619048,7.375,7.8,NA,7.5,7.46666666666667,2
"4",2001,9,5.71428571428571,7,5.5,7,NA,8,5.33333333333333,6,1,0,1,6,28,22,6,0,7,21,7.03571428571429,6.86363636363636,7.66666666666667,NA,7.57142857142857,6.85714285714286,3
"5",2001,10,7.58333333333333,6,8.125,6.5,NA,NA,7.58333333333333,4,2,0,0,6,34,26,8,0,7,27,7.13235294117647,7.05769230769231,7.375,NA,7.57142857142857,7.01851851851852,4
"6",2001,11,7.6,5,7.6,NA,NA,7,7.75,5,0,0,1,4,39,31,8,0,8,31,7.19230769230769,7.14516129032258,7.375,NA,7.5,7.11290322580645,5
"7",2001,12,7,3,6.5,8,NA,NA,7,2,1,0,0,3,42,33,9,0,8,34,7.17857142857143,7.10606060606061,7.44444444444444,NA,7.5,7.10294117647059,6
"8",2002,1,7.3125,8,7.75,6,NA,NA,7.3125,6,2,0,0,8,50,39,11,0,8,42,7.2,7.20512820512821,7.18181818181818,NA,7.5,7.14285714285714,7
"9",2002,2,7.33333333333333,6,7.33333333333333,NA,NA,8,6.66666666666667,6,0,0,3,3,56,45,11,0,11,45,7.21428571428571,7.22222222222222,7.18181818181818,NA,7.63636363636364,7.11111111111111,8
"10",2002,3,8.75,4,8.75,NA,NA,9,8.5,4,0,0,2,2,60,49,11,0,13,47,7.31666666666667,7.3469387755102,7.18181818181818,NA,7.84615384615385,7.17021276595745,9
"11",2002,4,7.4,5,7.4,NA,NA,7,7.66666666666667,5,0,0,2,3,65,54,11,0,15,50,7.32307692307692,7.35185185185185,7.18181818181818,NA,7.73333333333333,7.2,10
"12",2002,5,9,4,9,NA,NA,9,9,4,0,0,1,3,69,58,11,0,16,53,7.42028985507246,7.46551724137931,7.18181818181818,NA,7.8125,7.30188679245283,11
"13",2002,6,6.6,5,6.25,8,8,4.5,8,4,1,1,2,3,74,62,12,1,18,56,7.36486486486486,7.38709677419355,7.25,8,7.44444444444444,7.33928571428571,12
"14",2002,7,7,8,7,NA,NA,8,6.85714285714286,8,0,0,1,7,82,70,12,1,19,63,7.32926829268293,7.34285714285714,7.25,8,7.47368421052632,7.28571428571429,13
"15",2002,8,6.66666666666667,12,7.125,5.75,7,7,6.55555555555556,8,4,1,3,9,94,78,16,2,22,72,7.24468085106383,7.32051282051282,6.875,7.5,7.40909090909091,7.19444444444444,14
"16",2002,9,7,11,7,7,8,7.33333333333333,6.875,8,3,1,3,8,105,86,19,3,25,80,7.21904761904762,7.2906976744186,6.89473684210526,7.66666666666667,7.4,7.1625,15
"17",2002,10,7.38888888888889,9,7.5625,6,6,7.75,7.28571428571429,8,1,1,2,7,114,94,20,4,27,87,7.23245614035088,7.31382978723404,6.85,7.25,7.42592592592593,7.17241379310345,16
"18",2002,11,6.16666666666667,6,6.25,6,6,6,6.2,4,2,1,1,5,120,98,22,5,28,92,7.17916666666667,7.27040816326531,6.77272727272727,7,7.375,7.1195652173913,17
"19",2002,12,7.24666666666667,15,7.60909090909091,6.25,6,7.14,7.3,11,4,1,5,10,135,109,26,6,33,102,7.18666666666667,7.3045871559633,6.69230769230769,6.83333333333333,7.33939393939394,7.13725490196078,18
"20",2003,1,6.96666666666667,30,7.16666666666667,6.16666666666667,6,6.75,7.02083333333333,24,6,3,6,24,165,133,32,9,39,126,7.14666666666667,7.2796992481203,6.59375,6.55555555555556,7.24871794871795,7.11507936507936,19
"21",2003,2,6.88888888888889,9,7,6.5,6.5,8,6.57142857142857,7,2,2,2,7,174,140,34,11,41,133,7.13333333333333,7.26571428571429,6.58823529411765,6.54545454545455,7.28536585365854,7.08646616541353,20
"22",2003,3,7.07142857142857,14,7,7.25,7,7.71428571428571,6.42857142857143,10,4,1,7,7,188,150,38,12,48,140,7.12872340425532,7.248,6.65789473684211,6.58333333333333,7.34791666666667,7.05357142857143,21
"23",2003,4,7.9,12,7.98181818181818,7,NA,NA,7.9,11,1,0,0,12,200,161,39,12,48,152,7.175,7.29813664596273,6.66666666666667,6.58333333333333,7.34791666666667,7.1203947368421,22
"24",2003,5,7.09523809523809,21,7.33333333333333,6.77777777777778,6.625,6.85,7.31818181818182,12,9,4,10,11,221,173,48,16,58,163,7.16742081447964,7.30057803468208,6.6875,6.59375,7.26206896551724,7.13374233128834,23
"25",2003,6,7,8,7,NA,NA,6,7.33333333333333,8,0,0,2,6,229,181,48,16,60,169,7.16157205240175,7.28729281767956,6.6875,6.59375,7.22,7.14082840236686,24
"26",2003,7,6.51162790697674,43,6.76315789473684,4.6,4.33333333333333,6.375,6.54285714285714,38,5,3,8,35,272,219,53,19,68,204,7.05882352941176,7.19634703196347,6.49056603773585,6.23684210526316,7.12058823529412,7.03823529411765,25
"27",2003,8,7.48928571428571,28,7.835,6.625,8,7.3,7.57894736842105,20,8,3,9,19,300,239,61,22,77,223,7.099,7.24979079497908,6.50819672131148,6.47727272727273,7.14155844155844,7.08430493273543,26
"28",2003,9,7.45,30,7.54,7,NA,7.5,7.42857142857143,25,5,0,9,21,330,264,66,22,86,244,7.13090909090909,7.27727272727273,6.54545454545455,6.47727272727273,7.17906976744186,7.11393442622951,27
"29",2003,10,7.14666666666667,15,7.35,6.33333333333333,7,7.04,7.2,12,3,1,5,10,345,276,69,23,91,254,7.13159420289855,7.2804347826087,6.53623188405797,6.5,7.17142857142857,7.11732283464567,28
"30",2003,11,8.1,10,8.22222222222222,7,NA,7.75,8.1875,9,1,0,2,8,355,285,70,23,93,262,7.15887323943662,7.31017543859649,6.54285714285714,6.5,7.18387096774194,7.15,29
"31",2003,12,6.88888888888889,9,7.66666666666667,5.33333333333333,5,7.5,6.71428571428571,6,3,2,2,7,364,291,73,25,95,269,7.1521978021978,7.31752577319588,6.49315068493151,6.38,7.19052631578947,7.13866171003717,30
"32",2004,1,7.36206896551724,29,7.5625,6.4,8,7.25,7.42105263157895,24,5,1,10,19,393,315,78,26,105,288,7.1676844783715,7.33619047619048,6.48717948717949,6.44230769230769,7.19619047619048,7.15729166666667,31
"33",2004,2,6.69565217391304,23,6.68181818181818,7,NA,5.92857142857143,7.03125,22,1,0,7,16,416,337,79,26,112,304,7.14158653846154,7.29347181008902,6.49367088607595,6.44230769230769,7.11696428571429,7.15065789473684,32
"34",2004,3,7.11764705882353,34,7.06896551724138,7.4,7.66666666666667,7.33333333333333,7.07142857142857,29,5,3,6,28,450,366,84,29,118,332,7.13977777777778,7.27568306010929,6.54761904761905,6.56896551724138,7.12796610169492,7.14397590361446,33
"35",2004,4,7.16129032258065,31,7.24137931034483,6,6,6.92857142857143,7.35294117647059,29,2,2,14,17,481,395,86,31,132,349,7.14116424116424,7.27316455696203,6.53488372093023,6.53225806451613,7.10681818181818,7.1541547277937,34
"36",2004,5,7.06944444444444,36,7.16176470588235,5.5,7,7.06666666666667,7.07142857142857,34,2,1,15,21,517,429,88,32,147,370,7.13617021276596,7.26433566433566,6.51136363636364,6.546875,7.10272108843537,7.14945945945946,35
"37",2004,6,7.0625,16,7.0625,NA,NA,6.75,7.16666666666667,16,0,0,4,12,533,445,88,32,151,382,7.13395872420263,7.25707865168539,6.51136363636364,6.546875,7.09337748344371,7.15,36
"38",2004,7,6.93939393939394,33,7.1,5.33333333333333,5,6.68181818181818,7.06818181818182,30,3,1,11,22,566,475,91,33,162,404,7.1226148409894,7.24715789473684,6.47252747252747,6.5,7.06543209876543,7.14554455445545,37
"39",2004,8,7.39655172413793,29,7.46296296296296,6.5,6,8,7.20454545454545,27,2,1,7,22,595,502,93,34,169,426,7.13596638655462,7.25876494023904,6.47311827956989,6.48529411764706,7.10414201183432,7.14859154929577,38
"40",2004,9,7.13513513513514,37,7.08620689655172,7.3125,7.6,6.8125,7.38095238095238,29,8,5,16,21,632,531,101,39,185,447,7.13591772151899,7.24934086629002,6.53960396039604,6.62820512820513,7.07891891891892,7.15950782997763,39
"41",2004,10,7.26315789473684,38,7.32352941176471,6.75,7,8,6.96296296296296,34,4,2,11,27,670,565,105,41,196,474,7.14313432835821,7.25380530973451,6.54761904761905,6.64634146341463,7.13061224489796,7.14831223628692,40
"42",2004,11,7.06111111111111,45,7.38815789473684,5.28571428571429,6.5,7.609375,6.75862068965517,38,7,2,16,29,715,603,112,43,212,503,7.13797202797203,7.262271973466,6.46875,6.63953488372093,7.16674528301887,7.1258449304175,41
"43",2004,12,7.1969696969697,33,7.19642857142857,7.2,7.5,7.16666666666667,7.20833333333333,28,5,2,9,24,748,631,117,45,221,527,7.14057486631016,7.25935023771791,6.5,6.67777777777778,7.16674208144796,7.12960151802657,42
"44",2005,1,6.84,50,7.275,5.1,5,6.8,6.85714285714286,40,10,1,15,35,798,671,127,46,236,562,7.12174185463659,7.26028315946349,6.38976377952756,6.64130434782609,7.14343220338983,7.1126334519573,43
"45",2005,2,6.76470588235294,34,6.98275862068965,5.5,4.33333333333333,6.28125,7.19444444444444,29,5,3,16,18,832,700,132,49,252,580,7.10715144230769,7.24878571428571,6.35606060606061,6.5,7.08869047619048,7.1151724137931,44
"46",2005,3,7.22413793103448,29,7.5,6.35714285714286,6.75,6.95,7.36842105263158,22,7,2,10,19,861,722,139,51,262,599,7.11109175377468,7.2564404432133,6.35611510791367,6.50980392156863,7.08339694656488,7.12320534223706,45
"47",2005,4,7.1,30,7.47916666666667,5.58333333333333,5.625,6.63636363636364,7.36842105263158,24,6,4,11,19,891,746,145,55,273,618,7.11071829405163,7.26360589812332,6.32413793103448,6.44545454545455,7.06538461538462,7.13074433656958,46
"48",2005,5,7.44444444444444,27,7.56,6,NA,8.2,7.27272727272727,25,2,0,5,22,918,771,147,55,278,640,7.12053376906318,7.27321660181582,6.31972789115646,6.44545454545455,7.08579136690647,7.135625,47
"49",2005,6,6.7,25,7.19444444444444,5.42857142857143,6,6.46428571428571,7,18,7,2,14,11,943,789,154,57,292,651,7.1093849416755,7.27141951837769,6.27922077922078,6.42982456140351,7.05599315068493,7.13333333333333,48
"50",2005,7,6.93939393939394,33,7.10344827586207,5.75,5.75,6.68181818181818,7.06818181818182,29,4,4,11,22,976,818,158,61,303,673,7.10363729508197,7.26546454767726,6.26582278481013,6.38524590163934,7.04240924092409,7.13120356612184,49
"51",2005,8,7.071875,32,7.15925925925926,6.6,6.5,7.14285714285714,7.01666666666667,27,5,2,14,18,1008,845,163,63,317,691,7.10262896825397,7.26207100591716,6.2760736196319,6.38888888888889,7.04684542586751,7.12821997105644,50
"52",2005,9,7.23125,32,7.376,6.71428571428571,7.16666666666667,7.38181818181818,7.15238095238095,25,7,3,11,21,1040,870,170,66,328,712,7.10658653846154,7.26534482758621,6.29411764705882,6.42424242424242,7.05807926829268,7.12893258426966,51
"53",2005,10,6.7,42,6.71428571428571,6.62857142857143,6.58333333333333,6.69230769230769,6.70344827586207,35,7,6,13,29,1082,905,177,72,341,741,7.09080406654344,7.24403314917127,6.30734463276836,6.4375,7.0441348973607,7.11228070175439,52
"54",2005,11,7.421875,32,7.5,7,6,7.625,7.3,27,5,1,12,20,1114,932,182,73,353,761,7.10031418312388,7.25144849785408,6.32637362637363,6.43150684931507,7.06388101983003,7.11721419185282,53
"55",2005,12,7.33333333333333,33,7.53846153846154,6.57142857142857,7.5,7.28571428571429,7.34615384615385,26,7,4,7,26,1147,958,189,77,360,787,7.10701830863121,7.25923799582463,6.33544973544974,6.48701298701299,7.06819444444444,7.12477763659466,54
"56",2006,1,7.19444444444444,45,7.53472222222222,5.83333333333333,5.875,7.23214285714286,7.17741935483871,36,9,4,14,31,1192,994,198,81,374,818,7.11031879194631,7.2692152917505,6.31262626262626,6.45679012345679,7.07433155080214,7.12677261613692,55
"57",2006,2,6.78571428571429,35,6.859375,6,9,6.63333333333333,6.9,32,3,1,15,20,1227,1026,201,82,389,838,7.10105949470253,7.25643274853801,6.30796019900498,6.48780487804878,7.0573264781491,7.12136038186158,56
"58",2006,3,6.94444444444444,27,7.19444444444444,6.44444444444444,6.025,6.5,7.16666666666667,18,9,4,9,18,1254,1044,210,86,398,856,7.09768740031898,7.25536398467433,6.31380952380952,6.46627906976744,7.04472361809045,7.12231308411215,57
"59",2006,4,6.84782608695652,23,6.92857142857143,6,NA,6.91666666666667,6.82352941176471,21,2,0,6,17,1277,1065,212,86,404,873,7.09318715740016,7.24892018779343,6.31084905660377,6.46627906976744,7.04282178217822,7.11649484536082,58
"60",2006,5,7.38571428571429,35,7.390625,7.33333333333333,NA,7.27777777777778,7.42307692307692,32,3,0,9,26,1312,1097,215,86,413,899,7.10099085365854,7.25305378304467,6.32511627906977,6.46627906976744,7.04794188861985,7.12536151279199,59
"61",2006,6,7.255,60,7.33333333333333,6.81111111111111,7,6.93333333333333,7.39285714285714,51,9,1,18,42,1372,1148,224,87,431,941,7.10772594752187,7.25662020905923,6.34464285714286,6.47241379310345,7.04315545243619,7.13730074388948,60
"62",2006,7,7.44186046511628,43,7.68181818181818,6.65,7,7.4,7.46428571428571,33,10,2,15,28,1415,1181,234,89,446,969,7.11787985865724,7.26850127011008,6.35769230769231,6.48426966292135,7.05515695067265,7.14674922600619,61
"63",2006,8,7.01272727272727,55,7.42142857142857,5.69230769230769,6,6.28571428571429,7.2609756097561,42,13,7,14,41,1470,1223,247,96,460,1010,7.11394557823129,7.27375306623058,6.32267206477733,6.44895833333333,7.03173913043478,7.15138613861386,62
"64",2006,9,7.26481481481482,54,7.34418604651163,6.95454545454545,7.5,7.26470588235294,7.26486486486487,43,11,5,17,37,1524,1266,258,101,477,1047,7.11929133858268,7.27614533965245,6.34961240310078,6.5009900990099,7.04004192872117,7.15539637058262,63
"65",2006,10,6.9936170212766,47,7.36285714285714,5.91666666666667,6.25,6.54545454545455,7.13055555555556,35,12,4,11,36,1571,1301,270,105,488,1083,7.11553150859325,7.27847809377402,6.33037037037037,6.49142857142857,7.02889344262295,7.15457063711911,64
"66",2006,11,6.97735849056604,53,7.20277777777778,6.5,6.61111111111111,6.69230769230769,7.07,36,17,9,13,40,1624,1337,287,114,501,1123,7.11102216748768,7.27643979057591,6.3404181184669,6.50087719298246,7.02015968063872,7.15155832591273,65
"67",2006,12,7.23166666666667,60,7.31538461538462,6.6875,7,7.23333333333333,7.23111111111111,52,8,3,15,45,1684,1389,295,117,516,1168,7.11532066508313,7.27789776817854,6.34983050847458,6.51367521367521,7.02635658914729,7.15462328767123,66
"68",2007,1,7.11882352941176,85,7.32686567164179,6.34444444444444,7.225,6.81739130434783,7.23064516129032,67,18,4,23,62,1769,1456,313,121,539,1230,7.11548897682306,7.2801510989011,6.34952076677316,6.53719008264463,7.01743970315399,7.15845528455285,67
"69",2007,2,7.31722307692308,52,7.42954545454545,6.69945,8,7.025,7.4471,44,8,2,16,36,1821,1500,321,123,555,1266,7.12124964305327,7.28453333333333,6.35824174454829,6.5609756097561,7.01765765765766,7.16666319115324,68
"70",2007,3,7.05868852459016,61,7.27347826086956,6.4,7.125,6.54166666666667,7.39405405405405,46,15,4,24,37,1882,1546,336,127,579,1303,7.11922189160468,7.2842043984476,6.36010595238095,6.57874015748031,6.9979274611399,7.17312018419033,69
"71",2007,4,7,58,7.21,5.6875,6.5,7.16666666666667,6.94186046511628,50,8,5,15,43,1940,1596,344,132,594,1346,7.1156575257732,7.28187969924812,6.34446395348837,6.57575757575758,7.00218855218855,7.16573224368499,70
"72",2007,5,7.15079365079365,63,7.28125,6.73333333333333,6.78571428571429,7.08695652173913,7.1875,48,15,7,23,40,2003,1644,359,139,617,1386,7.11676265601598,7.28186131386861,6.36071197771588,6.5863309352518,7.00534846029173,7.16636046176046,71
"73",2007,6,7.32545454545455,55,7.40476190476191,7.06923076923077,7.075,7.31176470588235,7.33157894736842,42,13,8,17,38,2058,1686,372,147,634,1424,7.12233994169096,7.28492289442467,6.38547204301075,6.61292517006803,7.01356466876972,7.17076938202247,72
"74",2007,7,6.93559322033898,59,7.07551020408163,6.25,7.16666666666667,6.47826086956522,7.22777777777778,49,10,3,23,36,2117,1735,382,150,657,1460,7.11713538025508,7.27900864553314,6.38192565445026,6.624,6.99482496194825,7.17217506849315,73
"75",2007,8,6.98676470588235,68,7.112,6.63888888888889,7.16666666666667,6.75925925925926,7.13658536585366,50,18,6,27,41,2185,1785,400,156,684,1501,7.1130780778032,7.27433053221288,6.393489,6.64487179487179,6.98552631578947,7.17120293137908,74
"76",2007,9,7.00862068965517,58,7.16666666666667,6.59375,6.7,6.91666666666667,7.03260869565217,42,16,5,12,46,2243,1827,416,161,696,1547,7.11037699509585,7.27185550082102,6.40119134615385,6.64658385093168,6.98433908045977,7.16708183581125,75
"77",2007,10,6.94654761904762,84,7.335,5.52222222222222,5.8125,7.2405,6.8546875,66,18,8,20,64,2327,1893,434,169,716,1611,7.10446308551783,7.27405705229794,6.36473640552996,6.60710059171598,6.99149441340782,7.1546713842334,76
"78",2007,11,6.97912621359223,103,7.09207317073171,6.53809523809524,6.8,7.03181818181818,6.95428571428571,82,21,5,33,70,2430,1975,455,174,749,1681,7.0991504526749,7.26650126582278,6.37273758241758,6.61264367816092,6.99327102803738,7.14632694824509,77
"79",2007,12,7.20888888888889,90,7.41184210526316,6.10714285714286,6.3,7.17241379310345,7.22622950819672,76,14,5,29,61,2520,2051,469,179,778,1742,7.10306968253968,7.27188688444661,6.36480938166311,6.60391061452514,6.99994858611825,7.14912491389208,78
"80",2008,1,7.08240740740741,108,7.20574712643678,6.57142857142857,7.16666666666667,7.23611111111111,7.00555555555556,87,21,9,36,72,2628,2138,490,188,814,1814,7.1022205479452,7.26919550982226,6.37366448979592,6.63085106382979,7.01039312039312,7.14342646085998,79
"81",2008,2,6.97260273972603,73,7.175,6.03846153846154,7.08333333333333,7.02380952380952,6.95192307692308,60,13,6,21,52,2701,2198,503,194,835,1866,7.09871736393928,7.26662420382165,6.36500119284294,6.64484536082474,7.01073053892216,7.13808981779207,80
"82",2008,3,6.85205479452055,73,7.02181818181818,6.33333333333333,7.125,6.825,6.8622641509434,55,18,8,20,53,2774,2253,521,202,855,1919,7.09222624369142,7.26064802485575,6.36390710172745,6.66386138613861,7.00638596491228,7.1304719124544,81
"83",2008,4,7.22671232876712,73,7.49732142857143,6.33529411764706,6.24444444444444,7.35555555555556,7.18454545454545,56,17,9,18,55,2847,2309,538,211,873,1974,7.09567460484721,7.26638804677349,6.3630029739777,6.64597156398104,7.01358533791524,7.13197852077001,82
"84",2008,5,6.97241379310345,58,7.05576923076923,6.25,5.5,7.04761904761905,6.92972972972973,52,6,2,21,37,2905,2361,544,213,894,2011,7.09321363166953,7.26174925878865,6.36175661764706,6.63521126760563,7.01438478747204,7.12825738438588,83
"85",2008,6,6.9035593220339,59,7.01326086956522,6.51538461538462,6.21428571428571,6.81,6.95526315789474,46,13,7,21,38,2964,2407,557,220,915,2049,7.08943846153846,7.25700041545492,6.36534219030521,6.62181818181818,7.00969398907104,7.12504909712055,84
"86",2008,7,6.56966292134831,89,7.13015873015873,5.21153846153846,5.08333333333333,6.04285714285714,6.91111111111111,63,26,18,35,54,3053,2470,583,238,950,2103,7.07428614477563,7.25376518218623,6.31388610634648,6.50546218487395,6.97407368421053,7.11955568235854,85
"87",2008,8,6.58894736842105,95,7.14435483870968,5.54545454545455,5.39130434782609,6.25925925925926,6.71985294117647,62,33,23,27,68,3148,2532,616,261,977,2171,7.05963964421855,7.25108609794629,6.27272012987013,6.40727969348659,6.95431934493347,7.10703620451405,86
"88",2008,9,6.78846153846154,65,7.23717948717949,6.11538461538461,5.88235294117647,6.46428571428571,6.94318181818182,39,26,17,21,44,3213,2571,642,278,998,2215,7.0541536258948,7.25087514585764,6.26634828660436,6.37517985611511,6.94400801603206,7.10378130925508,87
"89",2008,10,6.84126984126984,63,7.1968085106383,5.796875,5.42857142857143,6.55,6.93229166666667,47,16,7,15,48,3276,2618,658,285,1013,2263,7.05005970695971,7.24990450725745,6.25493252279635,6.3519298245614,6.93817374136229,7.10014387980557,88
"90",2008,11,7.03409090909091,66,7.32317073170732,6.56,6.35294117647059,6.89,7.1219512195122,41,25,17,25,41,3342,2659,683,302,1038,2304,7.04974434470377,7.25103422339225,6.26609897510981,6.35198675496689,6.93701348747592,7.10053194444444,89
"91",2008,12,6.79192307692308,78,6.92245901639344,6.32352941176471,6.27777777777778,6.57894736842105,6.86050847457627,61,17,9,19,59,3420,2720,700,311,1057,2363,7.04386421052632,7.24366544117647,6.26749371428572,6.34983922829582,6.93057710501419,7.09453897587812,90
"92",2009,1,6.84333333333333,120,7.02235294117647,6.40857142857143,6.40909090909091,6.7234375,6.88693181818182,85,35,22,32,88,3540,2805,735,333,1089,2451,7.03706655367232,7.23695900178253,6.27421170068027,6.35375375375375,6.92449035812672,7.08708510811914,91
"93",2009,2,6.63583333333333,120,6.98611111111111,6.11041666666667,5.915,6.11904761904762,6.74545454545455,72,48,20,21,99,3660,2877,783,353,1110,2550,7.02391136612022,7.23068126520681,6.26417062579821,6.32889518413598,6.90925225225225,7.07382180392157,92
"94",2009,3,6.83428571428571,105,7.08571428571429,6.5469387755102,6.432,6.39285714285714,6.99480519480519,56,49,25,28,77,3765,2933,832,378,1138,2627,7.01862300132802,7.22791339924991,6.28082403846154,6.33571428571429,6.89654657293497,7.07150574800152,93
"95",2009,4,6.75,109,6.82014925373134,6.63809523809524,5.96875,6.19791666666667,6.90588235294118,67,42,16,24,85,3874,3000,874,394,1162,2712,7.01106494579246,7.21880666666667,6.29799267734554,6.32081218274112,6.88211703958692,7.06631474926254,94
"96",2009,5,6.76375,80,7.03478260869565,6.39705882352941,5.61764705882353,5.825,7.07666666666667,46,34,17,20,60,3954,3046,908,411,1182,2772,7.00606110268083,7.21602757715036,6.30170220264317,6.29172749391728,6.86423011844332,7.06653881673881,95
"97",2009,6,6.7247311827957,93,7.04912280701754,6.21111111111111,5.75625,6.28947368421053,6.83648648648649,57,36,16,19,74,4047,3103,944,427,1201,2846,6.99959614529281,7.21296165001611,6.29824745762712,6.27166276346604,6.85513738551207,7.06055713281799,96
"98",2009,7,6.8952380952381,84,7.18214285714286,6.32142857142857,6.89285714285714,6.55,6.98939393939394,56,28,14,18,66,4131,3159,972,441,1219,2912,6.9974741224885,7.21241532130421,6.29891522633745,6.29138321995465,6.85063166529943,7.05894423076923,97
"99",2009,8,6.62411764705882,85,6.94117647058824,6.14852941176471,6.315,6.01458333333333,6.86393442622951,51,34,20,24,61,4216,3210,1006,461,1243,2973,6.98994677419355,7.20810591900312,6.29383260437376,6.29240780911063,6.83448913917941,7.05494302051799,98
"100",2009,9,6.62340425531915,94,6.9,6.25,6.20833333333333,6.13636363636364,6.77222222222222,54,40,24,22,72,4310,3264,1046,485,1265,3045,6.98195257540603,7.20300857843137,6.29215640535373,6.28824742268041,6.82234782608696,7.04825799671593,99
"101",2009,10,6.75190082644628,121,7.11703703703704,6.0125,5.66666666666667,6.13214285714286,6.93849462365591,81,40,24,28,93,4431,3345,1086,509,1293,3138,6.97567041299932,7.20092675635277,6.28185598526704,6.25893909626719,6.80740139211137,7.04500497131931,100
"102",2009,11,6.86435643564356,101,7.05390625,6.53648648648649,6.23529411764706,6.33636363636364,7.01139240506329,64,37,17,22,79,4532,3409,1123,526,1315,3217,6.97318967343336,7.19816661777647,6.29024541406946,6.25817490494297,6.79952091254753,7.04417954616102,101
"103",2009,12,6.7690990990991,111,6.95169014084507,6.445,6.43928571428571,6.70178571428571,6.79180722891566,71,40,28,28,83,4643,3480,1163,554,1343,3300,6.96831048890803,7.19313793103448,6.29556801375753,6.2673285198556,6.79748324646314,7.037832,102
"104",2010,1,6.85331125827815,151,7.12409090909091,6.12682926829268,5.9,6.353125,6.98781512605042,110,41,28,32,119,4794,3590,1204,582,1375,3419,6.96468827701293,7.19102228412256,6.2898219269103,6.24965635738832,6.78714181818182,7.03609113775958,103
"105",2010,2,6.78747252747253,91,7.17298245614035,6.14117647058824,6.25,7.18181818181818,6.73325,57,34,18,11,80,4885,3647,1238,600,1386,3499,6.96138702149437,7.19074033452153,6.28573957996769,6.24966666666667,6.79027417027417,7.02916707630752,104
"106",2010,3,6.45466666666667,75,6.99473684210526,5.9,6.17647058823529,6.35789473684211,6.4875,38,37,17,19,56,4960,3685,1275,617,1405,3555,6.95372491935484,7.18871913161465,6.27454556862745,6.24764991896272,6.78442704626334,7.02063448663854,105
"107",2010,4,6.93717948717949,78,7.23620689655172,6.07,6.14615384615385,7.01428571428571,6.9203125,58,20,13,14,64,5038,3743,1295,630,1419,3619,6.95346875744343,7.18945498263425,6.27138656370657,6.24555555555556,6.78669485553206,7.01886034816247,106
"108",2010,5,6.76449275362319,69,7.03125,6.15476190476191,6.25,7.1875,6.67543859649123,48,21,13,12,57,5107,3791,1316,643,1431,3676,6.95091552770707,7.18745185966763,6.2695255319149,6.24564541213064,6.79005590496156,7.01353525571273,107
"109",2010,6,6.85076923076923,65,7.33658536585366,6.02083333333333,6.1,6.84615384615385,6.85192307692308,41,24,15,13,52,5172,3832,1340,658,1444,3728,6.94965692188708,7.18904749478079,6.26507134328358,6.24232522796353,6.79056094182825,7.01128100858369,108
"110",2010,7,6.92421875,64,7.2093023255814,6.34047619047619,6.6,6.75,6.94910714285714,43,21,10,8,56,5236,3875,1361,668,1452,3784,6.94934598930481,7.18927225806452,6.26623482733285,6.24767964071856,6.79033746556474,7.01036088794926,109
"111",2010,8,6.56944444444444,54,6.91891891891892,5.80882352941176,5.375,6.70833333333333,6.52976190476191,37,17,8,12,42,5290,3912,1378,676,1464,3826,6.94546797731569,7.18671523517382,6.26059187227867,6.23735207100592,6.78966530054645,7.00508510193413,110
"112",2010,9,6.59444444444444,54,6.68026315789474,6.390625,6.39583333333333,6.390625,6.68026315789474,38,16,12,16,38,5344,3950,1394,688,1480,3864,6.94192095808383,7.18184303797468,6.2620843615495,6.24011627906977,6.78535135135135,7.00189068322981,111
"113",2010,10,6.64634920634921,63,6.93210526315789,6.212,6.88,6.82307692307692,6.6004,38,25,10,13,50,5407,3988,1419,698,1493,3914,6.93847708525985,7.17946339017051,6.26120197322058,6.24928366762178,6.78567983924983,6.99676177823199,112
"114",2010,11,6.71067415730337,89,7.23684210526316,5.7734375,6,6.19565217391304,6.89015151515152,57,32,10,23,66,5496,4045,1451,708,1516,3980,6.93478813682678,7.18027194066749,6.25044493452791,6.24576271186441,6.77672823218997,6.99499386934673,113
"115",2010,12,6.46146788990826,109,6.66164383561644,6.05555555555556,6.09375,6.71818181818182,6.39655172413793,73,36,16,22,87,5605,4118,1487,724,1538,4067,6.925583514719,7.17107819329772,6.24572669804977,6.24240331491713,6.77589076723017,6.98219218096877,114
"116",2011,1,6.84008620689655,116,7.12625,6.20416666666667,6.14473684210526,6.36842105263158,6.93247422680412,80,36,19,19,97,5721,4198,1523,743,1557,4164,6.92384995630135,7.17022391615055,6.24474432042022,6.23990578734859,6.77091843288375,6.98103400576369,115
"117",2011,2,6.73368055555556,72,7.07602040816327,6.00434782608696,6.16666666666667,6.4765625,6.80714285714286,49,23,12,16,56,5793,4247,1546,755,1573,4220,6.92148638011393,7.16913703790911,6.24116791720569,6.23874172185431,6.76792434837889,6.97872644549763,116
"118",2011,3,6.70117021276596,94,6.98214285714286,6.28710526315789,6.41176470588235,6.54625,6.75428571428571,56,38,17,24,70,5887,4303,1584,772,1597,4290,6.91796850687957,7.16670346270044,6.24226994949495,6.2425518134715,6.76459298685034,6.97506424242424,117
"119",2011,4,6.696,50,7.09117647058823,5.85625,6.1,6.28571428571429,6.76279069767442,34,16,10,7,43,5937,4337,1600,782,1604,4333,6.91609914098029,7.16611136730459,6.23840975,6.24072890025576,6.76250311720698,6.9729576736672,118
"120",2011,5,6.88805970149254,67,7.08854166666667,6.38157894736842,6.27272727272727,6.26666666666667,7.06730769230769,48,19,11,15,52,6004,4385,1619,793,1619,4385,6.915786242505,7.16526225769669,6.24008993205683,6.24117276166457,6.75790920321186,6.9740765336374,119
"121",2011,6,6.58474576271186,59,6.9472972972973,5.975,6.14166666666667,6.55,6.59183673469388,37,22,12,10,49,6063,4422,1641,805,1629,4434,6.91256483588982,7.16343848937132,6.23653601462523,6.23968944099379,6.75663290362185,6.96985241317095,120
"122",2011,7,6.81344262295082,61,7.14711111111111,5.875,5.8,6.78352941176471,6.825,45,16,10,17,44,6124,4467,1657,815,1646,4478,6.91157749836708,7.16327400940228,6.23304502112251,6.23429447852761,6.75691069258809,6.96842912014292,121
"123",2011,8,6.50833333333333,60,6.88571428571429,5.98,5.82352941176471,6.46666666666667,6.5156862745098,35,25,17,9,51,6184,4502,1682,832,1655,4529,6.90766503880983,7.16111617059085,6.22928394768133,6.22590144230769,6.75533232628399,6.96333088982115,122
"124",2011,9,6.73636363636364,55,7.1,6.1,6.27272727272727,6.57692307692308,6.78571428571429,35,20,11,13,42,6239,4537,1702,843,1668,4571,6.90615492867447,7.1606446991404,6.22776474735605,6.22651245551601,6.75394184652278,6.9616988842704,123
"125",2011,10,6.71038961038961,77,7.27843137254902,5.59615384615385,5.39166666666667,5.16666666666667,6.99538461538462,51,26,12,12,65,6316,4588,1728,855,1680,4636,6.90376830272324,7.16195401046207,6.21826134259259,6.21479532163743,6.74260416666667,6.96217118205349,124
"126",2011,11,6.5247311827957,93,6.74328358208955,5.96153846153846,5.875,6.68823529411765,6.48815789473684,67,26,16,17,76,6409,4655,1754,871,1697,4712,6.89826815415822,7.15592803437164,6.21445587229191,6.2085533869116,6.74205951679434,6.95452580645161,125
"127",2011,12,6.7112676056338,71,7.03488372093023,6.21428571428571,5.92307692307692,6.46153846153846,6.76724137931035,43,28,13,13,58,6480,4698,1782,884,1710,4770,6.89621922839506,7.15482013622818,6.2144531986532,6.20435520361991,6.7399269005848,6.95224855345912,126
"128",2012,1,6.794,100,7.12372881355932,6.31951219512195,5.81363636363636,6.70909090909091,6.80449438202247,59,41,22,11,89,6580,4757,1823,906,1721,4859,6.89466574468085,7.15443451755308,6.21681601755349,6.19486754966887,6.73972980825102,6.94954221033134,127
"129",2012,2,6.80945945945946,74,7.11333333333333,6.33793103448276,5.97647058823529,6.37058823529412,6.94035087719298,45,29,17,17,57,6654,4802,1852,923,1738,4916,6.89371815449354,7.15404935443565,6.21871252699784,6.19084507042254,6.73611910241657,6.94943563873067,128
"130",2012,3,6.63035714285714,56,6.75294117647059,6.44090909090909,6.125,6.62,6.63260869565217,34,22,12,10,46,6710,4836,1874,935,1748,4962,6.89152020864382,7.15122932175351,6.22132102454643,6.19,6.73545480549199,6.94649850866586,129
"131",2012,4,6.238,50,6.76969696969697,5.20588235294118,4.79166666666667,5.7375,6.33333333333333,33,17,12,8,42,6760,4869,1891,947,1756,5004,6.88668647928994,7.14864345861573,6.21219227921735,6.17228088701162,6.7309083143508,6.9413520383693,130
"132",2012,5,6.75384615384615,78,7.08214285714286,5.91818181818182,5.47857142857143,5.88461538461539,6.92769230769231,56,22,14,13,65,6838,4925,1913,961,1769,5069,6.88517119040655,7.14788730964467,6.20881108207005,6.16217481789802,6.72468908988129,6.94117687906885,131
"133",2012,6,6.48145161290323,62,6.80365853658537,5.85238095238095,5.68461538461538,6.635,6.45192307692308,41,21,13,10,52,6900,4966,1934,974,1779,5121,6.88154356521739,7.14504530809504,6.20494084798346,6.15580082135524,6.72418493535694,6.93620886545597,132
"134",2012,7,6.67725490196078,51,6.76585365853659,6.314,5.5,6.54166666666667,6.71897435897436,41,10,3,12,39,6951,5007,1944,977,1791,5160,6.8800446842181,7.14194028360295,6.20550185185185,6.15378710337769,6.72296203238414,6.93456697674419,133
"135",2012,8,6.325,72,6.62127659574468,5.768,5.87222222222222,5.41428571428571,6.5448275862069,47,25,18,14,58,7023,5054,1969,995,1805,5218,6.87435434999288,7.13709833795014,6.19994697816151,6.14869346733668,6.71281163434903,6.93023487926409,134
"136",2012,9,7.04807692307692,52,7.37878787878788,6.47368421052632,6.26923076923077,6.85,7.09523809523809,33,19,13,10,42,7075,5087,1988,1008,1815,5260,6.87563118021202,7.13866620798113,6.20256317907445,6.15024801587302,6.71356749311295,6.93155239543726,135
"137",2012,10,6.51454545454545,55,6.81351351351351,5.9,5.83333333333333,6.95714285714286,6.45,37,18,6,7,48,7130,5124,2006,1014,1822,5308,6.87284580645162,7.13631830601093,6.1998482552343,6.14837278106509,6.71450329308452,6.92719773926149,136
"138",2012,11,6.63674698795181,83,6.87454545454545,6.16964285714286,6.04166666666667,5.64705882352941,6.89166666666667,55,28,12,17,66,7213,5179,2034,1026,1839,5374,6.87012901705255,7.13353832786252,6.19943244837758,6.14712475633528,6.70463567156063,6.92676136955713,137
"139",2012,12,6.58333333333333,66,6.84883720930233,6.08695652173913,6.07142857142857,6.1,6.72549019607843,43,23,14,15,51,7279,5222,2057,1040,1854,5425,6.86752858909191,7.13119398697817,6.19817481769568,6.14610576923077,6.69974379719525,6.92486923502304,138
"140",2013,1,6.75857142857143,70,6.96888888888889,6.38,6.25,6.25,6.8241935483871,45,25,10,8,62,7349,5267,2082,1050,1862,5487,6.86649076064771,7.1298072906778,6.20035811719501,6.14709523809524,6.69781149301826,6.92373165664297,139
"141",2013,2,6.6047619047619,63,6.74166666666667,6.16666666666667,6.4,6.23684210526316,6.76363636363636,48,15,5,19,44,7412,5315,2097,1055,1881,5531,6.86426613599568,7.12630197554092,6.2001171196948,6.14829383886256,6.69315523657629,6.92245807268125,140
"142",2013,3,6.59166666666667,60,6.79268292682927,6.15789473684211,6,6.8,6.55,41,19,14,10,50,7472,5356,2116,1069,1891,5581,6.86207716809422,7.12374813293502,6.19973799621928,6.14635173058934,6.69372025383395,6.91912123275398,141
"143",2013,4,6.63962264150943,53,6.8475,6,5.72222222222222,5.95,6.8,40,13,9,10,43,7525,5396,2129,1078,1901,5624,6.86051037873754,7.12170033358043,6.19851836542978,6.1428107606679,6.68980799579169,6.91821045519203,142
"144",2013,5,6.56595744680851,47,6.86333333333333,6.04117647058824,6.16666666666667,6.925,6.49230769230769,30,17,6,8,39,7572,5426,2146,1084,1909,5663,6.85868206550449,7.12027183929229,6.19727194780988,6.14294280442804,6.69079360921949,6.91527734416387,143
"145",2013,6,6.60204081632653,49,6.88333333333333,6.15789473684211,6.2,6.66666666666667,6.59302325581395,30,19,10,6,43,7621,5456,2165,1094,1915,5706,6.85703196430915,7.11896902492668,6.19692637413395,6.14346435100548,6.6907180156658,6.91284886084823,144
"146",2013,7,6.59982142857143,56,6.9375,6.14958333333333,6.0625,6.5,6.61645833333333,32,24,8,8,48,7677,5488,2189,1102,1923,5754,6.85515573791846,7.11791089650146,6.19640730927364,6.14287658802178,6.68992459698388,6.91037636426833,145
"147",2013,8,6.49821428571429,56,6.88139534883721,5.23076923076923,6,7.3,6.41960784313726,43,13,7,5,51,7733,5531,2202,1109,1928,5805,6.85257087805509,7.11607213885373,6.19070644868302,6.14197475202885,6.69150674273859,6.90606470284238,146
"148",2013,9,6.37788461538462,52,6.65714285714286,5.80294117647059,5.83333333333333,6.3,6.39642857142857,35,17,6,10,42,7785,5566,2219,1115,1938,5847,6.84940020552344,7.11318630973769,6.18773573681839,6.14031390134529,6.68948658410733,6.90240389943561,147
"149",2013,10,6.6258064516129,62,7.03829787234043,5.33333333333333,5,6.72222222222222,6.60943396226415,47,15,5,9,53,7847,5613,2234,1120,1947,5900,6.84763356696827,7.11255923748441,6.18199892569383,6.13522321428571,6.68963790446841,6.89977213559322,148
"150",2013,11,6.52741935483871,62,6.57916666666667,6.35,6.5,6.42857142857143,6.54,48,14,5,7,55,7909,5661,2248,1125,1954,5955,6.84512335314199,7.10803656597774,6.18304519572954,6.13684444444444,6.68870266120778,6.89644930310663,149
"151",2013,12,6.31037735849057,53,6.71774193548387,5.73636363636364,5.43333333333333,6.20666666666667,6.35131578947368,31,22,15,15,38,7962,5692,2270,1140,1969,5993,6.84156375282592,7.10591092761771,6.17871612334802,6.12758771929825,6.68503047232098,6.89299275821792,150
"152",2014,1,6.40659340659341,91,6.64285714285714,5.875,5.53571428571429,6,6.44047619047619,63,28,14,7,84,8053,5755,2298,1154,1976,6077,6.8366485284987,7.10084187662902,6.17501549173194,6.12040727902946,6.68260374493927,6.88673779825572,151
"153",2014,2,6.5625,56,6.70909090909091,6.025,5.58333333333333,6.61111111111111,6.5531914893617,44,12,6,9,47,8109,5799,2310,1160,1985,6124,6.83475528425207,7.09786946025177,6.17423619047619,6.11762931034483,6.68227959697733,6.88417792292619,152
"154",2014,3,7.0135593220339,59,7.17333333333333,6.5,6.5,7.11818181818182,6.98958333333333,45,14,7,11,48,8168,5844,2324,1167,1996,6172,6.83604684133203,7.09845054757016,6.17619862306369,6.11992287917738,6.68468186372746,6.88499766688269,153
"155",2014,4,6.18181818181818,44,6.275,6.07,6.04545454545455,5.2875,6.38055555555556,24,20,11,8,36,8212,5868,2344,1178,2004,6208,6.83254147588895,7.09508265167007,6.17529249146758,6.11922750424448,6.67910429141717,6.88207242268041,154
"156",2014,5,6.57325581395349,43,6.7140625,6.16363636363636,5.94285714285714,6.5125,6.58714285714286,32,11,7,8,35,8255,5900,2355,1185,2012,6243,6.83119086614173,7.09301610169491,6.17523804670913,6.11818565400844,6.67844184890656,6.88041896524107,155
"157",2014,6,6.47727272727273,33,6.73529411764706,6.203125,6.13888888888889,6.55,6.46428571428571,17,16,9,5,28,8288,5917,2371,1194,2017,6271,6.82978168436294,7.09198833868514,6.17542623365669,6.11834170854271,6.67812345066931,6.87856093127093,156
"158",2014,7,6.51724137931035,29,6.76190476190476,5.875,4.83333333333333,6,6.625,21,8,3,5,24,8317,5938,2379,1197,2022,6295,6.82869190813996,7.09082098349613,6.17441597309794,6.11512113617377,6.67644658753709,6.87759421763304,157
"159",2014,8,6.93230769230769,52,7.112,6.33333333333333,7.16666666666667,7.545,6.70657894736842,40,12,3,14,38,8369,5978,2391,1200,2036,6333,6.82933571513921,7.09096269655403,6.17521355081556,6.11775,6.68241895874263,6.87656807200379,158
"160",2014,9,6.5625,44,6.78225806451613,6.03846153846154,5.85714285714286,6.82692307692308,6.45161290322581,31,13,7,13,31,8413,6009,2404,1207,2049,6364,6.82794016403186,7.08937011149942,6.17447404326123,6.1162386081193,6.68333577354807,6.87449805153991,159
"161",2014,10,6.57910447761194,67,6.875,6.01304347826087,6.20833333333333,6.58125,6.57843137254902,44,23,12,16,51,8480,6053,2427,1219,2065,6415,6.82597412735849,7.0878118288452,6.17294421096004,6.11714520098441,6.68254479418886,6.87214428682775,160
"162",2014,11,6.29654545454545,55,6.61857142857143,5.733,5.76142857142857,5.9575,6.35425531914894,35,20,14,8,47,8535,6088,2447,1233,2073,6462,6.82256246045694,7.08511415900131,6.16934842664487,6.11310624493106,6.67974674384949,6.86837753017641,161
"163",2014,12,6.47894736842105,57,7.12,5.45909090909091,5.17777777777778,5.61818181818182,6.68478260869565,35,22,9,11,46,8592,6123,2469,1242,2084,6508,6.82028289106146,7.08531357177854,6.16301968408263,6.10632850241546,6.67414347408829,6.86707984019668,162
"164",2015,1,6.248,75,6.73541666666667,5.38148148148148,5.39333333333333,6.01111111111111,6.28030303030303,48,27,15,9,66,8667,6171,2496,1257,2093,6574,6.81533063343718,7.0825919624048,6.1545655448718,6.09782020684169,6.67129240324892,6.86118886522665,163
"165",2015,2,6.43387096774194,62,6.71707317073171,5.88095238095238,6.25,6.1,6.49807692307692,41,21,12,10,52,8729,6212,2517,1269,2103,6626,6.81262121663421,7.08017949130715,6.15228271752086,6.09925925925926,6.66857584403233,6.85833920917597,164
"166",2015,3,6.56071428571429,70,6.9445652173913,5.825,6.23076923076923,6.135,6.63166666666667,46,24,13,10,60,8799,6258,2541,1282,2113,6686,6.81061718377089,7.07918264621285,6.14919149940968,6.10059282371295,6.66605063890203,6.85630505533951,165
"167",2015,4,6.3075,40,6.5448275862069,5.68181818181818,5.33333333333333,5,6.49428571428571,29,11,6,5,35,8839,6287,2552,1288,2118,6721,6.8083403778708,7.07671783044377,6.14717695924765,6.09701863354037,6.66211756373938,6.85441981847939,166
"168",2015,5,6.72235294117647,51,7.17611111111111,5.63333333333333,6.55555555555556,6.94117647058824,6.61294117647059,36,15,9,17,34,8890,6323,2567,1297,2135,6755,6.80784708661418,7.07728372607939,6.14417436696533,6.10020046260601,6.66433957845433,6.8532043819393,167
"169",2015,6,6.33194444444444,36,6.63333333333333,5.72916666666667,6.25,6.5,6.32205882352941,24,12,7,2,34,8926,6347,2579,1304,2137,6789,6.80592769437598,7.07560501024106,6.14224335013571,6.10100460122699,6.66418577445016,6.85054435115628,168
"170",2015,7,6.425,58,6.49777777777778,6.17307692307692,6.52777777777778,6.76363636363636,6.34574468085106,45,13,9,11,47,8984,6392,2592,1313,2148,6836,6.80346845503117,7.07153707759699,6.14239799382716,6.10392993145468,6.66469506517691,6.84707366881217,169
"171",2015,8,6.59716981132075,53,6.87894736842105,5.88333333333333,5.94444444444444,5.96,6.66354166666667,38,15,9,5,48,9037,6430,2607,1322,2153,6884,6.80225855925639,7.07039891135303,6.14090740314538,6.10284417549168,6.66305852299117,6.84579395700174,170
"172",2015,9,6.42288888888889,45,6.90107142857143,5.63529411764706,5.16666666666667,5.25,6.5695,28,17,6,5,40,9082,6458,2624,1328,2158,6924,6.80037883726052,7.06966475689068,6.13763170731708,6.09861445783133,6.65978452270621,6.84419780473714,171
"173",2015,10,6.41691176470588,68,6.71489361702128,5.75,5.5,5,6.55403225806452,47,21,14,6,62,9150,6505,2645,1342,2164,6986,6.79752902732241,7.06710146041506,6.1345541020794,6.0923695976155,6.6551825323475,6.84162261666189,172
"174",2015,11,6.91818181818182,44,7.11282051282051,5.4,6,6.625,6.98333333333333,39,5,4,8,36,9194,6544,2650,1346,2172,7022,6.79810643898195,7.06737393031785,6.1331681509434,6.09209509658247,6.65507136279926,6.84234913130162,173
"175",2015,12,6.24032258064516,62,6.53255813953488,5.57894736842105,5.64285714285714,5.8,6.35714285714286,43,19,7,13,49,9256,6587,2669,1353,2185,7071,6.7943702031115,7.06388264763929,6.12922278006744,6.08977087952698,6.64998398169336,6.83898679111865,174
"176",2016,1,6.35952380952381,84,6.64262295081967,5.60869565217391,4.94444444444444,6.45454545454545,6.34520547945205,61,23,9,11,73,9340,6648,2692,1362,2196,7144,6.79045937901499,7.06001729843562,6.12477548291234,6.08220264317181,6.64900500910747,6.83394115341545,175
"177",2016,2,6.47083333333333,48,6.653125,6.10625,5.525,5.7,6.58095238095238,32,16,8,6,42,9388,6680,2708,1370,2202,7186,6.78882515977844,7.05806811377246,6.12466602658789,6.07894890510949,6.646419164396,6.83246251043696,176
"178",2016,3,6.43725490196078,51,6.55294117647059,6.20588235294118,6.07692307692308,6.33333333333333,6.45952380952381,34,17,13,9,42,9439,6714,2725,1383,2211,7228,6.78692558533743,7.05551012809056,6.12517269724771,6.0789298626175,6.645144730891,6.83029546209186,177
"179",2016,4,7.03482142857143,56,7.14021739130435,6.55,6.4375,6.875,7.054,46,10,8,6,50,9495,6760,2735,1391,2217,7278,6.78838763559769,7.05608653846154,6.1267259963437,6.08099209202013,6.64576680198466,6.83183231657048,178
"180",2016,5,6.34545454545455,66,6.51509433962264,5.65384615384615,5.71428571428571,6.45,6.32678571428571,53,13,7,10,56,9561,6813,2748,1398,2227,7334,6.78533004915804,7.05187802730075,6.12448893740903,6.07915593705293,6.64488774135608,6.82797594764112,179
"181",2016,6,6.41428571428571,35,6.72222222222222,5.375,4.4,6.33333333333333,6.44230769230769,27,8,5,9,26,9596,6840,2756,1403,2236,7360,6.78397671946645,7.05057675438596,6.12231335268505,6.07317177476835,6.64363372093023,6.82661353260869,180
"182",2016,7,6.6219512195122,41,6.92424242424242,5.375,4,6,6.6375,33,8,3,1,40,9637,6873,2764,1406,2237,7400,6.78328739234202,7.04997017314128,6.1201503617945,6.06874822190612,6.64334599910594,6.8255912972973,181
"183",2016,8,6.52819444444444,72,6.71576271186441,5.67692307692308,5.53333333333333,5.55555555555556,6.66714285714286,59,13,9,9,63,9709,6932,2777,1415,2246,7463,6.7813956741168,7.0471256491633,6.1180754771336,6.06534275618375,6.63898708815672,6.82425373174326,182
"184",2016,9,6.85,50,7.19117647058824,6.125,5.40625,6.8125,6.85326086956522,34,16,8,4,46,9759,6966,2793,1423,2250,7509,6.78174716671791,7.04782873959231,6.11811514500537,6.06163738580464,6.63929555555555,6.82443142895192,183
"185",2016,10,6.74177215189873,79,6.99310344827586,6.04761904761905,5.86363636363636,6.86153846153846,6.71818181818182,58,21,11,13,66,9838,7024,2814,1434,2263,7575,6.78142616385445,7.04737685079727,6.11758905472637,6.06011854951185,6.64057224922669,6.82350568976898,184
"186",2016,11,6.29855072463768,69,6.62941176470588,5.36111111111111,5.5,5.96363636363636,6.36206896551724,51,18,6,11,58,9907,7075,2832,1440,2274,7633,6.77806304633088,7.04436395759717,6.11278093220339,6.05778472222222,6.63729771328056,6.81999942355561,185
"187",2016,12,6.58333333333333,60,7.05813953488372,5.38235294117647,6.16666666666667,7.0625,6.50961538461539,43,17,9,8,52,9967,7118,2849,1449,2282,7685,6.77689079963881,7.04444717617308,6.10842246402247,6.05846100759144,6.63878834355828,6.81789923227065,186
"188",2017,1,6.65344827586207,58,6.88333333333333,5.55,5.7,6.625,6.65555555555556,48,10,5,4,54,10025,7166,2859,1454,2286,7739,6.77617661845387,7.04336798771979,6.10646925498426,6.05722833562586,6.63876421697288,6.81676645561442,187
"189",2017,2,6.65740740740741,54,6.90909090909091,5.55,5.92857142857143,6.33333333333333,6.67647058823529,44,10,7,3,51,10079,7210,2869,1461,2289,7790,6.77554029169561,7.04254854368932,6.1045296619031,6.05661190965092,6.63836391437309,6.81584795892169,188
"190",2017,3,6.56122448979592,49,6.73333333333333,4.625,4.33333333333333,7,6.52222222222222,45,4,3,4,45,10128,7255,2873,1464,2293,7835,6.77450341627173,7.04063059958649,6.10246975287157,6.0530806010929,6.6389947666812,6.81416153158902,189
"191",2017,4,6.61860465116279,43,6.74594594594595,5.83333333333333,6.74,6.6,6.62222222222222,37,6,5,7,36,10171,7292,2879,1469,2300,7871,6.77384432209223,7.0391353538124,6.1019088572421,6.05541865214432,6.63887608695652,6.8132836488375,190
"192",2017,5,6.50931034482759,58,6.72619047619048,5.94,5.7,6.0625,6.5808,42,16,5,8,50,10229,7334,2895,1474,2308,7921,6.77234437383909,7.03734319607308,6.10101402417962,6.05421302578019,6.63687824956672,6.81181613432647,191
"193",2017,6,6.37317073170732,41,6.49354838709677,6,5.875,6,6.41351351351351,31,10,8,4,37,10270,7365,2905,1482,2312,7958,6.77075078870497,7.03505431093008,6.10066629948365,6.05324561403509,6.63577638408304,6.80996426237748,192
"194",2017,7,6.15384615384615,39,6.54838709677419,4.625,3.8,5,6.28571428571429,31,8,5,4,35,10309,7396,2913,1487,2316,7993,6.76841697545834,7.03301446727961,6.09661366289049,6.04566913248151,6.632951208981,6.80766866007757,193
"195",2017,8,6.350625,64,6.46279069767442,6.12095238095238,5.51818181818182,6.74285714285714,6.30245614035088,43,21,11,7,57,10373,7439,2934,1498,2323,8050,6.76583925576015,7.02971837612582,6.096787866394,6.04179572763685,6.63328239345674,6.80409137888199,194
"196",2017,9,6.40535714285714,56,6.5,6.18823529411765,6.18888888888889,6.4,6.40588235294118,39,17,9,5,51,10429,7478,2951,1507,2328,8101,6.76390359574264,7.02695573682803,6.09731467299221,6.04267418712674,6.63278135738831,6.80158444636464,195
"197",2017,10,6.25238095238095,63,6.67619047619048,5.40476190476191,5,6.64285714285714,6.20357142857143,42,21,8,7,56,10492,7520,2972,1515,2335,8157,6.76083211971026,7.02499667553192,6.09242113055182,6.03716831683168,6.63281156316916,6.79747892607576,196
"198",2017,11,6.32432432432432,74,6.49245283018868,5.9,5.49333333333333,6.35,6.3203125,53,21,15,10,64,10566,7573,2993,1530,2345,8221,6.75777499526784,7.02126964214974,6.09107103240896,6.03183660130719,6.63160554371002,6.79376421359932,197
"199",2017,12,6.366,50,6.5875,5.97222222222222,5.77777777777778,5.33333333333333,6.50681818181818,32,18,9,6,44,10616,7605,3011,1539,2351,8265,6.75592978522985,7.01944444444445,6.09036054466955,6.03035087719298,6.62829221607826,6.7922366122202,198
"200",2018,1,6.76478873239437,71,7.104,5.95714285714286,5.80833333333333,6.66666666666667,6.77384615384615,50,21,12,6,65,10687,7655,3032,1551,2357,8330,6.75598864040423,7.01999673416068,6.08943786279684,6.02863313990974,6.62838990241833,6.7920931092437,199
"201",2018,2,6.65439393939394,66,6.7338,6.40625,6.21428571428571,6.75,6.64822580645161,50,16,7,4,62,10753,7705,3048,1558,2361,8392,6.75536507021297,7.01813951979234,6.09110091863517,6.02946726572529,6.6285959339263,6.79103021925643,200
"202",2018,3,6.53863636363636,44,6.82903225806452,5.84615384615385,5.5,7.625,6.43,31,13,6,4,40,10797,7736,3061,1564,2365,8432,6.75448185607114,7.01738172182006,6.09006063377981,6.02743606138108,6.63028118393235,6.78931755218216,201
"203",2018,4,6.48865384615385,52,6.60756756756757,6.19533333333333,6.4,6.85714285714286,6.43133333333333,37,15,9,7,45,10849,7773,3076,1573,2372,8477,6.75320772421422,7.01543097902998,6.09057399219766,6.02956770502225,6.63095067453626,6.78741719948095,202
"204",2018,5,6.38125,48,6.56052631578947,5.7,5.85714285714286,6.8,6.33255813953488,38,10,7,5,43,10897,7811,3086,1580,2377,8520,6.75156929430119,7.01321789783639,6.08930836033701,6.02880379746836,6.63130626840555,6.78512154929577,203
"205",2018,6,6.67325581395349,43,6.81666666666667,6.2,6.6,5.7,6.72073170731707,33,10,5,2,41,10940,7844,3096,1585,2379,8561,6.75126148080439,7.01239099949006,6.08966589147287,6.03060567823344,6.63052332912989,6.78481317603084,204
"206",2018,7,6.61780487804878,41,6.90875,5.58333333333333,5.8125,6.25,6.64684210526316,32,9,4,3,38,10981,7876,3105,1589,2382,8599,6.75076319096622,7.01196990858304,6.08819826086957,6.03005663939585,6.63004408060453,6.78420346551925,205
"207",2018,8,6.88235294117647,51,7.21428571428571,5.33333333333333,6,7,6.8695652173913,42,9,2,5,46,11032,7918,3114,1591,2387,8645,6.75137151921683,7.01304306643092,6.08601657032756,6.03001885606537,6.63081901968999,6.78465767495662,206
"208",2018,9,5.99756097560976,41,6.39666666666667,4.90909090909091,4.57142857142857,6.34,5.95,30,11,7,5,36,11073,7948,3125,1598,2392,8681,6.74858038471959,7.010716532461,6.081873792,6.02362953692115,6.63021112040134,6.78119635986638,207
"209",2018,10,6.67021276595745,47,7.03846153846154,4.875,7,4.5,6.76666666666667,39,8,1,2,45,11120,7987,3133,1599,2394,8726,6.74824915467626,7.01085200951546,6.07879208426429,6.02424015009381,6.62843149540518,6.78112143020857,208
"210",2018,11,6.49671641791045,67,6.7456,5.76470588235294,5.21428571428571,6.5,6.49627118644068,50,17,7,8,59,11187,8037,3150,1606,2402,8785,6.74674270134978,7.00920181659823,6.07709701587302,6.0207098381071,6.6280037468776,6.7792083779169,209
"211",2018,12,6.67551724137931,58,6.93836734693878,5.24444444444444,5.875,6.23333333333333,6.72653846153846,49,9,4,6,52,11245,8086,3159,1610,2408,8837,6.74637533125834,7.00877256987386,6.07472478632479,6.02034782608696,6.62702034883721,6.77889844970012,210
"212",2019,1,6.43026315789474,76,6.65666666666667,5.58125,5.54545454545455,5.7,6.54090909090909,60,16,11,10,66,11321,8146,3175,1621,2418,8903,6.7442532108471,7.00617910630985,6.07223798425197,6.01712523133868,6.62318651778329,6.77713417949006,211
"213",2019,2,6.83888888888889,36,6.98387096774194,5.94,4.66666666666667,5.6,7.03870967741936,31,5,3,5,31,11357,8177,3180,1624,2423,8934,6.74455319186405,7.00609453344748,6.07203006289309,6.01463054187192,6.62107511349567,6.77804181777479,212
"214",2019,3,6.87111111111111,45,6.99142857142857,6.45,6,6.6625,6.91621621621622,35,10,4,8,37,11402,8212,3190,1628,2431,8971,6.74505267496931,7.00603202630297,6.0732149216301,6.0145945945946,6.6212114356232,6.77861170438078,213
"215",2019,4,6.51923076923077,52,6.6125,6.20833333333333,6,5.83333333333333,6.60869565217391,40,12,5,6,46,11454,8252,3202,1633,2437,9017,6.74402746638729,7.00412445467766,6.07372129918801,6.01454990814452,6.61927164546574,6.77774488188976,214
"216",2019,5,6.35227272727273,44,6.53703703703704,6.05882352941176,5.61111111111111,7,6.2875,27,17,9,4,40,11498,8279,3219,1642,2441,9057,6.74252831796834,7.00260115956034,6.07364262193228,6.01233861144945,6.61989553461696,6.77557972838688,215
"217",2019,6,6.40326086956522,46,6.65588235294118,5.6875,5.1875,5.8,6.47682926829268,34,12,4,5,41,11544,8313,3231,1646,2446,9098,6.74117642065142,7.00118308673163,6.07220848034664,6.01033414337789,6.61821954210957,6.77423341393713,216
"218",2019,7,6.4703268627451,51,6.63716675,5.86363636363636,7,5.33333333333333,6.54138895833333,40,11,3,3,48,11595,8353,3242,1649,2449,9146,6.73998510306167,6.99943992218365,6.07150080197409,6.0121346270467,6.61664556962025,6.77301140061229,217
"219",2019,8,6.56132075471698,53,6.70138888888889,6.26470588235294,5.72222222222222,6.66666666666667,6.555,36,17,9,3,50,11648,8389,3259,1658,2452,9196,6.73917215573489,6.99816088568363,6.07250862227678,6.01056091676719,6.61670676998368,6.77182604066986,218
"220",2019,9,6.5724,50,6.64571428571429,6.1875,6.21428571428571,7.02,6.52266666666667,42,8,7,5,45,11698,8431,3267,1665,2457,9241,6.73845933236451,6.99640513225003,6.07279020508112,6.01141741741742,6.61752747252747,6.7706127334704,219
"221",2019,10,6.82946564516129,62,6.88541264150943,6.5,5.875,6.73076923076923,6.85565040816327,53,9,4,13,49,11760,8484,3276,1669,2470,9290,6.73893912755102,6.99571175624706,6.07396385836386,6.01109047333733,6.61812348178137,6.77106126372443,220
"222",2019,11,6.50073529411765,68,6.75196078431373,5.74705882352941,5.7125,6.81428571428571,6.46475409836066,51,17,8,7,61,11828,8535,3293,1677,2477,9351,6.73756967703754,6.99425524780317,6.07227622228971,6.00966607036375,6.61867783609204,6.76906310982782,221
"223",2019,12,6.35714285714286,56,6.58139534883721,5.61538461538461,5.14285714285714,5.625,6.47916666666667,43,13,7,8,48,11884,8578,3306,1684,2485,9399,6.73577702288792,6.9921856539986,6.07047961282517,6.00606294536817,6.61547887323943,6.76758263006703,222
"224",2020,1,5.86132835820896,67,6.24664285714286,5.214,5.12083333333333,5.85838461538462,5.86203703703704,42,25,12,13,54,11951,8620,3331,1696,2498,9453,6.7308746665551,6.98855307888631,6.06405151606125,5.99979952830189,6.61153883106485,6.7624097260129,223
"225",2020,2,6.45909090909091,55,6.94736842105263,5.36764705882353,5.36111111111111,6.03571428571429,6.52083333333333,38,17,9,7,48,12006,8658,3348,1705,2505,9501,6.72962961352657,6.98837231924232,6.06051541218638,5.99642815249267,6.60992974051896,6.76118925797284,224
"226",2020,3,6.3964,50,6.708,5.15,5,4.95714285714286,6.63069767441861,40,10,5,7,43,12056,8698,3358,1710,2512,9544,6.7282476061712,6.98708295470223,6.05780393091126,5.99351461988304,6.60532404458598,6.76060133487008,225
"227",2020,4,6.16107142857143,56,6.42904761904762,5.35714285714286,5.92857142857143,4.9,6.28470588235294,42,14,7,5,51,12112,8740,3372,1717,2517,9595,6.72562525924703,6.98440132036613,6.05489489916964,5.99324985439721,6.60193643226062,6.75807182282439,226
"228",2020,5,6.56407407407407,54,6.73809523809524,5.955,6.492,7,6.54730769230769,42,12,5,2,52,12166,8782,3384,1722,2519,9647,6.72490819825744,6.9832233591437,6.05454066193854,5.99469802555169,6.60225248114331,6.75693574582772,227
"229",2020,6,6.69392156862745,51,6.90659090909091,5.35714285714286,4,6.5,6.72477272727273,44,7,2,7,44,12217,8826,3391,1724,2526,9691,6.72477884423345,6.98284132562882,6.05310103214391,5.99238399071926,6.60196912114014,6.75678971623155,228
"230",2020,7,6.61239130434783,46,6.76617647058824,6.17666666666667,6.66666666666667,7.55,6.47175,34,12,3,6,40,12263,8860,3403,1727,2532,9731,6.72435726494333,6.98200988036117,6.05353676168087,5.99355529820498,6.60421563981042,6.75561803925599,229
"231",2020,8,6.85452375,56,7.030074,6.13636363636364,5.4,5.25,7.0470666,45,11,5,6,50,12319,8905,3414,1732,2538,9781,6.72494897881322,6.98225276473891,6.05380363210311,5.99184180138568,6.60101418439716,6.75710791023413,230
"232",2020,9,6.33764705882353,51,6.86722222222222,5.06666666666667,4.625,7.2,6.24391304347826,36,15,8,5,46,12370,8941,3429,1740,2543,9827,6.72335218027486,6.98178960630802,6.04948544765238,5.98555747126437,6.60219189933149,6.75470565482853,231
"233",2020,10,6.36307692307692,65,6.49130434782609,6.05263157894737,5.7,7,6.31,46,19,10,5,60,12435,8987,3448,1750,2548,9887,6.7214689561721,6.9792790553021,6.04950278422274,5.98392571428572,6.60297252747252,6.75200692525539,232
"234",2020,11,6.75749555555556,63,6.9344444,6.07692307692308,5.92857142857143,7.1125,6.70585854545455,50,13,7,8,55,12498,9037,3461,1757,2556,9942,6.72165055928949,6.9790309936926,6.04960577867669,5.98370517928287,6.60456729264475,6.75175162844498,233
"235",2020,12,6.34616862068965,58,6.50165489361702,5.68181818181818,6.125,6.55,6.30370375,47,11,4,10,48,12556,9084,3472,1761,2566,9990,6.71991609350112,6.97656108212241,6.04844055299539,5.98402612152186,6.6043546375682,6.74959884584585,234
"236",2021,1,6.56178408450704,71,6.68190482142857,6.11333333333333,6.35555555555556,7.1125,6.4918519047619,56,15,9,8,63,12627,9140,3487,1770,2574,10053,6.71902693751485,6.97475574835886,6.04871970174936,5.98591525423729,6.60593395493395,6.74798360091515,235
"237",2021,2,6.58363636363636,55,6.58974358974359,6.56875,6.93333333333333,7.5,6.492,39,16,6,5,50,12682,9179,3503,1776,2579,10103,6.71843976817537,6.97311989759233,6.05109494718813,5.98911599099099,6.60766731291198,6.74671673166386,236
"238",2021,3,6.54152272727273,44,7.01034482758621,5.63513333333333,5.315875,4.88175,6.7075,29,15,8,4,40,12726,9208,3518,1784,2583,10143,6.71782807952224,6.97323713509991,6.0493213757817,5.98609697309417,6.6049945799458,6.74656207630879,237
"239",2021,4,6.74910714285714,56,6.92441860465116,6.16923076923077,6.32,6,6.79150943396226,43,13,10,3,53,12782,9251,3531,1794,2586,10196,6.71796511813488,6.97301021943574,6.04976284338714,5.98795819397994,6.60429273008507,6.7467957179286,238
"240",2021,5,6.73369565217391,46,6.94078947368421,5.75,5.41666666666667,5.66666666666667,6.80813953488372,38,8,6,3,43,12828,9289,3539,1800,2589,10239,6.71802152634862,6.97287840887071,6.04908522181407,5.98605388888889,6.60320625724218,6.74705333919328,239
"241",2021,6,6.36,32,6.73904761904762,5.63636363636364,5.66666666666667,5.66666666666667,6.52,21,11,3,6,26,12860,9310,3550,1803,2595,10265,6.71713064852256,6.97235097099893,6.04780636619719,5.9855224625624,6.6010408477842,6.74647824062348,240
"242",2021,7,6.53235294117647,34,6.804,5.77777777777778,5.4,6.4125,6.56923076923077,25,9,5,8,26,12894,9335,3559,1808,2603,10291,6.71664341088879,6.97190011140868,6.04712351784209,5.9839032079646,6.60046139070303,6.74603042852979,241
"243",2021,8,6.77058823529412,34,6.98076923076923,6.0875,5.05,6.16666666666667,6.82903225806452,26,8,4,3,31,12928,9361,3567,1812,2606,10322,6.71678528310644,6.97192474521953,6.04721407345108,5.98184161147903,6.59996201074443,6.74627970742104,242
"244",2021,9,6.57441860465116,43,6.67222222222222,6.07142857142857,5.875,5.41666666666667,6.76216216216216,36,7,4,6,37,12971,9397,3574,1816,2612,10359,6.71631332510987,6.97077658188784,6.0472614997202,5.98160627753304,6.59724387442572,6.74633643594942,243
"245",2021,10,6.7405555,40,6.85588235294118,6.08703666666667,7.33333333333333,5.5,6.80584789473684,34,6,3,2,38,13011,9431,3580,1819,2614,10397,6.71638785335486,6.97036237302513,6.04732816201117,5.98383562396922,6.59640436113236,6.74655394440704,244
"246",2021,11,6.75365853658537,41,7.05185185185185,6.17857142857143,5.66666666666667,7,6.69393939393939,27,14,6,8,33,13052,9458,3594,1825,2622,10430,6.71650493104506,6.97059500317192,6.04783940456316,5.98279287671233,6.59763577421815,6.74638747459252,245
"247",2021,12,6.41392537313433,67,6.53630357142857,5.79090909090909,5.14,5.045,6.65408771929825,56,11,5,10,57,13119,9514,3605,1830,2632,10487,6.71495962802043,6.9680387365987,6.04705542857143,5.98049016393443,6.59173670212766,6.74588579765424,246
"248",2022,1,6.47160194174757,103,6.64901234567901,5.81840909090909,6.125,6.71875,6.45078947368421,81,22,8,8,95,13222,9595,3627,1838,2640,10582,6.71306386023295,6.96534554872329,6.04566854700855,5.98111915125136,6.59212159090909,6.74323656775657,247
"249",2022,2,6.55714285714286,49,6.8,5.3125,4.25,4,6.66595744680851,41,8,4,2,47,13271,9636,3635,1842,2642,10629,6.712488159144,6.96464202366127,6.04405497111417,5.97735993485342,6.59015934897804,6.74289484993885,248
"250",2022,3,6.7,40,6.94571428571429,6.12666666666667,6.3,6.725,6.69722222222222,28,12,5,4,36,13311,9664,3647,1847,2646,10665,6.71245063180828,6.96458718336093,6.04432679462572,5.97823335138062,6.59036318972033,6.74274068073137,249
"251",2022,4,6.60714285714286,42,6.72972972972973,5.7,6.5,5.5,6.6625,37,5,1,2,40,13353,9701,3652,1848,2648,10705,6.7121194008837,6.96369142768787,6.04385537239869,5.9785156926407,6.58953965256797,6.74244085567492,250
"252",2022,5,6.75147058823529,34,6.83518518518519,6.42857142857143,6,6.75,6.75161290322581,27,7,3,3,31,13387,9728,3659,1851,2651,10736,6.71221934413984,6.96333475945724,6.04459136922657,5.97855051323609,6.58972123726895,6.74246733979136,251
"253",2022,6,6.565625,32,6.85,5.33333333333333,4.75,5.66666666666667,6.77307692307692,26,6,4,6,26,13419,9754,3665,1855,2657,10762,6.7118697637678,6.96303265737134,6.04342696316508,5.9759013477089,6.58763680843056,6.7425412897231,252
"254",2022,7,6.48228571428571,35,6.6952,5.95,5.5,5.66666666666667,6.55875,25,10,2,3,32,13454,9779,3675,1857,2660,10794,6.71127251077747,6.96234794355251,6.04317274013606,5.9753887991384,6.58659812030075,6.74199642023347,253
"255",2022,8,6.40243902439024,41,6.39705882352941,6.42857142857143,5,5,6.47435897435897,34,7,2,2,39,13495,9813,3682,1859,2662,10833,6.71033422452761,6.9603893345562,6.04390543726236,5.97433942980097,6.58540608564989,6.74103289578141,254
"256",2022,9,6.415625,32,6.75217391304348,5.55555555555556,4.875,6.5,6.40357142857143,23,9,4,4,28,13527,9836,3691,1863,2666,10861,6.70963704886524,6.9599024542497,6.04271466269304,5.97197906602255,6.58527794448612,6.74016290949268,255
"257",2022,10,6.7855,38,6.72196,6.90769230769231,6,7.5,6.74580555555556,25,13,2,2,36,13565,9861,3704,1865,2668,10897,6.70984956579433,6.95929921306156,6.04575049136069,5.9720091152815,6.58596364317841,6.74018155088557,256
"258",2022,11,6.55391304347826,46,7.06,5.26923076923077,4.5,6.75,6.5352380952381,33,13,6,4,42,13611,9894,3717,1871,2672,10939,6.70932255969437,6.95963508591066,6.04303465698144,5.96728861571353,6.58620920658682,6.73939467593016,257
"259",2022,12,6.2864406779661,59,6.73478260869565,4.7,5.1,6.7,6.25636363636364,46,13,5,4,55,13670,9940,3730,1876,2676,10994,6.70749739283102,6.95859452112676,6.03835383914209,5.96497707889126,6.58637929745889,6.736978202656,258
