"","year","month","avg_rating","no_ratings","avg_rating_owned","avg_rating_not_owned","avg_rating_prev_owned","avg_rating_comment","avg_rating_no_comment","no_ratings_owned","no_ratings_not_owned","no_ratings_prev_owned","no_ratings_comment","no_ratings_no_comment","cum_no_ratings","cum_no_ratings_owned","cum_no_ratings_not_owned","cum_no_ratings_prev_owned","cum_no_ratings_comment","cum_no_ratings_no_comment","cum_avg_rating","cum_avg_rating_owned","cum_avg_rating_not_owned","cum_avg_rating_prev_owned","cum_avg_rating_comment","cum_avg_rating_no_comment","month_after_release"
"1",2002,1,6,3,6,NA,NA,5,6.5,3,0,0,1,2,3,3,0,0,1,2,6,6,NA,NA,5,6.5,8
"2",2002,2,6.66666666666667,3,6.5,7,NA,NA,6.66666666666667,2,1,0,0,3,6,5,1,0,1,5,6.33333333333333,6.2,7,NA,5,6.6,9
"3",2002,3,8,2,8,NA,NA,8,8,2,0,0,1,1,8,7,1,0,2,6,6.75,6.71428571428571,7,NA,6.5,6.83333333333333,10
"4",2002,4,6,2,6,6,NA,NA,6,1,1,0,0,2,10,8,2,0,2,8,6.6,6.625,6.5,NA,6.5,6.625,11
"5",2002,5,6,3,6.5,5,NA,8,5,2,1,0,1,2,13,10,3,0,3,10,6.46153846153846,6.6,6,NA,7,6.3,12
"6",2002,6,7,1,7,NA,NA,NA,7,1,0,0,0,1,14,11,3,0,3,11,6.5,6.63636363636364,6,NA,7,6.36363636363636,13
"7",2002,7,6.16666666666667,3,6,6.25,NA,5,6.75,1,2,0,1,2,17,12,5,0,4,13,6.44117647058824,6.58333333333333,6.1,NA,6.5,6.42307692307692,14
"8",2002,8,5.4,5,5.33333333333333,5.5,NA,5,5.5,3,2,0,1,4,22,15,7,0,5,17,6.20454545454545,6.33333333333333,5.92857142857143,NA,6.2,6.20588235294118,15
"9",2002,9,7.33333333333333,3,7.33333333333333,NA,NA,8,7,3,0,0,1,2,25,18,7,0,6,19,6.34,6.5,5.92857142857143,NA,6.5,6.28947368421053,16
"10",2002,10,5.28571428571429,7,6,4.75,NA,4,6.25,3,4,0,3,4,32,21,11,0,9,23,6.109375,6.42857142857143,5.5,NA,5.66666666666667,6.28260869565217,17
"11",2002,11,7.2,5,7.2,NA,NA,7,7.25,5,0,0,1,4,37,26,11,0,10,27,6.25675675675676,6.57692307692308,5.5,NA,5.8,6.42592592592593,18
"12",2002,12,5.33333333333333,6,5.75,4.5,NA,5.66666666666667,5,4,2,0,3,3,43,30,13,0,13,30,6.12790697674419,6.46666666666667,5.34615384615385,NA,5.76923076923077,6.28333333333333,19
"13",2003,1,6.65,10,6.65,NA,NA,6.25,6.75,10,0,0,2,8,53,40,13,0,15,38,6.22641509433962,6.5125,5.34615384615385,NA,5.83333333333333,6.38157894736842,20
"14",2003,2,6.78571428571429,7,7.125,6.33333333333333,NA,8,6.3,4,3,0,2,5,60,44,16,0,17,43,6.29166666666667,6.56818181818182,5.53125,NA,6.08823529411765,6.37209302325581,21
"15",2003,3,5.33333333333333,6,6.33333333333333,4.33333333333333,5,4.33333333333333,6.33333333333333,3,3,1,3,3,66,47,19,1,20,46,6.20454545454545,6.5531914893617,5.34210526315789,5,5.825,6.3695652173913,22
"16",2003,4,5.25,4,5.33333333333333,5,NA,NA,5.25,3,1,0,0,4,70,50,20,1,20,50,6.15,6.48,5.325,5,5.825,6.28,23
"17",2003,5,5,7,5.2,4.5,NA,4.75,5.33333333333333,5,2,0,4,3,77,55,22,1,24,53,6.04545454545455,6.36363636363636,5.25,5,5.64583333333333,6.22641509433962,24
"18",2003,6,6,7,7,4.66666666666667,NA,6.16666666666667,5,4,3,0,6,1,84,59,25,1,30,54,6.04166666666667,6.40677966101695,5.18,5,5.75,6.2037037037037,25
"19",2003,7,5.57142857142857,21,6.1,5.09090909090909,8,5.5,5.61538461538461,10,11,1,8,13,105,69,36,2,38,67,5.94761904761905,6.36231884057971,5.15277777777778,6.5,5.69736842105263,6.08955223880597,26
"20",2003,8,6.72727272727273,11,6.42857142857143,7.25,10,5.75,7.28571428571429,7,4,1,4,7,116,76,40,3,42,74,6.02155172413793,6.36842105263158,5.3625,7.66666666666667,5.70238095238095,6.2027027027027,27
"21",2003,9,6.16666666666667,3,6,6.5,NA,NA,6.16666666666667,2,1,0,0,3,119,78,41,3,42,77,6.02521008403361,6.35897435897436,5.39024390243902,7.66666666666667,5.70238095238095,6.2012987012987,28
"22",2003,10,5.57142857142857,7,6.16666666666667,2,NA,4.66666666666667,6.25,6,1,0,3,4,126,84,42,3,45,81,6,6.34523809523809,5.30952380952381,7.66666666666667,5.63333333333333,6.2037037037037,29
"23",2003,11,5.5,2,5.5,NA,NA,5.5,NA,2,0,0,2,0,128,86,42,3,47,81,5.9921875,6.32558139534884,5.30952380952381,7.66666666666667,5.62765957446809,6.2037037037037,30
"24",2003,12,5.6,5,5.6,NA,NA,5.33333333333333,6,5,0,0,3,2,133,91,42,3,50,83,5.97744360902256,6.28571428571429,5.30952380952381,7.66666666666667,5.61,6.19879518072289,31
"25",2004,1,6.44444444444444,9,6.4,6.5,NA,7,6.16666666666667,5,4,0,3,6,142,96,46,3,53,89,6.00704225352113,6.29166666666667,5.41304347826087,7.66666666666667,5.68867924528302,6.19662921348315,32
"26",2004,2,6.5,8,6.5,NA,NA,7.25,5.75,8,0,0,4,4,150,104,46,3,57,93,6.03333333333333,6.30769230769231,5.41304347826087,7.66666666666667,5.79824561403509,6.17741935483871,33
"27",2004,3,6,11,6.71428571428571,4.75,NA,5.6,6.33333333333333,7,4,0,5,6,161,111,50,3,62,99,6.03105590062112,6.33333333333333,5.36,7.66666666666667,5.78225806451613,6.18686868686869,34
"28",2004,4,6.35714285714286,7,6.75,4,NA,7.375,5,6,1,0,4,3,168,117,51,3,66,102,6.04464285714286,6.35470085470085,5.33333333333333,7.66666666666667,5.87878787878788,6.15196078431373,35
"29",2004,5,6.04545454545455,11,6.57142857142857,5.125,3,6.375,5.16666666666667,7,4,1,8,3,179,124,55,4,74,105,6.04469273743017,6.36693548387097,5.31818181818182,6.5,5.93243243243243,6.12380952380952,36
"30",2004,6,6.2,10,6,6.5,5,6.2,6.2,6,4,1,5,5,189,130,59,5,79,110,6.05291005291005,6.35,5.39830508474576,6.2,5.94936708860759,6.12727272727273,37
"31",2004,7,6.75,4,7,6,NA,6,7.5,3,1,0,2,2,193,133,60,5,81,112,6.06735751295337,6.36466165413534,5.40833333333333,6.2,5.95061728395062,6.15178571428571,38
"32",2004,8,6.5,6,7.2,3,NA,5.75,8,5,1,0,4,2,199,138,61,5,85,114,6.08040201005025,6.39492753623188,5.36885245901639,6.2,5.94117647058824,6.18421052631579,39
"33",2004,9,6.55555555555556,9,6.55555555555556,NA,NA,8,5.83333333333333,9,0,0,3,6,208,147,61,5,88,120,6.10096153846154,6.40476190476191,5.36885245901639,6.2,6.01136363636364,6.16666666666667,40
"34",2004,10,6.4375,16,6.76923076923077,5,4.5,6.28571428571429,6.55555555555556,13,3,2,7,9,224,160,64,7,95,129,6.125,6.434375,5.3515625,5.71428571428571,6.03157894736842,6.1937984496124,41
"35",2004,11,6.66666666666667,9,7.14285714285714,5,6,6.28571428571429,8,7,2,1,7,2,233,167,66,8,102,131,6.14592274678112,6.46407185628743,5.34090909090909,5.75,6.04901960784314,6.22137404580153,42
"36",2004,12,7.57142857142857,7,7.66666666666667,7,NA,7.5,7.6,6,1,0,2,5,240,173,67,8,104,136,6.1875,6.50578034682081,5.36567164179105,5.75,6.07692307692308,6.27205882352941,43
"37",2005,1,5.95238095238095,21,5.94117647058824,6,NA,5.77777777777778,6.08333333333333,17,4,0,9,12,261,190,71,8,113,148,6.16858237547893,6.45526315789474,5.40140845070423,5.75,6.05309734513274,6.25675675675676,44
"38",2005,2,5,7,5.8,3,NA,4.5,5.66666666666667,5,2,0,4,3,268,195,73,8,117,151,6.13805970149254,6.43846153846154,5.33561643835616,5.75,6,6.24503311258278,45
"39",2005,3,6.61538461538461,13,6.8125,6.3,5,6,6.88888888888889,8,5,1,4,9,281,203,78,9,121,160,6.16014234875445,6.45320197044335,5.3974358974359,5.66666666666667,6,6.28125,46
"40",2005,4,5.9375,8,6.35714285714286,3,NA,5.75,6.125,7,1,0,4,4,289,210,79,9,125,164,6.15397923875433,6.45,5.36708860759494,5.66666666666667,5.992,6.27743902439024,47
"41",2005,5,6.35454545454545,11,6.77777777777778,4.45,NA,5.55714285714286,7.75,9,2,0,7,4,300,219,81,9,132,168,6.16133333333333,6.4634703196347,5.34444444444444,5.66666666666667,5.96893939393939,6.3125,48
"42",2005,6,7,4,7,7,NA,7,7,3,1,0,1,3,304,222,82,9,133,171,6.17236842105263,6.47072072072072,5.36463414634146,5.66666666666667,5.97669172932331,6.32456140350877,49
"43",2005,7,5.66666666666667,6,5.66666666666667,NA,NA,5.66666666666667,5.66666666666667,6,0,0,3,3,310,228,82,9,136,174,6.16258064516129,6.44956140350877,5.36463414634146,5.66666666666667,5.96985294117647,6.3132183908046,50
"44",2005,8,6.33333333333333,6,8.66666666666667,4,NA,6.4,6,3,3,0,5,1,316,231,85,9,141,175,6.16582278481013,6.47835497835498,5.31647058823529,5.66666666666667,5.98510638297872,6.31142857142857,51
"45",2005,9,6.88888888888889,9,7.28571428571429,5.5,5.5,7,6.83333333333333,7,2,2,3,6,325,238,87,11,144,181,6.18584615384615,6.50210084033613,5.32068965517241,5.63636363636364,6.00625,6.32872928176796,52
"46",2005,10,6,9,6.33333333333333,5.33333333333333,5,5.8,6.25,6,3,1,5,4,334,244,90,12,149,185,6.18083832335329,6.49795081967213,5.32111111111111,5.58333333333333,5.9993288590604,6.32702702702703,53
"47",2005,11,6,11,5.92857142857143,6.125,5,6.5,5.71428571428571,7,4,3,4,7,345,251,94,15,153,192,6.17507246376812,6.48207171314741,5.35531914893617,5.46666666666667,6.01241830065359,6.3046875,54
"48",2005,12,5.7,10,6.125,4,NA,5,5.875,8,2,0,2,8,355,259,96,15,155,200,6.16169014084507,6.47104247104247,5.32708333333333,5.46666666666667,5.99935483870968,6.2875,55
"49",2006,1,6.35294117647059,17,6.63636363636364,5.83333333333333,NA,6.375,6.33333333333333,11,6,0,8,9,372,270,102,15,163,209,6.17043010752688,6.47777777777778,5.35686274509804,5.46666666666667,6.01779141104294,6.28947368421053,56
"50",2006,2,5.4,5,5,7,NA,5.33333333333333,5.5,4,1,0,3,2,377,274,103,15,166,211,6.16021220159151,6.45620437956204,5.37281553398058,5.46666666666667,6.00542168674699,6.28199052132701,57
"51",2006,3,6.66428571428571,14,6.71538461538462,6,NA,7.05,6.375,13,1,0,6,8,391,287,104,15,172,219,6.17826086956522,6.46794425087108,5.37884615384615,5.46666666666667,6.04186046511628,6.28538812785388,58
"52",2006,4,6.78571428571429,7,6.66666666666667,7.5,NA,6.5,6.9,6,1,0,2,5,398,293,105,15,174,224,6.18894472361809,6.47201365187713,5.39904761904762,5.46666666666667,6.04712643678161,6.29910714285714,59
"53",2006,5,5.85714285714286,7,6.16666666666667,4,NA,6,5.75,6,1,0,3,4,405,299,106,15,177,228,6.18320987654321,6.46588628762542,5.38584905660377,5.46666666666667,6.04632768361582,6.28947368421053,60
"54",2006,6,6.9,5,6.9,NA,NA,6.875,7,5,0,0,4,1,410,304,106,15,181,229,6.1919512195122,6.47302631578947,5.38584905660377,5.46666666666667,6.0646408839779,6.29257641921397,61
"55",2006,7,6,8,6,6,7,6,6,5,3,1,2,6,418,309,109,16,183,235,6.18827751196172,6.46537216828479,5.40275229357798,5.5625,6.06393442622951,6.28510638297872,62
"56",2006,8,5.97142857142857,7,7.325,4.16666666666667,NA,6.93333333333333,5.25,4,3,0,3,4,425,313,112,16,186,239,6.18470588235294,6.47635782747604,5.36964285714286,5.5625,6.07795698924731,6.26778242677824,63
"57",2006,9,6.22222222222222,9,6.6,5.75,6,6.8,5.5,5,4,1,5,4,434,318,116,17,191,243,6.18548387096774,6.47830188679245,5.38275862068966,5.58823529411765,6.09685863874345,6.25514403292181,64
"58",2006,10,6.34615384615385,13,6.83333333333333,5.25,5,6.66666666666667,6.25,9,4,1,3,10,447,327,120,18,194,253,6.19015659955257,6.48807339449541,5.37833333333333,5.55555555555556,6.10567010309278,6.25494071146245,65
"59",2006,11,6,12,5.88888888888889,6.33333333333333,6.33333333333333,5.5,6.25,9,3,3,4,8,459,336,123,21,198,261,6.18518518518519,6.47202380952381,5.40162601626016,5.66666666666667,6.09343434343434,6.25478927203065,66
"60",2006,12,6.13333333333333,15,6.5,5.71428571428571,5,5.6,6.4,8,7,1,5,10,474,344,130,22,203,271,6.18354430379747,6.47267441860465,5.41846153846154,5.63636363636364,6.08128078817734,6.26014760147601,67
"61",2007,1,6.17333333333333,15,6.6,5,4,4.91666666666667,7.01111111111111,11,4,2,6,9,489,355,134,24,209,280,6.18323108384458,6.47661971830986,5.40597014925373,5.5,6.04784688995215,6.28428571428571,68
"62",2007,2,6.13157894736842,19,6.33333333333333,5.78571428571429,6,6.21428571428571,6.08333333333333,12,7,1,7,12,508,367,141,25,216,292,6.18129921259843,6.47193460490463,5.42482269503546,5.52,6.05324074074074,6.27602739726027,69
"63",2007,3,5.7,12,7.25,4.925,5,5,6.05,4,8,1,4,8,520,371,149,26,220,300,6.17019230769231,6.48032345013477,5.39798657718121,5.5,6.03409090909091,6.27,70
"64",2007,4,6.81818181818182,11,7,5,NA,6.33333333333333,7.4,10,1,0,6,5,531,381,150,26,226,305,6.18361581920904,6.49396325459317,5.39533333333333,5.5,6.04203539823009,6.28852459016393,71
"65",2007,5,5.95,12,6.2,5.77142857142857,5.83333333333333,5.83333333333333,5.98888888888889,5,7,3,3,9,543,386,157,29,229,314,6.17845303867403,6.49015544041451,5.41210191082803,5.53448275862069,6.03930131004367,6.27993630573248,72
"66",2007,6,6.72222222222222,9,6.42857142857143,7.75,NA,6.3,7.25,7,2,0,5,4,552,393,159,29,234,318,6.18731884057971,6.48905852417303,5.44150943396226,5.53448275862069,6.04487179487179,6.29213836477987,73
"67",2007,7,6.33333333333333,12,6.625,5.75,NA,5.8,6.71428571428571,8,4,0,5,7,564,401,163,29,239,325,6.19042553191489,6.49177057356608,5.44907975460123,5.53448275862069,6.03974895397489,6.30123076923077,74
"68",2007,8,5.68181818181818,11,6.6875,3,3,4.5,7.1,8,3,1,6,5,575,409,166,30,245,330,6.18069565217391,6.49559902200489,5.40481927710843,5.45,6.00204081632653,6.31333333333333,75
"69",2007,9,6.23157894736842,19,6.31764705882353,5.5,5,7.3,5.85,17,2,1,5,14,594,426,168,31,250,344,6.18232323232323,6.48849765258216,5.40595238095238,5.43548387096774,6.028,6.29447674418605,76
"70",2007,10,5.91666666666667,12,6.375,5,2,6,5.85714285714286,8,4,1,5,7,606,434,172,32,255,351,6.17706270627063,6.48640552995392,5.39651162790698,5.328125,6.02745098039216,6.28575498575499,77
"71",2007,11,6.21428571428571,14,6.33333333333333,5.5,NA,5.5,6.33333333333333,12,2,0,2,12,620,446,174,32,257,363,6.17790322580645,6.48228699551569,5.39770114942529,5.328125,6.02334630350194,6.28732782369146,78
"72",2007,12,6.41304347826087,23,6.475,6,5,6.33333333333333,6.5,20,3,1,12,11,643,466,177,33,269,374,6.18631415241058,6.48197424892704,5.40790960451977,5.31818181818182,6.03717472118959,6.29358288770053,79
"73",2008,1,6.56578947368421,19,6.63235294117647,6,6,6.65625,6.5,17,2,1,8,11,662,483,179,34,277,385,6.19720543806647,6.48726708074534,5.4145251396648,5.33823529411765,6.05505415162455,6.29948051948052,80
"74",2008,2,6.46153846153846,13,6.55555555555556,6.25,6.66666666666667,5.75,6.77777777777778,9,4,3,4,9,675,492,183,37,281,394,6.2022962962963,6.4885162601626,5.4327868852459,5.44594594594595,6.05071174377224,6.31040609137056,81
"75",2008,3,6.1,10,6.25,6,7,7.25,5.33333333333333,4,6,1,4,6,685,496,189,38,285,400,6.20080291970803,6.48659274193548,5.45079365079365,5.48684210526316,6.06754385964912,6.29575,82
"76",2008,4,6.92222222222222,9,7.5,5.76666666666667,NA,7.2,6.7,6,3,0,4,5,694,502,192,38,289,405,6.21015850144092,6.49870517928287,5.45572916666667,5.48684210526316,6.08321799307958,6.30074074074074,83
"77",2008,5,6.3,10,6.88888888888889,1,1,6.66666666666667,6.14285714285714,9,1,1,3,7,704,511,193,39,292,412,6.21143465909091,6.50557729941291,5.43264248704663,5.37179487179487,6.08921232876712,6.29805825242718,84
"78",2008,6,6.07692307692308,13,6.875,4.8,5.33333333333333,7.25,5.55555555555556,8,5,3,4,9,717,519,198,42,296,421,6.20899581589958,6.51127167630058,5.41666666666667,5.36904761904762,6.10489864864865,6.28218527315914,85
"79",2008,7,6.42,25,6.77272727272727,6.14285714285714,5.8,5.59090909090909,7.07142857142857,11,14,10,11,14,742,530,212,52,307,435,6.2161051212938,6.51669811320755,5.46462264150943,5.45192307692308,6.08648208469055,6.30758620689655,86
"80",2008,8,6.46428571428571,14,6.94444444444444,5.6,5.6,5.66666666666667,7.0625,9,5,5,6,8,756,539,217,57,313,443,6.22070105820106,6.52384044526902,5.46774193548387,5.46491228070175,6.07843450479233,6.32121896162528,87
"81",2008,9,6,9,6.33333333333333,5.33333333333333,5.5,6.25,5.8,6,3,2,4,5,765,545,220,59,317,448,6.2181045751634,6.52174311926605,5.46590909090909,5.46610169491525,6.08059936908517,6.31540178571429,88
"82",2008,10,6.06153846153846,13,6.46666666666667,5.71428571428571,5.5,6.04285714285714,6.08333333333333,6,7,6,7,6,778,551,227,65,324,454,6.21548843187661,6.52114337568058,5.47356828193833,5.46923076923077,6.07978395061728,6.31233480176211,89
"83",2008,11,4.98333333333333,12,6.36,4,4.8,5.63333333333333,4.33333333333333,5,7,5,6,6,790,556,234,70,330,460,6.19677215189874,6.51969424460432,5.42948717948718,5.42142857142857,6.07166666666666,6.28652173913043,90
"84",2008,12,6.25,10,6.66666666666667,5.625,5.625,6.5,6.1875,6,4,4,2,8,800,562,238,74,332,468,6.1974375,6.52126334519573,5.4327731092437,5.43243243243243,6.07424698795181,6.28482905982906,91
"85",2009,1,6.93333333333333,15,7,6.5,6.5,6.97142857142857,6.9,13,2,2,7,8,815,575,240,76,339,476,6.21098159509203,6.53208695652174,5.44166666666667,5.46052631578947,6.09277286135693,6.29516806722689,92
"86",2009,2,5.83076923076923,13,5.98,5.7375,5.6,5,6.35,5,8,5,5,8,828,580,248,81,344,484,6.20501207729469,6.5273275862069,5.45120967741935,5.46913580246914,6.07688953488372,6.29607438016529,93
"87",2009,3,6.14285714285714,21,6.46666666666667,5.33333333333333,5.5,6.14285714285714,6.14285714285714,15,6,2,7,14,849,595,254,83,351,498,6.20347467608952,6.52579831932773,5.44842519685039,5.46987951807229,6.07820512820513,6.29176706827309,94
"88",2009,4,6.03125,16,6.04545454545455,6,7,4.5,6.25,11,5,2,2,14,865,606,259,85,353,512,6.20028901734104,6.51707920792079,5.45907335907336,5.50588235294118,6.06926345609065,6.290625,95
"89",2009,5,6.95,20,7.26923076923077,6.35714285714286,5.66666666666667,6.5,7.19230769230769,13,7,3,7,13,885,619,266,88,360,525,6.21723163841808,6.53287560581583,5.48270676691729,5.51136363636364,6.07763888888889,6.31295238095238,96
"90",2009,6,6.625,16,6.375,7.375,5.5,6.3125,6.9375,12,4,2,8,8,901,631,270,90,368,533,6.22447280799112,6.52987321711569,5.51074074074074,5.51111111111111,6.08274456521739,6.32232645403377,97
"91",2009,7,5.91176470588235,17,6.19230769230769,5,5.5,5.92857142857143,5.9,13,4,2,7,10,918,644,274,92,375,543,6.21868191721133,6.52305900621118,5.50328467153285,5.51086956521739,6.07986666666666,6.31454880294659,98
"92",2009,8,5.9,15,6.35,5,5,8,5.375,10,5,5,3,12,933,654,279,97,378,555,6.21355841371919,6.5204128440367,5.49426523297491,5.48453608247423,6.09510582010582,6.29423423423424,99
"93",2009,9,5.73333333333333,15,5.2,6,6.41666666666667,6.75,5.36363636363636,5,10,6,4,11,948,659,289,103,382,566,6.20595991561182,6.51039453717754,5.51176470588235,5.53883495145631,6.10196335078534,6.27614840989399,100
"94",2009,10,6.5,19,6.84615384615385,5.75,6.375,7.05555555555556,6,13,6,4,9,10,967,672,295,107,391,576,6.2117373319545,6.51688988095238,5.51661016949153,5.57009345794393,6.12391304347826,6.27135416666667,101
"95",2009,11,5.93529411764706,17,6.32222222222222,5.5,6,5.56666666666667,6.13636363636364,9,8,3,6,11,984,681,303,110,397,587,6.20696138211382,6.51431718061674,5.51617161716172,5.58181818181818,6.11549118387909,6.26882453151619,102
"96",2009,12,6.61538461538461,13,6.83333333333333,6.42857142857143,6.66666666666667,7,6.44444444444444,6,7,3,4,9,997,687,310,113,401,596,6.21228686058175,6.51710334788937,5.53677419354839,5.61061946902655,6.12431421446384,6.27147651006712,103
"97",2010,1,6.39285714285714,14,6.57142857142857,6.21428571428571,6.375,5.58333333333333,7,7,7,4,6,8,1011,694,317,117,407,604,6.21478733926805,6.51765129682997,5.55173501577287,5.63675213675214,6.11633906633906,6.28112582781457,104
"98",2010,2,7.09375,8,7.25,7,7,NA,7.09375,3,5,3,0,8,1019,697,322,120,407,612,6.22168792934249,6.52080344332855,5.57422360248447,5.67083333333333,6.11633906633906,6.29174836601307,105
"99",2010,3,7.38888888888889,9,7.21428571428571,8,9,8,7.08333333333333,7,2,1,3,6,1028,704,324,121,410,618,6.23190661478599,6.52769886363636,5.5891975308642,5.69834710743802,6.13012195121951,6.29943365695793,106
"100",2010,4,6.25,10,6.5,5.66666666666667,NA,7.25,6,7,3,0,2,8,1038,711,327,121,412,626,6.23208092485549,6.52742616033755,5.58990825688073,5.69834710743802,6.13555825242718,6.29560702875399,107
"101",2010,5,5.43636363636364,11,5.35,5.66666666666667,5.66666666666667,5,5.68571428571429,8,3,3,4,7,1049,719,330,124,416,633,6.22373689227836,6.51432545201669,5.59060606060606,5.69758064516129,6.12463942307692,6.28886255924171,108
"102",2010,6,6.64285714285714,7,6.58333333333333,7,7,6.83333333333333,6.5,6,1,1,3,4,1056,725,331,125,419,637,6.22651515151515,6.51489655172414,5.59486404833837,5.708,6.12971360381861,6.29018838304553,109
"103",2010,7,6.60909090909091,11,6.9625,5.66666666666667,5.5,4,6.87,8,3,2,1,10,1067,733,334,127,420,647,6.23045923149016,6.51978171896317,5.59550898203593,5.70472440944882,6.12464285714286,6.29914992272025,110
"104",2010,8,5.875,12,6.6,5.35714285714286,5.2,6.7,5.28571428571429,5,7,5,5,7,1079,738,341,132,425,654,6.22650602409639,6.52032520325203,5.59061583577713,5.68560606060606,6.13141176470588,6.28830275229358,111
"105",2010,9,6,3,5.5,7,NA,5.5,7,2,1,0,2,1,1082,740,342,132,427,655,6.22587800369686,6.51756756756757,5.59473684210526,5.68560606060606,6.12845433255269,6.2893893129771,112
"106",2010,10,5.91666666666667,12,6.42857142857143,5.2,4.5,5,6.375,7,5,4,4,8,1094,747,347,136,431,663,6.22248628884826,6.51673360107095,5.58904899135447,5.65073529411765,6.11798143851508,6.29042232277527,113
"107",2010,11,6.71666666666667,6,7.66666666666667,5.76666666666667,5.25,7.5,6.325,3,3,2,2,4,1100,750,350,138,433,667,6.22518181818182,6.52133333333333,5.59057142857143,5.64492753623188,6.1243648960739,6.29062968515742,114
"108",2010,12,5.78,10,5.82857142857143,5.66666666666667,NA,5.1,6.46,7,3,0,5,5,1110,757,353,138,438,672,6.22117117117117,6.51492734478203,5.59121813031161,5.64492753623188,6.11267123287671,6.29188988095238,115
"109",2011,1,6.125,8,6.8,5,5,9,5.71428571428571,5,3,1,1,7,1118,762,356,139,439,679,6.22048300536673,6.51679790026247,5.58623595505618,5.64028776978417,6.11924829157175,6.2859351988218,116
"110",2011,2,5.4,5,6.25,2,NA,7,5,4,1,0,1,4,1123,766,357,139,440,683,6.21682991985752,6.5154046997389,5.57619047619048,5.64028776978417,6.12125,6.27840409956076,117
"111",2011,3,5.625,12,6.3125,4.25,3.5,5.66666666666667,5.61111111111111,8,4,2,3,9,1135,774,361,141,443,692,6.21057268722467,6.51330749354005,5.56149584487535,5.60992907801418,6.11817155756208,6.26972543352601,118
"112",2011,4,7.89285714285714,7,8.16666666666667,6.25,6.25,6.25,8.16666666666667,6,1,1,1,6,1142,780,362,142,444,698,6.22088441330998,6.52602564102564,5.56339779005525,5.61443661971831,6.11846846846847,6.28603151862464,119
"113",2011,5,7,9,7.16666666666667,6.66666666666667,7,NA,7,6,3,1,0,9,1151,786,365,143,444,707,6.22697654213727,6.53091603053435,5.57246575342466,5.62412587412587,6.11846846846847,6.29512022630835,120
"114",2011,6,6.78571428571429,7,6.78571428571429,NA,NA,7,6.75,7,0,0,1,6,1158,793,365,143,445,713,6.23035405872194,6.53316519546028,5.57246575342466,5.62412587412587,6.12044943820225,6.29894810659187,121
"115",2011,7,6.27142857142857,7,5.975,6.66666666666667,5,6,6.38,4,3,1,2,5,1165,797,368,144,447,718,6.2306008583691,6.53036386449184,5.58138586956522,5.61979166666667,6.11991051454139,6.29951253481894,122
"116",2011,8,6.41666666666667,6,6.375,6.5,7.5,6.75,6.25,4,2,2,2,4,1171,801,370,146,449,722,6.23155422715628,6.52958801498127,5.58635135135135,5.64554794520548,6.12271714922049,6.29923822714682,123
"117",2011,9,6.44285714285714,7,6.875,5.86666666666667,5.86666666666667,6.275,6.66666666666667,4,3,3,4,3,1178,805,373,149,453,725,6.23280984719864,6.53130434782609,5.58860589812332,5.65,6.12406181015452,6.30075862068966,124
"118",2011,10,6.95833333333333,12,7.5625,5.75,6,6.25,7.3125,8,4,3,4,8,1190,813,377,152,457,733,6.24012605042017,6.54145141451415,5.59031830238727,5.65690789473684,6.12516411378556,6.31180081855389,125
"119",2011,11,6.16666666666667,6,6.2,6,NA,6,6.33333333333333,5,1,0,3,3,1196,818,378,152,460,736,6.23975752508361,6.53936430317848,5.59140211640212,5.65690789473684,6.12434782608696,6.31188858695652,126
"120",2011,12,7.3125,4,7.3125,NA,NA,8.125,6.5,4,0,0,2,2,1200,822,378,152,462,738,6.24333333333333,6.54312652068127,5.59140211640212,5.65690789473684,6.13300865800866,6.31239837398374,127
"121",2012,1,6.95,10,6.87777777777778,7.6,NA,8.16666666666667,6.42857142857143,9,1,0,3,7,1210,831,379,152,465,745,6.24917355371901,6.54675090252708,5.5967018469657,5.65690789473684,6.14612903225806,6.31348993288591,128
"122",2012,2,5.94444444444444,9,7.125,5,4.5,6.5,5.78571428571429,4,5,2,2,7,1219,835,384,154,467,752,6.24692370795734,6.54952095808383,5.58893229166667,5.64188311688312,6.14764453961456,6.30857712765958,129
"123",2012,3,5.27777777777778,9,6.125,4.6,7,3.25,5.85714285714286,4,5,1,2,7,1228,839,389,155,469,759,6.23982084690554,6.54749702026222,5.57622107969152,5.65064516129032,6.13528784648187,6.30441370223979,130
"124",2012,4,6.29,10,6.5,6.08,6.08,6.5,6.15,5,5,5,4,6,1238,844,394,160,473,765,6.24022617124394,6.54721563981043,5.58261421319797,5.6640625,6.13837209302325,6.30320261437909,131
"125",2012,5,6.86363636363636,11,7.0625,6.33333333333333,6.66666666666667,6,7.05555555555556,8,3,3,2,9,1249,852,397,163,475,774,6.24571657325861,6.55205399061033,5.58828715365239,5.68251533742331,6.13778947368421,6.31195090439277,132
"126",2012,6,6.25,4,6,7,7,8,5.66666666666667,3,1,1,1,3,1253,855,398,164,476,777,6.24573024740623,6.55011695906433,5.59183417085427,5.6905487804878,6.14170168067227,6.30945945945946,133
"127",2012,7,6.46428571428571,7,6.375,6.58333333333333,8,6.75,6.08333333333333,4,3,1,4,3,1260,859,401,165,480,780,6.24694444444444,6.54930151338766,5.59925187032419,5.70454545454545,6.14677083333333,6.30858974358974,134
"128",2012,8,8.16666666666667,6,10,6.33333333333333,6,10,7.8,3,3,1,1,5,1266,862,404,166,481,785,6.25604265402844,6.56131090487239,5.60470297029703,5.70632530120482,6.1547817047817,6.31808917197452,135
"129",2012,9,6.38888888888889,9,7,5.16666666666667,5.16666666666667,6.25,6.42857142857143,6,3,3,2,7,1275,868,407,169,483,792,6.25698039215686,6.56434331797235,5.6014742014742,5.69674556213018,6.15517598343685,6.31906565656566,136
"130",2012,10,6.5,7,6.25,8,8,4.75,7.2,6,1,1,2,5,1282,874,408,170,485,797,6.25830733229329,6.56218535469108,5.60735294117647,5.71029411764706,6.14938144329897,6.32459222082811,137
"131",2012,11,6.9375,8,7.08333333333333,6.5,6.5,7,6.875,6,2,2,4,4,1290,880,410,172,489,801,6.26251937984496,6.56573863636364,5.61170731707317,5.71947674418605,6.15633946830266,6.32734082397004,138
"132",2012,12,6.5,6,7,4,4,5.25,7.125,5,1,1,2,4,1296,885,411,173,491,805,6.26361882716049,6.56819209039548,5.60778588807786,5.70953757225434,6.15264765784114,6.33130434782609,139
"133",2013,1,6.89714285714286,14,7.23714285714286,6.55714285714286,6.58,6.63333333333333,6.96909090909091,7,7,5,3,11,1310,892,418,178,494,816,6.2703893129771,6.57344170403587,5.62368421052632,5.73398876404494,6.15556680161943,6.33990196078431,140
"134",2013,2,7,5,7.25,6,6,NA,7,4,1,1,0,5,1315,896,419,179,494,821,6.27316349809886,6.57646205357143,5.62458233890215,5.7354748603352,6.15556680161943,6.34392204628502,141
"135",2013,3,6.04444444444444,9,6.2375,4.5,NA,6.7,5.71666666666667,8,1,0,3,6,1324,904,420,179,497,827,6.27160876132931,6.57346238938053,5.62190476190476,5.7354748603352,6.15885311871227,6.33937122128174,142
"136",2013,4,7.25,4,7.33333333333333,7,NA,8,7,3,1,0,1,3,1328,907,421,179,498,830,6.27455572289157,6.57597574421169,5.62517814726841,5.7354748603352,6.16255020080321,6.34175903614458,143
"137",2013,5,6.875,8,7.4,6,5,6.5,7,5,3,1,2,6,1336,912,424,180,500,836,6.27815119760479,6.58049342105263,5.62783018867925,5.73138888888889,6.1639,6.34648325358852,144
"138",2013,6,6.86,5,10,6.075,5.5,8,6.1,1,4,2,2,3,1341,913,428,182,502,839,6.2803206562267,6.58423877327492,5.63200934579439,5.72884615384615,6.17121513944223,6.34560190703218,145
"139",2013,7,6,6,6.2,5,5,NA,6,5,1,1,0,6,1347,918,429,183,502,845,6.27907201187825,6.58214596949891,5.63053613053613,5.72486338797814,6.17121513944223,6.34314792899408,146
"140",2013,8,6.45,10,6.42857142857143,6.5,6.5,6,6.5,7,3,3,1,9,1357,925,432,186,503,854,6.28033161385409,6.58098378378378,5.63657407407407,5.73736559139785,6.17087475149105,6.34480093676815,147
"141",2013,9,5.6,15,6.57142857142857,4.75,5.25,5.33333333333333,5.66666666666667,7,8,4,3,12,1372,932,440,190,506,866,6.27289358600583,6.58091201716738,5.62045454545455,5.7271052631579,6.16590909090909,6.33540415704388,148
"142",2013,10,6.44444444444444,9,6.5,6.4,6.5,6.5,6.42857142857143,4,5,2,2,7,1381,936,445,192,508,873,6.27401158580739,6.58056623931624,5.62921348314607,5.73515625,6.16722440944882,6.33615120274914,149
"143",2013,11,6.5,5,6.625,6,NA,6,6.625,4,1,0,1,4,1386,940,446,192,509,877,6.27482683982684,6.58075531914893,5.63004484304933,5.73515625,6.16689587426326,6.33746864310148,150
"144",2013,12,6.44444444444444,9,6.5,6.375,NA,8.25,5.92857142857143,5,4,0,2,7,1395,945,450,192,511,884,6.27592114695341,6.58032804232804,5.63666666666667,5.73515625,6.17504892367906,6.33423076923077,151
"145",2014,1,6.60833333333333,12,6.83,5.5,6,7.125,6.35,10,2,1,4,8,1407,955,452,193,515,892,6.27875621890547,6.58294240837696,5.63606194690265,5.73652849740933,6.18242718446602,6.33437219730942,152
"146",2014,2,6.82142857142857,14,6.95,6.5,NA,5.5,7.04166666666667,10,4,0,2,12,1421,965,456,193,517,904,6.28410274454609,6.58674611398964,5.64364035087719,5.73652849740933,6.17978723404255,6.3437610619469,153
"147",2014,3,6.625,8,7,6,7,7,6.5,5,3,1,2,6,1429,970,459,194,519,910,6.28601119664101,6.58887628865979,5.64596949891068,5.7430412371134,6.18294797687861,6.34479120879121,154
"148",2014,4,5.53125,8,5.25,6,5,4.5,6.15,5,3,3,3,5,1437,975,462,197,522,915,6.2818093249826,6.58201025641026,5.6482683982684,5.73172588832487,6.17327586206896,6.34372677595629,155
"149",2014,5,6,6,6,6,6,NA,6,4,2,2,0,6,1443,979,464,199,522,921,6.28063756063756,6.57963227783452,5.64978448275862,5.73442211055276,6.17327586206896,6.34148751357221,156
"150",2014,6,5.9,5,6.375,4,NA,4,6.375,4,1,0,1,4,1448,983,465,199,523,925,6.27932320441989,6.5787995930824,5.64623655913979,5.73442211055276,6.16912045889101,6.34163243243243,157
"151",2014,7,6.75,4,7.5,6,6,NA,6.75,2,2,1,0,4,1452,985,467,200,523,929,6.28061983471074,6.58067005076142,5.64775160599572,5.73575,6.16912045889101,6.34339074273412,158
"152",2014,8,6.9375,8,7,6.75,6.75,6.75,7,6,2,2,2,6,1460,991,469,202,525,935,6.28421917808219,6.58320887991927,5.65245202558635,5.74579207920792,6.17133333333333,6.34760427807487,159
"153",2014,9,5.66666666666667,6,6.66666666666667,4.66666666666667,7,5,5.8,3,3,1,1,5,1466,994,472,203,526,940,6.28169167803547,6.58346076458752,5.64618644067797,5.75197044334975,6.16910646387833,6.3446914893617,160
"154",2014,10,6.16666666666667,6,6.5,5.5,NA,NA,6.16666666666667,4,2,0,0,6,1472,998,474,203,526,946,6.28122282608696,6.58312625250501,5.64556962025316,5.75197044334975,6.16910646387833,6.34356236786469,161
"155",2014,11,6.95833333333333,12,7.5,5.33333333333333,5.5,6.66666666666667,7.05555555555556,9,3,2,3,9,1484,1007,477,205,529,955,6.28669811320755,6.59132075471698,5.64360587002096,5.74951219512195,6.17192816635161,6.3502722513089,162
"156",2014,12,7.56923076923077,13,7.775,5.1,5.1,5.36666666666667,8.23,12,1,1,3,10,1497,1019,478,206,532,965,6.29783567134268,6.60526005888126,5.64246861924686,5.74635922330097,6.16738721804511,6.36975129533679,163
"157",2015,1,5.68888888888889,9,5.68888888888889,NA,NA,8.7,5.3125,9,0,0,1,8,1506,1028,478,206,533,973,6.29419654714475,6.5972373540856,5.64246861924686,5.74635922330097,6.17213883677298,6.36105858170607,164
"158",2015,2,6.27142857142857,7,8.45,5.4,5.5,6.5,6.18,2,5,4,2,5,1513,1030,483,210,535,978,6.29409120951751,6.60083495145631,5.6399585921325,5.74166666666667,6.17336448598131,6.36013292433538,165
"159",2015,3,6.72307692307692,13,6.69,6.83333333333333,6.5,6.63333333333333,6.75,10,3,1,3,10,1526,1040,486,211,538,988,6.29774574049803,6.60169230769231,5.64732510288066,5.74526066350711,6.17592936802974,6.36407894736842,166
"160",2015,4,6.81818181818182,11,6.85714285714286,6.75,6,6.5,7,7,4,1,4,7,1537,1047,490,212,542,995,6.30147039687703,6.60340019102197,5.65632653061224,5.74646226415094,6.17832103321033,6.3685527638191,167
"161",2015,5,7.28571428571429,7,7.33333333333333,7,NA,6.5,7.6,6,1,0,2,5,1544,1053,491,212,544,1000,6.30593264248705,6.60755935422602,5.65906313645621,5.74646226415094,6.17950367647059,6.37471,168
"162",2015,6,4.75,3,4.75,NA,NA,6.75,3.75,3,0,0,1,2,1547,1056,491,212,545,1002,6.30291531997414,6.6022821969697,5.65906313645621,5.74646226415094,6.18055045871559,6.36947105788423,169
"163",2015,7,6.08333333333333,6,6.875,4.5,5,5.33333333333333,6.83333333333333,4,2,1,3,3,1553,1060,493,213,548,1005,6.30206696716033,6.60331132075472,5.65436105476673,5.74295774647887,6.17591240875912,6.37085572139304,170
"164",2015,8,6.42857142857143,7,7,5.66666666666667,5,6.5,6.4,4,3,1,2,5,1560,1064,496,214,550,1010,6.30263461538461,6.60480263157895,5.65443548387097,5.73948598130841,6.17709090909091,6.371,171
"165",2015,9,7.16666666666667,3,7.25,7,7,7.25,7,2,1,1,2,1,1563,1066,497,215,552,1011,6.3042930262316,6.60601313320825,5.65714285714286,5.7453488372093,6.18097826086956,6.37162215628091,172
"166",2015,10,5.41428571428571,7,6.18,3.5,4,5.96666666666667,5,5,2,1,3,4,1570,1071,499,216,555,1015,6.30032484076433,6.60402427637722,5.64849699398798,5.73726851851852,6.17981981981982,6.36621674876847,173
"167",2015,11,7.38888888888889,9,7.64285714285714,6.5,8,9.25,6.85714285714286,7,2,1,2,7,1579,1078,501,217,557,1022,6.30652944901836,6.61076994434137,5.65189620758483,5.74769585253456,6.19084380610413,6.36957925636008,174
"168",2015,12,6.75,10,7.14285714285714,5.83333333333333,4.66666666666667,6,7.07142857142857,7,3,3,3,7,1589,1085,504,220,560,1029,6.30932032724984,6.61420276497696,5.65297619047619,5.73295454545455,6.18982142857143,6.3743537414966,175
"169",2016,1,5.58333333333333,6,6,4.75,4.75,3,6.1,4,2,2,1,5,1595,1089,506,222,561,1034,6.30658934169279,6.61194674012856,5.64940711462451,5.7240990990991,6.18413547237076,6.37302707930368,176
"170",2016,2,5,2,5,NA,NA,5,NA,2,0,0,2,0,1597,1091,506,222,563,1034,6.30495303694427,6.60899175068744,5.64940711462451,5.7240990990991,6.17992895204263,6.37302707930368,177
"171",2016,3,6.43076923076923,13,7.28888888888889,4.5,6,8,6.14545454545455,9,4,1,2,11,1610,1100,510,223,565,1045,6.30596894409938,6.61455454545454,5.64039215686275,5.72533632286996,6.18637168141593,6.37063157894737,178
"172",2016,4,7.30333333333333,12,7.214,7.75,10,7.778,6.96428571428571,10,2,1,5,7,1622,1110,512,224,570,1052,6.3133477188656,6.61995495495495,5.6486328125,5.74441964285714,6.20033333333333,6.37458174904943,179
"173",2016,5,7.04166666666667,12,7.0625,7,9,6,7.25,8,4,1,2,10,1634,1118,516,225,572,1062,6.3186964504284,6.62312164579606,5.65910852713178,5.75888888888889,6.19963286713287,6.38282485875706,180
"174",2016,6,6.5625,8,6.5625,NA,NA,NA,6.5625,8,0,0,0,8,1642,1126,516,225,572,1070,6.31988428745432,6.62269094138543,5.65910852713178,5.75888888888889,6.19963286713287,6.38416822429907,181
"175",2016,7,6.2,5,6,7,NA,NA,6.2,4,1,0,0,5,1647,1130,517,225,572,1075,6.31952034001214,6.62048672566371,5.66170212765957,5.75888888888889,6.19963286713287,6.38331162790698,182
"176",2016,8,6.65384615384615,13,7.1,5.16666666666667,4.5,6.4,6.8125,10,3,2,5,8,1660,1140,520,227,577,1083,6.32213855421687,6.62469298245614,5.65884615384615,5.74779735682819,6.20136915077989,6.38648199445984,183
"177",2016,9,7.38888888888889,9,7.25,7.66666666666667,8,7.5,7.35714285714286,6,3,2,2,7,1669,1146,523,229,579,1090,6.32789095266627,6.62796684118673,5.67036328871893,5.7674672489083,6.20585492227979,6.39271559633028,184
"178",2016,10,6.30454545454545,11,7.2,5.55833333333333,5.5875,6.5,6.26111111111111,5,6,4,2,9,1680,1151,529,233,581,1099,6.32773809523809,6.63045178105995,5.66909262759924,5.76437768240343,6.20686746987952,6.39163785259327,185
"179",2016,11,6.05,10,6.35714285714286,5.33333333333333,5.33333333333333,6.5,6,7,3,3,1,9,1690,1158,532,236,582,1108,6.32609467455621,6.62879965457685,5.6671992481203,5.75889830508475,6.20737113402062,6.38845667870036,186
"180",2016,12,6.72727272727273,11,6.875,6.33333333333333,4,7.33333333333333,6.5,8,3,1,3,8,1701,1166,535,237,585,1116,6.32868900646678,6.63048885077187,5.67093457943925,5.75147679324895,6.2131452991453,6.38925627240144,187
"181",2017,1,6.3125,12,6.71875,5.5,5.5,6.4375,6.25,8,4,2,4,8,1713,1174,539,239,589,1124,6.32857559836544,6.63109028960818,5.66966604823748,5.74937238493724,6.21466893039049,6.38826512455516,188
"182",2017,2,5.625,8,7,4.25,5,NA,5.625,4,4,2,0,8,1721,1178,543,241,589,1132,6.32530505520046,6.63234295415959,5.65920810313076,5.74315352697095,6.21466893039049,6.38287102473498,189
"183",2017,3,6.52941176470588,17,6.66666666666667,6.2,6,6.2,6.66666666666667,12,5,1,5,12,1738,1190,548,242,594,1144,6.32730149597238,6.63268907563025,5.66414233576642,5.74421487603306,6.21454545454545,6.3858479020979,190
"184",2017,4,6.5,7,6.1,7.5,7.5,NA,6.5,5,2,2,0,7,1745,1195,550,244,594,1151,6.32799426934097,6.63046025104602,5.67081818181818,5.75860655737705,6.21454545454545,6.38654213727194,191
"185",2017,5,6.36666666666667,12,6.4,6,NA,6,6.4,11,1,0,1,11,1757,1206,551,244,595,1162,6.32825839499146,6.62835820895522,5.67141560798548,5.75860655737705,6.21418487394958,6.386669535284,192
"186",2017,6,7.71428571428571,7,8.16666666666667,5,NA,8.33333333333333,7.25,6,1,0,3,4,1764,1212,552,244,598,1166,6.33375850340136,6.63597359735973,5.67019927536232,5.75860655737705,6.2248160535117,6.38963121783877,193
"187",2017,7,6.33333333333333,3,6.5,6,6,NA,6.33333333333333,2,1,1,0,3,1767,1214,553,245,598,1169,6.33375778155065,6.63574958813838,5.67079566003617,5.75959183673469,6.2248160535117,6.38948674080411,194
"188",2017,8,6.5,7,7.875,4.66666666666667,6,6,6.875,4,3,1,3,4,1774,1218,556,246,601,1173,6.33441375422773,6.63981937602627,5.66537769784173,5.76056910569106,6.22369384359401,6.39114236999148,195
"189",2017,9,6.96428571428571,14,7.16666666666667,6.6,NA,6.375,7.2,9,5,0,4,10,1788,1227,561,246,605,1183,6.33934563758389,6.64368378158109,5.67370766488414,5.76056910569106,6.22469421487603,6.3979797125951,196
"190",2017,10,6.40625,16,7.28571428571429,5.72222222222222,5.25,6,6.54166666666667,7,9,4,4,12,1804,1234,570,250,609,1195,6.33993902439024,6.64732576985413,5.67447368421053,5.7524,6.2232183908046,6.39942259414226,197
"191",2017,11,6,6,7,5.5,6.5,3,6.6,2,4,2,1,5,1810,1236,574,252,610,1200,6.33881215469613,6.64789644012945,5.67325783972126,5.75833333333333,6.21793442622951,6.40025833333334,198
"192",2017,12,6.65,12,6.68571428571429,6.6,7,8,6.52727272727273,7,5,4,1,11,1822,1243,579,256,611,1211,6.34086169045005,6.64810941271118,5.68126079447323,5.777734375,6.22085106382979,6.40141205615194,199
"193",2018,1,6.38888888888889,9,6.6875,4,NA,5.75,6.57142857142857,8,1,0,2,7,1831,1251,580,256,613,1218,6.34109776078645,6.64836131095123,5.67836206896552,5.777734375,6.21931484502447,6.40238916256158,200
"194",2018,2,6.57142857142857,7,8,5.5,5.33333333333333,9,6.16666666666667,3,4,3,1,6,1838,1254,584,259,614,1224,6.34197497279652,6.65159489633173,5.67714041095891,5.77258687258687,6.22384364820847,6.40123366013072,201
"195",2018,3,6.25,8,6.85714285714286,2,NA,NA,6.25,7,1,0,0,8,1846,1261,585,259,614,1232,6.34157638136511,6.65273592386994,5.6708547008547,5.77258687258687,6.22384364820847,6.40025162337663,202
"196",2018,4,7.15384615384615,13,7.33333333333333,6.75,6.75,8,7,9,4,4,2,11,1859,1270,589,263,616,1243,6.34725658956428,6.65755905511811,5.67818336162988,5.78745247148289,6.22961038961039,6.40555913113436,203
"197",2018,5,6.0625,8,6.41666666666667,5,5,NA,6.0625,6,2,2,0,8,1867,1276,591,265,616,1251,6.34603642206749,6.6564263322884,5.6758883248731,5.78150943396226,6.22961038961039,6.4033653077538,204
"198",2018,6,7.41666666666667,6,8.5,6.875,7.5,5.5,8.375,2,4,2,2,4,1873,1278,595,267,618,1255,6.34946609717031,6.65931142410015,5.68394957983193,5.79438202247191,6.22724919093851,6.40964940239044,205
"199",2018,7,6.9,5,6.875,7,NA,6,7.125,4,1,0,1,4,1878,1282,596,267,619,1259,6.35093184238552,6.65998439937597,5.68615771812081,5.79438202247191,6.22688206785137,6.4119221604448,206
"200",2018,8,7,7,7.33333333333333,5,NA,6.5,7.2,6,1,0,2,5,1885,1288,597,267,621,1264,6.35334217506631,6.66312111801242,5.68500837520938,5.79438202247191,6.2277616747182,6.41503955696203,207
"201",2018,9,6.9375,8,7.08333333333333,6.5,6.5,8,6.58333333333333,6,2,2,2,6,1893,1294,599,269,623,1270,6.35581088219757,6.66506955177743,5.68772954924875,5.7996282527881,6.23345104333868,6.41583464566929,208
"202",2018,10,6.42857142857143,14,6.6,6,6.33333333333333,5.83333333333333,6.875,10,4,3,6,8,1907,1304,603,272,629,1278,6.35634504457263,6.66457055214723,5.68980099502487,5.80551470588235,6.22963434022258,6.4187089201878,209
"203",2018,11,7,2,7,NA,NA,8,6,2,0,0,1,1,1909,1306,603,272,630,1279,6.35701938187533,6.66508422664624,5.68980099502487,5.80551470588235,6.23244444444444,6.41838154808444,210
"204",2018,12,5.8,5,5.66666666666667,6,8,4,6.25,3,2,1,1,4,1914,1309,605,273,631,1283,6.35556426332288,6.66279602750191,5.69082644628099,5.81355311355311,6.22890649762282,6.41785658612627,211
"205",2019,1,7.2,5,7,7.33333333333333,8,NA,7.2,2,3,1,0,5,1919,1311,608,274,631,1288,6.35776446065659,6.66331045003813,5.69893092105263,5.82153284671533,6.22890649762282,6.42089285714286,212
"206",2019,2,6.875,8,6.57142857142857,9,9.5,7,6.8,7,1,2,3,5,1927,1318,609,276,634,1293,6.35991177996886,6.6628224582701,5.70435139573071,5.8481884057971,6.23255520504732,6.4223588553751,213
"207",2019,3,5.8,5,6.33333333333333,5,4,4.5,6.66666666666667,3,2,1,2,3,1932,1321,611,277,636,1296,6.35846273291925,6.66207418622256,5.70204582651391,5.84151624548736,6.22710691823899,6.42292438271605,214
"208",2019,4,5.66666666666667,6,5.5,6,6,6,5.6,4,2,1,1,5,1938,1325,613,278,637,1301,6.3563209494324,6.65856603773585,5.70301794453507,5.84208633093525,6.22675039246468,6.4197617217525,215
"209",2019,5,7.08333333333333,12,7.28571428571429,6.8,6.75,7.7,6.64285714285714,7,5,4,5,7,1950,1332,618,282,642,1308,6.36079487179487,6.66186186186186,5.71189320388349,5.85496453900709,6.23822429906542,6.42095565749236,216
"210",2019,6,6.91083333333333,12,6.77,7.33333333333333,8,6.786,7,9,3,1,5,7,1962,1341,621,283,647,1315,6.36415902140673,6.66258762117822,5.71972624798712,5.86254416961131,6.24245749613601,6.42403802281369,217
"211",2019,7,7.28571428571429,7,7.2,7.5,7.5,6.5,7.6,5,2,2,2,5,1969,1346,623,285,649,1320,6.36743524631793,6.66458395245171,5.72544141252006,5.8740350877193,6.24325115562404,6.42849242424243,218
"212",2019,8,6.42857142857143,7,6.33333333333333,7,7,5.66666666666667,7,6,1,1,3,4,1976,1352,624,286,652,1324,6.36765182186235,6.66311390532544,5.72748397435897,5.87797202797203,6.2405981595092,6.43021903323263,219
"213",2019,9,6.33333333333333,6,6.75,5.5,5.5,4.5,7.25,4,2,2,2,4,1982,1356,626,288,654,1328,6.36754793138244,6.66337020648967,5.7267571884984,5.87534722222222,6.2352752293578,6.43268825301205,220
"214",2019,10,6.66666666666667,3,7.5,5,5,NA,6.66666666666667,2,1,1,0,3,1985,1358,627,289,654,1331,6.368,6.66460235640648,5.7255980861244,5.87231833910035,6.2352752293578,6.43321562734786,221
"215",2019,11,7.25,2,7.25,NA,NA,NA,7.25,2,0,0,0,2,1987,1360,627,289,654,1333,6.3688877705083,6.66546323529411,5.7255980861244,5.87231833910035,6.2352752293578,6.43444111027757,222
"216",2019,12,6.04166666666667,12,7,4.125,3.5,2,6.40909090909091,8,4,2,1,11,1999,1368,631,291,655,1344,6.36692346173086,6.66741959064327,5.71545166402536,5.85601374570447,6.22880916030534,6.43423363095238,223
"217",2020,1,5.975,8,6.95,5,4.5,6.33333333333333,5.76,4,4,2,3,5,2007,1372,635,293,658,1349,6.36536123567514,6.66824344023323,5.71094488188976,5.84675767918089,6.22928571428571,6.43173461823573,224
"218",2020,2,7.1875,12,8.0625,5.4375,5.4375,7.625,7.1,8,4,4,2,10,2019,1380,639,297,660,1359,6.37024764735017,6.67632608695652,5.70923317683881,5.84124579124579,6.23351515151515,6.43665194996321,225
"219",2020,3,6.6,5,7.25,4,NA,6,6.75,4,1,0,1,4,2024,1384,640,297,661,1363,6.3708152173913,6.67798410404624,5.7065625,5.84124579124579,6.23316187594554,6.43757153338225,226
"220",2020,4,6.77777777777778,9,7,5,5,5.33333333333333,7.5,8,1,1,3,6,2033,1392,641,298,664,1369,6.37261682242991,6.67983477011494,5.70546021840874,5.83842281879195,6.22909638554217,6.44222790357926,227
"221",2020,5,7.2,10,7.42857142857143,6.66666666666667,6,7.33333333333333,7.14285714285714,7,3,1,3,7,2043,1399,644,299,667,1376,6.37666666666667,6.68358112937812,5.70993788819876,5.83896321070234,6.23406296851574,6.44579215116279,228
"222",2020,6,6.2,5,6.25,6,6,6,6.25,4,1,1,1,4,2048,1403,645,300,668,1380,6.3762353515625,6.68234497505345,5.71038759689922,5.8395,6.2337125748503,6.44522463768116,229
"223",2020,7,7.8,5,7.33333333333333,8.5,8.5,8.5,7.33333333333333,3,2,2,2,3,2053,1406,647,302,670,1383,6.37970287384316,6.68373399715505,5.71901081916538,5.85711920529801,6.2404776119403,6.44715112075199,230
"224",2020,8,6.125,8,6,6.33333333333333,7.5,9,5.71428571428571,5,3,2,1,7,2061,1411,650,304,671,1390,6.3787142163998,6.68131112686038,5.72184615384615,5.86792763157895,6.24459016393443,6.44346043165468,231
"225",2020,9,5.6,5,5.5,5.66666666666667,5.5,6,5.5,2,3,2,1,4,2066,1413,653,306,672,1394,6.37682962245886,6.67963906581741,5.72159264931087,5.86552287581699,6.24422619047619,6.44075322812052,232
"226",2020,10,7.6,5,8.66666666666667,6,6,NA,7.6,3,2,1,0,5,2071,1416,655,307,672,1399,6.37978271366489,6.68384887005649,5.7224427480916,5.86596091205212,6.24422619047619,6.44489635453896,233
"227",2020,11,7,10,7.4,6.6,5.5,9,6.77777777777778,5,5,2,1,9,2081,1421,660,309,673,1408,6.38276309466602,6.68636875439831,5.72909090909091,5.86359223300971,6.24832095096582,6.44702414772728,234
"228",2020,12,6.5,6,6.4,7,NA,NA,6.5,5,1,0,0,6,2087,1426,661,309,673,1414,6.383100143747,6.68536465638148,5.73101361573374,5.86359223300971,6.24832095096582,6.44724893917963,235
"229",2021,1,7.75,8,8,7.33333333333333,7,7.5,7.83333333333333,5,3,2,2,6,2095,1431,664,311,675,1420,6.38831980906921,6.68995807127882,5.73825301204819,5.87090032154341,6.25202962962963,6.45310563380282,236
"230",2021,2,7.875,8,8,7,7,8,7.85714285714286,7,1,2,1,7,2103,1438,665,313,676,1427,6.39397527341892,6.69633518776078,5.74015037593985,5.87811501597444,6.25461538461538,6.45999299229152,237
"231",2021,3,7.13583333333333,6,8,2.815,2.815,6.4075,7.5,5,1,1,2,4,2109,1443,666,314,678,1431,6.39608582266477,6.70085239085239,5.73575825825826,5.86835987261146,6.25506637168141,6.4629000698812,238
"232",2021,4,7.6,5,8.25,5,5,NA,7.6,4,1,1,0,5,2114,1447,667,315,678,1436,6.39893330179754,6.70513476157567,5.73465517241379,5.86560317460317,6.25506637168141,6.46685933147633,239
"233",2021,5,7.16666666666667,3,10,5.75,3.5,NA,7.16666666666667,1,2,1,0,3,2117,1448,669,316,678,1439,6.40002125649504,6.70741022099447,5.73470104633782,5.85811708860759,6.25506637168141,6.46831827658096,240
"234",2021,6,5.875,4,6,5.75,5.5,5.5,6,2,2,1,1,3,2121,1450,671,317,679,1442,6.39903111739745,6.70643448275862,5.73474664679583,5.85698738170347,6.25395434462445,6.4673439667129,241
"235",2021,7,6.75,4,6.75,NA,NA,9,6,4,0,0,1,3,2125,1454,671,317,680,1445,6.39969176470588,6.70655433287482,5.73474664679583,5.85698738170347,6.25799264705882,6.46637370242215,242
"236",2021,8,7.56666666666667,6,7.38,8.5,NA,NA,7.56666666666667,5,1,0,0,6,2131,1459,672,317,680,1451,6.40297747536368,6.70886223440712,5.73886160714286,5.85698738170347,6.25799264705882,6.47092350103377,243
"237",2021,9,5,3,6,3,NA,4.5,6,2,1,0,2,1,2134,1461,673,317,682,1452,6.40100515463917,6.7078918548939,5.73479197622585,5.85698738170347,6.25283724340176,6.47059917355372,244
"238",2021,10,5.9,5,6.33333333333333,5.25,6,NA,5.9,3,2,1,0,5,2139,1464,675,318,682,1457,6.3998340345956,6.70712431693989,5.73335555555556,5.85743710691824,6.25283724340176,6.46864104323954,245
"239",2021,11,7.75,8,7.58333333333333,8.25,9,7.83333333333333,7.7,6,2,1,3,5,2147,1470,677,319,685,1462,6.40486492780624,6.7107006802721,5.74079025110783,5.86728840125392,6.25975912408759,6.47285225718194,246
"240",2021,12,7.25,4,7.66666666666667,6,6,NA,7.25,3,1,1,0,4,2151,1473,678,320,685,1466,6.40643654114365,6.71264765784114,5.74117256637168,5.867703125,6.25975912408759,6.4749727148704,247
"241",2022,1,5.18348333333333,6,5.42018,4,NA,4.5,5.525225,5,1,0,2,4,2157,1478,679,320,687,1470,6.40303472415392,6.70827530446549,5.73860824742268,5.867703125,6.25463609898108,6.47238836734694,248
"242",2022,2,6.9,4,7.2,6,6,NA,6.9,3,1,1,0,4,2161,1481,680,321,687,1474,6.40395460434984,6.70927137069547,5.73899264705882,5.86811526479751,6.25463609898108,6.47354877883311,249
"243",2022,3,7.4375,8,7.41666666666667,7.5,8,7,7.5,6,2,3,1,7,2169,1487,682,324,688,1481,6.40776666666667,6.71212568930733,5.7441568914956,5.8878549382716,6.25571947674419,6.47840033760972,250
"244",2022,4,7.2,5,7.5,6,6.5,6.5,7.66666666666667,4,1,2,2,3,2174,1491,683,326,690,1484,6.40958873045078,6.71423936955063,5.74453147877013,5.89161042944785,6.25642753623188,6.48080249326146,251
"245",2022,5,7.08,5,6.75,8.4,8.4,NA,7.08,4,1,1,0,5,2179,1495,684,327,690,1489,6.41112707664066,6.71433505016722,5.74841374269006,5.89928134556575,6.25642753623188,6.48281457353929,252
"246",2022,6,7.3875,8,7.44285714285714,7,6.65,6.43333333333333,7.96,7,1,2,3,5,2187,1502,685,329,693,1494,6.41469862825789,6.71773029294274,5.75024087591241,5.90384498480243,6.25719336219336,6.48775829986613,253
"247",2022,7,8.75,4,8.75,NA,NA,10,7.5,4,0,0,2,2,2191,1506,685,329,695,1496,6.41896207211319,6.7231280876494,5.75024087591241,5.90384498480243,6.26796402877698,6.48911156417112,254
"248",2022,8,6.6,5,7.25,6.16666666666667,NA,7,6.5,2,3,0,1,4,2196,1508,688,329,696,1500,6.41937427140255,6.72382685676392,5.75205668604651,5.90384498480243,6.2690158045977,6.4891406,255
"249",2022,9,8.5,2,10,7,7,NA,8.5,1,1,1,0,2,2198,1509,689,330,696,1502,6.42126747042766,6.72599794565937,5.7538679245283,5.90716666666667,6.2690158045977,6.49181817576565,256
"250",2022,10,6.42857142857143,7,6.42857142857143,NA,NA,8.33333333333333,5,7,0,0,3,4,2205,1516,689,330,699,1506,6.42129065759637,6.72462460422163,5.7538679245283,5.90716666666667,6.27787553648069,6.48785584329349,257
"251",2022,11,5,3,5,5,4,4,5.5,1,2,1,1,2,2208,1517,691,331,700,1508,6.41935955615942,6.72348773895847,5.75168596237337,5.90140483383686,6.27462142857143,6.48654568965517,258
"252",2022,12,6.42857142857143,7,8,5.25,5.5,NA,6.42857142857143,3,4,2,0,7,2215,1520,695,333,700,1515,6.41938866817156,6.72600717105263,5.74879856115108,5.89899399399399,6.27462142857143,6.48627782178218,259
