"","year","month","avg_rating","no_ratings","avg_rating_owned","avg_rating_not_owned","avg_rating_prev_owned","avg_rating_comment","avg_rating_no_comment","no_ratings_owned","no_ratings_not_owned","no_ratings_prev_owned","no_ratings_comment","no_ratings_no_comment","cum_no_ratings","cum_no_ratings_owned","cum_no_ratings_not_owned","cum_no_ratings_prev_owned","cum_no_ratings_comment","cum_no_ratings_no_comment","cum_avg_rating","cum_avg_rating_owned","cum_avg_rating_not_owned","cum_avg_rating_prev_owned","cum_avg_rating_comment","cum_avg_rating_no_comment","month_after_release"
"1",2007,10,8,1,NA,8,NA,NA,8,0,1,0,0,1,1,0,1,0,0,1,8,NA,8,NA,NA,8,-2
"2",2007,11,7.75,2,7.75,NA,NA,NA,7.75,2,0,0,0,2,3,2,1,0,0,3,7.83333333333333,7.75,8,NA,NA,7.83333333333333,-1
"3",2007,12,7.8,5,9.66666666666667,5,NA,6,8.25,3,2,0,1,4,8,5,3,0,1,7,7.8125,8.9,6,NA,6,8.07142857142857,0
"4",2008,1,6.91666666666667,12,8,6.14285714285714,6,6.6,7.14285714285714,5,7,1,5,7,20,10,10,1,6,14,7.275,8.45,6.1,6,6.5,7.60714285714286,1
"5",2008,2,7.02857142857143,14,8.2,6.37777777777778,NA,6.79,7.625,5,9,0,10,4,34,15,19,1,16,18,7.17352941176471,8.36666666666667,6.23157894736842,6,6.68125,7.61111111111111,2
"6",2008,3,7.16666666666667,30,7.73529411764706,6.42307692307692,NA,7.15,7.175,17,13,0,10,20,64,32,32,1,26,38,7.1703125,8.03125,6.309375,6,6.86153846153846,7.38157894736842,3
"7",2008,4,6.4,34,7.63636363636364,5.80869565217391,6,6.5,6.34545454545455,11,23,1,12,22,98,43,55,2,38,60,6.9030612244898,7.93023255813953,6.1,6,6.74736842105263,7.00166666666667,4
"8",2008,5,6.59444444444444,36,7.1,6.51290322580645,7.6,6.90666666666667,6.37142857142857,5,31,6,15,21,134,48,86,8,53,81,6.82014925373134,7.84375,6.24883720930233,7.2,6.79245283018868,6.83827160493827,5
"9",2008,6,6.55125,40,7.25,6.21481481481482,7,6.44583333333333,6.709375,13,27,2,24,16,174,61,113,10,77,97,6.75833333333333,7.7172131147541,6.24070796460177,7.16,6.68441558441558,6.81701030927835,6
"10",2008,7,6.89545454545455,22,7.9,6.2,7.35,6.87857142857143,6.925,9,13,4,14,8,196,70,126,14,91,105,6.77372448979592,7.74071428571429,6.23650793650794,7.21428571428571,6.71428571428571,6.8252380952381,7
"11",2008,8,6.54615384615385,39,7.28125,6.03478260869565,7,6.43333333333333,6.61666666666667,16,23,4,15,24,235,86,149,18,106,129,6.73595744680851,7.65523255813954,6.20536912751678,7.16666666666667,6.67452830188679,6.78643410852713,8
"12",2008,9,6.58953488372093,86,7.37428571428571,6.05098039215686,7.25,6.571875,6.6,35,51,2,32,54,321,121,200,20,138,183,6.69672897196262,7.57396694214876,6.166,7.175,6.65072463768116,6.73142076502732,9
"13",2008,10,6.86578181818182,55,7.21666666666667,6.59412903225806,7.09,6.65372,7.0425,24,31,5,25,30,376,145,231,25,163,213,6.72145744680851,7.5148275862069,6.22345454545454,7.158,6.65118404907976,6.77523474178404,10
"14",2008,11,6.95,63,7.382,6.66578947368421,7.27142857142857,7.1,6.86375,25,38,7,23,40,439,170,269,32,186,253,6.75425512528474,7.49529411764706,6.2859405204461,7.1828125,6.70668279569892,6.78922924901186,11
"15",2008,12,6.63888888888889,36,7.02380952380952,6.1,5.9,6.78947368421053,6.47058823529412,21,15,4,19,17,475,191,284,36,205,270,6.74551157894737,7.4434554973822,6.27611971830986,7.04027777777778,6.71435609756098,6.76916666666667,12
"16",2009,1,7.02931034482759,87,7.53854166666667,6.4025641025641,6.56363636363636,7.16071428571429,6.96694915254237,48,39,11,28,59,562,239,323,47,233,329,6.78944483985765,7.46255230125523,6.29138699690402,6.92872340425532,6.76799570815451,6.80463525835866,13
"17",2009,2,6.7656862745098,51,7.5025,6.29032258064516,8,6.85294117647059,6.72205882352941,20,31,4,17,34,613,259,354,51,250,363,6.78746818923328,7.46563706563707,6.29129378531073,7.01274509803922,6.773772,6.79690082644628,14
"18",2009,3,6.80677966101695,59,7.24,6.48823529411765,6,7.08333333333333,6.73617021276596,25,34,3,12,47,672,284,388,54,262,410,6.78916369047619,7.44577464788732,6.30855154639175,6.95648148148148,6.78795038167939,6.78993902439024,15
"19",2009,4,6.69838709677419,62,7.05384615384615,6.44166666666667,6.95,6.71666666666667,6.69090909090909,26,36,4,18,44,734,310,424,58,280,454,6.78149591280654,7.41290322580645,6.31985377358491,6.95603448275862,6.78336785714286,6.78034140969163,16
"20",2009,5,7.12622641509434,53,7.50740740740741,6.73038461538462,7.16666666666667,6.675,7.32135135135135,27,26,3,16,37,787,337,450,61,296,491,6.80471156289708,7.42047477744807,6.34357333333333,6.96639344262295,6.77751013513514,6.8211099796334,17
"21",2009,6,6.84772727272727,44,7.42272727272727,6.27272727272727,6.8,6.82727272727273,6.85454545454545,22,22,5,11,33,831,359,472,66,307,524,6.80698916967509,7.42061281337047,6.34027118644068,6.95378787878788,6.77929315960912,6.82321564885496,18
"22",2009,7,6.71285714285714,35,7.51153846153846,6.24090909090909,6.36,7.01,6.594,13,22,5,10,25,866,372,494,71,317,549,6.80318475750577,7.42379032258065,6.33584615384615,6.91197183098592,6.78657097791798,6.81277777777778,19
"23",2009,8,6.33815789473684,38,7.07857142857143,5.90625,6.78125,6.59090909090909,6.23518518518518,14,24,8,11,27,904,386,518,79,328,576,6.78363716814159,7.41126943005181,6.31594208494209,6.89873417721519,6.78000914634146,6.785703125,20
"24",2009,9,6.93695652173913,46,7.344,6.45238095238095,6.75,6.69230769230769,7.03333333333333,25,21,6,13,33,950,411,539,85,341,609,6.79106105263158,7.40717761557178,6.32125788497217,6.88823529411765,6.77666568914956,6.79912151067323,21
"25",2009,10,6.66818181818182,44,7.31052631578947,6.18,6.75,6.47222222222222,6.80384615384615,19,25,4,18,26,994,430,564,89,359,635,6.78562173038229,7.40290697674419,6.31499645390071,6.88202247191011,6.76140111420613,6.79931496062992,22
"26",2009,11,6.82236842105263,57,7.58571428571429,6.08534482758621,7,7.1109375,6.70975609756098,28,29,5,16,41,1051,458,593,94,375,676,6.7876146527117,7.41408296943231,6.30376559865093,6.88829787234043,6.77631466666667,6.79388313609467,23
"27",2009,12,6.98490566037736,53,7.47142857142857,6.44,6.55555555555556,6.89333333333333,7.02105263157895,28,25,9,15,38,1104,486,618,103,390,714,6.79708605072464,7.41738683127572,6.30927669902913,6.85922330097087,6.78081538461538,6.80597338935574,24
"28",2010,1,6.53157894736842,57,7.19545454545455,6.11428571428571,6.8,6.87777777777778,6.37179487179487,22,35,10,18,39,1161,508,653,113,408,753,6.78405081826012,7.40777559055118,6.29882542113323,6.85398230088496,6.7850931372549,6.78348605577689,25
"29",2010,2,6.59910714285714,56,6.95833333333333,6.3296875,6.5,6.38461538461539,6.66395348837209,24,32,8,13,43,1217,532,685,121,421,796,6.775540673788,7.3875,6.30026715328467,6.83057851239669,6.77272684085511,6.77702889447236,26
"30",2010,3,6.63529411764706,34,7.25,6.37916666666667,6.75,6.71666666666667,6.61785714285714,10,24,2,6,28,1251,542,709,123,427,824,6.77172901678657,7.384963099631,6.30293794076164,6.82926829268293,6.77193911007026,6.77162014563107,27
"31",2010,4,6.6171052631579,38,6.93541666666667,6.07142857142857,6.33333333333333,7.275,6.44166666666667,24,14,3,8,30,1289,566,723,126,435,854,6.76717067494182,7.36590106007067,6.29845504840941,6.81746031746032,6.7811908045977,6.76002927400468,28
"32",2010,5,6.55,26,6.86153846153846,6.23846153846154,7.1,6.44,6.57619047619048,13,13,4,5,21,1315,579,736,130,440,875,6.76287680608365,7.3545768566494,6.29739538043478,6.82615384615385,6.77731363636364,6.75561714285714,29
"33",2010,6,6.84090909090909,22,7.13636363636364,6.54545454545455,7,7.33333333333333,6.76315789473684,11,11,2,3,19,1337,590,747,132,443,894,6.76416080777861,7.35050847457627,6.30104819277109,6.82878787878788,6.78107900677201,6.7557774049217,30
"34",2010,7,6.525,24,7.44444444444444,5.97333333333333,6.3,5.66666666666667,6.64761904761905,9,15,5,3,21,1361,599,762,137,446,915,6.75994342395298,7.35191986644407,6.29459711286089,6.80948905109489,6.77358295964126,6.75329508196721,31
"35",2010,8,6.63571428571429,42,7.33333333333333,5.93809523809524,6.8,7.4125,6.45294117647059,21,21,1,8,34,1403,620,783,138,454,949,6.7562245188881,7.35129032258065,6.28503575989783,6.80942028985507,6.78484140969163,6.74253424657534,32
"36",2010,9,6.6972972972973,37,7.42105263157895,5.93333333333333,6.125,6.24,6.86666666666667,19,18,4,10,27,1440,639,801,142,464,976,6.75471041666667,7.35336463223787,6.27713233458177,6.79014084507042,6.77309913793103,6.74596823770492,33
"37",2010,10,6.69583333333333,24,6.93333333333333,6.45833333333333,NA,6.2,6.86111111111111,12,12,0,6,18,1464,651,813,142,470,994,6.75374521857924,7.34562211981567,6.27980688806888,6.79014084507042,6.7657829787234,6.74805331991952,34
"38",2010,11,6.656,50,7.25,6.26,6.375,6.75,6.62631578947368,20,30,8,12,38,1514,671,843,150,482,1032,6.75051717305152,7.34277198211624,6.27910201660736,6.768,6.76539004149378,6.74357073643411,35
"39",2010,12,7.00609756097561,41,7.43478260869565,6.45833333333333,7.33333333333333,6.84705882352941,7.11875,23,18,3,17,24,1555,694,861,153,499,1056,6.75725594855306,7.34582132564841,6.28284901277584,6.77908496732026,6.76817234468938,6.75209753787879,36
"40",2011,1,6.56052631578947,38,6.953125,6.275,5.9125,6.64285714285714,6.54193548387097,16,22,8,7,31,1593,710,883,161,506,1087,6.75256308851224,7.33697183098592,6.28265345413364,6.7360248447205,6.76643873517787,6.74610395584177,37
"41",2011,2,6.91851851851852,27,7.68181818181818,6.39375,6.33333333333333,6.85714285714286,6.94,11,16,3,7,20,1620,721,899,164,513,1107,6.75532901234568,7.34223300970874,6.28463070077864,6.72865853658536,6.76767641325536,6.74960704607046,38
"42",2011,3,6.66851851851852,27,7.36818181818182,6.1875,7.16666666666667,6.57857142857143,6.7,11,16,3,7,20,1647,732,915,167,520,1127,6.75390588949605,7.34262295081967,6.28293224043716,6.73652694610778,6.76513076923077,6.74872670807454,39
"43",2011,4,6.95161290322581,31,7.36842105263158,6.29166666666667,6.6,7.0625,6.91304347826087,19,12,5,8,23,1678,751,927,172,528,1150,6.75755840286055,7.34327563249001,6.28304530744337,6.73255813953488,6.76963636363636,6.75201304347826,40
"44",2011,5,7.03939393939394,33,7.625,6.48823529411765,6.6,5.6875,7.472,16,17,5,8,25,1711,767,944,177,536,1175,6.76299415546464,7.34915254237288,6.2867404661017,6.72881355932203,6.75348507462687,6.76733191489362,41
"45",2011,6,6.66363636363636,22,7.375,6.25714285714286,5.725,7,6.61052631578947,8,14,4,3,19,1733,775,958,181,539,1194,6.76173283323716,7.34941935483871,6.28630793319416,6.70662983425414,6.75485714285714,6.76483668341709,42
"46",2011,7,6.65217391304348,23,7.25,6.33333333333333,6.78571428571429,6.375,6.71052631578947,8,15,7,4,19,1756,783,973,188,543,1213,6.76029783599089,7.34840357598978,6.28703288797534,6.70957446808511,6.75205893186004,6.76398598516076,43
"47",2011,8,6.73125,32,7.03333333333333,6.46470588235294,6.81666666666667,6.89,6.65909090909091,15,17,6,10,22,1788,798,990,194,553,1235,6.75977796420582,7.34248120300752,6.29008383838384,6.71288659793814,6.75455334538879,6.76211740890688,44
"48",2011,9,6.77083333333333,24,7.75,5.79166666666667,6.5,5.9,7,12,12,3,5,19,1812,810,1002,197,558,1254,6.75992439293598,7.34851851851852,6.28411477045908,6.70964467005076,6.74689605734767,6.76572169059011,45
"49",2011,10,7.19354838709677,31,7.41666666666667,7.05263157894737,7.125,6.66666666666667,7.25,12,19,4,3,28,1843,822,1021,201,561,1282,6.76721812262615,7.34951338199513,6.29841625857003,6.71791044776119,6.74646702317291,6.77629875195008,46
"50",2011,11,6.86153846153846,39,7.0695652173913,6.5625,6.1,7.07692307692308,6.75384615384615,23,16,5,13,26,1882,845,1037,206,574,1308,6.76917268862912,7.34189349112426,6.30249083895854,6.70291262135922,6.7539512195122,6.77585244648318,47
"51",2011,12,6.56206896551724,29,7.23571428571429,5.93333333333333,7,6.68571428571429,6.52272727272727,14,15,3,7,22,1911,859,1052,209,581,1330,6.76602982731554,7.34016298020955,6.29722718631179,6.70717703349282,6.75312908777969,6.77166541353384,48
"52",2012,1,6.96756756756757,37,7.72352941176471,6.325,6.5,6.6875,7.0448275862069,17,20,7,8,29,1948,876,1072,216,589,1359,6.76985780287474,7.34760273972603,6.2977453358209,6.70046296296296,6.7522376910017,6.7774944812362,49
"53",2012,2,7.07567567567568,37,7.38,6.86818181818182,7,6.4,7.18125,15,22,3,5,32,1985,891,1094,219,594,1391,6.77555818639798,7.34814814814815,6.30921663619744,6.70456621004566,6.74927272727273,6.78678289000719,50
"54",2012,3,6.79166666666667,36,6.94736842105263,6.61764705882353,6.4,6.33333333333333,6.88333333333333,19,17,5,6,30,2021,910,1111,224,600,1421,6.77584512617516,7.33978021978022,6.31393609360936,6.69776785714286,6.74511333333333,6.78882125263899,51
"55",2012,4,6.48529411764706,34,6.69642857142857,6.3375,6.6,6.30555555555556,6.55,14,20,5,9,25,2055,924,1131,229,609,1446,6.77103795620438,7.33003246753247,6.31435278514589,6.69563318777293,6.73861740558293,6.78469225449516,52
"56",2012,5,6.75740740740741,27,7.06333333333333,6.375,6.75,6.575,6.86470588235294,15,12,4,10,17,2082,939,1143,233,619,1463,6.77086119116234,7.32577209797657,6.31498950131234,6.69656652360515,6.73597415185784,6.78562200956938,53
"57",2012,6,6.50952380952381,21,7.35,5.74545454545455,4,7,6.31333333333333,10,11,1,6,15,2103,949,1154,234,625,1478,6.76825154541132,7.32602739726027,6.30956065857886,6.68504273504274,6.7385088,6.78082882273342,54
"58",2012,7,6.75105263157895,19,7.245,6.20222222222222,5.33333333333333,7.24285714285714,6.46416666666667,10,9,3,7,12,2122,959,1163,237,632,1490,6.76809754948162,7.32518248175182,6.30873000859845,6.66793248945148,6.74409493670886,6.77827852348993,55
"59",2012,8,7.1076,25,7.74,6.61071428571429,7.118,7.4375,7.0447619047619,11,14,5,4,21,2147,970,1177,242,636,1511,6.77205076851421,7.32988659793815,6.31232200509771,6.67723140495868,6.74845597484277,6.78198213103905,56
"60",2012,9,6.77727272727273,44,7.34166666666667,6.1,6,6.6875,6.79722222222222,24,20,3,8,36,2191,994,1197,245,644,1547,6.77215563669557,7.33017102615694,6.30877443609023,6.6689387755102,6.74769875776398,6.78233678086619,57
"61",2012,10,6.67948717948718,39,7.1,6.23684210526316,6.75,6.71428571428571,6.671875,20,19,2,7,32,2230,1014,1216,247,651,1579,6.77053497757848,7.32563116370809,6.30765049342105,6.6695951417004,6.74733947772658,6.78009816339455,58
"62",2012,11,6.68965517241379,29,7.17857142857143,6.23333333333333,6.5,6.875,6.66,14,15,1,4,25,2259,1028,1231,248,655,1604,6.76949667994688,7.32362840466926,6.30674492282697,6.66891129032258,6.74811908396947,6.77822630922693,59
"63",2012,12,7.25384615384615,26,7.59375,6.71,7.5,8,7.07619047619048,16,10,4,5,21,2285,1044,1241,252,660,1625,6.77500787746171,7.32776819923372,6.30999435938759,6.68210317460317,6.75760303030303,6.78207692307692,60
"64",2013,1,7.11794871794872,39,7.17272727272727,7.04705882352941,7.5,7.5,7.034375,22,17,2,7,32,2324,1066,1258,254,667,1657,6.78076290877797,7.32456848030019,6.3199546899841,6.68854330708661,6.76539430284858,6.78694930597465,61
"65",2013,2,6.8846875,32,7.5,6.46368421052632,6.41666666666667,6.16666666666667,7.05038461538462,13,19,6,6,26,2356,1079,1277,260,673,1683,6.78217444821732,7.32668211306766,6.3220931871574,6.68226923076923,6.76005646359584,6.79101901366607,62
"66",2013,3,6.98076923076923,26,7.4,6.40909090909091,6.125,6,7.21428571428571,15,11,4,5,21,2382,1094,1288,264,678,1704,6.78434214945424,7.3276873857404,6.32283618012423,6.67382575757576,6.75445132743363,6.7962353286385,63
"67",2013,4,6.84583333333333,24,7.22857142857143,6.31,6.1,6.125,6.99,14,10,5,4,20,2406,1108,1298,269,682,1724,6.78495552784705,7.32643501805054,6.3227372881356,6.66315985130112,6.75075953079179,6.79848317865429,64
"68",2013,5,6.67212121212121,33,7.25272727272727,6.38181818181818,6.625,6.588,6.70869565217391,11,22,8,10,23,2439,1119,1320,277,692,1747,6.78342886428864,7.32571045576407,6.32372196969697,6.66205776173285,6.74840751445087,6.79730108757871,65
"69",2013,6,7.00344827586207,29,7.4375,6.46923076923077,6.975,6.48,7.1125,16,13,4,5,24,2468,1135,1333,281,697,1771,6.7860141815235,7.32728634361233,6.32514103525882,6.66651245551602,6.74648206599713,6.80157255787691,66
"70",2013,7,7.12391304347826,46,7.45,6.5125,7.25,7.09090909090909,7.13428571428571,30,16,4,11,35,2514,1165,1349,285,708,1806,6.7921968973747,7.33044635193133,6.32736323202372,6.67470175438597,6.75183333333333,6.80802048726467,67
"71",2013,8,7.42181818181818,55,7.91081081081081,6.41666666666667,7.16666666666667,6.90909090909091,7.55,37,18,3,11,44,2569,1202,1367,288,719,1850,6.80567652783184,7.34831114808652,6.32853913679591,6.67982638888889,6.75423922114047,6.82566756756757,68
"72",2013,9,7.13191489361702,47,7.67307692307692,6.46190476190476,6.42857142857143,5.71428571428571,7.38,26,21,7,7,40,2616,1228,1388,295,726,1890,6.8115378440367,7.35518729641694,6.33055691642652,6.67386440677966,6.74421212121212,6.83739947089947,69
"73",2013,10,7.12321428571429,56,7.57058823529412,6.43181818181818,6.625,7.25,7.06794871794872,34,22,12,17,39,2672,1262,1410,307,743,1929,6.81806998502994,7.36099049128368,6.33213687943263,6.67195439739414,6.75578465679677,6.84206065318818,70
"74",2013,11,6.68839285714286,56,7.26,6.22741935483871,6.725,5.8,6.95697674418605,25,31,8,13,43,2728,1287,1441,315,756,1972,6.81540799120235,7.35902874902875,6.32988410825816,6.67330158730159,6.73934920634921,6.84456643002029,71
"75",2013,12,7.01636363636364,55,7.52222222222222,6.05789473684211,6.5375,6.95333333333333,7.04,36,19,8,15,40,2783,1323,1460,323,771,2012,6.81937944664032,7.3634693877551,6.32634452054795,6.66993808049536,6.74351232166018,6.84845178926441,72
"76",2014,1,7.39444444444444,90,7.76451612903226,6.575,7.02222222222222,6.66666666666667,7.47530864197531,62,28,9,9,81,2873,1385,1488,332,780,2093,6.83739401322659,7.38142238267148,6.33102352150538,6.67948795180723,6.74262564102564,6.87271141901577,73
"77",2014,2,7.19146341463415,82,7.35416666666667,6.96176470588235,6.94117647058824,6.96875,7.24545454545455,48,34,17,16,66,2955,1433,1522,349,796,2159,6.8472192893401,7.38050942079553,6.34511366622865,6.69223495702006,6.74717085427136,6.8841060676239,74
"78",2014,3,7.36588235294118,85,7.77678571428571,6.57241379310345,6,6.7,7.50857142857143,56,29,5,15,70,3040,1489,1551,354,811,2229,6.86172138157895,7.39541302887844,6.34936363636364,6.68245762711864,6.74629839704069,6.90371691341409,75
"79",2014,4,7.33787878787879,99,7.91724137931034,6.51829268292683,6.94642857142857,6.78947368421053,7.468125,58,41,14,19,80,3139,1547,1592,368,830,2309,6.87673877030902,7.41497737556561,6.3537141959799,6.6925,6.74728674698795,6.92327197921178,76
"80",2014,5,7.26614583333333,96,7.65833333333333,6.6125,7.51428571428571,6.98461538461538,7.31024096385542,60,36,7,13,83,3235,1607,1628,375,843,2392,6.88829459041731,7.42406347230865,6.35943673218674,6.70784,6.75094661921708,6.93669941471572,77
"81",2014,6,6.99530864197531,81,7.515,6.23939393939394,7.11666666666667,7.14545454545455,6.97171428571429,48,33,12,11,70,3316,1655,1661,387,854,2462,6.89090862484922,7.42670090634441,6.35705177603853,6.72051679586563,6.7560281030445,6.93769496344436,78
"82",2014,7,7.24715909090909,88,7.675,6.42,6.45454545454545,7.578125,7.17361111111111,58,30,11,16,72,3404,1713,1691,398,870,2534,6.90011839012926,7.43510799766491,6.35816853932585,6.71316582914573,6.77114712643678,6.94439818468824,79
"83",2014,8,7.30130434782609,115,7.72943661971831,6.61045454545455,6.9375,7.01739130434783,7.37228260869565,71,44,8,23,92,3519,1784,1735,406,893,2626,6.91322904234158,7.44682174887892,6.36456657060519,6.71758620689655,6.77748936170213,6.95938880426504,80
"84",2014,9,7.15392156862745,102,7.55555555555556,6.50512820512821,6.68181818181818,7.25,7.13333333333333,63,39,11,18,84,3621,1847,1774,417,911,2710,6.92000911350456,7.45053059014618,6.36765670800451,6.71664268585132,6.78682546652031,6.96478044280443,81
"85",2014,10,7.39125,112,7.80297297297297,6.58947368421053,6.71333333333333,7.55739130434783,7.34831460674157,74,38,15,23,89,3733,1921,1812,432,934,2799,6.93414760246451,7.46410723581468,6.37230849889625,6.71652777777778,6.80580085653105,6.97697570560915,82
"86",2014,11,7.21271929824561,114,7.58560606060606,6.7,7.16666666666667,7.40476190476191,7.16935483870968,66,48,9,21,93,3847,1987,1860,441,955,2892,6.94240265141669,7.46814292903875,6.38076505376344,6.72571428571429,6.81897172774869,6.98316217150761,83
"87",2014,12,7.289453125,128,7.66333333333333,6.76037735849057,6.63095238095238,7.172,7.31796116504854,75,53,21,25,103,3975,2062,1913,462,980,2995,6.95357811320755,7.47524248302619,6.39128227914271,6.72140692640693,6.82797755102041,6.99467612687813,84
"88",2015,1,7.12267080745342,161,7.52395833333333,6.53,6.79375,7.05769230769231,7.13518518518519,96,65,16,26,135,4136,2158,1978,478,1006,3130,6.96016029980658,7.47740963855422,6.39584074823054,6.72382845188285,6.83391451292247,7.00073642172524,85
"89",2015,2,7.11791666666667,120,7.63630136986301,6.31276595744681,6.23333333333333,6.5,7.2489898989899,73,47,15,21,99,4256,2231,2025,493,1027,3229,6.96460831766917,7.48260869565217,6.3939125925926,6.7089046653144,6.82708666017527,7.00834778569217,86
"90",2015,3,7.40984251968504,127,7.61306818181818,6.95128205128205,7.76923076923077,7.41086956521739,7.40961538461538,88,39,13,23,104,4383,2319,2064,506,1050,3333,6.97750924024641,7.48755929279862,6.40444428294574,6.73614624505929,6.83987428571429,7.02086858685869,87
"91",2015,4,7.10266666666667,129,7.54192941176471,6.25409090909091,6.31111111111111,7.4157,7.04522935779817,85,44,9,20,109,4512,2404,2108,515,1070,3442,6.98108754432624,7.48948169717138,6.40130597722961,6.72871844660194,6.85063738317757,7.02164003486345,88
"92",2015,5,7.425,102,7.8,6.675,6.50454545454545,7.24736842105263,7.46566265060241,68,34,11,19,83,4614,2472,2142,526,1089,3525,6.99090095361942,7.49802346278317,6.40565032679739,6.72403041825095,6.85755922865014,7.032095035461,89
"93",2015,6,7.35463917525773,97,7.79727272727273,6.775,7.5,7.484375,7.32901234567901,55,42,12,16,81,4711,2527,2184,538,1105,3606,6.99839036298026,7.50453660466957,6.41275320512821,6.74133828996283,6.86663529411765,7.03876455906822,90
"94",2015,7,7.38625,120,7.64807692307692,6.9,7.33684210526316,7.41730769230769,7.37765957446809,78,42,19,26,94,4831,2605,2226,557,1131,3700,7.00802463258125,7.50883454894434,6.42194654088051,6.76165170556553,6.87929442970822,7.04737432432433,91
"95",2015,8,6.96729927007299,137,7.43792207792208,6.36333333333333,6.5,7.24347826086957,6.91157894736842,77,60,14,23,114,4968,2682,2286,571,1154,3814,7.00690157004831,7.50679865771812,6.42040813648294,6.75523642732049,6.88655285961872,7.04331541688516,92
"96",2015,9,7.203125,128,7.43292682926829,6.79347826086957,6.58181818181818,6.84772727272727,7.27688679245283,82,46,11,22,106,5096,2764,2332,582,1176,3920,7.01183025902669,7.50460709117221,6.42776715265867,6.7519587628866,6.88582653061225,7.04963137755102,93
"97",2015,10,7.06241007194245,139,7.55316091954023,6.24134615384615,6.6,6.60952380952381,7.14300847457627,87,52,18,21,118,5235,2851,2384,600,1197,4038,7.01317325692455,7.5060887407927,6.42370092281879,6.7474,6.8809791144528,7.05236007924715,94
"98",2015,11,7.07843137254902,153,7.4753164556962,6.65472972972973,6.55192307692308,7.57647058823529,7.01617647058824,79,74,26,17,136,5388,2930,2458,626,1214,4174,7.01502635486266,7.5052590443686,6.43065622457283,6.73928115015975,6.89071828665568,7.05118112122664,95
"99",2015,12,7.13362694300518,193,7.51967213114754,6.47028169014084,6.8125,6.678,7.21748466257669,122,71,20,30,163,5581,3052,2529,646,1244,4337,7.01912775488264,7.50583519003932,6.43176868327402,6.7415479876161,6.8855884244373,7.05743140419645,96
"100",2016,1,7.29319587628866,194,7.6215503875969,6.64153846153846,6.75454545454545,7.48783783783784,7.24732484076433,129,65,22,37,157,5775,3181,2594,668,1281,4494,7.02833454545454,7.5105278214398,6.43702505782575,6.74197604790419,6.90298360655738,7.06406542056075,97
"101",2016,2,7.24155405405405,148,7.54356435643564,6.59255319148936,6.80384615384615,6.92,7.291796875,101,47,13,20,128,5923,3282,2641,681,1301,4622,7.03366233327706,7.51154448507008,6.43979288148429,6.74315712187959,6.90324519600307,7.07037213327564,98
"102",2016,3,6.99679012345679,162,7.40395833333333,6.40454545454545,6.56666666666667,7.04130434782609,6.98942446043166,96,66,15,23,139,6085,3378,2707,696,1324,4761,7.03268069022186,7.50848697454115,6.4389335057259,6.73935344827586,6.90564350453172,7.06800882167612,99
"103",2016,4,7.13431137724551,167,7.53754901960784,6.50153846153846,6.61190476190476,7.2,7.12637583892617,102,65,21,18,149,6252,3480,2772,717,1342,4910,7.03539539347409,7.50933879310345,6.44040151515152,6.73562064156207,6.90959165424739,7.0697800407332,100
"104",2016,5,7.11157894736842,190,7.57544642857143,6.44551282051282,5.775,6.92741935483871,7.14748427672956,112,78,20,31,159,6442,3592,2850,737,1373,5069,7.03764234709717,7.51140005567929,6.44054140350877,6.70955223880597,6.90999417334304,7.07221739988163,101
"105",2016,6,7.05245989304813,187,7.61461538461538,6.11285714285714,6.18888888888889,6.95555555555556,7.07556291390728,117,70,18,36,151,6629,3709,2920,755,1409,5220,7.03806034092623,7.5146559719601,6.43268595890411,6.69713907284768,6.91115826827537,7.07231417624521,102
"106",2016,7,7.04962365591398,186,7.42026086956522,6.44929577464789,6.76190476190476,6.655,7.12551282051282,115,71,21,30,156,6815,3824,2991,776,1439,5376,7.03837593543654,7.51181720711297,6.43308024072217,6.69889175257732,6.90581792911744,7.07385788690476,103
"107",2016,8,7.0343085106383,188,7.39430894308943,6.35307692307692,6.62777777777778,6.65925925925926,7.0972049689441,123,65,18,27,161,7003,3947,3056,794,1466,5537,7.0382667428245,7.50815530782873,6.43137859947644,6.69727959697733,6.90127694406548,7.0745367527542,104
"108",2016,9,7.1514450867052,173,7.49761904761905,6.61691176470588,7.25,7.47954545454545,7.10364238410596,105,68,20,22,151,7176,4052,3124,814,1488,5688,7.04099526198439,7.50788228035538,6.43541709346991,6.71085995085995,6.90982661290322,7.0753094233474,105
"109",2016,10,7.05529281767956,181,7.34085964912281,6.56940298507463,6.43333333333333,7.27,6.9943829787234,114,67,18,40,141,7357,4166,3191,832,1528,5829,7.04134701644692,7.50331180988958,6.43823033531809,6.70485576923077,6.91925523560209,7.07335186138274,106
"110",2016,11,7.08436018957346,211,7.5192,6.45232558139535,6.22307692307692,7.17727272727273,7.07354497354497,125,86,26,22,189,7568,4291,3277,858,1550,6018,7.04254624735729,7.50377464460499,6.43860024412573,6.69025641025641,6.92291741935484,7.07335792622134,107
"111",2016,12,7.00735135135135,185,7.48947368421053,6.23323943661972,6.328,6.71034482758621,7.0625641025641,114,71,20,29,156,7753,4405,3348,878,1579,6174,7.04170643621824,7.50340454029512,6.43424522102748,6.68200455580866,6.91901329955668,7.07308519598316,108
"112",2017,1,7.18164750957854,261,7.53703703703704,6.60010101010101,6.63125,7.28717948717949,7.16310810810811,162,99,32,39,222,8014,4567,3447,910,1618,6396,7.04626403793362,7.50459754762426,6.4390087032202,6.68021978021978,6.92788751545117,7.07620981863665,109
"113",2017,2,7.22791079365079,189,7.47372881355932,6.81936816901408,6.899257,7.27,7.21996943396226,118,71,20,30,159,8203,4685,3518,930,1648,6555,7.05044924295989,7.50382006403415,6.44668508811825,6.68493025806452,6.93411529126214,7.07969689397407,110
"114",2017,3,7.17911764705882,170,7.49565217391304,6.51727272727273,6.09090909090909,7.76818181818182,7.09155405405405,115,55,11,22,148,8373,4800,3573,941,1670,6703,7.05306164337752,7.503624375,6.44777165966975,6.67798633368757,6.94510299401198,7.07995869610622,111
"115",2017,4,7.13421348314607,178,7.57254716981132,6.48888888888889,6.47368421052632,6.86964285714286,7.1836,106,72,19,28,150,8551,4906,3645,960,1698,6853,7.0547509226991,7.50511353444762,6.44858385185186,6.67394285416667,6.94385865724382,7.08222722019554,112
"116",2017,5,7.10459016393443,183,7.40714285714286,6.62732394366197,6.43260869565217,6.85,7.14675159235669,112,71,23,26,157,8734,5018,3716,983,1724,7010,7.05579518433707,7.50292686329215,6.45199896124866,6.66829617497457,6.94244315545244,7.08367234522112,113
"117",2017,6,7.03724637681159,138,7.42185185185185,6.49070175438596,6.62142857142857,7.16818181818182,7.01241379310345,81,57,14,22,116,8872,5099,3773,997,1746,7126,7.05550666591524,7.50163894881349,6.45258365756693,6.66763805416249,6.94528751431844,7.08251236879035,114
"118",2017,7,7.01006666666667,150,7.32370786516854,6.55245901639344,6.76923076923077,6.70434782608696,7.06543307086614,89,61,13,23,127,9022,5188,3834,1010,1769,7253,7.05475117933939,7.4985865458751,6.45417270213876,6.66894568316832,6.94215488976823,7.08221331035434,115
"119",2017,8,6.87242236024845,161,7.29,6.3430985915493,6.254,6.40625,6.95408759124088,90,71,25,24,137,9183,5278,3905,1035,1793,7390,7.05155451813133,7.49502974611595,6.45215317285532,6.65892284057971,6.93498159509203,7.07983804330176,116
"120",2017,9,7.02006289308176,159,7.3932183908046,6.56916666666667,6.59523809523809,7.23529411764706,6.99429577464789,87,72,21,17,142,9342,5365,3977,1056,1810,7532,7.0510185335046,7.49337875116496,6.45427159668092,6.65765638257576,6.93780220994475,7.07822532395114,117
"121",2017,10,7.03894685990338,207,7.46906896551724,6.49065934065934,6.6195652173913,7.11555555555556,7.02281871345029,116,91,23,36,171,9549,5481,4068,1079,1846,7703,7.05075684783747,7.49286425834702,6.45508558013766,6.6568444300278,6.94126868905742,7.07699534467091,118
"122",2017,11,7.12927692307692,195,7.29243697478992,6.87380263157895,6.96765384615385,6.8125,7.17373684210526,119,76,26,24,171,9744,5600,4144,1105,1870,7874,7.05232821633826,7.48860517857143,6.46276475386101,6.66415759276018,6.93961604278075,7.07909628397257,119
"123",2017,12,7.07394594594595,185,7.4416393442623,6.36190476190476,6.5,6.99583333333333,7.0855900621118,122,63,16,24,161,9929,5722,4207,1121,1894,8035,7.05273100412932,7.48760380985669,6.46125437128596,6.66181457627119,6.94032840549102,7.07922640199129,120
"124",2018,1,7.05603333333333,270,7.44104678362573,6.3910101010101,6.53793103448276,6.87215151515151,7.08163713080169,171,99,29,33,237,10199,5893,4306,1150,1927,8272,7.05281842729679,7.48625284235534,6.45963937296796,6.65869055652174,6.93916087182148,7.07929547147002,121
"125",2018,2,7.14209574468085,188,7.60646031746032,6.19838709677419,6.46923076923077,7.44561290322581,7.08216560509554,126,62,13,31,157,10387,6019,4368,1163,1958,8429,7.05443430634447,7.48876923076923,6.45593112179488,6.65657277730009,6.94717926455567,7.0793489310713,122
"126",2018,3,7.12959183673469,147,7.46144578313253,6.69921875,6.82954545454545,7.2125,7.11653543307087,83,64,22,20,127,10534,6102,4432,1185,1978,8556,7.05548311562559,7.48839757456572,6.45944430054152,6.65978408438819,6.9498619817998,7.07990090462833,123
"127",2018,4,7.12477272727273,132,7.5172972972973,6.62396551724138,6.1,7.32666666666667,7.09888888888889,74,58,8,15,117,10666,6176,4490,1193,1993,8673,7.05634062816426,7.48874384715026,6.46156951893096,6.65603029337804,6.9526979427998,7.08015705522887,124
"128",2018,5,7.06164285714286,140,7.51625,6.29230769230769,6.42142857142857,7.20952380952381,7.0355462184874,88,52,14,21,119,10806,6264,4542,1207,2014,8792,7.05640932259856,7.48913026819923,6.45963169088508,6.65330914664457,6.95537586891758,7.07955324613285,125
"129",2018,6,7.0050127480916,131,7.39239320512821,6.43490566037736,6.55882352941176,7.00470588235294,7.00505850877193,78,53,17,17,114,10937,6342,4595,1224,2031,8906,7.05579371034105,7.4879405029959,6.45934649401524,6.65199684640523,6.95578877400295,7.07859968672805,126
"130",2018,7,6.92978836734694,147,7.3478875308642,6.41666666666667,6.43333333333333,6.53529411764706,6.98137607692308,81,66,15,17,130,11084,6423,4661,1239,2048,9036,7.05412258210032,7.48617430484197,6.45874214546235,6.64934958837773,6.95229833984375,7.07720094068172,127
"131",2018,8,6.89557251908397,131,7.33093333333333,6.3125,6.52666666666667,7.20555555555556,6.84619469026549,75,56,15,18,113,11215,6498,4717,1254,2066,9149,7.05227059295586,7.48438251154201,6.45700596565614,6.6478820893142,6.95450484027106,7.07434776478304,128
"132",2018,9,6.96747967479675,123,7.35779220779221,6.31413043478261,6.53928571428571,7.43888888888889,6.88666666666667,77,46,14,18,105,11338,6575,4763,1268,2084,9254,7.05135074087141,7.48290000912548,6.45562610539576,6.64668307570978,6.95868857965451,7.07221825156689,129
"133",2018,10,6.9452,150,7.33942528735632,6.40079365079365,6.51333333333333,6.98793103448276,6.93495867768595,87,63,15,29,121,11488,6662,4826,1283,2113,9375,7.04996471970752,7.48102635244671,6.4549103066722,6.64512403741232,6.95908991954567,7.070446688,130
"134",2018,11,7.03104166666667,144,7.30927710843373,6.65245901639344,6.26923076923077,6.44,7.09976744186047,83,61,13,15,129,11632,6745,4887,1296,2128,9504,7.04973045907841,7.47891290733877,6.4573761285042,6.64135350308642,6.95543092105263,7.07084466540404,131
"135",2018,12,6.93443708609272,151,7.27404255319149,6.37438596491228,6.44230769230769,6.72058823529412,6.9615671641791,94,57,13,17,134,11783,6839,4944,1309,2145,9638,7.04825296613766,7.47609702588098,6.45641932443366,6.6393767303285,6.9535696969697,7.06932534758249,132
"136",2019,1,6.98729792270531,207,7.47222225,6.3184367816092,6.39285714285714,7.04838709677419,6.97653789772727,120,87,21,31,176,11990,6959,5031,1330,2176,9814,7.0472006146789,7.47603020980026,6.45403322202346,6.63548431578947,6.95492049632353,7.06766133788466,133
"137",2019,2,6.89864233576642,137,7.24663636363636,6.27367346938775,5.96875,6.58875,6.93961983471074,88,49,16,16,121,12127,7047,5080,1346,2192,9935,7.04552233610951,7.47316563502199,6.45229353149607,6.62755879643388,6.9522477189781,7.06610189934575,134
"138",2019,3,6.98092715231788,151,7.48126582278481,6.43194444444444,5.995,7.21896551724138,6.92434426229508,79,72,20,29,122,12278,7126,5152,1366,2221,10057,7.04472791741326,7.47325543502666,6.45200914984472,6.61829732064422,6.95573030166592,7.06438225812867,135
"139",2019,4,6.7872131147541,122,7.08588235294118,6.41111111111111,6.36666666666667,6.32222222222222,6.86769230769231,68,54,15,18,104,12400,7194,5206,1381,2239,10161,7.04219430403226,7.46959386016124,6.45158492892816,6.61556418537292,6.95063733809737,7.06236909457731,136
"140",2019,5,6.97165289256198,121,7.51594202898551,6.24942307692308,5.72444444444444,6.83076923076923,6.98861111111111,69,52,9,13,108,12521,7263,5258,1390,2252,10269,7.04151260841786,7.47003417733719,6.44958561049829,6.60979434532374,6.94994538188277,7.06159337520694,137
"141",2019,6,6.88876033057851,121,7.30671232876712,6.253125,6.33235294117647,6.99,6.87963963963964,73,48,17,10,111,12642,7336,5306,1407,2262,10380,7.04005057506724,7.46840897355507,6.44780835657746,6.60644217484009,6.95012245800177,7.05964762716764,138
"142",2019,7,7.11110169491525,118,7.43794871794872,6.47375,6.75,6.603,7.21479591836735,78,40,8,20,98,12760,7414,5346,1415,2282,10478,7.04070763087774,7.46808851227408,6.44800245791246,6.60725380918728,6.94708019281332,7.06109871826685,139
"143",2019,8,6.76468253968254,126,7.2919696969697,6.18466666666667,6.4,6.41666666666667,6.82268518518519,66,60,15,18,108,12886,7480,5406,1430,2300,10586,7.03800864271302,7.46653452272727,6.44507975212727,6.60507981818182,6.94292913043478,7.05866638673721,140
"144",2019,9,6.96830769230769,130,7.23913043478261,6.66196721311475,6.3,6.49090909090909,7.01243697478992,69,61,17,11,119,13016,7549,5467,1447,2311,10705,7.03731249001229,7.46445598489866,6.44749975123468,6.60149560469938,6.94077758546084,7.05815248668847,141
"145",2019,10,7.01229508196721,122,7.33972602739726,6.52448979591837,6.8,7.25384615384615,6.98348623853211,73,49,18,13,109,13138,7622,5516,1465,2324,10814,7.03708017734815,7.46326137890317,6.44818367295142,6.6039345665529,6.94252882960413,7.05739988625856,142
"146",2019,11,7.32674906976744,129,7.79319136363636,6.83809523809524,6.53636363636364,7.64285714285714,7.28826634782609,66,63,11,14,115,13267,7688,5579,1476,2338,10929,7.03989673626291,7.46609376430801,6.45258668937086,6.60343098915989,6.94672241231822,7.05982917009791,143
"147",2019,12,7.05445945945946,148,7.41857142857143,6.5765625,6.33571428571429,6.54782608695652,7.14768,84,64,14,23,125,13415,7772,5643,1490,2361,11054,7.04005739843459,7.46558014153371,6.45399275917066,6.60091553020134,6.94283650995341,7.06082259815452,144
"148",2020,1,6.97332543478261,184,7.43336037037037,6.31959157894737,6.261515,7.13095238095238,6.95301766871166,108,76,22,21,163,13599,7880,5719,1512,2382,11217,7.03915448782999,7.46513855076142,6.452206696975,6.59597716269841,6.94449496221662,7.05925602924134,145
"149",2020,2,6.97818378205128,156,7.4168085106383,6.31317209677419,6.525,6.77666666666667,7.02616404761905,94,62,20,30,126,13755,7974,5781,1532,2412,11343,7.03846299890949,7.4645688211688,6.45071558034942,6.59505056788512,6.94240754560531,7.05888843780306,146
"150",2020,3,7.04069038961039,154,7.43540527472527,6.47054666666667,6.9,7.02777777777778,7.04239941176471,91,63,15,18,136,13909,8065,5844,1547,2430,11479,7.03848766050759,7.46423975945443,6.45092936516085,6.59800741435036,6.94303991769547,7.05869308040771,147
"151",2020,4,7.21664490196078,153,7.54288461538462,6.52421775510204,6.10714285714286,6.88,7.26726819548872,104,49,14,20,133,14062,8169,5893,1561,2450,11612,7.04042608021619,7.46524099155343,6.45153875445444,6.59360504163998,6.94252530612245,7.06108203065794,148
"152",2020,5,7.04758064516129,124,7.32444444444444,6.31470588235294,4.875,6.53846153846154,7.10720720720721,90,34,8,13,111,14186,8259,5927,1569,2463,11723,7.04048861835613,7.46370670299068,6.45075381812047,6.58484223709369,6.94039261063743,7.06151876993944,149
"153",2020,6,7.24890510948905,137,7.53232323232323,6.51052631578947,5.66666666666667,7.09375,7.26942148760331,99,38,9,16,121,14323,8358,5965,1578,2479,11844,7.04248212944216,7.46451946159368,6.4511345984912,6.57960549429658,6.94138241226301,7.0636427338737,150
"154",2020,7,7.09387323943662,142,7.27804347826087,6.755,6.48,7.05,7.10464912280702,92,50,10,28,114,14465,8450,6015,1588,2507,11958,7.04298662564812,7.46248919053254,6.4536604954281,6.57897825566751,6.94259553250897,7.06403366281987,151
"155",2020,8,7.02345132743363,113,7.31102941176471,6.58888888888889,6.78571428571429,7.04545454545455,7.02107843137255,68,45,14,11,102,14578,8518,6060,1602,2518,12060,7.04283519961586,7.46128007278704,6.45466466666667,6.58078493757803,6.94304487688642,7.06367035986733,152
"156",2020,9,7.02230158730159,126,7.24511904761905,6.57666666666667,6.69230769230769,6.99285714285714,7.02598214285714,84,42,13,14,112,14704,8602,6102,1615,2532,12172,7.04265924510337,7.45916922343641,6.45550440511308,6.58168264396285,6.94332030015798,7.06332357377588,153
"157",2020,10,7.19125,96,7.43784615384615,6.6741935483871,6.05555555555556,7.05,7.20767441860465,65,31,9,10,86,14800,8667,6133,1624,2542,12258,7.04362307702703,7.45900930656513,6.45660979618458,6.57876691502463,6.94373996852872,7.06433631424376,154
"158",2020,11,7.18055172413793,145,7.55795918367347,6.3936170212766,5.86666666666667,7.18181818181818,7.18032520325203,98,47,18,22,123,14945,8765,6180,1642,2564,12381,7.04495159183673,7.46011564860239,6.4561307249191,6.57096070036541,6.94578276131045,7.06548861481302,155
"159",2020,12,7.03614285714286,140,7.44168674698795,6.44561403508772,5.93571428571429,7.208,7.01552,83,57,14,15,125,15085,8848,6237,1656,2579,12506,7.04486984023865,7.45994277350814,6.45603461279461,6.56559025966184,6.94730787126793,7.06498916839917,156
"160",2021,1,7.27926829268293,164,7.59210526315789,6.566,6.48571428571429,7.25,7.28428571428571,114,50,14,24,140,15249,8962,6287,1670,2603,12646,7.04739074955735,7.46162392992635,6.4569091585812,6.56492064071856,6.95009873223204,7.06741693341769,157
"161",2021,2,7.14461538461538,143,7.43947368421053,6.56104166666667,5.41,7.56,7.0959375,95,48,13,15,128,15392,9057,6335,1683,2618,12774,7.04829401897089,7.46139159324279,6.45769816574586,6.55599968508616,6.95359320091673,7.06770271958666,158
"162",2021,3,7.14218832061069,131,7.447208375,6.66372549019608,6.86944444444444,7.03529411764706,7.15812868421053,80,51,18,17,114,15523,9137,6386,1701,2635,12888,7.04908640146879,7.46126741052862,6.45934354525525,6.55931656084656,6.95412030360531,7.06850257681565,159
"163",2021,4,7.09874604938272,81,7.4246513559322,6.22472727272727,5.975,7.38228181818182,7.05419042857143,59,22,8,11,70,15604,9196,6408,1709,2646,12958,7.04934418354268,7.46103248803828,6.45853805867666,6.55658131655939,6.95590026455026,7.06842526161445,160
"164",2021,5,7.23003233009709,103,7.60490471428571,6.43484848484848,6.07777777777778,7.7,7.17384054347826,70,33,9,11,92,15707,9266,6441,1718,2657,13050,7.05052906156491,7.46211937081804,6.45841668684987,6.55407303259604,6.95898084305608,7.06916841915709,161
"165",2021,6,7.22008036144578,83,7.69433962264151,6.38222233333333,7,6.65,7.29817356164384,53,30,5,10,73,15790,9319,6471,1723,2667,13123,7.05142030652312,7.46344007833458,6.45806344459898,6.55536707486941,6.95782230971128,7.07044231806752,162
"166",2021,7,7.0226724137931,116,7.1641975308642,6.69514285714286,6.125,7.36923076923077,6.97893203883495,81,35,8,13,103,15906,9400,6506,1731,2680,13226,7.05121065258393,7.46086149893617,6.459338848755,6.55337808781051,6.95981794776119,7.0697296642976,163
"167",2021,8,6.99590909090909,110,7.49692307692308,6.27222222222222,6.46666666666667,7.15,6.96576086956522,65,45,9,18,92,16016,9465,6551,1740,2698,13318,7.05083083416583,7.46110914844163,6.45805351091437,6.55292958045977,6.96108676797628,7.06901145367173,164
"168",2021,9,7.16216494845361,97,7.45123076923077,6.575,5.66666666666667,6.95454545454545,7.18872093023256,65,32,9,11,86,16113,9530,6583,1749,2709,13404,7.05150106373735,7.46104177229801,6.45862198845511,6.54836905088622,6.96106020671834,7.06977950910176,165
"169",2021,10,6.73619047619048,105,7.32,5.7875,6.04166666666667,6.53809523809524,6.78571428571429,65,40,12,21,84,16218,9595,6623,1761,2730,13488,7.04945965223825,7.46008630432517,6.45456870753435,6.54491622373651,6.95780663003663,7.06801041963227,166
"170",2021,11,7.24525862068965,116,7.48376623376623,6.77435897435897,6.6,7.3,7.23453608247423,77,39,10,19,97,16334,9672,6662,1771,2749,13585,7.05085016774825,7.46027482320099,6.45644079105374,6.54522725578769,6.96017173517643,7.06919945086493,167
"171",2021,12,7.17776056701031,194,7.457373,6.45283944444444,6.559375,6.86904761904762,7.21523439306358,140,54,16,21,173,16528,9812,6716,1787,2770,13758,7.05233979852372,7.46023341928251,6.45641183442526,6.54535392837157,6.95948090252707,7.07103576755343,168
"172",2022,1,7.10590647482014,278,7.40900568181818,6.58291176470588,6.46111111111111,7.19,7.09759683794466,176,102,18,25,253,16806,9988,6818,1805,2795,14011,7.05322588301797,7.45933072787345,6.45830432384864,6.54451383379501,6.96154279069767,7.07151538719578,169
"173",2022,2,7.2500625,160,7.63580357142857,6.35,6.22222222222222,7.39526315789474,7.23049645390071,112,48,9,19,141,16966,10100,6866,1814,2814,14152,7.05508217552752,7.46128765445545,6.45754717157006,6.54291481256891,6.96447125088841,7.07309935627473,170
"174",2022,3,7.23637820512821,156,7.62139423076923,6.46634615384615,6.75,6.84,7.27854609929078,104,52,8,15,141,17122,10204,6918,1822,2829,14293,7.05673397909123,7.46291947373579,6.45761331020526,6.54382407793633,6.96381127606928,7.07512608199818,171
"175",2022,4,7.27508769736842,152,7.45917457142857,6.86382978723404,6.61666666666667,6.83823529411765,7.33009874074074,105,47,12,17,135,17274,10309,6965,1834,2846,14428,7.05865535023735,7.46288133087593,6.46035446949031,6.54430069247546,6.96306117357695,7.07751181175492,172
"176",2022,5,7.26295360759494,158,7.41441441441441,6.90524829787234,5.91666666666667,6.96333333333333,7.29438230769231,111,47,6,15,143,17432,10420,7012,1840,2861,14571,7.06050706688848,7.46236503262956,6.46333650171136,6.54225405978261,6.96306260048934,7.0796401818681,173
"177",2022,6,7.07606058441558,154,7.4194096875,6.50775862068966,5.67916666666667,7.378125,7.04103862318841,96,58,12,16,138,17586,10516,7070,1852,2877,14709,7.06064326850904,7.46197289558768,6.46370092644979,6.53666170086393,6.96537090719499,7.07927802161942,174
"178",2022,7,7.11197080291971,137,7.41674418604651,6.59803921568627,6.07142857142857,6.90833333333333,7.13152,86,51,7,12,125,17723,10602,7121,1859,2889,14834,7.06104003385431,7.46160601490285,6.46466304592052,6.5349098816568,6.96513399100034,7.07971824322503,175
"179",2022,8,7.18511627906977,172,7.62760330578512,6.13529411764706,6.475,7.46352941176471,7.15458064516129,121,51,8,17,155,17895,10723,7172,1867,2906,14989,7.06223260799106,7.46347915415462,6.4623209076966,6.53465317086235,6.96804958706125,7.08049238908533,176
"180",2022,9,7.12272077922078,154,7.52871818181818,6.10772727272727,5.7,6.9875,7.13839855072464,110,44,5,16,138,18049,10833,7216,1872,2922,15127,7.06274871294808,7.46414160158774,6.46015875138581,6.53242386217949,6.968156091718,7.08102065313678,177
"181",2022,10,7.34535714285714,168,7.64412280701754,6.71462962962963,5.45454545454545,7.494,7.31937062937063,114,54,11,25,143,18217,10947,7270,1883,2947,15270,7.0653549717297,7.46601589202521,6.46204890646493,6.52612717472119,6.9726169324737,7.08325274525213,178
"182",2022,11,6.86188032051282,156,7.21585030612245,6.26379310344828,5.99212090909091,6.59125,6.8928095,98,58,11,16,140,18373,11045,7328,1894,2963,15410,7.06362732542317,7.46379622453599,6.46047974208516,6.5230257655755,6.97055757678029,7.08152256651525,179
"183",2022,12,7.18144444444444,180,7.41415254237288,6.73854838709677,5.724,7.1125,7.1900625,118,62,10,20,160,18553,11163,7390,1904,2983,15570,7.06477037945346,7.46327145928514,6.46281265899865,6.51882920168067,6.97150925243044,7.08263794155427,180
