"","year","month","avg_rating","no_ratings","avg_rating_owned","avg_rating_not_owned","avg_rating_prev_owned","avg_rating_comment","avg_rating_no_comment","no_ratings_owned","no_ratings_not_owned","no_ratings_prev_owned","no_ratings_comment","no_ratings_no_comment","cum_no_ratings","cum_no_ratings_owned","cum_no_ratings_not_owned","cum_no_ratings_prev_owned","cum_no_ratings_comment","cum_no_ratings_no_comment","cum_avg_rating","cum_avg_rating_owned","cum_avg_rating_not_owned","cum_avg_rating_prev_owned","cum_avg_rating_comment","cum_avg_rating_no_comment","month_after_release"
"1",2007,3,9.33333333333333,3,9.5,9,NA,10,9,2,1,0,1,2,3,2,1,0,1,2,9.33333333333333,9.5,9,NA,10,9,-8
"2",2007,10,8.23809523809524,21,8.61538461538461,7.625,8,8.83333333333333,8,13,8,1,6,15,24,15,9,1,7,17,8.375,8.73333333333333,7.77777777777778,8,9,8.11764705882353,-1
"3",2007,11,8.26,70,8.72727272727273,7.46923076923077,8,8.09677419354839,8.38974358974359,44,26,4,31,39,94,59,35,5,38,56,8.28936170212766,8.72881355932203,7.54857142857143,8,8.26315789473684,8.30714285714286,0
"4",2007,12,8.02446808510638,141,8.49722222222222,7.19019607843137,8.08333333333333,7.70967741935484,8.27151898734177,90,51,6,62,79,235,149,86,11,100,135,8.13042553191489,8.58892617449664,7.33604651162791,8.04545454545454,7.92,8.2862962962963,1
"5",2008,1,7.99625668449198,187,8.57094017094017,7.03571428571429,7.7,7.76849315068493,8.14210526315789,117,70,10,73,114,422,266,156,21,173,249,8.07097156398104,8.58101503759399,7.20128205128205,7.88095238095238,7.85606936416185,8.22028112449799,2
"6",2008,2,8.15202702702703,148,8.4656862745098,7.45652173913043,8.55714285714286,8.53703703703704,7.93085106382979,102,46,7,54,94,570,368,202,28,227,343,8.09201754385965,8.54904891304348,7.25940594059406,8.05,8.01806167400881,8.14096209912537,3
"7",2008,3,8.10887573964497,169,8.53032786885246,7.01489361702128,7.98181818181818,7.92916666666667,8.24226804123711,122,47,11,72,97,739,490,249,39,299,440,8.09587280108254,8.54438775510204,7.21325301204819,8.03076923076923,7.99665551839465,8.16329545454546,4
"8",2008,4,8.20843373493976,166,8.64174757281553,7.5,7.83333333333333,8.37014925373134,8.0989898989899,103,63,6,67,99,905,593,312,45,366,539,8.11651933701657,8.56129848229342,7.27115384615385,8.00444444444445,8.06502732240437,8.15148423005566,5
"9",2008,5,7.98547008547009,117,8.79420289855072,6.82291666666667,6.625,7.55882352941176,8.31515151515151,69,48,4,51,66,1022,662,360,49,417,605,8.10151663405088,8.58557401812689,7.21138888888889,7.89183673469388,8.0031175059952,8.16933884297521,6
"10",2008,6,8.1546875,96,8.67338709677419,7.20882352941176,7.125,8.24666666666667,8.07352941176471,62,34,4,45,51,1118,724,394,53,462,656,8.10608228980322,8.59309392265193,7.21116751269036,7.83396226415094,8.02683982683983,8.16189024390244,7
"11",2008,7,8.01442953020134,149,8.50860215053763,7.19375,7.625,7.95438596491228,8.05163043478261,93,56,12,57,92,1267,817,450,65,519,748,8.09530386740331,8.58347613219094,7.209,7.79538461538462,8.01888246628131,8.14832887700535,8
"12",2008,8,8.16458937198068,207,8.58092715231788,7.04196428571429,7,8.26351351351351,8.10954887218045,151,56,12,74,133,1474,968,506,77,593,881,8.10503392130258,8.58307851239669,7.1905138339921,7.67142857142857,8.04940978077572,8.14247446083996,9
"13",2008,9,8.18644578313253,166,8.51491935483871,7.21666666666667,7.125,8.25106382978723,8.1609243697479,124,42,8,47,119,1640,1092,548,85,640,1000,8.1132743902439,8.57533882783883,7.19251824817518,7.62,8.06421875,8.14467,10
"14",2008,10,7.77595763888889,144,8.39542553191489,6.611358,6.62,7.747358,7.79117021276596,94,50,10,50,94,1784,1186,598,95,690,1094,8.08604702914798,8.56107925801012,7.1439262541806,7.51473684210526,8.04125782608696,8.11429616087752,11
"15",2008,11,7.9929203539823,226,8.48506493506494,6.94027777777778,7.75,7.91463414634146,8.0375,154,72,12,82,144,2010,1340,670,107,772,1238,8.07557606965174,8.55234328358209,7.12204164179104,7.5411214953271,8.02780816062176,8.10536348949919,12
"16",2008,12,8.04609004739337,211,8.52910714285714,7.09366197183099,7.86666666666667,7.81416666666667,8.13824503311258,140,71,15,60,151,2221,1480,741,122,832,1389,8.07277483115714,8.55014527027027,7.11932240215924,7.58114754098361,8.01240132211538,8.1089380849532,13
"17",2009,1,8.01837455830389,283,8.41178010471204,7.20163043478261,7.48333333333333,7.72386363636364,8.15128205128205,191,92,18,88,195,2504,1671,833,140,920,1584,8.06662655750799,8.53432974266906,7.12841284513805,7.56857142857143,7.98480206521739,8.11415088383838,14
"18",2009,2,8.0487460815047,319,8.40965346534654,7.42564102564103,7.5,8.17428571428571,8.01345381526104,202,117,26,70,249,2823,1873,950,166,990,1833,8.06460605738576,8.52088360918313,7.16501884210526,7.55783132530121,7.9981998989899,8.10047190398254,15
"19",2009,3,7.83319062256809,257,8.37307222891566,6.84835164835165,6.95454545454545,7.96534465517241,7.79467336683417,166,91,22,58,199,3080,2039,1041,188,1048,2032,8.04529639285714,8.50884992153016,7.13733707973103,7.48723404255319,7.99638157442748,8.07052411417323,16
"20",2009,4,7.92033333333333,300,8.41704545454546,7.21532258064516,7.34117647058823,7.86805555555556,7.93684210526316,176,124,17,72,228,3380,2215,1165,205,1120,2260,8.03420499704142,8.50155530022573,7.14563768240343,7.47512195121951,7.98813204464285,8.05703761061947,17
"21",2009,5,7.86970260223048,269,8.5859477124183,6.925,7.64166666666667,7.80357142857143,7.8929648241206,153,116,18,70,199,3649,2368,1281,223,1190,2459,8.02207807344478,8.50700801942568,7.12565800156128,7.48856502242152,7.97727553781512,8.04375965839772,18
"22",2009,6,8.12732793522267,247,8.47035928143713,7.41125,7.33333333333333,8.13615384615385,8.12417582417582,167,80,21,65,182,3896,2535,1361,244,1255,2641,8.02875074178644,8.50459368441815,7.14244518736223,7.47520491803279,7.98550429482072,8.04930140098448,19
"23",2009,7,8.10168539325843,267,8.60457142857143,7.14510869565217,7.5625,8.3296875,8.02980295566502,175,92,16,64,203,4163,2710,1453,260,1319,2844,8.0334285106894,8.51104981180812,7.14261383344804,7.48057692307692,8.00220461713419,8.04790963431786,20
"24",2009,8,8.03101503759398,266,8.54325842696629,6.99488636363636,7.86785714285714,7.98454545454545,8.04312796208531,178,88,14,55,211,4429,2888,1541,274,1374,3055,8.03328356062316,8.51303496883657,7.13417774172615,7.50036496350365,8.00149773653566,8.04757937806874,21
"25",2009,9,7.85231511254019,311,8.55286458333333,6.72201680672269,6.86363636363636,7.85194805194805,7.8524358974359,192,119,22,77,234,4740,3080,1660,296,1451,3289,8.02140989240506,8.5155178538961,7.10463126506024,7.45304054054054,7.99356160578911,8.03369565217391,22
"26",2009,10,7.82517006802721,294,8.33444444444445,7.02105263157895,7.748,7.71044776119403,7.85903083700441,180,114,25,67,227,5034,3260,1774,321,1518,3516,8.0099489253079,8.50551993558282,7.09926037204059,7.47601246105919,7.98106580368906,8.02241894197952,23
"27",2009,11,7.74535211267606,284,8.36546583850932,6.93365853658537,7.05,7.88207547169811,7.71398268398268,161,123,26,53,231,5318,3421,1897,347,1571,3747,7.99581852012034,8.49892867290266,7.08852287822878,7.44409221902017,7.97772621896881,8.0034040565786,24
"28",2009,12,7.77459016393443,305,8.30928961748634,6.97254098360656,6.82758620689655,7.67583333333333,7.79877551020408,183,122,29,60,245,5623,3604,2019,376,1631,3992,7.98381876044816,8.48929938679245,7.08151456166419,7.39654255319149,7.96662041079092,7.99084544088176,25
"29",2010,1,7.65647222222222,360,8.23757575757576,6.61589147286822,6.88620689655172,7.67260273972603,7.65236933797909,231,129,29,73,287,5983,3835,2148,405,1704,4279,7.96412216112318,8.47413689439374,7.05355116387337,7.36,7.95402458333333,7.96814325777051,26
"30",2010,2,7.81098039215686,255,8.35064935064935,6.98811881188119,7.424,8.11111111111111,7.73034825870647,154,101,25,54,201,6238,3989,2249,430,1758,4480,7.95786195735813,8.46936951366257,7.0506126722988,7.36372093023256,7.95884976678043,7.95747433035714,27
"31",2010,3,7.84668246445498,211,8.46,6.75723684210526,6.9425,8.01339285714286,7.78645161290323,135,76,20,56,155,6449,4124,2325,450,1814,4635,7.95422435881532,8.46906280067895,7.04102275268817,7.345,7.96053356670342,7.9517551240561,28
"32",2010,4,7.82697368421053,228,8.28307692307692,7.2219387755102,7.43846153846154,7.71914893617021,7.85497237569061,130,98,26,47,181,6677,4254,2423,476,1861,4816,7.94987912086266,8.46337917019276,7.04834003301692,7.35010504201681,7.95443734013971,7.94811773255814,29
"33",2010,5,7.79659708737864,206,8.35262406015038,6.78356164383562,6.98,8.05529787234043,7.72012578616352,133,73,10,47,159,6883,4387,2496,486,1908,4975,7.94529157198896,8.46002142466378,7.04059611378205,7.34248971193416,7.95692185010482,7.94083115577889,30
"34",2010,6,7.98066037735849,212,8.31527777777778,7.27205882352941,7.34666666666667,8.16489361702128,7.92818181818182,144,68,15,47,165,7095,4531,2564,501,1955,5140,7.94634839887245,8.45542131758994,7.04673475039002,7.34261477045908,7.96192168286445,7.94042509727627,31
"35",2010,7,7.99166666666667,180,8.47345132743363,7.17910447761194,6.88636363636364,7.88809523809524,8.0231884057971,113,67,22,42,138,7275,4644,2631,523,1997,5278,7.94746967560137,8.45586003229974,7.05010562523755,7.32342256214149,7.96036899849775,7.94258904888215,32
"36",2010,8,7.7868544600939,213,8.38649635036496,6.70592105263158,6.725,7.87115384615385,7.75962732919255,137,76,20,52,161,7488,4781,2707,543,2049,5439,7.94290089342949,8.45387240953775,7.04044251939416,7.30138121546961,7.95810487554905,7.93717319360177,33
"37",2010,9,7.87989417989418,189,8.48032786885246,6.7865671641791,7.26111111111111,8.17560975609756,7.79797297297297,122,67,18,41,148,7677,4903,2774,561,2090,5587,7.94134973166602,8.45453069345299,7.03431070656092,7.30008912655971,7.96237171770335,7.93348577053875,34
"38",2010,10,7.58131313131313,198,8.23606557377049,6.53026315789474,7.125,7.525,7.60352112676056,122,76,16,56,142,7875,5025,2850,577,2146,5729,7.93229738285714,8.44922666467662,7.02086943859649,7.29523396880416,7.95095847623485,7.92530720893699,35
"39",2010,11,7.76188118811881,303,8.27833333333333,7.00609756097561,6.88703703703704,7.77835820895522,7.75720338983051,180,123,27,67,236,8178,5205,2973,604,2213,5965,7.9259833565664,8.44331680883766,7.02025829128826,7.27698675496689,7.94573289200181,7.9186563285834,36
"40",2010,12,7.68328025477707,314,8.23376288659794,6.79333333333333,6.19047619047619,7.85076923076923,7.63955823293173,194,120,21,65,249,8492,5399,3093,625,2278,6214,7.91700917216204,8.43578699573995,7.01145421920466,7.24048,7.94302321773485,7.90747264242034,37
"41",2011,1,7.87517027863777,323,8.24403669724771,7.10933333333333,7,7.89179104477612,7.8708203125,218,105,22,67,256,8815,5617,3198,647,2345,6470,7.91547610777084,8.42834502225387,7.01466788617886,7.2323029366306,7.9415594413646,7.90602241112828,38
"42",2011,2,7.75530172413793,232,8.23186666666667,6.88353658536585,6.95833333333333,7.7846,7.74725274725275,150,82,24,50,182,9047,5767,3280,671,2395,6652,7.91136861832652,8.42323460898214,7.01138960365854,7.22250372578241,7.9382826263048,7.90167844257366,39
"43",2011,3,7.88298804780877,251,8.33355263157895,7.19121212121212,7.01153846153846,7.82,7.90066326530612,152,99,26,55,196,9298,5919,3379,697,2450,6848,7.91060248332975,8.4209315745903,7.01665815329979,7.21463414634146,7.93562730204081,7.90164938668224,40
"44",2011,4,7.90787234042553,235,8.31258278145695,7.18035714285714,7.44666666666667,7.94888888888889,7.89815789473684,151,84,15,45,190,9533,6070,3463,712,2495,7038,7.91053518199937,8.41823624217462,7.0206289055732,7.21952247191011,7.93586648897795,7.9015551292981,41
"45",2011,5,7.76623931623932,234,8.3205223880597,7.0235,7.09090909090909,7.579,7.81711956521739,134,100,22,50,184,9767,6204,3563,734,2545,7222,7.90707810893826,8.41612572372662,7.02070948638788,7.21566757493188,7.92885535952849,7.89940390473553,42
"46",2011,6,7.86299019607843,204,8.26507352941177,7.05882352941176,7.5,8.238,7.74123376623377,136,68,15,50,154,9971,6340,3631,749,2595,7376,7.9061760996891,8.4128854873817,7.02142327182594,7.22136181575434,7.93481190366089,7.89610154555314,43
"47",2011,7,7.75393518518518,216,8.07321428571429,7.16578947368421,7.34230769230769,7.78265306122449,7.74550898203593,140,76,26,49,167,10187,6480,3707,775,2644,7543,7.9029480602729,8.40554691203703,7.02438303210143,7.22541935483871,7.93199201588502,7.89276746652525,44
"48",2011,8,7.5831223628692,237,8.10576923076923,6.9481308411215,6.98928571428571,7.51140350877193,7.60583333333333,130,107,28,57,180,10424,6610,3814,803,2701,7723,7.89567650518035,8.39965113313161,7.02224381227058,7.21718555417185,7.92311621251388,7.88607989123398,45
"49",2011,9,7.99316831683168,202,8.390390625,7.30608108108108,7.40476190476191,8.24642857142857,7.9266875,128,74,21,42,160,10626,6738,3888,824,2743,7883,7.89752982213439,8.39947521371326,7.02764606481482,7.22196601941747,7.92806667517317,7.88690409742484,46
"50",2011,10,7.74574468085106,235,8.27359154929577,6.93978494623656,7,7.64651162790698,7.76796875,142,93,23,43,192,10861,6880,3981,847,2786,8075,7.89424563944388,8.39687703343023,7.0255935443356,7.2159386068477,7.92372106604451,7.88407616099071,47
"51",2011,11,7.77461832061069,262,8.2296511627907,6.905,7.13333333333333,7.8936170212766,7.74860465116279,172,90,21,47,215,11123,7052,4071,868,2833,8290,7.89142784230873,8.39279835365853,7.0229275116679,7.2139400921659,7.92322163430992,7.88056272617612,48
"52",2011,12,7.755,260,8.22302631578947,7.0962962962963,7.144,7.50491803278689,7.83165829145729,152,108,25,61,199,11383,7204,4179,893,2894,8489,7.88831168321181,8.38921626735147,7.02482361809045,7.21198208286674,7.91440459225985,7.87941630345152,49
"53",2012,1,7.87669270833333,384,8.36174089068826,7.0021897810219,6.90476190476191,8.08243243243243,7.82758064516129,247,137,42,74,310,11767,7451,4316,935,2968,8799,7.88793251380981,8.38830546101194,7.02410516682113,7.19818181818182,7.91859396563342,7.87759006705307,50
"54",2012,2,7.72104316546763,278,8.22011173184358,6.81868686868687,7.12931034482759,7.72978723404255,7.71926406926407,179,99,29,47,231,12045,7630,4415,964,3015,9030,7.88408068825239,8.3843596317169,7.0194989580974,7.19610995850622,7.91565070978441,7.87353986710963,51
"55",2012,3,7.7756561752988,251,8.24867549668874,7.061397,6.8,7.96,7.74070947867299,151,100,22,40,211,12296,7781,4515,986,3055,9241,7.88186740322056,8.38172651201645,7.0204269324474,7.18727180527383,7.91623138788871,7.87050694730007,52
"56",2012,4,7.66168582375479,261,8.27378048780488,6.62680412371134,7.16818181818182,7.31521739130435,7.73581395348837,164,97,22,46,215,12557,7945,4612,1008,3101,9456,7.87729088078363,8.37949829955947,7.01214822202949,7.18685515873016,7.90731599161561,7.86744444796954,53
"57",2012,5,7.74238493723849,239,8.19955414012739,6.86707317073171,6.92592592592593,7.81368421052632,7.72005494505494,157,82,27,57,182,12796,8102,4694,1035,3158,9638,7.87477114645202,8.37601135398667,7.00961389007243,7.18004830917874,7.90562599430019,7.86466120564432,54
"58",2012,6,7.82777777777778,216,8.10756578947368,7.16328125,7.28571428571429,7.7475,7.84602272727273,152,64,21,40,176,13012,8254,4758,1056,3198,9814,7.87399105364279,8.37106784468136,7.01168087431694,7.18214962121212,7.90364818323952,7.86432695129407,55
"59",2012,7,7.66328828828829,222,8.31007751937985,6.76612903225806,6.28409090909091,7.82619047619048,7.62527777777778,129,93,22,42,180,13234,8383,4851,1078,3240,9994,7.87045652032643,8.37012930812358,7.00697332508761,7.16382189239332,7.90264410185185,7.86002148288973,56
"60",2012,8,7.86234309623431,239,8.3862676056338,7.09536082474227,6.95892857142857,8.07555555555555,7.81288659793814,142,97,28,45,194,13473,8525,4948,1106,3285,10188,7.87031259481927,8.37039812199413,7.00870606305578,7.15863471971067,7.90501275190259,7.85912393992933,57
"61",2012,9,7.93060109289617,183,8.33032786885246,7.13114754098361,7.03846153846154,8.24705882352941,7.85838926174497,122,61,13,34,149,13656,8647,5009,1119,3319,10337,7.87112050307557,8.36983277321614,7.01019716510282,7.15723860589812,7.90851668876168,7.85911335010157,58
"62",2012,10,7.66118367346939,245,8.01815068493151,7.13474747474748,7.3076,7.81794871794872,7.63150485436893,146,99,25,39,206,13901,8793,5108,1144,3358,10543,7.86742044385296,8.3639934027067,7.01261111981206,7.16052447552447,7.90746482727814,7.85466610073034,59
"63",2012,11,7.83460076045627,263,8.2728125,7.15388349514563,6.99047619047619,7.22978723404255,7.9662037037037,160,103,21,47,216,14164,8953,5211,1165,3405,10759,7.86681104137249,8.36236389925165,7.01540349261178,7.15745922746781,7.89811068722467,7.8569053536574,60
"64",2012,12,7.88351254480287,279,8.25725,6.9373417721519,6.76666666666667,7.79444444444444,7.90064102564103,200,79,18,45,234,14443,9153,5290,1183,3450,10993,7.86713366959773,8.36006708073855,7.014237731569,7.15151310228233,7.89675851884058,7.85783632311471,61
"65",2013,1,7.85631901840491,326,8.17400881057269,7.12787878787879,7.05208333333333,7.458,7.92010676156584,227,99,24,45,281,14769,9380,5389,1207,3495,11274,7.86689495497326,8.35556439125799,7.01632540359993,7.14953603976802,7.89110926752504,7.85938838921412,62
"66",2013,2,7.72507407407407,270,8.27596590909091,6.6936170212766,6.95652173913043,7.64615384615385,7.74389908256881,176,94,23,52,218,15039,9556,5483,1230,3547,11492,7.86434879912228,8.35409836647133,7.01079292358198,7.14592682926829,7.88751815336904,7.85719758962756,63
"67",2013,3,7.74983805668016,247,8.2547972972973,6.99494949494949,6.71,7.78238095238095,7.74317073170732,148,99,25,42,205,15286,9704,5582,1255,3589,11697,7.8624984685333,8.35258388190437,7.01051193120745,7.13724302788844,7.88628779325717,7.85519917072753,64
"68",2013,4,7.70301204819277,249,8.06545454545455,6.99107142857143,7.2025,7.83333333333333,7.67657004830918,165,84,20,42,207,15535,9869,5666,1275,3631,11904,7.85994216865143,8.34778336102949,7.0102237204377,7.13826666666666,7.88567526576701,7.85209296875,65
"69",2013,5,7.58,235,8.01677852348993,6.82325581395349,7.19565217391304,7.61666666666667,7.57270408163265,149,86,23,39,196,15770,10018,5752,1298,3670,12100,7.85577055104629,8.34286025054901,7.00742830319889,7.13928351309707,7.88281659128065,7.84756733057851,66
"70",2013,6,7.66363636363636,209,8.15037037037037,6.77567567567568,6.35625,7.1974358974359,7.77058823529412,135,74,16,39,170,15979,10153,5826,1314,3709,12270,7.85325749984355,8.34030079680883,7.00448465499485,7.12974885844749,7.87560983823133,7.84650079054605,67
"71",2013,7,7.67960784313725,255,8.08827160493827,6.96774193548387,6.73684210526316,7.77,7.65756097560976,162,93,19,50,205,16234,10315,5919,1333,3759,12475,7.85052985031416,8.33634260688318,7.0039073492144,7.12414853713428,7.87420507847832,7.84339596793587,68
"72",2013,8,7.69678714859438,249,8.25617283950617,6.6551724137931,6.58695652173913,7.81756756756757,7.67570754716981,162,87,23,37,212,16483,10477,6006,1356,3796,12687,7.84820734029,8.33510298654195,6.99885574425575,7.11503687315634,7.87365302687039,7.84059389138488,69
"73",2013,9,7.6513025210084,238,8.15074324324324,6.83,6.68,7.47142857142857,7.68231527093596,148,90,25,35,203,16721,10625,6096,1381,3831,12890,7.84540467615573,8.33253496376471,6.99636279527559,7.10716147719044,7.86997830592535,7.83810121799845,70
"74",2013,10,7.64795744680851,235,8.12007246376812,6.97628865979381,6.94444444444444,7.68868421052632,7.64010152284264,138,97,18,38,197,16956,10763,6193,1399,3869,13087,7.84266817586695,8.32981083248165,6.99604837720007,7.10506790564689,7.86819769707935,7.8351207075724,71
"75",2013,11,7.672,300,7.95507246376812,7.04193548387097,6.8551724137931,7.79765625,7.63792372881356,207,93,29,64,236,17256,10970,6286,1428,3933,13323,7.83970106571627,8.32273965268915,6.99672726694241,7.09999299719888,7.86704980676328,7.83162761390077,72
"76",2013,12,7.80992509363296,267,8.13005780346821,7.22074468085106,7.2,7.75,7.82017543859649,173,94,26,39,228,17523,11143,6380,1454,3972,13551,7.83924736574788,8.31974818181818,7.0000278369906,7.10178129298487,7.86590052618328,7.83143492731164,73
"77",2014,1,7.72243619489559,431,8.15973977695167,6.9962962962963,7.1675,8.14811320754717,7.66275132275132,269,162,40,53,378,17954,11412,6542,1494,4025,13929,7.83644322100925,8.31597651507185,6.99993543258942,7.10354082998661,7.86961661863354,7.82685725464857,74
"78",2014,2,7.76947368421053,285,8.2008875739645,7.14094827586207,7.09090909090909,8.24074074074074,7.65930735930736,169,116,33,54,231,18239,11581,6658,1527,4079,14160,7.83539676462525,8.31429703738883,7.0023922499249,7.10326784544859,7.87452975974503,7.82412391949152,75
"79",2014,3,7.66159420289855,276,8.09113924050633,7.0864406779661,6.94333333333333,7.70425531914894,7.6528384279476,158,118,30,47,229,18515,11739,6776,1557,4126,14389,7.83280591898461,8.31129346537184,7.00385590318772,7.10018625561978,7.87259013330102,7.82139792202377,76
"80",2014,4,7.69159227467811,233,8.16849315068493,6.89127586206897,7.52272727272727,8.02567567567568,7.62852551020408,146,87,22,37,196,18748,11885,6863,1579,4163,14585,7.8310509168978,8.30953925031552,7.00242876293166,7.10607346421786,7.87395073024261,7.81880601302708,77
"81",2014,5,7.65103174603175,252,8.06363636363636,7.00265306122449,7.06666666666667,7.37051282051282,7.70239436619718,154,98,27,39,213,19000,12039,6961,1606,4202,14798,7.82866329421053,8.30639371957804,7.00243192070105,7.10541095890411,7.86927817467872,7.81713040275713,78
"82",2014,6,7.64336492890995,211,7.88703703703704,7.21052631578947,7.13684210526316,7.46125,7.6859649122807,135,76,19,40,171,19211,12174,7037,1625,4242,14969,7.82662810837541,8.30174338672581,7.00467935199659,7.10577846153846,7.86543066713814,7.81563201950698,79
"83",2014,7,7.59110169491525,236,8.09647887323944,6.82765957446809,6.9,7.76860465116279,7.55155440414508,142,94,20,43,193,19447,12316,7131,1645,4285,15162,7.82376986630329,8.2993767448847,7.002345898191,7.10327659574468,7.86445901750292,7.8122705249967,80
"84",2014,8,7.78834586466165,266,8.22352941176471,7.01770833333333,7.11764705882353,7.98780487804878,7.752,170,96,17,41,225,19713,12486,7227,1662,4326,15387,7.82329186780297,8.2983440645523,7.0025499654075,7.10342358604091,7.86562803744799,7.8113892051732,81
"85",2014,9,7.55415178571429,224,7.96007874015748,7.02268041237113,7.07115384615385,7.8,7.50550802139037,127,97,26,37,187,19937,12613,7324,1688,4363,15574,7.82026797361689,8.29493807896615,7.00281657564173,7.10292654028436,7.86507148521659,7.80771643123154,82
"86",2014,10,7.6912962962963,270,8.1031976744186,6.96836734693878,7.12833333333333,7.73777777777778,7.682,172,98,30,45,225,20207,12785,7422,1718,4408,15799,7.81854469193844,8.29235854438796,7.00236170843438,7.10337019790454,7.86377198049002,7.80592605228179,83
"87",2014,11,7.74835390946502,243,8.0429012345679,7.15925925925926,7.09375,7.94651162790698,7.70575,162,81,16,43,200,20450,12947,7503,1734,4451,15999,7.8177106400978,8.28923719703406,7.00405552445688,7.10328143021915,7.86457130757133,7.80467377336083,84
"88",2014,12,7.88804635761589,302,8.22495098039216,7.18673469387755,7.45294117647059,8.06309523809524,7.85976923076923,204,98,17,42,260,20752,13151,7601,1751,4493,16259,7.81873422272552,8.28823998099004,7.00641081436653,7.10667618503712,7.86642708435344,7.80555481271911,85
"89",2015,1,7.77946650124069,403,8.16754901960784,7.11081081081081,7.0125,7.9703125,7.74343657817109,255,148,40,64,339,21155,13406,7749,1791,4557,16598,7.81798617773576,8.28594427793526,7.00840477480965,7.10457286432161,7.86788608514373,7.80428610073503,86
"90",2015,2,7.72637820512821,312,8.15951219512195,6.89654205607477,7.58323529411765,8.03272727272727,7.66081712062257,205,107,34,55,257,21467,13611,7856,1825,4612,16855,7.81665475334234,8.2840400404085,7.00688118635438,7.1134904109589,7.86985188421509,7.80209852862652,87
"91",2015,3,7.68248675496689,302,8.15877540106952,6.908,7.06547619047619,7.82160714285714,7.65081707317073,187,115,42,56,246,21769,13798,7971,1867,4668,17101,7.81479344894116,8.28234236773446,7.00545459791745,7.11241028387788,7.86927311268209,7.79992232617975,88
"92",2015,4,7.71111111111111,279,8.11878787878788,7.12105263157895,7.396875,8.01341463414634,7.65903361344538,165,114,32,41,238,22048,13963,8085,1899,4709,17339,7.8134814309688,8.28040965336963,7.00708455163884,7.11720379146919,7.87052811424931,7.79798844800738,89
"93",2015,5,7.84892857142857,252,8.366,7.02268041237113,7.27413793103448,7.81466666666667,7.8563768115942,155,97,29,45,207,22300,14118,8182,1928,4754,17546,7.81388199955157,8.28134934055816,7.00726944512344,7.1195643153527,7.86999934581405,7.79867728827083,90
"94",2015,6,7.68574261603375,237,8.27158992805755,6.85479591836735,7.07333333333333,7.86925,7.64848223350254,139,98,18,40,197,22537,14257,8280,1946,4794,17743,7.81253448063185,8.28125419022235,7.00546480676328,7.11913669064748,7.86999309345014,7.79700967705574,91
"95",2015,7,7.84794776119403,268,8.37229299363057,7.10630630630631,7.24583333333333,8.13139534883721,7.79377777777778,157,111,36,43,225,22805,14414,8391,1982,4837,17968,7.81295065073449,8.28224580199806,7.00679878441187,7.12143794147326,7.87231690924126,7.79696920636687,92
"96",2015,8,7.70840390879479,307,8.16675257731959,6.92150442477876,7.61,7.87083333333333,7.67830115830116,194,113,30,48,259,23112,14608,8504,2012,4885,18227,7.81156194141572,8.28071200643484,7.00566540451552,7.1287226640159,7.87230233162743,7.79528297031876,93
"97",2015,9,7.69391129032258,248,8.11503496503497,7.12038095238095,7.23703703703704,8.06166666666667,7.61893203883495,143,105,27,42,206,23360,14751,8609,2039,4927,18433,7.81031291053082,8.27910589044811,7.00706453711232,7.13015693967631,7.87391655977268,7.79331214126838,94
"98",2015,10,7.65761324041812,287,8.1414406779661,6.87909090909091,6.87142857142857,7.9365306122449,7.60018907563025,177,110,35,49,238,23647,14928,8719,2074,4976,18671,7.80845961813338,8.27747360597535,7.0054500057346,7.12579074252652,7.87453313705788,7.79085039365861,95
"99",2015,11,7.65346153846154,338,8.18467661691542,6.87408759124088,6.86764705882353,7.81571428571429,7.62595155709343,201,137,34,49,289,23985,15129,8856,2108,5025,18960,7.8062753633521,8.27624072906339,7.0034178635953,7.12162713472486,7.8739595800995,7.78833690400844,96
"100",2015,12,7.73966573816156,359,8.22127358490566,7.04510204081633,6.64674418604651,7.91822222222222,7.71407643312102,212,147,43,45,314,24344,15341,9003,2151,5070,19274,7.80529307385804,8.27548112834887,7.00409847828501,7.11213389121339,7.87435244378698,7.78712709868216,97
"101",2016,1,7.52308270676692,399,7.95092827004219,6.89716049382716,7.06488372093023,7.66363636363636,7.50061046511628,237,162,43,55,344,24743,15578,9165,2194,5125,19618,7.80074221355535,8.27054345808192,7.0022082487725,7.11120783956244,7.8720911004878,7.78210305331838,98
"102",2016,2,7.69554263565891,258,8.20206896551724,7.04557522123894,7.04166666666667,7.95111111111111,7.64154929577465,145,113,36,45,213,25001,15723,9278,2230,5170,19831,7.79965659733611,8.26991197544998,7.00273643026514,7.11008520179372,7.87277889555126,7.78059339922343,99
"103",2016,3,7.54033457249071,269,8.11461038961039,6.77130434782609,7.088,8.1075,7.44126637554585,154,115,25,40,229,25270,15877,9393,2255,5210,20060,7.79689610565889,8.26840561756,6.99990297029703,7.10984035476718,7.87458097696737,7.77671972582253,100
"104",2016,4,7.63637010676157,281,8.26961038961039,6.86850393700787,7.01612903225806,7.475,7.66632911392405,154,127,31,44,237,25551,16031,9520,2286,5254,20297,7.79513070290791,8.26841719106731,6.99815006302521,7.10856955380578,7.87123465740388,7.77543073853279,101
"105",2016,5,7.84780327868852,305,8.31295336787565,7.04625,7.06969696969697,8.18780487804878,7.795,193,112,33,41,264,25856,16224,9632,2319,5295,20561,7.7957520339573,8.26894699149409,6.99870936461794,7.10801638637344,7.87368590934844,7.7756820047663,102
"106",2016,6,7.78097014925373,268,8.24180790960452,6.88461538461539,7.13888888888889,7.79166666666667,7.77931034482759,177,91,18,36,232,26124,16401,9723,2337,5331,20793,7.79560039006278,8.26865410584721,6.99764153039185,7.10825417201541,7.87313203714125,7.77572248833742,103
"107",2016,7,7.45281124497992,249,7.87925170068027,6.83823529411765,6.54032258064516,7.95,7.38727272727273,147,102,31,29,220,26373,16548,9825,2368,5360,21013,7.79236395518144,8.26519494742567,6.9959866259542,7.10081925675676,7.87354792723881,7.77165553228953,104
"108",2016,8,7.59571428571429,315,8.01030927835052,6.93099173553719,6.99333333333333,7.7,7.58054545454545,194,121,30,40,275,26688,16742,9946,2398,5400,21288,7.79004288781475,8.26224142814479,6.99519591795697,7.09947456213511,7.87226238703704,7.76918675779782,105
"109",2016,9,7.54883333333333,300,8.11278409090909,6.74838709677419,6.81666666666667,7.55,7.54865900383142,176,124,30,39,261,26988,16918,10070,2428,5439,21549,7.78736158996591,8.26068660539071,6.99215676266137,7.0959802306425,7.86995162529877,7.76651574086964,106
"110",2016,10,7.73824561403509,285,8.12583333333333,7.07380952380952,7.41904761904762,7.97083333333333,7.69113924050633,180,105,21,48,237,27273,17098,10175,2449,5487,21786,7.78684833315,8.25926693122003,6.99299937100737,7.09875051041241,7.87083413340623,7.76569575415404,107
"111",2016,11,7.49696594427245,323,7.99131868131868,6.85886524822695,6.704,7.34571428571429,7.51534722222222,182,141,25,35,288,27596,17280,10316,2474,5522,22074,7.78345537722858,8.25644479108796,6.9911660139589,7.09476151980598,7.86750577508149,7.76242945093775,108
"112",2016,12,7.57308970099668,301,8.13649425287356,6.8011811023622,6.915,7.84222222222222,7.52578125,174,127,30,45,256,27897,17454,10443,2504,5567,22330,7.78118559665914,8.25524899679157,6.98885555874748,7.09260782747604,7.86730139931741,7.75971642185401,109
"113",2017,1,7.66834158415842,404,8.13350597609562,6.90522875816993,6.88478260869565,7.67627118644068,7.66698550724638,251,153,46,59,345,28301,17705,10596,2550,5626,22675,7.77957473552171,8.25352307201356,6.98764803699509,7.08885882352941,7.86529806078919,7.75830552149945,110
"114",2017,2,7.74491582491583,297,8.26222222222222,7.04285714285714,6.9921052631579,7.73243243243243,7.74669230769231,171,126,38,37,260,28598,17876,10722,2588,5663,22935,7.77921479089447,8.25360628720072,6.98829682894982,7.08743817619784,7.86442996468303,7.75817386963157,111
"115",2017,3,7.74930303030303,330,8.14490566037736,7.0385593220339,7.44259259259259,7.765,7.74676056338028,212,118,27,46,284,28928,18088,10840,2615,5709,23219,7.77887356851493,8.25233226393189,6.98884396678967,7.0911051625239,7.86362881240147,7.75803426934838,112
"116",2017,4,7.67872670807453,322,8.07487922705314,6.96565217391304,7.18333333333333,8.2390243902439,7.59697508896797,207,115,24,41,281,29250,18295,10955,2639,5750,23500,7.77777109709402,8.25032445968844,6.98860051118211,7.09194391815082,7.86630554608696,7.75610841276595,113
"117",2017,5,7.79548571428571,350,8.29582524271845,7.07972222222222,7.06976744186047,7.85254545454545,7.78484745762712,206,144,43,55,295,29600,18501,11099,2682,5805,23795,7.77798056047297,8.25083108967083,6.98978273718353,7.09158836689038,7.86617517484927,7.75646470687119,114
"118",2017,6,7.63309904153355,313,8.19701657458564,6.85984848484848,6.97666666666667,7.81476923076923,7.58548387096774,181,132,30,65,248,29913,18682,11231,2712,5870,24043,7.77646456691071,8.2503097093459,6.98825559611789,7.09031710914454,7.86560594378194,7.75470106475897,115
"119",2017,7,7.93558139534884,301,8.38783505154639,7.11560747663551,6.70967741935484,8.05416666666667,7.91308300395257,194,107,31,48,253,30214,18876,11338,2743,5918,24296,7.77804973158139,8.2517231399661,6.98945745281355,7.08601531170252,7.86713533119297,7.75635033338821,116
"120",2017,8,7.81157407407407,324,8.25731707317073,7.0436974789916,7.35714285714286,7.92111111111111,7.79390681003584,205,119,21,45,279,30538,19081,11457,2764,5963,24575,7.7784054158753,8.25178323934804,6.99002082569608,7.08807525325615,7.86754266141204,7.7567767121058,117
"121",2017,9,7.82541806020067,299,8.36235294117647,7.11782945736434,7.33846153846154,7.92777777777778,7.80285714285714,170,129,39,54,245,30837,19251,11586,2803,6017,24820,7.77886125725589,8.25275964832996,6.99144386328327,7.09155904388156,7.86808324580356,7.75723157534246,118
"122",2017,10,7.74777,330,8.27603448275862,7.15855192307692,6.9969696969697,8.05829787234043,7.69619823321555,174,156,33,47,283,31167,19425,11742,2836,6064,25103,7.77853205922931,8.25296813333333,6.99366400102197,7.09045839210155,7.86955753463061,7.75654351272756,119
"123",2017,11,7.61428571428571,350,8.12626262626263,6.94736842105263,6.83658536585366,7.85204081632653,7.57558139534884,198,152,41,49,301,31517,19623,11894,2877,6113,25404,7.77670808420852,8.25168964939102,6.99307236421725,7.08684045881126,7.86941712579748,7.7543993780507,120
"124",2017,12,7.52874285714286,350,8.10318181818182,6.78046052631579,6.62285714285714,7.89531914893617,7.47188118811881,198,152,35,47,303,31867,19821,12046,2912,6160,25707,7.7739846452443,8.25020614449322,6.99038956500083,7.08126373626374,7.86961475487013,7.75106942856031,121
"125",2018,1,7.64974664473684,456,8.07870101503759,7.04921052631579,6.988,8.02453125,7.58855732142857,266,190,50,64,392,32323,20087,12236,2962,6224,26099,7.7722319450546,8.2479350057251,6.99130293396535,7.07968939905469,7.87120772654242,7.74862854017395,122
"126",2018,2,7.70397306397306,297,8.13650793650794,6.94703703703704,6.7,7.93111111111111,7.6634126984127,189,108,32,45,252,32620,20276,12344,2994,6269,26351,7.77161045861435,8.24689635332413,6.99091564322748,7.07563126252505,7.87163772371989,7.7478136036583,123
"127",2018,3,7.87688102893891,311,8.33324324324324,7.2068253968254,7.3125,8.34318181818182,7.80003745318352,185,126,32,44,267,32931,20461,12470,3026,6313,26618,7.77260463271689,8.24767706661454,6.99309724939855,7.07813615333774,7.87492426580073,7.74833745097302,124
"128",2018,4,7.74216216216216,296,8.21352941176471,7.10619047619048,7.36379310344828,7.99461538461538,7.70385214007782,170,126,29,39,257,33227,20631,12596,3055,6352,26875,7.77233343846871,8.24739568901168,6.9942285408066,7.08084779050737,7.87565914515113,7.74791204725581,125
"129",2018,5,7.73332226277372,274,8.17452260273973,7.230078125,6.33333333333333,7.81818181818182,7.72170248962656,146,128,21,33,241,33501,20777,12724,3076,6385,27116,7.7720143715113,8.2468836097608,6.99660112386042,7.075744473342,7.87536208144088,7.74767910348134,126
"130",2018,6,7.60465346534653,202,8.12965217391304,6.91068965517241,7.22142857142857,7.56269230769231,7.61085227272727,115,87,14,26,176,33703,20892,12811,3090,6411,27292,7.77101128860932,8.24623830940073,6.99601769573023,7.07640453074434,7.87409403993137,7.7467967378719,127
"131",2018,7,7.67525075221239,226,8.09546950704225,6.96488095238095,6.57142857142857,7.77714285714286,7.65657942408377,142,84,14,35,191,33929,21034,12895,3104,6446,27483,7.77037343069351,8.24522047304365,6.99581486622722,7.07412693298969,7.87356762178095,7.74616975002729,128
"132",2018,8,7.81344827586207,232,8.25784172661871,7.14924731182796,6.770625,8.02060606060606,7.77909547738693,139,93,16,33,199,34161,21173,12988,3120,6479,27682,7.77066596791663,8.24530333112927,6.99691351247305,7.07257051282051,7.87431654421979,7.74640644606604,129
"133",2018,9,7.65196652719665,239,8.1578102189781,6.97254901960784,6.99230769230769,7.74026315789474,7.6352736318408,137,102,13,38,201,34400,21310,13090,3133,6517,27883,7.76984128284884,8.24474084608165,6.99672365928189,7.0722374720715,7.87353489182139,7.74560532367392,130
"134",2018,10,7.60872311036789,299,8.10391791666667,6.9736641221374,6.91206896551724,7.88484209302326,7.56234375,168,131,29,43,256,34699,21478,13221,3162,6560,28139,7.76845293351393,8.24363933513363,6.99649517434385,7.07076850094877,7.87360900914634,7.74393806602935,131
"135",2018,11,7.70862542955326,291,8.11983606557377,7.01185185185185,6.75,7.97794117647059,7.67299610894942,183,108,20,34,257,34990,21661,13329,3182,6594,28396,7.76795536839097,8.24259340012003,6.99661960387126,7.06875235700817,7.87414696693964,7.74329600084519,132
"136",2018,12,7.67261433447099,293,8.18089820359281,6.99893650793651,6.57233333333333,7.5834375,7.68354789272031,167,126,30,32,261,35283,21828,13455,3212,6626,28657,7.76716362950996,8.24212138720909,6.99664130063173,7.06411581569116,7.87274299728343,7.74275183166417,133
"137",2019,1,7.72299232736573,391,8.19663900414938,6.962,6.96451612903226,7.80149253731343,7.70675925925926,241,150,31,67,324,35674,22069,13605,3243,6693,28981,7.76667949599148,8.2416247061489,6.99625936787946,7.0631637372803,7.87202974749738,7.74234944411856,134
"138",2019,2,7.78179020979021,286,8.26126946107784,7.10890756302521,7.008,8.325,7.72283720930233,167,119,25,28,258,35960,22236,13724,3268,6721,29239,7.76679967575083,8.2417722450081,6.99723613378024,7.0627417380661,7.87391684273173,7.74217727145251,135
"139",2019,3,7.6084751552795,322,8.03136813186813,7.05871428571429,7.06206896551724,7.73555555555556,7.58783032490975,182,140,29,45,277,36282,22418,13864,3297,6766,29516,7.76539455763188,8.24006408421804,6.99785694604732,7.06273582044283,7.87299661543009,7.74072876541537,136
"140",2019,4,7.83134693877551,245,8.31319727891156,7.10857142857143,6.67894736842105,8.08877551020408,7.76698979591837,147,98,19,49,196,36527,22565,13962,3316,6815,29712,7.76583692446683,8.24054051141148,6.9986340567254,7.06053679131484,7.87454807043287,7.7409020005385,137
"141",2019,5,7.85393428015564,257,8.19174073333333,7.3803738317757,7.69,8.03181818181818,7.81718830985916,150,107,20,44,213,36784,22715,14069,3336,6859,29925,7.76645243720096,8.24021825885979,7.00153733030066,7.06431055155876,7.87555694707683,7.74144499081036,138
"142",2019,6,7.80575875486381,257,8.29453947368421,7.09819047619048,7.18888888888889,7.73048780487805,7.8200462962963,152,105,18,41,216,37041,22867,14174,3354,6900,30141,7.76672515455846,8.24057933922247,7.00225333004092,7.06497912939774,7.87469494202898,7.74200827278458,139
"143",2019,7,7.91392857142857,252,8.40802721088435,7.22219047619048,7.175,7.95142857142857,7.9078801843318,147,105,24,35,217,37293,23014,14279,3378,6935,30358,7.76771985225109,8.24164889849657,7.00387062819525,7.06576080521019,7.87508220620043,7.7431939307596,140
"144",2019,8,7.8930564,325,8.30204859375,7.30263157894737,7.29107142857143,7.95194444444444,7.8857208650519,192,133,28,36,289,37618,23206,14412,3406,6971,30647,7.76880269498644,8.2421486288029,7.00662771995559,7.06761303581915,7.87547914216038,7.74453795412275,141
"145",2019,9,7.63952380952381,294,8.23830303030303,6.87364341085271,6.88055555555556,7.90789473684211,7.5996875,165,129,36,38,256,37912,23371,14541,3442,7009,30903,7.76780016300907,8.24212147875573,7.00544795406093,7.06565659500291,7.8756548865744,7.74333801507944,142
"146",2019,10,7.68894495412844,327,8.20197368421053,6.97744525547445,6.86666666666667,7.87972972972973,7.66460344827586,190,137,15,37,290,38239,23561,14678,3457,7046,31193,7.76712583435759,8.24179771996096,7.00518658536585,7.06479317327163,7.87567628441669,7.74260602314622,143
"147",2019,11,7.75671256329114,316,8.28120717514124,7.0888309352518,7.57941176470588,7.69121951219512,7.76647698181818,177,139,34,41,275,38555,23738,14817,3491,7087,31468,7.76704048631825,8.24209157258405,7.00597126273875,7.06980521340591,7.87460915761253,7.7428146323249,144
"148",2019,12,7.69013115853659,328,8.11460666666667,7.15441379310345,7.24166666666667,8.01714285714286,7.65106832764505,183,145,24,35,293,38883,23921,14962,3515,7122,31761,7.7663917128308,8.24111628987083,7.00740985162411,7.0709786628734,7.8753096180848,7.74196825887094,145
"149",2020,1,7.75800627572016,486,8.27260920689655,6.99660397959184,7.140625,8.19981132075472,7.70392852193995,290,196,32,53,433,39369,24211,15158,3547,7175,32194,7.76628819680459,8.24149351286606,7.00727012666579,7.07160699182408,7.87770663414634,7.7414566353979,146
"150",2020,2,7.67853211009174,327,8.13197802197802,7.10937931034483,7.39516129032258,7.92857142857143,7.64856164383562,182,145,31,35,292,39696,24393,15303,3578,7210,32486,7.76556529675534,8.24067640060673,7.00823763837156,7.07441028507546,7.87795355062413,7.74062164994151,147
"151",2020,3,7.65888404833837,331,8.04767340314136,7.12846428571429,7.28846153846154,7.93333333333333,7.62222815068493,191,140,26,39,292,40027,24584,15443,3604,7249,32778,7.76468310490419,8.2391769061178,7.00932756459237,7.07595449500555,7.87825149675817,7.73956695161389,148
"152",2020,4,7.7512893081761,318,8.17047120418848,7.12086614173228,7.01176470588235,7.81170212765957,7.74081180811808,191,127,17,47,271,40345,24775,15570,3621,7296,33049,7.76457753476267,8.23864722744703,7.01023735260116,7.07565313449324,7.8778227933114,7.73957715936942,149
"153",2020,5,7.59996884735202,321,8.13831395348837,6.97852348993289,6.83529411764706,7.57159090909091,7.60447653429603,172,149,34,44,277,40666,24947,15719,3655,7340,33326,7.76327818423253,8.23795546799215,7.00993673770596,7.07341723666211,7.87598707084468,7.73845422612975,150
"154",2020,6,7.76301282051282,312,8.24248484848485,7.22482993197279,7.114,8.24255319148936,7.67796226415094,165,147,25,47,265,40978,25112,15866,3680,7387,33591,7.76327616379521,8.23798522857598,7.01192774360267,7.07369293478261,7.8783193583322,7.73797700395939,151
"155",2020,7,7.69165562913907,302,8.31291925465839,6.9822695035461,7.10206896551724,8.29714285714286,7.61228464419476,161,141,29,35,267,41280,25273,16007,3709,7422,33858,7.76275219573643,8.2384625909073,7.01166649465859,7.07391480183338,7.88029440851522,7.73698580955756,152
"156",2020,8,7.78016510835913,323,8.34806157608696,7.02841726618705,7.00357142857143,7.9452380952381,7.75549227758007,184,139,28,42,281,41603,25457,16146,3737,7464,34139,7.76288738720765,8.23925475861257,7.01181070110244,7.07338774417983,7.88065984726688,7.73713813732095,153
"157",2020,9,7.81283828382838,303,8.29785714285714,7.20925925925926,7.105,8.05581395348837,7.77265384615385,168,135,20,43,260,41906,25625,16281,3757,7507,34399,7.76324855557677,8.23963896156098,7.01344791966095,7.07355602874634,7.88166312774743,7.7374065778075,154
"158",2020,10,7.68169014084507,355,8.22633507853403,7.04737804878049,6.55322580645161,7.64305084745763,7.68939189189189,191,164,31,59,296,42261,25816,16445,3788,7566,34695,7.76256345022598,8.23954053261544,7.01378629249012,7.06929778247096,7.8798024187153,7.73699694105779,155
"159",2020,11,7.75253731343284,335,8.17713567839196,7.13125,6.56153846153846,7.56774193548387,7.77138157894737,199,136,39,31,304,42596,26015,16581,3827,7597,34999,7.76248459878862,8.23906317086297,7.01474974850733,7.06412333420434,7.87852903777807,7.73729560473157,156
"160",2020,12,7.62869565217391,391,8.31412037037037,6.78268571428571,7.10060606060606,7.27169811320755,7.68467455621302,216,175,33,53,338,42987,26231,16756,3860,7650,35337,7.76126768488147,8.2396812317487,7.01232606708045,7.06443523316062,7.8743248496732,7.73679228202734,157
"161",2021,1,7.80843256818182,440,8.2933877689243,7.16439153439153,7.07272727272727,8.01821153846154,7.78031786082474,251,189,33,52,388,43427,26482,16945,3893,7702,35725,7.7617455569116,8.2401902696171,7.01402216465034,7.06450552273311,7.87529629966242,7.73726500209937,158
"162",2021,2,7.79609997134671,349,8.19804761904762,7.1888409352518,6.96964285714286,7.4280487804878,7.8450937987013,210,139,28,41,308,43776,26692,17084,3921,7743,36033,7.76201944421601,8.23985871122434,7.01544453699368,7.06382810507524,7.87292807697275,7.73818669247634,159
"163",2021,3,7.87100226086956,345,8.28526395121951,7.26440478571429,6.82333333333333,7.9645,7.85733481727575,205,140,30,44,301,44121,26897,17224,3951,7787,36334,7.76287162507649,8.24020477488196,7.01746813399907,7.06200202480385,7.87344549890844,7.73917374552761,160
"164",2021,4,7.81908588957055,326,8.250375,7.20111940298507,7.31904761904762,8.29005128205128,7.75508710801394,192,134,21,39,287,44447,27089,17358,3972,7826,36621,7.76328393299885,8.24027685887261,7.01888588201406,7.06336102719034,7.8755216074623,7.73929845908086,161
"165",2021,5,7.66566433121019,314,8.12194437869822,7.13386206896552,7.07380952380952,7.75534871794872,7.65294545454545,169,145,21,39,275,44761,27258,17503,3993,7865,36896,7.76259912803557,8.23954319575905,7.01983837856368,7.06341597796144,7.87492570883662,7.73865483710972,162
"166",2021,6,7.70788888888889,270,8.14303797468354,7.09401785714286,6.60857142857143,7.43846153846154,7.75337662337662,158,112,21,39,231,45031,27416,17615,4014,7904,37127,7.76227109258067,8.2389870305661,7.0203100278172,7.06103637269557,7.87277210273279,7.73874643440084,163
"167",2021,7,7.71108092105263,304,8.25211764705882,7.02469104477612,6.0474125,8.06951363636364,7.65042307692308,170,134,16,44,260,45335,27586,17749,4030,7948,37387,7.76192782993272,8.23906794859712,7.02034310327342,7.05701205955335,7.87386126069451,7.73813220825421,164
"168",2021,8,7.71618618618619,333,8.14219101123595,7.22696774193548,7.29363636363636,7.72263157894737,7.71535593220339,178,155,22,38,295,45668,27764,17904,4052,7986,37682,7.76159429294035,8.23844685311915,7.02213191130474,7.0582967917078,7.87314166040571,7.73795390027069,165
"169",2021,9,7.71839792387543,289,8.09980701754386,7.1656779661017,6.73846153846154,7.56602777777778,7.7400790513834,171,118,26,36,253,45957,27935,18022,4078,8022,37935,7.76132265313227,8.23759818972615,7.02307178670514,7.0562576262874,7.87176343804537,7.73796807354686,166
"170",2021,10,7.57984080597015,335,8.16755300578035,6.95222222222222,6.39117647058824,7.89142857142857,7.5434889,173,162,34,35,300,46292,28108,18184,4112,8057,38235,7.76000932860969,8.23716707343106,7.02244059282886,7.05075841439689,7.87184886434156,7.73644214829345,167
"171",2021,11,7.51740121580547,329,8.00809659090909,6.95294117647059,6.95535714285714,7.43676470588235,7.52669491525424,176,153,28,34,295,46621,28284,18337,4140,8091,38530,7.75829726603891,8.23574165959554,7.02186070458636,7.0501131884058,7.87002055370164,7.73483624552297,168
"172",2021,12,7.67603640756302,476,8.02045175824176,7.21285714285714,6.80888888888889,7.92314814814815,7.64441547393365,273,203,45,54,422,47097,28557,18540,4185,8145,38952,7.7574658719239,8.23368352523025,7.02395198166127,7.04751937873358,7.87037278084714,7.73385664073732,169
"173",2022,1,7.70028941548183,633,8.05081899441341,7.24396363636364,7.05434782608696,8.02777654320988,7.65223423913043,358,275,46,81,552,47730,28915,18815,4231,8226,39504,7.75670759208045,8.23141945806675,7.02716767153867,7.0475936185299,7.87192270848529,7.73271610900162,170
"174",2022,2,7.69988157894737,380,8.21395833333333,7.02280487804878,7.00857142857143,7.86429824561403,7.67086687306502,216,164,35,57,323,48110,29131,18979,4266,8283,39827,7.75625874807732,8.23128998764204,7.0271299720744,7.04727346460385,7.87187024025111,7.73221450699275,171
"175",2022,3,7.80431486153846,325,8.16736165,7.22344,7.56652173913043,7.63378378378378,7.82622336805556,200,125,23,37,288,48435,29331,19104,4289,8320,40115,7.75658120573965,8.23085407793802,7.02841445456449,7.05005796222896,7.87081144230769,7.73288943038764,172
"176",2022,4,7.67034161490683,322,8.20446428571429,7.08766233766234,6.95666666666667,7.909375,7.64396551724138,168,154,30,32,290,48757,29499,19258,4319,8352,40405,7.7560116639662,8.23070378521306,7.02888824073113,7.04940926140311,7.8709591954023,7.73225119415914,173
"177",2022,5,7.74432714617169,431,8.13736734693878,7.22661290322581,7.0625,7.63382352941176,7.75915789473684,245,186,24,51,380,49188,29744,19444,4343,8403,40785,7.75590928071887,8.22993497713825,7.03077966159227,7.04948160257887,7.86951995715815,7.732501887949,174
"178",2022,6,7.72758035812672,363,8.1683017535545,7.11578947368421,6.97916666666667,7.4848717948718,7.75679527777778,211,152,24,39,324,49551,29955,19596,4367,8442,41109,7.75570174910698,8.22950083892506,7.03143905592978,7.04909516830777,7.8677429755982,7.73269335595612,175
"179",2022,7,7.69897436813187,364,8.05280126760563,7.19986754966887,7.04153846153846,7.73111111111111,7.69444097178683,213,151,26,45,319,49915,30168,19747,4393,8487,41428,7.75528807051988,8.22825325841952,7.03272698333924,7.04905044388801,7.86701852244609,7.73239880853529,176
"180",2022,8,7.76452322738386,409,8.31857142857143,7.09367567567568,7.6,7.73673913043478,7.76804407713499,224,185,30,46,363,50324,30392,19932,4423,8533,41791,7.75536312773229,8.22891893590419,7.0332926821192,7.05278738412842,7.86631620766436,7.73270842621617,177
"181",2022,9,7.62723653295129,349,8.09704069306931,6.98165530612245,6.80952380952381,7.21906976744186,7.68459330065359,202,147,21,43,306,50673,30594,20079,4444,8576,42097,7.75448068182267,8.22804819637838,7.03291464066936,7.05163784878488,7.86307091884328,7.73235868090363,178
"182",2022,10,7.60883845938375,357,8.0810824742268,7.04678116564417,7.20740740740741,7.485,7.62900758957655,194,163,27,50,307,51030,30788,20242,4471,8626,42404,7.7534617856163,8.22712214239315,7.03302630174884,7.05257852829345,7.8608794574542,7.73161043109141,179
"183",2022,11,7.69580778032037,437,8.09064257028112,7.17286170212766,7.25961538461539,8.09949152542373,7.63279894179894,249,188,26,59,378,51467,31037,20430,4497,8685,42782,7.75297225251132,8.22602721010407,7.0343130885952,7.05377553924839,7.86250042602187,7.73073738301155,180
"184",2022,12,7.71485748792271,414,8.11792682926829,7.12464880952381,6.5215,7.69423076923077,7.71782044198895,246,168,20,52,362,51881,31283,20598,4517,8737,43144,7.75266810431565,8.2251771415785,7.03504987862899,7.05141877352225,7.8614989355614,7.73062900333766,181
