"","year","month","avg_rating","no_ratings","avg_rating_owned","avg_rating_not_owned","avg_rating_prev_owned","avg_rating_comment","avg_rating_no_comment","no_ratings_owned","no_ratings_not_owned","no_ratings_prev_owned","no_ratings_comment","no_ratings_no_comment","cum_no_ratings","cum_no_ratings_owned","cum_no_ratings_not_owned","cum_no_ratings_prev_owned","cum_no_ratings_comment","cum_no_ratings_no_comment","cum_avg_rating","cum_avg_rating_owned","cum_avg_rating_not_owned","cum_avg_rating_prev_owned","cum_avg_rating_comment","cum_avg_rating_no_comment","month_after_release"
"1",2002,5,6.66666666666667,3,6.5,7,NA,8,6,2,1,0,1,2,3,2,1,0,1,2,6.66666666666667,6.5,7,NA,8,6,-4
"2",2002,8,5,2,7,3,NA,7,3,1,1,0,1,1,5,3,2,0,2,3,6,6.66666666666667,5,NA,7.5,5,-1
"3",2002,9,8,3,8,8,NA,8,8,2,1,0,1,2,8,5,3,0,3,5,6.75,7.2,6,NA,7.66666666666667,6.2,0
"4",2002,10,7,5,7.25,6,6,6.75,8,4,1,1,4,1,13,9,4,1,7,6,6.84615384615385,7.22222222222222,6,6,7.14285714285714,6.5,1
"5",2002,11,6.64285714285714,7,6.75,6,NA,6.33333333333333,6.875,6,1,0,3,4,20,15,5,1,10,10,6.775,7.03333333333333,6,6,6.9,6.65,2
"6",2002,12,7.08333333333333,6,7.125,7,7,7.5,6.66666666666667,4,2,1,3,3,26,19,7,2,13,13,6.84615384615385,7.05263157894737,6.28571428571429,6.5,7.03846153846154,6.65384615384615,3
"7",2003,1,7.426666875,16,7.65090909090909,6.933334,NA,7.554445,7.35,11,5,0,6,10,42,30,12,2,19,23,7.06730166666667,7.272,6.55555583333333,6.5,7.20140368421053,6.95652173913043,4
"8",2003,2,7.0625,8,7,7.125,6.5,7.625,6.5,4,4,1,4,4,50,34,16,3,23,27,7.0665334,7.24,6.697916875,6.5,7.27507260869565,6.88888888888889,5
"9",2003,3,8,4,8.5,7.5,NA,10,7.33333333333333,2,2,0,1,3,54,36,18,3,24,30,7.13567907407407,7.31,6.78703722222222,6.5,7.38861125,6.93333333333333,6
"10",2003,4,7.15,10,7.35714285714286,6.66666666666667,4,7.625,6.83333333333333,7,3,1,4,6,64,43,21,4,28,36,7.13791671875,7.31767441860465,6.76984142857143,5.875,7.42238107142857,6.91666666666667,7
"11",2003,5,6.5,14,6.5625,6.41666666666667,NA,6.3,7,8,6,0,10,4,78,51,27,4,38,40,7.02341884615385,7.19921568627451,6.69135814814815,5.875,7.12701763157895,6.925,8
"12",2003,6,5.75,12,6.8,5,7,5.8,5.71428571428571,5,7,1,5,7,90,56,34,5,43,47,6.85362966666667,7.16357142857143,6.34313735294118,6.1,6.97271325581395,6.74468085106383,9
"13",2003,7,6.27948717948718,39,6.66,5.6,7,5.4,6.58275862068966,25,14,1,10,29,129,81,48,6,53,76,6.68005170542636,7.00814814814815,6.12638895833333,6.25,6.67597490566038,6.6828947368421,10
"14",2003,8,7.14285714285714,21,7.35714285714286,6.71428571428571,10,7.5,7,14,7,1,6,15,150,95,55,7,59,91,6.74484446666667,7.05957894736842,6.20121218181818,6.78571428571429,6.75977406779661,6.73516483516484,11
"15",2003,9,6.55454545454545,11,7.13333333333333,5.86,2,6.76666666666667,6.475,6,5,1,3,8,161,101,60,8,62,99,6.73184267080745,7.0639603960396,6.17277783333333,6.1875,6.76010758064516,6.71414141414141,12
"16",2003,10,7.14285714285714,7,7.75,6.33333333333333,NA,8,6.8,4,3,0,2,5,168,105,63,8,64,104,6.74896827380952,7.09009523809524,6.18042333333333,6.1875,6.79885421875,6.71826923076923,13
"17",2003,11,6.65384615384615,13,7.0625,6,NA,6.42857142857143,6.91666666666667,8,5,0,7,6,181,113,68,8,71,110,6.74213629834254,7.08814159292035,6.16715691176471,6.1875,6.76234746478873,6.72909090909091,14
"18",2003,12,6.7875,20,7.30555555555556,6.36363636363636,NA,6.57142857142857,6.90384615384615,9,11,0,7,13,201,122,79,8,78,123,6.74665009950249,7.10418032786885,6.19451481012658,6.1875,6.74521371794872,6.74756097560976,15
"19",2004,1,6.8,15,7.04545454545455,6.125,6.75,6.25,7.16666666666667,11,4,2,6,9,216,133,83,10,84,132,6.7503549537037,7.09932330827068,6.19116469879518,6.3,6.70984130952381,6.77613636363636,16
"20",2004,2,6.53125,16,6.86363636363636,5.8,NA,6.5,6.55555555555556,11,5,0,7,9,232,144,88,10,91,141,6.73524426724138,7.08131944444444,6.16893943181818,6.3,6.69369967032967,6.76205673758865,17
"21",2004,3,7.025,20,7.03571428571429,7,NA,6.5,7.30769230769231,14,6,0,7,13,252,158,94,10,98,154,6.75824075396825,7.07727848101266,6.22198585106383,6.3,6.67986397959184,6.80811688311688,18
"22",2004,4,6.96666666666667,15,7.40909090909091,5.75,NA,6.5,7.375,11,4,0,7,8,267,169,98,10,105,162,6.76995007490637,7.09887573964497,6.20272112244898,6.3,6.66787304761905,6.83611111111111,19
"23",2004,5,6.57894736842105,19,7.03571428571429,5.3,4,6.27777777777778,6.85,14,5,2,9,10,286,183,103,12,114,172,6.75726108391608,7.094043715847,6.15889970873786,5.91666666666667,6.63707605263158,6.83691860465116,20
"24",2004,6,7.11111111111111,18,7.53846153846154,6,6,6.375,7.7,13,5,1,8,10,304,196,108,13,122,182,6.77821273026316,7.12352040816327,6.15154324074074,5.92307692307692,6.61989073770492,6.88434065934066,21
"25",2004,7,6.93333333333333,15,7.09090909090909,6.5,NA,6.71428571428571,7.125,11,4,0,7,8,319,207,112,13,129,190,6.78550680250784,7.12178743961353,6.163988125,5.92307692307692,6.62501294573643,6.89447368421053,22
"26",2004,8,6.26923076923077,13,6.94444444444444,4.75,7,5.5,7.16666666666667,9,4,1,7,6,332,216,116,14,136,196,6.7652911746988,7.11439814814815,6.1152299137931,6,6.56710786764706,6.90280612244898,23
"27",2004,9,6.45652173913043,23,7.07692307692308,5.65,7,6.2,6.65384615384615,13,10,1,10,13,355,229,126,15,146,209,6.7452863943662,7.11227074235808,6.0783069047619,6.06666666666667,6.54196349315069,6.88732057416268,24
"28",2004,10,6.8125,24,7.61764705882353,4.85714285714286,6,6.875,6.75,17,7,1,12,12,379,246,133,16,158,221,6.74954266490765,7.14719512195122,6.01403511278196,6.0625,6.56725740506329,6.87986425339366,25
"29",2004,11,6.68181818181818,22,7.15625,5.41666666666667,NA,6.65,6.70833333333333,16,6,0,10,12,401,262,139,16,168,233,6.74582710723192,7.14774809160305,5.98824942446043,6.0625,6.57218255952381,6.87103004291845,26
"30",2004,12,6.75769230769231,26,7.41333333333333,5.86363636363636,NA,7.03333333333333,6.52142857142857,15,11,0,12,14,427,277,150,16,180,247,6.74654957845433,7.16212996389892,5.97911113333333,6.0625,6.60292594444445,6.85121457489878,27
"31",2005,1,6.96486486486486,37,7.4875,6,6.5,6.635,7.35294117647059,24,13,1,20,17,464,301,163,17,200,264,6.76395834051724,7.188073089701,5.98077711656442,6.08823529411765,6.60613335,6.88352272727273,28
"32",2005,2,6.5,23,6.84615384615385,6.05,4,6.11111111111111,6.75,13,10,1,9,14,487,314,173,18,209,278,6.75149213552361,7.17391719745223,5.98477843930636,5.97222222222222,6.58481660287081,6.87679856115108,29
"33",2005,3,6.1,25,7.11538461538461,5,7,5.16666666666667,6.625,13,12,1,9,16,512,327,185,19,218,294,6.71968099609375,7.17159021406728,5.92090091891892,6.02631578947368,6.52626912844037,6.86309523809524,30
"34",2005,4,6.23809523809524,21,6.55555555555556,6,8,6.6,5.90909090909091,9,12,1,10,11,533,336,197,20,228,305,6.70070669793621,7.15508928571428,5.92571913705584,6.125,6.52950293859649,6.82868852459016,31
"35",2005,5,6.59677419354839,31,6.88235294117647,6.25,NA,6.69230769230769,6.52777777777778,17,14,0,13,18,564,353,211,20,241,323,6.69499409574468,7.14195467422096,5.9472354028436,6.125,6.53828493775934,6.81191950464396,32
"36",2005,6,7.02272727272727,22,7.45454545454545,6.59090909090909,6,6.5,7.32142857142857,11,11,1,8,14,586,364,222,21,249,337,6.70729807167235,7.1514010989011,5.97912914414414,6.11904761904762,6.53705489959839,6.83308605341246,33
"37",2005,7,6.36129032258065,31,6.75909090909091,5.38888888888889,NA,6.2,6.65454545454545,22,9,0,20,11,617,386,231,21,269,348,6.68991356564019,7.1290414507772,5.95613277056277,6.11904761904762,6.51199505576208,6.82744252873563,34
"38",2005,8,6.69642857142857,28,7.16666666666667,5.85,7,6.58333333333333,6.9,18,10,1,18,10,645,404,241,22,287,358,6.6901963875969,7.13071782178218,5.95172892116183,6.15909090909091,6.51646923344948,6.82946927374302,35
"39",2005,9,6.51315789473684,19,6.7,6.30555555555556,6.33333333333333,6.25,6.66666666666667,10,9,3,7,12,664,414,250,25,294,370,6.68513052710843,7.12031400966183,5.96446668,6.18,6.51012472789116,6.82418918918919,36
"40",2005,10,6.675,20,7.17857142857143,5.5,5.5,6.78571428571429,6.61538461538461,14,6,2,7,13,684,428,256,27,301,383,6.6848343128655,7.12221962616822,5.9535807421875,6.12962962962963,6.51653378737542,6.81710182767624,37
"41",2005,11,6.57558139534884,43,6.83035714285714,6.1,4,6.7375,6.43478260869565,28,15,1,20,23,727,456,271,28,321,406,6.67837231086657,7.10429824561403,5.96168512915129,6.05357142857143,6.53030115264797,6.79544334975369,38
"42",2005,12,6.60606060606061,33,6.93181818181818,5.95454545454545,8,6.59375,6.61764705882353,22,11,1,16,17,760,478,282,29,337,423,6.67523246052632,7.09635983263598,5.96140663120567,6.12068965517241,6.53331356083086,6.78829787234042,39
"43",2006,1,6.46341463414634,41,7.02777777777778,6.02173913043478,6,6.42105263157895,6.5,18,23,1,19,22,801,496,305,30,356,445,6.66439034956305,7.09387096774193,5.96595629508197,6.11666666666667,6.52732210674157,6.77404494382022,40
"44",2006,2,6.625,24,7,5.875,NA,5.88888888888889,7.06666666666667,16,8,0,9,15,825,512,313,30,365,460,6.66324444848485,7.0909375,5.96363153354633,6.11666666666667,6.51157991780822,6.78358695652174,41
"45",2006,3,6.48076923076923,26,6.8125,5.95,4.5,6.27777777777778,6.58823529411765,16,10,1,9,17,851,528,323,31,374,477,6.65766941245593,7.0825,5.96320950464396,6.06451612903226,6.5059536631016,6.77662473794549,42
"46",2006,4,6.80555555555556,18,6.84615384615385,6.7,7,7.5,6.45833333333333,13,5,1,6,12,869,541,328,32,380,489,6.66073264672037,7.07682070240296,5.97444106707317,6.09375,6.52164913157895,6.76881390593047,43
"47",2006,5,6.525,32,6.99090909090909,5.5,6.33333333333333,6.60833333333333,6.475,22,10,3,12,20,901,563,338,35,392,509,6.65591195338513,7.07346358792185,5.96040434911243,6.11428571428571,6.52430272959184,6.75726915520629,44
"48",2006,6,6.65,31,6.884375,6.4,6.33333333333333,6.28947368421053,7.22083333333333,16,15,3,19,12,932,579,353,38,411,521,6.6557153111588,7.06823834196891,5.9790840509915,6.13157894736842,6.51344688564477,6.7679462571977,45
"49",2006,7,6.88709677419355,31,7.07826086956522,6.3375,8.25,6.625,7.05263157894737,23,8,2,12,19,963,602,361,40,423,540,6.66316372793354,7.06862126245847,5.9870267867036,6.2375,6.51661151300236,6.77796296296296,46
"50",2006,8,6.80645161290323,31,7.225,6.04545454545455,NA,6.63888888888889,7.03846153846154,20,11,0,18,13,994,622,372,40,441,553,6.66763246478873,7.07364951768489,5.98875448924731,6.2375,6.52160242630386,6.78408679927667,47
"51",2006,9,6.35526315789474,38,6.84782608695652,5.6,5,6.06818181818182,6.75,23,15,1,22,16,1032,645,387,41,463,569,6.65613049418605,7.06559689922481,5.97368648578811,6.20731707317073,6.50005760259179,6.78312829525483,48
"52",2006,10,6.3045,40,6.9712,5.19333333333333,5,6.54166666666667,6.20285714285714,25,15,2,12,28,1072,670,402,43,475,597,6.64300995335821,7.06207462686567,5.94456883084577,6.15116279069767,6.50110877894737,6.75591289782245,49
"53",2006,11,6.83333333333333,39,7.2037037037037,6,6.5,6.26923076923077,7.11538461538461,27,12,2,13,26,1111,697,414,45,488,623,6.64969097209721,7.06756097560976,5.94617553140097,6.16666666666667,6.49493170081967,6.77091492776886,50
"54",2006,12,6.84615384615385,52,7.28125,6.15,3,6.92105263157895,6.8030303030303,32,20,1,19,33,1163,729,434,46,507,656,6.65847521066208,7.07694101508916,5.9555683640553,6.09782608695652,6.51090072978304,6.77253048780488,51
"55",2007,1,6.61929824561404,57,7.01764705882353,6.0304347826087,6.5,6.29047619047619,6.81111111111111,34,23,2,21,36,1220,763,457,48,528,692,6.65664481147541,7.07429882044561,5.95933625820569,6.11458333333333,6.50213384469697,6.77453757225434,52
"56",2007,2,6.76425795454545,44,7.08928571428571,6.195459375,NA,6.83333333333333,6.71643653846154,28,16,0,18,26,1264,791,473,48,546,718,6.66039083860759,7.07482932996207,5.96732350951374,6.11458333333333,6.51305250915751,6.77243363509749,53
"57",2007,3,6.91481481481481,27,7.4375,6.15454545454545,5.6,7.09090909090909,6.79375,16,11,1,11,16,1291,807,484,49,557,734,6.66571186676995,7.08201982651797,5.97157855371901,6.10408163265306,6.52446439856373,6.77289829700272,54
"58",2007,4,6.62205882352941,34,7.28571428571429,6.1575,6.625,6.28846153846154,6.82857142857143,14,20,2,13,21,1325,821,504,51,570,755,6.66459171320755,7.08549330085262,5.97895638888889,6.12450980392157,6.51908187719298,6.77444682119205,55
"59",2007,5,6.48947368421053,38,6.7421052631579,6.23684210526316,NA,6.04666666666667,6.77826086956522,19,19,0,15,23,1363,840,523,51,585,778,6.65970947909024,7.07772619047619,5.98832508604206,6.12450980392157,6.50696866666667,6.77455957583547,56
"60",2007,6,6.88913043478261,46,7.17307692307692,6.52,6.6,6.63157894736842,7.07037037037037,26,20,4,19,27,1409,866,543,55,604,805,6.6671994464159,7.08058891454965,6.0079079558011,6.15909090909091,6.51088852649007,6.78448118012422,57
"61",2007,7,6.51666666666667,42,7.03333333333333,6.22962962962963,6,6.23529411764706,6.708,15,27,2,17,25,1451,881,570,57,621,830,6.66284219159201,7.07978433598184,6.01841056140351,6.15350877192982,6.50334407407407,6.78217753012048,58
"62",2007,8,6.64516129032258,31,7.32352941176471,5.82142857142857,5.5,6.29166666666667,6.86842105263158,17,14,1,12,19,1482,898,584,58,633,849,6.66247234817814,7.0843986636971,6.01368839041096,6.14224137931035,6.49933123222749,6.78410759717314,59
"63",2007,9,6.74074074074074,54,7,6.44,6.25,6.7,6.75365853658537,29,25,2,13,41,1536,927,609,60,646,890,6.66522397135417,7.08175836030205,6.03118886699507,6.14583333333333,6.50336945820433,6.78270488764045,60
"64",2007,10,7.0652,50,7.39533333333333,6.57,7.5,7.01238095238095,7.10344827586207,30,20,2,21,29,1586,957,629,62,667,919,6.67783355611602,7.09158829676071,6.04832117647059,6.18951612903226,6.51939530734633,6.79282627856365,61
"65",2007,11,6.62372881355932,59,6.79411764705882,6.392,NA,6.60434782608696,6.63611111111111,34,25,0,23,36,1645,991,654,62,690,955,6.6758930212766,7.0813824419778,6.06145874617737,6.18951612903226,6.52222705797101,6.78691869109947,62
"66",2007,12,6.79150943396226,53,7.17931034482759,6.32291666666667,5.875,6.635,6.88636363636364,29,24,4,20,33,1698,1020,678,66,710,988,6.67950177856302,7.08416666666667,6.07071389380531,6.17045454545455,6.52540376056338,6.79024023279352,63
"67",2008,1,6.98152173913043,92,7.35740740740741,6.44736842105263,7,6.98717948717949,6.97735849056604,54,38,3,39,53,1790,1074,716,69,749,1041,6.69502459217877,7.09790502793296,6.09070393854749,6.20652173913043,6.54944815754339,6.79976690682036,64
"68",2008,2,6.69166666666667,54,6.85178571428571,6.51923076923077,6.66666666666667,6.55625,6.8,28,26,3,24,30,1844,1102,742,72,773,1071,6.69492625813449,7.09165154264973,6.10571970350404,6.22569444444444,6.54965934023286,6.79977343604108,65
"69",2008,3,6.60771929824561,57,6.94833333333333,6.02380952380952,7.5,6.44541666666667,6.72575757575758,36,21,2,24,33,1901,1138,763,74,797,1104,6.69231142556549,7.08711775043937,6.1034652948886,6.26013513513514,6.54652028858218,6.79756100543478,66
"70",2008,4,6.2968085106383,47,6.46521739130435,6.13541666666667,7.08333333333333,6.46739130434783,6.13333333333333,23,24,3,23,24,1948,1161,787,77,820,1128,6.68276900410678,7.07479758828596,6.10443966963151,6.29220779220779,6.54430081707317,6.78342850177305,67
"71",2008,5,6.77952380952381,42,7.11923076923077,6.2275,6.5,6.57894736842105,6.94521739130435,26,16,2,19,23,1990,1187,803,79,839,1151,6.68481106532663,7.07577085088458,6.10689168119552,6.29746835443038,6.54508542312276,6.78666146828844,68
"72",2008,6,6.95701666666667,60,7.32487878787879,6.50740740740741,6.14,6.65080769230769,7.19117647058824,33,27,5,26,34,2050,1220,830,84,865,1185,6.69277805853659,7.08250901639344,6.1199205060241,6.28809523809524,6.54826320231214,6.79826780590717,69
"73",2008,7,6.47222222222222,54,7.17741935483871,5.52173913043478,5.1875,5.88636363636364,6.875,31,23,8,22,32,2104,1251,853,92,887,1217,6.68711740494297,7.08486091127098,6.10379134818288,6.19239130434783,6.53184630214205,6.8002854149548,70
"74",2008,8,6.77234042553192,47,6.84827586206897,6.65,8,6.85,6.73225806451613,29,18,1,16,31,2151,1280,871,93,903,1248,6.68897955369596,7.07950078125,6.11507924225029,6.21182795698925,6.53748357696567,6.79859563301282,71
"75",2008,9,6.93125,40,7.2875,6.575,6.4,7.41071428571429,6.67307692307692,20,20,5,14,26,2191,1300,891,98,917,1274,6.6934025650388,7.08270076923077,6.12540294051627,6.22142857142857,6.55081534351145,6.7960340266876,72
"76",2008,10,6.62542372881356,59,6.81818181818182,6.38076923076923,5.83333333333333,6.47666666666667,6.77931034482759,33,26,6,30,29,2250,1333,917,104,947,1303,6.69162000888889,7.07615228807202,6.13264342420938,6.19903846153846,6.54846638859556,6.79566181887951,73
"77",2008,11,6.58490566037736,53,6.85,6.11052631578947,6.4,6.14285714285714,6.74358974358974,34,19,5,14,39,2303,1367,936,109,961,1342,6.68916414242293,7.07052743233358,6.13219446581197,6.20825688073395,6.54255740894901,6.79414854694486,74
"78",2008,12,6.75208333333333,48,7.335,6.33571428571429,6.6875,7.56153846153846,6.45142857142857,20,28,8,13,35,2351,1387,964,117,974,1377,6.69044875372182,7.07434102379236,6.13810582987552,6.24102564102564,6.55615777207392,6.78543743645606,75
"79",2009,1,6.609375,64,6.94864864864865,6.14444444444444,6.44285714285714,6.66551724137931,6.56285714285714,37,27,7,29,35,2415,1424,991,124,1003,1412,6.68830021532091,7.07107514044944,6.13827852674066,6.25241935483871,6.5593197108674,6.77992021954674,76
"80",2009,2,6.5527397260274,73,7.02413793103448,6.24204545454545,6,6.59722222222222,6.53818181818182,29,44,4,18,55,2488,1453,1035,128,1021,1467,6.68432275723473,7.07013833448039,6.14268987439613,6.24453125,6.55998792360431,6.77085708929789,77
"81",2009,3,6.61095238095238,84,7.02837209302326,6.17317073170732,6.13,6.28695652173913,6.73311475409836,43,41,10,23,61,2572,1496,1076,138,1044,1528,6.68192652410575,7.0689378342246,6.1438513197026,6.23623188405797,6.55397286398468,6.76935035994764,78
"82",2009,4,6.51282051282051,78,7.04285714285714,6.216,5.18181818181818,6.34615384615385,6.54615384615385,28,50,11,13,65,2650,1524,1126,149,1057,1593,6.67694906415094,7.06845866141732,6.14705507992895,6.15838926174497,6.5514169063387,6.76024315756434,79
"83",2009,5,6.29164179104478,67,7.1336,5.79047619047619,4,5.21875,6.62823529411765,25,42,3,16,51,2717,1549,1168,152,1073,1644,6.66744755980861,7.06951000645578,6.13423289383562,6.11578947368421,6.53154489282386,6.75614802311435,80
"84",2009,6,6.55862068965517,58,7.05185185185185,6.12903225806452,6.6,6.08947368421053,6.78717948717949,27,31,8,19,39,2775,1576,1199,160,1092,1683,6.66517298018018,7.06920748730965,6.13409843202669,6.14,6.52385317765568,6.75686711229946,81
"85",2009,7,6.7734375,64,7.10588235294118,6.39666666666667,5.3,6.34210526315789,6.95555555555556,34,30,5,19,45,2839,1610,1229,165,1111,1728,6.66761360338147,7.06998198757764,6.14050774613507,6.11454545454545,6.52074497749775,6.76204129050926,82
"86",2009,8,6.55230769230769,65,6.98333333333333,6.1078125,6.15909090909091,6.49444444444444,6.57446808510638,33,32,11,18,47,2904,1643,1261,176,1129,1775,6.66503272038568,7.06824163116251,6.13967804916733,6.11732954545455,6.520325659876,6.75707456338028,83
"87",2009,9,6.40089285714286,56,6.61111111111111,6.30131578947368,5.97222222222222,5.88461538461539,6.55697674418605,18,38,9,13,43,2960,1661,1299,185,1142,1818,6.66003547972973,7.06328777844672,6.14440648190916,6.11027027027027,6.51308902802102,6.75234177667767,84
"88",2009,10,6.77678571428571,84,7.30952380952381,6.24404761904762,6.1875,6.31739130434783,6.95,42,42,8,23,61,3044,1703,1341,193,1165,1879,6.66325723390276,7.06936054022314,6.1475272334079,6.11347150259067,6.50922546781116,6.75875856838744,85
"89",2009,11,6.66732673267327,101,7.1525,6.34918032786885,6.26666666666667,6.28695652173913,6.77948717948718,40,61,18,23,78,3145,1743,1402,211,1188,1957,6.6633879236884,7.07126850258176,6.1563010128388,6.12654028436019,6.50492228114478,6.75958474706183,86
"90",2009,12,6.56780821917808,73,6.88088235294118,6.29487179487179,5.6,6.68,6.53879310344828,34,39,7,15,58,3218,1777,1441,218,1203,2015,6.6612197078931,7.06762577377603,6.16005136710617,6.10963302752294,6.5071052950956,6.75322945409429,87
"91",2010,1,6.8271052631579,76,7.11028571428571,6.58536585365854,7.34285714285714,7.24736842105263,6.68701754385965,35,41,7,19,57,3294,1812,1482,225,1222,2072,6.66504706132362,7.06844977924945,6.17181782726046,6.148,6.51861511456628,6.75140798745174,88
"92",2010,2,6.59615384615385,52,7.17692307692308,6.4025641025641,5.66666666666667,6.46428571428571,6.64473684210526,13,39,3,14,38,3346,1825,1521,228,1236,2110,6.66397639569636,7.06922246575343,6.17773439842209,6.14166666666667,6.51799973300971,6.7494868957346,89
"93",2010,3,6.98461538461538,52,7.27173913043478,6.75689655172414,5,7.63461538461539,6.76794871794872,23,29,1,13,39,3398,1848,1550,229,1249,2149,6.66888317245439,7.07174296536797,6.18857033548387,6.13668122270742,6.52962183346677,6.74982194043741,90
"94",2010,4,7.00681818181818,44,7.33333333333333,6.78076923076923,7,6.6,7.05897435897436,18,26,3,5,39,3442,1866,1576,232,1254,2188,6.67320308541546,7.07426634512326,6.1983401142132,6.14784482758621,6.52990244816587,6.75533242687386,91
"95",2010,5,6.08965517241379,29,6.09090909090909,6.08888888888889,6.66666666666667,5.68,6.175,11,18,3,5,24,3471,1877,1594,235,1259,2212,6.66832757706713,7.06850346297283,6.19710415307403,6.15446808510638,6.52652714058777,6.74903587251356,92
"96",2010,6,6.82794117647059,34,7.3375,6.55,6,6.96538461538462,6.74285714285714,12,22,3,13,21,3505,1889,1616,238,1272,2233,6.66987589728959,7.07021228163049,6.20190842821782,6.15252100840336,6.53101231918239,6.74897776533811,93
"97",2010,7,6.60903846153846,52,6.93703703703704,6.2548,5.9675,7.05,6.55152173913044,27,25,4,6,46,3557,1916,1641,242,1278,2279,6.66898651110487,7.06833559498956,6.20271421084704,6.14946280991736,6.53344888106416,6.74499225537517,94
"98",2010,8,6.60975609756098,41,7.00416666666667,6.05294117647059,NA,6.27272727272727,6.73333333333333,24,17,0,11,30,3598,1940,1658,242,1289,2309,6.66831156753752,7.06754175257732,6.20117854041013,6.14946280991736,6.53122394879752,6.74484077522737,95
"99",2010,9,6.34137931034483,29,6.72666666666667,5.92857142857143,6.5,5.625,6.61428571428571,15,14,4,8,21,3627,1955,1672,246,1297,2330,6.66569755169562,7.064926342711,6.19889594497608,6.15516260162602,6.52563428681573,6.74366409871245,96
"100",2010,10,6.28409090909091,44,6.84782608695652,5.66666666666667,5.2,5.22727272727273,6.63636363636364,23,21,5,11,33,3671,1978,1693,251,1308,2363,6.66112367747208,7.06240192113246,6.19229416420555,6.13613545816733,6.5147153440367,6.7421656157427,97
"101",2010,11,6.61818181818182,55,7.33157894736842,6.24166666666667,6,7.14285714285714,6.54166666666667,19,36,8,7,48,3726,1997,1729,259,1315,2411,6.66048980676329,7.06496294441663,6.19332216310006,6.1319305019305,6.51805906463878,6.73817393197843,98
"102",2010,12,6.6125,48,7.03103448275862,5.97368421052632,6.125,6.1,6.74736842105263,29,19,4,10,38,3774,2026,1748,263,1325,2449,6.65987944356121,7.06447729516288,6.19093479405034,6.13182509505703,6.51490390188679,6.73831659861168,99
"103",2011,1,6.84479166666667,48,7.15217391304348,6.562,7,7.22222222222222,6.75769230769231,23,25,2,9,39,3822,2049,1773,265,1334,2488,6.66220173207745,7.0654616886286,6.19616695995488,6.13837735849057,6.51967591454273,6.73862031752412,100
"104",2011,2,6.48837209302326,43,7.15789473684211,5.95833333333333,6,6.09090909090909,6.625,19,24,2,11,32,3865,2068,1797,267,1345,2520,6.66026779301423,7.06631092843327,6.1929905509182,6.13734082397004,6.51616927137546,6.73717751984127,101
"105",2011,3,6.94021739130435,46,7.45833333333333,6.375,NA,6.97727272727273,6.92857142857143,24,22,0,11,35,3911,2092,1819,267,1356,2555,6.66356047558169,7.07080831739962,6.1951918746564,6.13734082397004,6.51990978613569,6.73979935420744,102
"106",2011,4,6.26896551724138,29,6.09230769230769,6.4125,NA,6.1875,6.3,13,16,0,8,21,3940,2105,1835,267,1364,2576,6.6606560964467,7.06476532066508,6.19708665940054,6.13734082397004,6.5179601686217,6.73621403338509,103
"107",2011,5,6.44411764705882,34,6.73125,6.18888888888889,5.7,6.4375,6.44615384615385,16,18,5,8,26,3974,2121,1853,272,1372,2602,6.65880347760443,7.06224941065535,6.1970070264436,6.12930147058824,6.51749101311953,6.73331566102998,104
"108",2011,6,6.32,25,6.7,6.06666666666667,4.25,6.125,6.41176470588235,10,15,2,8,17,3999,2131,1868,274,1380,2619,6.65668542635659,7.06054950727358,6.19596039614561,6.11558394160584,6.51521570289855,6.731228465063,105
"109",2011,7,6.55862068965517,29,6.77368421052632,6.15,8,6.5,6.585,19,10,1,9,20,4028,2150,1878,275,1389,2639,6.65597939920556,7.05801441860465,6.1957156656017,6.12243636363636,6.51511711303096,6.73012025388405,106
"110",2011,8,6.43229166666667,48,7.09047619047619,5.92037037037037,5.3,6.35,6.44875,21,27,5,8,40,4076,2171,1905,280,1397,2679,6.65334519627086,7.05832842008291,6.19181313385827,6.10775,6.51417156048676,6.72591913027249,107
"111",2011,9,6.603125,32,6.875,6.44,6.25,6.975,6.47916666666667,12,20,2,8,24,4108,2183,1925,282,1405,2703,6.65295399707887,7.0573206596427,6.1943916987013,6.10875886524823,6.51679549466192,6.72372820939697,108
"112",2011,10,6.58181818181818,55,7.11764705882353,6.34210526315789,6,6,6.68085106382979,17,38,5,8,47,4163,2200,1963,287,1413,2750,6.652014177276,7.05778681818182,6.19725115639327,6.10686411149826,6.51386954706299,6.7229954,109
"113",2011,11,6.51604166666667,36,7.08823529411765,6.00407894736842,6,6.798125,6.375,17,19,4,12,24,4199,2217,1982,291,1425,2774,6.65084842105263,7.0580202976996,6.19539935418769,6.10539518900344,6.51626327719298,6.71998462509012,110
"114",2011,12,6.63152173913043,46,7.125,6.17916666666667,7.5,6.36363636363636,6.71571428571429,22,24,3,11,35,4245,2239,2006,294,1436,2809,6.65063899175501,7.05867842786959,6.1952051445663,6.11962585034014,6.51509412952646,6.71993141687433,111
"115",2012,1,7.10818181818182,55,7.25588235294118,6.86904761904762,6.5,7.23076923076923,7.0702380952381,34,21,6,13,42,4300,2273,2027,300,1449,2851,6.65649128372093,7.06162824461065,6.20218624568327,6.12723333333333,6.52151495514148,6.72509202034374,112
"116",2012,2,6.42647058823529,34,6.625,6.25,6.5,6.25,6.48076923076923,16,18,3,8,26,4334,2289,2045,303,1457,2877,6.65468678357176,7.05857623416339,6.2026071002445,6.13092409240924,6.52002413864104,6.72288402850191,113
"117",2012,3,6.68292682926829,41,7.10952380952381,6.235,5.03333333333333,5.95,6.76216216216216,21,20,6,4,37,4375,2310,2065,309,1461,2914,6.65495143314286,7.0590393939394,6.20292083292978,6.10961165048544,6.51846349760438,6.72338275566232,114
"118",2012,4,6.89166666666667,42,6.96666666666667,6.79166666666667,6.5,6.55555555555556,6.98333333333333,24,18,4,9,33,4417,2334,2083,313,1470,2947,6.65720229114784,7.05808954584405,6.20800841094575,6.11460063897764,6.51869059183673,6.72629363759756,115
"119",2012,5,6.59032258064516,31,7.28666666666667,5.9375,5.66666666666667,5.42857142857143,6.92916666666667,15,16,3,7,24,4448,2349,2099,316,1477,2971,6.65673617805755,7.05954916985952,6.20594641257742,6.11034810126582,6.51352415030467,6.7279324638169,116
"120",2012,6,6.78,25,7.07142857142857,6.40909090909091,6.6,7.0625,6.64705882352941,14,11,5,8,17,4473,2363,2110,321,1485,2988,6.65742511066399,7.05961955141769,6.20700545971564,6.11797507788162,6.51648159595959,6.72747233935743,117
"121",2012,7,6.69678571428571,28,7.015625,6.27166666666667,6,6.1,6.82652173913043,16,12,1,5,23,4501,2379,2122,322,1490,3011,6.65766996667407,7.05932366540563,6.20737112158341,6.11760869565217,6.51508400671141,6.72822894387247,118
"122",2012,8,6.58709677419355,31,6.86666666666667,6.41052631578947,6,6.68,6.56923076923077,12,19,1,5,26,4532,2391,2141,323,1495,3037,6.65718722859665,7.05835675449603,6.209173993461,6.11724458204334,6.51563556521739,6.72686774777741,119
"123",2012,9,7.14375,16,7.25714285714286,7.05555555555556,NA,7.66,6.90909090909091,7,9,0,5,11,4548,2398,2150,323,1500,3048,6.65889897097625,7.05893703085905,6.21271698604651,6.11724458204334,6.51945011333333,6.72752537729659,120
"124",2012,10,6.659375,32,6.97894736842105,6.19230769230769,6.16666666666667,6.54285714285714,6.692,19,13,3,7,25,4580,2417,2163,326,1507,3073,6.65890229694323,7.05830823334713,6.21259432269995,6.11769938650307,6.51955883875249,6.72723636511552,121
"125",2012,11,6.99166666666667,30,7.51764705882353,6.30384615384615,6.875,7.26818181818182,6.83157894736842,17,13,2,11,19,4610,2434,2176,328,1518,3092,6.66106779175705,7.06151643385374,6.21313948529412,6.12231707317073,6.52498364295125,6.72787753880983,122
"126",2012,12,6.63,47,7.25,5.98304347826087,6.675,6.42352941176471,6.747,24,23,4,17,30,4657,2458,2199,332,1535,3122,6.66075424522225,7.06335679414158,6.210732842201,6.12897590361446,6.5238600456026,6.7280612908392,123
"127",2013,1,6.70222222222222,45,7.25263157894737,6.3,6.6,6,6.95757575757576,19,26,5,12,33,4702,2477,2225,337,1547,3155,6.66115111016589,7.06480863948325,6.21177596404494,6.1359643916914,6.51979648998061,6.73046191759112,124
"128",2013,2,6.561,30,7.1,6.14882352941176,6,6.42857142857143,6.60130434782609,13,17,3,7,23,4732,2490,2242,340,1554,3178,6.66051617075233,7.06499236947791,6.21129862622658,6.13476470588235,6.51938556628056,6.72952717117684,125
"129",2013,3,6.61111111111111,36,6.86666666666667,6.42857142857143,6,6.77777777777778,6.55555555555556,15,21,5,9,27,4768,2505,2263,345,1563,3205,6.66014314597316,7.06380479041916,6.21331485638533,6.1328115942029,6.52087342930262,6.72806157566303,126
"130",2013,4,6.27727272727273,22,7.0625,5.82857142857143,4,6.41666666666667,6.225,8,14,3,6,16,4790,2513,2277,348,1569,3221,6.65838465970772,7.06380063668922,6.2109492841458,6.11442528735632,6.52047493307839,6.72556266687364,127
"131",2013,5,6.84375,32,6.925,6.70833333333333,6.33333333333333,6.83333333333333,6.84615384615385,20,12,3,6,26,4822,2533,2289,351,1575,3247,6.65961479054334,7.06270469798658,6.21355680209698,6.1162962962963,6.52166677460317,6.72652828765014,128
"132",2013,6,6.01875,24,6.78125,5.6375,5.625,6.2,5.97105263157895,8,16,4,5,19,4846,2541,2305,355,1580,3266,6.65644088320264,7.06181857536403,6.20955814316703,6.11076056338028,6.52064884177215,6.72213329761176,129
"133",2013,7,6.55285714285714,35,6.75526315789474,6.3125,5,6.02777777777778,6.73461538461538,19,16,1,9,26,4881,2560,2321,356,1589,3292,6.65569811923786,7.059543359375,6.21026778112882,6.1076404494382,6.51785724984267,6.72223188031592,130
"134",2013,8,6.73913043478261,23,7.05555555555556,6.53571428571429,6,7,6.64705882352941,9,14,1,6,17,4904,2569,2335,357,1595,3309,6.65608942088091,7.05952938886726,6.21221906638116,6.10733893557423,6.51967095297806,6.7218456784527,131
"135",2013,9,6.2375,32,6.86666666666667,5.42857142857143,6.6,6.00909090909091,6.35714285714286,18,14,5,11,21,4936,2587,2349,362,1606,3330,6.65337571312804,7.05818747584074,6.20754853980417,6.11414364640884,6.51617382938979,6.71954575075075,132
"136",2013,10,6.52857142857143,28,7.19230769230769,5.95333333333333,5,5.1,6.83913043478261,13,15,3,5,23,4964,2600,2364,365,1611,3353,6.65267174053183,7.05885807692308,6.20593549915398,6.10498630136986,6.51177850403476,6.72036604533254,133
"137",2013,11,6.43414634146342,41,7.125,5.992,6.28571428571429,5.7,6.53611111111111,16,25,7,5,36,5005,2616,2389,372,1616,3389,6.65088162237762,7.0592626146789,6.20369674340728,6.10838709677419,6.50926681311881,6.71840877840071,134
"138",2013,12,6.41756756756757,37,6.43055555555556,6.40526315789474,9,6.595,6.35185185185185,18,19,1,10,27,5042,2634,2408,373,1626,3416,6.64916948036494,7.0549662110858,6.20528717607973,6.11613941018767,6.50979407749077,6.71551151932084,135
"139",2014,1,6.67583333333333,48,7.35538461538462,5.87272727272727,6,7,6.56777777777778,26,22,5,12,36,5090,2660,2430,378,1638,3452,6.64942092730845,7.05790263157895,6.20227634567901,6.11460317460318,6.51338532967033,6.71397084298957,136
"140",2014,2,6.59024390243902,41,6.975,6.344,5.72857142857143,5.65,6.69189189189189,16,25,7,4,37,5131,2676,2455,385,1642,3489,6.64894806470474,7.05740695067265,6.20371956008147,6.10758441558442,6.51128207673569,6.71373670106047,137
"141",2014,3,6.60939393939394,33,7.1875,6.06529411764706,5.5,6.75,6.59,16,17,4,4,29,5164,2692,2472,389,1646,3518,6.64869529821844,7.05818016344725,6.20276760517799,6.10133676092545,6.51186219319563,6.71271669982945,138
"142",2014,4,6.484375,32,6.78571428571429,6.25,7,6.4375,6.5,14,18,2,8,24,5196,2706,2490,391,1654,3542,6.64768331793687,7.05677050997783,6.20310904417671,6.10593350383632,6.51150252116082,6.71127536702428,139
"143",2014,5,6.99130434782609,23,7.78,6.38461538461539,6,6.66666666666667,7.04,10,13,2,3,20,5219,2716,2503,393,1657,3562,6.64919764705882,7.05943335787923,6.20405174590491,6.10539440203562,6.51178344598672,6.71312109769792,140
"144",2014,6,7.09285714285714,14,7.58333333333333,6.725,6.5,7,7.11818181818182,6,8,3,3,11,5233,2722,2511,396,1660,3573,6.65038458245748,7.06058817046289,6.205711477499,6.10838383838384,6.51266576506024,6.71436813602015,141
"145",2014,7,6.86764705882353,34,7.32352941176471,6.41176470588235,6.5,6.375,6.93333333333333,17,17,2,4,30,5267,2739,2528,398,1664,3603,6.65178707423581,7.06222015334063,6.20709712025316,6.11035175879397,6.51233483774038,6.71619132667221,142
"146",2014,8,6.48615384615385,39,7.00352941176471,6.08636363636364,6.66666666666667,7.25111111111111,6.25666666666667,17,22,3,9,30,5306,2756,2550,401,1673,3633,6.65056964191481,7.06185812772133,6.20605549803922,6.11451371571072,6.5163091273162,6.71239673823286,143
"147",2014,9,6.19318181818182,22,7.25,5.58928571428571,7,6.54166666666667,6.0625,8,14,3,6,16,5328,2764,2564,404,1679,3649,6.64868102852853,7.06240267727931,6.20268780031201,6.12108910891089,6.51639974389518,6.70954709509454,144
"148",2014,10,6.625,20,6.9,6.35,7,7.33333333333333,6.5,10,10,1,3,17,5348,2774,2574,405,1682,3666,6.64859246821242,7.06181723143475,6.20326010878011,6.12325925925926,6.51785681926278,6.70857538188761,145
"149",2014,11,6.44909090909091,33,7.04555555555556,5.73333333333333,7,7.1025,6.24,18,15,1,8,25,5381,2792,2589,406,1690,3691,6.64736898717711,7.06171239255014,6.20053747392816,6.12541871921182,6.52062436094675,6.70540161202926,146
"150",2014,12,6.934375,32,7.25,6.52857142857143,6,7.175,6.85416666666667,18,14,2,8,24,5413,2810,2603,408,1698,3715,6.64906567892112,7.06291850533808,6.20230177487514,6.12480392156863,6.52370740282685,6.70636267833109,147
"151",2015,1,6.88255813953488,43,7.086,6.6,6.5,7.33333333333333,6.76323529411765,25,18,4,9,34,5456,2835,2621,412,1707,3749,6.65090588709678,7.06312204585538,6.20503301030141,6.12844660194175,6.52797608084358,6.70687846092291,148
"152",2015,2,6.72613636363636,22,7.28888888888889,6.33653846153846,6.625,6.5,6.76184210526316,9,13,7,3,19,5478,2844,2634,419,1710,3768,6.65120801752464,7.0638364978903,6.20568205011389,6.13674224343675,6.527927,6.70715561305732,149
"153",2015,3,6.5625,28,6.95454545454545,6.30882352941176,6.58333333333333,7.25,6.44791666666667,11,17,3,4,24,5506,2855,2651,422,1714,3792,6.65075690519433,7.06341541155867,6.20634346284421,6.13991706161137,6.52961211785297,6.70551486023207,150
"154",2015,4,7.01428571428571,28,7.5,6.74444444444444,7.56666666666667,7.15,6.93888888888889,10,18,3,10,18,5534,2865,2669,425,1724,3810,6.65259622696061,7.06493926701571,6.20997246908955,6.14998823529412,6.53321065545243,6.70661741469816,151
"155",2015,5,6.81666666666667,27,6.89615384615385,6.74285714285714,8,6.73333333333333,6.84047619047619,13,14,1,6,21,5561,2878,2683,426,1730,3831,6.65339282862795,7.06417685892981,6.21275308237048,6.15433098591549,6.53390472254335,6.70735117462803,152
"156",2015,6,6.76190476190476,21,7.7,6.29285714285714,6.25,6.66666666666667,6.77777777777778,7,14,2,3,18,5582,2885,2697,428,1733,3849,6.65380106055177,7.06571958405546,6.21316889877642,6.15477803738318,6.53413454702827,6.70768052740971,153
"157",2015,7,6.63913043478261,23,7.11111111111111,6.33571428571429,6,6.5,6.66,9,14,1,3,20,5605,2894,2711,429,1736,3869,6.65374085994648,7.0658607463718,6.21380174105496,6.15441724941725,6.53407555875576,6.7074340527268,154
"158",2015,8,6.15192307692308,26,7.095,5.5625,7,4.6,6.52142857142857,10,16,1,5,21,5631,2904,2727,430,1741,3890,6.65142381814953,7.06596108815427,6.20998038870554,6.15638372093023,6.5285210626077,6.70642991002571,155
"159",2015,9,6.6,29,7.22083333333333,6.16176470588235,7.16666666666667,6.8,6.57692307692308,12,17,3,3,26,5660,2916,2744,433,1744,3916,6.65116033922262,7.06659842249657,6.20968167638484,6.16338337182448,6.52898805619266,6.7055700587334,156
"160",2015,10,6.5625,28,6.98529411764706,5.90909090909091,5.75,6.625,6.54545454545455,17,11,2,6,22,5688,2933,2755,435,1750,3938,6.65072389592124,7.06612717354245,6.2084814954628,6.16148275862069,6.52931724,6.70467555865922,157
"161",2015,11,6.53870967741936,31,7.5,5.93157894736842,5.5,6.22222222222222,6.66818181818182,12,19,2,9,22,5719,2945,2774,437,1759,3960,6.65011671970624,7.06789507640068,6.20658490266763,6.15845537757437,6.52774597498579,6.70447281565656,158
"162",2015,12,6.90476190476191,21,7.375,6.61538461538461,6,7.16666666666667,6.86111111111111,8,13,2,3,18,5740,2953,2787,439,1762,3978,6.65104834843206,7.06872705722994,6.20849175457481,6.15773348519362,6.52883380817253,6.70518158622423,159
"163",2016,1,6.65,33,7.24545454545455,6.35227272727273,6.31666666666667,7.13333333333333,6.60166666666667,11,22,3,3,30,5773,2964,2809,442,1765,4008,6.65104235579421,7.06938292847504,6.20961784264863,6.15881221719457,6.52986128611898,6.70440677395209,160
"164",2016,2,6.4,27,6.67333333333333,6.05833333333333,6,6.5,6.37727272727273,15,12,1,5,22,5800,2979,2821,443,1770,4030,6.64987371034483,7.06738872104733,6.20897430698334,6.15845372460497,6.52977693220339,6.70262093052109,161
"165",2016,3,6.44142857142857,35,7.04117647058824,5.875,6.58333333333333,6.13888888888889,6.54615384615385,17,18,3,9,26,5835,2996,2839,446,1779,4056,6.64862339674379,7.06723998664887,6.20685682282494,6.16131165919282,6.52779942102304,6.70161793639053,162
"166",2016,4,6.90322580645161,31,7.43333333333333,6.16923076923077,NA,8.5,6.73214285714286,18,13,0,3,28,5866,3014,2852,446,1782,4084,6.64996889191954,7.06942634372926,6.20668531556802,6.16131165919282,6.53111962401796,6.70182721596474,163
"167",2016,5,6.81666666666667,24,7.11538461538461,6.46363636363636,5,7.34285714285714,6.6,13,11,1,7,17,5890,3027,2863,447,1789,4101,6.65064813582343,7.06962371985464,6.20767255326581,6.15871364653244,6.53429579094466,6.70140510851012,164
"168",2016,6,6.87307692307692,26,7.28125,6.22,5.5,7.3,6.79545454545455,16,10,2,4,22,5916,3043,2873,449,1793,4123,6.65162567951318,7.07073644429839,6.20771546119039,6.15577951002227,6.53600399888455,6.70190694882367,165
"169",2016,7,6.575,20,7.125,5.75,6,8,6.1,12,8,1,5,15,5936,3055,2881,450,1798,4138,6.65136750673854,7.0709495908347,6.20644447066991,6.15543333333333,6.54007517797553,6.69972507249879,166
"170",2016,8,6.675,36,7.13529411764706,6.26315789473684,5,6.33333333333333,6.74333333333333,17,19,3,6,30,5972,3072,2900,453,1804,4168,6.65150996651038,7.0713056640625,6.20681604137931,6.14778145695364,6.53938756651885,6.70003895153551,167
"171",2016,9,6.85185185185185,27,7.125,6.45454545454545,6.66666666666667,6.83333333333333,6.85416666666667,16,11,3,3,24,5999,3088,2911,456,1807,4192,6.65241165527588,7.071583873057,6.207752153899,6.1511951754386,6.53987557830658,6.70092136211832,168
"172",2016,10,6.67073170731707,41,7.20454545454545,6.05263157894737,4,7.33333333333333,6.55714285714286,22,19,3,6,35,6040,3110,2930,459,1813,4227,6.65253601324503,7.07252443729904,6.20674625255973,6.13713507625272,6.54250147269719,6.69973086113082,169
"173",2016,11,7.015625,48,7.19827586206897,6.73684210526316,6.28571428571429,6.71153846153846,7.12857142857143,29,19,7,13,35,6088,3139,2949,466,1826,4262,6.65539873850197,7.07368620579803,6.21016158697864,6.1393669527897,6.54370491237678,6.70325254575317,170
"174",2016,12,6.8025,40,7.29583333333333,6.0625,7,7.9,6.64571428571429,24,16,1,5,35,6128,3163,2965,467,1831,4297,6.65635892950392,7.07537179892507,6.20936476222597,6.14120985010707,6.5474086127799,6.70278388410519,171
"175",2017,1,6.52469117647059,34,6.83139285714286,6.31,6.8,6.78158333333333,6.46964285714286,14,20,4,6,28,6162,3177,2985,471,1837,4325,6.65563242778319,7.07429666351904,6.21003903517588,6.14680467091295,6.54817347305389,6.70127453179191,172
"176",2017,2,6.85555555555556,27,6.80625,6.92727272727273,6.75,6.72857142857143,6.9,16,11,2,7,20,6189,3193,2996,473,1844,4345,6.6565046081758,7.07295349201378,6.21267240320427,6.14935517970402,6.54885828091106,6.70218926352129,173
"177",2017,3,7.34230769230769,26,7.6,6.99090909090909,8,7.5,7.32916666666667,15,11,1,2,24,6215,3208,3007,474,1846,4369,6.6593736154465,7.07541786159601,6.21551929497839,6.15325949367088,6.54988877031419,6.70563340581369,174
"178",2017,4,6.8125,28,7.26666666666667,6.28846153846154,6.41666666666667,6,6.84259259259259,15,13,3,1,27,6243,3223,3020,477,1847,4396,6.66006039083774,7.07630794291033,6.21583328476821,6.15491614255765,6.54959105035192,6.70647460191083,175
"179",2017,5,6.79714285714286,35,7.33684210526316,6.15625,6,7.55714285714286,6.60714285714286,19,16,2,7,28,6278,3242,3036,479,1854,4424,6.6608246288627,7.07783482418261,6.21551927536232,6.15426931106472,6.55339518338727,6.70584591998192,176
"180",2017,6,7.21875,16,7.5,7.05,5.5,7.33333333333333,7.19230769230769,6,10,2,3,13,6294,3248,3046,481,1857,4437,6.66224293295202,7.07861468596059,6.21825887065003,6.15154885654886,6.55465518039849,6.70727120802344,177
"181",2017,7,6.63095238095238,21,6.97916666666667,6.16666666666667,6,NA,6.63095238095238,12,9,1,0,21,6315,3260,3055,482,1857,4458,6.66213887885986,7.0782486196319,6.21810688052373,6.15123443983402,6.55465518039849,6.70691169807088,178
"182",2017,8,6.88928571428571,42,7.0047619047619,6.77380952380952,7.75,8.2,6.71216216216216,21,21,4,5,37,6357,3281,3076,486,1862,4495,6.66363961302501,7.07777826882048,6.22190068920676,6.16439300411523,6.55907339957035,6.70695491657397,179
"183",2017,9,6.53571428571429,28,6.72222222222222,6.44736842105263,5.5,6.66666666666667,6.52,9,19,2,3,25,6385,3290,3095,488,1865,4520,6.66307862490211,7.0768056231003,6.22328482067851,6.16167008196721,6.55924647184986,6.7059208738938,180
"184",2017,10,6.68771428571429,35,6.99090909090909,6.17461538461538,6.2,6.67833333333333,6.68965517241379,22,13,5,6,29,6420,3312,3108,493,1871,4549,6.66321293146417,7.07623505434783,6.22308124839125,6.16205882352941,6.55962836451096,6.70581717959991,181
"185",2017,11,6.95,26,7.1,6.66666666666667,6,5.83333333333333,7.09565217391304,17,9,4,3,23,6446,3329,3117,497,1874,4572,6.66436968973006,7.07635641333734,6.22436205325634,6.16075452716298,6.55846567235859,6.70777829177603,182
"186",2017,12,6.40357142857143,28,6.94545454545455,6.05294117647059,6,6.54444444444444,6.33684210526316,11,17,3,9,19,6474,3340,3134,500,1883,4591,6.66324173926475,7.0759252994012,6.22343220165922,6.15979,6.55839865639936,6.70624316053147,183
"187",2018,1,6.59285714285714,35,6.87105263157895,6.2625,6.66666666666667,6.475,6.60806451612903,19,16,3,4,31,6509,3359,3150,503,1887,4622,6.6628632693194,7.07476644834772,6.22363064126984,6.16281312127236,6.55822187069422,6.70558467113803,184
"188",2018,2,6.96103448275862,29,7.77142857142857,6.20466666666667,5.33333333333333,6.65285714285714,7.05909090909091,14,15,6,7,22,6538,3373,3165,509,1894,4644,6.66418583970633,7.07765801956715,6.22354076461296,6.15303536345776,6.55857163146779,6.70725933462532,185
"189",2018,3,7.0551724137931,29,7.24285714285714,6.5625,5.5,7.42857142857143,6.93636363636364,21,8,2,7,22,6567,3394,3173,511,1901,4666,6.66591244403837,7.07868017088981,6.2243953734636,6.15047945205479,6.56177520778537,6.70833955207887,186
"190",2018,4,6.016,25,7.33333333333333,5.275,4,5.83333333333333,6.04090909090909,9,16,2,3,22,6592,3403,3189,513,1904,4688,6.66344766686893,7.07935365853659,6.21963202257761,6.1420955165692,6.56062745273109,6.70520741254266,187
"191",2018,5,6.57058823529412,34,7.31818181818182,6.21304347826087,6,6.3625,6.63461538461539,11,23,3,8,26,6626,3414,3212,516,1912,4714,6.6629711771808,7.08012316930287,6.21958484433375,6.14126937984496,6.55979846757322,6.70481806321595,188
"192",2018,6,6.865,20,7.375,6.525,NA,7,6.85,8,12,0,2,18,6646,3422,3224,516,1914,4732,6.66357914835992,7.08081253652835,6.22072162531018,6.14126937984496,6.56025844827586,6.70537031910397,189
"193",2018,7,6.97526315789474,19,7.14285714285714,6.8775,7.5,5.915,7.1,7,12,2,2,17,6665,3429,3236,518,1916,4749,6.66446766991748,7.08093919510061,6.22315714462299,6.14651544401544,6.55958490083507,6.70678297536323,190
"194",2018,8,6.69375,32,7.08333333333333,6.46,9,6.67777777777778,6.7,12,20,1,9,23,6697,3441,3256,519,1925,4772,6.66460758847245,7.08094754431851,6.22461195331696,6.15201348747591,6.56013749090909,6.70675028290025,191
"195",2018,9,6.86071428571429,28,7.32142857142857,6.4,6.7,6.4375,7.03,14,14,3,8,20,6725,3455,3270,522,1933,4792,6.66542409219331,7.08192199710564,6.22536285015291,6.15516283524904,6.55962993792033,6.70809940525876,192
"196",2018,10,7.41904761904762,21,7.6,7.125,7,7.6,7.32857142857143,13,8,2,7,14,6746,3468,3278,524,1940,4806,6.6677700889416,7.08386404267589,6.22755842586943,6.15838740458015,6.56338385051546,6.70990685601331,193
"197",2018,11,6.55357142857143,28,6.85,6.38888888888889,5,6,6.64583333333333,10,18,1,4,24,6774,3478,3296,525,1944,4830,6.66729805432536,7.08319163312248,6.22843947815534,6.15618095238095,6.5622246244856,6.70958847826087,194
"198",2018,12,6.3383334375,32,6.641778,6.07058823529412,5.5,6.16666666666667,6.35609206896552,15,17,2,3,29,6806,3493,3313,527,1947,4859,6.66575135027917,7.08129606928142,6.22762949592515,6.15369070208729,6.56161513610683,6.70747870343692,195
"199",2019,1,6.79473684210526,38,6.98333333333333,6.625,7,6.75,6.79722222222222,18,20,1,2,36,6844,3511,3333,528,1949,4895,6.66646751753361,7.08079383936201,6.23001395739574,6.15529356060606,6.56180845048743,6.70813871705822,196
"200",2019,2,6.51969696969697,33,6.63636363636364,6.46136363636364,5.46,6,6.65961538461538,11,22,6,7,26,6877,3522,3355,534,1956,4921,6.66576322378944,7.07940578364566,6.23153100447094,6.14748127340824,6.55979788854806,6.70788234505181,197
"201",2019,3,6.43230769230769,26,7,6.22315789473684,7.12,6.125,6.48818181818182,7,19,2,4,22,6903,3529,3374,536,1960,4943,6.66488391858612,7.07924827713233,6.23148385299348,6.15111007462686,6.55891054591837,6.70690451547643,198
"202",2019,4,6.4,26,6.65384615384615,6.14615384615385,6,5.75,6.51818181818182,13,13,1,4,22,6929,3542,3387,537,1964,4965,6.66388998268148,7.07768694805195,6.23115633894302,6.15082867783985,6.55726307026476,6.70606828197381,199
"203",2019,5,6.83928571428571,28,7.25,6.53125,6.75,7.5,6.76,12,16,2,3,25,6957,3554,3403,539,1967,4990,6.66459590196924,7.07826875914463,6.23256729944167,6.15305194805195,6.55870089984748,6.70633848096192,200
"204",2019,6,6.956,20,7.34333333333333,6.375,6.75,8,6.77176470588235,12,8,2,3,17,6977,3566,3411,541,1970,5007,6.66543122975491,7.07916073191251,6.23290135444152,6.15525878003697,6.5608957715736,6.70656061913321,201
"205",2019,7,6.59285714285714,28,6.92631578947368,5.88888888888889,5,7.35,6.38636363636364,19,9,2,6,22,7005,3585,3420,543,1976,5029,6.66514114061385,7.07835067503487,6.23199605847954,6.15100368324125,6.56329183704453,6.70515987671505,202
"206",2019,8,6.59714285714286,35,7.0875,6.18421052631579,NA,6.0125,6.77037037037037,16,19,0,8,27,7040,3601,3439,543,1984,5056,6.66480308096591,7.07839132740905,6.23173205001454,6.15100368324125,6.56107090221774,6.70550811313291,203
"207",2019,9,6.56666666666667,30,7.3,5.925,4,6.5,6.57692307692308,14,16,1,4,26,7070,3615,3455,544,1988,5082,6.66438666053748,7.07924956293223,6.23031158321274,6.14704963235294,6.56094802313883,6.70485025974026,204
"208",2019,10,6.93596774193548,31,7.27214285714286,6.23,6.75,6.42863636363636,7.215,21,10,4,11,20,7101,3636,3465,548,1999,5102,6.6655722701028,7.08036363311331,6.23031068398269,6.15145072992701,6.56021994497249,6.7068500627205,205
"209",2019,11,6.8828125,32,7.5,6.40277777777778,5.66666666666667,6.66666666666667,6.93269230769231,14,18,3,6,26,7133,3650,3483,551,2005,5128,6.66654685125473,7.08197319726028,6.231201986793,6.1488112522686,6.56053848877805,6.70799512870515,206
"210",2019,12,6.79561764705882,34,7.2875,6.35838888888889,5.73333333333333,7.3,6.72836666666667,16,18,3,4,30,7167,3666,3501,554,2009,5158,6.66715915864378,7.08287020458265,6.23185590402742,6.14656137184115,6.56201078646093,6.7081136138038,207
"211",2020,1,6.69393939393939,33,6.8,6.55,6.56666666666667,6.6,6.71071428571429,19,14,3,5,28,7200,3685,3515,557,2014,5186,6.66728190138889,7.08141171506106,6.23312304978663,6.14882405745063,6.56210509930487,6.70812765522561,208
"212",2020,2,6.4458064516129,31,6.74133333333333,6.16875,5.33333333333333,5.92857142857143,6.59666666666667,15,16,3,7,24,7231,3700,3531,560,2021,5210,6.66633241460379,7.08003301891892,6.23283135655622,6.14445535714286,6.5599107718951,6.70761420729366,209
"213",2020,3,7.02692307692308,26,7.22857142857143,6.79166666666667,6.66666666666667,6.9,7.04347826086957,14,12,3,3,23,7257,3714,3543,563,2024,5233,6.66762431996693,7.08059293753366,6.23472410951172,6.14723801065719,6.56041485671937,6.7090903917447,210
"214",2020,4,6.95185185185185,27,7.71333333333333,6,6.5,7,6.94583333333333,15,12,2,3,24,7284,3729,3555,565,2027,5257,6.66867788165843,7.08313815231966,6.23393179184248,6.14848672566372,6.56106545140602,6.71017120410881,211
"215",2020,5,7.06086956521739,23,7.13636363636364,6.99166666666667,6.7,7.16666666666667,7.045,11,12,2,3,20,7307,3740,3567,567,2030,5277,6.66991237032982,7.08329469786096,6.23648094196804,6.15043209876543,6.56196042857143,6.71144021603183,212
"216",2020,6,7.25,16,7.70833333333333,5.875,5.25,8.66666666666667,6.92307692307692,12,4,2,3,13,7323,3752,3571,569,2033,5290,6.67117980199372,7.08529375533049,6.23607603472417,6.14726713532513,6.56506624200689,6.71196030623818,213
"217",2020,7,7.19565217391304,23,7.66428571428571,6.46666666666667,NA,7.16666666666667,7.2,14,9,0,3,20,7346,3766,3580,569,2036,5310,6.67282190171522,7.08744614179501,6.23665573184358,6.14726713532513,6.56595268664047,6.71379849717514,214
"218",2020,8,6.25,23,6.52777777777778,6.07142857142857,5.33333333333333,7.20833333333333,5.91176470588235,9,14,3,6,17,7369,3775,3594,572,2042,5327,6.67150219704166,7.08611183311258,6.23601210907068,6.14299825174825,6.56784019098923,6.71123897503285,215
"219",2020,9,5.95238095238095,21,6.9375,5.34615384615385,4.25,4,6.27777777777778,8,13,4,3,18,7390,3783,3607,576,2045,5345,6.66945868606225,7.08579756013746,6.23280496811755,6.12985243055555,6.56407318826406,6.70977923666978,216
"220",2020,10,6.53611111111111,36,7.14705882352941,5.98947368421053,7,6.1,6.60645161290323,17,19,1,5,31,7426,3800,3626,577,2050,5376,6.66881223942903,7.08607162368421,6.23152992829565,6.13136048526863,6.56294130243902,6.70918341145833,217
"221",2020,11,6.51052631578947,19,7.35555555555556,5.75,5.5,6,6.60625,9,10,2,3,16,7445,3809,3636,579,2053,5392,6.66840828609805,7.08670836702547,6.23020558855886,6.12917962003454,6.56211868972236,6.70887797106825,218
"222",2020,12,6.94539285714286,28,7.38064705882353,6.27272727272727,5,7.6942,6.78260869565217,17,11,1,5,23,7473,3826,3647,580,2058,5415,6.66944609795263,7.08801441975954,6.23033384151358,6.12723275862069,6.56486913022352,6.70919113942751,219
"223",2021,1,6.75964285714286,28,7.65153846153846,5.98666666666667,4,NA,6.75964285714286,13,15,2,0,28,7501,3839,3662,582,2058,5443,6.66978278762832,7.08992268038552,6.22933575095577,6.11992268041237,6.56486913022352,6.70945067426052,220
"224",2021,2,6.5,23,6.875,6.09090909090909,5.75,6.66666666666667,6.475,12,11,4,3,20,7524,3851,3673,586,2061,5463,6.66926378123339,7.08925296546352,6.22892118704057,6.1173976109215,6.56501730713246,6.70859235218744,221
"225",2021,3,6.14,15,7.5,5.64545454545455,5.05,5,6.31538461538462,4,11,4,2,13,7539,3855,3684,590,2063,5476,6.66821072953973,7.08967916212711,6.22717902280131,6.11016101694915,6.56350008240427,6.70765887874361,222
"226",2021,4,7.02941176470588,17,7.25,6.83333333333333,6.25,6.66666666666667,7.10714285714286,8,9,2,3,14,7556,3863,3693,592,2066,5490,6.66902338406564,7.0900111752524,6.2286562469537,6.11063344594594,6.56364988867377,6.7086775992714,223
"227",2021,5,6.67142857142857,21,6.42857142857143,6.79285714285714,5.75,6,6.78333333333333,7,14,2,3,18,7577,3870,3707,594,2069,5508,6.66903005015177,7.08881477260982,6.23078702994335,6.10941919191919,6.5628326099565,6.70892157225853,224
"228",2021,6,6.76470588235294,17,7.2625,6.32222222222222,6,6.625,6.80769230769231,8,9,2,4,13,7594,3878,3716,596,2073,5521,6.66924423097182,7.08917307117071,6.23100848223897,6.10905201342282,6.56295256632899,6.70915414236551,225
"229",2021,7,6.85625,16,7.02222222222222,6.64285714285714,6.5,7.1,6.82142857142857,9,7,1,2,14,7610,3887,3723,597,2075,5535,6.66963740998686,7.08901805248264,6.23178284179426,6.10970686767169,6.56347020240964,6.70943812466124,226
"230",2021,8,6.41176470588235,17,7.22727272727273,4.91666666666667,6,4.75,6.63333333333333,11,6,1,2,15,7627,3898,3729,598,2077,5550,6.66906263144093,7.08940820164187,6.22966680611424,6.10952341137123,6.56172396244584,6.70923243603603,227
"231",2021,9,6.70652173913043,23,6.79545454545455,6.625,6,6.25,6.80263157894737,11,12,1,4,19,7650,3909,3741,599,2081,5569,6.66917525359477,7.08858101048862,6.23093491579792,6.10934056761268,6.56112478135512,6.70955108996229,228
"232",2021,10,6.34809523809524,21,7.66666666666667,5.82066666666667,6.4,5,6.57277777777778,6,15,3,3,18,7671,3915,3756,602,2084,5587,6.66829627036892,7.08946696551724,6.22929646432375,6.11078903654485,6.55887748080614,6.70911043851798,229
"233",2021,11,6.61428571428571,28,7.26666666666667,6.125,6,5.875,6.91,12,16,1,8,20,7699,3927,3772,603,2092,5607,6.66809984283673,7.09000844665139,6.22885406150584,6.11060530679933,6.55626227055449,6.7098270055288,230
"234",2021,12,6.53225806451613,31,6.96875,6.06666666666667,7,6.91666666666667,6.44,16,15,1,6,25,7730,3943,3787,604,2098,5632,6.66755506985769,7.08951640121735,6.22821165038289,6.11207781456953,6.55729297902765,6.70862926491477,231
"235",2022,1,6.835,40,7.30952380952381,6.31052631578947,5.33333333333333,7.33333333333333,6.74705882352941,21,19,3,6,34,7770,3964,3806,607,2104,5666,6.66841707722008,7.09068192986882,6.22862257488177,6.10822899505766,6.55950602186312,6.7088598693964,232
"236",2022,2,7.004,25,7.5,6.37272727272727,2,7.3,6.93,14,11,1,5,20,7795,3978,3817,608,2109,5686,6.66949335343168,7.09212246606335,6.22903786219544,6.10147203947368,6.56126157894737,6.70963771016531,233
"237",2022,3,7.43315789473684,19,7.90909090909091,6.77875,8,8.055,7.14615384615385,11,8,1,6,13,7814,3989,3825,609,2115,5699,6.67135022907602,7.09437532464277,6.23018758692811,6.1045894909688,6.56549913475177,6.71063344797332,234
"238",2022,4,7.07142857142857,14,7.45454545454545,5.66666666666667,NA,5.66666666666667,7.45454545454545,11,3,0,3,11,7828,4000,3828,609,2118,5710,6.67206574987225,7.0953657925,6.22974595611286,6.1045894909688,6.56422600094429,6.71206655341506,235
"239",2022,5,7.032,25,7.13,6.96666666666667,6,7,7.03636363636364,10,15,2,3,22,7853,4010,3843,611,2121,5732,6.67321159938877,7.09545216209476,6.23262230549051,6.10424713584288,6.56484237152287,6.71331123866015,236
"240",2022,6,6.95625,16,7.18571428571429,6.77777777777778,6,7,6.95333333333333,7,9,1,1,15,7869,4017,3852,612,2122,5747,6.67378710001271,7.09560945232761,6.23389603322949,6.10407679738562,6.56504744109331,6.71393771010962,237
"241",2022,7,6.93333333333333,21,7.06,6.81818181818182,6.25,6,6.98,10,11,2,1,20,7890,4027,3863,614,2123,5767,6.67447790747782,7.09552102557735,6.23555980326172,6.10455211726384,6.56478128591616,6.71486041616091,238
"242",2022,8,6.64095238095238,21,7.3,6.14666666666667,4.66666666666667,5,6.81368421052632,9,12,3,2,19,7911,4036,3875,617,2125,5786,6.67438891290608,7.09597699950446,6.23528452129033,6.09756077795786,6.56330855058824,6.71518493259592,239
"243",2022,9,6.72857142857143,21,7.45555555555556,6.18333333333333,6,6.525,6.77647058823529,9,12,2,4,17,7932,4045,3887,619,2129,5803,6.67453236132123,7.09677705067985,6.23512413686648,6.09724555735056,6.56323657585721,6.71536447010167,240
"244",2022,10,6.5,22,6.67857142857143,6.1875,NA,7.33333333333333,6.36842105263158,14,8,0,3,19,7954,4059,3895,619,2132,5822,6.67404962157405,7.09533460704607,6.23502632092427,6.09724555735056,6.56432020168856,6.71423222603916,241
"245",2022,11,7.4245332,25,7.89090909090909,7.058095,NA,7.34,7.4456665,11,14,0,5,20,7979,4070,3909,619,2137,5842,6.67640105527008,7.09748480835381,6.23797412381684,6.09724555735056,6.5661350818905,6.71673628038343,242
"246",2022,12,6.57833333333333,30,7.22142857142857,6.015625,4.5,6.19375,6.71818181818182,14,16,2,8,22,8009,4084,3925,621,2145,5864,6.67603371457111,7.09790968903036,6.23706773248408,6.09210144927536,6.56474623310023,6.71674170361528,243
