"","year","month","avg_rating","no_ratings","avg_rating_owned","avg_rating_not_owned","avg_rating_prev_owned","avg_rating_comment","avg_rating_no_comment","no_ratings_owned","no_ratings_not_owned","no_ratings_prev_owned","no_ratings_comment","no_ratings_no_comment","cum_no_ratings","cum_no_ratings_owned","cum_no_ratings_not_owned","cum_no_ratings_prev_owned","cum_no_ratings_comment","cum_no_ratings_no_comment","cum_avg_rating","cum_avg_rating_owned","cum_avg_rating_not_owned","cum_avg_rating_prev_owned","cum_avg_rating_comment","cum_avg_rating_no_comment","month_after_release"
"1",2001,6,6.66666666666667,6,6.6,7,NA,7,6.6,5,1,0,1,5,6,5,1,0,1,5,6.66666666666667,6.6,7,NA,7,6.6,0
"2",2001,7,7,2,7,NA,NA,NA,7,2,0,0,0,2,8,7,1,0,1,7,6.75,6.71428571428571,7,NA,7,6.71428571428571,1
"3",2001,8,6.4,5,7.33333333333333,5,2,NA,6.4,3,2,1,0,5,13,10,3,1,1,12,6.61538461538461,6.9,5.66666666666667,2,7,6.58333333333333,2
"4",2001,9,8,1,8,NA,NA,NA,8,1,0,0,0,1,14,11,3,1,1,13,6.71428571428571,7,5.66666666666667,2,7,6.69230769230769,3
"5",2001,10,5.66666666666667,3,5.66666666666667,NA,NA,5,6,3,0,0,1,2,17,14,3,1,2,15,6.52941176470588,6.71428571428571,5.66666666666667,2,6,6.6,4
"6",2001,11,7,4,7,NA,NA,7,7,4,0,0,1,3,21,18,3,1,3,18,6.61904761904762,6.77777777777778,5.66666666666667,2,6.33333333333333,6.66666666666667,5
"7",2002,1,7.8,5,8,7,NA,NA,7.8,4,1,0,0,5,26,22,4,1,3,23,6.84615384615385,7,6,2,6.33333333333333,6.91304347826087,7
"8",2002,2,9,2,9,NA,NA,NA,9,2,0,0,0,2,28,24,4,1,3,25,7,7.16666666666667,6,2,6.33333333333333,7.08,8
"9",2002,5,6,1,6,NA,NA,6,NA,1,0,0,1,0,29,25,4,1,4,25,6.96551724137931,7.12,6,2,6.25,7.08,11
"10",2002,6,7,3,7,NA,NA,NA,7,3,0,0,0,3,32,28,4,1,4,28,6.96875,7.10714285714286,6,2,6.25,7.07142857142857,12
"11",2002,7,7.66666666666667,3,7.66666666666667,NA,NA,8,7,3,0,0,2,1,35,31,4,1,6,29,7.02857142857143,7.16129032258065,6,2,6.83333333333333,7.06896551724138,13
"12",2002,8,7.2,10,7.71428571428571,6,7,6,7.33333333333333,7,3,1,1,9,45,38,7,2,7,38,7.06666666666667,7.26315789473684,6,4.5,6.71428571428571,7.13157894736842,14
"13",2002,9,8.625,4,8.625,NA,NA,7,9.16666666666667,4,0,0,1,3,49,42,7,2,8,41,7.19387755102041,7.39285714285714,6,4.5,6.75,7.28048780487805,15
"14",2002,10,6.8,5,8.33333333333333,4.5,NA,4.5,8.33333333333333,3,2,0,2,3,54,45,9,2,10,44,7.15740740740741,7.45555555555556,5.66666666666667,4.5,6.3,7.35227272727273,16
"15",2002,11,7.75,4,7.75,NA,NA,10,7,4,0,0,1,3,58,49,9,2,11,47,7.19827586206897,7.47959183673469,5.66666666666667,4.5,6.63636363636364,7.32978723404255,17
"16",2002,12,7,1,7,NA,NA,NA,7,1,0,0,0,1,59,50,9,2,11,48,7.19491525423729,7.47,5.66666666666667,4.5,6.63636363636364,7.32291666666667,18
"17",2003,1,6.90909090909091,11,6.90909090909091,NA,NA,7,6.875,11,0,0,3,8,70,61,9,2,14,56,7.15,7.36885245901639,5.66666666666667,4.5,6.71428571428571,7.25892857142857,19
"18",2003,2,7,4,6.5,7.5,8,7.5,6.5,2,2,1,2,2,74,63,11,3,16,58,7.14189189189189,7.34126984126984,6,5.66666666666667,6.8125,7.23275862068965,20
"19",2003,3,7,5,7,7,6,6.5,7.33333333333333,3,2,1,2,3,79,66,13,4,18,61,7.13291139240506,7.32575757575758,6.15384615384615,5.75,6.77777777777778,7.23770491803279,21
"20",2003,4,7.57142857142857,7,7.57142857142857,NA,NA,NA,7.57142857142857,7,0,0,0,7,86,73,13,4,18,68,7.16860465116279,7.34931506849315,6.15384615384615,5.75,6.77777777777778,7.27205882352941,22
"21",2003,5,7.14285714285714,7,7.16666666666667,7,NA,7,7.25,6,1,0,3,4,93,79,14,4,21,72,7.16666666666667,7.33544303797468,6.21428571428571,5.75,6.80952380952381,7.27083333333333,23
"22",2003,6,6.9375,8,7.5,5.25,NA,6.75,7.5,6,2,0,6,2,101,85,16,4,27,74,7.14851485148515,7.34705882352941,6.09375,5.75,6.7962962962963,7.27702702702703,24
"23",2003,7,6.35555555555556,27,6.37391304347826,6.25,7,6,6.50526315789474,23,4,1,8,19,128,108,20,5,35,93,6.98125,7.13981481481482,6.125,6,6.61428571428571,7.11935483870968,25
"24",2003,8,7.22727272727273,11,7.5625,6.33333333333333,6,7.9,6.66666666666667,8,3,1,5,6,139,116,23,6,40,99,7.00071942446043,7.16896551724138,6.15217391304348,6,6.775,7.09191919191919,26
"25",2003,9,7.5,7,7.5,NA,NA,7.5,7.5,7,0,0,2,5,146,123,23,6,42,104,7.02465753424657,7.18780487804878,6.15217391304348,6,6.80952380952381,7.11153846153846,27
"26",2003,10,7,9,7.25,5,NA,7.4,6.5,8,1,0,5,4,155,131,24,6,47,108,7.02322580645161,7.19160305343511,6.10416666666667,6,6.87234042553191,7.08888888888889,28
"27",2003,11,6.5,5,7.25,6,5,6.375,7,2,3,1,4,1,160,133,27,7,51,109,7.006875,7.19248120300752,6.09259259259259,5.85714285714286,6.83333333333333,7.08807339449541,29
"28",2003,12,6.11111111111111,9,6,6.5,NA,5.33333333333333,6.5,7,2,0,3,6,169,140,29,7,54,115,6.95917159763314,7.13285714285714,6.12068965517241,5.85714285714286,6.75,7.05739130434783,30
"29",2004,1,6.85,10,6.8125,7,NA,6.25,7.25,8,2,0,4,6,179,148,31,7,58,121,6.95307262569832,7.11554054054054,6.17741935483871,5.85714285714286,6.71551724137931,7.06694214876033,31
"30",2004,2,7.25,8,7.57142857142857,5,NA,6.33333333333333,7.8,7,1,0,3,5,187,155,32,7,61,126,6.96577540106952,7.13612903225807,6.140625,5.85714285714286,6.69672131147541,7.09603174603175,32
"31",2004,3,6.08333333333333,12,6.77777777777778,4,NA,6.75,5.75,9,3,0,4,8,199,164,35,7,65,134,6.91256281407035,7.11646341463415,5.95714285714286,5.85714285714286,6.7,7.01567164179104,33
"32",2004,4,6.72222222222222,9,6.8125,6,NA,7.1,6.25,8,1,0,5,4,208,172,36,7,70,138,6.90432692307692,7.10232558139535,5.95833333333333,5.85714285714286,6.72857142857143,6.99347826086956,34
"33",2004,5,7.11538461538461,13,7.375,4,NA,6.6875,7.8,12,1,0,8,5,221,184,37,7,78,143,6.91674208144796,7.12010869565218,5.90540540540541,5.85714285714286,6.72435897435897,7.02167832167832,35
"34",2004,6,6.72727272727273,11,7.42857142857143,5.5,6.66666666666667,6.2,7.16666666666667,7,4,3,5,6,232,191,41,10,83,149,6.90775862068965,7.13141361256545,5.86585365853659,6.1,6.69277108433735,7.02751677852349,36
"35",2004,7,7.7,10,7.88888888888889,6,NA,7,8,9,1,0,3,7,242,200,42,10,86,156,6.9404958677686,7.1655,5.86904761904762,6.1,6.70348837209302,7.07115384615385,37
"36",2004,8,7.22222222222222,9,7.57142857142857,6,6,NA,7.22222222222222,7,2,1,0,9,251,207,44,11,86,165,6.95059760956175,7.1792270531401,5.875,6.09090909090909,6.70348837209302,7.07939393939394,38
"37",2004,9,6.96428571428571,14,7.31818181818182,5.66666666666667,NA,6.4,7.27777777777778,11,3,0,5,9,265,218,47,11,91,174,6.95132075471698,7.18623853211009,5.86170212765957,6.09090909090909,6.68681318681319,7.08965517241379,39
"38",2004,10,6.76875,16,6.96153846153846,5.93333333333333,7.8,7.07142857142857,6.53333333333333,13,3,1,7,9,281,231,50,12,98,183,6.94092526690391,7.17359307359307,5.866,6.23333333333333,6.71428571428571,7.06229508196721,40
"39",2004,11,6.06666666666667,15,6.33333333333333,5,NA,5.9,6.4,12,3,0,10,5,296,243,53,12,108,188,6.89662162162162,7.1320987654321,5.81698113207547,6.23333333333333,6.63888888888889,7.04468085106383,41
"40",2004,12,6.65,12,6.61818181818182,7,7,6.76,6.57142857142857,11,1,1,5,7,308,254,54,13,113,195,6.88701298701299,7.10984251968504,5.83888888888889,6.29230769230769,6.64424778761062,7.02769230769231,42
"41",2005,1,7.07142857142857,14,7.09090909090909,7,NA,7,7.14285714285714,11,3,0,7,7,322,265,57,13,120,202,6.89503105590062,7.10905660377359,5.9,6.29230769230769,6.665,7.03168316831683,43
"42",2005,2,6.34375,16,6.5,4,4,7,6.04545454545455,15,1,1,5,11,338,280,58,14,125,213,6.8689349112426,7.07642857142857,5.86724137931034,6.12857142857143,6.6784,6.98075117370892,44
"43",2005,3,7.28571428571429,14,7.81818181818182,5.33333333333333,NA,6.16666666666667,8.125,11,3,0,6,8,352,291,61,14,131,221,6.88551136363636,7.10446735395189,5.84098360655738,6.12857142857143,6.65496183206107,7.02217194570136,45
"44",2005,4,6.2625,16,7.10909090909091,4.4,NA,5.9625,6.5625,11,5,0,8,8,368,302,66,14,139,229,6.85842391304348,7.1046357615894,5.73181818181818,6.12857142857143,6.61510791366906,7.0061135371179,46
"45",2005,5,6.703125,16,6.91666666666667,6.0625,NA,6.69444444444444,6.71428571428571,12,4,0,9,7,384,314,70,14,148,236,6.851953125,7.09745222929936,5.75071428571429,6.12857142857143,6.61993243243243,6.99745762711864,47
"46",2005,6,6.9,10,7.375,5,6,6,7.5,8,2,1,4,6,394,322,72,15,152,242,6.85317258883249,7.10434782608696,5.72986111111111,6.12,6.60361842105263,7.0099173553719,48
"47",2005,7,7.068,25,7.5,6.15,6.5,7.125,7.04117647058824,17,8,4,8,17,419,339,80,19,160,259,6.86599045346062,7.12418879056047,5.771875,6.2,6.6296875,7.01196911196911,49
"48",2005,8,6.80769230769231,13,7.25,6.1,8,6.75,6.85714285714286,8,5,1,6,7,432,347,85,20,166,266,6.86423611111111,7.12708933717579,5.79117647058824,6.29,6.63403614457831,7.0078947368421,50
"49",2005,9,7.27272727272727,22,7.52631578947368,5.66666666666667,6.5,6.95833333333333,7.65,19,3,2,12,10,454,366,88,22,178,276,6.8840308370044,7.14781420765027,5.78693181818182,6.30909090909091,6.65589887640449,7.03115942028986,51
"50",2005,10,7.28125,16,7.32142857142857,7,NA,7.8,7.04545454545455,14,2,0,5,11,470,380,90,22,183,287,6.89755319148936,7.15421052631579,5.81388888888889,6.30909090909091,6.68715846994535,7.03170731707317,52
"51",2005,11,7,17,7,7,8,7,7,14,3,1,6,11,487,394,93,23,189,298,6.90112936344969,7.148730964467,5.85215053763441,6.38260869565217,6.69708994708995,7.03053691275168,53
"52",2005,12,7.13636363636364,22,7.3125,6.66666666666667,6.33333333333333,7,7.1875,16,6,3,6,16,509,410,99,26,195,314,6.91129666011788,7.15512195121951,5.90151515151515,6.37692307692308,6.70641025641026,7.03853503184713,54
"53",2006,1,6.31904761904762,21,6.86666666666667,4.95,3.5,5,6.84666666666667,15,6,2,6,15,530,425,105,28,201,329,6.88783018867924,7.14494117647059,5.84714285714286,6.17142857142857,6.65547263681592,7.02978723404255,55
"54",2006,2,6.96111111111111,18,7.39090909090909,6.28571428571429,5,7.3,6.5375,11,7,1,10,8,548,436,112,29,211,337,6.89023722627737,7.15114678899083,5.87455357142857,6.13103448275862,6.68601895734597,7.01810089020772,56
"55",2006,3,6.425,20,7.03125,4,6,6.92857142857143,6.15384615384615,16,4,1,7,13,568,452,116,30,218,350,6.87385563380282,7.14690265486726,5.80991379310345,6.12666666666667,6.69380733944954,6.986,57
"56",2006,4,7,7,7.25,6.66666666666667,NA,5.83333333333333,7.875,4,3,0,3,4,575,456,119,30,221,354,6.87539130434782,7.14780701754386,5.83151260504202,6.12666666666667,6.68212669683258,6.99604519774011,58
"57",2006,5,7.13076923076923,13,7.18181818181818,6.85,NA,7.21428571428571,7.03333333333333,11,2,0,7,6,588,467,121,30,228,360,6.88103741496599,7.14860813704497,5.84834710743802,6.12666666666667,6.6984649122807,6.99666666666667,59
"58",2006,6,7.10909090909091,11,7.10909090909091,NA,NA,6.5,7.24444444444444,11,0,0,2,9,599,478,121,30,230,369,6.88522537562604,7.14769874476987,5.84834710743802,6.12666666666667,6.69673913043478,7.00271002710027,60
"59",2006,7,7,13,6.88888888888889,7.25,7,NA,7,9,4,1,0,13,612,487,125,31,230,382,6.88766339869281,7.1429158110883,5.8932,6.15483870967742,6.69673913043478,7.00261780104712,61
"60",2006,8,7.04545454545455,11,7.25,5,5,7,7.0625,10,1,1,3,8,623,497,126,32,233,390,6.89044943820225,7.14507042253521,5.88611111111111,6.11875,6.70064377682403,7.00384615384615,62
"61",2006,9,6.76666666666667,15,7.5,4.75,NA,5.33333333333333,7.125,11,4,0,3,12,638,508,130,32,236,402,6.88753918495298,7.15275590551181,5.85115384615385,6.11875,6.68326271186441,7.00746268656716,63
"62",2006,10,6.6,18,7,5.8,5,6.6,6.6,12,6,1,5,13,656,520,136,33,241,415,6.8796493902439,7.14923076923077,5.84889705882353,6.08484848484848,6.68153526970954,6.99469879518072,64
"63",2006,11,6.39285714285714,14,6.57692307692308,4,NA,5.83333333333333,6.8125,13,1,0,6,8,670,533,137,33,247,423,6.8694776119403,7.13527204502814,5.83540145985402,6.08484848484848,6.66093117408907,6.99125295508274,65
"64",2006,12,6.83035714285714,28,7.27777777777778,6.025,5.5,7.3,6.56944444444444,18,10,2,10,18,698,551,147,35,257,441,6.86790830945559,7.13992740471869,5.84829931972789,6.05142857142857,6.68579766536965,6.97403628117914,66
"65",2007,1,6.95,40,6.88888888888889,7.5,NA,6.7,7.03333333333333,36,4,0,10,30,738,587,151,35,267,471,6.87235772357723,7.12453151618399,5.89205298013245,6.05142857142857,6.68632958801498,6.97781316348195,67
"66",2007,2,7.06810772727273,22,7.56875,5.73306166666667,NA,7.5,6.906148125,16,6,0,6,16,760,603,157,35,273,487,6.87802417105263,7.1363184079602,5.88597687898089,6.05142857142857,6.70421245421245,6.97545866529774,68
"67",2007,3,6.42857142857143,21,6.83333333333333,5.41666666666667,5,6.25,6.5,15,6,3,6,15,781,618,163,38,279,502,6.86593901408451,7.1289644012945,5.86870165644172,5.96842105263158,6.69444444444444,6.96125173306773,69
"68",2007,4,7.63636363636364,22,7.67777777777778,7.45,7,7.5,7.6875,18,4,1,6,16,803,636,167,39,285,518,6.88704653798256,7.14449685534591,5.90657706586826,5.99487179487179,6.71140350877193,6.98368411196911,70
"69",2007,5,7.03333333333333,15,7.25,4,NA,5.75,7.5,14,1,0,4,11,818,650,168,39,289,529,6.88972905867971,7.14676923076923,5.89522839285714,5.99487179487179,6.69809688581315,6.99442035916824,71
"70",2007,6,6.63157894736842,19,7.25,5.57142857142857,6.33333333333333,6.18181818181818,7.25,12,7,3,11,8,837,662,175,42,300,537,6.88386902031063,7.14864048338369,5.8822764,6.01904761904762,6.67916666666667,6.99822787709497,72
"71",2007,7,6.565625,16,6.45454545454545,6.81,4,6.675,6.5,11,5,1,6,10,853,673,180,43,306,547,6.87789961313013,7.13729569093611,5.9080465,5.97209302325581,6.67908496732026,6.98911950639854,73
"72",2007,8,7.2005,20,7.30066666666667,6.9,7,7,7.22277777777778,15,5,1,2,18,873,688,185,44,308,565,6.88529022909507,7.14085755813954,5.93485605405405,5.99545454545455,6.68116883116883,6.99656348672566,74
"73",2007,9,6.77631578947368,19,6.92647058823529,5.5,5,6.96875,6.63636363636364,17,2,1,8,11,892,705,187,45,316,576,6.88296902466368,7.13568794326241,5.93020518716578,5.97333333333333,6.68844936708861,6.98968467013889,75
"74",2007,10,6.63461538461539,26,7.32142857142857,5.83333333333333,4.9,5.94444444444444,7,14,12,5,9,17,918,719,199,50,325,593,6.87593504357298,7.13930458970793,5.92436366834171,5.866,6.66784615384615,6.98998038785835,76
"75",2007,11,6.84897435897436,39,6.9346875,6.45714285714286,NA,6.713125,6.94347826086956,32,7,0,16,23,957,751,206,50,341,616,6.8748363322884,7.13058588548602,5.94246781553398,5.866,6.6699706744868,6.98824410714286,77
"76",2007,12,6.67586206896552,29,6.79047619047619,6.375,NA,6.33333333333333,6.76521739130435,21,8,0,6,23,986,772,214,50,347,639,6.86898414807302,7.12133419689119,5.95863724299065,5.866,6.66414985590778,6.98021654147105,78
"77",2008,1,6.28717948717949,39,6.97826086956522,5.29375,5.7,5.96666666666667,6.4875,23,16,5,15,24,1025,795,230,55,362,663,6.8468471902439,7.11719496855346,5.91238421739131,5.85090909090909,6.63524861878453,6.96238064856712,79
"78",2008,2,7.44444444444444,27,7.56521739130435,6.75,NA,7,7.63157894736842,23,4,0,8,19,1052,818,234,55,370,682,6.86218476235741,7.12979217603912,5.92670243589744,5.85090909090909,6.64313513513513,6.98102400293255,80
"79",2008,3,7.11363636363636,22,7.28125,6.66666666666667,NA,7.375,7.05555555555556,16,6,0,4,18,1074,834,240,55,374,700,6.86733554003724,7.13269784172662,5.94520154166667,5.85090909090909,6.65096256684492,6.98294052857143,81
"80",2008,4,6.52777777777778,18,7.04166666666667,5.5,5.5,6.375,6.65,12,6,2,8,10,1092,846,246,57,382,710,6.86173843406593,7.13140661938534,5.93434296747968,5.83859649122807,6.6451832460733,6.97825122535211,82
"81",2008,5,7.1304347826087,23,7.28125,6.78571428571429,6,6.92857142857143,7.21875,16,7,3,7,16,1115,862,253,60,389,726,6.86728104932735,7.1341879350348,5.95789869565217,5.84666666666667,6.65028277634961,6.9835514738292,83
"82",2008,6,7.375,14,7.60416666666667,6,9,8,7.125,12,2,1,4,10,1129,874,255,61,393,736,6.87357694419841,7.14064073226545,5.95822890196079,5.89836065573771,6.6640203562341,6.98547332880435,84
"83",2008,7,6.47826086956522,23,6.9375,5.42857142857143,5.33333333333333,6.57142857142857,6.4375,16,7,6,7,16,1152,890,262,67,400,752,6.86568434895833,7.13698876404495,5.9440777480916,5.84776119402985,6.6624,6.97381432180851,85
"84",2008,8,7.2421052631579,19,7.28571428571429,7.12,7.6,6.66666666666667,7.35,14,5,1,3,16,1171,904,267,68,403,768,6.8717919470538,7.13929203539823,5.96609876404494,5.87352941176471,6.6624317617866,6.9816515234375,86
"85",2008,9,6.05263157894737,19,6.76923076923077,4.5,7,4.8,6.5,13,6,2,5,14,1190,917,273,70,408,782,6.85871291596639,7.13404580152672,5.93387681318681,5.90571428571429,6.63960784313725,6.97302860613811,87
"86",2008,10,6.59523809523809,21,7.10714285714286,5.57142857142857,6,6.58333333333333,6.6,14,7,2,6,15,1211,931,280,72,414,797,6.85414398843931,7.13364124597207,5.92481560714286,5.90833333333333,6.6387922705314,6.96600799247177,88
"87",2008,11,6.55,30,7.06818181818182,5.125,4.25,4.66666666666667,7.02083333333333,22,8,4,6,24,1241,953,288,76,420,821,6.84679159548751,7.13213011542497,5.90259850694444,5.82105263157895,6.61061904761905,6.96761068209501,89
"88",2008,12,6.57407407407407,27,6.91666666666667,5.88888888888889,4.75,7.2,6.43181818181818,18,9,4,5,22,1268,971,297,80,425,843,6.84098451892744,7.1281359423275,5.90218306397306,5.7675,6.61755294117647,6.95362795966785,90
"89",2009,1,6.89393939393939,33,6.88,6.9375,7.5,7.08333333333333,6.85185185185185,25,8,2,6,27,1301,996,305,82,431,870,6.84232772482706,7.12190763052209,5.92933891803279,5.80975609756098,6.62403712296984,6.9504693908046,91
"90",2009,2,6.55593220338983,59,6.77272727272727,6.28076923076923,5.85714285714286,6.32142857142857,6.62888888888889,33,26,7,14,45,1360,1029,331,89,445,915,6.82990321323529,7.1107094266278,5.95694371601209,5.81348314606742,6.61451685393258,6.93465395628415,92
"91",2009,3,6.76363636363636,44,7.15555555555556,6.14117647058824,7.2,6.38888888888889,6.86,27,17,5,9,35,1404,1056,348,94,454,950,6.82782647435897,7.11185606060606,5.96594359195402,5.88723404255319,6.61004405286343,6.93190354736842,93
"92",2009,4,6.58571428571429,35,6.81578947368421,6.3125,6.5,6.5,6.59677419354839,19,16,3,4,31,1439,1075,364,97,458,981,6.82193771369006,7.10662325581395,5.98117684065934,5.90618556701031,6.60908296943231,6.92131332313965,94
"93",2009,5,6.47674418604651,43,6.87096774193548,5.45833333333333,5.7,6.25,6.52857142857143,31,12,5,8,35,1482,1106,376,102,466,1016,6.81192197705803,7.10001808318264,5.96449034574468,5.89607843137255,6.60291845493562,6.90778382874016,95
"94",2009,6,6.62058823529412,34,7.0047619047619,6,5.125,5.92857142857143,6.8,21,13,4,7,27,1516,1127,389,106,473,1043,6.80763085092348,7.09824312333629,5.9656770437018,5.86698113207547,6.59293868921776,6.90499364333653,96
"95",2009,7,6.43333333333333,30,7.42857142857143,5.5625,5.6,6.66666666666667,6.375,14,16,5,6,24,1546,1141,405,111,479,1067,6.80036763906856,7.10229623137599,5.9497490617284,5.85495495495495,6.59386221294363,6.89307251171509,97
"96",2009,8,6.44255319148936,47,6.812,6.02272727272727,5.18181818181818,5.2,6.77837837837838,25,22,11,10,37,1593,1166,427,122,489,1104,6.78981065285625,7.09607204116638,5.95350906323185,5.79426229508197,6.56535787321063,6.88922859601449,98
"97",2009,9,6.63125,32,6.61363636363636,6.67,6.33333333333333,6.59090909090909,6.65238095238095,22,10,3,11,21,1625,1188,437,125,500,1125,6.78668822769231,7.08713804713805,5.96990473684211,5.8072,6.56592,6.88480744,99
"98",2009,10,6.71833333333333,30,7.2,6.296875,5.05,6.5,6.73392857142857,14,16,5,2,28,1655,1202,453,130,502,1153,6.78544916616314,7.08845257903494,5.98145335540839,5.77807692307692,6.56565737051793,6.88114342584562,100
"99",2009,11,6.15952380952381,42,6.7425,5.62954545454545,5.635,6.6375,6.04705882352941,20,22,10,8,34,1697,1222,475,140,510,1187,6.76995779021803,7.08279050736498,5.9651544631579,5.76785714285714,6.56678431372549,6.85725220724516,101
"100",2009,12,6.29,50,6.87037037037037,5.60869565217391,5.625,5.81818181818182,6.42307692307692,27,23,8,11,39,1747,1249,498,148,521,1226,6.75622116199199,7.07819855884708,5.9486915060241,5.76013513513514,6.55097888675624,6.84344075856444,102
"101",2010,1,6.64375,40,7.35227272727273,5.77777777777778,5.66666666666667,5.66666666666667,6.92741935483871,22,18,9,9,31,1787,1271,516,157,530,1257,6.75370362059317,7.08294256490952,5.94272939922481,5.75477707006369,6.53596226415094,6.84551182975338,103
"102",2010,2,6.75,23,7.3,6.32692307692308,7.2,7.25,6.64473684210526,10,13,5,4,19,1810,1281,529,162,534,1276,6.75365655801105,7.08463700234192,5.95217083175803,5.79938271604938,6.54131086142322,6.84252223354232,104
"103",2010,3,6.73571428571429,35,6.76851851851852,6.625,6,7.03571428571429,6.66071428571429,27,8,1,7,28,1845,1308,537,163,541,1304,6.7533161897019,7.07811162079511,5.9621943575419,5.80061349693251,6.54770794824399,6.83861838190184,105
"104",2010,4,6.17058823529412,17,6.19,6.14285714285714,6,6,6.20714285714286,10,7,5,3,14,1862,1318,544,168,544,1318,6.74799590225564,7.07137329286798,5.9645190625,5.80654761904762,6.5446875,6.83191075113809,106
"105",2010,5,6.10227272727273,22,6.66666666666667,5.425,4.95,6.25,6.07894736842105,12,10,5,3,19,1884,1330,554,173,547,1337,6.7404556104034,7.06772180451128,5.95478045126354,5.78179190751445,6.54307129798903,6.8212104487659,107
"106",2010,6,6.985,20,7.39411764705882,4.66666666666667,NA,6.75,7.08571428571429,17,3,0,6,14,1904,1347,557,173,553,1351,6.7430243539916,7.07184112843356,5.94784267504488,5.78179190751445,6.5453164556962,6.82395142116951,108
"107",2010,7,6.72826086956522,23,7.5,6.13461538461539,5.5,7,6.6875,10,13,2,3,20,1927,1357,570,175,556,1371,6.74284814218993,7.07499631540162,5.95210240350877,5.77857142857143,6.54776978417266,6.82196088256747,109
"108",2010,8,6.68125,32,7.28636363636364,5.35,NA,7.725,6.53214285714286,22,10,0,4,28,1959,1379,580,175,560,1399,6.74184194486983,7.07836838288615,5.94172132758621,5.77857142857143,6.55617857142857,6.81616037884203,110
"109",2010,9,6.51851851851852,27,6.85714285714286,6.15384615384615,5.33333333333333,5.28571428571429,6.95,14,13,6,7,20,1986,1393,593,181,567,1419,6.73880582578046,7.07614501076813,5.94637161888702,5.76381215469613,6.54049382716049,6.81804677237491,111
"110",2010,10,5.825,20,6.625,4.625,4.83333333333333,5.5,6.15,12,8,6,10,10,2006,1405,601,187,577,1429,6.7296950997009,7.07229181494662,5.92878264559068,5.73395721925134,6.5224610051993,6.81337184744577,112
"111",2010,11,6.28571428571429,28,7.03846153846154,5.63333333333333,6.41666666666667,7,6.1304347826087,13,15,6,5,23,2034,1418,616,193,582,1452,6.72358326941986,7.07198166431594,5.92158826298701,5.75518134715026,6.52656357388316,6.8025539738292,113
"112",2010,12,6.65405405405405,37,7.14545454545455,5.93333333333333,5.75,6,6.8962962962963,22,15,4,10,27,2071,1440,631,197,592,1479,6.72234107677451,7.07310416666667,5.92186746434231,5.75507614213198,6.51766891891892,6.80426529411765,114
"113",2011,1,6.2,37,6.62,5.70588235294118,5.25,5.875,6.28965517241379,20,17,4,8,29,2108,1460,648,201,600,1508,6.71317285104364,7.06689726027397,5.91620118827161,5.74502487562189,6.5091,6.79436894562334,115
"114",2011,2,6.53125,32,7.60714285714286,5.69444444444444,4.875,6.125,6.58928571428571,14,18,4,4,28,2140,1474,666,205,604,1536,6.71045250934579,7.07202849389417,5.91020776276276,5.7280487804878,6.50655629139073,6.79063044921875,116
"115",2011,3,6.62647058823529,34,6.95384615384615,5.5625,5.25,7.125,6.56,26,8,2,4,30,2174,1500,674,207,608,1566,6.70913908463661,7.06998,5.90608066765579,5.72342995169082,6.510625,6.78621224137931,117
"116",2011,4,6.34285714285714,21,6.78461538461538,5.625,6.5,5.78571428571429,6.62142857142857,13,8,2,7,14,2195,1513,682,209,615,1580,6.70563479271071,7.06752808988764,5.90278353372434,5.73086124401914,6.50237398373983,6.78475213291139,118
"117",2011,5,6.77307692307692,26,7.20666666666667,6.18181818181818,5.91666666666667,6.8125,6.75555555555556,15,11,6,8,18,2221,1528,693,215,623,1598,6.70642429986493,7.06889397905759,5.90721265512266,5.73604651162791,6.50635634028892,6.78442326032541,119
"118",2011,6,6.07692307692308,13,6.58333333333333,5.64285714285714,6.9,5.35,6.20909090909091,6,7,3,2,11,2234,1534,700,218,625,1609,6.70276113249776,7.06699478487614,5.9045691,5.75206422018349,6.502656,6.78048997513984,120
"119",2011,7,6.5,22,7.28571428571429,5.125,6,5,6.83333333333333,14,8,3,4,18,2256,1548,708,221,629,1627,6.70078385195036,7.06897286821705,5.89576040960452,5.75542986425339,6.49310015898251,6.78107459741856,121
"120",2011,8,6.75625,16,7.22727272727273,5.72,NA,5.83333333333333,6.96923076923077,11,5,0,3,13,2272,1559,713,221,632,1640,6.70117445862676,7.07008980115459,5.89452786816269,5.75542986425339,6.48996835443038,6.78256607926829,122
"121",2011,9,6.56666666666667,33,6.78260869565217,6.07,5.625,5.6,6.73928571428571,23,10,4,5,28,2305,1582,723,225,637,1668,6.6992487505423,7.06591024020228,5.89695486860304,5.75311111111111,6.48298273155416,6.78183955035971,123
"122",2011,10,6.44444444444444,18,7.13636363636364,5.35714285714286,4.75,5.58333333333333,6.875,11,7,2,6,12,2323,1593,730,227,643,1680,6.69727437365476,7.06639673571877,5.8917785890411,5.7442731277533,6.47458786936236,6.78250498214286,124
"123",2011,11,6.39666666666667,30,6.6,6.04545454545455,3.5,5.75,6.63181818181818,19,11,2,8,22,2353,1612,741,229,651,1702,6.69344172120697,7.06089950372208,5.89405987854251,5.72467248908297,6.46568356374808,6.78055720916569,125
"124",2011,12,6.58333333333333,36,6.95454545454545,6,4.83333333333333,6.72222222222222,6.53703703703704,22,14,3,9,27,2389,1634,755,232,660,1729,6.69178249058183,7.05946756425949,5.89602433112583,5.71314655172414,6.46918181818182,6.77675440717178,126
"125",2012,1,6.14516129032258,31,6.73809523809524,4.9,3.5,6.5,6.06,21,10,2,6,25,2420,1655,765,234,666,1754,6.68478031818182,7.05538972809668,5.88300440522876,5.69423076923077,6.46945945945946,6.76653840935006,127
"126",2012,2,6.80769230769231,26,7.02777777777778,6.3125,6.6,7.25,6.675,18,8,5,6,20,2446,1673,773,239,672,1774,6.68608682338512,7.05509264793784,5.88744937904269,5.71317991631799,6.47642857142857,6.76550640924465,128
"127",2012,3,6.52,25,7,5.8,5.75,6,6.56521739130435,15,10,4,2,23,2471,1688,783,243,674,1797,6.68440646297046,7.05460308056872,5.88633252873563,5.71378600823045,6.47501483679525,6.76294288814691,129
"128",2012,4,6.48333333333333,24,6.75555555555556,5.66666666666667,5.66666666666667,6.63333333333333,6.43333333333333,18,6,3,6,18,2495,1706,789,246,680,1815,6.68247229258517,7.05144783118406,5.88466206590621,5.71321138211382,6.47641176470588,6.75967403305785,130
"129",2012,5,6.43157894736842,19,6.74545454545455,6,5.25,6.95714285714286,6.125,11,8,2,7,12,2514,1717,797,248,687,1827,6.68057612171838,7.04948747815958,5.88581978670013,5.70947580645161,6.48131004366812,6.75550540229885,131
"130",2012,6,6.746875,32,7.565,5.38333333333333,5,7.4,6.62592592592593,20,12,2,5,27,2546,1737,809,250,692,1854,6.68140941476826,7.0554231433506,5.87836634116193,5.7038,6.48794797687861,6.75361832254585,132
"131",2012,7,6.0996875,32,6.60526315789474,5.36076923076923,6,7,6.03966666666667,19,13,3,2,30,2578,1756,822,253,694,1884,6.6741886617533,7.05055239179954,5.87018049878345,5.70731225296443,6.48942363112392,6.7422496656051,133
"132",2012,8,6.29310344827586,29,6.5,5.83333333333333,6,6.2,6.3125,20,9,4,5,24,2607,1776,831,257,699,1908,6.66994950901419,7.04435247747748,5.86978143200963,5.71186770428015,6.48735336194563,6.73684400943396,134
"133",2012,9,6.25,14,7.1875,5,3.5,6,6.31818181818182,8,6,2,3,11,2621,1784,837,259,702,1919,6.66770636016787,7.04499439461883,5.86354643966547,5.69478764478764,6.48527065527065,6.73444417404898,135
"134",2012,10,6.31290322580645,31,6.695,5.61818181818182,5.5,6.05,6.40434782608696,20,11,2,8,23,2652,1804,848,261,710,1942,6.66355896304676,7.04111419068736,5.86036364386792,5.69329501915709,6.4803661971831,6.73053469104017,136
"135",2012,11,5.77619047619048,21,6.27142857142857,4.78571428571429,6.75,7.5,5.59473684210526,14,7,2,2,19,2673,1818,855,263,712,1961,6.65658749345305,7.03518701870187,5.85156534502924,5.70133079847909,6.48323033707865,6.71953002039776,137
"136",2012,12,6.77941176470588,34,7.16666666666667,5.85,5,6.25,6.85,24,10,4,4,30,2707,1842,865,267,716,1991,6.65813016992981,7.03690010857763,5.85154724855491,5.69082397003745,6.48192737430167,6.72149591662481,138
"137",2013,1,6.26,31,6.66916666666667,4.85714285714286,4.875,5.78571428571429,6.39833333333333,24,7,4,7,24,2738,1866,872,271,723,2015,6.65362248721695,7.03217041800643,5.84356464449541,5.67878228782288,6.4751867219917,6.7176468337469,139
"138",2013,2,5.96296296296296,27,6.38888888888889,5.11111111111111,3,4.5,6.69444444444444,18,9,2,9,18,2765,1884,881,273,732,2033,6.64687825316456,7.02602441613588,5.83608214528944,5.65915750915751,6.45090163934426,6.71744140186916,140
"139",2013,3,6.20740740740741,27,6.71176470588235,5.35,5.25,6.575,6.14347826086957,17,10,6,4,23,2792,1901,891,279,736,2056,6.64262835601719,7.02321409784324,5.83062667789001,5.65035842293907,6.45157608695652,6.71102060797665,141
"140",2013,4,6.39393939393939,33,7.05882352941176,5.6875,7.16666666666667,6.5,6.38333333333333,17,16,3,3,30,2825,1918,907,282,739,2086,6.63972331681416,7.02352971845673,5.82810184123484,5.66648936170213,6.45177266576454,6.70630794343241,142
"141",2013,5,6.85555555555556,18,7.1,6,6.66666666666667,8.45,6.65625,14,4,3,2,16,2843,1932,911,285,741,2102,6.64108982412944,7.02408385093168,5.82885660812294,5.67701754385965,6.45716599190283,6.70592691246432,143
"142",2013,6,6.43518518518519,27,6.88157894736842,5.375,5.75,7.27777777777778,6.01388888888889,19,8,4,9,18,2870,1951,919,289,750,2120,6.63915274216028,7.022696053306,5.82490573449402,5.6780276816609,6.46701333333333,6.70005111792453,144
"143",2013,7,6.43181818181818,22,6.57692307692308,6.22222222222222,6.5,7,6.40476190476191,13,9,2,1,21,2892,1964,928,291,751,2141,6.63757550829876,7.01974541751527,5.82875901939655,5.68367697594502,6.46772303595206,6.69715477347034,145
"144",2013,8,6.54705882352941,34,6.76521739130435,6.09090909090909,6.1,7.62,6.36206896551724,23,11,5,5,29,2926,1987,939,296,756,2170,6.63652370813397,7.01679919476598,5.83183,5.69070945945946,6.47534391534391,6.69267666820276,146
"145",2013,9,6.15789473684211,19,6.29166666666667,5.92857142857143,5.16666666666667,5.75,6.20588235294118,12,7,3,2,17,2945,1999,946,299,758,2187,6.63343577928693,7.01244622311156,5.83254584566596,5.68545150501672,6.47343007915567,6.68889271604938,147
"146",2013,10,6.51538461538462,26,7.06,5.77272727272727,5.8,5,6.576,15,11,5,1,25,2971,2014,957,304,759,2212,6.63240268259845,7.01280039721946,5.83185827586207,5.68733552631579,6.47148880105402,6.68761680379747,148
"147",2013,11,6.15,20,6.5,5.5,4.75,5.66666666666667,6.23529411764706,13,7,2,3,17,2991,2027,964,306,762,2229,6.62917698762956,7.00951159348791,5.82944851659751,5.6812091503268,6.46832020997375,6.68416705697622,149
"148",2013,12,6.01470588235294,34,6.39583333333333,5.1,5.5,4.33333333333333,6.375,24,10,2,6,28,3025,2051,974,308,768,2257,6.62227053553719,7.00233057045344,5.82195931211499,5.68003246753247,6.451640625,6.68033157731502,150
"149",2014,1,6.52857142857143,42,6.66774193548387,6.13636363636364,6.25,5.5,6.66756756756757,31,11,8,5,37,3067,2082,985,316,773,2294,6.62098740462993,6.99734870317003,5.82547042639594,5.69446202531646,6.4454851228978,6.68012570619006,151
"150",2014,2,6.22222222222222,27,6.41176470588235,5.9,5.75,6.16666666666667,6.22916666666667,17,10,4,3,24,3094,2099,995,320,776,2318,6.61750755332902,6.9926060028585,5.82621946733668,5.69515625,6.44440721649484,6.6754565875755,152
"151",2014,3,6.54,25,6.5625,6.5,5,6.25,6.59523809523809,16,9,1,4,21,3119,2115,1004,321,780,2339,6.61688630009619,6.98935224586288,5.83225933266932,5.69299065420561,6.44341025641025,6.67473637024369,153
"152",2014,4,5.91388888888889,18,6.56818181818182,4.88571428571429,4.5,3.775,6.18125,11,7,2,2,16,3137,2126,1011,323,782,2355,6.61285252470513,6.98717309501411,5.82570560830861,5.68560371517028,6.43658567774936,6.67138359660297,154
"153",2014,5,6.23684210526316,19,6.64285714285714,5.1,5.5,8,6.02941176470588,14,5,3,2,17,3156,2140,1016,326,784,2372,6.61058883713561,6.98492056074766,5.82213422244094,5.68389570552147,6.44057397959184,6.66678261804384,155
"154",2014,6,6.11,25,6.80357142857143,5.22727272727273,5.14285714285714,5.79166666666667,6.21052631578947,14,11,7,6,19,3181,2154,1027,333,790,2391,6.60665462747564,6.98374187558032,5.81576277507303,5.67252252252252,6.43564556962025,6.66315699289,156
"155",2014,7,6.1,15,6.72222222222222,5.16666666666667,NA,5.33333333333333,6.29166666666667,9,6,0,3,12,3196,2163,1033,333,793,2403,6.60427671151439,6.98265372168285,5.81199261374637,5.67252252252252,6.43147540983606,6.66130186017478,157
"156",2014,8,5.6825,20,6.3,5.065,5.625,4.83333333333333,5.83235294117647,10,10,4,3,17,3216,2173,1043,337,796,2420,6.59854426927861,6.97951219512195,5.80483065196548,5.67195845697329,6.42545226130653,6.65547866528925,158
"157",2014,9,6.08947368421053,19,7.1875,5.29090909090909,5.5,5,6.15,8,11,4,1,18,3235,2181,1054,341,797,2438,6.59555436476043,6.98027510316369,5.79946714421252,5.66994134897361,6.42366373902133,6.65174666529942,159
"158",2014,10,6.23529411764706,17,6.54545454545455,5.66666666666667,6,9,6.0625,11,6,1,1,16,3252,2192,1060,342,798,2454,6.59367108548586,6.97809306569343,5.79871544339623,5.67090643274854,6.42689223057644,6.64790479625102,160
"159",2014,11,6.39130434782609,23,6.86666666666667,5.5,6.16666666666667,6.25,6.42105263157895,15,8,3,4,19,3275,2207,1068,345,802,2473,6.59224988396947,6.97733574988672,5.79647787453183,5.67521739130435,6.42600997506234,6.646161896482,161
"160",2014,12,6.33333333333333,24,6.77777777777778,5,4,7,6.15789473684211,18,6,1,5,19,3299,2225,1074,346,807,2492,6.59036628372234,6.97572134831461,5.79202827746741,5.67037572254335,6.42956629491945,6.64243915329053,162
"161",2015,1,6.48333333333333,30,6.925,5.6,4.5,6,6.58,20,10,6,5,25,3329,2245,1084,352,812,2517,6.58940173325323,6.97526948775056,5.79025679889299,5.65042613636364,6.42692118226601,6.64181897894318,163
"162",2015,2,6.32647058823529,34,6.59090909090909,5.84166666666667,5.375,6.5,6.315625,22,12,8,2,32,3363,2267,1096,360,814,2549,6.58674349390425,6.97153947948831,5.79081968065693,5.64430555555556,6.42710073710074,6.63772395841506,164
"163",2015,3,6.14583333333333,24,6.56666666666667,5.44444444444444,6.33333333333333,6,6.15217391304348,15,9,3,1,23,3387,2282,1105,363,815,2572,6.58361924121642,6.96887817703769,5.78799852488688,5.65,6.42657668711656,6.63338194790046,165
"164",2015,4,5.42380952380952,21,6.24444444444444,4.80833333333333,4.36666666666667,4.5,5.52105263157895,9,12,6,2,19,3408,2291,1117,369,817,2591,6.57647252640845,6.96603230030554,5.77747392121755,5.62913279132791,6.42186046511628,6.62522515245079,166
"165",2015,5,6.675,20,7.3,6.05,6.375,5,6.76315789473684,10,10,4,1,19,3428,2301,1127,373,818,2610,6.57704736581097,6.96748370273794,5.77989207630878,5.63713136729223,6.42012224938875,6.6262292605364,167
"166",2015,6,5.70952380952381,21,6.03333333333333,4.9,4.975,5.725,5.70588235294118,15,6,4,4,17,3449,2316,1133,377,822,2627,6.57176525659612,6.9614335060449,5.77523245366284,5.63010610079576,6.4167396593674,6.62027345641416,168
"167",2015,7,6.095,20,6.74166666666667,5.125,6.33333333333333,5.5,6.24375,12,8,3,4,16,3469,2328,1141,380,826,2643,6.56901653790718,6.96030068728522,5.77067341805434,5.63565789473684,6.41230024213075,6.61799408626561,169
"168",2015,8,6.22,20,6.88,5.56,5.02,5.6,6.42666666666667,10,10,5,5,15,3489,2338,1151,385,831,2658,6.56701586987676,6.95995722840034,5.76884306689835,5.62766233766234,6.407412755716,6.61691436042137,170
"169",2015,9,5.9345,20,6.45833333333333,5.14875,NA,7,5.87842105263158,12,8,0,1,19,3509,2350,1159,385,832,2677,6.56341076375036,6.95739574468085,5.76456287316652,5.62766233766234,6.408125,6.61167290623833,171
"170",2015,10,6.28260869565217,23,6.63333333333333,5.625,6,7,6.21428571428571,15,8,3,2,21,3532,2365,1167,388,834,2698,6.56158221121178,6.95534038054968,5.76360614395887,5.6305412371134,6.40954436450839,6.60857982579689,172
"171",2015,11,6.6,15,6.76923076923077,5.5,5.5,6.6,6.6,13,2,2,5,10,3547,2378,1169,390,839,2708,6.56174467719199,6.95432296047098,5.7631551497006,5.62987179487179,6.41067938021454,6.60854814254062,173
"172",2015,12,6.12,25,6.11111111111111,6.14285714285714,6.66666666666667,6.25,6.09523809523809,18,7,3,4,21,3572,2396,1176,393,843,2729,6.55865295912654,6.94798831385643,5.76541528061225,5.63778625954198,6.40991696322657,6.604598156834,174
"173",2016,1,5.67083333333333,24,6.45384615384615,4.74545454545455,4.06666666666667,4.33333333333333,5.86190476190476,13,11,3,3,21,3596,2409,1187,396,846,2750,6.5527275778643,6.94532171025322,5.75596324347094,5.62588383838384,6.40255319148936,6.59892668,175
"174",2016,2,6.48333333333333,18,6.75,5.95,5.75,6.33333333333333,6.55833333333333,12,6,4,6,12,3614,2421,1193,400,852,2762,6.5523819507471,6.94435357290376,5.75693911986588,5.627125,6.40206572769953,6.59875031498914,176
"175",2016,3,5.94117647058824,17,6.27272727272727,5.33333333333333,6,5,6.14285714285714,11,6,3,3,14,3631,2432,1199,403,855,2776,6.54952034425778,6.94131578947368,5.75481932443703,5.62990074441687,6.39714619883041,6.59645114193084,177
"176",2016,4,6.65833333333333,24,7.29230769230769,5.90909090909091,5.2,6.8,6.65217391304348,13,11,5,1,23,3655,2445,1210,408,856,2799,6.55023484815322,6.94318200408998,5.75622179338843,5.62463235294118,6.3976168224299,6.59690902822437,178
"177",2016,5,6.18421052631579,19,6.96,5.32222222222222,5.8,5.35,6.40666666666667,10,9,3,4,15,3674,2455,1219,411,860,2814,6.54834196243876,6.94325050916497,5.75301753076292,5.62591240875912,6.39274418604651,6.59589494314143,179
"178",2016,6,6.16923076923077,26,6.87647058823529,4.83333333333333,4,7.06666666666667,5.9,17,9,3,6,20,3700,2472,1228,414,866,2834,6.54567793783784,6.94279126213592,5.7462771742671,5.61413043478261,6.39741339491917,6.59098389908257,180
"179",2016,7,6.25,24,6.33333333333333,6.11111111111111,5.5,6,6.33333333333333,15,9,4,6,18,3724,2487,1237,418,872,2852,6.54377238721805,6.93911540008042,5.74893158447858,5.61303827751196,6.39467889908257,6.58935777349229,181
"180",2016,8,6.44736842105263,19,6.89285714285714,5.2,6,10,6.25,14,5,2,1,18,3743,2501,1242,420,873,2870,6.5432830269837,6.93885645741703,5.74672171497585,5.61488095238095,6.39880870561283,6.58722939721254,182
"181",2016,9,6.26067,20,6.75,5.526675,6.8567,9,6.1164947368421,12,8,2,1,19,3763,2513,1250,422,874,2889,6.54178096465586,6.93795463589335,5.745313416,5.6207663507109,6.40178489702517,6.58413353063344,183
"182",2016,10,6.37142857142857,28,6.51818181818182,5.83333333333333,5,6.5,6.36153846153846,22,6,3,2,26,3791,2535,1256,425,876,2915,6.54052275652862,6.93431163708087,5.7457338933121,5.61638447058824,6.40200913242009,6.58214812006861,184
"183",2016,11,5.9962962962963,27,6.60588235294118,4.96,5.16666666666667,5.5,6.08260869565217,17,10,3,4,23,3818,2552,1266,428,880,2938,6.53667411471975,6.93212382445141,5.73952746445498,5.61323224299065,6.39790909090909,6.57823749829816,185
"184",2016,12,6.00588235294118,17,6.36363636363636,5.35,7,5,6.14,11,6,1,2,15,3835,2563,1272,429,882,2953,6.5343211916558,6.92968396410456,5.73769007075472,5.6164648018648,6.39473922902494,6.57601143582797,186
"185",2017,1,6.603125,32,6.95833333333333,5.5375,4.75,6.25555555555556,6.73913043478261,24,8,4,9,23,3867,2587,1280,433,891,2976,6.53489055340057,6.92994974874372,5.7364388828125,5.60846050808314,6.39333333333333,6.57727210013441,187
"186",2017,2,6.38214285714286,28,6.65238095238095,5.57142857142857,7,6.66666666666667,6.348,21,7,1,3,25,3895,2608,1287,434,894,3001,6.53379249550706,6.92771472392638,5.73554139083139,5.6116668202765,6.39425055928411,6.57536213595468,188
"187",2017,3,6.02666666666667,15,7.05714285714286,5.125,4.75,7,5.95714285714286,7,8,4,1,14,3910,2615,1295,438,895,3015,6.531847,6.92806118546845,5.73176970656371,5.60379771689498,6.39492737430167,6.57249146600332,189
"188",2017,4,6.05,24,6.34666666666667,5.55555555555556,6,7,6.00869565217391,15,9,6,1,23,3934,2630,1304,444,896,3038,6.52890741484494,6.92474524714829,5.73055350460123,5.6091518018018,6.39560267857143,6.56822309743252,190
"189",2017,5,7.10526315789474,19,7.56666666666667,5.375,5.75,6,7.16666666666667,15,4,2,1,18,3953,2645,1308,446,897,3056,6.53167765494561,6.92838563327032,5.72946618501529,5.60978340807175,6.39516164994426,6.57174796138743,191
"190",2017,6,6.23684210526316,19,6.79166666666667,5.28571428571429,5,4.5,6.44117647058824,12,7,3,2,17,3972,2657,1315,449,899,3073,6.53026731369587,6.92776815957847,5.72710400760456,5.60570913140312,6.39094549499444,6.57102563293199,192
"191",2017,7,6.25263157894737,19,7.34545454545455,4.75,4.625,7,5.98571428571429,11,8,4,5,14,3991,2668,1323,453,904,3087,6.52894557003258,6.92949025487256,5.72119559334845,5.59704944812362,6.39431415929203,6.56837115970198,193
"192",2017,8,6.15909090909091,22,6.23333333333333,6,5.5,6.5,6.125,15,7,2,2,20,4013,2683,1330,455,906,3107,6.52691795913282,6.92559821095788,5.72266298496241,5.59662285714286,6.39454746136865,6.5655171451561,194
"193",2017,9,6.13157894736842,19,6.60714285714286,4.8,5.33333333333333,6,6.16666666666667,14,5,3,4,15,4032,2697,1335,458,910,3122,6.52505500248016,6.92394512421209,5.71920731835206,5.59489825327511,6.39281318681318,6.56360082319026,195
"194",2017,10,6.22307692307692,26,6.16521739130435,6.66666666666667,7,6.66666666666667,6.16521739130435,23,3,1,3,23,4058,2720,1338,459,913,3145,6.52312019960572,6.91752941176471,5.72133166666667,5.59795947712418,6.393713033954,6.5606873672496,196
"195",2017,11,6.44166666666667,24,7.425,5.45833333333333,5.68333333333333,6.33333333333333,6.45714285714286,12,12,6,3,21,4082,2732,1350,465,916,3166,6.52264129593337,6.91975841874085,5.7189939037037,5.59906107526882,6.39351528384279,6.56000055906507,197
"196",2017,12,6.40625,16,6.95833333333333,4.75,6.33333333333333,9.5,5.96428571428571,12,4,3,2,14,4098,2744,1354,468,918,3180,6.52218686432406,6.91992711370262,5.71613129246677,5.60376794871795,6.40028322440087,6.55737791509434,198
"197",2018,1,6.59523809523809,21,7.2,5.08333333333333,5.33333333333333,6.8,6.53125,15,6,3,5,16,4119,2759,1360,471,923,3196,6.52255930322894,6.92144980065241,5.71333953676471,5.60204543524416,6.40244853737811,6.55724711201502,199
"198",2018,2,6.0905,20,6.48642857142857,5.16666666666667,5,6.25,6.07277777777778,14,6,1,2,18,4139,2773,1366,472,925,3214,6.52047155593139,6.9192535160476,5.71093833821376,5.60076991525424,6.40211891891892,6.55453384256378,200
"199",2018,3,6.09722222222222,18,6.44230769230769,5.2,5.5,5.2,6.44230769230769,13,5,2,5,13,4157,2786,1371,474,930,3227,6.51863886697138,6.9170279971285,5.7090749598833,5.6003447257384,6.39565591397849,6.55408173845677,201
"200",2018,4,6.28571428571429,14,7.25,5,5,7,6.23076923076923,8,6,3,1,13,4171,2794,1377,477,931,3240,6.5178570534644,6.91798138869005,5.70598530864198,5.59656897274633,6.39630504833512,6.55278449691358,202
"201",2018,5,6.03846153846154,13,6.3,5.16666666666667,6.5,4.83333333333333,6.4,10,3,2,3,10,4184,2804,1380,479,934,3250,6.51636753585086,6.91577746077033,5.7048128768116,5.60034112734864,6.39128479657387,6.55231439076923,203
"202",2018,6,6.5125,16,6.65714285714286,5.5,NA,5,6.61333333333333,14,2,0,1,15,4200,2818,1382,479,935,3265,6.51635280238095,6.91449254790632,5.70451647612156,5.60034112734864,6.38979679144385,6.55259472281776,204
"203",2018,7,6.59666666666667,21,6.31,7.0625,6.51666666666667,6.03333333333333,6.69055555555556,13,8,6,3,18,4221,2831,1390,485,938,3283,6.51675237384506,6.91171670787708,5.71233220863309,5.61167711340206,6.38865671641791,6.55335113310996,205
"204",2018,8,6.2675,20,6.77916666666667,5.5,5,6.19166666666667,6.3,12,8,3,6,14,4241,2843,1398,488,944,3297,6.51557693232728,6.91115722827999,5.71111714592275,5.60791680327869,6.38740466101695,6.55227533212011,206
"205",2018,9,6.58195238095238,21,7.27473333333333,4.85,4,5.48025,6.84117647058823,15,6,2,4,17,4262,2858,1404,490,948,3314,6.51590398169874,6.91306543037089,5.70743715811966,5.60135387755102,6.38357700421941,6.55375732347616,207
"206",2018,10,6.16352941176471,17,6.98909090909091,4.65,4.725,2,6.42375,11,6,4,1,16,4279,2869,1410,494,949,3330,6.51450403598972,6.91335691878703,5.70293742553192,5.59425789473684,6.37895785036881,6.55313266366366,208
"207",2018,11,6.59545454545455,22,7.00625,5.5,6,7.5,6.39444444444444,16,6,3,4,18,4301,2885,1416,497,953,3348,6.51491810509184,6.91387209705373,5.70207752118644,5.59670704225352,6.38366316894019,6.55227950119474,209
"208",2018,12,6.44764705882353,17,6.89166666666667,5.382,5,6.05,6.57,12,5,1,4,13,4318,2897,1421,498,957,3361,6.51465325845299,6.91378011736279,5.70095128078818,5.59550883534137,6.38226854754441,6.55234804224933,210
"209",2019,1,6.01136363636364,22,6.8,4.32142857142857,3.75,3.33333333333333,6.43421052631579,15,7,3,3,19,4340,2912,1428,501,960,3380,6.51210202073733,6.91319402472527,5.69418891456583,5.58445788423154,6.372740625,6.5516839556213,211
"210",2019,2,7.17611111111111,18,7.55153846153846,6.2,6,7.1675,7.17857142857143,13,5,2,4,14,4358,2925,1433,503,964,3394,6.51484460073428,6.91603111111111,5.69595378227495,5.58611013916501,6.37603838174274,6.55426982027107,212
"211",2019,3,5.88,14,7.35714285714286,4.40285714285714,5.5,NA,5.88,7,7,1,0,14,4372,2932,1440,504,964,3408,6.51281170402562,6.91708424283765,5.68966789583334,5.58593928571429,6.37603838174274,6.55149993251174,213
"212",2019,4,6.15625,16,5.86363636363636,6.8,6,6.7,5.90909090909091,11,5,1,5,11,4388,2943,1445,505,969,3419,6.51151157019143,6.91314678899082,5.69350987543253,5.58675920792079,6.37771001031992,6.54943310032173,214
"213",2019,5,6.60833333333333,12,6.75714285714286,6.4,7,7.33333333333333,6.36666666666667,7,5,1,3,9,4400,2950,1450,506,972,3428,6.51177562954546,6.91277661016949,5.69594604827586,5.58955217391304,6.38065946502057,6.54895325845974,215
"214",2019,6,6.19230769230769,13,6.72222222222222,5,5,5.25,6.36363636363636,9,4,3,2,11,4413,2959,1454,509,974,3439,6.51083452753229,6.9121970260223,5.69403147867951,5.58607740667976,6.37833778234086,6.54836050305321,216
"215",2019,7,5.95038461538462,26,6.02777777777778,5.77625,6.5,5.375,6.055,18,8,2,4,22,4439,2977,1462,511,978,3461,6.50755187429601,6.90684951293248,5.694481374829,5.58965440313112,6.37423415132924,6.54522443513435,217
"216",2019,8,6.11363636363636,11,7.15625,3.33333333333333,6,NA,6.11363636363636,8,3,1,0,11,4450,2985,1465,512,978,3472,6.5065781505618,6.90751792294807,5.68964625938567,5.590455859375,6.37423415132924,6.5438570766129,218
"217",2019,9,6.63157894736842,19,7.36363636363636,5.625,4.33333333333333,6.83333333333333,6.53846153846154,11,8,3,6,13,4469,2996,1473,515,984,3485,6.50710959275006,6.90919259012016,5.68929515953836,5.58313281553398,6.37703353658536,6.54383694978479,219
"218",2019,10,6.08823529411765,17,6.875,5.38888888888889,5.75,NA,6.08823529411765,8,9,2,0,17,4486,3004,1482,517,984,3502,6.50552224030317,6.90910153129161,5.68747082995952,5.58377833655706,6.37703353658536,6.54162529126214,220
"219",2019,11,5.75681818181818,22,6.53846153846154,4.62777777777778,6,7,5.48055555555556,13,9,1,4,18,4508,3017,1491,518,988,3520,6.50186840505768,6.90750447464368,5.6810742924212,5.58458185328185,6.37955566801619,6.53619936647727,221
"220",2019,12,5.58823529411765,17,6.33333333333333,4.75,4.25,4,5.92857142857143,9,8,4,3,14,4525,3026,1499,522,991,3534,6.49843597127072,6.90579676140119,5.67610525016678,5.57435517241379,6.37235216952573,6.53379223825693,222
"221",2020,1,6.2,22,6.9,4.33333333333333,3.33333333333333,4.33333333333333,6.49473684210526,16,6,3,3,19,4547,3042,1505,525,994,3553,6.49699203210908,6.90576627218935,5.67075200664452,5.56154933333333,6.36619818913481,6.53358338587109,223
"222",2020,2,6.58461538461538,13,6.72,6.13333333333333,5.7,6.33333333333333,6.66,10,3,2,3,10,4560,3052,1508,527,997,3563,6.49724183552632,6.90515760157274,5.67167226127321,5.56207476280835,6.36609929789368,6.53393818972776,224
"223",2020,3,5.78125,16,6.75,4.16666666666667,3,5.5,5.84615384615385,10,6,2,3,13,4576,3062,1514,529,1000,3576,6.49473836756993,6.90465088177662,5.66570790620872,5.55238827977316,6.363501,6.53143785514541,225
"224",2020,4,5.8,15,5.91666666666667,5.33333333333333,6,3,6,12,3,1,1,14,4591,3074,1517,530,1001,3590,6.49246847527772,6.90079407937541,5.66505060646012,5.55323283018868,6.36014085914086,6.52936539554317,226
"225",2020,5,6.33333333333333,12,6,7.33333333333333,6,7.5,6.1,9,3,1,2,10,4603,3083,1520,531,1003,3600,6.49205361068868,6.89816445021083,5.66834326973684,5.55407419962335,6.36241375872383,6.52817271388889,227
"226",2020,6,6.52,15,6.81111111111111,6.08333333333333,5,6.5,6.52307692307692,9,6,1,2,13,4618,3092,1526,532,1005,3613,6.49214438501516,6.89791106080207,5.66997494757536,5.55303270676692,6.36268756218905,6.52815437863271,228
"227",2020,7,5.46428571428571,14,6.45,3,4,7,5.34615384615385,10,4,1,1,13,4632,3102,1530,533,1006,3626,6.48903773100173,6.89646711798839,5.66299462091503,5.55011894934334,6.36332107355865,6.52391664920022,229
"228",2020,8,6.08333333333333,12,6.14285714285714,6,6.5,6,6.11111111111111,7,5,2,3,9,4644,3109,1535,535,1009,3635,6.48798939922481,6.89477034416211,5.66409235830619,5.55366990654206,6.36224083250743,6.52289457221458,230
"229",2020,9,6,19,6.95454545454545,4.6875,5.5,6.4,5.85714285714286,11,8,2,5,14,4663,3120,1543,537,1014,3649,6.4860010229466,6.89498108974359,5.65902901490603,5.55347001862197,6.36242702169625,6.52034030419293,231
"230",2020,10,5.9,15,6.5,5.68181818181818,5.83333333333333,7,5.82142857142857,4,11,3,1,14,4678,3124,1554,540,1015,3663,6.48412201154339,6.89447535211267,5.65919032818533,5.55502481481482,6.36305517241379,6.51766906087906,232
"231",2020,11,6.65714285714286,14,7.15,6,6.66666666666667,6,6.83636363636364,8,6,3,3,11,4692,3132,1560,543,1018,3674,6.484638271526,6.89512803320562,5.66050113461539,5.5611664825046,6.36198526522593,6.51862323625476,233
"232",2020,12,6.33333333333333,12,7,5.85714285714286,6,NA,6.33333333333333,5,7,1,0,12,4704,3137,1567,544,1018,3686,6.48425228954082,6.8952951864839,5.66137955966816,5.56197316176471,6.36198526522593,6.51802001356484,234
"233",2021,1,6,13,6.04545454545455,5.75,5.75,5.75,6.11111111111111,11,2,2,4,9,4717,3148,1569,546,1022,3695,6.48291769556922,6.89232560355781,5.66149252390057,5.5626619047619,6.35959001956947,6.51702889580514,235
"234",2021,2,6.5,18,6.73333333333333,5.33333333333333,6.5,8.5,6.25,15,3,2,2,16,4735,3163,1572,548,1024,3711,6.48298263357973,6.89157160923174,5.66086626590331,5.56608284671533,6.3637705078125,6.51587759902991,236
"235",2021,3,6.425,16,7.1,5.3,5.75,6.5,6.42,10,6,2,1,15,4751,3173,1578,550,1025,3726,6.48278736476531,6.89222849038764,5.65949415082383,5.56675163636364,6.36390341463414,6.51549161835749,237
"236",2021,4,6.1,10,6.22222222222222,5,NA,6.5,6,9,1,0,2,8,4761,3182,1579,550,1027,3734,6.48198335853812,6.89033343808925,5.65907648511716,5.56675163636364,6.36416845180136,6.51438719068023,238
"237",2021,5,6.03333333333333,15,6.09090909090909,5.875,5.5,6,6.04545454545455,11,4,2,4,11,4776,3193,1583,552,1031,3745,6.4805742818258,6.88757939242092,5.65962209096652,5.5665097826087,6.3627555771096,6.51300981842456,239
"238",2021,6,7.71111111111111,9,8.05714285714286,6.5,6.5,7.46666666666667,7.83333333333333,7,2,2,3,6,4785,3200,1585,554,1034,3751,6.48288877115987,6.8901378125,5.66068250473186,5.5698797833935,6.3659584139265,6.51512177286057,240
"239",2021,7,6.34615384615385,13,6.6875,5.8,7.5,NA,6.34615384615385,8,5,2,0,13,4798,3208,1590,556,1034,3764,6.48251829303877,6.88963248129676,5.66112061006289,5.5768226618705,6.3659584139265,6.51453819606801,241
"240",2021,8,6.59,20,7.8,5.38,5.66666666666667,6.3,6.68666666666667,10,10,3,5,15,4818,3218,1600,559,1039,3779,6.482964460357,6.89246146674953,5.65936360625,5.57730483005367,6.36564100096246,6.51522142630325,242
"241",2021,9,6.46875,16,7.11111111111111,5.64285714285714,5.2,8,6.25,9,7,5,2,14,4834,3227,1607,564,1041,3793,6.48291741208109,6.89307127362876,5.65929170504045,5.57395992907801,6.36878097982709,6.51424249143158,243
"242",2021,10,6.325,12,7,5.65,6.5,NA,6.325,6,6,2,0,12,4846,3233,1613,566,1041,3805,6.48252636607511,6.89326971852768,5.65925714197148,5.57723215547703,6.36878097982709,6.51364566885677,244
"243",2021,11,6.22307692307692,13,6.9875,5,5.66666666666667,2,6.575,8,5,3,1,12,4859,3241,1618,569,1042,3817,6.48183222267956,6.89350231410059,5.65721988257108,5.57770369068541,6.36458829174664,6.51383855645795,245
"244",2021,12,6.33636363636364,22,6.68888888888889,4.75,3,6.5,6.32857142857143,18,4,1,1,21,4881,3259,1622,570,1043,3838,6.4811765560336,6.89237220006137,5.65498259556104,5.57318140350877,6.36471812080537,6.51282484887962,246
"245",2022,1,6.160024,25,6.30558888888889,5.78571428571429,5,6,6.16669166666667,18,7,2,1,24,4906,3277,1629,572,1044,3862,6.47954002649817,6.88914909978639,5.65554436464088,5.57117727272727,6.36436877394636,6.51067383997928,247
"246",2022,2,6.7,14,7.03,5.875,6.5,8.25,6.08,10,4,1,4,10,4920,3287,1633,573,1048,3872,6.48016735162602,6.88957760876179,5.6560819167177,5.5727982547993,6.37156583969465,6.5095615625,248
"247",2022,3,7.02285714285714,14,6.94769230769231,8,8,5.11,7.34166666666667,13,1,1,2,12,4934,3300,1634,574,1050,3884,6.48170720916093,6.88980654545455,5.65751638310894,5.57702682926829,6.36916285714286,6.5121324330587,249
"248",2022,4,6.69230769230769,13,7.15,5.16666666666667,5.5,7.83333333333333,6.35,10,3,1,3,10,4947,3310,1637,575,1053,3894,6.48226063674955,6.89059262839879,5.65661684178375,5.57689286956522,6.37333428300095,6.51171606831022,250
"249",2022,5,5.88461538461539,13,6.5,4.9,4,3.5,6.08333333333333,8,5,2,1,12,4960,3318,1642,577,1054,3906,6.48069422782258,6.88965087402049,5.65431289281364,5.57142703639515,6.37060815939279,6.51039999231951,251
"250",2022,6,6.11111111111111,9,6.9,5.125,6,4.5,6.3125,5,4,2,1,8,4969,3323,1646,579,1055,3914,6.48002482793319,6.88966644598255,5.65302659173755,5.57290742659758,6.36883507109005,6.50999549565662,252
"251",2022,7,6.5,11,6.9,6.16666666666667,6,4,6.75,5,6,1,1,10,4980,3328,1652,580,1056,3924,6.4800689497992,6.88968197115385,5.6548921125908,5.57364379310345,6.3665918560606,6.51060712793068,253
"252",2022,8,5.83333333333333,12,6,5.33333333333333,6,6,5.81818181818182,9,3,1,1,11,4992,3337,1655,581,1057,3935,6.478514296875,6.88728246928379,5.6543092265861,5.57437762478485,6.36624503311258,6.50867150444727,254
"253",2022,9,6.875,16,6.69230769230769,7.66666666666667,8,6.75,6.91666666666667,13,3,1,4,12,5008,3350,1658,582,1061,3947,6.47978102436102,6.88652585074627,5.65795040410133,5.57854536082474,6.3676918001885,6.50991192551305,255
"254",2022,10,7.33333333333333,6,7.5,7,NA,8,7.2,4,2,0,1,5,5014,3354,1660,582,1062,3952,6.48080242720383,6.88725748360167,5.6595673313253,5.57854536082474,6.36922881355932,6.51078501265182,256
"255",2022,11,6.045,20,6.44545454545455,5.55555555555556,5,4,6.15263157894737,11,9,2,1,19,5034,3365,1669,584,1063,3971,6.47907099125943,6.88581325408618,5.65900645296585,5.57656404109589,6.367,6.50907135985898,257
"256",2022,12,5.52636363636364,22,6,5.30533333333333,6.395,6.33333333333333,5.39894736842105,7,15,4,3,19,5056,3372,1684,588,1066,3990,6.47492550830696,6.8839743772242,5.65585615795724,5.58213163265306,6.3669052532833,6.50378505513785,258
