"","year","month","avg_rating","no_ratings","avg_rating_owned","avg_rating_not_owned","avg_rating_prev_owned","avg_rating_comment","avg_rating_no_comment","no_ratings_owned","no_ratings_not_owned","no_ratings_prev_owned","no_ratings_comment","no_ratings_no_comment","cum_no_ratings","cum_no_ratings_owned","cum_no_ratings_not_owned","cum_no_ratings_prev_owned","cum_no_ratings_comment","cum_no_ratings_no_comment","cum_avg_rating","cum_avg_rating_owned","cum_avg_rating_not_owned","cum_avg_rating_prev_owned","cum_avg_rating_comment","cum_avg_rating_no_comment","month_after_release"
"1",2007,4,7,1,NA,7,NA,7,NA,0,1,0,1,0,1,0,1,0,1,0,7,NA,7,NA,7,NA,-4
"2",2007,6,9,1,NA,9,NA,NA,9,0,1,0,0,1,2,0,2,0,1,1,8,NA,8,NA,7,9,-2
"3",2007,8,8.33333333333333,3,9,7,NA,10,7.5,2,1,0,1,2,5,2,3,0,2,3,8.2,9,7.66666666666667,NA,8.5,8,0
"4",2007,9,7.33333333333333,6,7.66666666666667,7,NA,7.5,7.25,3,3,0,2,4,11,5,6,0,4,7,7.72727272727273,8.2,7.33333333333333,NA,8,7.57142857142857,1
"5",2007,10,7.03809523809524,21,7.91111111111111,6.38333333333333,7.5,7.41666666666667,6.88666666666667,9,12,1,6,15,32,14,18,1,10,22,7.275,8.01428571428571,6.7,7.5,7.65,7.10454545454546,2
"6",2007,11,6.38461538461539,13,6.75,6.22222222222222,7.5,5.25,6.59090909090909,4,9,1,2,11,45,18,27,2,12,33,7.01777777777778,7.73333333333333,6.54074074074074,7.5,7.25,6.93333333333333,3
"7",2007,12,6.78846153846154,13,7.4,6.40625,NA,6.78125,6.8,5,8,0,8,5,58,23,35,2,20,38,6.96637931034483,7.66086956521739,6.51,7.5,7.0625,6.91578947368421,4
"8",2008,1,6.69230769230769,13,7.6,6.125,6,7,6.5,5,8,2,5,8,71,28,43,4,25,46,6.91619718309859,7.65,6.43837209302326,6.75,7.05,6.84347826086957,5
"9",2008,2,7.1,12,7.64285714285714,6.34,NA,7.16666666666667,7.03333333333333,7,5,0,6,6,83,35,48,4,31,52,6.94277108433735,7.64857142857143,6.428125,6.75,7.07258064516129,6.86538461538461,6
"10",2008,3,7.02272727272727,11,7.53571428571429,6.125,NA,7.10714285714286,6.875,7,4,0,7,4,94,42,52,4,38,56,6.95212765957447,7.6297619047619,6.40480769230769,6.75,7.07894736842105,6.86607142857143,7
"11",2008,4,6.844,25,7.50769230769231,6.125,6.75,7,6.72142857142857,13,12,2,11,14,119,55,64,6,49,70,6.92941176470588,7.60090909090909,6.35234375,6.75,7.06122448979592,6.83714285714286,8
"12",2008,5,7.14226315789474,19,7.42754545454545,6.75,6.5,7.3703,6.88888888888889,11,8,1,10,9,138,66,72,7,59,79,6.95871739130435,7.57201515151515,6.39652777777778,6.71428571428571,7.11361016949153,6.84303797468354,9
"13",2008,6,6.90384615384615,13,7.59375,5.8,NA,6.45,7.1875,8,5,0,5,8,151,74,77,7,64,87,6.95399337748344,7.57436486486486,6.35779220779221,6.71428571428571,7.061765625,6.87471264367816,10
"14",2008,7,7.00909090909091,22,7.3875,6,NA,6.92,7.08333333333333,16,6,0,10,12,173,90,83,7,74,99,6.961,7.54114444444444,6.33192771084337,6.71428571428571,7.04260810810811,6.9,11
"15",2008,8,6.76923076923077,13,8,6.22222222222222,6.5,6.875,6.72222222222222,4,9,2,4,9,186,94,92,9,78,108,6.94759677419355,7.56067021276596,6.32119565217391,6.66666666666667,7.03401282051282,6.88518518518519,12
"16",2008,9,6.21428571428571,14,6.5,5.83333333333333,NA,6,6.42857142857143,8,6,0,7,7,200,102,98,9,85,115,6.896265,7.47748039215686,6.29132653061224,6.66666666666667,6.94885882352941,6.85739130434783,13
"17",2008,10,6.53125,16,7.16666666666667,5.71428571428571,5,7,6.16666666666667,9,7,1,7,9,216,111,105,10,92,124,6.86922685185185,7.45227927927928,6.25285714285714,6.5,6.95275,6.80725806451613,14
"18",2008,11,6.96153846153846,13,7.16666666666667,6.78571428571429,NA,7.35714285714286,6.5,6,7,0,7,6,229,117,112,10,99,130,6.8744672489083,7.43763247863248,6.28616071428571,6.5,6.98134343434343,6.79307692307692,15
"19",2008,12,6.69642857142857,14,7.21428571428571,6.17857142857143,NA,6.5,7.1875,7,7,0,10,4,243,124,119,10,109,134,6.86420987654321,7.42502419354839,6.27983193277311,6.5,6.93718348623853,6.80485074626866,16
"20",2009,1,6.6525,20,7.05,6.16666666666667,5,6.7625,6.625,11,9,1,4,16,263,135,128,11,113,150,6.8481102661597,7.39446666666667,6.271875,6.36363636363636,6.931,6.78566666666667,17
"21",2009,2,6.24722222222222,18,6.99375,5.65,6.125,6.5,5.99444444444444,8,10,4,9,9,281,143,138,15,122,159,6.80961921708185,7.37204895104895,6.2268115942029,6.3,6.89920491803279,6.74088050314465,18
"22",2009,3,6.825,20,7,6.75,5,5.83333333333333,7.25,6,14,2,6,14,301,149,152,17,128,173,6.81064119601329,7.35706711409396,6.275,6.14705882352941,6.8492421875,6.78208092485549,19
"23",2009,4,6.39772727272727,22,7.6,6.04411764705882,6,7.04166666666667,6.15625,5,17,1,6,16,323,154,169,18,134,189,6.78251702786378,7.36495454545455,6.25177514792899,6.13888888888889,6.85785820895522,6.72910052910053,20
"24",2009,5,6.125,8,7,5.83333333333333,5,6,6.2,2,6,2,3,5,331,156,175,20,137,194,6.7666253776435,7.36027564102564,6.23742857142857,6.025,6.83907299270073,6.71546391752577,21
"25",2009,6,6.615625,16,7.43333333333333,6.125,6.25,5.4,7.16818181818182,6,10,1,5,11,347,162,185,21,142,205,6.75966282420749,7.36298148148148,6.23135135135135,6.03571428571429,6.7884014084507,6.73975609756098,22
"26",2009,7,5.8,15,7.33333333333333,5.41666666666667,6,5.1,6.15,3,12,4,5,10,362,165,197,25,147,215,6.71989779005525,7.36244242424242,6.18172588832487,6.03,6.73097278911565,6.71232558139535,23
"27",2009,8,6.44,15,7.2,6.16363636363636,6.33333333333333,5.75,6.69090909090909,4,11,3,4,11,377,169,208,28,151,226,6.70876127320955,7.35859763313609,6.18076923076923,6.0625,6.70498675496689,6.71128318584071,24
"28",2009,9,6.81333333333333,15,7.15,6.42857142857143,7,7,6.78461538461538,8,7,2,2,13,392,177,215,30,153,239,6.71276275510204,7.34916949152542,6.18883720930233,6.125,6.7088431372549,6.7152719665272,25
"29",2009,10,7.52777777777778,9,8.15,6.75,8,7.15,8,5,4,2,5,4,401,182,219,32,158,243,6.73105486284289,7.37117032967033,6.19908675799087,6.2421875,6.72280379746835,6.73641975308642,26
"30",2009,11,6.9125,28,7.01666666666667,6.79230769230769,6.86,6.88333333333333,6.92631578947368,15,13,5,9,19,429,197,232,37,167,262,6.74289743589743,7.34417766497462,6.2323275862069,6.32567567567568,6.73145508982036,6.75019083969466,27
"31",2009,12,6.77272727272727,22,6.71428571428571,6.8,6.83333333333333,7.16666666666667,6.625,7,15,3,6,16,451,204,247,40,173,278,6.74435254988913,7.3225637254902,6.2668016194332,6.36375,6.74654913294798,6.74298561151079,28
"32",2010,1,6.98095238095238,21,7.27692307692308,6.5,NA,8.375,6.65294117647059,13,8,0,4,17,472,217,255,40,177,295,6.75487923728813,7.31982949308756,6.27411764705882,6.36375,6.78335028248588,6.73779661016949,29
"33",2010,2,6.45,10,7,6.3125,7.5,7.375,5.83333333333333,2,8,1,4,6,482,219,263,41,181,301,6.74855394190871,7.31690867579909,6.27528517110266,6.39146341463415,6.79642541436464,6.71976744186046,30
"34",2010,3,7.28888888888889,18,7.96875,6.745,NA,7.1875,7.31785714285714,8,10,0,4,14,500,227,273,41,185,315,6.768006,7.33988105726872,6.29249084249084,6.39146341463415,6.80488108108108,6.7463492063492,31
"35",2010,4,6.58157894736842,19,6.855,6.27777777777778,7,6.95,6.45,10,9,2,5,14,519,237,282,43,190,329,6.76118111753372,7.31942194092827,6.29202127659574,6.41976744186047,6.8087,6.73373860182371,32
"36",2010,5,7.33333333333333,12,7.8,7,6.66666666666667,7.75,7.125,5,7,3,4,8,531,242,289,46,194,337,6.77411111111111,7.32935123966942,6.30916955017301,6.43586956521739,6.82810824742268,6.74302670623145,33
"37",2010,6,5.95,4,5,6.26666666666667,NA,NA,5.95,1,3,0,0,4,535,243,292,46,194,341,6.76794953271028,7.31976543209876,6.30873287671233,6.43586956521739,6.82810824742268,6.73372434017595,34
"38",2010,7,6.33333333333333,12,6.8,6,6,5.5,6.5,5,7,2,2,10,547,248,299,48,196,351,6.75841499085923,7.30928629032258,6.30150501672241,6.41770833333333,6.81455612244898,6.72706552706553,35
"39",2010,8,6.79375,16,7.74285714285714,6.05555555555556,NA,6.925,6.75,7,9,0,4,12,563,255,308,48,200,363,6.75941918294849,7.32118823529412,6.29431818181818,6.41770833333333,6.816765,6.72782369146005,36
"40",2010,9,6.63333333333333,12,7.4,6.08571428571429,6.8,7.375,6.2625,5,7,2,4,8,575,260,315,50,204,371,6.75678782608695,7.32270384615385,6.28968253968254,6.433,6.82771078431373,6.7177897574124,37
"41",2010,10,6.92857142857143,7,7,6.91666666666667,NA,6,7.08333333333333,1,6,0,1,6,582,261,321,50,205,377,6.75885395189003,7.32146743295019,6.30140186915888,6.433,6.82367317073171,6.7236074270557,38
"42",2010,11,6.89166666666667,12,7.54,6.42857142857143,7,7.66666666666667,6.63333333333333,5,7,2,3,9,594,266,328,52,208,386,6.76153703703703,7.32557518796992,6.30411585365854,6.45480769230769,6.83583173076923,6.72150259067357,39
"43",2010,12,6.39285714285714,14,8.1,5.44444444444444,4.5,6.25,6.45,5,9,2,4,10,608,271,337,54,212,396,6.75304769736842,7.33986346863469,6.28115727002967,6.38240740740741,6.82477830188679,6.71464646464646,40
"44",2011,1,6.96,15,7.27142857142857,6.6875,6.75,7.16666666666667,6.90833333333333,7,8,2,3,12,623,278,345,56,215,408,6.75803049759229,7.33814028776978,6.29057971014493,6.39553571428571,6.8295488372093,6.7203431372549,41
"45",2011,2,6.40909090909091,11,7.08333333333333,5.6,NA,5.83333333333333,7.1,6,5,0,6,5,634,284,350,56,221,413,6.751976340694,7.33275704225352,6.28071428571429,6.39553571428571,6.80250226244344,6.72493946731235,42
"46",2011,3,5.72727272727273,11,6.5,5.28571428571429,6,4.33333333333333,6.25,4,7,1,3,8,645,288,357,57,224,421,6.7345007751938,7.32119097222222,6.26120448179272,6.38859649122807,6.76943303571429,6.71591448931116,43
"47",2011,4,6.74285714285714,14,6.84285714285714,6.64285714285714,NA,6.5,6.76153846153846,7,7,0,1,13,659,295,364,57,225,434,6.73467830045523,7.3098406779661,6.26854395604396,6.38859649122807,6.76823555555556,6.71728110599078,44
"48",2011,5,6.9,20,7.03846153846154,6.64285714285714,6,6.83333333333333,6.92857142857143,13,7,1,6,14,679,308,371,58,231,448,6.73954786450662,7.29838636363636,6.2756064690027,6.38189655172414,6.76992640692641,6.72388392857143,45
"49",2011,6,6.79411764705882,17,7.22222222222222,6.3125,6.5,6.26666666666667,6.90714285714286,9,8,2,3,14,696,317,379,60,234,462,6.74088074712643,7.29622397476341,6.27638522427441,6.38583333333333,6.76347435897436,6.72943722943723,46
"50",2011,7,6.75294117647059,17,7,6.65,6.76666666666667,6.46,6.875,5,12,3,5,12,713,322,391,63,239,474,6.7411683029453,7.29162422360248,6.28785166240409,6.40396825396825,6.75712552301255,6.7331223628692,47
"51",2011,8,6.95454545454545,22,7.33333333333333,6.14285714285714,7,8,6.72222222222222,15,7,1,4,18,735,337,398,64,243,492,6.74755510204081,7.29348071216617,6.28530150753769,6.41328125,6.77758436213992,6.73272357723577,48
"52",2011,9,6.71176470588235,17,7.48,6.39166666666667,7.25,6.475,6.78461538461538,5,12,2,4,13,752,342,410,66,247,505,6.7467460106383,7.29620760233918,6.28841463414634,6.43863636363636,6.77268421052632,6.73405940594059,49
"53",2011,10,6.48076923076923,13,6.8125,6.33333333333333,NA,6,6.56818181818182,4,9,0,2,11,765,346,419,66,249,516,6.74222614379085,7.29061560693642,6.28937947494033,6.43863636363636,6.76647791164659,6.73052325581395,50
"54",2011,11,6.53888888888889,27,7.325,6.07647058823529,7,6.55,6.53571428571429,10,17,1,6,21,792,356,436,67,255,537,6.73529419191919,7.29158146067416,6.28107798165138,6.44701492537313,6.76138431372549,6.72290502793296,51
"55",2011,12,6.26923076923077,13,7.625,5.66666666666667,NA,7.16666666666667,6,4,9,0,3,10,805,360,445,67,258,547,6.72776770186335,7.29528611111111,6.26865168539326,6.44701492537313,6.76609689922481,6.70968921389397,52
"56",2012,1,6.6304347826087,23,7.16666666666667,6.04545454545455,6.15,7.24285714285714,6.3625,12,11,2,7,16,828,372,456,69,265,563,6.72506400966183,7.29113709677419,6.26326754385965,6.43840579710145,6.77869056603774,6.69982238010657,53
"57",2012,2,6.71428571428571,14,7.16666666666667,6.375,NA,6.125,6.95,6,8,0,4,10,842,378,464,69,269,573,6.72488479809976,7.28916137566138,6.26519396551724,6.43840579710145,6.76897026022305,6.70418848167539,54
"58",2012,3,6.99166666666667,12,7.425,6.125,NA,7.25,6.94,8,4,0,2,10,854,386,468,69,271,583,6.72863348946136,7.29197668393782,6.26399572649573,6.43840579710145,6.77252029520295,6.7082332761578,55
"59",2012,4,6.97222222222222,18,7.4,6.75833333333333,5,6.96666666666667,6.97333333333333,6,12,1,3,15,872,392,480,70,274,598,6.7336616972477,7.29363010204082,6.27635416666667,6.41785714285714,6.77464598540146,6.71488294314381,56
"60",2012,5,6.46,15,8.15,5.84545454545455,4,7.5,6.3,4,11,1,2,13,887,396,491,71,276,611,6.72903382187147,7.3022803030303,6.26670061099796,6.38380281690141,6.77990217391304,6.70605564648118,57
"61",2012,6,6.7125,16,6.85714285714286,6.6,5,NA,6.7125,7,9,1,0,16,903,403,500,72,276,627,6.72874086378737,7.29454838709677,6.2727,6.36458333333333,6.77990217391304,6.70622009569378,58
"62",2012,7,6.61545454545455,11,6.5,6.68142857142857,6.5,6.25,6.82428571428571,4,7,2,4,7,914,407,507,74,280,634,6.72737746170678,7.28673955773956,6.27834319526627,6.36824324324324,6.77233214285714,6.70752365930599,59
"63",2012,8,6.96666666666667,9,6.61666666666667,7.66666666666667,7.5,7.5,6.81428571428571,6,3,2,2,7,923,413,510,76,282,641,6.72971072589382,7.27700484261501,6.28650980392157,6.39802631578947,6.77749290780142,6.7086895475819,60
"64",2012,9,6.625,12,7.625,6.125,5.5,6.7,6.57142857142857,4,8,2,5,7,935,417,518,78,287,648,6.72836684491978,7.28034292565947,6.28401544401544,6.375,6.77614285714286,6.70720679012346,61
"65",2012,10,6.66666666666667,9,6.5,6.875,6.5,6.5,6.6875,5,4,3,1,8,944,422,522,81,288,656,6.72777860169491,7.2710971563981,6.28854406130268,6.37962962962963,6.77518402777778,6.70696646341463,62
"66",2012,11,6.98333333333333,12,6.97777777777778,7,NA,7.55,6.87,9,3,0,2,10,956,431,525,81,290,666,6.73098640167364,7.26497215777262,6.29260952380952,6.37962962962963,6.7805275862069,6.70941441441441,63
"67",2012,12,7.04545454545455,11,7.6,6.58333333333333,7,7.66666666666667,6.8125,5,6,2,3,8,967,436,531,83,293,674,6.73456359875905,7.26881422018349,6.2958945386064,6.39457831325301,6.78960068259386,6.71063798219584,64
"68",2013,1,5.9,15,6.57142857142857,5.3125,6.5,6,5.88461538461539,7,8,3,2,13,982,443,539,86,295,687,6.72181568228106,7.25779458239278,6.2812987012987,6.39825581395349,6.78424745762712,6.69500727802038,65
"69",2013,2,6.74166666666667,12,6.98,6.57142857142857,7,6.475,6.875,5,7,1,4,8,994,448,546,87,299,695,6.72205533199195,7.25469419642857,6.28501831501832,6.4051724137931,6.78011036789298,6.69707913669065,66
"70",2013,3,6.85625,16,7.2,6.1,7.5,6.33333333333333,6.97692307692308,11,5,1,3,13,1010,459,551,88,302,708,6.72418118811881,7.2533834422658,6.28333938294011,6.41761363636364,6.77567218543046,6.70221751412429,67
"71",2013,4,7.281875,16,7.93636363636364,5.842,NA,8.035,6.83,11,5,0,6,10,1026,470,556,88,308,718,6.73287816764132,7.26936808510638,6.27937050359712,6.41761363636364,6.80020454545454,6.70399721448468,68
"72",2013,5,7.02352941176471,17,7.21428571428571,6.89,7,7.675,6.82307692307692,7,10,2,4,13,1043,477,566,90,312,731,6.73761553211888,7.26855974842767,6.29015901060071,6.43055555555556,6.81141987179487,6.70611491108071,69
"73",2013,6,6.35555555555556,9,7.25,5.64,NA,6,6.4,4,5,0,1,8,1052,481,571,90,313,739,6.7343469581749,7.26840540540541,6.28446584938704,6.43055555555556,6.80882747603834,6.70280108254398,70
"74",2013,7,6.4375,8,7.16666666666667,6,NA,7,6.1,3,5,0,3,5,1060,484,576,90,316,744,6.73210660377358,7.26777479338843,6.28199652777778,6.43055555555556,6.81064240506329,6.69875,71
"75",2013,8,6.33333333333333,9,6.41666666666667,6.16666666666667,6.5,6,6.42857142857143,6,3,1,2,7,1069,490,579,91,318,751,6.72874929840973,7.25735306122449,6.28139896373057,6.43131868131868,6.80554402515723,6.69623169107856,72
"76",2013,9,6.95263157894737,19,7.34,5.5,7,6.6,7.07857142857143,15,4,2,5,14,1088,505,583,93,323,765,6.73265900735294,7.25980792079208,6.27603773584906,6.44354838709677,6.80236222910217,6.70322875816993,73
"77",2013,10,6.91176470588235,17,6.91333333333333,6.9,NA,7.66666666666667,6.75,15,2,0,3,14,1105,520,585,93,326,779,6.73541447963801,7.24981346153846,6.27817094017094,6.44354838709677,6.81031595092024,6.70406931964056,74
"78",2013,11,6.41904761904762,21,7.28571428571429,5.98571428571429,6.5,7,6.35789473684211,7,14,4,2,19,1126,527,599,97,328,798,6.72951420959147,7.25029032258064,6.27133555926544,6.44587628865979,6.81147256097561,6.69582706766917,75
"79",2013,12,6.33928571428571,14,6.16666666666667,6.46875,6.66666666666667,NA,6.33928571428571,6,8,3,0,14,1140,533,607,100,328,812,6.72472192982456,7.23809193245779,6.2739373970346,6.4525,6.81147256097561,6.68967980295566,76
"80",2014,1,6.69090909090909,11,7,6.15,6,6,6.76,7,4,1,1,10,1151,540,611,101,329,822,6.72439878366638,7.23500555555556,6.27312602291326,6.4480198019802,6.80900607902735,6.69053527980535,77
"81",2014,2,6.88333333333333,18,7.35714285714286,6.58181818181818,5.66666666666667,6.4,7.06923076923077,7,11,3,5,13,1169,547,622,104,334,835,6.72684602224123,7.23656855575868,6.27858520900322,6.42548076923077,6.80288323353293,6.69643113772455,78
"82",2014,3,6.74444444444444,9,7.125,6.44,5,7.2,6.6875,4,5,1,1,8,1178,551,627,105,335,843,6.726980475382,7.23575862068965,6.27987240829346,6.41190476190476,6.80406865671642,6.69634638196916,79
"83",2014,4,6.58571428571429,7,7.15,5.83333333333333,6.5,6.75,6.52,4,3,1,2,5,1185,555,630,106,337,848,6.72614599156118,7.23514054054054,6.27774603174603,6.4127358490566,6.80374777448071,6.69530660377358,80
"84",2014,5,5.96666666666667,3,5,6.45,NA,5.45,7,1,2,0,2,1,1188,556,632,106,339,849,6.72422811447811,7.23112050359712,6.27829113924051,6.4127358490566,6.7957610619469,6.69566548881036,81
"85",2014,6,6.33333333333333,9,7.1,5.375,5,6,6.42857142857143,5,4,1,2,7,1197,561,636,107,341,856,6.72128905597326,7.22995187165775,6.27261006289308,6.39953271028037,6.79109384164223,6.69348130841122,82
"86",2014,7,6.85714285714286,7,7.25,6.7,7.25,NA,6.85714285714286,2,5,2,0,7,1204,563,641,109,341,863,6.72207890365448,7.23002309058614,6.27594383775351,6.4151376146789,6.79109384164223,6.69480880648899,83
"87",2014,8,6.84545454545455,11,7.0375,6.33333333333333,NA,7.5,6.78,8,3,0,1,10,1215,571,644,109,342,873,6.72319588477366,7.22732574430823,6.27621118012422,6.4151376146789,6.79316666666667,6.69578465063001,84
"88",2014,9,6.95,7,6.75,7.21666666666667,NA,5.9,7.125,4,3,0,1,6,1222,575,647,109,343,879,6.72449509001637,7.2240052173913,6.28057187017002,6.4151376146789,6.79056268221574,6.69871444823663,85
"89",2014,10,6.203125,16,6.5,5.97222222222222,NA,6,6.21666666666667,7,9,0,1,15,1238,582,656,109,344,894,6.71775686591276,7.21529725085911,6.27634146341463,6.4151376146789,6.78826453488372,6.69062639821029,86
"90",2014,11,6.54666666666667,15,6.92857142857143,6.2125,6,7.125,6.33636363636364,7,8,3,4,11,1253,589,664,112,348,905,6.71570869912211,7.2118896434635,6.27557228915663,6.40401785714286,6.79213505747126,6.68632044198895,87
"91",2014,12,6.75,14,7,6.5625,5.5,5.8,7.27777777777778,6,8,4,5,9,1267,595,672,116,353,914,6.71608760852407,7.20975294117647,6.27898809523809,6.37284482758621,6.7780821529745,6.69214442013129,88
"92",2015,1,7.13125,16,6.91,7.5,7,7.3,7.05454545454545,10,6,2,5,11,1283,605,678,118,358,925,6.72126500389712,7.20479834710744,6.28979351032448,6.38347457627119,6.78537150837989,6.69645405405405,89
"93",2015,2,6.25454545454545,11,6.3,6.2,6,6.65,6.16666666666667,6,5,1,2,9,1294,611,683,119,360,934,6.71729752704791,7.19591325695581,6.28913616398243,6.38025210084034,6.78461944444444,6.69134903640257,90
"94",2015,3,6.53529411764706,17,7.3,5.675,6.65,5.83333333333333,6.68571428571429,9,8,2,3,14,1311,620,691,121,363,948,6.71493745232647,7.19742419354839,6.28202604920405,6.38471074380165,6.77675757575757,6.69126582278481,91
"95",2015,4,6.355,10,6.51,6.2,6,5.8,6.91,5,5,1,5,5,1321,625,696,122,368,953,6.71221271763815,7.1919248,6.28143678160919,6.38155737704918,6.76348641304348,6.69241343126968,92
"96",2015,5,6.65,5,7.125,6.33333333333333,6,6.75,6.5,2,3,1,3,2,1326,627,699,123,371,955,6.71197812971342,7.19171132376396,6.28165951359084,6.37845528455285,6.76337735849057,6.69201047120419,93
"97",2015,6,7.15,8,7.03333333333333,7.5,7,7,7.17142857142857,6,2,1,1,7,1334,633,701,124,372,962,6.71460494752624,7.19021011058452,6.28513552068473,6.38346774193548,6.76401344086021,6.69549896049896,94
"98",2015,7,6.75,12,7.33333333333333,6.16666666666667,6,NA,6.75,6,6,1,0,12,1346,639,707,125,372,974,6.71492050520059,7.19155399061033,6.28413012729844,6.3804,6.76401344086021,6.6961704312115,95
"99",2015,8,7.14285714285714,7,7.33333333333333,7,7,7.25,7,3,4,1,4,3,1353,642,711,126,376,977,6.71713451589061,7.19221651090343,6.28815752461322,6.38531746031746,6.7691835106383,6.6971033776868,96
"100",2015,9,6.61111111111111,9,7,6.125,NA,NA,6.61111111111111,5,4,0,0,9,1362,647,715,126,376,986,6.71643392070485,7.19073106646059,6.28724475524475,6.38531746031746,6.7691835106383,6.69631845841785,97
"101",2015,10,6.38571428571429,7,6.3,6.5,NA,7,6.28333333333333,4,3,0,1,6,1369,651,718,126,377,992,6.71474287801315,7.18525806451613,6.28813370473538,6.38531746031746,6.76979575596817,6.69382056451613,98
"102",2015,11,6.20588235294118,17,7.11111111111111,5.1875,4.83333333333333,6.75,5.90909090909091,9,8,3,6,11,1386,660,726,129,383,1003,6.70850144300144,7.18424696969697,6.27600550964187,6.34922480620155,6.76948563968668,6.68521435692921,99
"103",2015,12,7.35,8,7.76,6.66666666666667,NA,7.4,7.33333333333333,5,3,0,2,6,1394,665,729,129,385,1009,6.71218292682927,7.18857593984962,6.27761316872428,6.34922480620155,6.77276103896104,6.68906838453915,100
"104",2016,1,6.70913043478261,23,7.29307692307692,5.95,6.66666666666667,7.01666666666667,6.60058823529412,13,10,3,6,17,1417,678,739,132,391,1026,6.71213338038109,7.1905796460177,6.2731799729364,6.35643939393939,6.77650383631714,6.68760233918129,101
"105",2016,2,6.275,12,6.66666666666667,5.88333333333333,6,NA,6.275,6,6,1,0,12,1429,684,745,133,391,1038,6.70846256123163,7.18598391812866,6.27004026845638,6.35375939849624,6.77650383631714,6.6828323699422,102
"106",2016,3,6.5,7,6.625,6.33333333333333,7,5.5,6.9,4,3,1,2,5,1436,688,748,134,393,1043,6.70744637883008,7.18272238372093,6.27029411764706,6.35858208955224,6.77000763358779,6.68387344199425,103
"107",2016,4,6.75,8,7.3,5.83333333333333,5.5,5.75,7.08333333333333,5,3,1,2,6,1444,693,751,135,395,1049,6.70768213296399,7.18356854256854,6.26854860186418,6.35222222222222,6.76484303797468,6.68615824594852,104
"108",2016,5,6.13636363636364,11,6.57142857142857,5.375,5.16666666666667,6.5,6.05555555555556,7,4,3,2,9,1455,700,755,138,397,1058,6.70336288659794,7.17744714285714,6.26381456953642,6.32644927536232,6.76350881612091,6.68079395085066,105
"109",2016,6,6.71428571428571,7,7,6.6,6,6.5,6.8,2,5,2,2,5,1462,702,760,140,399,1063,6.70341518467852,7.1769415954416,6.26602631578947,6.32178571428571,6.76218796992481,6.68135465663217,106
"110",2016,7,6.3,8,6.75,5.85,6.7,7.46666666666667,5.6,4,4,2,3,5,1470,706,764,142,402,1068,6.70121972789116,7.17452266288952,6.26384816753927,6.32711267605634,6.76744527363184,6.67629213483146,107
"111",2016,8,6.66666666666667,3,7,6,6,7,6.5,2,1,1,1,2,1473,708,765,143,403,1070,6.7011493550577,7.17402966101695,6.26350326797385,6.32482517482517,6.7680223325062,6.67596261682243,108
"112",2016,9,6.3,7,6,6.42,7,7,6.18333333333333,2,5,1,1,6,1480,710,770,144,404,1076,6.69925202702703,7.17072253521127,6.26451948051948,6.32951388888889,6.76859653465347,6.6732156133829,109
"113",2016,10,6.14285714285714,7,6.5,6,5.75,4.5,6.41666666666667,2,5,2,1,6,1487,712,775,146,405,1082,6.69663281775387,7.16883848314607,6.26281290322581,6.32157534246575,6.76299506172839,6.67179297597043,110
"114",2016,11,6.27777777777778,9,7,6.07142857142857,5,5,6.4375,2,7,1,1,8,1496,714,782,147,406,1090,6.69411296791444,7.16836554621849,6.26109974424552,6.3125850340136,6.75865270935961,6.67007339449541,111
"115",2016,12,6.95833333333333,12,7.6,6.5,8,8,6.75,5,7,1,2,10,1508,719,789,148,408,1100,6.69621551724138,7.17136717663421,6.26321926489227,6.32398648648649,6.76473774509804,6.6708,112
"116",2017,1,7.16818181818182,11,7,7.26428571428571,7,7.875,7.01111111111111,4,7,1,2,9,1519,723,796,149,410,1109,6.69963331138907,7.17041908713693,6.27202261306533,6.32852348993289,6.77015365853658,6.67356176735798,113
"117",2017,2,7.06666666666667,12,8.08333333333333,6.05,6.75,7,7.07272727272727,6,6,2,1,11,1531,729,802,151,411,1120,6.70251012410189,7.17793278463649,6.27036159600998,6.3341059602649,6.77071289537713,6.67748214285714,114
"118",2017,3,6.25,8,7,5.5,NA,6.66666666666667,6,4,4,0,3,5,1539,733,806,151,414,1125,6.70015789473684,7.17696180081855,6.26653846153846,6.3341059602649,6.76995893719807,6.67447111111111,115
"119",2017,4,6.08333333333333,6,7,5.9,7.5,NA,6.08333333333333,1,5,1,0,6,1545,734,811,152,414,1131,6.69776245954692,7.17672070844687,6.26427866831073,6.34177631578947,6.76995893719807,6.67133510167993,116
"120",2017,5,6.4,3,7.2,6,6,NA,6.4,1,2,1,0,3,1548,735,813,153,414,1134,6.6971854005168,7.17675238095238,6.26362853628536,6.33954248366013,6.76995893719807,6.67061728395062,117
"121",2017,6,6.36,5,6.66666666666667,5.9,5.8,4.9,7.33333333333333,3,2,1,2,3,1553,738,815,154,416,1137,6.6960998068255,7.17467886178862,6.26273619631902,6.33603896103896,6.76096875,6.67236587510994,118
"122",2017,7,6.25,6,7,6.1,6.25,5,6.5,1,5,2,1,5,1559,739,820,156,417,1142,6.69438293778063,7.17444248985115,6.26174390243902,6.3349358974359,6.75674580335731,6.67161120840631,119
"123",2017,8,6.28571428571429,7,7.33333333333333,5.5,5.5,5.5,6.6,3,4,2,2,5,1566,742,824,158,419,1147,6.69255619412516,7.17508490566038,6.25804611650485,6.32436708860759,6.75074701670644,6.67129904097646,120
"124",2017,9,6.72727272727273,11,7.5,6.28571428571429,6,7,6.7,4,7,2,1,10,1577,746,831,160,420,1157,6.69279835129994,7.17682707774799,6.25827918170878,6.3203125,6.75134047619048,6.67154710458081,121
"125",2017,10,5.85714285714286,7,7.5,5.2,5,NA,5.85714285714286,2,5,2,0,7,1584,748,836,162,420,1164,6.68910542929293,7.17769117647059,6.25194976076555,6.30401234567901,6.75134047619048,6.66664948453608,122
"126",2017,11,6.88461538461539,13,7,6.75,7,7,6.83333333333333,7,6,2,4,9,1597,755,842,164,424,1173,6.69069693174702,7.17604370860927,6.25549881235154,6.3125,6.75368632075472,6.6679283887468,123
"127",2017,12,7.05,16,7.625,6.85833333333333,6.6,9,6.92,4,12,5,1,15,1613,759,854,169,425,1188,6.69426100433974,7.17840974967062,6.26396955503513,6.32100591715976,6.75897176470588,6.67111111111111,124
"128",2018,1,6.95384615384615,13,7.16666666666667,6.77142857142857,6.5,6.875,6.98888888888889,6,7,2,4,9,1626,765,861,171,429,1197,6.69633640836408,7.17831764705882,6.26809523809524,6.32309941520468,6.76005361305361,6.67350041771094,125
"129",2018,2,7.9,5,7.375,10,NA,7.5,8,4,1,0,1,4,1631,769,862,171,430,1201,6.70002636419374,7.17934070221066,6.27242459396752,6.32309941520468,6.76177441860465,6.67791840133222,126
"130",2018,3,6.46875,8,6.9375,6,5,5.75,6.70833333333333,4,4,1,2,6,1639,773,866,172,432,1207,6.69889749847468,7.1780892626132,6.2711662817552,6.31540697674418,6.75709027777778,6.6780695940348,127
"131",2018,4,6.0125,8,6.66666666666667,5.62,NA,NA,6.0125,3,5,0,0,8,1647,776,871,172,432,1215,6.69556344869459,7.17611211340206,6.26742824339839,6.31540697674418,6.75709027777778,6.67368724279835,128
"132",2018,5,6.27777777777778,9,8.16666666666667,5.33333333333333,5,6,6.35714285714286,3,6,2,2,7,1656,779,877,174,434,1222,6.69329287439613,7.17992682926829,6.26103762827822,6.30028735632184,6.75360138248848,6.67187397708674,129
"133",2018,6,6.83333333333333,3,7,6.75,7,NA,6.83333333333333,1,2,1,0,3,1659,780,879,175,434,1225,6.69354611211573,7.17969615384615,6.26215017064846,6.30428571428571,6.75360138248848,6.6722693877551,130
"134",2018,7,6,6,7,5,6,5.25,6.375,3,3,1,2,4,1665,783,882,176,436,1229,6.69104684684685,7.17900766283525,6.25785714285714,6.30255681818182,6.74670412844037,6.6713018714402,131
"135",2018,8,6.95,10,7,6.83333333333333,NA,7.5,6.8125,7,3,0,2,8,1675,790,885,176,438,1237,6.69259283582089,7.17742151898734,6.25980790960452,6.30255681818182,6.75014383561644,6.67221503637834,132
"136",2018,9,7.66666666666667,6,8,7.33333333333333,NA,NA,7.66666666666667,3,3,0,0,6,1681,793,888,176,438,1243,6.69606960142772,7.18053341740227,6.26343468468469,6.30255681818182,6.75014383561644,6.67701528559936,133
"137",2018,10,6.78461538461538,13,7.08333333333333,6.52857142857143,6,8,6.24444444444444,6,7,2,4,9,1694,799,895,178,442,1252,6.69674911452184,7.17980350438048,6.26550837988827,6.29915730337079,6.76145475113122,6.67390575079872,134
"138",2018,11,6.83846153846154,13,7.21111111111111,6,6,6.83333333333333,6.84,9,4,1,3,10,1707,808,899,179,445,1262,6.69782835383714,7.18015222772277,6.26432703003337,6.29748603351955,6.7619393258427,6.67522187004755,135
"139",2018,12,6.84285714285714,7,6.475,7.33333333333333,7,6.33333333333333,7.225,4,3,1,3,4,1714,812,902,180,448,1266,6.69842065344224,7.17667857142857,6.26788248337029,6.30138888888889,6.75906919642857,6.6769589257504,136
"140",2019,1,6.36363636363636,11,6.8,6,7,7,6.3,5,6,1,1,10,1725,817,908,181,449,1276,6.69628579710145,7.17437331701346,6.26611233480176,6.30524861878453,6.75960579064588,6.67400470219436,137
"141",2019,2,7.14285714285714,7,7.33333333333333,7,7,NA,7.14285714285714,3,4,1,0,7,1732,820,912,182,449,1283,6.69809064665127,7.17495487804878,6.26933114035088,6.30906593406593,6.75960579064588,6.67656274356976,138
"142",2019,3,6.83333333333333,6,8,6.25,6,7,6.8,2,4,1,1,5,1738,822,916,183,450,1288,6.69855753739931,7.17696228710462,6.26924672489083,6.30737704918033,6.76014,6.67704192546584,139
"143",2019,4,5.53333333333333,6,NA,5.53333333333333,NA,NA,5.53333333333333,0,6,0,0,6,1744,822,922,183,450,1294,6.69454873853211,7.17696228710462,6.26445770065076,6.30737704918033,6.76014,6.67173879443586,140
"144",2019,5,6.86666666666667,6,7.16666666666667,6.56666666666667,NA,7.5,6.55,3,3,0,2,4,1750,825,925,183,452,1298,6.69513885714286,7.17692484848485,6.26543783783784,6.30737704918033,6.76341371681416,6.67136363636364,141
"145",2019,6,6.5,2,7,6,NA,7,6,1,1,0,1,1,1752,826,926,183,453,1299,6.69491609589041,7.17671065375303,6.26515118790497,6.30737704918033,6.76393598233996,6.6708468052348,142
"146",2019,7,6.61111111111111,9,7.375,6,NA,6.5,6.64285714285714,4,5,0,2,7,1761,830,931,183,455,1306,6.69448779102782,7.17766626506024,6.26372717508056,6.30737704918033,6.76277582417582,6.67069678407351,143
"147",2019,8,6.09375,8,6.75,5.7,4.75,NA,6.09375,3,5,2,0,8,1769,833,936,185,455,1314,6.6917710570944,7.17612605042017,6.26071581196581,6.29054054054054,6.76277582417582,6.66718417047184,144
"148",2019,9,6.83333333333333,6,7.5,6.5,6,8,6.6,2,4,1,1,5,1775,835,940,186,456,1319,6.69224957746479,7.17690179640719,6.26173404255319,6.28897849462366,6.76548903508772,6.66692949203943,145
"149",2019,10,6.54166666666667,12,7,5.9,4,7,6.5,7,5,1,1,11,1787,842,945,187,457,1330,6.69123838836038,7.17543111638955,6.25982010582011,6.27673796791444,6.76600218818381,6.66554887218045,146
"150",2019,11,7.17142857142857,7,7.28333333333333,6.5,6.5,NA,7.17142857142857,6,1,1,0,7,1794,848,946,188,457,1337,6.69311204013378,7.1761945754717,6.26007399577167,6.27792553191489,6.76600218818381,6.66819745699327,147
"151",2019,12,5.93333333333333,6,7.66666666666667,4.2,NA,NA,5.93333333333333,3,3,0,0,6,1800,851,949,188,457,1343,6.69057944444444,7.17792361927144,6.25356164383562,6.27792553191489,6.76600218818381,6.66491437081162,148
"152",2020,1,7.8,5,8,7,7,NA,7.8,4,1,1,0,5,1805,855,950,189,457,1348,6.69365263157895,7.18176959064327,6.25434736842105,6.28174603174603,6.76600218818381,6.66912462908012,149
"153",2020,2,5.75,2,NA,5.75,5,6.5,5,0,2,1,1,1,1807,855,952,190,458,1349,6.69260819037078,7.18176959064327,6.25328781512605,6.275,6.76542139737991,6.66788732394367,150
"154",2020,3,6.1,10,6.42857142857143,5.33333333333333,5.5,NA,6.1,7,3,2,0,10,1817,862,955,192,458,1359,6.68934672537149,7.17565313225058,6.25039790575916,6.26692708333333,6.76542139737991,6.66370860927153,151
"155",2020,4,7.16666666666667,6,7.6,5,5,6.25,7.625,5,1,1,2,4,1823,867,956,193,460,1363,6.69091771804717,7.17810034602076,6.249089958159,6.26036269430052,6.76318043478261,6.66652971386647,152
"156",2020,5,6.86875,8,7.29,6.16666666666667,6.5,7.075,6.8,5,3,1,2,6,1831,872,959,194,462,1369,6.69169470234844,7.17874197247706,6.24883211678832,6.26159793814433,6.7645303030303,6.66711468224982,153
"157",2020,6,6.5,9,6.4,6.625,NA,8,6.3125,5,4,0,1,8,1840,877,963,194,463,1377,6.69075706521739,7.17430216647662,6.25039460020768,6.26159793814433,6.76719870410367,6.66505446623094,154
"158",2020,7,6.2,6,NA,6.2,6,6.5,6.05,0,6,1,2,4,1846,877,969,195,465,1381,6.68916197183099,7.17430216647662,6.25008255933952,6.26025641025641,6.76604946236559,6.66327299058654,155
"159",2020,8,6.5,4,7,6,5.5,NA,6.5,2,2,1,0,4,1850,879,971,196,465,1385,6.68875297297297,7.1739055745165,6.24956745623069,6.25637755102041,6.76604946236559,6.66280144404332,156
"160",2020,9,6.33333333333333,3,NA,6.33333333333333,6,NA,6.33333333333333,0,3,2,0,3,1853,879,974,198,465,1388,6.68817754991905,7.1739055745165,6.24982546201232,6.25378787878788,6.76604946236559,6.6620893371758,157
"161",2020,10,7.2,4,7.93333333333333,5,NA,NA,7.2,3,1,0,0,4,1857,882,975,198,465,1392,6.68928002154012,7.17648866213152,6.24854358974359,6.25378787878788,6.76604946236559,6.66363505747127,158
"162",2020,11,6.2,5,5.75,8,NA,4,6.75,4,1,0,1,4,1862,886,976,198,466,1396,6.68796616541353,7.17004853273138,6.2503381147541,6.25378787878788,6.76011373390558,6.66388252148997,159
"163",2020,12,6.5,7,5.66666666666667,7.125,8,7,6.41666666666667,3,4,1,1,6,1869,889,980,199,467,1402,6.68726217228464,7.16497525309336,6.25390816326531,6.26256281407035,6.76062740899358,6.66282453637661,160
"164",2021,1,6,3,7,5.5,NA,NA,6,1,2,0,0,3,1872,890,982,199,467,1405,6.68616079059829,7.16478988764045,6.25237270875764,6.26256281407035,6.76062740899358,6.66140925266904,161
"165",2021,2,7,4,7,NA,NA,7.33333333333333,6,4,0,0,3,1,1876,894,982,199,470,1406,6.68682995735608,7.16405257270693,6.25237270875764,6.26256281407035,6.7642829787234,6.66093883357042,162
"166",2021,3,5.66666666666667,6,8,4.5,6,7.33333333333333,4,2,4,1,3,3,1882,896,986,200,473,1409,6.6835775770457,7.16591852678571,6.24526369168357,6.26125,6.76789217758985,6.65527324343506,163
"167",2021,4,7.25,6,7.375,7,6,6.25,7.75,4,2,1,2,4,1888,900,988,201,475,1413,6.68537764830509,7.16684777777778,6.24679149797571,6.25995024875622,6.76571157894737,6.65837225760793,164
"168",2021,5,7.5,10,7.85714285714286,6.66666666666667,NA,7,7.83333333333333,7,3,0,4,6,1898,907,991,201,479,1419,6.68966965226554,7.17217530319735,6.24806256306761,6.25995024875622,6.76766805845511,6.66334038054969,165
"169",2021,6,7,6,8,6.8,NA,6,7.2,1,5,0,1,5,1904,908,996,201,480,1424,6.69064758403361,7.17308700440529,6.25083333333333,6.25995024875622,6.76606875,6.66522471910113,166
"170",2021,7,5.97368421052632,19,6.6,5.75,NA,6.33333333333333,5.90625,5,14,0,3,16,1923,913,1010,201,483,1440,6.6835637025481,7.16994852135816,6.24389108910891,6.25995024875622,6.76338095238095,6.65679166666667,167
"171",2021,8,5.94142857142857,14,6.66666666666667,5.74363636363636,NA,5,6.01384615384615,3,11,0,1,13,1937,916,1021,201,484,1453,6.6781997934951,7.16830021834061,6.23850146914789,6.25995024875622,6.75973760330579,6.65103922918101,168
"172",2021,9,6.22727272727273,11,7.5,5.75,NA,6,6.25,3,8,0,1,10,1948,919,1029,201,485,1463,6.67565349075975,7.1693830250272,6.234703595724,6.25995024875622,6.75817113402062,6.64829801777171,169
"173",2021,10,6.45454545454545,11,7.5,6.22222222222222,4,5.5,6.8125,2,9,1,3,8,1959,921,1038,202,488,1471,6.67441194486983,7.1701009771987,6.23459537572254,6.24876237623762,6.75043647540984,6.64919102651258,170
"174",2021,11,6.575,8,7.15,6,NA,7.5,6.26666666666667,4,4,0,2,6,1967,925,1042,202,490,1477,6.67400762582613,7.17001405405405,6.23369481765835,6.24876237623762,6.75349591836735,6.64763710223426,171
"175",2021,12,6.55714285714286,21,6.8375,6.38461538461539,8,7,6.45294117647059,8,13,1,4,17,1988,933,1055,203,494,1494,6.672773138833,7.1671629153269,6.23555450236967,6.25738916256158,6.75549190283401,6.64542168674699,172
"176",2022,1,5.98571428571429,14,6.125,5.93,NA,7.16666666666667,5.66363636363636,4,10,0,3,11,2002,937,1065,203,497,1505,6.66796853146853,7.16271398078975,6.23268544600939,6.25738916256158,6.75797384305835,6.63824584717608,173
"177",2022,2,6,11,6.26666666666667,5.9,6,6.75,5.83333333333333,3,8,1,2,9,2013,940,1073,204,499,1514,6.66431843020368,7.15985425531915,6.23020503261883,6.25612745098039,6.75794188376754,6.63346103038309,174
"178",2022,3,6.40444444444444,9,8,6.205,4,6.87,6.27142857142857,1,8,1,2,7,2022,941,1081,205,501,1521,6.66316172106825,7.16074707757705,6.2300185013876,6.24512195121951,6.75838922155689,6.63179487179487,175
"179",2022,4,6.71428571428571,7,7.5,6.4,6,NA,6.71428571428571,2,5,1,0,7,2029,943,1086,206,501,1528,6.66333809758502,7.16146659597031,6.23080110497238,6.24393203883495,6.75838922155689,6.63217277486911,176
"180",2022,5,6.21428571428571,7,6.33333333333333,6.125,NA,6,6.25,3,4,0,1,6,2036,946,1090,206,502,1534,6.6617942043222,7.15884038054968,6.2304128440367,6.24393203883495,6.75687848605578,6.6306779661017,177
"181",2022,6,6.78571428571429,7,7.33333333333333,6.375,NA,7,6.75,3,4,0,1,6,2043,949,1094,206,503,1540,6.6622187958884,7.15939199157007,6.23094149908592,6.24393203883495,6.75736182902584,6.63114285714286,178
"182",2022,7,6.2125,16,6.48,6.09090909090909,5,5.66666666666667,6.33846153846154,5,11,1,3,13,2059,954,1105,207,506,1553,6.65872413793103,7.15583123689727,6.22954751131222,6.23792270531401,6.750895256917,6.62869285254347,179
"183",2022,8,6.53722222222222,18,7.5,6.05583333333333,NA,7.1975,6.34857142857143,6,12,0,4,14,2077,960,1117,207,510,1567,6.6576711603274,7.15798229166667,6.22768128916741,6.23792270531401,6.75439803921569,6.62619017230377,180
"184",2022,9,5.5,8,NA,5.5,4,2,6,0,8,3,1,7,2085,960,1125,210,511,1574,6.65322925659472,7.15798229166667,6.22250666666667,6.20595238095238,6.7450939334638,6.62340533672173,181
"185",2022,10,6.1,7,NA,6.1,NA,5.66666666666667,6.425,0,7,0,3,4,2092,960,1132,210,514,1578,6.65137810707457,7.15798229166667,6.22174911660777,6.20595238095238,6.73879961089494,6.62290240811154,182
"186",2022,11,6.61111111111111,9,7.5,5.9,6,6,6.6875,4,5,2,1,8,2101,964,1137,212,515,1586,6.65120561637316,7.15940145228216,6.22033421284081,6.20400943396226,6.73736504854369,6.62322824716268,183
"187",2022,12,5.71428571428571,7,6,5.66666666666667,NA,NA,5.71428571428571,1,6,0,0,7,2108,965,1143,212,515,1593,6.64809440227704,7.1582,6.21742782152231,6.20400943396226,6.73736504854369,6.61923414940364,184
