"","year","month","avg_rating","no_ratings","avg_rating_owned","avg_rating_not_owned","avg_rating_prev_owned","avg_rating_comment","avg_rating_no_comment","no_ratings_owned","no_ratings_not_owned","no_ratings_prev_owned","no_ratings_comment","no_ratings_no_comment","cum_no_ratings","cum_no_ratings_owned","cum_no_ratings_not_owned","cum_no_ratings_prev_owned","cum_no_ratings_comment","cum_no_ratings_no_comment","cum_avg_rating","cum_avg_rating_owned","cum_avg_rating_not_owned","cum_avg_rating_prev_owned","cum_avg_rating_comment","cum_avg_rating_no_comment","month_after_release"
"1",2002,1,5,1,5,NA,NA,5,NA,1,0,0,1,0,1,1,0,0,1,0,5,5,NA,NA,5,NA,0
"2",2002,2,4,1,NA,4,NA,4,NA,0,1,0,1,0,2,1,1,0,2,0,4.5,5,4,NA,4.5,NA,1
"3",2002,3,5.5,6,5.4,6,NA,6.5,5,5,1,0,2,4,8,6,2,0,4,4,5.25,5.33333333333333,5,NA,5.5,5,2
"4",2002,4,6,2,6,NA,NA,NA,6,2,0,0,0,2,10,8,2,0,4,6,5.4,5.5,5,NA,5.5,5.33333333333333,3
"5",2002,5,3,2,5,1,NA,NA,3,1,1,0,0,2,12,9,3,0,4,8,5,5.44444444444444,3.66666666666667,NA,5.5,4.75,4
"6",2002,6,4,2,NA,4,NA,3,5,0,2,0,1,1,14,9,5,0,5,9,4.85714285714286,5.44444444444444,3.8,NA,5,4.77777777777778,5
"7",2002,7,5,2,5,NA,NA,6,4,2,0,0,1,1,16,11,5,0,6,10,4.875,5.36363636363636,3.8,NA,5.16666666666667,4.7,6
"8",2002,8,4.66666666666667,3,5,4,NA,5,4.5,2,1,0,1,2,19,13,6,0,7,12,4.84210526315789,5.30769230769231,3.83333333333333,NA,5.14285714285714,4.66666666666667,7
"9",2002,9,8,1,8,NA,NA,NA,8,1,0,0,0,1,20,14,6,0,7,13,5,5.5,3.83333333333333,NA,5.14285714285714,4.92307692307692,8
"10",2002,10,4.4,5,9,3.25,NA,2,8,1,4,0,3,2,25,15,10,0,10,15,4.88,5.73333333333333,3.6,NA,4.2,5.33333333333333,9
"11",2002,11,3.77777777777778,9,5,1.33333333333333,NA,1.75,5.4,6,3,0,4,5,34,21,13,0,14,20,4.58823529411765,5.52380952380952,3.07692307692308,NA,3.5,5.35,10
"12",2002,12,3.33333333333333,3,3,3.5,NA,3.5,3,1,2,0,2,1,37,22,15,0,16,21,4.48648648648649,5.40909090909091,3.13333333333333,NA,3.5,5.23809523809524,11
"13",2003,1,3.83333333333333,6,4.4,1,NA,3.33333333333333,4.33333333333333,5,1,0,3,3,43,27,16,0,19,24,4.3953488372093,5.22222222222222,3,NA,3.47368421052632,5.125,12
"14",2003,2,4,4,4,NA,NA,4,NA,4,0,0,4,0,47,31,16,0,23,24,4.36170212765957,5.06451612903226,3,NA,3.56521739130435,5.125,13
"15",2003,3,4,1,NA,4,NA,NA,4,0,1,0,0,1,48,31,17,0,23,25,4.35416666666667,5.06451612903226,3.05882352941176,NA,3.56521739130435,5.08,14
"16",2003,4,5.66666666666667,6,5.6,6,NA,6,5.6,5,1,0,1,5,54,36,18,0,24,30,4.5,5.13888888888889,3.22222222222222,NA,3.66666666666667,5.16666666666667,15
"17",2003,5,3.33333333333333,9,3.14285714285714,4,NA,3.14285714285714,4,7,2,0,7,2,63,43,20,0,31,32,4.33333333333333,4.81395348837209,3.3,NA,3.54838709677419,5.09375,16
"18",2003,6,5,6,5.75,3.5,NA,1.5,6.75,4,2,0,2,4,69,47,22,0,33,36,4.39130434782609,4.8936170212766,3.31818181818182,NA,3.42424242424242,5.27777777777778,17
"19",2003,7,3.08604651162791,43,3.875,2.78064516129032,4,2.90625,3.19259259259259,12,31,1,16,27,112,59,53,1,49,63,3.89017857142857,4.6864406779661,3.00377358490566,4,3.25510204081633,4.38412698412698,18
"20",2003,8,3.21428571428571,14,3.625,2.66666666666667,NA,3,3.25,8,6,0,2,12,126,67,59,1,51,75,3.81507936507936,4.55970149253731,2.96949152542373,4,3.24509803921569,4.20266666666667,19
"21",2003,9,3.59090909090909,11,5.2,2.25,NA,2.4,4.58333333333333,5,6,0,5,6,137,72,65,1,56,81,3.7970802919708,4.60416666666667,2.90307692307692,4,3.16964285714286,4.23086419753086,20
"22",2003,10,3.57142857142857,7,4.5,3.2,3,3.5,3.66666666666667,2,5,1,4,3,144,74,70,2,60,84,3.78611111111111,4.60135135135135,2.92428571428571,3.5,3.19166666666667,4.21071428571429,21
"23",2003,11,4.5,5,5.125,2,NA,6,3.5,4,1,0,2,3,149,78,71,2,62,87,3.81006711409396,4.62820512820513,2.9112676056338,3.5,3.28225806451613,4.18620689655172,22
"24",2003,12,4.5,12,5.25,3,NA,4.8,4.28571428571429,8,4,0,5,7,161,86,75,2,67,94,3.86149068322981,4.68604651162791,2.916,3.5,3.3955223880597,4.1936170212766,23
"25",2004,1,3.45,20,3.88888888888889,3.09090909090909,4,3.125,3.66666666666667,9,11,1,8,12,181,95,86,3,75,106,3.81602209944751,4.61052631578947,2.93837209302326,3.66666666666667,3.36666666666667,4.13396226415094,24
"26",2004,2,4.54285714285714,14,4.8375,4.15,NA,4,4.84444444444444,8,6,0,5,9,195,103,92,3,80,115,3.86820512820513,4.62815533980582,3.01739130434783,3.66666666666667,3.40625,4.1895652173913,25
"27",2004,3,3.4,10,4.33333333333333,2,NA,2.8,4,6,4,0,5,5,205,109,96,3,85,120,3.84536585365854,4.61192660550459,2.975,3.66666666666667,3.37058823529412,4.18166666666667,26
"28",2004,4,3.40909090909091,11,3.25,3.5,3,3.66666666666667,3.3125,4,7,1,3,8,216,113,103,4,88,128,3.82314814814815,4.56371681415929,3.01067961165049,3.5,3.38068181818182,4.12734375,27
"29",2004,5,4.5,9,4.5,4.5,NA,5.1,3.75,7,2,0,5,4,225,120,105,4,93,132,3.85022222222222,4.56,3.03904761904762,3.5,3.47311827956989,4.11590909090909,28
"30",2004,6,3.45,10,4.16666666666667,2.375,1,3.21428571428571,4,6,4,1,7,3,235,126,109,5,100,135,3.8331914893617,4.54126984126984,3.01467889908257,3,3.455,4.11333333333333,29
"31",2004,7,3.09090909090909,11,4.5,2.77777777777778,1,2.66666666666667,3.6,2,9,1,6,5,246,128,118,6,106,140,3.8,4.540625,2.99661016949153,2.66666666666667,3.41037735849057,4.095,30
"32",2004,8,3.9375,8,4.375,3.5,4.5,4.1,3.66666666666667,4,4,2,5,3,254,132,122,8,111,143,3.80433070866142,4.53560606060606,3.01311475409836,3.125,3.44144144144144,4.08601398601399,31
"33",2004,9,3.42857142857143,14,3.71428571428571,3.14285714285714,4.5,3.83333333333333,3.125,7,7,2,6,8,268,139,129,10,117,151,3.78470149253731,4.49424460431655,3.02015503875969,3.4,3.46153846153846,4.03509933774834,32
"34",2004,10,4.27272727272727,11,4.71428571428571,3.5,4.5,5,3.4,7,4,2,6,5,279,146,133,12,123,156,3.80394265232975,4.50479452054794,3.03458646616541,3.58333333333333,3.53658536585366,4.01474358974359,33
"35",2004,11,4.01333333333333,15,4.22222222222222,3.7,NA,4.3,3.44,9,6,0,10,5,294,155,139,12,133,161,3.81462585034014,4.48838709677419,3.06330935251799,3.58333333333333,3.59398496240602,3.99689440993789,34
"36",2004,12,3.58333333333333,12,4,3.375,5,3.22222222222222,4.66666666666667,4,8,2,9,3,306,159,147,14,142,164,3.80555555555556,4.47610062893082,3.08027210884354,3.78571428571429,3.57042253521127,4.00914634146341,35
"37",2005,1,3.83653846153846,26,4.23076923076923,3.44230769230769,3.25,3.9,3.796875,13,13,4,10,16,332,172,160,18,152,180,3.80798192771084,4.45755813953488,3.1096875,3.66666666666667,3.59210526315789,3.99027777777778,36
"38",2005,2,3.5,25,3.96153846153846,3,NA,3.53125,3.44444444444444,13,12,0,16,9,357,185,172,18,168,189,3.78641456582633,4.4227027027027,3.10203488372093,3.66666666666667,3.58630952380952,3.96428571428571,37
"39",2005,3,3.91176470588235,17,4.42857142857143,3.55,4,4.45,3.14285714285714,7,10,2,10,7,374,192,182,20,178,196,3.79211229946524,4.42291666666667,3.12664835164835,3.7,3.63483146067416,3.93494897959184,38
"40",2005,4,4.40476190476191,21,5.16666666666667,3.38888888888889,2.5,3.95833333333333,5,12,9,2,12,9,395,204,191,22,190,205,3.8246835443038,4.46666666666667,3.13900523560209,3.59090909090909,3.65526315789474,3.98170731707317,39
"41",2005,5,3.66666666666667,12,4,2,NA,3.16666666666667,4.16666666666667,10,2,0,6,6,407,214,193,22,196,211,3.82002457002457,4.44485981308411,3.12720207253886,3.59090909090909,3.64030612244898,3.98696682464455,40
"42",2005,6,3.64705882352941,17,4.22222222222222,3,NA,2.625,4.55555555555556,9,8,0,8,9,424,223,201,22,204,220,3.81308962264151,4.43587443946188,3.12213930348259,3.59090909090909,3.60049019607843,4.01022727272727,41
"43",2005,7,3.34615384615385,13,3.35714285714286,3.33333333333333,NA,3,3.5,7,6,0,4,9,437,230,207,22,208,229,3.79919908466819,4.40304347826087,3.12826086956522,3.59090909090909,3.58894230769231,3.99017467248908,42
"44",2005,8,3.94230769230769,26,4.7,2.90909090909091,4,3.5,4.38461538461539,15,11,2,13,13,463,245,218,24,221,242,3.80723542116631,4.42122448979592,3.11720183486239,3.625,3.58371040723982,4.01136363636364,43
"45",2005,9,4.55982142857143,28,5.15735294117647,3.63636363636364,4,3.55,5.12083333333333,17,11,3,10,18,491,262,229,27,231,260,3.85015274949084,4.46898854961832,3.14213973799127,3.66666666666667,3.58225108225108,4.08817307692308,44
"46",2005,10,3.92857142857143,21,4.54166666666667,3.11111111111111,3.5,3.95,3.90909090909091,12,9,2,10,11,512,274,238,29,241,271,3.853369140625,4.47217153284671,3.14096638655462,3.6551724137931,3.59751037344398,4.08090405904059,45
"47",2005,11,3.50925925925926,27,3.703125,3.22727272727273,3,3.59615384615385,3.42857142857143,16,11,1,13,14,539,290,249,30,254,285,3.83613172541744,4.42974137931034,3.14477911646586,3.63333333333333,3.59744094488189,4.04885964912281,46
"48",2005,12,4.33076923076923,26,5.43571428571429,3.04166666666667,NA,4.38333333333333,4.28571428571429,14,12,0,12,14,565,304,261,30,266,299,3.85889380530973,4.47606907894737,3.14003831417625,3.63333333333333,3.63289473684211,4.05994983277592,47
"49",2006,1,4.20625,32,4.56666666666667,3.125,3.5,4.12307692307692,4.26315789473684,24,8,2,13,19,597,328,269,32,279,318,3.87751256281407,4.48269817073171,3.13959107806691,3.625,3.65573476702509,4.07209119496855,48
"50",2006,2,4.36666666666667,15,4.8125,3.85714285714286,3,3.78571428571429,4.875,8,7,2,7,8,612,336,276,34,286,326,3.88950163398693,4.49055059523809,3.15778985507246,3.58823529411765,3.65891608391608,4.09179447852761,49
"51",2006,3,3.94444444444444,27,4.67647058823529,2.7,2.5,3.88461538461538,4,17,10,2,13,14,639,353,286,36,299,340,3.89182316118936,4.49950424929178,3.14178321678322,3.52777777777778,3.66872909698997,4.08801470588235,50
"52",2006,4,3.3,15,3.75,2.4,NA,2.6,3.65,10,5,0,5,10,654,363,291,36,304,350,3.87824923547401,4.47885674931129,3.12903780068729,3.52777777777778,3.65115131578947,4.0755,51
"53",2006,5,4.09375,16,4.875,3.3125,6.5,4.3125,3.875,8,8,1,8,8,670,371,299,37,312,358,3.88339552238806,4.48739892183288,3.13394648829431,3.60810810810811,3.66810897435897,4.07101955307263,52
"54",2006,6,4.21052631578947,19,5.04166666666667,2.78571428571429,NA,4.66666666666667,4,12,7,0,6,13,689,383,306,37,318,371,3.89241654571843,4.50476501305483,3.12598039215686,3.60810810810811,3.68694968553459,4.06853099730458,53
"55",2006,7,4.16666666666667,27,5.08333333333333,3.43333333333333,4,3.75,4.23913043478261,12,15,2,4,23,716,395,321,39,322,394,3.90275837988827,4.5223417721519,3.14034267912773,3.62820512820513,3.68773291925466,4.07848984771574,54
"56",2006,8,3.02941176470588,17,3.55,2.28571428571429,3.5,2.25,3.26923076923077,10,7,2,4,13,733,405,328,41,326,407,3.8825034106412,4.49833333333333,3.12210365853659,3.6219512195122,3.67009202453988,4.05264127764128,55
"57",2006,9,3.96153846153846,26,4.5,3.33333333333333,1,3.16666666666667,4.38235294117647,14,12,1,9,17,759,419,340,42,335,424,3.88521080368906,4.49838902147971,3.12955882352941,3.55952380952381,3.6565671641791,4.0658608490566,56
"58",2006,10,3.76315789473684,19,4.28571428571429,3.45833333333333,4.5,4.16666666666667,3.57692307692308,7,12,1,6,13,778,426,352,43,341,437,3.88223007712082,4.49489436619718,3.14076704545455,3.58139534883721,3.66554252199413,4.05131578947368,57
"59",2006,11,3.71428571428571,21,4.46153846153846,2.5,3,2.88888888888889,4.33333333333333,13,8,1,9,12,799,439,360,44,350,449,3.87781602002503,4.49390660592255,3.12652777777778,3.56818181818182,3.64557142857143,4.05885300668151,58
"60",2006,12,4.07,30,4.76923076923077,3.53529411764706,3.55,3.8875,4.13636363636364,13,17,2,8,22,829,452,377,46,358,471,3.88477080820265,4.50182522123894,3.14496021220159,3.56739130434783,3.65097765363128,4.06247346072187,59
"61",2007,1,3.72727272727273,33,4.225,2.96153846153846,3.5,3.6875,3.74,20,13,2,8,25,862,472,390,48,366,496,3.87874129930394,4.49009533898305,3.13884615384615,3.56458333333333,3.65177595628415,4.04621975806452,60
"62",2007,2,3.8,30,4,3.53846153846154,4.66666666666667,4.04166666666667,3.63888888888889,17,13,3,12,18,892,489,403,51,378,514,3.87609304932735,4.4730572597137,3.15173697270471,3.62941176470588,3.66415343915344,4.03195525291829,61
"63",2007,3,3.71052631578947,19,4.68181818181818,2.375,NA,2.9,4.61111111111111,11,8,0,10,9,911,500,411,51,388,523,3.87263995609221,4.47765,3.13661800486618,3.62941176470588,3.6444587628866,4.04192160611855,62
"64",2007,4,4.225,20,4.46875,3.25,2,3.45454545454545,5.16666666666667,16,4,2,11,9,931,516,415,53,399,532,3.88020945220193,4.47737403100775,3.13771084337349,3.56792452830189,3.63922305764411,4.0609492481203,63
"65",2007,5,3.44761904761905,21,4.425,2.84615384615385,4.5,2.76666666666667,3.95833333333333,8,13,2,9,12,952,524,428,55,408,544,3.87066701680672,4.47657442748092,3.12885514018692,3.60181818181818,3.61997549019608,4.05868566176471,64
"66",2007,6,3.95625,16,4.28,3.41666666666667,4,4.7,3.61818181818182,10,6,1,5,11,968,534,434,56,413,555,3.87208161157025,4.47289325842697,3.13283410138249,3.60892857142857,3.63305084745763,4.04995495495496,65
"67",2007,7,3.45454545454545,22,4.33333333333333,2.84615384615385,3.5,3.125,3.64285714285714,9,13,2,8,14,990,543,447,58,421,569,3.86280303030303,4.47058011049724,3.1244966442953,3.6051724137931,3.62339667458432,4.03993848857645,66
"68",2007,8,3.76923076923077,26,4.25,3,2,4,3.7,16,10,1,6,20,1016,559,457,59,427,589,3.86040846456693,4.46426654740608,3.12177242888403,3.57796610169492,3.62868852459016,4.02839558573854,67
"69",2007,9,3.74642857142857,28,4.37692307692308,3.2,3,3.87692307692308,3.63333333333333,13,15,2,13,15,1044,572,472,61,440,604,3.85735153256705,4.46228146853147,3.12425847457627,3.55901639344262,3.63602272727273,4.01858443708609,68
"70",2007,10,3.38461538461538,26,4.25,2.375,2.83333333333333,2.81,3.74375,14,12,3,10,16,1070,586,484,64,450,620,3.84586448598131,4.45720989761092,3.10568181818182,3.525,3.61766666666667,4.01149193548387,69
"71",2007,11,3.47794117647059,34,4.36764705882353,2.58823529411765,3.8,3,3.85526315789474,17,17,5,15,19,1104,603,501,69,465,639,3.83453351449275,4.45468490878939,3.08812375249501,3.54492753623188,3.59774193548387,4.00684663536776,70
"72",2007,12,3.62857142857143,35,4.43333333333333,3.025,3.5,3.18421052631579,4.15625,15,20,3,19,16,1139,618,521,72,484,655,3.82820456540825,4.45416666666667,3.08570057581574,3.54305555555556,3.58150826446281,4.01049618320611,71
"73",2008,1,3.60816326530612,49,4.16521739130435,3.11538461538462,4.6,3.31666666666667,4.06842105263158,23,26,5,30,19,1188,641,547,77,514,674,3.81912878787879,4.44379875195008,3.08711151736746,3.61168831168831,3.56605058365759,4.0121290801187,72
"74",2008,2,3.95588235294118,34,4.575,3.07142857142857,3.14285714285714,3.11764705882353,4.79411764705882,20,14,7,17,17,1222,661,561,84,531,691,3.82293371522095,4.44776853252648,3.0867201426025,3.57261904761905,3.55169491525424,4.03136758321274,73
"75",2008,3,3.88888888888889,36,4.25,3.65909090909091,NA,3.26666666666667,4.33333333333333,14,22,0,15,21,1258,675,583,84,546,712,3.82482114467409,4.44366666666667,3.10831903945111,3.57261904761905,3.54386446886447,4.0402738764045,74
"76",2008,4,3.87368421052632,19,4.42857142857143,3.55,5,2.8,4.25714285714286,7,12,1,5,14,1277,682,595,85,551,726,3.82554815974941,4.44351173020528,3.1172268907563,3.58941176470588,3.53711433756806,4.04445592286501,75
"77",2008,5,4.05384615384615,26,4.53076923076923,3.57692307692308,4.66666666666667,3.54,4.375,13,13,3,10,16,1303,695,608,88,561,742,3.83010360706063,4.44514388489209,3.12705592105263,3.62613636363636,3.53716577540107,4.05158355795148,76
"78",2008,6,4.408,25,4.96428571428571,3.7,NA,3.66666666666667,4.825,14,11,0,9,16,1328,709,619,88,570,758,3.84098268072289,4.45539492242595,3.13723747980614,3.62613636363636,3.53921052631579,4.06790897097625,77
"79",2008,7,3.59210526315789,38,4,3.13888888888889,3,3.23076923076923,3.78,20,18,14,13,25,1366,729,637,102,583,783,3.83405929721816,4.4429012345679,3.137284144427,3.54019607843137,3.53233276157805,4.05871647509579,78
"80",2008,8,4.43170731707317,41,5.01052631578947,3.93181818181818,4.13636363636364,4.51818181818182,4.4,19,22,11,11,30,1407,748,659,113,594,813,3.85147476901208,4.45731951871658,3.16380880121396,3.59823008849558,3.55058922558923,4.07130996309963,79
"81",2008,9,3.7,30,3.95454545454545,3.55263157894737,3.22222222222222,3.54545454545455,3.78947368421053,11,19,9,11,19,1437,759,678,122,605,832,3.84831245650661,4.45003293807642,3.17470501474926,3.57049180327869,3.5504958677686,4.06487379807692,80
"82",2008,10,3.92307692307692,26,4.36363636363636,3.6,3.9,3.77777777777778,4,11,15,10,9,17,1463,770,693,132,614,849,3.84964114832536,4.4487987012987,3.18391053391053,3.59545454545455,3.55382736156352,4.06357479387515,81
"83",2008,11,3.8225,40,4.30869565217391,3.16470588235294,3.94444444444444,3.35714285714286,3.92121212121212,23,17,9,7,33,1503,793,710,141,621,882,3.84891882900865,4.44473518284994,3.18345070422535,3.6177304964539,3.55161030595813,4.05824829931973,82
"84",2008,12,3.6551724137931,29,4.7,3.10526315789474,2.92307692307692,2.79166666666667,4.26470588235294,10,19,13,12,17,1532,803,729,154,633,899,3.84525130548303,4.44791407222914,3.18141289437586,3.55909090909091,3.53720379146919,4.06215239154616,83
"85",2009,1,3.91803278688525,61,4.67857142857143,3.27272727272727,3.33333333333333,3.26315789473684,4.21428571428571,28,33,15,19,42,1593,831,762,169,652,941,3.84803829252982,4.45568592057762,3.18536745406824,3.53905325443787,3.52921779141104,4.06894261424017,84
"86",2009,2,3.80333333333333,60,4.14516129032258,3.43793103448276,3.5625,3.53125,3.90227272727273,31,29,8,16,44,1653,862,791,177,668,985,3.84641560798548,4.44451856148492,3.19462705436157,3.54011299435028,3.52926646706587,4.06149746192894,85
"87",2009,3,3.78679245283019,53,4.64782608695652,3.12666666666667,3.475,2.75,4.02790697674419,23,30,8,10,43,1706,885,821,185,678,1028,3.8445633059789,4.44980225988701,3.192143727162,3.5372972972973,3.51777286135693,4.06009241245136,86
"88",2009,4,3.81351351351351,37,4.5,3.39565217391304,3.5,3.88666666666667,3.76363636363636,14,23,9,15,22,1743,899,844,194,693,1050,3.8439041881813,4.45058398220245,3.19768957345972,3.53556701030928,3.52575757575758,4.05388095238095,87
"89",2009,5,3.416,50,3.88636363636364,3.04642857142857,3,2.6125,3.79411764705882,22,28,14,16,34,1793,921,872,208,709,1084,3.83197155605131,4.43710640608035,3.19283256880734,3.49951923076923,3.50514809590973,4.04573339483395,88
"90",2009,6,3.81320754716981,53,4.59090909090909,3.26129032258065,3.15294117647059,3.66666666666667,3.85609756097561,22,31,17,12,41,1846,943,903,225,721,1125,3.83143282773564,4.44069459172853,3.19518272425249,3.47333333333333,3.50783633841886,4.03882222222223,89
"91",2009,7,3.66888888888889,45,4.17857142857143,3.43870967741935,3.6,3.23333333333333,3.88666666666667,14,31,10,15,30,1891,957,934,235,736,1155,3.8275647805394,4.43685997910136,3.20326552462527,3.47872340425532,3.50224184782609,4.03487012987013,90
"92",2009,8,4.6,30,5.5,3.91176470588235,3.14285714285714,4.29166666666667,4.67708333333333,13,17,7,6,24,1921,970,951,242,742,1179,3.83962779802186,4.45110824742268,3.21593059936909,3.46900826446281,3.50862533692722,4.04794317217982,91
"93",2009,9,4.26388888888889,36,5.16666666666667,3,3.75,3.7,4.48076923076923,21,15,6,10,26,1957,991,966,248,752,1205,3.84743229432805,4.46627144298688,3.21257763975155,3.4758064516129,3.51117021276596,4.05728215767635,92
"94",2009,10,4.09736842105263,38,4.56590909090909,3.453125,2.85714285714286,3.58333333333333,4.33461538461538,22,16,7,12,26,1995,1013,982,255,764,1231,3.85219298245614,4.46843534057256,3.21649694501018,3.45882352941176,3.51230366492147,4.06313972380179,93
"95",2009,11,3.83191489361702,47,4.48181818181818,3.26,4.22222222222222,2.9,4.26875,22,25,9,15,32,2042,1035,1007,264,779,1263,3.85172624877571,4.46871980676329,3.2175769612711,3.48484848484848,3.500513478819,4.06834916864608,94
"96",2009,12,3.98,50,4.18181818181818,3.82142857142857,4.625,3.23333333333333,4.3,22,28,8,15,35,2092,1057,1035,272,794,1298,3.85479206500956,4.46274834437086,3.23391304347826,3.51838235294118,3.49546599496222,4.07459553158706,95
"97",2010,1,4.60238095238095,63,5.04857142857143,4.04464285714286,4.47916666666667,4.70416666666667,4.57843137254902,35,28,12,12,51,2155,1092,1063,284,806,1349,3.87664733178654,4.48152472527473,3.25526810912512,3.55897887323944,3.51346153846154,4.09364343958488,96
"98",2010,2,3.73076923076923,39,4.02631578947368,3.45,3,2.83333333333333,4,19,20,7,9,30,2194,1111,1083,291,815,1379,3.87405423883318,4.4737398739874,3.25886426592798,3.54553264604811,3.5059509202454,4.09160623640319,97
"99",2010,3,4.86111111111111,36,4.96296296296296,4.55555555555556,5.16666666666667,4.65,4.94230769230769,27,9,6,10,26,2230,1138,1092,297,825,1405,3.88998878923767,4.48534710017575,3.26955128205128,3.57828282828283,3.51981818181818,4.1073487544484,98
"100",2010,4,4.08666666666667,30,5.0625,2.97142857142857,3.2,4.53333333333333,3.8952380952381,16,14,4,9,21,2260,1154,1106,301,834,1426,3.89259955752212,4.49334922010399,3.26577757685353,3.57325581395349,3.53075539568345,4.10422510518934,99
"101",2010,5,3.50606060606061,33,3.89285714285714,3.22105263157895,3.3375,2.57777777777778,3.85416666666667,14,19,8,9,24,2293,1168,1125,309,843,1450,3.88703663323158,4.48615154109589,3.26502222222222,3.56715210355987,3.520581257414,4.10008620689655,100
"102",2010,6,3.77916666666667,24,4.63333333333333,2.35555555555556,NA,3.5,3.91875,15,9,0,8,16,2317,1183,1134,309,851,1466,3.88591929218818,4.48801775147929,3.25780423280423,3.56715210355987,3.52038777908343,4.0981070941337,101
"103",2010,7,4.2625,40,4.33333333333333,4.11538461538461,4.25,4.9,4.07741935483871,27,13,4,9,31,2357,1210,1147,313,860,1497,3.89231014000849,4.48456611570248,3.26752397558849,3.5758785942492,3.53482558139535,4.09767869071476,102
"104",2010,8,4.23030303030303,33,5.375,3.57619047619048,3.8,5.56,3.65217391304348,12,21,5,10,23,2390,1222,1168,318,870,1520,3.8969769874477,4.49331014729951,3.27307363013699,3.57940251572327,3.55810344827586,4.0909375,103
"105",2010,9,3.94285714285714,35,3.9047619047619,4,3.33333333333333,3.2,4.24,21,14,3,10,25,2425,1243,1182,321,880,1545,3.89763917525773,4.48336685438455,3.28168358714044,3.57710280373832,3.55403409090909,4.09334951456311,104
"106",2010,10,3.26190476190476,21,4.0625,2.76923076923077,3.66666666666667,2.71428571428571,3.53571428571429,8,13,3,7,14,2446,1251,1195,324,887,1559,3.89218111201963,4.48067545963229,3.27610878661088,3.57793209876543,3.54740698985344,4.08834188582425,105
"107",2010,11,3.76190476190476,42,4.31818181818182,3.15,3.125,3.65384615384615,3.81034482758621,22,20,8,13,29,2488,1273,1215,332,900,1588,3.88998191318328,4.4778672427337,3.2740329218107,3.56701807228916,3.54894444444444,4.08326511335013,106
"108",2010,12,3.74150943396226,53,3.98148148148148,3.49230769230769,3.69166666666667,2.44444444444444,4.00681818181818,27,26,12,9,44,2541,1300,1241,344,909,1632,3.88688508461236,4.46755769230769,3.27860596293312,3.57136627906977,3.53800880088009,4.08120404411765,107
"109",2011,1,4.10212765957447,47,4.45714285714286,3.57894736842105,3.57142857142857,3.38461538461538,4.37647058823529,28,19,7,13,34,2588,1328,1260,351,922,1666,3.89079404945904,4.46733810240964,3.28313492063492,3.57136752136752,3.53584598698482,4.08722989195678,108
"110",2011,2,3.7008064516129,62,4.30576923076923,3.26388888888889,3.61538461538462,3.31818181818182,3.78333333333333,26,36,13,11,51,2650,1354,1296,364,933,1717,3.88634905660377,4.46423559822747,3.28260030864197,3.57293956043956,3.53327974276527,4.07820326150262,109
"111",2011,3,4.06621621621622,37,4.318,3.54166666666667,4.3,3.98636363636364,4.1,25,12,5,11,26,2687,1379,1308,369,944,1743,3.88882582806104,4.46158448150834,3.28497706422018,3.58279132791328,3.5385593220339,4.07852839931153,110
"112",2011,4,3.64275,40,4.19789473684211,3.14047619047619,3.545,3.276,3.765,19,21,10,10,30,2727,1398,1329,379,954,1773,3.88521635496883,4.45800071530758,3.28269375470278,3.58179419525066,3.5358071278826,4.07322335025381,111
"113",2011,5,4.56,35,5.36666666666667,3.70588235294118,3.8,4.23636363636364,4.70833333333333,18,17,5,11,24,2762,1416,1346,384,965,1797,3.89376719768284,4.46955155367232,3.28803863298663,3.58463541666667,3.54379274611399,4.08170562047858,112
"114",2011,6,4.5359375,32,4.89791666666667,3.45,5.7,4,4.6125,24,8,3,4,28,2794,1440,1354,387,969,1825,3.9011220472441,4.47669097222222,3.28899556868538,3.60103359173127,3.54567595459236,4.08984931506849,113
"115",2011,7,3.89666666666667,30,5.19230769230769,2.90588235294118,2.78,3.08333333333333,4.1,13,17,5,6,24,2824,1453,1371,392,975,1849,3.90107471671388,4.48309359944942,3.28424507658643,3.5905612244898,3.54283076923077,4.08998107084911,114
"116",2011,8,3.97931034482759,29,4.43529411764706,3.33333333333333,3.57142857142857,3.83333333333333,4.045,17,12,7,9,20,2853,1470,1383,399,984,1869,3.90186996144409,4.48254081632653,3.28467100506146,3.59022556390977,3.54548780487805,4.08949973247726,115
"117",2011,9,4.38666666666667,30,4.875,3.82857142857143,4.375,4.5,4.36923076923077,16,14,8,4,26,2883,1486,1397,407,988,1895,3.90691467221644,4.486766487214,3.29012168933429,3.60565110565111,3.54935222672065,4.09333773087071,116
"118",2011,10,4.13777777777778,45,4.55172413793103,3.3875,3.2,4.21333333333333,4.1,29,16,5,15,30,2928,1515,1413,412,1003,1925,3.91046277322404,4.4880099009901,3.29122434536447,3.60072815533981,3.55928215353938,4.09344155844156,117
"119",2011,11,3.85609756097561,41,4.23809523809524,3.455,4.22857142857143,3.44444444444444,3.971875,21,20,7,9,32,2969,1536,1433,419,1012,1957,3.90971202425059,4.48459309895833,3.29351011863224,3.61121718377088,3.55826086956522,4.09145375574859,118
"120",2011,12,3.95217391304348,46,4.46315789473684,3.59259259259259,3.4,4.21428571428571,3.8375,19,27,10,14,32,3015,1555,1460,429,1026,1989,3.91035986733002,4.48433118971061,3.29904109589041,3.60629370629371,3.56721247563353,4.08736802413273,119
"121",2012,1,4.3,61,4.78205128205128,3.44545454545455,3.08888888888889,4.05555555555556,4.34230769230769,39,22,9,9,52,3076,1594,1482,438,1035,2041,3.91808680104031,4.49161543287328,3.30121457489879,3.59566210045662,3.57145893719807,4.09386330230279,120
"122",2012,2,4.17674418604651,43,4.11304347826087,4.25,4.65384615384615,4.85714285714286,4.04444444444444,23,20,13,7,36,3119,1617,1502,451,1042,2077,3.92165277332478,4.48623067408782,3.3138482023968,3.62616407982262,3.58009596928983,4.09300674049109,121
"123",2012,3,3.92307692307692,26,4.875,3.10714285714286,3.1,3.5,3.95833333333333,12,14,5,2,24,3145,1629,1516,456,1044,2101,3.92166454689984,4.48909453652548,3.31193931398417,3.6203947368421,3.57994252873563,4.09146834840552,122
"124",2012,4,4.15897435897436,39,4.25714285714286,3.90909090909091,4.25,4.04545454545455,4.20357142857143,28,11,4,11,28,3184,1657,1527,460,1055,2129,3.92457129396985,4.48517501508751,3.31624099541585,3.62586956521739,3.58479620853081,4.09294269610146,123
"125",2012,5,3.99393939393939,33,4.52380952380952,3.06666666666667,3,3.6,4.06428571428571,21,12,4,5,28,3217,1678,1539,464,1060,2157,3.92528287224122,4.48565852205006,3.31429499675114,3.62047413793103,3.5848679245283,4.09257070004636,124
"126",2012,6,4.76447368421053,38,5.282,3.76923076923077,4.5,4.8,4.75909090909091,25,13,4,5,33,3255,1703,1552,468,1065,2190,3.93507987711214,4.49734879624193,3.31810567010309,3.62799145299145,3.59057276995305,4.10261415525114,125
"127",2012,7,4.35054054054054,37,5.02173913043478,3.24785714285714,4,4.125,4.41275862068966,23,14,1,8,29,3292,1726,1566,469,1073,2219,3.93974939246659,4.50433661645423,3.31747765006386,3.62878464818763,3.59455731593663,4.10666741775575,126
"128",2012,8,4.46875,32,4.69047619047619,4.04545454545455,4.58333333333333,4.3,4.5,21,11,6,5,27,3324,1747,1577,475,1078,2246,3.94484205776173,4.50657412707499,3.32255548509829,3.64084210526316,3.5978293135436,4.11139581478183,127
"129",2012,9,4.59032258064516,31,5.17368421052632,3.66666666666667,3.83333333333333,4.5,4.62173913043478,19,12,6,8,23,3355,1766,1589,481,1086,2269,3.95080625931446,4.51375141562854,3.32515418502203,3.64324324324324,3.60447513812155,4.11656897311591,128
"130",2012,10,4.05,40,4.15,3.95,4.11111111111111,3.42857142857143,4.18181818181818,20,20,9,7,33,3395,1786,1609,490,1093,2302,3.95197496318115,4.50967805151176,3.33292106898695,3.65183673469388,3.60334858188472,4.11750434404865,129
"131",2012,11,4.13513513513514,37,4.88888888888889,3.42105263157895,3.85714285714286,4.5,4,18,19,7,10,27,3432,1804,1628,497,1103,2329,3.95394959207459,4.51346175166297,3.33394963144963,3.65472837022133,3.61147778785131,4.11614212108201,130
"132",2012,12,4.275,60,4.75,3.5625,3.81818181818182,3.6875,4.48863636363636,36,24,11,16,44,3492,1840,1652,508,1119,2373,3.95946592210767,4.51808967391304,3.33726997578693,3.65826771653543,3.61256478999106,4.12304888327012,131
"133",2013,1,4.41228070175439,57,5.1,3.64814814814815,4.23076923076923,4.69230769230769,4.32954545454545,30,27,13,13,44,3549,1870,1679,521,1132,2417,3.96673851789236,4.52742513368984,3.34226920786182,3.6725527831094,3.62496466431095,4.12680802647911,132
"134",2013,2,3.95102040816327,49,4.65454545454545,3.37777777777778,3.8,3.6,4.04102564102564,22,27,10,10,39,3598,1892,1706,531,1142,2456,3.96652445803224,4.5289032769556,3.34283118405627,3.67495291902072,3.62474605954466,4.12544584690554,133
"135",2013,3,4.49230769230769,39,4.81538461538462,3.84615384615385,4,4.25,4.6,26,13,5,12,27,3637,1918,1719,536,1154,2483,3.9721624965631,4.53278675703858,3.34663757998837,3.67798507462687,3.63124783362218,4.13060612162706,134
"136",2013,4,4.09,50,4.74642857142857,3.25454545454545,4.31666666666667,3.5,4.18604651162791,28,22,6,7,43,3687,1946,1741,542,1161,2526,3.97376050989965,4.53586073997945,3.34547386559449,3.68505535055351,3.63045650301464,4.13154988123515,135
"137",2013,5,4.03030303030303,33,4.21052631578947,3.78571428571429,4.3,3.22222222222222,4.33333333333333,19,14,10,9,24,3720,1965,1755,552,1170,2550,3.97426209677419,4.53271501272265,3.34898575498576,3.69619565217391,3.62731623931624,4.13344901960784,136
"138",2013,6,4.14473684210526,38,4.17307692307692,4.08333333333333,4.14285714285714,3.5,4.375,26,12,7,10,28,3758,1991,1767,559,1180,2578,3.97598589675359,4.52801858362632,3.35397283531409,3.70178890876565,3.62623728813559,4.13607253685027,137
"139",2013,7,4.1,45,4.58928571428571,3.29411764705882,3.5,3.85,4.17142857142857,28,17,8,10,35,3803,2019,1784,567,1190,2613,3.97745332632133,4.52886825160971,3.35340246636771,3.6989417989418,3.62811764705882,4.13654611557597,138
"140",2013,8,4.21509433962264,53,4.93666666666667,3.27391304347826,3.8,4,4.24782608695652,30,23,11,7,46,3856,2049,1807,578,1197,2659,3.98071965767635,4.53483894582723,3.35239070282236,3.70086505190311,3.63029239766082,4.13847122978563,139
"141",2013,9,4.6530612244898,49,4.89655172413793,4.3,4.8,4.33333333333333,4.75675675675676,29,20,5,12,37,3905,2078,1827,583,1209,2696,3.9891562099872,4.53988691049086,3.3627640941434,3.71029159519726,3.63727047146402,4.14695660237389,140
"142",2013,10,3.66666666666667,33,4.39285714285714,3.13157894736842,3.91666666666667,3.75,3.6551724137931,14,19,6,4,29,3938,2092,1846,589,1213,2725,3.98645378364652,4.53890296367113,3.36038461538462,3.71239388794567,3.63764220939819,4.14172293577982,141
"143",2013,11,4.29512195121951,41,4.975,3.64761904761905,3.66666666666667,4.44444444444444,4.253125,20,21,6,9,32,3979,2112,1867,595,1222,2757,3.98963433023373,4.54303267045455,3.36361542581682,3.71193277310924,3.64358428805237,4.14301595937613,142
"144",2013,12,4.30522388059701,67,4.63222222222222,3.63636363636364,3.77272727272727,3.88571428571429,4.41603773584906,45,22,11,14,53,4046,2157,1889,606,1236,2810,3.99486035590707,4.54489337042188,3.36679195341451,3.71303630363036,3.64632686084142,4.14816548042704,143
"145",2014,1,4.01358024691358,81,4.5,3.40555555555556,3.73076923076923,3.375,4.17076923076923,45,36,13,16,65,4127,2202,1925,619,1252,2875,3.99522776835474,4.54397593097184,3.36751688311688,3.71340872374798,3.64285942492013,4.14867652173913,144
"146",2014,2,4.26923076923077,52,4.72222222222222,3.78,4.07142857142857,3.72222222222222,4.38372093023256,27,25,7,9,43,4179,2229,1950,626,1261,2918,3.99863723378799,4.54613503813369,3.37280512820513,3.71741214057508,3.64342585249802,4.15214016449623,145
"147",2014,3,4.5,41,5.5,3.54761904761905,3,4.66666666666667,4.47142857142857,20,21,7,6,35,4220,2249,1971,633,1267,2953,4.00350829383886,4.5546176078257,3.37466768138001,3.70947867298578,3.64827150749803,4.15592448357602,146
"148",2014,4,4.4375,40,4.95652173913043,3.73529411764706,3.9,4.25,4.47058823529412,23,17,10,6,34,4260,2272,1988,643,1273,2987,4.00758333333333,4.55868617957747,3.37775150905433,3.71244167962675,3.65110761979576,4.15950619350519,147
"149",2014,5,4.0875,40,4.11538461538461,4.03571428571429,4,5.5,3.93055555555556,26,14,6,4,36,4300,2298,2002,649,1277,3023,4.00832674418605,4.55367058311575,3.38235264735265,3.71510015408321,3.65689898198904,4.15677968905061,148
"150",2014,6,4.625,28,5.18421052631579,3.44444444444444,3,4.14285714285714,4.78571428571429,19,9,3,7,21,4328,2317,2011,652,1284,3044,4.01231631238447,4.55884117393181,3.3826305320736,3.71180981595092,3.65954828660436,4.16111859395532,149
"151",2014,7,3.4921568627451,51,3.9375,3.0962962962963,3.01,3.92857142857143,3.42272727272727,24,27,10,7,44,4379,2341,2038,662,1291,3088,4.00625827814569,4.5524711661683,3.37883709519136,3.7012084592145,3.66100697134005,4.15059747409326,150
"152",2014,8,4.23333333333333,57,4.64166666666667,3.53333333333333,3.66666666666667,3.86,4.31276595744681,36,21,9,10,47,4436,2377,2059,671,1301,3135,4.00917605951307,4.55382204459403,3.38041282175814,3.70074515648286,3.66253651037663,4.15302870813397,151
"153",2014,9,3.85,40,4.69444444444444,3.15909090909091,3.625,3.33333333333333,4,18,22,8,9,31,4476,2395,2081,679,1310,3166,4.0077535746202,4.55487891440501,3.37807304180682,3.69985272459499,3.66027480916031,4.15153032217309,152
"154",2014,10,3.96,40,4.18148148148148,3.5,3.6,4,3.95428571428571,27,13,5,5,35,4516,2422,2094,684,1315,3201,4.00733060230292,4.55071635012386,3.3788299904489,3.69912280701754,3.66156653992395,4.14937363323961,153
"155",2014,11,4.44893617021277,47,5.08695652173913,3.8375,4.66666666666667,3.42857142857143,4.6275,23,24,12,7,40,4563,2445,2118,696,1322,3241,4.01187924611001,4.55576073619632,3.38402738432484,3.71580459770115,3.6603328290469,4.1552746066029,154
"156",2014,12,4.35593220338983,59,4.35789473684211,4.35238095238095,4.4875,4.16666666666667,4.37735849056604,38,21,8,6,53,4622,2483,2139,704,1328,3294,4.01627109476417,4.55273258155457,3.39353436185133,3.72457386363636,3.66262048192771,4.15884790528233,155
"157",2015,1,4.06103896103896,77,4.47111111111111,3.484375,3.7,4,4.06714285714286,45,32,10,7,70,4699,2528,2171,714,1335,3364,4.0170046818472,4.55127966772152,3.39487333026255,3.72422969187675,3.66438951310861,4.15693965517241,156
"158",2015,2,4.10230769230769,65,4.4425,3.558,3.65,4.42857142857143,4.06293103448276,40,25,10,7,58,4764,2568,2196,724,1342,3422,4.01816855583543,4.54958528037383,3.39673041894353,3.7232044198895,3.66837555886736,4.15534628872005,157
"159",2015,3,3.90566037735849,53,4.25862068965517,3.47916666666667,4,4.31818181818182,3.79761904761905,29,24,6,11,42,4817,2597,2220,730,1353,3464,4.01693066223791,4.54633615710435,3.39762162162162,3.72547945205479,3.67365853658537,4.15100894919169,158
"160",2015,4,4.00322580645161,62,4.9,3.1625,3.32,3.96428571428571,4.01458333333333,30,32,10,14,48,4879,2627,2252,740,1367,3512,4.01675650748104,4.55037495241721,3.39428063943162,3.72,3.6766349670812,4.14914436218679,159
"161",2015,5,4.48132075471698,53,5.09387096774194,3.61818181818182,3.61111111111111,4.55555555555556,4.46613636363636,31,22,9,9,44,4932,2658,2274,749,1376,3556,4.02174878345499,4.55671369450715,3.39644678979771,3.71869158878505,3.68238372093023,4.15306664791901,160
"162",2015,6,3.94,50,4.66666666666667,3.08695652173913,3.38461538461538,4.55555555555556,3.80487804878049,27,23,13,9,41,4982,2685,2297,762,1385,3597,4.02092834203131,4.55781936685289,3.39334784501524,3.71299212598425,3.68805776173285,4.14909785932722,161
"163",2015,7,4.59811320754717,53,4.97647058823529,3.92105263157895,3.72222222222222,5.5,4.48297872340426,34,19,9,6,47,5035,2719,2316,771,1391,3644,4.02700397219464,4.56305443177639,3.39767702936097,3.71309987029831,3.69587347232207,4.15340422612514,162
"164",2015,8,4.08879310344828,58,4.51515151515152,3.526,3.875,4,4.10098039215686,33,25,8,7,51,5093,2752,2341,779,1398,3695,4.02770763793442,4.56248001453488,3.39904741563434,3.71476251604621,3.69739628040057,4.15268064952639,163
"165",2015,9,4.1530612244898,49,4.67857142857143,3.45238095238095,4.5,3.8,4.19318181818182,28,21,4,5,44,5142,2780,2362,783,1403,3739,4.0289021781408,4.56364928057554,3.3995215918713,3.71877394636015,3.69776193870278,4.15315726129981,164
"166",2015,10,4.39302325581395,43,4.82608695652174,3.895,3.69,3.42857142857143,4.58055555555556,23,20,10,7,36,5185,2803,2382,793,1410,3775,4.0319218900675,4.56580271138066,3.40368178001679,3.71841109709962,3.69642553191489,4.15723311258278,165
"167",2015,11,4.13207547169811,53,4.23928571428571,4.012,4.56666666666667,4.125,4.13333333333333,28,25,12,8,45,5238,2831,2407,805,1418,3820,4.03293528064147,4.56257329565524,3.41,3.73105590062112,3.69884344146685,4.15695157068063,166
"168",2015,12,4.13793103448276,58,4.83870967741935,3.33333333333333,3.3125,3.25,4.32291666666667,31,27,8,10,48,5296,2862,2434,813,1428,3868,4.03408515861027,4.5655642907058,3.40914954806902,3.72693726937269,3.69570028011204,4.15901111685626,167
"169",2016,1,4.30380434782609,92,4.9125,3.74583333333333,3.94,3.94285714285714,4.36858974358974,44,48,20,14,78,5388,2906,2482,833,1442,3946,4.03869060876021,4.57081727460427,3.41566075745367,3.73205282112845,3.69809986130374,4.16315382665991,168
"170",2016,2,4.0671875,64,4.61875,3.515625,3.71428571428571,4.18181818181818,4.04339622641509,32,32,7,11,53,5452,2938,2514,840,1453,3999,4.03902512839325,4.57133934649421,3.41693317422434,3.73190476190476,3.70176187198899,4.16156664166042,169
"171",2016,3,3.98301886792453,53,4.3375,3.68965517241379,3.91666666666667,3.95,3.98888888888889,24,29,12,8,45,5505,2962,2543,852,1461,4044,4.03848592188919,4.5694446320054,3.42004325599685,3.73450704225352,3.70312114989733,4.15964515331355,170
"172",2016,4,4.05384615384615,65,4.30681818181818,3.52380952380952,3.85714285714286,3.875,4.07894736842105,44,21,7,8,57,5570,3006,2564,859,1469,4101,4.03866517055655,4.5656004657352,3.42089313572543,3.73550640279395,3.7040571817563,4.15852353084614,171
"173",2016,5,4.49925373134328,67,4.56875,4.3962962962963,4.525,3.5,4.61583333333333,40,27,8,7,60,5637,3046,2591,867,1476,4161,4.04413961326947,4.56564182534471,3.43105750675415,3.74279123414072,3.70308943089431,4.16511776015381,172
"174",2016,6,4.40647058823529,68,4.95555555555556,3.78875,5.475,4.09333333333333,4.49509433962264,36,32,12,15,53,5705,3082,2623,879,1491,4214,4.04845836985101,4.57019630110318,3.43542127335112,3.76643913538112,3.70701542588867,4.16926791646891,173
"175",2016,7,4.66428571428571,63,4.62142857142857,4.75,4.45,4.39285714285714,4.74183673469388,42,21,5,14,49,5768,3124,2644,884,1505,4263,4.05518463938974,4.57088508322663,3.44586232980333,3.77030542986425,3.71339534883721,4.17584916725311,174
"176",2016,8,4.53246753246753,77,4.93181818181818,4,3.85,4.2,4.58208955223881,44,33,10,10,67,5845,3168,2677,894,1515,4330,4.06147219846022,4.57589804292929,3.45269331341053,3.77119686800895,3.71660726072607,4.1821351039261,175
"177",2016,9,4.82321428571429,56,5.03235294117647,4.5,4.4,5.17777777777778,4.75531914893617,34,22,5,9,47,5901,3202,2699,899,1524,4377,4.06870106761566,4.58074484697064,3.46123008521675,3.77469410456062,3.72523622047244,4.1882899246059,176
"178",2016,10,4.1264367816092,87,4.85,3.51063829787234,3.36842105263158,4.125,4.12676056338028,40,47,19,16,71,5988,3242,2746,918,1540,4448,4.06953991315965,4.58406693399136,3.46207574654042,3.76628540305011,3.72938961038961,4.18730777877698,177
"179",2016,11,4.65367647058823,68,5.00978260869565,3.90909090909091,3.71428571428571,4,4.75338983050847,46,22,7,9,59,6056,3288,2768,925,1549,4507,4.07609891017173,4.59002281021898,3.46562861271676,3.76589189189189,3.73096191091026,4.19471821610828,178
"180",2016,12,4.00426666666667,75,4.25148936170213,3.58928571428571,4.6,4.50769230769231,3.89870967741936,47,28,10,13,62,6131,3335,2796,935,1562,4569,4.07522019246452,4.58525187406297,3.4668669527897,3.7748128342246,3.73742637644046,4.19070146640403,179
"181",2017,1,4.55376344086022,93,4.60754716981132,4.4825,4.36,3.80769230769231,4.675,53,40,15,13,80,6224,3388,2836,950,1575,4649,4.08237066195373,4.58560064935065,3.48119181946403,3.78405263157895,3.73800634920635,4.19903527640353,180
"182",2017,2,4.55277777777778,72,4.72619047619048,4.31,3.83333333333333,4.8125,4.5203125,42,30,12,8,64,6296,3430,2866,962,1583,4713,4.087750158831,4.5873221574344,3.48986741102582,3.78466735966736,3.7434365129501,4.20339804795247,181
"183",2017,3,4.86410256410256,78,5.33111111111111,4.22727272727273,3.27272727272727,4.91666666666667,4.85454545454545,45,33,11,12,66,6374,3475,2899,973,1595,4779,4.09725054910574,4.59695395683453,3.49826146947223,3.77887975334019,3.75226332288401,4.21239066750366,182
"184",2017,4,4.73380281690141,71,4.71428571428571,4.76206896551724,4.18181818181818,4.7,4.73934426229508,42,29,11,10,61,6445,3517,2928,984,1605,4840,4.10426299456943,4.59835513221495,3.51077868852459,3.78338414634146,3.75816822429907,4.21903202479339,183
"185",2017,5,4.76285714285714,70,5.14146341463415,4.22758620689655,4.2,3.96,4.89666666666667,41,29,5,10,60,6515,3558,2957,989,1615,4900,4.11133921719109,4.60461354693648,3.51780858978695,3.78549039433772,3.75941795665635,4.22732959183674,184
"186",2017,6,4.71764705882353,68,5.59428571428571,3.78787878787879,3.5,5.6,4.56551724137931,35,33,10,10,58,6583,3593,2990,999,1625,4958,4.11760215707124,4.61425410520456,3.52078929765886,3.78263263263263,3.77074461538462,4.2312858007261,185
"187",2017,7,4.65737704918033,61,5.06944444444444,4.064,5.33333333333333,4.79166666666667,4.62448979591837,36,25,6,12,49,6644,3629,3015,1005,1637,5007,4.12255794701986,4.61876963350785,3.52529353233831,3.79189054726368,3.77822846670739,4.23513381266227,186
"188",2017,8,4.57608695652174,92,5.12678571428571,3.71944444444444,3.45833333333333,3.63157894736842,4.82191780821918,56,36,12,19,73,6736,3685,3051,1017,1656,5080,4.12875222684085,4.62648982360922,3.52758439855785,3.78795476892822,3.77654589371981,4.24356594488189,187
"189",2017,9,4.48591549295775,71,4.71590909090909,4.11111111111111,3.69230769230769,4.54545454545455,4.475,44,27,13,11,60,6807,3729,3078,1030,1667,5140,4.13247759659174,4.62754491820863,3.53270305393112,3.78674757281553,3.78161967606479,4.24626750972763,188
"190",2017,10,4.45173333333333,75,5.04585365853659,3.73529411764706,4,5.52923076923077,4.2258064516129,41,34,14,13,62,6882,3770,3112,1044,1680,5202,4.13595684394071,4.63209416445623,3.53491645244216,3.78960727969349,3.79514285714286,4.24602364475202,189
"191",2017,11,4.59529411764706,85,4.85777777777778,4.3,4.625,4.3625,4.64927536231884,45,40,12,16,69,6967,3815,3152,1056,1696,5271,4.14156093009904,4.63475622542595,3.54462563451777,3.79910037878788,3.80049528301887,4.25130240940998,190
"192",2017,12,5.10786516853933,89,5.41632653061224,4.73,3,5.83333333333333,5.05542168674699,49,40,8,6,83,7056,3864,3192,1064,1702,5354,4.15374929138322,4.64466744306418,3.55947994987469,3.79309210526316,3.8076615746181,4.2637682106836,191
"193",2018,1,4.82823529411765,102,5.0983606557377,4.42634146341463,3.5,4.95454545454545,4.81296703296703,61,41,14,11,91,7158,3925,3233,1078,1713,5445,4.16336057557977,4.65171847133758,3.5704732446644,3.78928571428571,3.81502626970228,4.27294674012856,192
"194",2018,2,4.48222222222222,63,4.96428571428571,3.51809523809524,3.2,4.5,4.48035087719298,42,21,5,6,57,7221,3967,3254,1083,1719,5502,4.16614250103863,4.65502772876229,3.57013521819299,3.78656509695291,3.81741710296684,4.27509541984733,193
"195",2018,3,4.82537313432836,67,4.9953488372093,4.52083333333333,5,6.2,4.665,43,24,11,7,60,7288,4010,3278,1094,1726,5562,4.1722029363337,4.65867705735661,3.57709579011592,3.79876599634369,3.82707995365006,4.27930151024812,194
"196",2018,4,4.83116883116883,77,5.21777777777778,4.2875,4.14285714285714,3.80555555555556,4.96691176470588,45,32,14,9,68,7365,4055,3310,1108,1735,5630,4.17909232858112,4.66488162762022,3.58396374622356,3.80311371841155,3.82696829971182,4.28760657193606,195
"197",2018,5,4.58892857142857,56,4.66606060606061,4.47826086956522,4,6.6,4.39176470588235,33,23,5,5,51,7421,4088,3333,1113,1740,5681,4.18218501549656,4.66489114481409,3.59013501350135,3.80399820305481,3.8349367816092,4.28854162999472,196
"198",2018,6,4.43181818181818,44,5.47826086956522,3.28571428571429,2.5,3.45454545454545,4.75757575757576,23,21,6,11,33,7465,4111,3354,1119,1751,5714,4.18365639651708,4.66944174166869,3.588228980322,3.79700625558534,3.83254711593375,4.29125043752188,197
"199",2018,7,4.66666666666667,57,4.9125,4.08823529411765,4,3.57142857142857,4.82,40,17,6,7,50,7522,4151,3371,1125,1758,5764,4.18731653815474,4.67178390749217,3.59075051913379,3.79808888888889,3.83150739476678,4.29583709229702,198
"200",2018,8,4.47,77,4.66538461538462,4.26947368421053,5.2,3.16666666666667,4.6425,39,38,10,9,68,7599,4190,3409,1135,1767,5832,4.19018094486116,4.67172434367542,3.59831622176591,3.81044052863436,3.82812110922467,4.29987911522634,199
"201",2018,9,4.92169690909091,55,5.71156852941176,3.64285714285714,4.11111111111111,4.2,5.082074,34,21,9,10,45,7654,4224,3430,1144,1777,5877,4.19543746145806,4.68009430160985,3.5985889212828,3.81280594405594,3.83021384355656,4.30586835630424,200
"202",2018,10,4.6865671641791,67,5.21621621621622,4.03333333333333,4.125,4.58333333333333,4.70909090909091,37,30,8,12,55,7721,4261,3460,1152,1789,5932,4.19969930449423,4.68474966674489,3.60235838150289,3.81497395833333,3.83526551145892,4.30960693358058,201
"203",2018,11,4.47594936708861,79,4.49782608695652,4.44545454545455,4.64285714285714,3.65833333333333,4.62238805970149,46,33,14,12,67,7800,4307,3493,1166,1801,5999,4.20249722179487,4.68275326909682,3.61032350415116,3.82491423670669,3.83408661854525,4.31310023837306,202
"204",2018,12,4.58913043478261,92,5.444,3.57142857142857,3.40909090909091,4.125,4.65875,50,42,11,12,80,7892,4357,3535,1177,1813,6079,4.20700434997465,4.6914891737434,3.60986138613861,3.82102803738318,3.83601213458356,4.31764900970555,203
"205",2019,1,4.71472868217054,129,4.98181818181818,4.31923076923077,3.5,5.25333333333333,4.55151515151515,77,52,20,30,99,8021,4434,3587,1197,1843,6178,4.21516997007854,4.69653097203428,3.62014496793978,3.815664160401,3.8590830168204,4.32139662188411,204
"206",2019,2,4.58253968253968,63,5.01,3.83913043478261,3.8,4.05,4.66,40,23,7,8,55,8084,4474,3610,1204,1851,6233,4.21803294532409,4.69933355610192,3.62154016620499,3.815573089701,3.85990815775257,4.3243844585272,205
"207",2019,3,4.48305084745763,59,5.0625,3.7962962962963,5.75,4.25,4.50943396226415,32,27,6,6,53,8143,4506,3637,1210,1857,6286,4.21995312906791,4.70191263426542,3.6228375034369,3.8251652892562,3.86116855142703,4.32594469137767,206
"208",2019,4,5.00333333333333,60,5.33636363636364,4.5962962962963,3.95555555555556,4.21,5.162,33,27,9,10,50,8203,4539,3664,1219,1867,6336,4.2256830830184,4.7065252985239,3.63001091703057,3.82612797374898,3.86303695768613,4.33254235006313,207
"209",2019,5,4.95633802816901,71,5.12558139534884,4.69642857142857,3.875,4.45833333333333,5.05762711864407,43,28,8,12,59,8274,4582,3692,1227,1879,6395,4.23195290427846,4.71045795067656,3.6380985915493,3.82644661776691,3.86683874401277,4.33923195152463,208
"210",2019,6,4.923125,64,5.18487804878049,4.45652173913043,3.4,6.41666666666667,4.76862068965517,41,23,5,6,58,8338,4623,3715,1232,1885,6453,4.23725813504437,4.71466544019035,3.64316554508748,3.82471590909091,3.8749549071618,4.3430913265148,209
"211",2019,7,4.79448893333333,75,5.25288888888889,4.106889,3.66666666666667,3.23333333333333,5.00737378787879,45,30,6,9,66,8413,4668,3745,1238,1894,6519,4.24222572209675,4.71985396958012,3.64688028571429,3.82394991922456,3.87190601900739,4.34981668967633,210
"212",2019,8,4.56373626373626,91,5.00555555555556,3.91891891891892,4.58125,5.9,4.39876543209877,54,37,16,10,81,8504,4722,3782,1254,1904,6600,4.24566615710254,4.72312120499788,3.64954168958223,3.83361244019139,3.88255777310924,4.35041742424243,211
"213",2019,9,5.16071428571429,70,5.25641025641026,5.04032258064516,4.57692307692308,5.9,5.0375,39,31,13,10,60,8574,4761,3813,1267,1914,6660,4.25313680895731,4.72748967233774,3.66084885129819,3.84123914759274,3.89309822361547,4.35660735735736,212
"214",2019,10,4.9816091954023,87,5.27551020408163,4.60263157894737,3.49285714285714,5.44444444444444,4.92820512820513,49,38,14,9,78,8661,4810,3851,1281,1923,6738,4.26045433552707,4.73307241787942,3.67014195533628,3.83743169398907,3.90035881435257,4.36322425051944,213
"215",2019,11,4.799375,80,4.89878048780488,4.6948717948718,5,3.295,5.01428571428571,41,39,10,10,70,8741,4851,3890,1291,1933,6808,4.26538668344583,4.73447296021439,3.68041559640103,3.84643687064291,3.89722710812209,4.36991847826087,214
"216",2019,12,4.59621052631579,95,5.128,3.865,3.69230769230769,4.11111111111111,4.64697674418605,55,40,13,9,86,8836,4906,3930,1304,1942,6894,4.26894352648257,4.73888469832858,3.68229431806616,3.84490030674847,3.89821833161689,4.37337467362924,215
"217",2020,1,4.47743582191781,146,4.89275158536585,3.9453125,3.97727272727273,4.27142857142857,4.51204504,82,64,22,21,125,8982,4988,3994,1326,1963,7019,4.27233251280338,4.74141418604651,3.68650893089634,3.84709653092006,3.9022109016811,4.37584422709788,216
"218",2020,2,4.50105263157895,95,4.89090909090909,3.965,3.86428571428571,4.85714285714286,4.47272727272727,55,40,14,7,88,9077,5043,4034,1340,1970,7107,4.27472630053982,4.74304460836803,3.68927036936044,3.84727611940299,3.90560406091371,4.37704384831856,217
"219",2020,3,4.67425287356322,87,5.07,4.02666666666667,4.08,5.46875,4.59379746835443,54,33,11,8,79,9164,5097,4067,1351,1978,7186,4.27851927433435,4.74650852658426,3.69200803294812,3.84917098445596,3.91192618806876,4.37942675062622,218
"220",2020,4,4.71879652631579,95,4.83241673076923,4.58139534883721,4.65909090909091,5.08333333333333,4.66609240963855,52,43,22,12,83,9259,5149,4110,1373,1990,7269,4.28303664542607,4.74737611769275,3.70131305839416,3.86214857975237,3.91898994974874,4.3827,219
"221",2020,5,4.52673891089109,101,4.96141456140351,3.96363636363636,3.91176470588235,4.038,4.58044648351648,57,44,17,10,91,9360,5206,4154,1390,2000,7360,4.28566633867521,4.74971960430273,3.70409163938373,3.86275539568345,3.919585,4.38514496331522,220
"222",2020,6,4.70722891566265,83,5.29512195121951,4.13333333333333,4,4.8,4.69868421052632,41,42,5,7,76,9443,5247,4196,1395,2007,7436,4.28937169649475,4.75398137221269,3.70838814823642,3.86324731182796,3.92265570503239,4.38834950645508,221
"223",2020,7,4.1887323943662,71,4.9,3.49722222222222,4.72222222222222,4.07692307692308,4.21379310344828,35,36,9,13,58,9514,5282,4232,1404,2020,7494,4.28862065692663,4.75494893222264,3.70659184073724,3.86875356125356,3.92364851485149,4.38699852281826,222
"224",2020,8,4.337083375,80,4.6093334,3.88333333333333,4.66666666666667,4,4.4024876119403,50,30,12,13,67,9594,5332,4262,1416,2033,7561,4.28902476547842,4.75358344523631,3.70783591506335,3.87551553672316,3.92413674372848,4.38713577569105,223
"225",2020,9,5.00673684210526,95,5.40461538461538,4.52558139534884,5.03846153846154,6.07,4.7232,52,43,13,20,75,9689,5384,4305,1429,2053,7636,4.29606188461141,4.75987127228826,3.71600387224158,3.88609517144857,3.94504140282513,4.39043656364589,224
"226",2020,10,4.63071734177215,79,5.26279069767442,3.87574083333333,4.39285714285714,4.05,4.71487927536232,43,36,14,10,69,9768,5427,4341,1443,2063,7705,4.2987684551597,4.76385607702229,3.71732857406128,3.89101178101178,3.94555016965584,4.39334202076574,225
"227",2020,11,4.22644444444444,90,4.67291666666667,3.71619047619048,4.11111111111111,3.6875,4.2790243902439,48,42,9,8,82,9858,5475,4383,1452,2071,7787,4.29810816291337,4.7630588,3.71731766826375,3.89237603305785,3.94455335586673,4.39213821368948,226
"228",2020,12,4.26148387096774,155,4.75232876712329,3.82451219512195,3.828,3.61764705882353,4.34079710144927,73,82,25,17,138,10013,5548,4465,1477,2088,7925,4.29754122340956,4.76291761535688,3.71928630235162,3.89128639133379,3.94189176245211,4.39124419810726,227
"229",2021,1,4.52956740458015,131,4.76131779069767,4.08666666666667,3.8625,4.12,4.60336333333333,86,45,8,20,111,10144,5634,4510,1485,2108,8036,4.30053761829653,4.76289319488818,3.72295196008869,3.89113131313131,3.94358159392789,4.39417416625187,228
"230",2021,2,4.7512037037037,108,5.39448275862069,4.005,4.58888888888889,5,4.65551282051282,58,50,18,30,78,10252,5692,4560,1503,2138,8114,4.30528517362466,4.76932892832045,3.72604459210526,3.8994876912841,3.95840505144995,4.39668641853586,229
"231",2021,3,4.22709677419355,93,4.56464285714286,3.71621621621622,3.56666666666667,4.45454545454545,4.19658536585366,56,37,15,11,82,10345,5748,4597,1518,2149,8196,4.3045822716288,4.7673347703549,3.72596548618664,3.89619894598156,3.96094462540717,4.39468443142997,230
"232",2021,4,4.25210526315789,95,4.59655172413793,3.71216216216216,3.54375,4.70714285714286,4.17345679012346,58,37,16,14,81,10440,5806,4634,1534,2163,8277,4.30410475095785,4.76562870478815,3.72585527406129,3.89252281616688,3.96577438742487,4.39251946357376,231
"233",2021,5,4.36428571428571,70,4.70731707317073,3.87931034482759,4.75,4.25,4.375,41,29,4,6,64,10510,5847,4663,1538,2169,8341,4.30450557564224,4.76521981528989,3.72680963757238,3.89475292587776,3.96656062701706,4.39238503776526,232
"234",2021,6,4.10714285714286,70,4.56756756756757,3.59090909090909,3.41666666666667,3.83333333333333,4.1328125,37,33,12,6,64,10580,5884,4696,1550,2175,8405,4.3031997731569,4.76397693065941,3.72585462947189,3.89105161290323,3.96619310344828,4.39040851873885,233
"235",2021,7,4.48461538461538,65,5.04545454545455,3.90625,4.44444444444444,2.8,4.79090909090909,33,32,9,10,55,10645,5917,4728,1559,2185,8460,4.30430752465946,4.76554677370289,3.72707557952623,3.89424631173829,3.96085583524028,4.39301224586289,234
"236",2021,8,4.71441176470588,68,5.37681818181818,3.5,3.88888888888889,3.875,4.82633333333333,44,24,9,8,60,10713,5961,4752,1568,2193,8520,4.3069106319425,4.77005875859755,3.72592873316498,3.89421556122449,3.96054263565892,4.3960638028169,235
"237",2021,9,4.38115942028985,69,4.93,3.62413793103448,3.58333333333333,5.5,4.27460317460317,40,29,12,6,63,10782,6001,4781,1580,2199,8583,4.30738579113337,4.77112485585736,3.72531130307467,3.89185443037975,3.96474306502956,4.3951722707678,236
"238",2021,10,4.32608695652174,69,4.63414634146341,3.875,4.04166666666667,5.42857142857143,4.20161290322581,41,28,12,7,62,10851,6042,4809,1592,2206,8645,4.30750470924339,4.77019534260179,3.72618285298399,3.89298366834171,3.96938803263826,4.3937841064199,237
"239",2021,11,4.25585365853659,82,4.80166666666667,3.48529411764706,3.90909090909091,3.75,4.32611111111111,48,34,11,10,72,10933,6090,4843,1603,2216,8717,4.30711731455227,4.77044339244663,3.72449170761924,3.89309419837804,3.96839801444043,4.39322514626592,238
"240",2021,12,4.26837761061947,113,4.67570780821918,3.525,3.65,3.86764705882353,4.3393403125,73,40,20,17,96,11046,6163,4883,1623,2233,8813,4.30672100941517,4.76932126074963,3.72285753430268,3.89009858287123,3.96763098969996,4.39263817882674,239
"241",2022,1,4.16582558139535,172,4.54278723404255,3.71153846153846,3.45833333333333,4.52941176470588,4.12594838709677,94,78,24,17,155,11218,6257,4961,1647,2250,8968,4.30456073007666,4.76591800063928,3.72267956863536,3.88380692167577,3.97187555555556,4.38802879906334,240
"242",2022,2,4.63310865168539,89,4.86482276595745,4.37380952380952,4.40625,4.86923076923077,4.59271934210526,47,42,16,13,76,11307,6304,5003,1663,2263,9044,4.30714680640311,4.76665539340101,3.72814578053168,3.88883343355382,3.97703049049934,4.38974888766033,241
"243",2022,3,4.52048192771084,83,4.90363636363636,3.76785714285714,3.1875,4.38888888888889,4.53648648648649,55,28,8,9,74,11390,6359,5031,1671,2272,9118,4.30870139947322,4.76784016354772,3.72836679387796,3.88547576301616,3.97866197183099,4.39093978284712,242
"244",2022,4,4.21764705882353,68,4.37209302325581,3.952,4.2,4.14285714285714,4.22622950819672,43,25,5,7,61,11458,6402,5056,1676,2279,9179,4.3081610176296,4.76518206810371,3.72947257515823,3.88641408114559,3.97916630100921,4.3898451835712,243
"245",2022,5,4.62435897435897,78,5.32380952380952,3.80833333333333,4.11111111111111,5.75,4.56351351351351,42,36,9,4,74,11536,6444,5092,1685,2283,9253,4.31029897191401,4.76882302917442,3.73003011390416,3.88761424332344,3.98226894437144,4.39123407975792,244
"246",2022,6,4.27857142857143,70,4.83243243243243,3.65757575757576,4.24285714285714,5,4.1984126984127,37,33,7,7,63,11606,6481,5125,1692,2290,9316,4.31010761158021,4.76918617497299,3.72956357853659,3.88908392434988,3.98537991266376,4.38993011378274,245
"247",2022,7,4.73972972972973,74,5.031,4.39705882352941,4.33333333333333,5.45,4.62875,40,34,12,10,64,11680,6521,5159,1704,2300,9380,4.31282953253424,4.77079214844349,3.7339626555534,3.89221244131455,3.99174782608696,4.39155958848614,246
"248",2022,8,4.45478628205128,78,5.22727272727273,3.45509794117647,3.88461538461538,5,4.40935180555556,44,34,13,6,72,11758,6565,5193,1717,2306,9452,4.31377124255826,4.77385157654227,3.73213685153091,3.89215492137449,3.99437120555074,4.39169511955142,247
"249",2022,9,4.57263157894737,76,5.13428571428571,4.09317073170732,4.765,4.90222222222222,4.52835820895522,35,41,8,9,67,11834,6600,5234,1725,2315,9519,4.31543368852459,4.77576296969696,3.73496497325181,3.89620289855073,3.99790064794816,4.39265703015023,248
"250",2022,10,4.59918032786885,61,4.7984375,4.37931034482759,4,7.25,4.41315789473684,32,29,10,4,57,11895,6632,5263,1735,2319,9576,4.31688879949558,4.77587237635705,3.73851542276268,3.89680115273775,4.00351013367831,4.3927790591061,249
"251",2022,11,4.84139240506329,79,5.07234042553192,4.5021875,6.3,4.18,4.88608108108108,47,32,3,5,74,11974,6679,5295,1738,2324,9650,4.32034927927175,4.77795861655936,3.74313062700661,3.90094936708861,4.00388984509467,4.39656189326425,250
"252",2022,12,4.35052631578947,95,5.08367346938776,3.5695652173913,3.8,4.18181818181818,4.37261904761905,49,46,10,11,84,12069,6728,5341,1748,2335,9734,4.32058681498053,4.78018513674197,3.74163577419959,3.90037185354691,4.00472805139186,4.39635527737826,251
