"","year","month","avg_rating","no_ratings","avg_rating_owned","avg_rating_not_owned","avg_rating_prev_owned","avg_rating_comment","avg_rating_no_comment","no_ratings_owned","no_ratings_not_owned","no_ratings_prev_owned","no_ratings_comment","no_ratings_no_comment","cum_no_ratings","cum_no_ratings_owned","cum_no_ratings_not_owned","cum_no_ratings_prev_owned","cum_no_ratings_comment","cum_no_ratings_no_comment","cum_avg_rating","cum_avg_rating_owned","cum_avg_rating_not_owned","cum_avg_rating_prev_owned","cum_avg_rating_comment","cum_avg_rating_no_comment","month_after_release"
"1",2007,10,7,5,7,7,NA,7,7,1,4,0,2,3,5,1,4,0,2,3,7,7,7,NA,7,7,-7
"2",2007,11,7,2,8,6,NA,NA,7,1,1,0,0,2,7,2,5,0,2,5,7,7.5,6.8,NA,7,7,-6
"3",2007,12,7.625,4,7.83333333333333,7,NA,8,7.25,3,1,0,2,2,11,5,6,0,4,7,7.22727272727273,7.7,6.83333333333333,NA,7.5,7.07142857142857,-5
"4",2008,1,6.83333333333333,3,6.5,7,NA,7,6.75,1,2,0,1,2,14,6,8,0,5,9,7.14285714285714,7.5,6.875,NA,7.4,7,-4
"5",2008,3,7,4,8,6,NA,9,6.33333333333333,2,2,0,1,3,18,8,10,0,6,12,7.11111111111111,7.625,6.7,NA,7.66666666666667,6.83333333333333,-2
"6",2008,4,7.25,2,8.5,6,NA,NA,7.25,1,1,0,0,2,20,9,11,0,6,14,7.125,7.72222222222222,6.63636363636364,NA,7.66666666666667,6.89285714285714,-1
"7",2008,5,6.625,8,6.8,6.33333333333333,NA,6.5,6.66666666666667,5,3,0,2,6,28,14,14,0,8,20,6.98214285714286,7.39285714285714,6.57142857142857,NA,7.375,6.825,0
"8",2008,6,6.21428571428571,21,7,6.02941176470588,6.5,5.95454545454545,6.5,4,17,1,11,10,49,18,31,1,19,30,6.6530612244898,7.30555555555556,6.2741935483871,6.5,6.55263157894737,6.71666666666667,1
"9",2008,7,5.8,5,6.16666666666667,5.25,NA,6.33333333333333,5,3,2,0,3,2,54,21,33,1,22,32,6.57407407407407,7.14285714285714,6.21212121212121,6.5,6.52272727272727,6.609375,2
"10",2008,8,7.24444444444444,9,7.925,6.7,NA,8,7.02857142857143,4,5,0,2,7,63,25,38,1,24,39,6.66984126984127,7.268,6.27631578947368,6.5,6.64583333333333,6.68461538461538,3
"11",2008,9,6.18888888888889,9,7,5.95714285714286,NA,5.75,6.54,2,7,0,4,5,72,27,45,1,28,44,6.60972222222222,7.24814814814815,6.22666666666667,6.5,6.51785714285714,6.66818181818182,4
"12",2008,10,6.67647058823529,17,7.85714285714286,5.85,NA,6.40909090909091,7.16666666666667,7,10,0,11,6,89,34,55,1,39,50,6.62247191011236,7.37352941176471,6.15818181818182,6.5,6.48717948717949,6.728,5
"13",2008,11,6.40476190476191,21,6.8,6.04545454545455,6.5,6.3,6.4375,10,11,1,5,16,110,44,66,2,44,66,6.58090909090909,7.24318181818182,6.13939393939394,6.5,6.46590909090909,6.65757575757576,6
"14",2008,12,7,14,7.42857142857143,6.57142857142857,6,6.33333333333333,7.18181818181818,7,7,1,3,11,124,51,73,3,47,77,6.62822580645161,7.26862745098039,6.18082191780822,6.33333333333333,6.45744680851064,6.73246753246753,7
"15",2009,1,6.45,30,6.96428571428571,6,6.5,6.23333333333333,6.66666666666667,14,16,3,15,15,154,65,89,6,62,92,6.59350649350649,7.20307692307692,6.14831460674157,6.41666666666667,6.40322580645161,6.72173913043478,8
"16",2009,2,7.14285714285714,14,7.22222222222222,7,6,7.28571428571429,7,9,5,1,7,7,168,74,94,7,69,99,6.63928571428572,7.20540540540541,6.1936170212766,6.35714285714286,6.49275362318841,6.74141414141414,9
"17",2009,3,6.2,20,7.25,5.9375,3.66666666666667,6.16666666666667,6.20588235294118,4,16,3,3,17,188,78,110,10,72,116,6.59255319148936,7.20769230769231,6.15636363636364,5.55,6.47916666666667,6.66293103448276,10
"18",2009,4,6.575,20,6.75,6.5,7,6.61111111111111,6.54545454545455,6,14,2,9,11,208,84,124,12,81,127,6.59086538461538,7.175,6.19516129032258,5.79166666666667,6.49382716049383,6.65275590551181,11
"19",2009,5,6.6225,20,7.15714285714286,6.33461538461538,3,6.42142857142857,6.73076923076923,7,13,1,7,13,228,91,137,13,88,140,6.59364035087719,7.17362637362637,6.20839416058394,5.57692307692308,6.48806818181818,6.66,12
"20",2009,6,6.42652173913043,23,6.73,6.19307692307692,6,6.76,6.33388888888889,10,13,1,5,18,251,101,150,14,93,158,6.57832669322709,7.12970297029703,6.20706666666667,5.60714285714286,6.50268817204301,6.62284810126582,13
"21",2009,7,6.85263157894737,19,7.1875,6.60909090909091,8.2,7.5,6.77647058823529,8,11,1,2,17,270,109,161,15,95,175,6.59762962962963,7.13394495412844,6.23453416149068,5.78,6.52368421052632,6.63777142857143,14
"22",2009,8,6.51052631578947,19,7.66666666666667,6.29375,6.4,6.05,6.63333333333333,3,16,3,4,15,289,112,177,18,99,190,6.59190311418685,7.14821428571429,6.23988700564972,5.88333333333333,6.50454545454545,6.63742105263158,15
"23",2009,9,6.25,16,7.14285714285714,5.55555555555556,5.5,6.41666666666667,6.15,7,9,2,6,10,305,119,186,20,105,200,6.57396721311475,7.14789915966387,6.20677419354839,5.845,6.49952380952381,6.61305,16
"24",2009,10,6.375,20,6.75,6.125,6.5,6.41666666666667,6.35714285714286,8,12,2,6,14,325,127,198,22,111,214,6.56172307692308,7.12283464566929,6.20181818181818,5.90454545454546,6.49504504504505,6.59630841121495,17
"25",2009,11,6.695,20,7.35,6.04,6.2,7.1,6.56,10,10,2,5,15,345,137,208,24,116,229,6.56944927536232,7.13941605839416,6.19403846153846,5.92916666666667,6.52112068965517,6.59393013100437,18
"26",2009,12,6.7,18,6.97272727272727,6.27142857142857,6.5,6.5,6.8,11,7,2,6,12,363,148,215,26,122,241,6.57592286501377,7.12702702702703,6.19655813953488,5.97307692307692,6.52008196721312,6.60419087136929,19
"27",2010,1,6.75,26,6.90909090909091,6.63333333333333,6.66666666666667,6.25,6.84090909090909,11,15,3,4,22,389,159,230,29,126,263,6.58755784061697,7.11194968553459,6.22504347826087,6.0448275862069,6.51150793650794,6.62399239543726,20
"28",2010,2,6.675,18,7.075,6.175,6.63333333333333,6.6,6.70384615384615,10,8,3,5,13,407,169,238,32,131,276,6.59142506142506,7.10976331360947,6.22336134453782,6.1,6.51488549618321,6.62775362318841,21
"29",2010,3,6.42857142857143,14,7.33333333333333,5.75,4,5.75,6.7,6,8,1,4,10,421,175,246,33,135,286,6.58600950118765,7.11742857142857,6.2079674796748,6.03636363636364,6.49222222222222,6.63027972027972,22
"30",2010,4,6.81666666666667,12,8.33333333333333,6.31111111111111,5.5,7.33333333333333,6.64444444444444,3,9,2,3,9,433,178,255,35,138,295,6.59240184757506,7.13792134831461,6.21160784313726,6.00571428571429,6.51050724637681,6.63071186440678,23
"31",2010,5,6.01666666666667,6,7,5.82,7,4.55,6.75,1,5,1,2,4,439,179,260,36,140,299,6.58453302961276,7.13715083798883,6.20407692307692,6.03333333333333,6.4825,6.63230769230769,24
"32",2010,6,7.1625,8,7.075,7.25,NA,6.93333333333333,7.3,4,4,0,3,5,447,183,264,36,143,304,6.59487695749441,7.13579234972678,6.21992424242424,6.03333333333333,6.49195804195804,6.64328947368421,25
"33",2010,7,6.85333333333333,15,7.125,6.54285714285714,6.5,5.5,7.06153846153846,8,7,1,2,13,462,191,271,37,145,317,6.6032683982684,7.13534031413613,6.22826568265683,6.04594594594595,6.47827586206897,6.66044164037855,26
"34",2010,8,6.72222222222222,9,7.25,6.57142857142857,6.5,7,6.6875,2,7,3,1,8,471,193,278,40,146,325,6.60554140127389,7.13652849740933,6.23690647482014,6.08,6.48184931506849,6.66110769230769,27
"35",2010,9,6.86111111111111,9,6.79166666666667,7,NA,7,6.84375,6,3,0,1,8,480,199,281,40,147,333,6.61033333333333,7.12613065326633,6.24505338078292,6.08,6.48537414965986,6.6654954954955,28
"36",2010,10,7.7,9,7.625,7.76,7.8,9,7.5375,4,5,1,1,8,489,203,286,41,148,341,6.63038854805726,7.13596059113301,6.27153846153846,6.1219512195122,6.50236486486487,6.68595307917889,29
"37",2010,11,7.02352941176471,17,8,5.925,7,7,7.02857142857143,9,8,1,3,14,506,212,294,42,151,355,6.64359683794467,7.17264150943396,6.26210884353742,6.14285714285714,6.51225165562914,6.6994647887324,30
"38",2010,12,6.565,20,7.5,5.94166666666667,7.3,7,6.54210526315789,8,12,1,1,19,526,220,306,43,152,374,6.64060836501901,7.18454545454546,6.24954248366013,6.16976744186047,6.51546052631579,6.6914705882353,31
"39",2011,1,6.77083333333333,24,6.88,6.69285714285714,6.66666666666667,7.06666666666667,6.72857142857143,10,14,3,3,21,550,230,320,46,155,395,6.64629090909091,7.17130434782609,6.2689375,6.20217391304348,6.52612903225806,6.69344303797469,32
"40",2011,2,5.77846153846154,13,6.24,5.49,5.83333333333333,5.77,5.78571428571429,5,8,3,6,7,563,235,328,49,161,402,6.62625222024867,7.15148936170213,6.24993902439024,6.17959183673469,6.49795031055901,6.6776368159204,33
"41",2011,3,6.57647058823529,17,6.77777777777778,6.35,7,5.66666666666667,6.77142857142857,9,8,2,3,14,580,244,336,51,164,416,6.62479310344828,7.13770491803279,6.25232142857143,6.21176470588235,6.48274390243902,6.68079326923077,34
"42",2011,4,6.61538461538461,13,6.85,5.83333333333333,7,7.66666666666667,6.3,10,3,1,3,10,593,254,339,52,167,426,6.624586846543,7.12637795275591,6.24861356932153,6.22692307692308,6.5040119760479,6.6718544600939,35
"43",2011,5,6.63095238095238,21,7.02272727272727,6.2,NA,6.75,6.59375,11,10,0,5,16,614,265,349,52,172,442,6.62480456026059,7.12207547169811,6.24722063037249,6.22692307692308,6.51116279069767,6.66902714932127,36
"44",2011,6,6.83333333333333,12,7.41666666666667,6.25,6.16666666666667,6.91666666666667,6.75,6,6,3,6,6,626,271,355,55,178,448,6.62880191693291,7.12859778597786,6.2472676056338,6.22363636363636,6.52483146067416,6.67011160714286,37
"45",2011,7,6.87,15,6.7875,6.96428571428571,7.5,6.71666666666667,6.97222222222222,8,7,1,6,9,641,279,362,56,184,457,6.63444617784712,7.11881720430108,6.26113259668508,6.24642857142857,6.53108695652174,6.67606126914661,38
"46",2011,8,6.96333333333333,15,7.35555555555556,6.375,7,7.26666666666667,6.8875,9,6,2,3,12,656,288,368,58,187,469,6.64196646341464,7.12621527777778,6.26298913043478,6.27241379310345,6.54288770053476,6.68147121535181,39
"47",2011,9,6.94166666666667,12,6.96,6.92857142857143,6,7.43333333333333,6.77777777777778,5,7,2,3,9,668,293,375,60,190,478,6.6473502994012,7.12337883959044,6.27541333333333,6.26333333333333,6.55694736842105,6.68328451882845,40
"48",2011,10,6.36428571428571,21,7.40625,5.72307692307692,5.8,6.64285714285714,6.225,8,13,3,7,14,689,301,388,63,197,492,6.63872278664732,7.13089700996678,6.25690721649485,6.24126984126984,6.56,6.67024390243903,41
"49",2011,11,6.875,16,7.2,6.33333333333333,5.875,6.8,6.90909090909091,10,6,4,5,11,705,311,394,67,202,503,6.64408510638298,7.13311897106109,6.25807106598985,6.21940298507463,6.5659405940594,6.67546719681909,42
"50",2011,12,6.69230769230769,13,7.1,6.4375,NA,NA,6.69230769230769,5,8,0,0,13,718,316,402,67,202,516,6.6449582172702,7.13259493670886,6.26164179104478,6.21940298507463,6.5659405940594,6.67589147286822,43
"51",2012,1,6.79090909090909,22,6.81818181818182,6.76363636363636,6.25,5.7,7.11176470588235,11,11,4,5,17,740,327,413,71,207,533,6.6492972972973,7.12201834862385,6.27501210653753,6.22112676056338,6.54502415458937,6.68979362101314,44
"52",2012,2,6.8,23,7.0625,6.66,7.5,6.6,6.85555555555556,8,15,1,5,18,763,335,428,72,212,551,6.65384010484928,7.12059701492537,6.2885046728972,6.23888888888889,6.54632075471698,6.69520871143376,45
"53",2012,3,6.45454545454545,11,6.58333333333333,6.3,6,5.5,6.55,6,5,1,1,10,774,341,433,73,213,561,6.65100775193798,7.11114369501466,6.28863741339492,6.23561643835616,6.54140845070422,6.69262032085562,46
"54",2012,4,6.6375,16,7.16666666666667,6.32,6.3,6.5,6.66923076923077,6,10,4,3,13,790,347,443,77,216,574,6.65073417721519,7.1121037463977,6.2893453724605,6.23896103896104,6.54083333333333,6.6920905923345,47
"55",2012,5,6.6,15,7.16666666666667,6.22222222222222,5.75,5.33333333333333,6.91666666666667,6,9,4,3,12,805,353,452,81,219,586,6.64978881987578,7.11303116147309,6.28800884955752,6.21481481481481,6.52429223744292,6.69668941979522,48
"56",2012,6,5.45454545454545,11,5.75,5.28571428571429,5.66666666666667,5,5.625,4,7,3,3,8,816,357,459,84,222,594,6.63367647058824,7.09775910364146,6.27272331154684,6.19523809523809,6.50369369369369,6.68225589225589,49
"57",2012,7,6.87842105263158,19,6.94444444444444,6.819,7.25,6.75,6.91266666666667,9,10,2,4,15,835,366,469,86,226,609,6.63924550898204,7.09398907103825,6.2843710021322,6.21976744186046,6.50805309734513,6.68793103448276,50
"58",2012,8,6.8,10,7.16666666666667,6.64285714285714,NA,7,6.77777777777778,3,7,0,1,9,845,369,476,86,227,618,6.64114792899408,7.09457994579946,6.28964285714286,6.21976744186046,6.51022026431718,6.68923948220065,51
"59",2012,9,6.85714285714286,14,7.28571428571429,6.42857142857143,7,7.63333333333333,6.64545454545455,7,7,1,3,11,859,376,483,87,230,629,6.64466821885914,7.09813829787234,6.29165631469979,6.22873563218391,6.52486956521739,6.68847376788554,52
"60",2012,10,6.7,10,6.875,6.58333333333333,6,7.25,6.5625,4,6,2,2,8,869,380,489,89,232,637,6.64530494821634,7.09578947368421,6.29523517382413,6.22359550561798,6.53112068965517,6.68689167974883,53
"61",2012,11,6.2,10,6.5,6.125,NA,5.5,6.375,2,8,0,2,8,879,382,497,89,234,645,6.64023890784983,7.09267015706806,6.29249496981891,6.22359550561798,6.52230769230769,6.68302325581396,54
"62",2012,12,7.40769230769231,13,7.68571428571429,7.08333333333333,7,5.75,7.70909090909091,7,6,2,2,11,892,389,503,91,236,656,6.65142376681614,7.10334190231363,6.30192842942346,6.24065934065934,6.51576271186441,6.70022865853659,55
"63",2013,1,6.84285714285714,21,7.26923076923077,6.15,5.1,7.31428571428571,6.60714285714286,13,8,2,7,14,913,402,511,93,243,670,6.6558269441402,7.10870646766169,6.29954990215264,6.21612903225807,6.53876543209876,6.69828358208956,56
"64",2013,2,6.36,20,6.8125,6.05833333333333,5.85,6.7,6.34210526315789,8,12,2,1,19,933,410,523,95,244,689,6.64948553054662,7.10292682926829,6.29401529636711,6.20842105263158,6.5394262295082,6.68846153846154,57
"65",2013,3,6.55714285714286,14,6.725,6.33333333333333,6.75,7,6.52307692307692,8,6,4,1,13,947,418,529,99,245,702,6.64812038014783,7.09569377990431,6.29446124763705,6.23030303030303,6.54130612244898,6.68539886039886,58
"66",2013,4,6.84818181818182,11,7.33333333333333,6.266,6.5,5.915,7.05555555555556,6,5,2,2,9,958,424,534,101,247,711,6.65041753653445,7.09905660377359,6.29419475655431,6.23564356435644,6.53623481781376,6.69008438818566,59
"67",2013,5,7.15625,16,8.07142857142857,6.44444444444444,NA,6.5,7.25,7,9,0,2,14,974,431,543,101,249,725,6.65872689938398,7.11484918793504,6.29668508287293,6.23564356435644,6.5359437751004,6.70089655172414,60
"68",2013,6,6.54166666666667,12,6.58333333333333,6.5,6,6.16666666666667,6.66666666666667,6,6,2,3,9,986,437,549,103,252,734,6.65730223123732,7.10755148741419,6.29890710382514,6.23106796116505,6.53154761904762,6.70047683923706,61
"69",2013,7,7.25,6,7.875,6,6,8,6.875,4,2,1,2,4,992,441,551,104,254,738,6.66088709677419,7.11451247165533,6.2978221415608,6.22884615384615,6.54311023622047,6.70142276422765,62
"70",2013,8,6.5,3,NA,6.5,NA,NA,6.5,0,3,0,0,3,995,441,554,104,254,741,6.66040201005025,7.11451247165533,6.29891696750903,6.22884615384615,6.54311023622047,6.7006072874494,63
"71",2013,9,6.53333333333333,15,6.66666666666667,6.33333333333333,6,6.33333333333333,6.66666666666667,9,6,3,6,9,1010,450,560,107,260,750,6.65851485148515,7.10555555555556,6.29928571428571,6.22242990654206,6.53826923076923,6.7002,64
"72",2013,10,6.66666666666667,18,7.42857142857143,6.18181818181818,5.6,7.5,6.5625,7,11,5,2,16,1028,457,571,112,262,766,6.65865758754864,7.11050328227571,6.29702276707531,6.19464285714286,6.5456106870229,6.69732375979113,65
"73",2013,11,6.825,18,6.85,6.78571428571429,6.5,6.76666666666667,6.85416666666667,11,7,2,6,12,1046,468,578,114,268,778,6.66152007648184,7.10438034188034,6.30294117647059,6.2,6.55055970149254,6.69974293059126,66
"74",2013,12,6.725,12,6.75,6.7,6,6.75,6.7125,6,6,1,4,8,1058,474,584,115,272,786,6.66224007561437,7.09989451476793,6.30702054794521,6.19826086956522,6.55349264705882,6.6998727735369,67
"75",2014,1,7.0375,32,7.28,6.63333333333333,6.6,7.7,6.94285714285714,20,12,3,4,28,1090,494,596,118,276,814,6.67325688073394,7.10718623481781,6.31359060402685,6.20847457627119,6.57010869565217,6.70823095823096,68
"76",2014,2,6.91176470588235,17,7.44444444444444,6.3125,6,6,6.96875,9,8,3,1,16,1107,503,604,121,277,830,6.67691960252936,7.11322067594433,6.3135761589404,6.20330578512397,6.56805054151624,6.7132530120482,69
"77",2014,3,6.9,16,7.3875,6.4125,NA,7.5,6.86,8,8,0,1,15,1123,511,612,121,278,845,6.68009795191451,7.11751467710372,6.31486928104575,6.20330578512397,6.57140287769784,6.71585798816568,70
"78",2014,4,7.14375,16,7.75,6.78,6.75,6,7.22,6,10,4,1,15,1139,517,622,125,279,860,6.68661106233538,7.12485493230174,6.32234726688103,6.2208,6.56935483870968,6.7246511627907,71
"79",2014,5,7.21764705882353,17,7.35,7.02857142857143,NA,8,7.16875,10,7,0,1,16,1156,527,629,125,280,876,6.69442041522491,7.12912713472486,6.3302066772655,6.2208,6.57446428571428,6.73276255707763,72
"80",2014,6,7.24166666666667,12,7.35555555555556,6.9,8,5.85,7.52,9,3,1,2,10,1168,536,632,126,282,886,6.70004280821918,7.13292910447761,6.33291139240506,6.23492063492063,6.56932624113475,6.74164785553048,73
"81",2014,7,6.70833333333333,12,7.41666666666667,6,5.5,6.16666666666667,6.88888888888889,6,6,2,3,9,1180,542,638,128,285,895,6.70012711864407,7.13607011070111,6.32978056426332,6.2234375,6.56508771929824,6.74312849162011,74
"82",2014,8,6.24277777777778,18,6.612,5.78125,NA,7.2,6.18647058823529,10,8,0,1,17,1198,552,646,128,286,912,6.69325542570951,7.12657608695652,6.32298761609907,6.2234375,6.56730769230769,6.73275219298246,75
"83",2014,9,6.594,15,6.95857142857143,6.275,6.15,6.4275,6.65454545454545,7,8,2,4,11,1213,559,654,130,290,923,6.69202802967848,7.12447227191413,6.3224006116208,6.22230769230769,6.56537931034483,6.73182015167931,76
"84",2014,10,6.77428571428571,35,7.1125,6.48947368421053,6.33333333333333,6.9,6.75333333333333,16,19,3,5,30,1248,575,673,133,295,953,6.69433493589743,7.12413913043478,6.32711738484398,6.22481203007519,6.57105084745763,6.73249737670514,77
"85",2014,11,7.125,16,7.75,6.75,7,7.375,7.04166666666667,6,10,3,4,12,1264,581,683,136,299,965,6.69978639240506,7.13060240963855,6.33330893118594,6.24191176470588,6.58180602006689,6.73634196891192,78
"86",2014,12,6.375,28,6.25,6.44444444444444,5.7,6.6,6.32608695652174,10,18,5,5,23,1292,591,701,141,304,988,6.69274767801857,7.11570219966159,6.33616262482168,6.22269503546099,6.58210526315789,6.72679149797571,79
"87",2015,1,6.805,22,7.5,6.48066666666667,6.91666666666667,7,6.7855,7,15,6,2,20,1314,598,716,147,306,1008,6.69462709284627,7.12020066889632,6.33918994413408,6.25102040816327,6.58483660130719,6.72795634920635,80
"88",2015,2,6.78421052631579,19,7.07142857142857,6.61666666666667,5,5,6.88333333333333,7,12,1,1,18,1333,605,728,148,307,1026,6.695903975994,7.11963636363636,6.34376373626374,6.24256756756757,6.57967426710098,6.73068226120858,81
"89",2015,3,6.90526315789474,19,7.32,6.44444444444444,NA,7.66666666666667,6.7625,10,9,0,3,16,1352,615,737,148,310,1042,6.69884615384615,7.12289430894309,6.34499321573948,6.24256756756757,6.5901935483871,6.73117082533589,82
"90",2015,4,6.35294117647059,17,6.75,6,6.75,6.75,6.3,8,9,2,2,15,1369,623,746,150,312,1057,6.6945507669832,7.11810593900482,6.34083109919571,6.24933333333333,6.59121794871795,6.72505203405866,83
"91",2015,5,6.60740740740741,27,6.7125,6.45454545454545,6.5,7,6.576,16,11,4,2,25,1396,639,757,154,314,1082,6.69286532951289,7.10794992175274,6.34248348745046,6.25584415584416,6.59382165605095,6.72160813308688,84
"92",2015,6,7.3,15,7.54166666666667,6.33333333333333,6,7.16666666666667,7.33333333333333,12,3,1,3,12,1411,651,760,155,317,1094,6.69931963146704,7.11594470046083,6.34244736842105,6.2541935483871,6.5992429022082,6.72831809872029,85
"93",2015,7,6.69473684210526,19,6.8125,6.60909090909091,6.4,6.33333333333333,6.7625,8,11,3,3,16,1430,659,771,158,320,1110,6.69925874125874,7.11226100151745,6.34625162127108,6.25696202531646,6.59675,6.72881081081081,86
"94",2015,8,6.77916666666667,24,7.01538461538462,6.5,6.16666666666667,6.83333333333333,6.77142857142857,13,11,3,3,21,1454,672,782,161,323,1131,6.70057771664374,7.1103869047619,6.34841432225064,6.25527950310559,6.59894736842105,6.72960212201592,87
"95",2015,9,7.02857142857143,14,7.91428571428571,6.14285714285714,7,7.02,7.03333333333333,7,7,1,5,9,1468,679,789,162,328,1140,6.70370572207084,7.11867452135493,6.34659062103929,6.25987654320988,6.60536585365853,6.732,88
"96",2015,10,6.62326923076923,26,6.91666666666667,6.22318181818182,6.2,7.05,6.52166666666667,15,11,5,5,21,1494,694,800,167,333,1161,6.70230589022758,7.1143083573487,6.34489375,6.25808383233533,6.61204204204204,6.7281955211025,89
"97",2015,11,6.54285714285714,21,6.84375,6.35769230769231,6.66666666666667,6.25,6.61176470588235,8,13,3,4,17,1515,702,813,170,337,1178,6.70009570957096,7.11122507122507,6.34509840098401,6.26529411764706,6.60774480712166,6.72651528013582,90
"98",2015,12,7.13636363636364,11,7.21428571428571,7,6,6,7.25,7,4,1,1,10,1526,709,817,171,338,1188,6.70324049803407,7.11224259520451,6.34830477356181,6.26374269005848,6.60594674556213,6.73092171717172,91
"99",2016,1,6.84444444444444,27,7.02666666666667,6.61666666666667,6.25,6.5,6.8875,15,12,2,3,24,1553,724,829,173,341,1212,6.70569542820347,7.11046961325967,6.35218938480096,6.2635838150289,6.6050146627566,6.73402227722772,92
"100",2016,2,6.48235294117647,17,6.4,6.55555555555556,6,6,6.54666666666667,8,9,3,2,15,1570,732,838,176,343,1227,6.70327707006369,7.10270491803279,6.35437350835322,6.25909090909091,6.60148688046647,6.73173186634067,93
"101",2016,3,6.5,17,6.72222222222222,6.25,7,7,6.39285714285714,9,8,3,3,14,1587,741,846,179,346,1241,6.70109955891619,7.09808367071525,6.35338652482269,6.27150837988827,6.60494219653179,6.72790894439968,94
"102",2016,4,6.64705882352941,17,6.68888888888889,6.6,6,6.75,6.63333333333333,9,8,1,2,15,1604,750,854,180,348,1256,6.70052680798005,7.09317333333333,6.35569672131147,6.27,6.60577586206896,6.72677945859873,95
"103",2016,5,6.056,25,6.67,5.64666666666667,5.66666666666667,5.5,6.16190476190476,10,15,3,4,21,1629,760,869,183,352,1277,6.69063535911602,7.08760526315789,6.3434579976985,6.26010928961749,6.59321022727272,6.71749021143305,96
"104",2016,6,6.17857142857143,14,9,5.96153846153846,NA,5.33333333333333,6.40909090909091,1,13,0,3,11,1643,761,882,183,355,1288,6.68627206329884,7.09011826544021,6.33782879818594,6.26010928961749,6.58256338028169,6.71485636645963,97
"105",2016,7,6.72105263157895,19,7,6.51818181818182,6.3,7.1,6.58571428571429,8,11,1,5,14,1662,769,893,184,360,1302,6.68666967509025,7.08918075422627,6.34005039193729,6.26032608695652,6.58975,6.71346774193549,98
"106",2016,8,6.5875,24,6.7,6.54117647058824,6.16666666666667,6.3,6.62857142857143,7,17,3,3,21,1686,776,910,187,363,1323,6.68525800711744,7.08567010309278,6.34380769230769,6.25882352941176,6.58735537190082,6.7121201814059,99
"107",2016,9,6.80769230769231,13,7.75714285714286,5.7,NA,8,6.70833333333333,7,6,0,1,12,1699,783,916,187,364,1335,6.68619482048264,7.0916730523627,6.33959061135371,6.25882352941176,6.59123626373626,6.7120861423221,100
"108",2016,10,6.59032258064516,31,6.79,6.22727272727273,6.66666666666667,6.55,6.6,20,11,3,6,25,1730,803,927,190,370,1360,6.68447687861272,7.08415940224159,6.33825782092772,6.26526315789474,6.59056756756757,6.71002573529412,101
"109",2016,11,6.98285714285714,35,6.82,7.2,8,7.6,6.88,20,15,2,5,30,1765,823,942,192,375,1390,6.69039376770538,7.07773997569866,6.35197983014862,6.28333333333333,6.60402666666667,6.71369424460432,102
"110",2016,12,6.86666666666667,24,7.60833333333333,6.125,6,6.66666666666667,6.8952380952381,12,12,3,3,21,1789,835,954,195,378,1411,6.69275852431526,7.08536526946108,6.34912473794549,6.27897435897436,6.60452380952381,6.716396172927,103
"111",2017,1,7.14884,25,7.12009090909091,7.17142857142857,7.33333333333333,7.08333333333333,7.16952631578947,11,14,3,6,19,1814,846,968,198,384,1430,6.69904410143329,7.08581678486997,6.36101756198347,6.29494949494949,6.61200520833333,6.72241678321678,104
"112",2017,2,6.98571428571429,14,7.21428571428571,6.75714285714286,6.65,NA,6.98571428571429,7,7,2,0,14,1828,853,975,200,384,1444,6.70123960612691,7.08687104337632,6.36386153846154,6.2985,6.61200520833333,6.72496952908587,105
"113",2017,3,6.59782608695652,23,6.95416666666667,6.20909090909091,7,5.95,6.73421052631579,12,11,2,4,19,1851,865,986,202,388,1463,6.69995461912479,7.08503005780347,6.36213488843813,6.30544554455445,6.60518041237113,6.72508954203691,106
"114",2017,4,6.875,20,6.75,6.92857142857143,NA,6.66666666666667,6.91176470588235,6,14,0,3,17,1871,871,1000,202,391,1480,6.7018257616248,7.08272215843857,6.370065,6.30544554455445,6.60565217391304,6.72723378378378,107
"115",2017,5,7.02941176470588,17,7.1875,6.88888888888889,NA,7.5,6.83333333333333,8,9,0,5,12,1888,879,1009,202,396,1492,6.70477542372881,7.08367576791809,6.37469276511397,6.30544554455445,6.61694444444444,6.72808713136729,108
"116",2017,6,6.64285714285714,28,7.35714285714286,5.92857142857143,8,6.5,6.65384615384615,14,14,1,2,26,1916,893,1023,203,398,1518,6.70387056367432,7.08796304591265,6.36858748778103,6.31379310344828,6.6163567839196,6.72681554677207,109
"117",2017,7,6.45,11,6.6,6.325,7,7,6.395,5,6,1,1,10,1927,898,1029,204,399,1528,6.70242138038401,7.08524610244989,6.36833333333333,6.3171568627451,6.61731829573935,6.72464397905759,110
"118",2017,8,6.96851851851852,27,7.325,6.25555555555556,8,7.2125,6.92608695652174,18,9,1,4,23,1954,916,1038,205,403,1551,6.70609825997953,7.08995742358078,6.36735549132948,6.32536585365854,6.62322580645161,6.72763120567376,111
"119",2017,9,6.48961538461538,26,6.75833333333333,6.25928571428571,6.6,7.2,6.4612,12,14,2,1,25,1980,928,1052,207,404,1576,6.70325555555555,7.08566918103448,6.36591730038023,6.3280193236715,6.62465346534653,6.72340482233503,112
"120",2017,10,6.444,25,6.78571428571429,6.00909090909091,6.5,6,6.50454545454545,14,11,2,3,22,2005,942,1063,209,407,1598,6.70002294264339,7.08121125265393,6.36222483537159,6.32966507177033,6.62004914004914,6.72039173967459,113
"121",2017,11,7.23490476190476,21,7.5,6.88144444444444,8.3665,8.1,7.09072222222222,12,9,2,3,18,2026,954,1072,211,410,1616,6.70556712734452,7.08647903563941,6.36658395522388,6.34897156398104,6.63087804878049,6.72451670792079,114
"122",2017,12,6.76612903225806,31,7.02692307692308,6.57777777777778,8,7.125,6.71296296296296,13,18,1,4,27,2057,967,1090,212,414,1643,6.70647982498784,7.08567838676318,6.37007155963303,6.35675943396226,6.63565217391304,6.72432684114425,115
"123",2018,1,6.51612903225806,31,7.26153846153846,5.97777777777778,5.5,6.125,6.57407407407407,13,18,6,4,27,2088,980,1108,218,418,1670,6.70365373563218,7.08801122448979,6.36369855595668,6.33317889908257,6.63076555023923,6.72189760479042,116
"124",2018,2,6.21458333333333,24,6.54,5.98214285714286,5.75,6.13333333333333,6.22619047619048,10,14,2,3,21,2112,990,1122,220,421,1691,6.69809611742424,7.08247575757576,6.3589376114082,6.32787727272727,6.62722090261283,6.71574157303371,117
"125",2018,3,6.76315789473684,19,7,6.35714285714286,6,6,6.85294117647059,12,7,2,2,17,2131,1002,1129,222,423,1708,6.69867620835288,7.08148802395209,6.35892648361382,6.32492342342342,6.62425531914893,6.71710714285714,118
"126",2018,4,6.34730769230769,26,6.825,6.04875,5.5,5.5,6.41791666666667,10,16,2,2,24,2157,1012,1145,224,425,1732,6.69444089012517,7.07895355731225,6.35459213973799,6.31755803571428,6.61896470588235,6.71296131639723,119
"127",2018,5,6.88333333333333,30,7.20588235294118,6.46153846153846,5.66666666666667,7,6.86,17,13,3,5,25,2187,1029,1158,227,430,1757,6.69703200731596,7.08105053449951,6.35579274611399,6.30895594713656,6.62339534883721,6.71505350028458,120
"128",2018,6,6.66666666666667,18,6.9,6.375,7,6.5,6.6875,10,8,1,2,16,2205,1039,1166,228,432,1773,6.69678412698413,7.07930798845043,6.35592452830189,6.31198684210526,6.62282407407407,6.71480485053582,121
"129",2018,7,6.97368421052632,19,7.6,6.27777777777778,7.5,7,6.97222222222222,10,9,1,1,18,2224,1049,1175,229,433,1791,6.69914973021583,7.08427168732126,6.35532595744681,6.31717467248908,6.62369515011547,6.717391959799,122
"130",2018,8,7.025,24,7.48333333333333,6.56666666666667,7,6.82,7.07894736842105,12,12,2,5,19,2248,1061,1187,231,438,1810,6.70262855871886,7.08878510838831,6.35746251053075,6.32308658008658,6.62593607305936,6.72118729281768,123
"131",2018,9,7,21,7.57142857142857,6.71428571428571,7.625,7.83333333333333,6.86111111111111,7,14,4,3,18,2269,1068,1201,235,441,1828,6.70538078448656,7.09194850187266,6.36162198168193,6.34524680851064,6.63414965986394,6.72256509846827,124
"132",2018,10,6.69354838709677,31,6.92777777777778,6.36923076923077,5.25,7.28333333333333,6.552,18,13,2,6,25,2300,1086,1214,237,447,1853,6.70522130434782,7.08922744014733,6.36170345963756,6.33600421940928,6.64286353467561,6.72026389638424,125
"133",2018,11,6.76892857142857,28,6.90222222222222,6.70578947368421,6.2,6.33333333333333,6.8212,9,19,5,3,25,2328,1095,1233,242,450,1878,6.70598754295533,7.0876904109589,6.36700567721006,6.33319421487603,6.6408,6.72160756123536,126
"134",2018,12,7.08181818181818,22,7.12307692307692,7.02222222222222,6,7.06,7.08823529411765,13,9,1,5,17,2350,1108,1242,243,455,1895,6.70950595744681,7.08810559566787,6.3717536231884,6.33182304526749,6.64540659340659,6.72489656992084,127
"135",2019,1,6.82333333333333,30,7.21428571428571,6.48125,5.85,5,7.02592592592593,14,16,5,3,27,2380,1122,1258,248,458,1922,6.71094075630252,7.08968003565062,6.37314626391097,6.32210887096774,6.6346288209607,6.72912539021852,128
"136",2019,2,6.52222222222222,27,6.93333333333333,6.00833333333333,NA,10,6.38846153846154,15,12,0,1,26,2407,1137,1270,248,459,1948,6.70882384711259,7.08761741424802,6.36969921259842,6.32210887096774,6.64196078431372,6.72457854209446,129
"137",2019,3,6.69047619047619,21,7.83333333333333,6.23333333333333,6.33333333333333,5,6.775,6,15,3,1,20,2428,1143,1285,251,460,1968,6.70866515650741,7.09153193350831,6.36810739299611,6.32224302788845,6.63839130434782,6.72509095528455,130
"138",2019,4,7.03518518518518,27,7.56363636363636,6.671875,6.625,NA,7.03518518518518,11,16,4,0,27,2455,1154,1301,255,460,1995,6.71225621181263,7.09603206239168,6.37184319754035,6.32699215686274,6.63839130434782,6.72928771929825,131
"139",2019,5,6.53181818181818,22,6.5,6.54666666666667,5,7.5,6.435,7,15,1,2,20,2477,1161,1316,256,462,2015,6.71065361324182,7.09243841515934,6.3738358662614,6.32180859375,6.64212121212121,6.72636674937965,132
"140",2019,6,6.85,15,6.95833333333333,6.77777777777778,3,7.58333333333333,6.66666666666667,6,9,1,3,12,2492,1167,1325,257,465,2027,6.71149237560193,7.09174892887746,6.37657962264151,6.30888326848249,6.6481935483871,6.7260133201776,133
"141",2019,7,6.43181818181818,22,6.6,6.07142857142857,5,6.9,6.29411764705882,15,7,1,5,17,2514,1182,1332,258,470,2044,6.70904494828958,7.08550846023688,6.37497597597598,6.30381007751938,6.65087234042553,6.72242123287671,134
"142",2019,8,6.61739130434783,23,7.725,6.02666666666667,6.43333333333333,6.95,6.54736842105263,8,15,3,4,19,2537,1190,1347,261,474,2063,6.70821403232164,7.08980756302521,6.37109725315516,6.30529885057471,6.65339662447257,6.72080901599612,135
"143",2019,9,7.032,25,7.63636363636364,6.55714285714286,NA,NA,7.032,11,14,0,0,25,2562,1201,1361,261,474,2088,6.71137353629976,7.09481348875936,6.37301102130786,6.30529885057471,6.65339662447257,6.72453496168583,136
"144",2019,10,6.52990625,32,6.8285625,6.23125,NA,5.8985,6.572,16,16,0,2,30,2594,1217,1377,261,476,2118,6.70913492675405,7.09131306491372,6.37136383442266,6.30529885057471,6.65022478991597,6.72237440982059,137
"145",2019,11,6.96428571428571,28,7.13076923076923,6.82,6.375,5.875,7.14583333333333,13,15,4,4,24,2622,1230,1392,265,480,2142,6.71185964912281,7.09173008130081,6.37619827586207,6.30635094339623,6.64376458333333,6.72711904761905,138
"146",2019,12,6.92258064516129,31,7.24375,6.58,7,6.25,6.96896551724138,16,15,1,2,29,2653,1246,1407,266,482,2171,6.71432189973615,7.09368218298555,6.3783710021322,6.30895864661654,6.64213070539419,6.73034960847536,139
"147",2020,1,6.88536585365854,41,7.315,6.47619047619048,6.5,6.33333333333333,6.92894736842105,20,21,1,3,38,2694,1266,1428,267,485,2209,6.71692501855976,7.0971785150079,6.37980952380952,6.30967415730337,6.6402206185567,6.73376595744681,140
"148",2020,2,6.87435897435897,39,7.085,6.65263157894737,6,7.4,6.79705882352941,20,19,2,5,34,2733,1286,1447,269,490,2243,6.71917160629345,7.09698911353032,6.38339184519696,6.30737174721189,6.64797346938775,6.73472536781097,141
"149",2020,3,6.93755566666667,30,7.48571428571429,6.457916875,7,6.75,6.96641038461538,14,16,3,4,26,2763,1300,1463,272,494,2269,6.72154276872964,7.10117538461538,6.38420688311688,6.31501102941176,6.6487995951417,6.73738019832526,142
"150",2020,4,6.90441176470588,34,7.29166666666667,6.46875,6.83333333333333,6.125,7.00833333333333,18,16,3,4,30,2797,1318,1479,275,498,2299,6.72376570253843,7.10377693474962,6.38512148073022,6.32066545454545,6.64459236947791,6.74091590691605,143
"151",2020,5,7.02731193548387,31,7.62359,6.59666666666667,6.51,9,6.89126448275862,13,18,4,2,29,2828,1331,1497,279,500,2328,6.72709311881188,7.10885399699474,6.38766511022044,6.32337992831541,6.654014,6.74278880584193,144
"152",2020,6,6.48518518518518,27,7.39230769230769,5.64285714285714,5.5,7.16666666666667,6.4,13,14,1,3,24,2855,1344,1511,280,503,2352,6.72480537302977,7.11159573660714,6.38076417604236,6.32043928571428,6.65707157057654,6.73929096088436,145
"153",2020,7,6.9140625,32,7.38636363636364,6.66666666666667,6.5,6.95,6.90740740740741,11,21,5,5,27,2887,1355,1532,285,508,2379,6.72690313127814,7.11382632472324,6.38468320496084,6.32358947368421,6.65995472440945,6.74119896595208,146
"154",2020,8,6.7241935483871,31,7.46071428571429,6.11764705882353,5.75,6.875,6.70185185185185,14,17,2,4,27,2918,1369,1549,287,512,2406,6.72687434544208,7.11737375456537,6.38175253066495,6.31959233449477,6.661634765625,6.74075741479635,147
"155",2020,9,6.34347826086957,46,7.21428571428571,5.9625,5.83333333333333,6.66666666666667,6.26486486486487,14,32,3,9,37,2964,1383,1581,290,521,2443,6.72092420377867,7.11835478669559,6.37326671094244,6.31456206896552,6.6617216890595,6.73354987310684,148
"156",2020,10,6.46641791044776,67,6.99473684210526,6.25729166666667,6,6.5,6.46370967741935,19,48,1,5,62,3031,1402,1629,291,526,2505,6.71529836357637,7.11667950784593,6.36984939840393,6.31348109965636,6.66018441064639,6.72687119361278,149
"157",2020,11,6.2947191011236,178,7.482,6.05405405405405,6.58333333333333,6.45,6.26197278911565,30,148,6,31,147,3209,1432,1777,297,557,2652,6.69196925521969,7.12433287011173,6.34354792909398,6.31893265993266,6.64848653500898,6.70110193815988,150
"158",2020,12,6.61318181818182,110,7.37241379310345,6.34135802469136,7.2,7.47368421052632,6.43351648351648,29,81,5,19,91,3319,1461,1858,302,576,2743,6.68935804157879,7.1292571321013,6.34345245963401,6.33351986754967,6.67570659722222,6.69222469558877,151
"159",2021,1,6.55626719101124,89,7.12416666666667,6.34658123076923,6,6.27777777777778,6.62687014084507,24,65,1,18,71,3408,1485,1923,303,594,2814,6.68588237089202,7.12917486195286,6.34355821632865,6.33241914191419,6.66364814814815,6.69057573560768,152
"160",2021,2,6.63533333333333,75,7.14772727272727,6.42264150943396,5,6.75,6.62164179104478,22,53,1,8,67,3483,1507,1976,304,602,2881,6.68479389032443,7.12944570006635,6.34567937753036,6.32803618421053,6.66479568106312,6.68897262061784,153
"161",2021,3,6.6375,60,7.29333333333333,6.41888888888889,5.8,6.65,6.63557692307692,15,45,5,8,52,3543,1522,2021,309,610,2933,6.68399297770251,7.1310608869908,6.34730947550717,6.31949190938511,6.66460163934426,6.6880259529492,154
"162",2021,4,6.80192307692308,52,7.07777777777778,6.65588235294118,6.83333333333333,6.16666666666667,6.93488372093023,18,34,3,9,43,3595,1540,2055,312,619,2976,6.68569878164117,7.13043809740259,6.35241481751825,6.32443269230769,6.65736187399031,6.69159278225807,155
"163",2021,5,6.47368421052632,57,7.15,6.10810810810811,5.66666666666667,5.81818181818182,6.6304347826087,20,37,3,11,46,3652,1560,2092,315,630,3022,6.68238968236582,7.13068889102564,6.34809390535373,6.31816825396825,6.64270952380952,6.69066185307743,156
"164",2021,6,6.74611111111111,36,7.90909090909091,6.2344,NA,7.95333333333333,6.63636363636364,11,25,0,3,33,3688,1571,2117,315,633,3055,6.68301169197397,7.1361391915977,6.3467512753897,6.31816825396825,6.64892101105845,6.69007532569558,157
"165",2021,7,6.65588235294118,34,7.18181818181818,6.40434782608696,NA,NA,6.65588235294118,11,23,0,0,34,3722,1582,2140,315,633,3089,6.68276386888769,7.13645680783818,6.34737030373832,6.31816825396825,6.64892101105845,6.68969897054063,158
"166",2021,8,6.44418181818182,55,7.1875,6.23674418604651,5.6075,6,6.49857142857143,12,43,4,6,49,3777,1594,2183,319,639,3138,6.67928967963992,7.13684107277289,6.34519122766835,6.30925705329153,6.64282785602504,6.68671450605481,159
"167",2021,9,6.66054545454545,55,7.41772727272727,6.15575757575758,7,6,6.71235294117647,22,33,1,4,51,3832,1616,2216,320,643,3189,6.67902064718163,7.14066501856435,6.34237023916967,6.311415625,6.63882892690513,6.68712452806523,160
"168",2021,10,6.76931818181818,44,7.31363636363636,6.225,7,6.91666666666667,6.74605263157895,22,22,1,6,38,3876,1638,2238,321,649,3227,6.68004569659443,7.1429881990232,6.34121646559428,6.31356074766355,6.64139753466872,6.68781844437558,161
"169",2021,11,6.52051282051282,39,7.46363636363636,6.15,NA,6.625,6.49354838709677,11,28,0,8,31,3915,1649,2266,321,657,3258,6.67845648020434,7.14512714978775,6.33885368490733,6.31356074766355,6.64119786910198,6.68596995702885,162
"170",2021,12,6.34042553191489,47,6.75,6.12903225806452,NA,4,6.44444444444444,16,31,0,2,45,3962,1665,2297,321,659,3303,6.6744465219586,7.14133013213213,6.33602196343056,6.31356074766355,6.63318209408194,6.68267941871027,163
"171",2022,1,6.87619523809524,84,7.315,6.47728181818182,6.16666666666667,6.21428571428571,6.93636883116883,40,44,3,7,77,4046,1705,2341,324,666,3380,6.67863507661888,7.14540449853372,6.33867699700983,6.31220061728395,6.62877927927928,6.68845873372781,164
"172",2022,2,6.14268292682927,41,7.3,5.76935483870968,6,5.6,6.21805555555556,10,31,3,5,36,4087,1715,2372,327,671,3416,6.67325850746268,7.14630593002915,6.3312364460371,6.30933639143731,6.62111326378539,6.68350132318501,165
"173",2022,3,6.48450980392157,51,7.21764705882353,6.11794117647059,7,7.302,6.39565217391304,17,34,1,5,46,4138,1732,2406,328,676,3462,6.67093221846302,7.14700616050808,6.32822229842062,6.31144207317073,6.62614940828402,6.67967663778163,166
"174",2022,4,6.86372216666667,60,7.57692307692308,6.31833323529412,8,6.41375,6.93294865384615,26,34,1,8,52,4198,1758,2440,329,684,3514,6.67368767270128,7.15336443117178,6.3280845,6.31657446808511,6.62366520467836,6.68342454467843,167
"175",2022,5,6.95104166666667,48,7.24565217391304,6.68,6.5,6.6,7.00119047619048,23,25,1,6,42,4246,1781,2465,330,690,3556,6.67682309232218,7.15455624368332,6.33165362271805,6.3171303030303,6.62345942028985,6.6871776856018,168
"176",2022,6,7.1764,50,7.51578947368421,6.96838709677419,6,7,7.196,19,31,1,5,45,4296,1800,2496,331,695,3601,6.6826375349162,7.15836926111111,6.33956177083333,6.31617220543807,6.62616834532374,6.69353619827826,169
"177",2022,7,6.51817777777778,45,7.29786666666667,6.12833333333333,4,6.96133333333333,6.45,15,30,1,6,39,4341,1815,2526,332,701,3640,6.68093269983874,7.1595221322314,6.33705311955661,6.30919578313253,6.62903708987161,6.69092688186813,170
"178",2022,8,6.61689189189189,74,7.48793103448276,6.05555555555556,4,6.92,6.56953125,29,45,1,10,64,4415,1844,2571,333,711,3704,6.67985930917327,7.1646869143167,6.33212609101517,6.30226126126126,6.633129395218,6.68882933315335,171
"179",2022,9,6.68966666666667,60,6.98703703703704,6.44636363636364,6.5,7.66,6.60145454545455,27,33,2,5,55,4475,1871,2604,335,716,3759,6.67999080446927,7.16212328701229,6.33357380184332,6.30344179104478,6.64030027932961,6.68755090449588,172
"180",2022,10,7.11162790697674,43,7.31428571428571,6.91818181818182,NA,7,7.12307692307692,21,22,0,4,39,4518,1892,2626,335,720,3798,6.68409890438247,7.16381219344609,6.33847150799695,6.30344179104478,6.64229861111111,6.69202313059505,173
"181",2022,11,7.00725490196078,51,7.4,6.5988,NA,6.8,7.02978260869565,26,25,0,5,46,4569,1918,2651,335,725,3844,6.68770602976581,7.16701390510949,6.34092651075066,6.30344179104478,6.64338620689655,6.69606499739854,174
"182",2022,12,6.50098039215686,51,7.235,6.02741935483871,7,5.7,6.58804347826087,20,31,1,5,46,4620,1938,2682,336,730,3890,6.68564477272727,7.16771551599587,6.33730282624907,6.30551488095238,6.63692465753425,6.69478762210797,175
