"","year","month","avg_rating","no_ratings","avg_rating_owned","avg_rating_not_owned","avg_rating_prev_owned","avg_rating_comment","avg_rating_no_comment","no_ratings_owned","no_ratings_not_owned","no_ratings_prev_owned","no_ratings_comment","no_ratings_no_comment","cum_no_ratings","cum_no_ratings_owned","cum_no_ratings_not_owned","cum_no_ratings_prev_owned","cum_no_ratings_comment","cum_no_ratings_no_comment","cum_avg_rating","cum_avg_rating_owned","cum_avg_rating_not_owned","cum_avg_rating_prev_owned","cum_avg_rating_comment","cum_avg_rating_no_comment","month_after_release"
"1",2007,10,6,18,7.5,5.25,NA,5.55,6.5625,6,12,0,10,8,18,6,12,0,10,8,6,7.5,5.25,NA,5.55,6.5625,0
"2",2007,11,6.69545454545455,33,7.42352941176471,5.921875,5.5,6.36666666666667,6.96944444444444,17,16,2,15,18,51,23,28,2,25,26,6.45,7.44347826086956,5.63392857142857,5.5,6.04,6.84423076923077,1
"3",2007,12,6.93548387096774,31,7.44736842105263,6.125,8,6.35714285714286,7.41176470588235,19,12,2,14,17,82,42,40,4,39,43,6.63353658536585,7.44523809523809,5.78125,6.75,6.15384615384615,7.06860465116279,2
"4",2008,1,6.57261904761905,42,6.83,6.19411764705882,6.5,6.625,6.55166666666667,25,17,2,12,30,124,67,57,6,51,73,6.61290322580645,7.21567164179104,5.90438596491228,6.66666666666667,6.26470588235294,6.85616438356164,3
"5",2008,2,6.90476190476191,21,7.16666666666667,5.33333333333333,6,7.125,6.76923076923077,18,3,1,8,13,145,85,60,7,59,86,6.6551724137931,7.20529411764706,5.87583333333333,6.57142857142857,6.38135593220339,6.84302325581395,4
"6",2008,3,6.375,28,6.79411764705882,5.72727272727273,6.5,6.05555555555556,6.52631578947368,17,11,2,9,19,173,102,71,9,68,105,6.60982658959538,7.13676470588235,5.85281690140845,6.55555555555556,6.33823529411765,6.78571428571429,5
"7",2008,4,6.75,20,7.25,4.75,NA,5.7,7.1,16,4,0,5,15,193,118,75,9,73,120,6.62435233160622,7.1521186440678,5.794,6.55555555555556,6.29452054794521,6.825,6
"8",2008,5,6.75,22,7.42307692307692,5.77777777777778,6,6.85,6.66666666666667,13,9,1,10,12,215,131,84,10,83,132,6.63720930232558,7.17900763358779,5.79226190476191,6.5,6.36144578313253,6.81060606060606,7
"9",2008,6,6.74545454545455,22,7.12666666666667,5.92857142857143,6,6.34285714285714,6.93333333333333,15,7,1,7,15,237,146,91,11,90,147,6.64725738396625,7.1736301369863,5.80274725274725,6.45454545454545,6.36,6.82312925170068,8
"10",2008,7,6.24705882352941,34,6.72272727272727,5.375,5,5.61538461538461,6.63809523809524,22,12,2,13,21,271,168,103,13,103,168,6.59704797047971,7.11458333333333,5.75291262135922,6.23076923076923,6.26601941747573,6.8,9
"11",2008,8,5.82741935483871,31,6.33333333333333,5.353125,6.6,5.45625,5.95652173913043,15,16,3,8,23,302,183,119,16,111,191,6.5180463576159,7.05054644808743,5.69915966386555,6.3,6.20765765765766,6.69842931937173,10
"12",2008,9,5.82083333333333,24,6.35454545454545,5.36923076923077,5.325,5.34,6.16428571428571,11,13,4,10,14,326,194,132,20,121,205,6.46671779141104,7.01108247422681,5.66666666666667,6.105,6.13595041322314,6.6619512195122,11
"13",2008,10,6.68181818181818,22,6.94117647058824,5.8,NA,6.83333333333333,6.625,17,5,0,6,16,348,211,137,20,127,221,6.48031609195402,7.00545023696683,5.67153284671533,6.105,6.16889763779527,6.65927601809955,12
"14",2008,11,6.26666666666667,27,6.75714285714286,5.73846153846154,7,5.88888888888889,6.45555555555556,14,13,2,9,18,375,225,150,22,136,239,6.46493333333333,6.99,5.67733333333333,6.18636363636364,6.15036764705882,6.64393305439331,13
"15",2008,12,6.60909090909091,22,6.75,6.3625,6.38,6.35,6.66666666666667,14,8,5,4,18,397,239,158,27,140,257,6.47292191435768,6.97594142259414,5.7120253164557,6.22222222222222,6.15607142857143,6.64552529182879,14
"16",2009,1,6.73214285714286,28,7,5.92857142857143,7,6.58333333333333,6.80263157894737,21,7,1,9,19,425,260,165,28,149,276,6.49,6.97788461538462,5.72121212121212,6.25,6.18187919463087,6.65634057971014,15
"17",2009,2,6.51,25,6.9375,4.8,5,6.78125,6.38235294117647,20,5,3,8,17,450,280,170,31,157,293,6.49111111111111,6.975,5.69411764705882,6.12903225806452,6.2124203821656,6.64044368600683,16
"18",2009,3,6.23947368421053,38,6.64230769230769,5.36666666666667,4.93333333333333,5.24545454545455,6.64444444444444,26,12,3,11,27,488,306,182,34,168,320,6.47151639344262,6.94673202614379,5.67252747252747,6.02352941176471,6.14910714285714,6.64078125,17
"19",2009,4,5.87142857142857,35,6.52631578947368,5.09375,6,5.08181818181818,6.23333333333333,19,16,1,11,24,523,325,198,35,179,344,6.43135755258126,6.92215384615385,5.62575757575758,6.02285714285714,6.08351955307263,6.61235465116279,18
"20",2009,5,6.17297297297297,37,6.895,5.32352941176471,5.16666666666667,5.89285714285714,6.34347826086957,20,17,6,14,23,560,345,215,41,193,367,6.41428571428571,6.92057971014493,5.60186046511628,5.89756097560976,6.06968911917098,6.59550408719346,19
"21",2009,6,6.64,25,7.11111111111111,5.42857142857143,6.5,5.4,6.95,18,7,2,5,20,585,363,222,43,198,387,6.42393162393162,6.93002754820937,5.5963963963964,5.92558139534884,6.05277777777778,6.61382428940569,20
"22",2009,7,6.3,25,6.89285714285714,5.54545454545455,7.33333333333333,5.38888888888889,6.8125,14,11,3,9,16,610,377,233,46,207,403,6.41885245901639,6.92864721485411,5.59399141630901,6.01739130434783,6.02391304347826,6.62171215880893,21
"23",2009,8,6.14705882352941,17,6.68181818181818,5.16666666666667,5,6,6.22727272727273,11,6,3,6,11,627,388,239,49,213,414,6.41148325358852,6.92164948453608,5.58326359832636,5.95510204081633,6.02323943661972,6.61123188405797,22
"24",2009,9,6.27083333333333,36,6.92708333333333,4.95833333333333,5.91666666666667,6.42857142857143,6.23275862068965,24,12,6,7,29,663,412,251,55,220,443,6.40384615384615,6.92196601941748,5.55338645418327,5.95090909090909,6.03613636363636,6.58645598194131,23
"25",2009,10,6.02777777777778,36,6.69047619047619,5.1,5.33333333333333,3.91666666666667,6.45,21,15,3,6,30,699,433,266,58,226,473,6.38447782546495,6.9107390300231,5.52781954887218,5.91896551724138,5.97986725663717,6.57780126849894,24
"26",2009,11,6.0078947368421,38,7.05625,5.24545454545455,5.42857142857143,5.5625,6.12666666666667,16,22,7,8,30,737,449,288,65,234,503,6.36506105834464,6.91592427616927,5.50625,5.86615384615385,5.96559829059829,6.55089463220676,25
"27",2009,12,5.74230769230769,39,6.3875,5.06315789473684,5.5,5.6,5.76323529411765,20,19,6,5,34,776,469,307,71,239,537,6.33376288659794,6.89339019189766,5.47882736156352,5.83521126760563,5.95794979079498,6.50102420856611,26
"28",2010,1,6.23137254901961,51,6.61515151515152,5.52777777777778,5.875,6.29230769230769,6.21052631578947,33,18,8,13,38,827,502,325,79,252,575,6.32744860943168,6.87509960159363,5.48153846153846,5.83924050632911,5.97519841269841,6.48182608695652,27
"29",2010,2,6.38965517241379,29,6.44285714285714,6.25,6,6.66666666666667,6.35769230769231,21,8,3,3,26,856,523,333,82,255,601,6.32955607476636,6.85774378585086,5.5,5.84512195121951,5.98333333333333,6.47645590682196,28
"30",2010,3,6.92307692307692,26,7.25,6.1875,7,6.6875,7.02777777777778,18,8,2,8,18,882,541,341,84,263,619,6.34705215419501,6.87079482439926,5.51612903225807,5.87261904761905,6.00475285171103,6.49248788368336,29
"31",2010,4,6.38965517241379,29,6.92941176470588,5.625,4.5,5.86666666666667,6.625,17,12,2,9,20,911,558,353,86,272,639,6.34840834248079,6.87258064516129,5.51983002832861,5.8406976744186,6.00018382352941,6.49663536776213,30
"32",2010,5,6.40909090909091,33,6.52272727272727,6.18181818181818,5,6.71428571428571,6.32692307692308,22,11,2,7,26,944,580,364,88,279,665,6.35052966101695,6.85931034482759,5.53983516483517,5.82159090909091,6.01810035842294,6.49,31
"33",2010,6,6.06451612903226,31,6.60909090909091,4.73333333333333,3.5,5,6.22222222222222,22,9,2,4,27,975,602,373,90,283,692,6.3414358974359,6.85016611295681,5.52037533512065,5.77,6.00371024734982,6.47955202312139,32
"34",2010,7,6.48703703703704,27,7.02222222222222,5.41666666666667,5,6,6.57173913043478,18,9,2,4,23,1002,620,382,92,287,715,6.34535928143713,6.85516129032258,5.51793193717278,5.75326086956522,6.00365853658537,6.48251748251748,33
"35",2010,8,6.375,24,6.775,4.375,2,2.25,6.75,20,4,1,2,22,1026,640,386,93,289,737,6.34605263157895,6.85265625,5.50608808290156,5.71290322580645,5.97768166089965,6.49050203527815,34
"36",2010,9,6.57368421052632,19,6.71818181818182,6.375,NA,6.75,6.49230769230769,11,8,0,6,13,1045,651,394,93,295,750,6.35019138755981,6.85038402457757,5.52373096446701,5.71290322580645,5.99338983050847,6.49053333333333,35
"37",2010,10,6.43181818181818,22,7.34615384615385,5.11111111111111,5,5.875,6.75,13,9,2,8,14,1067,664,403,95,303,764,6.35187441424555,6.86009036144578,5.51451612903226,5.6978947368421,5.99026402640264,6.49528795811518,36
"38",2010,11,6.01612903225806,31,6.57142857142857,4.85,4.375,6.35714285714286,5.91666666666667,21,10,4,7,24,1098,685,413,99,310,788,6.34239526411657,6.85124087591241,5.49842615012107,5.64444444444444,5.99854838709677,6.47766497461929,37
"39",2010,12,5.74117647058824,34,6.645,4.45,4.21666666666667,4.9375,5.98846153846154,20,14,6,8,26,1132,705,427,105,318,814,6.32433745583039,6.84539007092199,5.46405152224825,5.56285714285714,5.97185534591195,6.46203931203931,38
"40",2011,1,5.95454545454545,44,6.36111111111111,4.125,3.33333333333333,5.53846153846154,6.12903225806452,36,8,3,13,31,1176,741,435,108,331,845,6.31050170068027,6.82186234817814,5.43942528735632,5.50092592592592,5.95483383685801,6.4498224852071,39
"41",2011,2,5.81428571428571,35,6.23913043478261,5,4.2,4.2,6.08333333333333,23,12,5,5,30,1211,764,447,113,336,875,6.29616019818332,6.80431937172775,5.42762863534676,5.44336283185841,5.92872023809524,6.43725714285714,40
"42",2011,3,6,35,6.33333333333333,5.27272727272727,6,4.25,6.2258064516129,24,11,2,4,31,1246,788,458,115,340,906,6.28784109149278,6.78997461928934,5.42390829694323,5.45304347826087,5.90897058823529,6.43002207505519,41
"43",2011,4,6.43461538461538,39,6.60769230769231,6.08846153846154,6.31666666666667,6.05,6.53387096774194,26,13,6,8,31,1285,814,471,121,348,937,6.29229571984436,6.78415233415233,5.44225053078557,5.49586776859504,5.91221264367816,6.43345784418356,42
"44",2011,5,5.79047619047619,21,6.73076923076923,4.2625,5.5,1,6.03,13,8,1,1,20,1306,827,479,122,349,957,6.28422664624808,6.78331318016929,5.42254697286013,5.49590163934426,5.89813753581662,6.42502612330199,43
"45",2011,6,5.80769230769231,26,6.21875,5.15,5.33333333333333,5.41666666666667,5.925,16,10,3,6,20,1332,843,489,125,355,977,6.27492492492492,6.77259786476868,5.41697341513293,5.492,5.89,6.41479017400205,44
"46",2011,7,6.36363636363636,22,6.76470588235294,5,5,5.33333333333333,6.52631578947368,17,5,1,3,19,1354,860,494,126,358,996,6.27636632200886,6.77244186046512,5.41275303643725,5.48809523809524,5.88533519553073,6.41691767068273,45
"47",2011,8,5.99305555555556,36,6.49038461538461,4.7,5.25,4.61111111111111,6.4537037037037,26,10,2,9,27,1390,886,504,128,367,1023,6.26902877697842,6.76416478555305,5.39861111111111,5.484375,5.85408719346049,6.41788856304985,46
"48",2011,9,6.04444444444444,27,6.5,5.13333333333333,3.5,5.75,6.246875,18,9,1,11,16,1417,904,513,129,378,1039,6.26474947071277,6.75890486725664,5.39395711500975,5.46899224806201,5.8510582010582,6.41525505293551,47
"49",2011,10,6.054125,24,6.54166666666667,5.56658333333333,5.62475,5.44433333333333,6.42,12,12,4,9,15,1441,916,525,133,387,1054,6.26124149895906,6.75605895196507,5.39790285714286,5.47367669172932,5.84159948320413,6.41532258064516,48
"50",2011,11,5.62162162162162,37,6.81578947368421,4.36111111111111,5.42857142857143,4.61111111111111,5.94642857142857,19,18,7,9,28,1478,935,543,140,396,1082,6.24522936400541,6.75727272727273,5.36353406998158,5.47142142857143,5.81363383838384,6.40318853974122,49
"51",2011,12,5.56578947368421,38,6.29166666666667,4.32142857142857,4.875,5.28571428571429,5.62903225806452,24,14,4,7,31,1516,959,557,144,403,1113,6.22819854881267,6.7456204379562,5.33734111310592,5.45485416666667,5.80446401985112,6.38162623539982,50
"52",2012,1,6.2468085106383,47,6.60294117647059,5.31538461538462,5.625,7.1,6.1452380952381,34,13,4,5,42,1563,993,570,148,408,1155,6.22875815738964,6.74073514602216,5.33684035087719,5.4594527027027,5.82034068627451,6.3730303030303,51
"53",2012,2,6.25714285714286,35,6.54583333333333,5.62727272727273,5,5.875,6.30645161290323,24,11,4,4,31,1598,1017,581,152,412,1186,6.22937984981227,6.73613569321534,5.34233907056799,5.44736184210526,5.8208713592233,6.37129005059022,52
"54",2012,3,6.39310344827586,29,6.36315789473684,6.45,7.66666666666667,5.4,6.6,19,10,3,5,24,1627,1036,591,155,417,1210,6.23229809465274,6.72929536679537,5.36108121827411,5.49031612903226,5.81582494004796,6.37582644628099,53
"55",2012,4,6.75,32,7.10714285714286,4.25,3,6.33333333333333,6.91304347826087,28,4,2,9,23,1659,1064,595,157,426,1233,6.24228390596745,6.73923872180451,5.35361176470588,5.4585923566879,5.82675821596244,6.38584752635848,54
"56",2012,5,6.33761904761905,42,6.69354838709677,5.33454545454545,NA,5.045,6.47368421052632,31,11,0,4,38,1701,1095,606,157,430,1271,6.2446378600823,6.73794520547945,5.35326567656766,5.4585923566879,5.81948604651163,6.38847364280094,55
"57",2012,6,5.92880952380952,42,6.8684,4.54705882352941,5.475,4.46,6.1272972972973,25,17,4,5,37,1743,1120,623,161,435,1308,6.23702753872633,6.74085714285714,5.33126645264847,5.459,5.80385977011494,6.38108562691131,56
"58",2012,7,5.83333333333333,36,6.43,4.47727272727273,5,5.77777777777778,5.85185185185185,25,11,3,9,27,1779,1145,634,164,444,1335,6.22885834738617,6.73406986899563,5.31644952681388,5.45060365853658,5.80333108108108,6.37038202247191,57
"59",2012,8,5.62903225806452,31,5.86842105263158,5.25,7.25,3.9,5.96153846153846,19,12,2,5,26,1810,1164,646,166,449,1361,6.21858508287293,6.71993986254296,5.31521517027864,5.47228313253012,5.78213585746102,6.3625716385011,58
"60",2012,9,6.16,25,6.77777777777778,4.57142857142857,4.83333333333333,2,6.52173913043478,18,7,3,2,23,1835,1182,653,169,451,1384,6.21778692098093,6.720820642978,5.30724196018377,5.46094082840237,5.76536363636364,6.36521676300578,59
"61",2012,10,5.93214285714286,28,6.20625,5.56666666666667,5.76,5.86,5.94782608695652,16,12,5,5,23,1863,1198,665,174,456,1407,6.21349382716049,6.71394824707847,5.31192330827068,5.46953448275862,5.76640131578947,6.35839374555792,60
"62",2012,11,5.88571428571429,35,6.525,5.03333333333333,5,5.1,6.2,20,15,4,10,25,1898,1218,680,178,466,1432,6.20744942044257,6.71084564860427,5.30577794117647,5.45898314606741,5.7521008583691,6.35562849162011,61
"63",2012,12,5.90909090909091,33,6.38,4.4375,3.5,6,5.9,25,8,2,3,30,1931,1243,688,180,469,1462,6.20235059554635,6.70419147224457,5.29568168604651,5.43721666666667,5.75368656716418,6.34627906976744,62
"64",2013,1,6.0695652173913,69,6.23703703703704,5.46666666666667,5.5,6.11111111111111,6.06333333333333,54,15,6,9,60,2000,1297,703,186,478,1522,6.1977695,6.68474171164225,5.29933001422475,5.43924193548387,5.76041631799163,6.33512483574244,63
"65",2013,2,6.1,42,6.52424242424242,4.54444444444444,5.13333333333333,4.21428571428571,6.47714285714286,33,9,3,7,35,2042,1330,712,189,485,1557,6.19575857002938,6.68075939849624,5.28978792134831,5.43438624338624,5.73810103092783,6.33831727681439,64
"66",2013,3,6.07222222222222,45,6.40625,5.25,5,5.125,6.27702702702703,32,13,5,8,37,2087,1362,725,194,493,1594,6.19309487302348,6.67430983847283,5.28907448275862,5.42319072164948,5.72815212981744,6.33689460476788,65
"67",2013,4,6.575,40,6.67741935483871,6.22222222222222,5.33333333333333,6.5,6.58333333333333,31,9,3,4,36,2127,1393,734,197,497,1630,6.20027691584391,6.67437903804738,5.30051634877384,5.42182233502538,5.73436418511066,6.34233742331288,66
"68",2013,5,6.15714285714286,35,6.44827586206897,4.75,NA,5.3,6.3,29,6,0,5,30,2162,1422,740,197,502,1660,6.19957863089732,6.66976793248945,5.2960527027027,5.42182233502538,5.73003784860558,6.34157228915663,67
"69",2013,6,6.17631578947368,38,6.56,5.43846153846154,5.3,2,6.28918918918919,25,13,4,1,37,2200,1447,753,201,503,1697,6.19917681818182,6.66787145818936,5.29851128818061,5.41939800995025,5.72262226640159,6.3404301708898,68
"70",2013,7,6.55755102040816,49,6.86368421052632,5.5,2,7.05,6.46146341463415,38,11,1,8,41,2249,1485,764,202,511,1738,6.20698488216985,6.67288215488215,5.30141230366492,5.4024702970297,5.74340313111546,6.34328538550058,69
"71",2013,8,6.43387096774194,62,6.59166666666667,5.89285714285714,6.33333333333333,6.06666666666667,6.55106382978723,48,14,3,15,47,2311,1533,778,205,526,1785,6.21307183037646,6.67033920417482,5.31205526992288,5.41609268292683,5.7526216730038,6.34875630252101,70
"72",2013,9,5.92682926829268,41,6.62121212121212,3.0625,4.25,5.35714285714286,6.04411764705882,33,8,2,7,34,2352,1566,786,207,533,1819,6.20808205782313,6.66930395913155,5.28915903307888,5.40482608695652,5.7474277673546,6.34306212204508,71
"73",2013,10,6.322,50,6.46129032258064,6.09473684210526,5.16666666666667,5.5,6.50243902439024,31,19,6,9,41,2402,1597,805,213,542,1860,6.21045337218984,6.66526612398247,5.30817267080745,5.39811737089202,5.74331918819188,6.3465752688172,72
"74",2013,11,5.8097619047619,42,6.1875,4.601,5.33333333333333,5.85714285714286,5.80028571428571,32,10,3,7,35,2444,1629,815,216,549,1895,6.20356751227496,6.65588090853284,5.29949570552147,5.39721759259259,5.74477049180328,6.33648548812665,73
"75",2013,12,6.20714285714286,56,6.19565217391304,6.26,6.4,5.375,6.27115384615385,46,10,5,4,52,2500,1675,825,221,553,1947,6.2036476,6.64324179104478,5.31113818181818,5.41990497737557,5.74209584086799,6.33474062660503,74
"76",2014,1,6.24788732394366,71,6.572,5.47619047619048,5.57142857142857,5.42222222222222,6.36774193548387,50,21,7,9,62,2571,1725,846,228,562,2009,6.20486931155193,6.6411768115942,5.31523522458629,5.42455701754386,5.73697330960854,6.33575908412145,75
"77",2014,2,5.70877192982456,57,5.9375,5.17058823529412,4.01666666666667,5.3,5.73148148148148,40,17,6,3,54,2628,1765,863,234,565,2063,6.19410920852359,6.62522946175637,5.31238586326767,5.38845726495726,5.73465309734513,6.31994183228308,76
"78",2014,3,6.07291666666667,48,6.53225806451613,5.23529411764706,5,5.3,6.2275,31,17,8,8,40,2676,1796,880,242,573,2103,6.19193535127055,6.62362472160356,5.31089659090909,5.37561570247934,5.72858464223386,6.31818354731336,77
"79",2014,4,6.17727272727273,55,6.79571428571429,5.095,5.1875,5.6875,6.26063829787234,35,20,8,8,47,2731,1831,900,250,581,2150,6.1916400585866,6.62691425450573,5.30609888888889,5.369596,5.72801893287435,6.31692558139535,78
"80",2014,5,6.27444444444444,45,6.38636363636364,5.96666666666667,5.875,5.24444444444444,6.53194444444444,33,12,4,9,36,2776,1864,912,254,590,2186,6.19298234870317,6.62265557939914,5.31479057017544,5.37755511811024,5.72064237288135,6.32046660567246,79
"81",2014,6,6.46060606060606,33,7.245,5.25384615384615,6.325,6.5,6.45185185185185,20,13,4,6,27,2809,1884,925,258,596,2213,6.19612637949448,6.62926220806794,5.31393405405405,5.39224418604651,5.72848825503356,6.32206958879349,80
"82",2014,7,5.87755102040816,49,6.60714285714286,4.90476190476191,4.85714285714286,6.16666666666667,5.83720930232558,28,21,7,6,43,2858,1912,946,265,602,2256,6.1906644506648,6.62893828451883,5.30485095137421,5.37810943396226,5.73285548172757,6.3128280141844,81
"83",2014,8,6.11481481481481,54,6.40952380952381,5.08333333333333,4.4,5.25454545454545,6.33488372093023,42,12,5,11,43,2912,1954,958,270,613,2299,6.18925789835165,6.62422210849539,5.30207620041754,5.3599962962963,5.72427243066884,6.31324053936494,82
"84",2014,9,5.97619047619048,42,6.39393939393939,4.44444444444444,3.5,5.58333333333333,6.04166666666667,33,9,4,6,36,2954,1987,967,274,619,2335,6.18622850372376,6.62039758429794,5.29409410548087,5.33284306569343,5.72290630048465,6.30905353319058,83
"85",2014,10,6,37,6.3695652173913,5.39285714285714,4.64285714285714,4.875,6.31034482758621,23,14,7,8,29,2991,2010,981,281,627,2364,6.18392477432297,6.61752736318408,5.29550356778797,5.31565480427046,5.71208771929824,6.30906937394247,84
"86",2014,11,6.14387755102041,49,6.35,4.66666666666667,4.83333333333333,5.29545454545455,6.38947368421053,43,6,3,11,38,3040,2053,987,284,638,2402,6.18327927631579,6.61192401363858,5.29168085106383,5.31055985915493,5.70490438871473,6.31034138218151,85
"87",2014,12,5.86046511627907,43,6.30769230769231,5.17647058823529,4,5.5,5.90789473684211,26,17,3,5,38,3083,2079,1004,287,643,2440,6.17877684073954,6.60811928811929,5.28973007968128,5.2968606271777,5.70331104199067,6.3040737704918,86
"88",2015,1,6.05584415584416,77,6.38833333333333,4.88235294117647,4.25,5.27272727272727,6.18636363636364,60,17,8,11,66,3160,2139,1021,295,654,2506,6.17578132911392,6.60195418419822,5.28294711067581,5.26847118644068,5.69606880733945,6.3009736632083,87
"89",2015,2,5.5648,50,6.06944444444444,4.26714285714286,3,4.22857142857143,5.78232558139535,36,14,3,7,43,3210,2175,1035,298,661,2549,6.16626448598131,6.59314022988506,5.26920676328502,5.24563422818792,5.68052798789713,6.29222440172617,88
"90",2015,3,5.81944444444444,36,6.34090909090909,5,6.33333333333333,6.5,5.8,22,14,3,1,35,3246,2197,1049,301,662,2584,6.16241805298829,6.59061447428311,5.26561391801716,5.25647508305648,5.68176586102719,6.28555727554179,89
"91",2015,4,5.92410714285714,56,6.0406976744186,5.53846153846154,5.5,4.83333333333333,6.13297872340426,43,13,2,9,47,3302,2240,1062,303,671,2631,6.15837643852211,6.58005803571429,5.2689538606403,5.25808250825082,5.67038599105812,6.28283162295705,90
"92",2015,5,6.04042553191489,47,6.19393939393939,5.67857142857143,5.41666666666667,5.4375,6.16410256410256,33,14,6,8,39,3349,2273,1076,309,679,2670,6.15672111077934,6.57445226572811,5.27428345724907,5.26116181229773,5.66764212076583,6.28109737827715,91
"93",2015,6,5.49473684210526,38,5.81818181818182,5.05,5.53,4.77272727272727,5.78888888888889,22,16,10,11,27,3387,2295,1092,319,690,2697,6.14929406554473,6.56720261437908,5.27099725274725,5.26958934169279,5.65337536231884,6.27616981831665,92
"94",2015,7,5.80666666666667,45,6.321875,4.53846153846154,4,4.75,5.90975609756098,32,13,3,4,41,3432,2327,1105,322,694,2738,6.14480157342657,6.56382896433176,5.26237918552036,5.25776086956522,5.64816858789625,6.27068298027757,93
"95",2015,8,5.63469387755102,49,5.91176470588235,5.00666666666667,5.14,4.75,5.67234042553191,34,15,5,2,47,3481,2361,1120,327,696,2785,6.13762108589486,6.55443879711986,5.25895446428571,5.25596024464832,5.64558764367816,6.26058527827648,94
"96",2015,9,5.53571428571429,42,6.03571428571429,4.53571428571429,4.125,3.41666666666667,5.88888888888889,28,14,4,6,36,3523,2389,1134,331,702,2821,6.13044535906897,6.54835914608623,5.25002557319224,5.24229305135952,5.62653703703704,6.25584190003545,95
"97",2015,10,5.78541666666667,48,6.20909090909091,4.85333333333333,4.5,5.325,5.93888888888889,33,15,6,12,36,3571,2422,1149,337,714,2857,6.12580761691403,6.54373658133774,5.24484682332463,5.22907715133531,5.62146918767507,6.25184809240462,96
"98",2015,11,5.44307692307692,65,6.02325581395349,4.30909090909091,4.725,5.25555555555556,5.47321428571429,43,22,8,9,56,3636,2465,1171,345,723,2913,6.11360258525853,6.53465720081136,5.22726643894108,5.2173884057971,5.61691424619641,6.23687950566426,97
"99",2015,12,5.85087719298246,57,6.09302325581395,5.10714285714286,5,4.90909090909091,6.07608695652174,43,14,1,11,46,3693,2508,1185,346,734,2959,6.10954752233956,6.52708532695375,5.22584725738397,5.21676011560694,5.60630653950954,6.23437985806015,98
"100",2016,1,5.57608695652174,69,6.195,3.94736842105263,4.21428571428571,3.85714285714286,5.77016129032258,50,19,7,7,62,3762,2558,1204,353,741,3021,6.09976315789474,6.52059421422987,5.2056719269103,5.19688101983003,5.58978272604588,6.22485269778219,99
"101",2016,2,5.9,42,6.27916666666667,5.39444444444444,5.14285714285714,5.25,5.96842105263158,24,18,7,4,38,3804,2582,1222,360,745,3059,6.09755757097792,6.518350116189,5.20845253682488,5.19583055555555,5.58795838926175,6.22166721150703,100
"102",2016,3,5.485,40,6.18620689655172,3.63636363636364,5.25,4.625,5.58055555555556,29,11,4,4,36,3844,2611,1233,364,749,3095,6.09118340270551,6.51466104940636,5.19442741281428,5.19642582417582,5.58281575433912,6.21421001615509,101
"103",2016,4,5.80490196078431,51,6.35142857142857,4.609375,4.5,5.35714285714286,5.87613636363636,35,16,5,7,44,3895,2646,1249,369,756,3139,6.08743491655969,6.51250188964475,5.18693274619696,5.1869891598916,5.58072619047619,6.20947116916215,102
"104",2016,5,5.886,50,6.42222222222222,4.50714285714286,4.44285714285714,5.14285714285714,6.00697674418605,36,14,7,7,43,3945,2682,1263,376,763,3182,6.08488187579214,6.51129008202834,5.17939746634996,5.17313563829787,5.57670904325033,6.20673475801383,103
"105",2016,6,5.43555555555556,45,6.22222222222222,4.25555555555556,4.44285714285714,5.38333333333333,5.45454545454545,27,18,7,12,33,3990,2709,1281,383,775,3215,6.07755864661654,6.50840900701366,5.16641608118657,5.15978851174934,5.57371483870968,6.19901399688958,104
"106",2016,7,5.77333333333333,45,6.38928571428571,4.75882352941176,4.33333333333333,5.41428571428571,5.83947368421053,28,17,3,7,38,4035,2737,1298,386,782,3253,6.0741657992565,6.50719035440263,5.16107781201849,5.15336528497409,5.57228772378517,6.19481401782969,105
"107",2016,8,5.97578125,64,6.27788461538462,4.66666666666667,4.5,5.57142857142857,6.02543859649123,52,12,4,7,57,4099,2789,1310,390,789,3310,6.07262966577214,6.50291502330585,5.15654885496183,5.1466641025641,5.57228010139417,6.19189728096677,106
"108",2016,9,5.69052631578947,38,6.12461538461538,4.75,4.625,6.3,5.59818181818182,26,12,4,5,33,4137,2815,1322,394,794,3343,6.06911989364274,6.49942095914743,5.15285854765507,5.14136802030457,5.57686272040302,6.18603649416692,107
"109",2016,10,5.67,50,6.22222222222222,4.25,5.25,4.9375,5.80952380952381,36,14,6,8,42,4187,2851,1336,400,802,3385,6.06435371387628,6.49592072956857,5.14339745508982,5.1429975,5.57048503740648,6.18136484490399,108
"110",2016,11,5.81372549019608,51,6.11538461538461,4.83333333333333,4.5,5.2,5.96341463414634,39,12,4,10,41,4238,2890,1348,404,812,3426,6.06133765927324,6.49078546712803,5.14063724035608,5.13663118811881,5.5659224137931,6.17875656742557,109
"111",2016,12,6.27586206896552,29,6.43181818181818,5.78571428571429,7.5,5.125,6.46,22,7,1,4,25,4267,2912,1355,405,816,3451,6.06279564096555,6.49033997252747,5.14396974169742,5.14246666666666,5.56376102941176,6.18079397276152,110
"112",2017,1,5.63768115942029,69,6.08333333333333,4.61904761904762,5,6.07142857142857,5.58870967741935,48,21,8,7,62,4336,2960,1376,413,823,3513,6.05603067343173,6.48373986486487,5.13595857558139,5.13970702179176,5.56807897934386,6.17034443495588,111
"113",2017,2,6.10438596491228,57,6.53295454545455,4.65384615384615,5.5,5.625,6.14056603773585,44,13,5,4,53,4393,3004,1389,418,827,3566,6.05665809241976,6.48446071904128,5.13144636429086,5.14401674641148,5.56835429262394,6.16990185081324,112
"114",2017,3,6.38090909090909,44,6.536,5.77777777777778,6.33333333333333,4.33333333333333,6.70421052631579,35,9,3,6,38,4437,3039,1398,421,833,3604,6.05987356321839,6.48505429417572,5.13560729613734,5.1524916864608,5.55945858343337,6.17553551609323,113
"115",2017,4,5.52222222222222,45,6,4.20833333333333,4.3,4.3125,5.78378378378378,33,12,5,8,37,4482,3072,1410,426,841,3641,6.05447545738509,6.47984375,5.12771560283688,5.14248591549295,5.54759690844233,6.17155451798956,114
"116",2017,5,5.93636363636364,33,5.89666666666667,6.33333333333333,6,6.5,5.85862068965517,30,3,2,4,29,4515,3102,1413,428,845,3670,6.05361218161683,6.47420373952289,5.13027530077848,5.1464929906542,5.55210532544379,6.16908174386921,115
"117",2017,6,6.22727272727273,44,6.55,5.53571428571429,5.21428571428571,5.875,6.2625,30,14,7,4,40,4559,3132,1427,435,849,3710,6.05528822110112,6.47492975734355,5.1342529782761,5.14758390804597,5.55362661955242,6.17008894878706,116
"118",2017,7,6.11818181818182,55,6.28048780487805,5.64285714285714,6,8.16666666666667,6,41,14,4,3,52,4614,3173,1441,439,852,3762,6.05603792804508,6.47241727072172,5.13919430950729,5.15535079726651,5.56282746478873,6.16773790536948,117
"119",2017,8,5.48604651162791,43,6,3.99090909090909,5,4,5.68157894736842,32,11,5,5,38,4657,3205,1452,444,857,3800,6.05077496242216,6.46770046801872,5.13049517906336,5.15360135135135,5.55370945157526,6.16287631578947,118
"120",2017,9,5.90571428571429,35,6.308,4.9,5,6.14,5.86666666666667,25,10,3,5,30,4692,3230,1462,447,862,3830,6.04969288150043,6.46646439628483,5.12891860465116,5.15257046979865,5.55711020881671,6.16055613577023,119
"121",2017,10,5.56388888888889,36,5.844,4.92727272727273,4.85555555555556,4.925,5.64375,25,11,9,4,32,4728,3255,1473,456,866,3862,6.04599386632826,6.46168356374808,5.12741276306857,5.14670833333333,5.55419053117783,6.15627395132056,120
"122",2017,11,5.92888888888889,45,6.34705882352941,4.63636363636364,4.5,4.83333333333333,6.0974358974359,34,11,6,6,39,4773,3289,1484,462,872,3901,6.04488979677352,6.46049863180298,5.12377291105121,5.13830952380952,5.54923050458716,6.15568572160984,121
"123",2017,12,5.94772727272727,44,6.34324324324324,3.85714285714286,4.33333333333333,7,5.8425,37,7,3,4,40,4817,3326,1491,465,876,3941,6.04400228357899,6.45919422730006,5.11782629107981,5.13311612903225,5.55585502283105,6.15250697792438,122
"124",2018,1,5.86470588235294,51,6.30263157894737,4.58461538461538,4.33333333333333,5.6,5.92926829268293,38,13,6,10,41,4868,3364,1504,471,886,3982,6.04212387017255,6.45742568370987,5.11321742021276,5.12292781316348,5.5563532731377,6.15020843797087,123
"125",2018,2,6.00666666666667,30,6.86111111111111,4.725,3.95,5.875,6.02692307692308,18,12,6,4,26,4898,3382,1516,477,890,4008,6.04190669661086,6.45957421643998,5.1101444591029,5.10817400419287,5.55778539325843,6.14940868263473,124
"126",2018,3,5.5575,36,5.95307692307692,4.529,4.75,5.75,5.5334375,26,10,4,4,32,4934,3408,1526,481,894,4040,6.03837231455209,6.45571009389671,5.10633617300131,5.10519542619542,5.55864541387025,6.1445297029703,125
"127",2018,4,5.18888888888889,45,5.5,4.625,4.5,5,5.20238095238095,29,16,6,3,42,4979,3437,1542,487,897,4082,6.03069471781482,6.44764620308409,5.10134176394293,5.09773921971252,5.55677703455964,6.13483586477217,126
"128",2018,5,5.63461538461539,26,6,4.8125,4.5,NA,5.63461538461539,18,8,2,0,26,5005,3455,1550,489,897,4108,6.02863716283716,6.44531403762663,5.09985096774193,5.0952944785276,5.55677703455964,6.13166991236611,127
"129",2018,6,5.609375,32,6.06818181818182,4.6,5.66666666666667,4,5.98076923076923,22,10,6,6,26,5037,3477,1560,495,903,4134,6.02597359539408,6.44292781133161,5.09664679487179,5.1022202020202,5.54643300110742,6.13072085147557,128
"130",2018,7,5.94933333333333,30,6.28,5.17777777777778,5.5,6.44,5.8512,21,9,2,5,25,5067,3498,1569,497,908,4159,6.02551983422143,6.44194968553459,5.09711217335883,5.10382092555332,5.55135352422908,6.12904063476797,129
"131",2018,8,5.81933333333333,30,6.2325,4.16666666666667,3.5,2,5.95103448275862,24,6,2,1,29,5097,3522,1575,499,909,4188,6.02430625858348,6.44052243043725,5.09356761904762,5.09739278557114,5.54744664466447,6.12780802292264,130
"132",2018,9,6.27382352941176,34,6.49208333333333,5.75,6.4,7.3,6.2096875,24,10,5,2,32,5131,3546,1585,504,911,4220,6.02595965698694,6.44087140439932,5.09770914826498,5.11031547619047,5.55129418221734,6.12842890995261,131
"133",2018,10,6.10869565217391,46,6.51515151515152,5.07692307692308,4.5,5.6,6.17073170731707,33,13,2,5,41,5177,3579,1598,506,916,4261,6.02669480394051,6.44155630064264,5.09754005006258,5.10790316205533,5.55156004366812,6.12883595400141,132
"134",2018,11,6.12173913043478,23,6.525,5.2,5.13333333333333,6.5,6.08571428571429,16,7,3,2,21,5200,3595,1605,509,918,4282,6.02711519230769,6.44192767732963,5.09798691588785,5.10805304518664,5.55362636165577,6.12862447454461,133
"135",2018,12,5.66666666666667,27,6.02380952380952,4.41666666666667,5.5,6,5.625,21,6,2,3,24,5227,3616,1611,511,921,4306,6.02525330017218,6.43949944690266,5.09544941030416,5.10958708414872,5.55508034744843,6.12581746400372,134
"136",2019,1,5.53333333333333,45,6.03030303030303,4.16666666666667,4.33333333333333,5.41666666666667,5.55128205128205,33,12,6,6,39,5272,3649,1623,517,927,4345,6.02105443854325,6.43579884899973,5.08858225508318,5.10057833655706,5.55418446601942,6.12066052934407,135
"137",2019,2,5.37521739130435,23,6.36642857142857,3.83333333333333,3.5,5.226,5.41666666666667,14,9,2,5,18,5295,3663,1632,519,932,4363,6.01824910292729,6.43553371553372,5.08165992647059,5.09441040462427,5.55242381974249,6.11775613110245,136
"138",2019,3,5.77846153846154,26,6.37857142857143,5.07833333333333,5.15666666666667,5.33333333333333,5.83652173913043,14,12,6,3,23,5321,3677,1644,525,935,4386,6.01707742905469,6.43531683437585,5.08163564476885,5.0951219047619,5.55172085561497,6.1162813497492,137
"139",2019,4,6.45416666666667,24,6.99444444444444,4.83333333333333,6,5.66666666666667,6.56666666666667,18,6,1,3,21,5345,3695,1650,526,938,4407,6.01904003741815,6.43804059539919,5.08073272727273,5.09684220532319,5.55208848614073,6.11842750170184,138
"140",2019,5,5.67391304347826,23,6.13157894736842,3.5,4,6.5,5.59523809523809,19,4,1,2,21,5368,3714,1654,527,940,4428,6.01756128912072,6.43647280560043,5.07690991535671,5.09476091081594,5.55410531914894,6.11594625112918,139
"141",2019,6,5.57142857142857,28,6.175,4.0625,3.125,6,5.55555555555556,20,8,4,1,27,5396,3734,1662,531,941,4455,6.01524629355078,6.43507230851634,5.07202707581227,5.07992278719397,5.55457917109458,6.11254994388328,140
"142",2019,7,6.01666666666667,30,6.625,3.58333333333333,3.16666666666667,2.83333333333333,6.37037037037037,24,6,3,3,27,5426,3758,1668,534,944,4482,6.01525414670107,6.43628525811602,5.06667206235012,5.06917415730337,5.5459311440678,6.1141030789826,141
"143",2019,8,5.58367827586207,29,6.09174619047619,4.25,4.83333333333333,5,5.6269137037037,21,8,3,2,27,5455,3779,1676,537,946,4509,6.0129597928506,6.43437064567346,5.06277386634845,5.06785661080074,5.54477695560254,6.11118577733422,142
"144",2019,9,4.97689655172414,29,5.32789473684211,4.31,4,3.75,5.1732,19,10,5,4,25,5484,3798,1686,542,950,4534,6.00748097556528,6.42883535281727,5.05830901542111,5.05800553505535,5.53722,6.10601382223203,143
"145",2019,10,6.20444444444444,27,6.751,4.64285714285714,4.125,7,6.17384615384615,20,7,4,1,26,5511,3818,1693,546,951,4560,6.00844595717656,6.43052296228392,5.05659125812168,5.05117032967033,5.53875814931651,6.10640058552632,144
"146",2019,11,5.89,20,5.95882352941176,5.5,6,5.6,5.98666666666667,17,3,1,5,15,5531,3835,1696,547,956,4575,6.00801765865124,6.42843198696219,5.05737558962264,5.05290493601462,5.53907845188285,6.10600801530055,145
"147",2019,12,5.756,25,6.27222222222222,4.42857142857143,2.5,3.5,6.18571428571429,18,7,2,4,21,5556,3853,1703,549,960,4596,6.00688366990641,6.42770222424085,5.05479095713447,5.04360473588342,5.53058229166667,6.10637220844212,146
"148",2020,1,6.40425531914894,47,6.45238095238095,6,NA,6.3,6.41666666666667,42,5,0,5,42,5603,3895,1708,549,965,4638,6.01021696769588,6.42796833632863,5.05755796252927,5.04360473588342,5.5345689119171,6.10918211944804,147
"149",2020,2,6.15346738095238,42,6.67053896551724,5,4,7.65,5.95123324324324,29,13,6,5,37,5645,3924,1721,555,970,4675,6.01128278122232,6.42976103465851,5.05712318419523,5.03232252252252,5.54547319587629,6.10793204278075,148
"150",2020,3,5.69565217391304,23,6.09375,4.78571428571429,5.33333333333333,4.83333333333333,5.825,16,7,3,3,20,5668,3940,1728,558,973,4695,6.01000199364856,6.42839652284264,5.05602372685185,5.03394086021505,5.54327749229188,6.10672679446219,149
"151",2020,4,5.355,20,5.85,3.375,3,2,5.53157894736842,16,4,3,1,19,5688,3956,1732,561,974,4714,6.00769889240506,6.42605720424672,5.05214145496536,5.02306417112299,5.53963963039014,6.1044086338566,150
"152",2020,5,5.31818181818182,22,5.85714285714286,4.375,5,4,5.45,14,8,4,2,20,5710,3970,1740,565,976,4734,6.0050422591944,6.42405095717884,5.04902816091954,5.02290088495575,5.53648463114754,6.10164391634981,151
"153",2020,6,5.625,28,5.97619047619048,4.57142857142857,4.33333333333333,4.875,5.75,21,7,3,4,24,5738,3991,1747,568,980,4758,6.00318774834437,6.42169438737159,5.04711448196909,5.0192588028169,5.53378469387755,6.09987017654477,152
"154",2020,7,6.0146665,20,6.455833125,4.25,4,4,6.12070157894737,16,4,2,1,19,5758,4007,1751,570,981,4777,6.00322761896492,6.42183070376841,5.04529354654483,5.01568245614035,5.53222120285423,6.09995303119112,153
"155",2020,8,6.031,30,6.66333333333333,4.55555555555556,4,5,6.2372,21,9,2,5,25,5788,4028,1760,572,986,4802,6.00337156703525,6.42308977904668,5.04278920454545,5.01213111888112,5.52952231237323,6.10066756143274,154
"156",2020,9,5.75,22,5.93333333333333,5.35714285714286,3.25,5.25,5.86111111111111,15,7,2,4,18,5810,4043,1767,574,990,4820,6.00241215662651,6.42127272569874,5.04403452178834,5.0059912891986,5.52839292929293,6.09977295228216,155
"157",2020,10,5.48387096774194,31,5.9,4.72727272727273,5,5.5,5.48,20,11,2,6,25,5841,4063,1778,576,996,4845,5.99966009758603,6.41870677578144,5.0420748031496,5.00597048611111,5.5282218875502,6.0965749494324,156
"158",2020,11,6.24,25,6.63157894736842,5,5,5.33333333333333,6.36363636363636,19,6,4,3,22,5866,4082,1784,580,999,4867,6.00068438970338,6.41969760656541,5.04193329596412,5.00592931034482,5.52763663663664,6.09778213067598,157
"159",2020,12,5.79,30,5.7695652173913,5.85714285714286,4.66666666666667,6,5.775,23,7,3,2,28,5896,4105,1791,583,1001,4895,5.99961238636364,6.41605496467723,5.04511948632049,5.00418353344768,5.52858041958042,6.0959357773238,158
"160",2021,1,5.29473684210526,38,5.51851851851852,4.74545454545455,4.66666666666667,5.33333333333333,5.29142857142857,27,11,3,3,35,5934,4132,1802,586,1004,4930,5.99509852207617,6.41019013310746,5.04329023307436,5.00245563139931,5.52799701195219,6.09022426572008,159
"161",2021,2,5.70967741935484,31,6.26315789473684,4.83333333333333,5,5.4,5.76923076923077,19,12,3,5,26,5965,4151,1814,589,1009,4956,5.99361519362951,6.40951713562997,5.041901323043,5.00244312393888,5.52736273538157,6.08854028046812,160
"162",2021,3,5.525,20,6,4.94444444444444,5.125,5.33333333333333,5.55882352941176,11,9,4,3,17,5985,4162,1823,593,1012,4973,5.99204922807018,6.40843479817396,5.04142018650576,5.00326981450253,5.52678754940712,6.0867294651116,161
"163",2021,4,5.375,16,5.33333333333333,5.5,5,6,5.33333333333333,12,4,1,1,15,6001,4174,1827,594,1013,4988,5.99040403766039,6.4053439458553,5.04242419266557,5.00326430976431,5.52725468904245,6.08446383921411,162
"164",2021,5,5.75416666666667,24,5.85882352941176,5.5,5,6.33333333333333,5.67142857142857,17,7,2,3,21,6025,4191,1834,596,1016,5009,5.98946300912863,6.40312708900024,5.04417066521265,5.00325335570469,5.52963484251969,6.08273220802555,163
"165",2021,6,6.39583333333333,24,6.71875,5.75,5.5,6.8,6.28947368421053,16,8,4,5,19,6049,4207,1842,600,1021,5028,5.99107532319392,6.4043274613739,5.04723615635179,5.006565,5.53585602350637,6.08351345067621,164
"166",2021,7,5.75,26,6.05263157894737,4.92857142857143,5.25,5,5.78,19,7,2,1,25,6075,4226,1849,602,1022,5053,5.99004356049383,6.40274624467582,5.04678691184424,5.00737375415282,5.53533170254403,6.08201180091035,165
"167",2021,8,5.82380952380952,21,7.40909090909091,4.08,5.375,6.9,5.4875,11,10,4,5,16,6096,4237,1859,606,1027,5069,5.98947090387139,6.40535889308473,5.04158633674018,5.009800330033,5.54197565725414,6.08013525942,166
"168",2021,9,6.52380952380952,21,6.93333333333333,5.5,5,6,6.64705882352941,15,6,3,4,17,6117,4252,1865,609,1031,5086,5.99130531796632,6.40722145578551,5.04306112600536,5.00975205254515,5.54375266731329,6.08203020644907,167
"169",2021,10,5.75,24,6.73333333333333,4.11111111111111,2,4,5.90909090909091,15,9,2,2,22,6141,4267,1874,611,1033,5108,5.99036225858981,6.40836785329271,5.03858537886873,4.99990016366612,5.54076379477251,6.08128536217697,168
"170",2021,11,5.81142857142857,35,6.13928571428571,4.5,4.5,6.14285714285714,5.72857142857143,28,7,2,7,28,6176,4295,1881,613,1040,5136,5.98934822376943,6.4066136507567,5.03658107389686,4.9982691680261,5.54481634615385,6.07936246690031,169
"171",2021,12,5.95591387096774,31,6.52753608695652,4.3125,4.5,6,5.94743576923077,23,8,2,5,26,6207,4318,1889,615,1045,5162,5.98918124053488,6.40725774895785,5.03351455796718,4.9966487804878,5.54699425837321,6.07869797752809,170
"172",2022,1,5.74167810344828,58,6.218074,4.09261538461538,2.6,5.7,5.74561,45,13,5,5,53,6265,4363,1902,620,1050,5215,5.98688991061453,6.40530650699061,5.02708359621451,4.97732096774193,5.54772285714286,6.07531280728667,171
"173",2022,2,5.65625,16,5.54166666666667,6,6,4.5,5.73333333333333,12,4,2,1,15,6281,4375,1906,622,1051,5230,5.98604765005572,6.40293766628572,5.02912539349423,4.98060932475884,5.54672597526166,6.07433198661568,172
"174",2022,3,5.7304347826087,23,5.6,6.6,5.8,5.33333333333333,5.79,20,3,1,3,20,6304,4395,1909,623,1054,5250,5.98511505234772,6.39928379749716,5.03159402828706,4.98192455858748,5.54611859582543,6.07324881714286,173
"175",2022,4,6.33125,16,6.70909090909091,5.5,4.5,6.6,6.26923076923077,11,5,3,3,13,6320,4406,1914,626,1057,5263,5.98599134335443,6.40005726055379,5.03281765935214,4.97961501597444,5.54910974456008,6.07373290708721,174
"176",2022,5,6.19506185185185,27,6.6633335,4.85714285714286,4.66666666666667,5.66666666666667,6.26111125,20,7,3,3,24,6347,4426,1921,629,1060,5287,5.98688072475185,6.40124694080434,5.03217751171265,4.97812241653418,5.54944245283019,6.07458349914886,175
"177",2022,6,5.46666666666667,15,5.97142857142857,5.025,4.75,6,5.42857142857143,7,8,4,1,14,6362,4433,1929,633,1061,5301,5.98565419050613,6.40056822919017,5.03214774494557,4.97668088467614,5.5498671065033,6.07287737408036,176
"178",2022,7,5.72222222222222,18,6.41666666666667,4.33333333333333,NA,5.83333333333333,5.7,12,6,0,3,15,6380,4445,1935,633,1064,5316,5.98491096551724,6.40061168953881,5.02998087855297,4.97668088467614,5.55066635338346,6.07182523702032,177
"179",2022,8,6.075,20,6.67857142857143,4.66666666666667,4.5,6.33333333333333,6.02941176470588,14,6,2,3,17,6400,4459,1941,635,1067,5333,5.98519249375,6.40148440457502,5.02885780525502,4.97517952755905,5.55286691658857,6.07169003562723,178
"180",2022,9,6.07357142857143,14,6.50333333333333,5.3,4.25,5,6.15615384615385,9,5,2,1,13,6414,4468,1946,637,1068,5346,5.985385400686,6.40168956132498,5.02955447070915,4.97290266875981,5.55234925093633,6.07189542835765,179
"181",2022,10,5.79411764705882,17,6.34615384615385,4,4,NA,5.79411764705882,13,4,1,0,17,6431,4481,1950,638,1068,5363,5.98487979474421,6.40152844454363,5.02744256410256,4.9713777429467,5.55234925093633,6.07101490956554,180
"182",2022,11,5.91052631578947,19,6.01875,5.33333333333333,5,NA,5.91052631578947,16,3,2,0,19,6450,4497,1953,640,1068,5382,5.98466076899225,6.40016654658661,5.02791244239631,4.9714671875,5.55234925093633,6.07044833890747,181
"183",2022,12,5.64444444444444,18,6.09166666666667,4.75,4.5,5,5.68235294117647,12,6,2,1,17,6468,4509,1959,642,1069,5399,5.9837139703154,6.39934552228876,5.02706125574272,4.9699984423676,5.55183255378859,6.069226330802,182
