"","year","month","avg_rating","no_ratings","avg_rating_owned","avg_rating_not_owned","avg_rating_prev_owned","avg_rating_comment","avg_rating_no_comment","no_ratings_owned","no_ratings_not_owned","no_ratings_prev_owned","no_ratings_comment","no_ratings_no_comment","cum_no_ratings","cum_no_ratings_owned","cum_no_ratings_not_owned","cum_no_ratings_prev_owned","cum_no_ratings_comment","cum_no_ratings_no_comment","cum_avg_rating","cum_avg_rating_owned","cum_avg_rating_not_owned","cum_avg_rating_prev_owned","cum_avg_rating_comment","cum_avg_rating_no_comment","month_after_release"
"1",2002,2,9,1,9,NA,NA,NA,9,1,0,0,0,1,1,1,0,0,0,1,9,9,NA,NA,NA,9,0
"2",2002,3,10,1,10,NA,NA,NA,10,1,0,0,0,1,2,2,0,0,0,2,9.5,9.5,NA,NA,NA,9.5,1
"3",2002,6,9,2,9,9,NA,NA,9,1,1,0,0,2,4,3,1,0,0,4,9.25,9.33333333333333,9,NA,NA,9.25,4
"4",2003,1,5,1,NA,5,NA,NA,5,0,1,0,0,1,5,3,2,0,0,5,8.4,9.33333333333333,7,NA,NA,8.4,11
"5",2003,3,6.5,2,6,7,NA,NA,6.5,1,1,0,0,2,7,4,3,0,0,7,7.85714285714286,8.5,7,NA,NA,7.85714285714286,13
"6",2003,4,6,1,6,NA,NA,6,NA,1,0,0,1,0,8,5,3,0,1,7,7.625,8,7,NA,6,7.85714285714286,14
"7",2003,5,7,1,7,NA,NA,NA,7,1,0,0,0,1,9,6,3,0,1,8,7.55555555555556,7.83333333333333,7,NA,6,7.75,15
"8",2003,7,5.5,4,7,5,NA,7,5,1,3,0,1,3,13,7,6,0,2,11,6.92307692307692,7.71428571428571,6,NA,6.5,7,17
"9",2003,8,4,1,NA,4,NA,NA,4,0,1,0,0,1,14,7,7,0,2,12,6.71428571428571,7.71428571428571,5.71428571428571,NA,6.5,6.75,18
"10",2003,9,5,1,NA,5,5,NA,5,0,1,1,0,1,15,7,8,1,2,13,6.6,7.71428571428571,5.625,5,6.5,6.61538461538461,19
"11",2003,10,5.5,2,5.5,NA,NA,3,8,2,0,0,1,1,17,9,8,1,3,14,6.47058823529412,7.22222222222222,5.625,5,5.33333333333333,6.71428571428571,20
"12",2003,11,8,1,NA,8,NA,8,NA,0,1,0,1,0,18,9,9,1,4,14,6.55555555555556,7.22222222222222,5.88888888888889,5,6,6.71428571428571,21
"13",2003,12,5.6,5,5.5,5.66666666666667,NA,5,5.75,2,3,0,1,4,23,11,12,1,5,18,6.34782608695652,6.90909090909091,5.83333333333333,5,5.8,6.5,22
"14",2004,1,6,2,6,NA,NA,6,6,2,0,0,1,1,25,13,12,1,6,19,6.32,6.76923076923077,5.83333333333333,5,5.83333333333333,6.47368421052632,23
"15",2004,2,4.75,4,4.66666666666667,5,NA,NA,4.75,3,1,0,0,4,29,16,13,1,6,23,6.10344827586207,6.375,5.76923076923077,5,5.83333333333333,6.17391304347826,24
"16",2004,3,6,1,6,NA,NA,6,NA,1,0,0,1,0,30,17,13,1,7,23,6.1,6.35294117647059,5.76923076923077,5,5.85714285714286,6.17391304347826,25
"17",2004,4,5.33333333333333,3,6,4,NA,NA,5.33333333333333,2,1,0,0,3,33,19,14,1,7,26,6.03030303030303,6.31578947368421,5.64285714285714,5,5.85714285714286,6.07692307692308,26
"18",2004,5,5.5,2,6,5,5,6,5,1,1,1,1,1,35,20,15,2,8,27,6,6.3,5.6,5,5.875,6.03703703703704,27
"19",2004,6,4,2,NA,4,5,NA,4,0,2,1,0,2,37,20,17,3,8,29,5.89189189189189,6.3,5.41176470588235,5,5.875,5.89655172413793,28
"20",2004,7,6.16666666666667,6,6.25,6,NA,6,6.33333333333333,4,2,0,3,3,43,24,19,3,11,32,5.93023255813953,6.29166666666667,5.47368421052632,5,5.90909090909091,5.9375,29
"21",2004,8,6,1,6,NA,NA,6,NA,1,0,0,1,0,44,25,19,3,12,32,5.93181818181818,6.28,5.47368421052632,5,5.91666666666667,5.9375,30
"22",2004,9,4,1,4,NA,NA,4,NA,1,0,0,1,0,45,26,19,3,13,32,5.88888888888889,6.19230769230769,5.47368421052632,5,5.76923076923077,5.9375,31
"23",2004,10,7.5,4,7.5,NA,NA,9,7,4,0,0,1,3,49,30,19,3,14,35,6.02040816326531,6.36666666666667,5.47368421052632,5,6,6.02857142857143,32
"24",2004,11,5.7,5,6.375,3,NA,NA,5.7,4,1,0,0,5,54,34,20,3,14,40,5.99074074074074,6.36764705882353,5.35,5,6,5.9875,33
"25",2004,12,4.5,2,6,3,NA,NA,4.5,1,1,0,0,2,56,35,21,3,14,42,5.9375,6.35714285714286,5.23809523809524,5,6,5.91666666666667,34
"26",2005,1,5.55,2,6.6,4.5,NA,6.6,4.5,1,1,0,1,1,58,36,22,3,15,43,5.92413793103448,6.36388888888889,5.20454545454545,5,6.04,5.88372093023256,35
"27",2005,2,3,1,NA,3,NA,NA,3,0,1,0,0,1,59,36,23,3,15,44,5.87457627118644,6.36388888888889,5.10869565217391,5,6.04,5.81818181818182,36
"28",2005,3,6,3,6,NA,NA,7,5.5,3,0,0,1,2,62,39,23,3,16,46,5.88064516129032,6.33589743589744,5.10869565217391,5,6.1,5.80434782608696,37
"29",2005,4,8.5,2,8.5,NA,NA,10,7,2,0,0,1,1,64,41,23,3,17,47,5.9625,6.44146341463415,5.10869565217391,5,6.32941176470588,5.82978723404255,38
"30",2005,5,6.5,2,6.5,NA,NA,NA,6.5,2,0,0,0,2,66,43,23,3,17,49,5.97878787878788,6.44418604651163,5.10869565217391,5,6.32941176470588,5.85714285714286,39
"31",2005,7,7,1,7,NA,NA,7,NA,1,0,0,1,0,67,44,23,3,18,49,5.99402985074627,6.45681818181818,5.10869565217391,5,6.36666666666667,5.85714285714286,41
"32",2005,8,5.7,5,6.16666666666667,5,NA,6,5.5,3,2,0,2,3,72,47,25,3,20,52,5.97361111111111,6.43829787234043,5.1,5,6.33,5.83653846153846,42
"33",2005,9,5.6,5,4,6.66666666666667,NA,6.66666666666667,4,2,3,0,3,2,77,49,28,3,23,54,5.94935064935065,6.33877551020408,5.26785714285714,5,6.37391304347826,5.76851851851852,43
"34",2005,10,7.5,2,7.5,NA,NA,7,8,2,0,0,1,1,79,51,28,3,24,55,5.98860759493671,6.3843137254902,5.26785714285714,5,6.4,5.80909090909091,44
"35",2005,11,6.5,3,6.75,6,NA,NA,6.5,2,1,0,0,3,82,53,29,3,24,58,6.00731707317073,6.39811320754717,5.29310344827586,5,6.4,5.8448275862069,45
"36",2005,12,6.53571428571429,7,6.375,6.75,NA,6.4375,6.66666666666667,4,3,0,4,3,89,57,32,3,28,61,6.04887640449438,6.39649122807018,5.4296875,5,6.40535714285714,5.88524590163934,46
"37",2006,1,7,3,7,NA,NA,7,7,3,0,0,2,1,92,60,32,3,30,62,6.07989130434783,6.42666666666667,5.4296875,5,6.445,5.90322580645161,47
"38",2006,3,6.27777777777778,9,6.91666666666667,5,6,6.9,5.5,6,3,1,5,4,101,66,35,4,35,66,6.09752475247525,6.47121212121212,5.39285714285714,5.25,6.51,5.87878787878788,49
"39",2006,4,7,1,NA,7,NA,7,NA,0,1,0,1,0,102,66,36,4,36,66,6.10637254901961,6.47121212121212,5.4375,5.25,6.52361111111111,5.87878787878788,50
"40",2006,5,6.4,5,6.33333333333333,6.5,NA,6.5,6.33333333333333,3,2,0,2,3,107,69,38,4,38,69,6.12009345794393,6.46521739130435,5.49342105263158,5.25,6.52236842105263,5.89855072463768,51
"41",2006,6,6.25,2,6.5,6,NA,6,6.5,1,1,0,1,1,109,70,39,4,39,70,6.12247706422018,6.46571428571429,5.50641025641026,5.25,6.50897435897436,5.90714285714286,52
"42",2006,7,4.9,5,6,3.25,NA,5,4.875,3,2,0,1,4,114,73,41,4,40,74,6.06885964912281,6.44657534246575,5.39634146341463,5.25,6.47125,5.85135135135135,53
"43",2006,8,5.96666666666667,3,5.9,6,NA,5.96666666666667,NA,1,2,0,3,0,117,74,43,4,43,74,6.06623931623932,6.43918918918919,5.42441860465116,5.25,6.43604651162791,5.85135135135135,54
"44",2006,9,4.5,4,NA,4.5,5,5.5,3.5,0,4,1,2,2,121,74,47,5,45,76,6.01446280991736,6.43918918918919,5.34574468085106,5.2,6.39444444444444,5.78947368421053,55
"45",2006,10,5.88888888888889,9,6.66666666666667,5.5,NA,6,5.83333333333333,3,6,0,3,6,130,77,53,5,48,82,6.00576923076923,6.44805194805195,5.36320754716981,5.2,6.36979166666667,5.79268292682927,56
"46",2006,11,6.33333333333333,3,6,7,NA,NA,6.33333333333333,2,1,0,0,3,133,79,54,5,48,85,6.01315789473684,6.43670886075949,5.39351851851852,5.2,6.36979166666667,5.81176470588235,57
"47",2006,12,6.14285714285714,7,6.4,5.5,5,6,6.16666666666667,5,2,1,1,6,140,84,56,6,49,91,6.01964285714286,6.43452380952381,5.39732142857143,5.16666666666667,6.36224489795918,5.83516483516484,58
"48",2007,1,6.6,5,7.66666666666667,5,NA,5,7.66666666666667,3,2,0,2,3,145,87,58,6,51,94,6.03965517241379,6.47701149425287,5.38362068965517,5.16666666666667,6.30882352941176,5.8936170212766,59
"49",2007,2,6.5,4,6.66666666666667,6,NA,8,6,3,1,0,1,3,149,90,59,6,52,97,6.05201342281879,6.48333333333333,5.39406779661017,5.16666666666667,6.34134615384615,5.89690721649485,60
"50",2007,3,6,4,6,6,NA,6,6,3,1,0,2,2,153,93,60,6,54,99,6.05065359477124,6.46774193548387,5.40416666666667,5.16666666666667,6.3287037037037,5.8989898989899,61
"51",2007,4,5.88888888888889,9,7.5,5.6875,NA,6.75,5.64285714285714,1,8,0,2,7,162,94,68,6,56,106,6.04166666666667,6.47872340425532,5.4375,5.16666666666667,6.34375,5.88207547169811,62
"52",2007,5,6.5,6,6.6,6,NA,7,6.25,5,1,0,2,4,168,99,69,6,58,110,6.05803571428571,6.48484848484848,5.44565217391304,5.16666666666667,6.36637931034483,5.89545454545455,63
"53",2007,6,5.73333333333333,6,5.6,6,NA,NA,5.73333333333333,4,2,0,0,6,174,103,71,6,58,116,6.04683908045977,6.4504854368932,5.4612676056338,5.16666666666667,6.36637931034483,5.88706896551724,64
"54",2007,7,5.66666666666667,3,6,5,NA,5,6,2,1,0,1,2,177,105,72,6,59,118,6.04039548022599,6.44190476190476,5.45486111111111,5.16666666666667,6.34322033898305,5.88898305084746,65
"55",2007,8,5.75,4,5.5,6,NA,5,6,2,2,0,1,3,181,107,74,6,60,121,6.03397790055249,6.42429906542056,5.4695945945946,5.16666666666667,6.32083333333333,5.89173553719008,66
"56",2007,9,5.44444444444444,9,5.33333333333333,5.5,5.5,5,5.5,3,6,2,1,8,190,110,80,8,61,129,6.00605263157895,6.39454545454545,5.471875,5.25,6.29918032786885,5.86744186046512,67
"57",2007,10,5,11,5.16666666666667,4.8,NA,4,5.22222222222222,6,5,0,2,9,201,116,85,8,63,138,5.95099502487562,6.33103448275862,5.43235294117647,5.25,6.22619047619048,5.82536231884058,68
"58",2007,11,6.04166666666667,12,6.13636363636364,5,5,6.6,5.64285714285714,11,1,1,5,7,213,127,86,9,68,145,5.95610328638498,6.31417322834646,5.42732558139535,5.22222222222222,6.25367647058824,5.81655172413793,69
"59",2007,12,5.9,10,6,5.83333333333333,6,6,5.83333333333333,4,6,1,4,6,223,131,92,10,72,151,5.95358744394619,6.30458015267176,5.45380434782609,5.3,6.23958333333333,5.81721854304636,70
"60",2008,1,6.75384615384615,13,7.14285714285714,6.3,8,7.2,6.475,7,6,1,5,8,236,138,98,11,77,159,5.99766949152542,6.34710144927536,5.50561224489796,5.54545454545455,6.30194805194805,5.85031446540881,71
"61",2008,2,7.2,5,7.2,NA,NA,8,6.66666666666667,5,0,0,2,3,241,143,98,11,79,162,6.02261410788382,6.37692307692308,5.50561224489796,5.54545454545455,6.34493670886076,5.86543209876543,72
"62",2008,3,5.74166666666667,6,5.6,5.8125,NA,6.25,5.23333333333333,2,4,0,3,3,247,145,102,11,82,165,6.01578947368421,6.36620689655172,5.51764705882353,5.54545454545455,6.34146341463415,5.8539393939394,73
"63",2008,4,6.24285714285714,7,5.7,7.6,NA,5.5,6.36666666666667,5,2,0,1,6,254,150,104,11,83,171,6.02204724409449,6.344,5.55769230769231,5.54545454545455,6.33132530120482,5.8719298245614,74
"64",2008,5,5.18888888888889,9,5.11666666666667,5.33333333333333,6,5.9,4.83333333333333,6,3,1,3,6,263,156,107,12,86,177,5.993536121673,6.29679487179487,5.55140186915888,5.58333333333333,6.31627906976744,5.83672316384181,75
"65",2008,6,5.75,10,6.08333333333333,5.25,5,5,5.9375,6,4,2,2,8,273,162,111,14,88,185,5.98461538461539,6.28888888888889,5.54054054054054,5.5,6.28636363636364,5.84108108108108,76
"66",2008,7,6.05769230769231,13,6.35,5.875,6,5.4,6.46875,5,8,3,5,8,286,167,119,17,93,193,5.98793706293706,6.29071856287425,5.56302521008403,5.58823529411765,6.23870967741936,5.86709844559586,77
"67",2008,8,5.3125,8,5.41666666666667,5,NA,5,5.41666666666667,6,2,0,2,6,294,173,121,17,95,199,5.96955782312925,6.26040462427746,5.55371900826446,5.58823529411765,6.21263157894737,5.8535175879397,78
"68",2008,9,4,1,4,NA,NA,4,NA,1,0,0,1,0,295,174,121,17,96,199,5.9628813559322,6.24741379310345,5.55371900826446,5.58823529411765,6.18958333333333,5.8535175879397,79
"69",2008,10,6.28571428571429,7,6.4,6,6,6,6.33333333333333,5,2,1,1,6,302,179,123,18,97,205,5.9703642384106,6.25167597765363,5.5609756097561,5.61111111111111,6.18762886597938,5.86756097560976,80
"70",2008,11,5.41333333333333,15,6.2,4.88888888888889,5.25,4.33333333333333,5.68333333333333,6,9,4,3,12,317,185,132,22,100,217,5.94400630914827,6.25,5.51515151515151,5.54545454545455,6.132,5.8573732718894,81
"71",2008,12,5.64166666666667,12,5.85555555555556,5,5.5,4,5.79090909090909,9,3,2,1,11,329,194,135,24,101,228,5.93297872340426,6.23170103092784,5.5037037037037,5.54166666666667,6.11089108910891,5.85416666666667,82
"72",2009,1,6.06,15,6.05,6.07142857142857,8,6.16666666666667,6.03333333333333,8,7,2,3,12,344,202,142,26,104,240,5.93851744186047,6.22450495049505,5.53169014084507,5.73076923076923,6.1125,5.863125,83
"73",2009,2,5,15,5.66666666666667,4,3,4,5.36363636363636,9,6,3,4,11,359,211,148,29,108,251,5.89930362116992,6.20071090047394,5.46959459459459,5.44827586206897,6.03425925925926,5.84123505976096,84
"74",2009,3,5.71428571428571,14,5.88888888888889,5.4,NA,7,5.61538461538461,9,5,0,1,13,373,220,153,29,109,264,5.89235924932976,6.18795454545455,5.46732026143791,5.44827586206897,6.04311926605505,5.83011363636364,85
"75",2009,4,6,6,6.5,5.75,NA,NA,6,2,4,0,0,6,379,222,157,29,109,270,5.89406332453826,6.19076576576577,5.47452229299363,5.44827586206897,6.04311926605505,5.83388888888889,86
"76",2009,5,5.83333333333333,12,6,5.77777777777778,1,4.75,6.375,3,9,1,4,8,391,225,166,30,113,278,5.89219948849105,6.18822222222222,5.49096385542169,5.3,5.99734513274336,5.84946043165468,87
"77",2009,6,6.36,15,6.49090909090909,6,7,5.94,6.57,11,4,1,5,10,406,236,170,31,118,288,5.90948275862069,6.20233050847458,5.50294117647059,5.35483870967742,5.99491525423729,5.87447916666667,88
"78",2009,7,5.33333333333333,9,4.4,6.5,6,NA,5.33333333333333,5,4,1,0,9,415,241,174,32,118,297,5.89698795180723,6.1649377593361,5.52586206896552,5.375,5.99491525423729,5.85808080808081,89
"79",2009,8,6.34285714285714,7,6.225,6.5,6,6,6.4,4,3,1,1,6,422,245,177,33,119,303,5.90438388625593,6.16591836734694,5.54237288135593,5.39393939393939,5.99495798319328,5.86881188118812,90
"80",2009,9,4.9,10,5.66666666666667,4.57142857142857,4,4,5,3,7,1,1,9,432,248,184,34,120,312,5.88113425925926,6.15987903225807,5.5054347826087,5.35294117647059,5.97833333333333,5.84375,91
"81",2009,10,4.95714285714286,7,5.54,3.5,NA,6,4.78333333333333,5,2,0,1,6,439,253,186,34,121,318,5.86640091116173,6.14762845849803,5.48387096774194,5.35294117647059,5.97851239669422,5.82374213836478,92
"82",2009,11,5.98260869565217,23,6.65,5.25454545454545,5.25,6.6,5.89,12,11,2,3,20,462,265,197,36,124,338,5.87218614718615,6.17037735849057,5.47106598984772,5.34722222222222,5.99354838709677,5.82766272189349,93
"83",2009,12,6,16,5.84615384615385,6.66666666666667,5,5.75,6.15,13,3,1,6,10,478,278,200,37,130,348,5.87646443514644,6.15521582733813,5.489,5.33783783783784,5.98230769230769,5.83692528735632,94
"84",2010,1,6.05555555555556,18,6.5,5.5,6,6,6.05882352941176,10,8,3,1,17,496,288,208,40,131,365,5.88296370967742,6.1671875,5.48942307692308,5.3875,5.9824427480916,5.8472602739726,95
"85",2010,2,5.92857142857143,7,6.5,4.5,6,5,6.08333333333333,5,2,1,1,6,503,293,210,41,132,371,5.88359840954274,6.17286689419795,5.48,5.40243902439024,5.975,5.85107816711591,96
"86",2010,3,6.11538461538461,13,6.61111111111111,5,NA,5.5,6.5,9,4,0,5,8,516,302,214,41,137,379,5.88943798449612,6.18592715231788,5.47102803738318,5.40243902439024,5.95766423357664,5.86477572559367,97
"87",2010,4,6.5,6,7.25,5,NA,5,6.8,4,2,0,1,5,522,306,216,41,138,384,5.89645593869732,6.19983660130719,5.46666666666667,5.40243902439024,5.95072463768116,5.876953125,98
"88",2010,5,6.5,8,6.4,6.66666666666667,NA,6.5,6.5,5,3,0,2,6,530,311,219,41,140,390,5.90556603773585,6.20305466237942,5.48310502283105,5.40243902439024,5.95857142857143,5.88653846153846,99
"89",2010,6,5.4,5,6.5,4.66666666666667,5,5.5,5.33333333333333,2,3,1,2,3,535,313,222,42,142,393,5.90084112149533,6.20495207667732,5.47207207207207,5.39285714285714,5.95211267605634,5.8823155216285,100
"90",2010,7,5.7,5,6.66666666666667,4.25,NA,7,5.375,3,2,0,1,4,540,316,224,42,143,397,5.89898148148148,6.20933544303798,5.46116071428571,5.39285714285714,5.95944055944056,5.8772040302267,101
"91",2010,8,5.71363636363636,11,6,5.60625,5.375,NA,5.71363636363636,3,8,2,0,11,551,319,232,44,143,408,5.89528130671506,6.20736677115988,5.46616379310345,5.39204545454546,5.95944055944056,5.87279411764706,102
"92",2010,9,6.1875,8,6.4,5.83333333333333,5.5,6,6.21428571428571,5,3,1,1,7,559,324,235,45,144,415,5.8994633273703,6.21033950617284,5.47085106382979,5.39444444444444,5.95972222222222,5.87855421686747,103
"93",2010,10,6.23636363636364,11,6.35,6.1,5.5,6.125,6.3,6,5,1,4,7,570,330,240,46,148,422,5.9059649122807,6.21287878787879,5.48395833333333,5.39673913043478,5.96418918918919,5.88554502369668,104
"94",2010,11,5.40909090909091,11,6.4,4.58333333333333,6,NA,5.40909090909091,5,6,1,0,11,581,335,246,47,148,433,5.89655765920826,6.21567164179105,5.4619918699187,5.40957446808511,5.96418918918919,5.87344110854504,105
"95",2010,12,5.3,10,6,4.25,6,7,5.11111111111111,6,4,1,1,9,591,341,250,48,149,442,5.88646362098139,6.21187683284458,5.4426,5.421875,5.97114093959732,5.8579185520362,106
"96",2011,1,5.94642857142857,14,6.16666666666667,5.78125,6.25,6.25,5.89583333333333,6,8,2,2,12,605,347,258,50,151,454,5.88785123966942,6.21109510086455,5.4531007751938,5.455,5.97483443708609,5.85892070484582,107
"97",2011,2,5.6,6,7.15,2.5,NA,8,5.12,4,2,0,1,5,611,351,260,50,152,459,5.88502454991817,6.22179487179487,5.43038461538461,5.455,5.98815789473684,5.85087145969499,108
"98",2011,3,5.6875,8,5.64285714285714,6,NA,5.875,5.5,7,1,0,4,4,619,358,261,50,156,463,5.88247172859451,6.2104748603352,5.43256704980843,5.455,5.98525641025641,5.84784017278618,109
"99",2011,4,5.78125,16,6.28571428571429,5.38888888888889,4.75,6.4,5.5,7,9,2,5,11,635,365,270,52,161,474,5.87992125984252,6.21191780821918,5.43111111111111,5.42788461538461,5.99813664596273,5.83976793248945,110
"100",2011,5,6.64444444444444,9,6.7,6.575,6.5,7,6.6,5,4,2,1,8,644,370,274,54,162,482,5.89060559006211,6.21851351351351,5.4478102189781,5.46759259259259,6.00432098765432,5.85238589211618,111
"101",2011,6,5.75,8,6,5.33333333333333,3,7,5.57142857142857,5,3,1,1,7,652,375,277,55,163,489,5.88888036809816,6.2156,5.44657039711191,5.42272727272727,6.01042944785276,5.84836400817996,112
"102",2011,7,6.2,12,7.41666666666667,4.98333333333333,NA,5.25,6.39,6,6,0,2,10,664,381,283,55,165,499,5.89450301204819,6.23451443569554,5.43674911660777,5.42272727272727,6.00121212121212,5.85921843687375,113
"103",2011,8,6.31428571428571,14,6.85714285714286,5.77142857142857,5.66666666666667,7,6.2,7,7,3,2,12,678,388,290,58,167,511,5.90317109144543,6.24574742268041,5.4448275862069,5.43534482758621,6.01317365269461,5.86722113502936,114
"104",2011,9,6.16666666666667,9,7.125,5.4,7,5,6.5,4,5,1,2,7,687,392,295,59,169,518,5.9066229985444,6.2547193877551,5.44406779661017,5.46186440677966,6.00118343195266,5.8757722007722,115
"105",2011,10,5.58421052631579,19,6.175,4.57142857142857,6.25,6.44285714285714,5.08333333333333,12,7,2,7,12,706,404,302,61,176,530,5.89794617563739,6.25235148514852,5.42384105960265,5.48770491803279,6.01875,5.85783018867925,116
"106",2011,11,6.33333333333333,9,6.4,6.25,NA,6.33333333333333,6.33333333333333,5,4,0,3,6,715,409,306,61,179,536,5.90342657342657,6.2541564792176,5.43464052287582,5.48770491803279,6.02402234636871,5.86315298507463,117
"107",2011,12,5.84666666666667,15,6.6,5.47,NA,5.5,5.9,5,10,0,2,13,730,414,316,61,181,549,5.9022602739726,6.25833333333333,5.43575949367089,5.48770491803279,6.01823204419889,5.86402550091075,118
"108",2012,1,5.825,16,6.125,5.525,5.5,7,5.65714285714286,8,8,2,2,14,746,422,324,63,183,563,5.90060321715818,6.25580568720379,5.43796296296296,5.48809523809524,6.02896174863388,5.8588809946714,119
"109",2012,2,6.1,10,6.28571428571429,5.66666666666667,6,NA,6.1,7,3,1,0,10,756,429,327,64,183,573,5.90324074074074,6.25629370629371,5.44006116207951,5.49609375,6.02896174863388,5.8630890052356,120
"110",2012,3,6.20833333333333,12,6.64285714285714,5.6,NA,7,6.13636363636364,7,5,0,1,11,768,436,332,64,184,584,5.9080078125,6.2625,5.44246987951807,5.49609375,6.03423913043478,5.86823630136986,121
"111",2012,4,5.88888888888889,9,6.2,5.5,NA,6,5.85714285714286,5,4,0,2,7,777,441,336,64,186,591,5.90778635778636,6.26179138321995,5.44315476190476,5.49609375,6.03387096774193,5.8681049069374,122
"112",2012,5,6.59,10,6.68,6.5,7.5,6.5,6.6125,5,5,1,2,8,787,446,341,65,188,599,5.91645489199492,6.2664798206278,5.45865102639296,5.52692307692308,6.03882978723404,5.87804674457429,123
"113",2012,6,6.33333333333333,3,6.5,6,NA,6,6.5,2,1,0,1,2,790,448,342,65,189,601,5.91803797468354,6.26752232142857,5.46023391812866,5.52692307692308,6.03862433862434,5.88011647254576,124
"114",2012,7,6.17357142857143,14,6.65,4.9825,5,5.6,6.49222222222222,10,4,1,5,9,804,458,346,66,194,610,5.92248756218905,6.27587336244542,5.45471098265896,5.51893939393939,6.02731958762887,5.88914754098361,125
"115",2012,8,4.55,10,5.875,3.66666666666667,4.5,2.5,5.0625,4,6,2,2,8,814,462,352,68,196,618,5.90562653562653,6.2724025974026,5.42423295454546,5.48897058823529,5.99132653061224,5.87844660194175,126
"116",2012,9,5.5,9,4.33333333333333,6.08333333333333,5.875,6.5,5.375,3,6,4,1,8,823,465,358,72,197,626,5.9011907654921,6.25989247311828,5.43527932960894,5.51041666666667,5.99390862944162,5.87201277955272,127
"117",2012,10,5.71666666666667,12,6.15714285714286,5.1,5,6,5.66,7,5,1,2,10,835,472,363,73,199,636,5.89853892215569,6.2583686440678,5.43066115702479,5.50342465753425,5.99396984924623,5.86867924528302,128
"118",2012,11,5.55833333333333,12,5.3375,6,6,5.675,5.5,8,4,1,4,8,847,480,367,74,203,644,5.89371900826446,6.24302083333333,5.43686648501363,5.51013513513514,5.98768472906404,5.86409937888199,129
"119",2012,12,5.42857142857143,14,5.54545454545455,5,NA,6.83333333333333,5.04545454545455,11,3,0,3,11,861,491,370,74,206,655,5.8861556329849,6.22739307535642,5.43332432432433,5.51013513513514,6,5.85035114503817,130
"120",2013,1,5.33333333333333,15,5.38461538461539,5,3,2.5,5.76923076923077,13,2,1,2,13,876,504,372,75,208,668,5.87668949771689,6.20565476190476,5.43099462365591,5.47666666666667,5.96634615384615,5.84877245508982,131
"121",2013,2,6.60666666666667,15,6.54545454545455,6.775,6.5,6.25,6.66153846153846,11,4,1,2,13,891,515,376,76,210,681,5.88897867564534,6.21291262135922,5.44529255319149,5.49013157894737,5.96904761904762,5.86428781204112,132
"122",2013,3,5.05555555555556,9,5.25,5,3,5,5.0625,2,7,1,1,8,900,517,383,77,211,689,5.88064444444444,6.20918762088975,5.43715404699739,5.45779220779221,5.96445497630332,5.85497822931785,133
"123",2013,4,5.52857142857143,7,6,5.175,6.2,NA,5.52857142857143,3,4,2,0,7,907,520,387,79,211,696,5.87792723263506,6.20798076923077,5.43444444444444,5.47658227848101,5.96445497630332,5.85169540229885,134
"124",2013,5,5.09090909090909,11,5.08333333333333,5.1,8,NA,5.09090909090909,6,5,1,0,11,918,526,392,80,211,707,5.86849673202614,6.19515209125475,5.43017857142857,5.508125,5.96445497630332,5.8398585572843,135
"125",2013,6,5.5,8,6.5,4.5,3,NA,5.5,4,4,1,0,8,926,530,396,81,211,715,5.865313174946,6.19745283018868,5.42078282828283,5.47716049382716,5.96445497630332,5.83605594405595,136
"126",2013,7,4.25,8,6,3.66666666666667,5,4,4.33333333333333,2,6,1,2,6,934,532,402,82,213,721,5.85147751605996,6.19671052631579,5.39460199004975,5.47134146341463,5.94600938967136,5.82355062413315,137
"127",2013,8,4.55555555555556,9,5,4.2,5,7,4.25,4,5,1,1,8,943,536,407,83,214,729,5.83910922587487,6.18777985074627,5.37992628992629,5.46566265060241,5.95093457943925,5.80628257887517,138
"128",2013,9,5.38888888888889,9,5.75,4.66666666666667,4,4,5.5625,6,3,1,1,8,952,542,410,84,215,737,5.83485294117647,6.18293357933579,5.37470731707317,5.44821428571429,5.94186046511628,5.80363636363636,139
"129",2013,10,6.16666666666667,6,6.16666666666667,6.16666666666667,5,7,6,3,3,1,1,5,958,545,413,85,216,742,5.83693110647182,6.18284403669725,5.38046004842615,5.44294117647059,5.94675925925926,5.80495956873315,140
"130",2013,11,5.56944444444444,18,6.13888888888889,5,4.5,6,5.48333333333333,9,9,2,3,15,976,554,422,87,219,757,5.83199795081967,6.18212996389892,5.37234597156398,5.42126436781609,5.94748858447489,5.79858652575958,141
"131",2013,12,5.14705882352941,17,5.59090909090909,4.33333333333333,4,5,5.16666666666667,11,6,2,2,15,993,565,428,89,221,772,5.82027190332326,6.17061946902655,5.35778037383178,5.38932584269663,5.93891402714932,5.78630829015544,142
"132",2014,1,5.12857142857143,14,5.85714285714286,4.4,NA,5.5,5.06666666666667,7,7,0,2,12,1007,572,435,89,223,784,5.81065541211519,6.16678321678322,5.34236781609195,5.38932584269663,5.93497757847534,5.77529336734694,143
"133",2014,2,5.71875,16,6,5.35714285714286,5.75,5.7,5.72727272727273,9,7,2,5,11,1023,581,442,91,228,795,5.80921798631476,6.16419965576592,5.34260180995475,5.39725274725275,5.92982456140351,5.77462893081761,144
"134",2014,3,6.07,10,6.2,5.76666666666667,5,5.9,6.08888888888889,7,3,1,1,9,1033,588,445,92,229,804,5.81174249757986,6.16462585034014,5.3454606741573,5.3929347826087,5.9296943231441,5.77814676616916,145
"135",2014,4,5.375,8,6.5,5,4.5,6,5.28571428571429,2,6,2,1,7,1041,590,451,94,230,811,5.80838616714697,6.16576271186441,5.34086474501109,5.37393617021277,5.93,5.7738964241677,146
"136",2014,5,6,12,6.625,4.75,5,NA,6,8,4,1,0,12,1053,598,455,95,230,823,5.8105698005698,6.17190635451505,5.33567032967033,5.37,5.93,5.77719319562576,147
"137",2014,6,6.26923076923077,13,6.5,6.07142857142857,6,NA,6.26923076923077,6,7,1,0,13,1066,604,462,96,230,836,5.81616322701689,6.17516556291391,5.34681818181818,5.3765625,5.93,5.78484449760766,148
"138",2014,7,5.92,10,6.16666666666667,5.55,NA,NA,5.92,6,4,0,0,10,1076,610,466,96,230,846,5.8171282527881,6.17508196721312,5.34856223175966,5.3765625,5.93,5.78644208037825,149
"139",2014,8,4.915,14,5.43333333333333,4.52625,5,7.25,4.52583333333333,6,8,1,2,12,1090,616,474,97,232,858,5.80554128440367,6.16785714285714,5.3346835443038,5.37268041237114,5.94137931034483,5.76881118881119,150
"140",2014,9,4.83076923076923,13,5.73333333333333,4.56,4.275,3,4.98333333333333,3,10,4,1,12,1103,619,484,101,233,870,5.79405258386219,6.16575121163166,5.31867768595041,5.32920792079208,5.92875536480687,5.75797701149425,151
"141",2014,10,6.16,15,6.8375,5.38571428571429,6.23333333333333,6.5,6.13571428571429,8,7,3,1,14,1118,627,491,104,234,884,5.79896243291592,6.17432216905901,5.319633401222,5.35528846153846,5.93119658119658,5.7639592760181,152
"142",2014,11,6.05555555555556,9,7,5.58333333333333,5.5,4.75,6.42857142857143,3,6,1,2,7,1127,630,497,105,236,891,5.8010115350488,6.17825396825397,5.32281690140845,5.35666666666667,5.92118644067797,5.76918069584736,153
"143",2014,12,5.9875,16,5.95,6.05,6,6,5.98666666666667,10,6,2,1,15,1143,640,503,107,237,906,5.8036220472441,6.1746875,5.33149105367793,5.36869158878505,5.92151898734177,5.77278145695364,154
"144",2015,1,5.72222222222222,9,6.83333333333333,5.16666666666667,NA,7,5.5625,3,6,0,1,8,1152,643,509,107,238,914,5.80298611111111,6.17776049766718,5.32954813359529,5.36869158878505,5.92605042016807,5.7709409190372,155
"145",2015,2,5.855,20,6.1,5.61,5,6.5,5.82105263157895,10,10,1,1,19,1172,653,519,108,239,933,5.80387372013652,6.17656967840735,5.33495183044316,5.36527777777778,5.92845188284519,5.771961414791,156
"146",2015,3,6.11428571428571,14,7.4,5.4,6,6,6.17777777777778,5,9,2,5,9,1186,658,528,110,244,942,5.80753794266442,6.18586626139817,5.33606060606061,5.37681818181818,5.92991803278689,5.77583864118896,157
"147",2015,4,6.2,5,6.66666666666667,5.5,NA,7,6,3,2,0,1,4,1191,661,530,110,245,946,5.80918555835433,6.18804841149773,5.33667924528302,5.37681818181818,5.93428571428572,5.77678646934461,158
"148",2015,5,6.16666666666667,6,6,7,NA,NA,6.16666666666667,5,1,0,0,6,1197,666,531,110,245,952,5.81097744360902,6.18663663663664,5.33981167608286,5.37681818181818,5.93428571428572,5.77924369747899,159
"149",2015,6,5.78,10,5.75,5.825,4.5,6.25,5.6625,6,4,1,2,8,1207,672,535,111,247,960,5.8107207953604,6.18273809523809,5.34343925233645,5.36891891891892,5.93684210526316,5.77827083333334,160
"150",2015,7,5.77777777777778,9,5.75,5.8,NA,NA,5.77777777777778,4,5,0,0,9,1216,676,540,111,247,969,5.81047697368421,6.1801775147929,5.34766666666667,5.36891891891892,5.93684210526316,5.77826625386997,161
"151",2015,8,5.66666666666667,6,7,4.33333333333333,NA,NA,5.66666666666667,3,3,0,0,6,1222,679,543,111,247,975,5.80977086743044,6.18379970544919,5.34206261510129,5.36891891891892,5.93684210526316,5.77757948717949,162
"152",2015,9,5.49230769230769,13,6.33333333333333,4.77142857142857,NA,5.66666666666667,5.44,6,7,0,3,10,1235,685,550,111,250,985,5.80642914979757,6.18510948905109,5.3348,5.36891891891892,5.9336,5.77415228426396,163
"153",2015,10,5.5,16,6.14285714285714,5,3.5,5.35,5.52142857142857,7,9,2,2,14,1251,692,559,113,252,999,5.80250999200639,6.18468208092485,5.32940966010734,5.3358407079646,5.92896825396825,5.77061061061061,164
"154",2015,11,6.165,20,6.37692307692308,5.77142857142857,6,5.83333333333333,6.22352941176471,13,7,1,3,17,1271,705,566,114,255,1016,5.80821400472069,6.18822695035461,5.33487632508834,5.34166666666667,5.9278431372549,5.77818897637795,165
"155",2015,12,5.65294117647059,17,6.8375,4.6,6,4.875,5.89230769230769,8,9,1,4,13,1288,713,575,115,259,1029,5.80616459627329,6.19551192145862,5.32337391304348,5.34739130434783,5.91158301158301,5.77963070942663,166
"156",2016,1,5.575,20,6,5.22727272727273,5,NA,5.575,9,11,1,0,20,1308,722,586,116,259,1049,5.80262996941896,6.19307479224377,5.32156996587031,5.34439655172414,5.91158301158301,5.77572926596759,167
"157",2016,2,6.21071428571429,14,6.345,5.875,6,6,6.24583333333333,10,4,1,2,12,1322,732,590,117,261,1061,5.80695158850227,6.19515027322404,5.32532203389831,5.35,5.91226053639847,5.78104618284637,168
"158",2016,3,6.25,12,6.5,5,5,NA,6.25,10,2,1,0,12,1334,742,592,118,261,1073,5.81093703148426,6.19925876010781,5.32422297297297,5.34703389830509,5.91226053639847,5.78629077353215,169
"159",2016,4,5.5695652173913,23,5.89285714285714,5.06666666666667,5,5.5,5.57619047619048,14,9,2,2,21,1357,756,601,120,263,1094,5.80684598378777,6.19358465608465,5.32036605657238,5.34125,5.90912547528517,5.78225776965265,170
"160",2016,5,5.75,16,5.55555555555556,6,5.5,6,5.73333333333333,9,7,2,1,15,1373,765,608,122,264,1109,5.8061835396941,6.18607843137255,5.32819078947369,5.34385245901639,5.9094696969697,5.78159603246168,171
"161",2016,6,5.55563636363636,11,6.26866666666667,4.7,5.16666666666667,5,5.67911111111111,6,5,3,2,9,1384,771,613,125,266,1118,5.80419219653179,6.18672114137484,5.32306688417618,5.3396,5.90263157894737,5.780771019678,172
"162",2016,7,5.84615384615385,13,6.14285714285714,5.5,7,5,5.91666666666667,7,6,1,1,12,1397,778,619,126,267,1130,5.80458267716535,6.1863264781491,5.32478190630049,5.35277777777778,5.89925093632959,5.78221415929204,173
"163",2016,8,5.790625,16,6.03181818181818,5.26,6.15,7.01666666666667,5.50769230769231,11,5,2,3,13,1413,789,624,128,270,1143,5.80442462845011,6.18417237008872,5.32426282051282,5.365234375,5.91166666666667,5.77909186351706,174
"164",2016,9,6.5,9,6.5,6.5,6,NA,6.5,6,3,1,0,9,1422,795,627,129,270,1152,5.80882700421941,6.18655597484277,5.32988835725678,5.37015503875969,5.91166666666667,5.78472395833334,175
"165",2016,10,5.5,22,5.83333333333333,5.26923076923077,NA,4,5.65,9,13,0,2,20,1444,804,640,129,272,1172,5.80412188365651,6.18260199004975,5.32865625,5.37015503875969,5.89761029411765,5.78242491467577,176
"166",2016,11,5.8125,24,6.12142857142857,5.38,5,5.25,5.925,14,10,3,4,20,1468,818,650,132,276,1192,5.80425885558583,6.18155501222494,5.32944615384616,5.36174242424242,5.88822463768116,5.78481711409396,177
"167",2016,12,5.59090909090909,22,5.66666666666667,5.25,NA,6.5,5.5,18,4,0,2,20,1490,836,654,132,278,1212,5.80110872483221,6.17046889952153,5.32896024464832,5.36174242424242,5.89262589928058,5.78011716171618,178
"168",2017,1,5.33333333333333,27,5.73684210526316,4.375,4,5.5,5.32,19,8,2,2,25,1517,855,662,134,280,1237,5.792783124588,6.16083274853801,5.31743202416919,5.34141791044776,5.88982142857143,5.7708181083266,179
"169",2017,2,5.03888888888889,18,5.775,4.45,5,6.2,4.97058823529412,8,10,3,1,17,1535,863,672,137,281,1254,5.78394267100977,6.15725608342989,5.30452380952381,5.33394160583942,5.89092526690392,5.7599696969697,180
"170",2017,3,5.54722222222222,18,6.41875,4.85,4.5,4,5.740625,8,10,2,2,16,1553,871,682,139,283,1270,5.781198969736,6.15965786452353,5.29785923753666,5.32194244604317,5.87756183745583,5.75972598425197,181
"171",2017,4,5.29411764705882,17,5.66666666666667,4.875,NA,6,5.14285714285714,9,8,0,3,14,1570,880,690,139,286,1284,5.77592484076433,6.15461590909091,5.29295652173913,5.32194244604317,5.87884615384615,5.753,182
"172",2017,5,6,10,6,6,7,5.5,6.125,6,4,1,2,8,1580,886,694,140,288,1292,5.77734303797468,6.15356884875846,5.29703170028819,5.33392857142857,5.87621527777778,5.75530340557276,183
"173",2017,6,5.77692307692308,13,6.5,4.93333333333333,NA,7.25,5.50909090909091,7,6,0,2,11,1593,893,700,140,290,1303,5.77733961079724,6.15628443449048,5.29391428571429,5.33392857142857,5.88568965517242,5.75322486569455,184
"174",2017,7,5.36842105263158,19,5.88888888888889,4.9,5.33333333333333,6.5,5.23529411764706,9,10,3,2,17,1612,902,710,143,292,1320,5.77251985111663,6.15361640798226,5.2883661971831,5.33391608391609,5.88989726027397,5.74655454545455,185
"175",2017,8,6.24285714285714,21,6.12,6.55,5,8,6.05789473684211,15,6,1,2,19,1633,917,716,144,294,1339,5.77856827924066,6.15306652126499,5.29893854748604,5.33159722222222,5.90425170068027,5.75097236743839,186
"176",2017,9,5.46666666666667,15,6.14285714285714,4.875,6,5.5,5.46153846153846,7,8,1,2,13,1648,924,724,145,296,1352,5.77572936893204,6.15298917748918,5.29425414364641,5.33620689655173,5.90152027027027,5.74818934911243,187
"177",2017,10,5.95555555555556,9,6.37142857142857,4.5,NA,NA,5.95555555555556,7,2,0,0,9,1657,931,726,145,296,1361,5.77670609535305,6.15463157894737,5.29206611570248,5.33620689655173,5.90152027027027,5.74956061719324,188
"178",2017,11,5.82142857142857,14,6.125,5.41666666666667,5,5.5,5.875,8,6,2,2,12,1671,939,732,147,298,1373,5.77708078994614,6.15437912673056,5.29308743169399,5.33163265306123,5.89882550335571,5.75065695557175,189
"179",2017,12,5.87942105263158,19,6.682375,5.29545454545455,3.775,5.96575,5.8564,8,11,2,4,15,1690,947,743,149,302,1388,5.77823136094675,6.15883949313622,5.29312247644684,5.31073825503356,5.8997119205298,5.75179971181557,190
"180",2018,1,5.76666666666667,15,6.07142857142857,5.5,6,5.5,5.80769230769231,7,8,1,2,13,1705,954,751,150,304,1401,5.77812961876833,6.15819811320755,5.29532623169108,5.31533333333333,5.89708223684211,5.75231834403998,191
"181",2018,2,6.28571428571429,7,7,5.33333333333333,NA,NA,6.28571428571429,4,3,0,0,7,1712,958,754,150,304,1408,5.78020502336449,6.16171294363257,5.29547745358091,5.31533333333333,5.89708223684211,5.75497017045455,192
"182",2018,3,6.13636363636364,11,6.08333333333333,6.2,NA,7.5,6,6,5,0,1,10,1723,964,759,150,305,1418,5.78247881601857,6.16122510373444,5.30143610013176,5.31533333333333,5.90233770491803,5.7566981664316,193
"183",2018,4,5.89592611111111,18,6.57833375,5.35,5,6,5.88980411764706,8,10,1,1,17,1741,972,769,151,306,1435,5.78365173463527,6.16465809670782,5.30206762028609,5.31324503311258,5.9026568627451,5.75827503135889,194
"184",2018,5,5.79411764705882,17,6.27777777777778,5.25,NA,5.875,5.76923076923077,9,8,0,4,13,1758,981,777,151,310,1448,5.78375294084187,6.16569589194699,5.30153153153154,5.31324503311258,5.9023,5.75837339088398,195
"185",2018,6,6.25,8,5.6,7.33333333333333,NA,7,6,5,3,0,2,6,1766,986,780,151,312,1454,5.78586504530012,6.1628272515213,5.30934615384616,5.31324503311258,5.90933653846154,5.75937047455296,196
"186",2018,7,6.29166666666667,12,6.625,5.625,6,NA,6.29166666666667,8,4,1,0,12,1778,994,784,152,312,1466,5.78927877952756,6.16654695171026,5.31095663265307,5.31776315789474,5.90933653846154,5.76372760572988,197
"187",2018,8,5.82,15,5.56666666666667,6.83333333333333,NA,4.525,6.29090909090909,12,3,0,4,11,1793,1006,787,152,316,1477,5.78953578918015,6.15939132206759,5.31675984752224,5.31776315789474,5.89181329113924,5.76765380501016,198
"188",2018,9,5.11818181818182,11,6.66,3.83333333333333,NA,6.25,4.86666666666667,5,6,0,2,9,1804,1011,793,152,318,1486,5.78544216740577,6.16186713155292,5.30553593947037,5.31776315789474,5.89406603773585,5.76219695154778,199
"189",2018,10,6.71428571428571,7,7,6.33333333333333,NA,6,6.83333333333333,4,3,0,1,6,1811,1015,796,152,319,1492,5.78903239646604,6.1651701182266,5.3094095477387,5.31776315789474,5.89439811912226,5.76650447050939,200
"190",2018,11,5.959,20,6.08428571428571,5.66666666666667,4,7,5.90421052631579,14,6,1,1,19,1831,1029,802,153,320,1511,5.79088895139268,6.16406965014577,5.31208229426434,5.30915032679739,5.897853125,5.7682360489742,201
"191",2018,12,5.36666666666667,15,6.21428571428571,4.625,2,2,5.60714285714286,7,8,1,1,14,1846,1036,810,154,321,1525,5.78744185807151,6.16440894787645,5.3052962962963,5.28766233766234,5.88571028037383,5.76675716065574,202
"192",2019,1,6.21875,16,6.22727272727273,6.2,7,6,6.25,11,5,1,2,14,1862,1047,815,155,323,1539,5.79114805048335,6.1650694078319,5.31078527607362,5.29870967741935,5.88641795665635,5.77115313190384,203
"193",2019,2,5.85555555555556,18,6.3125,5.49,6.5,4.83333333333333,6.06,8,10,2,3,15,1880,1055,825,157,326,1554,5.79176471808511,6.16618736492891,5.31295757575758,5.3140127388535,5.87672699386503,5.77394122908623,204
"194",2019,3,5.65833333333333,24,5.98333333333333,5.33333333333333,5,6,5.60952380952381,12,12,2,3,21,1904,1067,837,159,329,1575,5.79008280987395,6.16413089971884,5.31324970131422,5.31006289308176,5.87785106382979,5.7717489968254,205
"195",2019,4,6.25,18,6.66666666666667,5.83333333333333,5.5,6,6.26470588235294,9,9,2,1,17,1922,1076,846,161,330,1592,5.79439004682622,6.16833426579926,5.31878250591017,5.31242236024845,5.87822121212121,5.77701298366835,206
"196",2019,5,5.24545454545455,11,6.11666666666667,4.2,NA,NA,5.24545454545455,6,5,0,0,11,1933,1082,851,161,330,1603,5.79126625452664,6.16804775415896,5.31220916568743,5.31242236024845,5.87822121212121,5.77336535870244,207
"197",2019,6,5.92444416666667,12,5.515555,6.33333333333333,NA,6,5.91757545454545,6,6,0,1,11,1945,1088,857,161,331,1614,5.79208791773779,6.16444944852941,5.31935822637106,5.31242236024845,5.87858912386707,5.77434820322181,208
"198",2019,7,5.87894736842105,19,6.73333333333333,4.41428571428571,4.9,7.75,5.65882352941177,12,7,1,2,17,1964,1100,864,162,333,1631,5.79292820773931,6.17065545454545,5.31202546296297,5.30987654320988,5.88982882882883,5.77314408338443,209
"199",2019,8,5.735,20,6.5,4.8,NA,5.66666666666667,5.76428571428571,11,9,0,6,14,1984,1111,873,162,339,1645,5.79234425403226,6.17391629162916,5.30674684994273,5.30987654320988,5.8858790560472,5.77306869300912,210
"200",2019,9,5.9,15,6.61111111111111,4.83333333333333,NA,7,5.82142857142857,9,6,0,1,14,1999,1120,879,162,340,1659,5.79315207603802,6.17742946428571,5.30351535836178,5.30987654320988,5.88915588235294,5.77347679324895,211
"201",2019,10,6.26666666666667,24,6.46666666666667,5.93333333333333,NA,7.8,5.86315789473684,15,9,0,5,19,2023,1135,888,162,345,1678,5.79876964903609,6.18125198237885,5.30989864864865,5.30987654320988,5.91684927536232,5.77449225268177,212
"202",2019,11,5.49545454545455,22,6.28571428571429,5.12666666666667,4,5.7,5.46315789473684,7,15,1,3,19,2045,1142,903,163,348,1697,5.79550660146699,6.18189229422067,5.30685492801772,5.30184049079755,5.91497988505747,5.77100648202711,213
"203",2019,12,5.66363636363636,22,5.93333333333333,5.08571428571429,2,6,5.64761904761905,15,7,1,1,21,2067,1157,910,164,349,1718,5.7941030478955,6.17866983578219,5.30515384615385,5.28170731707317,5.91522349570201,5.76949825378347,214
"204",2020,1,5.203125,32,5.7,4.76470588235294,3.5,6.25,5.05357142857143,15,17,2,4,28,2099,1172,927,166,353,1746,5.78509337779895,6.17254351535836,5.2952427184466,5.26024096385542,5.91901699716714,5.75801718213059,215
"205",2020,2,5.34533117647059,17,6.337063,3.92857142857143,2.75,NA,5.34533117647059,10,7,2,0,17,2116,1182,934,168,353,1763,5.78156031663516,6.1739353891709,5.285,5.23035714285714,5.91901699716714,5.75403779353375,216
"206",2020,3,5.62657894736842,19,5.90045454545455,5.25,4,5.66666666666667,5.6190625,11,8,1,3,16,2135,1193,942,169,356,1779,5.7801810913349,6.17141377200335,5.28470276008493,5.22307692307692,5.9168904494382,5.7528238504778,217
"207",2020,4,6.43478260869565,23,6.47058823529412,6.33333333333333,NA,8,6.36363636363636,17,6,0,1,22,2158,1210,948,169,357,1801,5.78715784522706,6.17561704958678,5.29133966244726,5.22307692307692,5.92272549019608,5.76028519156025,218
"208",2020,5,6.0375,24,6.44,5.75,4.66666666666667,5,6.13181818181818,10,14,3,2,22,2182,1220,962,172,359,1823,5.78991137946838,6.17778412295082,5.29801455301455,5.21337209302325,5.91758495821727,5.76476885902359,219
"209",2020,6,5.925,16,6.1,5.63333333333333,5.66666666666667,6.5,5.84285714285714,10,6,3,2,14,2198,1230,968,175,361,1837,5.79089473612375,6.17715173170732,5.30009297520661,5.22114285714286,5.92081163434903,5.7653639793141,220
"210",2020,7,6.11363636363636,22,6.10714285714286,6.125,5,5.6,6.26470588235294,14,8,1,5,17,2220,1244,976,176,366,1854,5.79409307657658,6.17636385048231,5.30685450819672,5.21988636363636,5.91642896174863,5.76994262675297,221
"211",2020,8,5.9952380952381,21,6.34,5.68181818181818,5,4.75,6.28823529411765,10,11,1,4,17,2241,1254,987,177,370,1871,5.7959779696564,6.17766876395534,5.31103343465046,5.21864406779661,5.90381891891892,5.77465185996794,222
"212",2020,9,6.44444444444444,18,6.55,6.3125,3,6.7,6.34615384615385,10,8,1,5,13,2259,1264,995,178,375,1884,5.80114503320053,6.18061442246835,5.31908542713568,5.2061797752809,5.91443466666667,5.77859534501062,223
"213",2020,10,5.7349332,25,5.83185166666667,5.48571428571429,5.3,5.52,5.7886665,18,7,3,5,20,2284,1282,1002,181,380,1904,5.80042029772329,6.1757175975039,5.32024950099801,5.20773480662983,5.9092447368421,5.77870113445379,224
"214",2020,11,5.56347826086956,23,6.506,4.83846153846154,5.25,6.5,5.23294117647059,10,13,2,6,17,2307,1292,1015,183,386,1921,5.79805806675336,6.1782739628483,5.31407881773399,5.20819672131147,5.9184274611399,5.77387140031234,225
"215",2020,12,6.28235294117647,34,6.60833333333333,5.5,6,6.12222222222222,6.34,24,10,1,9,25,2341,1316,1025,184,395,1946,5.80509182400684,6.18611699088146,5.31589268292683,5.2125,5.92307088607595,5.78114437821172,226
"216",2021,1,6.17916666666667,36,6.23809523809524,6.09666666666667,6.5,7.07,5.83653846153846,21,15,2,10,26,2377,1337,1040,186,405,1972,5.81075724021876,6.18693340314136,5.32715384615385,5.2263440860215,5.95139012345679,5.78187472616633,227
"217",2021,2,6.07058823529412,17,6.24615384615385,5.5,NA,7.5,5.88,13,4,0,2,15,2394,1350,1044,186,407,1987,5.81260232247285,6.18750367407407,5.32781609195402,5.2263440860215,5.959,5.78261548062406,228
"218",2021,3,5.38647826086957,23,5.72593333333333,4.75,5.25,6.463,5.225,15,8,4,3,20,2417,1365,1052,190,410,2007,5.80854735622673,6.18243147252747,5.32342205323194,5.22684210526316,5.96268780487805,5.77705877428999,229
"219",2021,4,5.36363636363636,22,5.69230769230769,4.88888888888889,5,4.25,5.61111111111111,13,9,2,4,18,2439,1378,1061,192,414,2025,5.80453421894219,6.17780766328011,5.31973609802074,5.22447916666667,5.94614009661836,5.77558368395062,230
"220",2021,5,5.54545454545455,11,6,4.75,4,4.5,5.77777777777778,7,4,1,2,9,2450,1385,1065,193,416,2034,5.80337100408163,6.17690899638989,5.31759624413146,5.21813471502591,5.9391875,5.77559339233039,231
"221",2021,6,5.82047642857143,14,6.12333375,5.41666666666667,NA,6.625,5.498667,8,6,0,4,10,2464,1393,1071,193,420,2044,5.80346819399351,6.17660131371141,5.3181512605042,5.21813471502591,5.94571904761905,5.77423856653621,232
"222",2021,7,5.5,14,5.6,5.25,NA,7,5.38461538461539,10,4,0,1,13,2478,1403,1075,193,421,2057,5.80175368442292,6.17249153955809,5.31789767441861,5.21813471502591,5.94822327790974,5.77177619348566,233
"223",2021,8,5.31944444444444,18,5.36111111111111,5.27777777777778,3.66666666666667,5.5625,5.25,9,9,3,4,14,2496,1412,1084,196,425,2071,5.79827549278846,6.16731985127479,5.31756457564576,5.19438775510204,5.94459294117647,5.76824897633994,234
"224",2021,9,4.96521739130435,23,5.4,4.4,6,3.23333333333333,5.225,13,10,2,3,20,2519,1425,1094,198,428,2091,5.79066916633585,6.16031974035088,5.3091773308958,5.20252525252525,5.92558878504673,5.76305290769967,235
"225",2021,10,5.9304347826087,23,6.38461538461539,5.34,NA,6.8,5.68888888888889,13,10,0,5,18,2542,1438,1104,198,433,2109,5.79193376475216,6.16234744784423,5.30945652173913,5.20252525252525,5.93568591224018,5.76241992887625,236
"226",2021,11,5.83333333333333,15,5.58333333333333,6,NA,7,5.25,6,9,0,5,10,2557,1444,1113,198,438,2119,5.79217662495112,6.15994157202216,5.31504043126685,5.20252525252525,5.94783561643836,5.76000171307221,237
"227",2021,12,5.6,33,5.62727272727273,5.54545454545455,6,6.16666666666667,5.47407407407407,22,11,1,6,27,2590,1466,1124,199,444,2146,5.78972804247104,6.1519479058663,5.31729537366548,5.20653266331658,5.95079279279279,5.75640430102517,238
"228",2022,1,5.27068965517241,29,5.38461538461539,5.178125,4.15,5.3875,5.22619047619048,13,16,4,8,21,2619,1479,1140,203,452,2167,5.7839807674685,6.14520326572008,5.31534210526316,5.18571428571428,5.94082300884956,5.75126609598524,239
"229",2022,2,5.52272727272727,22,6.45454545454545,4.59090909090909,6,5.33333333333333,5.55263157894737,11,11,1,3,19,2641,1490,1151,204,455,2186,5.78180447936388,6.147487,5.30841876629018,5.18970588235294,5.93681758241758,5.7495396294602,240
"230",2022,3,5.975,20,6.35714285714286,5.08333333333333,NA,7.71428571428571,5.03846153846154,14,6,0,7,13,2661,1504,1157,204,462,2199,5.78325653137918,6.14943858377659,5.30725151253241,5.18970588235294,5.96374891774892,5.745335893588,241
"231",2022,4,6.15,12,6.2875,5.875,NA,NA,6.15,8,4,0,0,12,2673,1512,1161,204,462,2211,5.78490296670408,6.15016906746032,5.3092075796727,5.18970588235294,5.96374891774892,5.74753217096337,242
"232",2022,5,5.32272727272727,22,5.64285714285714,4.7625,5.03333333333333,5.55,5.3,14,8,3,2,20,2695,1526,1169,207,464,2231,5.7811301038961,6.14551482961992,5.30546621043627,5.18743961352657,5.96196551724138,5.74352022859704,243
"233",2022,6,6.1,21,6.50625,4.8,NA,5.5,6.16315789473684,16,5,0,2,19,2716,1542,1174,207,466,2250,5.78359559278351,6.14925786640726,5.30331345826235,5.18743961352657,5.95998283261802,5.74706383555556,244
"234",2022,7,5.705,20,6.23333333333333,5.27272727272727,5,6.33333333333333,5.59411764705882,9,11,5,3,17,2736,1551,1185,212,469,2267,5.78302106359649,6.14974573178594,5.30302953586498,5.18301886792453,5.96237100213219,5.74591690780768,245
"235",2022,8,6.2695,20,7.35454545454545,4.94333333333333,NA,5.6225,6.43125,11,9,0,4,16,2756,1562,1194,212,473,2283,5.78655138969521,6.1582302368758,5.30031825795645,5.18301886792453,5.95949682875264,5.75071994305738,246
"236",2022,9,5.60909090909091,22,5.66666666666667,5.56923076923077,2.66666666666667,6.4,4.95,9,13,3,10,12,2778,1571,1207,215,483,2295,5.78514601511879,6.15541415022279,5.30321458160729,5.14790697674418,5.96861697722567,5.74653317211329,247
"237",2022,10,6.29642857142857,28,6.15789473684211,6.58888888888889,5,7.55,5.95454545454545,19,9,1,6,22,2806,1590,1216,216,489,2317,5.79024790805417,6.15544379245283,5.3127302631579,5.14722222222222,5.98802044989775,5.74850825636599,248
"238",2022,11,5.49545454545455,22,5.53333333333333,5.45,NA,5.4,5.52352941176471,12,10,0,5,17,2828,1602,1226,216,494,2334,5.78795460749646,6.15078378901373,5.31384991843393,5.14722222222222,5.98206882591093,5.74686959297344,249
"239",2022,12,6.08928571428571,28,6.625,5.6875,4.5,6.27777777777778,6,12,16,5,9,19,2856,1614,1242,221,503,2353,5.79090883403361,6.15430956009913,5.31866344605475,5.13257918552036,5.98735984095427,5.74891356991075,250
