"","year","month","avg_rating","no_ratings","avg_rating_owned","avg_rating_not_owned","avg_rating_prev_owned","avg_rating_comment","avg_rating_no_comment","no_ratings_owned","no_ratings_not_owned","no_ratings_prev_owned","no_ratings_comment","no_ratings_no_comment","cum_no_ratings","cum_no_ratings_owned","cum_no_ratings_not_owned","cum_no_ratings_prev_owned","cum_no_ratings_comment","cum_no_ratings_no_comment","cum_avg_rating","cum_avg_rating_owned","cum_avg_rating_not_owned","cum_avg_rating_prev_owned","cum_avg_rating_comment","cum_avg_rating_no_comment","month_after_release"
"1",2002,2,6,3,6,6,NA,NA,6,2,1,0,0,3,3,2,1,0,0,3,6,6,6,NA,NA,6,0
"2",2002,3,5.5,2,5.5,NA,NA,NA,5.5,2,0,0,0,2,5,4,1,0,0,5,5.8,5.75,6,NA,NA,5.8,1
"3",2002,4,7,2,7,NA,NA,6,8,2,0,0,1,1,7,6,1,0,1,6,6.14285714285714,6.16666666666667,6,NA,6,6.16666666666667,2
"4",2002,5,6.25,4,5.5,7,NA,6.33333333333333,6,2,2,0,3,1,11,8,3,0,4,7,6.18181818181818,6,6.66666666666667,NA,6.25,6.14285714285714,3
"5",2002,6,6.33333333333333,3,6.33333333333333,NA,NA,NA,6.33333333333333,3,0,0,0,3,14,11,3,0,4,10,6.21428571428571,6.09090909090909,6.66666666666667,NA,6.25,6.2,4
"6",2002,7,6.75,4,7.33333333333333,5,NA,8,6.33333333333333,3,1,0,1,3,18,14,4,0,5,13,6.33333333333333,6.35714285714286,6.25,NA,6.6,6.23076923076923,5
"7",2002,8,6.09090909090909,11,6.375,5.33333333333333,NA,6,6.11111111111111,8,3,0,2,9,29,22,7,0,7,22,6.24137931034483,6.36363636363636,5.85714285714286,NA,6.42857142857143,6.18181818181818,6
"8",2002,9,5.91666666666667,6,6.875,4,NA,6.25,5.75,4,2,0,2,4,35,26,9,0,9,26,6.18571428571429,6.44230769230769,5.44444444444444,NA,6.38888888888889,6.11538461538461,7
"9",2002,10,6,5,6.5,4,NA,6,6,4,1,0,3,2,40,30,10,0,12,28,6.1625,6.45,5.3,NA,6.29166666666667,6.10714285714286,8
"10",2002,11,7.33333333333333,6,7.33333333333333,NA,NA,8,7,6,0,0,2,4,46,36,10,0,14,32,6.31521739130435,6.59722222222222,5.3,NA,6.53571428571429,6.21875,9
"11",2002,12,4.875,8,5.75,4,NA,4,5.16666666666667,4,4,0,2,6,54,40,14,0,16,38,6.10185185185185,6.5125,4.92857142857143,NA,6.21875,6.05263157894737,10
"12",2003,1,5.69230769230769,13,6.66666666666667,4.85714285714286,NA,5,5.9,6,7,0,3,10,67,46,21,0,19,48,6.02238805970149,6.53260869565217,4.90476190476191,NA,6.02631578947368,6.02083333333333,11
"13",2003,2,5.83333333333333,9,6.5,5.5,NA,5.5,6.25,3,6,0,5,4,76,49,27,0,24,52,6,6.53061224489796,5.03703703703704,NA,5.91666666666667,6.03846153846154,12
"14",2003,3,6.25,6,6.375,6,NA,6.5,6.2,4,2,0,1,5,82,53,29,0,25,57,6.01829268292683,6.5188679245283,5.10344827586207,NA,5.94,6.05263157894737,13
"15",2003,4,5.7,7,6.38,4,NA,4.5,6.18,5,2,0,2,5,89,58,31,0,27,62,5.99325842696629,6.50689655172414,5.03225806451613,NA,5.83333333333333,6.06290322580645,14
"16",2003,5,5.0625,8,5.375,4.75,5,4.66666666666667,5.3,4,4,2,3,5,97,62,35,2,30,67,5.91649484536082,6.43387096774194,5,5,5.71666666666667,6.00597014925373,15
"17",2003,6,5.85714285714286,14,6.625,4.83333333333333,NA,4.5,6.875,8,6,0,6,8,111,70,41,2,36,75,5.90900900900901,6.45571428571429,4.97560975609756,5,5.51388888888889,6.09866666666667,16
"18",2003,7,5.60980392156863,51,6.09259259259259,5.06666666666667,5.83333333333333,4.9,5.78292682926829,27,24,3,10,41,162,97,65,5,46,116,5.81481481481481,6.35463917525773,5.00923076923077,5.5,5.3804347826087,5.98706896551724,17
"19",2003,8,4.93548387096774,31,5.91666666666667,4.31578947368421,4.4,5.44444444444444,4.72727272727273,12,19,5,9,22,193,109,84,10,55,138,5.67357512953368,6.30642201834862,4.85238095238095,4.95,5.39090909090909,5.78623188405797,18
"20",2003,9,4.46666666666667,15,5.375,3.42857142857143,4,3.8,4.8,8,7,1,5,10,208,117,91,11,60,148,5.58653846153846,6.24273504273504,4.74285714285714,4.86363636363636,5.25833333333333,5.71959459459459,19
"21",2003,10,5.5,13,5.95,4,5,5.7,5.375,10,3,1,5,8,221,127,94,12,65,156,5.5814479638009,6.21968503937008,4.71914893617021,4.875,5.29230769230769,5.70192307692308,20
"22",2003,11,5,6,6,3,NA,5,5,4,2,0,1,5,227,131,96,12,66,161,5.56607929515418,6.21297709923664,4.68333333333333,4.875,5.28787878787879,5.68012422360248,21
"23",2003,12,5.25,10,6.16666666666667,3.875,NA,7.33333333333333,4.35714285714286,6,4,0,3,7,237,137,100,12,69,168,5.55274261603375,6.21094890510949,4.651,4.875,5.3768115942029,5.625,22
"24",2004,1,6.075,20,6.04166666666667,6.125,6,6.22222222222222,5.95454545454545,12,8,2,9,11,257,149,108,14,78,179,5.59338521400778,6.19731543624161,4.76018518518518,5.03571428571429,5.47435897435897,5.64525139664805,23
"25",2004,2,5.78333333333333,18,6.04545454545455,5.37142857142857,7,5.55,5.8125,11,7,1,2,16,275,160,115,15,80,195,5.60581818181818,6.186875,4.79739130434783,5.16666666666667,5.47625,5.65897435897436,24
"26",2004,3,5.2,15,5.23076923076923,5,8,5.25,5.18181818181818,13,2,1,4,11,290,173,117,16,84,206,5.5848275862069,6.1150289017341,4.8008547008547,5.34375,5.46547619047619,5.63349514563107,25
"27",2004,4,4.6,15,4.88888888888889,4.16666666666667,NA,4,4.81818181818182,9,6,0,4,11,305,182,123,16,88,217,5.53639344262295,6.05439560439561,4.76991869918699,5.34375,5.39886363636364,5.59216589861751,26
"28",2004,5,5.5,4,5.66666666666667,5,NA,5.5,5.5,3,1,0,2,2,309,185,124,16,90,219,5.53592233009709,6.04810810810811,4.77177419354839,5.34375,5.40111111111111,5.59132420091324,27
"29",2004,6,5.33333333333333,18,5.8,4.75,5,4.16666666666667,5.91666666666667,10,8,1,6,12,327,195,132,17,96,231,5.52477064220184,6.03538461538462,4.77045454545454,5.32352941176471,5.32395833333333,5.60822510822511,28
"30",2004,7,5.71428571428571,14,6.22222222222222,4.8,6,5.8,5.66666666666667,9,5,1,5,9,341,204,137,18,101,240,5.53255131964809,6.04362745098039,4.77153284671533,5.36111111111111,5.34752475247525,5.61041666666667,29
"31",2004,8,5.40625,16,5.625,4.75,NA,4.92857142857143,5.77777777777778,12,4,0,7,9,357,216,141,18,108,249,5.52689075630252,6.02037037037037,4.7709219858156,5.36111111111111,5.32037037037037,5.61646586345381,30
"32",2004,9,4.71875,16,5.25,3.83333333333333,NA,3.88888888888889,5.78571428571429,10,6,0,9,7,373,226,147,18,117,256,5.49222520107239,5.98628318584071,4.73265306122449,5.36111111111111,5.21025641025641,5.62109375,31
"33",2004,10,5.15384615384615,13,5.36363636363636,4,NA,4.16666666666667,6,11,2,0,6,7,386,237,149,18,123,263,5.48082901554404,5.95738396624473,4.72281879194631,5.36111111111111,5.15934959349593,5.63117870722433,32
"34",2004,11,6.2,15,6.8,5,4,6.33333333333333,6.11111111111111,10,5,1,6,9,401,247,154,19,129,272,5.50773067331671,5.9914979757085,4.73181818181818,5.28947368421053,5.21395348837209,5.64705882352941,33
"35",2004,12,4.94444444444444,18,5.6,4.125,4.5,5.33333333333333,4.55555555555556,10,8,2,9,9,419,257,162,21,138,281,5.48353221957041,5.97626459143969,4.70185185185185,5.21428571428571,5.22173913043478,5.61209964412811,34
"36",2005,1,5.32352941176471,34,5.8125,4.15,3,5.5,5.25,24,10,1,10,24,453,281,172,22,148,305,5.47152317880795,5.96227758007117,4.66976744186046,5.11363636363636,5.24054054054054,5.58360655737705,35
"37",2005,2,4.86363636363636,22,5.33333333333333,4.3,6,4.33333333333333,5.5,12,10,1,12,10,475,293,182,23,160,315,5.44336842105263,5.93651877133106,4.64945054945055,5.15217391304348,5.1725,5.58095238095238,36
"38",2005,3,5.28461538461538,26,5.28571428571429,5.28333333333333,6.6,4.82666666666667,5.90909090909091,14,12,4,15,11,501,307,194,27,175,326,5.43512974051896,5.90684039087948,4.68865979381443,5.36666666666667,5.14285714285714,5.5920245398773,37
"39",2005,4,4.69444444444444,18,5.63636363636364,3.21428571428571,3,3.85,5.75,11,7,1,10,8,519,318,201,28,185,334,5.40944123314066,5.89748427672956,4.63731343283582,5.28214285714286,5.07297297297297,5.59580838323353,38
"40",2005,5,5.0999995,20,5.53846076923077,4.28571428571429,7,4.18181727272727,6.22222222222222,13,7,1,11,9,539,331,208,29,196,343,5.39795916512059,5.88338365558912,4.62548076923077,5.34137931034483,5.02295913265306,5.61224489795918,39
"41",2005,6,4.83333333333333,18,5.18181818181818,4.28571428571429,NA,4.55555555555556,5.11111111111111,11,7,0,9,9,557,342,215,29,205,352,5.37971272890485,5.86081868421053,4.61441860465116,5.34137931034483,5.00243897560976,5.59943181818182,40
"42",2005,7,5.29545454545455,22,6.17857142857143,3.75,2.5,5.3,5.29166666666667,14,8,2,10,12,579,356,223,31,215,364,5.376511208981,5.87331457865169,4.58340807174888,5.15806451612903,5.01627902325581,5.58928571428571,41
"43",2005,8,4.89130434782609,23,5.85,4.15384615384615,6,5.40909090909091,4.41666666666667,10,13,1,11,12,602,366,236,32,226,376,5.35797340531562,5.87267756830601,4.55974576271186,5.184375,5.03539818584071,5.55186170212766,42
"44",2005,9,4.84230769230769,26,5.525,3.75,6,4.5,4.96842105263158,16,10,1,7,19,628,382,246,33,233,395,5.33662418789809,5.85811515706806,4.52682926829268,5.20909090909091,5.01931326180258,5.52379746835443,43
"45",2005,10,4.8125,24,5.40625,3.625,4,3.4375,5.5,16,8,2,8,16,652,398,254,35,241,411,5.31733127300614,5.83994972361809,4.49842519685039,5.14,4.96680493775934,5.52287104622871,44
"46",2005,11,4.8875,32,5.20588235294118,4.52666666666667,3.625,4.44444444444444,5.45714285714286,17,15,4,18,14,684,415,269,39,259,425,5.29722220760234,5.81397587951807,4.5,4.98461538461539,4.93050189189189,5.52070588235294,45
"47",2005,12,5.17142857142857,21,5.69,4.7,6.25,5.18,5.16875,10,11,2,5,16,705,425,280,41,264,441,5.29347516312057,5.8110588,4.50785714285714,5.04634146341463,4.93522723484849,5.50793650793651,46
"48",2006,1,4.98529411764706,34,5.975,3.57142857142857,5,4.875,5.14285714285714,20,14,2,20,14,739,445,294,43,284,455,5.27929633288227,5.81842694382023,4.46326530612245,5.04418604651163,4.93098588028169,5.4967032967033,47
"49",2006,2,5.39285714285714,14,5.58888888888889,5.04,NA,4.54,5.86666666666667,9,5,0,5,9,753,454,299,43,289,464,5.28140768924303,5.81387662995595,4.47290969899666,5.04418604651163,4.92422141868512,5.50387931034483,48
"50",2006,3,4.92,25,5.05882352941176,4.625,NA,4.25,5.36666666666667,17,8,0,10,15,778,471,307,43,299,479,5.26979433161954,5.78662418259023,4.47687296416938,5.04418604651163,4.90167220735786,5.49958246346555,49
"51",2006,4,5.92307692307692,13,5.95833333333333,5.5,NA,5.5,6.05,12,1,0,3,10,791,483,308,43,302,489,5.2805309608091,5.79089024844721,4.48019480519481,5.04418604651163,4.90761586092715,5.51083844580777,50
"52",2006,5,5.97619047619048,21,6.21428571428571,5.5,NA,5.21428571428571,6.35714285714286,14,7,0,7,14,812,497,315,43,309,503,5.29852215517241,5.80281688128773,4.50285714285714,5.04418604651163,4.91456307443366,5.53439363817097,51
"53",2006,6,4.98076923076923,13,5.875,3.55,NA,3.95833333333333,5.85714285714286,8,5,0,6,7,825,505,320,43,315,510,5.29351513939394,5.80396037623762,4.48796875,5.04418604651163,4.89634917460318,5.53882352941176,52
"54",2006,7,5.72608695652174,23,6.21428571428571,4.96666666666667,NA,5.75,5.72105263157895,14,9,0,4,19,848,519,329,43,319,529,5.30524762971698,5.81502888246628,4.50106382978723,5.04418604651163,4.90705326018809,5.54536862003781,53
"55",2006,8,4.94,25,5.82142857142857,3.81818181818182,NA,4.6875,5.05882352941176,14,11,0,8,17,873,533,340,43,327,546,5.29478807560137,5.8151969793621,4.47897058823529,5.04418604651163,4.90168192660551,5.53021978021978,54
"56",2006,9,4.52857142857143,35,5.47222222222222,3.52941176470588,4,3.86363636363636,4.83333333333333,18,17,1,11,24,908,551,357,44,338,570,5.26525329295154,5.80399272232305,4.43375350140056,5.02045454545455,4.86789937869823,5.50087719298246,55
"57",2006,10,4.82758620689655,29,5.26666666666667,4.35714285714286,NA,3.5,5.33333333333333,15,14,0,8,21,937,566,371,44,346,591,5.25170756670224,5.78975263250883,4.43086253369272,5.02045454545455,4.83627164739885,5.49492385786802,56
"58",2006,11,5.11764705882353,34,5.7,4.28571428571429,5.33333333333333,4.83333333333333,5.27272727272727,20,14,3,12,22,971,586,385,47,358,613,5.24701337796087,5.78668940273038,4.42558441558442,5.0404255319149,4.83617315642458,5.48694942903752,57
"59",2006,12,5.13235294117647,34,5.88235294117647,4.38235294117647,5.75,4.33333333333333,5.42,17,17,4,9,25,1005,603,402,51,367,638,5.24313431840796,5.78938638474295,4.42375621890547,5.09607843137255,4.82384193460491,5.48432601880878,58
"60",2007,1,4.80877192982456,57,5.61071428571429,4.03448275862069,5.66666666666667,4.53333333333333,4.90714285714286,28,29,3,15,42,1062,631,431,54,382,680,5.21982108286252,5.78145798732171,4.39756380510441,5.12777777777778,4.81243452879581,5.44867647058824,59
"61",2007,2,4.76326530612245,49,5.62608695652174,4,3.75,4.25,5.01212121212121,23,26,4,16,33,1111,654,457,58,398,713,5.19968495949595,5.77599386850153,4.37494529540481,5.03275862068966,4.78982409547739,5.42847124824685,60
"62",2007,3,5.62413793103448,29,6.07333333333333,5.14285714285714,4.75,4.6,5.8375,15,14,2,5,24,1140,669,471,60,403,737,5.21048244736842,5.78266067264574,4.39777070063694,5.02333333333334,4.78746895781638,5.44179104477612,61
"63",2007,4,5.07142857142857,28,5.63157894736842,3.88888888888889,4,4.5,5.38888888888889,19,9,1,10,18,1168,688,480,61,413,755,5.2071489640411,5.77848835755814,4.38822916666667,5.00655737704918,4.7805084503632,5.44052980132451,62
"64",2007,5,4.75925925925926,27,5.03571428571429,4.46153846153846,5.3,4.69230769230769,4.82142857142857,14,13,5,13,14,1195,702,493,66,426,769,5.19702928033473,5.7636751994302,4.39016227180527,5.02878787878788,4.77781687793428,5.42925877763329,63
"65",2007,6,5.275,32,5.51578947368421,4.92307692307692,7.5,5.35714285714286,5.252,19,13,1,7,25,1227,721,506,67,433,794,5.19906274653627,5.75714284327323,4.40385375494071,5.06567164179105,4.78718242494227,5.42367758186398,64
"66",2007,7,5.9,29,6.48,4.61111111111111,3,5.26666666666667,6.57857142857143,20,9,2,15,14,1256,741,515,69,448,808,5.21524680732484,5.77665315789474,4.40747572815534,5.00579710144928,4.80323658482143,5.44368811881188,65
"67",2007,8,4.90540540540541,37,5.92857142857143,3.5625,4.75,3.64285714285714,5.67391304347826,21,16,4,14,23,1293,762,531,73,462,831,5.20638050270688,5.78083988188976,4.38201506591337,4.99178082191781,4.76807357142857,5.45006016847172,66
"68",2007,9,5.57368421052632,38,6.44782608695652,4.23333333333333,NA,4.66666666666667,5.8551724137931,23,15,0,9,29,1331,785,546,73,471,860,5.21686700976709,5.80038215286624,4.3779304029304,4.99178082191781,4.76613585987262,5.46372093023256,67
"69",2007,10,4.93571428571429,35,5.875,4.44565217391304,4.375,5,4.90217391304348,12,23,2,12,23,1366,797,569,75,483,883,5.20966324304539,5.8015056336261,4.38066783831283,4.97533333333333,4.77194614906833,5.449093997735,68
"70",2007,11,4.77380952380952,42,5.38095238095238,4.16666666666667,5,4.47368421052632,5.02173913043478,21,21,2,19,23,1408,818,590,77,502,906,5.19666192471591,5.79070903422983,4.37305084745763,4.97597402597403,4.76065735059761,5.43824503311258,69
"71",2007,12,5.28728813559322,59,5.8046875,4.67407407407407,5.25,4.51470588235294,5.6,32,27,4,17,42,1467,850,617,81,519,948,5.20030674164962,5.79123528235294,4.38622366288493,4.98950617283951,4.75260113680154,5.44541139240506,70
"72",2008,1,5.39285714285714,70,5.88157894736842,4.8125,5.5,5.3,5.44444444444444,38,32,5,25,45,1537,888,649,86,544,993,5.20907611581002,5.79510134009009,4.40724191063174,5.01918604651163,4.77775733455883,5.44536757301108,71
"73",2008,2,5.36764705882353,34,5.60526315789474,5.06666666666667,4.6,4.42857142857143,5.61111111111111,19,15,5,7,27,1571,907,664,91,551,1020,5.21250795035009,5.79112457552371,4.42213855421687,4.99615384615385,4.77332121597096,5.44975490196079,72
"74",2008,3,5.5,38,6.28125,4.93181818181818,3.75,5.61538461538461,5.44,16,22,4,13,25,1609,923,686,95,564,1045,5.21929769422001,5.79962079089924,4.43848396501458,4.94368421052632,4.79273047872341,5.44952153110048,73
"75",2008,4,4.83636363636364,33,5.28333333333333,4.3,6,4.14285714285714,5.02307692307692,18,15,1,7,26,1642,941,701,96,571,1071,5.21160169914738,5.78974494155154,4.43552068473609,4.9546875,4.78476355516638,5.43916900093371,74
"76",2008,5,5.28542857142857,35,6.018125,4.66842105263158,4.6,5.02230769230769,5.44090909090909,16,19,5,13,22,1677,957,720,101,584,1093,5.2131425104353,5.79356320794148,4.44166666666667,4.93712871287129,4.79005135273973,5.43920402561757,75
"77",2008,6,5.55769230769231,26,6.18181818181818,5.1,5.16666666666667,5.60714285714286,5.5,11,15,6,14,12,1703,968,735,107,598,1105,5.2184028126835,5.79797519628099,4.45510204081633,4.95,4.80918058528428,5.43986425339367,76
"78",2008,7,4.91025641025641,39,5.42105263157895,4.425,5.05555555555556,4.5,5.3,19,20,9,19,20,1742,987,755,116,617,1125,5.21150401262916,5.7907193414387,4.45430463576159,4.95818965517241,4.79965962722853,5.43737777777778,77
"79",2008,8,5.3175,40,6,4.635,4.69230769230769,4.5,5.8625,20,20,13,16,24,1782,1007,775,129,633,1149,5.21388327160494,5.79487585898709,4.45896774193548,4.93139534883721,4.79208529225909,5.44625761531767,78
"80",2008,9,5.09615384615385,26,5.33333333333333,4.89285714285714,4.8,4.8125,5.22222222222222,12,14,5,8,18,1808,1019,789,134,641,1167,5.21219025995575,5.78944061825319,4.46666666666667,4.92649253731343,4.79234007800312,5.44280205655527,79
"81",2008,10,5.48,25,6.18181818181818,4.92857142857143,5.33333333333333,4.625,5.88235294117647,11,14,6,8,17,1833,1030,803,140,649,1184,5.21584287506819,5.79363105825243,4.4747198007472,4.94392857142857,4.79027733436056,5.44911317567568,80
"82",2008,11,5.51842105263158,38,5.37272727272727,5.71875,5.22727272727273,5.17,5.64285714285714,22,16,11,10,28,1871,1052,819,151,659,1212,5.22198823623731,5.7848288878327,4.4990231990232,4.96456953642384,4.79603943854325,5.45358910891089,81
"83",2008,12,5.85161290322581,31,6.45714285714286,5.35294117647059,6.42857142857143,4.925,6.17391304347826,14,17,7,8,23,1902,1066,836,158,667,1235,5.23225025762355,5.7936585272045,4.51638755980861,5.02943037974684,4.79758619190405,5.467004048583,82
"84",2009,1,5.42279411764706,68,5.87142857142857,4.9469696969697,5.46666666666667,5.54166666666667,5.35795454545455,35,33,15,24,44,1970,1101,869,173,691,1279,5.23882740609137,5.79613078110808,4.53273878020714,5.06734104046243,4.82342979739508,5.46325254104769,83
"85",2009,2,5.10727272727273,55,6.056,4.31666666666667,4.3125,4.31818181818182,5.30454545454545,25,30,8,11,44,2025,1126,899,181,702,1323,5.23525431604938,5.80190052397869,4.52552836484984,5.03397790055249,4.81551280626781,5.45797430083144,84
"86",2009,3,5.00714285714286,42,6.08,4.41111111111111,4.77777777777778,4.61111111111111,5.11515151515152,15,27,9,9,33,2067,1141,926,190,711,1356,5.23061925012095,5.80555652059597,4.52219222462203,5.02184210526316,4.81292544303798,5.44963126843658,85
"87",2009,4,4.83928571428571,28,5.33333333333333,4.60526315789474,5,4.58333333333333,4.90909090909091,9,19,6,6,22,2095,1150,945,196,717,1378,5.22538901670644,5.80186086086956,4.52386243386244,5.02117346938776,4.81100417015342,5.44100145137881,86
"88",2009,5,5.08918918918919,37,5.9,4.4,4.85714285714286,4.33333333333333,5.33214285714286,17,20,7,9,28,2132,1167,965,203,726,1406,5.22302532363977,5.8032904798629,4.52129533678757,5.01551724137931,4.805082630854,5.43883357041252,87
"89",2009,6,4.6,35,4.97058823529412,4.25,4.41666666666667,3.5625,4.90740740740741,17,18,6,8,27,2167,1184,983,209,734,1433,5.21296261652053,5.79133445101351,4.51632756866735,4.99832535885167,4.79153949591281,5.42882065596651,88
"90",2009,7,5.22674418604651,43,5.91578947368421,4.68125,4.81,4.3,5.50757575757576,19,24,10,10,33,2210,1203,1007,219,744,1466,5.21323076470588,5.79330007481297,4.52025819265144,4.98972602739726,4.78493278225807,5.4305934515689,89
"91",2009,8,5.69736842105263,38,6.33333333333333,5.40384615384615,5.2,5.36363636363636,5.83333333333333,12,26,10,11,27,2248,1215,1033,229,755,1493,5.22141458629893,5.79863373662551,4.54249757986447,4.99890829694323,4.79336422516557,5.43787675820496,90
"92",2009,9,5.28648648648649,37,5.21428571428571,5.3304347826087,4.93333333333333,4.35714285714286,5.85217391304348,14,23,9,14,23,2285,1229,1056,238,769,1516,5.22246826695842,5.7919772091131,4.55965909090909,4.99642857142857,4.78542261378414,5.44416226912929,91
"93",2009,10,5.04565217391304,46,5.70526315789474,4.58148148148148,5.33333333333333,4.55555555555556,5.16486486486486,19,27,9,9,37,2331,1248,1083,247,778,1553,5.21897897468897,5.79065704326923,4.56020313942752,5.0087044534413,4.78276348329049,5.43750804893754,92
"94",2009,11,5.54,55,5.87741935483871,5.10416666666667,4.95454545454545,5.85294117647059,5.4,31,24,11,17,38,2386,1279,1107,258,795,1591,5.22637887259011,5.79275996090696,4.57199638663054,5.00639534883721,4.80564778616352,5.43661219358894,93
"95",2009,12,4.69137931034483,58,5.46666666666667,4.01612903225806,3.94444444444444,3.78125,5.03809523809524,27,31,9,16,42,2444,1306,1138,267,811,1633,5.21368248363339,5.78601836906585,4.55685413005273,4.97059925093633,4.7854377188656,5.42636252296387,94
"96",2010,1,5.36078431372549,51,5.636,5.09615384615385,5.1875,4.95,5.4609756097561,25,26,8,10,41,2495,1331,1164,275,821,1674,5.2166893747495,5.78320059353869,4.56890034364261,4.97690909090909,4.7874421315469,5.42721027479092,95
"97",2010,2,5.58333333333333,36,6.92307692307692,4.82608695652174,5.7,6.22222222222222,5.37037037037037,13,23,5,9,27,2531,1344,1187,280,830,1701,5.22190438166733,5.79422618303571,4.57388374052233,4.98982142857143,4.80299998795181,5.42630805408583,96
"98",2010,3,5.04871794871795,39,5.73809523809524,4.24444444444444,4.6,5.07,5.04137931034483,21,18,5,10,29,2570,1365,1205,285,840,1730,5.21927626070039,5.79336263003663,4.56896265560166,4.98298245614035,4.80617855952381,5.41985549132948,97
"99",2010,4,5.075,20,6,4.45833333333333,5,4.83333333333333,5.11764705882353,8,12,2,3,17,2590,1373,1217,287,843,1747,5.21816215830116,5.79456663510561,4.56787181594084,4.98310104529617,4.80627519572954,5.41691471093303,98
"100",2010,5,4.654,25,5.64230769230769,3.58333333333333,3,3.5,5.10277777777778,13,12,3,7,18,2615,1386,1229,290,850,1765,5.21276863862333,5.79313852092352,4.55825874694874,4.96258620689655,4.79551763529412,5.41371104815864,99
"101",2010,6,5.35142857142857,35,6.13333333333333,4.17857142857143,4.3,5,5.45555555555556,21,14,5,8,27,2650,1407,1243,295,858,1792,5.21459999622642,5.7982160554371,4.55398230088496,4.95135593220339,4.79742423076923,5.41434151785715,100
"102",2010,7,5.75172413793103,29,6.15555555555556,5.09090909090909,NA,5.55555555555556,5.84,18,11,0,9,20,2679,1425,1254,295,867,1812,5.22041432997387,5.80272981754386,4.55869218500798,4.95135593220339,4.80529410611304,5.41903973509934,101
"103",2010,8,4.94648148148148,27,5.29625,4.66666666666667,3,3.881875,5.39473684210526,12,15,1,8,19,2706,1437,1269,296,875,1831,5.21768107538803,5.79850034098817,4.55996847911742,4.94476351351352,4.79685141714286,5.4187875477881,102
"104",2010,9,4.64130434782609,23,4.65625,4.63333333333333,5,3.16666666666667,5.16176470588235,8,15,4,6,17,2729,1445,1284,300,881,1848,5.21282337486259,5.79217646366782,4.56082554517134,4.9455,4.78574913734393,5.41642316017316,103
"105",2010,10,5.28846153846154,26,6.34375,3.6,5,4.7,5.42857142857143,16,10,2,5,21,2755,1461,1294,302,886,1869,5.21353720145191,5.79821696783025,4.55340030911901,4.94586092715232,4.78526522573364,5.41655965757089,104
"106",2010,11,4.92857142857143,42,5.14761904761905,4.70952380952381,4.84285714285714,4.61111111111111,5.01515151515152,21,21,7,9,33,2797,1482,1315,309,895,1902,5.20925813013944,5.78899796896086,4.55589353612167,4.94352750809062,4.78351395530726,5.40959516298633,105
"107",2010,12,5.1530612244898,49,5.57142857142857,4.59523809523809,4.6,4.125,5.48648648648649,28,21,5,12,37,2846,1510,1336,314,907,1939,5.20829057976107,5.78496356953642,4.55651197604791,4.93805732484077,4.77480153252481,5.41106240330067,106
"108",2011,1,5.40625,48,6.36,4.3695652173913,4.83333333333333,4.84615384615385,5.61428571428571,25,23,6,13,35,2894,1535,1359,320,920,1974,5.21157394263995,5.79432898371336,4.55334805003679,4.93609375,4.77580977173913,5.41466565349544,107
"109",2011,2,4.75,38,4.9375,4.61363636363636,4.1,4.8,4.73214285714286,16,22,5,10,28,2932,1551,1381,325,930,2002,5.20559174283765,5.78549,4.55430847212165,4.92323076923077,4.77606988172043,5.40511988011988,108
"110",2011,3,5.24137931034483,29,6,4.53333333333333,6,6,5.12,14,15,2,4,25,2961,1565,1396,327,934,2027,5.20594224586289,5.78740893929712,4.55408309455587,4.92981651376147,4.78131155246253,5.4016033547114,109
"111",2011,4,5.58571428571429,28,6.26666666666667,4.8,4.83333333333333,4.33333333333333,5.92727272727273,15,13,3,6,22,2989,1580,1409,330,940,2049,5.20949982937437,5.79195885443038,4.55635202271114,4.9289393939394,4.77845211702128,5.40724743777452,110
"112",2011,5,5.30909090909091,22,6.25,4.18,4,5,5.4,12,10,1,5,17,3011,1592,1419,331,945,2066,5.21022749584856,5.7954114258794,4.55369978858351,4.9261329305136,4.77962432804233,5.40718780251694,111
"113",2011,6,5.58,25,6.07692307692308,5.04166666666667,4.8,4.5,5.78571428571429,13,12,5,4,21,3036,1605,1431,336,949,2087,5.21327239459816,5.79769158255452,4.55779175401817,4.92425595238095,4.77844572181244,5.41099664590321,112
"114",2011,7,5.54761904761905,21,5.77083333333333,5.25,5.16666666666667,5.5,5.55555555555556,12,9,3,3,18,3057,1617,1440,339,952,2105,5.21556918220478,5.79749226345084,4.56211805555556,4.926401179941,4.78071952731093,5.41223277909739,113
"115",2011,8,4.62413793103448,29,5.14545454545455,4.30555555555556,4.27777777777778,3.92857142857143,4.84545454545455,11,18,9,7,22,3086,1628,1458,348,959,2127,5.21001133830201,5.7930866031941,4.55895061728395,4.90962643678161,4.77449946819604,5.4063704748472,114
"116",2011,9,4.975,20,5.3125,4.75,5.2,3.33333333333333,5.26470588235294,8,12,5,3,17,3106,1636,1470,353,962,2144,5.20849806503542,5.79073654645477,4.56051020408163,4.91373937677054,4.77000518711019,5.40524720149254,115
"117",2011,10,4.87903225806452,31,5.29545454545455,3.86111111111111,4.75,4.875,4.8804347826087,22,9,1,8,23,3137,1658,1479,354,970,2167,5.20524226649666,5.78416465018094,4.55625422582826,4.91327683615819,4.77087112371134,5.39967697277342,116
"118",2011,11,4.97045454545455,44,4.96666666666667,4.975,5.33333333333333,4.08333333333333,5.11052631578947,24,20,3,6,38,3181,1682,1499,357,976,2205,5.20199465262496,5.7724999940547,4.56184122748499,4.91680672268908,4.76664445696722,5.39469387755102,117
"119",2011,12,5.41029411764706,34,5.4975,5.28571428571429,5.4,4.75,5.61346153846154,20,14,5,8,26,3215,1702,1513,362,984,2231,5.20419750855366,5.76926850176263,4.5685393258427,4.92348066298343,4.76650913617886,5.39724338861497,118
"120",2012,1,5.61442307692308,52,5.55909090909091,5.655,6.040625,5.359375,5.72777777777778,22,30,16,16,36,3267,1724,1543,378,1000,2267,5.21072696357515,5.76658642111369,4.58966299416721,4.9707671957672,4.77599499,5.40249228054698,119
"121",2012,2,5.33333333333333,27,5.83333333333333,4.33333333333333,3.5,3,5.42307692307692,18,9,1,1,26,3294,1742,1552,379,1001,2293,5.21173193381907,5.76727611366246,4.58817654639175,4.96688654353562,4.77422076923077,5.40272568687309,120
"122",2012,3,5.65166666666667,30,5.9375,5.325,6.125,4.01,5.98,16,14,4,5,25,3324,1758,1566,383,1006,2318,5.21570246389892,5.76882536405006,4.59476372924649,4.9789817232376,4.77042245526839,5.4089516824849,121
"123",2012,4,5.97826086956522,23,5.92307692307692,6.05,6.6,4,6.16666666666667,13,10,5,2,21,3347,1771,1576,388,1008,2339,5.22094263220795,5.76995764539808,4.60399746192893,4.99987113402062,4.76889383928572,5.41575459598119,122
"124",2012,5,4.8741935483871,31,5.26666666666667,4.50625,4.75,5,4.85,15,16,4,5,26,3378,1786,1592,392,1013,2365,5.2177605062167,5.7657306774916,4.60301507537688,4.99732142857143,4.77003454096743,5.40953488372093,123
"125",2012,6,5.24074074074074,27,5.91666666666667,4.7,5.625,6,5.18,12,15,4,2,25,3405,1798,1607,396,1015,2390,5.21794272834068,5.76673803670745,4.60392034847542,5.00366161616162,4.7724581182266,5.40713389121339,124
"126",2012,7,5.74823529411765,34,6.305,4.95285714285714,4.86666666666667,6.25,5.64071428571429,20,14,3,6,28,3439,1818,1621,399,1021,2418,5.22318551613841,5.77265951045105,4.60693399136335,5.00263157894737,4.78114102840353,5.40983870967742,125
"127",2012,8,5.704,25,6.425,5.03846153846154,5.75,3.62,6.225,12,13,4,5,20,3464,1830,1634,403,1026,2438,5.22665559757506,5.77693715300547,4.61036719706242,5.01004962779156,4.77548244639376,5.41652584085316,126
"128",2012,9,5.66666666666667,24,6.26923076923077,4.95454545454545,5.625,6.25,5.47222222222222,13,11,4,6,18,3488,1843,1645,407,1032,2456,5.22968319667431,5.7804096527401,4.61266869300912,5.01609336609337,4.78405522286822,5.41693403908795,127
"129",2012,10,5.03846153846154,26,5.38888888888889,4.25,5,4.25,5.18181818181818,18,8,2,4,22,3514,1861,1653,409,1036,2478,5.22826835230507,5.7766227780763,4.61091349062311,5.01601466992665,4.78199323359074,5.41484665052462,128
"130",2012,11,5.75714285714286,35,6.65625,5,4.7,5.16666666666667,5.96153846153846,16,19,5,9,26,3549,1877,1672,414,1045,2504,5.23348407720485,5.78412093233884,4.61533492822966,5.01219806763285,4.78530621052632,5.4205231629393,129
"131",2012,12,5.71875,32,6,5,NA,5.5,5.78,23,9,0,7,25,3581,1900,1681,414,1052,2529,5.23782043842502,5.78673420526316,4.61739440809042,5.01219806763285,4.79006177756654,5.42407671016212,130
"132",2013,1,5.35,48,5.70322580645161,4.70588235294118,4.75,4.36666666666667,5.57692307692308,31,17,4,9,39,3629,1931,1698,418,1061,2568,5.2393042132819,5.7853935732781,4.61828032979976,5.00968899521531,4.78647030160226,5.42639797507788,131
"133",2013,2,5.23258064516129,31,5.32142857142857,5.15941176470588,5.2,5.0625,5.29173913043478,14,17,5,8,23,3660,1945,1715,423,1069,2591,5.23924726502732,5.78205397943445,4.6236443148688,5.01193853427896,4.78853600561273,5.42520262446932,132
"134",2013,3,5.20178378378378,37,5.41764705882353,5.0183,4,4.2732,5.346875,17,20,2,5,32,3697,1962,1735,425,1074,2623,5.23887232621044,5.77889652905199,4.62819365994236,5.00717647058824,4.7861368621974,5.4242470453679,133
"135",2013,4,4.84444444444444,36,4.80769230769231,4.86521739130435,4.42857142857143,5.33333333333333,4.68148148148148,13,23,7,9,27,3733,1975,1758,432,1083,2650,5.23506857487276,5.77250379240506,4.63129465301479,4.99780092592593,4.79068420129271,5.41667924528302,134
"136",2013,5,5.24555555555556,27,5.75722222222222,4.22222222222222,4,4.726,5.36363636363636,18,9,2,5,22,3760,1993,1767,434,1088,2672,5.23514388031915,5.77236577521325,4.62921109224675,4.99320276497696,4.79038693933824,5.41624251497006,135
"137",2013,6,5.3125,28,6.31666666666667,4.15384615384615,4.125,4.67857142857143,5.52380952380952,15,13,4,7,21,3788,2008,1780,438,1095,2693,5.23571567845829,5.77643176792829,4.6257393258427,4.98527397260274,4.7896721369863,5.41708132194579,136
"138",2013,7,4.79375,32,5.32,3.91666666666667,3.66666666666667,3.625,5.18333333333333,20,12,3,8,24,3820,2028,1792,441,1103,2717,5.23201334816754,5.77193046844182,4.62099107142857,4.97630385487528,4.78122483227561,5.41501656238499,137
"139",2013,8,5.25806451612903,31,5.65625,4.83333333333333,2.75,3.66666666666667,5.64,16,15,4,6,25,3851,2044,1807,445,1109,2742,5.232223056349,5.77102494618395,4.62275373547316,4.95629213483146,4.77519476104599,5.41706783369803,138
"140",2013,9,4.96428571428571,42,5.84782608695652,3.89473684210526,3.83333333333333,3.88888888888889,5.25757575757576,23,19,6,9,33,3893,2067,1826,451,1118,2775,5.22933238890316,5.77187953072085,4.61517853231106,4.94135254988914,4.76805991949911,5.41517117117117,139
"141",2013,10,4.94,25,5.77272727272727,4.28571428571429,3,4,5.06818181818182,11,14,1,3,22,3918,2078,1840,452,1121,2797,5.22748621490557,5.77188401828681,4.61267173913043,4.93705752212389,4.7660044513827,5.4124419020379,140
"142",2013,11,5.46590909090909,44,5.38095238095238,5.54347826086957,5.35,5.1,5.51282051282051,21,23,10,5,39,3962,2099,1863,462,1126,2836,5.23013402069662,5.76797283944736,4.62416317767042,4.94599567099567,4.76748755772647,5.41382228490832,141
"143",2013,12,4.70731707317073,41,5.55263157894737,3.97727272727273,3.61111111111111,4.58333333333333,4.72857142857143,19,22,9,6,35,4003,2118,1885,471,1132,2871,5.22477916312766,5.76604107176582,4.61661326259947,4.92048832271762,4.76651147526502,5.40546847788227,142
"144",2014,1,5.29827586206897,58,5.72307692307692,4.953125,4.66666666666667,4.72727272727273,5.43191489361702,26,32,6,11,47,4061,2144,1917,477,1143,2918,5.22582885742428,5.76552005130597,4.62223056859677,4.91729559748428,4.76613384951881,5.40589444825223,143
"145",2014,2,4.73676470588235,34,5.62857142857143,4.1125,4.2,4.43,4.86458333333333,14,20,5,10,24,4095,2158,1937,482,1153,2942,5.22176825152625,5.7646315987025,4.61696747547754,4.90985477178423,4.76321855160451,5.40147858599592,144
"146",2014,3,5.9030303030303,33,6.615,4.80769230769231,4.66666666666667,4.26,6.19642857142857,20,13,6,5,28,4128,2178,1950,488,1158,2970,5.2272143871124,5.77244030762167,4.61823897435897,4.90686475409836,4.76104575993092,5.40897306397307,145
"147",2014,4,5.21428571428571,35,5.5625,4.92105263157895,5.125,3.75,5.40322580645161,16,19,8,4,31,4163,2194,1969,496,1162,3001,5.22710569060774,5.7709092935278,4.62116099542915,4.91038306451613,4.75756539586919,5.40891369543486,146
"148",2014,5,5.13225806451613,31,5.43333333333333,4.5,5,5.12,5.13461538461539,21,10,5,5,26,4194,2215,1979,501,1167,3027,5.22640462327134,5.76770879909706,4.62054876200101,4.91127744510978,4.75911824335904,5.40655764783614,147
"149",2014,6,4.3875,24,4.42857142857143,4.37058823529412,5.07142857142857,4.66666666666667,4.29444444444444,7,17,7,6,18,4218,2222,1996,508,1173,3045,5.22163133949739,5.76349009450945,4.61841983967936,4.9134842519685,4.75864534526854,5.39998357963875,148
"150",2014,7,5.03448275862069,29,6.26666666666667,4.48,4.025,3.6,5.33333333333333,9,20,4,5,24,4247,2231,2016,512,1178,3069,5.22035342359312,5.76551994173016,4.61704662698413,4.90654296875,4.75372749575552,5.3994623655914,149
"151",2014,8,4.77272727272727,33,5.33333333333333,4.1,3.6,3.25,4.98275862068965,18,15,5,4,29,4280,2249,2031,517,1182,3098,5.21690210046729,5.76206091151623,4.61322796651896,4.89390715667311,4.74863873942471,5.39556165267915,150
"152",2014,9,5.75161290322581,31,5.80555555555556,5.67692307692308,5,5.25,5.82592592592593,18,13,4,4,27,4311,2267,2044,521,1186,3125,5.22074715611227,5.76240625937362,4.61999315068493,4.8947216890595,4.75032967116358,5.39928,151
"153",2014,10,4.4375,24,5.4,3.75,3.66666666666667,5,4.28947368421053,10,14,6,5,19,4335,2277,2058,527,1191,3144,5.21641083967705,5.76081466403162,4.61407482993197,4.88074003795066,4.75137782535685,5.39257315521629,152
"154",2014,11,4.64583333333333,24,5.11428571428571,3.99,4.95,4.74,4.57857142857143,14,10,2,10,14,4359,2291,2068,529,1201,3158,5.21326932553338,5.75686381056307,4.61105705996131,4.88100189035917,4.75128308909243,5.38896453451552,153
"155",2014,12,5.34634146341463,41,5.92631578947368,4.84545454545455,5.3,5,5.39444444444444,19,22,10,5,36,4400,2310,2090,539,1206,3194,5.21450931590909,5.75825757142857,4.61352440191387,4.88877551020408,4.75231425373135,5.38902629931121,154
"156",2015,1,5.52878787878788,66,6.39189189189189,4.42758620689655,4.5,5.5,5.53275862068966,37,29,8,8,58,4466,2347,2119,547,1214,3252,5.21915382669055,5.76824669365147,4.61097970740915,4.88308957952468,4.75724134266887,5.39158979089791,155
"157",2015,2,5.08125,40,5.85526315789474,4.38095238095238,6,5.57142857142857,4.97727272727273,19,21,3,7,33,4506,2366,2140,550,1221,3285,5.21792964713715,5.76894547337278,4.60872242990654,4.88918181818182,4.76190908271909,5.38742770167428,156
"158",2015,3,5.40816326530612,49,5.35714285714286,5.47619047619048,5.4,5,5.52631578947368,28,21,10,11,38,4555,2394,2161,560,1232,3323,5.21997606805708,5.76412906850459,4.61715224433133,4.89830357142857,4.76403489448052,5.38901594944328,157
"159",2015,4,5.41025641025641,39,6.25,4.69047619047619,5,4.75,5.53030303030303,18,21,4,6,33,4594,2412,2182,564,1238,3356,5.22159142141924,5.76775497097844,4.61785792850596,4.89902482269504,4.76396687399031,5.3904052443385,158
"160",2015,5,4.72727272727273,22,5.625,3.65,5,6.5,4.55,12,10,2,2,20,4616,2424,2192,566,1240,3376,5.21923548310225,5.76704826320132,4.61344251824817,4.8993816254417,4.76676692741936,5.38542654028436,159
"161",2015,6,4.88888888888889,36,5.91666666666667,4.375,4.5,5.5,4.79032258064516,12,24,8,5,31,4652,2436,2216,574,1245,3407,5.21667906061909,5.76778529967159,4.61086010830325,4.89381533101045,4.76971163855422,5.3800117405342,160
"162",2015,7,5.49512195121951,41,6.09583333333333,4.64705882352941,5.1,5.625,5.46363636363636,24,17,5,8,33,4693,2460,2233,579,1253,3440,5.21911165352653,5.77098576829268,4.61113569189431,4.89559585492228,4.7751723782921,5.38081395348837,161
"163",2015,8,5.27096774193548,31,6.045,3.86363636363636,5.85,4.6,5.4,20,11,4,5,26,4724,2480,2244,583,1258,3466,5.21945194538527,5.77319556048387,4.60747147950089,4.90214408233276,4.77447614467409,5.38095787651472,162
"164",2015,9,5.171875,32,5.57894736842105,4.57692307692308,4,5,5.17741935483871,19,13,2,1,31,4756,2499,2257,585,1259,3497,5.2191318313709,5.77171868347339,4.60729552503323,4.89905982905983,4.77465527402701,5.37915356019445,163
"165",2015,10,5.37058823529412,34,6.1625,4.66666666666667,5.12857142857143,3.75,5.71785714285714,16,18,7,6,28,4790,2515,2275,592,1265,3525,5.22020688726514,5.77420476739562,4.60776527472527,4.90177364864865,4.76979524901186,5.38184397163121,164
"166",2015,11,5.25151515151515,33,5.54210526315789,4.85714285714286,4.41666666666667,7.33333333333333,5.04333333333333,19,14,6,3,30,4823,2534,2289,598,1268,3555,5.22042110512129,5.77246447908445,4.60929051987767,4.89690635451505,4.7758604022082,5.37898734177215,165
"167",2015,12,4.92972972972973,37,5.71666666666667,4.18421052631579,5.75,4.76,4.95625,18,19,4,5,32,4860,2552,2308,602,1273,3587,5.21820802263374,5.77207092084639,4.60579116117851,4.90257475083057,4.77579810683425,5.37521605798718,166
"168",2016,1,5.31465517241379,58,5.73333333333333,4.86607142857143,6.25,3.7,5.46698113207547,30,28,7,5,53,4918,2582,2336,609,1278,3640,5.21934546360309,5.77162083268784,4.60891095890411,4.91806239737274,4.77158919405321,5.3765521978022,167
"169",2016,2,5.61111111111111,36,6.04347826086957,4.84615384615385,5,5,5.66666666666667,23,13,2,3,33,4954,2605,2349,611,1281,3673,5.22219236778361,5.77402110940499,4.6102239250745,4.91833060556465,4.77212411397346,5.37915872583719,168
"170",2016,3,4.88205128205128,39,5.88888888888889,4.01904761904762,4.33333333333333,4,5.04242424242424,18,21,9,6,33,4993,2623,2370,620,1287,3706,5.21953554776687,5.77480937476172,4.60498565400844,4.90983870967742,4.76852446775447,5.37616028062601,169
"171",2016,4,5.12162162162162,37,5.52777777777778,4.73684210526316,4.83333333333333,5.66666666666667,4.94642857142857,18,19,3,9,28,5030,2641,2389,623,1296,3734,5.21881530616302,5.7731257061719,4.60603432398493,4.90947030497592,4.77476156635803,5.37293786823782,170
"172",2016,5,5.2025641025641,39,5.56842105263158,4.855,3.8,5,5.22571428571429,19,20,5,4,35,5069,2660,2409,628,1300,3769,5.21869027224305,5.77166353007518,4.60810128684101,4.90063694267516,4.77545460769231,5.37157070841072,171
"173",2016,6,4.6025,40,5.13333333333333,4.284,4.09090909090909,4.9,4.50333333333333,15,25,11,10,30,5109,2675,2434,639,1310,3799,5.21386592092386,5.76808410841121,4.60477239112572,4.88669796557121,4.77640533587787,5.36471439852593,172
"174",2016,7,5.0225,40,5.325,4.72,4.75714285714286,4.8125,5.075,20,20,7,8,32,5149,2695,2454,646,1318,3831,5.21237929500874,5.76479591465677,4.60571149144254,4.88529411764706,4.77662442336874,5.36229444009397,173
"175",2016,8,5.36,45,5.62758620689655,4.875,6.2,5.42857142857143,5.34736842105263,29,16,5,7,38,5194,2724,2470,651,1325,3869,5.21365825760493,5.76333516519823,4.60745587044534,4.89539170506913,4.78006867169812,5.36214784181959,174
"176",2016,9,5.38428571428571,35,6.06785714285714,4.92857142857143,6.5,4.28571428571429,5.65892857142857,14,21,4,7,28,5229,2738,2491,655,1332,3897,5.21480034232167,5.76489225346968,4.61016298675231,4.90519083969466,4.77747071321322,5.36428021555042,175
"177",2016,10,5.33333333333333,45,5.80952380952381,4.91666666666667,5.25,4.75,5.45945945945946,21,24,6,8,37,5274,2759,2515,661,1340,3934,5.21581171596511,5.76523196447988,4.61308787276342,4.90832072617247,4.77730670895523,5.36517539400102,176
"178",2016,11,4.90789473684211,57,5.5,4.09375,3.83333333333333,4.27272727272727,5.05978260869565,33,24,9,11,46,5331,2792,2539,670,1351,3980,5.21251941286813,5.76209705945558,4.60817881055534,4.89388059701493,4.77319836417469,5.36164572864322,177
"179",2016,12,4.6625,48,5.37647058823529,4.27096774193548,4.8625,3.94444444444444,4.82820512820513,17,31,8,9,39,5379,2809,2570,678,1360,4019,5.2076112641755,5.75976325738697,4.60411128404669,4.89351032448378,4.7677139632353,5.35646927096293,178
"180",2017,1,5.12955882352941,68,5.92314285714286,4.28787878787879,4.13636363636364,4.7,5.20362068965517,35,33,11,10,58,5447,2844,2603,689,1370,4077,5.20663686249312,5.76177390646976,4.60010218978102,4.88142235123367,4.76721970072993,5.35429482462595,179
"181",2017,2,5.11914893617021,47,5.65789473684211,4.75357142857143,3.82,4,5.22325581395349,19,28,5,4,43,5494,2863,2631,694,1374,4120,5.20588842191482,5.76108452322738,4.6017354618016,4.87377521613833,4.76498616448326,5.35292718446602,180
"182",2017,3,5.1551724137931,29,6.03125,4.07692307692308,4.5,4.8,5.22916666666667,16,13,2,5,24,5523,2879,2644,696,1379,4144,5.20562212384574,5.76258596387634,4.59915506807867,4.87270114942529,4.7651131182016,5.35221042471043,181
"183",2017,4,5.45075,40,6.21739130434783,4.41352941176471,5.5,3.5,5.55342105263158,23,17,2,2,38,5563,2902,2661,698,1381,4182,5.20738468272515,5.7661905547898,4.5979691845171,4.87449856733525,4.76328094858798,5.3540387374462,182
"184",2017,5,5.4075,40,5.3952380952381,5.42105263157895,6.08333333333333,5.5,5.39722222222222,21,19,6,4,36,5603,2923,2680,704,1385,4218,5.20881331251116,5.76352548409168,4.60380447761194,4.88480113636364,4.76540865703971,5.35440730203888,183
"185",2017,6,4.95675675675676,37,5.5625,4.4952380952381,4,4,5.01142857142857,16,21,5,2,35,5640,2939,2701,709,1387,4253,5.20715975,5.76243109561075,4.60296038504258,4.87856135401975,4.76430496755588,5.35158476369622,184
"186",2017,7,5.06666666666667,39,5.74166666666667,3.98666666666667,4.33333333333333,4.05,5.25151515151515,24,15,3,6,33,5679,2963,2716,712,1393,4286,5.20619492692376,5.76226290583867,4.59955670103093,4.87626404494382,4.76122827709979,5.35081427904806,185
"187",2017,8,5.08407142857143,42,5.95155,4.29545454545455,4.75,4,5.30088571428571,20,22,6,7,35,5721,2983,2738,718,1400,4321,5.20529837266212,5.76353201139792,4.59711322132944,4.87520891364903,4.75742213571429,5.35040985882898,186
"188",2017,9,5.76470588235294,34,5.84210526315789,5.66666666666667,6.16666666666667,5.66666666666667,5.7741935483871,19,15,6,3,31,5755,3002,2753,724,1403,4352,5.20860329973936,5.76402931045969,4.60294079186342,4.88591160220995,4.75936635067712,5.35342853860294,187
"189",2017,10,5.30810810810811,37,6,4.49411764705882,4.7,5.86666666666667,5.25882352941176,20,17,4,3,34,5792,3022,2770,728,1406,4386,5.20923894854973,5.76559099602912,4.60227292418772,4.88489010989011,4.76172901137981,5.35269516643867,188
"190",2017,11,5.15416666666667,48,5.976,4.26086956521739,4.8,5.33333333333333,5.12857142857143,25,23,5,6,42,5840,3047,2793,733,1412,4428,5.20878629965754,5.7673173580571,4.59946151092016,4.88431105047749,4.76415792492918,5.35056933152665,189
"191",2017,12,4.916,50,5.11363636363636,4.76071428571429,5.2,3.8,5.04,22,28,5,5,45,5890,3069,2821,738,1417,4473,5.20630084719864,5.76263147279244,4.60106203473945,4.88644986449865,4.76075581510233,5.34744489157165,190
"192",2018,1,5.38135593220339,59,5.87931034482759,4.9,5.14285714285714,5.75,5.32352941176471,29,30,7,8,51,5949,3098,2851,745,1425,4524,5.20803697932426,5.76372368947708,4.60420764643984,4.88885906040269,4.76630946666667,5.34717528735632,191
"193",2018,2,4.8859375,32,5.60666666666667,4.25,3.83333333333333,4.85,4.89259259259259,15,17,6,5,27,5981,3113,2868,751,1430,4551,5.20631365825113,5.76296690973337,4.60210808926081,4.88042609853529,4.7666020909091,5.34447835640519,192
"194",2018,3,5.509,40,6.24363636363636,4.61111111111111,4.6,5,5.59882352941176,22,18,5,6,34,6021,3135,2886,756,1436,4585,5.20832452914798,5.76634002870813,4.60216424116424,4.87857142857143,4.76757729108636,5.34636444929117,193
"195",2018,4,5.33985177777778,45,6.57185166666667,4.51851851851852,4.72222222222222,3.75,5.49495926829268,18,27,9,4,41,6066,3153,2913,765,1440,4626,5.20930025057699,5.77093857278782,4.60138894610367,4.87673202614379,4.7647506875,5.34768143752702,194
"196",2018,5,5.12222222222222,36,5.75833333333333,3.85,5.5,4.73333333333333,5.15757575757576,24,12,2,3,33,6102,3177,2925,767,1443,4659,5.20878651589643,5.77084334907145,4.59830632478632,4.87835723598436,4.76468537075537,5.34633490663233,195
"197",2018,6,5.06982352941176,17,5.59814285714286,4.7,4.5,4,5.1366875,7,10,4,1,16,6119,3184,2935,771,1444,4675,5.20840044451708,5.77046366834171,4.5986528109029,4.87639429312581,4.76415581024931,5.34561739679145,196
"198",2018,7,5.16428571428571,28,6.19333333333333,3.97692307692308,4,4,5.25384615384615,15,13,5,2,26,6147,3199,2948,776,1446,4701,5.20819949894258,5.77244648952798,4.59591112618725,4.87074742268042,4.76309888658368,5.34510983407786,197
"199",2018,8,5.38794871794872,39,5.80115384615385,4.56153846153846,5.6,3.83333333333333,5.5175,26,13,3,3,36,6186,3225,2961,779,1449,4737,5.20933273844165,5.77267792868217,4.59576021614319,4.87355584082157,4.76117390614217,5.34641995566815,198
"200",2018,9,5.72352941176471,34,6.21428571428571,4.93076923076923,5.025,4.625,5.87,21,13,4,4,30,6220,3246,2974,783,1453,4767,5.21214345980708,5.77553491065927,4.5972246133154,4.87432950191571,4.76079902959395,5.34971498426684,199
"201",2018,10,4.8741935483871,31,4.90588235294118,4.83571428571429,6.33333333333333,3.6,5.11923076923077,17,14,3,5,26,6251,3263,2988,786,1458,4793,5.21046749640058,5.771004082133,4.59834203480589,4.87989821882952,4.75681823731139,5.3484647047778,200
"202",2018,11,5.22294117647059,34,5.56,4.74142857142857,NA,4,5.26,20,14,0,1,33,6285,3283,3002,786,1459,4826,5.21053497533811,5.76971864757843,4.59900932711526,4.87989821882952,4.75629951336532,5.34785978657273,201
"203",2018,12,4.84423076923077,52,5.64782608695652,4.20689655172414,3.33333333333333,3,5.17954545454545,23,29,6,8,44,6337,3306,3031,792,1467,4870,5.20752916522014,5.76887063520871,4.59525767073573,4.86818181818182,4.74672187457396,5.34633908213553,202
"204",2019,1,5.425,68,6.01176470588235,4.83823529411765,5,4.375,5.565,34,34,8,8,60,6405,3340,3065,800,1475,4930,5.20983798907104,5.77134320958084,4.59795301794453,4.8695,4.74470575593221,5.34900026977688,203
"205",2019,2,5.3525641025641,39,5.8804347826087,4.59375,4.375,3,5.54861111111111,23,16,4,3,36,6444,3363,3081,804,1478,4966,5.2107017877095,5.77208930121915,4.5979311911717,4.86703980099503,4.74116440460082,5.35044730769231,204
"206",2019,3,5.09090909090909,33,5.375,4.82352941176471,4.83333333333333,4,5.5,16,17,6,9,24,6477,3379,3098,810,1487,4990,5.21009144974526,5.77020903225806,4.59916914138154,4.86679012345679,4.73667854068595,5.3511665991984,205
"207",2019,4,5.90322580645161,31,6.3125,5.46666666666667,5.4,5.75,5.92592592592593,16,15,5,4,27,6508,3395,3113,815,1491,5017,5.21339310387216,5.77276474815906,4.60334918085448,4.87006134969325,4.73939704225352,5.35425978273869,206
"208",2019,5,5.10869565217391,23,6.06666666666667,3.3125,2.75,4.3,5.33333333333333,15,8,4,5,18,6531,3410,3121,819,1496,5035,5.21302439442658,5.77405757184751,4.60004037167574,4.85970695970696,4.73792846925134,5.35418497120159,207
"209",2019,6,5.21333333333333,15,5.55555555555556,4.7,5.5,3.33333333333333,5.68333333333333,9,6,2,3,12,6546,3419,3127,821,1499,5047,5.21302510235259,5.77348239836209,4.6002321714103,4.86126674786846,4.73511740493663,5.35496757083416,208
"210",2019,7,5.48125,40,6.06666666666667,4.83421052631579,5.75,5.14285714285714,5.5530303030303,21,19,4,7,33,6586,3440,3146,825,1506,5080,5.21465416337686,5.77527218604651,4.60164526382708,4.86557575757576,4.73701260956176,5.3562541988189,209
"211",2019,8,5.24144913043478,23,4.905333,5.5,6.08333333333333,5.66666666666667,5.1776665,10,13,6,3,20,6609,3450,3159,831,1509,5100,5.21474741261916,5.77275062318841,4.60534219689775,4.87436823104693,4.73886082836316,5.35555385490196,210
"212",2019,9,5.61538461538461,26,6.3125,4.5,4.6,5.25,5.68181818181818,16,10,5,4,22,6635,3466,3169,836,1513,5122,5.21631735493595,5.77524225331795,4.6050097822657,4.87272727272728,4.74021215465962,5.35695522452167,211
"213",2019,10,5.06852941176471,34,5.56555555555556,4.509375,4.625,3.5,5.1665625,18,16,4,2,32,6669,3484,3185,840,1515,5154,5.21556390013496,5.77415891216992,4.60452935635793,4.87154761904762,4.73857491089109,5.35577311990687,212
"214",2019,11,5.7068,25,5.818125,5.50888888888889,6.16666666666667,5.83333333333333,5.68954545454545,16,9,3,3,22,6694,3500,3194,843,1518,5176,5.21739851359427,5.7743599,4.60707764558547,4.8761565836299,4.74073846508564,5.3571917812983,213
"215",2019,12,5.19883720930233,43,5.81190476190476,4.61363636363636,4.25,3.33333333333333,5.33875,21,22,8,3,40,6737,3521,3216,851,1521,5216,5.21728004304587,5.77458382561772,4.60712251243781,4.87027027027027,4.73796251808021,5.35705035659509,214
"216",2020,1,5.44339175438597,57,5.81066657142857,4.85909090909091,4.88461538461539,5.29166666666667,5.48385177777778,35,22,13,12,45,6794,3556,3238,864,1533,5261,5.21917706505741,5.77493897075365,4.60883446571958,4.87048611111111,4.74229679712981,5.35813495343091,215
"217",2020,2,5.58333333333333,33,6.59722222222222,4.36666666666667,4.66666666666667,5.875,5.54310344827586,18,15,3,4,29,6827,3574,3253,867,1537,5290,5.22093730481911,5.77908029658646,4.60771779895481,4.86978085351788,4.7452446258946,5.3591489584121,216
"218",2020,3,5.37297297297297,37,6,4.55,5.83333333333333,5,5.41818181818182,21,16,3,4,33,6864,3595,3269,870,1541,5323,5.2217568444056,5.78037078720445,4.60743530131539,4.87310344827587,4.74590589876704,5.35951493330829,217
"219",2020,4,5.83666677419355,31,6.1943335,5.18636363636364,5.72142857142857,5.85714285714286,5.83069458333333,20,11,7,7,24,6895,3615,3280,877,1548,5347,5.22452148658449,5.7826610373444,4.60937682926829,4.87987457240593,4.75093087209302,5.36162982233028,218
"220",2020,5,5.63181818181818,22,5.84,5.45833333333333,7.1,NA,5.63181818181818,10,12,5,0,22,6917,3625,3292,882,1548,5369,5.22581692207605,5.7828192137931,4.61247144592953,4.89246031746032,4.75093087209302,5.36273694542746,219
"221",2020,6,5.640625,32,5.5,5.8,6.25,6.66666666666667,5.53448275862069,17,15,4,3,29,6949,3642,3307,886,1551,5398,5.22772710461938,5.78149908017573,4.61785787723012,4.89858916478556,4.75463635718891,5.36365962578733,220
"222",2020,7,5.09761904761905,21,6.03333333333333,4.39583333333333,4.75,4.32,5.340625,9,12,2,5,16,6970,3651,3319,888,1556,5414,5.22733510043042,5.78211987126815,4.61705513708949,4.89825450450451,4.75323971079692,5.36359155153306,221
"223",2020,8,5.83928571428571,28,5.9375,5.70833333333333,6.75,6,5.83333333333333,16,12,4,1,27,6998,3667,3331,892,1557,5441,5.22978360245785,5.78279783201527,4.62098649054338,4.90655829596413,4.75404045600514,5.36592256202904,222
"224",2020,9,5.63225806451613,31,6.21052631578947,4.71666666666667,4.32,5.15,5.7037037037037,19,12,5,4,27,7029,3686,3343,897,1561,5468,5.2315586356523,5.78500261801411,4.62132994316482,4.90328874024527,4.75505508648303,5.36759046452085,223
"225",2020,10,5.22727272727273,33,5.68181818181818,4.31818181818182,4,5.08333333333333,5.25925925925926,22,11,6,6,27,7062,3708,3354,903,1567,5495,5.23153860804305,5.78439041262136,4.62033571854502,4.89728682170543,4.75631205488194,5.36705817288444,224
"226",2020,11,5.721875,32,6.33333333333333,4.93571428571429,4.44285714285714,NA,5.721875,18,14,7,0,32,7094,3726,3368,910,1567,5527,5.23375044403722,5.78704231078905,4.62164667458432,4.89379120879121,4.75631205488194,5.36911247693143,225
"227",2020,12,4.95178571428571,56,5.656,4.38387096774194,4.41666666666667,4.7,4.97647058823529,25,31,6,5,51,7150,3751,3399,916,1572,5578,5.23154204895105,5.78616892828579,4.61947808178876,4.89066593886463,4.75613294529262,5.36552252778774,226
"228",2021,1,5.6304347826087,46,5.86206896551724,5.23529411764706,6.1,5.6,5.63414634146341,29,17,5,5,41,7196,3780,3416,921,1577,5619,5.23409194691496,5.78675123015873,4.62254274004684,4.89723127035831,4.75880849080533,5.36748258764905,227
"229",2021,2,4.63666666666667,30,5.44444444444444,4.29047619047619,4.5,4.14285714285714,4.78695652173913,9,21,6,7,23,7226,3789,3437,927,1584,5642,5.23161163160809,5.78593814990763,4.62051382019203,4.89466019417476,4.75608648358586,5.36511603332152,228
"230",2021,3,5.73381481481481,27,6.38461538461539,5.1295,5.3626,5.20325,5.82608695652174,13,14,5,4,23,7253,3802,3451,932,1588,5665,5.23348113194541,5.78798517885324,4.62257867284845,4.89717060085837,4.75721284005038,5.36698758340689,229
"231",2021,4,5.58035714285714,28,6.16666666666667,5.140625,4.25,3.83333333333333,5.79,12,16,4,3,25,7281,3814,3467,936,1591,5690,5.2348150872133,5.78917662558993,4.62496942601673,4.89440491452992,4.75547076681333,5.36884616168717,230
"232",2021,5,5.12222222222222,27,6.17857142857143,3.98461538461538,4.16,5,5.132,14,13,5,2,25,7308,3828,3480,941,1593,5715,5.23439910372195,5.79060074451411,4.62257729885058,4.89050265674814,4.75577777150032,5.36781008923885,231
"233",2021,6,5.19090909090909,22,5.83333333333333,4.42,3.33333333333333,5.6,5.15,12,10,3,2,20,7330,3840,3490,944,1595,5735,5.23426857435198,5.79073428385417,4.62199684813754,4.88555402542373,4.75683635736677,5.36705050741064,232
"234",2021,7,4.55555555555556,18,6,3.4,6.25,5,4.52941176470588,8,10,2,1,17,7348,3848,3500,946,1596,5752,5.23260596761024,5.7911693477131,4.61850542857143,4.88843868921776,4.75698871553885,5.3645748713491,233
"235",2021,8,5.132,25,5.35714285714286,4.84545454545455,5.83333333333333,5,5.15714285714286,14,11,3,4,21,7373,3862,3511,949,1600,5773,5.23226483792215,5.78959597358881,4.61921646254629,4.89142571127503,4.75759624375,5.36382031179629,234
"236",2021,9,4.67826086956522,23,5.05,4.54705882352941,4.5,4.26,4.79444444444444,6,17,4,5,18,7396,3868,3528,953,1605,5791,5.23054200243375,5.78844872026887,4.61886876417234,4.88978279118573,4.75604609968848,5.36205053704023,235
"237",2021,10,5.374,30,6.18428571428571,4.665,2.61333333333333,NA,5.374,14,16,3,0,30,7426,3882,3544,956,1605,5821,5.23112155265285,5.78987626223596,4.61907703160271,4.88263912133892,4.75604609968848,5.36211212162859,236
"238",2021,11,5.07037037037037,27,5.46666666666667,4.575,4.38,5,5.08636363636364,15,12,5,5,22,7453,3897,3556,961,1610,5843,5.23053919898028,5.78863219142931,4.61892829021373,4.88002393340271,4.7568037204969,5.36107387643334,237
"239",2021,12,5.15151515151515,33,5.725,4.26923076923077,4.08333333333333,5.28571428571429,5.11538461538461,20,13,6,7,26,7486,3917,3569,967,1617,5869,5.23019084290677,5.78830728874138,4.61765452507706,4.87508066184075,4.75909337662338,5.35998545919237,238
"240",2022,1,5.20769230769231,52,5.40344827586207,4.96086956521739,5.5375,7,5.05833333333333,29,23,8,4,48,7538,3946,3592,975,1621,5917,5.23003563942691,5.78547887734415,4.61985217149221,4.8805158974359,4.76462306600864,5.35753839107656,239
"241",2022,2,5.23333333333333,36,5.675,4.68125,4.875,4.71111111111111,5.40740740740741,20,16,8,9,27,7574,3966,3608,983,1630,5944,5.23005131370479,5.7849217473525,4.62012444567628,4.88047100712106,4.764327601227,5.35776491588156,240
"242",2022,3,5.55172413793103,29,5.875,5.15384615384615,5.5,6,5.45833333333333,16,13,2,5,24,7603,3982,3621,985,1635,5968,5.2312782651585,5.78528368910095,4.6220405965203,4.88172893401016,4.76810641590214,5.35816934651475,241
"243",2022,4,5.42,25,5.83333333333333,4.35714285714286,2,6.5,5.32608695652174,18,7,1,2,23,7628,4000,3628,986,1637,5991,5.23189678159413,5.7854999125,4.62152949283352,4.87880628803246,4.77022235186317,5.3580461792689,242
"244",2022,5,5.24,25,6.15625,3.61111111111111,3.83333333333333,2,5.375,16,9,3,1,24,7653,4016,3637,989,1638,6015,5.23192325231936,5.78697700448207,4.61902914489965,4.87563498483317,4.76853112942613,5.35811382543641,243
"245",2022,6,5.484375,32,5.90625,5.0625,5.66666666666667,3.3,5.88888888888889,16,16,9,5,27,7685,4032,3653,998,1643,6042,5.23297445022772,5.78745031001984,4.62097153024911,4.88276853707415,4.7640620754717,5.36048571002979,244
"246",2022,7,5.46,25,6.20588235294118,3.875,NA,3.625,5.80952380952381,17,8,0,4,21,7710,4049,3661,998,1647,6063,5.23371059014268,5.7892071252161,4.61934143676591,4.88276853707415,4.76129568306011,5.36204101269998,245
"247",2022,8,4.88571428571429,28,5.12,4.61538461538461,4.66666666666667,3.5,4.99230769230769,15,13,6,2,26,7738,4064,3674,1004,1649,6089,5.2324513634014,5.78673711860236,4.61932743603702,4.88147709163347,4.75976591267435,5.36046225324356,246
"248",2022,9,4.37039130434783,23,5.05158333333333,3.62727272727273,3.6,4.10316666666667,4.46470588235294,12,11,5,6,17,7761,4076,3685,1009,1655,6106,5.22989661770391,5.78457277968597,4.61636607869743,4.87512685827552,4.75738549244713,5.35796833606289,247
"249",2022,10,5.3047619047619,21,5.61538461538461,4.8,4.96666666666667,4.225,5.55882352941176,13,8,3,4,17,7782,4089,3693,1012,1659,6123,5.23009864430738,5.78403488628026,4.61676387760629,4.87539822134388,4.75610186256781,5.35852599379389,248
"250",2022,11,5.22857142857143,28,5.15,5.33333333333333,5.5,3.625,5.49583333333333,16,12,3,4,24,7810,4105,3705,1015,1663,6147,5.23009316901409,5.78156361753959,4.61908475033739,4.87724433497537,4.75338123271197,5.35906208882382,249
"251",2022,12,5.06034482758621,29,5.83846153846154,4.428125,3.75,6,4.91,13,16,5,4,25,7839,4118,3721,1020,1667,6172,5.22946519326445,5.78174323700826,4.61826363880678,4.87171862745098,4.7563725194961,5.35724313998704,250
