"","year","month","avg_rating","no_ratings","avg_rating_owned","avg_rating_not_owned","avg_rating_prev_owned","avg_rating_comment","avg_rating_no_comment","no_ratings_owned","no_ratings_not_owned","no_ratings_prev_owned","no_ratings_comment","no_ratings_no_comment","cum_no_ratings","cum_no_ratings_owned","cum_no_ratings_not_owned","cum_no_ratings_prev_owned","cum_no_ratings_comment","cum_no_ratings_no_comment","cum_avg_rating","cum_avg_rating_owned","cum_avg_rating_not_owned","cum_avg_rating_prev_owned","cum_avg_rating_comment","cum_avg_rating_no_comment","month_after_release"
"1",2007,12,10,1,NA,10,NA,10,NA,0,1,0,1,0,1,0,1,0,1,0,10,NA,10,NA,10,NA,-11
"2",2008,6,2,1,NA,2,NA,2,NA,0,1,0,1,0,2,0,2,0,2,0,6,NA,6,NA,6,NA,-5
"3",2008,9,6,1,NA,6,NA,NA,6,0,1,0,0,1,3,0,3,0,2,1,6,NA,6,NA,6,6,-2
"4",2008,10,4,1,NA,4,NA,NA,4,0,1,0,0,1,4,0,4,0,2,2,5.5,NA,5.5,NA,6,5,-1
"5",2008,11,5.16666666666667,9,7,4.25,1,2.75,5.85714285714286,3,6,1,2,7,13,3,10,1,4,9,5.26923076923077,7,4.75,1,4.375,5.66666666666667,0
"6",2008,12,6.89565217391304,23,7.16315789473684,5.625,6.75,5.97142857142857,7.3,19,4,2,7,16,36,22,14,3,11,25,6.30833333333333,7.14090909090909,5,4.83333333333333,5.39090909090909,6.712,1
"7",2009,1,6.66785714285714,28,6.92222222222222,6.21,6,6.14444444444444,6.91578947368421,18,10,1,9,19,64,40,24,4,20,44,6.465625,7.0425,5.50416666666667,5.125,5.73,6.8,2
"8",2009,2,5.89,25,6.54545454545455,5.375,6.3125,5.60714285714286,6,11,14,4,7,18,89,51,38,8,27,62,6.30393258426966,6.93529411764706,5.45657894736842,5.71875,5.69814814814815,6.56774193548387,3
"9",2009,3,6.7,25,7.40909090909091,6.14285714285714,6,5.7,6.95,11,14,1,5,20,114,62,52,9,32,82,6.39078947368421,7.01935483870968,5.64134615384615,5.75,5.6984375,6.6609756097561,4
"10",2009,4,6.22413793103448,29,7.36666666666667,5,5.25,4.21428571428571,6.86363636363636,15,14,4,7,22,143,77,66,13,39,104,6.35699300699301,7.08701298701299,5.50530303030303,5.59615384615385,5.43205128205128,6.70384615384615,5
"11",2009,5,6.46666666666667,15,7.42857142857143,5.625,7.25,6.75,6.36363636363636,7,8,2,4,11,158,84,74,15,43,115,6.36740506329114,7.11547619047619,5.51824324324324,5.81666666666667,5.5546511627907,6.67130434782609,6
"12",2009,6,6.8695652173913,23,7.02941176470588,6.41666666666667,6.83333333333333,6.92857142857143,6.84375,17,6,3,7,16,181,101,80,18,50,131,6.43121546961326,7.1009900990099,5.585625,5.98611111111111,5.747,6.69236641221374,7
"13",2009,7,6.37,20,7.06923076923077,5.07142857142857,5,6.5,6.3375,13,7,1,4,16,201,114,87,19,54,147,6.42512437810945,7.09736842105263,5.54425287356322,5.93421052631579,5.80277777777778,6.65374149659864,8
"14",2009,8,6.63888888888889,18,6.80769230769231,6.2,7,7.1,6.46153846153846,13,5,1,5,13,219,127,92,20,59,160,6.44269406392694,7.06771653543307,5.57989130434783,5.9875,5.91271186440678,6.638125,9
"15",2009,9,5.75,30,7.08333333333333,4.86111111111111,5.83333333333333,4.68181818181818,6.36842105263158,12,18,3,11,19,249,139,110,23,70,179,6.35923694779116,7.06906474820144,5.46227272727273,5.96739130434783,5.71928571428571,6.60949720670391,10
"16",2009,10,6.14285714285714,28,7.03571428571429,5.25,5.2,6.28571428571429,6.09523809523809,14,14,5,7,21,277,153,124,28,77,200,6.33736462093863,7.06601307189542,5.4383064516129,5.83035714285714,5.77077922077922,6.5555,11
"17",2009,11,6.59,25,7.19642857142857,5.81818181818182,5.8,5.875,6.92647058823529,14,11,5,8,17,302,167,135,33,85,217,6.35827814569536,7.07694610778443,5.46925925925926,5.82575757575758,5.78058823529412,6.58456221198157,12
"18",2009,12,6.33448275862069,29,6.56315789473684,5.9,7,7.35714285714286,6.00909090909091,19,10,2,7,22,331,186,145,35,92,239,6.35619335347432,7.0244623655914,5.49896551724138,5.89285714285714,5.90054347826087,6.531589958159,13
"19",2010,1,6.38888888888889,27,6.59375,6.09090909090909,5.91666666666667,6.5,6.38,16,11,6,2,25,358,202,156,41,94,264,6.3586592178771,6.99034653465347,5.54070512820513,5.89634146341463,5.91329787234043,6.51723484848485,14
"20",2010,2,5.66,20,5.6375,5.75,6.5,4.875,5.85625,16,4,1,4,16,378,218,160,42,98,280,6.32169312169312,6.89105504587156,5.5459375,5.91071428571429,5.87091836734694,6.47946428571429,15
"21",2010,3,5.94444444444444,18,6.2,5.625,6.66666666666667,5.8,6,10,8,3,5,13,396,228,168,45,103,293,6.30454545454545,6.86074561403509,5.54970238095238,5.96111111111111,5.86747572815534,6.45819112627986,16
"22",2010,4,6.22,25,6.84375,5.11111111111111,5.83333333333333,6,6.25,16,9,3,3,22,421,244,177,48,106,315,6.29952494061758,6.85963114754098,5.5274011299435,5.953125,5.87122641509434,6.44365079365079,17
"23",2010,5,5.77368421052632,19,6.475,4.57142857142857,6,5.625,5.81333333333333,12,7,2,4,15,440,256,184,50,110,330,6.27681818181818,6.8416015625,5.49103260869565,5.955,5.86227272727273,6.415,18
"24",2010,6,6.77941176470588,17,7.825,5.28571428571429,5,5.33333333333333,7.08928571428571,10,7,1,3,14,457,266,191,51,113,344,6.29551422319475,6.87857142857143,5.48350785340314,5.93627450980392,5.84823008849558,6.44244186046512,19
"25",2010,7,5.9,22,6.83333333333333,4.78,5.5,4.8,6.22352941176471,12,10,4,5,17,479,278,201,55,118,361,6.27734864300626,6.87661870503597,5.44850746268657,5.90454545454545,5.80381355932203,6.43213296398892,20
"26",2010,8,6.83125,16,7.18571428571429,6.55555555555556,6.8,7.66666666666667,6.63846153846154,7,9,5,3,13,495,285,210,60,121,374,6.29525252525253,6.88421052631579,5.49595238095238,5.97916666666667,5.85,6.43930481283422,21
"27",2010,9,5.75,16,6.58333333333333,5.25,5.5,5.08333333333333,6.15,6,10,5,6,10,511,291,220,65,127,384,6.27818003913894,6.87800687285223,5.48477272727273,5.94230769230769,5.81377952755906,6.43177083333333,22
"28",2010,10,6.12941176470588,17,6.85,5.1,5.33333333333333,5,6.37142857142857,10,7,3,3,14,528,301,227,68,130,398,6.27339015151515,6.87707641196013,5.47290748898678,5.91544117647059,5.795,6.42964824120603,23
"29",2010,11,5.38888888888889,27,5.76923076923077,5.03571428571429,5.35714285714286,4.5,5.7,13,14,7,7,20,555,314,241,75,137,418,6.23036036036036,6.8312101910828,5.44751037344398,5.86333333333333,5.72883211678832,6.39473684210526,24
"30",2010,12,5.55217391304348,23,6.51818181818182,4.66666666666667,3.66666666666667,5.28571428571429,5.66875,11,12,3,7,16,578,325,253,78,144,434,6.20337370242214,6.82061538461538,5.41047430830039,5.77884615384615,5.70729166666667,6.36797235023041,25
"31",2011,1,6.66615384615385,26,6.71222222222222,6.5625,5.8,5.83333333333333,6.77478260869565,18,8,5,3,23,604,343,261,83,147,457,6.22329470198676,6.81492711370262,5.44578544061303,5.78012048192771,5.70986394557823,6.38844638949672,26
"32",2011,2,5.89565217391304,23,6.66666666666667,5.05454545454545,4.33333333333333,5.5,5.955,12,11,3,3,20,627,355,272,86,150,477,6.21127591706539,6.80991549295775,5.42996323529412,5.7296511627907,5.70566666666667,6.37027253668763,27
"33",2011,3,6.41666666666667,30,6.91176470588235,5.76923076923077,5.66666666666667,6.4,6.42,17,13,6,5,25,657,372,285,92,155,502,6.22065449010654,6.81456989247312,5.44543859649123,5.72554347826087,5.72806451612903,6.37274900398406,28
"34",2011,4,6.11578947368421,19,6.77,5.38888888888889,4.75,6.6,6.05882352941176,10,9,4,2,17,676,382,294,96,157,519,6.21770710059172,6.81340314136126,5.4437074829932,5.68489583333333,5.73917197452229,6.36246628131021,29
"35",2011,5,6.71428571428571,21,7.53846153846154,5.375,6,5,7,13,8,4,3,18,697,395,302,100,160,537,6.23266857962697,6.83726582278481,5.44188741721854,5.6975,5.7253125,6.38383612662942,30
"36",2011,6,6,29,6.54166666666667,5.61764705882353,5.71428571428571,5.5,6.15909090909091,12,17,7,7,22,726,407,319,107,167,559,6.22337465564738,6.82855036855037,5.4512539184953,5.69859813084112,5.71586826347305,6.37499105545617,31
"37",2011,7,6.19791666666667,24,6.95833333333333,5.4375,5.66666666666667,5.2,6.46052631578947,12,12,6,5,19,750,419,331,113,172,578,6.22256,6.83226730310262,5.45075528700906,5.69690265486726,5.70087209302326,6.37780276816609,32
"38",2011,8,6.02962962962963,27,6.275,5.32857142857143,5.6,6.7,5.87727272727273,20,7,4,5,22,777,439,338,117,177,600,6.21585585585586,6.80687927107061,5.44822485207101,5.69358974358974,5.72909604519774,6.35945,33
"39",2011,9,6.20806451612903,31,6.77045454545455,4.83333333333333,6,4.375,6.47962962962963,22,9,3,4,27,808,461,347,120,181,627,6.21555693069307,6.8051409978308,5.43227665706052,5.70125,5.69917127071823,6.36462519936204,34
"40",2011,10,5.71052631578947,19,6.22222222222222,5.25,5.33333333333333,6.8,5.32142857142857,9,10,6,5,14,827,470,357,126,186,641,6.20395405078597,6.79397872340425,5.42717086834734,5.68373015873016,5.72876344086021,6.34184087363494,35
"41",2011,11,6.25,21,7.38888888888889,5.39583333333333,6.07142857142857,6.66666666666667,6.18055555555556,9,12,7,3,18,848,479,369,133,189,659,6.20509433962264,6.80515657620042,5.42615176151761,5.70413533834587,5.74365079365079,6.33743550834598,36
"42",2011,12,6.39130434782609,23,6.8,5.625,3.5,4,6.75,15,8,2,3,20,871,494,377,135,192,679,6.21001148105626,6.805,5.43037135278514,5.67148148148148,5.71640625,6.34958762886598,37
"43",2012,1,6.39444444444444,36,7.08695652173913,5.16923076923077,6.05,5.72222222222222,6.61851851851852,23,13,4,9,27,907,517,390,139,201,706,6.21733186328556,6.81754352030948,5.42166666666667,5.68237410071943,5.71666666666667,6.35987252124646,38
"44",2012,2,6.45714285714286,28,7.2375,5.41666666666667,5.625,6.33333333333333,6.49090909090909,16,12,8,6,22,935,533,402,147,207,728,6.22451336898396,6.83015009380863,5.42151741293532,5.67925170068027,5.73454106280193,6.36383241758242,39
"45",2012,3,6.12692307692308,26,6.65625,5.28,3.66666666666667,5.25,6.28636363636364,16,10,3,4,22,961,549,412,150,211,750,6.22187304890739,6.82508196721311,5.41808252427184,5.639,5.72535545023697,6.36156,40
"46",2012,4,6.13157894736842,19,6.68181818181818,5.375,4.5,5.83333333333333,6.1875,11,8,2,3,16,980,560,420,152,214,766,6.22012244897959,6.82226785714286,5.4172619047619,5.62401315789474,5.7268691588785,6.35792428198433,41
"47",2012,5,6.17857142857143,21,6.31666666666667,5.83333333333333,5.2,5.76,6.309375,15,6,5,5,16,1001,575,426,157,219,782,6.21925074925075,6.80907826086957,5.4231220657277,5.61050955414013,5.72762557077626,6.35693094629156,42
"48",2012,6,6.54642857142857,28,6.67391304347826,5.96,NA,4.66666666666667,6.772,23,5,0,3,25,1029,598,431,157,222,807,6.22815354713314,6.80387959866221,5.42935034802784,5.61050955414013,5.71328828828829,6.36978934324659,43
"49",2012,7,5.85782608695652,23,6.67857142857143,4.58111111111111,5,8.25,5.63,14,9,2,2,21,1052,612,440,159,224,828,6.22005703422053,6.80101307189542,5.412,5.60283018867925,5.7359375,6.35102657004831,44
"50",2012,8,5.76428571428571,28,6.42666666666667,5,5.8,5.08,5.91304347826087,15,13,5,5,23,1080,627,453,164,229,851,6.20824074074074,6.79205741626794,5.4001766004415,5.60884146341463,5.72161572052402,6.33918918918919,45
"51",2012,9,6.225,20,6.96428571428571,4.5,6.5,6.3,6.2,14,6,2,5,15,1100,641,459,166,234,866,6.20854545454545,6.79581903276131,5.38840958605664,5.61957831325301,5.73397435897436,6.33677829099307,46
"52",2012,10,5.67857142857143,14,5.83333333333333,4.75,6.5,5.2,5.94444444444444,12,2,1,5,9,1114,653,461,167,239,875,6.20188509874327,6.77813169984686,5.3856399132321,5.6248502994012,5.72280334728034,6.33274285714286,47
"53",2012,11,6.27272727272727,33,6.63636363636364,5.54545454545455,6.75,5.6,6.39285714285714,22,11,2,5,28,1147,675,472,169,244,903,6.20392327811683,6.77351111111111,5.38936440677966,5.63816568047337,5.7202868852459,6.33460686600221,48
"54",2012,12,5.83529411764706,34,6.17727272727273,5.20833333333333,4,5.5,5.86774193548387,22,12,5,3,31,1181,697,484,174,247,934,6.19331075359864,6.75469153515064,5.38487603305785,5.59109195402299,5.71761133603239,6.3191113490364,49
"55",2013,1,6.24339622641509,53,6.45882352941176,5.85789473684211,5.85714285714286,6.12222222222222,6.26818181818182,34,19,7,9,44,1234,731,503,181,256,978,6.19546191247974,6.74093023255814,5.4027435387674,5.60138121546961,5.7318359375,6.31682004089979,50
"56",2013,2,5.52083333333333,24,6.53333333333333,3.83333333333333,6,7.5,5.34090909090909,15,9,2,2,22,1258,746,512,183,258,1000,6.18259141494435,6.73675603217158,5.37515625,5.60573770491803,5.74554263565891,6.29535,51
"57",2013,3,5.564,25,5.93571428571429,5.09090909090909,5.08333333333333,5,5.5875,14,11,6,1,24,1283,760,523,189,259,1024,6.1705378020265,6.722,5.36917782026769,5.58915343915344,5.74266409266409,6.278759765625,52
"58",2013,4,6.04,25,6.73529411764706,4.5625,4.25,7,5.95652173913043,17,8,6,2,23,1308,777,531,195,261,1047,6.16804281345566,6.72229086229086,5.35702448210923,5.54794871794872,5.75229885057471,6.27168099331423,53
"59",2013,5,6.0875,28,6.81666666666667,5.24615384615385,5.44444444444444,5,6.17115384615385,15,13,9,2,26,1336,792,544,204,263,1073,6.16635479041916,6.72407828282828,5.354375,5.54338235294118,5.74657794676806,6.26924510717614,54
"60",2013,6,6.27083333333333,24,6.75,4.83333333333333,5.33333333333333,5.83333333333333,6.41666666666667,18,6,3,6,18,1360,810,550,207,269,1091,6.16819852941176,6.72465432098765,5.34869090909091,5.54033816425121,5.74851301115242,6.27167736021998,55
"61",2013,7,5.25,22,5.85,4.75,4.76666666666667,5.5,5.21052631578947,10,12,6,3,19,1382,820,562,213,272,1110,6.15358176555716,6.71398780487805,5.33590747330961,5.51854460093897,5.74577205882353,6.25351351351351,56
"62",2013,8,5.34,25,5.65625,4.77777777777778,4.25,4.5,5.5,16,9,4,4,21,1407,836,571,217,276,1131,6.13912579957356,6.69374401913876,5.32711033274956,5.49516129032258,5.72771739130435,6.2395225464191,57
"63",2013,9,5.37777777777778,27,5.596875,5.05909090909091,5.66666666666667,5.26666666666667,5.39166666666667,16,11,3,3,24,1434,852,582,220,279,1155,6.12479079497908,6.6731455399061,5.32204467353952,5.4975,5.72275985663082,6.22190476190476,58
"64",2013,10,5.50740740740741,27,5.9375,4.88181818181818,4.33333333333333,3.8,5.89545454545455,16,11,3,5,22,1461,868,593,223,284,1177,6.11338124572211,6.65958525345622,5.31387858347386,5.48183856502242,5.68890845070422,6.21580288870008,59
"65",2013,11,6.23684210526316,38,6.97916666666667,4.96428571428571,4.83333333333333,5.58333333333333,6.359375,24,14,3,6,32,1499,892,607,226,290,1209,6.11651100733823,6.66818385650224,5.3058154859967,5.47323008849557,5.68672413793103,6.21960297766749,60
"66",2013,12,5.44375,32,5.91818181818182,4.4,5,4.125,5.63214285714286,22,10,5,4,28,1531,914,617,231,294,1237,6.10244937949053,6.65013129102845,5.29113452188006,5.46298701298701,5.66547619047619,6.20630557801132,61
"67",2014,1,6.76216216216216,37,7.00833333333333,6.30769230769231,5.77777777777778,6,6.78333333333333,24,13,9,1,36,1568,938,630,240,295,1273,6.11801658163265,6.65929637526652,5.31211111111111,5.47479166666667,5.66661016949152,6.22262372348782,62
"68",2014,2,5.61756756756757,37,5.97115384615385,4.78181818181818,5.33333333333333,5.75,5.60151515151515,26,11,3,4,33,1605,964,641,243,299,1306,6.10647975077882,6.64073651452282,5.30301092043682,5.47304526748971,5.66772575250836,6.20692955589586,63
"69",2014,3,5.90740740740741,27,6.63157894736842,4.1875,6,3.875,6.26086956521739,19,8,1,4,23,1632,983,649,244,303,1329,6.10318627450981,6.64055951169888,5.28926040061633,5.47520491803279,5.64405940594059,6.20786305492851,64
"70",2014,4,5.84583333333333,24,6.11764705882353,5.18571428571429,5.88333333333333,6.5,5.75238095238095,17,7,6,3,21,1656,1000,656,250,306,1350,6.09945652173913,6.63167,5.28815548780488,5.485,5.65245098039216,6.20077777777777,65
"71",2014,5,5.11578947368421,19,5.76666666666667,4,3.33333333333333,4,5.41333333333333,12,7,3,4,15,1675,1012,663,253,310,1365,6.08829850746269,6.62141304347826,5.27455505279034,5.4594861660079,5.63112903225806,6.19212454212454,66
"72",2014,6,6.01739130434783,23,6.44,5.69230769230769,5.5,4.25,6.38947368421053,10,13,6,4,19,1698,1022,676,259,314,1384,6.08733804475854,6.61963796477495,5.28258875739645,5.46042471042471,5.61353503184713,6.1948338150289,67
"73",2014,7,5.642,25,6.25277777777778,4.07142857142857,5.5,3.45,6.19,18,7,2,5,20,1723,1040,683,261,319,1404,6.08087637840975,6.61328846153846,5.2701756954612,5.46072796934866,5.57962382445141,6.19476495726495,68
"74",2014,8,5.78846153846154,26,6.21875,5.1,4.16666666666667,7,5.6304347826087,16,10,6,3,23,1749,1056,693,267,322,1427,6.07652944539737,6.60731060606061,5.26772005772006,5.43164794007491,5.59285714285714,6.18566923615977,69
"75",2014,9,5.5,14,5.72727272727273,4.66666666666667,NA,7.25,5.20833333333333,11,3,0,2,12,1763,1067,696,267,324,1439,6.0719512195122,6.59823805060918,5.26512931034483,5.43164794007491,5.60308641975309,6.1775191104934,70
"76",2014,10,6.12307692307692,26,6.64666666666667,5.40909090909091,4.5,5.4,6.2952380952381,15,11,6,5,21,1789,1082,707,273,329,1460,6.07269424259363,6.59890942698706,5.26736916548798,5.41117216117216,5.6,6.17921232876712,71
"77",2014,11,5.80689655172414,29,6.61875,4.80769230769231,5,NA,5.80689655172414,16,13,5,0,29,1818,1098,720,278,329,1489,6.06845434543454,6.5991985428051,5.25906944444444,5.40377697841727,5.6,6.17196104768301,72
"78",2014,12,5.46153846153846,26,6.16666666666667,4.5,5,5.33333333333333,5.47826086956522,15,11,5,3,23,1844,1113,731,283,332,1512,6.05989696312365,6.5933692722372,5.24764705882353,5.39664310954064,5.59759036144578,6.16140873015873,73
"79",2015,1,5.88323529411765,34,6.44611111111111,5.25,5.26666666666667,4.69125,6.25,18,16,9,8,26,1878,1131,747,292,340,1538,6.05669861554846,6.59102564102564,5.24769745649264,5.39263698630137,5.57626470588235,6.16290637191157,74
"80",2015,2,6.35172413793103,29,6.8,5.71666666666667,4.76666666666667,4.25,6.50740740740741,17,12,6,2,27,1907,1148,759,298,342,1565,6.06118510749869,6.59412020905923,5.25511198945981,5.38003355704698,5.56850877192982,6.16884984025559,75
"81",2015,3,5.68541666666667,24,6.16666666666667,5.20416666666667,4.75,5,5.74772727272727,12,12,5,2,22,1931,1160,771,303,344,1587,6.05651475919213,6.58969827586207,5.25431906614786,5.36963696369637,5.56520348837209,6.16301197227473,76
"82",2015,4,6.08571428571429,28,6.57222222222222,5.21,4.625,6.625,5.99583333333333,18,10,4,4,24,1959,1178,781,307,348,1611,6.05693210821848,6.58943123938879,5.25375160051216,5.35993485342019,5.57738505747126,6.16052141527002,77
"83",2015,5,5.05263157894737,19,5.11111111111111,5,6,5,5.05555555555556,9,10,1,1,18,1978,1187,791,308,349,1629,6.04728513650152,6.57822240943555,5.25054361567636,5.36201298701299,5.57573065902579,6.14831184775936,78
"84",2015,6,5.70952380952381,21,5.57692307692308,5.925,5.75,5,5.78421052631579,13,8,4,2,19,1999,1200,799,312,351,1648,6.04373686843422,6.567375,5.25729662077597,5.36698717948718,5.57245014245014,6.1441140776699,79
"85",2015,7,5.535,20,6.1,4.97,5.83333333333333,6.16666666666667,5.42352941176471,10,10,3,3,17,2019,1210,809,315,354,1665,6.03869737493809,6.56351239669421,5.25374536464771,5.37142857142857,5.57748587570621,6.13675675675676,80
"86",2015,8,6.26666666666667,27,6.7,5.53,3.75,5.83333333333333,6.32083333333333,17,10,4,3,24,2046,1227,819,319,357,1689,6.04170576735093,6.56540342298288,5.25711843711843,5.35109717868338,5.57963585434174,6.13937240970989,81
"87",2015,9,5.375,20,5.93636363636364,4.68888888888889,6.33333333333333,6,5.34210526315789,11,9,3,1,19,2066,1238,828,322,358,1708,6.03525169409487,6.55981421647819,5.2509420289855,5.36024844720497,5.58081005586592,6.13050351288056,82
"88",2015,10,5.81818181818182,22,6,5.6,5.5,6.625,5.63888888888889,12,10,6,4,18,2088,1250,838,328,362,1726,6.03296455938697,6.55444,5.25510739856802,5.36280487804878,5.59234806629834,6.12537659327926,83
"89",2015,11,5.79642857142857,28,6.38235294117647,4.89090909090909,5.48333333333333,6.5,5.74230769230769,17,11,6,2,26,2116,1267,849,334,364,1752,6.02983459357278,6.55213101815312,5.2503886925795,5.36497005988024,5.59733516483517,6.11969178082192,84
"90",2015,12,5.60294117647059,34,5.92857142857143,5.07692307692308,5.21428571428571,5.33333333333333,5.62903225806452,21,13,7,3,31,2150,1288,862,341,367,1783,6.02308372093023,6.54196428571429,5.24777262180974,5.36187683284457,5.59517711171662,6.11116096466629,85
"91",2016,1,5.7962962962963,27,6.45,3.92857142857143,3,3.4,6.34090909090909,20,7,4,5,22,2177,1308,869,345,372,1805,6.02027101515848,6.54055810397553,5.23714614499424,5.33449275362319,5.56567204301075,6.11396121883656,86
"92",2016,2,4.93095238095238,21,5.8125,3.75555555555556,3,4.95,4.92647058823529,12,9,3,4,17,2198,1320,878,348,376,1822,6.0098635122839,6.53393939393939,5.22195899772209,5.31436781609195,5.55912234042553,6.10288144895719,87
"93",2016,3,5.46363636363636,22,6.02857142857143,4.475,3.66666666666667,7.5,5.36666666666667,14,8,3,1,21,2220,1334,886,351,377,1843,6.00445045045045,6.52863568215892,5.21521444695259,5.3002849002849,5.56427055702918,6.09449267498643,88
"94",2016,4,5.79565217391304,23,6.38421052631579,3,2,6,5.75263157894737,19,4,1,4,19,2243,1353,890,352,381,1862,6.00230940704414,6.52660753880266,5.20525842696629,5.29090909090909,5.56884514435696,6.09100429645542,89
"95",2016,5,5.83333333333333,30,6.1304347826087,4.85714285714286,4,5.83333333333333,5.83333333333333,23,7,3,6,24,2273,1376,897,355,387,1886,6.00007919049714,6.51998546511628,5.20254180602006,5.28,5.57294573643411,6.08772534464475,90
"96",2016,6,6.08461538461538,26,6.53684210526316,4.85714285714286,4,5.66666666666667,6.21,19,7,3,6,20,2299,1395,904,358,393,1906,6.00103523270988,6.52021505376344,5.19986725663717,5.26927374301676,5.57437659033079,6.08900839454355,91
"97",2016,7,5.59677419354839,31,5.97727272727273,4.66666666666667,3,6.6,5.40384615384615,22,9,1,5,26,2330,1417,913,359,398,1932,5.99565665236052,6.51178546224418,5.19461117196057,5.26295264623955,5.58726130653266,6.07978778467909,92
"98",2016,8,5.65142857142857,35,5.67777777777778,5.5625,6,5,5.67058823529412,27,8,4,1,34,2365,1444,921,363,399,1966,5.99056236786469,6.49619113573407,5.19780673181324,5.27107438016529,5.58578947368421,6.07271108850458,93
"99",2016,9,5.3125,24,6.125,4.5,4.33333333333333,6,5.25,12,12,9,2,22,2389,1456,933,372,401,1988,5.98375052323148,6.49313186813187,5.18883172561629,5.24838709677419,5.58785536159601,6.06360663983903,94
"100",2016,10,5.5,29,6.46875,4.30769230769231,4.22222222222222,5.9,5.41666666666667,16,13,9,5,24,2418,1472,946,381,406,2012,5.97794871794872,6.49286684782609,5.17672304439746,5.22414698162729,5.59169950738916,6.05588966202783,95
"101",2016,11,5.68529411764706,34,6.55416666666667,3.6,3.4,4,5.73636363636364,24,10,5,1,33,2452,1496,956,386,407,2045,5.97389070146819,6.49385026737968,5.16023012552301,5.20051813471502,5.5877886977887,6.05073349633252,96
"102",2016,12,5.58333333333333,24,6.1875,4.375,4.5,6.5,5.4,16,8,4,4,20,2476,1512,964,390,411,2065,5.97010500807755,6.49060846560846,5.15371369294606,5.19333333333333,5.59666666666667,6.04443099273608,97
"103",2017,1,5.32,38,6.08,3.45454545454545,3,7.5,5.26108108108108,27,11,4,1,37,2514,1539,975,394,412,2102,5.9602784407319,6.48340480831709,5.13454358974359,5.17106598984771,5.60128640776699,6.03064224548049,98
"104",2017,2,4.94444444444444,27,5.61764705882353,3.8,4,2.85714285714286,5.675,17,10,6,7,20,2541,1556,985,400,419,2122,5.949484454939,6.47394601542416,5.12099492385787,5.1535,5.5554415274463,6.02729029217719,99
"105",2017,3,6.390625,32,6.76470588235294,5.96666666666667,5.4,5.25,6.55357142857143,17,15,5,4,28,2573,1573,1000,405,423,2150,5.95497085114652,6.47708836617927,5.13368,5.15654320987654,5.55255319148936,6.03414418604651,100
"106",2017,4,5.6395652173913,23,6.265,4.66666666666667,5,3.5,5.84333333333333,14,9,4,2,21,2596,1587,1009,409,425,2171,5.95217642526965,6.47521739130435,5.12951437066402,5.15501222493887,5.54289411764706,6.03229847996315,101
"107",2017,5,5.74615384615385,26,6.3,4.99090909090909,5.1125,6,5.71304347826087,15,11,8,3,23,2622,1602,1020,417,428,2194,5.95013348588864,6.47357677902621,5.12801960784314,5.15419664268585,5.54609813084112,6.0289516864175,102
"108",2017,6,5.475,20,5.85714285714286,4.58333333333333,2.5,6,5.38235294117647,14,6,2,3,17,2642,1616,1026,419,431,2211,5.94653671461014,6.46823638613861,5.1248343079922,5.14152744630072,5.54925754060325,6.02398009950249,103
"109",2017,7,5.14705882352941,17,5.80769230769231,3,2,2,5.34375,13,4,1,1,16,2659,1629,1030,420,432,2227,5.94142534787514,6.4629650092081,5.11658252427184,5.13404761904762,5.54104166666667,6.01909295015716,104
"110",2017,8,5.47535714285714,28,5.80458333333333,3.5,2,5.125,5.53375,24,4,1,4,24,2687,1653,1034,421,436,2251,5.93656866393748,6.45340592861464,5.11032882011605,5.12660332541568,5.5372247706422,6.01391825855175,105
"111",2017,9,6.24,25,6.30434782608696,5.5,4,6,6.25,23,2,1,1,24,2712,1676,1036,422,437,2275,5.93936578171091,6.45136038186157,5.11108108108108,5.1239336492891,5.53828375286041,6.01640879120879,106
"112",2017,10,5.47222222222222,18,5.61111111111111,5.33333333333333,6.23333333333333,6.5,5.34375,9,9,3,2,16,2730,1685,1045,425,439,2291,5.93628571428571,6.44687240356083,5.112995215311,5.13176470588235,5.54266514806378,6.01171104321257,107
"113",2017,11,5.521875,32,6.40526315789474,4.23076923076923,4,5.5,5.525,19,13,8,4,28,2762,1704,1058,433,443,2319,5.93148443157133,6.44640845070422,5.10215500945179,5.1108545034642,5.54227990970655,6.00583441138421,108
"114",2017,12,5.8256,25,5.87578947368421,5.66666666666667,5,4,5.90166666666667,19,6,4,1,24,2787,1723,1064,437,444,2343,5.93053462504485,6.44011607661056,5.10533834586466,5.10983981693364,5.53880630630631,6.00476739223218,109
"115",2018,1,5.84090909090909,44,6.07833333333333,5.33214285714286,4.11111111111111,5.67,5.89117647058824,30,14,9,10,34,2831,1753,1078,446,454,2377,5.92914164606146,6.4339247005134,5.10828385899814,5.08968609865471,5.54169603524229,6.00314261674379,110
"116",2018,2,5.46666666666667,21,5.8625,4.2,5.5,4,5.71111111111111,16,5,2,3,18,2852,1769,1083,448,457,2395,5.92573632538569,6.42875635952515,5.10409048938135,5.09151785714286,5.53157549234136,6.00094780793319,111
"117",2018,3,5.40833333333333,24,5.9875,4.25,5.33333333333333,2.5,5.67272727272727,16,8,3,2,22,2876,1785,1091,451,459,2417,5.92141863699583,6.42480112044818,5.09782768102658,5.09312638580931,5.5183660130719,5.9979602813405,112
"118",2018,4,5.45454545454545,22,5.875,4.33333333333333,4,4,5.6,16,6,2,2,20,2898,1801,1097,453,461,2437,5.91787439613527,6.41991671293725,5.09364630811303,5.08830022075055,5.51177874186551,5.9946942962659,113
"119",2018,5,5.73913043478261,23,5.90625,5.35714285714286,5.375,4,6.10526315789474,16,7,4,4,19,2921,1817,1104,457,465,2456,5.91646696336871,6.41539350577875,5.09531702898551,5.09080962800875,5.49877419354839,5.9955496742671,114
"120",2018,6,5.52631578947368,19,5.88461538461539,4.75,6,5.5,5.52941176470588,13,6,2,2,17,2940,1830,1110,459,467,2473,5.91394557823129,6.41162295081967,5.09345045045045,5.09477124183006,5.49877944325482,5.99234532955923,115
"121",2018,7,5.22428571428571,14,6.2,4.68222222222222,5.02,4.75,5.414,5,9,7,4,10,2954,1835,1119,466,471,2483,5.91067704807041,6.41104632152588,5.09014298480786,5.09364806866953,5.49242038216561,5.9900161095449,116
"122",2018,8,6.02083333333333,24,6.375,4.25,NA,3.83333333333333,6.33333333333333,20,4,0,3,21,2978,1855,1123,466,474,2504,5.91156480859637,6.4106576819407,5.08715048975957,5.09364806866953,5.48191983122363,5.99289536741214,117
"123",2018,9,6.38235294117647,17,6.73076923076923,5.25,5,NA,6.38235294117647,13,4,2,0,17,2995,1868,1127,468,474,2521,5.91423706176962,6.41288543897216,5.08772848269743,5.09324786324786,5.48191983122363,5.99552161840539,118
"124",2018,10,5.7,14,6.08,4.75,5,4.5,5.9,10,4,1,2,12,3009,1878,1131,469,476,2533,5.91324027916251,6.41111288604899,5.08653404067197,5.09304904051173,5.47779411764706,5.99506908803789,119
"125",2018,11,5.56783783783784,37,6.0348275862069,3.875,4,4.33333333333333,5.67676470588235,29,8,5,3,34,3046,1907,1139,474,479,2567,5.90904464871963,6.40539066596749,5.07802458296751,5.08151898734177,5.47062630480167,5.99085313595636,120
"126",2018,12,5.99736842105263,19,6.895,5,4,NA,5.99736842105263,10,9,2,0,19,3065,1917,1148,476,479,2586,5.90959216965742,6.40794470526865,5.07741289198606,5.07697478991597,5.47062630480167,5.99090100541376,121
"127",2019,1,5.69117647058824,34,5.97916666666667,5,5.6,7.5,5.578125,24,10,5,2,32,3099,1941,1158,481,481,2618,5.90719586963537,6.4026429675425,5.07674438687392,5.08241164241164,5.47906444906445,5.98585561497326,122
"128",2019,2,5.55259266666667,30,5.87777789473684,4.99090909090909,4.9,4,5.60613034482759,19,11,6,1,29,3129,1960,1169,487,482,2647,5.90379603068073,6.39755498979592,5.0759366980325,5.08016427104723,5.47599585062241,5.98169542123158,123
"129",2019,3,5.48571428571429,14,6.475,4.16666666666667,4.33333333333333,1,5.83076923076923,8,6,3,1,13,3143,1968,1175,490,483,2660,5.90193375119313,6.39786980691057,5.07129361702127,5.07559183673469,5.46672877846791,5.98095781203007,124
"130",2019,4,6.15,15,6.22727272727273,5.9375,5.75,6,6.17307692307692,11,4,1,2,13,3158,1979,1179,491,485,2673,5.90311202659911,6.3969215664477,5.07423240033927,5.07696537678208,5.46892783505155,5.98189217358772,125
"131",2019,5,5,9,5,5,NA,NA,5,8,1,0,0,9,3167,1987,1180,491,485,2682,5.90054555730976,6.39129732259688,5.07416949152542,5.07696537678208,5.46892783505155,5.9785972334079,126
"132",2019,6,4.6,10,5.5,4,4.33333333333333,NA,4.6,4,6,3,0,10,3177,1991,1186,494,485,2692,5.89645192949323,6.38950667001506,5.06873524451939,5.07244939271255,5.46892783505155,5.97347614413075,127
"133",2019,7,5.85185185185185,27,6.36363636363636,3.6,3.5,5.8,5.86363636363636,22,5,2,5,22,3204,2013,1191,496,490,2714,5.89607608614232,6.38922393442623,5.06256926952141,5.06610887096774,5.47230612244898,5.97258577008106,128
"134",2019,8,5.50469148148148,27,5.91921588235294,4.8,4.28571428571429,5.375,5.52724652173913,17,10,7,4,23,3231,2030,1201,503,494,2737,5.89280546270504,6.38528790640394,5.06038301415487,5.05524850894632,5.47151821862348,5.96884342345633,129
"135",2019,9,5.92105263157895,19,5.66666666666667,6.35714285714286,5.5,5.66666666666667,5.96875,12,7,4,3,16,3250,2042,1208,507,497,2753,5.8929706,6.38106486287953,5.06789735099338,5.0587573964497,5.47269617706237,5.968842880494,130
"136",2019,10,5.16666666666667,15,5.45454545454545,4.375,4.375,NA,5.16666666666667,11,4,4,0,15,3265,2053,1212,511,497,2768,5.88963382848392,6.37610056015587,5.0656105610561,5.05340508806262,5.47269617706237,5.96449582731213,131
"137",2019,11,5.6,15,6.61111111111111,4.08333333333333,4.625,3.5,5.92307692307692,9,6,4,2,13,3280,2062,1218,515,499,2781,5.88830928353658,6.37712630940834,5.06077175697865,5.05007766990291,5.46478957915832,5.96430221143473,132
"138",2019,12,5.51296296296296,27,6.22222222222222,4.09444444444444,3.95,3.33333333333333,5.78541666666667,18,9,3,3,24,3307,2080,1227,518,502,2805,5.88524476867251,6.37578579326923,5.05368378158109,5.04370656370656,5.45205179282869,5.96277163992869,133
"139",2020,1,5.76785714285714,28,6.07894736842105,5.11111111111111,4.83333333333333,7,5.72222222222222,19,9,3,1,27,3335,2099,1236,521,503,2832,5.8842592053973,6.37309883277751,5.05410194174757,5.04249520153551,5.45512922465209,5.96047826624293,134
"140",2020,2,5.33571428571429,28,5.92,3.875,4,5.225,5.35416666666667,20,8,2,4,24,3363,2119,1244,523,507,2856,5.8796920755278,6.36882229825389,5.0465192926045,5.0385086042065,5.45331360946746,5.95538321078431,135
"141",2020,3,6.35714285714286,14,6.5,6,5,5,6.46153846153846,10,4,2,1,13,3377,2129,1248,525,508,2869,5.88167143914717,6.36943844527947,5.04957532051282,5.0383619047619,5.45242125984252,5.95767669919832,136
"142",2020,4,6.024,25,6.73529411764706,4.5125,4.75,4,6.2,17,8,4,2,23,3402,2146,1256,529,510,2892,5.8827173574368,6.37233664958061,5.04615445859873,5.03618147448015,5.44672549019608,5.95960389004149,137
"143",2020,5,5.77777777777778,18,6.66666666666667,4,4,5,5.82352941176471,12,6,6,1,17,3420,2158,1262,535,511,2909,5.88216504385965,6.37397333178869,5.04118066561014,5.02456074766355,5.44585127201566,5.95880867995874,138
"144",2020,6,5.58823529411765,17,5.58333333333333,5.6,3,7,5.5,12,5,1,1,16,3437,2170,1267,536,512,2925,5.8807112161769,6.36960112903226,5.04338595106551,5.02078358208955,5.44888671875,5.95629895726495,139
"145",2020,7,4.73333333333333,15,5.71428571428571,3.875,4,5,4.69230769230769,7,8,3,2,13,3452,2177,1275,539,514,2938,5.87572550695249,6.36749400551217,5.03605490196078,5.01510204081632,5.44714007782101,5.9507060755616,140
"146",2020,8,4.91619047619048,21,5.41,3.92857142857143,3.66666666666667,2.75,5.42588235294118,14,7,3,4,17,3473,2191,1282,542,518,2955,5.86992353872732,6.36137583295299,5.03000780031201,5.00763837638376,5.42631274131274,5.94768678510998,141
"147",2020,9,6.16,12,6.65777777777778,4.66666666666667,5.5,6,6.192,9,3,2,2,10,3485,2200,1285,544,520,2965,5.87092236728838,6.36258838636363,5.02915953307393,5.00944852941176,5.42851923076923,5.94851077571669,142
"148",2020,10,5.60909090909091,11,6.15,4.16666666666667,3.75,5.06666666666667,5.8125,8,3,2,3,8,3496,2208,1288,546,523,2973,5.87009852688787,6.36181813858695,5.02715062111801,5.00483516483516,5.42644359464627,5.94814478641103,143
"149",2020,11,5.80952380952381,21,5.9375,5.4,5,7.25,5.65789473684211,16,5,4,2,19,3517,2224,1293,550,525,2992,5.86973683537105,6.35876549010791,5.02859242072699,5.0048,5.43339047619048,5.9463016209893,144
"150",2020,12,5.88823529411765,17,6.13636363636364,5.43333333333333,5.6,6,5.87333333333333,11,6,1,2,15,3534,2235,1299,551,527,3007,5.86982582059989,6.35767089485458,5.03046189376443,5.00588021778584,5.43554079696395,5.94593762886597,145
"151",2021,1,5.33037037037037,27,5.496,4.85714285714286,4.8,4.66666666666667,5.41333333333333,20,7,5,3,24,3561,2255,1306,556,530,3031,5.86573559393429,6.35002858093126,5.02953292496172,5.00402877697842,5.43118867924528,5.94172037281425,146
"152",2021,2,5.59090909090909,11,5.66666666666667,5.25,5.25,NA,5.59090909090909,9,2,2,0,11,3572,2264,1308,558,530,3042,5.8648892637178,6.34731203621908,5.02987003058104,5.00491039426523,5.43118867924528,5.94045182445759,147
"153",2021,3,5.17857142857143,14,6,4.08333333333333,4.33333333333333,4.5,5.36363636363636,8,6,3,3,11,3586,2272,1314,561,533,3053,5.86220982989403,6.34608910651408,5.02554794520548,5.00131907308378,5.42594746716698,5.93837355060595,148
"154",2021,4,5.875,16,6.09090909090909,5.4,4.66666666666667,8,5.73333333333333,11,5,3,1,15,3602,2283,1319,564,534,3068,5.86226664353137,6.34485959264126,5.02696739954511,4.9995390070922,5.43076779026217,5.93737107235984,149
"155",2021,5,5.5,13,5.55555555555556,5.375,6,NA,5.5,9,4,2,0,13,3615,2292,1323,566,534,3081,5.86096388658368,6.34176023123909,5.02801965230537,5.003074204947,5.43076779026217,5.93552562479714,150
"156",2021,6,5.23076923076923,13,6.28571428571429,4,NA,4.66666666666667,5.4,7,6,0,3,10,3628,2299,1329,566,537,3091,5.85870574696802,6.34158958242714,5.0233784800602,5.003074204947,5.4264990689013,5.9337930928502,151
"157",2021,7,5.575,20,5.61538461538461,5.5,5.5,9,5.39473684210526,13,7,3,1,19,3648,2312,1336,569,538,3110,5.85715034265351,6.33750625,5.02587574850299,5.00569420035149,5.43314126394052,5.93049982315112,152
"158",2021,8,5.79875,12,6.33333333333333,5.26416666666667,5.66666666666667,6.295,5.63333333333333,6,6,3,3,9,3660,2318,1342,572,541,3119,5.85695886612022,6.33749544866264,5.02694113263785,5.00916083916084,5.43792051756007,5.92964233728758,153
"159",2021,9,5.96,15,5.76363636363636,6.5,5.5,7.5,5.72307692307692,11,4,2,2,13,3675,2329,1346,574,543,3132,5.85737944217687,6.33478507943323,5.03131872213967,5.01087108013937,5.44551565377532,5.92878494572158,154
"160",2021,10,4.92857142857143,7,5.75,3.83333333333333,4,5,4.9,4,3,1,2,5,3682,2333,1349,575,545,3137,5.8556136474742,6.3337824474925,5.02865455893254,5.00911304347826,5.44388073394495,5.9271451864839,155
"161",2021,11,5.714,10,5.39142857142857,6.46666666666667,6.7,NA,5.714,7,3,2,0,10,3692,2340,1352,577,545,3147,5.85523007854821,6.33096344017094,5.03184541420118,5.0149740034662,5.44388073394495,5.92646789005401,156
"162",2021,12,6.0852380952381,21,6.486875,4.8,5.5,NA,6.0852380952381,16,5,2,0,21,3713,2356,1357,579,545,3168,5.85653095879343,6.332022262309,5.03099115696389,5.0166493955095,5.44388073394495,5.92752034406565,157
"163",2022,1,5.80551724137931,29,6,5.295,5.25,6.75,5.73555555555556,21,8,4,2,27,3742,2377,1365,583,547,3195,5.85613560929984,6.32908895666807,5.03253846153846,5.01825042881647,5.4486563071298,5.92589810641627,158
"164",2022,2,5.61764705882353,17,6.11538461538461,4,4,7,5.43333333333333,13,4,4,2,15,3759,2390,1369,587,549,3210,5.85505704974727,6.32792654811715,5.0295215485756,5.01131175468484,5.45430783242259,5.92359640186915,159
"165",2022,3,5.175,16,5.67692307692308,3,4,1,5.45333333333333,13,3,2,1,15,3775,2403,1372,589,550,3225,5.85217468874172,6.32440468164794,5.02508381924198,5.00787775891341,5.44620909090909,5.92140913178294,160
"166",2022,4,5.30370388888889,18,5.16666666666667,5.98889,5,3,5.43921588235294,15,3,1,1,17,3793,2418,1375,590,551,3242,5.84957187450567,6.31722268403639,5.02718666909091,5.00786440677966,5.44176950998185,5.91888066625539,161
"167",2022,5,4.2,5,5.33333333333333,2.5,2.5,NA,4.2,3,2,2,0,5,3798,2421,1377,592,551,3247,5.84740024223275,6.31600349029326,5.02351610021786,4.99939189189189,5.44176950998185,5.91623379119186,162
"168",2022,6,5.3,7,5.66666666666667,5.025,5,6,5.18333333333333,3,4,2,1,6,3805,2424,1381,594,552,3253,5.84639319842313,6.31519985561056,5.02352039826213,4.99939393939394,5.44278079710145,5.91488199200737,163
"169",2022,7,5.06666666666667,15,5.29166666666667,4.16666666666667,NA,NA,5.06666666666667,12,3,0,0,15,3820,2436,1384,594,552,3268,5.84333144502618,6.31015782019704,5.02166305635838,4.99939393939394,5.44278079710145,5.91098871481028,164
"170",2022,8,5.00833333333333,12,5.3875,4.25,3.5,4.275,5.375,8,4,2,4,8,3832,2444,1388,596,556,3276,5.84071662839248,6.30713766366612,5.01943924351585,4.99436241610738,5.43437949640288,5.90967982905982,165
"171",2022,9,4.92121181818182,11,5.44761857142857,4,3,5,4.913333,7,4,1,1,10,3843,2451,1392,597,557,3286,5.83808468644288,6.30468289677682,5.0165098204023,4.99102177554439,5.43359964093357,5.90664773280584,166
"172",2022,10,5.9125,16,7.125,4.7,4.5,5.52,6.09090909090909,8,8,4,5,11,3859,2459,1400,601,562,3297,5.83839322363306,6.30735167954453,5.01470119285714,4.9877537437604,5.43436832740214,5.90726249620867,167
"173",2022,11,5.68888888888889,18,6.02666666666667,4,3.5,NA,5.68888888888889,15,3,2,0,18,3877,2474,1403,603,562,3315,5.8376991101367,6.30564987065481,5.01253148253742,4.98281923714759,5.43436832740214,5.9060767571644,168
"174",2022,12,5.2,24,5.75294117647059,3.85714285714286,4.66666666666667,3,5.4,17,7,3,2,22,3901,2491,1410,606,564,3337,5.83377581389387,6.30187787234042,5.0067955106383,4.98125412541254,5.42573581560284,5.90274032064728,169
