"","year","month","avg_rating","no_ratings","avg_rating_owned","avg_rating_not_owned","avg_rating_prev_owned","avg_rating_comment","avg_rating_no_comment","no_ratings_owned","no_ratings_not_owned","no_ratings_prev_owned","no_ratings_comment","no_ratings_no_comment","cum_no_ratings","cum_no_ratings_owned","cum_no_ratings_not_owned","cum_no_ratings_prev_owned","cum_no_ratings_comment","cum_no_ratings_no_comment","cum_avg_rating","cum_avg_rating_owned","cum_avg_rating_not_owned","cum_avg_rating_prev_owned","cum_avg_rating_comment","cum_avg_rating_no_comment","month_after_release"
"1",2002,4,8,2,7,9,NA,9,7,1,1,0,1,1,2,1,1,0,1,1,8,7,9,NA,9,7,-13
"2",2002,5,6,1,NA,6,NA,NA,6,0,1,0,0,1,3,1,2,0,1,2,7.33333333333333,7,7.5,NA,9,6.5,-12
"3",2002,6,5,2,4,6,NA,NA,5,1,1,0,0,2,5,2,3,0,1,4,6.4,5.5,7,NA,9,5.75,-11
"4",2002,7,8,3,8,NA,NA,8,NA,3,0,0,3,0,8,5,3,0,4,4,7,7,7,NA,8.25,5.75,-10
"5",2002,8,8,3,8,NA,NA,8,8,3,0,0,1,2,11,8,3,0,5,6,7.27272727272727,7.375,7,NA,8.2,6.5,-9
"6",2002,9,7.5,2,NA,7.5,NA,7.5,NA,0,2,0,2,0,13,8,5,0,7,6,7.30769230769231,7.375,7.2,NA,8,6.5,-8
"7",2002,10,7.5,2,7,8,NA,7.5,NA,1,1,0,2,0,15,9,6,0,9,6,7.33333333333333,7.33333333333333,7.33333333333333,NA,7.88888888888889,6.5,-7
"8",2002,11,8,1,8,NA,NA,8,NA,1,0,0,1,0,16,10,6,0,10,6,7.375,7.4,7.33333333333333,NA,7.9,6.5,-6
"9",2002,12,6.5,2,6.5,NA,NA,7,6,2,0,0,1,1,18,12,6,0,11,7,7.27777777777778,7.25,7.33333333333333,NA,7.81818181818182,6.42857142857143,-5
"10",2003,1,7,1,NA,7,NA,NA,7,0,1,0,0,1,19,12,7,0,11,8,7.26315789473684,7.25,7.28571428571429,NA,7.81818181818182,6.5,-4
"11",2003,2,6.33333333333333,3,6.5,6,NA,6.33333333333333,NA,2,1,0,3,0,22,14,8,0,14,8,7.13636363636364,7.14285714285714,7.125,NA,7.5,6.5,-3
"12",2003,4,8.33333333333333,3,8,9,NA,NA,8.33333333333333,2,1,0,0,3,25,16,9,0,14,11,7.28,7.25,7.33333333333333,NA,7.5,7,-1
"13",2003,5,6,4,6,NA,NA,6.5,5.5,4,0,0,2,2,29,20,9,0,16,13,7.10344827586207,7,7.33333333333333,NA,7.375,6.76923076923077,0
"14",2003,6,6.8,5,7,6.5,NA,6.75,7,3,2,0,4,1,34,23,11,0,20,14,7.05882352941176,7,7.18181818181818,NA,7.25,6.78571428571429,1
"15",2003,7,6.5,10,7.2,5.8,NA,6,6.71428571428571,5,5,0,3,7,44,28,16,0,23,21,6.93181818181818,7.03571428571429,6.75,NA,7.08695652173913,6.76190476190476,2
"16",2003,8,6.3,5,6,6.375,NA,8.5,5.75,1,4,0,1,4,49,29,20,0,24,25,6.86734693877551,7,6.675,NA,7.14583333333333,6.6,3
"17",2003,9,6.53333333333333,3,7.55,4.5,NA,4.5,7.55,2,1,0,1,2,52,31,21,0,25,27,6.84807692307692,7.03548387096774,6.57142857142857,NA,7.04,6.67037037037037,4
"18",2003,10,6.83333333333333,6,7,6.5,7,6,7,4,2,1,1,5,58,35,23,1,26,32,6.84655172413793,7.03142857142857,6.56521739130435,7,7,6.721875,5
"19",2003,11,7.375,18,7.64285714285714,6.4375,10,7.66666666666667,7.22916666666667,14,4,1,6,12,76,49,27,2,32,44,6.97171052631579,7.20612244897959,6.5462962962963,8.5,7.125,6.86022727272727,6
"20",2003,12,6.83333333333333,18,7.4,6.125,NA,6.58333333333333,6.95833333333333,10,8,0,6,12,94,59,35,2,38,56,6.94521276595745,7.23898305084746,6.45,8.5,7.03947368421053,6.88125,7
"21",2004,1,7.1875,20,7.66071428571429,6.08333333333333,NA,6.35714285714286,7.63461538461539,14,6,0,7,13,114,73,41,2,45,69,6.98771929824561,7.31986301369863,6.39634146341463,8.5,6.93333333333333,7.0231884057971,8
"22",2004,2,7.61538461538461,13,7.81818181818182,6.5,6,7.71428571428571,7.5,11,2,1,7,6,127,84,43,3,52,75,7.05196850393701,7.38511904761905,6.40116279069767,7.66666666666667,7.03846153846154,7.06133333333333,9
"23",2004,3,7.41875,16,7.74615384615385,6,NA,7.7,7.29090909090909,13,3,0,5,11,143,97,46,3,57,86,7.09300699300699,7.43350515463918,6.375,7.66666666666667,7.09649122807018,7.09069767441861,10
"24",2004,4,6,6,6.5,5.75,6,6,6,2,4,1,2,4,149,99,50,4,59,90,7.04899328859061,7.41464646464647,6.325,7.25,7.05932203389831,7.04222222222222,11
"25",2004,5,7,13,7.33333333333333,6.25,NA,7.75,6.66666666666667,9,4,0,4,9,162,108,54,4,63,99,7.04506172839506,7.40787037037037,6.31944444444444,7.25,7.1031746031746,7.00808080808081,12
"26",2004,6,7.05,10,7.3125,6,NA,NA,7.05,8,2,0,0,10,172,116,56,4,63,109,7.0453488372093,7.40129310344828,6.30803571428571,7.25,7.1031746031746,7.01192660550459,13
"27",2004,7,7.21428571428571,14,7.9375,6.25,6.375,7.91666666666667,6.6875,8,6,4,6,8,186,124,62,8,69,117,7.05806451612903,7.43588709677419,6.30241935483871,6.8125,7.17391304347826,6.98974358974359,14
"28",2004,8,7.41666666666667,12,7.55555555555556,7,NA,8.1,6.92857142857143,9,3,0,5,7,198,133,65,8,74,124,7.07979797979798,7.44398496240602,6.33461538461538,6.8125,7.23648648648649,6.98629032258065,15
"29",2004,9,7.175,20,7.45454545454545,6.83333333333333,NA,7.11111111111111,7.22727272727273,11,9,0,9,11,218,144,74,8,83,135,7.08853211009174,7.44479166666667,6.39527027027027,6.8125,7.22289156626506,7.00592592592593,16
"30",2004,10,7.02380952380952,21,7.26470588235294,6,5,7.25,6.57142857142857,17,4,2,14,7,239,161,78,10,97,142,7.08284518828452,7.42577639751553,6.375,6.45,7.22680412371134,6.98450704225352,17
"31",2004,11,6.32608695652174,23,6.95833333333333,5.63636363636364,6.5,6.19230769230769,6.5,12,11,4,13,10,262,173,89,14,110,152,7.01641221374046,7.39335260115607,6.28370786516854,6.46428571428571,7.10454545454545,6.95263157894737,18
"32",2004,12,7.275,20,7.39285714285714,7,7,7.375,7.20833333333333,14,6,1,8,12,282,187,95,15,118,164,7.03475177304965,7.39331550802139,6.32894736842105,6.5,7.1228813559322,6.97134146341464,19
"33",2005,1,6.66458333333333,24,7.36333333333333,5.5,6.33333333333333,7.01818181818182,6.36538461538461,15,9,3,11,13,306,202,104,18,129,177,7.00571895424837,7.39108910891089,6.25721153846154,6.47222222222222,7.11395348837209,6.92683615819209,20
"34",2005,2,6.80909090909091,33,7.71111111111111,5.72666666666667,6.75,6.76,6.85,18,15,4,15,18,339,220,119,22,144,195,6.98657817109144,7.41727272727273,6.19033613445378,6.52272727272727,7.07708333333333,6.91974358974359,21
"35",2005,3,7.42857142857143,21,7.70588235294118,6.25,NA,7.58333333333333,7.22222222222222,17,4,0,12,9,360,237,123,22,156,204,7.01236111111111,7.4379746835443,6.19227642276423,6.52272727272727,7.11602564102564,6.93308823529412,22
"36",2005,4,6.52,25,7.38461538461539,5.58333333333333,7,5.35714285714286,6.97222222222222,13,12,1,7,18,385,250,135,23,163,222,6.98038961038961,7.4352,6.13814814814815,6.54347826086957,7.04049079754601,6.93626126126126,23
"37",2005,5,6.69354838709677,31,6.925,6.27272727272727,6.75,6.4375,6.96666666666667,20,11,2,16,15,416,270,146,25,179,237,6.95901442307692,7.39740740740741,6.14828767123288,6.56,6.98659217877095,6.93818565400844,24
"38",2005,6,6.72222222222222,27,7.375,4.85714285714286,NA,6.46666666666667,7.04166666666667,20,7,0,15,12,443,290,153,25,194,249,6.94458239277652,7.39586206896552,6.08921568627451,6.56,6.94639175257732,6.94317269076305,25
"39",2005,7,6.704,25,7.33125,5.58888888888889,5,7.03,6.48666666666667,16,9,1,10,15,468,306,162,26,204,264,6.93173076923077,7.39248366013072,6.06141975308642,6.5,6.95049019607843,6.91723484848485,26
"40",2005,8,6.55526315789474,38,7.05238095238095,5.94117647058824,NA,6.26842105263158,6.84210526315789,21,17,0,19,19,506,327,179,26,223,283,6.90345849802371,7.37064220183486,6.05,6.5,6.89237668161435,6.91219081272085,27
"41",2005,9,6.44918918918919,37,7.11157894736842,5.75,6.3,6.746,6.1,19,18,5,20,17,543,346,197,31,243,300,6.87250460405156,7.3564161849711,6.02258883248731,6.46774193548387,6.880329218107,6.86616666666667,28
"42",2005,10,7.01351351351351,37,7.34375,6.40384615384615,6.25,6.75,7.44642857142857,24,13,2,23,14,580,370,210,33,266,314,6.8815,7.35559459459459,6.04619047619048,6.45454545454545,6.86906015037594,6.89203821656051,29
"43",2005,11,6.64444444444444,45,7.23076923076923,5.84210526315789,NA,7.0625,6.41379310344828,26,19,0,16,29,625,396,229,33,282,343,6.864432,7.34739898989899,6.0292576419214,6.45454545454545,6.88003546099291,6.85160349854227,30
"44",2005,12,6.21176470588235,34,6.94444444444444,5.3875,7,6.375,6.12272727272727,18,16,3,12,22,659,414,245,36,294,365,6.83075872534143,7.32987922705314,5.98734693877551,6.5,6.85942176870748,6.80767123287671,31
"45",2006,1,6.87142857142857,63,7.36666666666667,6.42121212121212,6.16666666666667,6.96551724137931,6.79117647058824,30,33,6,29,34,722,444,278,42,323,399,6.83430747922438,7.33236486486487,6.03884892086331,6.45238095238095,6.86894736842105,6.8062656641604,32
"46",2006,2,6.68548387096774,31,7,6.1875,6.66666666666667,6.421875,6.96666666666667,19,12,3,16,15,753,463,290,45,339,414,6.82818061088977,7.31872570194384,6.045,6.46666666666667,6.84784660766962,6.81207729468599,33
"47",2006,3,6.81944444444444,36,7.28,5.77272727272727,9,6.73684210526316,6.91176470588235,25,11,1,19,17,789,488,301,46,358,431,6.82778200253485,7.31674180327869,6.03504983388704,6.52173913043478,6.84195530726257,6.81600928074246,34
"48",2006,4,6.7962962962963,27,7.02777777777778,6.33333333333333,6.5,6.66666666666667,6.86111111111111,18,9,2,9,18,816,506,310,48,367,449,6.82674019607843,7.30646245059289,6.04370967741935,6.52083333333333,6.83765667574932,6.81781737193764,35
"49",2006,5,6.72727272727273,22,7,6.25,6,6.54545454545455,6.90909090909091,14,8,1,11,11,838,520,318,49,378,460,6.82412887828162,7.29821153846154,6.04889937106918,6.51020408163265,6.82915343915344,6.82,36
"50",2006,6,7.12884615384615,26,7.21388888888889,6.9375,7,7.04545454545455,7.19,18,8,1,11,15,864,538,326,50,389,475,6.83329861111111,7.29539033457249,6.07070552147239,6.52,6.83526992287918,6.83168421052632,37
"51",2006,7,6.65957446808511,47,7.05172413793103,6.02777777777778,6.5,6.06818181818182,7.18,29,18,6,22,25,911,567,344,56,411,500,6.82433589462129,7.28292768959436,6.06845930232558,6.51785714285714,6.79420924574209,6.8491,38
"52",2006,8,6.2525,40,7.22142857142857,5.73076923076923,5.625,6.11052631578947,6.38095238095238,14,26,4,19,21,951,581,370,60,430,521,6.80028391167192,7.28144578313253,6.04472972972973,6.45833333333333,6.764,6.83023032629558,39
"53",2006,9,6.36363636363636,33,7.13888888888889,5.43333333333333,6.5,5.57692307692308,6.875,18,15,1,13,20,984,599,385,61,443,541,6.78564024390244,7.27716193656094,6.02090909090909,6.45901639344262,6.72916478555305,6.8318853974122,40
"54",2006,10,7.21470588235294,34,7.74090909090909,6.25,6,7.42857142857143,7.065,22,12,1,14,20,1018,621,397,62,457,561,6.79997053045187,7.29359098228664,6.02783375314861,6.45161290322581,6.75059080962801,6.84019607843137,41
"55",2006,11,6.82121212121212,33,7.04444444444444,6.55333333333333,7.6,6.95833333333333,6.74285714285714,18,15,3,12,21,1051,639,412,65,469,582,6.80063748810656,7.28657276995305,6.04696601941748,6.50461538461539,6.75590618336887,6.83668384879725,42
"56",2006,12,6.50648148148148,54,7.16428571428571,5.79807692307692,6,6.24117647058824,6.62837837837838,28,26,1,17,37,1105,667,438,66,486,619,6.78626244343891,7.28143928035982,6.03219178082192,6.4969696969697,6.7379012345679,6.82423263327948,43
"57",2007,1,6.73972619047619,84,7.002,6.35402941176471,6.57142857142857,6.52915384615385,6.92222222222222,50,34,7,39,45,1189,717,472,73,525,664,6.7829747687132,7.26195258019526,6.055375,6.5041095890411,6.72239428571429,6.8308734939759,44
"58",2007,2,6.86669205128205,39,7.26315789473684,6.4900495,6.9,6.99090909090909,6.8178925,19,20,5,11,28,1228,736,492,78,536,692,6.78563354234528,7.26198369565218,6.07304469512195,6.52948717948718,6.72790485074627,6.83034825144509,45
"59",2007,3,6.55952380952381,42,7.03333333333333,5.92777777777778,6,6.44736842105263,6.65217391304348,24,18,4,19,23,1270,760,510,82,555,715,6.7781558976378,7.25476315789474,6.06791762745098,6.50365853658537,6.7183009009009,6.82461676923077,46
"60",2007,4,6.58823529411765,34,7.04545454545455,5.75,6,6.125,7,22,12,2,16,18,1304,782,522,84,571,733,6.77320398006135,7.24887468030691,6.06060917624521,6.49166666666667,6.70167600700526,6.82892358799454,47
"61",2007,5,6.74444444444444,36,6.96111111111111,6.52777777777778,6.33333333333333,6.52857142857143,6.88181818181818,18,18,6,14,22,1340,800,540,90,585,755,6.77243133582089,7.2424,6.07618146296296,6.48111111111111,6.69753333333333,6.83046488741722,48
"62",2007,6,6.816,50,7.51111111111111,6,6.66666666666667,6.25,7.134375,27,23,6,18,32,1390,827,563,96,603,787,6.77399855395683,7.25117291414752,6.07306925399645,6.49270833333333,6.68417412935324,6.84282209656925,49
"63",2007,7,6.74615384615385,52,7.01,6.38636363636364,6.33333333333333,6.5,6.87647058823529,30,22,3,18,34,1442,857,585,99,621,821,6.77299444521498,7.24273045507585,6.08485126495726,6.48787878787879,6.67883574879227,6.84421557856273,50
"64",2007,8,6.98234042553192,47,7.14057142857143,6.52083333333333,6.125,7.10269230769231,6.83333333333333,35,12,4,26,21,1489,892,597,103,647,842,6.7796024110141,7.23872197309417,6.09361472361809,6.47378640776699,6.6958686244204,6.84394416864608,51
"65",2007,9,6.536,50,7.0125,6.09615384615385,7,6.23529411764706,6.69090909090909,24,26,3,17,33,1539,916,623,106,664,875,6.77168810266407,7.23279475982533,6.09372069020867,6.48867924528302,6.68407680722892,6.83817256,52
"66",2007,10,6.71315789473684,57,6.77564102564103,6.57777777777778,7.5,6.65625,6.73536585365854,39,18,2,16,41,1596,955,641,108,680,916,6.76959773809524,7.21412565445026,6.10731355694228,6.50740740740741,6.68342205882353,6.83357094978166,53
"67",2007,11,6.66509433962264,53,6.95,6.29347826086957,6.07142857142857,6.76315789473684,6.61029411764706,30,23,7,19,34,1649,985,664,115,699,950,6.76623892662219,7.20608121827411,6.11376203313253,6.48086956521739,6.68558941344778,6.82557998947368,54
"68",2007,12,6.43951612903226,62,7.04393939393939,5.75172413793103,7.5,6.17115384615385,6.63333333333333,33,29,2,26,36,1711,1018,693,117,725,986,6.75439976037405,7.20082514734774,6.09861181818182,6.4982905982906,6.66714068965517,6.81856084178499,55
"69",2008,1,6.65479452054795,73,7.07209302325581,6.05666666666667,6.78333333333333,6.54545454545455,6.745,43,30,6,33,40,1784,1061,723,123,758,1026,6.75032398542601,7.19560791705938,6.09687135546335,6.51219512195122,6.66184300791557,6.81569297270955,56
"70",2008,2,6.51071428571429,56,7.17,5.75,7.3,6.13333333333333,6.73714285714286,30,26,5,21,35,1840,1091,749,128,779,1061,6.74303151630435,7.19490375802017,6.08483042723632,6.54296875,6.64759563543004,6.81310178133836,57
"71",2008,3,6.53260869565217,46,6.92592592592593,5.97368421052632,6.25,6.4,6.59677419354839,27,19,2,15,31,1886,1118,768,130,794,1092,6.737899252386,7.18840787119857,6.08208071614583,6.53846153846154,6.64291813602015,6.80696061355311,58
"72",2008,4,6.69166666666667,54,6.778125,6.56590909090909,6.8,6.635,6.725,32,22,5,20,34,1940,1150,790,135,814,1126,6.73661236597938,7.17699130434783,6.09555441772152,6.54814814814815,6.64272358722359,6.80448578152753,59
"73",2008,5,6.96976744186046,43,7.29285714285714,6.36666666666667,6.5,7.14,6.82173913043478,28,15,6,20,23,1983,1178,805,141,834,1149,6.74166817448311,7.17974533106961,6.10060619875776,6.54609929078014,6.65464868105516,6.80483114882506,60
"74",2008,6,6.82894736842105,38,7.34375,6.45454545454545,6.6875,6.85,6.81923076923077,16,22,8,12,26,2021,1194,827,149,846,1175,6.74330924789708,7.18194304857622,6.11002175332527,6.55369127516779,6.65741962174941,6.8051497787234,61
"75",2008,7,6.64838709677419,62,7.15,6.178125,6.07894736842105,6.468,6.77027027027027,30,32,19,25,37,2083,1224,859,168,871,1212,6.74048391262602,7.18116013071896,6.11255877764843,6.5,6.65198277841561,6.80408497524752,62
"76",2008,8,6.4265306122449,49,6.89166666666667,5.98,5.5,6.19047619047619,6.60357142857143,24,25,12,21,28,2132,1248,884,180,892,1240,6.73326828799249,7.17559294871795,6.10880994343891,6.43333333333333,6.64111771300449,6.79955725,63
"77",2008,9,6.05760869565217,46,6.57826086956522,5.53695652173913,5.63214285714286,5.5,6.3015625,23,23,14,14,32,2178,1271,907,194,906,1272,6.71899815886134,7.16478363493313,6.09430869900772,6.37551546391752,6.62348454746137,6.78702908018868,64
"78",2008,10,6.4527027027027,37,7.14473684210526,5.72222222222222,6.08333333333333,6.65,6.37962962962963,19,18,6,10,27,2215,1290,925,200,916,1299,6.71454988261851,7.16448837209303,6.0870680972973,6.36675,6.62377401746725,6.77856119322556,65
"79",2008,11,6.49302325581395,43,6.81428571428571,6.33793103448276,6.40909090909091,6.40833333333333,6.5258064516129,14,29,11,12,31,2258,1304,954,211,928,1330,6.71033126217892,7.16072852760736,6.09469390985325,6.36895734597156,6.62098814655172,6.77266991729323,66
"80",2008,12,6.3969387755102,49,6.75555555555556,5.95681818181818,5.28571428571429,6.22916666666667,6.45135135135135,27,22,7,12,37,2307,1331,976,218,940,1367,6.70367489813611,7.15250939143501,6.09158605532787,6.33417431192661,6.61598617021277,6.76397292611558,67
"81",2009,1,6.52179487179487,78,6.93541666666667,5.86,5.46842105263158,6.07073170731707,7.02162162162162,48,30,19,41,37,2385,1379,1006,237,981,1404,6.69772662054507,7.14495286439449,6.08467991053678,6.26476793248945,6.59319775739042,6.77076281339031,68
"82",2009,2,6.30714285714286,77,6.85,5.9969387755102,6.21666666666667,6.075,6.34179104477612,28,49,15,10,67,2462,1407,1055,252,991,1471,6.68551096263201,7.13908315565032,6.08060472985782,6.26190476190476,6.5879687184662,6.75122433038749,69
"83",2009,3,6.72704918032787,61,7.17586206896552,6.3203125,6.6875,7.22352941176471,6.53522727272727,29,32,12,17,44,2523,1436,1087,264,1008,1515,6.68651525564804,7.13982590529248,6.08766144434223,6.28125,6.5986875,6.74495114851485,70
"84",2009,4,6.61866666666667,75,6.594,6.631,6.16428571428571,6.16071428571429,6.72377049180328,25,50,7,14,61,2598,1461,1137,271,1022,1576,6.68455657813703,7.13048596851472,6.11155496042216,6.27822878228782,6.59268786692759,6.74413133883249,71
"85",2009,5,6.45757575757576,66,6.7952380952381,6.3,6.52083333333333,6.01470588235294,6.61122448979592,21,45,12,17,49,2664,1482,1182,283,1039,1625,6.67893317942943,7.1257354925776,6.11872926395939,6.28851590106007,6.58323099133782,6.74012368615384,72
"86",2009,6,6.44206349206349,63,7.046,6.04473684210526,5.7,6.374,6.48684210526316,25,38,12,25,38,2727,1507,1220,295,1064,1663,6.67346094242758,7.12441274054413,6.11642458196721,6.26457627118644,6.57831484962406,6.73433613349368,73
"87",2009,7,6.43805970149254,67,7.13035714285714,5.94102564102564,5.72222222222222,6.10555555555556,6.56020408163265,28,39,9,18,49,2794,1535,1259,304,1082,1712,6.66781603078024,7.12452117263844,6.11099125496426,6.24851973684211,6.57045009242144,6.72935221378505,74
"88",2009,8,6.30862068965517,58,6.91034482758621,5.70689655172414,5.75,5.62666666666667,6.54651162790698,29,29,8,15,43,2852,1564,1288,312,1097,1755,6.66051121669004,7.12054987212276,6.10189284937888,6.23573717948718,6.5575451230629,6.72487235897436,75
"89",2009,9,6.68769230769231,65,7.384,6.2525,6.27272727272727,6.25,6.83061224489796,25,40,11,16,49,2917,1589,1328,323,1113,1804,6.66111689749743,7.12469477658905,6.10642920933735,6.23699690402477,6.55312398921833,6.72774445121951,76
"90",2009,10,6.51070175438597,57,7.08115384615385,6.03225806451613,5.7,6.73684210526316,6.39763157894737,26,31,15,19,38,2974,1615,1359,338,1132,1842,6.65823402488231,7.12399380804954,6.10473729948492,6.21316568047337,6.55620759717314,6.72093430510315,77
"91",2009,11,6.21484375,64,6.74193548387097,5.71969696969697,5.5,5.796875,6.35416666666667,31,33,14,16,48,3038,1646,1392,352,1148,1890,6.6488933475971,7.11679829890644,6.09560918821839,6.18480113636364,6.54562456445993,6.71161957142857,78
"92",2009,12,6.40693181818182,88,6.90305555555556,6.06346153846154,5.925,6.31818181818182,6.43651515151515,36,52,20,22,66,3126,1682,1444,372,1170,1956,6.64208189059501,7.11222354340071,6.0944515166205,6.17083333333333,6.54134786324786,6.70233690695297,79
"93",2010,1,6.42857142857143,77,6.825,6.08048780487805,6.08823529411765,5.6875,6.62295081967213,36,41,17,16,61,3203,1718,1485,389,1186,2017,6.63694910708711,7.10620488940629,6.09406598653199,6.1672236503856,6.52982883642496,6.69993603867129,80
"94",2010,2,6.16696428571429,56,6.78958333333333,5.7,5.65,5.90909090909091,6.23,24,32,10,11,45,3259,1742,1517,399,1197,2062,6.62887327094201,7.10184270952928,6.08575345418589,6.15426065162907,6.52412447786132,6.68968040252182,81
"95",2010,3,6.63020833333333,48,7.03863636363636,6.28461538461538,6.07142857142857,6.67777777777778,6.61923076923077,22,26,7,9,39,3307,1764,1543,406,1206,2101,6.62889264892652,7.10105442176871,6.08910433570966,6.15283251231527,6.52527114427861,6.68837267491671,82
"96",2010,4,6.78205128205128,39,7.09523809523809,6.41666666666667,6.125,6.69230769230769,6.82692307692308,21,18,4,13,26,3346,1785,1561,410,1219,2127,6.63067782127914,7.10098599439776,6.09288147982063,6.15256097560976,6.52705250205086,6.69006628584861,83
"97",2010,5,6.67647058823529,34,7.15625,6.25,5.8125,6.375,6.76923076923077,16,18,8,8,26,3380,1801,1579,418,1227,2153,6.63113845857988,7.10147695724598,6.09467257124763,6.14605263157895,6.52606112469438,6.69102228982815,84
"98",2010,6,6.60322580645161,31,7.06315789473684,5.875,4.5,5.66666666666667,6.70357142857143,19,12,4,3,28,3411,1820,1591,422,1230,2181,6.63088478158898,7.10107692307693,6.09301570710245,6.13045023696683,6.52396504065041,6.69118339752407,85
"99",2010,7,6.7530612244898,49,7.30952380952381,6.33571428571429,6.11818181818182,7.33,6.6051282051282,21,28,11,10,39,3460,1841,1619,433,1240,2220,6.63261502601156,7.1034546442151,6.09721308832613,6.13013856812933,6.53046532258065,6.68967161711712,86
"100",2010,8,6.46904761904762,42,6.77727272727273,6.13,7.21666666666667,6.8125,6.38823529411765,22,20,6,8,34,3502,1863,1639,439,1248,2254,6.63065333809252,7.099602791197,6.09761317266626,6.14498861047836,6.53227323717949,6.68512466282165,87
"101",2010,9,6.59659090909091,44,7.18958333333333,5.885,6.9,6.71818181818182,6.55606060606061,24,20,5,11,33,3546,1887,1659,444,1259,2287,6.63023067963903,7.10074721780604,6.09505002411091,6.15349099099099,6.53389753772836,6.68326234805422,88
"102",2010,10,6.17111111111111,45,7.08421052631579,5.50384615384615,5.66923076923077,5.75714285714286,6.35806451612903,19,26,13,14,31,3591,1906,1685,457,1273,2318,6.6244773015873,7.10058237145855,6.08592759050445,6.13971553610503,6.52535506677141,6.67891328300259,89
"103",2010,11,6.36393442622951,61,7.12222222222222,5.76176470588235,5.73076923076923,5.35,6.66595744680851,27,34,13,14,47,3652,1933,1719,470,1287,2365,6.62012540799562,7.10088463528195,6.07951599185573,6.12840425531915,6.51256954156954,6.67865580972516,90
"104",2010,12,6.47727272727273,66,6.82352941176471,6.109375,6.3,6.66666666666667,6.42156862745098,34,32,16,15,51,3718,1967,1751,486,1302,2416,6.61758956159226,7.09609049313676,6.08006167332953,6.13405349794239,6.51434485407066,6.67322888658941,91
"105",2011,1,6.48295081967213,61,7.08705882352941,5.72222222222222,4.9,6.75,6.41755102040816,34,27,5,12,49,3779,2001,1778,491,1314,2465,6.61541624503837,7.09593703148426,6.07462766591676,6.1214867617108,6.51649695585997,6.66814644624747,92
"106",2011,2,6.665625,64,7.05454545454545,6.25161290322581,6.68,6.53571428571429,6.702,33,31,10,14,50,3843,2034,1809,501,1328,2515,6.61625240437159,7.09526548672566,6.07766058043118,6.13263473053892,6.51669954819277,6.66881947912525,93
"107",2011,3,6.70181818181818,55,7.27931034482759,6.05769230769231,6.17857142857143,6.73076923076923,6.69285714285714,29,26,14,13,42,3898,2063,1835,515,1341,2557,6.61745972036942,7.09785264178381,6.07737765122616,6.13388349514563,6.51877479492916,6.66921430973797,94
"108",2011,4,6.58620689655172,29,7.06666666666667,6.07142857142857,6.25,6.35714285714286,6.65909090909091,15,14,6,7,22,3927,2078,1849,521,1348,2579,6.61722892538834,7.09762752646776,6.07733260681449,6.1352207293666,6.51793545994065,6.66912795269484,95
"109",2011,5,6.384,50,6.908,5.86,5.375,5.66666666666667,6.61052631578947,25,25,12,12,38,3977,2103,1874,533,1360,2617,6.61429670354539,7.09537327627199,6.07443329242263,6.11810506566604,6.51042426470588,6.66827703095147,96
"110",2011,6,6.7445652173913,46,6.83653846153846,6.625,7,7.44444444444444,6.57432432432432,26,20,10,9,37,4023,2129,1894,543,1369,2654,6.6157862266965,7.09221230624707,6.08024709081309,6.13434622467772,6.51656464572681,6.66696721552374,97
"111",2011,7,6.44285714285714,42,6.9,6.06521739130435,6.45454545454545,6.66666666666667,6.35333333333333,19,23,11,12,30,4065,2148,1917,554,1381,2684,6.61399950553506,7.09051210428306,6.08006676577986,6.14070397111913,6.51786893555395,6.66346162071535,98
"112",2011,8,6.53421052631579,38,6.71818181818182,6.28125,6.33333333333333,5.375,6.84333333333333,22,16,6,8,30,4103,2170,1933,560,1389,2714,6.61326053863027,7.08673732718894,6.08173201758924,6.14276785714286,6.51128653707703,6.66544988577745,99
"113",2011,9,6.34285714285714,35,6.64285714285714,6.14285714285714,6.8125,4.78571428571429,6.73214285714286,14,21,8,7,28,4138,2184,1954,568,1396,2742,6.61097341469309,7.08389194139194,6.0823889406346,6.15220070422535,6.50263395415473,6.66613092268417,100
"114",2011,10,6.31760869565217,46,6.9,5.78375,5.80111111111111,5.96666666666667,6.37025,22,24,9,6,40,4184,2206,1978,577,1402,2782,6.60774808556405,7.08205802357208,6.07876541456016,6.14672443674177,6.50034022824536,6.66187670381021,101
"115",2011,11,6.55153846153846,65,6.87571428571429,6.17333333333333,6.63636363636364,6.23333333333333,6.647,35,30,11,15,50,4249,2241,2008,588,1417,2832,6.60688820663686,7.07883534136546,6.08017828187251,6.1558843537415,6.49751376146789,6.66161405014124,102
"116",2011,12,6.7695652173913,46,7.05757575757576,6.03846153846154,6.33333333333333,6.95454545454545,6.71142857142857,33,13,3,11,35,4295,2274,2021,591,1428,2867,6.60863049825378,7.07852682497801,6.07990994062345,6.15678510998308,6.50103431372549,6.66222217997907,103
"117",2012,1,7.062,50,7.59230769230769,6.4875,6.59090909090909,6.85714285714286,7.14166666666667,26,24,11,14,36,4345,2300,2045,602,1442,2903,6.61384763866513,7.0843347826087,6.08469339364303,6.16471760797342,6.50449167822469,6.66816775404754,104
"118",2012,2,6.5921568627451,51,7.052,6.15,6.125,6.45833333333333,6.63333333333333,25,26,8,12,39,4396,2325,2071,610,1454,2942,6.61359599408553,7.08398709677419,6.08551327378078,6.16419672131148,6.50411072902338,6.6677059789259,105
"119",2012,3,6.72222222222222,36,7.11363636363636,6.10714285714286,6.75,6.55,6.78846153846154,22,14,4,10,26,4432,2347,2085,614,1464,2968,6.61447833709386,7.08426501917341,6.08565850839329,6.16801302931596,6.50442418032787,6.6687638106469,106
"120",2012,4,6.45238095238095,21,6.625,6.22222222222222,5.8,6.75,6.38235294117647,12,9,5,4,17,4453,2359,2094,619,1468,2985,6.6137138984954,7.08192878338279,6.08624545845272,6.16504038772213,6.50509332425068,6.6671326599665,107
"121",2012,5,6.55853658536585,41,7.15,5.9952380952381,4.75,6.6875,6.52727272727273,20,21,4,8,33,4494,2379,2115,623,1476,3018,6.61321050066756,7.08250105086171,6.0853418392435,6.15595505617978,6.50608197831978,6.66560337640822,108
"122",2012,6,6.35357142857143,28,6.73125,5.85,5,6,6.4304347826087,16,12,4,5,23,4522,2395,2127,627,1481,3041,6.61160282839452,7.08015448851775,6.0840140996709,6.14858054226475,6.50437339635382,6.66382472541927,109
"123",2012,7,6.65375,40,7.24545454545455,5.93055555555556,5.6625,6.65555555555556,6.65322580645161,22,18,8,9,31,4562,2417,2145,635,1490,3072,6.61197237834283,7.081659081506,6.08272633566434,6.14245669291339,6.50528657718121,6.66371777018229,110
"124",2012,8,7.01304347826087,23,7.61538461538461,6.23,7,7.8,6.79444444444444,13,10,3,5,18,4585,2430,2155,638,1495,3090,6.61398429443839,7.08451440329218,6.08340974013921,6.14648902821317,6.50961672240803,6.66447928478964,111
"125",2012,9,6.825,46,7.18793103448276,6.20588235294118,6.16666666666667,7,6.7484375,29,17,6,14,32,4631,2459,2172,644,1509,3122,6.61608032606349,7.08573403822692,6.08436831952118,6.14667701863354,6.5141663353214,6.66533984304933,112
"126",2012,10,6.26666666666667,42,6.65294117647059,6.004,6.12222222222222,5.58461538461538,6.57241379310345,17,25,9,13,29,4673,2476,2197,653,1522,3151,6.61293986518297,7.08276252019386,6.08345379608557,6.14633996937213,6.50622667542707,6.66448460488734,113
"127",2012,11,6.3472972972973,37,6.625,6.02058823529412,5.39166666666667,5.735,6.57407407407407,20,17,6,10,27,4710,2496,2214,659,1532,3178,6.61085307643312,7.07909455128205,6.08297108852755,6.139468892261,6.50119255874674,6.66371648521083,114
"128",2012,12,6.84078947368421,38,7.29318181818182,6.21875,5.83333333333333,6.18181818181818,7.10925925925926,22,16,6,11,27,4748,2518,2230,665,1543,3205,6.61269334245998,7.08096505162828,6.08394528699552,6.1367067669173,6.4989157485418,6.66746988767551,115
"129",2013,1,6.81186440677966,59,7.07714285714286,6.425,6.3,6.65,6.83725490196078,35,24,10,8,51,4807,2553,2254,675,1551,3256,6.61513792178074,7.08091265178222,6.08757674800355,6.13912592592593,6.49969503546099,6.67012929668305,116
"130",2013,2,6.41666666666667,36,7.21875,5.775,5.71428571428571,5.94444444444444,6.57407407407407,16,20,7,9,27,4843,2569,2274,682,1560,3283,6.613662603758,7.08177111716621,6.0848276121372,6.13476539589443,6.49649166666667,6.66933932074322,117
"131",2013,3,6.46875,32,6.73157894736842,6.08461538461538,7.1,6.25,6.54166666666667,19,13,1,8,24,4875,2588,2287,683,1568,3307,6.6127113825641,7.07920015455951,6.08482640577175,6.13617862371889,6.49523405612245,6.66841275778651,118
"132",2013,4,7.16774193548387,31,7.41176470588235,6.87142857142857,7.3,7.2,7.16153846153846,17,14,4,5,26,4906,2605,2301,687,1573,3333,6.61621850591113,7.08137044145874,6.08961233811386,6.14295487627366,6.49747425301971,6.6722595229523,119
"133",2013,5,6.46785714285714,28,7.2,5.83333333333333,6.0625,6.42,6.47826086956522,13,15,8,5,23,4934,2618,2316,695,1578,3356,6.61537656870693,7.08195951107716,6.0879525,6.14202877697842,6.49722877059569,6.67092997318236,120
"134",2013,6,6.62941176470588,34,6.90869565217391,6.04545454545455,6.33333333333333,6.14285714285714,6.75555555555556,23,11,3,7,27,4968,2641,2327,698,1585,3383,6.61547262278583,7.0804505868989,6.0877516072196,6.14285100286533,6.49566372239748,6.67160537688442,121
"135",2013,7,6.5,37,6.85,6.37037037037037,6.40909090909091,6.6875,6.44827586206897,10,27,11,8,29,5005,2651,2354,709,1593,3412,6.61461897902098,7.07958129007922,6.09099319881054,6.14698166431594,6.49662711864407,6.66970720691677,122
"136",2013,8,6.63928571428571,42,6.81851851851852,6.31666666666667,6.19444444444444,5.625,6.87794117647059,27,15,9,8,34,5047,2678,2369,718,1601,3446,6.61482425004954,7.07694921583271,6.09242211481638,6.14757660167131,6.49227170518426,6.67176174985491,123
"137",2013,9,6.25609756097561,41,6.61904761904762,5.875,5.85714285714286,5.8125,6.36363636363636,21,20,7,8,33,5088,2699,2389,725,1609,3479,6.61193356721698,7.07338643942201,6.09060192130599,6.14477241379311,6.48889185829708,6.66883903133084,124
"138",2013,10,7.01724137931035,29,7.23529411764706,6.70833333333333,6.5,7.2,6.97916666666667,17,12,6,5,24,5117,2716,2401,731,1614,3503,6.61423060191519,7.0743998527246,6.09368929196168,6.14768809849521,6.49109479553904,6.67096516985441,125
"139",2013,11,6.31794871794872,39,6.68095238095238,5.89444444444444,6.12,6.14285714285714,6.35625,21,18,5,7,32,5156,2737,2419,736,1621,3535,6.61198952482545,7.0713810741688,6.09220669284829,6.1475,6.48959099321407,6.66811626308345,126
"140",2013,12,6.17428571428571,35,6.63,5.56666666666667,5.42857142857143,6.5125,6.07407407407407,20,15,7,8,27,5191,2757,2434,743,1629,3562,6.6090383336544,7.06817918026841,6.08896794987675,6.1407267833109,6.48970349907919,6.66361341661988,127
"141",2014,1,6.50833333333333,48,7.05185185185185,5.80952380952381,6.14285714285714,6,6.61,27,21,7,8,40,5239,2784,2455,750,1637,3602,6.60811566902081,7.06802083333333,6.08657759266803,6.14074666666667,6.48731032376298,6.66301804275403,128
"142",2014,2,6.37021276595745,47,6.70192307692308,5.95952380952381,6,6.09375,6.42692307692308,26,21,4,8,39,5286,2810,2476,754,1645,3641,6.60600037646614,7.0646334519573,6.08549999596123,6.14,6.48539635258359,6.66048914858556,129
"143",2014,3,6.89444444444444,36,7.39090909090909,6.11428571428571,5.86666666666667,7.13076923076923,6.76086956521739,22,14,3,13,23,5322,2832,2490,757,1658,3664,6.60795152010523,7.06716807909605,6.0856618433735,6.13891677675033,6.49045657418577,6.6611192658297,130
"144",2014,4,6.6530303030303,33,7.05,6.11428571428571,5.75,6.13888888888889,6.84583333333333,19,14,4,9,24,5355,2851,2504,761,1667,3688,6.60822931652661,7.06705366538057,6.08582188099042,6.13687253613667,6.48855848830234,6.66232130965293,131
"145",2014,5,6.34883720930233,43,6.80769230769231,5.64705882352941,5.33333333333333,7,6.31707317073171,26,17,6,2,41,5398,2877,2521,767,1669,3729,6.60616302148944,7.06470976711853,6.08286314557715,6.13058670143416,6.48917136009587,6.65852533923304,132
"146",2014,6,6.76296296296296,27,6.94,6.54166666666667,7,6.14285714285714,6.98,15,12,1,7,20,5425,2892,2533,768,1676,3749,6.60694340829493,7.06406293222683,6.0850367114094,6.13171875,6.48772494033413,6.66024032808749,133
"147",2014,7,6.525,28,6.76875,6.2,7,6.55555555555556,6.51052631578947,16,12,5,9,19,5453,2908,2545,773,1685,3768,6.60652264624977,7.06243810178817,6.08557877799607,6.13733505821475,6.48808724035609,6.6594854007431,134
"148",2014,8,6.753125,32,7.30625,6.2,6.7875,7.08888888888889,6.62173913043478,16,16,8,9,23,5485,2924,2561,781,1694,3791,6.60737793801276,7.06377222982216,6.08629363139399,6.14399487836108,6.49127922077922,6.65925639409127,135
"149",2014,9,6.1474358974359,39,6.59615384615385,5.92307692307692,6.33636363636364,5.8,6.19852941176471,13,26,11,5,34,5524,2937,2587,792,1699,3825,6.60413070057929,7.06170241743275,6.08465326246618,6.14666666666667,6.48924484991171,6.65516104313726,136
"150",2014,10,6.16206896551724,29,6.46428571428571,5.88,4.5,6.33333333333333,6.11739130434783,14,15,2,6,23,5553,2951,2602,794,1705,3848,6.60182207635512,7.05886818027787,6.08347347809378,6.14251889168766,6.48869618768329,6.65194672297297,137
"151",2014,11,6.37642857142857,42,7.08928571428571,6.02,6.43333333333333,6.22666666666667,6.40138888888889,14,28,9,6,36,5595,2965,2630,803,1711,3884,6.60013011438785,7.05901180438449,6.0827977148289,6.14577833125779,6.48777732320281,6.64962435375901,138
"152",2014,12,6.4575,40,6.89473684210526,6.06190476190476,5.875,6.03333333333333,6.58064516129032,19,21,8,9,31,5635,2984,2651,811,1720,3915,6.59911765572316,7.05796581769437,6.08263221048661,6.14310727496918,6.48539941860465,6.64907815836526,139
"153",2015,1,6.77083333333333,48,7.25,6.29166666666667,6,6.33333333333333,6.83333333333333,24,24,14,6,42,5683,3008,2675,825,1726,3957,6.60056800809432,7.05949800531915,6.08450765981309,6.14067878787879,6.4848707995365,6.65103386151125,140
"154",2015,2,6.86515151515152,33,7.46470588235294,6.228125,5.915,6.2,6.98392857142857,17,16,10,5,28,5716,3025,2691,835,1731,3985,6.60209551959412,7.06177520661157,6.08536157190636,6.13797604790419,6.48404794916234,6.65337289585947,141
"155",2015,3,6.55357142857143,28,6.61666666666667,6.50625,5.8,6.57,6.54444444444444,12,16,5,10,18,5744,3037,2707,840,1741,4003,6.60185898154596,7.06001646361541,6.08784927595124,6.13596428571429,6.48454164273406,6.65288308518611,142
"156",2015,4,6.52758620689655,29,7.1,6.0625,6.8,6.77777777777778,6.415,13,16,5,9,20,5773,3050,2723,845,1750,4023,6.60148588082453,7.0601868852459,6.08770032684539,6.13989349112426,6.48604971428572,6.65170046979866,143
"157",2015,5,6.47666666666667,30,6.57692307692308,6.4,6.14285714285714,5.75,6.74090909090909,13,17,7,8,22,5803,3063,2740,852,1758,4045,6.60084059796657,7.05813581456089,6.08963795255475,6.13991784037559,6.48270022753129,6.65218565883807,144
"158",2015,6,6.53333333333333,36,6.79411764705882,6.3,6.1,6.5,6.53529411764706,17,19,5,2,34,5839,3080,2759,857,1760,4079,6.60042438602501,7.05667857142857,6.09108662196448,6.13968494749125,6.48271988636364,6.65121132385389,145
"159",2015,7,6.29032258064516,31,6.95625,5.58,5.7125,6.83333333333333,6.23214285714286,16,15,8,3,28,5870,3096,2774,865,1763,4107,6.59878671039182,7.05615956072351,6.08832299567412,6.13573410404624,6.48331650595576,6.64835427075724,146
"160",2015,8,6.671875,32,7.390625,5.953125,5.625,6.35714285714286,6.76,16,16,6,7,25,5902,3112,2790,871,1770,4132,6.59918298712301,7.05787917737789,6.08754766666667,6.13221584385764,6.4828175141243,6.64902976524685,147
"161",2015,9,6.37678571428571,28,6.77142857142857,5.98214285714286,5.75,7,6.32884615384615,14,14,3,2,26,5930,3126,2804,874,1772,4158,6.59813288195616,7.05659628918746,6.08702139443652,6.13090389016018,6.48340124153499,6.64702765512266,148
"162",2015,10,6.76923076923077,26,7.11764705882353,6.11111111111111,6.5,6.5,6.80434782608696,17,9,2,3,23,5956,3143,2813,876,1775,4181,6.59887978341169,7.05692650334076,6.08709846782794,6.13174657534247,6.48342929577465,6.64789308538627,149
"163",2015,11,6.22777777777778,36,6.72272727272727,5.45,5.5,6.14285714285714,6.24827586206897,22,14,4,7,29,5992,3165,2827,880,1782,4210,6.59665019859813,7.05460347551343,6.08394339936328,6.128875,6.48209147025814,6.64514037767221,150
"164",2015,12,6,36,6.80625,5.355,5.78571428571429,5.32222222222222,6.22592592592593,16,20,7,9,27,6028,3181,2847,887,1791,4237,6.59308692601195,7.05335429110343,6.0788226167896,6.12616685456595,6.47626298157454,6.64246896152939,151
"165",2016,1,6.17391304347826,46,6.91071428571429,5.02777777777778,5.25,5.5,6.275,28,18,8,6,40,6074,3209,2865,895,1797,4277,6.58991241191966,7.05210969149268,6.07221919371728,6.11833519553073,6.47300333889816,6.63903226326865,152
"166",2016,2,6.3,27,7.31538461538462,5.35714285714286,5.77777777777778,7.2,6.09545454545455,13,14,9,5,22,6101,3222,2879,904,1802,4299,6.5886294033765,7.05317194289261,6.06874192080584,6.11494469026549,6.4750205327414,6.63625052105141,153
"167",2016,3,6.37777777777778,36,6.94117647058824,5.87368421052632,5.5,5.85714285714286,6.50344827586207,17,19,8,7,29,6137,3239,2898,912,1809,4328,6.58739253544077,7.0525841309046,6.06746307453416,6.10955043859649,6.47262962962963,6.63536067236599,154
"168",2016,4,6.55909090909091,33,6.97368421052632,5.99642857142857,5.5,6,6.63620689655172,19,14,6,4,29,6170,3258,2912,918,1813,4357,6.58724116531605,7.0521240024555,6.0671215625,6.10556644880174,6.47158687258687,6.63536630479688,155
"169",2016,5,6.38709677419355,31,6.91666666666667,5.65384615384615,6.08333333333333,5.5,6.44827586206897,18,13,6,2,29,6201,3276,2925,924,1815,4386,6.58624060474117,7.05137973137973,6.06528478290598,6.10542207792208,6.47051625344353,6.63412927268582,156
"170",2016,6,6.02,25,6.46153846153846,5.54166666666667,6.375,6.35714285714286,5.88888888888889,13,12,4,7,18,6226,3289,2937,928,1822,4404,6.58396691133954,7.04904834296139,6.06314538304392,6.10658405172414,6.4700806805708,6.63108333106267,157
"171",2016,7,6.64634146341463,41,7.1695652173913,5.97777777777778,6.54,6.7125,6.63030303030303,23,18,5,8,33,6267,3312,2955,933,1830,4437,6.58437497845859,7.04988526570048,6.06262537732657,6.10890675241158,6.47114043715847,6.63107752760874,158
"172",2016,8,6.40476190476191,42,6.4375,6.38461538461539,6.26923076923077,6.05,6.515625,16,26,13,10,32,6309,3328,2981,946,1840,4469,6.58317926612775,7.04694110576923,6.06543374371017,6.11110993657505,6.46885163043478,6.63025083687626,159
"173",2016,9,6.01052631578947,38,6.76470588235294,5.4,4.5,5.78125,6.17727272727273,17,21,7,16,22,6347,3345,3002,953,1856,4491,6.57975074680952,7.0455067264574,6.06077881079281,6.0992759706191,6.46292403017242,6.62803183923402,160
"174",2016,10,6.488,25,6.82142857142857,6.06363636363636,5.625,6.25,6.56315789473684,14,11,8,6,19,6372,3359,3013,961,1862,4510,6.57939077055869,7.04457278952069,6.06078924327912,6.09532778355879,6.46223791621912,6.62775853436807,161
"175",2016,11,6.9,32,7.12777777777778,6.60714285714286,6.625,5.83333333333333,7.01034482758621,18,14,4,3,29,6404,3377,3027,965,1865,4539,6.58099281542786,7.04501628664495,6.06331615130492,6.09752331606218,6.46122627345845,6.63020290592642,162
"176",2016,12,6.49,40,7.225,6,6.64285714285714,6.9,6.43142857142857,16,24,7,5,35,6444,3393,3051,972,1870,4574,6.58042799348231,7.04586501620984,6.0628180891511,6.10145061728395,6.46239946524064,6.62868189549628,163
"177",2017,1,6.60731707317073,41,7.07037037037037,5.71428571428571,6,7.1,6.46875,27,14,5,9,32,6485,3420,3065,977,1879,4606,6.58059799383192,7.04605847953216,6.06122609787928,6.10093142272262,6.46545343267696,6.62757077507599,164
"178",2017,2,6.23648648648649,37,6.47222222222222,6.01315789473684,7.03125,6.28571428571429,6.225,18,19,8,7,30,6522,3438,3084,985,1886,4636,6.57864581263416,7.04305410122164,6.06092995784695,6.10848730964467,6.46478632025451,6.62496570103538,165
"179",2017,3,6.68076923076923,26,6.80714285714286,6.53333333333333,6.5,6.3,6.77142857142857,14,12,3,5,21,6548,3452,3096,988,1891,4657,6.57905131185095,7.04209733487833,6.06276097868217,6.10967611336033,6.46435060814384,6.6256261520292,166
"180",2017,4,6.42222222222222,27,6.65,6.09090909090909,5.33333333333333,7,6.35,16,11,3,3,24,6575,3468,3107,991,1894,4681,6.57840729885932,7.04028835063437,6.06286063405214,6.10732593340061,6.46519904963041,6.62421298654134,167
"181",2017,5,6.84,30,7.12777777777778,6.40833333333333,6.56666666666667,6.96666666666667,6.82592592592593,18,12,6,3,27,6605,3486,3119,997,1897,4708,6.57959545647237,7.04074010327022,6.06418980121834,6.11009027081244,6.46599209277807,6.62536979396772,168
"182",2017,6,6.06666666666667,30,6.88461538461539,5.44117647058824,4.78571428571429,4.9,6.3,13,17,7,5,25,6635,3499,3136,1004,1902,4733,6.57727626073851,7.04016004572735,6.06081249681123,6.10085657370518,6.46187539432177,6.62365117050497,169
"183",2017,7,6.43965517241379,29,6.39285714285714,6.48333333333333,6.2,5.7,6.59375,14,15,5,5,24,6664,3513,3151,1009,1907,4757,6.57667736944778,7.0375804155992,6.06282386226595,6.1013478691774,6.45987781856319,6.62350031322262,170
"184",2017,8,6.73548387096774,31,7.07142857142857,6.03,6,8,6.64827586206897,21,10,4,2,29,6695,3534,3161,1013,1909,4786,6.57741269454817,7.03778155065082,6.06272002214489,6.10094768015795,6.46149135673127,6.62365043669035,171
"185",2017,9,6.335,20,6.72222222222222,6.01818181818182,5.4,4,6.45789473684211,9,11,5,1,19,6715,3543,3172,1018,1910,4805,6.57669069099032,7.03697996048547,6.06256557061791,6.09750491159136,6.46020261780105,6.62299500312175,172
"186",2017,10,6.51,30,6.95625,6,5.75,5.66666666666667,6.6037037037037,16,14,4,3,27,6745,3559,3186,1022,1913,4832,6.57639406819867,7.03661702725485,6.06229064344005,6.09614481409002,6.45895818086775,6.62288720819536,173
"187",2017,11,6.72272727272727,44,7,6.32222222222222,6.31111111111111,6.22222222222222,6.85142857142857,26,18,9,9,35,6789,3585,3204,1031,1922,4867,6.57734246428045,7.03635146443515,6.06375093320849,6.09802133850631,6.45784963579605,6.62453071501952,174
"188",2017,12,6.29677419354839,31,7.27272727272727,5.76,6.25,6.61111111111111,6.16818181818182,11,20,8,9,22,6820,3596,3224,1039,1931,4889,6.57606715395894,7.0370745272525,6.06186662220844,6.09919153031761,6.45856395649922,6.62247719165474,175
"189",2018,1,6.59925,40,6.77592592592593,6.23230769230769,5.83333333333333,6.56666666666667,6.605,27,13,6,6,34,6860,3623,3237,1045,1937,4923,6.57620233090379,7.03512834667403,6.06255112449799,6.09766507177034,6.4588988125968,6.62235648791387,176
"190",2018,2,6.34642857142857,28,6.90588235294118,5.48181818181818,5.32857142857143,5.75,6.44583333333333,17,11,7,4,24,6888,3640,3248,1052,1941,4947,6.57526829123113,7.03452472527473,6.0605843565271,6.09254752851711,6.45743791859866,6.62150009904993,177
"191",2018,3,6.07142857142857,28,7.7,5.3,5.65454545454545,5.16666666666667,6.31818181818182,9,19,11,6,22,6916,3649,3267,1063,1947,4969,6.57322845430885,7.03616607289669,6.05616100091828,6.08801505174036,6.45346019517206,6.62015717246931,178
"192",2018,4,6.96428571428571,14,7.42857142857143,6.5,6.16666666666667,7.16666666666667,6.90909090909091,7,7,3,3,11,6930,3656,3274,1066,1950,4980,6.57401846897547,7.03691739606127,6.05710995418449,6.08823639774859,6.45455743589744,6.62079537951807,179
"193",2018,5,6.57142857142857,21,7.06363636363636,6.03,5.71428571428571,5.5,6.75,11,10,7,3,18,6951,3667,3284,1073,1953,4998,6.57401064451158,7.03699754567767,6.05702740255786,6.08579683131407,6.45309114183308,6.62126070228091,180
"194",2018,6,6.72384615384615,26,7.25333333333333,6.00181818181818,6.25,6.78571428571429,6.70105263157895,15,11,4,7,19,6977,3682,3295,1077,1960,5017,6.57456901103626,7.03787887017925,6.05684309256449,6.08640668523677,6.45427908163265,6.62156288419374,181
"195",2018,7,6.89411764705882,17,7.5,6.02857142857143,6,7.16666666666667,6.83571428571429,10,7,2,3,14,6994,3692,3302,1079,1963,5031,6.57534572347727,7.03913055254605,6.0567831586917,6.08624652455978,6.45536780438105,6.62215881335718,182
"196",2018,8,6.24,20,6.73333333333333,5.5,5.5,6.45,6.1875,12,8,2,4,16,7014,3704,3310,1081,1967,5047,6.57438950527516,7.0381398488121,6.0554374592145,6.08516188714154,6.45535688866294,6.62078085793541,183
"197",2018,9,6.41076375,32,7.16549684210526,5.30769230769231,4.8,5.8,6.52386814814815,19,13,5,5,27,7046,3723,3323,1086,1972,5074,6.57364638518308,7.03878980392157,6.0525121847728,6.07924493554328,6.45369523326572,6.6202651616082,184
"198",2018,10,7.15416666666667,24,7.45,5.675,5,7.1,7.16842105263158,20,4,2,5,19,7070,3743,3327,1088,1977,5093,6.57561703394625,7.04098702644937,6.05205830778479,6.07726102941177,6.45532979261507,6.62231011780875,185
"199",2018,11,6.51923076923077,26,6.79166666666667,6.28571428571429,6.3,6.16666666666667,6.56521739130435,12,14,5,3,23,7096,3755,3341,1093,1980,5116,6.57541043263811,7.04019026364847,6.05303741095481,6.07827996340348,6.45489242424243,6.6220534460516,186
"200",2018,12,6.425375,32,6.84819047619048,5.61818181818182,5.95,6.46666666666667,6.41584615384615,21,11,4,6,26,7128,3776,3352,1097,1986,5142,6.57473687289562,7.03912246822034,6.05161037887828,6.07781221513218,6.4549279959718,6.6210107798522,187
"201",2019,1,6.71609375,32,7.28090909090909,5.4735,5.5,8,6.58327586206897,22,10,2,3,29,7160,3798,3362,1099,1989,5171,6.57536863547486,7.0405230226435,6.04989083581202,6.07676069153776,6.45725842131725,6.62079915490234,188
"202",2019,2,6.89,26,7.01,6.75,6.6,7.5,6.77909090909091,14,12,5,4,22,7186,3812,3374,1104,1993,5193,6.57650701781241,7.04041092339979,6.05238085062241,6.07913043478261,6.45935122930256,6.62146975351434,189
"203",2019,3,5.71481481481482,27,6.32142857142857,5.06153846153846,5.46,5.14285714285714,5.915,14,13,5,7,20,7213,3826,3387,1109,2000,5213,6.57328149591016,7.03778004181913,6.04857779450842,6.07633904418395,6.4547435,6.61875933819298,190
"204",2019,4,6.06190476190476,21,7.5,5.34285714285714,5.04285714285714,4.5,6.42941176470588,7,14,7,4,17,7234,3833,3401,1116,2004,5230,6.57179699059995,7.03862416905818,6.04567274037048,6.06985663082437,6.45084181636727,6.61814386806883,191
"205",2019,5,6.65789473684211,19,6.75,6.5,6.375,5.25,6.82352941176471,12,7,4,2,17,7253,3845,3408,1120,2006,5247,6.57202253274507,7.03772339141743,6.04660592429578,6.07094642857143,6.4496445663011,6.61880930627025,192
"206",2019,6,6.94230769230769,26,7.23529411764706,6.38888888888889,6,6.58333333333333,7.05,17,9,3,6,20,7279,3862,3417,1123,2012,5267,6.57334516142327,7.0385930709477,6.04750745976003,6.07075690115762,6.45004324055666,6.62044663565597,193
"207",2019,7,6.5825,16,6.43555555555556,6.77142857142857,5.5,6.79666666666667,6.454,9,7,2,6,10,7295,3871,3424,1125,2018,5277,6.57336524057574,7.03719102040816,6.04898743866823,6.06974222222222,6.45107383548067,6.62013121660034,194
"208",2019,8,6.6528,25,7.25142857142857,5.89090909090909,5.66666666666667,7,6.566,14,11,3,5,20,7320,3885,3435,1128,2023,5297,6.57363653415301,7.03796304761905,6.04848121979622,6.06867021276596,6.45243054869007,6.61992683216915,195
"209",2019,9,6.24,35,6.87,5.4,5.66666666666667,5.63333333333333,6.36551724137931,20,15,6,6,29,7355,3905,3450,1134,2029,5326,6.57204886879674,7.03710280153649,6.04566173623189,6.06654320987655,6.45000837851158,6.61854157529102,196
"210",2019,10,6.84615384615385,26,7.73076923076923,5.96153846153846,5.4,6.1,7.02380952380952,13,13,5,5,21,7381,3918,3463,1139,2034,5347,6.57301441945536,7.03940440020419,6.04534593993647,6.06361720807726,6.44914798426745,6.62013323919955,197
"211",2019,11,6.7,30,7.2,5.7,5.1,4.5,6.94444444444444,20,10,5,3,27,7411,3938,3473,1144,2037,5374,6.57352846174605,7.04022002031488,6.04435156636914,6.0594055944056,6.44627736867943,6.62176264049125,198
"212",2019,12,6.63290322580645,31,7.588,5.7375,6.1,7.5,6.50444444444444,15,16,8,4,27,7442,3953,3489,1152,2041,5401,6.57377579011019,7.04229861877056,6.04294439380912,6.0596875,6.44834247917687,6.62117615811887,199
"213",2020,1,6.425,40,6.90384615384615,5.53571428571429,4.8,5.6,6.54285714285714,26,14,5,5,35,7482,3979,3503,1157,2046,5436,6.5729804103181,7.04139392812265,6.04091721096203,6.0542437337943,6.44626930596286,6.62067189661516,200
"214",2020,2,5.97222222222222,18,6.39285714285714,4.5,4,5.6,6.11538461538461,14,4,2,5,13,7500,3993,3507,1159,2051,5449,6.57153859066667,7.03912007012272,6.03915967778728,6.0506988783434,6.44420624085812,6.61946640300973,201
"215",2020,3,6.29259259259259,27,6.75,5.37777777777778,6.25,6.4,6.26818181818182,18,9,4,5,22,7527,4011,3516,1163,2056,5471,6.57053798724592,7.0378225978559,6.03746672070535,6.05138435081686,6.44409873540856,6.61805381648693,202
"216",2020,4,5.93055357142857,28,6.63888888888889,4.65555,4.61727777777778,5.42857142857143,6.09788095238095,18,10,9,7,21,7555,4029,3526,1172,2063,5492,6.56816610589014,7.0360403176967,6.03354750141804,6.04037158703072,6.4406529326224,6.61606480881282,203
"217",2020,5,6.71363636363636,22,7.15454545454545,6.27272727272727,6,6.56666666666667,6.73684210526316,11,11,4,3,19,7577,4040,3537,1176,2066,5511,6.56858848224891,7.03636298019802,6.03429134577326,6.04023426870749,6.44083591481123,6.61648120667755,204
"218",2020,6,6.68181818181818,22,7.22727272727273,6.13636363636364,5.33333333333333,7.5,6.6,11,11,6,2,20,7599,4051,3548,1182,2068,5531,6.56891629556521,7.03688137250062,6.03460780439685,6.0366459390863,6.44186025145068,6.61642161092027,205
"219",2020,7,6.055,20,6.45454545454545,5.56666666666667,6,6.5,5.94375,11,9,3,4,16,7619,4062,3557,1185,2072,5547,6.56756725685786,7.03530439192516,6.03342380938994,6.03655316455697,6.44197249034749,6.61448132864611,206
"220",2020,8,6.45,20,6.83333333333333,5.875,5.8,6.2,6.53333333333333,12,8,5,5,15,7639,4074,3565,1190,2077,5562,6.56725944888074,7.03470948453608,6.03306830014025,6.03555924369748,6.44138998555609,6.61426248291981,207
"221",2020,9,6.98928571428571,14,7.31666666666667,6.4,NA,7.95,6.72727272727273,9,5,0,3,11,7653,4083,3570,1190,2080,5573,6.56803148177185,7.03533099191771,6.03358221008403,6.03555924369748,6.44356586538462,6.61448554279562,208
"222",2020,10,6.38888888888889,18,6.69230769230769,5.6,6.33333333333333,5.4,6.76923076923077,13,5,3,5,13,7671,4096,3575,1193,2085,5586,6.56761112371268,7.03424229492188,6.0329758013986,6.03630804694049,6.44106330935252,6.61484567311135,209
"223",2020,11,6.45238095238095,21,6.46428571428571,6.42857142857143,6.5,9,6.325,14,7,3,1,20,7692,4110,3582,1196,2086,5606,6.56729653276131,7.03230083698297,6.03374888051368,6.03747115384616,6.44229002876318,6.61381161790938,210
"224",2020,12,6.71851851851852,27,6.81052631578947,6.5,6,6.5,6.736,19,8,3,2,25,7719,4129,3590,1199,2088,5631,6.56782548646198,7.03128031969,6.03478788022284,6.03737739783153,6.44234530651341,6.61435409873912,211
"225",2021,1,6.95291666666667,24,7.02941176470588,6.76714285714286,6.62333333333333,7.5,6.90318181818182,17,7,3,2,22,7743,4146,3597,1202,2090,5653,6.56901910499806,7.0312726579836,6.03621309146511,6.03883985024959,6.44335741626794,6.61547814081019,212
"226",2021,2,6.49818181818182,22,6.95714285714286,5.695,5.73,6,6.548,14,8,2,2,20,7765,4160,3605,1204,2092,5673,6.56881840695428,7.03102318269231,6.03545589181692,6.03832682724253,6.44293355640535,6.61524024854574,213
"227",2021,3,6.21033333333333,21,6.54545454545455,5.8417,5.6834,5.10425,6.47058823529412,11,10,5,4,17,7786,4171,3615,1209,2096,5690,6.56785151939378,7.02974261328219,6.0349199142462,6.03685897435898,6.44037881679389,6.61480807205624,214
"228",2021,4,6.42307692307692,13,6.85,5,NA,NA,6.42307692307692,10,3,0,0,13,7799,4181,3618,1209,2096,5703,6.56761019746121,7.02931270987802,6.03406177169707,6.03685897435898,6.44037881679389,6.61437102051552,215
"229",2021,5,6.584,10,6.83428571428571,6,6,NA,6.584,7,3,1,0,10,7809,4188,3621,1210,2096,5713,6.56763118581124,7.02898673352436,6.03403355150511,6.0368285123967,6.44037881679389,6.61431785926833,216
"230",2021,6,6.82222222222222,9,7.175,4,NA,7.5,6.62857142857143,8,1,0,2,7,7818,4196,3622,1210,2098,5720,6.56792426835508,7.02926511916111,6.03347197404749,6.0368285123967,6.44138894184938,6.61433530244755,217
"231",2021,7,6.96078411764706,17,7.44444416666667,5.8,6,6,7.020833125,12,5,3,1,16,7835,4208,3627,1213,2099,5736,6.56877667645182,7.0304490898289,6.03315012131238,6.0367374278648,6.4411786565031,6.61546918758717,218
"232",2021,8,5.86111111111111,18,6.57142857142857,5.40909090909091,5.625,5.71428571428571,5.95454545454545,7,11,4,7,11,7853,4215,3638,1217,2106,5747,6.56715462371068,7.02968677817319,6.03126319131391,6.03538414133115,6.43876258309592,6.61420415173134,219
"233",2021,9,6.33181818181818,22,6.67692307692308,5.83333333333333,5.5,7.33333333333333,6.17368421052632,13,9,2,3,19,7875,4228,3647,1219,2109,5766,6.56649717587302,7.02860212157048,6.0307747436249,6.03450574241182,6.4400350877193,6.61275255983351,220
"234",2021,10,6.74117647058824,17,6.95,6.44285714285714,6.3,7,6.66153846153846,10,7,5,4,13,7892,4238,3654,1224,2113,5779,6.56687344906234,7.02841665172251,6.03156417350849,6.03559027777778,6.4410951254141,6.61286230489704,221
"235",2021,11,6.36111111111111,18,7.2,5.3125,4.5,3.5,6.71875,10,8,3,2,16,7910,4248,3662,1227,2115,5795,6.56640521618205,7.0288205673258,6.0299933069361,6.03183577832111,6.43831394799054,6.61315466091458,222
"236",2021,12,5.89428571428571,21,6.02153846153846,5.6875,6.3,5.625,5.95764705882353,13,8,5,4,17,7931,4261,3670,1232,2119,5812,6.56462555289371,7.02574742314011,6.02924672752044,6.03292410714286,6.43677866918358,6.61123731245699,223
"237",2022,1,6.4025,36,6.79285714285714,5.856,5.968,7.33333333333333,6.31787878787879,21,15,5,3,33,7967,4282,3685,1237,2122,5845,6.56389296598469,7.02460527090145,6.02854151696065,6.03266168148747,6.43804618284637,6.60958105389222,224
"238",2022,2,6.6,19,6.95384615384615,5.83333333333333,5.66666666666667,6.7,6.58125,13,6,3,3,16,7986,4295,3691,1240,2125,5861,6.56397887052342,7.02439109895227,6.02822419127608,6.03177620967742,6.438416,6.60950371267702,225
"239",2022,3,6.588,20,6.94166666666667,6.0575,NA,5.66,6.69111111111111,12,8,0,2,18,8006,4307,3699,1240,2127,5879,6.56403887834125,7.02416061527746,6.02828750743444,6.03177620967742,6.43768406205924,6.60975357373703,226
"240",2022,4,6.50833333333333,12,6.87142857142857,6,5.5,6,6.61,7,5,2,2,10,8018,4314,3704,1242,2129,5889,6.56395550760788,7.02391278859527,6.02824932235421,6.03091988727859,6.43727289807421,6.60975399218883,227
"241",2022,5,6.65217391304348,23,7.4,5.25,5.75,9.5,6.38095238095238,15,8,4,2,21,8041,4329,3712,1246,2131,5910,6.56420784230817,7.02521593208593,6.02657206088362,6.03001805778492,6.4401473486626,6.60894099153976,228
"242",2022,6,6.45846153846154,13,7,5.82666666666667,4.5,7.25,6.10666666666667,7,6,2,4,9,8054,4336,3718,1248,2135,5919,6.56403715669233,7.02517522370849,6.02624945938677,6.02756610576924,6.44166463700234,6.60817726980909,229
"243",2022,7,6.909375,16,7.14444444444444,6.60714285714286,NA,7.125,6.8375,9,7,0,4,12,8070,4345,3725,1248,2139,5931,6.56472184138786,7.02542227157653,6.02734107114094,6.02756610576924,6.44294249649369,6.60864125105379,230
"244",2022,8,6.828,25,7.3875,5.83333333333333,5.375,7.85,6.73913043478261,16,9,4,2,23,8095,4361,3734,1252,2141,5954,6.56553493020383,7.02675069250172,6.02687345741832,6.02548123003195,6.44425688930406,6.60914532415183,231
"245",2022,9,6.26190476190476,21,6.25,6.28125,7,5.5,6.34210526315789,13,8,1,2,19,8116,4374,3742,1253,2143,5973,6.56474929275505,7.02444210562414,6.02741728754677,6.02625897845172,6.44337564162389,6.6082958747698,232
"246",2022,10,6.82352941176471,17,7.1,6.42857142857143,6.33333333333333,7.66666666666667,6.64285714285714,10,7,3,3,14,8133,4384,3749,1256,2146,5987,6.5652902077954,7.02461445483577,6.02816630834889,6.02699243630574,6.44508574091333,6.60837669283447,233
"247",2022,11,6.8,23,7.11176470588235,5.91666666666667,7,NA,6.8,17,6,1,0,23,8156,4401,3755,1257,2146,6010,6.56595209171162,7.02495109520564,6.02798814647137,6.02776650755768,6.44508574091333,6.6091100266223,234
"248",2022,12,6.9895,20,7.64,6.19444444444444,6.125,8,6.93631578947368,11,9,6,1,19,8176,4412,3764,1263,2147,6029,6.56698816780822,7.02648453535812,6.02838615568544,6.02822842438639,6.44580996739637,6.6101411942279,235
