"","year","month","avg_rating","no_ratings","avg_rating_owned","avg_rating_not_owned","avg_rating_prev_owned","avg_rating_comment","avg_rating_no_comment","no_ratings_owned","no_ratings_not_owned","no_ratings_prev_owned","no_ratings_comment","no_ratings_no_comment","cum_no_ratings","cum_no_ratings_owned","cum_no_ratings_not_owned","cum_no_ratings_prev_owned","cum_no_ratings_comment","cum_no_ratings_no_comment","cum_avg_rating","cum_avg_rating_owned","cum_avg_rating_not_owned","cum_avg_rating_prev_owned","cum_avg_rating_comment","cum_avg_rating_no_comment","month_after_release"
"1",2007,10,6.34074074074074,27,7.775,5.73684210526316,7,5.8875,7,8,19,2,16,11,27,8,19,2,16,11,6.34074074074074,7.775,5.73684210526316,7,5.8875,7,0
"2",2007,11,6.77727272727273,22,7.27,6.36666666666667,8,6.5,6.96923076923077,10,12,1,9,13,49,18,31,3,25,24,6.53673469387755,7.49444444444444,5.98064516129032,7.33333333333333,6.108,6.98333333333333,1
"3",2007,12,7.44545454545455,22,7.46875,7.38333333333333,8,7.48,7.41666666666667,16,6,2,10,12,71,34,37,5,35,36,6.81830985915493,7.48235294117647,6.20810810810811,7.6,6.5,7.12777777777778,2
"4",2008,1,6.90909090909091,22,7.8,6.16666666666667,7,6.14285714285714,7.26666666666667,10,12,1,7,15,93,44,49,6,42,51,6.83978494623656,7.55454545454545,6.19795918367347,7.5,6.44047619047619,7.16862745098039,3
"5",2008,2,7.17894736842105,19,7.6,6.8,8,6.77272727272727,7.7375,9,10,2,11,8,112,53,59,8,53,59,6.89732142857143,7.5622641509434,6.3,7.625,6.50943396226415,7.24576271186441,4
"6",2008,3,6.74,25,7.16666666666667,6.5,7.16666666666667,6.73076923076923,6.75,9,16,3,13,12,137,62,75,11,66,71,6.86861313868613,7.50483870967742,6.34266666666667,7.5,6.5530303030303,7.16197183098592,5
"7",2008,4,7.11428571428571,28,7.70833333333333,6.66875,8.25,7.16875,7.04166666666667,12,16,2,16,12,165,74,91,13,82,83,6.91030303030303,7.53783783783784,6.4,7.61538461538461,6.67317073170732,7.14457831325301,6
"8",2008,5,7.24333333333333,30,7.67333333333333,6.81333333333333,7.06666666666667,7.32142857142857,7.175,15,15,3,14,16,195,89,106,16,96,99,6.96153846153846,7.56067415730337,6.45849056603774,7.5125,6.76770833333333,7.14949494949495,7
"9",2008,6,7.5445625,16,7.66811111111111,7.38571428571429,6,7.60092857142857,7.15,9,7,1,14,2,211,98,113,17,110,101,7.00574881516588,7.57054081632653,6.51592920353982,7.42352941176471,6.87375454545455,7.14950495049505,8
"10",2008,7,7.075,16,7.41111111111111,6.64285714285714,NA,7,7.12,9,7,0,6,10,227,107,120,17,116,111,7.01062995594714,7.5571308411215,6.52333333333333,7.42352941176471,6.88028448275862,7.14684684684685,9
"11",2008,8,6.98571428571429,21,7.46153846153846,6.2125,5,6.8125,7.09230769230769,13,8,2,8,13,248,120,128,19,124,124,7.00852016129032,7.546775,6.50390625,7.16842105263158,6.87591129032258,7.14112903225806,10
"12",2008,9,7.2,15,7.42857142857143,7,6.5,7.33333333333333,7.16666666666667,7,8,2,3,12,263,127,136,21,127,136,7.01944106463878,7.54025984251969,6.53308823529412,7.1047619047619,6.88671653543307,7.14338235294118,11
"13",2008,10,6.70961538461538,26,7.71153846153846,5.70769230769231,7.05,6.38888888888889,6.87941176470588,13,13,4,9,17,289,140,149,25,136,153,6.99156747404844,7.55616428571429,6.46107382550336,7.096,6.85377205882353,7.1140522875817,12
"14",2008,11,6.68653846153846,26,7,6.490625,6.58333333333333,6.61,6.734375,10,16,3,10,16,315,150,165,28,146,169,6.96639047619048,7.51908666666667,6.46393939393939,7.04107142857143,6.83707534246575,7.07810650887574,13
"15",2008,12,6.98047619047619,21,7.30571428571429,6.81785714285714,7.66666666666667,7.30666666666667,6.85,7,14,3,6,15,336,157,179,31,152,184,6.96727083333333,7.50957324840764,6.49162011173185,7.10161290322581,6.85561184210526,7.05951086956522,14
"16",2009,1,6.725,28,7.275,6.3125,6.4,6.66666666666667,6.79230769230769,12,16,5,15,13,364,169,195,36,167,197,6.94863461538462,7.49291715976331,6.47692307692308,7.00416666666667,6.83864071856287,7.04187817258883,15
"17",2009,2,6.63392857142857,28,7.40625,6.325,6.77777777777778,6.63888888888889,6.63157894736842,8,20,9,9,19,392,177,215,45,176,216,6.9261556122449,7.489,6.46279069767442,6.95888888888889,6.82842613636364,7.00578703703704,16
"18",2009,3,7.11034482758621,29,8,6.87826086956522,6,7.27777777777778,7.035,6,23,1,9,20,421,183,238,46,185,236,6.9388432304038,7.50575409836066,6.50294117647059,6.93804347826087,6.85028648648649,7.00826271186441,17
"19",2009,4,6.57105263157895,38,7.35,6.29285714285714,6.83333333333333,6.85,6.44230769230769,10,28,6,12,26,459,193,266,52,197,262,6.90839433551198,7.49768393782383,6.48082706766917,6.92596153846154,6.850269035533,6.95209923664122,18
"20",2009,5,7.17692307692308,26,8,6.93,6.88888888888889,6.82727272727273,7.43333333333333,6,20,9,11,15,485,199,286,61,208,277,6.92278969072165,7.51282914572864,6.51223776223776,6.92049180327869,6.84905288461538,6.97815884476534,19
"21",2009,6,6.58148148148148,27,7.94444444444444,5.9,6.4,6.4,6.68823529411765,9,18,5,10,17,512,208,304,66,218,294,6.904791015625,7.53150480769231,6.47598684210526,6.88106060606061,6.82845412844037,6.96139455782313,20
"22",2009,7,6.32105263157895,19,7.2,6.00714285714286,4,5.8,6.50714285714286,5,14,3,5,14,531,213,318,69,223,308,6.88390395480226,7.52372300469484,6.45534591194969,6.75579710144928,6.80539461883408,6.94074675324675,21
"23",2009,8,6.89090909090909,11,8,6.78,6.6,7.33333333333333,6.725,1,10,3,3,8,542,214,328,72,226,316,6.88404612546126,7.52594859813084,6.46524390243903,6.74930555555556,6.81240265486726,6.93528481012658,22
"24",2009,9,6.89791666666667,24,8,6.53055555555556,5.63333333333333,7.30555555555556,6.65333333333333,6,18,3,9,15,566,220,346,75,235,331,6.88463427561838,7.53887727272727,6.46864161849711,6.70466666666667,6.83128936170213,6.92250755287009,23
"25",2009,10,7.30882352941176,17,7.69444444444444,6.875,6.75,8.33333333333333,7.08928571428571,9,8,4,3,14,583,229,354,79,238,345,6.89700343053173,7.54499126637555,6.47782485875706,6.70696202531645,6.85022268907563,6.92927536231884,24
"26",2009,11,6.62954545454545,22,7.91875,5.89285714285714,6.625,6.975,6.5,8,14,4,6,16,605,237,368,83,244,361,6.88727768595041,7.55760759493671,6.45557065217391,6.70301204819277,6.85329098360656,6.91024930747923,25
"27",2009,12,6.91538461538462,26,7.47,6.56875,7,6.3,7.06190476190476,10,16,3,5,21,631,247,384,86,249,382,6.88843581616482,7.55406072874494,6.46028645833333,6.71337209302325,6.84218072289157,6.91858638743456,26
"28",2010,1,7.45652173913043,23,7.95,7.07692307692308,7.42857142857143,8,7.26470588235294,10,13,7,6,17,654,257,397,93,255,399,6.90841437308869,7.56946692607004,6.48047858942066,6.76720430107527,6.86942352941176,6.93333333333334,27
"29",2010,2,6.95833333333333,18,7.47,6.76153846153846,6.66666666666667,6.625,7.125,5,13,3,6,12,672,262,410,96,261,411,6.90975148809524,7.56756870229008,6.48939024390244,6.7640625,6.86380459770115,6.9389294403893,28
"30",2010,3,7.875,12,8.4375,6.75,6.5,7.33333333333333,8.05555555555556,8,4,2,3,9,684,270,414,98,264,420,6.92668567251462,7.59334444444444,6.49190821256039,6.75867346938775,6.86914015151515,6.96285714285715,29
"31",2010,4,6.9,10,7.25,6.66666666666667,6.5,NA,6.9,4,6,1,0,10,694,274,420,99,264,430,6.92630115273775,7.58833211678832,6.49440476190476,6.7560606060606,6.86914015151515,6.96139534883721,30
"32",2010,5,7.5,8,8,6.66666666666667,NA,7.75,7.25,5,3,0,4,4,702,279,423,99,268,434,6.93283903133903,7.59570967741935,6.49562647754137,6.7560606060606,6.88228731343284,6.96405529953917,31
"33",2010,6,7.04444444444444,9,7.25,6.88,6.5,8.75,6.55714285714286,4,5,1,2,7,711,283,428,100,270,441,6.9342517580872,7.59082332155477,6.50011682242991,6.7535,6.89612222222222,6.95759637188209,32
"34",2010,7,7.1,11,7.66666666666667,6.8875,7.25,7,7.275,3,8,2,7,4,722,286,436,102,277,445,6.93677700831025,7.59161888111888,6.5072247706422,6.76323529411765,6.89874729241877,6.96044943820225,33
"35",2010,8,7.38823529411765,17,8.8,6.95384615384615,7.6,7.83333333333333,7.29285714285714,4,13,4,3,14,739,290,449,106,280,459,6.94716238159675,7.60828620689655,6.52015590200446,6.79481132075472,6.90876071428571,6.97058823529412,34
"36",2010,9,6.8,15,7.8,6.3,5.83333333333333,5.8,7.3,5,10,3,5,10,754,295,459,109,285,469,6.94423474801061,7.61153559322034,6.51535947712418,6.76834862385321,6.88930877192982,6.97761194029851,35
"37",2010,10,6.84259259259259,27,7.8,6.27941176470588,7.125,6.14285714285714,7.0875,10,17,4,7,20,781,305,476,113,292,489,6.94072087067862,7.61771475409836,6.50693277310925,6.78097345132743,6.87141438356164,6.9821063394683,36
"38",2010,11,6.82307692307692,13,7.3,6.61111111111111,7,6.24,7.1875,4,9,3,5,8,794,309,485,116,297,497,6.93879471032746,7.61360194174757,6.50886597938144,6.78663793103448,6.86078451178451,6.9854124748491,37
"39",2010,12,6.85416666666667,24,7.45833333333333,6.25,6,6.86363636363636,6.84615384615385,12,12,3,11,13,818,321,497,119,308,510,6.93631173594132,7.60779750778816,6.50261569416499,6.76680672268907,6.86088636363636,6.98186274509804,38
"40",2011,1,6.79411764705882,17,7.72222222222222,5.75,6.5,6.875,6.76923076923077,9,8,2,4,13,835,330,505,121,312,523,6.93341676646707,7.61091818181818,6.49069306930693,6.76239669421487,6.86106730769231,6.97657743785851,39
"41",2011,2,6.74615384615385,13,6.35,6.81818181818182,6.625,6.5,6.85555555555556,2,11,4,4,9,848,332,516,125,316,532,6.93054599056604,7.60332228915663,6.49767441860465,6.758,6.85649683544304,6.97453007518797,40
"42",2011,3,6.6,18,7.25,6.08,4,6.56,6.61538461538461,8,10,1,5,13,866,340,526,126,321,545,6.92367551963049,7.59500882352941,6.48973384030418,6.73611111111111,6.8518785046729,6.96596330275229,41
"43",2011,4,7.39230769230769,13,8.22,6.875,8,7.18333333333333,7.57142857142857,5,8,3,6,7,879,345,534,129,327,552,6.930606370876,7.60406666666666,6.49550561797753,6.76550387596899,6.85796024464832,6.97364130434783,42
"44",2011,5,7.009375,16,7.95,6.27777777777778,6.16666666666667,7.9875,6.68333333333333,7,9,3,4,12,895,352,543,132,331,564,6.93201452513967,7.61094602272727,6.49189686924494,6.75189393939394,6.87161027190332,6.96746453900709,43
"45",2011,6,7.05,10,7.58333333333333,6.25,6.5,7.25,7,6,4,2,2,8,905,358,547,134,333,572,6.9333182320442,7.61048324022346,6.49012797074954,6.74813432835821,6.87388288288288,6.96791958041958,44
"46",2011,7,6.82894736842105,19,7.21875,6.54545454545455,6.83333333333333,6.78571428571429,6.85416666666667,8,11,3,7,12,924,366,558,137,340,584,6.93117207792208,7.60192076502732,6.49121863799283,6.75,6.87206764705882,6.96558219178082,45
"47",2011,8,6.725,20,6.65,6.8,7.5,6.8,6.7,10,10,5,5,15,944,376,568,142,345,599,6.92680402542373,7.57660372340425,6.49665492957747,6.77640845070422,6.8710231884058,6.95893155258765,46
"48",2011,9,6.32307692307692,13,7.6,5.94,7,5.25,6.51818181818182,3,10,1,2,11,957,379,578,143,347,610,6.91860292580982,7.5767889182058,6.48702422145329,6.77797202797203,6.86168011527377,6.95098360655738,47
"49",2011,10,6.65,20,8,5.92307692307692,5.5,6.58333333333333,6.67857142857143,7,13,3,6,14,977,386,591,146,353,624,6.91310440122825,7.58446373056995,6.4746192893401,6.75171232876712,6.85694900849858,6.9448717948718,48
"50",2011,11,6.95185185185185,27,7.46666666666667,6.69444444444444,7.5,8.07142857142857,6.56,9,18,2,7,20,1004,395,609,148,360,644,6.91414641434263,7.58177974683544,6.48111658456486,6.76182432432432,6.88056388888889,6.93291925465839,49
"51",2011,12,6.3,25,7.85714285714286,5.69444444444444,7,7.9,5.9,7,18,1,5,20,1029,402,627,149,365,664,6.89922546161322,7.58657462686567,6.4585326953748,6.76342281879194,6.89452876712329,6.90180722891566,50
"52",2012,1,6.27647058823529,17,7,6.12142857142857,6.28333333333333,6.77142857142857,5.93,3,14,6,7,10,1046,405,641,155,372,674,6.88910420650096,7.58222962962963,6.45117004680187,6.74483870967742,6.8922123655914,6.88738872403561,51
"53",2012,2,6.97173913043478,23,7.45,6.66428571428571,6.4,6.475,7.23666666666667,9,14,2,8,15,1069,414,655,157,380,689,6.89088213283443,7.57935507246377,6.4557251908397,6.74044585987261,6.88342894736842,6.89499274310595,52
"54",2012,3,6.92222222222222,18,8.08571428571429,6.18181818181818,6,7.67777777777778,6.16666666666667,7,11,2,9,9,1087,421,666,159,389,698,6.89140110395584,7.58777434679335,6.4512012012012,6.7311320754717,6.90180719794344,6.88560171919771,53
"55",2012,4,7.307,10,8.625,6.42833333333333,5.5,8.5,6.79571428571429,4,6,2,3,7,1097,425,672,161,392,705,6.89518960802188,7.59753647058823,6.45099702380953,6.71583850931677,6.91403826530612,6.88470921985816,54
"56",2012,5,6.51470588235294,17,8,5.475,6.29,6.4,6.5625,7,10,5,5,12,1114,432,682,166,397,717,6.88938330341113,7.60405787037037,6.4366862170088,6.70301204819277,6.90756423173803,6.87931659693166,55
"57",2012,6,7.27272727272727,11,7.38333333333333,7.14,7.5,7.5,7.22222222222222,6,5,1,2,9,1125,438,687,167,399,726,6.89313155555556,7.60103424657534,6.44180494905386,6.70778443113772,6.91053383458646,6.88356749311295,56
"58",2012,7,6.844,10,7.125,6.65666666666667,6,6.83333333333333,6.84857142857143,4,6,2,3,7,1135,442,693,169,402,733,6.8926986784141,7.59672624434389,6.44366522366522,6.69940828402367,6.90995771144279,6.88323328785812,57
"59",2012,8,6.57666666666667,15,8.13333333333333,6.1875,4,5.75,6.87727272727273,3,12,1,4,11,1150,445,705,170,406,744,6.88857652173913,7.60034382022472,6.43930496453901,6.68352941176471,6.89852955665024,6.88314516129032,58
"60",2012,9,7.16666666666667,9,7.5,7.07142857142857,NA,7.25,7.14285714285714,2,7,0,2,7,1159,447,712,170,408,751,6.89073597929249,7.59989485458613,6.44551966292135,6.68352941176471,6.90025245098039,6.88556591211718,59
"61",2012,10,6.67,10,7.5,6.31428571428571,5,5.75,6.9,3,7,2,2,8,1169,450,719,172,410,759,6.88884773310522,7.59922888888889,6.44424200278164,6.66395348837209,6.89464146341463,6.88571805006588,60
"62",2012,11,6.31818181818182,11,9,5.72222222222222,6,8.5,5.83333333333333,2,9,2,2,9,1180,452,728,174,412,768,6.88352796610169,7.60542699115044,6.43531593406593,6.65632183908046,6.90243446601942,6.87338541666667,61
"63",2012,12,6.28235294117647,17,7.16666666666667,5.8,5.8,7.04285714285714,5.75,6,11,5,7,10,1197,458,739,179,419,778,6.87498997493734,7.59967903930131,6.42585926928281,6.63240223463687,6.90478042959427,6.85894601542416,62
"64",2013,1,7,12,7.5,6.5,7,7,7,6,6,2,4,8,1209,464,745,181,423,786,6.87623076923077,7.5983900862069,6.42645637583893,6.63646408839779,6.90568085106383,6.86038167938931,63
"65",2013,2,6.828125,16,7.64285714285714,6.19444444444444,4,6.3,7.06818181818182,7,9,1,5,11,1225,471,754,182,428,797,6.87560244897959,7.59905095541401,6.42368700265252,6.62197802197802,6.89860514018692,6.86324968632371,64
"66",2013,3,7.1875,8,7.58333333333333,6,NA,7.8,7.1,6,2,0,1,7,1233,477,756,182,429,804,6.87762611516626,7.59885324947589,6.42256613756614,6.62197802197802,6.90070629370629,6.86531094527363,65
"67",2013,4,7.54166666666667,12,7.83333333333333,7.25,NA,7.75,7.4375,6,6,0,4,8,1245,483,762,182,433,812,6.8840265060241,7.60176604554865,6.4290813648294,6.62197802197802,6.9085519630485,6.87094827586207,66
"68",2013,5,7.05,12,8.25,6.45,5,7.53333333333333,6.88888888888889,4,8,1,3,9,1257,487,770,183,436,821,6.88561097852029,7.60709034907597,6.4292987012987,6.61311475409836,6.91285091743119,6.87114494518879,67
"69",2013,6,5.91666666666667,12,NA,5.91666666666667,7.5,3,6.18181818181818,0,12,2,1,11,1269,487,782,185,437,832,6.87644838455477,7.60709034907597,6.42143222506394,6.6227027027027,6.90389702517162,6.86203125,68
"70",2013,7,6.85,10,8,6.08333333333333,7.25,7.66666666666667,6.5,4,6,2,3,7,1279,491,788,187,440,839,6.87624159499609,7.61029124236252,6.41885786802031,6.62941176470588,6.90909772727273,6.85901072705602,69
"71",2013,8,6.40625,8,8,5.875,6.5625,7.5,6.25,2,6,4,1,7,1287,493,794,191,441,846,6.87332012432012,7.61187221095335,6.41474811083124,6.62801047120419,6.91043764172336,6.85397163120567,70
"72",2013,9,6.33333333333333,9,7.5,6,7,6,6.75,2,7,1,5,4,1296,495,801,192,446,850,6.86957021604938,7.6114202020202,6.41112359550562,6.62994791666667,6.90023094170404,6.85348235294118,71
"73",2013,10,7.44166666666667,12,8.11428571428571,6.5,8,7.45,7.4375,7,5,1,4,8,1308,502,806,193,450,858,6.87481880733945,7.61843227091634,6.41167493796526,6.63704663212435,6.90511777777778,6.85892773892774,72
"74",2013,11,6.34375,16,6.5,6.32142857142857,6.9,6,6.36666666666667,2,14,5,1,15,1324,504,820,198,451,873,6.86840105740181,7.61399404761905,6.41013414634146,6.64368686868687,6.90311086474501,6.85046964490263,73
"75",2013,12,7.34090909090909,11,7.75,6.625,5.5,7.625,7.17857142857143,7,4,1,4,7,1335,511,824,199,455,880,6.87229438202247,7.61585714285714,6.41117718446602,6.63793969849246,6.90945714285714,6.85307954545454,74
"76",2014,1,7.07333333333333,15,7.58571428571429,6.625,7.4,6.6,7.31,7,8,5,5,10,1350,518,832,204,460,890,6.87452814814815,7.61544980694981,6.41323317307692,6.65661764705882,6.90609347826087,6.85821348314607,75
"77",2014,2,6.84090909090909,11,7.16666666666667,6.45,4,6,7.02777777777778,6,5,1,2,9,1361,524,837,205,462,899,6.87425642909625,7.61031106870229,6.41345280764636,6.64365853658536,6.902170995671,6.85991101223582,76
"78",2014,3,7.14444444444444,9,7.38333333333333,6.66666666666667,6,6,7.2875,6,3,1,1,8,1370,530,840,206,463,907,6.87603138686131,7.60774150943396,6.41435714285714,6.64053398058252,6.90022246220302,6.86368246968026,77
"79",2014,4,7.545625,8,8.33333333333333,7.073,NA,NA,7.545625,3,5,0,0,8,1378,533,845,206,463,915,6.87991872278665,7.61182551594747,6.41825443786982,6.64053398058252,6.90022246220302,6.86964480874317,78
"80",2014,5,7.53090909090909,11,7.835,7.35714285714286,8,7.16666666666667,7.6675,4,7,1,3,8,1389,537,852,207,466,923,6.88507415406767,7.61348789571695,6.42596830985916,6.64710144927536,6.90193776824034,6.87656013001083,79
"81",2014,6,6.5,5,7,6.375,6.25,NA,6.5,1,4,2,0,5,1394,538,856,209,466,928,6.88369296987087,7.61234758364312,6.42573014018692,6.6433014354067,6.90193776824034,6.87453125,80
"82",2014,7,6.9,5,7.5,6.75,6,6,7.125,1,4,1,1,4,1399,539,860,210,467,932,6.88375125089349,7.61213914656772,6.42723837209302,6.64023809523809,6.90000642398287,6.87560622317597,81
"83",2014,8,6.7,14,7.08333333333333,6.4125,6.63333333333333,6.61666666666667,6.7625,6,8,3,6,8,1413,545,868,213,473,940,6.88193064401981,7.60631743119266,6.42710253456221,6.64014084507042,6.89641226215645,6.87464361702128,82
"84",2014,9,7.18846153846154,13,7.95833333333333,6.52857142857143,6.5,7.55,6.9625,6,7,3,5,8,1426,551,875,216,478,948,6.88472510518934,7.61015063520871,6.42791428571429,6.63819444444444,6.9032489539749,6.87538502109705,83
"85",2014,10,6.99333333333333,15,7.25,6.76875,6.875,7.375,6.85454545454545,7,8,2,4,11,1441,558,883,218,482,959,6.88585565579459,7.60563261648746,6.43100226500566,6.64036697247706,6.90716390041494,6.87514598540146,84
"86",2014,11,6.7,9,7.66666666666667,6.21666666666667,5.5,6.66666666666667,6.71666666666667,3,6,2,3,6,1450,561,889,220,485,965,6.88470206896552,7.60595900178253,6.42955568053993,6.63,6.90567628865979,6.87416062176166,85
"87",2014,12,7.23846153846154,13,7.71428571428571,6.68333333333333,8.25,6.9,7.38888888888889,7,6,2,4,9,1463,568,895,222,489,974,6.88784552289815,7.60729401408451,6.43125698324022,6.64459459459459,6.90562985685072,6.87891683778234,86
"88",2015,1,7.12857142857143,21,7.22142857142857,7.08214285714286,7.25,6.95,7.17058823529412,7,14,7,4,17,1484,575,909,229,493,991,6.89125202156334,7.60259652173913,6.44128162816282,6.66310043668122,6.90598985801217,6.88392028254288,87
"89",2015,2,6.73214285714286,14,7.75,6.325,6.5,5.5,6.9375,4,10,5,2,12,1498,579,919,234,495,1003,6.8897650200267,7.60361485319516,6.44001632208923,6.65961538461538,6.90030909090909,6.88456131605184,88
"90",2015,3,7.5,7,7.7,7,6,8,7.41666666666667,5,2,1,1,6,1505,584,921,235,496,1009,6.89260332225914,7.60444006849315,6.44123235613464,6.6568085106383,6.90252620967742,6.88772547076313,89
"91",2015,4,7.13333333333333,15,7.5,6.8125,6.5,8.25,6.96153846153846,7,8,1,2,13,1520,591,929,236,498,1022,6.89497894736842,7.60320304568528,6.44442949407966,6.65614406779661,6.90793775100402,6.88866438356164,90
"92",2015,5,7.2125,8,7.5,6.925,6.7,7.6,7.08333333333333,4,4,1,2,6,1528,595,933,237,500,1028,6.89664136125654,7.60250924369748,6.44648981779207,6.65632911392405,6.910706,6.88980058365759,91
"93",2015,6,6.78,10,7.95,6,6.5,9,6.53333333333333,4,6,2,1,9,1538,599,939,239,501,1037,6.89588296488947,7.60482971619366,6.44363684771033,6.65502092050209,6.91487624750499,6.88670684667309,92
"94",2015,7,6.31875,8,8.16666666666667,5.21,NA,5.55,6.42857142857143,3,5,0,1,7,1546,602,944,239,502,1044,6.89289650711513,7.60762956810631,6.43710275423729,6.65502092050209,6.91215737051793,6.88363505747126,93
"95",2015,8,7.60833333333333,12,8.5,6.36,6,5.66666666666667,8.25555555555556,7,5,1,3,9,1558,609,949,240,505,1053,6.89840693196405,7.61788669950739,6.43669652265543,6.65229166666667,6.90475841584158,6.89536087369421,94
"96",2015,9,7.04166666666667,12,7.8,6.5,6.83333333333333,6.66666666666667,7.16666666666667,5,7,3,3,9,1570,614,956,243,508,1062,6.89950191082802,7.61936970684039,6.437160041841,6.65452674897119,6.90335236220472,6.89766007532957,95
"97",2015,10,6.95416666666667,12,8.41666666666667,6.46666666666667,6.275,5,7.345,3,9,4,2,10,1582,617,965,247,510,1072,6.89991656131479,7.62324635332253,6.43743523316062,6.64838056680162,6.89588823529412,6.90183302238806,96
"98",2015,11,6.56666666666667,15,7.21428571428571,6,6.33333333333333,6.2,6.75,7,8,3,5,10,1597,624,973,250,515,1082,6.89678647463995,7.61865865384615,6.43383864337102,6.6446,6.88913203883495,6.90042975970425,97
"99",2015,12,7.55833333333333,12,7.9625,6.75,7,7.81428571428571,7.2,8,4,1,7,5,1609,632,977,251,522,1087,6.9017203231821,7.62301107594937,6.43513306038895,6.64601593625498,6.90153831417624,6.90180772769089,98
"100",2016,1,7.69090909090909,11,8.72,6.83333333333333,7,8.12,7.33333333333333,5,6,2,5,6,1620,637,983,253,527,1093,6.90707901234568,7.63162166405024,6.43756358087487,6.64881422924901,6.91309867172675,6.90417657822507,99
"101",2016,2,7.09375,8,7.625,5.5,8,7.33333333333333,6.95,6,2,1,3,5,1628,643,985,254,530,1098,6.90799631449631,7.63155987558321,6.43565989847716,6.65413385826772,6.91547735849057,6.90438524590164,100
"102",2016,3,7.14285714285714,7,7,7.16666666666667,7.5,NA,7.14285714285714,1,6,3,0,7,1635,644,991,257,530,1105,6.90900183486238,7.63057919254658,6.44008577194753,6.66400778210117,6.91547735849057,6.90589592760181,101
"103",2016,4,6.85,14,7.75,6.49,6.9,6.875,6.84,4,10,5,4,10,1649,648,1001,262,534,1115,6.90850090964221,7.63131635802469,6.44058441558442,6.66851145038168,6.91517415730337,6.90530493273543,102
"104",2016,5,7.5,8,7.83333333333333,7.3,7,6.75,7.75,3,5,1,2,6,1657,651,1006,263,536,1121,6.91135666867833,7.63224731182796,6.44485586481113,6.66977186311787,6.91455783582089,6.90982604817127,103
"105",2016,6,7.4375,8,7.625,7.25,NA,NA,7.4375,4,4,0,0,8,1665,655,1010,263,536,1129,6.91388468468468,7.63220305343512,6.44804455445545,6.66977186311787,6.91455783582089,6.91356510186005,104
"106",2016,7,6.33636363636364,11,7.425,5.71428571428571,9,6.6,6.11666666666667,4,7,1,5,6,1676,659,1017,264,541,1135,6.91009427207637,7.63094537177542,6.44299410029499,6.67859848484848,6.91165064695009,6.90935242290749,105
"107",2016,8,6.80666666666667,15,7.68333333333333,6.22222222222222,6.83333333333333,6.45,6.86153846153846,6,9,3,2,13,1691,665,1026,267,543,1148,6.90917681845062,7.63141804511278,6.44105750487329,6.68033707865168,6.90995027624309,6.90881097560975,106
"108",2016,9,7.77,10,8.45,6.75,NA,9,7.4625,6,4,0,2,8,1701,671,1030,267,545,1156,6.91423750734862,7.63873770491803,6.4422572815534,6.68033707865168,6.91762018348624,6.91264273356401,107
"109",2016,10,6.1,10,6.125,6.08333333333333,7,7,6,4,6,1,1,9,1711,675,1036,268,546,1165,6.90947866744594,7.62976740740741,6.44017857142857,6.68152985074627,6.91777106227106,6.90559227467811,108
"110",2016,11,6.856,5,7.8,6.62,6.25,7,6.76,1,4,2,2,3,1716,676,1040,270,548,1168,6.90932284382284,7.63001923076923,6.44087019230769,6.67833333333333,6.91807116788321,6.9052183219178,109
"111",2016,12,6.42857142857143,7,NA,6.42857142857143,6,8,6.16666666666667,0,7,2,1,6,1723,676,1047,272,549,1174,6.90736970400464,7.63001923076923,6.44078796561605,6.67334558823529,6.92004189435337,6.90144378194208,110
"112",2017,1,7.59090909090909,11,7.66,7.53333333333333,6.5,6.76666666666667,7.9,5,6,2,3,8,1734,681,1053,274,552,1182,6.91170588235294,7.63023935389134,6.44701329534663,6.6720802919708,6.91920833333333,6.90820219966159,111
"113",2017,2,7.41666666666667,6,8.25,5.75,NA,6.5,7.875,4,2,0,2,4,1740,685,1055,274,554,1186,6.91344712643678,7.63385839416059,6.44569194312796,6.6720802919708,6.91769494584838,6.9114629005059,112
"114",2017,3,6.28571428571429,7,7.5,5.8,6,5.25,6.7,2,5,2,2,5,1747,687,1060,276,556,1191,6.91093188322839,7.63346870451237,6.44264622641509,6.66721014492754,6.91169604316547,6.91057514693534,113
"115",2017,4,6.65,10,7.33333333333333,6.35714285714286,6.16666666666667,6.5,6.71428571428571,3,7,3,3,7,1757,690,1067,279,559,1198,6.90944678429141,7.63216376811594,6.44208528584817,6.66182795698925,6.90948658318426,6.90942821368948,114
"116",2017,5,7.391,10,7.81833333333333,6.75,NA,7.1525,7.55,6,4,0,4,6,1767,696,1071,279,563,1204,6.91217204301075,7.63376867816092,6.44323529411765,6.66182795698925,6.91121314387212,6.91262043189368,115
"117",2017,6,7.5,2,9,6,NA,NA,7.5,1,1,0,0,2,1769,697,1072,279,563,1206,6.9128366308649,7.63572883787662,6.44282182835821,6.66182795698925,6.91121314387212,6.91359452736318,116
"118",2017,7,7.27777777777778,9,9.5,6.64285714285714,NA,8,6.91666666666667,2,7,0,3,6,1778,699,1079,279,566,1212,6.91468391451069,7.64106294706724,6.44411955514365,6.66182795698925,6.91698409893993,6.91360973597359,117
"119",2017,8,7.3,8,7.33333333333333,7.28,NA,8.5,6.9,3,5,0,2,6,1786,702,1084,279,568,1218,6.91640985442329,7.63974786324787,6.44797509225092,6.66182795698925,6.92255809859155,6.91354269293924,118
"120",2017,9,6.16666666666667,6,8,5.8,6.5,5.5,6.5,1,5,2,2,4,1792,703,1089,281,570,1222,6.91389955357143,7.64026031294453,6.445,6.66067615658363,6.91756666666667,6.91218903436988,119
"121",2017,10,6.875,8,7.75,6.58333333333333,6.66666666666667,7.16666666666667,6.7,2,6,3,3,5,1800,705,1095,284,573,1227,6.91372666666667,7.64057163120567,6.44575799086758,6.66073943661972,6.91887085514834,6.91132436837815,120
"122",2017,11,7.08333333333333,6,8.125,5,5,6,7.625,4,2,2,2,4,1806,709,1097,286,575,1231,6.91429014396456,7.64330465444288,6.44312215132179,6.64912587412587,6.9156747826087,6.91364337936636,121
"123",2017,12,6.875,8,7,6.66666666666667,NA,NA,6.875,5,3,0,0,8,1814,714,1100,286,575,1239,6.91411686879824,7.63879971988796,6.44373181818182,6.64912587412587,6.9156747826087,6.91339386602098,122
"124",2018,1,7.54,5,7.125,9.2,NA,6,7.925,4,1,0,1,4,1819,718,1101,286,576,1243,6.91583727322705,7.63593732590529,6.44623524069028,6.64912587412587,6.91408506944445,6.91664923572003,123
"125",2018,2,7.28333333333333,6,8,6.925,7,7.33333333333333,7.23333333333333,2,4,2,3,3,1825,720,1105,288,579,1246,6.91704547945206,7.63694861111111,6.44796832579185,6.6515625,6.9162573402418,6.91741171749598,124
"126",2018,3,5.5625,8,7.25,5,5,5.25,5.875,2,6,2,4,4,1833,722,1111,290,583,1250,6.91113366066558,7.63587673130194,6.44014851485148,6.6401724137931,6.90482504288165,6.914076,125
"127",2018,4,6.59090909090909,11,6.85,6.44285714285714,NA,8,6.45,4,7,0,1,10,1844,726,1118,290,584,1260,6.90922342733189,7.63154683195592,6.44016547406082,6.6401724137931,6.90670034246576,6.91039285714285,126
"128",2018,5,7.9625,8,8.65,7.73333333333333,7,9.4,7.75714285714286,2,6,1,1,7,1852,728,1124,291,585,1267,6.91377321814255,7.63434478021978,6.44706850533808,6.6414089347079,6.91096239316239,6.91507103393843,127
"129",2018,6,6,4,6,6,NA,6,6,1,3,0,1,3,1856,729,1127,291,586,1270,6.91180387931035,7.63210288065844,6.44587843833185,6.6414089347079,6.90940784982935,6.91290944881889,128
"130",2018,7,6.5625,4,6.625,6.5,NA,7.25,6.33333333333333,2,2,0,1,3,1860,731,1129,291,587,1273,6.91105268817204,7.62934746922025,6.44597431355181,6.6414089347079,6.90998807495741,6.91154359780047,129
"131",2018,8,6.8,5,6.33333333333333,7.5,NA,7,6.75,3,2,0,1,4,1865,734,1131,291,588,1277,6.91075495978552,7.62405040871935,6.44783819628647,6.6414089347079,6.91014115646259,6.9110375880971,130
"132",2018,9,7.16666666666667,6,NA,7.16666666666667,8,7,7.5,0,6,1,4,2,1871,734,1137,292,592,1279,6.91157562800641,7.62405040871935,6.45163148636763,6.64606164383562,6.91074831081081,6.91195856137607,131
"133",2018,10,7.625,4,8.16666666666667,6,6,7.33333333333333,8.5,3,1,1,3,1,1875,737,1138,293,595,1280,6.9130976,7.6262591587517,6.45123462214411,6.6438566552901,6.91287899159664,6.91319921875,132
"134",2018,11,6.54166666666667,12,7.5,6.0625,5.75,6.5,6.55,4,8,2,2,10,1887,741,1146,295,597,1290,6.9107355590885,7.62557759784076,6.44852094240838,6.63779661016949,6.91149581239531,6.91038372093023,133
"135",2018,12,6.3225,8,6.75,5.61,7,5.44333333333333,6.85,5,3,1,3,5,1895,746,1149,296,600,1295,6.90825224274406,7.6197091152815,6.44633159268929,6.63902027027027,6.904155,6.91015057915058,134
"136",2019,1,7.11954777777778,9,7.575,6.755186,6,6.8189825,7.36,4,5,1,4,5,1904,750,1154,297,604,1300,6.90925101365546,7.61947066666667,6.44766978336222,6.63686868686869,6.90359094370861,6.91188076923076,135
"137",2019,2,8.56666666666667,3,8,8.85,NA,8.85,8,1,2,0,2,1,1907,751,1156,297,606,1301,6.91185837965391,7.61997736351531,6.45182606401384,6.63686868686869,6.9100147359736,6.91271714066103,136
"138",2019,3,6.28571428571429,7,6.75,6.1,7,5.5,6.6,2,5,1,2,5,1914,753,1161,298,608,1306,6.90956840647858,7.61766666666667,6.45031087855297,6.63808724832215,6.90537652960526,6.91151990811638,137
"139",2019,4,7.5,10,8.5,6.83333333333333,6,7.75,7.33333333333333,4,6,1,4,6,1924,757,1167,299,612,1312,6.91263717775468,7.62232892998679,6.45228014567266,6.63595317725753,6.91089694444444,6.91344893292682,138
"140",2019,5,6.125,8,7.33333333333333,5.4,5,8,5.85714285714286,3,5,1,1,7,1932,760,1172,300,613,1319,6.90937574016563,7.62118815789474,6.44779089590444,6.6305,6.91267362153344,6.90784306292645,139
"141",2019,6,5.33333333333333,3,6,5,NA,5,6,1,2,0,2,1,1935,761,1174,300,615,1320,6.90693226356589,7.61905781865966,6.44532447189097,6.6305,6.90645354471545,6.9071553030303,140
"142",2019,7,7.25,4,6,7.66666666666667,6.5,6,7.66666666666667,1,3,2,1,3,1939,762,1177,302,616,1323,6.90763998452811,7.61693307086614,6.44843749362787,6.6296357615894,6.90498202922078,6.9088775510204,141
"143",2019,8,6.6,5,7.25,6.16666666666667,6.5,8,6.25,2,3,1,1,4,1944,764,1180,303,617,1327,6.90684872942387,7.61597251308901,6.44772112711864,6.62920792079208,6.90675677471637,6.90689148455162,142
"144",2019,9,7.59444444444444,9,8.9375,6.52,NA,6.875,7.8,4,5,0,2,7,1953,768,1185,303,619,1334,6.91001737327189,7.62285546875,6.44802610126582,6.62920792079208,6.90665416801292,6.91157796101949,143
"145",2019,10,7,6,7.25,6.5,NA,10,6.4,4,2,0,1,5,1959,772,1187,303,620,1339,6.91029297090352,7.62092357512953,6.44811367312553,6.62920792079208,6.91164343548387,6.90966766243465,144
"146",2019,11,7,3,8,6.5,NA,NA,7,1,2,0,0,3,1962,773,1189,303,620,1342,6.91043013761468,7.62141397153946,6.44820095037847,6.62920792079208,6.91164343548387,6.9098695976155,145
"147",2019,12,7.24,5,9,6.8,6.2,NA,7.24,1,4,1,0,5,1967,774,1193,304,620,1347,6.91126788510422,7.62319509043928,6.44938049455155,6.62779605263158,6.91164343548387,6.91109502598366,146
"148",2020,1,7.125,8,8,6.83333333333333,6.66666666666667,8,6.83333333333333,2,6,3,2,6,1975,776,1199,307,622,1353,6.91213363544304,7.6241662371134,6.45130185988324,6.62817589576547,6.91514297427653,6.91075018477457,147
"149",2020,2,7.14285714285714,7,7,7.2,6,6.5,7.4,2,5,1,2,5,1982,778,1204,308,624,1358,6.91294850151363,7.6225616966581,6.45441107142857,6.62613636363636,6.91381238782051,6.91255154639175,148
"150",2020,3,6.87142857142857,7,7.66666666666667,6.275,4,7.275,6.33333333333333,3,4,1,4,3,1989,781,1208,309,628,1361,6.91280237807944,7.62273111395647,6.45381699503311,6.61763754045307,6.91611294585987,6.91127479794269,149
"151",2020,4,7.58333333333333,6,NA,7.58333333333333,8,8.33333333333333,6.83333333333333,0,6,1,3,3,1995,781,1214,310,631,1364,6.91481901253133,7.62273111395647,6.45939944810544,6.62209677419355,6.92285091917591,6.91110337243401,150
"152",2020,5,7.125,8,8,6.6,6,6.75,7.5,3,5,3,4,4,2003,784,1219,313,635,1368,6.91565847728408,7.62417474489796,6.45997615258409,6.61613418530351,6.92176209448819,6.91282529239766,151
"153",2020,6,6.875,4,6,7.16666666666667,7,NA,6.875,1,3,1,0,4,2007,785,1222,314,635,1372,6.91557744394619,7.62210573248408,6.46171107201309,6.61735668789809,6.92176209448819,6.91271501457726,152
"154",2020,7,6.88888888888889,9,6.8,7,NA,7,6.85714285714286,5,4,0,2,7,2016,790,1226,314,637,1379,6.91545829861111,7.61690253164557,6.46346731647635,6.61735668789809,6.92200773940345,6.91243292240754,153
"155",2020,8,7.05555555555556,9,8.5,6.64285714285714,6,8,6.78571428571429,2,7,2,2,7,2025,792,1233,316,639,1386,6.91608095308642,7.61913257575758,6.46448575020276,6.61344936708861,6.9253817370892,6.91179292929293,154
"156",2020,9,7.25,6,7.5,7.125,NA,NA,7.25,2,4,0,0,6,2031,794,1237,316,639,1392,6.91706741999016,7.61883249370277,6.4666216087308,6.61344936708861,6.9253817370892,6.9132507183908,155
"157",2020,10,6.36666666666667,12,NA,6.36666666666667,6,5,6.64,0,12,1,2,10,2043,794,1249,317,641,1402,6.91383452276065,7.61883249370277,6.46566127301841,6.61151419558359,6.91937430577223,6.91130171184022,156
"158",2020,11,6.30769230769231,13,7.5,5.95,NA,7.5,6.20833333333333,3,10,0,1,12,2056,797,1259,317,642,1414,6.9100019114786,7.6183851944793,6.4615654725973,6.61151419558359,6.92027870716511,6.90533592644978,157
"159",2020,12,6.54090909090909,11,7.75,5.85,5.1,4.25,7.4,4,7,2,3,8,2067,801,1266,319,645,1422,6.90803770198355,7.61904244694132,6.45818398894155,6.60203761755486,6.90785880620155,6.90811884669479,158
"160",2021,1,6.40909090909091,11,7.5,6.16666666666667,7,6.5,6.4,2,9,1,1,10,2078,803,1275,320,646,1432,6.9053965014437,7.61874595267746,6.45612621960784,6.60328125,6.90722744582043,6.90457053072625,159
"161",2021,2,6.72222222222222,9,7.33333333333333,6.41666666666667,NA,NA,6.72222222222222,3,6,0,0,9,2087,806,1281,320,646,1441,6.90460657882128,7.61768362282879,6.45594139734582,6.60328125,6.90722744582043,6.90343164469118,160
"162",2021,3,6.66666666666667,9,10,6.25,5,6.33333333333333,6.83333333333333,1,8,1,3,6,2096,807,1289,321,649,1447,6.90358489026718,7.62063568773234,6.45466325058185,6.59828660436137,6.90457462249615,6.9031409813407,161
"163",2021,4,6.58333333333333,6,7,6.5,7,7,6.375,1,5,1,2,4,2102,808,1294,322,651,1451,6.90267075642246,7.61986757425743,6.45483843122102,6.59953416149068,6.90486778801843,6.90168504479669,162
"164",2021,5,7.05714285714286,7,7.3,6.875,NA,NA,7.05714285714286,3,4,0,0,7,2109,811,1298,322,651,1458,6.90318346609768,7.61868434032059,6.45613322804314,6.59953416149068,6.90486778801843,6.90243141289437,163
"165",2021,6,6.92857142857143,7,8.5,6.66666666666667,7.5,6.75,7,1,6,1,2,5,2116,812,1304,323,653,1463,6.90326745274102,7.6197697044335,6.45710194018405,6.60232198142415,6.90439346094946,6.90276486671223,164
"166",2021,7,7.7,5,8,7.5,7,7.83333333333333,7.5,2,3,1,3,2,2121,814,1307,324,656,1465,6.90514565299387,7.62070393120393,6.45949573833206,6.60354938271605,6.90864166158537,6.90358020477815,165
"167",2021,8,7.36857142857143,7,7.495,7.2,NA,8,7.26333333333333,4,3,0,1,6,2128,818,1310,324,657,1471,6.90667007988722,7.62008924205379,6.46119154961832,6.60354938271605,6.91030278538813,6.90504758667573,166
"168",2021,9,6.3,5,7.83333333333333,4,NA,5.5,6.83333333333333,3,2,0,2,3,2133,821,1312,324,659,1474,6.90524797468355,7.62086845310597,6.45743973323171,6.60354938271605,6.9060226555387,6.90490162822252,167
"169",2021,10,6.86111111111111,9,8.5,6.39285714285714,NA,7.6875,6.2,2,7,0,4,5,2142,823,1319,324,663,1479,6.90506252567694,7.62300486026732,6.45709699014405,6.60354938271605,6.91073745098039,6.90251859364435,168
"170",2021,11,6.76666666666667,6,7.8,6.25,5.5,7,6.72,2,4,2,1,5,2148,825,1323,326,664,1484,6.90467594506518,7.62343393939394,6.45647084656085,6.59677914110429,6.91087188253012,6.90190363881401,169
"171",2021,12,7.29166666666667,12,8.08333333333333,6.5,7,8.5,7.05,6,6,1,2,10,2160,831,1329,327,666,1494,6.90682589351852,7.62675451263538,6.45666736644093,6.5980122324159,6.91564403903904,6.90289491298527,170
"172",2022,1,6.75491666666667,12,7.61666666666667,6.46766666666667,6.25,NA,6.75491666666667,3,9,2,0,12,2172,834,1338,329,666,1506,6.9059866160221,7.62671822541967,6.45674135276532,6.59589665653495,6.91564403903904,6.90171580345285,171
"173",2022,2,5.85,8,6,5.82857142857143,7.25,6,5.82857142857143,1,7,2,1,7,2180,835,1345,331,667,1513,6.90211143577982,7.62477005988024,6.4534720669145,6.59984894259818,6.91427125937032,6.89675082617316,172
"174",2022,3,7.6825,8,7.66666666666667,7.692,NA,7.32,7.9,3,5,0,3,5,2188,838,1350,331,670,1518,6.90496477605119,7.6249200477327,6.45805920740741,6.59984894259818,6.91608795522388,6.90005533596838,173
"175",2022,4,6.25,8,5,6.42857142857143,6,6,6.5,1,7,2,4,4,2196,839,1357,333,674,1522,6.90257874772314,7.62179141835519,6.45790709653648,6.59624624624624,6.91065123145401,6.89900394218134,174
"176",2022,5,7.375,8,8.25,6.5,NA,NA,7.375,4,4,0,0,8,2204,843,1361,333,674,1530,6.90429352540835,7.62477224199288,6.45803080822924,6.59624624624624,6.91065123145401,6.90149281045751,175
"177",2022,6,8.83333333333333,3,10,8.25,NA,NA,8.83333333333333,1,2,0,0,3,2207,844,1363,333,674,1533,6.90691569098324,7.627586492891,6.4606602567865,6.59624624624624,6.91065123145401,6.90527332028701,176
"178",2022,7,8.625,4,9.75,7.5,NA,8.25,9,2,2,0,2,2,2211,846,1365,333,676,1535,6.91002393939394,7.63260401891253,6.4621830989011,6.59624624624624,6.91461380177515,6.90800260586319,177
"179",2022,8,7.01428571428571,7,8.3,6.8,NA,8.15,6.56,1,6,0,2,5,2218,847,1371,333,678,1540,6.91035298917944,7.6333919716647,6.46366150984683,6.59624624624624,6.91825800884956,6.90687272727272,178
"180",2022,9,7.01428571428571,7,NA,7.01428571428571,NA,8,6.62,0,7,0,2,5,2225,847,1378,333,680,1545,6.91067996853933,7.6333919716647,6.46645858490566,6.59624624624624,6.92143960294118,6.90594433656958,179
"181",2022,10,8.1,6,9,7.92,NA,9,7.92,1,5,0,1,5,2231,848,1383,333,681,1550,6.9138784984312,7.63500353773585,6.47171361532899,6.59624624624624,6.92449182085169,6.90921548387096,180
"182",2022,11,8.08333333333333,6,8.33333333333333,7.83333333333333,8,8.5,7.875,3,3,1,2,4,2237,851,1386,334,683,1554,6.91701516763523,7.63746533490012,6.47466084415584,6.60044910179641,6.9291053147877,6.91170141570141,181
"183",2022,12,5.015,6,6.36333333333333,3.66666666666667,5,6,4.5225,3,3,1,2,4,2243,854,1389,335,685,1558,6.91192729826126,7.63298946135832,6.46859606191505,6.59567164179104,6.92639259854015,6.90556739409499,182
