"","year","month","avg_rating","no_ratings","avg_rating_owned","avg_rating_not_owned","avg_rating_prev_owned","avg_rating_comment","avg_rating_no_comment","no_ratings_owned","no_ratings_not_owned","no_ratings_prev_owned","no_ratings_comment","no_ratings_no_comment","cum_no_ratings","cum_no_ratings_owned","cum_no_ratings_not_owned","cum_no_ratings_prev_owned","cum_no_ratings_comment","cum_no_ratings_no_comment","cum_avg_rating","cum_avg_rating_owned","cum_avg_rating_not_owned","cum_avg_rating_prev_owned","cum_avg_rating_comment","cum_avg_rating_no_comment","month_after_release"
"1",2007,10,7.28,25,7.625,6.96153846153846,7,7,7.53846153846154,12,13,2,12,13,25,12,13,2,12,13,7.28,7.625,6.96153846153846,7,7,7.53846153846154,0
"2",2007,11,6.93859649122807,57,8.01666666666667,6.55357142857143,6.53333333333333,6.73709677419355,7.17884615384615,15,42,3,31,26,82,27,55,5,43,39,7.04268292682927,7.84259259259259,6.65,6.72,6.81046511627907,7.29871794871795,1
"3",2007,12,6.98030303030303,66,7.64444444444444,6.52051282051282,7.66666666666667,6.72857142857143,7.16578947368421,27,39,3,28,38,148,54,94,8,71,77,7.01486486486487,7.74351851851852,6.59627659574468,7.075,6.77816901408451,7.23311688311688,2
"4",2008,1,7.2472602739726,73,7.76911764705882,6.79230769230769,7.44,7.2448275862069,7.24886363636364,34,39,5,29,44,221,88,133,13,100,121,7.09162895927602,7.75340909090909,6.65375939849624,7.21538461538462,6.9135,7.23884297520661,3
"5",2008,2,7.08194444444444,36,7.321875,6.89,7.06,6.61,7.41904761904762,16,20,5,15,21,257,104,153,18,115,142,7.09027237354086,7.68701923076923,6.68464052287582,7.17222222222222,6.87391304347826,7.26549295774648,4
"6",2008,3,7.44565217391304,46,7.88095238095238,7.08,8,7.5875,7.29090909090909,21,25,3,24,22,303,125,178,21,139,164,7.14422442244224,7.7196,6.74016853932584,7.29047619047619,6.99712230215827,7.26890243902439,5
"7",2008,4,7.51666666666667,27,7.9,7.0375,7.5,7.25,7.62894736842105,15,12,2,8,19,330,140,190,23,147,183,7.17469696969697,7.73892857142857,6.75894736842105,7.30869565217391,7.0108843537415,7.30628415300547,6
"8",2008,5,6.92348275862069,29,7.39853846153846,6.5375,6.93333333333333,7.34233333333333,6.735,13,16,3,9,20,359,153,206,26,156,203,7.15440389972145,7.71000653594771,6.74174757281553,7.26538461538462,7.03000641025641,7.25,7
"9",2008,6,7,26,7.25,6.78571428571429,7,6.86363636363636,7.1,12,14,1,11,15,385,165,220,27,167,218,7.14397662337662,7.67655151515151,6.74454545454545,7.25555555555556,7.01904790419162,7.23967889908257,8
"10",2008,7,7.01578787878788,33,7.83508333333333,6.54761904761905,7.375,7.12675,6.95238095238095,12,21,8,12,21,418,177,241,35,179,239,7.13385645933014,7.68729943502825,6.72738589211618,7.28285714285714,7.02626815642458,7.21443514644352,9
"11",2008,8,7.10833333333333,36,7.436,6.36363636363636,6.4,6.97857142857143,7.19090909090909,25,11,2,14,22,454,202,252,37,193,261,7.13183259911894,7.65619801980198,6.71150793650794,7.23513513513514,7.02280829015544,7.21245210727969,10
"12",2008,9,7.215,20,7.35833333333333,7,7,6.92222222222222,7.45454545454545,12,8,2,9,11,474,214,260,39,202,272,7.1353417721519,7.6394953271028,6.72038461538462,7.22307692307692,7.01832673267327,7.22224264705882,11
"13",2008,10,7.06571428571429,35,7.62777777777778,6.47058823529412,6.3,6.75454545454545,7.20833333333333,18,17,5,11,24,509,232,277,44,213,296,7.13055402750491,7.63858620689655,6.70505415162455,7.11818181818182,7.00470422535211,7.22111486486487,12
"14",2008,11,7.17777777777778,27,7.48181818181818,6.96875,6.5,7.225,7.15789473684211,11,16,5,8,19,536,243,293,49,221,315,7.1329328358209,7.63148971193416,6.71945392491468,7.05510204081633,7.01267873303167,7.21730158730159,13
"15",2008,12,7.37142857142857,14,7.38333333333333,7.3625,6.5,6.9,7.63333333333333,6,8,4,5,9,550,249,301,53,226,324,7.13900363636364,7.62551004016064,6.73654485049834,7.01320754716981,7.01018584070796,7.22885802469136,14
"16",2009,1,6.85806451612903,31,7.55,6.42105263157895,7.14285714285714,6.6375,6.93478260869565,12,19,7,8,23,581,261,320,60,234,347,7.12401376936317,7.62203831417624,6.7178125,7.02833333333333,6.99744444444444,7.20936599423631,15
"17",2009,2,7.08714285714286,35,7.71538461538462,6.71590909090909,7.28125,7.8,6.96833333333333,13,22,8,5,30,616,274,342,68,239,377,7.12191883116883,7.62646715328467,6.71769005847953,7.05808823529412,7.01423430962343,7.19018567639257,16
"18",2009,3,7.35714285714286,42,7.64210526315789,7.12173913043478,7.07142857142857,7.3,7.37272727272727,19,23,7,9,33,658,293,365,75,248,410,7.13693313069909,7.62748122866894,6.74315068493151,7.05933333333333,7.02460483870968,7.20487804878049,17
"19",2009,4,7.03541666666667,48,7.5,6.803125,6.88571428571429,6.58666666666667,7.23939393939394,16,32,7,15,33,706,309,397,82,263,443,7.13003116147309,7.62088025889967,6.74798488664988,7.04451219512195,6.99962737642585,7.20744920993228,18
"20",2009,5,6.71891891891892,37,7.375,6.404,6.98,5.8625,6.9551724137931,12,25,5,8,29,743,321,422,87,271,472,7.10955854643338,7.61168847352025,6.72760663507109,7.04080459770115,6.9660590405904,7.19194915254237,19
"21",2009,6,7.065,40,8.09285714285714,6.51153846153846,6.55555555555556,6.95,7.10333333333333,14,26,9,10,30,783,335,448,96,281,502,7.10728224776501,7.63179701492537,6.71506696428572,6.9953125,6.96548754448398,7.18665338645418,20
"22",2009,7,6.74722222222222,36,7.15,6.425,6.83333333333333,6.77777777777778,6.73703703703704,16,20,6,9,27,819,351,468,102,290,529,7.09145543345543,7.60983475783476,6.70267094017094,6.98578431372549,6.95966206896552,7.16370510396975,21
"23",2009,8,6.925,26,7.2875,6.76388888888889,6.85714285714286,6.375,7.16944444444444,8,18,7,8,18,845,359,486,109,298,547,7.08633372781065,7.60265181058496,6.70493827160494,6.97752293577982,6.94396644295302,7.16389396709324,22
"24",2009,9,7.01472222222222,36,7.15857142857143,6.81333333333333,6.5,6.75,7.06766666666667,21,15,3,6,30,881,380,501,112,304,577,7.08340749148695,7.57811052631579,6.70818363273453,6.96473214285714,6.94013815789474,7.15889081455806,23
"25",2009,10,7.28235294117647,34,8.10666666666667,6.63157894736842,6.4,7.48571428571429,7.22962962962963,15,19,5,7,27,915,395,520,117,311,604,7.0908,7.59818227848101,6.70538461538462,6.94059829059829,6.95241800643087,7.16205298013245,24
"26",2009,11,7.15416666666667,48,7.51538461538462,6.72727272727273,6.5,6.38461538461539,7.44,26,22,6,13,35,963,421,542,123,324,639,7.09395846313603,7.59306888361045,6.70627306273063,6.91910569105691,6.92963580246913,7.17727699530516,25
"27",2009,12,6.9325,40,7.30769230769231,6.75185185185185,6.88333333333333,6.44615384615385,7.16666666666667,13,27,6,13,27,1003,434,569,129,337,666,7.08751944167498,7.58452073732719,6.70843585237258,6.91744186046512,6.91098516320475,7.17684684684685,26
"28",2010,1,7.27755102040816,49,7.69230769230769,6.80869565217391,6.8,7.5,7.25227272727273,26,23,4,5,44,1052,460,592,133,342,710,7.09637072243346,7.59061304347826,6.71233108108108,6.91390977443609,6.91959649122807,7.18152112676056,27
"29",2010,2,6.94444444444444,27,7.81818181818182,6.34375,6.6,6.625,7,11,16,5,4,23,1079,471,608,138,346,733,7.09256904541242,7.59592781316348,6.70263157894737,6.90253623188406,6.91619075144509,7.17582537517053,28
"30",2010,3,7.44117647058824,17,7.55,7.28571428571429,7,7.4,7.45833333333333,10,7,1,5,12,1096,481,615,139,351,745,7.09797627737226,7.59497297297297,6.70926829268293,6.90323741007194,6.92308262108262,7.18037583892617,29
"31",2010,4,6.83,20,7.31818181818182,6.23333333333333,7.33333333333333,7.43333333333333,6.72352941176471,11,9,3,3,17,1116,492,624,142,354,762,7.09317383512545,7.58878455284553,6.70240384615385,6.91232394366197,6.92740677966102,7.17018372703412,30
"32",2010,5,7.14285714285714,21,7.45,6.86363636363636,6,7.25,7.1,10,11,3,6,15,1137,502,635,145,360,777,7.09409146877749,7.58601992031872,6.7051968503937,6.89344827586207,6.93278333333333,7.16882882882883,31
"33",2010,6,7.15789473684211,19,7.72727272727273,6.375,6,7.4375,6.95454545454545,11,8,4,8,11,1156,513,643,149,368,788,7.09514013840831,7.58904873294347,6.70108864696734,6.86946308724832,6.94375543478261,7.16583756345178,32
"34",2010,7,6.9,15,7.33333333333333,6.61111111111111,6.5,6.6,7.05,6,9,5,5,10,1171,519,652,154,373,798,7.09264047822374,7.58609248554913,6.69984662576687,6.85746753246753,6.93914745308311,7.16438596491228,33
"35",2010,8,7.33125,16,8.01,6.2,6.56666666666667,6.5,7.52307692307692,10,6,3,3,13,1187,529,658,157,376,811,7.09585678180287,7.59410586011342,6.69528875379939,6.85191082802548,6.93564361702128,7.1701356350185,34
"36",2010,9,6.60416666666667,24,7.25,6.38888888888889,6.75,6.38888888888889,6.73333333333333,6,18,4,9,15,1211,535,676,161,385,826,7.08611230388109,7.59024672897196,6.68713017751479,6.84937888198758,6.92286233766234,7.16220338983051,35
"37",2010,10,6.52631578947368,19,7.75,5.63636363636364,5.5,6.55555555555556,6.5,8,11,3,9,10,1230,543,687,164,394,836,7.07746504065041,7.59260036832412,6.67030567685589,6.82469512195122,6.91447208121827,7.15428229665072,36
"38",2010,11,6.99264705882353,34,7.49583333333333,6.71818181818182,7.41666666666667,6.0625,7.11666666666667,12,22,6,4,30,1264,555,709,170,398,866,7.0751835443038,7.59050810810811,6.67179125528914,6.84558823529412,6.90590954773869,7.1529792147806,37
"39",2010,12,7.3625,24,7.83333333333333,7.08,7.25,6.61666666666667,7.61111111111111,9,15,10,6,18,1288,564,724,180,404,884,7.08053726708075,7.5943829787234,6.68024861878453,6.86805555555556,6.90161386138614,7.16230769230769,38
"40",2011,1,7.03461538461538,26,7.61666666666667,6.53571428571429,6.66666666666667,6.93333333333333,7.04782608695652,12,14,3,3,23,1314,576,738,183,407,907,7.07962861491629,7.59484722222222,6.67750677506775,6.86475409836066,6.90184766584767,7.1594046306505,39
"41",2011,2,7.1195652173913,23,7.475,6.84615384615385,6.75,7.25,7.07352941176471,10,13,6,6,17,1337,586,751,189,413,924,7.08031563201197,7.59280204778157,6.68042609853529,6.86111111111111,6.90690556900726,7.15782467532468,40
"42",2011,3,6.87647058823529,17,7.23333333333333,6.68181818181818,7,6.75,6.91538461538462,6,11,3,4,13,1354,592,762,192,417,937,7.07775627769572,7.58915878378378,6.68044619422572,6.86328125,6.90540047961631,7.15446104589114,41
"43",2011,4,7.43125,16,8.78,6.81818181818182,6.5,7.6,7.375,5,11,2,4,12,1370,597,773,194,421,949,7.08188467153285,7.5991323283082,6.68240620957309,6.85953608247423,6.912,7.15724973656481,42
"44",2011,5,6.55,16,6.2,6.70909090909091,7.21666666666667,6.9125,6.1875,5,11,6,8,8,1386,602,784,200,429,957,7.07574458874459,7.58751162790697,6.6827806122449,6.87025,6.91200932400932,7.14914315569488,43
"45",2011,6,6.80357142857143,14,6.75,6.83333333333333,7.1,5.75,6.97916666666667,5,9,5,2,12,1400,607,793,205,431,969,7.07302285714286,7.58061285008237,6.68448928121059,6.87585365853659,6.90661716937355,7.14703818369453,44
"46",2011,7,6.56666666666667,18,7.38571428571429,6.04545454545455,6,7.05,6.42857142857143,7,11,3,4,14,1418,614,804,208,435,983,7.0665952045134,7.57839087947882,6.67574626865672,6.86322115384615,6.90793563218391,7.13680569684639,45
"47",2011,8,6.95,10,7.21428571428571,6.33333333333333,6.5,6.33333333333333,7.21428571428571,7,3,2,3,7,1428,621,807,210,438,990,7.06577871148459,7.57428663446054,6.67447335811648,6.85976190476191,6.904,7.13735353535354,46
"48",2011,9,7.26470588235294,17,7.83333333333333,6.625,6.9,8.125,7,9,8,5,4,13,1445,630,815,215,442,1003,7.06811903114187,7.5779873015873,6.67398773006135,6.86069767441861,6.91504977375566,7.13557328015952,47
"49",2011,10,6.71875,16,6.875,6.66666666666667,7,6.25,6.875,4,12,4,4,12,1461,634,827,219,446,1015,7.06429295003422,7.57355205047318,6.67388149939541,6.86324200913242,6.90908520179372,7.13249261083744,48
"50",2011,11,6.66774193548387,31,7.4625,6.39130434782609,6.5,6.4,6.76086956521739,8,23,2,8,23,1492,642,850,221,454,1038,7.05605361930295,7.57216822429906,6.66623529411765,6.85995475113122,6.90011453744493,7.12425818882466,49
"51",2011,12,7.11206896551724,29,7.77083333333333,6.64705882352941,7.71428571428571,7.25,7.02777777777778,12,17,7,11,18,1521,654,867,228,465,1056,7.05712163050625,7.57581345565749,6.66585928489043,6.88618421052632,6.90839139784946,7.12261363636364,50
"52",2012,1,7.09583333333333,36,7.23076923076923,7.0195652173913,6.77222222222222,6.48333333333333,7.21833333333333,13,23,9,6,30,1557,667,890,237,471,1086,7.05801669877971,7.56908845577211,6.675,6.88185654008439,6.90297664543524,7.12525782688766,51
"53",2012,2,6.90625,16,7.35714285714286,6.55555555555556,6.8,7.4,6.68181818181818,7,9,5,5,11,1573,674,899,242,476,1097,7.05647298156389,7.56688724035608,6.6738042269188,6.8801652892562,6.9081974789916,7.12081130355515,52
"54",2012,3,6.96086956521739,23,7.67692307692308,6.03,5.9,7.25,6.80666666666667,13,10,5,8,15,1596,687,909,247,484,1112,7.05509523809524,7.56896943231441,6.66672167216722,6.86032388663968,6.91384710743802,7.11657374100719,53
"55",2012,4,6.90277777777778,18,7.25,6.72916666666667,6.6,7.06666666666667,6.87,6,12,2,3,15,1614,693,921,249,487,1127,7.05339653035936,7.56620779220779,6.66753528773073,6.85823293172691,6.91478850102669,7.11329192546584,54
"56",2012,5,6.93421052631579,19,7.39444444444444,6.52,6.775,7.18571428571429,6.7875,9,10,4,7,12,1633,702,931,253,494,1139,7.05200979791794,7.56400569800569,6.66595059076262,6.85691699604743,6.91862753036437,7.10985952589991,55
"57",2012,6,6.79285714285714,14,6.94285714285714,6.64285714285714,7,6.625,6.86,7,7,2,4,10,1647,709,938,255,498,1149,7.04980692167578,7.5578730606488,6.66577825159915,6.85803921568627,6.91626907630522,7.10768494342907,56
"58",2012,7,7.50625,8,7.6125,7.4,8,8.25,7.4,4,4,1,1,7,1655,713,942,256,499,1156,7.05201329305136,7.55817952314165,6.66889596602972,6.8625,6.91894188376753,7.10945501730104,57
"59",2012,8,7,12,6.8,7.14285714285714,8.33333333333333,7.5,6.75,5,7,3,4,8,1667,718,949,259,503,1164,7.05163887222556,7.55289972144847,6.67239199157007,6.87953667953668,6.92356262425447,7.10698453608248,58
"60",2012,9,6.92,15,7.56,6.6,6.75,6.35,7.3,5,10,4,6,9,1682,723,959,263,509,1173,7.05046492271106,7.55294882434301,6.67163712200209,6.87756653992396,6.91680157170923,7.10846547314578,59
"61",2012,10,7.02083333333333,24,7.22222222222222,6.9,7,6.75,7.11111111111111,9,15,1,6,18,1706,732,974,264,515,1191,7.05004806565065,7.5488825136612,6.67515400410678,6.8780303030303,6.91485825242718,7.10850545759866,60
"62",2012,11,7.12058823529412,17,7.8,6.75,6.85714285714286,7.1375,7.11538461538461,6,11,7,4,13,1723,738,985,271,519,1204,7.05074405107371,7.55092411924119,6.67598984771574,6.87749077490775,6.91657418111753,7.10857973421927,61
"63",2012,12,6,16,7.2,5.45454545454545,6.8,6.75,5.75,5,11,5,4,12,1739,743,996,276,523,1216,7.04107648073606,7.54856258411844,6.6625,6.87608695652174,6.91530019120459,7.09517269736842,62
"64",2013,1,6.77,20,7.15,6.39,7,7.48888888888889,6.18181818181818,10,10,3,9,11,1759,753,1006,279,532,1227,7.03799431495168,7.54326958831341,6.65979125248509,6.87741935483871,6.9250037593985,7.08698451507743,63
"65",2013,2,6.61111111111111,18,7.5,6.26923076923077,6.83333333333333,7.5,6.5,5,13,6,2,16,1777,758,1019,285,534,1243,7.03367023072594,7.54298416886543,6.65480863591757,6.87649122807018,6.92715730337079,7.07942880128721,64
"66",2013,3,5.85714285714286,7,6,5.83333333333333,6.5,5.5,6.33333333333333,1,6,1,4,3,1784,759,1025,286,538,1246,7.02905381165919,7.5409512516469,6.65,6.87517482517483,6.91654646840149,7.07763242375602,65
"67",2013,4,6.53846153846154,13,7.625,6.05555555555556,6.95,3,6.83333333333333,4,9,2,1,12,1797,763,1034,288,539,1258,7.02550473010573,7.54139187418086,6.64482591876209,6.87569444444444,6.90928014842301,7.07530206677266,66
"68",2013,5,6.46153846153846,13,7.66666666666667,5.42857142857143,6,NA,6.46153846153846,6,7,2,0,13,1810,769,1041,290,539,1271,7.02145414364641,7.54236931079324,6.6366474543708,6.86965517241379,6.90928014842301,7.0690243902439,67
"69",2013,6,6.83333333333333,15,7.4375,6.14285714285714,6,6.91666666666667,6.77777777777778,8,7,3,6,9,1825,777,1048,293,545,1280,7.01990794520548,7.54128957528957,6.63334923664122,6.86075085324232,6.90936146788991,7.0669765625,68
"70",2013,7,7.04631578947368,19,7.25833333333333,6.68285714285714,6.26,7.32,6.97333333333333,12,7,3,4,15,1844,789,1055,296,549,1295,7.02018004338395,7.53698605830165,6.63367772511848,6.85466216216216,6.91235336976321,7.06589189189189,69
"71",2013,8,6.12857142857143,21,7.41666666666667,5.61333333333333,5.83333333333333,6.2,6.1,6,15,6,6,15,1865,795,1070,302,555,1310,7.01014048257373,7.53607798742138,6.6193738317757,6.83437086092715,6.90465225225225,7.0548320610687,70
"72",2013,9,7.12142857142857,14,7.8375,6.16666666666667,6.33333333333333,6.625,7.32,8,6,3,4,10,1879,803,1076,305,559,1320,7.01096966471528,7.53908094645081,6.61684944237918,6.82944262295082,6.9026511627907,7.05684090909091,71
"73",2013,10,7.17333333333333,15,8.26666666666667,6.44444444444444,7,6.8,7.23076923076923,6,9,2,2,13,1894,809,1085,307,561,1333,7.0122555438226,7.54447713226205,6.61541935483871,6.83055374592834,6.90228520499109,7.05853713428357,72
"74",2013,11,6.71428571428571,14,8,5.42857142857143,6,6.6,6.77777777777778,7,7,2,5,9,1908,816,1092,309,566,1342,7.01006918238994,7.54838480392157,6.60781135531136,6.82517799352751,6.8996148409894,7.05665424739195,73
"75",2013,12,6.875,20,7.57142857142857,6.5,6.92857142857143,6.91666666666667,6.85714285714286,7,13,7,6,14,1928,823,1105,316,572,1356,7.00866804979253,7.54858080194411,6.60654298642534,6.82746835443038,6.89979370629371,7.05459439528024,74
"76",2014,1,5.25,8,6,5.14285714285714,7,6,5,1,7,2,2,6,1936,824,1112,318,574,1362,7.00140082644628,7.54670145631068,6.59732913669065,6.8285534591195,6.89665853658537,7.04554331864905,75
"77",2014,2,6.4625,16,6.49090909090909,6.4,NA,6.5,6.45714285714286,11,5,0,2,14,1952,835,1117,318,576,1376,6.99698360655738,7.53279281437126,6.59644583706356,6.8285534591195,6.89528125,7.03955668604651,76
"78",2014,3,7.25,10,7.64285714285714,6.33333333333333,7,7,7.27777777777778,7,3,1,1,9,1962,842,1120,319,577,1385,6.99827319062182,7.53370783847981,6.59574107142857,6.82909090909091,6.89546273830156,7.0411046931408,77
"79",2014,4,6.71111111111111,9,6.66666666666667,6.73333333333333,7.08,7,6.62857142857143,3,6,5,2,7,1971,845,1126,324,579,1392,6.99696194824962,7.53062958579882,6.59647424511545,6.83296296296296,6.89582383419689,7.03903017241379,78
"80",2014,5,6.76785714285714,14,8,6.5625,6.66666666666667,7.33333333333333,6.61363636363636,2,12,3,3,11,1985,847,1138,327,582,1403,6.99534609571788,7.53173789846517,6.59611599297012,6.8314373088685,6.89807903780069,7.03569493941554,79
"81",2014,6,6.9375,8,7.5,6.6,6.33333333333333,7,6.92857142857143,3,5,3,1,7,1993,850,1143,330,583,1410,6.99511389864526,7.53162588235294,6.59613298337708,6.82690909090909,6.8982538593482,7.03516312056738,80
"82",2014,7,7.09545454545455,11,7.3875,6.92857142857143,6.5,6.58333333333333,7.2875,4,7,2,3,8,2004,854,1150,332,586,1418,6.99566467065868,7.53095081967213,6.59815652173913,6.82493975903615,6.89664163822526,7.03658674188999,81
"83",2014,8,6.95,10,7.875,6.33333333333333,5.5,8,6.83333333333333,4,6,1,1,9,2014,858,1156,333,587,1427,6.99543793445879,7.53255477855478,6.59678200692041,6.82096096096096,6.89852129471891,7.03530483531885,82
"84",2014,9,6.89,10,7.225,6.66666666666667,7,7,6.87777777777778,4,6,3,1,9,2024,862,1162,336,588,1436,6.99491699604743,7.53112761020881,6.59714285714286,6.82255952380953,6.89869387755102,7.03431754874652,83
"85",2014,10,6.37,10,7.34,5.4,4,2,6.85555555555556,5,5,1,1,9,2034,867,1167,337,589,1445,6.99184464110128,7.53002537485582,6.59201371036847,6.81418397626113,6.89037691001698,7.03320415224914,84
"86",2014,11,7.065,10,7.4,6.5625,6.25,7.03333333333333,7.07857142857143,6,4,2,3,7,2044,873,1171,339,592,1452,6.99220254403131,7.52913172966781,6.59191289496157,6.81085545722714,6.89110135135135,7.03342286501377,85
"87",2014,12,6.5,9,7.48,5.275,5.1,5.03333333333333,7.23333333333333,5,4,1,3,6,2053,878,1175,340,595,1458,6.99004481246956,7.52885193621868,6.58742978723404,6.80582352941177,6.88173445378151,7.03424554183813,86
"88",2015,1,6.84615384615385,13,7.8,6.25,6.5,5.75,7.33333333333333,5,8,1,4,9,2066,883,1183,341,599,1467,6.98913939980639,7.53038731596829,6.58514792899408,6.80492668621701,6.87417696160267,7.03608043626449,87
"89",2015,2,6.80769230769231,13,7.5,6.68181818181818,6.625,6.25,7.05555555555556,2,11,4,4,9,2079,885,1194,345,603,1476,6.98800481000481,7.53031864406779,6.58603852596315,6.80284057971015,6.87003648424544,7.03619918699187,88
"90",2015,3,6.96666666666667,15,7.57142857142857,6.4375,6.5,6.75,7,7,8,3,2,13,2094,892,1202,348,605,1489,6.98785195797517,7.53064125560538,6.58504991680532,6.80022988505747,6.86963966942149,7.03588314304903,89
"91",2015,4,7.23846153846154,13,7.66666666666667,7.11,7.5,7,7.3875,3,10,4,5,8,2107,895,1212,352,610,1497,6.9893981964879,7.53109720670391,6.58938118811881,6.80818181818182,6.87070819672131,7.03776219104876,90
"92",2015,5,6.04285714285714,7,7.15,5.6,6.75,6.75,5.76,2,5,2,2,5,2114,897,1217,354,612,1502,6.98626395458846,7.53024749163879,6.58531635168447,6.80785310734463,6.8703137254902,7.0335086551265,91
"93",2015,6,6.9,10,7.33333333333333,3,3,6.25,7.33333333333333,9,1,1,4,6,2124,906,1218,355,616,1508,6.98585781544256,7.52829139072847,6.58237274220033,6.79712676056338,6.86628571428571,7.03470159151194,92
"94",2015,7,7.2,10,7.43333333333333,6.85,7.25,7.33333333333333,7.14285714285714,6,4,2,3,7,2134,912,1222,357,619,1515,6.98686129334583,7.52766666666666,6.58324877250409,6.79966386554622,6.868549273021,7.03520132013201,93
"95",2015,8,7,19,7.11,6.87777777777778,6.825,5,7.11111111111111,10,9,4,1,18,2153,922,1231,361,620,1533,6.98697724105899,7.52313665943601,6.58540211210398,6.79994459833795,6.86553548387097,7.03609262883236,94
"96",2015,9,7.22083333333333,12,7.525,6.91666666666667,7,7.33333333333333,7.18333333333333,6,6,2,3,9,2165,928,1237,363,623,1542,6.98827344110854,7.52314870689655,6.58700889248181,6.80104683195592,6.86778812199037,7.03695201037613,95
"97",2015,10,6.185,20,6.9,5.94666666666667,6.25,6.5,6.15,5,15,4,2,18,2185,933,1252,367,625,1560,6.98092082379863,7.5198092175777,6.57933706070287,6.79504087193461,6.8666112,7.02671794871795,96
"98",2015,11,6.90769230769231,13,6.71428571428571,7.13333333333333,7.33333333333333,NA,6.90769230769231,7,6,3,0,13,2198,940,1258,370,625,1573,6.98048771610555,7.51381063829787,6.58197933227345,6.79940540540541,6.8666112,7.02573426573427,97
"99",2015,12,6.46363636363636,11,7.16,5.88333333333333,6,6.1,6.6,5,6,1,3,8,2209,945,1264,371,628,1581,6.97791398822997,7.51193862433862,6.57866297468354,6.79725067385445,6.86294904458599,7.02358001265022,98
"100",2016,1,6.83478260869565,23,7.12,6.61538461538461,6.5,6.4,6.95555555555556,10,13,6,5,18,2232,955,1277,377,633,1599,6.97643906810036,7.50783455497382,6.57903680501174,6.79251989389921,6.85929225908373,7.02281425891182,99
"101",2016,2,6.875,16,7.25,6.65,7.16666666666667,4.5,7.21428571428571,6,10,3,2,14,2248,961,1287,380,635,1613,6.97571708185053,7.50622476586888,6.57958818958819,6.79547368421053,6.85186141732283,7.02447613143211,100
"102",2016,3,7.35384615384615,13,7.6375,6.9,7.5,7.36666666666667,7.35,8,5,2,3,10,2261,969,1292,382,638,1623,6.9778911985847,7.50730856553147,6.58082817337461,6.79916230366492,6.85428213166144,7.02648182378312,101
"103",2016,4,6.96666666666667,15,7.22222222222222,6.58333333333333,7.25,6,7.11538461538461,9,6,2,2,13,2276,978,1298,384,640,1636,6.97781722319859,7.50468507157464,6.58083975346687,6.80151041666667,6.8516125,7.02718826405868,102
"104",2016,5,7.04375,8,7.47857142857143,4,4,6.11666666666667,7.6,7,1,1,3,5,2284,985,1299,385,643,1641,6.97804816112084,7.50449949238579,6.57885296381832,6.79423376623377,6.8481835147745,7.02893357708714,103
"105",2016,6,6.70588235294118,17,7,6.5,6.33333333333333,6,6.85714285714286,7,10,6,3,14,2301,992,1309,391,646,1655,6.97603737505432,7.50093951612903,6.57825057295645,6.78716112531969,6.84424458204334,7.02748036253776,104
"106",2016,7,7.04090909090909,11,7.36666666666667,6.65,5,6,7.27222222222222,6,5,1,2,9,2312,998,1314,392,648,1664,6.97634602076125,7.50013226452906,6.57852359208523,6.78260204081633,6.84163888888889,7.02880408653846,105
"107",2016,8,6.71111111111111,9,7,6.56666666666667,NA,3,7.175,3,6,0,1,8,2321,1001,1320,392,649,1672,6.97531753554502,7.49863336663337,6.57846969696969,6.78260204081633,6.83571956856703,7.02950358851675,106
"108",2016,9,6.75,6,8.5,6.4,5.75,8.5,6.4,1,5,2,1,5,2327,1002,1325,394,650,1677,6.97473657069188,7.49963273453094,6.57779622641509,6.77736040609137,6.83828,7.0276267143709,107
"109",2016,10,6.93846153846154,13,7.08333333333333,6.81428571428571,6.475,7.375,6.74444444444444,6,7,4,4,9,2340,1008,1332,398,654,1686,6.97453504273504,7.49715476190476,6.57903903903904,6.7743216080402,6.8415626911315,7.02611506524318,108
"110",2016,11,7.15714285714286,14,7.95714285714286,6.35714285714286,6.5,7.5,7.02,7,7,2,4,10,2354,1015,1339,400,658,1696,6.97562107051827,7.50032709359606,6.57787901418969,6.77295,6.84556534954407,7.02607900943396,109
"111",2016,12,6.985,20,7.38,6.59,7.4,7.125,6.95,10,10,1,4,16,2374,1025,1349,401,662,1712,6.975700084246,7.49915317073171,6.57796886582653,6.77451371571073,6.84725377643505,7.02536799065421,110
"112",2017,1,6.96071428571429,14,7.32777777777778,6.3,6.25,6.675,7.075,9,5,2,4,10,2388,1034,1354,403,666,1722,6.9756122278057,7.49766150870406,6.57694239290989,6.77191066997519,6.84621921921922,7.025656213705,111
"113",2017,2,7.55,10,7.6875,7,7,7,7.61111111111111,8,2,1,1,9,2398,1042,1356,404,667,1731,6.97800750625521,7.49911900191938,6.57756637168141,6.77247524752475,6.84644977511244,7.02870017331023,112
"114",2017,3,6.07142857142857,14,6.54,5.81111111111111,4.66666666666667,6.9,5.93333333333333,5,9,3,2,12,2412,1047,1365,407,669,1743,6.97274543946932,7.49453868194842,6.57251282051282,6.75695331695332,6.84660986547085,7.02115892139989,113
"115",2017,4,7.72,5,8.55,7.16666666666667,7.25,8,7.65,2,3,2,1,4,2417,1049,1368,409,670,1747,6.97429127016963,7.49655100095329,6.57381578947368,6.75936430317849,6.84833134328358,7.02259874069834,114
"116",2017,5,6.98428571428571,7,6.29666666666667,7.5,7.5,5.39,7.25,3,4,2,1,6,2424,1052,1372,411,671,1753,6.9743201320132,7.49312927756654,6.57651603498542,6.76296836982969,6.84615797317437,7.02337706788363,115
"117",2017,6,6.1,5,6,6.125,6.16666666666667,6.25,6,1,4,3,2,3,2429,1053,1376,414,673,1756,6.97252037875669,7.49171130104463,6.57520348837209,6.75864734299517,6.84438632986627,7.02162870159454,116
"118",2017,7,7.27777777777778,9,8.1,6.25,6.5,6,7.4375,5,4,2,1,8,2438,1058,1380,416,674,1764,6.97364725184578,7.49458601134215,6.57426086956521,6.75740384615385,6.84313353115727,7.02351473922903,117
"119",2017,8,6.0625,8,7,5.75,NA,5.5,6.25,2,6,0,2,6,2446,1060,1386,416,676,1770,6.97066721177433,7.49365283018868,6.57069264069264,6.75740384615385,6.83915976331361,7.02089265536723,118
"120",2017,9,6.34615384615385,13,7.33333333333333,6.05,6.3,6.16666666666667,6.4,3,10,5,3,10,2459,1063,1396,421,679,1780,6.96736559577064,7.49320037629351,6.56696275071633,6.75197149643706,6.83618851251841,7.01740449438202,119
"121",2017,10,7.10833333333333,12,7.55,6.8875,6.86666666666667,6.6,7.15454545454545,4,8,3,1,11,2471,1067,1404,424,680,1791,6.9680501821125,7.49341330834114,6.56878917378917,6.75278301886793,6.83584117647059,7.01824678950307,120
"122",2017,11,6.43266666666667,15,6.9875,5.79857142857143,NA,6.8,6.249,8,7,0,5,10,2486,1075,1411,424,685,1801,6.96481979082864,7.48964837209302,6.56496810772501,6.75278301886793,6.8355795620438,7.01397556912826,121
"123",2017,12,6.846875,16,7.495,5.76666666666667,7,NA,6.846875,10,6,1,0,16,2502,1085,1417,425,685,1817,6.96406554756195,7.48969769585253,6.5615878616796,6.75336470588235,6.8355795620438,7.012504127683,122
"124",2018,1,7.13666666666667,15,8.06875,6.07142857142857,5.7,6.5,7.23461538461538,8,7,5,2,13,2517,1093,1424,430,687,1830,6.96509415971394,7.49393595608417,6.55917837078651,6.74111627906977,6.83460262008734,7.01408196721312,123
"125",2018,2,6.63,10,8,6.47777777777778,6.58333333333333,8,6.47777777777778,1,9,6,1,9,2527,1094,1433,436,688,1839,6.96376810447171,7.49439853747715,6.55866713189113,6.73894495412844,6.83629651162791,7.01145731375748,124
"126",2018,3,6.36785714285714,14,7.8,5.57222222222222,3.5,4.5,6.67916666666667,5,9,2,2,12,2541,1099,1442,438,690,1851,6.96048484848485,7.49578889899909,6.55251040221914,6.72415525114155,6.82952463768116,7.00930307941653,125
"127",2018,4,7.01,10,7.375,6.76666666666667,7.53333333333333,6.5,7.06666666666667,4,6,3,1,9,2551,1103,1448,441,691,1860,6.9606789494316,7.4953508612874,6.55339779005524,6.72965986394558,6.8290477568741,7.00958064516129,126
"128",2018,5,7.5,5,7.625,7,7,9,7.125,4,1,1,1,4,2556,1107,1449,442,692,1864,6.96173395931142,7.49581933152665,6.55370600414078,6.73027149321267,6.83218497109827,7.00982832618026,127
"129",2018,6,7.3,5,7.75,7,6,6,7.625,2,3,1,1,4,2561,1109,1452,443,693,1868,6.96239437719641,7.4962777276826,6.55462809917355,6.7286230248307,6.83098412698413,7.01114561027837,128
"130",2018,7,6,5,6,6,6,NA,6,1,4,1,0,5,2566,1110,1456,444,693,1873,6.96051909586906,7.49492972972973,6.55310439560439,6.72698198198198,6.83098412698413,7.00844634276562,129
"131",2018,8,7,7,9.5,6.58333333333333,7.16666666666667,7,7,1,6,3,1,6,2573,1111,1462,447,694,1879,6.9606265060241,7.49673447344734,6.55322845417236,6.72993288590604,6.83122766570605,7.00841937200639,130
"132",2018,9,6.86666666666667,6,7.06666666666667,6.66666666666667,7,6,7.04,3,3,1,1,5,2579,1114,1465,448,695,1884,6.96040791004265,7.4955763016158,6.55346075085324,6.73053571428572,6.83003165467626,7.00850318471338,131
"133",2018,10,7.5,9,7.41666666666667,7.66666666666667,NA,7.5,7.5,6,3,0,3,6,2588,1120,1468,448,698,1890,6.96228438948995,7.49515357142857,6.55573569482288,6.73053571428572,6.8329111747851,7.01006349206349,132
"134",2018,11,6.91666666666667,9,7.17857142857143,6,6,7.41666666666667,6.66666666666667,7,2,1,3,6,2597,1127,1470,449,701,1896,6.96212629957643,7.49318722271517,6.55497959183673,6.72890868596882,6.83540941512126,7.00897679324895,133
"135",2018,12,6.81818181818182,11,7.1,6.58333333333333,6,6,7,5,6,1,2,9,2608,1132,1476,450,703,1905,6.96151917177914,7.49145053003534,6.55509485094851,6.72728888888889,6.83303271692746,7.0089343832021,134
"136",2019,1,7.43,10,7.9,6.33333333333333,7,8,7.36666666666667,7,3,2,1,9,2618,1139,1479,452,704,1914,6.96330863254393,7.49396136962248,6.55464503042596,6.72849557522124,6.83469034090909,7.01061650992686,135
"137",2019,2,6.25,6,6.75,6,6,5.33333333333333,7.16666666666667,2,4,2,3,3,2624,1141,1483,454,707,1917,6.96167759146341,7.49265731814198,6.55314902225219,6.72528634361234,6.82831966053748,7.01086071987481,136
"138",2019,3,6.38888888888889,9,7.125,5.8,6.33333333333333,NA,6.38888888888889,4,5,3,0,9,2633,1145,1488,457,707,1926,6.95971971135587,7.49137292576419,6.55061827956989,6.72271334792123,6.82831966053748,7.00795430944964,137
"139",2019,4,7,8,7.4,6.33333333333333,7,NA,7,5,3,1,0,8,2641,1150,1491,458,707,1934,6.9598417266187,7.49097565217391,6.55018108651911,6.72331877729258,6.82831966053748,7.00792140641158,138
"140",2019,5,6.875,8,8.5,6.33333333333333,4,4,7.28571428571429,2,6,1,1,7,2649,1152,1497,459,708,1941,6.95958550396376,7.49272743055556,6.54931195724783,6.71738562091503,6.82432485875706,7.00892323544565,139
"141",2019,6,6.675,10,7.25,6.1,6,7.5,6.32142857142857,5,5,2,3,7,2659,1157,1502,461,711,1948,6.95851523128996,7.49167847882455,6.54781624500665,6.71427331887202,6.82717580872011,7.00645277207392,140
"142",2019,7,7.415,10,7.6625,7.25,7,7.875,7.3,4,6,2,2,8,2669,1161,1508,463,713,1956,6.96022555264144,7.49226701119724,6.55061007957559,6.71550755939525,6.83011500701262,7.00765337423313,141
"143",2019,8,6.52,5,7,5.8,5,5,6.9,3,2,1,1,4,2674,1164,1510,464,714,1960,6.9594023934181,7.49099828178694,6.54961589403973,6.71181034482759,6.82755182072829,7.00743367346939,142
"144",2019,9,6.75,4,6,7.5,7,6,7.5,2,2,1,2,2,2678,1166,1512,465,716,1962,6.95908961911875,7.48844082332761,6.55087301587301,6.71243010752688,6.82524022346369,7.00793577981651,143
"145",2019,10,7.342,5,8,6.355,6,6.71,7.5,3,2,1,1,4,2683,1169,1514,466,717,1966,6.95980320536713,7.48975363558597,6.5506142668428,6.71090128755365,6.82507949790795,7.00893692777213,144
"146",2019,11,6.80833333333333,12,7.66666666666667,5.95,7.1,7.1,6.75,6,6,2,2,10,2695,1175,1520,468,719,1976,6.95912875695733,7.4906570212766,6.54824342105263,6.7125641025641,6.82584422809458,7.00762651821862,145
"147",2019,12,6.57142857142857,7,6.5,7,NA,NA,6.57142857142857,6,1,0,0,7,2702,1181,1521,468,719,1983,6.95812435233161,7.48562404741744,6.54854043392505,6.7125641025641,6.82584422809458,7.00608673726677,146
"148",2020,1,7.47058823529412,17,7.9375,7.05555555555556,6.75,8,7.4375,8,9,2,1,16,2719,1189,1530,470,720,1999,6.96132842956969,7.48866442388562,6.55152287581699,6.71272340425532,6.827475,7.00953976988494,147
"149",2020,2,7.07142857142857,7,7.1,7,NA,NA,7.07142857142857,5,2,0,0,7,2726,1194,1532,470,720,2006,6.96161115187087,7.48703685092127,6.55210835509138,6.71272340425532,6.827475,7.0097557328016,148
"150",2020,3,6.542,10,6.884,6.2,6.25,6,6.6775,5,5,4,2,8,2736,1199,1537,474,722,2014,6.96007748538012,7.48452210175146,6.55096291476903,6.70881856540085,6.82518282548477,7.00843594836147,149
"151",2020,4,5.84554666666667,15,6.1972,5.61111111111111,5.375,5.33333333333333,5.9736,6,9,4,3,12,2751,1205,1546,478,725,2026,6.95400043620501,7.47811219917012,6.5454915912031,6.69765690376569,6.81900965517242,7.00230661401777,150
"152",2020,5,6.42571428571429,14,7.3,5.94,6.5,6.792,6.22222222222222,5,9,2,5,9,2765,1210,1555,480,730,2035,6.95132556962025,7.47737619834711,6.54198713826366,6.69683333333333,6.81882465753425,6.99885660933661,151
"153",2020,6,7.65,8,7.65,NA,NA,8,7.53333333333333,8,0,0,2,6,2773,1218,1555,480,732,2041,6.9533412188965,7.47851001642036,6.54198713826366,6.69683333333333,6.82205191256831,7.00042782949535,152
"154",2020,7,6.3,10,7.6,5,6,6,6.33333333333333,5,5,1,1,9,2783,1223,1560,481,733,2050,6.95099360402443,7.4790067048242,6.53704487179487,6.69538461538462,6.82093042291951,6.99749912195122,153
"155",2020,8,6.42857142857143,7,6.66666666666667,6.25,6.33333333333333,NA,6.42857142857143,3,4,3,0,7,2790,1226,1564,484,733,2057,6.94968286738351,7.4770189233279,6.53631074168798,6.69314049586777,6.82093042291951,6.99556305298979,154
"156",2020,9,6.57142857142857,7,8,5.5,NA,5,7.2,3,4,0,2,5,2797,1229,1568,484,735,2062,6.94873621737576,7.47829552481692,6.53366709183673,6.69314049586777,6.81597551020408,6.99605877788555,155
"157",2020,10,6.48888888888889,9,7.83333333333333,5.81666666666667,7,8,6.3,3,6,1,1,8,2806,1232,1574,485,736,2070,6.94726129722024,7.47916006493506,6.53093392630241,6.69377319587629,6.81758423913044,6.99336869565217,156
"158",2020,11,6.30785714285714,14,6.83333333333333,6.16454545454545,7.05,6.5,6.29307692307692,3,11,2,1,13,2820,1235,1585,487,737,2083,6.94408695035461,7.47759125506073,6.52839116719242,6.69523613963039,6.81715332428765,6.98899817570811,157
"159",2020,12,5.88461538461539,13,7,5.68181818181818,6.25,4.83333333333333,6.2,2,11,2,3,10,2833,1237,1596,489,740,2093,6.9392252735616,7.47681907841552,6.52255639097744,6.69341513292434,6.80911081081081,6.98522847587195,158
"160",2021,1,6.86875,16,7.33333333333333,6.27142857142857,6,7.8,6.65384615384615,9,7,2,3,13,2849,1246,1603,491,743,2106,6.93882948402948,7.47578266452648,6.52145976294447,6.69059063136456,6.81311170928668,6.98318290598291,159
"161",2021,2,7.15,10,8.2,6.1,5.75,8.5,6.8125,5,5,2,2,8,2859,1251,1608,493,745,2114,6.93956810073452,7.47867721822542,6.52014925373134,6.68677484787018,6.81764026845638,6.98253699148534,160
"162",2021,3,6.49583333333333,12,7.25,6.345,6,6.48333333333333,6.5,2,10,2,3,9,2871,1253,1618,495,748,2123,6.93771340996169,7.47831221069433,6.51906674907293,6.684,6.81629946524064,6.98049138012247,161
"163",2021,4,6.47222222222222,18,8.25,5.96428571428571,7,6,6.65384615384615,4,14,1,5,13,2889,1257,1632,496,753,2136,6.93481315334026,7.48076785998409,6.51430759803921,6.68463709677419,6.8108791500664,6.97850337078652,162
"164",2021,5,6.71538461538462,13,6.92857142857143,6.46666666666667,6.5,6.875,6.64444444444444,7,6,1,4,9,2902,1264,1638,497,757,2145,6.93383018607857,7.47770981012658,6.51413308913308,6.68426559356137,6.8112179656539,6.97710172494172,163
"165",2021,6,6.76470588235294,17,7.625,6,6,6.33333333333333,6.85714285714286,8,9,1,3,14,2919,1272,1647,498,760,2159,6.93284522096608,7.47863616352201,6.51132361870066,6.68289156626506,6.80933157894737,6.97632385363594,164
"166",2021,7,6.57,10,7.225,6.13333333333333,4.25,NA,6.57,4,6,2,0,10,2929,1276,1653,500,760,2169,6.93160641857289,7.47784106583072,6.50995160314579,6.67316,6.80933157894737,6.97445053019825,165
"167",2021,8,7.82,5,7.775,8,NA,8.1,7.75,4,1,0,1,4,2934,1280,1654,500,761,2173,6.93312038173142,7.4787696875,6.51085247883917,6.67316,6.81102759526938,6.97587814081915,166
"168",2021,9,6.43636363636364,11,8,6.08888888888889,NA,6.15,6.5,2,9,0,2,9,2945,1282,1663,500,763,2182,6.93126492359932,7.47958283931357,6.50856885147324,6.67316,6.80929488859764,6.97391530705775,167
"169",2021,10,6.07142857142857,7,NA,6.07142857142857,NA,5,6.25,0,7,0,1,6,2952,1282,1670,500,764,2188,6.92922601626016,7.47958283931357,6.5067365269461,6.67316,6.80692670157068,6.97193016453382,168
"170",2021,11,6.46363636363636,11,7.2,5.85,6,7.2,6.1875,5,6,1,3,8,2963,1287,1676,501,767,2196,6.9274975362808,7.47849665889666,6.50438544152744,6.67181636726547,6.80846414602347,6.96907249544627,169
"171",2021,12,6.0625,12,6.75,5.57142857142857,7,6.75,5.925,5,7,1,2,10,2975,1292,1683,502,769,2206,6.92400847058823,7.4756773993808,6.50050505050505,6.67247011952191,6.80831209362809,6.96433961922031,170
"172",2022,1,6.47735294117647,17,7.33333333333333,6.01045454545455,4,6.5,6.47038461538462,6,11,1,4,13,2992,1298,1694,503,773,2219,6.92147065508021,7.47501941448382,6.49732290436835,6.66715705765408,6.80671668822769,6.96144578639027,171
"173",2022,2,6.58333333333333,12,7.6,5.85714285714286,5,7,6.54545454545455,5,7,1,1,11,3004,1303,1701,504,774,2230,6.92011990679095,7.47549900230238,6.4946884185773,6.66384920634921,6.80696640826874,6.95939381165919,172
"174",2022,3,6.28,7,6.5,6.192,6,5.98,6.4,2,5,1,2,5,3011,1305,1706,505,776,2235,6.91863175024909,7.47400398467433,6.49380128956623,6.66253465346535,6.80483505154639,6.95814237136466,173
"175",2022,4,6.025,4,8,5.36666666666667,6,NA,6.025,1,3,1,0,4,3015,1306,1709,506,776,2239,6.91744616915423,7.4744067381317,6.49182270333528,6.66122529644269,6.80483505154639,6.95647530147387,174
"176",2022,5,6.64285714285714,7,8.75,5.8,6,5,7.3,2,5,1,2,5,3022,1308,1714,507,778,2244,6.91681012574454,7.47635718654434,6.48980455075845,6.65992110453649,6.80019537275065,6.95724073083779,175
"177",2022,6,6.3,10,7.625,5.41666666666667,5.5,5.5,6.38888888888889,4,6,2,1,9,3032,1312,1720,509,779,2253,6.91477579155673,7.47681036585366,6.48606104651162,6.65536345776032,6.79852631578948,6.95497035064359,176
"178",2022,7,6.66666666666667,9,7.125,6.3,6.75,7.5,6.5625,4,5,2,1,8,3041,1316,1725,511,780,2261,6.91404149950674,7.47574103343465,6.48552173913043,6.65573385518591,6.79942564102564,6.95358168951791,177
"179",2022,8,7.67692307692308,13,7.85714285714286,7.46666666666667,NA,7,7.8,7,6,0,2,11,3054,1323,1731,511,782,2272,6.91728886705959,7.47775903250189,6.48892258809936,6.65573385518591,6.79993861892583,6.95767966549296,178
"180",2022,9,6.73571428571429,7,7.38333333333333,6.25,7,7,6.69166666666667,3,4,1,1,6,3061,1326,1735,512,783,2278,6.91687363606664,7.47754539969834,6.48837175792507,6.65640625,6.80019412515964,6.9569790166813,179
"181",2022,10,7,6,7.875,5.25,5.5,NA,7,4,2,1,0,6,3067,1330,1737,513,783,2284,6.91703625692859,7.4787407518797,6.48694588370754,6.65415204678363,6.80019412515964,6.95709203152364,180
"182",2022,11,7.6,5,8.66666666666667,6,NA,10,7,3,2,0,1,4,3072,1333,1739,513,784,2288,6.9181478515625,7.48141425356339,6.48638585393904,6.65415204678363,6.80427551020408,6.95716704545455,181
"183",2022,12,6.66666666666667,9,6.75,6.6,5,6.5,6.71428571428571,4,5,1,2,7,3081,1337,1744,514,786,2295,6.91741324245375,7.47922602842184,6.4867115825688,6.65093385214008,6.80350127226463,6.95642623093682,182
