"","year","month","avg_rating","no_ratings","avg_rating_owned","avg_rating_not_owned","avg_rating_prev_owned","avg_rating_comment","avg_rating_no_comment","no_ratings_owned","no_ratings_not_owned","no_ratings_prev_owned","no_ratings_comment","no_ratings_no_comment","cum_no_ratings","cum_no_ratings_owned","cum_no_ratings_not_owned","cum_no_ratings_prev_owned","cum_no_ratings_comment","cum_no_ratings_no_comment","cum_avg_rating","cum_avg_rating_owned","cum_avg_rating_not_owned","cum_avg_rating_prev_owned","cum_avg_rating_comment","cum_avg_rating_no_comment","month_after_release"
"1",2007,10,7.37358490566038,53,8.15384615384615,6.62222222222222,6,6.90476190476191,7.68125,26,27,3,21,32,53,26,27,3,21,32,7.37358490566038,8.15384615384615,6.62222222222222,6,6.90476190476191,7.68125,0
"2",2007,11,7.11580612244898,98,7.93608333333333,6.63951612903226,7.16666666666667,7.12497222222222,7.11048387096774,36,62,3,36,62,151,62,89,6,57,94,7.20628476821192,8.02740322580645,6.63426966292135,6.58333333333333,7.04384210526316,7.30478723404255,1
"3",2007,12,7.54842105263158,95,7.89090909090909,7.25294117647059,7.5,7.43428571428571,7.615,44,51,6,35,60,246,106,140,12,92,154,7.33841056910569,7.97074528301887,6.85964285714286,7.04166666666667,7.19238043478261,7.42564935064935,2
"4",2008,1,7.38266129032258,124,7.80337837837838,6.76,7.42857142857143,7.05333333333333,7.57025316455696,74,50,7,45,79,370,180,190,19,137,233,7.35324054054054,7.90193888888889,6.83342105263158,7.18421052631579,7.14670802919708,7.47467811158798,3
"5",2008,2,7.31666666666667,78,7.81388888888889,6.89047619047619,6.66666666666667,7.3741935483871,7.27872340425532,36,42,6,31,47,448,216,232,25,168,280,7.34687276785714,7.88726388888889,6.84375,7.06,7.18868452380952,7.44178571428571,4
"6",2008,3,7.3955223880597,67,7.88888888888889,6.82258064516129,7.83333333333333,7.21666666666667,7.4953488372093,36,31,3,24,43,515,252,263,28,192,323,7.35320194174757,7.88749603174603,6.84125475285171,7.14285714285714,7.19218229166667,7.44891640866873,5
"7",2008,4,7.10779452054795,73,7.6315,6.81808510638298,6.88571428571429,6.84710714285714,7.27,26,47,7,28,45,588,278,310,35,220,368,7.32273469387755,7.86355395683453,6.83774193548387,7.09142857142857,7.14826363636364,7.42703804347826,6
"8",2008,5,7.3843137254902,51,8.01388888888889,7.04090909090909,7.33333333333333,6.9195652173913,7.76607142857143,18,33,3,23,28,639,296,343,38,243,396,7.32764945226917,7.87269594594595,6.85728862973761,7.11052631578947,7.12661728395062,7.4510101010101,7
"9",2008,6,7.33962264150943,53,7.98,6.76785714285714,7.5,7.31818181818182,7.35483870967742,25,28,2,22,31,692,321,371,40,265,427,7.32856647398844,7.88105295950156,6.85053908355795,7.13,7.14252075471698,7.4440281030445,8
"10",2008,7,7.20203703703704,54,7.98214285714286,6.36192307692308,6.8625,6.68619047619048,7.53030303030303,28,26,8,21,33,746,349,397,48,286,460,7.31940750670241,7.88916332378224,6.81853904282116,7.08541666666667,7.10901398601399,7.45021739130435,9
"11",2008,8,7.56060606060606,66,8.03030303030303,7.09090909090909,6.76666666666667,7.1375,7.696,33,33,12,16,50,812,382,430,60,302,510,7.33901231527094,7.90135602094241,6.83944186046512,7.02166666666667,7.11052317880795,7.4743137254902,10
"12",2008,9,7.30659090909091,44,7.74090909090909,6.87227272727273,7.2,7.1875,7.33305555555556,22,22,5,8,36,856,404,452,65,310,546,7.33734579439252,7.89261881188119,6.84103982300885,7.03538461538461,7.11250967741936,7.465,11
"13",2008,10,7.20833333333333,66,7.7448275862069,6.78783783783784,6.8,6.875,7.33333333333333,29,37,7,18,48,922,433,489,72,328,594,7.32811062906725,7.88272055427252,6.83701431492842,7.0125,7.0994756097561,7.45436026936027,12
"14",2008,11,7.29076923076923,65,7.63548387096774,6.97647058823529,7.04285714285714,6.94285714285714,7.45681818181818,31,34,7,21,44,987,464,523,79,349,638,7.32565146909828,7.8662025862069,6.84608030592734,7.01518987341772,7.09005157593123,7.45452978056426,13
"15",2008,12,7.39032258064516,62,7.71428571428571,6.97037037037037,7.0625,6.875,7.5695652173913,35,27,8,16,46,1049,499,550,87,365,684,7.32947378455672,7.85554709418838,6.85218181818182,7.01954022988506,7.08062465753425,7.46226608187135,14
"16",2009,1,7.19913793103448,58,7.57903225806452,6.76296296296296,6.33333333333333,6.93684210526316,7.32692307692308,31,27,3,19,39,1107,530,577,90,384,723,7.32264498644986,7.83937358490566,6.84800693240901,6.99666666666667,7.07351041666667,7.45496542185339,15
"17",2009,2,7.1662037037037,108,7.76410256410256,6.82826086956522,6.45,7.21428571428571,7.15459770114943,39,69,16,21,87,1215,569,646,106,405,810,7.30873909465021,7.8342144112478,6.84589783281734,6.91415094339623,7.08080987654321,7.4227037037037,16
"18",2009,3,7.15952380952381,84,7.6,6.91481481481481,7.07692307692308,7.21875,7.14558823529412,30,54,13,16,68,1299,599,700,119,421,878,7.29909006928406,7.82248414023372,6.85121428571428,6.93193277310924,7.08605225653207,7.40124145785877,17
"19",2009,4,7.11817204301075,93,7.67241379310345,6.86703125,7.34444444444444,6.73181818181818,7.23788732394366,29,64,9,22,71,1392,628,764,128,443,949,7.28700287356322,7.81555414012739,6.8525392670157,6.9609375,7.068460496614,7.38902002107482,18
"20",2009,5,7.10494382022472,89,7.78205128205128,6.5768,6.41666666666667,6.56842105263158,7.25057142857143,39,50,12,19,70,1481,667,814,140,462,1019,7.27606212018906,7.8135952023988,6.83560196560196,6.91428571428571,7.04789610389611,7.37950932286555,19
"21",2009,6,7.11746987951807,83,7.33648648648649,6.94130434782609,7.40769230769231,7.46666666666667,7.04044117647059,37,46,13,15,68,1564,704,860,153,477,1087,7.26764578005115,7.78851988636364,6.84125581395349,6.9562091503268,7.06106498951782,7.35829806807728,20
"22",2009,7,7.11091954022988,87,7.63888888888889,6.73823529411765,6.67307692307692,6.95,7.15588235294118,36,51,13,19,68,1651,740,911,166,496,1155,7.25938703815869,7.78124054054054,6.83548847420417,6.93403614457831,7.05681048387097,7.34638095238095,21
"23",2009,8,7.31049382716049,81,7.67424242424242,7.06041666666667,7.27692307692308,7.03461538461538,7.36323529411765,33,48,13,13,68,1732,773,959,179,509,1223,7.26177713625866,7.77667270375162,6.84674661105318,6.95893854748603,7.05624361493124,7.34731807031889,22
"24",2009,9,7.02157894736842,76,7.52633333333333,6.69239130434783,7.09583333333333,6.67125,7.115,30,46,12,16,60,1808,803,1005,191,525,1283,7.25168030973451,7.7673200498132,6.8396815920398,6.96753926701571,7.04451047619048,7.336453624318,23
"25",2009,10,7.33253012048193,83,7.565,7.11627906976744,7.5,7.36875,7.32388059701493,40,43,11,16,67,1891,843,1048,202,541,1350,7.25522897937599,7.75772004744959,6.85103053435114,6.99653465346535,7.05409981515712,7.33582962962963,24
"26",2009,11,7.36634615384615,104,7.781,6.98240740740741,7.02142857142857,7.67941176470588,7.3051724137931,50,54,14,17,87,1995,893,1102,216,558,1437,7.26102155388471,7.7590235162374,6.85746823956443,6.99814814814815,7.07315053763441,7.33397355601948,25
"27",2009,12,7.34943820224719,89,7.71081081081081,7.09230769230769,6.875,7.15833333333333,7.42,37,52,8,24,65,2084,930,1154,224,582,1502,7.26479750479846,7.75710537634409,6.86805025996534,6.99375,7.07666323024055,7.33769640479361,26
"28",2010,1,7.50570175438596,114,7.82542372881356,7.16272727272727,7.57857142857143,7.6962962962963,7.44655172413793,59,55,14,27,87,2198,989,1209,238,609,1589,7.27729208371247,7.7611809908999,6.88145574855252,7.0281512605042,7.10413464696223,7.3436563876652,27
"29",2010,2,7.18783783783784,74,7.59259259259259,6.95531914893617,6.85714285714286,7.425,7.15078125,27,47,14,10,64,2272,1016,1256,252,619,1653,7.27437852112676,7.75670078740158,6.88421974522293,7.01865079365079,7.1093182552504,7.3361887477314,28
"30",2010,3,7.17692307692308,65,7.68965517241379,6.76388888888889,6.91666666666667,7.13636363636364,7.18518518518519,29,36,6,11,54,2337,1045,1292,258,630,1707,7.27166795036371,7.75484019138756,6.88086687306501,7.01627906976744,7.10979047619048,7.33141183362624,29
"31",2010,4,7.38679245283019,53,7.6,7.23548387096774,7.1,7.4,7.38372093023256,22,31,8,10,43,2390,1067,1323,266,640,1750,7.27422092050209,7.75164761012184,6.8891761148904,7.0187969924812,7.114325,7.33269714285714,30
"32",2010,5,7.35446428571429,56,7.85238095238095,7.05571428571429,7.23571428571429,7.26875,7.38875,21,35,7,16,40,2446,1088,1358,273,656,1790,7.27605805396566,7.75359191176471,6.89346833578792,7.02435897435897,7.11809146341464,7.33394972067039,31
"33",2010,6,7.25694444444444,36,8,6.72619047619048,7.6,6.675,7.48076923076923,15,21,5,10,26,2482,1103,1379,278,666,1816,7.27578082191781,7.75694288304624,6.89092095721537,7.03471223021583,7.11143843843844,7.33605176211454,32
"34",2010,7,7.05833333333333,48,7.64736842105263,6.67241379310345,6.5,6.6875,7.1325,19,29,9,8,40,2530,1122,1408,287,674,1856,7.27165533596838,7.75508734402852,6.88642045454545,7.01794425087108,7.10640652818991,7.33166487068965,33
"35",2010,8,7.2406779661017,59,7.57586206896552,6.91666666666667,7.175,7.61111111111111,7.0780487804878,29,30,4,18,41,2589,1151,1438,291,692,1897,7.27094940131325,7.75057167680278,6.88705146036161,7.02010309278351,7.11953468208093,7.32618344754876,34
"36",2010,9,7.16428571428571,63,7.335,7.00909090909091,6.95,6.81153846153846,7.256,30,33,10,13,50,2652,1181,1471,301,705,1947,7.26841553544495,7.74001524132091,6.88978925900748,7.01777408637874,7.11385531914894,7.32438109912686,35
"37",2010,10,7.36071428571429,56,7.68,7.10322580645161,6.71428571428571,7.22857142857143,7.40476190476191,25,31,7,14,42,2708,1206,1502,308,719,1989,7.27032422451994,7.73877114427861,6.89419440745672,7.01087662337662,7.11608901251739,7.32607843137255,36
"38",2010,11,7.15229885057471,87,7.47575757575758,6.95462962962963,6.70384615384615,7.58,7.06319444444444,33,54,13,15,72,2795,1239,1556,321,734,2061,7.26665044722719,7.73176594027442,6.89629177377892,6.99844236760125,7.12556948228883,7.31689471130519,37
"39",2010,12,7.06180555555556,72,7.59545454545455,6.61025641025641,5.625,6.48809523809524,7.29803921568627,33,39,8,21,51,2867,1272,1595,329,755,2112,7.2615061039414,7.72822955974843,6.88929780564263,6.96504559270517,7.10783841059603,7.31643939393939,38
"40",2011,1,7.23243243243243,74,7.64,6.95454545454545,7.11538461538461,6.95833333333333,7.28548387096774,30,44,13,12,62,2941,1302,1639,342,767,2174,7.26077456647399,7.72619662058372,6.89104942037828,6.97076023391813,7.10549934810952,7.31555657773689,39
"41",2011,2,7.36178571428571,70,7.75367647058824,6.99166666666667,6.8,7.1953125,7.41111111111111,34,36,6,16,54,3011,1336,1675,348,783,2228,7.2631228827632,7.72689595808383,6.89321194029851,6.96781609195402,7.10733461047254,7.31787253141831,40
"42",2011,3,7.32786885245902,61,7.75384615384615,7.01142857142857,7.16,7.225,7.36444444444444,26,35,10,16,45,3072,1362,1710,358,799,2273,7.26440852864583,7.72741042584435,6.89563157894737,6.9731843575419,7.10969086357948,7.31879454465464,41
"43",2011,4,7.40196078431373,51,7.46363636363636,7.3551724137931,7.2,7.33076923076923,7.42631578947368,22,29,11,13,38,3123,1384,1739,369,812,2311,7.26665481908421,7.72321748554914,6.90329499712478,6.97994579945799,7.1132302955665,7.32056252704457,42
"44",2011,5,7.30416666666667,60,7.73392857142857,6.928125,7.45,8.08333333333333,7.21759259259259,28,32,4,6,54,3183,1412,1771,373,818,2365,7.26736192271442,7.72342988668555,6.90374364765669,6.98498659517426,7.12034596577017,7.31821141649049,43
"45",2011,6,7.31071428571429,42,8.3,6.49347826086957,7.03125,7.50714285714286,7.2125,19,23,8,14,28,3225,1431,1794,381,832,2393,7.26792651162791,7.73108525506639,6.89848383500557,6.98595800524934,7.12685456730769,7.31697450898454,44
"46",2011,7,7.29583333333333,48,7.76666666666667,7.01333333333333,6.7,6.64285714285714,7.40731707317073,18,30,10,7,41,3273,1449,1824,391,839,2434,7.26833577757409,7.73152726017944,6.90037280701754,6.97864450127877,7.12281644815256,7.31849630238291,45
"47",2011,8,7.07272727272727,55,7.73571428571429,6.38518518518519,6.92857142857143,7.07333333333333,7.0725,28,27,7,15,40,3328,1477,1851,398,854,2474,7.26510306490385,7.73160663507109,6.89285791464073,6.97776381909548,7.12194730679157,7.31451899757478,46
"48",2011,9,7.35813953488372,43,7.98823529411765,6.94615384615385,7.5,6.93,7.48787878787879,17,26,8,10,33,3371,1494,1877,406,864,2507,7.26628982497775,7.73452677376171,6.89359616409163,6.98805418719212,7.11972569444445,7.31680095731951,47
"49",2011,10,7.10925925925926,54,7.68695652173913,6.68064516129032,7.17777777777778,7.15454545454545,7.09767441860465,23,31,9,11,43,3425,1517,1908,415,875,2550,7.26381401459854,7.73380553724456,6.89013626834381,6.99216867469879,7.12016342857143,7.31310588235294,48
"50",2011,11,7.03,75,7.8448275862069,6.51630434782609,7.42307692307692,6.77333333333333,7.09416666666667,29,46,13,15,60,3500,1546,1954,428,890,2610,7.25880371428571,7.73588809831824,6.88133572159672,7.00525700934579,7.11431797752809,7.30807279693487,49
"51",2011,12,7.22877966101695,59,7.59991666666667,6.97428571428571,6.68181818181818,6.743625,7.4093023255814,24,35,11,16,43,3559,1570,1989,439,906,2653,7.2583059848272,7.73380955414013,6.88297134238311,6.99715261958998,7.10777152317881,7.30971353185074,50
"52",2012,1,7.1487012987013,77,7.66029411764706,6.74418604651163,7.15,7.33571428571429,7.10714285714286,34,43,12,14,63,3636,1604,2032,451,920,2716,7.25598487348735,7.73225124688279,6.8800344488189,7.00121951219512,7.11124021739131,7.3050147275405,51
"53",2012,2,7.26583333333333,60,7.55,7.04852941176471,7.16666666666667,7,7.319,26,34,9,10,50,3696,1630,2066,460,930,2766,7.25614475108225,7.72934417177914,6.882807357212,7.00445652173913,7.11004408602151,7.30526753434563,52
"54",2012,3,7.14519230769231,52,7.75,6.62678571428571,6.58333333333333,7,7.16777777777778,24,28,6,7,45,3748,1654,2094,466,937,2811,7.25460538954109,7.72964389359129,6.87938395415473,6.99903433476395,7.1092219850587,7.30306652436855,53
"55",2012,4,7.29,60,7.68333333333333,7.02777777777778,7.3125,7.05555555555556,7.33137254901961,24,36,8,9,51,3808,1678,2130,474,946,2862,7.25516307773109,7.72898152562574,6.88189201877934,7.00432489451477,7.10871141649049,7.30357092941999,54
"56",2012,5,6.98333333333333,45,7.51470588235294,6.66071428571429,6.9,5.875,7.22297297297297,17,28,10,8,37,3853,1695,2158,484,954,2899,7.251988320789,7.72683244837758,6.87902224281742,7.0021694214876,7.09836582809225,7.30254225595033,55
"57",2012,6,7.34473684210526,38,7.67083333333333,6.78571428571429,6.875,6.7125,7.51333333333333,24,14,4,8,30,3891,1719,2172,488,962,2929,7.25289411462349,7.72605061082024,6.87842081031307,7.00112704918033,7.09515696465697,7.30470126322977,56
"58",2012,7,6.90975609756098,41,7.55,6.40869565217391,6.86,6.51666666666667,7.07241379310345,18,23,10,12,29,3932,1737,2195,498,974,2958,7.24931612410987,7.72422625215889,6.87349886104783,6.99829317269076,7.08802977412731,7.30242393509128,57
"59",2012,8,6.9725,40,7.25882352941176,6.76086956521739,7.1,6.95,6.98,17,23,5,10,30,3972,1754,2218,503,984,2988,7.24652844914401,7.71971550741163,6.87233092876465,6.9993041749503,7.08662703252033,7.29918674698795,58
"60",2012,9,7.0125,40,6.85,7.06666666666667,7.33333333333333,6.88888888888889,7.04838709677419,10,30,9,9,31,4012,1764,2248,512,993,3019,7.24419516450648,7.71478514739229,6.8749243772242,7.00517578125,7.08483484390735,7.29661146074859,59
"61",2012,10,7.27586206896552,58,7.578125,6.90384615384615,6.64285714285714,7.41666666666667,7.23913043478261,32,26,7,12,46,4070,1796,2274,519,1005,3065,7.24464643734644,7.71235022271715,6.87525505716798,7.00028901734104,7.08879701492538,7.29574877650897,60
"62",2012,11,7.291,50,7.64,7.05833333333333,6.83333333333333,7.33333333333333,7.28829787234043,20,30,9,3,47,4120,1816,2304,528,1008,3112,7.24520898058252,7.71155341409692,6.87763888888889,6.99744318181818,7.0895248015873,7.29563624678663,61
"63",2012,12,7.13620689655172,58,7.65769230769231,6.7125,7.03846153846154,7.3,7.10612244897959,26,32,13,9,49,4178,1842,2336,541,1017,3161,7.24369578745811,7.71079315960912,6.87537671232877,6.99842883548983,7.09138741396264,7.29269851312876,62
"64",2013,1,7.07222222222222,54,7.61538461538461,6.56785714285714,6.66666666666667,6.61111111111111,7.16444444444444,26,28,6,9,45,4232,1868,2364,547,1026,3206,7.24150779773157,7.70946520342612,6.87173434856176,6.99478976234004,7.08717446393762,7.29089831565814,63
"65",2013,2,7.10245901639344,61,7.635,6.84268292682927,6.94444444444444,7.25454545454545,7.069,20,41,9,11,50,4293,1888,2405,556,1037,3256,7.23953202888423,7.70867637711864,6.87123908523908,6.99397482014388,7.08894985535198,7.28749078624079,64
"66",2013,3,7.13404255319149,47,7.775,6.65925925925926,6.4,5.875,7.25116279069767,20,27,5,4,43,4340,1908,2432,561,1041,3299,7.23838963133641,7.7093715932914,6.86888569078947,6.98868092691622,7.08428530259366,7.28701727796302,65
"67",2013,4,7.10217391304348,46,7.72105263157895,6.66666666666667,6.91111111111111,6.35714285714286,7.23589743589744,19,27,9,7,39,4386,1927,2459,570,1048,3338,7.2369610123119,7.70948676699533,6.86666531110207,6.98745614035088,7.07942843511451,7.28642001198323,66
"68",2013,5,7.06279069767442,43,7.52142857142857,6.84137931034483,7,6.84545454545455,7.1375,14,29,6,11,32,4429,1941,2488,576,1059,3370,7.23527003838338,7.7081303451829,6.86637057877813,6.98758680555556,7.07699811142588,7.2850059347181,67
"69",2013,6,7.40666666666667,30,7.94666666666667,6.86666666666667,5.83333333333333,7.42857142857143,7.4,15,15,6,7,23,4459,1956,2503,582,1066,3393,7.23642318905584,7.70995961145194,6.86637235317619,6.97568728522337,7.07930675422139,7.28578544061303,68
"70",2013,7,7.02682926829268,41,7.59411764705882,6.625,6.51428571428571,7.32222222222222,6.94375,17,24,7,9,32,4500,1973,2527,589,1075,3425,7.23451355555556,7.70896147997973,6.86407993668381,6.97020373514431,7.08134046511628,7.2825897810219,69
"71",2013,8,7.07745098039216,51,7.61739130434783,6.63392857142857,6.42857142857143,7,7.08777777777778,23,28,7,6,45,4551,1996,2555,596,1081,3470,7.23275346077785,7.70790631262525,6.86155772994129,6.9638422818792,7.08088899167438,7.28006340057637,70
"72",2013,9,6.65,32,7.05714285714286,6.33333333333333,6.875,6.7,6.6304347826087,14,18,4,9,23,4583,2010,2573,600,1090,3493,7.22868448614445,7.7033736318408,6.85786241741158,6.96325,7.07774403669725,7.27578585742915,71
"73",2013,10,7.05775862068965,58,7.4448275862069,6.67068965517241,6.75,6.90714285714286,7.10568181818182,29,29,12,14,44,4641,2039,2602,612,1104,3537,7.22654837319543,7.69969641981363,6.85577632590315,6.95906862745098,7.07558061594203,7.27366977664688,72
"74",2013,11,6.90648148148148,54,7.29545454545455,6.6390625,7.61666666666667,7.11111111111111,6.86555555555556,22,32,6,9,45,4695,2061,2634,618,1113,3582,7.22286709265176,7.69538136826783,6.85314350797267,6.96545307443366,7.0758679245283,7.26854271356784,73
"75",2013,12,7.21871794871795,39,8.14333333333333,6.42619047619048,6.25,6.625,7.28657142857143,18,21,4,4,35,4734,2079,2655,622,1117,3617,7.22283291085763,7.69925974025974,6.84976647834275,6.96085209003216,7.07425335720681,7.26871716892453,74
"76",2014,1,7.17390625,64,7.446875,6.9009375,6.64545454545455,7.425,7.11596153846154,32,32,11,12,52,4798,2111,2687,633,1129,3669,7.22218028345144,7.69543391757461,6.85037588388538,6.95537124802528,7.07798139946856,7.26655219405833,75
"77",2014,2,7.0765306122449,49,7.50227272727273,6.72962962962963,6.16363636363636,6,7.22674418604651,22,27,11,6,43,4847,2133,2714,644,1135,3712,7.22070786053229,7.69344163150492,6.84917464996315,6.94184782608696,7.07228281938326,7.26609105603449,76
"78",2014,3,7.21666666666667,39,7.51785714285714,7.048,7.10909090909091,7.16111111111111,7.23333333333333,14,25,11,9,30,4886,2147,2739,655,1144,3742,7.22067560376586,7.69229669306008,6.85098941219423,6.94465648854962,7.07298164335665,7.26582843399252,77
"79",2014,4,7.33148148148148,27,7.81333333333333,6.72916666666667,6.49,6.83333333333333,7.47380952380952,15,12,5,6,21,4913,2162,2751,660,1150,3763,7.22128455119072,7.69313644773358,6.85045801526718,6.94121212121212,7.07173130434783,7.26698910443795,78
"80",2014,5,6.578,25,7.93125,5.94117647058824,6.5,7.19166666666667,6.38421052631579,8,17,5,6,19,4938,2170,2768,665,1156,3782,7.21802774402592,7.69401428571429,6.8448735549133,6.93789473684211,7.07235380622838,7.2625542041248,79
"81",2014,6,7.02962962962963,27,6.89090909090909,7.125,6.55555555555556,7.33333333333333,6.99166666666667,11,16,9,3,24,4965,2181,2784,674,1159,3806,7.2170032225579,7.68996377808345,6.8464834770115,6.93278931750742,7.07302933563417,7.26084603258014,80
"82",2014,7,7.06756756756757,37,7.34375,6.85714285714286,6.92857142857143,6.4,7.171875,16,21,14,5,32,5002,2197,2805,688,1164,3838,7.21589784086365,7.68744242148384,6.8465632798574,6.93270348837209,7.07013831615121,7.26010422094841,81
"83",2014,8,7.11621621621622,37,7.59375,6.75238095238095,7.13333333333333,7.46,7.0625,16,21,9,5,32,5039,2213,2826,697,1169,3870,7.21516590593372,7.68676502485314,6.84586341118188,6.93529411764706,7.07180581693756,7.25847028423773,82
"84",2014,9,7.18815789473684,38,7.55882352941176,6.88809523809524,6.70833333333333,7,7.21666666666667,17,21,6,5,33,5077,2230,2847,703,1174,3903,7.21496375812488,7.68578968609865,6.84617492096944,6.93335704125178,7.0715,7.25811683320523,83
"85",2014,10,6.872,50,7.72105263157895,6.35161290322581,6.35,6.4875,6.9452380952381,19,31,12,8,42,5127,2249,2878,715,1182,3945,7.21161907548274,7.68608759448644,6.84084781097985,6.92356643356643,7.06754737732657,7.25478580481623,84
"86",2014,11,6.9188679245283,53,7.41666666666667,6.66285714285714,6.64285714285714,6.75,6.99189189189189,18,35,14,16,37,5180,2267,2913,729,1198,3982,7.20862374517374,7.68394838994266,6.83870923446619,6.9181755829904,7.06330634390651,7.25234304369664,85
"87",2014,12,7.28888888888889,36,7.86842105263158,6.64117647058824,7.2,7.07777777777778,7.35925925925926,19,17,5,9,27,5216,2286,2930,734,1207,4009,7.20917772239264,7.68548162729659,6.83756313993174,6.92009536784741,7.06341425020713,7.25306310800699,86
"88",2015,1,6.955,50,7.31521739130435,6.64814814814815,6.82727272727273,7.51,6.81625,23,27,11,10,40,5266,2309,2957,745,1217,4049,7.20676433725788,7.68179341706367,6.83583361515049,6.91872483221477,7.06708381265407,7.24874783897259,87
"89",2015,2,7.25227272727273,44,7.705,6.875,6.74285714285714,7.09166666666667,7.3125,20,24,7,12,32,5310,2329,2981,752,1229,4081,7.20714143126177,7.68199270072993,6.83614894330762,6.91708776595745,7.06732384052075,7.24924773339868,88
"90",2015,3,6.96951219512195,41,7.16071428571429,6.87037037037037,5.95,6.75,6.98076923076923,14,27,8,2,39,5351,2343,3008,760,1231,4120,7.20532068772192,7.6788779342723,6.83645611702128,6.90690789473684,7.06680828594639,7.24670631067962,89
"91",2015,4,6.79193548387097,31,7.42142857142857,6.27352941176471,5.86111111111111,5.4,6.99814814814815,14,17,9,4,27,5382,2357,3025,769,1235,4147,7.20293961352657,7.677348748409,6.83329256198347,6.89466840052016,7.06140971659919,7.24508801543285,90
"92",2015,5,7.19971428571429,35,7.815625,6.68105263157895,7.03857142857143,5.5,7.30272727272727,16,19,7,2,33,5417,2373,3044,776,1237,4180,7.20291877422928,7.6782810788032,6.83234231274639,6.89596649484536,7.0588852061439,7.24554306220096,91
"93",2015,6,7.0125,40,7.425,6.6,6.46428571428571,6.4,7.1,20,20,7,5,35,5457,2393,3064,783,1242,4215,7.20152299798424,7.67616422900125,6.83082571801567,6.89210727969349,7.05623268921095,7.24433451957296,92
"94",2015,7,6.82641509433962,53,7.31481481481481,6.31923076923077,6.16666666666667,7.13636363636364,6.7452380952381,27,26,6,11,42,5510,2420,3090,789,1253,4257,7.19791488203267,7.6721326446281,6.82652103559871,6.88659062103929,7.05693615323225,7.23941038289876,93
"95",2015,8,7.325,44,7.77,6.95416666666667,6.52857142857143,7.03333333333333,7.37105263157895,20,24,7,6,38,5554,2440,3114,796,1259,4295,7.19892167806986,7.67293483606557,6.82750481695569,6.88344221105528,7.05682366957903,7.24057508731083,94
"96",2015,9,7.34857142857143,35,7.6375,7.10526315789474,7.21428571428571,7,7.43571428571429,16,19,7,7,28,5589,2456,3133,803,1266,4323,7.19985882984434,7.67270399022801,6.82918927545484,6.88632627646326,7.05650947867299,7.24183900069397,95
"97",2015,10,6.85520833333333,48,7.57045454545455,6.25,6.71666666666667,6.55,6.93552631578947,22,26,12,10,38,5637,2478,3159,815,1276,4361,7.19692407308852,7.67179620661824,6.8244222855334,6.8838282208589,7.05253996865204,7.23916991515708,96
"98",2015,11,7.11964285714286,56,7.52857142857143,6.71071428571429,6.47857142857143,6.7,7.16078431372549,28,28,7,5,51,5693,2506,3187,822,1281,4412,7.19616388547339,7.67019592976856,6.82342328208347,6.88037712895377,7.05116393442623,7.23826382592929,97
"99",2015,12,6.89553571428571,56,7.47727272727273,6.51911764705882,6.390625,6.80555555555556,6.91276595744681,22,34,16,9,47,5749,2528,3221,838,1290,4459,7.19323551922073,7.66851700949367,6.8202111145607,6.8710262529833,7.0494503875969,7.23483292217986,98
"100",2016,1,7.01636363636364,55,7.59565217391304,6.6,6.68823529411765,7.625,6.91276595744681,23,32,17,8,47,5804,2551,3253,855,1298,4506,7.1915594417643,7.66786005488044,6.81804488164771,6.8673918128655,7.05299768875193,7.23147359076787,99
"101",2016,2,7.03107142857143,28,6.89545454545455,7.11882352941176,7.5675,6.4425,7.12916666666667,11,17,4,4,24,5832,2562,3270,859,1302,4530,7.19078892318244,7.664543715847,6.81960856269114,6.87065192083819,7.05112211981567,7.23093156732892,100
"102",2016,3,6.7375,40,7.13636363636364,6.25,6.83333333333333,6.5,6.77142857142857,22,18,6,5,35,5872,2584,3288,865,1307,4565,7.1877011239782,7.66004682662539,6.81649026763991,6.87039306358382,7.04901377199694,7.22740854326397,101
"103",2016,4,6.68421052631579,38,7.07692307692308,6.48,6.42307692307692,7.16666666666667,6.64285714285714,13,25,13,3,35,5910,2597,3313,878,1310,4600,7.18446379018613,7.65712783981517,6.8139511017205,6.86376993166287,7.04928320610687,7.22296086956522,102
"104",2016,5,7.284375,32,7.83125,6.7375,7.1,6.7,7.39259259259259,16,16,3,5,27,5942,2613,3329,881,1315,4627,7.18500185122854,7.65819402985075,6.81358365875639,6.86457434733258,7.04795513307985,7.22395072401124,103
"105",2016,6,7.16785714285714,28,7.23529411764706,7.06363636363636,7.175,6.8,7.24782608695652,17,11,4,5,23,5970,2630,3340,885,1320,4650,7.18492144053601,7.65546045627376,6.81440718562875,6.86597740112995,7.04701590909091,7.2240688172043,104
"106",2016,7,6.8,30,7.125,6.68181818181818,6.5,7.25,6.73076923076923,8,22,2,4,26,6000,2638,3362,887,1324,4676,7.18299683333333,7.65385178165277,6.81353955978585,6.86515219842165,7.04762915407855,7.22132591958939,105
"107",2016,8,6.9425641025641,39,7.24375,6.73304347826087,6.60666666666667,6.94,6.94294117647059,16,23,9,5,34,6039,2654,3385,896,1329,4710,7.18144411326379,7.65137942727958,6.81299261447563,6.86255580357143,7.04722422874342,7.21931634819533,106
"108",2016,9,6.8875,40,7.025,6.75,6.33333333333333,7.66666666666667,6.82432432432432,20,20,3,3,37,6079,2674,3405,899,1332,4747,7.17950995229479,7.64669446522064,6.81262261380324,6.86078976640712,7.04861936936937,7.21623762376238,107
"109",2016,10,6.90322580645161,31,7.46428571428571,6.44117647058824,6.3,6.875,6.91304347826087,14,17,5,8,23,6110,2688,3422,904,1340,4770,7.17810818330606,7.64574441964286,6.81077732320281,6.85768805309735,7.0475828358209,7.21477568134172,108
"110",2016,11,6.66585365853659,41,7.27777777777778,6.18695652173913,5.625,7.14285714285714,6.56764705882353,18,23,8,7,34,6151,2706,3445,912,1347,4804,7.17469370834011,7.64329674796748,6.80661248185777,6.846875,7.04807795100223,7.21019567027477,109
"111",2016,12,6.73235294117647,34,7.53333333333333,6.29545454545455,6.375,6.08333333333333,6.87142857142857,12,22,8,6,28,6185,2718,3467,920,1353,4832,7.17226208569119,7.64281125827815,6.80336890683589,6.84277173913044,7.04379970436068,7.20823261589404,110
"112",2017,1,7.05660377358491,53,7.19230769230769,6.92592592592593,7.05555555555556,7.55555555555556,6.95454545454545,26,27,9,9,44,6238,2744,3494,929,1362,4876,7.17127941647964,7.63854263848397,6.80431597023469,6.84483315392896,7.04718135095448,7.20594339622642,111
"113",2017,2,7.15263157894737,38,7.75263157894737,6.55263157894737,6.42857142857143,6.1,7.31212121212121,19,19,7,5,33,6276,2763,3513,936,1367,4909,7.17116650732951,7.6393271806008,6.80295473953886,6.84172008547009,7.04371689831749,7.20665716031779,112
"114",2017,3,7.3551724137931,29,7.55,7.21764705882353,6.6,6.65,7.40740740740741,12,17,3,2,27,6305,2775,3530,939,1369,4936,7.17201284694687,7.6389409009009,6.80495184135978,6.84094781682641,7.04314170927685,7.20775526742302,113
"115",2017,4,7.15,25,7.49333333333333,6.635,7.5,6.96666666666667,7.20789473684211,15,10,1,6,19,6330,2790,3540,940,1375,4955,7.17192590837283,7.63815806451613,6.80447175141243,6.84164893617022,7.042808,7.20775580221998,114
"116",2017,5,7.07393939393939,33,7.496875,6.67588235294118,5.75,7.55,7.04322580645161,16,17,6,2,31,6363,2806,3557,946,1377,4986,7.17141772748704,7.63735245901639,6.8038571830194,6.83472515856237,7.04354466230937,7.20673285198556,115
"117",2017,6,7.09259259259259,27,7.70833333333333,6.6,6.125,7.33333333333333,6.97222222222222,12,15,4,9,18,6390,2818,3572,950,1386,5004,7.17108466353678,7.63765471965933,6.80300111982083,6.83173684210527,7.04542640692641,7.20588928856915,116
"118",2017,7,7.22666666666667,30,7.46153846153846,7.04705882352941,6.375,7.54166666666667,7.14791666666667,13,17,6,6,24,6420,2831,3589,956,1392,5028,7.17134439252337,7.63684599081597,6.80415714683756,6.82887029288703,7.04756537356322,7.20561256961018,117
"119",2017,8,6.80232558139535,43,7.40909090909091,6.59375,7,7.8,6.67105263157895,11,32,7,5,38,6463,2842,3621,963,1397,5066,7.16888921553458,7.63596446164673,6.80229770781552,6.83011422637591,7.05025841088046,7.20160284247928,118
"120",2017,9,6.80967741935484,31,7.20833333333333,6.55789473684211,7.3,8,6.77,12,19,1,1,30,6494,2854,3640,964,1398,5096,7.16717446874038,7.63416643307638,6.80102197802198,6.83060165975104,7.05093776824035,7.19906200941915,119
"121",2017,10,6.89,36,6.9375,6.852,6.93428571428571,6.375,7.03714285714286,16,20,7,8,28,6530,2870,3660,971,1406,5124,7.16564640122512,7.63028257839721,6.80130054644809,6.8313491246138,7.04709174964438,7.19817720530835,120
"122",2017,11,7.06923076923077,39,7.34,6.78421052631579,7.5,7.56,6.99705882352941,20,19,5,5,34,6569,2890,3679,976,1411,5158,7.1650739838636,7.62827370242215,6.80121228594727,6.83477459016394,7.04890928419561,7.19685149282668,121
"123",2017,12,6.9690243902439,41,7.48235294117647,6.60541666666667,6.72,6.96,6.97027777777778,17,24,5,5,36,6610,2907,3703,981,1416,5194,7.16385794251135,7.62742036463708,6.79994328922496,6.83418960244649,7.04859533898305,7.1952810935695,122
"124",2018,1,6.55277777777778,36,7.24333333333333,6.05952380952381,6,6.58333333333333,6.54259259259259,15,21,8,9,27,6646,2922,3724,989,1425,5221,7.16054784832983,7.62544866529774,6.79576799140709,6.82744186046512,7.04565684210527,7.19190576517909,123
"125",2018,2,7.04285714285714,35,8,6.47727272727273,5.77777777777778,7.28571428571429,6.98214285714286,13,22,9,7,28,6681,2935,3746,998,1432,5249,7.15993129770993,7.62710766609881,6.7938974906567,6.81797595190381,7.04683030726257,7.19078681653648,124
"126",2018,3,6.65,20,6.57142857142857,6.69230769230769,7.25,6.66666666666667,6.64705882352941,7,13,6,3,17,6701,2942,3759,1004,1435,5266,7.15840934188927,7.62459585316112,6.79354615589253,6.82055776892431,7.04603554006969,7.18903152297759,125
"127",2018,4,6.78333333333333,24,7.58181818181818,6.10769230769231,5.75,NA,6.78333333333333,11,13,4,0,24,6725,2953,3772,1008,1435,5290,7.15707078066915,7.6244365052489,6.79118239660658,6.81630952380953,7.04603554006969,7.18719092627599,126
"128",2018,5,7.14107142857143,28,7.60882352941176,6.41818181818182,6,7.71666666666667,7.072,17,11,2,3,25,6753,2970,3783,1010,1438,5315,7.15700444247002,7.62434713804714,6.7900978059741,6.81469306930693,7.04743463143255,7.18664910630292,127
"129",2018,6,7.2952380952381,21,7.43846153846154,7.0625,7,5.75,7.65882352941177,13,8,3,4,17,6774,2983,3791,1013,1442,5332,7.1574329790375,7.62353704324506,6.79067264573991,6.81524185587365,7.04383564493759,7.18815453863466,128
"130",2018,7,6.78153846153846,26,7.19333333333333,6.42857142857143,5.66666666666667,6.5,6.83272727272727,12,14,3,4,22,6800,2995,3805,1016,1446,5354,7.15599573529412,7.62181335559266,6.78934034165572,6.81185039370079,7.04233125864454,7.1866940605155,129
"131",2018,8,6.98642857142857,28,7.0875,6.85166666666667,7.2,7.255,6.94166666666667,16,12,4,4,24,6828,3011,3817,1020,1450,5378,7.15530038078501,7.61897409498506,6.78953628504061,6.81337254901961,7.04291793103449,7.18560059501674,130
"132",2018,9,7.16481818181818,22,7.966,6.36363636363636,7,7,7.1813,11,11,1,2,20,6850,3022,3828,1021,1452,5398,7.15533094890511,7.62023726009266,6.78831243469175,6.81355533790402,7.042858815427,7.18558466098555,131
"133",2018,10,7.20740740740741,27,7.55,7.00588235294118,7.325,6.8,7.32380952380952,10,17,4,6,21,6877,3032,3845,1025,1458,5419,7.15553540788135,7.62000560686016,6.7892743823147,6.8155512195122,7.04185939643347,7.18612031740174,132
"134",2018,11,6.80794117647059,34,7.08888888888889,6.491875,5.31428571428571,5.9,7.08730769230769,18,16,7,8,26,6911,3050,3861,1032,1466,5445,7.15382535088989,7.61687114754099,6.78804195804196,6.80536821705427,7.03562824010914,7.18564848484849,133
"135",2018,12,7.74,25,7.71428571428571,7.77272727272727,6.75,8.08333333333333,7.63157894736842,14,11,2,6,19,6936,3064,3872,1034,1472,5464,7.15593814878893,7.61731625326371,6.79083935950413,6.80526112185687,7.03989877717392,7.1871991215227,134
"136",2019,1,6.72179487179487,39,7,6.4575,6.7875,7.6,6.64861111111111,19,20,8,3,36,6975,3083,3892,1042,1475,5500,7.15351068100359,7.61351183911774,6.78912641315519,6.80512476007678,7.0410379661017,7.18367381818182,135
"137",2019,2,7.35185185185185,27,7.83333333333333,6.96666666666667,6.83333333333333,7.5,7.33333333333333,12,15,9,3,24,7002,3095,3907,1051,1478,5524,7.15427549271637,7.61436413570275,6.78980803685693,6.80536631779258,7.04196955345061,7.18432404055033,136
"138",2019,3,7.05833333333333,30,7.68181818181818,6.69736842105263,6.4,8.25,6.97321428571429,11,19,5,2,28,7032,3106,3926,1056,1480,5552,7.15386618316269,7.61460302640052,6.78936067244015,6.80344696969697,7.04360202702703,7.18325936599424,137
"139",2019,4,7.03181818181818,22,7.5,6.64166666666667,6.66666666666667,6.625,7.12222222222222,10,12,3,4,18,7054,3116,3938,1059,1484,5570,7.15348554011908,7.61423523748396,6.78891061452514,6.80305949008499,7.04247371967655,7.18306211849192,138
"140",2019,5,7.45235294117647,34,7.76210526315789,7.06,6.83333333333333,8,7.35793103448276,19,15,3,5,29,7088,3135,3953,1062,1489,5599,7.15491915914221,7.61513141945774,6.78993928661776,6.8031450094162,7.04568905305574,7.18396785140204,139
"141",2019,6,7.25,20,7.61818181818182,6.8,6.53333333333333,7.5,7.22222222222222,11,9,3,2,18,7108,3146,3962,1065,1491,5617,7.15518669105234,7.61514208518754,6.78996214033317,6.80238497652582,7.04629845741113,7.18409043973651,140
"142",2019,7,7.41176470588235,17,8,6.57142857142857,5,6,7.6,10,7,1,2,15,7125,3156,3969,1066,1493,5632,7.15579887719298,7.61636153358682,6.78957671957672,6.80069418386492,7.04489685197589,7.18519815340909,141
"143",2019,8,7.0428125,32,7.74,6.56578947368421,6.57142857142857,7.265,6.96875,13,19,7,8,24,7157,3169,3988,1073,1501,5656,7.15529369847702,7.61686872830546,6.78851053159479,6.79919850885369,7.04606995336443,7.1842797029703,142
"144",2019,9,6.90416666666667,36,7.66428571428571,6.42045454545455,5.84090909090909,5.66666666666667,7.15166666666667,14,22,11,6,30,7193,3183,4010,1084,1507,5686,7.15403684137356,7.61707728557964,6.78649127182045,6.7894741697417,7.04057796947578,7.18410763278227,143
"145",2019,10,7.24,25,7.4,7.03636363636364,6.66666666666667,6.66666666666667,7.31818181818182,14,11,6,3,22,7218,3197,4021,1090,1510,5708,7.15433458021613,7.61612668126368,6.78717483213132,6.78879816513762,7.03983509933775,7.18462438682551,144
"146",2019,11,6.88833333333333,30,7.49666666666667,6.28,6.45714285714286,6.69,6.928,15,15,7,5,25,7248,3212,4036,1097,1515,5733,7.15323358167771,7.61556880448319,6.78528989098117,6.78668185961714,7.03868052805281,7.18350532007675,145
"147",2019,12,7.03225806451613,31,7.6,6.42666666666667,5,7,7.03571428571429,16,15,2,3,28,7279,3228,4051,1099,1518,5761,7.15271836790768,7.61549163568773,6.78396198469514,6.78343039126479,7.03860408432148,7.18278701614303,146
"148",2020,1,6.712,50,7.084,6.34,6.27,6.4,6.74666666666667,25,25,10,5,45,7329,3253,4076,1109,1523,5806,7.1497116932733,7.61140700891485,6.78123895976448,6.77880072137061,7.03650755088641,7.17940682053049,147
"149",2020,2,6.8691665625,32,7.12175421052632,6.5,5.6,5.5,6.96044433333333,19,13,5,2,30,7361,3272,4089,1114,1525,5836,7.1484920975411,7.6085636705379,6.78034482758621,6.77350987432675,7.0344924590164,7.17828124228924,148
"150",2020,3,6.71153846153846,26,7.57142857142857,5.70833333333333,5,7.1,6.61904761904762,14,12,2,5,21,7387,3286,4101,1116,1530,5857,7.14695415324218,7.60840545648205,6.77720799804926,6.77033154121864,7.03470653594772,7.17627613624722,149
"151",2020,4,6.94466666666667,30,7.29058823529412,6.49230769230769,6.08,7.75,6.74333333333333,17,13,5,6,24,7417,3303,4114,1121,1536,5881,7.1461359484967,7.60676970330003,6.77630772970346,6.76725245316682,7.03750065104167,7.17450932324434,150
"152",2020,5,6.78629032258065,31,7.225,6.375,5.83333333333333,7,6.77155172413793,15,16,6,2,29,7448,3318,4130,1127,1538,5910,7.14463820220193,7.60504380048222,6.77475302663439,6.76228039041704,7.03745188556567,7.17253203553299,151
"153",2020,6,7.02272727272727,22,7.52,6.60833333333333,6.6,7.15,6.99444444444444,10,12,3,4,18,7470,3328,4142,1130,1542,5928,7.14427916064257,7.60478826021635,6.7742708836311,6.76184955752213,7.03774383916991,7.17199128373819,152
"154",2020,7,7.07142857142857,14,7.57142857142857,6.57142857142857,NA,6.66666666666667,7.18181818181818,7,7,0,3,11,7484,3335,4149,1130,1545,5939,7.14414288214858,7.60471823988006,6.77392865750784,6.76184955752213,7.03702330097088,7.17200948476174,153
"155",2020,8,6.98823529411765,17,7.475,6.55555555555556,6,6.75,7.11818181818182,8,9,2,6,11,7501,3343,4158,1132,1551,5950,7.14378953872817,7.60440781633264,6.77345598845599,6.76050353356891,7.03591295938105,7.17190997142857,154
"156",2020,9,7.00357142857143,28,8,6.35882352941176,6.65,7.8,6.73809523809524,11,17,4,7,21,7529,3354,4175,1136,1558,5971,7.14326807411343,7.60570522659511,6.77176766467066,6.76011443661972,7.0393459563543,7.17038424552001,155
"157",2020,10,6.86666666666667,33,7.8,6.17894736842105,6.92857142857143,7.14285714285714,6.79230769230769,14,19,7,7,26,7562,3368,4194,1143,1565,5997,7.14206100634753,7.6065128652019,6.7690820219361,6.76114610673666,7.0398089456869,7.16874509421377,156
"158",2020,11,6.8125,32,7.27777777777778,6.21428571428571,6.05,6,6.89655172413793,18,14,6,3,29,7594,3386,4208,1149,1568,6026,7.14067228469845,7.60476530714708,6.76723621673004,6.75743255004352,7.03781951530613,7.16743516926651,157
"159",2020,12,6.76875,32,7.00625,6.53125,5.5,7.7,6.67241379310345,16,16,2,3,29,7626,3402,4224,1151,1571,6055,7.13911163519538,7.60195042034097,6.76634232954546,6.75524761077324,7.03908402291534,7.16506429892651,158
"160",2021,1,6.99342105263158,38,7.5625,6.36111111111111,5.125,7.07142857142857,6.9758064516129,20,18,4,7,31,7664,3422,4242,1155,1578,6086,7.13838926539666,7.60171985096435,6.7646228194248,6.74960173160173,7.03922750316857,7.16410028425895,159
"161",2021,2,7.42658714285714,28,8.21031714285714,6.64285714285714,6.375,6.91666666666667,7.56565636363636,14,14,4,6,22,7692,3436,4256,1159,1584,6108,7.13943834763391,7.60419958381839,6.7642222744361,6.74830888697153,7.03876325757576,7.16554662246234,160
"162",2021,3,7.36611111111111,27,7.90294117647059,6.4535,6.2,3.335,7.52115384615385,17,10,1,1,26,7719,3453,4266,1160,1585,6134,7.14023121777432,7.60567036490009,6.76349390529771,6.74783620689655,7.03642649842272,7.16705392403,161
"163",2021,4,7.26190476190476,21,7.92307692307692,6.1875,6.5,7.5,7.23684210526316,13,8,2,2,19,7740,3466,4274,1162,1587,6153,7.14056133979328,7.60686086843624,6.76241576977071,6.74740963855422,7.03701071203529,7.16726942467089,162
"164",2021,5,6.5125,24,6.9875,5.5625,5.7,7.23333333333333,6.40952380952381,16,8,5,3,21,7764,3482,4282,1167,1590,6174,7.13861988279238,7.60401486789201,6.76017398411958,6.74292202227935,7.03738113207547,7.16469205863298,163
"165",2021,6,7.15764705882353,17,7.85714285714286,6.668,6.396,5.75,7.59076923076923,7,10,5,4,13,7781,3489,4292,1172,1594,6187,7.13866145354068,7.60452271997707,6.75995922646785,6.74144197952219,7.03415056461732,7.16558732342007,164
"166",2021,7,7.36421052631579,19,7.40181818181818,7.3125,7,5.5,7.46777777777778,11,8,1,1,18,7800,3500,4300,1173,1595,6205,7.13921086794872,7.60388564857143,6.76098720930233,6.74166240409207,7.03318871473355,7.16646394359388,165
"167",2021,8,7.11428571428571,21,7.24285714285714,6.85714285714286,7,6.75,7.2,14,7,1,4,17,7821,3514,4307,1174,1599,6222,7.13914394195116,7.60244728799089,6.76114348734619,6.74188245315162,7.03248030018762,7.16655557216329,166
"168",2021,9,6.69333333333333,30,7.6,6.08888888888889,7.15,6.15,6.77692307692308,12,18,4,4,26,7851,3526,4325,1178,1603,6248,7.13744042414979,7.60243895916052,6.75834566473989,6.74326825127335,7.0302782283219,7.16493418213828,167
"169",2021,10,7.09523809523809,21,7.5,6.55555555555556,6,7.06,7.10625,12,9,3,5,16,7872,3538,4334,1181,1608,6264,7.13732784171748,7.60209151215376,6.75792455006922,6.74138018628281,7.03037064676617,7.16478428639847,168
"170",2021,11,7.0875,24,7.31818181818182,6.89230769230769,6.75,6.9,7.13684210526316,11,13,4,5,19,7896,3549,4347,1185,1613,6283,7.13717638931104,7.60121154409693,6.75832643202209,6.74140928270042,7.02996652200868,7.16469978831768,169
"171",2021,12,6.92523809523809,21,7.17909090909091,6.646,5.95333333333333,7.6,6.8915,11,10,3,1,20,7917,3560,4357,1188,1614,6303,7.13661421876974,7.59990723876404,6.75806862520083,6.73941919191919,7.03031970260223,7.16383290020625,170
"172",2022,1,6.92083333333333,36,7.33863636363636,6.26428571428571,6.74,6.625,6.9578125,22,14,5,4,32,7953,3582,4371,1193,1618,6335,7.1356374663649,7.59830256002233,6.75648707389614,6.73942162615256,7.02931767614339,7.16279222888713,171
"173",2022,2,6.66333333333333,30,7.22307692307692,6.23529411764706,5.2,7.16666666666667,6.60740740740741,13,17,5,3,27,7983,3595,4388,1198,1621,6362,7.13386255417763,7.59694569401947,6.75446786690976,6.73299666110184,7.02957186921654,7.16043520433826,172
"174",2022,3,7.2660319047619,21,7.77589769230769,6.4375,NA,7.475,7.21686294117647,13,8,0,4,17,8004,3608,4396,1198,1625,6379,7.13420932533733,7.5975904767184,6.75389103730665,6.73299666110184,7.03066830769231,7.16058558394733,173
"175",2022,4,6.80666666666667,15,7.075,6.5,NA,7,6.77692307692308,8,7,0,2,13,8019,3616,4403,1198,1627,6392,7.13359663798479,7.59643430309734,6.75348739495799,6.73299666110184,7.03063060848187,7.15980529411765,174
"176",2022,5,7.27777777777778,18,7.68181818181818,6.64285714285714,6,NA,7.27777777777778,11,7,1,0,18,8037,3627,4410,1199,1627,6410,7.13391955207167,7.59669325613455,6.75331179138322,6.73238532110092,7.03063060848187,7.16013657410296,175
"177",2022,6,6.90190476190476,21,7.49333333333333,6.45833333333333,6.1,7.5,6.83894736842105,9,12,5,2,19,8058,3636,4422,1204,1629,6429,7.13331489699678,7.59643741474147,6.75251130710086,6.72975913621263,7.03120687538367,7.15918734484368,176
"178",2022,7,6.9,16,7.85714285714286,6.15555555555556,6.25,5,7.17142857142857,7,9,2,2,14,8074,3643,4431,1206,1631,6443,7.1328525439683,7.59693835849574,6.75129880388175,6.72896351575456,7.02871612507664,7.15921394381499,177
"179",2022,8,7.21666666666667,21,7.09090909090909,7.355,6.8875,7,7.26764705882353,11,10,4,4,17,8095,3654,4441,1210,1635,6460,7.13306997405806,7.59541500821018,6.75265818509345,6.72948760330579,7.02864587155964,7.15949929411765,178
"180",2022,9,7.4359375,16,7.58125,7,NA,9.5,7.29833333333333,12,4,0,1,15,8111,3666,4445,1210,1636,6475,7.13366741955369,7.59536864157119,6.75288076490439,6.72948760330579,7.03015647921761,7.15982091737452,179
"181",2022,10,7.064,25,7.25,6.94,6,7.5,7.02608695652174,10,15,1,2,23,8136,3676,4460,1211,1638,6498,7.1334533480826,7.59442911860718,6.7535100896861,6.72888521882742,7.03073015873016,7.159347559249,180
"182",2022,11,7.26833333333333,24,7.93857142857143,6.33,6,NA,7.26833333333333,14,10,3,0,24,8160,3690,4470,1214,1638,6522,7.13385005392157,7.59573480758807,6.75256263982103,6.72708401976936,7.03073015873016,7.15974861085557,181
"183",2022,12,7.07222222222222,27,7.10357142857143,7.03846153846154,7.5,8,7.03653846153846,14,13,2,1,26,8187,3704,4483,1216,1639,6548,7.13364681079761,7.59387457883369,6.75339170198528,6.7283552631579,7.03132153752288,7.15925938301771,182
