"","year","month","avg_rating","no_ratings","avg_rating_owned","avg_rating_not_owned","avg_rating_prev_owned","avg_rating_comment","avg_rating_no_comment","no_ratings_owned","no_ratings_not_owned","no_ratings_prev_owned","no_ratings_comment","no_ratings_no_comment","cum_no_ratings","cum_no_ratings_owned","cum_no_ratings_not_owned","cum_no_ratings_prev_owned","cum_no_ratings_comment","cum_no_ratings_no_comment","cum_avg_rating","cum_avg_rating_owned","cum_avg_rating_not_owned","cum_avg_rating_prev_owned","cum_avg_rating_comment","cum_avg_rating_no_comment","month_after_release"
"1",2007,10,7.078125,32,7.45833333333333,6.85,8,7.09090909090909,7.07142857142857,12,20,1,11,21,32,12,20,1,11,21,7.078125,7.45833333333333,6.85,8,7.09090909090909,7.07142857142857,0
"2",2007,11,7.00153846153846,65,7.59130434782609,6.67857142857143,7,6.58620689655172,7.33611111111111,23,42,2,29,36,97,35,62,3,40,57,7.02680412371134,7.54571428571429,6.73387096774194,7.33333333333333,6.725,7.23859649122807,1
"3",2007,12,7.25365853658537,41,7.53888888888889,7.0304347826087,8,7.1,7.30322580645161,18,23,2,10,31,138,53,85,5,50,88,7.09420289855072,7.54339622641509,6.81411764705882,7.6,6.8,7.26136363636364,2
"4",2008,1,7.16896551724138,87,7.59411764705882,6.89622641509434,7.4,7.13378378378378,7.195,34,53,5,37,50,225,87,138,10,87,138,7.12311111111111,7.5632183908046,6.84565217391304,7.5,6.94195402298851,7.23731884057971,3
"5",2008,2,7.36805555555556,54,7.72916666666667,7.07916666666667,7.33333333333333,7.07638888888889,7.51388888888889,24,30,3,18,36,279,111,168,13,105,174,7.17051971326165,7.5990990990991,6.88735119047619,7.46153846153846,6.965,7.29454022988506,4
"6",2008,3,7.26282051282051,39,7.55714285714286,7.098,7.7375,7.43235294117647,7.13181818181818,14,25,4,17,22,318,125,193,17,122,196,7.18183962264151,7.5944,6.91463730569948,7.52647058823529,7.03012295081967,7.27627551020408,5
"7",2008,4,7.20588235294118,34,7.92142857142857,6.705,NA,6.99333333333333,7.37368421052632,14,20,0,15,19,352,139,213,17,137,215,7.18416193181818,7.6273381294964,6.89495305164319,7.52647058823529,7.02609489051095,7.28488372093023,6
"8",2008,5,7.12828571428571,35,8.16666666666667,6.58652173913043,7.66666666666667,7.074375,7.17368421052632,12,23,3,16,19,387,151,236,20,153,234,7.17910852713178,7.67019867549669,6.86489406779661,7.5475,7.03114379084967,7.2758547008547,7
"9",2008,6,7.40322580645161,31,7.78571428571429,7.08823529411765,7.5,7.45454545454545,7.375,14,17,2,11,20,418,165,253,22,164,254,7.19572966507177,7.68,6.87990118577075,7.54318181818182,7.05954268292683,7.28366141732283,8
"10",2008,7,6.79047619047619,21,7.975,6.06153846153846,6.5,7.42222222222222,6.31666666666667,8,13,5,9,12,439,173,266,27,173,266,7.17634396355353,7.69364161849711,6.83990601503759,7.35,7.07841040462428,7.24003759398496,9
"11",2008,8,7.31891891891892,37,7.71315789473684,6.90277777777778,7.5,7.375,7.30344827586207,19,18,3,8,29,476,192,284,30,181,295,7.18742647058823,7.69557291666667,6.84389084507042,7.365,7.09151933701657,7.24627118644068,10
"12",2008,9,7.08321428571429,28,7.35,6.935,7.16625,6.44416666666667,7.5625,10,18,8,12,16,504,202,302,38,193,311,7.1816369047619,7.67846534653465,6.84932119205298,7.32315789473684,7.05126943005181,7.26254019292605,11
"13",2008,10,7.10182,50,7.57727777777778,6.834375,6.82,6.9619375,7.16764705882353,18,32,10,16,34,554,220,334,48,209,345,7.17443321299639,7.67018636363636,6.84788922155689,7.21833333333333,7.04443062200957,7.2531884057971,12
"14",2008,11,7.20975609756098,41,7.70454545454545,6.63684210526316,6.4,6.96,7.29032258064516,22,19,5,10,31,595,242,353,53,219,376,7.17686722689076,7.67330991735537,6.83652974504249,7.1411320754717,7.04057534246575,7.25625,13
"15",2008,12,7.18589285714286,28,7.7505,6.87222222222222,7.375,7.245,7.15789473684211,10,18,4,9,19,623,252,371,57,228,395,7.17727287319422,7.67637301587302,6.8382614555256,7.15754385964912,7.04864473684211,7.25151898734177,14
"16",2009,1,7.27105263157895,38,7.30952380952381,7.22352941176471,7.16666666666667,7.04,7.30606060606061,21,17,3,5,33,661,273,388,60,233,428,7.18266414523449,7.64815384615385,6.85514175257732,7.158,7.04845922746781,7.25572429906542,15
"17",2009,2,7.08389830508475,59,7.5,6.88625,7.33333333333333,6.45454545454545,7.228125,19,40,9,11,48,720,292,428,69,244,476,7.17457083333333,7.63851369863014,6.85804906542056,7.18086956521739,7.02168442622951,7.25294117647059,16
"18",2009,3,6.81282051282051,39,7.47692307692308,6.48076923076923,7.16666666666667,7.57142857142857,6.646875,13,26,6,7,32,759,305,454,75,251,508,7.15598287220026,7.6316262295082,6.83644273127753,7.17973333333333,7.03701593625498,7.21476377952756,17
"19",2009,4,7.13783783783784,37,7.43636363636364,7.01153846153846,6.58333333333333,6.5,7.40769230769231,11,26,6,11,26,796,316,480,81,262,534,7.15513944723618,7.62482911392405,6.84592708333333,7.13555555555556,7.01446946564885,7.22415730337079,18
"20",2009,5,6.90857142857143,35,7.42941176470588,6.41666666666667,5.66666666666667,7.11111111111111,6.83846153846154,17,18,3,9,26,831,333,498,84,271,560,7.14475451263538,7.61485285285285,6.83041164658635,7.08309523809524,7.01767896678967,7.20625,19
"21",2009,6,6.9828125,32,7.66176470588235,6.21333333333333,6.3,7.42857142857143,6.858,17,15,5,7,25,863,350,513,89,278,585,7.13874971031286,7.61713142857143,6.81236842105263,7.03910112359551,7.02802517985612,7.19136752136752,20
"22",2009,7,7.27272727272727,22,7.71428571428571,7.06666666666667,7,7.33333333333333,7.26315789473684,7,15,5,3,19,885,357,528,94,281,604,7.1420802259887,7.61903641456583,6.8195928030303,7.03702127659574,7.0312846975089,7.19362582781457,21
"23",2009,8,7.46,30,7.55714285714286,7.375,7.6,6.8,7.592,14,16,5,5,25,915,371,544,99,286,629,7.15250382513661,7.61670080862534,6.83592830882353,7.06545454545455,7.02724125874126,7.20945945945946,22
"24",2009,9,7.04054054054054,37,7.61538461538462,6.72916666666667,7.07142857142857,6.77777777777778,7.125,13,24,7,9,28,952,384,568,106,295,657,7.14815231092437,7.61665625,6.83141725352113,7.06584905660377,7.01963050847458,7.2058599695586,23
"25",2009,10,7.175,44,7.53333333333333,6.98965517241379,6.91666666666667,7.5,7.02333333333333,15,29,12,14,30,996,399,597,118,309,687,7.14933835341365,7.61352380952381,6.83910385259631,7.05067796610169,7.04139482200647,7.19788937409025,24
"26",2009,11,7.14864864864865,37,7.2,7.12962962962963,7.33333333333333,7.07142857142857,7.16666666666667,10,27,6,7,30,1033,409,624,124,316,717,7.14931364956438,7.60341320293399,6.85167467948718,7.06435483870968,7.04206012658228,7.1965829846583,25
"27",2009,12,7.34210526315789,38,7.85714285714286,7.04166666666667,7.57142857142857,7.77777777777778,7.20689655172414,14,24,7,9,29,1071,423,648,131,325,746,7.15615406162465,7.61181087470449,6.85871141975309,7.09145038167939,7.06243384615385,7.19698391420911,26
"28",2010,1,7.29972222222222,36,8.09625,6.6625,6.58333333333333,6.94545454545455,7.4556,16,20,6,11,25,1107,439,668,137,336,771,7.16082294489612,7.62946697038724,6.85283682634731,7.06919708029197,7.05860416666667,7.20536964980545,27
"29",2010,2,7.225,20,7.5,7,6.5,7.5,7.19444444444444,9,11,2,2,18,1127,448,679,139,338,789,7.16196184560781,7.62686607142857,6.85522091310751,7.0610071942446,7.06121597633136,7.20512040557668,28
"30",2010,3,7.05357142857143,28,7.33333333333333,6.84375,7.33333333333333,7,7.0625,12,16,3,4,24,1155,460,695,142,342,813,7.1593341991342,7.61920869565217,6.85495683453237,7.06676056338028,7.0605,7.20091020910209,29
"31",2010,4,6.865625,16,7.44375,6.2875,6.1,6.99,6.80909090909091,8,8,3,5,11,1171,468,703,145,347,824,7.15532109308283,7.6162094017094,6.84849928876245,7.04675862068965,7.05948414985591,7.19567961165049,30
"32",2010,5,7.15789473684211,19,7.6,7,7.25,6.5,7.39285714285714,5,14,2,5,14,1190,473,717,147,352,838,7.15536218487395,7.61603805496829,6.85145746164575,7.04952380952381,7.05153693181818,7.19897374701671,31
"33",2010,6,7.15882352941177,17,8.125,6.3,6.75,7.25,7.13076923076923,8,9,4,4,13,1207,481,726,151,356,851,7.15541093620547,7.62450311850312,6.84462121212121,7.04158940397351,7.05376685393258,7.19793184488837,32
"34",2010,7,6.90333333333333,15,7.55,6.58,7.425,6.41666666666667,7.22777777777778,5,10,4,6,9,1222,486,736,155,362,860,7.15231669394435,7.6237366255144,6.84102581521739,7.05148387096774,7.04320718232044,7.19824418604651,33
"35",2010,8,6.76136363636364,22,7.22222222222222,6.44230769230769,7.04166666666667,6.25,7.05357142857143,9,13,6,8,14,1244,495,749,161,370,874,7.14540273311897,7.61643636363636,6.83410547396529,7.05111801242236,7.02605675675676,7.19592677345538,34
"36",2010,9,6.70588235294118,17,7.33333333333333,6.36363636363636,6.875,6.5,6.76923076923077,6,11,4,4,13,1261,501,760,165,374,887,7.13947739888977,7.61304590818363,6.82729605263158,7.04684848484848,7.02043048128342,7.18967305524239,35
"37",2010,10,6.68269230769231,26,7.625,6.09375,7,6.97727272727273,6.46666666666667,10,16,3,11,15,1287,511,776,168,385,902,7.13024941724942,7.61327984344423,6.81217139175258,7.0460119047619,7.0191974025974,7.17764966740577,36
"38",2010,11,7.12838709677419,31,7.87,6.7752380952381,6.88,8.5,7.03379310344828,10,21,6,2,29,1318,521,797,174,387,931,7.13020561456753,7.61820729366603,6.8111982434128,7.04028735632184,7.02685012919897,7.1731686358754,37
"39",2010,12,6.87407407407407,27,7.45,6.41333333333333,6.5,6.77,6.93529411764706,12,15,3,10,17,1345,533,812,177,397,948,7.12506394052045,7.61442026266417,6.80384852216749,7.03112994350283,7.02038035264484,7.1689029535865,38
"40",2011,1,7.10853658536585,41,7.5625,6.818,7.05,8.07142857142857,6.91029411764706,16,25,10,7,34,1386,549,837,187,404,982,7.12457503607504,7.61290710382514,6.80427120669056,7.03213903743316,7.03859158415842,7.15994908350305,39
"41",2011,2,6.58823529411765,34,7.4,6.25,6.33333333333333,7,6.46153846153846,10,24,6,8,26,1420,559,861,193,412,1008,7.11173309859155,7.60909838998211,6.78882113821138,7.01041450777202,7.03784223300971,7.14193452380952,40
"42",2011,3,7.15588235294118,34,7.4,6.91176470588235,7.38888888888889,6.92307692307692,7.3,17,17,9,13,21,1454,576,878,202,425,1029,7.11276547455296,7.60292708333334,6.79120159453303,7.02727722772277,7.03433176470588,7.14516034985423,41
"43",2011,4,6.96666666666667,15,7.5625,6.28571428571429,6.75,7.5,6.88461538461539,8,7,2,2,13,1469,584,885,204,427,1042,7.11127365554799,7.60237328767123,6.78720338983051,7.02455882352941,7.03651288056206,7.14190978886756,42
"44",2011,5,6.56086956521739,23,7.12222222222222,6.2,6.75,5.375,6.81052631578947,9,14,4,4,19,1492,593,899,208,431,1061,7.10278887399464,7.59508600337268,6.77805895439377,7.01927884615385,7.02109280742459,7.13597549481621,43
"45",2011,6,6.72941176470588,17,7.58571428571429,6.13,6.5,6.5,6.77857142857143,7,10,2,3,14,1509,600,909,210,434,1075,7.09858250497018,7.59497666666667,6.7709295929593,7.01433333333333,7.01749078341014,7.13132093023256,44
"46",2011,7,7.15,20,7.32727272727273,6.93333333333333,7.5,7.6,6.95714285714286,11,9,2,6,14,1529,611,918,212,440,1089,7.09925506867233,7.59015711947627,6.77252178649237,7.01891509433962,7.02543409090909,7.12908172635445,45
"47",2011,8,6.65,16,7.5625,5.7375,6.5,5.6,7.12727272727273,8,8,1,5,11,1545,619,926,213,445,1100,7.09460258899676,7.58979967689823,6.76357991360691,7.01647887323944,7.00941797752809,7.12906363636363,46
"48",2011,9,7.11,20,7.9375,6.55833333333333,8,7.66666666666667,7.01176470588235,8,12,1,3,17,1565,627,938,214,448,1117,7.09479936102236,7.5942360446571,6.76095415778251,7.02107476635514,7.01381919642857,7.12727842435094,47
"49",2011,10,7.375,30,7.75714285714286,7.040625,8,6.975,7.52045454545455,14,16,1,8,22,1595,641,954,215,456,1139,7.10006959247649,7.59779407176287,6.76564465408805,7.02562790697674,7.01313815789474,7.13487269534679,48
"50",2011,11,7.1,30,7.71428571428571,6.5625,6.5,7,7.15,14,16,5,10,20,1625,655,970,220,466,1159,7.10006830769231,7.60028396946565,6.76229381443299,7.01368181818182,7.01285622317597,7.13513373597929,49
"51",2011,12,7.00416666666667,24,7.72222222222222,6.57333333333333,6.5,6.9,7.06666666666667,9,15,7,9,15,1649,664,985,227,475,1174,7.09867252880534,7.60193674698796,6.75941624365482,6.99784140969163,7.01071789473684,7.13425894378194,50
"52",2012,1,7.02727272727273,33,7.7625,6.33529411764706,6.3,6.5625,7.176,16,17,5,8,25,1682,680,1002,232,483,1199,7.09727170035672,7.60571470588236,6.75222055888223,6.98280172413793,7.00329399585921,7.13512927439533,51
"53",2012,2,7.06666666666667,30,7.20588235294118,6.88461538461539,6.75,7,7.08333333333333,17,13,6,6,24,1712,697,1015,238,489,1223,7.09673539719626,7.59596269727404,6.75391625615763,6.97693277310924,7.00325357873211,7.13411283728536,52
"54",2012,3,7.05789473684211,19,7.27,6.82222222222222,8,7.05,7.06,10,9,1,4,15,1731,707,1024,239,493,1238,7.09630906990179,7.5913521923621,6.7545166015625,6.98121338912134,7.00363286004057,7.13321486268174,53
"55",2012,4,7.235,20,7.32307692307692,7.07142857142857,8,7.14285714285714,7.28461538461538,13,7,1,7,13,1751,720,1031,240,500,1251,7.09789320388349,7.58650833333334,6.75666828322017,6.98545833333333,7.005582,7.13478816946443,54
"56",2012,5,7.15882352941177,17,7.42857142857143,6.97,7.5,7.16666666666667,7.15714285714286,7,10,1,3,14,1768,727,1041,241,503,1265,7.09847907239819,7.58498762035764,6.75871757925072,6.98759336099585,7.00654274353877,7.13503557312253,55
"57",2012,6,7.13888888888889,18,7.91666666666667,6.75,6.75,6.66666666666667,7.23333333333333,6,12,6,3,15,1786,733,1053,247,506,1280,7.09888633818589,7.58770259208732,6.75861823361823,6.98182186234818,7.00452766798419,7.1361875,56
"58",2012,7,6.55818181818182,11,7.2,6.02333333333333,7,7,6.46,5,6,1,2,9,1797,738,1059,248,508,1289,7.09557651641625,7.58507588075881,6.7544523135033,6.98189516129032,7.00450984251968,7.13146625290923,57
"59",2012,8,7.49473684210526,19,7.78076923076923,6.875,7,7.4375,7.51,13,6,2,4,15,1816,751,1065,250,512,1304,7.09975275330396,7.58846338215713,6.75513145539906,6.98204,7.007892578125,7.13582055214724,58
"60",2012,9,6.83333333333333,12,6.91666666666667,6.75,7,6,6.90909090909091,6,6,1,1,11,1828,757,1071,251,513,1315,7.09800382932166,7.58313870541612,6.75510270774977,6.98211155378486,7.00592787524366,7.13392395437262,59
"61",2012,10,7.09947368421053,19,7.425,6.86272727272727,7,8,7.04944444444444,8,11,4,1,18,1847,765,1082,255,514,1333,7.09801894964808,7.58148496732026,6.75619685767098,6.98239215686274,7.00786186770428,7.13278319579895,60
"62",2012,11,6.93518518518519,27,7.23333333333333,6.5625,6.79166666666667,6.71875,7.02631578947368,15,12,6,8,19,1874,780,1094,261,522,1352,7.09567289220918,7.57478974358975,6.75407221206581,6.97800766283525,7.00343103448276,7.13128698224852,61
"63",2012,12,7.18518518518519,27,7.94444444444444,6.80555555555556,7.5,8.5,7.08,9,18,4,2,25,1901,789,1112,265,524,1377,7.09694423987375,7.57900633713562,6.75490557553957,6.98588679245283,7.00914312977099,7.13035584604212,62
"64",2013,1,6.19444444444444,18,6.92857142857143,5.72727272727273,6,6,6.25,7,11,1,4,14,1919,796,1123,266,528,1391,7.08847889525795,7.57328643216081,6.74483971504897,6.98218045112782,7.00149810606061,7.1214953271028,63
"65",2013,2,7.41842105263158,19,8.175,6.57777777777778,7.85,6.35,7.54411764705882,10,9,2,2,17,1938,806,1132,268,530,1408,7.09171362229102,7.58075186104219,6.74351148409894,6.98865671641791,6.99903962264151,7.12659801136363,64
"66",2013,3,7.29166666666667,12,7.6875,6.5,NA,7.25,7.3125,8,4,0,4,8,1950,814,1136,268,534,1416,7.0929441025641,7.58180098280098,6.74265404929577,6.98865671641791,7.00091947565543,7.12764830508474,65
"67",2013,4,6.5,15,7.1875,5.71428571428571,7,7.66666666666667,6.20833333333333,8,7,3,3,12,1965,822,1143,271,537,1428,7.08841781170483,7.57796350364964,6.73635608048994,6.98878228782288,7.00463873370577,7.11992296918767,66
"68",2013,5,7.07272727272727,11,8.45,6.76666666666667,5,6,7.18,2,9,1,1,10,1976,824,1152,272,538,1438,7.08833046558704,7.58008009708738,6.73659288194444,6.98147058823529,7.00277137546468,7.12034075104311,67
"69",2013,6,6.99166666666667,12,7.675,6.65,7.7,7.5,6.89,4,8,1,2,10,1988,828,1160,273,540,1448,7.08774698189135,7.580538647343,6.73599568965517,6.98410256410256,7.00461296296296,7.11875,68
"70",2013,7,7.41625,8,7.566,7.16666666666667,7.25,7.5,7.40428571428571,5,3,2,1,7,1996,833,1163,275,541,1455,7.08906362725451,7.58045138055222,6.73710662080825,6.98603636363636,7.00552865064695,7.1201237113402,69
"71",2013,8,7.14333333333333,15,7.375,6.87857142857143,6.9,5.75,7.35769230769231,8,7,1,2,13,2011,841,1170,276,543,1468,7.08946842366981,7.5784970273484,6.73795299145299,6.98572463768116,7.00090423572744,7.12222752043596,70
"72",2013,9,6.5625,8,7.66666666666667,5.9,NA,6,6.64285714285714,3,5,0,1,7,2019,844,1175,276,544,1475,7.08738038632987,7.57881042654028,6.73438723404255,6.98572463768116,6.99906433823529,7.11995254237288,71
"73",2013,10,6.84210526315789,19,7.41428571428571,6.50833333333333,6.18333333333333,6.83333333333333,6.84615384615385,7,12,6,6,13,2038,851,1187,282,550,1488,7.08509371933268,7.5774571092832,6.73210193765796,6.9686524822695,6.99725636363636,7.11756048387096,72
"74",2013,11,6.92105263157895,19,7.57142857142857,6.54166666666667,6.8,6.83333333333333,6.9375,7,12,5,3,16,2057,858,1199,287,553,1504,7.08357851239669,7.57740792540793,6.73019599666388,6.96571428571429,6.99636708860759,7.11564494680851,73
"75",2013,12,7.20952380952381,21,7.75,7.08235294117647,7.28,7.16666666666667,7.22666666666667,4,17,5,6,15,2078,862,1216,292,559,1519,7.08485129932627,7.57820881670534,6.73511924342105,6.97109589041096,6.99819499105545,7.11674127715602,74
"76",2014,1,6.35384615384615,13,6.95,5.4,6,7.16666666666667,6.11,8,5,1,3,10,2091,870,1221,293,562,1529,7.08030655188905,7.57243218390805,6.72965192465192,6.96778156996587,6.99909430604982,7.11015696533682,75
"77",2014,2,7.122,25,7.34583333333333,6.91538461538462,6.8,7.41428571428571,7.00833333333333,12,13,6,7,18,2116,882,1234,299,569,1547,7.08079914933837,7.56934920634921,6.73160858995138,6.96441471571906,7.00420210896309,7.10897220426632,76
"78",2014,3,6.89230769230769,13,7.375,6.67777777777778,6.75,7.16666666666667,6.65714285714286,4,9,4,6,7,2129,886,1243,303,575,1554,7.07964819163927,7.56847178329571,6.73121882542236,6.96158415841584,7.00589739130435,7.10693693693693,77
"79",2014,4,7.14166666666667,12,7.76,6.7,6.75,7.25,7.0875,5,7,2,4,8,2141,891,1250,305,579,1562,7.07999579635684,7.56954657687991,6.731044,6.96019672131148,7.00758376511226,7.10683738796415,78
"80",2014,5,7.13684210526316,19,7.41111111111111,6.89,6.77142857142857,6.95,7.15882352941177,9,10,7,2,17,2160,900,1260,312,581,1579,7.08049583333333,7.56796222222222,6.73230555555555,6.95596153846154,7.00738554216867,7.10739708676377,79
"81",2014,6,7.06666666666667,15,7,7.14285714285714,7.66666666666667,6,7.14285714285714,8,7,3,1,14,2175,908,1267,315,582,1593,7.08040045977011,7.56295814977974,6.73457379636937,6.96273015873016,7.00565463917526,7.10770872567482,80
"82",2014,7,7.15384615384615,13,7.92857142857143,6.25,7,7,7.18181818181818,7,6,2,2,11,2188,915,1273,317,584,1604,7.08083683729433,7.56575519125683,6.73228986645718,6.96296529968454,7.0056352739726,7.10821695760598,81
"83",2014,8,7.25,8,7.08333333333333,7.75,7,7,7.28571428571429,6,2,1,1,7,2196,921,1275,318,585,1611,7.08145309653916,7.56261237785016,6.7338862745098,6.96308176100629,7.00562564102564,7.10898820608318,82
"84",2014,9,7.33333333333333,9,7.7,6.875,8,7.03333333333333,7.48333333333333,5,4,1,3,6,2205,926,1279,319,588,1617,7.08248117913832,7.56335421166307,6.73432759968725,6.96633228840125,7.00576700680272,7.11037724180581,83
"85",2014,10,7.35714285714286,14,7.42857142857143,7.28571428571429,7,9,7.08333333333333,7,7,4,2,12,2219,933,1286,323,590,1629,7.08421406038756,7.56234297963558,6.73732892690513,6.96674922600619,7.01252711864407,7.11017802332719,84
"86",2014,11,6.9,10,7.2,6.6,6,6.5,7,5,5,1,2,8,2229,938,1291,324,592,1637,7.08338761776581,7.56041151385928,6.73679705654531,6.96376543209877,7.01079560810811,7.10963958460598,85
"87",2014,12,7.105,20,7.45,6.76,6.82,6.68333333333333,7.28571428571429,10,10,5,6,14,2249,948,1301,329,598,1651,7.08357981325033,7.55924683544304,6.73697540353574,6.96158054711246,7.00751003344482,7.11113264688068,86
"88",2015,1,7.13333333333333,15,7.71428571428571,6.625,7.33333333333333,6.91666666666667,7.27777777777778,7,8,3,6,9,2264,955,1309,332,604,1660,7.08390945229682,7.5603832460733,6.7362910618793,6.96493975903615,7.00660761589404,7.11203614457831,87
"89",2015,2,6.86666666666667,15,7.21428571428571,6.5625,6.83333333333333,7.08333333333333,6.72222222222222,7,8,3,6,9,2279,962,1317,335,610,1669,7.08247959631417,7.55786486486487,6.73523538344723,6.96376119402985,7.00736229508197,7.10993409227082,88
"90",2015,3,6.7,11,7.33333333333333,6.4625,6.5,6,6.85555555555556,3,8,5,2,9,2290,965,1325,340,612,1678,7.0806423580786,7.55716683937824,6.73358867924528,6.95694117647059,7.00407026143791,7.10856972586412,89
"91",2015,4,6.83,15,7.92142857142857,5.875,5.66666666666667,6.11,7.19,7,8,3,5,10,2305,972,1333,343,617,1688,7.07901127982646,7.55979012345679,6.72843585896474,6.94565597667639,6.99682495948136,7.10905213270142,90
"92",2015,5,7.03333333333333,9,7.325,6.8,6.66666666666667,6,7.32857142857143,4,5,3,2,7,2314,976,1338,346,619,1695,7.07883362143474,7.55882786885246,6.72870328849028,6.94323699421965,6.9936042003231,7.10995870206489,91
"93",2015,6,6.6,9,7.7,5.72,6.16666666666667,6.25,6.7,4,5,3,2,7,2323,980,1343,349,621,1702,7.07697847610848,7.55940408163265,6.72494787788533,6.93656160458453,6.99120933977456,7.10827262044653,92
"94",2015,7,7.57142857142857,7,7.4,8,7,7,7.66666666666667,5,2,1,1,6,2330,985,1345,350,622,1708,7.07846394849785,7.55859492385787,6.726843866171,6.93674285714286,6.99122347266881,7.11023419203747,93
"95",2015,8,6.89066666666667,15,7.47142857142857,6.3825,6,7.75,6.75846153846154,7,8,2,2,13,2345,992,1353,352,624,1721,7.07726268656716,7.55797983870968,6.72480783444198,6.93142045454545,6.99365544871795,7.10757699012202,94
"96",2015,9,7.05,10,7.33333333333333,6.92857142857143,6.8,7.25,6.91666666666667,3,7,5,4,6,2355,995,1360,357,628,1727,7.07714692144374,7.55730251256281,6.72585661764706,6.92957983193277,6.99528821656051,7.10691372321945,95
"97",2015,10,7.05882352941176,17,7.5,6.81818181818182,6.5,7.16666666666667,7.03571428571429,6,11,4,3,14,2372,1001,1371,361,631,1741,7.07701559865093,7.55695904095904,6.72659737417943,6.92481994459834,6.9961030110935,7.10634118322803,96
"98",2015,11,6.88666666666667,15,6.8,6.94444444444444,7.25,7.33333333333333,6.775,6,9,2,3,12,2387,1007,1380,363,634,1753,7.07581943862589,7.55244885799404,6.72801811594203,6.92661157024793,6.99769873817035,7.10407301768397,97
"99",2015,12,6.6375,8,7.15,6.125,6.83333333333333,7.7,6.48571428571429,4,4,3,1,7,2395,1011,1384,366,635,1760,7.07435532359081,7.5508565776459,6.72627528901734,6.92584699453552,6.99880472440945,7.10161363636363,98
"100",2016,1,7.3,10,6.5,7.5,6,NA,7.3,2,8,1,0,10,2405,1013,1392,367,635,1770,7.07529355509355,7.54878183613031,6.73072198275862,6.9233242506812,6.99880472440945,7.10273446327683,99
"101",2016,2,7.08928571428571,14,7.89285714285714,6.28571428571429,6.5,7.08333333333333,7.09090909090909,7,7,2,3,11,2419,1020,1399,369,638,1781,7.07537453493179,7.5511431372549,6.72849535382416,6.9210298102981,6.99920219435737,7.10266142616507,100
"102",2016,3,7.41666666666667,12,7.2,7.57142857142857,7,7,7.45454545454545,5,7,2,1,11,2431,1025,1406,371,639,1792,7.07705923488276,7.54943024390244,6.7326920341394,6.92145552560647,6.9992034428795,7.10482142857143,101
"103",2016,4,7.134375,16,8.15,6.11875,5,NA,7.134375,8,8,1,0,16,2447,1033,1414,372,639,1808,7.07743400081733,7.55408131655373,6.72921852899576,6.91629032258065,6.9992034428795,7.10508296460177,102
"104",2016,5,7.275,12,7.5,7.11428571428571,7,7.5,7.25454545454545,5,7,3,1,11,2459,1038,1421,375,640,1819,7.07839812932086,7.55382080924856,6.73111541168191,6.91696,6.9999859375,7.10598680593732,103
"105",2016,6,7.29166666666667,12,7.66666666666667,6.91666666666667,7.16666666666667,6.66666666666667,7.5,6,6,3,3,9,2471,1044,1427,378,643,1828,7.07943383245649,7.554469348659,6.73189558514366,6.9189417989418,6.99843079315708,7.10792669584245,104
"106",2016,7,6.97333333333333,15,7.625,6.73636363636364,6.82,6.75,7.05454545454545,4,11,5,4,11,2486,1048,1438,383,647,1839,7.07879364440869,7.55473854961832,6.7319297635605,6.9176501305483,6.99689489953632,7.10760739532354,105
"107",2016,8,6.84375,8,6,7.125,8,7,6.79166666666667,2,6,1,2,6,2494,1050,1444,384,649,1845,7.07803969526864,7.55177714285714,6.73356301939058,6.92046875,6.99690446841294,7.10657994579945,106
"108",2016,9,6.9,5,7.75,6.33333333333333,NA,7.5,6.75,2,3,0,1,4,2499,1052,1447,384,650,1849,7.07768347338935,7.55215399239544,6.73273324118866,6.92046875,6.99767846153846,7.10580854515954,107
"109",2016,10,6.82076923076923,13,7.07142857142857,6.52833333333333,8,6.6675,6.88888888888889,7,6,1,4,9,2512,1059,1453,385,654,1858,7.07635390127388,7.54897639282342,6.73188919476944,6.92327272727273,6.99565902140673,7.10475780409042,108
"110",2016,11,6.87857142857143,14,7.46666666666667,6.4375,NA,7.5,6.83076923076923,6,8,0,1,13,2526,1065,1461,385,655,1871,7.07525771971496,7.54851267605634,6.7302772073922,6.92327272727273,6.99642900763359,7.10285408872261,109
"111",2016,12,7.40909090909091,11,7.83333333333333,6.9,7.16666666666667,7.875,7.14285714285714,6,5,3,4,7,2537,1071,1466,388,659,1878,7.07670516357903,7.55010830999066,6.73085607094134,6.92515463917526,7.00176176024279,7.10300319488818,110
"112",2017,1,6.53846153846154,13,7.28571428571429,5.66666666666667,6,6,6.58333333333333,7,6,1,1,12,2550,1078,1472,389,660,1890,7.07396117647059,7.54839146567718,6.7265183423913,6.9227763496144,7.00024393939394,7.0997037037037,111
"113",2017,2,7.31111111111111,9,8.58333333333333,4.76666666666667,6.8,NA,7.31111111111111,6,3,1,0,9,2559,1084,1475,390,660,1899,7.0747952325127,7.55411992619926,6.72253220338983,6.92246153846154,7.00024393939394,7.10070563454449,112
"114",2017,3,6.79545454545455,11,7.25,6.53571428571429,6.6875,8.125,6.5,4,7,4,2,9,2570,1088,1482,394,662,1908,7.07359961089494,7.5530018382353,6.72164979757085,6.92007614213198,7.0036419939577,7.09787211740042,113
"115",2017,4,6.38888888888889,9,7.83333333333333,5.66666666666667,6,NA,6.38888888888889,3,6,1,0,9,2579,1091,1488,395,662,1917,7.07121015897635,7.55377268560953,6.71739583333333,6.91774683544304,7.0036419939577,7.09454355764215,114
"116",2017,5,6.44736842105263,19,7.05,5.77777777777778,5.8,5.5,6.7,10,9,5,4,15,2598,1101,1497,400,666,1932,7.06664780600462,7.54919709355132,6.71174682698731,6.903775,6.99461111111111,7.09148033126294,115
"117",2017,6,6.46,10,6.775,6.25,5.75,5.75,6.6375,4,6,2,2,8,2608,1105,1503,402,668,1940,7.06432170245399,7.54639457013575,6.70990352628077,6.89803482587065,6.99088473053892,7.08960824742268,116
"118",2017,7,7.00555555555556,9,7.9,6.75,6.9375,7.75,6.9125,2,7,4,1,8,2617,1107,1510,406,669,1948,7.06411960259839,7.54703342366757,6.71008940397351,6.8984236453202,6.99201943198804,7.08888090349076,117
"119",2017,8,7.5,12,7.7,6.5,6,7,7.54545454545455,10,2,1,1,11,2629,1117,1512,407,670,1959,7.06610916698364,7.54840286481647,6.70981150793651,6.89621621621622,6.99203134328358,7.09144461459928,118
"120",2017,9,6.90909090909091,11,7,6.8,6.33333333333333,7,6.9,6,5,3,1,10,2640,1123,1517,410,671,1969,7.06545492424242,7.54547284060552,6.71010876730389,6.89209756097561,6.99204321907601,7.09047232097511,119
"121",2017,10,7,12,7.5,6.75,7.25,5,7.18181818181818,4,8,2,1,11,2652,1127,1525,412,672,1980,7.06515874811463,7.54531144631766,6.71031803278688,6.89383495145631,6.98907886904762,7.09097979797979,120
"122",2017,11,7.1,13,7.6,6.7875,7.06,6.6,7.25,5,8,5,3,10,2665,1132,1533,417,675,1990,7.0653287054409,7.54555300353357,6.71072080887149,6.8958273381295,6.98734962962963,7.09177889447236,121
"123",2017,12,7.26315789473684,19,7.7,6.77777777777778,6.4,7.33333333333333,7.25,10,9,5,3,16,2684,1142,1542,422,678,2006,7.06672913561848,7.5469054290718,6.71111219195849,6.88995260663507,6.98888053097345,7.09304087736789,122
"124",2018,1,7.21428571428571,14,7.3,7.16666666666667,6.83333333333333,7.5,7.16666666666667,5,9,3,2,12,2698,1147,1551,425,680,2018,7.06749481097109,7.54582911944202,6.7137556415216,6.88955294117647,6.99038382352941,7.09347869177403,123
"125",2018,2,7.35,10,7.75,7.08333333333333,8,7.75,7.25,4,6,1,2,8,2708,1151,1557,426,682,2026,7.06853803545051,7.54653866203302,6.7151798330122,6.89215962441315,6.99261143695015,7.09409674234945,124
"126",2018,3,6.72222222222222,9,7.5,6.5,6.75,NA,6.72222222222222,2,7,2,0,9,2717,1153,1564,428,682,2035,7.06739087228561,7.5464579358196,6.71421675191816,6.8914953271028,6.99261143695015,7.09245208845208,125
"127",2018,4,7.88,10,8.8,6.96,6.8,NA,7.88,5,5,1,0,10,2727,1158,1569,429,682,2045,7.0703707370737,7.55187046632124,6.715,6.89128205128205,6.99261143695015,7.0963031784841,126
"128",2018,5,6.93181818181818,11,7.8,6.60625,6,8.1875,6.21428571428571,3,8,4,4,7,2738,1161,1577,433,686,2052,7.06981409788166,7.55251162790698,6.71444831959416,6.88304849884527,6.99957871720117,7.09329434697855,127
"129",2018,6,6.08333333333333,12,7.66666666666667,5.55555555555556,5,4.33333333333333,6.66666666666667,3,9,2,3,9,2750,1164,1586,435,689,2061,7.06550945454545,7.5528058419244,6.70787200504413,6.8743908045977,6.98796952104499,7.09143134400776,128
"130",2018,7,7.05,8,7.38,6.5,7.5,8,6.91428571428571,5,3,1,1,7,2758,1169,1589,436,690,2068,7.06546446700507,7.55206672369547,6.70747954688483,6.8758256880734,6.98943623188406,7.09083172147001,129
"131",2018,8,7.5,7,8.1,6,NA,7,7.7,5,2,0,2,5,2765,1174,1591,436,692,2073,7.06656455696202,7.5544003407155,6.70659019484601,6.8758256880734,6.98946676300578,7.0923010130246,130
"132",2018,9,7.28571428571429,7,7.66666666666667,7,7,7,7.33333333333333,3,4,2,1,6,2772,1177,1595,438,693,2079,7.06711796536796,7.55468649107901,6.70732601880878,6.87639269406393,6.98948196248196,7.09299663299663,131
"133",2018,10,6.69333333333333,15,7.5,6.29,6.875,6.875,6.62727272727273,5,10,4,4,11,2787,1182,1605,442,697,2090,7.06510620739146,7.5544551607445,6.70472585669782,6.87638009049774,6.98882496413199,7.09054545454545,132
"134",2018,11,5.91666666666667,6,8,5.5,3.25,NA,5.91666666666667,1,5,2,0,6,2793,1183,1610,444,697,2096,7.06263909774436,7.55483178360101,6.70098447204969,6.86004504504505,6.98882496413199,7.08718511450381,133
"135",2018,12,6.92,8,7.75,6.09,7,NA,6.92,4,4,1,0,8,2801,1187,1614,445,697,2104,7.06223170296323,7.55548946925021,6.69947026022305,6.8603595505618,6.98882496413199,7.08654942965779,134
"136",2019,1,6.8,13,7.875,6.32222222222222,6.66666666666667,6,6.86666666666667,4,9,3,1,12,2814,1191,1623,448,698,2116,7.06102025586354,7.55656255247691,6.69737831176833,6.8590625,6.98740830945559,7.08530245746691,135
"137",2019,2,6.95,10,8.2,5.7,6,7.66666666666667,6.64285714285714,5,5,2,3,7,2824,1196,1628,450,701,2123,7.06062712464589,7.5592525083612,6.69431511056511,6.85524444444445,6.9903152639087,7.08384361752237,136
"138",2019,3,7.42307692307692,13,8.08333333333333,6.85714285714286,7,7.75,7.36363636363636,6,7,1,2,11,2837,1202,1635,451,703,2134,7.06228798026084,7.56186855241265,6.6950122324159,6.85556541019956,6.99247652916074,7.08528584817244,137
"139",2019,4,6.9,7,6.95,6.83333333333333,6.75,NA,6.9,4,3,2,0,7,2844,1206,1638,453,703,2141,7.06188853727145,7.55983913764511,6.69526556776557,6.85509933774835,6.99247652916074,7.08468005604857,138
"140",2019,5,6.375,8,6.6,6,NA,NA,6.375,5,3,0,0,8,2852,1211,1641,453,703,2149,7.05996178120617,7.55587613542527,6.6939945155393,6.85509933774835,6.99247652916074,7.08203815728245,139
"141",2019,6,6.6,5,7,6.33333333333333,5,NA,6.6,2,3,1,0,5,2857,1213,1644,454,703,2154,7.05915680784039,7.55495960428689,6.69333637469586,6.85101321585903,6.99247652916074,7.08091922005571,140
"142",2019,7,7.16666666666667,9,7.5,7.07142857142857,7,7.25,7.14285714285714,2,7,2,2,7,2866,1215,1651,456,705,2161,7.05949441730635,7.55486913580247,6.69493943064809,6.85166666666667,6.99320709219858,7.0811198519204,141
"143",2019,8,7.18333333333333,15,7.45,7.05,7.2,7,7.19642857142857,5,10,5,1,14,2881,1220,1661,461,706,2175,7.06013918778202,7.55443934426229,6.69707706201083,6.85544468546638,6.99321671388102,7.08186206896551,142
"144",2019,9,5.5,9,6.83333333333333,4.83333333333333,4,7,5.3125,3,6,3,1,8,2890,1223,1667,464,707,2183,7.05528062283737,7.55267048242028,6.69036892621475,6.83698275862069,6.99322630834512,7.07537792029317,143
"145",2019,10,7.54615384615385,13,7.85714285714286,7.18333333333333,7,6.83333333333333,7.76,7,6,3,3,10,2903,1230,1673,467,710,2193,7.05747881501894,7.55440325203252,6.69213687985654,6.83802997858673,6.99255070422535,7.07849977200182,144
"146",2019,11,7.28571428571429,14,7.42857142857143,7.14285714285714,7,NA,7.28571428571429,7,7,4,0,14,2917,1237,1680,471,710,2207,7.05857422008913,7.55369118835893,6.69401488095238,6.83940552016985,6.99255070422535,7.07981422745808,145
"147",2019,12,6.4,5,7.5,5.66666666666667,NA,NA,6.4,2,3,0,0,5,2922,1239,1683,471,710,2212,7.05744729637235,7.55360451977401,6.69218360071301,6.83940552016985,6.99255070422535,7.07827757685352,146
"148",2020,1,7.05557142857143,14,7.47966666666667,6.7375,6.15,8.178,6.96923076923077,6,8,2,1,13,2936,1245,1691,473,711,2225,7.05743835149863,7.55324819277108,6.69239798935541,6.83649048625793,6.99421800281294,7.0776404494382,147
"149",2020,2,6.66666666666667,12,7.4,6.14285714285714,4.5,5,6.81818181818182,5,7,2,1,11,2948,1250,1698,475,712,2236,7.05584769335142,7.5526352,6.69013250883392,6.82665263157895,6.99141713483146,7.07636404293381,148
"150",2020,3,7.1002,5,7.16666666666667,7.0005,NA,NA,7.1002,3,2,0,0,5,2953,1253,1700,475,712,2241,7.05592279038266,7.5517110933759,6.69049764705882,6.82665263157895,6.99141713483146,7.07641722445337,149
"151",2020,4,6.59090909090909,11,7,6.25,6,6.625,6.57142857142857,5,6,1,4,7,2964,1258,1706,476,716,2248,7.05419703103913,7.54951828298887,6.68894841735053,6.82491596638656,6.98937011173184,7.07484475088968,150
"152",2020,5,7.27777777777778,9,7.5,7.1,7.33333333333333,7.5,7.21428571428571,4,5,3,2,7,2973,1262,1711,479,718,2255,7.05487386478304,7.54936133122029,6.6901496201052,6.82810020876827,6.99079247910864,7.0752776053215,151
"153",2020,6,6.8,5,6.66666666666667,7,NA,7,6.66666666666667,3,2,0,2,3,2978,1265,1713,479,720,2258,7.05444593687038,7.54726798418972,6.69051138353765,6.82810020876827,6.99081805555556,7.07473472099202,152
"154",2020,7,8.18571428571429,7,8,8.65,8,8.5,8.06,5,2,1,2,5,2985,1270,1715,480,722,2263,7.05709882747068,7.54905039370079,6.69279650145772,6.83054166666667,6.99499861495845,7.07691162174105,153
"155",2020,8,7.48333333333333,6,7.78,6,NA,7.75,7.35,5,1,0,2,4,2991,1275,1716,480,724,2267,7.05795386158475,7.54995607843137,6.69239277389277,6.83054166666667,6.99708425414365,7.0773934715483,154
"156",2020,9,6.66666666666667,3,7,6.5,6,6,7,1,2,1,1,2,2994,1276,1718,481,725,2269,7.05756179024716,7.54952507836991,6.69216880093131,6.82881496881497,6.99570896551724,7.0773252534156,155
"157",2020,10,6.5,7,8,6.25,6.5,6.5,6.5,1,6,1,2,5,3001,1277,1724,482,727,2274,7.05626124625125,7.54987783868442,6.69062993039443,6.82813278008299,6.99434525447043,7.07605584872471,156
"158",2020,11,7.075,8,8.2,6.4,5.5,5.5,7.6,3,5,2,2,6,3009,1280,1729,484,729,2280,7.0563110667996,7.5514015625,6.68978947368421,6.82264462809917,6.99024554183813,7.0774346491228,157
"159",2020,12,7.4375,8,7.6,7.16666666666667,7.25,7,7.5,5,3,2,1,7,3017,1285,1732,486,730,2287,7.05732184289029,7.5515906614786,6.69061547344111,6.82440329218107,6.99025890410959,7.07872802798425,158
"160",2021,1,7.175,4,7.16666666666667,7.2,NA,NA,7.175,3,1,0,0,4,3021,1288,1733,486,730,2291,7.05747765640516,7.55069409937888,6.69090940565493,6.82440329218107,6.99025890410959,7.07889611523352,159
"161",2021,2,6.955,10,7.075,6.875,6.5,7,6.93571428571429,4,6,1,3,7,3031,1292,1739,487,733,2298,7.05713955790168,7.5492213622291,6.69154456584244,6.82373716632444,6.99029877216917,7.07845996518712,160
"162",2021,3,6.75714285714286,7,7.76666666666667,6,4,NA,6.75714285714286,3,4,1,0,7,3038,1295,1743,488,733,2305,7.05644832126399,7.5497250965251,6.68995754446357,6.81795081967213,6.99029877216917,7.077484164859,161
"163",2021,4,6.5,10,7.6,5.4,6,7.6,5.4,5,5,3,5,5,3048,1300,1748,491,738,2310,7.05462270341207,7.54991846153846,6.68626773455377,6.81295315682281,6.99442953929539,7.07385324675324,162
"164",2021,5,6.91666666666667,6,6.83333333333333,7,7,7,6.83333333333333,3,3,3,3,3,3054,1303,1751,494,741,2313,7.05435166994106,7.54826861089793,6.68680525414049,6.81408906882591,6.99445209176788,7.07354128837008,163
"165",2021,6,6.8,5,7.75,6.16666666666667,NA,6.5,7.25,2,3,0,3,2,3059,1305,1754,494,744,2315,7.05393592677345,7.54857777777778,6.68591562143671,6.81408906882591,6.99245833333333,7.07369373650108,164
"166",2021,7,6.52222222222222,9,8.05,5.3,5.5,7,6.4625,4,5,2,1,8,3068,1309,1759,496,745,2323,7.05237614080834,7.55011000763942,6.68197612279704,6.80879032258065,6.99246845637584,7.07158889367197,165
"167",2021,8,5.4,5,6,4.5,NA,6,5.25,3,2,0,1,4,3073,1312,1761,496,746,2327,7.04968760169215,7.54656554878049,6.6794980124929,6.80879032258065,6.99113806970509,7.0684576708208,166
"168",2021,9,6.684,10,7.46,6.16666666666667,6.5,NA,6.684,4,6,3,0,10,3083,1316,1767,499,746,2337,7.04850145961725,7.54630243161094,6.67775664968874,6.80693386773547,6.99113806970509,7.06681258023106,167
"169",2021,10,6.83333333333333,6,6.75,7,7,5,7.2,4,2,1,1,5,3089,1320,1769,500,747,2342,7.04808352217546,7.54388939393939,6.67812097230073,6.80732,6.98847255689424,7.06709692570452,168
"170",2021,11,7.21428571428571,7,7.625,6.66666666666667,8,NA,7.21428571428571,4,3,1,0,7,3096,1324,1772,501,747,2349,7.04845930232558,7.54413444108761,6.67810158013544,6.8097005988024,6.98847255689424,7.06753554704129,169
"171",2021,12,7.09090909090909,11,7.61666666666667,6.46,5,7.5,7.05,6,5,2,1,10,3107,1330,1777,503,748,2359,7.04860959124557,7.54446165413534,6.67748790095667,6.80250497017893,6.9891564171123,7.06746121237812,170
"172",2022,1,7.23529411764706,17,7.41666666666667,6.8,NA,7,7.25,12,5,0,1,16,3124,1342,1782,503,749,2375,7.04962548015365,7.54331892697466,6.67783164983165,6.80250497017893,6.98917089452604,7.06869094736842,171
"173",2022,2,7.29166666666667,12,7.1875,7.5,7,8.5,7.05,8,4,2,2,10,3136,1350,1786,505,751,2385,7.05055165816326,7.54121037037037,6.67967301231803,6.80328712871287,6.99319440745672,7.06861257861635,172
"174",2022,3,6.44142857142857,7,7.58333333333333,5.585,5,6.53,6.375,3,4,1,3,4,3143,1353,1790,506,754,2389,7.04919503658924,7.54130376940133,6.67722681564246,6.7997233201581,6.99135145888594,7.06745123482628,173
"175",2022,4,7.04545454545455,11,8.16666666666667,6.625,5.83333333333333,8.25,6.77777777777778,3,8,3,2,9,3154,1356,1798,509,756,2398,7.04918199112238,7.54268731563422,6.67699443826474,6.79402750491159,6.99468121693122,7.06636405337781,174
"176",2022,5,7.31033333333333,6,7.2724,7.5,NA,9.112,6.95,5,1,0,1,5,3160,1361,1799,509,757,2403,7.04967784810126,7.5416943423953,6.67745191773207,6.79402750491159,6.99747820343461,7.06612193091968,175
"177",2022,6,6.03125,8,5.95833333333333,6.25,NA,7.25,5.85714285714286,6,2,0,1,7,3168,1367,1801,509,758,2410,7.04710606060606,7.53474469641551,6.67697723486951,6.79402750491159,6.99781134564644,7.06261037344398,176
"178",2022,7,6,4,8,4,4,NA,6,2,2,1,0,4,3172,1369,1803,510,758,2414,7.04578562421185,7.53542439737034,6.67400776483638,6.78854901960784,6.99781134564644,7.06084962717481,177
"179",2022,8,7.46,5,6.76666666666667,8.5,NA,10,6.825,3,2,0,1,4,3177,1372,1805,510,759,2418,7.04643751967264,7.53374344023324,6.67603102493075,6.78854901960784,7.00176679841897,7.06045947063689,178
"180",2022,9,6.875,4,7,6.83333333333333,NA,NA,6.875,1,3,0,0,4,3181,1373,1808,510,759,2422,7.04622194278529,7.53335469774217,6.67629203539823,6.78854901960784,7.00176679841897,7.06015317919075,179
"181",2022,10,6.9,10,7.4,6.4,NA,7,6.88888888888889,5,5,0,1,9,3191,1378,1813,510,760,2431,7.0457637104356,7.53287082728592,6.67553006067291,6.78854901960784,7.00176447368421,7.05951912793089,180
"182",2022,11,7.4375,8,7.7,7,NA,8,7.35714285714286,5,3,0,1,7,3199,1383,1816,510,761,2438,7.04674335729915,7.53347505422993,6.67606607929515,6.78854901960784,7.00307621550591,7.06037366694011,181
"183",2022,12,6.3075,10,7.747,4.868,3,NA,6.3075,5,5,1,0,10,3209,1388,1821,511,761,2448,7.04443970084138,7.53424423631124,6.67110159253157,6.78113502935421,7.00307621550591,7.05729820261438,182
