"","year","month","avg_rating","no_ratings","avg_rating_owned","avg_rating_not_owned","avg_rating_prev_owned","avg_rating_comment","avg_rating_no_comment","no_ratings_owned","no_ratings_not_owned","no_ratings_prev_owned","no_ratings_comment","no_ratings_no_comment","cum_no_ratings","cum_no_ratings_owned","cum_no_ratings_not_owned","cum_no_ratings_prev_owned","cum_no_ratings_comment","cum_no_ratings_no_comment","cum_avg_rating","cum_avg_rating_owned","cum_avg_rating_not_owned","cum_avg_rating_prev_owned","cum_avg_rating_comment","cum_avg_rating_no_comment","month_after_release"
"1",2007,11,8,1,NA,8,NA,NA,8,0,1,0,0,1,1,0,1,0,0,1,8,NA,8,NA,NA,8,-3
"2",2008,1,7.5,2,7.5,NA,NA,NA,7.5,2,0,0,0,2,3,2,1,0,0,3,7.66666666666667,7.5,8,NA,NA,7.66666666666667,-1
"3",2008,2,8.06989795918367,98,8.40928571428571,7.22142857142857,8.4,7.99,8.125,70,28,5,40,58,101,72,29,5,40,61,8.05792079207921,8.38402777777778,7.24827586206897,8.4,7.99,8.10245901639344,0
"4",2008,3,7.91228448275862,232,8.18809523809524,7.18828125,7.41666666666667,7.92211538461538,7.904296875,168,64,12,104,128,333,240,93,17,144,189,7.95645645645646,8.246875,7.20698924731183,7.70588235294118,7.94097222222222,7.96825396825397,1
"5",2008,4,7.75912408759124,137,8.19213483146067,6.95625,7.4,7.5377358490566,7.89880952380952,89,48,8,53,84,470,329,141,25,197,273,7.89893617021277,8.23206686930091,7.12163120567376,7.608,7.83248730964467,7.94688644688645,2
"6",2008,5,7.47228260869565,92,8.096875,6.79090909090909,7.41666666666667,7.24102564102564,7.64245283018868,48,44,6,39,53,562,377,185,31,236,326,7.82909252669039,8.21485411140583,7.04297297297297,7.57096774193548,7.73474576271186,7.89739263803681,3
"7",2008,6,8.0799043062201,209,8.26898734177215,7.49411764705882,7.68181818181818,8.27682926829268,7.95275590551181,158,51,11,82,127,771,535,236,42,318,453,7.89708171206226,8.23084112149533,7.14046610169492,7.6,7.87452830188679,7.91291390728477,4
"8",2008,7,7.92440476190476,168,8.24344262295082,7.07826086956522,6.9,7.87916666666667,7.95833333333333,122,46,10,72,96,939,657,282,52,390,549,7.90197018104366,8.23318112633181,7.13031914893617,7.46538461538462,7.87538461538462,7.92085610200364,5
"9",2008,8,7.85355371900826,121,8.03116279069767,7.41714285714286,6.78571428571429,7.52954545454545,8.0387012987013,86,35,7,44,77,1060,743,317,59,434,626,7.89644339622641,8.20979811574697,7.16198738170347,7.38474576271186,7.84032258064516,7.93535143769968,6
"10",2008,9,7.76976744186047,86,8.09090909090909,7.2,8.07142857142857,7.68333333333333,7.81607142857143,55,31,7,30,56,1146,798,348,66,464,682,7.88693717277487,8.20160401002506,7.16537356321839,7.45757575757576,7.8301724137931,7.92555718475073,7
"11",2008,10,7.86386138613861,101,8.28424657534247,6.76785714285714,6.47142857142857,8.02884615384615,7.80666666666667,73,28,7,26,75,1247,871,376,73,490,757,7.88506816359262,8.20853042479908,7.13577127659574,7.36301369863014,7.84071428571429,7.91377807133421,8
"12",2008,11,7.73047619047619,147,8.17166666666667,7.03385964912281,7.28583333333333,7.42227272727273,7.8621359223301,90,57,12,44,103,1394,961,433,85,534,860,7.86876614060258,8.20507804370447,7.12235565819861,7.35211764705882,7.80623595505618,7.90759302325581,9
"13",2008,12,7.84120205479452,292,8.10703017241379,6.81333333333333,7.02916666666667,7.51032631578947,8.0007614213198,232,60,24,95,197,1686,1193,493,109,629,1057,7.86399228944247,8.18601089689857,7.08474645030426,7.28100917431193,7.76154372019078,7.92495742667928,10
"14",2009,1,7.83223140495868,363,7.99545454545455,7.22597402597403,7.635,7.72222222222222,7.87882352941176,286,77,20,108,255,2049,1479,570,129,737,1312,7.85836554416789,8.14916227180527,7.10382456140351,7.33589147286822,7.7557815468114,7.91599085365854,11
"15",2009,2,7.6591280653951,367,7.99135021097046,7.05346153846154,7.3,7.7632183908046,7.62678571428571,237,130,21,87,280,2416,1716,700,150,824,1592,7.8281005794702,8.12736655011655,7.09447142857143,7.33086666666667,7.75656674757282,7.8651256281407,12
"16",2009,3,7.5994750656168,381,7.83706563706564,7.09508196721311,7.225,7.55842105263158,7.61311188811189,259,122,20,95,286,2797,1975,822,170,919,1878,7.79695781194137,8.08929670886076,7.09456204379562,7.31841176470588,7.7360837867247,7.82674653887114,13
"17",2009,4,7.65609065155807,353,8.04333333333333,7.08741258741259,6.97368421052632,7.55833333333333,7.68113879003559,210,143,19,72,281,3150,2185,965,189,991,2159,7.78117174603175,8.08487917620137,7.09350259067357,7.28375661375661,7.72316952573158,7.80779527559055,14
"18",2009,5,7.69874594594595,370,8.02004405286344,7.18871328671329,7.14,7.60353086419753,7.72543252595156,227,143,25,81,289,3520,2412,1108,214,1072,2448,7.77250767045455,8.07877736318408,7.10579061371841,7.26696261682243,7.71412966417911,7.79807189542484,15
"19",2009,6,7.73375796178344,314,8.02602040816327,7.24830508474576,7.725,7.5758064516129,7.77261904761905,196,118,20,62,252,3834,2608,1226,234,1134,2700,7.76933411580595,8.0748125,7.11950734094617,7.30611111111111,7.70656701940035,7.7956962962963,16
"20",2009,7,7.65180921052632,304,8.02037037037037,7.04608695652174,7.23214285714286,8.01454545454545,7.57168674698795,189,115,28,55,249,4138,2797,1341,262,1189,2949,7.76070009666506,8.07113371469432,7.11321103653989,7.29820610687023,7.72081328847771,7.77678195998644,17
"21",2009,8,7.61649659863946,294,7.91778350515464,7.032,6.98,7.3015625,7.70413043478261,194,100,25,64,230,4432,2991,1441,287,1253,3179,7.75113425090253,8.06118722835172,7.10757529493407,7.27048780487805,7.69939904229848,7.77152563699277,18
"22",2009,9,7.77433604336043,369,8.00502008032129,7.29566666666667,7.17193548387097,7.835,7.76013377926421,249,120,31,70,299,4801,3240,1561,318,1323,3478,7.75291751718392,8.05687067901234,7.12203459320948,7.26088050314465,7.70657369614513,7.77054629097182,19
"23",2009,10,7.61781163434903,361,7.94504237288136,7,6.89310344827586,7.45454545454545,7.67043956043956,236,125,29,88,273,5162,3476,1686,347,1411,3751,7.74346900426191,8.04927819332566,7.11298695136418,7.23014409221902,7.69085542168675,7.7632604638763,20
"24",2009,11,7.61365789473684,380,7.95087719298246,7.10782894736842,7.22222222222222,7.53630952380952,7.63560810810811,228,152,36,84,296,5542,3704,1838,383,1495,4047,7.73456820642367,8.04322111231101,7.11256039173014,7.22939947780679,7.68217190635452,7.75392389424265,21
"25",2009,12,7.58675479744136,469,8.01364169381107,6.77777777777778,6.85135135135135,7.5875,7.58654246575342,307,162,37,104,365,6011,4011,2000,420,1599,4412,7.7230352686741,8.0409571179257,7.085443,7.19609523809524,7.67601438398999,7.74007660924751,22
"26",2010,1,7.71070546737213,567,7.97427835051546,7.13938547486033,7.01875,7.95176991150442,7.65070484581498,388,179,48,113,454,6578,4399,2179,468,1712,4866,7.7219724840377,8.0350759263469,7.08987425424507,7.17790598290598,7.69421553738318,7.73173818331278,23
"27",2010,2,7.7219414893617,376,8.09817813765182,7.0015503875969,6.98214285714286,7.89657534246575,7.67986798679868,247,129,28,73,303,6954,4646,2308,496,1785,5169,7.72197080816796,8.03843069306931,7.08493760831889,7.16685483870968,7.70249131652661,7.72869762042948,24
"28",2010,3,7.62664576802508,319,7.94627906976744,6.96586538461538,7.04545454545455,7.47611940298507,7.66666666666667,215,104,22,67,252,7273,4861,2412,518,1852,5421,7.71778977038361,8.03435486525406,7.07980348258706,7.16169884169884,7.69430183585313,7.72581405644715,25
"29",2010,4,7.7421875,288,8.07586206896552,6.94529411764706,6.56923076923077,7.90277777777778,7.70512820512821,203,85,13,54,234,7561,5064,2497,531,1906,5655,7.71871908477715,8.03601875987362,7.07522466960352,7.14719397363465,7.70020828961175,7.72495809018568,26
"30",2010,5,7.60335820895522,268,7.90374331550802,6.90987654320988,6.94230769230769,7.47881355932203,7.63851674641148,187,81,13,59,209,7829,5251,2578,544,1965,5864,7.71477008557926,8.03130813178442,7.07002948021722,7.14229779411765,7.69356081424936,7.72187721691678,27
"31",2010,6,7.54616858237548,261,7.98646408839779,6.55,6.83846153846154,7.53787878787879,7.54897435897436,181,80,26,66,195,8090,5432,2658,570,2031,6059,7.70933065512979,8.02981388070692,7.05437772761475,7.12843859649123,7.68850172328902,7.7163125928371,28
"32",2010,7,7.6178515625,256,7.92216216216216,6.82492957746479,7.17647058823529,7.42489795918367,7.66352657004831,185,71,17,49,207,8346,5617,2729,587,2080,6266,7.70652468248263,8.02626829268293,7.04840820813485,7.12982964224872,7.68229182692308,7.71456878391318,29
"33",2010,8,7.47084870848709,271,7.89656084656085,6.48963414634146,6.59473684210526,7.13840579710145,7.58440594059406,189,82,19,69,202,8617,5806,2811,606,2149,6468,7.69911280027852,8.02204598691009,7.03210814656706,7.11305280528053,7.66482875756166,7.71050371057514,30
"34",2010,9,7.43177966101695,236,7.84871794871795,6.61875,6.69230769230769,7.30648148148148,7.46895604395604,156,80,26,54,182,8853,5962,2891,632,2203,6650,7.69198633231673,8.0175107346528,7.02066966447596,7.09574367088608,7.65604493871993,7.70389293233083,31
"35",2010,10,7.61807692307692,260,8.06264367816092,6.71860465116279,6.52,7.67983870967742,7.59873737373737,174,86,25,62,198,9113,6136,2977,657,2265,6848,7.68987764731702,8.01879058018253,7.01194356734968,7.07383561643836,7.65669624724062,7.70085251168224,32
"36",2010,11,7.42370540540541,370,7.8380811965812,6.71073529411765,6.54025,7.40625,7.42792281879195,234,136,40,72,298,9483,6370,3113,697,2337,7146,7.67949235474006,8.01215227629513,6.99878445229682,7.04321377331421,7.64898031664527,7.68947089280717,33
"37",2010,12,7.50327205882353,408,7.90235185185185,6.72246376811594,6.94102564102564,7.3675,7.53638719512195,270,138,39,80,328,9891,6640,3251,736,2417,7474,7.67222333434435,8.0076875,6.98705505998154,7.03779891304348,7.6396636326024,7.68275274284185,34
"38",2011,1,7.67927964205817,447,7.97783505154639,7.12235897435897,7.25,7.62865168539326,7.69186592178771,291,156,32,89,358,10338,6931,3407,768,2506,7832,7.67252843876959,8.00643413648824,6.99325036689169,7.046640625,7.63927254588987,7.68316930541369,35
"39",2011,2,7.65,329,7.95497925311203,6.81477272727273,6.66071428571429,7.63717948717949,7.65398406374502,241,88,28,78,251,10667,7172,3495,796,2584,8083,7.67183359895003,8.00470510317903,6.988756509299,7.03306532663317,7.63920936532508,7.68226302115551,36
"40",2011,3,7.59438095238095,315,7.81799107142857,7.04395604395604,7.03571428571429,7.47453333333333,7.63183333333333,224,91,28,75,240,10982,7396,3586,824,2659,8323,7.66961200145693,7.99905016224986,6.99015727830452,7.03315533980583,7.63456449793155,7.68080884296528,37
"41",2011,4,7.42749077490775,271,7.68922155688623,7.00721153846154,6.80769230769231,7.39821428571429,7.43511627906977,167,104,26,56,215,11253,7563,3690,850,2715,8538,7.66378112503333,7.99220877958482,6.9906379403794,7.02625882352941,7.62968950276243,7.67462192550949,38
"42",2011,5,7.38101045296167,287,7.90571428571429,6.56116071428571,6.44444444444444,7.3875,7.37943722943723,175,112,18,56,231,11540,7738,3802,868,2771,8769,7.6567486135182,7.99025264926338,6.9779863229879,7.0141935483871,7.62479501984843,7.66684593454214,39
"43",2011,6,7.48309027777778,288,7.84414893617021,6.8043,6.67678571428571,7.30224137931034,7.52869565217391,188,100,28,58,230,11828,7926,3902,896,2829,8999,7.65252020629016,7.9867871561948,6.9735351101999,7.00364955357143,7.61818204312478,7.66331503500389,40
"44",2011,7,7.4609865470852,223,7.92686567164179,6.75955056179775,6.632,7.26136363636364,7.51005586592179,134,89,25,44,179,12051,8060,3991,921,2873,9178,7.64897593560701,7.98579094292804,6.96876321723879,6.99356134636265,7.61271736860425,7.66032599694923,41
"45",2011,8,7.40562310030395,329,7.83225806451613,6.57901785714286,6.625,7.39797297297297,7.4078431372549,217,112,34,74,255,12380,8277,4103,955,2947,9433,7.64250880452343,7.98176573637791,6.9581242992932,6.98043979057592,7.60732507634883,7.65350068907029,42
"46",2011,9,7.43187250996016,251,7.83924050632911,6.73978494623656,6.85454545454545,7.33369565217391,7.45390243902439,158,93,33,46,205,12631,8435,4196,988,2993,9638,7.63832309397514,7.97909602845287,6.95328503336511,6.97623481781377,7.603119612429,7.64925523967628,43
"47",2011,10,7.52244224422442,303,7.7945,6.99417475728155,6.94285714285714,7.53972602739726,7.51695652173913,200,103,28,73,230,12934,8635,4299,1016,3066,9868,7.63560839647441,7.97482049797336,6.95426471272389,6.97531496062992,7.60161024135682,7.64617166599108,44
"48",2011,11,7.41724233983287,359,7.77127049180328,6.66608695652174,6.72878787878788,7.54130434782609,7.38772413793103,244,115,33,69,290,13293,8879,4414,1049,3135,10158,7.62971105092906,7.96922682734542,6.94675668328047,6.96755958055291,7.60028293460925,7.63879326639102,45
"49",2011,12,7.53460893854749,358,7.80968871595331,6.83465346534653,6.69090909090909,7.54111111111111,7.53322033898305,257,101,33,63,295,13651,9136,4515,1082,3198,10453,7.62721698044099,7.96473894483363,6.94424894795127,6.95912199630314,7.59911726078799,7.63581383334928,46
"50",2012,1,7.54253897550111,449,7.84868852459016,6.89409722222222,6.85106382978723,7.50526315789474,7.55013404825737,305,144,47,76,373,14100,9441,4659,1129,3274,10826,7.6245204964539,7.96098983158564,6.94269886241683,6.95462356067316,7.59693860720831,7.63286181415112,47
"51",2012,2,7.62134375,320,7.86347826086956,7.00255555555556,7.08064516129032,7.52542372881356,7.64302681992337,230,90,31,59,261,14420,9671,4749,1160,3333,11087,7.62445,7.95867076827629,6.94383322804801,6.95799137931035,7.59567266726673,7.63310110940741,48
"52",2012,3,7.54631578947368,285,7.85909090909091,6.83448275862069,6.972,7.46046511627907,7.56157024793388,198,87,25,43,242,14705,9869,4836,1185,3376,11329,7.62293566814009,7.95667291518898,6.94186600496278,6.95828691983122,7.59395053317536,7.63157313090299,49
"53",2012,4,7.37857142857143,287,7.77015306122449,6.53516483516484,6.91666666666667,7.375,7.37972350230415,196,91,24,70,217,14992,10065,4927,1209,3446,11546,7.61825767075774,7.95304073522106,6.93435437385833,6.95746071133168,7.58950290191526,7.62683977134938,50
"54",2012,5,7.57851063829787,282,7.83555555555556,6.97261904761905,6.73809523809524,7.47450980392157,7.60147186147186,198,84,21,51,231,15274,10263,5011,1230,3497,11777,7.61752383134739,7.95077414011498,6.93499580921971,6.95371544715447,7.5878258507292,7.62634219240893,51
"55",2012,6,7.38739130434783,276,7.62948453608247,6.81463414634146,6.82692307692308,7.10564102564103,7.4337552742616,194,82,26,39,237,15550,10457,5093,1256,3536,12014,7.61343916398714,7.94481352204265,6.93305792263891,6.95109076433121,7.58250763574661,7.62254303312802,52
"56",2012,7,7.6640221402214,271,7.89870466321244,7.08333333333333,6.86363636363636,7.60833333333333,7.67423580786026,193,78,22,42,229,15821,10650,5171,1278,3578,12243,7.61430560647241,7.9439779342723,6.93532469541674,6.94958528951487,7.58281078814981,7.62350992403823,53
"57",2012,8,7.52162162162162,296,7.82162790697674,6.72530864197531,6.05882352941176,7.35714285714286,7.5488188976378,215,81,17,42,254,16117,10865,5252,1295,3620,12497,7.6126034001365,7.94155683387023,6.93208568164508,6.93789189189189,7.58019254143646,7.62199183804113,54
"58",2012,9,7.71535087719298,228,7.99371428571429,6.79622641509434,7.04666666666667,7.75,7.70842105263158,175,53,15,38,190,16345,11040,5305,1310,3658,12687,7.61403664729275,7.94238360507246,6.93072836946277,6.93913740458015,7.58195653362493,7.62328619847088,55
"59",2012,10,7.52632352941176,340,7.8863829787234,6.72047619047619,7.3,7.48095238095238,7.53664259927798,235,105,23,63,277,16685,11275,5410,1333,3721,12964,7.61224926580761,7.94121640798226,6.92664768946395,6.94536384096024,7.58024643912927,7.62143489663684,56
"60",2012,11,7.65070694087404,389,7.92381386861314,7,6.94230769230769,7.60797101449275,7.659921875,274,115,26,69,320,17074,11549,5525,1359,3790,13284,7.61312545390652,7.9408035327734,6.92817447963801,6.94530537159676,7.58075118733509,7.62236201445348,57
"61",2012,12,7.74043269230769,416,8.02671875,6.78614583333333,6.70909090909091,7.755625,7.73681547619048,320,96,22,80,336,17490,11869,5621,1381,3870,13620,7.6161534591195,7.94311989215604,6.92574879914606,6.94154236060826,7.5843661498708,7.62518553597651,58
"62",2013,1,7.70109126984127,504,7.9524064171123,6.97807692307692,7.196,7.7066265060241,7.7,374,130,25,83,421,17994,12243,5751,1406,3953,14041,7.61853251083695,7.94340357755452,6.92693166405842,6.94606685633002,7.58693321527954,7.62742874439143,59
"63",2013,2,7.49241706161137,422,7.92275985663082,6.6527972027972,6.78222222222222,7.2030303030303,7.54606741573034,279,143,45,66,356,18416,12522,5894,1451,4019,14397,7.61564259339705,7.94294361923015,6.92028062436376,6.94098552722261,7.58062876337398,7.62541689240814,60
"64",2013,3,7.64676315789474,380,7.95498113207547,6.93652173913044,7.1551724137931,7.59541666666667,7.65876623376623,265,115,29,72,308,18796,12787,6009,1480,4091,14705,7.61627175994892,7.94319308672871,6.92059144616408,6.94518243243243,7.58088902468834,7.62611540292417,61
"65",2013,4,7.68342639593909,394,7.96627118644068,6.84060606060606,6.75588235294118,7.63785714285714,7.69327160493827,295,99,34,70,324,19190,13082,6108,1514,4161,15029,7.61765054715998,7.94371349946491,6.91929502292076,6.94093130779393,7.58184739245374,7.62756317785614,62
"66",2013,5,7.65064788732394,355,7.91256704980843,6.92340425531915,6.78571428571429,7.60655172413793,7.65925925925926,261,94,28,58,297,19545,13343,6202,1542,4219,15326,7.61824988488104,7.94310424941917,6.91935730409545,6.93811284046693,7.58218701114008,7.62817741093566,63
"67",2013,6,7.58561452513966,358,7.8821568627451,6.85145631067961,6.75333333333333,7.3936170212766,7.61463022508039,255,103,30,47,311,19903,13598,6305,1572,4266,15637,7.61766286489474,7.94196131784086,6.91824805709754,6.93458651399491,7.58010947022972,7.62790797467545,64
"68",2013,7,7.59988962472406,453,7.91172839506173,6.81666666666667,6.93714285714286,7.4314606741573,7.64107142857143,324,129,35,89,364,20356,13922,6434,1607,4355,16001,7.61726734132442,7.94125772159172,6.91621137705937,6.93464219041693,7.57707164179105,7.62820742453597,65
"69",2013,8,7.80475161987041,463,8.11557863501484,6.9734126984127,7.27820512820513,7.82625,7.80026109660574,337,126,39,80,383,20819,14259,6560,1646,4435,16384,7.62143686056007,7.94537765621712,6.91731006097561,6.94278250303767,7.58156640360767,7.63222943115234,66
"70",2013,9,7.69847345132743,452,7.93015290519878,7.0924,6.83181818181818,7.75072463768116,7.68906005221932,327,125,22,69,383,21271,14586,6685,1668,4504,16767,7.62307385642424,7.94503633621281,6.92058399401645,6.94131894484413,7.58415785968029,7.63352758394465,67
"71",2013,10,7.71432584269663,445,8.11150159744409,6.77253787878788,6.83125,7.65924657534247,7.72513440860215,313,132,36,73,372,21716,14899,6817,1704,4577,17139,7.62494377417572,7.94853345862138,6.91771732433622,6.93899354460094,7.58535547301726,7.6355158994107,68
"72",2013,11,7.68811650485437,515,8.01178191489362,6.81258992805755,6.99782608695652,7.60894736842105,7.70602380952381,376,139,46,95,420,22231,15275,6956,1750,4672,17559,7.62640722414646,7.95009034369885,6.91561658999425,6.94054,7.58583518835617,7.63720240332593,69
"73",2013,12,7.67521663778163,577,7.96935096153846,6.91521739130435,6.68846153846154,7.708,7.6703187250996,416,161,52,75,502,22808,15691,7117,1802,4747,18061,7.62764201157489,7.95060098145434,6.9156075593649,6.93326581576027,7.58776532546872,7.6381228614141,70
"74",2014,1,7.74422943221321,863,8.00192733017377,7.035,7.10671641791045,7.6787610619469,7.75409333333333,633,230,67,113,750,23671,16324,7347,1869,4860,18811,7.63189256896624,7.95259127664788,6.91934517490132,6.9394836811129,7.58988106995885,7.64274663760566,71
"75",2014,2,7.70084858569052,601,7.98343457943925,7.00173410404624,6.9609375,7.58923913043478,7.72102161100196,428,173,64,92,509,24272,16752,7520,1933,4952,19320,7.63359999176005,7.95337929799427,6.92124055851064,6.94019399896534,7.58986914378029,7.64480885093168,72
"76",2014,3,7.76670588235294,510,8.02551181102362,7.00232558139535,6.44516129032258,7.52539682539683,7.8007158836689,381,129,31,63,447,24782,17133,7649,1964,5015,19767,7.63633923815672,7.95498336543512,6.9226080533403,6.93238034623218,7.589059222333,7.64833444629939,73
"77",2014,4,7.75282846003899,513,8.02905405405405,7.03811888111888,6.99470212765957,7.84125,7.73649191685912,370,143,47,80,433,25295,17503,7792,2011,5095,20200,7.63870171970745,7.95654916300063,6.92472792607803,6.93383689706614,7.59301903827282,7.65022415841584,74
"78",2014,5,7.62791479820628,446,7.87710280373832,6.988,6.96842105263158,7.47075471698113,7.64910941475827,321,125,38,53,393,25741,17824,7917,2049,5148,20593,7.63851482071403,7.95511837971275,6.9257269167614,6.93447828208882,7.5917602952603,7.65020288447531,75
"79",2014,6,7.75068396226415,424,7.96348534201954,7.19230769230769,7.00740740740741,7.6843023255814,7.76757396449704,307,117,27,86,338,26165,18131,8034,2076,5234,20931,7.64033250525511,7.95526005184491,6.92960916106547,6.9354267822736,7.59328085594192,7.65209822750944,76
"80",2014,7,7.59372815533981,515,7.88410256410256,6.97225609756098,6.89555555555556,7.24923076923077,7.64348888888889,351,164,45,65,450,26680,18482,8198,2121,5299,21381,7.63943290854573,7.95390866789308,6.93046230787997,6.93458085808581,7.58906057746745,7.65191702913802,77
"81",2014,8,7.71738574040219,547,7.94490476190476,6.96496062992126,6.9,7.5212676056338,7.74663865546218,420,127,38,71,476,27227,18902,8325,2159,5370,21857,7.64099900833731,7.95370860226431,6.93098858858859,6.93397220935618,7.58816424581005,7.65397986914947,78
"82",2014,9,7.73917025862069,464,8.00678466076696,7.0134,6.89391891891892,8.04491525423729,7.69462962962963,339,125,37,59,405,27691,19241,8450,2196,5429,22262,7.64264399985555,7.95464372953588,6.93220769230769,6.93329735883424,7.59312801620925,7.65471938729674,79
"83",2014,10,7.68852125693161,541,7.90092783505155,7.14986928104575,6.99820512820513,7.74083333333333,7.67890590809628,388,153,39,84,457,28232,19629,8603,2235,5513,22719,7.64352312978181,7.95358194508125,6.93607869347902,6.93442997762864,7.59537855976782,7.65520590695013,80
"84",2014,11,7.6652705061082,573,7.99392405063291,6.93595505617978,6.90789473684211,7.58703703703704,7.67815040650406,395,178,57,81,492,28805,20024,8781,2292,5594,23211,7.64395573685124,7.95437774670395,6.93607618722241,6.93377006980803,7.59525777618877,7.65569225798113,81
"85",2014,12,7.71394817073171,656,7.93822314049587,7.0828488372093,7.09021739130435,7.83372093023256,7.69587719298246,484,172,46,86,570,29461,20508,8953,2338,5680,23781,7.64551423916364,7.95399648917495,6.93889590081537,6.93684816082122,7.59886830985915,7.65665543921618,82
"86",2015,1,7.78730492813142,974,8.00272290809328,7.14632653061224,7.25147058823529,7.61418604651163,7.81373372781065,729,245,68,129,845,30435,21237,9198,2406,5809,24626,7.6500519139149,7.95566911522343,6.94442106979778,6.94574023275146,7.59920846961611,7.66204531795663,83
"87",2015,2,7.78298921417565,649,8.01947368421053,7.13741379310345,7.19,7.86223404255319,7.76956756756757,475,174,50,94,555,31084,21712,9372,2456,5903,25181,7.65282749967829,7.95706498710391,6.94800416133162,6.95071294788274,7.60339691682196,7.66441515428299,84
"88",2015,3,7.65452748091603,655,7.97970149253731,6.83459946236559,6.67391304347826,7.56524390243902,7.66730453752182,469,186,46,82,573,31739,22181,9558,2502,5985,25754,7.65286258231198,7.95754361841215,6.94579729022808,6.9456239008793,7.60287418546366,7.66447944008698,85
"89",2015,4,7.66125984251969,635,7.87683438155136,7.01044303797468,7.01891891891892,7.44516129032258,7.69833948339483,477,158,37,93,542,32374,22658,9716,2539,6078,26296,7.65302729041824,7.95584451407891,6.94684854878551,6.94669200472627,7.60046100691017,7.66517734636447,86
"90",2015,5,7.60989224137931,464,7.89656346749226,6.9531914893617,7.25641025641026,7.81,7.57434010152284,323,141,39,70,394,32838,22981,9857,2578,6148,26690,7.65241779341007,7.95501131369392,6.94693928172872,6.95137742435997,7.60284677944047,7.66383639940053,87
"91",2015,6,7.70162790697674,516,7.93877384196185,7.11751677852349,6.98518518518518,7.59545454545455,7.72025056947608,367,149,54,77,439,33354,23348,10006,2632,6225,27129,7.65317909396174,7.95475608189138,6.94947936238257,6.95207104863222,7.60275534136546,7.66474929042722,88
"92",2015,7,7.7354351687389,563,7.99657701711491,7.04188311688312,7.08823529411765,7.58974358974359,7.75886597938144,409,154,51,78,485,33917,23757,10160,2683,6303,27614,7.65454449096323,7.95547607021089,6.95087997047244,6.95465933656355,7.602594320165,7.6664023140436,89
"93",2015,8,7.58198315467075,653,7.90826359832636,6.69077142857143,6.62232142857143,7.5051724137931,7.59378975265018,478,175,56,87,566,34570,24235,10335,2739,6390,28180,7.6531738646225,7.95454487311739,6.94647561683599,6.94786454910551,7.60126791862285,7.66494387863733,90
"94",2015,9,7.66185185185185,567,7.93398058252427,6.93851612903226,7.04897959183673,7.52228915662651,7.68578512396694,412,155,49,83,484,35137,24647,10490,2788,6473,28664,7.65331389987762,7.95420111981174,6.94635800762631,6.94964167862267,7.6002552139657,7.66529578914318,91
"95",2015,10,7.72707906295754,683,7.99039393939394,7.03377659574468,7.10446428571429,7.68170103092783,7.73459044368601,495,188,56,97,586,35820,25142,10678,2844,6570,29250,7.6547204215522,7.95491369023944,6.94789712492976,6.95269022503516,7.60145768645358,7.66668405128205,92
"96",2015,11,7.68201120797011,803,7.99983620689655,6.85538116591928,6.85890410958904,7.67980769230769,7.68233905579399,580,223,73,104,699,36623,25722,10901,2917,6674,29949,7.65531880239194,7.95592663867506,6.94600454086781,6.95034316078163,7.60267860353611,7.66704943403787,93
"97",2015,12,7.60711022840119,1007,7.95627285513361,6.76841216216216,6.74646464646465,7.36268656716418,7.64462772050401,711,296,99,134,873,37630,26433,11197,3016,6808,30822,7.65402871379219,7.95593595127303,6.94130977047423,6.94365086206897,7.59795490599295,7.66641436311726,94
"98",2016,1,7.62202472293265,1173,7.97126491646778,6.74840298507463,6.84422619047619,7.54884615384615,7.63114573346117,838,335,84,130,1043,38803,27271,11532,3100,6938,31865,7.65306124526454,7.95640698910931,6.93570590530697,6.94095677419355,7.59703473623523,7.66525995606465,95
"99",2016,2,7.63578206724782,803,7.94615097690941,6.90770833333333,7.0655737704918,7.4662427184466,7.66072857142857,563,240,61,103,700,39606,27834,11772,3161,7041,32565,7.65271091501288,7.95619954013077,6.93513510873258,6.94336159443214,7.59512143161483,7.66516255181944,96
"100",2016,3,7.61088251001335,749,7.95842914171657,6.90878225806452,6.65689655172414,7.76607843137255,7.58641576506955,501,248,58,102,647,40355,28335,12020,3219,7143,33212,7.65193456820716,7.95623896241398,6.93459138935108,6.9382000621311,7.59756264874702,7.66362849271348,97
"101",2016,4,7.66537767756483,887,7.95145705521472,6.87165957446808,7.04508196721311,7.64247311827957,7.6680604534005,652,235,61,93,794,41242,28987,12255,3280,7236,34006,7.65222369186751,7.95613140373271,6.93338461852305,6.94018780487805,7.59813985627418,7.66373197376934,98
"102",2016,5,7.74601466992665,818,8.03372681281619,6.98773333333333,6.77125,7.62133333333333,7.758600269179,593,225,56,75,743,42060,29580,12480,3336,7311,34749,7.65404777698526,7.95768698444895,6.93436446314102,6.93735191846523,7.59837778689646,7.66576043914933,99
"103",2016,6,7.72679802955665,812,8.01830536912752,6.9224537037037,6.95681818181818,7.63361904761905,7.74063649222065,596,216,44,105,707,42872,30176,12696,3380,7416,35456,7.65542567409964,7.95888424575822,6.9341618226213,6.93760532544379,7.59887675296656,7.66725348319043,100
"104",2016,7,7.65411067193676,759,7.87780357142857,7.02462311557789,6.98292682926829,7.65218390804598,7.65436011904762,560,199,41,87,672,43631,30736,12895,3421,7503,36128,7.65540279846897,7.9574069820406,6.93555785188057,6.93814849459222,7.59949486871918,7.66701365976528,101
"105",2016,8,7.63125881168177,993,7.84963464140731,6.99590551181102,6.81627906976744,7.45645161290323,7.65620253164557,739,254,86,124,869,44624,31475,13149,3507,7627,36997,7.65486553200071,7.95487660047657,6.93672359114761,6.93515996578272,7.59716926707749,7.66675972376139,102
"106",2016,9,7.75193925233645,856,8.03221854304636,7.08015873015873,7.090625,7.77047619047619,7.74934753661784,604,252,64,105,751,45480,32079,13401,3571,7732,37748,7.65669260114336,7.95633283456467,6.93942082680397,6.93794623354803,7.59952276254526,7.66840281604324,103
"107",2016,10,7.64760659340659,910,7.97132006125574,6.82509727626459,6.77835820895522,7.56483050847458,7.65993939393939,653,257,67,118,792,46390,32732,13658,3638,7850,38540,7.65651436732054,7.95663182818037,6.93726962219944,6.93500714678395,7.59900127388535,7.6682288920602,104
"108",2016,11,7.68304701273262,1021,7.98701486486486,6.88256227758007,6.72741935483871,7.85462307692308,7.65801346801347,740,281,62,130,891,47411,33472,13939,3700,7980,39431,7.65708575014237,7.9573035372849,6.93616676232154,6.93152864864865,7.60316553884712,7.66799805990211,105
"109",2016,12,7.66539772727273,1056,7.97190981432361,6.90013245033113,6.95070422535211,7.63854961832061,7.6692,754,302,71,131,925,48467,34226,14241,3771,8111,40356,7.65726685167227,7.9576253140887,6.93540260515413,6.93188968443384,7.60373702379485,7.66802560957479,106
"110",2017,1,7.69387535816619,1396,7.94480307396734,6.95805633802817,6.73821428571429,7.67713375796178,7.69599677158999,1041,355,84,157,1239,49863,35267,14596,3855,8268,41595,7.65829176944829,7.95724683131539,6.93595358317347,6.92766952010376,7.60513074504112,7.66885879312418,107
"111",2017,2,7.76073529411765,1020,7.98636950904393,7.05081300813008,6.98125,7.8309243697479,7.75146503884573,774,246,64,119,901,50883,36041,14842,3919,8387,42496,7.66034535109958,7.95787225659665,6.93785733054844,6.92854452666496,7.60833444616669,7.67061021037274,108
"112",2017,3,7.75627976190476,1008,7.97438172043011,7.14162878787879,7.21634615384615,7.75852459016393,7.75597065462754,744,264,52,122,886,51891,36785,15106,3971,8509,43382,7.66220890905937,7.95820617099361,6.94141854230107,6.93231327121632,7.61048783640851,7.67235354524918,109
"113",2017,4,7.67733261339093,926,7.9733488372093,6.99786476868327,6.77608695652174,7.783125,7.66277641277641,645,281,69,112,814,52817,37430,15387,4040,8621,44196,7.66247406138175,7.95846711194229,6.94244937284721,6.92964504950495,7.61273065769632,7.67217715404109,110
"114",2017,5,7.67961240310078,903,7.94161875945537,6.96396694214876,6.98958333333333,7.33117117117117,7.72844696969697,661,242,72,111,792,53720,38091,15629,4112,8732,44988,7.66276214631422,7.95817473943976,6.94278255166677,6.93069455252918,7.60915151168117,7.67316776696008,111
"115",2017,6,7.608725,800,7.90791366906475,6.92696721311475,6.99285714285714,7.38869047619048,7.63453910614525,556,244,49,84,716,54520,38647,15873,4161,8816,45704,7.66196923147469,7.95745165213341,6.94253943803943,6.931426580149,7.60705093012704,7.67256260939962,112
"116",2017,7,7.58488081725312,881,7.89682034976153,6.80626984126984,6.83880597014925,7.40372340425532,7.60651842439644,629,252,67,94,787,55401,39276,16125,4228,8910,46491,7.66074335300807,7.95648064976067,6.94040982945736,6.92995884578997,7.60490583613917,7.67144461293584,113
"117",2017,8,7.59304819277108,913,7.93284591194969,6.81286281588448,6.44393939393939,7.47272727272727,7.60953051058531,636,277,66,110,803,56314,39912,16402,4294,9020,47294,7.65964583407323,7.9561040288635,6.93825579197658,6.92248858872846,7.60329390243902,7.6703933797099,114
"118",2017,9,7.56620809248555,865,7.82923460898502,6.96742424242424,6.80507246376812,7.22068965517241,7.60484575835476,601,264,69,87,778,57179,40513,16666,4363,9107,48072,7.6582323143112,7.95422195344704,6.93871783871354,6.92063167545267,7.59963884923685,7.66933255325345,115
"119",2017,10,7.67633668341709,995,7.91947802197802,7.01338951310861,6.905078125,7.6665,7.67743575418994,728,267,64,100,895,58174,41241,16933,4427,9207,48967,7.65854196892082,7.9536086418855,6.93989526368629,6.92040682177547,7.60036504833279,7.66948066044479,116
"120",2017,11,7.59635104364326,1054,7.92563055555556,6.88652694610778,6.65576923076923,7.58037037037037,7.59869858541893,720,334,78,135,919,59228,41961,17267,4505,9342,49886,7.65743524177754,7.95312857176902,6.93886294666126,6.91582486126526,7.60007610789981,7.66817671290543,117
"121",2017,12,7.50334223541048,1011,7.85855457227139,6.78011711711712,6.39662162162162,7.43625,7.51237822671156,678,333,74,120,891,60239,42639,17600,4579,9462,50777,7.65484907617988,7.95162475667816,6.93585940340909,6.90743415592924,7.59799841471148,7.66544286783386,118
"122",2018,1,7.63163330990415,1565,7.92048506151142,6.86181295081967,6.48695882978723,7.65639204545455,7.62849613390929,1138,427,94,176,1389,61804,43777,18027,4673,9638,52166,7.65426120687981,7.95081526829157,6.93410548787929,6.89897606034667,7.59906474372276,7.66445910420581,119
"123",2018,2,7.60731343283582,938,7.95717095310136,6.77245487364621,6.5578125,7.48645833333333,7.62109263657957,661,277,64,96,842,62742,44438,18304,4737,9734,53008,7.65355933234516,7.950909806922,6.93165917996066,6.8943667152206,7.59795418122046,7.66377025411259,120
"124",2018,3,7.50471658013544,886,7.821196863711,6.80891696750902,6.62837837837838,7.1429203539823,7.55760529107374,609,277,74,113,773,63628,45047,18581,4811,9847,53781,7.65148674357201,7.94915618997935,6.92982937570636,6.89027543753897,7.59273240580887,7.66224433387256,121
"125",2018,4,7.64181700688073,872,7.901408,7.03742576335878,6.8585353030303,7.41617647058824,7.67170705194805,610,262,66,102,770,64500,45657,18843,4877,9949,54551,7.65135601472868,7.9485182506516,6.93132543544021,6.88984590116875,7.59092230374912,7.66237790232993,122
"126",2018,5,7.60656668380463,778,7.84614588235294,7.10354581673307,6.77454545454545,7.81149425287356,7.58076538350217,527,251,55,87,691,65278,46184,19094,4932,10036,55242,7.65082220395845,7.94735009202321,6.93358935686603,6.88856010948905,7.59283439617377,7.66135704409689,123
"127",2018,6,7.58237692421991,673,7.78112218220339,7.11567164179105,6.74893617021277,7.59887323943662,7.58043134551495,472,201,47,71,602,65951,46656,19295,4979,10107,55844,7.65012375096663,7.94566843106996,6.93548614563358,6.8872421088572,7.5928768180469,7.66048466263162,124
"128",2018,7,7.4881830551817,743,7.84826925,6.6485201793722,6.29310344827586,7.54587628865979,7.47952013931889,520,223,58,97,646,66694,47176,19518,5037,10204,56490,7.64831966158875,7.94459484335255,6.93220745875602,6.88040072662299,7.59243002744022,7.65841521525934,125
"129",2018,8,7.49795156403941,812,7.802120685413,6.78572016460905,6.44147540983607,7.29413793103448,7.5224092,569,243,61,87,725,67506,47745,19761,5098,10291,57215,7.64651094984149,7.94289691067127,6.93040611203886,6.87514877599058,7.58990826936158,7.6566918147339,126
"130",2018,9,7.57626112343967,721,7.88413545634921,6.86119815668203,6.63864406779661,7.52555555555556,7.58349329635499,504,217,59,90,631,68227,48249,19978,5157,10381,57846,7.6457685732921,7.9422830995461,6.92965437881669,6.87244298235408,7.58935035160389,7.65589334526156,127
"131",2018,10,7.50111992890995,844,7.76913792013311,6.8382441563786,6.63833333333333,7.49987277777778,7.50126879310345,601,243,60,90,754,69071,48850,20221,5217,10471,58600,7.64400106658366,7.94015289989764,6.92855588299293,6.86975051945563,7.5885812768599,7.65390380750853,128
"132",2018,11,7.464721201373,874,7.75257773489933,6.84758992805755,6.67943181818182,7.42292452830189,7.47049001302083,596,278,88,106,768,69945,49446,20499,5305,10577,59368,7.64176086925441,7.9378919526352,6.92745785209034,6.86659348916117,7.58692110711922,7.65153111861609,129
"133",2018,12,7.59041772151899,948,7.8853651266766,6.87594223826715,6.69166666666667,7.51116504854369,7.60007810650888,671,277,60,103,845,70893,50117,20776,5365,10680,60213,7.64107429506439,7.93718868826945,6.92677101030034,6.86463717800559,7.58619050093633,7.65080905203196,130
"134",2019,1,7.60687653968254,1260,7.84011272017837,7.03053258953168,6.84787144578313,7.43379032258064,7.62576975352113,897,363,83,124,1136,72153,51014,21139,5448,10804,61349,7.64047710337754,7.93548176186929,6.92855280949903,6.86438175293686,7.58444136893743,7.65034539911001,131
"135",2019,2,7.64131976958525,868,7.87565064976228,7.01742616033755,6.87415094339623,7.48309523809524,7.65827239795918,631,237,53,84,784,73021,51645,21376,5501,10888,62133,7.64048712014352,7.93475074373124,6.92953816616766,6.8644758752954,7.58365949210139,7.65044542272223,132
"136",2019,3,7.47967739772727,880,7.74414212933754,6.79808943089431,6.58208333333333,7.34685714285714,7.4976724,634,246,48,105,775,73901,52279,21622,5549,10993,62908,7.6385722264922,7.93243918724535,6.9280426343539,6.86203312128312,7.58139766669698,7.64856332358365,133
"137",2019,4,7.53000848600509,786,7.75015367021277,6.97072072072072,6.68964285714286,7.52388888888889,7.53079981321839,564,222,56,90,696,74687,52843,21844,5605,11083,63604,7.63742971039136,7.93049363094449,6.92847637062809,6.86031075646744,7.58093066408012,7.64727467187599,134
"138",2019,5,7.46327833756345,788,7.77102654867257,6.68355753363229,6.42025634615385,7.56636363636364,7.45031904285714,565,223,52,88,700,75475,53408,22067,5657,11171,64304,7.63561147545545,7.92880663833133,6.92600132188335,6.85626570974015,7.58081591173574,7.6451306537696,135
"139",2019,6,7.4503324393531,742,7.76997416666667,6.72053097345133,6.63170731707317,7.71230769230769,7.42517971935007,516,226,41,65,677,76217,53924,22293,5698,11236,64981,7.63380771717596,7.92728676674579,6.9239183227919,6.8546498982099,7.58157658864364,7.64283911035534,136
"140",2019,7,7.58757940892642,829,7.83131295415959,6.98941666666667,6.67903225806452,7.45114942528736,7.60357591644205,589,240,62,87,742,77046,54513,22533,5760,11323,65723,7.63331030955533,7.92624979252655,6.9246159486087,6.85275956944445,7.58057445464982,7.64239583646517,137
"141",2019,8,7.51501445833333,960,7.84058251896813,6.80222591362126,6.72876923076923,7.39348837209302,7.526972402746,659,301,65,86,874,78006,55172,22834,5825,11409,66597,7.63185447260467,7.92522654281157,6.9230025913112,6.8513759862661,7.57916421684634,7.64088105229966,138
"142",2019,9,7.44407855932203,826,7.76982072695035,6.74286259541985,6.77225806451613,7.31397849462366,7.4605851159618,564,262,62,93,733,78832,55736,23096,5887,11502,67330,7.62988696062513,7.92365397068322,6.92095909118462,6.85054274163411,7.57702004434011,7.63891822857567,139
"143",2019,10,7.42097362250879,853,7.70356420545746,6.65552173913043,6.56153846153846,7.6122808988764,7.39868782722513,623,230,52,89,764,79685,56359,23326,5939,11591,68094,7.62765061655267,7.92122106868468,6.91834181471319,6.84801231183701,7.57729079026831,7.63622289526243,140
"144",2019,11,7.51343954637097,992,7.79025410635155,6.91850793650794,6.71045977011494,7.60392105263158,7.50169137813212,677,315,87,114,878,80677,57036,23641,6026,11705,68972,7.62624628345129,7.91966653061224,6.91834402817139,6.84602640557584,7.57755015378043,7.63451033549847,141
"145",2019,12,7.48455781598513,1076,7.77574162612036,6.71366101694915,6.49322033898305,7.49166666666667,7.48376467975207,781,295,59,108,968,81753,57817,23936,6085,11813,69940,7.62438143701149,7.91772237317744,6.91582140583222,6.8426056072309,7.57676496656226,7.63242395010009,142
"146",2020,1,7.43774528375734,1533,7.70876949907236,6.79562637362637,6.56578947368421,7.33794326241135,7.44785454022989,1078,455,114,141,1392,83286,58895,24391,6199,11954,71332,7.62094612708018,7.91389774972408,6.91357923701365,6.83751494111954,7.57394801321733,7.6288221918634,143
"147",2020,2,7.44892291487532,1163,7.7921716875,6.69245179063361,6.46266666666667,7.4009474137931,7.454238252149,800,363,75,116,1047,84449,59695,24754,6274,12070,72379,7.61857708782816,7.91226644308568,6.91033655853599,6.83303396875996,7.57228537282518,7.62629674408323,144
"148",2020,3,7.60088202757502,1233,7.87991424345848,6.90803084745763,6.87012820512821,7.43775,7.62520739981361,879,354,78,160,1073,85682,60574,25108,6352,12230,73452,7.61832244847226,7.91179697460957,6.91030405010355,6.83348947103275,7.57052530253475,7.62628083074661,145
"149",2020,4,7.60621486590038,1044,7.89266005398111,6.9057003960396,7.043359375,7.612,7.60546354978355,741,303,64,120,924,86726,61315,25411,6416,12350,74376,7.6181766984526,7.91156570235668,6.9102491562709,6.83558293640898,7.57092829554655,7.62602221012154,146
"150",2020,5,7.50056568226121,1026,7.7871240027137,6.76979238754325,6.62366666666667,7.32498379310345,7.52294754945055,737,289,60,116,910,87752,62052,25700,6476,12466,75286,7.61680158560489,7.91008769145233,6.90866970077821,6.83361953675108,7.56863970559923,7.62477632189252,147
"151",2020,6,7.53998747747748,888,7.81896669381107,6.91482967153285,6.62121212121212,7.53,7.54097633663366,614,274,66,80,808,88640,62666,25974,6542,12546,76094,7.61603205798737,7.90919489005202,6.90873468237468,6.83147663099969,7.56839331818906,7.6238864963072,148
"152",2020,7,7.50019731034483,870,7.80766987158909,6.72466935222672,6.68461538461538,7.31328282828283,7.52419800259403,623,247,65,99,771,89510,63289,26221,6607,12645,76865,7.61490619238074,7.90819550490606,6.90700079974066,6.83003180263357,7.56639601186239,7.62288656358551,149
"153",2020,8,7.49759819603754,959,7.77853491150442,6.81975088967972,6.86724137931034,7.34055555555556,7.51386268124281,678,281,58,90,869,90469,63967,26502,6665,12735,77734,7.61366269053488,7.906821204371,6.90607569126858,6.83035560690173,7.56479996623478,7.62166776931587,150
"154",2020,9,7.46934509933775,906,7.77500259780908,6.73782771535581,6.58629032258064,7.6196,7.45070305210918,639,267,62,100,806,91375,64606,26769,6727,12835,78540,7.6122317549658,7.90551742314955,6.90439754828346,6.82810615727665,7.56522692403583,7.61991328036669,151
"155",2020,10,7.49255567338282,943,7.68088323353293,7.03509090909091,6.61714285714286,7.52510416666667,7.4888665879575,668,275,70,96,847,92318,65274,27044,6797,12931,79387,7.61100930056977,7.90321856543187,6.90572651863629,6.82593351772841,7.5649290518908,7.61851511003061,152
"156",2020,11,7.5066344239226,1137,7.76522036057692,6.80124590163934,6.38015625,7.5570652173913,7.50219458373206,832,305,64,92,1045,93455,66106,27349,6861,13023,80432,7.60973944625756,7.90148174114301,6.90456133569783,6.82177526891124,7.56487349842586,7.61700383404615,153
"157",2020,12,7.44298850862069,1160,7.7257292969697,6.74668656716418,6.27440476190476,7.51729508196721,7.43425498073218,825,335,84,122,1038,94615,66931,27684,6945,13145,81470,7.60769504433758,7.89931539421195,6.90265091641381,6.81515480489561,7.56443191860022,7.61467545170001,154
"158",2021,1,7.51713263089005,1528,7.74771029385574,6.87777777777778,6.51969072164948,7.38297202797203,7.53098459205776,1123,405,97,143,1385,96143,68054,28089,7042,13288,82855,7.60625573655908,7.89681366723484,6.90229228416818,6.8110849360977,7.56247912176399,7.6132764795124,155
"159",2021,2,7.53372338709677,1054,7.74346615681234,6.94249195652174,6.74074074074074,7.29,7.55510263157895,778,276,54,85,969,97197,68832,28365,7096,13373,83824,7.60546919894647,7.89508039836122,6.90268343909748,6.81054962232244,7.56074721977118,7.61260399360565,156
"160",2021,3,7.52388455756422,1051,7.73512934895833,6.95061247349823,6.46057142857143,7.40798198198198,7.53757092553191,768,283,70,111,940,98248,69600,28648,7166,13484,84764,7.60459645387184,7.89331542126437,6.90315690728846,6.80713091264304,7.55948965959655,7.61177190587985,157
"161",2021,4,7.54754488290398,854,7.73005257097792,7.02159090909091,6.50714285714286,7.48761194029851,7.55264717916137,634,220,42,67,787,99102,70234,28868,7208,13551,85551,7.60410481857077,7.89184165290315,6.90405948039351,6.8053829245283,7.55913427569921,7.61122800621851,158
"162",2021,5,7.35578037613489,771,7.63736711069418,6.72516806722689,6.21833333333333,7.39558823529412,7.35192982930299,533,238,60,68,703,99873,70767,29106,7268,13619,86254,7.60218780250919,7.88992501194059,6.90259668384525,6.80053661529995,7.55831768632058,7.60911463619078,159
"163",2021,6,7.41820256776034,701,7.59171206225681,6.94128342245989,6.78829268292683,7.42301587301587,7.41772727272727,514,187,41,63,638,100574,71281,29293,7309,13682,86892,7.60090542684988,7.88777462886323,6.90284365138429,6.80046793268573,7.55769467694781,7.60770938440823,160
"164",2021,7,7.38744332490518,791,7.66355850088183,6.68852678571429,6.41071428571429,7.42873563218391,7.38234044034091,567,224,56,87,704,101365,71848,29517,7365,13769,87596,7.59923967908055,7.88600519137624,6.90121723345868,6.79750442905635,7.55687984385213,7.60589811749395,161
"165",2021,8,7.38679545006165,811,7.65380814878893,6.72442060085837,6.53234375,7.20390243902439,7.40736777777778,578,233,64,82,729,102176,72426,29750,7429,13851,88325,7.59755344875509,7.88415212906967,6.89983257411764,6.79522009960964,7.55479016460905,7.60425952572884,162
"166",2021,9,7.37452113832853,694,7.64259182952183,6.76915962441315,6.27872727272727,7.27494796875,7.38463650793651,481,213,55,64,630,102870,72907,29963,7484,13915,88955,7.59604878827647,7.88255844802282,6.89890365050228,6.79142438802779,7.55350307150556,7.60270410443482,163
"167",2021,10,7.36599909336942,739,7.59177222648752,6.82642201834862,6.44563636363636,6.95014705882353,7.40814207153502,521,218,55,68,671,103609,73428,30181,7539,13983,89626,7.59440793927169,7.88049520755025,6.89838010934031,6.7889017270195,7.55056892226274,7.60124748331957,164
"168",2021,11,7.34232911290323,868,7.60124441275168,6.775,6.52835820895522,7.11079545454545,7.36845085897436,596,272,67,88,780,104477,74024,30453,7606,14071,90406,7.5923136561157,7.87824683575597,6.89727810330673,6.78660664212464,7.54781858005827,7.59923897318762,165
"169",2021,12,7.37720213247173,1238,7.60189370875995,6.82705200557103,6.31435897435897,7.56530161904762,7.35977014121801,879,359,78,105,1133,105715,74903,30812,7684,14176,91539,7.58979454278012,7.87500378275903,6.89645987764507,6.78181287350338,7.54794807491534,7.59627501043271,166
"170",2022,1,7.37160198555957,1662,7.61771566164154,6.74369658119658,6.31922616071429,7.46933823529412,7.36289154652687,1194,468,112,136,1526,107377,76097,31280,7796,14312,93065,7.58641732018961,7.87096680342195,6.89417428868286,6.77516719471524,7.54720108370598,7.59244818868533,167
"171",2022,2,7.26257337526205,954,7.53608169440242,6.64554607508532,6.30302469135802,7.31622093023256,7.25725806451613,661,293,81,86,868,108331,76758,31573,7877,14398,93933,7.58356543916331,7.8680829469241,6.89186699870142,6.77031210486226,7.54582142728156,7.58935082111718,168
"172",2022,3,7.35311412162162,888,7.60823036624204,6.73691026923077,6.68801,7.1209746835443,7.37578286773795,628,260,67,79,809,109219,77386,31833,7944,14477,94742,7.58169176544374,7.86597420088905,6.89060137027613,6.76961796576032,7.5435030676245,7.58752716873192,169
"173",2022,4,7.37129690949227,906,7.60828767123288,6.74598393574297,6.58928571428571,7.23033018867925,7.389975,657,249,56,106,800,110125,78043,32082,8000,14583,95542,7.57996084385925,7.86380488333354,6.8894789420859,6.76835564,7.54122669615305,7.58587300893847,170
"174",2022,5,7.24250576036866,868,7.47425409836066,6.69457364341085,6.12238805970149,7.01943820224719,7.26799101412067,610,258,67,89,779,110993,78653,32340,8067,14672,96321,7.57732183948537,7.86078368924262,6.88792403896104,6.76299059377712,7.53806153966739,7.58330212539321,171
"175",2022,6,7.32644966442953,745,7.53701520912548,6.82070776255708,6.70145,7.16716417910448,7.34219026548673,526,219,40,67,678,111738,79179,32559,8107,14739,96999,7.57564917870375,7.85863283837886,6.88747192542768,6.76268695201678,7.53637552819051,7.58161681068877,172
"176",2022,7,7.23962724935733,778,7.43297345132743,6.72676056338028,6.54883720930233,7.37753246753247,7.22447931526391,565,213,43,77,701,112516,79744,32772,8150,14816,97700,7.57332573082939,7.85561696817315,6.88642738984499,6.76155866503067,7.5355500074244,7.57905434002047,173
"177",2022,8,7.30929770114943,870,7.5788304,6.62171428571429,6.42,7.37621052631579,7.30109548387097,625,245,48,95,775,113386,80369,33017,8198,14911,98475,7.57129986885506,7.85346450136246,6.88446310749008,6.75955880946572,7.53453483401515,7.57686679888296,174
"178",2022,9,7.21911209497207,358,7.48309808943089,6.63928571428571,6.54444444444444,7.22972972972973,7.21788825545171,246,112,18,37,321,113744,80615,33129,8216,14948,98796,7.57019138644676,7.85233431296905,6.88363423043255,6.75908752677702,7.53378036593524,7.5757004347342,175
"179",2022,10,6.75,2,6.75,NA,NA,6.75,NA,2,0,0,2,0,113746,80617,33129,8216,14950,98796,7.57017696499218,7.85230696552836,6.88363423043255,6.75908752677702,7.53367551237458,7.5757004347342,176
"180",2022,11,7.7,2,7.7,NA,NA,7.7,NA,2,0,0,2,0,113748,80619,33129,8216,14952,98796,7.57017924763512,7.85230318708989,6.88363423043255,6.75908752677702,7.53369776016586,7.5757004347342,177
"181",2022,12,7.23246837349398,664,7.45867835051546,6.6195530726257,6.18472222222222,7.17280769230769,7.24040955631399,485,179,36,78,586,114412,81104,33308,8252,15030,99382,7.56821931318393,7.84994931988558,6.88221503602738,6.75658181289384,7.53182487757817,7.57372341218732,178
