"","year","month","avg_rating","no_ratings","avg_rating_owned","avg_rating_not_owned","avg_rating_prev_owned","avg_rating_comment","avg_rating_no_comment","no_ratings_owned","no_ratings_not_owned","no_ratings_prev_owned","no_ratings_comment","no_ratings_no_comment","cum_no_ratings","cum_no_ratings_owned","cum_no_ratings_not_owned","cum_no_ratings_prev_owned","cum_no_ratings_comment","cum_no_ratings_no_comment","cum_avg_rating","cum_avg_rating_owned","cum_avg_rating_not_owned","cum_avg_rating_prev_owned","cum_avg_rating_comment","cum_avg_rating_no_comment","month_after_release"
"1",2002,4,9.5,6,9.8,8,NA,9.6,9,5,1,0,5,1,6,5,1,0,5,1,9.5,9.8,8,NA,9.6,9,0
"2",2002,5,8.3,10,8.5,8,NA,8.66666666666667,8.14285714285714,6,4,0,3,7,16,11,5,0,8,8,8.75,9.09090909090909,8,NA,9.25,8.25,1
"3",2002,6,9.13636363636364,11,9.22222222222222,8.75,9,9,9.15,9,2,1,1,10,27,20,7,1,9,18,8.90740740740741,9.15,8.21428571428571,9,9.22222222222222,8.75,2
"4",2002,7,8.61538461538461,13,8.54545454545454,9,NA,9.5,7.85714285714286,11,2,0,6,7,40,31,9,1,15,25,8.8125,8.93548387096774,8.38888888888889,9,9.33333333333333,8.5,3
"5",2002,8,8.88888888888889,9,9.125,7,NA,8.66666666666667,9,8,1,0,3,6,49,39,10,1,18,31,8.8265306122449,8.97435897435897,8.25,9,9.22222222222222,8.59677419354839,4
"6",2002,9,9.19,10,9.42857142857143,8.63333333333333,9,9.25,9.15,7,3,1,4,6,59,46,13,2,22,37,8.88813559322034,9.04347826086956,8.33846153846154,9,9.22727272727273,8.68648648648649,5
"7",2002,10,9.33333333333333,9,9.83333333333333,8.33333333333333,NA,9.5,9.28571428571429,6,3,0,2,7,68,52,16,2,24,44,8.94705882352941,9.13461538461538,8.3375,9,9.25,8.78181818181818,6
"8",2002,11,9,12,9,NA,NA,8.75,9.125,12,0,0,4,8,80,64,16,2,28,52,8.955,9.109375,8.3375,9,9.17857142857143,8.83461538461538,7
"9",2002,12,9.1875,16,9.2,9,NA,9.33333333333333,9.15384615384615,15,1,0,3,13,96,79,17,2,31,65,8.99375,9.12658227848101,8.37647058823529,9,9.19354838709677,8.89846153846154,8
"10",2003,1,9.1551724137931,29,9.25,8.7,8.75,9.15,9.1578947368421,24,5,2,10,19,125,103,22,4,41,84,9.0312,9.15533980582524,8.45,8.875,9.18292682926829,8.95714285714286,9
"11",2003,2,9.1875,16,9.46153846153846,8,8.5,9.375,9,13,3,2,8,8,141,116,25,6,49,92,9.04893617021277,9.18965517241379,8.396,8.75,9.21428571428571,8.96086956521739,10
"12",2003,3,9.09090909090909,22,9.05555555555556,9.25,10,9.16666666666667,9,18,4,1,12,10,163,134,29,7,61,102,9.05460122699387,9.17164179104478,8.51379310344828,8.92857142857143,9.20491803278689,8.96470588235294,11
"13",2003,4,9,27,9.10526315789474,8.75,9,9.31818181818182,8.78125,19,8,1,11,16,190,153,37,8,72,118,9.04684210526316,9.16339869281046,8.56486486486487,8.9375,9.22222222222222,8.93983050847458,12
"14",2003,5,8.940625,32,9.20740740740741,7.5,NA,9.03333333333333,8.85882352941177,27,5,0,15,17,222,180,42,8,87,135,9.03153153153153,9.17,8.43809523809524,8.9375,9.18965517241379,8.92962962962963,13
"15",2003,6,9.08064516129032,31,9.28,8.25,10,9.13888888888889,9,25,6,1,18,13,253,205,48,9,105,148,9.03754940711462,9.18341463414634,8.41458333333333,9.05555555555556,9.18095238095238,8.93581081081081,14
"16",2003,7,8.76851851851852,81,9.11507936507937,7.55555555555556,NA,8.87931034482759,8.70673076923077,63,18,0,29,52,334,268,66,9,134,200,8.97230538922156,9.16735074626866,8.18030303030303,9.05555555555556,9.11567164179104,8.87625,15
"17",2003,8,8.80192307692308,52,9.03076923076923,8.11538461538461,9,8.79545454545454,8.80666666666667,39,13,1,22,30,386,307,79,10,156,230,8.94935233160622,9.15,8.16962025316456,9.05,9.07051282051282,8.86717391304348,16
"18",2003,9,8.91025641025641,39,8.87142857142857,9.25,9.5,9.34375,8.60869565217391,35,4,2,16,23,425,342,83,12,172,253,8.94576470588235,9.12149122807018,8.22168674698795,9.125,9.09593023255814,8.84367588932806,17
"19",2003,10,8.74242424242424,33,8.77586206896552,8.5,8,9.40909090909091,8.40909090909091,29,4,1,11,22,458,371,87,13,183,275,8.9311135371179,9.094474393531,8.23448275862069,9.03846153846154,9.11475409836066,8.80890909090909,18
"20",2003,11,9.21428571428571,21,9.38888888888889,8.16666666666667,NA,9.36363636363636,9.05,18,3,0,11,10,479,389,90,13,194,285,8.94352818371607,9.10809768637532,8.23222222222222,9.03846153846154,9.12886597938144,8.81736842105263,19
"21",2003,12,9.12051282051282,39,9.14242424242424,9,9,9.01333333333333,9.1875,33,6,1,15,24,518,422,96,14,209,309,8.95685328185328,9.11078199052133,8.28020833333334,9.03571428571429,9.12057416267943,8.84611650485437,20
"22",2004,1,8.80188679245283,53,8.98888888888889,7.75,NA,9.08333333333333,8.56896551724138,45,8,0,24,29,571,467,104,14,233,338,8.94246935201401,9.09903640256959,8.23942307692308,9.03571428571429,9.11673819742489,8.82233727810651,21
"23",2004,2,8.97592592592593,54,9.18510638297872,7.57142857142857,8,8.45238095238095,9.30909090909091,47,7,1,21,33,625,514,111,15,254,371,8.94536,9.10690661478599,8.1972972972973,8.96666666666667,9.06181102362205,8.86563342318059,22
"24",2004,3,8.29411764705882,51,8.7,6.81818181818182,NA,7.53125,8.64285714285714,40,11,0,16,35,676,554,122,15,270,406,8.89622781065089,9.07752707581227,8.07295081967213,8.96666666666667,8.97111111111111,8.84642857142857,23
"25",2004,4,8.9030303030303,66,9.01964285714286,8.25,9,8.84,8.94146341463415,56,10,2,25,41,742,610,132,17,295,447,8.89683288409703,9.0722131147541,8.08636363636364,8.97058823529412,8.96,8.85514541387025,24
"26",2004,5,8.68421052631579,57,8.96428571428571,7.9,NA,8.69565217391304,8.67647058823529,42,15,0,23,34,799,652,147,17,318,481,8.88166458072591,9.06526073619632,8.06734693877551,8.97058823529412,8.94088050314465,8.84251559251559,25
"27",2004,6,8.59672131147541,61,8.778,7.77272727272727,NA,8.495,8.64634146341463,50,11,0,20,41,860,702,158,17,338,522,8.86145348837209,9.04480056980057,8.04683544303798,8.97058823529412,8.91449704142012,8.82710727969349,26
"28",2004,7,8.48545454545455,55,8.67391304347826,7.52222222222222,NA,8.22,8.70666666666667,46,9,0,25,30,915,748,167,17,363,552,8.83885245901639,9.02199197860962,8.0185628742515,8.97058823529412,8.86666666666667,8.8205615942029,27
"29",2004,8,8.85381568181818,44,8.89189189189189,8.65255571428571,9,8.57142857142857,8.98559633333333,37,7,1,14,30,959,785,174,18,377,582,8.83953898852972,9.01585987261146,8.04406833333333,8.97222222222222,8.85570291777188,8.8290685395189,28
"30",2004,9,8.76063829787234,94,8.94342105263158,7.98888888888889,7.5,8.605,8.87592592592593,76,18,2,40,54,1053,861,192,20,417,636,8.83249562203229,9.00946573751452,8.03889526041667,8.825,8.83165467625899,8.83304699685535,29
"31",2004,10,8.61230769230769,65,8.81785714285714,7.33333333333333,7,8.6962962962963,8.55263157894737,56,9,3,27,38,1118,917,201,23,444,674,8.81969399821109,8.99776444929116,8.00730293532338,8.58695652173913,8.82342342342343,8.81723722551929,30
"32",2004,11,8.63920454545454,88,8.79666666666667,7.73076923076923,6.66666666666667,8.62837837837838,8.64705882352941,75,13,3,37,51,1206,992,214,26,481,725,8.80652395522388,8.98256048387096,7.9905041588785,8.36538461538461,8.80841995841996,8.80526605517242,31
"33",2004,12,8.61142857142857,70,8.81333333333333,7.4,9.5,8.91290322580645,8.37179487179487,60,10,1,31,39,1276,1052,224,27,512,764,8.79582123040752,8.97290874524714,7.96414236607143,8.40740740740741,8.81474609375,8.78313859947644,32
"34",2005,1,8.63722693548387,124,8.81094254901961,7.83181818181818,8,8.18404652173913,8.90448717948718,102,22,4,46,78,1400,1154,246,31,558,842,8.78177430714286,8.95859284228769,7.95230849593496,8.35483870967742,8.7627529390681,8.79437991686461,33
"35",2005,2,8.90978260869565,92,8.97051282051282,8.57142857142857,NA,8.88181818181818,8.93541666666667,78,14,0,44,48,1492,1232,260,31,602,890,8.78966758042895,8.95934751623376,7.98564573076923,8.35483870967742,8.7714553820598,8.80198639325843,34
"36",2005,3,8.47222222222222,90,8.60759493670886,7.5,9,8.16585365853659,8.72857142857143,79,11,1,41,49,1582,1311,271,32,643,939,8.77160810998735,8.93815113653699,7.96593317343173,8.375,8.7328400311042,8.79815536741214,35
"37",2005,4,8.70783132530121,83,8.81521739130435,8.17857142857143,NA,8.56944444444444,8.81382978723404,69,14,0,36,47,1665,1380,285,32,679,986,8.76842884684684,8.93200444927536,7.97637856140351,8.375,8.72417693667158,8.79890252535497,36
"38",2005,5,8.66911764705882,68,8.88679245283019,7.9,NA,8.62068965517241,8.7051282051282,53,15,0,29,39,1733,1433,300,32,708,1025,8.76453204270052,8.93033226796929,7.97255963333333,8.375,8.71993805084746,8.79533452682927,37
"39",2005,6,8.50714285714286,84,8.61538461538461,8.13684210526316,7.5,8.344,8.57627118644068,65,19,2,25,59,1817,1498,319,34,733,1084,8.75263292790313,8.91666631508678,7.98234448275862,8.32352941176471,8.70711615279673,8.78341133763838,38
"40",2005,7,8.71511627906977,86,8.91304347826087,7.91176470588235,8.5,8.7962962962963,8.67796610169492,69,17,2,27,59,1903,1567,336,36,760,1143,8.7509374829217,8.91650679004467,7.97877348214286,8.33333333333333,8.71028439473685,8.77796840769904,39
"41",2005,8,8.51777777777778,90,8.65416666666667,7.97222222222222,9.66666666666667,8.81818181818182,8.34385964912281,72,18,3,33,57,1993,1639,354,39,793,1200,8.74040844455594,8.90498239170226,7.97844036723164,8.43589743589744,8.71477445145019,8.75734824166667,40
"42",2005,9,8.35795454545454,88,8.43870967741936,8.16538461538462,9,8.22,8.47291666666667,62,26,4,40,48,2081,1701,380,43,833,1248,8.72423547813551,8.88798714873604,7.99123128947368,8.48837209302326,8.69101577430973,8.74640856570513,41
"43",2005,10,8.46285714285714,105,8.75119047619048,7.30952380952381,9,8.51923076923077,8.40754716981132,84,21,1,52,53,2186,1785,401,44,885,1301,8.71168070905764,8.8815496582633,7.95553089775561,8.5,8.6809221920904,8.732604066103,42
"44",2005,11,8.684,110,8.8163829787234,7.90625,8,8.53542857142857,8.75333333333333,94,16,1,35,75,2296,1879,417,45,920,1376,8.71035454268292,8.87828959020756,7.95364002398082,8.48888888888889,8.67538710869566,8.73373393168605,43
"45",2005,12,8.46842105263158,133,8.75,7.36296296296296,7.66666666666667,8.2425,8.56559139784946,106,27,3,40,93,2429,1985,444,48,960,1469,8.69710746397694,8.87143886146096,7.91772047297297,8.4375,8.65735014583334,8.72308910142955,44
"46",2006,1,8.57589285714286,168,8.80698529411765,7.59375,9,8.55298507462687,8.59108910891089,136,32,1,67,101,2597,2121,476,49,1027,1570,8.6892660877936,8.86730605374823,7.89594094537815,8.44897959183674,8.65054151898735,8.71459738216561,45
"47",2006,2,8.48545445454545,110,8.61847815217391,7.80555555555556,NA,8.26749975,8.61,92,18,0,40,70,2707,2213,494,49,1067,1640,8.68098412264499,8.85696164934478,7.89264755060729,8.44897959183674,8.63618194001875,8.7101328597561,46
"48",2006,3,8.60896,125,8.78058252427184,7.80545454545455,8,8.48139534883721,8.67585365853659,103,22,2,43,82,2832,2316,516,51,1110,1722,8.67780509180791,8.85356482297064,7.88893001937985,8.43137254901961,8.63018570270271,8.70850051684088,47
"49",2006,4,8.61379310344828,87,8.99850746268657,7.325,8.25,8.65714285714286,8.59322033898305,67,20,4,28,59,2919,2383,536,55,1138,1781,8.67589723192874,8.85764000419639,7.86788785447761,8.41818181818182,8.63084897188049,8.7046815777653,48
"50",2006,5,8.45744680851064,94,8.79452054794521,7.28571428571429,6,8.37297297297297,8.51228070175439,73,21,1,37,57,3013,2456,557,56,1175,1838,8.66908198473282,8.85576389657981,7.84593876122083,8.375,8.6227286212766,8.6987148476605,49
"51",2006,6,8.48039215686275,102,8.76436781609195,6.83333333333333,6.83333333333333,8.415625,8.51,87,15,3,32,70,3115,2543,572,59,1207,1908,8.66290337720706,8.85263709398349,7.81938442307692,8.29661016949153,8.61723788732395,8.69179134696017,50
"52",2006,7,8.27857142857143,126,8.65978260869565,7.24705882352941,7.6,8.27027027027027,8.28202247191011,92,34,5,37,89,3241,2635,606,64,1244,1997,8.64796174637457,8.84590365464896,7.78727374587459,8.2421875,8.60691811093248,8.67352923885829,51
"53",2006,8,8.40188679245283,106,8.66585365853659,7.5,7.8,8.22432432432432,8.49710144927536,82,24,5,37,69,3347,2717,630,69,1281,2066,8.64016851508813,8.84046968347442,7.77632998412698,8.21014492753623,8.59586739266199,8.66763692642788,52
"54",2006,9,8.26754385964912,114,8.53333333333333,7.52333333333333,8.1,8.61621621621622,8.1,84,30,5,37,77,3461,2801,660,74,1318,2143,8.62789483386304,8.83125888254195,7.76483013636364,8.2027027027027,8.59643864188164,8.64724119925338,53
"55",2006,10,8.325,120,8.51648351648352,7.72413793103448,8.125,8.29268292682927,8.34177215189873,91,29,4,41,79,3581,2892,689,78,1359,2222,8.61774476961742,8.82135412517289,7.76311740203193,8.19871794871795,8.58727456217808,8.63638068856886,54
"56",2006,11,8.22377622377622,143,8.49385964912281,7.16206896551724,6.5,8.00444444444445,8.32448979591837,114,29,4,45,98,3724,3006,718,82,1404,2320,8.60261654672395,8.80893417498337,7.7388410724234,8.11585365853659,8.56859410968661,8.62320598706897,55
"57",2006,12,8.32392156862745,204,8.5160248447205,7.6046511627907,7.3,7.91818181818182,8.47369127516779,161,43,5,55,149,3928,3167,761,87,1459,2469,8.58814257128309,8.79404361540891,7.73125872536137,8.06896551724138,8.54407548320768,8.61418302551641,56
"58",2007,1,8.47747933884298,242,8.64472222222222,7.99193548387097,8,8.26666666666667,8.54697802197802,180,62,4,60,182,4170,3347,823,91,1519,2651,8.58172038848921,8.78601318494174,7.75089658566221,8.06593406593407,8.53311792626728,8.60956917766881,57
"59",2007,2,8.24710382550336,149,8.41981308411215,7.80710642857143,8.16666666666667,8.1855,8.26971073394495,107,42,6,40,109,4319,3454,865,97,1559,2760,8.57017654318129,8.77466882744644,7.75362584971098,8.07216494845361,8.52419892880052,8.59614723188406,58
"60",2007,3,8.10110404624277,173,8.43108461538461,7.10348837209302,8.75,7.91438181818182,8.18813559322034,130,43,4,55,118,4492,3584,908,101,1614,2878,8.55211119545859,8.76220623046875,7.72283740088106,8.0990099009901,8.50341829615861,8.57941847116053,59
"61",2007,4,8.22124076433121,157,8.42098965517241,7.65609756097561,8.25,7.92674418604651,8.33232280701754,116,41,8,43,114,4649,3700,949,109,1657,2992,8.54093746827274,8.75150862972973,7.71995401475237,8.11009174311927,8.48845330718166,8.57000372994653,60
"62",2007,5,8.28764814814815,162,8.38333333333333,8.0142619047619,8,8.32608695652174,8.27240517241379,120,42,7,46,116,4811,3820,991,116,1703,3108,8.5324084992725,8.73994291361257,7.73242720484359,8.10344827586207,8.48406760422784,8.55889644787645,61
"63",2007,6,8.50989583333333,192,8.67333333333333,8.12280701754386,8.33333333333333,8.36363636363636,8.55337837837838,135,57,6,44,148,5003,3955,1048,122,1747,3256,8.53154453128123,8.73766926169406,7.75365969465649,8.11475409836066,8.48103441900401,8.55864562653563,62
"64",2007,7,8.30322580645161,186,8.43525179856115,7.91276595744681,7,8.18688524590164,8.36,139,47,5,61,125,5189,4094,1095,127,1808,3381,8.52336043360956,8.72740154616512,7.76048891324201,8.07086614173229,8.47111013827434,8.55130143744455,63
"65",2007,8,8.38364779874214,159,8.45967741935484,8.11428571428571,8.25,8.11458333333333,8.5,124,35,6,48,111,5348,4218,1130,133,1856,3492,8.51920667352281,8.71953104077762,7.77144722123894,8.07894736842105,8.4618896174569,8.54967072164949,64
"66",2007,9,8.29936708860759,158,8.52857142857143,7.6,7.75,7.99555555555556,8.42035398230088,119,39,4,45,113,5506,4337,1169,137,1901,3605,8.51289816382129,8.71429142955961,7.7657274251497,8.06934306569343,8.45085067332983,8.54561724271845,65
"67",2007,10,8.35818181818182,209,8.53433962264151,7.798,8.5,8.36865384615385,8.35471337579618,159,50,2,52,157,5715,4496,1219,139,1953,3762,8.50724012073491,8.70792747553381,7.76705115668581,8.07553956834533,8.448662124936,8.53765022860181,66
"68",2007,11,8.25087336244541,229,8.52617647058823,7.45762711864407,7.3875,7.97272727272727,8.39177631578947,170,59,8,77,152,5944,4666,1278,147,2030,3914,8.49736327220727,8.70130560008573,7.75276632237872,8.03809523809524,8.43060942364532,8.531985222279,67
"69",2007,12,8.14169741697417,271,8.48606965174129,7.15285714285714,6.94444444444444,7.78766233766234,8.28221649484536,201,70,9,77,194,6215,4867,1348,156,2107,4108,8.48185475301689,8.69241666940621,7.72161376854599,7.975,8.40711301850973,8.52018991236612,68
"70",2008,1,8.1094249201278,313,8.38888888888889,7.28164556962025,7,7.92577319587629,8.19189814814815,234,79,12,97,216,6528,5101,1427,168,2204,4324,8.4639977466299,8.67849283081749,7.69725673440785,7.90535714285714,8.38592882486389,8.50379050878816,69
"71",2008,2,8.26966642533937,221,8.58271595238095,7.27735849056604,8,8.10285714285714,8.34699523178808,168,53,14,70,151,6749,5269,1480,182,2274,4475,8.45763425248185,8.67543902258493,7.68221983783784,7.91263736263736,8.37721509674582,8.49849976312849,70
"72",2008,3,8.31438356164383,219,8.55664739884393,7.40326086956522,8.42857142857143,8.1,8.40888157894737,173,46,7,67,152,6968,5442,1526,189,2341,4627,8.45313197043628,8.67166266262404,7.67381085190039,7.93174603174603,8.36928113199488,8.49555574670413,71
"73",2008,4,8.33853211009174,218,8.55172413793103,7.49545454545455,7.45,8.19818181818182,8.38588957055215,174,44,10,55,163,7186,5616,1570,199,2396,4790,8.44965538129697,8.66794661858975,7.66881233121019,7.90753768844221,8.36535356010017,8.4918238914405,72
"74",2008,5,8.3518407960199,201,8.68401360544218,7.44759259259259,7.21875,8.0991935483871,8.46453237410072,147,54,8,62,139,7387,5763,1624,207,2458,4929,8.44699385000677,8.66835644803054,7.66145650246305,7.88091787439614,8.35864000406835,8.49105425847028,73
"75",2008,6,8.15773809523809,168,8.52,7.1046511627907,7.25,7.98775510204082,8.22773109243697,125,43,4,49,119,7555,5888,1667,211,2507,5048,8.44056169027134,8.66520689707881,7.64709379724055,7.86895734597156,8.35139095731951,8.48484675911252,74
"76",2008,7,8.37059907834101,217,8.62706586826347,7.514,7.91666666666667,8.34070175438596,8.38125,167,50,12,57,160,7772,6055,1717,223,2564,5208,8.43860828229542,8.66415494797688,7.6432180314502,7.87152466367713,8.35115332683308,8.48166406298003,75
"77",2008,8,8.14787037037037,324,8.62480952380952,7.26929824561403,7.96428571428571,7.93775510204082,8.23898230088496,210,114,28,98,226,8096,6265,1831,251,2662,5434,8.42697302000988,8.66283610694334,7.6199373894047,7.88187250996016,8.33593430879039,8.47157093117409,76
"78",2008,9,8.2348275862069,174,8.58425925925926,7.6630303030303,7.52631578947368,7.68826086956522,8.43125,108,66,19,46,128,8270,6373,1897,270,2708,5562,8.42293029866989,8.66150450494273,7.62143666842383,7.85685185185185,8.32493247045791,8.47064301330457,77
"79",2008,10,8.2365625,160,8.67405660377358,7.37777777777778,7.79166666666667,8.22631578947368,8.23975409836066,106,54,12,38,122,8430,6479,1951,282,2746,5684,8.4193930688019,8.66170986417657,7.61469264992312,7.8540780141844,8.3235677822287,8.4656872695285,78
"80",2008,11,8.37178770949721,179,8.57796610169492,7.97295081967213,7.33,8.27142857142857,8.40255474452555,118,61,10,42,137,8609,6597,2012,292,2788,5821,8.41840324892555,8.66021194633925,7.62555435387674,7.8361301369863,8.32278232783358,8.46420141556434,79
"81",2008,12,8.34385281385281,231,8.55201219512195,7.83432835820896,7.55714285714286,8.31238805970149,8.35670731707317,164,67,14,67,164,8840,6761,2079,306,2855,5985,8.41645515497738,8.65758737021151,7.63228252044252,7.8233660130719,8.32253839929948,8.46125587969925,80
"82",2009,1,8.27908496732026,306,8.58333333333333,7.342,7.52272727272727,8.09655172413793,8.35159817351598,231,75,22,87,219,9146,6992,2154,328,2942,6204,8.41185912639405,8.6551341833524,7.62217519034355,7.8032012195122,8.31585558463631,8.45738498388137,81
"83",2009,2,8.19052478134111,343,8.57961165048544,7.60547445255474,7.24814814814815,7.96518987341772,8.25795454545455,206,137,27,79,264,9489,7198,2291,355,3021,6468,8.403858527769,8.65297279938872,7.62117649934526,7.76098591549296,8.30668557762331,8.4492449659864,82
"84",2009,3,8.03349358974359,312,8.34574468085106,7.56008064516129,7.49375,7.76428571428571,8.0923828125,188,124,24,56,256,9801,7386,2415,379,3077,6724,8.39206852055913,8.64515274979691,7.61803948654244,7.74406332453826,8.29681414689633,8.43565830458061,83
"85",2009,4,8.23053571428571,280,8.43679245283019,7.95950413223141,7.595,8.39574468085106,8.19721030042918,159,121,20,47,233,10081,7545,2536,399,3124,6957,8.3875819432596,8.64076185685885,7.63433176656151,7.73659147869674,8.2983025384123,8.42767233577692,84
"86",2009,5,8.34288461538462,260,8.49102564102564,8.12067307692308,7.11111111111111,8.30178571428571,8.35416666666667,156,104,18,56,204,10341,7701,2640,417,3180,7161,8.38645813460981,8.63772863394364,7.65349066666667,7.70959232613909,8.2983638773585,8.42557833263511,85
"87",2009,6,8.28553191489362,235,8.41605839416058,8.1030612244898,7.81818181818182,7.888,8.39297297297297,137,98,22,50,185,10576,7838,2738,439,3230,7346,8.38421554179274,8.63385407119163,7.6695819430241,7.71503416856492,8.29201149535604,8.42475720664307,86
"88",2009,7,8.22256097560976,246,8.48606060606061,7.6858024691358,7.545,7.95,8.27867647058824,165,81,20,42,204,10822,8003,2819,459,3272,7550,8.38054089539827,8.63080697363489,7.67004801702731,7.70762527233116,8.28762137224939,8.42081012450331,87
"89",2009,8,8.31352490421456,261,8.49082840236686,7.98782608695652,7.83714285714286,8.05087719298246,8.38691176470588,169,92,21,57,204,11083,8172,2911,480,3329,7754,8.37896269692322,8.62791216470876,7.68009115767777,7.71329166666667,8.28356777711025,8.4199182924942,88
"90",2009,9,7.91069536423841,302,8.27045454545454,7.22576923076923,7.3695652173913,7.74276315789474,7.96716814159292,198,104,23,76,226,11385,8370,3015,503,3405,7980,8.36654137637242,8.61945617801673,7.66441968822554,7.6975745526839,8.27149695447871,8.40709604511278,89
"91",2009,10,8.17081632653061,294,8.46556179775281,7.71853448275862,7.71666666666667,7.99051724137931,8.21512711864407,178,116,24,58,236,11679,8548,3131,527,3463,8216,8.36161431372549,8.61625154539073,7.66642458000639,7.6984440227704,8.26679097025701,8.40158184518014,90
"92",2009,11,8.16389776357827,313,8.43409090909091,7.81678832116788,8.01818181818182,7.95245901639344,8.21507936507937,176,137,22,61,252,11992,8724,3268,549,3524,8468,8.35645376667779,8.61257659445208,7.67272807833537,7.71125683060109,8.26134992338252,8.3960317005196,91
"93",2009,12,8.21585051546392,388,8.52586206896552,7.75480769230769,7.7,8.27967032967033,8.1962962962963,232,156,29,91,297,12380,8956,3424,578,3615,8765,8.35204713812601,8.61033030482358,7.67646768691589,7.71069204152249,8.26181110096819,8.38926371249287,92
"94",2010,1,8.13652908067542,533,8.49784660766962,7.50515463917526,7.38205128205128,7.91553398058252,8.18946511627907,339,194,39,103,430,12913,9295,3618,617,3718,9195,8.34315136451638,8.60622788703604,7.66728174682145,7.68991896272285,8.25221816299086,8.37992022185971,93
"95",2010,2,8.1977897574124,371,8.50576271186441,7.65940740740741,7.34782608695652,8.07285714285714,8.2268438538206,236,135,23,70,301,13284,9531,3753,640,3788,9496,8.33909165688046,8.60374023817018,7.66699849720224,7.677625,8.24890367740233,8.37506807497894,94
"96",2010,3,8.12304964539007,282,8.54358288770053,7.29526315789474,7.19736842105263,8.10555555555556,8.12719298245614,187,95,19,54,228,13566,9718,3848,659,3842,9724,8.33460073492555,8.6025826517802,7.65782103950104,7.6637784522003,8.24688889380531,8.36925611271082,95
"97",2010,4,8.17808510638298,235,8.44591836734694,7.73068181818182,7.8125,7.88194444444444,8.23165829145729,147,88,16,36,199,13801,9865,3936,675,3878,9923,8.3319356256793,8.60024817131272,7.65945004065041,7.6673037037037,8.24350106498195,8.36649666834627,96
"98",2010,5,8.04097222222222,216,8.34142857142857,7.4875,7.70454545454545,7.33,8.20255681818182,140,76,11,40,176,14017,10005,4012,686,3918,10099,8.32745192052508,8.59662650774613,7.65619276171485,7.66790087463557,8.23417486727923,8.36363961184276,97
"99",2010,6,7.90427041884817,191,8.42018348623853,7.21848353658537,6.75583333333333,7.49251911764706,7.99343949044586,109,82,12,34,157,14208,10114,4094,698,3952,10256,8.32176303631757,8.59472495649594,7.64742574743527,7.65222063037249,8.22779422570851,8.35797254680188,98
"100",2010,7,8.16363636363636,209,8.51851851851852,7.51621621621622,7.36363636363636,7.77142857142857,8.24252873563218,135,74,22,35,174,14417,10249,4168,720,3987,10430,8.31947070957897,8.593721164016,7.64509621161228,7.64340277777778,8.22378800601957,8.35604663854267,99
"101",2010,8,8.23353413654618,249,8.53222891566265,7.63614457831325,8.19375,8.09318181818182,8.26365853658537,166,83,16,44,205,14666,10415,4251,736,4031,10635,8.31801167462158,8.59274106673068,7.64492143260409,7.65536684782609,8.22236238650459,8.35426576774801,100
"102",2010,9,7.99336492890995,211,8.29327731092437,7.6054347826087,7.7,8.25945945945946,7.9367816091954,119,92,20,37,174,14877,10534,4343,756,4068,10809,8.31340722054178,8.58935809853807,7.64408496661294,7.65654761904762,8.22269979842675,8.34754523452679,101
"103",2010,10,8.14255319148936,235,8.47594936708861,7.45844155844156,7.22727272727273,8.26181818181818,8.10611111111111,158,77,22,55,180,15112,10692,4420,778,4123,10989,8.31075034542086,8.58768221193416,7.64085090723982,7.6444087403599,8.22322162988116,8.34359053963055,102
"104",2010,11,8.12835694050992,353,8.49319634703196,7.53208955223881,7.74,8.1046875,8.13359861591696,219,134,25,64,289,15465,10911,4554,803,4187,11278,8.30658708179761,8.58578574007882,7.63765063899868,7.64738480697385,8.22140978743731,8.33820947331088,103
"105",2010,12,8.12220744680851,376,8.44288461538462,7.40344827586207,7.64677419354839,7.89712643678161,8.18996539792388,260,116,31,87,289,15841,11171,4670,834,4274,11567,8.30221066978095,8.58245978068212,7.63183319271949,7.64736211031175,8.21480879270005,8.33450561424743,104
"106",2011,1,8.24250652741514,383,8.5914979757085,7.60867647058824,7.696,8.24133333333333,8.24279220779221,247,136,25,75,308,16224,11418,4806,859,4349,11875,8.30080123397437,8.58265529952706,7.63117790470246,7.64877764842841,8.21526621752127,8.33212685810527,105
"107",2011,2,8.32276816608996,289,8.58936170212766,7.82653465346535,7.89916666666667,8.14,8.36572649572649,188,101,24,55,234,16513,11606,4907,883,4404,12109,8.30118568521771,8.58276393331036,7.63519890156919,7.6555832389581,8.21432624432335,8.33277615327443,106
"108",2011,3,8.16535211267606,284,8.46775280898876,7.65754716981132,7.62272727272727,7.97515625,8.22068181818182,178,106,22,64,220,16797,11784,5013,905,4468,12329,8.29888904090017,8.58102666412084,7.63567145621384,7.65478453038674,8.21090035362579,8.33077592992133,107
"109",2011,4,8.20562015503876,258,8.38205128205128,7.93578431372549,7.73913043478261,8.0311320754717,8.25073170731707,156,102,23,53,205,17055,11940,5115,928,4521,12534,8.2974781131633,8.57842698576214,7.64165611143695,7.656875,8.20879291749613,8.32946676559758,108
"110",2011,5,8.08433734939759,249,8.4112676056338,7.65046728971963,7.35384615384615,7.57368421052632,8.17630331753555,142,107,26,38,211,17304,12082,5222,954,4559,12745,8.29441107374018,8.5764623580533,7.64183665453849,7.64861635220126,8.20349918403159,8.32693106630051,109
"111",2011,6,8.19884259259259,216,8.50984848484848,7.71011904761905,7.7375,8.08958333333333,8.23005952380952,132,84,24,48,168,17520,12214,5306,978,4607,12913,8.29323283219179,8.57574244391681,7.64291764229174,7.65079754601227,8.20231230301715,8.32567075350422,110
"112",2011,7,8.12487804878049,205,8.35777777777778,7.67571428571429,7.5,7.82894736842105,8.19221556886228,135,70,20,38,167,17725,12349,5376,998,4645,13080,8.29128571057829,8.5733596412665,7.64334468191964,7.6477755511022,8.1992578643703,8.32396685321101,111
"113",2011,8,8.25369003690037,271,8.48622448979592,7.646,7.72105263157895,8.21086956521739,8.26244444444444,196,75,19,46,225,17996,12545,5451,1017,4691,13305,8.29071956101357,8.57199826305301,7.64338121629059,7.64914454277286,8.19937172884247,8.32292645170989,112
"114",2011,9,8.05402489626556,241,8.37866666666667,7.5189010989011,7.04619047619048,8.19268292682927,8.0256,150,91,21,41,200,18237,12695,5542,1038,4732,13505,8.2875916663925,8.56971391965341,7.64133724467701,7.63694605009634,8.19931377430263,8.31852324620511,113
"115",2011,10,8.17252747252747,273,8.43240223463687,7.67765957446808,7.78333333333333,8.00857142857143,8.19663865546218,179,94,18,35,238,18510,12874,5636,1056,4767,13743,8.28589460940033,8.56780473900885,7.64194304648687,7.63944128787879,8.1979133165513,8.31641246016154,114
"116",2011,11,8.13027027027027,370,8.50539419087137,7.42945736434109,7.31428571428571,8.37272727272727,8.07763157894737,241,129,35,66,304,18880,13115,5765,1091,4833,14047,8.28284476800848,8.56665788867709,7.63718837987858,7.62901008249313,8.20030059590317,8.31124485228163,115
"117",2011,12,8.11534653465347,303,8.3529702970297,7.64009900990099,7.7,8.05847457627119,8.12909836065574,202,101,19,59,244,19183,13317,5866,1110,4892,14291,8.28019909398948,8.56341655102501,7.63723849471531,7.63022522522522,8.19859010220769,8.30813494087188,116
"118",2012,1,8.19107142857143,448,8.44432989690722,7.72165605095541,7.63461538461539,7.86311475409836,8.24276485788114,291,157,26,61,387,19631,13608,6023,1136,4953,14678,8.27816510722837,8.56086994488536,7.63943898555537,7.63032570422535,8.19445846557643,8.30641139392288,117
"119",2012,2,8.24175084175084,297,8.50175438596491,7.88888888888889,7.609375,7.91632653061224,8.30604838709677,171,126,32,49,248,19928,13779,6149,1168,5002,14926,8.27762240164593,8.56013630960157,7.64455049764189,7.62975171232877,8.19173386245503,8.30640536245478,118
"120",2012,3,8.20719298245614,285,8.50308988764045,7.71495327102804,7.7,8.27272727272727,8.19522821576764,178,107,15,44,241,20213,13957,6256,1183,5046,15167,8.27662935833375,8.55940877050942,7.64575463714834,7.63064243448859,8.19244010701547,8.30463878420255,119
"121",2012,4,8.14080882352941,272,8.46341463414634,7.65092592592593,7.7037037037037,8.40975609756098,8.09307359307359,164,108,27,41,231,20485,14121,6364,1210,5087,15398,8.27482593214548,8.55829390340628,7.64584239629164,7.63227272727273,8.19419162178102,8.3014648941421,120
"122",2012,5,8.17838951310861,267,8.41819875776397,7.81415094339623,7.92068965517241,8.19023255813953,8.17611607142857,161,106,29,43,224,20752,14282,6470,1239,5130,15622,8.27358515902082,8.55671462050133,7.64859984698609,7.63902340597256,8.19415843664718,8.29966754832928,121
"123",2012,6,8.14847328244275,262,8.46203703703704,7.6405,7.57272727272727,8.12444444444444,8.15345622119816,162,100,22,45,217,21014,14444,6570,1261,5175,15839,8.27202527933759,8.55565274231515,7.64847656164384,7.63786677240286,8.19355222801933,8.29766440053034,122
"124",2012,7,8.0565306122449,245,8.44424460431655,7.54811320754717,7.47222222222222,7.43589743589744,8.17402912621359,139,106,18,39,206,21259,14583,6676,1279,5214,16045,8.26954180441225,8.55459083933347,7.64688301527861,7.63553557466771,8.18788507479863,8.2960770607666,123
"125",2012,8,8.09461805555556,288,8.46350574712644,7.53157894736842,7.57241379310345,8.09285714285714,8.09504310344828,174,114,29,56,232,21547,14757,6790,1308,5270,16277,8.26720375087019,8.55351685369655,7.64494712960236,7.63413608562691,8.18687529032259,8.29321167537015,124
"126",2012,9,8.17857142857143,238,8.36862068965517,7.88225806451613,7.22666666666667,7.92558139534884,8.23435897435897,145,93,15,43,195,21785,14902,6883,1323,5313,16472,8.26623544732615,8.55171777009797,7.64815356821154,7.62951625094482,8.18476054583099,8.29251496114619,125
"127",2012,10,8.00903225806452,279,8.38023255813953,7.41233644859813,6.552,7.715,8.05824267782427,172,107,25,40,239,22064,15074,6990,1348,5353,16711,8.26298310460479,8.5497610594401,7.64454377825465,7.60953264094955,8.18125028582104,8.28916440907187,126
"128",2012,11,8.09267477203647,329,8.35025125628141,7.69838461538462,7.75966666666667,8.11125,8.08950177935943,199,130,30,48,281,22393,15273,7120,1378,5401,16992,8.2604809190372,8.54716154062725,7.64552682724719,7.61280116110305,8.18062817626366,8.28586254943503,127
"129",2012,12,8.14023598820059,339,8.43066037735849,7.65543307086614,7.40111111111111,8.10882352941177,8.14811808118081,212,127,36,68,271,22732,15485,7247,1414,5469,17263,8.25868771863453,8.54556656183403,7.6457004291431,7.60741159830269,8.17973537758275,8.28370019347738,128
"130",2013,1,8.07827407407407,405,8.38869444444444,7.56699346405229,7.26666666666667,8.2525593220339,8.0485549132948,252,153,30,59,346,23137,15737,7400,1444,5528,17609,8.25552968059818,8.54305453453644,7.64407310945946,7.6003324099723,8.18051262301014,8.27907981373162,129
"131",2013,2,8.2291265060241,332,8.52459595959596,7.79253731343284,7.3,8.21057692307692,8.23257142857143,198,134,28,52,280,23469,15935,7534,1472,5580,17889,8.25515617282373,8.54282517791026,7.64671369923016,7.59461956521739,8.1807927921147,8.27835186092012,130
"132",2013,3,8.06338983050848,295,8.44945355191257,7.43258928571429,7.31896551724138,8.20555555555556,8.0378,183,112,29,45,250,23764,16118,7646,1501,5625,18139,8.25277563625652,8.54176505831989,7.64357716583835,7.58929380413058,8.18099089422223,8.27503646507525,131
"133",2013,4,8.00178082191781,292,8.34326086956522,7.42,7.7,7.81473684210526,8.02976377952756,184,108,24,38,254,24056,16302,7754,1525,5663,18393,8.24972897489192,8.5395245497485,7.64046311710085,7.59103606557377,8.17853324739538,8.2716493470342,132
"134",2013,5,7.9295652173913,276,8.30369318181818,7.2711,7.48461538461538,7.57714285714286,7.9807468879668,176,100,26,35,241,24332,16478,7854,1551,5698,18634,8.24609732944271,8.53700565663309,7.63576025082761,7.58925209542231,8.17483920322921,8.26788700440056,133
"135",2013,6,7.86715328467153,274,8.24732142857143,7.26462264150943,7.54,7.86847826086957,7.86688596491228,168,106,20,46,228,24606,16646,7960,1571,5744,18862,8.24187759977241,8.53408201429773,7.6308179660804,7.58862507956715,8.17238575557104,8.26303978581275,134
"136",2013,7,7.85843333333333,300,8.17957575757576,7.46592592592593,7.74583333333333,7.74673913043478,7.87866141732284,165,135,24,46,254,24906,16811,8095,1595,5790,19116,8.23725890227255,8.53060253464993,7.62806806794318,7.59099059561128,8.16900410708118,8.257932435656,135
"137",2013,8,7.99574829931973,294,8.42011834319527,7.422,7.37115384615385,7.955,8.00216535433071,169,125,26,40,254,25200,16980,8220,1621,5830,19370,8.23444127857143,8.52950289811543,7.62493442944039,7.58746452806909,8.16753581132076,8.25457854620547,136
"138",2013,9,7.68416666666667,300,8.10316455696202,7.21795774647887,7.36764705882353,7.80434782608696,7.66240157480315,158,142,34,46,254,25500,17138,8362,1655,5876,19624,8.22796745960784,8.52557236608706,7.61802332097584,7.58294864048338,8.16469261061948,8.24691380146759,137
"139",2013,10,7.83336633663366,303,8.26719101123595,7.2156,7.12037037037037,7.44871794871795,7.89018939393939,178,125,27,39,264,25803,17316,8487,1682,5915,19888,8.22333372941131,8.52291633229383,7.61209626605397,7.57552318668252,8.15997189856298,8.24217852172164,138
"140",2013,11,7.83404558404558,351,8.3374358974359,7.20480769230769,7.054,8.046,7.79883720930233,195,156,25,50,301,26154,17511,8643,1707,5965,20189,8.21810928423951,8.52085084860944,7.60474499710749,7.56788517867604,8.15901655993295,8.23556869780574,139
"141",2013,12,7.93228882833787,367,8.23415178571429,7.45944055944056,7.125,7.81481481481481,7.96555944055944,224,143,32,81,286,26521,17735,8786,1739,6046,20475,8.21415407488406,8.51722972709332,7.60238003755975,7.55973548016101,8.15440519020841,8.23179713992674,140
"142",2014,1,7.97581888246628,519,8.29130434782609,7.46015228426396,7.35416666666667,7.5984126984127,8.02796052631579,322,197,48,63,456,27040,18057,8983,1787,6109,20931,8.20957951997042,8.51320093094091,7.59926093843927,7.55421376608842,8.14867143231299,8.22735638239931,141
"143",2014,2,7.931,350,8.26388888888889,7.49736842105263,7.09117647058823,8.18720930232558,7.89511400651466,198,152,34,43,307,27390,18255,9135,1821,6152,21238,8.20601972325667,8.51049680690222,7.59756551833607,7.54556836902801,8.14894079648895,8.22255374517375,142
"144",2014,3,8.04785478547855,303,8.43092485549133,7.53807692307692,7.23275862068965,7.8875,8.07224334600761,173,130,29,40,263,27693,18428,9265,1850,6192,21501,8.20428917849276,8.50974979433471,7.5967308159741,7.54066486486486,8.14725190245479,8.22071514999302,143
"145",2014,4,7.94048859934853,307,8.18936170212766,7.54731092436975,7.54444444444444,7.82142857142857,7.95935849056604,188,119,27,42,265,28000,18616,9384,1877,6234,21766,8.20139679357143,8.50651424634723,7.59610411445013,7.54071923281833,8.14505675008021,8.21753314527244,144
"146",2014,5,7.93996183206107,262,8.31045751633987,7.41990825688073,7.27296296296296,7.60392156862745,8.02118483412322,153,109,27,51,211,28262,18769,9493,1904,6285,21977,8.19897318731866,8.50491604294315,7.59408100811124,7.53692226890756,8.14066567700876,8.21564801565273,145
"147",2014,6,7.81180616740088,227,8.24022388059701,7.19451612903226,7.09523809523809,7.43486486486487,7.88521052631579,134,93,21,37,190,28489,18903,9586,1925,6322,22167,8.19588824528766,8.50303968735121,7.59020457020655,7.5321038961039,8.13653492249289,8.21281573690621,146
"148",2014,7,7.81679245283019,265,8.15069444444444,7.41942148760331,7.175,7.89722222222222,7.80414847161572,144,121,28,36,229,28754,19047,9707,1953,6358,22396,8.19239445711901,8.5003758707408,7.58807571958381,7.52698412698413,8.13517989619378,8.20863709769602,147
"149",2014,8,7.85827586206897,290,8.19918032786885,7.27523364485981,7.1,7.51923076923077,7.89166666666667,183,107,25,26,264,29044,19230,9814,1978,6384,22660,8.18905833287426,8.49750957930317,7.58466486753617,7.52158746208291,8.13267133145364,8.20494423830538,148
"150",2014,9,7.93601694915254,236,8.1928,7.64684684684685,7.14230769230769,7.31857142857143,8.04353233830846,125,111,26,35,201,29280,19355,9925,2004,6419,22861,8.18701879166667,8.49554167966934,7.58536030327456,7.51666666666667,8.12823240068547,8.2035250618958,149
"151",2014,10,7.79883040935673,342,8.20767326732673,7.20892857142857,7.359375,7.78421052631579,7.80175438596491,202,140,32,57,285,29622,19557,10065,2036,6476,23146,8.1825369731956,8.4925683494401,7.58012429309488,7.51419449901768,8.12520441321804,8.19857800224661,150
"152",2014,11,7.78124629080119,337,8.29356435643564,7.01466666666667,6.82121212121212,7.424,7.83630136986301,202,135,33,45,292,29959,19759,10200,2069,6521,23438,8.17802297206182,8.49053389392176,7.57264029509804,7.50314161430643,8.12036555436283,8.19406461472822,151
"153",2014,12,7.99285294117647,340,8.30168181818182,7.42666666666667,7.38275862068966,8.04214285714286,7.98590604026846,220,120,29,42,298,30299,19979,10320,2098,6563,23736,8.1759450879567,8.48845433755443,7.57094292732558,7.50147759771211,8.11986496724059,8.19145123188406,152
"154",2015,1,7.99127753303965,454,8.27397111913357,7.54887005649717,7.565,7.88264705882353,8.01041450777202,277,177,40,68,386,30753,20256,10497,2138,6631,24122,8.17321888010926,8.48552128801342,7.57057073544822,7.50266604303087,8.11743232996532,8.18855428405605,153
"155",2015,2,7.87854341736695,357,8.21898617511521,7.35085714285714,7.26428571428571,7.35714285714286,7.9229179331307,217,140,28,28,329,31110,20473,10637,2166,6659,24451,8.16983735840566,8.48269619547697,7.56767895177212,7.49958448753463,8.11423543775342,8.18498001881314,154
"156",2015,3,7.99250741839763,337,8.3130890052356,7.57311643835616,7.34642857142857,7.69375,8.04212802768166,191,146,35,48,289,31447,20664,10783,2201,6707,24740,8.16793701211563,8.48112849448315,7.5677525744227,7.49714902317129,8.11122614879977,8.18331129506872,155
"157",2015,4,7.99067278287462,327,8.28517587939698,7.5328125,7.4375,7.98846153846154,7.99097222222222,199,128,24,39,288,31774,20863,10911,2225,6746,25028,8.16611270913326,8.47925941667066,7.56734268261387,7.49650561797753,8.11051642158317,8.18109802780885,156
"158",2015,5,8.04482142857143,280,8.27787878787879,7.7104347826087,7.63103448275862,8.06829268292683,8.0407949790795,165,115,29,41,239,32054,21028,11026,2254,6787,25267,8.16505319835278,8.47767924719421,7.56883511790314,7.49823646850044,8.11026134963902,8.17977090434163,157
"159",2015,6,7.8538202247191,267,8.24566037735849,7.27694444444444,7.47090909090909,7.729,7.87581497797357,159,108,22,40,227,32321,21187,11134,2276,6827,25494,8.16248213916649,8.47593803794779,7.56600377312736,7.4979723198594,8.1080275054929,8.1770644637954,158
"160",2015,7,7.84238907849829,293,8.22296296296296,7.37175572519084,7.41857142857143,7.94,7.82467741935484,162,131,35,45,248,32614,21349,11265,2311,6872,25742,8.15960646409518,8.47401841819288,7.5637448743897,7.49676979662484,8.10692720896392,8.17366954548986,159
"161",2015,8,7.84700598802395,334,8.23082191780822,7.11608695652174,7.04166666666667,7.84431818181818,7.84741379310345,219,115,24,44,290,32948,21568,11380,2335,6916,26032,8.15643757496662,8.47154901752596,7.55922109050967,7.4920920770878,8.10525647484096,8.17003501229256,160
"162",2015,9,7.81087662337662,308,8.17076023391813,7.36167883211679,7.13333333333333,7.82051282051282,7.80947955390335,171,137,27,39,269,33256,21739,11517,2362,6955,26301,8.15323716682704,8.46918299875798,7.55687123469654,7.48799110922947,8.1036597814522,8.16634734192616,161
"163",2015,10,7.97862804878049,328,8.22470588235294,7.57379032258065,7.582,7.7843137254902,8.01440433212996,204,124,25,51,277,33584,21943,11641,2387,7006,26578,8.15153183718438,8.46691014036366,7.55705145691951,7.48897570171764,8.1013351099058,8.16476376853036,162
"164",2015,11,7.86935560859189,419,8.23893162393162,7.40189189189189,7.56477272727273,7.88303571428571,7.86724517906336,234,185,44,56,363,34003,22177,11826,2431,7062,26941,8.14805473693498,8.46450463137484,7.55462421867072,7.49034759358289,8.09960404701219,8.16075503656137,163
"165",2015,12,7.81077235772358,492,8.21187050359712,7.28971962616822,7.56785714285714,7.71849315068493,7.82684964200477,278,214,42,73,419,34495,22455,12040,2473,7135,27360,8.1432440997246,8.46137694099309,7.54991578156146,7.49166397088556,8.09570480448494,8.1556415,164
"166",2016,1,7.97341747572816,515,8.1902786377709,7.60859375,7.40625,7.98571428571429,7.97170353982301,323,192,32,63,452,35010,22778,12232,2505,7198,27812,8.14074593601829,8.45753267231538,7.55083682226946,7.49057285429142,8.09474212003335,8.1526521443981,165
"167",2016,2,7.86703125,320,8.23641975308642,7.48829113924051,7.2972972972973,7.749,7.88888888888889,162,158,37,50,270,35330,22940,12390,2542,7248,28082,8.13826677667705,8.45597119485614,7.5500392259887,7.48775963808025,8.09235703366446,8.15011613987608,166
"168",2016,3,7.89075880758808,369,8.270625,7.4,7.37878787878788,7.72533333333333,7.91373456790123,208,161,33,45,324,35699,23148,12551,2575,7293,28406,8.13570842936777,8.45430573742871,7.54811457334077,7.48636310679612,8.09009238722063,8.14741996197986,167
"169",2016,4,7.87728773584906,424,8.23035856573705,7.3650289017341,7.16206896551724,7.72962962962963,7.89883783783784,251,173,29,54,370,36123,23399,12724,2604,7347,28776,8.13267517149739,8.45190346638744,7.54562527585665,7.48275153609831,8.0874430080305,8.14422370864609,168
"170",2016,5,7.9423969072165,388,8.37995689655172,7.29166666666667,7.41724137931034,7.89021739130435,7.94941520467836,232,156,29,46,342,36511,23631,12880,2633,7393,29118,8.13065309687492,8.4511971228471,7.54254937965838,7.48203000379795,8.08621585012851,8.14193562195206,169
"171",2016,6,7.90045180722892,332,8.22087628865979,7.45,7.65555555555556,8.15,7.87566225165563,194,138,18,30,302,36843,23825,13018,2651,7423,29420,8.12857870477432,8.44932168772297,7.54156829082808,7.48320822331196,8.08647363330191,8.13920229231815,170
"172",2016,7,7.77729508196721,366,8.25942731277533,6.98992805755396,7.20384615384615,7.54243902439024,7.80692307692308,227,139,26,41,325,37209,24052,13157,2677,7464,29745,8.12512336316483,8.44752948652918,7.53574036710496,7.48049495704146,8.08348523311898,8.13557174113296,171
"173",2016,8,7.83143835616438,438,8.13783673469388,7.44248704663212,7.09512195121951,7.61702127659574,7.85721227621483,245,193,41,47,391,37647,24297,13350,2718,7511,30136,8.12170651632269,8.44440668436432,7.53439221048689,7.47468175128771,8.08056634003462,8.13196016193257,172
"174",2016,9,7.989448441247,417,8.26922480620155,7.53547169811321,7.6468,7.72775510204082,8.02429347826087,258,159,50,49,368,38064,24555,13509,2768,7560,30504,8.12025759825557,8.44256604398289,7.53440491598194,7.47779082369942,8.07827960052911,8.13066127196433,173
"175",2016,10,7.88753884711779,399,8.16902521008403,7.47142857142857,7.46875,7.83555555555556,7.89414689265537,238,161,32,45,354,38463,24793,13670,2800,7605,30858,8.11784346566831,8.43994019319969,7.53366320482809,7.4776875,8.0768433635766,8.12794800181477,174
"176",2016,11,7.89535934291581,487,8.25119133574007,7.426,7.47619047619048,7.64741379310345,7.92888111888112,277,210,42,58,429,38950,25070,13880,2842,7663,31287,8.11506170012837,8.43785469525328,7.53203429466859,7.47766537649543,8.07359308103877,8.12521844344296,175
"177",2016,12,7.97092342342342,444,8.33844696969697,7.43188888888889,7.43068181818182,7.96530612244898,7.97162025316456,264,180,44,49,395,39394,25334,14060,2886,7712,31682,8.11343715337362,8.43681878937396,7.53075220554765,7.47694906444906,8.07290505446059,8.12330343538918,176
"178",2017,1,7.86519784172662,556,8.19318181818182,7.38628318584071,7.48439024390244,7.83277777777778,7.87002066115702,330,226,41,72,484,39950,25664,14286,2927,7784,32166,8.10998230838549,8.43368598854426,7.52846675136497,7.47705329689101,8.07068393884893,8.11949230367469,177
"179",2017,2,7.82594409937888,483,8.18850357142857,7.32586206896552,7.26363636363636,7.86287755102041,7.82177419354839,280,203,33,49,434,40433,25944,14489,2960,7833,32600,8.10658927658101,8.43103986316681,7.52562813237628,7.47467398648649,8.06938398825483,8.11552881717792,178
"180",2017,3,7.90929263157895,475,8.20807876712329,7.43254098360656,7.46658536585366,8.01813953488372,7.89845833333333,292,183,41,43,432,40908,26236,14672,3001,7876,33032,8.10429838222353,8.42855836293641,7.52446708083424,7.47456347884039,8.06910421279838,8.1126899200775,179
"181",2017,4,7.83672413793103,464,8.34243346007605,7.17502487562189,6.9884375,7.70296296296296,7.85434146341463,263,201,32,54,410,41372,26499,14873,3033,7930,33442,8.10129745286668,8.42770358164458,7.51974457137094,7.46943455324761,8.06661094325348,8.10952255965553,180
"182",2017,5,7.82497762863535,447,8.11908582089552,7.38463687150838,7.20967741935484,7.86820754716981,7.81916243654822,268,179,31,53,394,41819,26767,15052,3064,7983,33836,8.09834389201081,8.42461359920797,7.51813785609886,7.46680646214099,8.06529372165853,8.10614148953777,181
"183",2017,6,7.78682926829268,369,8.10041666666667,7.34411764705882,6.90384615384615,7.83260869565217,7.78030959752322,216,153,26,46,323,42188,26983,15205,3090,8029,34159,8.09561920972789,8.42201838972686,7.51638678132193,7.46206957928803,8.06396061526966,8.10306049474516,182
"184",2017,7,7.86600529100529,378,8.11966019417476,7.56220930232558,7.47826086956522,8.0296875,7.85086705202312,206,172,23,32,346,42566,27189,15377,3113,8061,34505,8.09358016304093,8.41972754459523,7.51689933081875,7.46218920655317,8.06382456022827,8.10053161686712,183
"185",2017,8,7.90404092071611,391,8.27877637130802,7.32733766233766,7.02307692307692,8.12727272727273,7.875734870317,237,154,26,44,347,42957,27426,15531,3139,8105,34852,8.09185495309263,8.41850952417413,7.5150197031743,7.4585520866518,8.06416900431833,8.09829345346035,184
"186",2017,9,7.81205263157895,380,8.20014423076923,7.34273255813954,6.98235294117647,7.5725,7.84023529411765,208,172,34,40,340,43337,27634,15703,3173,8145,35192,8.08940150956458,8.41686589744517,7.51313258676686,7.45344941695556,8.06175442357275,8.09580027960901,185
"187",2017,10,7.78631929046563,451,8.17119047619048,7.29894472361809,7.33931818181818,7.73395833333333,7.79255583126551,252,199,44,48,403,43788,27886,15902,3217,8193,35595,8.0862798762218,8.41464577960266,7.51045220789838,7.4518884053466,8.05983397778592,8.09236700210704,186
"188",2017,11,7.86022986247544,509,8.20268817204301,7.44481304347826,7.39021276595745,7.31228070175439,7.9293296460177,279,230,47,57,452,44297,28165,16132,3264,8250,36047,8.08368242138294,8.41254614628084,7.50951636560873,7.45100030637255,8.05466906424243,8.09032264654479,187
"189",2017,12,7.78107066381156,467,8.1703488372093,7.30052631578947,7.265,7.92456140350877,7.76112195121951,258,209,40,57,410,44764,28423,16341,3304,8307,36457,8.08052542712895,8.41034768356612,7.50684340064867,7.44874848668281,8.05377630672927,8.08662041418658,188
"190",2018,1,7.84825163398693,612,8.18280898876404,7.3830078125,7.32678571428571,7.66774193548387,7.8686,356,256,56,62,550,45376,28779,16597,3360,8369,37007,8.07739267938999,8.40753300010424,7.50493330180153,7.44671577380952,8.05091645118892,8.08338018320859,189
"191",2018,2,7.80444700460829,434,8.26376033057851,7.22552083333333,7.23421052631579,7.929375,7.78891191709845,242,192,38,48,386,45810,29021,16789,3398,8417,37393,8.07480681554246,8.40633411012714,7.50173792423611,7.44433931724544,8.05022333135322,8.08034044981682,190
"192",2018,3,7.77977944723618,398,8.10068260089686,7.37085714285714,7.1890625,7.6406976744186,7.79662597183099,223,175,32,43,355,46208,29244,16964,3430,8460,37748,8.07226567780472,8.40400336581862,7.50038776290969,7.44195772594752,8.04814181796691,8.07767226502067,191
"193",2018,4,7.74026417249417,429,8.25278710084034,7.10162303664921,7.05857142857143,7.63684210526316,7.75031542199488,238,191,35,38,391,46637,29482,17155,3465,8498,38139,8.06921169393401,8.40278263889831,7.49594800408044,7.43808513708514,8.04630263356084,8.07431621148956,192
"194",2018,5,7.65720721621622,370,8.13947916666667,7.13700376404494,6.83571428571429,7.40810810810811,7.68488489489489,192,178,28,37,333,47007,29674,17333,3493,8535,38472,8.06596873742209,8.40107898362202,7.49226185195869,7.43325651302605,8.0435360023433,8.0709454320025,193
"195",2018,6,7.75281315286624,314,8.14067027173913,7.20384615384615,7.26315789473684,7.85368421052632,7.73892510869565,184,130,19,38,276,47321,29858,17463,3512,8573,38748,8.06389078358446,8.39947421428093,7.49011479585409,7.43233627562642,8.04269448034528,8.06858046841128,194
"196",2018,7,7.67520958083832,334,8.2410843373494,7.11607142857143,7.12857142857143,7.4925641025641,7.69935593220339,166,168,35,39,295,47655,30024,17631,3547,8612,39043,8.06116663036408,8.39859849087396,7.4865506596336,7.42933887792501,8.04020317928473,8.06579069205748,195
"197",2018,8,7.83430654155496,373,8.20563783653846,7.36620406060606,7.59707142857143,8.43088235294118,7.77447297935103,208,165,42,34,339,48028,30232,17796,3589,8646,39382,8.05940476617807,8.39727089706271,7.48543483648011,7.43130175536361,8.04173950728661,8.06328303108019,196
"198",2018,9,7.76180952380952,315,8.25674576271186,7.127,6.62583333333333,7.43257142857143,7.80296428571429,177,138,24,35,280,48343,30409,17934,3613,8681,39662,8.05746565397266,8.39645295011345,7.48267672298428,7.4259512870191,8.03928346734248,8.06144527078816,197
"199",2018,10,7.60334712737127,369,7.97879586363636,7.0489932885906,7.27666666666667,7.54446048780488,7.61070795731707,220,149,30,41,328,48712,30629,18083,3643,8722,39990,8.05402564460503,8.39345302980835,7.47910326549798,7.42472193247324,8.03695742490255,8.05774830057515,198
"200",2018,11,7.84238875831486,451,8.24204391472868,7.30813471502591,7.13382352941176,8.1106,7.80894596009975,258,193,34,50,401,49163,30887,18276,3677,8772,40391,8.05208417976934,8.39218830511218,7.47729778671482,7.42203209137884,8.03737718422253,8.0552782023223,199
"201",2018,12,7.83144736842105,380,8.17737556561086,7.35062893081761,7.2,7.7615,7.83967647058823,221,159,36,40,340,49543,31108,18435,3713,8812,40731,8.05039187231294,8.39066221486434,7.47620528071603,7.41987934284945,8.03612490467545,8.05347847757237,200
"202",2019,1,7.79812320224719,534,8.06951370607029,7.4137556561086,7.24192307692308,7.92387931034483,7.7827999789916,313,221,39,58,476,50077,31421,18656,3752,8870,41207,8.0477017856501,8.38746309697335,7.47546549903516,7.41802958422175,8.03539094250283,8.05035175237217,201
"203",2019,2,7.85483651226158,367,8.24372037914692,7.32884615384615,7.41071428571429,8.0695652173913,7.82406542056075,211,156,28,46,321,50444,31632,18812,3780,8916,41528,8.04629861470145,8.38650426688163,7.47424964650223,7.4179753968254,8.03556725661733,8.0486026213639,202
"204",2019,3,7.7277868852459,366,8.11141621761658,7.29980734104046,7.05166666666667,7.53611111111111,7.74869696969697,193,173,30,36,330,50810,31825,18985,3810,8952,41858,8.04400427711081,8.3848360188531,7.47266004845931,7.41509107611549,8.03355871983915,8.04623822590664,203
"205",2019,4,7.74289701897019,369,8.1526511627907,7.17083766233766,7.06875,7.3,7.79674468085106,215,154,40,40,329,51179,32040,19139,3850,8992,42187,8.04183329725083,8.38327797440698,7.47023146559381,7.41149272727273,8.03029555827403,8.04429252281509,204
"206",2019,5,7.76958182795699,372,8.13777775609756,7.31760479041916,7.6162962962963,7.9546511627907,7.74539343465046,205,167,27,43,329,51551,32245,19306,3877,9035,42516,8.03986868848325,8.38171718840129,7.46891122034601,7.41291900954346,8.0299355462092,8.04197956298806,205
"207",2019,6,7.56284066037736,318,7.85510474285714,7.20517482517482,6.73333333333333,7.52363636363636,7.56738010526316,175,143,21,33,285,51869,32420,19449,3898,9068,42801,8.03694411093332,8.37887458574953,7.46697208185511,7.4092578245254,8.02809303705338,8.03881933669775,206
"208",2019,7,7.89369047619048,336,8.26165,7.35257352941176,7.10416666666667,7.93714285714286,7.88863787375415,200,136,24,35,301,52205,32620,19585,3922,9103,43102,8.03602210688632,8.37815585744941,7.46617768802655,7.40739087200408,8.02774334395255,8.03777055426663,207
"209",2019,8,7.80146688836104,421,8.14841243243243,7.41442211055276,7.41470588235294,7.78452380952381,7.80334448548813,222,199,34,42,379,52626,32842,19784,3956,9145,43481,8.03414570079429,8.37660287528164,7.46565709765467,7.40745374115268,8.02662631601969,8.03572719095698,208
"210",2019,9,7.77984,375,8.05872549019608,7.44713450292398,7.2575,7.73333333333333,7.78570570570571,204,171,28,42,333,53001,33046,19955,3984,9187,43814,8.03234640195468,8.37464055044483,7.46549837233776,7.40639984939759,8.02528547512791,8.03382695006163,209
"211",2019,10,7.69631529113924,395,8.07491142857143,7.1630487804878,7.17142857142857,7.52359523809524,7.71686555240793,231,164,35,42,353,53396,33277,20119,4019,9229,44167,8.02986059236647,8.37255991135017,7.46303295491824,7.40435357053994,8.02300234694984,8.03129367016099,210
"212",2019,11,7.79665700712589,421,8.18394363247863,7.31203096256684,6.7258064516129,7.67625,7.80929816272966,234,187,31,40,381,53817,33511,20306,4050,9269,44548,8.02803628574614,8.37124284503595,7.46164236235595,7.39915975308642,8.02150595101954,8.02939503748766,211
"213",2019,12,7.77488545012165,411,8.1595067264574,7.31865914893617,7.27384615384615,8.11162790697674,7.73553782608696,223,188,26,43,368,54228,33734,20494,4076,9312,44916,8.02611762760935,8.36984315468073,7.46033071777105,7.39836040235525,8.02192210695877,8.02698744434055,212
"214",2020,1,7.63404824390244,615,8.05702027355623,7.14748251748252,7.0863768115942,7.11618571428571,7.70056269724771,329,286,69,70,545,54843,34063,20780,4145,9382,45461,8.02172102875481,8.36682173179108,7.45602491482194,7.39316694813028,8.0151643210403,8.02307416730825,213
"215",2020,2,7.84697257383966,474,8.16869507751938,7.46269291666667,7.31794871794872,8.04833333333333,7.82739583333333,258,216,39,42,432,55317,34321,20996,4184,9424,45893,8.02022364517237,8.36533236152792,7.4560935130501,7.39246582217973,8.01531214558575,8.021232207962,214
"216",2020,3,7.74604944723618,398,8.07419043062201,7.38318455026455,7.19666666666667,7.59292105263158,7.762213,209,189,30,38,360,55715,34530,21185,4214,9462,46253,8.01826508229382,8.36357016449463,7.45544306254425,7.39107190317988,8.01361579581485,8.01921618922016,215
"217",2020,4,7.73668341708543,398,8.15918552036199,7.20915254237288,7.16698428571429,7.3421087755102,7.79208214899713,221,177,21,49,349,56113,34751,21362,4235,9511,46602,8.01626787125978,8.36227037437771,7.45340236307462,7.38996072491145,8.01015623909159,8.0175151939831,216
"218",2020,5,7.71384328358209,402,8.22156756756757,7.28099078341014,7.19625,7.9204,7.68450284090909,185,217,36,50,352,56515,34936,21579,4271,9561,46954,8.01411667805008,8.36152529711472,7.45166857963761,7.38832794895809,8.00968685179376,8.01501870064319,217
"219",2020,6,7.65564039408867,406,8.0226213592233,7.27765,6.76029411764706,7.39537037037037,7.69556818181818,206,200,34,54,352,56921,35142,21779,4305,9615,47306,8.01155977688375,8.35953866541459,7.45007053951054,7.38336786759582,8.00623671242851,8.01264169597937,218
"220",2020,7,7.6941095890411,365,8.13772727272727,7.16814371257485,6.7741935483871,7.06074074074074,7.80408360128617,198,167,31,54,311,57286,35340,21946,4336,9669,47617,8.009537130538,8.35829591907186,7.44792519274583,7.37901260839483,8.00095625090496,8.01127954449042,219
"221",2020,8,7.69955026455026,378,8.06153439153439,7.33756613756614,7.45714285714286,7.58125,7.71049132947977,189,189,35,32,346,57664,35529,22135,4371,9701,47963,8.00750509954218,8.3567172670213,7.446982890445,7.37963822237474,7.99957179569118,8.00910969017785,220
"222",2020,9,7.69289473684211,380,8.19070707070707,7.15131868131868,7.13694444444444,7.40888888888889,7.73993865030675,198,182,36,54,326,58044,35727,22317,4407,9755,48289,8.00544542174902,8.35579723402468,7.44457168436618,7.37765570002269,7.99630199794978,8.0072925111309,221
"223",2020,10,7.63764117486339,366,8.12813335,7.04668674698795,6.47794117647059,7.61794871794872,7.63998981651376,200,166,34,39,327,58410,35927,22483,4441,9794,48616,8.00314074182503,8.35452986472569,7.44163395810168,7.37076754559784,7.99479538390853,8.0048219668422,222
"224",2020,11,7.67429139072848,453,8.08376146788991,7.29444255319149,7.04558139534884,7.72391304347826,7.66868304668305,218,235,43,46,407,58863,36145,22718,4484,9840,49023,8.00060997111938,8.35289678932078,7.44011137776213,7.3676491235504,7.9935290640244,8.00203126573242,223
"225",2020,12,7.71952111380145,413,8.0329582051282,7.30977653631285,7.14705882352941,7.7725,7.71383973190349,234,179,34,40,373,59276,36379,22897,4518,9880,49396,7.99865151072947,8.35083885400917,7.43909246975586,7.36598908145197,7.99263420951418,7.9998550684266,224
"226",2021,1,7.71176003546099,564,8.08839776666667,7.28376261363636,7.02724630434783,7.83350877192982,7.69807230769231,300,264,46,57,507,59840,36679,23161,4564,9937,49903,7.99594752022059,8.34869233076146,7.43732194680713,7.36257493426819,7.99172144409783,7.9967890431437,225
"227",2021,2,7.65312085253456,434,8.02743922746781,7.21920950248756,7.146875,7.68333333333333,7.64988380102041,233,201,32,42,392,60274,36912,23362,4596,9979,50295,7.993479013505,8.34666448146943,7.4354453694033,7.36107310704961,7.99042348832549,7.99408525837559,226
"228",2021,3,7.62116711171662,367,8.05760309278351,7.13175335260116,6.88037027777778,7.61320512820513,7.62211381097561,194,173,36,39,328,60641,37106,23535,4632,10018,50623,7.99122577777412,8.34515319193661,7.43321300403654,7.35733707469775,7.98895498003594,7.99167515556171,227
"229",2021,4,7.61031652818991,337,7.93914486910995,7.18013698630137,7.1078125,7.5174358974359,7.62247204697987,191,146,32,39,298,60978,37297,23681,4664,10057,50921,7.98912065105448,8.34307400085797,7.43165271947975,7.35562507075472,7.98712647807498,7.98951450423205,228
"230",2021,5,7.70900664756447,349,8.09617137142857,7.31961683908046,6.92040393939394,7.41133333333333,7.75307013157895,175,174,33,45,304,61327,37472,23855,4697,10102,51225,7.98752657687479,8.34192092762595,7.43083552211276,7.35256731104961,7.98456157097605,7.98811130092729,229
"231",2021,6,7.52122628762542,299,7.86042730769231,7.15118881118881,7.52,7.69032258064516,7.50166664179104,156,143,20,31,268,61626,37628,23998,4717,10133,51493,7.98526415863435,8.33992472786222,7.42916915492958,7.35327722281111,7.98366140234877,7.98557955547357,230
"232",2021,7,7.53069395770393,331,7.91685897435897,7.18645542857143,6.44827586206897,7.26450571428571,7.56216891891892,156,175,29,35,296,61957,37784,24173,4746,10168,51789,7.9828356560195,8.33817800285835,7.42741203326025,7.34774729456384,7.98118594512196,7.98315955222152,231
"233",2021,8,7.44881134969325,326,7.89006172839506,7.01294207317073,6.6551724137931,7.14533333333333,7.47956925675676,162,164,29,30,296,62283,37946,24337,4775,10198,52085,7.98004048038791,8.33626489379644,7.42461904014463,7.34354108062827,7.97872707295549,7.98029763943554,232
"234",2021,9,7.51663333333333,300,7.85074534161491,7.12964028776978,6.98076923076923,7.535,7.51444029850746,161,139,26,32,268,62583,38107,24476,4801,10230,52353,7.97781907610693,8.33421360012595,7.4229438462167,7.34157647573422,7.97733907038124,7.97791287127768,233
"235",2021,10,7.59465068862275,334,7.88657655405405,7.36236559139785,7.22269230769231,7.59333333333333,7.59485581314879,148,186,26,45,289,62917,38255,24662,4827,10275,52642,7.97578499562916,8.33248179296823,7.42248696699375,7.34093612181479,7.97565729343066,7.97580992135558,234
"236",2021,11,7.45447464673913,368,7.90025927777778,7.02765957446809,6.72368421052632,7.16666666666667,7.47455427325581,180,188,38,24,344,63285,38435,24850,4865,10299,52986,7.97275359469069,8.33045759490047,7.41949994285714,7.33611483247688,7.97377208369745,7.97255562884536,235
"237",2021,12,7.55251012145749,494,7.87331896551724,7.26843511450382,6.92560975609756,7.285,7.58263513513513,232,262,41,50,444,63779,38667,25112,4906,10349,53430,7.96949860047978,8.32771478676907,7.41792384437719,7.33268419486343,7.97044436080781,7.96931541362531,236
"238",2022,1,7.64441352180937,619,8.01918344936709,7.25356435643564,6.67444444444444,7.64603174603175,7.6442301618705,316,303,36,63,556,64398,38983,25415,4942,10412,53986,7.96637385027486,8.32521380165712,7.41596433523509,7.32788924726831,7.9684814339224,7.96596737154078,237
"239",2022,2,7.541150302267,397,7.84405361809045,7.23671717171717,7.24838709677419,7.44333333333333,7.55090490304709,199,198,31,36,361,64795,39182,25613,4973,10448,54347,7.96376849880392,8.32277005512735,7.4145786741108,7.32739365775186,7.96667196496938,7.96321031869285,238
"240",2022,3,7.54832317073171,328,7.90901840490798,7.192,6.725,7.29574468085106,7.59056939501779,163,165,24,47,281,65123,39345,25778,4997,10495,54628,7.96167605730694,8.32105594865929,7.41315399100007,7.32450043225935,7.96366733587423,7.96129349765689,239
"241",2022,4,7.46857442048517,371,7.89037037037037,7.03055554945055,6.99354838709677,7.22317073170732,7.49906396969697,189,182,31,41,330,65494,39534,25960,5028,10536,54958,7.95888281354017,8.31899697222643,7.41047167526964,7.32245995624503,7.96078575265756,7.95851800101897,240
"242",2022,5,7.50928381962865,377,7.96779661016949,7.1035,7.05769230769231,7.71212121212121,7.48982558139535,177,200,26,33,344,65871,39711,26160,5054,10569,55302,7.95630962016669,8.31743160081589,7.40812479701835,7.32109787495053,7.96000933768569,7.9556025514448,241
"243",2022,6,7.30632352941176,340,7.8023178807947,6.91005291005291,6.02657142857143,6.96285714285714,7.34573770491803,151,189,35,35,305,66211,39862,26349,5089,10604,55607,7.95297187763363,8.31548031458531,7.4045521534024,7.31219466692867,7.95671809600151,7.95225749096338,242
"244",2022,7,7.67002009036145,332,8.19218255952381,7.13512195121951,7.02105263157895,7.56764705882353,7.68170023489933,168,164,19,34,298,66543,40030,26513,5108,10638,55905,7.95156015899494,8.31496285211091,7.40288555387923,7.31111171887236,7.95547459014853,7.95081529326537,243
"245",2022,8,7.51686956521739,345,7.97108024691358,7.11478142076503,6.9178,7.76333333333333,7.48545751633987,162,183,25,39,306,66888,40192,26696,5133,10677,56211,7.94931807887813,8.31357678070262,7.40091061170213,7.30919611533216,7.95477275358247,7.94828199053567,244
"246",2022,9,7.64679012345679,162,8.071,7.32402173913044,7.55,8.28529411764706,7.57193103448276,70,92,14,17,145,67050,40262,26788,5147,10694,56356,7.94858713885161,8.31315503377874,7.40064654658802,7.30985110938411,7.9552981756125,7.947313666158,245
"247",2022,10,6.75,1,6.75,NA,NA,6.75,NA,1,0,0,1,0,67051,40263,26788,5147,10695,56356,7.94856926309824,8.31311621016814,7.40064654658802,7.30985110938411,7.95518547826088,7.947313666158,246
"248",2022,11,7,1,NA,7,NA,7,NA,0,1,0,1,0,67052,40263,26789,5147,10696,56356,7.94855511632763,8.31311621016814,7.40063159095151,7.30985110938411,7.95509617520569,7.947313666158,247
"249",2022,12,7.50951512367491,283,7.84971554216868,7.02683760683761,6.88214285714286,8.13708333333333,7.45136208494208,166,117,14,24,259,67335,40429,26906,5161,10720,56615,7.94670988995322,8.31121350392045,7.399006158106,7.30869088548731,7.9555036091418,7.94504480702995,248
