"","year","month","avg_rating","no_ratings","avg_rating_owned","avg_rating_not_owned","avg_rating_prev_owned","avg_rating_comment","avg_rating_no_comment","no_ratings_owned","no_ratings_not_owned","no_ratings_prev_owned","no_ratings_comment","no_ratings_no_comment","cum_no_ratings","cum_no_ratings_owned","cum_no_ratings_not_owned","cum_no_ratings_prev_owned","cum_no_ratings_comment","cum_no_ratings_no_comment","cum_avg_rating","cum_avg_rating_owned","cum_avg_rating_not_owned","cum_avg_rating_prev_owned","cum_avg_rating_comment","cum_avg_rating_no_comment","month_after_release"
"1",2003,2,7.5,2,8,7,7,7,8,1,1,1,1,1,2,1,1,1,1,1,7.5,8,7,7,7,8,0
"2",2003,4,7.5,1,7.5,NA,NA,NA,7.5,1,0,0,0,1,3,2,1,1,1,2,7.5,7.75,7,7,7,7.75,2
"3",2003,5,8,2,8,NA,NA,NA,8,2,0,0,0,2,5,4,1,1,1,4,7.7,7.875,7,7,7,7.875,3
"4",2003,6,7,2,8,6,NA,8,6,1,1,0,1,1,7,5,2,1,2,5,7.5,7.9,6.5,7,7.5,7.5,4
"5",2003,7,6.7,10,7.25,4.5,NA,7,6.625,8,2,0,2,8,17,13,4,1,4,13,7.02941176470588,7.5,5.5,7,7.25,6.96153846153846,5
"6",2003,8,6.25,4,6.66666666666667,5,5,5.5,7,3,1,1,2,2,21,16,5,2,6,15,6.88095238095238,7.34375,5.4,6,6.66666666666667,6.96666666666667,6
"7",2003,9,10,1,10,NA,NA,10,NA,1,0,0,1,0,22,17,5,2,7,15,7.02272727272727,7.5,5.4,6,7.14285714285714,6.96666666666667,7
"8",2003,10,7.5,2,7.5,NA,NA,NA,7.5,2,0,0,0,2,24,19,5,2,7,17,7.0625,7.5,5.4,6,7.14285714285714,7.02941176470588,8
"9",2003,11,5.6,5,6.5,5,NA,4,8,2,3,0,3,2,29,21,8,2,10,19,6.81034482758621,7.40476190476191,5.25,6,6.2,7.13157894736842,9
"10",2003,12,6.25,2,NA,6.25,NA,NA,6.25,0,2,0,0,2,31,21,10,2,10,21,6.7741935483871,7.40476190476191,5.45,6,6.2,7.04761904761905,10
"11",2004,1,7.8,5,8.33333333333333,7,NA,9,7.5,3,2,0,1,4,36,24,12,2,11,25,6.91666666666667,7.52083333333333,5.70833333333333,6,6.45454545454545,7.12,11
"12",2004,2,6.5,2,6.5,NA,NA,NA,6.5,2,0,0,0,2,38,26,12,2,11,27,6.89473684210526,7.44230769230769,5.70833333333333,6,6.45454545454545,7.07407407407407,12
"13",2004,3,7,4,7.33333333333333,6,NA,6.5,7.5,3,1,0,2,2,42,29,13,2,13,29,6.90476190476191,7.43103448275862,5.73076923076923,6,6.46153846153846,7.10344827586207,13
"14",2004,4,5.75,4,6.5,5,6,5,6.5,2,2,1,2,2,46,31,15,3,15,31,6.80434782608696,7.37096774193548,5.63333333333333,6,6.26666666666667,7.06451612903226,14
"15",2004,5,6.875,4,6.66666666666667,7.5,NA,7.75,6,3,1,0,2,2,50,34,16,3,17,33,6.81,7.30882352941176,5.75,6,6.44117647058824,7,15
"16",2004,6,6.66666666666667,3,8,6,NA,5,7.5,1,2,0,1,2,53,35,18,3,18,35,6.80188679245283,7.32857142857143,5.77777777777778,6,6.36111111111111,7.02857142857143,16
"17",2004,7,6.5,4,8,6,NA,7,6.33333333333333,1,3,0,1,3,57,36,21,3,19,38,6.78070175438596,7.34722222222222,5.80952380952381,6,6.39473684210526,6.97368421052632,17
"18",2004,8,6.25,4,7,4,NA,5.5,7,3,1,0,2,2,61,39,22,3,21,40,6.74590163934426,7.32051282051282,5.72727272727273,6,6.30952380952381,6.975,18
"19",2004,9,7.625,4,7.83333333333333,7,NA,7,7.83333333333333,3,1,0,1,3,65,42,23,3,22,43,6.8,7.35714285714286,5.78260869565217,6,6.34090909090909,7.03488372093023,19
"20",2004,10,7.14285714285714,7,7.14285714285714,NA,NA,7.75,6.33333333333333,7,0,0,4,3,72,49,23,3,26,46,6.83333333333333,7.3265306122449,5.78260869565217,6,6.55769230769231,6.98913043478261,20
"21",2004,11,7,5,7,NA,NA,8,5.5,5,0,0,3,2,77,54,23,3,29,48,6.84415584415584,7.2962962962963,5.78260869565217,6,6.70689655172414,6.92708333333333,21
"22",2004,12,6.95,10,8,4.5,NA,8.75,5.75,7,3,0,4,6,87,61,26,3,33,54,6.85632183908046,7.37704918032787,5.63461538461539,6,6.95454545454545,6.7962962962963,22
"23",2005,1,7.05555555555556,9,7.16666666666667,6.83333333333333,NA,7.25,7,6,3,0,2,7,96,67,29,3,35,61,6.875,7.35820895522388,5.75862068965517,6,6.97142857142857,6.81967213114754,23
"24",2005,2,6.88888888888889,9,7.5,5.66666666666667,NA,6.33333333333333,8,6,3,0,6,3,105,73,32,3,41,64,6.87619047619048,7.36986301369863,5.75,6,6.8780487804878,6.875,24
"25",2005,3,6.2,5,6.25,6,NA,6,6.25,4,1,0,1,4,110,77,33,3,42,68,6.84545454545455,7.31168831168831,5.75757575757576,6,6.85714285714286,6.83823529411765,25
"26",2005,4,7.5,1,NA,7.5,NA,7.5,NA,0,1,0,1,0,111,77,34,3,43,68,6.85135135135135,7.31168831168831,5.80882352941176,6,6.87209302325581,6.83823529411765,26
"27",2005,5,6.79166666666667,12,7.625,5.125,NA,7.64285714285714,5.6,8,4,0,7,5,123,85,38,3,50,73,6.84552845528455,7.34117647058823,5.73684210526316,6,6.98,6.75342465753425,27
"28",2005,6,7.21428571428571,7,7.375,7,NA,7.625,6.66666666666667,4,3,0,4,3,130,89,41,3,54,76,6.86538461538461,7.34269662921348,5.82926829268293,6,7.02777777777778,6.75,28
"29",2005,7,7.05555555555556,9,7.91666666666667,5.33333333333333,NA,6.75,7.3,6,3,0,4,5,139,95,44,3,58,81,6.87769784172662,7.37894736842105,5.79545454545455,6,7.00862068965517,6.78395061728395,29
"30",2005,8,7.3,10,7.2,7.4,7,7.71428571428571,6.33333333333333,5,5,1,7,3,149,100,49,4,65,84,6.90604026845638,7.37,5.95918367346939,6.25,7.08461538461538,6.76785714285714,30
"31",2005,9,6.85625,8,6.97,6.66666666666667,7,7,6.77,5,3,1,3,5,157,105,52,5,68,89,6.90350318471337,7.35095238095238,6,6.4,7.08088235294118,6.76797752808989,31
"32",2005,10,5.75,4,7.5,4,3,4,7.5,2,2,1,2,2,161,107,54,6,70,91,6.87484472049689,7.35373831775701,5.92592592592593,5.83333333333333,6.99285714285714,6.78406593406593,32
"33",2005,11,7.35714285714286,7,7.875,6.66666666666667,NA,4,7.91666666666667,4,3,0,1,6,168,111,57,6,71,97,6.89494047619048,7.37252252252252,5.96491228070175,5.83333333333333,6.95070422535211,6.85412371134021,33
"34",2005,12,5.96875,16,6.45,5.16666666666667,NA,7.1,5.45454545454545,10,6,0,5,11,184,121,63,6,76,108,6.81440217391304,7.29628099173554,5.88888888888889,5.83333333333333,6.96052631578947,6.71157407407407,34
"35",2006,1,7.1,10,7.44444444444444,4,NA,6.75,7.33333333333333,9,1,0,4,6,194,130,64,6,80,114,6.82912371134021,7.30653846153846,5.859375,5.83333333333333,6.95,6.74429824561404,35
"36",2006,2,6.63333333333333,9,7.14,6,6,6.64,6.625,5,4,2,5,4,203,135,68,8,85,118,6.82044334975369,7.30037037037037,5.86764705882353,5.875,6.93176470588235,6.74025423728814,36
"37",2006,3,6.83333333333333,6,6.83333333333333,NA,NA,8,6.6,6,0,0,1,5,209,141,68,8,86,123,6.82081339712919,7.28049645390071,5.86764705882353,5.875,6.94418604651163,6.73455284552846,37
"38",2006,4,7.15,10,7.6875,5,NA,6.78571428571429,8,8,2,0,7,3,219,149,70,8,93,126,6.83584474885845,7.30234899328859,5.84285714285714,5.875,6.93225806451613,6.76468253968254,38
"39",2006,5,6.83333333333333,12,7,6.6,NA,7.1,6.64285714285714,7,5,0,5,7,231,156,75,8,98,133,6.83571428571429,7.28878205128205,5.89333333333333,5.875,6.94081632653061,6.75827067669173,39
"40",2006,6,6.5,11,6.71428571428571,6.125,NA,6,6.91666666666667,7,4,0,5,6,242,163,79,8,103,139,6.82045454545455,7.26411042944785,5.90506329113924,5.875,6.89514563106796,6.76510791366907,40
"41",2006,7,5.83333333333333,12,6.28571428571429,5.2,NA,5,6.42857142857143,7,5,0,5,7,254,170,84,8,108,146,6.77381889763779,7.22382352941177,5.86309523809524,5.875,6.80740740740741,6.74897260273973,41
"42",2006,8,7.16071428571429,14,8.35,6.5,7,7.5625,6.625,5,9,1,8,6,268,175,93,9,116,152,6.79402985074627,7.256,5.9247311827957,6,6.85948275862069,6.74407894736842,42
"43",2006,9,6.54545454545455,11,7.14285714285714,5.5,5.5,6.5,6.57142857142857,7,4,2,4,7,279,182,97,11,120,159,6.784229390681,7.25164835164835,5.90721649484536,5.90909090909091,6.8475,6.73647798742138,43
"44",2006,10,6.75,14,7.61111111111111,5.2,NA,5.8,7.27777777777778,9,5,0,5,9,293,191,102,11,125,168,6.78259385665529,7.26858638743456,5.87254901960784,5.90909090909091,6.8056,6.76547619047619,44
"45",2006,11,6.66666666666667,6,7.33333333333333,6,6,6,7,3,3,1,2,4,299,194,105,12,127,172,6.78026755852843,7.26958762886598,5.87619047619048,5.91666666666667,6.79291338582677,6.77093023255814,45
"46",2006,12,6.53571428571429,14,6.94444444444444,5.8,8,6.4375,6.66666666666667,9,5,1,8,6,313,203,110,13,135,178,6.76932907348243,7.2551724137931,5.87272727272727,6.07692307692308,6.77185185185185,6.76741573033708,46
"47",2007,1,6.47826086956522,23,6.625,6.31818181818182,5,6.35714285714286,6.53125,12,11,1,7,16,336,215,121,14,142,194,6.74940476190476,7.22,5.91322314049587,6,6.75140845070423,6.7479381443299,47
"48",2007,2,6.54457473684211,19,6.82142857142857,5.769384,NA,6.71428571428571,6.44557666666667,14,5,0,7,12,355,229,126,14,149,206,6.73844202816901,7.19563318777293,5.90751523809524,6,6.7496644295302,6.73032485436893,48
"49",2007,3,7.38823529411765,17,7.71428571428571,7.16,7.5,6.625,7.62307692307692,7,10,2,4,13,372,236,136,16,153,219,6.76813688172043,7.21101694915254,5.99960970588235,6.1875,6.74640522875817,6.78331926940639,49
"50",2007,4,6.43111111111111,9,6.64666666666667,6,7,6.94,6.28571428571429,6,3,1,2,7,381,242,139,17,155,226,6.76017564304462,7.19702479338843,5.9996181294964,6.23529411764706,6.74890322580645,6.76790672566372,50
"51",2007,5,6.2,10,6.6,5.8,NA,6.66666666666667,5.5,5,5,0,6,4,391,247,144,17,161,230,6.74584890025575,7.18493927125506,5.99268694444444,6.23529411764706,6.74583850931677,6.74585617391304,51
"52",2007,6,6.45,10,7.64285714285714,3.66666666666667,NA,7.25,5.25,7,3,0,6,4,401,254,147,17,167,234,6.73847112219451,7.19755905511811,5.94521714285714,6.23529411764706,6.76395209580838,6.72028598290598,52
"53",2007,7,6,8,6.66666666666667,5.6,NA,6.16666666666667,5.9,3,5,0,3,5,409,257,152,17,170,239,6.7240266992665,7.19136186770428,5.93386131578947,6.23529411764706,6.75341176470588,6.70312518828452,53
"54",2007,8,7.4,10,7.58333333333333,7.125,4,7.16666666666667,7.75,6,4,1,6,4,419,263,156,18,176,243,6.74015971360382,7.20030418250951,5.96440333333333,6.11111111111111,6.7675,6.72035769547325,54
"55",2007,9,7.41666666666667,12,7.45,7.25,7.5,7.4,7.5,10,2,1,10,2,431,273,158,19,186,245,6.75899517401392,7.20945054945055,5.98067670886076,6.18421052631579,6.80150537634409,6.72672212244898,55
"56",2007,10,6.88888888888889,9,7.25,6.6,7,7.6,6,4,5,2,5,4,440,277,163,21,191,249,6.76165209090909,7.21003610108303,5.99967435582822,6.26190476190476,6.82240837696335,6.71504787148594,56
"57",2007,11,6.43333333333333,15,6.625,6.21428571428571,7,6.58333333333333,6.33333333333333,8,7,2,6,9,455,285,170,23,197,258,6.7508283956044,7.19361403508772,6.00851129411765,6.32608695652174,6.8151269035533,6.70173224806201,57
"58",2007,12,6.8125,24,7.57142857142857,5.75,NA,7.11538461538461,6.45454545454545,14,10,0,13,11,479,299,180,23,210,269,6.75391841336117,7.21130434782609,5.99414955555556,6.32608695652174,6.83371428571429,6.69162423791821,58
"59",2008,1,6.92307692307692,13,7.05555555555556,6.625,6,7.4,6.625,9,4,1,5,8,492,308,184,24,215,277,6.75838804878049,7.20675324675325,6.00786369565218,6.3125,6.84688372093023,6.68970007220217,59
"60",2008,2,6.58333333333333,12,6.6,6.5,5,7.25,6.25,10,2,1,4,8,504,318,186,25,219,285,6.75422007936508,7.18767295597484,6.01315548387097,6.26,6.85424657534247,6.67735761403509,60
"61",2008,3,6.89230769230769,13,6.93333333333333,6.85714285714286,8,7.25,6.73333333333333,6,7,2,4,9,517,324,193,27,223,294,6.75769230174081,7.18296296296296,6.04376642487047,6.38888888888889,6.86134529147982,6.67907115646258,61
"62",2008,4,6.96875,8,7.16666666666667,6.375,NA,8,6.35,6,2,0,3,5,525,330,195,27,226,299,6.76090841904762,7.18266666666667,6.04716369230769,6.38888888888889,6.87646017699115,6.67356829431438,62
"63",2008,5,5.87058823529412,17,6.5,5.52727272727273,7,5.35,6.61428571428571,6,11,1,10,7,542,336,206,28,236,306,6.73298324723247,7.17047619047619,6.01940252427185,6.41071428571429,6.81177966101695,6.67221215686274,63
"64",2008,6,6.56233333333333,9,6.61016666666667,6.46666666666667,NA,7.161,6.4875,6,3,0,1,8,551,342,209,28,237,314,6.73019586206897,7.16064619883041,6.02582258373206,6.41071428571429,6.81325316455696,6.66750611464968,64
"65",2008,7,6.55909090909091,22,7.14444444444444,6.15384615384615,5.8125,6.61111111111111,6.52307692307692,9,13,8,9,13,573,351,222,36,246,327,6.72362638743456,7.16023076923077,6.03331945945946,6.27777777777778,6.80585772357724,6.66176428134556,65
"66",2008,8,7.02307692307692,13,6.46,7.375,6.83333333333333,7.075,7,5,8,3,4,9,586,356,230,39,250,336,6.73026948805461,7.15039606741573,6.07998660869565,6.32051282051282,6.810164,6.67082416666667,66
"67",2008,9,6.16666666666667,9,7.3,4.75,5,6,6.21428571428571,5,4,1,2,7,595,361,234,40,252,343,6.72174440336135,7.15246814404432,6.0572517948718,6.2875,6.80373412698413,6.66150705539359,67
"68",2008,10,6.96153846153846,13,6.94444444444444,7,7,7,6.95454545454545,9,4,3,2,11,608,370,238,43,254,354,6.72687157894737,7.14740810810811,6.07309630252101,6.33720930232558,6.80527952755906,6.67061276836158,68
"69",2008,11,7.1875,16,7.77777777777778,6.42857142857143,5,6.33333333333333,7.7,9,7,2,6,10,624,379,245,45,260,364,6.73868256410256,7.16237730870713,6.08325273469388,6.27777777777778,6.79438846153846,6.69889263736264,69
"70",2008,12,6.57105263157895,19,6.85,6.1875,6.91666666666667,6.36666666666667,6.609375,11,8,6,3,16,643,390,253,51,263,380,6.73372926905132,7.15356666666667,6.08654909090909,6.35294117647059,6.78950950570342,6.69512347368421,70
"71",2009,1,7,14,7.25,6.66666666666667,7.33333333333333,6.85714285714286,7.14285714285714,8,6,3,7,7,657,398,259,54,270,387,6.73940322678843,7.15550502512563,6.09998810810811,6.40740740740741,6.79126296296296,6.70322201550387,71
"72",2009,2,6.45652173913043,23,7.22727272727273,5.75,NA,5.6,6.69444444444444,11,12,0,5,18,680,409,271,54,275,405,6.72983517647059,7.15743520782396,6.0844904797048,6.40740740740741,6.76960363636364,6.70283190123457,72
"73",2009,3,6.58181818181818,22,7.13636363636364,6.02727272727273,6.375,6.7,6.54705882352941,11,11,4,5,17,702,420,282,58,280,422,6.72519646723647,7.15688333333333,6.08225858156028,6.4051724137931,6.76836071428571,6.69655668246445,73
"74",2009,4,5.77894736842105,19,6.35714285714286,5.44166666666667,6,6.47142857142857,5.375,7,12,1,7,12,721,427,294,59,287,434,6.70026063800278,7.14377283372365,6.05611197278912,6.39830508474576,6.76111846689895,6.66001594470046,74
"75",2009,5,6.5,22,6.63636363636364,6.36363636363636,NA,6.41666666666667,6.53125,11,11,0,6,16,743,438,305,59,293,450,6.69433098250337,7.1310296803653,6.06720301639344,6.39830508474576,6.75406484641638,6.6554376,75
"76",2009,6,6.012,25,6.74166666666667,5.33846153846154,4.75,5.375,6.13333333333333,12,13,4,4,21,768,450,318,63,297,471,6.6721196875,7.12064666666667,6.03741169811321,6.29365079365079,6.73549158249158,6.63215906581741,76
"77",2009,7,6.62777777777778,18,7.77142857142857,5.9,7.225,7.38,6.33846153846154,7,11,4,5,13,786,457,329,67,302,484,6.67110422391858,7.13061487964989,6.03281738601824,6.34925373134328,6.74616225165563,6.62427049586777,77
"78",2009,8,7.09333333333333,15,7.71111111111111,6.16666666666667,5.75,6.41666666666667,7.54444444444444,9,6,2,6,9,801,466,335,69,308,493,6.6790111360799,7.14182618025751,6.03521468656717,6.33188405797101,6.73974350649351,6.64106880324544,78
"79",2009,9,5.39411764705882,17,6.9,4.76666666666667,5.16666666666667,5.875,5.24615384615385,5,12,3,4,13,818,471,347,72,312,506,6.65230797066015,7.13925902335457,5.9913455907781,6.28333333333333,6.72865705128205,6.60523106719368,79
"80",2009,10,6.39285714285714,14,7.0625,5.5,6.5,6,6.55,8,6,4,4,10,832,479,353,76,316,516,6.64794221153846,7.13797703549061,5.98299410764873,6.29473684210526,6.7194335443038,6.60416069767442,80
"81",2009,11,6.47222222222222,18,7.25,5.85,5.33333333333333,5.4,6.88461538461539,8,10,3,5,13,850,487,363,79,321,529,6.64422108235294,7.13981724845996,5.97933035812672,6.25822784810127,6.69888161993769,6.61105277882798,81
"82",2009,12,6.24615384615385,26,6.13333333333333,6.34285714285714,5.66666666666667,6.3125,6.21666666666667,12,14,3,8,18,876,499,377,82,329,547,6.63240630136986,7.11561322645291,5.9928300265252,6.23658536585366,6.68948632218845,6.59807480804388,82
"83",2010,1,7,22,7.4,6.14285714285714,5.33333333333333,7,7,15,7,3,3,19,898,514,384,85,332,566,6.6414119376392,7.12391245136187,5.99556489583334,6.20470588235294,6.6922921686747,6.61156699646643,83
"84",2010,2,6.76947368421053,19,7.08,5.9,5,7.2,6.61571428571429,14,5,2,5,14,917,528,389,87,337,580,6.64406534351145,7.12274810606061,5.99433655526992,6.17701149425287,6.69982492581602,6.61166710344828,84
"85",2010,3,6.71111111111111,18,7.78571428571429,6.02727272727273,6.5,6.42222222222222,7,7,11,4,9,9,935,535,400,91,346,589,6.64535606417112,7.13142242990654,5.9952423,6.19120879120879,6.69260404624278,6.61760088285229,85
"86",2010,4,6.27272727272727,11,6.83333333333333,5.6,6,6.5,6.14285714285714,6,5,1,4,7,946,541,405,92,350,596,6.64102317124736,7.12811645101664,5.9903627654321,6.18913043478261,6.69040285714286,6.61202503355705,86
"87",2010,5,7.10714285714286,14,7.16666666666667,7,6.5,6.375,7.4,9,5,1,4,10,960,550,410,93,354,606,6.64782075,7.12874727272727,6.00267541463415,6.19247311827957,6.68683898305085,6.62502792079208,87
"88",2010,6,6.19444444444444,9,8.66666666666667,4.95833333333333,6.75,5.96428571428571,7,3,6,1,7,2,969,553,416,94,361,608,6.6436098245614,7.1370904159132,5.98761278846154,6.19840425531915,6.67282825484765,6.62626138157895,88
"89",2010,7,6.46153846153846,13,6,6.75,6.5,5.5,6.88888888888889,5,8,2,4,9,982,558,424,96,365,617,6.64119951120163,7.12690143369176,6.00199745283019,6.2046875,6.65997534246575,6.63009225283631,89
"90",2010,8,6.65,10,6.5,6.6875,7,7.25,6.25,2,8,2,4,6,992,560,432,98,369,623,6.64128822580645,7.1246625,6.01469194444445,6.22091836734694,6.66637127371274,6.62643165329053,90
"91",2010,9,6.4,15,7,6,6.5,6.66666666666667,6.33333333333333,6,9,1,3,12,1007,566,441,99,372,635,6.63769406156902,7.12334098939929,6.01439210884354,6.22373737373737,6.66637365591398,6.62089278740157,91
"92",2010,10,5.65833333333333,12,6,5.41428571428571,5.35,5.5,5.77142857142857,5,7,4,5,7,1019,571,448,103,377,642,6.62616086359176,7.11350437828371,6.00501544642857,6.18980582524272,6.65090450928382,6.6116307165109,92
"93",2010,11,7,12,8,6.28571428571429,7.5,6.5,7.25,5,7,2,4,8,1031,576,455,105,381,650,6.63051204655674,7.12119965277778,6.00933389010989,6.2147619047619,6.64932020997375,6.61948756923077,93
"94",2010,12,5.98235294117647,17,6.5,5.76666666666667,6.5,3.5,6.31333333333333,5,12,2,2,15,1048,581,467,107,383,665,6.61999801526718,7.11585370051635,6.00309832976446,6.22009345794392,6.63287467362924,6.61258183458647,94
"95",2011,1,6.41851851851852,27,7.5,5.78235294117647,6.32857142857143,6.46666666666667,6.40476190476191,10,17,7,6,21,1075,591,484,114,389,686,6.6149376,7.12235363790186,5.99534487603306,6.22675438596491,6.63031105398458,6.60622,95
"96",2011,2,6.90909090909091,11,7.25,6,6,6.75,7,8,3,1,4,7,1086,599,487,115,393,693,6.617917053407,7.12405843071786,5.9953735523614,6.22478260869565,6.63152926208651,6.61019757575758,96
"97",2011,3,6.46153846153846,13,7,5.83333333333333,5,6,6.5,7,6,2,1,12,1099,606,493,117,394,705,6.6160672611465,7.12262541254125,5.99340146044625,6.20384615384615,6.62992639593909,6.60832187234042,97
"98",2011,4,6.94444444444444,9,6.85714285714286,7.25,6.5,6.83333333333333,7,7,2,1,3,6,1108,613,495,118,397,711,6.61873458483754,7.11959380097879,5.99847862626263,6.20635593220339,6.63146347607053,6.61162717299578,98
"99",2011,5,6.45833333333333,12,7.1875,5,3.5,8,5.94444444444444,8,4,2,3,9,1120,621,499,120,400,720,6.617016,7.12046859903382,5.99047478957916,6.16125,6.6417275,6.60328738888889,99
"100",2011,6,7.3,10,7.5,7,7,7,7.33333333333333,6,4,1,1,9,1130,627,503,121,401,729,6.62306010619469,7.1241004784689,5.99850282306163,6.16818181818182,6.64262094763092,6.61230030178326,100
"101",2011,7,6.1,10,6.83333333333333,5,5,4,6.625,6,4,1,2,8,1140,633,507,122,403,737,6.61847185964912,7.12134439178515,5.9906250887574,6.15860655737705,6.62950620347395,6.61243815468114,101
"102",2011,8,7.11111111111111,9,7.08333333333333,7.16666666666667,NA,7,7.16666666666667,6,3,0,3,6,1149,639,510,122,406,743,6.62233065274151,7.12098748043819,5.99754298039216,6.15860655737705,6.63224384236453,6.61691375504711,102
"103",2011,9,5.57692307692308,13,6.35714285714286,4.66666666666667,NA,7.5,5.22727272727273,7,6,0,2,11,1162,646,516,122,408,754,6.61063504302926,7.11271052631579,5.98206767441861,6.15860655737705,6.63649754901961,6.59664047745358,103
"104",2011,10,6.78,10,7,6.63333333333333,6.5,6,6.86666666666667,4,6,2,1,9,1172,650,522,124,409,763,6.61208013651877,7.11201692307692,5.98955348659004,6.16411290322581,6.6349413202934,6.59982558322412,104
"105",2011,11,6.54166666666667,12,6.75,6.33333333333333,7,7,6.45,6,6,2,2,10,1184,656,528,126,411,773,6.61136648648649,7.10870579268293,5.99346007575758,6.17738095238095,6.63671776155718,6.59788734799483,105
"106",2011,12,6.75,6,8,6.125,6,8,6.5,2,4,1,1,5,1190,658,532,127,412,778,6.6120654789916,7.11141489361702,5.99444909774436,6.1759842519685,6.64002669902913,6.59725825192802,106
"107",2012,1,5.98823529411765,17,6.71428571428571,5.48,4.75,5.65,6.03333333333333,7,10,2,2,15,1207,665,542,129,414,793,6.60327913835957,7.10723458646617,5.98495741697417,6.15387596899225,6.63524396135266,6.58659132408575,107
"108",2012,2,6.83333333333333,9,7.625,6.2,7,6,6.9375,4,5,1,1,8,1216,669,547,130,415,801,6.60498184210526,7.11033034379671,5.98692307129799,6.16038461538461,6.63371325301205,6.59009602996255,108
"109",2012,3,6.61111111111111,9,7.08333333333333,5.66666666666667,5,6.5,6.64285714285714,6,3,2,2,7,1225,675,550,132,417,808,6.60502687346939,7.11009037037037,5.98517621818182,6.14280303030303,6.63307194244604,6.59055311881188,109
"110",2012,4,6.75454545454545,11,7.475,4.83333333333333,5,3.5,7.08,8,3,1,1,10,1236,683,553,133,418,818,6.60635754045307,7.11436456808199,5.97892752260398,6.13421052631579,6.62557655502392,6.59653657701711,110
"111",2012,5,6.88888888888889,9,7.6,6,6.25,5.75,7.21428571428571,5,4,2,2,7,1245,688,557,135,420,825,6.60839993574297,7.11789389534884,5.97907885098743,6.13592592592593,6.62140714285714,6.60177808484849,111
"112",2012,6,7.375,4,7.5,7.25,7.5,7,7.5,2,2,1,1,3,1249,690,559,136,421,828,6.61085502001601,7.11900144927536,5.98362597495528,6.14595588235294,6.62230641330166,6.60503251207729,112
"113",2012,7,7.45375,8,7.57142857142857,6.63,NA,7.75,7.355,7,1,0,2,6,1257,697,560,136,423,834,6.61621950676213,7.12354519368723,5.98478021428572,6.14595588235294,6.62763829787234,6.6104279616307,113
"114",2012,8,6.25,12,6.75,6,5,4,6.45454545454545,4,8,2,1,11,1269,701,568,138,424,845,6.61275643814027,7.12141369472183,5.98499457746479,6.12934782608696,6.62144103773585,6.60839872189349,114
"115",2012,9,6.79166666666667,12,6.91666666666667,6.66666666666667,6,5,6.95454545454545,6,6,2,1,11,1281,707,574,140,425,856,6.61443241217799,7.11967609618105,5.99212006968641,6.1275,6.61762588235294,6.61284686915888,115
"116",2012,10,7.15,10,7.58333333333333,6.5,7,7.25,7.125,6,4,2,2,8,1291,713,578,142,427,864,6.61858088303641,7.1235778401122,5.99563480968858,6.13978873239437,6.62058782201405,6.61758902777778,116
"117",2012,11,6.78571428571429,14,7.625,5.66666666666667,7,2,7.15384615384615,8,6,3,1,13,1305,721,584,145,428,877,6.62037388505747,7.12914147018031,5.992255,6.15758620689655,6.60979205607477,6.62553810718358,117
"118",2012,12,6.71,10,7.875,5.93333333333333,5.33333333333333,6,6.78888888888889,4,6,3,1,9,1315,725,590,148,429,886,6.62105545247148,7.13325655172414,5.99165579661017,6.14087837837838,6.60837062937063,6.62719742663657,118
"119",2013,1,6.69230769230769,13,6.83333333333333,6.57142857142857,6,7,6.63636363636364,6,7,2,2,11,1328,731,597,150,431,897,6.62175295180723,7.13079480164159,5.99845380234506,6.139,6.6101879350348,6.62730983277592,119
"120",2013,2,6.28571428571429,7,7,5.75,7,5.5,6.6,3,4,1,2,5,1335,734,601,151,433,902,6.61999095131086,7.13026021798365,5.99680019966722,6.14470198675497,6.60506004618938,6.62715844789357,120
"121",2013,3,5.875,14,6.34375,5.25,4,5.3,6.19444444444444,8,6,1,5,9,1349,742,607,152,438,911,6.61225939214233,7.12178032345014,5.98941831960461,6.13059210526316,6.59016210045662,6.62288355653128,121
"122",2013,4,6.175,8,6.73333333333333,4.5,4.5,4,6.48571428571429,6,2,2,1,7,1357,748,609,154,439,918,6.6096815917465,7.11866443850267,5.98452696223317,6.10941558441558,6.58426195899772,6.62183760348584,122
"123",2013,5,6.39,10,6.98,5.8,6,3,6.76666666666667,5,5,2,1,9,1367,753,614,156,440,927,6.60807455742502,7.11774369189907,5.98302429967427,6.10801282051282,6.57611590909091,6.62324371089536,123
"124",2013,6,7,11,7.375,6,6,6.66666666666667,7.125,8,3,1,3,8,1378,761,617,157,443,935,6.61120313497823,7.12044809461235,5.98310683954619,6.10732484076433,6.57672911963883,6.62753681283422,124
"125",2013,7,6.79166666666667,12,7.25,6.33333333333333,5,6,6.86363636363636,6,6,1,1,11,1390,767,623,158,444,946,6.61276109352518,7.12146153846154,5.98647980738363,6.1003164556962,6.57543018018018,6.6302821564482,125
"126",2013,8,6.04166666666667,12,6.16666666666667,5.91666666666667,5,5.3,6.57142857142857,6,6,1,5,7,1402,773,629,159,449,953,6.60787298145506,7.11405045278137,5.98581386327504,6.09339622641509,6.56122717149221,6.62984986358867,126
"127",2013,9,7,13,7.3,6,NA,6.75,7.11111111111111,10,3,0,4,9,1415,783,632,159,453,962,6.61147556183746,7.11642528735632,5.98588120253165,6.09339622641509,6.5628940397351,6.63435230769231,127
"128",2013,10,5.875,16,6.28571428571429,5.55555555555556,5.83333333333333,5.25,6.08333333333333,7,9,6,4,12,1431,790,641,165,457,974,6.60324103424179,7.10906455696202,5.97983918876755,6.08393939393939,6.55140262582057,6.62756357289528,128
"129",2013,11,5.6625,8,6.5,5.16,4.93333333333333,5.33333333333333,5.86,3,5,3,3,5,1439,793,646,168,460,979,6.59801106323836,7.1067604035309,5.97349368421053,6.06339285714285,6.54345869565218,6.62364343207354,129
"130",2013,12,6.42307692307692,13,6.92857142857143,5.83333333333333,5,5.5,6.59090909090909,7,6,1,2,11,1452,800,652,169,462,990,6.59644484848485,7.10520125,5.97220386503068,6.05710059171597,6.53894155844156,6.62327971717172,130
"131",2014,1,7.0625,8,7.21428571428571,6,NA,10,6.64285714285714,7,1,0,1,7,1460,807,653,169,463,997,6.59899857534247,7.10614745972739,5.97224643185299,6.05710059171597,6.54641684665227,6.62341717151454,131
"132",2014,2,6.36,10,6.87142857142857,5.16666666666667,5,5.5,6.575,7,3,1,2,8,1470,814,656,170,465,1005,6.59737273469388,7.10412899262899,5.96856237804878,6.05088235294117,6.54191612903226,6.62303176119403,132
"133",2014,3,7.43333333333333,6,7.65,7,6,9.1,7.1,4,2,1,1,5,1476,818,658,171,466,1010,6.60077094850948,7.10679828850856,5.97169744680851,6.05058479532163,6.54740557939914,6.62539299009901,133
"134",2014,4,7.5,2,NA,7.5,7,NA,7.5,0,2,1,0,2,1478,818,660,172,466,1012,6.60198776725304,7.10679828850856,5.97632866666667,6.05610465116279,6.54740557939914,6.62712146245059,134
"135",2014,5,6.04166666666667,12,6.55,3.5,2,4.66666666666667,6.5,10,2,1,3,9,1490,828,662,173,469,1021,6.59747511409396,7.10007367149759,5.96884731117825,6.03265895953757,6.53537526652452,6.62600090107737,135
"136",2014,6,6.41428571428571,7,6.975,5.66666666666667,6,7,6.18,4,3,1,2,5,1497,832,665,174,471,1026,6.59661851703407,7.09947235576923,5.96748409022557,6.03247126436781,6.53734819532909,6.62382740740741,136
"137",2014,7,5.78571428571429,7,7,4.875,4.5,5.125,6.66666666666667,3,4,3,4,3,1504,835,669,177,475,1029,6.59284436170213,7.09911497005988,5.96095204783259,6.00649717514124,6.52545473684211,6.623952303207,137
"138",2014,8,6.62,10,8.175,5.58333333333333,6.125,7.75,6.3375,4,6,4,2,8,1514,839,675,181,477,1037,6.59302372523118,7.10424433849821,5.95759543703704,6.00911602209945,6.5305890985325,6.62174244937319,138
"139",2014,9,6.4,5,7.5,5.66666666666667,NA,NA,6.4,2,3,0,0,5,1519,841,678,181,477,1042,6.59238836076366,7.10518549346017,5.95630814159292,6.00911602209945,6.5305890985325,6.62067842610365,139
"140",2014,10,6.05,6,7,5.575,4,NA,6.05,2,4,1,0,6,1525,843,682,182,477,1048,6.59025437377049,7.1049359430605,5.95407173020528,5.99807692307692,6.5305890985325,6.61741118320611,140
"141",2014,11,6.57272727272727,11,6.85714285714286,6.075,NA,6,6.9,7,4,0,4,7,1536,850,686,182,481,1055,6.59012885416667,7.10289529411765,5.95477685131195,5.99807692307692,6.52617671517672,6.61928618009479,141
"142",2014,12,6.63636363636364,11,7.2,6.16666666666667,6.25,7.5,6.55,5,6,2,1,10,1547,855,692,184,482,1065,6.59045760827408,7.10346315789474,5.95661404624278,6.0008152173913,6.52819709543569,6.6186356056338,142
"143",2015,1,6.3125,8,6.625,6,6,6.125,6.5,4,4,2,4,4,1555,859,696,186,486,1069,6.58902760128617,7.10123515715949,5.9568633908046,6.0008064516129,6.52487860082305,6.61819169317119,143
"144",2015,2,6.46153846153846,13,7.41666666666667,5.64285714285714,6.33333333333333,8,6.18181818181818,6,7,3,2,11,1568,865,703,189,488,1080,6.5879706122449,7.10342312138728,5.95373672830726,6.00608465608465,6.53092418032787,6.61374714814815,144
"145",2015,3,6.33333333333333,9,6.66666666666667,5.66666666666667,3,7,6.14285714285714,6,3,1,2,7,1577,871,706,190,490,1087,6.58651738744451,7.10041446613088,5.95251688385269,5.99026315789474,6.5328387755102,6.61071473781049,145
"146",2015,4,7,9,8.125,6.1,7,6.5,7.25,4,5,2,3,6,1586,875,711,192,493,1093,6.58886375788146,7.10509828571429,5.95355403656822,6.00078125,6.53263894523327,6.61422408051235,146
"147",2015,5,6.64285714285714,7,7.7,4,NA,7.25,6.4,5,2,0,2,5,1593,880,713,192,495,1098,6.58910101694915,7.10847840909091,5.94807422159888,6.00078125,6.53553737373737,6.61324856102004,147
"148",2015,6,7,2,8.5,5.5,NA,NA,7,1,1,0,0,2,1595,881,714,192,495,1100,6.5896162507837,7.11005788876277,5.94744666666667,6.00078125,6.53553737373737,6.61395174545455,148
"149",2015,7,6.96,10,7.0125,6.75,NA,6.875,7.01666666666667,8,2,0,4,6,1605,889,716,192,499,1106,6.5919239376947,7.10917997750281,5.94968843575419,6.00078125,6.53825851703407,6.6161364556962,149
"150",2015,8,7.14285714285714,7,8.125,5.83333333333333,6,10,6.66666666666667,4,3,1,1,6,1612,893,719,193,500,1112,6.59431632754342,7.11373012318029,5.94920294853964,6.00077720207254,6.545182,6.61640910071942,150
"151",2015,9,6.5,5,5.875,9,NA,NA,6.5,4,1,0,0,5,1617,897,720,193,500,1117,6.59402468769326,7.10820624303233,5.95344016666667,6.00077720207254,6.545182,6.61588802148612,151
"152",2015,10,6.75,4,6.5,7,NA,NA,6.75,2,2,0,0,4,1621,899,722,193,500,1121,6.59440957433683,7.1068531701891,5.95633922437673,6.00077720207254,6.545182,6.61636656556646,152
"153",2015,11,6.375,8,7.1,5.16666666666667,4.5,6.25,6.5,5,3,2,4,4,1629,904,725,195,504,1125,6.59333205647637,7.10681526548673,5.9530716137931,5.98538461538461,6.54283928571429,6.61595281777778,153
"154",2015,12,7.14285714285714,7,7.5,7,7,NA,7.14285714285714,2,5,4,0,7,1636,906,730,199,504,1132,6.59568332518337,7.10768322295806,5.96024235616439,6.00577889447236,6.54283928571429,6.61921106007067,154
"155",2016,1,7.45,15,7.83333333333333,6.875,6.5625,7,7.61363636363636,9,6,4,4,11,1651,915,736,203,508,1143,6.60344513628104,7.11482076502732,5.96769961956522,6.0167487684729,6.54643897637795,6.62878120734908,155
"156",2016,2,6.61428571428571,7,6.575,6.66666666666667,NA,6.66666666666667,6.575,4,3,0,3,4,1658,919,739,203,511,1147,6.60349090470446,7.11247116430903,5.97053710419486,6.0167487684729,6.54714481409002,6.62859365300785,156
"157",2016,3,7.5,4,7.5,NA,NA,8,7.33333333333333,4,0,0,1,3,1662,923,739,203,512,1150,6.60564856799037,7.11415059588299,5.97053710419486,6.0167487684729,6.549982421875,6.63043210434783,157
"158",2016,4,6.08333333333333,6,7.75,5.25,4,4,6.5,2,4,1,1,5,1668,925,743,204,513,1155,6.60376973621103,7.11552540540541,5.96665803499327,6.00686274509804,6.54501169590643,6.62986746320346,158
"159",2016,5,6.33333333333333,6,6.75,5.5,5.5,5,6.6,4,2,2,1,5,1674,929,745,206,514,1160,6.60280043010753,7.11395156081808,5.96540526174497,6.00194174757281,6.54200583657588,6.62973872413793,159
"160",2016,6,6.41666666666667,6,6.83333333333333,6,6,6,6.625,3,3,2,2,4,1680,932,748,208,516,1164,6.60213566666667,7.1130482832618,5.96554401069519,6.00192307692308,6.53990503875969,6.62972243986254,160
"161",2016,7,6.33333333333333,9,6.5,6,NA,NA,6.33333333333333,6,3,0,0,9,1689,938,751,208,516,1173,6.60070332741267,7.10912686567164,5.96568165113183,6.00192307692308,6.53990503875969,6.62744835464621,161
"162",2016,8,7.3,10,7.16666666666667,7.5,7,10,7,6,4,1,1,9,1699,944,755,209,517,1182,6.60481925838729,7.10949258474576,5.97381049006623,6.0066985645933,6.54659767891683,6.63028504230118,162
"163",2016,9,6.42,5,7,6.03333333333333,6.1,NA,6.42,2,3,1,0,5,1704,946,758,210,517,1187,6.60427694835681,7.10926109936575,5.97404606860159,6.00714285714286,6.54659767891683,6.62939925863521,163
"164",2016,10,6.68571428571429,7,6.96666666666667,5,NA,9,6.3,6,1,0,1,6,1711,952,759,210,518,1193,6.60461012273524,7.10836239495798,5.97276274044796,6.00714285714286,6.55133397683398,6.6277425984912,164
"165",2016,11,6.33333333333333,6,5.75,6.625,NA,6.5,6.3,2,4,0,1,5,1717,954,763,210,519,1198,6.60366215492137,7.10551467505241,5.97618207077327,6.00714285714286,6.55123506743738,6.6263747245409,165
"166",2016,12,6.38461538461539,13,7.05555555555556,4.875,6,8,6.09090909090909,9,4,1,2,11,1730,963,767,211,521,1209,6.60201613872832,7.10504776739356,5.97043926988266,6.00710900473933,6.55679654510557,6.62150282878412,166
"167",2017,1,6.61428571428571,7,6.95,6.16666666666667,5,6.5,6.66,4,3,1,2,5,1737,967,770,212,523,1214,6.60206558434082,7.10440641158221,5.97120379220779,6.00235849056604,6.5565793499044,6.62166138385502,167
"168",2017,2,6.6,10,7.375,3.5,NA,NA,6.6,8,2,0,0,10,1747,975,772,212,523,1224,6.60205376073268,7.10662666666667,5.96480170984456,6.00235849056604,6.5565793499044,6.62148441176471,168
"169",2017,3,5.96666666666667,9,6.33333333333333,5.78333333333333,8,NA,5.96666666666667,3,6,1,0,9,1756,978,778,213,523,1233,6.59879722095672,7.104254601227,5.96340221079692,6.01173708920188,6.5565793499044,6.61670472019465,169
"170",2017,4,6.44444444444444,9,7.8,4.75,5.5,NA,6.44444444444444,5,4,2,0,9,1765,983,782,215,523,1242,6.5980101529745,7.10779348931841,5.95719554987212,6.00697674418604,6.5565793499044,6.61545645732689,170
"171",2017,5,7,7,7,7,NA,7,7,5,2,0,1,6,1772,988,784,215,524,1248,6.5995981489842,7.1072479757085,5.95985576530612,6.00697674418604,6.55742557251908,6.61730522435897,171
"172",2017,6,7.25,3,7.25,NA,NA,NA,7.25,3,0,0,0,3,1775,991,784,215,524,1251,6.60069741971831,7.10768012108981,5.95985576530612,6.00697674418604,6.55742557251908,6.61882247801759,172
"173",2017,7,6.45384615384615,13,6.4875,6.4,6.5,7.75,6.21818181818182,8,5,1,2,11,1788,999,789,216,526,1262,6.59962970917226,7.10271371371371,5.96264501901141,6.00925925925926,6.56196007604563,6.61533036450079,173
"174",2017,8,6.91,10,6.8,7.02,7.25,NA,6.91,5,5,2,0,10,1798,1004,794,218,526,1272,6.60135590656285,7.10120617529881,5.9693034256927,6.02064220183486,6.56196007604563,6.61764694968553,174
"175",2017,9,6.28571428571429,7,6.83333333333333,5.875,5.5,6.5,6.25,3,4,2,1,6,1805,1007,798,220,527,1278,6.60013181163435,7.10040814299901,5.96883072681704,6.01590909090909,6.56184250474383,6.61592090766823,175
"176",2017,10,7.27,10,7.67142857142857,6.33333333333333,6,9.2,7.05555555555556,7,3,2,1,9,1815,1014,801,222,528,1287,6.60382254545454,7.10435009861933,5.9701959051186,6.01576576576576,6.56683901515152,6.61899527583528,176
"177",2017,11,6.2,10,7.16666666666667,4.75,4.5,NA,6.2,6,4,2,0,10,1825,1020,805,224,528,1297,6.60160981917808,7.10471666666667,5.96413281987578,6.00223214285714,6.56683901515152,6.61576478026214,177
"178",2017,12,5.925,12,6.3875,5,4,6.33333333333333,5.78888888888889,8,4,2,3,9,1837,1028,809,226,531,1306,6.59718994011976,7.09913521400778,5.95936578491966,5.98451327433628,6.5655197740113,6.61006655436447,178
"179",2018,1,6.9,10,7.125,6,NA,7,6.88888888888889,8,2,0,1,9,1847,1036,811,226,532,1315,6.59882940985382,7.09933494208494,5.95946599260173,5.98451327433628,6.56633646616541,6.61197484410646,179
"180",2018,2,6.78571428571429,7,7.75,5.5,6,8,6.58333333333333,4,3,1,1,6,1854,1040,814,227,533,1321,6.59953501618123,7.1018375,5.95777262899263,5.98458149779735,6.56902626641651,6.61184475397426,180
"181",2018,3,7.57142857142857,7,7.57142857142857,NA,NA,NA,7.57142857142857,7,0,0,0,7,1861,1047,814,227,533,1328,6.60319071466953,7.1049770773639,5.95777262899263,5.98458149779735,6.56902626641651,6.61690280120482,181
"182",2018,4,5.9,5,7,5.625,NA,NA,5.9,1,4,0,0,5,1866,1048,818,227,533,1333,6.60130649517685,7.10487690839695,5.95614537897311,5.98458149779735,6.56902626641651,6.61421374343586,182
"183",2018,5,5.16666666666667,6,6.33333333333333,4,NA,2,5.8,3,3,0,1,5,1872,1051,821,227,534,1338,6.59670829059829,7.10267459562322,5.94899746650426,5.98458149779735,6.56047003745319,6.61117109118087,183
"184",2018,6,7.9,5,7.9,NA,NA,8.5,7.75,5,0,0,1,4,1877,1056,821,227,535,1342,6.6001800319659,7.10644981060606,5.94899746650426,5.98458149779735,6.56409532710281,6.61456551415797,184
"185",2018,7,8.02,5,8.25,7.1,NA,7.1,8.25,4,1,0,1,4,1882,1060,822,227,536,1346,6.6039521360255,7.11076509433962,5.95039771289538,5.98458149779735,6.56509514925373,6.61942564635958,185
"186",2018,8,6.38888888888889,9,7.375,5.6,NA,7,6.3125,4,5,0,1,8,1891,1064,827,227,537,1354,6.60292856689582,7.11175845864662,5.9482792261185,5.98458149779735,6.56590502793296,6.61761220088626,186
"187",2018,9,7.5,10,7.5,7.5,NA,NA,7.5,8,2,0,0,10,1901,1072,829,227,537,1364,6.60764751183588,7.11465578358209,5.95202282267793,5.98458149779735,6.56590502793296,6.62408131964809,187
"188",2018,10,6.9,10,7.14285714285714,6.33333333333333,6,6,7,7,3,1,1,9,1911,1079,832,228,538,1373,6.60917735217164,7.11483873957368,5.95339774038462,5.98464912280702,6.5648531598513,6.6265454624909,188
"189",2018,11,6.50666666666667,6,6.52,6.5,8,NA,6.50666666666667,2,4,1,0,6,1917,1081,836,229,538,1379,6.60885650495566,7.1137382053654,5.95601306220096,5.99344978165939,6.5648531598513,6.62602387237128,189
"190",2018,12,5.22222222222222,9,5.2,5.25,6,6,5.125,5,4,1,1,8,1926,1086,840,230,539,1387,6.60237690550363,7.10492725598527,5.9526510952381,5.99347826086956,6.5638051948052,6.61736620043259,190
"191",2019,1,6.875,12,7.66666666666667,6.08333333333333,5.25,8,6.65,6,6,2,2,10,1938,1092,846,232,541,1397,6.60406497420021,7.10801373626374,5.95357791962175,5.98706896551724,6.5691146025878,6.61759979957051,191
"192",2019,2,7.425,10,7.40625,7.5,NA,5,7.69444444444444,8,2,0,1,9,1948,1100,848,232,542,1406,6.60827921971253,7.11018272727273,5.95722514150944,5.98706896551724,6.56621955719557,6.62449283072546,192
"193",2019,3,7.22625,8,7.1875,7.265,NA,7,7.25857142857143,4,4,0,1,7,1956,1104,852,232,543,1413,6.61080670756646,7.11046286231884,5.96336492957747,5.98706896551724,6.56701841620626,6.6276340552017,193
"194",2019,4,6.77272727272727,11,7.41666666666667,6,5.83333333333333,6,6.85,6,5,3,1,10,1967,1110,857,235,544,1423,6.61171221148958,7.11211801801802,5.9635786697783,5.98510638297872,6.56597610294118,6.62919671117358,194
"195",2019,5,5.33333333333333,3,5.33333333333333,NA,NA,NA,5.33333333333333,3,0,0,0,3,1970,1113,857,235,544,1426,6.60976544162436,7.10732345013477,5.9635786697783,5.98510638297872,6.56597610294118,6.62647049088359,195
"196",2019,6,6.7,5,7.25,6.33333333333333,NA,NA,6.7,2,3,0,0,5,1975,1115,860,235,544,1431,6.6099938835443,7.10757937219731,5.96486851162791,5.98510638297872,6.56597610294118,6.62672740740741,196
"197",2019,7,6.49166666666667,6,7.65,5.33333333333333,NA,8.475,5.5,3,3,0,2,4,1981,1118,863,235,546,1435,6.60963549722362,7.10903488372093,5.96267314020858,5.98510638297872,6.57296886446887,6.62358670383275,197
"198",2019,8,8.125,8,8.6,7.33333333333333,5,6.5,8.66666666666667,5,3,1,2,6,1989,1123,866,236,548,1441,6.61573047762695,7.1156731967943,5.9674213856813,5.98093220338983,6.57270255474453,6.63209362942401,198
"199",2019,9,6.16666666666667,15,6.625,5.64285714285714,4,6,6.22727272727273,8,7,1,4,11,2004,1131,873,237,552,1452,6.61236922155689,7.11220247568524,5.96481892325315,5.97257383966245,6.56855253623189,6.62902680440771,199
"200",2019,10,6.57777777777778,9,7.08,5.95,6.8,6.06,7.225,5,4,1,5,4,2013,1136,877,238,557,1456,6.61221456532539,7.11206073943662,5.9647513340935,5.97605042016807,6.56398743267505,6.63066409340659,200
"201",2019,11,7.11111111111111,9,7.42857142857143,6,NA,NA,7.11111111111111,7,2,0,0,9,2022,1143,879,238,557,1465,6.61443517309594,7.11399912510936,5.96483153583618,5.97605042016807,6.56398743267505,6.63361564505119,201
"202",2019,12,7.66923076923077,13,8.18888888888889,6.5,NA,7.5,7.7,9,4,0,2,11,2035,1152,883,238,559,1476,6.62117342506143,7.12239670138889,5.96725585503964,5.97605042016807,6.56733631484795,6.64156295392954,202
"203",2020,1,6.53147142857143,14,6.5,6.57343333333333,6,NA,6.53147142857143,8,6,1,0,14,2049,1160,889,239,559,1490,6.62056052708638,7.11810431034483,5.9713470416198,5.97615062761506,6.56733631484795,6.64052853691275,203
"204",2020,2,6.23,10,7.9,4.56,3,NA,6.23,5,5,1,0,10,2059,1165,894,240,559,1500,6.61866368139874,7.12146008583691,5.96345360178971,5.96375,6.56733631484795,6.63779168,204
"205",2020,3,6.75,6,6.75,NA,NA,5,7.1,6,0,0,1,5,2065,1171,894,240,560,1505,6.61904528813559,7.11955678906917,5.96345360178971,5.96375,6.5645375,6.63932725581395,205
"206",2020,4,6.35666666666667,30,7.125,5.84444444444444,5.75,5.36666666666667,6.60416666666667,12,18,2,6,24,2095,1183,912,242,566,1529,6.61528807637232,7.11961200338123,5.96110473684211,5.96198347107438,6.55183922261484,6.63877535644212,206
"207",2020,5,6.39090909090909,11,6.66,6.16666666666667,5,NA,6.39090909090909,5,6,1,0,11,2106,1188,918,243,566,1540,6.61411610636277,7.11767760942761,5.9624482788671,5.95802469135802,6.55183922261484,6.63700488311688,207
"208",2020,6,6.11,10,6.75,5.68333333333333,6.55,6.3,6.08888888888889,4,6,2,1,9,2116,1192,924,245,567,1549,6.61173370510397,7.11644379194631,5.96063584415585,5.96285714285714,6.5513950617284,6.63382021949645,208
"209",2020,7,7.26785714285714,14,7.77777777777778,6.35,7.75,8.25,7.10416666666667,9,5,1,2,12,2130,1201,929,246,569,1561,6.61604625352113,7.12139966694421,5.96273145317546,5.97012195121951,6.55736555360281,6.63743595131326,209
"210",2020,8,6.6875,8,6.9,6.33333333333333,NA,NA,6.6875,5,3,0,0,8,2138,1206,932,246,569,1569,6.6163136202058,7.12048175787728,5.96392437768241,5.97012195121951,6.55736555360281,6.63769121733588,210
"211",2020,9,7.53142857142857,7,7.68,7.33333333333333,8,8,7.18,4,3,1,3,4,2145,1210,935,247,572,1573,6.61930000932401,7.12233140495868,5.96831820320856,5.97834008097166,6.56493181818182,6.63907026064844,211
"212",2020,10,6.6,5,6.6,NA,NA,3,7.5,5,0,0,1,4,2150,1215,935,247,573,1577,6.6192551255814,7.12018189300411,5.96831820320856,5.97834008097166,6.55871029668412,6.64125397590361,212
"213",2020,11,6.51428571428571,7,7.15,5.66666666666667,5,NA,6.51428571428571,4,3,1,0,7,2157,1219,938,248,573,1584,6.61891447380621,7.12027973748974,5.96735343283582,5.97439516129032,6.55871029668412,6.64069287878788,213
"214",2020,12,6.5,14,6.65,6.125,8,6,6.53846153846154,10,4,1,1,13,2171,1229,942,249,574,1597,6.61814763703363,7.11645321399512,5.96802284501062,5.98253012048193,6.55773693379791,6.63986068879148,214
"215",2021,1,5.78571428571429,14,6.66666666666667,5.125,2,3.875,6.55,6,8,2,4,10,2185,1235,950,251,578,1607,6.61281396796339,7.11426801619433,5.96092370526316,5.950796812749,6.53917128027682,6.63930150591163,215
"216",2021,2,7.63636363636364,11,7.75,7.33333333333333,7,8,7.55555555555556,8,3,2,2,9,2196,1243,953,253,580,1616,6.61794103825137,7.11835961383749,5.96524398740819,5.95909090909091,6.54420862068966,6.64440440594059,216
"217",2021,3,7.72975,4,7.72975,NA,NA,5.919,8.33333333333333,4,0,0,1,3,2200,1247,953,253,581,1619,6.61996250909091,7.12032076984763,5.96524398740819,5.95909090909091,6.54313253012048,6.6475339839407,217
"218",2021,4,5.9375,8,8,4.7,5,NA,5.9375,3,5,1,0,8,2208,1250,958,254,581,1627,6.61748981884058,7.122432,5.95864041753654,5.95531496062992,6.54313253012048,6.64404272894898,218
"219",2021,5,6.875,8,7.4,6,7,6,7,5,3,1,1,7,2216,1255,961,255,582,1634,6.61841945848376,7.12353784860558,5.95876953173778,5.95941176470588,6.54219931271478,6.6455676376989,219
"220",2021,6,6.16666666666667,6,7,5.33333333333333,NA,6,6.2,3,3,0,1,5,2222,1258,964,255,583,1639,6.6171996039604,7.12324324324324,5.95682315352697,5.95941176470588,6.541269296741,6.6442083709579,220
"221",2021,7,6.75,10,7.08,6.42,NA,NA,6.75,5,5,0,0,10,2232,1263,969,255,583,1649,6.61779458781362,7.123072050673,5.95921312693499,5.95941176470588,6.541269296741,6.64484992116434,221
"222",2021,8,6.4375,8,7.375,5.5,7,NA,6.4375,4,4,1,0,8,2240,1267,973,256,583,1657,6.61715067857143,7.12386740331492,5.95732530318603,5.9634765625,6.541269296741,6.64384883524442,222
"223",2021,9,5.95,10,6.75,4.75,NA,4.25,6.375,6,4,0,2,8,2250,1273,977,256,585,1665,6.61418556444444,7.12210526315789,5.95238231320369,5.9634765625,6.5334358974359,6.64255706906907,223
"224",2021,10,7.25,8,7.33333333333333,7,NA,9,7,6,2,0,1,7,2258,1279,979,256,586,1672,6.61643822852082,7.12309616888194,5.95452249233912,5.9634765625,6.53764505119454,6.64405354066986,224
"225",2021,11,6.43076923076923,13,7.0625,5.42,NA,3,6.71666666666667,8,5,0,1,12,2271,1287,984,256,587,1684,6.61537539409952,7.1227195027195,5.95180642276423,5.9634765625,6.53161839863714,6.64457097387173,225
"226",2021,12,6.40666666666667,15,7.01111111111111,5.5,NA,6.65,6.31818181818182,9,6,0,4,11,2286,1296,990,256,591,1695,6.61400591426072,7.12194444444444,5.94906820202021,5.9634765625,6.53241962774958,6.64245281415929,226
"227",2022,1,6.16666666666667,12,6.75,5,NA,6.5,6.1,8,4,0,2,10,2298,1304,994,256,593,1705,6.61166993907746,7.11966257668712,5.94524901408451,5.9634765625,6.53231028667791,6.63927127272727,227
"228",2022,2,7.14285714285714,14,7.5,6.25,NA,6.5,7.31818181818182,10,4,0,3,11,2312,1314,998,256,596,1716,6.61488647058824,7.12255707762557,5.94647046092185,5.9634765625,6.53214765100671,6.64362326340326,228
"229",2022,3,5.625,4,6.16666666666667,4,NA,NA,5.625,3,1,0,0,4,2316,1317,999,256,596,1720,6.61317682210708,7.12037965072134,5.94452204204205,5.9634765625,6.53214765100671,6.64125437209302,229
"230",2022,4,6.28571428571429,7,6.25,6.33333333333333,9,NA,6.28571428571429,4,3,1,0,7,2323,1321,1002,257,596,1727,6.61219006457168,7.1177441332324,5.94568614770459,5.97529182879377,6.53214765100671,6.63981327156919,230
"231",2022,5,7.14285714285714,7,7.16666666666667,7.125,NA,8,7,3,4,0,1,6,2330,1324,1006,257,597,1733,6.61378434334764,7.11785498489426,5.95037526838967,5.97529182879377,6.53460636515913,6.64106031159838,231
"232",2022,6,6.76,5,7.66666666666667,5.4,5.8,NA,6.76,3,2,1,0,5,2335,1327,1008,258,597,1738,6.61409743897216,7.11909570459683,5.94928325396826,5.97461240310077,6.53460636515913,6.64140248561565,232
"233",2022,7,5.75,4,6.5,5,NA,6,5.66666666666667,2,2,0,1,3,2339,1329,1010,258,598,1741,6.61261971782813,7.1181640331076,5.94740348514852,5.97461240310077,6.53371237458194,6.63972287191269,233
"234",2022,8,6.71428571428571,7,6.83333333333333,6,NA,NA,6.71428571428571,6,1,0,0,7,2346,1335,1011,258,598,1748,6.61292306905371,7.11688389513109,5.94745550939664,5.97461240310077,6.53371237458194,6.64002146453089,234
"235",2022,9,6.5,6,5,8,NA,10,5.8,3,3,0,1,5,2352,1338,1014,258,599,1753,6.612635,7.1121375186846,5.95352812623275,5.97461240310077,6.53949916527546,6.63762551055334,235
"236",2022,10,7.92857142857143,7,8.08333333333333,7,NA,7.5,8.1,6,1,0,2,5,2359,1344,1015,258,601,1758,6.61653985587113,7.11647321428571,5.95455913300493,5.97461240310077,6.54269550748752,6.64178470989761,236
"237",2022,11,6.50909090909091,11,6.73333333333333,5.5,5.5,NA,6.50909090909091,9,2,2,0,11,2370,1353,1017,260,601,1769,6.61604114767933,7.11392461197339,5.9536652114061,5.97096153846154,6.54269550748752,6.64095959299039,237
"238",2022,12,6.27272727272727,11,7.28571428571429,4.5,6,NA,6.27272727272727,7,4,1,0,11,2381,1360,1021,261,601,1780,6.61445506929861,7.11480882352941,5.94797014691479,5.97107279693486,6.54269550748752,6.638684,238
