"","year","month","avg_rating","no_ratings","avg_rating_owned","avg_rating_not_owned","avg_rating_prev_owned","avg_rating_comment","avg_rating_no_comment","no_ratings_owned","no_ratings_not_owned","no_ratings_prev_owned","no_ratings_comment","no_ratings_no_comment","cum_no_ratings","cum_no_ratings_owned","cum_no_ratings_not_owned","cum_no_ratings_prev_owned","cum_no_ratings_comment","cum_no_ratings_no_comment","cum_avg_rating","cum_avg_rating_owned","cum_avg_rating_not_owned","cum_avg_rating_prev_owned","cum_avg_rating_comment","cum_avg_rating_no_comment","month_after_release"
"1",2007,7,7.60454545454545,22,7.88461538461539,7.2,8.5,7.14444444444444,7.92307692307692,13,9,2,9,13,22,13,9,2,9,13,7.60454545454546,7.88461538461539,7.2,8.5,7.14444444444444,7.92307692307692,0
"2",2007,8,7.38716814159292,113,7.92279411764706,6.57777777777778,6.7,7.12962962962963,7.6228813559322,68,45,5,54,59,135,81,54,7,63,72,7.42259259259259,7.91666666666667,6.68148148148148,7.21428571428571,7.13174603174603,7.67708333333333,1
"3",2007,9,7.22727272727273,88,7.896875,6.42375,6.13333333333333,6.94431818181818,7.51022727272727,48,40,9,44,44,223,129,94,16,107,116,7.34551569506726,7.9093023255814,6.5718085106383,6.60625,7.05467289719626,7.61379310344828,2
"4",2007,10,7.17954545454545,66,7.48974358974359,6.73148148148148,6.75,6.94166666666667,7.37777777777778,39,27,4,30,36,289,168,121,20,137,152,7.30761245674741,7.81190476190476,6.60743801652893,6.635,7.02992700729927,7.55789473684211,3
"5",2007,11,7.55842271028037,107,7.85001892307692,7.10714285714286,7.5,7.58235294117647,7.53662910714286,65,42,3,51,56,396,233,163,23,188,208,7.3753818939394,7.82253746781116,6.73619631901841,6.74782608695652,7.17978723404255,7.552169375,4
"6",2007,12,7.42564102564103,78,7.76346153846154,6.75,6.42857142857143,7.67096774193548,7.26382978723404,52,26,7,31,47,474,285,189,30,219,255,7.38365238396625,7.81175870175439,6.73809523809524,6.67333333333333,7.24931506849315,7.49902443137255,5
"7",2008,1,7.54938271604938,81,7.7377358490566,7.19285714285714,8.01666666666667,7.571875,7.53469387755102,53,28,6,32,49,555,338,217,36,251,304,7.40784005405405,7.80015156804734,6.79677419354839,6.89722222222222,7.29043824701195,7.50477378289474,6
"8",2008,2,7.35943076923077,65,7.57422916666667,6.75294117647059,8,7.14186956521739,7.47857142857143,48,17,2,23,42,620,386,234,38,274,346,7.40276488709678,7.77205759067358,6.79358974358974,6.95526315789474,7.27796715328467,7.50159315028902,7
"9",2008,3,7.24460227272727,88,7.63181818181818,6.85738636363636,7.05,6.95743243243243,7.45294117647059,44,44,8,37,51,708,430,278,46,311,397,7.38310625706215,7.75770751162791,6.80368705035971,6.97173913043478,7.23983279742765,7.49534314861461,8
"10",2008,4,7.41728395061728,81,7.725,6.86551724137931,8.125,7.440625,7.40204081632653,52,29,4,32,49,789,482,307,50,343,446,7.38661499366286,7.75417890041494,6.80952768729642,7.064,7.25856559766764,7.48509244394619,9
"11",2008,5,7.48983050847458,59,7.8,6.65625,7.16666666666667,7.18846153846154,7.72727272727273,43,16,3,26,33,848,525,323,53,369,479,7.39379626179245,7.75793186666667,6.80193498452012,7.06981132075472,7.25362601626016,7.50177709812109,10
"12",2008,6,7.4484126984127,63,7.84302325581395,6.6,8,7.41111111111111,7.47638888888889,43,20,1,27,36,911,568,343,54,396,515,7.39757324917673,7.7643736443662,6.79016034985423,7.08703703703704,7.26436363636364,7.50000238834951,11
"13",2008,7,7.20121951219512,82,7.411,6.8734375,7.09090909090909,7.08235294117647,7.28541666666667,50,32,11,34,48,993,618,375,65,430,563,7.38135874118832,7.73578354368932,6.79726666666667,7.08769230769231,7.24997209302326,7.4817073357016,12
"14",2008,8,7.51714285714286,70,7.80731707317073,7.10689655172414,6.95555555555556,7.36,7.60444444444444,41,29,9,25,45,1063,659,404,74,455,608,7.39030031044214,7.74023403641882,6.81949257425743,7.07162162162162,7.25601758241758,7.49079149671053,13
"15",2008,9,7.24016393442623,61,7.83285714285714,6.44230769230769,6.58333333333333,7.37037037037037,7.13676470588235,35,26,12,27,34,1124,694,430,86,482,642,7.38215233985765,7.74490523054755,6.79668604651163,7.00348837209302,7.26242323651452,7.47204241433022,14
"16",2008,10,7.3734375,64,7.48421052631579,7.21153846153846,7.25,7.59375,7.3,38,26,4,16,48,1188,732,456,90,498,690,7.38168285353535,7.7313718989071,6.8203399122807,7.01444444444444,7.27306827309237,7.46007424637681,15
"17",2008,11,7.55873015873016,63,7.80444444444444,6.94444444444444,6.71428571428571,7.575,7.55116279069767,45,18,7,20,43,1251,777,474,97,518,733,7.3905989048761,7.7356038996139,6.82505274261603,6.99278350515464,7.28472586872587,7.46541777626194,16
"18",2008,12,7.39057971014493,69,7.53367346938775,7.04,6.9,7.49038461538461,7.33023255813954,49,20,7,26,43,1320,826,494,104,544,776,7.39059790151515,7.72362497578692,6.83375506072874,6.98653846153846,7.29455514705882,7.4579268427835,17
"19",2009,1,7.52195121951219,82,7.80384615384615,7.03333333333333,6.92857142857143,7.59583333333333,7.49137931034483,52,30,14,24,58,1402,878,524,118,568,834,7.39828047788873,7.72837611617312,6.84518129770992,6.97966101694915,7.3072852112676,7.46025327338129,18
"20",2009,2,7.13770491803279,122,7.65087719298246,6.68769230769231,6.44444444444444,7.16666666666667,7.12696629213483,57,65,9,33,89,1524,935,589,127,601,923,7.37742075459318,7.7236515828877,6.82780135823429,6.94173228346457,7.29956405990017,7.42811617551462,19
"21",2009,3,7.0593023255814,86,7.40555555555556,6.81,6.6,6.78571428571429,7.14769230769231,36,50,15,21,65,1610,971,639,142,622,988,7.3604280931677,7.71185811534501,6.82640845070422,6.9056338028169,7.2822154340836,7.4096672368421,20
"22",2009,4,7.16212121212121,99,7.35,6.99905660377359,6.33333333333333,6.64375,7.26204819277108,46,53,9,16,83,1709,1017,692,151,638,1071,7.34894045055588,7.69549088495575,6.83963150289017,6.87152317880795,7.26620376175549,7.39822710550887,21
"23",2009,5,7.32442307692308,104,7.5280701754386,7.07744680851064,7.2875,7.15925925925926,7.38233766233766,57,47,8,27,77,1813,1074,739,159,665,1148,7.34753404853833,7.6866054283054,6.85475642760487,6.89245283018868,7.26186165413534,7.39716135017421,22
"24",2009,6,7.06181818181818,110,7.50806451612903,6.48541666666667,6.44444444444444,7.05185185185185,7.06506024096385,62,48,9,27,83,1923,1136,787,168,692,1231,7.33119044721789,7.67686111795775,6.83222998729352,6.86845238095238,7.2536676300578,7.37476948009748,23
"25",2009,7,7.19893617021277,94,7.55714285714286,6.80888888888889,6.81818181818182,7.12916666666667,7.22285714285714,49,45,11,24,70,2017,1185,832,179,716,1301,7.32502688646505,7.67191074261603,6.83096754807692,6.86536312849162,7.24949441340782,7.36659587240584,24
"26",2009,8,7.28028169014085,71,7.64594594594595,6.88235294117647,7.2875,6.95882352941176,7.38148148148148,37,34,8,17,54,2088,1222,866,187,733,1355,7.32350537835249,7.67112457446808,6.83298498845265,6.88342245989305,7.24275306957708,7.367189099631,25
"27",2009,9,6.92361111111111,72,7.46428571428571,6.57954545454545,6.62727272727273,7.08095238095238,6.85882352941176,28,44,11,21,51,2160,1250,910,198,754,1406,7.31017556944444,7.666491384,6.82073076923077,6.86919191919192,7.23824668435013,7.34874909672831,26
"28",2009,10,7.28988095238095,84,7.70526315789474,6.94673913043478,7,7.39545454545455,7.25241935483871,38,46,10,22,62,2244,1288,956,208,776,1468,7.30941587789661,7.66763527173913,6.82679393305439,6.87548076923077,7.24270360824742,7.34468067438692,27
"29",2009,11,7.45813953488372,86,7.77666666666667,7.10853658536585,7.13636363636364,7.42894736842105,7.46641791044776,45,41,11,19,67,2330,1333,997,219,795,1535,7.31490524892704,7.67131600150037,6.83838014042126,6.88858447488584,7.24715471698113,7.34999428664495,28
"30",2009,12,7.09345238095238,84,7.47674418604651,6.69146341463415,6.56153846153846,7.33571428571429,7.01269841269841,43,41,13,21,63,2414,1376,1038,232,816,1598,7.30719934962717,7.66523563226744,6.83257707129094,6.87025862068965,7.24943382352941,7.33669663954943,29
"31",2010,1,7.20126050420168,119,7.60606060606061,6.69716981132075,6.52272727272727,6.746,7.32234042553192,66,53,11,25,94,2533,1442,1091,243,841,1692,7.30222235688906,7.66252720527046,6.82599908340972,6.85452674897119,7.23446848989298,7.33589907210402,30
"32",2010,2,7.21481481481482,81,7.70595238095238,6.68589743589744,6.4,7.35294117647059,7.178125,42,39,10,17,64,2614,1484,1130,253,858,1756,7.2995138599847,7.66375621967655,6.82116371681416,6.83656126482213,7.23681585081585,7.3301487642369,31
"33",2010,3,7.46454545454545,55,7.74310344827586,7.15384615384615,7.25,7.395,7.48,29,26,2,10,45,2669,1513,1156,255,868,1801,7.30291466092169,7.66527708526107,6.82864619377163,6.83980392156863,7.23863824884793,7.33389296501943,32
"34",2010,4,7.134,60,7.42903225806452,6.81862068965517,6.8,7.38666666666667,7.04977777777778,31,29,5,15,45,2729,1544,1185,260,883,1846,7.29920089043606,7.66053382772021,6.82840084388186,6.83903846153846,7.24115288788222,7.32696708017335,33
"35",2010,5,7.2037037037037,54,7.57307692307692,6.86071428571429,6.5,7.06,7.25897435897436,26,28,6,15,39,2783,1570,1213,266,898,1885,7.29734790873159,7.65908549681529,6.82914674361088,6.83139097744361,7.23812694877505,7.3255603342175,34
"36",2010,6,7.23048780487805,41,7.54318181818182,6.86842105263158,7.5,7.18076923076923,7.25357142857143,22,19,3,13,28,2824,1592,1232,269,911,1913,7.29637720609065,7.65748381281407,6.82975243506493,6.83884758364312,7.23730845225027,7.32450665446942,35
"37",2010,7,7.30208333333333,48,7.94285714285714,6.8037037037037,7.05,7.25,7.328125,21,27,10,16,32,2872,1613,1259,279,927,1945,7.29647257311978,7.66119915065096,6.82919380460683,6.84641577060932,7.23752750809061,7.32456618508997,36
"38",2010,8,7.0125,48,7.516,6.46521739130435,6.46666666666667,7,7.01666666666667,25,23,9,12,36,2920,1638,1282,288,939,1981,7.29180453082192,7.65898304639804,6.82266380655226,6.83454861111111,7.23449201277955,7.31897083796062,37
"39",2010,9,7.10526315789474,57,7.57884615384615,6.70806451612903,7.03333333333333,6.91666666666667,7.15555555555556,26,31,6,12,45,2977,1664,1313,294,951,2026,7.28823286194155,7.65773090745192,6.81995811119574,6.83860544217687,7.23048159831756,7.31534117966436,38
"40",2010,10,7.09396551724138,58,7.50625,6.58653846153846,6.75,7.30769230769231,7.03222222222222,32,26,6,13,45,3035,1696,1339,300,964,2071,7.28452033937397,7.65487277712264,6.81542569081404,6.83683333333333,7.23152282157676,7.30918939159826,39
"41",2010,11,6.91361290322581,93,7.36257142857143,6.41363636363636,6.72727272727273,7.321,6.81584,49,44,11,18,75,3128,1745,1383,311,982,2146,7.27349272058824,7.64666488825215,6.8026428054953,6.83295819935691,7.23316293279022,7.29194745107176,40
"42",2010,12,7.12666666666667,75,7.51111111111111,6.55,6.7,6.86470588235294,7.20344827586207,45,30,5,17,58,3203,1790,1413,316,999,2204,7.27005470808617,7.64325711173184,6.7972788393489,6.83085443037975,7.22689289289289,7.28961852540835,41
"43",2011,1,7.13292682926829,82,7.50125,6.78214285714286,6.45,7.23333333333333,7.11571428571429,40,42,16,12,70,3285,1830,1455,332,1011,2274,7.26663172907154,7.64015313114754,6.79684192439863,6.8125,7.22696933728981,7.28426527264732,42
"44",2011,2,7.02833333333333,60,7.4,6.703125,6.5,7.04166666666667,7.025,28,32,9,12,48,3345,1858,1487,341,1023,2322,7.26235731838565,7.63653403121636,6.79482515131137,6.80425219941349,7.22479569892473,7.27890578380706,43
"45",2011,3,7.21428571428571,70,7.69833333333333,6.85125,6.78846153846154,7.06944444444444,7.26442307692308,30,40,13,18,52,3415,1888,1527,354,1041,2374,7.26137195607614,7.63751601165254,6.79630320890635,6.80367231638418,7.22210951008645,7.27858855518113,44
"46",2011,4,7.252,50,7.42,7,7.32,7.65714285714286,7.09444444444444,30,20,5,14,36,3465,1918,1547,359,1055,2410,7.26123671861472,7.63411377997914,6.79893665158371,6.8108635097493,7.22788246445498,7.27583785477178,45
"47",2011,5,7.06935483870968,62,7.5,6.665625,7.09090909090909,6.76470588235294,7.18444444444444,30,32,11,17,45,3527,1948,1579,370,1072,2455,7.25786368868727,7.63204837268994,6.79623495883471,6.81918918918919,7.22053731343284,7.2741626191446,46
"48",2011,6,6.9804347826087,46,7.42272727272727,6.575,6.35714285714286,7.3125,6.80333333333333,22,24,7,16,30,3573,1970,1603,377,1088,2485,7.25429197593059,7.62971077664974,6.79292264504055,6.8106100795756,7.22188970588235,7.26847856338028,47
"49",2011,7,7.12555555555556,45,7.76666666666667,6.39285714285714,6.125,7.18928571428571,7.09677419354839,24,21,6,14,31,3618,1994,1624,383,1102,2516,7.2526907766722,7.63135919257773,6.78774938423645,6.79986945169713,7.22147549909256,7.26636296899841,48
"50",2011,8,7.29711538461538,52,7.70357142857143,6.82291666666667,6.975,7.32631578947368,7.28030303030303,28,24,10,19,33,3670,2022,1648,393,1121,2549,7.25332022615804,7.63235916419387,6.78826152912621,6.80432569974555,7.22325245316681,7.26654344056493,49
"51",2011,9,6.98157894736842,38,7.24375,6.79090909090909,6.63636363636364,6.86363636363636,7.02962962962963,16,22,11,11,27,3708,2038,1670,404,1132,2576,7.25053539104639,7.62930825809617,6.78829640718563,6.79975247524752,7.21975795053003,7.26406026009317,50
"52",2011,10,7.03676470588235,68,7.66842105263158,6.23666666666667,6.83333333333333,6.34545454545455,7.17017543859649,38,30,9,11,57,3776,2076,1700,413,1143,2633,7.24668570709746,7.6300241955684,6.77856176470588,6.80048426150121,7.21134383202099,7.26202781238131,51
"53",2011,11,6.90636363636364,55,7.2453125,6.43478260869565,6.25,6.81764705882353,6.94605263157895,32,23,6,17,38,3831,2108,1723,419,1160,2671,7.24179985121378,7.62418416982922,6.77397272199652,6.79260143198091,7.20557413793103,7.25753247098465,52
"54",2011,12,7.41470588235294,68,7.54583333333333,7.1,6.2,7.5,7.4,48,20,5,10,58,3899,2156,1743,424,1170,2729,7.24481539625545,7.62243980983302,6.77771371199082,6.78561320754717,7.2080905982906,7.26056036277024,53
"55",2012,1,6.90735294117647,68,7.63333333333333,6.22285714285714,6.2,6.8,6.94038461538462,33,35,10,16,52,3967,2189,1778,434,1186,2781,7.2390308116965,7.62260403380539,6.76679133858268,6.7721198156682,7.20258516020236,7.25457361740381,54
"56",2012,2,7.03478260869565,46,7.11515151515152,6.83076923076923,6.54285714285714,7.15,7.01052631578947,33,13,7,8,38,4013,2222,1791,441,1194,2819,7.23668956640917,7.61506761026103,6.76725572305974,6.76848072562358,7.20223283082077,7.25128387016673,55
"57",2012,3,7.22205882352941,34,7.63571428571429,6.55384615384615,6.375,7.51,7.10208333333333,21,13,4,10,24,4047,2243,1804,445,1204,2843,7.2365666493699,7.61526091395452,6.76571784922395,6.76494382022472,7.20478903654485,7.25002435103764,56
"58",2012,4,7.01976744186047,43,7.07833333333333,6.88461538461539,7.08333333333333,7.48636363636364,6.859375,30,13,6,11,32,4090,2273,1817,451,1215,2875,7.23428734229829,7.60817432028156,6.7665685195377,6.76917960088692,7.20733827160494,7.24567625391304,57
"59",2012,5,7,44,7.41363636363636,6.58636363636364,5.98888888888889,7.36363636363636,6.87878787878788,22,22,9,11,33,4134,2295,1839,460,1226,2908,7.23179371794872,7.60630946840958,6.76441272430669,6.75391304347826,7.20874061990212,7.24151280261348,58
"60",2012,6,7.15,36,7.56842105263158,6.68235294117647,7,7.3125,7.10357142857143,19,17,2,8,28,4170,2314,1856,462,1234,2936,7.23108758513189,7.60599837078651,6.76366109913793,6.75497835497835,7.20941329011345,7.24019728542234,59
"61",2012,7,7.29808510638298,47,7.89285714285714,6.81769230769231,7.01666666666667,6.81,7.43,21,26,6,10,37,4217,2335,1882,468,1244,2973,7.23183429689353,7.60857825695931,6.76440754516472,6.75833333333333,7.20620257234726,7.24255944500505,60
"62",2012,8,7.03421052631579,38,7.38571428571429,6.6,6.5,6.6875,7.12666666666667,21,17,3,8,30,4255,2356,1899,471,1252,3003,7.23006938425382,7.60659177843803,6.76293575566087,6.75668789808917,7.20288817891374,7.24140167499168,61
"63",2012,9,6.89333333333333,42,7.496,6.34545454545455,6.41428571428571,6.14166666666667,7.194,20,22,7,12,30,4297,2376,1921,478,1264,3033,7.22677803816616,7.60566087121212,6.75815460697553,6.75167364016736,7.19281329113924,7.24093281569403,62
"64",2012,10,7.189,50,7.6537037037037,6.64347826086957,6.16666666666667,7.03076923076923,7.24459459459459,27,23,6,13,37,4347,2403,1944,484,1277,3070,7.22634350816655,7.60620067831877,6.75679783950617,6.74442148760331,7.19116366483947,7.24097694788274,63
"65",2012,11,6.76481481481482,54,7.31346153846154,6.25535714285714,6.525,7.24285714285714,6.5975,26,28,6,14,40,4401,2429,1972,490,1291,3110,7.22068057941377,7.60306720049403,6.74967799188641,6.74173469387755,7.19172424477149,7.2327007170418,64
"66",2012,12,7.07659574468085,47,7.40322580645161,6.44375,6.3,6.66666666666667,7.17368421052632,31,16,5,9,38,4448,2460,1988,495,1300,3148,7.21915810026978,7.60054887398374,6.74721579476861,6.73727272727273,7.18808923076923,7.23198831956798,65
"67",2013,1,7.154,50,7.62222222222222,6.60434782608696,6.57,7.18,7.1475,27,23,10,10,40,4498,2487,2011,505,1310,3188,7.21843379946643,7.60078416968234,6.74558180009945,6.7339603960396,7.18802748091603,7.23092824027604,66
"68",2013,2,7.05116279069767,43,7.6125,6.34210526315789,6.91666666666667,6.5625,7.16285714285714,24,19,6,8,35,4541,2511,2030,511,1318,3223,7.2168498634662,7.60089614894464,6.74180541871921,6.73610567514677,7.18423065250379,7.23018902575241,67
"69",2013,3,6.67647058823529,51,7.48076923076923,5.84,6.16666666666667,7.3,6.52439024390244,26,25,6,10,41,4592,2537,2055,517,1328,3264,7.21084826437282,7.59966504927079,6.73083454987835,6.72949709864603,7.18510240963855,7.2213232935049,68
"70",2013,4,6.79649122807018,57,7.548,6.209375,5.875,6.87142857142857,6.77209302325581,25,32,8,14,43,4649,2562,2087,525,1342,3307,7.20576795654979,7.59916090163934,6.7228390033541,6.71647619047619,7.18183010432191,7.21548207741155,69
"71",2013,5,7.16071428571429,42,7.70833333333333,6.75,6.9,6.59090909090909,7.36290322580645,18,24,10,11,31,4691,2580,2111,535,1353,3338,7.20536457684929,7.59992256976744,6.72314779725249,6.71990654205607,7.1770258684405,7.21685117735171,70
"72",2013,6,7.0675,40,7.5,6.67619047619048,6.78571428571429,6.96923076923077,7.11481481481481,19,21,7,13,27,4731,2599,2132,542,1366,3365,7.20419894948214,7.59919208541747,6.72268527204503,6.72075645756458,7.17504831625183,7.21603246062407,71
"73",2013,7,7.42894736842105,38,7.66875,7.01785714285714,6.91666666666667,7.55,7.40161290322581,24,14,3,7,31,4769,2623,2146,545,1373,3396,7.20598977353743,7.59982852840259,6.72461090400746,6.72183486238532,7.17695994173343,7.21772651060071,72
"74",2013,8,6.96486486486486,37,7.40526315789474,6.5,6.35,6.45833333333333,7.208,19,18,10,12,25,4806,2642,2164,555,1385,3421,7.20413342280483,7.59842930734292,6.72274260628466,6.71513513513513,7.17073357400722,7.21765543116048,73
"75",2013,9,7.03409090909091,44,7.42857142857143,6.34375,6.65,7.45454545454545,6.89393939393939,28,16,10,11,33,4850,2670,2180,565,1396,3454,7.20259076907216,7.59664802621723,6.71996100917431,6.71398230088495,7.17296991404011,7.21456260277939,74
"76",2013,10,6.93421052631579,38,7.2,6.63888888888889,6.33333333333333,6.75,6.98333333333333,20,18,3,8,30,4888,2690,2198,568,1404,3484,7.20050434328969,7.59369897026022,6.71929708826206,6.71197183098591,7.17055982905983,7.21257153559127,75
"77",2013,11,6.875,50,7.33064516129032,6.13157894736842,6.18181818181818,7.14285714285714,6.77083333333333,31,19,11,14,36,4938,2721,2217,579,1418,3520,7.19720843053868,7.59070203234105,6.7142602616148,6.70189982728843,7.17028631875881,7.20805375852273,76
"78",2013,12,7.22727272727273,55,7.796,6.75333333333333,6.79166666666667,7.04545454545455,7.27272727272727,25,30,12,11,44,4993,2746,2247,591,1429,3564,7.19753960144202,7.59257109613984,6.71478193146418,6.70372250423012,7.16932540237929,7.2088521969697,77
"79",2014,1,7.36119402985075,67,7.7,6.75416666666667,6.72142857142857,8.04166666666667,7.21272727272727,43,24,14,12,55,5060,2789,2271,605,1441,3619,7.19970656719367,7.59422740408748,6.71519815059445,6.70413223140496,7.17658986814712,7.20891108869854,78
"80",2014,2,7.47735849056604,53,7.76923076923077,7.1962962962963,7.5,7.44285714285714,7.48974358974359,26,27,9,14,39,5113,2815,2298,614,1455,3658,7.2025846332877,7.59584377619893,6.72085073977372,6.71579804560261,7.17915189003436,7.21190520229634,79
"81",2014,3,6.996875,32,7.30769230769231,6.78421052631579,6.58333333333333,6.575,7.05714285714286,13,19,6,4,28,5145,2828,2317,620,1459,3686,7.20130519533528,7.59451917609618,6.72137030643073,6.71451612903226,7.17749554489376,7.21072957948996,80
"82",2014,4,7.10547619047619,42,7.43409090909091,6.744,6.45,7.22857142857143,7.08085714285714,22,20,4,7,35,5187,2850,2337,624,1466,3721,7.20052925197609,7.59328078245614,6.72156397090287,6.71282051282051,7.17773942701228,7.20950798978769,81
"83",2014,5,7.11086956521739,46,7.60909090909091,6.65416666666667,6.6875,6.6,7.17317073170732,22,24,8,5,41,5233,2872,2361,632,1471,3762,7.1997411102618,7.59340189066852,6.72087886488776,6.7125,7.17577566281441,7.20911196969697,82
"84",2014,6,7.29565217391304,23,7.75333333333333,6.4375,6.5,7.21428571428571,7.33125,15,8,2,7,16,5256,2887,2369,634,1478,3778,7.20016081240487,7.59423284724627,6.71992190797805,6.71182965299685,7.17595805142084,7.20962922975119,83
"85",2014,7,7.18111111111111,36,7.54736842105263,6.77176470588235,6.8425,6.72222222222222,7.33407407407407,19,17,4,9,27,5292,2906,2386,638,1487,3805,7.20003122260015,7.5939264384033,6.72029128248114,6.71264890282132,7.17321183591123,7.21051228120894,84
"86",2014,8,7.18055555555556,36,7.68421052631579,6.61764705882353,7.16666666666667,8,6.90740740740741,19,17,6,9,27,5328,2925,2403,644,1496,3832,7.19989963025525,7.5945128991453,6.71956512692468,6.71687888198758,7.178185828877,7.20837662578288,85
"87",2014,9,7.02375,40,7.2525,6.795,6.4,6.92857142857143,7.04393939393939,20,20,5,7,33,5368,2945,2423,649,1503,3865,7.19858703986587,7.59219023089983,6.72018778373917,6.714437596302,7.17702328675981,7.20697263389392,86
"88",2014,10,6.91547619047619,42,7.56052631578947,6.38260869565217,6.25714285714286,6.95,6.91184210526316,19,23,7,4,38,5410,2964,2446,656,1507,3903,7.19638913678373,7.59198725708502,6.71701349141455,6.70955792682927,7.17642070338421,7.20409921342557,87
"89",2014,11,7.23888888888889,45,7.675,6.89,6.90909090909091,7.15625,7.25675675675676,20,25,11,8,37,5455,2984,2471,667,1515,3940,7.19673973052245,7.59254364276139,6.71876365843788,6.71284857571214,7.17631419141914,7.20459371319797,88
"90",2014,12,7.21274509803922,51,7.615,6.63809523809524,6.26,7.20833333333333,7.21410256410256,30,21,5,12,39,5506,3014,2492,672,1527,3979,7.19688798220123,7.59276716323822,6.71808386837881,6.70947916666667,7.17656581532416,7.20468691379744,89
"91",2015,1,7.10793650793651,63,7.4825,6.45652173913043,6.125,7.8,6.99259259259259,40,23,4,9,54,5569,3054,2515,676,1536,4033,7.19588170766744,7.59132293058284,6.71569184890656,6.70602071005917,7.18021875,7.20184706917927,90
"92",2015,2,7.0074,50,7.58518518518519,6.32913043478261,6.25,7.20714285714286,6.92972222222222,27,23,7,14,36,5619,3081,2538,683,1550,4069,7.19420452571632,7.59126914313534,6.71218873128448,6.70134699853587,7.18046193548387,7.19943947652986,91
"93",2015,3,7.40686274509804,51,7.72368421052632,6.48076923076923,6.65,7.51111111111111,7.38452380952381,38,13,5,9,42,5670,3119,2551,688,1559,4111,7.19611732451499,7.59288240782302,6.71100940807526,6.7009738372093,7.18237075048108,7.20133038919971,92
"94",2015,4,7.29666666666667,45,7.91136363636364,6.70869565217391,6.75,6.8,7.43857142857143,22,23,4,10,35,5715,3141,2574,692,1569,4146,7.19690905161855,7.59511309455587,6.71098873348873,6.70125722543353,7.17993371574251,7.20333314761216,93
"95",2015,5,7.23285714285714,35,7.47894736842105,6.940625,6.78571428571429,7.51111111111111,7.13653846153846,19,16,7,9,26,5750,3160,2590,699,1578,4172,7.19712786608696,7.59441462974683,6.71240733590734,6.70210300429185,7.18182256020279,7.20291688159156,94
"96",2015,6,7.35119047619048,42,7.77115384615385,6.66875,6.82,7.075,7.41617647058824,26,16,5,8,34,5792,3186,2606,704,1586,4206,7.19824503280387,7.59585694601381,6.71213929393707,6.70294034090909,7.18128373266078,7.20464080599144,95
"97",2015,7,7.41428571428571,49,7.59210526315789,6.8,6.96,7.7,7.35,38,11,5,9,40,5841,3224,2617,709,1595,4246,7.20005739256976,7.5958127264268,6.71250859763087,6.70475317348378,7.18421065830721,7.20601018134715,96
"98",2015,8,7.07980392156863,51,7.50225806451613,6.425,6.83333333333333,7.84166666666667,6.84538461538462,31,20,6,12,39,5892,3255,2637,715,1607,4285,7.19901650203666,7.59492172964669,6.71032802427,6.70583216783217,7.18912009956441,7.20272794165694,97
"99",2015,9,6.8797619047619,42,7.73333333333333,6.23958333333333,6.125,6.42941176470588,7.186,18,24,8,17,25,5934,3273,2661,723,1624,4310,7.19675686383552,7.59568293003361,6.70608229988726,6.69940525587829,7.18116748768473,7.20263091183295,98
"100",2015,10,6.82775510204082,49,7.52814814814815,5.96818181818182,5.97777777777778,6.31666666666667,6.99351351351351,27,22,9,12,37,5983,3300,2683,732,1636,4347,7.1937347868962,7.59513037272727,6.70003168095416,6.69053278688525,7.17482640586797,7.20085098458707,99
"101",2015,11,7.1375,56,7.41111111111111,6.645,7.54285714285714,6.67692307692308,7.27674418604651,36,20,7,13,43,6039,3336,2703,739,1649,4390,7.1932133184302,7.59314455335731,6.69962449130596,6.69860622462788,7.17090115221346,7.20159435763098,100
"102",2015,12,7.36764705882353,51,7.50151515151515,7.12222222222222,6.5,7.23888888888889,7.3952380952381,33,18,6,9,42,6090,3369,2721,745,1658,4432,7.19467409359606,7.59224702582368,6.70242006615215,6.6970067114094,7.17127020506634,7.20342942915163,101
"103",2016,1,7.14561403508772,57,7.32352941176471,6.88260869565217,7.07142857142857,7.1,7.15,34,23,7,5,52,6147,3403,2744,752,1663,4484,7.19421916870018,7.58956221863062,6.70393039358601,6.7004920212766,7.17105592303067,7.20280981935772,102
"104",2016,2,7.24074074074074,54,7.5546875,6.78409090909091,6.27272727272727,6.82777777777778,7.32333333333333,32,22,11,9,45,6201,3435,2766,763,1672,4529,7.19462429124335,7.58923733042212,6.7045679681851,6.6943250327654,7.16920813397129,7.20400733716052,103
"105",2016,3,7.00636363636364,55,7.61034482758621,6.33269230769231,6.35714285714286,7.25,6.96489361702128,29,26,7,8,47,6256,3464,2792,770,1680,4576,7.19296918638107,7.5894140386836,6.70110494269341,6.69125974025974,7.16959285714286,7.20155140515734,104
"106",2016,4,7.14150943396226,53,7.54285714285714,6.36111111111111,6.8,7.45,7.06976744186047,35,18,5,10,43,6309,3499,2810,775,1690,4619,7.19253688857188,7.58894833666762,6.69892704626335,6.69196129032258,7.17125207100592,7.20032457891319,105
"107",2016,5,6.59473684210526,38,7.1875,6.16363636363636,6.74166666666667,5.79,6.88214285714286,16,22,12,10,28,6347,3515,2832,787,1700,4647,7.18895781156452,7.58712097581792,6.69476871468926,6.69271918678526,7.16312705882353,7.19840740908113,106
"108",2016,6,6.70588235294118,34,7.26315789473684,6,5.9375,6.92857142857143,6.64814814814815,19,15,8,7,27,6381,3534,2847,795,1707,4674,7.18638383168782,7.58537923882286,6.69110818405339,6.68511949685535,7.16216520210896,7.19522876123235,107
"109",2016,7,6.96710526315789,38,7.51666666666667,6.60869565217391,6.625,7.845,6.65357142857143,15,23,4,10,28,6419,3549,2870,799,1717,4702,7.18508571895934,7.58508882220343,6.69044773519164,6.68481852315394,7.16614210832848,7.19200323904721,108
"110",2016,8,7.14878048780488,41,7.28571428571429,7.005,6.78571428571429,7.6,7.08611111111111,21,20,7,5,36,6460,3570,2890,806,1722,4738,7.18485529876161,7.5833277955182,6.69262456747405,6.68569478908189,7.1674018583043,7.19119865555087,109
"111",2016,9,7.185,46,7.52,6.78619047619048,6.58333333333333,7.44444444444444,7.12189189189189,25,21,6,9,37,6506,3595,2911,812,1731,4775,7.18485632185675,7.58288740751043,6.69329955341807,6.68493842364532,7.16884228769497,7.19066161884817,110
"112",2016,10,6.76046511627907,43,7.28947368421053,6.34166666666667,6.88,7.09,6.66060606060606,19,24,5,10,33,6549,3614,2935,817,1741,4808,7.18206981676592,7.58134483397897,6.69042419080068,6.68613219094247,7.16838943136128,7.18702355033278,111
"113",2016,11,7.07959183673469,49,7.51666666666667,6.38947368421053,6.52857142857143,6.9,7.12564102564103,30,19,7,10,39,6598,3644,2954,824,1751,4847,7.1813087647772,7.58081235729967,6.6884884901828,6.68479368932039,7.16685665334095,7.18652965339385,112
"114",2016,12,7.13492063492064,63,7.59411764705882,6.59655172413793,6.35714285714286,6.91666666666667,7.18627450980392,34,29,7,12,51,6661,3678,2983,831,1763,4898,7.18087002402041,7.58093535345296,6.68759470331881,6.68203369434416,7.16515371525808,7.18652699673336,113
"115",2017,1,7.12235294117647,85,7.45566037735849,6.5703125,6.5,7.36,7.07142857142857,53,32,10,15,70,6746,3731,3015,841,1778,4968,7.18013270530685,7.57915578397212,6.68634991708126,6.67986920332937,7.16679752530933,7.18490523953301,114
"116",2017,2,6.86377358490566,53,7.43074074074074,6.275,6,7.07875,6.82555555555556,27,26,7,8,45,6799,3758,3041,848,1786,5013,7.17766660244153,7.57808947046301,6.6828329496876,6.6742570754717,7.16640313549832,7.18167947935368,115
"117",2017,3,7.116,50,7.64827586206897,6.38095238095238,6.55,7.8125,6.98333333333333,29,21,10,8,42,6849,3787,3062,858,1794,5055,7.17721641553511,7.57862694217058,6.68076257348138,6.67280885780886,7.16928428093645,7.18003149950544,116
"118",2017,4,7.12131147540984,61,7.39142857142857,6.75769230769231,6.55,7.16666666666667,7.11896551724138,35,26,14,3,58,6910,3822,3088,872,1797,5113,7.17672289869754,7.57691267137624,6.68141029792746,6.6708371559633,7.16927991096271,7.17933878936046,117
"119",2017,5,7.21176470588235,51,7.58620689655172,6.71818181818182,6.16666666666667,7.0625,7.23953488372093,29,22,6,8,43,6961,3851,3110,878,1805,5156,7.17697963367332,7.57698266164632,6.68167041800643,6.66739179954442,7.16880664819944,7.17984081264547,118
"120",2017,6,7.00936170212766,47,7.462,6.495,6.825,6.18181818181818,7.26222222222222,25,22,4,11,36,7008,3876,3132,882,1816,5192,7.17585548373288,7.57624102941176,6.6803591954023,6.66810657596372,7.1628281938326,7.18041202426811,119
"121",2017,7,6.89444444444444,45,7.32045454545455,6.48695652173913,6.42857142857143,6.50555555555556,6.99166666666667,22,23,7,9,36,7053,3898,3155,889,1825,5228,7.17406000708918,7.57479739096973,6.67894928684628,6.66622047244095,7.15958684931507,7.17911232402449,120
"122",2017,8,6.84302325581395,43,6.83846153846154,6.85,6.74444444444444,6.9,6.82575757575758,26,17,9,10,33,7096,3924,3172,898,1835,5261,7.17205400648252,7.56991850917431,6.67986601513241,6.66700445434298,7.15817220708447,7.17689588101122,121
"123",2017,9,6.92962962962963,54,7.44761904761905,6.6,6.20909090909091,6.42857142857143,7.00425531914894,21,33,11,7,47,7150,3945,3205,909,1842,5308,7.17022310909091,7.56926748542459,6.67904368174727,6.66146314631463,7.15539956568947,7.17536722494348,122
"124",2017,10,6.72909615384615,52,7.28566666666667,6.128,6.47,7.125,6.69610416666667,27,25,10,4,48,7202,3972,3230,919,1846,5356,7.16703807692308,7.56733968529708,6.6747786377709,6.65937976060936,7.15533369447454,7.17107211165049,123
"125",2017,11,7.12562903225806,62,7.57714285714286,6.54033333333333,6.5589,7.30588235294118,7.05753333333333,35,27,10,17,45,7264,4007,3257,929,1863,5401,7.16668464069383,7.56742531320189,6.67366410807492,6.65829817007535,7.15670746108427,7.17012613034623,124
"126",2017,12,7.28,55,7.61617647058824,6.73571428571429,6.445,7.53888888888889,7.22934782608696,34,21,10,9,46,7319,4041,3278,939,1872,5447,7.16753617024183,7.56783549368968,6.67406162294082,6.65602662406816,7.15854487179487,7.17062625849092,125
"127",2018,1,7.05857142857143,63,7.57176470588235,6.45689655172414,6.65625,6.80555555555556,7.10074074074074,34,29,8,9,54,7382,4075,3307,947,1881,5501,7.16660623543755,7.56786827730061,6.67215724221349,6.65602851108765,7.15685592769803,7.16994023450282,126
"128",2018,2,6.875,34,7.31944444444444,6.375,6.57142857142857,7.35714285714286,6.75,18,16,7,7,27,7416,4093,3323,954,1888,5528,7.16526931364617,7.56677577082824,6.6707264520012,6.65540775681342,7.15759851694915,7.1678891515919,127
"129",2018,3,7.08772727272727,44,7.4762962962963,6.47058823529412,6.875,6.5625,7.20444444444444,27,17,8,8,36,7460,4120,3340,962,1896,5564,7.164811961126,7.56618282281553,6.66970778443114,6.65723388773389,7.15508755274261,7.16812567038102,128
"130",2018,4,7.20625,32,7.55555555555556,6.75714285714286,7,7.33333333333333,7.19310344827586,18,14,2,3,29,7492,4138,3354,964,1899,5593,7.1649889522157,7.56613659497342,6.67007274895647,6.65794502074689,7.1553691416535,7.16825518147685,129
"131",2018,5,6.84489795918367,49,7.3,6.37083333333333,6.375,6.7,6.86511627906977,25,24,8,6,43,7541,4163,3378,972,1905,5636,7.16290906113248,7.56453836896469,6.66794671403197,6.65561625514403,7.15393490813648,7.16594237579844,130
"132",2018,6,6.71785714285714,28,6.97142857142857,6.46428571428571,7.25,7.16666666666667,6.664,14,14,4,3,25,7569,4177,3392,976,1908,5661,7.16126268067116,7.56255045008379,6.66710613207547,6.65805225409836,7.15395492662474,7.16372570747218,131
"133",2018,7,6.74615384615385,26,7.22142857142857,6.19166666666667,6.375,6.58333333333333,6.795,14,12,4,6,20,7595,4191,3404,980,1914,5681,7.15984163660303,7.56141093533763,6.66543008225617,6.65689693877551,7.15216614420063,7.16242760605527,132
"134",2018,8,6.90945945945946,37,7.44722222222222,6.4,7.33333333333333,7.6,6.8015625,18,19,3,5,32,7632,4209,3423,983,1919,5713,7.15862778170859,7.56092260156807,6.66395676307333,6.65896134282808,7.15333298593017,7.160406306669,133
"135",2018,9,7.22222222222222,45,7.33571428571429,7.03529411764706,6.76666666666667,7.22222222222222,7.22222222222222,28,17,6,9,36,7677,4237,3440,989,1928,5749,7.15900055099648,7.55943432381402,6.66579186046512,6.65961476238625,7.15365456431535,7.16079339537311,134
"136",2018,10,7.11219512195122,41,7.57142857142857,6.63,6.42857142857143,7.875,7.02972972972973,21,20,7,4,37,7718,4258,3460,996,1932,5786,7.15875190852552,7.55949347815876,6.66558497109826,6.65799096385542,7.15514803312629,7.15995527652956,135
"137",2018,11,6.93886363636364,44,7.2824,6.48684210526316,6,6.43571428571429,7.03405405405405,25,19,8,7,37,7762,4283,3479,1004,1939,5823,7.15750544060809,7.55787607518095,6.66460879563093,6.65274800796813,7.15255079938112,7.15915528593509,136
"138",2018,12,7.00816326530612,49,7.08285714285714,6.82142857142857,6.25,7,7.00952380952381,35,14,4,7,42,7811,4318,3493,1008,1946,5865,7.15656858660863,7.55402575961093,6.66523733180647,6.6511498015873,7.15200205549846,7.15808375618074,137
"139",2019,1,7.09149576923077,52,7.29882722222222,6.625,6.5,7.525,7.01267681818182,36,16,5,8,44,7863,4354,3509,1013,1954,5909,7.1561382436729,7.55191571198897,6.665053861499,6.65040375123396,7.15352917093142,7.15700101709257,138
"140",2019,2,6.98396226415094,53,7.34821428571429,6.576,6.61666666666667,6.78571428571429,7.01413043478261,28,25,12,7,46,7916,4382,3534,1025,1961,5955,7.1549854737241,7.55061410543131,6.66442388228636,6.6500087804878,7.15221621621621,7.15589739882452,139
"141",2019,3,6.94375,32,7.44666666666667,6.5,6.25,6.66666666666667,7.00769230769231,15,17,8,6,26,7948,4397,3551,1033,1967,5981,7.15413500377453,7.55025949738458,6.66363672205013,6.64691093901259,7.15073512963904,7.15525313659923,140
"142",2019,4,6.921875,32,7.18823529411765,6.62,6.95,6.975,6.90416666666667,17,15,4,8,24,7980,4414,3566,1037,1975,6005,7.15320363533835,7.54886520389669,6.6634531688166,6.64808003857281,7.15002329113924,7.15424962697752,141
"143",2019,5,6.96,55,7.43448275862069,6.43076923076923,6.0375,7.17272727272727,6.90681818181818,29,26,8,11,44,8035,4443,3592,1045,1986,6049,7.15188114623522,7.54811861580013,6.66176893095768,6.64340574162679,7.15014904330312,7.15244982807076,142
"144",2019,6,7.02,35,7.72105263157895,6.1875,6.42857142857143,6.5,7.12758620689655,19,16,7,6,29,8070,4462,3608,1052,1992,6078,7.15130917100372,7.548855,6.65966574279379,6.64197623574145,7.14819076305221,7.15233119611715,143
"145",2019,7,7.30769230769231,26,7.47058823529412,7,7,7.25,7.31818181818182,17,9,4,4,22,8096,4479,3617,1056,1996,6100,7.1518113895751,7.54855793927215,6.66051257948576,6.64333238636364,7.14839478957916,7.15292934590164,144
"146",2019,8,6.86315789473684,38,7.24090909090909,6.34375,6,7.1,6.82727272727273,22,16,4,5,33,8134,4501,3633,1060,2001,6133,7.15046287312515,7.54705421239724,6.65911753371869,6.64090471698113,7.14827386306846,7.15117707647155,145
"147",2019,9,6.90405405405405,37,7.60789473684211,6.16111111111111,6.2,6.4,6.9828125,19,18,5,5,32,8171,4520,3651,1065,2006,6165,7.14934708236446,7.5473099579646,6.65666228430567,6.63883474178404,7.14640877367896,7.15030316463909,146
"148",2019,10,6.94642857142857,28,7.11578947368421,6.58888888888889,7,7.42857142857143,6.78571428571429,19,9,2,7,21,8199,4539,3660,1067,2013,6186,7.1486541053787,7.54550363736506,6.6564956284153,6.63951171508903,7.14738996522603,7.14906547203363,147
"149",2019,11,7.09152542372881,59,7.64242424242424,6.39230769230769,6.4,7.45454545454545,7.00833333333333,33,26,8,11,48,8258,4572,3686,1075,2024,6234,7.14824594453863,7.54620319553805,6.65463212154097,6.63772930232558,7.14905928853755,7.14798187520052,148
"150",2019,12,6.65,48,7.09655172413793,5.96842105263158,5.84285714285714,6.65714285714286,6.64878048780488,29,19,7,7,41,8306,4601,3705,1082,2031,6275,7.14536660366,7.54336905237991,6.65111309041835,6.63258687615527,7.1473638601674,7.14472016095618,149
"151",2020,1,7.00531914893617,47,7.17931034482759,6.725,6.55,6.82142857142857,7.0375,29,18,5,7,40,8353,4630,3723,1087,2038,6315,7.14457859571411,7.54108877105831,6.6514703196347,6.63220699172033,7.14624435721295,7.14404101504355,150
"152",2020,2,7.02421875,64,7.29027777777778,6.68214285714286,6.8,7.14583333333333,6.99615384615385,36,28,13,12,52,8417,4666,3751,1100,2050,6367,7.1436634204586,7.53915366695242,6.65169928019195,6.63419,7.14624195121951,7.14283320402073,151
"153",2020,3,7.42333333333333,51,7.59583333333333,7.00933333333333,6.83333333333333,7.24583333333333,7.47794871794872,36,15,6,12,39,8468,4702,3766,1106,2062,6406,7.1453477810581,7.53958762441514,6.65312373871482,6.63527034358047,7.14682153249272,7.1448734014986,152
"154",2020,4,7.09433962264151,53,7.31666666666667,6.80434782608696,6,7.08181818181818,7.09761904761905,30,23,8,11,42,8521,4732,3789,1114,2073,6448,7.14503051402417,7.53817434699915,6.6540416996569,6.63070825852783,7.14647660395562,7.14456560328784,153
"155",2020,5,7.2425,40,7.50833333333333,6.84375,6.8,7.14285714285714,7.26363636363636,24,16,5,7,33,8561,4756,3805,1119,2080,6481,7.14548592570961,7.53802376156433,6.6548394218134,6.63146470062556,7.14646442307692,7.14517188859744,154
"156",2020,6,7.08763157894737,38,7.25296296296296,6.68181818181818,7.25,7.64285714285714,6.96225806451613,27,11,4,7,31,8599,4783,3816,1123,2087,6512,7.14523026049541,7.53641459544219,6.65491719077568,6.6336678539626,7.14812937230474,7.14430113789927,155
"157",2020,7,6.6171875,32,7.02083333333333,6.375,6.4,6.66666666666667,6.61206896551724,12,20,5,3,29,8631,4795,3836,1128,2090,6541,7.14327250724134,7.53512429822732,6.65345776850886,6.63263209219858,7.14743827751196,7.14194144779086,156
"158",2020,8,7.165625,32,7.49,6.625,5.875,7.125,7.17916666666667,20,12,4,8,24,8663,4815,3848,1132,2098,6565,7.14335507445458,7.53493686604361,6.65336902286902,6.62995494699646,7.14735271687321,7.14207753389185,157
"159",2020,9,7.1,32,7.46,6.5,6.75,7.5,7.00769230769231,20,12,4,6,26,8695,4835,3860,1136,2104,6591,7.14319551581368,7.5346268893485,6.65289222797927,6.63037764084507,7.14835836501901,7.14154741465635,158
"160",2020,10,6.83170731707317,41,7.30833333333333,6.15882352941177,5.3,6.66666666666667,6.84473684210526,24,17,5,3,38,8736,4859,3877,1141,2107,6629,7.14173363209707,7.53350916032105,6.65072581893216,6.62454776511832,7.14767252017086,7.13984598129432,159
"161",2020,11,7.12744680851064,47,7.42678571428571,6.68631578947368,5.425,7.8,7.06488372093023,28,19,4,4,43,8783,4887,3896,1145,2111,6672,7.14165717977912,7.53289768978923,6.65089938398357,6.62035720524017,7.14890857413548,7.13936286121103,160
"162",2020,12,6.725,36,6.69444444444444,6.75555555555556,6.2,6.53333333333333,6.74242424242424,18,18,3,3,33,8819,4905,3914,1148,2114,6705,7.13995634539063,7.52982079714576,6.65138068472151,6.61925871080139,7.14803500473037,7.13740924832215,161
"163",2021,1,6.98837209302326,43,7.42222222222222,6.25625,6.07142857142857,6.75,7.04285714285714,27,16,7,8,35,8862,4932,3930,1155,2122,6740,7.13922083164071,7.52923175385239,6.64977201017812,6.61593852813853,7.14653440150801,7.13691825074184,162
"164",2021,2,7.08,35,7.4,6.53846153846154,6.375,7.14285714285714,7.06428571428571,22,13,4,7,28,8897,4954,3943,1159,2129,6768,7.13898786220074,7.52865785425918,6.64940502155719,6.61510698878343,7.1465223109441,7.13661776152483,163
"165",2021,3,6.77143243243243,37,6.89664705882353,6.665,6.77777777777778,7.2086,6.703125,17,20,9,5,32,8934,4971,3963,1168,2134,6800,7.13746563801209,7.52649648159324,6.64948372445117,6.61636044520548,7.14666776007498,7.13457779558824,164
"166",2021,4,6.57586206896552,29,7.18823529411765,5.70833333333333,5.5,6.61666666666667,6.56521739130435,17,12,3,6,23,8963,4988,3975,1171,2140,6823,7.13564855628695,7.52534362670409,6.64664251572327,6.61350042698548,7.14518177570093,7.13265850945332,165
"167",2021,5,6.80128125,32,7.07814285714286,6.27272727272727,5.92857142857143,7.33333333333333,6.6785,21,11,7,6,26,8995,5009,3986,1178,2146,6849,7.13445903390772,7.52346875823517,6.6456106372303,6.60943039049236,7.14570782851817,7.13093444444445,166
"168",2021,6,7.34583333333333,24,7.43684210526316,7,7.15,7.4,7.33157894736842,19,5,5,5,19,9019,5028,3991,1183,2151,6868,7.13502151125402,7.52314141010342,6.64605462290153,6.61171513102282,7.14629893072989,7.13148951805475,167
"169",2021,7,7.13,32,7.66111111111111,6.44714285714286,6.4375,7.66666666666667,7.07448275862069,18,14,8,3,29,9051,5046,4005,1191,2154,6897,7.13500375759584,7.52363357312723,6.64535930087391,6.6105449202351,7.14702367688022,7.13124982021169,168
"170",2021,8,7.14868421052632,38,7.196,7.05769230769231,6.5,6.875,7.18088235294118,25,13,3,4,34,9089,5071,4018,1194,2158,6931,7.13506095390032,7.52201834154999,6.64669337979094,6.61026716917923,7.14651946246525,7.1314932924542,169
"171",2021,9,7.16785714285714,28,7.57222222222222,6.44,6.6,8,7.10384615384615,18,10,4,2,26,9117,5089,4028,1198,2160,6957,7.13516167708676,7.52219591471802,6.64618023833168,6.61023288814691,7.14730972222222,7.13138996837718,170
"172",2021,10,7.31724137931035,29,7.67777777777778,6.72727272727273,4,7.21428571428571,7.35,18,11,1,7,22,9146,5107,4039,1199,2167,6979,7.13573901268314,7.52274427452516,6.64640108937856,6.60805587989992,7.14752607291186,7.13207909585901,171
"173",2021,11,7.11967857142857,28,7.81476470588235,6.04545454545455,5,4,7.23522222222222,17,11,2,1,27,9174,5124,4050,1201,2168,7006,7.13568999454981,7.5237131167057,6.64476888888889,6.60537801831807,7.14607426199262,7.13247659292036,172
"174",2021,12,7.15806451612903,31,7.46470588235294,6.78571428571429,6.83333333333333,7,7.16896551724138,17,14,3,2,29,9205,5141,4064,1204,2170,7035,7.1357653460076,7.52351799455359,6.64525442913386,6.60594601328904,7.1459396313364,7.13262700923952,173
"175",2022,1,6.94905660377358,53,7.30322580645161,6.45,6.125,7.8,6.87959183673469,31,22,8,4,49,9258,5172,4086,1212,2174,7084,7.13469647980125,7.52219760440835,6.64420313264807,6.60277145214521,7.14714305427783,7.13087676595144,174
"176",2022,2,7.11066666666667,30,7.35111111111111,6.75,6,7.3,7.0728,18,12,3,5,25,9288,5190,4098,1215,2179,7109,7.13461886412575,7.52160424084778,6.64451293313811,6.60128312757202,7.14749380449748,7.13067252918836,175
"177",2022,3,7.11633333333333,30,7.56578947368421,6.34,5.66666666666667,7.08,7.12037037037037,19,11,3,3,27,9318,5209,4109,1218,2182,7136,7.13455999248766,7.52176540794778,6.64369773667559,6.59898111658457,7.14740100824931,7.13063354960763,176
"178",2022,4,7.05592583333333,36,7.44282038461538,6.05,6.83333333333333,7.46666666666667,6.97377766666667,26,10,3,6,30,9354,5235,4119,1221,2188,7166,7.13425735941843,7.52137332187201,6.64225637290604,6.59955692055692,7.14827650822669,7.1299768825007,177
"179",2022,5,6.95151515151515,33,7.28095238095238,6.375,6,7.35714285714286,6.84230769230769,21,12,2,7,26,9387,5256,4131,1223,2195,7192,7.13361492915734,7.52041273592085,6.64148002904866,6.59857645134914,7.14894259681093,7.12893692157954,178
"180",2022,6,6.5527027027027,37,7.596,5.84136363636364,6.18125,5.75,6.65,15,22,8,4,33,9424,5271,4153,1231,2199,7225,7.13133418293718,7.52062783911971,6.63724151215988,6.59586433793664,7.14639790814006,7.12674938961938,179
"181",2022,7,7.10333333333333,30,7.72777777777778,6.16666666666667,5.25,8.075,6.95384615384615,18,12,4,4,26,9454,5289,4165,1235,2203,7251,7.13124532896128,7.52133283040272,6.63588571428571,6.5915052631579,7.14808397639582,7.12612940835747,180
"182",2022,8,7.00875,36,7.52075,6.36875,5.675,7.44857142857143,6.90258620689655,20,16,4,7,29,9490,5309,4181,1239,2210,7280,7.13078064699684,7.52133063477114,6.63486342980148,6.58854640839387,7.14903574660633,7.12523892032967,181
"183",2022,9,7.19375,16,7.73333333333333,6.5,7,5.25,7.47142857142857,9,7,1,2,14,9506,5318,4188,1240,2212,7294,7.13088663370503,7.5216894208349,6.63463801337154,6.58887822580645,7.14731871609403,7.1259033918289,182
"184",2022,10,6.5,11,6.41666666666667,6.6,6.5,6,6.61111111111111,6,5,2,2,9,9517,5324,4193,1242,2214,7303,7.13015743826836,7.52044409090909,6.63459670880038,6.58873510466989,7.14628229448961,7.12526897713269,183
"185",2022,11,6.56566666666667,30,7.15923076923077,6.11176470588235,5.5,6.25,6.58821428571429,13,17,4,2,28,9547,5337,4210,1246,2216,7331,7.12838361160574,7.51956423833614,6.63248551068884,6.58523996789727,7.14547337545126,7.12321775201201,184
"186",2022,12,7.11875,32,7.4,6.5,6.5,6.6,7.29166666666667,22,10,2,8,24,9579,5359,4220,1248,2224,7355,7.12835142916797,7.51907339802202,6.63217156398104,6.58510336538462,7.14351124100719,7.1237674153637,185
