"","year","month","avg_rating","no_ratings","avg_rating_owned","avg_rating_not_owned","avg_rating_prev_owned","avg_rating_comment","avg_rating_no_comment","no_ratings_owned","no_ratings_not_owned","no_ratings_prev_owned","no_ratings_comment","no_ratings_no_comment","cum_no_ratings","cum_no_ratings_owned","cum_no_ratings_not_owned","cum_no_ratings_prev_owned","cum_no_ratings_comment","cum_no_ratings_no_comment","cum_avg_rating","cum_avg_rating_owned","cum_avg_rating_not_owned","cum_avg_rating_prev_owned","cum_avg_rating_comment","cum_avg_rating_no_comment","month_after_release"
"1",2007,10,9.16,25,9.35,8.4,NA,9.44444444444444,9,20,5,0,9,16,25,20,5,0,9,16,9.16,9.35,8.4,NA,9.44444444444444,9,0
"2",2007,11,8.83064516129032,62,9.25555555555556,7.70588235294118,8.66666666666667,8.38095238095238,9.0609756097561,45,17,3,21,41,87,65,22,3,30,57,8.92528735632184,9.28461538461539,7.86363636363636,8.66666666666667,8.7,9.04385964912281,1
"3",2007,12,8.88214285714286,70,9.43333333333333,7.89,7.375,8.61029411764706,9.13888888888889,45,25,2,34,36,157,110,47,5,64,93,8.90605095541401,9.34545454545455,7.87765957446809,8.15,8.65234375,9.08064516129032,2
"4",2008,1,8.55277777777778,72,8.94255319148936,7.82,7.66666666666667,8.28260869565217,8.67959183673469,47,25,3,23,49,229,157,72,8,87,142,8.79497816593886,9.22484076433121,7.85763888888889,7.96875,8.55459770114943,8.94225352112676,3
"5",2008,2,8.2936170212766,47,9.0741935483871,6.78125,10,7.86842105263158,8.58214285714286,31,16,1,19,28,276,188,88,9,106,170,8.70960144927536,9.2,7.66193181818182,8.19444444444444,8.43160377358491,8.88294117647059,4
"6",2008,3,8.9390243902439,41,9.11111111111111,8.60714285714286,7.5,8.53846153846154,9.125,27,14,1,13,28,317,215,102,10,119,198,8.73927444794953,9.18883720930232,7.79166666666667,8.125,8.44327731092437,8.91717171717172,5
"7",2008,4,8.3804347826087,46,8.91379310344828,7.47058823529412,8,7.83333333333333,8.57352941176471,29,17,1,12,34,363,244,119,11,131,232,8.69380165289256,9.1561475409836,7.74579831932773,8.11363636363636,8.38740458015267,8.86681034482759,6
"8",2008,5,8.27647058823529,34,8.63809523809524,7.69230769230769,NA,7.08333333333333,8.53214285714286,21,13,0,6,28,397,265,132,11,137,260,8.65806045340051,9.11509433962264,7.7405303030303,8.11363636363636,8.33029197080292,8.83076923076923,7
"9",2008,6,8.35833333333333,36,8.80555555555556,7.91111111111111,8.5,8.4,8.34230769230769,18,18,2,10,26,433,283,150,13,147,286,8.63314087759815,9.09540636042403,7.761,8.17307692307692,8.33503401360544,8.78636363636364,8
"10",2008,7,8.74121495327103,214,9.06657894736842,7.94354838709677,7.875,8.62492753623188,8.79655172413793,152,62,8,69,145,647,435,212,21,216,431,8.66888717156105,9.08533333333333,7.81438679245283,8.05952380952381,8.42763888888889,8.78979118329466,9
"11",2008,8,8.64444029850746,536,8.92561881188119,7.78386363636364,8.51612903225806,8.53350785340314,8.70585507246377,404,132,31,191,345,1183,839,344,52,407,776,8.65781065088757,9.00842669845054,7.80267441860465,8.33173076923077,8.47732186732187,8.75247422680412,10
"12",2008,9,8.2155325443787,338,8.78083700440529,7.05945945945946,7.59583333333333,8.10796460176991,8.26955555555556,227,111,24,113,225,1521,1066,455,76,520,1001,8.55952662721894,8.95996247654784,7.62136263736264,8.09934210526316,8.39705769230769,8.64392607392607,11
"13",2008,10,8.48188679245283,265,8.85440414507772,7.48333333333333,8.22727272727273,8.37831325301205,8.52912087912088,193,72,11,83,182,1786,1259,527,87,603,1183,8.54800671892497,8.94378077839555,7.60250474383302,8.11551724137931,8.3944776119403,8.62626373626374,12
"14",2008,11,8.26511194029851,268,8.68743169398907,7.35588235294118,7.9,8.22857142857143,8.28179347826087,183,85,15,84,184,2054,1442,612,102,687,1367,8.51109542356378,8.91124826629681,7.56825163398693,8.08382352941176,8.37419213973799,8.57989758595465,13
"15",2008,12,8.43201320132013,303,8.82844036697248,7.41529411764706,7.36875,8.30736842105263,8.48894230769231,218,85,16,95,208,2357,1660,697,118,782,1575,8.50092914722105,8.9003734939759,7.54959827833572,7.98686440677966,8.36607416879795,8.56788571428572,14
"16",2009,1,8.47969543147208,394,8.8304347826087,7.37578947368421,7.42777777777778,8.41842105263158,8.50464285714286,299,95,18,114,280,2751,1959,792,136,896,1855,8.49788804071247,8.8896988259316,7.52875,7.91286764705882,8.372734375,8.55833962264151,15
"17",2009,2,8.34857881136951,387,8.63726235741445,7.73629032258065,7.61363636363636,8.20505617977528,8.39144295302013,263,124,22,89,298,3138,2222,916,158,985,2153,8.4794741873805,8.8598199819982,7.55684497816594,7.87120253164557,8.35758375634518,8.53523920111473,16
"18",2009,3,8.26774193548387,372,8.64585062240664,7.57213740458015,7.97222222222222,7.96529411764706,8.35731707317073,241,131,18,85,287,3510,2463,1047,176,1070,2440,8.45703418803419,8.83888347543646,7.55875835721108,7.88153409090909,8.32642056074766,8.51431147540984,17
"19",2009,4,8.3843452685422,391,8.63759689922481,7.89307518796992,7.45454545454545,8.07702702702703,8.45608517350158,258,133,11,74,317,3901,2721,1180,187,1144,2757,8.44974852601897,8.81979786843072,7.59643983050847,7.85641711229947,8.31028846153846,8.5076166122597,18
"20",2009,5,8.28129032258065,372,8.69835341365462,7.4369918699187,7.48421052631579,8.10775280898876,8.33586572438162,249,123,19,89,283,4273,2970,1303,206,1233,3040,8.4350828457758,8.80961616161616,7.58138833461243,7.82208737864078,8.29566909975669,8.49162796052632,19
"21",2009,6,8.2426775147929,338,8.61261574074074,7.58770491803279,6.92857142857143,7.97414772727273,8.3372,216,122,21,88,250,4611,3186,1425,227,1321,3290,8.42097896334852,8.79626020087885,7.58192912280702,7.73942731277533,8.2742505677517,8.47989331306991,20
"22",2009,7,8.43454194444444,324,8.78914027149321,7.67370475728155,7.59130434782609,8.43623621212121,8.43410852713178,221,103,23,66,258,4935,3407,1528,250,1387,3548,8.42186942046606,8.79579835632521,7.58811556937173,7.7258,8.28195860850757,8.47656397970688,21
"23",2009,8,8.27206790123457,324,8.66164383561644,7.45952380952381,7.42727272727273,8.41575342465753,8.23027888446215,219,105,11,73,251,5259,3626,1633,261,1460,3799,8.4126403479749,8.78769580805295,7.57984726883037,7.7132183908046,8.28864834931507,8.46029191892603,22
"24",2009,9,8.0513698630137,365,8.57125,7.0532,7.736,7.66964285714286,8.16548042704626,240,125,25,84,281,5624,3866,1758,286,1544,4080,8.38919373933144,8.77425892395241,7.54240079067122,7.71520979020979,8.25497188471503,8.4399875,23
"25",2009,10,8.30678851174935,383,8.58745387453875,7.62767857142857,7.69583333333333,8.11318681318681,8.36712328767123,271,112,24,91,292,6007,4137,1870,310,1635,4372,8.38393966871983,8.76202199661591,7.5475083368984,7.71370967741935,8.24708048318043,8.43512099725526,24
"26",2009,11,8.01824644549763,422,8.51537102473498,7.00611510791367,7.538,7.63197674418605,8.11711309523809,283,139,25,86,336,6429,4420,2009,335,1721,4708,8.35993554051952,8.74622963800905,7.51005006968641,7.70059701492537,8.21634316676351,8.41242544604927,25
"27",2009,12,8.35300668151448,449,8.78885245901639,7.42986111111111,7.36428571428571,8.14220183486239,8.42058823529412,305,144,28,109,340,6878,4725,2153,363,1830,5048,8.35948322041291,8.74898095238095,7.50468675801207,7.67465564738292,8.21192709836065,8.41297523771791,26
"28",2010,1,8.26351265822785,632,8.65533799533799,7.43546798029557,7.90714285714286,8.0694776119403,8.31572289156627,429,203,35,134,498,7510,5154,2356,398,1964,5546,8.35140686950732,8.74118645712068,7.49872266129032,7.69510050251256,8.20220803971487,8.40424251712946,27
"29",2010,2,8.14183937823834,386,8.58735408560311,7.25426356589147,7.0125,8.01764705882353,8.17691029900332,257,129,32,85,301,7896,5411,2485,430,2049,5847,8.34116205547113,8.73388005913879,7.4860324305835,7.64430232558139,8.19455177647633,8.39253959295365,28
"30",2010,3,8.31174917491749,303,8.76217171717172,7.46238095238095,7.51190476190476,8.1265625,8.36133891213389,198,105,21,64,239,8199,5609,2590,451,2113,6086,8.34007508110745,8.7348787662685,7.48507358687259,7.63813747228381,8.1924924704212,8.39131432796582,29
"31",2010,4,8.30603571428571,280,8.69893939393939,7.35731707317073,7.11,7.94985074626866,8.41807511737089,198,82,20,67,213,8479,5807,2672,471,2180,6299,8.33895100719424,8.73365334940589,7.48115291541916,7.61571125265393,8.18503513302752,8.39221924114939,30
"32",2010,5,8.11840909090909,220,8.43802816901408,7.53653846153846,7.16071428571429,7.88375,8.17055555555556,142,78,14,40,180,8699,5949,2750,485,2220,6479,8.33337344407403,8.7265969070432,7.48272385090909,7.60257731958763,8.17960657207207,8.38606096619849,31
"33",2010,6,8.05582959641256,223,8.53519736842105,7.02957746478873,7.23076923076923,7.62358490566038,8.19058823529412,152,71,13,53,170,8922,6101,2821,498,2273,6649,8.32643640327281,8.72182838878872,7.47131889046437,7.59287148594377,8.16664170259569,8.38106316739359,32
"34",2010,7,8.2604347826087,230,8.73962264150943,7.18732394366197,7.74666666666667,7.62553191489362,8.42349726775956,159,71,15,47,183,9152,6260,2892,513,2320,6832,8.32477770869755,8.7222803514377,7.46434667704011,7.59736842105263,8.15567956465517,8.38219979508197,33
"35",2010,8,8.18415094339623,265,8.5427374301676,7.43779069767442,8.03947368421053,8.15392156862745,8.19135514018692,179,86,19,51,214,9417,6439,2978,532,2371,7046,8.3208203875969,8.71728917533778,7.4635797817327,7.61315789473684,8.15564175031632,8.3764034913426,34
"36",2010,9,8.22019607843137,255,8.64856321839081,7.3,7.2125,7.95342465753425,8.3271978021978,174,81,16,73,182,9672,6613,3059,548,2444,7228,8.31816745140612,8.71548087101164,7.45924831317424,7.6014598540146,8.14960171440261,8.37516449916989,35
"37",2010,10,8.17740585774059,239,8.66951219512195,7.10133333333333,6.7625,8.16826923076923,8.17994652406417,164,75,20,52,187,9911,6777,3134,568,2496,7415,8.31477303904752,8.71436845211745,7.45068302169751,7.57191901408451,8.14999062099358,8.3702412677006,36
"38",2010,11,8.30453002610966,383,8.62355018587361,7.55175438596491,7.12,8.43111111111111,8.26564846416382,269,114,25,90,293,10294,7046,3248,593,2586,7708,8.31439193607927,8.71090122055067,7.45423047721675,7.55286677908938,8.15977439675173,8.36626543850545,37
"39",2010,12,8.23536299765808,427,8.62507886435331,7.11227272727273,7.46818181818182,8.07948717948718,8.2941935483871,317,110,33,117,310,10721,7363,3358,626,2703,8018,8.31124434194571,8.70720630177916,7.44302876414532,7.54840255591054,8.156299145394,8.36347892242454,38
"40",2011,1,8.2534068,500,8.58942514619883,7.52607594936709,7.17,8.20124672897196,8.26760814249364,342,158,25,107,393,11221,7705,3516,651,2810,8411,8.30866714107477,8.70197837767683,7.44676069112628,7.53387096774193,8.15801067259786,8.35899940554036,39
"41",2011,2,8.22617283950617,324,8.52424892703863,7.46296703296703,7.45238095238095,8.0246875,8.27576923076923,233,91,21,64,260,11545,7938,3607,672,2874,8671,8.30635201299263,8.69676157722348,7.44716955641807,7.5313244047619,8.15504175017397,8.35650374812594,40
"42",2011,3,8.08517027863777,323,8.44816513761468,7.33152380952381,7.09230769230769,7.93613333333333,8.13024193548387,218,105,26,75,248,11868,8156,3712,698,2949,8919,8.30033232136838,8.69011689553703,7.44389832704741,7.51497134670487,8.14947439471007,8.35021235564525,41
"43",2011,4,8.27099290780142,282,8.55675,7.5740243902439,7.84375,8.33439393939394,8.25162037037037,200,82,16,66,216,12150,8356,3794,714,3015,9135,8.29965135720164,8.68692477261848,7.44671075118608,7.52233893557423,8.15352238474295,8.34788111658457,42
"44",2011,5,8.06275167785235,298,8.55247524752475,7.03229166666667,6.6625,7.63521126760563,8.19647577092511,202,96,20,71,227,12448,8558,3890,734,3086,9362,8.29398007631748,8.68375127366207,7.43648344215938,7.49891008174387,8.14159753402462,8.34420999786371,43
"45",2011,6,8.04957805907173,237,8.4828025477707,7.199375,7.08823529411765,7.755,8.12834224598931,157,80,17,50,187,12685,8715,3970,751,3136,9549,8.2894137950335,8.68013119908204,7.43170543828715,7.4896138482024,8.13543367028061,8.33998261598073,44
"46",2011,7,8.3312015503876,258,8.56584699453552,7.75866666666667,7.41666666666667,8.27708333333333,8.34357142857143,183,75,18,48,210,12943,8898,4045,769,3184,9759,8.29024677354554,8.67778078219825,7.43776776019777,7.48790637191157,8.13756909233668,8.34005984219695,45
"47",2011,8,8.23455993690852,317,8.56690692640693,7.34186046511628,7.17647058823529,8.11650714285714,8.26801619433198,231,86,17,70,247,13260,9129,4131,786,3254,10006,8.28891549698341,8.67497523277468,7.43577114258049,7.48117048346056,8.13711600799016,8.33828143114131,46
"48",2011,9,8.0703187250996,251,8.48012422360248,7.33722222222222,7.15476190476191,7.784,8.14154228855721,161,90,21,50,201,13511,9290,4221,807,3304,10207,8.28485452520169,8.67159837459634,7.43366988628287,7.47267657992565,8.13177224273608,8.33440717154894,47
"49",2011,10,8.25417475728155,309,8.57990783410138,7.48586956521739,7.61724137931034,8.10378787878788,8.29502057613169,217,92,29,66,243,13820,9507,4313,836,3370,10450,8.2841685593343,8.6695055117282,7.43478335033619,7.47769138755981,8.1312241810089,8.33349129186603,48
"50",2011,11,8.06079019073569,367,8.4884555984556,7.03518518518518,6.62352941176471,8.05555555555556,8.06206779661017,259,108,17,72,295,14187,9766,4421,853,3442,10745,8.27839003947275,8.66470396272783,7.42502162180502,7.46066822977726,8.12964133933759,8.32603946021405,49
"51",2011,12,8.33972602739726,365,8.68457249070632,7.3734375,6.77083333333333,8.23333333333333,8.36587030716723,269,96,24,72,293,14552,10035,4517,877,3514,11038,8.2799284971138,8.66523656203288,7.42392530219172,7.44179019384264,8.13176593340922,8.32709675665881,50
"52",2012,1,8.30750511247444,489,8.70239766081871,7.38877551020408,6.94444444444444,8.53483516483517,8.25552763819096,342,147,27,91,398,15041,10377,4664,904,3605,11436,8.28082504421248,8.66646129902669,7.4228174506861,7.42693584070796,8.14194049653259,8.32460598111227,51
"53",2012,2,8.215,370,8.54498069498069,7.44504504504505,7.90909090909091,7.86959459459459,8.30135135135135,259,111,22,74,296,15411,10636,4775,926,3679,11732,8.27924466225423,8.66350309326814,7.42333415497382,7.4383909287257,8.13646248708888,8.32401926355267,52
"54",2012,3,8.25866013071895,306,8.57,7.57760416666667,7.11111111111111,7.92096774193548,8.34446721311475,210,96,18,62,244,15717,10846,4871,944,3741,11976,8.27884389450913,8.66169268854877,7.42637458222131,7.43215042372881,8.13289106923282,8.32443587174349,53
"55",2012,4,8.148,285,8.53339901477833,7.19390243902439,7.46,8.26379310344828,8.1184140969163,203,82,20,58,227,16002,11049,4953,964,3799,12203,8.27651352893388,8.65933558693094,7.42252586109429,7.43272821576763,8.13488957357199,8.32060345816602,54
"56",2012,5,8.13907849829351,293,8.52041884816754,7.425,7.20454545454545,8.08207547169811,8.15166666666667,191,102,22,53,240,16295,11240,5055,986,3852,12443,8.27404231297944,8.6569749911032,7.42257578437191,7.4276369168357,8.13416289979231,8.31734501326047,55
"57",2012,6,8.24479553903346,269,8.50808823529412,7.41846153846154,7.31818181818182,7.66388888888889,8.3906976744186,204,65,22,54,215,16564,11444,5120,1008,3906,12658,8.27356734424052,8.65432094547361,7.42252355273437,7.42524801587301,8.1276614157706,8.31859093063675,56
"58",2012,7,8.02141731543624,298,8.51405405405405,7.21488814159292,7.58695652173913,7.4607179661017,8.15983263598326,185,113,23,59,239,16862,11629,5233,1031,3965,12897,8.26911112857312,8.65208950898615,7.41803992929486,7.42885548011639,8.11773716267339,8.31564891059936,57
"59",2012,8,8.0341935483871,310,8.5497461928934,7.1353982300885,7.54838709677419,7.73,8.1072,197,113,31,60,250,17172,11826,5346,1062,4025,13147,8.26487024516655,8.65038465246068,7.41206564721287,7.43234463276836,8.11195722981366,8.31168509926219,58
"60",2012,9,8.32769230769231,260,8.62994791666667,7.47426470588235,7.60714285714286,8.36481481481482,8.31796116504854,192,68,14,54,206,17432,12018,5414,1076,4079,13353,8.26580724242772,8.65005815443501,7.41284686922793,7.43461895910781,8.11530469477812,8.31178192166554,59
"61",2012,10,8.05771513353116,337,8.47948717948718,7.0995145631068,7.13541666666667,7.82986111111111,8.11962264150943,234,103,24,72,265,17769,12252,5517,1100,4151,13618,8.26186064775733,8.64680043258243,7.40699709081022,7.42809090909091,8.11035361358708,8.30804259068879,60
"62",2012,11,8.13859223300971,412,8.5487037037037,7.35880281690141,7.80769230769231,8.28097826086957,8.09765625,270,142,26,92,320,18181,12522,5659,1126,4243,13938,8.25906725977669,8.64468526593195,7.40578776285563,7.43685612788632,8.11405322884751,8.30321236906299,61
"63",2012,12,8.15489855072464,345,8.48418032786885,7.35940594059406,7.23478260869565,8.05,8.17833333333333,244,101,23,63,282,18526,12766,5760,1149,4306,14220,8.25712738043831,8.64161749177502,7.40497447048611,7.43281114012184,8.11311608221086,8.3007358649789,62
"64",2013,1,8.20875763747454,491,8.59149560117302,7.33866666666667,7.51428571428571,8.30609756097561,8.18924205378973,341,150,35,82,409,19017,13107,5910,1184,4388,14629,8.25587852184887,8.64031348897535,7.40329153130287,7.43521959459459,8.11672239061075,8.29761870257707,63
"65",2013,2,8.14171052631579,380,8.53715415019763,7.35393700787402,7.06666666666667,7.86875,8.19699367088608,253,127,30,64,316,19397,13360,6037,1214,4452,14945,8.25364189565397,8.63835994760479,7.4022532632102,7.42611202635914,8.11315764824797,8.29549106724657,64
"66",2013,3,8.1382216066482,361,8.42368674698795,7.50357142857143,7.412,8.09862162162162,8.14843205574913,249,112,25,74,287,19758,13609,6149,1239,4526,15232,8.25153304231198,8.63443213314718,7.40409870710685,7.42582728006457,8.1129199845338,8.29272019432773,65
"67",2013,4,8.1348676056338,355,8.54964135021097,7.30180508474576,7.00403571428571,8.14259322033898,8.1333277027027,237,118,28,59,296,20113,13846,6267,1267,4585,15528,8.24947386516184,8.63298078145312,7.40217264241264,7.41650591949487,8.11330182115594,8.28968180061824,66
"68",2013,5,8.08471337579618,314,8.56103603603604,6.93532608695652,7.18181818181818,7.61037735849057,8.18103448275862,222,92,22,53,261,20427,14068,6359,1289,4638,15789,8.24694119792432,8.63184545777651,7.39541845415946,7.41250038789759,8.10755473264337,8.2878858065742,67
"69",2013,6,8.14077134986226,363,8.57090163934426,7.25882352941176,7.20697674418605,7.8,8.23710247349823,244,119,43,80,283,20790,14312,6478,1332,4718,16072,8.24508743867244,8.63080644913359,7.39290922352578,7.40586561561561,8.10233973081814,8.28699160029866,68
"70",2013,7,8.09292191435768,397,8.52875486381323,7.29285714285714,7.6,7.96071428571429,8.12840255591054,257,140,38,84,313,21187,14569,6618,1370,4802,16385,8.24223617548497,8.62900623927517,7.39079267905712,7.4112503649635,8.09986231778425,8.28396209948123,69
"71",2013,8,7.98186528497409,386,8.353,7.29963235294118,7.50394736842105,7.72957746478873,8.03873015873016,250,136,38,71,315,21573,14819,6754,1408,4873,16700,8.23757742780328,8.62434994938929,7.38895705507847,7.41375213068181,8.09446723784116,8.27933646706587,70
"72",2013,9,7.95580459770115,348,8.53532338308458,7.16340136054422,7.09756097560976,7.7475,8.01014492753623,201,147,41,72,276,21921,15020,6901,1449,4945,16976,8.2331042311026,8.62315858189081,7.38415243442979,7.40480538302277,8.08941533872598,8.27495988454288,71
"73",2013,10,7.92427055702918,377,8.38511904761905,6.9952,7.39666666666667,7.81857142857143,7.94837133550489,252,125,30,70,307,22298,15272,7026,1479,5015,17283,8.22788267333394,8.61923074253535,7.37723255764304,7.40464029749831,8.08563486540378,8.26915865301163,72
"74",2013,11,7.96581196581197,468,8.38052805280528,7.20424242424242,7.01896551724138,7.81444444444444,8.00185185185185,303,165,58,90,378,22766,15575,7191,1537,5105,17661,8.22249529342002,8.61458695987158,7.37326323877068,7.39008653220559,8.08085383937316,8.26343746107242,73
"75",2013,12,7.94776722090261,421,8.37964539007092,7.07158273381295,7.175,7.75294117647059,7.98529745042493,282,139,36,68,353,23187,15857,7330,1573,5173,18014,8.21750713115108,8.61040877215109,7.36754242155525,7.38516401780038,8.07654336941813,8.25798706561563,74
"76",2014,1,8.05965309200603,663,8.45338600451467,7.26681818181818,7.3140350877193,7.82135922330097,8.10348214285714,443,220,57,103,560,23850,16300,7550,1630,5276,18574,8.21311898742139,8.60614122085889,7.36460741059602,7.38267668711656,8.07156157126611,8.25332879293636,75
"77",2014,2,7.91766666666667,450,8.47783882783883,7.05367231638418,7.36944444444444,7.87013888888889,7.92671957671958,273,177,36,72,378,24300,16573,7727,1666,5348,18952,8.20764764814816,8.60402774995474,7.35748491652646,7.38239075630252,8.06884982236349,8.24681453144787,76
"78",2014,3,7.82579896907216,388,8.2742578125,6.95606060606061,6.72380952380952,7.67090909090909,7.85138138138138,256,132,21,55,333,24688,16829,7859,1687,5403,19285,8.20164646184382,8.59901134351417,7.3507425817534,7.37419264967397,8.06479897279289,8.23998646616541,77
"79",2014,4,7.78563966480447,358,8.31619047619048,7.03283108108108,7.63589743589744,7.7365671641791,7.7969381443299,210,148,39,67,291,25046,17039,8007,1726,5470,19576,8.1957001856584,8.59552567052056,7.3448663606844,7.38010602549246,8.06077858318098,8.2334004903964,78
"80",2014,5,8.01577181208054,298,8.45538461538461,7.18349514563107,7,8.10471698113207,7.9965306122449,195,103,21,53,245,25344,17234,8110,1747,5523,19821,8.19358455058397,8.5939399965185,7.3428168865598,7.37553692043503,8.06120022632627,8.23047263003885,79
"81",2014,6,7.73260869565217,276,8.19939024390244,7.04910714285714,6.76060606060606,7.86086956521739,7.70695652173913,164,112,33,46,230,25620,17398,8222,1780,5569,20051,8.18861853434817,8.59022082423266,7.33881597543177,7.36413651685393,8.05954549290716,8.22446750785497,80
"82",2014,7,7.84560563380282,355,8.33905982905983,6.89132231404959,7.02941176470588,7.75884615384615,7.86049504950495,234,121,34,52,303,25975,17632,8343,1814,5621,20354,8.18393058132821,8.58688758507259,7.33232589596068,7.35786273428886,8.05676371642056,8.21904922865284,81
"83",2014,8,7.81932114882507,383,8.24601593625498,7.00795454545455,7.19333333333333,7.58028169014085,7.87371794871795,251,132,30,71,312,26358,17883,8475,1844,5692,20666,8.1786325536839,8.58210322093608,7.32727374041298,7.35518600867679,8.05082024771609,8.21383567211845,82
"84",2014,9,7.89931506849315,365,8.48440170940171,6.85419847328244,6.5953488372093,7.88306451612903,7.9026402640264,234,131,43,62,303,26723,18117,8606,1887,5754,20969,8.17481745500132,8.58084130374785,7.32007261794097,7.33787122416534,8.04901266075773,8.20933892889504,83
"85",2014,10,7.95621848739496,357,8.40370212765957,7.09426229508197,7.09459459459459,7.85581081081081,7.98247349823322,235,122,37,74,283,27080,18352,8728,1924,5828,21252,8.17193562961596,8.57857301111595,7.31691624083409,7.33319282744282,8.04655951441317,8.20631789949181,84
"86",2014,11,7.92019900497512,402,8.40508130081301,7.15557692307692,7.09545454545455,7.71074626865672,7.96208955223881,246,156,44,67,335,27482,18598,8884,1968,5895,21587,8.16825328760644,8.57627819658027,7.31408317762269,7.3278775406504,8.04274280746395,8.20252781766804,85
"87",2014,12,8.00228333333333,420,8.39216417910448,7.31486184210526,7.503975,8.06805555555556,7.98867528735632,268,152,40,72,348,27902,18866,9036,2008,5967,21935,8.16575499426565,8.57366277430297,7.31409627600708,7.33138545816733,8.04304824032176,8.19913503533166,86
"88",2015,1,7.91450252951096,593,8.32434554973822,7.17251184834123,7.24508196721311,8.0061797752809,7.89831349206349,382,211,61,89,504,28495,19248,9247,2069,6056,22439,8.1605262625022,8.56871477036574,7.31086557261814,7.32884098598356,8.04250641512549,8.19237831454165,87
"89",2015,2,7.91683962264151,424,8.35612676056338,7.02571428571429,7.08617021276596,8.16333333333333,7.86386819484241,284,140,47,75,349,28919,19532,9387,2116,6131,22788,8.15695341643903,8.56562368933032,7.30661275700437,7.32345085066162,8.04398448050888,8.18734715639811,88
"90",2015,3,7.8854854368932,412,8.27094488188976,7.26582278481013,6.99883720930233,7.63618421052632,7.941875,254,158,43,76,336,29331,19786,9545,2159,6207,23124,8.15314022194948,8.56184079146871,7.30593755369303,7.31698564150069,8.03899127597873,8.18378035806954,89
"91",2015,4,8.03020779220779,385,8.41820895522388,7.14145299145299,7.16714285714286,7.62611940298507,8.11534591194969,268,117,35,67,318,29716,20054,9662,2194,6274,23442,8.15154751144165,8.55992130746982,7.30394576174705,7.31459525979945,8.03458222027414,8.18285201774593,90
"92",2015,5,7.98538226299694,327,8.48647959183674,7.23564885496183,7.10627906976744,7.84413793103448,8.01583643122677,196,131,43,58,269,30043,20250,9793,2237,6332,23711,8.14973890257298,8.55921046419753,7.30303216072705,7.31059097004917,8.03283778427037,8.18095723503859,91
"93",2015,6,7.92016666666667,300,8.3241,7.1123,7.35172413793103,7.5622641509434,7.99696356275304,200,100,29,53,247,30343,20450,9893,2266,6385,23958,8.14746913126586,8.55691109535452,7.30110421004751,7.3111173874669,8.02893169146437,8.17906031388263,92
"94",2015,7,7.84528739002933,341,8.31587962962963,7.032104,7.02333333333333,7.74161290322581,7.86832616487455,216,125,30,62,279,30684,20666,10018,2296,6447,24237,8.1441108998175,8.55439184651117,7.29774774905171,7.30735714285714,8.02616858228633,8.17548335189999,93
"95",2015,8,7.8312853470437,389,8.24387755102041,7.12930555555556,7.125,8.30958904109589,7.72079113924051,245,144,30,73,316,31073,20911,10162,2326,6520,24553,8.14019466578702,8.55075376117832,7.29536084924227,7.30500515907136,8.02934184815951,8.16963140960372,94
"96",2015,9,7.79838507462687,335,8.2878487804878,7.02653846153846,7.27878787878788,8.08892857142857,7.74006810035842,205,130,33,56,279,31408,21116,10292,2359,6576,24832,8.1365488999618,8.54820140651638,7.29196530800622,7.30463840610428,8.0298492776764,8.16480504993557,95
"97",2015,10,7.86149100257069,389,8.30844357976654,6.99128787878788,7.51515151515152,7.79833333333333,7.87300911854103,257,132,33,60,329,31797,21373,10424,2392,6636,25161,8.13318388055477,8.54531843447339,7.28815780410591,7.30754264214047,8.02775600512357,8.16098958705934,96
"98",2015,11,7.74198312236287,474,8.15867346938776,7.06138888888889,6.99042553191489,7.35555555555556,7.80121654501217,294,180,47,63,411,32271,21667,10604,2439,6699,25572,8.12743788075982,8.54007204043014,7.28430846378725,7.30143173431734,8.02143437080161,8.1552072188331,97
"99",2015,12,7.79556797020484,537,8.26197058823529,6.99060913705584,7.05408163265306,7.80595238095238,7.79364238410596,340,197,49,84,453,32808,22007,10801,2488,6783,26025,8.12200584765911,8.53577547598491,7.27895166651236,7.29656028938907,8.01876586318738,8.14891369836695,98
"100",2016,1,7.81805084745763,590,8.32657534246575,6.99311111111111,7.10083333333333,7.74306930693069,7.83353783231084,365,225,60,101,489,33398,22372,11026,2548,6884,26514,8.11663626115336,8.53236236813874,7.27311871485579,7.2919513343799,8.01472092533411,8.14309719393528,99
"101",2016,2,7.82324257425743,404,8.23031128404669,7.11156462585034,7.22903225806452,7.67323943661972,7.85522522522523,257,147,31,71,333,33802,22629,11173,2579,6955,26847,8.11312963286196,8.52893194131424,7.27099319341269,7.29119503683598,8.01123491732567,8.13952653927813,100
"102",2016,3,7.83922666666667,375,8.29325791855204,7.18766233766234,7.2625,7.51645833333333,7.88660550458716,221,154,32,48,327,34177,22850,11327,2611,7003,27174,8.11012428972701,8.52665255579868,7.26986024101704,7.29084335503638,8.00784361702128,8.1364829984544,101
"103",2016,4,7.86792452830189,424,8.31453488372093,7.17379518072289,7.07435897435897,8.13805970149254,7.8172268907563,258,166,39,67,357,34601,23108,11493,2650,7070,27531,8.10715637842837,8.52428426951704,7.26847271817628,7.28765735849056,8.00907763083451,8.13234314045984,102
"104",2016,5,8.02396061269147,457,8.38518151815182,7.31324675324675,7.10833333333333,8.0984126984127,8.01205583756345,303,154,36,63,394,35058,23411,11647,2686,7133,27925,8.10607187660449,8.52248391354491,7.26906473340774,7.2852539091586,8.00986665498388,8.13064598030438,103
"105",2016,6,7.7628106097561,410,8.20239980079681,7.0688679245283,6.71538461538462,7.54465153846154,7.80391304347826,251,159,39,65,345,35468,23662,11806,2725,7198,28270,8.10210387391452,8.51908854915053,7.26636853718448,7.27709798165137,8.00566562934148,8.12665861337106,104
"106",2016,7,7.82206549118388,397,8.29108333333333,7.10509554140127,7.03235294117647,7.57689655172414,7.86401179941003,240,157,34,58,339,35865,23902,11963,2759,7256,28609,8.09900404851527,8.51679914860681,7.26425202290395,7.27408191373686,8.00223831312018,8.12354640148205,105
"107",2016,8,7.87860416666667,480,8.33764505119454,7.15935828877005,7.1025,8.26527777777778,7.81036764705882,293,187,40,72,408,36345,24195,12150,2799,7328,29017,8.09609327830513,8.5146296032238,7.2626376090535,7.27162986780993,8.00482276200873,8.11914288175897,106
"108",2016,9,7.81137168141593,452,8.26826241134752,7.05347058823529,6.89138888888889,8.01285714285714,7.77445026178011,282,170,36,70,382,36797,24477,12320,2835,7398,29399,8.09259586922847,8.51179120194468,7.25975137581169,7.26680141093474,8.00489878345499,8.11466407020647,107
"109",2016,10,7.88576257545272,497,8.33355629139073,7.19225641025641,7.21666666666667,7.92698412698413,7.87977880184332,302,195,48,63,434,37294,24779,12515,2883,7461,29833,8.08983949697002,8.50961892126397,7.25869971634039,7.26596670135276,8.00424087923871,8.11124704186639,108
"110",2016,11,7.87515596330275,545,8.39042682926829,7.0963133640553,6.39782608695652,7.88153846153846,7.87408993576017,328,217,46,78,467,37839,25107,12732,2929,7539,30300,8.0867473823304,8.50806178555781,7.25593205702167,7.25233253670194,8.00297137551399,8.10759184818482,109
"111",2016,12,7.77420634920635,504,8.24156050955414,7.00184210526316,6.71153846153846,7.30843373493976,7.86603325415677,314,190,39,83,421,38343,25421,12922,2968,7622,30721,8.08263918316251,8.50476996380944,7.2521960184182,7.24522641509434,7.9954081868276,8.10428153380423,110
"112",2017,1,7.88158532695375,627,8.28494915254237,7.1031308411215,7.33928571428571,7.74342105263158,7.90064246823956,413,214,42,76,551,38970,25834,13136,3010,7698,31272,8.07940436746215,8.50125575791592,7.24976758145554,7.24653887043189,7.99292039490777,8.10069349577897,111
"113",2017,2,7.94668316831683,505,8.296015625,7.34243243243243,7.4622641509434,8.04018987341772,7.92934272300469,320,185,53,79,426,39475,26154,13321,3063,7777,31698,8.07770647751742,8.49874459929647,7.25105449665941,7.25027162912177,7.99340056577086,8.09839065556186,112
"114",2017,3,7.82136658102767,506,8.25980066445183,7.17761702439024,7.21529981818182,7.95,7.80274092760181,301,205,55,64,442,39981,26455,13526,3118,7841,32140,8.07446223681248,8.49602594027593,7.24994147863374,7.24965474342527,7.99304632062237,8.09432478189172,113
"115",2017,4,7.63943965517241,464,8.24549090909091,6.75761904761905,6.53822222222222,7.14451612903226,7.71577114427861,275,189,45,62,402,40445,26730,13715,3163,7903,32542,8.06947149684757,8.49344841937897,7.24315701348888,7.23953319317104,7.98638949765912,8.08964840790363,114
"116",2017,5,8.01682599118943,454,8.39316724738676,7.37005988023952,7.43452380952381,7.98928070175439,8.02078085642317,287,167,42,57,397,40899,27017,13882,3205,7960,32939,8.06888710457469,8.49238313839434,7.24468365077078,7.24208845241809,7.98641020100503,8.08881837608913,115
"117",2017,6,7.71231168831169,385,8.18965217391304,7.004,7.06410256410256,7.44727272727273,7.75648484848485,230,155,39,55,330,41284,27247,14037,3244,8015,33269,8.06556180820657,8.48982769662715,7.24202596281257,7.23994867139334,7.98271056768559,8.08552191199014,116
"118",2017,7,7.73559322033898,413,8.115,7.2196,7.00675675675676,7.96944444444444,7.7132625994695,238,175,37,36,377,41697,27485,14212,3281,8051,33646,8.06229353886371,8.48658196288884,7.24174981987053,7.23731895458701,7.98265124829214,8.08135078434286,117
"119",2017,8,7.78163636363636,440,8.22105882352941,7.17594594594595,6.83333333333333,7.53898305084746,7.8192125984252,255,185,42,59,381,42137,27740,14397,3323,8110,34027,8.05936288036643,8.48414114095169,7.24090424671807,7.23221290701173,7.97942357583231,8.07841562553266,118
"120",2017,9,7.71571748878924,446,8.1445945945946,7.12171122994652,6.72285714285714,6.86938775510204,7.82017632241814,259,187,35,49,397,42583,27999,14584,3358,8159,34424,8.05576365427518,8.48100022322225,7.23937592155787,7.22690395771292,7.9727571025861,8.0754374416105,119
"121",2017,10,7.7221106557377,488,8.25193103448276,6.94611111111111,6.77727272727273,7.69797297297297,7.72642512077295,290,198,44,74,414,43071,28289,14782,3402,8233,34838,8.05198332265329,8.47865195835837,7.23544773643621,7.22108862139918,7.97028728288595,8.07128992737815,120
"122",2017,11,7.82502407407407,540,8.27908496732026,7.23125213675214,7.33475409836066,7.71279411764706,7.84119279661017,306,234,61,68,472,43611,28595,15016,3463,8301,35310,8.04917306849189,8.47651635775485,7.23538235482152,7.22309081432284,7.96817795446332,8.06821414585103,121
"123",2017,12,7.7703937007874,508,8.10157342657343,7.34373873873874,7.34191489361702,7.44571428571429,7.82228310502283,286,222,47,70,438,44119,28881,15238,3510,8371,35748,8.04596311543779,8.47280340881548,7.23696098175613,7.2246819059829,7.96380900728706,8.06520089207788,122
"124",2018,1,7.82728592162554,689,8.28554245283019,7.09407547169811,7.20081967213115,7.93294736842105,7.81038720538721,424,265,61,95,594,44808,29305,15503,3571,8466,36342,8.04260057779861,8.47009401979184,7.23451857317938,7.22427429011481,7.96346269785023,8.06103603241428,123
"125",2018,2,7.72813449023861,461,8.18850746268657,7.08886010362694,7.24204545454545,7.87307692307692,7.70434343434343,268,193,44,65,396,45269,29573,15696,3615,8531,36738,8.039398190594,8.46754219220234,7.2327275382263,7.22449059197787,7.96277402414723,8.0571912322391,124
"126",2018,3,7.81738823529412,425,8.21980158730159,7.23121387283237,7.39459459459459,8.02921568627451,7.78850267379679,252,173,37,51,374,45694,29825,15869,3652,8582,37112,8.03733327548474,8.46544896060352,7.23271103661226,7.22621398959474,7.96316886506642,8.05448349563483,125
"127",2018,4,7.6999974829932,441,8.2304644140625,6.96594594594595,6.71153846153846,7.71914893617021,7.69771291878173,256,185,26,47,394,46135,30081,16054,3678,8629,37506,8.03410871529208,8.46344915860509,7.2296369403264,7.2225757177814,7.96183974968131,8.05073562576654,126
"128",2018,5,7.73857478971963,428,8.2688066255144,7.04210810810811,6.75571428571429,7.35681818181818,7.782317734375,243,185,35,44,384,46563,30324,16239,3713,8673,37890,8.03139221248631,8.46188939948555,7.22750055052651,7.21817492324266,7.95877034474807,8.04801531776194,127
"129",2018,6,7.8084745,340,8.14150154205607,7.24285714285714,7.28965517241379,7.8295,7.80534908783784,214,126,29,44,296,46903,30538,16365,3742,8717,38186,8.02977628126133,8.45964422948457,7.22761878643446,7.21872888562266,7.95811783870598,8.04613428272141,128
"130",2018,7,7.73273684210526,380,8.17507042253521,7.1685628742515,7.33888888888889,7.655,7.74848101265823,213,167,36,64,316,47283,30751,16532,3778,8781,38502,8.02738905991582,8.4576730994114,7.22702222598596,7.21987387241927,7.95590857533311,8.04369133343722,129
"131",2018,8,7.64524405405405,407,8.06698717948718,7.0747938150289,7.16434782608696,7.92542553191489,7.60866480555556,234,173,46,47,360,47690,30985,16705,3824,8828,38862,8.02412772593835,8.45472262320477,7.2254457210416,7.21920593357741,7.95574628454916,8.03966144434151,130
"132",2018,9,7.66567314763231,359,8.02573980487805,7.18636363636364,6.93157894736842,7.79363636363636,7.64779892063492,205,154,38,44,315,48049,31190,16859,3862,8872,39177,8.02144951840829,8.4519030823982,7.22508872234414,7.21637583894355,7.9549423128945,8.03651070041095,131
"133",2018,10,7.70977406698565,418,8.14563880149813,6.93907284768212,6.67567567567568,7.43833333333333,7.7552669273743,267,151,37,60,358,48467,31457,17010,3899,8932,39535,8.0187614968948,8.44930357948946,7.22254972192827,7.21124480379584,7.95147203313928,8.03396396281775,132
"134",2018,11,7.69378477973568,454,8.22471767716535,7.0195,6.73333333333333,7.59025355932203,7.70924893670886,254,200,48,59,395,48921,31711,17210,3947,8991,39930,8.01574562580487,8.44750468260225,7.220190050552,7.20543285786673,7.94910167500834,8.03075178061607,133
"135",2018,12,7.62676262626263,396,8.02563063063063,7.11786206896552,6.84125,7.43787234042553,7.6522005730659,222,174,40,47,349,49317,31933,17384,3987,9038,40279,8.01262221465215,8.44457179062412,7.21916582892314,7.20177915475295,7.94644314671388,8.02747179920057,134
"136",2019,1,7.66482404990403,521,7.99878289473684,7.19697387096774,7.27619047619048,7.83771929824561,7.64358476293103,304,217,42,57,464,49838,32237,17601,4029,9095,40743,8.00898637766363,8.44036793094891,7.21889222771433,7.20255484983867,7.94576175481034,8.0230999172864,135
"137",2019,2,7.74154155495979,373,8.12074154185022,7.15196349315069,7.14875,8.05652173913044,7.69723241590214,227,146,40,46,327,50211,32464,17747,4069,9141,41070,8.0069996233893,8.43813298792508,7.21834162224601,7.20202592528877,7.94631912919812,8.02050535500365,136
"138",2019,3,7.57291968674699,415,8.08955841880342,6.905,6.87455882352941,7.22846153846154,7.63689048571429,234,181,34,65,350,50626,32698,17928,4103,9206,41420,8.00344130999881,8.43563844852896,7.21517814424364,7.19931233000244,7.94125061481643,8.01726380009657,137
"139",2019,4,7.68117172727273,330,8.08587389189189,7.1648275862069,6.98333333333333,7.17840909090909,7.75851982517483,185,145,27,44,286,50956,32883,18073,4130,9250,41706,8.00135423561504,8.43367067055925,7.21477418082222,7.19790036077482,7.93762196324325,8.01548945643312,138
"140",2019,5,7.66171511627907,344,7.98951351351351,7.28031446540881,6.69666666666667,7.55295454545455,7.67766666666667,185,159,30,44,300,51300,33068,18232,4160,9294,42006,7.99907673352827,8.43118581891859,7.21534575307152,7.19428569471154,7.93580085646654,8.01307678117412,139
"141",2019,6,7.71686884615385,338,8.15420103092783,7.12768520833333,6.64516129032258,7.566,7.73156386363636,194,144,31,30,308,51638,33262,18376,4191,9324,42314,7.99722952283202,8.42957031026396,7.2146588180235,7.19022392984968,7.93461102102102,8.0110276726379,140
"142",2019,7,7.71933690860215,372,8.24952843902439,7.06850299401198,7.02586206896552,7.46744186046512,7.75225936170213,205,167,29,43,329,52010,33467,18543,4220,9367,42643,7.99524190405691,8.42846747512474,7.21334252494202,7.18909442890995,7.93246644176364,8.00903121895739,141
"143",2019,8,7.55811034246575,438,8.00033617021277,7.04617403940887,6.71315789473684,7.30760869565217,7.58750594387755,235,203,38,46,392,52448,33702,18746,4258,9413,43035,7.99159136211104,8.42548216693371,7.2115322612824,7.18484699154533,7.9294128503134,8.00519160218427,142
"144",2019,9,7.71005012531328,399,8.20275362318841,7.17885416666667,7.00232558139535,7.70727272727273,7.71049418604651,207,192,43,55,344,52847,33909,18938,4301,9468,43379,7.98946569833671,8.42412250405497,7.21120095944661,7.18302220181353,7.92812242923532,8.00285462089951,143
"145",2019,10,7.59307372596154,416,8.02802094170404,7.09051813471503,6.50333333333333,7.35176923076923,7.6275457967033,223,193,42,52,364,53263,34132,19131,4343,9520,43743,7.9863697581811,8.42153459099964,7.20998347028383,7.17644911121345,7.92497428151261,7.99973155179114,144
"146",2019,11,7.67763365566038,424,8.11283125523012,7.11540540540541,6.74137931034483,7.81636363636364,7.65695574525745,239,185,29,55,369,53687,34371,19316,4372,9575,44112,7.9839314750312,8.41938801111401,7.20907764392213,7.1735632410796,7.92435040835509,7.99686420792528,145
"147",2019,12,7.75454462389381,452,8.05993767716535,7.36277777777778,7.52702702702703,7.95784729166667,7.73038985148515,254,198,37,48,404,54139,34625,19514,4409,9623,44516,7.98201635179815,8.4167511768953,7.21063717177411,7.17652948287594,7.92451749246597,7.99444584958217,146
"148",2020,1,7.68811479166667,624,8.06886805013928,7.17230188679245,6.96428571428571,7.57783116883117,7.7036391773309,359,265,42,77,547,54763,34984,19779,4451,9700,45063,7.97866747438964,8.41318125800365,7.21012355376915,7.17452673331835,7.92176544639176,7.99091587488627,147
"149",2020,2,7.53118704255319,470,8.11211629166667,6.925,6.86744186046512,7.348,7.55546484337349,240,230,43,55,415,55233,35224,20009,4494,9755,45478,7.97485968189307,8.41112994094935,7.20684610775151,7.17158844904317,7.91853047975398,7.9869422573552,148
"150",2020,3,7.77368055555556,396,8.22908294392523,7.23820741758242,7.3773046875,8.01435897435897,7.74738795518207,214,182,32,39,357,55629,35438,20191,4526,9794,45835,7.97342757033202,8.41003061092612,7.20712879599821,7.17304291648254,7.91891207167654,7.98507641496673,149
"151",2020,4,7.65971960629921,381,8.12968476415094,7.0701775147929,6.925,7.32432432432432,7.69579409883721,212,169,28,37,344,56010,35650,20360,4554,9831,46179,7.97129361685414,8.40836347713885,7.20599201964636,7.17151783926219,7.91667427830333,7.98292147188116,150
"152",2020,5,7.81487113402062,388,8.17260089686099,7.33139393939394,7.3925,7.65122093023256,7.83526811594203,223,165,32,43,345,56398,35873,20525,4586,9874,46524,7.97021748076173,8.40689788866278,7.2070001227771,7.17305979938945,7.91551826311526,7.9818265443642,151
"153",2020,6,7.66592457420925,411,8.16688340807175,7.07170212765957,6.4825,7.90669642857143,7.62794366197183,223,188,40,56,355,56809,36096,20713,4626,9930,46879,7.96801599183228,8.40541508643617,7.20577210061314,7.16708868136619,7.91546851258812,7.97914670001493,152
"154",2020,7,7.6938198757764,322,8.10715909090909,7.19554794520548,6.68387096774194,7.57,7.71658088235294,176,146,31,50,272,57131,36272,20859,4657,9980,47151,7.96647057604453,8.40396788045875,7.20570053789731,7.16387207214945,7.91373770841684,7.97763203643613,153
"155",2020,8,7.71978355844156,385,8.02696297777778,7.2878125,7.49375,7.52909090909091,7.75156566666667,225,160,32,55,330,57516,36497,21019,4689,10035,47481,7.96481930506294,8.40164368660438,7.20632558732575,7.16612331840478,7.91162952964624,7.97606084159979,154
"156",2020,9,7.63571038251366,366,8.11736842105263,7.11573863636364,6.77178571428571,7.79444444444444,7.61345794392523,190,176,28,45,321,57882,36687,21195,4717,10080,47802,7.96273828046716,8.4001714402922,7.2055733673036,7.16378253974984,7.91110638194445,7.97362589054851,155
"157",2020,10,7.7035593220339,354,7.9860621761658,7.36490683229814,7.47777777777778,7.84808510638298,7.6814332247557,193,161,36,47,307,58236,36880,21356,4753,10127,48109,7.96116280565286,8.39800432836225,7.20677456077917,7.16616079107932,7.91081389651427,7.97176130911056,156
"158",2020,11,7.75338310722101,457,8.11590210909091,7.20562087912088,7.00081081081081,7.64040306122449,7.76695178921569,275,182,37,49,408,58693,37155,21538,4790,10176,48517,7.95954497520999,8.39591636953303,7.20676481196025,7.16488355741127,7.90951180031447,7.97003897912072,157
"159",2020,12,7.63444210526316,475,8.15900763358779,6.98920187793427,6.92452830188679,7.51311475409836,7.65231884057971,262,213,53,61,414,59168,37417,21751,4843,10237,48931,7.95693505323824,8.39425749552342,7.20463429359569,7.16225319843072,7.90714975871838,7.96735078273487,158
"160",2021,1,7.6718434935305,541,8.03307843137255,7.2014694893617,7.04,7.78958333333333,7.66037997971602,306,235,45,48,493,59709,37723,21986,4888,10285,49424,7.95435194962234,8.39132769689579,7.20460046620576,7.1611277086743,7.90660107729704,7.96428877630301,159
"161",2021,2,7.70182636363636,407,8.13952165919282,7.17135869565217,7.146,7.96772727272727,7.66959595041322,223,184,40,44,363,60116,37946,22170,4928,10329,49787,7.95264228973984,8.38984789015969,7.20432457600361,7.16100491883117,7.90686146577597,7.96214015325285,160
"162",2021,3,7.74678770949721,358,8.14564102564102,7.26963190184049,6.984375,7.70717391304348,7.7526282051282,195,163,32,46,312,60474,38141,22333,4960,10375,50099,7.95142365132123,8.38859935607351,7.20480122912282,7.15986537096774,7.90597610409639,7.96083538214335,161
"163",2021,4,7.7195424929972,357,8.11946461139896,7.24890243902439,7.02121212121212,7.9275,7.68723841423948,193,164,33,48,309,60831,38334,22497,4993,10423,50408,7.95006280613503,8.38724434470704,7.20512272080722,7.15894897656719,7.90607522594263,7.95915823837486,162
"164",2021,5,7.66467803977273,352,8.16196080213904,7.10109090909091,6.66827586206897,7.84615384615385,7.64206603833866,187,165,29,39,313,61183,38521,22662,5022,10462,50721,7.94842092133436,8.38615070688715,7.20436527446827,7.15611553962565,7.90585185241828,7.95720145797598,163
"165",2021,6,7.5232253125,288,7.95930555555556,7.08714506944444,6.65666666666667,7.18777777777778,7.5579267816092,144,144,18,27,261,61471,38665,22806,5040,10489,50982,7.94642882204617,8.3845610081469,7.20362513110585,7.15433179365079,7.90400343979407,7.95515738966694,164
"166",2021,7,7.59930513595166,331,8.09584905660377,7.14029069767442,7.25238095238095,7.83608695652174,7.56108771929825,159,172,21,46,285,61802,38824,22978,5061,10535,51267,7.94456969224297,8.38337861580465,7.20315104621812,7.15473863663308,7.90370688941624,7.95296670450777,165
"167",2021,8,7.53152501416431,353,8.10539726744186,6.98618784530387,6.740625,7.54666666666667,7.52980545741325,172,181,32,36,317,62155,38996,23159,5093,10571,51584,7.94222386694554,8.38215252102779,7.20145536249406,7.15213670528176,7.90249097341784,7.95036624476581,166
"168",2021,9,7.54264188854489,323,7.94572547058824,7.09477124183007,7.16071428571429,7.02777777777778,7.60722414634146,170,153,28,36,287,62478,39166,23312,5121,10607,51871,7.94015810013125,8.38025820967165,7.20075517930679,7.15218360476469,7.89952220986142,7.94846765437334,167
"169",2021,10,7.646975,400,8.07170288043478,7.28516976851852,7.4124075,7.2974358974359,7.68473684210526,184,216,36,39,361,62878,39350,23528,5157,10646,52232,7.93829300836541,8.37881540965692,7.2015301517341,7.15400017645918,7.89731655833177,7.94664488627661,168
"170",2021,11,7.57540520642202,436,7.90630793721973,7.22896713615024,7.11724137931034,7.56170212765957,7.57706084832905,223,213,29,47,389,63314,39573,23741,5186,10693,52621,7.93579404949932,8.37615275667752,7.20177631144433,7.15379462205939,7.89584139904611,7.94391274149103,169
"171",2021,12,7.47198975047985,521,7.93474746212121,6.99662774319066,6.78854166666667,7.49014084507042,7.46912591111111,264,257,48,71,450,63835,39837,23998,5234,10764,53071,7.93200863335161,8.37322756156336,7.19957932911076,7.15044495796714,7.89316537346712,7.93988692562793,170
"172",2022,1,7.55441054091539,721,7.96755207386364,7.16030262872629,7.040718,7.56305970149254,7.5535244648318,352,369,65,67,654,64556,40189,24367,5299,10831,53725,7.92779139212467,8.36967440593196,7.19898454508146,7.14909899603699,7.89112335703075,7.93518369530013,171
"173",2022,2,7.42704705882353,425,7.81692488262911,7.03533018867925,6.2290625,7.0786,7.47350666666667,213,212,32,50,375,64981,40402,24579,5331,10881,54100,7.92451633723704,8.36676030147022,7.1975729854754,7.1435763609079,7.88738967741936,7.9319835310536,172
"174",2022,3,7.61903196969697,462,8.02407594017094,7.20332894736842,6.70058823529412,7.38090909090909,7.64409753588517,234,228,34,44,418,65443,40636,24807,5365,10925,54518,7.92235974634415,8.36478697386553,7.19762588825734,7.1407689804287,7.88534984713959,7.92977625371436,173
"175",2022,4,7.46022661691542,402,7.93052728813559,7.09025675555556,6.58075,7.62509433962264,7.4351893982808,177,225,40,53,349,65845,40813,25032,5405,10978,54867,7.9195383093629,8.36290365324773,7.19666080137424,7.13662452913968,7.8840933758426,7.92663026773834,174
"176",2022,5,7.58452853598015,403,7.94002577319588,7.25454545454545,7.12578947368421,7.38909090909091,7.60195945945946,194,209,19,33,370,66248,41007,25241,5424,11011,55237,7.91750037706799,8.36090306045308,7.19714009666812,7.13658657448377,7.88260985196622,7.92445548997954,175
"177",2022,6,7.52730769230769,364,8.09306358381503,7.01486910994764,6.58214285714286,7.2,7.56658461538462,173,191,28,39,325,66612,41180,25432,5452,11050,55562,7.91536817660482,8.35977784847012,7.19577120084932,7.13373910124725,7.88020064072398,7.92236218818616,176
"178",2022,7,7.62174519021739,368,7.97741225806452,7.36292643192488,7.03684210526316,7.41428571428571,7.64355024024024,155,213,38,35,333,66980,41335,25645,5490,11085,55895,7.91375495983876,8.35834403532115,7.19715954416065,7.13306841165756,7.87872955164637,7.92070113838446,177
"179",2022,8,7.56918072289157,415,7.90450587939698,7.26024689814815,6.96428571428571,7.34078947368421,7.59220159151194,199,216,28,38,377,67395,41534,25861,5518,11123,56272,7.91163316581349,8.35616958082534,7.19768647152082,7.13221195723088,7.87689176301358,7.9185003221851,178
"180",2022,9,7.55271513253012,415,7.93930994594595,7.24175843478261,6.89078947368421,7.26507843137255,7.59301587912088,185,230,38,51,364,67810,41719,26091,5556,11174,56636,7.90943657262941,8.35432104580646,7.19807497911157,7.13056075953924,7.87409934490782,7.91640843120983,179
"181",2022,10,7.56322697399527,423,8.01407316326531,7.17395008810573,6.9699187804878,7.50119047619048,7.57006564304462,196,227,41,42,381,68233,41915,26318,5597,11216,57017,7.90729029941524,8.35273000238577,7.19786689528079,7.12938400035733,7.87270293152639,7.91409409334058,180
"182",2022,11,7.45978823529412,425,7.82441176470588,7.12321266968326,6.64827586206897,7.80061224489796,7.41537234042553,204,221,29,49,376,68658,42119,26539,5626,11265,57393,7.90452021614379,8.35017113535458,7.19724522212593,7.12690406150018,7.87238935463826,7.91082680675343,181
"183",2022,12,7.50458167330677,502,7.89648979591837,7.13097276264591,7.13225806451613,7.62672727272727,7.48955257270693,245,257,31,55,447,69160,42364,26796,5657,11320,57840,7.90161724985541,8.34754739991501,7.19660960404538,7.12693340109599,7.87119576678445,7.90757110857538,182
