"","year","month","avg_rating","no_ratings","avg_rating_owned","avg_rating_not_owned","avg_rating_prev_owned","avg_rating_comment","avg_rating_no_comment","no_ratings_owned","no_ratings_not_owned","no_ratings_prev_owned","no_ratings_comment","no_ratings_no_comment","cum_no_ratings","cum_no_ratings_owned","cum_no_ratings_not_owned","cum_no_ratings_prev_owned","cum_no_ratings_comment","cum_no_ratings_no_comment","cum_avg_rating","cum_avg_rating_owned","cum_avg_rating_not_owned","cum_avg_rating_prev_owned","cum_avg_rating_comment","cum_avg_rating_no_comment","month_after_release"
"1",2007,9,7,1,7,NA,NA,NA,7,1,0,0,0,1,1,1,0,0,0,1,7,7,NA,NA,NA,7,-1
"2",2007,10,8.01515151515152,33,8.54761904761905,7.08333333333333,7,7.26923076923077,8.5,21,12,1,13,20,34,22,12,1,13,21,7.98529411764706,8.47727272727273,7.08333333333333,7,7.26923076923077,8.42857142857143,0
"3",2007,11,7.21730769230769,52,8.09090909090909,6.57666666666667,7.5,6.75238095238095,7.53225806451613,22,30,1,21,31,86,44,42,2,34,52,7.52093023255814,8.28409090909091,6.72142857142857,7.25,6.95,7.89423076923077,1
"4",2007,12,7.47027027027027,37,8.225,6.07692307692308,NA,7.22631578947368,7.72777777777778,24,13,0,19,18,123,68,55,2,53,70,7.50569105691057,8.26323529411765,6.56909090909091,7.25,7.04905660377359,7.85142857142857,2
"5",2008,1,7.48111111111111,45,8.14310344827586,6.28125,NA,7.525,7.45185185185185,29,16,0,18,27,168,97,71,2,71,97,7.49910714285714,8.22731958762886,6.50422535211268,7.25,7.16971830985916,7.74020618556701,3
"6",2008,2,7.68125,32,8.175,6.85833333333333,NA,7.08333333333333,8.04,20,12,0,12,20,200,117,83,2,83,117,7.52825,8.21837606837607,6.55542168674699,7.25,7.15722891566265,7.79145299145299,4
"7",2008,3,7.38012820512821,78,7.98586956521739,6.509375,7.28333333333333,7.2671875,7.45869565217391,46,32,6,32,46,278,163,115,8,115,163,7.48669064748201,8.15276073619632,6.54260869565217,7.275,7.18782608695652,7.69754601226994,5
"8",2008,4,7.59594444444444,72,8.28066666666667,6.63733333333333,8,6.92548148148148,7.99822222222222,42,30,2,27,45,350,205,145,10,142,208,7.50916571428571,8.17896585365854,6.56220689655173,7.42,7.13794366197183,7.76259615384615,6
"9",2008,5,7.38604651162791,43,8.17647058823529,6.86923076923077,8,6.965,7.75217391304348,17,26,2,20,23,393,222,171,12,162,231,7.49569465648855,8.17877477477477,6.60888888888889,7.51666666666667,7.11659259259259,7.76155844155844,7
"10",2008,6,7.38333333333333,45,8.16818181818182,6.63260869565217,7,7.59166666666667,7.1452380952381,22,23,3,24,21,438,244,194,15,186,252,7.48415068493151,8.17781967213115,6.61170103092784,7.41333333333333,7.17789247311828,7.71019841269841,8
"11",2008,7,7.92068965517241,29,8.345,6.97777777777778,7.66666666666667,7.93333333333333,7.915,20,9,3,9,20,467,264,203,18,195,272,7.5112591006424,8.19048484848485,6.62793103448276,7.45555555555555,7.21275897435898,7.72525735294118,9
"12",2008,8,7.64893617021277,47,8.21363636363636,7.152,7.56,7.56,7.71481481481482,22,25,5,20,27,514,286,228,23,215,299,7.52384824902724,8.19226573426573,6.68539473684211,7.47826086956522,7.24506046511628,7.7243143812709,10
"13",2008,9,7.5975,60,8.31764705882353,6.65576923076923,7.84166666666667,7.93035714285714,7.30625,34,26,6,28,32,574,320,254,29,243,331,7.53154703832752,8.2055875,6.68236220472441,7.55344827586207,7.32402469135803,7.68389728096677,11
"14",2008,10,7.69669117647059,136,8.18827160493827,6.97272727272727,7.36363636363636,7.51891891891892,7.76313131313131,81,55,11,37,99,710,401,309,40,280,430,7.56318028169014,8.2020897755611,6.73404530744337,7.50125,7.34977857142857,7.70213953488372,12
"15",2008,11,7.55704225352113,142,8.10588235294118,6.73859649122807,7,7.16037735849057,7.79325842696629,85,57,8,53,89,852,486,366,48,333,519,7.5621572769953,8.1852633744856,6.73475409836065,7.41770833333333,7.31963363363363,7.71776493256262,13
"16",2008,12,7.72324840764331,157,7.93727272727273,7.22234042553191,7.5,7.69017857142857,7.74158415841584,110,47,14,56,101,1009,596,413,62,389,620,7.58722299306244,8.1394932885906,6.7902421307506,7.43629032258065,7.37297686375321,7.72164516129032,14
"17",2009,1,7.71279761904762,168,8.0972972972973,6.9640350877193,7.27272727272727,7.42936507936508,7.88285714285714,111,57,11,63,105,1177,707,470,73,452,725,7.60514698385726,8.1328684582744,6.81131914893617,7.41164383561644,7.38083628318584,7.74499310344828,15
"18",2009,2,7.66142857142857,224,8.16822033898305,7.0972641509434,7.312,7.57142857142857,7.69664596273292,118,106,25,63,161,1401,825,576,98,515,886,7.61414561027837,8.13792484848485,6.86394097222222,7.38622448979592,7.40415145631068,7.73620767494357,16
"19",2009,3,7.56480476190476,210,8.22791509433962,6.88894230769231,6.7125,7.66363461538462,7.53227848101266,106,104,24,52,158,1611,931,680,122,567,1044,7.60771384233395,8.14817078410312,6.86776470588235,7.25368852459016,7.42794885361552,7.70534482758621,17
"20",2009,4,7.44614457831325,166,8.00075949367089,6.94252873563218,7.16363636363636,7.37613636363636,7.47139344262295,79,87,11,44,122,1777,1010,767,133,611,1166,7.59262070906021,8.13664059405941,6.87624511082138,7.24624060150376,7.42421767594108,7.68086620926243,18
"21",2009,5,7.56942408376963,191,8.08631578947368,7.05791666666667,7,7.57692307692308,7.56661870503597,95,96,21,52,139,1968,1105,863,154,663,1305,7.5903694105691,8.13231402714932,6.89645422943221,7.21266233766234,7.43619457013575,7.66869731800766,19
"22",2009,6,7.46949152542373,177,8.09259259259259,6.94375,7.17058823529412,7.61,7.42846715328467,81,96,17,40,137,2145,1186,959,171,703,1442,7.58039487179487,8.12960118043845,6.90118873826903,7.20847953216374,7.44608392603129,7.64587378640777,20
"23",2009,7,7.59531073446328,177,8.09367816091954,7.11355555555556,6.89619047619048,7.57309523809524,7.60222222222222,87,90,21,42,135,2322,1273,1049,192,745,1577,7.58153186907838,8.12714611154752,6.91940896091516,7.17432291666667,7.45324429530201,7.64213696892834,21
"24",2009,8,7.41959459459459,148,8.02013888888889,6.85065789473684,7.13888888888889,7.32571428571429,7.44867256637168,72,76,18,35,113,2470,1345,1125,210,780,1690,7.57182874493927,8.12141784386617,6.91476444444444,7.17128571428571,7.4475217948718,7.62920118343195,22
"25",2009,9,7.79923976608187,171,8.26704081632653,7.17123287671233,7.7,7.81914893617021,7.7916935483871,98,73,15,47,124,2641,1443,1198,225,827,1814,7.58655319954563,8.13130769230769,6.93039232053422,7.20653333333333,7.46864207980653,7.64030871003308,23
"26",2009,10,7.49826589595376,173,7.91649484536083,6.96447368421053,7.32,7.56634615384615,7.46900826446281,97,76,15,52,121,2814,1540,1274,240,879,1935,7.58112544420753,8.11777727272727,6.93242543171115,7.213625,7.4744220705347,7.62959689922481,24
"27",2009,11,7.37226315789474,190,7.80989690721649,6.9158064516129,6.72352941176471,7.22239130434783,7.42013888888889,97,93,17,46,144,3004,1637,1367,257,925,2079,7.56791511318242,8.09953390348198,6.93129480614484,7.18120622568093,7.46188864864865,7.61508898508899,25
"28",2009,12,7.45531400966184,207,8.06263157894737,6.94017857142857,6.71428571428571,7.71153846153846,7.39583333333333,95,112,21,39,168,3211,1732,1479,278,964,2247,7.56065618187481,8.09750981524249,6.93196754563894,7.14593525179856,7.47198858921162,7.59869603916333,26
"29",2010,1,7.28906666666667,225,7.9548623853211,6.66344827586207,6.48928571428571,7.293,7.28794285714286,109,116,28,50,175,3436,1841,1595,306,1014,2422,7.54287165308498,8.08906409560022,6.91243887147335,7.08584967320261,7.46316272189349,7.57624277456647,27
"30",2010,2,7.54622641509434,159,7.93666666666667,7.19761904761905,7.33888888888889,7.84736842105263,7.45165289256198,75,84,18,38,121,3595,1916,1679,324,1052,2543,7.54302002781641,8.08309864300626,6.92670637284098,7.09990740740741,7.47704087452471,7.57031458906803,28
"31",2010,3,7.20559701492537,134,7.58879310344828,6.91315789473684,6.91176470588235,7.22758620689655,7.19952380952381,58,76,17,29,105,3729,1974,1755,341,1081,2648,7.53089487798337,8.06857497467072,6.92611965811966,7.09052785923754,7.47034875115634,7.55561178247734,29
"32",2010,4,7.45504587155963,109,7.80323076923077,6.94068181818182,6.85,7.69047619047619,7.39886363636364,65,44,12,21,88,3838,2039,1799,353,1102,2736,7.52874075039083,8.06011623344777,6.92647581989994,7.08235127478754,7.47454355716878,7.5505701754386,30
"33",2010,5,7.46481481481482,108,7.96612903225806,6.78913043478261,6.5,7.31818181818182,7.50232558139535,62,46,9,22,86,3946,2101,1845,362,1124,2822,7.52699113025849,8.05734269395526,6.9230514905149,7.06787292817679,7.47148309608541,7.54909992912828,31
"34",2010,6,7.53602150537634,93,7.94811320754717,6.99,6.66666666666667,7.52272727272727,7.54014084507042,53,40,6,22,71,4039,2154,1885,368,1146,2893,7.52719905917306,8.05465506035283,6.92447214854111,7.06133152173913,7.47246684118674,7.54888005530591,32
"35",2010,7,7.48775510204082,98,8.298,6.64375,7.05,7.68421052631579,7.44050632911392,50,48,10,19,79,4137,2204,1933,378,1165,2972,7.52626468455402,8.06017558983666,6.91750129332643,7.06103174603175,7.47592017167382,7.54599932705249,33
"36",2010,8,7.4037037037037,108,7.83731343283582,6.69512195121951,8,7.76470588235294,7.23783783783784,67,41,7,34,74,4245,2271,1974,385,1199,3046,7.52314652532391,8.05360061646852,6.91288247213779,7.0781038961039,7.48410925771476,7.53851280367695,34
"37",2010,9,7.5785,100,7.92959183673469,7.24117647058824,7.38888888888889,7.25925925925926,7.69657534246575,49,51,18,27,73,4345,2320,2025,403,1226,3119,7.52442048331415,8.05098146551724,6.92115061728395,7.09198511166253,7.47915742251223,7.54221224751523,35
"38",2010,10,7.44732142857143,112,7.96120689655172,6.89537037037037,7.02692307692308,7.39393939393939,7.46962025316456,58,54,13,33,79,4457,2378,2079,416,1259,3198,7.5224830603545,8.04879184188394,6.920481000481,7.08995192307692,7.47692374900715,7.54041901188242,36
"39",2010,11,7.32207792207792,154,7.85625,6.85304878048781,6.8125,7.14864864864865,7.37692307692308,72,82,16,37,117,4611,2450,2161,432,1296,3315,7.51578985035784,8.04313346938776,6.91792225821379,7.07967592592593,7.46755169753086,7.53464856711915,37
"40",2010,12,7.37064285714286,140,7.7806976744186,6.71759259259259,6.58461538461538,7.50416666666667,7.32442307692308,86,54,13,36,104,4751,2536,2215,445,1332,3419,7.51151273416123,8.03423383280757,6.91303837471783,7.06521348314607,7.46854129129129,7.52825387540216,38
"41",2011,1,7.36057324840764,157,7.86630434782609,6.64476923076923,6.55454545454545,7.328125,7.36888,92,65,11,32,125,4908,2628,2280,456,1364,3544,7.50668439282803,8.02835502283105,6.90539035087719,7.0528947368421,7.46524706744868,7.52263261851016,39
"42",2011,2,7.50590277777778,144,7.90779220779221,7.04402985074627,7.33333333333333,7.57575757575758,7.48513513513513,77,67,18,33,111,5052,2705,2347,474,1397,3655,7.50666211401425,8.02492310536045,6.9093481039625,7.06354430379747,7.46785755189692,7.52149384404925,40
"43",2011,3,7.68527559055118,127,8.13722222222222,7.09363636363636,6.75,7.78888888888889,7.6573,72,55,12,27,100,5179,2777,2402,486,1424,3755,7.51104209306816,8.02783471371984,6.91356786011657,7.0558024691358,7.47394452247191,7.52511051930759,41
"44",2011,4,7.37211538461538,104,7.78076923076923,6.96346153846154,7.10714285714286,7.17391304347826,7.42839506172839,52,52,14,23,81,5283,2829,2454,500,1447,3836,7.50830721181147,8.02329338989042,6.91462510187449,7.05724,7.46917553559088,7.52306830031282,42
"45",2011,5,7.34642857142857,112,8.05576923076923,6.73166666666667,6.21428571428571,7.47826086956522,7.3123595505618,52,60,14,23,89,5395,2881,2514,514,1470,3925,7.50494661723818,8.02387955570983,6.91025855210819,7.03428015564202,7.46931768707483,7.51829044585987,43
"46",2011,6,7.35,92,8.02,6.55238095238095,6.35714285714286,6.9375,7.43684210526316,50,42,7,16,76,5487,2931,2556,521,1486,4001,7.5023486422453,8.023813374275,6.9043779342723,7.02518234165067,7.46359152086137,7.51674331417146,44
"47",2011,7,7.53333333333333,96,8.00833333333333,7.05833333333333,6.21428571428571,7.64583333333333,7.49583333333333,48,48,7,24,72,5583,2979,2604,528,1510,4073,7.50288142575676,8.02356394763344,6.9072158218126,7.01443181818182,7.4664880794702,7.51637368033391,45
"48",2011,8,7.39368932038835,103,7.89098360655738,6.67142857142857,7.21666666666667,7.25,7.42619047619048,61,42,6,19,84,5686,3040,2646,534,1529,4157,7.50090344706296,8.02090361842106,6.9034731670446,7.01670411985019,7.46379790712884,7.51455135915323,46
"49",2011,9,7.53989898989899,99,7.84916666666667,7.06410256410256,7.66666666666667,7.50166666666667,7.55652173913044,60,39,12,30,69,5785,3100,2685,546,1559,4226,7.50157078651685,8.01757967741936,6.90580633147114,7.03098901098901,7.46452661962797,7.51523663038334,47
"50",2011,10,7.52852941176471,136,8.12384615384615,6.98352112676056,7.05,7.37423076923077,7.565,65,71,14,26,110,5921,3165,2756,560,1585,4336,7.5021900016889,8.01976208530806,6.9078084179971,7.03146428571429,7.46304542586751,7.51649907749077,48
"51",2011,11,7.29280753424658,146,7.93623188405797,6.71623246753247,6.333325,7.24074074074074,7.30462100840336,69,77,12,27,119,6067,3234,2833,572,1612,4455,7.49715129388495,8.01797990105133,6.90260144722909,7.01681800699301,7.45932196029777,7.51083948372615,49
"52",2011,12,7.42877697841727,139,7.98382352941176,6.89718309859155,7.51923076923077,7.31290322580645,7.46203703703704,68,71,13,31,108,6206,3302,2904,585,1643,4563,7.4956198678698,8.01727649909146,6.9024689738292,7.02798273504273,7.45655934266585,7.50968439623055,50
"53",2012,1,7.41637931034483,174,7.80585106382979,6.95875,7.05526315789474,7.56290322580645,7.38461538461539,94,80,19,31,143,6380,3396,2984,604,1674,4706,7.49345876175548,8.01142432273263,6.90397784852547,7.02884089403973,7.45852867383512,7.50588395665108,51
"54",2012,2,7.78021582733813,139,8.23,7.07222222222222,6.45454545454545,8.2,7.68815789473684,85,54,11,25,114,6519,3481,3038,615,1699,4820,7.49957307869305,8.01676156276932,6.90696836734694,7.01856894308943,7.46943908181283,7.510195,52
"55",2012,3,7.45428571428571,105,8.1,6.95084745762712,7.5,8.1875,7.32247191011236,46,59,11,16,89,6624,3527,3097,626,1715,4909,7.49885520833333,8.01784717890559,6.90780429447853,7.0270285942492,7.47613819241982,7.50679158688124,53
"56",2012,4,7.62549019607843,102,8.05344827586207,7.06136363636364,6.6625,7.7,7.60731707317073,58,44,8,20,82,6726,3585,3141,634,1735,4991,7.5007756318763,8.01842315202232,6.90995539637058,7.02242886435331,7.47871873198847,7.50844317771989,54
"57",2012,5,7.39920353982301,113,7.92339285714286,6.88421052631579,6.96363636363636,7.53695652173913,7.364,56,57,11,23,90,6839,3641,3198,645,1758,5081,7.49909736803626,8.01696154902499,6.90949652908068,7.02142620155039,7.47948065984073,7.5058846486912,55
"58",2012,6,7.45457142857143,105,7.88070175438596,6.94854166666667,7.33333333333333,7.5425,7.43876404494382,57,48,6,16,89,6944,3698,3246,651,1774,5170,7.49842409274193,8.0148612763656,6.91007390634627,7.02430092165899,7.48004904171364,7.50472918762089,56
"59",2012,7,7.53552631578947,114,8.02384615384615,6.88775510204082,7.6,7.69545454545455,7.49728260869565,65,49,18,22,92,7058,3763,3295,669,1796,5262,7.49902336355908,8.01501647621578,6.9097420030349,7.03979058295964,7.48268763919822,7.50459899277841,57
"60",2012,8,7.49974107142857,112,8.08149180327869,6.80392156862745,6.77272727272727,7.75238095238095,7.44143956043956,61,51,11,21,91,7170,3824,3346,680,1817,5353,7.49903457461645,8.01607688284519,6.90812907949791,7.03547044117647,7.48580462300495,7.50352529422754,58
"61",2012,9,7.58737373737374,99,7.96746031746032,6.92222222222222,6.77777777777778,7.525,7.60316455696203,63,36,9,20,79,7269,3887,3382,689,1837,5432,7.50023770807539,8.01528891175714,6.90827909520994,7.03210435413643,7.48623135547088,7.50497439248895,59
"62",2012,10,8.01654411764706,136,8.45197368421053,7.465,7.58,8.54074074074074,7.88669724770642,76,60,20,27,109,7405,3963,3442,709,1864,5541,7.50972017555705,8.02366338632349,6.91798370133643,7.04755980253879,7.50150590128755,7.51248346868796,60
"63",2012,11,7.57291666666667,144,8.03765432098765,6.97539682539683,7.09333333333333,7.83695652173913,7.52272727272727,81,63,15,23,121,7549,4044,3505,724,1887,5662,7.51092567227447,8.02394362017804,6.91901566333809,7.04850814917127,7.50559459459459,7.5127023843165,61
"64",2012,12,7.56296470588235,170,8.18721212121212,6.69253521126761,6.22222222222222,7.44375,7.59964615384615,99,71,18,40,130,7719,4143,3576,742,1927,5792,7.51207175799974,8.02784503982621,6.91451898769575,7.02846347708895,7.50431084587442,7.51465381560774,62
"65",2013,1,7.61966538461538,208,7.9827868852459,7.10453953488372,7.025,7.34148936170213,7.70087204968944,122,86,24,47,161,7927,4265,3662,766,1974,5953,7.51489495395484,8.02655615474795,6.91898151283452,7.02835496083551,7.50043414387031,7.51969012262725,63
"66",2013,2,7.48176470588235,170,8.05903614457831,6.93103448275862,7.47777777777778,7.81538461538462,7.42152777777778,83,87,18,26,144,8097,4348,3749,784,2000,6097,7.51419937013709,8.02717617295308,6.91926121632435,7.03867334183674,7.5045285,7.51737170739708,64
"67",2013,3,7.54348051948052,154,7.90548780487805,7.13119444444444,7.0473,7.51845714285714,7.55084033613445,82,72,20,35,119,8251,4430,3821,804,2035,6216,7.51474588534723,8.0249237020316,6.92325472389427,7.03888793532338,7.50476805896806,7.51801243564994,65
"68",2013,4,7.61965517241379,145,8.0530487804878,7.05555555555556,6.73076923076923,7.532,7.63791666666667,82,63,13,25,120,8396,4512,3884,817,2060,6336,7.51655768222963,8.02543484042553,6.92540069515963,7.03398518971848,7.50509854368932,7.52028334911616,66
"69",2013,5,7.60173611111111,144,8.05890410958904,7.13169014084507,6.97222222222222,7.26666666666667,7.68991228070175,73,71,18,30,114,8540,4585,3955,835,2090,6450,7.51799394613583,8.02596772082879,6.92910399494311,7.03265377245509,7.50167607655502,7.52328144186047,67
"70",2013,6,7.57352941176471,153,8.24264705882353,7.03823529411765,7.10526315789474,7.52258064516129,7.58647540983607,68,85,19,31,122,8693,4653,4040,854,2121,6572,7.51897139077419,8.02913432194283,6.93140007425743,7.03426920374707,7.50198161244696,7.52445454960438,68
"71",2013,7,7.41772486772487,189,7.90779816513761,6.75,7.91666666666667,7.01,7.49465408805031,109,80,18,30,159,8882,4762,4120,872,2151,6731,7.51681696689935,8.02635699286014,6.92787774271845,7.05248383027523,7.49511994421199,7.52375060169366,69
"72",2013,8,7.4405325443787,169,7.96931818181818,6.86604938271605,6.60833333333333,7.36346153846154,7.45454545454545,88,81,12,26,143,9051,4850,4201,884,2177,6874,7.51539258645453,8.02532206185567,6.92668562247084,7.04645463800905,7.49354754248966,7.52231092522549,70
"73",2013,9,7.56820652173913,184,7.97530864197531,7.24805825242718,7.54545454545455,7.6125,7.55888157894737,81,103,22,32,152,9235,4931,4304,906,2209,7026,7.51644486193828,8.02450050699656,6.93437646375465,7.05857163355409,7.49527071072884,7.52310209222887,71
"74",2013,10,7.40165217391304,184,7.95334065934066,6.86182795698925,6.93409090909091,7.31122222222222,7.42364864864865,91,93,22,36,148,9419,5022,4397,928,2245,7174,7.51420238878862,8.02321107128634,6.93284200591312,7.05562058189655,7.49231937639198,7.52105036241985,72
"75",2013,11,7.50076923076923,195,8.2185393258427,6.89811320754717,7.025,7.81052631578947,7.42579617834395,89,106,20,38,157,9614,5111,4503,948,2283,7331,7.51392992510921,8.0266124046175,6.93202449478126,7.05497457805907,7.49761585632939,7.51901040785705,73
"76",2013,12,7.33589743589744,195,8.12441860465116,6.71376146788991,7.225,7.25882352941176,7.35217391304348,86,109,20,34,161,9809,5197,4612,968,2317,7492,7.51039069222143,8.02823090244372,6.92686606678231,7.0584875,7.49411178247734,7.51542516017085,74
"77",2014,1,7.36940639269406,219,7.80423728813559,6.86138613861386,6.45714285714286,7.25714285714286,7.38586387434555,118,101,28,28,191,10028,5315,4713,996,2345,7683,7.50731175708017,8.02325794920038,6.92546282622534,7.04158222891566,7.49128230277186,7.51220425614994,75
"78",2014,2,7.49633507853403,191,8.12068965517241,6.97403846153846,6.63333333333333,7.36923076923077,7.51636363636364,87,104,21,26,165,10219,5402,4817,1017,2371,7848,7.50710659555729,8.02482710107368,6.92651158397343,7.0331523107178,7.48994390552509,7.51229170489297,76
"79",2014,3,7.40476190476191,147,7.73561643835616,7.07837837837838,6.40909090909091,7.87692307692308,7.30330578512397,73,74,11,26,121,10366,5475,4891,1028,2397,7969,7.50565524792591,8.02097095890411,6.92880930280107,7.02647461089494,7.49414142678348,7.50911849667461,77
"80",2014,4,7.49090909090909,143,7.96176470588235,7.064,7.38461538461539,7.5,7.4890756302521,68,75,13,24,119,10509,5543,4966,1041,2421,8088,7.50545459130269,8.02024463287029,6.93085104712042,7.03094707012488,7.49419950433705,7.50882360286845,78
"81",2014,5,7.27008928571429,112,7.78061224489796,6.87301587301587,7.02142857142857,6.9425,7.34130434782609,49,63,14,20,92,10621,5592,5029,1055,2441,8180,7.50297262969588,8.01814484978541,6.93012652614834,7.03082075829384,7.48967922982384,7.50693952322738,79
"82",2014,6,7.56732283464567,127,8.04921875,7.07777777777778,6.60625,7.10185185185185,7.693,64,63,16,27,100,10748,5656,5092,1071,2468,8280,7.50373300148865,8.01849646393211,6.93195331893166,7.02447796451914,7.48543638573744,7.50918663043478,80
"83",2014,7,7.48426136363636,176,7.77325581395349,7.20811111111111,7.60714285714286,7.5,7.48102739726027,86,90,21,30,146,10924,5742,5182,1092,2498,8426,7.50341928780666,8.01482340647858,6.9367495754535,7.03568305860806,7.48561128903122,7.508698706385,81
"84",2014,8,7.40466666666667,150,7.85632911392405,6.90211267605634,7.38461538461539,7.34090909090909,7.415625,79,71,13,22,128,11074,5821,5253,1105,2520,8554,7.50208165974354,8.01267239305961,6.93628142014088,7.03978814479638,7.48434801587301,7.50730597381342,82
"85",2014,9,7.34565789473684,152,7.82162162162162,6.89410256410256,6.86764705882353,7.11481481481481,7.39552,74,78,17,27,125,11226,5895,5331,1122,2547,8679,7.49996368252271,8.01027413061917,6.93566428437442,7.03717994652407,7.48043070278759,7.50569596727734,83
"86",2014,10,7.46780888888889,225,7.96754205607477,7.01466101694915,7.175,7.37785714285714,7.48059390862944,107,118,26,28,197,11451,6002,5449,1148,2575,8876,7.49933187494542,8.0095123292236,6.93737498623601,7.04030130662021,7.47931533980582,7.50513883506084,84
"87",2014,11,7.1796,175,7.64913580246914,6.775,6.53125,7.31621621621622,7.14297101449275,81,94,16,37,138,11626,6083,5543,1164,2612,9014,7.49451912093583,8.00471362814401,6.934621378315,7.03330403780069,7.4770049770291,7.49959422010206,85
"88",2014,12,7.39423076923077,208,7.98367346938775,6.86909090909091,6.66538461538462,7.34558823529412,7.40373563218391,98,110,26,34,174,11834,6181,5653,1190,2646,9188,7.49275640527294,8.00438003559295,6.93334624093402,7.02526546218488,7.47531632653061,7.49777887461907,86
"89",2015,1,7.54310559006211,322,7.99855263157895,7.13588235294118,7.26521739130435,7.17707317073171,7.59651245551601,152,170,23,41,281,12156,6333,5823,1213,2687,9469,7.49409010365251,8.00424017053529,6.93925919629057,7.02981525144271,7.47076553777447,7.50070887105291,87
"90",2015,2,7.56883248730964,197,7.96732673267327,7.14958333333333,6.76363636363636,7.85555555555556,7.52329411764706,101,96,22,27,170,12353,6434,5919,1235,2714,9639,7.4952820610378,8.00366070873485,6.94267043419497,7.02507360323887,7.47459358879882,7.501107199917,88
"91",2015,3,7.44588888888889,180,7.84494252873563,7.07258064516129,7.16,6.92,7.53070967741936,87,93,20,25,155,12533,6521,6012,1255,2739,9794,7.49457267214553,8.00154316822574,6.94468002328676,7.0272238247012,7.46953158086893,7.50157568919747,89
"92",2015,4,7.37335329341317,167,7.831875,6.95172413793103,7.09375,6.96190476190476,7.43253424657534,80,87,16,21,146,12700,6601,6099,1271,2760,9940,7.49297868503937,7.99948689592486,6.94478050500082,7.02806129032258,7.46566920289855,7.50056159959758,90
"93",2015,5,7.46790697674419,172,7.86926315789474,6.97272727272727,7.09285714285714,7.352,7.48761904761905,95,77,14,25,147,12872,6696,6176,1285,2785,10087,7.49264366842759,7.99763933691757,6.9451289345855,7.02876723735409,7.46464883303411,7.50037298503023,91
"94",2015,6,7.29919254658385,161,7.77258426966292,6.71402777777778,6.89166666666667,7.12758620689655,7.33689393939394,89,72,12,29,132,13033,6785,6248,1297,2814,10219,7.49025391697997,7.99468725128961,6.94246579705506,7.02749876638396,7.46117519545131,7.49826130736862,92
"95",2015,7,7.50314136125654,191,7.94329896907217,7.04893617021277,7.10869565217391,7.74864864864865,7.44415584415584,97,94,23,37,154,13224,6882,6342,1320,2851,10373,7.49044005595886,7.99396294681779,6.94404388205614,7.02891356060606,7.46490599789547,7.49745804492432,93
"96",2015,8,7.30640211640212,189,7.77860215053763,6.84895833333333,7.27619047619048,7.37958333333333,7.29575757575758,93,96,21,24,165,13413,6975,6438,1341,2875,10538,7.48784681279356,7.99109146953406,6.94262601739671,7.03278590604027,7.46419373913043,7.49429989561586,94
"97",2015,9,7.2514598540146,137,7.86865671641791,6.66071428571429,6.69,6.81875,7.34336283185841,67,70,20,24,113,13550,7042,6508,1361,2899,10651,7.48545677490775,7.98992658335701,6.93959377688999,7.02774864070536,7.45885029320455,7.49269855412637,95
"98",2015,10,7.35770491803279,183,7.86872093023256,6.90463917525773,7.14,7.57291666666667,7.32522012578616,86,97,20,24,159,13733,7128,6605,1381,2923,10810,7.4837544090876,7.98846422558923,6.93908043906132,7.02937429398986,7.45978686281218,7.49023518038853,96
"99",2015,11,7.31658914728682,258,7.87649572649573,6.85198581560284,7.07272727272727,7.11772727272727,7.35747663551402,117,141,33,44,214,13991,7245,6746,1414,2967,11024,7.48067181044957,7.98665603864735,6.93726005040024,7.0303860678925,7.45471418941692,7.48765804608128,97
"100",2015,12,7.37625454545455,275,7.84030303030303,6.9479020979021,6.79285714285714,6.85769230769231,7.46194915254237,132,143,21,39,236,14266,7377,6889,1435,3006,11260,7.47865900042058,7.9840372780263,6.93748095514589,7.0269100348432,7.44696839654025,7.48711920959147,98
"101",2016,1,7.54663461538462,312,8.046875,7.02006578947368,6.99473684210526,7.57352941176471,7.54334532374101,160,152,19,34,278,14578,7537,7041,1454,3040,11538,7.48011382219783,7.98537123523949,6.93926378355348,7.02648961485557,7.44838388157895,7.48847393829086,99
"102",2016,2,7.33070253807107,197,7.77284375,6.9104495049505,7.28888181818182,6.996216,7.37931976744186,96,101,22,25,172,14775,7633,7142,1476,3065,11710,7.47812167174281,7.98269828376785,6.93885630075609,7.0304006097561,7.44469572593801,7.48687064901793,100
"103",2016,3,7.46048034934498,229,7.90612244897959,7.12709923664122,7.03846153846154,7.38055555555556,7.47538860103627,98,131,26,36,193,15004,7731,7273,1502,3101,11903,7.47785241935484,7.98172759022119,6.94224689949127,7.03054014647137,7.44395111254434,7.48668447450223,101
"104",2016,4,7.43875536480687,233,7.8529702970297,7.12181818181818,7.068,7.29333333333333,7.46024630541872,101,132,25,30,203,15237,7832,7405,1527,3131,12106,7.47725455798385,7.98006716036773,6.94544790006753,7.03115343811395,7.44250795273076,7.48624114488683,102
"105",2016,5,7.51382978723404,188,7.940625,6.88486842105263,7.11764705882353,7.04,7.58650306748466,112,76,17,25,163,15425,7944,7481,1544,3156,12269,7.47770033711507,7.9795110775428,6.94483246892127,7.0321057642487,7.43931951837769,7.48757317629799,103
"106",2016,6,7.47809210526316,152,7.84959459459459,7.12564102564103,7.64,7.625,7.45835820895522,74,78,10,18,134,15577,8018,7559,1554,3174,12403,7.47770415997945,7.97831204789225,6.94669820082022,7.03601756756757,7.44037252678009,7.48725754253003,104
"107",2016,7,7.14470588235294,170,7.80886075949367,6.56813186813187,6.85,7.27,7.11785714285714,79,91,16,30,140,15747,8097,7650,1570,3204,12543,7.47410920810313,7.97665876250464,6.94219499346406,7.03412184713376,7.438777278402,7.48313444152117,105
"108",2016,8,7.20090163934426,244,7.68891666666667,6.72862903225806,6.96730769230769,7.11111111111111,7.21644230769231,120,124,26,36,208,15991,8217,7774,1596,3240,12751,7.46994044775186,7.97245661433614,6.93878848726525,7.03303339598997,7.43513654320988,7.47878404046741,106
"109",2016,9,7.28634146341463,205,7.9179347826087,6.77212389380531,7.3575,7.66842105263158,7.24731182795699,92,113,20,19,186,16196,8309,7887,1616,3259,12937,7.46761655346999,7.97185293055723,6.93640062127552,7.03704907178218,7.43649659404725,7.47545607946201,107
"110",2016,10,7.37542735042735,234,8.01016949152542,6.72974137931034,6.83333333333333,6.89428571428571,7.46005025125628,118,116,24,35,199,16430,8427,8003,1640,3294,13136,7.4663035727328,7.97238946244215,6.93340518555542,7.03406786585366,7.43073539769277,7.47522269336175,108
"111",2016,11,7.32067948717949,234,7.91202912621359,6.85572519083969,6.73684210526316,7.16666666666667,7.33828095238095,103,131,19,24,210,16664,8530,8134,1659,3318,13346,7.46425868338934,7.97166060961313,6.93215413080895,7.03066383363472,7.4288253164557,7.47306790798741,109
"112",2016,12,7.46887148594378,249,7.89035714285714,6.92751376146789,6.48947368421053,7.27997142857143,7.49976635514019,140,109,19,35,214,16913,8670,8243,1678,3353,13560,7.46432659492698,7.97034775086505,6.93209276962271,7.02453593563766,7.42727151804354,7.47348925516224,110
"113",2017,1,7.43617747440273,293,7.94285714285714,6.81818181818182,7.31,7.028125,7.48620689655172,161,132,20,32,261,17206,8831,8375,1698,3385,13821,7.46384724514704,7.96984656324312,6.93029739701493,7.02789829210836,7.42349819793205,7.47372941900007,111
"114",2017,2,7.35450643776824,233,7.81452380952381,6.81280373831776,7.07857142857143,7.08777777777778,7.38946601941748,126,107,14,27,206,17439,8957,8482,1712,3412,14027,7.46238635816274,7.96766160544826,6.92881522046688,7.02831267523364,7.42084155920281,7.47249192984957,112
"115",2017,3,7.4289592760181,221,7.9172131147541,6.82727272727273,6.73529411764706,7.49074074074074,7.42036082474227,122,99,17,27,194,17660,9079,8581,1729,3439,14221,7.46196804643262,7.96698369864523,6.92764371285398,7.02543163678427,7.42139034603082,7.47178076787849,113
"116",2017,4,7.44323529411765,238,7.85651162790698,6.95412844036697,6.96,7.30391304347826,7.45813953488372,129,109,20,23,215,17898,9208,8690,1749,3462,14436,7.46171894625098,7.96543603388358,6.92797591484465,7.02468341909663,7.42060987868284,7.47157760459961,114
"117",2017,5,7.39755102040816,245,7.89,6.88458333333333,6.92592592592593,7.4,7.39727272727273,125,120,27,25,220,18143,9333,8810,1776,3487,14656,7.4608524334454,7.96442569377478,6.92738486946652,7.02318203828829,7.42046211643246,7.47046222025109,115
"118",2017,6,7.49342995169082,207,7.98761904761905,6.98470588235294,7.40909090909091,7.41607142857143,7.50553072625698,105,102,11,28,179,18350,9438,8912,1787,3515,14835,7.46121992915531,7.96468372536555,6.92804092235189,7.02555752658086,7.42042714082504,7.47088535894843,116
"119",2017,7,7.52878787878788,231,8.03937007874016,6.90528846153846,7.245,7.490625,7.53492462311558,127,104,20,32,199,18581,9565,9016,1807,3547,15034,7.46205993757064,7.96567537898589,6.92777847160604,7.02798633093525,7.42106044544686,7.47173302514301,117
"120",2017,8,7.32255707762557,219,7.87100917431193,6.77909090909091,6.61666666666667,7.38,7.31515463917526,109,110,12,25,194,18800,9674,9126,1819,3572,15228,7.46043487765957,7.96460874508993,6.92598626999781,7.025272842221,7.42077306830907,7.46973826503809,118
"121",2017,9,7.18586854460094,213,7.9004854368932,6.51672727272727,6.79666666666667,6.55555555555556,7.27736559139785,103,110,18,27,186,19013,9777,9236,1837,3599,15414,7.45735894914006,7.9639332105963,6.92111202901689,7.02303282525857,7.41428213392609,7.46741691319579,119
"122",2017,10,7.29638554216867,249,7.92985074626866,6.55826086956522,6.65925925925926,7.215625,7.30829493087558,134,115,27,32,217,19262,9911,9351,1864,3631,15631,7.45527804485515,7.96347240439916,6.9166496310555,7.01776357296137,7.41253136876893,7.46520787537585,120
"123",2017,11,7.23807692307692,260,7.9219512195122,6.62408759124088,6.78958333333333,7.34677419354839,7.22336244541485,123,137,24,31,229,19522,10034,9488,1888,3662,15860,7.45238529351501,7.96296342435719,6.91242524241147,7.01486297669492,7.41197471327144,7.46171590794451,121
"124",2017,12,7.41639344262295,244,7.94884892086331,6.71152380952381,6.888,7.38794117647059,7.421,139,105,25,34,210,19766,10173,9593,1913,3696,16070,7.45194099463725,7.96277056915365,6.91022627957886,7.01320507056979,7.41175362554113,7.46118383945239,122
"125",2018,1,7.38474474474474,333,7.83964646464646,6.71755555555556,6.936,7.32386363636364,7.39401384083045,198,135,25,44,289,20099,10371,9728,1938,3740,16359,7.45082768794467,7.96041992093337,6.90755249794408,7.01220913312693,7.41071962566845,7.45999720643071,123
"126",2018,2,7.43703196347032,219,7.99639344262295,6.73350515463918,6.84814814814815,7.37885714285714,7.44809782608696,122,97,27,35,184,20318,10493,9825,1965,3775,16543,7.45067898907373,7.96083817783284,6.90583416793893,7.00995486005089,7.41042421192053,7.45986485522577,124
"127",2018,3,7.41527906103286,213,7.80094578512397,6.90804347826087,6.75,7.02181818181818,7.48741355555556,121,92,14,33,180,20531,10614,9917,1979,3808,16723,7.4503117305538,7.95901539853025,6.90585466370878,7.00811586659929,7.40705656512605,7.46016137893918,125
"128",2018,4,7.32829896907216,194,7.81461538461538,6.76633333333333,6.88058823529412,7.10576923076923,7.36273809523809,104,90,17,26,168,20725,10718,10007,1996,3834,16891,7.44916960868516,7.95761424146296,6.90459985010493,7.00702970941884,7.40501340636411,7.45919239476644,126
"129",2018,5,7.47907692307692,195,7.98690721649485,6.97642857142857,6.3875,7.404,7.49011764705882,97,98,16,25,170,20920,10815,10105,2012,3859,17061,7.44944838145315,7.95787697087379,6.90529645719941,7.00210303180914,7.40500684115056,7.45950054158607,127
"130",2018,6,7.32005263157895,190,7.90315789473684,6.73694736842105,7.21875,7.40434782608696,7.30844311377246,95,95,16,23,167,21110,10910,10200,2028,3882,17228,7.44828375840834,7.95740049862512,6.9037285,7.00381227810651,7.4050029366306,7.45803626306013,128
"131",2018,7,7.22222222222222,180,8.01630434782609,6.39204545454545,6.06666666666667,7.44848484848485,7.17142857142857,92,88,12,33,147,21290,11002,10288,2040,3915,17375,7.44637248191639,7.95789305944374,6.89935173989114,6.99829965686274,7.40536945083014,7.45561143827338,129
"132",2018,8,7.34639069767442,215,7.80299130434783,6.8213,7.00588235294118,7.51176470588235,7.33219191919192,115,100,17,17,198,21505,11117,10388,2057,3932,17573,7.44537289653569,7.95629067554196,6.89860037543319,6.99836232377248,7.40582945066124,7.45422083537244,130
"133",2018,9,7.11870786516854,178,7.89559523809524,6.42446808510638,6.35,7.23333333333333,7.0982119205298,84,94,19,27,151,21683,11201,10482,2076,3959,17724,7.44269123921966,7.95583550040175,6.89434847357375,6.99242837186898,7.4046530436979,7.45118780974949,131
"134",2018,10,7.32417021276596,235,7.84338709677419,6.74414414414414,6.44210526315789,7.54285714285714,7.29458937198068,124,111,19,28,207,21918,11325,10593,2095,3987,17931,7.44142048270828,7.95460427726269,6.89277453979043,6.98743737470167,7.40562362678706,7.44937999776923,132
"135",2018,11,7.25762790697674,215,7.82233644859813,6.69814814814815,6.60434782608696,6.95416666666667,7.29575916230367,107,108,23,24,191,22133,11432,10701,2118,4011,18122,7.43963512131207,7.95336629111267,6.89081027006822,6.98327728989613,7.4029223136375,7.44776088400839,133
"136",2018,12,7.23560824786325,234,7.75678114503817,6.5727572815534,6.72727272727273,7.14013157894737,7.25411903061224,131,103,22,38,196,22367,11563,10804,2140,4049,18318,7.43750062458085,7.9511391308484,6.88777810995928,6.98064546728972,7.40045601383058,7.44568894366197,134
"137",2019,1,7.26660777385159,283,7.75817567567568,6.7277037037037,6.53571428571429,6.92285714285714,7.31512096774194,148,135,28,35,248,22650,11711,10939,2168,4084,18566,7.43536540706402,7.94870051831612,6.88580260535698,6.97489912361624,7.39636297747307,7.44394484918668,135
"138",2019,2,7.27230769230769,221,7.71736,6.6928125,6.72681818181818,7.03653846153846,7.30374358974359,125,96,22,26,195,22871,11836,11035,2190,4110,18761,7.43378979799746,7.946257331024,6.88412367014046,6.97240698630137,7.39408671532847,7.44248761100155,136
"139",2019,3,7.07995575221239,226,7.66019417475728,6.59406504065041,6.53846153846154,7.27142857142857,7.04486910994764,103,123,26,35,191,23097,11939,11158,2216,4145,18952,7.4303275953587,7.94378941033588,6.88092621437534,6.96731556859206,7.39305100120627,7.43848037515829,137
"140",2019,4,7.27938272727273,198,7.84564721649485,6.73554455445545,6.74347826086957,7.60111111111111,7.2078875308642,97,101,23,36,162,23295,12036,11259,2239,4181,19114,7.42904461257781,7.94299846709871,6.87962205346834,6.96501621259491,7.39484247787611,7.43652599403578,138
"141",2019,5,7.23821229050279,179,7.88021276595745,6.52823529411765,6.23529411764706,7.16086956521739,7.24961538461538,94,85,17,23,156,23474,12130,11344,2256,4204,19270,7.42758942872966,7.94251191673537,6.87698913081806,6.95951742021276,7.39356241674596,7.4350128619616,139
"142",2019,6,7.44410120418848,191,7.98435084210526,6.90947916666667,6.27157894736842,7.23333333333333,7.47013723529412,95,96,19,21,170,23665,12225,11440,2275,4225,19440,7.42772269511938,7.94283704539878,6.87726177447553,6.953772,7.39276601183432,7.43532001954732,140
"143",2019,7,7.27347058823529,170,7.77831460674157,6.71876543209877,6.76363636363636,6.81909090909091,7.34101351351351,89,81,11,22,148,23835,12314,11521,2286,4247,19588,7.42662251227187,7.94164795192464,6.87614744379828,6.95285708661417,7.38979430186014,7.43460747294262,141
"144",2019,8,7.25377491452991,234,7.90309278350515,6.79403890510949,6.63888888888889,7.44846153846154,7.22943908653846,97,137,18,26,208,24069,12411,11658,2304,4273,19796,7.42494207943828,7.94134661832246,6.87518253817121,6.95040421006944,7.3901512754505,7.43245173317842,142
"145",2019,9,7.32727272727273,187,7.78959595959596,6.80715909090909,6.38461538461539,7.24857142857143,7.33722891566265,99,88,13,21,166,24256,12510,11746,2317,4294,19962,7.42418910413918,7.94014571382894,6.87467291248085,6.94722973672853,7.38945887284583,7.43165987927061,143
"146",2019,10,7.24495067264574,223,7.70763636363636,6.69607843137255,7.16315789473684,6.77626086956522,7.29885,121,102,19,23,200,24479,12631,11848,2336,4317,20162,7.42255626904694,7.93791836592511,6.87313538403106,6.94898600171233,7.38619189251795,7.4303424516417,144
"147",2019,11,7.41277533039648,227,7.80583333333333,6.97196261682243,7.135,7.46363636363636,7.40731707317073,120,107,20,22,205,24706,12751,11955,2356,4339,20367,7.42246640127904,7.93667531017175,6.8740199104977,6.95056506791171,7.38658455865407,7.43011069426032,145
"148",2019,12,7.3173875877193,228,7.79812992063492,6.72352941176471,6.64375,7.01578947368421,7.34480559808612,126,102,16,19,209,24934,12877,12057,2372,4358,20576,7.42150554584102,7.93531965908209,6.87274678858754,6.94849548903878,7.38496796695732,7.42924421073095,146
"149",2020,1,7.3160006162465,357,7.81372278350515,6.72361963190184,6.39655172413793,7.54083333333333,7.29078573208723,194,163,29,36,321,25291,13071,12220,2401,4394,20897,7.4200162706101,7.93351491622676,6.87075761292963,6.94182894627239,7.3862449704142,7.42711734220223,147
"150",2020,2,7.25090387096774,248,7.76842870229008,6.67145299145299,7.0416,7.082,7.26983928251121,131,117,25,25,223,25539,13202,12337,2426,4419,21120,7.41837408120913,7.93187680881685,6.86886747426441,6.94285708985985,7.38452373840235,7.42545668844697,148
"151",2020,3,7.19701570680628,191,7.56553398058252,6.76568181818182,6.0875,6.96538461538462,7.23351515151515,103,88,16,26,165,25730,13305,12425,2442,4445,21285,7.41673088457054,7.92904078391582,6.86813666237425,6.93725278460278,7.38207208098988,7.42396876955602,149
"152",2020,4,7.45413545454545,187,7.80071428571429,6.93657773333333,6.28571428571429,7.18333333333333,7.50588108280255,112,75,14,30,157,25917,13417,12500,2456,4475,21442,7.41700077130841,7.92796956324067,6.8685473088,6.9335388029316,7.38073975418994,7.42456853791624,150
"153",2020,5,7.32174876847291,203,7.84473684210526,6.65185393258427,6.39613636363636,7.61818181818182,7.2857182320442,114,89,22,22,181,26120,13531,12589,2478,4497,21623,7.4162604896631,7.92726831941468,6.86701535944078,6.92876767554479,7.38190135645986,7.42340626138834,151
"154",2020,6,7.36578252688172,186,7.79906542056075,6.77893101265823,6.76814777777778,6.76,7.45984813664596,107,79,9,25,161,26306,13638,12668,2487,4522,21784,7.41590357865126,7.92626247470304,6.8664660491001,6.92818642139123,7.37846315789474,7.42367559401395,152
"155",2020,7,7.22558139534884,172,7.70247524752475,6.54718309859155,6.62666666666667,7.408,7.19455782312925,101,71,15,25,147,26478,13739,12739,2502,4547,21931,7.414667253569,7.92461733968994,6.86468654603972,6.9263787490008,7.37862555531119,7.42213985408782,153
"156",2020,8,7.27224726368159,201,7.74749279279279,6.68611111111111,6.26388888888889,7.42857142857143,7.24694624277457,111,90,18,28,173,26679,13850,12829,2520,4575,22104,7.41359425915514,7.92319778555957,6.86343377582041,6.92164667857143,7.37893123497268,7.4207686771625,154
"157",2020,9,7.3356,200,7.9581308411215,6.61935483870968,6.64807692307692,7.60416666666667,7.29897727272727,107,93,26,24,176,26879,13957,12922,2546,4599,22280,7.41301392313702,7.92346559647489,6.86167713279678,6.91885295758052,7.38010663187649,7.41980659066427,155
"158",2020,10,7.29284924623116,199,7.78943243243243,6.66647727272727,6.53181818181818,7.01875,7.31681420765027,111,88,22,16,183,27078,14068,13010,2568,4615,22463,7.41213081616072,7.92240804165482,6.86035679554189,6.91553723909657,7.37885382448537,7.41896753950942,156
"159",2020,11,7.02657480314961,254,7.48638888888889,6.42463636363636,6.61384615384615,6.66071428571429,7.07190265486726,144,110,26,28,226,27332,14212,13120,2594,4643,22689,7.40854779159959,7.91799017238953,6.85670365167683,6.91251335003855,7.37452302390696,7.41551050464983,157
"160",2020,12,7.28365079365079,252,7.81287671232877,6.55471698113208,6.28125,7.27153846153846,7.28504424778761,146,106,16,26,226,27584,14358,13226,2610,4669,22915,7.4074067662413,7.91692132121465,6.85428337441404,6.90864353639847,7.37394953951596,7.41422377656557,158
"161",2021,1,7.35709150326797,306,7.80966666666667,6.71055555555556,6.4625,7.05428571428571,7.38758992805755,180,126,32,28,278,27890,14538,13352,2642,4697,23193,7.40685472355683,7.9155933642867,6.85292704538646,6.90323982967449,7.3720439429423,7.41390453326435,159
"162",2021,2,7.19331983805668,247,7.58614864864865,6.60606060606061,6.6125,7.19333333333333,7.19331797235023,148,99,24,30,217,28137,14686,13451,2666,4727,23410,7.40498021253154,7.91227334400109,6.85111009664709,6.90062251687922,7.37090975248572,7.41185979666809,160
"163",2021,3,7.20437134715026,193,7.54934198275862,6.68467532467532,6.82857142857143,7.13128571428571,7.21329459302326,116,77,14,21,172,28330,14802,13528,2680,4748,23582,7.40361355135899,7.90942913119849,6.85016276685394,6.90024613059701,7.369849915754,7.4104115219235,161
"164",2021,4,7.38295774647887,213,7.65725663716814,7.073,6.725,6.31785714285714,7.54416216216216,113,100,24,28,185,28543,14915,13628,2704,4776,23767,7.40345940896192,7.90751860543078,6.85179790945113,6.89869069156805,7.36368245393635,7.41145262380612,162
"165",2021,5,7.17405,200,7.62761467889908,6.63076923076923,6.36,7.51347826086957,7.12994350282486,109,91,14,23,177,28743,15024,13719,2718,4799,23944,7.40186312876179,7.90548788604899,6.85033179604928,6.89591597866078,7.36440037507814,7.40937163840628,163
"166",2021,6,7.10066225165563,151,7.5724358974359,6.59657534246575,7.00227272727273,7.40277777777778,7.05977443609023,78,73,22,18,133,28894,15102,13792,2740,4817,24077,7.4002890534367,7.90376771288571,6.84898868256961,6.8967699379562,7.3645437824372,7.4074404830336,164
"167",2021,7,7.013125,176,7.73380952380952,6.35510869565217,6.6,7.4,6.97708074534162,84,92,16,15,161,29070,15186,13884,2756,4832,24238,7.39794502614379,7.90282760437245,6.84571606957649,6.89504703555878,7.36465384933775,7.40458183472234,165
"168",2021,8,7.39148596385542,166,7.92940078651685,6.76974025974026,6.08888888888889,7.39565217391304,7.39081587412587,89,77,18,23,143,29236,15275,13961,2774,4855,24381,7.39790835203174,7.90298243338789,6.84529703531266,6.88981601658255,7.36480070030896,7.40450109429474,166
"169",2021,9,7.28365714285714,175,7.88630434782609,6.61566265060241,6.19230769230769,7.44583333333333,7.27171779141104,92,83,13,12,163,29411,15367,14044,2787,4867,24544,7.39722853966203,7.90288258410881,6.84393989675306,6.8865624793685,7.36500049311691,7.40361926254889,167
"170",2021,10,6.95916241025641,195,7.45914092783505,6.46428571428571,5.77826086956522,5.965,7.07278097142857,97,98,23,20,175,29606,15464,14142,2810,4887,24719,7.39434321590219,7.90009915545784,6.84130900226277,6.87749097153025,7.35927100470636,7.4012770682471,168
"171",2021,11,6.96972972972973,185,7.5775,6.50666666666667,5.82,6.7,7.00993788819876,80,105,20,24,161,29791,15544,14247,2830,4911,24880,7.39170639622705,7.89843884071024,6.83884269740998,6.87001753710247,7.35604915495826,7.39874468850483,169
"172",2021,12,7.24837837837838,259,7.75666666666667,6.72007874015748,6.32894736842105,7.65576923076923,7.20291845493562,132,127,19,26,233,30050,15676,14374,2849,4937,25113,7.39047105657238,7.89724504593009,6.83779337066927,6.86640913653914,7.35762758760381,7.39692780034245,170
"173",2022,1,7.09261012755102,392,7.66676438423645,6.47592592592593,6.07272727272727,7.19393939393939,7.08329573816156,203,189,22,33,359,30442,15879,14563,2871,4970,25472,7.38663551737731,7.89429853958058,6.83309702053149,6.86032728317659,7.35654072434608,7.39250749921483,171
"174",2022,2,6.95360824742268,194,7.50380434782609,6.45735294117647,6.52777777777778,7.13421052631579,6.934,92,102,18,19,175,30636,15971,14665,2889,4989,25647,7.38389340710276,7.89204912090664,6.83048359427208,6.8582553236414,7.35569400681499,7.38937891449293,172
"175",2022,3,7.22165963157895,190,7.73554166666667,6.69684393617021,6.61538461538461,7.27135483870968,7.21197062893082,96,94,13,31,159,30826,16067,14759,2902,5020,25806,7.38289345844417,7.89111399203336,6.82963244393252,6.85716734321158,7.355173187251,7.38828583856468,173
"176",2022,4,7.17730964467005,197,7.6909375,6.68910891089109,6.6,7.33055555555556,7.16189944134078,96,101,16,18,179,31023,16163,14860,2918,5038,25985,7.38158797505077,7.88992504547423,6.82867733781965,6.85575724126114,7.35508523223501,7.38672635558977,174
"177",2022,5,7.17392105263158,190,7.72552083333333,6.61058510638298,6.49166666666667,7.79285714285714,7.1246875,96,94,12,14,176,31213,16259,14954,2930,5052,26161,7.38032386345433,7.88895433359985,6.82730642236191,6.85426608532423,7.35629837688044,7.38496347043309,175
"178",2022,6,6.89650314465409,159,7.38986486486487,6.46698823529412,6.85555555555556,6.90666666666667,6.89544444444444,74,85,18,15,144,31372,16333,15039,2948,5067,26305,7.37787175666199,7.88669310659401,6.82526991422302,6.85427395861601,7.35496731793961,7.38228372362669,176
"179",2022,7,6.9251724137931,174,7.335,6.5763829787234,6.36111111111111,6.48260869565217,6.99258278145695,80,94,18,23,151,31546,16413,15133,2966,5090,26456,7.37537477810182,7.88400405227564,6.82372393048305,6.85128106203641,7.35102542239686,7.38005947044149,177
"180",2022,8,7.04315270935961,203,7.52299065420561,6.50833333333333,6.00769230769231,7.05954545454545,7.04116022099447,107,96,13,22,181,31749,16520,15229,2979,5112,26637,7.37325058269552,7.88166576937046,6.82173578304551,6.847599741524,7.34977100938967,7.37775662987574,178
"181",2022,9,7.2781270718232,181,7.75084146341463,6.88658585858586,6.5,6.63347058823529,7.3449512195122,82,99,14,17,164,31930,16602,15328,2993,5129,26801,7.37271136078923,7.8810196066739,6.82215463465554,6.84597381556966,7.34739684148957,7.37755588784001,179
"182",2022,10,7.19222222222222,180,7.65368421052632,6.67647058823529,6.32307692307692,7.5,7.17411764705882,95,85,13,10,170,32110,16697,15413,3006,5139,26971,7.37169958735597,7.87972614900881,6.82135121261273,6.84371245176314,7.34769379256665,7.37627360312929,180
"183",2022,11,6.91722448979592,196,7.54955102040816,6.28489795918367,6.06666666666667,6.94166666666667,6.91381395348837,98,98,18,24,172,32306,16795,15511,3024,5163,27143,7.36894229400112,7.87779955403394,6.81796184901038,6.8390871792328,7.34580639163277,7.37334308477324,181
"184",2022,12,7.20964912280702,228,7.81991525423729,6.555,6.77857142857143,7.422,7.18349753694581,118,110,14,25,203,32534,16913,15621,3038,5188,27346,7.36782595899674,7.87739570212263,6.81611012355163,6.83880830480579,7.34617355435621,7.37193378739121,182
