"","year","month","avg_rating","no_ratings","avg_rating_owned","avg_rating_not_owned","avg_rating_prev_owned","avg_rating_comment","avg_rating_no_comment","no_ratings_owned","no_ratings_not_owned","no_ratings_prev_owned","no_ratings_comment","no_ratings_no_comment","cum_no_ratings","cum_no_ratings_owned","cum_no_ratings_not_owned","cum_no_ratings_prev_owned","cum_no_ratings_comment","cum_no_ratings_no_comment","cum_avg_rating","cum_avg_rating_owned","cum_avg_rating_not_owned","cum_avg_rating_prev_owned","cum_avg_rating_comment","cum_avg_rating_no_comment","month_after_release"
"1",2007,10,9.53333333333333,3,9.3,10,NA,9.5,9.6,2,1,0,2,1,3,2,1,0,2,1,9.53333333333333,9.3,10,NA,9.5,9.6,0
"2",2007,11,7.39285714285714,14,8.25,7.05,NA,7.35714285714286,7.42857142857143,4,10,0,7,7,17,6,11,0,9,8,7.77058823529412,8.6,7.31818181818182,NA,7.83333333333333,7.7,1
"3",2007,12,7.25,12,7.66666666666667,6.83333333333333,NA,7.2,7.28571428571429,6,6,0,5,7,29,12,17,0,14,15,7.5551724137931,8.13333333333333,7.14705882352941,NA,7.60714285714286,7.50666666666667,2
"4",2008,1,7.16666666666667,12,8.125,6.6875,NA,8.25,6.95,4,8,0,2,10,41,16,25,0,16,25,7.44146341463415,8.13125,7,NA,7.6875,7.284,3
"5",2008,2,6.88461538461539,13,6,7.04545454545455,NA,7.08333333333333,6.71428571428571,2,11,0,6,7,54,18,36,0,22,32,7.30740740740741,7.89444444444444,7.01388888888889,NA,7.52272727272727,7.159375,4
"6",2008,3,6.29166666666667,12,7.5,5.88888888888889,8,6.0625,6.75,3,9,1,8,4,66,21,45,1,30,36,7.12272727272727,7.83809523809524,6.78888888888889,8,7.13333333333333,7.11388888888889,5
"7",2008,4,7.57142857142857,7,9,7.33333333333333,NA,8.33333333333333,7,1,6,0,3,4,73,22,51,1,33,40,7.16575342465753,7.89090909090909,6.85294117647059,8,7.24242424242424,7.1025,6
"8",2008,5,7.28461538461538,13,8.4,6.5875,NA,6.94,7.5,5,8,0,5,8,86,27,59,1,38,48,7.18372093023256,7.98518518518518,6.81694915254237,8,7.20263157894737,7.16875,7
"9",2008,6,7.25,6,NA,7.25,NA,8,6.875,0,6,0,2,4,92,27,65,1,40,52,7.18804347826087,7.98518518518518,6.85692307692308,8,7.2425,7.14615384615385,8
"10",2008,7,6.33333333333333,6,9,5,NA,5.75,7.5,2,4,0,4,2,98,29,69,1,44,54,7.13571428571429,8.0551724137931,6.74927536231884,8,7.10681818181818,7.15925925925926,9
"11",2008,8,7.91666666666667,6,8.33333333333333,7.5,NA,7.83333333333333,8,3,3,0,3,3,104,32,72,1,47,57,7.18076923076923,8.08125,6.78055555555556,8,7.1531914893617,7.20350877192983,10
"12",2008,9,6.9,5,8.25,6,NA,6.375,9,2,3,0,4,1,109,34,75,1,51,58,7.16788990825688,8.09117647058824,6.74933333333333,8,7.0921568627451,7.23448275862069,11
"13",2008,10,7.34117647058823,34,8.17307692307692,6.82619047619048,8,7.5,7.24285714285714,13,21,2,13,21,143,47,96,3,64,79,7.20909090909091,8.11382978723404,6.76614583333333,8,7.175,7.23670886075949,12
"14",2008,11,7.40338983050847,59,7.84642857142857,7.00322580645161,7,7.17115384615385,7.58636363636364,28,31,1,26,33,202,75,127,4,90,112,7.26584158415842,8.014,6.8240157480315,7.75,7.17388888888889,7.33973214285714,13
"15",2008,12,7.29454545454545,55,8.09,6.34,8,7.61764705882353,7.15,30,25,1,17,38,257,105,152,5,107,150,7.27198443579767,8.03571428571429,6.74440789473684,7.8,7.24439252336449,7.29166666666667,14
"16",2009,1,7.42037037037037,108,8.13666666666667,6.90873015873016,7.83333333333333,7.44473684210526,7.40714285714286,45,63,12,38,70,365,150,215,17,145,220,7.3158904109589,8.066,6.79255813953488,7.82352941176471,7.29689655172414,7.32840909090909,15
"17",2009,2,7.23012048192771,83,7.98235294117647,6.70816326530612,7.27777777777778,7.125,7.2728813559322,34,49,9,24,59,448,184,264,26,169,279,7.3,8.05054347826087,6.77689393939394,7.63461538461539,7.27248520710059,7.31666666666667,16
"18",2009,3,7.45530973451327,113,8.11382978723404,6.98636363636364,7.61538461538461,7.71470588235294,7.34367088607595,47,66,13,34,79,561,231,330,39,203,358,7.33128342245989,8.06341991341991,6.81878787878788,7.62820512820513,7.34655172413793,7.32262569832402,17
"19",2009,4,7.37047619047619,105,7.87142857142857,7.03650793650794,7.38666666666667,7.48333333333333,7.33703703703704,42,63,15,24,81,666,273,393,54,227,439,7.33746246246246,8.03388278388278,6.85368956743003,7.56111111111111,7.36101321585903,7.325284738041,18
"20",2009,5,7.41791666666667,120,8.043,6.97142857142857,7.46428571428571,7.58255813953488,7.32597402597403,50,70,14,43,77,786,323,463,68,270,516,7.34974554707379,8.03529411764706,6.87149028077754,7.54117647058823,7.3962962962963,7.32538759689923,19
"21",2009,6,7.2878640776699,103,7.83111111111111,6.86637931034483,7.5,7.23,7.31164383561644,45,58,6,30,73,889,368,521,74,300,589,7.342575928009,8.01032608695652,6.87092130518234,7.53783783783784,7.37966666666667,7.32368421052632,20
"22",2009,7,7.53539325842697,89,8.27941176470588,7.07545454545455,7.375,7.48148148148148,7.55887096774194,34,55,8,27,62,978,402,576,82,327,651,7.3601226993865,8.03308457711443,6.89045138888889,7.52195121951219,7.38807339449541,7.34608294930875,21
"23",2009,8,7.091875,80,7.84375,6.590625,7.21875,7.21034482758621,7.02450980392157,32,48,8,29,51,1058,434,624,90,356,702,7.3398393194707,8.01912442396313,6.86738782051282,7.495,7.37359550561798,7.3227207977208,22
"24",2009,9,7.39081632653061,98,7.89150943396226,6.80111111111111,6.74285714285714,7.51666666666667,7.33529411764706,53,45,14,30,68,1156,487,669,104,386,770,7.34416089965398,8.00523613963039,6.86292974588939,7.39375,7.38471502590673,7.32383116883117,23
"25",2009,10,7.4787037037037,108,7.78804347826087,7.2491935483871,7.30555555555556,7.74074074074074,7.39135802469136,46,62,18,27,81,1264,533,731,122,413,851,7.35565664556962,7.98649155722326,6.89569083447333,7.38073770491803,7.40799031476997,7.33025851938895,24
"26",2009,11,7.21883928571429,112,7.69803921568627,6.81819672131148,7.05,7.75035714285714,7.04166666666667,51,61,16,28,84,1376,584,792,138,441,935,7.34452034883721,7.96130136986301,6.88972222222222,7.34239130434783,7.42972789115646,7.30433155080214,25
"27",2009,12,7.2665,100,7.94230769230769,6.8344262295082,6.97647058823529,7.7625,7.07361111111111,39,61,17,28,72,1476,623,853,155,469,1007,7.33923441734417,7.96011235955056,6.88576787807737,7.30225806451613,7.44959488272921,7.28783515392254,26
"28",2010,1,7.46981132075472,106,7.85,7.1037037037037,7.29444444444444,7.692,7.40123456790123,52,54,18,25,81,1582,675,907,173,494,1088,7.34798356510746,7.95162962962963,6.89874310915105,7.3014450867052,7.46186234817814,7.29627757352941,27
"29",2010,2,7.48908045977011,87,8.01891891891892,7.097,7.1875,7.61,7.45298507462687,37,50,12,20,67,1669,712,957,185,514,1155,7.35533852606351,7.95512640449438,6.9091013584117,7.29405405405405,7.46762645914397,7.30536796536796,28
"30",2010,3,7.28985507246377,69,8.248,6.74545454545455,7.07272727272727,7.37142857142857,7.26909090909091,25,44,11,14,55,1738,737,1001,196,528,1210,7.35273878020713,7.96506105834464,6.90190809190809,7.28163265306122,7.46507575757576,7.30371900826446,29
"31",2010,4,7.24326923076923,52,7.986,6.55555555555556,7.375,7.84583333333333,7.0625,25,27,4,12,40,1790,762,1028,200,540,1250,7.34955865921788,7.96574803149606,6.89281128404669,7.2835,7.47353703703704,7.296,30
"32",2010,5,7.26603773584906,53,7.75,7.01714285714286,7,7.415,7.17575757575758,18,35,8,20,33,1843,780,1063,208,560,1283,7.34715680954965,7.96076923076923,6.89690498588899,7.27259615384615,7.47144642857143,7.29290724863601,31
"33",2010,6,7.20952380952381,42,7.78,6.89259259259259,7.55,7.25,7.2,15,27,2,8,34,1885,795,1090,210,568,1317,7.34409018567639,7.95735849056604,6.89679816513762,7.27523809523809,7.46832746478873,7.29050873196659,32
"34",2010,7,7.28770491803279,61,7.84565217391304,6.95,7.25,7.31666666666667,7.27826086956522,23,38,12,15,46,1946,818,1128,222,583,1363,7.34232271325796,7.95421760391198,6.89859042553192,7.27387387387387,7.46442538593482,7.29009537784299,33
"35",2010,8,7.42142857142857,63,7.902,7.10526315789474,7.85555555555556,7.42692307692308,7.41756756756757,25,38,9,26,37,2009,843,1166,231,609,1400,7.34480338476854,7.95266903914591,6.90532590051458,7.2965367965368,7.46282430213465,7.29346428571428,34
"36",2010,9,7.15409836065574,61,7.6551724137931,6.7,6.71428571428571,7.04666666666667,7.18913043478261,29,32,7,15,46,2070,872,1198,238,624,1446,7.33918357487922,7.9427752293578,6.89984140233723,7.27941176470588,7.45282051282051,7.29014522821577,35
"37",2010,10,7.25263157894737,57,7.87619047619048,6.88888888888889,7.2,7.9625,6.97560975609756,21,36,5,16,41,2127,893,1234,243,640,1487,7.33686412787964,7.94120940649496,6.89952188006483,7.27777777777778,7.4655625,7.28147276395427,36
"38",2010,11,7.11463414634146,82,7.65588235294118,6.73125,6.67857142857143,7.21428571428571,7.08032786885246,34,48,14,21,61,2209,927,1282,257,661,1548,7.32861475780896,7.93074433656958,6.89322152886116,7.24513618677043,7.45757942511346,7.2735465116279,37
"39",2010,12,7.02826086956522,69,8.00645161290323,6.23026315789474,7.7,6.90789473684211,7.074,31,38,5,19,50,2278,958,1320,262,680,1598,7.31951712028095,7.93319415448852,6.87413636363637,7.25381679389313,7.44222058823529,7.26730287859825,38
"40",2011,1,7.38269230769231,78,7.871875,7.04239130434783,6.78,7.38529411764706,7.38196721311475,32,46,10,17,61,2356,990,1366,272,697,1659,7.32160865874363,7.93121212121212,6.87980234260615,7.23639705882353,7.44083213773314,7.27151898734177,39
"41",2011,2,6.87083333333333,48,7.75,6.57777777777778,5.8,6.8,6.89714285714286,12,36,10,13,35,2404,1002,1402,282,710,1694,7.3126081530782,7.92904191616766,6.87204707560628,7.1854609929078,7.42909859154929,7.2637839433294,40
"42",2011,3,7.07618181818182,55,7.45730769230769,6.73448275862069,6.7,7.42666666666667,6.94475,26,29,4,15,40,2459,1028,1431,286,725,1734,7.30732004880032,7.91711089494163,6.86925925925926,7.17867132867133,7.42904827586207,7.25642445213379,41
"43",2011,4,7.27169811320755,53,7.875,6.77241379310345,6.9,7.55714285714286,7.16923076923077,24,29,5,14,39,2512,1052,1460,291,739,1773,7.30656847133758,7.91615019011407,6.86733561643836,7.17388316151203,7.4314749661705,7.25450648618161,42
"44",2011,5,6.97444444444444,45,7.28947368421053,6.74423076923077,6.8,7.38636363636364,6.84117647058823,19,26,6,11,34,2557,1071,1486,297,750,1807,7.30072350410637,7.90503267973856,6.86518169582773,7.16632996632997,7.43081333333333,7.24672938572219,43
"45",2011,6,7.01973684210526,38,7.65384615384615,6.69,7.05555555555556,7.04545454545455,7.00925925925926,13,25,9,11,27,2595,1084,1511,306,761,1834,7.29660886319845,7.90202029520295,6.86228325612178,7.16307189542484,7.42524310118265,7.24323336968375,44
"46",2011,7,7.13285882352941,34,7.83333333333333,6.75078181818182,7,7.00215,7.17307692307692,12,22,3,8,26,2629,1096,1533,309,769,1860,7.29449113731456,7.90126824817518,6.86068310502283,7.16148867313916,7.42084161248374,7.24225268817204,45
"47",2011,8,7.259,50,7.7375,6.94,7.06666666666667,7.15384615384615,7.29594594594595,20,30,12,13,37,2679,1116,1563,321,782,1897,7.29382874206793,7.89833333333333,6.86220550223929,7.15794392523365,7.41640306905371,7.24329994728519,46
"48",2011,9,7.2702380952381,42,8.28666666666667,6.70555555555556,6.98181818181818,7.06666666666667,7.38333333333333,15,27,11,15,27,2721,1131,1590,332,797,1924,7.29346460859978,7.90348364279399,6.85954540880503,7.15210843373494,7.40982082810539,7.24526507276507,47
"49",2011,10,7.1,52,7.46,6.76666666666667,7.6,6.875,7.1675,25,27,5,12,40,2773,1156,1617,337,809,1964,7.28983671114316,7.89389273356401,6.85799455782313,7.15875370919881,7.40188776266996,7.24368126272912,48
"50",2011,11,7.1258064516129,62,7.55294117647059,6.60714285714286,6.77,6.91428571428571,7.23414634146341,34,28,10,21,41,2835,1190,1645,347,830,2005,7.28624945326278,7.8841512605042,6.85372474164134,7.14755043227666,7.38955084337349,7.24348628428928,49
"51",2011,12,7.25625,48,8.04090909090909,6.59230769230769,6.27142857142857,7.17058823529412,7.30322580645161,22,26,7,17,31,2883,1212,1671,354,847,2036,7.28574998265695,7.88699669966996,6.84965721125075,7.13022598870057,7.38515608028335,7.24439587426326,50
"52",2012,1,6.94848484848485,66,7.15454545454545,6.74242424242424,7.11666666666667,6.62222222222222,7.07083333333333,33,33,6,18,48,2949,1245,1704,360,865,2084,7.27820183112919,7.86758232931727,6.84758051643193,7.13,7.36928,7.24039827255278,51
"53",2012,2,6.82127659574468,47,7.53125,6.45483870967742,6.33333333333333,7.4375,6.6948717948718,16,31,6,8,39,2996,1261,1735,366,873,2123,7.27103377837116,7.86331482950039,6.84056322766571,7.11693989071038,7.36990515463917,7.23037682524729,52
"54",2012,3,7.28571428571429,28,7.58,6.94615384615385,7.375,7.16666666666667,7.31818181818182,15,13,4,6,22,3024,1276,1748,370,879,2145,7.2711697089947,7.85998432601881,6.84134851258581,7.11972972972973,7.36851786120591,7.23127738927739,53
"55",2012,4,7.175,44,7.62142857142857,6.96666666666667,7.125,6.9375,7.22777777777778,14,30,8,8,36,3068,1290,1778,378,887,2181,7.26979048239895,7.85739534883721,6.84346299212599,7.11984126984127,7.36463043968433,7.23121962402568,54
"56",2012,5,7.21,50,7.935,6.72666666666667,7.08,6.92307692307692,7.31081081081081,20,30,10,13,37,3118,1310,1808,388,900,2218,7.26883168697883,7.85858015267176,6.841525,7.11881443298969,7.35825244444444,7.2325473399459,55
"57",2012,6,7.42361111111111,36,8.06578947368421,6.70588235294118,7.2,7.76666666666667,7.39242424242424,19,17,5,3,33,3154,1329,1825,393,903,2251,7.27059835129993,7.8615425131678,6.84026147945206,7.11984732824428,7.35960930232558,7.23489115948467,56
"58",2012,7,7.28774193548387,31,7.72222222222222,7.11,7.61111111111111,6.88888888888889,7.45090909090909,9,22,9,9,22,3185,1338,1847,402,912,2273,7.27076521193092,7.86060538116592,6.84347439090417,7.13084577114428,7.35496403508772,7.23698196216454,57
"59",2012,8,7.50625,24,7.875,7.1375,6.75,7.77777777777778,7.34333333333333,12,12,2,9,15,3209,1350,1859,404,921,2288,7.27252639451542,7.86073333333333,6.8453723507262,7.1289603960396,7.35909576547231,7.2376791958042,58
"60",2012,9,7.08378378378378,37,8.28666666666667,6.26363636363636,5.66666666666667,8.1,6.70740740740741,15,22,3,10,27,3246,1365,1881,407,931,2315,7.27037498459642,7.86541391941392,6.83856842105263,7.11818181818182,7.36705392051557,7.23149460043197,59
"61",2012,10,6.76687804878049,41,7.29166666666667,6.54972413793103,6.90833333333333,7.18,6.7095,12,29,12,5,36,3287,1377,1910,419,936,2351,7.26409467599634,7.86041394335512,6.83418282722513,7.11217183770883,7.3660547008547,7.2235014887282,60
"62",2012,11,7.27625,40,7.96428571428571,6.90576923076923,6.88333333333333,7.31176470588235,7.25,14,26,6,17,23,3327,1391,1936,425,953,2374,7.26424081755335,7.86145938173975,6.83514421487603,7.10894117647059,7.36508625393494,7.22375821398484,61
"63",2012,12,7.18857142857143,35,7.59375,6.84736842105263,7,6.94285714285714,7.25,16,19,7,7,28,3362,1407,1955,432,960,2402,7.26345306365258,7.85841506751954,6.83526301790281,7.10717592592593,7.3620075,7.22406411323897,62
"64",2013,1,7.01666666666667,36,7.79090909090909,6.676,7.41428571428571,7.06666666666667,7,11,25,7,9,27,3398,1418,1980,439,969,2429,7.26083849323131,7.85789139633286,6.83325212121212,7.1120728929385,7.35926439628483,7.2215734870317,63
"65",2013,2,7.3030612244898,49,8.16041666666667,6.48,7.33333333333333,7.08888888888889,7.35125,24,25,3,9,40,3447,1442,2005,442,978,2469,7.26143870031911,7.86292649098474,6.82884748129676,7.11357466063349,7.35677627811861,7.22367436208992,64
"66",2013,3,6.85238095238095,42,7.94444444444444,6.55454545454545,7.2,7.66666666666667,6.52666666666667,9,33,10,12,30,3489,1451,2038,452,990,2499,7.25651453138434,7.86343211578222,6.82440588812561,7.11548672566372,7.36053252525252,7.21530692276911,65
"67",2013,4,6.625,32,7.76,6.10909090909091,6.16666666666667,6.35,6.75,10,22,6,10,22,3521,1461,2060,458,1000,2521,7.25077512070434,7.8627241615332,6.81676660194175,7.10305676855895,7.3504272,7.2112463308211,66
"68",2013,5,7.51891891891892,37,7.8075,7.17941176470588,6.6,7.71818181818182,7.43461538461538,20,17,5,11,26,3558,1481,2077,463,1011,2547,7.25356357504215,7.86197839297772,6.81973480982186,7.0976241900648,7.35442848664688,7.21352650176678,67
"69",2013,6,7.11333333333333,30,7.53125,6.63571428571429,5.46666666666667,6.75,7.16923076923077,16,14,3,4,26,3588,1497,2091,466,1015,2573,7.25239108138238,7.85844355377422,6.81850272596843,7.08712446351931,7.35204650246305,7.21307889623008,68
"70",2013,7,7.06548387096774,31,7.66153846153846,6.635,6.405,7.27,6.98181818181818,13,18,6,9,22,3619,1510,2109,472,1024,2595,7.25079005250068,7.85674834437086,6.81693655761024,7.07845338983051,7.351325390625,7.2111183044316,69
"71",2013,8,6.98055555555556,36,7.66470588235294,6.36842105263158,6.88888888888889,7.5,6.752,17,19,9,11,25,3655,1527,2128,481,1035,2620,7.24812837209302,7.85461034708579,6.81293195488722,7.07490644490645,7.35290550724638,7.20673740458015,70
"72",2013,9,7.25694444444444,36,7.4625,7,7.07142857142857,7.11111111111111,7.30555555555556,20,16,7,9,27,3691,1547,2144,488,1044,2647,7.24821435925223,7.84954104718811,6.81432798507463,7.07485655737705,7.35082107279693,7.20774537211938,71
"73",2013,10,7.45483870967742,31,8.03333333333333,6.65384615384615,7.33333333333333,8.51666666666667,7.2,18,13,3,6,25,3722,1565,2157,491,1050,2672,7.24993530360021,7.85165495207668,6.81336077885953,7.07643584521385,7.35748304761905,7.20767290419162,72
"74",2013,11,7.07682926829268,41,7.77631578947368,6.47272727272727,6.83333333333333,7.625,6.94393939393939,19,22,6,8,33,3763,1584,2179,497,1058,2705,7.24804921605102,7.85075126262626,6.80992161541992,7.07350100603622,7.35950586011342,7.20445545286506,73
"75",2013,12,7.18636363636364,44,8,6.62307692307692,7.78571428571429,8.28571428571429,6.97837837837838,18,26,7,7,37,3807,1602,2205,504,1065,2742,7.24733627528237,7.85242821473159,6.80771845804989,7.08339285714286,7.36559361502347,7.20140481400438,74
"76",2014,1,7.15952380952381,63,7.725,6.76216216216216,7.21428571428571,7.36666666666667,7.09479166666667,26,37,7,15,48,3870,1628,2242,511,1080,2790,7.24590677002583,7.85039312039312,6.80696663693131,7.08518590998043,7.36560851851852,7.199570609319,75
"77",2014,2,7.69,40,8.35,7.15,6.85,8.5,7.4875,18,22,8,8,32,3910,1646,2264,519,1088,2822,7.25044992327365,7.85585662211422,6.8103,7.08156069364162,7.37394963235294,7.20283557760454,76
"78",2014,3,6.94833333333333,30,7.44090909090909,6.66315789473684,7.05714285714286,6.38,7.062,11,19,7,5,25,3940,1657,2283,526,1093,2847,7.2481495431472,7.853101991551,6.80907542706964,7.08123574144487,7.36940274473925,7.20159887600983,77
"79",2014,4,7.20189393939394,33,7.78461538461538,6.823125,7.3,6.5,7.29870689655172,13,20,3,4,29,3973,1670,2303,529,1097,2876,7.2477653410521,7.85256886227545,6.80919743812418,7.0824763705104,7.36623263445761,7.20257805980528,78
"80",2014,5,7.08205128205128,39,7.48571428571429,6.61111111111111,7.14285714285714,7.64285714285714,6.768,21,18,7,14,25,4012,1691,2321,536,1111,2901,7.24615446161515,7.84801301005322,6.80766122361051,7.08326492537314,7.36971845184518,7.19883298862461,79
"81",2014,6,7.09851851851852,27,7.85,6.65647058823529,7.04,6.94285714285714,7.26615384615385,10,17,5,14,13,4039,1701,2338,541,1125,2914,7.24516754147065,7.84802469135803,6.8065618905047,7.08286506469501,7.3644064,7.1991333218943,80
"82",2014,7,7.47777777777778,18,7.6625,7.33,8.05,7.25,7.50625,8,10,2,2,16,4057,1709,2348,543,1127,2930,7.24619958097115,7.84715623171445,6.80879118398637,7.08642725598527,7.3642033717835,7.20081040955631,81
"83",2014,8,7.42714285714286,21,7.55583333333333,7.25555555555556,7.25,8,7.36684210526316,12,9,4,2,19,4078,1721,2357,547,1129,2949,7.24713136341343,7.84512492736781,6.81049711497666,7.08762340036563,7.36532967227635,7.20188012885724,82
"84",2014,9,6.69615384615385,26,7.4,6.52857142857143,6.42857142857143,6.1875,6.92222222222222,5,21,7,8,18,4104,1726,2378,554,1137,2967,7.24364076510721,7.84383545770568,6.8080074432296,7.07929602888087,7.35704239226034,7.20018351870576,83
"85",2014,10,7.59142857142857,35,8.125,7.14210526315789,7.02857142857143,7.38571428571429,7.64285714285714,16,19,7,7,28,4139,1742,2397,561,1144,2995,7.2465817105581,7.84641791044776,6.81065569461827,7.07866310160428,7.35721783216783,7.20432203672788,84
"86",2014,11,7.12857142857143,42,7.7075,6.60227272727273,6.3,7.26666666666667,7.09090909090909,20,22,5,9,33,4181,1762,2419,566,1153,3028,7.24539624491748,7.84484108967083,6.80876052087639,7.07178445229682,7.35651101474415,7.20308603038309,85
"87",2014,12,7.07692307692308,26,7.42857142857143,6.66666666666667,6.75,6.4,7.23809523809524,14,12,2,5,21,4207,1776,2431,568,1158,3049,7.24435505110529,7.84155968468469,6.80805911147676,7.07065140845071,7.35238100172712,7.20332715644473,86
"88",2015,1,6.749375,32,7.32333333333333,6.405,5.5,8.19714285714286,6.344,12,20,2,7,25,4239,1788,2451,570,1165,3074,7.24061847133757,7.83808165548098,6.80477017543859,7.06514035087719,7.35745682403433,7.19633848405985,87
"89",2015,2,7.1,32,7.3,6.9,7.6,7.4,7.04444444444444,16,16,1,5,27,4271,1804,2467,571,1170,3101,7.23956490283305,7.83330931263858,6.80538779894609,7.06607705779335,7.35763863247863,7.19501596259271,88
"90",2015,3,6.80694444444444,36,8.31666666666667,6.05208333333333,5.97727272727273,7.2,6.72833333333333,12,24,11,6,30,4307,1816,2491,582,1176,3131,7.23594885070814,7.83650330396476,6.79812994781212,7.04549828178694,7.3568343537415,7.19054439476205,89
"91",2015,4,6.93636363636364,33,7.97,6.48695652173913,5.4,7.22222222222222,6.82916666666667,10,23,5,9,24,4340,1826,2514,587,1185,3155,7.23367089861751,7.83723439211391,6.79528309466985,7.03148211243612,7.35581198312236,7.18779540412044,90
"92",2015,5,6.93030303030303,33,7.5125,6.38235294117647,5.9,6.88888888888889,6.94583333333333,16,17,5,9,24,4373,1842,2531,592,1194,3179,7.23138159158472,7.83441368078176,6.79250956143817,7.02192567567568,7.35229246231156,7.18596870084932,91
"93",2015,6,6.84642857142857,28,7.3875,6.125,6.52,7.08333333333333,6.78181818181818,16,12,5,6,22,4401,1858,2543,597,1200,3201,7.22893244717109,7.83056512378902,6.78935969327566,7.01772194304858,7.35094766666667,7.18319103405186,92
"94",2015,7,7.08918918918919,37,7.35714285714286,6.92608695652174,6.7,7.41666666666667,6.932,14,23,10,12,25,4438,1872,2566,607,1212,3226,7.22776739522307,7.82702457264957,6.79058522992985,7.01248764415157,7.35159834983498,7.18124442033478,93
"95",2015,8,7.25333333333333,30,8.03846153846154,6.65294117647059,6.875,7.4375,7.18636363636364,13,17,4,8,22,4468,1885,2583,611,1220,3248,7.22793905550581,7.82848275862069,6.78967932636469,7.0115875613748,7.35216163934426,7.18127909482758,94
"96",2015,9,7.325,24,8.05,6.80714285714286,7.2,8.21666666666667,7.02777777777778,10,14,4,6,18,4492,1895,2597,615,1226,3266,7.22845763579697,7.82965171503958,6.78977346938775,7.01281300813008,7.3563924959217,7.18043309859155,95
"97",2015,10,6.90769230769231,39,7.33,6.76206896551724,6.8,7.01428571428571,6.884375,10,29,12,7,32,4531,1905,2626,627,1233,3298,7.22569668947252,7.82702887139108,6.78946751713633,7.00874003189793,7.3544502838605,7.17756049120679,96
"98",2015,11,6.915,40,7.72222222222222,6.25454545454545,6.16666666666667,7.28571428571429,6.83636363636364,18,22,9,7,33,4571,1923,2648,636,1240,3331,7.22297783854736,7.82604784191368,6.78502330060423,6.99682389937107,7.35406225806452,7.17418027619333,97
"99",2015,12,7.26290322580645,31,7.70833333333333,6.98157894736842,6.825,7.7,7.13541666666667,12,19,8,7,24,4602,1935,2667,644,1247,3355,7.22324678400695,7.82531782945736,6.78642358455193,6.99468944099379,7.35600417000802,7.17390298062593,98
"100",2016,1,6.99090909090909,44,7.41923076923077,6.37222222222222,6.6,7.19090909090909,6.92424242424242,26,18,4,11,33,4646,1961,2685,648,1258,3388,7.221046427034,7.8199337072922,6.78364681564246,6.99225308641976,7.35456057233704,7.17147122195986,99
"101",2016,2,7.11071428571429,28,7.75555555555556,6.80526315789474,6.25,6.62,7.21739130434783,9,19,6,5,23,4674,1970,2704,654,1263,3411,7.22038547282841,7.81963959390863,6.7837987056213,6.98544342507646,7.35165257323832,7.17178085605394,100
"102",2016,3,7.25357142857143,28,7.37272727272727,7.17647058823529,7.25,6.8,7.35217391304348,11,17,4,5,23,4702,1981,2721,658,1268,3434,7.22058309230114,7.81715800100959,6.78625200294009,6.98705167173253,7.34947728706625,7.17298907979033,101
"103",2016,4,7.30576923076923,52,7.726,6.91666666666667,6.8,7.5,7.27045454545455,25,27,10,8,44,4754,2006,2748,668,1276,3478,7.22151487168699,7.81602193419741,6.78753336972343,6.98425149700599,7.3504210031348,7.17422211040828,102
"104",2016,5,7.575,32,8.63,7.09545454545455,6.76666666666667,7.71428571428571,7.536,10,22,9,7,25,4786,2016,2770,677,1283,3503,7.22387833263685,7.82005952380952,6.78997895306859,6.98135893648449,7.35240623538582,7.17680402512132,103
"105",2016,6,6.93518518518519,27,8.04166666666667,6.05,5.84375,5.5,7.18478260869565,12,15,8,4,23,4813,2028,2785,685,1287,3526,7.22225881986287,7.8213708086785,6.78599342908438,6.96807299270073,7.34664895104895,7.17685606920023,104
"106",2016,7,6.965625,32,7.68461538461538,6.47368421052632,5.85714285714286,7.62857142857143,6.78,13,19,7,7,25,4845,2041,2804,692,1294,3551,7.22056381836945,7.82049975502205,6.78387721112696,6.95683526011561,7.34817403400309,7.17406209518445,105
"107",2016,8,6.89619047619048,42,7.43,6.59962962962963,7,6.55,7.004375,15,27,7,10,32,4887,2056,2831,699,1304,3583,7.21777607939431,7.81765077821012,6.78211999293536,6.95726752503577,7.34205306748466,7.17254660898688,106
"108",2016,9,7.31290322580645,31,8.01538461538462,6.80555555555556,7.28571428571429,7.75,7.24814814814815,13,18,7,4,27,4918,2069,2849,706,1308,3610,7.21837570150467,7.81889318511358,6.78226805896806,6.96052407932012,7.3433006116208,7.17311204986149,107
"109",2016,10,7.24052380952381,42,7.80566666666667,6.81666666666667,6.875,6.75,7.35594117647059,18,24,8,8,34,4960,2087,2873,714,1316,3644,7.21856324596774,7.81877910876857,6.78255541246084,6.95956582633054,7.33969392097265,7.17481791986827,108
"110",2016,11,7.2695,40,7.90444444444444,6.75,7,7.40615384615385,7.2037037037037,18,22,8,13,27,5000,2105,2895,722,1329,3671,7.21897073999999,7.81951163895487,6.78230801381692,6.96001385041551,7.34034401805869,7.17503037319531,109
"111",2016,12,7.09978723404255,47,7.84230769230769,6.18047619047619,6.3,7.35714285714286,7.05475,26,21,5,7,40,5047,2131,2916,727,1336,3711,7.21786084802853,7.81978977006101,6.7779738340192,6.95547455295736,7.34043203592814,7.17373389921854,110
"112",2017,1,7.17916666666667,60,7.61,6.576,6.68125,7.5,7.09895833333333,35,25,16,12,48,5107,2166,2941,743,1348,3759,7.21740624632856,7.81639981532779,6.7762569534172,6.94956931359354,7.34185252225519,7.17277906358074,111
"113",2017,2,7.2287037037037,54,7.79285714285714,6.18947368421053,6.25,7.35,7.20113636363636,35,19,10,10,44,5161,2201,2960,753,1358,3803,7.21752445262545,7.81602544298046,6.77249043918919,6.94027888446215,7.34191251840943,7.17310715224822,112
"114",2017,3,7.12222222222222,45,7.308,6.89,6.75,7.28571428571429,7.09210526315789,25,20,4,7,38,5206,2226,2980,757,1365,3841,7.21670067230119,7.81031985624438,6.77327909395973,6.93927344782035,7.34162432234432,7.17230577974486,113
"115",2017,4,7.25263157894737,38,7.56666666666667,6.71428571428571,5,7.71428571428571,7.14838709677419,24,14,3,7,31,5244,2250,2994,760,1372,3872,7.21696104118993,7.80772088888889,6.77300323981296,6.93161842105263,7.34352565597668,7.17211428202479,114
"116",2017,5,7.44426229508197,61,7.82702702702703,6.85416666666667,7.14285714285714,7.5625,7.40222222222222,37,24,7,16,45,5305,2287,3018,767,1388,3917,7.21957468426013,7.80803323130739,6.77364867461895,6.93354628422425,7.34604985590778,7.17475785039571,115
"117",2017,6,7.49166666666667,42,8.14545454545454,6.7725,6.91111111111111,7.7,7.46351351351351,22,20,9,5,37,5347,2309,3038,776,1393,3954,7.22171193192444,7.81124815937635,6.77364111257406,6.93328608247423,7.34732031586504,7.17745991401112,116
"118",2017,7,7.14736842105263,38,7.52777777777778,6.805,7.125,7,7.2,18,20,8,10,28,5385,2327,3058,784,1403,3982,7.22118731662024,7.80905543618393,6.77384620667102,6.93524234693878,7.34484476122595,7.17761840783526,117
"119",2017,8,7.08729166666667,48,7.37826086956522,6.8196,6.66666666666667,7.5,6.97868421052632,23,25,6,10,38,5433,2350,3083,790,1413,4020,7.22000436223081,7.80483914893617,6.77421722348362,6.93320253164557,7.34594281670205,7.17573793532338,118
"120",2017,9,7.17384615384615,39,7.74285714285714,6.51,6,7,7.19371428571429,21,18,6,4,35,5472,2371,3101,796,1417,4055,7.21967538377192,7.80429017292282,6.77268355369235,6.92616834170854,7.34496626676076,7.17589309494451,119
"121",2017,10,7.3115,40,7.744375,7.02291666666667,7.625,6.8125,7.43625,16,24,4,8,32,5512,2387,3125,800,1425,4087,7.22034174528301,7.80388856304985,6.774605344,6.9296625,7.34197698245614,7.17793161242965,120
"122",2017,11,7.06907407407407,54,7.77586206896552,6.2492,6.118,7.5,6.95883720930233,29,25,10,11,43,5566,2416,3150,810,1436,4130,7.21887418253683,7.80355215231788,6.77043546031746,6.91964197530864,7.34318746518106,7.1756504842615,121
"123",2017,12,7.309,50,7.725,6.77954545454545,7.5125,7.10909090909091,7.36538461538461,28,22,4,11,39,5616,2444,3172,814,1447,4169,7.21967658475783,7.80265220949263,6.77049864438839,6.92255528255528,7.34140787836904,7.177425401775,122
"124",2018,1,7.00923076923077,65,7.678125,6.36060606060606,6,7.4,6.93818181818182,32,33,4,10,55,5681,2476,3205,818,1457,4224,7.21726873789825,7.80104281098546,6.76627822152886,6.91804400977995,7.34181002059026,7.17431025094696,123
"125",2018,2,7.10806451612903,31,7.51818181818182,6.8825,7.14285714285714,6.45714285714286,7.29791666666667,11,20,7,7,24,5712,2487,3225,825,1464,4248,7.21667606792716,7.79979171692803,6.76699897674418,6.91995151515152,7.33758005464481,7.17500859227872,124
"126",2018,3,7.18953488372093,43,7.79318181818182,6.55714285714286,7.55,7.17,7.19545454545455,22,21,6,10,33,5755,2509,3246,831,1474,4281,7.21647327541268,7.79973375846951,6.76564131238447,6.92450060168472,7.33644314789688,7.1751661994861,125
"127",2018,4,7.28636363636364,33,8.04705882352941,6.478125,6.18,7.77272727272727,7.04318181818182,17,16,5,11,22,5788,2526,3262,836,1485,4303,7.21687175190048,7.8013982581156,6.76423105456775,6.92004784688995,7.33967488215488,7.17449140134789,126
"128",2018,5,7.05813953488372,43,7.71304347826087,6.305,5.83333333333333,6.08333333333333,7.21621621621622,23,20,3,6,37,5831,2549,3282,839,1491,4340,7.21570120048019,7.80060102000785,6.76143257160268,6.9161620977354,7.33461918175721,7.17484711981566,127
"129",2018,6,7.24642857142857,28,7.46470588235294,6.90909090909091,6.75,8,7.156,17,11,4,3,25,5859,2566,3293,843,1494,4365,7.21584804574159,7.79837568199532,6.76192581232918,6.91537366548043,7.33595528781794,7.17473917525773,128
"130",2018,7,7.09230769230769,39,7.755,6.39473684210526,7,7,7.1,20,19,5,3,36,5898,2586,3312,848,1497,4401,7.21503114615123,7.79804021655066,6.75981935386473,6.91587264150944,7.33528203072813,7.17412781186094,129
"131",2018,8,7.37837837837838,37,7.7375,7.1047619047619,7,7.28571428571429,7.4,16,21,9,7,30,5935,2602,3333,857,1504,4431,7.2160494860994,7.79766794773251,6.76199270927093,6.91675612602101,7.33505132978724,7.17565707515233,130
"132",2018,9,6.953649375,32,7.5514375,6.35586125,6.175556,7.81666666666667,6.75449153846154,16,16,5,6,26,5967,2618,3349,862,1510,4457,7.21464227920227,7.79616310160428,6.76005239773066,6.91245682134571,7.33696503311258,7.17320019744222,131
"133",2018,10,7.28444444444444,45,7.876,6.545,7.3,8.11666666666667,6.98181818181818,25,20,5,12,33,6012,2643,3369,867,1522,4490,7.215164750499,7.79691827468786,6.75877574354408,6.91469178777393,7.34311248357425,7.17179360356347,132
"134",2018,11,7.2075,40,7.91428571428571,6.42631578947368,7.1,7.0875,7.2375,21,19,1,8,32,6052,2664,3388,868,1530,4522,7.21511409120951,7.79784346846847,6.7569112987013,6.9149052764977,7.34177594771242,7.17225857585139,133
"135",2018,12,7.27333333333333,30,7.78947368421053,6.38181818181818,6.95,5,7.35172413793103,19,11,2,1,29,6082,2683,3399,870,1531,4551,7.21540126274251,7.79778419679463,6.75569740511915,6.91498595402299,7.34024637491836,7.17340217095144,134
"136",2019,1,7.13884615384615,52,7.615,6.58333333333333,6.28571428571429,7.35,7.10045454545455,28,24,7,8,44,6134,2711,3423,877,1539,4595,7.21475227910009,7.79589634821099,6.75448889278411,6.90996326111745,7.34029707602339,7.17270365179543,135
"137",2019,2,7.275,40,7.97727272727273,6.41666666666667,7.3,7.4375,7.234375,22,18,5,8,32,6174,2733,3441,882,1547,4627,7.21514261094914,7.79735638492499,6.75272173205463,6.9121743537415,7.34079974143504,7.17313016641452,136
"138",2019,3,7.50326086956522,46,7.99333333333333,6.584375,6.75,7.40909090909091,7.53285714285714,30,16,4,11,35,6220,2763,3457,886,1558,4662,7.21727338906752,7.79948425624321,6.75194257448655,6.91144218961625,7.34128189987163,7.17583081939082,137
"139",2019,4,7.10263157894737,38,7.88333333333333,6.4,6.88333333333333,7.58,6.93214285714286,18,20,6,10,28,6258,2781,3477,892,1568,4690,7.21657725790987,7.80002696871629,6.74991817083693,6.91125311659193,7.3428043367347,7.17437596588486,138
"140",2019,5,7.44871794871795,39,8.07894736842105,6.85,6,8.375,7.34285714285714,19,20,3,4,35,6297,2800,3497,895,1572,4725,7.21801500397014,7.80191964285714,6.75049055762082,6.90819863687151,7.34543078880407,7.17562397460317,139
"141",2019,6,7.47931034482759,29,7.88461538461539,7.15,7.25,7.8125,7.35238095238095,13,16,2,8,21,6326,2813,3513,897,1580,4746,7.21921284856149,7.80230181301102,6.75231012809564,6.90896073578596,7.34779569620253,7.17640608512431,140
"142",2019,7,7.80695652173913,46,8.20076923076923,7.295,8,8.23,7.621875,26,20,1,14,32,6372,2839,3533,898,1594,4778,7.22345581920904,7.80595103909828,6.75538224738183,6.91017570155902,7.35554404015057,7.17938955211385,141
"143",2019,8,6.934,36,7.47788235294118,6.44736842105263,7.42857142857143,7.83333333333333,6.75413333333333,17,19,7,6,30,6408,2856,3552,905,1600,4808,7.22182966292134,7.80399824929972,6.7537346509009,6.9141853922652,7.35733575,7.17673612312812,142
"144",2019,9,7.07777777777778,45,7.63333333333333,5.96666666666667,6.33333333333333,7.41,6.98285714285714,30,15,3,10,35,6453,2886,3567,908,1610,4843,7.22082511699984,7.80222418572419,6.75042486122792,6.91226627753304,7.35766285714286,7.17533497418955,143
"145",2019,10,7.11979166666667,48,7.73958333333333,6.5,6.14285714285714,7.675,6.97368421052632,24,24,7,10,38,6501,2910,3591,915,1620,4881,7.22007913859406,7.80170756013746,6.74875117794486,6.9063800874317,7.35962172839506,7.17376506453596,144
"146",2019,11,7.41224489795918,49,7.83333333333333,6.89545454545455,6.67142857142857,6.72,7.58974358974359,27,22,7,10,39,6550,2937,3613,922,1630,4920,7.22151671450381,7.80199829758257,6.74964447273734,6.90459629067245,7.35569766871166,7.17706245528455,145
"147",2019,12,7.65243902439024,41,8.24130434782609,6.9,6.36666666666667,7.75,7.625,23,18,6,9,32,6591,2960,3631,928,1639,4952,7.22419731148536,7.80541182432433,6.7503898320022,6.90111829741379,7.35786284319707,7.17995704361874,146
"148",2020,1,7.37516129032258,62,7.80176470588235,6.85714285714286,6.66666666666667,6.79166666666667,7.5152,34,28,12,12,50,6653,2994,3659,940,1651,5002,7.22560416052908,7.80537040748163,6.7512067450123,6.89812529787234,7.35374754694125,7.1833081327469,147
"149",2020,2,7.3046511627907,43,7.85909090909091,6.72380952380952,6,7.6,7.22647058823529,22,21,1,9,34,6696,3016,3680,941,1660,5036,7.22611178016726,7.80576226790451,6.75105040217391,6.8971708607864,7.35508265060241,7.18359953931692,148
"150",2020,3,7.26086956521739,23,7.42857142857143,7,6,8.5,7.075,14,9,2,3,20,6719,3030,3689,943,1663,5056,7.22623076052984,7.8040194719472,6.75165776091082,6.89526805938494,7.35714804570054,7.18316995253165,149
"151",2020,4,7.04193548387097,31,7.36363636363636,6.25555555555556,7.33333333333333,8.8,6.70384615384615,22,9,3,5,26,6750,3052,3698,946,1668,5082,7.2253843674074,7.80084501965924,6.75045037317469,6.89665727272727,7.36147314148681,7.18071768595041,150
"152",2020,5,7.24310344827586,29,7.79285714285714,6.73,6,7.62142857142857,7.12272727272727,14,15,2,7,22,6779,3066,3713,948,1675,5104,7.22546016816639,7.80080854533594,6.75036775653111,6.8947655907173,7.36255952238806,7.18046772727273,151
"153",2020,6,7.37777777777778,27,7.78125,6.79090909090909,7.05,7.36666666666667,7.38095238095238,16,11,4,6,21,6806,3082,3724,952,1681,5125,7.2260644255069,7.80070700843608,6.75048750805585,6.89541783613446,7.36257418203451,7.18128922536585,152
"154",2020,7,7.47435897435897,39,7.775,7.15789473684211,7,7.1,7.52941176470588,20,19,5,5,34,6845,3102,3743,957,1686,5159,7.22747910591672,7.80054126370084,6.75255556505477,6.89596424242424,7.36179549228944,7.18358350067843,153
"155",2020,8,7.65681818181818,22,8.134375,6.38333333333333,6.65,6.99,7.85294117647059,16,6,2,5,17,6867,3118,3749,959,1691,5176,7.22885459152468,7.80225432969853,6.75196465190718,6.89545128258603,7.36069615612064,7.18578193199382,154
"156",2020,9,6.75135135135135,37,7.19090909090909,6.56538461538462,7.25,6.5,6.78181818181818,11,26,4,4,33,6904,3129,3775,963,1695,5209,7.22629555040556,7.80010514541387,6.75067959735099,6.89692396677051,7.35866501474927,7.18322274524861,155
"157",2020,10,7.27129625,24,7.9425925,6.6,6.375,8,7.028395,12,12,4,6,18,6928,3141,3787,967,1701,5227,7.22645144197459,7.80064950971028,6.750202133615,6.89476502585316,7.36092721928278,7.1826895714559,156
"158",2020,11,7.15773809523809,42,7.30681818181818,6.99375,7.125,7.5,7.10069444444444,22,20,4,6,36,6970,3163,3807,971,1707,5263,7.22603738737446,7.79721470439456,6.75148160756501,6.89571347064882,7.36141605155243,7.18212870796124,157
"159",2020,12,7.33566666666667,45,8.01413043478261,6.62636363636364,6.83333333333333,7.38,7.330125,23,22,3,5,40,7015,3186,3829,974,1712,5303,7.22674064005702,7.79878063716259,6.75076272656046,6.89552133470226,7.36147032710281,7.18324502922874,158
"160",2021,1,7.58076923076923,39,7.77708333333333,7.26666666666667,6.5,8.25,7.40806451612903,24,15,4,8,31,7054,3210,3844,978,1720,5334,7.22869798554012,7.79861841433022,6.7527758792924,6.8939036605317,7.36560302325582,7.18455162917135,159
"161",2021,2,6.99428571428571,35,7.19411764705882,6.80555555555556,6.4,7.75,6.94848484848485,17,18,5,2,33,7089,3227,3862,983,1722,5367,7.2275406390182,7.79543387356678,6.75302187467633,6.89139143438454,7.36604947735192,7.18310012856344,160
"162",2021,3,7.56514285714286,35,8.46125,6.81052631578947,7.25,7.5,7.576,16,19,4,5,30,7124,3243,3881,987,1727,5397,7.22919926866928,7.79871881282763,6.75330339603195,6.89284476190476,7.36643729009844,7.18528411895498,161
"163",2021,4,7.28295121951219,41,7.79130434782609,6.63338888888889,6.35,7.55,7.1968064516129,23,18,4,10,31,7165,3266,3899,991,1737,5428,7.22950685136078,7.79866659828537,6.75274980251347,6.8906536629667,7.36749407023604,7.18534992446573,162
"164",2021,5,7.09066666666667,45,7.66666666666667,6.43238095238095,6,6.35714285714286,7.22578947368421,24,21,5,7,38,7210,3290,3920,996,1744,5466,7.2286403037448,7.79770368085106,6.75103354081633,6.88618251004016,7.36343876146789,7.18563106293451,163
"165",2021,6,6.98833333333333,30,7.5,6.7325,6.8625,7.66666666666667,6.81875,10,20,8,6,24,7240,3300,3940,1004,1750,5490,7.22764455662983,7.79680154848485,6.75093946192894,6.88599380478088,7.3644784,7.18402721129326,164
"166",2021,7,7.80222222222222,36,8.11818181818182,7.30571428571429,5.5,8.8,7.64129032258065,22,14,1,5,31,7276,3322,3954,1005,1755,5521,7.23048743677845,7.79892989464178,6.7529037632777,6.88461470646766,7.36856820512821,7.1865947092918,165
"167",2021,8,7.6028125,32,7.97222222222222,7.12785714285714,6.875,7.63333333333333,7.59576923076923,18,14,4,6,26,7308,3340,3968,1009,1761,5547,7.23211775998905,7.79986380538922,6.75422668346774,6.88457659068385,7.36947030096536,7.18851259960339,166
"168",2021,9,7.4536170212766,47,8.06,6.92,7.18,8.05,7.24914285714286,22,25,5,12,35,7355,3362,3993,1014,1773,5582,7.23353318694765,7.80156606484236,6.75526458302029,6.88603331360947,7.37407625493514,7.18889276065926,167
"169",2021,10,7.3575,40,7.51666666666667,7.22727272727273,6.83333333333333,7.125,7.38333333333333,18,22,3,4,36,7395,3380,4015,1017,1777,5618,7.23420373089925,7.80004884911243,6.75785092901619,6.88587785644051,7.37351558806978,7.19013873086508,168
"170",2021,11,7.58108108108108,37,7.82608695652174,7.17857142857143,6.5,7.4,7.609375,23,14,2,5,32,7432,3403,4029,1019,1782,5650,7.23593064989236,7.80022483397003,6.75931285182428,6.88512049067714,7.3735898989899,7.19251316637168,169
"171",2021,12,7.04413983870968,62,7.7274668,6.58243243243243,6.73181818181818,6.70285714285714,7.08757581818182,25,37,11,7,55,7494,3428,4066,1030,1789,5705,7.2343439097945,7.79969421820303,6.7577032661092,6.8834832815534,7.37096545556177,7.19150150043821,170
"172",2022,1,7.56057692307692,52,8.15172413793104,6.81521739130435,6.96666666666667,7.8,7.50357142857143,29,23,6,10,42,7546,3457,4089,1036,1799,5747,7.23659200371057,7.80264731848424,6.75802677427244,6.88396503861004,7.3733503057254,7.19378215764747,171
"173",2022,2,7.4028,50,7.74384615384615,7.03333333333333,5.33333333333333,7.68181818181818,7.32410256410256,26,24,3,11,39,7596,3483,4113,1039,1810,5786,7.23768605318589,7.8022083778352,6.75963323121809,6.8794877574591,7.37522497237569,7.19466057034221,172
"174",2022,3,7.34954545454545,44,7.93888888888889,6.94153846153846,6.625,7.212,7.42068965517241,18,26,8,15,29,7640,3501,4139,1047,1825,5815,7.23833026963351,7.80291110539846,6.76077590722397,6.87754324737345,7.37388339726028,7.19578780051591,173
"175",2022,4,7.40833333333333,30,7.86764705882353,6.80769230769231,7.125,6.75,7.50961538461539,17,13,4,4,26,7670,3518,4152,1051,1829,5841,7.23899520990873,7.80322392836839,6.76092280346821,6.87848504281637,7.37251897211591,7.19718473891457,174
"176",2022,5,7.24823076923077,39,8.09705882352941,6.59231818181818,6.875,7.40736363636364,7.18571428571429,17,22,4,11,28,7709,3535,4174,1055,1840,5869,7.23904193280581,7.80463699575672,6.76003413512219,6.87847182938389,7.3727272826087,7.19713001533481,175
"177",2022,6,7.61111111111111,27,7.95238095238095,6.41666666666667,6.75,7.2,7.85294117647059,21,6,2,10,17,7736,3556,4180,1057,1850,5886,7.2403405196484,7.80550949943757,6.7595412631579,6.87822874172185,7.37179362162162,7.19902413523615,176
"178",2022,7,7.35291666666667,36,8.1440625,6.72,7.6,7.913125,7.19285714285714,16,20,5,8,28,7772,3572,4200,1062,1858,5914,7.24086197375193,7.80702597424412,6.75935297142857,6.88162691148776,7.37412443487621,7.19899493743659,177
"179",2022,8,7.40416666666667,36,8.15588235294118,6.73157894736842,6.96666666666667,7.8,7.34032258064516,17,19,6,5,31,7808,3589,4219,1068,1863,5945,7.24161491547131,7.80867840066871,6.75922789286561,6.88210466292135,7.37526741814278,7.19973188561817,178
"180",2022,9,7.609375,32,8.02941176470588,7.13333333333333,7,8.1,7.51851851851852,17,15,2,5,27,7840,3606,4234,1070,1868,5972,7.24311597704081,7.80971901830283,6.76055325460558,6.88232502803738,7.37720728051392,7.20117315137308,179
"181",2022,10,7.91111111111111,45,8.13214285714286,7.54705882352941,7,7.61111111111111,7.98611111111111,28,17,1,9,36,7885,3634,4251,1071,1877,6008,7.2469282511097,7.81220329664282,6.76369853681487,6.88243490196079,7.37832882258924,7.20587650798935,180
"182",2022,11,7.11154901960784,51,7.82845,6.64903225806452,5.80666666666667,7.66666666666667,7.07685416666667,20,31,3,3,48,7936,3654,4282,1074,1880,6056,7.2460582484879,7.81229222222222,6.76286839794489,6.87942996275605,7.37878893617021,7.20485387384412,181
"183",2022,12,7.15492957746479,71,8.05555555555556,6.60227272727273,5,6.65789473684211,7.33653846153846,27,44,7,19,52,8007,3681,4326,1081,1899,6108,7.24525018858499,7.81407654985059,6.76123496994915,6.86725974098057,7.37157619799895,7.20597496070727,182
