"","year","month","avg_rating","no_ratings","avg_rating_owned","avg_rating_not_owned","avg_rating_prev_owned","avg_rating_comment","avg_rating_no_comment","no_ratings_owned","no_ratings_not_owned","no_ratings_prev_owned","no_ratings_comment","no_ratings_no_comment","cum_no_ratings","cum_no_ratings_owned","cum_no_ratings_not_owned","cum_no_ratings_prev_owned","cum_no_ratings_comment","cum_no_ratings_no_comment","cum_avg_rating","cum_avg_rating_owned","cum_avg_rating_not_owned","cum_avg_rating_prev_owned","cum_avg_rating_comment","cum_avg_rating_no_comment","month_after_release"
"1",2008,8,7,1,7,NA,NA,NA,7,1,0,0,0,1,1,1,0,0,0,1,7,7,NA,NA,NA,7,-2
"2",2008,9,5,1,5,NA,NA,NA,5,1,0,0,0,1,2,2,0,0,0,2,6,6,NA,NA,NA,6,-1
"3",2008,10,7.2125,8,7.7,5.75,NA,8,6.95,6,2,0,2,6,10,8,2,0,2,8,6.97,7.275,5.75,NA,8,6.7125,0
"4",2008,11,6.31111111111111,9,7.33333333333333,5.8,5.8,6.26666666666667,6.33333333333333,3,6,1,3,6,19,11,8,1,5,14,6.65789473684211,7.29090909090909,5.7875,5.8,6.96,6.55,1
"5",2008,12,7.5,12,7.8,6,6,7.66666666666667,7.44444444444444,10,2,2,3,9,31,21,10,3,8,23,6.98387096774194,7.53333333333333,5.83,5.93333333333333,7.225,6.9,2
"6",2009,1,7.13333333333333,12,7.13333333333333,NA,NA,7,7.14545454545455,12,0,0,1,11,43,33,10,3,9,34,7.02558139534884,7.38787878787879,5.83,5.93333333333333,7.2,6.97941176470588,3
"7",2009,2,6.9,10,7.5,4.5,5,6,7.8,8,2,1,5,5,53,41,12,4,14,39,7.00188679245283,7.40975609756097,5.60833333333333,5.7,6.77142857142857,7.08461538461538,4
"8",2009,3,5.38888888888889,9,6.7,3.75,7,4.5,5.64285714285714,5,4,1,2,7,62,46,16,5,16,46,6.76774193548387,7.33260869565217,5.14375,5.96,6.4875,6.86521739130435,5
"9",2009,4,7.32857142857143,14,7.95555555555556,6.2,6.5,NA,7.32857142857143,9,5,2,0,14,76,55,21,7,16,60,6.87105263157895,7.43454545454545,5.39523809523809,6.11428571428571,6.4875,6.97333333333333,6
"10",2009,5,4.33333333333333,3,5.5,2,NA,NA,4.33333333333333,2,1,0,0,3,79,57,22,7,16,63,6.7746835443038,7.36666666666667,5.24090909090909,6.11428571428571,6.4875,6.84761904761905,7
"11",2009,6,6.5,10,7,4.5,4.5,5,6.66666666666667,8,2,2,1,9,89,65,24,9,17,72,6.7438202247191,7.32153846153846,5.17916666666667,5.75555555555556,6.4,6.825,8
"12",2009,7,5.94285714285714,7,6.25,5.53333333333333,NA,5.65,6.33333333333333,4,3,0,4,3,96,69,27,9,21,75,6.68541666666667,7.25942028985507,5.21851851851852,5.75555555555556,6.25714285714286,6.80533333333333,9
"13",2009,8,6.7375,8,7.25,5.2,5.2,5.45,7.16666666666667,6,2,2,2,6,104,75,29,11,23,81,6.68942307692308,7.25866666666667,5.21724137931034,5.65454545454545,6.18695652173913,6.8320987654321,10
"14",2009,9,5.3,10,6.5,4.5,NA,6,5.125,4,6,0,2,8,114,79,35,11,25,89,6.56754385964912,7.22025316455696,5.09428571428571,5.65454545454545,6.172,6.67865168539326,11
"15",2009,10,6.46875,8,6.6,6.25,NA,NA,6.46875,5,3,0,0,8,122,84,38,11,25,97,6.56106557377049,7.18333333333333,5.18552631578947,5.65454545454545,6.172,6.66134020618557,12
"16",2009,11,7.27272727272727,11,7.64285714285714,6.625,NA,5.5,7.66666666666667,7,4,0,2,9,133,91,42,11,27,106,6.61992481203008,7.21868131868132,5.32261904761905,5.65454545454545,6.12222222222222,6.74669811320755,13
"17",2009,12,6.33333333333333,12,6.375,6.25,6,6,6.36363636363636,8,4,1,1,11,145,99,46,12,28,117,6.59620689655172,7.15050505050505,5.40326086956522,5.68333333333333,6.11785714285714,6.71068376068376,14
"18",2010,1,6.66666666666667,6,6.5,7,4,NA,6.66666666666667,4,2,1,0,6,151,103,48,13,28,123,6.59900662251656,7.1252427184466,5.46979166666667,5.55384615384615,6.11785714285714,6.70853658536585,15
"19",2010,2,6.6875,4,7.5,5.875,NA,9,5.91666666666667,2,2,0,1,3,155,105,50,13,29,126,6.60129032258065,7.13238095238095,5.486,5.55384615384615,6.21724137931035,6.68968253968254,16
"20",2010,3,6.4,10,6.71428571428571,5.66666666666667,NA,7,6.33333333333333,7,3,0,1,9,165,112,53,13,30,135,6.58909090909091,7.10625,5.49622641509434,5.55384615384615,6.24333333333333,6.66592592592593,17
"21",2010,4,5.94444444444444,9,6.5,4.83333333333333,NA,5.5,6,6,3,0,1,8,174,118,56,13,31,143,6.55574712643678,7.07542372881356,5.46071428571428,5.55384615384615,6.21935483870968,6.62867132867133,18
"22",2010,5,6.66666666666667,9,6.71428571428571,6.5,NA,NA,6.66666666666667,7,2,0,0,9,183,125,58,13,31,152,6.56120218579235,7.0552,5.49655172413793,5.55384615384615,6.21935483870968,6.63092105263158,19
"23",2010,6,7.27142857142857,7,7.41666666666667,6.4,6.4,6.4,7.41666666666667,6,1,1,1,6,190,131,59,14,32,158,6.58736842105263,7.07175572519084,5.51186440677966,5.61428571428571,6.225,6.66075949367089,20
"24",2010,7,7.15,10,7.3125,6.5,6,6,7.27777777777778,8,2,1,1,9,200,139,61,15,33,167,6.6155,7.08561151079137,5.54426229508197,5.64,6.21818181818182,6.6940119760479,21
"25",2010,8,7,3,7,7,NA,7,7,2,1,0,1,2,203,141,62,15,34,169,6.62118226600985,7.08439716312057,5.56774193548387,5.64,6.24117647058824,6.69763313609467,22
"26",2010,9,6.025,12,7.5,4.97142857142857,NA,2.5,6.73,5,7,0,2,10,215,146,69,15,36,179,6.58790697674419,7.0986301369863,5.50724637681159,5.64,6.03333333333333,6.69944134078212,23
"27",2010,10,7.11111111111111,9,7.25,6.83333333333333,7.25,5,7.375,6,3,2,1,8,224,152,72,17,37,187,6.60892857142857,7.1046052631579,5.5625,5.82941176470588,6.00540540540541,6.7283422459893,24
"28",2010,11,6.75,4,7,6.5,6,NA,6.75,2,2,1,0,4,228,154,74,18,37,191,6.61140350877193,7.10324675324675,5.58783783783784,5.83888888888889,6.00540540540541,6.72879581151833,25
"29",2010,12,5.98333333333333,12,6.1,5.75,6,6,5.98181818181818,8,4,2,1,11,240,162,78,20,38,202,6.58,7.0537037037037,5.59615384615385,5.855,6.00526315789474,6.68811881188119,26
"30",2011,1,6.20833333333333,12,6.8125,5,NA,3.5,6.75,8,4,0,2,10,252,170,82,20,40,212,6.56230158730159,7.04235294117647,5.56707317073171,5.855,5.88,6.69103773584906,27
"31",2011,2,6.61538461538461,13,6.88888888888889,6,6.5,5.5,6.81818181818182,9,4,2,2,11,265,179,86,22,42,223,6.56490566037736,7.03463687150838,5.58720930232558,5.91363636363636,5.86190476190476,6.69730941704036,28
"32",2011,3,6.6,18,7.48571428571429,3.5,5,4.33333333333333,7.05333333333333,14,4,1,3,15,283,193,90,23,45,238,6.56713780918728,7.06735751295337,5.49444444444444,5.87391304347826,5.76,6.71974789915966,29
"33",2011,4,6.34615384615385,13,7.92857142857143,4.5,3,5,6.45833333333333,7,6,2,1,12,296,200,96,25,46,250,6.55743243243243,7.0975,5.43229166666667,5.644,5.74347826086957,6.7072,30
"34",2011,5,6.5,7,6.5,6.5,NA,6.16666666666667,6.75,5,2,0,3,4,303,205,98,25,49,254,6.55610561056106,7.08292682926829,5.45408163265306,5.644,5.76938775510204,6.70787401574803,31
"35",2011,6,6.33333333333333,9,6.8,5.75,6,NA,6.33333333333333,5,4,1,0,9,312,210,102,26,49,263,6.54967948717949,7.07619047619048,5.4656862745098,5.65769230769231,5.76938775510204,6.69505703422053,32
"36",2011,7,6.65,10,6.5625,7,4,6,6.72222222222222,8,2,1,1,9,322,218,104,27,50,272,6.5527950310559,7.05733944954128,5.49519230769231,5.5962962962963,5.774,6.69595588235294,33
"37",2011,8,7.05555555555556,9,7.41666666666667,6.33333333333333,7.5,7.5,6.92857142857143,6,3,2,2,7,331,224,107,29,52,279,6.56646525679758,7.06696428571429,5.51869158878505,5.72758620689655,5.84038461538462,6.70179211469534,34
"38",2011,9,5.83333333333333,6,5.75,6,6,NA,5.83333333333333,4,2,1,0,6,337,228,109,30,52,285,6.55341246290801,7.04385964912281,5.52752293577982,5.73666666666667,5.84038461538462,6.68350877192982,35
"39",2011,10,6.55,4,6.5,6.6,8.2,NA,6.55,2,2,1,0,4,341,230,111,31,52,289,6.55337243401759,7.03913043478261,5.54684684684685,5.81612903225806,5.84038461538462,6.68166089965398,36
"40",2011,11,6.5,14,6.88888888888889,5.8,7,4.5,7.04545454545455,9,5,2,3,11,355,239,116,33,55,300,6.5512676056338,7.03347280334728,5.55775862068966,5.88787878787879,5.76727272727273,6.695,37
"41",2011,12,6.70692307692308,13,6.969,5.83333333333333,5.75,5.5,6.92636363636364,10,3,2,2,11,368,249,119,35,57,311,6.55676630434783,7.03088353413655,5.56470588235294,5.88,5.75789473684211,6.70318327974276,38
"42",2012,1,6.91176470588235,17,7.33333333333333,5.9,5.75,7.5,6.83333333333333,12,5,2,2,15,385,261,124,37,59,326,6.57244155844156,7.04478927203065,5.57822580645161,5.87297297297297,5.81694915254237,6.7091717791411,39
"43",2012,2,6.16666666666667,9,5.75,6.5,6,NA,6.16666666666667,4,5,1,0,9,394,265,129,38,59,335,6.56317258883249,7.02524528301887,5.61395348837209,5.87631578947368,5.81694915254237,6.69459701492537,40
"44",2012,3,6.3,5,6.3,NA,NA,NA,6.3,5,0,0,0,5,399,270,129,38,59,340,6.55987468671679,7.01181481481481,5.61395348837209,5.87631578947368,5.81694915254237,6.68879411764706,41
"45",2012,4,6.1,10,6.5,5.5,8,7.5,5.94444444444444,6,4,1,1,9,409,276,133,39,60,349,6.54863080684597,7.0006884057971,5.61052631578947,5.93076923076923,5.845,6.66959885386819,42
"46",2012,5,6.40909090909091,11,6.375,6.5,6.5,6.75,6.33333333333333,8,3,3,2,9,420,284,136,42,62,358,6.54497619047619,6.98306338028169,5.63014705882353,5.97142857142857,5.8741935483871,6.66114525139665,43
"47",2012,6,6.84615384615385,13,7.31818181818182,4.25,6.5,6.75,6.86363636363636,11,2,1,2,11,433,295,138,43,64,369,6.55401847575058,6.9955593220339,5.61014492753623,5.98372093023256,5.9015625,6.66718157181572,44
"48",2012,7,6.29666666666667,12,6.33333333333333,6.18666666666667,NA,2,6.68727272727273,9,3,0,1,11,445,304,141,43,65,380,6.54707865168539,6.97595394736842,5.62241134751773,5.98372093023256,5.84153846153846,6.66776315789474,45
"49",2012,8,5.92857142857143,14,6.71428571428571,5.14285714285714,5.33333333333333,5.33333333333333,6.09090909090909,7,7,3,3,11,459,311,148,46,68,391,6.52821350762527,6.97006430868167,5.59972972972973,5.94130434782609,5.81911764705882,6.65153452685422,46
"50",2012,9,5.82142857142857,7,6.35,4.5,3,4.5,6.35,5,2,1,2,5,466,316,150,47,70,396,6.51759656652361,6.96025316455696,5.58506666666667,5.87872340425532,5.78142857142857,6.64772727272727,47
"51",2012,10,6.62,10,6.57142857142857,6.73333333333333,NA,6,6.68888888888889,7,3,0,1,9,476,323,153,47,71,405,6.51974789915966,6.951826625387,5.6075816993464,5.87872340425532,5.78450704225352,6.64864197530864,48
"52",2012,11,6.52941176470588,17,6.55,6.5,NA,7,6.5,10,7,0,1,16,493,333,160,47,72,421,6.52008113590264,6.93975975975976,5.646625,5.87872340425532,5.80138888888889,6.64299287410926,49
"53",2012,12,6.634,20,6.87,6.08333333333333,6.5,7.5,6.4175,14,6,2,4,16,513,347,166,49,76,437,6.524522417154,6.93694524495677,5.66240963855422,5.90408163265306,5.89078947368421,6.63473684210526,50
"54",2013,1,6.65454545454545,22,6.78125,6.31666666666667,6.5,5,6.82,16,6,2,2,20,535,363,172,51,78,457,6.5298691588785,6.9300826446281,5.68523255813953,5.92745098039216,5.86794871794872,6.64284463894967,51
"55",2013,2,7.05,12,7.77,3.45,NA,NA,7.05,10,2,0,0,12,547,373,174,51,78,469,6.54127970749543,6.95260053619303,5.65954022988506,5.92745098039216,5.86794871794872,6.65326226012793,52
"56",2013,3,7.11904761904762,21,7.44117647058824,5.75,5,2,7.375,17,4,1,1,20,568,390,178,52,79,489,6.56264084507042,6.97389743589744,5.66157303370786,5.90961538461538,5.81898734177215,6.68278118609407,53
"57",2013,4,6.39285714285714,14,6.42307692307692,6,NA,6,6.42307692307692,13,1,0,1,13,582,403,179,52,80,502,6.55855670103093,6.95612903225806,5.66346368715084,5.90961538461538,5.82125,6.67605577689243,54
"58",2013,5,7.4375,8,7.6,7.16666666666667,NA,NA,7.4375,5,3,0,0,8,590,408,182,52,80,510,6.57047457627119,6.96401960784314,5.68824175824176,5.90961538461538,5.82125,6.688,55
"59",2013,6,5.2875,16,5.86363636363636,4.02,2,4,5.47142857142857,11,5,1,2,14,606,419,187,53,82,524,6.53660066006601,6.93513126491647,5.64363636363636,5.83584905660377,5.77682926829268,6.6554961832061,56
"60",2013,7,6.01666666666667,18,6.6,4.5,5.25,5.875,6.05714285714286,13,5,2,4,14,624,432,192,55,86,538,6.52160256410256,6.9250462962963,5.61385416666667,5.81454545454545,5.78139534883721,6.63992565055762,57
"61",2013,8,6.73333333333333,21,6.77058823529412,6.575,6.5,7,6.72,17,4,1,1,20,645,449,196,56,87,558,6.52849612403101,6.91919821826281,5.6334693877551,5.82678571428571,5.79540229885058,6.64279569892473,58
"62",2013,9,5.703125,16,6.825,3.83333333333333,NA,4,5.81666666666667,10,6,0,1,15,661,459,202,56,88,573,6.508517397882,6.91714596949891,5.58,5.82678571428571,5.775,6.62116928446771,59
"63",2013,10,5.33333333333333,12,5.71428571428571,4.8,5,5.66666666666667,5.22222222222222,7,5,2,3,9,673,466,207,58,91,582,6.48756315007429,6.89907725321888,5.56115942028985,5.79827586206896,5.77142857142857,6.59953608247423,60
"64",2013,11,7.16666666666667,12,8,3,NA,8,6.88888888888889,10,2,0,3,9,685,476,209,58,94,591,6.4994598540146,6.92220588235294,5.53665071770335,5.79827586206896,5.84255319148936,6.60394247038917,61
"65",2013,12,6.38,25,6.96428571428571,5.63636363636364,5.3,6.16666666666667,6.44736842105263,14,11,5,6,19,710,490,220,63,100,610,6.49525352112676,6.92340816326531,5.54163636363636,5.75873015873016,5.862,6.59906557377049,62
"66",2014,1,6.55769230769231,26,6.91666666666667,5.75,6.66666666666667,4.5,6.72916666666667,18,8,3,2,24,736,508,228,66,102,634,6.49745923913043,6.92316929133858,5.54894736842105,5.8,5.83529411764706,6.6039905362776,63
"67",2014,2,6.63636363636364,11,7,5,5,6,6.7,9,2,2,1,10,747,517,230,68,103,644,6.4995046854083,6.92450676982592,5.54417391304348,5.77647058823529,5.8368932038835,6.60548136645963,64
"68",2014,3,7.25,15,7.59615384615385,5,NA,6,7.5625,13,2,0,3,12,762,530,232,68,106,656,6.5142782152231,6.94098113207547,5.53948275862069,5.77647058823529,5.84150943396226,6.62298780487805,65
"69",2014,4,6.875,12,7.05,6,7,7.5,6.81818181818182,10,2,1,1,11,774,540,234,69,107,667,6.51987080103359,6.943,5.5434188034188,5.79420289855072,5.85700934579439,6.62620689655172,66
"70",2014,5,6.05333333333333,15,6.25454545454545,5.5,5,6.65,5.96153846153846,11,4,2,2,13,789,551,238,71,109,680,6.51100126742712,6.92925589836661,5.54268907563025,5.77183098591549,5.87155963302752,6.6135,67
"71",2014,6,6.35555555555556,18,6.56923076923077,5.8,7.33333333333333,6,6.4,13,5,3,2,16,807,564,243,74,111,696,6.50753407682776,6.92095744680851,5.54798353909465,5.83513513513513,5.87387387387387,6.60859195402299,68
"72",2014,7,6.38461538461539,13,6.5,5.75,NA,NA,6.38461538461539,11,2,0,0,13,820,575,245,74,111,709,6.50558536585366,6.91290434782609,5.54963265306122,5.83513513513513,5.87387387387387,6.60448519040903,69
"73",2014,8,5.74705882352941,17,6.07,5.28571428571429,5,5,5.84666666666667,10,7,3,2,15,837,585,252,77,113,724,6.49017921146953,6.89849572649573,5.54230158730159,5.8025974025974,5.85840707964602,6.58878453038674,70
"74",2014,9,6.7,15,6.73076923076923,6.5,NA,7.5,6.5,13,2,0,3,12,852,598,254,77,116,736,6.49387323943662,6.89484949832776,5.54984251968504,5.8025974025974,5.90086206896552,6.58733695652174,71
"75",2014,10,6,14,6.65,4.375,4.66666666666667,4.5,6.40909090909091,10,4,3,3,11,866,608,258,80,119,747,6.48588914549653,6.89082236842105,5.53162790697674,5.76,5.86554621848739,6.58471218206158,72
"76",2014,11,6.06666666666667,15,6.25,5.33333333333333,5.5,6,6.07142857142857,12,3,2,1,14,881,620,261,82,120,761,6.47875141884222,6.87841935483871,5.52934865900383,5.75365853658537,5.86666666666667,6.57526938239159,73
"77",2014,12,6.46428571428571,14,6.83333333333333,5.8,6,8,6.20833333333333,9,5,1,2,12,895,629,266,83,122,773,6.4785251396648,6.87777424483307,5.53443609022556,5.7566265060241,5.9016393442623,6.56957309184993,74
"78",2015,1,6.71363636363636,22,6.735,6.5,6.5,NA,6.71363636363636,20,2,2,0,22,917,649,268,85,122,795,6.48416575790621,6.87337442218798,5.54164179104477,5.77411764705882,5.9016393442623,6.57355974842767,75
"79",2015,2,6.38823529411765,17,6.58888888888889,6.1625,5.325,5,6.475,9,8,4,1,16,934,658,276,89,123,811,6.48241970021413,6.86948328267477,5.55963768115942,5.75393258426966,5.89430894308943,6.57161528976572,76
"80",2015,3,6.46875,16,7.65,4.5,5.66666666666667,5.75,6.57142857142857,10,6,3,2,14,950,668,282,92,125,825,6.48218947368421,6.88116766467066,5.53709219858156,5.75108695652174,5.892,6.57161212121212,77
"81",2015,4,6.375,16,6.54545454545455,6,7,6,6.4,11,5,2,1,15,966,679,287,94,126,840,6.48041407867495,6.87572901325479,5.54515679442509,5.77765957446809,5.89285714285714,6.56854761904762,78
"82",2015,5,5.05555555555556,9,5.75,3.66666666666667,4,4.75,5.14285714285714,6,3,1,2,7,975,685,290,95,128,847,6.46726153846154,6.86586861313869,5.52572413793103,5.75894736842105,5.875,6.55676505312869,79
"83",2015,6,6.45454545454545,11,7,5,5.5,4.5,6.88888888888889,8,3,2,2,9,986,693,293,97,130,856,6.46711967545639,6.86741702741703,5.52034129692833,5.75360824742268,5.85384615384615,6.56025700934579,80
"84",2015,7,5.5625,16,6.55555555555556,4.28571428571429,6.25,7.5,5.43333333333333,9,7,2,1,15,1002,702,300,99,131,871,6.4526746506986,6.8634188034188,5.49153333333333,5.76363636363636,5.86641221374046,6.54084959816303,81
"85",2015,8,6.14705882352941,17,6.55,5.57142857142857,5.33333333333333,5.5,6.34615384615385,10,7,3,4,13,1019,712,307,102,135,884,6.44757605495584,6.85901685393258,5.49335504885993,5.75098039215686,5.85555555555556,6.53798642533937,82
"86",2015,9,4.45,10,4.2,4.7,5.5,3.5,4.85714285714286,5,5,1,3,7,1029,717,312,103,138,891,6.42816326530612,6.84047419804742,5.48064102564102,5.74854368932039,5.80434782608696,6.52478114478114,83
"87",2015,10,6.37333333333333,15,6.46,6.2,6.66666666666667,6,6.4,10,5,3,1,14,1044,727,317,106,139,905,6.4273754789272,6.83524071526823,5.49198738170347,5.77452830188679,5.80575539568345,6.52285082872928,84
"88",2015,11,5.988,25,6.47222222222222,4.74285714285714,4.5,5,6.12272727272727,18,7,3,3,22,1069,745,324,109,142,927,6.41710009354537,6.82646979865772,5.4758024691358,5.7394495412844,5.7887323943662,6.51335490830636,85
"89",2015,12,5.16666666666667,15,5.1875,5.14285714285714,5.33333333333333,5,5.17857142857143,8,7,3,1,14,1084,753,331,112,143,941,6.39979704797048,6.80905710491368,5.46876132930513,5.72857142857143,5.78321678321678,6.4934962805526,86
"90",2016,1,6.11363636363636,22,6.1875,5.91666666666667,6.5,5,6.16666666666667,16,6,3,1,21,1106,769,337,115,144,962,6.39410488245931,6.79612483745124,5.47673590504451,5.74869565217391,5.77777777777778,6.48636174636175,87
"91",2016,2,6.12083333333333,12,6.195,5.75,NA,6.25,6.07777777777778,10,2,0,3,9,1118,779,339,115,147,971,6.3911717352415,6.7884082156611,5.47834808259587,5.74869565217391,5.78741496598639,6.48257466529351,88
"92",2016,3,5.36842105263158,19,5.54545454545455,5.125,3.66666666666667,3.83333333333333,6.07692307692308,11,8,3,6,13,1137,790,347,118,153,984,6.37408091468777,6.77110126582278,5.47020172910663,5.69576271186441,5.71078431372549,6.47721544715447,89
"93",2016,4,5.55555555555556,18,5.95,5.0625,5.3,6.125,5.39285714285714,10,8,5,4,14,1155,800,355,123,157,998,6.36132467532467,6.7608375,5.46101408450704,5.67967479674797,5.72133757961783,6.46200400801603,90
"94",2016,5,6.27272727272727,11,6.64285714285714,5.625,5.25,6.75,6.16666666666667,7,4,2,2,9,1166,807,359,125,159,1007,6.36048885077187,6.75981412639405,5.46284122562674,5.6728,5.73427672955975,6.45936444885799,91
"95",2016,6,6.47368421052632,19,6.66666666666667,5.75,5.33333333333333,7,6.41176470588235,15,4,3,2,17,1185,822,363,128,161,1024,6.36230379746835,6.75811435523114,5.46600550964187,5.66484375,5.75,6.45857421875,92
"96",2016,7,6.4,15,6.4,6.4,NA,7,6.35714285714286,10,5,0,1,14,1200,832,368,128,162,1038,6.362775,6.75381009615385,5.47869565217391,5.66484375,5.75771604938272,6.45720616570328,93
"97",2016,8,6.00238095238095,21,6.67083333333333,5.11111111111111,5.57142857142857,5.66666666666667,6.05833333333333,12,9,7,3,18,1221,844,377,135,165,1056,6.35657657657658,6.75263033175356,5.46992042440318,5.66,5.75606060606061,6.4504071969697,94
"98",2016,9,6,16,6.15384615384615,5.33333333333333,5,5.5,6.07142857142857,13,3,1,2,14,1237,857,380,136,167,1070,6.35196443007275,6.74354725787631,5.46884210526316,5.65514705882353,5.75299401197605,6.44544859813084,95
"99",2016,10,5.41176470588235,17,6.18181818181818,4,3.5,6,5.375,11,6,2,1,16,1254,868,386,138,168,1086,6.33921850079745,6.73642857142857,5.4460103626943,5.62391304347826,5.75446428571429,6.42967771639042,96
"100",2016,11,6.33333333333333,27,6.77272727272727,4.4,5.33333333333333,7,6.30769230769231,22,5,3,1,26,1281,890,391,141,169,1112,6.33909445745511,6.73732584269663,5.43263427109974,5.6177304964539,5.76183431952663,6.42682553956835,97
"101",2016,12,6.34615384615385,13,6.40909090909091,6,6,NA,6.34615384615385,11,2,1,0,13,1294,901,393,142,169,1125,6.33916537867079,6.73331853496115,5.43552162849873,5.62042253521127,5.76183431952663,6.42589333333333,98
"102",2017,1,6.53739130434783,23,6.98625,5.51142857142857,6,6,6.618,16,7,1,3,20,1317,917,400,143,172,1145,6.34262718299165,6.73773173391494,5.43685,5.62307692307692,5.76598837209302,6.42924890829694,99
"103",2017,2,6.14285714285714,21,6.3125,5.6,5.5,8,5.94736842105263,16,5,4,2,19,1338,933,405,147,174,1164,6.33949177877429,6.73043944265809,5.43886419753086,5.61972789115646,5.79166666666667,6.42138316151203,100
"104",2017,3,6.63888888888889,18,7.19230769230769,5.2,5,4.66666666666667,7.03333333333333,13,5,2,3,15,1356,946,410,149,177,1179,6.34346607669616,6.73678646934461,5.43595121951219,5.61140939597315,5.7725988700565,6.42916878710772,101
"105",2017,4,6.08823529411765,17,6.29166666666667,5.6,NA,5.16666666666667,6.28571428571429,12,5,0,3,14,1373,958,415,149,180,1193,6.34030589949017,6.7312108559499,5.43792771084337,5.61140939597315,5.7625,6.42748533109807,102
"106",2017,5,6.35625,16,6.63636363636364,5.74,7.5,6.5,6.33571428571429,11,5,2,2,14,1389,969,420,151,182,1207,6.34048956083513,6.73013415892673,5.44152380952381,5.6364238410596,5.7706043956044,6.42642087821044,103
"107",2017,6,5.54166666666667,12,5.88888888888889,4.5,4,4.5,5.75,9,3,1,2,10,1401,978,423,152,184,1217,6.33364739471806,6.72239263803681,5.4348463356974,5.62565789473684,5.75679347826087,6.42086277732128,104
"108",2017,7,5.80769230769231,13,6.28571428571429,5.25,6.125,7.25,5.54545454545455,7,6,4,2,11,1414,985,429,156,186,1228,6.32881188118812,6.71928934010152,5.43226107226107,5.63846153846154,5.77284946236559,6.41302117263844,105
"109",2017,8,6.48611111111111,18,6.67307692307692,6,6.5,7,6.421875,13,5,4,2,16,1432,998,434,160,188,1244,6.33078910614525,6.7186873747495,5.43880184331797,5.66,5.78590425531915,6.41313504823151,106
"110",2017,9,6.1875,16,6.4,5.83333333333333,6,6,6.21428571428571,10,6,1,2,14,1448,1008,440,161,190,1258,6.32920580110497,6.71552579365079,5.44418181818182,5.66211180124224,5.78815789473684,6.41092209856916,107
"111",2017,10,5.94117647058824,17,7.33333333333333,4.375,4.5,NA,5.94117647058824,9,8,2,0,17,1465,1017,448,163,190,1275,6.32470307167235,6.72099311701082,5.42508928571428,5.6478527607362,5.78815789473684,6.40465882352941,108
"112",2017,11,5.79166666666667,12,6.27777777777778,4.33333333333333,5,4.5,6.05,9,3,1,2,10,1477,1026,451,164,192,1285,6.32037237643873,6.71710526315789,5.41782705099778,5.64390243902439,5.77473958333333,6.40189883268482,109
"113",2017,12,6.296,15,5.8125,6.84857142857143,7,4.5,6.57230769230769,8,7,2,2,13,1492,1034,458,166,194,1298,6.3201273458445,6.71010638297872,5.4396943231441,5.66024096385542,5.76159793814433,6.40360554699538,110
"114",2018,1,6.31578947368421,19,6.47058823529412,5,NA,NA,6.31578947368421,17,2,0,0,19,1511,1051,460,166,194,1317,6.32007279947055,6.70623215984776,5.43778260869565,5.66024096385542,5.76159793814433,6.40233864844343,111
"115",2018,2,6.375,8,7,2,2,NA,6.375,7,1,1,0,8,1519,1058,461,167,194,1325,6.320362080316,6.70817580340265,5.43032537960954,5.63832335329341,5.76159793814433,6.40217358490566,112
"116",2018,3,5.3,10,5.85714285714286,4,6,NA,5.3,7,3,1,0,10,1529,1065,464,168,194,1335,6.3136886854153,6.70258215962441,5.42107758620689,5.64047619047619,5.76159793814433,6.39391760299625,113
"117",2018,4,6.23333333333333,15,6.26923076923077,6,NA,7,6.11538461538461,13,2,0,2,13,1544,1078,466,168,196,1348,6.31290803108808,6.69735621521336,5.42356223175965,5.64047619047619,5.77423469387755,6.39123145400593,114
"118",2018,5,5.76923076923077,13,6.57142857142857,4.83333333333333,6,6,5.72727272727273,7,6,2,2,11,1557,1085,472,170,198,1359,6.30836865767502,6.69654377880184,5.4160593220339,5.64470588235294,5.77651515151515,6.38585724797645,115
"119",2018,6,6.25,4,6.25,NA,NA,NA,6.25,4,0,0,0,4,1561,1089,472,170,198,1363,6.30821909032671,6.69490358126722,5.4160593220339,5.64470588235294,5.77651515151515,6.38545854732208,116
"120",2018,7,6.18181818181818,11,6.28571428571429,6,6,NA,6.18181818181818,7,4,1,0,11,1572,1096,476,171,198,1374,6.30733460559796,6.6922901459854,5.42096638655462,5.64678362573099,5.77651515151515,6.38382823871907,117
"121",2018,8,5.9625,8,5.9625,NA,NA,5.83333333333333,6.04,8,0,0,3,5,1580,1104,476,171,201,1379,6.30558860759494,6.6870018115942,5.42096638655462,5.64678362573099,5.7773631840796,6.38258158085569,118
"122",2018,9,6.51875,16,6.25,7.325,7,7.5,6.37857142857143,12,4,1,2,14,1596,1116,480,172,203,1393,6.30772556390977,6.68230286738351,5.43683333333333,5.6546511627907,5.79433497536946,6.38254127781766,119
"123",2018,10,6.12,20,6.34,5.9,5.41666666666667,6,6.12631578947368,10,10,6,1,19,1616,1126,490,178,204,1412,6.30540222772277,6.67926287744227,5.44628571428571,5.64662921348315,5.7953431372549,6.37909348441926,120
"124",2018,11,6.03846153846154,13,6.22727272727273,5,4,5,6.22727272727273,11,2,1,2,11,1629,1137,492,179,206,1423,6.30327194597913,6.67489006156552,5.44447154471545,5.63743016759777,5.7876213592233,6.37791988756149,121
"125",2018,12,6.6625,8,6.66,6.66666666666667,6,NA,6.6625,5,3,1,0,8,1637,1142,495,180,206,1431,6.30502748930971,6.67482486865149,5.45187878787879,5.63944444444444,5.7876213592233,6.3795108315863,122
"126",2019,1,5.98823529411765,17,6.2,5,5,NA,5.98823529411765,14,3,2,0,17,1654,1156,498,182,206,1448,6.30177146311971,6.66907439446367,5.44915662650602,5.63241758241758,5.7876213592233,6.37491712707182,123
"127",2019,2,6.7,13,6.7,NA,NA,7,6.64545454545455,13,0,0,2,11,1667,1169,498,182,208,1459,6.30487702459508,6.66941830624465,5.44915662650602,5.63241758241758,5.79927884615385,6.37695681973955,124
"128",2019,3,6.16666666666667,15,7.38888888888889,4.33333333333333,3.75,NA,6.16666666666667,9,6,4,0,15,1682,1178,504,186,208,1474,6.30364447086801,6.67491511035654,5.43587301587301,5.59193548387097,5.79927884615385,6.37481682496608,125
"129",2019,4,6.42,10,6.42,NA,NA,6.1,6.5,10,0,0,2,8,1692,1188,504,186,210,1482,6.30433215130024,6.67276936026936,5.43587301587301,5.59193548387097,5.80214285714286,6.37549257759784,126
"130",2019,5,5.75,8,6.16666666666667,4.5,5,NA,5.75,6,2,2,0,8,1700,1194,506,188,210,1490,6.30172352941176,6.67022613065327,5.43217391304348,5.58563829787234,5.80214285714286,6.37213422818792,127
"131",2019,6,5.33333333333333,9,5.66666666666667,4.66666666666667,4,7,5.125,6,3,1,1,8,1709,1200,509,189,211,1498,6.2966237565828,6.66520833333333,5.42766208251473,5.57724867724868,5.80781990521327,6.36547396528705,128
"132",2019,7,6,12,7.125,3.75,2,7,5.90909090909091,8,4,1,1,11,1721,1208,513,190,212,1509,6.29455549099361,6.66825331125828,5.41458089668616,5.55842105263158,5.81344339622642,6.36214711729622,129
"133",2019,8,5.92,15,6.1,4.75,3.5,NA,5.92,13,2,1,0,15,1736,1221,515,191,212,1524,6.29131912442396,6.66220311220311,5.412,5.54764397905759,5.81344339622642,6.35779527559055,130
"134",2019,9,6.25,10,6.4375,5.5,5.5,NA,6.25,8,2,2,0,10,1746,1229,517,193,212,1534,6.2910824742268,6.66074043938161,5.41234042553191,5.54715025906736,5.81344339622642,6.3570925684485,131
"135",2019,10,6.31818181818182,11,7,5.125,4.75,NA,6.31818181818182,7,4,2,0,11,1757,1236,521,195,212,1545,6.29125213431986,6.66266181229774,5.41013435700576,5.53897435897436,5.81344339622642,6.35681553398058,132
"136",2019,11,5.96363636363636,11,6.18333333333333,5.7,4,NA,5.96363636363636,6,5,1,0,11,1768,1242,526,196,212,1556,6.28921380090498,6.660346215781,5.4128897338403,5.53112244897959,5.81344339622642,6.35403598971722,133
"137",2019,12,5.28571428571429,7,5.6,4.5,3,4,5.5,5,2,1,1,6,1775,1247,528,197,213,1562,6.28525633802817,6.65609462710505,5.40943181818182,5.51827411167513,5.80492957746479,6.35075544174136,134
"138",2020,1,5.53333333333333,15,6.11111111111111,4.66666666666667,4.75,6,5.41666666666667,9,6,4,3,12,1790,1256,534,201,216,1574,6.27895530726257,6.65218949044586,5.4010861423221,5.50298507462687,5.80763888888889,6.34363405336722,135
"139",2020,2,6.35714285714286,7,6.35714285714286,NA,NA,NA,6.35714285714286,7,0,0,0,7,1797,1263,534,201,216,1581,6.27925987757373,6.65055423594616,5.4010861423221,5.50298507462687,5.80763888888889,6.34369386464263,136
"140",2020,3,6.08636363636364,11,6.77222222222222,3,3,NA,6.08636363636364,9,2,1,0,11,1808,1272,536,202,216,1592,6.27808628318584,6.65141509433962,5.39212686567164,5.49059405940594,5.80763888888889,6.34191582914573,137
"141",2020,4,5.23076923076923,13,5.61111111111111,4.375,5.5,6,5.16666666666667,9,4,1,1,12,1821,1281,540,203,217,1604,6.27060955518946,6.64410616705699,5.38459259259259,5.49064039408867,5.80852534562212,6.33312344139651,138
"142",2020,5,5.33333333333333,12,5.44444444444444,5,6,6,5.27272727272727,9,3,1,1,11,1833,1290,543,204,218,1615,6.26447354064375,6.63573643410853,5.38246777163904,5.49313725490196,5.80940366972477,6.32590092879257,139
"143",2020,6,5.85,10,6.5,4.875,6.75,5,6.21428571428571,6,4,2,3,7,1843,1296,547,206,221,1622,6.26222463374932,6.63510802469136,5.37875685557587,5.50533980582524,5.79841628959276,6.32541923551171,140
"144",2020,7,5.5625,8,6.375,4.75,4,NA,5.5625,4,4,2,0,8,1851,1300,551,208,221,1630,6.25920043219881,6.63430769230769,5.37419237749546,5.49086538461539,5.79841628959276,6.32167484662577,141
"145",2020,8,5.77272727272727,11,5.77272727272727,NA,NA,6.5,5.61111111111111,11,0,0,2,9,1862,1311,551,208,223,1639,6.25632653061224,6.62707856598017,5.37419237749546,5.49086538461539,5.80470852017937,6.31777303233679,142
"146",2020,9,5.9,10,6.5,4.5,5.25,5.5,5.94444444444444,7,3,2,1,9,1872,1318,554,210,224,1648,6.25442307692308,6.62640364188164,5.36945848375451,5.48857142857143,5.80334821428571,6.31573422330097,143
"147",2020,10,6.26923076923077,13,6.375,5,NA,6.5,6.25,12,1,0,1,12,1885,1330,555,210,225,1660,6.25452519893899,6.62413533834587,5.36879279279279,5.48857142857143,5.80644444444444,6.31525903614458,144
"148",2020,11,6.42857142857143,7,6.42857142857143,NA,NA,9,6,7,0,0,1,6,1892,1337,555,210,226,1666,6.25516913319239,6.62311144353029,5.36879279279279,5.48857142857143,5.82057522123894,6.31412364945978,145
"149",2020,12,6.24166666666667,12,6.59,4.5,3,5.95,6.3,10,2,1,2,10,1904,1347,557,211,228,1676,6.25508403361344,6.62286562731997,5.36567324955116,5.47677725118483,5.82171052631579,6.31403937947494,146
"150",2021,1,5.64285714285714,14,5.86363636363636,4.83333333333333,4.83333333333333,NA,5.64285714285714,11,3,3,0,14,1918,1358,560,214,228,1690,6.25061522419187,6.61671575846834,5.36282142857143,5.4677570093458,5.82171052631579,6.30847928994083,147
"151",2021,2,6.85714285714286,7,7.16666666666667,5,5,5,7.16666666666667,6,1,1,1,6,1925,1364,561,215,229,1696,6.25282077922078,6.6191348973607,5.36217468805704,5.46558139534884,5.81812227074236,6.31151533018868,148
"152",2021,3,6.03571428571429,14,6.1,5.875,5.5,6,6.03846153846154,10,4,2,1,13,1939,1374,565,217,230,1709,6.25125322331098,6.61535662299855,5.36580530973451,5.46589861751152,5.81891304347826,6.30943826799298,149
"153",2021,4,7.115,8,7.41714285714286,5,NA,7,7.13142857142857,7,1,0,1,7,1947,1381,566,217,231,1716,6.25480225988701,6.6194207096307,5.3651590106007,5.46589861751152,5.82402597402597,6.31279137529137,150
"154",2021,5,5.58666666666667,3,5.88,5,5,5,5.88,2,1,1,1,2,1950,1383,567,218,232,1718,6.25377435897436,6.61835140997831,5.36451499118166,5.46376146788991,5.82047413793104,6.31228754365541,151
"155",2021,6,6.58333333333333,6,6.5,7,NA,7,6.5,5,1,0,1,5,1956,1388,568,218,233,1723,6.25478527607362,6.61792507204611,5.36739436619718,5.46376146788991,5.8255364806867,6.31283226929774,152
"156",2021,7,5.71428571428571,14,5.90909090909091,5,6,4,5.84615384615385,11,3,1,1,13,1970,1399,571,219,234,1736,6.25094416243655,6.61235167977127,5.36546409807355,5.4662100456621,5.81773504273504,6.30933755760369,153
"157",2021,8,5.66666666666667,6,5.8,5,5,5,6,5,1,1,2,4,1976,1404,572,220,236,1740,6.24917004048583,6.60945868945869,5.36482517482517,5.46409090909091,5.81080508474576,6.30862643678161,154
"158",2021,9,6,10,6.375,4.5,NA,4,6.22222222222222,8,2,0,1,9,1986,1412,574,220,237,1749,6.24791540785498,6.60813031161473,5.36181184668989,5.46409090909091,5.80316455696203,6.30818181818182,155
"159",2021,10,5.56,10,6.26666666666667,4.5,5.5,7,5.4,6,4,2,1,9,1996,1418,578,222,238,1758,6.24446893787575,6.60668547249648,5.35584775086505,5.46441441441442,5.80819327731092,6.30353242320819,156
"160",2021,11,4.28571428571429,7,7,3.2,2,NA,4.28571428571429,2,5,1,0,7,2003,1420,583,223,238,1765,6.23762356465302,6.60723943661972,5.33735849056604,5.44887892376682,5.80819327731092,6.29552974504249,157
"161",2021,12,5.47,13,5.79111111111111,4.7475,4.5,NA,5.47,9,4,2,0,13,2016,1429,587,225,238,1778,6.23267361111111,6.60209937018895,5.33333901192504,5.44044444444445,5.80819327731092,6.28949381327334,158
"162",2022,1,5.82941176470588,17,6.50833333333333,4.2,4.25,6,5.81875,12,5,4,1,16,2033,1441,592,229,239,1794,6.22930152484014,6.60131852879945,5.32376689189189,5.41965065502183,5.80899581589958,6.28529542920847,159
"163",2022,2,6.3,10,6,7.5,NA,NA,6.3,8,2,0,0,10,2043,1449,594,229,239,1804,6.22964757709251,6.59799861973775,5.33109427609427,5.41965065502183,5.80899581589958,6.28537694013304,160
"164",2022,3,5.92727272727273,11,6.3,5.275,5.66666666666667,4.1,6.11,7,4,3,1,10,2054,1456,598,232,240,1814,6.2280282375852,6.59656593406594,5.33071906354515,5.42284482758621,5.801875,6.28441014332966,161
"165",2022,4,5.16875,8,6.04166666666667,2.55,2.55,NA,5.16875,6,2,2,0,8,2062,1462,600,234,240,1822,6.2239185257032,6.59428864569084,5.32145,5.3982905982906,5.801875,6.27951152579583,162
"166",2022,5,5.46666666666667,15,5.875,5,4.5,NA,5.46666666666667,8,7,4,0,15,2077,1470,607,238,240,1837,6.21844968704863,6.59037414965987,5.31774299835255,5.38319327731092,5.801875,6.27287425149701,163
"167",2022,6,5.77777777777778,9,6.4,5,5,NA,5.77777777777778,5,4,2,0,9,2086,1475,611,240,240,1846,6.21654841802493,6.58972881355932,5.31566284779051,5.38,5.801875,6.27046045503792,164
"168",2022,7,6.25,10,6.5,5.875,6.5,4.5,6.44444444444444,6,4,1,1,9,2096,1481,615,241,241,1855,6.21670801526718,6.58936529372046,5.31930081300813,5.38464730290456,5.79647302904564,6.27130458221024,165
"169",2022,8,6.77777777777778,9,7.28571428571429,5,4,6,7,7,2,1,2,7,2105,1488,617,242,243,1862,6.21910688836105,6.59264112903226,5.31826580226904,5.37892561983471,5.79814814814815,6.2740440386681,166
"170",2022,9,5.5,2,6,5,NA,NA,5.5,1,1,0,0,2,2107,1489,618,242,243,1864,6.21842429995254,6.59224311618536,5.31775080906149,5.37892561983471,5.79814814814815,6.27321351931331,167
"171",2022,10,6.4375,8,6.4375,NA,NA,9,6.07142857142857,8,0,0,1,7,2115,1497,618,242,244,1871,6.21925295508274,6.59141616566467,5.31775080906149,5.37892561983471,5.81127049180328,6.27245857830037,168
"172",2022,11,6.16666666666667,12,6.66666666666667,4.66666666666667,4.5,NA,6.16666666666667,9,3,2,0,12,2127,1506,621,244,244,1883,6.2189562764457,6.59186586985392,5.31460547504026,5.37172131147541,5.81127049180328,6.2717843866171,169
"173",2022,12,4.61538461538461,13,4.75,4.4,4.33333333333333,5,4.58333333333333,8,5,3,1,12,2140,1514,626,247,245,1895,6.20921495327103,6.58213342140027,5.30730031948882,5.35910931174089,5.80795918367347,6.26109234828496,170
