"","year","month","avg_rating","no_ratings","avg_rating_owned","avg_rating_not_owned","avg_rating_prev_owned","avg_rating_comment","avg_rating_no_comment","no_ratings_owned","no_ratings_not_owned","no_ratings_prev_owned","no_ratings_comment","no_ratings_no_comment","cum_no_ratings","cum_no_ratings_owned","cum_no_ratings_not_owned","cum_no_ratings_prev_owned","cum_no_ratings_comment","cum_no_ratings_no_comment","cum_avg_rating","cum_avg_rating_owned","cum_avg_rating_not_owned","cum_avg_rating_prev_owned","cum_avg_rating_comment","cum_avg_rating_no_comment","month_after_release"
"1",2002,6,8,1,8,NA,NA,NA,8,1,0,0,0,1,1,1,0,0,0,1,8,8,NA,NA,NA,8,-2
"2",2002,8,7.25,4,7.25,NA,NA,7.33333333333333,7,4,0,0,3,1,5,5,0,0,3,2,7.4,7.4,NA,NA,7.33333333333333,7.5,0
"3",2002,9,8,3,9,7.5,8,8.5,7,1,2,1,2,1,8,6,2,1,5,3,7.625,7.66666666666667,7.5,8,7.8,7.33333333333333,1
"4",2002,10,7.375,4,8.75,6,NA,8.75,6,2,2,0,2,2,12,8,4,1,7,5,7.54166666666667,7.9375,6.75,8,8.07142857142857,6.8,2
"5",2002,11,7.83333333333333,6,8.75,6,NA,8.66666666666667,7,4,2,0,3,3,18,12,6,1,10,8,7.63888888888889,8.20833333333333,6.5,8,8.25,6.875,3
"6",2002,12,8,5,8,NA,NA,10,7.5,5,0,0,1,4,23,17,6,1,11,12,7.71739130434783,8.14705882352941,6.5,8,8.40909090909091,7.08333333333333,4
"7",2003,1,7.8,5,7.8,NA,NA,NA,7.8,5,0,0,0,5,28,22,6,1,11,17,7.73214285714286,8.06818181818182,6.5,8,8.40909090909091,7.29411764705882,5
"8",2003,2,7.57142857142857,7,7.83333333333333,6,6,6.66666666666667,8.25,6,1,1,3,4,35,28,7,2,14,21,7.7,8.01785714285714,6.42857142857143,7,8.03571428571428,7.47619047619048,6
"9",2003,3,8.1875,8,8.1875,NA,NA,8.41666666666667,7.5,8,0,0,6,2,43,36,7,2,20,23,7.7906976744186,8.05555555555556,6.42857142857143,7,8.15,7.47826086956522,7
"10",2003,4,8.4125,8,8.55,8,8,8.66666666666667,8.26,6,2,2,3,5,51,42,9,4,23,28,7.88823529411765,8.12619047619048,6.77777777777778,7.5,8.21739130434783,7.61785714285714,8
"11",2003,5,8.5,7,8.6,8.25,NA,8.375,8.66666666666667,5,2,0,4,3,58,47,11,4,27,31,7.96206896551724,8.17659574468085,7.04545454545455,7.5,8.24074074074074,7.71935483870968,9
"12",2003,6,9.1875,8,8.9,9.66666666666667,NA,9.5,7,5,3,0,7,1,66,52,14,4,34,32,8.11060606060606,8.24615384615385,7.60714285714286,7.5,8.5,7.696875,10
"13",2003,7,7.76829268292683,41,7.921875,7.22222222222222,8,8.42307692307692,7.46428571428571,32,9,1,13,28,107,84,23,5,47,60,7.97943925233645,8.12261904761905,7.45652173913043,7.6,8.47872340425532,7.58833333333333,11
"14",2003,8,7.39375,16,7.15384615384615,8.43333333333333,8,7.75,7.275,13,3,1,4,12,123,97,26,6,51,72,7.90325203252032,7.99278350515464,7.56923076923077,7.66666666666667,8.42156862745098,7.53611111111111,12
"15",2003,9,7.51666666666667,12,7.60909090909091,6.5,NA,7.14,7.78571428571429,11,1,0,5,7,135,108,27,6,56,79,7.86888888888889,7.95370370370371,7.52962962962963,7.66666666666667,8.30714285714286,7.55822784810127,13
"16",2003,10,8.60526315789474,19,8.76666666666667,8,8,8.85,8.33333333333333,15,4,1,10,9,154,123,31,7,66,88,7.95974025974026,8.05284552845529,7.59032258064516,7.71428571428571,8.38939393939394,7.6375,14
"17",2003,11,7.5,9,7.8125,5,NA,7.5625,7,8,1,0,8,1,163,131,32,7,74,89,7.93435582822086,8.0381679389313,7.509375,7.71428571428571,8.3,7.63033707865169,15
"18",2003,12,7.32352941176471,17,8.04166666666667,5.6,7,7.4,7.29166666666667,12,5,1,5,12,180,143,37,8,79,101,7.87666666666667,8.03846153846154,7.25135135135135,7.625,8.24303797468355,7.59009900990099,16
"19",2004,1,7.04761904761905,21,7.76923076923077,5.875,4,6.9375,7.11538461538461,13,8,1,8,13,201,156,45,9,87,114,7.79004975124378,8.01602564102564,7.00666666666667,7.22222222222222,8.12298850574713,7.5359649122807,17
"20",2004,2,7.72916666666667,24,7.78571428571429,7.33333333333333,NA,7.5,7.80555555555556,21,3,0,6,18,225,177,48,9,93,132,7.78355555555556,7.98870056497175,7.02708333333333,7.22222222222222,8.08279569892473,7.57272727272727,18
"21",2004,3,7.46774193548387,31,7.46153846153846,7.5,7.5,7.41176470588235,7.53571428571429,26,5,2,17,14,256,203,53,11,110,146,7.7453125,7.92118226600985,7.07169811320755,7.27272727272727,7.97909090909091,7.56917808219178,19
"22",2004,4,7.73958333333333,24,8.03947368421053,6.6,9,8.69444444444444,7.16666666666667,19,5,1,9,15,280,222,58,12,119,161,7.74482142857143,7.93130630630631,7.03103448275862,7.41666666666667,8.03319327731093,7.53167701863354,20
"23",2004,5,7.11538461538461,13,7.86363636363636,3,NA,8.7,6.125,11,2,0,5,8,293,233,60,12,124,169,7.71689419795222,7.92811158798283,6.89666666666667,7.41666666666667,8.06008064516129,7.46508875739645,21
"24",2004,6,7.52631578947368,19,7.9375,5.33333333333333,6,7.28571428571429,7.66666666666667,16,3,2,7,12,312,249,63,14,131,181,7.70528846153846,7.92871485943775,6.82222222222222,7.21428571428571,8.01870229007634,7.47845303867403,22
"25",2004,7,7.925,20,8.26470588235294,6,7,7.92857142857143,7.92307692307692,17,3,1,7,13,332,266,66,15,138,194,7.71852409638554,7.95018796992481,6.78484848484849,7.2,8.01413043478261,7.50824742268041,23
"26",2004,8,7.92,20,8.30625,6.375,7,7.81818181818182,8.04444444444444,16,4,1,11,9,352,282,70,16,149,203,7.72997159090909,7.97039007092199,6.76142857142857,7.1875,7.9996644295302,7.5320197044335,24
"27",2004,9,7.66071428571429,28,7.78571428571429,7.28571428571429,8,7.58333333333333,7.71875,21,7,3,12,16,380,303,77,19,161,219,7.72486842105263,7.95759075907591,6.80909090909091,7.31578947368421,7.96863354037267,7.54566210045662,25
"28",2004,10,8.07407407407407,27,8.14583333333333,7.5,NA,7.91666666666667,8.2,24,3,0,12,15,407,327,80,19,173,234,7.7480343980344,7.97140672782875,6.835,7.31578947368421,7.9650289017341,7.58760683760684,26
"29",2004,11,7.78787878787879,33,8.14,6.6875,7,8.1,7.52777777777778,25,8,1,15,18,440,352,88,20,188,252,7.75102272727273,7.98338068181818,6.82159090909091,7.3,7.97579787234043,7.58333333333333,27
"30",2004,12,7.62068965517241,29,7.74074074074074,6,NA,8.54545454545454,7.05555555555556,27,2,0,11,18,469,379,90,20,199,270,7.74296375266525,7.96609498680739,6.80333333333333,7.3,8.0072864321608,7.54814814814815,28
"31",2005,1,7.69444444444444,54,8.06341463414634,6.53076923076923,7.33333333333333,7.844,7.56551724137931,41,13,3,25,29,523,420,103,23,224,299,7.73795411089866,7.97559523809524,6.76893203883495,7.30434782608696,7.9890625,7.54983277591973,29
"32",2005,2,7.82222222222222,36,7.89032258064516,7.4,8,7.81578947368421,7.82941176470588,31,5,2,19,17,559,451,108,25,243,316,7.74338103756708,7.96973392461197,6.79814814814815,7.36,7.97551440329218,7.56487341772152,30
"33",2005,3,7.59574468085106,47,7.59722222222222,7.59090909090909,9.5,7.77272727272727,7.44,36,11,2,22,25,606,487,119,27,265,341,7.73193069306931,7.94219712525667,6.87142857142857,7.51851851851852,7.95867924528302,7.55571847507331,31
"34",2005,4,7.78333333333333,27,7.96590909090909,6.98,8,8.06764705882353,7.3,22,5,1,17,10,633,509,124,28,282,351,7.73412322274882,7.94322200392927,6.8758064516129,7.53571428571429,7.96524822695036,7.54843304843305,32
"35",2005,5,7.5,24,7.77777777777778,6.66666666666667,7,8.05,7.10714285714286,18,6,1,10,14,657,527,130,29,292,365,7.72557077625571,7.93757115749526,6.86615384615385,7.51724137931035,7.96815068493151,7.53150684931507,33
"36",2005,6,7.63325,40,7.811,7.1,7.83333333333333,7.62863636363636,7.63888888888889,30,10,3,22,18,697,557,140,32,314,383,7.72027259684361,7.93075403949731,6.88285714285714,7.546875,7.94436305732484,7.53655352480418,34
"37",2005,7,7.69117647058824,34,7.88888888888889,6.92857142857143,7,7.34375,8,27,7,2,16,18,731,584,147,34,330,401,7.71891928864569,7.92881849315069,6.88503401360544,7.51470588235294,7.91524242424242,7.5573566084788,35
"38",2005,8,7.63333333333333,45,7.76470588235294,7.22727272727273,NA,7.56451612903226,7.78571428571429,34,11,0,31,14,776,618,158,34,361,415,7.71395618556701,7.91978964401295,6.90886075949367,7.51470588235294,7.88512465373961,7.56506024096385,36
"39",2005,9,7.46551724137931,29,7.65,7.05555555555556,8,7.70588235294118,7.125,20,9,1,17,12,805,638,167,35,378,427,7.70500621118012,7.91133228840125,6.91676646706587,7.52857142857143,7.87706349206349,7.55269320843091,37
"40",2005,10,7.78205128205128,39,7.92857142857143,7.40909090909091,7.625,7.97368421052632,7.6,28,11,4,19,20,844,666,178,39,397,447,7.7085663507109,7.91205705705706,6.94719101123595,7.53846153846154,7.88168765743073,7.55480984340045,38
"41",2005,11,7.2972972972973,37,7.73333333333333,5.42857142857143,5.25,7,7.5,30,7,2,15,22,881,696,185,41,412,469,7.69129398410897,7.90435344827586,6.88972972972973,7.42682926829268,7.84958737864078,7.55223880597015,39
"42",2005,12,7.32352941176471,34,7.74,6.16666666666667,NA,7.375,7.27777777777778,25,9,0,16,18,915,721,194,41,428,487,7.67762841530055,7.89865464632455,6.85618556701031,7.42682926829268,7.83184579439252,7.54209445585216,40
"43",2006,1,7.64893617021277,47,8.01612903225806,6.9375,6.625,7.52777777777778,7.72413793103448,31,16,4,18,29,962,752,210,45,446,516,7.67622661122661,7.90349734042553,6.86238095238095,7.35555555555556,7.81957399103139,7.55232558139535,41
"44",2006,2,7.19166666666667,30,7.41304347826087,6.46428571428571,6,7.296875,7.07142857142857,23,7,1,16,14,992,775,217,46,462,530,7.66157258064516,7.88894193548387,6.84953917050691,7.32608695652174,7.80147186147186,7.53962264150943,42
"45",2006,3,7.21707317073171,41,7.33235294117647,6.65714285714286,NA,7.345,7.09523809523809,34,7,0,20,21,1033,809,224,46,482,551,7.6439303000968,7.8655500618047,6.84352678571428,7.32608695652174,7.78253112033195,7.52268602540835,43
"46",2006,4,7.34090909090909,22,7.80769230769231,6.66666666666667,8,6.8,7.5,13,9,1,5,17,1055,822,233,47,487,568,7.63761137440758,7.86463503649635,6.83669527896996,7.34042553191489,7.77244353182752,7.52200704225352,44
"47",2006,5,7.26153846153846,26,7.43684210526316,6.78571428571429,6.625,7.34545454545455,7.2,19,7,4,11,15,1081,841,240,51,498,583,7.62856614246068,7.85497027348395,6.83520833333333,7.2843137254902,7.76301204819277,7.51372212692967,45
"48",2006,6,6.99586206896552,29,7.55176470588235,6.20833333333333,6.75,6.734375,7.31769230769231,17,12,4,16,13,1110,858,252,55,514,596,7.61203603603604,7.84896270396271,6.80535714285714,7.24545454545455,7.73099221789883,7.50944630872483,46
"49",2006,7,7.11627906976744,43,7.25,6.80769230769231,6.91666666666667,7.1,7.125,30,13,6,15,28,1153,888,265,61,529,624,7.59354726799653,7.82872747747748,6.80547169811321,7.21311475409836,7.71310018903592,7.49219551282051,47
"50",2006,8,6.7962962962963,27,6.97368421052632,6.375,6,6.53125,7.18181818181818,19,8,1,16,11,1180,907,273,62,545,635,7.57530508474576,7.81081587651599,6.79285714285714,7.19354838709677,7.67840366972477,7.4868188976378,48
"51",2006,9,7.51666666666667,30,8.14285714285714,6.05555555555556,7.3,7.875,7.27777777777778,21,9,5,12,18,1210,928,282,67,557,653,7.57385123966942,7.81832974137931,6.76932624113475,7.20149253731343,7.68263913824058,7.48105666156202,49
"52",2006,10,7.34042553191489,47,7.55714285714286,6.70833333333333,NA,7.25,7.43478260869565,35,12,0,24,23,1257,963,294,67,581,676,7.56512330946698,7.80883696780893,6.76683673469388,7.20149253731343,7.66476764199656,7.47948224852071,50
"53",2006,11,7.1469696969697,33,7.57045454545455,6.3,6.5,7.46785714285714,6.91052631578947,22,11,2,14,19,1290,985,305,69,595,695,7.55442635658915,7.80351269035533,6.75,7.18115942028986,7.66013445378151,7.46392805755396,51
"54",2006,12,7.27380952380952,42,7.5,6.86666666666667,8,7.32142857142857,7.25,27,15,1,14,28,1332,1012,320,70,609,723,7.54557807807808,7.79541501976285,6.75546875,7.19285714285714,7.65234811165846,7.45564315352697,52
"55",2007,1,7.45535714285714,56,7.69736842105263,6.94444444444444,8,7.47222222222222,7.44736842105263,38,18,2,18,38,1388,1050,338,72,627,761,7.54193804034582,7.79186666666667,6.7655325443787,7.21527777777778,7.64717703349282,7.45522996057819,53
"56",2007,2,7.00236294117647,34,7.15217391304348,6.68912181818182,5,7.75,6.33779666666667,23,11,2,16,18,1422,1073,349,74,643,779,7.52903680731364,7.77815470643057,6.76312418338109,7.15540540540541,7.64973561430793,7.42940993581515,54
"57",2007,3,7.35682926829268,41,7.6612,6.88125,7.5,7.67222222222222,7.11,25,16,2,18,23,1463,1098,365,76,661,802,7.52421075871497,7.77549180327869,6.76830230136986,7.16447368421053,7.65034795763994,7.42024980049875,55
"58",2007,4,7.36184210526316,38,7.67307692307692,6.6875,6,7.83823529411765,6.97619047619048,26,12,1,17,21,1501,1124,377,77,678,823,7.5201001598934,7.77312277580071,6.76573034482759,7.14935064935065,7.65505899705015,7.4089190036452,56
"59",2007,5,7.52380952380952,42,7.35185185185185,7.83333333333333,7.5,7.4,7.59259259259259,27,15,2,15,27,1543,1151,392,79,693,850,7.52020112767336,7.7632406602954,6.8065825,7.15822784810127,7.64953823953824,7.41475334117647,57
"60",2007,6,7.38854166666667,48,7.59545454545455,6.93333333333333,4.65,7.44444444444444,7.355,33,15,2,18,30,1591,1184,407,81,711,880,7.51622900062853,7.75856418918919,6.81125390663391,7.0962962962963,7.64434599156118,7.41271629545455,58
"61",2007,7,7.43263157894737,38,7.61307692307692,7.04166666666667,8,7.33047619047619,7.55882352941176,26,12,1,21,17,1629,1210,419,82,732,897,7.51427890730509,7.75543801652893,6.81785284009547,7.10731707317073,7.63534153005465,7.41548532887402,59
"62",2007,8,7.3974358974359,39,7.46774193548387,7.125,7,7.4,7.39473684210526,31,8,2,20,19,1668,1241,427,84,752,916,7.51154696642686,7.7482514101531,6.82360735362998,7.1047619047619,7.62908244680851,7.41505495633188,60
"63",2007,9,7.4375,24,8.03846153846154,6.72727272727273,6,6.83333333333333,8.04166666666667,13,11,2,12,12,1692,1254,438,86,764,928,7.51049665484634,7.75125996810208,6.82118799086758,7.07906976744186,7.61658376963351,7.42315769396552,61
"64",2007,10,6.80764705882353,34,7.058,6.45,7.5,7.224,6.47894736842105,20,14,2,15,19,1726,1274,452,88,779,947,7.49665141367323,7.74037676609105,6.80969101769912,7.08863636363636,7.6090243902439,7.40421366420275,62
"65",2007,11,7.27692307692308,39,7.21785714285714,7.42727272727273,7,7.58,7.0875,28,11,2,15,24,1765,1302,463,90,794,971,7.49179622662889,7.72913978494624,6.82436358531317,7.08666666666667,7.60847607052897,7.39638552008239,63
"66",2007,12,7.16637931034483,58,7.44305555555556,6.71363636363636,5.2,7.196,7.14393939393939,36,22,5,25,33,1823,1338,485,95,819,1004,7.48144286341196,7.72144245142003,6.81934090721649,6.98736842105263,7.59588522588523,7.38808798804781,64
"67",2008,1,7.10652173913043,46,7.26333333333333,6.8125,7,6.86521739130435,7.34782608695652,30,16,4,23,23,1869,1368,501,99,842,1027,7.47221527019796,7.71139619883041,6.81912243512974,6.98787878787879,7.57592636579572,7.38718630963973,65
"68",2008,2,7.45238095238095,42,7.7258064516129,6.68181818181818,6.83333333333333,7.63636363636364,7.25,31,11,3,22,20,1911,1399,512,102,864,1047,7.47177935112506,7.71171551107934,6.8161725390625,6.98333333333333,7.57746527777778,7.38456574976122,66
"69",2008,3,6.97333333333333,45,7.16666666666667,6.68333333333333,7.125,7.54444444444444,6.59259259259259,27,18,4,18,27,1956,1426,530,106,882,1074,7.46031203476482,7.70139551192146,6.81166101886792,6.98867924528302,7.57679138321995,7.36465581005587,67
"70",2008,4,7.50606060606061,33,7.95909090909091,6.6,7.5,7.7,7.38,22,11,3,13,20,1989,1448,541,109,895,1094,7.46107106083459,7.70531077348067,6.80735737523105,7.00275229357798,7.57858100558659,7.36493632541134,68
"71",2008,5,7.359375,32,7.36538461538461,7.33333333333333,7.83333333333333,7.5,7.17857142857143,26,6,3,18,14,2021,1474,547,112,913,1108,7.45946083127165,7.69931478968793,6.81312676416819,7.025,7.57703176341731,7.36258153429603,69
"72",2008,6,7.36785714285714,28,8,6.525,7.55,7.96923076923077,6.84666666666667,16,12,4,13,15,2049,1490,559,116,926,1123,7.45820904831625,7.70254362416108,6.80694157423971,7.04310344827586,7.58253779697624,7.35569041852182,70
"73",2008,7,6.98387755102041,49,7.4596875,6.08823529411765,5.81818181818182,6.98227272727273,6.98518518518518,32,17,11,22,27,2098,1522,576,127,948,1150,7.44713076263108,7.69743758212878,6.78572975694444,6.93700787401575,7.56860759493671,7.3469916,71
"74",2008,8,7.075,42,7.44444444444444,6.41,6.33846153846154,7.11111111111111,7.04791666666667,27,15,13,18,24,2140,1549,591,140,966,1174,7.43982726168224,7.69302775984506,6.77619346869712,6.88142857142857,7.56008281573499,7.34087763202726,72
"75",2008,9,7.23783783783784,37,7.28636363636364,7.16666666666667,7.16666666666667,7.8,6.89565217391304,22,15,9,14,23,2177,1571,606,149,980,1197,7.43639427652733,7.68733290897518,6.78585864686469,6.89865771812081,7.56351020408163,7.33232275689223,73
"76",2008,10,7.22916666666667,24,7.21428571428571,7.25,7.6,7.3125,7.1875,14,10,5,8,16,2201,1585,616,154,988,1213,7.43413463880054,7.68315457413249,6.79339340909091,6.92142857142857,7.56147773279352,7.33041248145095,74
"77",2008,11,6.9,30,6.86111111111111,6.95833333333333,6.9,6.94444444444444,6.88095238095238,18,12,5,9,21,2231,1603,628,159,997,1234,7.42695219184222,7.67392389270119,6.79654512738854,6.92075471698113,7.55590772316951,7.32276364667747,75
"78",2008,12,7.09803921568627,51,7.38461538461539,6.8,7,6.75,7.32258064516129,26,25,11,20,31,2282,1629,653,170,1017,1265,7.41960137598598,7.66930632289748,6.79667739663094,6.92588235294118,7.54005899705015,7.32275916205534,76
"79",2009,1,7.38404255319149,47,7.84655172413793,6.63888888888889,6.25,7.81764705882353,7.13833333333333,29,18,8,17,30,2329,1658,671,178,1034,1295,7.41888378703306,7.67240651387214,6.79244461997019,6.89550561797753,7.54462282398453,7.31848674903475,77
"80",2009,2,7.08880597014925,67,7.38888888888889,6.74032258064516,6.85,6.98809523809524,7.13478260869565,36,31,10,21,46,2396,1694,702,188,1055,1341,7.4096537312187,7.6663813459268,6.79014293447294,6.89308510638298,7.53354502369668,7.3121851901566,78
"81",2009,3,7.07641509433962,53,7.40740740740741,6.73269230769231,6.1,7.20588235294118,7.01527777777778,27,26,10,17,36,2449,1721,728,198,1072,1377,7.40244195181707,7.66231841952353,6.78809112637363,6.8530303030303,7.52834888059701,7.30442290486565,79
"82",2009,4,7.08333333333333,66,7.72727272727273,6.76136363636364,6.66666666666667,7.26315789473684,7.01063829787234,22,44,12,19,47,2515,1743,772,210,1091,1424,7.39406772962227,7.66313826735514,6.78656779792746,6.84238095238095,7.52373052245646,7.29472636235955,80
"83",2009,5,6.76078431372549,51,7.55,6.4,6.1,7.21818181818182,6.635,16,35,10,11,40,2566,1759,807,220,1102,1464,7.38148103663289,7.6621091529278,6.76980215613383,6.80863636363636,7.52068058076225,7.27670105191257,81
"84",2009,6,6.756,50,7,6.66111111111111,6.97142857142857,6.88888888888889,6.72682926829268,14,36,7,9,41,2616,1773,843,227,1111,1505,7.36952612385321,7.65688099266779,6.76516054567023,6.8136563876652,7.51556255625562,7.26172115614618,82
"85",2009,7,6.73125,48,6.955,6.57142857142857,6.13636363636364,6.41666666666667,6.83611111111111,20,28,11,12,36,2664,1793,871,238,1123,1541,7.35802565315315,7.64905186837702,6.758932652124,6.78235294117647,7.50382012466607,7.25177828682674,83
"86",2009,8,7.49761904761905,42,7.3125,7.61153846153846,7.7,7.2,7.590625,16,26,5,10,32,2706,1809,897,243,1133,1573,7.36019229120473,7.64607517965727,6.78364586399108,6.80123456790123,7.5011385701677,7.25867154481882,84
"87",2009,9,7.24464285714286,56,7.625,6.86428571428571,6.90909090909091,7.72857142857143,7.08333333333333,28,28,11,14,42,2762,1837,925,254,1147,1615,7.35784950760318,7.64575394665215,6.78608685405406,6.80590551181102,7.50391455972101,7.25411166563467,85
"88",2009,10,7.041,50,7.19230769230769,6.87708333333333,7.25714285714286,7.375,6.9575,26,24,7,10,40,2812,1863,949,261,1157,1655,7.35221562588905,7.6394256575416,6.78838813487882,6.81800766283525,7.50280034572169,7.24694280362538,86
"89",2009,11,6.97213114754098,61,7.23666666666667,6.71612903225806,6.97272727272727,7.35,6.81395348837209,30,31,11,18,43,2873,1893,980,272,1175,1698,7.34414561085973,7.63304278922346,6.7861023877551,6.82426470588235,7.50045957446808,7.23597782096584,87
"90",2009,12,6.62083333333333,60,7.125,6.36875,6.5,7.05263157894737,6.42073170731707,20,40,18,19,41,2933,1913,1020,290,1194,1739,7.32934890555745,7.62773131207527,6.76973562745098,6.80413793103448,7.49333333333333,7.21675695227142,88
"91",2010,1,7.171875,64,7.5,7.02272727272727,6.75,7.51538461538462,7.0843137254902,20,44,12,13,51,2997,1933,1064,302,1207,1790,7.32598609943276,7.6264097258148,6.78019768796993,6.80198675496689,7.49357083678542,7.2129834301676,89
"92",2010,2,6.82608695652174,46,7.20833333333333,6.40909090909091,6.5,7.18181818181818,6.71428571428571,24,22,4,11,35,3043,1957,1086,306,1218,1825,7.3184292934604,7.62128257537046,6.77267987108656,6.79803921568627,7.49075533661741,7.20341936438356,90
"93",2010,3,6.96296296296296,27,7.22727272727273,6.78125,6.83333333333333,7.2,6.90909090909091,11,16,6,5,22,3070,1968,1102,312,1223,1847,7.31530304234527,7.61908028455285,6.77280430127042,6.79871794871795,7.48956663941128,7.19991355711965,91
"94",2010,4,7.08636363636364,22,6.81666666666667,7.41,6.5,7.52,6.95882352941176,12,10,1,5,17,3092,1980,1112,313,1228,1864,7.31367410737387,7.61421717171717,6.77853447841727,6.79776357827476,7.48969055374593,7.19771477467811,92
"95",2010,5,7.3215625,32,7.62,7.18590909090909,7.5,6.72111111111111,7.55652173913044,10,22,7,9,23,3124,1990,1134,320,1237,1887,7.31375491037132,7.61424623115578,6.78643768959436,6.813125,7.48409862570736,7.20208815050344,93
"96",2010,6,7.115,20,7.42222222222222,6.86363636363636,7.25,7.54285714285714,6.88461538461539,9,11,2,7,13,3144,1999,1145,322,1244,1900,7.31249056615776,7.61338169084542,6.78717933624454,6.81583850931677,7.48442926045016,7.19991596842105,94
"97",2010,7,6.84375,24,7.005,6.72857142857143,6.25,7.09166666666667,6.76111111111111,10,14,4,6,18,3168,2009,1159,326,1250,1918,7.30893950126262,7.61035340965655,6.78647138912856,6.80889570552147,7.482544,7.19579788321168,95
"98",2010,8,7.3125,32,7.78125,6.84375,7.16666666666667,7.375,7.29166666666667,16,16,6,8,24,3200,2025,1175,332,1258,1942,7.30897510625,7.6117037037037,6.78725135319149,6.81536144578313,7.48186009538951,7.19698266735324,96
"99",2010,9,7.08181818181818,33,7.0625,7.1,7.6875,6.9375,7.10172413793103,16,17,4,4,29,3233,2041,1192,336,1262,1971,7.30665646149087,7.60739833414993,6.79171169463087,6.82574404761905,7.48013470681458,7.19558109589041,97
"100",2010,10,6.66666666666667,27,7.10714285714286,6.19230769230769,6.25,6,6.75,14,13,2,3,24,3260,2055,1205,338,1265,1995,7.30135593251534,7.6039902676399,6.78524509543568,6.82233727810651,7.47662450592885,7.19022072180451,98
"101",2010,11,6.88970588235294,34,7.32142857142857,6.5875,6.125,6.5625,6.99038461538461,14,20,4,8,26,3294,2069,1225,342,1273,2021,7.29710696417729,7.60207829869502,6.78201660408163,6.81418128654971,7.47087981146897,7.18764984661059,99
"102",2010,12,6.71428571428571,49,6.92,6.5,7,6.92307692307692,6.63888888888889,25,24,9,13,36,3343,2094,1249,351,1286,2057,7.28856426562967,7.59393505253104,6.77659755004003,6.81894586894587,7.46534214618973,7.17804586290715,100
"103",2011,1,7.14736842105263,38,7.25,6.97142857142857,6.16666666666667,7.55,7.071875,24,14,3,6,32,3381,2118,1263,354,1292,2089,7.28697732623484,7.59003777148253,6.77875719714964,6.81341807909604,7.46573529411765,7.17641950215414,101
"104",2011,2,7.08823529411765,34,7.5,6.625,8,7.6,6.68421052631579,18,16,5,15,19,3415,2136,1279,359,1307,2108,7.28499863543192,7.58927902621723,6.77683372947615,6.82994428969359,7.46727620504973,7.17198308349146,102
"105",2011,3,6.62714285714286,35,7.05263157894737,6.121875,6.40625,7.05,6.458,19,16,8,10,25,3450,2155,1295,367,1317,2133,7.27832473623188,7.5845475638051,6.76874157528958,6.82070844686648,7.46410782080486,7.16361478668542,103
"106",2011,4,7.15181481481481,27,7.38823529411765,6.7499,NA,7.575,6.97363157894737,17,10,0,8,19,3477,2172,1305,367,1325,2152,7.27734234685073,7.58301104972376,6.7685971954023,6.82070844686648,7.46477735849057,7.16193742565056,104
"107",2011,5,6.75434782608696,23,7.02692307692308,6.4,6,7.11666666666667,6.7,13,10,1,3,20,3500,2185,1315,368,1328,2172,7.27390552571428,7.57970251716247,6.76579417490494,6.81847826086956,7.46399096385542,7.15768385819521,105
"108",2011,6,6.69047619047619,21,7.55,5.90909090909091,5.5,7,6.61764705882353,10,11,2,4,17,3521,2195,1326,370,1332,2189,7.2704258278898,7.57956719817768,6.75868728506787,6.81135135135135,7.4625975975976,7.15348987665601,106
"109",2011,7,6.92878787878788,33,7.99230769230769,6.2375,6.46428571428571,7.90555555555556,6.5625,13,20,7,9,24,3554,2208,1346,377,1341,2213,7.26725361283061,7.58199728260869,6.75094304606241,6.80490716180371,7.46557046979866,7.14708058743787,107
"110",2011,8,6.86206896551724,29,7.30555555555556,6.13636363636364,6,7.25,6.71428571428571,18,11,2,8,21,3583,2226,1357,379,1349,2234,7.26397413898967,7.5797619047619,6.74596119380988,6.80065963060686,7.46429206819866,7.14301223813787,108
"111",2011,9,7.046875,32,7.33333333333333,6.5,6.25,7.375,6.85,21,11,6,12,20,3615,2247,1368,385,1361,2254,7.26205237621023,7.57745883400089,6.74398343567252,6.79207792207792,7.46350477590007,7.14041230700976,109
"112",2011,10,7.07142857142857,35,7.5,6.5625,6.58333333333333,7.6,6.98333333333333,19,16,6,5,30,3650,2266,1384,391,1366,2284,7.26022447671233,7.57680935569285,6.74188536127168,6.7888746803069,7.46400439238653,7.13834909807355,110
"113",2011,11,6.84558823529412,34,7.28846153846154,6.57142857142857,5.58333333333333,6.75,6.85833333333333,13,21,6,4,30,3684,2279,1405,397,1370,2314,7.25639775787188,7.57516454585344,6.73933760854093,6.77065491183879,7.4619197080292,7.1347188159032,111
"114",2011,12,7.5525,20,7.86071428571429,6.83333333333333,7.25,8.5,7.38529411764706,14,6,4,3,17,3704,2293,1411,401,1373,2331,7.25799658207343,7.57690798081116,6.73973730687456,6.77543640897756,7.46418790968682,7.13654626340626,112
"115",2012,1,7.22023809523809,42,7.7375,6.75,6,7.35,7.1796875,20,22,8,10,32,3746,2313,1433,409,1383,2363,7.25757323545115,7.57829658452227,6.73989486392184,6.76026894865526,7.46336225596529,7.13713048666949,113
"116",2012,2,7.45925925925926,27,7.72941176470588,7,7.4,7.1,7.54090909090909,17,10,5,5,22,3773,2330,1443,414,1388,2385,7.25901652266101,7.5793991416309,6.7416973943174,6.76799516908213,7.46205331412104,7.14085506918239,114
"117",2012,3,6.975,20,6.86363636363636,7.11111111111111,7,7,6.97368421052632,11,9,2,1,19,3793,2341,1452,416,1389,2404,7.25751894015291,7.57603588210167,6.74398714876033,6.76911057692308,7.46172066234701,7.13953383527454,115
"118",2012,4,7.375,22,7.75,6.57142857142857,6.5,7,7.43421052631579,15,7,2,3,19,3815,2356,1459,418,1392,2423,7.25819641939712,7.57714346349745,6.74315924605895,6.76782296650718,7.46072557471264,7.14184454808089,116
"119",2012,5,7.10333333333333,15,7.69375,6.42857142857143,NA,7.45,6.93,8,7,0,5,10,3830,2364,1466,418,1397,2433,7.25758990600522,7.57753807106599,6.74165712141883,6.76782296650718,7.46068718682892,7.14097383477189,117
"120",2012,6,6.94736842105263,19,7.32142857142857,5.9,6.25,7.75,6.73333333333333,14,5,2,4,15,3849,2378,1471,420,1401,2448,7.25605854507664,7.57603027754415,6.73879628823929,6.76535714285714,7.46151320485367,7.1384760375817,118
"121",2012,7,6.86684210526316,19,6.85,6.89571428571429,6.66666666666667,6.3,6.93352941176471,12,7,3,2,17,3868,2390,1478,423,1403,2465,7.25414667528438,7.57238493723849,6.73953947225981,6.76465721040189,7.45985744832502,7.13706261257606,119
"122",2012,8,7.46481481481482,27,7.51470588235294,7.38,8.43333333333333,7.7,7.34722222222222,17,10,3,9,18,3895,2407,1488,426,1412,2483,7.25560701925545,7.57197756543415,6.74384364247312,6.77640845070423,7.461388101983,7.13858612162706,120
"123",2012,9,7.11578947368421,19,7.46666666666667,6.8,6.5,7,7.14666666666667,9,10,2,4,15,3914,2416,1498,428,1416,2498,7.25492829330608,7.57158526490066,6.74421851802403,6.77511682242991,7.46008474576271,7.13863464371497,121
"124",2012,10,7.18333333333333,30,7.36666666666667,7,6.5,7.13636363636364,7.21052631578947,15,15,6,11,19,3944,2431,1513,434,1427,2517,7.25438370689655,7.57032085561497,6.74675435558493,6.7713133640553,7.45758934828311,7.13917733015495,122
"125",2012,11,7.425,30,7.56578947368421,7.18181818181818,7.75,7.52777777777778,7.38095238095238,19,11,4,9,21,3974,2450,1524,438,1436,2538,7.25567170105687,7.57028571428571,6.74989458005249,6.78025114155251,7.45802924791086,7.14117783293932,123
"126",2012,12,7.32857142857143,35,7.45,7.16666666666667,6.5,7.83333333333333,7.15384615384615,20,15,6,9,26,4009,2470,1539,444,1445,2564,7.25630814168122,7.56931174089069,6.75395668615984,6.77646396396396,7.46036678200692,7.14130629485179,124
"127",2013,1,6.87428571428571,35,7.21904761904762,6.35714285714286,7,7.4,6.664,21,14,4,10,25,4044,2491,1553,448,1455,2589,7.25300181503462,7.56635889201124,6.750379484868,6.77845982142857,7.45995189003436,7.13669731170336,125
"128",2013,2,6.75,24,7,6.33333333333333,6,5.8,7,15,9,4,5,19,4068,2506,1562,452,1460,2608,7.25003425270403,7.56296887470072,6.74797653008963,6.77157079646018,7.45426712328767,7.13570143404908,126
"129",2013,3,7.04,30,7.62222222222222,6.16666666666667,6.125,7.0625,7.03181818181818,18,12,8,8,22,4098,2524,1574,460,1468,2630,7.24849666666667,7.56339144215531,6.74354468869123,6.76032608695652,7.45213215258855,7.1348324486692,127
"130",2013,4,7.125,16,6.94444444444444,7.35714285714286,7,6.57142857142857,7.55555555555556,9,7,2,7,9,4114,2533,1581,462,1475,2639,7.24801636849781,7.56119226213976,6.74626144212524,6.76136363636364,7.44795254237288,7.13626727548314,128
"131",2013,5,6.93157894736842,19,7.4375,6.56363636363636,6.25,4,7.27647058823529,8,11,4,2,17,4133,2541,1592,466,1477,2656,7.24656165981127,7.56080283353011,6.74499958542714,6.75697424892704,7.4432836831415,7.13716466114458,129
"132",2013,6,6.6,18,7.25555555555556,5.94444444444444,5.25,8.5,6.3625,9,9,4,2,16,4151,2550,1601,470,1479,2672,7.24375797157311,7.55972549019608,6.74049927545284,6.74414893617021,7.44471264367816,7.1325259505988,130
"133",2013,7,6.83703703703704,27,7.00555555555556,6.5,4.5,6.27777777777778,7.11666666666667,18,9,3,9,18,4178,2568,1610,473,1488,2690,7.24112956917185,7.55584112149533,6.73915486956522,6.72991543340381,7.43765456989247,7.13241982899628,131
"134",2013,8,7.33333333333333,27,7.44117647058824,7.15,7.375,7.75,7.15789473684211,17,10,4,8,19,4205,2585,1620,477,1496,2709,7.24172160285374,7.55508704061895,6.74169095061728,6.7353249475891,7.43932486631016,7.13259850129199,132
"135",2013,9,6.94777777777778,27,6.8075,7.06,7,6.3875,7.18368421052632,12,15,3,8,19,4232,2597,1635,480,1504,2728,7.23984625236295,7.55163265306122,6.74461121712538,6.73697916666667,7.43373005319149,7.13295430351906,133
"136",2013,10,7,28,7.64285714285714,6.35714285714286,4.5,7.44444444444444,6.78947368421053,14,14,2,9,19,4260,2611,1649,482,1513,2747,7.23826979812206,7.5521217924167,6.74132161309885,6.72769709543568,7.43379378717779,7.13057857298872,134
"137",2013,11,7.57878787878788,33,7.7,7.33636363636364,6.4,7.5,7.58666666666667,22,11,3,3,30,4293,2633,1660,485,1516,2777,7.2408873375262,7.55335738701101,6.7452646626506,6.72567010309278,7.43392480211082,7.13550570399712,135
"138",2013,12,7.36942857142857,35,7.370625,7.36842105263158,7.35714285714286,7.66666666666667,7.3415625,16,19,7,3,32,4328,2649,1679,492,1519,2809,7.24192683456562,7.5522536806342,6.75231646217987,6.73465447154472,7.4343844634628,7.13785309362762,136
"139",2014,1,7.305,40,7.89,6.72,6.83333333333333,7.95714285714286,7.16666666666667,20,20,6,7,33,4368,2669,1699,498,1526,2842,7.24250442765568,7.55478456350693,6.7519360447322,6.73584337349398,7.43678243774574,7.13818766361717,137
"140",2014,2,7.27647058823529,34,7.49473684210526,7,7,7.9,7.16896551724138,19,15,5,5,29,4402,2688,1714,503,1531,2871,7.24276677419355,7.55436011904762,6.75410696616103,6.73846918489066,7.43829523187459,7.13849855102752,138
"141",2014,3,7.5,18,7.54166666666667,7.41666666666667,NA,6.75,7.59375,12,6,0,2,16,4420,2700,1720,503,1533,2887,7.24381433031674,7.5543037037037,6.75641822093023,6.73846918489066,7.43739726027397,7.1410215933495,139
"142",2014,4,6.78409090909091,22,7.625,6.08333333333333,7,6.11666666666667,6.88947368421053,10,12,3,3,19,4442,2710,1732,506,1536,2906,7.2415374470959,7.55456457564576,6.75175481524249,6.74001976284585,7.43481770833333,7.13937692360633,140
"143",2014,5,7.092,25,7.55625,6.26666666666667,6.475,7.42222222222222,6.90625,16,9,4,9,16,4467,2726,1741,510,1545,2922,7.24070054622789,7.55457446808511,6.74924717978173,6.73794117647059,7.43474433656958,7.13810039014374,141
"144",2014,6,7.12962962962963,27,7.20833333333333,7.06666666666667,6.2,6.33333333333333,7.22916666666667,12,15,5,3,24,4494,2738,1756,515,1548,2946,7.24003323097463,7.55305697589481,6.75195862186788,6.73271844660194,7.43260981912145,7.1388422742702,142
"145",2014,7,7.3,19,7.24444444444444,7.35,6.5,7.9,7.08571428571429,9,10,2,5,14,4513,2747,1766,517,1553,2960,7.24028569465987,7.55204586821988,6.7553450396376,6.73181818181818,7.43411461687057,7.13859099324324,143
"146",2014,8,7.30454545454545,22,7.74444444444444,7,7.16666666666667,7,7.35263157894737,9,13,3,3,19,4535,2756,1779,520,1556,2979,7.24059742888644,7.55267416545719,6.75713284991568,6.73432692307692,7.43327763496144,7.13995613964418,144
"147",2014,9,7.31,20,8.14285714285714,6.86153846153846,6.5,8.5,7.17777777777778,7,13,2,2,18,4555,2763,1792,522,1558,2997,7.24090216026345,7.55416938110749,6.75789025669643,6.73342911877395,7.43464698331194,7.14018329662996,145
"148",2014,10,6.64285714285714,28,6.92307692307692,6.4,6.75,6.33333333333333,6.72727272727273,13,15,4,6,22,4583,2776,1807,526,1564,3019,7.23724838315514,7.55121397694525,6.75491939125623,6.73355513307985,7.43042199488491,7.13717434249752,146
"149",2014,11,6.99828571428571,35,7.16666666666667,6.872,7.8,6.87,7.06521739130435,15,20,5,12,23,4618,2791,1827,531,1576,3042,7.235437275877,7.54914725904694,6.75620106185003,6.74359698681733,7.42615482233502,7.13663028928337,147
"150",2014,12,7.321875,32,7.35,7.28571428571429,7,7.25,7.33214285714286,18,14,2,4,28,4650,2809,1841,533,1580,3070,7.23603211612903,7.54787112851549,6.76022777838132,6.74455909943715,7.42570886075949,7.13841346579805,148
"151",2015,1,7.255,40,7.50909090909091,6.94444444444444,6.8,8.5,6.99090909090909,22,18,5,7,33,4690,2831,1859,538,1587,3103,7.2361938891258,7.54756976333451,6.76201147928994,6.74507434944238,7.43044738500315,7.1368447760232,149
"152",2015,2,6.76086956521739,23,7.48,6.20769230769231,8.5,7.34,6.6,10,13,2,5,18,4713,2841,1872,540,1592,3121,7.23387424994695,7.54733192537839,6.75816204059829,6.75157407407407,7.43016331658291,7.13374858699135,150
"153",2015,3,6.98148148148148,27,6.9,7.21428571428571,7.16666666666667,7.2,6.93181818181818,20,7,3,5,22,4740,2861,1879,543,1597,3143,7.23243656962025,7.54280671094023,6.75986127727515,6.75386740331492,7.42944270507201,7.1323351384028,151
"154",2015,4,6.8,24,7.74166666666667,5.85833333333333,5,7.6,6.58947368421053,12,12,2,5,19,4764,2873,1891,545,1602,3162,7.23025804785894,7.54363731291333,6.75414031729244,6.74743119266055,7.42997503121099,7.12907316255535,152
"155",2015,5,7.01428571428571,21,7.28571428571429,6.87857142857143,7.32857142857143,7.66666666666667,6.90555555555556,7,14,7,3,18,4785,2880,1905,552,1605,3180,7.22931020689655,7.54301041666667,6.75505477165354,6.75480072463768,7.43041744548287,7.12780796855346,153
"156",2015,6,7.4037037037037,27,7.47,7.21428571428571,4,6.6,7.58636363636364,20,7,1,5,22,4812,2900,1912,553,1610,3202,7.23028872402327,7.54250689655173,6.75673605648536,6.7498191681736,7.42783850931677,7.13095856964397,154
"157",2015,7,6.7,23,6.82727272727273,6.58333333333333,6.57142857142857,7.5,6.62380952380952,11,12,7,2,21,4835,2911,1924,560,1612,3223,7.22776615098242,7.53980419099966,6.75565454261954,6.74758928571428,7.42792803970223,7.12765415451443,155
"158",2015,8,7.17333333333333,30,7.81818181818182,6.8,6.2,7.22222222222222,7.15238095238095,11,19,5,9,21,4865,2922,1943,565,1621,3244,7.22743049126413,7.5408521560575,6.75608818322182,6.74274336283186,7.42678593460827,7.12781422318126,156
"159",2015,9,7.43695652173913,23,7.425,7.44615384615385,6.5,7.5,7.43095238095238,10,13,4,2,21,4888,2932,1956,569,1623,3265,7.22841639525368,7.54045702592087,6.76067450920245,6.74103690685413,7.42687615526802,7.12976396324656,157
"160",2015,10,6.91041666666667,24,6.96333333333333,6.82222222222222,6,7.08333333333333,6.85277777777778,15,9,1,6,18,4912,2947,1965,570,1629,3283,7.22686265065146,7.53751951136749,6.76095640712468,6.73973684210526,7.42561080417434,7.12824530612245,158
"161",2015,11,7.14146341463415,41,7.49,6.80952380952381,7,7.75,7.07567567567568,20,21,4,4,37,4953,2967,1986,574,1633,3320,7.22615573187967,7.53719919110212,6.76146995971803,6.74155052264808,7.42640538885487,7.12765943975904,159
"162",2015,12,7.12516129032258,31,7.64375,6.572,6.875,8.3,6.89923076923077,16,15,4,5,26,4984,2983,2001,578,1638,3346,7.22552755617977,7.53777070063694,6.76004964517741,6.74247404844291,7.42907203907204,7.12588444112373,160
"163",2016,1,6.93265306122449,49,6.97727272727273,6.8962962962963,6.6875,6.66666666666667,6.96976744186046,22,27,8,6,43,5033,3005,2028,586,1644,3389,7.22267620504669,7.53366722129784,6.76186357988166,6.74172354948805,7.4262895377129,7.12390361168486,161
"164",2016,2,7.01666666666667,24,7.6125,6.71875,5.25,6.98,7.02631578947368,8,16,4,5,19,5057,3013,2044,590,1649,3408,7.22169850504251,7.53387653501494,6.76152609589041,6.73161016949153,7.42493632504548,7.12335954812207,162
"165",2016,3,7.34,25,7.75,7.06666666666667,7.09090909090909,7.58333333333333,7.26315789473684,10,15,11,6,19,5082,3023,2059,601,1655,3427,7.22228046831956,7.53459146543169,6.76374907236523,6.73818635607321,7.42551057401813,7.12413461920047,163
"166",2016,4,7.00292592592593,27,7.46492857142857,6.50538461538462,7.5,7.7509,6.56294117647059,14,13,4,10,17,5109,3037,2072,605,1665,3444,7.2211212252887,7.53427033256503,6.76212805984556,6.74322314049587,7.42746486486486,7.12136450058072,164
"167",2016,5,7.03571428571429,28,7.16666666666667,6.8,6,6.875,7.0625,18,10,5,4,24,5137,3055,2082,610,1669,3468,7.2201106365583,7.53210441898527,6.76230996157541,6.73713114754098,7.42614080287597,7.1209571337947,165
"168",2016,6,6.8804347826087,23,7.04545454545455,6.72916666666667,6.75,7.875,6.67105263157895,11,12,7,4,19,5160,3066,2094,617,1673,3487,7.21859657751938,7.53035844748859,6.7621200286533,6.73727714748784,7.42721398684997,7.11850568970462,166
"169",2016,7,6.86111111111111,27,7.105,6.71764705882353,6.6,7.1,6.80681818181818,10,17,5,5,22,5187,3076,2111,622,1678,3509,7.21673575091575,7.52897561768531,6.76176188536239,6.73617363344051,7.4262389749702,7.11655153605016,167
"170",2016,8,7.20769230769231,26,7.41666666666667,6.7375,8.2,7.375,7.13333333333333,18,8,2,8,18,5213,3094,2119,624,1686,3527,7.21669064646077,7.52832223658694,6.76167028787164,6.74086538461538,7.42599584816133,7.11663718174086,168
"171",2016,9,6.845,20,6.82,6.87,6.7,6.5,6.93125,10,10,5,4,16,5233,3104,2129,629,1690,3543,7.21527008217084,7.52604027061856,6.76217911695632,6.74054054054054,7.42380414201183,7.1157999830652,169
"172",2016,10,7.18157894736842,19,7.43181818181818,6.8375,6.66666666666667,7.25,7.16333333333333,11,8,3,4,15,5252,3115,2137,632,1694,3558,7.21514819878141,7.52570754414125,6.76246108563407,6.74018987341772,7.42339374262102,7.11600037661608,170
"173",2016,11,6.52727272727273,22,7.07,6.075,7,9,6.40952380952381,10,12,1,1,21,5274,3125,2149,633,1695,3579,7.212278790292,7.52424928,6.75862230805026,6.74060031595577,7.42432389380531,7.11185508242526,171
"174",2016,12,6.8695652173913,23,7.2,6.25,5.66666666666667,7.875,6.65789473684211,15,8,3,4,19,5297,3140,2157,636,1699,3598,7.21079070039645,7.52270031847134,6.75673590171535,6.73553459119497,7.42538493231312,7.10945784880489,172
"175",2017,1,6.85217391304348,23,7.09333333333333,6.4,6.5,7.96666666666667,6.685,15,8,2,3,20,5320,3155,2165,638,1702,3618,7.20924028947368,7.52065895404121,6.75541770900693,6.73479623824451,7.42633901292597,7.10711148148148,173
"176",2017,2,6.80952380952381,21,7.2,6.45454545454545,6.66666666666667,7.2,6.6875,10,11,3,5,16,5341,3165,2176,641,1707,3634,7.207668665044,7.5196458135861,6.75389675551471,6.73447737909516,7.42567603983597,7.10526399009356,174
"177",2017,3,7.45,20,7.53571428571429,7.25,NA,7.83333333333333,7.38235294117647,14,6,0,3,17,5361,3179,2182,641,1710,3651,7.20857271777653,7.51971657754011,6.75526092575619,6.73447737909516,7.42639122807017,7.10655418789373,175
"178",2017,4,7.49310344827586,29,7.59375,7.36923076923077,8.33333333333333,8.1,7.36666666666667,16,13,3,5,24,5390,3195,2195,644,1715,3675,7.21010358812616,7.52008732394366,6.75889719362187,6.74192546583851,7.42835510204082,7.10825288163265,176
"179",2017,5,7.39473684210526,19,7.54166666666667,7.14285714285714,NA,6.16666666666667,7.625,12,7,0,3,16,5409,3207,2202,644,1718,3691,7.21075214272509,7.52016806984721,6.76011777475023,6.74192546583851,7.42615192083818,7.11049291248984,177
"180",2017,6,6.78833333333333,18,7.22307692307692,5.658,4,7.58333333333333,6.39083333333333,13,5,1,6,12,5427,3220,2207,645,1724,3703,7.20935108531417,7.51896863354037,6.75762090620752,6.73767441860465,7.42669895591647,7.10816077234675,178
"181",2017,7,6.38928571428571,14,7.075,5.875,6.875,6.31666666666667,6.40909090909091,6,8,4,3,11,5441,3226,2215,649,1727,3714,7.20724101084359,7.51814290142592,6.75443311060948,6.73852080123266,7.42477070063694,7.1060902907916,179
"182",2017,8,6.8,21,7.18,6.45454545454545,6.5,6.75,6.81176470588235,10,11,3,4,17,5462,3236,2226,652,1731,3731,7.20567527279385,7.517097960445,6.75295118598383,6.73742331288343,7.42321143847487,7.10474922004824,180
"183",2017,9,7.11916666666667,24,7.45428571428571,6.65,5.875,6.25,7.19818181818182,14,10,4,2,22,5486,3250,2236,656,1733,3753,7.20529681735326,7.51682738461539,6.75249076028623,6.73216463414634,7.42185747259088,7.1052969197975,181
"184",2017,10,7.41111111111111,27,7.7875,6.86363636363636,7.33333333333333,8,7.3375,16,11,3,3,24,5513,3266,2247,659,1736,3777,7.20630479593687,7.51815339865279,6.75303486426346,6.73490136570561,7.42285656682028,7.10677239608155,182
"185",2017,11,6.96666666666667,18,6.8,7.4,7,6.5,7.025,13,5,1,2,16,5531,3279,2252,660,1738,3793,7.20552492135238,7.51530619091186,6.75447128774423,6.73530303030303,7.42179459148447,7.10642745583971,183
"186",2017,12,7,27,7.2,6.75,6.75,7.3,6.93181818181818,15,12,8,5,22,5558,3294,2264,668,1743,3815,7.2045265095358,7.51387037037037,6.75444758833922,6.73547904191617,7.42144520940906,7.10542053473132,184
"187",2018,1,7.06969696969697,33,7.5,6.66470588235294,6,7.375,7.02758620689655,16,17,1,4,29,5591,3310,2281,669,1747,3844,7.20373069933822,7.51380332326284,6.75377875493205,6.73437967115097,7.42133886662851,7.10483333506764,185
"188",2018,2,6.7,32,7.05263157894737,6.18461538461538,6.68,6.95,6.68333333333333,19,13,5,2,30,5623,3329,2294,674,1749,3874,7.20086401209319,7.51117122258937,6.7505533304272,6.73397626112759,7.42079988564894,7.10156926690759,186
"189",2018,3,7.50238095238095,21,7.80714285714286,6.89285714285714,6,6,7.75277777777778,14,7,2,3,18,5644,3343,2301,676,1752,3892,7.20198588589653,7.51241070894406,6.75098624076489,6.73180473372781,7.41836700913242,7.10458102261048,187
"190",2018,4,7.23809523809524,21,7.75,6.77272727272727,6.25,8,7.11111111111111,10,11,6,3,18,5665,3353,2312,682,1755,3910,7.20211974227714,7.5131192961527,6.7510896799308,6.72756598240469,7.41936125356125,7.10461108439898,188
"191",2018,5,6.44444444444444,18,6.375,6.46428571428571,6.2,5.5,6.5625,4,14,5,2,16,5683,3357,2326,687,1757,3926,7.19971992609537,7.51176318141198,6.74936343078246,6.72372634643377,7.41717643710871,7.1024017677025,189
"192",2018,6,6.84764705882353,17,6.8675,6.8,7,7.15166666666667,6.68181818181818,12,5,1,6,11,5700,3369,2331,688,1763,3937,7.19866988421053,7.50946838824577,6.74947204633205,6.72412790697674,7.41627283040272,7.10122665481331,190
"193",2018,7,7.27272727272727,11,7.6,7,7,7.33333333333333,7.25,5,6,2,3,8,5711,3374,2337,690,1766,3945,7.19881252670285,7.50960254890338,6.75011525032092,6.72492753623188,7.41613193657984,7.10152834980989,191
"194",2018,8,6.78571428571429,14,7.25,6.16666666666667,6,6.33333333333333,6.90909090909091,8,6,1,3,11,5725,3382,2343,691,1769,3956,7.19780233013101,7.50898846836192,6.74862114383269,6.72387843704776,7.41429564725834,7.10099326086957,192
"195",2018,9,6.91428571428571,21,7.5,6.38181818181818,5.5,5.74,7.28125,10,11,4,5,16,5746,3392,2354,695,1774,3972,7.19676615732684,7.50896196933962,6.74690711129992,6.7168345323741,7.40957666290868,7.10171937059416,193
"196",2018,10,6.97826086956522,23,7.41176470588235,5.75,6.125,6.91666666666667,7,17,6,4,6,17,5769,3409,2360,699,1780,3989,7.19589501473392,7.50847726606043,6.74437260169492,6.71344778254649,7.40791516853933,7.10128587114565,194
"197",2018,11,7.39230769230769,13,7.6375,7,6.5,8.33333333333333,7.11,8,5,2,3,10,5782,3417,2365,701,1783,3999,7.19633662054652,7.50877933860111,6.74491304016913,6.71283880171184,7.40947223780146,7.10130766191548,195
"198",2018,12,7.86538461538461,26,7.58666666666667,8.24545454545455,9.33333333333333,8.14285714285714,7.76315789473684,15,11,3,7,19,5808,3432,2376,704,1790,4018,7.19933167011019,7.50911975524476,6.75185999158249,6.72400568181818,7.41234022346369,7.10443736684918,196
"199",2019,1,7.409375,32,7.69375,7.125,6.83333333333333,7.83333333333333,7.31153846153846,16,16,3,6,26,5840,3448,2392,707,1796,4044,7.20048259246575,7.50997650812065,6.75435591137124,6.72446958981612,7.41374665924276,7.10576887734916,197
"200",2019,2,7.38,15,7.49090909090909,7.075,6.45,7.38,7.38,11,4,2,5,10,5855,3459,2396,709,1801,4054,7.20094250042698,7.5099158716392,6.75489121035058,6.72369534555712,7.4136529705719,7.10644532313764,198
"201",2019,3,7.23066666666667,15,7.1875,7.28,8,8,7.11230769230769,8,7,1,2,13,5870,3467,2403,710,1803,4067,7.20101845655877,7.50917190654745,6.75642086558469,6.72549295774648,7.41430338325014,7.10646406196213,199
"202",2019,4,7.18368421052632,19,7.39285714285714,6.598,7.5,6.75,7.23470588235294,14,5,2,2,17,5889,3481,2408,712,1805,4084,7.20096253014094,7.50870410801494,6.75609191860465,6.72766853932584,7.41356731301939,7.10699787952987,200
"203",2019,5,6.97222222222222,18,7.04166666666667,6.83333333333333,7,NA,6.97222222222222,12,6,1,0,18,5907,3493,2414,713,1805,4102,7.20026550533265,7.50709962782708,6.75628390223695,6.72805049088359,7.41356731301939,7.10640647001463,201
"204",2019,6,7.3,10,7.66666666666667,6.75,6,7.5,7.25,6,4,2,2,8,5917,3499,2418,715,1807,4110,7.20043406117965,7.50737324949986,6.7562735070306,6.72601398601398,7.41366297731046,7.10668597080292,202
"205",2019,7,7.06190476190476,21,6.84444444444444,7.225,5.66666666666667,7.4,6.98235294117647,9,12,3,4,17,5938,3508,2430,718,1811,4127,7.19994414617716,7.50567246294185,6.75858820576132,6.72158774373259,7.41363279955825,7.10617381633148,203
"206",2019,8,6.79047619047619,21,7.57142857142857,5.22857142857143,4.33333333333333,7.5,6.67222222222222,14,7,3,3,18,5959,3522,2437,721,1814,4145,7.1985011478436,7.50593384440659,6.75419340993024,6.71165048543689,7.4137756339581,7.10428934620024,204
"207",2019,9,6.88157894736842,19,7.41666666666667,6.4,5.5,5,6.98611111111111,9,10,5,1,18,5978,3531,2447,726,1815,4163,7.19749386751422,7.50570631549136,6.75274595014303,6.70330578512397,7.41244573002755,7.10377836656257,205
"208",2019,10,7.12272727272727,22,7.26428571428571,6.875,NA,8.25,6.87222222222222,14,8,0,4,18,6000,3545,2455,726,1819,4181,7.19721972333333,7.50475289139633,6.75314433401222,6.70330578512397,7.41428752061572,7.10278147333174,206
"209",2019,11,7.45,6,7.4,7.5,NA,NA,7.45,3,3,0,0,6,6006,3548,2458,726,1819,4187,7.19747225108225,7.50466431792559,6.75405587469487,6.70330578512397,7.41428752061572,7.10327903988536,207
"210",2019,12,6.94444444444444,18,7.8,5.6,2,7,6.94117647058824,11,7,1,1,17,6024,3559,2465,727,1820,4204,7.19671619189907,7.50557712840686,6.75077863691684,6.69683631361761,7.41405989010989,7.10262353472883,208
"211",2020,1,6.76923076923077,39,7.29166666666667,5.93333333333333,6.11111111111111,6.7,6.79310344827586,24,15,9,10,29,6063,3583,2480,736,1830,4233,7.1939664093683,7.50414429249233,6.74583441129032,6.68967391304348,7.41015792349727,7.10050303330971,209
"212",2020,2,6.70689655172414,29,6.92307692307692,6.53125,5.5,NA,6.70689655172414,13,16,3,0,29,6092,3596,2496,739,1830,4262,7.19164779054497,7.5020436596218,6.74445887019231,6.68484438430311,7.41015792349727,7.09782480994838,210
"213",2020,3,7.26923076923077,13,7.8125,6.4,6.33333333333333,7,7.31818181818182,8,5,3,2,11,6105,3604,2501,742,1832,4273,7.19181299590499,7.50273279689234,6.74377022790884,6.68342318059299,7.40971015283843,7.09839207582495,211
"214",2020,4,7.29545454545455,22,7.25,7.35,7,7.375,7.27777777777778,12,10,2,4,18,6127,3616,2511,744,1836,4291,7.19218513791415,7.50189408185841,6.74618452409399,6.68427419354838,7.40963453159041,7.09914456769984,212
"215",2020,5,6.54411764705882,17,6.85416666666667,5.8,6.5,6.75,6.5,12,5,2,3,14,6144,3628,2516,746,1839,4305,7.19039198242187,7.49975165380375,6.74430418918919,6.68378016085791,7.40855845568244,7.0971961300813,213
"216",2020,6,7.25,16,7.76666666666667,6.58571428571429,5.3,8,7.14285714285714,9,7,2,2,14,6160,3637,2523,748,1841,4319,7.19054680844156,7.50041215287325,6.74386418549346,6.68008021390374,7.40920097772949,7.09734413984719,214
"217",2020,7,7.82916666666667,24,8.15,7.1875,7,8.4,7.67894736842105,16,8,2,5,19,6184,3653,2531,750,1846,4338,7.19302528137128,7.50325732274843,6.74526643224022,6.68093333333333,7.41188461538461,7.09989150299677,215
"218",2020,8,7.70714285714286,14,7.89,7.25,7,8.25,7.61666666666667,10,4,1,2,12,6198,3663,2535,751,1848,4350,7.1941865666344,7.50431313131313,6.74606285601578,6.68135818908122,7.41279166666667,7.10131708965517,216
"219",2020,9,6.95,14,6.91428571428571,6.98571428571429,7,7.63333333333333,6.76363636363636,7,7,3,3,11,6212,3670,2542,754,1851,4361,7.19363624275596,7.50318773841962,6.74672279307632,6.68262599469496,7.41314910858995,7.10046533822518,217
"220",2020,10,7.19565217391304,23,7.61538461538461,6.65,5.875,6.375,7.36842105263158,13,10,4,4,19,6235,3683,2552,758,1855,4380,7.19364367923015,7.50358376323649,6.74634378526646,6.67836411609499,7.41091051212938,7.10162770319635,218
"221",2020,11,7.09545454545455,22,7.00625,7.33333333333333,7.25,10,6.95714285714286,16,6,2,1,21,6257,3699,2558,760,1856,4401,7.19329844014703,7.50143254933766,6.74772061767005,6.67986842105263,7.41230549568965,7.10093827311975,219
"222",2020,12,6.95238095238095,21,7.04545454545455,6.85,7.25,7,6.94736842105263,11,10,2,2,19,6278,3710,2568,762,1858,4420,7.19249256769672,7.50008059299192,6.74811890186916,6.68136482939632,7.41186167922497,7.10027813122172,220
"223",2021,1,6.99666666666667,30,6.725,7.54,6.66666666666667,7.48571428571429,6.84782608695652,20,10,3,7,23,6308,3730,2578,765,1865,4443,7.19156124603678,7.49592466487936,6.75119058960435,6.68130718954248,7.41213887399464,7.09897126716183,221
"224",2021,2,7.00576923076923,26,7.4625,6.275,6.41666666666667,8,6.825,16,10,3,4,22,6334,3746,2588,768,1869,4465,7.19079860119987,7.49578190069408,6.7493505950541,6.6802734375,7.41339700374532,7.09762135274356,222
"225",2021,3,7.21508789473684,19,7.305778,6.875,7.5,7.75,7.07244466666667,15,4,1,4,15,6353,3761,2592,769,1873,4480,7.190871243507,7.49502410795002,6.74954449845679,6.68133940182054,7.41411585691404,7.09753705580357,223
"226",2021,4,7.275,22,7.503125,6.66666666666667,6.5,6,7.33571428571429,16,6,2,1,21,6375,3777,2598,771,1874,4501,7.19116157019608,7.49505842467567,6.74935309468822,6.68086900129702,7.41336125933831,7.09864830259942,224
"227",2021,5,7.51666666666667,15,7.575,7.4,6,7.75,7.43181818181818,10,5,1,4,11,6390,3787,2603,772,1878,4512,7.19192566666667,7.49526951940851,6.7506028966577,6.67998704663212,7.41407827476038,7.0994605518617,225
"228",2021,6,7.91333333333333,15,8.9625,6.71428571428571,7.33333333333333,7.73333333333333,7.95833333333333,8,7,3,3,12,6405,3795,2610,775,1881,4524,7.1936151459797,7.49836249538867,6.75050549425287,6.68251612903226,7.41458745348219,7.10173872900088,226
"229",2021,7,7.63636363636364,22,7.92857142857143,7.125,6.06666666666667,7.6,7.65714285714286,14,8,3,8,14,6427,3809,2618,778,1889,4538,7.19513070017115,7.49994373063797,6.75164986249045,6.68014138817481,7.41537268395977,7.1034521837814,227
"230",2021,8,7.41538461538462,26,7.54,7,7,8,7.392,20,6,2,1,25,6453,3829,2624,780,1890,4563,7.19601813265148,7.50015295638548,6.75221773628049,6.68096153846154,7.41568201058201,7.1050330944554,228
"231",2021,9,7.76923076923077,13,7.125,8.8,NA,7,8.11111111111111,8,5,0,4,9,6466,3837,2629,780,1894,4572,7.1971705861429,7.49937077664843,6.75611233929251,6.68096153846154,7.41480411826821,7.10701356299213,229
"232",2021,10,7.65882352941177,17,7.76666666666667,6.85,7,7.83333333333333,7.62142857142857,15,2,1,3,14,6483,3852,2631,781,1897,4586,7.19838115224433,7.50041164849429,6.75618370961612,6.68137003841229,7.4154659989457,7.10858395333624,230
"233",2021,11,7.19473684210526,19,7.5,6.67142857142857,5,8.5,7.04117647058824,12,7,1,2,17,6502,3864,2638,782,1899,4603,7.19837050292218,7.50041037008282,6.75595880970432,6.6792199488491,7.41660821484992,7.10833500108625,231
"234",2021,12,7.02777777777778,18,8.16666666666667,6.45833333333333,5.5,8.08333333333333,6.5,6,12,4,6,12,6520,3870,2650,786,1905,4615,7.19789954141104,7.5014433255814,6.75461107169811,6.67321882951654,7.41870813648294,7.10675319826652,232
"235",2022,1,7.60524333333333,30,8.11210952380952,6.42255555555556,NA,8.25,7.50605,21,9,0,4,26,6550,3891,2659,786,1909,4641,7.19976523816794,7.50473913389874,6.75348715306506,6.67321882951654,7.42044997380828,7.10899015513898,233
"236",2022,2,7.33333333333333,27,7.5625,7,5.5,8.33333333333333,7.20833333333333,16,11,2,3,24,6577,3907,2670,788,1912,4665,7.20031356393492,7.50497567699002,6.75450274906367,6.67024111675127,7.42188232217573,7.1095012454448,234
"237",2022,3,6.90692307692308,26,7.37857142857143,6.35666666666667,7.33333333333333,6.93,6.9,14,12,3,6,20,6603,3921,2682,791,1918,4685,7.19915830834469,7.50452434838052,6.75272272184937,6.67275600505689,7.42034358706986,7.10860689647812,235
"238",2022,4,7.47368421052632,19,8,6.75,6.375,7,7.52941176470588,11,8,4,2,17,6622,3932,2690,795,1920,4702,7.1999459845968,7.50591047049848,6.75271462453532,6.67125786163522,7.41990572916667,7.11012830923012,236
"239",2022,5,7.625,30,8.13095238095238,6.44444444444444,6.5,8.75,7.45192307692308,21,9,3,4,26,6652,3953,2699,798,1924,4728,7.20186294497895,7.50923095623577,6.75168667654687,6.67061403508772,7.422670997921,7.11200789128596,237
"240",2022,6,7.04166666666667,12,6.85714285714286,7.3,NA,7.33333333333333,6.94444444444444,7,5,0,3,9,6664,3960,2704,798,1927,4737,7.20157447629051,7.50807827525253,6.75270056952663,6.67061403508772,7.42253191489362,7.11168953134896,238
"241",2022,7,7.77333333333333,15,8.06,7.2,5.5,7.3375,7.93181818181818,10,5,2,4,11,6679,3970,2709,800,1931,4748,7.20285855816739,7.50946850629723,6.7535261498708,6.6676875,7.42235577421025,7.11358957666386,239
"242",2022,8,7.21428571428571,21,7.43333333333333,6.66666666666667,6.5,7.5,7.1,15,6,2,6,15,6700,3985,2715,802,1937,4763,7.20289437462686,7.50918192471769,6.75333419521179,6.66726932668329,7.42259628291172,7.11354677934075,240
"243",2022,9,7.41304347826087,23,7.39285714285714,7.44444444444444,8,7.33333333333333,7.425,14,9,1,3,20,6723,3999,2724,803,1940,4783,7.20361331399673,7.50877468617154,6.75561759911894,6.66892901618929,7.42245824742268,7.11484911352708,241
"244",2022,10,7.40869565217391,23,7.62727272727273,7.20833333333333,7.125,7.91428571428571,7.1875,11,12,4,7,16,6746,4010,2736,807,1947,4799,7.20431252742366,7.50909974314215,6.75760319444445,6.67118959107807,7.42422650231125,7.11509133361117,242
"245",2022,11,7.48651851851852,27,7.81773333333333,7.0725,4.435,8,7.39721739130435,15,12,2,4,23,6773,4025,2748,809,1951,4822,7.20543751808652,7.51024993043478,6.75897828966521,6.66566131025958,7.42540697078421,7.11643701990875,243
"246",2022,12,7.30645161290323,31,7.67727272727273,6.4,6.375,8,7.2037037037037,22,9,4,4,27,6804,4047,2757,813,1955,4849,7.20589775279247,7.51115788732395,6.75780643453029,6.66423124231242,7.42658260869565,7.1169229346257,244
