"","year","month","avg_rating","no_ratings","avg_rating_owned","avg_rating_not_owned","avg_rating_prev_owned","avg_rating_comment","avg_rating_no_comment","no_ratings_owned","no_ratings_not_owned","no_ratings_prev_owned","no_ratings_comment","no_ratings_no_comment","cum_no_ratings","cum_no_ratings_owned","cum_no_ratings_not_owned","cum_no_ratings_prev_owned","cum_no_ratings_comment","cum_no_ratings_no_comment","cum_avg_rating","cum_avg_rating_owned","cum_avg_rating_not_owned","cum_avg_rating_prev_owned","cum_avg_rating_comment","cum_avg_rating_no_comment","month_after_release"
"1",2001,6,7.06363636363636,11,6.97,8,NA,10,6.77,10,1,0,1,10,11,10,1,0,1,10,7.06363636363636,6.97,8,NA,10,6.77,0
"2",2001,7,8.4,5,9,6,NA,NA,8.4,4,1,0,0,5,16,14,2,0,1,15,7.48125,7.55,7,NA,10,7.31333333333333,1
"3",2001,8,6.63636363636364,11,7,5,6,7.2,6.16666666666667,9,2,1,5,6,27,23,4,1,6,21,7.13703703703704,7.33478260869565,6,6,7.66666666666667,6.98571428571428,2
"4",2001,9,6.8,5,8,5,NA,8,6.5,3,2,0,1,4,32,26,6,1,7,25,7.084375,7.41153846153846,5.66666666666667,6,7.71428571428571,6.908,3
"5",2001,10,6.83333333333333,6,6.6,8,NA,NA,6.83333333333333,5,1,0,0,6,38,31,7,1,7,31,7.04473684210526,7.28064516129032,6,6,7.71428571428571,6.89354838709677,4
"6",2001,11,7,2,6,8,NA,8,6,1,1,0,1,1,40,32,8,1,8,32,7.0425,7.240625,6.25,6,7.75,6.865625,5
"7",2001,12,6.66666666666667,3,6.66666666666667,NA,NA,5,7.5,3,0,0,1,2,43,35,8,1,9,34,7.01627906976744,7.19142857142857,6.25,6,7.44444444444444,6.90294117647059,6
"8",2002,1,6.58333333333333,6,6.3,8,NA,8,6.3,5,1,0,1,5,49,40,9,1,10,39,6.96326530612245,7.08,6.44444444444444,6,7.5,6.82564102564103,7
"9",2002,2,7,6,7.8,3,NA,8,6.8,5,1,0,1,5,55,45,10,1,11,44,6.96727272727273,7.16,6.1,6,7.54545454545455,6.82272727272727,8
"10",2002,3,6.8,10,6.8,NA,NA,7.33333333333333,6.57142857142857,10,0,0,3,7,65,55,10,1,14,51,6.94153846153846,7.09454545454545,6.1,6,7.5,6.78823529411765,9
"11",2002,4,6.8,5,6.75,7,NA,6,10,4,1,0,4,1,70,59,11,1,18,52,6.93142857142857,7.07118644067797,6.18181818181818,6,7.16666666666667,6.85,10
"12",2002,5,6.14285714285714,7,6.33333333333333,5,NA,3,6.66666666666667,6,1,0,1,6,77,65,12,1,19,58,6.85974025974026,7.00307692307692,6.08333333333333,6,6.94736842105263,6.83103448275862,11
"13",2002,6,7.5,8,7.5,NA,NA,7.25,7.75,8,0,0,4,4,85,73,12,1,23,62,6.92,7.05753424657534,6.08333333333333,6,7,6.89032258064516,12
"14",2002,7,6.83333333333333,9,6.83333333333333,NA,NA,8.25,6.42857142857143,9,0,0,2,7,94,82,12,1,25,69,6.91170212765958,7.03292682926829,6.08333333333333,6,7.1,6.84347826086957,13
"15",2002,8,6.63333333333333,15,6.82142857142857,4,NA,5.33333333333333,6.95833333333333,14,1,0,3,12,109,96,13,1,28,81,6.87339449541284,7.00208333333333,5.92307692307692,6,6.91071428571429,6.86049382716049,14
"16",2002,9,7.375,16,7.375,NA,NA,7,7.54545454545455,16,0,0,5,11,125,112,13,1,33,92,6.9376,7.05535714285714,5.92307692307692,6,6.92424242424242,6.94239130434783,15
"17",2002,10,6.5,12,6.7,5.5,NA,6.33333333333333,6.66666666666667,10,2,0,6,6,137,122,15,1,39,98,6.8992700729927,7.02622950819672,5.86666666666667,6,6.83333333333333,6.92551020408163,16
"18",2002,11,6.76470588235294,17,7.13333333333333,4,NA,7.4,6.5,15,2,0,5,12,154,137,17,1,44,110,6.88441558441558,7.03795620437956,5.64705882352941,6,6.89772727272727,6.87909090909091,17
"19",2002,12,7.66666666666667,12,7.63636363636364,8,NA,8.5,7.5,11,1,0,2,10,166,148,18,1,46,120,6.94096385542169,7.08243243243243,5.77777777777778,6,6.96739130434783,6.93083333333333,18
"20",2003,1,6.71153846153846,26,6.93478260869565,5,5,7.42857142857143,6.44736842105263,23,3,1,7,19,192,171,21,2,53,139,6.90989583333333,7.0625730994152,5.66666666666667,5.5,7.02830188679245,6.86474820143885,19
"21",2003,2,6.77272727272727,11,7.38888888888889,4,6,6.5,6.92857142857143,9,2,1,4,7,203,180,23,3,57,146,6.90246305418719,7.07888888888889,5.52173913043478,5.66666666666667,6.99122807017544,6.86780821917808,20
"22",2003,3,7.15625,16,7.32142857142857,6,NA,8.16666666666667,6.92307692307692,14,2,0,3,13,219,194,25,3,60,159,6.92100456621005,7.09639175257732,5.56,5.66666666666667,7.05,6.87232704402516,21
"23",2003,4,6.89473684210526,19,6.89473684210526,NA,NA,7.625,6.36363636363636,19,0,0,8,11,238,213,25,3,68,170,6.91890756302521,7.07840375586854,5.56,5.66666666666667,7.11764705882353,6.83941176470588,22
"24",2003,5,6.96875,16,7.1,5,NA,8,6.35,15,1,0,6,10,254,228,26,3,74,180,6.92204724409449,7.07982456140351,5.53846153846154,5.66666666666667,7.18918918918919,6.81222222222222,23
"25",2003,6,7.29166666666667,24,7.45,6.5,NA,6.72727272727273,7.76923076923077,20,4,0,11,13,278,248,30,3,85,193,6.95395683453237,7.10967741935484,5.66666666666667,5.66666666666667,7.12941176470588,6.87668393782384,24
"26",2003,7,6.4125,64,6.6304347826087,5.85555555555556,7.5,6.26470588235294,6.46595744680851,46,18,2,17,47,342,294,48,5,102,240,6.85263157894737,7.03469387755102,5.7375,6.4,6.98529411764706,6.79625,25
"27",2003,8,6.34615384615385,26,6.38095238095238,6.2,NA,6.66666666666667,6.17647058823529,21,5,0,9,17,368,315,53,5,111,257,6.81684782608696,6.99111111111111,5.7811320754717,6.4,6.95945945945946,6.75525291828794,26
"28",2003,9,5.90909090909091,22,5.85714285714286,6,10,6.05555555555556,5.80769230769231,14,8,1,9,13,390,329,61,6,120,270,6.76564102564103,6.94285714285714,5.80983606557377,7,6.89166666666667,6.70962962962963,27
"29",2003,10,6.82352941176471,17,7.13333333333333,4.5,NA,7,6.7,15,2,0,7,10,407,344,63,6,127,280,6.76805896805897,6.95116279069767,5.76825396825397,7,6.89763779527559,6.70928571428572,28
"30",2003,11,6.80769230769231,13,6.70833333333333,8,NA,6.2,7.1875,12,1,0,5,8,420,356,64,6,132,288,6.76928571428571,6.94297752808989,5.803125,7,6.87121212121212,6.72256944444445,29
"31",2003,12,6.8,27,7.07619047619048,5.83333333333333,5.5,6.95555555555556,6.72222222222222,21,6,2,9,18,447,377,70,8,141,306,6.77114093959732,6.95039787798408,5.80571428571429,6.625,6.87659574468085,6.72254901960784,30
"32",2004,1,6.98333333333333,30,7.15217391304348,6.42857142857143,7,7.5,6.79545454545455,23,7,1,8,22,477,400,77,9,149,328,6.78448637316562,6.962,5.86233766233766,6.66666666666667,6.91006711409396,6.72743902439024,31
"33",2004,2,6.19230769230769,39,6.60344827586207,5,5,6.22222222222222,6.18333333333333,29,10,1,9,30,516,429,87,10,158,358,6.73972868217054,6.93776223776224,5.7632183908046,6.5,6.87088607594937,6.681843575419,32
"34",2004,3,6.31428571428571,35,6.43333333333333,5.6,6,7,6.17241379310345,30,5,1,6,29,551,459,92,11,164,387,6.71270417422867,6.90479302832244,5.75434782608696,6.45454545454545,6.87560975609756,6.643669250646,33
"35",2004,4,6.91935483870968,31,6.98275862068965,6,NA,7.19230769230769,6.72222222222222,29,2,0,13,18,582,488,94,11,177,405,6.72371134020619,6.9094262295082,5.75957446808511,6.45454545454545,6.89887005649717,6.64716049382716,34
"36",2004,5,6.20833333333333,24,6.26315789473684,6,5.5,6.625,6,19,5,2,8,16,606,507,99,13,185,421,6.703300330033,6.88520710059172,5.77171717171717,6.30769230769231,6.88702702702703,6.62256532066508,35
"37",2004,6,6.39705882352941,34,6.38888888888889,6.42857142857143,7.66666666666667,6.33333333333333,6.43181818181818,27,7,3,12,22,640,534,106,16,197,443,6.68703125,6.86011235955056,5.81509433962264,6.5625,6.85329949238579,6.61309255079007,36
"38",2004,7,7.71296296296296,27,7.73,7.5,NA,8.05769230769231,7.39285714285714,25,2,0,13,14,667,559,108,16,210,457,6.72856071964018,6.89901610017889,5.8462962962963,6.5625,6.92785714285714,6.63698030634573,37
"39",2004,8,6.81,25,7.0125,6,6,6.275,7.16666666666667,20,5,2,10,15,692,579,113,18,220,472,6.73150289017341,6.90293609671848,5.85309734513274,6.5,6.89818181818182,6.65381355932203,38
"40",2004,9,6.44444444444444,36,6.66,5.95454545454545,5.5,6.55555555555556,6.33333333333333,25,11,4,18,18,728,604,124,22,238,490,6.71730769230769,6.89288079470199,5.86209677419355,6.31818181818182,6.87226890756302,6.64204081632653,39
"41",2004,10,6.27272727272727,33,6.42857142857143,5.4,5.33333333333333,6.28125,6.26470588235294,28,5,3,16,17,761,632,129,25,254,507,6.69802890932983,6.87231012658228,5.84418604651163,6.2,6.83503937007874,6.62938856015779,40
"42",2004,11,6.83953488372093,43,7.16216216216216,4.85,3.53333333333333,6.29285714285714,7.10344827586207,37,6,3,14,29,804,669,135,28,268,536,6.70559701492537,6.88834080717489,5.8,5.91428571428571,6.80671641791045,6.65503731343284,41
"43",2004,12,6.4,40,6.6,5,4,6.75,6.16666666666667,35,5,1,16,24,844,704,140,29,284,560,6.69111374407583,6.87400568181818,5.77142857142857,5.84827586206897,6.80352112676056,6.63410714285714,42
"44",2005,1,6.34285714285714,77,6.60952380952381,5.14285714285714,3,6.04,6.48846153846154,63,14,1,25,52,921,767,154,30,309,612,6.66199782844734,6.8522816166884,5.71428571428571,5.75333333333333,6.74174757281553,6.62173202614379,43
"45",2005,2,6.40411627906977,43,6.37505405405405,6.58333333333333,5.5,6.81264285714286,6.20689655172414,37,6,2,14,29,964,804,160,32,323,641,6.65049481327801,6.83031965174129,5.746875,5.7375,6.74482043343653,6.60296411856474,44
"46",2005,3,6.47575757575758,33,6.60714285714286,5.74,7.7,6.35714285714286,6.56315789473684,28,5,1,14,19,997,832,165,33,337,660,6.6447111334002,6.82280889423077,5.74666666666667,5.7969696969697,6.72871513353116,6.60181818181818,45
"47",2005,4,6.54634146341463,41,6.7625,5.77777777777778,6.5,6.99285714285714,6.31481481481481,32,9,2,14,27,1038,864,174,35,351,687,6.64082562620424,6.82057523148148,5.74827586206897,5.83714285714286,6.73925071225071,6.59053857350801,46
"48",2005,5,6.55555533333333,45,6.84285685714286,5.55,5,6.05882294117647,6.85714285714286,35,10,4,17,28,1083,899,184,39,368,715,6.63728253924284,6.82144270300334,5.7375,5.75128205128205,6.70781790760869,6.60097902097902,47
"49",2005,6,6.38888888888889,45,6.52857142857143,5.9,7,5.97368421052632,6.69230769230769,35,10,1,19,26,1128,934,194,40,387,741,6.62737321808511,6.81046786937901,5.74587628865979,5.7825,6.67177516795866,6.60418353576248,48
"50",2005,7,7.01081081081081,37,7.2,5.8,6,6.65384615384615,7.20416666666667,32,5,1,13,24,1165,966,199,41,400,765,6.63955106437768,6.8233716252588,5.74723618090452,5.78780487804878,6.671192475,6.62300653594771,49
"51",2005,8,6.78863636363636,66,6.86525423728814,6.14285714285714,5.5,6.88541666666667,6.73333333333333,59,7,2,24,42,1231,1025,206,43,424,807,6.64754426482535,6.82578242926829,5.76067961165049,5.77441860465116,6.68331837264151,6.62874845105328,50
"52",2005,9,6.62790697674419,43,6.85714285714286,5.625,5.83333333333333,6.60294117647059,6.64423076923077,35,8,3,17,26,1274,1060,214,46,441,833,6.6468814678179,6.82681791509434,5.75560747663551,5.77826086956522,6.68021993197279,6.62923169267707,51
"53",2005,10,6.14565217391304,46,6.31860465116279,3.66666666666667,NA,6.46,5.90384615384615,43,3,0,20,26,1320,1103,217,46,461,859,6.62941438636364,6.8070054306437,5.72672811059908,5.77826086956522,6.67066592190889,6.60727590221187,52
"54",2005,11,6.55753424657534,73,6.75254237288136,5.73571428571429,6,6.45333333333333,6.63023255813953,59,14,3,30,43,1393,1162,231,49,491,902,6.62564751615219,6.80424009466437,5.72727272727273,5.79183673469388,6.65738694501018,6.60837028824834,53
"55",2005,12,6.5,64,6.58333333333333,6.05,6.5,6.53333333333333,6.48979591836735,54,10,2,15,49,1457,1216,241,51,506,951,6.62012833905285,6.79443009046053,5.74066390041494,5.81960784313726,6.65370946640316,6.60226077812829,54
"56",2006,1,6.62234042553191,94,6.74358974358974,6.03125,6,6.65,6.60185185185185,78,16,3,40,54,1551,1294,257,54,546,1005,6.62026240490007,6.79136552550232,5.75875486381323,5.82962962962963,6.65343771062271,6.60223880597015,55
"57",2006,2,6.75925925925926,54,7.05681818181818,5.45,NA,6.71363636363636,6.790625,44,10,0,22,32,1605,1338,267,54,568,1037,6.62493893457944,6.8000949103139,5.74719101123596,5.82962962962963,6.65576934859155,6.60805207328833,56
"58",2006,3,6.744,50,6.96,4.8,5,6.78333333333333,6.721875,45,5,2,18,32,1655,1383,272,56,586,1069,6.62853594561934,6.80529789587852,5.72977941176471,5.8,6.65968769624573,6.61145930776427,57
"59",2006,4,6.59090909090909,44,6.64473684210526,6.25,6,7.26470588235294,6.16666666666667,38,6,2,17,27,1699,1421,278,58,603,1096,6.62756150088287,6.80100421534131,5.7410071942446,5.80689655172414,6.67674459369817,6.60050182481752,58
"60",2006,5,6.9304347826087,46,7.29189189189189,5.44444444444444,NA,7.17272727272727,6.70833333333333,37,9,0,22,24,1745,1458,287,58,625,1120,6.6355455530086,6.81346158436214,5.73170731707317,5.80689655172414,6.694203184,6.6028125,59
"61",2006,6,6.69318181818182,44,6.87837837837838,5.71428571428571,6,6.8125,6.625,37,7,2,16,28,1789,1495,294,60,641,1148,6.63696310229178,6.81506822073579,5.7312925170068,5.81333333333333,6.69715599063962,6.60335365853659,60
"62",2006,7,6.18360655737705,61,6.42765957446808,5.36428571428571,5,5,6.5695652173913,47,14,1,15,46,1850,1542,308,61,656,1194,6.62201458918919,6.80326004539559,5.71461038961039,5.8,6.65834907012195,6.60205192629816,61
"63",2006,8,5.90961538461538,52,6.29189189189189,4.96666666666667,5,5.58695652173913,6.16551724137931,37,15,4,23,29,1902,1579,323,65,679,1223,6.60253784963197,6.79127738442052,5.67987616099071,5.75076923076923,6.62205742268041,6.59170073589534,62
"64",2006,9,6.07826086956522,69,6.35454545454545,4.99285714285714,6,5.67727272727273,6.26595744680851,55,14,2,22,47,1971,1634,337,67,701,1270,6.58418416539828,6.77657710526316,5.6513353115727,5.75820895522388,6.59240654778887,6.57964566929134,63
"65",2006,10,6.55797101449275,69,6.76851851851852,5.8,5,6.34375,6.62264150943396,54,15,2,16,53,2040,1688,352,69,717,1323,6.58329754411765,6.77631930687204,5.65767045454546,5.73623188405797,6.58685772663877,6.58136810279668,64
"66",2006,11,6.37887323943662,71,6.65344827586207,5.15384615384615,6.33333333333333,5.91304347826087,6.60208333333333,58,13,3,23,48,2111,1746,365,72,740,1371,6.57642207010895,6.77223768041237,5.63972602739726,5.76111111111111,6.56591485135135,6.58209336250912,65
"67",2006,12,6.6652,125,6.69678899082569,6.45,5,6.82432432432432,6.59829545454545,109,16,2,37,88,2236,1855,381,74,777,1459,6.58138505813954,6.76780430727763,5.6737532808399,5.74054054054054,6.57822006435006,6.58307059629884,66
"68",2007,1,6.63450704225352,142,6.8811320754717,5.90833333333333,6,6.36739130434783,6.7625,106,36,5,46,96,2378,1961,417,79,823,1555,6.58455718671152,6.77393013258541,5.69400479616307,5.75696202531646,6.56643619684082,6.59414790996785,67
"69",2007,2,6.52267758928571,112,6.75862068965517,5.7015956,4,6.5,6.531748625,87,25,3,32,80,2490,2048,442,82,855,1635,6.58177384738956,6.77327978027344,5.69443414027149,5.69268292682927,6.56394969590643,6.59109473394495,68
"70",2007,3,6.73582089552239,67,6.88928571428571,5.95454545454545,7,6.86470588235294,6.692,56,11,3,17,50,2557,2104,453,85,872,1685,6.58581027766914,6.77636739068441,5.70075030905077,5.73882352941176,6.5698130619266,6.59408895548962,69
"71",2007,4,6.73235294117647,102,6.9231884057971,6.33333333333333,6.375,6.49736842105263,6.871875,69,33,4,38,64,2659,2173,486,89,910,1749,6.59143169612636,6.78102944776806,5.74370347736625,5.76741573033708,6.5667879010989,6.60425379645512,70
"72",2007,5,6.33263157894737,95,6.57246376811594,5.69615384615385,5.66666666666667,6.024,6.44285714285714,69,26,3,25,70,2754,2242,512,92,935,1819,6.58250431372549,6.77461061106155,5.74128884765625,5.76413043478261,6.55227485561497,6.5980428202309,71
"73",2007,6,6.61506024096386,83,6.77384615384615,6.04166666666667,6.125,6.60740740740741,6.61875,65,18,4,27,56,2837,2307,530,96,962,1875,6.58345677828692,6.77458907238838,5.75149035849057,5.77916666666667,6.55382223492723,6.59866127466667,72
"74",2007,7,6.46616161616162,99,6.64736842105263,5.86739130434783,6.6,6.75714285714286,6.35140845070423,76,23,5,28,71,2936,2383,553,101,990,1946,6.57950166212534,6.77053167855644,5.7563108318264,5.81980198019802,6.55957271717171,6.58964023124358,73
"75",2007,8,6.55921052631579,76,6.55555555555556,6.57692307692308,7,6.07894736842105,6.71929824561404,63,13,2,19,57,3012,2446,566,103,1009,2003,6.57898966799469,6.76499468111202,5.77515881625442,5.84271844660194,6.55052228939544,6.59332995007489,74
"76",2007,9,6.44767441860465,86,6.47826086956522,6.32352941176471,5,6.13793103448276,6.60526315789474,69,17,3,29,57,3098,2515,583,106,1038,2060,6.57534437701743,6.757128027833,5.79114903945112,5.8188679245283,6.5389951734104,6.5936601407767,75
"77",2007,10,6.64631578947368,95,6.92179487179487,5.38235294117647,6,6.17833333333333,6.86230769230769,78,17,2,30,65,3193,2593,600,108,1068,2125,6.57745595991231,6.76208136907058,5.77956648333333,5.82222222222222,6.52886422284644,6.60187759529412,76
"78",2007,11,6.36410256410256,117,6.5,5.864,6.5,6.32978723404255,6.38714285714286,92,25,3,47,70,3310,2685,625,111,1115,2195,6.5699144652568,6.75310129981378,5.782943824,5.84054054054054,6.5204726367713,6.59502956264237,77
"79",2007,12,6.46920289855072,138,6.70093457943925,5.66935483870968,6.65,6.48,6.46306818181818,107,31,5,50,88,3448,2792,656,116,1165,2283,6.56588366589327,6.75110207378224,5.77757605182927,5.87543103448276,6.5187356137339,6.58994300919842,78
"80",2008,1,6.50675675675676,148,6.60238095238095,5.95909090909091,6.5,6.54042553191489,6.49108910891089,126,22,4,47,101,3596,2918,678,120,1212,2384,6.563450189099,6.74468025702536,5.78346591445428,5.89625,6.51957672442244,6.58575498741611,79
"81",2008,2,6.77293577981651,109,6.91483516483517,6.05555555555556,5.28571428571429,7.02564102564103,6.63214285714286,91,18,7,39,70,3705,3009,696,127,1251,2454,6.56961319298246,6.749826184779,5.79050271551724,5.86259842519685,6.53535330935252,6.58707819478403,80
"82",2008,3,6.52447916666667,96,6.654375,5.875,6.5,6.31896551724138,6.6134328358209,80,16,2,29,67,3801,3089,712,129,1280,2521,6.56847326493028,6.74735415668501,5.79240153089888,5.87248062015504,6.5304507734375,6.58777861562872,81
"83",2008,4,6.665,80,6.69411764705882,6.5,6.41666666666667,6.65217391304348,6.67017543859649,68,12,3,23,57,3881,3157,724,132,1303,2578,6.57046299407369,6.74620747228381,5.80412968232044,5.88484848484848,6.53259937835764,6.58960042280838,82
"84",2008,5,6.52111111111111,90,6.8463768115942,5.45238095238095,5.4,6.61333333333333,6.475,69,21,5,30,60,3971,3226,745,137,1333,2638,6.56934446738857,6.74834996590205,5.79421461744966,5.86715328467153,6.53441634658665,6.58699389310084,83
"85",2008,6,6.51764705882353,85,6.75384615384615,5.75,5.33333333333333,5.65217391304348,6.83870967741935,65,20,3,23,62,4056,3291,765,140,1356,2700,6.56826106508876,6.74845852020663,5.79305867973856,5.85571428571428,6.51945205752212,6.59277403333333,84
"86",2008,7,6.45052631578947,95,6.56626506024096,5.65,4.25,5.98333333333333,6.66615384615385,83,12,4,30,65,4151,3374,777,144,1386,2765,6.56556658154662,6.74397658269117,5.79084927927928,5.81111111111111,6.50784775613276,6.59449905605787,85
"87",2008,8,6.31173913043478,115,6.51774193548387,5.44090909090909,5.5625,6.21666666666667,6.35,93,22,8,33,82,4266,3467,799,152,1419,2847,6.55872406938584,6.73790798673205,5.78121387984981,5.79802631578947,6.50107610288936,6.58745693361433,86
"88",2008,9,6.32784090909091,88,6.43196721311475,6.09259259259259,5.66666666666667,6.71153846153846,6.16693548387097,61,27,12,26,62,4354,3528,826,164,1445,2909,6.55405762057878,6.73261819444445,5.79139211864407,5.78841463414634,6.50486296885813,6.57849429013407,87
"89",2008,10,6.23333333333333,87,6.43823529411765,5.5,5.11111111111111,6.34193548387097,6.17321428571429,68,19,9,31,56,4441,3596,845,173,1476,2965,6.5477745732943,6.7270514432703,5.78484010650888,5.75317919075145,6.5014410501355,6.57083976053963,88
"90",2008,11,6.60909090909091,99,6.80126582278481,5.85,5,6.224,6.73918918918919,79,20,3,25,74,4540,3675,865,176,1501,3039,6.54911164757709,6.7286468,5.78634669364162,5.74034090909091,6.49682011325783,6.57493908851596,89
"91",2008,12,6.20905511811024,127,6.61318681318681,5.1875,4.96428571428571,6.34848484848485,6.16010638297872,91,36,14,33,94,4667,3766,901,190,1534,3133,6.53985791300621,6.72585687466808,5.76241941176471,5.68315789473684,6.49362906779661,6.56249278327482,90
"92",2009,1,6.40470588235294,170,6.52043795620438,5.92424242424242,5.5,6.03461538461538,6.56779661016949,137,33,14,52,118,4837,3903,934,204,1586,3251,6.53510789332231,6.71864642326416,5.76813692719486,5.67058823529412,6.47857943883985,6.56268529375577,91
"93",2009,2,6.25633333333333,150,6.59141414141414,5.60588235294118,5.64285714285714,6.31111111111111,6.24430894308943,99,51,7,27,123,4987,4002,985,211,1613,3374,6.5267228554241,6.715498998001,5.75973592893401,5.6696682464455,6.47577618722876,6.55107880557202,92
"94",2009,3,6.4448925,124,6.71460674157303,5.75904771428571,5.78571428571429,6.64583333333333,6.3966667,89,35,7,24,100,5111,4091,1020,218,1637,3474,6.52473753668558,6.71547958689807,5.75971231372549,5.67339449541284,6.47826938912645,6.54663401266552,93
"95",2009,4,6.22028301886792,106,6.28698630136986,6.07272727272727,5.56666666666667,6.2,6.22529411764706,73,33,3,21,85,5217,4164,1053,221,1658,3559,6.51855157178455,6.70796757684918,5.76952189933523,5.67194570135747,6.47474486731001,6.53895941556617,94
"96",2009,5,6.24409090909091,110,6.55810810810811,5.59861111111111,4.5,6.09285714285714,6.29573170731707,74,36,9,28,82,5327,4238,1089,230,1686,3641,6.51288409048245,6.70535087069372,5.76387195592287,5.62608695652174,6.46840272241993,6.53348161494095,95
"97",2009,6,6.37210526315789,95,6.74,5.74142857142857,6.045,6.1375,6.47014925373134,60,35,10,28,67,5422,4298,1124,240,1714,3708,6.51041747510144,6.7058345718939,5.76317309608541,5.64354166666667,6.46299707701283,6.53233725997843,96
"98",2009,7,6.31166666666667,120,6.50537634408602,5.64444444444444,5.55384615384615,6.32758620689655,6.30659340659341,93,27,13,29,91,5542,4391,1151,253,1743,3799,6.50611395705521,6.70158892962879,5.76038797567333,5.63893280632411,6.46074411359725,6.52692986575415,97
"99",2009,8,6.28977272727273,88,6.54237288135593,5.77586206896552,5.90833333333333,5.97619047619048,6.38805970149254,59,29,12,21,67,5630,4450,1180,265,1764,3866,6.50273242451154,6.6994779752809,5.76076827118644,5.6511320754717,6.45497561791383,6.52452316606312,98
"100",2009,9,6.515,100,6.62027027027027,6.21538461538462,6.225,6.34761904761905,6.55949367088608,74,26,10,21,79,5730,4524,1206,275,1785,3945,6.50294651832461,6.69818235853227,5.77056928689884,5.672,6.45371259943978,6.5252234626109,99
"101",2009,10,6.29158878504673,107,6.54675324675325,5.63666666666667,5.75,6.01785714285714,6.38860759493671,77,30,12,28,79,5837,4601,1236,287,1813,4024,6.49907204899777,6.69564811780048,5.76731922330097,5.67526132404181,6.44698124103695,6.5225413916501,100
"102",2009,11,6.54273504273504,117,6.6551724137931,6.21666666666667,6.27272727272727,5.9,6.76436781609195,87,30,11,30,87,5954,4688,1266,298,1843,4111,6.49993005542492,6.69489696885666,5.77796726698262,5.69731543624161,6.43807758545849,6.52765909997568,101
"103",2009,12,6.41172839506173,162,6.60431034482759,5.92608695652174,5.63636363636364,6.37209302325581,6.42605042016807,116,46,11,43,119,6116,4804,1312,309,1886,4230,6.49759377861347,6.69270961490425,5.78316048780488,5.69514563106796,6.43657316542948,6.52480060520095,102
"104",2010,1,6.30732984293194,191,6.55035460992908,5.622,5.74285714285714,6.01829268292683,6.38633333333333,141,50,21,41,150,6307,4945,1362,330,1927,4380,6.49183186142381,6.68865055409504,5.77724417033774,5.69818181818182,6.42767358069538,6.52005857534247,103
"105",2010,2,6.55954545454545,110,6.72974683544304,6.1258064516129,5.41666666666667,6.4625,6.58111111111111,79,31,6,20,90,6417,5024,1393,336,1947,4470,6.49299260557893,6.68929677348726,5.78500111988514,5.69315476190476,6.42803132511556,6.52128782102908,104
"106",2010,3,6.5509900990099,101,6.679375,6.06190476190476,6.5,6.97368421052632,6.4530487804878,80,21,4,19,82,6518,5104,1414,340,1966,4552,6.49389130868364,6.68914125979624,5.78911355021216,5.70264705882353,6.43330467446592,6.52005855887522,105
"107",2010,4,6.48139534883721,86,6.58484848484848,6.14,5.25,6.425,6.49428571428571,66,20,6,16,70,6604,5170,1434,346,1982,4622,6.49372858116293,6.68780986266925,5.79400736401674,5.69479768786127,6.43323763370333,6.51966823020338,106
"108",2010,5,6.09468085106383,94,6.55614035087719,5.38378378378378,4.66666666666667,6.2578947368421,6.05333333333333,57,37,9,19,75,6698,5227,1471,355,2001,4697,6.48812832935204,6.68637401760092,5.7836890278722,5.6687323943662,6.43157270864568,6.51222196295508,107
"109",2010,6,6.44459459459459,74,6.58,5.86428571428571,5.6,6.54,6.42033898305085,60,14,5,15,59,6772,5287,1485,360,2016,4756,6.48765262108683,6.68516682239455,5.78444886195286,5.66777777777778,6.4323794593254,6.51108211942809,108
"110",2010,7,6.33887323943662,71,6.59814814814815,5.51529411764706,4.752,6.32352941176471,6.3437037037037,54,17,5,17,54,6843,5341,1502,365,2033,4810,6.48610895075259,6.68428702302939,5.78140250332889,5.65523287671233,6.43146925233645,6.50920302702703,109
"111",2010,8,6.31276595744681,94,6.49032258064516,5.96875,5.36363636363636,5.22916666666667,6.68428571428571,62,32,11,24,70,6937,5403,1534,376,2057,4880,6.48376006198645,6.68206126041088,5.78531066492829,5.64670212765958,6.41744141468157,6.5117144590164,110
"112",2010,9,6.41890243902439,82,6.59435483870968,5.875,6,5.73809523809524,6.65327868852459,62,20,1,21,61,7019,5465,1554,377,2078,4941,6.48300235788574,6.6810662378774,5.78646496782497,5.64763925729443,6.41057602983638,6.51346216555353,111
"113",2010,10,6.49176470588235,85,6.5728813559322,6.30769230769231,5.66666666666667,6.53125,6.48260869565217,59,26,6,16,69,7104,5524,1580,383,2094,5010,6.48310720016892,6.6799107512672,5.79504212658228,5.64793733681462,6.41149808500477,6.51303723752495,112
"114",2010,11,6.24302877697842,139,6.33516161616162,6.015,5.65,6.08285714285714,6.29693269230769,99,40,10,35,104,7243,5623,1620,393,2129,5114,6.47849986883888,6.67384100835853,5.80047318518519,5.64798982188295,6.4060953452325,6.5086424638248,113
"115",2010,12,6.42280701754386,114,6.76144578313253,5.51612903225806,6.125,5.76190476190476,6.57204301075269,83,31,8,21,93,7357,5706,1651,401,2150,5207,6.47763688324045,6.67511531545741,5.79513419745609,5.65750623441397,6.39980325116279,6.50977483387747,114
"116",2011,1,6.65183544303797,158,6.92512605042017,5.81794871794872,5.59,6.40475,6.73559322033898,119,39,10,40,118,7515,5825,1690,411,2190,5325,6.48129934131736,6.68022283090129,5.79566068639053,5.65586374695864,6.39989360273973,6.51477888450704,115
"117",2011,2,6.165,140,6.50210526315789,5.45333333333333,4.55555555555556,5.6,6.25916666666667,95,45,9,20,120,7655,5920,1735,420,2210,5445,6.47551463749183,6.67736452533784,5.78678187896254,5.63228571428572,6.39265474660633,6.5091455573921,116
"118",2011,3,6.30420614035088,114,6.58744512195122,5.57840625,5.33619230769231,5.23146153846154,6.44228217821782,82,32,13,13,101,7769,6002,1767,433,2223,5546,6.4730009074527,6.67613603632122,5.78300823995473,5.623396073903,6.38586414304993,6.50792788676524,117
"119",2011,4,6.51147727272727,88,6.70833333333333,6.08964285714286,5.78714285714286,6.2505,6.58823529411765,60,28,7,20,68,7857,6062,1795,440,2243,5614,6.4734318505791,6.67645471626526,5.78779139832869,5.62600113636364,6.38465715113687,6.50890061631635,118
"120",2011,5,6.41744186046512,86,6.59117647058823,5.76111111111111,6.5,6.52,6.38636363636364,68,18,1,20,66,7943,6130,1813,441,2263,5680,6.47282563892736,6.67550872593801,5.78752650854937,5.62798299319728,6.38585328767123,6.50747677112676,119
"121",2011,6,6.11486486486486,74,6.4672131147541,4.46153846153846,4.475,6,6.12878787878788,61,13,8,8,66,8017,6191,1826,449,2271,5746,6.4695215230136,6.67345638669036,5.77808628696605,5.60743986636971,6.38449405107882,6.50312705534285,120
"122",2011,7,6.83734939759036,83,7.17796610169492,6,6.55,7.24761904761905,6.69838709677419,59,24,10,21,62,8100,6250,1850,459,2292,5808,6.47329062345679,6.6782189584,5.78096516756757,5.62797494553377,6.39240226439791,6.50521144283747,121
"123",2011,8,6.44351851851852,108,6.69759036144578,5.6,4.9375,6.80555555555556,6.37111111111111,83,25,8,18,90,8208,6333,1875,467,2310,5898,6.47289888523392,6.67847283909679,5.77855229866667,5.61614668094219,6.39562164069264,6.50316515089861,122
"124",2011,9,6.4804347826087,92,6.75151515151515,5.79230769230769,4.8,5.34615384615385,6.66708860759494,66,26,7,13,79,8300,6399,1901,474,2323,5977,6.47298241566265,6.67922620565713,5.77874043135192,5.60409388185654,6.38974859664227,6.50533178183035,123
"125",2011,10,6.39389312977099,131,6.83617021276596,5.27027027027027,4.80555555555556,6.67857142857143,6.29010416666667,94,37,9,35,96,8431,6493,1938,483,2358,6073,6.47175353457478,6.68149830432773,5.76903279669763,5.58921428571429,6.39403561916879,6.50192953400297,124
"126",2011,11,6.41768707482993,147,6.724,5.76595744680851,5,6.38392857142857,6.42563025210084,100,47,9,28,119,8578,6593,1985,492,2386,6192,6.4708270051294,6.68214295313211,5.76895997984887,5.57843597560976,6.39391701173512,6.5004631879845,125
"127",2011,12,6.24627329192547,161,6.4599173553719,5.6,6.0625,5.92571428571429,6.33531746031746,121,40,8,35,126,8739,6714,2025,500,2421,6318,6.46669001602014,6.67813799374441,5.76562249876543,5.586181,6.38714828170178,6.49716968344413,126
"128",2012,1,6.36538461538461,169,6.47056451612903,6.07555555555556,5.98333333333333,5.86129032258065,6.4786231884058,124,45,6,31,138,8908,6838,2070,506,2452,6456,6.4647680792546,6.67437386516525,5.77236017391304,5.59089031620554,6.3804999959217,6.49677324349443,127
"129",2012,2,6.31970802919708,137,6.59554455445545,5.54583333333333,5.75,5.48064516129032,6.56509433962264,101,36,8,31,106,9045,6939,2106,514,2483,6562,6.46257092868988,6.67322647211414,5.76848792022792,5.59336673151751,6.36926540072493,6.49787687595246,128
"130",2012,3,6.23563829787234,94,6.54315068493151,5.16666666666667,4.66666666666667,5.69444444444444,6.36381578947368,73,21,9,18,76,9139,7012,2127,523,2501,6638,6.46023679286574,6.67187228893326,5.76254610249177,5.57741969407266,6.36440863254698,6.4963419795119,129
"131",2012,4,6.57090909090909,110,6.82682926829268,5.82142857142857,6.16666666666667,7.05,6.523,82,28,6,10,100,9249,7094,2155,529,2511,6738,6.46155303816629,6.67366344657457,5.76331116473318,5.58410302457467,6.36713898446834,6.49673761650342,130
"132",2012,5,6.39700854700855,117,6.53352272727273,5.98275862068965,5.6875,6.4537037037037,6.38,88,29,8,27,90,9366,7182,2184,537,2538,6828,6.46074674887892,6.67194632275132,5.76622507326007,5.58564338919926,6.3680598857368,6.49519889572349,131
"133",2012,6,6.64238095238095,105,6.88779069767442,5.53157894736842,5.5,7.24375,6.53426966292135,86,19,6,16,89,9471,7268,2203,543,2554,6917,6.46276043184458,6.67450034259769,5.76420134362233,5.584697053407,6.37354580657792,6.49570161341622,132
"134",2012,7,6.42777777777778,99,6.63561643835616,5.84423076923077,5.7875,5.77777777777778,6.57222222222222,73,26,8,18,81,9570,7341,2229,551,2572,6998,6.46239854231975,6.6741136752486,5.76513484073576,5.58764156079855,6.36937635692068,6.49658731923407,133
"135",2012,8,6.49909090909091,110,6.49230769230769,6.515625,7.05,6.6,6.47802197802198,78,32,10,19,91,9680,7419,2261,561,2591,7089,6.46281550103306,6.67220224962933,5.77575655019903,5.61370855614973,6.37106753763026,6.49634899985894,134
"136",2012,9,6.6495145631068,103,6.78192771084337,6.1,5.21428571428571,6.25,6.72298850574713,83,20,7,16,87,9783,7502,2281,568,2607,7176,6.46478115608709,6.67341622100773,5.77859954405962,5.6087860915493,6.37032450709628,6.49909671962096,135
"137",2012,10,6.49186046511628,86,6.7,5.50666666666667,4.83333333333333,6.40909090909091,6.5203125,71,15,6,22,64,9869,7573,2296,574,2629,7240,6.46501712939507,6.67366545490558,5.77682297909408,5.60068031358885,6.37064891213389,6.49928426243094,136
"138",2012,11,6.36440677966102,118,6.5,5.83333333333333,5.4375,6.16666666666667,6.40721649484536,94,24,8,21,97,9987,7667,2320,582,2650,7337,6.46382838189646,6.67153625798878,5.77740756896552,5.59843728522337,6.3690324490566,6.49806706555813,137
"139",2012,12,6.33159722222222,144,6.52801724137931,5.51785714285714,5.2,6.1578125,6.38125,116,28,10,32,112,10131,7783,2348,592,2682,7449,6.46194887474089,6.66939721058718,5.77431241908007,5.59170692567568,6.366512300522,6.49631065377903,138
"140",2013,1,6.49378324324324,185,6.71978345323741,5.81086956521739,5.96428571428571,6.29333,6.53258064516129,139,46,14,30,155,10316,7922,2394,606,2712,7604,6.46251977025979,6.67028129134057,5.77501485380117,5.60031435643565,6.36570276179941,6.49704998158864,139
"141",2013,2,6.52145631067961,103,6.77684931506849,5.9,4.71428571428571,5.83333333333333,6.73050632911392,73,30,7,24,79,10419,7995,2424,613,2736,7683,6.46310240426144,6.67125433270794,5.77656169966997,5.59019657422513,6.36103285453216,6.49945048288429,140
"142",2013,3,6.34167961165049,103,6.51569736842105,5.85185185185185,4.8,4.81484615384615,6.56222222222222,76,27,5,13,90,10522,8071,2451,618,2749,7773,6.46191379490591,6.66978954156858,5.77739108935129,5.58380339805826,6.35372094943616,6.50017728804837,141
"143",2013,4,6.07347826086957,115,6.32256097560976,5.45454545454545,5.25,6.3125,6.02315789473684,82,33,10,20,95,10637,8153,2484,628,2769,7868,6.45771429444392,6.66629723905311,5.77310207729469,5.57848805732484,6.35342321776815,6.49441764870361,142
"144",2013,5,6.37182795698925,93,6.75805555555556,5.04761904761905,4.91666666666667,5.912,6.46025641025641,72,21,6,15,78,10730,8225,2505,634,2784,7946,6.45696989282386,6.66710047294833,5.76702018363274,5.57222476340694,6.35104485991379,6.49408231311352,143
"145",2013,6,6.35096153846154,104,6.70512820512821,5.28846153846154,5.35714285714286,6.11842105263158,6.40294117647059,78,26,7,19,85,10834,8303,2531,641,2803,8031,6.4559522752446,6.66745771287486,5.76210413275385,5.56987597503901,6.34946803068141,6.49311767650355,144
"146",2013,7,6.15582608695652,115,6.31564102564103,5.81891891891892,6.31818181818182,5.41222222222222,6.29381443298969,78,37,11,18,97,10949,8381,2568,652,2821,8128,6.45279997716686,6.66418343753729,5.7629227258567,5.58250076687117,6.34348773130096,6.49073918061024,145
"147",2013,8,6.2047619047619,126,6.42087912087912,5.64285714285714,6,5.7,6.27818181818182,91,35,8,16,110,11075,8472,2603,660,2837,8238,6.44997805417607,6.66157004131256,5.76130832116788,5.58756136363637,6.33985861473387,6.48790095411508,146
"148",2013,9,6.43984375,128,6.77956989247312,5.53714285714286,5.4,5.97058823529412,6.51171171171171,93,35,10,17,111,11203,8565,2638,670,2854,8349,6.44986226457199,6.66285130064215,5.75833417740713,5.58476194029851,6.33765903644008,6.48821751826566,147
"149",2013,10,6.26,105,6.61139240506329,5.19230769230769,4.67142857142857,5.925,6.33882352941176,79,26,7,20,85,11308,8644,2664,677,2874,8434,6.4480993058012,6.66238100300787,5.7528098948949,5.57531831610045,6.33478736604036,6.48671188759782,148
"150",2013,11,6.31620689655172,145,6.65959595959596,5.57717391304348,5.40909090909091,5.99090909090909,6.37439024390244,99,46,11,22,123,11453,8743,2710,688,2896,8557,6.44642949008993,6.66234946700217,5.7498286199262,5.57266061046512,6.33217503107735,6.48509735421293,149
"151",2013,12,6.33697183098592,142,6.31157407407407,6.41764705882353,6.2,6.362,6.33162393162393,108,34,10,25,117,11595,8851,2744,698,2921,8674,6.44508899956878,6.65806930177381,5.75810333819242,5.5816482808023,6.33243029441972,6.48302721466452,150
"152",2014,1,6.2875,192,6.51285714285714,5.68076923076923,5.675,6.44230769230769,6.26325301204819,140,52,20,26,166,11787,8991,2796,718,2947,8840,6.44252201153814,6.65580818485152,5.75666507868383,5.58424860724234,6.3333996912114,6.47890023303168,151
"153",2014,2,6.098125,160,6.43658536585366,4.97297297297297,4.93333333333333,6.20357142857143,6.07575757575758,123,37,15,28,132,11947,9114,2833,733,2975,8972,6.43790968025446,6.65284961487821,5.7464297776209,5.57092837653479,6.33217777815126,6.47296902139991,152
"154",2014,3,6.2625,120,6.47472527472527,5.59655172413793,6.625,5.94230769230769,6.35106382978723,91,29,8,26,94,12067,9205,2862,741,3001,9066,6.43616532278114,6.65108868984248,5.74491109713487,5.58230836707153,6.32880002999,6.47170505846018,153
"155",2014,4,6.18867924528302,106,6.35897435897436,5.71428571428571,6.5,6.76923076923077,6.10752688172043,78,28,3,13,93,12173,9283,2890,744,3014,9159,6.43401026451984,6.64863421200043,5.74461438062284,5.58600873655914,6.33069969807565,6.46800721257779,154
"156",2014,5,6.15945945945946,111,6.33488372093023,5.556,5.7,5.85714285714286,6.20309278350515,86,25,5,14,97,12284,9369,2915,749,3028,9256,6.43152938375122,6.64575423097449,5.74299676157805,5.5867696929239,6.3285102014531,6.46523099178911,155
"157",2014,6,6.0234693877551,98,6.21969696969697,5.61875,5.25,6.28235294117647,5.96913580246914,66,32,8,17,81,12382,9435,2947,757,3045,9337,6.42829970521725,6.64277386221516,5.74164762809637,5.58321070013211,6.3282525090312,6.46092728499518,156
"158",2014,7,5.88359375,128,6.51643835616438,5.04363636363636,5.52857142857143,6.22,5.8212962962963,73,55,14,20,108,12510,9508,3002,771,3065,9445,6.42272637490008,6.64180389040808,5.72885928047968,5.58221854734112,6.32754613050571,6.45361334674431,157
"159",2014,8,6.09107142857143,140,6.42688679245283,5.04411764705882,4.22727272727273,5.96666666666667,6.106,106,34,11,15,125,12650,9614,3036,782,3080,9570,6.41905588537549,6.63943430309965,5.72119089591568,5.56315920716113,6.32578860064935,6.44907294252874,158
"160",2014,9,5.9785,100,6.19925373134328,5.53030303030303,5,5.25,6.05944444444444,67,33,9,10,90,12750,9681,3069,791,3090,9660,6.41560054509804,6.6363879134387,5.71913833822092,5.55675158027813,6.32230708414239,6.44544286335404,159
"161",2014,10,6.01113821138211,123,6.35915789473684,4.83035714285714,4.3,6.11111111111111,5.994,95,28,10,18,105,12873,9776,3097,801,3108,9765,6.41173595509982,6.63369388195581,5.71110286083307,5.54106179775281,6.32108394144144,6.4405886390169,160
"162",2014,11,6.09289256198347,121,6.41842696629213,5.1875,4.5,5.99058823529412,6.10961538461538,89,32,8,17,104,12994,9865,3129,809,3125,9869,6.40876688856395,6.63175178813989,5.70574802173218,5.53076699629172,6.3192860448,6.43710082683149,161
"163",2014,12,6.14037267080745,161,6.39741379310345,5.47777777777778,5.29411764705882,6.15909090909091,6.13741007194245,116,45,17,22,139,13155,9981,3174,826,3147,10008,6.40548209426074,6.62902829275624,5.70251592942659,5.52589648910412,6.31816615506832,6.43293845523581,162
"164",2015,1,6.16417040358744,223,6.34666666666667,5.645,5.0125,4.96739130434783,6.3018,165,58,20,23,200,13378,10146,3232,846,3170,10208,6.40145963148453,6.62443636802681,5.70148377475248,5.51375945626478,6.30836558044164,6.4303691281348,163
"165",2015,2,5.99090909090909,165,6.1468253968254,5.48717948717949,5.85555555555556,5.47142857142857,6.06666666666667,126,39,9,21,144,13543,10272,3271,855,3191,10352,6.39645772354722,6.6185778222352,5.69892863344543,5.51735730994152,6.30285769037919,6.42530989760433,164
"166",2015,3,5.90193548387097,155,6.09298245614035,5.37073170731707,5.2,5.92307692307692,5.9,114,41,10,13,142,13698,10386,3312,865,3204,10494,6.39086194699956,6.61280872231851,5.69486580917875,5.51368843930636,6.30131675717853,6.41820164474938,165
"167",2015,4,6.09154929577465,142,6.37628865979381,5.47777777777778,5.66666666666667,5.72916666666667,6.16525423728814,97,45,12,24,118,13840,10483,3357,877,3228,10612,6.38779096459538,6.6106201841076,5.69195578194817,5.51578164196123,6.29706285315985,6.41538899924614,166
"168",2015,5,5.81176470588235,102,6.06575342465753,5.17241379310345,5.77142857142857,5.65833333333333,5.83222222222222,73,29,7,12,90,13942,10556,3386,884,3240,10702,6.38357674293502,6.60685215896173,5.68750607206143,5.51780599547512,6.29469718827161,6.41048477480845,167
"169",2015,6,6.02268518518519,108,6.19671052631579,5.609375,4.28571428571429,6.625,5.9179347826087,76,32,7,16,92,14050,10632,3418,891,3256,10794,6.38080262989324,6.60392037151994,5.68677459332943,5.50812626262627,6.29632029791155,6.40628664628497,168
"170",2015,7,6.19563492063492,126,6.41055555555556,5.65833333333333,5.72727272727273,6.53478260869565,6.11990291262136,90,36,11,23,103,14176,10722,3454,902,3279,10897,6.379156810807,6.60229727569484,5.68647815865663,5.51079878048781,6.29799295211955,6.4035797063412,169
"171",2015,8,6.11172413793103,145,6.43153153153153,5.06764705882353,5.65384615384615,6.07826086956522,6.11803278688525,111,34,13,23,122,14321,10833,3488,915,3302,11019,6.3764490573284,6.60054752977015,5.68044597477064,5.51283114754099,6.29646241368867,6.40041819221345,170
"172",2015,9,5.73636363636364,110,6.16304347826087,5.01829268292683,5.6,6.08823529411765,5.67204301075269,69,41,15,17,93,14431,10902,3529,930,3319,11112,6.37157001940268,6.59777851678591,5.67275306319071,5.5142370967742,6.29539586923772,6.39432217962563,171
"173",2015,10,6.08346774193548,124,6.23709677419355,5.62258064516129,4.73636363636364,5.51052631578947,6.18714285714286,93,31,11,19,105,14555,10995,3560,941,3338,11217,6.36911555822742,6.59472772987722,5.67231616853933,5.50514399574921,6.2909283672858,6.39238281715254,172
"174",2015,11,6.28616352201258,159,6.43333333333333,5.83333333333333,5.6875,6.53846153846154,6.26369863013699,120,39,8,13,146,14714,11115,3599,949,3351,11363,6.36821917561506,6.59298528025191,5.67406100583495,5.50668124341412,6.29188865711728,6.39072939012585,173
"175",2015,12,5.91666666666667,174,6.2042735042735,5.32631578947368,5.23076923076923,5.76551724137931,5.94689655172414,117,57,13,29,145,14888,11232,3656,962,3380,11508,6.3629417618216,6.58893619925214,5.66863937636762,5.50295270270271,6.28737245266272,6.38513712721585,174
"176",2016,1,6.22836683417085,199,6.34898026315789,5.83829787234043,5.97058823529412,6.36538461538461,6.20777456647399,152,47,17,26,173,15087,11384,3703,979,3406,11681,6.36116669649367,6.58573229005622,5.67079275182285,5.51107303370787,6.28796796535526,6.38251032103416,175
"177",2016,2,6.04606707317073,164,6.38323770491803,5.06666666666667,5.35,6.07142857142857,6.04234265734266,122,42,12,21,143,15251,11506,3745,991,3427,11824,6.35777830634057,6.5835852068486,5.66401750600801,5.50912260343088,6.28664105339948,6.378396317659,176
"178",2016,3,6.12534722222222,144,6.38118279569892,5.65882352941177,5.14666666666667,5.86111111111111,6.16309523809524,93,51,15,18,126,15395,11599,3796,1006,3445,11950,6.35560421890224,6.58196235796189,5.66394772391992,5.50371819085487,6.28441767489115,6.37612619748954,177
"179",2016,4,6.12083333333333,156,6.37938596491228,5.41904761904762,4.73333333333333,6,6.13860294117647,114,42,9,20,136,15551,11713,3838,1015,3465,12086,6.35324911259726,6.57999072739691,5.66126773319437,5.49688719211823,6.28277601443001,6.37345342214132,178
"180",2016,5,6.15620689655172,145,6.45136363636364,5.22857142857143,4.2,5.57619047619048,6.25443548387097,110,35,10,21,124,15696,11823,3873,1025,3486,12210,6.35142883218655,6.57879399391018,5.65735749031758,5.48423463414634,6.27851947504303,6.37224472235872,179
"181",2016,6,6.2,135,6.52020202020202,5.31944444444444,5.7,6.42857142857143,6.17355371900826,99,36,3,14,121,15831,11922,3909,1028,3500,12331,6.35013751184385,6.57830744757591,5.65424547454592,5.4848642996109,6.27911968285714,6.37029503365502,180
"182",2016,7,6.15835714285714,140,6.35548076923077,5.58888888888889,5.2,5.3935,6.28583333333333,104,36,11,20,120,15971,12026,3945,1039,3520,12451,6.34845638657567,6.57638045817396,5.65364906463878,5.48184841193456,6.27408775284091,6.36948101036062,181
"183",2016,8,6.26724832214765,149,6.48723214285714,5.60135135135135,5.54411764705882,5.88461538461539,6.30382352941176,112,37,17,13,136,16120,12138,3982,1056,3533,12587,6.34770576612903,6.57555786702917,5.65316312405826,5.48285085227273,6.27265465326918,6.36877159450227,182
"184",2016,9,6.01189024390244,164,6.23291666666667,5.40909090909091,4.96428571428571,6.275,5.99111842105263,120,44,14,12,152,16284,12258,4026,1070,3545,12739,6.34432368889708,6.57220357236091,5.65049566815698,5.47606588785047,6.27266259238364,6.36426548865688,183
"185",2016,10,6.12222807017544,171,6.52052136752137,5.25925925925926,4.92857142857143,5.90476190476191,6.15267333333333,117,54,14,21,150,16455,12375,4080,1084,3566,12889,6.3420156760863,6.57171494060606,5.64531753921569,5.46899492619927,6.27049604318564,6.36180301497401,184
"186",2016,11,5.88382417582418,182,6.11364705882353,5.20434782608696,4.96,5.55555555555556,5.9410064516129,136,46,15,27,155,16637,12511,4126,1099,3593,13044,6.33700330287913,6.56673554392135,5.64040125060591,5.46204777070064,6.26512354300028,6.3568027491567,185
"187",2016,12,5.94415204678363,171,6.1234126984127,5.44222222222222,6.58333333333333,5.94736842105263,5.94375,126,45,6,19,152,16808,12637,4171,1105,3612,13196,6.33300654152785,6.56231529556066,5.63826314073364,5.46813619909503,6.26345207364341,6.35204494240679,186
"188",2017,1,6.0636641221374,262,6.25487179487179,5.50716417910448,5.5,5.59090909090909,6.1317903930131,195,67,17,33,229,17070,12832,4238,1122,3645,13425,6.32887252196837,6.55764326605362,5.63619055214724,5.46861898395722,6.25736320713306,6.34828790018622,187
"189",2017,2,6.03523316062176,193,6.31811594202899,5.32545454545455,4.60666666666667,5.74074074074074,6.08313253012048,138,55,15,27,166,17263,12970,4293,1137,3672,13591,6.32558963969183,6.55509471010023,5.63220954111344,5.45724758135444,6.25356451252723,6.3450493017438,188
"190",2017,3,6.2025,164,6.47631147540984,5.40714285714286,4.88888888888889,5.895,6.24520833333333,122,42,9,20,144,17427,13092,4335,1146,3692,13735,6.32443128191886,6.55436055530095,5.63002896424452,5.45278403141362,6.25162212621885,6.34400255260284,189
"191",2017,4,6.10389221556886,167,6.37375,5.41489361702128,6.03333333333333,5.88,6.1343537414966,120,47,15,20,147,17594,13212,4382,1161,3712,13882,6.32233795327953,6.55272013245535,5.62772148790507,5.46028466838932,6.2496198518319,6.34178252845411,190
"192",2017,5,6.07554744525547,137,6.47241379310345,5.385,5.43333333333333,5.87058823529412,6.10458333333333,87,50,15,17,120,17731,13299,4432,1176,3729,14002,6.32043110653658,6.55219478081059,5.62498320397112,5.45994090136055,6.24789189863234,6.33974968290244,191
"193",2017,6,6.09837209302326,129,6.16666666666667,5.89969696969697,5.40777777777778,6.54466666666667,6.03964912280702,96,33,9,15,114,17860,13395,4465,1185,3744,14116,6.31882720884659,6.54943175737216,5.62701356326988,5.4595447257384,6.24908090010684,6.33732608812695,192
"194",2017,7,5.99834254143646,181,6.33461538461538,5.14117647058824,4.91666666666667,6.08333333333333,5.98535031847134,130,51,18,24,157,18041,13525,4516,1203,3768,14273,6.31561188127044,6.54736697892791,5.62152691762622,5.45142186201164,6.24802518312102,6.33345442864149,193
"195",2017,8,6.15657142857143,175,6.50756302521008,5.41071428571429,4.625,5.72222222222222,6.20636942675159,119,56,8,18,157,18216,13644,4572,1211,3786,14430,6.31408398935002,6.5470198175022,5.61894478565179,5.44596242774567,6.24552532752245,6.33207172972973,194
"196",2017,9,6.18297101449275,138,6.40154639175258,5.66585365853659,5.83333333333333,5.2,6.30284552845528,97,41,12,15,123,18354,13741,4613,1223,3801,14553,6.31309817750899,6.54599289644131,5.61936170821591,5.44976328699919,6.24139933964746,6.33182471380472,195
"197",2017,10,6.15284848484848,165,6.42123966942149,5.41477272727273,5.275,6.6275,6.08737931034483,121,44,10,20,145,18519,13862,4657,1233,3821,14698,6.31167038986987,6.54490393810417,5.61742872235345,5.44834590429846,6.2434202800314,6.3294131895496,196
"198",2017,11,6.02612903225806,186,6.34725806451613,5.38387096774194,4.845,5.93181818181818,6.03878048780488,124,62,20,22,164,18705,13986,4719,1253,3843,14862,6.30883100507886,6.54315160803661,5.6143601525747,5.43871548284118,6.2416364532917,6.32620610012112,197
"199",2017,12,5.97471502590674,193,6.108984375,5.71030769230769,5.40526315789474,5.53125,6.01480225988701,128,65,19,16,177,18898,14114,4784,1272,3859,15039,6.30541877182771,6.53921414127816,5.61566378762542,5.43821580188679,6.23869108318217,6.32254106390053,198
"200",2018,1,6.07992779783394,277,6.33930555555556,5.16147540983607,4.88235294117647,6.528125,6.02138775510204,216,61,17,32,245,19175,14330,4845,1289,3891,15284,6.30216135332464,6.53620086461968,5.60994542002064,5.43088479441428,6.24107141865844,6.31771362601413,199
"201",2018,2,6.02075471698113,159,6.29115044247788,5.35652173913043,4.6,5.321875,6.09895104895105,113,46,10,16,143,19334,14443,4891,1299,3907,15427,6.29984710613427,6.53428362459323,5.6075619627888,5.42448845265589,6.23730711287433,6.3156858144811,200
"202",2018,3,6.14586666666667,150,6.44563106796117,5.48893617021277,5.58222222222222,6.13826086956522,6.14724409448819,103,47,18,23,127,19484,14546,4938,1317,3930,15554,6.29866166854855,6.5336558772171,5.60643287970838,5.42664426727411,6.23672745292621,6.31431047061849,201
"203",2018,4,6.12098765432099,162,6.47304347826087,5.25957446808511,4.61111111111111,6.38888888888889,6.0875,115,47,18,18,144,19646,14661,4985,1335,3948,15698,6.29719657691133,6.53318043721438,5.6031625997994,5.41564831460674,6.23742119807497,6.31222990572047,202
"204",2018,5,6.03884615384615,130,6.34213483146067,5.38048780487805,5,5.07777777777778,6.19330357142857,89,41,6,18,112,19776,14750,5026,1341,3966,15810,6.29549827821602,6.53202768745763,5.60134611221647,5.41378859060403,6.23215806606152,6.31138741682479,203
"205",2018,6,6.39324576271186,118,6.58607692307692,5.74333333333333,6.25,6.97611111111111,6.28833,91,27,8,18,100,19894,14841,5053,1349,3984,15910,6.29607806122449,6.53235909911731,5.60210480110825,5.41874759080801,6.2355192996988,6.31124249277184,204
"206",2018,7,6.11128,125,6.42411764705882,5.4465,5.54307692307692,6.38461538461539,6.07955357142857,85,40,13,13,112,20019,14926,5093,1362,3997,16022,6.29492416953894,6.53174268993702,5.60088269389358,5.41993428781204,6.23600422566925,6.30962289726626,205
"207",2018,8,6.11659671328671,143,6.49512342592593,4.94857142857143,5.57142857142857,6.19333333333333,6.10338795081967,108,35,7,21,122,20162,15034,5128,1369,4018,16144,6.29365937307807,6.53147962751097,5.59643049141966,5.42070891161432,6.23578120706819,6.3080643824331,206
"208",2018,9,6.23034482758621,145,6.51212121212121,5.62391304347826,5.69285714285714,5.65789473684211,6.31666666666667,99,46,14,19,126,20307,15133,5174,1383,4037,16270,6.29320728221796,6.53135298486751,5.59667482798609,5.42346384671005,6.2330614045083,6.30813100122926,207
"209",2018,10,6.26385489795918,147,6.42552380952381,5.85968261904762,5.920667,6.212,6.2697475,105,42,10,15,132,20454,15238,5216,1393,4052,16402,6.29299633079105,6.53062375114844,5.59879260544479,5.42703314429289,6.23298343780849,6.30782209852457,208
"210",2018,11,6.23660130718954,153,6.42905982905983,5.61111111111111,5.91666666666667,5.41176470588235,6.33970588235294,117,36,12,17,136,20607,15355,5252,1405,4069,16538,6.29257761682924,6.5298498677955,5.59887704303123,5.43121506761566,6.22955244286065,6.3080842943524,209
"211",2018,12,6.21088766304348,184,6.4478502173913,5.5,5.65,5.94736842105263,6.2412323030303,138,46,10,19,165,20791,15493,5298,1415,4088,16703,6.29185466211342,6.52911947653779,5.59801854095885,5.43276125088339,6.22824092221135,6.30742389929953,210
"212",2019,1,6.22125987447699,239,6.42254756906077,5.59310344827586,5.53125,6.81363636363636,6.1612032718894,181,58,16,22,217,21030,15674,5356,1431,4110,16920,6.29105237232525,6.52788880694143,5.59796531553398,5.43386245283019,6.23137442579076,6.30554861111111,211
"213",2019,2,6.3296875,160,6.58842592592593,5.79230769230769,5.70769230769231,6.17380952380952,6.35323741007194,108,52,13,21,139,21190,15782,5408,1444,4131,17059,6.29134409579991,6.52830307692307,5.59983399223373,5.4363276800554,6.23108179375454,6.30593718858081,212
"214",2019,3,6.19082840236686,169,6.46280991735537,5.50520833333333,5.58333333333333,5.5625,6.25653594771242,121,48,15,16,153,21359,15903,5456,1459,4147,17212,6.29054877990543,6.52780476388103,5.59900150843109,5.43783904729267,6.22850226428744,6.30549805368348,213
"215",2019,4,6.30789473684211,133,6.58631578947368,5.61184210526316,6,6.34375,6.30299145299145,95,38,9,16,117,21492,15998,5494,1468,4163,17329,6.29065612274335,6.52815221652706,5.59909032216964,5.44128553814714,6.22894520538074,6.30548112989786,214
"216",2019,5,6.28158602739726,146,6.54523504424779,5.37878787878788,5.23076923076923,5.78125,6.34316584615385,113,33,13,16,130,21638,16111,5527,1481,4179,17459,6.29059492328311,6.52827203277264,5.59777496471866,5.43943765698852,6.22723112945681,6.30576173091242,215
"217",2019,6,6.35357142857143,140,6.637,5.645,4.625,5.66,6.4368,100,40,8,15,125,21778,16211,5567,1489,4194,17584,6.29099976811461,6.52894273764727,5.5981142859709,5.43506190060443,6.22520240581784,6.30669324727025,216
"218",2019,7,6.43735483870968,155,6.65888888888889,5.75526315789474,5.1,7.03722222222222,6.3585401459854,117,38,10,18,137,21933,16328,5605,1499,4212,17721,6.29203405598869,6.52987388045076,5.59917970205174,5.43282666444296,6.22867257597341,6.30709407256927,217
"219",2019,8,6.03170212765957,188,6.20765625,5.65633333333333,5.11764705882353,5.75,6.07292682926829,128,60,17,24,164,22121,16456,5665,1516,4236,17885,6.28982157000136,6.52736756927564,5.59978503618712,5.42929232849604,6.22596055004722,6.30494683030472,218
"220",2019,9,6.10666670807453,161,6.30462370967742,5.44324324324324,5,5.97826086956522,6.12806768115942,124,37,8,23,138,22282,16580,5702,1524,4259,18023,6.28849817296473,6.52570169240048,5.59876924412487,5.42703882545932,6.22462289034985,6.30359248737724,219
"221",2019,10,6.30341040462428,173,6.53703125,5.63888888888889,5.3,5.51923076923077,6.367125,128,45,10,13,160,22455,16708,5747,1534,4272,18183,6.28861306123358,6.52578848814939,5.59908338785453,5.4262106714472,6.22247633192884,6.30415153715009,220
"222",2019,11,6.36582781456954,151,6.69394495412844,5.51428571428571,4.56153846153846,5.52,6.45911764705882,109,42,13,15,136,22606,16817,5789,1547,4287,18319,6.28912882818721,6.52687840042814,5.5984681689411,5.41894451842275,6.22001840214602,6.30530200338446,221
"223",2019,12,6.23625592417062,211,6.41066666666667,5.80737704918033,5.17857142857143,6.57142857142857,6.21243654822335,150,61,14,14,197,22817,16967,5850,1561,4301,18516,6.28863988648815,6.52585100842812,5.60064653504274,5.41678870595772,6.22116226226459,6.30431396629942,222
"224",2020,1,6.1888261461794,301,6.47289395454545,5.41728395061728,5.06666666666667,6.10810810810811,6.20013890151515,220,81,18,37,264,23118,17187,5931,1579,4338,18780,6.28734029587335,6.52517313841857,5.59814234193222,5.41279744775174,6.22019799216229,6.30284952449414,223
"225",2020,2,6.21554553488372,215,6.50410695121951,5.28762254901961,5.71734375,6.35555555555556,6.19543771276596,164,51,8,27,188,23333,17351,5982,1587,4365,18968,6.28667874898213,6.52497402282289,5.5954949816115,5.41433265280403,6.22103525544101,6.30178491986504,224
"226",2020,3,6.08829787234043,188,6.37121212121212,5.42142857142857,5.70666666666667,5.47222222222222,6.15352941176471,132,56,15,18,170,23521,17483,6038,1602,4383,19138,6.28509311891501,6.52381309100269,5.59388058628685,5.41706986267166,6.21796004791239,6.30046798829554,225
"227",2020,4,6.1330509478673,211,6.36890625,5.52542372881356,6.86666666666667,5.94444444444444,6.15064119170984,152,59,15,18,193,23732,17635,6097,1617,4401,19331,6.28374131973707,6.52247791437482,5.59321813678859,5.43051695732839,6.21684137468757,6.29897212301485,226
"228",2020,5,6.24554455445545,202,6.41904761904762,5.78181818181818,5.38235294117647,6.05,6.26010638297872,147,55,17,14,188,23934,17782,6152,1634,4415,19519,6.28341894376201,6.52162287819143,5.59490425552666,5.4300158629131,6.2163123193658,6.29859778216097,227
"229",2020,6,6.06370429378531,177,6.38360902255639,5.09671954545455,3.92858571428571,5.625,6.09561006060606,133,44,7,12,165,24111,17915,6196,1641,4427,19684,6.28180600804612,6.52059827072286,5.59136646868948,5.42361122486289,6.21470948497854,6.29689624923796,228
"230",2020,7,6.35740740740741,162,6.53983739837398,5.78205128205128,5.33333333333333,6.3,6.36326530612245,123,39,3,15,147,24273,18038,6235,1644,4442,19831,6.28231057800849,6.5207294611376,5.59255920449078,5.42344648418491,6.21499749887438,6.29738821895013,229
"231",2020,8,6.50523255813953,172,6.59055118110236,6.26444444444444,5.82142857142857,5.97037037037037,6.6048275862069,127,45,14,27,145,24445,18165,6280,1658,4469,19976,6.28387910247495,6.52121761739609,5.59737366878981,5.42680700844391,6.21351955471023,6.29961983229876,230
"232",2020,9,6.29153439153439,189,6.56946564885496,5.66379310344828,5,6.5,6.26407185628743,131,58,10,22,167,24634,18296,6338,1668,4491,20143,6.28393783632378,6.52156307498907,5.5979814831177,5.42424821342926,6.21492293253173,6.29932511393536,231
"233",2020,10,6.32721893491124,169,6.5525,5.77551020408163,5.73076923076923,6.5,6.30136054421769,120,49,13,22,147,24803,18416,6387,1681,4513,20290,6.28423274039431,6.52176466225022,5.59934345389072,5.42661869125521,6.21631262796366,6.29933986052242,232
"234",2020,11,6.25825777777778,225,6.39322727272727,5.7734693877551,5.71875,5.732,6.30679611650485,176,49,16,19,206,25028,18592,6436,1697,4532,20496,6.28399922726546,6.52054787112737,5.60066914853947,5.42937302298173,6.21428219108561,6.29941480142467,233
"235",2020,12,6.41179827309237,249,6.65635171122995,5.6741935483871,5.75,6.46363636363636,6.40677431718062,187,62,8,22,227,25277,18779,6498,1705,4554,20723,6.28525815682241,6.52190019649608,5.60137067405356,5.43087743108504,6.21548680061484,6.30059081889688,234
"236",2021,1,6.19134291366906,278,6.34282538095238,5.72352941176471,5.52380952380952,6.11111111111111,6.19689742307692,210,68,21,18,260,25555,18989,6566,1726,4572,20983,6.28423650009783,6.51991980199062,5.60263579652757,5.43200812282735,6.21507587270341,6.29930595577372,235
"237",2021,2,6.44768115942029,207,6.74883116883117,5.57264150943396,5.60416666666667,6.50757575757576,6.43632183908046,154,53,12,33,174,25762,19143,6619,1738,4605,21157,6.28554979271796,6.52176132894531,5.60239562471673,5.43319678941312,6.2171719630836,6.30043280569079,236
"238",2021,3,6.31099516908213,207,6.4973164556962,5.71020408163265,4.9375,6.75294736842105,6.26632978723404,158,49,16,19,188,25969,19301,6668,1754,4624,21345,6.28575261889176,6.52156122066214,5.60318785842832,5.42867503990878,6.21937346237024,6.30013243710471,237
"239",2021,4,6.09858154255319,188,6.29803919117647,5.57692307692308,5.58333333333333,6.225,6.08353172619048,136,52,12,20,168,26157,19437,6720,1766,4644,21513,6.28440735137822,6.51999724494521,5.60298461904762,5.42972594563986,6.21939769379845,6.29844095198252,238
"240",2021,5,6.05331125827815,151,6.20194174757282,5.734375,5.425,5.8625,6.0824427480916,103,48,10,20,131,26308,19540,6768,1776,4664,21644,6.2830809293751,6.51832069856704,5.60391646572104,5.42969933558559,6.2178672577187,6.29713362594715,239
"241",2021,6,6.12593255952381,168,6.49436317073171,5.11888888888889,5.61363636363636,5.73421052631579,6.17588369127517,123,45,11,19,149,26476,19663,6813,1787,4683,21793,6.28208376491917,6.51817083456238,5.60071284896522,5.43083157246782,6.21590495195387,6.29630463313908,240
"242",2021,7,6.05517647058824,170,6.36824561403509,5.41785714285714,5.34,6.51428571428571,6.01397435897436,114,56,5,14,156,26646,19777,6869,1792,4697,21949,6.28063610898446,6.51730662486727,5.59922210510992,5.43057813616071,6.21679431339152,6.29429800309809,241
"243",2021,8,6.16544713414634,164,6.40115939130435,5.61224489795918,5.71428571428571,6.125,6.1698197972973,115,49,14,16,148,26810,19892,6918,1806,4713,22097,6.27993148414771,6.51663515232254,5.59931434518647,5.43277741971207,6.21648268406535,6.29346428021904,242
"244",2021,9,6.17314348101266,158,6.31644260504202,5.73589743589744,5.9375,5.83846153846154,6.20314944827586,119,39,8,13,145,26968,20011,6957,1814,4726,22242,6.27930583506378,6.51544466143621,5.60008001149921,5.43500331863286,6.21544284595853,6.29287549995504,243
"245",2021,10,5.89699421965318,173,6.36315789473684,4.99627118644068,3.84833333333333,5.57142857142857,5.92566037735849,114,59,12,14,159,27141,20125,7016,1826,4740,22401,6.27686893482186,6.51458201838509,5.59500237172178,5.42457613362541,6.21354069409283,6.29026904468551,244
"246",2021,11,6.26464421348315,178,6.40650540322581,5.93888888888889,6.28,5.94444444444444,6.3006666875,124,54,10,18,160,27319,20249,7070,1836,4758,22561,6.2767892832827,6.51392018321892,5.59762894483734,5.42923530501089,6.2125226754939,6.29034278356456,245
"247",2021,12,6.03239488461538,260,6.23239507936508,5.5,5.40625,6.24196428571429,6.00710202586207,189,71,16,28,232,27579,20438,7141,1852,4786,22793,6.27448526415026,6.51131678539974,5.59665826074779,5.42903672786177,6.21269492060175,6.28745979949985,246
"248",2022,1,6.04576801033592,387,6.34225178707224,5.41693548387097,5.08,5.66875,6.07975273239437,263,124,25,32,355,27966,20701,7265,1877,4818,23148,6.27132022169778,6.50916886527221,5.59359072814866,5.42438786361215,6.20908216894977,6.28427438353206,247
"249",2022,2,6.21178010471204,191,6.528515625,5.56825396825397,5.23333333333333,5.93653846153846,6.25515151515151,128,63,15,26,165,28157,20829,7328,1892,4844,23313,6.27091633767802,6.50928775649335,5.59337290393013,5.42287316067653,6.20761930016515,6.28406826362974,248
"250",2022,3,6.22728205128205,195,6.40112781954887,5.85435483870968,6.19230769230769,5.88333333333333,6.25594444444444,133,62,13,15,180,28352,20962,7390,1905,4859,23493,6.27061622883747,6.5086015017651,5.59556246820027,5.42812389501312,6.20661821156616,6.28385278295663,249
"251",2022,4,6.29538043478261,184,6.49892086330935,5.66666666666667,4.5,6.6905,6.24719512195122,139,45,4,20,164,28536,21101,7435,1909,4879,23657,6.27077590832633,6.50853773186105,5.59599282313383,5.42617916186485,6.20860174011068,6.28359865705711,250
"252",2022,5,6.20277777777778,180,6.50483870967742,5.53392857142857,5.25,5.8,6.253125,124,56,8,20,160,28716,21225,7491,1917,4899,23817,6.27034967683522,6.50851612155477,5.59552885329062,5.425443933229,6.20693363747703,6.28339393836336,251
"253",2022,6,6.30483870967742,155,6.67064220183486,5.43804347826087,5.5,6.76363636363636,6.26979166666667,109,46,11,11,144,28871,21334,7537,1928,4910,23961,6.27053483841918,6.50934445861067,5.59456768475521,5.42586930497925,6.20818083299389,6.28331219189517,252
"254",2022,7,6.39153846153846,156,6.45982142857143,6.21772727272727,6.19,6.05,6.41493150684931,112,44,12,10,146,29027,21446,7581,1940,4920,24107,6.27118514899921,6.50908582859274,5.59818449281098,5.43059588659794,6.20785932723577,6.28410932218858,253
"255",2022,8,6.15086956521739,184,6.47888,5.45593220338983,5.4,5.5647619047619,6.22638036809816,125,59,10,21,163,29211,21571,7640,1950,4941,24270,6.27042728150355,6.50891079134022,5.59708594764398,5.43043898461539,6.20512606557377,6.28372160815822,254
"256",2022,9,6.29257668711656,163,6.49051282051282,5.78913043478261,5.73333333333333,6.02666666666667,6.31952702702703,117,46,6,15,148,29374,21688,7686,1956,4956,24418,6.27055019132566,6.50881154002213,5.59823531615925,5.43136810838446,6.20458593422115,6.2839386284708,255
"257",2022,10,6.11627218934911,169,6.33008474576271,5.62156862745098,5.45,5.3,6.19577922077922,118,51,10,15,154,29543,21806,7737,1966,4971,24572,6.26966764783536,6.50784438594882,5.59838912239886,5.43146287894201,6.20185634479984,6.28338610735797,256
"258",2022,11,6.14817708333333,192,6.36472868217054,5.7047619047619,5.91666666666667,5.7375,6.18551136363636,129,63,12,16,176,29735,21935,7800,1978,4987,24748,6.26888317874559,6.5070027207659,5.59924828717949,5.43440648129424,6.20036653098055,6.28269005293357,257
"259",2022,12,6.12022727272727,220,6.48812949640288,5.48888888888889,5.2,6.56428571428571,6.09004854368932,139,81,15,14,206,29955,22074,7881,1993,5001,24954,6.26779139776331,6.50688387605328,5.59811402613882,5.43264225790266,6.20138530093981,6.2810997607598,258
