"","year","month","avg_rating","no_ratings","avg_rating_owned","avg_rating_not_owned","avg_rating_prev_owned","avg_rating_comment","avg_rating_no_comment","no_ratings_owned","no_ratings_not_owned","no_ratings_prev_owned","no_ratings_comment","no_ratings_no_comment","cum_no_ratings","cum_no_ratings_owned","cum_no_ratings_not_owned","cum_no_ratings_prev_owned","cum_no_ratings_comment","cum_no_ratings_no_comment","cum_avg_rating","cum_avg_rating_owned","cum_avg_rating_not_owned","cum_avg_rating_prev_owned","cum_avg_rating_comment","cum_avg_rating_no_comment","month_after_release"
"1",2007,10,6.06153846153846,13,7.2,5.35,NA,5.92857142857143,6.21666666666667,5,8,0,7,6,13,5,8,0,7,6,6.06153846153846,7.2,5.35,NA,5.92857142857143,6.21666666666667,0
"2",2007,11,6.30952380952381,21,7.33333333333333,6.13888888888889,5,6.09090909090909,6.55,3,18,3,11,10,34,8,26,3,18,16,6.21470588235294,7.25,5.89615384615385,5,6.02777777777778,6.425,1
"3",2007,12,5.76470588235294,17,6.7,5.375,7,5.55,6.07142857142857,5,12,1,10,7,51,13,38,4,28,23,6.06470588235294,7.03846153846154,5.73157894736842,5.5,5.85714285714286,6.31739130434783,2
"4",2008,1,6.22857142857143,14,6.38571428571429,6.07142857142857,NA,6.23333333333333,6.22727272727273,7,7,0,3,11,65,20,45,4,31,34,6.1,6.81,5.78444444444445,5.5,5.89354838709677,6.28823529411765,3
"5",2008,2,6.28125,16,6.5,6.0625,5,5.875,6.6875,8,8,1,8,8,81,28,53,5,39,42,6.1358024691358,6.72142857142857,5.82641509433962,5.4,5.88974358974359,6.36428571428571,4
"6",2008,3,6,11,6.42857142857143,5.25,NA,5.83333333333333,6.0625,7,4,0,3,8,92,35,57,5,42,50,6.1195652173913,6.66285714285714,5.7859649122807,5.4,5.88571428571429,6.316,5
"7",2008,4,6.48653846153846,52,7.51764705882353,5.98571428571429,7,5.975,6.80625,17,35,3,20,32,144,52,92,8,62,82,6.25208333333333,6.94230769230769,5.86195652173913,6,5.91451612903226,6.50731707317073,6
"8",2008,5,6.57156862745098,51,7.11363636363636,6.16034482758621,5.92,6.56666666666667,6.57592592592593,22,29,5,24,27,195,74,121,13,86,109,6.33564102564102,6.99324324324324,5.93347107438017,5.96923076923077,6.09651162790698,6.52431192660551,7
"9",2008,6,6.08823529411765,51,6.84285714285714,5.8027027027027,6.9,5.96071428571429,6.24347826086957,14,37,5,28,23,246,88,158,18,114,132,6.28434959349593,6.96931818181818,5.90284810126582,6.22777777777778,6.06315789473684,6.47537878787879,8
"10",2008,7,6.43488372093023,43,7.06315789473684,5.9375,5.92857142857143,5.93157894736842,6.83333333333333,19,24,7,19,24,289,107,182,25,133,156,6.30674740484429,6.98598130841121,5.90741758241758,6.144,6.04436090225564,6.53044871794872,9
"11",2008,8,6.96027272727273,33,7.16768181818182,6.54545454545455,6,6.64445454545455,7.11818181818182,22,11,3,11,22,322,129,193,28,144,178,6.37372360248447,7.01696899224806,5.94378238341969,6.12857142857143,6.09020138888889,6.60308988764045,10
"12",2008,9,6.44827586206897,29,6.95454545454545,6.13888888888889,6.28571428571429,6.54166666666667,6.38235294117647,11,18,7,12,17,351,140,211,35,156,195,6.37988319088319,7.01206428571429,5.96042654028436,6.16,6.12492948717949,6.58384615384615,11
"13",2008,10,6.48333333333333,36,7.12666666666667,6.02380952380952,6.66666666666667,6.36363636363636,6.67142857142857,15,21,6,22,14,387,155,232,41,178,209,6.38950645994832,7.02315483870968,5.96616379310345,6.23414634146341,6.15443258426966,6.58971291866029,12
"14",2008,11,6.18023255813953,43,7.2,5.87121212121212,5.83636363636364,6.10789473684211,6.2375,10,33,11,19,24,430,165,265,52,197,233,6.36857906976744,7.03387272727273,5.95433962264151,6.15,6.14994416243655,6.55343347639485,13
"15",2008,12,6.32413793103448,29,6.81785714285714,5.86333333333333,5.66666666666667,6.60357142857143,6.06333333333333,14,15,3,14,15,459,179,280,55,211,248,6.36577124183007,7.01697765363128,5.94946428571429,6.12363636363636,6.18004265402844,6.52379032258065,14
"16",2009,1,6.43275862068965,29,6.86363636363636,6.16944444444444,6,6.52272727272727,6.37777777777778,11,18,2,11,18,488,190,298,57,222,266,6.36975204918033,7.0081,5.96275167785235,6.11929824561404,6.19702252252252,6.51390977443609,15
"17",2009,2,6.62,35,7.1,6.3,6.66666666666667,6.71818181818182,6.575,14,21,3,11,24,523,204,319,60,233,290,6.38649904397706,7.0144068627451,5.98495297805643,6.14666666666667,6.22162660944206,6.51896551724138,16
"18",2009,3,6.44571428571429,35,6.52,6.39,5.78571428571429,5.95,6.644,15,20,7,10,25,558,219,339,67,243,315,6.39021326164875,6.98054337899543,6.00884955752212,6.1089552238806,6.21044855967078,6.52888888888889,17
"19",2009,4,6.37619047619048,42,6.90909090909091,6.18709677419355,6.7,5.52307692307692,6.75862068965517,11,31,5,13,29,600,230,370,72,256,344,6.38923166666667,6.97712608695652,6.02378378378378,6.15,6.17554296875,6.54825581395349,18
"20",2009,5,6.48928571428571,42,7.03125,6.15576923076923,6.42857142857143,6.20588235294118,6.682,16,26,7,17,25,642,246,396,79,273,369,6.39577725856698,6.98064634146342,6.0324494949495,6.1746835443038,6.17743223443223,6.55731707317073,19
"21",2009,6,6.345,40,6.83571428571429,6.08076923076923,6.16,5.94375,6.6125,14,26,10,16,24,682,260,422,89,289,393,6.3927991202346,6.97284230769231,6.03542654028436,6.17303370786517,6.16449480968858,6.56068702290076,20
"22",2009,7,6.48,30,7.05555555555556,6.23333333333333,6.32222222222222,5.92142857142857,6.96875,9,21,9,14,16,712,269,443,98,303,409,6.39647331460674,6.97560966542751,6.04480812641084,6.18673469387755,6.15326402640264,6.57665036674817,21
"23",2009,8,6.71153846153846,26,6.88461538461539,6.53846153846154,5,6.41666666666667,6.96428571428571,13,13,2,12,14,738,282,456,100,315,423,6.40757317073171,6.97141489361702,6.05888157894737,6.163,6.16329841269841,6.58947990543735,22
"24",2009,9,6.7741935483871,31,7.2,6.375,6.66666666666667,7,6.63157894736842,15,16,3,12,19,769,297,472,103,327,442,6.42235240572172,6.9829595959596,6.06959745762712,6.17766990291262,6.19400305810398,6.59128959276018,23
"25",2009,10,6.56071428571429,28,7.22,6.19444444444444,6.1875,6.5,6.58095238095238,10,18,8,7,21,797,307,490,111,334,463,6.42721329987453,6.99068078175896,6.07418367346939,6.17837837837838,6.20041616766467,6.59082073434125,24
"26",2009,11,6.55172413793103,29,6.93333333333333,6.14285714285714,6.66666666666667,6.85714285714286,6.45454545454545,15,14,3,7,22,826,322,504,114,341,485,6.43158474576271,6.98800931677019,6.07609126984127,6.19122807017544,6.21389736070381,6.58463917525773,25
"27",2009,12,6.436,25,7.20714285714286,5.45454545454545,6.66666666666667,6.42857142857143,6.44545454545455,14,11,6,14,11,851,336,515,120,355,496,6.43171445358402,6.99713988095238,6.06281553398058,6.215,6.22236338028169,6.58155241935484,26
"28",2010,1,6.67714285714286,35,7.04,6.405,6.6,6.5,6.75833333333333,15,20,9,11,24,886,351,535,129,366,520,6.44140970654627,6.99897150997151,6.07560747663551,6.24186046511628,6.23070765027322,6.58971153846154,27
"29",2010,2,6.24464285714286,28,6.735,5.97222222222222,6.1,6.475,6.18181818181818,10,18,5,6,22,914,361,553,134,372,542,6.4353818380744,6.99165927977839,6.07224231464738,6.2365671641791,6.23464784946237,6.57315498154982,28
"30",2010,3,6.33793103448276,29,6.35833333333333,6.32352941176471,6.1,6.725,6.19047619047619,12,17,5,8,21,943,373,570,139,380,563,6.4323849416755,6.97128418230563,6.07973684210526,6.23165467625899,6.24497105263158,6.5588809946714,29
"31",2010,4,6.86764705882353,17,7,6.71875,6.8125,6.7,6.9375,9,8,4,5,12,960,382,578,143,385,575,6.44009270833333,6.97196073298429,6.08858131487889,6.2479020979021,6.25088051948052,6.56678260869565,30
"32",2010,5,6.30689655172414,29,6.81428571428571,5.83333333333333,6.25,5.96428571428571,6.62666666666667,14,15,4,14,15,989,396,593,147,399,590,6.43618705763397,6.96638636363636,6.08212478920742,6.24795918367347,6.24082456140351,6.56830508474576,31
"33",2010,6,6.56,20,6.52857142857143,6.57692307692308,6.375,7.16666666666667,6.3,7,13,4,6,14,1009,403,606,151,405,604,6.43864122893954,6.95878163771712,6.09273927392739,6.25132450331126,6.25454074074074,6.56208609271523,32
"34",2010,7,6.23333333333333,15,6.8125,5.57142857142857,6,5.75,6.55555555555556,8,7,2,6,9,1024,411,613,153,411,613,6.4356337890625,6.95593430656934,6.08678629690049,6.24803921568627,6.24717518248175,6.56199021207178,33
"35",2010,8,6.77941176470588,17,7.04166666666667,6.63636363636364,6.25,6.8,6.77083333333333,6,11,4,5,12,1041,417,624,157,416,625,6.44124783861671,6.95716786570743,6.09647435897436,6.24808917197452,6.25381971153846,6.566,34
"36",2010,9,6.185,20,6.3,6.07,7,6.62,6.04,10,10,1,5,15,1061,427,634,158,421,640,6.43641753063148,6.9417775175644,6.09605678233438,6.25284810126582,6.25816864608076,6.553671875,35
"37",2010,10,6.5047619047619,21,6.69166666666667,6.25555555555556,6.26,6,6.58888888888889,12,9,5,3,18,1082,439,643,163,424,658,6.43774399260628,6.93494077448747,6.09828926905132,6.25306748466258,6.25634198113208,6.55463525835866,36
"38",2010,11,6.76296296296296,27,7.08,6.57647058823529,6.71666666666667,6.48,6.92941176470588,10,17,6,10,17,1109,449,660,169,434,675,6.44566185752931,6.9381714922049,6.11060606060606,6.26952662721894,6.26149539170507,6.56407407407408,37
"39",2010,12,6.5546875,32,6.81666666666667,6.3975,6.31363636363636,6.53571428571429,6.56,12,20,11,7,25,1141,461,680,180,441,700,6.44871954425942,6.93500867678959,6.11904411764706,6.27222222222222,6.26584807256236,6.56392857142857,38
"40",2011,1,6.66666666666667,24,6.93333333333333,6.22222222222222,7,6.55,6.75,15,9,1,10,14,1165,476,689,181,451,714,6.45320944206009,6.93495588235294,6.12039187227866,6.27624309392265,6.27214855875831,6.56757703081233,39
"41",2011,2,6.89285714285714,21,7.4,6.43181818181818,7.05,6.9,6.890625,10,11,5,5,16,1186,486,700,186,456,730,6.46099409780776,6.94452469135803,6.12528571428571,6.29704301075269,6.27903289473684,6.57465753424658,40
"42",2011,3,6.49807692307692,26,6.759375,6.08,6.25,6.25,6.60833333333333,16,10,4,8,18,1212,502,710,190,464,748,6.4617896039604,6.9386235059761,6.12464788732394,6.29605263157895,6.27853232758621,6.5754679144385,41
"43",2011,4,6.268,25,6.47,6.13333333333333,5.75,6.35714285714286,6.23333333333333,10,15,4,7,18,1237,512,725,194,471,766,6.45787308003234,6.929470703125,6.1248275862069,6.28479381443299,6.27970063694268,6.56742819843342,42
"44",2011,5,6.79166666666667,24,7.35714285714286,6.55882352941176,6.64285714285714,6.5,6.81818181818182,7,17,7,2,22,1261,519,742,201,473,788,6.4642260111023,6.93523892100193,6.13477088948787,6.29726368159204,6.28063213530655,6.57442893401015,43
"45",2011,6,6.25,18,6.875,5.75,5.875,6.375,6.15,8,10,4,8,10,1279,527,752,205,481,798,6.46121110242377,6.93432447817837,6.12965425531915,6.2890243902439,6.28220166320166,6.56911027568922,44
"46",2011,7,6.48181818181818,22,7.02,6.32352941176471,6.35714285714286,6.97142857142857,6.25333333333333,5,17,7,7,15,1301,532,769,212,488,813,6.46155956956188,6.93512969924812,6.13394018205462,6.29127358490566,6.2920881147541,6.56328413284133,45
"47",2011,8,6.356,25,7.07142857142857,5.44545454545455,5.6,6.66666666666667,6.2578947368421,14,11,5,6,19,1326,546,780,217,494,832,6.45956938159879,6.93862454212454,6.12423076923077,6.27534562211982,6.29663765182186,6.55631009615385,46
"48",2011,9,6.675,10,6.89285714285714,6.16666666666667,6,6,6.84375,7,3,1,2,8,1336,553,783,218,496,840,6.46118188622754,6.9380452079566,6.12439335887612,6.27408256880734,6.29544153225806,6.55904761904762,47
"49",2011,10,6.55263157894737,19,6.58333333333333,6.5,NA,6.5625,6.54545454545455,12,7,0,8,11,1355,565,790,218,504,851,6.46246420664207,6.93051150442478,6.12772151898734,6.27408256880734,6.29968055555556,6.55887191539365,48
"50",2011,11,6.41714285714286,35,6.75,6.06470588235294,6.76666666666667,6.21666666666667,6.52173913043478,18,17,6,12,23,1390,583,807,224,516,874,6.46132302158273,6.92493825042882,6.12639405204461,6.28727678571429,6.29775,6.55789473684211,49
"51",2011,12,6.4,23,6.75,6.01818181818182,6.1,6.25,6.41428571428571,12,11,7,2,21,1413,595,818,231,518,895,6.46032484076433,6.92141008403361,6.12493887530562,6.28160173160173,6.29756563706564,6.5545251396648,50
"52",2012,1,6.584375,32,6.715,6.36666666666667,6.16,6.19090909090909,6.79047619047619,20,12,5,11,21,1445,615,830,236,529,916,6.46307197231834,6.91469756097561,6.12843373493976,6.27902542372881,6.29534782608696,6.55993449781659,51
"53",2012,2,6.57826086956522,23,6.875,6.25454545454545,6.6,7.5,6.49047619047619,12,11,3,2,21,1468,627,841,239,531,937,6.46487670299728,6.91393779904306,6.13008323424495,6.28305439330544,6.29988512241055,6.55837780149413,52
"54",2012,3,6.36071428571429,28,6.70769230769231,6.06,6.32857142857143,5.68571428571429,6.58571428571429,13,15,7,7,21,1496,640,856,246,538,958,6.46292713903743,6.9097484375,6.12885514018692,6.28434959349593,6.29189405204461,6.55897703549061,53
"55",2012,4,6.05357142857143,14,6.25,5.975,5.75,6,6.05769230769231,4,10,4,1,13,1510,644,866,250,539,971,6.45913178807947,6.90565062111801,6.12707852193995,6.2758,6.29135250463822,6.55226570545829,54
"56",2012,5,5.96470588235294,17,6.22857142857143,5.78,5.5,5.4,6.36,7,10,2,7,10,1527,651,876,252,546,981,6.45362737393582,6.89837019969278,6.12311643835616,6.26964285714286,6.27992490842491,6.55030581039756,55
"57",2012,6,6.56875,16,6.9125,6.225,7,6.2875,6.85,8,8,1,8,8,1543,659,884,253,554,989,6.45482112767336,6.89854172989378,6.12403846153846,6.27252964426877,6.28003429602888,6.55273003033367,56
"58",2012,7,6.18263157894737,19,7.05555555555556,5.397,5,7.125,5.93133333333333,9,10,1,4,15,1562,668,894,254,558,1004,6.45151024327785,6.90065718562874,6.11590604026846,6.26751968503937,6.28609139784946,6.54344621513944,57
"59",2012,8,7.04375,16,7.64,6.77272727272727,6.875,6.75,7.08571428571429,5,11,4,2,14,1578,673,905,258,560,1018,6.45751520912548,6.90615007429421,6.12388950276243,6.27693798449612,6.28774821428572,6.55090373280943,58
"60",2012,9,6.625,12,7.33333333333333,5.91666666666667,6.125,5,6.77272727272727,6,6,4,1,11,1590,679,911,262,561,1029,6.45877924528302,6.90992488954345,6.12252469813392,6.27461832061069,6.28545276292335,6.55327502429543,59
"61",2012,10,6.35833333333333,12,6.59166666666667,6.125,5.9375,5.9375,6.56875,6,6,4,4,8,1602,685,917,266,565,1037,6.45802684144819,6.90713722627737,6.12254089422028,6.26954887218045,6.28298938053098,6.55339440694311,60
"62",2012,11,6.50294117647059,17,7.175,5.90555555555556,5.4375,5.575,6.78846153846154,8,9,4,4,13,1619,693,926,270,569,1050,6.45849845583694,6.91022943722944,6.12043196544276,6.25722222222222,6.27801230228471,6.55630476190476,61
"63",2012,12,6.66666666666667,18,7.44444444444444,5.88888888888889,6,5.5,7,9,9,4,4,14,1637,702,935,274,573,1064,6.46078741600489,6.91707834757835,6.11820320855615,6.25346715328467,6.27258115183246,6.56214285714286,62
"64",2013,1,6.10588235294118,17,6.05,6.15555555555556,6.4,5.9,6.16923076923077,8,9,2,4,13,1654,710,944,276,577,1077,6.45713966142684,6.90730845070423,6.1185593220339,6.25452898550725,6.26999826689775,6.55740018570102,63
"65",2013,2,6.14285714285714,14,6.6875,5.41666666666667,3.83333333333333,4.83333333333333,6.5,8,6,3,3,11,1668,718,950,279,580,1088,6.45450179856115,6.90485933147632,6.11412631578947,6.22849462365591,6.26256724137931,6.55681985294118,64
"66",2013,3,6.61,15,6.50833333333333,6.67777777777778,6.16666666666667,NA,6.61,6,9,3,0,15,1683,724,959,282,580,1103,6.45588770053476,6.90157320441989,6.11941605839416,6.22783687943262,6.26256724137931,6.5575430643699,65
"67",2013,4,6.341875,16,7,6.24785714285714,6.3,5.7425,6.54166666666667,2,14,5,4,12,1699,726,973,287,584,1115,6.45481400824014,6.90184435261708,6.1212641315519,6.22909407665505,6.2590051369863,6.55737219730942,66
"68",2013,5,6.22944444444444,18,6.54714285714286,6.02727272727273,6.66666666666667,6.666,6.06153846153846,7,11,3,5,13,1717,733,984,290,589,1128,6.45245136866628,6.89845702592087,6.12021341463415,6.23362068965517,6.26246010186757,6.55165780141844,67
"69",2013,6,6.55,10,7.83333333333333,6,6.33333333333333,7.5,6.44444444444444,3,7,3,1,9,1727,736,991,293,590,1137,6.45301621308627,6.90226766304348,6.11936427850656,6.23464163822526,6.26455762711864,6.55080914687775,68
"70",2013,7,6.97272727272727,11,7.15,6.5,6.5,7.55,6.64285714285714,8,3,1,4,7,1738,744,994,294,594,1144,6.45630552359033,6.9049314516129,6.12051307847083,6.23554421768707,6.27321380471381,6.55137237762238,69
"71",2013,8,6.5,8,7,6,5,6.66666666666667,6.4,4,4,1,3,5,1746,748,998,295,597,1149,6.45650572737686,6.90543983957219,6.12003006012024,6.23135593220339,6.27519095477387,6.5507136640557,70
"72",2013,9,5.9,9,6.15714285714286,5,4,5.66666666666667,6.01666666666667,7,2,1,3,6,1755,755,1000,296,600,1155,6.45365185185185,6.89850198675497,6.11779,6.22381756756757,6.27214833333333,6.54793939393939,71
"73",2013,10,6.16666666666667,12,6.5,6,5.6,6.25,6.125,4,8,5,4,8,1767,759,1008,301,604,1163,6.45170288624788,6.89640184453228,6.11685515873016,6.21345514950166,6.27200165562914,6.54503009458297,72
"74",2013,11,5.94,10,7.76666666666667,5.15714285714286,3,5.35,6.33333333333333,3,7,1,4,6,1777,762,1015,302,608,1169,6.44882329769274,6.8998280839895,6.11023645320197,6.20281456953642,6.26593585526316,6.54394354148845,73
"75",2013,12,6.2,12,6.48333333333333,5.91666666666667,6.5,6,6.24,6,6,1,2,10,1789,768,1021,303,610,1179,6.44715427613192,6.89657421875,6.10909892262488,6.20379537953795,6.26506393442623,6.54136556403732,74
"76",2014,1,6.525,8,7.4,5.06666666666667,5,6,6.84,5,3,1,3,5,1797,773,1024,304,613,1184,6.44750083472454,6.89983053040104,6.106044921875,6.19983552631579,6.26376672104405,6.54262668918919,75
"77",2014,2,6.41578947368421,19,6.7,6.25,6.6,5.75,6.72307692307692,7,12,5,6,13,1816,780,1036,309,619,1197,6.44716905286344,6.89803717948718,6.10771235521236,6.20631067961165,6.25878675282714,6.54458646616541,76
"78",2014,3,6.51818181818182,11,7.14,6,5.66666666666667,6,6.7125,5,6,3,3,8,1827,785,1042,312,622,1205,6.44759660645867,6.89957834394904,6.10709213051823,6.20112179487179,6.257538585209,6.54570124481328,77
"79",2014,4,6.4,10,6.5,6.38888888888889,5.5,6.41666666666667,6.375,1,9,2,6,4,1837,786,1051,314,628,1209,6.44733750680457,6.89906997455471,6.10950523311132,6.19665605095541,6.25905891719745,6.5451364764268,78
"80",2014,5,5.94444444444444,9,6.25,5.7,6,7,5.8125,4,5,1,1,8,1846,790,1056,315,629,1217,6.44488569880823,6.8957835443038,6.10756628787879,6.19603174603175,6.26023688394277,6.5403204601479,79
"81",2014,6,7.04545454545455,11,7.1,7,7.25,6.5,7.35714285714286,5,6,4,4,7,1857,795,1062,319,633,1224,6.44844318793753,6.8970679245283,6.11260828625235,6.20924764890282,6.26175197472354,6.54499183006536,80
"82",2014,7,6.77272727272727,11,6.25,7.07142857142857,6.625,6.33333333333333,6.9375,4,7,4,3,8,1868,799,1069,323,636,1232,6.45035278372591,6.89382853566959,6.1188868101029,6.21439628482972,6.26208962264151,6.54754058441558,81
"83",2014,8,6.30428571428571,14,6.84333333333333,5.9,8,6.89,6.07,6,8,1,4,10,1882,805,1077,324,640,1242,6.44926620616365,6.89345217391304,6.117260909935,6.21990740740741,6.2660140625,6.54369565217391,82
"84",2014,9,6.44444444444444,9,7.16666666666667,6.08333333333333,6.25,5,6.625,3,6,2,1,8,1891,808,1083,326,641,1250,6.44924325753569,6.89446658415842,6.1170729455217,6.22009202453988,6.26403900156006,6.544216,83
"85",2014,10,6.32352941176471,17,6.38,6.24285714285714,6.6,6.625,6.23076923076923,10,7,2,4,13,1908,818,1090,328,645,1263,6.44812316561845,6.88817726161369,6.11788073394495,6.22240853658537,6.26627751937984,6.54098970704671,84
"86",2014,11,6.35882352941176,17,6.6,6.01428571428571,6.53333333333333,5.875,6.50769230769231,10,7,3,4,13,1925,828,1097,331,649,1276,6.44733454545455,6.88469685990338,6.11721969006381,6.22522658610272,6.26386594761171,6.54065047021943,85
"87",2014,12,6.13823529411765,17,7.66666666666667,5.30454545454545,4,6.01428571428571,6.225,6,11,2,7,10,1942,834,1108,333,656,1286,6.44462873326468,6.89032254196643,6.10915162454874,6.21186186186186,6.26120274390244,6.53819595645412,86
"88",2015,1,6.63157894736842,19,7.35,5.83333333333333,5.5,6.91666666666667,6.5,10,9,4,6,13,1961,844,1117,337,662,1299,6.44644008159102,6.89576895734597,6.10692927484333,6.20341246290801,6.26714350453172,6.53781370284834,87
"89",2015,2,5.82142857142857,14,6.14285714285714,5.5,5,4.66666666666667,6.13636363636364,7,7,1,3,11,1975,851,1124,338,665,1310,6.44200962025316,6.88957579318449,6.10314946619217,6.19985207100592,6.25992330827068,6.5344427480916,88
"90",2015,3,7,7,7.66666666666667,6.5,7,6.5,7.2,3,4,1,2,5,1982,854,1128,339,667,1315,6.44398032290615,6.8923056206089,6.10455673758865,6.20221238938053,6.26064317841079,6.53697338403042,89
"91",2015,4,6.99454545454545,11,7.15666666666667,6.8,6.875,7,6.9925,6,5,4,3,8,1993,860,1133,343,670,1323,6.44701906673357,6.89415,6.10762577228597,6.2100583090379,6.26395373134328,6.53972789115646,90
"92",2015,5,5.8,5,6.16666666666667,5.25,5.25,4,6.25,3,2,2,1,4,1998,863,1135,345,671,1327,6.4453998998999,6.89162108922364,6.10611453744494,6.20449275362319,6.26057973174367,6.53885455915599,91
"93",2015,6,5.55,10,4.66666666666667,5.92857142857143,5.5,6,5.35714285714286,3,7,2,3,7,2008,866,1142,347,674,1334,6.44094073705179,6.88391339491917,6.10502626970228,6.20043227665706,6.25941988130564,6.53265367316342,92
"94",2015,7,6.36,5,6.6,6,6,NA,6.36,3,2,2,0,5,2013,869,1144,349,674,1339,6.44073969200199,6.8829332566168,6.10484265734266,6.19928366762178,6.25941988130564,6.53200896191187,93
"95",2015,8,6.14285714285714,14,6.4375,5.75,5.66666666666667,6.16666666666667,6.13636363636364,8,6,3,3,11,2027,877,1150,352,677,1350,6.43868228909719,6.87887001140251,6.10299130434783,6.19474431818182,6.25900886262925,6.52878518518518,94
"96",2015,9,7.03333333333333,6,7.23333333333333,6.83333333333333,NA,6.5,7.14,3,3,0,1,5,2033,880,1153,352,678,1355,6.44043728480079,6.88007840909091,6.10489158716392,6.19474431818182,6.25936430678466,6.5310405904059,95
"97",2015,10,6.59375,16,7.35714285714286,6,6.83333333333333,6.5,6.63636363636364,7,9,3,5,11,2049,887,1162,355,683,1366,6.44163445583211,6.88384329199549,6.10407917383821,6.20014084507042,6.26112591508053,6.5318887262079,96
"98",2015,11,6.28571428571429,14,6.625,5.83333333333333,6.5,7,6.23076923076923,8,6,1,1,13,2063,895,1168,356,684,1379,6.44057634512845,6.88152960893855,6.10268835616439,6.20098314606742,6.26220614035088,6.52905003625816,97
"99",2015,12,6.00833333333333,12,6.75,5.6375,5.8,6.25,5.8875,4,8,5,4,8,2075,899,1176,361,688,1387,6.43807662650602,6.88094438264739,6.09952380952381,6.19542936288089,6.2621351744186,6.52534967555876,98
"100",2016,1,5.95789473684211,19,6.38888888888889,5.57,5.2,5.6,6.08571428571429,9,10,5,5,14,2094,908,1186,366,693,1401,6.43371967526266,6.87606718061674,6.09505902192243,6.1818306010929,6.25735786435786,6.52095645967166,99
"101",2016,2,6.32307692307692,13,6.61666666666667,6.07142857142857,6.5,7,6.26666666666667,6,7,2,1,12,2107,914,1193,368,694,1413,6.43303701945895,6.87436433260394,6.09492036881811,6.1835597826087,6.25842795389049,6.51879688605803,100
"102",2016,3,6.5,10,6.75,6.33333333333333,6,6,6.55555555555556,4,6,1,1,9,2117,918,1199,369,695,1422,6.43335333018422,6.87382244008715,6.09611342785655,6.18306233062331,6.25805611510791,6.51902953586498,101
"103",2016,4,6.71153846153846,13,6.9375,6.35,6.75,7.1,6.46875,8,5,2,5,8,2130,926,1204,371,700,1430,6.43505117370892,6.87437257019438,6.09716777408638,6.18611859838275,6.26407,6.51874825174825,102
"104",2016,5,6.5,11,6.83333333333333,6.1,6.125,6.25,6.64285714285714,6,5,4,4,7,2141,932,1209,375,704,1437,6.43538486688463,6.87410836909871,6.09717948717949,6.18546666666667,6.26399005681818,6.51935281837161,103
"105",2016,6,6.85555555555556,9,7,6.35,NA,8,6.7125,7,2,0,1,8,2150,939,1211,375,705,1445,6.43714372093023,6.87504685835996,6.09759702725021,6.18546666666667,6.2664524822695,6.52042214532872,104
"106",2016,7,6.46666666666667,15,7,6,6.66666666666667,6.5,6.46153846153846,7,8,3,2,13,2165,946,1219,378,707,1458,6.43734826789838,6.87597145877378,6.09695652173913,6.18928571428571,6.26711315417256,6.51989711934156,105
"107",2016,8,6.78,10,7.66,5.9,5.875,5.5,7.1,5,5,4,2,8,2175,951,1224,382,709,1466,6.43892367816092,6.88009358569926,6.09615196078432,6.18599476439791,6.26494922425952,6.52306275579809,106
"108",2016,9,6.04166666666667,12,7.3,5.14285714285714,4.75,7.5,5.75,5,7,4,2,10,2187,956,1231,386,711,1476,6.43674394147234,6.88228974895398,6.09073111291633,6.17111398963731,6.26842334739803,6.51782520325203,107
"109",2016,10,6.325,4,6.65,6,6,NA,6.325,2,2,1,0,4,2191,958,1233,387,711,1480,6.43653993610224,6.88180480167015,6.09058394160584,6.17067183462532,6.26842334739803,6.51730405405405,108
"110",2016,11,6.45833333333333,12,6.71428571428571,6.1,6.16666666666667,6.5,6.44444444444444,7,5,3,3,9,2203,965,1238,390,714,1489,6.43665864729914,6.8805896373057,6.09062197092084,6.17064102564103,6.26939635854342,6.51686366689053,109
"111",2016,12,5.33333333333333,15,6.625,3.85714285714286,4,4.125,5.77272727272727,8,7,6,4,11,2218,973,1245,396,718,1500,6.42919702434626,6.87848818088386,6.07806425702811,6.13775252525253,6.25744986072423,6.51140666666667,110
"112",2017,1,6.32857142857143,14,7.15714285714286,5.5,5.25,7.06666666666667,6.12727272727273,7,7,4,3,11,2232,980,1252,400,721,1511,6.42856586021505,6.88047857142857,6.07483226837061,6.128875,6.26081692094313,6.50861019192588,111
"113",2017,2,6.55714285714286,14,7.26,6.16666666666667,6.08333333333333,6.25,6.68,5,9,6,4,10,2246,985,1261,406,725,1521,6.42936731967943,6.88240507614213,6.07548770816812,6.12820197044335,6.26075724137931,6.50973701512163,112
"114",2017,3,5.32142857142857,7,6.75,4.25,5,7.5,4.95833333333333,3,4,2,1,6,2253,988,1265,408,726,1527,6.42592498890368,6.88200303643725,6.06971541501976,6.12267156862745,6.26246418732782,6.50364112639162,113
"115",2017,4,6.17888888888889,9,6.125,6.222,6.5,6.11,6.1875,4,5,2,1,8,2262,992,1270,410,727,1535,6.42494208664898,6.87895060483871,6.07031496062992,6.12451219512195,6.26225447042641,6.50199348534202,114
"116",2017,5,6.25,10,6.64285714285714,5.33333333333333,5,8.5,6,7,3,2,1,9,2272,999,1273,412,728,1544,6.42417209507042,6.8772962962963,6.06857816182247,6.11905339805825,6.2653282967033,6.49906735751295,115
"117",2017,6,5.9,5,NA,5.9,6.75,6.75,5.33333333333333,0,5,2,2,3,2277,999,1278,414,730,1547,6.42302108036891,6.8772962962963,6.0679186228482,6.12210144927536,6.26665616438356,6.49680672268907,116
"118",2017,7,6.54812857142857,14,7.13911428571429,5.95714285714286,5.8,6.15476,6.76666666666667,7,7,4,5,9,2291,1006,1285,418,735,1556,6.42378559580969,6.87911809145129,6.06731517509728,6.11901913875598,6.26589496598639,6.4983676092545,117
"119",2017,8,5.33333333333333,9,5,5.6,7.75,5.75,5.21428571428571,4,5,2,2,7,2300,1010,1290,420,737,1563,6.41951860869565,6.87167603960396,6.06550387596899,6.12678571428571,6.26449497964722,6.49261676263595,118
"120",2017,9,7,6,7.4,5,5,7.5,6.75,5,1,1,2,4,2306,1015,1291,421,739,1567,6.4210289679098,6.87427862068966,6.06467854376452,6.12410926365796,6.26783870094723,6.49327377153797,119
"121",2017,10,5.78571428571429,7,7.3,2,NA,10,5.08333333333333,5,2,0,1,6,2313,1020,1293,421,740,1573,6.41910626891483,6.87636549019608,6.05839133797371,6.12410926365796,6.27288216216216,6.48789574062301,120
"122",2017,11,6.5,6,8,5,5,2,7.4,3,3,3,1,5,2319,1023,1296,424,741,1578,6.41931556705477,6.87966060606061,6.05594135802469,6.11615566037736,6.26711578947368,6.49078580481622,121
"123",2017,12,6.27692307692308,13,6.38333333333333,6.18571428571429,6.575,6.625,6.12222222222222,6,7,4,4,9,2332,1029,1303,428,745,1587,6.4185217838765,6.87676656948494,6.05663852647736,6.12044392523365,6.26903731543624,6.48869565217391,122
"124",2018,1,5.91666666666667,12,6.3,5.64285714285714,5.75,5.33333333333333,6.11111111111111,5,7,4,3,9,2344,1034,1310,432,748,1596,6.41595255972696,6.87397756286267,6.05442748091603,6.11701388888889,6.26528449197861,6.4865664160401,123
"125",2018,2,6.125,8,6.2,6,5.5,5.5,6.33333333333333,5,3,2,2,6,2352,1039,1313,434,750,1602,6.41496292517007,6.87073416746872,6.05430312261995,6.11417050691244,6.26324373333333,6.48599250936329,124
"126",2018,3,6.3,5,6.5,6,6,6.5,6,3,2,1,3,2,2357,1042,1315,435,753,1604,6.41471904963937,6.86966679462572,6.05422053231939,6.11390804597701,6.26418698539177,6.48538653366583,125
"127",2018,4,6.45833333333333,12,7,5.7,5.66666666666667,6.83333333333333,6.33333333333333,7,5,3,3,9,2369,1049,1320,438,756,1613,6.41493997467286,6.87053651096282,6.05287878787879,6.11084474885845,6.2664455026455,6.48453812771234,126
"128",2018,5,5.92857142857143,7,6,5.875,6.16666666666667,6.75,5.6,3,4,3,2,5,2376,1052,1324,441,758,1618,6.41350707070707,6.86805399239544,6.0523413897281,6.11122448979592,6.26772137203166,6.48180469715698,127
"129",2018,6,5.8,5,7,5,4.5,NA,5.8,2,3,2,0,5,2381,1054,1327,443,758,1623,6.41221873162537,6.86830436432638,6.04996232102487,6.10395033860045,6.26772137203166,6.47970425138632,128
"130",2018,7,5.4,5,5.66666666666667,5,5,6,5.25,3,2,2,1,4,2386,1057,1329,445,759,1627,6.4100975691534,6.86489385052034,6.04838224228743,6.09898876404494,6.26736864295125,6.47668100799016,129
"131",2018,8,5.82,5,5.8,5.83333333333333,7.5,NA,5.82,2,3,1,0,5,2391,1059,1332,446,759,1632,6.40886357172731,6.86288271954674,6.0478978978979,6.10213004484305,6.26736864295125,6.47466911764706,130
"132",2018,9,7,3,7.5,6,6,6.5,8,2,1,1,2,1,2394,1061,1333,447,761,1633,6.40960434419382,6.86408369462771,6.04786196549137,6.10190156599553,6.26798002628121,6.47560318432333,131
"133",2018,10,6.5,4,6,6.66666666666667,NA,NA,6.5,1,3,0,0,4,2398,1062,1336,447,761,1637,6.4097551292744,6.86327005649718,6.04925149700599,6.10190156599553,6.26798002628121,6.47566279780085,132
"134",2018,11,5.625,8,6.625,4.625,4,NA,5.625,4,4,2,0,8,2406,1066,1340,449,761,1645,6.40714580216126,6.86237598499062,6.045,6.09253897550111,6.26798002628121,6.47152583586626,133
"135",2018,12,4.625,4,6.25,3,3,NA,4.625,2,2,2,0,4,2410,1068,1342,451,761,1649,6.40418788381743,6.86122921348315,6.04046199701937,6.07882483370288,6.26798002628121,6.46704669496664,134
"136",2019,1,4.75,6,4,4.9,4.66666666666667,NA,4.75,1,5,3,0,6,2416,1069,1347,454,761,1655,6.4000798013245,6.85855266604303,6.0362286562732,6.06949339207048,6.26798002628121,6.46082175226586,135
"137",2019,2,6.18111111111111,9,6.96,5.2075,4.665,6,6.23285714285714,5,4,2,2,7,2425,1074,1351,456,763,1662,6.39926713402062,6.85902495344507,6.03377498149519,6.06333333333333,6.26727758846658,6.45986161251504,136
"138",2019,3,5.15,10,6,4.3,5.5,5.1,5.2,5,5,1,5,5,2435,1079,1356,457,768,1667,6.39413667351129,6.85504430027804,6.0273820058997,6.06210065645514,6.259678125,6.45608278344331,137
"139",2019,4,6.55,8,7.45,6.25,5.625,6.45,6.58333333333333,2,6,4,2,6,2443,1081,1362,461,770,1673,6.39464707327057,6.85614505087882,6.02836270190896,6.05830802603037,6.26017246753247,6.45653915122534,138
"140",2019,5,5,7,5.33333333333333,4.75,4.5,5,5,3,4,2,1,6,2450,1084,1366,463,771,1679,6.39066236734694,6.85193062730627,6.02461932650073,6.05157667386609,6.25853800259403,6.45133412745682,139
"141",2019,6,5.58333333333333,6,6.16666666666667,5,4,NA,5.58333333333333,3,3,2,0,6,2456,1087,1369,465,771,1685,6.38869006514658,6.85003937442502,6.02237399561724,6.04275268817204,6.25853800259403,6.44824332344214,140
"142",2019,7,5.83333333333333,6,6,5.5,NA,NA,5.83333333333333,4,2,0,0,6,2462,1091,1371,465,771,1691,6.38733663688058,6.84692282309808,6.02161196207148,6.04275268817204,6.25853800259403,6.44606150206978,141
"143",2019,8,5.86363636363636,11,7.66666666666667,5.1875,NA,4.875,6.42857142857143,3,8,0,4,7,2473,1094,1379,465,775,1698,6.38500719773554,6.84917074954296,6.01677302393038,6.04275268817204,6.25139716129032,6.44598939929328,142
"144",2019,9,6.9,6,6.9,NA,NA,6.75,6.975,6,0,0,2,4,2479,1100,1379,465,777,1702,6.38625365066559,6.849448,6.01677302393038,6.04275268817204,6.25268056628057,6.44723266745006,143
"145",2019,10,5.74333333333333,6,6.15333333333333,5.33333333333333,4.5,6,5.615,3,3,2,2,4,2485,1103,1382,467,779,1706,6.38470132796781,6.84755466908432,6.01528943560058,6.03614561027837,6.25203183568678,6.44528135990621,144
"146",2019,11,6.1,4,7.2,5,6,NA,6.1,2,2,1,0,4,2489,1105,1384,468,779,1710,6.38424379268782,6.84819257918552,6.01382225433526,6.03606837606838,6.25203183568678,6.44447368421052,145
"147",2019,12,6.325,8,6.25,6.55,NA,7,6.22857142857143,6,2,0,1,7,2497,1111,1386,468,780,1717,6.38405398478174,6.84496201620162,6.01459595959596,6.03606837606838,6.25299076923077,6.44359347699476,146
"148",2020,1,4.8,5,5.33333333333333,4,3,4.5,5,3,2,1,2,3,2502,1114,1388,469,782,1720,6.38088840927258,6.84089120287253,6.01169308357349,6.02959488272921,6.24850741687979,6.44107558139535,147
"149",2020,2,5.66666666666667,3,6,5,5,5,6,2,1,1,1,2,2505,1116,1389,470,783,1722,6.38003305389221,6.83938422939068,6.01096472282217,6.02740425531915,6.246912899106,6.44056329849013,148
"150",2020,3,6.17857142857143,7,5.8125,6.66666666666667,NA,6.5,6.05,4,3,0,2,5,2512,1120,1392,470,785,1727,6.37947165605095,6.83571678571429,6.01237787356322,6.02740425531915,6.24755770700637,6.43943254198031,149
"151",2020,4,5.91142857142857,7,6.345,5.33333333333333,5.33333333333333,NA,5.91142857142857,4,3,3,0,7,2519,1124,1395,473,785,1734,6.37817102024613,6.83397046263345,6.01091756272401,6.02300211416491,6.24755770700637,6.43730103806228,150
"152",2020,5,6.66666666666667,3,6.66666666666667,NA,NA,7,6.5,3,0,0,1,2,2522,1127,1395,473,786,1736,6.37851419508327,6.83352511091393,6.01091756272401,6.02300211416491,6.24851501272265,6.4373732718894,151
"153",2020,6,6,4,6.5,5.5,6,5,6.33333333333333,2,2,1,1,3,2526,1129,1397,474,787,1739,6.37791480601742,6.83293427812223,6.0101861130995,6.02295358649789,6.24692858958069,6.43719378953421,152
"154",2020,7,6.33333333333333,6,8.5,5.25,5,7.33333333333333,5.33333333333333,2,4,2,3,3,2532,1131,1401,476,790,1742,6.37780916271722,6.83588222811671,6.00801570306923,6.01865546218487,6.25105417721519,6.43529276693456,153
"155",2020,8,5.875,4,6.5,5.25,5.25,5.25,6.5,2,2,2,2,2,2536,1133,1403,478,792,1744,6.37701608832807,6.83528932038835,6.00693513898788,6.01543933054393,6.24852626262626,6.43536697247706,154
"156",2020,9,5.8,5,6.33333333333333,5,4,6,5.75,3,2,1,1,4,2541,1136,1405,479,793,1748,6.37588067689886,6.83396373239437,6.00550177935943,6.01123173277662,6.24821286254729,6.43379862700229,155
"157",2020,10,6.47777777777778,9,6.775,6.24,6,7.1,6.4,4,5,1,1,8,2550,1140,1410,480,794,1756,6.37624031372549,6.83375684210526,6.00633333333333,6.01120833333333,6.24928564231738,6.43364464692483,156
"158",2020,11,5.375,8,7,4.83333333333333,5,2,5.85714285714286,2,6,1,1,7,2558,1142,1416,481,795,1763,6.37310899139953,6.83404798598949,6.00136299435028,6.00910602910603,6.24394062893082,6.43135564378899,157
"159",2020,12,7.25,4,7.25,NA,NA,NA,7.25,4,0,0,0,4,2562,1146,1416,481,795,1767,6.37447806401249,6.83549982547993,6.00136299435028,6.00910602910603,6.24394062893082,6.43320882852292,158
"160",2021,1,7.19090909090909,11,7.28888888888889,6.75,6.75,7,7.2625,9,2,2,3,8,2573,1155,1418,483,798,1775,6.37796844150796,6.83903272727273,6.00241889985895,6.01217391304348,6.24678295739348,6.43694647887324,159
"161",2021,2,5.28571428571429,7,5.33333333333333,5.25,6,5,5.33333333333333,3,4,2,1,6,2580,1158,1422,485,799,1781,6.37500496124031,6.83513195164076,6.00030239099859,6.01212371134021,6.2452225281602,6.43322852330151,160
"162",2021,3,6.7,5,6.83333333333333,6.5,NA,NA,6.7,3,2,0,0,5,2585,1161,1424,485,799,1786,6.37563357833655,6.83512730404824,6.00100421348314,6.01212371134021,6.2452225281602,6.43397536394177,161
"163",2021,4,6,1,6,NA,NA,NA,6,1,0,0,0,1,2586,1162,1424,485,799,1787,6.3754883217324,6.83440860585198,6.00100421348314,6.01212371134021,6.2452225281602,6.43373251259093,162
"164",2021,5,7.08333333333333,6,8.33333333333333,5.83333333333333,NA,8,6.625,3,3,0,2,4,2592,1165,1427,485,801,1791,6.37712685185185,6.83826849785408,6.00065171688858,6.01212371134021,6.24960399500624,6.43415968732551,163
"165",2021,6,6,8,6,6,4,6.25,5.75,5,3,1,4,4,2600,1170,1430,486,805,1795,6.37596646153846,6.83468615384615,6.00065034965035,6.00798353909465,6.24960596273292,6.43263509749303,164
"166",2021,7,6.75,8,6.6,7,NA,7.5,6.64285714285714,5,3,0,1,7,2608,1175,1433,486,806,1802,6.37711380368098,6.8336874893617,6.00274249825541,6.00798353909465,6.25115732009925,6.43345172031076,165
"167",2021,8,5.94444444444444,9,6.3,5.5,6,4.83333333333333,6.5,5,4,1,3,6,2617,1180,1437,487,809,1808,6.37562583110432,6.83142610169492,6.00134307585247,6.00796714579055,6.24589962917182,6.43367256637168,166
"168",2021,9,6.83333333333333,3,6.75,7,NA,NA,6.83333333333333,2,1,0,0,3,2620,1182,1438,487,809,1811,6.37614992366412,6.8312883248731,6.00203755215577,6.00796714579055,6.24589962917182,6.43433462175593,167
"169",2021,10,6.475,4,6.5,6.46666666666667,5.95,NA,6.475,1,3,2,0,4,2624,1183,1441,489,809,1815,6.3763006097561,6.83100828402367,6.00300485773768,6.00773006134969,6.24589962917182,6.43442424242424,168
"170",2021,11,5.875,8,6,5,5,5.25,6.5,7,1,1,4,4,2632,1190,1442,490,813,1819,6.37477689969605,6.82612,6.0023092926491,6.00567346938776,6.24099975399754,6.43456844420011,169
"171",2021,12,5.16666666666667,6,6.33333333333333,4,3,4.875,5.75,3,3,1,4,2,2638,1193,1445,491,817,1821,6.37202911296436,6.82488080469405,5.99815224913495,5.99955193482688,6.23431187270502,6.43381658429434,170
"172",2022,1,5.99,10,6.33333333333333,5.84285714285714,6.45,5.33333333333333,6.27142857142857,3,7,2,3,7,2648,1196,1452,493,820,1828,6.37058640483384,6.82364782608696,5.99740358126722,6.00137931034483,6.2310156097561,6.43319474835886,171
"173",2022,2,6.0375,8,6.38333333333333,5,4,6.16666666666667,5.96,6,2,1,3,5,2656,1202,1454,494,823,1833,6.36958313253012,6.82144991680533,5.99603163686382,5.99732793522267,6.23078104495747,6.43190398254228,172
"174",2022,3,6.016,5,7,5.36,NA,6.04,6,2,3,0,2,3,2661,1204,1457,494,825,1836,6.36891875234874,6.82174651162791,5.99472203157172,5.99732793522267,6.23031854545455,6.43119825708061,173
"175",2022,4,5.5,4,6.5,4.5,2.5,2.5,6.5,2,2,1,1,3,2665,1206,1459,495,826,1839,6.36761455909944,6.82121293532338,5.99267306374229,5.99026262626263,6.22580242130751,6.43131049483415,174
"176",2022,5,6.7,5,7,6.5,7.5,7.5,6.5,2,3,1,1,4,2670,1208,1462,496,827,1843,6.36823700374532,6.82150894039735,5.99371409028728,5.9933064516129,6.22734316807739,6.43145957677699,175
"177",2022,6,6.5,2,7,6,NA,NA,6.5,1,1,0,0,2,2672,1209,1463,496,827,1845,6.36833562874251,6.82165657568238,5.99371838687628,5.9933064516129,6.22734316807739,6.43153387533875,176
"178",2022,7,5.875,4,7.5,4.25,NA,NA,5.875,2,2,0,0,4,2676,1211,1465,496,827,1849,6.36759820627803,6.82277687861272,5.99133788395904,5.9933064516129,6.22734316807739,6.43032990805841,177
"179",2022,8,6.80625,8,7.25,6.74285714285714,6.06666666666667,6.625,6.86666666666667,1,7,3,2,6,2684,1212,1472,499,829,1855,6.36890566318927,6.8231293729373,5.99491168478261,5.99374749498998,6.2283025331725,6.43174123989218,178
"180",2022,9,7.08,5,7.35,6,NA,6.45,7.5,4,1,0,2,3,2689,1216,1473,499,831,1858,6.37022789140945,6.8248625,5.99491513917176,5.99374749498998,6.22883610108303,6.43346609257266,179
"181",2022,10,5.4,10,6.25,4.83333333333333,5,5,5.5,4,6,1,2,8,2699,1220,1479,500,833,1866,6.36663312337903,6.82297770491803,5.99020283975659,5.99176,6.22588571428571,6.4294640943194,180
"182",2022,11,6.6,5,NA,6.6,7,7,6.5,0,5,1,1,4,2704,1220,1484,501,834,1870,6.36706464497041,6.82297770491803,5.99225741239892,5.99377245508982,6.2268139088729,6.42961497326203,181
"183",2022,12,5.9,5,5.875,6,NA,NA,5.9,4,1,0,0,5,2709,1224,1485,501,834,1875,6.36620258397933,6.81987973856209,5.99226262626263,5.99377245508982,6.2268139088729,6.42820266666666,182
