"","year","month","avg_rating","no_ratings","avg_rating_owned","avg_rating_not_owned","avg_rating_prev_owned","avg_rating_comment","avg_rating_no_comment","no_ratings_owned","no_ratings_not_owned","no_ratings_prev_owned","no_ratings_comment","no_ratings_no_comment","cum_no_ratings","cum_no_ratings_owned","cum_no_ratings_not_owned","cum_no_ratings_prev_owned","cum_no_ratings_comment","cum_no_ratings_no_comment","cum_avg_rating","cum_avg_rating_owned","cum_avg_rating_not_owned","cum_avg_rating_prev_owned","cum_avg_rating_comment","cum_avg_rating_no_comment","month_after_release"
"1",2007,10,7.14848484848485,33,7.49411764705882,6.78125,8,7.2,7.12608695652174,17,16,1,10,23,33,17,16,1,10,23,7.14848484848485,7.49411764705882,6.78125,8,7.2,7.12608695652174,0
"2",2007,11,6.6405945945946,74,7.36482352941176,6.025,6.875,6.4345,6.79761904761905,34,40,4,32,42,107,51,56,5,42,65,6.79723364485981,7.40792156862745,6.24107142857143,7.1,6.6167619047619,6.91384615384615,1
"3",2007,12,6.72261904761905,84,7.27446808510638,6.02162162162162,6.76666666666667,6.51666666666667,6.87708333333333,47,37,3,36,48,191,98,93,8,78,113,6.76441884816754,7.34391836734694,6.15376344086021,6.975,6.5705641025641,6.89823008849558,2
"4",2008,1,6.76134453781513,119,7.33898305084746,6.19333333333333,6.6,6.51206896551724,6.9983606557377,59,60,5,58,61,310,157,153,13,136,174,6.76323870967742,7.34206369426752,6.16928104575163,6.83076923076923,6.54561764705882,6.93333333333333,3
"5",2008,2,6.70701754385965,57,7.23333333333333,6.12222222222222,5.7,6.38235294117647,6.845,30,27,4,17,40,367,187,180,17,153,214,6.7545068119891,7.32462032085561,6.16222222222222,6.56470588235294,6.52747712418301,6.91682242990654,4
"6",2008,3,6.45982142857143,56,7.18518518518519,5.78448275862069,6.66666666666667,6.94117647058824,6.25,27,29,3,17,39,423,214,209,20,170,253,6.71549408983452,7.30702803738318,6.10980861244019,6.58,6.56884705882353,6.81403162055336,5
"7",2008,4,6.66896551724138,58,7.125,6.34705882352941,7.1,6.5,6.7578947368421,24,34,5,20,38,481,238,243,25,190,291,6.70988357588358,7.28867226890756,6.14300411522634,6.684,6.5616,6.80670103092783,6
"8",2008,5,6.71770833333333,48,6.9,6.50227272727273,6.75,6.35294117647059,6.91774193548387,26,22,4,17,31,529,264,265,29,207,322,6.71059357277883,7.25039393939394,6.17283018867924,6.69310344827586,6.54446376811594,6.81739130434783,7
"9",2008,6,6.90666666666667,45,7.30909090909091,6.52173913043478,6.66666666666667,6.70588235294118,7.02857142857143,22,23,3,17,28,574,286,288,32,224,350,6.72596515679442,7.25490909090909,6.20069444444444,6.690625,6.55671428571429,6.83428571428571,8
"10",2008,7,6.78684210526316,38,7.036,6.30769230769231,7.16666666666667,6.73076923076923,6.816,25,13,3,13,25,612,311,301,35,237,375,6.72974509803921,7.23731189710611,6.20531561461794,6.73142857142857,6.56626160337553,6.83306666666667,9
"11",2008,8,6.86545454545455,55,6.94411764705882,6.73809523809524,7.28571428571429,6.96666666666667,6.81621621621622,34,21,7,18,37,667,345,322,42,255,412,6.74093553223388,7.20841739130435,6.24006211180124,6.82380952380952,6.59452549019608,6.83155339805825,10
"12",2008,9,6.46486486486486,37,6.89411764705882,6.1,6.75,6.26666666666667,6.56,17,20,8,12,25,704,362,342,50,267,437,6.72642613636364,7.19365745856354,6.23187134502924,6.812,6.57979026217228,6.81601830663616,11
"13",2008,10,6.83977272727273,44,7.01607142857143,6.53125,6.5,6.8125,6.84583333333333,28,16,4,8,36,748,390,358,54,275,473,6.7330935828877,7.18090769230769,6.24525139664805,6.78888888888889,6.58656,6.81828752642706,12
"14",2008,11,6.76111111111111,36,7.004,6.20909090909091,6.5375,6.625,6.8,25,11,8,8,28,784,415,369,62,283,501,6.73438010204081,7.17025060240964,6.24417344173442,6.75645161290323,6.58764664310954,6.81726546906188,13
"15",2008,12,6.78621052631579,38,6.98457142857143,6.54117647058824,6.375,6.65584615384615,6.854,21,17,4,13,25,822,436,386,66,296,526,6.73677615571776,7.16130733944954,6.25725388601036,6.73333333333333,6.59064189189189,6.81901140684411,14
"16",2009,1,6.64411764705882,51,6.86612903225806,6.3,6.41666666666667,6.64285714285714,6.645,31,20,6,21,30,873,467,406,72,317,556,6.73136311569301,7.1417130620985,6.25935960591133,6.70694444444445,6.59410094637224,6.80962230215827,15
"17",2009,2,6.37619047619048,63,7.14722222222222,6.06777777777778,6.1,6.09375,6.47234042553191,18,45,10,16,47,936,485,451,82,333,603,6.70745726495726,7.1419175257732,6.24024390243903,6.63292682926829,6.57006006006006,6.78333333333333,16
"18",2009,3,6.7530612244898,49,7.12,6.37083333333333,7,6.33333333333333,6.8475,25,24,2,9,40,985,510,475,84,342,643,6.70972588832487,7.1408431372549,6.24684210526316,6.64166666666667,6.56383040935672,6.78732503888025,17
"19",2009,4,6.74795918367347,49,6.9575,6.60344827586207,6.725,6.85,6.72179487179487,20,29,8,10,39,1034,530,504,92,352,682,6.71153771760155,7.13392452830189,6.26736111111111,6.64891304347826,6.57196022727273,6.78357771260997,18
"20",2009,5,6.74741379310345,58,7.06724137931035,6.42758620689655,6.41666666666667,6.47058823529412,6.86219512195122,29,29,6,17,41,1092,559,533,98,369,723,6.71344322344322,7.13046511627907,6.27607879924953,6.63469387755102,6.56728997289973,6.78803596127247,19
"21",2009,6,6.4195652173913,46,6.72222222222222,6.225,6.7375,6.72222222222222,6.34594594594595,18,28,8,9,37,1138,577,561,106,378,760,6.70156414762742,7.11772963604853,6.27352941176471,6.64245283018868,6.57097883597884,6.76651315789474,20
"22",2009,7,6.39736842105263,38,7.18947368421053,5.60526315789474,5.5,6.44285714285714,6.38709677419355,19,19,2,7,31,1176,596,580,108,385,791,6.69173469387755,7.12001677852349,6.25163793103448,6.6212962962963,6.56864935064935,6.75164348925411,21
"23",2009,8,6.89189189189189,37,7.10526315789474,6.66666666666667,6.7,7.6,6.62962962962963,19,18,5,10,27,1213,615,598,113,395,818,6.69784006595218,7.11956097560976,6.26413043478261,6.62477876106195,6.59475949367089,6.74761613691931,22
"24",2009,9,6.76764705882353,34,7.12,6.48947368421053,6.16666666666667,6.5,6.85,15,19,6,8,26,1247,630,617,119,403,844,6.69974338412189,7.11957142857143,6.27106969205835,6.60168067226891,6.59287841191067,6.75077014218009,23
"25",2009,10,6.60454545454545,44,6.56842105263158,6.632,6.31111111111111,6.31666666666667,6.7125,19,25,9,12,32,1291,649,642,128,415,876,6.69649883810999,7.10343605546996,6.2851246105919,6.58125,6.58489156626506,6.74937214611872,24
"26",2009,11,6.53305084745763,59,7.07916666666667,6.15857142857143,6.409375,6.671875,6.48139534883721,24,35,16,16,43,1350,673,677,144,431,919,6.68935555555556,7.1025705794948,6.27858197932053,6.56215277777778,6.58812064965197,6.73683351468988,25
"27",2009,12,6.68620689655172,29,6.62631578947368,6.8,6,6.75,6.6695652173913,19,10,1,6,23,1379,692,687,145,437,942,6.68928934010152,7.08949421965318,6.28617176128093,6.55827586206896,6.59034324942792,6.73519108280255,26
"28",2010,1,6.61111111111111,45,7.03333333333333,6.24166666666667,6.57777777777778,6.8375,6.56216216216216,21,24,9,8,37,1424,713,711,154,445,979,6.68681882022472,7.08784011220196,6.28466947960619,6.55941558441558,6.59478651685393,6.72865168539326,27
"29",2010,2,6.64285714285714,28,6.91176470588235,6.22727272727273,5.66666666666667,7.33333333333333,6.56,17,11,3,3,25,1452,730,722,157,448,1004,6.68597107438017,7.0837397260274,6.28379501385042,6.54235668789809,6.59973214285714,6.72445219123506,28
"30",2010,3,6.66,25,6.88888888888889,6.53125,6.8,6.5,6.71052631578947,9,16,5,6,19,1477,739,738,162,454,1023,6.68553148273527,7.08136671177267,6.28915989159892,6.55030864197531,6.5984140969163,6.7241935483871,29
"31",2010,4,6.92586206896552,29,7.17647058823529,6.57083333333333,6.5,6.4,7.03541666666667,17,12,4,5,24,1506,756,750,166,459,1047,6.6901593625498,7.08350529100529,6.29366666666667,6.54909638554217,6.59625272331155,6.73132760267431,30
"32",2010,5,6.15357142857143,28,6.80625,5.28333333333333,3,4.94285714285714,6.55714285714286,16,12,1,7,21,1534,772,762,167,466,1068,6.68036505867014,7.07775906735751,6.27775590551181,6.52784431137725,6.57141630901287,6.72790262172285,31
"33",2010,6,6.46666666666667,15,7.1875,5.64285714285714,5.5,7.375,6.13636363636364,8,7,4,4,11,1549,780,769,171,470,1079,6.67829567462879,7.07888461538461,6.2719765929779,6.50380116959064,6.57825531914894,6.72187210379981,32
"34",2010,7,5.94090909090909,22,5.875,5.97857142857143,6.1,4.05,6.36111111111111,8,14,5,4,18,1571,788,783,176,474,1097,6.6679694462126,7.06666243654822,6.26673052362708,6.49232954545455,6.55691983122363,6.71595259799453,33
"35",2010,8,6.49655172413793,29,7,5.95714285714286,6.4,5.9,6.62083333333333,15,14,1,5,24,1600,803,797,177,479,1121,6.6648625,7.06541718555417,6.26129234629862,6.49180790960452,6.55006263048017,6.71391614629795,34
"36",2010,9,6.606,25,6.771875,6.31111111111111,6.9,5.375,6.84047619047619,16,9,2,4,21,1625,819,806,179,483,1142,6.66395692307692,7.05968253968254,6.26184863523573,6.4963687150838,6.54033126293996,6.71624343257443,35
"37",2010,10,6.30555555555556,27,6.78846153846154,5.85714285714286,5.75,5.75,6.40217391304348,13,14,4,4,23,1652,832,820,183,487,1165,6.65809927360775,7.05544471153846,6.25493902439025,6.48005464480874,6.53383983572895,6.71004291845493,36
"38",2010,11,6.53108695652174,46,6.7612,6.25714285714286,6.14285714285714,6.08333333333333,6.64,25,21,7,9,37,1698,857,841,190,496,1202,6.65465842167256,7.04686114352392,6.25499405469679,6.46763157894737,6.52566532258064,6.70788685524126,37
"39",2010,12,6.82962962962963,54,7.12083333333333,6.59666666666667,6.575,6.72857142857143,6.865,24,30,8,14,40,1752,881,871,198,510,1242,6.66005136986301,7.048876276958,6.26676234213548,6.4719696969697,6.53123529411765,6.71294685990338,38
"40",2011,1,7.0075,40,7.15833333333333,6.78125,6,6.375,7.165625,24,16,4,8,32,1792,905,887,202,518,1274,6.66780691964286,7.05177900552486,6.2760428410372,6.46262376237624,6.52882239382239,6.72431711145997,39
"41",2011,2,6.8,29,7.18823529411765,6.25,5.8,6.25,6.94347826086956,17,12,5,6,23,1821,922,899,207,524,1297,6.66991213618891,7.05429501084599,6.27569521690768,6.44661835748792,6.52562977099237,6.72820354664611,40
"42",2011,3,6.80676470588235,34,7.39533333333333,6.34210526315789,6.75,7,6.70136363636364,15,19,8,12,22,1855,937,918,215,536,1319,6.6724204851752,7.0597545357524,6.2770697167756,6.45790697674419,6.53625,6.72775587566338,41
"43",2011,4,6.24375,32,6.3125,6.175,6.71666666666667,6.93,5.93181818181818,16,16,6,10,22,1887,953,934,221,546,1341,6.66515103338633,7.04720881427072,6.27532119914347,6.46493212669683,6.54346153846154,6.71469798657718,42
"44",2011,5,6.52142857142857,35,7.11875,6.01842105263158,5.66666666666667,5.75,6.62096774193548,16,19,6,4,31,1922,969,953,227,550,1372,6.66253381893861,7.04839009287926,6.27019937040923,6.44383259911894,6.53769090909091,6.71258017492711,43
"45",2011,6,6.36333333333333,30,6.93125,5.71428571428571,7,7.11666666666667,6.175,16,14,2,6,24,1952,985,967,229,556,1396,6.65793545081967,7.04648730964467,6.26215098241986,6.44868995633188,6.54393884892086,6.70333810888252,44
"46",2011,7,6.3609375,32,6.92727272727273,6.06428571428571,6.54166666666667,6.57727272727273,6.24761904761905,11,21,6,11,21,1984,996,988,235,567,1417,6.65314516129032,7.04517068273092,6.25794534412956,6.45106382978723,6.54458553791887,6.6965843330981,45
"47",2011,8,6.79615384615385,26,7.17333333333333,6.28181818181818,6,6.57142857142857,6.87894736842105,15,11,2,7,19,2010,1011,999,237,574,1436,6.65499502487562,7.04707220573689,6.25820820820821,6.44725738396625,6.54491289198606,6.69899721448468,46
"48",2011,9,6.27058823529412,34,6.8,5.94285714285714,6.7,6.25714285714286,6.27407407407407,13,21,4,7,27,2044,1024,1020,241,581,1463,6.64860078277886,7.043935546875,6.25171568627451,6.45145228215768,6.54144578313253,6.69115516062885,47
"49",2011,10,6.61634146341463,41,7.02272727272727,6.14578947368421,5.33333333333333,6.68375,6.6,22,19,3,8,33,2085,1046,1039,244,589,1496,6.64796642685851,7.04348948374761,6.24977863330125,6.43770491803279,6.54337860780984,6.68914438502674,48
"50",2011,11,6.80697674418605,43,7.17083333333333,6.34736842105263,6.33333333333333,6.41666666666667,6.87027027027027,24,19,3,6,37,2128,1070,1058,247,595,1533,6.6511795112782,7.04634579439252,6.25153119092628,6.43643724696356,6.54210084033613,6.69351598173516,49
"51",2011,12,6.45588235294118,34,6.6975,6.11071428571429,NA,6.02222222222222,6.612,20,14,0,9,25,2162,1090,1072,247,604,1558,6.64810823311748,7.03994495412844,6.24969216417911,6.43643724696356,6.53435430463576,6.69220795892169,50
"52",2012,1,6.5452380952381,42,6.68888888888889,6.4375,6.21428571428571,6.25,6.6375,18,24,7,10,32,2204,1108,1096,254,614,1590,6.64614791288566,7.03424187725632,6.25380474452555,6.43031496062992,6.52972312703583,6.69110691823899,51
"53",2012,2,6.38,30,6.60555555555556,6.04166666666667,7.5,6.91666666666667,6.24583333333333,18,12,2,6,24,2234,1126,1108,256,620,1614,6.64257385854969,7.02738898756661,6.25150722021661,6.438671875,6.53346774193548,6.68448574969021,52
"54",2012,3,6.62058823529412,34,6.93157894736842,6.22666666666667,6.375,6.54,6.63448275862069,19,15,4,5,29,2268,1145,1123,260,625,1643,6.6422442680776,7.02579912663755,6.25117542297418,6.43769230769231,6.53352,6.68360316494218,53
"55",2012,4,6.52272727272727,22,6.79166666666667,6.2,6.33333333333333,7.5,6.30555555555556,12,10,3,4,18,2290,1157,1133,263,629,1661,6.641096069869,7.02337078651685,6.25072374227714,6.43650190114068,6.53966613672496,6.67950632149308,54
"56",2012,5,7.21,25,7.55,6.7,5.33333333333333,7.54166666666667,7.10526315789474,15,10,3,6,19,2315,1172,1143,266,635,1680,6.64723974082073,7.0301109215017,6.25465441819773,6.42406015037594,6.54913385826771,6.68432142857143,55
"57",2012,6,6.435,18,6.25,6.5275,6.75,7.5,6.301875,6,12,2,2,16,2333,1178,1155,268,637,1696,6.64560222888984,7.02613752122241,6.25748917748918,6.42649253731343,6.55211930926216,6.68071344339623,56
"58",2012,7,6.83304347826087,23,7.23076923076923,6.316,6,6.375,6.92947368421053,13,10,3,4,19,2356,1191,1165,271,641,1715,6.64743208828523,7.02837111670865,6.25799141630901,6.42177121771218,6.55101404056162,6.6834693877551,57
"59",2012,8,6.25035714285714,28,6.5,6.034,6.85,6.85125,6.01,13,15,2,8,20,2384,1204,1180,273,649,1735,6.64276845637584,7.02266611295681,6.25514406779661,6.42490842490843,6.55471494607088,6.6757060518732,58
"60",2012,9,6.69230769230769,26,6.84615384615385,6.53846153846154,7.16666666666667,6,6.78260869565217,13,13,3,3,23,2410,1217,1193,276,652,1758,6.64330290456432,7.02078060805259,6.25823134953898,6.43297101449275,6.55216257668712,6.67710466439135,59
"61",2012,10,6.16521739130435,23,7.16666666666667,5.52142857142857,5.76,6.21428571428571,6.14375,9,14,5,7,16,2433,1226,1207,281,659,1774,6.63878339498561,7.0218515497553,6.24968516984259,6.42099644128114,6.54857359635812,6.67229425028185,60
"62",2012,11,6.8,30,7.45454545454545,6.42105263157895,6.625,6.8125,6.79545454545455,11,19,8,8,22,2463,1237,1226,289,667,1796,6.64074705643524,7.0256992724333,6.2523409461664,6.42664359861592,6.55173913043478,6.67380289532294,61
"63",2012,12,6.65833333333333,24,7.4,5.91666666666667,6,6.25,6.69545454545455,12,12,5,2,22,2487,1249,1238,294,669,1818,6.64091676718939,7.02929543634908,6.24908723747981,6.41938775510204,6.55083707025411,6.67406490649065,62
"64",2013,1,6.54375,32,6.94705882352941,6.08666666666667,5.58333333333333,6.4,6.56428571428571,17,15,6,4,28,2519,1266,1253,300,673,1846,6.63968241365621,7.02819115323854,6.24714285714286,6.40266666666667,6.54994056463596,6.67239978331528,63
"65",2013,2,6.43461538461538,26,6.58666666666667,6.22727272727273,4.66666666666667,6.14285714285714,6.54210526315789,15,11,3,7,19,2545,1281,1264,303,680,1865,6.63758742632613,7.02302107728337,6.24696993670886,6.38547854785479,6.54575,6.67107238605898,64
"66",2013,3,6.49484848484849,33,6.74294117647059,6.23125,6.3,6.5,6.49346153846154,17,16,5,7,26,2578,1298,1280,308,687,1891,6.63576027928627,7.01935285053929,6.2467734375,6.38409090909091,6.54528384279476,6.66863035430989,65
"67",2013,4,6.60740740740741,27,7.00769230769231,6.23571428571429,5.725,5.91666666666667,6.8047619047619,13,14,4,6,21,2605,1311,1294,312,693,1912,6.63546641074856,7.01923722349351,6.24665378670789,6.37564102564103,6.53984126984127,6.67012552301255,66
"68",2013,5,6.57727272727273,22,6.83636363636364,6.31818181818182,6.75,6,6.635,11,11,2,2,20,2627,1322,1305,314,695,1932,6.63497906357062,7.01771558245083,6.24725670498085,6.37802547770701,6.53828776978417,6.6697619047619,67
"69",2013,6,6.78518518518518,27,6.86842105263158,6.5875,NA,7,6.77692307692308,19,8,0,1,26,2654,1341,1313,314,696,1958,6.63650715900528,7.01560029828486,6.24932977913176,6.37802547770701,6.53895114942529,6.6711848825332,68
"70",2013,7,6.18695652173913,23,7.3,5.16666666666667,5.5,6.83333333333333,6.09,11,12,4,3,20,2677,1352,1325,318,699,1978,6.6326447515876,7.01791420118343,6.23952452830189,6.36698113207547,6.54021459227468,6.66530839231547,69
"71",2013,8,6.5,21,7.1,5.95454545454545,6,6.625,6.47058823529412,10,11,2,4,17,2698,1362,1336,320,703,1995,6.63161230541142,7.01851688693098,6.23717814371258,6.3646875,6.54069701280228,6.66364912280702,70
"72",2013,9,6.03465384615385,26,6.65,5.50721428571429,4,5.55555555555556,6.28829411764706,12,14,2,9,17,2724,1374,1350,322,712,2012,6.6259144640235,7.01529839883551,6.22960814814815,6.35,6.52824438202247,6.66047763419483,71
"73",2013,10,6.76,25,6.59375,7.05555555555556,6.75,7.25,6.71739130434783,16,9,2,2,23,2749,1390,1359,324,714,2035,6.62713386686068,7.01044604316546,6.23507799852833,6.35246913580247,6.53026610644258,6.66112088452088,72
"74",2013,11,6.40882352941177,34,6.58055555555556,6.215625,5.75,6.41666666666667,6.40714285714286,18,16,4,6,28,2783,1408,1375,328,720,2063,6.62446676248653,7.00495028409091,6.23485163636364,6.34512195121951,6.52931944444444,6.65767377605429,73
"75",2013,12,6.63,25,7.1875,5.63888888888889,6,6.53571428571429,6.66666666666667,16,9,1,7,18,2808,1424,1384,329,727,2081,6.62451602564103,7.00700140449438,6.23097615606937,6.34407294832827,6.5293810178817,6.65775156174916,74
"76",2014,1,6.88333333333333,30,7.02,6.61,6.5,6.55,6.96666666666667,20,10,4,6,24,2838,1444,1394,333,733,2105,6.6272519379845,7.00718144044321,6.23369512195122,6.34594594594595,6.52954979536153,6.66127363420427,75
"77",2014,2,6.49852941176471,34,6.63409090909091,6.25,6.22727272727273,6.8,6.37291666666667,22,12,11,10,24,2872,1466,1406,344,743,2129,6.62572806406686,7.00158253751705,6.23383428165007,6.3421511627907,6.53318977119785,6.65802301550023,76
"78",2014,3,6.3984375,32,6.61458333333333,5.75,6.5,7,6.25961538461539,24,8,2,6,26,2904,1490,1414,346,749,2155,6.62322348484849,6.99534899328859,6.23109688826026,6.34306358381503,6.53692923898531,6.6532162412993,77
"79",2014,4,6.475,20,6.85,6.1,6.33333333333333,5.85714285714286,6.80769230769231,10,10,3,7,13,2924,1500,1424,349,756,2168,6.62220964432285,6.99438,6.23017626404495,6.34297994269341,6.53063492063492,6.65414252767528,78
"80",2014,5,6.14,20,7.3,5.51538461538462,5.67142857142857,5.65,6.2625,7,13,7,4,16,2944,1507,1437,356,760,2184,6.61893376358696,6.99579960185799,6.22370981210856,6.32977528089888,6.526,6.65127335164835,79
"81",2014,6,6.73529411764706,17,7.38888888888889,6,5.5,7.16666666666667,6.64285714285714,9,8,2,3,14,2961,1516,1445,358,763,2198,6.61960182370821,6.99813324538258,6.22247128027682,6.32513966480447,6.52851900393185,6.65121974522293,80
"82",2014,7,6.75,16,6.92857142857143,6.61111111111111,7,7,6.69230769230769,7,9,2,3,13,2977,1523,1454,360,766,2211,6.6203026536782,6.99781352593565,6.22487689133425,6.32888888888889,6.53036553524804,6.65146132971506,81
"83",2014,8,6.31714285714286,21,7,5.97571428571429,6.4,7,6.283,7,14,4,1,20,2998,1530,1468,364,767,2231,6.61817911941295,6.99782352941176,6.22250068119891,6.32967032967033,6.5309778357236,6.64815822501121,82
"84",2014,9,6.72916666666667,24,7.18181818181818,6.34615384615385,5.76,6.6,6.74761904761905,11,13,5,3,21,3022,1541,1481,369,770,2252,6.61906055592323,6.99913692407527,6.22358609047941,6.32195121951219,6.53124675324675,6.64908570159858,83
"85",2014,10,6.66666666666667,27,7,6.25,5,6.36363636363636,6.875,15,12,3,11,16,3049,1556,1493,372,781,2268,6.61948212528698,6.99914524421594,6.22379839249833,6.31129032258064,6.52888604353393,6.65067945326279,84
"86",2014,11,6.63103448275862,29,7.22352941176471,5.79166666666667,5.33333333333333,6.38333333333333,6.69565217391304,17,12,3,6,23,3078,1573,1505,375,787,2291,6.61959096816115,7.00157024793388,6.22035282392027,6.30346666666667,6.52777636594663,6.65113094718464,85
"87",2014,12,6.532,25,6.97692307692308,6.05,6.5,5.85714285714286,6.79444444444444,13,12,4,7,18,3103,1586,1517,379,794,2309,6.61888527231712,7.00136822194199,6.21900527356625,6.30554089709762,6.52186397984887,6.65224815937635,86
"88",2015,1,6.91405405405405,37,7.08666666666667,6.6875,6.8,8,6.81823529411765,21,16,5,3,34,3140,1607,1533,384,797,2343,6.62236337579618,7.00248288736776,6.22389497716895,6.31197916666667,6.5274278544542,6.65465685019206,87
"89",2015,2,6.36086956521739,23,6.7875,6.13333333333333,NA,7.5,6.25238095238095,8,15,0,2,21,3163,1615,1548,384,799,2364,6.6204619032564,7.00141795665634,6.22301744186047,6.31197916666667,6.52986232790989,6.65108333333333,88
"90",2015,3,6.32962962962963,27,6.89090909090909,5.94375,3,7.575,6.11304347826087,11,16,1,4,23,3190,1626,1564,385,803,2387,6.61800031347963,7.00067035670356,6.22016048593351,6.30337662337662,6.53506849315069,6.64589903644742,89
"91",2015,4,6.50740740740741,27,6.55,6.48235294117647,6.44,7.65,6.416,10,17,5,2,25,3217,1636,1581,390,805,2412,6.61707211687908,6.99791564792176,6.2229797596458,6.3051282051282,6.53783850931677,6.64351616915423,90
"92",2015,5,7.1125,16,7.5,6.81111111111111,7.2,NA,7.1125,7,9,3,0,16,3233,1643,1590,393,805,2428,6.61952397154346,7.0000547778454,6.22630880503145,6.31195928753181,6.53783850931677,6.64660667215815,91
"93",2015,6,6.75,12,7.14285714285714,6.2,6.33333333333333,8,6.63636363636364,7,5,3,1,11,3245,1650,1595,396,806,2439,6.62000647149461,7.0006606060606,6.2262263322884,6.31212121212121,6.53965260545906,6.64656047560476,92
"94",2015,7,6.2578947368421,19,7,6.06,6.25,6.25,6.26363636363636,4,15,4,8,11,3264,1654,1610,400,814,2450,6.61789859068628,7.00065900846433,6.22467763975156,6.3115,6.5368058968059,6.6448412244898,93
"95",2015,8,6.52575757575758,33,7.32352941176471,5.678125,6.16666666666667,6.49166666666667,6.53333333333333,17,16,3,6,27,3297,1671,1626,403,820,2477,6.61697634212921,7.00394374625972,6.21929950799508,6.31042183622829,6.5364756097561,6.64362575696407,94
"96",2015,9,6.16086956521739,23,6.88181818181818,5.5,4.5,6.74285714285714,5.90625,11,12,2,7,16,3320,1682,1638,405,827,2493,6.61381656626506,7.00314506539833,6.21402991452992,6.30148148148148,6.53822249093108,6.63889330124348,95
"97",2015,10,6.52083333333333,24,6.89090909090909,6.20769230769231,6.7,7.25,6.45454545454545,11,13,1,2,22,3344,1693,1651,406,829,2515,6.61314922248804,7.00241582988777,6.21398001211387,6.30246305418719,6.53993968636912,6.63728071570576,96
"98",2015,11,6.14761904761905,21,6.97142857142857,5.73571428571429,6.16666666666667,6.75,6.04722222222222,7,14,3,3,18,3365,1700,1665,409,832,2533,6.61024398216939,7.00228823529411,6.20995855855856,6.30146699266504,6.54069711538462,6.63308764311093,97
"99",2015,12,6.50982142857143,28,7.6025,5.90277777777778,5.04166666666667,6.46785714285714,6.52380952380952,10,18,6,7,21,3393,1710,1683,415,839,2554,6.60941526672561,7.00579824561403,6.20667320261438,6.28325301204819,6.54008939213349,6.63218911511355,98
"100",2016,1,6.32173913043478,23,6.34,6.30769230769231,6.83333333333333,6,6.33636363636364,10,13,3,1,22,3416,1720,1696,418,840,2576,6.60747833723654,7.00192732558139,6.20744752358491,6.2872009569378,6.53944642857143,6.6296626552795,99
"101",2016,2,6.78421052631579,19,6.99,6.55555555555556,6.48,6.35,6.9,10,9,5,4,15,3435,1730,1705,423,844,2591,6.60845589519651,7.00185838150289,6.20928504398827,6.28947990543735,6.53854857819905,6.63122771130837,100
"102",2016,3,6.25,22,6.66666666666667,5.75,5.25,5.5,6.325,12,10,2,2,20,3457,1742,1715,425,846,2611,6.60617471796356,6.9995493685419,6.20660699708455,6.28458823529412,6.53609338061466,6.62888203753351,101
"103",2016,4,6.16363636363636,22,6.55,5.7,5.66666666666667,6.33333333333333,6.13684210526316,12,10,3,3,19,3479,1754,1725,428,849,2630,6.60337625754527,6.99647377423033,6.20367014492754,6.28025700934579,6.53537691401649,6.62532737642585,102
"104",2016,5,6.77894736842105,19,7.225,6.45454545454545,6.66,7.625,6.55333333333333,8,11,5,4,15,3498,1762,1736,433,853,2645,6.6043299028016,6.99751135073779,6.20525979262673,6.28464203233256,6.54048651817116,6.6249190926276,103
"105",2016,6,6.43695652173913,23,6.82272727272727,6.08333333333333,6.33333333333333,6.41666666666667,6.44,11,12,3,3,20,3521,1773,1748,436,856,2665,6.6032365805169,6.99642695995487,6.20442276887872,6.28497706422018,6.54005257009346,6.62353133208255,104
"106",2016,7,5.83181818181818,22,6.375,5.52142857142857,5,6.66666666666667,5.7,8,14,3,3,19,3543,1781,1762,439,859,2684,6.59844651425346,6.99363559797866,6.19899602724177,6.27619589977221,6.54049476135041,6.61699366616989,105
"107",2016,8,5.834,15,6.06375,5.57142857142857,6,7.35,5.60076923076923,8,7,2,2,13,3558,1789,1769,441,861,2697,6.59522372119168,6.98947736165455,6.19651271905031,6.2749433106576,6.54237514518002,6.61209529106414,106
"108",2016,9,6.45833333333333,12,7.25,6.0625,6,NA,6.45833333333333,4,8,1,0,12,3570,1793,1777,442,861,2709,6.59476358543418,6.99005856107083,6.19590939786157,6.27432126696832,6.54237514518002,6.61141417497231,107
"109",2016,10,6.4244,25,6.85,6.14066666666667,5.875,6.185,6.5,10,15,4,6,19,3595,1803,1792,446,867,2728,6.59357885952712,6.98928175263449,6.19544698660715,6.2707399103139,6.53990196078431,6.61063819648094,108
"110",2016,11,6.39285714285714,28,6.52941176470588,6.18181818181818,6,6.4,6.39130434782609,17,11,3,5,23,3623,1820,1803,449,872,2751,6.59202760143528,6.98498626373626,6.1953638380477,6.26893095768374,6.5390997706422,6.608804434751,109
"111",2016,12,6.488,25,7.03846153846154,5.89166666666667,3,5.83333333333333,6.57727272727273,13,12,1,3,22,3648,1833,1815,450,875,2773,6.59131469298246,6.98536552100381,6.19335592286502,6.26166666666667,6.53668,6.60855427335016,110
"112",2017,1,6.553125,32,7.13076923076923,6.15789473684211,5.92222222222222,6.625,6.52916666666667,13,19,9,8,24,3680,1846,1834,459,883,2797,6.59098260869566,6.98638949079089,6.19298854961832,6.25501089324619,6.53748018120045,6.60787307829818,111
"113",2017,2,6.49583333333333,24,7.19166666666667,5.8,6.16666666666667,6.1,6.55238095238095,12,12,3,3,21,3704,1858,1846,462,886,2818,6.59036609071275,6.98771528525296,6.19043391115927,6.25443722943723,6.53599887133183,6.60745954577715,112
"114",2017,3,6.9,10,6.57142857142857,7.66666666666667,7,6.5,7,7,3,1,2,8,3714,1865,1849,463,888,2826,6.59119978459882,6.9861528150134,6.19282909680909,6.2560475161987,6.53591779279279,6.60857077140835,113
"115",2017,4,6.9125,16,7.3125,6.5125,6.75,7,6.90666666666667,8,8,4,1,15,3730,1873,1857,467,889,2841,6.59257801608579,6.98754671649759,6.19420624663436,6.26027837259101,6.5364398200225,6.61014466737064,114
"116",2017,5,6.375,24,6.70833333333333,6.04166666666667,6.08333333333333,8,6.22727272727273,12,12,6,2,22,3754,1885,1869,473,891,2863,6.59118700053277,6.98576923076923,6.19322685928304,6.25803382663848,6.53972502805836,6.60720258470136,115
"117",2017,6,6.4,17,6.43,6.35714285714286,4.5,6.25,6.42,10,7,1,2,15,3771,1895,1876,474,893,2878,6.5903251127022,6.98283641160949,6.19383848614073,6.25432489451477,6.53907614781635,6.60622689367616,116
"118",2017,7,6.43333333333333,18,6.92222222222222,5.94444444444444,6.66666666666667,7.66666666666667,6.18666666666667,9,9,3,3,15,3789,1904,1885,477,896,2893,6.58957930852468,6.98254989495798,6.19264774535809,6.25691823899371,6.5428515625,6.60405150362945,117
"119",2017,8,6.328125,16,7.16666666666667,5.825,6.125,6,6.35,6,10,2,1,15,3805,1910,1895,479,897,2908,6.58847989487517,6.9831282722513,6.19070765171504,6.25636743215031,6.54224637681159,6.60274105914718,118
"120",2017,9,6.33333333333333,18,6.42857142857143,6.27272727272727,6.75,7.25,6.21875,7,11,4,2,16,3823,1917,1906,483,899,2924,6.58727857703375,6.98110328638497,6.19118100734523,6.26045548654244,6.54382091212458,6.60063987688098,119
"121",2017,10,6.51291666666667,24,7.11111111111111,6.154,5.125,5.375,6.7405,9,15,4,4,20,3847,1926,1921,487,903,2944,6.58681466077463,6.98171079958463,6.19089068193649,6.25112936344969,6.53864341085271,6.60159001358695,120
"122",2017,11,6.83684210526316,19,7.27272727272727,6.2375,5.33333333333333,7.63333333333333,6.6875,11,8,3,3,16,3866,1937,1929,490,906,2960,6.58804345576824,6.9833634486319,6.19108398133748,6.24551020408163,6.54226821192053,6.60205439189189,121
"123",2017,12,6.76,30,7.05714285714286,6.5,8.25,6.15,6.85384615384615,14,16,2,4,26,3896,1951,1945,492,910,2986,6.58936755646817,6.98389287544848,6.19362519280206,6.25365853658537,6.54054395604396,6.60424681848627,122
"124",2018,1,6.4375,24,6.83333333333333,5.77777777777778,6.2,6.5,6.425,15,9,5,4,20,3920,1966,1954,497,914,3006,6.58843775510204,6.98274415055951,6.19170982599796,6.25311871227364,6.54036652078775,6.60305422488356,123
"125",2018,2,6.968,25,7.39285714285714,6.42727272727273,4.5,7.66666666666667,6.87272727272727,14,11,3,3,22,3945,1980,1965,500,917,3028,6.59084309252218,6.98564393939393,6.19302849872774,6.2426,6.54405125408942,6.60501354029062,124
"126",2018,3,6.89366666666667,30,6.92857142857143,6.863125,6,5.33333333333333,7.06703703703704,14,16,4,3,27,3975,1994,1981,504,920,3055,6.59312855345912,6.98524322968906,6.19844068652196,6.2406746031746,6.54010326086956,6.6090968903437,125
"127",2018,4,6.515,20,6.5,6.525,6.66666666666667,6,6.57222222222222,8,12,3,2,18,3995,2002,1993,507,922,3073,6.59273742177722,6.98330419580419,6.20040692423482,6.24319526627219,6.538931670282,6.60888089814513,126
"128",2018,5,6.41666666666667,24,7.07142857142857,6.14705882352941,5.8,6.2,6.47368421052632,7,17,5,5,19,4019,2009,2010,512,927,3092,6.59168599154019,6.98361124937779,6.19995572139304,6.2388671875,6.53710355987055,6.6080501293661,127
"129",2018,6,6.427,20,6.58666666666667,6.1875,5.125,6,6.47444444444444,12,8,4,2,18,4039,2021,2018,516,929,3110,6.5908705125031,6.98125432953983,6.19990634291378,6.23023255813953,6.53594725511302,6.6072768488746,128
"130",2018,7,6.56190476190476,21,6.81666666666667,6.22222222222222,6.33333333333333,6,6.59,12,9,3,1,20,4060,2033,2027,519,930,3130,6.59072068965518,6.98028283325135,6.20000542673903,6.23082851637765,6.53537096774193,6.60716645367412,129
"131",2018,8,6.49333333333333,30,6.90666666666667,6.08,6.04,6.24,6.544,15,15,5,5,25,4090,2048,2042,524,935,3155,6.59000635696822,6.97974365234375,6.19912389813908,6.22900763358779,6.53379144385027,6.60666592709984,130
"132",2018,9,6.35714285714286,14,6.5,6.16666666666667,6.5,6.625,6.25,8,6,1,4,10,4104,2056,2048,525,939,3165,6.5892119883041,6.97787694552529,6.19902880859375,6.22952380952381,6.53417997870074,6.60553902053712,131
"133",2018,10,6.71428571428571,14,7.66666666666667,6.45454545454545,6.125,6.125,6.95,3,11,4,4,10,4118,2059,2059,529,943,3175,6.5896372025255,6.97888052452646,6.20039388052453,6.22873345935728,6.53244432661718,6.60662393700787,132
"134",2018,11,6.66809523809524,21,6.69461538461538,6.625,NA,8.015,6.52631578947368,13,8,0,2,19,4139,2072,2067,529,945,3194,6.59003527422083,6.977097007722,6.20203725205612,6.22873345935728,6.53558201058201,6.60614621164684,133
"135",2018,12,6.6375,20,6.89583333333333,6.25,5,6.625,6.640625,12,8,1,4,16,4159,2084,2075,530,949,3210,6.59026352488579,6.97662907869481,6.2022221686747,6.22641509433962,6.53595890410959,6.60631806853582,134
"136",2019,1,6.76086956521739,23,7.03846153846154,6.4,6.66666666666667,6.66666666666667,6.79411764705882,13,10,3,6,17,4182,2097,2085,533,955,3227,6.59120181731229,6.97701239866475,6.20317074340528,6.22889305816135,6.53678010471204,6.60730740625968,135
"137",2019,2,6.10869565217391,23,6.72727272727273,5.54166666666667,3,3.25,6.71052631578947,11,12,2,4,19,4205,2108,2097,535,959,3246,6.58856266349584,6.97570920303605,6.19938531235098,6.21682242990654,6.52307090719499,6.60791158348737,136
"138",2019,3,6.05333333333333,15,5.75,6.4,7,7,5.90769230769231,8,7,1,2,13,4220,2116,2104,536,961,3259,6.58666018957346,6.97107514177693,6.200052756654,6.21828358208955,6.52406347554631,6.60511844123964,137
"139",2019,4,5.95769230769231,26,6.26,5.54545454545455,4.5,5.66666666666667,5.99565217391304,15,11,2,3,23,4246,2131,2115,538,964,3282,6.582808761187,6.96606992022524,6.19664822695036,6.21189591078067,6.52139522821577,6.60084734917733,138
"140",2019,5,6.34722222222222,18,6.77777777777778,5.91666666666667,6,6.625,6.26785714285714,9,9,1,4,14,4264,2140,2124,539,968,3296,6.58181425891182,6.96527803738317,6.19546186440678,6.21150278293135,6.52182334710744,6.59943294902912,139
"141",2019,6,6.75,8,6.83333333333333,6.5,6,7,6.71428571428571,6,2,1,1,7,4272,2146,2126,540,969,3303,6.58212921348315,6.9649091332712,6.1957483537159,6.21111111111111,6.52231682146543,6.59967635482894,140
"142",2019,7,6.475,16,5.8,6.78181818181818,6.66666666666667,7.325,6.19166666666667,5,11,3,4,12,4288,2151,2137,543,973,3315,6.58172947761194,6.96220130172013,6.19876509124942,6.21362799263352,6.52561664953751,6.59819939668175,141
"143",2019,8,6.640625,16,7.21428571428571,6.19444444444444,6.66666666666667,7.14,6.41363636363636,7,9,3,5,11,4304,2158,2146,546,978,3326,6.58194842007435,6.96301899907321,6.19874697110904,6.21611721611722,6.52875766871166,6.59758899579074,142
"144",2019,9,6.38611111111111,18,7.25,6.13928571428571,5.875,6.33333333333333,6.39666666666667,4,14,6,3,15,4322,2162,2160,552,981,3341,6.58113280888478,6.96354995374653,6.19836157407408,6.21240942028985,6.52816004077472,6.59668692008381,143
"145",2019,10,6.10294117647059,17,6.58333333333333,5.5625,6,6.875,6,9,8,4,2,15,4339,2171,2168,556,983,3356,6.57925927633095,6.96197374481805,6.19601522140222,6.21088129496403,6.52886571719227,6.59401996424315,144
"146",2019,11,6.12083333333333,24,6.53076923076923,5.63636363636364,4.66666666666667,7.23333333333333,5.96190476190476,13,11,3,3,21,4363,2184,2179,559,986,3377,6.57673756589503,6.95940705128205,6.19318999541074,6.2025939177102,6.53100912778905,6.590089132366,145
"147",2019,12,6.99090909090909,11,7.27142857142857,6.5,NA,NA,6.99090909090909,7,4,0,0,11,4374,2191,2183,559,986,3388,6.57777914951989,6.96040392514833,6.19375217590472,6.2025939177102,6.53100912778905,6.59139049586777,146
"148",2020,1,6.14794444444444,18,6.52191666666667,5.4,5.33333333333333,6.81575,5.95714285714286,12,6,3,4,14,4392,2203,2189,562,990,3402,6.57601753187614,6.95801543349977,6.19157651895843,6.1979537366548,6.53215959595959,6.58878042328042,147
"149",2020,2,6.29322888888889,18,7.24201333333333,5.34444444444444,NA,8,5.95187466666667,9,9,0,3,15,4410,2212,2198,562,993,3417,6.57486329251701,6.95917094032549,6.18810782529573,6.1979537366548,6.5365941591138,6.58598452443664,148
"150",2020,3,6.38235294117647,17,6.41666666666667,6.3,6.16666666666667,6.5,6.375,12,5,3,1,16,4427,2224,2203,565,994,3433,6.5741240388525,6.9562437589928,6.18836177939174,6.19778761061947,6.53655734406439,6.58500120011652,149
"151",2020,4,6.955,12,7.3075,6.25,NA,8,6.746,8,4,0,2,10,4439,2232,2207,565,996,3443,6.57515366523992,6.95750274193548,6.18847349343,6.19778761061947,6.53949598393574,6.58546881208249,150
"152",2020,5,6.7,15,6.68181818181818,6.75,7.5,6,6.80769230769231,11,4,1,2,13,4454,2243,2211,566,998,3456,6.57557411764706,6.95615074453856,6.1894893713252,6.20008833922261,6.53841482965932,6.58630472222222,151
"153",2020,6,6.02727272727273,11,6.33333333333333,5.66,5.33333333333333,NA,6.02727272727273,6,5,3,0,11,4465,2249,2216,569,998,3467,6.57422331914894,6.95448915962649,6.18829467509026,6.19551845342706,6.53841482965932,6.58453104124603,152
"154",2020,7,7.36538461538461,13,7.42857142857143,7.29166666666667,7.25,7.625,7.25,7,6,2,4,9,4478,2256,2222,571,1002,3476,6.57652012505583,6.95596015957446,6.19127407740774,6.1992119089317,6.54275249500998,6.58625406214039,153
"155",2020,8,6.15,14,6.45555555555556,5.6,5.33333333333333,5.5,6.2,9,5,3,1,13,4492,2265,2227,574,1003,3489,6.57519081032948,6.95397179690949,6.1899465648855,6.19468641114983,6.54171286141575,6.58481488105474,154
"156",2020,9,6.74117647058824,17,6.64545454545455,6.91666666666667,6,6.03333333333333,6.89285714285714,11,6,1,3,14,4509,2276,2233,575,1006,3503,6.57581661565757,6.95248072056239,6.19189923869234,6.19434782608696,6.54019681908549,6.58604599486155,155
"157",2020,10,6.69375,16,6.83333333333333,6.51428571428571,7,6.4,6.82727272727273,9,7,1,5,11,4525,2285,2240,576,1011,3514,6.57623361767956,6.95201143107221,6.19290669642857,6.19574652777778,6.53950346191889,6.58680111553785,156
"158",2020,11,6.5,17,6.95,5.85714285714286,6.5,6.5,6.5,10,7,2,1,16,4542,2295,2247,578,1012,3530,6.5759482870982,6.95200266666666,6.19186070315977,6.19679930795848,6.53946442687747,6.58640768271955,157
"159",2020,12,6.42045454545455,22,6.54545454545455,6.29545454545455,6,6.6,6.36764705882353,11,11,1,5,17,4564,2306,2258,579,1017,3547,6.57519875547765,6.95006336513443,6.19236536758193,6.19645941278066,6.53976204523107,6.58535921060051,158
"160",2021,1,6.5816,25,6.66666666666667,6.454,5.82,6.66666666666667,6.57,15,10,2,3,22,4589,2321,2268,581,1020,3569,6.57523362824145,6.94823184834123,6.19351895943563,6.19516351118761,6.54013529411765,6.58526453348277,159
"161",2021,2,5.90833333333333,24,5.85714285714286,5.98,6.08333333333333,NA,5.90833333333333,14,10,6,0,24,4613,2335,2278,587,1020,3593,6.57176395404292,6.94168998715203,6.19258165057068,6.19402044293015,6.54013529411765,6.58074286668522,160
"162",2021,3,6.62,10,6.775,6,NA,6.83333333333333,6.52857142857143,8,2,0,3,7,4623,2343,2280,587,1023,3600,6.57186829331603,6.94112083653435,6.19241271929825,6.19402044293015,6.54099511241447,6.58064142222222,161
"163",2021,4,7.03846153846154,13,7.64285714285714,6.33333333333333,6,6.5,7.13636363636364,7,6,3,2,11,4636,2350,2286,590,1025,3611,6.57317668679897,6.94321111489361,6.19278258967629,6.19303389830509,6.54091512195122,6.58233428967045,162
"164",2021,5,6.96666666666667,9,7.04,6.875,6.5,NA,6.96666666666667,5,4,1,0,9,4645,2355,2290,591,1025,3620,6.57393910010764,6.94341661146496,6.19397423580786,6.19355329949239,6.54091512195122,6.5832898121547,163
"165",2021,6,6.20833333333333,12,6.5625,5.5,6,NA,6.20833333333333,8,4,2,0,12,4657,2363,2294,593,1025,3632,6.57299701954048,6.94212700804062,6.1927641673932,6.19290050590219,6.54091512195122,6.58205096916299,164
"166",2021,7,6.53571428571429,14,6.55555555555556,6.5,7,6.9,6.475,9,5,1,2,12,4671,2372,2299,594,1027,3644,6.57288527510169,6.94066025295109,6.19343236189648,6.19425925925926,6.54161441090555,6.58169844127332,165
"167",2021,8,5.74705882352941,17,6.45,4.74285714285714,3.73333333333333,4.375,6.16923076923077,10,7,3,4,13,4688,2382,2306,597,1031,3657,6.56989059726963,6.93860038623006,6.18902905464007,6.18189279731993,6.53320853540252,6.58023219031993,166
"168",2021,9,6.71538461538462,13,7.58888888888889,4.75,4.66666666666667,7,6.69166666666667,9,4,3,1,12,4701,2391,2310,600,1032,3669,6.57029294192725,6.94104814721873,6.18653722943723,6.17431666666667,6.53366085271318,6.58059665303897,167
"169",2021,10,6.075,10,6.9375,5.5,4,6.25,6,4,6,1,3,7,4711,2395,2316,601,1035,3676,6.5692415877733,6.94104222129436,6.18475863557858,6.17069883527454,6.53283864734299,6.5794910554951,168
"170",2021,11,6.35,10,7,6.07142857142857,NA,NA,6.35,3,7,0,0,10,4721,2398,2323,601,1035,3686,6.56877719127304,6.94111597998332,6.18441713301765,6.17069883527454,6.53283864734299,6.57886845360825,169
"171",2021,12,6.60666666666667,15,6.72222222222222,6.43333333333333,5.85,7,6.57857142857143,9,6,2,1,14,4736,2407,2329,603,1036,3700,6.56889719594595,6.94029751557956,6.18505839416058,6.16963515754561,6.53328957528957,6.57886732972973,170
"172",2022,1,6.39615384615385,26,6.94166666666667,5.92857142857143,5.5,6.33333333333333,6.40434782608696,12,14,2,3,23,4762,2419,2343,605,1039,3723,6.56795403611928,6.94030430756511,6.18352582159624,6.16742148760331,6.53271222329163,6.5777891807682,171
"173",2022,2,5.54,15,5.92857142857143,5.2,5.5,6,5.50714285714286,7,8,2,1,14,4777,2426,2351,607,1040,3737,6.56472621310446,6.93738504534212,6.18017907273501,6.16522240527183,6.5322,6.57377819641423,172
"174",2022,3,6.6,19,7.09090909090909,5.925,8,5.13333333333333,6.875,11,8,1,3,16,4796,2437,2359,608,1043,3753,6.56486595496247,6.93807801395158,6.17931369224248,6.16824013157895,6.52817641418984,6.57506238209432,173
"175",2022,4,6.62222222222222,18,6.89166666666667,6.08333333333333,NA,6.5,6.64666666666667,12,6,0,3,15,4814,2449,2365,608,1046,3768,6.56508041545492,6.93785060024499,6.17907019027484,6.16824013157895,6.52809560229445,6.57534743099787,174
"176",2022,5,6.63157894736842,19,6.75,6.57692307692308,7,6.2,6.78571428571429,6,13,1,5,14,4833,2455,2378,609,1051,3782,6.56534184150631,6.93739149490835,6.18124516400337,6.16960591133005,6.52653472882969,6.57612615547329,175
"177",2022,6,6.73,10,7.3,5.875,4.5,4.5,6.97777777777778,6,4,1,1,9,4843,2461,2382,610,1052,3791,6.56568183357423,6.9382755465258,6.1807308984047,6.16686885245902,6.52460836501901,6.57707969401213,176
"178",2022,7,7.06176470588235,17,7.57142857142857,6.705,8,6.575,7.21153846153846,7,10,1,4,13,4860,2468,2392,611,1056,3804,6.56741710288066,6.94007136142625,6.18292265886288,6.16986906710311,6.52479924242424,6.57924792849632,177
"179",2022,8,6.58,10,6.625,6.55,5,10,6.2,4,6,1,1,9,4870,2472,2398,612,1057,3813,6.56744294045174,6.93956153721683,6.183841117598,6.16795751633987,6.52808703878902,6.57835277209546,178
"180",2022,9,5.875,4,7,5.5,NA,6.5,5.66666666666667,1,3,0,1,3,4874,2473,2401,612,1058,3816,6.56687466557242,6.9395859765467,6.18298667221991,6.16795751633987,6.52806049149338,6.57763603773585,179
"181",2022,10,6.53,10,6.71666666666667,6.25,6,7.26666666666667,6.21428571428571,6,4,2,3,7,4884,2479,2405,614,1061,3823,6.56679916461916,6.93904643807987,6.18309812889813,6.16741042345277,6.53014891611687,6.57697073502485,180
"182",2022,11,6.73727272727273,11,6.962,6.55,6,7,6.711,5,6,1,1,10,4895,2484,2411,615,1062,3833,6.56718225127681,6.93909264090177,6.18401119867275,6.16713821138211,6.53059133709981,6.57732040699191,181
"183",2022,12,6.4,16,6.93333333333333,5.71428571428571,5,5.75,6.61666666666667,9,7,2,4,12,4911,2493,2418,617,1066,3845,6.56663757279576,6.93907184917769,6.18265136476427,6.1633549432739,6.52766228893058,6.57744320416125,182
