"","year","month","avg_rating","no_ratings","avg_rating_owned","avg_rating_not_owned","avg_rating_prev_owned","avg_rating_comment","avg_rating_no_comment","no_ratings_owned","no_ratings_not_owned","no_ratings_prev_owned","no_ratings_comment","no_ratings_no_comment","cum_no_ratings","cum_no_ratings_owned","cum_no_ratings_not_owned","cum_no_ratings_prev_owned","cum_no_ratings_comment","cum_no_ratings_no_comment","cum_avg_rating","cum_avg_rating_owned","cum_avg_rating_not_owned","cum_avg_rating_prev_owned","cum_avg_rating_comment","cum_avg_rating_no_comment","month_after_release"
"1",2002,4,6,2,6,6,NA,6,6,1,1,0,1,1,2,1,1,0,1,1,6,6,6,NA,6,6,-6
"2",2002,5,8,1,NA,8,NA,8,NA,0,1,0,1,0,3,1,2,0,2,1,6.66666666666667,6,7,NA,7,6,-5
"3",2002,6,8,1,8,NA,NA,NA,8,1,0,0,0,1,4,2,2,0,2,2,7,7,7,NA,7,7,-4
"4",2002,7,7.625,4,7.5,7.66666666666667,NA,8.25,7,1,3,0,2,2,8,3,5,0,4,4,7.3125,7.16666666666667,7.4,NA,7.625,7,-3
"5",2002,8,7.5,3,7.5,NA,NA,NA,7.5,3,0,0,0,3,11,6,5,0,4,7,7.36363636363636,7.33333333333333,7.4,NA,7.625,7.21428571428571,-2
"6",2002,9,8.5,2,8,9,NA,9,8,1,1,0,1,1,13,7,6,0,5,8,7.53846153846154,7.42857142857143,7.66666666666667,NA,7.9,7.3125,-1
"7",2002,10,8.25,4,8.5,8,NA,7,8.66666666666667,2,2,0,1,3,17,9,8,0,6,11,7.70588235294118,7.66666666666667,7.75,NA,7.75,7.68181818181818,0
"8",2002,11,7.66666666666667,3,8.5,6,NA,7.66666666666667,NA,2,1,0,3,0,20,11,9,0,9,11,7.7,7.81818181818182,7.55555555555556,NA,7.72222222222222,7.68181818181818,1
"9",2002,12,7.6,7,8.44,5.5,NA,7.55,7.66666666666667,5,2,0,4,3,27,16,11,0,13,14,7.67407407407407,8.0125,7.18181818181818,NA,7.66923076923077,7.67857142857143,2
"10",2003,1,8,2,7,9,NA,NA,8,1,1,0,0,2,29,17,12,0,13,16,7.69655172413793,7.95294117647059,7.33333333333333,NA,7.66923076923077,7.71875,3
"11",2003,2,8.5,4,8.66666666666667,8,NA,8.66666666666667,8,3,1,0,3,1,33,20,13,0,16,17,7.79393939393939,8.06,7.38461538461539,NA,7.85625,7.73529411764706,4
"12",2003,3,7.83333333333333,6,7.8,8,NA,7.33333333333333,8.33333333333333,5,1,0,3,3,39,25,14,0,19,20,7.8,8.008,7.42857142857143,NA,7.77368421052631,7.825,5
"13",2003,4,6.775,8,7.5,6.05,8.7,6.4,7,4,4,1,3,5,47,29,18,1,22,25,7.62553191489362,7.93793103448276,7.12222222222222,8.7,7.58636363636364,7.66,6
"14",2003,5,7.46666666666667,6,7.56,7,NA,7.4,7.8,5,1,0,5,1,53,34,19,1,27,26,7.60754716981132,7.88235294117647,7.11578947368421,8.7,7.55185185185185,7.66538461538462,7
"15",2003,6,6.94444444444444,9,7.875,6.2,7,8,6.64285714285714,4,5,1,2,7,62,38,24,2,29,33,7.51129032258064,7.88157894736842,6.925,7.85,7.58275862068965,7.44848484848485,8
"16",2003,7,6.86842105263158,19,7.45833333333333,5.85714285714286,5.5,7.35714285714286,6.58333333333333,12,7,2,7,12,81,50,31,4,36,45,7.36049382716049,7.78,6.68387096774194,6.675,7.53888888888889,7.21777777777778,9
"17",2003,8,7.125,8,7.5,6,NA,7,7.14285714285714,6,2,0,1,7,89,56,33,4,37,52,7.33932584269663,7.75,6.64242424242424,6.675,7.52432432432432,7.20769230769231,10
"18",2003,9,7.15,8,7.925,6.375,NA,7.9,6.7,4,4,0,3,5,97,60,37,4,40,57,7.32371134020619,7.76166666666667,6.61351351351351,6.675,7.5525,7.16315789473684,11
"19",2003,10,8.16666666666667,6,8.4,7,NA,7,8.4,5,1,0,1,5,103,65,38,4,41,62,7.37281553398058,7.81076923076923,6.62368421052631,6.675,7.5390243902439,7.26290322580645,12
"20",2003,11,7.16666666666667,6,8,7,7,7.33333333333333,7,1,5,1,3,3,109,66,43,5,44,65,7.36146788990826,7.81363636363636,6.66744186046511,6.74,7.525,7.25076923076923,13
"21",2003,12,6.1875,8,7,5.91666666666667,7,5.5,6.41666666666667,2,6,1,2,6,117,68,49,6,46,71,7.28119658119658,7.78970588235294,6.57551020408163,6.78333333333333,7.43695652173913,7.18028169014084,14
"22",2004,1,7.25,10,7.75,6.5,NA,7.33333333333333,7.21428571428571,6,4,0,3,7,127,74,53,6,49,78,7.27874015748032,7.78648648648649,6.56981132075472,6.78333333333333,7.43061224489796,7.18333333333333,15
"23",2004,2,6.83333333333333,9,7.41666666666667,5.66666666666667,7,5.5,7.21428571428571,6,3,1,2,7,136,80,56,7,51,85,7.24926470588235,7.75875,6.52142857142857,6.81428571428571,7.35490196078431,7.18588235294118,16
"24",2004,3,7.28571428571429,7,7.33333333333333,7,NA,NA,7.28571428571429,6,1,0,0,7,143,86,57,7,51,92,7.25104895104895,7.72906976744186,6.52982456140351,6.81428571428571,7.35490196078431,7.19347826086956,17
"25",2004,4,6.68181818181818,11,6.92857142857143,6.25,NA,5.66666666666667,7.0625,7,4,0,3,8,154,93,61,7,54,100,7.21038961038961,7.66881720430108,6.51147540983606,6.81428571428571,7.26111111111111,7.183,18
"26",2004,5,7.42222222222222,9,7.6,7.2,NA,7.5,7.4,5,4,0,2,7,163,98,65,7,56,107,7.22208588957055,7.66530612244898,6.55384615384615,6.81428571428571,7.26964285714286,7.19719626168224,19
"27",2004,6,7.05,10,8,6.8125,7.5,7,7.08333333333333,2,8,2,4,6,173,100,73,9,60,113,7.2121387283237,7.672,6.58219178082192,6.96666666666667,7.25166666666667,7.19115044247788,20
"28",2004,7,7.2,6,7.44,6,NA,7,7.24,5,1,0,1,5,179,105,74,9,61,118,7.21173184357542,7.66095238095238,6.57432432432432,6.96666666666667,7.24754098360656,7.19322033898305,21
"29",2004,8,6.08333333333333,6,6.66666666666667,5.5,7,5.5,6.375,3,3,1,2,4,185,108,77,10,63,122,7.17513513513514,7.63333333333333,6.53246753246753,6.97,7.19206349206349,7.16639344262295,22
"30",2004,9,7.5,6,7.5,NA,NA,8,7.25,6,0,0,2,4,191,114,77,10,65,126,7.18534031413613,7.62631578947368,6.53246753246753,6.97,7.21692307692308,7.16904761904762,23
"31",2004,10,7.3,10,7.57142857142857,6.66666666666667,6,6.75,7.66666666666667,7,3,2,4,6,201,121,80,12,69,132,7.1910447761194,7.62314049586777,6.5375,6.80833333333333,7.18985507246377,7.19166666666667,24
"32",2004,11,6.96153846153846,13,7.25,6,NA,7.0625,6.8,10,3,0,8,5,214,131,83,12,77,137,7.17710280373832,7.59465648854962,6.51807228915663,6.80833333333333,7.17662337662338,7.17737226277372,25
"33",2004,12,6.58333333333333,6,6.66666666666667,6.5,NA,5.75,7,3,3,0,2,4,220,134,86,12,79,141,7.16090909090909,7.57388059701493,6.51744186046512,6.80833333333333,7.14050632911392,7.17234042553191,26
"34",2005,1,6.7,20,7.07142857142857,5.83333333333333,5,7,6.4,14,6,1,10,10,240,148,92,13,89,151,7.1225,7.52635135135135,6.47282608695652,6.66923076923077,7.12471910112359,7.12119205298013,27
"35",2005,2,6.58823529411765,17,7,5.83333333333333,NA,6.64285714285714,6.55,11,6,0,7,10,257,159,98,13,96,161,7.08715953307393,7.48993710691824,6.43367346938776,6.66923076923077,7.08958333333333,7.08571428571429,28
"36",2005,3,6.96666666666667,15,7.36363636363636,5.875,7.5,6.9,7,11,4,1,5,10,272,170,102,14,101,171,7.08051470588235,7.48176470588235,6.41176470588235,6.72857142857143,7.08019801980198,7.08070175438596,29
"37",2005,4,7.5,8,7.5,7.5,7.5,6.83333333333333,7.9,6,2,2,3,5,280,176,104,16,104,176,7.0925,7.48238636363636,6.43269230769231,6.825,7.07307692307692,7.10397727272727,30
"38",2005,5,6.98125,16,7.22727272727273,6.44,7.1,7.025,6.9375,11,5,2,8,8,296,187,109,18,112,184,7.08648648648649,7.46737967914439,6.43302752293578,6.85555555555556,7.06964285714286,7.09673913043478,31
"39",2005,6,6.77368421052632,19,7.36363636363636,5.9625,7.2,6.9,6.68181818181818,11,8,1,8,11,315,198,117,19,120,195,7.06761904761905,7.46161616161616,6.4008547008547,6.87368421052632,7.05833333333333,7.07333333333333,32
"40",2005,7,7.15,10,7.75,6.25,NA,7.16666666666667,7.14285714285714,6,4,0,3,7,325,204,121,19,123,202,7.07015384615385,7.47009803921569,6.39586776859504,6.87368421052632,7.0609756097561,7.07574257425743,33
"41",2005,8,7.21428571428571,14,7.36363636363636,6.66666666666667,8,7.875,6.95,11,3,1,4,10,339,215,124,20,127,212,7.07610619469027,7.4646511627907,6.40241935483871,6.93,7.08661417322835,7.06981132075472,34
"42",2005,9,6.96875,16,7.22727272727273,6.4,9,7.05,6.83333333333333,11,5,1,10,6,355,226,129,21,137,218,7.0712676056338,7.45309734513274,6.40232558139535,7.02857142857143,7.08394160583942,7.06330275229358,35
"43",2005,10,6.70909090909091,11,7.33333333333333,6.475,NA,7.5,5.76,3,8,0,6,5,366,229,137,21,143,223,7.0603825136612,7.45152838427948,6.40656934306569,7.02857142857143,7.1013986013986,7.03408071748879,36
"44",2005,11,7.17857142857143,14,7.29166666666667,6.5,NA,7.5,7.09090909090909,12,2,0,3,11,380,241,139,21,146,234,7.06473684210526,7.44356846473029,6.40791366906475,7.02857142857143,7.10958904109589,7.03675213675214,37
"45",2005,12,6.4,5,8.5,5,6,7,6,2,3,1,2,3,385,243,142,22,148,237,7.0561038961039,7.4522633744856,6.37816901408451,6.98181818181818,7.10810810810811,7.02362869198312,38
"46",2006,1,7.38235294117647,17,7.6,7.07142857142857,7.25,7.125,7.61111111111111,10,7,2,8,9,402,253,149,24,156,246,7.06990049751244,7.45810276679842,6.41073825503356,7.00416666666667,7.10897435897436,7.04512195121951,39
"47",2006,2,7,7,7.1,6.75,NA,7.25,6.9,5,2,0,2,5,409,258,151,24,158,251,7.06870415647922,7.45116279069767,6.41523178807947,7.00416666666667,7.11075949367089,7.04223107569721,40
"48",2006,3,7.07142857142857,14,7.6,5.75,NA,6.83333333333333,7.25,10,4,0,6,8,423,268,155,24,164,259,7.06879432624113,7.45671641791045,6.39806451612903,7.00416666666667,7.10060975609756,7.04864864864865,41
"49",2006,4,6.5,9,7.08333333333333,5.33333333333333,7,6,7.125,6,3,1,5,4,432,274,158,25,169,263,7.05694444444444,7.4485401459854,6.37784810126582,7.004,7.06804733727811,7.04980988593156,42
"50",2006,5,7.09090909090909,11,7.14285714285714,7,6,7.4,6.83333333333333,7,4,1,5,6,443,281,162,26,174,269,7.05778781038375,7.44092526690391,6.39320987654321,6.96538461538462,7.07758620689655,7.04498141263941,43
"51",2006,6,6.9375,8,7.375,6.5,6.5,6.125,7.75,4,4,1,4,4,451,285,166,27,178,273,7.05565410199557,7.44,6.39578313253012,6.94814814814815,7.0561797752809,7.05531135531136,44
"52",2006,7,7.05789473684211,19,8.15714285714286,6.41666666666667,7,6.81,7.33333333333333,7,12,1,10,9,470,292,178,28,188,282,7.05574468085106,7.45719178082192,6.39719101123596,6.95,7.04308510638298,7.06418439716312,45
"53",2006,8,7.13235294117647,17,7.325,6.85714285714286,7,7.15,7.125,10,7,1,5,12,487,302,185,29,193,294,7.05841889117043,7.45281456953642,6.4145945945946,6.95172413793103,7.04585492227979,7.06666666666667,46
"54",2006,9,6.875,20,7.14285714285714,6.73076923076923,7,6.85,6.9,7,13,1,10,10,507,309,198,30,203,304,7.05118343195266,7.4457928802589,6.43535353535354,6.95333333333333,7.03620689655172,7.06118421052632,47
"55",2006,10,6.975,8,6.63333333333333,8,8,6.65,7.08333333333333,6,2,1,2,6,515,315,200,31,205,310,7.05,7.43031746031746,6.451,6.98709677419355,7.03243902439024,7.06161290322581,48
"56",2006,11,6.795,20,6.925,6.70833333333333,6.16666666666667,6.7,6.89,8,12,3,10,10,535,323,212,34,215,320,7.04046728971963,7.41780185758514,6.46556603773585,6.91470588235294,7.01697674418605,7.05625,49
"57",2006,12,6.88095238095238,21,7.11538461538461,6.5,NA,7.5,6.6875,13,8,0,5,16,556,336,220,34,220,336,7.03444244604317,7.40610119047619,6.46681818181818,6.91470588235294,7.02795454545454,7.03869047619048,50
"58",2007,1,7.17333333333333,15,7.5,6.8,NA,6.75,7.32727272727273,8,7,0,4,11,571,344,227,34,224,347,7.03809106830123,7.40828488372093,6.47709251101322,6.91470588235294,7.02299107142857,7.0478386167147,51
"59",2007,2,6.79279263157895,19,7,6.67192166666667,7,6.25,6.93753733333333,7,12,4,4,15,590,351,239,38,228,362,7.03019162711864,7.40014245014245,6.48687472803347,6.92368421052632,7.0094298245614,7.04326812154696,52
"60",2007,3,6.78125,16,7.1,6.25,7,7.09090909090909,6.1,10,6,2,11,5,606,361,245,40,239,367,7.02361891089109,7.39182825484765,6.48107371428571,6.9275,7.01317991631799,7.03041705722071,53
"61",2007,4,6.79230769230769,13,7.5,6.35,NA,7.5,6.18571428571429,5,8,0,6,7,619,366,253,40,245,374,7.01876100161551,7.39330601092896,6.47692909090909,6.9275,7.02510204081633,7.01460711229947,54
"62",2007,5,6.69444444444444,9,6.65,6.75,7,6.95,6.375,5,4,1,5,4,628,371,257,41,250,378,7.01411315286624,7.38328840970351,6.48117922178988,6.92926829268293,7.0236,7.00783878306878,55
"63",2007,6,6.9625,16,7.8,6.125,7,6,7.28333333333333,8,8,1,4,12,644,379,265,42,254,390,7.01283083850932,7.39208443271768,6.47042664150943,6.93095238095238,7.00748031496063,7.01631553846154,56
"64",2007,7,7.07142857142857,7,7.33333333333333,6.875,7.5,7,7.1,3,4,2,2,5,651,382,269,44,256,395,7.01346092165899,7.39162303664922,6.47644260223048,6.95681818181818,7.007421875,7.01737483544304,57
"65",2007,8,7,12,7.5,6.5,6.5,7,7,6,6,2,7,5,663,388,275,46,263,400,7.01321728506787,7.39329896907217,6.47695658181818,6.93695652173913,7.00722433460076,7.01715765,58
"66",2007,9,6.95454545454545,11,7.28571428571429,6.375,NA,6.16666666666667,7.25,7,4,0,3,8,674,395,279,46,266,408,7.01225973293769,7.39139240506329,6.47549483870968,6.93695652173913,6.99774436090225,7.02172318627451,59
"67",2007,10,6.82222222222222,18,7.44444444444444,6.2,5,7.5,6.7375,9,9,1,2,16,692,404,288,47,268,424,7.00731656069364,7.39257425742574,6.466885625,6.89574468085106,7.00149253731343,7.01099778301887,60
"68",2007,11,6.572,25,7.1875,5.47777777777778,5.5,6.7,6.48666666666667,16,9,2,10,15,717,420,297,49,278,439,6.99213815899582,7.38476190476191,6.43691265993266,6.83877551020408,6.99064748201439,6.99308214123007,61
"69",2007,12,6.395,20,6.91,5.88,6.9,6.825,5.75,10,10,2,12,8,737,430,307,51,290,447,6.97593359565807,7.37372093023256,6.41877218241042,6.84117647058823,6.98379310344828,6.97083458612976,62
"70",2008,1,7.11111111111111,18,7.1,7.125,7,6.91666666666667,7.20833333333333,10,8,2,6,12,755,440,315,53,296,459,6.97915637086093,7.3675,6.43670812698413,6.84716981132075,6.98243243243243,6.97704370370371,63
"71",2008,2,7,12,7,7,NA,6.4,7.42857142857143,7,5,0,5,7,767,447,320,53,301,466,6.97948247718383,7.36174496644295,6.4455095625,6.84716981132075,6.97275747508306,6.98382630901288,64
"72",2008,3,6.72222222222222,18,7.42857142857143,6.27272727272727,7.25,6.75,6.70833333333333,7,11,2,6,12,785,454,331,55,307,478,6.97358351592357,7.36277533039648,6.43976755287009,6.86181818181818,6.96840390879479,6.97691016736402,65
"73",2008,4,7.24705882352941,17,7.71428571428571,6.92,7.175,7.375,7.13333333333333,7,10,4,8,9,802,461,341,59,315,487,6.97938037406484,7.36811279826464,6.45385061583578,6.88305084745763,6.97873015873016,6.97980094455852,66
"74",2008,5,7.13333333333333,15,7.57142857142857,6.75,7,7,7.25,7,8,4,7,8,817,468,349,63,322,495,6.98220692778458,7.37115384615385,6.46063914040115,6.89047619047619,6.97919254658385,6.9841677979798,67
"75",2008,6,7.27272727272727,11,7.41666666666667,7.1,NA,7.375,7.21428571428571,6,5,0,4,7,828,474,354,63,326,502,6.98606649758454,7.37172995780591,6.46966966101695,6.89047619047619,6.9840490797546,6.98737661354582,68
"76",2008,7,5.86363636363636,11,6,5.83333333333333,5.94444444444444,5.3,6.33333333333333,2,9,9,5,6,839,476,363,72,331,508,6.971350488677,7.36596638655462,6.45389272727273,6.77222222222222,6.95861027190332,6.97965169291339,69
"77",2008,8,6.375,16,7.125,5.625,6.33333333333333,6.7,6.22727272727273,8,8,3,5,11,855,484,371,75,336,519,6.96019071345029,7.36198347107438,6.43601902964959,6.75466666666667,6.9547619047619,6.96370531791908,70
"78",2008,9,6.68333333333333,12,7.44,6.14285714285714,5.9,6.3,6.95714285714286,5,7,5,5,7,867,489,378,80,341,526,6.95635877739331,7.36278118609407,6.43059010582011,6.70125,6.94516129032258,6.96361798479087,71
"79",2008,10,6.99,20,7.25,6.925,7.07142857142857,7.2,6.92,4,16,7,5,15,887,493,394,87,346,541,6.9571173167982,7.36186612576065,6.45066766497462,6.73103448275862,6.94884393063584,6.96240861367837,72
"80",2008,11,6.85416666666667,18,7.025,6.640625,6.33333333333333,7.26785714285714,6.59090909090909,10,8,3,7,11,905,503,402,90,353,552,6.95506967955801,7.3551689860835,6.45444791044776,6.71777777777778,6.95516997167139,6.95500554347826,73
"81",2008,12,6.63333333333333,15,7.08333333333333,6.33333333333333,7.5,6.5,6.66666666666667,6,9,1,3,12,920,509,411,91,356,564,6.94982397826087,7.35196463654224,6.45179576642336,6.72637362637363,6.95133426966292,6.94887067375887,74
"82",2009,1,6.59230769230769,26,7.18,6.225,6.1125,6.4375,6.66111111111111,10,16,8,8,18,946,519,427,99,364,582,6.93999794926004,7.34865125240848,6.44329756440281,6.67676767676768,6.94004120879121,6.93997089347079,75
"83",2009,2,6.75,24,6.8,6.73684210526316,6.5,7,6.72727272727273,5,19,2,2,22,970,524,446,101,366,604,6.93529696907216,7.34341603053435,6.45580282511211,6.67326732673267,6.94036885245902,6.93222360927152,76
"84",2009,3,7.00625,16,7.43333333333333,6.45714285714286,8,8.125,6.63333333333333,9,7,1,4,12,986,533,453,102,370,616,6.936448336714,7.34493433395872,6.45582353200883,6.68627450980392,6.95317567567568,6.92640107142857,77
"85",2009,4,7,22,7.1,6.93076923076923,7.35,7.23333333333333,6.96315789473684,9,13,2,3,19,1008,542,466,104,373,635,6.93783537698413,7.34086715867159,6.46907309012875,6.69903846153846,6.95542895442359,6.92750088188976,78
"86",2009,5,6.68666666666667,15,7,6.63846153846154,6.5,6.5,6.75454545454545,2,13,2,4,11,1023,544,479,106,377,646,6.93415255131965,7.33961397058824,6.47367027139875,6.69528301886792,6.95059681697613,6.92455582043344,79
"87",2009,6,6.61666666666667,18,7.34444444444444,5.88888888888889,6.5,6.25,6.72142857142857,9,9,4,4,14,1041,553,488,110,381,660,6.92866288184438,7.33969258589512,6.46288536885246,6.68818181818182,6.94324146981627,6.92024706060606,80
"88",2009,7,6.55882352941176,17,7.25,6.34615384615385,6.375,6.16666666666667,6.77272727272727,4,13,4,6,11,1058,557,501,114,387,671,6.92272028355388,7.33904847396768,6.45985640718563,6.67719298245614,6.9312015503876,6.91782870342772,81
"89",2009,8,6.55,18,6.8,6.45384615384615,6.6,6,6.825,5,13,5,6,12,1076,562,514,119,393,683,6.91648518587361,7.33425266903915,6.45970439688716,6.67394957983193,6.91698473282443,6.91619774524158,82
"90",2009,9,6.71875,16,7.33333333333333,5.92857142857143,6.5,7.66666666666667,6.5,9,7,2,3,13,1092,571,521,121,396,696,6.91358796703297,7.33423817863398,6.45256825335893,6.67107438016529,6.92266414141414,6.90842393678161,83
"91",2009,10,7.08928571428571,14,7.10714285714286,7.07142857142857,7.25,NA,7.08928571428571,7,7,2,0,14,1106,578,528,123,396,710,6.91581198915009,7.33148788927336,6.46077284090909,6.68048780487805,6.92266414141414,6.91199022535211,84
"92",2009,11,6.92413793103448,29,7.41666666666667,6.57647058823529,7.26,7.5,6.80416666666667,12,17,5,5,24,1135,590,545,128,401,734,6.91602472246696,7.33322033898305,6.46438176146789,6.703125,6.92986284289277,6.90846465940055,85
"93",2009,12,6.15384615384615,13,6.21428571428571,6.08333333333333,6,5.41666666666667,6.78571428571429,7,6,1,6,7,1148,597,551,129,407,741,6.9073937804878,7.32010050251256,6.4602324137931,6.69767441860465,6.90755528255528,6.90730507422402,86
"94",2010,1,6.875,14,7.67857142857143,6.07142857142857,6,7.1875,6.75,7,7,4,4,10,1162,604,558,133,411,751,6.9070034939759,7.32425496688742,6.45535494623656,6.67669172932331,6.9102798053528,6.90521046604527,87
"95",2010,2,7.09090909090909,11,6.83333333333333,7.4,NA,NA,7.09090909090909,6,5,0,0,11,1173,610,563,133,411,762,6.90872809889173,7.3194262295082,6.4637443339254,6.67669172932331,6.9102798053528,6.90789115485564,88
"96",2010,3,6.66666666666667,9,6.66666666666667,6.66666666666667,6.33333333333333,7.33333333333333,6.33333333333333,3,6,3,3,6,1182,613,569,136,414,768,6.90688499153976,7.31623164763458,6.46588411247803,6.66911764705882,6.91334541062802,6.903402421875,89
"97",2010,4,6.96666666666667,12,7.2,6.8,7.5,7,6.96,5,7,1,2,10,1194,618,576,137,416,778,6.90748581239531,7.31529126213592,6.46994454861111,6.67518248175182,6.91376201923077,6.90412989717224,90
"98",2010,5,7.24285714285714,7,8.25,6.84,7,7.5,7.05,2,5,1,3,4,1201,620,581,138,419,782,6.90944051623647,7.3183064516129,6.47312919104991,6.67753623188406,6.91795942720764,6.90487603580563,91
"99",2010,6,5.78571428571429,7,7.5,5.1,6,5.83333333333333,5.75,2,5,1,3,4,1208,622,586,139,422,786,6.90292885761589,7.31889067524116,6.46141307167235,6.6726618705036,6.91024881516588,6.89899880407125,92
"100",2010,7,6.5,5,6,6.625,6,NA,6.5,1,4,2,0,5,1213,623,590,141,422,791,6.90126798021435,7.31677367576244,6.46252213559322,6.66312056737589,6.91024881516588,6.89647668773704,93
"101",2010,8,6.95555555555556,9,7.25,6.72,6.3,7.33333333333333,6.76666666666667,4,5,2,3,6,1222,627,595,143,425,797,6.90166780687398,7.31634768740032,6.46468581512605,6.65804195804196,6.91323529411765,6.89549944792974,94
"102",2010,9,6.7,5,7.16666666666667,6,NA,6.5,6.83333333333333,3,2,0,2,3,1227,630,597,143,427,800,6.90084601466993,7.31563492063492,6.46312907872697,6.65804195804196,6.91129976580796,6.895266325,95
"103",2010,10,6.65277777777778,18,7.125,6.41666666666667,6.625,6,6.78333333333333,6,12,4,3,15,1245,636,609,147,430,815,6.89725948594378,7.31383647798742,6.46221356321839,6.65714285714286,6.90494186046512,6.89320620858896,96
"104",2010,11,6.54285714285714,7,7.5,6.38333333333333,7.9,7,6.36,1,6,2,2,5,1252,637,615,149,432,820,6.89527800319489,7.31412872841444,6.461444,6.6738255033557,6.90538194444444,6.88995495121952,97
"105",2010,12,6.75,10,6.83333333333333,6.625,7,7.5,6.5625,6,4,1,2,8,1262,643,619,150,434,828,6.89412683042789,7.30964230171073,6.46250090468497,6.676,6.90812211981567,6.8867911352657,98
"106",2011,1,7.38461538461539,13,7.64285714285714,7.08333333333333,6.83333333333333,7,7.41666666666667,7,6,3,1,12,1275,650,625,153,435,840,6.89912789019608,7.31323076923077,6.468460896,6.67908496732026,6.90833333333333,6.89436078571429,99
"107",2011,2,7.27777777777778,9,8,6.375,6,6,7.4375,5,4,1,1,8,1284,655,629,154,436,848,6.90178197819315,7.31847328244275,6.46786655007949,6.67467532467533,6.90625,6.89948474056604,100
"108",2011,3,6.75,10,6.83333333333333,6.71428571428571,6.25,7.125,6.5,3,7,2,4,6,1294,658,636,156,440,854,6.90060901081917,7.31626139817629,6.47057871069182,6.66923076923077,6.90823863636364,6.89667805620609,101
"109",2011,4,7,5,8,5.5,NA,5,7.5,3,2,0,1,4,1299,661,638,156,441,858,6.90099157813703,7.31936459909229,6.46753614420063,6.66923076923077,6.90391156462585,6.89949074592075,102
"110",2011,5,6.47142857142857,7,6,6.55,6,NA,6.47142857142857,1,6,1,0,7,1306,662,644,157,441,865,6.89868917304747,7.31737160120846,6.46830444099379,6.66496815286624,6.90391156462585,6.89602665895954,103
"111",2011,6,6.61428571428571,7,7,6.325,6,7,6.55,3,4,1,1,6,1313,665,648,158,442,871,6.8971729322163,7.31593984962406,6.46741984567901,6.66075949367089,6.90412895927602,6.89364300803674,104
"112",2011,7,7.40833333333333,12,7.78,7.14285714285714,6,7.95,7.3,5,7,1,2,10,1325,670,655,159,444,881,6.90180230943396,7.31940298507463,6.47463825954198,6.65660377358491,6.90884009009009,6.89825545970488,105
"113",2011,8,6.5,6,6,6.6,6,NA,6.5,1,5,1,0,6,1331,671,660,160,444,887,6.89999102930128,7.31743666169896,6.47558796969697,6.6525,6.90884009009009,6.89556151071026,106
"114",2011,9,6.42,15,6.28571428571429,6.5375,NA,6.325,6.45454545454545,7,8,0,4,11,1346,678,668,160,448,898,6.89464194650817,7.30678466076696,6.47632943113772,6.6525,6.90362723214286,6.89015930957684,107
"115",2011,10,6.39285714285714,14,6.88888888888889,5.5,6.5,7,6.29166666666667,9,5,1,2,12,1360,687,673,161,450,910,6.88947651470588,7.30131004366812,6.4690758692422,6.65155279503106,6.90405555555555,6.8822670989011,108
"116",2011,11,6.875,12,7.8,6.21428571428571,8,7,6.83333333333333,5,7,1,3,9,1372,692,680,162,453,919,6.88934989795918,7.30491329479769,6.46645302941176,6.65987654320988,6.90469094922737,6.8817878781284,109
"117",2011,12,6.73333333333333,15,7.33333333333333,6.33333333333333,6.66666666666667,7.125,6.59090909090909,6,9,3,4,11,1387,698,689,165,457,930,6.88766262436914,7.30515759312321,6.46471416545718,6.66,6.90661925601751,6.87834737634409,110
"118",2012,1,7.41666666666667,6,7.375,7.5,8,8,7.3,4,2,1,1,5,1393,702,691,166,458,935,6.88994117731515,7.30555555555556,6.4677106512301,6.66807228915663,6.90900655021834,6.88060220320856,111
"119",2012,2,7.33333333333333,6,7.75,6.5,NA,NA,7.33333333333333,4,2,0,0,6,1399,706,693,166,458,941,6.8918427877055,7.30807365439093,6.46780383838384,6.66807228915663,6.90900655021834,6.88348890541977,112
"120",2012,3,7.12,5,7.3,7,6,7.6,7,2,3,2,1,4,1404,708,696,168,459,945,6.89265531339031,7.30805084745763,6.47009778735632,6.66011904761905,6.91051198257081,6.88398207407408,113
"121",2012,4,6.33333333333333,6,7.33333333333333,5.33333333333333,6,3,7,3,3,1,1,5,1410,711,699,169,460,950,6.89027521985816,7.30815752461322,6.46521896995708,6.65621301775148,6.90201086956522,6.88459269473684,114
"122",2012,5,6.66666666666667,3,7.5,6.25,7,NA,6.66666666666667,1,2,2,0,3,1413,712,701,171,460,953,6.88980046709129,7.30842696629214,6.46460493580599,6.66023391812866,6.90201086956522,6.88390667366212,115
"123",2012,6,7.15,10,7.5,6.33333333333333,5,7.83333333333333,6.85714285714286,7,3,1,3,7,1423,719,704,172,463,960,6.89162899508081,7.31029207232267,6.46404553977273,6.65058139534884,6.90804535637149,6.88371152083334,116
"124",2012,7,6.99,6,7,6.985,NA,6.75,7.038,2,4,0,1,5,1429,721,708,172,464,965,6.89204202939118,7.30943134535368,6.46698878531073,6.65058139534884,6.90770474137931,6.88451094300518,117
"125",2012,8,6.66666666666667,9,6.5,6.8,7,6,6.85714285714286,4,5,1,2,7,1438,725,713,173,466,972,6.89063147426982,7.30496551724138,6.46932406732118,6.65260115606936,6.90380901287554,6.88431384773663,118
"126",2012,9,6,5,7,5.33333333333333,NA,5.5,6.33333333333333,2,3,0,2,3,1443,727,716,173,468,975,6.88754543312543,7.3041265474553,6.46456432960894,6.65260115606936,6.89780982905983,6.88261852307692,119
"127",2012,10,6.975,10,7.9375,6.33333333333333,6,6.8,7.15,4,6,1,5,5,1453,731,722,174,473,980,6.88814732278045,7.30759233926129,6.46347376731302,6.64885057471264,6.89677589852008,6.88398271428572,120
"128",2012,11,6.72222222222222,9,7.83333333333333,6.16666666666667,5.875,6.75,6.71428571428571,3,6,4,2,7,1462,734,728,178,475,987,6.88712589603283,7.30974114441417,6.46102755494505,6.6314606741573,6.89615789473684,6.88277918946302,121
"129",2012,12,6.55,10,8,6.1875,6.3,6.7,6.4,2,8,5,5,5,1472,736,736,183,480,992,6.88483563858696,7.31161684782609,6.45805442934782,6.6224043715847,6.89411458333333,6.88034582661291,122
"130",2013,1,6.27272727272727,11,7.75,5.42857142857143,4,5.66666666666667,6.5,4,7,1,3,8,1483,740,743,184,483,1000,6.88029538772758,7.31398648648649,6.44835539703903,6.60815217391304,6.88649068322981,6.87730306,123
"131",2013,2,7.1,8,6.875,7.325,7,NA,7.1,4,4,1,0,8,1491,744,747,185,483,1008,6.8814742186452,7.31162634408602,6.45304961178045,6.61027027027027,6.88649068322981,6.87907049603175,124
"132",2013,3,6.35714285714286,7,5.75,6.6,6.5,6.83333333333333,6,2,5,2,3,4,1498,746,752,187,486,1012,6.87902407209613,7.30743967828418,6.45402667553191,6.60909090909091,6.88616255144033,6.87559590909091,125
"133",2013,4,7.25,4,7,7.5,NA,NA,7.25,2,2,0,0,4,1502,748,754,187,486,1016,6.88001202396804,7.30661764705882,6.45680114058355,6.60909090909091,6.88616255144033,6.87706994094488,126
"134",2013,5,5.25,2,NA,5.25,NA,NA,5.25,0,2,0,0,2,1504,748,756,187,486,1018,6.87784445478723,7.30661764705882,6.45360854497354,6.60909090909091,6.88616255144033,6.87387333988212,127
"135",2013,6,7.17,10,7.46,6.88,7,8.1,6.9375,5,5,1,2,8,1514,753,761,188,488,1026,6.87977414795244,7.30763612217796,6.45641006570302,6.61117021276596,6.89113729508197,6.87436945419104,128
"136",2013,7,7.25,10,6.7,7.8,7,7,7.3125,5,5,1,2,8,1524,758,766,189,490,1034,6.88220345144357,7.30362796833773,6.46518023498694,6.61322751322751,6.89158163265306,6.87775924564797,129
"137",2013,8,6.70454545454546,11,7.425,6.29285714285714,NA,5.6,6.95,4,7,0,2,9,1535,762,773,189,492,1043,6.88093033224756,7.30426509186352,6.46361974126779,6.61322751322751,6.88633130081301,6.87838260786194,130
"138",2013,9,6.14285714285714,7,5,6.6,6,6,6.2,2,5,2,2,5,1542,764,778,191,494,1048,6.87757980544747,7.29823298429319,6.46449622107969,6.60680628272251,6.88274291497976,6.87514604961832,131
"139",2013,10,6.80555555555556,9,6.8125,6.8,6.66666666666667,6.66666666666667,6.875,4,5,3,3,6,1551,768,783,194,497,1054,6.87716186976144,7.295703125,6.46663864623244,6.60773195876289,6.88143863179074,6.87514521821632,132
"140",2013,11,6.60909090909091,11,7.05,6.35714285714286,6.83333333333333,6.83333333333333,6.525,4,7,3,3,8,1562,772,790,197,500,1062,6.87527404609475,7.29443005181347,6.46566843037975,6.61116751269036,6.88115,6.87250758945386,133
"141",2013,12,6.23076923076923,13,6.85714285714286,5.5,NA,NA,6.23076923076923,7,6,0,0,13,1575,779,796,197,500,1075,6.86995432380952,7.29050064184852,6.45838952261306,6.61116751269036,6.88115,6.86474703255814,134
"142",2014,1,6.8,5,7,6.75,NA,7,6.75,1,4,0,1,4,1580,780,800,197,501,1079,6.86973294936709,7.29012820512821,6.459847575,6.61116751269036,6.8813872255489,6.86432164967563,135
"143",2014,2,7.0875,8,7.5,6.675,6.5,NA,7.0875,4,4,1,0,8,1588,784,804,198,501,1087,6.87083001259446,7.29119897959184,6.46091798507463,6.61060606060606,6.8813872255489,6.86596417663294,136
"144",2014,3,6.8125,8,7.1,6.33333333333333,NA,NA,6.8125,5,3,0,0,8,1596,789,807,198,501,1095,6.87053763157895,7.28998732572877,6.46044369268897,6.61060606060606,6.8813872255489,6.86557357077626,137
"145",2014,4,6.95,10,7.21428571428571,6.33333333333333,NA,7,6.92857142857143,7,3,0,3,7,1606,796,810,198,504,1102,6.87103241594022,7.2893216080402,6.45997291358025,6.61060606060606,6.88209325396825,6.86597373865699,138
"146",2014,5,6.75714285714286,7,7,6.66,6,7,6.66,2,5,2,2,5,1613,798,815,200,506,1107,6.87053816491011,7.28859649122807,6.46120007361963,6.6045,6.88255928853755,6.86504341463415,139
"147",2014,6,6.75,4,8,6.33333333333333,NA,6.66666666666667,7,1,3,0,3,1,1617,799,818,200,509,1108,6.87023998763142,7.28948685857322,6.46073112469438,6.6045,6.88128683693517,6.8651652166065,140
"148",2014,7,7.08,5,7.4,7,7.5,NA,7.08,1,4,2,0,5,1622,800,822,202,509,1113,6.87088659679408,7.289625,6.46335530413625,6.61336633663366,6.88128683693517,6.86613033243486,141
"149",2014,8,6.9,5,7.83333333333333,5.5,NA,NA,6.9,3,2,0,0,5,1627,803,824,202,509,1118,6.87097606637984,7.29165628891656,6.4610170631068,6.61336633663366,6.88128683693517,6.86628180679786,142
"150",2014,9,5.98888888888889,9,7.5,5.55714285714286,6,5.5,6.05,2,7,1,1,8,1636,805,831,203,510,1126,6.86612350855746,7.29217391304348,6.45340320096269,6.61034482758621,6.87857843137255,6.86048229129663,143
"151",2014,10,7.1,10,7.5,6.5,NA,7,7.14285714285714,6,4,0,3,7,1646,811,835,203,513,1133,6.86754438639125,7.29371146732429,6.45362641916168,6.61034482758621,6.87928849902534,6.86222688437776,144
"152",2014,11,7.43181818181818,11,8.25,7.125,6.33333333333333,7.75,7.16666666666667,3,8,3,5,6,1657,814,843,206,518,1139,6.87129031985516,7.29723587223587,6.45999769869514,6.60631067961165,6.88769305019305,6.86383060579456,145
"153",2014,12,6.99,10,8.22,5.76,5.575,3.3,7.4,5,5,4,1,9,1667,819,848,210,519,1148,6.8720024355129,7.30286935286935,6.45587035377358,6.58666666666667,6.88078034682081,6.86803402439025,146
"154",2015,1,6.56666666666667,9,5.9,7.1,6.86666666666667,7.06666666666667,6.31666666666667,4,5,3,3,6,1676,823,853,213,522,1154,6.87036280429594,7.2960510328068,6.45964602579132,6.5906103286385,6.88184865900383,6.86516729636049,147
"155",2015,2,6.51666666666667,12,7.02,6.15714285714286,6,6.66666666666667,6.46666666666667,5,7,3,3,9,1688,828,860,216,525,1163,6.86784837677725,7.29438405797102,6.45718379069767,6.58240740740741,6.88061904761905,6.86208345657782,148
"156",2015,3,6.5,6,7,6.25,8,8,6.2,2,4,1,1,5,1694,830,864,217,526,1168,6.86654548996458,7.29367469879518,6.45622460648148,6.5889400921659,6.88274714828897,6.85924919520548,149
"157",2015,4,6.01666666666667,6,NA,6.01666666666667,6.75,3,6.62,0,6,2,1,5,1700,830,870,219,527,1173,6.86354591764706,7.29367469879518,6.45319317241379,6.59041095890411,6.87537950664136,6.85822937766411,150
"158",2015,5,6.42857142857143,7,7,6,6,6,6.5,3,4,1,1,6,1707,833,874,220,528,1179,6.86176219097833,7.29261704681873,6.4511190617849,6.58772727272727,6.87372159090909,6.8564063273961,151
"159",2015,6,6.625,4,NA,6.625,NA,8,6.16666666666667,0,4,0,1,3,1711,833,878,220,529,1182,6.86120868497954,7.29261704681873,6.45191123006834,6.58772727272727,6.87585066162571,6.85465571912014,152
"160",2015,7,6.9375,8,8,6.3,7.5,7.5,6.6,3,5,1,3,5,1719,836,883,221,532,1187,6.86156373472949,7.29515550239235,6.45105103057758,6.59185520361991,6.87937030075188,6.85358303285594,153
"161",2015,8,7,5,7.25,6,NA,6.5,7.33333333333333,4,1,0,2,3,1724,840,884,221,534,1190,6.86196523201856,7.29494047619048,6.4505407918552,6.59185520361991,6.87794943820225,6.85479248739496,154
"162",2015,9,7.37,10,7.45,7.25,7,7.5,7.28333333333333,6,4,1,4,6,1734,846,888,222,538,1196,6.86489507497117,7.2960401891253,6.45414195945946,6.59369369369369,6.88257434944238,6.85694235785953,155
"163",2015,10,7.15,6,6.5,7.475,8,7.5,6.975,2,4,1,2,4,1740,848,892,223,540,1200,6.8658781954023,7.29416273584906,6.45871979820628,6.6,6.88486111111111,6.85733588333334,156
"164",2015,11,6.03125,8,6.75,5.6,6,7,5.89285714285714,3,5,1,1,7,1748,851,897,224,541,1207,6.86205838672769,7.29224441833138,6.45393317725752,6.59732142857143,6.88507393715342,6.8517423860812,157
"165",2015,12,7.05,9,6.8,7.25,7.25,7,7.05625,4,5,2,1,8,1757,855,902,226,542,1215,6.86302109277177,7.28994152046784,6.45834596452328,6.60309734513274,6.88528597785978,6.85308893827161,158
"166",2016,1,7.05714285714286,7,7.1,7,7,7,7.1,4,3,3,3,4,1764,859,905,229,545,1219,6.86379141723356,7.28905704307334,6.46014150276243,6.60829694323144,6.88591743119266,6.85389914684168,159
"167",2016,2,6.75454545454545,11,7.3,6.1,6,6.36,7.08333333333333,6,5,3,5,6,1775,865,910,232,550,1225,6.8631144,7.28913294797688,6.4581627032967,6.60043103448276,6.88113636363636,6.85502290612245,160
"168",2016,3,7,4,8,6.66666666666667,7,7.5,6.5,1,3,1,2,2,1779,866,913,233,552,1227,6.86342218100056,7.28995381062356,6.4588478203724,6.60214592274678,6.88337862318841,6.85444422167889,161
"169",2016,4,6.625,4,7.25,6,6,NA,6.625,2,2,1,0,4,1783,868,915,234,552,1231,6.8628873022995,7.28986175115207,6.45784487431694,6.59957264957265,6.88337862318841,6.8536986677498,162
"170",2016,5,7.23888888888889,9,7.18,7.3125,7,6.96666666666667,7.375,5,4,2,3,6,1792,873,919,236,555,1237,6.864775703125,7.28923253150057,6.46156480957563,6.60296610169492,6.88382882882883,6.85622721099434,163
"171",2016,6,6.16666666666667,3,NA,6.16666666666667,NA,NA,6.16666666666667,0,3,0,0,3,1795,873,922,236,555,1240,6.86360894707521,7.28923253150057,6.46060527114967,6.60296610169492,6.88382882882883,6.85455891935484,164
"172",2016,7,6.36,5,7.4,5.66666666666667,5.5,NA,6.36,2,3,2,0,5,1800,875,925,238,555,1245,6.86221003333333,7.28948571428571,6.45803033513513,6.5936974789916,6.88382882882883,6.85257273895583,165
"173",2016,8,6.78666666666667,15,7.56,6.4,6,6.66666666666667,6.81666666666667,5,10,2,3,12,1815,880,935,240,558,1257,6.86158570798898,7.29102272727273,6.45740968983957,6.58875,6.88266129032258,6.85222996022275,166
"174",2016,9,7.13888888888889,9,7.46428571428571,6,NA,8.25,6.82142857142857,7,2,0,2,7,1824,887,937,240,560,1264,6.86295398026316,7.2923900789177,6.45643336179296,6.58875,6.88754464285714,6.85205938291139,167
"175",2016,10,7.25,10,8,6.92857142857143,6,8,7.16666666666667,3,7,1,1,9,1834,890,944,241,561,1273,6.86506437295529,7.29477528089888,6.45993438559322,6.58630705394191,6.88952762923351,6.85428362922231,168
"176",2016,11,6.835,13,6.971,6.75,8,7.5,6.71409090909091,5,8,1,2,11,1847,895,952,242,563,1284,6.86485276664862,7.29296648044693,6.4623719117647,6.59214876033058,6.89169626998224,6.85308260124611,169
"177",2016,12,7.22916666666667,12,7.85,6.78571428571429,6.5,7,7.30555555555556,5,7,2,3,9,1859,900,959,244,566,1293,6.86720444324906,7.29606111111111,6.46473207507821,6.59139344262295,6.8922703180212,6.8562320649652,170
"178",2017,1,7.09,10,8,6.48333333333333,7.4,6.3,7.42857142857143,4,6,1,3,7,1869,904,965,245,569,1300,6.86839650080257,7.29917588495575,6.46484773056995,6.59469387755102,6.88914762741652,6.85931389230769,171
"179",2017,2,7.055625,16,7.559,6.21666666666667,7,7.06,7.05363636363636,10,6,1,5,11,1885,914,971,246,574,1311,6.86998570822281,7.30201859956236,6.46331417095777,6.59634146341463,6.89063588850174,6.86094436308162,172
"180",2017,3,6.83,15,7,6.71666666666667,6.5,6.66666666666667,6.87083333333333,6,9,2,3,12,1900,920,980,248,577,1323,6.86967003157895,7.30004891304348,6.46564087755102,6.59556451612903,6.88947140381282,6.86103405895692,173
"181",2017,4,7.24444444444444,9,7.8,6.55,5,7.5,7.2125,5,4,1,1,8,1909,925,984,249,578,1331,6.87143690937664,7.30275135135135,6.46598380081301,6.58915662650602,6.8905276816609,6.86314655146507,174
"182",2017,5,7.03769230769231,13,7.21285714285714,6.83333333333333,5.5,6.745,7.09090909090909,7,6,2,2,11,1922,932,990,251,580,1342,6.87256142559833,7.30207618025751,6.46821016161616,6.5804780876494,6.89002586206897,6.86501345752608,175
"183",2017,6,7.25,8,7.4,7,NA,6,7.66666666666667,5,3,0,2,6,1930,937,993,251,582,1348,6.87412593782383,7.30259871931697,6.46981677744209,6.5804780876494,6.88696735395189,6.86858164688428,176
"184",2017,7,6.43222222222222,9,8.5,5.84142857142857,6,6,6.55571428571429,2,7,1,2,7,1939,939,1000,252,584,1355,6.87207481175864,7.30514909478168,6.46541806,6.5781746031746,6.88392979452055,6.86696535793358,177
"185",2017,8,7.08333333333333,6,7.25,6.75,NA,NA,7.08333333333333,4,2,0,0,6,1945,943,1002,252,584,1361,6.87272650899743,7.30491516436904,6.46598608782435,6.5781746031746,6.88392979452055,6.86791922116091,178
"186",2017,9,6.55,10,7.1,6,NA,7.33333333333333,6.21428571428571,5,5,0,3,7,1955,948,1007,252,587,1368,6.87107573401534,7.30383438818565,6.46367235352532,6.5781746031746,6.8862265758092,6.86457460526316,179
"187",2017,10,6.9,8,6.9,6.9,NA,NA,6.9,3,5,0,0,8,1963,951,1012,252,587,1376,6.87119361181864,7.30256046267087,6.46582812252964,6.5781746031746,6.8862265758092,6.86478056686047,180
"188",2017,11,6.7875,8,7,6.71666666666667,6.125,6.325,7.25,2,6,4,4,4,1971,953,1018,256,591,1380,6.87085391171994,7.30192549842602,6.46730654223968,6.57109375,6.88242808798646,6.86589714492754,181
"189",2017,12,7.31,10,7.72857142857143,6.33333333333333,NA,7.5,7.2625,7,3,0,2,8,1981,960,1021,256,593,1388,6.87307070166582,7.30503645833333,6.46691288932419,6.57109375,6.88451096121416,6.86818304034582,182
"190",2018,1,6.66923076923077,13,7.64285714285714,5.53333333333333,5,6,6.87,7,6,1,3,10,1994,967,1027,257,596,1398,6.8717417552658,7.30748190279214,6.46145867575462,6.56498054474708,6.88005872483221,6.868196037196,183
"191",2018,2,7.425,8,8.75,6.1,5.5,7,7.56666666666667,4,4,2,2,6,2002,971,1031,259,598,1404,6.87395257742258,7.31342430484037,6.460056314258,6.55675675675676,6.88045986622074,6.87118095441596,184
"192",2018,3,7.46666666666667,6,7.75,6.9,6.8,NA,7.46666666666667,4,2,1,0,6,2008,975,1033,260,598,1410,6.87572363545817,7.31521538461538,6.4609080929332,6.55769230769231,6.88045986622074,6.87371493617022,185
"193",2018,4,6.9,6,8.4,6.6,6.5,7.2,6.75,1,5,2,2,4,2014,976,1038,262,600,1414,6.87579595829196,7.31632684426229,6.46157809248555,6.55725190839695,6.881525,6.87336496463932,186
"194",2018,5,6.83333333333333,9,7.1,6.5,NA,6.5,6.92857142857143,5,4,0,2,7,2023,981,1042,262,602,1421,6.87560704893722,7.31522426095821,6.46172558541267,6.55725190839695,6.88025747508305,6.87363691766362,187
"195",2018,6,7.5,9,7.92857142857143,6,NA,7,7.5625,7,2,0,1,8,2032,988,1044,262,603,1429,6.87837256889764,7.31956983805668,6.46084105363985,6.55725190839695,6.88045605306799,6.87749339398181,188
"196",2018,7,7,6,7.96666666666667,6.03333333333333,7,10,6.4,3,3,1,1,5,2038,991,1047,263,604,1434,6.87873064769382,7.32152875882946,6.45961610315186,6.55893536121673,6.88562086092715,6.87582849372385,189
"197",2018,8,6.9375,8,7.3,6.33333333333333,NA,NA,6.9375,5,3,0,0,8,2046,996,1050,263,604,1442,6.8789604398827,7.32142068273092,6.45925529523809,6.55893536121673,6.88562086092715,6.87617063800278,190
"198",2018,9,6.08333333333333,6,6.875,4.5,6,NA,6.08333333333333,4,2,1,0,6,2052,1000,1052,264,604,1448,6.87663404483431,7.319635,6.45553047528517,6.55681818181818,6.88562086092715,6.87288540055249,191
"199",2018,10,6.5,9,7.625,5.6,4,3,6.9375,4,5,1,1,8,2061,1004,1057,265,605,1456,6.87498935468219,7.3208515936255,6.45148350047304,6.54716981132075,6.87919834710744,6.87324042582418,192
"200",2018,11,7.661,10,7.95714285714286,6.97,NA,9,7.32625,7,3,0,2,8,2071,1011,1060,265,607,1464,6.8787846740705,7.3252571711177,6.452951,6.54716981132075,6.88618616144975,6.87571588797814,193
"201",2018,12,7.42727272727273,11,7.75,7.24285714285714,NA,7.75,7.24285714285714,4,7,0,4,7,2082,1015,1067,265,611,1471,6.8816825456292,7.32693103448276,6.45813313964386,6.54716981132075,6.89184124386252,6.87746299116248,194
"202",2019,1,7.42,10,7.54,7.3,7.5,NA,7.42,5,5,1,0,10,2092,1020,1072,266,611,1481,6.88425576481836,7.32797549019608,6.46205975746269,6.55075187969925,6.89184124386252,6.88112630654963,195
"203",2019,2,7.341875,8,7.587,6.93333333333333,NA,8,7.24785714285714,5,3,0,1,7,2100,1025,1075,266,612,1488,6.88599907619048,7.32923902439024,6.46337493953488,6.55075187969925,6.89365196078431,6.88285151881721,196
"204",2019,3,7.07142857142857,7,NA,7.07142857142857,NA,4,7.58333333333333,0,7,0,1,6,2107,1025,1082,266,613,1494,6.88661512102515,7.32923902439024,6.46730874306839,6.55075187969925,6.88893148450245,6.88566469879519,197
"205",2019,4,7.36923076923077,13,8.36,6.75,6,7.75,7.3,5,8,3,2,11,2120,1030,1090,269,615,1505,6.88957455660377,7.3342427184466,6.4693835412844,6.54460966542751,6.89173170731707,6.88869306312293,198
"206",2019,5,7.58333333333333,12,8,7.16666666666667,NA,8,7.5,6,6,0,2,10,2132,1036,1096,269,617,1515,6.8934793902439,7.33809845559846,6.47320078467153,6.54460966542751,6.89532414910859,6.89272809240924,199
"207",2019,6,7.11111111111111,9,7.66666666666667,6.83333333333333,6,8.5,6.71428571428571,3,6,1,2,7,2141,1039,1102,270,619,1522,6.89439423633816,7.33904716073147,6.47516157894737,6.54259259259259,6.90050888529887,6.89190739816032,200
"208",2019,7,7.25,4,7.33333333333333,7,NA,NA,7.25,3,1,0,0,4,2145,1042,1103,270,619,1526,6.89505737062937,7.33903071017274,6.47563740707162,6.54259259259259,6.90050888529887,6.89284604193972,201
"209",2019,8,6.94285714285714,7,7.4,6.33333333333333,NA,NA,6.94285714285714,4,3,0,0,7,2152,1046,1106,270,619,1533,6.89521285315985,7.3392638623327,6.47525141048824,6.54259259259259,6.90050888529887,6.89307440313112,202
"210",2019,9,6.51111111111111,9,7.86666666666667,5.83333333333333,7,6,6.65714285714286,3,6,1,2,7,2161,1049,1112,271,621,1540,6.89361316982878,7.34077216396568,6.47178782374101,6.54428044280443,6.89760869565217,6.89200198701299,203
"211",2019,10,7.32,10,7.85714285714286,6.06666666666667,NA,6.4,7.71428571428571,7,3,0,3,7,2171,1056,1115,271,624,1547,6.89557718102257,7.34419507575758,6.47069781165919,6.54428044280443,6.89521634615384,6.89572272786038,204
"212",2019,11,7.21428571428571,7,7.5,6.83333333333333,6.75,7.33333333333333,7.125,4,3,2,3,4,2178,1060,1118,273,627,1551,6.89660149678604,7.34478301886792,6.47167089445438,6.54578754578755,6.89731259968102,6.89631402965829,205
"213",2019,12,7.4,5,7.66666666666667,7,7,NA,7.4,3,2,1,0,5,2183,1063,1120,274,627,1556,6.89775449381585,7.34569143932267,6.47261433928571,6.54744525547445,6.89731259968102,6.89793255784062,206
"214",2020,1,7.25555555555556,9,7.825,6.8,6.5,NA,7.25555555555556,4,5,1,0,9,2192,1067,1125,275,627,1565,6.89922356751825,7.34748828491097,6.47406938666666,6.54727272727273,6.89731259968102,6.89998917571885,207
"215",2020,2,6.5052,15,7.25,6.00866666666667,6,7.5,6.35215384615385,6,9,1,2,13,2207,1073,1134,276,629,1578,6.89654556411418,7.3469431500466,6.47037571428571,6.54528985507246,6.89922893481717,6.89547595690748,208
"216",2020,3,7.21,10,7.36666666666667,7.14285714285714,NA,NA,7.21,3,7,0,0,10,2217,1076,1141,276,629,1588,6.89795943166441,7.34699814126394,6.47450136722173,6.54528985507246,6.89922893481717,6.89745658690177,209
"217",2020,4,7.32307692307692,13,8.11428571428571,6.4,6.4,7.5,7.27,7,6,6,3,10,2230,1083,1147,282,632,1598,6.90043769506727,7.35195752539243,6.47411164777681,6.54219858156028,6.90208069620253,6.89978789737172,210
"218",2020,5,7.28,10,7.4,7.16,6.76666666666667,7,7.31111111111111,5,5,3,1,9,2240,1088,1152,285,633,1607,6.90213216964286,7.35217830882353,6.47708859375,6.54456140350877,6.90223538704581,6.90209151213442,211
"219",2020,6,7.1525,8,7.37,6.5,NA,6,7.31714285714286,6,2,0,1,7,2248,1094,1154,285,634,1614,6.90302315836299,7.3522760511883,6.47712830155979,6.54456140350877,6.90081230283911,6.90389161090459,212
"220",2020,7,7.25,14,7.07142857142857,7.42857142857143,NA,7.5,7.20833333333333,7,7,0,2,12,2262,1101,1161,285,636,1626,6.90517067197171,7.35049046321526,6.48286482342808,6.54456140350877,6.9026965408805,6.90613841328414,213
"221",2020,8,7,7,7.5,6.33333333333333,5,NA,7,4,3,1,0,7,2269,1105,1164,286,636,1633,6.90546322609079,7.35103167420815,6.48247943298969,6.53916083916084,6.9026965408805,6.90654075933864,214
"222",2020,9,6.6875,8,7.5,6.2,NA,6.25,6.83333333333333,3,5,0,2,6,2277,1108,1169,286,638,1639,6.90469743522178,7.35143501805054,6.48127122326775,6.53916083916084,6.90065047021943,6.90627276388042,215
"223",2020,10,7.10714285714286,14,7.55555555555556,6.3,6,7.5,7.04166666666667,9,5,2,2,12,2291,1117,1174,288,640,1651,6.90593455259712,7.35307967770815,6.48049919931857,6.53541666666667,6.9025234375,6.9072568503937,216
"224",2020,11,7.45014285714286,7,7.7875,7.00033333333333,6,NA,7.45014285714286,4,3,1,0,7,2298,1121,1177,289,640,1658,6.90759228024369,7.35462979482605,6.48182418011895,6.53356401384083,6.9025234375,6.90954889022919,217
"225",2020,12,7.55833333333333,12,7.65,7.375,7,NA,7.55833333333333,8,4,1,0,12,2310,1129,1181,290,640,1670,6.91097275324675,7.35672276350753,6.48484933107536,6.5351724137931,6.9025234375,6.91421081437126,218
"226",2021,1,7.05,10,7.25,6.25,NA,8.33333333333333,6.5,8,2,0,3,7,2320,1137,1183,290,643,1677,6.91157200862069,7.35597185576078,6.48445229078614,6.5351724137931,6.90919906687403,6.91248184853906,219
"227",2021,2,8.18714285714286,7,8.562,7.25,7.5,8,8.21833333333333,5,2,1,1,6,2327,1142,1185,291,644,1683,6.9154091362269,7.36125218914186,6.48574435443038,6.53848797250859,6.91089285714285,6.91713729055259,220
"228",2021,3,8,3,8.5,7,7,NA,8,2,1,1,0,3,2330,1144,1186,292,644,1686,6.91680560515022,7.36324300699301,6.48617795952782,6.54006849315068,6.91089285714285,6.91906409252669,221
"229",2021,4,6.8,5,6.33333333333333,7.5,7.5,7.5,6.625,3,2,1,1,4,2335,1147,1188,293,645,1690,6.91655548608137,7.36054925893636,6.48788473063973,6.54334470989761,6.91180620155039,6.91836808284024,222
"230",2021,5,7.38461538461539,13,7.66666666666667,7.14285714285714,6,9,7.09090909090909,6,7,1,2,11,2348,1153,1195,294,647,1701,6.91914695911414,7.36214223764094,6.49172138912134,6.54149659863945,6.91826120556414,6.91948386831276,223
"231",2021,6,7,6,7,7,5,NA,7,3,3,1,0,6,2354,1156,1198,295,647,1707,6.91935304163127,7.36120242214533,6.49299420701168,6.53627118644068,6.91826120556414,6.91976687756298,224
"232",2021,7,7.7,11,7.9,7.16666666666667,6,7.86666666666667,7.6375,8,3,1,3,8,2365,1164,1201,296,650,1715,6.9229839577167,7.36490549828179,6.49467698584513,6.53445945945946,6.92263846153846,6.92311490379009,225
"233",2021,8,7.65555555555556,9,7.48571428571429,8.25,NA,NA,7.65555555555556,7,2,0,0,9,2374,1171,1203,296,650,1724,6.92576118786858,7.36562766865927,6.49759522859518,6.53445945945946,6.92263846153846,6.92693854988399,226
"234",2021,9,6.8,10,7.16666666666667,6.25,7.5,6.125,7.25,6,4,2,4,6,2384,1177,1207,298,654,1730,6.92523366610738,7.36461342395922,6.49677469759735,6.54093959731543,6.91775993883792,6.92805899421966,227
"235",2021,10,7.629375,16,8.1,7.15875,6.9425,7,7.71928571428571,8,8,4,2,14,2400,1185,1215,302,656,1744,6.92992794166667,7.36957805907173,6.50113338271605,6.54625827814569,6.91801067073171,6.93441058486239,228
"236",2021,11,7.32777777777778,18,7.53333333333333,6.91666666666667,7.25,NA,7.32777777777778,12,6,2,0,18,2418,1197,1221,304,656,1762,6.93288960297767,7.37121971595656,6.50317531531531,6.55088815789474,6.91801067073171,6.93842909194098,229
"237",2021,12,6.57142857142857,7,8,5.5,3,8,6.33333333333333,3,4,1,1,6,2425,1200,1225,305,657,1768,6.93184621030928,7.37279166666667,6.49989964081632,6.53924590163934,6.91965753424657,6.93637559954751,230
"238",2022,1,7.46363636363636,11,8.01666666666667,6.8,6,7.5,7.45555555555556,6,5,1,2,9,2436,1206,1230,306,659,1777,6.93424756157636,7.37599502487562,6.50111956097561,6.53748366013072,6.92141881638847,6.93900509848059,231
"239",2022,2,7.61538461538461,13,8.14285714285714,7,7,8.5,7.54166666666667,7,6,1,1,12,2449,1213,1236,307,660,1789,6.93786323397305,7.38042044517725,6.50354131067961,6.53899022801303,6.9238106060606,6.94304754611515,232
"240",2022,3,6.85133333333333,15,7.66666666666667,6.30777777777778,5.66666666666667,6.75666666666667,6.875,6,9,3,3,12,2464,1219,1245,310,663,1801,6.93733646915585,7.3818293683347,6.50212615261044,6.53054838709677,6.92305429864253,6.94259414769573,233
"241",2022,4,7.52857142857143,7,7.4,7.625,5,6,8.14,3,4,1,2,5,2471,1222,1249,311,665,1806,6.93901135572643,7.38187397708675,6.50572222578062,6.5256270096463,6.92027819548872,6.94590922480621,234
"242",2022,5,6.75,12,7.33333333333333,6.16666666666667,1,5.16666666666667,7.27777777777778,6,6,1,3,9,2483,1228,1255,312,668,1815,6.93809788964962,7.38163680781759,6.50410124302789,6.50791666666666,6.91240269461078,6.94755485399449,235
"243",2022,6,7.169,10,7.3,7.038,NA,8.25,6.89875,5,5,0,2,8,2493,1233,1260,312,670,1823,6.93902409145608,7.38130575831306,6.50621988888889,6.50791666666666,6.91639552238806,6.94734068019748,236
"244",2022,7,7.9375,8,8.5,7.6,NA,8,7.9,3,5,0,3,5,2501,1236,1265,312,673,1828,6.94221793682527,7.38402103559871,6.51054313043478,6.50791666666666,6.92122585438336,6.94994642231948,237
"245",2022,8,6.54166666666667,12,7.5,6.45454545454545,4,7,6.45,1,11,1,2,10,2513,1237,1276,313,675,1838,6.9403052367688,7.38411479385611,6.51006039184953,6.49990415335463,6.92145925925926,6.9472263656148,238
"246",2022,9,7.096,25,7.385,6.90333333333333,7.5,7.1,7.09523809523809,10,15,3,4,21,2538,1247,1291,316,679,1859,6.94183887312845,7.3841218925421,6.5146297908598,6.50939873417721,6.92251104565537,6.94889836471221,239
"247",2022,10,7.58666666666667,15,8.45,6.6,7,9.55,7.28461538461538,8,7,1,2,13,2553,1255,1298,317,681,1872,6.94562752056404,7.39091633466136,6.51509018489984,6.51094637223975,6.93022760646109,6.95122973290599,240
"248",2022,11,7.00625,8,7.68333333333333,6.6,6,5.9,7.16428571428571,3,5,1,1,7,2561,1258,1303,318,682,1879,6.94581689183913,7.39161367249603,6.51541600920952,6.50933962264151,6.92871700879765,6.9520234486429,241
"249",2022,12,7.12941176470588,17,7.29166666666667,6.74,6.85,6.5,7.21333333333333,12,5,2,2,15,2578,1270,1308,320,684,1894,6.9470275640031,7.39066929133859,6.51627451070336,6.51146875,6.9274634502924,6.95409295670539,242
