"","year","month","avg_rating","no_ratings","avg_rating_owned","avg_rating_not_owned","avg_rating_prev_owned","avg_rating_comment","avg_rating_no_comment","no_ratings_owned","no_ratings_not_owned","no_ratings_prev_owned","no_ratings_comment","no_ratings_no_comment","cum_no_ratings","cum_no_ratings_owned","cum_no_ratings_not_owned","cum_no_ratings_prev_owned","cum_no_ratings_comment","cum_no_ratings_no_comment","cum_avg_rating","cum_avg_rating_owned","cum_avg_rating_not_owned","cum_avg_rating_prev_owned","cum_avg_rating_comment","cum_avg_rating_no_comment","month_after_release"
"1",2007,10,7.15,10,8.125,6.5,7,6.33333333333333,7.5,4,6,1,3,7,10,4,6,1,3,7,7.15,8.125,6.5,7,6.33333333333333,7.5,0
"2",2007,11,5.89285714285714,14,7.33333333333333,5.5,NA,5.4,6.16666666666667,3,11,0,5,9,24,7,17,1,8,16,6.41666666666667,7.78571428571429,5.85294117647059,7,5.75,6.75,1
"3",2007,12,6,7,7.5,4,NA,7,5.83333333333333,4,3,0,1,6,31,11,20,1,9,22,6.32258064516129,7.68181818181818,5.575,7,5.88888888888889,6.5,2
"4",2008,1,6.85714285714286,7,7.5,6,NA,7.33333333333333,6.5,4,3,0,3,4,38,15,23,1,12,26,6.42105263157895,7.63333333333333,5.6304347826087,7,6.25,6.5,3
"5",2008,2,6,3,6.5,5,NA,NA,6,2,1,0,0,3,41,17,24,1,12,29,6.39024390243902,7.5,5.60416666666667,7,6.25,6.44827586206897,4
"6",2008,3,6.17857142857143,14,6.75,5.41666666666667,NA,5.75,6.5,8,6,0,6,8,55,25,30,1,18,37,6.33636363636364,7.26,5.56666666666667,7,6.08333333333333,6.45945945945946,5
"7",2008,4,6.49411764705882,17,7.32222222222222,5.5625,7,6.8,6.36666666666667,9,8,1,5,12,72,34,38,2,23,49,6.37361111111111,7.27647058823529,5.56578947368421,7,6.23913043478261,6.43673469387755,6
"8",2008,5,6.3125,8,7.5,5.91666666666667,NA,6,6.35714285714286,2,6,0,1,7,80,36,44,2,24,56,6.3675,7.28888888888889,5.61363636363636,7,6.22916666666667,6.42678571428571,7
"9",2008,6,5.83333333333333,18,5.6,5.92307692307692,6,5.8,5.84615384615385,5,13,2,5,13,98,41,57,4,29,69,6.26938775510204,7.08292682926829,5.68421052631579,6.5,6.1551724137931,6.31739130434783,8
"10",2008,7,6.94,10,7.5,6.1,NA,8,6.82222222222222,6,4,0,1,9,108,47,61,4,30,78,6.33148148148148,7.13617021276596,5.71147540983607,6.5,6.21666666666667,6.37564102564103,9
"11",2008,8,5.95,10,6.7,5.2,NA,7,5.5,5,5,0,3,7,118,52,66,4,33,85,6.29915254237288,7.09423076923077,5.67272727272727,6.5,6.28787878787879,6.30352941176471,10
"12",2008,9,6.0125,16,6.75,5.76666666666667,6.66666666666667,6.14285714285714,5.91111111111111,4,12,3,7,9,134,56,78,7,40,94,6.26492537313433,7.06964285714286,5.68717948717949,6.57142857142857,6.2625,6.26595744680851,11
"13",2008,10,6.68888888888889,9,7.44,5.75,8,6,7.03333333333333,5,4,1,3,6,143,61,82,8,43,100,6.29160839160839,7.1,5.69024390243902,6.75,6.24418604651163,6.312,12
"14",2008,11,6.28571428571429,14,6.66666666666667,5.6,NA,6.33333333333333,6.27272727272727,9,5,0,3,11,157,70,87,8,46,111,6.29108280254777,7.04428571428571,5.68505747126437,6.75,6.25,6.30810810810811,13
"15",2008,12,6.72222222222222,9,7.4,5.875,NA,5.75,7,5,4,0,2,7,166,75,91,8,48,118,6.3144578313253,7.068,5.69340659340659,6.75,6.22916666666667,6.34915254237288,14
"16",2009,1,7.09,10,7.27142857142857,6.66666666666667,NA,6.68,7.5,7,3,0,5,5,176,82,94,8,53,123,6.35852272727273,7.08536585365854,5.72446808510638,6.75,6.27169811320755,6.39593495934959,15
"17",2009,2,6.13333333333333,15,7.4,5.5,7.5,5.25,6.45454545454545,5,10,1,4,11,191,87,104,9,57,134,6.34083769633508,7.10344827586207,5.70288461538461,6.83333333333333,6.2,6.40074626865672,16
"18",2009,3,6.3125,16,6.5,6.25,6.25,6,6.33333333333333,4,12,2,1,15,207,91,116,11,58,149,6.33864734299517,7.07692307692308,5.75948275862069,6.72727272727273,6.19655172413793,6.39395973154362,17
"19",2009,4,6.45833333333333,12,6.625,6.375,7,5,6.75,4,8,1,2,10,219,95,124,12,60,159,6.34520547945206,7.0578947368421,5.7991935483871,6.75,6.15666666666667,6.41635220125786,18
"20",2009,5,6.28421052631579,19,6.54545454545455,5.925,6.1,7,6.09333333333333,11,8,4,4,15,238,106,132,16,64,174,6.34033613445378,7.00471698113207,5.80681818181818,6.5875,6.209375,6.38850574712644,19
"21",2009,6,6.68333333333333,9,6.35833333333333,7.33333333333333,NA,5.83333333333333,7.10833333333333,6,3,0,3,6,247,112,135,16,67,180,6.35283400809717,6.97008928571428,5.84074074074074,6.5875,6.19253731343284,6.4125,20
"22",2009,7,6.83333333333333,6,6.5,7,9,5,7.75,2,4,1,2,4,253,114,139,17,69,184,6.36422924901186,6.96184210526316,5.87410071942446,6.72941176470588,6.15797101449275,6.44157608695652,21
"23",2009,8,6.85,8,8,6.16,7,NA,6.85,3,5,1,0,8,261,117,144,18,69,192,6.37911877394636,6.98846153846154,5.88402777777778,6.74444444444444,6.15797101449275,6.45859375,22
"24",2009,9,5.92307692307692,13,6.42857142857143,5.33333333333333,NA,5,6,7,6,0,1,12,274,124,150,18,70,204,6.35748175182482,6.95685483870968,5.862,6.74444444444444,6.14142857142857,6.43161764705882,23
"25",2009,10,6.028125,16,6.61666666666667,5.675,NA,4.9,6.28846153846154,6,10,0,3,13,290,130,160,18,73,217,6.33931034482759,6.94115384615385,5.8503125,6.74444444444444,6.09041095890411,6.42304147465438,24
"26",2009,11,6.53333333333333,15,6.71428571428571,6.375,7.5,6.5,6.53571428571429,7,8,2,1,14,305,137,168,20,74,231,6.34885245901639,6.92956204379562,5.87529761904762,6.82,6.09594594594595,6.42987012987013,25
"27",2009,12,6.42307692307692,13,7.21428571428571,5.5,6,NA,6.42307692307692,7,6,3,0,13,318,144,174,23,74,244,6.35188679245283,6.94340277777778,5.86235632183908,6.71304347826087,6.09594594594595,6.42950819672131,26
"28",2010,1,6.4875,16,6.875,6.1,6.4,5,6.83076923076923,8,8,2,3,13,334,152,182,25,77,257,6.35838323353294,6.93980263157895,5.8728021978022,6.688,6.05324675324675,6.44980544747082,27
"29",2010,2,5.95,10,6.41666666666667,5.25,NA,6,5.94444444444444,6,4,0,1,9,344,158,186,25,78,266,6.34651162790698,6.91993670886076,5.85940860215054,6.688,6.0525641025641,6.43270676691729,28
"30",2010,3,6.71428571428571,7,7.25,6,NA,NA,6.71428571428571,4,3,0,0,7,351,162,189,25,78,273,6.35384615384615,6.92808641975309,5.86164021164021,6.688,6.0525641025641,6.43992673992674,29
"31",2010,4,6.67857142857143,14,7.28571428571429,6.07142857142857,NA,4.5,7.04166666666667,7,7,0,2,12,365,169,196,25,80,285,6.36630136986301,6.94289940828402,5.86913265306123,6.688,6.01375,6.46526315789474,30
"32",2010,5,6.77777777777778,9,6.9,6.625,7,6.375,7.1,5,4,1,4,5,374,174,200,26,84,290,6.37620320855615,6.94166666666667,5.88425,6.7,6.03095238095238,6.47620689655172,31
"33",2010,6,6.03928571428571,14,6.59545454545455,4,NA,5.95,6.075,11,3,0,4,10,388,185,203,26,88,300,6.36404639175258,6.92108108108108,5.8564039408867,6.7,6.02727272727273,6.46283333333333,32
"34",2010,7,5.91666666666667,6,6.83333333333333,5,5,7,5.7,3,3,1,1,5,394,188,206,27,89,305,6.35723350253807,6.91968085106383,5.84393203883495,6.63703703703704,6.03820224719101,6.45032786885246,33
"35",2010,8,5.84615384615385,13,6.42857142857143,5.16666666666667,5.5,7,5.75,7,6,2,1,12,407,195,212,29,90,317,6.34090909090909,6.90205128205128,5.8247641509434,6.55862068965517,6.04888888888889,6.42381703470032,34
"36",2010,9,5.95,10,6,5.83333333333333,NA,6,5.9375,7,3,0,2,8,417,202,215,29,92,325,6.33153477218226,6.87079207920792,5.82488372093023,6.55862068965517,6.04782608695652,6.41184615384616,35
"37",2010,10,6.04666666666667,15,6.2625,5.8,5.5,3,6.26428571428571,8,7,2,1,14,432,210,222,31,93,339,6.32164351851852,6.84761904761905,5.8240990990991,6.49032258064516,6.01505376344086,6.40575221238938,36
"38",2010,11,6.85,10,7,6.25,NA,NA,6.85,8,2,0,0,10,442,218,224,31,93,349,6.33359728506787,6.85321100917431,5.82790178571429,6.49032258064516,6.01505376344086,6.41848137535817,37
"39",2010,12,6.06666666666667,15,6.92857142857143,5.3125,8,7.125,5.68181818181818,7,8,2,4,11,457,225,232,33,97,360,6.32483588621444,6.85555555555555,5.81012931034483,6.58181818181818,6.06082474226804,6.39597222222222,38
"40",2011,1,6.43333333333333,12,7.58333333333333,5.28333333333333,8,6,6.47272727272727,6,6,1,1,11,469,231,238,34,98,371,6.32761194029851,6.87445887445887,5.7968487394958,6.62352941176471,6.06020408163265,6.39824797843666,39
"41",2011,2,6.22,10,5.84,6.6,NA,6,6.275,5,5,0,2,8,479,236,243,34,100,379,6.32536534446764,6.85254237288135,5.81337448559671,6.62352941176471,6.059,6.39564643799472,40
"42",2011,3,6.15909090909091,22,6.29411764705882,5.7,NA,6.7,6,17,5,0,5,17,501,253,248,34,105,396,6.31806387225549,6.81501976284585,5.81108870967742,6.62352941176471,6.08952380952381,6.37866161616162,41
"43",2011,4,6,14,6.4,5.77777777777778,NA,3.5,6.41666666666667,5,9,0,2,12,515,258,257,34,107,408,6.30941747572816,6.80697674418605,5.80992217898833,6.62352941176471,6.0411214953271,6.37977941176471,42
"44",2011,5,5.56363636363636,11,6.68,4.63333333333333,NA,6,5.52,5,6,0,1,10,526,263,263,34,108,418,6.29382129277566,6.80456273764259,5.78307984790875,6.62352941176471,6.04074074074074,6.35921052631579,43
"45",2011,6,6.67647058823529,17,6.75,6.33333333333333,NA,6.91666666666667,6.54545454545455,14,3,0,6,11,543,277,266,34,114,429,6.30580110497238,6.80180505415162,5.78928571428571,6.62352941176471,6.08684210526316,6.36398601398601,44
"46",2011,7,6.46666666666667,18,6.9,5.34,6,7.125,6.27857142857143,13,5,1,4,14,561,290,271,35,118,443,6.31096256684492,6.80620689655172,5.7809963099631,6.60571428571429,6.12203389830508,6.36128668171558,45
"47",2011,8,6.18,10,6.4,5.66666666666667,6,6,6.2,7,3,1,1,9,571,297,274,36,119,452,6.30866900175131,6.796632996633,5.77974452554745,6.58888888888889,6.12100840336134,6.35807522123894,46
"48",2011,9,5.3125,16,6.08333333333333,4.85,6.16666666666667,5.5,5.25,6,10,3,4,12,587,303,284,39,123,464,6.28151618398637,6.78250825082508,5.74700704225352,6.55641025641026,6.10081300813008,6.32941810344828,47
"49",2011,10,6.48571428571429,14,6.92857142857143,6.04285714285714,NA,7.75,6.275,7,7,0,2,12,601,310,291,39,125,476,6.28627287853578,6.7858064516129,5.75412371134021,6.55641025641026,6.1272,6.32804621848739,48
"50",2011,11,5.48666666666667,15,6.625,4.18571428571429,NA,5.1,5.58333333333333,8,7,0,3,12,616,318,298,39,128,488,6.26680194805195,6.78176100628931,5.71728187919463,6.55641025641026,6.103125,6.30973360655738,49
"51",2011,12,7.05555555555556,18,7.38461538461539,6.2,5.5,6.375,7.25,13,5,1,4,14,634,331,303,40,132,502,6.28919558359622,6.80543806646526,5.72524752475248,6.53,6.11136363636363,6.33595617529881,50
"52",2012,1,6.47333333333333,15,7.12222222222222,5.5,5,6.66666666666667,6.425,9,6,1,3,12,649,340,309,41,135,514,6.29345146379045,6.81382352941176,5.72087378640777,6.49268292682927,6.1237037037037,6.33803501945525,51
"53",2012,2,5.73333333333333,15,7.2,5,7,6.66666666666667,5.5,5,10,1,3,12,664,345,319,42,138,526,6.28079819277109,6.81942028985507,5.69827586206897,6.50476190476191,6.13550724637681,6.31891634980989,52
"54",2012,3,6.92857142857143,7,7.08333333333333,6,NA,NA,6.92857142857143,6,1,0,0,7,671,351,320,42,138,533,6.28755588673622,6.82393162393162,5.69921875,6.50476190476191,6.13550724637681,6.32692307692308,53
"55",2012,4,6.6,10,7.4,5.8,NA,7,6.5,5,5,0,2,8,681,356,325,42,140,541,6.29214390602056,6.83202247191011,5.70076923076923,6.50476190476191,6.14785714285714,6.32948243992606,54
"56",2012,5,6.05833333333333,12,6.46,5.77142857142857,NA,6.4,5.99,5,7,0,2,10,693,361,332,42,142,551,6.28809523809524,6.82686980609418,5.70225903614458,6.50476190476191,6.15140845070422,6.32332123411978,55
"57",2012,6,5.76666666666667,15,6.5,5.4,5,5.5,5.80769230769231,5,10,3,2,13,708,366,342,45,144,564,6.27704802259887,6.8224043715847,5.69342105263158,6.40444444444445,6.14236111111111,6.31143617021277,56
"58",2012,7,6.405,10,6.7,6.11,6.25,6,6.45,5,5,1,1,9,718,371,347,46,145,573,6.27883008356546,6.82075471698113,5.69942363112392,6.40108695652174,6.14137931034483,6.31361256544503,57
"59",2012,8,5.82142857142857,14,6.16666666666667,5.5625,5.75,NA,5.82142857142857,6,8,2,0,14,732,377,355,48,145,587,6.27008196721312,6.81034482758621,5.69633802816901,6.37395833333333,6.14137931034483,6.30187393526406,58
"60",2012,9,6.28,15,6.66666666666667,6.02222222222222,6.23333333333333,6.125,6.33636363636364,6,9,3,4,11,747,383,364,51,149,598,6.27028112449799,6.80809399477807,5.7043956043956,6.3656862745098,6.14093959731543,6.30250836120401,59
"61",2012,10,6.75454545454545,11,6.94444444444444,5.9,NA,NA,6.75454545454545,9,2,0,0,11,758,392,366,51,149,609,6.27730870712401,6.81122448979592,5.70546448087432,6.3656862745098,6.14093959731543,6.31067323481117,60
"62",2012,11,6.66153846153846,13,6.76,6.33333333333333,NA,6.5,6.69090909090909,10,3,0,2,11,771,402,369,51,151,620,6.28378728923476,6.80995024875622,5.71056910569106,6.3656862745098,6.14569536423841,6.31741935483871,61
"63",2012,12,6.75263157894737,19,6.83125,6.33333333333333,7,6.6,6.78125,16,3,1,3,16,790,418,372,52,154,636,6.29506329113924,6.81076555023923,5.71559139784946,6.37788461538462,6.15454545454545,6.32908805031447,62
"64",2013,1,6.36,25,6.70588235294118,5.625,6,5,6.47826086956522,17,8,1,2,23,815,435,380,53,156,659,6.29705521472393,6.80666666666667,5.71368421052632,6.37075471698113,6.13974358974359,6.33429438543247,63
"65",2013,2,6.30357142857143,14,6.6875,5.79166666666667,4,6.5,6.28846153846154,8,6,1,1,13,829,443,386,54,157,672,6.29716525934861,6.80451467268623,5.714896373057,6.32685185185185,6.14203821656051,6.33340773809524,64
"66",2013,3,6.08333333333333,12,7,5.42857142857143,5,4,6.27272727272727,5,7,3,1,11,841,448,393,57,158,683,6.29411414982164,6.80669642857143,5.70979643765903,6.25701754385965,6.12848101265823,6.33243045387994,65
"67",2013,4,5.82142857142857,14,6,5.64285714285714,NA,NA,5.82142857142857,7,7,0,0,14,855,455,400,57,158,697,6.28637426900585,6.79428571428571,5.708625,6.25701754385965,6.12848101265823,6.32216642754663,66
"68",2013,5,5.87368421052632,19,6.025,5.76363636363636,6.66666666666667,7,5.81111111111111,8,11,3,1,18,874,463,411,60,159,715,6.27740274599542,6.78099352051836,5.71009732360097,6.2775,6.13396226415094,6.3093006993007,67
"69",2013,6,5.3125,8,6.2,3.83333333333333,3,6.83333333333333,4.4,5,3,1,3,5,882,468,414,61,162,720,6.2686507936508,6.77478632478632,5.69649758454106,6.22377049180328,6.14691358024691,6.29604166666667,68
"70",2013,7,5.5,10,5.66666666666667,5.25,6,5.5,5.5,6,4,1,2,8,892,474,418,62,164,728,6.260033632287,6.76075949367089,5.69222488038278,6.22016129032258,6.1390243902439,6.28729395604396,69
"71",2013,8,6.23076923076923,13,6.83333333333333,5.71428571428571,4.5,6.5,6.20833333333333,6,7,2,1,12,905,480,425,64,165,740,6.25961325966851,6.76166666666667,5.69258823529412,6.16640625,6.14121212121212,6.28601351351351,70
"72",2013,9,5.95882352941176,17,6.7,5.125,NA,3,6.14375,9,8,0,1,16,922,489,433,64,166,756,6.25406724511931,6.76053169734151,5.68210161662818,6.16640625,6.1222891566265,6.28300264550265,71
"73",2013,10,6.92307692307692,13,7.3,6.6875,NA,7.33333333333333,6.8,5,8,0,3,10,935,494,441,64,169,766,6.26336898395722,6.76599190283401,5.70034013605442,6.16640625,6.14378698224852,6.28975195822454,72
"74",2013,11,6.05909090909091,22,6.60714285714286,5.1,6.5,6.5,5.98947368421053,14,8,2,3,19,957,508,449,66,172,785,6.25867293625915,6.76161417322835,5.68964365256125,6.17651515151515,6.15,6.28248407643312,73
"75",2013,12,6.13636363636364,11,6.375,5.5,5.25,6.5,6.1,8,3,2,1,10,968,516,452,68,173,795,6.25728305785124,6.75562015503876,5.68838495575221,6.14926470588235,6.15202312138728,6.28018867924528,74
"76",2014,1,6.21428571428571,14,6.4,5.75,NA,5,6.54545454545455,10,4,0,3,11,982,526,456,68,176,806,6.2566700610998,6.74885931558935,5.68892543859649,6.14926470588235,6.13238636363636,6.28380893300248,75
"77",2014,2,5.95833333333333,12,6.375,5.125,5,6,5.95,8,4,1,2,10,994,534,460,69,178,816,6.25306841046278,6.74325842696629,5.68402173913044,6.13260869565217,6.13089887640449,6.2797181372549,76
"78",2014,3,6.5,10,6.83333333333333,6,5,5.83333333333333,6.78571428571429,6,4,1,3,7,1004,540,464,70,181,823,6.25552788844622,6.74425925925926,5.68674568965517,6.11642857142857,6.12596685082873,6.28402187120292,77
"79",2014,4,6,7,6.5,5.33333333333333,NA,NA,6,4,3,0,0,7,1011,544,467,70,181,830,6.25375865479723,6.74246323529412,5.68447537473233,6.11642857142857,6.12596685082873,6.2816265060241,78
"80",2014,5,5.91666666666667,6,6.375,5,4,6,5.75,4,2,1,4,2,1017,548,469,71,185,832,6.25176991150443,6.73978102189781,5.6815565031983,6.08661971830986,6.12324324324324,6.28034855769231,79
"81",2014,6,5.97916666666667,12,6,5.95,6,5.925,6.00625,7,5,1,4,8,1029,555,474,72,189,840,6.2485908649174,6.73045045045045,5.68438818565401,6.08541666666667,6.11904761904762,6.2777380952381,80
"82",2014,7,6.22222222222222,9,5.66666666666667,6.5,6,3,6.625,3,6,1,1,8,1038,558,480,73,190,848,6.24836223506744,6.7247311827957,5.69458333333333,6.08424657534247,6.10263157894737,6.2810141509434,81
"83",2014,8,5.2125,16,5.8625,4.5625,5,4.25,5.53333333333333,8,8,1,4,12,1054,566,488,74,194,860,6.2326375711575,6.71254416961131,5.67602459016394,6.0695945945946,6.06443298969072,6.27058139534884,82
"84",2014,9,6.24,10,6.5,5.85,NA,6.45,6.1875,6,4,0,2,8,1064,572,492,74,196,868,6.23270676691729,6.71031468531468,5.67743902439025,6.0695945945946,6.06836734693877,6.26981566820277,83
"85",2014,10,6,13,6.36363636363636,4,4,6.5,5.90909090909091,11,2,1,2,11,1077,583,494,75,198,879,6.22989786443826,6.70377358490566,5.67064777327935,6.042,6.07272727272727,6.26530147895336,84
"86",2014,11,6.18421052631579,19,6.46153846153846,5.58333333333333,5.75,6.75,6.11764705882353,13,6,2,2,17,1096,596,500,77,200,896,6.22910583941606,6.69848993288591,5.6696,6.03441558441558,6.0795,6.2625,85
"87",2014,12,6.04545454545455,22,6.65,5.54166666666667,5.5,5.5,6.13157894736842,10,12,3,3,19,1118,606,512,80,203,915,6.22549194991056,6.6976897689769,5.6666015625,6.014375,6.07093596059113,6.25978142076503,86
"88",2015,1,6.54375,16,6.5,6.675,6.85,7,6.47857142857143,12,4,2,2,14,1134,618,516,82,205,929,6.2299823633157,6.69385113268608,5.67441860465116,6.03475609756098,6.08,6.26307857911733,87
"89",2015,2,6.17777777777778,9,6.1,6.33333333333333,6.5,7,6.075,6,3,2,1,8,1143,624,519,84,206,937,6.22957130358705,6.68814102564103,5.67822736030829,6.04583333333333,6.08446601941747,6.26147278548559,88
"90",2015,3,5.26,10,4.8,5.72,NA,5,5.28888888888889,5,5,0,1,9,1153,629,524,84,207,946,6.22116218560278,6.6731319554849,5.67862595419847,6.04583333333333,6.0792270531401,6.25221987315011,89
"91",2015,4,6.20470588235294,17,7.1,5.1975,5,NA,6.20470588235294,9,8,1,0,17,1170,638,532,85,207,963,6.22092307692308,6.67915360501567,5.67139097744361,6.0335294117647,6.0792270531401,6.2513811007269,90
"92",2015,5,5.85,16,6.32727272727273,4.8,4,3.5,6.18571428571429,11,5,2,2,14,1186,649,537,87,209,977,6.21591905564924,6.67318952234206,5.66327746741155,5.9867816091954,6.05454545454545,6.25044012282498,91
"93",2015,6,6.6875,8,6.64285714285714,7,NA,6.5,6.8,7,1,0,3,5,1194,656,538,87,212,982,6.21907872696818,6.67286585365854,5.66576208178439,5.9867816091954,6.06084905660377,6.2532382892057,92
"94",2015,7,6.34117647058823,17,6.8,5.5,NA,6.38333333333333,6.31818181818182,11,6,0,6,11,1211,667,544,87,218,993,6.22079273327828,6.67496251874063,5.66393382352941,5.9867816091954,6.0697247706422,6.25395770392749,93
"95",2015,8,5.8695652173913,23,6.22727272727273,5.54166666666667,5.125,7.25,5.73809523809524,11,12,4,2,21,1234,678,556,91,220,1014,6.21424635332253,6.66769911504425,5.66129496402878,5.9489010989011,6.08045454545454,6.2432741617357,94
"96",2015,9,5.73076923076923,13,6.41666666666667,5.14285714285714,4.5,4.75,6.16666666666667,6,7,2,4,9,1247,684,563,93,224,1023,6.20920609462711,6.66549707602339,5.65484902309059,5.91774193548387,6.05669642857143,6.24260019550342,95
"97",2015,10,5.79347826086957,23,6.05769230769231,5.45,5,5.5,5.8375,13,10,2,3,20,1270,697,573,95,227,1043,6.20167716535433,6.65416068866571,5.6512739965096,5.89842105263158,6.04933920704846,6.2348322147651,96
"98",2015,11,5.88571428571429,21,6.47777777777778,5.44166666666667,6.05,5.5,5.97647058823529,9,12,2,4,17,1291,706,585,97,231,1060,6.19653756777692,6.65191218130312,5.64697435897436,5.90154639175258,6.03982683982684,6.23068867924528,97
"99",2015,12,6.21428571428571,14,7,5.16666666666667,5,9,6,8,6,2,1,13,1305,714,591,99,232,1073,6.19672796934866,6.65581232492997,5.64209813874789,5.88333333333333,6.05258620689655,6.22789375582479,98
"100",2016,1,6,22,6.03125,5.91666666666667,6,6.66666666666667,5.75,16,6,3,6,16,1327,730,597,102,238,1089,6.19346646571213,6.64212328767123,5.64485762144054,5.88676470588235,6.06806722689076,6.22087235996327,99
"101",2016,2,5.77083333333333,24,6.58333333333333,4.95833333333333,4.78571428571429,5.375,5.85,12,12,7,4,20,1351,742,609,109,242,1109,6.1859585492228,6.64117250673854,5.63133004926108,5.81605504587156,6.05661157024793,6.21418394950406,100
"102",2016,3,6.1,15,6.42857142857143,5.8125,6,6,6.11538461538461,7,8,1,2,13,1366,749,617,110,244,1122,6.18501464128843,6.63918558077437,5.6336790923825,5.81772727272727,6.05614754098361,6.21303921568628,101
"103",2016,4,5.74705882352941,17,6.13333333333333,5.3125,6.25,7.03333333333333,5.47142857142857,9,8,2,3,14,1383,758,625,112,247,1136,6.17963123644252,6.63317941952507,5.629568,5.82544642857143,6.06801619433198,6.20389964788733,102
"104",2016,5,6.125,8,6.25,6,4,5,6.28571428571429,4,4,2,1,7,1391,762,629,114,248,1143,6.17931703810209,6.63116797900262,5.63192368839428,5.79342105263158,6.06370967741935,6.20440069991251,103
"105",2016,6,6.07142857142857,7,7.16666666666667,5.25,6,NA,6.07142857142857,3,4,1,0,7,1398,765,633,115,248,1150,6.17877682403434,6.63326797385621,5.6295102685624,5.79521739130435,6.06370967741935,6.20359130434783,104
"106",2016,7,6,10,7.5,5.625,6,7,5.75,2,8,1,2,8,1408,767,641,116,250,1158,6.17750710227273,6.63552803129074,5.62945397815913,5.79698275862069,6.0712,6.20045768566494,105
"107",2016,8,6.41666666666667,6,6.41666666666667,NA,NA,NA,6.41666666666667,6,0,0,0,6,1414,773,641,116,250,1164,6.17852192362094,6.63382923673997,5.62945397815913,5.79698275862069,6.0712,6.20157216494846,106
"108",2016,9,5.57692307692308,13,7.25,4.83333333333333,4.625,5.83333333333333,5.5,4,9,4,3,10,1427,777,650,120,253,1174,6.17304134548003,6.63700128700129,5.61843076923077,5.75791666666667,6.06837944664032,6.19559625212947,107
"109",2016,10,6.28125,16,6.69230769230769,4.5,4,NA,6.28125,13,3,2,0,16,1443,790,653,122,253,1190,6.17424116424117,6.63791139240506,5.61329249617152,5.72909836065574,6.06837944664032,6.19674789915967,108
"110",2016,11,5.87037037037037,27,6.13888888888889,5.33333333333333,2,4,6.02,18,9,1,2,25,1470,808,662,123,255,1215,6.16865986394558,6.62679455445545,5.60948640483384,5.69878048780488,6.0521568627451,6.19311111111111,109
"111",2016,12,5.86818181818182,22,6.30666666666667,4.92857142857143,4.75,6.25,5.83,15,7,2,2,20,1492,823,669,125,257,1235,6.16422922252011,6.62095990279465,5.60236173393124,5.6836,6.05369649805447,6.18723076923077,110
"112",2017,1,6.35357142857143,28,6.58823529411765,5.99090909090909,6.13333333333333,6.625,6.30833333333333,17,11,3,4,24,1520,840,680,128,261,1259,6.16771710526316,6.62029761904762,5.60864705882353,5.694140625,6.06245210727969,6.18953931691819,111
"113",2017,2,6.31818181818182,22,6.53571428571429,5.9375,6.5,7,6.28571428571429,14,8,3,1,21,1542,854,688,131,262,1280,6.16986381322957,6.61891100702576,5.61247093023256,5.71259541984733,6.06603053435114,6.1911171875,112
"114",2017,3,6.25076923076923,13,6.73714285714286,5.68333333333333,5.05,5.75,6.34181818181818,7,6,2,2,11,1555,861,694,133,264,1291,6.17054019292605,6.61987224157956,5.61308357348703,5.70263157894737,6.06363636363636,6.19240123934934,113
"115",2017,4,5.92222222222222,18,6.1,5.64285714285714,6,3,6.09411764705882,11,7,1,1,17,1573,872,701,134,265,1308,6.16769866497139,6.61331422018349,5.61338088445078,5.70485074626866,6.05207547169811,6.19112385321101,114
"116",2017,5,6.11111111111111,9,6.25,5.83333333333333,5,6,6.125,6,3,1,1,8,1582,878,704,135,266,1316,6.16737673830594,6.61083143507973,5.61431818181818,5.69962962962963,6.05187969924812,6.19072188449848,115
"117",2017,6,5.40909090909091,11,5.5625,5,NA,NA,5.40909090909091,8,3,0,0,11,1593,886,707,135,266,1327,6.16214061519146,6.60136568848759,5.61171145685997,5.69962962962963,6.05187969924812,6.18424265259985,116
"118",2017,7,5.46111111111111,18,5.93,4.875,5.33333333333333,5,5.48823529411765,10,8,3,1,17,1611,896,715,138,267,1344,6.1543078833023,6.59387276785714,5.60346853146853,5.69166666666667,6.04794007490637,6.17543898809524,117
"119",2017,8,5.61906896551724,29,6.13627777777778,4.77272727272727,5.25,5.75,5.59812,18,11,2,4,25,1640,914,726,140,271,1369,6.14484329268293,6.58486105032823,5.59088154269972,5.68535714285714,6.04354243542435,6.16489627465303,118
"120",2017,9,6.25,10,6.16666666666667,6.375,6.25,5,6.38888888888889,6,4,2,1,9,1650,920,730,142,272,1378,6.14548060606061,6.58213369565217,5.59517808219178,5.69330985915493,6.03970588235294,6.16635921625544,119
"121",2017,10,6.17619047619048,21,6.51333333333333,5.33333333333333,NA,6,6.19473684210526,15,6,0,2,19,1671,935,736,142,274,1397,6.14586654697786,6.58102994652407,5.59304347826087,5.69330985915493,6.03941605839416,6.16674516821761,120
"122",2017,11,5.87407407407407,27,6.36842105263158,4.7,3.66666666666667,5.26666666666667,6.04761904761905,19,8,3,6,21,1698,954,744,145,280,1418,6.14154475853946,6.57679559748428,5.58344086021505,5.65137931034483,6.02285714285714,6.16498095909732,121
"123",2017,12,5.82352941176471,17,6.25,5.21428571428571,6,5.75,5.84615384615385,10,7,1,4,13,1715,964,751,146,284,1431,6.13839241982507,6.57340560165975,5.58,5.65376712328767,6.01901408450704,6.16208455625437,122
"124",2018,1,6.104375,32,6.18818181818182,5.92,5.675,7,6.01172413793103,22,10,4,3,29,1747,986,761,150,287,1460,6.13776931883229,6.56481034482759,5.58446780551905,5.65433333333333,6.02926829268293,6.15909794520548,123
"125",2018,2,6.15,15,5.7,7.05,NA,6,6.1875,10,5,0,3,12,1762,996,766,150,290,1472,6.13787343927355,6.55612751004016,5.59403394255875,5.65433333333333,6.02896551724138,6.15932948369565,124
"126",2018,3,6.27777777777778,18,6.6,4.66666666666667,5,7.5,6.20588235294118,15,3,1,1,17,1780,1011,769,151,291,1489,6.13928820224719,6.5567784371909,5.59041612483745,5.65,6.0340206185567,6.15986098052384,125
"127",2018,4,5.8,10,6.2,5.4,6,4,6.25,5,5,1,2,8,1790,1016,774,152,293,1497,6.13739273743017,6.55502263779528,5.58918604651163,5.65230263157895,6.02013651877133,6.16034268537074,126
"128",2018,5,6.25238095238095,21,6.66666666666667,5.7,NA,NA,6.25238095238095,12,9,0,0,21,1811,1028,783,152,293,1518,6.13872611816676,6.55632587548638,5.59045977011494,5.65230263157895,6.02013651877133,6.16161594202899,127
"129",2018,6,6.5,10,6.71428571428571,6,6,NA,6.5,7,3,3,0,10,1821,1035,786,155,293,1528,6.14071004942339,6.55739420289855,5.59202290076336,5.65903225806452,6.02013651877133,6.1638304973822,128
"130",2018,7,6.026,20,6.61571428571429,4.65,2,6,6.0325,14,6,1,4,16,1841,1049,792,156,297,1544,6.139463878327,6.55817254528122,5.58488636363636,5.63557692307692,6.01986531986532,6.16246955958549,129
"131",2018,8,6.61764705882353,17,7.05555555555556,6.125,5,6.5,6.63333333333333,9,8,1,2,15,1858,1058,800,157,299,1559,6.14383907427341,6.56240359168242,5.5902875,5.63152866242038,6.02307692307692,6.167,130
"132",2018,9,6.527333,10,6.42857142857143,6.75777666666667,9,NA,6.527333,7,3,1,0,10,1868,1065,803,158,299,1569,6.14589203961456,6.56152394366197,5.59464922789539,5.65284810126582,6.02307692307692,6.16929657743786,131
"133",2018,10,5.96333333333333,18,6.195,5.5,6,6.25,5.9275,12,6,1,2,16,1886,1077,809,159,301,1585,6.14414969777307,6.55744011142061,5.59394725587145,5.65503144654088,6.02458471760797,6.16685572870663,132
"134",2018,11,6.5,26,6.75,6.20833333333333,6.5,7,6.45833333333333,14,12,2,2,24,1912,1091,821,161,303,1609,6.14898866631799,6.55991109074244,5.60292732034105,5.66552795031056,6.03102310231023,6.17120343691734,133
"135",2018,12,5.76521739130435,23,5.58333333333333,5.96363636363636,6,NA,5.76521739130435,12,11,1,0,23,1935,1103,832,162,303,1632,6.14442704392765,6.54928649138713,5.60769631009615,5.66759259259259,6.03102310231023,6.16548181985294,134
"136",2019,1,6.33870967741935,31,6.5625,5.57142857142857,6,6,6.36206896551724,24,7,2,2,29,1966,1127,839,164,305,1661,6.14749050356053,6.54956787932564,5.60739371871275,5.67164634146342,6.03081967213115,6.16891410596027,135
"137",2019,2,6.31818181818182,22,6.57142857142857,5.875,6,5.5,6.4,14,8,1,2,20,1988,1141,847,165,307,1681,6.1493794416499,6.5498361086766,5.60992128689492,5.67363636363636,6.02736156351791,6.17166349196907,136
"138",2019,3,6.1104347826087,23,6.32428571428571,5.77777777777778,6,6,6.11545454545455,14,9,3,1,22,2011,1155,856,168,308,1703,6.14893402784684,6.54710216450217,5.61168613317757,5.67946428571429,6.02727272727273,6.17093736347622,137
"139",2019,4,6.40434782608696,23,6.55714285714286,6.16666666666667,3,5.66666666666667,6.515,14,9,1,3,20,2034,1169,865,169,311,1723,6.15182218780728,6.54722241231822,5.61746049710983,5.66360946745562,6.02379421221865,6.17493112594312,138
"140",2019,5,5.83333333333333,18,6,5,5,4,6.2,15,3,2,3,15,2052,1184,868,171,314,1738,6.14902842592593,6.54028969594595,5.61532641705069,5.65584795321638,6.00445859872611,6.17514748561565,139
"141",2019,6,5.91842105263158,19,6.20416666666667,5.42857142857143,NA,NA,5.91842105263158,12,7,0,0,19,2071,1196,875,171,314,1757,6.14691276195075,6.53691722408027,5.61383237714286,5.65584795321638,6.00445859872611,6.1723712749004,140
"142",2019,7,5.91,20,5.69230769230769,6.31428571428571,6.55,6,5.8875,13,7,4,4,16,2091,1209,882,175,318,1773,6.14464673840268,6.52783540115798,5.61939153061224,5.67628571428572,6.00440251572327,6.16980052453469,141
"143",2019,8,6.26071428571429,14,6.69545454545455,4.66666666666667,NA,5,6.47083333333333,11,3,0,2,12,2105,1220,885,175,320,1785,6.14541868408551,6.52934672131148,5.61616195480226,5.67628571428572,5.998125,6.17182427450981,142
"144",2019,9,6.04047619047619,21,5.7,6.59375,NA,8,5.9425,13,8,0,1,20,2126,1233,893,175,321,1805,6.14438209313265,6.52060259529603,5.62491974244121,5.67628571428572,6.00436137071651,6.16928328531856,143
"145",2019,10,6.13962962962963,27,6.765,4.88888888888889,NA,3.5,6.24115384615385,18,9,0,1,26,2153,1251,902,175,322,1831,6.14432249419415,6.52411910471623,5.61757575388027,5.67628571428572,5.99658385093168,6.17030383943201,144
"146",2019,11,6.18363636363636,33,6.30260869565217,5.91,6,6.7,6.132,23,10,2,3,30,2186,1274,912,177,325,1861,6.144915978957,6.52012009419152,5.62078216008772,5.67994350282486,6.00307692307692,6.16968636754433,145
"147",2019,12,6.44736842105263,19,6.26470588235294,8,NA,8,6.36111111111111,17,2,0,1,18,2205,1291,914,177,326,1879,6.14752214512472,6.51675677769171,5.62598832603939,5.67994350282486,6.00920245398773,6.1715201330495,146
"148",2020,1,6.2030303030303,33,6.472,5.3625,5.625,6,6.209375,25,8,4,1,32,2238,1316,922,181,327,1911,6.14834063002681,6.51590653495441,5.62370209327549,5.67872928176796,6.0091743119266,6.17215401883831,147
"149",2020,2,6.24315789473684,19,6.44133333333333,5.5,3,6.5,6.21294117647059,15,4,1,2,17,2257,1331,926,182,329,1928,6.14913882587506,6.51506611570248,5.62316774298056,5.66401098901099,6.01215805471124,6.17251365663901,148
"150",2020,3,5.885,20,5.87142857142857,5.91666666666667,6,6.375,5.7625,14,6,1,4,16,2277,1345,932,183,333,1944,6.14681876592007,6.50836654275093,5.62505722103004,5.66584699453552,6.01651651651652,6.16913905864198,149
"151",2020,4,6.49545454545455,22,6.61875,6.16666666666667,6.5,8,6.42380952380952,16,6,2,1,21,2299,1361,938,185,334,1965,6.15015499347543,6.50966421748714,5.62852167377399,5.67486486486487,6.02245508982036,6.17186072773537,150
"152",2020,5,5.98,20,6.14,5.5,6.5,6,5.97894736842105,15,5,2,1,19,2319,1376,943,187,335,1984,6.14868750754636,6.50563444767442,5.62784022269353,5.68368983957219,6.02238805970149,6.17001327116936,151
"153",2020,6,5.96875,16,6.04166666666667,5.75,6,7,5.9,12,4,1,1,15,2335,1388,947,188,336,1999,6.14745453104925,6.50162319884726,5.62835620908131,5.68537234042553,6.02529761904762,6.16798715857929,152
"154",2020,7,5.50153846153846,13,5.93142857142857,5,7.5,3.5,5.66833333333333,7,6,1,1,12,2348,1395,953,189,337,2011,6.14387833475298,6.49876200716846,5.62440013641133,5.69497354497355,6.01780415430267,6.16500563401293,153
"155",2020,8,6.104,25,6.1952380952381,5.625,4.75,NA,6.104,21,4,2,0,25,2373,1416,957,191,337,2036,6.14345820901812,6.49426059322034,5.62440264367816,5.68507853403142,6.01780415430267,6.16425654715128,154
"156",2020,9,5.84705882352941,17,6.24166666666667,4.9,5,5.13333333333333,6,12,5,1,3,14,2390,1428,962,192,340,2050,6.1413499288703,6.49213795518208,5.62063755717256,5.68151041666667,6.01,6.16313479512195,155
"157",2020,10,5.87761892857143,28,6.14296277777778,5.4,4.375,5.9,5.87275347826087,18,10,4,5,23,2418,1446,972,196,345,2073,6.13829597187759,6.48779137621024,5.61836762345679,5.65484693877551,6.00840579710145,6.15991300530632,156
"158",2020,11,6.42121212121212,33,6.39259259259259,6.55,5,6.85,6.39354838709677,27,6,1,2,31,2451,1473,978,197,347,2104,6.14210512443901,6.48604638832315,5.6240831595092,5.6515228426396,6.01325648414985,6.16335535171103,157
"159",2020,12,6.19193548387097,31,6.29318181818182,5.94444444444444,6,7.5,6.14833333333333,22,9,1,1,30,2482,1495,987,198,348,2134,6.14272750201451,6.48320824749164,5.62700438703141,5.65328282828283,6.01752873563218,6.1631441705717,158
"160",2021,1,6.56575757575758,33,6.97583333333333,5.47222222222222,5,NA,6.56575757575758,24,9,3,0,33,2515,1519,996,201,348,2167,6.14827819483102,6.49099165898618,5.62560575301205,5.64353233830846,6.01752873563218,6.16927533917859,159
"161",2021,2,6.49375,16,6.56428571428571,6,5,NA,6.49375,14,2,1,0,16,2531,1533,998,202,348,2183,6.15046213354406,6.49166101108937,5.62635604208417,5.64034653465347,6.01752873563218,6.17165353183692,160
"162",2021,3,6.03636363636364,11,6.55714285714286,5.125,5.16666666666667,6,6.04444444444444,7,4,3,2,9,2542,1540,1002,205,350,2192,6.1499683949646,6.49195865584416,5.62435462075848,5.63341463414634,6.01742857142857,6.17113123175183,161
"163",2021,4,6.33333333333333,18,6.35714285714286,6.25,6,7,6.2,14,4,1,3,15,2560,1554,1006,206,353,2207,6.1512576796875,6.4907440990991,5.62684227634195,5.63519417475728,6.02577903682719,6.17132743996375,162
"164",2021,5,6.19285714285714,14,6.8375,5.33333333333333,5.33333333333333,5.9,6.27272727272727,8,6,3,3,11,2574,1562,1012,209,356,2218,6.15148393939394,6.49252005761844,5.62510210474308,5.63086124401914,6.02471910112359,6.17183032461677,163
"165",2021,6,5.84615384615385,13,6.1,5,4,5.75,5.86363636363636,10,3,1,2,11,2587,1572,1015,210,358,2229,6.14994961731736,6.49002311068702,5.62325451231527,5.62309523809524,6.0231843575419,6.17030940331988,164
"166",2021,7,6.70833333333333,12,7,5.83333333333333,NA,7.9,6.47,9,3,0,2,10,2599,1581,1018,210,360,2239,6.15252776452482,6.49292620493359,5.62387360510805,5.62309523809524,6.03361111111111,6.17164790531488,165
"167",2021,8,5.55263157894737,19,7.05555555555556,4.2,3,4.5,5.67647058823529,9,10,1,2,17,2618,1590,1028,211,362,2256,6.14817404889229,6.49611089937107,5.61002269455253,5.61066350710901,6.02513812154696,6.16791651595745,166
"168",2021,9,6.25,12,6.44444444444444,5.66666666666667,5.5,5.5,6.4,9,3,2,2,10,2630,1599,1031,213,364,2266,6.1486386539924,6.49582009380863,5.61018751697381,5.60962441314554,6.02225274725275,6.16894071491615,167
"169",2021,10,6.32222222222222,18,6.66363636363636,5.78571428571429,NA,7,6.28235294117647,11,7,0,1,17,2648,1610,1038,213,365,2283,6.14981860271904,6.49696666459627,5.61137122350674,5.60962441314554,6.02493150684931,6.16978522120018,168
"170",2021,11,5.8,20,6.07142857142857,5.16666666666667,4,6,5.77777777777778,14,6,1,2,18,2668,1624,1044,214,367,2301,6.14719627436282,6.49329823275862,5.60881545019157,5.60210280373832,6.02479564032697,6.16671867014342,169
"171",2021,12,6.39473684210526,19,6.13333333333333,7.375,7,8,6.30555555555556,15,4,1,1,18,2687,1639,1048,215,368,2319,6.14894665426126,6.49000386211104,5.61555661259542,5.60860465116279,6.03016304347826,6.16779631737818,170
"172",2022,1,6.025,28,6.24736842105263,5.55555555555556,NA,NA,6.025,19,9,0,0,28,2715,1658,1057,215,368,2347,6.14766838305709,6.48722335946924,5.61504572374645,5.60860465116279,6.03016304347826,6.16609273966766,171
"173",2022,2,5.92857142857143,21,5.97058823529412,5.75,5,8,5.825,17,4,1,1,20,2736,1675,1061,216,369,2367,6.14598671783626,6.48197989850746,5.61555450518379,5.60578703703704,6.03550135501355,6.16321067173638,172
"174",2022,3,5.82647058823529,17,6.14642857142857,4.33333333333333,4,5.81,5.83333333333333,14,3,1,5,12,2753,1689,1064,217,374,2379,6.14401367962223,6.47919853759621,5.61193921992481,5.5983870967742,6.03248663101604,6.16154672551492,173
"175",2022,4,5.56555555555556,18,6.14,4.41666666666667,5,6.5,5.51058823529412,12,6,1,1,17,2771,1701,1070,218,375,2396,6.14025610249008,6.47680560258672,5.60523675700935,5.59564220183486,6.03373333333333,6.15692807178631,174
"176",2022,5,6.23076923076923,13,6.25,6.2,5.5,8,6.08333333333333,8,5,2,1,12,2784,1709,1075,220,376,2408,6.14067875718391,6.47574390286718,5.60800309767442,5.59477272727273,6.03896276595745,6.15656132059801,175
"177",2022,6,6.4,15,6.70833333333333,5.16666666666667,6.5,7.5,6.23076923076923,12,3,1,2,13,2799,1721,1078,221,378,2421,6.14206847445517,6.47736567693202,5.60677488868275,5.59886877828054,6.04669312169312,6.15695979347377,176
"178",2022,7,5.93333333333333,12,6.275,5.25,NA,NA,5.93333333333333,8,4,0,0,12,2811,1729,1082,221,378,2433,6.14117739594451,6.47642934065934,5.60545594269871,5.59886877828054,6.04669312169312,6.1558568269626,177
"179",2022,8,6.76315789473684,19,6.96428571428571,6.2,NA,5.5,6.91176470588235,14,5,0,2,17,2830,1743,1087,221,380,2450,6.14535323674912,6.48034786574871,5.60819073597056,5.59886877828054,6.04381578947368,6.16110190204082,178
"180",2022,9,6.19642857142857,14,6.40625,5.91666666666667,7,7.5,6.09615384615385,8,6,1,1,13,2844,1751,1093,222,381,2463,6.14560466244726,6.48000932609937,5.60988410795974,5.60518018018018,6.04763779527559,6.16075909866017,179
"181",2022,10,5.98666666666667,15,6.28,5.4,NA,4.96,6.5,10,5,0,5,10,2859,1761,1098,222,386,2473,6.14477077999301,6.47887355479841,5.60892835154827,5.60518018018018,6.03354922279793,6.16213087747675,180
"182",2022,11,6.01111111111111,27,6.4,5.35,6.25,6.4,5.92272727272727,17,10,2,5,22,2886,1778,1108,224,391,2495,6.14352032571033,6.47811942069741,5.60659145306859,5.6109375,6.03823529411765,6.16001990380762,181
"183",2022,12,6.04210526315789,19,6.41428571428571,5,NA,6,6.04444444444444,14,5,0,1,18,2905,1792,1113,224,392,2513,6.14285702581756,6.47762071986607,5.60386642407907,5.6109375,6.03813775510204,6.15919206526065,182
