"","year","month","avg_rating","no_ratings","avg_rating_owned","avg_rating_not_owned","avg_rating_prev_owned","avg_rating_comment","avg_rating_no_comment","no_ratings_owned","no_ratings_not_owned","no_ratings_prev_owned","no_ratings_comment","no_ratings_no_comment","cum_no_ratings","cum_no_ratings_owned","cum_no_ratings_not_owned","cum_no_ratings_prev_owned","cum_no_ratings_comment","cum_no_ratings_no_comment","cum_avg_rating","cum_avg_rating_owned","cum_avg_rating_not_owned","cum_avg_rating_prev_owned","cum_avg_rating_comment","cum_avg_rating_no_comment","month_after_release"
"1",2007,10,6.58333333333333,6,6.625,6.5,NA,7,6.375,4,2,0,2,4,6,4,2,0,2,4,6.58333333333333,6.625,6.5,NA,7,6.375,0
"2",2007,11,6.15,10,6.4,5.9,NA,6.16666666666667,6.14285714285714,5,5,0,3,7,16,9,7,0,5,11,6.3125,6.5,6.07142857142857,NA,6.5,6.22727272727273,1
"3",2007,12,6.5,6,8,6.2,NA,NA,6.5,1,5,0,0,6,22,10,12,0,5,17,6.36363636363636,6.65,6.125,NA,6.5,6.32352941176471,2
"4",2008,1,6.375,16,7,6,7,6.5625,6.1875,6,10,1,8,8,38,16,22,1,13,25,6.36842105263158,6.78125,6.06818181818182,7,6.53846153846154,6.28,3
"5",2008,2,6.44444444444444,18,6.85714285714286,6.18181818181818,NA,5.625,6.67857142857143,7,11,0,4,14,56,23,33,1,17,39,6.39285714285714,6.80434782608696,6.10606060606061,7,6.32352941176471,6.42307692307692,4
"6",2008,3,6.92,10,7.02857142857143,6.66666666666667,7,7.75,6.7125,7,3,1,2,8,66,30,36,2,19,47,6.47272727272727,6.85666666666667,6.15277777777778,7,6.47368421052632,6.47234042553191,5
"7",2008,4,6.5,16,7.27777777777778,5.5,NA,6.625,6.375,9,7,0,8,8,82,39,43,2,27,55,6.47804878048781,6.95384615384615,6.04651162790698,7,6.51851851851852,6.45818181818182,6
"8",2008,5,6.4625,8,7.33333333333333,5.94,NA,6.54,6.33333333333333,3,5,0,5,3,90,42,48,2,32,58,6.47666666666667,6.98095238095238,6.03541666666667,7,6.521875,6.45172413793103,7
"9",2008,6,6.75,14,6.85,6.5,8,5.66666666666667,7.04545454545455,10,4,1,3,11,104,52,52,3,35,69,6.51346153846154,6.95576923076923,6.07115384615385,7.33333333333333,6.44857142857143,6.5463768115942,8
"10",2008,7,7.00869565217391,23,7.25,6.74545454545455,6.5,6.8125,7.11333333333333,12,11,2,8,15,127,64,63,5,43,84,6.60314960629921,7.0109375,6.18888888888889,7,6.51627906976744,6.64761904761905,9
"11",2008,8,6.43333333333333,6,6.83333333333333,6.03333333333333,NA,7,5.86666666666667,3,3,0,3,3,133,67,66,5,46,87,6.59548872180451,7.00298507462687,6.18181818181818,7,6.54782608695652,6.62068965517241,10
"12",2008,9,7.45,6,7.34,8,NA,6.66666666666667,8.23333333333333,5,1,0,3,3,139,72,67,5,49,90,6.63237410071943,7.02638888888889,6.2089552238806,7,6.55510204081633,6.67444444444445,11
"13",2008,10,6.96333333333333,15,6.99583333333333,6.83333333333333,NA,7.20833333333333,6.8,12,3,0,6,9,154,84,70,5,55,99,6.66461038961039,7.02202380952381,6.23571428571429,7,6.62636363636364,6.68585858585859,12
"14",2008,11,6.815625,16,7.33333333333333,6.505,6.25,6.53333333333333,7.17857142857143,6,10,4,9,7,170,90,80,9,64,106,6.67882352941177,7.04277777777778,6.269375,6.66666666666667,6.61328125,6.71839622641509,13
"15",2008,12,7.21428571428571,7,7.3,7,NA,7.33333333333333,7.125,5,2,0,3,4,177,95,82,9,67,110,6.7,7.05631578947368,6.28719512195122,6.66666666666667,6.6455223880597,6.73318181818182,14
"16",2009,1,6.72222222222222,9,7.125,6.4,NA,6.4,7.125,4,5,0,5,4,186,99,87,9,72,114,6.7010752688172,7.05909090909091,6.29367816091954,6.66666666666667,6.62847222222222,6.7469298245614,15
"17",2009,2,6.805,20,6.78181818181818,6.83333333333333,6.83333333333333,6.94,6.76,11,9,3,5,15,206,110,96,12,77,129,6.71116504854369,7.03136363636364,6.34427083333333,6.70833333333333,6.6487012987013,6.7484496124031,16
"18",2009,3,7.1195652173913,23,7.41785714285714,6.65555555555556,NA,7.43,7.03333333333333,14,9,0,5,18,229,124,105,12,82,147,6.75218340611354,7.075,6.37095238095238,6.70833333333333,6.69634146341463,6.78333333333333,17
"19",2009,4,6.525,16,6.6125,6.4375,6.5,6.125,6.65833333333333,8,8,1,4,12,245,132,113,13,86,159,6.73734693877551,7.0469696969697,6.37566371681416,6.69230769230769,6.66976744186047,6.77389937106918,18
"20",2009,5,6.85714285714286,14,7.08333333333333,6.6875,NA,6.33333333333333,7,6,8,0,3,11,259,138,121,13,89,170,6.74382239382239,7.04855072463768,6.39628099173554,6.69230769230769,6.65842696629213,6.78852941176471,19
"21",2009,6,6.57142857142857,7,6.75,6.33333333333333,6,6.4,7,4,3,1,5,2,266,142,124,14,94,172,6.73928571428571,7.04014084507042,6.39475806451613,6.64285714285714,6.64468085106383,6.79098837209302,20
"22",2009,7,6.63076923076923,13,7.52857142857143,5.58333333333333,6.5,6,6.82,7,6,1,3,10,279,149,130,15,97,182,6.734229390681,7.06308724832215,6.35730769230769,6.63333333333333,6.62474226804124,6.79258241758242,21
"23",2009,8,6.80166666666667,18,7.12222222222222,6.48111111111111,6.75,6.625,6.85214285714286,9,9,3,4,14,297,158,139,18,101,196,6.7383164983165,7.06645569620253,6.36532374100719,6.65277777777778,6.62475247524752,6.79683673469388,22
"24",2009,9,6.9,8,7.25,6.55,7.5,7,6.84,4,4,1,3,5,305,162,143,19,104,201,6.74255737704918,7.07098765432099,6.37048951048951,6.69736842105263,6.63557692307692,6.7979104477612,23
"25",2009,10,7.25,16,7.66666666666667,6.71428571428571,7,6.83333333333333,7.5,9,7,1,6,10,321,171,150,20,110,211,6.76785046728972,7.10233918128655,6.38653333333333,6.7125,6.64636363636364,6.83118483412322,24
"26",2009,11,6.54545454545455,22,7.14285714285714,5.5,6,5.88,6.74117647058824,14,8,3,5,17,343,185,158,23,115,228,6.7535860058309,7.1054054054054,6.34164556962025,6.6195652173913,6.61304347826087,6.82447368421053,25
"27",2009,12,6.7125,8,6.95,6,NA,5.6,7.08333333333333,6,2,0,2,6,351,191,160,23,117,234,6.75264957264957,7.10052356020942,6.337375,6.6195652173913,6.5957264957265,6.83111111111111,26
"28",2010,1,7.07272727272727,11,7.18,6,NA,7,7.1,10,1,0,3,8,362,201,161,23,120,242,6.76237569060774,7.1044776119403,6.33527950310559,6.6195652173913,6.60583333333333,6.84,27
"29",2010,2,7.20769230769231,13,7.52222222222222,6.5,5,7.33333333333333,7.17,9,4,1,3,10,375,210,165,24,123,252,6.77781333333333,7.12238095238095,6.33927272727273,6.55208333333333,6.62357723577236,6.85309523809524,28
"30",2010,3,6.51666666666667,6,6.15,7.25,NA,6.6,6.5,4,2,0,1,5,381,214,167,24,124,257,6.77370078740157,7.10420560747663,6.35017964071856,6.55208333333333,6.62338709677419,6.84622568093385,29
"31",2010,4,7.11538461538461,13,7.35714285714286,6.83333333333333,6.33333333333333,7,7.16666666666667,7,6,3,4,9,394,221,173,27,128,266,6.78497461928934,7.11221719457013,6.36693641618497,6.52777777777778,6.63515625,6.85706766917293,30
"32",2010,5,6.96363636363636,11,7,6.9,6.5,7,6.96,7,4,1,1,10,405,228,177,28,129,276,6.78982716049383,7.10877192982456,6.37898305084746,6.52678571428571,6.63798449612403,6.86079710144928,31
"33",2010,6,6.7,10,7.125,6.41666666666667,7.5,7.25,6.5625,4,6,1,2,8,415,232,183,29,131,284,6.78766265060241,7.10905172413793,6.38021857923497,6.56034482758621,6.64732824427481,6.85239436619718,32
"34",2010,7,6.26111111111111,9,6.45,6.16666666666667,6,6.11666666666667,6.33333333333333,3,6,1,3,6,424,235,189,30,134,290,6.7764858490566,7.10063829787234,6.37343915343915,6.54166666666667,6.63544776119403,6.84165517241379,33
"35",2010,8,6.72619047619048,21,7.15909090909091,6.25,6.5,6.75,6.71666666666667,11,10,3,6,15,445,246,199,33,140,305,6.77411235955056,7.10325203252032,6.36723618090452,6.53787878787879,6.64035714285714,6.83550819672131,34
"36",2010,9,6.6787,13,7.22857142857143,6.03718333333333,NA,7.1077,6.55,7,6,0,3,10,458,253,205,33,143,315,6.77140414847161,7.10671936758893,6.35757609756098,6.53787878787879,6.65016153846154,6.82644444444444,35
"37",2010,10,7,6,7.33333333333333,6.66666666666667,6.5,7,7,3,3,2,1,5,464,256,208,35,144,320,6.77436012931034,7.109375,6.36203413461538,6.53571428571429,6.65259097222222,6.82915625,36
"38",2010,11,7.29347826086957,23,7.328125,7.21428571428571,7.16666666666667,7.5,7.27380952380952,16,7,3,2,21,487,272,215,38,146,341,6.79887700205339,7.12224264705882,6.38978186046512,6.58552631578947,6.66419931506849,6.85653958944282,37
"39",2010,12,6.85,10,7.25,6.58333333333333,7.25,6.5,6.88888888888889,4,6,2,1,9,497,276,221,40,147,350,6.79990563380282,7.12409420289855,6.39503665158371,6.61875,6.66308231292517,6.85737142857143,38
"40",2011,1,6.613,13,7,6.28128571428571,NA,6.66666666666667,6.5969,6,7,0,3,10,510,282,228,40,150,360,6.79514137254902,7.12145390070922,6.39154429824561,6.61875,6.663154,6.85013611111111,39
"41",2011,2,7.05,15,7.52777777777778,6.33333333333333,NA,6.33333333333333,7.52777777777778,9,6,0,6,9,525,291,234,40,156,369,6.80242304761905,7.1340206185567,6.39005170940171,6.61875,6.65046858974359,6.86666395663957,40
"42",2011,3,7.082,15,7.47545454545455,6,7.5,7.5,6.93,11,4,2,4,11,540,302,238,42,160,380,6.81018907407407,7.14645695364238,6.38349621848739,6.66071428571429,6.671706875,6.86849736842105,41
"43",2011,4,7.26,10,7.46,7.06,6,8,7.17777777777778,5,5,1,1,9,550,307,243,43,161,389,6.81836745454545,7.15156351791531,6.39741604938272,6.6453488372093,6.67995714285714,6.8756529562982,42
"44",2011,5,7.06666666666667,12,7.3,6.83333333333333,7.9,7,7.13333333333333,6,6,2,6,6,562,313,249,45,167,395,6.82366921708185,7.1544089456869,6.40792008032128,6.70111111111111,6.69145568862275,6.87956708860759,43
"45",2011,6,7.1875,8,7.18,7.2,NA,7.65,6.725,5,3,0,4,4,570,318,252,45,171,399,6.82877561403509,7.15481132075472,6.4173496031746,6.70111111111111,6.71387777777778,6.87801754385965,44
"46",2011,7,6.43846153846154,13,7.15,5.3,7,5,6.87,8,5,1,3,10,583,326,257,46,174,409,6.82007221269297,7.15469325153374,6.39561128404669,6.70760869565217,6.68432816091954,6.87782151589242,45
"47",2011,8,6.875,10,8,6.39285714285714,6.25,6.375,7,3,7,3,2,8,593,329,264,49,176,417,6.82099848229342,7.16240121580547,6.39553825757576,6.67959183673469,6.68081306818182,6.8801654676259,46
"48",2011,9,7.35,10,8,6.375,NA,6.66666666666667,7.64285714285714,6,4,0,3,7,603,335,268,49,179,424,6.82977131011609,7.17740298507463,6.39523171641791,6.67959183673469,6.68057597765363,6.8927570754717,47
"49",2011,10,6.48461538461538,13,6.8125,5.96,5.9,6,6.63,8,5,2,3,10,616,343,273,51,182,434,6.82248717532468,7.16889212827988,6.38726043956044,6.64901960784314,6.66935769230769,6.88670276497696,48
"50",2011,11,6.85,10,6.91666666666667,6.75,NA,NA,6.85,6,4,0,0,10,626,349,277,51,182,444,6.82292667731629,7.1645558739255,6.39249855595668,6.64901960784314,6.66935769230769,6.88587612612613,49
"51",2011,12,6.875,12,6.8125,7,6,7.5,6.5625,8,4,1,4,8,638,357,281,52,186,452,6.82390611285267,7.15666666666667,6.40114626334519,6.63653846153846,6.68722096774193,6.88015265486726,50
"52",2012,1,6.86428571428571,7,7.65,6.275,7.325,7.71666666666667,6.225,3,4,2,3,4,645,360,285,54,189,456,6.82434434108527,7.16077777777778,6.39937578947368,6.66203703703704,6.70356137566138,6.87440570175439,51
"53",2012,2,7.05555555555556,9,7,7.125,NA,NA,7.05555555555556,5,4,0,0,9,654,365,289,54,189,465,6.82752614678899,7.15857534246575,6.40941903114187,6.66203703703704,6.70356137566138,6.87791182795699,52
"54",2012,3,7.1375,8,7.65,6.625,6,6.83333333333333,7.32,4,4,1,3,5,662,369,293,55,192,470,6.83127205438067,7.16390243902439,6.41236211604095,6.65,6.7055890625,6.88261489361702,53
"55",2012,4,6.78333333333333,12,6.9,6.43333333333333,6,6.25,6.89,9,3,1,2,10,674,378,296,56,194,480,6.83041854599407,7.15761904761905,6.41257466216216,6.63839285714286,6.70089226804124,6.88276875,54
"56",2012,5,7.425,8,7.48,7.33333333333333,7.75,8,7.34285714285714,5,3,2,1,7,682,383,299,58,195,487,6.8373931085044,7.16182767624021,6.42181304347826,6.67672413793103,6.70755435897436,6.88938193018481,55
"57",2012,6,7.75,2,7.75,NA,NA,NA,7.75,2,0,0,0,2,684,385,299,58,195,489,6.8400615497076,7.16488311688312,6.42181304347826,6.67672413793103,6.70755435897436,6.8929018404908,56
"58",2012,7,6.06727272727273,11,7.32,5.02333333333333,2,3,6.74888888888889,5,6,1,2,9,695,390,305,59,197,498,6.82783035971223,7.16687179487179,6.39430196721311,6.59745762711864,6.66991421319797,6.89029919678715,57
"59",2012,8,7.10769230769231,13,7.88333333333333,6.44285714285714,6.26666666666667,7,7.11666666666667,6,7,3,1,12,708,396,312,62,198,510,6.83296906779661,7.17772727272727,6.39539134615384,6.58145161290323,6.67158131313131,6.89562549019608,58
"60",2012,9,6.85,10,6.875,6.83333333333333,7.25,8,6.72222222222222,4,6,2,1,9,718,400,318,64,199,519,6.83320626740947,7.1747,6.40365440251572,6.60234375,6.6782567839196,6.89261849710983,59
"61",2012,10,6.61111111111111,9,7.33333333333333,5.16666666666667,NA,6.83333333333333,6.5,6,3,0,3,6,727,406,321,64,202,525,6.8304568088033,7.17704433497537,6.3920937694704,6.60234375,6.6805599009901,6.88813142857143,60
"62",2012,11,7.06111111111111,9,7.03571428571429,7.15,7.15,7.5,6.84166666666667,7,2,2,3,6,736,413,323,66,205,531,6.83327730978261,7.17464891041162,6.3967866873065,6.61893939393939,6.69255170731707,6.88760640301318,61
"63",2012,12,6.92857142857143,7,7,6.75,NA,7.5,6.7,5,2,0,2,5,743,418,325,66,207,536,6.83417510094213,7.17255980861244,6.39896030769231,6.61893939393939,6.70035314009662,6.88585634328358,62
"64",2013,1,6.96363636363636,11,6.72,7.16666666666667,7.5,7.5,6.91,5,6,1,1,10,754,423,331,67,208,546,6.83606379310345,7.16721040189125,6.41287643504532,6.63208955223881,6.70419759615385,6.88629853479853,63
"65",2013,2,6.81818181818182,11,6.65,8.5,8.5,6,6.9,10,1,1,1,10,765,433,332,68,209,556,6.83580666666667,7.15526558891455,6.41916295180723,6.65955882352941,6.70082822966507,6.88654496402878,64
"66",2013,3,6.85066666666667,15,7.6,6.476,6.6,6.375,7.02363636363636,5,10,5,4,11,780,438,342,73,213,567,6.83609243589744,7.16034246575342,6.42082485380117,6.6554794520548,6.69470938967136,6.88920458553792,65
"67",2013,4,6.2375,16,6.83333333333333,5.88,6.8,5.5,6.34285714285714,6,10,1,2,14,796,444,352,74,215,581,6.82406042713568,7.15592342342342,6.40546051136364,6.65743243243243,6.68359581395349,6.87603958691911,66
"68",2013,5,6.60714285714286,14,7.125,5.91666666666667,6,6.25,6.66666666666667,8,6,2,2,12,810,452,358,76,217,593,6.8203112345679,7.15537610619469,6.39726843575419,6.64013157894737,6.67959953917051,6.87180269814503,67
"69",2013,6,7.36363636363636,11,7.8125,6.16666666666667,6,7.5,7.33333333333333,8,3,1,2,9,821,460,361,77,219,602,6.82759086479903,7.16680434782609,6.39535207756233,6.63181818181818,6.68709178082192,6.87870265780731,68
"70",2013,7,6.9,11,7.175,6.16666666666667,NA,7,6.89,8,3,0,1,10,832,468,364,77,220,612,6.82854819711538,7.16694444444444,6.39346730769231,6.63181818181818,6.68851409090909,6.87888725490196,69
"71",2013,8,6.4,11,7.05714285714286,5.25,8,7.75,6.1,7,4,1,2,9,843,475,368,78,222,621,6.82295622775801,7.16532631578947,6.38103831521739,6.64935897435897,6.69807702702703,6.86759903381642,70
"72",2013,9,7.14285714285714,14,7.22222222222222,7,NA,8.25,6.95833333333333,9,5,0,2,12,857,484,373,78,224,633,6.8281821470245,7.16638429752066,6.38933538873995,6.64935897435897,6.71193348214286,6.86931911532385,71
"73",2013,10,7.19166666666667,12,7.27,6.8,5.6,8.1,7.01,10,2,1,2,10,869,494,375,79,226,643,6.83320149597238,7.16848178137652,6.3915256,6.63607594936709,6.72421725663717,6.87150699844479,72
"74",2013,11,7.20625,16,7.23333333333333,7.125,NA,6.3,7.41538461538462,12,4,0,3,13,885,506,379,79,229,656,6.83994587570621,7.17001976284585,6.39926675461741,6.63607594936709,6.71865982532751,6.88228506097561,73
"75",2013,12,6.86,14,7.3125,6.25666666666667,5,6.26,7.1,8,6,1,4,10,899,514,385,80,233,666,6.84025817575083,7.1722373540856,6.39704441558442,6.615625,6.71078583690987,6.88555405405405,74
"76",2014,1,7.05388888888889,18,7.38230769230769,6.2,6.5,7.16666666666667,7.03133333333333,13,5,1,3,15,917,527,390,81,236,681,6.84445158124318,7.17741935483871,6.3945182051282,6.6141975308642,6.71658093220339,6.88876505139501,75
"77",2014,2,6.75833333333333,12,7.4,6.3,5.75,6,6.82727272727273,5,7,2,1,11,929,532,397,83,237,692,6.84333918191604,7.17951127819549,6.3928516372796,6.5933734939759,6.71355738396625,6.88778757225434,76
"78",2014,3,6.71538461538462,13,7.0625,6.16,NA,6.3,6.75,8,5,0,1,12,942,540,402,83,238,704,6.84157335456476,7.17777777777778,6.38995547263682,6.5933734939759,6.71181974789916,6.88543892045455,77
"79",2014,4,6.7,14,7.03333333333333,6.1,NA,5.5,6.9,9,5,0,2,12,956,549,407,83,240,716,6.83950010460251,7.17540983606557,6.38639336609337,6.5933734939759,6.70172125,6.88568296089386,78
"80",2014,5,7.13,10,7.66,6.6,6.5,7.65,7,5,5,1,2,8,966,554,412,84,242,724,6.84250734989648,7.1797833935018,6.38898567961165,6.59226190476191,6.70955826446281,6.88694613259669,79
"81",2014,6,6.585,10,6.9625,6.33333333333333,7,6.5,6.60625,4,6,2,2,8,976,558,418,86,244,732,6.83986895491803,7.17822580645161,6.38818684210526,6.60174418604651,6.70784057377049,6.88387841530055,80
"82",2014,7,6.50909090909091,11,6.96666666666667,5.96,5.93333333333333,6.45,6.54285714285714,6,5,3,4,7,987,564,423,89,248,739,6.83618247213779,7.17597517730496,6.38312553191489,6.57921348314607,6.70368185483871,6.88064817320704,81
"83",2014,8,6.55263157894737,19,6.85,6.22222222222222,6,6.5,6.57142857142857,10,9,2,5,14,1006,574,432,91,253,753,6.83082713717694,7.17029616724739,6.37977337962963,6.56648351648352,6.69965652173913,6.87489907038513,82
"84",2014,9,6.78,10,7.5,6.3,8,7,6.75555555555556,4,6,1,1,9,1016,578,438,92,254,762,6.83032687007874,7.17257785467128,6.37868059360731,6.5820652173913,6.70083897637795,6.87348950131234,83
"85",2014,10,6.375,16,6.33333333333333,6.4,7,6.16666666666667,6.5,6,10,5,6,10,1032,584,448,97,260,772,6.82326753875969,7.16395547945205,6.37915647321429,6.60360824742268,6.68851192307692,6.86865155440415,84
"86",2014,11,6.74545454545455,11,7.38571428571429,5.625,NA,7,6.68888888888889,7,4,0,2,9,1043,591,452,97,262,781,6.8224468839885,7.1665820642978,6.37248252212389,6.60360824742268,6.69088969465649,6.8665800256082,85
"87",2014,12,7.05714285714286,14,7.53333333333333,6.2,7,NA,7.05714285714286,9,5,1,0,14,1057,600,457,98,262,795,6.82555543992432,7.17208333333333,6.37059540481401,6.60765306122449,6.69088969465649,6.86993584905661,86
"88",2015,1,6.71086956521739,23,7,6.525,6.36666666666667,6.5,6.78529411764706,9,14,3,6,17,1080,609,471,101,268,812,6.82311305555556,7.16954022988506,6.37518492569002,6.60049504950495,6.68661604477612,6.86816379310345,87
"89",2015,2,6.99545454545455,11,7.575,6.3,7,7.06666666666667,6.96875,6,5,1,3,8,1091,615,476,102,271,820,6.82485068744271,7.17349593495935,6.37439516806723,6.60441176470588,6.69082324723247,6.86914512195122,88
"90",2015,3,6.14545454545455,11,7.275,5.5,4,4.875,6.87142857142857,4,7,2,4,7,1102,619,483,104,275,827,6.81806905626135,7.17415185783522,6.36172277432712,6.55432692307692,6.66441127272727,6.86916444981862,89
"91",2015,4,6.81,10,7.43333333333333,5.875,5,5,7.01111111111111,6,4,1,1,9,1112,625,487,105,276,836,6.81799649280576,7.17664,6.3577250513347,6.53952380952381,6.65838079710145,6.87069258373206,90
"92",2015,5,6.23230769230769,13,6.752,4.5,NA,6.84,6.05,10,3,0,3,10,1125,635,490,105,279,846,6.81122853333334,7.16995275590551,6.3463512244898,6.53952380952381,6.66033369175627,6.86099172576832,91
"93",2015,6,6.77222222222222,9,7.18333333333333,6.56666666666667,7,8,6.61875,3,6,1,1,8,1134,638,496,106,280,854,6.81091895943563,7.17001567398119,6.34901633064516,6.5438679245283,6.66511821428571,6.8587224824356,92
"94",2015,7,7.475,8,8,6.95,NA,NA,7.475,4,4,0,0,8,1142,642,500,106,280,862,6.81557101576182,7.17518691588785,6.3538242,6.5438679245283,6.66511821428571,6.86444199535963,93
"95",2015,8,7.18888888888889,18,7.7,6.86363636363636,5.75,NA,7.18888888888889,7,11,2,0,18,1160,649,511,108,280,880,6.82136387931035,7.18084745762712,6.36479863013699,6.52916666666667,6.66511821428571,6.87107840909091,94
"96",2015,9,6.40714285714286,28,7.33333333333333,5.7125,6.16666666666667,6,6.456,12,16,3,3,25,1188,661,527,111,283,905,6.8116010942761,7.18361573373676,6.3449944971537,6.51936936936937,6.65806749116608,6.85961215469613,95
"97",2015,10,6.64375,24,7.36538461538461,5.79090909090909,6.16666666666667,NA,6.64375,13,11,3,0,24,1212,674,538,114,283,929,6.80827731023103,7.18712166172107,6.3336656133829,6.51008771929825,6.65806749116608,6.85403552206674,96
"98",2015,11,6.91052631578947,19,7.025,6.82727272727273,7,NA,6.91052631578947,8,11,1,0,19,1231,682,549,115,283,948,6.80985548334687,7.18521994134897,6.34355573770492,6.51434782608696,6.65806749116608,6.85516772151899,97
"99",2015,12,6.89259259259259,27,7.10714285714286,6.66153846153846,7.52,6.5,6.96086956521739,14,13,5,4,23,1258,696,562,120,287,971,6.81163124006359,7.18364942528736,6.35091120996441,6.55625,6.65586445993031,6.85767147270855,98
"100",2016,1,6.40526315789474,19,7.38888888888889,5.52,5.25,5.85,6.47058823529412,9,10,4,2,17,1277,705,572,124,289,988,6.8055850430697,7.1862695035461,6.33638479020979,6.51411290322581,6.6502875432526,6.85101113360324,99
"101",2016,2,6.89,20,7.1,6.5,NA,5.5,7.2375,13,7,0,4,16,1297,718,579,124,293,1004,6.8068867386276,7.18470752089137,6.33836286701209,6.51411290322581,6.63458395904437,6.8571703187251,100
"102",2016,3,6.81578947368421,19,7.25,6.5,6,6.4,6.86470588235294,8,11,5,2,17,1316,726,590,129,295,1021,6.80701527355623,7.18542699724518,6.34137644067797,6.49418604651163,6.63299355932203,6.8572957884427,101
"103",2016,4,6.71153846153846,26,7.39285714285714,5.91666666666667,5.5,7.33333333333333,6.6304347826087,14,12,2,3,23,1342,740,602,131,298,1044,6.80516549925485,7.18935135135135,6.33291046511628,6.47900763358779,6.64004395973154,6.85229789272031,102
"104",2016,5,7.01363636363636,22,7.30625,6.23333333333333,5.75,6.75,7.07222222222222,16,6,2,4,18,1364,756,608,133,302,1062,6.80852793255132,7.1918253968254,6.33192779605263,6.46804511278195,6.64150033112583,6.85602542372882,103
"105",2016,6,6.61333333333333,15,6.85555555555556,6.25,6.5,NA,6.61333333333333,9,6,1,0,15,1379,765,614,134,302,1077,6.80640471356055,7.18786928104575,6.33112719869707,6.46828358208955,6.64150033112583,6.85264531104921,104
"106",2016,7,6.11111111111111,9,6.75,5.6,4,4,6.375,4,5,2,1,8,1388,769,619,136,303,1085,6.80189632564842,7.18559167750325,6.32522148626818,6.43198529411765,6.63278250825083,6.84912350230415,105
"107",2016,8,6.84736842105263,19,7.96666666666667,6.33076923076923,6.56,6.75,6.87333333333333,6,13,5,4,15,1407,775,632,141,307,1100,6.80251037668799,7.19163870967742,6.32533560126582,6.43652482269504,6.63430977198697,6.84945363636364,106
"108",2016,9,6.25,18,6.85714285714286,5.86363636363636,6,6,6.3,7,11,3,3,15,1425,782,643,144,310,1115,6.79553129824562,7.18864450127877,6.31743716951789,6.42743055555556,6.62817129032258,6.84206188340807,107
"109",2016,10,6.89473684210526,19,7.29166666666667,6.21428571428571,6.5,7.33333333333333,6.8125,12,7,1,3,16,1444,794,650,145,313,1131,6.79683663434903,7.19020151133501,6.31632630769231,6.42793103448276,6.63493003194888,6.84164367816092,108
"110",2016,11,6.52380952380952,21,6.45454545454545,6.6,7.66666666666667,7.16666666666667,6.41666666666667,11,10,3,3,18,1465,805,660,148,316,1149,6.79292293515359,7.18014906832298,6.32062439393939,6.45304054054054,6.63997816455696,6.8349860748477,109
"111",2016,12,6.11538461538461,13,6.83333333333333,5.5,5.5,5.66666666666667,6.25,6,7,2,3,10,1478,811,667,150,319,1159,6.78696353179973,7.17758323057953,6.31201214392804,6.44033333333333,6.63082476489028,6.82993874029336,110
"112",2017,1,6.60526315789474,19,7,6.375,6,6.5,6.61764705882353,7,12,4,2,17,1497,818,679,154,321,1176,6.78465738142953,7.17606356968215,6.31312533136966,6.4288961038961,6.63000965732087,6.82686989795919,111
"113",2017,2,7.24176470588235,17,7.46454545454545,6.83333333333333,6,NA,7.24176470588235,11,6,2,0,17,1514,829,685,156,321,1193,6.78979002642008,7.17989143546442,6.31768189781022,6.42339743589744,6.63000965732087,6.8327820620285,112
"114",2017,3,7,13,6.8,7.125,7,7.25,6.88888888888889,5,8,2,4,9,1527,834,693,158,325,1202,6.79157963326785,7.1776139088729,6.32700158730159,6.43069620253164,6.63764030769231,6.83320216306157,113
"115",2017,4,6.92727272727273,11,7.31428571428571,6.25,NA,NA,6.92727272727273,7,4,0,0,11,1538,841,697,158,325,1213,6.79255013003901,7.1787514863258,6.32655968436155,6.43069620253164,6.63764030769231,6.83405523495466,114
"116",2017,5,6.75,21,7.10714285714286,6.03571428571429,NA,8,6.6875,14,7,0,1,20,1559,855,704,158,326,1233,6.79197697241822,7.17757894736842,6.32366775568182,6.43069620253164,6.64181932515337,6.83167802108678,115
"117",2017,6,6.4,5,7.25,3,NA,NA,6.4,4,1,0,0,5,1564,859,705,158,326,1238,6.79072384910486,7.17791618160652,6.31895333333333,6.43069620253164,6.64181932515337,6.82993457189015,116
"118",2017,7,6.76923076923077,13,7,6.25,6,6.83333333333333,6.75,9,4,3,3,10,1577,868,709,161,329,1248,6.79054667089411,7.17607142857143,6.31856431593794,6.42267080745342,6.64356565349544,6.82929407051282,117
"119",2017,8,6.41666666666667,18,7.05555555555556,5.77777777777778,4.75,7.5,6.35294117647059,9,9,2,1,17,1595,877,718,163,330,1265,6.7863273354232,7.174834663626,6.3117856545961,6.4021472392638,6.64616090909091,6.82289249011858,118
"120",2017,9,7.15,10,7.57142857142857,6.16666666666667,7,7.5,7.0625,7,3,1,2,8,1605,884,721,164,332,1273,6.78859320872274,7.17797511312217,6.31118183079057,6.40579268292683,6.65130451807229,6.8243982717989,119
"121",2017,10,6.61875,16,7.16666666666667,6.29,3,9,6.46,6,10,1,1,15,1621,890,731,165,333,1288,6.78691677976558,7.17789887640449,6.31089206566347,6.38515151515151,6.65835765765766,6.82015450310559,120
"122",2017,11,7.21428571428571,14,7.625,6.66666666666667,6.66666666666667,8,7.08333333333333,8,6,3,2,12,1635,898,737,168,335,1300,6.79057620795107,7.18188195991091,6.31378846675712,6.39017857142857,6.66636746268657,6.82258384615385,121
"123",2017,12,7.08888888888889,9,7.3,6.66666666666667,5,7.25,7.04285714285714,6,3,1,2,7,1644,904,740,169,337,1307,6.79220930656934,7.18266592920354,6.31521905405405,6.38195266272189,6.66983115727003,6.82376358071921,122
"124",2018,1,7.25555555555556,18,7.64545454545455,6.64285714285714,7,8,7.1625,11,7,2,2,16,1662,915,747,171,339,1323,6.79722749699158,7.18822950819672,6.31828929049531,6.38918128654971,6.67767876106195,6.82786016628874,123
"125",2018,2,6.93333333333333,15,7.9,6.45,NA,7.5,6.89285714285714,5,10,0,1,14,1677,920,757,171,340,1337,6.79844490161002,7.19209782608696,6.32002919418758,6.38918128654971,6.68009735294118,6.82854076290202,124
"126",2018,3,6.894,20,7.292,5.7,4.83333333333333,8,6.83578947368421,15,5,3,1,19,1697,935,762,174,341,1356,6.7995710665881,7.19370053475936,6.31596076115486,6.36235632183908,6.68396803519062,6.82864233038348,125
"127",2018,4,6.84444444444444,18,7,6.68888888888889,7,6.5,6.8875,9,9,1,2,16,1715,944,771,175,343,1372,6.80004204081633,7.19185381355932,6.3203140077821,6.366,6.68289533527697,6.82932871720117,126
"128",2018,5,6.675,14,7.13571428571429,6.21428571428571,5,6.5,6.68846153846154,7,7,1,1,13,1729,951,778,176,344,1385,6.79902955465587,7.19144058885384,6.31936002570694,6.35823863636364,6.6823636627907,6.82800649819495,127
"129",2018,6,6.31818181818182,11,6.875,4.83333333333333,NA,6,6.38888888888889,8,3,0,2,9,1740,959,781,176,346,1394,6.79598971264368,7.18880083420229,6.31365185659411,6.35823863636364,6.67841936416185,6.82517144906743,128
"130",2018,7,6.59333333333333,15,6.72222222222222,6.4,NA,7.13333333333333,6.45833333333333,9,6,0,3,12,1755,968,787,176,349,1406,6.79425760683761,7.18446280991736,6.31431016518424,6.35823863636364,6.68232979942693,6.82204054054054,129
"131",2018,8,6.22222222222222,9,7,6,6.33333333333333,NA,6.22222222222222,2,7,3,0,9,1764,970,794,179,349,1415,6.79133905895692,7.1840824742268,6.31153916876574,6.35782122905028,6.68232979942693,6.81822544169612,130
"132",2018,9,7.26875,16,7.45833333333333,6.7,8,6.83333333333333,7.36923076923077,12,4,1,3,13,1780,982,798,180,352,1428,6.79563039325843,7.18743380855397,6.31348634085213,6.36694444444444,6.68361676136364,6.82324159663866,131
"133",2018,10,6.875,12,7.28571428571429,6.3,6,6,6.95454545454545,7,5,1,1,11,1792,989,803,181,353,1439,6.79616188616072,7.18812942366026,6.31340236612702,6.36491712707182,6.68168016997167,6.82424530924253,132
"134",2018,11,7.03333333333333,15,7.55555555555556,6.25,NA,NA,7.03333333333333,9,6,0,0,15,1807,998,809,181,353,1454,6.79813065855008,7.19144288577154,6.31293213844252,6.36491712707182,6.68168016997167,6.82640233837689,133
"135",2018,12,7.004,15,7.67333333333333,6,5,9,6.86142857142857,9,6,1,1,14,1822,1007,815,182,354,1468,6.79982552140505,7.19574975173784,6.31062834355828,6.35741758241758,6.6882290960452,6.8267363760218,134
"136",2019,1,6.75,18,6.61666666666667,7.01666666666667,6.25,NA,6.75,12,6,2,0,18,1840,1019,821,184,354,1486,6.79933809782609,7.18893032384691,6.31578818514007,6.35625,6.6882290960452,6.8258068640646,135
"137",2019,2,6.77272727272727,11,7.05555555555556,5.5,6,NA,6.77272727272727,9,2,1,0,11,1851,1028,823,185,354,1497,6.79917995678012,7.1877626459144,6.3138057108141,6.35432432432432,6.6882290960452,6.82541683366734,136
"138",2019,3,6.46153846153846,13,6.78571428571429,6.08333333333333,5,6,6.66666666666667,7,6,1,4,9,1864,1035,829,186,358,1506,6.79682516094421,7.18504347826087,6.31213763570567,6.34704301075269,6.68053938547486,6.82446812749004,137
"139",2019,4,6.655625,16,7.02727272727273,5.838,NA,6.5,6.67785714285714,11,5,0,2,14,1880,1046,834,186,360,1520,6.79562345744681,7.18338432122371,6.30929508393285,6.34704301075269,6.67953638888889,6.82311776315789,138
"140",2019,5,6.34375,8,6.45833333333333,6,NA,6,6.39285714285714,6,2,0,1,7,1888,1052,836,186,361,1527,6.79370873940678,7.17924904942966,6.30855514354067,6.34704301075269,6.6776540166205,6.82114538310413,139
"141",2019,6,6.58333333333333,6,6.83333333333333,6.33333333333333,7,7.25,6.25,3,3,1,2,4,1894,1055,839,187,363,1531,6.79304229144667,7.1782654028436,6.30864374255065,6.35053475935829,6.68080743801653,6.81965316786414,140
"142",2019,7,6.54285714285714,14,6.77777777777778,6.12,7,5,6.66153846153846,9,5,1,1,13,1908,1064,844,188,364,1544,6.79120655136268,7.17487781954887,6.30752618483412,6.35398936170213,6.67618983516483,6.81832189119171,141
"143",2019,8,6.73333333333333,15,6.83333333333333,6.66666666666667,6,7,6.69230769230769,6,9,1,2,13,1923,1070,853,189,366,1557,6.79075512220489,7.17296261682243,6.31131547479484,6.3521164021164,6.67795928961749,6.81726974951831,142
"144",2019,9,6.15454545454545,11,6.8375,4.33333333333333,4,5,6.27,8,3,1,1,10,1934,1078,856,190,367,1567,6.78713655635988,7.17047309833024,6.30438329439252,6.33973684210526,6.67338719346049,6.81377728142948,143
"145",2019,10,7.25,8,7.125,7.375,NA,7.5,7.21428571428571,4,4,0,1,7,1942,1082,860,190,368,1574,6.78904330587024,7.17030499075786,6.30936290697674,6.33973684210526,6.67563342391304,6.8155584498094,144
"146",2019,11,6.83333333333333,18,7.08333333333333,6.33333333333333,6,NA,6.83333333333333,12,6,1,0,18,1960,1094,866,191,368,1592,6.78945005102041,7.16935100548446,6.30952898383372,6.33795811518325,6.67563342391304,6.81575942211055,145
"147",2019,12,6.75,12,7.22222222222222,5.33333333333333,NA,NA,6.75,9,3,0,0,12,1972,1103,869,191,368,1604,6.78920998985801,7.16978241160471,6.30615891829689,6.33795811518325,6.67563342391304,6.8152674563591,146
"148",2020,1,6.70625,16,7.475,5.9375,NA,6.375,6.81666666666667,8,8,0,4,12,1988,1111,877,191,372,1616,6.78854230382294,7.1719801980198,6.30279600912201,6.33795811518325,6.67240080645161,6.81527784653465,147
"149",2020,2,5.73886363636364,11,6.68791666666667,4.6,6,NA,5.73886363636364,6,5,1,0,11,1999,1117,882,192,372,1627,6.78276618309155,7.16938003581021,6.29314297052154,6.33619791666667,6.67240080645161,6.80800030731408,148
"150",2020,3,7.18181818181818,11,7.42857142857143,6.75,NA,7,7.2,7,4,0,1,10,2010,1124,886,192,373,1637,6.78495004975125,7.17099421708185,6.29520553047404,6.33619791666667,6.67327908847185,6.81039492974954,149
"151",2020,4,7.7,5,7.5,8,NA,NA,7.7,3,2,0,0,5,2015,1127,888,192,373,1642,6.78722064516129,7.17187000887311,6.29904515765766,6.33619791666667,6.67327908847185,6.81310383678441,150
"152",2020,5,7,2,7,NA,NA,NA,7,2,0,0,0,2,2017,1129,888,192,373,1644,6.78743163113535,7.17156554472985,6.29904515765766,6.33619791666667,6.67327908847185,6.81333120437956,151
"153",2020,6,6.72222222222222,9,6.5,7.5,NA,5,6.9375,7,2,0,1,8,2026,1136,890,192,374,1652,6.78714195459033,7.16742737676056,6.30174393258427,6.33619791666667,6.6688050802139,6.81393250605327,152
"154",2020,7,6.88888888888889,9,7.25,6.6,6.5,NA,6.88888888888889,4,5,2,0,9,2035,1140,895,194,374,1661,6.78759194103194,7.16771710526316,6.30341016759777,6.33788659793814,6.6688050802139,6.81433865141481,153
"155",2020,8,7.07142857142857,14,7.55555555555556,6.2,6.33333333333333,8,7,9,5,3,1,13,2049,1149,900,197,375,1674,6.78953128355295,7.17075500435161,6.30283566666667,6.33781725888325,6.67235493333333,6.81578046594982,154
"156",2020,9,7.375,12,7.1875,7.75,8,8,7.16666666666667,8,4,2,3,9,2061,1157,904,199,378,1683,6.79294012615235,7.17087078651685,6.30923904867257,6.35452261306533,6.6828917989418,6.8176568627451,155
"157",2020,10,6.9625,16,7,6.9,7,7.5,6.88571428571429,10,6,2,2,14,2077,1167,910,201,380,1697,6.79424631680308,7.16940659811482,6.31313417582418,6.36094527363184,6.68719236842105,6.81821832645846,156
"158",2020,11,6.25,12,6.375,6,3,6,6.27272727272727,8,4,1,1,11,2089,1175,914,202,381,1708,6.79111996170417,7.16399787234043,6.31176378555799,6.34430693069307,6.68538871391076,6.81470521077283,157
"159",2020,12,6.91666666666667,12,7.33333333333333,6.5,5.75,NA,6.91666666666667,6,6,4,0,12,2101,1181,920,206,381,1720,6.79183702998572,7.16485817104149,6.31299141304348,6.33276699029126,6.68538871391076,6.81541656976744,158
"160",2021,1,6.77,20,6.82142857142857,6.65,7,6.38,6.9,14,6,3,5,15,2121,1195,926,209,386,1735,6.79163111739746,7.16083472803347,6.31517505399568,6.34234449760766,6.6814329015544,6.81614783861672,159
"161",2021,2,6.91666666666667,6,7.25,6.25,6,NA,6.91666666666667,4,2,1,0,6,2127,1199,928,210,386,1741,6.79198382698637,7.16113219349458,6.31503459051724,6.34071428571429,6.6814329015544,6.81649425617461,160
"162",2021,3,5.85211764705882,17,6.66666666666667,5.40781818181818,6,5.4972,6,6,11,2,5,12,2144,1205,939,212,391,1753,6.78453152985075,7.15867012448133,6.30440692225772,6.3375,6.66628925831202,6.81090501996577,161
"163",2021,4,6.59090909090909,11,6.875,5.83333333333333,5.75,4.5,6.8,8,3,2,1,10,2155,1213,942,214,392,1763,6.78354320185615,7.15679925803792,6.30290668789809,6.33200934579439,6.66076301020408,6.81084316505956,162
"164",2021,5,6.75555555555556,9,7,6.26666666666667,NA,NA,6.75555555555556,6,3,0,0,9,2164,1219,945,214,392,1772,6.78342680221812,7.15602748154225,6.30279164021164,6.33200934579439,6.66076301020408,6.81056235891648,163
"165",2021,6,7,5,7.5,6.25,NA,NA,7,3,2,0,0,5,2169,1222,947,214,392,1777,6.78392604887045,7.15687193126023,6.30268014783527,6.33200934579439,6.66076301020408,6.81109538548115,164
"166",2021,7,6.88888888888889,9,7.5,5.66666666666667,NA,8,6.75,6,3,0,1,8,2178,1228,950,214,393,1785,6.78435977961433,7.15854845276873,6.30067168421053,6.33200934579439,6.66417073791349,6.81082156862745,165
"167",2021,8,7.41666666666667,12,8,6.83333333333333,6.5,6.66666666666667,7.66666666666667,6,6,2,3,9,2190,1234,956,216,396,1794,6.78782447488585,7.16263978930308,6.30401474895397,6.33356481481481,6.66418964646465,6.81511510590858,166
"168",2021,9,7.17777777777778,9,8.25,6.32,5,6.5,7.2625,4,5,1,1,8,2199,1238,961,217,397,1802,6.7894204638472,7.16615306946688,6.30409791883455,6.32741935483871,6.66377607052897,6.8171012763596,167
"169",2021,10,6.7,8,8,5.92,5.5,NA,6.7,3,5,1,0,8,2207,1241,966,218,397,1810,6.78909632985954,7.16816881547139,6.30210983436853,6.32362385321101,6.66377607052897,6.81658370165746,168
"170",2021,11,6.5,13,7,5.91666666666667,4,5,6.625,7,6,2,1,12,2220,1248,972,220,398,1822,6.78740342342342,7.16722556089744,6.29973055555556,6.3025,6.65959572864322,6.81532189901208,169
"171",2021,12,6.23490176470588,17,6.66666666666667,5.99939363636364,6.8733325,NA,6.23490176470588,6,11,4,0,17,2237,1254,983,224,398,1839,6.78320470719714,7.16483054226475,6.29636971515768,6.3126934375,6.65959572864322,6.80995640565525,170
"172",2022,1,7.2,15,7.8,6,7,NA,7.2,10,5,1,0,15,2252,1264,988,225,398,1854,6.78598087477798,7.16985561708861,6.29486986842105,6.31574813333333,6.65959572864322,6.81311209816613,171
"173",2022,2,6.92307692307692,13,8,6,5,5,7.08333333333333,6,7,1,1,12,2265,1270,995,226,399,1866,6.78676773951435,7.17377755905512,6.29279540703518,6.30992623893805,6.65543634085213,6.81484985530547,172
"174",2022,3,7.42857142857143,7,7.7,6.75,NA,NA,7.42857142857143,5,2,0,0,7,2272,1275,997,226,399,1873,6.78874512764085,7.17584117647059,6.29371256770311,6.30992623893805,6.65543634085213,6.8171435290977,173
"175",2022,4,5.92857142857143,7,6.25,5.5,6,6,5.91666666666667,4,3,1,1,6,2279,1279,1000,227,400,1879,6.78610308468627,7.1729456606724,6.29133143,6.30856092511013,6.65379775,6.81426813730708,174
"176",2022,5,7.125,4,7.75,6.5,6,NA,7.125,2,2,1,0,4,2283,1281,1002,228,400,1883,6.78669685939553,7.17384660421546,6.29174793413174,6.3072075877193,6.65379775,6.81492821561338,175
"177",2022,6,7.5,4,7.66666666666667,7,NA,NA,7.5,3,1,0,0,4,2287,1284,1003,228,400,1887,6.78794443812855,7.1749980529595,6.29245406779661,6.3072075877193,6.65379775,6.81638040805511,176
"178",2022,7,6.6,5,6.625,6.5,NA,6,6.75,4,1,0,1,4,2292,1288,1004,228,401,1891,6.78753443717278,7.17328998447205,6.29266078685259,6.3072075877193,6.65216733167082,6.81623999471179,177
"179",2022,8,6.28181818181818,11,7.66666666666667,5.7625,NA,NA,6.28181818181818,3,8,0,0,11,2303,1291,1012,228,401,1902,6.78511894485454,7.17443648334624,6.28846979249012,6.3072075877193,6.65216733167082,6.81314922712934,178
"180",2022,9,7.3125,8,7.41666666666667,7,NA,7,7.41666666666667,6,2,0,2,6,2311,1297,1014,228,403,1908,6.78694458243185,7.17555705474171,6.28987320512821,6.3072075877193,6.6538935483871,6.81504708071279,179
"181",2022,10,6.56,5,6.76666666666667,6.25,5.5,7,6.45,3,2,1,1,4,2316,1300,1016,229,404,1912,6.78645463298791,7.17461346153846,6.28979471456693,6.30368266375546,6.65475024752475,6.81428338389121,180
"182",2022,11,6.5375,8,7.45,5.625,5,NA,6.5375,4,4,1,0,8,2324,1304,1020,230,404,1920,6.78559764629948,7.17545820552147,6.28718767647059,6.29801447826087,6.65475024752475,6.81313011979167,181
"183",2022,12,5.28,5,5.35,5,NA,6.9,4.875,4,1,0,1,4,2329,1308,1021,230,405,1924,6.78236536281666,7.16987576452599,6.28592696376102,6.29801447826087,6.65535580246914,6.80910074324324,182
