"","year","month","avg_rating","no_ratings","avg_rating_owned","avg_rating_not_owned","avg_rating_prev_owned","avg_rating_comment","avg_rating_no_comment","no_ratings_owned","no_ratings_not_owned","no_ratings_prev_owned","no_ratings_comment","no_ratings_no_comment","cum_no_ratings","cum_no_ratings_owned","cum_no_ratings_not_owned","cum_no_ratings_prev_owned","cum_no_ratings_comment","cum_no_ratings_no_comment","cum_avg_rating","cum_avg_rating_owned","cum_avg_rating_not_owned","cum_avg_rating_prev_owned","cum_avg_rating_comment","cum_avg_rating_no_comment","month_after_release"
"1",2001,6,7,1,NA,7,NA,NA,7,0,1,0,0,1,1,0,1,0,0,1,7,NA,7,NA,NA,7,0
"2",2001,8,8,3,8,8,NA,NA,8,2,1,0,0,3,4,2,2,0,0,4,7.75,8,7.5,NA,NA,7.75,2
"3",2001,11,7,1,7,NA,NA,NA,7,1,0,0,0,1,5,3,2,0,0,5,7.6,7.66666666666667,7.5,NA,NA,7.6,5
"4",2001,12,6,1,6,NA,NA,NA,6,1,0,0,0,1,6,4,2,0,0,6,7.33333333333333,7.25,7.5,NA,NA,7.33333333333333,6
"5",2002,1,5,1,NA,5,NA,NA,5,0,1,0,0,1,7,4,3,0,0,7,7,7.25,6.66666666666667,NA,NA,7,7
"6",2002,5,8.5,2,8.5,NA,NA,9,8,2,0,0,1,1,9,6,3,0,1,8,7.33333333333333,7.66666666666667,6.66666666666667,NA,9,7.125,11
"7",2002,6,8,3,8,NA,NA,NA,8,3,0,0,0,3,12,9,3,0,1,11,7.5,7.77777777777778,6.66666666666667,NA,9,7.36363636363636,12
"8",2002,7,7.5,1,NA,7.5,NA,7.5,NA,0,1,0,1,0,13,9,4,0,2,11,7.5,7.77777777777778,6.875,NA,8.25,7.36363636363636,13
"9",2002,8,8,2,8,8,NA,8,8,1,1,0,1,1,15,10,5,0,3,12,7.56666666666667,7.8,7.1,NA,8.16666666666667,7.41666666666667,14
"10",2002,9,8,3,8,NA,7,7.5,9,3,0,1,2,1,18,13,5,1,5,13,7.63888888888889,7.84615384615385,7.1,7,7.9,7.53846153846154,15
"11",2002,12,5,1,NA,5,NA,NA,5,0,1,0,0,1,19,13,6,1,5,14,7.5,7.84615384615385,6.75,7,7.9,7.35714285714286,18
"12",2003,1,6,3,5.5,7,NA,6.5,5,2,1,0,2,1,22,15,7,1,7,15,7.29545454545455,7.53333333333333,6.78571428571429,7,7.5,7.2,19
"13",2003,2,7.66666666666667,3,7.5,8,NA,8,7,2,1,0,2,1,25,17,8,1,9,16,7.34,7.52941176470588,6.9375,7,7.61111111111111,7.1875,20
"14",2003,3,4,1,4,NA,NA,4,NA,1,0,0,1,0,26,18,8,1,10,16,7.21153846153846,7.33333333333333,6.9375,7,7.25,7.1875,21
"15",2003,4,6,2,NA,6,NA,6,NA,0,2,0,2,0,28,18,10,1,12,16,7.125,7.33333333333333,6.75,7,7.04166666666667,7.1875,22
"16",2003,5,7,6,8.25,4.5,NA,7,NA,4,2,0,6,0,34,22,12,1,18,16,7.10294117647059,7.5,6.375,7,7.02777777777778,7.1875,23
"17",2003,6,8,2,8,NA,NA,7,9,2,0,0,1,1,36,24,12,1,19,17,7.15277777777778,7.54166666666667,6.375,7,7.02631578947368,7.29411764705882,24
"18",2003,7,7,13,7.2,6.33333333333333,NA,7.5,6.77777777777778,10,3,0,4,9,49,34,15,1,23,26,7.11224489795918,7.44117647058824,6.36666666666667,7,7.10869565217391,7.11538461538461,25
"19",2003,8,8.14285714285714,7,8.2,8,NA,7,8.6,5,2,0,2,5,56,39,17,1,25,31,7.24107142857143,7.53846153846154,6.55882352941176,7,7.1,7.35483870967742,26
"20",2003,9,7.3,5,7.83333333333333,6.5,NA,8.25,6.66666666666667,3,2,0,2,3,61,42,19,1,27,34,7.24590163934426,7.55952380952381,6.55263157894737,7,7.18518518518519,7.29411764705882,27
"21",2003,10,8,3,8,8,NA,8,8,2,1,0,1,2,64,44,20,1,28,36,7.28125,7.57954545454545,6.625,7,7.21428571428571,7.33333333333333,28
"22",2003,11,7.1,5,6.83333333333333,7.5,7,7.5,6.5,3,2,1,3,2,69,47,22,2,31,38,7.26811594202899,7.53191489361702,6.70454545454545,7,7.24193548387097,7.28947368421053,29
"23",2003,12,7.5,3,7.5,NA,NA,6.5,8,3,0,0,1,2,72,50,22,2,32,40,7.27777777777778,7.53,6.70454545454545,7,7.21875,7.325,30
"24",2004,1,6.7,5,7,6.5,7,6.16666666666667,7.5,2,3,2,3,2,77,52,25,4,35,42,7.24025974025974,7.50961538461539,6.68,7,7.12857142857143,7.33333333333333,31
"25",2004,2,7.6,5,7.6,NA,NA,NA,7.6,5,0,0,0,5,82,57,25,4,35,47,7.26219512195122,7.51754385964912,6.68,7,7.12857142857143,7.36170212765957,32
"26",2004,3,7.5,2,7.5,NA,NA,NA,7.5,2,0,0,0,2,84,59,25,4,35,49,7.26785714285714,7.51694915254237,6.68,7,7.12857142857143,7.36734693877551,33
"27",2004,4,7,5,7,7,NA,7,7,4,1,0,2,3,89,63,26,4,37,52,7.25280898876404,7.48412698412698,6.69230769230769,7,7.12162162162162,7.34615384615385,34
"28",2004,5,7.8,5,7.8,NA,NA,6,8.25,5,0,0,1,4,94,68,26,4,38,56,7.28191489361702,7.50735294117647,6.69230769230769,7,7.09210526315789,7.41071428571429,35
"29",2004,6,6.8,5,7,6,NA,6,7.33333333333333,4,1,0,2,3,99,72,27,4,40,59,7.25757575757576,7.47916666666667,6.66666666666667,7,7.0375,7.40677966101695,36
"30",2004,7,8,1,8,NA,NA,NA,8,1,0,0,0,1,100,73,27,4,40,60,7.265,7.48630136986301,6.66666666666667,7,7.0375,7.41666666666667,37
"31",2004,8,7.5,2,9,6,6,NA,7.5,1,1,1,0,2,102,74,28,5,40,62,7.26960784313725,7.50675675675676,6.64285714285714,6.8,7.0375,7.41935483870968,38
"32",2004,9,7,2,8,6,NA,8,6,1,1,0,1,1,104,75,29,5,41,63,7.26442307692308,7.51333333333333,6.62068965517241,6.8,7.0609756097561,7.3968253968254,39
"33",2004,10,6.66666666666667,3,8,4,NA,6,8,2,1,0,2,1,107,77,30,5,43,64,7.24766355140187,7.52597402597403,6.53333333333333,6.8,7.01162790697674,7.40625,40
"34",2004,11,7.66666666666667,3,7.66666666666667,NA,NA,8,7.5,3,0,0,1,2,110,80,30,5,44,66,7.25909090909091,7.53125,6.53333333333333,6.8,7.03409090909091,7.40909090909091,41
"35",2004,12,6.66666666666667,3,7.5,5,5,6.5,7,2,1,1,2,1,113,82,31,6,46,67,7.24336283185841,7.53048780487805,6.48387096774194,6.5,7.01086956521739,7.40298507462687,42
"36",2005,1,7.6,5,7.6,NA,NA,7,7.75,5,0,0,1,4,118,87,31,6,47,71,7.25847457627119,7.53448275862069,6.48387096774194,6.5,7.01063829787234,7.42253521126761,43
"37",2005,2,6.5,5,7.5,5.83333333333333,NA,4.5,7.83333333333333,2,3,0,2,3,123,89,34,6,49,74,7.22764227642276,7.53370786516854,6.42647058823529,6.5,6.90816326530612,7.43918918918919,44
"38",2005,3,6,1,6,NA,NA,6,NA,1,0,0,1,0,124,90,34,6,50,74,7.21774193548387,7.51666666666667,6.42647058823529,6.5,6.89,7.43918918918919,45
"39",2005,4,7.5,6,7.25,8,NA,7.8,6,4,2,0,5,1,130,94,36,6,55,75,7.23076923076923,7.50531914893617,6.51388888888889,6.5,6.97272727272727,7.42,46
"40",2005,6,7.1,10,7,7.2,10,6.6,7.6,5,5,1,5,5,140,99,41,7,60,80,7.22142857142857,7.47979797979798,6.59756097560976,7,6.94166666666667,7.43125,48
"41",2005,7,6.6,5,6.5,7,NA,6.5,6.66666666666667,4,1,0,2,3,145,103,42,7,62,83,7.2,7.44174757281553,6.60714285714286,7,6.92741935483871,7.40361445783132,49
"42",2005,8,7.08333333333333,6,7.25,6.75,NA,7.25,6.75,4,2,0,4,2,151,107,44,7,66,85,7.1953642384106,7.43457943925234,6.61363636363636,7,6.9469696969697,7.38823529411765,50
"43",2005,9,7.6,5,8,7.33333333333333,6,8.33333333333333,6.5,2,3,1,3,2,156,109,47,8,69,87,7.20833333333333,7.44495412844037,6.65957446808511,6.875,7.00724637681159,7.36781609195402,51
"44",2005,10,6.95555555555556,9,7.08571428571429,6.5,NA,7.05,6.92857142857143,7,2,0,2,7,165,116,49,8,71,94,7.19454545454545,7.42327586206897,6.6530612244898,6.875,7.00845070422535,7.33510638297872,52
"45",2005,11,7.3,5,8,6.25,NA,NA,7.3,3,2,0,0,5,170,119,51,8,71,99,7.19764705882353,7.43781512605042,6.63725490196078,6.875,7.00845070422535,7.33333333333333,53
"46",2005,12,5.3,5,4.75,5.66666666666667,NA,4.83333333333333,6,2,3,0,3,2,175,121,54,8,74,101,7.14342857142857,7.39338842975207,6.58333333333333,6.875,6.92027027027027,7.30693069306931,54
"47",2006,1,7,6,7.25,6.5,NA,7.5,6.75,4,2,0,2,4,181,125,56,8,76,105,7.13867403314917,7.3888,6.58035714285714,6.875,6.93552631578947,7.28571428571429,55
"48",2006,2,6.50166666666667,6,5.7525,8,NA,7,6.2525,4,2,0,2,4,187,129,58,8,78,109,7.11823529411765,7.33806201550388,6.62931034482759,6.875,6.93717948717949,7.24779816513761,56
"49",2006,3,6.75,8,7.5,4.5,NA,7.5,6.5,6,2,0,2,6,195,135,60,8,80,115,7.1031282051282,7.34525925925926,6.55833333333333,6.875,6.95125,7.20878260869565,57
"50",2006,4,6.55,5,6.58333333333333,6.5,NA,7,5.875,3,2,0,3,2,200,138,62,8,83,117,7.0893,7.32869565217391,6.55645161290323,6.875,6.95301204819277,7.18598290598291,58
"51",2006,5,7.42857142857143,7,8.75,5.66666666666667,NA,7.25,7.66666666666667,4,3,0,4,3,207,142,65,8,87,120,7.1007729468599,7.3687323943662,6.51538461538462,6.875,6.96666666666667,7.198,59
"52",2006,6,7.23529411764706,17,7.8,6.42857142857143,NA,7.13636363636364,7.41666666666667,10,7,0,11,6,224,152,72,8,98,126,7.11098214285714,7.39710526315789,6.50694444444444,6.875,6.98571428571429,7.2084126984127,60
"53",2006,7,7.065,20,7.33333333333333,6.6625,8,6.8,7.33,12,8,1,10,10,244,164,80,9,108,136,7.1072131147541,7.39243902439024,6.5225,7,6.96851851851852,7.21735294117647,61
"54",2006,8,6.56666666666667,15,6.83333333333333,6.16666666666667,8,6.66666666666667,6.5,9,6,1,6,9,259,173,86,10,114,145,7.07590733590734,7.36335260115607,6.49767441860465,7.1,6.95263157894737,7.1728275862069,62
"55",2006,9,7.35416666666667,24,7.95833333333333,6.75,7,7.27777777777778,7.58333333333333,12,12,2,18,6,283,185,98,12,132,151,7.09950530035336,7.40194594594595,6.52857142857143,7.08333333333333,6.9969696969697,7.18913907284768,63
"56",2006,10,6.71428571428571,7,6.5,6.8,NA,7,6.66666666666667,2,5,0,1,6,290,187,103,12,133,157,7.09020689655172,7.39229946524064,6.54174757281553,7.08333333333333,6.99699248120301,7.16917197452229,64
"57",2006,11,6.90434782608696,23,7.33333333333333,6.1,7,6.84615384615385,6.98,15,8,1,13,10,313,202,111,13,146,167,7.07654952076677,7.38792079207921,6.50990990990991,7.07692307692308,6.98356164383562,7.15784431137724,65
"58",2006,12,7.05952380952381,42,7.42857142857143,6.32142857142857,7.66666666666667,6.63888888888889,7.375,28,14,3,18,24,355,230,125,16,164,191,7.07453521126761,7.39286956521739,6.4888,7.1875,6.94573170731707,7.18513089005236,66
"59",2007,1,6.9625,40,7.08620689655172,6.63636363636364,6.66666666666667,6.84375,7.04166666666667,29,11,3,16,24,395,259,136,19,180,215,7.06318987341772,7.35853281853282,6.50073529411765,7.10526315789474,6.93666666666667,7.16911627906977,67
"60",2007,2,7.116026,25,7.28235294117647,6.76258125,5.5,7,7.19337666666667,17,8,3,10,15,420,276,144,22,190,230,7.06633488095238,7.35384057971014,6.51528229166667,6.88636363636364,6.94,7.17069847826087,68
"61",2007,3,6.925,20,7.45454545454545,6.27777777777778,8,7,6.85,11,9,1,10,10,440,287,153,23,200,240,7.05991056818182,7.35770034843206,6.5013114379085,6.93478260869565,6.943,7.15733604166667,69
"62",2007,4,6.86538461538461,26,6.875,6.85714285714286,7,6.53125,7.4,12,14,2,16,10,466,299,167,25,216,250,7.0490571888412,7.33832775919732,6.53114161676647,6.94,6.9125,7.1670426,70
"63",2007,5,7.02083333333333,24,7.42857142857143,6.45,6,7.33333333333333,6.70833333333333,14,10,1,12,12,490,313,177,26,228,262,7.04767479591837,7.3423642172524,6.52655734463277,6.90384615384615,6.93464912280702,7.14603301526718,71
"64",2007,6,6.75,14,6.83333333333333,6.6,7,6.64285714285714,6.85714285714286,9,5,2,7,7,504,322,182,28,235,269,7.0394060515873,7.32813664596273,6.528575,6.91071428571429,6.92595744680851,7.13851542750929,72
"65",2007,7,7.02,25,7.21428571428571,6.77272727272727,NA,7.25,6.86666666666667,14,11,0,10,15,529,336,193,28,245,284,7.03848894139887,7.32339285714286,6.54249041450777,6.91071428571429,6.93918367346939,7.12415721830986,73
"66",2007,8,7.153125,32,7.38695652173913,6.55555555555556,5.5,6.89473684210526,7.53076923076923,23,9,2,19,13,561,359,202,30,264,297,7.04502789661319,7.3274651810585,6.54307252475247,6.81666666666667,6.93598484848485,7.14195505050505,74
"67",2007,9,7.01351351351351,37,7.29565217391304,6.55,6,6.86923076923077,7.09166666666667,23,14,1,13,24,598,382,216,31,277,321,7.04307801003344,7.3255497382199,6.54352152777778,6.79032258064516,6.93285198555957,7.13819517133956,75
"68",2007,10,7.51851851851852,27,7.64285714285714,7.38461538461539,8,7.05555555555556,7.75,14,13,3,9,18,625,396,229,34,286,339,7.06361704,7.33676767676768,6.5912692139738,6.89705882352941,6.93671328671329,7.17068038348083,76
"69",2007,11,7.02631578947368,38,7.3,6.55714285714286,NA,6.8125,7.18181818181818,24,14,0,16,22,663,420,243,34,302,361,7.06147911010558,7.33466666666667,6.58930308641975,6.89705882352941,6.93013245033113,7.17135914127424,77
"70",2007,12,7.05916326530612,49,7.43333333333333,6.46836842105263,6,7.22495833333333,6.9,30,19,1,24,25,712,450,262,35,326,386,7.06131973314607,7.34124444444444,6.58053301526717,6.87142857142857,6.95183742331288,7.15378406735751,78
"71",2008,1,7.51923076923077,52,7.86666666666667,7.04545454545455,6.8,7.62068965517241,7.39130434782609,30,22,5,29,23,764,480,284,40,355,409,7.09248645287958,7.37408333333333,6.61654806338028,6.8625,7.00647605633803,7.16714095354523,79
"72",2008,2,7.05441176470588,34,7.375,6.59642857142857,6.71666666666667,7.29545454545455,6.93913043478261,20,14,3,11,23,798,500,298,43,366,432,7.09086422305765,7.37412,6.61560285234899,6.85232558139535,7.01516120218579,7.15500150462963,80
"73",2008,3,6.77179487179487,39,7.28260869565217,6.0375,6.82,6.73333333333333,6.79583333333333,23,16,5,15,24,837,523,314,48,381,456,7.07599719235365,7.37009560229446,6.58614538216561,6.84895833333333,7.0040656167979,7.13609791666667,81
"74",2008,4,7.225,40,7.17857142857143,7.33333333333333,NA,7.26923076923077,7.2037037037037,28,12,0,13,27,877,551,326,48,394,483,7.08279321550741,7.36036297640653,6.61364923312883,6.84895833333333,7.01281472081218,7.13987712215321,82
"75",2008,5,6.55769230769231,26,6.45,6.91666666666667,6.5,6.81818181818182,6.36666666666667,20,6,1,11,15,903,571,332,49,405,498,7.06767403100775,7.32847635726795,6.61912545180723,6.84183673469388,7.00752839506173,7.11658765060241,83
"76",2008,6,6.98888888888889,27,7.51176470588235,6.1,8.5,7.39285714285714,6.55384615384615,17,10,2,14,13,930,588,342,51,419,511,7.06538672043011,7.33377551020408,6.60394634502924,6.90686274509804,7.02040334128878,7.10227133072407,84
"77",2008,7,6.88823529411765,34,7.03181818181818,6.625,6.3,6.86153846153846,6.90476190476191,22,12,5,13,21,964,610,354,56,432,532,7.05913864107884,7.32288524590164,6.60466002824859,6.85267857142857,7.01562268518518,7.09447490601504,85
"78",2008,8,7.11470588235294,34,7.05,7.1875,7.5,7.17272727272727,7.08695652173913,18,16,2,11,23,998,628,370,58,443,555,7.06103171342685,7.31506369426751,6.62986391891892,6.875,7.0195237020316,7.09416333333333,86
"79",2008,9,6.74333333333333,30,7.05,6.39285714285714,6.83333333333333,6.84615384615385,6.66470588235294,16,14,3,13,17,1028,644,384,61,456,572,7.05176035992218,7.30847826086956,6.621223046875,6.87295081967213,7.01458114035088,7.08139973776224,87
"80",2008,10,6.83333333333333,24,6.85294117647059,6.78571428571429,7,6.9375,6.78125,17,7,2,8,16,1052,661,391,63,464,588,7.0467772338403,7.29676248108926,6.6241679028133,6.87698412698413,7.01325215517241,7.07323239795918,88
"81",2008,11,7.20967741935484,31,7.375,6.90909090909091,6.5,7.27777777777778,7.18181818181818,20,11,2,9,22,1083,681,402,65,473,610,7.05144012003694,7.29906020558003,6.63196430348259,6.86538461538461,7.01828541226216,7.07714860655738,89
"82",2008,12,6.86805555555556,36,7.23148148148148,5.77777777777778,5.33333333333333,7.325,6.69230769230769,27,9,3,10,26,1119,708,411,68,483,636,7.04554034852547,7.29648305084746,6.61325948905109,6.79779411764706,7.02463561076605,7.0614161163522,90
"83",2009,1,7.33152173913043,46,7.425,7.15625,7,7.60294117647059,7.17241379310345,30,16,6,17,29,1165,738,427,74,500,665,7.05683231759657,7.30170731707317,6.63360573770492,6.81418918918919,7.044298,7.06625661654135,91
"84",2009,2,6.68018867924528,53,7.02878787878788,6.105,6.33333333333333,6.95,6.57368421052632,33,20,6,15,38,1218,771,447,80,515,703,7.04044306239737,7.29002594033722,6.60995447427293,6.778125,7.04155145631068,7.03963108108108,92
"85",2009,3,7.10769230769231,39,7.09090909090909,7.12941176470588,6.75,7.71428571428571,6.975,22,17,4,7,32,1257,793,464,84,522,735,7.04252955449483,7.28450189155107,6.62898631465517,6.77678571428571,7.05057279693487,7.03681721088435,93
"86",2009,4,6.94444444444444,36,7.1,6.59090909090909,5.66666666666667,6.68181818181818,7.06,25,11,3,11,25,1293,818,475,87,533,760,7.03979864655839,7.2788630806846,6.62810452631579,6.73850574712644,7.04296247654784,7.03757980263158,94
"87",2009,5,7.03846153846154,39,7.19565217391304,6.8125,6.83333333333333,7.17647058823529,6.93181818181818,23,16,3,17,22,1332,841,491,90,550,782,7.039759496997,7.27658739595719,6.6341133401222,6.74166666666667,7.04708909090909,7.0346044117647,95
"88",2009,6,7.31931818181818,44,7.3921875,7.125,7.5,7.9625,6.95178571428571,32,12,2,16,28,1376,873,503,92,566,810,7.04869887354651,7.28082474226804,6.64582435387674,6.75815217391304,7.07296643109541,7.03174154320988,96
"89",2009,7,7.01785714285714,28,7.07692307692308,6.96666666666667,7,6.7,7.19444444444444,13,15,5,10,18,1404,886,518,97,576,828,7.0480837962963,7.27783295711061,6.65511515444015,6.77061855670103,7.06649131944444,7.03527856280193,97
"90",2009,8,6.65625,32,7.08333333333333,6.10714285714286,5.33333333333333,7,6.42105263157895,18,14,3,13,19,1436,904,532,100,589,847,7.03935212395543,7.27396017699115,6.64069483082707,6.7275,7.06502376910017,7.02150017709563,98
"91",2009,9,6.88076923076923,26,7.36875,6.1,6.66666666666667,7.27272727272727,6.59333333333333,16,10,3,11,15,1462,920,542,103,600,862,7.03653190834473,7.27560869565217,6.63071891143911,6.72572815533981,7.06883166666667,7.01404947795823,99
"92",2009,10,7.13714285714286,35,7.16538461538462,7.05555555555556,6,7.2,7.09,26,9,3,15,20,1497,946,551,106,615,882,7.03888420173681,7.27257928118393,6.63765816696915,6.70518867924528,7.07203089430894,7.01577171201814,100
"93",2009,11,7.00222222222222,45,7.47368421052632,6.65769230769231,6.57142857142857,7.71875,6.60689655172414,19,26,7,16,29,1542,965,577,113,631,911,7.03781429961089,7.27653886010363,6.63856091854419,6.69690265486726,7.0884294770206,7.00275592755214,101
"94",2009,12,6.60666666666667,45,6.91538461538462,6.18421052631579,6.66666666666667,7.08666666666667,6.36666666666667,26,19,3,15,30,1587,991,596,116,646,941,7.02558894139886,7.26706357214934,6.62407659395973,6.69612068965517,7.08838854489164,6.98247678002125,102
"95",2010,1,7.19230769230769,39,7.60526315789474,6.8,6.8,7.63636363636364,7.01785714285714,19,20,5,11,28,1626,1010,616,121,657,969,7.02958773062731,7.27342574257426,6.62978839285714,6.7004132231405,7.09756316590563,6.98349912280702,103
"96",2010,2,7.13392857142857,28,7.15277777777778,7.1,8,7,7.16304347826087,18,10,1,5,23,1654,1028,626,122,662,992,7.03135408101572,7.27131322957198,6.63729976038339,6.71106557377049,7.09682628398792,6.98766194556452,104
"97",2010,3,7.29166666666667,24,7.26315789473684,7.4,10,7.42857142857143,7.23529411764706,19,5,1,7,17,1678,1047,631,123,669,1009,7.03507726460071,7.27116523400191,6.64334334389857,6.73780487804878,7.10029745889387,6.99183414271556,105
"98",2010,4,6.85806451612903,31,7.00625,6.7,NA,7.36363636363636,6.58,16,15,0,11,20,1709,1063,646,123,680,1029,7.0318663838502,7.26717779868297,6.64465890092879,6.73780487804878,7.10455735294118,6.98382959183673,106
"99",2010,5,7.38,30,7.58235294117647,7.11538461538461,7,7.35714285714286,7.38695652173913,17,13,1,7,23,1739,1080,659,124,687,1052,7.03787213916044,7.27213888888889,6.65394484066768,6.73991935483871,7.10713100436681,6.99264320342205,107
"100",2010,6,7.314,25,7.70357142857143,6.81818181818182,6.42857142857143,7.45,7.25,14,11,7,8,17,1764,1094,670,131,695,1069,7.04178551587302,7.27765996343693,6.65664126865672,6.72328244274809,7.11107769784173,6.9967358746492,108
"101",2010,7,7.56,35,8.325,6.54,7.16666666666667,7.65294117647059,7.47222222222222,20,15,3,17,18,1799,1114,685,134,712,1087,7.05186750972763,7.2964631956912,6.65408708029197,6.73320895522388,7.1240154494382,7.00460961361545,109
"102",2010,8,7.14583333333333,24,7.67857142857143,6.4,7.5,7.3,7.03571428571429,14,10,3,10,14,1823,1128,695,137,722,1101,7.05310458036204,7.30120567375886,6.65043115107914,6.75,7.12645290858726,7.00500513169846,110
"103",2010,9,7.74565217391304,23,8.13888888888889,6.33,7.4,7.96428571428571,7.65,18,5,1,7,16,1846,1146,700,138,729,1117,7.06173328819068,7.3143630017452,6.64814235714286,6.75471014492754,7.13449794238683,7.01424409131602,111
"104",2010,10,7.04545454545455,33,6.92857142857143,7.25,7.33333333333333,7.20833333333333,6.95238095238095,21,12,3,12,21,1879,1167,712,141,741,1138,7.06144739222991,7.3074207369323,6.6582860252809,6.76702127659574,7.13569365721997,7.01310250439367,112
"105",2010,11,6.82767857142857,56,7.10555555555556,6.56896551724138,7.33333333333333,7.38666666666667,6.62317073170732,27,29,3,15,41,1935,1194,741,144,756,1179,7.05468198966408,7.30285594639866,6.65479035087719,6.77881944444444,7.14067328042328,6.9995425360475,113
"106",2010,12,7.1775,40,7.46538461538462,6.64285714285714,7.23333333333333,7.2,7.16896551724138,26,14,3,11,29,1975,1220,755,147,767,1208,7.05716944303797,7.30631967213115,6.65456907284768,6.78809523809524,7.14152411994785,7.00360980960265,114
"107",2011,1,6.97631578947368,57,7.55294117647059,6.12391304347826,6.25,7.26923076923077,6.88977272727273,34,23,6,13,44,2032,1254,778,153,780,1252,7.05490140255905,7.31300637958533,6.63888129820052,6.76699346405229,7.14365256410256,6.99960914536741,115
"108",2011,2,6.80689655172414,29,7.12631578947368,6.2,7.33333333333333,6.5,6.856,19,10,3,4,25,2061,1273,788,156,784,1277,7.05141176613294,7.31021995286724,6.63331173857868,6.77788461538461,7.14036862244898,6.9967976898982,116
"109",2011,3,7.25882352941176,34,7.67272727272727,6.5,5,7.27272727272727,7.25217391304348,22,12,1,11,23,2095,1295,800,157,795,1300,7.05477787589499,7.31637837837838,6.6313120625,6.76656050955414,7.1422,7.00131588461538,117
"110",2011,4,6.52083333333333,24,7.20833333333333,5.83333333333333,5.5,6.27777777777778,6.66666666666667,12,12,2,9,15,2119,1307,812,159,804,1315,7.04873036809816,7.31538638102525,6.61951927339902,6.75062893081761,7.1325236318408,6.99749859315589,118
"111",2011,5,6.98666666666667,30,7.10666666666667,6.86666666666667,7.26666666666667,6.71666666666667,7.16666666666667,15,15,3,12,18,2149,1322,827,162,816,1333,7.04786395998139,7.31301815431165,6.62400199516324,6.76018518518518,7.1264080882353,6.99978293323331,119
"112",2011,6,7.15925925925926,27,7.58666666666667,6.625,6,7.6875,6.93684210526316,15,12,2,8,19,2176,1337,839,164,824,1352,7.04924616268382,7.31608825729244,6.6240162693683,6.75091463414634,7.13185558252427,6.99889840976331,120
"113",2011,7,6.66323529411765,34,7.35588235294118,5.97058823529412,6,6.84090909090909,6.57826086956522,17,17,1,11,23,2210,1354,856,165,835,1375,7.04330753393665,7.31658788774003,6.61103931074766,6.74636363636364,7.12802275449102,6.99186229090909,121
"114",2011,8,6.70697674418605,43,7.13461538461539,6.05294117647059,6.875,6.54545454545455,6.7625,26,17,4,11,32,2253,1380,873,169,846,1407,7.0368884376387,7.31315942028985,6.60017142038946,6.74940828402367,7.12044799054374,6.98664580668088,122
"115",2011,9,6.75,35,7.05434782608696,6.16666666666667,8,6.4,6.80833333333333,23,12,2,5,30,2288,1403,885,171,851,1437,7.03249984702797,7.30891660727013,6.59429338983051,6.7640350877193,7.11621504112809,6.98292320807237,123
"116",2011,10,7.25714285714286,42,7.30740740740741,7.16666666666667,7.5,7.53333333333333,7.14666666666667,27,15,2,12,30,2330,1430,900,173,863,1467,7.03654920600858,7.30888811188811,6.60383294444445,6.77254335260116,7.12201506373117,6.98627174505794,124
"117",2011,11,7.11274509803922,51,7.32424242424242,6.725,6.5,6.8,7.1890243902439,33,18,4,10,41,2381,1463,918,177,873,1508,7.03818128937421,7.30923444976076,6.60620876906318,6.76638418079096,7.1183264604811,6.99178425066313,125
"118",2011,12,7.14047619047619,42,7.44230769230769,6.65,6.75,7.2125,7.09615384615385,26,16,4,16,26,2423,1489,934,181,889,1534,7.03995445728436,7.31155809267965,6.60695894004283,6.76602209944751,7.12002137232846,6.99355322685788,126
"119",2012,1,7.23365384615385,52,7.67678571428571,6.71666666666667,6.5,7.5,7.10428571428571,28,24,3,17,35,2475,1517,958,184,906,1569,7.0440241010101,7.31829927488464,6.60970735908142,6.76168478260869,7.12715121412804,6.99602335882728,127
"120",2012,2,7.14473684210526,38,7.22,7,NA,7.36363636363636,7.05555555555556,25,13,0,11,27,2513,1542,971,184,917,1596,7.0455470155193,7.3167055771725,6.61493269824923,6.76168478260869,7.12998800436205,6.99703048245614,128
"121",2012,3,7.38888888888889,27,7.66666666666667,6.83333333333333,7.5,7.75,7.28571428571429,18,9,2,6,21,2540,1560,980,186,923,1617,7.04919671259843,7.32074358974359,6.61693841836735,6.76962365591398,7.13401841820152,7.00077962275819,129
"122",2012,4,6.82037037037037,27,7.09166666666667,6.27777777777778,7.33333333333333,7.91666666666667,6.68333333333333,18,9,3,3,24,2567,1578,989,189,926,1641,7.04678989092326,7.31813054499366,6.61385202224469,6.77857142857143,7.13655399568035,6.99613689823278,130
"123",2012,5,7,28,7.35882352941176,6.44545454545455,8.3,6.26666666666667,7.2,17,11,3,6,22,2595,1595,1000,192,932,1663,7.04628502890174,7.31856426332288,6.61199965,6.80234375,7.13095386266095,6.99883382441371,131
"124",2012,6,6.64285714285714,21,6.96428571428571,6,7,7,6.55882352941176,14,7,1,4,17,2616,1609,1007,193,936,1680,7.04304650229358,7.31548166563082,6.60774543197617,6.80336787564767,7.13039423076923,6.99438133928571,132
"125",2012,7,7.18296296296296,27,7.22222222222222,7.10444444444444,7.96666666666667,6.79,7.41411764705882,18,9,3,10,17,2643,1627,1016,196,946,1697,7.04447584184639,7.31444990780578,6.61214532480315,6.82117346938776,7.12679598308668,6.99858612256924,133
"126",2012,8,7.209375,32,7.64210526315789,6.57692307692308,8,7.77777777777778,6.98695652173913,19,13,1,9,23,2675,1646,1029,197,955,1720,7.04644846728972,7.31823207776428,6.61170034013605,6.82715736040609,7.13293089005236,6.99843061046511,134
"127",2012,9,7.09468085106383,47,7.598,6.52272727272727,6,7.03,7.125,25,22,5,15,32,2722,1671,1051,202,970,1752,7.04728128214548,7.32241771394375,6.60983791627022,6.80668316831683,7.13133917525773,7.00074238013698,135
"128",2012,10,7.2047619047619,63,7.49736842105263,6.76,6.7,7.53333333333333,7.15,38,25,5,9,54,2785,1709,1076,207,979,1806,7.05084368043088,7.32630778232885,6.61332681226766,6.80410628019324,7.13503472931563,7.00520523255814,136
"129",2012,11,7.26818181818182,55,7.51969696969697,6.89090909090909,7.51666666666667,7.52692307692308,7.18809523809524,33,22,6,13,42,2840,1742,1098,213,992,1848,7.05505269366197,7.32997129735936,6.6188885701275,6.82417840375587,7.14017036290323,7.00936182359307,137
"130",2012,12,7.02209302325581,86,7.18983050847458,6.65555555555556,6.91111111111111,7.04736842105263,7.01492537313433,59,27,9,19,67,2926,1801,1125,222,1011,1915,7.05408395420369,7.32538034425319,6.61976857777778,6.8277027027027,7.13842631058358,7.00955647519582,138
"131",2013,1,7.14619565217391,92,7.56018518518519,6.55789473684211,6.46428571428571,6.87931034482759,7.26904761904762,54,38,14,29,63,3018,1855,1163,236,1040,1978,7.05689186547383,7.33221563342318,6.61774690455718,6.80614406779661,7.13120096153846,7.01782135995955,139
"132",2013,2,6.79354838709677,62,7.26086956521739,5.45,5.9,6.63333333333333,6.84468085106383,46,16,5,15,47,3080,1901,1179,241,1055,2025,7.05159079545455,7.330489216202,6.60189961832061,6.78734439834025,7.12412227488152,7.01380279012346,140
"133",2013,3,7.14117647058824,51,7.39705882352941,6.62941176470588,6.5,7.31428571428571,7.11363636363636,34,17,3,7,44,3131,1935,1196,244,1062,2069,7.05305003193868,7.33165891472868,6.60229067725752,6.78381147540984,7.12537570621469,7.01592588206863,141
"134",2013,4,7.11967213114754,61,7.51395348837209,6.17777777777778,6.375,7.17857142857143,7.10212765957447,43,18,4,14,47,3192,1978,1214,248,1076,2116,7.05432319862156,7.33562184024267,6.59599641680395,6.77721774193548,7.12606784386617,7.01784057183365,142
"135",2013,5,7.22105263157895,38,7.468,6.74615384615385,7.5,7.77272727272727,6.9962962962963,25,13,3,11,27,3230,2003,1227,251,1087,2143,7.05628472136223,7.3372740888667,6.59758732681336,6.78585657370518,7.13261177552898,7.01756913205786,143
"136",2013,6,7.13181818181818,44,7.63571428571429,6.25,5.33333333333333,7.11111111111111,7.13714285714286,28,16,6,9,35,3274,2031,1243,257,1096,2178,7.05729983200978,7.34138847858198,6.5931131536605,6.75194552529183,7.1324352189781,7.01949065656565,144
"137",2013,7,6.905,58,7.12162162162162,6.52333333333333,6.66666666666667,7.21428571428571,6.80659090909091,37,21,9,14,44,3332,2068,1264,266,1110,2222,7.0546487545018,7.33745647969052,6.59195383702531,6.74906015037594,7.13346756756757,7.015274819982,145
"138",2013,8,7.01078431372549,51,6.82758620689655,7.25227272727273,7.28125,6.86363636363636,7.05125,29,22,8,11,40,3383,2097,1286,274,1121,2262,7.05398748152528,7.33040534096328,6.60325011664074,6.76459854014599,7.13081980374665,7.01591098585322,146
"139",2013,9,6.82459016393443,61,6.9575,6.57142857142857,6.375,7,6.76222222222222,40,21,4,16,45,3444,2137,1307,278,1137,2307,7.04992440476191,7.32342536265793,6.60273882938026,6.7589928057554,7.12897889182058,7.01096257043779,147
"140",2013,10,7.05681818181818,44,7.05357142857143,7.0625,6.66666666666667,7.4375,6.97222222222222,28,16,3,8,36,3488,2165,1323,281,1145,2343,7.05001136754587,7.31993533487298,6.60829905517762,6.75800711743772,7.13113449781659,7.01036732821169,148
"141",2013,11,6.91102941176471,68,7.18452380952381,6.46923076923077,6,7.16875,6.83173076923077,42,26,8,16,52,3556,2207,1349,289,1161,2395,7.04735366985377,7.31735840507476,6.60561871756857,6.73702422145329,7.13165288544358,7.00648878914405,149
"142",2013,12,6.63493975903614,83,7.004,6.07575757575758,5.86363636363636,6.495,6.67936507936508,50,33,11,20,63,3639,2257,1382,300,1181,2458,7.037947142072,7.31041648205582,6.59296646164978,6.705,7.12087129551228,6.99810441415785,150
"143",2014,1,6.80232558139535,86,7.06509433962264,6.38030303030303,6.88636363636364,6.97884615384615,6.72583333333333,53,33,11,26,60,3725,2310,1415,311,1207,2518,7.03250728859061,7.30478787878788,6.58800681978798,6.71141479099678,7.11781193040597,6.9916166203336,151
"144",2014,2,6.66,65,6.92820512820513,6.25769230769231,6.57142857142857,6.33333333333333,6.73396226415094,39,26,7,12,53,3790,2349,1441,318,1219,2571,7.02611864116095,7.29853554704129,6.58204694656488,6.70833333333333,7.11008941755537,6.98630519253209,152
"145",2014,3,7.25,42,7.95,6.61363636363636,7,7.3125,7.23529411764706,20,22,3,8,34,3832,2369,1463,321,1227,2605,7.02857245563675,7.30403545799915,6.58252197539303,6.71105919003115,7.11140912795436,6.98955495201535,153
"146",2014,4,6.77840909090909,44,6.89130434782609,6.65476190476191,6.5,7.1,6.73717948717949,23,21,3,5,39,3876,2392,1484,324,1232,2644,7.02573262383901,7.30006688963211,6.58354423854447,6.70910493827161,7.11136282467533,6.98583231845688,154
"147",2014,5,6.98913043478261,46,7.12068965517241,6.76470588235294,7,6.9,7,29,17,3,5,41,3922,2421,1501,327,1237,2685,7.02530332738399,7.29791821561338,6.58559603597601,6.71177370030581,7.11050848827809,6.98604865921788,155
"148",2014,6,6.79130434782609,46,7.40384615384615,5.995,6.5,6.46428571428571,6.934375,26,20,6,14,32,3968,2447,1521,333,1251,2717,7.02259063760081,7.29904372701267,6.57783014464168,6.70795795795796,7.10327657873701,6.98544006256901,156
"149",2014,7,6.93023255813953,43,7.38888888888889,6.15625,6.9,8,6.68571428571429,27,16,5,8,35,4011,2474,1537,338,1259,2752,7.02160051109449,7.30002425222312,6.57344154196486,6.71079881656805,7.10897458300238,6.9816281431686,157
"150",2014,8,6.72647058823529,51,6.84655172413793,6.56818181818182,6.5,6.54545454545455,6.77625,29,22,9,11,40,4062,2503,1559,347,1270,2792,7.01789503938947,7.2947702756692,6.5733673187941,6.70533141210375,7.1040937007874,6.97868576289398,158
"151",2014,9,6.38949152542373,59,6.60294117647059,6.0992,5.66666666666667,6.68181818181818,6.3225,34,25,3,11,48,4121,2537,1584,350,1281,2840,7.00889824071827,7.28549862041782,6.56588361742424,6.69642857142857,7.10046760343482,6.96759529929577,159
"152",2014,10,6.58510638297872,47,6.92692307692308,6.16190476190476,6.06666666666667,6.76428571428571,6.50909090909091,26,21,9,14,33,4168,2563,1605,359,1295,2873,7.00411939779271,7.28186110027312,6.56059791277258,6.68064066852368,7.09683320463321,6.96232880264532,160
"153",2014,11,6.7375,56,7.21935483870968,6.14,6,6.79,6.72608695652174,31,25,6,10,46,4224,2594,1630,365,1305,2919,7.00058467092803,7.28111410948342,6.55414702453988,6.66945205479452,7.09448199233717,6.95860590955807,161
"154",2014,12,6.58965517241379,58,7.00526315789474,5.8,5.8,6.41666666666667,6.63478260869565,38,20,10,12,46,4282,2632,1650,375,1317,2965,6.99501860112097,7.27713145896656,6.54500584848485,6.64626666666667,7.0883059984814,6.95358200674536,162
"155",2015,1,6.57299879518072,83,6.51488039215686,6.665625,6.72222222222222,6.42857142857143,6.60230289855072,51,32,9,14,69,4365,2683,1682,384,1331,3034,6.98699394043528,7.26264215430488,6.54730062425683,6.648046875,7.08136664162284,6.94559312788398,163
"156",2015,2,6.61538461538461,65,6.95263157894737,6.14074074074074,5.13333333333333,6.40909090909091,6.65740740740741,38,27,6,11,54,4430,2721,1709,390,1342,3088,6.98154143340858,7.25831271591327,6.54087750146284,6.62474358974359,7.07585618479881,6.94055361075129,164
"157",2015,3,6.73214285714286,56,7.1,6.30769230769231,5.8,6.84615384615385,6.69767441860465,30,26,5,13,43,4486,2751,1735,395,1355,3131,6.97842812082033,7.2565862958924,6.53738308357348,6.61430379746835,7.07365239852399,6.9372179974449,165
"158",2015,4,6.43627118644068,59,7.06,5.52666666666667,5.3,7.22307692307692,6.21391304347826,35,24,5,13,46,4545,2786,1759,400,1368,3177,6.971390220022,7.25411661880833,6.52359275156338,6.597875,7.07507236842105,6.92674521561221,166
"159",2015,5,6.59272727272727,55,7.11290322580645,5.92083333333333,6,7.07142857142857,6.52291666666667,31,24,4,7,48,4600,2817,1783,404,1375,3225,6.96686272826087,7.25256261980831,6.51547933258553,6.59195544554455,7.07505381818182,6.92073474418605,167
"160",2015,6,7.01875,48,7.24615384615385,6.75,6.78571428571429,6.54166666666667,7.17777777777778,26,22,7,12,36,4648,2843,1805,411,1387,3261,6.96739856927711,7.25250400984875,6.51833775623268,6.59525547445256,7.07043907714492,6.92357238577123,168
"161",2015,7,6.8135593220339,59,7.20606060606061,6.31538461538462,6,7.125,6.73404255319149,33,26,6,12,47,4707,2876,1831,417,1399,3308,6.96547026768643,7.25197110570236,6.5154558438012,6.58669064748201,7.0709070764832,6.92087954957678,169
"162",2015,8,7.07627118644068,59,7.30952380952381,6.5,6.125,7.1,7.06818181818182,42,17,4,15,44,4766,2918,1848,421,1414,3352,6.96684191145615,7.25279948594928,6.51531366341991,6.58230403800475,7.07121570014144,6.92281311157518,170
"163",2015,9,7.06884615384615,52,7.2196875,6.8275,6.5625,7.421875,6.91194444444444,32,20,4,16,36,4818,2950,1868,425,1430,3388,6.96794282897468,7.25244030508474,6.51865612955032,6.58211764705882,7.07513916083916,6.92269762396694,171
"164",2015,10,6.20322580645161,62,6.61081081081081,5.6,5.4375,6.5,6.132,37,25,8,12,50,4880,2987,1893,433,1442,3438,6.95822716188525,7.24449243388015,6.50652385103011,6.56096997690531,7.07035298196949,6.91119824025596,172
"165",2015,11,6.92153846153846,65,7.43783783783784,6.23928571428571,6.5,6.96875,6.90612244897959,37,28,4,16,49,4945,3024,1921,437,1458,3487,6.95774490394338,7.24685810185185,6.5026286569495,6.5604118993135,7.06923799725652,6.91112691425294,173
"166",2015,12,7.0030303030303,66,7.31578947368421,6.57857142857143,5.91666666666667,7.45833333333333,6.90185185185185,38,28,6,12,54,5011,3062,1949,443,1470,3541,6.95834135901018,7.24771355323318,6.50371967675731,6.55169300225734,7.07241428571429,6.91098547020616,174
"167",2016,1,6.89417475728155,103,6.90322580645161,6.88048780487805,7,6.57058823529412,6.95813953488372,62,41,10,17,86,5114,3124,1990,453,1487,3627,6.9570489929605,7.24087672855314,6.5114822361809,6.56158940397351,7.06667720242098,6.9121035428729,175
"168",2016,2,6.60227272727273,66,7.09375,5.84615384615385,6.75,6.98333333333333,6.49019607843137,40,26,10,15,51,5180,3164,2016,463,1502,3678,6.95252867760618,7.2390167193426,6.50290161210317,6.56565874730022,7.065844873502,6.90625327623709,176
"169",2016,3,6.56160714285714,56,6.72916666666667,6.26,5.94,6.58571428571429,6.55357142857143,36,20,5,14,42,5236,3200,2036,468,1516,3720,6.94834769862491,7.23328090625,6.50051554518664,6.55897435897436,7.06141094986808,6.9022713844086,177
"170",2016,4,6.29838709677419,62,6.60689655172414,6.02727272727273,6.35,7.05,6.15384615384615,29,33,10,10,52,5298,3229,2069,478,1526,3772,6.94074151566629,7.22765528027253,6.49296744804253,6.55460251046025,7.06133617300131,6.89195375132556,178
"171",2016,5,6.92295081967213,61,7.00810810810811,6.79166666666667,6.33333333333333,7.3,6.84901960784314,37,24,3,10,51,5359,3266,2093,481,1536,3823,6.9405390091435,7.2251680649112,6.496392570473,6.55322245322245,7.06288997395833,6.89138099659953,179
"172",2016,6,6.20833333333333,36,7.15,5.03125,3.5,5.86363636363636,6.36,20,16,2,11,25,5395,3286,2109,483,1547,3848,6.93565311399444,7.22471055995131,6.48527721669037,6.54057971014493,7.05436263736264,6.88792867723493,180
"173",2016,7,6.85416666666667,60,7.26351351351351,6.19565217391304,5.9,7.09615384615385,6.78723404255319,37,23,5,13,47,5455,3323,2132,488,1560,3895,6.93475683776352,7.2251426120975,6.48215274390244,6.53401639344262,7.0547108974359,6.88671362002567,181
"174",2016,8,6.51,50,7.14814814814815,5.76086956521739,4.5,7.125,6.39285714285714,27,23,3,8,42,5505,3350,2155,491,1568,3937,6.9308989191644,7.22452205970149,6.47445459396752,6.52158859470468,7.05506951530612,6.8814451485903,182
"175",2016,9,6.68958333333333,48,6.91071428571429,6.38,7.08333333333333,6.93181818181818,6.61756756756757,28,20,3,11,37,5553,3378,2175,494,1579,3974,6.92881299297677,7.22192092954411,6.47358604597701,6.525,7.05421089297024,6.87898831152491,183
"176",2016,10,6.13174603174603,63,6.6125,5.63548387096774,4.55555555555556,6.25,6.11454545454545,32,31,9,8,55,5616,3410,2206,503,1587,4029,6.91987153668091,7.21620202346041,6.46180854487761,6.48976143141153,7.05015689981097,6.86855287912633,184
"177",2016,11,6.93088235294118,68,7.14411764705882,6.71764705882353,6.8625,6.74,6.96379310344828,34,34,8,10,58,5684,3444,2240,511,1597,4087,6.9200032635468,7.21549038908246,6.46569180803571,6.49559686888454,7.0482147777082,6.86990446537803,185
"178",2016,12,6.18730158730159,63,6.57258064516129,5.8140625,5.97916666666667,6.25,6.16595744680851,31,32,12,16,47,5747,3475,2272,523,1613,4134,6.91197121106665,7.20975507913669,6.45651393045774,6.48374760994264,7.04029696218227,6.86190119738752,186
"179",2017,1,6.33333333333333,87,6.86842105263158,5.31666666666667,6.25,5.89583333333333,6.40333333333333,57,30,4,12,75,5834,3532,2302,527,1625,4209,6.90334222660268,7.20424657417893,6.44165927454387,6.4819734345351,7.03184553846154,6.85372999524828,187
"180",2017,2,6.27083333333333,48,6.83846153846154,5.6,5.45714285714286,7,6.05405405405405,26,22,7,11,37,5882,3558,2324,534,1636,4246,6.89818064433866,7.20157360876897,6.43369175989673,6.4685393258427,7.03163141809291,6.84676155204899,188
"181",2017,3,6.4722,50,6.8315625,5.83333333333333,6.125,7,6.34025,32,18,4,10,40,5932,3590,2342,538,1646,4286,6.89459011294673,7.19827545961003,6.42907756191289,6.46598513011152,7.03143924665857,6.84203442603826,189
"182",2017,4,6.33859649122807,57,6.67777777777778,6.03333333333333,5.9375,6.38333333333333,6.33333333333333,27,30,8,6,51,5989,3617,2372,546,1652,4337,6.88929847219903,7.1943900746475,6.42407236509275,6.45824175824176,7.02908535108959,6.83605246714319,190
"183",2017,5,6.44545454545455,44,6.584,6.26315789473684,6.16666666666667,6.975,6.3925,25,19,3,4,40,6033,3642,2391,549,1656,4377,6.88606142052047,7.1902001372872,6.42279366373902,6.45664845173042,7.02895471014493,6.83199898332191,191
"184",2017,6,6.96621621621622,37,7.01086956521739,6.89285714285714,6.25,7.71875,6.75862068965517,23,14,2,8,29,6070,3665,2405,551,1664,4406,6.88655000823724,7.18907473396998,6.42553,6.45589836660617,7.03227103365385,6.83151601225601,192
"185",2017,7,6.84315625,32,7.011,6.52272727272727,NA,7.45516666666667,6.70192307692308,21,11,0,6,26,6102,3686,2416,551,1670,4432,6.88632244346116,7.18806020075963,6.42597253725166,6.45589836660617,7.03379041916168,6.8307557648917,193
"186",2017,8,6.31315789473684,38,6.46,6.15,6.5,6.3,6.31785714285714,20,18,5,10,28,6140,3706,2434,556,1680,4460,6.88277517100977,7.18413111171074,6.42393165571077,6.45629496402878,7.02942261904762,6.8275357735426,194
"187",2017,9,6.53225806451613,31,6.76923076923077,6.36111111111111,6.2,5.25,6.72222222222222,13,18,5,4,27,6171,3719,2452,561,1684,4487,6.88101434937612,7.18268080129067,6.42347049347472,6.45401069518717,7.02519596199525,6.82690206151103,195
"188",2017,10,6.40754716981132,53,7.236,5.66785714285714,5.75,6.41666666666667,6.4063829787234,25,28,6,6,47,6224,3744,2480,567,1690,4534,6.87698257551414,7.18303683226496,6.414939375,6.44656084656085,7.02303550295858,6.82254290913101,196
"189",2017,11,6.40454545454545,55,6.90625,6.01612903225806,5.71428571428571,5.675,6.60813953488372,24,31,7,12,43,6279,3768,2511,574,1702,4577,6.87284433030738,7.18127385881104,6.41001579052171,6.43763066202091,7.01353113983549,6.82052863229189,197
"190",2017,12,6.19827586206897,58,6.40606060606061,5.924,4.775,6,6.21698113207547,33,25,4,5,53,6337,3801,2536,578,1707,4630,6.86667027773395,7.17454351486451,6.40522462539432,6.42612456747405,7.01056239015817,6.81361977321814,198
"191",2018,1,6.33571428571429,56,6.78214285714286,5.88928571428571,5.65,6.1875,6.36041666666667,28,28,6,8,48,6393,3829,2564,584,1715,4678,6.86201932582512,7.17167404021938,6.39959034711389,6.41815068493151,7.00672303206997,6.80896954895254,199
"192",2018,2,6.33585365853659,41,6.37826086956522,6.28166666666667,6.375,6.75,6.23545454545455,23,18,4,8,33,6434,3852,2582,588,1723,4711,6.85866638949332,7.16693663032191,6.39876826103796,6.41785714285714,7.00553105049333,6.80495214391849,200
"193",2018,3,6.38888888888889,36,6.41304347826087,6.34615384615385,5,7.5,6.20967741935484,23,13,3,5,31,6470,3875,2595,591,1728,4742,6.85605248068006,7.16246190967742,6.39850468208093,6.41065989847716,7.00696180555556,6.8010606389709,201
"194",2018,4,6.109375,32,6.77777777777778,5.25,6.5,7.14285714285714,5.82,18,14,1,7,25,6502,3893,2609,592,1735,4767,6.85237766071978,7.16068325199075,6.39234175929475,6.41081081081081,7.00751008645533,6.79591557583386,202
"195",2018,5,6.24878048780488,41,7.2,5.25,6,6.1875,6.26363636363636,21,20,1,8,33,6543,3914,2629,593,1743,4800,6.8485953767385,7.16089420030659,6.38365144541651,6.41011804384486,7.00374641422834,6.79225615625,203
"196",2018,6,6.37297297297297,37,6.94117647058824,5.89,6.125,6.1,6.415625,17,20,4,5,32,6580,3931,2649,597,1748,4832,6.84592090425532,7.15994400915797,6.37992436768592,6.40820770519263,7.00116132723112,6.78976191018212,204
"197",2018,7,6.69615384615385,26,6.58823529411765,6.9,6,8,6.5875,17,9,3,2,24,6606,3948,2658,600,1750,4856,6.84533144868302,7.15748224417426,6.38168534612491,6.40616666666667,7.00230285714286,6.78876226317957,205
"198",2018,8,6.5452380952381,42,6.9037037037037,5.9,6.125,6.85,6.45,27,15,4,10,32,6648,3975,2673,604,1760,4888,6.84343555204573,7.1557584654088,6.37898228582117,6.40430463576159,7.0014375,6.78654450695581,206
"199",2018,9,6.38888888888889,36,6.86363636363636,5.64285714285714,6.66666666666667,6.41666666666667,6.375,22,14,3,12,24,6684,3997,2687,607,1772,4912,6.84098736535009,7.15415058794096,6.37514687383699,6.40560131795717,6.99747742663657,6.7845337031759,207
"200",2018,10,6.49673913043478,46,6.90833333333333,5.725,6,6.96428571428571,6.41282051282051,30,16,4,7,39,6730,4027,2703,611,1779,4951,6.83863440564636,7.15231931959275,6.37129842767296,6.40294599018003,6.99734682405846,6.78160564532418,208
"201",2018,11,6.76759259259259,54,7.23333333333333,6.03571428571429,4.375,7.66666666666667,6.51071428571429,33,21,4,12,42,6784,4060,2724,615,1791,4993,6.83806891951651,7.15297780788177,6.36871132525697,6.38975609756098,7.00183137911781,6.77932696775486,209
"202",2018,12,6.95137254901961,51,7.43733333333333,6.25714285714286,6.4,7.64285714285714,6.84136363636364,30,21,5,7,44,6835,4090,2745,620,1798,5037,6.83891434528164,7.15506354523227,6.36785779599271,6.38983870967742,7.00432703003337,6.77986888028588,210
"203",2019,1,6.7,57,7,5.86,5,7,6.658,42,15,2,7,50,6892,4132,2760,622,1805,5087,6.83776545995357,7.1534873910939,6.36509769927536,6.38536977491961,7.00431024930748,6.77867103400826,211
"204",2019,2,6.58333333333333,42,6.91304347826087,6.18421052631579,6.25,6.28571428571429,6.64285714285714,23,19,4,7,35,6934,4155,2779,626,1812,5122,6.83622433660225,7.15215641395908,6.36386097517092,6.38450479233227,7.00153421633554,6.77774298125732,212
"205",2019,3,6.34736842105263,57,6.89210526315789,5.2578947368421,4.42857142857143,6.95,6.21914893617021,38,19,7,10,47,6991,4193,2798,633,1822,5169,6.83223852810757,7.14979964226091,6.35635083988563,6.36287519747235,7.00125137211855,6.77266387115496,213
"206",2019,4,6.69285714285714,42,6.73333333333333,6.63888888888889,6.5,6.625,6.7,24,18,7,4,38,7033,4217,2816,640,1826,5207,6.83140616379923,7.14742942850368,6.3581568359375,6.364375,7.00042716319825,6.77213357979643,214
"207",2019,5,6.2375,48,6.48666666666667,5.82222222222222,5.75,6.93333333333333,6.13809523809524,30,18,4,6,42,7081,4247,2834,644,1832,5249,6.8273802499647,7.14276192606546,6.35475287579393,6.36055900621118,7.00020742358079,6.76706030672509,215
"208",2019,6,7.00833326086957,46,7.19343424242424,6.53846153846154,6.4,7.5,6.98598477272727,33,13,5,2,44,7127,4280,2847,649,1834,5293,6.82854818015996,7.14315262383178,6.35559172813488,6.36086286594761,7.00075245365322,6.76888019648592,216
"209",2019,7,7.04032258064516,31,7.23863636363636,6.55555555555556,6.75,7.375,6.99074074074074,22,9,4,4,27,7158,4302,2856,653,1838,5320,6.82946533668623,7.14364091817759,6.3562218662465,6.36324655436447,7.00156692056583,6.77000618045113,217
"210",2019,8,6.58960784313726,51,6.92,6.0775,6.3,6.67,6.57,31,20,5,10,41,7209,4333,2876,658,1848,5361,6.82776846719379,7.14204090237711,6.35428360570236,6.36276595744681,6.99977272727273,6.76847656780451,218
"211",2019,9,6.419,50,6.47333333333333,6.3375,4.2,NA,6.419,30,20,5,0,50,7259,4363,2896,663,1848,5411,6.82495286954126,7.13744286729315,6.3541676968232,6.34645550527903,6.99977272727273,6.76524725189429,219
"212",2019,10,6.44893617021277,47,7.075,5.52631578947368,4.5,6.61538461538461,6.38529411764706,28,19,2,13,34,7306,4391,2915,665,1861,5445,6.82253392827813,7.13704468913687,6.34877174957118,6.3409022556391,6.99708758731865,6.76287472543618,220
"213",2019,11,6.66034482758621,58,6.89333333333333,6.41071428571429,5,6.62222222222222,6.66734693877551,30,28,4,9,49,7364,4421,2943,669,1870,5494,6.82125650190114,7.1353909138204,6.34936107713218,6.33288490284006,6.99528342245989,6.76202273025118,221
"214",2019,12,6.43790322580645,62,6.62428571428571,6.1962962962963,6.12222222222222,6.825,6.39642857142857,35,27,9,6,56,7426,4456,2970,678,1876,5550,6.81805586856989,7.1313763981149,6.34796957912458,6.33008849557522,6.99473880597015,6.75833385225225,222
"215",2020,1,6.23034066666667,75,6.72733837209302,5.5625,4.16666666666667,5.92857142857143,6.26140514705882,43,32,6,7,68,7501,4499,3002,684,1883,5618,6.81217950006666,7.1275147321627,6.33959681878747,6.31111111111111,6.99077535847053,6.75231905126379,223
"216",2020,2,6.33442111111111,54,6.65726771428571,5.73970368421053,6.892395,6.80909090909091,6.21299395348837,35,19,6,11,43,7555,4534,3021,690,1894,5661,6.80876468166777,7.12388468239965,6.33582390599139,6.31616575362319,6.98972016895459,6.74822242889949,224
"217",2020,3,6.2,41,6.17619047619048,6.225,5,6.66666666666667,6.16315789473684,21,20,2,3,38,7596,4555,3041,692,1897,5699,6.80547882701422,7.1195155104281,6.3350950411049,6.31236180635838,6.98920927780707,6.74432131426566,225
"218",2020,4,6.58139534883721,43,6.60606060606061,6.5,6.25,6.6875,6.55714285714286,33,10,4,8,35,7639,4588,3051,696,1905,5734,6.8042174590915,7.11582239537925,6.33563553588987,6.31200340517241,6.98794225721785,6.74317878793163,226
"219",2020,5,6.26,44,6.34384615384615,6.13888888888889,6.38888888888889,5.78571428571429,6.34972972972973,26,18,9,7,37,7683,4614,3069,705,1912,5771,6.80110076402447,7.11147229085392,6.33448159661127,6.31298492198582,6.98354079497908,6.74065624155259,227
"220",2020,6,6.51462972222222,36,6.94210526315789,6.03686294117647,5.6566675,7.1,6.42021516129032,19,17,4,5,31,7719,4633,3086,709,1917,5802,6.79976471563674,7.11077771422404,6.33284209008425,6.3092821438646,6.98384454877413,6.73894412961048,228
"221",2020,7,6.67878787878788,33,6.62608695652174,6.8,6.75,6.8,6.64,23,10,2,8,25,7752,4656,3096,711,1925,5827,6.79924972136223,7.10838340850515,6.33435099806202,6.31052185654008,6.98308051948052,6.73851962244723,229
"222",2020,8,6.32692307692308,39,6.49038461538461,6,5.75,6,6.375,26,13,4,5,34,7791,4682,3109,715,1930,5861,6.79688536003081,7.10495154848355,6.33295293985204,6.30738606993007,6.98053367875648,6.73641082409145,230
"223",2020,9,6.25921052631579,38,6.70454545454545,5.646875,3,6.25,6.26060606060606,22,16,1,5,33,7829,4704,3125,716,1935,5894,6.79427562140759,7.10307890093537,6.3294402208,6.30276681564246,6.97864599483204,6.73374683406854,231
"224",2020,10,6.43333333333333,48,6.759375,5.78125,5.25,7.03,6.27631578947368,32,16,4,10,38,7877,4736,3141,720,1945,5932,6.79207615081884,7.1007565772804,6.32664778414518,6.29691811111111,6.97891002570694,6.73081656102495,232
"225",2020,11,6.29661016949153,59,6.74285714285714,5.64583333333333,6,7.66666666666667,6.22321428571429,35,24,3,3,56,7936,4771,3165,723,1948,5988,6.78839262096774,7.09813103123035,6.32148521011058,6.2956860857538,6.97996919917865,6.72606944555778,233
"226",2020,12,6.6640625,64,6.75625,6.571875,6.42857142857143,7.775,6.50535714285714,32,32,7,8,56,8000,4803,3197,730,1956,6044,6.78739798,7.09585324797002,6.32399145761652,6.29696032876712,6.98322085889571,6.7240244606221,234
"227",2021,1,6.43758064516129,62,6.74051282051282,5.92391304347826,6.5,6.21428571428571,6.466,39,23,2,7,55,8062,4842,3220,732,1963,6099,6.78470774497643,7.09299115035109,6.32113375465839,6.29751508196721,6.98047885888946,6.72169762911953,235
"228",2021,2,6.3463829787234,47,6.40948730769231,6.26825380952381,6.05555555555556,6.5,6.33209302325581,26,21,9,4,43,8109,4868,3241,741,1967,6142,6.78216720187446,7.08934055464256,6.32079112002468,6.2945763022942,6.97950177935943,6.71897001628134,236
"229",2021,3,6.4340652173913,46,6.46961764705882,6.33333333333333,5,6.96116666666667,6.355,34,12,2,6,40,8155,4902,3253,743,1973,6182,6.78020365910484,7.08504219094247,6.32083738702736,6.29109157469717,6.97944602128738,6.7166149854416,237
"230",2021,4,6.44594594594595,37,6.75,5.5,6.25,6.6,6.421875,28,9,2,5,32,8192,4930,3262,745,1978,6214,6.77869395019531,7.08313931440162,6.31857266094421,6.29098126174497,6.97848685540951,6.71509717412295,238
"231",2021,5,6.36279069767442,43,6.56071428571429,5.99333333333333,6,6.5,6.35609756097561,28,15,1,2,41,8235,4958,3277,746,1980,6255,6.77652226350941,7.08018895118999,6.31708392432103,6.29059120643432,6.97800353535354,6.71274401918465,239
"232",2021,6,7.09,20,6.90769230769231,7.42857142857143,NA,8.75,6.675,13,7,0,4,16,8255,4971,3284,746,1984,6271,6.77728174924288,7.07973784349225,6.31945311205847,6.29059120643432,6.98157610887097,6.71264771806729,240
"233",2021,7,6.25116279069767,43,6.09130434782609,6.435,6.33333333333333,6.2,6.26666666666667,23,20,3,10,33,8298,4994,3304,749,1994,6304,6.77455541576284,7.07518558670404,6.32015254842615,6.29076240320427,6.97765646940823,6.71031310913705,241
"234",2021,8,5.89190476190476,42,6.08166666666667,5.63888888888889,5.71428571428571,6.49333333333333,5.79166666666667,24,18,7,6,36,8340,5018,3322,756,2000,6340,6.77011041247003,7.07043380231168,6.31646117399157,6.28542465608466,6.9762035,6.70509682018927,242
"235",2021,9,6.46292510204082,49,6.73680541666667,6.2,5,7.8,6.31098477272727,24,25,3,5,44,8389,5042,3347,759,2005,6384,6.76831614852783,7.06884572590242,6.31559128174485,6.28034392621871,6.9782578553616,6.70238050908521,243
"236",2021,10,6.55294117647059,34,7.19,5.64285714285714,5,7,6.49333333333333,20,14,4,4,30,8423,5062,3361,763,2009,6414,6.76744677312122,7.06932440734887,6.31278905682833,6.27363176933159,6.97830114484818,6.70140273932024,244
"237",2021,11,6.57142857142857,35,6.66666666666667,6.47058823529412,5.6,7.5,6.45161290322581,18,17,5,4,31,8458,5080,3378,768,2013,6445,6.76663563135493,7.06789766732283,6.31358319123742,6.26924614583333,6.97933780427223,6.70020126764934,245
"238",2021,12,6.6575,60,6.82741935483871,6.47586206896552,5,6.35714285714286,6.69716981132075,31,29,1,7,53,8518,5111,3407,769,2020,6498,6.76586689011505,7.06643908237135,6.31496449075433,6.26759563068921,6.97718168316832,6.70017654201293,246
"239",2022,1,6.72463414634146,82,6.844,6.48148148148148,6.5,7.14545454545455,6.65943661971831,55,27,4,11,71,8600,5166,3434,773,2031,6569,6.76547374069767,7.06407087688734,6.31627373907979,6.26879824062096,6.97809305760709,6.69973621099102,247
"240",2022,2,6.77604166666667,48,7.04375,6.50833333333333,6.05,7.66666666666667,6.64880952380952,24,24,4,6,42,8648,5190,3458,777,2037,6611,6.76553239708603,7.06397690751445,6.31760671486408,6.26767186615187,6.98012125675012,6.6994126713054,248
"241",2022,3,6.73,37,6.6348275862069,7.075,6.3,6.55125,6.77931034482759,29,8,2,8,29,8685,5219,3466,779,2045,6640,6.76538102130109,7.0615922877946,6.31935488170802,6.26775486521181,6.9784435207824,6.69976162198795,249
"242",2022,4,6.61939393939394,33,7.11619047619048,5.75,7,6.96571428571429,6.52615384615385,21,12,1,7,26,8718,5240,3478,780,2052,6666,6.76482842050929,7.06181109732824,6.3173904600345,6.26869364102564,6.97840009746589,6.69908448394839,250
"243",2022,5,6.1,35,6.86111111111111,5.29411764705882,5.42857142857143,6.1,6.1,18,17,7,5,30,8753,5258,3495,787,2057,6696,6.76217001827945,7.06112403004945,6.31241316738197,6.26122114358323,6.97626494895479,6.69640041367981,251
"244",2022,6,6.38888888888889,36,6.76315789473684,5.97058823529412,5,6.75,6.34375,19,17,3,4,32,8789,5277,3512,790,2061,6728,6.76064104790079,7.06005119386015,6.31075854783599,6.25643169620253,6.97582581271228,6.69472312277051,252
"245",2022,7,6.75,30,6.78,6.6,5,8.14285714285714,6.32608695652174,25,5,1,7,23,8819,5302,3517,791,2068,6751,6.76060484975621,7.05873069596379,6.31116975263008,6.25484328697851,6.97977611218569,6.69346721522737,253
"246",2022,8,6.39454545454545,55,6.55151515151515,6.15909090909091,4.75,6.5125,6.37446808510638,33,22,4,8,47,8874,5335,3539,795,2076,6798,6.75833605702051,7.05559328022493,6.31022436281435,6.24727174842767,6.97797543352601,6.69126171962342,254
"247",2022,9,6.48290322580645,31,6.69230769230769,6.33166666666667,5.53333333333333,5.9,6.56925925925926,13,18,3,4,27,8905,5348,3557,798,2080,6825,6.75737722290848,7.05471020007479,6.3103328703964,6.24458776942356,6.97590240384616,6.69077907252747,255
"248",2022,10,6.36447368421053,38,6.53260869565217,6.10666666666667,7,6.72222222222222,6.25344827586207,23,15,1,9,29,8943,5371,3572,799,2089,6854,6.75570772335905,7.05247442748092,6.30947760918253,6.24553321652065,6.97480947821925,6.68892867960315,256
"249",2022,11,6.71435897435897,39,6.82421052631579,6.61,8.25,6.12,6.76388888888889,19,20,2,3,36,8982,5390,3592,801,2092,6890,6.75552818637275,7.05166978664193,6.31115089643653,6.25053812734082,6.97358365200765,6.68932034397678,257
"250",2022,12,6.29615384615385,52,6.41621621621622,6,6.92,4.83333333333333,6.38571428571429,37,15,5,3,49,9034,5427,3607,806,2095,6939,6.752884012619,7.04733741477796,6.30985695037427,6.25469111662531,6.97051885441528,6.68717641879233,258
