"","year","month","avg_rating","no_ratings","avg_rating_owned","avg_rating_not_owned","avg_rating_prev_owned","avg_rating_comment","avg_rating_no_comment","no_ratings_owned","no_ratings_not_owned","no_ratings_prev_owned","no_ratings_comment","no_ratings_no_comment","cum_no_ratings","cum_no_ratings_owned","cum_no_ratings_not_owned","cum_no_ratings_prev_owned","cum_no_ratings_comment","cum_no_ratings_no_comment","cum_avg_rating","cum_avg_rating_owned","cum_avg_rating_not_owned","cum_avg_rating_prev_owned","cum_avg_rating_comment","cum_avg_rating_no_comment","month_after_release"
"1",2002,4,6,1,NA,6,NA,NA,6,0,1,0,0,1,1,0,1,0,0,1,6,NA,6,NA,NA,6,-9
"2",2002,5,9,1,9,NA,NA,NA,9,1,0,0,0,1,2,1,1,0,0,2,7.5,9,6,NA,NA,7.5,-8
"3",2002,6,7.5,2,7.5,NA,NA,6,9,2,0,0,1,1,4,3,1,0,1,3,7.5,8,6,NA,6,8,-7
"4",2002,7,7.5,4,7.5,NA,NA,7.66666666666667,7,4,0,0,3,1,8,7,1,0,4,4,7.5,7.71428571428571,6,NA,7.25,7.75,-6
"5",2002,8,7.8,5,8,7,7,8,7.5,4,1,1,3,2,13,11,2,1,7,6,7.61538461538461,7.81818181818182,6.5,7,7.57142857142857,7.66666666666667,-5
"6",2002,9,8,2,8,NA,NA,10,6,2,0,0,1,1,15,13,2,1,8,7,7.66666666666667,7.84615384615385,6.5,7,7.875,7.42857142857143,-4
"7",2002,10,10,1,10,NA,NA,10,NA,1,0,0,1,0,16,14,2,1,9,7,7.8125,8,6.5,7,8.11111111111111,7.42857142857143,-3
"8",2002,12,7,1,7,NA,NA,7,NA,1,0,0,1,0,17,15,2,1,10,7,7.76470588235294,7.93333333333333,6.5,7,8,7.42857142857143,-1
"9",2003,1,8.1,5,8.1,NA,NA,8.5,7.83333333333333,5,0,0,2,3,22,20,2,1,12,10,7.84090909090909,7.975,6.5,7,8.08333333333333,7.55,0
"10",2003,2,6.875,8,6.875,NA,NA,6.25,7.5,8,0,0,4,4,30,28,2,1,16,14,7.58333333333333,7.66071428571429,6.5,7,7.625,7.53571428571429,1
"11",2003,3,7.33333333333333,3,7,8,NA,7,7.5,2,1,0,1,2,33,30,3,1,17,16,7.56060606060606,7.61666666666667,7,7,7.58823529411765,7.53125,2
"12",2003,4,8,5,8,NA,NA,8.5,7.66666666666667,5,0,0,2,3,38,35,3,1,19,19,7.61842105263158,7.67142857142857,7,7,7.68421052631579,7.55263157894737,3
"13",2003,5,7.3,10,7.375,7,7,7.25,7.5,8,2,2,8,2,48,43,5,3,27,21,7.55208333333333,7.61627906976744,7,7,7.55555555555556,7.54761904761905,4
"14",2003,6,8.16666666666667,6,8.2,8,8,NA,8.16666666666667,5,1,1,0,6,54,48,6,4,27,27,7.62037037037037,7.67708333333333,7.16666666666667,7.25,7.55555555555556,7.68518518518519,5
"15",2003,7,7.115,20,7.23571428571429,6.83333333333333,7.5,7.7,6.96875,14,6,3,4,16,74,62,12,7,31,43,7.48378378378378,7.57741935483871,7,7.35714285714286,7.5741935483871,7.41860465116279,6
"16",2003,8,7.33333333333333,12,7.5,6.5,9,6.75,7.625,10,2,1,4,8,86,72,14,8,35,51,7.46279069767442,7.56666666666667,6.92857142857143,7.5625,7.48,7.45098039215686,7
"17",2003,9,7.42857142857143,7,8,6.66666666666667,7,7,7.75,4,3,2,3,4,93,76,17,10,38,55,7.46021505376344,7.58947368421053,6.88235294117647,7.45,7.4421052631579,7.47272727272727,8
"18",2003,10,7.58333333333333,6,8.16666666666667,7,NA,8,6.75,3,3,0,4,2,99,79,20,10,42,57,7.46767676767677,7.61139240506329,6.9,7.45,7.4952380952381,7.44736842105263,9
"19",2003,11,8,2,8,NA,NA,8,8,2,0,0,1,1,101,81,20,10,43,58,7.47821782178218,7.62098765432099,6.9,7.45,7.50697674418605,7.45689655172414,10
"20",2003,12,6.16666666666667,6,7,4.5,5,5,6.4,4,2,1,1,5,107,85,22,11,44,63,7.40467289719626,7.59176470588235,6.68181818181818,7.22727272727273,7.45,7.37301587301587,11
"21",2004,1,7.22727272727273,11,7.16666666666667,7.5,NA,7,7.35714285714286,9,2,0,4,7,118,94,24,11,48,70,7.38813559322034,7.55106382978723,6.75,7.22727272727273,7.4125,7.37142857142857,12
"22",2004,2,6.7,10,6.88888888888889,5,NA,7,6.4,9,1,0,5,5,128,103,25,11,53,75,7.334375,7.49320388349514,6.68,7.22727272727273,7.37358490566038,7.30666666666667,13
"23",2004,3,7.40625,16,7.54166666666667,7,10,7.6,7.31818181818182,12,4,1,5,11,144,115,29,12,58,86,7.34236111111111,7.49826086956522,6.72413793103448,7.45833333333333,7.39310344827586,7.30813953488372,14
"24",2004,4,7.8,14,7.65454545454545,8.33333333333333,NA,7.92,7.5,11,3,0,10,4,158,126,32,12,68,90,7.38291139240506,7.51190476190476,6.875,7.45833333333333,7.47058823529412,7.31666666666667,15
"25",2004,5,7.33333333333333,9,7.07142857142857,8.25,NA,7.33333333333333,7.33333333333333,7,2,0,3,6,167,133,34,12,71,96,7.38023952095808,7.48872180451128,6.95588235294118,7.45833333333333,7.46478873239437,7.31770833333333,16
"26",2004,6,6.85714285714286,14,7.55555555555556,5.6,6.5,6.71428571428571,7,9,5,2,7,7,181,142,39,14,78,103,7.33977900552486,7.49295774647887,6.78205128205128,7.32142857142857,7.3974358974359,7.29611650485437,17
"27",2004,7,7.08333333333333,12,6.90909090909091,9,NA,8.25,6.5,11,1,0,4,8,193,153,40,14,82,111,7.32383419689119,7.45098039215686,6.8375,7.32142857142857,7.4390243902439,7.23873873873874,18
"28",2004,8,5.5,4,6.33333333333333,3,NA,3,6.33333333333333,3,1,0,1,3,197,156,41,14,83,114,7.28680203045685,7.42948717948718,6.74390243902439,7.32142857142857,7.3855421686747,7.21491228070175,19
"29",2004,9,6.45454545454545,11,6.42857142857143,6.5,8,6.4375,6.5,7,4,1,8,3,208,163,45,15,91,117,7.24278846153846,7.38650306748466,6.72222222222222,7.36666666666667,7.3021978021978,7.1965811965812,20
"30",2004,10,6.4375,16,6.9,5.66666666666667,6,7,6,10,6,3,7,9,224,173,51,18,98,126,7.18526785714286,7.35838150289017,6.59803921568627,7.13888888888889,7.28061224489796,7.11111111111111,21
"31",2004,11,7.54545454545455,11,7.77777777777778,6.5,7,7,7.85714285714286,9,2,1,4,7,235,182,53,19,102,133,7.20212765957447,7.37912087912088,6.59433962264151,7.13157894736842,7.26960784313725,7.15037593984962,22
"32",2004,12,7.3,12,7.3125,7.275,9,7.41666666666667,7.18333333333333,8,4,1,6,6,247,190,57,20,108,139,7.20688259109312,7.37631578947368,6.6421052631579,7.225,7.27777777777778,7.15179856115108,23
"33",2005,1,7.15,15,7.425,6.6,8,7.25,7.13461538461539,10,5,1,2,13,262,200,62,21,110,152,7.20362595419847,7.37875,6.63870967741935,7.26190476190476,7.27727272727273,7.15032894736842,24
"34",2005,2,7.42857142857143,14,7.78571428571429,7.07142857142857,7,7.78571428571429,7.07142857142857,7,7,1,7,7,276,207,69,22,117,159,7.21503623188406,7.39251207729469,6.68260869565217,7.25,7.30769230769231,7.14685534591195,25
"35",2005,3,6.58,10,6.35,7.5,6,6.97142857142857,5.66666666666667,8,2,1,7,3,286,215,71,23,124,162,7.19283216783217,7.35372093023256,6.7056338028169,7.19565217391304,7.28870967741935,7.11944444444444,26
"36",2005,4,6.46875,16,7.14285714285714,5.94444444444444,6,6.22222222222222,6.78571428571429,7,9,2,9,7,302,222,80,25,133,169,7.1544701986755,7.34707207207207,6.62,7.1,7.21654135338346,7.10562130177515,27
"37",2005,5,7.1,12,7.18181818181818,6.2,NA,6.86666666666667,7.33333333333333,11,1,0,6,6,314,233,81,25,139,175,7.15238853503185,7.33927038626609,6.61481481481482,7.1,7.20143884892086,7.11342857142857,28
"38",2005,6,7.53846153846154,13,7.81818181818182,6,7,7.08333333333333,7.92857142857143,11,2,1,6,7,327,244,83,26,145,182,7.1677370030581,7.3608606557377,6.6,7.09615384615385,7.19655172413793,7.14478021978022,29
"39",2005,7,6.16875,16,6.85555555555556,5.28571428571429,5,6.5625,5.775,9,7,1,8,8,343,253,90,27,153,190,7.12113702623907,7.34288537549407,6.49777777777778,7.01851851851852,7.16339869281046,7.08710526315789,30
"40",2005,8,6.83333333333333,12,6.88888888888889,6.66666666666667,NA,6.6875,7.125,9,3,0,8,4,355,262,93,27,161,194,7.11140845070423,7.32729007633588,6.50322580645161,7.01851851851852,7.13975155279503,7.08788659793814,31
"41",2005,9,7.13333333333333,15,7.16666666666667,7,9,7.875,6.86363636363636,12,3,1,4,11,370,274,96,28,165,205,7.1122972972973,7.32025547445255,6.51875,7.08928571428571,7.15757575757576,7.07585365853658,32
"42",2005,10,6.9348,10,7.64133333333333,5.875,6.16666666666667,7.1685,6,6,4,3,8,2,380,280,100,31,173,207,7.10762631578947,7.32713571428571,6.493,7,7.15808092485549,7.06545893719807,33
"43",2005,11,7.3125,16,7.4375,7.1875,6,7.375,7.25,8,8,1,8,8,396,288,108,32,181,215,7.11590404040404,7.33020138888889,6.54444444444445,6.96875,7.16766850828729,7.07232558139535,34
"44",2005,12,6.375,8,7,4.5,NA,6.6,6,6,2,0,5,3,404,294,110,32,186,218,7.10123267326733,7.32346258503401,6.50727272727273,6.96875,7.15240860215054,7.05756880733945,35
"45",2006,1,7.39705882352941,17,7.39583333333333,7.4,8,6.54166666666667,7.86363636363636,12,5,1,6,11,421,306,115,33,192,229,7.11317814726841,7.32630065359477,6.54608695652174,7,7.13332291666667,7.09628820960699,36
"46",2006,2,7.5,12,7.6,7,7,7.75,7.375,10,2,1,4,8,433,316,117,34,196,237,7.12389838337182,7.33496202531646,6.55384615384615,7,7.14590816326531,7.10569620253165,37
"47",2006,3,6.84615384615385,13,7.1875,6.3,NA,6.75,6.92857142857143,8,5,0,6,7,446,324,122,34,202,244,7.11580269058296,7.33132098765432,6.54344262295082,7,7.13414851485148,7.10061475409836,38
"48",2006,4,6.83333333333333,6,7.2,5,NA,8,5.66666666666667,5,1,0,3,3,452,329,123,34,205,247,7.11205309734513,7.32932522796353,6.53089430894309,7,7.14681951219512,7.0831983805668,39
"49",2006,5,7.83333333333333,6,8.6,4,NA,6.5,8.5,5,1,0,2,4,458,334,124,34,207,251,7.12150218340611,7.34834730538922,6.51048387096774,7,7.14057004830918,7.10577689243028,40
"50",2006,6,6.72222222222222,18,7,6,NA,6.4,6.84615384615385,13,5,0,5,13,476,347,129,34,212,264,7.10640336134454,7.33529682997118,6.49069767441861,7,7.12310377358491,7.09299242424242,41
"51",2006,7,7.125,18,7.33333333333333,6.70833333333333,5,6.66666666666667,7.35416666666667,12,6,1,6,12,494,359,135,35,218,276,7.10708097165992,7.33523119777159,6.50037037037037,6.94285714285714,7.11054128440367,7.10434782608696,42
"52",2006,8,7.19230769230769,13,6.85714285714286,7.58333333333333,7,7.5,6.83333333333333,7,6,1,7,6,507,366,141,36,225,282,7.10926627218935,7.32608743169399,6.54645390070922,6.94444444444444,7.12265777777778,7.09858156028369,43
"53",2006,9,7,11,7.1,6.91666666666667,8,6.8125,7.5,5,6,2,8,3,518,371,147,38,233,285,7.10694594594595,7.32304043126685,6.56156462585034,7,7.11200858369099,7.10280701754386,44
"54",2006,10,7.21428571428571,7,7,7.375,NA,7,7.3,3,4,0,2,5,525,374,151,38,235,290,7.10837714285714,7.32044919786096,6.58311258278146,7,7.11105531914894,7.10620689655172,45
"55",2006,11,6.75,8,6.9,6.5,7.5,8.75,6.08333333333333,5,3,1,2,6,533,379,154,39,237,296,7.10299812382739,7.31490237467018,6.58149350649351,7.01282051282051,7.12488607594937,7.08547297297297,46
"56",2006,12,6.7,5,6.7,NA,NA,6.16666666666667,7.5,5,0,0,3,2,538,384,154,39,240,298,7.09925278810409,7.30689583333333,6.58149350649351,7.01282051282051,7.11290833333333,7.08825503355705,47
"57",2007,1,6.812,25,7.22631578947368,5.5,6.66666666666667,5.85714285714286,7.18333333333333,19,6,3,7,18,563,403,160,42,247,316,7.0864973357016,7.30309677419355,6.5409375,6.98809523809524,7.07731983805668,7.09367088607595,48
"58",2007,2,6.249315,12,7.42857142857143,4.598356,2,5.66666666666667,6.83196333333333,7,5,1,6,6,575,410,165,43,253,322,7.06902570434783,7.30523902439024,6.48207139393939,6.87209302325581,7.04386561264822,7.08879434782609,49
"59",2007,3,6.9,20,7.375,6.58333333333333,6.83333333333333,6.75,7,8,12,3,8,12,595,418,177,46,261,334,7.06334416806723,7.30657416267943,6.48893661016949,6.8695652173913,7.03485823754789,7.08560413173653,50
"60",2007,4,6.78846153846154,13,6.77083333333333,7,NA,6.95833333333333,6.64285714285714,12,1,0,6,7,608,430,178,46,267,341,7.05746674342105,7.29162325581395,6.49180775280899,6.8695652173913,7.03313857677903,7.07651548387097,51
"61",2007,5,6.84615384615385,13,8.1,6.0625,6.66666666666667,6.78571428571429,6.91666666666667,5,8,3,7,6,621,435,186,49,274,347,7.05304312399356,7.30091494252874,6.47334290322581,6.85714285714286,7.02681751824818,7.07375152737752,52
"62",2007,6,6.625,14,6.84375,6.33333333333333,6.5,6.78571428571429,6.46428571428571,8,6,1,7,7,635,443,192,50,281,354,7.0436059527559,7.29265914221219,6.46896760416667,6.85,7.02081138790036,7.06169994350283,53
"63",2007,7,6.7,14,7.68571428571429,5.71428571428571,6.66666666666667,5,7.64444444444444,7,7,3,5,9,649,450,199,53,286,363,7.03619380585516,7.29877333333333,6.44242100502513,6.83962264150943,6.98548251748252,7.07614815426997,54
"64",2007,8,6.97368421052632,19,7.25,6.5,6.16666666666667,6.90909090909091,7.0625,12,7,3,11,8,668,462,206,56,297,371,7.03441583832335,7.29750649350649,6.44437757281553,6.80357142857143,6.9826531986532,7.07585385444744,55
"65",2007,9,6.73529411764706,17,7.35,5.85714285714286,5,6.66666666666667,6.77272727272727,10,7,1,6,11,685,472,213,57,303,382,7.02699237956204,7.2986186440678,6.42507877934272,6.7719298245614,6.97639603960396,7.06712507853403,56
"66",2007,10,6.81818181818182,11,6.5,7.66666666666667,8,7.5,6.25,8,3,1,5,6,696,480,216,58,308,388,7.02369221264368,7.28530833333333,6.44232305555556,6.79310344827586,6.9848961038961,7.05448912371134,57
"67",2007,11,6.8,20,7.53846153846154,5.42857142857143,6,6.75,6.83333333333333,13,7,1,8,12,716,493,223,59,316,400,7.01744382681564,7.29198377281947,6.41050125560538,6.77966101694915,6.97894936708861,7.04785445,58
"68",2007,12,6.94736842105263,19,6.95,6.94444444444444,5.75,7.04545454545455,6.8125,10,9,2,11,8,735,503,232,61,327,408,7.0156323537415,7.28518489065606,6.43121456896552,6.74590163934426,6.98118654434251,7.04323965686275,59
"69",2008,1,6.86,25,7.02777777777778,6.42857142857143,7.5,6.45454545454545,7.17857142857143,18,7,2,11,14,760,521,239,63,338,422,7.01051286842105,7.27629174664108,6.43113715481172,6.76984126984127,6.96404733727811,7.04772933649289,60
"70",2008,2,7.40909090909091,11,7.25,9,NA,6.625,7.85714285714286,10,1,0,4,7,771,531,240,63,342,429,7.01619945525292,7.27579661016949,6.44184075,6.76984126984127,6.96008187134503,7.06093655011655,61
"71",2008,3,6.94463636363636,22,7.27777777777778,5.4455,7,6.8282,7.04166666666667,18,4,1,10,12,793,549,244,64,352,441,7.01421409836066,7.27586156648452,6.42550729508197,6.7734375,6.95633522727273,7.06041219954649,62
"72",2008,4,7.23076923076923,13,8.07142857142857,6.25,6.5,7.25,7.22222222222222,7,6,2,4,9,806,556,250,66,356,450,7.01770692307692,7.28587769784173,6.42129512,6.76515151515152,6.95963483146067,7.0636484,63
"73",2008,5,7.42307692307692,13,7.9375,6.6,8,6.875,7.66666666666667,8,5,1,4,9,819,564,255,67,360,459,7.02414136752137,7.29512056737589,6.4247991372549,6.78358208955224,6.95869444444445,7.0754722875817,64
"74",2008,6,6.83333333333333,12,7.66666666666667,6,5.5,6.55555555555556,7.66666666666667,6,6,2,9,3,831,570,261,69,369,462,7.02138601684717,7.29903157894737,6.41503363984674,6.7463768115942,6.94886178861789,7.07931121212121,65
"75",2008,7,6.70318181818182,22,7.33363636363636,6.07272727272727,6.04285714285714,6.497,6.875,11,11,7,10,12,853,581,272,76,379,474,7.01317910902696,7.29968674698795,6.40119036764706,6.68157894736842,6.93693931398417,7.07413877637131,66
"76",2008,8,6.14285714285714,14,6.21428571428571,6.07142857142857,5.9,5.88888888888889,6.6,7,7,5,9,5,867,588,279,81,388,479,6.99912546712803,7.28676530612245,6.39291677419355,6.63333333333333,6.91262886597938,7.06918951983299,67
"77",2008,9,6.86666666666667,15,7.71428571428571,6.125,5.25,6.5,7.11111111111111,7,8,2,6,9,882,595,287,83,394,488,6.99687276643991,7.29179495798319,6.38544871080139,6.6,6.90634517766497,7.06996266393443,68
"78",2008,10,6.85714285714286,14,7.11111111111111,6.4,6.4,7.2,6.66666666666667,9,5,5,5,9,896,604,292,88,399,497,6.99468948660714,7.28910264900662,6.38569787671233,6.58863636363636,6.91002506265664,7.06265951710262,69
"79",2008,11,6.46,10,7.025,6.08333333333333,6.5,6.5,6.43333333333333,4,6,3,4,6,906,608,298,91,403,503,6.98878783664459,7.28736513157895,6.37961,6.58571428571429,6.90595533498759,7.05515264413519,70
"80",2008,12,6.75,22,7.03846153846154,6.33333333333333,5.25,6.5,6.86666666666667,13,9,4,7,15,928,621,307,95,410,518,6.98312691810345,7.28215458937198,6.37825335504886,6.52947368421053,6.8990243902439,7.04969455598456,71
"81",2009,1,6.51818181818182,22,6.77857142857143,6.0625,5.75,7.11111111111111,6.10769230769231,14,8,4,9,13,950,635,315,99,419,531,6.97235976842105,7.27105196850394,6.37023422222222,6.4979797979798,6.9035799522673,7.02663235404896,72
"82",2009,2,6.23541666666667,24,6.99,5.69642857142857,6.28125,6.515,6.03571428571429,10,14,8,10,14,974,645,329,107,429,545,6.95420100616016,7.26669457364341,6.34156164133739,6.48177570093458,6.89452214452214,7.00117757798165,73
"83",2009,3,7.02083333333333,24,7.6,6.60714285714286,6.58333333333333,7.0625,7,10,14,6,8,16,998,655,343,113,437,561,6.95580338677355,7.27178320610687,6.3524016909621,6.48716814159292,6.89759725400458,7.00114399286988,74
"84",2009,4,6.84,25,6.81818181818182,6.85714285714286,6.1875,6.31818181818182,7.25,11,14,8,11,14,1023,666,357,121,448,575,6.95297339198436,7.26429129129129,6.37219546218487,6.46735537190083,6.88337053571429,7.00720309565217,75
"85",2009,5,6.44444444444444,18,7.42857142857143,5.81818181818182,5.28571428571429,6.5,6.41666666666667,7,11,7,6,12,1041,673,368,128,454,587,6.94418038424592,7.266,6.35563527173913,6.402734375,6.87830396475771,6.99513080068143,76
"86",2009,6,6.98,25,7.64285714285714,6.13636363636364,6.64285714285714,7.43333333333333,6.3,14,11,7,15,10,1066,687,379,135,469,597,6.9450204315197,7.27367976710335,6.34927118733509,6.41518518518518,6.89605543710021,6.98348706867672,77
"87",2009,7,6.59523809523809,21,7.6,5.68181818181818,4.92857142857143,5.9,6.8125,10,11,7,5,16,1087,697,390,142,474,613,6.93826290708372,7.27836154949785,6.33044558974359,6.3419014084507,6.88554852320675,6.97902411092985,78
"88",2009,8,7.21666666666667,15,7.10714285714286,7.3125,6.75,7.07142857142857,7.34375,7,8,4,7,8,1102,704,398,146,481,621,6.94205243194192,7.27665909090909,6.35018537688442,6.35308219178082,6.88825363825364,6.98372267310789,79
"89",2009,9,7.03846153846154,13,7.35714285714286,6.66666666666667,6.33333333333333,7,7.0625,7,6,3,5,8,1115,711,404,149,486,629,6.94317648430493,7.27745147679325,6.35488559405941,6.35268456375839,6.88940329218107,6.98472461049285,80
"90",2009,10,7.26666666666667,15,6.75,7.85714285714286,7.25,7.5,7,8,7,4,8,7,1130,719,411,153,494,636,6.94747060176991,7.27158275382476,6.38047148418491,6.37614379084967,6.89929149797571,6.98489273584906,81
"91",2009,11,6.672,25,7.1,6.20833333333333,6,6.28571428571429,6.82222222222222,13,12,8,7,18,1155,732,423,161,501,654,6.94150803463203,7.26853551912568,6.37558813238771,6.35745341614907,6.89071856287425,6.98041556574924,82
"92",2009,12,6.58888888888889,18,7.22727272727273,5.58571428571429,5.75,6.58333333333333,6.59166666666667,11,7,4,6,12,1173,743,430,165,507,666,6.93609699914749,7.26792462987887,6.36272972093023,6.34272727272727,6.8870808678501,6.97341108108108,83
"93",2010,1,6.91,20,7.07,6.75,6.83333333333333,6.54,7.03333333333333,10,10,3,5,15,1193,753,440,168,512,681,6.93565949706622,7.26529614873838,6.37153131818182,6.35148809523809,6.88369140625,6.97473095447871,84
"94",2010,2,6.75,9,7.125,6.45,6.625,8,6.59375,4,5,2,1,8,1202,757,445,170,513,689,6.93426936772047,7.26455482166446,6.37241298876404,6.35470588235294,6.88586744639376,6.97030737300435,85
"95",2010,3,7.44117647058824,17,7.86363636363636,6.66666666666667,5.33333333333333,6.71428571428571,7.95,11,6,3,7,10,1219,768,451,173,520,699,6.94133862182117,7.27313541666667,6.37632767184035,6.33699421965318,6.88355769230769,6.98432300429185,86
"96",2010,4,7.08333333333333,12,7.1,7,8,7,7.1,10,2,1,2,10,1231,778,453,174,522,709,6.94272281072299,7.27091002570694,6.37908119205298,6.34655172413793,6.88400383141762,6.98595455571227,87
"97",2010,5,7.5,19,7.85,7.11111111111111,8,6.97142857142857,7.80833333333333,10,9,2,7,12,1250,788,462,176,529,721,6.951193424,7.27825888324873,6.39334151515151,6.36534090909091,6.8851606805293,6.99964185852982,88
"98",2010,6,6.5,14,6.92857142857143,6.07142857142857,6,6.5,6.5,7,7,3,6,8,1264,795,469,179,535,729,6.94619602848101,7.27517987421384,6.38853684434968,6.35921787709497,6.88084112149533,6.99415882030178,89
"99",2010,7,6.92307692307692,13,7.35714285714286,6.41666666666667,7,8,6.72727272727273,7,6,1,2,11,1277,802,475,180,537,740,6.94596067345341,7.27589526184539,6.38889216842105,6.36277777777778,6.88500931098696,6.9901915945946,90
"100",2010,8,6.75,21,7.39583333333333,5.88888888888889,6.75,7,6.59615384615385,12,9,4,8,13,1298,814,484,184,545,753,6.94279027734977,7.27766339066339,6.37959458677686,6.37119565217391,6.88669724770642,6.98338881806109,91
"101",2010,9,6.64444444444444,9,7.56,5.5,5,6,7.16,5,4,1,4,5,1307,819,488,185,549,758,6.94073586840092,7.27938705738706,6.37238479508197,6.36378378378378,6.88023679417122,6.9845537994723,92
"102",2010,10,7.28571428571429,7,7.33333333333333,7.25,8,7.33333333333333,7.25,3,4,1,3,4,1314,822,492,186,552,762,6.94257365296804,7.27958394160584,6.37951987804878,6.37258064516129,6.88269927536232,6.98594721784777,93
"103",2010,11,6.62727272727273,11,6.81666666666667,6.4,NA,6.75,6.48,6,5,0,6,5,1325,828,497,186,558,767,6.93995606037736,7.27622946859903,6.37972591549296,6.37258064516129,6.88127240143369,6.98264899608866,94
"104",2010,12,7.5,23,7.6,7.3125,8.5,7.72222222222222,7.35714285714286,15,8,3,9,14,1348,843,505,189,567,781,6.94951170623145,7.28199051008304,6.39450253465346,6.4063492063492,6.89462081128748,6.98936207426376,95
"105",2011,1,7.25925925925926,27,7.91176470588235,6.15,7,7.07142857142857,7.325,17,10,1,7,20,1375,860,515,190,574,801,6.95559402181818,7.29443953488372,6.38975491262136,6.40947368421052,6.89677700348432,6.99774254681648,96
"106",2011,2,6.785,20,7.3125,6.43333333333333,5.8,6.25,7.14166666666667,8,12,5,8,12,1395,868,527,195,582,813,6.95314822939068,7.29460599078341,6.39074721062619,6.39384615384615,6.88788659793814,6.99986688806888,97
"107",2011,3,5.77777777777778,18,6.5,5.57142857142857,6.91666666666667,6,5.66666666666667,4,14,6,6,12,1413,872,541,201,588,825,6.93817535739561,7.29096100917431,6.36954487985212,6.40945273631841,6.87882653061224,6.98047488484848,98
"108",2011,4,7.025,8,7.425,6.625,6.33333333333333,7.06666666666667,7,4,4,3,3,5,1421,876,545,204,591,830,6.93866416608023,7.29157305936073,6.37141977981651,6.40833333333333,6.87978003384095,6.9805925060241,99
"109",2011,5,6.77272727272727,11,8.3,5.5,5.375,6.625,6.85714285714286,5,6,4,4,7,1432,881,551,208,595,837,6.93738951117319,7.29729625425653,6.36193063520871,6.38846153846154,6.87806722689076,6.97956007168459,100
"110",2011,6,6.55555555555556,9,7.2,5.75,5.33333333333333,7,6.5,5,4,3,1,8,1441,886,555,211,596,845,6.93500470506593,7.29674717832957,6.35752032432432,6.37345971563981,6.87827181208054,6.97501985798817,101
"111",2011,7,6.75,12,8.16666666666667,5.33333333333333,NA,6.8,6.71428571428571,6,6,0,5,7,1453,892,561,211,601,852,6.9334767928424,7.30259865470852,6.34656645276292,6.37345971563981,6.87762063227953,6.97287767605634,102
"112",2011,8,7.13333333333333,15,7.55555555555556,6.5,7.5,6.5,7.23076923076923,9,6,2,2,13,1468,901,567,213,603,865,6.93551892370572,7.30512541620422,6.34819008818342,6.38403755868544,6.87636815920398,6.97675350289017,103
"113",2011,9,7.22222222222222,9,8.2,6,5.5,7.66666666666667,7,5,4,2,3,6,1477,906,571,215,606,871,6.9372659309411,7.31006401766004,6.34575092819615,6.37581395348837,6.8802805280528,6.97691363949483,104
"114",2011,10,7.23333333333333,12,7.76,6.85714285714286,6.5,7.075,7.3125,5,7,3,4,8,1489,911,578,218,610,879,6.9396519677636,7.31253347969264,6.35194425605536,6.37752293577982,6.88155737704918,6.97996789533561,105
"115",2011,11,7.49230769230769,13,7.44,7.66666666666667,10,7.5,7.49,10,3,1,3,10,1502,921,581,219,613,889,6.94443527296937,7.31391748099891,6.35873283993115,6.39406392694064,6.88458401305057,6.98570503937008,106
"116",2011,12,7.50625,8,7.08333333333333,7.76,7.8,7.93333333333333,7.25,3,5,1,3,5,1510,924,586,220,616,894,6.94741177483444,7.31316883116883,6.3706890443686,6.40045454545454,6.88969155844156,6.98718319910514,107
"117",2012,1,6.96111111111111,18,7.72222222222222,6.2,6.25,6.66666666666667,7.10833333333333,9,9,4,6,12,1528,933,595,224,622,906,6.94757315445026,7.31711468381565,6.36810719327731,6.39776785714286,6.88754019292605,6.98878783664459,108
"118",2012,2,7.5,18,7.625,7.25,NA,7.5,7.5,12,6,0,3,15,1546,945,601,224,625,921,6.95400503234153,7.32102433862434,6.37691144758735,6.39776785714286,6.89048,6.99711376764387,109
"119",2012,3,6.90277777777778,18,7.36538461538461,5.7,6,6.55555555555556,7.25,13,5,1,9,9,1564,958,606,225,634,930,6.95341546035806,7.32162630480167,6.37132636963696,6.396,6.88572555205047,6.99956105376344,110
"120",2012,4,7.13636363636364,11,7.1875,7,5,6.5,7.5,8,3,1,4,7,1575,966,609,226,638,937,6.95469319365079,7.32051552795031,6.37442328407225,6.38982300884956,6.88330721003135,7.00329965848452,111
"121",2012,5,6.61,14,6.43428571428571,6.78571428571429,6.66666666666667,7,6.545,7,7,3,2,12,1589,973,616,229,640,949,6.95165624921334,7.31413977389517,6.37909704545454,6.39344978165939,6.883671875,6.99750451001054,112
"122",2012,6,7.05714285714286,14,7.125,6.96666666666667,7.5,7.5,6.98333333333333,8,6,3,2,12,1603,981,622,232,642,961,6.95257752963194,7.31259734964322,6.38476491961415,6.40775862068965,6.88559190031153,6.99732755463059,113
"123",2012,7,7.54911764705882,17,7.6875,7.35142857142857,7.5,7,7.62233333333333,10,7,1,2,15,1620,991,629,233,644,976,6.95883751851852,7.31638042381433,6.3955227027027,6.41244635193133,6.88594720496894,7.00693317622951,114
"124",2012,8,6.95,15,7.25,6.75,7.3125,6.83333333333333,7.02777777777778,6,9,4,6,9,1635,997,638,237,650,985,6.95875644036697,7.31598094282849,6.4005231661442,6.42763713080169,6.88546153846154,7.00712363451777,115
"125",2012,9,6.66666666666667,12,8.25,5.875,5.75,6.66666666666667,6.66666666666667,4,8,4,3,9,1647,1001,646,241,653,994,6.95662828172435,7.31971328671329,6.39401513931888,6.41639004149377,6.88445635528331,7.00404102615694,116
"126",2012,10,7.0875,16,6.925,7.25,7.16666666666667,7.98,6.68181818181818,8,8,3,5,11,1663,1009,654,244,658,1005,6.95788742032471,7.31658374628345,6.40448590214067,6.42561475409836,6.8927811550152,7.00051420895522,117
"127",2012,11,6.90652173913043,23,7.375,6.54615384615385,7,7.5,6.74166666666667,10,13,2,5,18,1686,1019,667,246,663,1023,6.95718670225385,7.31715701668302,6.40724704647676,6.43028455284553,6.8973604826546,6.99595970674487,118
"128",2012,12,7.49411764705882,17,8.03636363636364,6.5,7,8,7.38571428571429,11,6,2,3,14,1703,1030,673,248,666,1037,6.96254655314151,7.32483786407767,6.40807396731055,6.43487903225806,6.90232732732733,7.00122158148505,119
"129",2013,1,7.2875,24,7.21666666666667,7.5,9.25,6.7,7.34090909090909,18,6,2,2,22,1727,1048,679,250,668,1059,6.96706240880139,7.32297996183206,6.4177227982327,6.4574,6.90172155688623,7.00827835694051,120
"130",2013,2,7.05555555555556,9,7.3,6.75,7.66666666666667,4,7.4375,5,4,3,1,8,1736,1053,683,253,669,1067,6.96752118663594,7.32287084520418,6.41966878477306,6.47173913043478,6.8973841554559,7.0114965135895,121
"131",2013,3,7.18571428571429,14,7.14545454545455,7.33333333333333,7,8.33333333333333,6.87272727272727,11,3,1,3,11,1750,1064,686,254,672,1078,6.96926673142857,7.32103665413534,6.42366440233236,6.47381889763779,6.90379464285714,7.01008050092764,122
"132",2013,4,7.02631578947368,19,7.5,6.5,6.5,6.5,7.21428571428571,10,9,1,5,14,1769,1074,695,255,677,1092,6.96987946862634,7.32270297951583,6.42465292086331,6.47392156862745,6.90081240768094,7.01269851648352,123
"133",2013,5,6.73529411764706,17,6.78571428571429,6.7,6.83333333333333,7.66666666666667,6.53571428571429,7,10,6,3,14,1786,1081,705,261,680,1106,6.96764657334826,7.31922571692877,6.42855855319149,6.48218390804598,6.90419117647059,7.00666074141049,124
"134",2013,6,7.2,14,7.1875,7.21666666666667,8,8.5,6.98333333333333,8,6,2,2,12,1800,1089,711,263,682,1118,6.96945376666666,7.3182580348944,6.43520925457103,6.49372623574144,6.90887096774193,7.00641035778175,125
"135",2013,7,7.28421052631579,19,7.63571428571429,6.3,6.75,8.04,7.01428571428571,14,5,2,5,14,1819,1103,716,265,687,1132,6.9727414953271,7.32228739800544,6.43426505586592,6.49566037735849,6.91710334788937,7.00650775618375,126
"136",2013,8,6.625,10,7.0625,6.33333333333333,5,7.91666666666667,6.07142857142857,4,6,2,3,7,1829,1107,722,267,690,1139,6.97084022963368,7.32134869015357,6.43342628808864,6.48445692883895,6.92144927536232,7.00076100087796,127
"137",2013,9,7.15,18,7.75,6.4,5.25,7.61666666666667,6.91666666666667,10,8,2,6,12,1847,1117,730,269,696,1151,6.97258623714131,7.32518621307072,6.43305997260274,6.47527881040892,6.92744252873563,6.99988425716768,128
"138",2013,10,6.78571428571429,14,7.1,6,7.5,6.25,7,10,4,2,4,10,1861,1127,734,271,700,1161,6.97118042987641,7.32318811002662,6.43069997275204,6.48284132841328,6.92357142857143,6.9998852540913,129
"139",2013,11,7.13888888888889,18,7.1875,7.1,6.66666666666667,7,7.15625,8,10,3,2,16,1879,1135,744,274,702,1177,6.97278700372538,7.32223171806167,6.43969594086022,6.48485401459854,6.92378917378917,7.00201085811385,130
"140",2013,12,6.57352941176471,17,7.025,5.92857142857143,6.66666666666667,5.75,6.91666666666667,10,7,3,5,12,1896,1145,751,277,707,1189,6.96920716244726,7.31963580786026,6.4349317976032,6.48682310469314,6.91548797736916,7.00114952060555,131
"141",2014,1,6.9,20,7.28571428571429,6,6.5,5.33333333333333,7.17647058823529,14,6,3,3,17,1916,1159,757,280,710,1206,6.96848474947808,7.31922605694564,6.43148451783355,6.48696428571428,6.90880281690141,7.00362087893864,132
"142",2014,2,6.97692307692308,13,7.31428571428571,6.58333333333333,7,7.33333333333333,6.87,7,6,2,3,10,1929,1166,763,282,713,1216,6.96854161741835,7.31919639794168,6.43267861074705,6.49060283687943,6.91058906030855,7.00252202302632,133
"143",2014,3,7.61538461538461,13,7.625,7.6,7,7.625,7.61111111111111,8,5,1,4,9,1942,1174,768,283,717,1225,6.97287166838311,7.32128023850085,6.440278359375,6.49240282685512,6.91457461645746,7.00699328979592,134
"144",2014,4,7.55769230769231,13,8.28571428571429,6.70833333333333,7,NA,7.55769230769231,7,6,1,0,13,1955,1181,774,284,717,1238,6.97676050127877,7.32699661303979,6.44235630490956,6.49419014084507,6.91457461645746,7.01277607431341,135
"145",2014,5,7.10833333333333,12,7.16666666666667,6.93333333333333,NA,7.5,6.97777777777778,9,3,0,3,9,1967,1190,777,284,720,1247,6.97756318251144,7.32578403361344,6.44425196911197,6.49419014084507,6.91701388888889,7.01252348035285,136
"146",2014,6,6.7,10,7.33333333333333,5.75,6.33333333333333,7,6.625,6,4,3,2,8,1977,1196,781,287,722,1255,6.97615922104198,7.32582190635451,6.44069626120359,6.49250871080139,6.91724376731302,7.01005321115538,137
"147",2014,7,6.33333333333333,12,7.14285714285714,5.2,5.33333333333333,6.66666666666667,6.22222222222222,7,5,3,3,9,1989,1203,786,290,725,1264,6.97228093514329,7.32475727348296,6.4328037913486,6.48051724137931,6.91620689655172,7.00444365506329,138
"148",2014,8,7.02941176470588,17,7.625,6.5,7.5,9,6.60714285714286,8,9,5,3,14,2006,1211,795,295,728,1278,6.97276509471585,7.32674071015689,6.43356450314465,6.49779661016949,6.92479395604395,7.0000913771518,139
"149",2014,9,7.5,4,7.33333333333333,8,NA,7,7.66666666666667,3,1,0,1,3,2010,1214,796,295,729,1281,6.97381431840796,7.32675700164744,6.43553238693467,6.49779661016949,6.92489711934156,7.00165244340359,140
"150",2014,10,6.23333333333333,15,7.1,4.5,6,6.7,6,10,5,2,5,10,2025,1224,801,297,734,1291,6.96832927407407,7.3249044117647,6.42345041198502,6.49444444444444,6.9233651226158,6.99389371030209,141
"151",2014,11,6.28571428571429,7,7,5.33333333333333,6,6,6.5,4,3,2,3,4,2032,1228,804,299,737,1295,6.96597774606299,7.32384609120521,6.41938281094527,6.49113712374582,6.91960651289009,6.99236816988417,142
"152",2014,12,7.06416666666667,12,7.19666666666667,6.66666666666667,6,6.5,7.177,9,3,1,2,10,2044,1237,807,300,739,1305,6.96655419765166,7.32292077607114,6.42030208178439,6.4895,6.91847090663058,6.99378297318008,143
"153",2015,1,7.2,19,7.525,6.64285714285714,7,6.96666666666667,7.30769230769231,12,7,2,6,13,2063,1249,814,302,745,1318,6.96870420746485,7.32486228983186,6.42221594594595,6.49288079470199,6.91885906040268,6.99687919575114,144
"154",2015,2,6.95833333333333,12,7.58333333333333,6.33333333333333,NA,7.875,6.5,6,6,0,4,8,2075,1255,820,302,749,1326,6.9686442313253,7.32609800796812,6.42156558536585,6.49288079470199,6.9239652870494,6.99388143288084,145
"155",2015,3,6.79166666666667,12,7.5,6.08333333333333,5,6.25,6.9,6,6,2,2,10,2087,1261,826,304,751,1336,6.96762663152851,7.32692545598731,6.41910869249395,6.48305921052631,6.92217043941411,6.99317872754491,146
"156",2015,4,7.78333333333333,12,8.1,6.83333333333333,NA,8.5,7.64,9,3,0,2,10,2099,1270,829,304,753,1346,6.97229003334921,7.33240393700787,6.4206076960193,6.48305921052631,6.92636122177955,6.99798423476969,147
"157",2015,5,7.6625,16,8.0125,7.3125,NA,8.5,7.54285714285714,8,8,0,2,14,2115,1278,837,304,755,1360,6.97751147990544,7.33666118935837,6.42913235364397,6.48305921052631,6.9305298013245,7.00359322058824,148
"158",2015,6,7.44,9,7.9,6.865,NA,7.48666666666667,7.41666666666667,5,4,0,3,6,2124,1283,841,304,758,1366,6.97947117702448,7.33885658612626,6.43120544589774,6.48305921052631,6.9327308707124,7.0054075988287,149
"159",2015,7,6.95833333333333,12,7.1,6.25,6.25,6.5,7.11111111111111,10,2,2,3,9,2136,1293,843,306,761,1375,6.97935242509363,7.33700928074246,6.43077553973903,6.48153594771242,6.93102496714849,7.00609947636364,150
"160",2015,8,7.51666666666667,12,7.9,7.24285714285714,7.73333333333333,6.95,8.08333333333333,5,7,3,6,6,2148,1298,850,309,767,1381,6.98235418063314,7.33917796610169,6.43746327058824,6.49368932038835,6.93117340286832,7.01077971035482,151
"161",2015,9,6.75,15,7.21875,6.21428571428571,5.5,7,6.73214285714286,8,7,2,1,14,2163,1306,857,311,768,1395,6.98074284789644,7.33844027565084,6.43564035005834,6.48729903536977,6.93126302083333,7.00798335483871,152
"162",2015,10,7.25,14,7.25,7.25,NA,6.6,7.61111111111111,8,6,0,5,9,2177,1314,863,311,773,1404,6.98247440514469,7.33790182648402,6.44130217844728,6.48729903536977,6.92912031047865,7.01184955840456,153
"163",2015,11,6.53809523809524,21,6.58888888888889,6.5,6.33333333333333,6.83333333333333,6.42,9,12,3,6,15,2198,1323,875,314,779,1419,6.97822874431301,7.33280650037793,6.44210717714286,6.48582802547771,6.92838254172015,7.00559322057787,154
"164",2015,12,6.9,13,7.3375,6.2,7,7.66666666666667,6.67,8,5,1,3,10,2211,1331,880,315,782,1429,6.97776878335594,7.3328347107438,6.44073156818182,6.48746031746032,6.93121483375959,7.00324477256823,155
"165",2016,1,6.83529411764706,17,7.07692307692308,6.05,5.6,6.75,6.86153846153846,13,4,2,4,13,2228,1344,884,317,786,1442,6.97668167863555,7.330359375,6.4389635520362,6.48186119873817,6.93029262086514,7.00196725381415,156
"166",2016,2,7.204,25,7.6,6.61,7.26,7.08333333333333,7.2421052631579,15,10,5,6,19,2253,1359,894,322,792,1461,6.97920407456724,7.33333554083885,6.4408767114094,6.49394409937888,6.93145202020202,7.00509019849418,157
"167",2016,3,7.27857142857143,14,8,6.7375,7.33333333333333,8.5,6.79,6,8,3,4,10,2267,1365,902,325,796,1471,6.98105283634759,7.33626593406593,6.44350751662971,6.50169230769231,6.93933417085427,7.00362799456152,158
"168",2016,4,6.918125,16,7.3075,5.75,8,6.25,7.319,12,4,1,6,10,2283,1377,906,326,802,1481,6.98061181778362,7.33601525054466,6.44044567328918,6.50628834355828,6.93417705735661,7.00575744767049,159
"169",2016,5,6.7,5,6.83333333333333,6.5,NA,NA,6.7,3,2,0,0,5,2288,1380,908,326,802,1486,6.97999859265734,7.33492246376811,6.44057685022026,6.50628834355828,6.93417705735661,7.00472865410498,160
"170",2016,6,6.76666666666667,15,7.5,6.5,6.875,7.5,6.58333333333333,4,11,4,3,12,2303,1384,919,330,805,1498,6.97860910985671,7.33539956647399,6.44128811751904,6.51075757575757,6.93628571428571,7.00135299065421,161
"171",2016,7,7.17647058823529,17,7.75,6.35714285714286,7,9,7.0625,10,7,2,1,16,2320,1394,926,332,806,1514,6.98005895689655,7.3383737446198,6.44065203023758,6.51370481927711,6.93884615384615,7.00199919418758,162
"172",2016,8,6.59444444444444,18,6.5,6.925,6.9,6.7,6.55384615384615,14,4,3,5,13,2338,1408,930,335,811,1527,6.97709015397776,7.33003764204545,6.44273524731183,6.51716417910448,6.93737361282367,6.99818387688278,163
"173",2016,9,6.94444444444444,9,7.7,6,6.25,NA,6.94444444444444,5,4,2,0,9,2347,1413,934,337,811,1536,6.97696496804431,7.33134677990092,6.44083916488223,6.51557863501484,6.93737361282367,6.99786899739583,164
"174",2016,10,7.38461538461539,13,8.14285714285714,6.5,6,8,7.2,7,6,2,3,10,2360,1420,940,339,814,1546,6.9792105,7.33534718309859,6.44121678723404,6.51253687315634,6.94128992628993,6.99917644243208,165
"175",2016,11,7.23684210526316,19,7.81818181818182,6.4375,NA,6.58333333333333,7.53846153846154,11,8,0,6,13,2379,1431,948,339,820,1559,6.98126808743169,7.33905870020964,6.44118542194093,6.51253687315634,6.93867073170732,7.0036733675433,166
"176",2016,12,6.7,20,7.375,5.6875,6,7.25,6.5625,12,8,4,4,16,2399,1443,956,343,824,1575,6.9789232096707,7.33935758835759,6.43487843096234,6.50655976676385,6.94018203883495,6.99919160634921,167
"177",2017,1,7.09615384615385,26,8.17857142857143,5.83333333333333,6.14285714285714,7.75,6.97727272727273,14,12,7,4,22,2425,1457,968,350,828,1597,6.98018011546392,7.3474214138641,6.42742126033058,6.49928571428571,6.94409420289855,6.99888965560426,168
"178",2017,2,6.3,10,6.8,5.8,6,5.5,6.5,5,5,1,2,8,2435,1462,973,351,830,1605,6.97738676796714,7.34554924760602,6.42419710174717,6.49786324786325,6.94061445783132,6.99640297819315,169
"179",2017,3,6.83333333333333,15,7.59090909090909,4.75,5,7.25,6.68181818181818,11,4,3,4,11,2450,1473,977,354,834,1616,6.97650480816326,7.34738153428377,6.41734266120778,6.48516949152542,6.94209832134292,6.99426162128713,170
"180",2017,4,7.3,15,8.05,5.8,5,7.75,7.13636363636364,10,5,1,4,11,2465,1483,982,355,838,1627,6.97847333874239,7.35211935266352,6.41419936863544,6.48098591549296,6.94595465393795,6.9952223601721,171
"181",2017,5,6.80666666666667,15,7.1375,6.42857142857143,6,6.3,6.88461538461539,8,7,1,2,13,2480,1491,989,356,840,1640,6.97743418548387,7.35096780684104,6.41430109201213,6.47963483146067,6.94441666666667,6.99434559756098,172
"182",2017,6,7.2,10,7.14285714285714,7.33333333333333,7,6.5,7.27777777777778,7,3,1,1,9,2490,1498,992,357,841,1649,6.97832802409638,7.3499953271028,6.4170804233871,6.48109243697479,6.94388822829964,6.99589252880534,173
"183",2017,7,6.68965517241379,29,7.03125,6.26923076923077,5,7.3,6.5625,16,13,2,5,24,2519,1514,1005,359,846,1673,6.97500467645891,7.34662681638045,6.41516794029851,6.47284122562674,6.94599290780142,6.98967530185296,174
"184",2017,8,6.04166666666667,12,7.21428571428571,4.4,NA,8,5.38888888888889,7,5,0,3,9,2531,1521,1010,359,849,1682,6.9705795258791,7.34601775147929,6.40519186138614,6.47284122562674,6.94971731448763,6.98110985731272,175
"185",2017,9,7,14,7.15384615384615,5,5,5.75,7.5,13,1,1,4,10,2545,1534,1011,360,853,1692,6.97074136738703,7.34438917861799,6.40380195845697,6.46875,6.94409144196952,6.98417658392435,176
"186",2017,10,7.50909090909091,11,7.84285714285714,6.925,7.35,8.12,7,7,4,2,5,6,2556,1541,1015,362,858,1698,6.97305820813771,7.34665347177158,6.4058559408867,6.47361878453038,6.95094405594406,6.98423249705536,177
"187",2017,11,7.13333333333333,15,8,5.83333333333333,6,8.28571428571429,6.125,9,6,1,7,8,2571,1550,1021,363,865,1706,6.97399330221703,7.35044709677419,6.40249145935357,6.47231404958678,6.96174566473988,6.98020327080891,178
"188",2017,12,7.3,10,7.41666666666667,7.125,6,6.25,7.5625,6,4,1,2,8,2581,1556,1025,364,867,1714,6.97525640449438,7.35070244215938,6.40531100487805,6.47101648351648,6.96010380622837,6.98292110851809,179
"189",2018,1,7.20740740740741,27,7.71052631578947,6.0125,6.5,7.1,7.23181818181818,19,8,2,5,22,2608,1575,1033,366,872,1736,6.97765980828221,7.35504317460317,6.40226890609874,6.47117486338798,6.96090596330275,6.98607533410138,180
"190",2018,2,7.33076923076923,13,7.5,6.95,7,8,7.275,9,4,1,1,12,2621,1584,1037,367,873,1748,6.97941120946203,7.35586679292929,6.40438165863067,6.47261580381471,6.96209621993127,6.988058798627,181
"191",2018,3,6.7,10,6.57142857142857,7,6,5.75,7.33333333333333,7,3,1,4,6,2631,1591,1040,368,877,1754,6.97834921322691,7.3524154619736,6.40609978846154,6.47133152173913,6.95656784492588,6.98923989737742,182
"192",2018,4,6.5,10,7.7,5.3,5.25,7,6.44444444444444,5,5,2,1,9,2641,1596,1045,370,878,1763,6.97653797046573,7.35350438596491,6.40080744497608,6.46472972972973,6.95661731207289,6.98645875212706,183
"193",2018,5,6.6875,12,6.75,6.5625,6.5,8,6.56818181818182,8,4,2,1,11,2653,1604,1049,372,879,1774,6.97523059932152,7.35049438902743,6.40142400381316,6.46491935483871,6.95780432309443,6.98386515219842,184
"194",2018,6,6,9,7.2,4.5,NA,5,6.28571428571429,5,4,0,2,7,2662,1609,1053,372,881,1781,6.97193342599549,7.35002672467371,6.39420112060779,6.46491935483871,6.9533598183882,6.98112115665357,185
"195",2018,7,6.46428571428571,14,6.9375,5.83333333333333,6,8.75,6.08333333333333,8,6,1,2,12,2676,1617,1059,373,883,1793,6.96927757100149,7.34798577612863,6.39102339943343,6.46367292225201,6.95742921857305,6.9751125376464,186
"196",2018,8,6.83333333333333,12,6.83333333333333,6.83333333333333,7.5,6,7.42857142857143,6,6,2,5,7,2688,1623,1065,375,888,1800,6.96867067708333,7.3460831792976,6.39351528638498,6.4692,6.95203828828829,6.97687598888889,187
"197",2018,9,8.16666666666667,6,8.5,6.5,6.5,NA,8.16666666666667,5,1,1,0,6,2694,1628,1066,376,888,1806,6.97133881959911,7.34962714987715,6.3936151782364,6.46928191489362,6.95203828828829,6.98082878183832,188
"198",2018,10,7.95,10,8.4375,6,6,7,8.1875,8,2,2,2,8,2704,1636,1068,378,890,1814,6.97495812869822,7.35494682151589,6.39287807116105,6.46679894179894,6.95214606741573,6.98615037486218,189
"199",2018,11,6.38,5,6.8,5.75,5.5,7,5.96666666666667,3,2,1,2,3,2709,1639,1070,379,892,1817,6.97386001476559,7.35393105552166,6.39167642990654,6.46424802110818,6.9522533632287,6.98446713263621,190
"200",2018,12,6.625,8,7.33333333333333,6.2,NA,NA,6.625,3,5,0,0,8,2717,1642,1075,379,892,1825,6.9728328229665,7.3538934226553,6.39078491162791,6.46424802110818,6.9522533632287,6.98289138630137,191
"201",2019,1,7.14285714285714,14,7.54545454545455,5.66666666666667,7.5,NA,7.14285714285714,11,3,2,0,14,2731,1653,1078,381,892,1839,6.97370442328817,7.35516817906836,6.38876974025974,6.46968503937008,6.9522533632287,6.98410917890158,192
"202",2019,2,6.65714285714286,14,6.95714285714286,6.35714285714286,5.5,6,6.76666666666667,7,7,2,2,12,2745,1660,1085,383,894,1851,6.97208990163934,7.35348975903614,6.38856569585253,6.46462140992167,6.95012304250559,6.98269950297137,193
"203",2019,3,6.75,12,7.25,5.75,6,7.5,6.6,8,4,1,2,10,2757,1668,1089,384,896,1861,6.97112324265506,7.35299340527578,6.38622018365473,6.46341145833333,6.95135044642857,6.98064308436325,194
"204",2019,4,7.46153846153846,13,7.83333333333333,7.14285714285714,5.5,7.33333333333333,7.5,6,7,2,3,10,2770,1674,1096,386,899,1871,6.97342483032491,7.35471505376344,6.3910527189781,6.45841968911917,6.95262513904338,6.98341890967397,195
"205",2019,5,6.41666666666667,6,6.5,6,NA,7,6.3,5,1,0,1,5,2776,1679,1097,386,900,1876,6.97222146253602,7.35216974389517,6.39069624430264,6.45841968911917,6.95267777777778,6.98159743070363,196
"206",2019,6,7.25,6,7.3,7,7.5,8,7.1,5,1,2,1,5,2782,1684,1098,388,901,1881,6.97282055355859,7.3520148456057,6.39125116575592,6.46378865979381,6.95384017758047,6.98191216374269,197
"207",2019,7,7.15384615384615,13,7.125,7.2,9,8,6.9,8,5,1,3,10,2795,1692,1103,389,904,1891,6.97366253309481,7.3509414893617,6.39491729827743,6.47030848329049,6.95731194690265,6.98147899524061,198
"208",2019,8,8.19230769230769,13,8.72222222222222,7,5,8.5,8.13636363636364,9,4,1,2,11,2808,1701,1107,390,906,1902,6.97930440883191,7.35819694297472,6.39710368563686,6.46653846153846,6.9607174392936,6.98815813880126,199
"209",2019,9,5.5375,8,6.65,5.16666666666667,7,6.25,5.3,2,6,1,2,6,2816,1703,1113,391,908,1908,6.97520837357954,7.35736523781562,6.39047060197664,6.46790281329923,6.95915198237885,6.98284946540881,200
"210",2019,10,6.13333333333333,6,5.9,7.3,NA,6,6.16,5,1,0,1,5,2822,1708,1114,391,909,1913,6.97341841956059,7.35309894613583,6.3912870556553,6.46790281329923,6.95809680968097,6.98069878724517,201
"211",2019,11,8.05,10,8.28125,7.125,7.125,10,7.83333333333333,8,2,2,1,9,2832,1716,1116,393,910,1922,6.97721990819209,7.35742599067599,6.39260195340502,6.47124681933842,6.96143956043956,6.98469135275754,202
"212",2019,12,5.85,5,6.83333333333333,4.375,NA,5,6.0625,3,2,0,1,4,2837,1719,1118,393,911,1926,6.97523326753613,7.35651134380454,6.38899264758497,6.47124681933842,6.95928649835346,6.982776105919,203
"213",2020,1,7.62405235294118,17,7.61492071428571,7.66666666666667,6,7.1875,7.75837615384615,14,3,1,4,13,2854,1733,1121,394,915,1939,6.97909799229152,7.35859889786497,6.39241193577163,6.47005076142132,6.96028415300546,6.98797610624033,204
"214",2020,2,7.18,10,7.75,6.325,4.5,9,6.97777777777778,6,4,2,1,9,2864,1739,1125,396,916,1948,6.97979946578212,7.35994933294997,6.39217224888889,6.46010101010101,6.96251091703057,6.98792898870637,205
"215",2020,3,6.87,10,7.1,6.33333333333333,9,7.5,6.7125,7,3,1,2,8,2874,1746,1128,397,918,1956,6.9794174217119,7.3589071534937,6.39201576241135,6.46649874055415,6.96368191721133,6.98680248977505,206
"216",2020,4,7.15,12,8.04285714285714,5.9,5.75,7.16,7.14285714285714,7,5,2,5,7,2886,1753,1133,399,923,1963,6.9801267047817,7.36163827153451,6.38984446601942,6.46290726817042,6.96474539544962,6.98735897605706,207
"217",2020,5,7.57615384615385,13,8.1875,6.598,8,8.3725,7.22222222222222,8,5,1,4,9,2899,1761,1138,400,927,1972,6.9827994722318,7.36539005678592,6.39075903339192,6.46675,6.97081984897519,6.98843086713996,208
"218",2020,6,7.66666666666667,12,8.28571428571429,6.8,NA,8.66666666666667,7.33333333333333,7,5,0,3,9,2911,1768,1143,400,930,1981,6.98561857437307,7.36903387443439,6.39254923884514,6.46675,6.97629032258065,6.98999781423524,209
"219",2020,7,7.74545454545455,11,7.82,7,NA,6,7.92,10,1,0,1,10,2922,1778,1144,400,931,1991,6.9884790109514,7.37157024184477,6.39308022727273,6.46675,6.97524167561762,6.99466884480161,210
"220",2020,8,6.5,7,7.5,5.75,6,3.5,7.7,3,4,2,2,5,2929,1781,1148,402,933,1996,6.98731159781495,7.37178657495789,6.39083952961673,6.46442786069652,6.96779206859593,6.99643570641283,211
"221",2020,9,8.16666666666667,6,8.5,7.5,8,8,8.25,4,2,1,2,4,2935,1785,1150,403,935,2000,6.9897225451448,7.37431478431372,6.39276850434783,6.4682382133995,6.97,6.998942835,212
"222",2020,10,6.75,14,7.27777777777778,5.8,8,6.5,6.79166666666667,9,5,1,2,12,2949,1794,1155,404,937,2012,6.98858449304849,7.37383048494983,6.39020240692641,6.4720297029703,6.96899679829242,6.99770659542744,213
"223",2020,11,7.25,16,8.22222222222222,6,7.5,NA,7.25,9,7,2,0,16,2965,1803,1162,406,937,2028,6.98999516694772,7.37806538546866,6.38785179001721,6.47709359605911,6.96899679829242,6.99969707593688,214
"224",2020,12,7.5,17,8.55555555555556,6.3125,5,8.66666666666667,7.25,9,8,1,3,14,2982,1812,1170,407,940,2042,6.99290263916834,7.38391384657837,6.38733656410257,6.47346437346437,6.97441489361702,7.00141315866797,215
"225",2021,1,7.26190476190476,21,7.55555555555556,7.04166666666667,7.5,7.5,7.20588235294118,9,12,5,4,17,3003,1821,1182,412,944,2059,6.99478377289377,7.38476215815486,6.39397950930626,6.48592233009709,6.97664194915254,7.00310134531326,216
"226",2021,2,7.39444444444444,18,7.7,6.6,6,8.5,7.25625,13,5,2,2,16,3021,1834,1187,414,946,2075,6.99716506785832,7.38699666848419,6.39484732940185,6.48357487922705,6.97986257928118,7.00505333493976,217
"227",2021,3,7.44285714285714,7,7.275,7.66666666666667,10,6.85,7.68,4,3,1,2,5,3028,1838,1190,415,948,2080,6.9981953996037,7.38675293253536,6.39805359663866,6.49204819277108,6.97958860759494,7.00667580288462,218
"228",2021,4,8.2,5,8.2,NA,NA,7.5,8.66666666666667,5,0,0,2,3,3033,1843,1190,415,950,2083,7.00017661391361,7.3889592457949,6.39805359663866,6.49204819277108,6.98068421052632,7.00906657225156,219
"229",2021,5,7.39714285714286,7,8.656,4.25,NA,10,6.96333333333333,5,2,0,1,6,3040,1848,1192,415,951,2089,7.00109068092105,7.39238738636364,6.39444947986577,6.49204819277108,6.98385909568875,7.00893521780756,220
"230",2021,6,6.5,10,8.2,4.8,NA,7,6.28571428571429,5,5,0,3,7,3050,1853,1197,415,954,2096,6.99944776065573,7.39456658931462,6.3877892898914,6.49204819277108,6.98390985324948,7.00651988072519,221
"231",2021,7,7.5,5,6.875,10,NA,NA,7.5,4,1,0,0,5,3055,1857,1198,415,954,2101,7.00026699509001,7.3934474367259,6.39080449081803,6.49204819277108,6.98390985324948,7.00769427415517,222
"232",2021,8,7.07777777777778,9,7.9,6.05,NA,5,7.67142857142857,5,4,0,2,7,3064,1862,1202,415,956,2108,7.00049467036553,7.3948076745435,6.38967036605657,6.49204819277108,6.97975941422594,7.00989832542695,223
"233",2021,9,6.40909090909091,11,6.5,6.33333333333333,5.66666666666667,8,6.25,5,6,3,1,10,3075,1867,1208,418,957,2118,6.99837907967479,7.39241129619711,6.38939054635762,6.48612440191387,6.98082549634274,7.00631051463645,224
"234",2021,10,6.1,5,6.5,5.5,6,6.75,5.66666666666667,3,2,1,2,3,3080,1870,1210,419,959,2121,6.99692067207792,7.39097962032085,6.38792047933884,6.48496420047733,6.9803441084463,7.00441568599717,225
"235",2021,11,8.14,10,8.675,6,6.16666666666667,7.25,8.3625,8,2,3,2,8,3090,1878,1212,422,961,2129,7.0006199579288,7.39644935569755,6.38728034653465,6.48270142180095,6.9809053069719,7.00951886801315,226
"236",2021,12,7.175,14,7.955,5.225,7.45,7.68,6.89444444444444,10,4,2,5,9,3104,1888,1216,424,966,2138,7.00140646585051,7.39940778072034,6.38345705592105,6.4872641509434,6.98452380952381,7.00903445743686,227
"237",2022,1,7.05454545454545,22,7.01538461538462,7.11111111111111,7.66666666666667,7.5,7.01,13,9,3,2,20,3126,1901,1225,427,968,2158,7.00178044465771,7.39678163598106,6.38880308571429,6.49555035128806,6.98558884297521,7.00904340593142,228
"238",2022,2,6.63235294117647,17,7.28571428571429,6.175,5.25,6.25,6.71428571428571,7,10,4,3,14,3143,1908,1235,431,971,2172,6.99978226853325,7.39637415618449,6.38707188663968,6.48399071925754,6.98331616889804,7.00714349447514,229
"239",2022,3,7.42857142857143,7,7.33333333333333,8,NA,NA,7.42857142857143,6,1,0,0,7,3150,1914,1236,431,971,2179,7.00073513333333,7.39617653605016,6.38837684466019,6.48399071925754,6.98331616889804,7.00849732446076,230
"240",2022,4,7.62777777777778,9,7.91428571428571,6.625,7,7.675,7.61428571428571,7,2,1,2,7,3159,1921,1238,432,973,2186,7.0025215796138,7.39806449245185,6.38875911147011,6.48518518518518,6.98473792394656,7.01043717749314,231
"241",2022,5,7.55,10,7.72222222222222,6,NA,10,7.27777777777778,9,1,0,1,9,3169,1930,1239,432,974,2195,7.00424918586305,7.39957610880829,6.38844534301856,6.48518518518518,6.98783367556468,7.01153333485194,232
"242",2022,6,7.75714285714286,7,8.46,6,NA,8.1,7.5,5,2,0,3,4,3176,1935,1241,432,977,2199,7.00590858627204,7.40231622222222,6.38781932312651,6.48518518518518,6.99124872057318,7.01242185993634,233
"243",2022,7,7.35454545454545,11,7.42857142857143,7.225,NA,7.6,7.21428571428571,7,4,0,4,7,3187,1942,1245,432,981,2206,7.00711191402573,7.40241085993821,6.39050906024096,6.48518518518518,6.99373088685015,7.01306240707162,234
"244",2022,8,7.27307692307692,13,7.475,6.6,NA,8,7.2125,10,3,0,1,12,3200,1952,1248,432,982,2218,7.008192396875,7.40278273053279,6.39101264423077,6.48518518518518,6.99475560081466,7.01414142019838,235
"245",2022,9,7.35714285714286,7,7,7.83333333333333,NA,8,7.25,4,3,0,1,6,3207,1956,1251,432,983,2224,7.00895405986903,7.40195904396728,6.39447144684253,6.48518518518518,6.99577822990844,7.01477772931655,236
"246",2022,10,6.72727272727273,11,7.58333333333333,5.7,4.83333333333333,6,7.33333333333333,6,5,3,5,6,3218,1962,1256,435,988,2230,7.00799119639527,7.40251370540265,6.39170683121019,6.47379310344827,6.99073886639676,7.01563482959641,237
"247",2022,11,6.95,16,7.47272727272727,5.8,NA,6.75,6.97857142857143,11,5,0,2,14,3234,1973,1261,435,990,2244,7.00770428880643,7.40290516472377,6.38936065027756,6.47379310344827,6.99025252525252,7.01540359625669,238
"248",2022,12,7.27272727272727,11,7.71428571428571,6.5,NA,9,6.88888888888889,7,4,0,2,9,3245,1980,1265,435,992,2253,7.00860267180277,7.4040060050505,6.38971049802371,6.47379310344827,6.99430443548387,7.01489821127386,239
