"","year","month","avg_rating","no_ratings","avg_rating_owned","avg_rating_not_owned","avg_rating_prev_owned","avg_rating_comment","avg_rating_no_comment","no_ratings_owned","no_ratings_not_owned","no_ratings_prev_owned","no_ratings_comment","no_ratings_no_comment","cum_no_ratings","cum_no_ratings_owned","cum_no_ratings_not_owned","cum_no_ratings_prev_owned","cum_no_ratings_comment","cum_no_ratings_no_comment","cum_avg_rating","cum_avg_rating_owned","cum_avg_rating_not_owned","cum_avg_rating_prev_owned","cum_avg_rating_comment","cum_avg_rating_no_comment","month_after_release"
"1",2002,6,7.5,2,8,7,7,NA,7.5,1,1,1,0,2,2,1,1,1,0,2,7.5,8,7,7,NA,7.5,-10
"2",2002,7,8,2,7,9,NA,9,7,1,1,0,1,1,4,2,2,1,1,3,7.75,7.5,8,7,9,7.33333333333333,-9
"3",2002,8,8,2,8,8,NA,8,8,1,1,0,1,1,6,3,3,1,2,4,7.83333333333333,7.66666666666667,8,7,8.5,7.5,-8
"4",2002,10,8,2,NA,8,NA,NA,8,0,2,0,0,2,8,3,5,1,2,6,7.875,7.66666666666667,8,7,8.5,7.66666666666667,-6
"5",2002,11,8.33333333333333,6,8.4,8,8,8,8.5,5,1,1,2,4,14,8,6,2,4,10,8.07142857142857,8.125,8,7.5,8.25,8,-5
"6",2002,12,7,2,7,NA,NA,NA,7,2,0,0,0,2,16,10,6,2,4,12,7.9375,7.9,8,7.5,8.25,7.83333333333333,-4
"7",2003,1,8.75,2,9,8.5,NA,8.75,NA,1,1,0,2,0,18,11,7,2,6,12,8.02777777777778,8,8.07142857142857,7.5,8.41666666666667,7.83333333333333,-3
"8",2003,2,8.33333333333333,3,8,9,NA,7,9,2,1,0,1,2,21,13,8,2,7,14,8.07142857142857,8,8.1875,7.5,8.21428571428571,8,-2
"9",2003,3,9,2,9,NA,NA,9,NA,2,0,0,2,0,23,15,8,2,9,14,8.15217391304348,8.13333333333333,8.1875,7.5,8.38888888888889,8,-1
"10",2003,4,8.3125,8,7.83333333333333,8.6,NA,8.66666666666667,8.1,3,5,0,3,5,31,18,13,2,12,19,8.19354838709677,8.08333333333333,8.34615384615385,7.5,8.45833333333333,8.02631578947368,0
"11",2003,5,7.75,4,7.5,8,NA,8,7.5,2,2,0,2,2,35,20,15,2,14,21,8.14285714285714,8.025,8.3,7.5,8.39285714285714,7.97619047619048,1
"12",2003,6,7.16666666666667,3,8,6.75,8,NA,7.16666666666667,1,2,1,0,3,38,21,17,3,14,24,8.06578947368421,8.02380952380952,8.11764705882353,7.66666666666667,8.39285714285714,7.875,2
"13",2003,7,7.6875,16,8.15,6.91666666666667,NA,7.58333333333333,7.75,10,6,0,6,10,54,31,23,3,20,34,7.9537037037037,8.06451612903226,7.80434782608696,7.66666666666667,8.15,7.83823529411765,3
"14",2003,8,7.25,10,7.33333333333333,7.125,NA,8.125,6.66666666666667,6,4,0,4,6,64,37,27,3,24,40,7.84375,7.94594594594595,7.7037037037037,7.66666666666667,8.14583333333333,7.6625,4
"15",2003,9,8.19,10,8.77142857142857,6.83333333333333,NA,8.38,8,7,3,0,5,5,74,44,30,3,29,45,7.89054054054054,8.07727272727273,7.61666666666667,7.66666666666667,8.18620689655172,7.7,5
"16",2003,10,8.66666666666667,6,8.33333333333333,9,9,8,8.8,3,3,1,1,5,80,47,33,4,30,50,7.94875,8.09361702127659,7.74242424242424,8,8.18,7.81,6
"17",2003,11,8,1,NA,8,8,8,NA,0,1,1,1,0,81,47,34,5,31,50,7.94938271604938,8.09361702127659,7.75,8,8.1741935483871,7.81,7
"18",2003,12,8,4,8.5,7.5,8,8,8,2,2,1,1,3,85,49,36,6,32,53,7.95176470588235,8.11020408163265,7.73611111111111,8,8.16875,7.82075471698113,8
"19",2004,1,7.92857142857143,7,7.9,8,NA,8,7.83333333333333,5,2,0,4,3,92,54,38,6,36,56,7.95,8.09074074074074,7.75,8,8.15,7.82142857142857,9
"20",2004,2,7.86666666666667,9,8.96,6.5,NA,8.75,7.16,5,4,0,4,5,101,59,42,6,40,61,7.94257425742574,8.16440677966102,7.63095238095238,8,8.21,7.7672131147541,10
"21",2004,3,7.6,10,8.85714285714286,4.66666666666667,NA,8.5,7,7,3,0,4,6,111,66,45,6,44,67,7.91171171171171,8.23787878787879,7.43333333333333,8,8.23636363636364,7.69850746268657,11
"22",2004,4,8.43333333333333,15,8.59090909090909,8,NA,8.14285714285714,8.6875,11,4,0,7,8,126,77,49,6,51,75,7.97380952380952,8.28831168831169,7.47959183673469,8,8.22352941176471,7.804,12
"23",2004,5,8.23333333333333,15,8.55,7.6,7,8.0625,8.42857142857143,10,5,1,8,7,141,87,54,7,59,82,8.00141843971631,8.3183908045977,7.49074074074074,7.85714285714286,8.20169491525424,7.85731707317073,13
"24",2004,6,7.11111111111111,9,9,6.16666666666667,NA,7,7.16666666666667,3,6,0,3,6,150,90,60,7,62,88,7.948,8.34111111111111,7.35833333333333,7.85714285714286,8.14354838709677,7.81022727272727,14
"25",2004,7,8.54166666666667,12,8.9375,7.75,9,8.64285714285714,8.4,8,4,1,7,5,162,98,64,8,69,93,7.99197530864198,8.38979591836734,7.3828125,8,8.19420289855072,7.84193548387097,15
"26",2004,8,8.33333333333333,3,9.5,6,NA,10,7.5,2,1,0,1,2,165,100,65,8,70,95,7.99818181818182,8.412,7.36153846153846,8,8.22,7.83473684210526,16
"27",2004,9,7.4,10,8.16666666666667,6.25,NA,6.6,8.2,6,4,0,5,5,175,106,69,8,75,100,7.964,8.39811320754717,7.29710144927536,8,8.112,7.853,17
"28",2004,10,7.47222222222222,18,8.04166666666667,6.33333333333333,NA,6.57142857142857,8.04545454545454,12,6,0,7,11,193,118,75,8,82,111,7.91813471502591,8.36186440677966,7.22,8,7.98048780487805,7.87207207207207,18
"29",2004,11,8.25,11,8.42857142857143,7.9375,NA,7.9,8.54166666666667,7,4,0,5,6,204,125,79,8,87,117,7.93602941176471,8.3656,7.25632911392405,8,7.97586206896552,7.90641025641026,19
"30",2004,12,8.36666666666667,15,8.55,8,NA,8.3,8.4,10,5,0,5,10,219,135,84,8,92,127,7.96552511415525,8.37925925925926,7.30059523809524,8,7.99347826086956,7.94527559055118,20
"31",2005,1,8.17708333333333,24,8.03333333333333,8.41666666666667,9,8.21666666666667,8.11111111111111,15,9,1,15,9,243,150,93,9,107,136,7.98641975308642,8.34466666666666,7.40860215053763,8.11111111111111,8.02476635514019,7.95625,21
"32",2005,2,8.625,12,8.65,8.5,9,8.6,8.64285714285714,10,2,1,5,7,255,160,95,10,112,143,8.0164705882353,8.36375,7.43157894736842,8.2,8.05044642857143,7.98986013986014,22
"33",2005,3,7.85,20,7.875,7.8125,8,7.83333333333333,7.86363636363636,12,8,2,9,11,275,172,103,12,121,154,8.00436363636364,8.32965116279069,7.46116504854369,8.16666666666667,8.03429752066116,7.98084415584416,23
"34",2005,4,7.84210526315789,19,8.72727272727273,6.625,NA,8.16666666666667,7.69230769230769,11,8,0,6,13,294,183,111,12,127,167,7.99387755102041,8.3535519125683,7.4009009009009,8.16666666666667,8.04055118110236,7.95838323353293,24
"35",2005,5,7.84,25,8.6,6.7,8.5,7.95,7.76666666666667,15,10,2,10,15,319,198,121,14,137,182,7.98181818181818,8.37222222222222,7.34297520661157,8.21428571428571,8.03394160583942,7.94258241758242,25
"36",2005,6,8.02272727272727,22,8.20833333333333,7.8,7.5,8.16666666666667,7.92307692307692,12,10,2,9,13,341,210,131,16,146,195,7.98445747800587,8.36285714285714,7.37786259541985,8.125,8.04212328767123,7.94128205128205,26
"37",2005,7,7.65,18,7.68333333333333,7.58333333333333,7.625,7.5,7.74545454545455,12,6,4,7,11,359,222,137,20,153,206,7.96768802228412,8.32612612612612,7.38686131386861,8.025,8.01732026143791,7.93082524271845,27
"38",2005,8,7.97368421052632,19,8.27272727272727,7.5625,NA,8.33333333333333,7.65,11,8,0,9,10,378,233,145,20,162,216,7.96798941798942,8.32360515021459,7.39655172413793,8.025,8.03487654320988,7.91782407407407,28
"39",2005,9,8.36428571428571,28,8.42352941176471,8.27272727272727,8.7,8.7,8.14705882352941,17,11,5,11,17,406,250,156,25,173,233,7.99532019704434,8.3304,7.45833333333333,8.16,8.0771676300578,7.93454935622318,29
"40",2005,10,7.33870967741935,31,7.83333333333333,7.02631578947368,8,7.16666666666667,7.5,12,19,2,15,16,437,262,175,27,188,249,7.9487414187643,8.30763358778626,7.41142857142857,8.14814814814815,8.00452127659575,7.9066265060241,30
"41",2005,11,8.08928571428571,28,8.69444444444444,7,8,8.625,7.6875,18,10,1,12,16,465,280,185,28,200,265,7.95720430107527,8.3325,7.38918918918919,8.14285714285714,8.04175,7.89339622641509,31
"42",2005,12,7.8,25,8.35294117647059,6.625,NA,7.04545454545455,8.39285714285714,17,8,0,11,14,490,297,193,28,211,279,7.94918367346939,8.33367003367003,7.35751295336788,8.14285714285714,7.98981042654029,7.91845878136201,32
"43",2006,1,7.80666666666667,30,8.37272727272727,6.25,NA,7.45,8.11875,22,8,0,14,16,520,319,201,28,225,295,7.94096153846154,8.33636363636363,7.3134328358209,8.14285714285714,7.95622222222222,7.92932203389831,33
"44",2006,2,8.3125,24,8.67857142857143,7.8,8.5,8.40909090909091,8.23076923076923,14,10,1,11,13,544,333,211,29,236,308,7.95735294117647,8.35075075075075,7.33649289099526,8.1551724137931,7.97733050847458,7.94204545454545,34
"45",2006,3,7.79807692307692,26,8.1375,6.66666666666667,8,7.75,7.83333333333333,20,6,1,11,15,570,353,217,30,247,323,7.95008771929825,8.33866855524079,7.31797235023041,8.15,7.96720647773279,7.93699690402477,35
"46",2006,4,7.88095238095238,21,8.61538461538461,6.6875,7.5,8.6,7.65625,13,8,3,5,16,591,366,225,33,252,339,7.94763113367174,8.34849726775956,7.29555555555556,8.09090909090909,7.97976190476191,7.92374631268437,36
"47",2006,5,7.865,20,8.05714285714286,7.41666666666667,NA,7.88888888888889,7.84545454545455,14,6,0,9,11,611,380,231,33,261,350,7.9449263502455,8.33776315789474,7.2987012987013,8.09090909090909,7.97662835249042,7.92128571428572,37
"48",2006,6,7.87931034482759,29,8.45555555555556,6.93636363636364,8,7.87142857142857,7.88666666666667,18,11,1,14,15,640,398,242,34,275,365,7.941953125,8.34309045226131,7.28223140495868,8.08823529411765,7.97127272727273,7.91986301369863,38
"49",2006,7,7.78947368421053,19,8.6875,7.13636363636364,8.5,8,7.6,8,11,2,9,10,659,406,253,36,284,375,7.93755690440061,8.34987684729064,7.27588932806324,8.11111111111111,7.97218309859155,7.91133333333333,39
"50",2006,8,7.6,25,7.79166666666667,7.42307692307692,8,7.83333333333333,7.46875,12,13,1,9,16,684,418,266,37,293,391,7.92521929824561,8.33385167464115,7.28308270676692,8.10810810810811,7.9679180887372,7.89322250639386,40
"51",2006,9,7.29166666666667,12,8.5,5.6,3,7.72222222222222,6,7,5,1,9,3,696,425,271,38,302,394,7.91429597701149,8.33658823529412,7.2520295202952,7.97368421052632,7.96059602649007,7.87880710659899,41
"52",2006,10,7.8,27,7.92631578947368,7.5,NA,7.61111111111111,7.89444444444444,19,8,0,9,18,723,444,279,38,311,412,7.91002766251729,8.31903153153153,7.25913978494624,7.97368421052632,7.95048231511254,7.87949029126214,42
"53",2006,11,7.85806451612903,31,8.10769230769231,7.67777777777778,7.5,7.94666666666667,7.775,13,18,2,15,16,754,457,297,40,326,428,7.90789124668435,8.31301969365427,7.28451178451178,7.95,7.95030674846626,7.87558411214953,43
"54",2006,12,7.52407407407407,27,7.55,7.50882352941176,8,7.78571428571429,7.4325,10,17,4,7,20,781,467,314,44,333,448,7.89462227912932,8.29668094218415,7.29665605095541,7.95454545454546,7.94684684684685,7.85580357142857,44
"55",2007,1,7.77948717948718,39,8.13157894736842,7.445,8,7.66666666666667,7.87619047619048,19,20,2,18,21,820,486,334,46,351,469,7.88914634146342,8.29022633744856,7.30553892215569,7.95652173913044,7.93247863247863,7.85671641791045,45
"56",2007,2,7.60122787878788,33,7.75882352941176,7.4337825,8,7.56666666666667,7.63002888888889,17,16,1,15,18,853,503,350,47,366,487,7.87800764361079,8.27226640159046,7.31140148571429,7.95744680851064,7.91748633879781,7.84833782340863,46
"57",2007,3,7.812,25,8.33333333333333,7.51875,7.8,8.4,7.26923076923077,9,16,1,12,13,878,512,366,48,378,500,7.87612815489749,8.27333984375,7.32046590163935,7.95416666666667,7.93280423280423,7.83328104,47
"58",2007,4,8,30,8.4,7.8,6,7.79411764705882,8.26923076923077,10,20,1,17,13,908,522,386,49,395,513,7.88022083700441,8.2757662835249,7.34531222797928,7.91428571428572,7.92683544303797,7.84432849902534,48
"59",2007,5,7.38181818181818,33,8.08666666666667,6.79444444444444,9,7.34285714285714,7.41052631578947,15,18,1,14,19,941,537,404,50,409,532,7.86274231668438,8.27048417132216,7.32076861386139,7.936,7.90684596577017,7.82883556390978,49
"60",2007,6,7.3462962962963,27,8.32727272727273,6.671875,8,7.390625,7.28181818181818,11,16,1,16,11,968,548,420,51,425,543,7.84833731404959,8.27162408759124,7.29604885714286,7.93725490196079,7.88741176470588,7.81775418047882,50
"61",2007,7,8,16,8.8125,7.1875,7.5,7.61111111111111,8.5,8,8,1,9,7,984,556,428,52,434,550,7.85080337398374,8.27940647482014,7.29401990654206,7.92884615384616,7.88168202764977,7.82643730909091,51
"62",2007,8,7.89583333333333,24,8.625,7.16666666666667,9,7.5,8.13333333333333,12,12,1,9,15,1008,568,440,53,443,565,7.85187551587302,8.28670774647887,7.29054663636364,7.94905660377359,7.87392776523702,7.83458499115044,52
"63",2007,9,7.36875,16,7.8,7.03333333333333,7.33333333333333,6.43333333333333,7.93,7,9,3,6,10,1024,575,449,56,449,575,7.8443266796875,8.28078260869565,7.28539091314031,7.91607142857143,7.85467706013363,7.8362443826087,53
"64",2007,10,7.67916666666667,24,8.75454545454545,6.76923076923077,7.33333333333333,7,7.95882352941176,11,13,3,7,17,1048,586,462,59,456,592,7.84054438931298,8.28967576791809,7.27086692640693,7.8864406779661,7.84155701754386,7.83976439189189,54
"65",2007,11,7.40394736842105,38,7.78333333333333,7.15652173913043,7.275,7.58333333333333,7.32115384615385,15,23,4,12,26,1086,601,485,63,468,618,7.82526751381216,8.27703826955075,7.26544437113402,7.84761904761905,7.8349358974359,7.81794582524272,55
"66",2007,12,6.95428571428571,35,7.76153846153846,6.47727272727273,6.66666666666667,6.88947368421053,7.03125,13,22,3,19,16,1121,614,507,66,487,634,7.79807361284567,8.26612377850163,7.23124362919132,7.7939393939394,7.79804928131417,7.79809230283912,56
"67",2008,1,7.6,35,8,6.83333333333333,NA,7.16071428571429,7.89285714285714,23,12,0,14,21,1156,637,519,66,501,655,7.79207657439446,8.25651491365777,7.2220433911368,7.7939393939394,7.78023952095808,7.8011305648855,57
"68",2008,2,7.31578947368421,19,7.5,7.15,7,7.33333333333333,7.3,9,10,1,9,10,1175,646,529,67,510,665,7.7843749106383,8.24597523219814,7.22068151228734,7.78208955223881,7.77235294117647,7.7935947669173,58
"69",2008,3,7.572,25,8.12857142857143,6.86363636363636,7.75,7.63333333333333,7.48,14,11,2,15,10,1200,660,540,69,525,675,7.77995043333333,8.24348484848485,7.21340837037037,7.78115942028986,7.76838095238095,7.78894891851852,59
"70",2008,4,7.20454545454545,22,8.08333333333333,6.875,7.5,7.625,7.11111111111111,6,16,3,4,18,1222,666,556,72,529,693,7.76959126022913,8.24204204204204,7.20367,7.76944444444445,7.76729678638941,7.77134274170275,60
"71",2008,5,8,10,8.4,7.6,6,7.75,8.375,5,5,1,6,4,1232,671,561,73,535,697,7.77146146103896,8.24321907600596,7.20720235294118,7.74520547945206,7.76710280373832,7.77480705882353,61
"72",2008,6,7.02083333333333,24,8.05555555555556,6.4,NA,6.38888888888889,7.4,9,15,0,9,15,1256,680,576,73,544,712,7.75711824840764,8.24073529411765,7.18618145833334,7.74520547945206,7.74430147058823,7.76691084269663,62
"73",2008,7,7.26875,24,8.36666666666667,6.90277777777778,6.83333333333333,7.28333333333333,7.24444444444444,6,18,6,15,9,1280,686,594,79,559,721,7.74796134375,8.24183673469388,7.17759346801347,7.67594936708861,7.7319320214669,7.76038907073509,63
"74",2008,8,7.24333333333333,30,8.03571428571429,6.55,6.375,6.91428571428571,7.53125,14,16,8,14,16,1310,700,610,87,573,737,7.73640497709924,8.23771428571428,7.161132,7.55632183908046,7.71195462478185,7.75541454545455,64
"75",2008,9,7.6875,20,7.82142857142857,7.61538461538461,8,7.21428571428571,7.94230769230769,7,13,5,7,13,1330,707,623,92,580,750,7.73566956390977,8.23359264497878,7.17061078651686,7.5804347826087,7.70594827586207,7.75865402666667,65
"76",2008,10,7.925,20,7.88888888888889,7.95454545454545,7.5,7.85,8,9,11,4,10,10,1350,716,634,96,590,760,7.73847445925926,8.22925977653631,7.18421217665615,7.57708333333333,7.70838983050847,7.76182963157895,66
"77",2008,11,7.82,25,8.21428571428571,7.31818181818182,7,7.66666666666667,7.90625,14,11,5,9,16,1375,730,645,101,599,776,7.73995674181818,8.22897260273972,7.18649693023256,7.54851485148515,7.70776293823038,7.76480737113402,67
"78",2008,12,7.50833333333333,24,8.22727272727273,6.9,7.08333333333333,7.33333333333333,7.68333333333333,11,13,6,12,12,1399,741,658,107,611,788,7.73598321658327,8.22894736842105,7.18083665653496,7.52242990654206,7.70040916530278,7.7635666497462,68
"79",2009,1,7.68695652173913,23,8.225,7.4,7,7.77272727272727,7.60833333333333,8,15,4,11,12,1422,749,673,111,622,800,7.73519023909986,8.22890520694259,7.18572142644874,7.5036036036036,7.70168810289389,7.76123815,69
"80",2009,2,7.67543859649123,57,8.25862068965517,7.07142857142857,6.16666666666667,6.55555555555556,7.88541666666667,29,28,6,9,48,1479,778,701,117,631,848,7.73288743745774,8.23001285347043,7.1811562339515,7.43504273504274,7.68534072900158,7.76826712264151,70
"81",2009,3,7.07317073170732,41,7.65625,6.7,6.75,7.10714285714286,7.05555555555556,16,25,4,14,27,1520,794,726,121,645,875,7.71509244736842,8.21845088161209,7.16458749311295,7.41239669421488,7.67279069767442,7.74627488,71
"82",2009,4,7.54807692307692,52,7.89230769230769,7.43333333333333,6.23333333333333,6.42857142857143,7.72222222222222,13,39,6,7,45,1572,807,765,127,652,920,7.70956776081425,8.2131970260223,7.17828826143791,7.35669291338583,7.65943251533742,7.74509839130435,72
"83",2009,5,7.63690909090909,44,8.1616,7.36551724137931,6.75,7.85672727272727,7.56363636363636,15,29,6,11,33,1616,822,794,133,663,953,7.70758943069307,8.21225547445255,7.18512659949622,7.32932330827068,7.66270588235294,7.73881481636936,73
"84",2009,6,7.44772727272727,44,7.18,7.58620689655172,6.76666666666667,6.66,7.67941176470588,15,29,3,10,34,1660,837,823,136,673,987,7.70070151807229,8.19375627240143,7.19925944106926,7.31691176470588,7.64780683506686,7.7367685106383,74
"85",2009,7,7.45161290322581,31,7.9,7.23809523809524,6.25,6.9375,7.6304347826087,10,21,6,8,23,1691,847,844,142,681,1010,7.69613513897102,8.1902880755608,7.20022573459716,7.27183098591549,7.63946255506608,7.73434704950495,75
"86",2009,8,7.44,25,7.68181818181818,7.25,8.16666666666667,7.875,7.35714285714286,11,14,3,4,21,1716,858,858,145,685,1031,7.69240356643357,8.18376923076923,7.2010379020979,7.29034482758621,7.64083795620438,7.72666393792435,76
"87",2009,9,7.18518518518519,27,7.75,7.02380952380952,6.75,7.375,7.15217391304348,6,21,4,4,23,1743,864,879,149,689,1054,7.68454648307516,8.18075694444444,7.19680377701934,7.2758389261745,7.6392946298984,7.71412762808349,77
"88",2009,10,7.46296296296296,27,7.8125,7.31578947368421,7.625,7.83333333333333,7.35714285714286,8,19,4,6,21,1770,872,898,153,695,1075,7.68116639548023,8.17737844036697,7.19932129175947,7.28496732026144,7.64096978417266,7.70715397209303,78
"89",2009,11,7.63658536585366,41,7.97333333333333,7.44230769230769,7.28571428571429,7.34615384615385,7.77142857142857,15,26,7,13,28,1811,887,924,160,708,1103,7.68015710657096,8.17392784667418,7.20615857142857,7.285,7.63555649717514,7.70878560290118,79
"90",2009,12,6.95,40,7.9,6.63333333333333,7.25,7.72727272727273,6.6551724137931,10,30,6,11,29,1851,897,954,166,719,1132,7.66437845488925,8.17087402452619,7.18814519916143,7.28373493975904,7.63695966620306,7.68179374558304,80
"91",2010,1,7.18,35,7.77142857142857,6.78571428571429,6.3,6.98571428571429,7.30952380952381,14,21,5,14,21,1886,911,975,171,733,1153,7.65538945917285,8.16473545554335,7.17947745641026,7.25497076023392,7.62452114597544,7.67501346053773,81
"92",2010,2,7.03703703703704,27,8.125,6.57894736842105,NA,6.4,7.18181818181818,8,19,0,5,22,1913,919,994,171,738,1175,7.64666205959226,8.16438955386289,7.1679985110664,7.25497076023392,7.61622493224932,7.66577916595745,82
"93",2010,3,7.02272727272727,22,7.75,6.86111111111111,7,7.75,6.86111111111111,4,18,3,4,18,1935,923,1012,174,742,1193,7.63956822739018,8.16259371614301,7.16254003952569,7.25057471264368,7.61694609164421,7.65363832355407,83
"94",2010,4,7.49259259259259,27,7.9,7.35,7.25,7.53,7.47058823529412,7,20,2,10,17,1962,930,1032,176,752,1210,7.63754562691131,8.16061720430107,7.16617298449613,7.25056818181818,7.61578989361702,7.65106654545455,84
"95",2010,5,7.99444444444444,18,8.3,7.51428571428571,7,8.76666666666667,7.60833333333333,11,7,1,6,12,1980,941,1039,177,758,1222,7.64079016161616,8.16224654622741,7.16851830606352,7.24915254237288,7.62489973614776,7.65064690671031,85
"96",2010,6,7.69285714285714,14,7.6,7.74444444444444,7.6,7.75,7.68333333333333,5,9,2,2,12,1994,946,1048,179,760,1234,7.64115572718154,8.15927484143763,7.17346423664122,7.25307262569832,7.62522894736842,7.6509647649919,86
"97",2010,7,7.06842105263158,19,9.33333333333333,6.64375,7.5,7.16,7.03571428571429,3,16,1,5,14,2013,949,1064,180,765,1248,7.63574988574267,8.16298630136986,7.16549860902256,7.25444444444444,7.62218823529412,7.64406291666667,87
"98",2010,8,7.82142857142857,14,9.16666666666667,7.45454545454545,8,8.625,7.5,3,11,2,4,10,2027,952,1075,182,769,1258,7.63703232363098,8.16614915966386,7.16845629767442,7.26263736263736,7.6274044213264,7.64291774244833,88
"99",2010,9,7.91428571428571,21,8.25,7.70769230769231,8,7.78333333333333,7.96666666666667,8,13,1,6,15,2048,960,1088,183,775,1273,7.63987525390625,8.16684791666666,7.174899375,7.26666666666667,7.62861161290323,7.64673253731344,89
"100",2010,10,7.31333333333333,15,8.6,6.67,6.16666666666667,6.875,7.47272727272727,5,10,3,4,11,2063,965,1098,186,779,1284,7.63750097915657,8.16909222797927,7.17030102003643,7.2489247311828,7.62474197689345,7.64524183800623,90
"101",2010,11,7.4,36,7.68181818181818,7.276,6.66666666666667,7.5,7.36153846153846,11,25,6,10,26,2099,976,1123,192,789,1310,7.63342759409243,8.16360040983606,7.17265406945681,7.23072916666667,7.62316096324461,7.63961108396947,91
"102",2010,12,7.71428571428571,21,8.04545454545454,7.35,7,7.4,7.8125,11,10,1,5,16,2120,987,1133,193,794,1326,7.63422854716981,8.16228368794326,7.17421934686673,7.22953367875648,7.6217556675063,7.64169722473605,92
"103",2011,1,7.67424242424242,33,7.78055555555556,7.54666666666667,6,7.35714285714286,7.75961538461539,18,15,1,7,26,2153,1005,1148,194,801,1352,7.63484185787274,8.15544676616915,7.17908581881533,7.22319587628866,7.61944319600499,7.64396488165681,93
"104",2011,2,7.53954545454545,22,7.76,7.47470588235294,8,7.9675,7.44444444444444,5,17,2,4,18,2175,1010,1165,196,805,1370,7.63387794022988,8.15348910891089,7.18339958798283,7.23112244897959,7.62117267080745,7.64134344525548,94
"105",2011,3,7.61363636363636,22,8.25,7.375,7.5,8.25,7.47222222222222,6,16,1,4,18,2197,1016,1181,197,809,1388,7.63367524806554,8.15405905511811,7.18599535986452,7.23248730964467,7.62428182941904,7.63915023054755,95
"106",2011,4,7.71428571428571,14,8.33333333333333,7.25,7,8,7.63636363636364,6,8,2,3,11,2211,1022,1189,199,812,1399,7.63418567164179,8.15511154598825,7.18642600504626,7.23015075376884,7.62566995073892,7.63912832022874,96
"107",2011,5,7.67368421052632,19,7.9,7.56923076923077,7,7.65714285714286,7.68333333333333,6,13,1,7,12,2230,1028,1202,200,819,1411,7.63452220627803,8.15362256809338,7.19056615640599,7.229,7.62593894993895,7.63950426647768,97
"108",2011,6,7.47333333333333,15,8.16666666666667,7.01111111111111,7.75,8.5,7.31538461538462,6,9,2,2,13,2245,1034,1211,202,821,1424,7.63344522048998,8.15369825918762,7.18923246903386,7.23415841584158,7.62806820950061,7.63654530898877,98
"109",2011,7,7.48333333333333,12,8.66666666666667,7.08888888888889,NA,8.66666666666667,7.08888888888889,3,9,0,3,9,2257,1037,1220,202,824,1433,7.63264710677891,8.15518225650916,7.1884922295082,7.23415841584158,7.63184951456311,7.63310573621773,99
"110",2011,8,7.23642857142857,14,7.43,7.04285714285714,7.66666666666667,7.03875,7.5,7,7,3,8,6,2271,1044,1227,205,832,1439,7.63020454425363,8.15031992337164,7.18766138549307,7.24048780487805,7.62614663461539,7.63255074357193,100
"111",2011,9,7.32142857142857,14,8.08333333333333,6.75,6.5,7,7.5625,6,8,2,6,8,2285,1050,1235,207,838,1447,7.62831270021882,8.14993714285714,7.18482633198381,7.23333333333333,7.62166348448688,7.63216345542502,101
"112",2011,10,7.31,12,8,6.62,NA,7.57333333333333,7.22222222222222,6,6,0,3,9,2297,1056,1241,207,841,1456,7.62664976926426,8.14908522727272,7.18209550362611,7.23333333333333,7.62149108204519,7.62962947802198,102
"113",2011,11,7.29545454545455,22,7.57142857142857,7.16666666666667,8.5,6.175,7.54444444444444,7,15,2,4,18,2319,1063,1256,209,845,1474,7.62350777059077,8.14528127939793,7.18191124203822,7.24545454545455,7.61464378698225,7.6285892265943,103
"114",2011,12,7.1875,20,8.33333333333333,6.69642857142857,6.66666666666667,7.08333333333333,7.23214285714286,6,14,3,6,14,2339,1069,1270,212,851,1488,7.61977961522018,8.14633676333021,7.17655946456693,7.2372641509434,7.61089776733255,7.62485922043011,104
"115",2012,1,6.75161290322581,31,7.4,6.395,6,6.8375,6.72173913043478,11,20,1,8,23,2370,1080,1290,213,859,1511,7.60842384810126,8.13873518518518,7.16444226356589,7.23145539906103,7.60369499417928,7.61111219060225,105
"116",2012,2,7.92222222222222,9,9.16666666666667,7.3,NA,7,8.0375,3,6,0,1,8,2379,1083,1296,213,860,1519,7.60961097940311,8.14158264081255,7.16506984567901,7.23145539906103,7.60299302325582,7.61335781435155,106
"117",2012,3,7.30666666666667,15,8.2,6.86,8,8.5,6.87272727272727,5,10,3,4,11,2394,1088,1306,216,864,1530,7.6077128320802,8.14185110294117,7.16273393568147,7.24212962962963,7.60714583333333,7.60803301960785,107
"118",2012,4,7.65,20,8.05555555555556,7.31818181818182,9,7,7.72222222222222,9,11,1,2,18,2414,1097,1317,217,866,1548,7.60806318144159,8.14114311759343,7.16403228549734,7.25023041474654,7.60574364896074,7.60936080103359,108
"119",2012,5,7.1,15,8,6.96153846153846,7.5,7.66666666666667,6.95833333333333,2,13,2,3,12,2429,1099,1330,219,869,1560,7.60492569781803,8.14088626023658,7.16205302255639,7.25251141552511,7.60595397008055,7.6043528974359,109
"120",2012,6,8.06,15,8.8,7.79090909090909,8.43333333333333,8.65,7.84545454545455,4,11,6,4,11,2444,1103,1341,225,873,1571,7.60771870703764,8.14327651858567,7.16721142431022,7.284,7.61073768613975,7.60604106938256,110
"121",2012,7,7.789375,16,8.8,7.33,NA,8,7.62555555555556,5,11,0,7,9,2460,1108,1352,225,880,1580,7.60890021138211,8.14624007220216,7.16853588757396,7.284,7.61383409090909,7.6061522278481,111
"122",2012,8,7.59166666666667,12,7.5,7.62222222222222,10,7.7,7.55555555555556,3,9,1,3,9,2472,1111,1361,226,883,1589,7.60881655339806,8.14449504950495,7.17153601763409,7.29601769911504,7.6141268403171,7.60586565135305,112
"123",2012,9,6.95454545454545,11,8.25,6.66666666666667,7.25,7,6.91666666666667,2,9,2,5,6,2483,1113,1370,228,888,1595,7.60591805074506,8.1446846361186,7.16821935766423,7.29561403508772,7.61066891891892,7.60327305329154,113
"124",2012,10,7.1775,20,7.725,7.040625,6,7.16,7.18333333333333,4,16,3,5,15,2503,1117,1386,231,893,1610,7.60249481422293,8.14318173679498,7.16674640692641,7.27878787878788,7.60814557670773,7.59936057142857,114
"125",2012,11,7.05384615384615,13,7.34,6.875,7,7.66666666666667,6.87,5,8,4,3,10,2516,1122,1394,235,896,1620,7.59965998410175,8.13960249554367,7.16507210903874,7.27404255319149,7.60834151785715,7.59485834567901,115
"126",2012,12,6.83333333333333,9,8.33333333333333,6.08333333333333,7,7,6.78571428571429,3,6,1,2,7,2525,1125,1400,236,898,1627,7.59692852277228,8.14011911111111,7.16043608571428,7.2728813559322,7.60698663697105,7.59137708666257,116
"127",2013,1,6.80555555555556,18,7.25,6.45,7,6.33333333333333,7.04166666666667,8,10,1,6,12,2543,1133,1410,237,904,1639,7.59132698387731,8.13383406884378,7.15539753191489,7.27172995780591,7.59853318584071,7.58735236119585,117
"128",2013,2,6.765625,16,7.03571428571429,6.55555555555556,6.66666666666667,7,6.75,7,9,3,1,15,2559,1140,1419,240,905,1654,7.58616432981633,8.12709122807017,7.15159303735025,7.26416666666667,7.59787182320442,7.5797584764208,118
"129",2013,3,7.3,10,8.5,7,8,9.5,7.05555555555556,2,8,1,1,9,2569,1142,1427,241,906,1663,7.58505041650448,8.12774430823117,7.15074318149965,7.26721991701245,7.59997130242826,7.57692153938665,119
"130",2013,4,6.92857142857143,7,9,6.1,7,6.875,7,2,5,1,4,3,2576,1144,1432,242,910,1666,7.58326650621118,8.12926923076923,7.14707438547486,7.26611570247934,7.59678461538462,7.57588266506603,120
"131",2013,5,7.68461538461538,13,7.8,7.6125,7,7.58,7.75,5,8,1,5,8,2589,1149,1440,243,915,1674,7.58377540363074,8.1278363794604,7.14966008333333,7.26502057613169,7.59669289617487,7.57671476702509,121
"132",2013,6,7.36923076923077,13,7.6,7.225,7,8,7.18,5,8,2,3,10,2602,1154,1448,245,918,1684,7.58270350499616,8.12554939341421,7.15007632596685,7.26285714285714,7.59801089324619,7.57435897862233,122
"133",2013,7,7.33333333333333,15,8.35714285714286,6.4375,7,8.5,6.90909090909091,7,8,1,4,11,2617,1161,1456,246,922,1695,7.58127417653802,8.12694573643411,7.14616107142857,7.26178861788618,7.60192407809111,7.57004160471977,123
"134",2013,8,6.79166666666667,6,7.5,6.4375,6,6.375,7,2,4,1,2,4,2623,1163,1460,247,924,1699,7.57946798322531,8.12586758383491,7.14421953424657,7.25668016194332,7.5992683982684,7.56869954090642,124
"135",2013,9,7.5625,8,7,7.75,7.5,NA,7.5625,2,6,1,0,8,2631,1165,1466,248,924,1707,7.57941638920562,8.1239347639485,7.14669885402455,7.25766129032258,7.5992683982684,7.56867048623316,125
"136",2013,10,6.97222222222222,9,8.875,6.42857142857143,NA,6,7.09375,2,7,0,1,8,2640,1167,1473,248,925,1715,7.57734640909091,8.12522193658954,7.14328616429056,7.25766129032258,7.59753945945946,7.56645511370263,126
"137",2013,11,7.37647058823529,17,8.05714285714286,6.9,NA,7.7,7.27692307692308,7,10,0,4,13,2657,1174,1483,248,929,1728,7.57606116672939,8.12481601362862,7.1416456641942,7.25766129032258,7.59798062432724,7.5642769212963,127
"138",2013,12,6.6952380952381,21,7.7625,6.03846153846154,6.5,6.5,6.77333333333333,8,13,4,6,15,2678,1182,1496,252,935,1743,7.5691540403286,8.12236379018612,7.13205917112299,7.24563492063492,7.59093475935829,7.55747017785428,128
"139",2014,1,7.64285714285714,14,8.16666666666667,7.25,7,8.75,7.2,6,8,2,4,10,2692,1188,1504,254,939,1753,7.56953734026746,8.12258754208754,7.13268651595745,7.24370078740157,7.59587220447285,7.55543098687964,129
"140",2014,2,8.04166666666667,6,9.125,7.5,6,9.125,7.5,2,4,1,2,4,2698,1190,1508,255,941,1757,7.57058729429207,8.12427226890756,7.13366082228117,7.23882352941176,7.59912221041446,7.55530479225953,130
"141",2014,3,6.875,8,7,6.83333333333333,8,6.5,7.25,2,6,1,4,4,2706,1192,1514,256,945,1761,7.56853086474501,8.12238590604026,7.13247062087186,7.241796875,7.59446984126984,7.55461131175469,131
"142",2014,4,7.13636363636364,11,7.41666666666667,6.8,NA,6,7.25,6,5,0,1,10,2717,1198,1519,256,946,1771,7.56678119985278,8.11885141903172,7.13137624753127,7.241796875,7.59278435517971,7.55289131564088,132
"143",2014,5,7.5,10,8,7.28571428571429,8,8,7.375,3,7,1,2,8,2727,1201,1526,257,948,1779,7.56653631096443,8.11855453788509,7.13208422018348,7.24474708171206,7.59364345991561,7.55209135469365,133
"144",2014,6,7.92307692307692,13,7.75,8.07142857142857,NA,8,7.91666666666667,6,7,0,1,12,2740,1207,1533,257,949,1791,7.5682279270073,8.11672245236122,7.13637346379648,7.24474708171206,7.59407165437303,7.55453407035176,134
"145",2014,7,6,3,NA,6,NA,NA,6,0,3,0,0,3,2743,1207,1536,257,949,1794,7.56651276704338,8.11672245236122,7.134153984375,7.24474708171206,7.59407165437303,7.55193451505017,135
"146",2014,8,6.92857142857143,7,9,6.58333333333333,7.5,1,7.91666666666667,1,6,1,1,6,2750,1208,1542,258,950,1800,7.56488891636364,8.1174536423841,7.13201071335927,7.24573643410853,7.58713052631579,7.55315028888889,136
"147",2014,9,6.68181818181818,11,7,6.5625,7,5.5,6.94444444444444,3,8,1,2,9,2761,1211,1550,259,952,1809,7.56137070626585,8.11468538398018,7.12907130322581,7.24478764478764,7.58274579831933,7.5501219016031,137
"148",2014,10,7.55555555555556,9,9.25,7.07142857142857,6.5,7.5,7.57142857142857,2,7,1,2,7,2770,1213,1557,260,954,1816,7.56135181227437,8.11655729596042,7.12881215157354,7.24192307692308,7.58257232704403,7.55020403083701,138
"149",2014,11,6.64666666666667,15,7.94,6,NA,5.9,6.83333333333333,5,10,0,3,12,2785,1218,1567,260,957,1828,7.55642532136445,8.11583251231527,7.12160850031908,7.24192307692308,7.57729780564263,7.54549809628009,139
"150",2014,12,7.15,10,7.92857142857143,5.33333333333333,NA,6.625,7.5,7,3,0,4,6,2795,1225,1570,260,961,1834,7.55497120572451,8.11476244897959,7.11819141401274,7.24192307692308,7.57333402705515,7.54534924754635,140
"151",2015,1,7.21428571428571,7,8,6.9,NA,4,7.75,2,5,0,1,6,2802,1227,1575,260,962,1840,7.55412009992862,8.11457538712306,7.11749874285714,7.24192307692308,7.56961954261954,7.54601658695652,141
"152",2015,2,6.59090909090909,11,6.83333333333333,6.5,6,7,6.5,3,8,3,2,9,2813,1230,1583,263,964,1849,7.5503535442588,8.11145040650406,7.11437809222994,7.22775665399239,7.5684377593361,7.54092510546241,142
"153",2015,3,7.90909090909091,11,8.16666666666667,7.8125,6,7.75,7.94444444444444,3,8,1,2,9,2824,1233,1591,264,966,1858,7.55175089235127,8.11158475263585,7.11788844751728,7.22310606060606,7.56881366459628,7.54287972012917,143
"154",2015,4,7.67857142857143,7,7.4375,8,NA,7.58333333333333,7.75,4,3,0,3,4,2831,1237,1594,264,969,1862,7.55206447191805,8.10940501212611,7.11954863237139,7.22310606060606,7.56885861713107,7.54332466165414,144
"155",2015,5,6.3675,8,7,6.27714285714286,6.31333333333333,4,6.70571428571429,1,7,3,1,7,2839,1238,1601,267,970,1869,7.5487264952448,8.10850888529887,7.1158654091193,7.21288389513109,7.5651793814433,7.54018754414125,145
"156",2015,6,7.21428571428571,7,8.625,5.33333333333333,NA,7,7.375,4,3,0,3,4,2846,1242,1604,267,973,1873,7.54790390723823,8.11017230273752,7.11253149625935,7.21288389513109,7.56343679342241,7.53983476775227,146
"157",2015,7,7.55714285714286,14,7,7.65,8,9,7.44615384615385,2,12,1,1,13,2860,1244,1616,268,974,1886,7.54794913286713,8.10838745980707,7.1165225990099,7.21582089552239,7.56491170431212,7.5391890349947,147
"158",2015,8,6.28888888888889,9,6.75,5.92,NA,6,6.37142857142857,4,5,0,2,7,2869,1248,1621,268,976,1893,7.54399948414081,8.10403365384615,7.11283190623072,7.21582089552239,7.56170491803279,7.53487085050185,148
"159",2015,9,7.41666666666667,3,NA,7.41666666666667,7.25,NA,7.41666666666667,0,3,1,0,3,2872,1248,1624,269,976,1896,7.54386647632312,8.10403365384615,7.1133931773399,7.21594795539033,7.56170491803279,7.5346838185654,149
"160",2015,10,7,4,5,7.66666666666667,NA,6.5,7.5,1,3,0,2,2,2876,1249,1627,269,978,1898,7.54311005563282,8.101548438751,7.11441334972342,7.21594795539033,7.55953374233129,7.53464727081138,150
"161",2015,11,6.94818181818182,11,7.73833333333333,6,6,9.43,6.7,6,5,1,1,10,2887,1255,1632,270,979,1908,7.54084326983027,8.09981195219124,7.11099909313725,7.21144444444444,7.56144433094995,7.53027280922432,151
"162",2015,12,7.11111111111111,9,7.83333333333333,6.75,NA,8.5,6.9375,3,6,0,1,8,2896,1258,1638,270,980,1916,7.53950777624309,8.09917647058823,7.10967675213675,7.21144444444444,7.56240204081633,7.52779776617954,152
"163",2016,1,7.25,16,7.16666666666667,7.3,7.5,NA,7.25,6,10,2,0,16,2912,1264,1648,272,980,1932,7.53791707417582,8.09475,7.11083162621359,7.21356617647059,7.56240204081633,7.52549716356108,153
"164",2016,2,7.03333333333333,9,7.575,6.6,NA,7.75,6.82857142857143,4,5,0,2,7,2921,1268,1653,272,982,1939,7.53636238274563,8.09311041009464,7.10928646098003,7.21356617647059,7.56278411405296,7.52298118617844,154
"165",2016,3,7,9,8,6.875,7,7.5,6.85714285714286,1,8,3,2,7,2930,1269,1661,275,984,1946,7.53471485324232,8.09303703703704,7.10815804936785,7.21123636363636,7.56265650406504,7.52058608427544,155
"166",2016,4,7.2,15,7.33333333333333,7.16666666666667,8,7.66666666666667,7.08333333333333,3,12,2,3,12,2945,1272,1673,277,987,1958,7.5330100237691,8.09124528301887,7.10857771667663,7.21693140794224,7.5629726443769,7.51790629213483,156
"167",2016,5,6.93,6,6.86,7,NA,7.33333333333333,6.52666666666667,3,3,0,3,3,2951,1275,1676,277,990,1961,7.53178397831244,8.08834823529411,7.10838336515513,7.21693140794224,7.56227676767677,7.51638986231515,157
"168",2016,6,7.11666666666667,6,9,6.175,NA,NA,7.11666666666667,2,4,0,0,6,2957,1277,1680,277,990,1967,7.53094167061211,8.08977603758809,7.10616102380952,7.21693140794224,7.56227676767677,7.5151705744789,158
"169",2016,7,6.9375,8,8.66666666666667,5.9,NA,6.25,7.16666666666667,3,5,0,2,6,2965,1280,1685,277,992,1973,7.52934047892074,8.091128125,7.10258191097923,7.21693140794224,7.5596310483871,7.51411075519514,159
"170",2016,8,7.61666666666667,6,8.23333333333333,7,7,7.85,7.5,3,3,1,2,4,2971,1283,1688,278,994,1977,7.52951683608213,8.09146063912704,7.1023995971564,7.21615107913669,7.5602152917505,7.51408220536166,160
"171",2016,9,7,9,7,7,8,NA,7,3,6,1,0,9,2980,1286,1694,279,994,1986,7.52791762416107,8.08891446345256,7.10203690672963,7.2189605734767,7.5602152917505,7.51175252769386,161
"172",2016,10,7.05384615384615,13,7.38571428571429,6.66666666666667,NA,7.33333333333333,6.97,7,6,0,3,10,2993,1293,1700,279,997,1996,7.52585850985633,8.08510750193349,7.10050030588235,7.2189605734767,7.55953259779338,7.50903833667335,162
"173",2016,11,7.60714285714286,14,8,7.45,7,8,7.45,4,10,3,4,10,3007,1297,1710,282,1001,2006,7.52623695377453,8.08484502698535,7.10254416374269,7.21663120567376,7.56129270729271,7.50874402791625,163
"174",2016,12,6.21875,16,7.75,5.70833333333333,5,9,6.03333333333333,4,12,2,1,15,3023,1301,1722,284,1002,2021,7.51931674495534,8.08381552651806,7.09282840882694,7.20102112676056,7.56272854291417,7.49779342899555,164
"175",2017,1,7.71428571428571,7,8.5,7.4,5,8,7.66666666666667,2,5,1,1,6,3030,1303,1727,285,1003,2027,7.51976716831683,8.08445433614735,7.09371773016792,7.19329824561403,7.56316450648056,7.49829330044401,165
"176",2017,2,7.85714285714286,7,8.75,6.66666666666667,9,9,7.66666666666667,4,3,1,1,6,3037,1307,1730,286,1004,2033,7.52054478761936,8.08649120122417,7.09297717919075,7.19961538461538,7.56459561752988,7.49879022134776,166
"177",2017,3,7.625,8,8.33333333333333,7.2,7,7,7.71428571428571,3,5,1,1,7,3045,1310,1735,287,1005,2040,7.5208192183908,8.08705648854961,7.09328560230547,7.19891986062718,7.56403383084577,7.49952966666667,167
"178",2017,4,7.4,10,8,7,7.5,7.75,7.16666666666667,4,6,2,4,6,3055,1314,1741,289,1009,2046,7.52042373813421,8.08679147640791,7.09296411257898,7.20100346020761,7.5647710604559,7.49855352883676,168
"179",2017,5,7.85416666666667,12,7.75,8.0625,8,8.125,7.71875,8,4,2,4,8,3067,1322,1745,291,1013,2054,7.52172954678839,8.08475340393343,7.09518654441261,7.20649484536082,7.56698321816387,7.4994111587147,169
"180",2017,6,7.625,8,7.33333333333333,7.8,NA,9,7.42857142857143,3,5,0,1,7,3075,1325,1750,291,1014,2061,7.52199821788618,8.08305207547169,7.09720029714286,7.20649484536082,7.56839644970414,7.49917055798156,170
"181",2017,7,6.16666666666667,6,NA,6.16666666666667,6.5,6,6.2,0,6,1,1,5,3081,1325,1756,292,1015,2066,7.5193588185654,8.08305207547169,7.09402079726651,7.20407534246575,7.5668512315271,7.49602638915779,171
"182",2017,8,7.11818181818182,11,7.5,7.03333333333333,NA,9,6.93,2,9,0,1,10,3092,1327,1765,292,1016,2076,7.51793160413971,8.0821733232856,7.0937113427762,7.20407534246575,7.56826181102362,7.49329986512524,172
"183",2017,9,6,7,6.5,5.8,6,NA,6,2,5,1,0,7,3099,1329,1770,293,1016,2083,7.51450291061633,8.07979232505643,7.09005679096045,7.19996587030717,7.56826181102362,7.48828157465195,173
"184",2017,10,6.55,6,6.7,6.25,NA,8,6.26,4,2,0,1,5,3105,1333,1772,293,1017,2088,7.51263913687601,8.07565191297824,7.08910864559819,7.19996587030717,7.56868633235005,7.48534028735632,174
"185",2017,11,7.15,10,8,6.9375,7,8.375,6.33333333333333,2,8,1,4,6,3115,1335,1780,294,1021,2094,7.51147496629213,8.07553857677902,7.08842725842696,7.19928571428571,7.57184524975514,7.4820394078319,175
"186",2017,12,7.35,10,8.33333333333333,6.92857142857143,8,8,7.1875,3,7,1,2,8,3125,1338,1787,295,1023,2102,7.5109582464,8.07611659192825,7.08780107442641,7.202,7.57268230694037,7.48091842055186,176
"187",2018,1,7.44,10,7.92,6.96,6,7.33333333333333,7.48571428571429,5,5,1,3,7,3135,1343,1792,296,1026,2109,7.51073190430622,8.07553536857781,7.08744448660714,7.19793918918919,7.57198245614035,7.48093433854908,177
"188",2018,2,7.5,6,8.5,7,5,9,7.2,2,4,1,1,5,3141,1345,1796,297,1027,2114,7.51071140401146,8.07616654275093,7.08724973273942,7.19053872053872,7.5733729308666,7.48026987701041,178
"189",2018,3,6.125,8,6.5,6,6.5,NA,6.125,2,6,2,0,8,3149,1347,1802,299,1027,2122,7.50719101937123,8.0738262806236,7.08362958934517,7.18591973244147,7.5733729308666,7.47516047125354,179
"190",2018,4,6.96,10,7.33333333333333,6.8,7.5,7.5,6.6,3,7,2,4,6,3159,1350,1809,301,1031,2128,7.50545885406774,8.07218074074074,7.08253207296849,7.18800664451827,7.57308826382153,7.47269291353384,180
"191",2018,5,7.65,10,8.3,7,9,8,7.5,5,5,1,3,7,3169,1355,1814,302,1034,2135,7.50591496371095,8.07302140221402,7.08230458654906,7.19400662251656,7.57432688588008,7.47278244496487,181
"192",2018,6,7.17,10,7.425,7,NA,7,7.24285714285714,4,6,0,3,7,3179,1359,1820,302,1037,2142,7.50485829506134,8.0711140544518,7.08203325274725,7.19400662251656,7.57266538090646,7.4720310550887,182
"193",2018,7,7.25,6,6,7.5,6.5,9,6.9,1,5,2,1,5,3185,1360,1825,304,1038,2147,7.50437818524333,8.06959117647059,7.08317836712329,7.18944078947368,7.57404046242775,7.47069889147648,183
"194",2018,8,6.8125,8,9,6.5,NA,7,6.78571428571429,1,7,0,1,7,3193,1361,1832,304,1039,2154,7.50264469777639,8.07027479794269,7.08095006550218,7.18944078947368,7.57348796920116,7.46847285051068,184
"195",2018,9,7.07142857142857,7,7.25,7,NA,7,7.08333333333333,2,5,0,1,6,3200,1363,1837,304,1040,2160,7.5017014125,8.06907116654439,7.08072973326075,7.18944078947368,7.57293653846154,7.46740301851852,185
"196",2018,10,7.25,8,7.33333333333333,7.2,NA,8,7.14285714285714,3,5,0,1,7,3208,1366,1842,304,1041,2167,7.50107372817955,8.06745534407028,7.08105348534202,7.18944078947368,7.57334678194044,7.46635464697739,186
"197",2018,11,6.75,6,7.5,6.375,6.16666666666667,8,6.5,2,4,3,1,5,3214,1368,1846,307,1042,2172,7.49967159925327,8.06662573099415,7.07952357529794,7.17944625407166,7.57375623800384,7.46413007366483,187
"198",2018,12,8,7,10,7.66666666666667,NA,10,7.66666666666667,1,6,0,1,6,3221,1369,1852,307,1043,2178,7.50075893200869,8.06803798392987,7.08142576673866,7.17944625407166,7.5760824544583,7.46468802571166,188
"199",2019,1,7,6,8,2,NA,6.66666666666667,7.33333333333333,5,1,0,3,3,3227,1374,1853,307,1046,2181,7.49982786488999,8.0677903930131,7.07868349703184,7.17944625407166,7.5734741873805,7.46450734525447,189
"200",2019,2,7.29545454545455,11,7.91666666666667,7.0625,6.25,7.7,6.95833333333333,3,8,2,5,6,3238,1377,1861,309,1051,2187,7.49913357628165,8.06746114742193,7.0786139279957,7.17343042071197,7.57407611798288,7.46311866483768,190
"201",2019,3,7.33333333333333,9,8,7.14285714285714,6,7.5,7.28571428571429,2,7,1,2,7,3247,1379,1868,310,1053,2194,7.49867401293502,8.06736330674402,7.07885466809422,7.16964516129032,7.57393542260209,7.46255265268915,191
"202",2019,4,7,3,10,5.5,5,NA,7,1,2,1,0,3,3250,1380,1870,311,1053,2197,7.49821369846154,8.06876376811594,7.07716605347593,7.16266881028939,7.57393542260209,7.46192103777879,192
"203",2019,5,7.85714285714286,7,8,7.75,6,8,7.83333333333333,3,4,1,1,6,3257,1383,1874,312,1054,2203,7.49898511513663,8.06861460592914,7.07860219850587,7.15894230769231,7.57433965844402,7.46293260099864,193
"204",2019,6,7.58333333333333,6,9,7.3,NA,NA,7.58333333333333,1,5,0,0,6,3263,1384,1879,312,1054,2209,7.49914021452651,8.06928757225434,7.07919133581692,7.15894230769231,7.57433965844402,7.46325962879131,194
"205",2019,7,6.7,3,6.7,NA,NA,8.1,6,3,0,0,1,2,3266,1387,1879,312,1055,2211,7.49840616044091,8.06632588320116,7.07919133581692,7.15894230769231,7.57483791469195,7.46193601085482,195
"206",2019,8,7.625,12,8.2,7.21428571428571,6,8,7.59090909090909,5,7,1,1,11,3278,1392,1886,313,1056,2222,7.49886959121415,8.06680603448276,7.07969274655355,7.15523961661342,7.57524053030303,7.46257449144915,196
"207",2019,9,6.98,5,8.9,6.5,NA,NA,6.98,1,4,0,0,5,3283,1393,1890,313,1056,2227,7.49807935424916,8.06740416367552,7.07846588359788,7.15523961661342,7.57524053030303,7.46149102828918,197
"208",2019,10,6.72727272727273,11,6.1,6.86666666666667,6,5,7.11111111111111,2,9,2,2,9,3294,1395,1899,315,1058,2236,7.49550531876138,8.06458351254481,7.07746209583991,7.14790476190476,7.57037240075615,7.4600807334526,198
"209",2019,11,7.14285714285714,7,7,7.16666666666667,5,6,7.6,1,6,1,2,5,3301,1396,1905,316,1060,2241,7.49475750378673,8.06382091690545,7.07774305511811,7.14110759493671,7.56740943396227,7.46039291387773,199
"210",2019,12,6.45,10,7.375,5.83333333333333,7,7.5,6.1875,4,6,1,2,8,3311,1400,1911,317,1062,2249,7.49160209000302,8.06185285714286,7.07383596023024,7.14066246056782,7.56728248587571,7.45586506002668,200
"211",2020,1,7.40909090909091,11,8,7.1875,4,4,7.75,3,8,1,1,10,3322,1403,1919,318,1063,2259,7.49132887417218,8.06172059871704,7.07430980719124,7.13078616352201,7.56392662276576,7.45716711819389,201
"212",2020,2,6.95833333333333,12,8,5.91666666666667,7.5,6.375,7.25,6,6,1,4,8,3334,1409,1925,319,1067,2267,7.48941047390522,8.06145777146913,7.07070156883117,7.13194357366771,7.55946954076851,7.45643604764005,202
"213",2020,3,7.14285714285714,7,8.5,6.6,8,6,8,2,5,1,3,4,3341,1411,1930,320,1070,2271,7.48868438192158,8.06207937632885,7.06948213471502,7.13465625,7.55509719626168,7.45739344782034,203
"214",2020,4,7.1375,8,7.15,7.125,NA,5,7.44285714285714,4,4,0,1,7,3349,1415,1934,320,1071,2278,7.4878454822335,8.05950106007068,7.06959695966908,7.13465625,7.55271148459384,7.45734877963126,204
"215",2020,5,7.11571428571429,7,7.43666666666667,6.875,6,9,6.80166666666667,3,4,2,1,6,3356,1418,1938,322,1072,2284,7.48706928486293,8.05818335684062,7.06919531475748,7.12760869565217,7.55406156716418,7.45562632224168,205
"216",2020,6,7.25,8,10,6.85714285714286,5,NA,7.25,1,7,1,0,8,3364,1419,1945,323,1072,2292,7.48650550535077,8.05955179704017,7.06843214395887,7.12102167182662,7.55406156716418,7.45490860383944,206
"217",2020,7,8,1,8,NA,NA,NA,8,1,0,0,0,1,3365,1420,1945,323,1072,2293,7.48665810401189,8.05950985915493,7.06843214395887,7.12102167182662,7.55406156716418,7.45514632359355,207
"218",2020,8,6.95,10,7.66666666666667,6.64285714285714,6,7.5,6.8125,3,7,1,2,8,3375,1423,1952,324,1074,2301,7.48506800592592,8.05868165846803,7.06690600409836,7.11756172839506,7.55396089385475,7.45291200347675,208
"219",2020,9,7.21428571428571,7,7.25,7.2,NA,NA,7.21428571428571,2,5,0,0,7,3382,1425,1957,324,1074,2308,7.48450754583087,8.05754666666667,7.06724605007665,7.11756172839506,7.55396089385475,7.45218826689775,209
"220",2020,10,6.4375,8,6,6.5,NA,5.66666666666667,6.9,1,7,0,3,5,3390,1426,1964,324,1077,2313,7.48203673156342,8.05610378681627,7.06522429735234,7.11756172839506,7.54870380687094,7.45099460440986,210
"221",2020,11,7.91666666666667,6,9,7.375,7.75,NA,7.91666666666667,2,4,2,0,6,3396,1428,1968,326,1077,2319,7.48280462897526,8.05742577030813,7.06585392276423,7.12144171779141,7.54870380687094,7.45219944803795,211
"222",2020,12,6.88888888888889,9,6.66666666666667,7,NA,NA,6.88888888888889,3,6,0,0,9,3405,1431,1974,326,1077,2328,7.48123480763583,8.05451013277429,7.06565375886525,7.12144171779141,7.54870380687094,7.45002170103093,212
"223",2021,1,7.21428571428571,14,7.9,6.83333333333333,7,7,7.25,5,9,1,2,12,3419,1436,1983,327,1079,2340,7.48014171395145,8.0539721448468,7.06459935451336,7.12107033639144,7.54768674698795,7.44899594871795,213
"224",2021,2,6.31111111111111,9,8,5.82857142857143,4.93333333333333,6.8,6.25,2,7,3,1,8,3428,1438,1990,330,1080,2348,7.47707249708285,8.05389707927678,7.06025151758794,7.10118181818182,7.54699444444445,7.44491078364566,214
"225",2021,3,7.16666666666667,6,7.66666666666667,6.66666666666667,NA,NA,7.16666666666667,3,3,0,0,6,3434,1441,1993,330,1080,2354,7.47653014560279,8.05309090909091,7.05965906673357,7.10118181818182,7.54699444444445,7.44420158028887,215
"226",2021,4,7.71428571428571,7,7.66666666666667,7.75,7,7,7.83333333333333,3,4,1,1,6,3441,1444,1997,331,1081,2360,7.47701380993897,8.05228808864266,7.0610418227341,7.10087613293051,7.54648843663275,7.44519089830509,216
"227",2021,5,7.41666666666667,12,7.4,7.42857142857143,5,7.66666666666667,7.33333333333333,5,7,1,3,9,3453,1449,2004,332,1084,2369,7.4768040891978,8.05003726708075,7.06232560878243,7.09454819277108,7.54682103321033,7.44476594343605,217
"228",2021,6,6.125,4,7.25,5,NA,3,7.16666666666667,2,2,0,1,3,3457,1451,2006,332,1085,2372,7.47523995371709,8.04893452791179,7.06026945164506,7.09454819277108,7.54263041474655,7.4444142158516,218
"229",2021,7,6.6,5,7.5,6,7,4,7.25,2,3,1,1,4,3462,1453,2009,333,1086,2376,7.47397588677065,8.04817894012388,7.05868617222499,7.09426426426426,7.53936832412523,7.44408691919192,219
"230",2021,8,7.045,9,8.135,6.5,NA,8.2025,6.71428571428571,3,6,0,2,7,3471,1456,2015,333,1088,2383,7.47286358974359,8.04835782967033,7.05702259057072,7.09426426426426,7.54058731617647,7.44194314729333,220
"231",2021,9,7.08333333333333,6,7,7.1,NA,5,7.5,1,5,0,1,5,3477,1457,2020,333,1089,2388,7.47219140638481,8.04763829787234,7.05712897029703,7.09426426426426,7.53825436179982,7.44206470686767,221
"232",2021,10,7.5,4,8,7,7,NA,7.5,2,2,1,0,4,3481,1459,2022,334,1089,2392,7.47222336110313,8.0475729952022,7.05707246290801,7.09398203592814,7.53825436179982,7.44216158862876,222
"233",2021,11,7.58333333333333,6,8,7.16666666666667,NA,7,7.7,3,3,0,1,5,3487,1462,2025,334,1090,2397,7.47241454545454,8.047475376197,7.05723482469136,7.09398203592814,7.53776055045872,7.44269942428035,223
"234",2021,12,6.925,12,7.83333333333333,6.62222222222222,NA,8.3,6.65,3,9,0,2,10,3499,1465,2034,334,1092,2407,7.47053715918834,8.04703686006826,7.05530999016716,7.09398203592814,7.5391565934066,7.43940611549647,224
"235",2022,1,7.60714285714286,7,8.15,6.25,NA,8.75,7.41666666666667,5,2,0,1,6,3506,1470,2036,334,1093,2413,7.47080990302339,8.04738707482994,7.0545189194499,7.09398203592814,7.54026440988106,7.43934957314546,225
"236",2022,2,7.87142857142857,7,8,7.775,8.1,8,7.82,3,4,1,2,5,3513,1473,2040,335,1095,2418,7.4716081753487,8.0472905634759,7.05593162745098,7.09698507462686,7.54110410958904,7.44013669148056,226
"237",2022,3,7.032,5,7,7.04,NA,6.46,7.175,1,4,0,1,4,3518,1474,2044,335,1096,2422,7.4709833769187,8.04658005427409,7.05590045009785,7.09698507462686,7.54011770072993,7.43969881090008,227
"238",2022,4,7.33333333333333,3,8,7,6,NA,7.33333333333333,1,2,1,0,3,3521,1475,2046,336,1096,2425,7.47086609485941,8.04654847457627,7.05584580645161,7.09372023809524,7.54011770072993,7.43956722474227,228
"239",2022,5,7.85714285714286,7,10,7,8,9,7.4,2,5,1,2,5,3528,1477,2051,337,1098,2430,7.4716325170068,8.04919363574814,7.05570966357874,7.09640949554896,7.54277686703097,7.43948581069959,229
"240",2022,6,6.75,4,NA,6.75,NA,NA,6.75,0,4,0,0,4,3532,1477,2055,337,1098,2434,7.47081526613816,8.04919363574814,7.0551146082725,7.09640949554896,7.54277686703097,7.43835271980279,230
"241",2022,7,8,6,8,8,NA,9,7.8,4,2,0,1,5,3538,1481,2057,337,1099,2439,7.47171269643866,8.04906076975017,7.05603331064657,7.09640949554896,7.54410282074614,7.43909410414104,231
"242",2022,8,8,7,8,8,NA,10,7.66666666666667,2,5,0,1,6,3545,1483,2062,337,1100,2445,7.47275585895627,8.04899460552934,7.05832226964112,7.09640949554896,7.54633545454546,7.43965256441718,232
"243",2022,9,5.83333333333333,6,7.66666666666667,4,NA,NA,5.83333333333333,3,3,0,0,6,3551,1486,2065,337,1100,2451,7.46998578428611,8.04822274562584,7.05387918644068,7.09640949554896,7.54633545454546,7.43572032639739,233
"244",2022,10,6.52222222222222,9,7.5,6.03333333333333,NA,6.5,6.53333333333333,3,6,0,3,6,3560,1489,2071,337,1103,2457,7.46758975280899,8.04711820013432,7.05092251086432,7.09640949554896,7.54348957388939,7.4335166951567,234
"245",2022,11,6.75,8,8,6.57142857142857,7,NA,6.75,1,7,1,0,8,3568,1490,2078,338,1103,2465,7.46598080717489,8.04708657718121,7.04930727622714,7.09612426035503,7.54348957388939,7.43129838539554,235
"246",2022,12,6.025,12,7.25,5.78,6,NA,6.025,2,10,1,0,12,3580,1492,2088,339,1103,2477,7.46115070391061,8.04601809651475,7.0432282183908,7.09289085545723,7.54348957388939,7.42448547436415,236
