"","year","month","avg_rating","no_ratings","avg_rating_owned","avg_rating_not_owned","avg_rating_prev_owned","avg_rating_comment","avg_rating_no_comment","no_ratings_owned","no_ratings_not_owned","no_ratings_prev_owned","no_ratings_comment","no_ratings_no_comment","cum_no_ratings","cum_no_ratings_owned","cum_no_ratings_not_owned","cum_no_ratings_prev_owned","cum_no_ratings_comment","cum_no_ratings_no_comment","cum_avg_rating","cum_avg_rating_owned","cum_avg_rating_not_owned","cum_avg_rating_prev_owned","cum_avg_rating_comment","cum_avg_rating_no_comment","month_after_release"
"1",2008,10,6.11111111111111,18,7,5.66666666666667,5,6,6.18181818181818,6,12,1,7,11,18,6,12,1,7,11,6.11111111111111,7,5.66666666666667,5,6,6.18181818181818,0
"2",2008,11,6.490625,80,7.52777777777778,5.9622641509434,6.5,6.17741935483871,6.68877551020408,27,53,7,31,49,98,33,65,8,38,60,6.42091836734694,7.43181818181818,5.90769230769231,6.3125,6.14473684210526,6.59583333333333,1
"3",2008,12,6.82534246575342,146,7.23648648648649,6.40277777777778,6.61363636363636,6.5,7.03977272727273,74,72,22,58,88,244,107,137,30,96,148,6.66290983606557,7.29672897196262,6.16788321167883,6.53333333333333,6.359375,6.8597972972973,2
"4",2009,1,6.94151162790698,172,7.48,6.37738095238095,6.73863636363636,6.69686567164179,7.09761904761905,88,84,22,67,105,416,195,221,52,163,253,6.77810096153846,7.3794358974359,6.24751131221719,6.62019230769231,6.4980981595092,6.95849802371542,3
"5",2009,2,6.57820512820513,117,7.2375,6.05076923076923,6.11111111111111,6.35975609756098,6.69605263157895,52,65,18,41,76,533,247,286,70,204,329,6.73422138836773,7.34955465587045,6.2027972027972,6.48928571428571,6.47029411764706,6.89787234042553,4
"6",2009,3,6.72961165048544,103,7.11354166666667,6.39454545454545,6.51666666666667,6.40161290322581,6.87083333333333,48,55,18,31,72,636,295,341,88,235,401,6.7334748427673,7.31115254237288,6.23372434017595,6.49488636363636,6.46123404255319,6.8930174563591,5
"7",2009,4,6.65324074074074,108,7.29081632653061,6.12372881355932,6.83,6.5241935483871,6.70519480519481,49,59,10,31,77,744,344,400,98,266,478,6.72182795698925,7.30825581395349,6.2175,6.52908163265306,6.46857142857143,6.86276150627615,6
"8",2009,5,6.66106194690266,113,7.221875,6.24692307692308,6.24,6.62435897435897,6.68040540540541,48,65,25,39,74,857,392,465,123,305,552,6.71381563593932,7.29767857142857,6.22161290322581,6.47032520325203,6.48849180327869,6.83831521739131,7
"9",2009,6,6.61873684210526,95,7.21913043478261,6.05510204081633,5.78888888888889,6.5304347826087,6.64694444444444,46,49,18,23,72,952,438,514,141,328,624,6.70432773109244,7.28942922374429,6.20573929961089,6.38333333333333,6.49143292682927,6.81623397435898,8
"10",2009,7,6.56627906976744,86,6.95441176470588,6.3125,6.4,6.28970588235294,6.74711538461538,34,52,17,34,52,1038,472,566,158,362,676,6.6928901734104,7.26529661016949,6.21554770318021,6.38512658227848,6.4724861878453,6.81091715976332,9
"11",2009,8,6.6,76,7.10714285714286,5.97352941176471,5.625,6.58181818181818,6.60740740740741,42,34,4,22,54,1114,514,600,162,384,730,6.68655296229803,7.25237354085603,6.20183333333333,6.36635802469136,6.47875,6.79586301369863,10
"12",2009,9,6.53924050632911,79,6.88285714285714,6.26590909090909,6.12941176470588,6.54137931034483,6.538,35,44,17,29,50,1193,549,644,179,413,780,6.67679798826488,7.2288160291439,6.20621118012422,6.34385474860335,6.48314769975787,6.77933333333333,11
"13",2009,10,6.68026315789474,76,7.12121212121212,6.34186046511628,6.19230769230769,6.32352941176471,6.78305084745763,33,43,13,17,59,1269,582,687,192,430,839,6.67700551615445,7.2227147766323,6.21470160116448,6.33359375,6.47683720930233,6.7795947556615,12
"14",2009,11,6.60185185185185,108,7.107,6.16637931034483,6.635,6.2890625,6.73355263157895,50,58,20,32,76,1377,632,745,212,462,915,6.67111111111111,7.21356012658228,6.21093959731543,6.36202830188679,6.46383116883117,6.77577049180328,13
"15",2009,12,6.53724489795918,98,7.02790697674419,6.15363636363636,6.15476190476191,6.67586206896552,6.47898550724638,43,55,21,29,69,1475,675,800,233,491,984,6.66221694915254,7.20173333333333,6.207,6.34334763948498,6.47635437881874,6.7549593495935,14
"16",2010,1,6.73352272727273,88,7.35116279069767,6.14333333333333,6.15,6.23529411764706,6.85281690140845,43,45,16,17,71,1563,718,845,249,508,1055,6.66623160588612,7.21068245125348,6.20360946745562,6.33092369477912,6.4682874015748,6.76154502369668,15
"17",2010,2,6.3445652173913,46,7.00555555555556,5.91964285714286,5.91666666666667,5.96666666666667,6.47794117647059,18,28,15,12,34,1609,736,873,264,520,1089,6.65703542573027,7.20566576086957,6.19450171821306,6.30738636363636,6.45671153846154,6.75269054178145,16
"18",2010,3,6.29269230769231,52,6.76470588235294,6.06342857142857,5.61538461538461,6.0875,6.38388888888889,17,35,13,16,36,1661,753,908,277,536,1125,6.64562913907285,7.19571049136786,6.18944933920705,6.27490974729242,6.44569029850746,6.74088888888889,17
"19",2010,4,6.788,50,7.09,6.335,6.65,7.17857142857143,6.63611111111111,30,20,8,14,36,1711,783,928,285,550,1161,6.64978959672706,7.19166028097063,6.19258620689655,6.28543859649123,6.46434545454545,6.73763996554694,18
"20",2010,5,6.5625,40,7.25,6.10416666666667,6.4375,6.69230769230769,6.5,16,24,8,13,27,1751,799,952,293,563,1188,6.64779554540263,7.19282853566959,6.19035714285714,6.28959044368601,6.46960923623446,6.73223905723906,19
"21",2010,6,6.885,40,7.56666666666667,6.32727272727273,5.98333333333333,7.17777777777778,6.8,18,22,6,9,31,1791,817,974,299,572,1219,6.65309324399777,7.20106487148103,6.19344969199178,6.28344481605351,6.48075174825175,6.73396226415094,20
"22",2010,7,6.81282051282051,39,7.25,6.43809523809524,6.6,7.05,6.73103448275862,18,21,5,10,29,1830,835,995,304,582,1248,6.65649726775956,7.20211976047904,6.19861306532663,6.28865131578947,6.49053264604811,6.73389423076923,21
"23",2010,8,6.34772727272727,44,7.06153846153846,6.04838709677419,5.9,6.03846153846154,6.47741935483871,13,31,12,13,31,1874,848,1026,316,595,1279,6.64924759871932,7.19996462264151,6.19407407407407,6.27389240506329,6.48065546218487,6.72767787333855,22
"24",2010,9,6.37127272727273,55,6.9,5.99125,5.95454545454545,6.50117647058824,6.31315789473684,23,32,11,17,38,1929,871,1058,327,612,1317,6.64132192846034,7.19204362801378,6.18793950850661,6.2631498470948,6.48122549019608,6.71571753986333,23
"25",2010,10,6.65,37,6.93421052631579,6.35,6.16666666666667,6.08888888888889,6.83035714285714,19,18,6,9,28,1966,890,1076,333,621,1345,6.64148524923703,7.1865393258427,6.19065055762082,6.26141141141141,6.47553945249598,6.71810408921933,24
"26",2010,11,6.533,50,6.70454545454545,6.39821428571429,5.92857142857143,6.55333333333333,6.52428571428571,22,28,7,15,35,2016,912,1104,340,636,1380,6.63879464285714,7.17491228070176,6.19591485507246,6.25455882352941,6.47737421383648,6.7131884057971,25
"27",2010,12,6.35392156862745,51,6.875,5.812,5.11111111111111,5.95769230769231,6.48947368421053,26,25,9,13,38,2067,938,1129,349,649,1418,6.63176584421867,7.16659914712154,6.18741364038972,6.22507163323782,6.46696456086287,6.70719322990127,26
"28",2011,1,6.33272727272727,55,6.98214285714286,5.65925925925926,6.02222222222222,6.65714285714286,6.22195121951219,28,27,9,14,41,2122,966,1156,358,663,1459,6.6240150801131,7.16125258799172,6.17507785467128,6.21997206703911,6.47098039215686,6.69355723098012,27
"29",2011,2,6.47826086956522,46,6.8875,6.03181818181818,5.86666666666667,6.12,6.57777777777778,24,22,6,10,36,2168,990,1178,364,673,1495,6.62092250922509,7.15461616161616,6.17240237691002,6.21414835164835,6.46576523031204,6.69076923076923,28
"30",2011,3,6.52162162162162,37,7.16,6.08636363636364,5.625,6.46666666666667,6.53928571428571,15,22,4,9,28,2205,1005,1200,368,682,1523,6.61925623582766,7.15469651741294,6.170825,6.20774456521739,6.46577712609971,6.68798424162837,29
"31",2011,4,6.37903225806452,31,6.5575,6.05454545454545,5.83333333333333,6.075,6.48478260869565,20,11,3,8,23,2236,1025,1211,371,690,1546,6.61592576028622,7.14304390243902,6.16976878612716,6.20471698113207,6.46124637681159,6.68496119016818,30
"32",2011,5,6.04166666666667,36,6.45,5.88461538461539,6.175,6.1,6.016,10,26,12,11,25,2272,1035,1237,383,701,1571,6.60682658450704,7.13634782608696,6.16377526273241,6.20378590078329,6.45557774607703,6.67431572246976,31
"33",2011,6,6.33478260869565,23,6.5,6.15454545454545,4.83333333333333,4.125,6.8,12,11,3,4,19,2295,1047,1248,386,705,1590,6.60410021786492,7.12905444126075,6.16369391025641,6.19313471502591,6.44235460992908,6.67581761006289,32
"34",2011,7,6.56111111111111,36,7.12857142857143,5.76666666666667,6.07142857142857,6.45,6.63181818181818,21,15,7,14,22,2331,1068,1263,393,719,1612,6.60343629343629,7.12904494382022,6.15897862232779,6.19096692111959,6.44250347705146,6.67521712158809,33
"35",2011,8,6.57619047619048,42,6.98636363636364,6.125,6.33333333333333,6.27272727272727,6.68387096774194,22,20,6,11,31,2373,1090,1283,399,730,1643,6.60295406658238,7.12616513761468,6.15844894777864,6.19310776942356,6.43994520547945,6.6753804017042,34
"36",2011,9,6.30526315789474,19,7,5.8,6.075,6.22222222222222,6.38,8,11,4,9,10,2392,1098,1294,403,739,1653,6.60058946488294,7.12524590163934,6.15540185471406,6.19193548387097,6.43729364005413,6.67359346642468,35
"37",2011,10,6.71323529411765,34,7.28157894736842,5.99333333333333,5.66666666666667,6.80714285714286,6.68888888888889,19,15,3,7,27,2426,1117,1309,406,746,1680,6.6021681780709,7.12790510295434,6.15354469060351,6.18805418719212,6.44076407506702,6.67383928571429,36
"38",2011,11,6.51153846153846,26,7.22727272727273,5.98666666666667,7.4,6.5,6.51428571428571,11,15,2,5,21,2452,1128,1324,408,751,1701,6.60120717781403,7.12887411347518,6.15165407854985,6.19399509803922,6.44115845539281,6.67186948853616,37
"39",2011,12,6.44444444444444,36,6.61111111111111,6.27777777777778,6.625,7.08333333333333,6.31666666666667,18,18,8,6,30,2488,1146,1342,416,757,1731,6.59893890675241,7.12074171029668,6.15334575260805,6.20228365384615,6.44624834874505,6.6657134604275,38
"40",2012,1,6.66818181818182,44,6.955,6.42916666666667,6.5,5.75714285714286,6.84054054054054,20,24,8,7,37,2532,1166,1366,424,764,1768,6.60014218009479,7.11789879931389,6.15819180087848,6.20790094339623,6.43993455497382,6.6693721719457,39
"41",2012,2,6.52837837837838,37,6.90526315789474,6.13055555555556,6.41666666666667,6.35,6.56290322580645,19,18,6,6,31,2569,1185,1384,430,770,1799,6.59910860256909,7.11448945147679,6.15783236994219,6.21081395348837,6.43923376623377,6.66753752084492,40
"42",2012,3,6.0304347826087,23,6.625,5.71333333333333,5.91666666666667,5.5,6.21764705882353,8,15,6,6,17,2592,1193,1399,436,776,1816,6.5940625,7.11120704107293,6.15306647605432,6.20676605504587,6.43197164948454,6.66332599118943,41
"43",2012,4,6.65238095238095,21,6.93333333333333,6.27777777777778,6.375,7,6.61578947368421,12,9,4,2,19,2613,1205,1408,440,778,1835,6.59453119020283,7.1094356846473,6.15386363636363,6.20829545454546,6.43343187660668,6.66283378746594,42
"44",2012,5,7.01363636363636,22,7.43636363636364,6.59090909090909,6.625,6.375,7.15555555555556,11,11,4,4,18,2635,1216,1419,444,782,1853,6.59803036053131,7.11239309210526,6.15725158562368,6.21204954954955,6.43313299232737,6.66762007555316,43
"45",2012,6,6.47666666666667,30,7.05333333333333,5.9,6.25,6.125,6.53076923076923,15,15,4,4,26,2665,1231,1434,448,786,1879,6.59666416510319,7.11167343623071,6.15456066945606,6.21238839285714,6.43156488549618,6.66572645023949,44
"46",2012,7,6.45071428571429,28,6.90714285714286,5.99428571428571,5.9,5.67142857142857,6.71047619047619,14,14,5,7,21,2693,1245,1448,453,793,1900,6.59514667656888,7.1093734939759,6.15301104972376,6.20894039735099,6.42485498108449,6.66622105263158,45
"47",2012,8,6.43666666666667,15,6.725,6.10714285714286,6.91666666666667,5.9375,6.61818181818182,8,7,3,4,11,2708,1253,1455,456,797,1911,6.59426883308715,7.10691939345571,6.15279037800687,6.21359649122807,6.42240903387704,6.66594453165882,46
"48",2012,9,6.572,25,7.00357142857143,6.02272727272727,6.16666666666667,6.375,6.63421052631579,14,11,6,6,19,2733,1267,1466,462,803,1930,6.59406512989389,7.1057774269929,6.15181446111869,6.21298701298701,6.42205479452055,6.66563212435233,47
"49",2012,10,6.46153846153846,26,7.26923076923077,5.65384615384615,6.16666666666667,6.75,6.375,13,13,3,6,20,2759,1280,1479,465,809,1950,6.59281623776731,7.1074375,6.14743745774172,6.21268817204301,6.4244870210136,6.66265128205128,48
"50",2012,11,6.42586206896552,29,7.18125,5.49615384615385,5.95833333333333,6.74090909090909,6.23333333333333,16,13,6,11,18,2788,1296,1492,471,820,1968,6.59107962697274,7.1083487654321,6.14176273458445,6.20944798301486,6.42873170731707,6.65872459349594,49
"51",2012,12,6.82974358974359,39,7.13157894736842,6.543,6.5625,7.21428571428571,6.745625,19,20,8,7,32,2827,1315,1512,479,827,2000,6.59437212592854,7.10868441064639,6.1470701058201,6.21534446764092,6.43538089480048,6.660115,50
"52",2013,1,6.51279069767442,43,6.88958333333333,6.03684210526316,6.4125,6.57142857142857,6.50138888888889,24,19,8,7,36,2870,1339,1531,487,834,2036,6.59314982578397,7.1047572815534,6.14570215545395,6.21858316221766,6.43652278177458,6.65730844793713,51
"53",2013,2,6.7,26,6.91875,6.35,6.625,6.55555555555556,6.77647058823529,16,10,4,9,17,2896,1355,1541,491,843,2053,6.5941091160221,7.10256088560886,6.14702790395847,6.22189409368636,6.43779359430605,6.6582951777886,52
"54",2013,3,6.27435897435897,39,6.63333333333333,6.05,6.11666666666667,6.42,6.22413793103448,15,24,12,10,29,2935,1370,1565,503,853,2082,6.58986030664395,7.09742335766423,6.14553993610224,6.21938369781312,6.43758499413834,6.65224783861672,53
"55",2013,4,6.503125,32,6.7,6.32941176470588,5.76666666666667,7.08333333333333,6.36923076923077,15,17,6,6,26,2967,1385,1582,509,859,2108,6.58892483990563,7.09311913357401,6.14751580278129,6.21404715127701,6.44209545983702,6.64875711574953,54
"56",2013,5,6.64615384615385,26,6.93333333333333,6,6.33333333333333,6.46,6.7625,18,8,3,10,16,2993,1403,1590,512,869,2124,6.5894219846308,7.09106913756237,6.14677358490566,6.21474609375,6.44230149597238,6.64961393596987,55
"57",2013,6,6.484,25,6.91666666666667,6.34736842105263,6.56,6.6875,6.38823529411765,6,19,10,8,17,3018,1409,1609,522,877,2141,6.58854870775348,7.09032647267566,6.14914232442511,6.22136015325671,6.44453819840365,6.64753853339561,56
"58",2013,7,6.56944444444444,36,7.1,6.09473684210526,6.98571428571429,5.5,6.703125,17,19,7,4,32,3054,1426,1628,529,881,2173,6.58832351015062,7.09044179523142,6.14850737100737,6.23147448015123,6.44024971623156,6.6483571099862,57
"59",2013,8,6.66304347826087,23,7.08333333333333,6.20454545454545,5.83333333333333,7,6.59210526315789,12,11,3,4,19,3077,1438,1639,532,885,2192,6.5888820279493,7.09038247566064,6.14888346552776,6.22922932330827,6.44277966101695,6.64786952554745,58
"60",2013,9,6.51666666666667,24,6.95,6.20714285714286,6.125,6.5625,6.49375,10,14,8,8,16,3101,1448,1653,540,893,2208,6.58832312157368,7.08941298342541,6.14937689050212,6.22768518518519,6.44385218365062,6.64675271739131,59
"61",2013,10,6.38333333333333,24,6.85714285714286,5.72,5.625,6.025,6.5625,14,10,4,8,16,3125,1462,1663,544,901,2224,6.5867488,7.08718878248974,6.14679494888755,6.22325367647059,6.44013318534961,6.64614658273381,60
"62",2013,11,6.31944444444444,36,6.775,5.75,5.92857142857143,6.125,6.41666666666667,20,16,7,12,24,3161,1482,1679,551,913,2248,6.58370452388484,7.08297570850202,6.14301369863014,6.21950998185118,6.43599123767799,6.64369661921708,61
"63",2013,12,6.48888888888889,27,6.49375,6.48181818181818,6.38333333333333,6.15714285714286,6.605,16,11,6,7,20,3188,1498,1690,557,920,2268,6.58290150564617,7.07668224299065,6.14521893491124,6.22127468581688,6.43386956521739,6.64335537918871,62
"64",2014,1,6.15,42,6.67916666666667,5.44444444444444,6.71428571428571,5.7,6.21081081081081,24,18,7,5,37,3230,1522,1708,564,925,2305,6.57727244582043,7.07041392904073,6.1378337236534,6.22739361702128,6.4299027027027,6.63641214750542,63
"65",2014,2,6.98071428571429,28,7.69230769230769,6.364,6.55142857142857,7.072,6.96086956521739,13,15,7,5,23,3258,1535,1723,571,930,2328,6.58073971761817,7.07568078175896,6.13980266976204,6.23136602451839,6.43335483870968,6.6396176975945,64
"66",2014,3,6.56785714285714,28,7.03846153846154,6.16,6.4125,6.56,6.5695652173913,13,15,8,5,23,3286,1548,1738,579,935,2351,6.58062994522215,7.07536821705426,6.13997698504028,6.23386873920553,6.4340320855615,6.6389323692046,65
"67",2014,4,6.20454545454545,22,6.4375,6.07142857142857,6.16666666666667,7.16666666666667,6.05263157894737,8,14,6,3,19,3308,1556,1752,585,938,2370,6.57812877871826,7.07208868894601,6.13942922374429,6.23317948717949,6.43637526652452,6.63423206751055,66
"68",2014,5,6.52083333333333,24,6.94230769230769,6.02272727272727,4.33333333333333,6.33333333333333,6.54761904761905,13,11,3,3,21,3332,1569,1763,588,941,2391,6.57771608643457,7.07101338432122,6.13870107770845,6.22348639455782,6.43604675876727,6.63347135089921,67
"69",2014,6,5.94,25,6.3,5.7,4.8,6.4375,5.70588235294118,10,15,5,8,17,3357,1579,1778,593,949,2408,6.57296693476318,7.06613046231792,6.135,6.21148397976391,6.43605900948367,6.62692275747508,68
"70",2014,7,6.54827586206897,29,6.6,6.52105263157895,6.3125,7.16666666666667,6.47692307692308,10,19,8,3,26,3386,1589,1797,601,952,2434,6.57275546367395,7.06319697923222,6.13908180300501,6.21282861896839,6.43836134453782,6.62532046014791,69
"71",2014,8,6.44032258064516,31,6.47307692307692,6.41666666666667,6.7,6.50454545454545,6.405,13,18,8,11,20,3417,1602,1815,609,963,2454,6.57155399473222,7.05840823970037,6.1418347107438,6.21922824302135,6.43911734164071,6.62352485737572,70
"72",2014,9,6.51304347826087,23,7.25384615384615,5.55,5.625,5.46,6.80555555555556,13,10,4,5,18,3440,1615,1825,613,968,2472,6.57116279069767,7.0599814241486,6.13859178082192,6.21535073409462,6.43405991735537,6.6248503236246,71
"73",2014,10,6.50833333333333,30,7.13636363636364,6.14473684210526,6.125,6.91666666666667,6.46296296296296,11,19,6,3,27,3470,1626,1844,619,971,2499,6.57061959654179,7.06049815498155,6.13865509761388,6.21447495961228,6.43555097837281,6.6231012404962,72
"74",2014,11,6.52432432432432,37,6.64117647058824,6.425,6.58333333333333,6.5,6.53103448275862,17,20,6,8,29,3507,1643,1864,625,979,2528,6.57013116623895,7.0561594643944,6.14172746781116,6.218016,6.43607763023493,6.62204509493671,73
"75",2014,12,6.47083333333333,24,6.90909090909091,6.1,6.375,5.66666666666667,6.58571428571429,11,13,4,3,21,3531,1654,1877,629,982,2549,6.56945624468989,7.05518137847642,6.14143846563665,6.21901430842608,6.43372708757638,6.62174578265987,74
"76",2015,1,6.3915625,32,6.88692307692308,6.05263157894737,6,6.17166666666667,6.44230769230769,13,19,11,6,26,3563,1667,1896,640,988,2575,6.56785854616896,7.05386922615477,6.14054852320675,6.21525,6.43213562753037,6.61993398058253,75
"77",2015,2,6.55,26,7.15,6.175,6.375,7.075,6.45454545454545,10,16,8,4,22,3589,1677,1912,648,992,2597,6.56772917247144,7.05444245676804,6.14083682008368,6.21722222222223,6.43472782258065,6.61853292260301,76
"78",2015,3,6.56538461538462,26,7.6,5.91875,6.3125,6.2,6.65238095238095,10,16,8,5,21,3615,1687,1928,656,997,2618,6.56771230982019,7.05767634854772,6.13899377593361,6.21838414634147,6.43355065195587,6.61880443086326,77
"79",2015,4,6.72666666666667,30,7,6.4875,7.2,6.7,6.732,14,16,5,5,25,3645,1701,1944,661,1002,2643,6.56902057613169,7.05720164609053,6.14186213991769,6.22580937972769,6.43488023952096,6.61987514188422,78
"80",2015,5,6.43863636363636,22,6.77777777777778,6.20384615384615,6.96666666666667,6.48571428571429,6.41666666666667,9,13,3,7,15,3667,1710,1957,664,1009,2658,6.56823834196891,7.05573099415205,6.14227388860501,6.22915662650603,6.43523290386521,6.61872836719338,79
"81",2015,6,6.325,20,6.5,6.23076923076923,6.125,6.375,6.3125,7,13,4,4,16,3687,1717,1970,668,1013,2674,6.5669189042582,7.05346534653465,6.1428578680203,6.22853293413174,6.43499506416584,6.61689603590127,80
"82",2015,7,6.75,18,7.18181818181818,6.07142857142857,6,6.4,6.88461538461539,11,7,3,5,13,3705,1728,1977,671,1018,2687,6.56780836707152,7.05428240740741,6.14260495700556,6.22751117734725,6.4348231827112,6.61819129140305,81
"83",2015,8,6.36875,24,7.16818181818182,5.69230769230769,5.5,NA,6.36875,11,13,2,0,24,3729,1739,1990,673,1018,2711,6.56652721909359,7.05500287521564,6.13966331658291,6.22534918276375,6.4348231827112,6.61598303209148,82
"84",2015,9,6.13684210526316,19,6.21111111111111,6.07,7.5,7.05,6.02941176470588,9,10,1,2,17,3748,1748,2000,674,1020,2728,6.56434898612593,7.05065789473684,6.139315,6.22724035608309,6.43602941176471,6.61232771260997,83
"85",2015,10,6.18115384615385,26,6.71153846153846,5.65076923076923,6.1825,6.246,6.140625,13,13,8,10,16,3774,1761,2013,682,1030,2744,6.56170906200318,7.04815445769449,6.13615996025832,6.226715542522,6.43418446601942,6.60957725947522,84
"86",2015,11,5.864,25,6.95454545454545,5.00714285714286,5.48333333333333,5.45714285714286,6.02222222222222,11,14,6,7,18,3799,1772,2027,688,1037,2762,6.55711766254277,7.04757336343115,6.12836211149482,6.22023255813954,6.42758919961427,6.60574945691528,85
"87",2015,12,6.26923076923077,26,7.05,5.78125,6.07142857142857,7.33333333333333,6.1304347826087,10,16,7,3,23,3825,1782,2043,695,1040,2785,6.55516078431372,7.04758698092031,6.12564366128243,6.21873381294964,6.43020192307692,6.60182405745063,86
"88",2016,1,6.81794871794872,39,7.3,6.125,6.5,7.8625,6.54838709677419,23,16,6,8,31,3864,1805,2059,701,1048,2816,6.55781314699793,7.05080332409972,6.12563865954347,6.22114122681883,6.44113549618321,6.60123579545455,87
"89",2016,2,6.35263157894737,19,7.74285714285714,5.54166666666667,6,6.42857142857143,6.30833333333333,7,12,4,7,12,3883,1812,2071,705,1055,2828,6.55680916816894,7.05347682119205,6.12225494929985,6.2198865248227,6.44105213270142,6.59999292786422,88
"90",2016,3,6.025,28,6.25,5.9,5.8125,6.3,5.96521739130435,10,18,8,5,23,3911,1822,2089,713,1060,2851,6.55300178982357,7.04906695938529,6.12033987553853,6.21531556802244,6.44038679245283,6.59487197474571,89
"91",2016,4,6.75,18,6.9,6.5625,5.83333333333333,7.375,6.57142857142857,10,8,3,4,14,3929,1832,2097,716,1064,2865,6.55390430134894,7.04825327510917,6.1220267048164,6.21371508379888,6.44390037593985,6.59475741710297,90
"92",2016,5,6.82307692307692,13,7.57142857142857,5.95,5.05,6.05,7.16666666666667,7,6,4,4,9,3942,1839,2103,720,1068,2874,6.55479198376459,7.05024469820555,6.12153590109367,6.20725,6.44242509363296,6.59654836464858,91
"93",2016,6,6.65333333333333,15,7,6.35,6,5,6.77142857142857,7,8,1,1,14,3957,1846,2111,721,1069,2888,6.55516552944149,7.05005417118093,6.12240170535291,6.2069625520111,6.4410757717493,6.59739612188366,92
"94",2016,7,6.31111111111111,18,6.7,5.825,4.25,6,6.37333333333333,10,8,2,3,15,3975,1856,2119,723,1072,2903,6.55406037735849,7.04816810344827,6.12127890514394,6.20154910096819,6.43984141791045,6.59623837409576,93
"95",2016,8,6.35625,16,6.4,6.33636363636364,6.175,6,6.51818181818182,5,11,4,5,11,3991,1861,2130,727,1077,2914,6.55326735154097,7.04642665233745,6.1223896713615,6.2014030261348,6.43779944289694,6.59594371997255,94
"96",2016,9,6.59090909090909,11,7.9,5.5,6,NA,6.59090909090909,5,6,1,0,11,4002,1866,2136,728,1077,2925,6.5533708145927,7.04871382636656,6.12064138576779,6.20112637362637,6.43779944289694,6.59592478632479,95
"97",2016,10,6.78571428571429,21,7.6,6.04545454545455,6,7.2,6.65625,10,11,1,5,16,4023,1876,2147,729,1082,2941,6.55458364404673,7.05165245202558,6.12025617140196,6.20085048010974,6.44132162661738,6.59625297517851,96
"98",2016,11,6.26190476190476,21,7.42857142857143,5.67857142857143,5.9,6.1,6.3125,7,14,5,5,16,4044,1883,2161,734,1087,2957,6.55306379821958,7.053053637812,6.11739472466451,6.19880108991826,6.4397516099356,6.59471761920866,97
"99",2016,12,6.16666666666667,15,7,5.95833333333333,5.5,9,5.96428571428571,3,12,4,1,14,4059,1886,2173,738,1088,2971,6.55163587090416,7.05296924708377,6.11651633686148,6.1950135501355,6.44210477941176,6.59174688657018,98
"100",2017,1,6.08759090909091,22,6.69090909090909,5.48427272727273,5.57116666666667,5.47566666666667,6.18421052631579,11,11,6,3,19,4081,1897,2184,744,1091,2990,6.54913428081352,7.05086979441223,6.11333195970696,6.18998252688172,6.43944729605866,6.58915719063545,99
"101",2017,2,6.08095238095238,21,7.04444444444444,5.35833333333333,4.25,5,6.26111111111111,9,12,4,3,18,4102,1906,2196,748,1094,3008,6.54673744514871,7.05083945435467,6.10920628415301,6.17960828877005,6.4355,6.58719414893617,100
"102",2017,3,7.225,10,8.03571428571429,5.33333333333333,6,4,7.58333333333333,7,3,1,1,9,4112,1913,2199,749,1095,3017,6.54838691634241,7.05444328280188,6.10814779445202,6.17936849132176,6.43327579908676,6.59016572754392,101
"103",2017,4,6.14285714285714,7,6.25,6,6,NA,6.14285714285714,4,3,3,0,7,4119,1917,2202,752,1095,3024,6.54769774217043,7.05276473656755,6.10800045413261,6.17865292553192,6.43327579908676,6.58913029100529,102
"104",2017,5,6.72222222222222,18,7.3,6,4.5,4.5,6.85294117647059,10,8,1,1,17,4137,1927,2210,753,1096,3041,6.54845709451293,7.05404774260508,6.10760950226244,6.17642363877822,6.43151186131387,6.59060506412365,103
"105",2017,6,6.05,10,7.2,4.9,6.5,3,6.38888888888889,5,5,1,1,9,4147,1932,2215,754,1097,3050,6.54725512418616,7.05442546583851,6.1048835214447,6.17685278514589,6.4283837739289,6.59000983606558,104
"106",2017,7,6.54166666666667,12,6.4,6.64285714285714,6.125,6.4,6.64285714285714,5,7,4,5,7,4159,1937,2222,758,1102,3057,6.54723899975956,7.05273618998451,6.10657830783078,6.17657915567282,6.42825499092559,6.59013084723585,105
"107",2017,8,6.2578947368421,19,6.98888888888889,5.6,6.5,5.25,6.37647058823529,9,10,2,2,17,4178,1946,2232,760,1104,3074,6.54592316898037,7.05244090441932,6.10430869175627,6.1774302631579,6.42612047101449,6.5889492517892,106
"108",2017,9,6.46666666666667,12,6.66666666666667,6.26666666666667,7,7,6.41818181818182,6,6,1,1,11,4190,1952,2238,761,1105,3085,6.54569618138425,7.05125512295082,6.10474396782842,6.1785111695138,6.42663981900452,6.58834035656402,107
"109",2017,10,6.75,16,6.8,6.66666666666667,6,7,6.73333333333333,10,6,1,1,15,4206,1962,2244,762,1106,3100,6.54647337137423,7.0499745158002,6.10624643493761,6.17827690288714,6.4271582278481,6.58904193548387,108
"110",2017,11,6.3,15,6.7,6.1,6,6.75,6.23076923076923,5,10,1,2,13,4221,1967,2254,763,1108,3113,6.54559748874674,7.04908490086426,6.10621872227152,6.17804325032766,6.42774097472924,6.58754577577899,109
"111",2017,12,6.59090909090909,11,6.42857142857143,6.875,6,6.25,6.66666666666667,7,4,1,2,9,4232,1974,2258,764,1110,3122,6.54571526465028,7.04688449848024,6.10758060230292,6.17781020942408,6.42742072072072,6.58777386290839,110
"112",2018,1,6.52857142857143,14,6.87777777777778,5.9,6,7.25,6.40833333333333,9,5,1,2,12,4246,1983,2263,765,1112,3134,6.54565873763542,7.04611699445285,6.10712196199735,6.17757777777778,6.42890017985611,6.58708679004467,111
"113",2018,2,6.3,14,6.96666666666667,5.8,5.73333333333333,6,6.32307692307692,6,8,6,1,13,4260,1989,2271,771,1113,3147,6.5448514084507,7.04587732528909,6.10604007045355,6.17412062256809,6.42851482479784,6.58599618684462,112
"114",2018,3,6.38888888888889,18,7,5.77777777777778,5,5.9,6.57692307692308,9,9,2,5,13,4278,1998,2280,773,1118,3160,6.54419518466573,7.04567067067067,6.10474429824561,6.17108279430789,6.4261511627907,6.5859588607595,113
"115",2018,4,6.325,10,7.125,5.79166666666667,6.375,8.5,6.08333333333333,4,6,2,1,9,4288,2002,2286,775,1119,3169,6.54368400186567,7.04582917082917,6.10392257217848,6.17160903225806,6.42800446827525,6.58453139791733,114
"116",2018,5,5.42307692307692,13,5.66666666666667,5.35,7,5.33333333333333,5.45,3,10,1,3,10,4301,2005,2296,776,1122,3179,6.54029690769588,7.04376558603491,6.10063893728223,6.17267654639175,6.42507754010695,6.58096256684492,115
"117",2018,6,6.65454545454545,11,7,6.24,5.5,6.83333333333333,6.5875,6,5,1,3,8,4312,2011,2301,777,1125,3187,6.5405883580705,7.04363500745897,6.10094176445024,6.17181081081081,6.42616622222222,6.58097897709445,116
"118",2018,7,7.54545454545455,11,7.6875,7.16666666666667,6.75,NA,7.54545454545455,8,3,2,0,11,4323,2019,2304,779,1125,3198,6.54314526948878,7.04618623080733,6.10232942708333,6.17329525032092,6.42616622222222,6.58429643527205,117
"119",2018,8,5.33384615384615,13,6.26,4.92222222222222,4,NA,5.33384615384615,4,9,2,0,13,4336,2023,2313,781,1125,3211,6.53951960332103,7.04463173504696,6.09773757025508,6.16772983354674,6.42616622222222,6.57923388352538,118
"120",2018,9,6.625,4,6,6.83333333333333,NA,6.25,7,1,3,0,2,2,4340,2024,2316,781,1127,3213,6.53959838709677,7.04411561264822,6.09869041450777,6.16772983354674,6.42585359361136,6.57949579831933,119
"121",2018,10,5.4875,8,5.475,5.5,4.5,4,5.7,4,4,2,1,7,4348,2028,2320,783,1128,3220,6.53766260349586,7.04102071005917,6.09765818965517,6.16346998722861,6.4237030141844,6.57758385093168,120
"122",2018,11,5.77272727272727,11,6.8,4.91666666666667,4.33333333333333,5.83333333333333,5.75,5,6,3,3,8,4359,2033,2326,786,1131,3228,6.53573227804542,7.04042793900639,6.09461177987962,6.15648473282443,6.42213704686118,6.57553283767039,121
"123",2018,12,7.14285714285714,7,7.125,7.16666666666667,NA,NA,7.14285714285714,4,3,0,0,7,4366,2037,2329,786,1131,3235,6.53670568025653,7.04059401080019,6.09599270072993,6.15648473282443,6.42213704686118,6.57676043276662,122
"124",2019,1,6.85525,16,7.42857142857143,6.40933333333333,5.66666666666667,7.06133333333333,6.80769230769231,7,9,3,3,13,4382,2044,2338,789,1134,3248,6.53786878137837,7.04192270058708,6.09719888793841,6.15462230671736,6.42382804232804,6.57768472906404,123
"125",2019,2,6.86,20,6.92,6.8,6.2,6.5,6.9,10,10,5,2,18,4402,2054,2348,794,1136,3266,6.5393323489323,7.04132911392405,6.10019207836457,6.1549080604534,6.42396214788732,6.57946111451317,124
"126",2019,3,6.28571428571429,14,7.33333333333333,5.5,5.8,5.33333333333333,6.54545454545455,6,8,5,3,11,4416,2060,2356,799,1139,3277,6.53852830615942,7.04217961165048,6.09815407470289,6.15268710888611,6.42108955223881,6.5793469636863,125
"127",2019,4,6.25,12,6.5,6,6,5,6.36363636363636,6,6,3,1,11,4428,2066,2362,802,1140,3288,6.53774638663053,7.0406050338819,6.09790474174428,6.15211596009975,6.41984298245614,6.57862530413626,126
"128",2019,5,6.53333333333333,15,6.85714285714286,6.25,5.83333333333333,6.7,6.45,7,8,3,5,10,4443,2073,2370,805,1145,3298,6.53773148773351,7.03998552821997,6.09841814345992,6.15092795031056,6.42106637554585,6.57823529411765,127
"129",2019,6,6.86923076923077,13,7.4125,6,5,8,6.775,8,5,2,1,12,4456,2081,2375,807,1146,3310,6.53869860861759,7.04141758769822,6.09821094736842,6.14807558859975,6.42244415357766,6.57894864048339,128
"130",2019,7,6.56523785714286,14,6.891333,5.75,NA,8,6.45487153846154,10,4,0,1,13,4470,2091,2379,807,1147,3323,6.53878172930649,7.04069982305117,6.09762547288777,6.14807558859975,6.42381952920663,6.57846323502859,129
"131",2019,8,6.5,16,6.28571428571429,6.66666666666667,7,NA,6.5,7,9,2,0,16,4486,2098,2388,809,1147,3339,6.53864340838163,7.03818080552907,6.09977010050251,6.15018170580964,6.42381952920663,6.57808725067386,130
"132",2019,9,6.6,5,6,7,7,NA,6.6,2,3,1,0,5,4491,2100,2391,810,1147,3344,6.53871171899354,7.03719206190476,6.10089962358846,6.15123086419753,6.42381952920663,6.57812001495216,131
"133",2019,10,7.08166666666667,12,7.39428571428571,6.644,NA,8,6.99818181818182,7,5,0,1,11,4503,2107,2396,810,1148,3355,6.54015863424384,7.03837841955387,6.10203297161937,6.15123086419753,6.4251925087108,6.57949726676602,132
"134",2019,11,6.65909090909091,11,7.35,6.08333333333333,5,5,6.825,5,6,1,1,10,4514,2112,2402,811,1149,3365,6.54044845591493,7.03911616003788,6.10198626144879,6.14981134401973,6.42395213228895,6.58022684398217,133
"135",2019,12,6.83333333333333,3,8.25,4,4,4,8.25,2,1,1,1,2,4517,2114,2403,812,1150,3367,6.54064297764003,7.04026174550615,6.10111152725759,6.14716379310345,6.42184434782609,6.58121869022869,134
"136",2020,1,6.18235294117647,17,6.37,5.91428571428571,5.5,6.125,6.2,10,7,3,4,13,4534,2124,2410,815,1154,3380,6.53929958756065,7.03710608757062,6.10056887966805,6.14478159509202,6.42081542461005,6.57975246449704,135
"137",2020,2,6.14924071428571,14,6.76548555555556,5.04,4.33333333333333,NA,6.14924071428571,9,5,3,0,14,4548,2133,2415,818,1154,3394,6.53809887862797,7.03596000937646,6.09837308488613,6.13813814180929,6.42081542461005,6.57797663523866,136
"138",2020,3,7,5,7,7,NA,7,7,3,2,0,1,4,4553,2136,2417,818,1155,3398,6.5386061278278,7.03590950374532,6.09911915597849,6.13813814180929,6.42131688311688,6.57847342554444,137
"139",2020,4,6.375,10,6.75,6,5,NA,6.375,5,5,1,0,10,4563,2141,2422,819,1155,3408,6.53824757834758,7.03524180289584,6.09891453344343,6.13674847374847,6.42131688311688,6.57787637910798,138
"140",2020,5,6.65,6,7.3,6,5,NA,6.65,3,3,1,0,6,4569,2144,2425,820,1155,3414,6.53839433136354,7.03561226679104,6.09879216494845,6.13536219512195,6.42131688311688,6.57800313415349,139
"141",2020,6,6.5,5,6.83333333333333,6,NA,NA,6.5,3,2,0,0,5,4574,2147,2427,820,1155,3419,6.53835236117184,7.03532962272939,6.0987107540173,6.13536219512195,6.42131688311688,6.57788906112899,140
"142",2020,7,6.68,10,7.25,6.3,6,6.9,6.625,4,6,1,2,8,4584,2151,2433,821,1157,3427,6.53866136561955,7.03572882380288,6.09920715166461,6.13519732034105,6.42214433880726,6.57799903705865,141
"143",2020,8,6.41666666666667,6,7.25,6,5,NA,6.41666666666667,2,4,1,0,6,4590,2153,2437,822,1157,3433,6.53850189542484,7.03592786809103,6.09904431678293,6.13381630170316,6.42214433880726,6.57771706961841,142
"144",2020,9,6.78571428571429,7,7.5,6.5,6.83333333333333,7.5,6.25,2,5,3,3,4,4597,2155,2442,825,1160,3437,6.53887833369589,7.03635856148492,6.09986527436527,6.13636,6.42493189655172,6.57733567064301,143
"145",2020,10,6.14285714285714,14,6,6.18181818181818,6.14285714285714,7,6.07692307692308,3,11,7,1,13,4611,2158,2453,832,1161,3450,6.53767592713077,7.03491784059314,6.10023277619242,6.13641466346154,6.42542721791559,6.57545005797102,144
"146",2020,11,6.28571428571429,14,6.33333333333333,6,NA,6,6.30769230769231,12,2,0,1,13,4625,2170,2455,832,1162,3463,6.53691323243243,7.03103811059908,6.10015112016293,6.13641466346154,6.42506110154905,6.57444490326307,145
"147",2020,12,6.18461538461538,13,7.07142857142857,5.15,5.25,NA,6.18461538461538,7,6,2,0,13,4638,2177,2461,834,1162,3476,6.53592576541613,7.03116798346348,6.09783462007314,6.13428896882494,6.42506110154905,6.57298696777906,146
"148",2021,1,6.41666666666667,12,6.9375,5.375,5.83333333333333,5.5,6.6,8,4,3,2,10,4650,2185,2465,837,1164,3486,6.535618,7.03082503432494,6.096661663286,6.13321027479092,6.42347164948454,6.57306445783133,147
"149",2021,2,6.5,9,7.25,5,6,8,6.07142857142857,6,3,1,2,7,4659,2191,2468,838,1166,3493,6.53554919510625,7.03142523961661,6.09532860615883,6.13305131264917,6.42617581475129,6.57205917549385,148
"150",2021,3,6.375,8,7,6.16666666666667,6,5,6.57142857142857,2,6,1,1,7,4667,2193,2474,839,1167,3500,6.53527398757232,7.03139658002736,6.09550161681487,6.13289272943981,6.42495372750643,6.57205791428572,149
"151",2021,4,6.5,8,6.2,7,NA,6.5,6.5,5,3,0,2,6,4675,2198,2477,839,1169,3506,6.53521362566845,7.02950532302093,6.09659709325797,6.13289272943981,6.42508212147134,6.57193459783229,150
"152",2021,5,7,7,7,7,NA,5,7.33333333333333,6,1,0,1,6,4682,2204,2478,839,1170,3512,6.53590852199915,7.029425,6.09696166263115,6.13289272943981,6.4238641025641,6.5732353929385,151
"153",2021,6,7.1,5,7.33333333333333,6.75,6.75,NA,7.1,3,2,2,0,5,4687,2207,2480,841,1170,3517,6.5365102837636,7.02983810602628,6.09748830645161,6.13436028537455,6.4238641025641,6.57398427637191,152
"154",2021,7,7.1,10,7.25,6.875,6,6,7.22222222222222,6,4,1,1,9,4697,2213,2484,842,1171,3526,6.53770996380668,7.03043502033439,6.09874033816425,6.13420071258907,6.42350213492741,6.5756388825865,153
"155",2021,8,5.85384615384615,13,7,5.1375,5,4.83333333333333,6.16,5,8,1,3,10,4710,2218,2492,843,1174,3536,6.53582244161359,7.03036641118124,6.09565449438202,6.13285527876631,6.41943867120954,6.57446343325792,154
"156",2021,9,5.08333333333333,6,5.75,4.75,5,5.5,5,2,4,2,1,5,4716,2220,2496,845,1175,3541,6.53397449109415,7.02921292792793,6.09349799679487,6.13017396449704,6.41865617021276,6.57224024286925,155
"157",2021,10,6.58333333333333,6,7.125,5.5,5,6.5,6.625,4,2,1,2,4,4722,2224,2498,846,1177,3545,6.53403720880983,7.02938520683453,6.0930228182546,6.12883806146572,6.41879439252336,6.57229977433005,156
"158",2021,11,6.28,5,6.33333333333333,6.2,NA,4,6.85,3,2,0,1,4,4727,2227,2500,846,1178,3549,6.53376850010577,7.02844755276156,6.0931084,6.12883806146572,6.41674108658743,6.57261276415892,157
"159",2021,12,6.625,8,8,5.25,6,6,6.71428571428571,4,4,3,1,7,4735,2231,2504,849,1179,3556,6.53392263991552,7.0301894666069,6.09176158146965,6.128382803298,6.41638761662426,6.57289164791901,158
"160",2022,1,6.05,5,6.125,6,5,5,6.3125,2,3,1,1,4,4740,2233,2507,850,1180,3560,6.53341217299578,7.02937872816838,6.09165177502991,6.12705529411765,6.41518728813559,6.57259907303371,159
"161",2022,2,6.6875,8,6.9,6.33333333333333,5.5,5,6.92857142857143,5,3,2,1,7,4748,2238,2510,852,1181,3567,6.53367179865206,7.02908967828418,6.0919406374502,6.12558333333333,6.41398899237934,6.5732976450799,160
"162",2022,3,6.77272727272727,11,6.9,5.5,NA,8,6.65,10,1,0,1,10,4759,2248,2511,852,1182,3577,6.53422435385585,7.02851543594306,6.09170489844683,6.12558333333333,6.41533079526226,6.57351207715963,161
"163",2022,4,6.83888888888889,9,6.95,6.7,NA,5.75,6.975,5,4,0,1,8,4768,2253,2515,852,1183,3585,6.53479943372483,7.02834118952508,6.09267236580517,6.12558333333333,6.41476838546069,6.5744080055788,162
"164",2022,5,6.77777777777778,9,7.375,6.3,6.5,NA,6.77777777777778,4,5,2,0,9,4777,2257,2520,854,1183,3594,6.5352572116391,7.02895556047851,6.09308373015873,6.12646018735363,6.41476838546069,6.574917278798,163
"165",2022,6,6.66666666666667,3,6.5,7,NA,NA,6.66666666666667,2,1,0,0,3,4780,2259,2521,854,1183,3597,6.53533968619247,7.02848725099602,6.09344347481158,6.12646018735363,6.41476838546069,6.57499380038922,164
"166",2022,7,5.5,2,NA,5.5,5,NA,5.5,0,2,1,0,2,4782,2259,2523,855,1183,3599,6.53490667084902,7.02848725099602,6.09297304795878,6.12514269005848,6.41476838546069,6.57439641567102,165
"167",2022,8,6.85,10,6.9375,6.5,NA,7,6.78571428571429,8,2,0,3,7,4792,2267,2525,855,1186,3606,6.53556421118531,7.02816616674018,6.09329544554455,6.12514269005848,6.41624873524452,6.57480662784249,166
"168",2022,9,6,11,6,6,NA,4,6.44444444444444,3,8,0,2,9,4803,2270,2533,855,1188,3615,6.5343376431397,7.02680735682819,6.09300078957757,6.12514269005848,6.41218097643097,6.5744820746888,167
"169",2022,10,6.94444444444444,9,7.16666666666667,6.83333333333333,10,6,7.0625,3,6,1,1,8,4812,2273,2539,856,1189,3623,6.53510467581047,7.02699194896612,6.09475029539189,6.12966939252336,6.41183431455004,6.57555967430307,168
"170",2022,11,6.55,8,7.5,5.6,5,5.8,6.65714285714286,4,4,1,1,7,4820,2277,2543,857,1190,3630,6.53512939834025,7.02782288098375,6.09397208022021,6.1283512252042,6.41132016806722,6.57571699724518,169
"171",2022,12,6.11111111111111,9,6,6.2,NA,7,5.85714285714286,4,5,0,2,7,4829,2281,2548,857,1192,3637,6.534339138538,7.02602047347654,6.09418014128728,6.1283512252042,6.41230788590604,6.57433398405279,170
