"","year","month","avg_rating","no_ratings","avg_rating_owned","avg_rating_not_owned","avg_rating_prev_owned","avg_rating_comment","avg_rating_no_comment","no_ratings_owned","no_ratings_not_owned","no_ratings_prev_owned","no_ratings_comment","no_ratings_no_comment","cum_no_ratings","cum_no_ratings_owned","cum_no_ratings_not_owned","cum_no_ratings_prev_owned","cum_no_ratings_comment","cum_no_ratings_no_comment","cum_avg_rating","cum_avg_rating_owned","cum_avg_rating_not_owned","cum_avg_rating_prev_owned","cum_avg_rating_comment","cum_avg_rating_no_comment","month_after_release"
"1",2008,3,9,1,9,NA,NA,NA,9,1,0,0,0,1,1,1,0,0,0,1,9,9,NA,NA,NA,9,-5
"2",2008,8,8,4,8,8,NA,NA,8,3,1,0,0,4,5,4,1,0,0,5,8.2,8.25,8,NA,NA,8.2,0
"3",2008,9,7.65454545454545,11,7.95714285714286,7.125,7,7.6,7.7,7,4,1,5,6,16,11,5,1,5,11,7.825,8.06363636363636,7.3,7,7.6,7.92727272727273,1
"4",2008,10,7.03369565217391,23,7.54545454545455,6.56458333333333,10,6.6175,7.35384615384615,11,12,1,10,13,39,22,17,2,15,24,7.35833333333333,7.80454545454545,6.78088235294118,8.5,6.945,7.61666666666667,2
"5",2008,11,7.45,14,8.3125,6.3,6.9,6.76,7.83333333333333,8,6,2,5,9,53,30,23,4,20,33,7.38254716981132,7.94,6.65543478260869,7.7,6.89875,7.67575757575758,3
"6",2008,12,7.73529411764706,17,7.66666666666667,7.8125,NA,8,7.59090909090909,9,8,0,6,11,70,39,31,4,26,44,7.46821428571429,7.87692307692308,6.95403225806452,7.7,7.15288461538462,7.65454545454546,4
"7",2009,1,7.20555555555556,18,7.59166666666667,6.43333333333333,8.5,6.42,7.50769230769231,12,6,2,5,13,88,51,37,6,31,57,7.41448863636364,7.80980392156863,6.86959459459459,7.96666666666667,7.03467741935484,7.62105263157895,5
"8",2009,2,6.70588235294118,17,6.875,6.55555555555556,7.5,7.2,6.5,8,9,2,5,12,105,59,46,8,36,69,7.29976190476191,7.68305084745763,6.80815217391304,7.85,7.05763888888889,7.42608695652174,6
"9",2009,3,6.82857142857143,14,7.26666666666667,6.5,6.5,7.33333333333333,6.69090909090909,6,8,2,3,11,119,65,54,10,39,80,7.24432773109244,7.64461538461538,6.7625,7.58,7.07884615384615,7.325,7
"10",2009,4,6.955,20,7.45,6.46,7.2,6.24,7.19333333333333,10,10,1,5,15,139,75,64,11,44,95,7.20269784172662,7.61866666666667,6.715234375,7.54545454545455,6.98352272727273,7.30421052631579,8
"11",2009,5,6.85714285714286,14,8,5.71428571428571,7,7.2,6.66666666666667,7,7,1,5,9,153,82,71,12,49,104,7.17107843137255,7.65121951219512,6.61654929577465,7.5,7.00561224489796,7.24903846153846,9
"12",2009,6,7.58823529411765,17,7.95454545454545,6.91666666666667,NA,7,7.625,11,6,0,1,16,170,93,77,12,50,120,7.21279411764706,7.68709677419355,6.63993506493506,7.5,7.0055,7.29916666666667,10
"13",2009,7,7.07692307692308,13,8.125,5.4,2,6,7.27272727272727,8,5,1,2,11,183,101,82,13,52,131,7.20314207650273,7.72178217821782,6.56432926829268,7.07692307692308,6.96682692307692,7.2969465648855,11
"14",2009,8,6.44545454545455,22,6.875,6.2,7.25,7.16666666666667,6.33157894736842,8,14,2,3,19,205,109,96,15,55,150,7.12182926829268,7.65963302752294,6.51119791666667,7.1,6.97772727272727,7.17466666666667,12
"15",2009,9,6.59090909090909,11,6.71428571428571,6.375,6.5,7,6.5,7,4,1,2,9,216,116,100,16,57,159,7.09479166666667,7.60258620689655,6.50575,7.0625,6.97850877192982,7.13647798742138,13
"16",2009,10,6.72941176470588,17,6.86363636363636,6.48333333333333,9,6.675,6.77777777777778,11,6,1,8,9,233,127,106,17,65,168,7.0681330472103,7.53858267716535,6.50448113207547,7.17647058823529,6.94115384615385,7.11726190476191,14
"17",2009,11,7.115,20,7.79583333333333,6.09375,7.4375,7,7.15333333333333,12,8,4,5,15,253,139,114,21,70,183,7.07183794466403,7.56079136690648,6.47565789473684,7.22619047619048,6.94535714285714,7.12021857923497,15
"18",2009,12,7.46875,16,8,6.58333333333333,7,7,7.53571428571429,10,6,2,2,14,269,149,120,23,72,197,7.09544609665428,7.59026845637584,6.48104166666667,7.20652173913043,6.946875,7.1497461928934,16
"19",2010,1,7.46315789473684,19,7.9,6.97777777777778,7.375,6.875,7.62,10,9,4,4,15,288,159,129,27,76,212,7.11970486111111,7.60974842767296,6.5156976744186,7.23148148148148,6.94309210526316,7.18301886792453,17
"20",2010,2,7.27142857142857,14,8.01,6.86111111111111,5.5,5.75,7.525,5,9,1,2,12,302,164,138,28,78,224,7.12673841059603,7.6219512195122,6.53822463768116,7.16964285714286,6.9125,7.20133928571429,18
"21",2010,3,6.77272727272727,11,6.85,6,NA,6,6.85,10,1,0,1,10,313,174,139,28,79,234,7.11429712460064,7.57758620689655,6.53435251798561,7.16964285714286,6.90094936708861,7.18632478632479,19
"22",2010,4,7.6,10,7.8,7.4,8,8,7.55555555555556,5,5,1,1,9,323,179,144,29,80,243,7.12933436532508,7.58379888268156,6.56440972222222,7.19827586206897,6.9146875,7.2,20
"23",2010,5,7.225,8,7.66666666666667,6.96,6.6,7,7.25714285714286,3,5,1,1,7,331,182,149,30,81,250,7.13164652567976,7.58516483516483,6.57768456375839,7.17833333333333,6.91574074074074,7.2016,21
"24",2010,6,7.18181818181818,11,7.58333333333333,6.7,6,7.5,7.11111111111111,6,5,1,2,9,342,188,154,31,83,259,7.13326023391813,7.58510638297872,6.58165584415584,7.14032258064516,6.92981927710843,7.1984555984556,22
"25",2010,7,6.91666666666667,6,8,6.375,NA,NA,6.91666666666667,2,4,0,0,6,348,190,158,31,83,265,7.12952586206897,7.58947368421053,6.57642405063291,7.14032258064516,6.92981927710843,7.19207547169811,23
"26",2010,8,6.72222222222222,9,7.2,6.125,6,NA,6.72222222222222,5,4,3,0,9,357,195,162,34,83,274,7.11925770308123,7.57948717948718,6.56527777777778,7.03970588235294,6.92981927710843,7.17664233576642,24
"27",2010,9,6.57058823529412,17,7.42727272727273,5,NA,6.56666666666667,6.57142857142857,11,6,0,3,14,374,206,168,34,86,288,7.09431818181818,7.57135922330097,6.509375,7.03970588235294,6.9171511627907,7.14722222222222,25
"28",2010,10,7.36363636363636,11,7.5,7.2,5.5,NA,7.36363636363636,6,5,2,0,11,385,212,173,36,86,299,7.10201298701299,7.56933962264151,6.52933526011561,6.95416666666667,6.9171511627907,7.15518394648829,26
"29",2010,11,7.28571428571429,7,7.75,6.66666666666667,6,6,7.5,4,3,1,1,6,392,216,176,37,87,305,7.10529336734694,7.57268518518519,6.53167613636364,6.92837837837838,6.9066091954023,7.16196721311475,27
"30",2010,12,6.3125,16,6.58333333333333,6.15,6.16666666666667,5.33333333333333,6.53846153846154,6,10,3,3,13,408,222,186,40,90,318,7.07420343137255,7.54594594594595,6.51115591397849,6.87125,6.85416666666667,7.13647798742138,28
"31",2011,1,7.375,12,8.14285714285714,6.3,6,6.75,7.5,7,5,1,2,10,420,229,191,41,92,328,7.08279761904762,7.56419213973799,6.50562827225131,6.85,6.85190217391304,7.14756097560976,29
"32",2011,2,7.03333333333333,6,7.24,6,NA,8,6.84,5,1,0,1,5,426,234,192,41,93,333,7.08210093896714,7.55726495726496,6.50299479166667,6.85,6.86424731182796,7.14294294294294,30
"33",2011,3,6.995485,20,7.65914166666667,6,6.5,6.4,7.19398,12,8,4,5,15,446,246,200,45,98,348,7.0782168161435,7.56223455284553,6.482875,6.81888888888889,6.8405612244898,7.14514281609195,31
"34",2011,4,7.240625,16,7.33333333333333,7.21923076923077,7,6.97,7.36363636363636,3,13,3,5,11,462,249,213,48,103,359,7.08384134199134,7.55947670682731,6.52781690140845,6.83020833333333,6.84684466019417,7.15183760445682,32
"35",2011,5,7,6,NA,7,7.3,6,7.2,0,6,1,1,5,468,249,219,49,104,364,7.08276645299145,7.55947670682731,6.54075342465753,6.83979591836735,6.83870192307692,7.15249917582417,33
"36",2011,6,7.11538461538461,13,7.92857142857143,6.16666666666667,5.5,NA,7.11538461538461,7,6,2,0,13,481,256,225,51,104,377,7.08364802494803,7.569569140625,6.53077777777778,6.78725490196078,6.83870192307692,7.15121936339522,34
"37",2011,7,6.11111111111111,9,7.5,5.71428571428571,6,6,6.125,2,7,1,1,8,490,258,232,52,105,385,7.06578510204082,7.56902984496124,6.50614224137931,6.77211538461538,6.83071428571429,7.12989532467532,35
"38",2011,8,7.2,24,7.36363636363636,7.06153846153846,6.8,6.75,7.35,11,13,5,6,18,514,269,245,57,111,403,7.07205194552529,7.56063085501859,6.53561224489796,6.77456140350877,6.82635135135135,7.13972630272953,36
"39",2011,9,6.83333333333333,12,7.85714285714286,5.4,7,8,6.72727272727273,7,5,1,1,11,526,276,250,58,112,414,7.06660589353612,7.56815108695652,6.5129,6.77844827586207,6.83683035714286,7.12876739130435,37
"40",2011,10,7.45625,16,7.56153846153846,7,NA,NA,7.45625,13,3,0,0,16,542,289,253,58,112,430,7.07810830258303,7.56785363321799,6.51867588932806,6.77844827586207,6.83683035714286,7.14095279069767,38
"41",2011,11,6.27272727272727,11,7.33333333333333,5,NA,6.16666666666667,6.3125,6,5,0,3,8,553,295,258,58,115,438,7.06208806509946,7.56308372881356,6.48924418604651,6.77844827586207,6.81934782608696,7.12582123287671,39
"42",2011,12,6.91666666666667,12,7.5,6.33333333333333,7.5,6.33333333333333,7.11111111111111,6,6,1,3,9,565,301,264,59,118,447,7.05899946902655,7.56182624584718,6.48570075757576,6.79067796610169,6.80699152542373,7.12552505592841,40
"43",2012,1,6.58333333333333,24,7.075,6.09166666666667,5.95,7.5,6.45238095238095,12,12,4,3,21,589,313,276,63,121,468,7.03961748726656,7.54316198083067,6.46856884057971,6.73730158730159,6.82417355371901,7.09531987179487,41
"44",2012,2,6.75,14,7.14285714285714,6.35714285714286,7,7.5,6.54545454545455,7,7,3,3,11,603,320,283,66,124,479,7.03289336650083,7.5344053125,6.46581272084805,6.74924242424242,6.84052419354839,7.08269248434238,42
"45",2012,3,7.42307692307692,13,7.75,6.9,8,7.5,7.40909090909091,8,5,2,2,11,616,328,288,68,126,490,7.04112775974026,7.5396637195122,6.47335069444444,6.78602941176471,6.85099206349206,7.09001979591837,43
"46",2012,4,6.3,9,7,5.95,6,7,6.2125,3,6,1,1,8,625,331,294,69,127,498,7.03045552,7.53477250755287,6.46267006802721,6.77463768115942,6.85216535433071,7.07592309236948,44
"47",2012,5,6.71153846153846,13,7.32142857142857,6,NA,6,7.02777777777778,7,6,0,4,9,638,338,300,69,131,507,7.02395721003135,7.53035414201183,6.45341666666667,6.77463768115942,6.82614503816794,7.0750684418146,45
"48",2012,6,6.87555555555556,18,7.175,6.50125,NA,6.08333333333333,7.034,10,8,0,3,15,656,348,308,69,134,522,7.01988521341464,7.52014281609195,6.45465909090909,6.77463768115942,6.80951492537313,7.07388831417625,46
"49",2012,7,7.26166666666667,18,7.225,7.335,8,8.16666666666667,7.08066666666667,12,6,2,3,15,674,360,314,71,137,537,7.02634228486647,7.51030472222222,6.47148089171974,6.80915492957746,6.83923357664234,7.07407765363129,47
"50",2012,8,7.195,24,7.43166666666667,6.95833333333333,6.33333333333333,8.39333333333333,7.02380952380952,12,12,3,3,21,698,372,326,74,140,558,7.03214140401146,7.50776801075269,6.4894018404908,6.78986486486486,6.87253571428571,7.07218584229391,48
"51",2012,9,7.07142857142857,14,7.75,6.16666666666667,6,5.75,7.29166666666667,8,6,3,2,12,712,380,332,77,142,570,7.03291390449438,7.51286763157895,6.48356927710843,6.75909090909091,6.85672535211268,7.07680649122807,49
"52",2012,10,6.74166666666667,12,6.91666666666667,6.56666666666667,7,7,6.71818181818182,6,6,1,1,11,724,386,338,78,143,581,7.02808660220995,7.50360025906736,6.48504437869822,6.76217948717949,6.85772727272727,7.07001669535284,50
"53",2012,11,7.13157894736842,19,7.72727272727273,6.3125,6.75,7.6875,6.98333333333333,11,8,1,4,15,743,397,346,79,147,596,7.0307331090175,7.50979773299748,6.4810549132948,6.7620253164557,6.88030612244898,7.06783506711409,51
"54",2012,12,6.96666666666667,15,7.375,6.5,6.75,6.9,7,8,7,2,5,10,758,405,353,81,152,606,7.02946530343008,7.50713506172839,6.48143059490085,6.76172839506173,6.88095394736842,7.06671567656766,52
"55",2013,1,6.63888888888889,18,6.6875,6.25,6,6,6.71875,16,2,1,2,16,776,421,355,82,154,622,7.02040554123711,7.47598503562945,6.48012676056338,6.75243902439024,6.86951298701299,7.05776479099678,53
"56",2013,2,7.02777777777778,18,7.32142857142857,6,6,6.71428571428571,7.22727272727273,14,4,1,7,11,794,435,359,83,161,633,7.02057267002519,7.4710108045977,6.47477715877437,6.7433734939759,6.86276397515528,7.06071042654028,54
"57",2013,3,6.825,16,6.88571428571429,6.77777777777778,7.33333333333333,6,6.88,7,9,3,1,15,810,442,368,86,162,648,7.01670950617284,7.46174140271493,6.4821875,6.76395348837209,6.85743827160494,7.05652731481481,55
"58",2013,4,6.70833333333333,12,7.125,5.875,NA,6.875,6.625,8,4,0,4,8,822,450,372,86,166,656,7.01220766423358,7.45575488888889,6.47565860215054,6.76395348837209,6.85786144578313,7.05126478658537,56
"59",2013,5,7.25384615384615,13,7.55555555555556,6.575,6.5,8.5,7.02727272727273,9,4,2,2,11,835,459,376,88,168,667,7.0159697005988,7.45771176470588,6.47671542553192,6.75795454545455,6.87741071428571,7.05086911544228,57
"60",2013,6,7.14705882352941,17,7.63636363636364,6.25,7,7.5,7.03846153846154,11,6,1,4,13,852,470,382,89,172,680,7.0185853286385,7.4618929787234,6.47315445026178,6.76067415730337,6.89188953488372,7.05063191176471,58
"61",2013,7,7.004,25,7.39444444444444,6,7,5.92,7.275,18,7,1,5,20,877,488,389,90,177,700,7.01816955530217,7.45940512295082,6.46464010282776,6.76333333333333,6.86443502824859,7.05704242857143,59
"62",2013,8,7.06458333333333,24,7.65384615384615,6.36818181818182,6.1875,8,7.02391304347826,13,11,4,1,23,901,501,400,94,178,723,7.01940588235294,7.46445049900199,6.4619875,6.73882978723404,6.87081460674157,7.05598852005533,60
"63",2013,9,7.19444444444444,18,7.91666666666667,5.75,4.75,NA,7.19444444444444,12,6,2,0,18,919,513,406,96,178,741,7.02283427638738,7.47502865497076,6.45146551724138,6.69739583333333,6.87081460674157,7.05935182186235,61
"64",2013,10,6.43181818181818,22,6.45454545454545,6.40909090909091,6.375,6,6.5,11,11,4,3,19,941,524,417,100,181,760,7.00901668437832,7.45360629770992,6.45034772182254,6.6845,6.85638121546961,7.04536802631579,62
"65",2013,11,6,22,6.03846153846154,5.94444444444444,5.5,6.83333333333333,5.86842105263158,13,9,1,3,19,963,537,426,101,184,779,6.98596542056075,7.41934767225326,6.43965962441315,6.67277227722772,6.85600543478261,7.01666200256739,63
"66",2013,12,7.19,25,7.63235294117647,6.25,6.16666666666667,7,7.20652173913043,17,8,3,2,23,988,554,434,104,186,802,6.9911282388664,7.42588393501805,6.43616359447005,6.65817307692308,6.85755376344086,7.02210685785536,64
"67",2014,1,6.92162162162162,37,7.78947368421053,6.00555555555556,6.7,6.625,6.95757575757576,19,18,5,4,33,1025,573,452,109,190,835,6.9886192195122,7.43794013961605,6.41901548672566,6.66009174311927,6.85265789473684,7.01955652694611,65
"68",2014,2,7.11764705882353,17,7.6,6.42857142857143,6.66666666666667,7,7.125,10,7,3,1,16,1042,583,459,112,191,851,6.99072428023033,7.44071989708405,6.41916122004357,6.66026785714286,6.85342931937173,7.02153901292597,66
"69",2014,3,6.7,20,7.58333333333333,5.375,5.5,5.33333333333333,6.94117647058824,12,8,2,3,17,1062,595,467,114,194,868,6.98524924670433,7.44359613445378,6.40127408993576,6.63991228070175,6.82992268041237,7.0199650921659,67
"70",2014,4,7.2825,20,7.79583333333333,6.5125,6.86666666666667,7,7.31388888888889,12,8,3,2,18,1082,607,475,117,196,886,6.99074371534196,7.45055963756178,6.40314736842105,6.6457264957265,6.8316581632653,7.02593645598194,68
"71",2014,5,7.14285714285714,14,7.2,7,7,8,7.07692307692308,10,4,3,1,13,1096,617,479,120,197,899,6.99268677007299,7.44649870340356,6.40813152400835,6.65458333333333,6.83758883248731,7.02667374860957,69
"72",2014,6,6.85,18,7.33076923076923,5.6,5,6.25,7.02142857142857,13,5,1,4,14,1114,630,484,121,201,913,6.99038123877918,7.44411063492063,6.39978305785124,6.64090909090909,6.82589552238806,7.02659331872946,70
"73",2014,7,6.93541666666667,24,7.2,6.49444444444444,6.49,8,6.88913043478261,15,9,5,1,23,1138,645,493,126,202,936,6.98922205623902,7.43843364341085,6.40151115618661,6.63492063492064,6.83170792079208,7.02321549145299,71
"74",2014,8,6.928,25,7.075,6.34,5.83333333333333,6.75,6.96190476190476,20,5,3,4,21,1163,665,498,129,206,957,6.9879060189166,7.42750330827068,6.40089357429719,6.61627906976744,6.8301213592233,7.02187011494253,72
"75",2014,9,7.24285714285714,14,7.33333333333333,6.7,NA,7.3,7.21111111111111,12,2,0,5,9,1177,677,500,129,211,966,6.99093857264231,7.4258341211226,6.40209,6.61627906976744,6.84125592417061,7.02363322981366,73
"76",2014,10,7.50294117647059,17,7.9,6.93571428571429,7.25,7.75,7.47,10,7,2,2,15,1194,687,507,131,213,981,6.9982283919598,7.43273609898108,6.40945759368836,6.62595419847328,6.84978873239436,7.03045840978593,74
"77",2014,11,6.56666666666667,15,7.21428571428571,6,6,7.16666666666667,6.41666666666667,7,8,1,3,12,1209,694,515,132,216,993,6.99287402812242,7.43053270893372,6.40309708737864,6.62121212121212,6.85418981481481,7.02304098690836,75
"78",2014,12,6.82,35,7.19583333333333,6,6.1,7.5,6.73225806451613,24,11,2,4,31,1244,718,526,134,220,1024,6.98801020900322,7.42268760445682,6.39466730038023,6.6134328358209,6.86593181818182,7.01423798828125,76
"79",2015,1,6.86078431372549,51,7.21212121212121,6.21666666666667,7.13333333333333,6.81666666666667,6.86666666666667,33,18,3,6,45,1295,751,544,137,226,1069,6.98299976833977,7.41343501997337,6.38877757352941,6.62481751824818,6.86462389380531,7.00802591206735,77
"80",2015,2,6.62333333333333,30,7.4375,5.69285714285714,6.2125,NA,6.62333333333333,16,14,8,0,30,1325,767,558,145,226,1099,6.97485637735849,7.4139370273794,6.37131720430108,6.60206896551724,6.86462389380531,6.99752474977252,78
"81",2015,3,6.03157894736842,19,7.16666666666667,5.50769230769231,6.33333333333333,NA,6.03157894736842,6,13,6,0,19,1344,773,571,151,226,1118,6.96152135416667,7.41201772315653,6.35165499124343,6.59139072847682,6.86462389380531,6.98110885509839,79
"82",2015,4,7.5,15,8.07142857142857,7,8.66666666666667,6.25,7.95454545454545,7,8,3,4,11,1359,780,579,154,230,1129,6.96746482707874,7.41793551282051,6.36061312607945,6.63181818181818,6.85393478260869,6.99059317980514,80
"83",2015,5,6.40958333333333,24,7.09615384615385,5.59818181818182,6,NA,6.40958333333333,13,11,3,0,24,1383,793,590,157,230,1153,6.95778358640636,7.41266040353089,6.34639830508474,6.61974522292994,6.85393478260869,6.97849930615785,81
"84",2015,6,6.71052631578947,19,7.72222222222222,5.8,6,5,6.91176470588235,9,10,1,2,17,1402,802,600,158,232,1170,6.95443273894437,7.41613428927681,6.33729166666667,6.61582278481013,6.8379525862069,6.97752965811966,82
"85",2015,7,6.52173913043478,23,7.6,4.5,4.25,7.375,6.34210526315789,15,8,4,4,19,1425,817,608,162,236,1189,6.9474489122807,7.41951003671971,6.31311677631579,6.55740740740741,6.84705508474576,6.96737569386039,83
"86",2015,8,6.03214285714286,28,6.52105263157895,5,5.5,4,6.276,19,9,4,3,25,1453,836,617,166,239,1214,6.92981052993806,7.39909055023923,6.29396272285251,6.53192771084337,6.8113179916318,6.9531381383855,84
"87",2015,9,6.16842105263158,19,6.65454545454545,5.5,4,7,6.12222222222222,11,8,2,1,18,1472,847,625,168,240,1232,6.9199828125,7.38942113341204,6.2838,6.50178571428571,6.81210416666667,6.94099813311688,85
"88",2015,10,6.94333333333333,15,7.73333333333333,5.75833333333333,6.75,NA,6.94333333333333,9,6,2,0,15,1487,856,631,170,240,1247,6.92021835911231,7.39303703271028,6.27880348652932,6.50470588235294,6.81210416666667,6.94102622293504,86
"89",2015,11,7.03181818181818,22,7.38235294117647,5.84,NA,NA,7.03181818181818,17,5,0,0,22,1509,873,636,170,240,1269,6.92184539430086,7.39282898052692,6.27535377358491,6.50470588235294,6.81210416666667,6.94260023640662,87
"90",2015,12,6.70740740740741,27,7.44117647058824,5.46,5.33333333333333,6.1,6.84545454545455,17,10,3,5,22,1536,890,646,173,245,1291,6.9180759765625,7.39375247191011,6.26273219814242,6.48439306358381,6.79757142857143,6.94094477149497,88
"91",2016,1,6.89166666666667,24,7.275,6.125,6.33333333333333,7,6.87619047619048,16,8,3,3,21,1560,906,654,176,248,1312,6.91766967948718,7.39165529801324,6.26104740061162,6.48181818181818,6.80002016129032,6.93990830792683,89
"92",2016,2,6.90588235294118,17,7.49090909090909,5.83333333333333,6.5,7.5,6.86875,11,6,2,1,16,1577,917,660,178,249,1328,6.91754261255549,7.39284591057797,6.25715909090909,6.48202247191011,6.8028313253012,6.93905097891566,90
"93",2016,3,6.74193548387097,31,7.5,5.54166666666667,6.33333333333333,5.8,6.92307692307692,19,12,3,5,26,1608,936,672,181,254,1354,6.91415715174129,7.39502104700855,6.24438244047619,6.47955801104972,6.7830905511811,6.93874423929099,91
"94",2016,4,6.49782608695652,23,7.64166666666667,5.25,6.5,7.33333333333333,6.3725,12,11,2,3,20,1631,948,683,183,257,1374,6.90828614347027,7.39814314345991,6.22836749633968,6.47978142076503,6.78951361867704,6.9305019650655,92
"95",2016,5,7.51111111111111,27,7.94545454545455,5.6,6,NA,7.51111111111111,22,5,1,0,27,1658,970,688,184,257,1401,6.91810295536791,7.41055639175258,6.22380087209302,6.47717391304348,6.78951361867704,6.94169143468951,93
"96",2016,6,7.00952380952381,21,7.44285714285714,6.14285714285714,NA,6,7.06,14,7,0,1,20,1679,984,695,184,258,1421,6.91924639666468,7.41101595528455,6.22298561151079,6.47717391304348,6.78645348837209,6.94335657987333,94
"97",2016,7,7.1875,16,7.33333333333333,6.75,NA,8,7.13333333333333,12,4,0,1,15,1695,996,699,184,259,1436,6.9217785840708,7.41008002008032,6.22600143061516,6.47717391304348,6.791138996139,6.94534101671309,95
"98",2016,8,6.45833333333333,24,7.11764705882353,4.85714285714286,6,6,6.52380952380952,17,7,1,3,21,1719,1013,706,185,262,1457,6.91530814426993,7.40517245804541,6.21242917847026,6.47459459459459,6.78208015267175,6.93926540837337,96
"99",2016,9,6.22222222222222,9,7.2,5,NA,7,6.125,5,4,0,1,8,1728,1018,710,185,263,1465,6.91169832175926,7.40416473477407,6.2055985915493,6.47459459459459,6.78290874524715,6.93481890784983,97
"100",2016,10,6.92083333333333,24,7.625,6.21666666666667,6.91666666666667,7.125,6.81875,12,12,6,8,16,1752,1030,722,191,271,1481,6.91182345890411,7.40673757281553,6.20578254847646,6.48848167539267,6.7930073800738,6.93356495611074,98
"101",2016,11,6.79032258064516,31,7.28947368421053,6,6.625,6.66666666666667,6.80357142857143,19,12,4,3,28,1783,1049,734,195,274,1509,6.90971099270892,7.4046136320305,6.20241825613079,6.49128205128205,6.79162408759124,6.93115288270378,99
"102",2016,12,7.55263157894737,19,7.91176470588235,4.5,8,6,7.63888888888889,17,2,1,1,18,1802,1066,736,196,275,1527,6.91648984461709,7.41270140712945,6.19779211956522,6.49897959183673,6.78874545454545,6.93949554682384,100
"103",2017,1,6.91315789473684,38,7.25,6.33571428571429,5.6,7,6.90294117647059,24,14,5,4,34,1840,1090,750,201,279,1561,6.9164210326087,7.40911899082569,6.20036666666667,6.47661691542288,6.79177419354839,6.93869935938501,101
"104",2017,2,6.66333333333333,30,7.6,5.04545454545455,5,5.68,6.86,19,11,2,5,25,1870,1109,761,203,284,1586,6.91236080213904,7.41238926961226,6.18367279894875,6.46206896551724,6.77220070422535,6.93745882723834,102
"105",2017,3,6.71923076923077,26,7.4,5.1875,NA,5,6.788,18,8,0,1,25,1896,1127,769,203,285,1611,6.90971239451477,7.41219139307897,6.17330949284785,6.46206896551724,6.76598245614035,6.93513947858473,103
"106",2017,4,6.84615384615385,26,7.26470588235294,6.05555555555556,5.5,6.125,6.97727272727273,17,9,3,4,22,1922,1144,778,206,289,1633,6.90885260145682,7.40999973776224,6.17194730077121,6.44805825242718,6.7571107266436,6.93570710349051,104
"107",2017,5,6.66111111111111,18,6.96428571428571,5.6,4.9,8,6.58235294117647,14,4,1,1,17,1940,1158,782,207,290,1650,6.90655396907217,7.40461113989637,6.16902173913043,6.44057971014493,6.76139655172414,6.93206648484849,105
"108",2017,6,6.975,20,7.36666666666667,5.8,NA,NA,6.975,15,5,0,0,20,1960,1173,787,207,290,1670,6.90725239795919,7.40412591645354,6.16667725540025,6.44057971014493,6.76139655172414,6.93258065868264,106
"109",2017,7,7.00869565217391,23,7.5,6.0875,5.66666666666667,6.03333333333333,7.155,15,8,3,3,20,1983,1188,795,210,293,1690,6.90842899647,7.40533644781145,6.16588050314465,6.42952380952381,6.75394197952218,6.93521284023669,107
"110",2017,8,6.8952380952381,21,7.07647058823529,6.125,NA,6.5,6.93684210526316,17,4,0,2,19,2004,1205,799,210,295,1709,6.90829076846308,7.40069684647303,6.16567584480601,6.42952380952381,6.75222033898305,6.93523095377414,108
"111",2017,9,7.11904761904762,21,7.5,6.16666666666667,NA,6.25,7.21052631578947,15,6,0,2,19,2025,1220,805,210,297,1728,6.91047639506173,7.40191778688525,6.16568322981366,6.42952380952381,6.74883838383838,6.93825792824074,109
"112",2017,10,6.9495,20,7.90909090909091,5.77666666666667,5.66666666666667,7,6.94684210526316,11,9,3,1,19,2045,1231,814,213,298,1747,6.91085804400978,7.40644979691308,6.16138206388206,6.41877934272301,6.74968120805369,6.93835128792215,110
"113",2017,11,7.35206666666667,15,7.27341666666667,7.66666666666667,6,6.5,7.48315384615385,12,3,1,2,13,2060,1243,817,214,300,1760,6.91407072815534,7.40516548672566,6.1669094247246,6.41682242990654,6.74801666666667,6.94237539772727,111
"114",2017,12,7.21578947368421,19,7.26,7.16666666666667,7,7.33333333333333,7.19375,10,9,1,3,16,2079,1253,826,215,303,1776,6.91682813852814,7.40400694333599,6.17780266343826,6.41953488372093,6.75381188118812,6.94464003378379,112
"115",2018,1,7.362,30,7.66083333333333,6.16666666666667,NA,6.75,7.40571428571429,24,6,0,2,28,2109,1277,832,215,305,1804,6.92316059743955,7.40883375097886,6.17772235576923,6.41953488372093,6.7537868852459,6.95179639689579,113
"116",2018,2,6.476,25,7.14117647058824,5.0625,5.33333333333333,6.7,6.45652173913043,17,8,3,2,23,2134,1294,840,218,307,1827,6.91792207122774,7.40531738794436,6.16710119047619,6.4045871559633,6.75343648208469,6.94556141215107,114
"117",2018,3,7.38555555555556,18,7.495,7.16666666666667,7,7,7.43375,12,6,1,2,16,2152,1306,846,219,309,1843,6.92183350371748,7.40614142419602,6.1741903073286,6.40730593607306,6.75503236245955,6.94979962018448,115
"118",2018,4,6.88235294117647,17,7.5,5.4,5.16666666666667,5.5,7.17857142857143,12,5,3,3,14,2169,1318,851,222,312,1857,6.92152406639004,7.40699597875569,6.16964159811986,6.39054054054054,6.74296474358974,6.95152434033387,116
"119",2018,5,6.96153846153846,13,7.38888888888889,6,5.5,9,6.79166666666667,9,4,2,1,12,2182,1327,855,224,313,1869,6.92176246562787,7.40687317256971,6.16884795321637,6.38258928571429,6.75017571884984,6.95049796682718,117
"120",2018,6,7.15625,16,7.85,6,8,6.5,7.30769230769231,10,6,1,3,13,2198,1337,861,225,316,1882,6.92346938125569,7.41018750934929,6.16767131242741,6.38977777777778,6.74780063291139,6.95296530286929,118
"121",2018,7,7.425,10,8,6.85,NA,NA,7.425,5,5,0,0,10,2208,1342,866,225,316,1892,6.92574080615942,7.41238502235469,6.17161085450346,6.38977777777778,6.74780063291139,6.95546020084567,119
"122",2018,8,7.32352941176471,17,7.66666666666667,6.5,10,6.5,7.43333333333333,12,5,1,2,15,2225,1354,871,226,318,1907,6.92878008988764,7.41463862629247,6.17349598163031,6.40575221238938,6.74624213836478,6.95921903513372,120
"123",2018,9,6.75384615384615,13,7.5,4.26666666666667,NA,NA,6.75384615384615,10,3,0,0,13,2238,1364,874,226,318,1920,6.92776394101877,7.41526444281525,6.16695080091533,6.40575221238938,6.74624213836478,6.95782848958333,121
"124",2018,10,7.0375,24,7.44210526315789,5.5,5,9,6.95217391304348,19,5,3,1,23,2262,1383,879,229,319,1943,6.92892824933687,7.41563318872017,6.16315699658703,6.38733624454149,6.75330721003135,6.95776155429748,122
"125",2018,11,7.15555555555556,9,7.375,6.98,6,NA,7.15555555555556,4,5,1,0,9,2271,1387,884,230,319,1952,6.9298263760458,7.41551600576784,6.16777714932127,6.38565217391304,6.75330721003135,6.95867351434426,123
"126",2018,12,7.38235294117647,17,7.65384615384615,6.5,8,8,7.25,13,4,1,3,14,2288,1400,888,231,322,1966,6.93318868006993,7.41772907142857,6.16927364864865,6.39264069264069,6.76492236024845,6.96074806714141,124
"127",2019,1,7.00559129032258,31,7.2586665,6.54545454545455,7,6.66666666666667,7.04190464285714,20,11,2,3,28,2319,1420,899,233,325,1994,6.93415654592497,7.41548875352113,6.1738765294772,6.39785407725322,6.76401538461538,6.9618876780341,125
"128",2019,2,7.12,10,7.53333333333333,6.5,NA,NA,7.12,6,4,0,0,10,2329,1426,903,233,325,2004,6.93495449978532,7.41598459326788,6.1753211517165,6.39785407725322,6.76401538461538,6.96267666167665,126
"129",2019,3,7.36470588235294,17,7.58571428571429,6.33333333333333,NA,NA,7.36470588235294,14,3,0,0,17,2346,1440,906,233,325,2021,6.93806864023871,7.41763474305556,6.17584437086093,6.39785407725322,6.76401538461538,6.9660584017813,127
"130",2019,4,6.825,16,6.91111111111111,6.71428571428571,6,6.625,6.89166666666667,9,7,2,4,12,2362,1449,913,235,329,2033,6.93730272226927,7.41448863354037,6.1799726177437,6.39446808510638,6.76232522796353,6.965619296606,128
"131",2019,5,7.44117647058824,17,7.89285714285714,5.33333333333333,1,1,7.84375,14,3,1,1,16,2379,1463,916,236,330,2049,6.94090333333334,7.41906632262474,6.17719978165939,6.37161016949153,6.74486363636364,6.97247634455832,129
"132",2019,6,6.22222222222222,9,6.25,6.2,NA,NA,6.22222222222222,4,5,0,0,9,2388,1467,921,236,330,2058,6.93819473618091,7.41587868438991,6.17732356134636,6.37161016949153,6.74486363636364,6.96919534985423,130
"133",2019,7,6.96818181818182,22,7.11764705882353,6.46,6.5,7.66666666666667,6.85789473684211,17,5,2,3,19,2410,1484,926,238,333,2077,6.93846847717843,7.41246228436658,6.17884989200864,6.37268907563025,6.75316816816817,6.96817719306692,131
"134",2019,8,6.97413793103448,29,7.25,6.10714285714286,5.5,NA,6.97413793103448,22,7,2,0,29,2439,1506,933,240,333,2106,6.93889259122591,7.41008899734396,6.17831189710611,6.36541666666667,6.75316816816817,6.96825927350427,132
"135",2019,9,6.03333333333333,15,6.94444444444444,4.66666666666667,4.66666666666667,3.5,6.42307692307692,9,6,3,2,13,2454,1515,939,243,335,2119,6.93335738793806,7.40732279207921,6.16865282215122,6.34444444444444,6.73374626865672,6.96491459650779,133
"136",2019,10,6.30555555555556,18,6.65,5.875,5,NA,6.30555555555556,10,8,2,0,18,2472,1525,947,245,335,2137,6.92878601537217,7.40235674098361,6.16617212249208,6.3334693877551,6.73374626865672,6.95936080018718,134
"137",2019,11,7.15789473684211,19,7.25,6.66666666666667,NA,NA,7.15789473684211,16,3,0,0,19,2491,1541,950,245,335,2156,6.93053353271779,7.40077484101233,6.16775263157895,6.3334693877551,6.73374626865672,6.96111040352505,135
"138",2019,12,6.94166666666667,18,7.43666666666667,4.46666666666667,6.5,5.9,7.00294117647059,15,3,1,1,17,2509,1556,953,246,336,2173,6.93061340374651,7.40112084190231,6.16239769150052,6.33414634146341,6.73126488095238,6.9614376576162,136
"139",2020,1,6.40384615384615,26,6.625,5.66666666666667,NA,7.66666666666667,6.23913043478261,20,6,0,3,23,2535,1576,959,246,339,2196,6.9252106627219,7.39127159263959,6.15929614181439,6.33414634146341,6.73954277286136,6.95387250910747,137
"140",2020,2,6.8625,20,7.31666666666667,5.5,5,4.5,7.125,15,5,1,2,18,2555,1591,964,247,341,2214,6.92471977690803,7.39056821495915,6.1558765560166,6.32874493927125,6.72640762463343,6.95526378952123,138
"141",2020,3,6.59523809523809,21,7.22727272727273,5.9,4,6.5,6.60526315789474,11,10,2,2,19,2576,1602,974,249,343,2233,6.92203378493789,7.38944696004994,6.15324948665298,6.31004016064257,6.72508746355685,6.95228572772056,139
"142",2020,4,7.38461538461539,13,7.77777777777778,6.5,NA,NA,7.38461538461539,9,4,0,0,13,2589,1611,978,249,343,2246,6.92435651989185,7.39161640595903,6.15466768916155,6.31004016064257,6.72508746355685,6.95478808103295,140
"143",2020,5,6.63636363636364,11,7.07142857142857,5.875,5.5,NA,6.63636363636364,7,4,1,0,11,2600,1618,982,250,343,2257,6.92313808846154,7.39023116810878,6.15352851323829,6.3068,6.72508746355685,6.95323616747896,141
"144",2020,6,6.39230769230769,13,6.45555555555556,6.25,NA,5.43333333333333,6.68,9,4,0,3,10,2613,1627,986,250,346,2267,6.92049714121699,7.38506086662569,6.15391987829615,6.3068,6.71388728323699,6.95203089104544,142
"145",2020,7,6.54166666666667,12,7.5625,4.5,4.25,5.5,7.0625,8,4,2,4,8,2625,1635,990,252,350,2275,6.91876534476191,7.38592907033639,6.14723737373737,6.29047619047619,6.70001428571429,6.95241935384615,143
"146",2020,8,6.53333333333333,15,7.3125,5.64285714285714,5.625,7,6.5,8,7,4,1,14,2640,1643,997,256,351,2289,6.91657539015152,7.38557153377967,6.14369608826479,6.280078125,6.70086894586895,6.94965226299694,144
"147",2020,9,6.4,14,6.63333333333333,5,NA,NA,6.4,12,2,0,0,14,2654,1655,999,256,351,2303,6.91385042577242,7.3801172386707,6.14140640640641,6.280078125,6.70086894586895,6.9463109118541,145
"148",2020,10,6,12,7,5.28571428571429,4,6,6,5,7,3,1,11,2666,1660,1006,259,352,2314,6.90973707051763,7.37897230722892,6.13545228628231,6.25366795366795,6.69887784090909,6.94181245894555,146
"149",2020,11,6.85294117647059,17,7.07692307692308,6.125,NA,4,7.03125,13,4,0,1,16,2683,1673,1010,259,353,2330,6.90937720089452,7.3766252420801,6.13541089108911,6.25366795366795,6.69123229461756,6.9424266223176,147
"150",2020,12,6.72727272727273,11,7.35714285714286,5.625,NA,4,7,7,4,0,1,10,2694,1680,1014,259,354,2340,6.90863364142539,7.37654406547619,6.13339743589744,6.25366795366795,6.68362994350283,6.94267266239316,148
"151",2021,1,7.06543222222222,27,7.264815,6.66666666666667,7,NA,7.06543222222222,18,9,4,0,27,2721,1698,1023,263,354,2367,6.91018952590959,7.37535965842167,6.1380889540567,6.26501901140684,6.68362994350283,6.94407296155471,149
"152",2021,2,6.765,10,7.18,6.35,7,8,6.62777777777778,5,5,1,1,9,2731,1703,1028,264,355,2376,6.90965789088246,7.37478608338227,6.13911964980545,6.26780303030303,6.68733802816901,6.94287487373738,150
"153",2021,3,6.60375,16,7.066,5.83333333333333,6,NA,6.60375,10,6,1,0,16,2747,1713,1034,265,355,2392,6.90787611940299,7.37298347927613,6.13734526112186,6.26679245283019,6.68733802816901,6.94060647993311,151
"154",2021,4,6.625,8,6.66666666666667,6.5,5,NA,6.625,6,2,1,0,8,2755,1719,1036,266,355,2400,6.90705470054447,7.37051815008726,6.13804536679537,6.26203007518797,6.68733802816901,6.93955445833334,152
"155",2021,5,7.60333333333333,12,7.60333333333333,NA,NA,7,7.65818181818182,12,0,0,1,11,2767,1731,1036,266,356,2411,6.91007434044091,7.37213212016176,6.13804536679537,6.26203007518797,6.68821629213483,6.94283313977603,153
"156",2021,6,6.7,10,7,6,NA,6.5,6.75,7,3,0,2,8,2777,1738,1039,266,358,2419,6.90931786100108,7.3706333141542,6.13764677574591,6.26203007518797,6.68716480446927,6.942195411327,154
"157",2021,7,6.32142857142857,14,6.5,6,5.66666666666667,9,6.11538461538461,9,5,3,1,13,2791,1747,1044,269,359,2432,6.90636893586528,7.36614808242702,6.13698754789272,6.25539033457249,6.69360724233983,6.93777578125,155
"158",2021,8,6.52307692307692,13,7.5375,4.9,NA,3.5,6.775,8,5,0,1,12,2804,1755,1049,269,360,2444,6.90459190442226,7.36692917378917,6.13109151572927,6.25539033457249,6.68473611111111,6.93697655482815,156
"159",2021,9,7.29385384615385,13,7.38888888888889,7.080025,NA,7.5,7.25637272727273,9,4,0,2,11,2817,1764,1053,269,362,2455,6.90638828541001,7.36704121315193,6.13469620132953,6.25539033457249,6.68924033149171,6.93840765784114,157
"160",2021,10,6.62,10,6.9,5.5,5,NA,6.62,8,2,1,0,10,2827,1772,1055,270,362,2465,6.90537523876902,7.36493267494357,6.13349298578199,6.25074074074074,6.68924033149171,6.93711594320487,158
"161",2021,11,7.47222222222222,18,7.59375,6.5,7,8,7.36666666666667,16,2,1,3,15,2845,1788,1057,271,365,2480,6.90896161687171,7.36698025727069,6.13418647114475,6.25350553505535,6.70001369863014,6.93971403225807,159
"162",2021,12,6.7952380952381,21,7.23125,5.4,NA,7.5,6.72105263157895,16,5,0,2,19,2866,1804,1062,271,367,2499,6.90812833217027,7.36577644124169,6.13072984934087,6.25350553505535,6.70437329700272,6.93805154061625,160
"163",2022,1,7.14285714285714,28,7.4,6.5,7.25,7.5,7.11538461538461,20,8,2,2,26,2894,1824,1070,273,369,2525,6.9103993780235,7.3661516995614,6.13349074766355,6.26080586080586,6.70868563685637,6.93987754455446,161
"164",2022,2,6.95454545454545,11,8,5.7,4.75,NA,6.95454545454545,6,5,2,0,11,2905,1830,1075,275,369,2536,6.91056654044751,7.36822989071038,6.13147451162791,6.24981818181818,6.70868563685637,6.93994116719243,162
"165",2022,3,7.0625,8,7.07142857142857,7,NA,NA,7.0625,7,1,0,0,8,2913,1837,1076,275,369,2544,6.91098379677309,7.36709891126837,6.13228169144981,6.24981818181818,6.70868563685637,6.94032657232705,163
"166",2022,4,7.08333333333333,30,7.58695652173913,5.42857142857143,5.33333333333333,5.5,7.19642857142857,23,7,3,2,28,2943,1860,1083,278,371,2572,6.91274067278288,7.36981758064516,6.12773324099723,6.23992805755396,6.70216981132076,6.94311461897356,164
"167",2022,5,7.25947368421053,19,7.495,6.6,6,7.1,7.289375,14,5,2,3,16,2962,1874,1088,280,374,2588,6.91496482106685,7.37075277481324,6.12990358455882,6.23821428571429,6.70536096256685,6.94525533230294,165
"168",2022,6,6.5,14,7.3125,5.41666666666667,6,6.63333333333333,6.46363636363636,8,6,1,3,11,2976,1882,1094,281,377,2599,6.91301270161291,7.37050515409139,6.12599186471664,6.23736654804271,6.70478779840849,6.94321692958831,166
"169",2022,7,7.7,16,7.87142857142857,6.5,6,7,7.74666666666667,14,2,1,1,15,2992,1896,1096,282,378,2614,6.91722118983958,7.3742039556962,6.12667436131387,6.23652482269504,6.70556878306878,6.94782739097169,167
"170",2022,8,7.13235294117647,17,7.07142857142857,7.41666666666667,NA,NA,7.13235294117647,14,3,0,0,17,3009,1910,1099,282,378,2631,6.91843662346295,7.37198465968587,6.13019572338489,6.23652482269504,6.70556878306878,6.94901968833144,168
"171",2022,9,7.3,20,7.46875,6.625,NA,7.75,7.1875,16,4,0,4,16,3029,1926,1103,282,382,2647,6.92095602509079,7.37278852544133,6.13199011786038,6.23652482269504,6.71650523560209,6.95046120136003,169
"172",2022,10,7.1875,16,7.23076923076923,7,4,7,7.2,13,3,1,1,15,3045,1939,1106,283,383,2662,6.92235658456486,7.37183635894791,6.13434457504521,6.22862190812721,6.7172454308094,6.95186731780616,170
"173",2022,11,7.39285714285714,14,7.59090909090909,6.66666666666667,6,9.5,7.04166666666667,11,3,1,2,12,3059,1950,1109,284,385,2674,6.92450990519778,7.37307215384616,6.13578458070334,6.22781690140845,6.7317012987013,6.9522703066567,171
"174",2022,12,6.625,16,7.11111111111111,6,6.33333333333333,6.5,6.64285714285714,9,7,3,2,14,3075,1959,1116,287,387,2688,6.9229514796748,7.37186865747831,6.13493288530466,6.22891986062718,6.73050387596899,6.95065877976191,172
