"","year","month","avg_rating","no_ratings","avg_rating_owned","avg_rating_not_owned","avg_rating_prev_owned","avg_rating_comment","avg_rating_no_comment","no_ratings_owned","no_ratings_not_owned","no_ratings_prev_owned","no_ratings_comment","no_ratings_no_comment","cum_no_ratings","cum_no_ratings_owned","cum_no_ratings_not_owned","cum_no_ratings_prev_owned","cum_no_ratings_comment","cum_no_ratings_no_comment","cum_avg_rating","cum_avg_rating_owned","cum_avg_rating_not_owned","cum_avg_rating_prev_owned","cum_avg_rating_comment","cum_avg_rating_no_comment","month_after_release"
"1",2001,5,6,1,6,NA,NA,NA,6,1,0,0,0,1,1,1,0,0,0,1,6,6,NA,NA,NA,6,0
"2",2001,6,5.66666666666667,3,6.5,4,NA,NA,5.66666666666667,2,1,0,0,3,4,3,1,0,0,4,5.75,6.33333333333333,4,NA,NA,5.75,1
"3",2001,7,7,1,NA,7,NA,NA,7,0,1,0,0,1,5,3,2,0,0,5,6,6.33333333333333,5.5,NA,NA,6,2
"4",2001,8,7,1,7,NA,NA,NA,7,1,0,0,0,1,6,4,2,0,0,6,6.16666666666667,6.5,5.5,NA,NA,6.16666666666667,3
"5",2001,11,5.5,2,5.5,NA,NA,NA,5.5,2,0,0,0,2,8,6,2,0,0,8,6,6.16666666666667,5.5,NA,NA,6,6
"6",2001,12,8,1,8,NA,NA,NA,8,1,0,0,0,1,9,7,2,0,0,9,6.22222222222222,6.42857142857143,5.5,NA,NA,6.22222222222222,7
"7",2002,3,6,1,NA,6,NA,NA,6,0,1,0,0,1,10,7,3,0,0,10,6.2,6.42857142857143,5.66666666666667,NA,NA,6.2,10
"8",2002,4,7,2,7,NA,NA,8,6,2,0,0,1,1,12,9,3,0,1,11,6.33333333333333,6.55555555555556,5.66666666666667,NA,8,6.18181818181818,11
"9",2002,6,6.6,5,6.66666666666667,6.5,6,6,6.75,3,2,1,1,4,17,12,5,1,2,15,6.41176470588235,6.58333333333333,6,6,7,6.33333333333333,13
"10",2002,7,8,2,8,NA,NA,7,9,2,0,0,1,1,19,14,5,1,3,16,6.57894736842105,6.78571428571429,6,6,7,6.5,14
"11",2002,8,6.5,2,NA,6.5,NA,NA,6.5,0,2,0,0,2,21,14,7,1,3,18,6.57142857142857,6.78571428571429,6.14285714285714,6,7,6.5,15
"12",2002,9,7,1,7,NA,NA,NA,7,1,0,0,0,1,22,15,7,1,3,19,6.59090909090909,6.8,6.14285714285714,6,7,6.52631578947368,16
"13",2002,10,7,3,8,5,5,8,5,2,1,1,2,1,25,17,8,2,5,20,6.64,6.94117647058824,6,5.5,7.4,6.45,17
"14",2002,12,6.66666666666667,3,6.66666666666667,NA,NA,NA,6.66666666666667,3,0,0,0,3,28,20,8,2,5,23,6.64285714285714,6.9,6,5.5,7.4,6.47826086956522,19
"15",2003,2,8,2,8,NA,NA,8,8,2,0,0,1,1,30,22,8,2,6,24,6.73333333333333,7,6,5.5,7.5,6.54166666666667,21
"16",2003,3,7.33333333333333,3,6,8,8,6,8,1,2,1,1,2,33,23,10,3,7,26,6.78787878787879,6.95652173913043,6.4,6.33333333333333,7.28571428571429,6.65384615384615,22
"17",2003,4,8,3,8,NA,NA,9,7.5,3,0,0,1,2,36,26,10,3,8,28,6.88888888888889,7.07692307692308,6.4,6.33333333333333,7.5,6.71428571428571,23
"18",2003,5,8.16666666666667,3,8.5,8,NA,8.16666666666667,NA,1,2,0,3,0,39,27,12,3,11,28,6.98717948717949,7.12962962962963,6.66666666666667,6.33333333333333,7.68181818181818,6.71428571428571,24
"19",2003,6,6.33333333333333,3,6.33333333333333,NA,NA,7,6,3,0,0,1,2,42,30,12,3,12,30,6.94047619047619,7.05,6.66666666666667,6.33333333333333,7.625,6.66666666666667,25
"20",2003,7,6.9875,20,7.45,5.6,4,7.25,6.921875,15,5,1,4,16,62,45,17,4,16,46,6.95564516129032,7.18333333333333,6.35294117647059,5.75,7.53125,6.7554347826087,26
"21",2003,8,6,4,7,5.66666666666667,NA,5.5,6.5,1,3,0,2,2,66,46,20,4,18,48,6.89772727272727,7.17934782608696,6.25,5.75,7.30555555555556,6.74479166666667,27
"22",2003,9,7.625,4,7.33333333333333,8.5,NA,NA,7.625,3,1,0,0,4,70,49,21,4,18,52,6.93928571428571,7.18877551020408,6.35714285714286,5.75,7.30555555555556,6.8125,28
"23",2003,10,6.5,4,7,5,NA,7,6.33333333333333,3,1,0,1,3,74,52,22,4,19,55,6.91554054054054,7.17788461538461,6.29545454545455,5.75,7.28947368421053,6.78636363636364,29
"24",2003,11,6.5,4,6.66666666666667,6,6,6.5,6.5,3,1,1,2,2,78,55,23,5,21,57,6.89423076923077,7.15,6.28260869565217,5.8,7.21428571428571,6.77631578947368,30
"25",2003,12,5,2,7,3,NA,3,7,1,1,0,1,1,80,56,24,5,22,58,6.846875,7.14732142857143,6.14583333333333,5.8,7.02272727272727,6.7801724137931,31
"26",2004,1,6.75,4,6.75,NA,NA,8,6.33333333333333,4,0,0,1,3,84,60,24,5,23,61,6.84226190476191,7.12083333333333,6.14583333333333,5.8,7.06521739130435,6.75819672131148,32
"27",2004,2,7.1,5,6.875,8,NA,6.83333333333333,7.5,4,1,0,3,2,89,64,25,5,26,63,6.85674157303371,7.10546875,6.22,5.8,7.03846153846154,6.78174603174603,33
"28",2004,3,6.5,4,6.5,6.5,NA,6.5,6.5,3,1,0,2,2,93,67,26,5,28,65,6.84139784946237,7.07835820895522,6.23076923076923,5.8,7,6.77307692307692,34
"29",2004,4,6.75,10,7,6.16666666666667,NA,7.33333333333333,6.5,7,3,0,3,7,103,74,29,5,31,72,6.83252427184466,7.07094594594595,6.22413793103448,5.8,7.03225806451613,6.74652777777778,35
"30",2004,5,6.75,4,8,5.5,NA,6.33333333333333,8,2,2,0,3,1,107,76,31,5,34,73,6.82943925233645,7.09539473684211,6.17741935483871,5.8,6.97058823529412,6.76369863013699,36
"31",2004,6,6.5,2,7,6,NA,NA,6.5,1,1,0,0,2,109,77,32,5,34,75,6.82339449541284,7.09415584415584,6.171875,5.8,6.97058823529412,6.75666666666667,37
"32",2004,8,6.52857142857143,7,6.45,7,NA,6.56666666666667,6.5,6,1,0,3,4,116,83,33,5,37,79,6.80560344827586,7.04759036144578,6.1969696969697,5.8,6.93783783783784,6.74367088607595,39
"33",2004,9,8,1,8,NA,NA,8,NA,1,0,0,1,0,117,84,33,5,38,79,6.81581196581197,7.05892857142857,6.1969696969697,5.8,6.96578947368421,6.74367088607595,40
"34",2004,10,6,1,NA,6,NA,6,NA,0,1,0,1,0,118,84,34,5,39,79,6.80889830508475,7.05892857142857,6.19117647058824,5.8,6.94102564102564,6.74367088607595,41
"35",2004,11,7,9,7.41666666666667,6.16666666666667,NA,6.625,7.3,6,3,0,4,5,127,90,37,5,43,84,6.82244094488189,7.08277777777778,6.18918918918919,5.8,6.91162790697674,6.77678571428571,42
"36",2004,12,6.45833333333333,12,7.16666666666667,4.33333333333333,NA,6.3125,6.75,9,3,0,8,4,139,99,40,5,51,88,6.7910071942446,7.09040404040404,6.05,5.8,6.81764705882353,6.77556818181818,43
"37",2005,1,6.88888888888889,9,7,6.5,NA,7,6.875,7,2,0,1,8,148,106,42,5,52,96,6.79695945945946,7.08443396226415,6.07142857142857,5.8,6.82115384615385,6.78385416666667,44
"38",2005,2,6.8,16,6.90769230769231,6.33333333333333,6,6.8,6.8,13,3,1,5,11,164,119,45,6,57,107,6.79725609756098,7.06512605042017,6.08888888888889,5.83333333333333,6.81929824561403,6.78551401869159,45
"39",2005,3,7,5,7,NA,NA,9,6.5,5,0,0,1,4,169,124,45,6,58,111,6.80325443786982,7.0625,6.08888888888889,5.83333333333333,6.85689655172414,6.77522522522522,46
"40",2005,4,7.05555555555556,9,7.07142857142857,7,NA,7.25,6.66666666666667,7,2,0,6,3,178,131,47,6,64,114,6.81601123595506,7.06297709923664,6.12765957446809,5.83333333333333,6.89375,6.77236842105263,47
"41",2005,5,6.125,8,7,5.25,6,6,6.25,4,4,1,4,4,186,135,51,7,68,118,6.78629032258065,7.06111111111111,6.05882352941176,5.85714285714286,6.84117647058823,6.75466101694915,48
"42",2005,6,6.1,10,6.66666666666667,5.25,NA,6.14285714285714,6,6,4,0,7,3,196,141,55,7,75,121,6.75127551020408,7.04432624113475,6,5.85714285714286,6.776,6.73595041322314,49
"43",2005,7,6.2,5,6.66666666666667,5.5,NA,6.5,6,3,2,0,2,3,201,144,57,7,77,124,6.73756218905473,7.03645833333333,5.98245614035088,5.85714285714286,6.76883116883117,6.71814516129032,50
"44",2005,8,7.21666666666667,12,7.36,6.5,NA,6.75,7.45,10,2,0,4,8,213,154,59,7,81,132,6.76455399061033,7.05746753246753,6,5.85714285714286,6.7679012345679,6.7625,51
"45",2005,9,6.49,10,7.3,5.68,6.3,6.54444444444444,6,5,5,3,9,1,223,159,64,10,90,133,6.75224215246637,7.06509433962264,5.975,5.99,6.74555555555556,6.75676691729323,52
"46",2005,10,6.25,8,7,5.5,6,6.125,6.375,4,4,1,4,4,231,163,68,11,94,137,6.73484848484848,7.06349693251534,5.94705882352941,5.99090909090909,6.71914893617021,6.7456204379562,53
"47",2005,11,6.48571428571429,14,7.22222222222222,5.16,4,6.14285714285714,6.82857142857143,9,5,2,7,7,245,172,73,13,101,144,6.72061224489796,7.07180232558139,5.89315068493151,5.68461538461538,6.67920792079208,6.74965277777778,54
"48",2005,12,6.69411764705882,17,6.72727272727273,6.63333333333333,7,6.9,6.55,11,6,1,7,10,262,183,79,14,108,154,6.71889312977099,7.05109289617486,5.94936708860759,5.77857142857143,6.69351851851852,6.73668831168831,55
"49",2006,1,6.5,9,6.5625,6,6,6.33333333333333,6.83333333333333,8,1,1,6,3,271,191,80,15,114,157,6.71162361623616,7.03062827225131,5.95,5.79333333333333,6.67456140350877,6.73853503184713,56
"50",2006,2,7.07142857142857,14,7,7.5,5,7.375,6.66666666666667,12,2,1,8,6,285,203,82,16,122,163,6.72929824561403,7.02881773399015,5.98780487804878,5.74375,6.72049180327869,6.73588957055215,57
"51",2006,3,6.42647058823529,17,6.38888888888889,6.46875,6,6.25,6.55,9,8,1,7,10,302,212,90,17,129,173,6.71225165562914,7.00165094339623,6.03055555555556,5.75882352941176,6.69496124031008,6.72514450867052,58
"52",2006,4,6.8,5,7.33333333333333,6,6,7,6,3,2,1,4,1,307,215,92,18,133,174,6.71368078175896,7.00627906976744,6.02989130434783,5.77222222222222,6.70413533834586,6.72097701149425,59
"53",2006,5,7.08333333333333,6,7.08333333333333,NA,NA,7.5,6.875,6,0,0,2,4,313,221,92,18,135,178,6.72076677316294,7.00837104072398,6.02989130434783,5.77222222222222,6.71592592592593,6.72443820224719,60
"54",2006,6,6.37333333333333,12,6.91333333333333,5.83333333333333,6,6.41666666666667,6.33,6,6,1,6,6,325,227,98,19,141,184,6.70793846153846,7.005859030837,6.01785714285714,5.78421052631579,6.7031914893617,6.71157608695652,61
"55",2006,7,6.73611111111111,18,6.82692307692308,6.5,NA,6.775,6.6875,13,5,0,10,8,343,240,103,19,151,192,6.70941690962099,6.99616666666667,6.04126213592233,5.78421052631579,6.70794701986755,6.71057291666667,62
"56",2006,8,6.95,10,6.75,7.25,NA,6.91666666666667,7,6,4,0,6,4,353,246,107,19,157,196,6.71623229461756,6.99016260162602,6.08644859813084,5.78421052631579,6.71592356687898,6.71647959183673,63
"57",2006,9,6.91666666666667,6,6.91666666666667,NA,NA,6.8,7.5,6,0,0,5,1,359,252,107,19,162,197,6.71958217270195,6.9884126984127,6.08644859813084,5.78421052631579,6.71851851851852,6.72045685279188,64
"58",2006,10,6.7,10,6.83333333333333,6.5,NA,6.2,7.2,6,4,0,5,5,369,258,111,19,167,202,6.7190514905149,6.98480620155039,6.10135135135135,5.78421052631579,6.70299401197605,6.73232673267327,65
"59",2006,11,6.7525,8,7.00333333333333,6,6,7.26,6.58333333333333,6,2,1,2,6,377,264,113,20,169,208,6.71976127320955,6.98522727272727,6.09955752212389,5.795,6.70958579881657,6.72802884615385,66
"60",2006,12,6.88235294117647,17,7.18181818181818,6.33333333333333,NA,7.3,6.70833333333333,11,6,0,5,12,394,275,119,20,174,220,6.72677664974619,6.99309090909091,6.11134453781513,5.795,6.72655172413793,6.72695454545454,67
"61",2007,1,6.94444444444444,9,6.92857142857143,7,NA,6.875,7,7,2,0,4,5,403,282,121,20,178,225,6.73163771712159,6.99148936170213,6.12603305785124,5.795,6.72988764044944,6.73302222222222,68
"62",2007,2,6.82613222222222,9,7.29166666666667,5.89506333333333,5,7.66666666666667,6.405865,6,3,1,3,6,412,288,124,21,181,231,6.73370191747573,6.99774305555556,6.12044508064516,5.75714285714286,6.74541436464088,6.72452463203463,69
"63",2007,3,6.625,12,7,5.875,6.5,6.8125,6.25,8,4,1,8,4,424,296,128,22,189,235,6.73062544811321,6.99780405405405,6.112774921875,5.79090909090909,6.74825396825397,6.71644761702128,70
"64",2007,4,6.77272727272727,11,6.9375,6.33333333333333,NA,7,6.58333333333333,8,3,0,5,6,435,304,131,22,194,241,6.73169009195402,6.99621710526316,6.1178258778626,5.79090909090909,6.75474226804124,6.71313356846473,71
"65",2007,5,6.5,13,7.5,5.64285714285714,5.25,6.5,6.5,6,7,2,5,8,448,310,138,24,199,249,6.72496694196429,7.00596774193548,6.09373326086957,5.74583333333333,6.74834170854271,6.70628590361446,72
"66",2007,6,6.70833333333333,12,6.78571428571429,6.6,NA,6,6.85,7,5,0,2,10,460,317,143,24,201,259,6.72453302173913,7.00110410094637,6.1114348951049,5.74583333333333,6.74089552238806,6.71183471042471,73
"67",2007,7,6.72222222222222,9,7.42857142857143,4.25,NA,6.8,6.625,7,2,0,5,4,469,324,145,24,206,263,6.72448867803838,7.01033950617284,6.08575993103448,5.74583333333333,6.74233009708738,6.71051403041825,74
"68",2007,8,6.91666666666667,15,7.075,6.6,6,7.25,6.625,10,5,2,7,8,484,334,150,26,213,271,6.73044460743802,7.0122754491018,6.10290126666667,5.76538461538462,6.75901408450704,6.70798963099631,75
"69",2007,9,6.325,8,6.4,6.25,NA,6,6.52,4,4,0,3,5,492,338,154,26,216,276,6.72385201219512,7.00502958579882,6.10672201298701,5.76538461538462,6.74847222222222,6.70458402173913,76
"70",2007,10,6.97222222222222,18,7.25,6.41666666666667,7,7.57142857142857,6.59090909090909,12,6,1,7,11,510,350,160,27,223,287,6.73261801960784,7.01342857142857,6.1183449375,5.81111111111111,6.77430493273543,6.70022714285714,77
"71",2007,11,6.15714285714286,14,6.41666666666667,5.9625,NA,6.67142857142857,5.64285714285714,6,8,0,7,7,524,356,168,27,230,294,6.71724272900763,7.00337078651685,6.11092375,5.81111111111111,6.77117391304348,6.67505166666667,78
"72",2007,12,6.52631578947368,19,7.08333333333333,5.57142857142857,6.5,6.77777777777778,6.3,12,7,1,9,10,543,368,175,28,239,304,6.71056204419889,7.00597826086956,6.08934394285714,5.83571428571429,6.77142259414226,6.66271444078947,79
"73",2008,1,6.77777777777778,27,6.97368421052632,6.3125,6.5,6.71428571428571,6.84615384615385,19,8,2,14,13,570,387,183,30,253,317,6.71374594736842,7.00439276485788,6.0990993989071,5.88,6.76826086956522,6.67023719242902,80
"74",2008,2,6.425,20,6.71538461538462,5.88571428571429,NA,5.7,6.60625,13,7,0,4,16,590,400,190,30,257,333,6.70395794915254,6.995,6.09123784210526,5.88,6.75163424124514,6.66716273273273,81
"75",2008,3,5.83846153846154,13,5.8,5.96666666666667,NA,6.5,5.71818181818182,10,3,0,2,11,603,410,193,30,259,344,6.6852988225539,6.96585365853659,6.08930150259067,5.88,6.74969111969112,6.6368174127907,82
"76",2008,4,6.49166666666667,12,6.65555555555556,6,7,6.6125,6.25,9,3,1,8,4,615,419,196,31,267,348,6.68152063414634,6.95918854415275,6.08793464285714,5.91612903225806,6.74558052434457,6.63237123563218,83
"77",2008,5,6.61875,16,6.97,6.03333333333333,NA,6.52857142857143,6.68888888888889,10,6,0,7,9,631,429,202,31,274,357,6.67992898573693,6.95944055944056,6.08631282178218,5.91612903225806,6.74003649635037,6.63379605042017,84
"78",2008,6,6.44615384615385,13,6.725,6,6,6.47142857142857,6.41666666666667,8,5,2,7,6,644,437,207,33,281,363,6.67520992236025,6.95514874141876,6.08422797101449,5.92121212121212,6.73334519572954,6.63020713498623,85
"79",2008,7,6.40769230769231,13,6.66,6.25,6.33333333333333,6.2,6.5375,5,8,6,5,8,657,442,215,39,286,371,6.66991657534247,6.95180995475113,6.09039623255814,5.98461538461539,6.72402097902098,6.62820805929919,86
"80",2008,8,7,13,7.07142857142857,6.91666666666667,6.5,6.75,7.11111111111111,7,6,2,4,9,670,449,221,41,290,380,6.67632117910448,6.95367483296214,6.11282891402715,6.00975609756098,6.72437931034483,6.6396452368421,87
"81",2008,9,6.94166666666667,12,7.18,5.75,5.75,7.8,6.32857142857143,10,2,2,5,7,682,459,223,43,295,387,6.68099001466276,6.95860566448802,6.10957484304933,5.99767441860465,6.74261016949153,6.63401857881137,88
"82",2008,10,6.4,21,6.44444444444444,6.36666666666667,6.1,6.14285714285714,6.52857142857143,9,12,4,7,14,703,468,235,47,302,401,6.67259628733997,6.94871794871795,6.12270293617021,6.0063829787234,6.72870860927152,6.63033713216958,89
"83",2008,11,6.625,14,6.85,6.0625,5.5,6.75,6.60416666666667,10,4,2,2,12,717,478,239,49,304,413,6.67166693165969,6.94665271966527,6.12169535564854,5.98571428571429,6.72884868421053,6.62957673123487,90
"84",2008,12,6.57692307692308,13,6.66666666666667,6.5,4.5,6.2,6.8125,6,7,2,5,8,730,484,246,51,309,421,6.66997971232877,6.94318181818182,6.13246012195122,5.92745098039216,6.72029126213592,6.63305270783848,91
"85",2009,1,6.80625,16,6.60769230769231,7.66666666666667,7.5,6.625,6.86666666666667,13,3,2,4,12,746,497,249,53,313,433,6.67290239946381,6.93440643863179,6.15094453815261,5.98679245283019,6.71907348242812,6.63952699769053,92
"86",2009,2,6.26470588235294,17,6.41666666666667,6.18181818181818,6.5,6.33333333333333,6.25,6,11,3,3,14,763,503,260,56,316,447,6.66380758846658,6.92823061630219,6.15225073076923,6.01428571428571,6.71541139240506,6.62732704697987,93
"87",2009,3,6.67894736842105,19,6.9,6.375,7.66666666666667,6.94444444444444,6.44,11,8,3,9,10,782,514,268,59,325,457,6.66417543478261,6.92762645914397,6.15889996268657,6.09830508474576,6.72175384615385,6.6232279868709,94
"88",2009,4,6.17234684210526,19,6.35,5.97495444444444,7,6.5686475,6.06666666666667,10,9,1,4,15,801,524,277,60,329,472,6.6525090886392,6.91660305343512,6.15292339350181,6.11333333333333,6.71989237082067,6.60554065677966,95
"89",2009,5,6.33823529411765,17,6.3,6.39285714285714,5.91666666666667,6.33333333333333,6.34090909090909,10,7,3,6,11,818,534,284,63,335,483,6.64597772616137,6.90505617977528,6.15883725352113,6.10396825396825,6.71296892537313,6.59951385093168,96
"90",2009,6,7.10714285714286,14,7.22222222222222,6.9,NA,7.41666666666667,6.875,9,5,0,6,8,832,543,289,63,341,491,6.65373771634615,6.91031307550645,6.17166013840831,6.10396825396825,6.72535070381232,6.60400242362526,97
"91",2009,7,6.12,20,6.28571428571429,6.03076923076923,6,6.05,6.19,7,13,4,10,10,852,550,302,67,351,501,6.64120866197183,6.90236363636364,6.16559529801325,6.09776119402985,6.70610994301994,6.59573890219561,98
"92",2009,8,6.63333333333333,15,6.75,6.59090909090909,6,6.64285714285714,6.625,4,11,3,7,8,867,554,313,70,358,509,6.6410724106113,6.90126353790614,6.18054242811502,6.09357142857143,6.70487315642458,6.59619880157171,99
"93",2009,9,6.66666666666667,6,6.75,6.5,7,6.66666666666667,6.66666666666667,4,2,1,3,3,873,558,315,71,361,512,6.6412483161512,6.90017921146953,6.18257073015873,6.10633802816901,6.70455565096953,6.59661169921875,100
"94",2009,10,6.90277777777778,18,7.175,6.5625,6.75,7.33333333333333,6.6875,10,8,4,6,12,891,568,323,75,367,524,6.64653173961841,6.9050176056338,6.19198074303406,6.14066666666667,6.71483539509537,6.59869311068702,101
"95",2009,11,6.2,21,6.27,6.13636363636364,5.7,6.5,6.05,10,11,5,7,14,912,578,334,80,374,538,6.63624975877193,6.89403114186851,6.19014904191617,6.113125,6.71081441176471,6.58441485130112,102
"96",2009,12,6.65454545454545,11,6.72222222222222,6.35,7,6.4,6.86666666666667,9,2,2,5,6,923,587,336,82,379,544,6.63646780065005,6.89139693356048,6.19110053571429,6.13475609756097,6.70671395778364,6.58752792279412,103
"97",2010,1,6.34545454545455,11,6.5625,5.76666666666667,5.9,6.16666666666667,6.4125,8,3,2,3,8,934,595,339,84,382,552,6.6330404496788,6.88697478991597,6.18734448377581,6.12916666666667,6.7024727486911,6.58499128623188,104
"98",2010,2,6.75,14,7.5,5.75,NA,7.25,6.55,8,6,0,4,10,948,603,345,84,386,562,6.63476770042194,6.89510779436153,6.17973849275362,6.12916666666667,6.70814660621762,6.58436866548043,105
"99",2010,3,7.3,2,7,7.6,NA,NA,7.3,1,1,0,0,2,950,604,346,84,386,564,6.63616818947368,6.89528145695364,6.18384329479769,6.12916666666667,6.70814660621762,6.58690636524823,106
"100",2010,4,6.16666666666667,9,6.6,5.625,7.5,6.5,6.07142857142857,5,4,1,2,7,959,609,350,85,388,571,6.63176202294056,6.89285714285714,6.17745651428571,6.14529411764706,6.70707368556701,6.58058702276708,107
"101",2010,5,6.41666666666667,6,6.375,6.5,6,6.16666666666667,6.66666666666667,4,2,1,3,3,965,613,352,86,391,574,6.63042464248705,6.8894779771615,6.17928914772727,6.14360465116279,6.70292734015345,6.58103691637631,108
"102",2010,6,6.72857142857143,14,7.12,5.75,7,6.84,6.66666666666667,10,4,1,5,9,979,623,356,87,396,583,6.63182817160368,6.89317817014446,6.1744656741573,6.15344827586207,6.70465805555556,6.58235881646655,109
"103",2010,7,6.5,13,7.16666666666667,5,5.5,6.64285714285714,6.33333333333333,9,4,2,7,6,992,632,360,89,403,589,6.63010058467742,6.89707278481013,6.16141605555556,6.13876404494382,6.70358459057072,6.57982205432937,110
"104",2010,8,6.63076923076923,13,7.45714285714286,5.66666666666667,5,7.5,6.24444444444444,7,6,1,4,9,1005,639,366,90,407,598,6.63010923383084,6.90320813771518,6.15330540983607,6.12611111111111,6.71141176904177,6.57477456521739,111
"105",2010,9,5.5,4,7,5,6,5.5,5.5,1,3,1,2,2,1009,640,369,91,409,600,6.62562911793855,6.903359375,6.14392894308943,6.12472527472527,6.70548799511002,6.57119198333333,112
"106",2010,10,6.28571428571429,7,7.16666666666667,5.625,5.25,6,6.5,3,4,2,3,4,1016,643,373,93,412,604,6.62328718503937,6.90458786936236,6.13836402144772,6.10591397849462,6.70035094660194,6.57072051324503,113
"107",2010,11,6.34,10,6.62857142857143,5.66666666666667,NA,5.66666666666667,6.62857142857143,7,3,0,3,7,1026,650,376,93,415,611,6.62052610136452,6.90161538461538,6.1346004787234,6.10591397849462,6.69287853012048,6.57138328968903,114
"108",2010,12,6.57777777777778,9,7.85,6.21428571428571,6.16666666666667,NA,6.57777777777778,2,7,3,0,9,1035,652,383,96,415,620,6.62015437681159,6.9045245398773,6.13605686684073,6.1078125,6.69287853012048,6.57147611290323,115
"109",2011,1,5.875,12,7.5,5.33333333333333,5.5,6.5,5.81818181818182,3,9,4,1,11,1047,655,392,100,416,631,6.61161392550143,6.90725190839694,6.11762698979592,6.0835,6.69241487980769,6.55834419968304,116
"110",2011,2,6.34090909090909,11,7.25,5.82142857142857,5.5,7.1875,5.85714285714286,4,7,2,4,7,1058,659,399,102,420,638,6.60879941398866,6.90933232169954,6.11243052631579,6.07205882352941,6.69712997619048,6.55065076802508,117
"111",2011,3,6.72,5,6.86666666666667,6.5,7,6.6,6.75,3,2,1,1,4,1063,662,401,103,421,642,6.60932246472248,6.90913897280967,6.11436354114713,6.08106796116505,6.69689926365796,6.55189281931464,118
"112",2011,4,6.25,8,5.625,6.875,6,7,6.14285714285714,4,4,1,1,7,1071,666,405,104,422,649,6.60663845004668,6.90142642642643,6.121876,6.08028846153846,6.69761751184834,6.54748103235747,119
"113",2011,5,6.89666666666667,6,6.876,7,NA,7.5,6.595,5,1,0,2,4,1077,671,406,104,424,653,6.60825420612813,6.90123695976155,6.12403886699507,6.08028846153846,6.70140233490566,6.54777211332312,120
"114",2011,6,7.08333333333333,6,7.25,6.75,NA,7.5,6.875,4,2,0,2,4,1083,675,408,104,426,657,6.61088622345337,6.9033037037037,6.12710730392157,6.08028846153846,6.70515161971831,6.54976436834094,121
"115",2011,7,7,7,7.3,6.25,6.25,7.25,6.9,5,2,2,2,5,1090,680,410,106,428,662,6.61338511926605,6.90622058823529,6.12770678048781,6.08349056603774,6.70769764018692,6.55240965256797,122
"116",2011,8,6.2,10,6.5,6,7,6,6.25,4,6,1,2,8,1100,684,416,107,430,670,6.60962707272727,6.90384502923977,6.12586485576923,6.09205607476635,6.70440602325581,6.54879879104478,123
"117",2011,9,5.66666666666667,6,5.875,5.25,4.5,5.66666666666667,5.66666666666667,4,2,1,3,3,1106,688,418,108,433,673,6.6045115551537,6.89786337209302,6.12167411483254,6.07731481481481,6.69721614318707,6.54486655274888,124
"118",2011,10,6,8,7,5,6,7,5.85714285714286,4,4,1,1,7,1114,692,422,109,434,680,6.60017035906642,6.89845375722543,6.11104213270142,6.07660550458715,6.69791380184332,6.53778704411765,125
"119",2011,11,6.9,8,7.33333333333333,5.6,NA,7.16666666666667,6.74,6,2,0,3,5,1122,698,424,109,437,685,6.60230818181818,6.90219197707736,6.10863155660377,6.07660550458715,6.70113178489702,6.53926305109489,126
"120",2011,12,6.13333333333333,9,6.5,5.675,5,6.66666666666667,5.86666666666667,5,4,1,3,6,1131,703,428,110,440,691,6.59857628647215,6.89933143669986,6.10457892523364,6.06681818181818,6.70089679545455,6.53342285094066,127
"121",2012,1,6.37777777777778,18,6.68,6,7,6.88333333333333,6.125,10,8,1,6,12,1149,713,436,111,446,703,6.59511730200174,6.89625525946704,6.10266004587156,6.07522522522522,6.70335109865471,6.52645119487909,128
"122",2012,2,6.61,10,6.7,6.57142857142857,6.5,7,6.5125,3,7,2,2,8,1159,716,443,113,448,711,6.59524571182053,6.89543296089385,6.1100672234763,6.08274336283186,6.70467542410714,6.52629421940928,129
"123",2012,3,6.1,10,6.25,6,5.66666666666667,7,5.875,4,6,3,2,8,1169,720,449,116,450,719,6.59100922155688,6.89184722222222,6.10859639198218,6.07198275862069,6.70598797777778,6.51904755215577,130
"124",2012,4,6.4,7,6.76,5.5,5,6,6.93333333333333,5,2,1,4,3,1176,725,451,117,454,722,6.58987226190476,6.89093793103448,6.10589751662971,6.06282051282051,6.69976781938326,6.52076896121884,131
"125",2012,5,6.85,4,7.5,6.2,NA,NA,6.85,2,2,0,0,4,1180,727,453,117,454,726,6.59075405084745,6.89261348005502,6.10631298013245,6.06282051282051,6.69976781938326,6.52258290633609,132
"126",2012,6,6.6,7,6.75,6.4,NA,6.9,6.375,4,3,0,3,4,1187,731,456,117,457,730,6.59080857624263,6.89183310533516,6.10824513157895,6.06282051282051,6.70108225382932,6.52177423287671,133
"127",2012,7,6.859,10,6.6,7.118,7.5,7.66666666666667,6.51285714285714,5,5,2,3,7,1197,736,461,119,460,737,6.59304910609858,6.88985054347826,6.1191969197397,6.08697478991597,6.70737954347826,6.52168953867028,134
"128",2012,8,6.33333333333333,6,7,5.66666666666667,6,NA,6.33333333333333,3,3,2,0,6,1203,739,464,121,460,743,6.59175376558603,6.89029769959405,6.11627107758621,6.08553719008264,6.70737954347826,6.52016849259758,135
"129",2012,9,6.84,5,7.4,6,6,NA,6.84,3,2,1,0,5,1208,742,466,122,460,748,6.59278127483443,6.89235849056604,6.11577206008584,6.08483606557377,6.70737954347826,6.52230640374331,136
"130",2012,10,6.5,2,6.5,NA,NA,6,7,2,0,0,1,1,1210,744,466,122,461,749,6.59262791735537,6.89130376344086,6.11577206008584,6.08483606557377,6.70584509761388,6.52294417890521,137
"131",2012,11,6.54,10,6.56666666666667,6.5,6,6.5,6.55,6,4,1,2,8,1220,750,470,123,463,757,6.5921965409836,6.88870666666667,6.11904208510638,6.08414634146341,6.70495591792657,6.52323010568032,138
"132",2012,12,6.4,5,6.5,6.33333333333333,6,6,6.5,2,3,2,1,4,1225,752,473,125,464,761,6.59141206530612,6.88767287234043,6.12040122621564,6.0828,6.70343661637931,6.52310800262812,139
"133",2013,1,7.625,4,7.66666666666667,7.5,NA,7.5,7.66666666666667,3,1,0,1,3,1229,755,474,125,465,764,6.59477606183889,6.89076821192053,6.1233117721519,6.0828,6.70514965591398,6.52759841623037,140
"134",2013,2,6.25,8,6.08333333333333,6.75,6,6.5,6.21428571428571,6,2,1,1,7,1237,761,476,126,466,771,6.59254630557801,6.88440210249671,6.12594491596639,6.08214285714286,6.70470942060086,6.52475381322957,141
"135",2013,3,6.33333333333333,6,6.4,6,NA,5.66666666666667,7,5,1,0,3,3,1243,766,477,126,469,774,6.59129507642799,6.88124020887728,6.12568088050314,6.08214285714286,6.69806948827292,6.52659585271318,142
"136",2013,4,6.77777777777778,9,7.25,5.83333333333333,NA,7,6.71428571428571,6,3,0,2,7,1252,772,480,126,471,781,6.59263560702875,6.88410621761658,6.12385370833333,6.08214285714286,6.69935157112527,6.5282780921895,143
"137",2013,5,6.4125,8,6.93333333333333,6.1,6.75,6,6.825,3,5,2,4,4,1260,775,485,128,475,785,6.59149188888889,6.88429677419355,6.12360779381443,6.092578125,6.69346229473684,6.52979005095541,144
"138",2013,6,6.5,4,6.66666666666667,6,NA,6,6.66666666666667,3,1,0,1,3,1264,778,486,128,476,788,6.59120235759493,6.88345758354756,6.12335345679012,6.092578125,6.69200544117647,6.53031115482233,145
"139",2013,7,6.28571428571429,7,6,6.4,NA,NA,6.28571428571429,2,5,0,0,7,1271,780,491,128,476,795,6.58951988985051,6.88119230769231,6.12617063136456,6.092578125,6.69200544117647,6.52815747169811,146
"140",2013,8,7.16666666666667,6,7.5,6.5,6,7.33333333333333,7,4,2,1,3,3,1277,784,493,129,479,798,6.59223162098668,6.88434948979592,6.12768718052738,6.09186046511628,6.6960221085595,6.52993131578947,147
"141",2013,9,6.5,2,6,7,NA,6,7,1,1,0,1,1,1279,785,494,129,480,799,6.59208739640344,6.88322292993631,6.12945299595142,6.09186046511628,6.6945720625,6.53051963704631,148
"142",2013,10,6.625,4,6.75,6.5,NA,7,6.5,2,2,0,1,3,1283,787,496,129,481,802,6.59219000779423,6.88288437102922,6.13094713709677,6.09186046511628,6.69520704781705,6.53040547381546,149
"143",2013,11,6.45,11,6.56666666666667,6.31,NA,5.75,6.85,6,5,0,4,7,1294,793,501,129,485,809,6.59098128284389,6.88049180327869,6.13273409181637,6.09186046511628,6.6874115257732,6.533170815822,150
"144",2013,12,6.25,16,6.44444444444444,6,5.5,5.5,6.35714285714286,9,7,2,2,14,1310,802,508,131,487,823,6.5868166259542,6.87559850374065,6.13090507874016,6.08282442748092,6.68253509240246,6.53017641555285,151
"145",2014,1,7.11111111111111,9,7.125,7,7,7,7.125,8,1,1,1,8,1319,810,509,132,488,831,6.59039407126611,6.87806172839506,6.13261253438114,6.08977272727273,6.6831856352459,6.535902755716,152
"146",2014,2,6.625,4,5.9,6.86666666666667,NA,7.8,6.23333333333333,1,3,0,1,3,1323,811,512,132,489,834,6.59049869992441,6.87685573366214,6.1369136328125,6.08977272727273,6.68546950920245,6.5348143764988,153
"147",2014,3,7,4,7,NA,NA,8,6.66666666666667,4,0,0,1,3,1327,815,512,132,490,837,6.59173306706857,6.87746012269939,6.1369136328125,6.08977272727273,6.6881522244898,6.53528696535245,154
"148",2014,4,8.25,4,8.33333333333333,8,NA,8,8.33333333333333,3,1,0,1,3,1331,818,513,132,491,840,6.5967165890308,6.88279951100244,6.14054538011696,6.08977272727273,6.69082401221996,6.54170855952381,155
"149",2014,5,6.4,5,7,6,6.5,7,6.25,2,3,2,1,4,1336,820,516,134,492,844,6.59598037425149,6.88308536585366,6.13972825581395,6.09589552238806,6.69145241869919,6.54032605450237,156
"150",2014,6,6.95,8,6.92,7,NA,7.3,6.83333333333333,5,3,0,2,6,1344,825,519,134,494,850,6.59808763392857,6.88330909090909,6.14470092485549,6.09589552238806,6.69391617408907,6.54239434117647,157
"151",2014,7,6.412,5,7.78,5.5,8.81,5.5,7.02,2,3,1,2,3,1349,827,522,135,496,853,6.59739790956264,6.88547762998791,6.14099574712644,6.116,6.68910199596774,6.54407407971864,158
"152",2014,8,7.2,5,7.2,NA,NA,7.2,NA,5,0,0,5,0,1354,832,522,135,501,853,6.59962317577548,6.88736778846154,6.14099574712644,6.116,6.69420077844311,6.54407407971864,159
"153",2014,9,7.08333333333333,6,7.3,6,6,NA,7.08333333333333,5,1,1,0,6,1360,837,523,136,501,859,6.60175719117647,6.88983273596177,6.14072615678776,6.11514705882353,6.69420077844311,6.54784073341094,160
"154",2014,10,5.2,5,6,5,5,4.5,5.66666666666667,1,4,3,2,3,1365,838,527,139,503,862,6.59662254945055,6.88877088305489,6.13206789373814,6.09107913669065,6.68547632206759,6.54477400232018,161
"155",2014,11,5.73333333333333,6,7,5.48,6,4.5,6.35,1,5,1,2,4,1371,839,532,140,505,866,6.59284447848286,6.88890345649583,6.12593943609023,6.09042857142857,6.67682097029703,6.54387435334873,162
"156",2014,12,8.75,2,10,7.5,NA,7.5,10,1,1,0,1,1,1373,840,533,140,506,867,6.59598672978878,6.89260714285714,6.1285174108818,6.09042857142857,6.67844780632411,6.54786065743945,163
"157",2015,1,5.75,4,5.5,6,6,6,5.5,2,2,1,2,2,1377,842,535,141,508,869,6.59352925199709,6.88929928741093,6.12803697196262,6.08978723404255,6.6757767519685,6.54544901035673,164
"158",2015,2,7,3,7,NA,NA,NA,7,3,0,0,0,3,1380,845,535,141,508,872,6.59441288405797,6.88969230769231,6.12803697196262,6.08978723404255,6.6757767519685,6.54701283256881,165
"159",2015,3,6.425,8,6.33333333333333,6.48,7,5.33333333333333,7.08,3,5,1,3,5,1388,848,540,142,511,877,6.59343644092219,6.88772405660377,6.13129588888889,6.09619718309859,6.66789547945205,6.55005152793614,166
"160",2015,4,7.5,1,NA,7.5,NA,NA,7.5,0,1,0,0,1,1389,848,541,142,511,878,6.59408911447084,6.88772405660377,6.13382584103512,6.09619718309859,6.66789547945205,6.5511334738041,167
"161",2015,5,5.92,10,6.33333333333333,5.74285714285714,5.625,5.625,6.11666666666667,3,7,4,4,6,1399,851,548,146,515,884,6.58927075053609,6.8857696827262,6.12883171532847,6.08328767123288,6.65979532038835,6.5481846040724,168
"162",2015,6,6.8,5,9,6.25,6.5,5.85,7.43333333333333,1,4,2,2,3,1404,852,552,148,517,887,6.59002121082621,6.88825117370892,6.12970974637681,6.08891891891892,6.65666264990329,6.5511783427283,169
"163",2015,7,6.76666666666667,9,7.06,6.4,6.75,6.8,6.75714285714286,5,4,2,2,7,1413,857,556,150,519,894,6.59114634111819,6.88925320886815,6.13165428057554,6.09773333333333,6.65721500963391,6.55279104026845,170
"164",2015,8,6.325,8,6.4,6.25,5.66666666666667,6.33333333333333,6.32,4,4,3,3,5,1421,861,560,153,522,899,6.58964798029556,6.88698025551684,6.13249960714286,6.08928104575163,6.65535362068965,6.55149631813126,171
"165",2015,9,7,3,7,NA,NA,7,7,3,0,0,2,1,1424,864,560,153,524,900,6.59051248595505,6.88737268518519,6.13249960714286,6.08928104575163,6.6566690648855,6.55199465555555,172
"166",2015,10,7.818,5,8,7.69666666666667,NA,7.83333333333333,7.795,2,3,0,3,2,1429,866,563,153,527,902,6.59480740377886,6.88994226327945,6.14083442273535,6.08928104575163,6.66336734345351,6.55475076496674,173
"167",2015,11,6.65384615384615,13,7.05555555555556,5.75,3,8.125,6,9,4,1,4,9,1442,875,567,154,531,911,6.59533965325936,6.89164571428571,6.13807721340388,6.06922077922078,6.67437775894539,6.54927024149286,174
"168",2015,12,6.4375,8,6.58333333333333,6,6,6.5,6.41666666666667,6,2,2,2,6,1450,881,569,156,533,917,6.5944688137931,6.88954597048808,6.13759188049209,6.06833333333333,6.67372343339587,6.54840260632497,175
"169",2016,1,6.24444444444444,9,6.41666666666667,5.9,6.7,6.25,6.24285714285714,6,3,1,2,7,1459,887,572,157,535,924,6.59230965044551,6.8863472378805,6.13634576923077,6.07235668789809,6.67213942056075,6.54608786796537,176
"170",2016,2,6.91071428571429,14,7.34375,6.33333333333333,6.5,7.59166666666667,6.4,8,6,1,6,8,1473,895,578,158,541,932,6.59533589952478,6.89043575418994,6.13839062283737,6.07506329113924,6.68233750462107,6.54483389484978,177
"171",2016,3,6.7525,20,7.38636363636364,5.97777777777778,6,6.90625,6.65,11,9,4,8,12,1493,906,587,162,549,944,6.59744124581379,6.89645695364238,6.13592807495741,6.07320987654321,6.68560034608379,6.54617075211864,178
"172",2016,4,7.08260869565217,23,7.46666666666667,6.3625,5,5.5,7.41578947368421,15,8,2,4,19,1516,921,595,164,553,963,6.60480196569921,6.9057437567861,6.13897442016807,6.06012195121951,6.67702457504521,6.56332833852544,179
"173",2016,5,6.25833333333333,21,7.175,5.25,5.5,5.7,6.4328125,11,10,4,5,16,1537,932,605,168,558,979,6.60006817176317,6.90892167381974,6.12428062809918,6.04678571428572,6.66826987455197,6.56119529111338,180
"174",2016,6,6.91710526315789,38,7.23269230769231,6.23333333333333,7,7.055,6.86785714285714,26,12,5,10,28,1575,958,617,173,568,1007,6.60771732063492,6.91770876826722,6.12640158833063,6.07433526011561,6.67507850352113,6.56972213505462,181
"175",2016,7,6.36190476190476,21,6.60833333333333,6.03333333333333,7,6.5,6.33888888888889,12,9,1,3,18,1596,970,626,174,571,1025,6.60448294486215,6.91388144329897,6.12506354632588,6.07965517241379,6.67415865148862,6.56566847804878,182
"176",2016,8,6.7,24,7.06666666666667,6.08888888888889,6.66666666666667,7.3,6.54210526315789,15,9,3,5,19,1620,985,635,177,576,1044,6.60589801234568,6.91620812182741,6.12455083464567,6.08960451977401,6.67959130208333,6.56523964559387,183
"177",2016,9,7.1452380952381,21,7.85714285714286,5.72142857142857,6.35,6.75,7.38846153846154,14,7,3,8,13,1641,999,642,180,584,1057,6.61279998781231,6.9293943943944,6.12015542056075,6.09394444444445,6.68055580479452,6.57536441816462,184
"178",2016,10,6.34210526315789,19,6.84615384615385,5.25,4.5,6.83333333333333,6.11538461538461,13,6,2,6,13,1660,1012,648,182,590,1070,6.60970167469879,6.92832509881423,6.11209842592593,6.07642857142857,6.68210947457627,6.56977587850467,185
"179",2016,11,6.55,20,6.6,6.5,6.25,7,6.30769230769231,10,10,2,7,13,1680,1022,658,184,597,1083,6.60899094047619,6.92511252446184,6.11799358662614,6.0783152173913,6.68583683417085,6.5666299076639,186
"180",2016,12,6.27777777777778,18,6.81818181818182,5.42857142857143,7.25,6.5,6.26470588235294,11,7,2,1,17,1698,1033,665,186,598,1100,6.60547984687868,6.9239738625363,6.1107365112782,6.09091397849462,6.68552607023411,6.56196380909091,187
"181",2017,1,6.72258064516129,31,6.97619047619048,6.19,6.45,6.41428571428571,6.8125,21,10,2,7,24,1729,1054,675,188,605,1124,6.60757939849624,6.92501423149905,6.11191078518519,6.09473404255319,6.68238775206612,6.56731333629893,188
"182",2017,2,6.99545454545455,22,7.24166666666667,6.7,7.5,7.16,6.94705882352941,12,10,2,5,17,1751,1066,685,190,610,1141,6.61245275842375,6.92857879924953,6.12049602919708,6.10952631578947,6.68630260655738,6.57297124452235,189
"183",2017,3,6.76315789473684,19,7.20833333333333,6,7,6.4,6.89285714285714,12,7,1,5,14,1770,1078,692,191,615,1155,6.61407049717514,6.93169294990724,6.11927713872832,6.11418848167539,6.68397494308943,6.57684864935065,190
"184",2017,4,7.01388888888889,18,7.5,6.625,6.75,8.08333333333333,6.8,8,10,4,3,15,1788,1086,702,195,618,1170,6.61809551454138,6.93587937384899,6.12648116809117,6.12723076923077,6.69076794498382,6.57970956410256,191
"185",2017,5,6.56470588235294,17,7.13333333333333,5.2,5,5,6.6625,12,5,2,1,16,1805,1098,707,197,619,1186,6.61759267590027,6.93803734061931,6.11992896746818,6.11578680203046,6.68803649434572,6.58082646711636,192
"186",2017,6,6.39210526315789,19,6.975,5.74444444444444,6,6.25,6.43,10,9,1,4,15,1824,1108,716,198,623,1201,6.61524384868421,6.93837093862816,6.11520918994413,6.11520202020202,6.68522406099519,6.57894270607827,193
"187",2017,7,6.82608695652174,23,7.04705882352941,6.2,6.55,5.33333333333333,7.05,17,6,4,3,20,1847,1125,722,202,626,1221,6.61786939902544,6.94001333333334,6.11591382271468,6.12381188118812,6.6787453514377,6.58665863226863,194
"188",2017,8,6.78125,16,7.05,6.33333333333333,6,7.5,6.67857142857143,10,6,1,2,14,1863,1135,728,203,628,1235,6.61927256038647,6.94098237885463,6.11770574175824,6.12320197044335,6.68136081210191,6.58770055870446,195
"189",2017,9,6.93181818181818,11,7.28571428571429,6.3125,6.625,7.5,6.80555555555556,7,4,2,2,9,1874,1142,732,205,630,1244,6.62110713980789,6.94309544658494,6.11877019125683,6.12809756097561,6.68395966666667,6.58927668006431,196
"190",2017,10,6.89411764705882,17,7.08571428571429,6,5.5,8,6.825,14,3,2,1,16,1891,1156,735,207,631,1260,6.62356149127446,6.94482266435986,6.11828541496599,6.12202898550725,6.68604530903328,6.5922699920635,197
"191",2017,11,6.32380952380952,21,7.11818181818182,5.45,5.5,7,6.25263157894737,11,10,2,2,19,1912,1167,745,209,633,1279,6.62026923640167,6.94645672664953,6.1093151409396,6.11607655502392,6.68703726698262,6.58722454261142,198
"192",2017,12,7.04684210526316,19,7.20833333333333,6.77,6.75,6.875,7.09266666666667,12,7,2,4,15,1931,1179,752,211,637,1294,6.62446648368721,6.94912213740458,6.11546513297872,6.12208530805687,6.688217566719,6.59308360896445,199
"193",2018,1,6.95652173913043,23,7.16666666666667,6.2,6,6.25,7.10526315789474,18,5,1,4,19,1954,1197,757,212,641,1313,6.62837501535312,6.95239348370927,6.11602348745046,6.12150943396226,6.68548297971919,6.60049519421173,200
"194",2018,2,6.57777777777778,18,6.86666666666667,6,6,7,6.55294117647059,12,6,1,1,17,1972,1209,763,213,642,1330,6.62791317444219,6.95154259718776,6.11511111402359,6.12093896713615,6.68597288161994,6.59988736090226,201
"195",2018,3,6.66666666666667,12,6.85714285714286,6.4,6.5,7,6.42857142857143,7,5,2,5,7,1984,1216,768,215,647,1337,6.62814757056451,6.95099917763158,6.116965859375,6.12446511627907,6.68839967542504,6.59899041884817,202
"196",2018,4,6.66666666666667,15,7.11111111111111,6,6.5,6.75,6.63636363636364,9,6,2,4,11,1999,1225,774,217,651,1348,6.62843660830415,6.95217551020408,6.11605914728682,6.12792626728111,6.68877817204301,6.59929539317508,203
"197",2018,5,6.2,15,7.07142857142857,5.4375,NA,7,6.07692307692308,7,8,0,2,13,2014,1232,782,217,653,1361,6.62524567030784,6.95285308441558,6.1091173657289,6.12792626728111,6.68973137825421,6.59430579720794,204
"198",2018,6,6.875,16,7.4,6,6.5,6.625,6.95833333333333,10,6,2,4,12,2030,1242,788,219,657,1373,6.6272141773399,6.95645330112721,6.10828652284264,6.13132420091324,6.68933727549467,6.59748739257101,205
"199",2018,7,6.26470588235294,17,6.64285714285714,6,6,7.5,6.1875,7,10,2,1,16,2047,1249,798,221,658,1389,6.62420360527601,6.95469575660529,6.10692954887218,6.13013574660634,6.69056928571429,6.59276471562275,206
"200",2018,8,6.70973684210526,19,6.91541666666667,6.35714285714286,6.75,6.625,6.77136363636364,12,7,2,8,11,2066,1261,805,223,666,1400,6.62499021297192,6.9543219666931,6.10910531677019,6.13569506726458,6.68978166666667,6.59416799285715,207
"201",2018,9,6.96538461538462,13,7.07142857142857,6.84166666666667,7.01666666666667,8,6.87916666666667,7,6,3,1,12,2079,1268,811,226,667,1412,6.6271187012987,6.95496845425868,6.11452500616523,6.14738938053097,6.691746011994,6.59659007790368,208
"202",2018,10,6.3,20,6.84615384615385,5.28571428571429,7,6.75,6.10714285714286,13,7,1,6,14,2099,1281,818,227,673,1426,6.62400180085755,6.95386416861827,6.10743249388753,6.15114537444934,6.69226536404161,6.5917848457223,209
"203",2018,11,5.67857142857143,14,6.1875,5,4,6.3,5.33333333333333,8,6,1,5,9,2113,1289,824,228,678,1435,6.61773770941789,6.94910783553142,6.09936866504854,6.14171052631579,6.68937255162242,6.5838921184669,210
"204",2018,12,6.2875,24,6.46,6,6.25,6.7,6.17894736842105,15,9,4,5,19,2137,1304,833,232,683,1454,6.61402890968647,6.94348159509203,6.09829505402161,6.1435775862069,6.68945035139092,6.57860054332875,211
"205",2019,1,6.34705882352941,17,6.19,6.57142857142857,6.33333333333333,7,6.26,10,7,3,2,15,2154,1314,840,235,685,1469,6.61192190343547,6.93774733637747,6.10223783333333,6.146,6.69035706569343,6.57534730428863,212
"206",2019,2,5.78,10,5.95,5.66666666666667,5.33333333333333,6.4,5.625,4,6,3,2,8,2164,1318,846,238,687,1477,6.6080775323475,6.93474962063733,6.09914867612293,6.13575630252101,6.68951177583697,6.57019985781991,213
"207",2019,3,6.75,14,7.44444444444444,5.5,6,6.6,6.83333333333333,9,5,2,5,9,2178,1327,851,240,692,1486,6.60898979797979,6.93820648078372,6.09562841363102,6.134625,6.68886501445087,6.57179353297443,214
"208",2019,4,6.78571428571429,14,7.11111111111111,6.2,6,6.66666666666667,6.81818181818182,9,5,1,3,11,2192,1336,856,241,695,1497,6.61011851277372,6.93937125748503,6.09623806074766,6.13406639004149,6.68876919424461,6.57360400133601,215
"209",2019,5,6.30588235294118,17,7.21428571428571,5.67,6.25,7.25,6.18,7,10,2,2,15,2209,1343,866,243,697,1512,6.60777717519239,6.94080416976917,6.09131614318707,6.13502057613169,6.69037961262554,6.56969919973545,216
"210",2019,6,6.60416666666667,12,6.91666666666667,6.29166666666667,6.875,6.875,6.55,6,6,2,2,10,2221,1349,872,245,699,1522,6.60775766771724,6.94069681245367,6.09269470183486,6.1410612244898,6.69090785407725,6.56956977003942,217
"211",2019,7,6.73,10,7.46666666666667,5.625,5.5,6.16666666666667,6.97142857142857,6,4,2,3,7,2231,1355,876,247,702,1529,6.60830559390408,6.9430258302583,6.09055910958904,6.13587044534413,6.68866750712251,6.57140954218444,218
"212",2019,8,7.17647058823529,17,7.46153846153846,6.25,7,7.5,7.13333333333333,13,4,1,2,15,2248,1368,880,248,704,1544,6.61260221530249,6.94795321637427,6.09128384090909,6.13935483870968,6.69097242897727,6.57686864637306,219
"213",2019,9,6.62857142857143,14,7.35,5.66666666666667,5,7,6.6,8,6,2,1,13,2262,1376,886,250,705,1557,6.61270105216622,6.95029069767442,6.08840832957111,6.13024,6.69141076595745,6.5770617790623,220
"214",2019,10,6.43333333333333,15,7.1875,5.57142857142857,6.5,5.8,6.75,8,7,2,5,10,2277,1384,893,252,710,1567,6.61151944664031,6.95166184971098,6.08435585666293,6.1331746031746,6.68513322535211,6.57816540523293,221
"215",2019,11,6.26,12,6.35333333333333,6.16666666666667,7,6.43333333333333,6.20222222222222,6,6,1,3,9,2289,1390,899,253,713,1576,6.60967661861074,6.94907913669065,6.0849052057842,6.13660079051383,6.68407375876578,6.5760185215736,222
"216",2019,12,6.975,10,7.65,6.3,6,6.8,7.15,5,5,1,5,5,2299,1395,904,254,718,1581,6.61126567203132,6.95159139784946,6.08609488938053,6.13606299212598,6.68488104456825,6.57783376976597,223
"217",2020,1,6.95294117647059,17,7.11538461538461,6.425,6.2,6,7.08,13,4,1,2,15,2316,1408,908,255,720,1596,6.61377365284974,6.95310369318182,6.08758786343612,6.1363137254902,6.68297859722222,6.58255337719298,224
"218",2020,2,6.76111111111111,18,7.1,6.08333333333333,6.5,7,6.71333333333333,12,6,2,3,15,2334,1420,914,257,723,1611,6.61490993144816,6.95434507042254,6.08755993435449,6.1391439688716,6.68429403872753,6.58377106765984,225
"219",2020,3,5.55555555555556,9,5.25,5.8,4.5,5.5,5.57142857142857,4,5,2,2,7,2343,1424,919,259,725,1618,6.61084070849338,6.94955758426966,6.08599540805223,6.12648648648649,6.68102702068966,6.57939134116193,226
"220",2020,4,6.25833333333333,12,6.51666666666667,6,5.66666666666667,7.2,5.94444444444444,6,6,3,3,9,2355,1430,925,262,728,1627,6.609044492569,6.94774125874126,6.0854376,6.1212213740458,6.6831656456044,6.57587903503381,227
"221",2020,5,6.98,5,7,6.96666666666667,6.9,NA,6.98,2,3,1,0,5,2360,1432,928,263,728,1632,6.60983041525424,6.94781424581006,6.08828640086207,6.1241825095057,6.6831656456044,6.5771171507353,228
"222",2020,6,6.95454545454545,11,7.4,6.58333333333333,6,6.33333333333333,7.1875,5,6,1,3,8,2371,1437,934,264,731,1640,6.61142968367777,6.94938761308281,6.0914665738758,6.12371212121212,6.68172994528044,6.58009462804878,229
"223",2020,7,6.85555555555556,9,7.74,5.75,5.5,6,6.9625,5,4,2,1,8,2380,1442,938,266,732,1648,6.61235284873949,6.95212898751734,6.09001042643923,6.11902255639098,6.68079862021858,6.58195096480583,230
"224",2020,8,7.125,4,7.5,6,6,8.5,6.66666666666667,3,1,1,1,3,2384,1445,939,267,733,1651,6.61321299496644,6.95326643598616,6.0899145686901,6.11857677902622,6.68328047748977,6.58210490006057,231
"225",2020,9,6.55555555555556,9,6.75,6.4,5.5,7,6.5,4,5,2,1,8,2393,1449,944,269,734,1659,6.61299614709569,6.95270531400966,6.09155697033898,6.11397769516729,6.68371197547684,6.58170897528632,232
"226",2020,10,6.98823529411765,17,7.25,6.75555555555556,6.5,8.33333333333333,6.7,8,9,2,3,14,2410,1457,953,271,737,1673,6.61564306224066,6.95433768016472,6.09782768100735,6.11682656826568,6.69042685210312,6.58269885833832,233
"227",2020,11,6.23076923076923,13,6.8125,5.3,NA,6.5,6.20833333333333,8,5,0,1,12,2423,1465,958,271,738,1685,6.61357811803549,6.95356313993174,6.09366365344468,6.11682656826568,6.69016882113821,6.5800327537092,234
"228",2020,12,7.05,10,7.41666666666667,6.5,NA,NA,7.05,6,4,0,0,10,2433,1471,962,271,738,1695,6.6153718783395,6.95545207341944,6.0953532016632,6.11682656826568,6.69016882113821,6.58280542182891,235
"229",2021,1,6.86923076923077,13,6.68571428571429,7.08333333333333,6.5,6.93333333333333,6.85,7,6,1,3,10,2446,1478,968,272,741,1705,6.61672108748978,6.95417456021651,6.10147704545455,6.11823529411765,6.69115329284751,6.58437254545455,236
"230",2021,2,6.45454545454545,11,7.14285714285714,5.25,4.66666666666667,8,6.3,7,4,3,1,10,2457,1485,972,275,742,1715,6.61599502645502,6.95506397306397,6.09797302469136,6.1024,6.69291723719677,6.58271439650146,237
"231",2021,3,5.39457142857143,7,5.71033333333333,3.5,NA,6.262,5.25,6,1,0,1,6,2464,1491,973,275,743,1721,6.61252507305195,6.95005499664655,6.09530295991778,6.1024,6.69233726783311,6.57806809413132,238
"232",2021,4,7.45,9,7.55,7.25,6.5,7.8,7.40625,6,3,2,1,8,2473,1497,976,277,744,1729,6.61557289931257,6.95245958583834,6.09885223360656,6.10527075812275,6.69382606182796,6.58190005205321,239
"233",2021,5,6.84166666666667,12,7.31,4.5,5,6.65,6.88,10,2,1,2,10,2485,1507,978,278,746,1739,6.6166647002012,6.95483211678832,6.09558259713701,6.10129496402878,6.69370856568365,6.58361425531915,240
"234",2021,6,6.989,20,7.21384615384615,6.57142857142857,7,7.625,6.83,13,7,3,4,16,2505,1520,985,281,750,1755,6.61963743712574,6.95704736842105,6.09896424365482,6.1108896797153,6.69867545333334,6.58586050712251,241
"235",2021,7,5.89222222222222,9,5.58833333333333,6.5,6,7.765,5.35714285714286,6,3,1,2,7,2514,1526,988,282,752,1762,6.61703332537788,6.95166579292268,6.10018196356275,6.11049645390071,6.70151142287234,6.58097910896708,242
"236",2021,8,6.34272727272727,11,7.4,5.46166666666667,5.27,4.83333333333333,6.90875,5,6,1,3,8,2525,1531,994,283,755,1770,6.61583832871287,6.95312998040497,6.09632774647887,6.10752650176679,6.6940881986755,6.58246055932204,243
"237",2021,9,7.27777777777778,9,7.78571428571429,5.5,5.5,NA,7.27777777777778,7,2,2,0,9,2534,1538,996,285,755,1779,6.61818933701657,6.95691937581275,6.09513030120482,6.10326315789474,6.6940881986755,6.58597818437324,244
"238",2021,10,6.63636363636364,11,7.14285714285714,5.75,4.5,6.16666666666667,6.8125,7,4,2,3,8,2545,1545,1000,287,758,1787,6.61826788998035,6.95776181229774,6.09374978,6.0920905923345,6.69200077836412,6.58699227196419,245
"239",2021,11,6.375,8,6,6.75,6,6,6.42857142857143,4,4,1,1,7,2553,1549,1004,288,759,1794,6.6175055934195,6.95528857327308,6.09636432270916,6.09177083333334,6.6910890513834,6.58637413043478,246
"240",2021,12,6.8,10,6.8125,6.75,NA,6,7,8,2,0,2,8,2563,1557,1006,288,761,1802,6.61821762777994,6.9545549132948,6.0976637972167,6.09177083333334,6.68927278580815,6.588210427303,247
"241",2022,1,5.91428571428571,21,6.275,5.69230769230769,6.33333333333333,5.9,5.91875,8,13,3,5,16,2584,1565,1019,291,766,1818,6.61249681888544,6.95108115015975,6.09249242394504,6.09426116838488,6.68412087467363,6.58231858635864,248
"242",2022,2,7.221875,16,7.23666666666667,7,NA,8.125,6.92083333333333,15,1,0,4,12,2600,1580,1020,291,770,1830,6.61624683846153,6.95379240506329,6.0933821372549,6.09426116838488,6.69160596103896,6.58453835519126,249
"243",2022,3,6.96,13,7.5,6.33,5,6.99,6.95454545454545,7,6,1,2,11,2613,1587,1026,292,772,1841,6.61795705319556,6.95620163831128,6.09476586744639,6.09051369863014,6.69237900259068,6.58674915263444,250
"244",2022,4,7.60714285714286,14,7.86111111111111,7.15,7.58333333333333,7.91666666666667,7.52272727272727,9,5,3,3,11,2627,1596,1031,295,775,1852,6.62322869432813,6.9613045112782,6.09988339476237,6.10569491525424,6.69711818064516,6.59230841792657,251
"245",2022,5,7.1,9,6.78,7.5,7,6.33333333333333,7.48333333333333,5,4,1,3,6,2636,1601,1035,296,778,1858,6.62485651745068,6.96073828856964,6.10529447342995,6.10871621621622,6.69571541131106,6.59518578579117,252
"246",2022,6,6.88888888888889,9,7.8,5.75,5.5,5.5,7.28571428571429,5,4,2,2,7,2645,1606,1039,298,780,1865,6.62575492627599,6.96335118306351,6.10392664100096,6.10463087248322,6.69264947435898,6.59777758176944,253
"247",2022,7,6.55384615384615,13,7,6.275,5,7,6.51666666666667,5,8,1,1,12,2658,1611,1047,299,781,1877,6.62540322799097,6.96346492861577,6.10523379178605,6.1009364548495,6.69304300896287,6.59725902503996,254
"248",2022,8,6.911,17,7.5487,6,NA,6.53125,7.02784615384615,10,7,0,4,13,2675,1621,1054,299,785,1890,6.62721823551402,6.96707526218384,6.10453489563567,6.1009364548495,6.69221858598726,6.60022073544974,255
"249",2022,9,7.18421052631579,19,7.55555555555556,6.85,NA,7.3,7.15333333333333,9,10,0,4,15,2694,1630,1064,299,789,1905,6.63114654046028,6.9703245398773,6.11154114661654,6.1009364548495,6.69529986058302,6.60457595275591,256
"250",2022,10,6.48452941176471,17,7.01666666666667,5.2074,4.679,6.95,6.34130769230769,12,5,3,4,13,2711,1642,1069,302,793,1918,6.63022714127628,6.97066321559074,6.10731223573433,6.08681125827815,6.69658460277428,6.60279154848801,257
"251",2022,11,7.29,8,7.58,7,NA,7.264,7.33333333333333,4,4,0,5,3,2719,1646,1073,302,798,1921,6.63216836336888,6.9721439854192,6.11064005591799,6.08681125827815,6.70013983709273,6.60393242581989,258
"252",2022,12,6.78461538461538,26,7.43529411764706,5.55555555555556,6.2,6.83333333333333,6.77,17,9,5,6,20,2745,1663,1082,307,804,1941,6.63361230601093,6.9768785327721,6.10602290203327,6.08865472312704,6.70113381840796,6.60564358062854,259
