"","year","month","avg_rating","no_ratings","avg_rating_owned","avg_rating_not_owned","avg_rating_prev_owned","avg_rating_comment","avg_rating_no_comment","no_ratings_owned","no_ratings_not_owned","no_ratings_prev_owned","no_ratings_comment","no_ratings_no_comment","cum_no_ratings","cum_no_ratings_owned","cum_no_ratings_not_owned","cum_no_ratings_prev_owned","cum_no_ratings_comment","cum_no_ratings_no_comment","cum_avg_rating","cum_avg_rating_owned","cum_avg_rating_not_owned","cum_avg_rating_prev_owned","cum_avg_rating_comment","cum_avg_rating_no_comment","month_after_release"
"1",2001,11,8,1,8,NA,NA,8,NA,1,0,0,1,0,1,1,0,0,1,0,8,8,NA,NA,8,NA,0
"2",2002,2,6,1,6,NA,NA,NA,6,1,0,0,0,1,2,2,0,0,1,1,7,7,NA,NA,8,6,3
"3",2002,5,6,1,6,NA,NA,6,NA,1,0,0,1,0,3,3,0,0,2,1,6.66666666666667,6.66666666666667,NA,NA,7,6,6
"4",2002,7,7,1,7,NA,NA,7,NA,1,0,0,1,0,4,4,0,0,3,1,6.75,6.75,NA,NA,7,6,8
"5",2002,8,7,1,7,NA,NA,NA,7,1,0,0,0,1,5,5,0,0,3,2,6.8,6.8,NA,NA,7,6.5,9
"6",2002,9,6,3,6,NA,NA,6.5,5,3,0,0,2,1,8,8,0,0,5,3,6.5,6.5,NA,NA,6.8,6,10
"7",2002,11,7,1,7,NA,NA,NA,7,1,0,0,0,1,9,9,0,0,5,4,6.55555555555556,6.55555555555556,NA,NA,6.8,6.25,12
"8",2002,12,8,1,NA,8,NA,NA,8,0,1,0,0,1,10,9,1,0,5,5,6.7,6.55555555555556,8,NA,6.8,6.6,13
"9",2003,1,7.5,2,7.5,NA,NA,NA,7.5,2,0,0,0,2,12,11,1,0,5,7,6.83333333333333,6.72727272727273,8,NA,6.8,6.85714285714286,14
"10",2003,2,2,1,NA,2,NA,2,NA,0,1,0,1,0,13,11,2,0,6,7,6.46153846153846,6.72727272727273,5,NA,6,6.85714285714286,15
"11",2003,3,9,1,9,NA,NA,9,NA,1,0,0,1,0,14,12,2,0,7,7,6.64285714285714,6.91666666666667,5,NA,6.42857142857143,6.85714285714286,16
"12",2003,5,6.33333333333333,3,6.33333333333333,NA,NA,6.33333333333333,NA,3,0,0,3,0,17,15,2,0,10,7,6.58823529411765,6.8,5,NA,6.4,6.85714285714286,18
"13",2003,7,6.3,10,6.28571428571429,6.33333333333333,NA,5.8,6.8,7,3,0,5,5,27,22,5,0,15,12,6.48148148148148,6.63636363636364,5.8,NA,6.2,6.83333333333333,20
"14",2003,8,6,2,NA,6,NA,6,6,0,2,0,1,1,29,22,7,0,16,13,6.44827586206897,6.63636363636364,5.85714285714286,NA,6.1875,6.76923076923077,21
"15",2003,9,7,4,7,NA,NA,7.5,6.5,4,0,0,2,2,33,26,7,0,18,15,6.51515151515152,6.69230769230769,5.85714285714286,NA,6.33333333333333,6.73333333333333,22
"16",2003,10,4.5,2,6,3,NA,NA,4.5,1,1,0,0,2,35,27,8,0,18,17,6.4,6.66666666666667,5.5,NA,6.33333333333333,6.47058823529412,23
"17",2003,12,5.33333333333333,3,6,5,NA,NA,5.33333333333333,1,2,0,0,3,38,28,10,0,18,20,6.31578947368421,6.64285714285714,5.4,NA,6.33333333333333,6.3,25
"18",2004,1,6.25,4,8,4.5,NA,7,4,2,2,0,3,1,42,30,12,0,21,21,6.30952380952381,6.73333333333333,5.25,NA,6.42857142857143,6.19047619047619,26
"19",2004,3,6.5,2,8,5,NA,8,5,1,1,0,1,1,44,31,13,0,22,22,6.31818181818182,6.7741935483871,5.23076923076923,NA,6.5,6.13636363636364,28
"20",2004,4,5.66666666666667,3,5.5,6,NA,5.5,6,2,1,0,2,1,47,33,14,0,24,23,6.27659574468085,6.6969696969697,5.28571428571429,NA,6.41666666666667,6.1304347826087,29
"21",2004,5,7,2,7,NA,NA,8,6,2,0,0,1,1,49,35,14,0,25,24,6.30612244897959,6.71428571428571,5.28571428571429,NA,6.48,6.125,30
"22",2004,7,5.66666666666667,3,5.66666666666667,NA,NA,4,6.5,3,0,0,1,2,52,38,14,0,26,26,6.26923076923077,6.63157894736842,5.28571428571429,NA,6.38461538461539,6.15384615384615,32
"23",2004,8,6.5,4,6.5,NA,NA,NA,6.5,4,0,0,0,4,56,42,14,0,26,30,6.28571428571429,6.61904761904762,5.28571428571429,NA,6.38461538461539,6.2,33
"24",2004,9,5.625,4,6.16666666666667,4,NA,5.625,NA,3,1,0,4,0,60,45,15,0,30,30,6.24166666666667,6.58888888888889,5.2,NA,6.28333333333333,6.2,34
"25",2004,10,6.125,8,6.07142857142857,6.5,NA,5.91666666666667,6.75,7,1,0,6,2,68,52,16,0,36,32,6.22794117647059,6.51923076923077,5.28125,NA,6.22222222222222,6.234375,35
"26",2004,11,6.25,6,6.375,6,5,6.75,6,4,2,1,2,4,74,56,18,1,38,36,6.22972972972973,6.50892857142857,5.36111111111111,5,6.25,6.20833333333333,36
"27",2004,12,5,3,6,4.5,NA,4.5,6,1,2,0,2,1,77,57,20,1,40,37,6.18181818181818,6.5,5.275,5,6.1625,6.2027027027027,37
"28",2005,1,5.42307692307692,13,5.9375,4.6,NA,5.6,5.3125,8,5,0,5,8,90,65,25,1,45,45,6.07222222222222,6.43076923076923,5.14,5,6.1,6.04444444444444,38
"29",2005,2,4,3,6,3,NA,3,6,1,2,0,2,1,93,66,27,1,47,46,6.00537634408602,6.42424242424242,4.98148148148148,5,5.96808510638298,6.04347826086957,39
"30",2005,4,5.875,2,5.875,NA,NA,5.875,NA,2,0,0,2,0,95,68,27,1,49,46,6.00263157894737,6.40808823529412,4.98148148148148,5,5.96428571428571,6.04347826086957,41
"31",2005,5,5.66666666666667,3,5.66666666666667,NA,NA,4,6.5,3,0,0,1,2,98,71,27,1,50,48,5.99234693877551,6.37676056338028,4.98148148148148,5,5.925,6.0625,42
"32",2005,6,6.5,3,7.75,4,NA,8,5.75,2,1,0,1,2,101,73,28,1,51,50,6.00742574257426,6.41438356164384,4.94642857142857,5,5.9656862745098,6.05,43
"33",2005,7,6.25,3,5.5,7.75,7.75,5.5,7.75,2,1,1,2,1,104,75,29,2,53,51,6.01442307692308,6.39,5.04310344827586,6.375,5.94811320754717,6.08333333333333,44
"34",2005,8,6.75,4,6.75,NA,NA,7,6.66666666666667,4,0,0,1,3,108,79,29,2,54,54,6.04166666666667,6.40822784810127,5.04310344827586,6.375,5.96759259259259,6.11574074074074,45
"35",2005,9,6.91428571428571,7,7,6.7,NA,7.7,6.6,5,2,0,2,5,115,84,31,2,56,59,6.09478260869565,6.44345238095238,5.15,6.375,6.02946428571429,6.15677966101695,46
"36",2005,10,6.9,10,6.9,NA,NA,5,7.11111111111111,10,0,0,1,9,125,94,31,2,57,68,6.1592,6.49202127659574,5.15,6.375,6.01140350877193,6.28308823529412,47
"37",2005,11,7.75,2,7.75,NA,NA,8.5,7,2,0,0,1,1,127,96,31,2,58,69,6.18425196850394,6.51822916666667,5.15,6.375,6.05431034482759,6.29347826086957,48
"38",2005,12,6.34615384615385,13,6.5625,6,6,6.375,6.3,8,5,1,8,5,140,104,36,3,66,74,6.19928571428571,6.52163461538461,5.26805555555556,6.25,6.09318181818182,6.29391891891892,49
"39",2006,1,5.86363636363636,11,6.375,4.5,5.5,5.8,5.91666666666667,8,3,1,5,6,151,112,39,4,71,80,6.17483443708609,6.51116071428571,5.20897435897436,6.0625,6.07253521126761,6.265625,50
"40",2006,2,6,3,6,NA,NA,6,6,3,0,0,1,2,154,115,39,4,72,82,6.17142857142857,6.49782608695652,5.20897435897436,6.0625,6.07152777777778,6.25914634146341,51
"41",2006,3,6,4,6.66666666666667,4,NA,NA,6,3,1,0,0,4,158,118,40,4,72,86,6.16708860759494,6.5021186440678,5.17875,6.0625,6.07152777777778,6.24709302325581,52
"42",2006,4,7.25,6,8.125,5.5,NA,7.25,7.25,4,2,0,2,4,164,122,42,4,74,90,6.20670731707317,6.55532786885246,5.19404761904762,6.0625,6.10337837837838,6.29166666666667,53
"43",2006,5,6.6,10,6.71428571428571,6.33333333333333,NA,7.33333333333333,6.28571428571429,7,3,0,3,7,174,129,45,4,77,97,6.22931034482759,6.56395348837209,5.27,6.0625,6.1512987012987,6.29123711340206,54
"44",2006,6,6.28571428571429,7,6.4,6,NA,6,6.4,5,2,0,2,5,181,134,47,4,79,102,6.23149171270718,6.55783582089552,5.30106382978723,6.0625,6.14746835443038,6.29656862745098,55
"45",2006,7,6.33333333333333,6,6.4,6,NA,NA,6.33333333333333,5,1,0,0,6,187,139,48,4,79,108,6.23475935828877,6.55215827338129,5.315625,6.0625,6.14746835443038,6.29861111111111,56
"46",2006,8,6.65,10,6.72222222222222,6,6,6.66666666666667,6.64285714285714,9,1,1,3,7,197,148,49,5,82,115,6.25583756345178,6.5625,5.32959183673469,6.05,6.16646341463415,6.3195652173913,57
"47",2006,9,6,10,6.25,5,NA,6.66666666666667,5.71428571428571,8,2,0,3,7,207,156,51,5,85,122,6.24347826086957,6.54647435897436,5.31666666666667,6.05,6.18411764705882,6.28483606557377,58
"48",2006,10,5.9,5,5.875,6,5.75,5.5,6.16666666666667,4,1,2,2,3,212,160,52,7,87,125,6.23537735849057,6.5296875,5.32980769230769,5.96428571428571,6.1683908045977,6.282,59
"49",2006,11,5.90909090909091,11,6.28571428571429,5.25,NA,5.33333333333333,6.125,7,4,0,3,8,223,167,56,7,90,133,6.21928251121076,6.51946107784431,5.32410714285714,5.96428571428571,6.14055555555555,6.27255639097744,60
"50",2006,12,6.10714285714286,14,6.86363636363636,3.33333333333333,3,6.66666666666667,5.6875,11,3,1,6,8,237,178,59,8,96,141,6.2126582278481,6.54073033707865,5.2228813559322,5.59375,6.1734375,6.23936170212766,61
"51",2007,1,5.84090909090909,22,6,5.5625,5,4.9,6.11764705882353,14,8,1,5,17,259,192,67,9,101,158,6.18108108108108,6.50130208333333,5.2634328358209,5.52777777777778,6.11039603960396,6.22626582278481,62
"52",2007,2,5.875,12,6.28571428571429,5.3,NA,5,6.3125,7,5,0,4,8,271,199,72,9,105,166,6.16752767527675,6.49371859296482,5.26597222222222,5.52777777777778,6.06809523809524,6.23042168674699,63
"53",2007,3,5.875,14,6.90625,4.5,5.5,6.03571428571429,5.71428571428571,8,6,2,7,7,285,207,78,11,112,173,6.15315789473684,6.50966183574879,5.20705128205128,5.52272727272727,6.06607142857143,6.20953757225434,64
"54",2007,4,6.05555555555556,9,6,6.125,7.25,6.25,6,5,4,2,2,7,294,212,82,13,114,180,6.15017006802721,6.49764150943396,5.25182926829268,5.78846153846154,6.06929824561403,6.20138888888889,65
"55",2007,5,5.76666666666667,12,5.625,6.05,6,6.5,5.62,8,4,1,2,10,306,220,86,14,116,190,6.13513071895425,6.46590909090909,5.28895348837209,5.80357142857143,6.07672413793103,6.17078947368421,66
"56",2007,6,6.41666666666667,12,6.9375,5.375,NA,6.625,6,8,4,0,8,4,318,228,90,14,124,194,6.14575471698113,6.48245614035088,5.29277777777778,5.80357142857143,6.11209677419355,6.16726804123711,67
"57",2007,7,6.0125,16,6.45,5.28333333333333,6,5.64,6.18181818181818,10,6,1,5,11,334,238,96,15,129,205,6.13937125748503,6.48109243697479,5.2921875,5.81666666666667,6.0937984496124,6.1680487804878,68
"58",2007,8,6.72222222222222,9,6.8125,6,NA,6.25,6.85714285714286,8,1,0,2,7,343,246,97,15,131,212,6.15466472303207,6.49186991869919,5.29948453608247,5.81666666666667,6.09618320610687,6.19080188679245,69
"59",2007,9,6.11111111111111,9,6.83333333333333,4.66666666666667,3,5.66666666666667,6.33333333333333,6,3,1,3,6,352,252,100,16,134,218,6.15355113636364,6.5,5.2805,5.640625,6.0865671641791,6.1947247706422,70
"60",2007,10,6.16666666666667,12,6.4375,5.625,7,6.25,6.125,8,4,1,4,8,364,260,104,17,138,226,6.15398351648352,6.49807692307692,5.29375,5.72058823529412,6.09130434782609,6.19225663716814,71
"61",2007,11,6.27777777777778,9,7,4.83333333333333,3.5,5.375,7,6,3,1,4,5,373,266,107,18,142,231,6.15697050938338,6.5093984962406,5.28084112149533,5.59722222222222,6.07112676056338,6.20974025974026,72
"62",2007,12,5.89,20,6.73076923076923,4.32857142857143,5.5,5.63846153846154,6.35714285714286,13,7,3,13,7,393,279,114,21,155,238,6.14338422391858,6.51971326164875,5.22236842105263,5.58333333333333,6.03483870967742,6.2140756302521,73
"63",2008,1,5.975,20,6.58333333333333,5.0625,3,5.72222222222222,6.18181818181818,12,8,1,9,11,413,291,122,22,164,249,6.13523002421308,6.52233676975945,5.21188524590164,5.46590909090909,6.01768292682927,6.21265060240964,74
"64",2008,2,5.9875,16,6.31666666666667,5,5,6.1,5.875,12,4,1,8,8,429,303,126,23,172,257,6.12972027972028,6.51419141914191,5.20515873015873,5.44565217391304,6.02151162790698,6.20214007782101,75
"65",2008,3,5.66153846153846,13,5.81,5.16666666666667,8,5.7,5.6375,10,3,1,5,8,442,313,129,24,177,265,6.11595022624434,6.49169329073482,5.20426356589147,5.55208333333333,6.01242937853107,6.18509433962264,76
"66",2008,4,6.63636363636364,11,6.77777777777778,6,6,6.5,6.66666666666667,9,2,1,2,9,453,322,131,25,179,274,6.12858719646799,6.49968944099379,5.21641221374046,5.57,6.01787709497207,6.20091240875912,77
"67",2008,5,6.14285714285714,7,6.5,4,4,5,6.6,6,1,1,2,5,460,328,132,26,181,279,6.12880434782609,6.49969512195122,5.20719696969697,5.50961538461539,6.00662983425414,6.20806451612903,78
"68",2008,6,7.21666666666667,6,8,6.43333333333333,7,8,6.43333333333333,3,3,1,3,3,466,331,135,27,184,282,6.14281115879828,6.51329305135952,5.23444444444444,5.56481481481481,6.03913043478261,6.2104609929078,79
"69",2008,7,6.40625,16,6.05555555555556,6.85714285714286,5.5,5.8125,7,9,7,2,8,8,482,340,142,29,192,290,6.15155601659751,6.50117647058823,5.31443661971831,5.56034482758621,6.0296875,6.23224137931034,80
"70",2008,8,5.41666666666667,18,5.77272727272727,4.85714285714286,5.5,4.875,5.57142857142857,11,7,2,4,14,500,351,149,31,196,304,6.1251,6.47834757834758,5.29295302013423,5.55645161290323,6.00612244897959,6.20180921052632,81
"71",2008,9,6.71666666666667,12,6.88888888888889,6.2,NA,6.7,6.72857142857143,9,3,0,5,7,512,360,152,31,201,311,6.13896484375,6.48861111111111,5.31085526315789,5.55645161290323,6.02338308457711,6.21366559485531,82
"72",2008,10,5.77777777777778,9,5.57142857142857,6.5,6,6,5.75,7,2,1,1,8,521,367,154,32,202,319,6.1327255278311,6.47111716621253,5.3262987012987,5.5703125,6.02326732673267,6.20203761755486,83
"73",2008,11,6.47368421052632,19,6.58333333333333,6.28571428571429,6.25,6,6.52941176470588,12,7,2,2,17,540,379,161,34,204,336,6.14472222222222,6.47467018469657,5.36801242236025,5.61029411764706,6.02303921568627,6.21860119047619,84
"74",2008,12,6.06,25,6.66666666666667,5.5,6.25,5.85,6.2,12,13,4,10,15,565,391,174,38,214,351,6.14097345132743,6.48056265984655,5.37787356321839,5.67763157894737,6.01495327102804,6.21780626780627,85
"75",2009,1,5.80357142857143,28,6.14705882352941,5.27272727272727,5,5.4375,6.29166666666667,17,11,3,16,12,593,408,185,41,230,363,6.12504215851602,6.46666666666667,5.37162162162162,5.6280487804878,5.97478260869565,6.2202479338843,86
"76",2009,2,6.0625,16,6.31818181818182,5.5,6,6,6.08333333333333,11,5,1,4,12,609,419,190,42,234,375,6.12339901477833,6.46276849642005,5.375,5.63690476190476,5.97521367521367,6.21586666666667,87
"77",2009,3,5.50526315789474,19,6.07,4.87777777777778,5.7,5.6,5.48,10,9,2,4,15,628,429,199,44,238,390,6.1046974522293,6.45361305361305,5.35251256281407,5.63977272727273,5.96890756302521,6.1875641025641,88
"78",2009,4,5.92857142857143,14,6.05,5.625,6,6,5.91666666666667,10,4,1,2,12,642,439,203,45,240,402,6.10085669781932,6.44441913439635,5.35788177339901,5.64777777777778,5.96916666666667,6.1794776119403,89
"79",2009,5,5.47058823529412,17,5.45454545454545,5.5,4.66666666666667,5.8,5.33333333333333,11,6,3,5,12,659,450,209,48,245,414,6.08459787556904,6.42022222222222,5.36196172248804,5.58645833333333,5.96571428571429,6.15495169082125,90
"80",2009,6,6.1,12,6.02857142857143,6.2,5,9,5.83636363636364,7,5,1,1,11,671,457,214,49,246,425,6.08487332339791,6.41422319474836,5.38154205607477,5.57448979591837,5.9780487804878,6.14670588235294,91
"81",2009,7,6.25454545454545,11,6.725,5,6,5.9,6.33333333333333,8,3,2,2,9,682,465,217,51,248,434,6.08760997067449,6.41956989247312,5.37626728110599,5.59117647058823,5.97741935483871,6.15057603686636,92
"82",2009,8,5.8125,8,6.3,5,5,6,5.625,5,3,1,4,4,690,470,220,52,252,438,6.08442028985507,6.41829787234042,5.37113636363636,5.57980769230769,5.97777777777778,6.14577625570776,93
"83",2009,9,5.90625,16,6.61111111111111,5,4.66666666666667,4.75,6.29166666666667,9,7,3,4,12,706,479,227,55,256,450,6.08038243626062,6.42192066805845,5.35969162995595,5.53,5.95859375,6.14966666666667,94
"84",2009,10,6.16666666666667,12,6.3,5.5,6,7.5,6.04545454545455,10,2,1,1,11,718,489,229,56,257,461,6.08182451253482,6.41942740286298,5.36091703056768,5.53839285714286,5.96459143968872,6.14718004338395,95
"85",2009,11,5.42857142857143,14,5.66666666666667,4,6,6.25,5.1,12,2,1,4,10,732,501,231,57,261,471,6.0693306010929,6.40139720558882,5.3491341991342,5.54649122807017,5.96896551724138,6.12494692144374,96
"86",2009,12,6.09,25,6.76785714285714,5.22727272727273,5.57142857142857,5.38636363636364,6.64285714285714,14,11,7,11,14,757,515,242,64,272,485,6.07001321003963,6.41135922330097,5.34359504132231,5.54921875,5.94540441176471,6.13989690721649,97
"87",2010,1,5.96428571428571,28,6.53333333333333,5.30769230769231,5.22222222222222,4.83333333333333,6.5,15,13,9,9,19,785,530,255,73,281,504,6.06624203821656,6.41481132075472,5.34176470588235,5.50890410958904,5.90978647686833,6.15347222222222,98
"88",2010,2,5.46666666666667,15,6.125,4.71428571428571,5,5,5.58333333333333,8,7,4,3,12,800,538,262,77,284,516,6.055,6.41050185873606,5.325,5.48246753246753,5.90017605633803,6.14021317829457,99
"89",2010,3,6.775,12,7.02727272727273,4,4,6.625,6.85,11,1,1,4,8,812,549,263,78,288,524,6.06564039408867,6.42285974499089,5.31996197718631,5.46346153846154,5.91024305555556,6.15104961832061,100
"90",2010,4,5.88666666666667,15,6.23,5.2,5.66666666666667,6.04285714285714,5.75,10,5,3,7,8,827,559,268,81,295,532,6.06239419588876,6.41940966010733,5.31772388059701,5.47098765432099,5.91338983050847,6.14501879699248,101
"91",2010,5,5.91692307692308,13,6.02666666666667,4.6,4.6,5.75,5.99111111111111,12,1,1,4,9,840,571,269,82,299,541,6.06014285714286,6.41115586690018,5.31505576208178,5.46036585365854,5.91120401337793,6.1424584103512,102
"92",2010,6,6.10588235294118,17,6.02307692307692,6.375,6,7,5.83076923076923,13,4,1,4,13,857,584,273,83,303,554,6.06105017502917,6.40251712328767,5.33058608058608,5.46686746987952,5.92557755775578,6.13514440433213,103
"93",2010,7,5.54545454545455,11,5.75,5,4.5,4.33333333333333,6,8,3,2,3,8,868,592,276,85,306,562,6.05451612903226,6.39369932432433,5.32699275362319,5.44411764705882,5.90996732026144,6.13322064056939,104
"94",2010,8,5.72727272727273,11,5.875,5.33333333333333,NA,4.25,6.57142857142857,8,3,0,4,7,879,600,279,85,310,569,6.05042093287827,6.38678333333333,5.32706093189964,5.44411764705882,5.88854838709677,6.13861159929701,105
"95",2010,9,5.18181818181818,11,6.5,3.6,NA,5,5.25,6,5,0,3,8,890,606,284,85,313,577,6.03968539325843,6.38790429042904,5.29665492957746,5.44411764705882,5.88003194888179,6.12629116117851,106
"96",2010,10,6.25,8,6.57142857142857,4,4,5.5,6.5,7,1,1,2,6,898,613,285,86,315,583,6.04155902004454,6.39,5.29210526315789,5.42732558139535,5.87761904761905,6.1301372212693,107
"97",2010,11,5.92105263157895,19,6.28571428571429,4.9,NA,5.625,6.13636363636364,14,5,0,8,11,917,627,290,86,323,594,6.03906215921483,6.38767145135566,5.28534482758621,5.42732558139535,5.87136222910217,6.13025252525252,108
"98",2010,12,5.82894736842105,19,5.98076923076923,5.5,5.66666666666667,6.16666666666667,5.67307692307692,13,6,3,6,13,936,640,296,89,329,607,6.03479700854701,6.37940625,5.28969594594595,5.43539325842697,5.87674772036474,6.12046128500824,109
"99",2011,1,6,32,6.56666666666667,5.5,7,5.72727272727273,6.14285714285714,15,17,1,11,21,968,655,313,90,340,628,6.03364669421488,6.38369465648855,5.30111821086262,5.45277777777778,5.87191176470588,6.1212101910828,110
"100",2011,2,6.25,16,6.54166666666667,5.375,5,5.58333333333333,6.65,12,4,1,6,10,984,667,317,91,346,638,6.03716463414634,6.38653673163418,5.30205047318612,5.4478021978022,5.86690751445087,6.12949843260188,111
"101",2011,3,5.63705882352941,17,5.82538461538462,5.025,5,5.305,5.81818181818182,13,4,1,6,11,1001,680,321,92,352,649,6.03036963036963,6.37580882352941,5.29859813084112,5.4429347826087,5.85732954545455,6.1242218798151,112
"102",2011,4,5.99990909090909,11,5.9999,6,NA,5.6,6.33316666666667,10,1,0,5,6,1012,690,322,92,357,655,6.03003853754941,6.37036086956522,5.30077639751553,5.4429347826087,5.85372549019608,6.12613587786259,113
"103",2011,5,6.26923076923077,13,6.9375,5.2,5,5.75,6.5,8,5,1,4,9,1025,698,327,93,361,664,6.03307219512195,6.37686103151862,5.29923547400612,5.43817204301075,5.85257617728532,6.13120331325301,114
"104",2011,6,6.03846153846154,13,6.04166666666667,6,6.25,6,6.05,12,1,2,3,10,1038,710,328,95,364,674,6.03313969171484,6.37119577464789,5.30137195121951,5.45526315789474,5.85379120879121,6.12999851632047,115
"105",2011,7,6.45833333333333,12,6.65,5.5,4,6.5,6.45,10,2,1,2,10,1050,720,330,96,366,684,6.03799904761905,6.37506805555556,5.30257575757576,5.44010416666667,5.85732240437159,6.13467690058479,116
"106",2011,8,6.425,20,6.46875,6.25,6.33333333333333,5.83333333333333,6.52941176470588,16,4,3,3,17,1070,736,334,99,369,701,6.04523271028037,6.37710461956522,5.31392215568862,5.46717171717172,5.85712737127371,6.14424964336662,117
"107",2011,9,6.05789473684211,19,6.87272727272727,4.9375,4,5.3,6.5,11,8,2,7,12,1089,747,342,101,376,713,6.0454536271809,6.38440294511379,5.30511695906433,5.43811881188119,5.84675531914894,6.15023702664797,118
"108",2011,10,5.88333333333333,15,5.875,5.91666666666667,5.875,6.875,5.73076923076923,12,3,2,2,13,1104,759,345,103,378,726,6.0432509057971,6.37634914361001,5.3104347826087,5.44660194174757,5.85219576719577,6.1427258953168,119
"109",2011,11,5.54166666666667,18,6.02777777777778,5.05555555555556,4.5,6.66666666666667,5.31666666666667,9,9,5,3,15,1122,768,354,108,381,741,6.03520409982175,6.37226432291667,5.30395480225989,5.40277777777778,5.85860892388451,6.126004048583,120
"110",2011,12,5.26923076923077,13,5.31818181818182,5,NA,4,5.65,11,2,0,3,10,1135,779,356,108,384,751,6.02643083700441,6.35737997432606,5.30224719101124,5.40277777777778,5.84408854166667,6.11966577896138,121
"111",2012,1,5.875,20,6.16666666666667,5.4375,6,5.5,6,12,8,3,5,15,1155,791,364,111,389,766,6.02380865800866,6.35448672566372,5.30521978021978,5.41891891891892,5.83966580976864,6.11732245430809,122
"112",2012,2,6.30909090909091,11,6.55,5.66666666666667,6,6.16666666666667,6.3625,8,3,1,3,8,1166,799,367,112,392,774,6.0265,6.35644430538173,5.30817438692098,5.42410714285714,5.84216836734694,6.11985658914729,123
"113",2012,3,6.26666666666667,15,6.26666666666667,NA,NA,5.83333333333333,6.55555555555556,15,0,0,6,9,1181,814,367,112,398,783,6.02955038103302,6.35478992628993,5.30817438692098,5.42410714285714,5.8420351758794,6.12486462324393,124
"114",2012,4,5.96666666666667,15,6.38888888888889,5.33333333333333,7,5.5,6,9,6,1,1,14,1196,823,373,113,399,797,6.02876170568562,6.35516281895504,5.30857908847185,5.43805309734513,5.84117794486216,6.1226712672522,125
"115",2012,5,5.18181818181818,11,5.85714285714286,4,3.66666666666667,4.5,5.57142857142857,7,4,3,4,7,1207,830,377,116,403,804,6.02104308202154,6.35096265060241,5.2946949602122,5.39224137931035,5.82786600496278,6.11787189054726,126
"116",2012,6,6.65384615384615,13,7.05555555555556,5.75,5,6.5,6.68181818181818,9,4,1,2,11,1220,839,381,117,405,815,6.02778606557377,6.35852085816448,5.2994750656168,5.38888888888889,5.83118518518519,6.12548343558282,127
"117",2012,7,5.82272727272727,11,6.375,5.50714285714286,NA,7,5.705,4,7,0,1,10,1231,843,388,117,406,825,6.02595369618197,6.3585990510083,5.30322164948454,5.38888888888889,5.83406403940887,6.12038666666667,128
"118",2012,8,5.95833333333333,12,6.27777777777778,5,4.5,5.16666666666667,6.22222222222222,9,3,2,3,9,1243,852,391,119,409,834,6.02530088495575,6.35774530516432,5.30089514066496,5.37394957983193,5.82916870415648,6.12148561151079,129
"119",2012,9,5.88333333333333,12,6.2,5.25,6,6.5,5.76,8,4,2,2,10,1255,860,395,121,411,844,6.02394342629482,6.35627790697674,5.30037974683544,5.38429752066116,5.83243309002433,6.11720260663507,130
"120",2012,10,4.90909090909091,11,5,4.75,4.5,4.25,5.28571428571429,7,4,2,4,7,1266,867,399,123,415,851,6.01425671406003,6.34532756632065,5.29486215538847,5.36991869918699,5.81718072289157,6.11036310223267,131
"121",2012,11,6.47222222222222,9,6.75,6.25,6.875,6.5,6.45,4,5,2,4,5,1275,871,404,125,419,856,6.01748941176471,6.34718599311137,5.30668316831683,5.394,5.82369928400955,6.11234696261682,132
"122",2012,12,5.58,15,5.725,5,8,5.24,5.75,12,3,1,5,10,1290,883,407,126,424,866,6.0124023255814,6.33873046432616,5.30442260442261,5.41468253968254,5.81681603773585,6.10816281755196,133
"123",2013,1,6.25714285714286,28,6.4,6,5.75,6.75,6.21923076923077,18,10,2,2,26,1318,901,417,128,426,892,6.01760166919575,6.33995449500555,5.321103117506,5.419921875,5.82119718309859,6.11140022421525,134
"124",2013,2,5.85714285714286,14,5.91666666666667,5.5,5,4,6.36363636363636,12,2,2,3,11,1332,913,419,130,429,903,6.01591516516517,6.33439101861993,5.32195704057279,5.41346153846154,5.80846153846154,6.11447286821705,135
"125",2013,3,6.23333333333333,15,6.70833333333333,4.33333333333333,4.33333333333333,5.5,6.41666666666667,12,3,3,3,12,1347,925,422,133,432,915,6.01833630289532,6.33924216216216,5.31492890995261,5.3890977443609,5.80631944444444,6.11843606557377,136
"126",2013,4,5.99285714285714,14,6.21818181818182,5.16666666666667,4.5,5.18,6.44444444444444,11,3,1,5,9,1361,936,425,134,437,924,6.0180742101396,6.33781944444444,5.31388235294118,5.38246268656716,5.7991533180778,6.12161147186147,137
"127",2013,5,6,5,6.33333333333333,5.5,NA,NA,6,3,2,0,0,5,1366,939,427,134,437,929,6.01800805270864,6.33780511182109,5.31475409836066,5.38246268656716,5.7991533180778,6.12095694294941,138
"128",2013,6,5.40909090909091,11,5.08333333333333,5.8,6.5,4.33333333333333,5.8125,6,5,2,3,8,1377,945,432,136,440,937,6.01314379084967,6.32984021164021,5.32037037037037,5.39889705882353,5.78915909090909,6.11832337246531,139
"129",2013,7,6.11111111111111,9,6.125,6,NA,7,6,8,1,0,1,8,1386,953,433,136,441,945,6.01377994227994,6.32812067156348,5.32193995381062,5.39889705882353,5.79190476190476,6.11732169312169,140
"130",2013,8,5.44,15,5.51111111111111,5.33333333333333,5.33333333333333,4.6,5.86,9,6,3,5,10,1401,962,439,139,446,955,6.00763668807994,6.32047713097713,5.32209567198178,5.39748201438849,5.77854260089686,6.11462722513089,141
"131",2013,9,5.5,16,6.05,4.58333333333333,3.33333333333333,3.5,5.78571428571429,10,6,3,2,14,1417,972,445,142,448,969,6.00190472829922,6.31769444444444,5.31213483146068,5.35387323943662,5.76837053571429,6.10987512899897,142
"132",2013,10,4.95833333333333,12,5.92857142857143,3.6,4,4.58333333333333,5.33333333333333,7,5,1,6,6,1429,979,450,143,454,975,5.99314135759272,6.31491215526047,5.29311111111111,5.3444055944056,5.75270925110132,6.10509641025641,143
"133",2013,11,5.85294117647059,17,6.04166666666667,5.4,5.5,5.58333333333333,6,12,5,2,6,11,1446,991,455,145,460,986,5.99149308437068,6.3116034308779,5.29428571428572,5.34655172413793,5.7505,6.10392393509128,144
"134",2013,12,6.7,15,7.1,5.9,5.83333333333333,6.7,6.7,10,5,3,5,10,1461,1001,460,148,465,996,5.99876728268309,6.31947952047952,5.30086956521739,5.35641891891892,5.76070967741935,6.10990863453815,145
"135",2014,1,6.13703703703704,27,6.41428571428571,5.16666666666667,5,4.41666666666667,6.62857142857143,21,6,1,6,21,1488,1022,466,149,471,1017,6.00127620967742,6.32142759295499,5.29914163090129,5.35402684563758,5.7435881104034,6.12061848574238,146
"136",2014,2,5.3304347826087,23,5.80769230769231,4.71,4.35,6.33333333333333,5.18,13,10,6,3,20,1511,1035,476,155,474,1037,5.99106485771013,6.31497487922705,5.28676470588235,5.31516129032258,5.74732067510549,6.10247733847637,147
"137",2014,3,6.1,18,6.48666666666667,4.16666666666667,4,6.11428571428571,6.09090909090909,15,3,1,7,11,1529,1050,479,156,481,1048,5.99234728580772,6.31742761904762,5.27974947807933,5.30673076923077,5.75266112266112,6.10235591603053,148
"138",2014,4,6.32142857142857,14,6.72727272727273,4.83333333333333,4.83333333333333,6.5,6.27272727272727,11,3,3,3,11,1543,1061,482,159,484,1059,5.99533311730395,6.3216767200754,5.27697095435685,5.29779874213837,5.75729338842975,6.10412559017941,149
"139",2014,5,6.75,10,6.9375,6,6,7.33333333333333,6.5,8,2,1,3,7,1553,1069,484,160,487,1066,6.00019253058596,6.32628531337699,5.27995867768595,5.3021875,5.76700205338809,6.10672514071295,150
"140",2014,6,5.825,10,6.53125,3,4.5,NA,5.825,8,2,2,0,10,1563,1077,486,162,487,1076,5.99907165706974,6.3278077994429,5.27057613168724,5.29228395061728,5.76700205338809,6.10410687732342,151
"141",2014,7,5.83684210526316,19,6,5.48333333333333,5.63333333333333,5,6.13571428571429,13,6,3,5,14,1582,1090,492,165,492,1090,5.99712326169406,6.32389816513761,5.27317073170732,5.29848484848485,5.75920731707317,6.1045128440367,152
"142",2014,8,5.55882352941176,17,5.88888888888889,5.1875,6.125,4.5,5.7,9,8,4,2,15,1599,1099,500,169,494,1105,5.99246341463415,6.32033575978162,5.2718,5.31804733727811,5.75410931174089,6.09902171945701,153
"143",2014,9,5.83333333333333,9,6.58333333333333,4.33333333333333,3.5,5.75,5.85714285714286,6,3,2,2,7,1608,1105,503,171,496,1112,5.99157276119403,6.32176380090498,5.2662027833002,5.29678362573099,5.75409274193548,6.09749910071942,154
"144",2014,10,5.9,18,5.8,6.25,5,5.375,6.05,14,4,1,4,14,1626,1119,507,172,500,1126,5.99055904059041,6.31523592493298,5.27396449704142,5.29505813953488,5.75106,6.09690852575488,155
"145",2014,11,6.04166666666667,12,6.04545454545455,6,NA,6,6.05,11,1,0,2,10,1638,1130,508,172,502,1136,5.99093345543346,6.31260973451327,5.2753937007874,5.29505813953488,5.75205179282869,6.09649559859155,156
"146",2014,12,6.18888888888889,18,6.03076923076923,6.6,5,4.75,6.6,13,5,1,4,14,1656,1143,513,173,506,1150,5.99308514492754,6.30940419947506,5.28830409356725,5.29335260115607,5.74413043478261,6.1026252173913,157
"147",2015,1,5.725,20,6.1,4.6,5,4.6,6.1,15,5,3,5,15,1676,1158,518,176,511,1165,5.98988603818616,6.30669170984456,5.28166023166023,5.28835227272727,5.73293542074364,6.10259141630901,158
"148",2015,2,5.41666666666667,12,5.8125,4.625,5.75,2,5.72727272727273,8,4,2,1,11,1688,1166,522,178,512,1176,5.98581101895735,6.30330102915952,5.27662835249042,5.2935393258427,5.72564453125,6.09908078231292,159
"149",2015,3,5.875,12,6.125,5.375,5.75,6.25,5.8,8,4,2,2,10,1700,1174,526,180,514,1186,5.98502882352941,6.30208603066439,5.27737642585551,5.29861111111111,5.72768482490272,6.09655902192243,160
"150",2015,4,6.66818181818182,22,7.03125,5.7,NA,5.7,6.95294117647059,16,6,0,5,17,1722,1190,532,180,519,1203,5.99375667828107,6.31188991596639,5.28214285714286,5.29861111111111,5.72741811175337,6.1086608478803,161
"151",2015,5,6.34583333333333,12,6.46818181818182,5,NA,7.25,6.165,11,1,0,2,10,1734,1201,533,180,521,1213,5.99619319492503,6.3133213988343,5.28161350844278,5.29861111111111,5.73326295585413,6.10912530915086,162
"152",2015,6,6.46538461538462,13,7.03333333333333,5.1875,4.91666666666667,6.43,6.4875,9,4,3,5,8,1747,1210,537,183,526,1221,5.99968460217516,6.31867685950413,5.28091247672253,5.29234972677596,5.73988593155894,6.11160442260442,163
"153",2015,7,6.38333333333333,18,6.77857142857143,5,NA,7,6.30625,14,4,0,2,16,1765,1224,541,183,528,1237,6.00359716713881,6.32393709150327,5.27883548983364,5.29234972677596,5.74465909090909,6.11412206952304,164
"154",2015,8,6.01818181818182,22,6.46666666666667,5.05714285714286,5,5.75,6.07777777777778,15,7,5,4,18,1787,1239,548,188,532,1255,6.00377672076105,6.32566505246166,5.27600364963504,5.28457446808511,5.7446992481203,6.11360079681275,165
"155",2015,9,5.42863636363636,22,5.90333333333333,5.1,5,5.426,5.42941176470588,9,13,4,5,17,1809,1248,561,192,537,1272,5.99678220011056,6.32261939102564,5.27192513368984,5.27864583333333,5.74173184357542,6.10445676100629,166
"156",2015,10,6.5,18,6.60714285714286,6.125,4,6.16666666666667,6.66666666666667,14,4,1,6,12,1827,1262,565,193,543,1284,6.00174001094691,6.32577575277337,5.27796460176991,5.2720207253886,5.74642725598527,6.10971105919003,167
"157",2015,11,5.86666666666667,21,5.99375,5.46,6.1,5.63333333333333,5.90555555555556,16,5,3,3,18,1848,1278,570,196,546,1302,6.00020508658009,6.32161893583724,5.27956140350877,5.28469387755102,5.74580586080586,6.1068886328725,168
"158",2015,12,6.15714285714286,14,6.43333333333333,4.5,6,6,6.16923076923077,12,2,1,1,13,1862,1290,572,197,547,1315,6.0013850698174,6.32265813953488,5.27683566433567,5.28832487309645,5.74627056672761,6.10750494296578,169
"159",2016,1,6.25,30,6.57894736842105,5.68181818181818,5.33333333333333,5,6.29310344827586,19,11,3,1,29,1892,1309,583,200,548,1344,6.00532716701903,6.3263781512605,5.28447684391081,5.289,5.74490875912409,6.11150967261904,170
"160",2016,2,6.32380952380952,21,6.72,5.33333333333333,5,6,6.35789473684211,15,6,1,2,19,1913,1324,589,201,550,1363,6.00882331416623,6.33083761329305,5.28497453310696,5.28756218905473,5.74583636363636,6.11494424064563,171
"161",2016,3,5.58545454545455,22,6.13428571428571,4.625,4,6.076,5.44117647058824,14,8,2,5,17,1935,1338,597,203,555,1380,6.00400981912145,6.32878101644245,5.27613065326633,5.27487684729064,5.74881081081081,6.10664420289855,172
"162",2016,4,6.4375,16,6.30769230769231,7,6.5,7,6.25,13,3,2,4,12,1951,1351,600,205,559,1392,6.00756483854434,6.32857809030348,5.28475,5.28682926829268,5.75776386404293,6.10788002873563,173
"163",2016,5,6.33333333333333,15,6.58333333333333,5.33333333333333,NA,5.33333333333333,6.58333333333333,12,3,0,3,12,1966,1363,603,205,562,1404,6.0100503560529,6.33082098312546,5.28499170812604,5.28682926829268,5.75549822064057,6.11194373219373,174
"164",2016,6,5.84722222222222,18,6.475,5.0625,5.33333333333333,4.75,5.984375,10,8,3,2,16,1984,1373,611,208,564,1420,6.00857308467742,6.33187108521486,5.28207855973814,5.2875,5.75193262411348,6.11050633802817,175
"165",2016,7,6.025,20,6.46666666666667,5.3625,NA,5.7,6.08235294117647,12,8,0,3,17,2004,1385,619,208,567,1437,6.0087370259481,6.33303898916967,5.28311793214863,5.2875,5.75165784832452,6.11017327766179,176
"166",2016,8,5.05882352941176,17,5.2,4,4,3,5.33333333333333,15,2,2,2,15,2021,1400,621,210,569,1452,6.00074666006927,6.32089928571428,5.27898550724638,5.2752380952381,5.74198594024605,6.10214807162534,177
"167",2016,9,6.32352941176471,17,6.73,5.74285714285714,4.85,6.125,6.38461538461539,10,7,2,4,13,2038,1410,628,212,573,1465,6.00343915603533,6.32380070921985,5.28415605095542,5.27122641509434,5.74465968586387,6.10465460750853,178
"168",2016,10,6.5,18,6.63333333333333,5.83333333333333,6,7.4,6.15384615384615,15,3,1,5,13,2056,1425,631,213,578,1478,6.00778647859922,6.32705894736842,5.28676703645008,5.27464788732394,5.75897923875433,6.10508728010825,179
"169",2016,11,6.48421052631579,19,6.56666666666667,5,NA,6.44,6.5,18,1,0,5,14,2075,1443,632,213,583,1492,6.01214891566265,6.33004781704781,5.28631329113924,5.27464788732394,5.76481989708405,6.10879289544236,180
"170",2016,12,6.48260869565217,23,6.79411764705882,5.6,3.5,6.125,6.67333333333333,17,6,2,8,15,2098,1460,638,215,591,1507,6.01730648236416,6.33545136986301,5.28926332288401,5.25813953488372,5.76969543147208,6.11441207697412,181
"171",2017,1,5.81865384615385,26,6.1,4.88083333333333,4.76166666666667,5.8,5.82309523809524,20,6,3,5,21,2124,1480,644,218,596,1528,6.0148747645951,6.33226959459459,5.28545807453416,5.25130733944954,5.76994966442953,6.11040837696335,182
"172",2017,2,6.425,20,6.5,6.2,6,6.5,6.39285714285714,15,5,1,6,14,2144,1495,649,219,602,1542,6.01870055970149,6.3339525083612,5.29250385208013,5.25472602739726,5.77722591362126,6.11297276264591,183
"173",2017,3,6.38888888888889,18,6.42857142857143,6.25,NA,6,6.41176470588235,14,4,0,1,17,2162,1509,653,219,603,1559,6.02178260869565,6.33483035122597,5.29836906584993,5.25472602739726,5.77759535655058,6.11623091725465,184
"174",2017,4,6.346875,16,6.38888888888889,6.29285714285714,6,6.5,6.29583333333333,9,7,3,4,12,2178,1518,660,222,607,1571,6.02417079889807,6.33515085638998,5.30891666666667,5.2647972972973,5.78235584843492,6.11760280076384,185
"175",2017,5,6.53157894736842,19,6.94,5,NA,4.5,6.9125,15,4,0,3,16,2197,1533,664,222,610,1587,6.02855894401456,6.3410691454664,5.30705572289157,5.2647972972973,5.77604918032787,6.12561688720857,186
"176",2017,6,5.81818181818182,11,6.16666666666667,5.4,NA,7,5.7,6,5,0,1,10,2208,1539,669,222,611,1597,6.02751086956522,6.34038921377518,5.30775037369208,5.2647972972973,5.77805237315876,6.12295178459611,187
"177",2017,7,5.76875,24,5.85833333333333,5.5,5.66666666666667,5.5,5.8225,18,6,3,4,20,2232,1557,675,225,615,1617,6.02472849462366,6.33481631342325,5.30945925925926,5.27015555555556,5.77624390243902,6.11923562152133,188
"178",2017,8,6,17,6.72727272727273,4.66666666666667,4,5,6.0625,11,6,3,1,16,2249,1568,681,228,616,1633,6.0245415740329,6.33756951530612,5.30379588839941,5.25344298245614,5.77498376623377,6.11867973055725,189
"179",2017,9,5.80555555555556,18,5.88461538461539,5.6,6.25,5.5,5.84375,13,5,2,2,16,2267,1581,686,230,618,1649,6.02280282311425,6.33384503478811,5.30595481049563,5.26210869565218,5.77409385113268,6.11601212856276,190
"180",2017,10,6.46636363636364,22,6.82875,5.5,5,6.5,6.463,16,6,1,2,20,2289,1597,692,231,620,1669,6.02706596767147,6.33880338134001,5.307637283237,5.26097402597403,5.77643548387097,6.12017016177351,191
"181",2017,11,6.68,15,6.76666666666667,6.33333333333333,5,2.9,6.95,12,3,1,1,14,2304,1609,695,232,621,1683,6.03131684027778,6.34199440646364,5.31206474820144,5.25984913793104,5.77180354267311,6.12707308377896,192
"182",2017,12,6.08181818181818,22,6.55,4.83333333333333,NA,5.8,6.16470588235294,16,6,0,5,17,2326,1625,701,232,626,1700,6.03179449699054,6.34404246153846,5.30796718972896,5.25984913793104,5.77202875399361,6.1274494117647,193
"183",2018,1,6.41379310344828,29,6.48148148148148,5.5,5.5,6.35714285714286,6.43181818181818,27,2,2,7,22,2355,1652,703,234,633,1722,6.03649851380043,6.3462887409201,5.30851351351351,5.26190170940171,5.77849921011058,6.13133797909407,194
"184",2018,2,6.38888888888889,18,6.5625,5,2,6,6.41176470588235,16,2,1,1,17,2373,1668,705,235,634,1739,6.03917151285293,6.34836270983213,5.30763829787234,5.24802127659575,5.77884858044164,6.13407935595169,195
"185",2018,3,5.46666666666667,15,5.75,4.33333333333333,NA,4,5.69230769230769,12,3,0,2,13,2388,1680,708,235,636,1752,6.03557537688442,6.34408869047619,5.30350988700565,5.24802127659575,5.77325471698113,6.13080136986301,196
"186",2018,4,5.95882352941176,17,6.44166666666667,4.8,3.33333333333333,6.33333333333333,5.87857142857143,12,5,3,3,14,2405,1692,713,238,639,1766,6.03503284823285,6.34478073286052,5.29997896213184,5.22388655462185,5.77588419405321,6.12880181200453,197
"187",2018,5,5.57,10,5.61666666666667,5.5,5,5.75,5.525,6,4,1,2,8,2415,1698,717,239,641,1774,6.03310724637681,6.34220789163722,5.30109483960949,5.22294979079498,5.77580343213729,6.12607891770011,198
"188",2018,6,6.04909090909091,11,6.355,5.23333333333333,4.45,5.63333333333333,6.205,8,3,2,3,8,2426,1706,720,241,644,1782,6.03317971970322,6.34226787807737,5.3008125,5.21653526970954,5.7751397515528,6.12643322109988,199
"189",2018,7,6.22333333333333,15,6.39545454545455,5.75,6,6,6.23928571428571,11,4,1,1,14,2441,1717,724,242,645,1796,6.03434821794347,6.3426086196855,5.30329419889503,5.21977272727273,5.77548837209302,6.12731291759465,200
"190",2018,8,5.83333333333333,18,6.25,5.3125,3,4,5.94117647058824,10,8,1,1,17,2459,1727,732,243,646,1813,6.03287677917853,6.34207237984945,5.30339480874317,5.21063786008231,5.7727399380805,6.12556756756756,201
"191",2018,9,6.72727272727273,11,6.875,6.33333333333333,6.33333333333333,7.16666666666667,6.5625,8,3,3,3,8,2470,1735,735,246,649,1821,6.03596923076923,6.34452968299712,5.30759863945578,5.22432926829268,5.77918335901387,6.12748709500274,202
"192",2018,10,6.26666666666667,21,6.65625,5.02,4,7.08333333333333,5.94,16,5,2,6,15,2491,1751,740,248,655,1836,6.03791409072662,6.34737806967447,5.30565540540541,5.21445564516129,5.79112977099237,6.12595533769063,203
"193",2018,11,6.59230769230769,13,6.64166666666667,6,6,6.5,6.60909090909091,12,1,1,2,11,2504,1763,741,249,657,1847,6.04079233226837,6.34938116846285,5.30659244264508,5.21761044176707,5.79328767123288,6.12883270167839,204
"194",2018,12,5.83333333333333,15,6.375,3.66666666666667,NA,5.83333333333333,5.83333333333333,12,3,0,3,12,2519,1775,744,249,660,1859,6.03955696705042,6.34955436619718,5.29997983870968,5.21761044176707,5.7934696969697,6.12692522861753,205
"195",2019,1,5.96714285714286,35,5.994,5.9,3,5.92777777777778,5.98076923076923,25,10,1,9,26,2554,1800,754,250,669,1885,6.0385646045419,6.34461611111111,5.30793766578249,5.20874,5.79527653213752,6.12490928381963,206
"196",2019,2,5.5,6,5.75,5,5,NA,5.5,4,2,1,0,6,2560,1804,756,251,669,1891,6.03730234375,6.34329767184035,5.30712301587302,5.20790836653387,5.79527653213752,6.12292649391856,207
"197",2019,3,5.80769230769231,13,6.0625,5.4,5,6,5.79166666666667,8,5,1,1,12,2573,1812,761,252,670,1903,6.03614224640498,6.34205794701987,5.3077332457293,5.20708333333334,5.79558208955224,6.12083762480294,208
"198",2019,4,6.35090909090909,11,6.7325,5.33333333333333,6.5,6.475,6.28,8,3,1,4,7,2584,1820,764,253,674,1910,6.03748219814242,6.34377417582418,5.30783376963351,5.21219367588933,5.79961424332344,6.12142094240837,209
"199",2019,5,5.59090909090909,11,5.78571428571429,5.25,NA,NA,5.59090909090909,7,4,0,0,11,2595,1827,768,253,674,1921,6.03558921001927,6.34163601532567,5.30753255208333,5.21219367588933,5.79961424332344,6.11838313378448,210
"200",2019,6,6.11,20,6.17857142857143,5.95,5,6.35,6.08333333333333,14,6,1,2,18,2615,1841,774,254,676,1939,6.03615831739962,6.34039598044541,5.31251291989664,5.21135826771654,5.8012426035503,6.11805776173285,211
"201",2019,7,6.495,10,6.82777777777778,3.5,NA,6.6125,6.41666666666667,9,1,0,4,6,2625,1850,775,254,680,1945,6.03790628571429,6.34276702702703,5.31017419354839,5.21135826771654,5.80601470588235,6.11897892030848,212
"202",2019,8,6.6304347826087,23,6.81578947368421,5.75,NA,5,6.70454545454545,19,4,0,1,22,2648,1869,779,254,681,1967,6.04305287009064,6.34757570893526,5.31243260590501,5.21135826771654,5.80483113069016,6.12552821555668,213
"203",2019,9,6.18272727272727,22,6.39428571428571,5.8125,6.75,5.75,6.27888888888889,14,8,2,4,18,2670,1883,787,256,685,1985,6.04420374531836,6.34792299522039,5.31751588310038,5.22337890625,5.80451094890511,6.12691889168765,214
"204",2019,10,6.1875,16,6.26666666666667,5,NA,7.5,6.1,15,1,0,1,15,2686,1898,788,256,686,2000,6.04505733432614,6.34728082191781,5.31711294416244,5.22337890625,5.80698250728863,6.126717,215
"205",2019,11,6.34090909090909,22,6.88235294117647,4.5,NA,7.5,5.90625,17,5,0,6,16,2708,1915,793,256,692,2016,6.04746085672083,6.35203080939948,5.31196090794452,5.22337890625,5.82166184971098,6.12496726190476,216
"206",2019,12,6.2037037037037,27,6.20454545454545,6.2,6,6,6.22916666666667,22,5,1,3,24,2735,1937,798,257,695,2040,6.04900329067642,6.35035570469799,5.31752506265664,5.22640077821012,5.82243165467626,6.1261931372549,217
"207",2020,1,6.60153846153846,26,6.7447619047619,6,3,6.53333333333333,6.622,21,5,1,6,20,2761,1958,803,258,701,2060,6.05420644693952,6.35458580183861,5.32177459526775,5.21777131782946,5.82851640513552,6.1310067961165,218
"208",2020,2,6.55882352941176,17,7.125,5.2,4,5.83333333333333,6.71428571428571,12,5,2,3,14,2778,1970,808,260,704,2074,6.05729445644349,6.35927868020305,5.32102103960396,5.20840384615385,5.82853693181818,6.13494406943105,219
"209",2020,3,6.5,18,6.53571428571429,6.375,5.75,6.5,6.5,14,4,2,2,16,2796,1984,812,262,706,2090,6.06014449213162,6.36052368951613,5.32621305418719,5.21253816793893,5.83043909348442,6.13773875598086,220
"210",2020,4,6.5,14,6.34615384615385,8.5,NA,7,6.46153846153846,13,1,0,1,13,2810,1997,813,262,707,2103,6.0623359430605,6.36043014521783,5.33011685116851,5.21253816793893,5.83209335219236,6.13974037089871,221
"211",2020,5,6.175,20,6.34375,5.5,5.5,6,6.21875,16,4,2,4,16,2830,2013,817,264,711,2119,6.06313215547704,6.36029756582216,5.33094859241126,5.21471590909091,5.83303797468354,6.14033695139216,222
"212",2020,6,6.28125,16,6.42307692307692,5.66666666666667,5,5.5,6.33333333333333,13,3,1,1,15,2846,2026,820,265,712,2134,6.06435839775123,6.36070039486673,5.33217682926829,5.21390566037736,5.8325702247191,6.14169353327085,223
"213",2020,7,6.1420475,28,6.38533318181818,5.25,8,6.1805,6.1266665,22,6,2,8,20,2874,2048,826,267,720,2154,6.06511528531664,6.36096500488281,5.3315799031477,5.23477528089888,5.83643611111111,6.14155400649953,224
"214",2020,8,6.57142857142857,14,6.72727272727273,6,5,5.5,6.75,11,3,1,2,12,2888,2059,829,268,722,2166,6.06756971260388,6.36292196697426,5.33399879372738,5.23389925373135,5.83550415512465,6.14492489843028,225
"215",2020,9,5.78714285714286,14,5.94444444444444,5.504,3,5.66666666666667,5.82,9,5,1,3,11,2902,2068,834,269,725,2177,6.06621686078567,6.36110073984526,5.33501798561151,5.22559479553904,5.83480551724138,6.1432831097841,226
"216",2020,10,6.075,20,6.39285714285714,5.33333333333333,4,8,5.97368421052632,14,6,1,1,19,2922,2082,840,270,726,2196,6.0662769780972,6.36131427953891,5.33500595238095,5.22105555555556,5.83778787878788,6.14181572404371,227
"217",2020,11,5.97407407407407,27,6.25294117647059,5.5,3.5,6.5,5.932,17,10,2,2,25,2949,2099,850,272,728,2221,6.06543280094948,6.36043655550262,5.33694705882353,5.20840073529412,5.83960714285714,6.13945399819901,228
"218",2020,12,6.07636363636364,33,6.68833333333333,4.44444444444444,4.16666666666667,5.16666666666667,6.16733333333333,24,9,3,3,30,2982,2123,859,275,731,2251,6.06555376592891,6.36414334903438,5.3275960419092,5.19703636363637,5.83684541723666,6.13982555752998,229
"219",2021,1,6.18518518518519,27,6.47368421052632,5.5,7,6.75,6.08695652173913,19,8,1,4,23,3009,2142,867,276,735,2274,6.06662722831506,6.365115,5.32918685121107,5.20356884057971,5.84181496598639,6.13929082233949,230
"220",2021,2,6.51875,16,6.62,5,5,6.93333333333333,6.42307692307692,15,1,1,3,13,3025,2157,868,277,738,2287,6.06901862148761,6.36688749652295,5.32880760368664,5.20283393501805,5.84625203252032,6.14090394840402,231
"221",2021,3,6,12,5.83333333333333,6.5,8,6.33333333333333,5.88888888888889,9,3,1,3,9,3037,2166,871,278,741,2296,6.06874591043794,6.36467051246537,5.33284156142365,5.21289568345324,5.84822402159244,6.13991608449477,232
"222",2021,4,6.14285714285714,14,6.18181818181818,6,6,NA,6.14285714285714,11,3,1,0,14,3051,2177,874,279,741,2310,6.06908598164537,6.36374659163987,5.33513157894737,5.21571684587814,5.84822402159244,6.13993390909091,233
"223",2021,5,6.735,12,7.182,4.5,NA,10,6.43818181818182,10,2,0,1,11,3063,2187,876,279,742,2321,6.07169485145283,6.36748803383631,5.33322488584475,5.21571684587814,5.85381940700809,6.14134740629039,234
"224",2021,6,6.70277777777778,18,6.64333333333333,7,NA,6.8,6.66538461538462,15,3,0,5,13,3081,2202,879,279,747,2334,6.0753818013632,6.36936708900999,5.33891353811149,5.21571684587814,5.86015261044177,6.14426620822622,235
"225",2021,7,6.04666666666667,15,6.24545454545455,5.5,3,4,6.19285714285714,11,4,1,1,14,3096,2213,883,280,748,2348,6.07524267764858,6.36875116583823,5.33964326160815,5.20780357142857,5.85766577540107,6.14455593270869,236
"226",2021,8,6.15092583333333,12,6.53888875,5.375,NA,4.25,6.531111,8,4,0,2,10,3108,2221,887,280,750,2358,6.07553489060489,6.36936399819901,5.33980270574972,5.20780357142857,5.85337866666667,6.14619526717557,237
"227",2021,9,6.82352941176471,17,7.07692307692308,6,6,7.5,6.73333333333333,13,4,1,2,15,3125,2234,891,281,752,2373,6.0796039808,6.37348139659803,5.34276655443322,5.21062277580072,5.8577579787234,6.14990663295407,238
"228",2021,10,6.67857142857143,14,6.77272727272727,6.33333333333333,7,NA,6.67857142857143,11,3,1,0,14,3139,2245,894,282,752,2387,6.08227538706595,6.37543761247216,5.34609060402685,5.21696808510639,5.8577579787234,6.15300730624214,239
"229",2021,11,6.09333333333333,15,6.55,5.18,4.63333333333333,4.5,6.33846153846154,10,5,3,2,13,3154,2255,899,285,754,2400,6.08232797717185,6.37621172505543,5.34516685205784,5.21082456140351,5.85415649867374,6.15401185,240
"230",2021,12,5.80869565217391,23,5.97777777777778,5.2,NA,4.4,6.10526315789474,18,5,0,4,19,3177,2273,904,285,758,2419,6.08034700661001,6.37305650681918,5.3443639380531,5.21082456140351,5.84648284960422,6.15362895411327,241
"231",2022,1,6.50806451612903,31,6.40869565217391,6.79375,6,8,6.45833333333333,23,8,1,1,30,3208,2296,912,286,759,2449,6.08448018703242,6.37341351916376,5.35707785087719,5.21358391608392,5.84932015810277,6.15736155165373,242
"232",2022,2,7.38888888888889,9,7.4375,7,7,8.5,6.83333333333333,8,1,1,3,6,3217,2304,913,287,762,2455,6.08812944979795,6.37710826388889,5.35887732749179,5.21980836236934,5.85975590551181,6.15901362118126,243
"233",2022,3,6.91363636363636,22,6.7421052631579,8,NA,8,6.805,19,3,0,2,20,3239,2323,916,287,764,2475,6.09373647422044,6.38009360309944,5.36752729257642,5.21980836236934,5.86535863874346,6.16423371313131,244
"234",2022,4,5.97857142857143,14,6.4,5.41666666666667,5,5.85,6,8,6,1,2,12,3253,2331,922,288,766,2487,6.09324083615125,6.38016192192192,5.36784707158351,5.21904513888889,5.86531853785901,6.16344127060716,245
"235",2022,5,6.9,10,7,6.5,NA,NA,6.9,8,2,0,0,10,3263,2339,924,288,766,2497,6.0957132822556,6.38228193244976,5.37029761904762,5.21904513888889,5.86531853785901,6.1663910452543,246
"236",2022,6,5.96666666666667,15,6.15384615384615,4.75,NA,7,5.80769230769231,13,2,0,2,13,3278,2352,926,288,768,2510,6.0951227699817,6.38101931972789,5.36895788336933,5.21904513888889,5.8682734375,6.16453324302789,247
"237",2022,7,6.63541666666667,24,7.06578947368421,5,4.66666666666667,7,6.60227272727273,19,5,3,2,22,3302,2371,931,291,770,2532,6.09904980012114,6.38650672290173,5.36697636949517,5.21335051546392,5.87121298701299,6.16833666666667,248
"238",2022,8,6.47692307692308,26,7.09285714285714,5.75833333333333,4.85,4.35,6.65416666666667,14,12,2,2,24,3328,2385,943,293,772,2556,6.10200193509616,6.39065301467505,5.37195652173913,5.21087030716724,5.86727202072539,6.17289845070423,249
"239",2022,9,6.21428571428571,14,6,6.42857142857143,6,6.66666666666667,6.09090909090909,7,7,1,3,11,3342,2392,950,294,775,2567,6.10247230400958,6.3895097993311,5.37974210526316,5.21355442176871,5.8703664516129,6.1725471133619,250
"240",2022,10,5.71333333333333,15,6.24545454545455,4.25,NA,5.6,5.73076923076923,11,4,0,2,13,3357,2403,954,294,777,2580,6.10073352397975,6.38885037037037,5.37500524109015,5.21355442176871,5.86967052767053,6.17032110077519,251
"241",2022,11,6.44117647058824,17,6.73076923076923,5.5,4,5.66666666666667,6.60714285714286,13,4,1,3,14,3374,2416,958,295,780,2594,6.10244885595733,6.39069016556291,5.37552713987474,5.20944067796611,5.86888974358974,6.17267865844256,252
"242",2022,12,6.28537037037037,27,6.78595238095238,4.53333333333333,NA,7.125,6.18041666666667,21,6,0,3,24,3401,2437,964,295,783,2618,6.10390104087034,6.3940962002462,5.37028526970954,5.20944067796611,5.87370242656449,6.17274959511077,253
