"","year","month","avg_rating","no_ratings","avg_rating_owned","avg_rating_not_owned","avg_rating_prev_owned","avg_rating_comment","avg_rating_no_comment","no_ratings_owned","no_ratings_not_owned","no_ratings_prev_owned","no_ratings_comment","no_ratings_no_comment","cum_no_ratings","cum_no_ratings_owned","cum_no_ratings_not_owned","cum_no_ratings_prev_owned","cum_no_ratings_comment","cum_no_ratings_no_comment","cum_avg_rating","cum_avg_rating_owned","cum_avg_rating_not_owned","cum_avg_rating_prev_owned","cum_avg_rating_comment","cum_avg_rating_no_comment","month_after_release"
"1",2008,2,7,1,NA,7,NA,NA,7,0,1,0,0,1,1,0,1,0,0,1,7,NA,7,NA,NA,7,-1
"2",2008,3,7.2,5,7,7.25,NA,NA,7.2,1,4,0,0,5,6,1,5,0,0,6,7.16666666666667,7,7.2,NA,NA,7.16666666666667,0
"3",2008,4,6.46315789473684,19,7.71428571428571,5.73333333333333,6,5.61428571428571,6.95833333333333,7,12,1,7,12,25,8,17,1,7,18,6.632,7.625,6.16470588235294,6,5.61428571428571,7.02777777777778,1
"4",2008,5,6.76315789473684,19,6.95454545454545,6.5,NA,6.5,6.85714285714286,11,8,0,5,14,44,19,25,1,12,32,6.68863636363636,7.23684210526316,6.272,6,5.98333333333333,6.953125,2
"5",2008,6,6.5,15,6.375,6.54545454545455,NA,6.14285714285714,6.8125,4,11,0,7,8,59,23,36,1,19,40,6.64067796610169,7.08695652173913,6.35555555555556,6,6.04210526315789,6.925,3
"6",2008,7,6.5,6,7,6.25,NA,NA,6.5,2,4,0,0,6,65,25,40,1,19,46,6.62769230769231,7.08,6.345,6,6.04210526315789,6.8695652173913,4
"7",2008,8,6.61111111111111,18,7.83333333333333,6,NA,5.2,7.15384615384615,6,12,0,5,13,83,31,52,1,24,59,6.62409638554217,7.2258064516129,6.26538461538461,6,5.86666666666667,6.93220338983051,5
"8",2008,9,7.12978723404255,47,7.51875,6.72391304347826,7,7,7.21034482758621,24,23,4,18,29,130,55,75,5,42,88,6.80692307692308,7.35363636363636,6.406,6.8,6.35238095238095,7.02386363636364,6
"9",2008,10,7.26022,50,7.875,6.69273076923077,7.3,7.05596296296296,7.5,24,26,2,27,23,180,79,101,7,69,111,6.93283888888889,7.5120253164557,6.47981188118812,6.94285714285714,6.62769565217391,7.12252252252252,7
"10",2008,11,6.90666666666667,45,7.425,6.492,7.5,7.14285714285714,6.8,20,25,2,14,31,225,99,126,9,83,142,6.92760444444444,7.49444444444444,6.48223015873016,7.06666666666667,6.71459036144578,7.05211267605634,8
"11",2008,12,6.64038461538462,52,7.09615384615385,6.18461538461538,6.83333333333333,6.825,6.525,26,26,3,20,32,277,125,152,12,103,174,6.87368592057762,7.4116,6.43132236842105,7.00833333333333,6.73602912621359,6.9551724137931,9
"12",2009,1,7.1725,40,7.56,6.94,7.375,7.15,7.18,15,25,4,10,30,317,140,177,16,113,204,6.91139116719243,7.4275,6.50316949152542,7.1,6.77266371681416,6.98823529411765,10
"13",2009,2,7.18555555555556,45,7.59736842105263,6.88461538461539,6.25,7.34375,7.15135135135135,19,26,2,8,37,362,159,203,18,121,241,6.94547237569061,7.44779874213836,6.55202463054187,7.00555555555556,6.81042148760331,7.01327800829875,11
"14",2009,3,6.98775510204082,49,7.29444444444444,6.80967741935484,6.5,7.21176470588235,6.86875,18,31,4,17,32,411,177,234,22,138,273,6.95051338199513,7.43220338983051,6.58615811965812,6.91363636363636,6.85986231884058,6.996336996337,12
"15",2009,4,6.84098360655738,61,7.45,6.54390243902439,7,6.5,6.916,20,41,2,11,50,472,197,275,24,149,323,6.93635805084746,7.43401015228426,6.57985818181818,6.92083333333333,6.83329530201342,6.98390092879257,13
"16",2009,5,6.906,50,7.37894736842105,6.61612903225806,7,6.75555555555556,6.990625,19,31,2,18,32,522,216,306,26,167,355,6.93345019157088,7.42916666666667,6.58353267973856,6.92692307692308,6.82491616766467,6.98450704225352,14
"17",2009,6,7.14722222222222,54,7.65645161290323,6.46086956521739,6,7.31071428571429,7.09,31,23,1,14,40,576,247,329,27,181,395,6.95349131944444,7.45769230769231,6.57495744680851,6.89259259259259,6.86249171270718,6.99518987341772,15
"18",2009,7,6.89302325581395,43,7.4725,6.38913043478261,7.5,6.625,6.95428571428571,20,23,2,8,35,619,267,352,29,189,430,6.94929079159935,7.45880149812734,6.56281534090909,6.93448275862069,6.85243915343915,6.99186046511628,16
"19",2009,8,6.69537037037037,54,6.98913043478261,6.47741935483871,7.03333333333333,6.33571428571429,6.82125,23,31,6,14,40,673,290,383,35,203,470,6.92891679049034,7.42155172413793,6.55590339425587,6.95142857142857,6.81680295566502,6.97734042553191,17
"20",2009,9,6.66279069767442,43,7.75,6.13793103448276,5.91666666666667,6.28846153846154,6.825,14,29,6,13,30,716,304,412,41,216,500,6.9129343575419,7.43667763157895,6.52648300970874,6.8,6.78500462962963,6.9682,18
"21",2009,10,7.0093023255814,43,7.42380952380952,6.61363636363636,7.125,6.76363636363636,7.09375,21,22,4,11,32,759,325,434,45,227,532,6.91839393939394,7.43584615384615,6.53090092165899,6.82888888888889,6.78396916299559,6.97575187969925,19
"22",2009,11,7.00491803278689,61,7.68,6.53611111111111,6.83333333333333,6.7,7.10434782608696,25,36,9,15,46,820,350,470,54,242,578,6.92483048780488,7.45328571428571,6.5313,6.82962962962963,6.77876446280992,6.98598615916955,20
"23",2009,12,7.07105263157895,57,7.625,6.72285714285714,6.65714285714286,7.37941176470588,6.94,22,35,7,17,40,877,372,505,61,259,618,6.93433409350057,7.46344086021505,6.54457623762376,6.80983606557377,6.81818918918919,6.98300970873786,21
"24",2010,1,7.09830508474576,59,7.47407407407407,6.78125,7.04545454545455,6.96315789473684,7.1625,27,32,11,19,40,936,399,537,72,278,658,6.94466987179487,7.46416040100251,6.55867970204842,6.84583333333333,6.82809712230216,6.99392097264438,22
"25",2010,2,7.14117647058824,34,7.8,6.62105263157895,6.66666666666667,7.1,7.14516129032258,15,19,3,3,31,970,414,556,75,281,689,6.95155773195876,7.47632850241546,6.56081115107914,6.83866666666667,6.831,7.00072568940493,23
"26",2010,3,7.18529411764706,34,7.54,7.0375,6.5,7.13333333333333,7.204,10,24,3,9,25,1004,424,580,78,290,714,6.95947310756972,7.47783018867925,6.58053620689655,6.82564102564103,6.84038275862069,7.0078431372549,24
"27",2010,4,7.10810810810811,37,7.375,6.90476190476191,7,7.27777777777778,7.05357142857143,16,21,2,9,28,1041,440,601,80,299,742,6.96475600384246,7.47409090909091,6.59186522462563,6.83,6.85354849498328,7.00956873315364,25
"28",2010,5,7.12205882352941,34,7.53333333333333,6.79736842105263,6,6.875,7.19807692307692,15,19,1,8,26,1075,455,620,81,307,768,6.9697311627907,7.47604395604396,6.59816290322581,6.81975308641975,6.85410749185668,7.01595052083333,26
"29",2010,6,6.54605263157895,38,7.15384615384615,6.23,6.96428571428571,5.52777777777778,6.86206896551724,13,25,7,9,29,1113,468,645,88,316,797,6.95526594788859,7.46709401709402,6.58389302325581,6.83125,6.81633227848101,7.0103513174404,27
"30",2010,7,7.05384615384615,39,7.33333333333333,6.87916666666667,6.5,7.1875,7.01935483870968,15,24,9,8,31,1152,483,669,97,324,828,6.95860329861111,7.46293995859213,6.59448579970105,6.80051546391753,6.82549691358025,7.0106884057971,28
"31",2010,8,7.071875,32,7.46428571428571,6.76666666666667,7.75,6.97222222222222,7.11086956521739,14,18,2,9,23,1184,497,687,99,333,851,6.96166469594595,7.46297786720322,6.59899708879185,6.81969696969697,6.82946246246246,7.01339600470035,29
"32",2010,9,7.2472972972973,37,7.30555555555556,7.19210526315789,7,7,7.305,18,19,3,7,30,1221,515,706,102,340,881,6.97032022932023,7.45747572815534,6.61495892351275,6.825,6.83297352941177,7.0233257661748,30
"33",2010,10,6.86285714285714,35,7.58,6.325,6.5,7.1,6.768,15,20,7,10,25,1256,530,726,109,350,906,6.96732563694268,7.46094339622642,6.60697107438017,6.80412844036697,6.84060285714286,7.01628035320088,31
"34",2010,11,6.86923076923077,39,7.37,6.34210526315789,6.66666666666667,7.4,6.68620689655172,20,19,3,10,29,1295,550,745,112,360,935,6.96437142857143,7.45763636363636,6.60021610738255,6.80044642857143,6.85614166666667,7.00604278074866,32
"35",2010,12,7.21111111111111,45,7.52173913043478,6.88636363636364,7.25,7.43636363636364,7.13823529411765,23,22,4,11,34,1340,573,767,116,371,969,6.97265746268657,7.46020942408377,6.60842372881356,6.81594827586207,6.87334501347709,7.01068111455108,33
"36",2011,1,6.9525,40,7.516,6.01333333333333,3,7.32222222222222,6.84516129032258,25,15,1,9,31,1380,598,782,117,380,1000,6.9720731884058,7.46254180602007,6.59700895140665,6.78333333333333,6.88397631578948,7.00555,34
"37",2011,2,6.9625,32,7.23,6.84090909090909,6.75,7.5,6.75217391304348,10,22,4,9,23,1412,608,804,121,389,1023,6.97185623229462,7.45871710526316,6.6036828358209,6.78223140495868,6.89822879177378,6.99985337243402,35
"38",2011,3,7.07777777777778,36,7.6125,6.65,7.33333333333333,7.11111111111111,7.06666666666667,16,20,3,9,27,1448,624,824,124,398,1050,6.97448964088398,7.46266025641026,6.60480703883495,6.79556451612903,6.90304271356784,7.00157142857143,36
"39",2011,4,7.09310344827586,29,7.55384615384615,6.71875,6.9,7.35,6.95789473684211,13,16,5,10,19,1477,637,840,129,408,1069,6.97681855111713,7.46452119309262,6.60697738095238,6.79961240310078,6.91399754901961,7.00079513564078,37
"40",2011,5,7.29821428571429,28,7.5875,7.1825,7.5,7.8,7.18913043478261,8,20,4,5,23,1505,645,860,133,413,1092,6.98279800664452,7.46604651162791,6.62036162790698,6.82067669172932,6.92472397094431,7.0047619047619,38
"41",2011,6,6.80185185185185,27,6.81,6.79166666666667,7,6.25,6.89782608695652,15,12,1,4,23,1532,660,872,134,417,1115,6.9796090078329,7.45113636363636,6.62271903669725,6.82201492537313,6.91825179856115,7.00255605381166,39
"42",2011,7,6.86666666666667,15,7.6,6.5,6,7.25,6.72727272727273,5,10,3,4,11,1547,665,882,137,421,1126,6.97851389786684,7.45225563909774,6.62132766439909,6.80401459854015,6.92140380047506,6.99986678507993,40
"43",2011,8,6.88148148148148,27,7.3,6.59375,7.375,7.17,6.71176470588235,11,16,4,10,17,1574,676,898,141,431,1143,6.97684942820839,7.44977810650887,6.62083630289532,6.82021276595745,6.9271716937355,6.99558180227472,41
"44",2011,9,7.27666666666667,30,7.70714285714286,6.9,7.3,6.65,7.43333333333333,14,16,3,6,24,1604,690,914,144,437,1167,6.98245698254364,7.455,6.62572319474836,6.83020833333333,6.92336613272311,7.00458440445587,42
"45",2011,10,7.12121212121212,33,7.78571428571429,6.63157894736842,7.33333333333333,7.9,6.98214285714286,14,19,3,5,28,1637,704,933,147,442,1195,6.98525412339646,7.46157670454545,6.6258424437299,6.84047619047619,6.93441402714932,7.00405857740586,43
"46",2011,11,6.98787878787879,33,7.5375,6.47058823529412,6.9,7.06,6.975,16,17,2,5,28,1670,720,950,149,447,1223,6.98530598802395,7.46326388888889,6.62306421052632,6.84127516778524,6.93581879194631,7.0033932951758,44
"47",2011,12,7.24583333333333,24,7.37777777777778,7.16666666666667,7,7.725,7.15,9,15,1,4,20,1694,729,965,150,451,1243,6.98899704840614,7.4622085048011,6.63151398963731,6.84233333333333,6.94281818181818,7.00575221238938,45
"48",2012,1,7.22368421052632,38,7.72727272727273,7.01851851851852,6.8375,7.4375,7.16666666666667,11,27,8,8,30,1732,740,992,158,459,1273,6.994146073903,7.46614864864865,6.64204737903226,6.84208860759494,6.95144008714597,7.00954438334642,46
"49",2012,2,7.18965517241379,29,7.5,6.85714285714286,7,7.375,7.16,15,14,3,4,25,1761,755,1006,161,463,1298,6.99736570130608,7.46682119205298,6.6450407554672,6.84503105590062,6.95509935205184,7.01244221879815,47
"50",2012,3,7.18214285714286,28,7.5,7.00555555555556,7.07142857142857,6.8,7.26521739130435,10,18,7,5,23,1789,765,1024,168,468,1321,7.00025768585802,7.46725490196078,6.6513779296875,6.85446428571429,6.95344230769231,7.0168433005299,48
"51",2012,4,7.16129032258065,31,7.2,7.14285714285714,7.5,7.66666666666667,7.04,10,21,3,6,25,1820,775,1045,171,474,1346,7.00300054945055,7.4638064516129,6.66125454545455,6.86578947368421,6.96247046413502,7.01727340267459,49
"52",2012,5,6.97619047619048,21,7.5,6.58333333333333,7.25,7,6.96666666666667,9,12,2,6,15,1841,784,1057,173,480,1361,7.00269473112439,7.46422193877551,6.66036991485336,6.87023121387283,6.96293958333333,7.01671565025716,50
"53",2012,6,7.18928571428571,28,7.85714285714286,6.52142857142857,6.56,8.16666666666667,6.92272727272727,14,14,5,6,22,1869,798,1071,178,486,1383,7.00549010165864,7.47111528822055,6.65855368814192,6.86151685393258,6.97780041152263,7.01522053506869,51
"54",2012,7,6.43545454545455,11,6.75,6.25571428571429,5.33333333333333,5.33333333333333,6.84875,4,7,3,3,8,1880,802,1078,181,489,1391,7.00215478723404,7.46751870324189,6.65593784786642,6.83618784530387,6.96771165644172,7.01426312005751,52
"55",2012,8,7.1,22,7.31818181818182,6.88181818181818,6,6.5,7.27647058823529,11,11,1,5,17,1902,813,1089,182,494,1408,7.0032865404837,7.46549815498155,6.65821946740129,6.83159340659341,6.96297773279352,7.01742897727273,53
"56",2012,9,6.336,25,7.1125,5.97058823529412,5.375,5.71428571428571,6.57777777777778,8,17,4,7,18,1927,821,1106,186,501,1426,6.99462947586923,7.46205846528623,6.64765009041591,6.8002688172043,6.94553093812375,7.0118793828892,54
"57",2012,10,7.09411764705882,17,6.82222222222222,7.4,NA,7.38,6.975,9,8,0,5,12,1944,830,1114,186,506,1438,6.99549948559671,7.45512048192771,6.65305296229803,6.8002688172043,6.94982411067194,7.01157162726008,55
"58",2012,11,7.14166666666667,24,7.78333333333333,6.5,7,6.91666666666667,7.21666666666667,12,12,3,6,18,1968,842,1126,189,512,1456,6.99728201219512,7.45979809976247,6.65142184724689,6.80343915343915,6.949435546875,7.01410714285714,56
"59",2012,12,6.86538461538461,26,7.28571428571429,6.375,7.33333333333333,7.66666666666667,6.76086956521739,14,12,3,3,23,1994,856,1138,192,515,1479,6.99556218655968,7.45695093457944,6.64850702987698,6.81171875,6.95361359223301,7.01016903313049,57
"60",2013,1,7.1,24,7.65,6.825,7.5,7.675,6.985,8,16,1,4,20,2018,864,1154,193,519,1499,6.99680426164519,7.45873842592592,6.65095407279029,6.81528497409326,6.95917341040463,7.0098332221481,58
"61",2013,2,7.07692307692308,39,7.67857142857143,6.74,6,7.41,6.96206896551724,14,25,3,10,29,2057,878,1179,196,529,1528,6.99832328633933,7.46224373576309,6.65284223918575,6.80280612244898,6.96769565217391,7.00892670157068,59
"62",2013,3,7.00969696969697,33,7.08571428571429,6.95368421052632,7,7.3025,6.916,14,19,3,8,25,2090,892,1198,199,537,1553,6.9985028708134,7.45633408071749,6.65761352253756,6.80577889447236,6.9726834264432,7.00743077913715,60
"63",2013,4,7.05555555555556,18,7.63333333333333,6.47777777777778,7.33333333333333,7.84,6.75384615384615,9,9,3,5,13,2108,901,1207,202,542,1566,6.99899003795066,7.45810210876803,6.65627257663629,6.81361386138614,6.98068450184502,7.00532567049808,61
"64",2013,5,6.42105263157895,19,6.05555555555556,6.75,7.1,6.875,6.3,9,10,5,4,15,2127,910,1217,207,546,1581,6.99382745651152,7.44423076923077,6.65704272801972,6.82053140096618,6.97991025641026,6.99863377609108,62
"65",2013,6,7.09666666666667,30,7.55454545454545,6.83157894736842,6,6.6,7.196,11,19,1,5,25,2157,921,1236,208,551,1606,6.99525776541493,7.44554831704669,6.65972572815534,6.81658653846154,6.97646279491833,7.00170610211706,63
"66",2013,7,7.42105263157895,19,7.25,7.46666666666667,7.375,6.91666666666667,7.65384615384615,4,15,4,6,13,2176,925,1251,212,557,1619,6.99897564338235,7.4447027027027,6.66940127897682,6.82712264150943,6.97581867145422,7.00694255713403,64
"67",2013,8,7.31851851851852,27,8.21,6.79411764705882,6.5,6.94285714285714,7.45,10,17,2,7,20,2203,935,1268,214,564,1639,7.00289196550159,7.45288770053476,6.67107334384858,6.82406542056075,6.97540957446809,7.01234899328859,65
"68",2013,9,7.1725,20,8.13333333333333,6.38636363636364,NA,7.61666666666667,6.98214285714286,9,11,0,6,14,2223,944,1279,214,570,1653,7.00441790373369,7.459375,6.66862470680219,6.82406542056075,6.98215964912281,7.01209316394434,66
"69",2013,10,7.216,25,7.85454545454545,6.71428571428571,5.16666666666667,8,7.10909090909091,11,14,3,3,22,2248,955,1293,217,573,1675,7.00677090747331,7.46392670157068,6.66911910286156,6.80115207373272,6.98748865619546,7.0133671641791,67
"70",2013,11,7.07352941176471,34,7.47142857142857,6.795,7.5,7.8,6.94827586206897,14,20,3,5,29,2282,969,1313,220,578,1704,7.00776555652936,7.4640350877193,6.6710365575019,6.81068181818182,6.99451730103806,7.01225938967136,68
"71",2013,12,7.31290322580645,31,7.56666666666667,6.96153846153846,6,7.21428571428571,7.34166666666667,18,13,1,7,24,2313,987,1326,221,585,1728,7.0118551664505,7.46590678824721,6.67388461538461,6.80701357466063,6.99714700854701,7.01683449074074,69
"72",2014,1,7.14166666666667,30,7.66666666666667,6.79166666666667,8.25,7.16666666666667,7.13888888888889,12,18,2,3,27,2343,999,1344,223,588,1755,7.01351728553137,7.46831831831832,6.67546205357143,6.81995515695067,6.99801190476191,7.01871225071225,70
"73",2014,2,7.042,25,7.625,6.50384615384615,NA,6.33333333333333,7.26578947368421,12,13,0,6,19,2368,1011,1357,223,594,1774,7.01381798986487,7.47017804154302,6.67381798084009,6.81995515695067,6.99129797979798,7.02135851183765,71
"74",2014,3,7.228,25,7.72857142857143,6.59090909090909,7.5,6.4,7.435,14,11,2,5,20,2393,1025,1368,225,599,1794,7.01605557877142,7.47370731707317,6.67315131578947,6.826,6.98636227045075,7.02596989966555,72
"75",2014,4,7.17857142857143,14,7.58333333333333,6.875,8,NA,7.17857142857143,6,8,1,0,14,2407,1031,1376,226,599,1808,7.01700083090985,7.47434529582929,6.67432485465116,6.83119469026549,6.98636227045075,7.02715154867257,73
"76",2014,5,7.03125,16,7.75,6.6,7.25,7.75,6.92857142857143,6,10,2,2,14,2423,1037,1386,228,601,1822,7.01709492364837,7.47594021215043,6.6737886002886,6.83486842105263,6.98890349417637,7.02639407244786,74
"77",2014,6,6.76166666666667,18,7.54555555555556,5.97777777777778,6.25,5.525,7.115,9,9,2,4,14,2441,1046,1395,230,605,1836,7.01521138877509,7.47653919694072,6.6692982078853,6.82978260869565,6.97922479338843,7.0270697167756,75
"78",2014,7,7.5,22,7.88181818181818,7.11818181818182,7.3,7.66666666666667,7.47368421052632,11,11,5,3,19,2463,1057,1406,235,608,1855,7.01954161591555,7.480756859035,6.67281009957325,6.83978723404255,6.98261677631579,7.03164420485175,76
"79",2014,8,7.13928571428571,28,7.44444444444444,6.99473684210526,7.5,7.5,7.07916666666667,9,19,2,4,24,2491,1066,1425,237,612,1879,7.02088759534324,7.48045028142589,6.67710245614035,6.84535864978903,6.98599836601307,7.03225119744545,77
"80",2014,9,7.1,14,8,6.85454545454545,7,9,6.95384615384615,3,11,2,1,13,2505,1069,1436,239,613,1892,7.02132974051896,7.48190832553788,6.67846169916434,6.84665271966527,6.98928384991843,7.03171247357294,78
"81",2014,10,7.165,20,7.64166666666667,6.45,7,7.33333333333333,7.13529411764706,12,8,1,3,17,2525,1081,1444,240,616,1909,7.02246772277228,7.48368177613321,6.6771959833795,6.84729166666667,6.99095941558442,7.03263488737559,79
"82",2014,11,7.11052631578947,19,7.1,7.11428571428571,6.7,7.04,7.13571428571429,5,14,1,5,14,2544,1086,1458,241,621,1923,7.02312539308176,7.48191528545119,6.68139300411522,6.84668049792531,6.99135426731079,7.03338533541342,80
"83",2014,12,7.24913043478261,23,6.8,7.53785714285714,7.4,7,7.30157894736842,9,14,2,4,19,2567,1095,1472,243,625,1942,7.02515037008181,7.4763105022831,6.68953872282608,6.85123456790123,6.9914096,7.03600926879505,81
"84",2015,1,6.35952380952381,21,6.97222222222222,5.9,5,4.5,6.55526315789474,9,12,1,2,19,2588,1104,1484,244,627,1961,7.01974922720247,7.47220108695652,6.68315431266846,6.84364754098361,6.9834625199362,7.03135135135135,82
"85",2015,2,7.08888888888889,18,7.42857142857143,6.87272727272727,6,6.83333333333333,7.14,7,11,2,3,15,2606,1111,1495,246,630,1976,7.02022678434382,7.47192619261926,6.6845491638796,6.83678861788618,6.98274761904762,7.03217611336032,83
"86",2015,3,7.06521739130435,23,7.76666666666667,6.81764705882353,7.125,8,6.97619047619048,6,17,4,2,21,2629,1117,1512,250,632,1997,7.02062038798022,7.47350940017905,6.68604563492063,6.8414,6.9859667721519,7.03158738107161,84
"87",2015,4,7.228,25,7.53333333333333,6.94615384615385,6.25,7.5,7.14210526315789,12,13,4,6,19,2654,1129,1525,254,638,2016,7.02257385079126,7.47414526129318,6.68826295081967,6.83208661417323,6.99080094043887,7.03262896825397,85
"88",2015,5,7.54130434782609,23,8.035,7.16153846153846,7.25,9,7.3225,10,13,2,3,20,2677,1139,1538,256,641,2036,7.0270306313037,7.47906935908692,6.6922633289987,6.8353515625,7.00020436817473,7.03547642436149,86
"89",2015,6,7.425,20,8.4375,6.75,6,6.875,7.5625,8,12,4,4,16,2697,1147,1550,260,645,2052,7.02998183166481,7.48575414123801,6.69271032258064,6.8225,6.99942790697675,7.03958576998051,87
"90",2015,7,7.11111111111111,18,7.3125,6.95,7,6.5,7.5,8,10,1,7,11,2715,1155,1560,261,652,2063,7.0305197053407,7.48455411255411,6.69435961538461,6.82318007662835,6.99406595092025,7.04204071740184,88
"91",2015,8,6.878,20,7.34,6.5,NA,7.125,6.81625,9,11,0,4,16,2735,1164,1571,261,656,2079,7.02940438756856,7.48343642611684,6.69299872692552,6.82318007662835,6.99486432926829,7.04030303030303,89
"92",2015,9,7.11666666666667,18,7.48,6.6625,7,6.125,7.4,10,8,1,4,14,2753,1174,1579,262,660,2093,7.02997493643298,7.48340715502555,6.69284420519316,6.82385496183206,6.98959242424242,7.04270903010033,90
"93",2015,10,6.59444444444444,18,7.675,6.28571428571429,7.25,5.34,7.07692307692308,4,14,2,5,13,2771,1178,1593,264,665,2106,7.02714579574161,7.48405772495755,6.68926616446955,6.82708333333333,6.97718947368421,7.04292022792023,91
"94",2015,11,6.940625,32,7.55,6.66363636363636,7.4,7.375,6.87857142857143,10,22,5,4,28,2803,1188,1615,269,669,2134,7.02615804495184,7.48461279461279,6.68891702786377,6.83773234200743,6.97956801195815,7.04076382380506,92
"95",2015,12,7.225,18,7.58333333333333,7.04583333333333,7.55,7.04,7.29615384615385,6,12,2,5,13,2821,1194,1627,271,674,2147,7.02742679900744,7.48510887772194,6.69154947756607,6.8429889298893,6.98001632047478,7.04231020027946,93
"96",2016,1,7.17741935483871,31,7.71875,6.6,NA,8.66666666666667,7.01785714285714,16,15,0,3,28,2852,1210,1642,271,677,2175,7.02905715287517,7.48819834710744,6.6907131546894,6.8429889298893,6.98749039881832,7.04199540229885,94
"97",2016,2,7.35294117647059,17,7.375,7.33333333333333,6.875,8,7.21428571428571,8,9,4,3,14,2869,1218,1651,275,680,2189,7.0309762983618,7.48745484400657,6.69421623258631,6.84345454545455,6.99195735294118,7.04309730470534,95
"98",2016,3,7.09,20,7.27,6.91,6.55,6,7.14736842105263,10,10,2,1,19,2889,1228,1661,277,681,2208,7.03138490827276,7.48568403908795,6.69551535219747,6.8413357400722,6.99050073421439,7.04399456521739,96
"99",2016,4,7.0625,16,8.07142857142857,6.27777777777778,6,8,7,7,9,2,1,15,2905,1235,1670,279,682,2223,7.03155628227194,7.48900404858299,6.69326407185628,6.83530465949821,6.99198093841642,7.04369770580297,97
"100",2016,5,7.17857142857143,14,7.61111111111111,6.4,9,7.5625,6.66666666666667,9,5,1,8,6,2919,1244,1675,280,690,2229,7.03226139088729,7.48988745980707,6.69238865671641,6.84303571428571,6.99859565217391,7.04268281740691,98
"101",2016,6,6.91923076923077,13,7.66666666666667,6.27857142857143,NA,8,6.82916666666667,6,7,0,1,12,2932,1250,1682,280,691,2241,7.0317602319236,7.490736,6.69066646848989,6.84303571428571,7.00004486251809,7.04153949129853,99
"102",2016,7,6.54375,16,8,6.20769230769231,5,6,6.58,3,13,1,1,15,2948,1253,1695,281,692,2256,7.02911160108548,7.49195530726257,6.6869622418879,6.8364768683274,6.99859971098266,7.03847074468085,100
"103",2016,8,7.2125,20,7.66666666666667,6.84090909090909,6,7,7.23611111111111,9,11,1,2,18,2968,1262,1706,282,694,2274,7.03034737196765,7.49320126782884,6.68795486518171,6.83351063829787,6.99860374639769,7.04003518029903,101
"104",2016,9,7.07692307692308,13,6.83333333333333,7.28571428571429,7.5,6.75,7.13636363636364,6,7,2,2,11,2981,1268,1713,284,696,2285,7.03055048641396,7.49007886435331,6.69039754816112,6.83820422535211,6.99788936781609,7.0404989059081,102
"105",2016,10,7,19,7.28571428571429,6.83333333333333,8,7,7,7,12,1,2,17,3000,1275,1725,285,698,2302,7.030357,7.4889568627451,6.69139188405797,6.84228070175438,6.99789541547278,7.04019982623805,103
"106",2016,11,6.9,14,7.21428571428571,6.58571428571429,NA,7.5,6.85384615384615,7,7,0,1,13,3014,1282,1732,285,699,2315,7.02975149303251,7.48745709828393,6.69096478060046,6.84228070175438,6.99861373390558,7.03915334773218,104
"107",2016,12,6.49230769230769,13,7.65,5.5,6,4.5,6.65833333333333,6,7,1,1,12,3027,1288,1739,286,700,2327,7.02744334324414,7.48821428571428,6.68617078780908,6.83933566433566,6.99504428571429,7.03718951439622,105
"108",2017,1,7.25333333333333,15,7.6875,6.75714285714286,9.5,7.75,7.17692307692308,8,7,1,2,13,3042,1296,1746,287,702,2340,7.02855719921105,7.48944444444444,6.68645532646048,6.848606271777,6.99719515669516,7.03796581196581,106
"109",2017,2,7.1,17,7.96666666666667,6.62727272727273,6,6,7.33571428571429,6,11,3,3,14,3059,1302,1757,290,705,2354,7.02895423340961,7.49164362519201,6.68608480364257,6.8398275862069,6.99295177304965,7.03973661852167,107
"110",2017,3,7.46153846153846,13,8.25,7.11111111111111,3,9,7.33333333333333,4,9,1,1,12,3072,1306,1766,291,706,2366,7.03078483072917,7.4939663093415,6.68825084937712,6.8266323024055,6.99579461756374,7.04122569737955,108
"111",2017,4,7.19230769230769,13,7.21428571428571,7.16666666666667,NA,6.5,7.31818181818182,7,6,0,2,11,3085,1313,1772,291,708,2377,7.03146547811994,7.49247524752475,6.68987076749435,6.8266323024055,6.99439406779661,7.04250736222129,109
"112",2017,5,7.10833333333333,12,7.73333333333333,6.48333333333333,4,7,7.11818181818182,6,6,1,1,11,3097,1319,1778,292,709,2388,7.0317633193413,7.49357088703563,6.68917379077615,6.81695205479452,6.99440197461213,7.04285594639866,110
"113",2017,6,6.46428571428571,14,7.5,6.05,7,NA,6.46428571428571,4,10,1,0,14,3111,1323,1788,293,709,2402,7.02920957891353,7.49359032501889,6.68559899328859,6.81757679180887,6.99440197461213,7.03948376353039,111
"114",2017,7,7.1,10,7.66666666666667,6.85714285714286,7,NA,7.1,3,7,1,0,10,3121,1326,1795,294,709,2412,7.0294363985902,7.49398190045249,6.68626796657381,6.81819727891156,6.99440197461213,7.03973466003317,112
"115",2017,8,6.375,16,7.33333333333333,5.8,NA,7,6.23076923076923,6,10,0,3,13,3137,1332,1805,294,712,2425,7.02609850175327,7.49325825825826,6.68135789473684,6.81819727891156,6.99442556179775,7.03539793814433,113
"116",2017,9,6.96,15,7.1,6.89,8,7,6.95384615384615,5,10,1,2,13,3152,1337,1815,295,714,2438,7.02578394670051,7.4917875841436,6.68250743801653,6.82220338983051,6.99444117647059,7.03496308449549,114
"117",2017,10,6.91666666666667,12,7,6.875,8,NA,6.91666666666667,4,8,1,0,12,3164,1341,1823,296,714,2450,7.0253701011378,7.49032065622669,6.68335216675809,6.82618243243243,6.99444117647059,7.03438367346939,115
"118",2017,11,7.58333333333333,12,7.42857142857143,7.8,7,8,7.5,7,5,1,2,10,3176,1348,1828,297,716,2460,7.02747827455919,7.49,6.68640645514223,6.82676767676768,6.99725,7.03627642276423,116
"119",2017,12,6.65,20,6.45,6.7,7,4,6.78947368421053,4,16,1,1,19,3196,1352,1844,298,717,2479,7.02511608260325,7.48692307692307,6.68652440347071,6.82734899328859,6.99306973500697,7.03438483259379,117
"120",2018,1,7.01111111111111,18,7.525,6.86428571428571,7.66666666666667,7.125,6.97857142857143,4,14,3,4,14,3214,1356,1858,301,721,2493,7.02503764779092,7.48703539823009,6.6878638320775,6.83571428571429,6.99380166435506,7.03407139991978,118
"121",2018,2,7.08,10,7.96,6.2,8,6,7.2,5,5,1,1,9,3224,1361,1863,302,722,2502,7.02520812655087,7.48877296105804,6.68655448201825,6.83956953642384,6.99242520775623,7.03466826538769,119
"122",2018,3,6.92857142857143,7,7.5,6.16666666666667,NA,7,6.91666666666667,4,3,0,1,6,3231,1365,1866,302,723,2508,7.02499876199319,7.48880586080586,6.68571864951768,6.83956953642384,6.9924356846473,7.03438596491228,120
"123",2018,4,7.33636363636364,11,7.84,6.91666666666667,NA,7,7.37,5,6,0,1,10,3242,1370,1872,302,724,2518,7.02605521283159,7.49008759124087,6.68645886752136,6.83956953642384,6.99244613259668,7.03571882446386,121
"124",2018,5,7.16666666666667,6,8,6.33333333333333,5,5,7.6,3,3,1,1,5,3248,1373,1875,303,725,2523,7.02631496305419,7.49120174799708,6.68589386666666,6.83349834983498,6.98969793103448,7.03683709869204,122
"125",2018,6,7.13333333333333,6,7.66666666666667,6.6,6,8,6.7,3,3,2,2,4,3254,1376,1878,305,727,2527,7.026512292563,7.49158430232558,6.68575665601704,6.82803278688525,6.992477303989,7.03630391768896,123
"126",2018,7,6.94444444444444,9,7.5,6.5,NA,8,6.8125,4,5,0,1,8,3263,1380,1883,305,728,2535,7.02628593319032,7.49160869565217,6.685263409453,6.82803278688525,6.99386126373626,7.0355976331361,124
"127",2018,8,6.1875,8,8.5,5.41666666666667,6,6,6.21428571428571,2,6,3,1,7,3271,1382,1889,308,729,2542,7.02423448486701,7.49306801736613,6.6812339862361,6.81996753246753,6.99249794238683,7.03333595594021,125
"128",2018,9,7.0625,8,7.5,6.8,8,7.5,7,3,5,1,1,7,3279,1385,1894,309,730,2549,7.02432784385483,7.49308303249097,6.68154751847941,6.82378640776699,6.99319315068493,7.03324440957238,126
"129",2018,10,6.57142857142857,7,7.33333333333333,6,7,7,6.4,3,4,1,2,5,3286,1388,1898,310,732,2554,7.02336305538649,7.49273775216138,6.68011116965226,6.82435483870968,6.99321174863388,7.03200469851214,127
"130",2018,11,7.52142857142857,14,8.05,7.125,6,7.71666666666667,7.375,6,8,2,6,8,3300,1394,1906,312,738,2562,7.02547606060606,7.49513629842181,6.68197848898216,6.81907051282051,6.99909349593496,7.03307572209212,128
"131",2018,12,6.35,8,7.16666666666667,5.86,NA,NA,6.35,3,5,0,0,8,3308,1397,1911,312,738,2570,7.02384250302297,7.4944309234073,6.67982783882784,6.81907051282051,6.99909349593496,7.03094941634241,129
"132",2019,1,7.23076923076923,13,8.33333333333333,6.28571428571429,4,9.25,6.86363636363636,6,7,1,2,11,3321,1403,1918,313,740,2581,7.02465251430292,7.49801853171774,6.67838946819603,6.81006389776358,7.00517702702703,7.03023634250291,130
"133",2019,2,7.32692307692308,13,7.91666666666667,6,7,7.25,7.33333333333333,9,4,1,1,12,3334,1412,1922,314,741,2593,7.02583113377325,7.50068696883852,6.67697762747138,6.81066878980892,7.00550742240216,7.03163902815272,131
"134",2019,3,7.23,10,7.33333333333333,7.18571428571429,NA,7,7.2875,3,7,0,2,8,3344,1415,1929,314,743,2601,7.02644168660287,7.50033215547703,6.67882374287195,6.81066878980892,7.00549259757739,7.03242599000385,132
"135",2019,4,6.78888888888889,9,7.3,6.64285714285714,NA,NA,6.78888888888889,2,7,0,0,9,3353,1417,1936,314,743,2610,7.02580405606919,7.50004940014114,6.6786936983471,6.81066878980892,7.00549259757739,7.03158620689655,133
"136",2019,5,7.08333333333333,6,7.33333333333333,6.83333333333333,NA,NA,7.08333333333333,3,3,0,0,6,3359,1420,1939,314,743,2616,7.02590681750521,7.49969718309859,6.67893295513151,6.81066878980892,7.00549259757739,7.03170489296636,134
"137",2019,6,6.625,8,6,6.83333333333333,6,NA,6.625,2,6,2,0,8,3367,1422,1945,316,743,2624,7.02495426195426,7.49758790436005,6.67940925449871,6.80553797468354,7.00549259757739,7.03046493902439,135
"138",2019,7,7.28916666666667,12,7.37125,7.125,7,7.5,7.27,8,4,1,1,11,3379,1430,1949,317,744,2635,7.02589257176679,7.49688111888112,6.68032375577219,6.80615141955836,7.00615725806452,7.03146489563567,136
"139",2019,8,7.60833333333333,12,7.92857142857143,7.16,NA,7,7.81111111111111,7,5,0,3,9,3391,1437,1954,317,747,2644,7.02795370097316,7.49898399443284,6.68155117707267,6.80615141955836,7.00613253012048,7.03411875945537,137
"140",2019,9,7.36666666666667,9,7.45,7.3,6,NA,7.36666666666667,4,5,1,0,9,3400,1441,1959,318,747,2653,7.02885029411765,7.4988480222068,6.68312965798877,6.80361635220126,7.00613253012048,7.03524689031285,138
"141",2019,10,6.85555555555556,9,7.72,5.775,NA,NA,6.85555555555556,5,4,0,0,9,3409,1446,1963,318,747,2662,7.02839278380757,7.49961272475795,6.68127916454406,6.80361635220126,7.00613253012048,7.03463936889557,139
"142",2019,11,6.5,13,7.5,5.875,NA,7,6.45833333333333,5,8,0,1,12,3422,1451,1971,318,748,2674,7.02638544710695,7.49961405926947,6.67800659563673,6.80361635220126,7.0061243315508,7.0320531039641,140
"143",2019,12,6.85555555555556,9,7.1,6.55,NA,6,6.9625,5,4,0,1,8,3431,1456,1975,318,749,2682,7.02593733605363,7.49824175824175,6.67774734177215,6.80361635220126,7.00478104138852,7.03184563758389,141
"144",2020,1,6.68181818181818,11,7.1,6.525,5.5,6.23333333333333,6.85,3,8,3,3,8,3442,1459,1983,321,752,2690,7.02483759442185,7.49742289239205,6.67713111447302,6.79143302180685,7.00170345744681,7.03130483271376,142
"145",2020,2,6.34285714285714,14,7.1,5.92222222222222,6.4,7.2,6.27692307692308,5,9,2,1,13,3456,1464,1992,323,753,2703,7.02207494212963,7.49606557377049,6.6737203815261,6.7890092879257,7.00196679946879,7.02767665556789,143
"146",2020,3,6.75,4,7,6.66666666666667,6,8,6.33333333333333,1,3,2,1,3,3460,1465,1995,325,754,2706,7.02176040462428,7.49572696245733,6.67370977443609,6.78415384615385,7.00329045092838,7.02690687361419,144
"147",2020,4,6.19166666666667,12,7.4,5.95,5.625,6.5,6.13,2,10,4,2,10,3472,1467,2005,329,756,2716,7.01889141705069,7.49559645535105,6.67010024937656,6.77006079027356,7.00195899470899,7.02360456553756,145
"148",2020,5,7.15,10,7.16666666666667,7.14285714285714,6,6.75,7.25,3,7,1,2,8,3482,1470,2012,330,758,2724,7.01926794945434,7.49492517006802,6.67174502982107,6.76772727272727,7.00129419525066,7.02426945668135,146
"149",2020,6,6.225,8,7.5,4.95,5.26666666666667,5,6.4,4,4,3,1,7,3490,1474,2016,333,759,2731,7.01744727793696,7.49493894165535,6.66832886904762,6.75420420420421,6.99865744400527,7.02266935188576,147
"150",2020,7,7.11764705882353,17,7.33333333333333,7,7.5,6.5,7.2,6,11,4,2,15,3507,1480,2027,337,761,2746,7.01793299116054,7.49428378378378,6.67012876171682,6.76305637982196,6.99734691195795,7.02363801893664,148
"151",2020,8,7.35,8,6.96666666666667,8.5,10,NA,7.35,6,2,1,0,8,3515,1486,2029,338,761,2754,7.01868876244666,7.4921534320323,6.67193247905372,6.77263313609468,6.99734691195795,7.02458605664488,149
"152",2020,9,6.4125,16,6.92857142857143,6.01111111111111,6.3,6,6.44,7,9,2,1,15,3531,1493,2038,340,762,2769,7.01594194279241,7.48951105157401,6.6690142296369,6.76985294117647,6.99603805774278,7.02141928494041,150
"153",2020,10,7.41333333333333,15,8.64285714285714,6.3375,6.66666666666667,10,7.01538461538462,7,8,3,2,13,3546,1500,2046,343,764,2782,7.01762295544275,7.49489333333333,6.66771798631476,6.76895043731779,7.00390183246073,7.02139108554996,151
"154",2020,11,6.42857142857143,7,6.66666666666667,6.25,7,NA,6.42857142857143,3,4,1,0,7,3553,1503,2050,344,764,2789,7.01646242611877,7.49324018629407,6.66690292682927,6.76962209302326,7.00390183246073,7.01990319110792,152
"155",2020,12,6.39230769230769,13,7.15714285714286,5.5,4,6,6.425,7,6,1,1,12,3566,1510,2056,345,765,2801,7.01418704430735,7.49168211920529,6.66349756809338,6.76159420289855,7.00258954248366,7.0173545162442,153
"156",2021,1,6.67,10,6.45714285714286,7.16666666666667,7,7.16666666666667,6.45714285714286,7,3,1,3,7,3576,1517,2059,346,768,2808,7.01322455257271,7.48690837178642,6.6642306945119,6.76228323699422,7.00323046875,7.01595797720798,154
"157",2021,2,7.05555555555556,9,8.3,5.5,7,8,6.9375,5,4,1,1,8,3585,1522,2063,347,769,2816,7.01333082287308,7.48957950065703,6.66197333979641,6.76296829971182,7.0045266579974,7.01573508522727,155
"158",2021,3,5.83333333333333,9,8,4.75,4,NA,5.83333333333333,3,6,1,0,9,3594,1525,2069,348,769,2825,7.01037590428492,7.49058360655737,6.65642870952151,6.75502873563219,7.0045266579974,7.01196814159292,156
"159",2021,4,7.1,5,8.83333333333333,4.5,NA,10,5.16666666666667,3,2,0,2,3,3599,1528,2071,348,771,2828,7.01050041678244,7.49321989528795,6.6543462095606,6.75502873563219,7.01229701686122,7.01001060820368,157
"160",2021,5,6.92857142857143,7,7,6.875,NA,NA,6.92857142857143,3,4,0,0,7,3606,1531,2075,348,771,2835,7.0103413754853,7.49225342913128,6.65477156626506,6.75502873563219,7.01229701686122,7.00980952380952,158
"161",2021,6,7.92857142857143,7,8,7.83333333333333,7.5,8,7.91666666666667,4,3,1,1,6,3613,1535,2078,349,772,2841,7.01212039856075,7.49357654723127,6.65647305101058,6.75716332378224,7.01357642487047,7.01172474480817,159
"162",2021,7,7.5,10,7.66666666666667,7.25,NA,8,7.375,6,4,0,2,8,3623,1541,2082,349,774,2849,7.01346701628484,7.49425048669695,6.65761335254563,6.75716332378224,7.01612532299742,7.01274482274482,160
"163",2021,8,6.05,8,6,6.06666666666667,6,6,6.05714285714286,2,6,1,1,7,3631,1543,2088,350,775,2856,7.01134425778022,7.49231367465975,6.65591522988505,6.755,7.01481419354839,7.01040266106443,161
"164",2021,9,7.08333333333333,6,8.16666666666667,6,7,NA,7.08333333333333,3,3,1,0,6,3637,1546,2091,351,775,2862,7.01146301897168,7.49362225097024,6.65497417503587,6.75569800569801,7.01481419354839,7.01055555555556,162
"165",2021,10,6.9,10,7.33333333333333,6.71428571428571,6.33333333333333,7.33333333333333,6.71428571428571,3,7,3,3,7,3647,1549,2098,354,778,2869,7.01115738963531,7.49331181407359,6.65517206863679,6.7521186440678,7.01604241645244,7.00983269431858,163
"166",2021,11,5.4,5,7,5,NA,4,6.33333333333333,1,4,0,2,3,3652,1550,2102,354,780,2872,7.00895153340635,7.49299354838709,6.65202235965747,6.7521186440678,7.00830897435897,7.00912604456824,164
"167",2021,12,6.55,10,7,6.4375,NA,NA,6.55,2,8,0,0,10,3662,1552,2110,354,780,2882,7.00769825232114,7.49235824742268,6.65120900473933,6.7521186440678,7.00830897435897,7.00753296321999,165
"168",2022,1,7,15,8.5,6.45454545454545,7.5,7.5,6.92307692307692,4,11,2,2,13,3677,1556,2121,356,782,2895,7.00766684797389,7.49494858611825,6.65018906176332,6.7563202247191,7.00956649616368,7.00715371329879,166
"169",2022,2,5.85,10,6.83333333333333,5.42857142857143,5,5,5.94444444444444,3,7,1,1,9,3687,1559,2128,357,783,2904,7.00452698671006,7.49367543296985,6.64617058270676,6.75140056022409,7.007,7.00386019283747,167
"170",2022,3,6.61785714285714,14,6.71666666666667,6.54375,6.8,6.45,6.66363636363636,6,8,1,3,11,3701,1565,2136,358,786,2915,7.00306430694407,7.490696485623,6.64578698501872,6.75153631284916,7.00487404580153,7.00257632933105,168
"171",2022,4,7.325,4,7.65,7,NA,8,7.1,2,2,0,1,3,3705,1567,2138,358,787,2918,7.00341187584345,7.49089980855137,6.64611833489242,6.75153631284916,7.00613850063532,7.00267649074709,169
"172",2022,5,7.36363636363636,11,6.875,7.64285714285714,7,8,7.22222222222222,4,7,2,2,9,3716,1571,2145,360,789,2927,7.00447820236814,7.4893316359007,6.64937109557109,6.75291666666667,7.00865779467681,7.00335155449265,170
"173",2022,6,6.5,4,7,6,NA,6,6.66666666666667,2,2,0,1,3,3720,1573,2147,360,790,2930,7.00393575268817,7.48870947234583,6.64876618537494,6.75291666666667,7.00738101265823,7.00300682593857,171
"174",2022,7,7.75,6,7.3,10,NA,7,7.9,5,1,0,1,5,3726,1578,2148,360,791,2935,7.00513714439077,7.48811153358681,6.65032635009311,6.75291666666667,7.00737168141593,7.00453492333901,172
"175",2022,8,6.75,10,7.5,6,5,9,6.5,5,5,1,1,9,3736,1583,2153,361,792,2944,7.00445422912205,7.48814908401768,6.64881607059916,6.74806094182826,7.00988762626263,7.00299252717391,173
"176",2022,9,7,8,7.75,6.75,NA,NA,7,2,6,0,0,8,3744,1585,2159,361,792,2952,7.00444471153846,7.48847949526813,6.64909726725336,6.74806094182826,7.00988762626263,7.00298441734417,174
"177",2022,10,6.77857142857143,14,7.65,6.125,NA,6.3,6.90909090909091,6,8,0,3,11,3758,1591,2167,361,795,2963,7.00360324640766,7.48908862350722,6.64716243654822,6.74806094182826,7.00720880503145,7.00263584205197,175
"178",2022,11,6.3,5,7.5,4.5,3,8.75,4.66666666666667,3,2,1,2,3,3763,1594,2169,362,797,2966,7.00266834972097,7.48910915934755,6.64518257261411,6.73770718232044,7.01158218318695,7.00027309507754,176
"179",2022,12,7.46666666666667,15,7.5625,7.35714285714286,NA,6.5,7.53571428571429,8,7,0,1,14,3778,1602,2176,362,798,2980,7.00451058761249,7.48947565543071,6.64747288602941,6.73770718232044,7.01094110275689,7.00278859060403,177
