"","year","month","avg_rating","no_ratings","avg_rating_owned","avg_rating_not_owned","avg_rating_prev_owned","avg_rating_comment","avg_rating_no_comment","no_ratings_owned","no_ratings_not_owned","no_ratings_prev_owned","no_ratings_comment","no_ratings_no_comment","cum_no_ratings","cum_no_ratings_owned","cum_no_ratings_not_owned","cum_no_ratings_prev_owned","cum_no_ratings_comment","cum_no_ratings_no_comment","cum_avg_rating","cum_avg_rating_owned","cum_avg_rating_not_owned","cum_avg_rating_prev_owned","cum_avg_rating_comment","cum_avg_rating_no_comment","month_after_release"
"1",2001,6,6.75,4,6.5,7,NA,NA,6.75,2,2,0,0,4,4,2,2,0,0,4,6.75,6.5,7,NA,NA,6.75,1
"2",2001,7,6,1,NA,6,NA,NA,6,0,1,0,0,1,5,2,3,0,0,5,6.6,6.5,6.66666666666667,NA,NA,6.6,2
"3",2001,8,7.66666666666667,3,8,7,7,NA,7.66666666666667,2,1,1,0,3,8,4,4,1,0,8,7,7.25,6.75,7,NA,7,3
"4",2001,9,6.5,2,6.5,NA,NA,NA,6.5,2,0,0,0,2,10,6,4,1,0,10,6.9,7,6.75,7,NA,6.9,4
"5",2001,10,6,1,6,NA,NA,NA,6,1,0,0,0,1,11,7,4,1,0,11,6.81818181818182,6.85714285714286,6.75,7,NA,6.81818181818182,5
"6",2001,11,7.5,4,8.33333333333333,5,5,9,7,3,1,1,1,3,15,10,5,2,1,14,7,7.3,6.4,6,9,6.85714285714286,6
"7",2001,12,7,1,7,NA,NA,NA,7,1,0,0,0,1,16,11,5,2,1,15,7,7.27272727272727,6.4,6,9,6.86666666666667,7
"8",2002,1,6,2,6,6,6,NA,6,1,1,1,0,2,18,12,6,3,1,17,6.88888888888889,7.16666666666667,6.33333333333333,6,9,6.76470588235294,8
"9",2002,2,5,2,5,NA,NA,4,6,2,0,0,1,1,20,14,6,3,2,18,6.7,6.85714285714286,6.33333333333333,6,6.5,6.72222222222222,9
"10",2002,3,7,1,7,NA,NA,NA,7,1,0,0,0,1,21,15,6,3,2,19,6.71428571428571,6.86666666666667,6.33333333333333,6,6.5,6.73684210526316,10
"11",2002,4,7.25,4,7.25,NA,NA,7.33333333333333,7,4,0,0,3,1,25,19,6,3,5,20,6.8,6.94736842105263,6.33333333333333,6,7,6.75,11
"12",2002,5,7,1,7,NA,NA,NA,7,1,0,0,0,1,26,20,6,3,5,21,6.80769230769231,6.95,6.33333333333333,6,7,6.76190476190476,12
"13",2002,7,6.75,4,7,6.66666666666667,NA,NA,6.75,1,3,0,0,4,30,21,9,3,5,25,6.8,6.95238095238095,6.44444444444444,6,7,6.76,14
"14",2002,8,7.5,2,7.5,NA,NA,7,8,2,0,0,1,1,32,23,9,3,6,26,6.84375,7,6.44444444444444,6,7,6.80769230769231,15
"15",2002,9,6.375,4,5.5,7.25,NA,5,6.83333333333333,2,2,0,1,3,36,25,11,3,7,29,6.79166666666667,6.88,6.59090909090909,6,6.71428571428571,6.81034482758621,16
"16",2002,10,6.75,4,6.75,NA,NA,6.5,7,4,0,0,2,2,40,29,11,3,9,31,6.7875,6.86206896551724,6.59090909090909,6,6.66666666666667,6.82258064516129,17
"17",2002,11,7,6,7.2,6,6,6.75,7.5,5,1,1,4,2,46,34,12,4,13,33,6.81521739130435,6.91176470588235,6.54166666666667,6,6.69230769230769,6.86363636363636,18
"18",2002,12,6.66666666666667,3,6.5,7,7,7,6.5,2,1,1,1,2,49,36,13,5,14,35,6.80612244897959,6.88888888888889,6.57692307692308,6.2,6.71428571428571,6.84285714285714,19
"19",2003,1,6.75,8,7,6.33333333333333,NA,6,6.85714285714286,5,3,0,1,7,57,41,16,5,15,42,6.79824561403509,6.90243902439024,6.53125,6.2,6.66666666666667,6.84523809523809,20
"20",2003,2,7,3,7,NA,NA,7,7,3,0,0,2,1,60,44,16,5,17,43,6.80833333333333,6.90909090909091,6.53125,6.2,6.70588235294118,6.84883720930233,21
"21",2003,3,6.75,4,7,6.5,6,6.66666666666667,7,2,2,1,3,1,64,46,18,6,20,44,6.8046875,6.91304347826087,6.52777777777778,6.16666666666667,6.7,6.85227272727273,22
"22",2003,4,6.8,5,7.25,5,NA,10,6,4,1,0,1,4,69,50,19,6,21,48,6.80434782608696,6.94,6.44736842105263,6.16666666666667,6.85714285714286,6.78125,23
"23",2003,5,6.58333333333333,6,7.375,5,NA,7.1,4,4,2,0,5,1,75,54,21,6,26,49,6.78666666666667,6.97222222222222,6.30952380952381,6.16666666666667,6.90384615384615,6.72448979591837,24
"24",2003,6,6.95,10,7.05555555555556,6,NA,7.375,6.66666666666667,9,1,0,4,6,85,63,22,6,30,55,6.80588235294118,6.98412698412698,6.29545454545455,6.16666666666667,6.96666666666667,6.71818181818182,25
"25",2003,7,7.23684210526316,19,7.03333333333333,8,NA,7.33333333333333,7.19230769230769,15,4,0,6,13,104,78,26,6,36,68,6.88461538461539,6.99358974358974,6.55769230769231,6.16666666666667,7.02777777777778,6.80882352941176,26
"26",2003,8,7,6,7.25,6.5,NA,NA,7,4,2,0,0,6,110,82,28,6,36,74,6.89090909090909,7.00609756097561,6.55357142857143,6.16666666666667,7.02777777777778,6.82432432432432,27
"27",2003,9,6.71428571428571,7,7,6.33333333333333,NA,6,7,4,3,0,2,5,117,86,31,6,38,79,6.88034188034188,7.00581395348837,6.53225806451613,6.16666666666667,6.97368421052632,6.83544303797468,28
"28",2003,10,6.81818181818182,11,6.55555555555556,8,7,6.5,7,9,2,1,4,7,128,95,33,7,42,86,6.875,6.96315789473684,6.62121212121212,6.28571428571429,6.92857142857143,6.84883720930233,29
"29",2003,11,5.28571428571429,7,6.5,4.8,NA,5,5.33333333333333,2,5,0,1,6,135,97,38,7,43,92,6.79259259259259,6.95360824742268,6.38157894736842,6.28571428571429,6.88372093023256,6.75,30
"30",2003,12,6.53846153846154,13,7.125,5.6,NA,8,6.27272727272727,8,5,0,2,11,148,105,43,7,45,103,6.77027027027027,6.96666666666667,6.2906976744186,6.28571428571429,6.93333333333333,6.69902912621359,31
"31",2004,1,6.58333333333333,12,6.77777777777778,6,NA,6.5,6.66666666666667,9,3,0,6,6,160,114,46,7,51,109,6.75625,6.95175438596491,6.27173913043478,6.28571428571429,6.88235294117647,6.69724770642202,32
"32",2004,2,7.45454545454545,11,7.45454545454545,NA,NA,8,7.33333333333333,11,0,0,2,9,171,125,46,7,53,118,6.80116959064327,6.996,6.27173913043478,6.28571428571429,6.92452830188679,6.74576271186441,33
"33",2004,3,7.23809523809524,21,7.42105263157895,5.5,NA,7.5,7.13333333333333,19,2,0,6,15,192,144,48,7,59,133,6.84895833333333,7.05208333333333,6.23958333333333,6.28571428571429,6.98305084745763,6.78947368421053,34
"34",2004,4,6.58333333333333,6,7.375,5,NA,6.5,7,4,2,0,5,1,198,148,50,7,64,134,6.84090909090909,7.06081081081081,6.19,6.28571428571429,6.9453125,6.7910447761194,35
"35",2004,5,7.08333333333333,12,7.2,6.5,NA,7.375,6.9375,10,2,0,4,8,210,158,52,7,68,142,6.8547619047619,7.06962025316456,6.20192307692308,6.28571428571429,6.97058823529412,6.79929577464789,36
"36",2004,6,7.14285714285714,7,7.33333333333333,6,NA,7.25,7,6,1,0,4,3,217,164,53,7,72,145,6.86405529953917,7.07926829268293,6.19811320754717,6.28571428571429,6.98611111111111,6.80344827586207,37
"37",2004,7,6.83333333333333,6,7.2,5,NA,NA,6.83333333333333,5,1,0,0,6,223,169,54,7,72,151,6.86322869955157,7.08284023668639,6.17592592592593,6.28571428571429,6.98611111111111,6.8046357615894,38
"38",2004,8,6.88888888888889,9,6.83333333333333,7,6,6,7.14285714285714,6,3,1,2,7,232,175,57,8,74,158,6.86422413793103,7.07428571428571,6.21929824561404,6.25,6.95945945945946,6.81962025316456,39
"39",2004,9,6.8,10,7,6,NA,6.66666666666667,7,8,2,0,6,4,242,183,59,8,80,162,6.86157024793388,7.07103825136612,6.21186440677966,6.25,6.9375,6.82407407407407,40
"40",2004,10,6.70833333333333,12,7.15,4.5,3,5.9,7.28571428571429,10,2,1,5,7,254,193,61,9,85,169,6.85433070866142,7.07512953367876,6.15573770491803,5.88888888888889,6.87647058823529,6.84319526627219,41
"41",2004,11,6.5625,8,7.08333333333333,5,NA,6.5,6.66666666666667,6,2,0,5,3,262,199,63,9,90,172,6.84541984732824,7.07537688442211,6.11904761904762,5.88888888888889,6.85555555555556,6.84011627906977,42
"42",2004,12,7,7,7.2,6.5,NA,7,7,5,2,0,5,2,269,204,65,9,95,174,6.84944237918216,7.07843137254902,6.13076923076923,5.88888888888889,6.86315789473684,6.84195402298851,43
"43",2005,1,7.16666666666667,12,7.375,6.75,NA,7.6,6.85714285714286,8,4,0,5,7,281,212,69,9,100,181,6.86298932384342,7.08962264150943,6.16666666666667,5.88888888888889,6.9,6.84254143646409,44
"44",2005,2,6.5,11,6.8125,5.66666666666667,NA,6.5,6.5,8,3,0,4,7,292,220,72,9,104,188,6.84931506849315,7.07954545454545,6.14583333333333,5.88888888888889,6.88461538461539,6.82978723404255,45
"45",2005,3,6.24166666666667,12,6.54444444444444,5.33333333333333,NA,6.35,6.1875,9,3,0,4,8,304,229,75,9,108,196,6.82532894736842,7.0585152838428,6.11333333333333,5.88888888888889,6.86481481481481,6.80357142857143,46
"46",2005,4,6.54166666666667,6,6.41666666666667,6.66666666666667,7,7.08333333333333,6,3,3,1,3,3,310,232,78,10,111,199,6.81983870967742,7.05021551724138,6.13461538461539,6,6.87072072072072,6.79145728643216,47
"47",2005,5,6.99375,16,7.29,6.5,8,6,7.44545454545455,10,6,1,5,11,326,242,84,11,116,210,6.82837423312883,7.06012396694215,6.16071428571429,6.18181818181818,6.83318965517241,6.82571428571429,48
"48",2005,6,6.85,10,7.0625,6,NA,7.21428571428571,6,8,2,0,7,3,336,250,86,11,123,213,6.82901785714286,7.0602,6.15697674418605,6.18181818181818,6.85487804878049,6.81408450704225,49
"49",2005,7,7,11,6.88888888888889,7.5,7.5,6.8,7.16666666666667,9,2,2,5,6,347,259,88,13,128,219,6.83443804034582,7.05424710424711,6.1875,6.38461538461539,6.852734375,6.82374429223744,50
"50",2005,8,6.1,13,6.39090909090909,4.5,NA,5.5,6.8,11,2,0,7,6,360,270,90,13,135,225,6.80791666666667,7.02722222222222,6.15,6.38461538461539,6.78259259259259,6.82311111111111,51
"51",2005,9,6.75,15,7.38636363636364,5,6,6.61111111111111,6.95833333333333,11,4,1,9,6,375,281,94,14,144,231,6.8056,7.04128113879004,6.10106382978723,6.35714285714286,6.771875,6.82662337662338,52
"52",2005,10,6.86111111111111,18,6.86111111111111,NA,NA,7,6.75,18,0,0,8,10,393,299,94,14,152,241,6.80814249363868,7.0304347826087,6.10106382978723,6.35714285714286,6.78388157894737,6.82344398340249,53
"53",2005,11,7.02631578947368,19,7.16666666666667,6.5,NA,6.1,7.35714285714286,15,4,0,5,14,412,314,98,14,157,255,6.81820388349515,7.03694267515924,6.11734693877551,6.35714285714286,6.76210191082803,6.85274509803922,54
"54",2005,12,6.42307692307692,13,7.14285714285714,5.58333333333333,5.83333333333333,6.5625,6.2,7,6,3,8,5,425,321,104,17,165,260,6.80611764705882,7.0392523364486,6.08653846153846,6.26470588235294,6.75242424242424,6.84019230769231,55
"55",2006,1,7.03333333333333,18,7.23846153846154,6.5,NA,7.075,7.02142857142857,13,5,0,4,14,443,334,109,17,169,274,6.81534988713318,7.04700598802395,6.10550458715596,6.26470588235294,6.76005917159763,6.84945255474453,56
"56",2006,2,6.625,12,6.9,5.25,5,7.125,6.375,10,2,1,4,8,455,344,111,18,173,282,6.81032967032967,7.04273255813954,6.09009009009009,6.19444444444444,6.76849710982659,6.83599290780142,57
"57",2006,3,7.18181818181818,11,7.2,7,NA,7,7.28571428571429,10,1,0,4,7,466,354,112,18,177,289,6.81909871244635,7.04717514124294,6.09821428571429,6.19444444444444,6.77372881355932,6.84688581314879,58
"58",2006,4,6.75,12,7,6.25,NA,7.33333333333333,6.16666666666667,8,4,0,6,6,478,362,116,18,183,295,6.8173640167364,7.04613259668508,6.10344827586207,6.19444444444444,6.79207650273224,6.83305084745763,59
"59",2006,5,7,11,7.125,6.66666666666667,NA,5,7.2,8,3,0,1,10,489,370,119,18,184,305,6.82147239263804,7.04783783783784,6.11764705882353,6.19444444444444,6.78233695652174,6.84508196721311,60
"60",2006,6,6.87,10,7.21428571428571,6.06666666666667,7.2,6.75,6.95,7,3,1,4,6,499,377,122,19,188,311,6.82244488977956,7.05092838196287,6.11639344262295,6.24736842105263,6.78164893617021,6.84710610932476,61
"61",2006,7,6.94736842105263,19,7.41666666666667,6.14285714285714,9,7.83333333333333,6.78125,12,7,1,3,16,518,389,129,20,191,327,6.82702702702703,7.06221079691517,6.11782945736434,6.385,6.79816753926702,6.84388379204893,62
"62",2006,8,6.22222222222222,18,7.07692307692308,4,NA,5,6.46666666666667,13,5,0,3,15,536,402,134,20,194,342,6.80671641791045,7.06268656716418,6.03880597014925,6.385,6.77036082474227,6.82733918128655,63
"63",2006,9,6.55555555555556,18,6.69230769230769,6.2,6,5.625,6.82142857142857,13,5,2,4,14,554,415,139,22,198,356,6.7985559566787,7.0510843373494,6.04460431654676,6.35,6.74722222222222,6.82710674157303,64
"64",2006,10,7.091,20,7.16571428571429,6.91666666666667,NA,6.665,7.375,14,6,0,8,12,574,429,145,22,206,368,6.8087456445993,7.05482517482518,6.08068965517241,6.35,6.74402912621359,6.84497282608696,65
"65",2006,11,5.525,10,7.5625,4.16666666666667,NA,4.95833333333333,6.375,4,6,0,6,4,584,433,151,22,212,372,6.78676369863014,7.05951501154735,6.0046357615894,6.35,6.69349056603774,6.83991935483871,66
"66",2006,12,6.575,24,6.65333333333333,6.44444444444444,6.5,6.4,6.75,15,9,2,12,12,608,448,160,24,224,384,6.77840460526316,7.04591517857143,6.029375,6.3625,6.67776785714286,6.837109375,67
"67",2007,1,6.53846153846154,26,6.675,6.08333333333333,7,6.58333333333333,6.5,20,6,1,12,14,634,468,166,25,236,398,6.76856466876972,7.0300641025641,6.03132530120482,6.388,6.67296610169492,6.82525125628141,68
"68",2007,2,6.29665272727273,22,6.25333333333333,6.38948,7,5.97777777777778,6.51741230769231,15,7,1,9,13,656,483,173,26,245,411,6.75273835365854,7.00594202898551,6.04581710982659,6.41153846153846,6.64742857142857,6.81551425790754,69
"69",2007,3,6.60416666666667,24,7,5.94444444444444,NA,6.875,6.46875,15,9,0,8,16,680,498,182,26,253,427,6.74749464705882,7.00576305220884,6.04080417582418,6.41153846153846,6.65462450592885,6.80252074941452,70
"70",2007,4,6.8,24,6.64210526315789,7.4,7,6.66666666666667,6.88,19,5,2,9,15,704,517,187,28,262,442,6.74928460227273,6.99239845261122,6.07714631016043,6.45357142857143,6.65503816793893,6.80515013574661,71
"71",2007,5,7.125,12,7.55,5,NA,6,7.5,10,2,0,3,9,716,527,189,28,265,451,6.75558150837989,7.00297912713473,6.06574793650794,6.45357142857143,6.64762264150943,6.81901631929046,72
"72",2007,6,6.8,15,6.81818181818182,6.75,NA,6.75,6.81818181818182,11,4,0,4,11,731,538,193,28,269,462,6.75649296853625,6.99920074349443,6.07992932642487,6.45357142857143,6.64914498141264,6.81899645021645,73
"73",2007,7,6.36153846153846,13,6.7875,5.68,NA,6.6,6.29,8,5,0,3,10,744,546,198,28,272,472,6.74959188172043,6.9960989010989,6.0698301010101,6.45357142857143,6.64860294117647,6.80778889830508,74
"74",2007,8,6.53333333333333,24,6.84285714285714,6.1,6.5,6.16666666666667,6.65555555555556,14,10,2,6,18,768,560,208,30,278,490,6.74283380208333,6.99226785714286,6.07128057692308,6.45666666666667,6.63820143884892,6.80219665306122,75
"75",2007,9,6.50322580645161,31,6.91764705882353,6,7.1,6.82,6.35238095238095,17,14,2,10,21,799,577,222,32,288,511,6.73353737171464,6.99006932409012,6.06678540540541,6.496875,6.64451388888889,6.78371107632094,76
"76",2007,10,6.79444444444444,18,6.95625,5.5,NA,6.6875,6.88,16,2,0,8,10,817,593,224,32,296,521,6.73487926560587,6.9891568296796,6.06172482142857,6.496875,6.64567567567568,6.78555923224568,77
"77",2007,11,6.45454545454545,22,6.6875,5.83333333333333,7,6.64285714285714,6.36666666666667,16,6,1,7,15,839,609,230,33,303,536,6.7275284386174,6.9812315270936,6.0557667826087,6.51212121212121,6.64561056105611,6.77383649253731,78
"78",2007,12,6.37037037037037,27,6.65625,5.95454545454545,NA,6.39285714285714,6.34615384615385,16,11,0,14,13,866,625,241,33,317,549,6.71639302540416,6.972912,6.0511467219917,6.51212121212121,6.63444794952681,6.76370921675774,79
"79",2008,1,6.88,25,7.16666666666667,6.14285714285714,4.5,6.95454545454545,6.82142857142857,18,7,2,11,14,891,643,248,35,328,563,6.72098356902357,6.97833592534992,6.05373532258065,6.39714285714286,6.64518292682927,6.76514451154529,80
"80",2008,2,6.82,25,7.44117647058824,5.5,7,6.41666666666667,7.19230769230769,17,8,1,12,13,916,660,256,36,340,576,6.72368598253275,6.99025757575758,6.03643109375,6.41388888888889,6.63711764705882,6.77478534722222,81
"81",2008,3,6.95384615384615,13,7.34285714285714,6.5,NA,6.88,7,7,6,0,5,8,929,667,262,36,345,584,6.72690673842842,6.99395802098951,6.04704717557252,6.41388888888889,6.64063768115942,6.77787047945206,82
"82",2008,4,6.56923076923077,13,6.925,6,NA,6.6,6.55,8,5,0,5,8,942,675,267,36,350,592,6.72473074309979,6.99314074074074,6.0461661423221,6.41388888888889,6.64005714285714,6.77479114864865,83
"83",2008,5,6.66666666666667,12,7,6,NA,6.5,6.75,8,4,0,4,8,954,683,271,36,354,600,6.72400037735849,6.99322108345534,6.04548472324723,6.41388888888889,6.63847457627119,6.7744606,84
"84",2008,6,6.40909090909091,11,6.3,6.5,NA,6,6.75,5,6,0,5,6,965,688,277,36,359,606,6.72041073575129,6.98818313953488,6.05532981949458,6.41388888888889,6.62958217270195,6.77421841584158,85
"85",2008,7,5.88235294117647,17,6.35714285714286,5.55,5.375,5.66666666666667,6.125,7,10,8,9,8,982,695,287,44,368,614,6.70590260692464,6.9818273381295,6.0377225087108,6.225,6.60603260869565,6.76575954397394,86
"86",2008,8,6.63157894736842,19,7.11538461538461,5.58333333333333,4.5,6.75,6.57692307692308,13,6,2,6,13,1001,708,293,46,374,627,6.70449186813187,6.98427966101695,6.0284176109215,6.15,6.6083422459893,6.76184427432217,87
"87",2008,9,6.53571428571429,14,6.94444444444444,5.8,6,6.1,6.77777777777778,9,5,1,5,9,1015,717,298,47,379,636,6.70216390147783,6.98377963737796,6.02458510067114,6.1468085106383,6.60163588390501,6.76206974842767,88
"88",2008,10,6.54166666666667,24,7.25,5.125,4,6.85714285714286,6.41176470588235,16,8,1,7,17,1039,733,306,48,386,653,6.69845655437921,6.98959072305593,6.00106653594771,6.10208333333333,6.60626943005181,6.75295001531394,89
"89",2008,11,6.23636363636364,33,6.65925925925926,4.33333333333333,3,5.5625,6.452,27,6,2,8,25,1072,760,312,50,394,678,6.68423167910448,6.97785526315789,5.96899474358974,5.978,6.58507614213198,6.74185303834808,90
"90",2008,12,7.03809523809524,21,7.34615384615385,6.5375,6,6.875,7.07647058823529,13,8,3,4,17,1093,773,320,53,398,695,6.69103052150046,6.98404915912031,5.983207375,5.97924528301887,6.58798994974874,6.75003792805756,91
"91",2009,1,6.44117647058824,34,7.23684210526316,5.43333333333333,4.625,6.75,6.34615384615385,19,15,4,8,26,1127,792,335,57,406,721,6.68349277728483,6.99011363636364,5.95858614925373,5.88421052631579,6.59118226600985,6.73547345353676,92
"92",2009,2,6.37916666666667,36,6.84210526315789,5.86176470588235,5,6.125,6.50625,19,17,3,12,24,1163,811,352,60,418,745,6.67407253654342,6.98664611590629,5.95391011363636,5.84,6.5777990430622,6.7280890738255,93
"93",2009,3,6.47666666666667,30,6.45333333333333,6.5,6.85714285714286,6.66666666666667,6.3952380952381,15,15,7,9,21,1193,826,367,67,427,766,6.66910843252305,6.9769612590799,5.97622986376022,5.94626865671642,6.57967213114754,6.71896391644909,94
"94",2009,4,6.51363636363636,22,6.55,6.48333333333333,6.45,6.33333333333333,6.54210526315789,10,12,4,3,19,1215,836,379,71,430,785,6.66629330041152,6.97185406698565,5.99228591029024,5.97464788732394,6.57795348837209,6.7146832611465,95
"95",2009,5,6.474,25,6.28,6.60333333333333,7,7.05,6.33,10,15,2,5,20,1240,846,394,73,435,805,6.66241641935484,6.96367612293144,6.01554913705584,6.0027397260274,6.58337931034483,6.70512591304348,96
"96",2009,6,6.65714285714286,28,6.79444444444444,6.41,6.5,6.57142857142857,6.68571428571429,18,10,2,7,21,1268,864,404,75,442,826,6.66229996845426,6.96015046296296,6.02531277227723,6.016,6.58319004524887,6.70463239709443,97
"97",2009,7,5.95652173913043,23,6.5,5.45833333333333,5.4,5.41666666666667,6.14705882352941,11,12,5,6,17,1291,875,416,80,448,843,6.64972607281177,6.95436571428572,6.00895759615385,5.9775,6.56756696428571,6.69338832740214,98
"98",2009,8,6.61666666666667,18,7.5,5.22857142857143,NA,7.5,6.50625,11,7,0,2,16,1309,886,423,80,450,859,6.64927147440794,6.96113995485327,5.99604340425532,5.9775,6.57171111111111,6.68990263096624,99
"99",2009,9,6.5,16,7.125,5.875,6,6.4,6.54545454545455,8,8,2,5,11,1325,894,431,82,455,870,6.6474689509434,6.9626062639821,5.99379665893271,5.9780487804878,6.56982417582418,6.68807627586207,100
"100",2009,10,6.635,30,7.003125,6.21428571428571,6.3,6.49444444444444,6.6952380952381,16,14,5,9,21,1355,910,445,87,464,891,6.64719288560885,6.96331868131868,6.00073339325843,5.99655172413793,6.56836206896552,6.68824507295174,101
"101",2009,11,6.56666666666667,30,6.94117647058824,6.07692307692308,6.25,7.41666666666667,6.35416666666667,17,13,4,6,24,1385,927,458,91,470,915,6.64544863537906,6.96291262135922,6.00289598253275,6.00769230769231,6.5791914893617,6.67948236065574,102
"102",2009,12,6.78571428571429,28,7.25,6.16666666666667,6.08333333333333,6.95,6.69444444444444,16,12,6,10,18,1413,943,470,97,480,933,6.64822813871196,6.96778366914104,6.00707736170213,6.01237113402062,6.58691666666667,6.67977101822079,103
"103",2010,1,6.69666666666667,30,6.53125,6.88571428571429,6.26666666666667,6.5,6.75652173913043,16,14,3,7,23,1443,959,484,100,487,956,6.64923517671517,6.96050052137644,6.03249247933884,6.02,6.58566735112936,6.68161753138075,104
"104",2010,2,6.7,25,7.0625,6.05555555555556,NA,6,6.875,16,9,0,5,20,1468,975,493,100,492,976,6.65009970027248,6.96217435897436,6.03291350912779,6.02,6.57971544715447,6.68558028688525,105
"105",2010,3,6.76619047619048,21,7.22727272727273,6.259,6,5.818,7.0625,11,10,1,5,16,1489,986,503,101,497,992,6.65173697783747,6.96513184584179,6.03740827037773,6.01980198019802,6.5720523138833,6.69165963709677,106
"106",2010,4,6.66666666666667,18,6.91666666666667,6.16666666666667,6,6.75,6.64285714285714,12,6,1,4,14,1507,998,509,102,501,1006,6.65191530192435,6.96454909819639,6.03893194499018,6.01960784313725,6.57347305389222,6.69098047713718,107
"107",2010,5,6.125,18,7.21428571428571,5.43181818181818,NA,5.66666666666667,6.21666666666667,7,11,0,3,15,1525,1005,520,102,504,1021,6.64569597377049,6.96628855721393,6.02608915384615,6.01960784313725,6.5680753968254,6.68401210577865,108
"108",2010,6,7.29375,16,7.725,6.8625,6.48,6.375,7.6,8,8,5,4,12,1541,1013,528,107,508,1033,6.65242463335496,6.97228035538006,6.03876204545455,6.0411214953271,6.56655511811024,6.69465281703776,109
"109",2010,7,6.76315789473684,19,7.08333333333333,6.21428571428571,6.5,7.66666666666667,6.59375,12,7,3,3,16,1560,1025,535,110,511,1049,6.65377330769231,6.97358048780488,6.04105861682243,6.05363636363636,6.57301369863014,6.69311378455672,110
"110",2010,8,6.4,15,7.07142857142857,5.8125,7,7,6.35714285714286,7,8,1,1,14,1575,1032,543,111,512,1063,6.65135641904762,6.97424418604651,6.03769127071823,6.06216216216216,6.57384765625,6.68868895578551,111
"111",2010,9,5.92631578947368,19,6.95555555555556,5,6,5.6,6.04285714285714,9,10,3,5,14,1594,1041,553,114,517,1077,6.64271415307403,6.97408261287224,6.01892650994575,6.06052631578947,6.56442940038685,6.68029374187558,112
"112",2010,10,6.81052631578947,19,7.49090909090909,5.875,NA,6.475,6.9,11,8,0,4,15,1613,1052,561,114,521,1092,6.64469086174829,6.97948669201521,6.01687408199644,6.06052631578947,6.56374280230326,6.68331168498169,113
"113",2010,11,6.23529411764706,17,6.5,5.85714285714286,5.5,5.625,6.42307692307692,10,7,2,4,13,1630,1062,568,116,525,1105,6.6404210797546,6.97497175141243,6.01490556338028,6.05086206896552,6.55659047619048,6.68025009954751,114
"114",2010,12,6.26,20,6.51428571428571,5.66666666666667,6,6.25,6.2625,14,6,2,4,16,1650,1076,574,118,529,1121,6.63580991515151,6.96897769516729,6.01126543554007,6.05,6.55427221172023,6.6742875646744,115
"115",2011,1,6.36935483870968,31,6.74666666666667,6.015625,6,6.3,6.37962962962963,15,16,1,4,27,1681,1091,590,119,533,1148,6.63089610945866,6.96592117323556,6.01138366101695,6.04957983193277,6.55236397748593,6.66735745644599,116
"116",2011,2,6.68235294117647,17,6.91818181818182,6.25,6,6.03333333333333,7.03636363636364,11,6,1,6,11,1698,1102,596,120,539,1159,6.63141128386337,6.965444646098,6.01378583892618,6.04916666666667,6.54658627087198,6.67085967213115,117
"117",2011,3,6.79166666666667,12,6.71428571428571,6.9,NA,6.25,6.9,7,5,0,2,10,1710,1109,601,120,541,1169,6.63253588304094,6.96385933273219,6.02115866888519,6.04916666666667,6.5454898336414,6.67281981180496,118
"118",2011,4,6.86666666666667,12,6.93333333333333,6.8,7,7.9,6.77272727272727,6,6,1,1,11,1722,1115,607,121,542,1180,6.63416745644599,6.96369506726457,6.02885726523888,6.05702479338843,6.5479889298893,6.67375115254237,119
"119",2011,5,6.36666666666667,18,7.1,5.45,5,6.33333333333333,6.37333333333333,10,8,2,3,15,1740,1125,615,123,545,1195,6.63140020689655,6.96490666666667,6.02132741463415,6.03983739837398,6.54680733944954,6.66998021757322,120
"120",2011,6,6,6,6,6,NA,5,6.2,4,2,0,1,5,1746,1129,617,123,546,1200,6.6292304467354,6.9614880425155,6.02125828200973,6.03983739837398,6.54397435897436,6.66802196666667,121
"121",2011,7,6.67333333333333,15,7.175,6.1,6.25,8.125,6.14545454545455,8,7,2,4,11,1761,1137,624,125,550,1211,6.62960611016468,6.96299032541777,6.0221416025641,6.0432,6.55547272727273,6.66327527663089,122
"122",2011,8,6.575,24,6.84285714285714,6.2,5.5,6.75714285714286,6.5,14,10,2,7,17,1785,1151,634,127,557,1228,6.62887191036415,6.96152910512598,6.02494694006309,6.03464566929134,6.55800718132855,6.66101495114007,123
"123",2011,9,5.95833333333333,12,6.7,5.42857142857143,6,6.66666666666667,5.72222222222222,5,7,3,3,9,1797,1156,641,130,560,1237,6.6243941903172,6.96039792387543,6.01843425897036,6.03384615384615,6.55858928571429,6.65418460792239,124
"124",2011,10,6.03333333333333,15,7.1,5.5,NA,6.25,6,5,10,0,2,13,1812,1161,651,130,562,1250,6.61950130242826,6.96099913867356,6.01047059907834,6.03384615384615,6.55749110320285,6.647381088,125
"125",2011,11,6.47142857142857,21,7.09375,4.48,NA,5.76666666666667,6.58888888888889,16,5,0,3,18,1833,1177,656,130,565,1268,6.61780488816148,6.96280373831776,5.99880542682927,6.03384615384615,6.55329203539823,6.64655075709779,126
"126",2011,12,6.22727272727273,22,6.79166666666667,5.55,4.66666666666667,6.5,6.2,12,10,3,2,20,1855,1189,666,133,567,1288,6.61317323989218,6.96107653490328,5.99206660660661,6.00300751879699,6.55310405643739,6.63961673913044,127
"127",2012,1,6.51785714285714,14,7.54166666666667,5.75,6,6.5,6.52083333333333,6,8,5,2,12,1869,1195,674,138,569,1300,6.61245926163724,6.96399163179916,5.98919341246291,6.00289855072464,6.55291739894552,6.63852027692308,128
"128",2012,2,6.59722222222222,18,6.77777777777778,6.41666666666667,5.25,5.375,7.20833333333333,9,9,5,6,12,1887,1204,683,143,575,1312,6.61231391626921,6.96259966777409,5.99482629575403,5.97657342657343,6.54062608695652,6.64373198170732,129
"129",2012,3,6.51333333333333,15,6.89166666666667,5,NA,7,6.43846153846154,12,3,0,2,13,1902,1216,686,143,577,1325,6.61153331230284,6.96189967105263,5.99047574344023,5.97657342657343,6.54221837088388,6.64171800754717,130
"130",2012,4,6.45454545454545,11,6.71428571428571,6,6,6.25,6.57142857142857,7,4,1,4,7,1913,1223,690,144,581,1332,6.61063061160481,6.96048242027801,5.99053095652174,5.97673611111111,6.5402065404475,6.64134861861862,131
"131",2012,5,6.76388888888889,18,7.125,6.3125,6,6,6.80882352941176,10,8,2,1,17,1931,1233,698,146,582,1349,6.61205922320041,6.96181670721817,5.99422114613181,5.97705479452055,6.53927835051547,6.64345912527799,132
"132",2012,6,7.28571428571429,7,7.6,6.5,NA,NA,7.28571428571429,5,2,0,0,7,1938,1238,700,146,582,1356,6.61449244582043,6.96439418416801,5.99566622857143,5.97705479452055,6.53927835051547,6.64677460176991,133
"133",2012,7,7.05466666666667,15,7.8125,6.18857142857143,6,7.5,6.832,8,7,1,5,10,1953,1246,707,147,587,1366,6.61787320020481,6.96983948635634,5.99757618104668,5.97721088435374,6.54746166950596,6.64813057101025,134
"134",2012,8,6.75,8,8.33333333333333,5.8,5.33333333333333,5,7.33333333333333,3,5,3,2,6,1961,1249,712,150,589,1372,6.61841221825599,6.97311449159328,5.99618870786517,5.96433333333333,6.54220713073005,6.65112708454811,135
"135",2012,9,6.27777777777778,9,6.66666666666667,6.08333333333333,6,6,6.3125,3,6,1,1,8,1970,1252,718,151,590,1380,6.61685602030457,6.97238019169329,5.99691693593315,5.96456953642384,6.54128813559322,6.64916402898551,136
"136",2012,10,6.65625,16,7.03846153846154,5,4.5,5.83333333333333,6.84615384615385,13,3,2,3,13,1986,1265,721,153,593,1393,6.61717339375629,6.97305928853755,5.99276887656033,5.94542483660131,6.5377065767285,6.6510024120603,137
"137",2012,11,6,9,6.16666666666667,5.66666666666667,NA,7,5.875,6,3,0,1,8,1995,1271,724,153,594,1401,6.61438915288221,6.9692525570417,5.99141762430939,5.94542483660131,6.53848484848485,6.64657127765882,138
"138",2012,12,6.47857142857143,14,6.7,5.66666666666667,NA,7.3,6.02222222222222,11,3,0,5,9,2009,1282,727,153,599,1410,6.61344268790443,6.96694227769111,5.99007752407153,5.94542483660131,6.54484140233723,6.64258607092199,139
"139",2013,1,7.19375,16,7.375,6.65,6.5,7,7.22142857142857,12,4,1,2,14,2025,1294,731,154,601,1424,6.61802783209877,6.97072642967543,5.99368859097127,5.94902597402597,6.54635607321132,6.64827693820225,140
"140",2013,2,7,9,8.75,6.5,8,8.5,6.25,2,7,1,3,6,2034,1296,738,155,604,1430,6.61971797443461,6.97347222222222,5.99849100271003,5.96225806451613,6.55605960264901,6.64660584615385,141
"141",2013,3,6.53333333333333,15,6.75,6.38888888888889,7,7,6.41666666666667,6,9,3,3,12,2049,1302,747,158,607,1442,6.61908558321132,6.97244239631337,6.00319459170013,5.98196202531645,6.55825370675453,6.64469234396672,142
"142",2013,4,6.27272727272727,11,6.77777777777778,4,5,5.91666666666667,6.7,9,2,1,6,5,2060,1311,749,159,613,1447,6.61723609708738,6.9711060259344,5.99784560747664,5.97578616352201,6.55197389885808,6.64488345542502,143
"143",2013,5,6.66363636363636,11,6.6125,6.8,NA,NA,6.66363636363636,8,3,0,0,11,2071,1319,752,159,613,1458,6.617482549493,6.96893100833965,6.00104569148936,5.97578616352201,6.55197389885808,6.64502493827161,144
"144",2013,6,6.66,10,6.72,6.6,7,6.3,6.75,5,5,2,2,8,2081,1324,757,161,615,1466,6.61768686208554,6.96799093655589,6.00500179656539,5.98850931677018,6.55115447154472,6.6455977899045,145
"145",2013,7,7.46153846153846,13,8,6.25,NA,8,7.36363636363636,9,4,0,2,11,2094,1333,761,161,617,1477,6.62292567335244,6.97495873968492,6.00628956636005,5.98850931677018,6.55585089141005,6.6509454028436,146
"146",2013,8,6.69666666666667,15,6.7125,6.67857142857143,7,7,6.675,8,7,1,1,14,2109,1341,768,162,618,1491,6.62345014698909,6.97339299030574,6.01241713541667,5.99475308641975,6.55656957928803,6.65117126760564,147
"147",2013,9,6.42857142857143,7,7.83333333333333,5.375,NA,5.5,6.8,3,4,0,2,5,2116,1344,772,162,620,1496,6.622805463138,6.9753125,6.00911445595855,5.99475308641975,6.55316129032258,6.65166868983957,148
"148",2013,10,6.71875,16,7.35,5.66666666666667,5,7,6.67857142857143,10,6,3,2,14,2132,1354,778,165,622,1510,6.62352549718574,6.97807976366322,6.00647347043702,5.97666666666666,6.55459807073955,6.6519181192053,149
"149",2013,11,6.36428571428571,28,7.15,5.775,6.5,7.5,6.11739130434783,12,16,2,5,23,2160,1366,794,167,627,1533,6.62016498148148,6.97959004392387,6.00180901763224,5.98293413173652,6.56213716108453,6.64389847358122,150
"150",2013,12,6.07,10,7.33333333333333,5.52857142857143,NA,8,5.85555555555556,3,7,0,1,9,2170,1369,801,167,628,1542,6.61762965898618,6.98036523009496,5.99767335830212,5.98293413173652,6.56442675159236,6.63929725032426,151
"151",2014,1,6.26666666666667,18,7,5.68,6,6.25714285714286,6.27272727272727,8,10,2,7,11,2188,1377,811,169,635,1553,6.61474239488117,6.98047930283225,5.99375630086313,5.98313609467455,6.56103937007874,6.63670081133291,152
"152",2014,2,6.925,16,7.6,6.05714285714286,6,8,6.85333333333333,9,7,1,1,15,2204,1386,818,170,636,1568,6.61699471869329,6.98450216450217,5.99429872860636,5.98323529411765,6.56330188679245,6.63877318877551,153
"153",2014,3,6.01428571428571,14,7.24,5.33333333333333,3.5,4.5,6.26666666666667,5,9,2,2,12,2218,1391,827,172,638,1580,6.61319042380523,6.98542056074767,5.98710563482467,5.95436046511628,6.55683385579937,6.63594706329114,154
"154",2014,4,6.08666666666667,15,6.75714285714286,5.5,7.5,6.83333333333333,5.9,7,8,1,3,12,2233,1398,835,173,641,1592,6.60965354231975,6.98427753934192,5.98243875449102,5.96329479768786,6.55812792511701,6.63039972361809,155
"155",2014,5,6.51818181818182,11,7.25,6.1,6,6.5,6.52222222222222,4,7,2,2,9,2244,1402,842,175,643,1601,6.60920515151515,6.98503566333809,5.98341610451306,5.96371428571428,6.55794712286159,6.62979160524672,156
"156",2014,6,7.18888888888889,9,6.94,7.5,7.75,6.2,7.3125,5,4,2,1,8,2253,1407,846,177,644,1609,6.61152079893476,6.98487562189055,5.99058671394799,5.98389830508474,6.55739130434783,6.63318605344935,157
"157",2014,7,7.33333333333333,6,7.75,6.5,NA,7.4,7,4,2,0,5,1,2259,1411,848,177,649,1610,6.61343796370075,6.98704464918498,5.99178816037736,5.98389830508474,6.56388289676425,6.63341388819876,158
"158",2014,8,6.99047619047619,21,7.34615384615385,6.4125,NA,7.76,6.75,13,8,0,5,16,2280,1424,856,177,654,1626,6.61691068421053,6.99032303370787,5.99572004672897,5.98389830508474,6.57302752293578,6.63456110701107,159
"159",2014,9,5.80769230769231,13,7.25,4.57142857142857,5,6.33333333333333,5.65,6,7,4,3,10,2293,1430,863,181,657,1636,6.61232287832534,6.99141258741259,5.9841672769409,5.9621546961326,6.57193302891933,6.62854300733497,160
"160",2014,10,7.17307692307692,13,7.46428571428571,6.83333333333333,7,8,7.02272727272727,7,6,1,2,11,2306,1437,869,182,659,1647,6.61548411101475,6.99371607515658,5.99003033371692,5.96785714285714,6.57626707132018,6.63117568913176,161
"161",2014,11,7.25,8,7.625,6.875,6,8,7,4,4,1,2,6,2314,1441,873,183,661,1653,6.61767777009507,6.99546842470507,5.99408517754868,5.96803278688524,6.58057488653555,6.63251443436177,162
"162",2014,12,7.00086956521739,23,7.42307692307692,6.452,6.97333333333333,7.20285714285714,6.9125,13,10,3,7,16,2337,1454,883,186,668,1669,6.62144902011126,6.99929160935351,5.99927107587769,5.98424731182796,6.58709580838324,6.63519853804674,163
"163",2015,1,6.57826086956522,23,7.05333333333333,5.6875,6.25,6.4375,6.65333333333333,15,8,4,8,15,2360,1469,891,190,676,1684,6.62102811864407,6.99984343090538,5.99647178451178,5.98984210526316,6.58532544378698,6.63536007125891,164
"164",2015,2,6.53846153846154,13,7.28571428571429,5.66666666666667,5.5,7.75,6.31818181818182,7,6,2,2,11,2373,1476,897,192,678,1695,6.62057579435314,7.00119918699187,5.99426573021182,5.98473958333333,6.5887610619469,6.63330168731564,165
"165",2015,3,6.8047619047619,21,7.55555555555556,6.24166666666667,6.25,7.5,6.68888888888889,9,12,2,3,18,2394,1485,909,194,681,1713,6.6221914619883,7.00455892255892,5.99753174917492,5.98747422680412,6.59277533039648,6.63388579100993,166
"166",2015,4,6.70576923076923,26,7.084375,6.1,7,6.85714285714286,6.65,16,10,1,7,19,2420,1501,919,195,688,1732,6.62308940495868,7.00540972684877,5.99864674646355,5.99266666666666,6.59546511627907,6.6340625635104,167
"167",2015,5,7.22166666666667,12,7.366,6.5,6.5,7.75,6.9575,10,2,2,4,8,2432,1511,921,197,692,1740,6.62604291118421,7.00779616148246,5.99973546145494,5.99781725888325,6.6021387283237,6.63554963218391,168
"168",2015,6,6.6625,12,7.4375,5.1125,NA,7.125,6.57,8,4,0,2,10,2444,1519,925,197,694,1750,6.62622191489362,7.01005924950626,5.99589876756757,5.99781725888325,6.60364553314121,6.63517506285715,169
"169",2015,7,6.61875,16,7.32222222222222,5.71428571428571,5.5,6.27142857142857,6.88888888888889,9,7,4,7,9,2460,1528,932,201,701,1759,6.62617331707317,7.01189790575916,5.99378364806867,5.98791044776119,6.60032810271041,6.63647320068221,170
"170",2015,8,6.48333333333333,12,6.97777777777778,5,6,6.33333333333333,6.63333333333333,9,3,1,6,6,2472,1537,935,202,707,1765,6.62547991909385,7.01169811320755,5.99059503743315,5.9879702970297,6.59806223479491,6.63646252691218,171
"171",2015,9,6.55454545454545,11,7.82,5.5,5.5,6.52,6.58333333333333,5,6,1,5,6,2483,1542,941,203,712,1771,6.62516567055981,7.01431906614786,5.98746690754516,5.98556650246305,6.59751404494382,6.63628252964427,172
"172",2015,10,6.5,13,6.44444444444444,6.625,6,6,6.54166666666667,9,4,1,1,12,2496,1551,945,204,713,1783,6.62451376602564,7.01101225016119,5.99016546031746,5.98563725490196,6.5966760168303,6.63564574312956,173
"173",2015,11,5.91666666666667,12,6,5.85714285714286,6,6.25,5.75,5,7,1,4,8,2508,1556,952,205,717,1791,6.62112693779904,7.00776349614396,5.98918735294118,5.98570731707317,6.5947419804742,6.63168975991067,174
"174",2015,12,6.36,20,6.46666666666667,6.27272727272727,6.25,5.83333333333333,6.45294117647059,9,11,2,3,17,2528,1565,963,207,720,1808,6.61906106012658,7.0046517571885,5.99242612668743,5.98826086956522,6.59156944444445,6.63000904867257,175
"175",2016,1,6.45454545454545,11,6.6875,5.83333333333333,NA,6.5,6.41666666666667,8,3,0,5,6,2539,1573,966,207,725,1814,6.61834831035841,7.00303877940242,5.99193204968944,5.98826086956522,6.59093793103448,6.62930339581037,176
"176",2016,2,6.65789473684211,19,7.125,5.85714285714286,5,6.16666666666667,6.75,12,7,1,3,16,2558,1585,973,208,728,1830,6.61864204847537,7.00396214511041,5.99096234326824,5.98350961538461,6.58918956043956,6.63035866666667,177
"177",2016,3,6.69230769230769,13,6.8,6.625,6.5,7.5,6.54545454545455,5,8,1,2,11,2571,1590,981,209,730,1841,6.61901453131077,7.00332075471698,5.99613288481142,5.98598086124402,6.59168493150685,6.62985136338947,178
"178",2016,4,5.84,7,7,5.376,NA,NA,5.84,2,5,0,0,7,2578,1592,986,209,730,1848,6.61689928626843,7.00331658291457,5.99298819472617,5.98598086124402,6.59168493150685,6.62685950216451,179
"179",2016,5,6.3125,16,6.55,5.91666666666667,NA,NA,6.3125,10,6,0,0,16,2594,1602,992,209,730,1864,6.61502172706245,7.00048689138577,5.99252657258064,5.98598086124402,6.59168493150685,6.62416113733906,180
"180",2016,6,6.5,11,7.25,5.6,7,7.625,5.85714285714286,6,5,1,4,7,2605,1608,997,210,734,1871,6.61453603071017,7.00141791044776,5.99055803410231,5.99080952380952,6.59731607629428,6.62129148049172,181
"181",2016,7,6.5,12,7,5,5,6,6.54545454545455,9,3,1,1,11,2617,1617,1000,211,735,1882,6.61401083683607,7.00141001855288,5.98758636,5.98611374407583,6.59650340136055,6.62084822529224,182
"182",2016,8,6.75333333333333,15,6.92222222222222,6.5,6.66666666666667,7.2,6.53,9,6,3,5,10,2632,1626,1006,214,740,1892,6.61480484802432,7.0009717097171,5.99064250497018,5.99565420560748,6.60058108108108,6.62036805496829,183
"183",2016,9,7.23846153846154,13,7.50909090909091,5.75,6,7.5,7.19090909090909,11,2,1,2,11,2645,1637,1008,215,742,1903,6.61787007939509,7.00438607208308,5.99016503968254,5.99567441860465,6.60300539083558,6.62366598003153,184
"184",2016,10,6.55263157894737,19,6.86363636363636,6.125,7.5,7,6.5,11,8,2,2,17,2664,1648,1016,217,744,1920,6.61740478978979,7.00344660194175,5.99122673228346,6.00953917050691,6.60407258064516,6.62257102083334,185
"185",2016,11,6.31578947368421,19,6.79166666666667,5.5,6,6.6,6.21428571428571,12,7,2,5,14,2683,1660,1023,219,749,1934,6.61526886321282,7.0019156626506,5.98786545454545,6.00945205479452,6.60404539385848,6.61961549120993,186
"186",2016,12,6.63461538461539,13,7.1875,5.75,NA,4,6.85416666666667,8,5,0,1,12,2696,1668,1028,219,750,1946,6.61536215133531,7.00280575539569,5.98670852140078,6.00945205479452,6.60057333333333,6.62106184994861,187
"187",2017,1,6.8125,8,6.8,6.83333333333333,6.5,6.75,6.83333333333333,5,3,1,2,6,2704,1673,1031,220,752,1952,6.61594539940828,7.00219964136282,5.9891720271581,6.01168181818182,6.60097074468085,6.62171432377049,188
"188",2017,2,6.59090909090909,11,7.3125,4.66666666666667,NA,NA,6.59090909090909,8,3,0,0,11,2715,1681,1034,220,752,1963,6.61584396316759,7.0036763831053,5.98533497098646,6.01168181818182,6.60097074468085,6.62154170147733,189
"189",2017,3,6.35714285714286,7,7.3,4,NA,7,6.1,5,2,0,2,5,2722,1686,1036,220,754,1968,6.61517867744306,7.00455516014235,5.98150227799228,6.01168181818182,6.60202917771883,6.62021664634147,190
"190",2017,4,6.675,16,6.775,6.375,7.5,7.5,6.4,12,4,2,4,12,2738,1698,1040,222,758,1980,6.61552825420015,7.00293286219081,5.98301573076923,6.02509009009009,6.60676781002639,6.618882,191
"191",2017,5,6.55769230769231,13,6.75,5.5,5,NA,6.55769230769231,11,2,1,0,13,2751,1709,1042,223,758,1993,6.61525494729189,7.00130485664131,5.98208863723608,6.0204932735426,6.60676781002639,6.61848287004516,192
"192",2017,6,6.41111111111111,9,6.5,6.3,5.5,6.35,6.42857142857143,5,4,2,2,7,2760,1714,1046,225,760,2000,6.61458926086957,6.99984247374563,5.98330435946463,6.01586666666667,6.60609210526316,6.61781818,193
"193",2017,7,6.66666666666667,9,6.85714285714286,6,NA,6,6.75,7,2,0,1,8,2769,1721,1048,225,761,2008,6.61475852654388,6.99926205694364,5.98333622137404,6.01586666666667,6.60529566360053,6.61834480079682,194
"194",2017,8,6.36153846153846,13,6.36666666666667,6.35714285714286,6.5,6,6.42727272727273,6,7,2,2,11,2782,1727,1055,227,763,2019,6.61357525521208,6.99706427330631,5.9858164549763,6.02013215859031,6.60370904325033,6.61730379395741,195
"195",2017,9,6.78181818181818,11,7.18333333333333,6.3,7,9,6.56,6,5,1,1,10,2793,1733,1060,228,764,2029,6.61423786609381,6.99770917484132,5.98729845283019,6.0244298245614,6.60684554973822,6.61702137013307,196
"196",2017,10,7.11,20,7.73636363636364,6.34444444444444,6.03333333333333,6.68333333333333,7.29285714285714,11,9,3,6,14,2813,1744,1069,231,770,2043,6.61776265908283,7.00236811926606,5.99030529466791,6.02454545454545,6.60744155844156,6.62165264806657,197
"197",2017,11,6.07176470588235,17,6.27272727272727,5.70333333333333,5,6.244,6,11,6,3,5,12,2830,1755,1075,234,775,2055,6.61448281272085,6.99779487179487,5.98870359069767,6.01141025641025,6.60509677419355,6.61802255961071,198
"198",2017,12,7.41181818181818,11,7.44125,7.33333333333333,7,8.44,7.18333333333333,8,3,1,2,9,2841,1763,1078,235,777,2064,6.61756999648011,6.99980714690868,5.99244560296846,6.01561702127659,6.60981981981982,6.62048757751938,199
"199",2018,1,6.71428571428571,21,7,6,5,7.25,6.58823529411765,15,6,1,4,17,2862,1778,1084,236,781,2081,6.61827965059399,6.99980877390326,5.99248741697417,6.01131355932203,6.6130985915493,6.62022410379625,200
"200",2018,2,5.97,10,7.25,5.11666666666667,5.9,7,5.7125,4,6,3,2,8,2872,1782,1090,239,783,2089,6.61602240947075,7.00037037037037,5.9876663853211,6.00991631799163,6.61408684546616,6.61674789851604,201
"201",2018,3,6.625,10,6.8,6.45,NA,NA,6.625,5,5,0,0,10,2882,1787,1095,239,783,2099,6.61605356002776,6.99980973698937,5.98977749771689,6.00991631799163,6.61408684546616,6.61678721295855,202
"202",2018,4,6.73333333333333,15,7,6.63636363636364,6.125,6.4,6.9,4,11,4,5,10,2897,1791,1106,243,788,2109,6.61666080773214,6.99981016192072,5.99620828209765,6.01181069958848,6.61272842639594,6.61813009009009,203
"203",2018,5,5.60833333333333,12,6.16,5.21428571428571,5.5,6,5.53,5,7,2,2,10,2909,1796,1113,245,790,2119,6.61250132691647,6.99747216035635,5.99129053009883,6.00763265306122,6.61117721518988,6.61299497876357,204
"204",2018,6,6.44444444444444,9,6.8,6,5,5,6.85714285714286,5,4,1,2,7,2918,1801,1117,246,792,2126,6.61198298834818,6.99692393114936,5.99132171888988,6.00353658536585,6.60710858585859,6.6137988523048,205
"205",2018,7,6.83333333333333,6,6.8,7,7,9,6.4,5,1,1,1,5,2924,1806,1118,247,793,2131,6.61243719562244,6.99637873754153,5.99222393559928,6.00757085020243,6.61012610340479,6.61329721257626,206
"206",2018,8,6.80125,16,7.31333333333333,6.14285714285714,6,7,6.788,9,7,3,1,15,2940,1815,1125,250,794,2146,6.61346474829932,6.99795041322314,5.99316120888889,6.00748,6.61061712846348,6.61451834109972,207
"207",2018,9,6.38647058823529,17,6.61214285714286,5.33333333333333,NA,5.65285714285714,6.9,14,3,0,7,10,2957,1829,1128,250,801,2156,6.61215974298275,6.99499726626572,5.99140634751773,6.00748,6.60224719101124,6.61584246753247,208
"208",2018,10,6.66666666666667,18,7.13636363636364,5.92857142857143,6,6,6.70588235294118,11,7,3,1,17,2975,1840,1135,253,802,2173,6.61248953277311,6.99584239130435,5.99101881938326,6.00739130434782,6.60149625935162,6.61654687528762,209
"209",2018,11,6.45,10,7,6.21428571428571,6.5,7,6.3125,3,7,1,2,8,2985,1843,1142,254,804,2181,6.61194517922948,6.99584915897992,5.99238735551664,6.00933070866142,6.60248756218906,6.61543161852362,210
"210",2018,12,6.91,10,7.0125,6.5,6.5,7.125,6.85625,8,2,2,2,8,2995,1851,1144,256,806,2189,6.61294035392321,6.99592112371691,5.99327479020979,6.0131640625,6.6037841191067,6.6163117222476,211
"211",2019,1,7,16,7.33333333333333,6,NA,5.5,7.21428571428571,12,4,0,2,14,3011,1863,1148,256,808,2203,6.61499713052142,6.99809447128288,5.99329822299651,6.0131640625,6.60105198019802,6.62011182932365,212
"212",2019,2,6.30769230769231,13,7.14285714285714,5.33333333333333,6,4.5,6.63636363636364,7,6,1,2,11,3024,1870,1154,257,810,2214,6.61367604497354,6.99863636363636,5.98986686308492,6.01311284046692,6.59586419753087,6.62019257452575,213
"213",2019,3,6.21428571428571,14,6.33333333333333,5.5,5,5.5,6.33333333333333,12,2,1,2,12,3038,1882,1156,258,812,2226,6.6118355365372,6.99439426142402,5.98901934256055,6.00918604651163,6.59316502463054,6.61864616352201,214
"214",2019,4,6.55,8,6.88,6,5.75,6.16666666666667,6.78,5,3,2,3,5,3046,1887,1159,260,815,2231,6.61167313197636,6.9940911499735,5.98904776531493,6.00719230769231,6.59159509202454,6.61900778126401,215
"215",2019,5,6.2,5,6.5,6,NA,NA,6.2,2,3,0,0,5,3051,1889,1162,260,815,2236,6.61099847918715,6.99356802541027,5.98907604130809,6.00719230769231,6.59159509202454,6.61807082289804,216
"216",2019,6,7.102,10,9,5.204,NA,NA,7.102,5,5,0,0,10,3061,1894,1167,260,815,2246,6.61260253511924,6.99886483632524,5.9857123907455,6.00719230769231,6.59159509202454,6.62022544968834,217
"217",2019,7,6.90909090909091,11,7.83333333333333,5.8,5,3,7.3,6,5,1,1,10,3072,1900,1172,261,816,2256,6.6136641796875,7.0015,5.98492010238908,6.00333333333333,6.58719362745098,6.62323863475178,218
"218",2019,8,6.55384615384615,13,7,6.275,7,7,6.47272727272727,5,8,1,2,11,3085,1905,1180,262,818,2267,6.6134121102107,7.00149606299213,5.98688674576271,6.00713740458015,6.58820293398533,6.6225083193648,219
"219",2019,9,6.375,8,6.5,6.25,NA,4,6.71428571428571,4,4,0,1,7,3093,1909,1184,262,819,2274,6.61279546071775,7.00044525929806,5.98777564189189,6.00713740458015,6.58504273504274,6.62279083553211,220
"220",2019,10,6.93076923076923,13,7.325,6.3,NA,6.9,6.94444444444444,8,5,0,4,9,3106,1917,1189,262,823,2283,6.61412632324533,7.00179968701096,5.98908861227923,6.00713740458015,6.58657351154314,6.62405885238721,221
"221",2019,11,6.58333333333333,12,7,5.75,7,6.5,6.6,8,4,1,2,10,3118,1925,1193,263,825,2293,6.61400781270045,7.00179220779221,5.98828697401509,6.01091254752852,6.58636363636364,6.6239539293502,222
"222",2019,12,6.87894736842105,19,7.61,6.06666666666667,5,7.65,6.67333333333333,10,9,1,4,15,3137,1935,1202,264,829,2308,6.61561248326427,7.0049354005168,5.98887384359401,6.00708333333333,6.59149577804584,6.62427485268631,223
"223",2020,1,6.84615384615385,13,6.91666666666667,6.78571428571429,NA,8.5,6.54545454545455,6,7,0,2,11,3150,1941,1209,264,831,2319,6.61656392380952,7.00466254507986,5.99348747725393,6.00708333333333,6.59608904933815,6.623900974558,224
"224",2020,2,6.4,17,7.07272727272727,5.16666666666667,5,6,6.425,11,6,1,1,16,3167,1952,1215,265,832,2335,6.61540143984844,7.00504610655738,5.98940441152263,6.00328301886792,6.59537259615385,6.62253805567452,225
"225",2020,3,5.76923076923077,13,5.92857142857143,5.58333333333333,5.875,5.83333333333333,5.75,7,6,4,3,10,3180,1959,1221,269,835,2345,6.61194225157233,7.00119959162838,5.98740897624898,6.00137546468401,6.59263473053892,6.61881721108742,226
"226",2020,4,6,8,6.14285714285714,5,5,7,5.66666666666667,7,1,1,2,6,3188,1966,1222,270,837,2351,6.61040663739021,6.99814343845371,5.9866009492635,5.99766666666667,6.59360812425329,6.61638722245853,227
"227",2020,5,6.63636363636364,11,7.3,6.08333333333333,6.3,NA,6.63636363636364,5,6,3,0,11,3199,1971,1228,273,837,2362,6.6104958924664,6.99890918315576,5.98707358306189,6.00098901098901,6.59360812425329,6.61648025402202,228
"228",2020,6,6.45,10,6.5625,6,6,6,6.5625,8,2,2,2,8,3209,1979,1230,275,839,2370,6.60999574945466,6.99714502273876,5.98709460162601,6.00098181818182,6.59219308700835,6.6162980421941,229
"229",2020,7,6.91818181818182,11,7.325,5.83333333333333,NA,7.05,6.88888888888889,8,3,0,2,9,3220,1987,1233,275,841,2379,6.61104855900621,6.99846502264721,5.986720486618,6.00098181818182,6.59328180737218,6.6173292812106,230
"230",2020,8,6.09,10,6.41428571428571,5.33333333333333,5.5,5,6.21111111111111,7,3,2,1,9,3230,1994,1236,277,842,2388,6.60943540557276,6.99641424272819,5.98513459546925,5.99736462093863,6.59138954869359,6.61579830820771,231
"231",2020,9,6.88888888888889,9,7.33333333333333,6.66666666666667,7,6,7.14285714285714,3,6,3,2,7,3239,1997,1242,280,844,2395,6.61021190490892,6.99692038057086,5.98842702093398,6.00810714285714,6.58998815165877,6.61733877244259,232
"232",2020,10,6.40909090909091,11,5.91666666666667,7,NA,6.5,6.38888888888889,6,5,0,2,9,3250,2003,1247,280,846,2404,6.60953118769231,6.99368447329007,5.99248304731355,6.00810714285714,6.58977541371159,6.61648351081531,233
"233",2020,11,6.12857142857143,14,6.98,4,5,7,5.98333333333333,10,4,1,2,12,3264,2013,1251,281,848,2416,6.60746824754902,6.99361649279682,5.98611219824141,6.00451957295374,6.59074292452831,6.61333872516557,234
"234",2020,12,6.7,15,6.79166666666667,6.33333333333333,NA,6,6.80769230769231,12,3,0,2,13,3279,2025,1254,281,850,2429,6.60789154010369,6.99241975308642,5.9869428708134,6.00451957295374,6.58935294117647,6.61437890489914,235
"235",2021,1,6.38235294117647,17,6.86363636363636,5.5,7,5.33333333333333,6.60714285714286,11,6,1,3,14,3296,2036,1260,282,853,2443,6.60672826456311,6.99172396856582,5.9846240952381,6.00804964539007,6.58493552168816,6.61433743757675,236
"236",2021,2,6.97222222222222,18,7.15384615384615,6.5,6.5,7.66666666666667,6.83333333333333,13,5,2,3,15,3314,2049,1265,284,856,2458,6.60871344598672,6.99275256222548,5.9866611541502,6.01151408450704,6.58872663551402,6.61567386493084,237
"237",2021,3,6.45075,8,7.1812,5.23333333333333,4,7.053,6.25,5,3,1,2,6,3322,2054,1268,285,858,2464,6.60833304033715,6.99321129503408,5.98487883280757,6.00445614035088,6.58980885780886,6.61478342532468,238
"238",2021,4,6.61111111111111,9,6,7.1,NA,7.5,6.16666666666667,4,5,0,3,6,3331,2058,1273,285,861,2470,6.60834054638247,6.99128085519922,5.98925872741555,6.00445614035088,6.59298025551684,6.6136948825911,239
"239",2021,5,6.38181818181818,11,6.6,6,6,6.25,6.45714285714286,7,4,1,4,7,3342,2065,1277,286,865,2477,6.60759496110114,6.98995447941889,5.98929237274863,6.00444055944056,6.59139421965318,6.61325246669359,240
"240",2021,6,7.07142857142857,14,7.2,7,5.5,7.33333333333333,6.6,5,9,1,9,5,3356,2070,1286,287,874,2482,6.60952990464839,6.99046183574879,5.99636575427683,6.00268292682927,6.59903432494279,6.6132257695407,241
"241",2021,7,6.77,10,6.88571428571429,6.5,6.5,7.35,6.625,7,3,1,2,8,3366,2077,1289,288,876,2490,6.61000664289958,6.99010881078479,5.99753790535299,6.00440972222222,6.60074885844749,6.61326359839358,242
"242",2021,8,5.87444444444444,18,6.74888888888889,5,5.66666666666667,5,6.04933333333333,9,9,3,3,15,3384,2086,1298,291,879,2505,6.60609407801419,6.98906807286673,5.99062123266564,6.00092783505155,6.59528555176337,6.60988677045909,243
"243",2021,9,7.5,9,7.92857142857143,6,NA,9,7.07142857142857,7,2,0,2,7,3393,2093,1300,291,881,2512,6.60846518125553,6.99221022455805,5.99063566153846,6.00092783505155,6.60074460839955,6.61117291401274,244
"244",2021,10,6.62416666666667,12,7.055,6.19333333333333,NA,8,6.49909090909091,6,6,0,1,11,3405,2099,1306,291,882,2523,6.60852051688693,6.99238970938542,5.99156689127106,6.00092783505155,6.60233106575964,6.61068424891003,245
"245",2021,11,6.71428571428571,7,7.83333333333333,5.875,5.5,5.33333333333333,7.75,3,4,3,3,4,3412,2102,1310,294,885,2527,6.60873750293083,6.99358991436727,5.99121096183206,5.99581632653061,6.59802937853108,6.61248767708746,246
"246",2021,12,6.70909090909091,11,6.97142857142857,6.25,NA,7.5,6.53333333333333,7,4,0,2,9,3423,2109,1314,294,887,2536,6.60905999415717,6.99351635846373,5.99199875190259,5.99581632653061,6.60006313416009,6.61220676656152,247
"247",2022,1,6.82272727272727,22,7.07333333333333,6.28571428571429,6,6.5,6.855,15,7,1,2,20,3445,2124,1321,295,889,2556,6.61042448766328,6.99408003766478,5.99355515518547,5.99583050847458,6.59983802024747,6.61410655712051,248
"248",2022,2,6.55263157894737,19,6.89285714285714,5.6,8,6.33333333333333,6.59375,14,5,1,3,16,3464,2138,1326,296,892,2572,6.61010749422633,6.99341721234799,5.99207116138763,6.00260135135135,6.59894170403588,6.61397992223951,249
"249",2022,3,6.99125,8,9,5.786,5,5.64333333333333,7.8,3,5,1,3,5,3472,2141,1331,297,895,2577,6.61098570276498,6.99622886501635,5.99129703981969,5.99922558922559,6.59573854748604,6.61628108653473,250
"250",2022,4,6.27272727272727,11,6.75,6,6.5,NA,6.27272727272727,4,7,2,0,11,3483,2145,1338,299,895,2588,6.60991741602067,6.9957696969697,5.9913425710015,6.00257525083612,6.59573854748604,6.61482085007728,251
"251",2022,5,6.46875,8,6.16666666666667,6.65,NA,4,6.82142857142857,3,5,0,1,7,3491,2148,1343,299,896,2595,6.60959391578344,6.99461173184358,5.99379475800447,6.00257525083612,6.59284151785715,6.61537817341041,252
"252",2022,6,6.50666666666667,15,6.75,6.34444444444444,NA,5.5,6.66153846153846,6,9,0,2,13,3506,2154,1352,299,898,2608,6.60915355390759,6.99393036211699,5.99612896449704,6.00257525083612,6.59040757238308,6.61560826687117,253
"253",2022,7,6.40909090909091,11,7.375,5.85714285714286,6,5,6.72222222222222,4,7,1,2,9,3517,2158,1359,300,900,2617,6.60852782485073,6.99463670064875,5.99541306843267,6.00256666666667,6.58687333333334,6.61597491784486,254
"254",2022,8,7.22666666666667,15,7.44,6.8,6,7.5,7.12727272727273,10,5,1,4,11,3532,2168,1364,301,904,2628,6.61115298980747,6.9966909594096,5.9983624340176,6.00255813953488,6.59091371681416,6.61811505327246,255
"255",2022,9,5.8,4,6.8,5.46666666666667,NA,6.4,5.6,1,3,0,1,3,3536,2169,1367,301,905,2631,6.6102353959276,6.99660027662517,5.99719558156547,6.00255813953488,6.59070276243094,6.61695414671228,256
"256",2022,10,6.70184615384615,13,6.92,6.5655,6.33333333333333,NA,6.70184615384615,5,8,3,0,13,3549,2174,1375,304,905,2644,6.61057096646943,6.99642410303588,6.00050208,6.00582236842105,6.59070276243094,6.61737154311649,257
"257",2022,11,6.322,25,6.85625,5.37222222222222,3,5.5,6.35625,16,9,1,1,24,3574,2190,1384,305,906,2668,6.6085524230554,6.9954,5.99641644508671,5.99596721311475,6.58949889624724,6.61502262368816,258
"258",2022,12,6.95357142857143,28,6.76315789473684,7.35555555555556,8.2,8.08,6.70869565217391,19,9,2,5,23,3602,2209,1393,307,911,2691,6.61123441421433,6.99340244454504,6.00519767408471,6.01032573289902,6.59767947310648,6.61582324786325,259
