"","year","month","avg_rating","no_ratings","avg_rating_owned","avg_rating_not_owned","avg_rating_prev_owned","avg_rating_comment","avg_rating_no_comment","no_ratings_owned","no_ratings_not_owned","no_ratings_prev_owned","no_ratings_comment","no_ratings_no_comment","cum_no_ratings","cum_no_ratings_owned","cum_no_ratings_not_owned","cum_no_ratings_prev_owned","cum_no_ratings_comment","cum_no_ratings_no_comment","cum_avg_rating","cum_avg_rating_owned","cum_avg_rating_not_owned","cum_avg_rating_prev_owned","cum_avg_rating_comment","cum_avg_rating_no_comment","month_after_release"
"1",2008,3,7,1,7,NA,NA,NA,7,1,0,0,0,1,1,1,0,0,0,1,7,7,NA,NA,NA,7,-1
"2",2008,4,7.05576923076923,26,7.08,7.040625,NA,7.04583333333333,7.06428571428571,10,16,0,12,14,27,11,16,0,12,15,7.0537037037037,7.07272727272727,7.040625,NA,7.04583333333333,7.06,0
"3",2008,5,7.386,50,7.49565217391304,7.29259259259259,NA,7.46,7.33666666666667,23,27,0,20,30,77,34,43,0,32,45,7.26948051948052,7.35882352941176,7.19883720930233,NA,7.3046875,7.24444444444444,1
"4",2008,6,7.10731707317073,41,7.67058823529412,6.70833333333333,7.16666666666667,7.05,7.16190476190476,17,24,3,20,21,118,51,67,3,52,66,7.21313559322034,7.46274509803922,7.02313432835821,7.16666666666667,7.20673076923077,7.21818181818182,2
"5",2008,7,7.16792452830189,53,7.375,6.99655172413793,7.62,7.26315789473684,7.11470588235294,24,29,5,19,34,171,75,96,8,71,100,7.19912280701754,7.43466666666667,7.01510416666667,7.45,7.22183098591549,7.183,3
"6",2008,8,7.38292682926829,41,7.84090909090909,6.85263157894737,8,6.7,7.60322580645161,22,19,1,10,31,212,97,115,9,81,131,7.23466981132075,7.52680412371134,6.98826086956522,7.51111111111111,7.15740740740741,7.2824427480916,4
"7",2008,9,7.115625,32,7.875,6.66,7.24,7.25,7.035,12,20,5,12,20,244,109,135,14,93,151,7.21905737704918,7.5651376146789,6.93962962962963,7.41428571428571,7.16935483870968,7.24966887417219,5
"8",2008,10,6.9,20,7.25,6.66666666666667,7.25,6.78571428571429,6.96153846153846,8,12,4,7,13,264,117,147,18,100,164,7.19488636363636,7.54358974358974,6.91734693877551,7.37777777777778,7.1425,7.22682926829268,6
"9",2008,11,7.15666666666667,45,7.31842105263158,7.03846153846154,6.83333333333333,6.8925,7.368,19,26,3,20,25,309,136,173,21,120,189,7.18932038834951,7.51213235294118,6.93554913294798,7.3,7.10083333333333,7.24550264550265,7
"10",2008,12,7.245,40,7.39565217391304,7.04117647058824,6.85714285714286,6.96428571428571,7.39615384615385,23,17,7,14,26,349,159,190,28,134,215,7.19570200573066,7.49528301886792,6.945,7.18928571428571,7.0865671641791,7.26372093023256,8
"11",2009,1,7.01470588235294,34,7.39545454545455,6.31666666666667,5,6.80769230769231,7.14285714285714,22,12,2,13,21,383,181,202,30,147,236,7.17963446475196,7.48314917127072,6.90767326732673,7.04333333333333,7.06190476190476,7.25296610169492,9
"12",2009,2,6.98571428571429,42,7.49411764705882,6.64,7.125,6.8,7.06896551724138,17,25,8,13,29,425,198,227,38,160,265,7.16047058823529,7.48409090909091,6.87819383259912,7.06052631578947,7.040625,7.23283018867925,10
"13",2009,3,7.39,45,7.33333333333333,7.43958333333333,6.95,6.62777777777778,7.58055555555556,21,24,4,9,36,470,219,251,42,169,301,7.18244680851064,7.46963470319635,6.93187250996016,7.05,7.01863905325444,7.27441860465116,11
"14",2009,4,7.44590909090909,44,7.646,7.27916666666667,6.83333333333333,7.42666666666667,7.453125,20,24,3,12,32,514,239,275,45,181,333,7.205,7.48439330543933,6.96218181818182,7.03555555555556,7.04569060773481,7.29159159159159,12
"15",2009,5,7.85370833333333,48,7.59285714285714,7.96111764705882,7,7.242,7.99487179487179,14,34,1,9,39,562,253,309,46,190,372,7.26040569395018,7.490395256917,7.07209708737864,7.03478260869565,7.05498947368421,7.36532258064516,13
"16",2009,6,7.25285714285714,35,7.25,7.254,6,7.23076923076923,7.26590909090909,10,25,4,13,22,597,263,334,50,203,394,7.25996314907873,7.48125475285171,7.0857125748503,6.952,7.06624630541872,7.35977157360406,14
"17",2009,7,7.3142875,28,7.30769230769231,7.32000333333333,5.5,7.16667222222222,7.38421052631579,13,15,2,9,19,625,276,349,52,212,413,7.26239688,7.47307971014493,7.0957823782235,6.89615384615385,7.07050966981132,7.36089588377724,15
"18",2009,8,7.34333333333333,30,7.35,7.33571428571429,6.84,7.05625,7.44772727272727,16,14,5,8,22,655,292,363,57,220,435,7.26610389312977,7.46633561643836,7.10503595041322,6.89122807017544,7.06999113636364,7.36528735632184,16
"19",2009,9,7.14814814814815,27,6.85,7.32352941176471,6.875,7,7.21052631578947,10,17,4,8,19,682,302,380,61,228,454,7.26143409090909,7.44592715231788,7.11481065789474,6.89016393442623,7.06753530701754,7.35881057268722,17
"20",2009,10,7.32,30,7.47058823529412,7.12307692307692,7,7.34615384615385,7.3,17,13,5,13,17,712,319,393,66,241,471,7.26390175561798,7.44724137931034,7.11508409669211,6.89848484848485,7.08256452282158,7.35668789808917,18
"21",2009,11,7.16379310344828,29,7.30681818181818,6.71428571428571,7,7.45833333333333,7.08695652173913,22,7,3,6,23,741,341,400,69,247,494,7.2599838731444,7.43818181818182,7.108070125,6.90289855072464,7.09169251012146,7.34412955465587,19
"22",2009,12,6.87179487179487,39,7.16666666666667,6.74074074074074,6.875,6.5,6.91428571428571,12,27,8,4,35,780,353,427,77,251,529,7.24057442307692,7.42895184135977,7.08484320843091,6.9,7.08226314741036,7.31568998109641,20
"23",2010,1,6.93695652173913,46,7.075,6.78636363636364,6.4,6.9,6.95,24,22,7,12,34,826,377,449,84,263,563,7.22366592009685,7.40641909814324,7.07021837416481,6.85833333333333,7.07394695817491,7.29360568383659,21
"24",2010,2,6.67241379310345,29,7.23076923076923,6.21875,5.65625,6.21875,6.84523809523809,13,16,8,8,21,855,390,465,92,271,584,7.20496847953217,7.4005641025641,7.04092053763441,6.75380434782609,7.04870129151291,7.27748287671233,22
"25",2010,3,7.03409090909091,22,7.34090909090909,6.72727272727273,6.1,6.58333333333333,7.203125,11,11,5,6,16,877,401,476,97,277,600,7.20068192702395,7.39892768079801,7.03367237394958,6.7201030927835,7.03862111913357,7.2755,23
"26",2010,4,7.01590909090909,22,7.33636363636364,6.69545454545455,6.45,7.9,6.87631578947368,11,11,2,3,19,899,412,487,99,280,619,7.19616023359288,7.3972572815534,7.02603295687885,6.71464646464646,7.04785017857143,7.26324717285945,24
"27",2010,5,7.4515625,32,7.93235294117647,6.90666666666667,6.8,7.60357142857143,7.33333333333333,17,15,5,14,18,931,429,502,104,294,637,7.2049388292159,7.41846153846154,7.02246623505976,6.71875,7.07431309523809,7.26522762951334,25
"28",2010,6,7.51111111111111,18,7.7,7.275,NA,NA,7.51111111111111,10,8,0,0,18,949,439,510,104,294,655,7.21074610115912,7.42487471526196,7.02642754901961,6.71875,7.07431309523809,7.27198473282443,26
"29",2010,7,6.845,20,7.19,6.5,6.75,7.38,6.66666666666667,10,10,4,5,15,969,449,520,108,299,670,7.2031971620227,7.41964365256125,7.01630394230769,6.71990740740741,7.07942491638796,7.2584328358209,27
"30",2010,8,7.19230769230769,13,7.5,7,7.5,6.33333333333333,7.45,5,8,2,3,10,982,454,528,110,302,680,7.20305300407332,7.42052863436123,7.01605691287879,6.73409090909091,7.07201341059603,7.26125,28
"31",2010,9,6.8875,16,7.22222222222222,6.45714285714286,6.66666666666667,7.08333333333333,6.77,9,7,3,6,10,998,463,535,113,308,690,7.19799403807615,7.41667386609071,7.00874401869159,6.73230088495575,7.07223392857143,7.25413043478261,29
"32",2010,10,6.70857142857143,14,7.7,6.15777777777778,NA,7.125,6.542,5,9,0,4,10,1012,468,544,113,312,700,7.19122336956522,7.41970085470085,6.99466553308823,6.73230088495575,7.07291041666667,7.24395714285714,30
"33",2010,11,6.75392857142857,28,6.615,6.89285714285714,6.66666666666667,7.5,6.6644,14,14,3,3,25,1040,482,558,116,315,725,7.17945004807692,7.39632780082988,6.99211120071685,6.73060344827586,7.07697793650794,7.2239724137931,31
"34",2010,12,6.91785714285714,28,7.05,6.74166666666667,6.8,6.7,7.02105263157895,16,12,5,9,19,1068,498,570,121,324,744,7.17259180711611,7.38520080321285,6.98683868421053,6.73347107438016,7.06650632716049,7.21879032258064,32
"35",2011,1,6.85243902439024,41,7.29285714285714,6.39,6.6875,6.75,6.8948275862069,21,20,8,12,29,1109,519,590,129,336,773,7.16075568079351,7.38146435452794,6.96660686440678,6.73062015503876,7.0552025297619,7.20663648124191,33
"36",2011,2,7.01851851851852,27,7.11818181818182,6.95,6.58333333333333,7.25,6.97826086956522,11,16,6,4,23,1136,530,606,135,340,796,7.15737504401408,7.376,6.96616839933993,6.72407407407407,7.05749426470588,7.20003768844221,34
"37",2011,3,7.08368421052632,19,7.15,7.01,6.625,6.618,7.25,10,9,4,5,14,1155,540,615,139,345,810,7.15616281385281,7.37181481481482,6.96680983739837,6.72122302158273,7.0511247826087,7.2009012345679,35
"38",2011,4,6.36111111111111,18,6.25,6.5,6.875,7,6.28125,10,8,4,2,16,1173,550,623,143,347,826,7.14396253196931,7.35141818181818,6.96081548956661,6.72552447552447,7.05083011527377,7.18308716707022,36
"39",2011,5,7.072,25,7.42857142857143,6.61818181818182,7.25,7.125,7.06739130434783,14,11,1,2,23,1198,564,634,144,349,849,7.1424608096828,7.35333333333333,6.95487074132492,6.72916666666667,7.05125515759312,7.17995288574794,37
"40",2011,6,7.25833333333333,12,7.7625,6.25,7.03333333333333,7.325,7.225,8,4,3,4,8,1210,572,638,147,353,857,7.14360995867769,7.35905594405595,6.95045148902821,6.73537414965986,7.05435708215298,7.18037339556593,38
"41",2011,7,6.90526315789474,19,6.9625,6.86363636363636,7,7.13333333333333,6.8625,8,11,2,3,16,1229,580,649,149,356,873,7.13992518307567,7.35358620689655,6.94898004622496,6.73892617449664,7.05502261235955,7.17454753722795,39
"42",2011,8,6.97058823529412,17,7.33333333333333,6.5625,7.5,7.25,6.81818181818182,9,8,2,6,11,1246,589,657,151,362,884,7.13761480738363,7.35327674023769,6.94427404870624,6.74900662251656,7.05825428176796,7.17011312217195,40
"43",2011,9,6.72105263157895,19,7.01666666666667,6.21428571428571,5,6.15,7.13636363636364,12,7,3,8,11,1265,601,664,154,370,895,7.13135814229249,7.34655574043261,6.93657838855422,6.71493506493506,7.03861635135135,7.16969832402235,41
"44",2011,10,7,23,7.42307692307692,6.45,7.25,6.875,7.02631578947368,13,10,2,4,19,1288,614,674,156,374,914,7.12901246118012,7.34817589576547,6.92935912462908,6.72179487179487,7.03686644385027,7.16671772428884,42
"45",2011,11,6.91176470588235,17,7.13636363636364,6.5,6,6.83333333333333,6.92857142857143,11,6,1,3,14,1305,625,680,157,377,928,7.1261824137931,7.344448,6.9255706617647,6.7171974522293,7.03524681697613,7.163125,43
"46",2011,12,6.89473684210526,19,7.08888888888889,6.72,6.7,6.5,6.96875,9,10,5,3,16,1324,634,690,162,380,944,7.12286106495468,7.34082018927445,6.92259137681159,6.71666666666667,7.03102118421053,7.15983050847458,44
"47",2012,1,7.22727272727273,22,7.68181818181818,6.77272727272727,7.125,7,7.26315789473684,11,11,4,3,19,1346,645,701,166,383,963,7.1245676448737,7.34663565891473,6.92023972895863,6.72650602409638,7.03077819843342,7.1618691588785,45
"48",2012,2,7.32272727272727,22,7.33333333333333,7.31,7.05,7.16666666666667,7.34736842105263,12,10,2,3,19,1368,657,711,168,386,982,7.12775442251462,7.34639269406393,6.92572158931083,6.73035714285714,7.03183432642487,7.1654582484725,46
"49",2012,3,6.80833333333333,12,6.88571428571429,6.7,7.125,7.5,6.31428571428571,7,5,4,5,7,1380,664,716,172,391,989,7.12497684782609,7.34153614457831,6.92414532122905,6.73953488372093,7.03782109974425,7.15943377148635,47
"50",2012,4,7,15,7.20454545454546,6.4375,NA,7.1,6.98461538461538,11,4,0,2,13,1395,675,720,172,393,1002,7.12363301075269,7.3393037037037,6.92144173611111,6.73953488372093,7.03813753180662,7.15716566866267,48
"51",2012,5,7.08928571428571,14,7,7.25,7.3125,7.3125,7,9,5,4,4,10,1409,684,725,176,397,1012,7.12329173172463,7.33483918128655,6.92370765517241,6.75255681818182,7.04090188916877,7.15561264822134,49
"52",2012,6,5.875,12,6.58333333333333,5.16666666666667,4,3,6.13636363636364,6,6,1,1,11,1421,690,731,177,398,1023,7.11275021111893,7.32830434782609,6.90928597811217,6.73700564971751,7.03074886934673,7.14465298142717,50
"53",2012,7,7.20105263157895,19,7.6,7.01692307692308,7.25,7.25,7.188,6,13,6,4,15,1440,696,744,183,402,1038,7.1139153125,7.33064655172414,6.91116673387097,6.75382513661202,7.03293047263682,7.14527938342967,51
"54",2012,8,7.74444444444444,9,7.81428571428571,7.5,7.5,8.23333333333333,7.5,7,2,2,3,6,1449,703,746,185,405,1044,7.11783164251208,7.33546230440967,6.91274537533512,6.76189189189189,7.04182234567901,7.14731800766283,52
"55",2012,9,6.27272727272727,11,6.875,5.92857142857143,NA,6,6.42857142857143,4,7,0,4,7,1460,707,753,185,409,1051,7.11146441780822,7.33285714285714,6.90359634794157,6.76189189189189,7.03163337408313,7.14253092293054,53
"56",2012,10,6.46428571428571,14,6.57142857142857,6.35714285714286,7,7,6.31818181818182,7,7,2,3,11,1474,714,760,187,412,1062,7.10531753731343,7.32539215686275,6.89856322368421,6.7644385026738,7.03140303398058,7.13399246704331,54
"57",2012,11,6.76666666666667,15,6.92857142857143,6.625,6.75,7,6.68181818181818,7,8,4,4,11,1489,721,768,191,416,1073,7.10190601074547,7.32153952843273,6.89571360677083,6.76413612565445,7.03110108173077,7.12935694315005,55
"58",2012,12,6.9,15,6.875,6.92857142857143,7,7,6.89285714285714,8,7,3,1,14,1504,729,775,194,417,1087,7.09989232047872,7.31663923182442,6.89601038709677,6.76778350515464,7.03102649880096,7.1263109475621,56
"59",2013,1,7.02380952380952,21,7.38461538461539,6.4375,6,7.16666666666667,6.96666666666667,13,8,1,6,15,1525,742,783,195,423,1102,7.09884462295082,7.31783018867925,6.89132573435504,6.76384615384615,7.03295047281324,7.12413793103448,57
"60",2013,2,7.07,10,7.55,6.75,7,7.3,6.91666666666667,4,6,2,4,6,1535,746,789,197,427,1108,7.09865671009772,7.31907506702413,6.8902510139417,6.76624365482233,7.03545210772834,7.12301444043321,58
"61",2013,3,7.6,19,8.1125,7.22727272727273,6,6.33333333333333,7.8375,8,11,1,3,16,1554,754,800,198,430,1124,7.10478638996139,7.32749336870027,6.8948850625,6.76237373737374,7.03055360465116,7.13318505338078,59
"62",2013,4,7.45454545454545,11,7.35714285714286,7.625,7.5,8.25,7.27777777777778,7,4,1,2,9,1565,761,804,199,432,1133,7.10724476038339,7.32776609724047,6.89851747512438,6.76608040201005,7.03619918981481,7.13433362753751,60
"63",2013,5,6.53846153846154,13,7.125,6.27777777777778,7.125,NA,6.53846153846154,4,9,4,0,13,1578,765,813,203,432,1146,7.1025589670469,7.32670588235294,6.89164581795818,6.77315270935961,7.03619918981481,7.12757417102967,61
"64",2013,6,7.19047619047619,21,7.38461538461539,6.875,7.33333333333333,7.8,7,13,8,3,5,16,1599,778,821,206,437,1162,7.10371360225141,7.3276735218509,6.89148361753959,6.78131067961165,7.04493832951945,7.12581755593804,62
"65",2013,7,7.04166666666667,12,7.125,6.875,7.5,6.25,7.2,8,4,2,2,10,1611,786,825,208,439,1172,7.10325142768467,7.3256106870229,6.8914036969697,6.78822115384615,7.04131674259681,7.12645051194539,63
"66",2013,8,7.45454545454545,11,7.5,7.33333333333333,8,7.66666666666667,7.375,8,3,1,3,8,1622,794,828,209,442,1180,7.1056338162762,7.3273677581864,6.89300489130435,6.79401913875598,7.04556119909502,7.12813559322034,64
"67",2013,9,7.07692307692308,13,6.95,7.5,8,8,6.90909090909091,10,3,1,2,11,1635,804,831,210,444,1191,7.1054055351682,7.32267412935323,6.89519620938628,6.7997619047619,7.04986047297297,7.12611251049538,65
"68",2013,10,6.94117647058824,17,7.04545454545455,6.75,7.5,7.16666666666667,6.89285714285714,11,6,1,3,14,1652,815,837,211,447,1205,7.10371552663438,7.31893251533742,6.89415537634409,6.80308056872038,7.05064440715884,7.12340248962655,66
"69",2013,11,7.05555555555556,18,7.4,6.625,6.66666666666667,6.75,7.14285714285714,10,8,3,4,14,1670,825,845,214,451,1219,7.10319643712575,7.31991515151515,6.89160715976331,6.80116822429906,7.04797793791574,7.12362592288761,67
"70",2013,12,7.125,12,7.58333333333333,6.66666666666667,7,6.91666666666667,7.33333333333333,6,6,1,6,6,1682,831,851,215,457,1225,7.10335199167658,7.32181708784597,6.89002121034078,6.80209302325581,7.04625393873085,7.12465306122449,68
"71",2014,1,7.3,11,7.33,7,NA,7,7.36666666666667,10,1,0,2,9,1693,841,852,215,459,1234,7.10462968103958,7.32191438763377,6.89015029342723,6.80209302325581,7.04605239651416,7.12641815235008,69
"72",2014,2,6.43125,16,8.1,6.19285714285714,5.6,6.2,6.57,2,14,5,6,10,1709,843,866,220,465,1244,7.09832536571094,7.32376037959668,6.87887765588914,6.77477272727273,7.03513559139785,7.12194533762058,70
"73",2014,3,6.5625,8,7,6.3,6,6,6.75,3,5,1,2,6,1717,846,871,221,467,1250,7.09582880023297,7.32261229314421,6.8755545924225,6.77126696832579,7.03070246252677,7.12016,71
"74",2014,4,7.2,7,7.16666666666667,7.225,NA,NA,7.2,3,4,0,0,7,1724,849,875,221,467,1257,7.09625176914153,7.32206124852768,6.87715205714286,6.77126696832579,7.03070246252677,7.1206046141607,72
"75",2014,5,6.75,4,7.75,5.75,5.75,NA,6.75,2,2,2,0,4,1728,851,877,223,467,1261,7.09545026041667,7.3230669800235,6.87458158494869,6.76210762331838,7.03070246252677,7.11942902458366,73
"76",2014,6,6.75,6,7.125,6,6,6,7.125,4,2,1,2,4,1734,855,879,224,469,1265,7.09425493079585,7.32214035087719,6.87259163822526,6.75870535714286,7.02630714285714,7.1194466403162,74
"77",2014,7,6.8,13,7.25,6.41428571428571,7.2,7.08,6.625,6,7,2,5,8,1747,861,886,226,474,1273,7.09206528334287,7.32163763066202,6.86897071106095,6.76261061946903,7.02687352320675,7.11633935585231,75
"78",2014,8,6.71428571428571,7,6.8,6.5,NA,NA,6.71428571428571,5,2,0,0,7,1754,866,888,226,474,1280,7.09055761117446,7.31862586605081,6.86813969594594,6.76261061946903,7.02687352320675,7.114140625,76
"79",2014,9,6.60625,16,6.9375,6.275,6.5,6.33333333333333,6.66923076923077,8,8,2,3,13,1770,874,896,228,477,1293,7.08617968926554,7.31513729977117,6.86284380580357,6.76030701754386,7.02251163522013,7.10966744006187,77
"80",2014,10,6.6875,8,6.5,6.875,6.5,7.5,6.41666666666667,4,4,1,2,6,1778,878,900,229,479,1299,7.08438585489314,7.31142369020501,6.86289783333333,6.75917030567686,7.02450532359081,7.10646651270208,78
"81",2014,11,6.344,15,7.27,5.28571428571429,6.5,6.04,6.45454545454545,8,7,2,4,11,1793,886,907,231,483,1310,7.07819188510876,7.31104966139955,6.85072552370452,6.75692640692641,7.01635207039337,7.10099236641221,79
"82",2014,12,6.64285714285714,14,7.25,5.83333333333333,6.25,6.75,6.625,8,6,2,2,12,1807,894,913,233,485,1322,7.0748190647482,7.3105033557047,6.84403948521358,6.75257510729614,7.0152537113402,7.09667170953101,80
"83",2015,1,6.53181818181818,22,7.32,5.875,5.66666666666667,7.175,6.38888888888889,10,12,6,4,18,1829,904,925,239,489,1340,7.06828761618371,7.31060840707965,6.83146816216216,6.72531380753138,7.01656042944785,7.08716417910448,81
"84",2015,2,6.45,10,6,6.5625,6.83333333333333,6.5,6.42857142857143,2,8,3,3,7,1839,906,933,242,492,1347,7.06492553017945,7.30771523178808,6.82916189710611,6.72665289256198,7.01341067073171,7.0837416481069,82
"85",2015,3,6,6,7.25,5.375,6,NA,6,2,4,2,0,6,1845,908,937,244,492,1353,7.06146235772358,7.30758810572687,6.82295416221985,6.72069672131147,7.01341067073171,7.07893569844789,83
"86",2015,4,7.258,10,7.36,7.156,7.5,6.6,7.4225,5,5,2,2,8,1855,913,942,246,494,1361,7.06252185983828,7.30787513691128,6.82472192144373,6.7270325203252,7.01173694331984,7.08095518001469,84
"87",2015,5,7.03333333333333,6,6.85,7.125,7,6,7.24,2,4,2,1,5,1861,915,946,248,495,1366,7.06242775389576,7.30687431693989,6.8259915961945,6.72923387096774,7.00969303030303,7.0815373352855,85
"88",2015,6,6.66666666666667,6,7.5,6.5,6.45,7.05,6.475,1,5,2,2,4,1867,916,951,250,497,1370,7.06115589180504,7.30708515283843,6.82427765509989,6.727,7.00985523138833,7.07976642335766,86
"89",2015,7,6.675,8,6.77142857142857,6,NA,7,6.62857142857143,7,1,0,1,7,1875,923,952,250,498,1377,7.05950829333333,7.30302275189599,6.82341181722689,6.727,7.00983544176707,7.07747276688453,87
"90",2015,8,6.71666666666667,12,6.95,6.25,6,5.83333333333333,7.01111111111111,8,4,2,3,9,1887,931,956,252,501,1386,7.05732806041336,7.29998925886144,6.82101260460251,6.72123015873016,7.00279051896207,7.07704184704185,88
"91",2015,9,6.48571428571429,7,6.83333333333333,6.225,6.5,6,6.56666666666667,3,4,2,1,6,1894,934,960,254,502,1392,7.05521544350581,7.2984903640257,6.81852921875,6.71948818897638,7.00079292828685,7.07484195402299,89
"92",2015,10,6.84615384615385,13,7.0625,6.5,6.75,6.5,6.90909090909091,8,5,2,2,11,1907,942,965,256,504,1403,7.0537902726796,7.29648619957537,6.81687880829015,6.7197265625,6.9988056547619,7.0735424091233,90
"93",2015,11,6.925,12,7.25,6.6,6.9,7,6.91,6,6,4,2,10,1919,948,971,260,506,1413,7.05298491401772,7.29619198312236,6.81553867147271,6.7225,6.99881037549407,7.07238499646143,91
"94",2015,12,7.13636363636364,11,7.5,6.7,7.25,5,7.35,6,5,2,1,10,1930,954,976,262,507,1423,7.05346012953368,7.29747379454927,6.81494677254098,6.72652671755725,6.99486794871795,7.07433591004919,92
"95",2016,1,7.26,15,7.34615384615385,6.7,7,7,7.3,13,2,1,2,13,1945,967,978,263,509,1436,7.05505298200514,7.29812823164426,6.81471170756646,6.72756653992395,6.99488811394892,7.07637883008356,93
"96",2016,2,6.68181818181818,11,7.21428571428571,5.75,5.66666666666667,6,6.9375,7,4,3,3,8,1956,974,982,266,512,1444,7.05295401329243,7.29752566735113,6.81037479633401,6.7156015037594,6.98905869140625,7.07560941828255,94
"97",2016,3,7.4375,8,7.875,7,NA,7,7.58333333333333,4,4,0,2,6,1964,978,986,266,514,1450,7.05452039205703,7.29988752556237,6.81114406693712,6.7156015037594,6.98910126459144,7.07771034482758,95
"98",2016,4,6.50909090909091,11,6.5,6.53333333333333,6.5,6.5,6.51,8,3,2,1,10,1975,986,989,268,515,1460,7.05148255696203,7.29339756592292,6.81030136501517,6.71399253731343,6.98815155339806,7.07382191780822,96
"99",2016,5,6.96428571428571,7,7.35,6,7,7.25,6.85,5,2,1,2,5,1982,991,991,269,517,1465,7.05117459636731,7.29368314833502,6.80866604439959,6.71505576208178,6.98916450676982,7.07305802047781,97
"100",2016,6,6.75,6,7.33333333333333,6.16666666666667,7.5,NA,6.75,3,3,1,0,6,1988,994,994,270,517,1471,7.05026561871227,7.29380281690141,6.80672842052314,6.71796296296296,6.98916450676982,7.07174031271244,98
"101",2016,7,6.27777777777778,9,7.5,5.92857142857143,6.83333333333333,NA,6.27777777777778,2,7,3,0,9,1997,996,1001,273,517,1480,7.04678420130195,7.29421686746988,6.80058746253746,6.71923076923077,6.98916450676982,7.06691216216216,99
"102",2016,8,6.66666666666667,6,7.33333333333333,6,6,7,6.6,3,3,1,1,5,2003,999,1004,274,518,1485,7.045645556665,7.29433433433433,6.7981952689243,6.71660583941606,6.98918542471042,7.06534006734007,100
"103",2016,9,6.82142857142857,14,6.9,6.625,6.75,6,6.88461538461539,10,4,2,1,13,2017,1009,1008,276,519,1498,7.04408926623699,7.29042616451933,6.79750798611111,6.71684782608696,6.98727947976878,7.06377169559412,101
"104",2016,10,6.77857142857143,14,7.5,6.37777777777778,6.48,6.3,7.04444444444444,5,9,5,5,9,2031,1014,1017,281,524,1507,7.04225901033973,7.29145956607495,6.79379355948869,6.7126334519573,6.98072146946565,7.06365627073656,102
"105",2016,11,5.98888888888889,9,6.4,5.87142857142857,6.03333333333333,6,5.9875,2,7,3,1,8,2040,1016,1024,284,525,1515,7.03761178921569,7.28970472440945,6.78748833007812,6.70545774647887,6.97885342857143,7.05797359735973,103
"106",2016,12,6.12,15,6.78571428571429,5.5375,5.83333333333333,6.25,6.1,7,8,3,2,13,2055,1023,1032,287,527,1528,7.03091389294404,7.28625610948192,6.77779849806201,6.69634146341463,6.97608738140417,7.04982329842932,104
"107",2017,1,6.31666666666667,12,7.2,5.875,5.75,6.6,6.11428571428571,4,8,2,5,7,2067,1027,1040,289,532,1535,7.02676731978713,7.28592015579357,6.77085389423077,6.68979238754325,6.97255272556391,7.04555700325733,105
"108",2017,2,6.6,5,6.6,NA,NA,NA,6.6,5,0,0,0,5,2072,1032,1040,289,532,1540,7.02573747586873,7.28259689922481,6.77085389423077,6.68979238754325,6.97255272556391,7.04411038961039,106
"109",2017,3,6.3,6,6.75,6.075,6,6,6.36,2,4,1,1,5,2078,1034,1044,290,533,1545,7.02364198748797,7.2815667311412,6.76818778735632,6.68741379310345,6.97072804878049,7.04189644012945,107
"110",2017,4,7.1875,8,7.21428571428571,7,NA,NA,7.1875,7,1,0,0,8,2086,1041,1045,290,533,1553,7.0242703978907,7.28111431316042,6.76840961722488,6.68741379310345,6.97072804878049,7.04264649066323,108
"111",2017,5,7.375,4,9,5.75,6,NA,7.375,2,2,1,0,4,2090,1043,1047,291,533,1557,7.0249416507177,7.28441035474593,6.76646423113658,6.68505154639175,6.97072804878049,7.04350032113038,109
"112",2017,6,6.78571428571429,7,7.1,6,7,6.5,6.9,5,2,1,2,5,2097,1048,1049,292,535,1562,7.02414308536004,7.28353053435115,6.76500290753098,6.6861301369863,6.96896831775701,7.04304097311139,110
"113",2017,7,6.33333333333333,3,7,5,NA,NA,6.33333333333333,2,1,0,0,3,2100,1050,1050,292,535,1565,7.02315621428571,7.28299047619048,6.76332195238095,6.6861301369863,6.96896831775701,7.04168051118211,111
"114",2017,8,6.83333333333333,9,6.78571428571429,7,7,5,7.0625,7,2,1,1,8,2109,1057,1052,293,536,1573,7.02234615931721,7.279697256386,6.76377191064639,6.68720136518771,6.96529486940298,7.04178639542276,112
"115",2017,9,6.62857142857143,7,7.5,6.28,6,7.5,6.48333333333333,2,5,3,1,6,2116,1059,1057,296,537,1579,7.02104350189036,7.28011331444759,6.7614834910123,6.68023648648649,6.96629059590316,7.03966434452184,113
"116",2017,10,6.71428571428571,7,7,6.33333333333333,7,8,6.5,4,3,1,1,6,2123,1063,1060,297,538,1585,7.0200320536976,7.27905926622766,6.76027174528302,6.68131313131313,6.96821198884758,7.0376214511041,114
"117",2017,11,6.8,13,6.65555555555556,7.125,6.75,7.3,6.65,9,4,2,3,10,2136,1072,1064,299,541,1595,7.01869290730337,7.27382462686567,6.76164290413534,6.68177257525084,6.97005184842883,7.03519122257053,115
"118",2017,12,6.54666666666667,15,6.1875,6.95714285714286,7.23333333333333,7.5,6.47857142857143,8,7,3,1,14,2151,1080,1071,302,542,1609,7.01540123198512,7.26577777777778,6.76292068160597,6.68725165562914,6.97102961254612,7.03034804226227,116
"119",2018,1,6.55,10,6.75,6.41666666666667,6,7,6.4375,4,6,3,2,8,2161,1084,1077,305,544,1617,7.01324759370662,7.26387453874539,6.76099168987929,6.68049180327869,6.97113612132353,7.02741496598639,117
"120",2018,2,7.45,8,7.52,7.33333333333333,8,NA,7.45,5,3,1,0,8,2169,1089,1080,306,544,1625,7.01485848317197,7.2650505050505,6.76258152777778,6.68480392156863,6.97113612132353,7.02949538461538,118
"121",2018,3,6.11111111111111,9,7.33333333333333,3.66666666666667,NA,4,6.375,6,3,0,1,8,2178,1095,1083,306,545,1633,7.01112398989899,7.26542465753425,6.75400558633426,6.68480392156863,6.96568449541284,7.0262890385793,119
"122",2018,4,6.21666666666667,6,7,6.06,NA,7.3,6,1,5,0,1,5,2184,1096,1088,306,546,1638,7.00894141483517,7.26518248175183,6.75081622242647,6.68480392156863,6.96629679487179,7.02315628815628,120
"123",2018,5,6.69230769230769,13,6.91666666666667,6.5,7,7.5,6.45,6,7,1,3,10,2197,1102,1095,307,549,1648,7.00706784251252,7.26328493647913,6.74921283105023,6.68583061889251,6.96921320582878,7.01967839805825,121
"124",2018,6,6.75,4,7.5,6,6,7,6.66666666666667,2,2,2,1,3,2201,1104,1097,309,550,1651,7.00660065879146,7.26371376811594,6.7478469006381,6.68139158576052,6.96926918181818,7.01903694730466,122
"125",2018,7,6.2,5,7,5,NA,7,6,3,2,0,1,4,2206,1107,1099,309,551,1655,7.00477246146872,7.26299909665763,6.7446661055505,6.68139158576052,6.96932495462795,7.01657401812689,123
"126",2018,8,7.35714285714286,7,7.625,7,NA,7.5,7.3,4,3,0,2,5,2213,1111,1102,309,553,1660,7.00588705377316,7.26430243024303,6.74536120689655,6.68139158576052,6.97124421338155,7.01742771084337,124
"127",2018,9,6.10833333333333,6,6.3,5.91666666666667,7.25,NA,6.10833333333333,3,3,1,0,6,2219,1114,1105,310,553,1666,7.00346013970257,7.26170556552962,6.74311135746606,6.68322580645161,6.97124421338155,7.01415366146458,125
"128",2018,10,7.1375,8,6.76666666666667,8.25,NA,7.03333333333333,7.2,6,2,0,3,5,2227,1120,1107,310,556,1671,7.00394164795689,7.25905357142857,6.74583383017163,6.68322580645161,6.9715792266187,7.01470975463794,126
"129",2018,11,7.3125,8,6.83333333333333,7.6,7,NA,7.3125,3,5,1,0,8,2235,1123,1112,311,556,1679,7.00504610738255,7.25791629563669,6.74967450539568,6.68424437299035,6.9715792266187,7.01612864800476,127
"130",2018,12,7.25,4,6.5,8,NA,8,7,2,2,0,1,3,2239,1125,1114,311,557,1682,7.0054837204109,7.25656888888889,6.75191925493716,6.68424437299035,6.97342558348294,7.01609988109393,128
"131",2019,1,7.01728444444444,9,7.09365142857143,6.75,6.75,7,7.019445,7,2,2,1,8,2248,1132,1116,313,558,1690,7.00553096530249,7.25556144876325,6.75191581541219,6.68466453674121,6.9734732078853,7.01611571597633,129
"132",2019,2,5,1,NA,5,NA,5,NA,0,1,0,1,0,2249,1132,1117,313,559,1690,7.00463922187639,7.25556144876325,6.75034740376007,6.68466453674121,6.96994284436494,7.01611571597633,130
"133",2019,3,6.83333333333333,6,7.25,6,NA,NA,6.83333333333333,4,2,0,0,6,2255,1136,1119,313,559,1696,7.00418341906874,7.25554186619718,6.7490063002681,6.68466453674121,6.96994284436494,7.01546908018868,131
"134",2019,4,6,2,NA,6,NA,NA,6,0,2,0,0,2,2257,1136,1121,313,559,1698,7.00329357997342,7.25554186619718,6.74766998215879,6.68466453674121,6.96994284436494,7.01427300353357,132
"135",2019,5,6.2,5,7,6,NA,NA,6.2,1,4,0,0,5,2262,1137,1125,313,559,1703,7.00151795313882,7.25531711521548,6.7450116,6.68466453674121,6.96994284436494,7.01188230182031,133
"136",2019,6,7.25,7,8.16666666666667,6.5625,NA,7.25,7.25,3,4,0,2,5,2269,1140,1129,313,561,1708,7.00228453503746,7.25771540350877,6.74436496899911,6.68466453674121,6.97094126559715,7.0125793676815,134
"137",2019,7,6.92857142857143,7,6.875,7,7,7.16666666666667,6.75,4,3,1,3,4,2276,1144,1132,314,564,1712,7.00205782513181,7.25637723776224,6.74504244699647,6.68566878980892,6.97198235815603,7.01196586448598,135
"138",2019,8,7.14285714285714,7,7.3,6.75,7,7,7.16666666666667,5,2,1,1,6,2283,1149,1134,315,565,1718,7.00248953569864,7.2565670670148,6.74505119047619,6.68666666666667,6.97203194690265,7.01250614668218,136
"139",2019,9,6.675,8,7.35,6,6,NA,6.675,4,4,1,0,8,2291,1153,1138,316,565,1726,7.00134596682671,7.25689120555074,6.74243238137082,6.68449367088608,6.97203194690265,7.01094180764774,137
"140",2019,10,6.1875,8,6.3,6,5.5,6,6.21428571428571,5,3,2,1,7,2299,1158,1141,318,566,1733,6.99851396694215,7.25275955094991,6.74048032427695,6.67704402515723,6.97031457597173,7.0077239238315,138
"141",2019,11,6.83333333333333,3,6.83333333333333,NA,NA,7,6.75,3,0,0,1,2,2302,1161,1141,318,567,1735,6.99829870112945,7.2516757622739,6.74048032427695,6.67704402515723,6.97036693121693,7.00742683573487,139
"142",2019,12,6.71666666666667,6,6.9,6.35,7,7,6.66,4,2,1,1,5,2308,1165,1143,319,568,1740,6.99756655545927,7.25046829184549,6.73979706911636,6.67805642633229,6.97041910211267,7.00642848275862,140
"143",2020,1,7.082625,8,7.97,6.5502,7.951,6.4755,7.285,3,5,1,2,6,2316,1168,1148,320,570,1746,6.99786036701209,7.25231640410959,6.73897129790941,6.682034375,6.96868254385965,7.00738577319587,141
"144",2020,2,6.3125,8,6.5,5.75,NA,6,6.35714285714286,6,2,0,1,7,2324,1174,1150,320,571,1753,6.99550112306368,7.24847151618399,6.73725134782609,6.682034375,6.96698607705779,7.00478925270964,142
"145",2020,3,6.9375,8,6.875,7,7,6.625,7.25,4,4,1,4,4,2332,1178,1154,321,575,1757,6.9953021483705,7.24720336162988,6.73816208838821,6.68302492211838,6.96460704347826,7.00534750142288,143
"146",2020,4,7.11111111111111,9,7.16666666666667,7,7,7.75,6.92857142857143,6,3,2,2,7,2341,1184,1157,323,577,1764,6.99574737718924,7.24679523648649,6.73884101123595,6.68498761609907,6.96732937608319,7.00504283446712,144
"147",2020,5,6.875,4,6.5,7.25,7,NA,6.875,2,2,1,0,4,2345,1186,1159,324,577,1768,6.99554141151386,7.24553588532884,6.73972308024159,6.68595987654321,6.96732937608319,7.0047486199095,145
"148",2020,6,6.35,5,6.58333333333333,6,6,6.75,6.25,3,2,2,1,4,2350,1189,1161,326,578,1772,6.99416791914894,7.24386506307822,6.73844879414298,6.68175153374233,6.96695337370242,7.00304489841986,146
"149",2020,7,7.25,6,7.66666666666667,6.83333333333333,6,NA,7.25,3,3,1,0,6,2356,1192,1164,327,578,1778,6.99481944397284,7.24492916107383,6.7386933419244,6.67966666666667,6.96695337370242,7.00387826771653,147
"150",2020,8,5.68333333333333,6,6.2,5.16666666666667,5.16666666666667,5.8,5.625,3,3,3,2,4,2362,1195,1167,330,580,1782,6.99148798052498,7.24230590794979,6.73465214224507,6.66591212121212,6.96292939655172,7.00078314253647,148
"151",2020,9,6.5,5,5.75,7,6.5,7.5,5.83333333333333,2,3,2,2,3,2367,1197,1170,332,582,1785,6.99044977186312,7.23981249791145,6.73533252136752,6.66491265060241,6.964775,6.9988210420168,149
"152",2020,10,5.5,2,NA,5.5,4,7,4,0,2,1,1,1,2369,1197,1172,333,583,1786,6.98919147741663,7.23981249791145,6.73322444539249,6.65690990990991,6.96483542024014,6.99714197088465,150
"153",2020,11,6.05,10,6.42857142857143,5.16666666666667,NA,3.5,6.33333333333333,7,3,0,1,9,2379,1204,1175,333,584,1795,6.9852436359815,7.23509598006645,6.72922472340426,6.65690990990991,6.95890248287671,6.99381368245125,151
"154",2020,12,6.98,10,6.7875,7.75,NA,7.6,6.71428571428571,8,2,0,3,7,2389,1212,1177,333,587,1802,6.98522168689828,7.23214155115512,6.73095926083263,6.65690990990991,6.96217896081772,6.99272783573806,152
"155",2021,1,6.92857142857143,7,7.375,6.33333333333333,6,7,6.91666666666667,4,3,1,1,6,2396,1216,1180,334,588,1808,6.98505618113523,7.23261148026316,6.72994834745763,6.65494311377246,6.96224328231292,6.99247542035398,153
"156",2021,2,6.25,4,6.5,6,5,5.5,7,2,2,1,2,2,2400,1218,1182,335,590,1810,6.9838310875,7.23140850574713,6.72871324027073,6.65000298507463,6.95728652542373,6.99248373480663,154
"157",2021,3,6.99,10,7.2,6.78,7.4,7,6.98888888888889,5,5,1,1,9,2410,1223,1187,336,591,1819,6.9838566846473,7.23128009811938,6.72892927548441,6.65223511904762,6.95735879864636,6.99246594832325,155
"158",2021,4,5.625,2,NA,5.625,NA,6,5.25,0,2,0,1,1,2412,1223,1189,336,592,1820,6.98272993781095,7.23128009811938,6.72707237174096,6.65223511904762,6.95574163851351,6.99150854945055,156
"159",2021,5,7.1,6,7.53333333333333,6.66666666666667,NA,8,6.92,3,3,0,1,5,2418,1226,1192,336,593,1825,6.98302093052109,7.23201921696574,6.72692034395973,6.65223511904762,6.95750261382799,6.99131263561643,157
"160",2021,6,7,1,7,NA,NA,NA,7,1,0,0,0,1,2419,1227,1192,336,593,1826,6.98302794956594,7.23183012224939,6.72692034395973,6.65223511904762,6.95750261382799,6.9913173932092,158
"161",2021,7,6.45,2,NA,6.45,6.45,7.9,5,0,2,2,1,1,2421,1227,1194,338,594,1827,6.9825876125568,7.23183012224939,6.72645649078727,6.65103846153846,6.95908930976431,6.990227454844,159
"162",2021,8,5.5,2,NA,5.5,6,NA,5.5,0,2,1,0,2,2423,1227,1196,339,594,1829,6.98136385059843,7.23183012224939,6.72440556020067,6.6491179941003,6.95908930976431,6.98859790049207,160
"163",2021,9,6.25,4,7.16666666666667,3.5,NA,5.5,7,3,1,0,2,2,2427,1230,1197,339,596,1831,6.98015847136382,7.23167118699187,6.72171182121972,6.6491179941003,6.95419303691275,6.98861035499726,161
"164",2021,10,6.8,5,7.5,6.33333333333333,NA,NA,6.8,2,3,0,0,5,2432,1232,1200,339,596,1836,6.97978807976974,7.23210678571429,6.720740875,6.6491179941003,6.95419303691275,6.98809671023965,162
"165",2021,11,7.48,5,7.66666666666667,7.2,6,6.5,8.13333333333333,3,2,1,2,3,2437,1235,1202,340,598,1839,6.9808143660238,7.23316239676113,6.72153831114808,6.64720882352941,6.95267399665552,6.98996495921696,163
"166",2021,12,6.7,5,6.625,7,NA,7.66666666666667,5.25,4,1,0,3,2,2442,1239,1203,340,601,1841,6.9802393980344,7.2311989991929,6.72176978387365,6.64720882352941,6.95623801996672,6.98807472026072,164
"167",2022,1,6.82727272727273,11,6.8875,6.66666666666667,NA,7.5,6.76,8,3,0,1,10,2453,1247,1206,340,602,1851,6.97955344883816,7.22899403368083,6.72163271144278,6.64720882352941,6.95714127906977,6.98684254997298,165
"168",2022,2,7,5,7,7,7,6.5,7.33333333333333,1,4,2,2,3,2458,1248,1210,342,604,1854,6.97959504068348,7.2288105448718,6.7225529338843,6.64927192982456,6.95562756622516,6.98740321467098,166
"169",2022,3,7.25,2,8,6.5,NA,NA,7.25,1,1,0,0,2,2460,1249,1211,342,604,1856,6.97981488211382,7.22942799039231,6.72236915772089,6.64927192982456,6.95562756622516,6.98768618534482,167
"170",2022,4,6.83333333333333,3,6.75,7,NA,7.25,6,2,1,0,2,1,2463,1251,1212,342,606,1857,6.9796364636622,7.22866151878497,6.72259822607261,6.64927192982456,6.95659909240924,6.98715431340872,168
"171",2022,5,7,7,7,7,6,6.5,7.375,2,5,1,3,4,2470,1253,1217,343,609,1861,6.97969417408907,7.22829653631285,6.7237379211175,6.64737900874636,6.95434983579639,6.98798794196668,169
"172",2022,6,6.66666666666667,6,7,6.5,NA,NA,6.66666666666667,2,4,0,0,6,2476,1255,1221,343,609,1867,6.97893562600969,7.22793271713147,6.72300495495495,6.64737900874636,6.95434983579639,6.98695530798071,170
"173",2022,7,6.875,4,8,6.5,NA,NA,6.875,1,3,0,0,4,2480,1256,1224,343,609,1871,6.97876798790323,7.22854742038217,6.722458374183,6.64737900874636,6.95434983579639,6.98671595938001,171
"174",2022,8,7.68571428571429,7,7.36,8.5,NA,NA,7.68571428571429,5,2,0,0,7,2487,1261,1226,343,609,1878,6.98075778447929,7.22906864393339,6.72535811582382,6.64737900874636,6.95434983579639,6.98932138445154,172
"175",2022,9,7.33333333333333,3,7.33333333333333,NA,NA,7,8,3,0,0,2,1,2490,1264,1226,343,611,1879,6.98118257429719,7.22931610759494,6.72535811582382,6.64737900874636,6.95449926350245,6.98985926556679,173
"176",2022,10,7.33333333333333,3,7.33333333333333,NA,NA,8,7,3,0,0,1,2,2493,1267,1226,343,612,1881,6.98160634175692,7.22956239936859,6.72535811582382,6.64737900874636,6.95620759803921,6.98987004784689,174
"177",2022,11,7.1,2,7.5,6.7,6.7,6.7,7.5,1,1,1,1,1,2495,1268,1227,344,613,1882,6.98170124649299,7.22977567823344,6.72533744906275,6.64753197674419,6.9557896411093,6.99014110520722,175
"178",2022,12,6.5,3,7.75,4,NA,NA,6.5,2,1,0,0,3,2498,1270,1228,344,613,1885,6.98112274219376,7.23059492913386,6.72311811889251,6.64753197674419,6.9557896411093,6.98936103978779,176
