"","year","month","avg_rating","no_ratings","avg_rating_owned","avg_rating_not_owned","avg_rating_prev_owned","avg_rating_comment","avg_rating_no_comment","no_ratings_owned","no_ratings_not_owned","no_ratings_prev_owned","no_ratings_comment","no_ratings_no_comment","cum_no_ratings","cum_no_ratings_owned","cum_no_ratings_not_owned","cum_no_ratings_prev_owned","cum_no_ratings_comment","cum_no_ratings_no_comment","cum_avg_rating","cum_avg_rating_owned","cum_avg_rating_not_owned","cum_avg_rating_prev_owned","cum_avg_rating_comment","cum_avg_rating_no_comment","month_after_release"
"1",2008,1,8.41666666666667,3,8,8.625,NA,NA,8.41666666666667,1,2,0,0,3,3,1,2,0,0,3,8.41666666666667,8,8.625,NA,NA,8.41666666666667,0
"2",2008,2,8.36,10,8.5,7.1,7.1,8.17777777777778,10,9,1,1,9,1,13,10,3,1,9,4,8.37307692307692,8.45,8.11666666666667,7.1,8.17777777777778,8.8125,1
"3",2008,3,7.39130434782609,23,7.83333333333333,6.90909090909091,7.66666666666667,7.1,7.9375,12,11,6,15,8,36,22,14,7,24,12,7.74583333333333,8.11363636363636,7.16785714285714,7.58571428571429,7.50416666666667,8.22916666666667,2
"4",2008,4,7.16666666666667,18,7.7,6.5,7,7.09090909090909,7.28571428571429,10,8,1,11,7,54,32,22,8,35,19,7.55277777777778,7.984375,6.925,7.5125,7.37428571428571,7.88157894736842,3
"5",2008,5,6.8,15,7.58333333333333,6.27777777777778,7,7.22222222222222,6.16666666666667,6,9,1,9,6,69,38,31,9,44,25,7.38913043478261,7.92105263157895,6.73709677419355,7.45555555555555,7.34318181818182,7.47,4
"6",2008,6,7.33333333333333,15,7.66666666666667,6.83333333333333,NA,7.4375,7.21428571428571,9,6,0,8,7,84,47,37,9,52,32,7.37916666666667,7.87234042553191,6.7527027027027,7.45555555555555,7.35769230769231,7.4140625,5
"7",2008,7,7.22727272727273,11,7.9375,5.33333333333333,6,7.16666666666667,7.5,8,3,1,9,2,95,55,40,10,61,34,7.36157894736842,7.88181818181818,6.64625,7.31,7.32950819672131,7.41911764705882,6
"8",2008,8,7.38461538461539,13,8,6.4,7,7.5,7.28571428571429,8,5,2,6,7,108,63,45,12,67,41,7.36435185185185,7.8968253968254,6.61888888888889,7.25833333333333,7.34477611940299,7.39634146341463,7
"9",2008,9,7.375,16,7.55555555555556,7.14285714285714,7.83333333333333,7.3,7.5,9,7,3,10,6,124,72,52,15,77,47,7.36572580645161,7.85416666666667,6.68942307692308,7.37333333333333,7.33896103896104,7.40957446808511,8
"10",2008,10,7.2,5,8.5,6.33333333333333,NA,7.66666666666667,6.5,2,3,0,3,2,129,74,55,15,80,49,7.3593023255814,7.87162162162162,6.67,7.37333333333333,7.35125,7.37244897959184,9
"11",2008,11,7.46875,16,7.91666666666667,6.125,7.5,6.92857142857143,7.88888888888889,12,4,2,7,9,145,86,59,17,87,58,7.37137931034483,7.87790697674419,6.63305084745763,7.38823529411765,7.31724137931035,7.45258620689655,10
"12",2008,12,7.58947368421053,19,8.37,6.72222222222222,7.25,7.57777777777778,7.6,10,9,2,9,10,164,96,68,19,96,68,7.39664634146341,7.92916666666667,6.64485294117647,7.37368421052632,7.34166666666667,7.47426470588235,11
"13",2009,1,7.38461538461539,13,7.6,6.66666666666667,NA,7.33333333333333,7.42857142857143,10,3,0,6,7,177,106,71,19,102,75,7.39576271186441,7.89811320754717,6.64577464788732,7.37368421052632,7.34117647058824,7.47,12
"14",2009,2,7.07631578947368,19,7.66666666666667,6.545,7.75,7.16666666666667,7.03461538461538,9,10,2,6,13,196,115,81,21,108,88,7.36479591836735,7.88,6.63333333333333,7.40952380952381,7.33148148148148,7.40568181818182,13
"15",2009,3,6.93181818181818,22,7.45,6.5,7,7,6.875,10,12,3,10,12,218,125,93,24,118,100,7.32110091743119,7.8456,6.61612903225807,7.35833333333333,7.30338983050848,7.342,14
"16",2009,4,6.56190476190476,21,7.25,5.64444444444444,6,6.86,6.46875,12,9,2,5,16,239,137,102,26,123,116,7.25439330543933,7.79343065693431,6.53039215686274,7.25384615384615,7.28536585365854,7.22155172413793,15
"17",2009,5,6.375,12,7.41666666666667,5.33333333333333,6.5,6.125,6.5,6,6,1,4,8,251,143,108,27,127,124,7.21235059760956,7.77762237762238,6.46388888888889,7.22592592592593,7.2488188976378,7.175,16
"18",2009,6,7.5,6,7.5,7.5,7.5,7.75,7,2,4,2,4,2,257,145,112,29,131,126,7.21906614785992,7.77379310344828,6.50089285714286,7.2448275862069,7.26412213740458,7.17222222222222,17
"19",2009,7,6.81,10,7.43333333333333,5.875,7,6.94,6.68,6,4,1,5,5,267,151,116,30,136,131,7.20374531835206,7.76026490066225,6.47931034482759,7.23666666666667,7.25220588235294,7.15343511450382,18
"20",2009,8,7.34545454545455,11,7.85714285714286,6.45,NA,7.46666666666667,7.2,7,4,0,6,5,278,158,120,30,142,136,7.20935251798561,7.76455696202532,6.47833333333333,7.23666666666667,7.2612676056338,7.15514705882353,19
"21",2009,9,7.30769230769231,13,7.75,6.92857142857143,7.5,8.08333333333333,6.64285714285714,6,7,3,6,7,291,164,127,33,148,143,7.21374570446735,7.7640243902439,6.50314960629921,7.26060606060606,7.2945945945946,7.13006993006993,20
"22",2009,10,6.90909090909091,11,7.6,6.33333333333333,8,6.75,6.94444444444444,5,6,1,2,9,302,169,133,34,150,152,7.20264900662252,7.75917159763314,6.49548872180451,7.28235294117647,7.28733333333333,7.11907894736842,21
"23",2009,11,6.85714285714286,14,7.625,5.83333333333333,7,8,6.54545454545455,8,6,1,3,11,316,177,139,35,153,163,7.1873417721519,7.75310734463277,6.46690647482014,7.27428571428571,7.30130718954248,7.08036809815951,22
"24",2009,12,7.475,16,8.37272727272727,5.5,4,8.125,6.825,11,5,1,8,8,332,188,144,36,161,171,7.20120481927711,7.78936170212766,6.43333333333333,7.18333333333333,7.34223602484472,7.06842105263158,23
"25",2010,1,7.58333333333333,12,7.6875,7.375,6.5,8.08333333333333,7.08333333333333,8,4,1,6,6,344,196,148,37,167,177,7.21453488372093,7.78520408163265,6.45878378378378,7.16486486486487,7.3688622754491,7.06892655367232,24
"26",2010,2,7,8,7.6,6,6,7,7,5,3,1,4,4,352,201,151,38,171,181,7.20965909090909,7.78059701492537,6.44966887417219,7.13421052631579,7.36023391812866,7.06740331491713,25
"27",2010,3,7.15714285714286,7,8,6.82,NA,7,7.22,2,5,0,2,5,359,203,156,38,173,186,7.20863509749304,7.78275862068965,6.46153846153846,7.13421052631579,7.35606936416185,7.07150537634408,26
"28",2010,4,6.52222222222222,9,7.5,6.4,6,6.64,6.375,1,8,1,5,4,368,204,164,39,178,190,7.19184782608696,7.78137254901961,6.45853658536585,7.10512820512821,7.33595505617978,7.05684210526316,27
"29",2010,5,7.05555555555556,9,8,5.875,8,6.6,7.625,5,4,1,5,4,377,209,168,40,183,194,7.18859416445623,7.7866028708134,6.44464285714286,7.1275,7.31584699453552,7.06855670103093,28
"30",2010,6,6.8,6,9,6.36,NA,6.76,7,1,5,0,5,1,383,210,173,40,188,195,7.18250652741514,7.79238095238095,6.44219653179191,7.1275,7.30106382978723,7.06820512820513,29
"31",2010,7,7.58333333333333,9,7.5625,7.6,7,7.45833333333333,7.83333333333333,4,5,1,6,3,392,214,178,41,194,198,7.19170918367347,7.78808411214953,6.4747191011236,7.12439024390244,7.30592783505155,7.07979797979798,30
"32",2010,8,6.99166666666667,6,7.56666666666667,6.41666666666667,6.5,6.5,7.09,3,3,1,1,5,398,217,181,42,195,203,7.18869346733668,7.78502304147465,6.47375690607735,7.10952380952381,7.30179487179487,7.08004926108374,31
"33",2010,9,7.625,4,7.5,8,NA,8,7.25,3,1,0,2,2,402,220,182,42,197,205,7.19303482587065,7.78113636363636,6.48214285714286,7.10952380952381,7.30888324873097,7.08170731707317,32
"34",2010,10,6.46111111111111,18,7.33333333333333,6.025,NA,6.43,6.5,6,12,0,10,8,420,226,194,42,207,213,7.16166666666667,7.76924778761062,6.45386597938144,7.10952380952381,7.26642512077295,7.05985915492958,33
"35",2010,11,7.27083333333333,12,8.5,6.04166666666667,6,6.66666666666667,7.47222222222222,6,6,2,3,9,432,232,200,44,210,222,7.16469907407407,7.78814655172414,6.4415,7.05909090909091,7.25785714285714,7.07657657657658,34
"36",2010,12,6.5,13,7.6,5.8125,5.5,5.41666666666667,7.42857142857143,5,8,3,6,7,445,237,208,47,216,229,7.1452808988764,7.78417721518987,6.41730769230769,6.95957446808511,7.20671296296296,7.08733624454148,35
"37",2011,1,6.75,8,8.25,6.25,6,5,7,2,6,3,1,7,453,239,214,50,217,236,7.13830022075055,7.78807531380753,6.41261682242991,6.902,7.19654377880184,7.08474576271186,36
"38",2011,2,6.662,25,7.5,6.39736842105263,6.68571428571429,6.79166666666667,6.62105263157895,6,19,7,6,19,478,245,233,57,223,255,7.11338912133891,7.78102040816326,6.41137339055794,6.87543859649123,7.18565022421525,7.05019607843137,37
"39",2011,3,7.8125,60,7.8448275862069,7.78225806451613,7.275,7.8,7.81666666666667,29,31,10,15,45,538,274,264,67,238,300,7.19135687732342,7.78777372262774,6.57234848484848,6.93507462686567,7.22436974789916,7.16516666666667,38
"40",2011,4,7.02228985507246,69,7.43703703703704,6.75566666666667,7.22916666666667,6.96988235294118,7.03942307692308,27,42,12,17,52,607,301,306,79,255,352,7.17213838550247,7.7563122923588,6.59750980392157,6.97974683544304,7.20740392156863,7.14659090909091,39
"41",2011,5,7.09418604651163,86,7.538,6.47777777777778,6.55384615384615,6.9972972972973,7.16734693877551,50,36,13,37,49,693,351,342,92,292,401,7.16246464646465,7.72521367521368,6.58490643274854,6.91956521739131,7.18078082191781,7.14912718204489,40
"42",2011,6,7.25128205128205,78,7.6780487804878,6.77837837837838,6.94444444444444,7.52058823529412,7.04318181818182,41,37,9,34,44,771,392,379,101,326,445,7.17145006485084,7.7202806122449,6.60379419525066,6.92178217821782,7.2162208588957,7.13865168539326,41
"43",2011,7,7.27123287671233,73,7.57297297297297,6.96111111111111,7.10833333333333,6.97,7.38490566037736,37,36,12,20,53,844,429,415,113,346,498,7.18008056872038,7.70757575757576,6.63479036144578,6.94159292035398,7.20198843930636,7.164859437751,42
"44",2011,8,7.14435483870968,62,7.58611111111111,6.53269230769231,7.23,6.96315789473684,7.22441860465116,36,26,5,19,43,906,465,441,118,365,541,7.1776357615894,7.69817204301075,6.62877097505669,6.95381355932203,7.18955616438356,7.16959334565619,43
"45",2011,9,7.09568965517241,58,7.61481481481481,6.64354838709677,6.94285714285714,7.17105263157895,7.05897435897436,27,31,7,19,39,964,492,472,125,384,580,7.17270539419087,7.69359756097561,6.62974152542373,6.9532,7.188640625,7.16215517241379,44
"46",2011,10,7.04153846153846,65,7.77272727272727,6.2875,6,7.55882352941176,6.85833333333333,33,32,6,17,48,1029,525,504,131,401,628,7.16441982507289,7.69857142857143,6.6080119047619,6.90954198473282,7.20433416458853,7.13893312101911,45
"47",2011,11,7.0734375,64,7.61666666666667,6.59411764705882,6.5,7.13333333333333,7.05510204081633,30,34,7,15,49,1093,555,538,138,416,677,7.15909240622141,7.69414414414414,6.60713382899628,6.88876811594203,7.20177403846154,7.13286558345643,46
"48",2011,12,6.89803921568627,51,7.7037037037037,5.99166666666667,6.41666666666667,6.60714285714286,7.00810810810811,27,24,6,14,37,1144,582,562,144,430,714,7.14745454545455,7.69458762886598,6.58085053380783,6.86909722222222,7.18241395348837,7.12640056022409,47
"49",2012,1,7.08928571428571,70,7.42111111111111,6.492,6.21428571428571,7.39285714285714,6.95918367346939,45,25,7,21,49,1214,627,587,151,451,763,7.14410049423394,7.67496012759171,6.577066439523,6.8387417218543,7.19221286031042,7.11566186107471,48
"50",2012,2,7.06851851851852,54,7.65185185185185,6.48518518518518,6.45555555555556,6.86111111111111,7.17222222222222,27,27,9,18,36,1268,654,614,160,469,799,7.14088170347003,7.67400611620795,6.57302605863192,6.8171875,7.17950533049041,7.11821026282854,49
"51",2012,3,7.03488372093023,43,7.375,6.60526315789474,7.2,7.55555555555556,6.89705882352941,24,19,5,9,34,1311,678,633,165,478,833,7.13740503432494,7.66342182890855,6.57399368088468,6.82878787878788,7.18658577405858,7.10918367346939,50
"52",2012,4,6.97307692307692,52,7.69565217391304,6.4,6.78571428571429,7.23076923076923,6.88717948717949,23,29,7,13,39,1363,701,662,172,491,872,7.13113573000734,7.66447931526391,6.56637160120846,6.82703488372093,7.18775560081466,7.09925458715596,51
"53",2012,5,7.25,41,7.72608695652174,6.64166666666667,6.57857142857143,7.6,7.04807692307692,23,18,7,15,26,1404,724,680,179,506,898,7.13460683760684,7.6664364640884,6.56836470588235,6.81731843575419,7.19997628458498,7.0977728285078,52
"54",2012,6,6.635,40,7.02631578947368,6.28095238095238,5.85714285714286,6.32222222222222,6.7258064516129,19,21,7,9,31,1444,743,701,186,515,929,7.12076731301939,7.65006729475101,6.55975463623395,6.78118279569892,7.18463689320388,7.08536060279871,53
"55",2012,7,6.87420289855072,69,7.37375,6.1851724137931,6.91666666666667,7.22,6.77814814814815,40,29,6,15,54,1513,783,730,192,530,983,7.10952280237938,7.63595146871009,6.54487397260274,6.78541666666667,7.18563773584906,7.06848423194303,54
"56",2012,8,6.92758620689655,58,7.61785714285714,6.28333333333333,6.5,6.4,7.0375,28,30,11,10,48,1571,811,760,203,540,1031,7.10280585614258,7.63532675709001,6.53455,6.76995073891626,7.17108888888889,7.0670417070805,55
"57",2012,9,6.95431034482759,58,7.64310344827586,6.26551724137931,4.75,6.97368421052632,6.9448717948718,29,29,4,19,39,1629,840,789,207,559,1070,7.09751872314303,7.63559523809524,6.52466159695817,6.73091787439613,7.16437924865832,7.06258878504673,56
"58",2012,10,6.87611940298507,67,7.56875,6.24285714285714,6.825,7.43333333333333,6.71538461538462,32,35,10,15,52,1696,872,824,217,574,1122,7.08877240566038,7.63314220183486,6.51269174757282,6.7352534562212,7.17140766550523,7.04649732620321,57
"59",2012,11,6.78650793650794,63,7.48214285714286,6.23,6.35416666666667,6.75,6.8047619047619,28,35,12,21,42,1759,900,859,229,595,1164,7.07794656054576,7.62844444444444,6.50117345750873,6.71528384279476,7.15653445378151,7.03777491408935,58
"60",2012,12,6.98277777777778,90,7.541,6.285,6.3,6.768,7.06538461538462,50,40,15,25,65,1849,950,899,244,620,1229,7.07331422390481,7.62384210526316,6.49155506117909,6.68975409836066,7.14086774193548,7.03923515052889,59
"61",2013,1,7.08370786516854,89,7.648,6.36025641025641,6.40909090909091,7.10714285714286,7.07647058823529,50,39,11,21,68,1938,1000,938,255,641,1297,7.0737915376677,7.62505,6.48609594882729,6.67764705882353,7.13976287051482,7.04118735543562,60
"62",2013,2,7.14722222222222,54,7.6962962962963,6.59814814814815,6.46,6.73928571428571,7.29,27,27,10,14,40,1992,1027,965,265,655,1337,7.07578212851406,7.62692307692308,6.4892310880829,6.66943396226415,7.13120305343512,7.04863126402394,61
"63",2013,3,7.07085185185185,54,7.574,6.63710344827586,6.88888888888889,7.03557894736842,7.09,25,29,9,19,35,2046,1052,994,274,674,1372,7.07565200391007,7.62566539923954,6.49354527162978,6.67664233576642,7.12850741839763,7.04968658892128,62
"64",2013,4,7.01428571428571,63,7.434375,6.58064516129032,6.6,7.45882352941176,6.85,32,31,12,17,46,2109,1084,1025,286,691,1418,7.07381887150308,7.6200184501845,6.49617951219512,6.67342657342657,7.13663386396527,7.04320874471086,63
"65",2013,5,7.09636825396825,63,7.40060571428571,6.71607142857143,6.93181818181818,7.16176470588235,7.0722,35,28,11,17,46,2172,1119,1053,297,708,1464,7.0744729281768,7.61315567470956,6.50202659069326,6.68299663299663,7.1372372881356,7.04411967213115,64
"66",2013,6,7.03170731707317,41,7.47058823529412,6.72083333333333,6.78571428571429,7.07142857142857,7.02352941176471,17,24,7,7,34,2213,1136,1077,304,715,1498,7.07368061455038,7.61102218309859,6.50690250696379,6.68536184210526,7.13659300699301,7.0436523364486,65
"67",2013,7,6.87140350877193,57,7.50769230769231,6.33774193548387,6.45454545454545,7.03846153846154,6.82204545454545,26,31,11,13,44,2270,1162,1108,315,728,1542,7.06860140969163,7.60871015490534,6.50216967509025,6.67730158730159,7.13484065934066,7.03732892347601,66
"68",2013,8,7.32767857142857,56,7.7734375,6.73333333333333,6.83333333333333,7.33823529411765,7.32307692307692,32,24,6,17,39,2326,1194,1132,321,745,1581,7.0748388650043,7.61312495812395,6.50707067137809,6.68021806853583,7.13948187919463,7.04437773561037,67
"69",2013,9,7.23541666666667,72,7.80897435897436,6.55757575757576,6.4625,7.58478260869565,7.07142857142857,39,33,8,23,49,2398,1233,1165,329,768,1630,7.07966021684737,7.6193197080292,6.50850128755365,6.67492401215805,7.15281770833333,7.0451909202454,68
"70",2013,10,7.09558823529412,68,7.42368421052632,6.68,7.15714285714286,7.37692307692308,7.02909090909091,38,30,7,13,55,2466,1271,1195,336,781,1685,7.08009943227899,7.61347065302911,6.51280669456067,6.68497023809524,7.15654801536492,7.04466540059347,69
"71",2013,11,7.01602564102564,78,7.6025,6.39868421052632,6.56,7.55652173913044,6.79,40,38,15,23,55,2544,1311,1233,351,804,1740,7.07813490566038,7.61313592677346,6.50928953771289,6.67962962962963,7.16799004975125,7.03661563218391,70
"72",2013,12,7.09411764705882,51,7.56153846153846,6.608,6.43333333333333,7.24,7.03333333333333,26,25,15,15,36,2595,1337,1258,366,819,1776,7.07844901734104,7.6121325355273,6.51125119236884,6.66953551912568,7.16930891330892,7.0365490990991,71
"73",2014,1,7.33777777777778,63,7.57051282051282,6.95958333333333,7.1,7.66666666666667,7.26039215686275,39,24,10,12,51,2658,1376,1282,376,831,1827,7.0845956358164,7.61095290697674,6.51964430577223,6.68098404255319,7.17649097472924,7.04279759168035,72
"74",2014,2,7.10709677419355,62,7.4119512195122,6.51190476190476,6.675,7.32071428571429,7.04479166666667,41,21,10,14,48,2720,1417,1303,386,845,1875,7.08510852941176,7.60519491884263,6.51951957022256,6.68082901554404,7.17888047337278,7.04284864,73
"75",2014,3,6.994,50,7.42058823529412,6.0875,6.07142857142857,6.61666666666667,7.20625,34,16,7,18,32,2770,1451,1319,393,863,1907,7.08346397111913,7.60086919365954,6.51427899924185,6.66997455470738,7.16715411355736,7.04559056109072,74
"76",2014,4,7.08110784313725,51,7.6037037037037,6.4931875,6.71111111111111,7.80769230769231,6.83253947368421,27,24,9,13,38,2821,1478,1343,402,876,1945,7.08342137539879,7.60092097428958,6.51390208488459,6.67089552238806,7.1766598173516,7.04142812339332,75
"77",2014,5,6.87950819672131,61,7.22435897435897,6.26818181818182,7.28571428571429,7.26428571428571,6.76489361702128,39,22,7,14,47,2882,1517,1365,409,890,1992,7.07910537820958,7.59124007910349,6.50994175824176,6.68141809290954,7.17803820224719,7.03490346385543,76
"78",2014,6,7.39864864864865,37,7.67,6.83333333333333,7,7.67,7.29814814814815,25,12,3,10,27,2919,1542,1377,412,900,2019,7.08315577252484,7.59251699092088,6.51275998547567,6.68373786407767,7.18350444444445,7.03842382367509,77
"79",2014,7,7.1711320754717,53,7.57,6.60909090909091,7.27142857142857,7.378,7.08947368421053,31,22,7,15,38,2972,1573,1399,419,915,2057,7.08472466352625,7.59207323585505,6.51427483917083,6.69355608591885,7.18669289617486,7.03936689353428,78
"80",2014,8,7.27902912621359,103,7.55625,6.63516129032258,7.07071428571429,7.565,7.16150684931507,72,31,14,30,73,3075,1645,1430,433,945,2130,7.09123307317073,7.5905052887538,6.51689545454545,6.7057505773672,7.19870264550265,7.04355291079812,79
"81",2014,9,7.17,105,7.60652173913043,6.33333333333333,6.5,6.89,7.282,69,36,11,30,75,3180,1714,1466,444,975,2205,7.09383386792453,7.59115005834306,6.5123877899045,6.70065315315315,7.1892041025641,7.05166335600907,80
"82",2014,10,7.21813725490196,102,7.75887096774194,6.38,6.97272727272727,7.584,7.09935064935065,62,40,11,25,77,3282,1776,1506,455,1000,2282,7.09769704448507,7.59700518018018,6.50887151394422,6.70723076923077,7.199074,7.05327243645925,81
"83",2014,11,7.37066115702479,121,7.756875,6.61707317073171,6.86666666666667,7.48888888888889,7.33670212765957,80,41,15,27,94,3403,1856,1547,470,1027,2376,7.10740279165442,7.60389612068965,6.51173917259211,6.71231914893617,7.20669328140214,7.06448556397307,82
"84",2014,12,7.42592592592593,135,7.79034090909091,6.7436170212766,7.1625,7.57142857142857,7.38785046728972,88,47,20,28,107,3538,1944,1594,490,1055,2483,7.11955672696439,7.61233600823045,6.51857622333752,6.73069387755102,7.21637345971564,7.07842033830044,83
"85",2015,1,7.4,144,7.74402173913044,6.79134615384615,6.95714285714286,7.46617647058823,7.37954545454545,92,52,14,34,110,3682,2036,1646,504,1089,2593,7.13052463335144,7.61828644400786,6.52719349939247,6.73698412698413,7.22417263544536,7.09119463941381,84
"86",2015,2,7.26653225806452,124,7.70289855072464,6.71909090909091,6.53125,7.74666666666667,7.11329787234043,69,55,16,30,94,3806,2105,1701,520,1119,2687,7.13495578034682,7.62105995249406,6.53339829512052,6.73065384615384,7.23818051831993,7.09196788239673,85
"87",2015,3,7.24395161290323,124,7.60963855421687,6.50365853658537,7,7.37777777777778,7.20670103092784,83,41,10,27,97,3930,2188,1742,530,1146,2784,7.1383948346056,7.62062669104205,6.53269833524684,6.7357358490566,7.24146945898778,7.09596540948276,86
"88",2015,4,7.41112582781457,151,7.74897959183673,6.78641509433962,6.47368421052632,7.36379310344828,7.42237704918033,98,53,19,29,122,4081,2286,1795,549,1175,2906,7.14848608184268,7.62612913385827,6.54018969359331,6.72666666666667,7.2444885106383,7.10966885753613,87
"89",2015,5,7.38578431372549,102,7.67039473684211,6.55384615384615,7.0125,7.5,7.35617283950617,76,26,8,21,81,4183,2362,1821,557,1196,2987,7.15427245995697,7.6275534292972,6.54038467874794,6.73077199281867,7.24897491638796,7.11635343153666,88
"90",2015,6,7.46917293233083,133,7.77527472527473,6.80595238095238,7.11666666666667,7.63030303030303,7.416,91,42,15,33,100,4316,2453,1863,572,1229,3087,7.16397629749768,7.63303350998777,6.546371712292,6.74089160839161,7.25921399511798,7.12606015549077,89
"91",2015,7,7.37375,120,7.69709302325581,6.55588235294118,6.31111111111111,7.75576923076923,7.26808510638298,86,34,9,26,94,4436,2539,1897,581,1255,3181,7.16965096934175,7.63520330838913,6.54654217185029,6.73423407917384,7.26950119521912,7.13025705752908,90
"92",2015,8,7.23507042253521,142,7.48702127659574,6.74166666666667,6.53,7.21923076923077,7.23862068965517,94,48,20,26,116,4578,2633,1945,601,1281,3297,7.17168014416776,7.62991310292442,6.55135758354756,6.72743760399334,7.26848087431694,7.13406966939642,91
"93",2015,9,7.1822695035461,141,7.61071428571429,6.55087719298246,6.52727272727273,7.48333333333333,7.1109649122807,84,57,22,27,114,4719,2717,2002,623,1308,3411,7.17199654587836,7.62931954361428,6.5513439060939,6.72036918138042,7.27291590214067,7.13329747874524,92
"94",2015,10,7.25536764705882,136,7.61896551724138,6.60979591836735,7.02142857142857,7.445,7.20169811320755,87,49,14,30,106,4855,2804,2051,637,1338,3517,7.17433196704428,7.62899828815977,6.55274037055095,6.72698587127159,7.27677428998505,7.13535902758033,93
"95",2015,11,7.23258620689655,174,7.60817307692308,6.67457142857143,6.73428571428571,7.47121212121212,7.17673758865248,104,70,21,33,141,5029,2908,2121,658,1371,3658,7.17634752435872,7.62825350756533,6.55676119754832,6.7272188449848,7.28145441283734,7.13695399125205,94
"96",2015,12,7.36666666666667,213,7.63706293706294,6.81428571428571,6.76129032258065,7.287,7.39110429447853,143,70,31,50,163,5242,3051,2191,689,1421,3821,7.18408082792827,7.62866640445755,6.56498881789137,6.72875181422351,7.28164954257565,7.14779578644334,95
"97",2016,1,7.17158878504673,214,7.58834645669291,6.5632183908046,6.37272727272727,7.44166666666667,7.11696629213483,127,87,22,36,178,5456,3178,2278,711,1457,3999,7.18359085410557,7.62705512901196,6.56492120280948,6.71773558368495,7.28560329444063,7.14642353088272,96
"98",2016,2,7.32861445783133,166,7.79351851851852,6.46293103448276,6.51304347826087,7.28787878787879,7.33872180451128,108,58,23,33,133,5622,3286,2336,734,1490,4132,7.18787294557097,7.63252623250152,6.56238891267123,6.71132152588556,7.28565369127517,7.15261318973863,97
"99",2016,3,7.18840909090909,176,7.55849056603774,6.628,6.6824,7.4584,7.14370860927152,106,70,25,25,151,5798,3392,2406,759,1515,4283,7.18788922042084,7.63021261792453,6.56429779717373,6.71036890645586,7.28850429042904,7.15229925286015,98
"100",2016,4,7.25129943502825,177,7.57310344827586,6.63934426229508,6.5625,7.50833333333333,7.18567375886525,116,61,8,36,141,5975,3508,2467,767,1551,4424,7.18976764853557,7.62832417331813,6.56615342521281,6.70882659713168,7.29360670535138,7.15336295207957,99
"101",2016,5,7.27622807017544,171,7.54852678571429,6.7593220338983,6.778125,7.215625,7.29017985611511,112,59,16,32,139,6146,3620,2526,783,1583,4563,7.19217323462415,7.6258553038674,6.5706652810768,6.71024265644955,7.29203032217309,7.15753072539996,100
"102",2016,6,7.2171875,128,7.68397435897436,6.489,6.38235294117647,7.1,7.24423076923077,78,50,17,24,104,6274,3698,2576,800,1607,4667,7.19268356710233,7.62708117901568,6.56908016304348,6.703275,7.28916241443684,7.15946275980287,101
"103",2016,7,7.23572222222222,180,7.4833064516129,6.6875,6.61,7.28225806451613,7.22604026845638,124,56,15,31,149,6454,3822,2632,815,1638,4816,7.19388390145646,7.62241658817373,6.57159973404255,6.70155828220859,7.28903174603174,7.16152257059801,102
"104",2016,8,7.31171428571429,175,7.63097345132743,6.72983870967742,6.38333333333333,7.4,7.29835526315789,113,62,15,23,152,6629,3935,2694,830,1661,4968,7.19699452406095,7.62266231257941,6.57524146250928,6.69580722891566,7.29056833232992,7.16570907809984,103
"105",2016,9,7.21561797752809,178,7.61633928571429,6.53560606060606,6.88095238095238,7.118,7.23156862745098,112,66,21,25,153,6807,4047,2760,851,1686,5121,7.19748151902454,7.62248732394366,6.57429365942029,6.70037602820212,7.28800948991696,7.1676767623511,104
"106",2016,10,7.22769005847953,171,7.60882075471698,6.60615384615385,6.22,7.33170731707317,7.19488461538462,106,65,20,41,130,6978,4153,2825,871,1727,5251,7.19822179707653,7.6221385022875,6.57502672566372,6.68934557979334,7.28904690214244,7.16835035231384,105
"107",2016,11,7.21970588235294,187,7.44911538461538,6.69649122807018,6.61,7.30645161290323,7.20246794871795,130,57,20,31,156,7165,4283,2882,891,1758,5407,7.19878251221214,7.61688680831193,6.57742904233171,6.6875645342312,7.28935381114903,7.16933469576475,106
"108",2016,12,7.13575581395349,172,7.51205357142857,6.43333333333333,6.45238095238095,7.28225806451613,7.10354609929078,112,60,21,31,141,7337,4395,2942,912,1789,5548,7.19730498841488,7.61421529010239,6.57449031271244,6.68214912280702,7.28923085522638,7.1676627072819,107
"109",2017,1,7.30008583690987,233,7.56396226415094,6.73310810810811,6.66086956521739,7.00322580645161,7.34564356435644,159,74,23,31,202,7570,4554,3016,935,1820,5750,7.20046852047556,7.61246073781291,6.57838212864721,6.6816256684492,7.28435934065934,7.17391525217391,108
"110",2017,2,7.42235294117647,187,7.59923664122137,7.00857142857143,6.92307692307692,7.54666666666667,7.39859872611465,131,56,13,30,157,7757,4685,3072,948,1850,5907,7.20581754544283,7.61209097118463,6.58622412109375,6.68493670886076,7.28861297297297,7.17988703233452,109
"111",2017,3,7.13550505050505,198,7.53086614173228,6.42830985915493,6.36111111111111,7.49176470588235,7.06164634146341,127,71,18,34,164,7955,4812,3143,966,1884,6071,7.20406746700189,7.60994725685785,6.58265685650652,6.67890269151139,7.29227919320594,7.17669291714709,110
"112",2017,4,7.32264705882353,170,7.49579439252336,7.02857142857143,6.89333333333333,7.55,7.26788321167883,107,63,15,33,137,8125,4919,3206,981,1917,6208,7.20654851692308,7.60746415938199,6.59141936993138,6.68218144750255,7.29671570161711,7.1787053318299,111
"113",2017,5,7.08458823529412,170,7.51843137254902,6.43382352941176,6.332,7.37692307692308,7.03180555555556,102,68,25,26,144,8295,5021,3274,1006,1943,6352,7.20404902953587,7.60565548695479,6.58814615149664,6.67347912524851,7.29778898610396,7.17537511020151,112
"114",2017,6,7.07829457364341,129,7.46486486486486,6.55818181818182,6.41666666666667,7.10416666666667,7.07238095238095,74,55,12,24,105,8424,5095,3329,1018,1967,6457,7.20212330246914,7.60361063788027,6.58765109642535,6.67045186640471,7.29542653787493,7.17370027876723,113
"115",2017,7,7.37728915662651,166,7.58359649122807,6.925,6.8,7.128125,7.43679104477612,114,52,10,32,134,8590,5209,3381,1028,1999,6591,7.20550834691502,7.60317262430409,6.59283954451346,6.67171206225681,7.29274837418709,7.17904911242604,114
"116",2017,8,7.23012578616352,159,7.58813725490196,6.58947368421053,6.40625,6.965,7.26827338129496,102,57,16,20,139,8749,5311,3438,1044,2019,6730,7.20595573208367,7.60288386367915,6.59278374054683,6.66764367816092,7.28950173353145,7.18089193164933,115
"117",2017,9,7.10698717948718,156,7.36842105263158,6.69983606557377,6.42578947368421,7.17142857142857,7.09696296296296,95,61,19,21,135,8905,5406,3499,1063,2040,6865,7.20422197641774,7.59876363300037,6.59465004286939,6.66332079021637,7.2882862745098,7.17924147123088,116
"118",2017,10,7.19745222929936,157,7.56276595744681,6.65238095238095,6.82142857142857,7.49347826086957,7.14664179104478,94,63,14,23,134,9062,5500,3562,1077,2063,6999,7.20410468991393,7.5981484,6.59567111173498,6.66537604456824,7.29057392147358,7.17861733104729,117
"119",2017,11,7.1526582278481,158,7.4497247706422,6.49183673469388,6.51666666666667,7.34523809523809,7.12313868613139,109,49,18,21,137,9220,5609,3611,1095,2084,7136,7.20322306941432,7.59526407559279,6.59426211575741,6.66293150684931,7.29112476007677,7.17755222813901,118
"120",2017,12,7.30073255813953,172,7.50672072072072,6.92590163934426,6.75263157894737,7.11551724137931,7.33829370629371,111,61,19,29,143,9392,5720,3672,1114,2113,7279,7.20500880536627,7.59354583916084,6.59977137799564,6.66446140035907,7.28871462375769,7.18071008380272,119
"121",2018,1,7.20197044334975,203,7.47578125,6.73466666666667,6.80555555555556,7.29032258064516,7.18604651162791,128,75,18,31,172,9595,5848,3747,1132,2144,7451,7.20494452318916,7.59096822845417,6.60247144382172,6.66670494699646,7.28873787313433,7.18083327070192,120
"122",2018,2,7.07519379844961,129,7.54859154929577,6.49568965517241,6.82105263157895,7.54,6.96346153846154,71,58,19,25,104,9724,5919,3805,1151,2169,7555,7.20322323118058,7.59045990876837,6.60084375821287,6.66925282363162,7.29163393268787,7.17784099272005,121
"123",2018,3,7.26315384615385,130,7.67777777777778,6.74844827586207,6.95,7.05,7.29741071428571,72,58,20,18,112,9854,5991,3863,1171,2187,7667,7.20401387253907,7.59150929727925,6.60305992751747,6.67404782237404,7.28964517604024,7.17958767444894,122
"124",2018,4,7.08070175438596,114,7.49264705882353,6.47173913043478,6.69285714285714,6.96333333333333,7.12261904761905,68,46,14,30,84,9968,6059,3909,1185,2217,7751,7.20260360152488,7.59039976893877,6.60151458173446,6.67427004219409,7.28522958953541,7.17897028770481,123
"125",2018,5,6.97095238095238,105,7.33722222222222,6.58313725490196,6.72444444444444,7.155625,6.93775280898876,54,51,18,16,89,10073,6113,3960,1203,2233,7840,7.200188891095,7.58816329134631,6.6012779040404,6.67502078137988,7.28430094043887,7.17623197704082,124
"126",2018,6,7.19862,100,7.57128125,6.53611111111111,6.59285714285714,7.375,7.16502380952381,64,36,14,16,84,10173,6177,3996,1217,2249,7924,7.20017346898653,7.58798837623442,6.60069081581581,6.6740755957272,7.28494619831036,7.17611316254417,125
"127",2018,7,7.01048045045045,111,7.35772216666667,6.60196078431373,5.675,7.03,7.0048061627907,60,51,10,25,86,10284,6237,4047,1227,2274,8010,7.19812602392065,7.58577321308321,6.60070681986656,6.66593317033415,7.28214335971856,7.1742739113608,126
"128",2018,8,7.29536082474227,97,7.698,6.86702127659574,6.76666666666667,6.95,7.33505747126437,50,47,15,10,87,10381,6287,4094,1242,2284,8097,7.19903458530006,7.5866657435979,6.60376416707376,6.66714975845411,7.28068914185639,7.17600148573546,127
"129",2018,9,7.16923076923077,104,7.30714285714286,6.88529411764706,6.75714285714286,6.79869565217391,7.27444444444444,70,34,14,23,81,10485,6357,4128,1256,2307,8178,7.19873896328088,7.58358778197263,6.60608296996124,6.66815286624204,7.27588383181621,7.17697652604549,128
"130",2018,10,7.16540290076336,131,7.47521166666667,6.61170212765957,6.05384615384615,6.92,7.22328094339623,84,47,13,25,106,10616,6441,4175,1269,2332,8284,7.19832760079126,7.5821743999379,6.60614622754491,6.6618597320725,7.27206861063465,7.17756902583293,129
"131",2018,11,7.31038461538462,130,7.67743902439024,6.68333333333333,6.37105263157895,7.24047619047619,7.32385321100917,82,48,19,21,109,10746,6523,4223,1288,2353,8393,7.19968321328866,7.58337196228729,6.6070235614492,6.6575698757764,7.27178665533361,7.17946882044561,130
"132",2018,12,7.17182481751825,137,7.38806451612903,6.71477272727273,6.81818181818182,7.05555555555556,7.18941176470588,93,44,11,18,119,10883,6616,4267,1299,2371,8512,7.19933251952586,7.58062655834341,6.60813463791891,6.65892994611239,7.27014508646141,7.17960782542293,131
"133",2019,1,7.00520958083832,167,7.45154545454545,6.14385964912281,5.77222222222222,7.07787878787879,6.98731343283582,110,57,18,33,134,11050,6726,4324,1317,2404,8646,7.1963987158371,7.57851550847457,6.60201445420906,6.64681093394077,7.26750582362729,7.17662755146889,132
"134",2019,2,7.04037037037037,135,7.40320512820513,6.54385964912281,6.2,7.01904761904762,7.04429824561404,78,57,14,21,114,11185,6804,4381,1331,2425,8760,7.19451549485918,7.57650577748383,6.6012578178498,6.64211119459053,7.26535422680412,7.17490545776256,133
"135",2019,3,6.86669421487603,121,7.36310810810811,6.08510638297872,5.76923076923077,6.52619047619048,6.9382,74,47,13,21,100,11306,6878,4428,1344,2446,8860,7.19100705908367,7.57420984443152,6.59577924570912,6.6336681547619,7.25900817661488,7.17223383860045,134
"136",2019,4,7.073,100,7.465,6.485,5.95454545454545,6.78947368421053,7.13950617283951,60,40,11,19,81,11406,6938,4468,1355,2465,8941,7.18997245397159,7.57326539492649,6.59478748880931,6.62815498154981,7.25538904665314,7.17193734593446,135
"137",2019,5,7.2885593220339,118,7.59375,6.64605263157895,6.9,7.60227272727273,7.21666666666667,80,38,10,22,96,11524,7018,4506,1365,2487,9037,7.19098193422422,7.57349890424622,6.59521981802041,6.63014652014652,7.25845757941295,7.17241250525617,136
"138",2019,6,7.17245283018868,106,7.5575,6.58571428571429,6.3,6.98,7.20417582417582,64,42,10,15,91,11630,7082,4548,1375,2502,9128,7.1908130533104,7.57335432222536,6.5951320360598,6.62774545454545,7.25678816946443,7.17272916411043,137
"139",2019,7,7.34918032786885,122,7.56385542168675,6.89230769230769,6.44545454545455,7.512,7.30721649484536,83,39,11,25,97,11752,7165,4587,1386,2527,9225,7.19245709751531,7.57324428611305,6.59765870939612,6.6262987012987,7.25931301939058,7.17414328563686,138
"140",2019,8,7.14192592592593,135,7.50368421052632,6.67593220338983,6.295,6.66666666666667,7.22947368421053,76,59,20,21,114,11887,7241,4646,1406,2548,9339,7.19188321780096,7.57251419831515,6.59865271201033,6.62158605974395,7.25442857142857,7.17481869686262,139
"141",2019,9,7.22953125,128,7.5104,6.83207547169811,6.80769230769231,7.26666666666667,7.22345454545455,75,53,13,18,110,12015,7316,4699,1419,2566,9449,7.192284295464,7.57187743439037,6.60128548627367,6.62329105003523,7.25451441932969,7.17538488834798,140
"142",2019,10,7.08220338983051,118,7.52302631578947,6.28452380952381,6.52714285714286,6.90217391304348,7.12578947368421,76,42,14,23,95,12133,7392,4741,1433,2589,9544,7.19121369900272,7.57137517721861,6.59847932925543,6.62235170969993,7.2513843182696,7.1748912206622,141
"143",2019,11,7.24296610169492,118,7.54242857142857,6.80625,7.03,7.38461538461539,7.22542857142857,70,48,20,13,105,12251,7462,4789,1453,2602,9649,7.19171217125132,7.57110363307424,6.60056180831071,6.62796283551273,7.25204996156802,7.17544116592393,142
"144",2019,12,7.13657718120805,149,7.56978021978022,6.45689655172414,6.3,7.25961538461539,7.11056910569106,91,58,13,26,123,12400,7553,4847,1466,2628,9772,7.19104966209677,7.57108768833576,6.59884268619764,6.62505457025921,7.25212480974125,7.17462462239051,143
"145",2020,1,7.02903685393258,178,7.3384425,6.50398484848485,6.29086666666667,7.20968181818182,7.00356128205128,112,66,15,22,156,12578,7665,4913,1481,2650,9928,7.18875690650342,7.56768830658839,6.59756838998575,6.62166981769075,7.25177245283019,7.17193668110395,144
"146",2020,2,7.02786740458015,131,7.45127379746835,6.38461538461539,6.02631578947368,6.68,7.10991160377359,79,52,19,25,106,12709,7744,4965,1500,2675,10034,7.1870985128649,7.56650071022727,6.59533806646525,6.61412866666666,7.24642878504673,7.17128144309348,145
"147",2020,3,7.21295324561404,114,7.42966188405797,6.88066666666667,6.45384615384615,7.20740740740741,7.21467436781609,69,45,13,27,87,12823,7813,5010,1513,2702,10121,7.1873283685565,7.56529222705747,6.59790089820359,6.6127514871117,7.24603886010363,7.17165444817706,146
"148",2020,4,7.12026726415094,106,7.3648422972973,6.5546875,6.43636363636364,6.86521739130435,7.19094373493976,74,32,11,23,83,12929,7887,5042,1524,2725,10204,7.18677855982675,7.5634114999366,6.59762663625545,6.61147834645669,7.24282458715596,7.17181134849079,147
"149",2020,5,7.06213483146067,89,7.48690909090909,6.375,6.69642857142857,7.33846153846154,7.01486842105263,55,34,14,13,76,13018,7942,5076,1538,2738,10280,7.18592640958673,7.56288170486023,6.59613544129235,6.61225162548764,7.24327867056245,7.17065107003891,148
"150",2020,6,7.20060240963855,83,7.54907407407407,6.55172413793103,7,7.68,7.13493150684932,54,29,9,10,73,13101,7996,5105,1547,2748,10353,7.18601938783299,7.56278845672836,6.59588315377081,6.61450743374272,7.24486790393013,7.17039920795905,149
"151",2020,7,7.47944444444444,90,7.80396825396825,6.72222222222222,7.3,7.83157894736842,7.38521126760563,63,27,5,19,71,13191,8059,5132,1552,2767,10424,7.18802137821242,7.56467384290855,6.59654783710054,6.61671585051546,7.24889663895916,7.17186233691482,150
"152",2020,8,7.22560344827586,116,7.5201282051282,6.62105263157895,6.35714285714286,7.55714285714286,7.15231578947368,78,38,14,21,95,13307,8137,5170,1566,2788,10519,7.18834898925378,7.56424683544304,6.59672794970986,6.61439527458493,7.25121843615495,7.17168580663562,151
"153",2020,9,7.14485981308411,107,7.52191780821918,6.33529411764706,6.21818181818182,7.31388888888889,7.11067415730337,73,34,11,18,89,13414,8210,5204,1577,2806,10608,7.1880020873714,7.56387046285018,6.59501988854727,6.61163157894736,7.25162045616536,7.17117392533937,152
"154",2020,10,7.22017543859649,114,7.54014084507042,6.69186046511628,6.28181818181818,7.25625,7.21428571428571,71,43,11,16,98,13528,8281,5247,1588,2822,10706,7.18827321111768,7.56366700881536,6.59581351248332,6.60934697732997,7.25164670446492,7.17156855968616,153
"155",2020,11,7.19966216216216,148,7.43075268817204,6.80890909090909,6.380625,7.51666666666667,7.15576923076923,93,55,16,18,130,13676,8374,5302,1604,2840,10836,7.18839646095349,7.56219088846429,6.59802404752923,6.60706546134663,7.2533264084507,7.17137901439646,154
"156",2020,12,7.23685992753623,138,7.58471383838384,6.35384615384615,6.60294117647059,7.71875,7.1736612295082,99,39,17,16,122,13814,8473,5341,1621,2856,10958,7.18888060445924,7.56245405051339,6.59624105972664,6.60702220851326,7.25593382352941,7.17140442325242,155
"157",2021,1,7.18861313868613,137,7.41782608695652,6.72,6.57142857142857,6.97352941176471,7.21908333333333,92,45,7,17,120,13951,8565,5386,1628,2873,11078,7.18887797792273,7.56090054524226,6.59727506498329,6.60686916461916,7.25426279150713,7.17192089456581,156
"158",2021,2,7.06166981132075,106,7.45455555555556,6.48604651162791,5.87692307692308,7.14983333333333,7.04363636363636,63,43,13,18,88,14057,8628,5429,1641,2891,11166,7.18791873586114,7.56012403453871,6.59639408730889,6.60108653260207,7.25361259079903,7.17090987551496,157
"159",2021,3,7.26269444444444,108,7.61479710144928,6.63974358974359,7.05,7.16105,7.28579545454545,69,39,10,20,88,14165,8697,5468,1651,2911,11254,7.18848885774797,7.56055779809129,6.5967032735918,6.60380557238037,7.25297664032978,7.17180821663409,158
"160",2021,4,7.1766,85,7.78676744186046,6.55190476190476,6.38181818181818,7.34210526315789,7.12895454545455,43,42,11,19,66,14250,8740,5510,1662,2930,11320,7.18841794175438,7.56167072883295,6.59636179673321,6.60233634175692,7.25355460750853,7.17155836307421,159
"161",2021,5,7.08552284313726,102,7.38644803278688,6.63780487804878,6.825,7.32142857142857,7.04799238636364,61,41,10,14,88,14352,8801,5551,1672,2944,11408,7.1876866638796,7.56045625497103,6.59666789767609,6.60366806220095,7.25387737771739,7.17060518934081,160
"162",2021,6,7.11237623762376,101,7.50079365079365,6.46842105263158,6.57692307692308,7.23,7.08333333333333,63,38,13,20,81,14453,8864,5589,1685,2964,11489,7.18716038192763,7.56003220893502,6.59579593845053,6.60346172106825,7.25371626180837,7.16998990338585,161
"163",2021,7,7.23935,100,7.37313432835821,6.96772727272727,6.83333333333333,7.55,7.18877906976744,67,33,6,14,86,14553,8931,5622,1691,2978,11575,7.187518999519,7.55863010861046,6.59797909996442,6.60427735068007,7.25510913364674,7.17012950323974,162
"164",2021,8,7.5125652173913,115,7.79827380952381,6.73838709677419,6.43333333333333,7.17391304347826,7.59722826086957,84,31,9,23,92,14668,9015,5653,1700,3001,11667,7.19006742568857,7.56086306156406,6.59874907128958,6.60337235294117,7.25448683772076,7.17349738578898,163
"165",2021,9,7.46342857142857,105,7.72085714285714,6.94857142857143,6.6625,7.48947368421053,7.45767441860465,70,35,8,19,86,14773,9085,5688,1708,3020,11753,7.19201035673187,7.56209581728123,6.60090163502109,6.60364929742388,7.25596523178808,7.17557678890496,164
"166",2021,10,7.54203539823009,113,7.80347222222222,7.08292682926829,6.75,7.65789473684211,7.5186170212766,72,41,14,19,94,14886,9157,5729,1722,3039,11847,7.19466740561601,7.56399372065087,6.60435128294641,6.60483914053426,7.25847811780191,7.17829864100616,165
"167",2021,11,7.15804347826087,138,7.48582417582418,6.52340425531915,6.32307692307692,7.26166666666667,7.1425,91,47,13,18,120,15024,9248,5776,1735,3057,11967,7.19433100372737,7.5632245350346,6.60369260734072,6.60272795389049,7.25849689237815,7.17793966741874,166
"168",2021,12,7.31268834319527,169,7.66111008928571,6.6280701754386,6.45333333333333,7.38873913043478,7.30070773972603,112,57,15,23,146,15193,9360,5833,1750,3080,12113,7.19564755676956,7.56439581517094,6.60393082461855,6.60144742857142,7.25946948051948,7.17941941137621,167
"169",2022,1,7.22570231441048,229,7.62084797297297,6.50370777777778,6.37210526315789,7.31379310344828,7.21292915,148,81,19,29,200,15422,9508,5914,1769,3109,12313,7.19609383737518,7.56527454038704,6.60255813831586,6.5989841718485,7.25997619813445,7.17996370990011,168
"170",2022,2,7.17653846153846,130,7.4469512195122,6.71458333333333,6.75,7.23666666666667,7.16869565217391,82,48,12,15,115,15552,9590,5962,1781,3124,12428,7.19593037294239,7.56426280813347,6.60346005199597,6.60000168444694,7.2598642765685,7.17985944319279,169
"171",2022,3,7.13142276422764,123,7.25412790697674,6.84621621621622,6.75,7.14772727272727,7.12787128712871,86,37,4,22,101,15675,9676,5999,1785,3146,12529,7.19542418883572,7.56150633836296,6.60495729788298,6.60033781512605,7.25908010171646,7.17944035118525,170
"172",2022,4,7.2299375,128,7.56494117647059,6.56772093023256,5.95,6.90555555555556,7.28301818181818,85,43,10,18,110,15803,9761,6042,1795,3164,12639,7.19570373726508,7.5615362493597,6.60469229228732,6.59671476323119,7.25706890012642,7.1803418118522,171
"173",2022,5,7.32857664233577,137,7.72824175824176,6.5379347826087,6.725,7.17473684210526,7.35334745762712,91,46,8,19,118,15940,9852,6088,1803,3183,12757,7.19684574404015,7.56307605866829,6.6041878827201,6.59728397115918,7.25657744266415,7.18194208356197,172
"174",2022,6,7.414140625,128,7.71529411764706,6.81883720930233,6.29125,7.09875,7.45919642857143,85,43,8,16,112,16068,9937,6131,1811,3199,12869,7.1985767463281,7.56437811512529,6.60569333387702,6.5959320817228,7.25578805876836,7.18435505167457,173
"175",2022,7,7.29081481481481,135,7.47530120481928,6.99634615384615,6.13888888888889,7.24772727272727,7.29920353982301,83,52,9,22,113,16203,10020,6183,1820,3221,12982,7.19934525458248,7.56364025249501,6.60897878537926,6.59367197802197,7.25573300217324,7.18535473424742,174
"176",2022,8,7.28554794520548,146,7.54989583333333,6.778,6.13636363636364,7.28461538461538,7.28575,96,50,11,26,120,16349,10116,6233,1831,3247,13102,7.20011506269497,7.56350981909846,6.61033464302904,6.59092463134899,7.25596427471512,7.18627424515341,175
"177",2022,9,7.0151170212766,94,7.22105263157895,6.69786486486487,6.13525,7.2166,6.97686075949367,57,37,8,15,79,16443,10173,6270,1839,3262,13181,7.19905748099495,7.56159100855205,6.61085116905901,6.58894235997825,7.25578326180257,7.18501913056673,176
"178",2022,10,7.46194444444444,108,7.74175675675676,6.85294117647059,6.09090909090909,7.26041666666667,7.51952380952381,74,34,11,24,84,16551,10247,6304,1850,3286,13265,7.20077289348075,7.56289209817508,6.61215685755076,6.58598108108108,7.25581710286062,7.18713736600075,177
"179",2022,11,7.20203448275862,145,7.744375,6.36473684210526,6.325,7.80652173913044,7.0880737704918,88,57,12,23,122,16696,10335,6361,1862,3309,13387,7.20078385002396,7.56443738074504,6.60993976261594,6.58429914070891,7.25964490782714,7.18623456786435,178
"180",2022,12,7.27292592592593,135,7.53472826086957,6.71279069767442,6.75,7.91882352941176,7.17987288135593,92,43,6,17,118,16831,10427,6404,1868,3326,13505,7.2013624953954,7.56417524983217,6.61063036071205,6.58483137044967,7.26301413108839,7.18617898259904,179
