"","year","month","avg_rating","no_ratings","avg_rating_owned","avg_rating_not_owned","avg_rating_prev_owned","avg_rating_comment","avg_rating_no_comment","no_ratings_owned","no_ratings_not_owned","no_ratings_prev_owned","no_ratings_comment","no_ratings_no_comment","cum_no_ratings","cum_no_ratings_owned","cum_no_ratings_not_owned","cum_no_ratings_prev_owned","cum_no_ratings_comment","cum_no_ratings_no_comment","cum_avg_rating","cum_avg_rating_owned","cum_avg_rating_not_owned","cum_avg_rating_prev_owned","cum_avg_rating_comment","cum_avg_rating_no_comment","month_after_release"
"1",2002,7,7.66666666666667,3,7.66666666666667,NA,NA,NA,7.66666666666667,3,0,0,0,3,3,3,0,0,0,3,7.66666666666667,7.66666666666667,NA,NA,NA,7.66666666666667,-9
"2",2002,8,8.5,1,8.5,NA,NA,8.5,NA,1,0,0,1,0,4,4,0,0,1,3,7.875,7.875,NA,NA,8.5,7.66666666666667,-8
"3",2002,10,6,1,6,NA,NA,6,NA,1,0,0,1,0,5,5,0,0,2,3,7.5,7.5,NA,NA,7.25,7.66666666666667,-6
"4",2002,11,6,1,6,NA,NA,6,NA,1,0,0,1,0,6,6,0,0,3,3,7.25,7.25,NA,NA,6.83333333333333,7.66666666666667,-5
"5",2002,12,4,2,5,3,NA,3,5,1,1,0,1,1,8,7,1,0,4,4,6.4375,6.92857142857143,3,NA,5.875,7,-4
"6",2003,1,6.5,2,6,7,NA,7,6,1,1,0,1,1,10,8,2,0,5,5,6.45,6.8125,5,NA,6.1,6.8,-3
"7",2003,2,6.9,2,6.9,NA,NA,8,5.8,2,0,0,1,1,12,10,2,0,6,6,6.525,6.83,5,NA,6.41666666666667,6.63333333333333,-2
"8",2003,3,4.5,2,6,3,NA,3,6,1,1,0,1,1,14,11,3,0,7,7,6.23571428571429,6.75454545454545,4.33333333333333,NA,5.92857142857143,6.54285714285714,-1
"9",2003,4,4.66666666666667,3,4.66666666666667,NA,NA,4,6,3,0,0,2,1,17,14,3,0,9,8,5.95882352941176,6.30714285714286,4.33333333333333,NA,5.5,6.475,0
"10",2003,5,7.25,4,7.33333333333333,7,NA,6.5,8,3,1,0,2,2,21,17,4,0,11,10,6.2047619047619,6.48823529411765,5,NA,5.68181818181818,6.78,1
"11",2003,6,6.6,5,7.33333333333333,5.5,5,8,5.66666666666667,3,2,1,2,3,26,20,6,1,13,13,6.28076923076923,6.615,5.16666666666667,5,6.03846153846154,6.52307692307692,2
"12",2003,7,5.41111111111111,9,6.24285714285714,2.5,NA,6.35,5.14285714285714,7,2,0,2,7,35,27,8,1,15,20,6.05714285714286,6.51851851851852,4.5,5,6.08,6.04,3
"13",2003,8,7,6,6.8,8,8,7.4,5,5,1,1,5,1,41,32,9,2,20,21,6.19512195121951,6.5625,4.88888888888889,6.5,6.41,5.99047619047619,4
"14",2003,9,7.5,4,7,9,NA,NA,7.5,3,1,0,0,4,45,35,10,2,20,25,6.31111111111111,6.6,5.3,6.5,6.41,6.232,5
"15",2003,10,4.1,5,4,4.16666666666667,NA,4.5,3.5,2,3,0,3,2,50,37,13,2,23,27,6.09,6.45945945945946,5.03846153846154,6.5,6.16086956521739,6.02962962962963,6
"16",2004,1,7.25,4,7.25,NA,NA,7,7.33333333333333,4,0,0,1,3,54,41,13,2,24,30,6.17592592592593,6.53658536585366,5.03846153846154,6.5,6.19583333333333,6.16,9
"17",2004,2,5,3,5,NA,NA,5.5,4,3,0,0,2,1,57,44,13,2,26,31,6.1140350877193,6.43181818181818,5.03846153846154,6.5,6.14230769230769,6.09032258064516,10
"18",2004,3,6.11428571428571,7,6.36,5.5,5.5,6.5,5.6,5,2,2,4,3,64,49,15,4,30,34,6.1140625,6.42448979591837,5.1,6,6.19,6.04705882352941,11
"19",2004,4,7,2,7,7,NA,7,NA,1,1,0,2,0,66,50,16,4,32,34,6.14090909090909,6.436,5.21875,6,6.240625,6.04705882352941,12
"20",2004,5,4.2,5,5,3.66666666666667,NA,3,5,2,3,0,2,3,71,52,19,4,34,37,6.00422535211268,6.38076923076923,4.97368421052632,6,6.05,5.96216216216216,13
"21",2004,6,5.72222222222222,9,5.78571428571429,5.5,5,5.1,6.5,7,2,1,5,4,80,59,21,5,39,41,5.9725,6.31016949152542,5.02380952380952,5.8,5.92820512820513,6.01463414634146,14
"22",2004,7,6,3,6,NA,NA,6.5,5,3,0,0,2,1,83,62,21,5,41,42,5.97349397590361,6.29516129032258,5.02380952380952,5.8,5.95609756097561,5.99047619047619,15
"23",2004,8,6.16666666666667,6,6.75,5,3,5.66666666666667,6.66666666666667,4,2,1,3,3,89,66,23,6,44,45,5.98651685393258,6.32272727272727,5.02173913043478,5.33333333333333,5.93636363636364,6.03555555555556,16
"24",2004,9,6.33333333333333,6,7,5,NA,6,6.4,4,2,0,1,5,95,70,25,6,45,50,6.00842105263158,6.36142857142857,5.02,5.33333333333333,5.93777777777778,6.072,17
"25",2004,10,6.46153846153846,13,6.81818181818182,4.5,NA,5.78571428571429,7.25,11,2,0,7,6,108,81,27,6,52,56,6.06296296296296,6.42345679012346,4.98148148148148,5.33333333333333,5.91730769230769,6.19821428571429,18
"26",2004,11,6.75,8,7.66666666666667,4,NA,6.66666666666667,6.8,6,2,0,3,5,116,87,29,6,55,61,6.11034482758621,6.50919540229885,4.91379310344828,5.33333333333333,5.95818181818182,6.24754098360656,19
"27",2004,12,6,6,6.5,5,NA,5.8,7,4,2,0,5,1,122,91,31,6,60,62,6.10491803278688,6.50879120879121,4.91935483870968,5.33333333333333,5.945,6.25967741935484,20
"28",2005,1,7.5,5,7.5,NA,NA,7,7.625,5,0,0,1,4,127,96,31,6,61,66,6.15984251968504,6.56041666666667,4.91935483870968,5.33333333333333,5.96229508196721,6.34242424242424,21
"29",2005,2,7,11,7,NA,NA,6.875,7.07142857142857,11,0,0,4,7,138,107,31,6,65,73,6.2268115942029,6.60560747663551,4.91935483870968,5.33333333333333,6.01846153846154,6.41232876712329,22
"30",2005,3,6,4,6,6,NA,6,6,3,1,0,3,1,142,110,32,6,68,74,6.22042253521127,6.58909090909091,4.953125,5.33333333333333,6.01764705882353,6.40675675675676,23
"31",2005,4,7.35714285714286,7,7.91666666666667,4,NA,6.9,8.5,6,1,0,5,2,149,116,33,6,73,76,6.2738255033557,6.65775862068965,4.92424242424242,5.33333333333333,6.07808219178082,6.46184210526316,24
"32",2005,5,6.79166666666667,12,6.86363636363636,6,NA,6.42857142857143,7.3,11,1,0,7,5,161,127,34,6,80,81,6.31242236024845,6.6755905511811,4.95588235294118,5.33333333333333,6.10875,6.51358024691358,25
"33",2005,6,7,5,6.66666666666667,7.5,NA,7,7,3,2,0,2,3,166,130,36,6,82,84,6.33313253012048,6.67538461538462,5.09722222222222,5.33333333333333,6.13048780487805,6.53095238095238,26
"34",2005,7,5.8,5,5.75,6,6,6,5.66666666666667,4,1,1,2,3,171,134,37,7,84,87,6.31754385964912,6.64776119402985,5.12162162162162,5.42857142857143,6.12738095238095,6.50114942528736,27
"35",2005,8,6.05,10,5.88888888888889,7.5,7.5,6.3,5.8,9,1,1,5,5,181,143,38,8,89,92,6.30276243093923,6.6,5.18421052631579,5.6875,6.13707865168539,6.46304347826087,28
"36",2005,9,6.16666666666667,6,6.4,5,NA,5.5,6.5,5,1,0,2,4,187,148,39,8,91,96,6.29839572192513,6.59324324324324,5.17948717948718,5.6875,6.12307692307692,6.46458333333333,29
"37",2005,10,6.21428571428571,7,7.66666666666667,5.125,NA,8,5.5,3,4,0,2,5,194,151,43,8,93,101,6.29536082474227,6.61456953642384,5.17441860465116,5.6875,6.16344086021505,6.41683168316832,30
"38",2005,11,6.08333333333333,6,6.7,3,NA,5,6.3,5,1,0,1,5,200,156,44,8,94,106,6.289,6.61730769230769,5.125,5.6875,6.15106382978723,6.41132075471698,31
"39",2005,12,6.72727272727273,11,6.72727272727273,NA,NA,7.16666666666667,6.5625,11,0,0,3,8,211,167,44,8,97,114,6.31184834123223,6.62455089820359,5.125,5.6875,6.18247422680412,6.4219298245614,32
"40",2006,1,6.68,10,7.2,2,NA,7.16,6.2,9,1,0,5,5,221,176,45,8,102,119,6.32850678733032,6.65397727272727,5.05555555555556,5.6875,6.23039215686274,6.41260504201681,33
"41",2006,2,5.16666666666667,6,5.33333333333333,5,7,5.25,5,3,3,2,4,2,227,179,48,10,106,121,6.29779735682819,6.63184357541899,5.05208333333333,5.95,6.19339622641509,6.38925619834711,34
"42",2006,3,5,8,5.4,4.33333333333333,5,5.25,4.75,5,3,1,4,4,235,184,51,11,110,125,6.2536170212766,6.59836956521739,5.00980392156863,5.86363636363636,6.15909090909091,6.3368,35
"43",2006,4,7.5,6,8.2,4,4,8,7.4,5,1,1,1,5,241,189,52,12,111,130,6.28464730290456,6.64074074074074,4.99038461538461,5.70833333333333,6.17567567567567,6.37769230769231,36
"44",2006,5,6.625,8,6.625,NA,NA,6.5,6.75,8,0,0,4,4,249,197,52,12,115,134,6.29558232931727,6.64010152284264,4.99038461538461,5.70833333333333,6.18695652173913,6.38880597014925,37
"45",2006,6,6.125,8,6.125,NA,NA,5.66666666666667,6.4,8,0,0,3,5,257,205,52,12,118,139,6.29027237354086,6.62,4.99038461538461,5.70833333333333,6.17372881355932,6.38920863309353,38
"46",2006,7,6.05555555555556,9,5.91666666666667,6.33333333333333,7,6.33333333333333,5.91666666666667,6,3,1,3,6,266,211,55,13,121,145,6.28233082706767,6.6,5.06363636363636,5.80769230769231,6.17768595041322,6.36965517241379,39
"47",2006,8,6.06666666666667,15,6.16666666666667,5.66666666666667,NA,6.27272727272727,5.5,12,3,0,11,4,281,223,58,13,132,149,6.27081850533808,6.57668161434978,5.0948275862069,5.80769230769231,6.18560606060606,6.34630872483222,40
"48",2006,9,5.68181818181818,11,6,5.3,6,5.125,6,6,5,1,4,7,292,229,63,14,136,156,6.2486301369863,6.56157205240175,5.11111111111111,5.82142857142857,6.15441176470588,6.33076923076923,41
"49",2006,10,4.91666666666667,12,5.75,3.25,2,4.2,5.42857142857143,8,4,1,5,7,304,237,67,15,141,163,6.19605263157895,6.53417721518987,5,5.56666666666667,6.08510638297872,6.2920245398773,42
"50",2006,11,6.26923076923077,13,6.59090909090909,4.5,4.5,6.41666666666667,6.14285714285714,11,2,2,6,7,317,248,69,17,147,170,6.19905362776025,6.5366935483871,4.98550724637681,5.44117647058824,6.09863945578231,6.28588235294118,43
"51",2006,12,6.38235294117647,17,6.54166666666667,6,6,6.16666666666667,6.5,12,5,2,6,11,334,260,74,19,153,181,6.20838323353293,6.53692307692308,5.05405405405405,5.5,6.10130718954248,6.29889502762431,44
"52",2007,1,6.59285714285714,14,6.625,6.55,6.33333333333333,6,7.0375,8,6,3,6,8,348,268,80,22,159,189,6.22385057471264,6.53955223880597,5.16625,5.61363636363636,6.09748427672956,6.33015873015873,45
"53",2007,2,6.29166666666667,12,6.15,7,7,6.14285714285714,6.5,10,2,2,7,5,360,278,82,24,166,194,6.22611111111111,6.52553956834532,5.2109756097561,5.72916666666667,6.09939759036145,6.33453608247423,46
"54",2007,3,5.75,8,6.33333333333333,4,NA,6,5.66666666666667,6,2,0,2,6,368,284,84,24,168,200,6.21576086956522,6.52147887323944,5.18214285714286,5.72916666666667,6.09821428571429,6.3145,47
"55",2007,4,6.92857142857143,14,7.36363636363636,5.33333333333333,5,6.5,7.25,11,3,1,6,8,382,295,87,25,174,208,6.24188481675393,6.5528813559322,5.18735632183908,5.7,6.11206896551724,6.35048076923077,48
"56",2007,5,5.5,10,5.42857142857143,5.66666666666667,7,3.9,7.1,7,3,1,5,5,392,302,90,26,179,213,6.22295918367347,6.52682119205298,5.20333333333333,5.75,6.05027932960894,6.36807511737089,49
"57",2007,6,6.54166666666667,12,6.8125,6,NA,5.7,7.14285714285714,8,4,0,5,7,404,310,94,26,184,220,6.23242574257426,6.5341935483871,5.23723404255319,5.75,6.04076086956522,6.39272727272727,50
"58",2007,7,6.05333333333333,15,6.27142857142857,3,NA,5.71428571428571,6.35,14,1,0,7,8,419,324,95,26,191,228,6.22601431980907,6.52283950617284,5.21368421052631,5.75,6.02879581151832,6.39122807017544,51
"59",2007,8,5.84210526315789,19,5.8,6,NA,5.08333333333333,6.19230769230769,15,4,0,6,13,438,339,99,26,197,241,6.20936073059361,6.49085545722714,5.24545454545454,5.75,6,6.3804979253112,52
"60",2007,9,6.61111111111111,18,6.78571428571429,6,7,6.28571428571429,6.81818181818182,14,4,2,7,11,456,353,103,28,204,252,6.22521929824561,6.50254957507082,5.2747572815534,5.83928571428571,6.00980392156863,6.39960317460317,53
"61",2007,10,6.75,12,6.77777777777778,6.66666666666667,6,6,7.5,9,3,1,6,6,468,362,106,29,210,258,6.23867521367521,6.50939226519337,5.31415094339622,5.8448275862069,6.00952380952381,6.42519379844961,54
"62",2007,11,6.01052631578947,19,6.4,5.16666666666667,6,6.8,5.72857142857143,13,6,3,5,14,487,375,112,32,215,272,6.22977412731006,6.5056,5.30625,5.859375,6.02790697674419,6.38933823529412,55
"63",2007,12,6.6,10,6.8125,5.75,NA,6.375,6.75,8,2,0,4,6,497,383,114,32,219,278,6.23722334004024,6.51201044386423,5.3140350877193,5.859375,6.03424657534247,6.39712230215827,56
"64",2008,1,6.6,25,6.76315789473684,6.08333333333333,5.33333333333333,6.61111111111111,6.59375,19,6,3,9,16,522,402,120,35,228,294,6.25459770114943,6.52388059701492,5.3525,5.81428571428571,6.05701754385965,6.4078231292517,57
"65",2008,2,7.2,15,7.2,NA,NA,7.75,7,15,0,0,4,11,537,417,120,35,232,305,6.28100558659218,6.54820143884892,5.3525,5.81428571428571,6.08620689655172,6.42918032786885,58
"66",2008,3,6.23846153846154,13,6.34166666666667,5,NA,5.91666666666667,6.51428571428571,12,1,0,6,7,550,429,121,35,238,312,6.28,6.54242424242424,5.3495867768595,5.81428571428571,6.08193277310924,6.43108974358974,59
"67",2008,4,6.61111111111111,9,7.07142857142857,5,4,5.5,6.92857142857143,7,2,1,2,7,559,436,123,36,240,319,6.28533094812165,6.55091743119266,5.34390243902439,5.76388888888889,6.07708333333333,6.44200626959248,60
"68",2008,5,6.57142857142857,7,7.33333333333333,2,NA,2,7.33333333333333,6,1,0,1,6,566,442,124,36,241,325,6.28886925795053,6.56153846153846,5.31693548387097,5.76388888888889,6.06016597510373,6.45846153846154,61
"69",2008,6,6.73636363636364,11,7,6.03333333333333,NA,7,6.51666666666667,8,3,0,5,6,577,450,127,36,246,331,6.29740034662045,6.56933333333333,5.33385826771653,5.76388888888889,6.07926829268293,6.4595166163142,62
"70",2008,7,5.71111111111111,9,6.68,4.5,4,5.48,6,5,4,1,5,4,586,455,131,37,251,335,6.28839590443686,6.57054945054945,5.30839694656488,5.71621621621622,6.06733067729084,6.45402985074627,63
"71",2008,8,6,7,6.4,5,NA,5.16666666666667,6.625,5,2,0,3,4,593,460,133,37,254,339,6.2849915682968,6.56869565217391,5.30375939849624,5.71621621621622,6.05669291338583,6.45604719764012,64
"72",2008,9,5.71428571428571,14,6.375,4.83333333333333,4.33333333333333,5.4,5.88888888888889,8,6,3,5,9,607,468,139,40,259,348,6.27182866556837,6.56538461538462,5.28345323741007,5.6125,6.04401544401544,6.44137931034483,65
"73",2008,10,7,14,7.2,6.5,6,7,7,10,4,1,2,12,621,478,143,41,261,360,6.28824476650564,6.57866108786611,5.31748251748252,5.62195121951219,6.05134099616858,6.46,66
"74",2008,11,6.44444444444444,9,6.85714285714286,5,5,5.5,6.71428571428571,7,2,2,2,7,630,485,145,43,263,367,6.29047619047619,6.58268041237113,5.31310344827586,5.59302325581395,6.04714828897338,6.46485013623978,67
"75",2008,12,7.44,10,7.925,5.5,7,6.5,7.675,8,2,1,2,8,640,493,147,44,265,375,6.3084375,6.60446247464503,5.3156462585034,5.625,6.05056603773585,6.49066666666667,68
"76",2009,1,5.66666666666667,15,5.88888888888889,5.33333333333333,5.4,5.16666666666667,6,9,6,5,6,9,655,502,153,49,271,384,6.29374045801527,6.59163346613546,5.31633986928104,5.60204081632653,6.0309963099631,6.47916666666667,69
"77",2009,2,6.46111111111111,18,6.93636363636364,5.71428571428571,5.5,6.2,6.56153846153846,11,7,2,5,13,673,513,160,51,276,397,6.29821693907875,6.5990253411306,5.33375,5.59803921568627,6.03405797101449,6.48186397984887,70
"78",2009,3,7.02,25,7,7.1,6,5.875,7.55882352941176,20,5,1,8,17,698,533,165,52,284,414,6.32406876790831,6.6140712945591,5.38727272727273,5.60576923076923,6.02957746478873,6.52608695652174,71
"79",2009,4,5.765625,16,5.9375,5.25,5.5,5.35,5.95454545454545,12,4,2,5,11,714,545,169,54,289,425,6.31155462184874,6.59917431192661,5.38402366863905,5.60185185185185,6.01782006920415,6.51129411764706,72
"80",2009,5,5.7225,20,6.10357142857143,4.83333333333333,4.75,5.80555555555556,5.65454545454545,14,6,4,9,11,734,559,175,58,298,436,6.29550408719346,6.58676207513417,5.36514285714286,5.54310344827586,6.01140939597315,6.48967889908257,73
"81",2009,6,6.56470588235294,17,6.88333333333333,5.8,6.16666666666667,6.66666666666667,6.50909090909091,12,5,3,6,11,751,571,180,61,304,447,6.30159786950732,6.59299474605954,5.37722222222222,5.57377049180328,6.02434210526316,6.49015659955257,74
"82",2009,7,7.54166666666667,12,7.94444444444444,6.33333333333333,7,9.125,6.75,9,3,2,4,8,763,580,183,63,308,455,6.32110091743119,6.61396551724138,5.39289617486339,5.61904761904762,6.06461038961039,6.49472527472527,75
"83",2009,8,7.11111111111111,9,8.2,5.75,5.5,8.5,6.71428571428571,5,4,2,2,7,772,585,187,65,310,462,6.33031088082902,6.62752136752137,5.40053475935829,5.61538461538461,6.08032258064516,6.49805194805195,76
"84",2009,9,5.71428571428571,7,6.2,4.5,4.5,6,5.6,5,2,2,2,5,779,590,189,67,312,467,6.32477535301669,6.62389830508475,5.39100529100529,5.58208955223881,6.07980769230769,6.48843683083512,77
"85",2009,10,5.77777777777778,9,6.75,5,5,6,5.71428571428571,4,5,1,2,7,788,594,194,68,314,474,6.31852791878173,6.62474747474748,5.38092783505154,5.57352941176471,6.07929936305732,6.47700421940928,78
"86",2009,11,6.47142857142857,7,6.7,6.16666666666667,6.25,7,6.38333333333333,4,3,2,1,6,795,598,197,70,315,480,6.31987421383648,6.6252508361204,5.39289340101523,5.59285714285714,6.08222222222222,6.47583333333333,79
"87",2009,12,6.05,12,6.80833333333333,5.29166666666667,5.75,6.15,6,6,6,5,4,8,807,604,203,75,319,488,6.31586121437423,6.62706953642384,5.38990147783251,5.60333333333333,6.08307210031348,6.46803278688525,80
"88",2010,1,6.57692307692308,13,7.1,4.83333333333333,4.83333333333333,5,6.86363636363636,10,3,3,2,11,820,614,206,78,321,499,6.32,6.63477198697068,5.38179611650485,5.57371794871795,6.07632398753894,6.47675350701403,81
"89",2010,2,7.35,10,7.5625,6.5,5,5.75,7.75,8,2,1,2,8,830,622,208,79,323,507,6.33240963855422,6.64670418006431,5.39254807692308,5.56645569620253,6.07430340557275,6.49684418145957,82
"90",2010,3,7,10,7.375,5.5,NA,7.33333333333333,6.85714285714286,8,2,0,3,7,840,630,210,79,326,514,6.34035714285714,6.65595238095238,5.39357142857143,5.56645569620253,6.08588957055215,6.50175097276265,83
"91",2010,4,6.3125,8,6.35714285714286,6,5,6,6.35714285714286,7,1,2,1,7,848,637,211,81,327,521,6.34009433962264,6.65266875981162,5.39644549763033,5.55246913580247,6.08562691131498,6.49980806142035,84
"92",2010,5,6.9375,8,8.16666666666667,6.2,5.75,8,6.78571428571429,3,5,4,1,7,856,640,216,85,328,528,6.34567757009346,6.659765625,5.41504629629629,5.56176470588235,6.09146341463415,6.50359848484849,85
"93",2010,6,6.6875,8,7.2,5.83333333333333,NA,5.66666666666667,7.3,5,3,0,3,5,864,645,219,85,331,533,6.34884259259259,6.66395348837209,5.42077625570776,5.56176470588235,6.08761329305136,6.51106941838649,86
"94",2010,7,7.41111111111111,9,7.52857142857143,7,7,7.66666666666667,7.28333333333333,7,2,2,3,6,873,652,221,87,334,539,6.35979381443299,6.67323619631902,5.43506787330317,5.5948275862069,6.10179640718563,6.51966604823748,87
"95",2010,8,6.88461538461539,13,6.81818181818182,7.25,NA,6.5,6.91666666666667,11,2,0,1,12,886,663,223,87,335,551,6.36749435665914,6.67564102564103,5.45134529147982,5.5948275862069,6.10298507462686,6.52831215970962,88
"96",2010,9,6.65454545454545,11,6.91111111111111,5.5,6,8,6.52,9,2,1,1,10,897,672,225,88,336,561,6.37101449275362,6.67879464285714,5.45177777777778,5.59943181818182,6.10863095238095,6.52816399286987,89
"97",2010,10,6,7,5.7,6.75,NA,7.25,5.5,5,2,0,2,5,904,677,227,88,338,566,6.36814159292035,6.67156573116691,5.46321585903084,5.59943181818182,6.11538461538461,6.5190812720848,90
"98",2010,11,6.8125,8,6.8125,NA,4,6.75,6.83333333333333,8,0,1,2,6,912,685,227,89,340,572,6.37203947368421,6.67321167883212,5.46321585903084,5.5814606741573,6.11911764705882,6.52237762237762,91
"99",2010,12,6.31333333333333,15,6.475,5.66666666666667,7,6,6.67142857142857,12,3,1,8,7,927,697,230,90,348,579,6.37108953613808,6.66979913916786,5.46586956521739,5.59722222222222,6.11637931034483,6.52417962003454,92
"100",2011,1,7.4,10,7.71428571428571,6.66666666666667,9,7.5,7.375,7,3,1,2,8,937,704,233,91,350,587,6.3820704375667,6.68018465909091,5.481330472103,5.63461538461539,6.12428571428571,6.53577512776831,93
"101",2011,2,5.90833333333333,12,7.4,4.41666666666667,7,7.7,5.55,6,6,1,2,10,949,710,239,92,352,597,6.37608008429926,6.6862676056338,5.45460251046025,5.64945652173913,6.13323863636364,6.51926298157454,94
"102",2011,3,6.66908181818182,11,7.05141428571429,6,5.5625,6.8125,6.58712857142857,7,4,4,4,7,960,717,243,96,356,604,6.37943739583333,6.68983249651325,5.46358024691358,5.64583333333333,6.14087078651685,6.52004950331126,95
"103",2011,4,6.37142857142857,7,6.15,6.66666666666667,6.5,6,6.86666666666667,4,3,2,4,3,967,721,246,98,360,607,6.37937942088935,6.68683758668516,5.47825203252032,5.66326530612245,6.13930555555555,6.5217626029654,96
"104",2011,5,6.25,8,6.8,5.33333333333333,5,6,6.33333333333333,5,3,2,2,6,975,726,249,100,362,613,6.37831784615385,6.68761694214876,5.47650602409638,5.65,6.13853591160221,6.51991827079934,97
"105",2011,6,6.59375,16,6.81818181818182,6.1,6,7,6.35,11,5,2,6,10,991,737,254,102,368,623,6.38179606458123,6.68956567164179,5.48877952755905,5.65686274509804,6.15258152173913,6.51719085072231,98
"106",2011,7,6.4375,8,7.33333333333333,5.9,7.75,8.5,6.14285714285714,3,5,2,1,7,999,740,259,104,369,630,6.38224214214214,6.69217554054054,5.49671814671815,5.69711538461539,6.15894308943089,6.51303158730158,99
"107",2011,8,6.53333333333333,12,6.67272727272727,5,5,6.25,6.675,11,1,1,4,8,1011,751,260,105,373,638,6.38403550939664,6.69189067909454,5.49480769230769,5.69047619047619,6.15991957104558,6.51506253918495,100
"108",2011,9,6.66666666666667,12,6.55555555555556,7,5,6,6.8,9,3,1,2,10,1023,760,263,106,375,648,6.38735083088954,6.69027618421053,5.51197718631179,5.68396226415094,6.15906666666667,6.51945972222222,101
"109",2011,10,7.07142857142857,14,7.16666666666667,6.5,7,6.83333333333333,7.13636363636364,12,2,1,3,11,1037,772,265,107,378,659,6.39658621022179,6.69768121761658,5.51943396226415,5.69626168224299,6.16441798941799,6.52975705614567,102
"110",2011,11,6.03571428571429,14,6.15,5.75,6,6,6.0625,10,4,3,6,8,1051,782,269,110,384,667,6.39177916270219,6.69067762148337,5.5228624535316,5.70454545454545,6.16184895833333,6.52415277361319,103
"111",2011,12,5.95833333333333,12,6.05555555555556,5.66666666666667,5.5,5.33333333333333,6.16666666666667,9,3,2,3,9,1063,791,272,112,387,676,6.38688607714017,6.68345120101138,5.52444852941176,5.70089285714286,6.15542635658915,6.51939334319526,104
"112",2012,1,6.46190476190476,21,7.03846153846154,5.525,6,5.875,6.6,13,8,4,4,17,1084,804,280,116,391,693,6.38833939114391,6.68919141791045,5.52446428571428,5.71120689655172,6.15255754475703,6.5213707070707,105
"113",2012,2,5.91666666666667,6,6,5.75,NA,5.875,6,4,2,0,4,2,1090,808,282,116,395,695,6.38574302752294,6.68577957920792,5.52606382978723,5.71120689655172,6.14974683544304,6.51987035971223,106
"114",2012,3,6.38888888888889,9,6.6875,4,NA,6.75,6.1,8,1,0,4,5,1099,816,283,116,399,700,6.38576878980892,6.68579644607843,5.52067137809187,5.71120689655172,6.15576441102757,6.51687128571428,107
"115",2012,4,6.69230769230769,13,6.625,6.8,7,6.5,6.85714285714286,8,5,3,6,7,1112,824,288,119,405,707,6.38935242805755,6.68520618932039,5.54288194444444,5.7436974789916,6.16086419753086,6.52024031117397,108
"116",2012,5,6.81818181818182,11,7,6.5,7,7.5,6.66666666666667,7,4,3,2,9,1123,831,292,122,407,716,6.39355289403384,6.6878578820698,5.55599315068493,5.77459016393443,6.16744471744472,6.52208086592178,109
"117",2012,6,7,17,7.125,6.7,NA,5.875,7.34615384615385,12,5,0,4,13,1140,843,297,122,411,729,6.40259640350877,6.69408054567023,5.57525252525252,5.77459016393443,6.16459854014598,6.53677626886145,110
"118",2012,7,6.193,10,6.375,6.07166666666667,6,5,6.32555555555556,4,6,3,1,9,1150,847,303,125,412,738,6.40077382608696,6.69257367178276,5.58508250825083,5.78,6.16177184466019,6.53420040650406,111
"119",2012,8,6.195,10,6.32142857142857,5.9,NA,NA,6.195,7,3,0,0,10,1160,854,306,125,412,748,6.39899991379311,6.68953149882904,5.58816993464052,5.78,6.16177184466019,6.52966564171123,112
"120",2012,9,7.0875,8,6.6,7.9,8.2,8.2,6.92857142857143,5,3,1,1,7,1168,859,309,126,413,755,6.40371566780822,6.68901036088475,5.61061488673139,5.79920634920635,6.16670702179177,6.53336410596026,113
"121",2012,10,6.45,12,7.73333333333333,5.16666666666667,4.66666666666667,6,6.675,6,6,3,4,8,1180,865,315,129,417,763,6.4041863559322,6.69625421965318,5.60215873015873,5.77286821705426,6.16510791366906,6.5348491480996,114
"122",2012,11,7.5625,8,7.5,8,NA,8,7.5,7,1,0,1,7,1188,872,316,129,418,770,6.41198644781145,6.70270630733945,5.60974683544304,5.77286821705426,6.1694976076555,6.54362324675324,115
"123",2012,12,5.92857142857143,14,7.22222222222222,3.6,3,5.08333333333333,6.5625,9,5,1,6,8,1202,881,321,130,424,778,6.40635599001664,6.70801350737798,5.57844236760124,5.75153846153846,6.15412735849057,6.54381735218509,116
"124",2013,1,7.74705882352941,17,8.05,6.33333333333333,6,7.7,7.75333333333333,14,3,2,2,15,1219,895,324,132,426,793,6.42505324036095,6.72900547486033,5.58543209876543,5.75530303030303,6.16138497652582,6.56669596469104,117
"125",2013,2,6.3,5,7,5.83333333333333,6.75,6.5,6.16666666666667,2,3,2,2,3,1224,897,327,134,428,796,6.42454240196079,6.72960969899665,5.58770642201835,5.77014925373134,6.16296728971963,6.56518831658291,118
"126",2013,3,6.2125,16,6.5,5.84285714285714,3,6.5,6.14615384615385,9,7,1,3,13,1240,906,334,135,431,809,6.42180637096774,6.72732880794702,5.59305389221557,5.74962962962963,6.165313225058,6.55845475896168,119
"127",2013,4,6.58461538461538,13,6.63333333333333,6,4.5,6.16666666666667,6.71,12,1,2,3,10,1253,918,335,137,434,819,6.42349553072626,6.72610010893246,5.59426865671642,5.73138686131387,6.16532258064516,6.56030512820513,120
"128",2013,5,6.68181818181818,11,7.0625,5.66666666666667,7,7,6.65,8,3,2,1,10,1264,926,338,139,435,829,6.42574359177215,6.72900637149028,5.59491124260355,5.74964028776978,6.16724137931034,6.56138709288299,121
"129",2013,6,6.8,15,6.61538461538461,8,9,7,6.75,13,2,1,3,12,1279,939,340,140,438,841,6.43013283815481,6.72743333333333,5.60905882352941,5.77285714285714,6.17294520547945,6.56407835909631,122
"130",2013,7,6.64285714285714,14,7,5.33333333333333,6,6.8,6.55555555555556,11,3,2,5,9,1293,950,343,142,443,850,6.43243611755607,6.73058936842105,5.6066472303207,5.77605633802817,6.18002257336343,6.56398811764706,123
"131",2013,8,6.26666666666667,15,6.66363636363636,5.175,4,5.5,6.38461538461539,11,4,1,2,13,1308,961,347,143,445,863,6.43053509174312,6.72982299687825,5.60167146974063,5.76363636363636,6.17696629213483,6.56128609501738,124
"132",2013,9,5.92307692307692,13,6.25,5.4,4,6.25,5.77777777777778,8,5,2,4,9,1321,969,352,145,449,872,6.42554118092354,6.72586160990712,5.59880681818181,5.73931034482759,6.17761692650334,6.5531994266055,125
"133",2013,10,7.36923076923077,13,7.4,7.26666666666667,8,7.83333333333333,6.97142857142857,10,3,1,6,7,1334,979,355,146,455,879,6.43473755622189,6.73274759959142,5.6129014084507,5.75479452054795,6.19945054945055,6.55653003412969,126
"134",2013,11,6.41666666666667,18,6.96153846153846,5,5.5,5,6.5,13,5,2,1,17,1352,992,360,148,456,896,6.43449696745562,6.73574586693548,5.60438888888888,5.75135135135135,6.1968201754386,6.55545747767857,127
"135",2013,12,5.86666666666667,12,6.64285714285714,4.78,6.5,6.75,5.69,7,5,2,2,10,1364,999,365,150,458,906,6.42950139296188,6.73509499499499,5.59309589041095,5.76133333333333,6.19923580786026,6.54590496688741,128
"136",2014,1,6.59307692307692,13,6.85666666666667,6,5,7.01,6.55833333333333,9,4,1,1,12,1377,1008,369,151,459,918,6.43104567901235,6.73618045634921,5.59750677506775,5.75629139072848,6.20100217864924,6.5460674291939,129
"137",2014,2,6.85,15,6.775,7,7.33333333333333,6,7.0625,10,5,3,3,12,1392,1018,374,154,462,930,6.43556027298851,6.73656178781925,5.61625668449198,5.78701298701299,6.19969696969697,6.55273107526881,130
"138",2014,3,7.11304347826087,23,7.31111111111111,6.4,6.25,7.25,7.06470588235294,18,5,2,6,17,1415,1036,379,156,468,947,6.44657236749117,6.74654430501931,5.6265963060686,5.79294871794872,6.21316239316239,6.5619217529039,131
"139",2014,4,6.27777777777778,18,6.86363636363636,5.35714285714286,5.25,6.91666666666667,5.95833333333333,11,7,4,6,12,1433,1047,386,160,474,959,6.44445212840195,6.74777449856733,5.62170984455958,5.779375,6.22206751054852,6.55436903023983,132
"140",2014,5,6.42105263157895,19,6.38461538461539,6.5,5,6.6,6.35714285714286,13,6,2,5,14,1452,1060,392,162,479,973,6.44414593663912,6.74332066037736,5.63515306122449,5.76975308641975,6.22601252609603,6.55153124357656,133
"141",2014,6,7.16666666666667,9,7.28571428571429,6.75,NA,9,6.9375,7,2,0,1,8,1461,1067,394,162,480,981,6.44859678302533,6.74687900656045,5.64081218274111,5.76975308641975,6.23179166666667,6.55467879714577,134
"142",2014,7,6.82777777777778,18,7.37692307692308,5.4,4,7.25,6.775,13,5,1,2,16,1479,1080,399,163,482,997,6.45321156186613,6.75446287037037,5.63779448621554,5.75889570552147,6.23601659751037,6.55821454363089,135
"143",2014,8,6.32615384615385,13,6.9375,5.348,6,6.33333333333333,6.324,8,5,2,3,10,1492,1088,404,165,485,1007,6.45210449061662,6.75580873161765,5.63420792079208,5.76181818181818,6.23661855670103,6.55588867924528,136
"144",2014,9,5.92857142857143,14,6.83333333333333,5.25,5.66666666666667,6.4,5.66666666666667,6,8,3,5,9,1506,1094,412,168,490,1016,6.44723764940239,6.75623391224863,5.62674757281553,5.76011904761905,6.23828571428571,6.54801171259842,137
"145",2014,10,7.3375,8,7.66666666666667,6.35,NA,7.5,7.28333333333333,6,2,0,2,6,1514,1100,414,168,492,1022,6.45194180977543,6.76119990909091,5.63024154589372,5.76011904761905,6.24341463414634,6.55232866927593,138
"146",2014,11,6.7,15,7,5.5,6,5.5,6.88461538461539,12,3,1,2,13,1529,1112,417,169,494,1035,6.45437534336167,6.76377688848921,5.62930455635491,5.76153846153846,6.24040485829959,6.55650231884058,139
"147",2014,12,7.375,8,7.6,7,7,4,7.85714285714286,5,3,1,1,7,1537,1117,420,170,495,1042,6.4591671437866,6.76752005371531,5.63909523809523,5.76882352941177,6.23587878787879,6.56523982725527,140
"148",2015,1,6.2875,16,6.46,6,6,5.9,6.41666666666667,10,6,4,4,12,1553,1127,426,174,499,1054,6.45739851899549,6.76479139307897,5.64417840375586,5.77413793103448,6.23318637274549,6.56354829222011,141
"149",2015,2,6.83333333333333,9,7.21428571428571,5.5,6,10,6.4375,7,2,1,1,8,1562,1134,428,175,500,1062,6.45956459667094,6.76756604938272,5.64350467289719,5.77542857142857,6.24072,6.56259877589454,142
"150",2015,3,6.88888888888889,18,6.8125,7.5,8,6.5,6.9375,16,2,1,2,16,1580,1150,430,176,502,1078,6.46445563291139,6.76819121739131,5.65213953488372,5.78806818181818,6.24175298804781,6.56816317254174,143
"151",2015,4,5.625,8,6.08333333333333,4.25,5,5.66666666666667,5.6,6,2,1,3,5,1588,1156,432,177,505,1083,6.4602266372796,6.7646365916955,5.64564814814814,5.78361581920904,6.23833663366337,6.56369335180055,144
"152",2015,5,7.625,8,7.625,NA,NA,NA,7.625,8,0,0,0,8,1596,1164,432,177,505,1091,6.46606510025063,6.77054974226804,5.64564814814814,5.78361581920904,6.23833663366337,6.57147561869844,145
"153",2015,6,6.54705882352941,17,6.63846153846154,6.25,8,5.5,6.86923076923077,13,4,1,4,13,1613,1177,436,178,509,1104,6.46691872287663,6.76909082412914,5.65119266055045,5.79606741573034,6.23253438113949,6.57498179347826,146
"154",2015,7,6.65,10,6.83333333333333,5,5,5.625,7.33333333333333,9,1,1,4,6,1623,1186,437,179,513,1110,6.46804676524954,6.76957833052277,5.64970251716247,5.79162011173185,6.22779727095516,6.57908099099099,147
"155",2015,8,6.45,10,6.6875,5.5,5,7,6.3125,8,2,1,2,8,1633,1194,439,180,515,1118,6.46793625229639,6.7690283919598,5.64902050113895,5.78722222222222,6.23079611650485,6.57717343470483,148
"156",2015,9,5.75,16,6,5.2,4.66666666666667,6,5.66666666666667,11,5,3,4,12,1649,1205,444,183,519,1130,6.46097022437841,6.76200821576764,5.64396396396396,5.76885245901639,6.22901734104046,6.56750433628318,149
"157",2015,10,6,5,7,5.75,7.5,7,5.75,1,4,2,1,4,1654,1206,448,185,520,1134,6.45957672309553,6.76220555555556,5.64491071428571,5.78756756756757,6.2305,6.56462072310405,150
"158",2015,11,6.97142857142857,14,7.375,6.43333333333333,5.5,8.5,6.71666666666667,8,6,4,2,12,1668,1214,454,189,522,1146,6.46387284172662,6.76624373970346,5.65533039647577,5.78148148148148,6.23919540229885,6.56621282722513,151
"159",2015,12,6.50909090909091,11,6.47777777777778,6.65,6.65,6.66666666666667,6.45,9,2,2,3,8,1679,1223,456,191,525,1154,6.4641690887433,6.7641209321341,5.65969298245614,5.79057591623037,6.24163809523809,6.56540719237435,152
"160",2016,1,7.55555555555556,9,7.55555555555556,NA,NA,7.5,7.5625,9,0,0,1,8,1688,1232,456,191,526,1162,6.46998809241706,6.76990251623377,5.65969298245614,5.79057591623037,6.24403041825095,6.57227185886403,153
"161",2016,2,7,6,7.25,6.5,NA,8,6.8,4,2,0,1,5,1694,1236,458,191,527,1167,6.47186534828808,6.77145622977346,5.66336244541484,5.79057591623037,6.2473624288425,6.57324755784062,154
"162",2016,3,7,8,8.66666666666667,6,6.75,NA,7,3,5,4,0,8,1702,1239,463,195,527,1175,6.47434776733255,6.77604511702986,5.66699784017278,5.81025641025641,6.2473624288425,6.57615310638298,155
"163",2016,4,5.94444444444444,9,6.75,4.33333333333333,4,3,6.3125,6,3,2,1,8,1711,1245,466,197,528,1183,6.47156043249562,6.77591959839358,5.65841201716738,5.79187817258883,6.24121212121212,6.57437016060862,156
"164",2016,5,7.81818181818182,11,7.9,7,NA,8.5,7.42857142857143,10,1,0,4,7,1722,1255,467,197,532,1190,6.48016254355401,6.78487641434263,5.66128479657387,5.79187817258883,6.2581954887218,6.57939487394958,157
"165",2016,6,6.55,18,6.99285714285714,5,4,5,6.64117647058824,14,4,2,1,17,1740,1269,471,199,533,1207,6.480885,6.78717092198582,5.65566878980891,5.77386934673367,6.25583489681051,6.58026503728252,158
"166",2016,7,6.50666666666667,15,6.86,5.8,5.5,6.68333333333333,6.38888888888889,10,5,2,6,9,1755,1279,476,201,539,1216,6.48110535612536,6.78774034401877,5.65718487394958,5.77114427860697,6.26059369202226,6.57884860197368,159
"167",2016,8,6.89545454545455,11,7.09444444444444,6,5,8,6.785,9,2,1,1,10,1766,1288,478,202,540,1226,6.4836862400906,6.78988346273292,5.65861924686192,5.76732673267327,6.26381481481481,6.58053009787928,160
"168",2016,9,7.22727272727273,11,7.85714285714286,6.125,5.5,6.66666666666667,7.4375,7,4,2,3,8,1777,1295,482,204,543,1234,6.48828919527293,6.79565243243244,5.66248962655601,5.76470588235294,6.26604051565377,6.5860858184765,161
"169",2016,10,5.69736842105263,19,6.02272727272727,5.25,4.83333333333333,4.75,6.13461538461539,11,8,6,6,13,1796,1306,490,210,549,1247,6.47992199331849,6.78914234303216,5.65575510204081,5.73809523809524,6.24947176684882,6.58137923015236,162
"170",2016,11,6.7,20,7.30769230769231,5.57142857142857,5.5,7.4,6.46666666666667,13,7,4,5,15,1816,1319,497,214,554,1262,6.48234575991189,6.79425314632297,5.65456740442656,5.73364485981309,6.25985559566787,6.58001576862123,163
"171",2016,12,6.86666666666667,15,7.15384615384615,5,7,NA,6.86666666666667,13,2,1,0,15,1831,1332,499,215,554,1277,6.48549421081376,6.79776268768769,5.65194388777555,5.73953488372093,6.25985559566787,6.5833828504307,164
"172",2017,1,6.52380952380952,21,7.1,5.08333333333333,4.5,6.33333333333333,6.55555555555556,15,6,2,3,18,1852,1347,505,217,557,1295,6.48592867170626,6.801128359317,5.64518811881188,5.72811059907834,6.2602513464991,6.58299606177606,165
"173",2017,2,6.85,10,7.27777777777778,3,NA,7.75,6.25,9,1,0,4,6,1862,1356,506,217,561,1301,6.48788394199785,6.80429196165192,5.6399604743083,5.72811059907834,6.2708734402852,6.58146033820138,166
"174",2017,3,5.6,10,6.14285714285714,4.33333333333333,4.33333333333333,NA,5.6,7,3,3,0,10,1872,1363,509,220,561,1311,6.48314097222222,6.80089501100514,5.63225933202357,5.70909090909091,6.2708734402852,6.57397398932113,167
"175",2017,4,6.21666666666667,12,6.26,6,NA,5.83333333333333,6.34444444444444,10,2,0,3,9,1884,1373,511,220,564,1320,6.48144368365181,6.7969554989075,5.63369863013698,5.70909090909091,6.26854609929078,6.57240901515151,168
"176",2017,5,6.75,14,6.875,6,6,6.33333333333333,6.86363636363636,12,2,1,3,11,1898,1385,513,221,567,1331,6.48342460484721,6.7976316967509,5.63512670565302,5.71040723981901,6.26888888888889,6.5748158527423,169
"177",2017,6,6.375,4,7.5,5.25,7.5,7.5,5.25,2,2,1,2,2,1902,1387,515,222,569,1333,6.48319658254469,6.79864448449892,5.63363106796116,5.71846846846847,6.27321616871705,6.57282813203301,170
"178",2017,7,7.1,5,7.66666666666667,6.25,5,7,7.16666666666667,3,2,1,2,3,1907,1390,517,223,571,1336,6.48481379129523,6.80051791366907,5.63601547388781,5.7152466367713,6.27576182136602,6.57416160179641,171
"179",2017,8,6.44444444444444,9,7.25,5.8,5.33333333333333,6,6.57142857142857,4,5,3,2,7,1916,1394,522,226,573,1343,6.48462416492693,6.80180767575323,5.63758620689655,5.71017699115044,6.27479930191972,6.57414735666418,172
"180",2017,9,6.890625,16,7.1875,6,7,6.625,6.97916666666667,12,4,1,4,12,1932,1406,526,227,577,1355,6.48798649068323,6.80509950213372,5.64034220532319,5.715859030837,6.27722703639515,6.57773424354243,173
"181",2017,10,6.33076923076923,13,7.0375,5.2,5.33333333333333,5.5,6.48181818181818,8,5,3,2,11,1945,1414,531,230,579,1366,6.48693568123393,6.80641435643565,5.63619585687382,5.71086956521739,6.27454231433506,6.57696185944363,174
"182",2017,11,7.0375,8,7.125,6.95,7.5,8,6.9,4,4,2,1,7,1953,1418,535,232,580,1373,6.48919093701997,6.80731304654443,5.64601869158878,5.72629310344828,6.27751724137931,6.57860881281864,175
"183",2017,12,6.375,12,6.64285714285714,6,6.33333333333333,6.75,6.1875,7,5,3,4,8,1965,1425,540,235,584,1381,6.48849358778626,6.80650519298246,5.64929629629629,5.73404255319149,6.28075342465753,6.57634315713251,176
"184",2018,1,6.55,14,6.97272727272727,5,8.2,6.16666666666667,6.65454545454545,11,3,1,3,11,1979,1436,543,236,587,1392,6.48892870136433,6.80777848189415,5.64570902394107,5.74449152542373,6.28017035775128,6.57696113505747,177
"185",2018,2,6.58461538461538,13,6.825,6.2,6,7.5,6.41818181818182,8,5,2,2,11,1992,1444,548,238,589,1403,6.4895531626506,6.80787389196676,5.65076642335766,5.74663865546219,6.28431239388795,6.57571625089095,178
"186",2018,3,6.85,10,6.83333333333333,7,7,5.66666666666667,7.35714285714286,9,1,1,3,7,2002,1453,549,239,592,1410,6.4913535964036,6.80803158981418,5.65322404371584,5.75188284518829,6.28118243243243,6.57959567375886,179
"187",2018,4,7.32857142857143,14,7.3875,7.25,NA,9,7.2,8,6,0,1,13,2016,1461,555,239,593,1423,6.49716760912698,6.81120458590007,5.67048648648648,5.75188284518829,6.28576728499157,6.58526345748419,180
"188",2018,5,7.55555555555556,9,7.42857142857143,8,NA,10,7.25,7,2,0,1,8,2025,1468,557,239,594,1431,6.50187155555556,6.81414843324251,5.67885098743267,5.75188284518829,6.2920202020202,6.58897966457023,181
"189",2018,6,6.98181818181818,11,7.92857142857143,5.325,5.83333333333333,8.5,6.83,7,4,3,1,10,2036,1475,561,242,595,1441,6.50446458742633,6.81943722033899,5.67632798573975,5.75289256198347,6.29573109243698,6.59065225537821,182
"190",2018,7,5.625,4,6.5,3,NA,6,5.5,3,1,0,1,3,2040,1478,562,242,596,1444,6.50274014705882,6.81878883626523,5.67156583629893,5.75289256198347,6.29523489932886,6.58838635734072,183
"191",2018,8,6.55555555555556,9,6.75,5,NA,NA,6.55555555555556,8,1,0,0,9,2049,1486,563,242,596,1453,6.50297213274768,6.81841850605653,5.6703730017762,5.75289256198347,6.29523489932886,6.58818300068823,184
"192",2018,9,7.71428571428571,7,7.66666666666667,7.75,NA,4,8.33333333333333,3,4,0,1,6,2056,1489,567,242,597,1459,6.50709625486381,6.82012753525857,5.68504409171076,5.75289256198347,6.29139028475712,6.59535976696367,185
"193",2018,10,6.6,15,6.76923076923077,5.5,4,5.5,6.76923076923077,13,2,1,2,13,2071,1502,569,243,599,1472,6.50776914534042,6.81968701731026,5.68439367311072,5.74567901234568,6.28874791318865,6.5968953125,186
"194",2018,11,5.9,10,7,4.8,4.75,5.75,6,5,5,4,4,6,2081,1507,574,247,603,1478,6.5048485824123,6.82028526874586,5.67668989547038,5.72955465587045,6.28517412935324,6.59447219215155,187
"195",2018,12,4.91666666666667,6,5.125,4.5,NA,3,5.875,4,2,0,2,4,2087,1511,576,247,605,1482,6.50028265452803,6.81579741892787,5.67260416666666,5.72955465587045,6.27431404958678,6.59253029689609,188
"196",2019,1,7.05,10,7.4375,5.5,5,5,7.27777777777778,8,2,1,1,9,2097,1519,578,248,606,1491,6.50290410109681,6.81907169190257,5.67200692041522,5.72661290322581,6.27221122112211,6.59666659959758,189
"197",2019,2,6.25,4,6.25,NA,NA,5,6.66666666666667,4,0,0,1,3,2101,1523,578,248,607,1494,6.50242260828177,6.81757708470125,5.67200692041522,5.72661290322581,6.27011532125206,6.59680716198126,190
"198",2019,3,6,6,6.5,5.75,2,2,6.8,2,4,1,1,5,2107,1525,582,249,608,1499,6.50099188419554,6.81716059016394,5.67254295532646,5.71164658634538,6.26309210526316,6.59748492328219,191
"199",2019,4,6.15833333333333,12,6.675,5.125,3,NA,6.15833333333333,8,4,1,0,12,2119,1533,586,250,608,1511,6.49905139216612,6.81641872146119,5.66880546075085,5.7008,6.26309210526316,6.59399728656519,192
"200",2019,5,6,7,6.2,5.5,6,2,6.66666666666667,5,2,1,1,6,2126,1538,588,251,609,1517,6.49740823142051,6.81441475942783,5.668231292517,5.70199203187251,6.25609195402299,6.59428470665788,193
"201",2019,6,6.16666666666667,9,6.42857142857143,5.25,4,4.66666666666667,6.91666666666667,7,2,1,3,6,2135,1545,590,252,612,1523,6.49601400468384,6.81266660194175,5.66681355932203,5.6952380952381,6.24830065359477,6.59555476034143,194
"202",2019,7,5.33333333333333,3,5.33333333333333,NA,NA,5,5.5,3,0,0,1,2,2138,1548,590,252,613,1525,6.49438255378859,6.80979967700259,5.66681355932203,5.6952380952381,6.24626427406199,6.59411796721311,195
"203",2019,8,7.07,10,6.67142857142857,8,NA,7.35,7,7,3,0,2,8,2148,1555,593,252,615,1533,6.49706233705773,6.80917678456592,5.67861720067453,5.6952380952381,6.24985365853659,6.59623607305936,196
"204",2019,9,6.33333333333333,9,7,1,NA,5,6.5,8,1,0,1,8,2157,1563,594,252,616,1541,6.49637918405192,6.8101534868842,5.67074074074074,5.6952380952381,6.24782467532468,6.59573646982479,197
"205",2019,10,6.5625,8,6.64285714285714,6,NA,NA,6.5625,7,1,0,0,8,2165,1570,595,252,616,1549,6.49662351039261,6.80940757961784,5.67129411764706,5.6952380952381,6.24782467532468,6.59556481601033,198
"206",2019,11,6.14285714285714,7,6.75,5.33333333333333,5,NA,6.14285714285714,4,3,2,0,7,2172,1574,598,254,616,1556,6.49548337937385,6.80925660736976,5.66959866220736,5.68976377952756,6.24782467532468,6.59352821336761,199
"207",2019,12,6.8,10,7,6,8,7,6.75,8,2,1,2,8,2182,1582,600,255,618,1564,6.49687896425298,6.81022117572693,5.6707,5.69882352941177,6.25025889967638,6.59432858056266,200
"208",2020,1,6.54761904761905,21,6.84375,5.6,NA,7.33333333333333,6.41666666666667,16,5,0,3,18,2203,1598,605,255,621,1582,6.49736264185202,6.81055688360451,5.67011570247934,5.69882352941177,6.25549114331723,6.59230714285714,201
"209",2020,2,7.08333333333333,12,7.75,5.75,6.33333333333333,7.3,6.92857142857143,8,4,3,5,7,2215,1606,609,258,626,1589,6.50053720090293,6.81523655043587,5.67064039408867,5.7062015503876,6.2638338658147,6.59378848332284,202
"210",2020,3,7.5,10,7.78571428571429,6.83333333333333,NA,7,7.55555555555556,7,3,0,1,9,2225,1613,612,258,627,1598,6.50502916853933,6.81944817110974,5.67633986928104,5.7062015503876,6.26500797448166,6.59920519399249,203
"211",2020,4,6.1,10,6.71428571428571,4.66666666666667,4.5,8,5.88888888888889,7,3,2,1,9,2235,1620,615,260,628,1607,6.50321695749441,6.8189937654321,5.67141463414634,5.69692307692308,6.26777070063694,6.5952270690728,204
"212",2020,5,6.61111111111111,9,6.75,6.33333333333333,NA,8,6.21428571428571,6,3,0,2,7,2244,1626,618,260,630,1614,6.50364968805704,6.81873917589176,5.67462783171521,5.69692307692308,6.27326984126984,6.5935749070632,205
"213",2020,6,6.83333333333333,12,7.25,6,6.5,5.5,7.1,8,4,2,2,10,2256,1634,622,262,632,1624,6.50540332446809,6.82085061199511,5.67672025723473,5.70305343511451,6.27082278481013,6.59669328817734,206
"214",2020,7,6,9,5.66666666666667,6.16666666666667,6.2,6.33333333333333,5.83333333333333,3,6,5,3,6,2265,1637,628,267,635,1630,6.50339509933775,6.81873543066586,5.68140127388535,5.7123595505618,6.27111811023622,6.59388337423313,207
"215",2020,8,5.98333333333333,6,6.3,5.66666666666667,6,7,5.78,3,3,1,1,5,2271,1640,631,268,636,1635,6.50202109202994,6.81778652439025,5.68133122028526,5.7134328358209,6.2722641509434,6.59139443425076,208
"216",2020,9,6.58333333333333,12,6.5,6.75,6.5,6.5,6.6,8,4,2,2,10,2283,1648,635,270,638,1645,6.50244848883049,6.81624387135923,5.68806299212598,5.71925925925926,6.27297805642633,6.59144674772036,209
"217",2020,10,6.25,6,7.125,4.5,4,6.5,6.2,4,2,1,1,5,2289,1652,637,271,639,1650,6.50178676277851,6.81699146489104,5.68433281004709,5.71291512915129,6.27333333333333,6.59026054545454,210
"218",2020,11,6.3125,8,7.08333333333333,4,NA,NA,6.3125,6,2,0,0,8,2297,1658,639,271,639,1658,6.50112751414889,6.81795530759952,5.67906103286385,5.71291512915129,6.27333333333333,6.58892032569361,211
"219",2020,12,6.84090909090909,11,6.72222222222222,7.375,NA,6.25,6.97222222222222,9,2,0,2,9,2308,1667,641,271,641,1667,6.5027469237435,6.81743845230954,5.68435257410296,5.71291512915129,6.27326053042122,6.59098974205159,212
"220",2021,1,5.8,5,5.66666666666667,6,NA,6.33333333333333,5,3,2,0,3,2,2313,1670,643,271,644,1669,6.50122779939473,6.81537119760479,5.68533437013997,5.71291512915129,6.27354037267081,6.58908322348712,213
"221",2021,2,7.2,10,7.375,6.5,7,9,7,8,2,1,1,9,2323,1678,645,272,645,1678,6.50423585880327,6.81803927294398,5.68786046511628,5.71764705882353,6.27776744186047,6.59128718712753,214
"222",2021,3,6.66666666666667,9,7.2,6,5,7,6.625,5,4,2,1,8,2332,1683,649,274,646,1686,6.50486273584906,6.81917403446227,5.6897842835131,5.71240875912409,6.27888544891641,6.59144715302491,215
"223",2021,4,8.5,7,8.5,NA,NA,7.5,9.25,7,0,0,3,4,2339,1690,649,274,649,1690,6.51083364685763,6.82613603550296,5.6897842835131,5.71240875912409,6.28453004622496,6.59773958579881,216
"224",2021,5,6.65,4,6.16666666666667,8.1,8.1,NA,6.65,3,1,1,0,4,2343,1693,650,275,649,1694,6.51107123346137,6.82496745422327,5.69349230769231,5.72109090909091,6.28453004622496,6.59786298701299,217
"225",2021,6,5.55555555555556,9,6,5,5,4,6,5,4,2,2,7,2352,1698,654,277,651,1701,6.50741492346939,6.82253822143699,5.68925076452599,5.7158844765343,6.27751152073733,6.59540264550264,218
"226",2021,7,6,4,7,5,5,6,6,2,2,1,1,3,2356,1700,656,278,652,1704,6.50655343803056,6.822747,5.6871493902439,5.71330935251799,6.27708588957055,6.59435440140845,219
"227",2021,8,7.25,6,7.25,NA,NA,NA,7.25,6,0,0,0,6,2362,1706,656,278,652,1710,6.50844195596952,6.82424964830012,5.6871493902439,5.71330935251799,6.27708588957055,6.5966549122807,220
"228",2021,9,5.25,8,5.4,5,NA,4,5.66666666666667,5,3,0,2,6,2370,1711,659,278,654,1716,6.50419405063291,6.82008760958504,5.68402124430956,5.71330935251799,6.27012232415902,6.5934032051282,221
"229",2021,10,5.72222222222222,9,5.64285714285714,6,6,4.5,6.33333333333333,7,2,1,3,6,2379,1718,661,279,657,1722,6.50123577133249,6.81529097788126,5.68497730711044,5.71433691756273,6.2620395738204,6.59249703832752,222
"230",2021,11,6.5,12,6.66666666666667,6.33333333333333,NA,6.33333333333333,6.55555555555556,6,6,0,3,9,2391,1724,667,279,660,1731,6.5012295692179,6.81477372389791,5.6908095952024,5.71433691756273,6.26236363636364,6.59230496822646,223
"231",2021,12,6.08333333333333,6,6.125,6,5,7,5.9,4,2,1,1,5,2397,1728,669,280,661,1736,6.500183521068,6.81317702546297,5.69173393124066,5.71178571428572,6.26347957639939,6.59031100230415,224
"232",2022,1,6.30769230769231,13,6.75,5.92857142857143,6.33333333333333,7,6.25,6,7,3,1,12,2410,1734,676,283,662,1748,6.49914518672199,6.81295841983853,5.69418639053254,5.71837455830389,6.26459214501511,6.58797477116705,225
"233",2022,2,5.6,5,5.66666666666667,5.5,4,3,7.33333333333333,3,2,1,2,3,2415,1737,678,284,664,1751,6.49728360248447,6.81097864133564,5.69361356932153,5.71232394366197,6.25475903614458,6.58925179897201,226
"234",2022,3,7.31818181818182,11,7.25,7.4,6,10,7.05,6,5,1,1,10,2426,1743,683,285,665,1761,6.50100572959604,6.81248990246701,5.70610541727672,5.71333333333333,6.26039097744361,6.59186819988643,227
"235",2022,4,7.5,4,8,6,6,NA,7.5,3,1,1,0,4,2430,1746,684,286,665,1765,6.50265016460905,6.8145302978236,5.7065350877193,5.71433566433567,6.26039097744361,6.59392628895184,228
"236",2022,5,5,5,8,3,3.5,5,5,2,3,2,1,4,2435,1748,687,288,666,1769,6.49956464065708,6.81588667048055,5.69471615720524,5.69895833333333,6.2584984984985,6.5903221594121,229
"237",2022,6,7.5,8,7.5,NA,NA,9,7.28571428571429,8,0,0,1,7,2443,1756,687,288,667,1776,6.50284072861236,6.81900335990889,5.69471615720524,5.69895833333333,6.26260869565217,6.59306300675676,230
"238",2022,7,6,4,4,6.66666666666667,NA,NA,6,1,3,0,0,4,2447,1757,690,288,667,1780,6.50201875766244,6.81739891861127,5.69894202898551,5.69895833333333,6.26260869565217,6.59173028089887,231
"239",2022,8,8.1,6,8.66666666666667,7.53333333333333,7,NA,8.1,3,3,1,0,6,2453,1760,693,289,667,1786,6.5059273950265,6.82055107954546,5.70688311688312,5.70346020761246,6.26260869565217,6.59679725643897,232
"240",2022,10,7.3875,8,8.22,6,NA,6,7.58571428571429,5,3,0,1,7,2461,1765,696,289,668,1793,6.50879313287281,6.82451552407932,5.70814655172414,5.70346020761246,6.26221556886227,6.60065805911879,234
"241",2022,11,6.25,12,6.16666666666667,6.33333333333333,5.5,7,6.18181818181818,6,6,2,1,11,2473,1771,702,291,669,1804,6.50753736352608,6.82228678712592,5.71349002849003,5.7020618556701,6.26331838565022,6.59810415742794,235
"242",2022,12,6.18181818181818,11,6.5,5.8,6,NA,6.18181818181818,6,5,1,0,11,2484,1777,707,292,669,1815,6.50609496779388,6.8211985931345,5.7141018387553,5.70308219178082,6.26331838565022,6.59558121212121,236
