"","year","month","avg_rating","no_ratings","avg_rating_owned","avg_rating_not_owned","avg_rating_prev_owned","avg_rating_comment","avg_rating_no_comment","no_ratings_owned","no_ratings_not_owned","no_ratings_prev_owned","no_ratings_comment","no_ratings_no_comment","cum_no_ratings","cum_no_ratings_owned","cum_no_ratings_not_owned","cum_no_ratings_prev_owned","cum_no_ratings_comment","cum_no_ratings_no_comment","cum_avg_rating","cum_avg_rating_owned","cum_avg_rating_not_owned","cum_avg_rating_prev_owned","cum_avg_rating_comment","cum_avg_rating_no_comment","month_after_release"
"1",2008,3,6.66666666666667,3,7,6.5,NA,7,6.5,1,2,0,1,2,3,1,2,0,1,2,6.66666666666667,7,6.5,NA,7,6.5,0
"2",2008,4,6.26470588235294,17,6.16666666666667,6.31818181818182,NA,5.75,6.42307692307692,6,11,0,4,13,20,7,13,0,5,15,6.325,6.28571428571429,6.34615384615385,NA,6,6.43333333333333,1
"3",2008,5,6.55,10,7.58333333333333,5,NA,6.83333333333333,6.42857142857143,6,4,0,3,7,30,13,17,0,8,22,6.4,6.88461538461539,6.02941176470588,NA,6.3125,6.43181818181818,2
"4",2008,6,5.66666666666667,18,7.4,5,7,5.35,6.0625,5,13,1,10,8,48,18,30,1,18,30,6.125,7.02777777777778,5.58333333333333,7,5.77777777777778,6.33333333333333,3
"5",2008,7,6.09444444444444,36,6.76923076923077,5.71304347826087,8,5.99285714285714,6.15909090909091,13,23,1,14,22,84,31,53,2,32,52,6.11190476190476,6.91935483870968,5.63962264150943,7.5,5.871875,6.25961538461539,4
"6",2008,8,6.25263157894737,19,7.125,5.61818181818182,NA,5.28571428571429,6.81666666666667,8,11,0,7,12,103,39,64,2,39,64,6.1378640776699,6.96153846153846,5.6359375,7.5,5.76666666666667,6.3640625,5
"7",2008,9,6.73529411764706,17,6.82222222222222,6.6375,7.1,7,6.59090909090909,9,8,1,6,11,120,48,72,3,45,75,6.2225,6.93541666666667,5.74722222222222,7.36666666666667,5.93111111111111,6.39733333333333,6
"8",2008,10,6.80526315789474,38,6.90476190476191,6.68235294117647,8.03333333333333,6.93333333333333,6.72173913043478,21,17,3,15,23,158,69,89,6,60,98,6.3626582278481,6.92608695652174,5.92584269662921,7.7,6.18166666666667,6.4734693877551,7
"9",2008,11,6.46865671641791,67,7.42083333333333,5.93720930232558,7.4,6.452,6.47857142857143,24,43,2,25,42,225,93,132,8,85,140,6.39422222222222,7.05376344086022,5.92954545454545,7.625,6.26117647058824,6.475,8
"10",2008,12,6.87559523809524,84,7.1625,6.61477272727273,6,7.025,6.79259259259259,40,44,3,30,54,309,133,176,11,115,194,6.52508090614887,7.08646616541353,6.10085227272727,7.18181818181818,6.4604347826087,6.56340206185567,9
"11",2009,1,6.99175,80,7.35264705882353,6.725,7.28571428571429,6.904,7.03163636363636,34,46,7,25,55,389,167,222,18,140,249,6.62105398457584,7.14065868263473,6.23018018018018,7.22222222222222,6.53964285714286,6.66682730923695,10
"12",2009,2,6.46164383561644,73,7.39473684210526,6.13333333333333,6.75,6.25,6.55294117647059,19,54,4,22,51,462,186,276,22,162,300,6.5958658008658,7.16661290322581,6.21123188405797,7.13636363636364,6.50030864197531,6.64746666666667,11
"13",2009,3,6.83896103896104,77,7.44259259259259,6.513,6.41666666666667,6.99736842105263,6.78706896551724,27,50,6,19,58,539,213,326,28,181,358,6.63059369202226,7.20159624413146,6.25751533742331,6.98214285714286,6.55248618784531,6.67008379888268,12
"14",2009,4,6.62694444444444,72,7.22413793103448,6.22418604651163,5.85714285714286,6.280625,6.72589285714286,29,43,7,16,56,611,242,369,35,197,414,6.63016366612111,7.20429752066116,6.25363143631436,6.75714285714286,6.53040609137056,6.67763285024155,13
"15",2009,5,6.58360655737705,61,7.02222222222222,6.4,6,6.07692307692308,6.72083333333333,18,43,2,13,48,672,260,412,37,210,462,6.6259375,7.19169230769231,6.26890776699029,6.71621621621622,6.50233333333333,6.68212121212121,14
"16",2009,6,6.075,52,6.375,5.94166666666667,5.85714285714286,6.39285714285714,5.95789473684211,16,36,7,14,38,724,276,448,44,224,500,6.58636740331492,7.14434782608696,6.24261160714286,6.57954545454545,6.49549107142857,6.62708,15
"17",2009,7,6.43396226415094,53,7.02173913043478,5.98333333333333,6.83333333333333,6.85,6.33720930232558,23,30,9,10,43,777,299,478,53,234,543,6.57597168597168,7.13491638795987,6.22633891213389,6.62264150943396,6.51064102564103,6.60412523020258,16
"18",2009,8,6.48571428571429,35,6.54545454545455,6.45833333333333,7,6.75,6.40740740740741,11,24,5,8,27,812,310,502,58,242,570,6.57208128078818,7.114,6.23743027888446,6.6551724137931,6.51855371900827,6.59480701754386,17
"19",2009,9,6.51842105263158,38,6.62222222222222,6.425,7.5,6,6.5969696969697,18,20,2,5,33,850,328,522,60,247,603,6.56968235294118,7.08701219512195,6.24461685823755,6.68333333333333,6.50805668016194,6.59492537313433,18
"20",2009,10,6.46176470588235,51,7.1875,5.99354838709677,6.6,6.00714285714286,6.53409090909091,20,31,3,7,44,901,348,553,63,254,647,6.56357380688124,7.09278735632184,6.2305424954792,6.67936507936508,6.49425196850394,6.59078825347759,19
"21",2009,11,6.29420289855072,69,7.078125,5.61621621621622,6.625,6.14705882352941,6.34230769230769,32,37,4,17,52,970,380,590,67,271,699,6.54441237113402,7.09155263157895,6.19201694915254,6.67611940298507,6.47247232472325,6.57230329041488,20
"22",2009,12,6.48020833333333,48,6.64,6.36607142857143,5.98,6.64,6.43815789473684,20,28,5,10,38,1018,400,618,72,281,737,6.54138506876228,7.068975,6.19990291262136,6.62777777777778,6.47843416370107,6.56538670284939,21
"23",2010,1,6.31206896551724,58,6.88636363636364,5.96111111111111,6.42222222222222,5.83333333333333,6.36730769230769,22,36,9,6,52,1076,422,654,81,287,789,6.52902416356877,7.05945497630332,6.18675840978593,6.60493827160494,6.46494773519164,6.55233206590621,22
"24",2010,2,6.81219512195122,41,7.36,5.95625,NA,6.1875,6.96363636363636,25,16,0,8,33,1117,447,670,81,295,822,6.53941808415398,7.07626398210291,6.18125373134328,6.60493827160494,6.45742372881356,6.56884428223844,23
"25",2010,3,6.23225806451613,31,6.8375,6.02173913043478,6.71428571428571,6.625,6.09565217391304,8,23,7,8,23,1148,455,693,88,303,845,6.53112369337979,7.07206593406593,6.1759595959596,6.61363636363636,6.46184818481848,6.55596449704142,24
"26",2010,4,6.29589743589744,39,6.63478260869565,5.80875,5.2,5.25,6.5658064516129,23,16,5,8,31,1187,478,709,93,311,876,6.5233951137321,7.05102510460251,6.16767277856135,6.53763440860215,6.43067524115756,6.55631278538813,25
"27",2010,5,6.80694444444444,36,6.96153846153846,6.7195652173913,7.05714285714286,6.85769230769231,6.77826086956522,13,23,7,13,23,1223,491,732,100,324,899,6.53174161896975,7.04865580448065,6.18501366120219,6.574,6.44780864197531,6.56199110122358,26
"28",2010,6,7.004,25,7.425,6.61538461538461,6.25,7.1375,6.94117647058824,12,13,4,8,17,1248,503,745,104,332,916,6.54120192307692,7.05763419483101,6.19252348993288,6.56153846153846,6.46442771084337,6.56902838427948,27
"29",2010,7,6.33103448275862,29,6.77857142857143,5.91333333333333,6.54,7.08571428571429,6.09090909090909,14,15,5,7,22,1277,517,760,109,339,938,6.53642913077525,7.05007736943907,6.18701315789474,6.5605504587156,6.47725663716814,6.5578144989339,28
"30",2010,8,6.57678571428571,28,7.4,5.75357142857143,7,6.91666666666667,6.48409090909091,14,14,1,6,22,1305,531,774,110,345,960,6.53729501915709,7.05930320150659,6.17917312661499,6.56454545454545,6.48489855072464,6.556125,29
"31",2010,9,6.35526315789474,38,6.96666666666667,5.95652173913043,6.66666666666667,6.66666666666667,6.32857142857143,15,23,3,3,35,1343,546,797,113,348,995,6.5321444527178,7.05675824175824,6.172747804266,6.56725663716814,6.48646551724138,6.54812060301507,30
"32",2010,10,6.88275862068966,29,7.225,6.46153846153846,7.5,6.66666666666667,6.90769230769231,16,13,2,3,26,1372,562,810,115,351,1021,6.53955539358601,7.06154804270463,6.17738271604938,6.58347826086957,6.4880056980057,6.55727717923604,31
"33",2010,11,6.28586956521739,46,6.35227272727273,6.225,5.76,6.65,6.18472222222222,22,24,5,10,36,1418,584,834,120,361,1057,6.53132581100141,7.03482876712329,6.17875299760192,6.54916666666667,6.49249307479224,6.54458845789972,32
"34",2010,12,6.348,50,6.73333333333333,5.99230769230769,7.16666666666667,6.36363636363636,6.34358974358974,24,26,3,11,39,1468,608,860,123,372,1096,6.52508174386921,7.02292763157895,6.17311627906977,6.56422764227642,6.48868279569892,6.53743613138686,33
"35",2011,1,6.72162162162162,37,6.97142857142857,6.39375,7,6.4,6.771875,21,16,1,5,32,1505,629,876,124,377,1128,6.52991362126246,7.02120826709062,6.17714611872146,6.56774193548387,6.48750663129973,6.54408687943262,34
"36",2011,2,6.30555555555556,36,6.46428571428571,6.20454545454545,6.16666666666667,6,6.32352941176471,14,22,3,2,34,1541,643,898,127,379,1162,6.52467229072031,7.00908242612753,6.17781737193764,6.55826771653543,6.48493403693931,6.53763339070568,35
"37",2011,3,6.32466666666667,45,6.245,6.37777777777778,5.55,6.6875,6.24621621621622,18,27,4,8,37,1586,661,925,131,387,1199,6.5189974779319,6.98827534039334,6.18365405405405,6.52748091603053,6.48912144702842,6.52864053377815,36
"38",2011,4,6.67470588235294,34,7.12428571428571,6.36,6.575,6.84444444444444,6.6136,14,20,4,9,25,1620,675,945,135,396,1224,6.52226543209877,6.9910962962963,6.18738624338624,6.52888888888889,6.49719696969697,6.53037581699346,37
"39",2011,5,6.17777777777778,27,7.16,5.95454545454545,5.58333333333333,7.125,6.01304347826087,5,22,6,4,23,1647,680,967,141,400,1247,6.51661809350334,6.99233823529412,6.18208893485005,6.4886524822695,6.503475,6.52083400160385,38
"40",2011,6,6.51086956521739,23,6.9,6.21153846153846,5.625,5,6.57954545454546,10,13,4,1,22,1670,690,980,145,401,1269,6.51653892215569,6.991,6.18247959183673,6.4648275862069,6.49972568578554,6.52185185185185,39
"41",2011,7,6.64166666666667,24,7.06923076923077,6.13636363636364,6.75,6.75,6.62,13,11,2,4,20,1694,703,991,147,405,1289,6.51831168831169,6.9924466571835,6.18196770938446,6.4687074829932,6.5021975308642,6.5233747090768,40
"42",2011,8,6.57666666666667,30,7.25333333333333,5.9,4.92857142857143,6.94,6.504,15,15,7,5,25,1724,718,1006,154,410,1314,6.51932714617169,6.99789693593315,6.1777634194831,6.3987012987013,6.50753658536585,6.52300608828006,41
"43",2011,9,6.3359375,32,6.61538461538461,6.14473684210526,6.375,6.30555555555556,6.34782608695652,13,19,4,9,23,1756,731,1025,158,419,1337,6.51598519362187,6.99109439124487,6.17715121951219,6.39810126582278,6.50319809069212,6.51999252056844,42
"44",2011,10,6.2702380952381,42,6.80869565217391,5.61842105263158,5.9,5.28888888888889,6.53787878787879,23,19,5,9,33,1798,754,1044,163,428,1370,6.5102447163515,6.98553050397878,6.16698275862069,6.38282208588957,6.47766355140187,6.52042335766423,43
"45",2011,11,6.3075,40,6.63888888888889,6.03636363636364,6.1,6.2,6.32285714285714,18,22,5,5,35,1838,772,1066,168,433,1405,6.5058324265506,6.9774481865285,6.16428705440901,6.37440476190476,6.47445727482679,6.51550177935943,44
"46",2011,12,6.02777777777778,36,5.86842105263158,6.20588235294118,6.64285714285714,6.16666666666667,5.98148148148148,19,17,7,9,27,1874,791,1083,175,442,1432,6.49664887940235,6.95080910240202,6.16493998153278,6.38514285714286,6.46819004524887,6.50543296089385,45
"47",2012,1,6.6925,40,6.80555555555556,6.6,5.2,7,6.67631578947368,18,22,5,2,38,1914,809,1105,180,444,1470,6.50074190177638,6.94757725587145,6.17360180995475,6.35222222222222,6.47058558558558,6.50985034013605,46
"48",2012,2,6.53125,32,6.60714285714286,6.47222222222222,5.83333333333333,6.35714285714286,6.58,14,18,3,7,25,1946,823,1123,183,451,1495,6.50124357656732,6.94178614823815,6.17838824577026,6.34371584699454,6.46882483370288,6.51102341137124,47
"49",2012,3,6.67714285714286,35,6.95789473684211,6.34375,6.16666666666667,7.25,6.64242424242424,19,16,6,2,33,1981,842,1139,189,453,1528,6.50435133770823,6.94214964370546,6.18071115013169,6.33809523809524,6.47227373068433,6.5138612565445,48
"50",2012,4,6.48387096774194,31,6.6875,6.26666666666667,5,7,6.40740740740741,16,15,2,4,27,2012,858,1154,191,457,1555,6.50403578528827,6.93740093240093,6.18182842287695,6.32408376963351,6.47689277899343,6.51201286173633,49
"51",2012,5,6.26458333333333,24,6.45,6.005,6.01666666666667,6.1,6.30789473684211,14,10,3,5,19,2036,872,1164,194,462,1574,6.50121316306483,6.92957568807339,6.18030927835052,6.31932989690722,6.47281385281385,6.50954891994917,50
"52",2012,6,6.30434782608696,23,6.65384615384615,5.85,5,6,6.38888888888889,13,10,3,5,18,2059,885,1174,197,467,1592,6.49901408450704,6.92552542372881,6.17749574105622,6.2992385786802,6.46775160599572,6.50818467336683,51
"53",2012,7,6.56054054054054,37,7.00526315789474,6.09111111111111,6,8,6.47828571428571,19,18,1,2,35,2096,904,1192,198,469,1627,6.50010019083969,6.92720132743363,6.17619127516779,6.29772727272727,6.47428571428571,6.50754148740012,52
"54",2012,8,6.42575757575758,33,6.69411764705882,6.140625,6.33333333333333,6.45,6.42037037037037,17,16,3,6,27,2129,921,1208,201,475,1654,6.49894786284641,6.9228990228013,6.1757201986755,6.29825870646766,6.47397894736842,6.5061185006046,53
"55",2012,9,6.74,30,6.76666666666667,6.71333333333333,6.08,6.06,6.876,15,15,5,5,25,2159,936,1223,206,480,1679,6.50229735988884,6.9203952991453,6.18231398201145,6.29296116504854,6.46966666666667,6.511625967838,54
"56",2012,10,6.42702702702703,37,6.60952380952381,6.1875,4.5,6.7,6.384375,21,16,2,5,32,2196,957,1239,208,485,1711,6.501029143898,6.9135736677116,6.18238095238095,6.27572115384615,6.4720412371134,6.50924605493863,55
"57",2012,11,6.16666666666667,42,6.44090909090909,5.865,5.425,6.43333333333333,6.12222222222222,22,20,4,6,36,2238,979,1259,212,491,1747,6.49475424486148,6.9029519918284,6.17733915806196,6.25966981132076,6.47156822810591,6.5012707498569,56
"58",2012,12,6.65405405405405,37,6.84285714285714,6.40625,6.4,6,6.73333333333333,21,16,5,4,33,2275,1000,1275,217,495,1780,6.49734505494506,6.90169,6.18021176470588,6.26290322580645,6.46775757575757,6.50557303370786,57
"59",2013,1,6.64473684210526,38,7.05555555555556,6.275,6.575,6.26,6.7030303030303,18,20,4,5,33,2313,1018,1295,221,500,1813,6.49976653696498,6.90441060903733,6.18167567567568,6.2685520361991,6.46568,6.50916712630998,58
"60",2013,2,6.60057142857143,35,7.34133333333333,6.045,5.48333333333333,6.85,6.56838709677419,15,20,6,4,31,2348,1033,1315,227,504,1844,6.50126916524702,6.91075508228461,6.17959695817491,6.24779735682819,6.46873015873016,6.51016268980477,59
"61",2013,3,6.64516129032258,31,7.42307692307692,6.08333333333333,5.5,6.33333333333333,6.72,13,18,2,6,25,2379,1046,1333,229,510,1869,6.50314417822615,6.9171223709369,6.17829707426857,6.24126637554585,6.46713725490196,6.51296950240771,60
"62",2013,4,6.00571428571429,35,6.12777777777778,5.87647058823529,5.9,5.25,6.16206896551724,18,17,5,6,29,2414,1064,1350,234,516,1898,6.49593206296603,6.90376879699248,6.1744962962963,6.23397435897436,6.45298449612403,6.50760800842993,61
"63",2013,5,6.88161290322581,31,7.1765,6.34545454545455,6.25,6.87,6.88636363636364,20,11,4,9,22,2445,1084,1361,238,525,1920,6.50082208588957,6.90880073800738,6.17587803085966,6.23424369747899,6.46013333333333,6.51194791666667,62
"64",2013,6,6.16458333333333,24,6.44545454545455,5.92692307692308,7,7.125,5.9725,11,13,1,4,20,2469,1095,1374,239,529,1940,6.4975536654516,6.90414611872146,6.17352256186317,6.23744769874477,6.4651606805293,6.50638659793815,63
"65",2013,7,6.06666666666667,21,6.55555555555556,5.7,7.5,5,6.24444444444444,9,12,2,3,18,2490,1104,1386,241,532,1958,6.49391967871486,6.90130434782609,6.1694227994228,6.24792531120332,6.4568984962406,6.50397854954035,64
"66",2013,8,6.77173913043478,23,7.21428571428571,6.08333333333333,4,5.83333333333333,6.9125,14,9,2,3,20,2513,1118,1395,243,535,1978,6.49646239554318,6.90522361359571,6.16886738351254,6.22942386831276,6.45340186915888,6.50810920121335,65
"67",2013,9,6.4765625,32,6.59375,6.359375,5.75,7.08333333333333,6.33653846153846,16,16,1,6,26,2545,1134,1411,244,541,2004,6.49621218074656,6.90082892416226,6.17102763997165,6.22745901639344,6.46038817005545,6.50588323353294,66
"68",2013,10,6.11219512195122,41,6.39090909090909,5.78947368421053,5.125,6.08333333333333,6.11714285714286,22,19,8,6,35,2586,1156,1430,252,547,2039,6.49012374323279,6.89112456747405,6.16595804195804,6.19246031746032,6.45625228519196,6.49921039725356,67
"69",2013,11,6.43111111111111,45,6.835,6.108,6,6.5,6.4225,20,25,8,5,40,2631,1176,1455,260,552,2079,6.48911440516914,6.89017006802721,6.16496219931271,6.18653846153846,6.45664855072464,6.49773448773449,68
"70",2013,12,6.17741935483871,31,6.66666666666667,5.71875,5.66666666666667,6.5,6.11538461538461,15,16,6,5,26,2662,1191,1471,266,557,2105,6.48548459804658,6.88735516372796,6.16010876954453,6.17481203007519,6.45703770197486,6.49301187648456,69
"71",2014,1,6.434,50,6.74074074074074,6.07391304347826,2.75,4.9,6.60444444444444,27,23,2,5,45,2712,1218,1494,268,562,2150,6.48453539823009,6.88410509031199,6.15878179384204,6.14925373134328,6.44318505338078,6.49534418604651,70
"72",2014,2,6.46666666666667,39,6.78125,6.24782608695652,6.5,6.7,6.43235294117647,16,23,2,5,34,2751,1234,1517,270,567,2184,6.48428207924391,6.88277147487844,6.16013183915623,6.15185185185185,6.44544973544973,6.49436355311355,71
"73",2014,3,6.5265625,32,7.04,6.29318181818182,5,6.4,6.55576923076923,10,22,6,6,26,2783,1244,1539,276,573,2210,6.48476823571685,6.88403536977492,6.16203378817414,6.1268115942029,6.44497382198953,6.49508597285068,72
"74",2014,4,6.48225806451613,31,6.96923076923077,6.13055555555556,6.4,5.92857142857143,6.64375,13,18,4,7,24,2814,1257,1557,280,580,2234,6.48474058280028,6.88491646778043,6.16166987797046,6.13071428571429,6.43874137931034,6.49668307967771,73
"75",2014,5,6.28709677419355,31,6.96428571428571,5.72941176470588,6.1,6.8,6.18846153846154,14,17,5,5,26,2845,1271,1574,285,585,2260,6.48258699472759,6.88579071597168,6.15700127064803,6.13017543859649,6.44182905982906,6.49313716814159,74
"76",2014,6,6.25714285714286,14,6.72222222222222,5.42,NA,5.33333333333333,6.50909090909091,9,5,0,3,11,2859,1280,1579,285,588,2271,6.48148303602658,6.884640625,6.15466751108297,6.13017543859649,6.43617346938775,6.49321444297666,75
"77",2014,7,6.30869565217391,23,6.5,6.20666666666667,6.42,6.16666666666667,6.35882352941176,8,15,5,6,17,2882,1288,1594,290,594,2288,6.4801040943789,6.88225155279503,6.15515683814304,6.1351724137931,6.43345117845118,6.49221590909091,76
"78",2014,8,6.25741935483871,31,6.77272727272727,5.974,5.83333333333333,6.6375,6.12521739130435,11,20,6,8,23,2913,1299,1614,296,602,2311,6.47773429454171,6.88132409545804,6.15291201982652,6.12905405405405,6.43616279069767,6.48856339247079,77
"79",2014,9,6.56363636363636,33,6.92222222222222,6.13333333333333,6,6.61111111111111,6.54583333333333,18,15,1,9,24,2946,1317,1629,297,611,2335,6.47869653767821,6.88188306757783,6.15273173726213,6.12861952861953,6.43873977086743,6.48915203426124,78
"80",2014,10,6.35135135135135,37,6.26470588235294,6.425,6.5,6.5,6.33333333333333,17,20,3,4,33,2983,1334,1649,300,615,2368,6.47711699631244,6.8740179910045,6.15603395997574,6.13233333333333,6.43913821138211,6.48698057432433,79
"81",2014,11,6.60975609756098,41,7.58333333333333,5.84782608695652,6.5,7.5,6.39393939393939,18,23,7,8,33,3024,1352,1672,307,623,2401,6.47891534391534,6.88346153846154,6.15179425837321,6.14071661237785,6.45276083467095,6.48570179092045,80
"82",2014,12,6.61935483870968,31,7.13125,6.07333333333333,5.25,6.06666666666667,6.67857142857143,16,15,2,3,28,3055,1368,1687,309,626,2429,6.48034042553191,6.88635964912281,6.1510966212211,6.13495145631068,6.45091054313099,6.48792507204611,81
"83",2015,1,6.48055555555556,36,6.7375,6.275,6.4375,6.33333333333333,6.49393939393939,16,20,8,3,33,3091,1384,1707,317,629,2462,6.48034293109026,6.8846387283237,6.15254833040422,6.14258675078864,6.45034976152623,6.4880056864338,82
"84",2015,2,6.19655172413793,29,6.7,5.93157894736842,5.75,6.175,6.2,10,19,4,4,25,3120,1394,1726,321,633,2487,6.47770512820513,6.88331420373027,6.15011587485516,6.13769470404984,6.44860979462875,6.48511057498995,83
"85",2015,3,7.07619047619048,21,7.3125,6.93076923076923,6.75,7.76666666666667,6.96111111111111,8,13,6,3,18,3141,1402,1739,327,636,2505,6.4817064629099,6.88576319543509,6.15595169637723,6.14892966360856,6.45482704402515,6.48853093812375,84
"86",2015,4,6.42171428571429,35,6.93733333333333,6.035,6.41666666666667,5.96666666666667,6.51586206896552,15,20,6,6,29,3176,1417,1759,333,642,2534,6.48104534005038,6.8863091037403,6.15457646389995,6.15375375375375,6.45026479750779,6.48884372533544,85
"87",2015,5,6.55357142857143,28,6.88461538461539,6.26666666666667,5.33333333333333,5.83333333333333,6.75,13,15,3,6,22,3204,1430,1774,336,648,2556,6.48167915106117,6.88629370629371,6.1555242390079,6.14642857142857,6.4445524691358,6.49109154929578,86
"88",2015,6,6.64722222222222,18,6.55909090909091,6.78571428571429,NA,6.83333333333333,6.61,11,7,0,3,15,3222,1441,1781,336,651,2571,6.48260397268777,6.88379597501735,6.15800112296463,6.14642857142857,6.4463440860215,6.49178529754959,87
"89",2015,7,6.46304347826087,23,6.47,6.45769230769231,6.625,6.53571428571429,6.43125,10,13,4,7,16,3245,1451,1794,340,658,2587,6.48246533127889,6.88094417643005,6.16017279821628,6.15205882352941,6.44729483282675,6.49141090065713,88
"90",2015,8,6.27692307692308,26,5.775,6.5,6.4,6,6.288,8,18,5,1,25,3271,1459,1812,345,659,2612,6.48083154998471,6.87488005483208,6.16354856512142,6.15565217391304,6.44661608497724,6.48946401225115,89
"91",2015,9,6.31304347826087,23,6.65,6.05384615384615,6,8.2,6.13333333333333,10,13,1,2,21,3294,1469,1825,346,661,2633,6.47965998785671,6.87334921715453,6.16276712328767,6.15520231213873,6.45192133131619,6.48662362324345,90
"92",2015,10,6.63076923076923,26,6.99230769230769,6.26923076923077,6,5.5,6.725,13,13,3,2,24,3320,1482,1838,349,663,2657,6.48084337349398,6.87439271255061,6.16352013057672,6.15386819484241,6.44904977375565,6.48877681595785,91
"93",2015,11,6.40625,32,7,5.94444444444444,6,6.875,6.33928571428571,14,18,4,4,28,3352,1496,1856,353,667,2685,6.48013126491647,6.87556818181818,6.16139547413793,6.15212464589235,6.45160419790105,6.48721787709497,92
"94",2015,12,6.47045454545455,44,6.84545454545455,6.09545454545455,6.38333333333333,6.13333333333333,6.52368421052632,22,22,6,6,38,3396,1518,1878,359,673,2723,6.48000588928151,6.87513175230567,6.16062300319489,6.15598885793872,6.44876671619613,6.48772677194271,93
"95",2016,1,6.21509433962264,53,6.64,5.95757575757576,5.54545454545455,6.07142857142857,6.23695652173913,20,33,11,7,46,3449,1538,1911,370,680,2769,6.47593505363874,6.87207412223667,6.15711669283098,6.13783783783784,6.44488235294117,6.48356085229325,94
"96",2016,2,6.3,30,6.48571428571429,6.1375,6.26666666666667,6.16666666666667,6.31481481481481,14,16,3,3,27,3479,1552,1927,373,683,2796,6.47441793618856,6.86858891752577,6.156953814219,6.13887399463807,6.44366032210834,6.48193133047211,95
"97",2016,3,6.571875,32,6.76923076923077,6.43684210526316,6.5,6.76,6.53703703703704,13,19,5,5,27,3511,1565,1946,378,688,2823,6.47530618057534,6.86776357827476,6.1596865364851,6.14365079365079,6.44595930232558,6.48245837761247,96
"98",2016,4,6.36969696969697,33,6.47857142857143,6.28947368421053,7.5,6.8125,6.228,14,19,1,8,25,3544,1579,1965,379,696,2848,6.47432279909707,6.86431285623813,6.16094147582698,6.14722955145119,6.4501724137931,6.48022471910113,97
"99",2016,5,6.37428571428571,35,6.64090909090909,5.92307692307692,5.75,6.37142857142857,6.375,22,13,4,7,28,3579,1601,1978,383,703,2876,6.47334450963956,6.86124297314179,6.15937815975733,6.14308093994778,6.44938833570412,6.47920027816412,98
"100",2016,6,6.77678571428571,28,7.328125,6.04166666666667,6,5.75,6.85576923076923,16,12,2,2,26,3607,1617,1990,385,705,2902,6.47570002772387,6.86586270871985,6.15866834170855,6.14233766233766,6.44740425531915,6.48257408683667,99
"101",2016,7,6.66379310344828,29,6.965625,6.29230769230769,5.5,7,6.65178571428571,16,13,2,1,28,3636,1633,2003,387,706,2930,6.477200220022,6.86684017146356,6.15953569645532,6.1390180878553,6.44818696883853,6.48419112627987,100
"102",2016,8,6.62413793103448,29,6.86111111111111,6.23636363636364,6.33333333333333,6.78571428571429,6.57272727272727,18,11,3,7,22,3665,1651,2014,390,713,2952,6.47836289222374,6.8667777104785,6.15995531281033,6.14051282051282,6.45150070126227,6.48485094850949,101
"103",2016,9,6.40714285714286,35,6.99444444444444,5.78529411764706,5.25,6.58333333333333,6.37068965517241,18,17,4,6,29,3700,1669,2031,394,719,2981,6.47768918918919,6.86815458358298,6.15681930083703,6.13147208121827,6.45260083449235,6.48374035558538,102
"104",2016,10,6.10857142857143,35,6.75,5.56842105263158,4.25,6.13333333333333,6.10344827586207,16,19,4,6,29,3735,1685,2050,398,725,3010,6.47423025435074,6.86703264094956,6.15136585365854,6.11256281407035,6.44995862068965,6.48007641196014,103
"105",2016,11,5.975,48,6.312,5.60869565217391,5.3125,6.66666666666667,5.92888888888889,25,23,8,3,45,3783,1710,2073,406,728,3055,6.46789584985461,6.85891812865497,6.14534491075736,6.09679802955665,6.45085164835165,6.47195744680851,104
"106",2016,12,6.45,34,6.70666666666667,6.24736842105263,7.4,5.66666666666667,6.5258064516129,15,19,3,3,31,3817,1725,2092,409,731,3086,6.46773644223212,6.85759420289855,6.14627151051626,6.10635696821516,6.44763337893297,6.47249837977965,105
"107",2017,1,6.16041666666667,48,6.41666666666667,6.00666666666667,6.15454545454545,6.4625,6.1,18,30,11,8,40,3865,1743,2122,420,739,3126,6.46391979301423,6.85304073436604,6.14429783223375,6.10761904761905,6.44779431664411,6.46773192578375,106
"108",2017,2,6.63575757575758,33,6.90588235294118,6.34875,6,6.5,6.64451612903226,17,16,4,2,31,3898,1760,2138,424,741,3157,6.46537455105182,6.85355113636364,6.14582787652012,6.10660377358491,6.44793522267206,6.46946784922395,107
"109",2017,3,6.23421052631579,38,6.53157894736842,5.93684210526316,7,5.83333333333333,6.26857142857143,19,19,1,3,35,3936,1779,2157,425,744,3192,6.46314278455285,6.85011242270939,6.14398701900788,6.10870588235294,6.44545698924731,6.46726503759399,108
"110",2017,4,6.08571428571429,35,6.25625,5.94210526315789,4.8,6.21428571428571,6.05357142857143,16,19,5,7,28,3971,1795,2176,430,751,3220,6.45981616721229,6.84481894150418,6.14222426470589,6.09348837209302,6.44330226364847,6.46366770186336,109
"111",2017,5,6.35714285714286,35,6.52777777777778,6.17647058823529,5.375,6.66666666666667,6.328125,18,17,4,3,32,4006,1813,2193,434,754,3252,6.45891912131802,6.84167126309984,6.14248974008208,6.086866359447,6.44419098143236,6.46233394833949,110
"112",2017,6,6.37777777777778,27,6.77,6.14705882352941,6.3,8,6.248,10,17,5,2,25,4033,1823,2210,439,756,3277,6.45837589883461,6.84127811300055,6.14252488687783,6.08929384965831,6.44830687830688,6.46069880988709,111
"113",2017,7,5.71551724137931,29,6.09,5.51842105263158,7,6.86666666666667,5.58269230769231,10,19,3,3,26,4062,1833,2229,442,759,3303,6.45307237813885,6.83717948717949,6.13720502467475,6.09547511312217,6.4499604743083,6.45378746594006,112
"114",2017,8,6.28363636363636,33,6.34615384615385,6.243,6.226,6.5,6.26967741935484,13,20,10,2,31,4095,1846,2249,452,761,3334,6.45170695970696,6.83372156013001,6.13814584259671,6.09836283185841,6.45009198423127,6.45207558488303,113
"115",2017,9,6.340625,32,6.44210526315789,6.19230769230769,7,6.25,6.35357142857143,19,13,3,4,28,4127,1865,2262,455,765,3362,6.45084565059365,6.82973190348526,6.13845711759505,6.10430769230769,6.44904575163399,6.45125520523498,114
"116",2017,10,6.56058823529412,34,7.1725,5.68642857142857,6.905,6,6.595625,20,14,2,2,32,4161,1885,2276,457,767,3394,6.45174236962269,6.83336870026525,6.13567662565905,6.10781181619256,6.44787483702738,6.45261638185033,115
"117",2017,11,5.97872340425532,47,6.43478260869565,5.54166666666667,4.33333333333333,5.2,6.07142857142857,23,24,6,5,42,4208,1908,2300,463,772,3436,6.44645912547529,6.82856394129979,6.12947826086957,6.08481641468683,6.43979274611399,6.44795692665891,116
"118",2017,12,6.32543783783784,37,6.91608,5.92272727272727,5.4,6.93333333333333,6.20778064516129,15,22,7,6,31,4245,1923,2322,470,778,3467,6.44540428739694,6.82924659386376,6.12751937984497,6.0746170212766,6.44359897172236,6.44580940294203,117
"119",2018,1,6.57941176470588,34,7.02142857142857,6.27,6.2,6.46,6.6,14,20,5,5,29,4279,1937,2342,475,783,3496,6.44646908156111,6.83063562209603,6.12873612297182,6.07593684210526,6.4437037037037,6.44708844393593,118
"120",2018,2,6.50111111111111,27,6.73533333333333,6.20833333333333,7,6.375,6.52304347826087,15,12,3,4,23,4306,1952,2354,478,787,3519,6.44681170459824,6.82990327868853,6.12914188615124,6.08173640167364,6.44335451080051,6.44758488206877,119
"121",2018,3,6.39210526315789,38,6.45,6.32777777777778,5.9,6.3,6.41666666666667,20,18,5,8,30,4344,1972,2372,483,795,3549,6.44633314917127,6.82605030425964,6.13064924114672,6.07985507246377,6.44191194968553,6.4473235277543,120
"122",2018,4,6.24076923076923,26,6.856,5.85625,6.5,6.5,6.2304,10,16,4,1,25,4370,1982,2388,487,796,3574,6.44511011441648,6.82620141271443,6.12881072026801,6.08330595482546,6.44198492462312,6.445806155568,121
"123",2018,5,6.01875,32,6.33333333333333,5.74117647058824,6,5,6.05161290322581,15,17,4,1,31,4402,1997,2405,491,797,3605,6.44201072239891,6.82249934902354,6.12607068607069,6.08262729124236,6.4401756587202,6.44241642163662,122
"124",2018,6,6.38709677419355,31,6.65625,6.1,5.57142857142857,7,6.32142857142857,16,15,7,3,28,4433,2013,2420,498,800,3633,6.4416267087751,6.82117794336811,6.1259090909091,6.07544176706827,6.442275,6.44148395265621,123
"125",2018,7,6.25925925925926,27,6.78571428571429,5.69230769230769,6.125,6.6,6.18181818181818,14,13,4,5,22,4460,2027,2433,502,805,3655,6.44052269058296,6.82093300444006,6.1235922729141,6.07583665338645,6.44325465838509,6.43992098495212,124
"126",2018,8,6.632,25,7.74285714285714,6.2,6.21428571428571,6.04,6.78,7,18,7,5,20,4485,2034,2451,509,810,3675,6.44159001114827,6.8241058013766,6.12415340677275,6.07774066797642,6.44076543209876,6.44177175510204,125
"127",2018,9,6.49739130434783,23,6.52933333333333,6.4375,6,NA,6.49739130434783,15,8,1,0,23,4508,2049,2459,510,810,3698,6.44187471162378,6.82194787701318,6.12517283448557,6.07758823529412,6.44076543209876,6.44211768523527,126
"128",2018,10,6.69545454545455,33,6.97708333333333,5.94444444444444,NA,8,6.51551724137931,24,9,0,4,29,4541,2073,2468,510,814,3727,6.44371750715701,6.82374394597202,6.12451377633712,6.07758823529412,6.44842751842752,6.44268881137645,127
"129",2018,11,6.37777777777778,36,7.08181818181818,6.068,5.9875,6.3,6.38484848484848,11,25,8,3,33,4577,2084,2493,518,817,3760,6.44319886388464,6.82510614203455,6.12394705174489,6.07619691119691,6.44788249694002,6.44218117021277,128
"130",2018,12,6.02173913043478,23,6.23333333333333,5.625,7,6,6.02272727272727,15,8,1,1,22,4600,2099,2501,519,818,3782,6.44109156521739,6.82087717960934,6.12235105957617,6.07797687861272,6.44733496332518,6.43974119513485,129
"131",2019,1,6.34804979591837,49,6.43983647058824,6.14,5.5,6.7525,6.31209866666667,34,15,2,4,45,4649,2133,2516,521,822,3827,6.44011091417509,6.81480339428036,6.12245627980923,6.07575815738964,6.4488199513382,6.43824030310949,130
"132",2019,2,5.96764705882353,34,6.41875,5.56666666666667,5.2125,5.9,5.9741935483871,16,18,8,3,31,4683,2149,2534,529,825,3858,6.43668068332266,6.8118546486738,6.11850828729282,6.06270321361059,6.44682424242424,6.43451157076206,131
"133",2019,3,5.78909090909091,22,6.00545454545455,5.57272727272727,5.5,4.6,5.97684210526316,11,11,3,3,19,4705,2160,2545,532,828,3877,6.43365263336876,6.80774798148148,6.11614931237721,6.05953007518797,6.44013285024154,6.43226867165334,132
"134",2019,4,6.1,31,6.50714285714286,5.76470588235294,6.66666666666667,7,6.03793103448276,14,17,3,2,29,4736,2174,2562,535,830,3906,6.43146867398649,6.80581216191352,6.11381733021078,6.06293457943925,6.44148192771084,6.42934092165899,133
"135",2019,5,6.28571428571429,14,7,5.75,5,6.5,6.25,6,8,2,2,12,4750,2180,2570,537,832,3918,6.43103908210526,6.80634662385321,6.11268482490273,6.05897579143389,6.44162259615385,6.42879163859112,134
"136",2019,6,6.32592592592593,27,6.74615384615385,5.93571428571429,6.6,8,6.26153846153846,13,14,6,1,26,4777,2193,2584,543,833,3944,6.43044497383295,6.80598980392157,6.11172600619196,6.06495395948435,6.44349339735894,6.42768905679513,135
"137",2019,7,6.29486486486486,37,6.64333333333333,5.8375,6.5,6.52,6.275,21,16,6,3,34,4814,2214,2600,549,836,3978,6.42940291649356,6.80444699186992,6.11003846153847,6.06970856102004,6.44376794258373,6.42638402212167,136
"138",2019,8,6.39645161290323,31,6.64285714285714,6.19352941176471,6.43666666666667,5.7,6.53038461538462,14,17,3,5,26,4845,2228,2617,552,841,4004,6.42919208255934,6.80343161579892,6.11058081773023,6.07170289855072,6.43934601664685,6.42705935064935,137
"139",2019,9,6.17714285714286,35,6.26190476190476,6.05,6.2,5.83333333333333,6.209375,21,14,5,3,32,4880,2249,2631,557,844,4036,6.42738435245902,6.79837511783015,6.11025845686051,6.07285457809695,6.43719194312796,6.42533340931616,138
"140",2019,10,6.61878787878788,33,6.53684210526316,6.73,6.75,6,6.638125,19,14,4,1,32,4913,2268,2645,561,845,4068,6.42866998575209,6.79618414462081,6.11353875236295,6.07768270944741,6.43667455621302,6.4270072861357,139
"141",2019,11,6.1675,40,6.30384615384615,5.91428571428571,5.4,6.32857142857143,6.13333333333333,26,14,5,7,33,4953,2294,2659,566,852,4101,6.42656079951545,6.79060402789887,6.11248965776608,6.0716961130742,6.43578638497653,6.42464414533041,140
"142",2019,12,6.11851851851852,27,6.00588235294118,6.31,6.5,6.83333333333333,6.02916666666667,17,10,2,3,24,4980,2311,2669,568,855,4125,6.42489069076305,6.78483151882302,6.11322967403522,6.07320422535211,6.43718128654971,6.42234318545455,141
"143",2020,1,6.40681818181818,44,6.73333333333333,5.70714285714286,5.13333333333333,7,6.33076923076923,30,14,3,5,39,5024,2341,2683,571,860,4164,6.42473241242038,6.78417156770611,6.111110696981,6.06826619964974,6.44045348837209,6.42148550432277,142
"144",2020,2,6.40951377777778,45,6.437604,6.35333333333333,6,7,6.38204930232558,30,15,4,2,43,5069,2371,2698,575,862,4207,6.42459730913395,6.77978648671447,6.11245737583396,6.06779130434783,6.44175174013921,6.42108242453055,143
"145",2020,3,6.27878787878788,33,6.76470588235294,5.7625,8,6.33333333333333,6.27333333333333,17,16,1,3,30,5102,2388,2714,576,865,4237,6.42365420619365,6.77967912897823,6.11039425202654,6.07114583333333,6.44137572254335,6.42003628982771,144
"146",2020,4,6.33636363636364,22,6.74375,5.25,4,4,6.44761904761905,16,6,1,1,21,5124,2404,2720,577,866,4258,6.42327942232631,6.77944,6.10849632352942,6.06755632582322,6.43855658198614,6.42017232503523,145
"147",2020,5,6.53472222222222,36,6.64,6.403125,5.725,5,6.57857142857143,20,16,2,1,35,5160,2424,2736,579,867,4293,6.42405693023256,6.7782895049505,6.11021929824562,6.06637305699482,6.43689734717416,6.42146372233869,146
"148",2020,6,6.6421875,32,6.75238095238095,6.43181818181818,6,7,6.6051724137931,21,11,2,3,29,5192,2445,2747,581,870,4322,6.42540134052388,6.77806697750511,6.11150709865308,6.06614457831325,6.43883908045977,6.42269638130496,147
"149",2020,7,6.13076923076923,13,6.21428571428571,6.03333333333333,5,NA,6.13076923076923,7,6,2,0,13,5205,2452,2753,583,870,4335,6.42466546781941,6.77645748776509,6.11133672357429,6.062487135506,6.43883908045977,6.42182093656286,148
"150",2020,8,6.5,28,6.8,6.15384615384615,5,6.5,6.5,15,13,5,2,26,5233,2467,2766,588,872,4361,6.42506855723295,6.77660063234698,6.11153651482285,6.05345238095238,6.43897935779817,6.4222870350837,149
"151",2020,9,6.46625,32,6.946,5.66666666666667,6.16666666666667,7.43333333333333,6.36620689655172,20,12,3,3,29,5265,2487,2778,591,875,4390,6.42531885280152,6.77796291113792,6.10961483081354,6.05402707275804,6.44238857142857,6.42191657403189,150
"152",2020,10,6.55555555555556,36,6.82,6.225,7.13333333333333,7.225,6.471875,20,16,3,4,32,5301,2507,2794,594,879,4422,6.42620331258253,6.77829826884723,6.11027559055119,6.05947811447811,6.44594994311718,6.42227810040706,151
"153",2020,11,6.35853658536585,41,6.83478260869565,5.75,5.41666666666667,6,6.3675,23,18,6,1,40,5342,2530,2812,600,880,4462,6.4256839685511,6.77881176284585,6.10796941678521,6.05305,6.44544318181818,6.42178703720305,152
"154",2020,12,6.03513513513514,37,6.35,5.66470588235294,4,7,6.00833333333333,20,17,2,1,36,5379,2550,2829,602,881,4498,6.42299753857594,6.77544853333334,6.10530576175328,6.0462292358804,6.44607264472191,6.41847793686083,153
"155",2021,1,6.38511111111111,45,6.9,5.89260869565217,5.695,4.51666666666667,6.6725641025641,22,23,8,6,39,5424,2572,2852,610,887,4537,6.42268321533923,6.77651390357699,6.1035904628331,6.04162295081967,6.4330214205186,6.42066205862905,154
"156",2021,2,6.48602161290323,31,6.86444466666667,6.13125,6.1,7.2,6.34871807692308,15,16,5,5,26,5455,2587,2868,615,892,4563,6.42304315857012,6.77702374565134,6.10374476987448,6.04209756097561,6.43732062780269,6.42025212141136,155
"157",2021,3,6.34285714285714,28,6.54210526315789,5.92222222222222,6,5.66666666666667,6.424,19,9,1,3,25,5483,2606,2877,616,895,4588,6.42263367317162,6.77531098618573,6.1031769204032,6.04202922077922,6.4347374301676,6.42027254359198,156
"158",2021,4,5.95142857142857,35,6.21578947368421,5.6375,5.9,4,6.06969696969697,19,16,3,2,33,5518,2625,2893,619,897,4621,6.41964487676695,6.77126111619048,6.10060145178016,6.0413408723748,6.42930880713489,6.417768974248,157
"159",2021,5,5.89393939393939,33,6.21428571428571,5.65789473684211,5.66666666666667,7.2,5.66071428571429,14,19,6,5,28,5551,2639,2912,625,902,4649,6.41651962349126,6.76830633952255,6.09771291208792,6.037744,6.43358093126386,6.41320938481394,158
"160",2021,6,6.42758620689655,29,6.52222222222222,6.27272727272727,6,6.93333333333333,6.29565217391304,18,11,5,6,23,5580,2657,2923,630,908,4672,6.41657713799283,6.76663922845314,6.09837153609306,6.03744444444444,6.43688325991189,6.41263065710617,159
"161",2021,7,6.08766666666667,30,6.383125,5.75,NA,5.625,6.15884615384615,16,14,0,4,26,5610,2673,2937,630,912,4698,6.41481825846702,6.76434359521138,6.09671092951992,6.03744444444444,6.43332236842105,6.41122614516816,160
"162",2021,8,6.08344827586207,29,6.968,5.13571428571429,4.84285714285714,4.5,6.41333333333333,15,14,7,5,24,5639,2688,2951,637,917,4722,6.41311410356446,6.76548007068453,6.09215181294477,6.02431711145997,6.42278080697928,6.41123685514613,161
"163",2021,9,6.06971428571429,35,5.83,6.2495,6.16666666666667,4.16666666666667,6.248125,15,20,3,3,32,5674,2703,2971,640,920,4754,6.41099584596405,6.76028872734,6.09321104005386,6.024984375,6.41542391304348,6.41013892090871,162
"164",2021,10,6.71025641025641,39,6.99090909090909,6.34705882352941,5.5,5.66666666666667,6.79722222222222,22,17,2,3,36,5713,2725,2988,642,923,4790,6.41303875897077,6.76215061651376,6.09465528781794,6.02334890965732,6.41299024918743,6.41304810647182,163
"165",2021,11,6.91642857142857,28,7.335,6.35833333333333,6,6.83333333333333,6.9264,16,12,3,3,25,5741,2741,3000,645,926,4815,6.41549389130814,6.76549450200657,6.09571,6.02324031007752,6.41435205183585,6.41571348494289,164
"166",2021,12,6.07903225806452,31,6.70263157894737,5.09166666666667,5.16666666666667,5.83333333333333,6.10535714285714,19,12,3,3,28,5772,2760,3012,648,929,4843,6.41368683818434,6.76506175,6.09170982735724,6.01927469135802,6.41247578040904,6.4139191472228,165
"167",2022,1,6.51322033898305,59,6.6695,6.18421052631579,5.83333333333333,6.3125,6.54470588235294,40,19,6,8,51,5831,2800,3031,654,937,4894,6.4146939512948,6.76369658214286,6.09228967337513,6.01756880733945,6.41162219850587,6.41528206579485,166
"168",2022,2,6.24815789473684,38,6.71,5.735,5.34125,5.35,6.35382352941176,20,18,8,4,34,5869,2820,3049,662,941,4928,6.41361568069518,6.76331575531915,6.09018038701214,6.00939577039275,6.40710945802338,6.41485804180195,167
"169",2022,3,6.7392,25,6.91176470588235,6.3725,7,6.83,6.71052631578947,17,8,1,6,19,5894,2837,3057,663,947,4947,6.41499667967425,6.76420529784984,6.09091920183187,6.0108898944193,6.40978880675818,6.41599361835456,168
"170",2022,4,6.4735,40,6.50923076923077,6.40714285714286,6,6.91666666666667,6.39529411764706,26,14,2,6,34,5934,2863,3071,665,953,4981,6.41539103977081,6.76188977645826,6.09236079452947,6.01085714285714,6.41298006295908,6.41585232483437,169
"171",2022,5,6.38518518518519,27,6.46470588235294,6.25,6.66666666666667,6.25,6.42380952380952,17,10,3,6,21,5961,2880,3081,668,959,5002,6.41525422412347,6.76013556597223,6.09287244401169,6.01380239520958,6.41196037539103,6.41588573170732,170
"172",2022,6,6.48260869565217,23,6.67692307692308,6.23,7,7.66666666666667,6.305,13,10,3,3,20,5984,2893,3091,671,962,5022,6.41551310661765,6.75976164189423,6.09331607893886,6.01821162444113,6.41587318087318,6.41544413181999,171
"173",2022,7,6.81954545454545,22,6.82357142857143,6.8125,6,NA,6.81954545454545,14,8,2,0,22,6006,2907,3099,673,962,5044,6.41699307858808,6.76006894736842,6.09517263633431,6.01815750371471,6.41587318087318,6.41720666732752,172
"174",2022,8,6.62476470588235,34,6.73827272727273,6.41666666666667,6,7.40466666666667,6.344,22,12,1,9,25,6040,2929,3111,674,971,5069,6.41816265397351,6.75990523386822,6.09641272902604,6.01813056379822,6.42503810504634,6.41684561649241,173
"175",2022,9,6.15217391304348,23,6.71428571428571,5.27777777777778,5.375,NA,6.15217391304348,14,9,4,0,23,6063,2943,3120,678,971,5092,6.41715362526802,6.75968821950391,6.09405128205129,6.01433628318584,6.42503810504634,6.41565012372349,174
"176",2022,10,6.20931034482759,29,6.73083333333333,5.84117647058823,5.28,6.77833333333333,6.06086956521739,12,17,5,6,23,6092,2955,3137,683,977,5115,6.4161642202889,6.75957104230119,6.09268090532356,6.00896046852123,6.42720777891505,6.41405482502444,175
"177",2022,11,6.82057142857143,35,6.86909090909091,6.73846153846154,6.125,6.875,6.81354838709677,22,13,4,4,31,6127,2977,3150,687,981,5146,6.41847436428921,6.7603803930131,6.09534603174604,6.00963609898108,6.42903363914373,6.41646141274777,176
"178",2022,12,6.6175,40,7.09,5.2,NA,6.25,6.68235294117647,30,10,0,6,34,6167,3007,3160,687,987,5180,6.41976527160694,6.76366891586299,6.09251265822785,6.00963609898108,6.4279452887538,6.41820664671815,177
