"","year","month","avg_rating","no_ratings","avg_rating_owned","avg_rating_not_owned","avg_rating_prev_owned","avg_rating_comment","avg_rating_no_comment","no_ratings_owned","no_ratings_not_owned","no_ratings_prev_owned","no_ratings_comment","no_ratings_no_comment","cum_no_ratings","cum_no_ratings_owned","cum_no_ratings_not_owned","cum_no_ratings_prev_owned","cum_no_ratings_comment","cum_no_ratings_no_comment","cum_avg_rating","cum_avg_rating_owned","cum_avg_rating_not_owned","cum_avg_rating_prev_owned","cum_avg_rating_comment","cum_avg_rating_no_comment","month_after_release"
"1",2008,8,6.5,4,6.5,6.5,NA,NA,6.5,2,2,0,0,4,4,2,2,0,0,4,6.5,6.5,6.5,NA,NA,6.5,0
"2",2008,9,6.41176470588235,17,7.5,6.07692307692308,7,6.5625,6.27777777777778,4,13,1,8,9,21,6,15,1,8,13,6.42857142857143,7.16666666666667,6.13333333333333,7,6.5625,6.34615384615385,1
"3",2008,10,6.6719298245614,57,6.92,6.478125,6.7,6.41379310344828,6.93928571428571,25,32,4,29,28,78,31,47,5,37,41,6.60641025641026,6.96774193548387,6.36808510638298,6.76,6.44594594594595,6.75121951219512,2
"4",2008,11,6.19795918367347,49,6.888,5.47916666666667,6.83333333333333,6.13684210526316,6.23666666666667,25,24,3,19,30,127,56,71,8,56,71,6.4488188976378,6.93214285714286,6.06760563380282,6.7875,6.34107142857143,6.53380281690141,3
"5",2008,12,6.859375,48,7.18,6.51086956521739,7.08333333333333,6.94444444444444,6.80833333333333,25,23,3,18,30,175,81,94,11,74,101,6.56142857142857,7.00864197530864,6.17606382978723,6.86818181818182,6.48783783783784,6.61534653465347,4
"6",2009,1,6.65888888888889,45,7.40652173913043,5.87727272727273,7.20833333333333,6.13157894736842,7.04423076923077,23,22,6,19,26,220,104,116,17,93,127,6.58136363636364,7.09663461538462,6.11939655172414,6.98823529411765,6.41505376344086,6.70314960629921,5
"7",2009,2,6.83823529411765,34,6.6875,6.97222222222222,7,6.85,6.83333333333333,16,18,6,10,24,254,120,134,23,103,151,6.61574803149606,7.04208333333333,6.2339552238806,6.99130434782609,6.45728155339806,6.72384105960265,6
"8",2009,3,6.39393939393939,33,6.80769230769231,6.125,6,6.33333333333333,6.41666666666667,13,20,5,9,24,287,133,154,28,112,175,6.59024390243902,7.01917293233083,6.21980519480519,6.81428571428571,6.44732142857143,6.68171428571429,7
"9",2009,4,6.65142857142857,35,7.17692307692308,6.34090909090909,6,7.5,6.54193548387097,13,22,2,4,31,322,146,176,30,116,206,6.59689440993789,7.03321917808219,6.23494318181818,6.76,6.48362068965517,6.66067961165048,8
"10",2009,5,6.56451612903226,31,6.84615384615385,6.36111111111111,6.875,5.9375,6.78260869565217,13,18,4,8,23,353,159,194,34,124,229,6.59405099150142,7.01792452830189,6.24664948453608,6.77352941176471,6.44838709677419,6.67292576419214,9
"11",2009,6,6.04047619047619,21,6.73333333333333,5.52083333333333,5.5,5.8,6.115625,9,12,4,5,16,374,168,206,38,129,245,6.5629679144385,7.00267857142857,6.20436893203883,6.63947368421053,6.42325581395349,6.6365306122449,10
"12",2009,7,6.45945945945946,37,7,5.57142857142857,6.25,5.82142857142857,6.60833333333333,23,14,6,7,30,411,191,220,44,136,275,6.5536496350365,7.00235602094241,6.16409090909091,6.58636363636364,6.39227941176471,6.63345454545455,11
"13",2009,8,6.39,25,6.53846153846154,6.22916666666667,7,4.95,6.75,13,12,2,5,20,436,204,232,46,141,295,6.54426605504587,6.97279411764706,6.16745689655172,6.60434782608696,6.34113475177305,6.64135593220339,12
"14",2009,9,6.9695652173913,23,7.4125,6.73333333333333,6.33333333333333,6.6875,7.12,8,15,3,8,15,459,212,247,49,149,310,6.56557734204793,6.98938679245283,6.20182186234818,6.58775510204082,6.35973154362416,6.66451612903226,13
"15",2009,10,6.485,20,7.1875,6.01666666666667,6,5.58,6.78666666666667,8,12,2,5,15,479,220,259,51,154,325,6.56221294363257,6.99659090909091,6.19324324324324,6.56470588235294,6.33441558441558,6.67015384615385,14
"16",2009,11,6.35714285714286,21,7.6875,5.53846153846154,6.08333333333333,6.35714285714286,6.35714285714286,8,13,6,7,14,500,228,272,57,161,339,6.5536,7.02083333333333,6.16194852941176,6.5140350877193,6.33540372670807,6.65722713864307,15
"17",2009,12,6.568,25,6.74444444444444,6.46875,6.2625,6.4625,6.61764705882353,9,16,8,8,17,525,237,288,65,169,356,6.55428571428571,7.01033755274262,6.17899305555556,6.48307692307692,6.34142011834319,6.65533707865169,16
"18",2010,1,6.14558823529412,34,6.4725,5.67857142857143,5.55,5.14285714285714,6.40555555555556,20,14,10,7,27,559,257,302,75,176,383,6.52942754919499,6.96848249027237,6.15579470198675,6.35866666666667,6.29375,6.63772845953003,17
"19",2010,2,6.73611111111111,18,6.85,6.59375,6,7.08333333333333,6.5625,10,8,1,6,12,577,267,310,76,182,395,6.53587521663778,6.96404494382022,6.16709677419355,6.35394736842105,6.31978021978022,6.63544303797468,18
"20",2010,3,6.23684210526316,19,6.9,5.5,7,5.5,6.57692307692308,10,9,3,6,13,596,277,319,79,188,408,6.52634228187919,6.96173285198556,6.14827586206896,6.37848101265823,6.29361702127659,6.63357843137255,19
"21",2010,4,6.24666666666667,15,7.07777777777778,5,5.5,7.3,5.72,9,6,4,5,10,611,286,325,83,193,418,6.51947626841244,6.96538461538462,6.12707692307692,6.33614457831325,6.31968911917098,6.61172248803828,20
"22",2010,5,6.84615384615385,13,6.8,6.875,5.75,6.2,7.25,5,8,4,5,8,624,291,333,87,198,426,6.52628205128205,6.96254295532646,6.14504504504504,6.30919540229885,6.31666666666667,6.62370892018779,21
"23",2010,6,6.54545454545455,11,6.75,6.3,6,6.1,6.91666666666667,6,5,1,5,6,635,297,338,88,203,432,6.52661417322835,6.95824915824916,6.14733727810651,6.30568181818182,6.31133004926108,6.62777777777778,22
"24",2010,7,6.525,10,7.125,5.625,4.75,5,6.90625,6,4,2,2,8,645,303,342,90,205,440,6.52658914728682,6.96155115511551,6.14122807017544,6.27111111111111,6.29853658536585,6.63284090909091,23
"25",2010,8,6.49631578947368,19,7.21444444444444,5.85,6.25,6.875,6.39533333333333,9,10,6,4,15,664,312,352,96,209,455,6.52572289156627,6.96884615384615,6.13295454545454,6.26979166666667,6.30956937799043,6.62501098901099,24
"26",2010,9,6.37368421052632,19,6.52,6.32142857142857,6.21428571428571,5.75,6.44705882352941,5,14,7,2,17,683,317,366,103,211,472,6.5214934114202,6.9617665615142,6.14016393442623,6.26601941747573,6.3042654028436,6.61860169491525,25
"27",2010,10,6.54,15,6.75,6.3,6.15,5.93333333333333,6.69166666666667,8,7,4,3,12,698,325,373,107,214,484,6.52189111747851,6.95655384615385,6.14316353887399,6.26168224299065,6.29906542056075,6.6204132231405,26
"28",2010,11,6.32727272727273,22,6.74444444444444,6.03846153846154,6.125,6.6,6.2,9,13,8,7,15,720,334,386,115,221,499,6.51594444444444,6.95083832335329,6.13963730569948,6.25217391304348,6.30859728506787,6.6077755511022,27
"29",2010,12,5.97222222222222,9,6.82142857142857,3,3,4.75,6.32142857142857,7,2,2,2,7,729,341,388,117,223,506,6.50923182441701,6.94818181818182,6.12345360824742,6.1965811965812,6.29461883408072,6.60381422924901,28
"30",2011,1,6,27,6.6,5.64705882352941,5.5,5.11111111111111,6.44444444444444,10,17,6,9,18,756,351,405,123,232,524,6.49104497354497,6.93826210826211,6.10345679012346,6.16260162601626,6.24870689655172,6.59833969465649,29
"31",2011,2,6.83157894736842,19,7.15,6.28571428571429,6.28571428571429,6,6.9875,12,7,7,3,16,775,363,412,130,235,540,6.4993935483871,6.94526170798898,6.10655339805825,6.16923076923077,6.24553191489362,6.60987037037037,30
"32",2011,3,6.64285714285714,21,6.78571428571429,6.57142857142857,7.16666666666667,7,6.60526315789474,7,14,3,2,19,796,370,426,133,237,559,6.5031783919598,6.94224324324324,6.12183098591549,6.19172932330827,6.25189873417721,6.6097137745975,31
"33",2011,4,5.75333333333333,15,6.6,4.78571428571429,NA,4,6.39090909090909,8,7,0,4,11,811,378,433,133,241,570,6.4893094944513,6.935,6.10023094688222,6.19172932330827,6.21452282157676,6.60549122807018,32
"34",2011,5,6.82307692307692,13,7.525,5.7,6,6,6.97272727272727,8,5,3,2,11,824,386,438,136,243,581,6.49457524271845,6.94722797927461,6.09566210045662,6.1875,6.21275720164609,6.61244406196213,33
"35",2011,6,6.98611111111111,18,7.38461538461539,5.95,NA,5.25,7.33333333333333,13,5,0,3,15,842,399,443,136,246,596,6.50508313539193,6.96147869674185,6.09401805869074,6.1875,6.2010162601626,6.63058724832215,34
"36",2011,7,6.90454545454545,11,6.82777777777778,7.25,NA,8,6.795,9,2,0,1,10,853,408,445,136,247,606,6.51023446658851,6.95852941176471,6.09921348314607,6.1875,6.2082995951417,6.633300330033,35
"37",2011,8,7.05,10,7.3125,6,NA,NA,7.05,8,2,0,0,10,863,416,447,136,247,616,6.51648899188876,6.96533653846154,6.09876957494407,6.1875,6.2082995951417,6.64006493506494,36
"38",2011,9,7.11538461538461,13,7.38888888888889,6.5,6.5,6,7.31818181818182,9,4,4,2,11,876,425,451,140,249,627,6.52537671232877,6.97430588235294,6.10232815964523,6.19642857142857,6.2066265060241,6.65196172248804,37
"39",2011,10,6.92857142857143,14,7,6.83333333333333,7,5.66666666666667,7.27272727272727,8,6,1,3,11,890,433,457,141,252,638,6.5317191011236,6.97478060046189,6.11192560175055,6.20212765957447,6.20019841269841,6.66266457680251,38
"40",2011,11,6.83846153846154,13,7.12857142857143,6.5,6.33333333333333,6.6,6.94444444444444,7,6,3,4,9,903,440,463,144,256,647,6.53613510520487,6.97722727272727,6.11695464362851,6.20486111111111,6.2064453125,6.66658423493045,39
"41",2011,12,6.26086956521739,23,6.64285714285714,5.66666666666667,6,6.64285714285714,6.09375,14,9,2,7,16,926,454,472,146,263,663,6.52929805615551,6.96691629955947,6.1083686440678,6.20205479452055,6.2180608365019,6.65276018099548,40
"42",2012,1,6.2578947368421,19,7.14615384615385,4.33333333333333,2,5.91666666666667,6.41538461538462,13,6,1,6,13,945,467,478,147,269,676,6.52384126984127,6.97190578158458,6.08608786610878,6.1734693877551,6.21133828996282,6.64819526627219,41
"43",2012,2,6.37222222222222,18,6.5,6.24444444444444,6.8,6.54,6.30769230769231,9,9,4,5,13,963,476,487,151,274,689,6.52100726895119,6.96298319327731,6.08901437371663,6.19006622516556,6.21733576642336,6.64177068214804,42
"44",2012,3,6.5,10,6.4,6.6,7.5,5.66666666666667,6.85714285714286,5,5,2,3,7,973,481,492,153,277,696,6.52079136690647,6.95713097713098,6.09420731707317,6.20718954248366,6.21137184115523,6.6439367816092,43
"45",2012,4,6.44166666666667,12,6.6625,6,5.5,7,6.33,8,4,2,2,10,985,489,496,155,279,706,6.51982741116751,6.95231083844581,6.09344758064516,6.19806451612903,6.21702508960573,6.63949008498584,44
"46",2012,5,6.21363636363636,11,6.59444444444444,4.5,5,5.9625,6.35714285714286,9,2,1,4,7,996,498,498,156,283,713,6.51644578313253,6.94584337349398,6.08704819277108,6.19038461538462,6.21342756183746,6.63671809256662,45
"47",2012,6,6.4125,8,7.65,6,5.33333333333333,6,6.47142857142857,2,6,3,1,7,1004,500,504,159,284,720,6.51561752988048,6.94866,6.0860119047619,6.17421383647799,6.21267605633803,6.63511111111111,46
"48",2012,7,6.63,8,7.375,5.885,6,7.25,6.42333333333333,4,4,2,2,6,1012,504,508,161,286,726,6.51652173913044,6.95204365079365,6.08442913385827,6.17204968944099,6.21993006993007,6.6333608815427,47
"49",2012,8,6.86363636363636,22,7.0625,6.33333333333333,6,6.125,7.02777777777778,16,6,2,4,18,1034,520,514,163,290,744,6.52390715667311,6.95544230769231,6.08733463035019,6.16993865030675,6.21862068965517,6.64290322580645,48
"50",2012,9,6.70833333333333,12,6.9375,6.25,6.66666666666667,7,6.68181818181818,8,4,3,1,11,1046,528,518,166,291,755,6.52602294455067,6.95517045454546,6.08859073359073,6.1789156626506,6.2213058419244,6.6434701986755,49
"51",2012,10,6.29333333333333,15,6.73333333333333,6,7.5,7.5,6.20714285714286,6,9,3,1,14,1061,534,527,169,292,769,6.52273327049953,6.95267790262172,6.08707779886148,6.20236686390532,6.22568493150685,6.6355266579974,50
"52",2012,11,6.47222222222222,18,7.55555555555556,5.38888888888889,5.6,5.5,6.84615384615385,9,9,5,5,13,1079,543,536,174,297,782,6.521890639481,6.96267034990792,6.07535447761194,6.18505747126437,6.21346801346801,6.63902813299233,51
"53",2012,12,6.66666666666667,18,6.95,6.3125,6.125,7,6.625,10,8,4,2,16,1097,553,544,178,299,798,6.52426618049225,6.96244122965642,6.0788419117647,6.18370786516854,6.21872909698997,6.63874686716792,52
"54",2013,1,6.43913043478261,23,6.62857142857143,6.14444444444444,6.26,6.575,6.41052631578947,14,9,5,4,19,1120,567,553,183,303,817,6.52251785714286,6.9541975308642,6.0799095840868,6.18579234972677,6.22343234323432,6.6334394124847,53
"55",2013,2,6.83333333333333,15,7.0625,6.57142857142857,8.5,6.83333333333333,6.83333333333333,8,7,1,3,12,1135,575,560,184,306,829,6.52662555066079,6.95570434782609,6.08605357142857,6.19836956521739,6.22941176470588,6.63633293124246,54
"56",2013,3,6.740625,16,7.33333333333333,6.385,6.5,6.8,6.73214285714286,6,10,4,2,14,1151,581,570,188,308,843,6.52960034752389,6.95960413080895,6.09129824561403,6.20478723404255,6.23311688311688,6.63792408066429,55
"57",2013,4,6.5,6,6,6.75,7,7,6.25,2,4,1,2,4,1157,583,574,189,310,847,6.52944684528954,6.95631217838765,6.09588850174216,6.20899470899471,6.23806451612903,6.63609208972845,56
"58",2013,5,6.34615384615385,13,7.125,6,5.6,7,6.22727272727273,4,9,5,2,11,1170,587,583,194,312,858,6.52741025641026,6.95746166950596,6.09440823327616,6.19329896907216,6.24294871794872,6.63085081585082,57
"59",2013,6,6.49333333333333,15,7.3,5.57142857142857,6.66666666666667,6.25,6.53076923076923,8,7,3,2,13,1185,595,590,197,314,871,6.52697890295359,6.96206722689076,6.08820338983051,6.2005076142132,6.24299363057325,6.6293570608496,58
"60",2013,7,6.4,12,6.56,6.28571428571429,5.75,5.16666666666667,6.81111111111111,5,7,2,3,9,1197,600,597,199,317,880,6.5257059314954,6.95871666666667,6.09051926298157,6.19597989949749,6.23280757097792,6.63121590909091,59
"61",2013,8,6.86666666666667,15,7.3,6.21666666666667,4,6.35,6.94615384615385,9,6,1,2,13,1212,609,603,200,319,893,6.52992574257426,6.96376026272578,6.09177446102819,6.185,6.23354231974922,6.6358006718925,60
"62",2013,9,6.7,10,7.125,5,4,NA,6.7,8,2,1,0,10,1222,617,605,201,319,903,6.53131751227496,6.96585089141005,6.0881652892562,6.17412935323383,6.23354231974922,6.63651162790698,61
"63",2013,10,7.4,5,7.4,NA,NA,10,6.75,5,0,0,1,4,1227,622,605,201,320,907,6.53485737571312,6.96934083601286,6.0881652892562,6.17412935323383,6.2453125,6.63701212789416,62
"64",2013,11,6.46666666666667,15,6.6,6.2,6.25,6.75,6.36363636363636,10,5,4,4,11,1242,632,610,205,324,918,6.53403381642512,6.96349683544304,6.08908196721311,6.17560975609756,6.25154320987654,6.63373638344227,63
"65",2013,12,6.53333333333333,15,6.57142857142857,6.5,6.5,6.5,6.53846153846154,7,8,4,2,13,1257,639,618,209,326,931,6.53402545743835,6.95920187793427,6.09440129449838,6.18181818181818,6.25306748466258,6.63240601503759,64
"66",2014,1,6.49444444444444,18,6.76363636363636,6.07142857142857,6.16666666666667,8,6.30625,11,7,3,2,16,1275,650,625,212,328,947,6.53346666666667,6.95589230769231,6.094144,6.1816037735849,6.26371951219512,6.6268954593453,65
"67",2014,2,6.71666666666667,15,7.23181818181818,5.3,5.6,6.6,6.73461538461538,11,4,2,2,13,1290,661,629,214,330,960,6.53559689922481,6.96048411497731,6.08909379968203,6.17616822429906,6.26575757575758,6.62835416666667,66
"68",2014,3,6.85714285714286,7,6.83333333333333,7,7,7,6.83333333333333,6,1,1,1,6,1297,667,630,215,331,966,6.53733230531997,6.95934032983508,6.09053968253968,6.18,6.26797583081571,6.62962732919255,67
"69",2014,4,6.225,10,5.9,6.55,5.5,5.875,6.45833333333333,5,5,2,4,6,1307,672,635,217,335,972,6.53494261667942,6.95145833333333,6.09415748031496,6.17373271889401,6.26328358208955,6.62856995884774,68
"70",2014,5,6.86666666666667,15,7.04166666666667,6.16666666666667,5.75,9,6.71428571428571,12,3,2,1,14,1322,684,638,219,336,986,6.53870650529501,6.95304093567252,6.09449843260188,6.16986301369863,6.27142857142857,6.62978701825558,69
"71",2014,6,5.83333333333333,12,6.3,5.5,6.75,5.5,5.9,5,7,2,2,10,1334,689,645,221,338,996,6.53236131934033,6.94830188679245,6.08804651162791,6.17511312217195,6.26686390532544,6.62245983935743,70
"72",2014,7,6.46666666666667,9,7.24,5.5,6,5.1,6.85714285714286,5,4,2,2,7,1343,694,649,223,340,1003,6.53192107222636,6.95040345821326,6.08442218798151,6.17354260089686,6.26,6.62409770687936,71
"73",2014,8,6,9,6.66666666666667,5.66666666666667,5.5,7,5.875,3,6,4,1,8,1352,697,655,227,341,1011,6.52838017751479,6.94918220946915,6.08059541984733,6.16167400881057,6.26217008797654,6.61817012858556,72
"74",2014,9,5.86666666666667,9,7.16666666666667,5.21666666666667,5.15,5,6.11428571428571,3,6,2,2,7,1361,700,661,229,343,1018,6.52400440852314,6.95011428571429,6.07275340393343,6.1528384279476,6.25481049562682,6.61470530451866,73
"75",2014,10,5.90583333333333,12,6.25,5.73375,5.5,6,5.89727272727273,4,8,4,1,11,1373,704,669,233,344,1029,6.51860160233066,6.94613636363636,6.0686995515695,6.14163090128755,6.25406976744186,6.60703595724004,74
"76",2014,11,6.3,10,7,5.25,6.5,5.66666666666667,6.57142857142857,6,4,2,3,7,1383,710,673,235,347,1036,6.51702096890817,6.94659154929577,6.06383358098068,6.14468085106383,6.24899135446686,6.60679536679537,75
"77",2014,12,6.76111111111111,18,7.05,6.4,6,7,6.74705882352941,10,8,5,1,17,1401,720,681,240,348,1053,6.52015703069236,6.94802777777778,6.06778267254038,6.14166666666667,6.25114942528736,6.60905982905983,76
"78",2015,1,6.86,20,7.26666666666667,6.25,6.25,7,6.84444444444444,12,8,4,2,18,1421,732,689,244,350,1071,6.52494018296974,6.95325136612022,6.06989840348331,6.14344262295082,6.25542857142857,6.61301587301587,77
"79",2015,2,6.12058823529412,17,7.11111111111111,5.00625,6,6.375,6.04230769230769,9,8,1,4,13,1438,741,697,245,354,1084,6.52015994436718,6.95516869095816,6.05769010043041,6.14285714285714,6.25677966101695,6.60617158671587,78
"80",2015,3,6.40909090909091,11,6.6875,5.66666666666667,5,NA,6.40909090909091,8,3,1,0,11,1449,749,700,246,354,1095,6.51931677018634,6.95230974632844,6.05601428571428,6.13821138211382,6.25677966101695,6.60419178082192,79
"81",2015,4,6.35454545454545,11,6.65,6,6,NA,6.35454545454545,6,5,2,0,11,1460,755,705,248,354,1106,6.51807534246575,6.94990728476821,6.05561702127659,6.13709677419355,6.25677966101695,6.60170886075949,80
"82",2015,5,6.64705882352941,17,7.4375,5.94444444444444,5.7,4.5,6.93333333333333,8,9,5,2,15,1477,763,714,253,356,1121,6.51955991875423,6.95501965923984,6.05421568627451,6.12845849802371,6.24691011235955,6.60614629794826,81
"83",2015,6,5.8,5,5.8,NA,NA,6,5.75,5,0,0,1,4,1482,768,714,253,357,1125,6.5171322537112,6.9475,6.05421568627451,6.12845849802371,6.24621848739496,6.60310222222222,82
"84",2015,7,6.85454545454545,11,7.41666666666667,6.18,5.95,9,6.64,6,5,2,1,10,1493,774,719,255,358,1135,6.51961821835231,6.95113695090439,6.05509040333797,6.12705882352941,6.25391061452514,6.60342731277533,83
"85",2015,8,5,12,5.125,4.9375,5.1,5,5,4,8,5,1,11,1505,778,727,260,359,1146,6.50750166112957,6.94174807197943,6.04279229711141,6.10730769230769,6.25041782729805,6.58803664921466,84
"86",2015,9,5.775,12,6,5.7,7.25,7,5.66363636363636,3,9,2,1,11,1517,781,736,262,360,1157,6.50170731707317,6.93813060179257,6.03860054347826,6.11603053435114,6.2525,6.57924805531547,85
"87",2015,10,6.46166666666667,15,6.7375,6.27777777777778,5.75,6.48125,6.45454545454545,6,9,4,4,11,1532,787,745,266,364,1168,6.50131527415144,6.93660101651842,6.0414899328859,6.11052631578947,6.25501373626374,6.57807363013699,86
"88",2015,11,6.3125,8,6.625,6,6,6.5,6.25,4,4,2,2,6,1540,791,749,268,366,1174,6.50033441558442,6.93502528445006,6.04126835781041,6.10970149253731,6.25635245901639,6.57639693356048,87
"89",2015,12,6.43090909090909,22,6.88307692307692,5.77777777777778,6,6.21428571428571,6.532,13,9,7,7,15,1562,804,758,275,373,1189,6.49935659411011,6.93418532338308,6.03813984168865,6.10690909090909,6.25556300268096,6.57583683767872,88
"90",2016,1,6.75,12,6.71428571428571,6.8,7.25,6.75,6.75,7,5,2,2,10,1574,811,763,277,375,1199,6.50126747141042,6.93228729963008,6.04313237221494,6.11516245487365,6.2582,6.57728940783987,89
"91",2016,2,5.08333333333333,6,NA,5.08333333333333,5.125,6,4.9,0,6,4,1,5,1580,811,769,281,376,1204,6.4958829113924,6.93228729963008,6.03564369310793,6.10106761565836,6.25751329787234,6.57032392026578,90
"92",2016,3,6.33111111111111,18,6.54166666666667,5.91,5.592,5.9,6.49692307692308,12,6,5,5,13,1598,823,775,286,381,1217,6.49402690863579,6.92659173754556,6.03467096774193,6.09216783216783,6.25282152230971,6.56953985209532,91
"93",2016,4,6.825,12,7.08333333333333,6.56666666666667,6.5,7,6.80909090909091,6,6,2,1,11,1610,829,781,288,382,1228,6.49649378881987,6.9277261761158,6.03875800256082,6.095,6.25477748691099,6.57168566775244,92
"94",2016,5,6.55555555555556,9,6.71428571428571,6,7,NA,6.55555555555556,7,2,1,0,9,1619,836,783,289,382,1237,6.49682211241507,6.92593899521531,6.03865900383141,6.09813148788927,6.25477748691099,6.57156831042846,93
"95",2016,6,6.88888888888889,9,7,6.5,6,NA,6.88888888888889,7,2,1,0,9,1628,843,785,290,382,1246,6.49898955773956,6.92655397390273,6.03983439490446,6.09779310344828,6.25477748691099,6.57386035313002,94
"96",2016,7,6.41,10,6.54285714285714,6.1,5,5.93333333333333,6.61428571428571,7,3,1,3,7,1638,850,788,291,385,1253,6.49844627594628,6.92339411764706,6.04006345177665,6.0940206185567,6.25227272727273,6.57408619313647,95
"97",2016,8,5.88888888888889,9,5.875,6,NA,8,5.625,8,1,0,1,8,1647,858,789,291,386,1261,6.4951153612629,6.91361888111888,6.04001267427123,6.0940206185567,6.25680051813471,6.56806502775575,96
"98",2016,9,6.27083333333333,12,6,6.54166666666667,5.66666666666667,6.25,6.27272727272727,6,6,3,1,11,1659,864,795,294,387,1272,6.49349306811332,6.90727430555555,6.04379874213836,6.08965986394558,6.25678294573643,6.56551100628931,97
"99",2016,10,6,9,6.6,5.25,4,4,6.25,5,4,1,1,8,1668,869,799,295,388,1280,6.49083033573141,6.90550632911392,6.03982478097622,6.08257627118644,6.25096649484536,6.5635390625,98
"100",2016,11,5.90214285714286,14,5.73285714285714,6.07142857142857,5.75,6,5.89461538461538,7,7,6,1,13,1682,876,806,301,389,1293,6.48593043995244,6.89613584474886,6.04009925558312,6.07594684385382,6.25032133676093,6.55681361175561,99
"101",2016,12,6.52307692307692,13,6.47777777777778,6.625,6.2,6.325,6.61111111111111,9,4,4,4,9,1695,885,810,305,393,1302,6.48621533923304,6.8918813559322,6.04298765432099,6.0775737704918,6.25108142493639,6.55718894009217,100
"102",2017,1,6.18181818181818,22,6.64285714285714,5.375,6,5.5,6.33333333333333,14,8,4,4,18,1717,899,818,309,397,1320,6.48231508444962,6.88800333704116,6.03645476772616,6.07656957928802,6.24351385390428,6.55413636363636,101
"103",2017,2,6.02777777777778,9,5.66666666666667,6.75,6.625,6,6.03125,6,3,2,1,8,1726,905,821,311,398,1328,6.4799449594438,6.87990607734807,6.03906211936662,6.08009646302251,6.24290201005025,6.55098644578313,102
"104",2017,3,5.66666666666667,9,6.6,4.5,NA,3.5,6.28571428571429,5,4,0,2,7,1735,910,825,311,400,1335,6.47572622478386,6.87836813186813,6.0316,6.08009646302251,6.2291875,6.54959550561798,103
"105",2017,4,6.61111111111111,9,6.8125,5,NA,8,6.4375,8,1,0,1,8,1744,918,826,311,401,1343,6.4764248853211,6.87779411764706,6.03035108958838,6.08009646302251,6.23360349127182,6.5489277736411,104
"106",2017,5,6.22727272727273,11,6.71428571428571,5.375,NA,7.5,6.1,7,4,0,1,10,1755,925,830,311,402,1353,6.47486324786325,6.87655675675676,6.02719277108433,6.08009646302251,6.23675373134328,6.54560975609756,105
"107",2017,6,6,5,7,4.5,7,2,7,3,2,1,1,4,1760,928,832,312,403,1357,6.47351420454545,6.87695581896552,6.02352163461538,6.08304487179487,6.22624069478908,6.54694915254237,106
"108",2017,7,6.83333333333333,3,NA,6.83333333333333,NA,NA,6.83333333333333,0,3,0,0,3,1763,928,835,312,403,1360,6.47412648893931,6.87695581896552,6.02643113772455,6.08304487179487,6.22624069478908,6.54758088235294,107
"109",2017,8,5.57142857142857,7,7,5,4,6.5,5.2,2,5,2,2,5,1770,930,840,314,405,1365,6.47055649717514,6.87722043010753,6.02032142857143,6.06977707006369,6.22759259259259,6.54264468864469,108
"110",2017,9,5.93333333333333,9,6.1,5.6,NA,6.6,5.85,6,3,0,1,8,1779,936,843,314,406,1373,6.46783867341203,6.87223824786325,6.0188256227758,6.06977707006369,6.22850985221675,6.53860888565186,109
"111",2017,10,5.98333333333333,6,6.5,5.725,5.45,5.45,6.25,2,4,2,2,4,1785,938,847,316,408,1377,6.46621008403361,6.87144456289979,6.01743801652892,6.06585443037974,6.22469362745098,6.53777051561365,110
"112",2017,11,6.55882352941176,17,7.4,5.35714285714286,5.5,4.83333333333333,6.92857142857143,10,7,5,3,14,1802,948,854,321,411,1391,6.46708379578246,6.87702004219409,6.01202576112412,6.05704049844236,6.21453771289538,6.54170381020848,111
"113",2017,12,6.16923076923077,13,6.78333333333333,5.64285714285714,6.25,5.375,6.52222222222222,6,7,2,4,9,1815,954,861,323,415,1400,6.46495041322314,6.87643081761006,6.0090243902439,6.05823529411764,6.20644578313253,6.54157857142857,112
"114",2018,1,6.69283333333333,18,7.24792857142857,4.75,4.5,8,6.4314,14,4,2,3,15,1833,968,865,325,418,1415,6.46718821603928,6.88180371900826,6.00320231213873,6.04864615384615,6.21931818181818,6.54041060070671,113
"115",2018,2,6.875,4,7.33333333333333,5.5,5.5,5.5,7.33333333333333,3,1,1,1,3,1837,971,866,326,419,1418,6.46807621121393,6.88319876416066,6.00262124711316,6.04696319018405,6.21760143198091,6.54208815232722,114
"116",2018,3,6.28571428571429,7,6.8,5,6,4,6.66666666666667,5,2,1,1,6,1844,976,868,327,420,1424,6.46738394793926,6.88277254098361,6.00031105990783,6.04681957186544,6.21232142857143,6.54261306179775,115
"117",2018,4,6.64285714285714,14,6.5625,6.75,6.66666666666667,NA,6.64285714285714,8,6,3,0,14,1858,984,874,330,420,1438,6.46870613562971,6.88016869918699,6.00545766590389,6.05245454545454,6.21232142857143,6.54358901251738,116
"118",2018,5,5.4125,8,6,5.21666666666667,5.26,5,5.47142857142857,2,6,5,1,7,1866,986,880,335,421,1445,6.46417792068596,6.87838336713996,6.00007954545454,6.04062686567164,6.20944180522565,6.53839515570934,117
"119",2018,6,6.825,8,7.52,5.66666666666667,6,4,7.22857142857143,5,3,1,1,7,1874,991,883,336,422,1452,6.46571824973319,6.88162058526741,5.99894677236693,6.04050595238095,6.20420616113744,6.54172245179063,118
"120",2018,7,6.41666666666667,6,6.83333333333333,6,6,9.5,5.8,3,3,1,1,5,1880,994,886,337,423,1457,6.46556170212766,6.88147484909457,5.99895033860045,6.04038575667655,6.21199763593381,6.53917707618394,119
"121",2018,8,6.34375,8,6.79166666666667,5,4,6.75,6.28571428571429,6,2,1,1,7,1888,1000,888,338,424,1464,6.46504555084746,6.880936,5.99670045045045,6.03434911242603,6.21326650943396,6.53796516393442,120
"122",2018,9,7.85,4,7.85,NA,NA,10,7.13333333333333,4,0,0,1,3,1892,1004,888,338,425,1467,6.46797357293869,6.884796812749,5.99670045045045,6.03434911242603,6.22217647058824,6.53918268575324,121
"123",2018,10,6.8,9,6.8,6.8,6.5,6.9,6.75,5,4,1,3,6,1901,1009,892,339,428,1473,6.46954550236717,6.88437661050545,6.00030269058296,6.0357227138643,6.22692757009346,6.54004141208418,122
"124",2018,11,6.875,8,7.41666666666667,5.25,6.5,NA,6.875,6,2,1,0,8,1909,1015,894,340,428,1481,6.4712446306967,6.88752315270936,5.99862416107382,6.03708823529411,6.22692757009346,6.54185077650236,123
"125",2018,12,7.15384615384615,13,7.1,7.33333333333333,NA,6.5,7.27272727272727,10,3,0,2,11,1922,1025,897,340,430,1492,6.4758616024974,6.88959609756098,6.00308807134894,6.03708823529411,6.2281976744186,6.54723927613941,124
"126",2019,1,6.35555555555556,9,6.6,6.05,6.05,NA,6.35555555555556,5,4,4,0,9,1931,1030,901,344,430,1501,6.47530088037286,6.88819029126214,6.00329633740288,6.03723837209302,6.2281976744186,6.54608994003997,125
"127",2019,2,6.54333333333333,6,7.12,5.96666666666667,5.96666666666667,6.45,6.59,3,3,3,2,4,1937,1033,904,347,432,1505,6.47551161590088,6.88886350435624,6.00317477876106,6.03662824207492,6.22922453703704,6.54620664451827,126
"128",2019,3,6.04444444444444,9,6.68,5.25,5,NA,6.04444444444444,5,4,1,0,9,1946,1038,908,348,432,1514,6.47351798561151,6.88785741811175,5.99985682819383,6.03364942528735,6.22922453703704,6.54322391017173,127
"129",2019,4,7.04285714285714,7,7.075,7,NA,NA,7.04285714285714,4,3,0,0,7,1953,1042,911,348,432,1521,6.47555862775217,6.88857581573896,6.00315038419319,6.03364942528735,6.22922453703704,6.54552333990795,128
"130",2019,5,6.35714285714286,7,6.875,5.66666666666667,5,6.5,6.33333333333333,4,3,2,1,6,1960,1046,914,350,433,1527,6.47513571428571,6.88852390057361,6.00204595185995,6.02774285714285,6.22984988452656,6.54468958742633,129
"131",2019,6,6.5625,8,6.7,6.33333333333333,6,6,6.9,5,3,3,3,5,1968,1051,917,353,436,1532,6.47549085365853,6.88762702188392,6.00312977099236,6.02750708215297,6.22826834862385,6.54584921671018,130
"132",2019,7,6,14,6.11111111111111,5.8,NA,5.5,6.08333333333333,9,5,0,2,12,1982,1060,922,353,438,1544,6.47213218970736,6.88103396226415,6.00202819956616,6.02750708215297,6.22494292237443,6.54225453367876,131
"133",2019,8,7.125,8,8.83333333333333,6.1,6,7.5,7,3,5,1,2,6,1990,1063,927,354,440,1550,6.4747567839196,6.88654374412041,6.0025566343042,6.02742937853107,6.23073863636364,6.5440264516129,132
"134",2019,9,6.95,4,7.8,6.66666666666667,NA,6,7.26666666666667,1,3,0,1,3,1994,1064,930,354,441,1553,6.47571013039117,6.8874022556391,6.00469892473118,6.02742937853107,6.23021541950113,6.54542240824211,133
"135",2019,10,7,3,7,NA,NA,NA,7,3,0,0,0,3,1997,1067,930,354,441,1556,6.47649774661993,6.88771883786317,6.00469892473118,6.02742937853107,6.23021541950113,6.54629884318766,134
"136",2019,11,7.38,5,7.725,6,6,6.5,7.6,4,1,1,1,4,2002,1071,931,355,442,1560,6.47875424575424,6.89084593837535,6.00469387755102,6.02735211267605,6.2308257918552,6.54900064102564,135
"137",2019,12,6.45,10,6.16666666666667,6.875,6,6,6.5,6,4,1,1,9,2012,1077,935,356,443,1569,6.47861133200795,6.88681151346332,6.00841711229946,6.02727528089887,6.23030474040632,6.54871956660293,136
"138",2020,1,6.57142857142857,7,7.4,4.5,NA,7,6.5,5,2,0,1,6,2019,1082,937,356,444,1575,6.47893313521545,6.88918299445471,6.00519743863394,6.02727528089887,6.23203828828829,6.54853396825397,137
"139",2020,2,6,3,6.5,5,5,NA,6,2,1,1,0,3,2022,1084,938,357,444,1578,6.47822255192878,6.88846494464945,6.00412579957356,6.02439775910364,6.23203828828829,6.54749112801014,138
"140",2020,3,5.7,5,5.875,5,NA,4.5,6.5,4,1,0,2,3,2027,1088,939,357,446,1581,6.47630291070547,6.88473897058824,6.00305644302449,6.02439775910364,6.22427130044843,6.54740101201771,139
"141",2020,4,6.42857142857143,14,6.88888888888889,5.6,5.5,6,6.54545454545455,9,5,2,3,11,2041,1097,944,359,449,1592,6.4759755022048,6.88477301731996,6.00092161016949,6.02147632311977,6.2227728285078,6.54738756281407,140
"142",2020,5,6.60666666666667,9,6.8075,5,5,7,6.5575,8,1,1,1,8,2050,1105,945,360,450,1600,6.47654926829268,6.88421357466063,5.99986243386243,6.01863888888889,6.2245,6.547438125,141
"143",2020,6,5.8,5,7,5,NA,7,5.5,2,3,0,1,4,2055,1107,948,360,451,1604,6.47490316301703,6.88442276422764,5.99669831223628,6.01863888888889,6.22621951219512,6.54482605985037,142
"144",2020,7,7.25,4,7.25,NA,NA,NA,7.25,4,0,0,0,4,2059,1111,948,360,451,1608,6.47640893637688,6.88573897389739,5.99669831223628,6.01863888888889,6.22621951219512,6.54658022388059,143
"145",2020,8,7.27777777777778,9,7.58571428571429,6.2,6.2,5,7.5625,7,2,2,1,8,2068,1118,950,362,452,1616,6.47989651837524,6.89012164579606,5.99712631578947,6.0196408839779,6.22350663716814,6.55160952970297,144
"146",2020,9,7.2,5,6,7.5,7,8,7,1,4,1,1,4,2073,1119,954,363,453,1620,6.4816333815726,6.88932618409294,6.00342767295597,6.02234159779614,6.22742825607064,6.55271666666666,145
"147",2020,10,6.31428571428571,7,6.3,6.33333333333333,5,7.2,6.16666666666667,4,3,1,1,6,2080,1123,957,364,454,1626,6.48107019230769,6.88722707034728,6.0044618599791,6.01953296703296,6.2295704845815,6.55129212792128,146
"148",2020,11,6.44444444444444,9,6.5,6.4,6.5,4,6.75,4,5,2,1,8,2089,1127,962,366,455,1634,6.48091239827668,6.88585270629991,6.00651767151767,6.02215846994535,6.22467032967033,6.55226499388005,147
"149",2020,12,7.03333333333333,15,7.11538461538461,6.5,7,NA,7.03333333333333,13,2,1,0,15,2104,1140,964,367,455,1649,6.48485076045627,6.8884701754386,6.00754149377593,6.02482288828338,6.22467032967033,6.55664099454214,148
"150",2021,1,6.16666666666667,12,7,5.57142857142857,5.66666666666667,NA,6.16666666666667,5,7,3,0,12,2116,1145,971,370,455,1661,6.48304631379962,6.88895720524018,6.00439752832131,6.02191891891892,6.22467032967033,6.55382360024082,149
"151",2021,2,5.38667,1,5.38667,NA,NA,NA,5.38667,1,0,0,0,1,2117,1146,971,370,455,1662,6.4825284222957,6.88764630890052,6.00439752832131,6.02191891891892,6.22467032967033,6.55312134175692,150
"152",2021,3,6.33333333333333,6,7.33333333333333,5.33333333333333,NA,6,6.4,3,3,0,1,5,2123,1149,974,370,456,1667,6.4821067687235,6.88880998259356,6.00233059548254,6.02191891891892,6.22417763157895,6.55266206958608,151
"153",2021,4,5.75,4,5.75,NA,NA,NA,5.75,4,0,0,0,4,2127,1153,974,370,456,1671,6.48072998119417,6.88485921075455,6.00233059548254,6.02191891891892,6.22417763157895,6.55074067624177,152
"154",2021,5,5.6,5,5.25,7,7,7,5.25,4,1,1,1,4,2132,1157,975,371,457,1675,6.4786644793621,6.87920714779602,6.00335384615384,6.02455525606469,6.22587527352298,6.54763442985074,153
"155",2021,6,7.475,4,7.73333333333333,6.7,NA,7.45,7.5,3,1,0,2,2,2136,1160,976,371,459,1677,6.48053027621723,6.88141609482759,6.00406762295082,6.02455525606469,6.2312091503268,6.54877022659511,154
"156",2021,7,4.5,4,4,6,6,5,4,3,1,1,2,2,2140,1163,977,372,461,1679,6.47682835046729,6.87398337919175,6.00406345957011,6.02448924731182,6.22586767895879,6.5457341691483,155
"157",2021,8,6.4375,8,6.5,6.33333333333333,NA,5.33333333333333,7.1,5,3,0,3,5,2148,1168,980,372,464,1684,6.47668187616387,6.87238242294521,6.00507142857143,6.02448924731182,6.22009698275862,6.54737985154394,156
"158",2021,9,5.42857142857143,7,5.75,5,NA,4,5.66666666666667,4,3,0,1,6,2155,1172,983,372,465,1690,6.47327734106728,6.8685517662116,6.00200406917599,6.02448924731182,6.21532258064516,6.5442530591716,157
"159",2021,10,5.5,4,6,4,4,NA,5.5,3,1,1,0,4,2159,1175,984,373,465,1694,6.47147414080593,6.86633418723404,5.99996951219512,6.01906166219839,6.21532258064516,6.54178729043683,158
"160",2021,11,5.83333333333333,6,6.5,5.5,4,NA,5.83333333333333,2,4,1,0,6,2165,1177,988,374,465,1700,6.46970562124711,6.86571169923534,5.99794534412955,6.01366310160427,6.21532258064516,6.53928686470588,159
"161",2021,12,6.66666666666667,3,6.5,7,NA,NA,6.66666666666667,2,1,0,0,3,2168,1179,989,374,465,1703,6.46997816881919,6.86509132315522,5.99895854398382,6.01366310160427,6.21532258064516,6.53951125660599,160
"162",2022,1,5.75,8,6.75,4.75,5.5,6.75,5.41666666666667,4,4,2,2,6,2176,1183,993,376,467,1709,6.46733119025735,6.86470217244294,5.99392749244713,6.01093085106383,6.21761241970021,6.53556914569924,161
"163",2022,2,5.83166666666667,6,7,4.66333333333333,2.5,4.25,6.6225,3,3,1,2,4,2182,1186,996,377,469,1713,6.46558325847846,6.86504440978078,5.98991967871486,6.00161803713527,6.20922174840085,6.53577213660245,162
"164",2022,3,6.6,10,6.75,6,6,7,6.55555555555556,8,2,2,1,9,2192,1194,998,379,470,1722,6.46619647354014,6.86427359296482,5.98993987975952,6.00160949868074,6.21090425531915,6.53587553426248,163
"165",2022,4,6.5,9,6.4375,7,NA,8,6.3125,8,1,0,1,8,2201,1202,999,379,471,1730,6.46633469786461,6.86143316971714,5.99095095095095,6.00160949868074,6.21470276008493,6.53484258381503,164
"166",2022,5,6.52,7,7.228,4.75,4.75,4.75,7.228,5,2,2,2,5,2208,1207,1001,381,473,1735,6.46650483242753,6.86295167357084,5.98847152847152,5.99503937007874,6.20850951374207,6.53684015561959,165
"167",2022,6,5.86666666666667,3,5.86666666666667,NA,NA,3,7.3,3,0,0,1,2,2211,1210,1001,381,474,1737,6.46569094075079,6.86048154545455,5.98847152847152,5.99503937007874,6.20174050632911,6.53771886586068,166
"168",2022,7,5.66666666666667,3,8,4.5,6,NA,5.66666666666667,1,2,1,0,3,2214,1211,1003,382,474,1740,6.46460825203252,6.86142251857969,5.9855034895314,5.99505235602094,6.20174050632911,6.53621705172414,167
"169",2022,8,6.625,4,6.75,6.5,6.5,NA,6.625,2,2,2,0,4,2218,1213,1005,384,474,1744,6.46489750676285,6.86123880461665,5.98652736318408,5.99768229166666,6.20174050632911,6.53642068233945,168
"170",2022,9,5.92222222222222,9,6.8,4.825,6.15,6,5.9125,5,4,2,1,8,2227,1218,1009,386,475,1752,6.4627043870678,6.8609874137931,5.98192269573835,5.99847150259067,6.20131578947368,6.53357172945205,169
"171",2022,10,5.842666,5,5,6.0533325,6.33333333333333,NA,5.842666,1,4,3,0,5,2232,1219,1013,389,475,1757,6.46131541218638,6.85946076292043,5.98220466929911,6.00105398457583,6.20131578947368,6.53160557768924,170
"172",2022,11,7,5,7.66666666666667,6,NA,NA,7,3,2,0,0,5,2237,1222,1015,389,475,1762,6.46251944568619,6.86144244680851,5.98223973399014,6.00105398457583,6.20131578947368,6.53293473325766,171
"173",2022,12,6.6875,8,7.125,6.25,6.25,NA,6.6875,4,4,4,0,8,2245,1226,1019,393,475,1770,6.46332115812917,6.86230234094617,5.9832908047105,6.00358778625954,6.20131578947368,6.53363333333333,172
