"","year","month","avg_rating","no_ratings","avg_rating_owned","avg_rating_not_owned","avg_rating_prev_owned","avg_rating_comment","avg_rating_no_comment","no_ratings_owned","no_ratings_not_owned","no_ratings_prev_owned","no_ratings_comment","no_ratings_no_comment","cum_no_ratings","cum_no_ratings_owned","cum_no_ratings_not_owned","cum_no_ratings_prev_owned","cum_no_ratings_comment","cum_no_ratings_no_comment","cum_avg_rating","cum_avg_rating_owned","cum_avg_rating_not_owned","cum_avg_rating_prev_owned","cum_avg_rating_comment","cum_avg_rating_no_comment","month_after_release"
"1",2008,2,8,1,NA,8,NA,8,NA,0,1,0,1,0,1,0,1,0,1,0,8,NA,8,NA,8,NA,-1
"2",2008,3,6.33333333333333,3,8,5.5,NA,NA,6.33333333333333,1,2,0,0,3,4,1,3,0,1,3,6.75,8,6.33333333333333,NA,8,6.33333333333333,0
"3",2008,4,7.406,75,7.89142857142857,6.98125,7.75,7.0275,7.54363636363636,35,40,2,20,55,79,36,43,2,21,58,7.37278481012658,7.89444444444444,6.93604651162791,7.75,7.07380952380952,7.48103448275862,1
"4",2008,5,7.7198275862069,116,8.06307692307692,7.28235294117647,8,7.66630434782609,7.755,65,51,4,46,70,195,101,94,6,67,128,7.57923076923077,8.0029702970297,7.12393617021277,7.91666666666667,7.48059701492537,7.630859375,2
"5",2008,6,7.71206896551724,145,8.10978260869565,7.02169811320755,7.5,7.62586206896552,7.76954022988506,92,53,3,58,87,340,193,147,9,125,215,7.63588235294118,8.05388601036269,7.08707482993197,7.77777777777778,7.548,7.68697674418605,3
"6",2008,7,7.9030534351145,131,8.39146341463415,7.08571428571429,7.4,7.89285714285714,7.91066666666667,82,49,8,56,75,471,275,196,17,181,290,7.71019108280255,8.15454545454545,7.08673469387755,7.6,7.65469613259669,7.7448275862069,4
"7",2008,8,7.71858208955224,134,8.37746478873239,6.97603174603175,7.1375,7.38068181818182,7.88377777777778,71,63,8,44,90,605,346,259,25,225,380,7.71204958677686,8.20028901734104,7.05980694980695,7.452,7.60111111111111,7.77773684210526,5
"8",2008,9,7.79121582733813,139,8.27421111111111,6.90408163265306,7.75,7.61735714285714,7.86649484536082,90,49,6,42,97,744,436,308,31,267,477,7.72684005376344,8.21554816513761,7.03503246753247,7.50967741935484,7.60366666666667,7.79578616352201,6
"9",2008,10,7.94565891472868,129,8.22341176470588,7.40909090909091,7.78571428571429,7.79714285714286,8.00095744680851,85,44,7,35,94,873,521,352,38,302,571,7.75917411225659,8.2168310940499,7.08178977272727,7.56052631578947,7.62608940397351,7.82956217162872,7
"10",2008,11,7.77993421052632,152,7.97637362637363,7.48688524590164,8.03636363636364,7.79390243902439,7.77477477477477,91,61,11,41,111,1025,612,413,49,343,682,7.76225268292683,8.18107679738562,7.14162227602906,7.66734693877551,7.64614868804665,7.82064516129032,8
"11",2008,12,7.56097345132743,113,8.07428571428571,6.7253488372093,5.66666666666667,6.92258064516129,7.80231707317073,70,43,3,31,82,1138,682,456,52,374,764,7.74226625659051,8.17011583577713,7.10236842105263,7.55192307692308,7.58617379679144,7.8186780104712,9
"12",2009,1,7.92597633136095,169,8.16570247933884,7.32166666666667,7.53090909090909,7.71428571428571,8.01241666666667,121,48,11,49,120,1307,803,504,63,423,884,7.76602065799541,8.16945080946451,7.12325396825397,7.54825396825397,7.60101418439716,7.84497737556561,10
"13",2009,2,7.6520618556701,194,7.99126213592233,7.26813186813187,7.32142857142857,7.68068181818182,7.64366666666667,103,91,14,44,150,1501,906,595,77,467,1034,7.75129180546302,8.14919315673289,7.14541176470588,7.50701298701299,7.60852034261242,7.81577369439072,11
"14",2009,3,7.75392670157068,191,8.2,7.14814814814815,7.5,7.8675,7.72384105960265,110,81,8,40,151,1692,1016,676,85,507,1185,7.75158924349882,8.1546938976378,7.14573964497041,7.50635294117647,7.62895266272189,7.80405907172996,12
"15",2009,4,7.83221621621622,185,8.02951807228916,7.67166666666667,7.58333333333333,7.31692307692308,7.96986301369863,83,102,12,39,146,1877,1099,778,97,546,1331,7.75953596164092,8.14524021838035,7.21469151670951,7.51587628865979,7.60666483516483,7.8222464312547,13
"16",2009,5,7.84678899082569,218,7.9890625,7.64444444444444,7.375,7.85384615384615,7.84525139664804,128,90,8,39,179,2095,1227,868,105,585,1510,7.76861527446301,8.1289478402608,7.25925115207373,7.50514285714286,7.62314358974359,7.82497350993377,14
"17",2009,6,7.70737704918033,183,8.00876288659794,7.36744186046512,7.65,7.28846153846154,7.82083333333333,97,86,12,39,144,2278,1324,954,117,624,1654,7.763695785777,8.12014274924471,7.26900419287212,7.52,7.60222596153846,7.8246130592503,15
"18",2009,7,7.74783950617284,162,8.16576086956522,7.19857142857143,7.2,7.77804878048781,7.73760330578512,92,70,7,41,121,2440,1416,1024,124,665,1775,7.76264303278689,8.12310663841808,7.264189453125,7.50193548387097,7.61306616541353,7.81868169014084,16
"19",2009,8,7.77595238095238,210,8.10708661417323,7.26927710843373,7.5,7.61020408163265,7.82639751552795,127,83,13,49,161,2650,1543,1107,137,714,1936,7.76369773584906,8.12178807517822,7.26457091237579,7.50175182481752,7.61286974789916,7.81932334710744,17
"20",2009,9,7.82710280373832,214,8.109375,7.40697674418605,7.22222222222222,7.72285714285714,7.84748603351955,128,86,18,35,179,2864,1671,1193,155,749,2115,7.76843540502793,8.12083722321963,7.27483654652138,7.46929032258064,7.61800934579439,7.82170685579196,18
"21",2009,10,7.69778325123153,203,8.04462809917355,7.1859756097561,7.61111111111111,7.62857142857143,7.71583850931677,121,82,9,42,161,3067,1792,1275,164,791,2276,7.76375904792958,8.11569140625,7.26912156862745,7.47707317073171,7.61857016434892,7.81421792618629,19
"22",2009,11,7.67122448979592,245,8.02644927536232,7.21308411214953,7.16666666666667,7.57282608695652,7.69396984924623,138,107,21,46,199,3312,1930,1382,185,837,2475,7.75691394927536,8.1093103626943,7.26478292329957,7.44183783783784,7.61605615292712,7.80454949494949,20
"23",2009,12,7.82817518248175,274,8.11943181818182,7.30510204081633,7.545,7.83793103448276,7.82555555555556,176,98,20,58,216,3586,2106,1480,205,895,2691,7.76235889570552,8.11015622032288,7.2674527027027,7.45190243902439,7.63043463687151,7.80623560014864,21
"24",2010,1,7.66467455621302,338,8.05047393364929,7.02370078740157,6.625,7.8325,7.61263565891473,211,127,18,80,258,3924,2317,1607,223,975,2949,7.75394469928645,8.10472119119551,7.24818917237088,7.38515695067264,7.64701435897436,7.7892980671414,22
"25",2010,2,7.684375,208,8.13193277310924,7.08595505617977,7.05555555555556,7.863,7.62784810126582,119,89,18,50,158,4132,2436,1696,241,1025,3107,7.750442642788,8.10605049261084,7.23967570754717,7.36053941908714,7.65755024390244,7.78108786610879,23
"26",2010,3,7.72100591715976,169,7.91039603960396,7.43970588235294,7.50833333333333,7.76666666666667,7.71115107913669,101,68,12,30,139,4301,2537,1764,253,1055,3246,7.74928598000465,8.09826133228222,7.24738662131519,7.36754940711462,7.66065308056872,7.77809303758472,24
"27",2010,4,7.77655629139073,151,8.15344086021505,7.17224137931034,7.525,8.07272727272727,7.69372881355932,93,58,10,33,118,4452,2630,1822,263,1088,3364,7.75021091644205,8.10021254752852,7.2449945115258,7.373536121673,7.67315165441176,7.77513376932224,25
"28",2010,5,7.63757575757576,165,8.04897959183674,7.03582089552239,7.2,7.5258064516129,7.6634328358209,98,67,13,31,134,4617,2728,1889,276,1119,3498,7.74618561836691,8.09837206744868,7.23757543673901,7.36536231884058,7.66906970509383,7.77085477415666,26
"29",2010,6,7.63125,144,8.11578947368421,7.08970588235294,7.625,7.60625,7.63839285714286,76,68,12,32,112,4761,2804,1957,288,1151,3610,7.74270930476791,8.09884415121255,7.23243740419009,7.37618055555556,7.66732319721981,7.76674515235457,27
"30",2010,7,7.59066265060241,166,7.97794117647059,6.9734375,7.03846153846154,7.64,7.575,102,64,13,40,126,4927,2906,2021,301,1191,3736,7.73758656383195,8.09460048176187,7.22423552696685,7.36159468438538,7.66640554156171,7.76027837259101,28
"31",2010,8,7.74233333333333,150,8.11428571428571,7.04134615384615,7.15,7.775,7.73201754385965,98,52,6,36,114,5077,3004,2073,307,1227,3850,7.73772680716959,8.09524267643142,7.21964785335263,7.35745928338762,7.66959168704156,7.75944155844156,29
"32",2010,9,7.51433823529412,136,7.99375,6.975,6.1875,7.2962962962963,7.56834862385321,72,64,8,27,109,5213,3076,2137,315,1254,3959,7.73189890657971,8.09286703511053,7.21232101076275,7.32774603174603,7.66155422647528,7.75418034857287,30
"33",2010,10,7.65101785714286,168,8.00491509433962,7.04596774193548,7.3125,7.45956818181818,7.71895161290323,106,62,16,44,124,5381,3182,2199,331,1298,4083,7.72937372235644,8.08993714644877,7.20763074124602,7.32700906344411,7.65470724191063,7.75311045799657,31
"34",2010,11,7.50168539325843,267,7.99964788732394,6.936,6.78275862068966,7.4,7.52746478873239,142,125,29,54,213,5648,3324,2324,360,1352,4296,7.71861012747875,8.08608002406739,7.19302065404475,7.28316666666667,7.64453402366864,7.74192271880819,32
"35",2010,12,7.56924686192469,239,7.9263698630137,7.00860215053763,7.05882352941176,7.61509433962264,7.55618279569893,146,93,17,53,186,5887,3470,2417,377,1405,4482,7.71254628843214,8.07936023054755,7.18592470004137,7.27305039787798,7.64342348754448,7.73421463632307,33
"36",2011,1,7.69127516778523,298,8.09301075268817,7.02410714285714,6.95,7.61285714285714,7.71535087719298,186,112,14,70,228,6185,3656,2529,391,1475,4710,7.71152142279709,8.08005470459519,7.17875840253065,7.26148337595908,7.64197288135593,7.73330148619957,34
"37",2011,2,7.65952380952381,231,7.91972789115646,7.20416666666667,7.33333333333333,7.72735849056604,7.63932584269663,147,84,18,53,178,6416,3803,2613,409,1528,4888,7.70964931421446,8.0738574809361,7.17957520091849,7.26464547677262,7.64493455497382,7.72987929623568,35
"38",2011,3,7.78336405529954,217,8.06260563380282,7.25466666666667,7.15,7.71595744680851,7.802,142,75,9,47,170,6633,3945,2688,418,1575,5058,7.7120609075833,8.07345247148289,7.18167038690476,7.26217703349282,7.64705396825397,7.73230328192962,36
"39",2011,4,7.5424154589372,207,7.81136752136752,7.19277777777778,7.37333333333333,7.2,7.61694117647059,117,90,15,37,170,6840,4062,2778,433,1612,5228,7.7069269005848,8.06590349581487,7.18203023758099,7.26602771362587,7.63679280397022,7.72855202754399,37
"40",2011,5,7.8069587628866,194,8.12520325203252,7.2556338028169,7.14285714285714,7.85833333333333,7.79756097560976,123,71,7,30,164,7034,4185,2849,440,1642,5392,7.7096858117714,8.06764635603346,7.18386451386451,7.26406818181818,7.64084043848964,7.73065096439169,38
"41",2011,6,7.54805031446541,159,7.78255813953488,7.27178082191781,7.23529411764706,7.47058823529412,7.56912,86,73,17,34,125,7193,4271,2922,457,1676,5517,7.70611288752954,8.06190587684383,7.18606091718001,7.26299781181619,7.63738663484487,7.72699111836143,39
"42",2011,7,7.70310559006211,161,7.9959595959596,7.23548387096774,7.25,7.82105263157895,7.66666666666667,99,62,12,38,123,7354,4370,2984,469,1714,5640,7.70604704922491,8.0604118993135,7.18708780160858,7.26266524520256,7.6414585764294,7.72567553191489,40
"43",2011,8,7.61337939698493,199,8.00382231404959,7.00769230769231,7.32692307692308,7.46225,7.66409395973154,121,78,26,50,149,7553,4491,3062,495,1764,5789,7.70360552098504,8.05888721888221,7.18251796211626,7.2660404040404,7.63637896825397,7.7240905164968,41
"44",2011,9,7.72469879518072,166,8.02795698924731,7.33835616438356,6.92857142857143,7.61428571428571,7.74710144927536,93,73,14,28,138,7719,4584,3135,509,1792,5927,7.70405913978495,8.05825970767888,7.18614673046252,7.2567583497053,7.63603376116071,7.72462628648557,42
"45",2011,10,7.62255707762557,219,8.21172727272727,7.02798165137615,6.82954545454545,7.78684210526316,7.58806629834254,110,109,22,38,181,7938,4694,3244,531,1830,6108,7.70181059460821,8.06185609288453,7.18083230579531,7.23905838041431,7.63916530054645,7.72057956777996,43
"46",2011,11,7.6996015936255,251,8.20425531914894,7.05272727272727,6.39473684210526,7.685,7.70236966824645,141,110,19,40,211,8189,4835,3354,550,1870,6319,7.70174288679936,8.06600879007239,7.17663088849135,7.20989090909091,7.64014572192513,7.71997151448014,44
"47",2011,12,7.61025641025641,234,7.97056737588652,7.06397849462366,7.02,7.58139534883721,7.61675392670157,141,93,25,43,191,8423,4976,3447,575,1913,6510,7.69920129407575,8.06330436093248,7.17359152886568,7.2016347826087,7.63882514375327,7.71694316436252,45
"48",2012,1,7.67357142857143,280,8.15636942675159,7.05731707317073,6.7304347826087,7.78653846153846,7.64780701754386,157,123,23,52,228,8703,5133,3570,598,1965,6738,7.69837670918074,8.0661508864212,7.16958543417367,7.18351170568562,7.64273409669211,7.71460373998219,46
"49",2012,2,7.65909090909091,231,8.02359154929577,7.07752808988764,7.34090909090909,7.51842105263158,7.68678756476684,142,89,22,38,193,8934,5275,3659,620,2003,6931,7.69736092455787,8.06500521327014,7.16734626947253,7.18909677419355,7.64037568647029,7.71382917327947,47
"50",2012,3,7.79592391304348,184,8.06743119266055,7.40133333333333,6.86363636363636,7.86764705882353,7.77966666666667,109,75,11,34,150,9118,5384,3734,631,2037,7081,7.69934991226146,8.06505432763745,7.172046063203,7.18342313787639,7.64416912125675,7.7152238384409,48
"51",2012,4,7.65425,200,8.00672268907563,7.13641975308642,6.13636363636364,7.43472222222222,7.70243902439024,119,81,11,36,164,9318,5503,3815,642,2073,7245,7.69838189525649,8.06379293112848,7.17128964613368,7.16548286604361,7.64053183791606,7.71493443754313,49
"52",2012,5,7.6061421319797,197,7.99407407407407,7.13539325842697,7.1125,7.56538461538462,7.61620253164557,108,89,20,39,158,9515,5611,3904,662,2112,7403,7.69647214923805,8.0624509891285,7.17047131147541,7.16388217522659,7.63914417613636,7.71282723220316,50
"53",2012,6,7.77688442211055,199,8.04598214285714,7.43045977011494,7.76041666666667,7.78235294117647,7.77575757575758,112,87,24,34,165,9714,5723,3991,686,2146,7568,7.69811946674902,8.06212869124585,7.17613881232774,7.18475218658892,7.64141309412861,7.71419926004228,51
"54",2012,7,7.59479768786127,173,7.93469387755102,7.15066666666667,7.34,7.56153846153846,7.6044776119403,98,75,15,39,134,9887,5821,4066,701,2185,7702,7.69631157074947,8.05998325030064,7.17566896212494,7.18807417974323,7.63998741418764,7.7122903142041,52
"55",2012,8,7.64989743589744,195,7.97037037037037,7.25206896551724,6.74615384615385,7.834375,7.61368098159509,108,87,13,32,163,10082,5929,4153,714,2217,7865,7.6954138563777,8.05835090234441,7.17726944377558,7.18002801120448,7.64279318899414,7.71024666242848,53
"56",2012,9,7.51566878980892,157,7.88265060240964,7.10405405405405,7.35333333333333,7.03558823529412,7.64837398373984,83,74,15,34,123,10239,6012,4227,729,2251,7988,7.6926577302471,8.0559252328676,7.17598769813106,7.18359396433471,7.63362172367836,7.70929394091137,54
"57",2012,10,7.68683486238532,218,8.10286821705426,7.0838202247191,7.05357142857143,7.73181818181818,7.67545977011494,129,89,14,44,174,10457,6141,4316,743,2295,8162,7.69253633929425,8.05691133365901,7.17408711770157,7.18114401076716,7.63550435729847,7.70857265376133,55
"58",2012,11,7.64167883211679,274,7.93885350318471,7.24290598290598,7.39347826086957,7.80106382978723,7.60867841409692,157,117,23,47,227,10731,6298,4433,766,2342,8389,7.69123776908024,8.05396832327723,7.17590345138732,7.18751958224543,7.63882685738685,7.70586959113124,56
"59",2012,12,7.5469696969697,264,8.00594594594595,6.96137931034483,6.76896551724138,7.73953488372093,7.50950226244344,148,116,29,43,221,10995,6446,4549,795,2385,8610,7.68777376080036,8.0528657306857,7.17043306221147,7.17225157232705,7.64064255765199,7.70082926829268,57
"60",2013,1,7.70344709897611,293,8.12421348314607,7.05217391304348,7.61666666666667,7.74489795918367,7.69512295081967,178,115,30,49,244,11288,6624,4664,825,2434,8854,7.68818059000709,8.05478298611111,7.16751715265866,7.18841212121212,7.64274137222679,7.70067201264965,58
"61",2013,2,7.54886178861789,246,8.11439393939394,6.8940350877193,7.37176470588235,7.74378378378378,7.51435406698565,132,114,17,37,209,11534,6756,4778,842,2471,9063,7.68520916421016,8.05594767613973,7.16099204688154,7.19211401425178,7.6442543504654,7.69637537239325,59
"62",2013,3,7.78595121951219,246,8.13089208633093,7.33785046728972,7.43809523809524,7.58735,7.8245145631068,139,107,21,40,206,11780,6895,4885,863,2511,9269,7.68731294567063,8.05745852066715,7.1648659160696,7.19809965237544,7.64334786937475,7.69922321717553,60
"63",2013,4,7.61784810126582,237,8.03837037037037,7.06127450980392,7.08333333333333,7.81481481481481,7.59252380952381,135,102,24,27,210,12017,7030,4987,887,2538,9479,7.6859429558126,8.05709196301565,7.16274714257068,7.19499436302142,7.6451719858156,7.69685937335162,61
"64",2013,5,7.62192118226601,203,7.96902654867257,7.18611111111111,7.2775,7.66111111111111,7.61590909090909,113,90,20,27,176,12220,7143,5077,907,2565,9655,7.68487941898527,8.05569879602408,7.16316131573764,7.19681367144432,7.64533976608187,7.69538373899534,62
"65",2013,6,7.56519607843137,204,8.01544715447154,6.88148148148148,6.95666666666667,7.58552631578947,7.5605421686747,123,81,15,38,166,12424,7266,5158,922,2603,9821,7.68291423857051,8.05501740985412,7.15873788290035,7.19290672451193,7.64446657702651,7.69310457183586,63
"66",2013,7,7.62978070175439,228,8.11492307692308,6.98622448979592,7.11904761904762,7.6,7.63573684210526,130,98,21,38,190,12652,7396,5256,943,2641,10011,7.68195672620929,8.05607037587886,7.15552130898021,7.19126193001061,7.64382677016282,7.69201578263909,64
"67",2013,8,7.75794859813084,214,8.13414634146342,7.24946153846154,7.045,7.77027027027027,7.75537288135593,123,91,20,37,177,12866,7519,5347,963,2678,10188,7.68322069796363,8.05734758611518,7.15712006732747,7.18822429906542,7.64557374906647,7.69311650961916,65
"68",2013,9,7.56590909090909,220,7.99045454545455,7.14136363636364,7.23928571428571,7.38235294117647,7.5994623655914,110,110,28,34,186,13086,7629,5457,991,2712,10374,7.68124847164909,8.05638307772972,7.15680245556166,7.18966700302725,7.64227378318584,7.69143734335839,66
"69",2013,10,7.51759259259259,216,8.00406504065041,6.8741935483871,7.15789473684211,7.40909090909091,7.53715846994536,123,93,19,33,183,13302,7752,5550,1010,2745,10557,7.67859100135318,8.05555295407637,7.15206684684685,7.18906930693069,7.63947049180328,7.68876300085251,67
"70",2013,11,7.49092526690391,281,7.94480519480519,6.94055118110236,6.8,7.44512195121951,7.49875,154,127,22,41,240,13583,7906,5677,1032,2786,10797,7.67470864315689,8.05339571211738,7.14733503611062,7.18077519379845,7.63661037329505,7.6845393164768,68
"71",2013,12,7.43824865454545,275,7.90446198757764,6.77982456140351,6.68,7.50800745098039,7.42236607142857,161,114,20,51,224,13858,8067,5791,1052,2837,11021,7.67001629961033,8.05042331473906,7.14010032809532,7.17125475285171,7.63429851251322,7.67921068868524,69
"72",2014,1,7.62155108359133,323,7.92246448087432,7.22821428571429,7.64583333333333,7.72943396226415,7.60037407407407,183,140,24,53,270,14181,8250,5931,1076,2890,11291,7.66891240956209,8.04758495515151,7.14218023942,7.18184014869889,7.63604321107266,7.67732548047117,70
"73",2014,2,7.52295620437956,274,7.83361963190184,7.06675675675676,6.956,7.399,7.550625,163,111,25,50,224,14455,8413,6042,1101,2940,11515,7.66614575441024,8.04343942469987,7.14079460443562,7.17671207992734,7.63201186394558,7.67486079027355,71
"74",2014,3,7.65625,264,8.12992700729927,7.14527559055118,7.00714285714286,7.51515151515152,7.67640692640693,137,127,21,33,231,14719,8550,6169,1122,2973,11746,7.66596826414838,8.04482524912281,7.14088685362295,7.17353832442068,7.63071472586613,7.67489119700323,72
"75",2014,4,7.61389637305699,193,7.93382352941176,7.2552967032967,7.18421052631579,7.36538461538461,7.65258682634731,102,91,19,26,167,14912,8652,6260,1141,2999,11913,7.66529431866953,8.043516629681,7.14255,7.17371603856266,7.62841443147716,7.67457852765886,73
"76",2014,5,7.64973684210526,190,8.05761904761905,7.14588235294118,7.1,7.89107142857143,7.60802469135802,105,85,10,28,162,15102,8757,6345,1151,3027,12075,7.66509858826645,8.04368572342126,7.14259464144996,7.17307558644657,7.63084403039313,7.67368563146998,74
"77",2014,6,7.57185628742515,167,7.9438202247191,7.1474358974359,7.00714285714286,7.47586206896552,7.59202898550725,89,78,14,29,138,15269,8846,6423,1165,3056,12213,7.66407877922588,8.04268097219082,7.14265343297525,7.17108154506438,7.62937332460733,7.6727629575043,75
"78",2014,7,7.55429292929293,198,8.02772277227723,7.06134020618557,7.3,7.49868421052632,7.5675,101,97,17,38,160,15467,8947,6520,1182,3094,12373,7.66267336134997,8.04251211355762,7.14144371165644,7.17293570219966,7.62776822236587,7.67140176190091,76
"79",2014,8,7.47773195876289,194,7.94168224299065,6.90712643678161,6.43230769230769,7.29064516129032,7.51331288343558,107,87,13,31,163,15661,9054,6607,1195,3125,12536,7.66038240725369,8.04132050806273,7.13835825639473,7.16487866108787,7.6244239616,7.66934620293554,77
"80",2014,9,7.5743654822335,197,8.11329787234042,7.08252427184466,7.3125,7.37222222222222,7.6195652173913,94,103,20,36,161,15858,9148,6710,1215,3161,12697,7.65931384033295,8.04206010931351,7.13750119225037,7.16730864197531,7.62155168617526,7.66871497204064,78
"81",2014,10,7.53492063492063,252,7.86103448275862,7.09299065420561,7.2125,7.090625,7.59954545454545,145,107,28,32,220,16110,9293,6817,1243,3193,12917,7.6573680248293,8.03923554072958,7.13680255244242,7.16832662912309,7.61623077983088,7.66753688937059,79
"82",2014,11,7.40780701754386,228,7.79271317829457,6.90626262626263,7.18444444444444,7.60764705882353,7.37278350515464,129,99,18,34,194,16338,9422,6916,1261,3227,13111,7.65388535194026,8.03586031415835,7.13350245806825,7.16855670103093,7.61614034087388,7.6631755014873,80
"83",2014,12,7.52751004016064,249,7.84676258992806,7.12409090909091,7.02954545454545,7.845,7.46674641148325,139,110,22,40,209,16587,9561,7026,1283,3267,13320,7.65198823657081,8.03311116828784,7.13335510959294,7.16617303195635,7.6189424181206,7.66009339339339,81
"84",2015,1,7.65208333333333,360,7.94759825327511,7.13549618320611,7.45384615384615,7.49328358208955,7.68839590443686,229,131,13,67,293,16947,9790,7157,1296,3334,13613,7.6519902566826,8.03111091726251,7.13339429928741,7.16905864197531,7.61641718056389,7.66070256372585,82
"85",2015,2,7.55094276094276,297,7.99525316455696,7.04589928057554,7.28709677419355,7.38888888888889,7.57988095238095,158,139,31,45,252,17244,9948,7296,1327,3379,13865,7.65024987705869,8.03054140329714,7.13172738486842,7.17181612660136,7.61338706126073,7.65923360980887,83
"86",2015,3,7.65952702702703,296,8.05136645962733,7.19222222222222,7.36071428571429,7.28068181818182,7.7256746031746,161,135,28,44,252,17540,10109,7431,1355,3423,14117,7.65040643557583,8.03087307152043,7.13282640290674,7.17571955719557,7.60911039439088,7.66041963589998,84
"87",2015,4,7.53913043478261,230,7.98571428571429,7.06036036036036,7.25555555555556,7.11333333333333,7.603,119,111,18,30,200,17770,10228,7542,1373,3453,14317,7.64896617220034,8.03034766132186,7.13175987801644,7.17676620538966,7.60480303504199,7.65961751763637,85
"88",2015,5,7.61703571428571,252,7.9530612244898,7.1466,6.88863636363636,7.04305555555556,7.71269907407407,147,105,22,36,216,18022,10375,7647,1395,3489,14533,7.64851969148818,8.02925261493976,7.1319636458742,7.17222222222222,7.59900684436801,7.66040645427647,86
"89",2015,6,7.72625570776256,219,8.08713235294118,7.13493975903614,7.17894736842105,7.75757575757576,7.72069892473118,136,83,19,33,186,18241,10511,7730,1414,3522,14719,7.64945298393728,8.03000151079821,7.13199560155239,7.1723125884017,7.60049258375923,7.66116835382838,87
"90",2015,7,7.57044176706827,249,8.04555555555556,6.91885714285714,6.68421052631579,7.85486486486487,7.52080188679245,144,105,19,37,212,18490,10655,7835,1433,3559,14931,7.6483889605192,8.0302117203191,7.12913924696873,7.16584089323099,7.60313708345041,7.65917533989686,88
"91",2015,8,7.54360655737705,305,7.9864406779661,6.93125,7.17777777777778,7.71489361702128,7.51240310077519,177,128,27,47,258,18795,10832,7963,1460,3606,15189,7.64668858100558,8.02949648079764,7.12595830717066,7.16606164383562,7.6045936993899,7.65668227006386,89
"92",2015,9,7.50282661290323,248,7.86931034482759,6.98690291262136,6.825,7.52794117647059,7.49883644859813,145,103,20,34,214,19043,10977,8066,1480,3640,15403,7.64481504384813,8.0273805119796,7.12418261839821,7.1614527027027,7.60387771428571,7.65448925533987,90
"93",2015,10,7.49242794612795,297,7.99116959064327,6.81556428571429,7.385,7.47467674418605,7.49543307086614,171,126,20,43,254,19340,11148,8192,1500,3683,15657,7.6424748697001,8.02682506996771,7.11943580322265,7.16443333333333,7.60236925875645,7.65190892252666,91
"94",2015,11,7.50925212464589,353,7.90138541666667,7.0416149068323,7.18965517241379,7.414,7.52645484949833,192,161,29,54,299,19693,11340,8353,1529,3737,15956,7.64008683186919,8.0247012239859,7.11793584340955,7.16491170699804,7.59964730532513,7.64955803459514,92
"95",2015,12,7.53505347593583,374,7.86200956937799,7.12090909090909,7.21290322580645,7.17340425531915,7.58703363914373,209,165,31,47,327,20067,11549,8518,1560,3784,16283,7.63812926595903,8.02175702485064,7.11799343742662,7.16586538461539,7.5943530602537,7.64830240127741,93
"96",2016,1,7.60974595842956,433,7.96150793650794,7.12,7.30241379310345,7.59259259259259,7.61218997361478,252,181,29,54,379,20500,11801,8699,1589,3838,16662,7.63752975512195,8.02047045843573,7.11803518795264,7.16835745752045,7.59432829077645,7.64748097467291,94
"97",2016,2,7.69046583850932,322,8.02621052631579,7.20719696969697,7.38181818181818,7.88477272727273,7.65971223021583,190,132,22,44,278,20822,11991,8831,1611,3882,16940,7.63834838055902,8.0205614110583,7.11936791982788,7.17127250155183,7.59762029366306,7.64768170011806,95
"98",2016,3,7.51176470588235,323,7.97911392405063,7.06424242424242,7.3695652173913,7.52076923076923,7.51052816901408,158,165,23,39,284,21145,12149,8996,1634,3921,17224,7.63641475431544,8.02002237879661,7.11835683637172,7.17406364749082,7.59685589900536,7.64542022758941,96
"99",2016,4,7.61299694189602,327,8.01010362694301,7.0410447761194,7.03,7.31702127659574,7.66267857142857,193,134,30,47,280,21472,12342,9130,1664,3968,17504,7.63605812127421,8.01986727272728,7.11722213581599,7.17146634615385,7.59354132560484,7.64569629798903,97
"100",2016,5,7.60243161094225,329,7.92433155080214,7.17852112676056,7.07884615384615,7.54772727272727,7.61087719298246,187,142,26,44,285,21801,12529,9272,1690,4012,17789,7.63555066189624,8.01844136642989,7.11816092536669,7.17004142011834,7.59303887836491,7.64513845634943,98
"101",2016,6,7.42643598615917,289,7.95601351351351,6.87056737588652,6.67307692307692,7.412,7.42780303030303,148,141,26,25,264,22090,12677,9413,1716,4037,18053,7.63281484744228,8.01771254082197,7.11445215128014,7.16251165501166,7.59191775575923,7.64196022821692,99
"102",2016,7,7.60210031347962,319,8.0813407821229,6.98935714285714,7.496,7.50347826086957,7.61871794871795,179,140,25,46,273,22409,12856,9553,1741,4083,18326,7.63237761524387,8.01859846608588,7.11261887365225,7.16730040206778,7.59092137643889,7.64161399105097,100
"103",2016,8,7.40696022727273,352,7.94862637362637,6.82705882352941,6.4,7.57840909090909,7.38246753246753,182,170,31,44,308,22761,13038,9723,1772,4127,18634,7.62889152409823,8.01762171191901,7.10762605163016,7.1538769751693,7.59078797673855,7.6373305785124,101
"104",2016,9,7.53851963746224,331,7.99166666666667,7.10414201183432,7.07,7.4425,7.55171821305842,162,169,25,40,291,23092,13200,9892,1797,4167,18925,7.62759613632426,8.01730317272728,7.10756652850788,7.15271007234279,7.58936452603792,7.63601416116248,102
"105",2016,10,7.46625386996904,323,7.94230769230769,7.02155688622755,6.71428571428571,7.17625,7.50724381625442,156,167,35,40,283,23415,13356,10059,1832,4207,19208,7.62537048814862,8.01642721473495,7.1061385923054,7.14433406113537,7.58543664844307,7.63411693044565,103
"106",2016,11,7.5920243902439,410,7.93640350877193,7.1606043956044,6.96,7.82408163265306,7.56052631578947,228,182,18,49,361,23825,13584,10241,1850,4256,19569,7.62479664134312,8.0150840606596,7.10710654232985,7.14254054054054,7.58818420582707,7.63275936430068,104
"107",2016,12,7.67486910994764,382,8.04461883408072,7.1562893081761,7.31923076923077,7.65454545454545,7.67751479289941,223,159,26,44,338,24207,13807,10400,1876,4300,19907,7.62558681290535,8.01556108350837,7.10785847115385,7.14498933901919,7.58886325116279,7.6335192645803,105
"108",2017,1,7.41297362110312,417,7.8025321888412,6.91967391304348,7.47692307692308,7.27118644067797,7.4363407821229,233,184,26,59,358,24624,14040,10584,1902,4359,20265,7.62198627274204,8.01202577492878,7.10458693310658,7.14952681388013,7.5845634273916,7.63003592400691,106
"109",2017,2,7.70209631728045,353,8.02524017467249,7.10532258064516,6.94782608695652,7.74038461538461,7.69548172757475,229,124,23,52,301,24977,14269,10708,1925,4411,20566,7.62311846819073,8.01223784988437,7.10459545199851,7.14711688311688,7.58640035819542,7.63099377613537,107
"110",2017,3,7.64051912568306,366,8.01133333333333,7.21766081871345,7.2,7.68666666666667,7.63404984423676,195,171,25,45,321,25343,14464,10879,1950,4456,20887,7.62336976601033,8.01222565542036,7.10637265373656,7.14779487179487,7.58741292190305,7.63104074304591,108
"111",2017,4,7.54466487935657,373,7.95672897196262,6.99006289308176,7.004,7.536,7.54600619195046,214,159,25,50,323,25716,14678,11038,1975,4506,21210,7.62222818400995,8.01141653358768,7.10469723681826,7.1459746835443,7.58684242787395,7.62974578029231,109
"112",2017,5,7.59730077120823,389,8.03895454545455,7.02236686390533,7.17857142857143,7.33857142857143,7.62861671469741,220,169,21,42,347,26105,14898,11207,1996,4548,21557,7.6218567316606,8.01182318968989,7.10345570625502,7.14631763527054,7.58454968777485,7.62972760588208,110
"113",2017,6,7.45340659340659,273,7.83691275167785,6.99258064516129,7.24545454545455,7.14545454545455,7.49575,149,124,22,33,240,26378,15047,11331,2018,4581,21797,7.62011335127758,8.0100911729913,7.10224235283735,7.14739841427156,7.58138659244707,7.6282524200578,111
"114",2017,7,7.50003225806452,310,8.05652173913044,6.89872483221477,6.78125,7.508,7.49933333333333,161,149,16,25,285,26688,15208,11480,2034,4606,22082,7.61871852443045,8.01058271173067,7.09960087979094,7.14451819075713,7.58098827181937,7.62658853364731,112
"115",2017,8,7.44567647058824,340,7.96,6.94331395348837,6.95512820512821,7.04878048780488,7.50010033444816,168,172,39,41,299,27028,15376,11652,2073,4647,22381,7.61654173375758,8.01003003902186,7.09729386371438,7.14095513748191,7.57629265762858,7.62489870872615,113
"116",2017,9,7.59288235294118,340,8.02042328042328,7.05774834437086,7.02173913043478,7.96,7.55735483870968,189,151,23,30,310,27368,15565,11803,2096,4677,22691,7.6162478069278,8.01015624028269,7.09678794374312,7.13964694656489,7.57875389779774,7.6239759375964,114
"117",2017,10,7.46598382749326,371,7.9313612565445,6.97216666666667,6.82090909090909,7.3734375,7.4747197640118,191,180,33,32,339,27739,15756,11983,2129,4709,23030,7.61423807563358,8.00920105864433,7.09491597262789,7.13470643494598,7.57735867063071,7.62177889709075,115
"118",2017,11,7.45579207920792,404,7.88732394366197,6.97455497382199,6.76176470588235,7.28163265306122,7.47983098591549,213,191,34,49,355,28143,15969,12174,2163,4758,23385,7.61196354262161,8.00757541987602,7.09302760801709,7.12884419787332,7.57431315258512,7.61962403249946,116
"119",2017,12,7.60312010443864,383,7.96278048780488,7.18890449438202,7.61142857142857,7.58339285714286,7.60649847094801,205,178,35,56,327,28526,16174,12352,2198,4814,23712,7.61184480754399,8.00700765920614,7.09440925356218,7.13652866242038,7.57441877440798,7.61944302462888,117
"120",2018,1,7.61323184108527,516,7.95963277777778,7.10847619047619,7.05333333333333,7.49581818181818,7.62723997830803,306,210,30,55,461,29042,16480,12562,2228,4869,24173,7.61186945148405,8.00612800424758,7.09464441171788,7.13540843806104,7.57353090573013,7.61959171927357,118
"121",2018,2,7.59359331476323,359,7.93736585365854,7.13597402597403,7.14,8.07931034482759,7.55090909090909,205,154,25,29,330,29401,16685,12716,2253,4898,24503,7.61164629128261,8.00528315912497,7.09514494337842,7.13545938748336,7.57652551653736,7.61866671958535,119
"122",2018,3,7.50017441860465,344,7.89101123595506,7.0810843373494,6.59615384615385,7.29162162162162,7.52530944625407,178,166,26,37,307,29745,16863,12882,2279,4935,24810,7.6103571225416,8.00407694419736,7.09496375562801,7.12930671347082,7.57438945896657,7.61751151269649,120
"123",2018,4,7.47847178461538,325,8.0799583125,6.89521212121212,7.325,7.65425,7.45380115789474,160,165,28,40,285,30070,17023,13047,2307,4975,25095,7.60893169072165,8.00479015684662,7.0924375795202,7.1316818378847,7.57503155376885,7.615652279737,121
"124",2018,5,7.43799997058824,340,7.92459077844311,6.96828514450867,6.91782608695652,7.38382352941176,7.4440195751634,167,173,23,34,306,30410,17190,13220,2330,5009,25401,7.6070205830319,8.00401102385108,7.09081289183056,7.12957081545064,7.57373367538431,7.61358466005275,122
"125",2018,6,7.46640936842105,285,7.89455339869281,6.97015151515151,7.16363636363636,7.77571428571429,7.42310668,153,132,22,35,250,30695,17343,13352,2352,5044,25651,7.60571502199055,8.00304538834112,7.08962001423008,7.12988945578231,7.57513520618557,7.61172822190168,123
"126",2018,7,7.49989742307692,260,7.95614425373134,7.01468253968254,7.23478260869565,7.72424242424242,7.46728339207048,134,126,23,33,227,30955,17477,13478,2375,5077,25878,7.60482622936521,8.00268578703439,7.08891945615077,7.1309052631579,7.57610438841836,7.61046116199088,124
"127",2018,8,7.49381592592593,297,7.88378048780488,7.01295736842105,7.3235,7.9615625,7.43733332075472,164,133,20,32,265,31252,17641,13611,2395,5109,26143,7.60377125495968,8.00158038093079,7.08817719197708,7.13251356993737,7.57851868858877,7.60870624182381,125
"128",2018,9,7.56247311827957,279,8.02884529411765,6.99616404761905,6.84290322580645,8.18571428571429,7.49294820717131,153,126,31,28,251,31531,17794,13737,2426,5137,26394,7.60340583108686,8.00181481566821,7.08733321904346,7.12881286067601,7.58182830056453,7.60760541335152,126
"129",2018,10,7.63495169811321,318,7.98153032258065,7.14659090909091,7.45,7.53889285714286,7.64174373737374,186,132,22,21,297,31849,17980,13869,2448,5158,26691,7.60372080442086,8.00160497608454,7.08789721176725,7.13169934640523,7.58165349554091,7.60798528230489,127
"130",2018,11,7.44664335276968,343,7.94463180232558,6.94574269005848,6.8075,7.33121212121212,7.45893119354839,172,171,24,33,310,32192,18152,14040,2472,5191,27001,7.60204717227882,8.00106512450419,7.08616584259259,7.12855177993528,7.58006140050087,7.60627398392652,128
"131",2018,12,7.49339715425532,376,7.9436776056338,6.90499386503067,6.99531034482759,7.67073170731707,7.47169352238806,213,163,29,41,335,32568,18365,14203,2501,5232,27336,7.60079279968067,8.00039953552954,7.08408663169753,7.12700679728109,7.58077192851682,7.60462471356453,129
"132",2019,1,7.47295669491525,472,7.93879072289157,6.9528101793722,7.02297297297297,7.54166666666667,7.46517820754717,249,223,37,48,424,33040,18614,14426,2538,5280,27760,7.59896656961259,7.99957539271516,7.08205733398032,7.12549014972419,7.58041642613636,7.60249483897694,130
"133",2019,2,7.44954591331269,323,7.92227596774194,6.80773722627737,6.45,7.11024390243902,7.49887705673759,186,137,20,41,282,33363,18800,14563,2558,5321,28042,7.59751997092587,7.99881062180851,7.07947669436243,7.12020875684128,7.57679359706822,7.60145282290849,131
"134",2019,3,7.47755589123867,331,7.93074603174603,6.8743661971831,6.58608695652174,7.32361111111111,7.49634237288136,189,142,23,36,295,33694,18989,14705,2581,5357,28337,7.59634147889832,7.9981331660435,7.07749602856172,7.11544905075552,7.57509216539108,7.60035857924268,132
"135",2019,4,7.49050955414013,314,7.90876543209877,7.04473684210526,7.24193548387097,6.97837837837838,7.55891696750902,162,152,31,37,277,34008,19151,14857,2612,5394,28614,7.59536431986591,7.99737719649105,7.07716087366225,7.11695022970904,7.57099902298851,7.59995740057314,133
"136",2019,5,7.40799382716049,324,7.87931677018634,6.94245398773006,7.2,7.05322580645161,7.44552901023891,161,163,29,31,293,34332,19312,15020,2641,5425,28907,7.59359605586624,7.99639295205054,7.07569900798935,7.11786217341916,7.56804031889401,7.59839212163144,134
"137",2019,6,7.44461538461538,299,7.88050955414013,6.96267605633803,6.84166666666667,7.53647058823529,7.43283018867925,157,142,30,34,265,34631,19469,15162,2671,5459,29172,7.59230977419075,7.99545845652062,7.07464048938135,7.11476001497567,7.5678436948159,7.59688814822432,135
"138",2019,7,7.51289745980707,311,7.865688125,7.05296296296296,6.93888888888889,7.44868421052632,7.52183556776557,176,135,18,38,273,34942,19645,15297,2689,5497,29445,7.59160296777517,7.99429584118096,7.0744491795777,7.11358274451469,7.56701996179734,7.59619229648497,136
"139",2019,8,7.53330434782609,368,8.01255434782609,7.05405434782609,6.91470588235294,7.70769230769231,7.51263221884498,184,184,34,39,329,35310,19829,15481,2723,5536,29774,7.59099538091192,7.99446526804176,7.07420677604806,7.11109952258539,7.56801097001445,7.59526896520454,137
"140",2019,9,7.50246297222222,360,7.878906,7.05757575757576,7.21555555555556,7.66631578947368,7.48312630434783,195,165,27,38,322,35670,20024,15646,2750,5574,30096,7.59010186627418,7.99333991560128,7.07403138821424,7.11212509090909,7.56868114998206,7.59406914008506,138
"141",2019,10,7.44122532432432,370,7.85044889423077,6.9158024691358,6.85882352941176,7.46802173913043,7.43742089506173,208,162,17,46,324,36040,20232,15808,2767,5620,30420,7.5885734445061,7.99187088967972,7.07240986209514,7.11056884712685,7.56785724733096,7.59240069723866,139
"142",2019,11,7.50700608355091,383,7.8622618877551,7.13465240641711,7.19514285714286,7.67132075471698,7.48061615151515,196,187,35,53,330,36423,20428,15995,2802,5673,30750,7.58771573648519,7.99062733356178,7.07313754923414,7.11162526766595,7.56882385510312,7.59120105821138,140
"143",2019,12,7.4438522972973,444,7.96642628205128,6.86155557142857,6.85366666666667,7.5390243902439,7.43416977667494,234,210,30,41,403,36867,20662,16205,2832,5714,31153,7.58598314725906,7.99035325331527,7.07039566615242,7.10889265536723,7.56861003325166,7.58916967739864,141
"144",2020,1,7.37012033195021,482,7.73671146245059,6.96510917030568,6.91875,7.25200568965517,7.38627752358491,253,229,40,58,424,37349,20915,16434,2872,5772,31577,7.5831973731559,7.9872850547454,7.06892854874042,7.10624442896936,7.56542863132363,7.58644534407955,142
"145",2020,2,7.40028261845387,401,7.85693144859813,6.87770053475936,6.7,7.29731707317073,7.41200925,214,187,34,41,360,37750,21129,16621,2906,5813,31937,7.58125435814569,7.98596479956458,7.06677707538656,7.10149139710943,7.56353759848615,7.58447906691298,143
"146",2020,3,7.46351428571429,350,7.95698224852071,7.00276243093923,7,7.42564102564103,7.46826366559486,169,181,26,39,311,38100,21298,16802,2932,5852,32248,7.58017275643044,7.98573482251855,7.06608747589573,7.10059140518418,7.56261860218729,7.58335828454478,144
"147",2020,4,7.40287306695464,463,7.85161396313364,7.0070325203252,7.00555555555556,7.08574074074074,7.44474383863081,217,246,36,54,409,38563,21515,17048,2968,5906,32657,7.57804403832689,7.9843820813386,7.06523532203191,7.09943867924529,7.55825839146631,7.58162226138347,145
"148",2020,5,7.43419420704846,454,7.96688679245283,6.96753789256198,6.84150548387097,7.53293103448276,7.41973275252525,212,242,31,58,396,39017,21727,17290,2999,5964,33053,7.57637020837071,7.98421137202559,7.06386789705032,7.09677248082694,7.55801208249497,7.57968270232657,146
"149",2020,6,7.49720987654321,405,7.8314691943128,7.13365979381443,6.3125,7.41489361702128,7.50801675977654,211,194,24,47,358,39422,21938,17484,3023,6011,33411,7.57555695855106,7.98274229556022,7.06464229810112,7.09054603704929,7.55689303942772,7.57891479931759,147
"150",2020,7,7.35510136253041,411,7.87447321243523,6.89529050458716,6.58148148148148,7.28023255813954,7.36384961956522,193,218,27,43,368,39833,22131,17702,3050,6054,33779,7.57328228052117,7.98179810266143,7.06255673200768,7.08603956393443,7.55492799141064,7.57657180555967,148
"151",2020,8,7.37601208459215,331,7.72491228070175,7.003125,7.225,7.39333333333333,7.37328671328671,171,160,32,45,286,40164,22302,17862,3082,6099,34065,7.57165653520565,7.97982843735988,7.06202436849177,7.08748237183647,7.55373570421381,7.57486508204902,149
"152",2020,9,7.25820433436532,323,7.77083333333333,6.84581005586592,6.49411764705882,6.94210526315789,7.30035087719298,144,179,34,38,285,40487,22446,18041,3116,6137,34350,7.5691558544718,7.97848765080638,7.05987912366277,7.08100791720154,7.54994851882027,7.57258745327511,150
"153",2020,10,7.48056825714286,350,7.8601512565445,7.02459119496855,7.29347826086957,7.60285714285714,7.4669806031746,191,159,23,35,315,40837,22637,18200,3139,6172,34665,7.5683966003869,7.97748918584618,7.05957083901099,7.08256472443454,7.55024855152301,7.571627806433,151
"154",2020,11,7.49265789473684,380,7.94928934010152,7.00109289617486,6.91166666666667,7.51931818181818,7.48916666666667,197,183,30,44,336,41217,22834,18383,3169,6216,35001,7.5676983276318,7.97724589209074,7.05898869988576,7.08094688229726,7.55002961068211,7.57083620210851,152
"155",2020,12,7.54350574712644,435,7.92902892561983,7.060103626943,7.10294117647059,7.59061224489796,7.53752590673575,242,193,17,49,386,41652,23076,18576,3186,6265,35387,7.56744566815519,7.97674023660947,7.0590002836994,7.08106424042687,7.55034701675978,7.57047285472066,153
"156",2021,1,7.52315301229508,488,7.85615384615385,7.14341521929825,6.95763451612903,7.51454545454545,7.52424635103926,260,228,31,55,433,42140,23336,18804,3217,6320,35820,7.56693273943996,7.97539671323278,7.06002382152734,7.07987483369599,7.55003545253165,7.56991405862647,154
"157",2021,2,7.52938061124694,409,7.92939118721461,7.06831578947368,7.1192,7.91104166666667,7.47863343490305,219,190,25,48,361,42549,23555,18994,3242,6368,36181,7.5665717716045,7.97496898195713,7.06010676740023,7.08017808143122,7.5527566048995,7.5690032959288,155
"158",2021,3,7.44153370786517,356,7.76229166666667,7.06601219512195,7.07272727272727,7.27815,7.46221518987342,192,164,22,40,316,42905,23747,19158,3264,6408,36497,7.56553428061997,7.97324943656041,7.06015732017956,7.08012786151961,7.55104245630462,7.56807869824917,156
"159",2021,4,7.38162091176471,340,7.71408211956522,6.98948717948718,6.8,7.3962962962963,7.38035498402556,184,156,23,27,313,43245,23931,19314,3287,6435,36810,7.56408832049948,7.97125675817977,7.05958651444548,7.07816773349559,7.55039317171717,7.56648246020103,157
"160",2021,5,7.41583072100314,319,7.87830882352941,7.07213114754098,6.87826086956522,7.19736842105263,7.44537366548043,136,183,23,38,281,43564,24067,19497,3310,6473,37091,7.56300269534478,7.97073151950804,7.05970425911679,7.07677865256798,7.548320726093,7.56556494459572,158
"161",2021,6,7.40669291338583,254,7.84661016949153,7.025,7.1952380952381,7.33666666666667,7.41607142857143,118,136,21,30,224,43818,24185,19633,3331,6503,37315,7.56209661372039,7.97012592433327,7.05946385880915,7.07752546982888,7.54734431185607,7.5646675428112,159
"162",2021,7,7.29649382716049,243,7.81651968503937,6.72715517241379,6.546875,7.36251282051282,7.28387254901961,127,116,16,39,204,44061,24312,19749,3347,6542,37519,7.56063179274188,7.96932352254031,7.05751197225176,7.07498874813266,7.54624244267808,7.56314079159892,160
"163",2021,8,7.51278125,288,7.959,7.02776086956522,6.665,8.02115384615385,7.4623320610687,150,138,20,26,262,44349,24462,19887,3367,6568,37781,7.56032105391328,7.96926021911537,7.05730552320612,7.07255341253341,7.54812242082826,7.56244171303036,161
"164",2021,9,7.36926293729373,303,7.85713286713287,6.9332291875,6.59285714285714,7.22914285714286,7.38756220149254,143,160,28,35,268,44652,24605,20047,3395,6603,38049,7.55902456978411,7.96860855435887,7.05631523968674,7.06859715463918,7.54643163107678,7.56120994060291,162
"165",2021,10,7.40789830508475,295,7.6736875,7.09288888888889,6.89411764705882,7.2934375,7.42182509505703,160,135,17,32,263,44947,24765,20182,3412,6635,38312,7.55803268494004,7.96670314879871,7.05655988554157,7.06772782532239,7.54521146345139,7.56025310685947,163
"166",2021,11,7.34730303030303,330,7.80297619047619,6.87475308641975,6.33333333333333,7.38,7.34279310344828,168,162,21,40,290,45277,24933,20344,3433,6675,38602,7.55649678843563,7.96559994705812,7.0551121514943,7.06323546169531,7.54422143220974,7.55861942464121,164
"167",2021,12,7.37952606635071,422,7.81950738916256,6.97168949771689,6.39130434782609,7.34782608695652,7.38340425531915,203,219,23,46,376,45699,25136,20563,3456,6721,38978,7.55486258101928,7.96442009388925,7.054223683801,7.05876369791667,7.54287725933641,7.55692921725076,165
"168",2022,1,7.32629679153094,614,7.8440462012987,6.80516339869281,6.74886363636364,7.27573770491803,7.33187383363472,308,306,44,61,553,46313,25444,20869,3500,6782,39531,7.5518323434025,7.96296296612168,7.05057173846375,7.05486781142857,7.54047450014745,7.55378091270142,166
"169",2022,2,7.4075787965616,349,7.90217032967033,6.8685628742515,6.7,7.5753488372093,7.38400326797386,182,167,24,43,306,46662,25626,21036,3524,6825,39837,7.55075342505679,7.96253120697729,7.04912681165621,7.0524510045403,7.54069422124542,7.55247679945779,167
"170",2022,3,7.38108996539792,289,7.69212121212121,7.11958598726115,6.80178571428571,7.5,7.3673166023166,132,157,14,30,259,46951,25758,21193,3538,6855,40096,7.54970908649443,7.9611454581101,7.04964878072949,7.05145911249293,7.54051612837345,7.55128075768156,168
"171",2022,4,7.35916986440678,295,7.85947368421053,6.82737839160839,7.19630769230769,7.46428571428571,7.34814647940075,152,143,26,28,267,47246,25910,21336,3564,6883,40363,7.54851937582017,7.96054900463142,7.04815906074241,7.05251580808081,7.54020602353625,7.54993703069643,169
"172",2022,5,7.38762202492212,321,7.83722224137931,6.85544217687075,6.5,7.16612903225806,7.41129886206897,174,147,10,31,290,47567,26084,21483,3574,6914,40653,7.54743358000294,7.95972632188315,7.04684037238747,7.05096987688864,7.53852879085913,7.54894804909847,170
"173",2022,6,7.25439501779359,281,7.678515625,6.89957516339869,6.65625,7.04791666666667,7.27367704280156,128,153,16,24,257,47848,26212,21636,3590,6938,40910,7.54571263375689,7.95835309705479,7.04579897947865,7.04921067966574,7.53683166042087,7.54721877389391,171
"174",2022,7,7.45683700729927,274,7.82814556338028,7.05739901515151,6.88222222222222,7.093,7.50157106557377,142,132,18,30,244,48122,26354,21768,3608,6968,41154,7.54520658825485,7.95765151589892,7.04586932148107,7.0483775886918,7.53492078932262,7.54694813092287,172
"175",2022,8,7.43594501718213,291,7.80765100671141,7.04591549295775,6.46666666666667,7.5848275862069,7.41946564885496,149,142,15,29,262,48413,26503,21910,3623,6997,41416,7.54454984074525,7.95680821227786,7.04586962072113,7.04596918023737,7.53512763470059,7.54614166940313,173
"176",2022,9,7.16109060402685,298,7.6329552238806,6.77554268292683,6.875,7.13015789473684,7.16561153846154,134,164,20,38,260,48711,26637,22074,3643,7035,41676,7.54220394654185,7.95517903855539,7.04386121183293,7.04503056272303,7.53294016488984,7.54376769315673,174
"177",2022,10,7.43307936507937,315,7.87273291925466,6.97344155844156,6.77222222222222,7.67,7.41265517241379,161,154,18,25,290,49026,26798,22228,3661,7060,41966,7.54150280341043,7.9546837096052,7.04337333048407,7.04368924883912,7.53342550424929,7.54286165896202,175
"178",2022,11,7.51868945868946,351,8.04588888888889,6.96374269005848,6.86153846153846,7.28958333333333,7.53550458715596,180,171,13,24,327,49377,26978,22399,3674,7084,42293,7.54134063308828,7.95529223997331,7.0427654087236,7.04304473053892,7.53259938735178,7.54280477573121,176
"179",2022,12,7.44498701298701,385,7.97790816326531,6.89232804232804,6.92592592592593,7.71285714285714,7.41218658892128,196,189,27,42,343,49762,27174,22588,3701,7126,42636,7.54059516177002,7.95545536358284,7.04150665795998,7.04219031072683,7.53366181027224,7.54175397269913,177
