"","year","month","avg_rating","no_ratings","avg_rating_owned","avg_rating_not_owned","avg_rating_prev_owned","avg_rating_comment","avg_rating_no_comment","no_ratings_owned","no_ratings_not_owned","no_ratings_prev_owned","no_ratings_comment","no_ratings_no_comment","cum_no_ratings","cum_no_ratings_owned","cum_no_ratings_not_owned","cum_no_ratings_prev_owned","cum_no_ratings_comment","cum_no_ratings_no_comment","cum_avg_rating","cum_avg_rating_owned","cum_avg_rating_not_owned","cum_avg_rating_prev_owned","cum_avg_rating_comment","cum_avg_rating_no_comment","month_after_release"
"1",2008,3,9,1,9,NA,NA,NA,9,1,0,0,0,1,1,1,0,0,0,1,9,9,NA,NA,NA,9,-9
"2",2008,8,7,3,10,5.5,NA,5.5,10,1,2,0,2,1,4,2,2,0,2,2,7.5,9.5,5.5,NA,5.5,9.5,-4
"3",2008,11,8.86363636363636,11,8.86363636363636,NA,NA,10,8.61111111111111,11,0,0,2,9,15,13,2,0,4,11,8.5,8.96153846153846,5.5,NA,7.75,8.77272727272727,-1
"4",2008,12,8.91142857142857,35,8.86333333333333,9.2,8,9.18461538461538,8.75,30,5,1,13,22,50,43,7,1,17,33,8.788,8.89302325581395,8.14285714285714,8,8.84705882352941,8.75757575757576,0
"5",2009,1,8.21477272727273,44,8.54027777777778,6.75,8.5,8.31153846153846,8.1741935483871,36,8,2,13,31,94,79,15,3,30,64,8.51968085106383,8.73227848101266,7.4,8.33333333333333,8.615,8.475,1
"6",2009,2,7.6390625,32,8.23421052631579,6.76923076923077,7.5,6.5,8.01875,19,13,2,8,24,126,98,28,5,38,88,8.29603174603175,8.63571428571429,7.10714285714286,8,8.16973684210526,8.35056818181818,2
"7",2009,3,7.40526315789474,38,8.04347826086956,6.42666666666667,5.45,6.5,7.68620689655172,23,15,4,9,29,164,121,43,9,47,117,8.08963414634146,8.52314049586777,6.86976744186046,6.86666666666667,7.85,8.18589743589744,3
"8",2009,4,7.4375,16,7.8,6.64,NA,7,7.53846153846154,11,5,0,3,13,180,132,48,9,50,130,8.03166666666667,8.46287878787879,6.84583333333333,6.86666666666667,7.799,8.12115384615385,4
"9",2009,5,7.66764705882353,34,8.3875,7.02777777777778,7.5,7.5,7.7375,16,18,1,10,24,214,148,66,10,60,154,7.97383177570093,8.45472972972973,6.89545454545454,6.93,7.74916666666667,8.06136363636364,5
"10",2009,6,7.51,20,8.22727272727273,6.63333333333333,7.2,8,7.34666666666667,11,9,1,5,15,234,159,75,11,65,169,7.93418803418803,8.43899371069182,6.864,6.95454545454545,7.76846153846154,7.99792899408284,6
"11",2009,7,7.06,25,7.22222222222222,6.96875,NA,5.9,7.35,9,16,0,5,20,259,168,91,11,70,189,7.84980694980695,8.37380952380952,6.88241758241758,6.95454545454545,7.635,7.92936507936508,7
"12",2009,8,7.91851851851852,27,8.43333333333333,6.88888888888889,NA,7.6,7.99090909090909,18,9,0,5,22,286,186,100,11,75,211,7.85629370629371,8.37956989247312,6.883,6.95454545454545,7.63266666666667,7.93578199052133,8
"13",2009,9,7.37037037037037,27,8.1,6.94117647058824,8,6.875,7.57894736842105,10,17,1,8,19,313,196,117,12,83,230,7.81437699680511,8.36530612244898,6.89145299145299,7.04166666666667,7.55963855421687,7.90630434782609,9
"14",2009,10,7.93636363636364,33,8.48333333333333,7.28,7.9,8.5125,7.752,18,15,5,8,25,346,214,132,17,91,255,7.82601156069364,8.37523364485981,6.93560606060606,7.29411764705882,7.64340659340659,7.89117647058824,10
"15",2009,11,7.98047619047619,21,8.13636363636364,7.809,8,8.59,7.95,11,10,2,1,20,367,225,142,19,92,275,7.83485013623978,8.36355555555556,6.99711267605634,7.36842105263158,7.65369565217391,7.89545454545455,11
"16",2009,12,7.54090909090909,33,8.06,7.10833333333333,7,7.24,7.67173913043478,15,18,3,10,23,400,240,160,22,102,298,7.8106,8.34458333333333,7.009625,7.31818181818182,7.61313725490196,7.87818791946309,12
"17",2010,1,7.525,20,8.40909090909091,6.44444444444444,7,8.25,7.34375,11,9,2,4,16,420,251,169,24,106,314,7.797,8.34741035856574,6.97952662721893,7.29166666666667,7.63716981132076,7.85095541401274,13
"18",2010,2,7.95238095238095,21,8.42307692307692,7.1875,NA,8.33333333333333,7.88888888888889,13,8,0,3,18,441,264,177,24,109,332,7.80439909297052,8.35113636363636,6.98892655367232,7.29166666666667,7.65633027522936,7.85301204819277,14
"19",2010,3,6.83333333333333,15,8.375,6.27272727272727,7,8.25,5.88888888888889,4,11,1,6,9,456,268,188,25,115,341,7.77245614035088,8.35149253731343,6.94702127659574,7.28,7.68730434782609,7.80117302052786,15
"20",2010,4,7.28,15,8.13333333333333,6,6,8.5,6.67,9,6,1,5,10,471,277,194,26,120,351,7.75677282377919,8.34440433212996,6.91773195876289,7.23076923076923,7.72116666666667,7.76894586894587,16
"21",2010,5,7.69230769230769,13,8.57142857142857,6.66666666666667,8,8,7.6,7,6,1,3,10,484,284,200,27,123,361,7.75504132231405,8.35,6.9102,7.25925925925926,7.7279674796748,7.76426592797784,17
"22",2010,6,7.79166666666667,12,8.5,7.55555555555556,5,8.25,7.5625,3,9,1,4,8,496,287,209,28,127,369,7.75592741935484,8.35156794425087,6.93799043062201,7.17857142857143,7.7444094488189,7.75989159891599,18
"23",2010,7,7.21428571428571,14,9.14285714285714,5.28571428571429,NA,5.16666666666667,7.77272727272727,7,7,0,3,11,510,294,216,28,130,380,7.74105882352941,8.3704081632653,6.88444444444444,7.17857142857143,7.68492307692308,7.76026315789474,19
"24",2010,8,7.85714285714286,14,8.27777777777778,7.1,NA,9.16666666666667,7.5,9,5,0,3,11,524,303,221,28,133,391,7.74416030534351,8.36765676567657,6.88932126696833,7.17857142857143,7.71834586466165,7.75294117647059,20
"25",2010,9,7.20833333333333,12,7.1,7.28571428571429,8,5,7.40909090909091,5,7,1,1,11,536,308,228,29,134,402,7.73216417910448,8.34707792207792,6.90149122807018,7.20689655172414,7.69805970149254,7.74353233830846,21
"26",2010,10,7.45,10,8.375,6.83333333333333,NA,4,7.83333333333333,4,6,0,1,9,546,312,234,29,135,411,7.72699633699634,8.3474358974359,6.89974358974359,7.20689655172414,7.67066666666667,7.74549878345499,22
"27",2010,11,7,16,7.91666666666667,6.45,4.83333333333333,7.125,6.95833333333333,6,10,3,4,12,562,318,244,32,139,423,7.70629893238434,8.33930817610063,6.88131147540984,6.984375,7.65496402877698,7.72316784869976,23
"28",2010,12,7.53333333333333,27,8.40909090909091,6.93125,7.5,7.6875,7.46842105263158,11,16,2,8,19,589,329,260,34,147,442,7.6983701188455,8.34164133738602,6.88438461538462,7.01470588235294,7.65673469387755,7.71221719457013,24
"29",2011,1,7.71285714285714,21,7.96666666666667,7.07833333333333,6.5,7.75,7.70411764705882,15,6,2,4,17,610,344,266,36,151,459,7.69886885245902,8.32529069767442,6.88875939849624,6.98611111111111,7.65920529801325,7.71191721132898,25
"30",2011,2,7.19444444444444,9,8.33333333333333,6.625,NA,7.875,7,3,6,0,2,7,619,347,272,36,153,466,7.69153473344103,8.32536023054755,6.88294117647059,6.98611111111111,7.66202614379085,7.70122317596566,26
"31",2011,3,7.34166666666667,18,8.59285714285714,6.54545454545455,6,8,7.259375,7,11,2,2,16,637,354,283,38,155,482,7.68164835164835,8.33064971751413,6.86982332155477,6.93421052631579,7.66638709677419,7.68655601659751,27
"32",2011,4,7.60526315789474,19,8.23076923076923,6.25,NA,7.33333333333333,7.65625,13,6,0,3,16,656,367,289,38,158,498,7.67943597560976,8.32711171662126,6.85695501730104,6.93421052631579,7.66006329113924,7.68558232931727,28
"33",2011,5,6.575,16,8.16666666666667,5.62,NA,8.25,6.01666666666667,6,10,0,4,12,672,373,299,38,162,510,7.65313988095238,8.3245308310992,6.81558528428094,6.93421052631579,7.67462962962963,7.6463137254902,29
"34",2011,6,7.87894736842105,19,7.97857142857143,7.6,6.5,7.8,7.90714285714286,14,5,1,5,14,691,387,304,39,167,524,7.6593487698987,8.31201550387597,6.82848684210526,6.92307692307692,7.67838323353293,7.65328244274809,30
"35",2011,7,7.69,15,8,7.48333333333333,7,7.3875,7.8,6,9,1,4,11,706,393,313,40,171,535,7.66,8.30725190839695,6.84731629392971,6.925,7.67157894736842,7.65629906542056,31
"36",2011,8,6.74866666666667,15,8.85714285714286,4.90375,5,8.5,6.47923076923077,7,8,1,2,13,721,400,321,41,173,548,7.64104022191401,8.316875,6.7988785046729,6.8780487804878,7.68115606936416,7.62837591240876,32
"37",2011,9,7.07692307692308,13,7,7.2,6.66666666666667,5.75,7.66666666666667,8,5,3,4,9,734,408,326,44,177,557,7.63104904632153,8.29105392156863,6.80503067484662,6.86363636363636,7.63751412429378,7.62899461400359,33
"38",2011,10,7.85,10,8.625,7.33333333333333,NA,8.75,7.625,4,6,0,2,8,744,412,332,44,179,565,7.63399193548387,8.29429611650486,6.81457831325301,6.86363636363636,7.64994413407821,7.62893805309734,34
"39",2011,11,7.52352941176471,17,7.83333333333333,7.35454545454545,4,7.35,7.54666666666667,6,11,1,2,15,761,418,343,45,181,580,7.63152431011826,8.28767942583733,6.83189504373178,6.8,7.64662983425414,7.62681034482758,35
"40",2011,12,7.80769230769231,13,8.14285714285714,7.41666666666667,6.5,8,7.79166666666667,7,6,2,1,12,774,425,349,47,182,592,7.63448320413437,8.28529411764706,6.84194842406877,6.78723404255319,7.64857142857143,7.63015202702702,36
"41",2012,1,6.55454545454545,11,7.95,5.75714285714286,NA,8.4,6.14444444444444,4,7,0,2,9,785,429,356,47,184,601,7.61935031847134,8.28216783216784,6.82061797752809,6.78723404255319,7.65673913043478,7.60790349417637,37
"42",2012,2,7.56875,16,8.51111111111111,6.35714285714286,5.83333333333333,8.2,7.42307692307692,9,7,3,3,13,801,438,363,50,187,614,7.61833957553059,8.28687214611872,6.81168044077135,6.73,7.66545454545454,7.60399022801303,38
"43",2012,3,7.6,10,7.4,7.8,NA,8,7.55555555555556,5,5,0,1,9,811,443,368,50,188,623,7.61811344019729,8.27686230248307,6.82510869565217,6.73,7.66723404255319,7.60329052969502,39
"44",2012,4,7.31818181818182,11,7.64285714285714,6.75,NA,7,7.35,7,4,0,1,10,822,450,372,50,189,633,7.614099756691,8.267,6.82430107526882,6.73,7.6637037037037,7.59928909952606,40
"45",2012,5,7.35,10,8.08333333333333,6.25,3,NA,7.35,6,4,1,0,10,832,456,376,51,189,643,7.61092548076923,8.26458333333334,6.8181914893617,6.65686274509804,7.6637037037037,7.59541213063763,41
"46",2012,6,7,14,8.875,6.25,NA,6,7.16666666666667,4,10,0,2,12,846,460,386,51,191,655,7.60081560283688,8.26989130434783,6.80347150259067,6.65686274509804,7.64628272251309,7.58755725190839,42
"47",2012,7,7.61,10,8.66666666666667,7.15714285714286,8.25,8,7.56666666666667,3,7,2,1,9,856,463,393,53,192,664,7.60092289719626,8.27246220302376,6.80977099236641,6.71698113207547,7.648125,7.58727409638554,43
"48",2012,8,7.1,9,8.1,6.3,NA,8.2,6.78571428571429,4,5,0,2,7,865,467,398,53,194,671,7.59571098265896,8.27098501070664,6.80336683417085,6.71698113207547,7.65381443298969,7.57891207153502,44
"49",2012,9,6.84615384615385,13,6.8125,6.9,8.5,NA,6.84615384615385,8,5,1,0,13,878,475,403,54,194,684,7.58461275626424,8.24642105263158,6.80456575682382,6.75,7.65381443298969,7.56498538011696,45
"50",2012,10,7.45,10,7.75,7.25,NA,8,7.3125,4,6,0,2,8,888,479,409,54,196,692,7.58309684684685,8.24227557411274,6.81110024449878,6.75,7.65734693877551,7.56206647398844,46
"51",2012,11,7.34045454545455,11,9.66666666666667,6.468125,8,9.5,6.86055555555556,3,8,1,2,9,899,482,417,55,198,701,7.58012791991101,8.25114107883818,6.80452038369304,6.77272727272727,7.6759595959596,7.55305991440799,47
"52",2012,12,7.759375,16,7.485,8.21666666666667,8.65,8.325,7.57083333333333,10,6,2,4,12,915,492,423,57,202,713,7.58326229508197,8.23556910569106,6.82455082742317,6.83859649122807,7.68881188118812,7.55335904628331,48
"53",2013,1,7.578125,16,8.025,6.83333333333333,6,8.75,7.41071428571429,10,6,2,2,14,931,502,429,59,204,727,7.58317400644468,8.23137450199203,6.82467365967366,6.81016949152542,7.69921568627451,7.5506121045392,49
"54",2013,2,7.05,14,7.4,6.7875,9,7.16666666666667,7.01818181818182,6,8,1,3,11,945,508,437,60,207,738,7.57527513227513,8.22155511811024,6.82399313501144,6.84666666666667,7.69149758454106,7.54267615176152,50
"55",2013,3,6.57692307692308,13,7.25,6,6,6,6.625,6,7,2,1,12,958,514,444,62,208,750,7.56172755741127,8.2102140077821,6.81100225225225,6.81935483870968,7.68336538461538,7.52799333333333,51
"56",2013,4,7.35,10,8.33333333333333,6.92857142857143,NA,NA,7.35,3,7,0,0,10,968,517,451,62,208,760,7.5595402892562,8.21092843326886,6.81282705099778,6.81935483870968,7.68336538461538,7.52565131578947,52
"57",2013,5,7.43333333333333,9,8.4,6.225,4,NA,7.43333333333333,5,4,1,0,9,977,522,455,63,208,769,7.55837768679631,8.21273946360153,6.80765934065934,6.77460317460317,7.68336538461538,7.52457087126138,53
"58",2013,6,6.37272727272727,11,7.86666666666667,5.8125,8,6.66666666666667,6.2625,3,8,1,3,8,988,525,463,64,211,777,7.54517712550607,8.21076190476191,6.79046436285097,6.79375,7.66890995260663,7.51157657657658,54
"59",2013,7,6.575,16,7.24444444444444,5.71428571428571,6,7,6.54666666666667,9,7,2,1,15,1004,534,470,66,212,792,7.52971613545817,8.19447565543071,6.77443617021277,6.76969696969697,7.66575471698113,7.49330176767677,55
"60",2013,8,7.09090909090909,11,8.6,5.83333333333333,5,8,7,5,6,1,1,10,1015,539,476,67,213,802,7.524960591133,8.19823747680891,6.76257352941176,6.74328358208955,7.66732394366197,7.48715087281795,56
"61",2013,9,7.61764705882353,17,7.875,7.38888888888889,NA,7.5,7.63333333333333,8,9,0,2,15,1032,547,485,67,215,817,7.52648740310077,8.19351005484461,6.77419587628866,6.74328358208955,7.66576744186046,7.48983476132191,57
"62",2013,10,7.35333333333333,15,8.0375,6.57142857142857,NA,8.35,7.2,8,7,0,2,13,1047,555,492,67,217,830,7.52400668576886,8.19126126126126,6.77131097560976,6.74328358208955,7.67207373271889,7.48529518072289,58
"63",2013,11,6.83333333333333,6,7.33333333333333,6.33333333333333,7,5,7.2,3,3,1,1,5,1053,558,495,68,218,835,7.52007122507122,8.18664874551972,6.76865656565657,6.74705882352941,7.65981651376147,7.4835868263473,59
"64",2013,12,6.93333333333333,15,6.55555555555556,7.5,5,5.66666666666667,7.25,9,6,1,3,12,1068,567,501,69,221,847,7.51183052434457,8.16075837742505,6.77741516966068,6.72173913043478,7.63276018099547,7.4802774498229,60
"65",2014,1,6.396875,16,6.7625,6.03125,7.125,8,6.29,8,8,2,1,15,1084,575,509,71,222,862,7.49537361623616,8.14130434782609,6.76568762278978,6.7330985915493,7.63441441441441,7.45956496519721,61
"66",2014,2,6.30769230769231,13,7.66666666666667,5.9,3,5.66666666666667,6.5,3,10,1,3,10,1097,578,519,72,225,872,7.48129899726527,8.13884083044983,6.74900770712909,6.68125,7.60817777777778,7.44856077981651,62
"67",2014,3,8.13636363636364,11,8.07142857142857,8.25,NA,7,8.25,7,4,0,1,10,1108,585,523,72,226,882,7.4878023465704,8.13803418803419,6.76048757170172,6.68125,7.60548672566372,7.45764739229025,63
"68",2014,4,7.43,10,7.8,7.06,7,9,7.25555555555556,5,5,3,1,9,1118,590,528,75,227,891,7.48728533094812,8.13516949152543,6.76332386363636,6.694,7.61162995594714,7.45560606060606,64
"69",2014,5,6.7375,8,7.33333333333333,6.38,7,NA,6.7375,3,5,1,0,8,1126,593,533,76,227,899,7.48195825932504,8.13111298482294,6.75972795497186,6.69802631578947,7.61162995594714,7.44921579532814,65
"70",2014,6,6.66666666666667,3,8,6,7,NA,6.66666666666667,1,2,1,0,3,1129,594,535,77,227,902,7.47979185119575,8.13089225589226,6.75688785046729,6.70194805194805,7.61162995594714,7.44661308203991,66
"71",2014,7,6.95454545454545,11,8.5,6.07142857142857,NA,NA,6.95454545454545,4,7,0,0,11,1140,598,542,77,227,913,7.47472368421053,8.13336120401338,6.74803505535055,6.70194805194805,7.61162995594714,7.44068455640745,67
"72",2014,8,7.38571428571429,14,7.53636363636364,6.83333333333333,NA,8,7.33846153846154,11,3,0,1,13,1154,609,545,77,228,926,7.473643847487,8.12257799671593,6.74850458715596,6.70194805194805,7.61333333333333,7.4392494600432,68
"73",2014,9,6.15,10,7.5,5.8125,NA,5.75,6.25,2,8,0,2,8,1164,611,553,77,230,934,7.46227233676976,8.12054009819967,6.73496383363472,6.70194805194805,7.59713043478261,7.42906316916488,69
"74",2014,10,6.92222222222222,9,7.2,6.575,6.8,8,6.61428571428571,5,4,1,2,7,1173,616,557,78,232,941,7.45812872975277,8.11306818181818,6.73381508078995,6.70320512820513,7.60060344827586,7.42300212539851,70
"75",2014,11,7.6,10,8.28571428571429,6,6.5,7.7,7.5,7,3,1,5,5,1183,623,560,79,237,946,7.45932797971259,8.11500802568218,6.72988392857143,6.7006329113924,7.60270042194093,7.42340909090909,71
"76",2014,12,6.98571428571429,14,7.475,6.79,7.5,3.1,7.28461538461538,4,10,2,1,13,1197,627,570,81,238,959,7.45378863826232,8.11092503987241,6.73093859649123,6.72037037037037,7.58378151260504,7.42152763295099,72
"77",2015,1,6.23684210526316,19,7.38888888888889,5.2,NA,6.75,6.17647058823529,9,10,0,2,17,1216,636,580,81,240,976,7.43477384868421,8.10070754716981,6.70454310344828,6.72037037037037,7.57683333333333,7.39984118852459,73
"78",2015,2,7.95555555555556,9,8.51428571428571,6,NA,9,7.825,7,2,0,1,8,1225,643,582,81,241,984,7.4386,8.1052099533437,6.70212199312715,6.72037037037037,7.58273858921162,7.40329776422764,74
"79",2015,3,8,12,7.33333333333333,8.22222222222222,NA,9,7.90909090909091,3,9,0,1,11,1237,646,591,81,242,995,7.44404607922393,8.1016253869969,6.72527072758037,6.72037037037037,7.58859504132231,7.40888944723618,75
"80",2015,4,7.3,7,7.33333333333333,7.1,NA,8,7.18333333333333,6,1,0,1,6,1244,652,592,81,243,1001,7.44323553054662,8.09455521472393,6.72590371621622,6.72037037037037,7.59028806584362,7.40753746253746,76
"81",2015,5,6.71428571428571,7,7,6.33333333333333,NA,6,6.83333333333333,4,3,0,1,6,1251,656,595,81,244,1007,7.43915667466027,8.08788109756098,6.7239243697479,6.72037037037037,7.58377049180328,7.40411618669315,77
"82",2015,6,7.33333333333333,9,8.2,6.25,7,5.5,7.85714285714286,5,4,1,2,7,1260,661,599,82,246,1014,7.43840079365079,8.08872919818457,6.72075959933222,6.72378048780488,7.56682926829268,7.40724358974359,78
"83",2015,7,6.22727272727273,11,7.2,5.41666666666667,6,7,6.05555555555556,5,6,1,2,9,1271,666,605,83,248,1023,7.42791896144768,8.08205705705706,6.70782644628099,6.71506024096385,7.56225806451613,7.39535190615836,79
"84",2015,8,7.07692307692308,13,7.375,6.94444444444444,7.375,7.5,7,4,9,4,2,11,1284,670,614,87,250,1034,7.42436526479751,8.07783582089552,6.71129478827361,6.74540229885057,7.56176,7.39114603481625,80
"85",2015,9,6.70833333333333,12,6.375,6.875,6.5,5.75,6.9,4,8,2,2,10,1296,674,622,89,252,1044,7.41773533950617,8.06772997032641,6.71340032154341,6.73988764044944,7.54738095238095,7.38644157088123,81
"86",2015,10,7.13,15,7.4625,6.75,NA,8.175,6.75,8,7,0,4,11,1311,682,629,89,256,1055,7.41444317315027,8.06063049853373,6.71380763116057,6.73988764044944,7.5571875,7.37980568720379,82
"87",2015,11,6.5,8,7,6,NA,NA,6.5,4,4,0,0,8,1319,686,633,89,256,1063,7.40889689158453,8.05444606413994,6.70929699842022,6.73988764044944,7.5571875,7.37318438381938,83
"88",2015,12,7.17857142857143,14,7.5,6.75,NA,9,7.03846153846154,8,6,0,1,13,1333,694,639,89,257,1076,7.40647786946737,8.04805475504323,6.70967918622848,6.73988764044944,7.56280155642023,7.36914033457249,84
"89",2016,1,7.13636363636364,11,7.64285714285714,6.25,2,8,7.05,7,4,1,1,10,1344,701,643,90,258,1086,7.40426711309524,8.04400855920114,6.70681959564541,6.68722222222222,7.56449612403101,7.36620165745856,85
"90",2016,2,6.1,5,7.25,5.33333333333333,NA,NA,6.1,2,3,0,0,5,1349,703,646,90,258,1091,7.39943291326909,8.04174964438123,6.70044117647059,6.68722222222222,7.56449612403101,7.3603987167736,86
"91",2016,3,7.13636363636364,11,7.75,6.78571428571429,NA,5,7.35,4,7,0,1,10,1360,707,653,90,259,1101,7.39730514705882,8.04009900990099,6.70135528330781,6.68722222222222,7.55459459459459,7.3603042688465,87
"92",2016,4,7.93076923076923,13,8.15714285714286,7.66666666666667,NA,8.03333333333333,7.9,7,6,0,3,10,1373,714,659,90,262,1111,7.40235615440641,8.04124649859944,6.71014415781487,6.68722222222222,7.56007633587786,7.36516201620162,88
"93",2016,5,6.64285714285714,7,7.16666666666667,6.25,5,7.75,6.2,3,4,1,2,5,1380,717,663,91,264,1116,7.39850362318841,8.03758716875872,6.70736802413273,6.66868131868132,7.56151515151515,7.3599417562724,89
"94",2016,6,6.96153846153846,13,7.78571428571429,6,7,5.5,7.4,7,6,1,3,10,1393,724,669,92,267,1126,7.39442569992821,8.03515193370166,6.70102391629297,6.67228260869565,7.53835205992509,7.36029751332149,90
"95",2016,7,7.05,10,7.25,6.75,7,7,7.0625,6,4,1,2,8,1403,730,673,93,269,1134,7.39197077690663,8.02869863013699,6.70131500742942,6.6758064516129,7.53434944237918,7.35819664902998,91
"96",2016,8,6.85714285714286,7,7.25,6.33333333333333,6,10,6.33333333333333,4,3,2,1,6,1410,734,676,95,270,1140,7.38931560283688,8.02445504087194,6.69968195266272,6.66157894736842,7.54348148148148,7.35280263157895,92
"97",2016,9,6.51578947368421,19,7.34545454545455,5.375,4,5.5,6.78666666666667,11,8,2,4,15,1429,745,684,97,274,1155,7.37770118964311,8.01442953020135,6.68418859649123,6.60670103092783,7.5136496350365,7.34545021645022,93
"98",2016,10,7.0625,8,7.2,6.83333333333333,7,10,6.64285714285714,5,3,1,1,7,1437,750,687,98,275,1162,7.37594641614475,8.009,6.68483988355167,6.61071428571428,7.52269090909091,7.34121772805508,94
"99",2016,11,7.295,20,8.1125,6.75,7,7,7.31052631578947,8,12,1,1,19,1457,758,699,99,276,1181,7.37483527796843,8.01009234828496,6.68595851216023,6.61464646464646,7.52079710144927,7.34072396274344,95
"100",2016,12,7.02333333333333,15,7.37222222222222,6.5,6,6.75,7.12272727272727,9,6,1,4,11,1472,767,705,100,280,1192,7.37125339673913,8.0026075619296,6.68437588652482,6.6085,7.50978571428571,7.33871224832215,96
"101",2017,1,7.30555555555556,18,7.45,7.125,8,7.5,7.28125,10,8,2,2,16,1490,777,713,102,282,1208,7.37045973154362,7.9954954954955,6.68931977559607,6.63578431372549,7.50971631205674,7.3379511589404,97
"102",2017,2,6.96153846153846,13,7.65,4.66666666666667,7,9,6.59090909090909,10,3,1,2,11,1503,787,716,103,284,1219,7.36692282102462,7.99110546378653,6.68084497206704,6.63932038834951,7.52021126760563,7.33121000820344,98
"103",2017,3,6.85714285714286,7,7.6,5,NA,8,6.66666666666667,5,2,0,1,6,1510,792,718,103,285,1225,7.36455960264901,7.98863636363637,6.67616295264624,6.63932038834951,7.5218947368421,7.32795510204082,99
"104",2017,4,7.03636363636364,11,7.5,6.48,NA,8,6.675,6,5,0,3,8,1521,798,723,103,288,1233,7.36218606180145,7.98496240601504,6.67480636237898,6.63932038834951,7.526875,7.32371857258718,100
"105",2017,5,7.875,8,8.75,7,7,9,7.5,4,4,1,2,6,1529,802,727,104,290,1239,7.36486919555265,7.98877805486285,6.67659559834938,6.64278846153846,7.53703448275862,7.32457223567393,101
"106",2017,6,6.66538461538462,13,7.85,5.925,6,4,6.8875,5,8,1,1,12,1542,807,735,105,291,1251,7.35897211413748,7.98791821561339,6.66841496598639,6.63666666666667,7.52487972508591,7.320379696243,102
"107",2017,7,7.02,5,8.16666666666667,5.3,NA,3.6,7.875,3,2,0,1,4,1547,810,737,105,292,1255,7.35787653522948,7.98858024691358,6.66470149253731,6.63666666666667,7.51143835616438,7.32214741035856,103
"108",2017,8,7.92307692307692,13,8,7.75,6,6,8.08333333333333,9,4,1,1,12,1560,819,741,106,293,1267,7.36258653846154,7.98870573870574,6.67056005398111,6.63066037735849,7.50627986348123,7.32935674822415,104
"109",2017,9,7.3,10,7.25,7.5,NA,7,7.33333333333333,8,2,0,1,9,1570,827,743,106,294,1276,7.36218789808917,7.98155985489722,6.67279273216689,6.63066037735849,7.50455782312925,7.32938479623824,105
"110",2017,10,7.74107142857143,28,8.703125,6.45833333333333,7.33333333333333,7.44444444444444,7.88157894736842,16,12,3,9,19,1598,843,755,109,303,1295,7.3688266583229,7.99525504151839,6.66938410596026,6.65,7.50277227722772,7.33748648648649,106
"111",2017,11,7.78260869565217,23,8.41176470588235,6,NA,6.66666666666667,7.95,17,6,0,3,20,1621,860,761,109,306,1315,7.37469771745836,8.00348837209303,6.66410643889619,6.65,7.49457516339869,7.34680228136882,107
"112",2017,12,7.99230769230769,26,8.32352941176471,7.36666666666667,7,8,7.99,17,9,3,6,20,1647,877,770,112,312,1335,7.38444748026715,8.0096921322691,6.67231818181818,6.659375,7.50429487179487,7.35643820224719,108
"113",2018,1,7.64459459459459,37,8.19642857142857,5.92777777777778,8,8.75,7.51060606060606,28,9,1,4,33,1684,905,779,113,316,1368,7.39016330166271,8.01546961325967,6.6637163029525,6.6712389380531,7.52006329113924,7.36015716374269,109
"114",2018,2,7.63103448275862,29,7.7952380952381,7.2,5,7.8,7.59583333333333,21,8,1,5,24,1713,926,787,114,321,1392,7.39424109748978,8.01047516198704,6.66916772554003,6.65657894736842,7.52442367601246,7.36422054597701,110
"115",2018,3,7.28376826086957,23,8.54388916666667,5.90909090909091,8.16666666666667,8.5,6.94592611111111,12,11,3,5,18,1736,938,798,117,326,1410,7.39277745967742,8.0172992217484,6.65869047619048,6.69529914529914,7.53938650306748,7.35888061702127,111
"116",2018,4,7.98846153846154,26,8.19473684210526,7.42857142857143,NA,8.9,7.77142857142857,19,7,0,5,21,1762,957,805,117,331,1431,7.40156734960272,8.02082201671891,6.6653850931677,6.69529914529914,7.55993957703927,7.36493477987421,112
"117",2018,5,8.3,21,8.43333333333333,7.5,8,7.94444444444444,8.56666666666667,18,3,1,9,12,1783,975,808,118,340,1443,7.41214900168256,8.02843761025641,6.66848391089109,6.70635593220339,7.57011764705882,7.37492839223839,113
"118",2018,6,7.63909090909091,22,8.29,6.5,7,7.66666666666667,7.63473684210526,14,8,1,3,19,1805,989,816,119,343,1462,7.41491505263158,8.03214021233569,6.66683210784314,6.70882352941176,7.57096209912536,7.37830483584131,114
"119",2018,7,7.74166666666667,24,7.59,8.5,8,8.75,7.54,20,4,3,4,20,1829,1009,820,122,347,1482,7.41920266265719,8.02337628344896,6.6757743902439,6.7405737704918,7.58455331412104,7.38048695681511,115
"120",2018,8,7.61578947368421,19,7.96666666666667,6.3,NA,8.5,7.51176470588235,15,4,0,2,17,1848,1024,824,122,349,1499,7.4212238474026,8.02254557617188,6.67395024271845,6.7405737704918,7.5897994269341,7.38197576384256,116
"121",2018,9,7.51578947368421,19,7.85,7.14444444444444,10,9.1,6.95,10,9,2,5,14,1867,1034,833,124,354,1513,7.4221862185324,8.02087685686654,6.67903361344538,6.79314516129032,7.61112994350282,7.37797863185723,117
"122",2018,10,8.25882352941177,17,8.36666666666667,8,10,7.83333333333333,8.35,12,5,1,3,14,1884,1046,838,125,357,1527,7.42973549363057,8.02484385277247,6.68691527446301,6.8188,7.61299719887955,7.38689041912246,118
"123",2018,11,7.46296296296296,27,7.95882352941176,6.62,NA,5.33333333333333,7.72916666666667,17,10,0,3,24,1911,1063,848,125,360,1551,7.43020495552067,8.02378802445908,6.68612617924528,6.8188,7.594,7.39218676337846,119
"124",2018,12,8.11904761904762,21,8.55882352941176,6.25,NA,9,8.02631578947368,17,4,0,2,19,1932,1080,852,125,362,1570,7.4376923757764,8.03220987962963,6.68407863849765,6.8188,7.6017679558011,7.39986093630573,120
"125",2019,1,7.76764705882353,34,8.40952380952381,6.73076923076923,7.375,8.0625,7.67692307692308,21,13,4,8,26,1966,1101,865,129,370,1596,7.44339861139369,8.0394066030881,6.68478034682081,6.83604651162791,7.61172972972973,7.40437447994987,121
"126",2019,2,7.525,20,7.53125,7.5,6,7,7.58333333333333,16,4,1,2,18,1986,1117,869,130,372,1614,7.4442203776435,8.03212772605193,6.68853279631761,6.82961538461538,7.60844086021505,7.40637030359355,122
"127",2019,3,6.05882352941176,17,6.2,5.85714285714286,NA,NA,6.05882352941176,10,7,0,0,17,2003,1127,876,130,372,1631,7.43246214178732,8.01587104702751,6.68188926940639,6.82961538461538,7.60844086021505,7.39232475168608,123
"128",2019,4,7.65,20,8.13333333333333,6.2,7,9,7.41176470588235,15,5,1,3,17,2023,1142,881,131,375,1648,7.4346127879387,8.0174138966725,6.67915437003405,6.83091603053435,7.61957333333333,7.39252528519417,124
"129",2019,5,7.12142857142857,14,7.475,5,4,7,7.14166666666667,12,2,1,2,12,2037,1154,883,132,377,1660,7.43246031909671,8.01177354419411,6.67535107587769,6.8094696969697,7.61628647214854,7.39071184939759,125
"130",2019,6,7.880625,16,7.70909090909091,8.258,NA,8,7.87266666666667,11,5,0,1,15,2053,1165,888,132,378,1675,7.43595307842182,8.00891559656652,6.68426238738739,6.8094696969697,7.61730158730159,7.39502786268656,126
"131",2019,7,7.40555555555556,18,7.52142857142857,7,NA,9,7.08666666666667,14,4,0,3,15,2071,1179,892,132,381,1690,7.43568887976823,8.00312694656489,6.68567825112108,6.8094696969697,7.62818897637795,7.39229092899408,127
"132",2019,8,7.63636363636364,22,7.89285714285714,7.1875,7,8.33333333333333,7.52631578947368,14,8,1,3,19,2093,1193,900,133,384,1709,7.43779821786909,8.00183291701592,6.69013888888889,6.8109022556391,7.63369791666667,7.39378096547688,128
"133",2019,9,7.75714285714286,21,8.06,7,10,9,7.62631578947368,15,6,1,2,19,2114,1208,906,134,386,1728,7.44097051561022,8.00255519039735,6.69219094922737,6.83470149253731,7.64077720207254,7.39633777199074,129
"134",2019,10,6.76315789473684,19,7.16666666666667,5.25,8,NA,6.76315789473684,15,4,1,0,19,2133,1223,910,135,386,1747,7.43493280356305,7.99230308258381,6.68585164835165,6.84333333333333,7.64077720207254,7.38945144247281,130
"135",2019,11,7.565,20,8.31818181818182,6.64444444444444,3,7.76,7.5,11,9,1,5,15,2153,1234,919,136,391,1762,7.43614104505341,7.99520799837925,6.68544613710555,6.81507352941176,7.64230179028133,7.39039254824063,131
"136",2019,12,7.63375,22,7.84,7.19178571428571,7.16666666666667,8.75,7.522125,15,7,3,2,20,2175,1249,926,139,393,1782,7.43813984827586,7.99334401120897,6.68927375809935,6.8226618705036,7.64793893129771,7.39187102693602,132
"137",2020,1,6.78378378378378,37,7.19565217391304,6.10714285714286,7.5,7.16666666666667,6.75,23,14,2,3,34,2212,1272,940,141,396,1816,7.4271944710669,7.97892033805031,6.68060372340426,6.8322695035461,7.64429292929293,7.37985361784141,133
"138",2020,2,7.46285714285714,21,8.11692307692308,6.4,NA,7,7.486,13,8,0,1,20,2233,1285,948,141,397,1836,7.42752985669503,7.98031647470817,6.67823575949367,6.8322695035461,7.64267002518892,7.38100989651416,134
"139",2020,3,7.21739130434783,23,7.76666666666667,6.1875,6.875,9,7.04761904761905,15,8,4,2,21,2256,1300,956,145,399,1857,7.42538748670213,7.97785128461538,6.67412918410042,6.83344827586207,7.64947368421053,7.37723972536349,135
"140",2020,4,6.86428571428571,21,7.134375,6,NA,7,6.81,16,5,0,6,15,2277,1316,961,145,405,1872,7.42021263504611,7.96759625379939,6.67062174817898,6.83344827586207,7.63985185185185,7.37269453525641,136
"141",2020,5,7.80952380952381,21,8.125,6.8,6.33333333333333,7.25,7.94117647058824,16,5,3,4,17,2298,1332,966,148,409,1889,7.42377030896431,7.96948698948949,6.67129140786749,6.82331081081081,7.6360391198044,7.37781057173107,137
"142",2020,6,7.38095238095238,21,7.4375,7.2,4.5,6.16666666666667,7.86666666666667,16,5,2,6,15,2319,1348,971,150,415,1904,7.4233825657611,7.96317260385757,6.67401390319259,6.79233333333333,7.61479518072289,7.38166185399159,138
"143",2020,7,7.254,20,8.25,6.258,7.66666666666667,5.25,7.755,10,10,3,4,16,2339,1358,981,153,419,1920,7.42193423257802,7.96528473490427,6.66977319062181,6.80947712418301,7.59221957040573,7.38477300520833,139
"144",2020,8,8.14285714285714,21,8.42105263157895,5.5,NA,8.3,8.09375,19,2,0,5,16,2360,1377,983,153,424,1936,7.42834922457627,7.97157347131445,6.66739318413021,6.80947712418301,7.60056603773585,7.39063231921487,140
"145",2020,9,7.09047619047619,21,7.42142857142857,6.42857142857143,5,7.33333333333333,7.05,14,7,2,3,18,2381,1391,990,155,427,1954,7.42536924401512,7.96603642703091,6.66570454545455,6.78612903225806,7.59868852459016,7.38749445752303,141
"146",2020,10,7.80555555555556,18,8.19230769230769,6.8,6,7.5,7.84375,13,5,1,2,16,2399,1404,995,156,429,1970,7.42822182992914,7.96813153133903,6.66637939698492,6.78108974358974,7.59822843822844,7.39120008629441,142
"147",2020,11,7.28846153846154,26,7.94117647058824,6.05555555555556,8,6,7.34,17,9,1,1,25,2425,1421,1004,157,430,1995,7.42672336907216,7.96780905700211,6.66090388446215,6.78885350318471,7.59451162790698,7.390558481203,143
"148",2020,12,7.35294117647059,17,8,5.8,7,7.5,7.33333333333333,12,5,1,2,15,2442,1433,1009,158,432,2010,7.42620973382473,7.96807862526169,6.65663776015857,6.79018987341772,7.59407407407407,7.39013142786069,144
"149",2021,1,7.73189189189189,37,8.19928571428571,6.27777777777778,6,7.58333333333333,7.76064516129032,28,9,2,6,31,2479,1461,1018,160,438,2041,7.43077215409439,7.97250969883641,6.65328831041257,6.7803125,7.59392694063927,7.39575902498775,145
"150",2021,2,8.16666666666667,9,8.8,7.375,NA,9.5,7.78571428571429,5,4,0,2,7,2488,1466,1022,160,440,2048,7.43343415192926,7.97533197135061,6.65611301369863,6.7803125,7.60259090909091,7.39709187988281,146
"151",2021,3,7.56315789473684,19,7.78,6.75,4,8,7.51176470588235,15,4,1,2,17,2507,1481,1026,161,442,2065,7.43441729956123,7.97335359216745,6.65647904483431,6.76304347826087,7.60438914027149,7.39803591767554,147
"152",2021,4,6.56157894736842,19,7.18230769230769,5.21666666666667,4.5,5.5175,6.84,13,6,2,4,15,2526,1494,1032,163,446,2080,7.42785200712589,7.96647032797858,6.64810804263566,6.73527607361963,7.58567264573991,7.3940116201923,148
"153",2021,5,7.1775,24,7.64222222222222,5.78333333333333,5,7.5,7.113,18,6,1,4,20,2550,1512,1038,164,450,2100,7.42549575294118,7.96261023148148,6.64310934489403,6.72469512195122,7.58491111111111,7.39133531904762,149
"154",2021,6,7.46875,16,8.1,6.41666666666667,6.5,6.16666666666667,7.76923076923077,10,6,1,3,13,2566,1522,1044,165,453,2113,7.4257654598597,7.96351292378449,6.64180795019157,6.72333333333333,7.57551876379691,7.39366027922385,150
"155",2021,7,7.55555555555556,9,8.125,7.1,6.5,8.25,7.35714285714286,4,5,1,2,7,2575,1526,1049,166,455,2120,7.42621909514563,7.96393621887287,6.6439918970448,6.72198795180723,7.57848351648352,7.39353970283018,151
"156",2021,8,8.32352941176471,17,8.53846153846154,7.625,NA,9,8.23333333333333,13,4,0,2,15,2592,1539,1053,166,457,2135,7.43210423225309,7.96878925925926,6.64771842355176,6.72198795180723,7.584704595186,7.39943989227166,152
"157",2021,9,7.85,10,8.05555555555556,6,6,NA,7.85,9,1,1,0,10,2602,1548,1054,167,457,2145,7.43371028823981,7.96929371447028,6.64710388994307,6.71766467065868,7.584704595186,7.4015404055944,153
"158",2021,10,6.875,16,7.54545454545455,5.4,6,10,6.66666666666667,11,5,2,1,15,2618,1559,1059,169,458,2160,7.430295710466,7.96630318794099,6.64121576959396,6.70917159763314,7.58997816593886,7.39643711574074,154
"159",2021,11,7.84375,16,7.88461538461539,7.66666666666667,NA,7,7.9,13,3,0,1,15,2634,1572,1062,169,459,2175,7.43280720197418,7.96562765267176,6.64411252354049,6.70917159763314,7.58869281045752,7.39990996321839,155
"160",2021,12,6.883778,15,7.11185222222222,6.54166666666667,NA,7,6.87547642857143,9,6,0,1,14,2649,1581,1068,169,460,2189,7.42969831634579,7.96076745098039,6.64353698501873,6.70917159763314,7.58741304347826,7.39655588853357,156
"161",2022,1,7.85357142857143,42,7.96206896551724,7.61153846153846,7.7,8.5,7.67727272727273,29,13,1,9,33,2691,1610,1081,170,469,2222,7.43631395020438,7.96079089440994,6.65517807585569,6.715,7.60492537313433,7.40072495049505,157
"162",2022,2,7.66666666666667,18,8,7,NA,9,7.4,12,6,0,3,15,2709,1622,1087,170,472,2237,7.43784453303802,7.96108097410604,6.65708141674333,6.715,7.61379237288136,7.40072008940545,158
"163",2022,3,7.30714285714286,14,8.66666666666667,6.2875,7,8.5,7.10833333333333,6,8,1,2,12,2723,1628,1095,171,474,2249,7.43717254498714,7.96368141277641,6.65438127853881,6.71666666666667,7.61753164556962,7.39916,159
"164",2022,4,6.92857142857143,14,8.16666666666667,6,NA,7,6.91666666666667,6,8,0,2,12,2737,1634,1103,171,476,2261,7.43457100474972,7.96442676866585,6.64963508612874,6.71666666666667,7.61493697478992,7.39659922158337,160
"165",2022,5,7.07105263157895,19,7.21363636363636,6.875,6,7.175,7.05882352941176,11,8,1,2,17,2756,1645,1111,172,478,2278,7.43206489114659,7.95940628571429,6.65125787578758,6.7125,7.61309623430962,7.39407850746268,161
"166",2022,6,6.57894736842105,19,6.45,6.72222222222222,7.16666666666667,5,6.76470588235294,10,9,3,2,17,2775,1655,1120,175,480,2295,7.42622372612612,7.9502860060423,6.651828125,6.72028571428571,7.60220833333333,7.38941648801743,162
"167",2022,7,7.65787863636364,22,7.79794846153846,7.45555555555556,6.5,7.06666666666667,7.879583125,13,9,1,6,16,2797,1668,1129,176,486,2311,7.42804582409724,7.94909872302158,6.65823516386182,6.71903409090909,7.59559670781893,7.39281011250541,163
"168",2022,8,7.64285714285714,14,8.21428571428571,7.07142857142857,7.5,9.4,7.35,7,7,2,2,12,2811,1675,1136,178,488,2323,7.42911567769477,7.95020696716418,6.66078125,6.72780898876404,7.60299180327869,7.3925889668532,164
"169",2022,9,7.86026315789474,19,8.33423076923077,6.83333333333333,NA,7,7.90805555555556,13,6,0,1,18,2830,1688,1142,178,489,2341,7.43201030742049,7.9531644964455,6.66168782837128,6.72780898876404,7.60175869120654,7.39655240068347,165
"170",2022,10,6.92307692307692,13,7.78571428571429,5.91666666666667,6,6.66666666666667,7,7,6,1,3,10,2843,1695,1148,179,492,2351,7.42968314104819,7.95247296165192,6.65779398954704,6.72374301675978,7.59605691056911,7.39486566142067,166
"171",2022,11,7.73181818181818,22,8.14,6.85714285714286,10,9.16666666666667,7.50526315789474,15,7,1,3,19,2865,1710,1155,180,495,2370,7.43200320069808,7.95411793567251,6.65900216450216,6.74194444444444,7.60557575757576,7.39575070464135,167
"172",2022,12,7.75,20,8.15,7.35,9,7.66666666666667,7.76470588235294,10,10,1,3,17,2885,1720,1165,181,498,2387,7.43420768457539,7.95525678488372,6.66493347639485,6.75441988950276,7.6059437751004,7.39837837033933,168
