"","year","month","avg_rating","no_ratings","avg_rating_owned","avg_rating_not_owned","avg_rating_prev_owned","avg_rating_comment","avg_rating_no_comment","no_ratings_owned","no_ratings_not_owned","no_ratings_prev_owned","no_ratings_comment","no_ratings_no_comment","cum_no_ratings","cum_no_ratings_owned","cum_no_ratings_not_owned","cum_no_ratings_prev_owned","cum_no_ratings_comment","cum_no_ratings_no_comment","cum_avg_rating","cum_avg_rating_owned","cum_avg_rating_not_owned","cum_avg_rating_prev_owned","cum_avg_rating_comment","cum_avg_rating_no_comment","month_after_release"
"1",2008,7,6,2,6,NA,NA,NA,6,2,0,0,0,2,2,2,0,0,0,2,6,6,NA,NA,NA,6,-4
"2",2008,8,7.625,4,8.16666666666667,6,NA,NA,7.625,3,1,0,0,4,6,5,1,0,0,6,7.08333333333333,7.3,6,NA,NA,7.08333333333333,-3
"3",2008,9,7.66666666666667,3,7.25,8.5,NA,NA,7.66666666666667,2,1,0,0,3,9,7,2,0,0,9,7.27777777777778,7.28571428571429,7.25,NA,NA,7.27777777777778,-2
"4",2008,10,6.25,2,NA,6.25,NA,NA,6.25,0,2,0,0,2,11,7,4,0,0,11,7.09090909090909,7.28571428571429,6.75,NA,NA,7.09090909090909,-1
"5",2008,11,7.42222222222222,9,7.36,7.5,NA,NA,7.42222222222222,5,4,0,0,9,20,12,8,0,0,20,7.24,7.31666666666667,7.125,NA,NA,7.24,0
"6",2008,12,7.66666666666667,3,7.66666666666667,NA,NA,8,7.5,3,0,0,1,2,23,15,8,0,1,22,7.29565217391304,7.38666666666667,7.125,NA,8,7.26363636363636,1
"7",2009,1,7.59090909090909,11,8.0625,6.33333333333333,NA,7.33333333333333,7.6875,8,3,0,3,8,34,23,11,0,4,30,7.39117647058824,7.62173913043478,6.90909090909091,NA,7.5,7.37666666666667,2
"8",2009,2,6.76666666666667,3,7,6.3,NA,6.3,7,2,1,0,1,2,37,25,12,0,5,32,7.34054054054054,7.572,6.85833333333333,NA,7.26,7.353125,3
"9",2009,3,6.4,2,NA,6.4,NA,NA,6.4,0,2,0,0,2,39,25,14,0,5,34,7.29230769230769,7.572,6.79285714285714,NA,7.26,7.29705882352941,4
"10",2009,4,6.65384615384615,13,7,6.59090909090909,NA,4,6.875,2,11,0,1,12,52,27,25,0,6,46,7.13269230769231,7.52962962962963,6.704,NA,6.71666666666667,7.18695652173913,5
"11",2009,5,7.83333333333333,6,8.25,7,8,8,7.66666666666667,4,2,1,3,3,58,31,27,1,9,49,7.2051724137931,7.62258064516129,6.72592592592593,8,7.14444444444444,7.21632653061225,6
"12",2009,6,6.862,25,7.2,6.671875,7,6.71428571428571,6.91944444444444,9,16,1,7,18,83,40,43,2,16,67,7.10180722891566,7.5275,6.70581395348837,7.5,6.95625,7.13656716417911,7
"13",2009,7,7.05652173913044,23,7.19166666666667,6.90909090909091,7,7.38888888888889,6.84285714285714,12,11,1,9,14,106,52,54,3,25,81,7.09198113207547,7.45,6.74722222222222,7.33333333333333,7.112,7.0858024691358,8
"14",2009,8,7.66,20,7.63076923076923,7.71428571428571,7,7.77777777777778,7.56363636363636,13,7,1,9,11,126,65,61,4,34,92,7.18214285714286,7.48615384615385,6.85819672131148,7.25,7.28823529411765,7.1429347826087,9
"15",2009,9,7.63157894736842,19,8.05555555555556,7.25,8,7.5,7.66666666666667,9,10,1,4,15,145,74,71,5,38,107,7.24103448275862,7.55540540540541,6.91338028169014,7.4,7.31052631578947,7.21635514018692,10
"16",2009,10,7.07142857142857,14,7.8,6.66666666666667,NA,NA,7.07142857142857,5,9,0,0,14,159,79,80,5,38,121,7.22610062893082,7.57088607594937,6.885625,7.4,7.31052631578947,7.1995867768595,11
"17",2009,11,6.92258064516129,31,7.74285714285714,6.24705882352941,7.2,7.55,6.70434782608696,14,17,2,8,23,190,93,97,7,46,144,7.17657894736842,7.59677419354839,6.77371134020619,7.34285714285714,7.35217391304348,7.12048611111111,12
"18",2009,12,7,12,6.75,7.5,NA,7,7,8,4,0,3,9,202,101,101,7,49,153,7.16608910891089,7.52970297029703,6.80247524752475,7.34285714285714,7.33061224489796,7.11339869281046,13
"19",2010,1,7.57142857142857,7,7.8,7,NA,7,7.66666666666667,5,2,0,1,6,209,106,103,7,50,159,7.17966507177033,7.54245283018868,6.80631067961165,7.34285714285714,7.324,7.13427672955975,14
"20",2010,2,7.18411764705882,17,7.13,7.21363636363636,7,6.41666666666667,7.34857142857143,6,11,1,3,14,226,112,114,8,53,173,7.18,7.52035714285714,6.84561403508772,7.3,7.27264150943396,7.15161849710983,15
"21",2010,3,7.10714285714286,14,7.3,7,NA,NA,7.10714285714286,5,9,0,0,14,240,117,123,8,53,187,7.17575,7.51094017094017,6.85691056910569,7.3,7.27264150943396,7.14828877005348,16
"22",2010,4,7.21875,8,7.25,7.2,7,7,7.25,3,5,1,1,7,248,120,128,9,54,194,7.17713709677419,7.50441666666667,6.8703125,7.26666666666667,7.26759259259259,7.1519587628866,17
"23",2010,5,6.71428571428571,7,7.5,6.4,8,5,7,2,5,1,1,6,255,122,133,10,55,200,7.16443137254902,7.50434426229508,6.85263157894737,7.34,7.22636363636364,7.1474,18
"24",2010,6,7.02647058823529,17,7.38636363636364,6.36666666666667,7.2,7.875,6.56363636363636,11,6,1,6,11,272,133,139,11,61,211,7.15580882352941,7.49458646616541,6.83165467625899,7.32727272727273,7.29016393442623,7.11696682464455,19
"25",2010,7,7.01985294117647,34,7.43571428571429,6.72875,7,7.0175,7.02083333333333,14,20,4,10,24,306,147,159,15,71,235,7.14070261437909,7.48897959183673,6.8187106918239,7.24,7.25176056338028,7.10714893617021,20
"26",2010,8,7.12285714285714,35,7.42857142857143,6.66428571428571,6.65,7.25,7.10645161290323,21,14,2,4,31,341,168,173,17,75,266,7.13887096774194,7.48142857142857,6.80621387283237,7.17058823529412,7.25166666666667,7.10706766917293,21
"27",2010,9,7.21363636363636,33,7.525,7.03571428571429,7.07142857142857,6.7,7.30535714285714,12,21,7,5,28,374,180,194,24,80,294,7.1454679144385,7.48433333333333,6.83105670103093,7.14166666666667,7.2171875,7.12595238095238,22
"28",2010,10,7.09130434782609,46,7.46,6.80769230769231,7.14285714285714,6.9375,7.12368421052632,20,26,7,8,38,420,200,220,31,88,332,7.13953571428572,7.4819,6.82829545454546,7.14193548387097,7.19176136363636,7.12569277108434,23
"29",2010,11,7.15416666666667,48,7.65576923076923,6.56136363636364,7.25,6.67222222222222,7.26538461538462,26,22,4,9,39,468,226,242,35,97,371,7.14103632478633,7.50190265486726,6.80402892561983,7.15428571428571,7.14355670103093,7.14037735849057,24
"30",2010,12,7.66578947368421,38,7.75,7.55,7.65,8.5,7.56764705882353,22,16,6,4,34,506,248,258,41,101,405,7.18044466403162,7.52391129032258,6.85029069767442,7.22682926829268,7.19727722772277,7.17624691358025,25
"31",2011,1,7.45121951219512,41,7.77619047619048,7.11,6.66666666666667,7.5,7.43939393939394,21,20,3,8,33,547,269,278,44,109,438,7.20074040219379,7.54360594795539,6.86897482014388,7.18863636363636,7.21949541284404,7.19607305936073,26
"32",2011,2,7.42105263157895,19,7.77777777777778,7.1,7,8.5,7.36111111111111,9,10,1,1,18,566,278,288,45,110,456,7.20813604240283,7.55118705035971,6.87699652777778,7.18444444444444,7.23113636363636,7.20258771929825,27
"33",2011,3,7.2065625,32,7.694375,6.71875,7.33333333333333,7.4,7.17074074074074,16,16,3,5,27,598,294,304,48,115,483,7.20805183946488,7.55897959183673,6.86866776315789,7.19375,7.23847826086956,7.20080745341615,28
"34",2011,4,6.97592592592593,27,7.109375,6.78181818181818,7.16666666666667,6.6,7.06136363636364,16,11,6,5,22,625,310,315,54,120,505,7.198024,7.53577419354839,6.86563492063492,7.19074074074074,7.211875,7.19473267326733,29
"35",2011,5,6.815,20,7.28571428571429,6.56153846153846,7,6.4,6.95333333333333,7,13,1,5,15,645,317,328,55,125,520,7.18614728682171,7.5302523659306,6.85358231707317,7.18727272727273,7.1794,7.18776923076923,30
"36",2011,6,6.9,30,7.25,6.5,6,6.625,6.94230769230769,16,14,1,4,26,675,333,342,56,129,546,7.17342962962963,7.51678678678679,6.8391081871345,7.16607142857143,7.16220930232558,7.17608058608059,31
"37",2011,7,7.10454545454545,22,7.60833333333333,6.5,5,7.5,7.01666666666667,12,10,1,4,18,697,345,352,57,133,564,7.17125538020086,7.51997101449275,6.82947443181818,7.1280701754386,7.17236842105263,7.17099290780142,32
"38",2011,8,7.01190476190476,21,7.43181818181818,6.55,7.5,7.5,6.9875,11,10,1,1,20,718,356,362,58,134,584,7.16659470752089,7.51724719101124,6.82175414364641,7.13448275862069,7.17481343283582,7.16470890410959,33
"39",2011,9,6.875,28,7.51818181818182,6.45882352941176,5,7,6.86538461538461,11,17,1,2,26,746,367,379,59,136,610,7.15565013404826,7.51727520435967,6.80547493403694,7.09830508474576,7.17224264705882,7.15195081967213,34
"40",2011,10,7.08717948717949,39,7.53913043478261,6.4375,8.5,6,7.24705882352941,23,16,1,5,34,785,390,395,60,141,644,7.15224840764331,7.5185641025641,6.79056962025316,7.12166666666667,7.13067375886525,7.15697204968944,35
"41",2011,11,7.244,50,7.62068965517241,6.72380952380952,7,7.30714285714286,7.21944444444444,29,21,3,14,36,835,419,416,63,155,680,7.15774251497006,7.52563245823389,6.78719951923077,7.11587301587302,7.14661290322581,7.16027941176471,36
"42",2011,12,7.25851063829787,47,7.58333333333333,6.99615384615385,6.82222222222222,7.4,7.22027027027027,21,26,9,10,37,882,440,442,72,165,717,7.16311224489796,7.52838636363636,6.79949095022624,7.07916666666667,7.1619696969697,7.16337517433752,37
"43",2012,1,7.18103448275862,58,7.45833333333333,6.88392857142857,7.45,7.59375,7.115,30,28,5,8,50,940,470,470,77,173,767,7.16421808510638,7.52391489361702,6.80452127659574,7.10324675324675,7.18193641618497,7.16022164276402,38
"44",2012,2,7.56206896551724,29,7.51176470588235,7.63333333333333,8.66666666666667,8.25,7.452,17,12,3,4,25,969,487,482,80,177,792,7.17612487100103,7.52349075975359,6.82515560165975,7.161875,7.20607344632768,7.16943181818182,39
"45",2012,3,7.04861111111111,36,7.28809523809524,6.71333333333333,6.5,6.9375,7.0625,21,15,4,4,32,1005,508,497,84,181,824,7.17155721393035,7.51375984251968,6.82178068410463,7.13035714285714,7.20013812154696,7.16527912621359,40
"46",2012,4,7.08108108108108,37,7.625,6.44117647058824,6.25,8,7.02857142857143,20,17,2,2,35,1042,528,514,86,183,859,7.16834452975048,7.51797348484848,6.80919260700389,7.10988372093023,7.20887978142076,7.15970896391153,41
"47",2012,5,6.97115384615385,26,7.26923076923077,6.67307692307692,6.41666666666667,6.5625,7.15277777777778,13,13,3,8,18,1068,541,527,89,191,877,7.16354400749064,7.51199630314233,6.80583491461101,7.08651685393258,7.18180628272251,7.15956670467503,42
"48",2012,6,7.2828125,32,7.55555555555556,6.93214285714286,6.85,7.34285714285714,7.23611111111111,18,14,3,14,18,1100,559,541,92,205,895,7.16701363636364,7.51339892665474,6.80910351201479,7.07880434782609,7.19280487804878,7.1611061452514,43
"49",2012,7,7.3962962962963,27,7.72727272727273,7.16875,7,7.5,7.36666666666667,11,16,2,6,21,1127,570,557,94,211,916,7.17250665483585,7.51752631578947,6.81943447037702,7.07712765957447,7.20154028436019,7.16581877729258,44
"50",2012,8,7.31578947368421,19,7.92307692307692,6,6,7,7.33333333333333,13,6,2,1,18,1146,583,563,96,212,934,7.17488219895288,7.52656946826758,6.81070159857904,7.0546875,7.20058962264151,7.16904710920771,45
"51",2012,9,6.80172413793103,29,7.2,6.59210526315789,5.8,5.33333333333333,6.97115384615385,10,19,5,3,26,1175,593,582,101,215,960,7.16567234042553,7.52106239460371,6.80356529209622,6.99257425742574,7.17453488372093,7.1636875,46
"52",2012,10,7.025,32,7.62,6.5,7,6.95,7.03571428571429,15,17,2,4,28,1207,608,599,103,219,988,7.16194283347142,7.52350328947368,6.79494991652755,6.99271844660194,7.17043378995434,7.16006072874494,47
"53",2012,11,6.93548387096774,31,7.5,6.47058823529412,5,6.125,7.21739130434783,14,17,3,8,23,1238,622,616,106,227,1011,7.15627221324717,7.52297427652733,6.78599837662338,6.93632075471698,7.13359030837004,7.1613649851632,48
"54",2012,12,6.75161290322581,31,7.68888888888889,5.45384615384615,6,6.94285714285714,6.69583333333333,18,13,3,7,24,1269,640,629,109,234,1035,7.14638691883373,7.527640625,6.75846581875993,6.9105504587156,7.12788461538461,7.15057004830918,49
"55",2013,1,7.03448275862069,29,7.28571428571429,6.8,6.5,8,6.88,14,15,3,4,25,1298,654,644,112,238,1060,7.14388674884438,7.52246177370031,6.75943322981366,6.89955357142857,7.14254201680672,7.14418867924528,50
"56",2013,2,6.95,24,7.40769230769231,6.40909090909091,6.83333333333333,6,7.14,13,11,3,4,20,1322,667,655,115,242,1080,7.14036686838124,7.52022488755622,6.75354961832061,6.89782608695652,7.12365702479339,7.14411111111111,51
"57",2013,3,7.105,20,7.35,6.86,7.33333333333333,8,6.88125,10,10,3,4,16,1342,677,665,118,246,1096,7.13983979135618,7.51771048744461,6.75515037593985,6.90889830508475,7.13790650406504,7.14027372262774,52
"58",2013,4,7.00227272727273,22,7.45,6.62916666666667,6,6.84375,7.09285714285714,10,12,2,8,14,1364,687,677,120,254,1110,7.13762096774193,7.51672489082969,6.75291728212703,6.89375,7.12864173228346,7.13967567567568,53
"59",2013,5,7.47666666666667,30,7.87777777777778,6.875,5.9,7.95,7.35833333333333,18,12,5,6,24,1394,705,689,125,260,1134,7.1449175035868,7.52594326241135,6.7550435413643,6.854,7.14759615384615,7.14430335097002,54
"60",2013,6,7.17727272727273,22,7.88888888888889,6.68461538461538,6.4,7.84285714285714,6.86666666666667,9,13,6,7,15,1416,714,702,131,267,1149,7.14542019774011,7.53051820728291,6.75373931623932,6.83320610687023,7.16582397003745,7.14067885117493,55
"61",2013,7,6.74102564102564,39,7.18571428571429,6.22222222222222,6.5,6.85714285714286,6.715625,21,18,2,7,32,1455,735,720,133,274,1181,7.13458075601374,7.52066666666667,6.74045138888889,6.8281954887218,7.15793795620438,7.1291617273497,56
"62",2013,8,6.76190476190476,21,7.27272727272727,6.2,5.5,5.4,7.1875,11,10,2,5,16,1476,746,730,135,279,1197,7.12927845528455,7.51701072386059,6.73304794520548,6.80851851851852,7.12643369175627,7.12994152046784,57
"63",2013,9,7.53703703703704,27,7.7,7.21111111111111,7,7.08571428571429,7.695,18,9,1,7,20,1503,764,739,136,286,1217,7.13660345974717,7.5213219895288,6.7388700947226,6.80992647058823,7.12543706293706,7.13922760887428,58
"64",2013,10,7.05555555555556,27,7.35714285714286,6.73076923076923,5.9,7.0625,7.05263157894737,14,13,5,8,19,1530,778,752,141,294,1236,7.13517320261438,7.5183676092545,6.73873005319149,6.77765957446808,7.12372448979592,7.13789644012945,59
"65",2013,11,6.93382352941176,34,8.29545454545454,6.28260869565217,6.35714285714286,6.08333333333333,7.11607142857143,11,23,7,6,28,1564,789,775,148,300,1264,7.13079603580562,7.52920152091255,6.72519354838709,6.75777027027027,7.10291666666667,7.13741297468354,60
"66",2013,12,6.88,25,8.04545454545454,5.96428571428571,5,7.25,6.80952380952381,11,14,2,4,21,1589,800,789,150,304,1285,7.12685022026432,7.5363,6.71169201520912,6.73433333333333,7.10485197368421,7.13205447470817,61
"67",2014,1,7.34893617021277,47,7.58148148148148,7.035,7.02857142857143,7.47,7.31621621621622,27,20,7,10,37,1636,827,809,157,314,1322,7.1332304400978,7.53777509068924,6.7196847960445,6.74745222929936,7.11648089171974,7.13720877458396,62
"68",2014,2,7.05666666666667,30,7.44,6.865,7,7.73333333333333,6.98148148148148,10,20,3,3,27,1666,837,829,160,317,1349,7.13185174069628,7.53660692951015,6.72319059107358,6.7521875,7.12231861198738,7.1340919199407,63
"69",2014,3,7.05769230769231,26,7.13888888888889,6.875,6.66666666666667,7.16666666666667,7.025,18,8,3,6,20,1692,855,837,163,323,1369,7.1307121749409,7.52823391812865,6.72464157706093,6.75061349693252,7.12314241486068,7.13249817384953,64
"70",2014,4,7.152,25,7.31666666666667,7,6,6.875,7.28235294117647,12,13,3,8,17,1717,867,850,166,331,1386,7.13102213162492,7.52530565167243,6.72885294117647,6.73704819277108,7.11714501510574,7.13433621933622,65
"71",2014,5,6.83478260869565,23,7.58333333333333,6.01818181818182,7,8,6.72380952380952,12,11,3,2,21,1740,879,861,169,333,1407,7.12710632183908,7.52609783845279,6.71977351916376,6.74171597633136,7.12244744744745,7.12820895522388,66
"72",2014,6,6.83333333333333,18,7.25,6.5,6,7.5,6.7,8,10,1,3,15,1758,887,871,170,336,1422,7.124098407281,7.52360766629087,6.7172502870264,6.73735294117647,7.12581845238095,7.12369198312236,67
"73",2014,7,7.38888888888889,18,7.84615384615385,6.2,5.5,6.1,7.88461538461539,13,5,3,5,13,1776,900,876,173,341,1435,7.12678209459459,7.52826666666667,6.71429794520548,6.71589595375722,7.11077712609971,7.13058536585366,68
"74",2014,8,7.02631578947368,19,7.27272727272727,6.6875,8,7.7,6.9,11,8,2,3,16,1795,911,884,175,344,1451,7.12571866295264,7.52518111964874,6.71405542986425,6.73057142857143,7.11591569767442,7.12804272915231,69
"75",2014,9,6.82571428571429,35,7.6,6.30952380952381,6.27777777777778,6.5625,6.9037037037037,14,21,9,8,27,1830,925,905,184,352,1478,7.11998087431694,7.52631351351351,6.70466850828729,6.70842391304348,7.10333806818182,7.12394451962111,70
"76",2014,10,7.43095238095238,21,7.85416666666667,6.86666666666667,7.3,7.33333333333333,7.44722222222222,12,9,1,3,18,1851,937,914,185,355,1496,7.12350891410048,7.53051227321238,6.7062636761488,6.71162162162162,7.10528169014084,7.12783422459893,71
"77",2014,11,7.00172413793103,29,7.47307692307692,6.61875,6.8,7.44285714285714,6.86136363636364,13,16,4,7,22,1880,950,930,189,362,1518,7.12163031914893,7.52972631578947,6.70475806451613,6.71349206349206,7.11180939226519,7.12397233201581,72
"78",2014,12,6.86667,30,7.31334,6.42,6.5,7.000025,6.84615384615385,15,15,2,4,26,1910,965,945,191,366,1544,7.11762570680628,7.52636279792746,6.70023809523809,6.71125654450262,7.11058770491803,7.11929404145078,73
"79",2015,1,7.23125,48,7.52758620689655,6.77894736842105,7.2,7.5,7.21333333333333,29,19,6,3,45,1958,994,964,197,369,1589,7.12041118488253,7.52639849094567,6.70178941908714,6.7261421319797,7.11375365853658,7.1219572057898,74
"80",2015,2,6.94,30,7.5625,6.525,6.08333333333333,6.925,6.94230769230769,12,18,3,4,26,1988,1006,982,200,373,1615,7.11768868209255,7.52682912524851,6.69854887983707,6.7165,7.11172949061662,7.11906501547988,75
"81",2015,3,7.148,25,7.29166666666667,7.01538461538462,7.83333333333333,6,7.19583333333333,12,13,3,1,24,2013,1018,995,203,374,1639,7.1180651266766,7.52405707269155,6.70268844221105,6.73300492610837,7.10875695187166,7.12018913971934,76
"82",2015,4,6.97272727272727,22,7.43333333333333,6.65384615384615,6.5,NA,6.97272727272727,9,13,2,0,22,2035,1027,1008,205,374,1661,7.11649390663391,7.52326202531645,6.70205853174603,6.73073170731707,7.10875695187166,7.11823600240819,77
"83",2015,5,6.99230769230769,26,7.21428571428571,6.73333333333333,7.5,6.65,7.07380952380952,14,12,3,5,21,2061,1041,1020,208,379,1682,7.11492726831635,7.51910672430355,6.70242647058823,6.74182692307692,7.10270474934037,7.11768133174792,78
"84",2015,6,6.98148148148148,27,7.46875,6.27272727272727,6.4,7.3125,6.84210526315789,16,11,5,8,19,2088,1057,1031,213,387,1701,7.11320167624521,7.51834446546831,6.69784190106692,6.73380281690141,7.10704160206718,7.11460317460317,79
"85",2015,7,6.98148148148148,27,7.6,6.20833333333333,7,7.5,6.94,15,12,1,2,25,2115,1072,1043,214,389,1726,7.11152014184397,7.51948703358209,6.69220997123682,6.73504672897196,7.10906195372751,7.1120741599073,80
"86",2015,8,6.93567567567568,37,7.32363636363636,6.36666666666667,6,7.3275,6.82758620689655,22,15,4,8,29,2152,1094,1058,218,397,1755,7.1084967936803,7.51554853747715,6.68759451795841,6.72155963302752,7.1134637279597,7.10737321937322,81
"87",2015,9,6.95384615384615,26,7.36842105263158,5.82857142857143,NA,6.2375,7.08409090909091,19,7,0,4,22,2178,1113,1065,218,401,1777,7.10665064279155,7.51303692722372,6.68194835680751,6.72155963302752,7.10472593516209,7.10708497467642,82
"88",2015,10,7.56111111111111,36,8.05,7.17,7.925,7.875,7.521875,16,20,4,4,32,2214,1129,1085,222,405,1809,7.11404024390244,7.52064667847653,6.69094470046083,6.74324324324324,7.11233358024691,7.11442233278054,83
"89",2015,11,6.881,40,7.1625,6.69333333333333,6.5,7,6.87794871794872,16,24,8,1,39,2254,1145,1109,230,406,1848,7.10990465838509,7.51564200873362,6.69099639314698,6.73478260869565,7.11205689655172,7.10943181818182,84
"90",2015,12,7.47413793103448,29,7.5625,7.27777777777778,8,7.1875,7.58333333333333,20,9,1,8,21,2283,1165,1118,231,414,1869,7.11453136224266,7.51644643776824,6.69572003577817,6.74025974025974,7.11351473429951,7.11475655430712,85
"91",2016,1,7.16630434782609,46,7.56481481481481,6.6,7.33333333333333,8.4375,7.0452380952381,27,19,3,4,42,2329,1192,1137,234,418,1911,7.11555392872477,7.51754203020134,6.69412049252418,6.74786324786325,7.12618444976076,7.11322867608582,86
"92",2016,2,6.9,30,7.22222222222222,6.41666666666667,5.725,5.25,7.15384615384615,18,12,4,4,26,2359,1210,1149,238,422,1937,7.11281267486223,7.51314884297521,6.6912228024369,6.73067226890756,7.10840071090047,7.11377387712958,87
"93",2016,3,6.86451612903226,31,7.205,6.24545454545455,7,7.08333333333333,6.812,20,11,2,6,25,2390,1230,1160,240,428,1962,7.10959209205021,7.50813829268293,6.68699568965517,6.73291666666667,7.10804929906542,7.10992864424057,88
"94",2016,4,6.7845,40,7.06727272727273,6.43888888888889,6.675,7.17166666666667,6.71617647058823,22,18,4,6,34,2430,1252,1178,244,434,1996,7.104240781893,7.50039145367412,6.68320458404075,6.73196721311475,7.10892880184332,7.10322144288577,89
"95",2016,5,7.51923076923077,26,7.79411764705882,7,NA,7.125,7.59090909090909,17,9,0,4,22,2456,1269,1187,244,438,2018,7.10863399837133,7.50432631993696,6.68560657118787,6.73196721311475,7.10907557077625,7.10853815659068,90
"96",2016,6,6.91481481481481,27,7.44285714285714,6.34615384615385,6.5,6,6.95,14,13,5,1,26,2483,1283,1200,249,439,2044,7.10652641965364,7.50365557287607,6.68192916666666,6.72730923694779,7.10654920273348,7.10652152641879,91
"97",2016,7,7.36363636363636,22,8.04545454545454,6.68181818181818,6.5,7.66666666666667,7.25,11,11,2,6,16,2505,1294,1211,251,445,2060,7.10878447105788,7.5082612828439,6.68192815854665,6.72549800796813,7.11410134831461,7.1076359223301,92
"98",2016,8,7.16666666666667,36,7.52941176470588,6.84210526315789,6.66666666666667,6.78571428571429,7.25862068965517,17,19,3,7,29,2541,1311,1230,254,452,2089,7.10960452577725,7.5085355453852,6.68440243902439,6.7248031496063,7.1090157079646,7.1097319291527,93
"99",2016,9,6.73548387096774,31,7.27142857142857,6.29411764705882,7.33333333333333,7.5,6.58846153846154,14,17,3,5,26,2572,1325,1247,257,457,2115,7.10509529548989,7.50603026415094,6.67908179631115,6.73190661478599,7.11329343544858,7.10332387706856,94
"100",2016,10,7,29,7.26666666666667,6.71428571428571,7.5,6.5,7.08,15,14,2,4,25,2601,1340,1261,259,461,2140,7.10392352941176,7.50335082089552,6.6794726407613,6.73783783783784,7.10797201735358,7.10305140186916,95
"101",2016,11,7.09878048780488,41,7.19423076923077,6.93333333333333,7,7.54166666666667,7.02285714285714,26,15,3,6,35,2642,1366,1276,262,467,2175,7.10384371688115,7.49746713030747,6.68245689655172,6.74083969465649,7.11354411134903,7.10176091954023,96
"102",2016,12,7.15862068965517,29,7.42631578947368,6.65,7,7.7,7.04583333333333,19,10,1,5,24,2671,1385,1286,263,472,2199,7.10443845001872,7.49649104693141,6.68220451010886,6.74182509505703,7.11975656779661,7.10115052296498,97
"103",2017,1,6.73048780487805,41,7.19,6.29285714285714,5.8,6.56666666666667,6.75857142857143,20,21,5,6,35,2712,1405,1307,268,478,2234,7.09878506637168,7.49212818505338,6.67594873756695,6.72425373134328,7.1128140167364,7.09578334825425,98
"104",2017,2,6.67954545454545,22,7.5,6.371875,6.28571428571429,6.33333333333333,6.73421052631579,6,16,7,3,19,2734,1411,1323,275,481,2253,7.0954115215801,7.4921616583983,6.67227135298564,6.71309090909091,7.10795239085239,7.09273413226809,99
"105",2017,3,7.69230769230769,13,7.9375,7.3,NA,8.33333333333333,7.5,8,5,0,3,10,2747,1419,1328,275,484,2263,7.09823629413906,7.49467237491191,6.67463478915663,6.71309090909091,7.11554772727273,7.09453380468405,100
"106",2017,4,7.04285714285714,42,7.12727272727273,6.95,7.5,6.5,7.08461538461538,22,20,4,3,39,2789,1441,1348,279,487,2302,7.09740233058444,7.48906321998612,6.6787203264095,6.72437275985663,7.11175585215606,7.09436576889661,101
"107",2017,5,6.792,25,6.98571428571429,6.54545454545455,6.6,6.625,6.82380952380952,14,11,5,4,21,2814,1455,1359,284,491,2323,7.09468909026297,7.48422,6.67764164827079,6.72218309859155,7.10779042769857,7.09191993112355,102
"108",2017,6,6.78235294117647,17,7.2875,6.33333333333333,7,NA,6.78235294117647,8,9,1,0,17,2831,1463,1368,285,491,2340,7.09281352878841,7.48314429254955,6.6753764619883,6.72315789473684,7.10779042769857,7.08967094017094,103
"109",2017,7,6.7,20,7.1,6.3,7,7.375,6.53125,10,10,3,4,16,2851,1473,1378,288,495,2356,7.09005790950544,7.48054317718941,6.67265239477504,6.72604166666667,7.1099496969697,7.08587860780985,104
"110",2017,8,6.39090909090909,22,6.95454545454545,5.82727272727273,5.52,6.33333333333333,6.4,11,11,5,3,19,2873,1484,1389,293,498,2375,7.08470417681865,7.47664427223719,6.66595752339813,6.70546075085324,7.10527128514056,7.08039157894737,105
"111",2017,9,6.97222222222222,18,7.22222222222222,6.72222222222222,6,NA,6.97222222222222,9,9,3,0,18,2891,1493,1398,296,498,2393,7.0840038395019,7.47511058271935,6.66631974248927,6.69831081081081,7.10527128514056,7.07957793564563,106
"112",2017,10,6.80357142857143,28,7.53846153846154,6.16666666666667,6.25,7.5,6.75,13,15,4,2,26,2919,1506,1413,300,500,2419,7.08131384035628,7.47565743691899,6.66101556970984,6.69233333333333,7.1068502,7.07603555188094,107
"113",2017,11,6.63913043478261,23,6.83636363636364,6.45833333333333,6.66666666666667,5.75,6.82631578947368,11,12,6,4,19,2942,1517,1425,306,504,2438,7.07785693405846,7.47102181938035,6.65930877192982,6.69183006535948,7.09608154761905,7.07408941755537,108
"114",2017,12,6.53333333333333,30,7.03571428571429,6.09375,6,6.5,6.53571428571429,14,16,2,2,28,2972,1531,1441,308,506,2466,7.07236039703903,7.46704121489222,6.65302914642609,6.68733766233766,7.09372549407114,7.06797648012976,109
"115",2018,1,7.01486486486487,37,7.29814814814815,6.25,5.5,6,7.07285714285714,27,10,1,2,35,3009,1558,1451,309,508,2501,7.07165340644732,7.46411431322208,6.65025155065472,6.68349514563107,7.08941948818897,7.06804478208716,110
"116",2018,2,6.88387096774194,31,6.98823529411765,6.75714285714286,6.26666666666667,7.06,6.85,17,14,3,5,26,3040,1575,1465,312,513,2527,7.06973851973684,7.45897784126984,6.65127303754266,6.67948717948718,7.08913274853801,7.06580134546893,111
"117",2018,3,7.05909090909091,22,6.95,7.25,6.5,7.33333333333333,7.01578947368421,14,8,2,3,19,3062,1589,1473,314,516,2546,7.0696620182887,7.45449345500314,6.65452477936185,6.67834394904459,7.09055251937984,7.06542812254516,112
"118",2018,4,6.93947368421053,19,7.70454545454545,5.8875,7,6,6.99166666666667,11,8,1,1,18,3081,1600,1481,315,517,2564,7.06885916910094,7.4562125625,6.65038149898717,6.67936507936508,7.08844313346228,7.06491029641185,113
"119",2018,5,6.5275,24,7.13833333333333,5.91666666666667,4.33333333333333,NA,6.5275,12,12,3,0,24,3105,1612,1493,318,517,2588,7.06467475040257,7.45384621588089,6.64448425987944,6.65723270440252,7.08844313346228,7.05992658423493,114
"120",2018,6,7.181,20,7.23818181818182,7.11111111111111,6.66666666666667,NA,7.181,11,9,3,0,20,3125,1623,1502,321,517,2608,7.065419232,7.45238453481207,6.64728029294274,6.65732087227414,7.08844313346228,7.06085506134969,115
"121",2018,7,6.52,15,6.78,6,NA,NA,6.52,10,5,0,0,15,3140,1633,1507,321,517,2623,7.06281372611465,7.44826705450092,6.64513271400133,6.65732087227414,7.08844313346228,7.05776210446054,116
"122",2018,8,6.28571428571429,21,6.91666666666667,5.44444444444444,6,7,6.21052631578947,12,9,1,2,19,3161,1645,1516,322,519,2642,7.05765109142676,7.44438911854103,6.63800461741425,6.65527950310559,7.08810231213873,7.05166919000757,117
"123",2018,9,6.92105263157895,19,7.38888888888889,6.5,6,6,6.97222222222222,9,10,1,1,18,3180,1654,1526,323,520,2660,7.05683493710692,7.44408712212817,6.6371002621232,6.65325077399381,7.08600980769231,7.05113157894736,118
"124",2018,10,7.0875,24,7.13333333333333,7.04166666666667,6.5,6.8,7.11363636363636,12,12,2,2,22,3204,1666,1538,325,522,2682,7.05706463795256,7.4418487995198,6.64025682704811,6.65230769230769,7.08491398467433,7.05164429530201,119
"125",2018,11,7.02962962962963,27,7.11538461538461,6.95,7.75,7.5,6.97083333333333,13,14,2,3,24,3231,1679,1552,327,525,2706,7.05683537604456,7.43932108397856,6.64305090206186,6.65902140672783,7.0872859047619,7.05092756836659,120
"126",2018,12,6.92142857142857,21,6.76923076923077,7.16875,7,7,6.90294117647059,13,8,1,4,17,3252,1692,1560,328,529,2723,7.05596097785977,7.4341726359338,6.64574679487179,6.66006097560976,7.0866258979206,7.05000367242012,121
"127",2019,1,6.99333333333333,30,7.5,6.48666666666667,NA,6.625,7.05,15,15,0,4,26,3282,1707,1575,328,533,2749,7.05538851310176,7.4347510837727,6.64423174603175,6.66006097560976,7.08316153846154,7.05000363768643,122
"128",2019,2,6.66380952380952,21,6.99333333333333,6.41666666666667,6.5,6.32333333333333,6.8,9,12,4,6,15,3303,1716,1587,332,539,2764,7.05289891008174,7.43243595571095,6.64251102709515,6.65813253012048,7.07470333951762,7.04864688856729,123
"129",2019,3,6.7551724137931,29,7.05,6.1,7.5,8.0375,6.55,20,9,1,4,25,3332,1736,1596,333,543,2789,7.05030765306122,7.42803001152073,6.63945175438596,6.66066066066066,7.08179576427256,7.04417712441735,124
"130",2019,4,6.98269230769231,26,7.21111111111111,6.46875,6.83333333333333,6.625,7.04772727272727,18,8,3,4,22,3358,1754,1604,336,547,2811,7.04978412745682,7.42580393386545,6.63860037406484,6.66220238095238,7.07845539305302,7.04420490928495,125
"131",2019,5,6.7625,8,7.55,6.5,6,6,6.87142857142857,2,6,2,1,7,3366,1756,1610,338,548,2818,7.04910133689839,7.42594538724373,6.63808385093168,6.65828402366864,7.07648740875912,7.04377572746628,126
"132",2019,6,6.93684210526316,19,7.33,6.5,6,6.66666666666667,6.9875,10,9,2,3,16,3385,1766,1619,340,551,2834,7.04847122599704,7.42540209513023,6.63731624459543,6.65441176470588,7.07425607985481,7.04345800988002,127
"133",2019,7,6.91034482758621,29,7.29333333333333,6.5,6.3,7.33333333333333,6.8,15,14,5,6,23,3414,1781,1633,345,557,2857,7.04729792032806,7.42428978102189,6.63613900796081,6.64927536231884,7.07704685816876,7.04149807490374,128
"134",2019,8,6.8375,24,7.23636363636364,6.5,6.66666666666667,5.66666666666667,7.0047619047619,11,13,3,3,21,3438,1792,1646,348,560,2878,7.04583336242001,7.42313621651785,6.6350637910085,6.64942528735632,7.06949125,7.0412300208478,129
"135",2019,9,6.95652173913043,23,7.04166666666667,6.86363636363636,5,4,7.09090909090909,12,11,2,1,22,3461,1804,1657,350,561,2900,7.04523984397572,7.42059872505543,6.63658117079058,6.64,7.06401978609626,7.04160689655172,130
"136",2019,10,7.152,25,7.39333333333333,6.79,6,7.66666666666667,7.08181818181818,15,10,1,3,22,3486,1819,1667,351,564,2922,7.04600547905909,7.42037388675096,6.63750149970006,6.63817663817664,7.06722535460993,7.04190965092402,131
"137",2019,11,6.795,20,6.95833333333333,6.55,6.33333333333333,6.4,6.81578947368421,12,8,3,1,19,3506,1831,1675,354,565,2941,7.04457361665715,7.41734576734025,6.63708358208955,6.63559322033898,7.06604442477876,7.04044882692961,132
"138",2019,12,7.19358870967742,31,7.7250625,6.22727272727273,7,7,7.21433035714286,20,11,1,3,28,3537,1851,1686,355,568,2969,7.04587965790217,7.42067063749324,6.63440984578885,6.63661971830986,7.06569559859155,7.04208866621758,133
"139",2020,1,6.77061290322581,31,7.46945,5.5,4.25,7.48475,6.66481481481481,20,11,4,4,27,3568,1871,1697,359,572,2996,7.04348804652466,7.42119206306787,6.62705657041838,6.6100278551532,7.06862604895105,7.03868866822429,134
"140",2020,2,7.13461538461539,26,7.225,6.83333333333333,NA,7,7.15217391304348,20,6,0,3,23,3594,1891,1703,359,575,3019,7.04414728714524,7.41911705446853,6.62778332354668,6.6100278551532,7.068268,7.03955324610798,135
"141",2020,3,6.88235294117647,17,7.18181818181818,6.33333333333333,7,6.66666666666667,6.92857142857143,11,6,1,3,14,3611,1902,1709,360,578,3033,7.04338558571033,7.41774466351209,6.62674956114687,6.61111111111111,7.06618356401384,7.03904096604022,136
"142",2020,4,6.35833333333333,18,6.93888888888889,5.77777777777778,7,6.25,6.38928571428571,9,9,1,4,14,3629,1911,1718,361,582,3047,7.03998769633507,7.41548945578231,6.62230209545984,6.61218836565097,7.06057405498282,7.03605554643912,137
"143",2020,5,7.1875,28,7.61842105263158,6.27777777777778,5.25,7.55,7.10869565217391,19,9,4,5,23,3657,1930,1727,365,587,3070,7.04111713152857,7.41748722797927,6.62050665894615,6.5972602739726,7.06474293015332,7.03659975570032,138
"144",2020,6,6.65,22,6.85333333333333,6.21428571428571,NA,NA,6.65,15,7,0,0,22,3679,1945,1734,365,587,3092,7.03877829573253,7.41313642673521,6.61886678200692,6.5972602739726,7.06474293015332,7.03384904592496,139
"145",2020,7,6.49972208333333,24,6.609333,6.42142857142857,6.5,6.75,6.4496665,10,14,2,4,20,3703,1955,1748,367,591,3112,7.03528454766405,7.40902490025575,6.61728546910755,6.59673024523161,7.06261269035533,7.03009465938303,140
"146",2020,8,6.89473684210526,19,7.19230769230769,6.25,6.25,6.6,7,13,6,2,5,14,3722,1968,1754,369,596,3126,7.03456708221386,7.40759333333333,6.61602907639681,6.59485094850949,7.0587317114094,7.02995987843889,141
"147",2020,9,7.40588235294118,17,7.49,7.28571428571429,NA,8.2,7.075,10,7,0,5,12,3739,1978,1761,369,601,3138,7.03625533030222,7.40800994944388,6.61869108461102,6.59485094850949,7.06822645590682,7.03013211599745,142
"148",2020,10,6.90153846153846,26,7.02444444444444,6.625,6,8,6.81,18,8,1,2,24,3765,1996,1769,370,603,3162,7.03532501460823,7.40455094188376,6.61871961560203,6.59324324324324,7.07131691542289,7.02846128399746,143
"149",2020,11,7.284375,32,7.38571428571429,7.09090909090909,7,7.8,7.18888888888889,21,11,1,5,27,3797,2017,1780,371,608,3189,7.03742393468527,7.40435482399603,6.62163764044944,6.59433962264151,7.077309375,7.0298195609909,144
"150",2020,12,6.824,25,7.13125,6.27777777777778,7,6.8,6.82608695652174,16,9,2,2,23,3822,2033,1789,373,610,3212,7.03602791208791,7.40220545007378,6.61990776970374,6.59651474530831,7.07640016393443,7.02836070361145,145
"151",2021,1,6.88088235294118,34,6.79,7.01071428571429,6.66666666666667,5.68,7.08793103448276,20,14,3,5,29,3856,2053,1803,376,615,3241,7.03465992738589,7.39624144179249,6.62294231835829,6.59707446808511,7.06504731707317,7.02889373033014,146
"152",2021,2,6.93333333333333,18,7.27777777777778,6.58888888888889,7,8,6.87058823529412,9,9,1,1,17,3874,2062,1812,377,616,3258,7.03418912751677,7.39572438409311,6.62277317880794,6.59814323607427,7.0665650974026,7.02806770411295,147
"153",2021,3,6.94054054054054,37,7.42142857142857,5.44444444444444,5.5,7,6.93888888888889,28,9,2,1,36,3911,2090,1821,379,617,3294,7.03330316543083,7.39606874641148,6.61694947830862,6.59234828496042,7.06645721231767,7.02709307225257,148
"154",2021,4,6.8,20,7.46153846153846,5.57142857142857,NA,8,6.5,13,7,0,4,16,3931,2103,1828,379,621,3310,7.03211617400152,7.39647345696623,6.61294584245076,6.59234828496042,7.07247037037037,7.02454519033232,149
"155",2021,5,6.5,18,6.71428571428571,6.36363636363636,7,7,6.4375,7,11,1,2,16,3949,2110,1839,380,623,3326,7.02969072676627,7.39421027488151,6.61145459488852,6.59342105263158,7.07223772070626,7.02172116055321,150
"156",2021,6,7.3,16,7.2,7.46666666666667,NA,7.5,7.28666666666667,10,6,0,1,15,3965,2120,1845,380,624,3341,7.03078150819672,7.39329418867924,6.61423577235772,6.59342105263158,7.07292323717949,7.02291067943729,151
"157",2021,7,6.625,16,7.22222222222222,5.85714285714286,6,6.375,6.70833333333333,9,7,1,4,12,3981,2129,1852,381,628,3353,7.02915063551871,7.39257100986378,6.61137419006479,6.59186351706037,7.06847786624204,7.02178484342379,152
"158",2021,8,7.128125,16,7.3375,6.5,NA,8.35,7.04666666666667,12,4,0,1,15,3997,2141,1856,381,629,3368,7.02954683012259,7.39226234469873,6.61113415948276,6.59186351706037,7.07051526232115,7.02189565914489,153
"159",2021,9,7.18694458333333,24,7.562916875,6.435,6,8.5,7.06757590909091,16,8,2,2,22,4021,2157,1864,383,631,3390,7.03048628450634,7.39352821047751,6.61037821888412,6.588772845953,7.07504611727417,7.02219210914454,154
"160",2021,10,6.87083333333333,24,7.17692307692308,6.50909090909091,7.25,6.5,6.88695652173913,13,11,2,1,23,4045,2170,1875,385,632,3413,7.02953902348578,7.39223057603686,6.609784,6.59220779220779,7.07413623417722,7.02128076472311,155
"161",2021,11,7.14,25,7.60714285714286,6.54545454545455,6,8.5,6.95454545454545,14,11,1,3,22,4070,2184,1886,386,635,3435,7.03021753071253,7.39360821886446,6.60940880169671,6.59067357512953,7.0808725984252,7.02085334788937,156
"162",2021,12,7.04464285714286,28,7.21,6.63125,NA,7.5,7.00961538461539,20,8,0,2,26,4098,2204,1894,386,637,3461,7.0303160932162,7.39194208257713,6.60950105596621,6.59067357512953,7.0821885400314,7.02076892516613,157
"163",2022,1,6.92428571428571,42,7.44814814814815,5.98133333333333,6.475,7.51666666666667,6.82555555555556,27,15,4,6,36,4140,2231,1909,390,643,3497,7.02924042270531,7.3926222994173,6.6045652173913,6.58948717948718,7.08624276827372,7.01875929368029,158
"164",2022,2,6.97727272727273,22,7.42307692307692,6.33333333333333,6,8,6.875,13,9,2,2,20,4162,2244,1918,392,645,3517,7.02896572561268,7.39279872994652,6.60329249217935,6.58647959183674,7.08907612403101,7.0179417827694,159
"165",2022,3,6.615,20,7.42222222222222,5.95454545454545,5.5,7.25,6.58157894736842,9,11,3,1,19,4182,2253,1929,395,646,3536,7.02698597560975,7.39291626719929,6.59959305339554,6.57822784810127,7.08932523219814,7.0155970729638,160
"166",2022,4,6.40625,16,7.3125,5.5,4.5,7,6.32142857142857,8,8,2,2,14,4198,2261,1937,397,648,3550,7.02462014054311,7.39263173374612,6.59505162622612,6.56775818639799,7.08904953703704,7.01285950704225,161
"167",2022,5,6.44,20,6.75,5.71666666666667,NA,8,6.26666666666667,14,6,0,2,18,4218,2275,1943,397,650,3568,7.02184811522048,7.38867707692307,6.59233916623777,6.56775818639799,7.09185246153846,7.00909508127802,162
"168",2022,6,7.04647058823529,17,7.9375,6.25444444444444,6.825,9,6.924375,8,9,4,1,16,4235,2283,1952,401,651,3584,7.02194695395513,7.39060024091108,6.59078125,6.57032418952619,7.09478356374808,7.00871686662946,163
"169",2022,7,7.31636363636364,22,7.90545454545455,6.72727272727273,NA,7.38,7.31,11,11,0,2,20,4257,2294,1963,401,653,3604,7.02346848719755,7.39306902789886,6.59154610290372,6.57032418952619,7.09565712098009,7.01038880410654,164
"170",2022,8,7.51111111111111,18,7.8375,7.25,6,9.06666666666667,7.2,8,10,1,3,15,4275,2302,1973,402,656,3619,7.02552171929824,7.39461353171155,6.59488342625443,6.56890547263682,7.10467088414634,7.01117470295661,165
"171",2022,9,7.1245,18,7.67645454545455,6.25714285714286,7.8,9.491,6.98529411764706,11,7,1,1,17,4293,2313,1980,403,657,3636,7.02593672257162,7.39595389105058,6.59368939393939,6.57196029776675,7.10830304414003,7.01105369911991,166
"172",2022,10,7.54347826086957,23,7.62857142857143,7.41111111111111,8,5.2,7.65,14,9,1,1,22,4316,2327,1989,404,658,3658,7.02869470574606,7.39735339492909,6.59738813474107,6.57549504950495,7.10540288753799,7.0148964598141,167
"173",2022,11,7.32857142857143,21,7.28125,7.48,7.4,7.76666666666667,7.25555555555556,16,5,1,3,18,4337,2343,1994,405,661,3676,7.03014672584736,7.39656054204011,6.59960130391173,6.57753086419753,7.10840408472012,7.01607487758432,168
"174",2022,12,6.885,30,6.8525,6.95,6,7.8125,6.74230769230769,20,10,1,4,26,4367,2363,2004,406,665,3702,7.02914961071674,7.39195571307659,6.6013498003992,6.57610837438424,7.1126392481203,7.01415214748784,169
