"","year","month","avg_rating","no_ratings","avg_rating_owned","avg_rating_not_owned","avg_rating_prev_owned","avg_rating_comment","avg_rating_no_comment","no_ratings_owned","no_ratings_not_owned","no_ratings_prev_owned","no_ratings_comment","no_ratings_no_comment","cum_no_ratings","cum_no_ratings_owned","cum_no_ratings_not_owned","cum_no_ratings_prev_owned","cum_no_ratings_comment","cum_no_ratings_no_comment","cum_avg_rating","cum_avg_rating_owned","cum_avg_rating_not_owned","cum_avg_rating_prev_owned","cum_avg_rating_comment","cum_avg_rating_no_comment","month_after_release"
"1",2001,6,6,1,NA,6,NA,NA,6,0,1,0,0,1,1,0,1,0,0,1,6,NA,6,NA,NA,6,1
"2",2001,8,6,1,6,NA,NA,NA,6,1,0,0,0,1,2,1,1,0,0,2,6,6,6,NA,NA,6,3
"3",2001,11,6,1,6,NA,NA,NA,6,1,0,0,0,1,3,2,1,0,0,3,6,6,6,NA,NA,6,6
"4",2002,1,7.5,2,7.5,NA,NA,NA,7.5,2,0,0,0,2,5,4,1,0,0,5,6.6,6.75,6,NA,NA,6.6,8
"5",2002,2,8,1,8,NA,NA,8,NA,1,0,0,1,0,6,5,1,0,1,5,6.83333333333333,7,6,NA,8,6.6,9
"6",2002,4,7,3,7,NA,NA,NA,7,3,0,0,0,3,9,8,1,0,1,8,6.88888888888889,7,6,NA,8,6.75,11
"7",2002,5,6,1,NA,6,NA,6,NA,0,1,0,1,0,10,8,2,0,2,8,6.8,7,6,NA,7,6.75,12
"8",2002,6,8,1,8,NA,NA,NA,8,1,0,0,0,1,11,9,2,0,2,9,6.90909090909091,7.11111111111111,6,NA,7,6.88888888888889,13
"9",2002,7,10,1,10,NA,NA,NA,10,1,0,0,0,1,12,10,2,0,2,10,7.16666666666667,7.4,6,NA,7,7.2,14
"10",2002,8,8,1,8,NA,NA,NA,8,1,0,0,0,1,13,11,2,0,2,11,7.23076923076923,7.45454545454545,6,NA,7,7.27272727272727,15
"11",2002,12,8.33333333333333,3,8.33333333333333,NA,NA,9,8,3,0,0,1,2,16,14,2,0,3,13,7.4375,7.64285714285714,6,NA,7.66666666666667,7.38461538461539,19
"12",2003,1,7.5,2,7.5,NA,NA,NA,7.5,2,0,0,0,2,18,16,2,0,3,15,7.44444444444444,7.625,6,NA,7.66666666666667,7.4,20
"13",2003,3,5,2,7,3,NA,NA,5,1,1,0,0,2,20,17,3,0,3,17,7.2,7.58823529411765,5,NA,7.66666666666667,7.11764705882353,22
"14",2003,4,8.5,2,9,8,NA,8,9,1,1,0,1,1,22,18,4,0,4,18,7.31818181818182,7.66666666666667,5.75,NA,7.75,7.22222222222222,23
"15",2003,5,7.25,4,8,6.5,NA,7,7.33333333333333,2,2,0,1,3,26,20,6,0,5,21,7.30769230769231,7.7,6,NA,7.6,7.23809523809524,24
"16",2003,6,7,1,7,NA,NA,NA,7,1,0,0,0,1,27,21,6,0,5,22,7.2962962962963,7.66666666666667,6,NA,7.6,7.22727272727273,25
"17",2003,7,7.0625,8,7.1,7,NA,6,7.21428571428571,5,3,0,1,7,35,26,9,0,6,29,7.24285714285714,7.55769230769231,6.33333333333333,NA,7.33333333333333,7.22413793103448,26
"18",2003,8,7,6,7.25,6.5,NA,NA,7,4,2,0,0,6,41,30,11,0,6,35,7.20731707317073,7.51666666666667,6.36363636363636,NA,7.33333333333333,7.18571428571429,27
"19",2003,9,7.33333333333333,6,7.7,5.5,NA,5.5,7.7,5,1,0,1,5,47,35,12,0,7,40,7.22340425531915,7.54285714285714,6.29166666666667,NA,7.07142857142857,7.25,28
"20",2003,11,8,1,8,NA,NA,NA,8,1,0,0,0,1,48,36,12,0,7,41,7.23958333333333,7.55555555555556,6.29166666666667,NA,7.07142857142857,7.26829268292683,30
"21",2003,12,8.4,5,9,8,NA,9,8.25,2,3,0,1,4,53,38,15,0,8,45,7.34905660377358,7.63157894736842,6.63333333333333,NA,7.3125,7.35555555555556,31
"22",2004,1,7.16666666666667,6,7.2,7,NA,7,7.5,5,1,0,4,2,59,43,16,0,12,47,7.33050847457627,7.58139534883721,6.65625,NA,7.20833333333333,7.36170212765957,32
"23",2004,2,6.58333333333333,6,7,5.75,NA,5.5,6.8,4,2,0,1,5,65,47,18,0,13,52,7.26153846153846,7.53191489361702,6.55555555555556,NA,7.07692307692308,7.30769230769231,33
"24",2004,3,7.65,10,7.94444444444444,5,NA,8.625,7,9,1,0,4,6,75,56,19,0,17,58,7.31333333333333,7.59821428571429,6.47368421052632,NA,7.44117647058824,7.27586206896552,34
"25",2004,4,5.75,10,6.92857142857143,3,NA,7.3,4.2,7,3,0,5,5,85,63,22,0,22,63,7.12941176470588,7.52380952380952,6,NA,7.40909090909091,7.03174603174603,35
"26",2004,5,7.25,4,7.33333333333333,7,NA,7,7.33333333333333,3,1,0,1,3,89,66,23,0,23,66,7.13483146067416,7.51515151515152,6.04347826086957,NA,7.39130434782609,7.04545454545455,36
"27",2004,6,7.91666666666667,6,7.66666666666667,8.16666666666667,NA,8.33333333333333,7.5,3,3,0,3,3,95,69,26,0,26,69,7.18421052631579,7.52173913043478,6.28846153846154,NA,7.5,7.06521739130435,37
"28",2004,7,8,1,8,NA,NA,NA,8,1,0,0,0,1,96,70,26,0,26,70,7.19270833333333,7.52857142857143,6.28846153846154,NA,7.5,7.07857142857143,38
"29",2004,8,7.33333333333333,6,8,6,NA,6.5,8.16666666666667,4,2,0,3,3,102,74,28,0,29,73,7.20098039215686,7.55405405405405,6.26785714285714,NA,7.39655172413793,7.12328767123288,39
"30",2004,9,8,6,8.2,7,NA,8.5,7.75,5,1,0,2,4,108,79,29,0,31,77,7.24537037037037,7.59493670886076,6.29310344827586,NA,7.46774193548387,7.15584415584416,40
"31",2004,10,8,3,8.5,7,NA,NA,8,2,1,0,0,3,111,81,30,0,31,80,7.26576576576577,7.61728395061728,6.31666666666667,NA,7.46774193548387,7.1875,41
"32",2004,11,6.9,5,7,6.5,NA,7.75,6.33333333333333,4,1,0,2,3,116,85,31,0,33,83,7.25,7.58823529411765,6.32258064516129,NA,7.48484848484848,7.1566265060241,42
"33",2004,12,7,3,7,7,NA,NA,7,2,1,0,0,3,119,87,32,0,33,86,7.2436974789916,7.57471264367816,6.34375,NA,7.48484848484848,7.15116279069767,43
"34",2005,1,7.55,10,7.5625,7.5,8,7.75,7.5,8,2,1,2,8,129,95,34,1,35,94,7.26744186046512,7.57368421052632,6.41176470588235,8,7.5,7.18085106382979,44
"35",2005,2,7.25,4,7.66666666666667,6,NA,7.33333333333333,7,3,1,0,3,1,133,98,35,1,38,95,7.26691729323308,7.5765306122449,6.4,8,7.48684210526316,7.17894736842105,45
"36",2005,3,6.57142857142857,7,7.5,5.33333333333333,NA,6.8,6,4,3,0,5,2,140,102,38,1,43,97,7.23214285714286,7.57352941176471,6.31578947368421,8,7.40697674418605,7.15463917525773,46
"37",2005,4,7.28571428571429,7,7.25,7.33333333333333,7,7.4,7,4,3,1,5,2,147,106,41,2,48,99,7.23469387755102,7.56132075471698,6.39024390243902,7.5,7.40625,7.15151515151515,47
"38",2005,5,7.47142857142857,7,7.71666666666667,6,NA,8.06666666666667,7.025,6,1,0,3,4,154,112,42,2,51,103,7.24545454545455,7.56964285714286,6.38095238095238,7.5,7.44509803921569,7.14660194174757,48
"39",2005,6,7.1,5,7.125,7,NA,6.75,7.33333333333333,4,1,0,2,3,159,116,43,2,53,106,7.24088050314465,7.55431034482759,6.3953488372093,7.5,7.4188679245283,7.15188679245283,49
"40",2005,7,8,2,8,NA,NA,7,9,2,0,0,1,1,161,118,43,2,54,107,7.25031055900621,7.56186440677966,6.3953488372093,7.5,7.41111111111111,7.16915887850467,50
"41",2005,8,6.75,6,7.625,5,NA,7.25,6.5,4,2,0,2,4,167,122,45,2,56,111,7.23233532934132,7.56393442622951,6.33333333333333,7.5,7.40535714285714,7.14504504504505,51
"42",2005,9,6.77272727272727,11,7.28571428571429,5.875,NA,6.5,6.92857142857143,7,4,0,4,7,178,129,49,2,60,118,7.20393258426966,7.54883720930233,6.29591836734694,7.5,7.345,7.13220338983051,52
"43",2005,10,7.375,8,7.83333333333333,6,NA,8,6.75,6,2,0,4,4,186,135,51,2,64,122,7.21129032258064,7.56148148148148,6.2843137254902,7.5,7.3859375,7.11967213114754,53
"44",2005,11,6.68181818181818,11,6.64285714285714,6.75,7,6.75,6.66666666666667,7,4,1,2,9,197,142,55,3,66,131,7.18172588832487,7.51619718309859,6.31818181818182,7.33333333333333,7.36666666666667,7.08854961832061,54
"45",2005,12,8,5,8.5,7.66666666666667,7,8,NA,2,3,1,5,0,202,144,58,4,71,131,7.2019801980198,7.52986111111111,6.38793103448276,7.25,7.4112676056338,7.08854961832061,55
"46",2006,1,6.58823529411765,17,7.07142857142857,6.25,NA,6.05,7.35714285714286,7,10,0,10,7,219,151,68,4,81,138,7.15433789954338,7.50860927152318,6.36764705882353,7.25,7.24320987654321,7.10217391304348,56
"47",2006,2,7.5,2,7,8,NA,7,8,1,1,0,1,1,221,152,69,4,82,139,7.15746606334842,7.50526315789474,6.39130434782609,7.25,7.24024390243903,7.10863309352518,57
"48",2006,3,6.42857142857143,7,6.5,6.4,NA,5,7,2,5,0,2,5,228,154,74,4,84,144,7.13508771929825,7.49220779220779,6.39189189189189,7.25,7.18690476190476,7.10486111111111,58
"49",2006,4,7.60714285714286,7,7.54166666666667,8,NA,7.8125,7.33333333333333,6,1,0,4,3,235,160,75,4,88,147,7.14914893617021,7.4940625,6.41333333333333,7.25,7.21534090909091,7.10952380952381,59
"50",2006,5,6.83333333333333,9,6.875,6.8,7,6.16666666666667,7.16666666666667,4,5,1,3,6,244,164,80,5,91,153,7.1375,7.47896341463415,6.4375,7.2,7.18076923076923,7.11176470588235,60
"51",2006,6,7.53181818181818,11,7.76111111111111,6.5,8,7.58333333333333,7.47,9,2,1,6,5,255,173,82,6,97,158,7.15450980392157,7.49364161849711,6.4390243902439,7.33333333333333,7.20567010309278,7.12310126582278,61
"52",2006,7,6.5625,8,7.5,5.625,6,6,6.75,4,4,1,2,6,263,177,86,7,99,164,7.13650190114068,7.49378531073446,6.40116279069767,7.14285714285714,7.18131313131313,7.10945121951219,62
"53",2006,8,6.66666666666667,6,6.5,7,NA,7.5,6.25,4,2,0,2,4,269,181,88,7,101,168,7.12602230483271,7.47182320441989,6.41477272727273,7.14285714285714,7.18762376237624,7.08898809523809,63
"54",2006,9,6.45,10,6.75,6,6,6.625,6.33333333333333,6,4,1,4,6,279,187,92,8,105,174,7.10179211469534,7.44866310160428,6.39673913043478,7,7.16619047619048,7.06293103448276,64
"55",2006,10,7.29166666666667,12,7.25,7.375,NA,6.9,7.57142857142857,8,4,0,5,7,291,195,96,8,110,181,7.10962199312715,7.44051282051282,6.4375,7,7.15409090909091,7.08259668508287,65
"56",2006,11,6.76111111111111,18,7.27,6.125,NA,6,7.05384615384615,10,8,0,5,13,309,205,104,8,115,194,7.08932038834951,7.43219512195122,6.41346153846154,7,7.10391304347826,7.08067010309278,66
"57",2006,12,7.3,10,7.71428571428571,6.33333333333333,NA,7.4,7.2,7,3,0,5,5,319,212,107,8,120,199,7.09592476489028,7.44150943396226,6.41121495327103,7,7.11625,7.08366834170854,67
"58",2007,1,6.91666666666667,24,7.4375,5.875,6,6.55555555555556,7.13333333333333,16,8,1,9,15,343,228,115,9,129,214,7.08338192419825,7.44122807017544,6.37391304347826,6.88888888888889,7.07713178294574,7.08714953271028,68
"59",2007,2,7.29908933333333,15,7.78333333333333,5.36211333333333,8,6.6,7.648634,12,3,1,5,10,358,240,118,10,134,224,7.09241994413408,7.45833333333333,6.3481893220339,7,7.05932835820896,7.11221580357143,69
"60",2007,3,7.05,10,7.64285714285714,5.66666666666667,NA,6.75,7.25,7,3,0,4,6,368,247,121,10,138,230,7.09126722826087,7.46356275303644,6.3312920661157,7,7.05036231884058,7.11581017391304,70
"61",2007,4,6.89933333333333,15,7.13545454545455,6.25,NA,7.2,6.749,11,4,0,5,10,383,258,125,10,143,240,7.08375023498694,7.44957364341085,6.32869072,7,7.05559440559441,7.10052641666667,71
"62",2007,5,7.5,8,7.71428571428571,6,NA,6.9,8.5,7,1,0,5,3,391,265,126,10,148,243,7.09226685421995,7.45656603773585,6.32608206349206,7,7.05033783783784,7.11780386831276,72
"63",2007,6,7.825,8,8,7.3,7.6,8,7.76666666666667,6,2,1,2,6,399,271,128,11,150,249,7.10695824561403,7.46859778597786,6.34129953125,7.05454545454545,7.063,7.13343911646586,73
"64",2007,7,6.85625,16,6.94444444444444,6.74285714285714,7,7.66666666666667,6.37,9,7,1,6,10,415,280,135,12,156,259,7.09729238554217,7.45175,6.36212103703704,7.05,7.08621794871795,7.1039627027027,74
"65",2007,8,7.56666666666667,15,8.11111111111111,6.75,NA,7.28571428571429,7.8125,9,6,0,7,8,430,289,141,12,163,267,7.11366590697674,7.47228373702422,6.3786265248227,7.05,7.09478527607362,7.12519228464419,75
"66",2007,9,7.65,10,7.66666666666667,7.625,NA,7.16666666666667,7.85714285714286,6,4,0,3,7,440,295,145,12,166,274,7.12585531818182,7.47623728813559,6.41300924137931,7.05,7.0960843373494,7.14389175182482,76
"67",2007,10,6.46666666666667,15,6.75,6.14285714285714,5.5,6.5,6.44444444444444,8,7,2,6,9,455,303,152,14,172,283,7.10412382417582,7.45706270627063,6.40056802631579,6.82857142857143,7.07529069767442,7.12164784452297,77
"68",2007,11,7.12105263157895,19,7.56153846153846,6.16666666666667,NA,7.375,6.93636363636364,13,6,0,8,11,474,316,158,14,180,294,7.10480240506329,7.46136075949367,6.39168569620253,6.82857142857143,7.08861111111111,7.11471544217687,78
"69",2007,12,6.475,20,7.15,5.8,NA,6.42857142857143,6.5,10,10,0,7,13,494,326,168,14,187,307,7.0793043319838,7.45180981595092,6.35646630952381,6.82857142857143,7.06390374331551,7.0886851465798,79
"70",2008,1,6.83045454545455,22,7.38461538461539,6.03,7,6.73083333333333,6.95,13,9,1,12,10,516,339,177,15,199,317,7.06869445736434,7.44923303834808,6.33986632768361,6.84,7.04381909547739,7.08431022082019,80
"71",2008,2,6.77777777777778,18,7.25,5.83333333333333,5,7.18181818181818,6.14285714285714,12,6,1,11,7,534,351,183,16,210,324,7.05888827715356,7.44242165242165,6.32325868852459,6.725,7.05104761904762,7.06397018518518,81
"72",2008,3,6.78571428571429,14,7.38888888888889,5.7,7,7.78571428571429,5.78571428571429,9,5,2,7,7,548,360,188,18,217,331,7.05190937956204,7.44108333333333,6.30668265957447,6.75555555555556,7.0747465437788,7.03693758308157,82
"73",2008,4,6.90588235294118,17,7.34,6.28571428571429,6,6.66666666666667,7.03636363636364,10,7,1,6,11,565,370,195,19,223,342,7.0475156460177,7.43835135135135,6.30592994871795,6.71578947368421,7.0637668161435,7.03691912280702,83
"74",2008,5,6.86,15,7.625,5.98571428571429,NA,6.75,6.93333333333333,8,7,0,6,9,580,378,202,19,229,351,7.04266610344828,7.44230158730159,6.29483336633663,6.71578947368421,7.05554585152838,7.03426307692308,84
"75",2008,6,6.81818181818182,11,6.92857142857143,6.625,NA,6.875,6.78571428571429,7,4,0,4,7,591,385,206,19,233,358,7.03848788494078,7.43296103896104,6.30124436893204,6.71578947368421,7.05244635193133,7.02940318435754,85
"76",2008,7,7.0547619047619,21,7.24230769230769,6.75,6.5,7.12272727272727,6.98,13,8,2,11,10,612,398,214,21,244,368,7.03904630718954,7.42673366834171,6.31802028037383,6.69523809523809,7.05561475409836,7.02806070652174,86
"77",2008,8,6.8,15,7.91666666666667,6.05555555555556,8,6.08333333333333,7.27777777777778,6,9,1,6,9,627,404,223,22,250,377,7.03332749601276,7.4340099009901,6.30742753363229,6.75454545454545,7.03228,7.03402212201591,87
"78",2008,9,7.13,10,7.875,6.63333333333333,7,7.25,7.05,4,6,2,4,6,637,408,229,24,254,383,7.0348451177394,7.43833333333333,6.31596655021834,6.775,7.03570866141732,7.03427242819843,88
"79",2008,10,7.03947368421053,19,7.34090909090909,6.625,6,7.3,6.75,11,8,2,10,9,656,419,237,26,264,392,7.03497917682927,7.43577565632458,6.32639805907173,6.71538461538462,7.0457196969697,7.02774576530612,89
"80",2008,11,6.89285714285714,14,7,6.7,NA,8,6.80769230769231,9,5,0,1,13,670,428,242,26,265,405,7.03200946268657,7.42661214953271,6.33411710743802,6.71538461538462,7.04932075471698,7.02068232098765,90
"81",2008,12,7.25384615384615,13,7.58888888888889,6.5,NA,7.46,7.125,9,4,0,5,8,683,437,246,26,270,413,7.03623183016105,7.42995423340961,6.3368143902439,6.71538461538462,7.05692592592593,7.02270300242131,91
"82",2009,1,7.54285714285714,21,8.02857142857143,6.57142857142857,6,7.625,7.49230769230769,14,7,1,8,13,704,451,253,27,278,426,7.05134423295454,7.44853658536585,6.3433056916996,6.68888888888889,7.07327338129496,7.03703366197183,92
"83",2009,2,7.04090909090909,22,7.34285714285714,6.9,7.5,7.375,6.96666666666667,7,15,2,4,18,726,458,268,29,282,444,7.05102801652892,7.44692139737991,6.37446395522388,6.7448275862069,7.07755319148936,7.03418094594595,93
"84",2009,3,6.97058823529412,17,7.42857142857143,6.65,7,8.33333333333333,6.67857142857143,7,10,1,3,14,743,465,278,30,285,458,7.04918753701211,7.44664516129032,6.38437532374101,6.75333333333333,7.09077192982456,7.0233107860262,94
"85",2009,4,7.30882352941176,17,7.41666666666667,7.1875,NA,7.67857142857143,7.05,9,8,0,7,10,760,474,286,30,292,468,7.05499518421052,7.44607594936709,6.40684034965035,6.75333333333333,7.10486301369863,7.02388106837607,95
"86",2009,5,6.8125,16,7.625,6,6,7.8,6.36363636363636,8,8,2,5,11,776,482,294,32,297,479,7.04999528350515,7.44904564315353,6.39576986394558,6.70625,7.11656565656566,7.00871887265136,96
"87",2009,6,7.05789473684211,19,7.1,7,7.5,7.44,6.92142857142857,11,8,2,5,14,795,493,302,34,302,493,7.0501840754717,7.44125760649087,6.4117759602649,6.75294117647059,7.12192052980132,7.00624004056795,97
"88",2009,7,6.62586206896552,29,7.08076923076923,6.25625,5,7,6.566,13,16,1,4,25,824,506,318,35,306,518,7.03525041262136,7.43199604743083,6.40395075471698,6.70285714285714,7.12032679738562,6.98499293436294,98
"89",2009,8,6.64285714285714,14,7,6,NA,6.33333333333333,6.72727272727273,9,5,0,3,11,838,515,323,35,309,529,7.02869491646778,7.42444660194175,6.39769764705882,6.70285714285714,7.11268608414239,6.97963391304348,99
"90",2009,9,7,10,7.16666666666667,6.75,7,6.75,7.16666666666667,6,4,1,4,6,848,521,327,36,313,535,7.02835653301887,7.42147792706334,6.4020071559633,6.71111111111111,7.10805111821086,6.98173147663551,100
"91",2009,10,6.47368421052632,19,6.5,6.45833333333333,7,6.5,6.45,7,12,1,9,10,867,528,339,37,322,545,7.01620108419838,7.40926136363636,6.40400100294985,6.71891891891892,7.09105590062112,6.97197493577982,101
"92",2009,11,6.80952380952381,21,7.66666666666667,6.16666666666667,6.75,6.88333333333333,6.78,9,12,2,6,15,888,537,351,39,328,560,7.01131344594594,7.41357541899441,6.39588700854701,6.72051282051282,7.08725609756098,6.96683275,102
"93",2009,12,7.46666666666667,15,7.75,7.14285714285714,7.16666666666667,7.9,7.25,8,7,3,5,10,903,545,358,42,333,570,7.01887745293466,7.41851376146789,6.4104925698324,6.75238095238095,7.09945945945946,6.97180059649123,103
"94",2010,1,6.60588235294118,17,7.02727272727273,5.83333333333333,6,7.06666666666667,6.35454545454545,11,6,1,6,11,920,556,364,43,339,581,7.01124602173913,7.41077338129497,6.40097895604396,6.73488372093023,7.0988790560472,6.96011418244406,104
"95",2010,2,7.1,20,8,6.71428571428571,7.5,6.7,7.23333333333333,6,14,1,5,15,940,562,378,44,344,596,7.01313440425532,7.4170640569395,6.41258291005291,6.75227272727273,7.09308139534884,6.9669905033557,105
"96",2010,3,6.625,8,7.33333333333333,6.2,6.33333333333333,7.5,6.33333333333333,3,5,3,2,6,948,565,383,47,346,602,7.00985900843882,7.41661946902655,6.40980767624021,6.72553191489362,7.09543352601156,6.9606749833887,106
"97",2010,4,6.55,13,7.55,5.925,6.5,6.75,6.51363636363636,5,8,1,2,11,961,570,391,48,348,613,7.00363823100936,7.41778947368421,6.39988833759591,6.72083333333333,7.09344827586207,6.95265308319739,107
"98",2010,5,7.46428571428571,14,7.86363636363636,6,8,8,7.31818181818182,11,3,1,3,11,975,581,394,49,351,624,7.01025265641026,7.42623063683305,6.39684350253807,6.7469387755102,7.10119658119658,6.95909669871795,108
"99",2010,6,7.06,15,7.30909090909091,6.375,NA,6.33333333333333,7.24166666666667,11,4,0,3,12,990,592,398,49,354,636,7.0110064040404,7.42405405405406,6.39662396984925,6.7469387755102,7.09468926553672,6.96442820754717,109
"100",2010,7,6.475,8,6.33333333333333,6.56,6.5,6,6.54285714285714,3,5,2,1,7,998,595,403,51,355,643,7.00670975951904,7.41855462184874,6.39865096774194,6.73725490196078,7.09160563380282,6.95983878693623,110
"101",2010,8,6.83338095238095,21,7.5,6.42315384615385,6.33333333333333,6.95,6.72736363636364,8,13,3,10,11,1019,603,416,54,365,654,7.00313772325809,7.41963515754561,6.39941668269231,6.71481481481482,7.08772602739726,6.95592865443425,111
"102",2010,9,6.69721052631579,19,7.30833333333333,6.41515384615385,NA,6.437125,6.88636363636364,6,13,0,8,11,1038,609,429,54,373,665,6.99753789980732,7.41853858784893,6.39989356643357,6.71481481481482,7.07377211796247,6.95477795488722,112
"103",2010,10,7.13157894736842,19,7.02727272727273,7.275,NA,6.68,7.29285714285714,11,8,0,5,14,1057,620,437,54,378,679,6.99994734153264,7.41159677419355,6.4159138215103,6.71481481481482,7.06856349206349,6.96174865979381,113
"104",2010,11,7.075,24,7.56153846153846,6.5,5,6.475,7.375,13,11,1,8,16,1081,633,448,55,386,695,7.00161363552266,7.41467614533966,6.4179784375,6.68363636363636,7.05626165803109,6.97126235971223,114
"105",2010,12,6.675,12,7.35,6,6.5,6.6,6.72857142857143,6,6,2,5,7,1093,639,454,57,391,702,6.99802775846295,7.41406885758999,6.41245449339207,6.67719298245614,7.05042710997443,6.96884236467236,115
"106",2011,1,7.58571428571429,21,7.82142857142857,7.11428571428571,5.8,7.5,7.60588235294118,14,7,1,4,17,1114,653,461,58,395,719,7.00910622980251,7.42280245022971,6.42311136659436,6.66206896551724,7.05497974683544,6.98390450625869,116
"107",2011,2,7.475,20,8.09090909090909,6.72222222222222,6,7.22222222222222,7.68181818181818,11,9,2,9,11,1134,664,470,60,404,730,7.01732305114638,7.43387048192771,6.4288390212766,6.64,7.05870544554455,6.99442101369863,117
"108",2011,3,7.08,10,7.4,6.33333333333333,7,6.65,7.1875,7,3,1,2,8,1144,671,473,61,406,738,7.01787092657343,7.43351713859911,6.4282332769556,6.64590163934426,7.0566921182266,6.99651401084011,118
"109",2011,4,6.65833333333333,12,7.3,5.375,5,6.9,6.48571428571429,8,4,1,5,7,1156,679,477,62,411,745,7.01413870242215,7.4319440353461,6.41940113207547,6.61935483870968,7.05478588807786,6.99171455033557,119
"110",2011,5,6.65833333333333,12,6.5,6.69,7,7.5,6.2375,2,10,1,4,8,1168,681,487,63,415,753,7.01048316780822,7.42920704845815,6.42495757700206,6.62539682539683,7.05907710843374,6.98370164674635,120
"111",2011,6,6.95,10,7.875,6.33333333333333,6,8.25,6.625,4,6,1,2,8,1178,685,493,64,417,761,7.00996972835314,7.4318102189781,6.42384247464503,6.615625,7.06478896882494,6.97993080157687,121
"112",2011,7,7.13636363636364,11,7.125,7.16666666666667,6.5,6.75,7.22222222222222,8,3,1,2,9,1189,693,496,65,419,770,7.01113905803196,7.4282683982684,6.42833536290323,6.61384615384615,7.06328639618139,6.98276277922078,122
"113",2011,8,6.875,8,7.4,6,5,7.5,6.78571428571429,5,3,1,1,7,1197,698,499,66,420,777,7.01022918964077,7.4280659025788,6.4257602004008,6.58939393939394,7.06432619047619,6.98098756756757,123
"114",2011,9,6.75,12,6.875,6.5,NA,6.5,6.8,8,4,0,2,10,1209,706,503,66,422,787,7.00764626964433,7.42179886685553,6.42635057654076,6.58939393939394,7.06165165876777,6.97868785260483,124
"115",2011,10,6.72222222222222,9,7.08333333333333,6,NA,6.5,6.78571428571429,6,3,0,2,7,1218,712,506,66,424,794,7.00553722495895,7.41894662921349,6.42382280632411,6.58939393939394,7.05900235849057,6.9769865743073,125
"116",2011,11,6.5,15,7.08333333333333,6.11111111111111,6.5,6.43333333333333,6.51666666666667,6,9,2,3,12,1233,718,515,68,427,806,6.99938713706407,7.41614206128134,6.41835794174757,6.58676470588235,7.05460655737705,6.97013317617866,126
"117",2011,12,6.56363636363636,11,7.11666666666667,5.9,6,6.5,6.6,6,5,1,4,7,1244,724,520,69,431,813,6.99553403536977,7.41366022099448,6.41337373076923,6.57826086956522,7.04945939675174,6.96694629766298,127
"118",2012,1,7.46666666666667,12,7.8,7.13333333333333,NA,7.25,7.51,6,6,0,2,10,1256,730,526,69,433,823,7.00003530254777,7.41683561643836,6.42158619771863,6.57826086956522,7.0503856812933,6.97354476306197,128
"119",2012,2,6.91666666666667,12,7.14285714285714,6.6,7.5,7.25,6.75,7,5,2,4,8,1268,737,531,71,437,831,6.99924632492114,7.41423337856174,6.42326617702448,6.60422535211268,7.05221281464531,6.97139270758123,129
"120",2012,3,7.22727272727273,11,7.25,7.16666666666667,NA,7.66666666666667,7.0625,8,3,0,3,8,1279,745,534,71,440,839,7.00120745895231,7.41246979865772,6.42744258426966,6.60422535211268,7.05640227272727,6.97226143027414,130
"121",2012,4,6.03333333333333,6,7.3,3.5,6,7.6,5.25,4,2,1,2,4,1285,749,536,72,442,843,6.99668820233463,7.41186915887851,6.41651929104478,6.59583333333333,7.05886199095023,6.964089371293,131
"122",2012,5,6.07142857142857,7,7.83333333333333,4.75,5,5,6.25,3,4,1,1,6,1292,752,540,73,443,849,6.99167518575852,7.4135505319149,6.40417470370371,6.57397260273973,7.0542144469526,6.959042803298,132
"123",2012,6,6.73888888888889,9,7.4375,6.18,5,9,6.45625,4,5,1,1,8,1301,756,545,74,444,857,6.98992647194466,7.41367724867725,6.40211805504587,6.5527027027027,7.05859684684685,6.9543492882147,133
"124",2012,7,6.77777777777778,9,7.3,6.125,5.5,6.16666666666667,7.08333333333333,5,4,1,3,6,1310,761,549,75,447,863,6.98846896183206,7.41293035479632,6.40009897996357,6.53866666666667,7.05261073825503,6.95524604866744,134
"125",2012,8,6.92,5,7.8,6.33333333333333,7,NA,6.92,2,3,1,0,5,1315,763,552,76,447,868,6.98820862357415,7.41394495412844,6.39973612318841,6.54473684210526,7.05261073825503,6.95504301843318,135
"126",2012,9,6.90909090909091,11,8.25,6.14285714285714,NA,7.66666666666667,6.625,4,7,0,3,8,1326,767,559,76,450,876,6.98755229260935,7.41830508474577,6.39651939177102,6.54473684210526,7.05670444444444,6.95202892694064,136
"127",2012,10,6.671875,16,7.16666666666667,6.03571428571429,NA,8,6.58333333333333,9,7,0,1,15,1342,776,566,76,451,891,6.98378862891207,7.41538659793815,6.39205713780919,6.54473684210526,7.05879600886918,6.94582193041526,137
"128",2012,11,6.88461538461539,13,7.125,6.77777777777778,NA,6.2,7.3125,4,9,0,5,8,1355,780,575,76,456,899,6.98283715129151,7.41389743589744,6.39809450434783,6.54473684210526,7.04937938596491,6.94908491657397,138
"129",2012,12,7.07692307692308,13,7.28571428571429,6.83333333333333,NA,6.625,7.27777777777778,7,6,0,4,9,1368,787,581,76,460,908,6.98373124269006,7.41275730622618,6.40258922547332,6.54473684210526,7.04568913043478,6.95234288546255,139
"130",2013,1,6.84615384615385,13,7.44444444444444,5.5,NA,7,6.81818181818182,9,4,0,2,11,1381,796,585,76,462,919,6.9824361622013,7.41311557788945,6.39641767521368,6.54473684210526,7.04549134199134,6.95073704026115,140
"131",2013,2,7.31818181818182,11,7.75,6.8,6,7.625,7.14285714285714,6,5,1,4,7,1392,802,590,77,466,926,6.98508932471264,7.41563591022444,6.39983786440678,6.53766233766234,7.05046566523605,6.95218935205184,141
"132",2013,3,6.625,16,7,6.14285714285714,8,7,6.5,9,7,1,4,12,1408,811,597,78,470,938,6.98099740056818,7.41102342786683,6.39682469011725,6.55641025641026,7.05003617021277,6.94640441364605,142
"133",2013,4,7.5,15,7.91428571428571,7.1375,7.4,8.75,7.30769230769231,7,8,1,2,13,1423,818,605,79,472,951,6.9864682642305,7.41533007334963,6.40661874380165,6.56708860759494,7.05723940677966,6.95134315457413,143
"134",2013,5,7.2875,8,7.76,6.5,NA,6.43333333333333,7.8,5,3,0,3,5,1431,823,608,79,475,956,6.98815118099231,7.41742405832321,6.40707950657895,6.56708860759494,7.05329894736842,6.95578173640167,144
"135",2013,6,7.33333333333333,9,7,7.5,7.5,7.5,7.3125,3,6,1,1,8,1440,826,614,80,476,964,6.99030856944445,7.41590799031477,6.41775951140065,6.57875,7.05423739495798,6.95874205394191,145
"136",2013,7,7.15625,16,7.45,6.66666666666667,NA,5.33333333333333,7.57692307692308,10,6,0,3,13,1456,836,620,80,479,977,6.99213210164835,7.41631578947369,6.42016829032258,6.57875,7.04345929018789,6.96696759467758,146
"137",2013,8,7.23,10,7.4125,6.5,NA,7,7.25555555555556,8,2,0,1,9,1466,844,622,80,480,986,6.99375466575716,7.41627962085308,6.42042498392283,6.57875,7.04336875,6.96960176470588,147
"138",2013,9,6.81818181818182,11,7.5,6,6,7.25,6.57142857142857,6,5,1,4,7,1477,850,627,81,484,993,6.99244708192282,7.4168705882353,6.41707231259968,6.5716049382716,7.04507644628099,6.96679490433031,148
"139",2013,10,7.4,7,7.26,7.75,NA,NA,7.4,5,2,0,0,7,1484,855,629,81,484,1000,6.99436950134771,7.41595321637427,6.42131055643879,6.5716049382716,7.04507644628099,6.96982734,149
"140",2013,11,7.003125,32,7.64444444444444,6.17857142857143,7.5,7.65,6.70909090909091,18,14,1,10,22,1516,873,643,82,494,1022,6.99455431398417,7.42066437571593,6.41602541213064,6.58292682926829,7.05732186234818,6.9642146183953,150
"141",2013,12,7.11764705882353,17,7.30769230769231,6.5,NA,7.16666666666667,7.09090909090909,13,4,0,6,11,1533,886,647,82,500,1033,6.99591933463796,7.41900677200903,6.41654457496136,6.58292682926829,7.058634,6.96556373668925,151
"142",2014,1,7.3,14,7.7,5.83333333333333,NA,7.74,7.05555555555556,11,3,0,5,9,1547,897,650,82,505,1042,6.99867119586296,7.42245261984393,6.41385283076923,6.58292682926829,7.0653801980198,6.96634101727447,152
"143",2014,2,7.40869565217391,23,7.82666666666667,6.625,NA,8.33333333333333,7.27,15,8,0,3,20,1570,912,658,82,508,1062,7.00467792356688,7.42910087719298,6.41641996960487,6.58292682926829,7.07286811023622,6.97205964218456,153
"144",2014,3,7.9375,8,8.16666666666667,7.25,NA,9,7.78571428571429,6,2,0,1,7,1578,918,660,82,509,1069,7.00940705956907,7.43392156862745,6.41894596969697,6.58292682926829,7.07665422396857,6.977387595884,154
"145",2014,4,6.625,12,7.58333333333333,5.66666666666667,6.5,6.66666666666667,6.58333333333333,6,6,2,6,6,1590,924,666,84,515,1075,7.00650587421384,7.43489177489178,6.41216867867868,6.58095238095238,7.07187766990291,6.97518822325581,155
"146",2014,5,7.22,15,7.48333333333333,6.16666666666667,NA,6.75,7.39090909090909,12,3,0,4,11,1605,936,669,84,519,1086,7.00850114641745,7.43551282051282,6.41106777279522,6.58095238095238,7.06939691714836,6.97939902394107,156
"147",2014,6,7,10,7,7,6,7.5,6.875,2,8,1,2,8,1615,938,677,85,521,1094,7.00844850773994,7.4345842217484,6.4180270901034,6.57411764705882,7.07104990403071,6.97863559414991,157
"148",2014,7,7.45,14,7.64444444444444,7.1,NA,7.7,7.35,9,5,0,4,10,1629,947,682,85,525,1104,7.01224330263966,7.43657866948258,6.4230268914956,6.57411764705882,7.07584190476191,6.98199940217391,158
"149",2014,8,7.13636363636364,11,7.22222222222222,6.75,NA,7.75,7,9,2,0,2,9,1640,956,684,85,527,1113,7.01307581707317,7.43456066945607,6.42398295321638,6.57411764705882,7.07840037950664,6.98214495956873,159
"150",2014,9,7.33727272727273,11,8.102,6.7,NA,7.0025,7.52857142857143,5,6,0,4,7,1651,961,690,85,531,1120,7.01523582071472,7.43803329864725,6.42638310144928,6.57411764705882,7.07782862523541,6.985560125,160
"151",2014,10,6.93214285714286,14,6.59375,7.38333333333333,NA,8,6.64090909090909,8,6,0,3,11,1665,969,696,85,534,1131,7.01453714114114,7.43106295149639,6.4346326724138,6.57411764705882,7.08300936329588,6.98220808134394,161
"152",2014,11,6.05230769230769,13,6.45428571428571,5.58333333333333,4.5,7.84,5.72727272727273,7,6,2,2,11,1678,976,702,87,536,1142,7.00708244338498,7.42405737704918,6.42735660968661,6.52643678160919,7.08583395522388,6.97012026269702,162
"153",2014,12,7.51428571428571,7,8.375,6.36666666666667,7.1,6.55,7.9,4,3,1,2,5,1685,980,705,88,538,1147,7.00918951928783,7.42793877551021,6.42709835460993,6.53295454545454,7.08384200743494,6.97417379250218,163
"154",2015,1,6.975,20,7.5,6.45,NA,7.6,6.76666666666667,10,10,0,5,15,1705,990,715,88,543,1162,7.00878846920821,7.42866666666667,6.42741865734266,6.53295454545454,7.08859484346225,6.97149512908778,164
"155",2015,2,6.78333333333333,12,7.0625,6.225,7,7.5,6.425,8,4,1,4,8,1717,998,719,89,547,1170,7.00721277810134,7.42573146292585,6.42629254520167,6.53820224719101,7.09160329067642,6.96775841025641,165
"156",2015,3,7.0875,8,7.56666666666667,6.8,6.66666666666667,NA,7.0875,3,5,3,0,8,1725,1001,724,92,547,1178,7.00758512463768,7.42615384615385,6.42887339779006,6.54239130434783,7.09160329067642,6.9685715959253,166
"157",2015,4,7.13333333333333,15,7.61111111111111,6.41666666666667,3,7.16666666666667,7.125,9,6,1,3,12,1740,1010,730,93,550,1190,7.00866916091954,7.42780198019802,6.42877306849315,6.50430107526882,7.09201272727273,6.97014902521008,167
"158",2015,5,7.41,10,7.65714285714286,6.83333333333333,NA,8,7.2625,7,3,0,2,8,1750,1017,733,93,552,1198,7.01096248,7.42938053097345,6.43042884038199,6.50430107526882,7.09530253623188,6.97210128547579,168
"159",2015,6,7.96428571428571,14,8.11111111111111,7.7,NA,7.33333333333333,8.13636363636364,9,5,0,3,11,1764,1026,738,93,555,1209,7.01852853741496,7.43536062378168,6.43903027100271,6.50430107526882,7.09658918918919,6.98269424317618,169
"160",2015,7,7.32692307692308,13,7.625,7.07142857142857,7,7.3125,7.35,6,7,2,8,5,1777,1032,745,95,563,1214,7.02078465953855,7.43646317829458,6.44497226845638,6.51473684210526,7.09965719360568,6.98420703459638,170
"161",2015,8,6.97692307692308,13,7.22857142857143,6.68333333333333,NA,7.66666666666667,6.77,7,6,0,3,10,1790,1039,751,95,566,1224,7.02046611173184,7.435062560154,6.44687661784288,6.51473684210526,7.10266254416961,6.98245697712418,171
"162",2015,9,7.15454545454545,11,6.75,7.64,9,7.25,7.1,6,5,1,4,7,1801,1045,756,96,570,1231,7.02128503053859,7.43112918660287,6.45476764550265,6.540625,7.10369649122807,6.98312537774167,172
"163",2015,10,6.6925,12,7.47285714285714,5.6,6,8,6.431,7,5,1,2,10,1813,1052,761,97,572,1241,7.01910884721456,7.43140684410647,6.44915156373193,6.53505154639175,7.10683041958042,6.97867634165995,173
"164",2015,11,6.91666666666667,18,7.63636363636364,5.78571428571429,6,7.75,6.67857142857143,11,7,2,4,14,1831,1063,768,99,576,1255,7.01810176952485,7.43352775164629,6.443104609375,6.52424242424242,7.111296875,6.97532855776892,174
"165",2015,12,6.77142857142857,14,6.96666666666667,6.625,6,8,6.67692307692308,6,8,1,1,13,1845,1069,776,100,577,1268,7.01622999457994,7.4309073900842,6.44497981958763,6.519,7.11283708838821,6.9722691955836,175
"166",2016,1,7.14285714285714,14,7.6,6,NA,9,6.63636363636364,10,4,0,3,11,1859,1079,780,100,580,1279,7.01718361484669,7.43247451343837,6.44269787179487,6.519,7.12259827586207,6.96938025019547,176
"167",2016,2,6.73846153846154,13,6.5,6.94285714285714,NA,6,6.8,6,7,0,1,12,1872,1085,787,100,581,1291,7.01524804487179,7.42731797235023,6.44714655654384,6.519,7.1206660929432,6.96780584043377,177
"168",2016,3,7.63636363636364,11,8,6.66666666666667,NA,8,7.55555555555556,8,3,0,2,9,1883,1093,790,100,583,1300,7.01887644184811,7.43150960658738,6.44798017721519,6.519,7.12368267581475,6.97187487692308,178
"169",2016,4,6.21428571428571,14,6.66666666666667,5.875,6,6,6.25,6,8,3,2,12,1897,1099,798,103,585,1312,7.01293850289931,7.42733393994541,6.4422360150376,6.50388349514563,7.11984102564103,6.96527236280488,179
"170",2016,5,6.9,15,7.35714285714286,6.5,7,6,7.03846153846154,7,8,2,2,13,1912,1106,806,105,587,1325,7.0120524790795,7.4268896925859,6.44280935483871,6.51333333333333,7.11602555366269,6.96599044528302,180
"171",2016,6,7.48214285714286,14,7.5,7.45,7.375,8.125,7,9,5,2,6,8,1926,1115,811,107,593,1333,7.0154695430945,7.42747982062781,6.44901891491985,6.52943925233645,7.12623440134907,6.96619455363841,181
"172",2016,7,6.5,17,7.15,5.57142857142857,5,8,6.40625,10,7,1,1,16,1943,1125,818,108,594,1349,7.01095951621204,7.42501333333334,6.44150897310514,6.51527777777778,7.12770538720539,6.95955325426242,182
"173",2016,8,6.8625,12,7.08571428571429,6.55,9,7,6.76428571428571,7,5,1,5,7,1955,1132,823,109,599,1356,7.01004825575447,7.42291519434629,6.44216809234508,6.53807339449541,7.12663939899833,6.9585452359882,183
"174",2016,9,7.01428571428571,7,7.44,5.95,NA,8,6.85,5,2,0,1,6,1962,1137,825,109,600,1362,7.01006337410805,7.42299032541777,6.44097495757576,6.53807339449541,7.128095,6.95806706314244,184
"175",2016,10,6.91176470588235,17,7.625,5.2,NA,8,6.57692307692308,12,5,0,4,13,1979,1149,830,109,604,1375,7.00921896917635,7.42510008703221,6.43349920481928,6.53807339449541,7.13386920529801,6.95446352,185
"176",2016,11,6.66666666666667,9,8.5,6.14285714285714,5,9,6.375,2,7,1,1,8,1988,1151,837,110,605,1383,7.00766817907445,7.42696785403997,6.43106850657109,6.52409090909091,7.13695371900826,6.95111159797542,186
"177",2016,12,6.76923076923077,13,6.875,6.6,8,8,6.22222222222222,8,5,1,4,9,2001,1159,842,111,609,1392,7.00611911044478,7.42315789473685,6.43207166270784,6.53738738738739,7.1426223316913,6.94639895114943,187
"178",2017,1,6.74375,16,7.69,5.16666666666667,NA,7.7,6.52307692307692,10,6,0,3,13,2017,1169,848,111,612,1405,7.00403784828954,7.42544054747648,6.4231183254717,6.53738738738739,7.1453545751634,6.94248209252669,188
"179",2017,2,7.2,13,8.2,6.575,5,5.5,7.50909090909091,5,8,1,2,11,2030,1174,856,112,614,1416,7.00529277832512,7.42873935264055,6.42453778037383,6.52366071428571,7.13999511400652,6.94688371468927,189
"180",2017,3,7.08,10,7.4375,5.65,NA,7.5,6.975,8,2,0,2,8,2040,1182,858,112,616,1424,7.00565899019608,7.4287986463621,6.42273233100233,6.52366071428571,7.14116396103896,6.94704167134831,190
"181",2017,4,7.25,20,7.46875,6.375,5,7.33333333333333,7.23529411764706,16,4,1,3,17,2060,1198,862,113,619,1441,7.00803123300971,7.42933222036728,6.42251083526682,6.51017699115044,7.14209531502423,6.95044229007634,191
"182",2017,5,7.34615384615385,13,7.55555555555556,6.875,NA,7.83333333333333,7.2,9,4,0,3,10,2073,1207,866,113,622,1451,7.01015163531114,7.43027340513671,6.42460085450347,6.51017699115044,7.14542926045016,6.95216219159201,192
"183",2017,6,7.31666666666667,6,7.35,7.25,NA,NA,7.31666666666667,4,2,0,0,6,2079,1211,868,113,622,1457,7.01103623857624,7.43000825763832,6.42650269585254,6.51017699115044,7.14542926045016,6.95366323953329,193
"184",2017,7,7.00666666666667,15,7,7.01666666666667,7,7.025,7,9,6,2,4,11,2094,1220,874,115,626,1468,7.01100493791786,7.42683606557377,6.43055416475973,6.51869565217391,7.14465974440895,6.95401044959128,194
"185",2017,8,7.21181818181818,11,7.83333333333333,6.97875,7.25,9,7.033,3,8,2,1,10,2105,1223,882,117,627,1478,7.01205431828979,7.42783319705642,6.43552646258504,6.53119658119658,7.14761881977672,6.9545448849797,195
"186",2017,9,6.81818181818182,11,7.1,6.58333333333333,NA,6,6.9,5,6,0,1,10,2116,1228,888,117,628,1488,7.01104647448015,7.42649837133551,6.43652515765766,6.53119658119658,7.14579140127389,6.95417831989247,196
"187",2017,10,7.19473684210526,19,7.51538461538462,6.5,7.5,8.16666666666667,7.0125,13,6,1,3,16,2135,1241,894,118,631,1504,7.01268118969555,7.42742949234489,6.43695116331096,6.53940677966102,7.15064500792393,6.95479876329787,197
"188",2017,11,7.4375,16,7.7,7,NA,8.375,7.125,10,6,0,4,12,2151,1251,900,118,635,1516,7.01584116225012,7.42960831334933,6.44070482222222,6.53940677966102,7.15835748031496,6.95614600263852,198
"189",2017,12,7.54444444444444,18,7.81666666666667,7,8,7.5,7.55714285714286,12,6,1,4,14,2169,1263,906,119,639,1530,7.02022791147994,7.4332858273951,6.44440876379691,6.55168067226891,7.16049608763693,6.96164532026144,199
"190",2018,1,7.12777777777778,18,7.44,6.7375,NA,7,7.14375,10,8,0,2,16,2187,1273,914,119,641,1546,7.0211130955647,7.43333857030637,6.44697411378556,6.55168067226891,7.15999531981279,6.96352997412678,200
"191",2018,2,7,7,8.5,6.4,NA,6.5,7.2,2,5,0,2,5,2194,1275,919,119,643,1551,7.02104573381951,7.43501176470589,6.44671854189336,6.55168067226891,7.15794245723173,6.9642922888459,201
"192",2018,3,7.3,15,7.55,6.8,NA,7.5,7.25,10,5,0,3,12,2209,1285,924,119,646,1563,7.02293994567678,7.435906614786,6.44863023809524,6.55168067226891,7.15953095975232,6.96648582213692,202
"193",2018,4,6.8,5,7,6.75,7,6.5,7,1,4,1,2,3,2214,1286,928,120,648,1566,7.02243646793135,7.43556765163297,6.44992924568966,6.55541666666667,7.15749537037037,6.96655002554278,203
"194",2018,5,7.275,12,8.26,6.57142857142857,NA,8.25,7.08,5,7,0,2,10,2226,1291,935,120,650,1576,7.02379799640611,7.43876065065841,6.45083886631016,6.55541666666667,7.16085692307692,6.9672698857868,204
"195",2018,6,7.7,10,8.4,7,6,9,7.375,5,5,1,2,8,2236,1296,940,121,652,1584,7.02682215563506,7.44246913580247,6.45375993617021,6.55082644628099,7.16649846625767,6.96932912878788,205
"196",2018,7,7.125,12,7.28571428571429,6.9,7,7.3,7,7,5,1,5,7,2248,1303,945,122,657,1591,7.0273462366548,7.44162701458174,6.456120994709,6.55450819672131,7.16751445966515,6.96946407291012,206
"197",2018,8,7.16777777777778,18,7.54,6.2,NA,7.27777777777778,7.05777777777778,13,5,0,9,9,2266,1316,950,122,666,1600,7.02846175639894,7.44259878419453,6.45477298947369,6.55450819672131,7.16900450450451,6.9699608375,207
"198",2018,9,6.73333333333333,15,8,5.28571428571429,5,5.83333333333333,7.33333333333333,8,7,1,6,9,2281,1324,957,123,672,1609,7.02652097325734,7.4459667673716,6.44622188087775,6.54186991869919,7.15707886904762,6.97199337476694,208
"199",2018,10,6.90952380952381,21,7.61,6.27272727272727,7,8.26666666666667,6.68333333333333,10,11,1,3,18,2302,1334,968,124,675,1627,7.02545366637706,7.4471964017991,6.44425035123967,6.54556451612903,7.16201037037037,6.96879984019668,209
"200",2018,11,6.5,9,7.125,6,NA,7.125,6,4,5,0,4,5,2311,1338,973,124,679,1632,7.0234073301601,7.44623318385651,6.44196746145941,6.54556451612903,7.16179234167894,6.96583170343137,210
"201",2018,12,7.20588235294118,17,7.77777777777778,6.5625,NA,7.875,7,9,8,0,4,13,2328,1347,981,124,683,1645,7.02473983676976,7.44844840386043,6.44295039755352,6.54556451612903,7.16596925329429,6.96610172644377,211
"202",2019,1,6.5,15,7.19230769230769,2,NA,8,6.39285714285714,13,2,0,1,14,2343,1360,983,124,684,1659,7.02138042680324,7.446,6.43391082400814,6.54556451612903,7.16718859649123,6.96126421940928,212
"203",2019,2,7.08076923076923,13,7.65625,6.16,NA,7.6875,6.81111111111111,8,5,0,4,9,2356,1368,988,124,688,1668,7.02170812393888,7.44722953216375,6.43252463562753,6.54556451612903,7.1702136627907,6.96045404076738,213
"204",2019,3,6.99722222222222,18,7.64583333333333,5.7,4,6.67857142857143,7.2,12,6,1,7,11,2374,1380,994,125,695,1679,7.02152246840775,7.44895652173913,6.42810295774648,6.5252,7.1652618705036,6.96202343061346,214
"205",2019,4,6.93,10,6.875,7.15,6.5,6.75,7.05,8,2,1,4,6,2384,1388,996,126,699,1685,7.02113856543624,7.44564841498559,6.42955255020081,6.525,7.16288555078684,6.96233670029673,215
"206",2019,5,6.50526315789474,19,7.13333333333333,5.42857142857143,7,6.66666666666667,6.475,12,7,3,3,16,2403,1400,1003,129,702,1701,7.01705965043695,7.44297142857143,6.42256664007976,6.53604651162791,7.16076495726496,6.9577526984127,216
"207",2019,6,6.93298263157895,19,7.70909090909091,5.86583375,6.213335,8,6.80745117647059,11,8,2,2,17,2422,1411,1011,131,704,1718,7.0164000867052,7.44504606661942,6.41816123639961,6.53111961832061,7.16314914772727,6.95626543073341,217
"208",2019,7,7.32222222222222,18,7.59090909090909,6.9,6.25,8.6,6.83076923076923,11,7,2,5,13,2440,1422,1018,133,709,1731,7.01865615163934,7.44617440225035,6.42147446954814,6.5268922556391,7.17328208744711,6.95532294049682,218
"209",2019,8,7.10833333333333,12,7.52222222222222,5.86666666666667,NA,NA,7.10833333333333,9,3,0,0,12,2452,1431,1021,133,709,1743,7.01909502854812,7.44665269042628,6.41984428011753,6.5268922556391,7.17328208744711,6.95637636833046,219
"210",2019,9,6.94736842105263,19,7.33333333333333,6.6,5.16666666666667,5.33333333333333,7.25,9,10,3,3,16,2471,1440,1031,136,712,1759,7.01854350870093,7.44594444444445,6.42159166828322,6.49688727941176,7.16552949438202,6.95904719158613,220
"211",2019,10,7.31052631578947,19,7.72727272727273,6.7375,NA,7.5625,7.12727272727273,11,8,0,8,11,2490,1451,1039,136,720,1770,7.02077148995984,7.44807718814611,6.42402407122233,6.49688727941176,7.16994027777778,6.96009266101695,221
"212",2019,11,7.5625,20,7.81666666666667,6.8,6.5,9,7.48684210526316,15,5,2,1,19,2510,1466,1044,138,721,1789,7.02508805179283,7.4518485675307,6.42582472222222,6.49693239130435,7.17247850208044,6.96568698155394,222
"213",2019,12,6.61333333333333,15,8.25,6.01818181818182,7.23333333333333,7.56666666666667,6.375,4,11,3,3,12,2525,1470,1055,141,724,1801,7.02264198415841,7.45402040816327,6.42157441706161,6.5126004964539,7.17411187845304,6.96175125485841,223
"214",2020,1,7.2,26,7.7,6.4,6.23333333333333,8,7.00952380952381,16,10,3,5,21,2551,1486,1065,144,729,1822,7.02444963151705,7.45666890982504,6.42137184037559,6.50678243055556,7.17977640603567,6.9623018715697,224
"215",2020,2,7.25,14,7.5,6.625,NA,7,7.29166666666667,10,4,0,2,12,2565,1496,1069,144,731,1834,7.02568070565302,7.45695855614974,6.42213377923293,6.50678243055556,7.17928454172367,6.9644569302072,225
"216",2020,3,6.80769230769231,13,7.44444444444444,5.375,NA,5.5,7.38888888888889,9,4,0,4,9,2578,1505,1073,144,735,1843,7.02458146237393,7.45688372093024,6.41823020503262,6.50678243055556,7.17014557823129,6.96652957677699,226
"217",2020,4,6.75555555555556,9,8,5.76,7,9,6.475,4,5,1,1,8,2587,1509,1078,145,736,1851,7.02364553923463,7.45832339297548,6.41517718923934,6.51018393103448,7.17263179347826,6.96440519178822,227
"218",2020,5,8,1,8,NA,NA,NA,8,1,0,0,0,1,2588,1510,1078,145,736,1852,7.02402280139103,7.4586821192053,6.41517718923934,6.51018393103448,7.17263179347826,6.96496436825054,228
"219",2020,6,6.96428571428571,14,6.95,7,NA,7,6.95454545454545,10,4,0,3,11,2602,1520,1082,145,739,1863,7.02370138739431,7.45533552631579,6.41733919593346,6.51018393103448,7.17193098782138,6.96490285024154,229
"220",2020,7,7.28076923076923,26,7.375,6.96666666666667,NA,7.5,7.2625,20,6,0,2,24,2628,1540,1088,145,741,1887,7.02624467656012,7.45429220779221,6.42036857536765,6.51018393103448,7.17281646423752,6.96868786963434,230
"221",2020,8,7.25,30,7.75,5.875,NA,6.83333333333333,7.35416666666667,22,8,0,6,24,2658,1562,1096,145,747,1911,7.02877013167795,7.45845710627401,6.41638778284672,6.51018393103448,7.17008969210174,6.97352904761904,231
"222",2020,9,7.27703703703704,27,7.55444444444444,6.72222222222222,6.83333333333333,7.31818181818182,7.24875,18,9,3,11,16,2685,1580,1105,148,758,1927,7.03126667039106,7.4595506329114,6.41887874208145,6.51673425675676,7.17223878627968,6.97581422418266,232
"223",2020,10,7.071875,32,7.44545454545455,6.25,7,7.5,6.952,22,10,1,7,25,2717,1602,1115,149,765,1952,7.03174494295178,7.4593570536829,6.41736413452915,6.51997765100671,7.17523790849673,6.97550922643442,233
"224",2020,11,7.31818181818182,22,7.5,6.16666666666667,NA,7.25,7.33333333333333,19,3,0,4,18,2739,1621,1118,149,769,1970,7.03404564074479,7.45983343615053,6.41669142218247,6.51997765100671,7.17562678803641,6.97877868527918,234
"225",2020,12,7.00555555555556,18,7.29285714285714,6,NA,6.9,7.01176470588235,14,4,0,1,17,2757,1635,1122,149,770,1987,7.03385963365977,7.45840366972477,6.4152058912656,6.51997765100671,7.17526883116883,6.97906090085556,235
"226",2021,1,6.69464285714286,28,7.11578947368421,5.80555555555556,5.85,6.16666666666667,6.83863636363636,19,9,5,6,22,2785,1654,1131,154,776,2009,7.0304491956912,7.45446795646917,6.41035456233422,6.49822512987013,7.16747036082474,6.9775231508213,236
"227",2021,2,6.875,26,7.75,5.85416666666667,6,8,6.83,14,12,1,1,25,2811,1668,1143,155,777,2034,7.02901138740661,7.45694844124701,6.40451531933509,6.49501077419355,7.16854182754183,6.97570993608653,237
"228",2021,3,7.1,15,7.77777777777778,6.08333333333333,5.5,8,6.77272727272727,9,6,3,4,11,2826,1677,1149,158,781,2045,7.02938818471337,7.4586702444842,6.40283812880766,6.47611816455696,7.17280025608195,6.97461809779951,238
"229",2021,4,6.25,8,6.8,5.33333333333333,NA,6.66666666666667,6,5,3,0,3,5,2834,1682,1152,158,784,2050,7.02718807692307,7.45671224732462,6.40005296006945,6.47611816455696,7.17086352040816,6.9722409804878,239
"230",2021,5,7.17070157894737,19,7.73166642857143,5.6,4,NA,7.17070157894737,14,5,1,0,19,2853,1696,1157,159,784,2069,7.02814382754995,7.45898191627359,6.39659551426102,6.46054509433962,7.17086352040816,6.974063479942,240
"231",2021,6,7.11333333333333,15,7.43333333333333,5.83333333333333,NA,7.45,7.06153846153846,12,3,0,2,13,2868,1708,1160,159,786,2082,7.02858937935844,7.45880171545668,6.39513880172414,6.46054509433962,7.1715737913486,6.97460967339097,241
"232",2021,7,7.7116,25,7.87722222222222,7.28571428571429,6,7.875,7.68047619047619,18,7,1,4,21,2893,1726,1167,160,790,2103,7.03449164880746,7.46316531286211,6.40048072836333,6.4576666875,7.17513544303797,6.98165826913932,242
"233",2021,8,6.81091666666667,24,7.59746666666667,5.5,NA,5.5,7.15589473684211,15,9,0,5,19,2917,1741,1176,160,795,2122,7.03265215632499,7.46432241815049,6.39358929421769,6.4576666875,7.1646,6.98321835061263,243
"234",2021,9,7.11538461538461,26,7.425,6.08333333333333,7,7.5,7.08333333333333,20,6,1,2,24,2943,1761,1182,161,797,2146,7.03338305810397,7.4638758262351,6.39201439086295,6.46103521739131,7.16544165621079,6.98433799627213,244
"235",2021,10,7.18666666666667,24,7.41555555555556,6.5,6,6.696,7.31578947368421,18,6,2,5,19,2967,1779,1188,163,802,2165,7.03462296595888,7.46338691961777,6.39255977272727,6.45537834355828,7.16251496259352,6.98724680831408,245
"236",2021,11,7.019375,32,7.72888888888889,6.10714285714286,7,7.125,7.00428571428571,18,14,3,4,28,2999,1797,1202,166,806,2193,7.03446026675558,7.46604637173067,6.38923544925125,6.46522090361446,7.16232878411911,6.98746435932512,246
"237",2021,12,7.17340425531915,47,7.51969696969697,6.35714285714286,5.33333333333333,7.675,7.03783783783784,33,14,3,10,37,3046,1830,1216,169,816,2230,7.03660418253447,7.46701384153006,6.38886596217105,6.44512822485207,7.16861151960784,6.98830015246637,247
"238",2022,1,7.10909090909091,33,7.18,7,7,7.75,6.96666666666667,20,13,1,6,27,3079,1850,1229,170,822,2257,7.03738107827216,7.46391098918919,6.39533035801465,6.44839217647059,7.17285523114355,6.98804135578201,248
"239",2022,2,6.92424242424242,33,7.525,6,NA,6.57142857142857,7.01923076923077,20,13,0,7,26,3112,1870,1242,170,829,2283,7.03618134318766,7.46456434759359,6.39119243961353,6.44839217647059,7.16777683956574,6.98839655716163,249
"240",2022,3,7.205,20,7.66,6.75,6,7.75,7.06875,10,10,3,4,16,3132,1880,1252,173,833,2299,7.03725936781609,7.46560389893617,6.39405831469649,6.44061658959538,7.17057262905162,6.98895578077425,250
"241",2022,4,7.27806451612903,31,7.675,6.55636363636364,NA,7.015,7.3695652173913,20,11,0,8,23,3163,1900,1263,173,841,2322,7.03961945621245,7.46780806842106,6.39547190023753,6.44061658959538,7.16909274673008,6.99272581395349,251
"242",2022,5,6.80344827586207,29,7.25,6.25384615384615,4.66666666666667,6.76666666666667,6.81304347826087,16,13,3,6,23,3192,1916,1276,176,847,2345,7.03747379072681,7.4659892118998,6.3940290047022,6.41037880681818,7.16624203069658,6.99096347121535,252
"243",2022,6,6.97058823529412,17,7.27272727272727,6.41666666666667,5.5,6.375,7.15384615384615,11,6,2,4,13,3209,1927,1282,178,851,2358,7.037119457775,7.46488600415154,6.39413495319813,6.40014983146068,7.16252291421857,6.99186146734521,253
"244",2022,7,6.82258064516129,31,7.38235294117647,6.14285714285714,7.5,7.5,6.66,17,14,2,6,25,3240,1944,1296,180,857,2383,7.03506677160494,7.4641642644033,6.39142053240741,6.41237038888889,7.16488564760793,6.98837991607218,254
"245",2022,8,7.09508789473684,19,7.39090909090909,6.68833375,6.5,7.13333333333333,7.07743615384615,11,8,1,6,13,3259,1955,1304,181,863,2396,7.03541669530531,7.46375208695653,6.39324208588957,6.41285453038674,7.16466628041715,6.98886310934891,255
"246",2022,9,7.3304347826087,23,8.13636363636364,6.59166666666667,NA,7,7.44705882352941,11,12,0,6,17,3282,1966,1316,181,869,2413,7.03748415904936,7.46751542726348,6.39505142857143,6.41285453038674,7.16352934407365,6.99209117695814,256
"247",2022,10,7.16923076923077,26,7.64705882352941,6.26666666666667,NA,7.21428571428571,7.15263157894737,17,9,0,7,19,3308,1983,1325,181,876,2432,7.03851965235792,7.46905462934947,6.39417938113208,6.41285453038674,7.16393493150685,6.99334539884868,257
"248",2022,11,7.32432432432432,37,7.40952380952381,7.2125,8.5,6.84,7.4,21,16,1,5,32,3345,2004,1341,182,881,2464,7.04168101943199,7.46843080339322,6.40394308724833,6.42432236263736,7.16209648127128,6.99862662743506,258
"249",2022,12,6.97135135135135,37,7.45826086956522,6.17142857142857,6.5,7.77714285714286,6.78333333333333,23,14,1,7,30,3382,2027,1355,183,888,2494,7.04091159373152,7.46831540700543,6.40154072324724,6.42473590163935,7.16694481981982,6.9960368925421,259
