"","year","month","avg_rating","no_ratings","avg_rating_owned","avg_rating_not_owned","avg_rating_prev_owned","avg_rating_comment","avg_rating_no_comment","no_ratings_owned","no_ratings_not_owned","no_ratings_prev_owned","no_ratings_comment","no_ratings_no_comment","cum_no_ratings","cum_no_ratings_owned","cum_no_ratings_not_owned","cum_no_ratings_prev_owned","cum_no_ratings_comment","cum_no_ratings_no_comment","cum_avg_rating","cum_avg_rating_owned","cum_avg_rating_not_owned","cum_avg_rating_prev_owned","cum_avg_rating_comment","cum_avg_rating_no_comment","month_after_release"
"1",2008,5,7,1,NA,7,NA,7,NA,0,1,0,1,0,1,0,1,0,1,0,7,NA,7,NA,7,NA,-1
"2",2008,6,7.58660714285714,56,8.02777777777778,7.17586206896552,7.5,7.67241379310345,7.49444444444444,27,29,1,29,27,57,27,30,1,30,27,7.57631578947368,8.02777777777778,7.17,7.5,7.65,7.49444444444444,0
"3",2008,7,7.53235294117647,51,7.9875,7.12777777777778,7.625,7.592,7.475,24,27,6,25,26,108,51,57,7,55,53,7.55555555555556,8.00882352941177,7.15,7.60714285714286,7.62363636363636,7.48490566037736,1
"4",2008,8,7.51216216216216,37,8.20833333333333,6.85263157894737,7.5,7.246875,7.71428571428571,18,19,2,16,21,145,69,76,9,71,74,7.54448275862069,8.06086956521739,7.07565789473684,7.58333333333333,7.5387323943662,7.55,2
"5",2008,9,7.54313725490196,51,7.86363636363636,7.3,8.02857142857143,7.54545454545455,7.54137931034483,22,29,7,22,29,196,91,105,16,93,103,7.54413265306122,8.01318681318681,7.13761904761905,7.778125,7.54032258064516,7.54757281553398,3
"6",2008,10,7.57954545454545,44,7.76086956521739,7.38095238095238,7.5,7.7,7.54411764705882,23,21,1,10,34,240,114,126,17,103,137,7.550625,7.96228070175439,7.1781746031746,7.76176470588235,7.55582524271845,7.54671532846715,4
"7",2008,11,7.59523809523809,42,8,7,6.33333333333333,7.54166666666667,7.61666666666667,25,17,3,12,30,282,139,143,20,115,167,7.5572695035461,7.96906474820144,7.15699300699301,7.5475,7.55434782608696,7.55928143712575,5
"8",2008,12,7.41935483870968,31,7.54545454545455,7.35,7.41666666666667,7.23076923076923,7.55555555555556,11,20,6,13,18,313,150,163,26,128,185,7.54361022364217,7.938,7.18067484662577,7.51730769230769,7.521484375,7.55891891891892,6
"9",2009,1,7.3125,36,7.84722222222222,6.77777777777778,7.4,7.57692307692308,7.16304347826087,18,18,5,13,23,349,168,181,31,141,208,7.51977077363897,7.92827380952381,7.14060773480663,7.49838709677419,7.52659574468085,7.51514423076923,7
"10",2009,2,7.26027397260274,73,7.84,6.95833333333333,7.45,7.12727272727273,7.31764705882353,25,48,10,22,51,422,193,229,41,163,259,7.47488151658768,7.91683937823834,7.10240174672489,7.48658536585366,7.47269938650307,7.47625482625483,8
"11",2009,3,7.41326530612245,49,7.98235294117647,7.1109375,6.75,7.47,7.39871794871795,17,32,2,10,39,471,210,261,43,173,298,7.46847133757962,7.92214285714286,7.10344827586207,7.45232558139535,7.47254335260116,7.46610738255034,9
"12",2009,4,7.3,40,7.94615384615385,6.98888888888889,8.5,6.5,7.56666666666667,13,27,1,10,30,511,223,288,44,183,328,7.45528375733855,7.92354260089686,7.09270833333333,7.47613636363636,7.41939890710383,7.47530487804878,10
"13",2009,5,7.30219512195122,41,7.81818181818182,7.113,7.75,7.05555555555556,7.3715625,11,30,2,9,32,552,234,318,46,192,360,7.44391304347826,7.91858974358974,7.09462264150943,7.48804347826087,7.40234375,7.46608333333333,11
"14",2009,6,7.78125,32,8.33076923076923,7.40526315789474,7.5,8,7.75,13,19,2,4,28,584,247,337,48,196,388,7.46239726027397,7.94028340080972,7.11213649851632,7.48854166666667,7.41454081632653,7.48657216494845,12
"15",2009,7,7.54453125,32,8.10714285714286,7.10694444444444,7.06,7.00208333333333,7.87,14,18,5,12,20,616,261,355,53,208,408,7.46666396103896,7.9492337164751,7.11187323943662,7.44811320754717,7.39074519230769,7.50536764705882,13
"16",2009,8,7.44285714285714,21,7.625,7.37,8,7.1,7.55,6,15,1,5,16,637,267,370,54,213,424,7.46587912087912,7.94194756554307,7.12233783783784,7.45833333333333,7.38392018779343,7.50705188679245,14
"17",2009,9,7.21730769230769,26,7.73333333333333,7.0625,7.5,7.75,6.98055555555556,6,20,2,8,18,663,273,390,56,221,442,7.45613122171946,7.93736263736264,7.11926923076923,7.45982142857143,7.39717194570136,7.48561085972851,15
"18",2009,10,7.62,25,7.95833333333333,7.30769230769231,7.5,7.58333333333333,7.63157894736842,12,13,2,6,19,688,285,403,58,227,461,7.46208575581395,7.93824561403509,7.12534739454094,7.46120689655172,7.40209251101322,7.49162689804772,16
"19",2009,11,7.55614035087719,57,7.93703703703704,7.21333333333333,7.88,7.7,7.52553191489362,27,30,5,10,47,745,312,433,63,237,508,7.46928187919463,7.93814102564103,7.13144341801386,7.49444444444444,7.41466244725738,7.49476377952756,17
"20",2009,12,7.55576923076923,52,8.05555555555556,7.016,8,7.34615384615385,7.62564102564103,27,25,3,13,39,797,339,458,66,250,547,7.47492471769134,7.94749262536873,7.12514192139738,7.51742424242424,7.4111,7.50409506398537,18
"21",2010,1,7.57666666666667,45,7.94464285714286,6.97058823529412,7.125,7.46428571428571,7.62741935483871,28,17,4,14,31,842,367,475,70,264,578,7.4803622327791,7.94727520435967,7.11961052631579,7.495,7.41392045454545,7.51070934256055,19
"22",2010,2,7.42,35,7.9625,6.96315789473684,7,7.4,7.425,16,19,3,7,28,877,383,494,73,271,606,7.47795324971494,7.94791122715405,7.11359311740891,7.47465753424657,7.41356088560886,7.50674917491749,20
"23",2010,3,7.32446808510638,47,7.93611111111111,6.9448275862069,7.75,7.04333333333333,7.45625,18,29,6,15,32,924,401,523,79,286,638,7.4701461038961,7.94738154613466,7.10423518164436,7.49556962025316,7.39414335664336,7.50421630094044,21
"24",2010,4,7.48452380952381,42,7.68333333333333,7.28571428571429,7.4375,7.33571428571429,7.51428571428571,21,21,8,7,35,966,422,544,87,293,673,7.47077122153209,7.93424170616114,7.11124080882353,7.49022988505747,7.39274744027304,7.50473997028232,22
"25",2010,5,7.38717948717949,39,7.94444444444444,6.90952380952381,6.41666666666667,7.38888888888889,7.38666666666667,18,21,6,9,30,1005,440,565,93,302,703,7.46752736318408,7.93465909090909,7.10374336283186,7.42096774193548,7.39263245033113,7.4997012802276,23
"26",2010,6,7.25217976190476,42,8.04411764705882,6.713662,8.25,7.32796785714286,7.21428571428571,17,25,2,14,28,1047,457,590,95,316,731,7.45888877745941,7.93873085339168,7.08721449152543,7.43842105263158,7.38976756329114,7.48876880984952,24
"27",2010,7,7.41875,40,7.76153846153846,7.2537037037037,6.75,7.25833333333333,7.44705882352941,13,27,4,6,34,1087,470,617,99,322,765,7.45741172953082,7.93382978723404,7.09450008103728,7.41060606060606,7.38731847826087,7.48691503267974,25
"28",2010,8,7.21162790697674,43,7.65714285714286,6.78636363636364,7,7.59090909090909,7.08125,21,22,4,11,32,1130,491,639,103,333,797,7.44805889380531,7.92199592668025,7.08389131455399,7.39466019417476,7.39404369369369,7.47062735257215,26
"29",2010,9,7.47638888888889,36,7.89722222222222,7.05555555555556,6.66666666666667,7.1875,7.55892857142857,18,18,3,8,28,1166,509,657,106,341,825,7.44893357632933,7.92111984282908,7.08311499238965,7.37405660377358,7.38919809384164,7.47362424242424,27
"30",2010,10,7.38589743589744,39,7.77291666666667,6.76666666666667,6.5,7.25,7.415625,24,15,2,7,32,1205,533,672,108,348,857,7.44689340248962,7.91444652908068,7.07605141369048,7.35787037037037,7.38639813218391,7.4714585764294,28
"31",2010,11,7.43774,50,7.90378260869565,7.04074074074074,7.33333333333333,6.723375,7.57380952380952,23,27,3,8,42,1255,556,699,111,356,899,7.4465287250996,7.91400539568345,7.07468748211731,7.35720720720721,7.37149873595506,7.47624026696329,29
"32",2010,12,7.52444444444444,45,7.98461538461538,6.89473684210526,7.4,7.31818181818182,7.59117647058823,26,19,5,11,34,1300,582,718,116,367,933,7.44922580769231,7.91715979381444,7.06992555710307,7.35905172413793,7.36990068119891,7.48042872454448,30
"33",2011,1,7.3734693877551,49,7.96111111111111,7.03225806451613,7.11428571428571,6.77272727272727,7.54736842105263,18,31,7,11,38,1349,600,749,123,378,971,7.44647409191994,7.91847833333334,7.06836655540721,7.34512195121951,7.35252261904762,7.48304840370752,31
"34",2011,2,7.22820512820513,39,7.84210526315789,6.645,5.33333333333333,6,7.40882352941177,19,20,3,5,34,1388,619,769,126,383,1005,7.44034117435158,7.91613408723748,7.05735572171652,7.29722222222222,7.33486566579634,7.48053731343284,32
"35",2011,3,7.16585365853659,41,7.41176470588235,6.99166666666667,7.07142857142857,7.325,7.12727272727273,17,24,7,8,33,1429,636,793,133,391,1038,7.43246574527642,7.90265251572327,7.05536765447667,7.28533834586466,7.33466381074169,7.4693063583815,33
"36",2011,4,7.30735294117647,34,7.58478260869565,6.72727272727273,7.5,7.20833333333333,7.36136363636364,23,11,1,12,22,1463,659,804,134,403,1060,7.42955813397129,7.89155842185129,7.05087879353234,7.28694029850746,7.33090210918114,7.46706603773585,34
"37",2011,5,7.61470588235294,34,7.73888888888889,7.475,8,7.47777777777778,7.664,18,16,1,9,25,1497,677,820,135,412,1085,7.4337632264529,7.88749926144756,7.05915432926829,7.29222222222222,7.33411055825243,7.47160368663595,35
"38",2011,6,7.17391304347826,23,7.66666666666667,6.85714285714286,8,7,7.19047619047619,9,14,1,2,21,1520,686,834,136,414,1106,7.42983128289474,7.88460204081633,7.05576324940048,7.29742647058823,7.33249649758454,7.46626582278481,36
"39",2011,7,7.64,25,8.15,7.3,7.16666666666667,7.66666666666667,7.63157894736842,10,15,3,6,19,1545,696,849,139,420,1125,7.43323207119741,7.88841522988506,7.06007838633687,7.29460431654676,7.33727035714286,7.46905777777778,37
"40",2011,8,7.32184444444444,27,7.42998461538462,7.22142857142857,7.4375,7.12,7.36771818181818,13,14,8,5,22,1572,709,863,147,425,1147,7.43131892493639,7.8800095909732,7.06269588644264,7.30238095238095,7.33471423529412,7.46711403661726,38
"41",2011,9,7.945,20,8.51428571428571,7.63846153846154,6.5,7.8,7.99333333333333,7,13,2,5,15,1592,716,876,149,430,1162,7.43777220477387,7.88621061452514,7.07124035388128,7.29161073825503,7.34012453488372,7.47390688468158,39
"42",2011,10,7.3093023255814,43,7.46875,7.21481481481482,7.33333333333333,7.2,7.34242424242424,16,27,3,10,33,1635,732,903,152,440,1195,7.43439348623853,7.87708579234973,7.07553327796235,7.29243421052631,7.33693988636364,7.4702759832636,40
"43",2011,11,7.241,50,7.87,6.82166666666667,7.485,7.63333333333333,7.15487804878049,20,30,10,9,41,1685,752,933,162,449,1236,7.42865480712166,7.87689734042553,7.06737036441586,7.30432098765432,7.34288095768374,7.45981375404531,41
"44",2011,12,7.45384615384615,39,7.959375,7.10217391304348,7.5,7.97,7.27586206896552,16,23,5,10,29,1724,768,956,167,459,1265,7.42922468097448,7.878615625,7.06820768828452,7.31017964071856,7.35654368191721,7.4555966798419,42
"45",2012,1,7.0796875,32,7.38529411764706,6.73333333333333,7.2,6.83333333333333,7.1051724137931,17,15,5,3,29,1756,785,971,172,462,1294,7.42285498291572,7.86793222929936,7.06303455200824,7.30697674418604,7.35314621212121,7.44774327666151,43
"46",2012,2,7.54269230769231,26,7.90733333333333,7.04545454545455,7.125,7.51375,7.55555555555556,15,11,4,8,18,1782,800,982,176,470,1312,7.42460345117845,7.868671,7.06283762729124,7.30284090909091,7.35587989361702,7.44922240853658,44
"47",2012,3,7.15,14,7.6,6.9,8,7.575,6.98,5,9,1,4,10,1796,805,991,177,474,1322,7.42246288975501,7.86700223602485,7.0613587790111,7.30677966101695,7.35772900843882,7.44567307110439,45
"48",2012,4,7.23970588235294,34,7.56666666666667,6.98157894736842,7.85,6.525,7.335,15,19,4,4,30,1830,820,1010,181,478,1352,7.41906740437158,7.86150829268293,7.05985797029703,7.31878453038674,7.35076056485356,7.44321730769231,46
"49",2012,5,7.36071428571429,28,8.04285714285714,6.67857142857143,7,6.75,7.4625,14,14,1,4,24,1858,834,1024,182,482,1376,7.4181880247578,7.86455251798561,7.05464506835938,7.31703296703297,7.345775,7.44355363372093,47
"50",2012,6,7.23478260869565,23,7.5,7.09333333333333,6.5,6.71666666666667,7.41764705882353,8,15,2,6,17,1881,842,1039,184,488,1393,7.41594542796385,7.86108883610452,7.05520360923966,7.30815217391304,7.33804006147541,7.44323747307968,48
"51",2012,7,7.36578947368421,19,7.4375,7.31363636363636,8.16666666666667,6.66666666666667,7.496875,8,11,3,3,16,1900,850,1050,187,491,1409,7.41544386842105,7.85710211764706,7.057911,7.32192513368984,7.33393798370672,7.44384655784244,49
"52",2012,8,7.62708333333333,24,7.8125,7.534375,8.375,8.375,7.4775,8,16,4,4,20,1924,858,1066,191,495,1429,7.41808386174636,7.85668624708625,7.06506242964353,7.34397905759162,7.34235060606061,7.44431756473058,50
"53",2012,9,7.33076923076923,26,8.09,6.85625,6.5,6.66666666666667,7.41739130434783,10,16,3,3,23,1950,868,1082,194,498,1452,7.41691966666667,7.85937419354839,7.06197463031423,7.33092783505155,7.33828022088353,7.44389104683196,51
"54",2012,10,7.00909090909091,22,7.5,6.66923076923077,7,6.16666666666667,7.14210526315789,9,13,1,3,19,1972,877,1095,195,501,1471,7.41236985294118,7.85568620296465,7.05731191780822,7.32923076923077,7.33126457085828,7.43999306594154,52
"55",2012,11,7.32380952380952,21,7.6625,7.11538461538461,7.2,6.83333333333333,7.40555555555556,8,13,5,3,18,1993,885,1108,200,504,1489,7.41143670346212,7.85393988700565,7.05799327617329,7.326,7.32830069444444,7.43957676292814,53
"56",2012,12,7.08214285714286,28,7.94444444444444,6.67368421052632,6.25,7.0625,7.09,9,19,4,8,20,2021,894,1127,204,512,1509,7.40687449282533,7.85485100671141,7.05151424134872,7.30490196078431,7.32414755859375,7.43494353876739,54
"57",2013,1,7.56153846153846,26,7.96153846153846,7.16153846153846,7.95,8.2,7.40952380952381,13,13,4,5,21,2047,907,1140,208,517,1530,7.40883895945286,7.85638015435502,7.05276890350877,7.31730769230769,7.33261808510638,7.43459464052287,55
"58",2013,2,6.81111111111111,27,7.6,6.34705882352941,6.98,7.08333333333333,6.73333333333333,10,17,5,6,21,2074,917,1157,213,523,1551,7.40105754580521,7.85358429661941,7.04239978392394,7.3093896713615,7.32975822179732,7.4250998065764,56
"59",2013,3,7.355,20,7.57142857142857,7.23846153846154,7.54,7.225,7.3875,7,13,5,4,16,2094,924,1170,218,527,1567,7.40061764565425,7.85144675324675,7.04457824786325,7.31467889908257,7.32896309297913,7.42471589023612,57
"60",2013,4,7.40526315789474,19,7.79090909090909,6.875,6.83333333333333,7.55,7.36666666666667,11,8,3,4,15,2113,935,1178,221,531,1582,7.40065941788926,7.85073454545455,7.04342661290323,7.30814479638009,7.33062815442561,7.42416548672566,58
"61",2013,5,6.88678571428571,28,7.63307692307692,6.24,7.5,6.926,6.87826086956522,13,15,3,5,23,2141,948,1193,224,536,1605,7.3939389771135,7.84774978902954,7.03332485331098,7.31071428571429,7.3268536380597,7.41634255451713,59
"62",2013,6,7.41363636363636,22,8.375,6.86428571428571,6.875,7.65,7.39,8,14,4,2,20,2163,956,1207,228,538,1625,7.39413932038835,7.85216192468619,7.03136416735709,7.3030701754386,7.32805492565056,7.41601833846154,60
"63",2013,7,7.24285714285714,21,7.6875,6.96923076923077,9,8,7.00625,8,13,1,5,16,2184,964,1220,229,543,1641,7.39268468406593,7.85079543568465,7.03070209016394,7.31048034934498,7.33424226519337,7.41202303473492,61
"64",2013,8,7.55555555555556,18,7.9375,7.25,6.875,9,7.47058823529412,8,10,4,1,17,2202,972,1230,233,544,1658,7.39401605358765,7.85150905349794,7.032485,7.30300429184549,7.33730431985294,7.41262352231604,62
"65",2013,9,7.308,25,7.85833333333333,6.8,7.2,7.1,7.36,12,13,5,5,20,2227,984,1243,238,549,1678,7.39305044903458,7.85159227642277,7.03005353982301,7.30084033613445,7.33514307832423,7.41199630512515,63
"66",2013,10,6.93703703703704,27,7.61818181818182,6.46875,6.42857142857143,7.35714285714286,6.79,11,16,7,7,20,2254,995,1259,245,556,1698,7.38758799911269,7.84901185929648,7.02292021445592,7.27591836734694,7.33542005395683,7.40467008244994,64
"67",2013,11,6.62307692307692,26,7.5,5.87142857142857,6,6.91428571428571,6.51578947368421,12,14,1,7,19,2280,1007,1273,246,563,1717,7.37886989035088,7.84485283018868,7.01025652003142,7.27073170731707,7.33018392539964,7.39483389633081,65
"68",2013,12,7.32068965517241,29,7.753125,6.78846153846154,5.66666666666667,7.3,7.33333333333333,16,13,3,11,18,2309,1023,1286,249,574,1735,7.37813917280208,7.84341818181818,7.00801442457232,7.25140562248996,7.32960548780488,7.39419585014409,66
"69",2014,1,6.91,30,7.925,6.4025,6.75,4.75,7.06428571428571,10,20,5,2,28,2339,1033,1306,254,576,1763,7.37213482257375,7.84420793804453,6.99874161562022,7.24153543307087,7.32064852430556,7.38895621100397,67
"70",2014,2,7.46842105263158,19,7.59090909090909,7.3,NA,8.5,7.34705882352941,11,8,0,2,17,2358,1044,1314,254,578,1780,7.37291066581849,7.84153908045977,7.00057576103501,7.24153543307087,7.32472932525952,7.38855606741573,68
"71",2014,3,7.42291666666667,24,7.5,7.36785714285714,7.5,7.5,7.4075,10,14,3,4,20,2382,1054,1328,257,582,1800,7.37341450461797,7.83829867172676,7.00444770331325,7.24455252918288,7.3259339347079,7.38876655555555,69
"72",2014,4,7.05882352941176,17,7.2,6.98181818181818,NA,6.56666666666667,7.16428571428571,6,11,0,3,14,2399,1060,1339,257,585,1814,7.37118522300959,7.83468566037736,7.00426179985064,7.24455252918288,7.32204025641026,7.38703406835722,70
"73",2014,5,7.42631578947368,19,7.69166666666667,6.97142857142857,7,7,7.57857142857143,12,7,1,5,14,2418,1072,1346,258,590,1828,7.37161842431762,7.83308470149254,7.00409104754829,7.24360465116279,7.31931110169491,7.38850098468271,71
"74",2014,6,7.59285714285714,14,8,7.36666666666667,7.5,8.25,7.33,5,9,3,4,10,2432,1077,1355,261,594,1838,7.3728920024671,7.83385961002786,7.00649929889299,7.24655172413793,7.32557836700337,7.38818269858542,72
"75",2014,7,6.05833333333333,12,6.25,5.9625,7,5.94,6.14285714285714,4,8,2,5,7,2444,1081,1363,263,599,1845,7.36643754091653,7.82799888991674,7.0003716434336,7.24467680608365,7.31401260434057,7.38345788617886,73
"76",2014,8,7.00888888888889,18,7.52,6.6,7,7.88666666666667,6.83333333333333,8,10,4,3,15,2462,1089,1373,267,602,1860,7.3638234565394,7.825736271809,6.99745560815732,7.24101123595506,7.31686636212624,7.37902139784946,74
"77",2014,9,6.76521739130435,23,7.75,6.24,7.275,6.2,6.92222222222222,8,15,4,5,18,2485,1097,1388,271,607,1878,7.35828303822938,7.8251839562443,6.98926984870317,7.24151291512915,7.30766647446458,7.37464313099041,75
"78",2014,10,7.09285714285714,14,8.33333333333333,6.1625,6.8,7.93333333333333,6.86363636363636,6,8,1,3,11,2499,1103,1396,272,610,1889,7.35679605842337,7.82794814143246,6.98453191260745,7.23988970588235,7.31074352459016,7.37166744309158,76
"79",2014,11,7.20766666666667,30,7.33333333333333,7.12388888888889,7,7.33333333333333,7.1937037037037,12,18,3,3,27,2529,1115,1414,275,613,1916,7.35502702649268,7.82262493273543,6.98630590523338,7.23727272727273,7.31085407830343,7.36915960334029,77
"80",2014,12,7.80882352941176,17,7.91666666666667,7.6875,7,7.83333333333333,7.80357142857143,9,8,2,3,14,2546,1124,1422,277,616,1930,7.35805708955224,7.82337793594306,6.99025073839662,7.235559566787,7.31339862012987,7.37231077720207,78
"81",2015,1,7.11363636363636,22,7.66666666666667,6.73076923076923,7.8,6.75,7.15,9,13,1,2,20,2568,1133,1435,278,618,1950,7.35596314252336,7.82213309796999,6.98790003484321,7.23758992805755,7.3115753236246,7.37003066666666,79
"82",2015,2,7.3058,25,7.95,6.71115384615385,7,7.25,7.31065217391304,12,13,5,2,23,2593,1145,1448,283,620,1973,7.35547950250675,7.82347318777293,6.98541543508287,7.23339222614841,7.31137669354839,7.36933846933603,80
"83",2015,3,6.84375,16,7.225,6.4625,6.75,6.26,7.10909090909091,8,8,2,5,11,2609,1153,1456,285,625,1984,7.35234126101955,7.81932072853426,6.98254227335165,7.23,7.30296568,7.36789556451613,81
"84",2015,4,6.94761904761905,21,7.55,6.57692307692308,7.375,6.5,6.99473684210526,8,13,4,2,19,2630,1161,1469,289,627,2003,7.34910963878327,7.81746494401378,6.97895272294078,7.23200692041522,7.30040438596491,7.3643558662007,82
"85",2015,5,7.36590909090909,22,7.81666666666667,7.05384615384615,7,7.36,7.36764705882353,9,13,2,5,17,2652,1170,1482,291,632,2020,7.34924900075415,7.8174588034188,6.979609682861,7.23041237113402,7.30087587025316,7.36438356435643,83
"86",2015,6,6.47,20,7.5,5.78333333333333,6.75,7.66666666666667,6.25882352941176,8,12,2,3,17,2672,1178,1494,293,635,2037,7.34266779565868,7.81530288624788,6.97000103748327,7.22713310580205,7.30260401574803,7.35515699558174,84
"87",2015,7,6.89705882352941,17,7.24444444444444,6.50625,6.625,6.21428571428571,7.375,9,8,2,7,10,2689,1187,1502,295,642,2047,7.33985063220528,7.81097455770851,6.96753099201065,7.22305084745763,7.29073761682243,7.35525393258427,85
"88",2015,8,7.14464285714286,28,7.38333333333333,7.03157894736842,6.75,6.54285714285714,7.34523809523809,9,19,4,7,21,2717,1196,1521,299,649,2068,7.33783892160471,7.80775652173913,6.96833106508876,7.21672240802676,7.28267110939908,7.35515222437137,86
"89",2015,9,6.80434782608696,23,7.68333333333333,6.49411764705882,6.58333333333333,7,6.79545454545455,6,17,6,1,22,2740,1202,1538,305,650,2090,7.33336071167883,7.80713544093178,6.9630894343303,7.20426229508197,7.28223623076923,7.34926066985646,87
"90",2015,10,7.51071428571429,14,7.46111111111111,7.6,7,8,7.47307692307692,9,5,1,1,13,2754,1211,1543,306,651,2103,7.33426229121278,7.80456383154418,6.96515330524951,7.20359477124183,7.28333878648233,7.35002605801236,88
"91",2015,11,6.90135135135135,37,7.5,6.49318181818182,6.34375,7.07142857142857,6.86166666666667,15,22,8,7,30,2791,1226,1565,314,658,2133,7.3285232353995,7.80083752039152,6.95851856230032,7.18168789808917,7.2810844224924,7.34315743084857,89
"92",2015,12,7.38,22,7.786,7.04166666666667,7,7.4,7.37684210526316,10,12,4,3,19,2813,1236,1577,318,661,2152,7.32892582651973,7.80071747572816,6.95915126823082,7.17940251572327,7.2816241301059,7.34345483271375,90
"93",2016,1,7.08571428571429,35,7.375,6.7,7.33333333333333,7.15714285714286,7.06785714285714,20,15,6,7,28,2848,1256,1592,324,668,2180,7.32593692064607,7.79393853503185,6.95670951633166,7.18225308641975,7.28031968562874,7.33991504587156,91
"94",2016,2,7.0924,25,7.7,6.53153846153846,6.285,7.66666666666667,7.01409090909091,12,13,6,3,22,2873,1268,1605,330,671,2202,7.32390475113122,7.79304952681388,6.95326576323988,7.16593939393939,7.28204701937407,7.33665976385104,92
"95",2016,3,7.28958333333333,24,7.96875,6.95,6.83333333333333,7.58333333333333,7.19166666666667,8,16,6,6,18,2897,1276,1621,336,677,2220,7.32362041767346,7.79415109717868,6.953233528686,7.16,7.28471720827179,7.33548414414414,93
"96",2016,4,7.48260869565217,23,7.92142857142857,6.8,6,8.5,7.38571428571429,14,9,1,2,21,2920,1290,1630,337,679,2241,7.32487272260274,7.79553240310078,6.95238745398773,7.15655786350148,7.28829683357879,7.33595484158857,94
"97",2016,5,7.27727272727273,22,7.64166666666667,6.84,6.5,7.66666666666667,7.21578947368421,12,10,4,3,19,2942,1302,1640,341,682,2260,7.32451677430319,7.79411428571429,6.95170216463415,7.14885630498534,7.2899612170088,7.33494460176991,95
"98",2016,6,7.375,16,7.6,7.27272727272727,NA,7,7.42857142857143,5,11,0,2,14,2958,1307,1651,341,684,2274,7.32478984110886,7.79337169089518,6.95384103573592,7.14885630498534,7.28911337719298,7.33552102022867,96
"99",2016,7,7.42954545454545,22,7.72916666666667,7.07,7.5,7.3,7.45,12,10,1,3,19,2980,1319,1661,342,687,2293,7.32556320469799,7.79278756633814,6.95454036724865,7.14988304093567,7.28916091703057,7.33646960313999,97
"100",2016,8,7.215625,16,7.8125,7.01666666666667,7.66666666666667,7.5,7.15,4,12,3,3,13,2996,1323,1673,345,690,2306,7.32497608477971,7.79284716553288,6.9549859832636,7.1543768115942,7.29007760869565,7.335418386817,98
"101",2016,9,7.19117647058824,17,8.0625,6.92307692307692,7.25,7,7.21666666666667,4,13,4,2,15,3013,1327,1686,349,692,2321,7.32422115831397,7.79365998492841,6.95473994661922,7.15547277936963,7.28923923410405,7.33465092632486,99
"102",2016,10,7.24,20,7.52307692307692,6.71428571428571,6,7.4,7.18666666666667,13,7,1,5,15,3033,1340,1693,350,697,2336,7.32366579294428,7.79103492537313,6.95374574719433,7.15217142857143,7.29003378766141,7.3337006849315,100
"103",2016,11,7.04375,16,7.5,6.77,6.23333333333333,8,6.82307692307692,6,10,3,3,13,3049,1346,1703,353,700,2349,7.32219690062315,7.78973759286776,6.95266679389313,7.14436260623229,7.2930765,7.33087475521498,101
"104",2016,12,6.89736842105263,19,6.98181818181818,6.78125,7,6.875,6.90769230769231,11,8,2,6,13,3068,1357,1711,355,706,2362,7.31956595501956,7.78318850405306,6.95186531268264,7.14354929577465,7.28952344192635,7.32854563928873,102
"105",2017,1,7.08888888888889,18,7.6375,6.65,5.66666666666667,7.75,6.9,8,10,3,4,14,3086,1365,1721,358,710,2376,7.31822046338302,7.78233465201465,6.95011130156886,7.13117318435754,7.29211767605634,7.32602053872053,103
"106",2017,2,7.24375,16,7.26363636363636,7.2,NA,7.4,7.23333333333333,11,5,0,1,15,3102,1376,1726,358,711,2391,7.31783634751773,7.77818808139535,6.95083519698726,7.13117318435754,7.2922694092827,7.32543906315349,104
"107",2017,3,7.21764705882353,17,7.52857142857143,7,7.33333333333333,7,7.24666666666667,7,10,3,2,15,3119,1383,1736,361,713,2406,7.31729026931709,7.77692465654375,6.95111840437788,7.13285318559557,7.29144957924264,7.32494796342477,105
"108",2017,4,7.0875,12,7.61428571428571,6.35,6.25,8,7.00454545454545,7,5,1,1,11,3131,1390,1741,362,714,2417,7.31640956563398,7.77610561151079,6.94939204480184,7.13041436464088,7.29244194677871,7.3234897807199,106
"109",2017,5,6.80588235294118,17,7.625,6.55384615384615,6.56666666666667,7.25,6.66923076923077,4,13,3,4,13,3148,1394,1754,365,718,2430,7.31365258894536,7.77567202295552,6.94646040478906,7.12578082191781,7.29220550139276,7.31998962962963,107
"110",2017,6,6.85714285714286,7,7.33333333333333,6.5,7,7,6.75,3,4,1,3,4,3155,1397,1758,366,721,2434,7.31263973058637,7.77472211882606,6.94544456769056,7.12543715846994,7.29098966712899,7.31905291700904,108
"111",2017,7,6.875,12,8.16666666666667,6.44444444444444,7,7.16666666666667,6.77777777777778,3,9,2,3,9,3167,1400,1767,368,724,2443,7.31098148089675,7.775562,6.94289278438031,7.12475543478261,7.29047451657459,7.31705886205485,109
"112",2017,8,7.29285714285714,14,7.66666666666667,7.0125,6.7,NA,7.29285714285714,6,8,3,0,14,3181,1406,1775,371,724,2457,7.3109017132977,7.7750972972973,6.94320650704226,7.12132075471698,7.29047451657459,7.31692096052096,110
"113",2017,9,6.69444444444444,18,7.48333333333333,6.3,6.5,7,6.63333333333333,6,12,2,3,15,3199,1412,1787,373,727,2472,7.30743305720538,7.77385750708215,6.9388872691662,7.11798927613941,7.28927585969739,7.31277297734627,111
"114",2017,10,7.00909090909091,11,8.43333333333333,6.475,6.58,6.5,7.2,3,8,5,3,8,3210,1415,1795,378,730,2480,7.30641070093458,7.77525568904594,6.93681980501393,7.11087301587301,7.28603226027397,7.31240919354838,112
"115",2017,11,6.9875,16,8.33333333333333,6.67692307692308,7.1,7.07142857142857,6.92222222222222,3,13,5,7,9,3226,1418,1808,383,737,2489,7.30482899876007,7.77643638928068,6.93495107853983,7.11073107049608,7.28399396200814,7.31099831257533,113
"116",2017,12,7.08666666666667,15,7.4,6.93,6.7,7.55,7.01538461538462,5,10,6,2,13,3241,1423,1818,389,739,2502,7.30381929959889,7.77511370344343,6.93492384488449,7.10439588688946,7.28471387009472,7.3094623501199,114
"117",2018,1,7.07142857142857,21,7.375,6.66666666666667,7,7.375,7,12,9,2,4,17,3262,1435,1827,391,743,2519,7.30232322194972,7.77176780487805,6.93360238095238,7.10386189258312,7.28519993270525,7.30737387852322,115
"118",2018,2,6.86363636363636,11,7.5,6.33333333333333,NA,7,6.85,5,6,0,1,10,3273,1440,1833,391,744,2529,7.30084886953865,7.77082416666667,6.93163750681942,7.10386189258312,7.28481659946237,7.30556536180308,116
"119",2018,3,6.69230769230769,13,7.66666666666667,6.4,6.5,6.25,6.88888888888889,3,10,2,4,9,3286,1443,1843,393,748,2538,7.29844137248935,7.77060762300762,6.92875287574607,7.10078880407124,7.27928282085561,7.30408778565799,117
"120",2018,4,7.27,10,7.8,6.91666666666667,8.1,8,7.0875,4,6,2,2,8,3296,1447,1849,395,750,2546,7.29835508191747,7.77068887353144,6.92871365603029,7.10584810126582,7.28120473333333,7.30340722702278,118
"121",2018,5,7.65,10,8.33333333333333,6.625,5,8,7.61111111111111,6,4,1,1,9,3306,1453,1853,396,751,2555,7.29941873865699,7.77301225051617,6.92805804101457,7.1005303030303,7.28216185086551,7.30449111545988,119
"122",2018,6,7.375,16,7.5,7.25,7.75,6.75,7.46428571428571,8,8,2,2,14,3322,1461,1861,398,753,2569,7.29978276640578,7.77151731690623,6.92944199355186,7.10379396984924,7.2807484063745,7.30536193071234,120
"123",2018,7,6.6875,8,7.33333333333333,6.3,6,NA,6.6875,3,5,1,0,8,3330,1464,1866,399,753,2577,7.29831181681682,7.7706193989071,6.92775538585209,7.1010275689223,7.2807484063745,7.30344384943733,121
"124",2018,8,7.24111111111111,18,7.58333333333333,7.07,7.3,7.428,7.16923076923077,6,12,5,5,13,3348,1470,1878,404,758,2590,7.29800428614098,7.76985496598639,6.9286642971246,7.1034900990099,7.28171972295515,7.30277019305019,122
"125",2018,9,7.22222222222222,9,8,6.6,NA,8,7.125,4,5,0,1,8,3357,1474,1883,404,759,2598,7.29780111706881,7.77047951153324,6.92779158258099,7.1034900990099,7.28266607378129,7.30222278675904,123
"126",2018,10,6.79473684210526,19,7.5,6.28181818181818,6.7,7,6.75625,8,11,3,3,16,3376,1482,1894,407,762,2614,7.29496989040284,7.76901943319838,6.92403988912355,7.10051597051597,7.2815532152231,7.29888094873756,124
"127",2018,11,7.25,10,7.66666666666667,7.07142857142857,7.5,6,7.38888888888889,3,7,1,1,9,3386,1485,1901,408,763,2623,7.29483707914944,7.76881265993266,6.92458261441347,7.10149509803921,7.27987359108781,7.29918978269157,125
"128",2018,12,7.20625,8,7.33,7,7,7.5,7.10833333333333,5,3,1,2,6,3394,1490,1904,409,765,2629,7.29462827047731,7.76734013422819,6.92470144432773,7.10124694376528,7.28044908496732,7.29875420311905,126
"129",2019,1,7.44384615384615,13,8.16166666666667,6.82857142857143,7,7.65,7.26714285714286,6,7,2,6,7,3407,1496,1911,411,771,2636,7.29519763721749,7.76892165775401,6.92434931972789,7.10075425790754,7.28332496757458,7.29867025796661,127
"130",2019,2,7.47,11,7.945,6.9,7.33333333333333,7.585,7.44444444444444,6,5,3,2,9,3418,1502,1916,414,773,2645,7.29576019602106,7.76962503328895,6.9242857776618,7.10243961352657,7.28410549805951,7.29916627599243,128
"131",2019,3,6.91666666666667,12,7.25,6.75,NA,7,6.90909090909091,4,8,0,1,11,3430,1506,1924,414,774,2656,7.2944339212828,7.76824488711819,6.9235610966736,7.10243961352657,7.28373843669251,7.29755075301204,129
"132",2019,4,7.63846153846154,13,7.5625,7.76,8,NA,7.63846153846154,8,5,2,0,13,3443,1514,1929,416,774,2669,7.29573289282602,7.76715772787318,6.92572916018663,7.10675480769231,7.28373843669251,7.29921124016485,130
"133",2019,5,6.91666666666667,6,8.25,6.25,7,8,6.375,2,4,2,2,4,3449,1516,1933,418,776,2673,7.29507345607422,7.76779472295514,6.92433085876875,7.10624401913875,7.28558447164948,7.29782820800598,131
"134",2019,6,6.75,6,7.75,6.25,NA,6,6.9,2,4,0,1,5,3455,1518,1937,418,777,2678,7.29412687409551,7.76777127799736,6.9229383324729,7.10624401913875,7.28392992277992,7.2970854368932,132
"135",2019,7,7.1,10,7,7.25,7,7.875,6.58333333333333,6,4,1,4,6,3465,1524,1941,419,781,2684,7.29356662337662,7.76474855643044,6.92361233900052,7.10599045346062,7.28695717029449,7.29548986587183,133
"136",2019,8,7.1,9,7.475,6.8,7,7,7.12857142857143,4,5,2,2,7,3474,1528,1946,421,783,2691,7.29306515544041,7.76399005235602,6.9232947327852,7.10548693586698,7.286224201788,7.29505566703827,134
"137",2019,9,6.7,10,6.66666666666667,6.71428571428571,6.5,7.5,6.5,3,7,4,2,8,3484,1531,1953,425,785,2699,7.29136290183697,7.76183984323971,6.92254559651818,7.09978823529412,7.28676885350318,7.29269907373101,135
"138",2019,10,7.69,10,7.7,7.66666666666667,NA,9,7.54444444444444,7,3,0,1,9,3494,1538,1956,425,786,2708,7.29250382083572,7.76155838751625,6.92368688650307,7.09978823529412,7.28894853689567,7.29353574593796,136
"139",2019,11,6.99444444444444,18,7.58181818181818,6.07142857142857,6,7,6.99375,11,7,2,2,16,3512,1549,1963,427,788,2724,7.29097618166287,7.7602819883796,6.92064775853286,7.09463700234192,7.28821516497462,7.29177488986784,137
"140",2019,12,7.26153846153846,13,8.15,6.5,7.5,7.25,7.26363636363636,6,7,2,2,11,3525,1555,1970,429,790,2735,7.29086761702128,7.76178572347267,6.91915307106599,7.0965268065268,7.28811841772152,7.29166171846435,138
"141",2020,1,6.33947368421053,19,7.18125,5.72727272727273,6.66666666666667,5.375,6.59666666666667,8,11,3,4,15,3544,1563,1981,432,794,2750,7.28576702878104,7.75881433141395,6.91253485613327,7.09354166666666,7.27848054156171,7.28787083636363,139
"142",2020,2,6.96785714285714,14,8.01,6.38888888888889,6.75,NA,6.96785714285714,5,9,2,0,14,3558,1568,1990,434,794,2764,7.28451611860596,7.75961530612245,6.9101666080402,7.09195852534562,7.27848054156171,7.2862499276411,140
"143",2020,3,7.75,6,7,8.5,NA,7.5,7.875,3,3,0,2,4,3564,1571,1993,434,796,2768,7.28529976150393,7.75816473583704,6.91255973406924,7.09195852534562,7.27903712311558,7.28710072254335,141
"144",2020,4,6.71428571428571,7,7.33333333333333,6.25,5.5,8,6.2,3,4,2,2,5,3571,1574,1997,436,798,2773,7.28418043965276,7.75735501905972,6.9112326239359,7.08465596330275,7.28084404761905,7.28514056978002,142
"145",2020,5,7.18,10,8.05,5.875,6.25,8.53333333333333,6.6,6,4,2,3,7,3581,1580,2001,438,801,2780,7.28388951410221,7.75846632911392,6.9091611944028,7.08084474885845,7.28553501872659,7.28341539568345,143
"146",2020,6,6.835,10,7.95,5.72,NA,6.6,6.86111111111111,5,5,0,1,9,3591,1585,2006,438,802,2789,7.28263947368421,7.7590705362776,6.90619718344965,7.08084474885845,7.28468023690773,7.28205263535317,144
"147",2020,7,6.88125,8,6.96,6.75,NA,6.9,6.87857142857143,5,3,0,1,7,3599,1590,2009,438,803,2796,7.2817472492359,7.75655773584905,6.90596393728223,7.08084474885845,7.28420118306351,7.28104248927038,145
"148",2020,8,6.125,12,6.125,6.125,6.83333333333333,4.375,7,4,8,3,4,8,3611,1594,2017,441,807,2804,7.27790317086679,7.7524634880803,6.90286641051066,7.07916099773242,7.26978135068154,7.28024065620542,146
"149",2020,9,6.94615384615385,13,7.575,6.66666666666667,7,7,6.93636363636364,4,9,1,2,11,3624,1598,2026,442,809,2815,7.27671312086093,7.75201927409261,6.90181715202369,7.07898190045249,7.26911440049444,7.27889690941385,147
"150",2020,10,6.93809523809524,21,7.9,6.45714285714286,7.33333333333333,6.2,7.16875,7,14,3,5,16,3645,1605,2040,445,814,2831,7.27476223593964,7.75266467289719,6.89876546568628,7.08069662921348,7.26254735872236,7.27827439067467,148
"151",2020,11,7.05,18,8.1,6.64615384615385,6.75,NA,7.05,5,13,2,0,18,3663,1610,2053,447,814,2849,7.27365775320775,7.75374335403726,6.89716587920117,7.07921700223713,7.26254735872236,7.27683215163215,149
"152",2020,12,7.04,10,7.2,6.66666666666667,7,7,7.04444444444444,7,3,2,1,9,3673,1617,2056,449,815,2858,7.27302160359379,7.75134619666048,6.89682954766537,7.07886414253897,7.26222521472393,7.27610034989503,150
"153",2021,1,6.22222222222222,27,6.9375,5.92105263157895,6.66666666666667,5.875,6.28260869565217,8,19,6,4,23,3700,1625,2075,455,819,2881,7.26535360810811,7.74733956923077,6.88789472289157,7.07342857142857,7.25545,7.26816896910795,151
"154",2021,2,7.12411764705882,17,8.1,6.59181818181818,5.93333333333333,7.275,7.07769230769231,6,11,3,4,13,3717,1631,2086,458,823,2894,7.26470765402206,7.74863690987124,6.88633343720038,7.06596069868995,7.255545018226,7.26731333794057,152
"155",2021,3,7.15833333333333,12,7.7,6.4,6,NA,7.15833333333333,7,5,2,0,12,3729,1638,2091,460,823,2906,7.26436533923304,7.74842905982906,6.88517051649928,7.06132608695652,7.255545018226,7.2668633172746,153
"156",2021,4,5.3125,8,5.9,4.33333333333333,7,6,5.21428571428571,5,3,1,1,7,3737,1643,2094,461,824,2913,7.26018687449826,7.74280389531345,6.88151458930277,7.06119305856833,7.25402129854369,7.26193093031239,154
"157",2021,5,6.63636363636364,11,6.8,6.5,6,8,6.5,5,6,1,1,10,3748,1648,2100,462,825,2923,7.25835601654216,7.73994344660194,6.88042454761905,7.0588961038961,7.25492551515152,7.25932425590147,155
"158",2021,6,7.21142857142857,7,8,6.896,NA,4,7.74666666666667,2,5,0,1,6,3755,1650,2105,462,826,2929,7.25826853528628,7.74025866666666,6.88046154394299,7.0588961038961,7.25098492736078,7.26032256742916,156
"159",2021,7,6.15,10,6.33333333333333,6.07142857142857,5.5,6,6.16666666666667,3,7,3,1,9,3765,1653,2112,465,827,2938,7.25532492695883,7.73770526315789,6.87778008996212,7.04883870967742,7.24947224909311,7.25697236215112,157
"160",2021,8,6.92857142857143,14,7.41666666666667,6.5625,6,6.2,7.33333333333333,6,8,1,5,9,3779,1659,2120,466,832,2947,7.2541144085737,7.73654418324291,6.87659035377359,7.04658798283262,7.24316532451923,7.25720556498134,158
"161",2021,9,7.41875,8,8.33333333333333,6.87,7.35,7.35,7.42857142857143,3,5,1,1,7,3787,1662,2125,467,833,2954,7.25446219963031,7.73762141997593,6.87657484705882,7.04723768736616,7.24329357743097,7.25761164522681,159
"162",2021,10,7.35,10,7.66666666666667,7.21428571428571,NA,8,7.27777777777778,3,7,0,1,9,3797,1665,2132,467,834,2963,7.254713813537,7.73749357357357,6.87768365384616,7.04723768736616,7.24420089928058,7.25767289908876,160
"163",2021,11,7.48333333333333,12,7.66,7.35714285714286,8,7.6,7.46,5,7,1,2,10,3809,1670,2139,468,836,2973,7.25543406405881,7.73726155688622,6.87925271154745,7.0492735042735,7.24505209330144,7.25835344769593,161
"164",2021,12,5.88,10,7.06,4.7,1,4.5,6.225,5,5,1,2,8,3819,1675,2144,469,838,2981,7.25183250851008,7.73523988059701,6.87417049906716,7.03637526652452,7.23850065632458,7.25558027507548,162
"165",2022,1,6.7,14,7,6.67692307692308,5,6,6.81666666666667,1,13,2,2,12,3833,1676,2157,471,840,2993,7.24981694495173,7.73480119331742,6.87298171070932,7.02772823779193,7.2355518452381,7.25382051453391,163
"166",2022,2,7.26923076923077,13,6.8,7.5625,7,6,7.5,5,8,1,2,11,3846,1681,2165,472,842,3004,7.24988256630265,7.73202070196311,6.87552958429561,7.02766949152542,7.23261704275535,7.25472197070572,164
"167",2022,3,7.15882352941177,17,7.78333333333333,6.81818181818182,7.175,6.76666666666667,7.24285714285714,6,11,4,3,14,3863,1687,2176,476,845,3018,7.24948184053844,7.73220320094843,6.87523968290441,7.02890756302521,7.23096278106509,7.25466693174288,165
"168",2022,4,6.77142857142857,14,7.04285714285714,6.5,NA,7.15,6.70833333333333,7,7,0,2,12,3877,1694,2183,476,847,3030,7.24775557131803,7.7293546635183,6.87403644067797,7.02890756302521,7.23077160566706,7.25250323432343,166
"169",2022,5,6.9375,16,7.5,6.5,6.5,7.375,6.79166666666667,7,9,2,4,12,3893,1701,2192,478,851,3042,7.24648043924994,7.72841081716637,6.87250070711679,7.02669456066945,7.23144952996475,7.25068533859303,167
"170",2022,6,7.08461538461538,13,7.68333333333333,6.57142857142857,7,6.7,7.11666666666667,6,7,2,1,12,3906,1707,2199,480,852,3054,7.24594171786994,7.72825237258348,6.8715423146885,7.02658333333333,7.2308257629108,7.25015874263261,168
"171",2022,7,6.6875,8,5.33333333333333,7.5,NA,NA,6.6875,3,5,0,0,8,3914,1710,2204,480,852,3062,7.24480029381707,7.72405076023391,6.8729680353902,7.02658333333333,7.2308257629108,7.24868870019595,169
"172",2022,8,7.128125,16,8.0625,6.81666666666667,7,9.25,6.98666666666667,4,12,2,1,15,3930,1714,2216,482,853,3077,7.24432527989822,7.72484060676779,6.87266315433213,7.02647302904564,7.2331929073857,7.24741137471563,170
"173",2022,9,7,13,7,7,NA,7.5,6.90909090909091,3,10,0,2,11,3943,1717,2226,482,855,3088,7.24351974384986,7.7235741409435,6.87323519766397,7.02647302904564,7.23381701754386,7.24620621761658,171
"174",2022,10,6.73846153846154,13,7.125,6.56666666666667,6.5,NA,6.73846153846154,4,9,1,0,13,3956,1721,2235,483,855,3101,7.24186004802831,7.72218291690877,6.8720006935123,7.02538302277432,7.23381701754386,7.2440776523702,172
"175",2022,11,6.79090909090909,22,7.2375,6.53571428571429,NA,6.75,6.795,8,14,0,2,20,3978,1729,2249,483,857,3121,7.23936610105581,7.71994031231926,6.86990731436194,7.02538302277432,7.23268792298717,7.24119987183595,173
"176",2022,12,6.92894736842105,19,7.45,6.74285714285714,6.85,7.175,6.86333333333333,5,14,2,4,15,3997,1734,2263,485,861,3136,7.23789050537903,7.71916193771626,6.86912132125497,7.02465979381443,7.23241991869919,7.2393924744898,174
