"","year","month","avg_rating","no_ratings","avg_rating_owned","avg_rating_not_owned","avg_rating_prev_owned","avg_rating_comment","avg_rating_no_comment","no_ratings_owned","no_ratings_not_owned","no_ratings_prev_owned","no_ratings_comment","no_ratings_no_comment","cum_no_ratings","cum_no_ratings_owned","cum_no_ratings_not_owned","cum_no_ratings_prev_owned","cum_no_ratings_comment","cum_no_ratings_no_comment","cum_avg_rating","cum_avg_rating_owned","cum_avg_rating_not_owned","cum_avg_rating_prev_owned","cum_avg_rating_comment","cum_avg_rating_no_comment","month_after_release"
"1",2008,9,5,1,NA,5,NA,NA,5,0,1,0,0,1,1,0,1,0,0,1,5,NA,5,NA,NA,5,-1
"2",2008,10,8.01851851851852,27,8.44444444444444,7.16666666666667,7,8.05,8,18,9,1,10,17,28,18,10,1,10,18,7.91071428571429,8.44444444444444,6.95,7,8.05,7.83333333333333,0
"3",2008,11,8.07887931034483,116,8.67416666666667,7.44107142857143,7.5,7.33333333333333,8.33895348837209,60,56,11,30,86,144,78,66,12,40,104,8.04618055555556,8.62115384615385,7.36666666666667,7.45833333333333,7.5125,8.25144230769231,1
"4",2008,12,7.73928571428571,84,8.20754716981132,6.93870967741935,7,7.43939393939394,7.93333333333333,53,31,1,33,51,228,131,97,13,73,155,7.93311403508772,8.45381679389313,7.22989690721649,7.42307692307692,7.47945205479452,8.14677419354839,2
"5",2009,1,8.17238095238095,105,8.57619047619048,7.56666666666667,8.10714285714286,7.89375,8.34384615384615,63,42,7,40,65,333,194,139,20,113,220,8.00855855855856,8.49355670103093,7.33165467625899,7.6625,7.62610619469027,8.205,3
"6",2009,2,8.14456521739131,92,8.646,7.54761904761905,7.77777777777778,7.90833333333333,8.22794117647059,50,42,9,24,68,425,244,181,29,137,288,8.038,8.52479508196721,7.3817679558011,7.69827586206897,7.67554744525547,8.21041666666667,4
"7",2009,3,7.93488372093023,86,8.75138888888889,7.347,7.925,7.55,8.12068965517241,36,50,4,28,58,511,280,231,33,165,346,8.0206457925636,8.55392857142857,7.37424242424242,7.72575757575758,7.65424242424242,8.19537572254335,5
"8",2009,4,8.04142857142857,140,8.7016393442623,7.53164556962025,7.7,7.58571428571429,8.19333333333333,61,79,5,35,105,651,341,310,38,200,451,8.02511520737327,8.58035190615836,7.41435483870968,7.72236842105263,7.64225,8.19490022172949,6
"9",2009,5,8.34860962566845,187,8.72373831775701,7.846875,7.92727272727273,8.48584905660377,8.29432835820896,107,80,11,53,134,838,448,390,49,253,585,8.0973031026253,8.61459821428572,7.50307692307692,7.76836734693878,7.81897233201581,8.21767521367521,7
"10",2009,6,8.32010204081633,196,8.81392,7.45070422535211,7.25,8.00906976744186,8.40751633986928,125,71,10,43,153,1034,573,461,59,296,738,8.13953578336557,8.65808027923211,7.49501084598698,7.68050847457627,7.84658783783784,8.2570325203252,8
"11",2009,7,8.20663265306122,196,8.58695652173913,7.66666666666667,8.26470588235294,8.17264150943396,8.21923076923077,115,81,17,53,143,1230,688,542,76,349,881,8.15022764227642,8.64619186046512,7.52066420664207,7.81118421052632,7.89610315186246,8.25089670828604,9
"12",2009,8,8.08700564971751,177,8.59719626168224,7.30714285714286,7.13846153846154,7.61351351351351,8.21214285714286,107,70,13,37,140,1407,795,612,89,386,1021,8.14227434257285,8.63959748427673,7.49624183006536,7.71292134831461,7.86901554404145,8.24558276199804,10
"13",2009,9,7.93036458333333,192,8.51935483870968,7.37707070707071,7.29105263157895,7.22085714285714,8.08853503184713,93,99,19,35,157,1599,888,711,108,421,1178,8.11682926829268,8.62700450450451,7.47964838255978,7.6387037037037,7.81513064133017,8.2246519524618,11
"14",2009,10,8.2590243902439,205,8.6218253968254,7.68037974683544,7,7.91170212765957,8.3623417721519,126,79,4,47,158,1804,1014,790,112,468,1336,8.13298780487805,8.62636094674557,7.49972151898734,7.61589285714286,7.82482905982906,8.24093562874251,12
"15",2009,11,8.08004484304933,223,8.56535433070866,7.43802083333333,7.67,7.53870967741936,8.16744791666667,127,96,15,31,192,2027,1141,886,127,499,1528,8.12716329551061,8.61957055214724,7.49303611738149,7.62228346456693,7.80705410821643,8.23170157068063,13
"16",2009,12,7.87252475247525,202,8.39953703703704,7.26702127659574,7.76666666666667,7.855,7.87685185185185,108,94,12,40,162,2229,1249,980,139,539,1690,8.10408703454464,8.60054443554844,7.47135714285714,7.63474820143885,7.81061224489796,8.19768639053254,14
"17",2010,1,8.00220532319392,263,8.37817610062893,7.42740384615385,7.90714285714286,7.90697674418605,8.02081818181818,159,104,14,43,220,2492,1408,1084,153,582,1910,8.09333467094703,8.57543323863636,7.46714022140221,7.65967320261438,7.81773195876289,8.17731413612565,15
"18",2010,2,8.00487012987013,154,8.35253164556962,7.63866666666667,8.38333333333333,7.5037037037037,8.11141732283465,79,75,6,27,127,2646,1487,1159,159,609,2037,8.08818594104308,8.56359112306658,7.47823986194996,7.68698113207547,7.80380952380952,8.17320569464899,16
"19",2010,3,8.19918604651163,172,8.63479591836735,7.6222972972973,7.85833333333333,8.23480769230769,8.18375,98,74,12,52,120,2818,1585,1233,171,661,2157,8.09496096522356,8.56799369085173,7.48688564476886,7.69900584795322,7.83771558245083,8.1737923041261,17
"20",2010,4,8.14875,120,8.49753086419753,7.42435897435897,7.66666666666667,7.9625,8.17740384615385,81,39,6,16,104,2938,1666,1272,177,677,2261,8.09715793056501,8.56456782713085,7.48496855345912,7.69790960451977,7.8406646971935,8.17395842547545,18
"21",2010,5,8.27731092436975,119,8.7472602739726,7.53152173913043,7.5,8.18478260869565,8.29947916666667,73,46,4,23,96,3057,1739,1318,181,700,2357,8.10417075564279,8.57223691776883,7.486593323217,7.69353591160221,7.85197142857143,8.17907085277896,19
"22",2010,6,7.86016260162602,123,8.52727272727273,7.08771929824561,7.55,7.3952380952381,7.95588235294118,66,57,10,21,102,3180,1805,1375,191,721,2459,8.09473270440252,8.57059279778393,7.47005818181818,7.68602094240838,7.83866851595007,8.16981293208621,20
"23",2010,7,8.00867768595041,121,8.5875,7.26603773584906,7.5,7.59464285714286,8.13333333333333,68,53,10,28,93,3301,1873,1428,201,749,2552,8.09157830960315,8.57120662039509,7.46248599439776,7.67676616915423,7.82954606141522,8.16848354231975,21
"24",2010,8,8.25282258064516,124,8.85227272727273,7.57068965517241,8.48571428571429,8.35,8.23413461538462,66,58,14,20,104,3425,1939,1486,215,769,2656,8.09741605839416,8.58077359463641,7.46670928667564,7.72944186046512,7.84308192457737,8.17105421686747,22
"25",2010,9,8.00442477876106,113,8.48529411764706,7.27777777777778,7.83333333333333,8.12380952380952,7.97717391304348,68,45,6,21,92,3538,2007,1531,221,790,2748,8.09444601469757,8.57753861484803,7.46115610711953,7.73226244343891,7.85054430379747,8.16456331877729,23
"26",2010,10,8.11411347517731,141,8.59384615384615,7.241,7.56666666666667,8.32948717948718,8.03176470588235,91,50,6,39,102,3679,2098,1581,227,829,2850,8.0951997825496,8.5782459485224,7.4541935483871,7.72788546255507,7.87307599517491,8.15981052631579,24
"27",2010,11,7.91092372881356,177,8.45519892473118,7.30833333333333,7.28125,7.51930263157895,8.01798561151079,93,84,16,38,139,3856,2191,1665,243,867,2989,8.08674105290456,8.57302304883615,7.44683483483483,7.69847736625514,7.85757035755479,8.15321512211442,25
"28",2010,12,8.03427947598253,229,8.61464285714286,7.12134831460674,7.54736842105263,8.46458333333333,7.92016574585635,140,89,19,48,181,4085,2331,1754,262,915,3170,8.08380012239902,8.57552273702274,7.43031927023945,7.68751908396947,7.88941366120219,8.13990851735016,26
"29",2011,1,8.12791878172589,197,8.64495412844037,7.4875,7.64166666666667,7.91724137931034,8.16428571428571,109,88,12,29,168,4282,2440,1842,274,944,3338,8.08582986921999,8.5786243852459,7.43305103148751,7.68551094890511,7.89026853813559,8.1411354104254,27
"30",2011,2,8.12278048780488,164,8.48591836734694,7.58357575757576,7.19333333333333,8.15553846153846,8.11256,98,66,15,39,125,4446,2538,1908,289,983,3463,8.0871928699955,8.57504472025217,7.43825786163522,7.65996539792388,7.90079298067142,8.14010395610742,28
"31",2011,3,7.928,150,8.69620253164557,7.07323943661972,7.39285714285714,7.82051282051282,7.96576576576577,79,71,14,39,111,4596,2617,1979,303,1022,3574,8.08199728024369,8.5787021398548,7.42516220313289,7.64762376237624,7.8977294520548,8.134689423615,29
"32",2011,4,8.22719298245614,114,8.62361111111111,7.54761904761905,8,8.442,8.16685393258427,72,42,5,25,89,4710,2689,2021,308,1047,3663,8.08551157112526,8.5799046113797,7.4277070757051,7.65334415584416,7.91072540592168,8.13547092547092,30
"33",2011,5,7.85576923076923,156,8.58734939759036,7.02397260273973,6.58333333333333,7.17857142857143,7.96111111111111,83,73,6,21,135,4866,2772,2094,314,1068,3798,8.07814621866009,8.58012752525253,7.41363228271251,7.63289808917197,7.89632911985019,8.12927330173776,31
"34",2011,6,7.85217391304348,115,8.34193548387097,7.27924528301887,7.45,8.04761904761905,7.80851063829787,62,53,10,21,94,4981,2834,2147,324,1089,3892,8.0729290303152,8.57491654904728,7.41031485794131,7.62725308641975,7.89924655647383,8.12152620760534,32
"35",2011,7,7.94347826086956,115,8.48947368421053,7.40689655172414,7.71428571428571,7.535,8.02947368421053,57,58,7,20,95,5096,2891,2205,331,1109,3987,8.07000775117739,8.57323192666897,7.41022494331066,7.62909365558912,7.89267763751127,8.11933283170304,33
"36",2011,8,8.15000793650794,126,8.43736144578313,7.5953488372093,8.44444444444444,8.53440625,8.01914893617021,83,43,9,32,94,5222,2974,2248,340,1141,4081,8.07193805055534,8.56943997982515,7.41376601423487,7.65067647058824,7.91067528483786,8.11702523891203,34
"37",2011,9,8.17857142857143,119,8.63840579710145,7.544,7.68333333333333,8.33913043478261,8.14010416666667,69,50,12,23,96,5341,3043,2298,352,1164,4177,8.07431389252949,8.5710037791653,7.41659965187119,7.65178977272727,7.91914132302406,8.11755566195834,35
"38",2011,10,8.075,144,8.642,7.45869565217391,6.84545454545455,7.975,8.09303278688525,75,69,11,22,122,5485,3118,2367,363,1186,4299,8.07433190519599,8.57271151379089,7.41782678495986,7.62735537190083,7.92017748735245,8.11685973482205,36
"39",2011,11,8.05,163,8.52083333333333,7.37537313432836,7.525,8.34761904761905,8.00598591549296,96,67,20,21,142,5648,3214,2434,383,1207,4441,8.07362969192635,8.57116194772869,7.41665817584223,7.62201044386423,7.92761433305717,8.11331456879081,37
"40",2011,12,7.8113475177305,141,8.30844155844156,7.21328125,7.61538461538461,7.70689655172414,7.83839285714286,77,64,13,29,112,5789,3291,2498,396,1236,4553,8.06724140611505,8.56501504102097,7.41144755804644,7.62179292929293,7.92243567961165,8.10655172413793,38
"41",2012,1,8.05875598086124,209,8.59983606557377,7.3,7.47647058823529,8.23075,8.01804733727811,122,87,17,40,169,5998,3413,2585,413,1276,4722,8.06694573191064,8.56625974216232,7.40769671179884,7.61581113801453,7.93210070532915,8.10338415925455,39
"42",2012,2,8.22420382165605,157,8.65148514851485,7.45357142857143,7.54545454545455,7.68529411764706,8.37317073170732,101,56,11,34,123,6155,3514,2641,424,1310,4845,8.07095702680748,8.56870930563461,7.40866944339265,7.6139858490566,7.92569503816794,8.11023323013416,40
"43",2012,3,8.04728682170543,129,8.39277108433735,7.42391304347826,7.64285714285714,8.42857142857143,7.94158415841584,83,46,7,28,101,6284,3597,2687,431,1338,4946,8.07047111712285,8.56464956908535,7.40893040565687,7.61445475638051,7.93621860986547,8.10678932470683,41
"44",2012,4,7.89870689655172,116,8.46384615384615,7.17843137254902,7.57692307692308,7.76875,7.9195,65,51,13,16,100,6400,3662,2738,444,1354,5046,8.067357890625,8.56286032222829,7.40463696128561,7.61335585585586,7.93423966026588,8.10307768529528,42
"45",2012,5,8.09327731092437,119,8.54166666666667,7.4063829787234,8.7,8.65,7.9875,72,47,3,19,100,6519,3734,2785,447,1373,5146,8.06783103236693,8.56245166041779,7.40466642728905,7.62064876957494,7.94414457392571,8.10083171395258,43
"46",2012,6,7.9891156462585,147,8.35340909090909,7.44576271186441,7.64285714285714,8.195,7.95669291338583,88,59,14,20,127,6666,3822,2844,461,1393,5273,8.06609518451845,8.5576385400314,7.40551898734177,7.62132321041215,7.94774623115578,8.09736013654466,44
"47",2012,7,8.08697183098591,142,8.52530864197531,7.50491803278689,7.2,7.559375,8.24045454545455,81,61,10,32,110,6808,3903,2905,471,1425,5383,8.06653062573443,8.55696758903408,7.40760619621342,7.61237791932059,7.9390249122807,8.10028422812558,45
"48",2012,8,8.08119047619048,126,8.49287878787879,7.62833333333333,7.7,8.22727272727273,8.06721739130435,66,60,5,11,115,6934,3969,2965,476,1436,5498,8.06679701471013,8.55590186444949,7.41207284991568,7.61329831932773,7.94123293871866,8.09959257911968,46
"49",2012,9,7.85487804878049,123,8.39924242424242,7.22456140350877,7.63333333333333,7.82068965517241,7.86542553191489,66,57,6,29,94,7057,4035,3022,482,1465,5592,8.06310337253791,8.55333940520446,7.40853606882859,7.61354771784232,7.93884675767918,8.09565629470672,47
"50",2012,10,7.99459459459459,185,8.50090909090909,7.252,7.02857142857143,7.51081081081081,8.11554054054054,110,75,14,37,148,7242,4145,3097,496,1502,5740,8.06135328638498,8.55194800965018,7.40474523732644,7.59703629032258,7.92830259653795,8.09616898954703,48
"51",2012,11,7.988125,160,8.46708860759494,7.52098765432099,7.58333333333333,7.79032258064516,8.03565891472868,79,81,21,31,129,7402,4224,3178,517,1533,5869,8.05977039989192,8.55036091382576,7.40770799244808,7.59647969052224,7.92551239399869,8.0948389844948,49
"52",2012,12,7.89766666666667,150,8.31648351648352,7.25169491525424,7.46153846153846,8.22222222222222,7.82642276422764,91,59,13,27,123,7552,4315,3237,530,1560,5992,8.05655064883475,8.54542862108923,7.40486438059932,7.59316981132076,7.93064775641025,8.08932910547396,50
"53",2013,1,7.9781862745098,204,8.39318181818182,7.49255319148936,7.385,7.975,7.97886904761905,110,94,20,36,168,7756,4425,3331,550,1596,6160,8.05448949200619,8.54164395480226,7.40733893725608,7.5856,7.93164818295739,8.08631655844155,51
"54",2013,2,7.81165605095541,157,8.4,7.31329411764706,8.20833333333333,7.59,7.85769230769231,72,85,12,27,130,7913,4497,3416,562,1623,6290,8.04967148995324,8.53937613964866,7.40499882903981,7.59889679715302,7.92596457178065,8.08159141494435,52
"55",2013,3,7.9646303030303,165,8.44278350515464,7.28255882352941,7.9605,7.76607407407407,8.00347826086957,97,68,8,27,138,8078,4594,3484,570,1650,6428,8.04793445159693,8.53733663474097,7.40260907003444,7.60397192982456,7.92334818181818,8.07991443683883,53
"56",2013,4,7.77934375,160,8.31851190476191,7.18342105263158,7.27722222222222,7.4996,7.83114814814815,84,76,18,25,135,8238,4678,3560,588,1675,6563,8.04271783199806,8.53340733219325,7.3979297752809,7.5939693877551,7.91702358208955,8.07479734877342,54
"57",2013,5,7.89858208955224,134,8.48246753246753,7.10982456140351,7.5,7.81785714285714,7.91990566037736,77,57,5,28,106,8372,4755,3617,593,1703,6669,8.04041083373149,8.53258243953733,7.39338954935029,7.59317706576728,7.91539312977099,8.07233543259859,55
"58",2013,6,7.63992537313433,134,8.12847222222222,7.07258064516129,7.21875,7.5,7.66741071428571,72,62,16,22,112,8506,4827,3679,609,1725,6781,8.03410175170468,8.5265546923555,7.38798314759445,7.58333990147783,7.91009536231884,8.06564739713906,56
"59",2013,7,8.04216867469879,166,8.71098901098901,7.23066666666667,7.79411764705882,8.18125,8.0089552238806,91,75,17,32,134,8672,4918,3754,626,1757,6915,8.03425616928045,8.52996736478243,7.38484017048482,7.58906389776358,7.91503386454183,8.06454880694143,57
"60",2013,8,7.83219178082192,146,8.48311688311688,7.10579710144928,6.66666666666667,7.55,7.9051724137931,77,69,9,30,116,8818,4995,3823,635,1787,7031,8.03091058063053,8.52924514514515,7.37980381899032,7.5759905511811,7.90890570789032,8.0619193571327,58
"61",2013,9,7.94801324503311,151,8.52901234567901,7.27571428571429,7.55,8.22222222222222,7.8883064516129,81,70,10,27,124,8969,5076,3893,645,1814,7155,8.0295149403501,8.52924143026005,7.37793218597483,7.57558759689922,7.91356918412348,8.05891055206149,59
"62",2013,10,7.94156626506024,166,8.60416666666667,7.03285714285714,6.7,8.12692307692308,7.90714285714286,96,70,10,26,140,9135,5172,3963,655,1840,7295,8.02791674876848,8.53063215390565,7.37183699217764,7.56221984732824,7.9165839673913,8.05599794379712,60
"63",2013,11,7.85793650793651,189,8.29134615384615,7.32764705882353,7.8125,8.27291666666667,7.79757575757576,104,85,20,24,165,9324,5276,4048,675,1864,7460,8.02447120334621,8.52591537149356,7.37090909090909,7.56963555555556,7.92117194206008,8.05028217158177,61
"64",2013,12,7.62165605095541,157,8.24935064935065,7.0175,7.07692307692308,8.14074074074074,7.51384615384615,77,80,13,27,130,9481,5353,4128,688,1891,7590,8.01780081215062,8.52193713805343,7.36406007751938,7.56032558139535,7.92430698043363,8.04109420289855,62
"65",2014,1,7.9462441314554,213,8.54475806451613,7.1123595505618,7.5,7.98513513513513,7.93806818181818,124,89,14,37,176,9694,5477,4217,702,1928,7766,8.01622854342893,8.52245380682856,7.35874792506521,7.55912250712251,7.92547432572614,8.03875933556528,63
"66",2014,2,7.88736559139785,186,8.4321052631579,7.31868131868132,7.67647058823529,7.73333333333333,7.9069696969697,95,91,17,21,165,9880,5572,4308,719,1949,7931,8.01380258097166,8.5209134063173,7.35790157845868,7.56189707927677,7.9234040533607,8.03601752616316,64
"67",2014,3,7.86583850931677,161,8.374375,7.36358024691358,7.39166666666667,7.88,7.86323529411765,80,81,12,25,136,10041,5652,4389,731,1974,8067,8.01143008664476,8.51883926043878,7.35800637958533,7.55910259917921,7.92285435663627,8.03310462377588,65
"68",2014,4,7.64285714285714,140,8.38787878787879,6.97837837837838,6.85,7.19,7.71833333333333,66,74,14,20,120,10181,5718,4463,745,1994,8187,8.00636180139476,8.51732764952781,7.35171185301367,7.54577718120805,7.91550376128385,8.02849090020765,66
"69",2014,5,7.7624,125,8.53253968253968,6.97983870967742,6.64375,7.88571428571429,7.7375,63,62,16,21,104,10306,5781,4525,761,2015,8291,8.00340282359791,8.51749342674278,7.34661657458563,7.52681208935611,7.91519330024814,8.0248407912194,67
"70",2014,6,8.00282258064516,124,8.40859375,7.57,7.671875,7.90277777777778,8.01981132075472,64,60,16,18,106,10430,5845,4585,777,2033,8397,8.00339592521573,8.51630102651839,7.34953980370774,7.52979922779923,7.91508337432366,8.02477730141717,68
"71",2014,7,7.9953488372093,129,8.55492957746479,7.31034482758621,7.625,7.81764705882353,8.02232142857143,71,58,8,17,112,10559,5916,4643,785,2050,8509,8.00329761341037,8.51676462136579,7.34905018307129,7.53076942675159,7.91427536585366,8.02474497590786,69
"72",2014,8,7.80986842105263,152,8.27011494252874,7.19384615384615,6.825,7.35217391304348,7.89147286821705,87,65,10,23,129,10711,6003,4708,795,2073,8638,8.00055265614789,8.51318998833917,7.34690739167374,7.52189182389937,7.90803883260974,8.02275468858532,70
"73",2014,9,7.91677631578947,152,8.54135802469136,7.20422535211268,6.69285714285714,7.39166666666667,8.015234375,81,71,14,24,128,10863,6084,4779,809,2097,8766,7.99938041977355,8.51356500657462,7.34478761247123,7.50754511742892,7.90212899380067,8.02264487793749,71
"74",2014,10,7.86210191082803,157,8.40182926829268,7.272,7.59090909090909,7.41379310344828,7.963671875,82,75,11,29,128,11020,6166,4854,820,2126,8894,7.9974246370236,8.51207906260136,7.34366295838484,7.50866341463415,7.89546777986829,8.02179615471104,72
"75",2014,11,7.95610465116279,172,8.36485148514851,7.37464788732394,7.2,8.00416666666667,7.94831081081081,101,71,15,24,148,11192,6267,4925,835,2150,9042,7.99678962651895,8.50970631881283,7.34410964467005,7.50311856287425,7.89668116279069,8.02059334218094,73
"76",2014,12,7.99521472392638,163,8.3719801980198,7.38145161290323,7.52,8.67777777777778,7.85970588235294,101,62,15,27,136,11355,6368,4987,850,2177,9178,7.9967670189344,8.50752190640704,7.34457389211951,7.50341647058823,7.90636862655029,8.01820930485945,74
"77",2015,1,8.03374881516588,211,8.419296875,7.4391686746988,6.90008333333333,7.59658620689655,8.10340659340659,128,83,12,29,182,11566,6496,5070,862,2206,9360,7.99744168251773,8.50578348214286,7.3461224852071,7.49501740139211,7.90229623753399,8.01986591880342,75
"78",2015,2,7.92295597484277,159,8.43865979381443,7.11612903225806,7.24375,8.17045454545454,7.88321167883212,97,62,16,22,137,11725,6593,5132,878,2228,9497,7.99643159914713,8.50479591991506,7.34334392049883,7.49043849658314,7.90494412028725,8.0178945982942,76
"79",2015,3,8.11429936305733,157,8.55257731958763,7.40575,7.84225,8.52708333333333,8.03981203007519,97,60,20,24,133,11882,6690,5192,898,2252,9630,7.99798901700051,8.50548871449925,7.34406510015408,7.49827394209354,7.91157437833037,8.01819730010384,77
"80",2015,4,7.63673469387755,147,8.29166666666667,6.76349206349206,7.18823529411765,7.34117647058823,7.67538461538462,84,63,17,17,130,12029,6774,5255,915,2269,9760,7.99357432039239,8.50283724534987,7.33710485252141,7.49251366120219,7.90730079330101,8.01363114754098,78
"81",2015,5,7.84604316546763,139,8.51911764705882,7.20140845070423,6.09090909090909,8.05,7.81951219512195,68,71,11,16,123,12168,6842,5326,926,2285,9883,7.99188901216306,8.50299904998539,7.33529590687195,7.47586393088553,7.9083,8.0112152180512,79
"82",2015,6,7.77217741935484,124,8.36328125,7.14166666666667,7.12,7.86875,7.75787037037037,64,60,10,16,108,12292,6906,5386,936,2301,9991,7.98967259192972,8.50170424268752,7.33313887857408,7.47206196581197,7.90802498913516,8.00847662896607,80
"83",2015,7,7.80961538461538,130,8.35845070422535,7.14915254237288,7.25,7.25,7.94951923076923,71,59,12,26,104,12422,6977,5445,948,2327,10095,7.98778823860893,8.50024645263007,7.33114527089072,7.46925105485232,7.90067275461968,8.00786924219911,81
"84",2015,8,7.60058479532164,171,8.21573033707865,6.93292682926829,7.01111111111111,7.67432432432432,7.58022388059702,89,82,18,37,134,12593,7066,5527,966,2364,10229,7.98253041372192,8.49666282196434,7.32523719920391,7.46071428571428,7.89713007614213,8.00226708378141,82
"85",2015,9,7.81234375,128,8.29323943661972,7.21333333333333,7.63416666666667,8.13888888888889,7.75890909090909,71,57,12,18,110,12721,7137,5584,978,2382,10339,7.98081797814638,8.49463913408995,7.32409491404011,7.46284253578732,7.89895696893367,7.99967791856079,83
"86",2015,10,7.79135135135135,148,8.25402298850575,7.13147540983607,7.51882352941176,7.822,7.7835593220339,87,61,17,30,118,12869,7224,5645,995,2412,10457,7.97863901624058,8.4917413482835,7.32201346324181,7.46379899497487,7.89799979270315,7.99723916993402,84
"87",2015,11,7.64542857142857,175,8.21818181818182,6.89934210526316,7.41875,7.90416666666667,7.60430463576159,99,76,16,24,151,13044,7323,5721,1011,2436,10608,7.97416862158848,8.48804308343575,7.31639853172522,7.46308605341246,7.8980605500821,7.99164592760181,85
"88",2015,12,7.73781516587678,211,8.20954867256637,7.19387755102041,7.37894736842105,7.74074074074074,7.73738586956522,113,98,19,27,184,13255,7436,5819,1030,2463,10792,7.9704062240664,8.48381098708983,7.31433510912528,7.46153398058252,7.89633597239139,7.98731087842847,86
"89",2016,1,7.62378723404255,235,8.21030769230769,6.89761904761905,7.18823529411765,7.75735294117647,7.60119402985075,130,105,17,34,201,13490,7566,5924,1047,2497,10993,7.96436801334322,8.47911161776368,7.3069490209318,7.4570964660936,7.89444353223868,7.98025097789502,87
"90",2016,2,7.70376344086022,186,8.30670103092783,7.04662921348315,7.0675,7.44375,7.75779220779221,97,89,20,32,154,13676,7663,6013,1067,2529,11147,7.96082366920153,8.47692920527209,7.30309595875603,7.44979381443299,7.88874080664294,7.97717762626716,88
"91",2016,3,7.65939393939394,165,8.11505376344086,7.07083333333333,6.79166666666667,7.75,7.64397163120567,93,72,12,24,141,13841,7756,6085,1079,2553,11288,7.9572302940539,8.47259005930892,7.30034774034511,7.44247451343837,7.88743654524089,7.97301550318923,89
"92",2016,4,7.92515923566879,157,8.46802325581395,7.26760563380282,7.35714285714286,7.9962962962963,7.91038461538462,86,71,14,27,130,13998,7842,6156,1093,2580,11418,7.95687058865553,8.47253997704667,7.29997011046134,7.44138151875572,7.8885757751938,7.97230241723594,90
"93",2016,5,7.95647798742138,159,8.28670212765957,7.47892307692308,7.91176470588235,7.97241379310345,7.95292307692308,94,65,17,29,130,14157,7936,6221,1110,2609,11548,7.95686617927528,8.47033877268145,7.30183989712265,7.44858558558558,7.88950766577233,7.9720842570142,91
"94",2016,6,7.94125,160,8.36363636363636,7.25573770491803,7.64,7.89047619047619,7.94892086330935,99,61,10,21,139,14317,8035,6282,1120,2630,11687,7.95669166026403,8.46902408214063,7.30139223177332,7.45029464285714,7.88951539923954,7.97180876187217,92
"95",2016,7,7.68021276595745,141,8.21680555555556,7.12028985507246,7.68181818181818,7.47083333333333,7.72316239316239,72,69,11,24,117,14458,8107,6351,1131,2654,11804,7.95399533130447,8.46678407549031,7.29942465753425,7.45254641909814,7.88572927656368,7.96934420535412,93
"96",2016,8,7.74124293785311,177,8.26022727272727,7.22808988764045,7.17307692307692,7.7375,7.74194630872483,88,89,13,28,149,14635,8195,6440,1144,2682,11953,7.9514222412026,8.46456601586333,7.29843881987578,7.44937062937063,7.88418176733781,7.96650957918514,94
"97",2016,9,7.86205555555556,180,8.20633027522936,7.33352112676056,7.22333333333333,8.14423076923077,7.81441558441558,109,71,12,26,154,14815,8304,6511,1156,2708,12107,7.95033644954439,8.46117636078998,7.29882137920442,7.44702422145329,7.8866785450517,7.96457495663666,95
"98",2016,10,7.6661724137931,174,8.17540206185567,7.02467532467533,7.14736842105263,7.64333333333333,7.67093055555556,97,77,19,30,144,14989,8401,6588,1175,2738,12251,7.94703772766696,8.45787674086418,7.29561718275653,7.44217872340425,7.88401223520818,7.96112341849645,96
"99",2016,11,7.66604651162791,215,8.1125,7.10210526315789,7.4,7.69259259259259,7.66223404255319,120,95,10,27,188,15204,8521,6683,1185,2765,12439,7.94306422651934,8.45301285060439,7.29286637737543,7.44182278481012,7.88214303797468,7.95660607765898,97
"100",2016,12,7.6902397260274,146,8.21970588235294,6.95245901639344,6.79166666666667,8.1202380952381,7.618,85,61,12,21,125,15350,8606,6744,1197,2786,12564,7.94065951140066,8.4507085173135,7.28978736654804,7.43530492898914,7.88393772433597,7.95323726520217,98
"101",2017,1,7.7909756097561,205,8.325,7.2621359223301,7.2,8.18928571428571,7.72796610169492,102,103,25,28,177,15555,8708,6847,1222,2814,12741,7.9386868209579,8.44923604731281,7.28937140353439,7.43049099836334,7.88697601279318,7.95010776234205,99
"102",2017,2,7.69619883040936,171,8.18526315789474,7.08486842105263,6.95,7.66666666666667,7.70102040816327,95,76,12,24,147,15726,8803,6923,1234,2838,12888,7.93605007630676,8.44638731114393,7.28712639029322,7.42581847649919,7.885112931642,7.94726668218498,100
"103",2017,3,7.59853333333333,150,8.18692307692308,6.96111111111111,7.40384615384615,7.85277777777778,7.56386363636364,78,72,13,18,132,15876,8881,6995,1247,2856,13020,7.93286114260519,8.44410849003491,7.28377069335239,7.42558941459503,7.88490913865546,7.94337964669739,101
"104",2017,4,7.67533783783784,148,8.27012987012987,7.03028169014085,6.62,7.359375,7.71363636363636,77,71,15,16,132,16024,8958,7066,1262,2872,13152,7.93048261982027,8.44261302746149,7.28122360600056,7.41601426307448,7.88198137186629,7.94107382907543,102
"105",2017,5,7.69676258992806,139,8.24210526315789,7.03888888888889,6.62727272727273,7.8725,7.6672268907563,76,63,11,20,119,16163,9034,7129,1273,2892,13271,7.92847265359154,8.44092622315696,7.27908205919484,7.40919874312647,7.881915802213,7.9386182653907,103
"106",2017,6,7.94978651685393,178,8.36492592592593,7.30928571428571,7.5,8.14423076923077,7.91652631578947,108,70,6,26,152,16341,9142,7199,1279,2918,13423,7.92870482222631,8.44002838547364,7.27937574663147,7.40962470680219,7.88425308430432,7.93836809953066,104
"107",2017,7,7.69046242774566,173,8.25612244897959,6.95133333333333,7.54705882352941,7.66666666666667,7.69375,98,75,17,21,152,16514,9240,7274,1296,2939,13575,7.92620900448105,8.43807786796537,7.2759934011548,7.4114274691358,7.88269836679143,7.93562909760589,105
"108",2017,8,7.61015625,192,8.20663461538462,6.90522727272727,7.1455,7.11458333333333,7.68095238095238,104,88,20,24,168,16706,9344,7362,1316,2963,13743,7.92257664910811,8.43550187285959,7.27156153219234,7.40738601823708,7.87647671279109,7.93251582623881,106
"109",2017,9,7.7975247029703,202,8.28490556603774,7.259375,7.30666666666667,7.72758620689655,7.80924849710983,106,96,15,29,173,16908,9450,7458,1331,2992,13916,7.92108265259049,8.43381264444444,7.27140466613033,7.4062509391435,7.87503358957219,7.93098339968382,107
"110",2017,10,7.58587264150943,212,8.14620535714286,6.9583,7.075,8.31666666666667,7.49257978723404,112,100,20,24,188,17120,9562,7558,1351,3016,14104,7.9169316875,8.4304438914453,7.26726197406721,7.40134715025906,7.87854791114058,7.92513967597845,108
"111",2017,11,7.69182572614108,241,8.30815384615385,6.97,7.39074074074074,8.02857142857143,7.63461165048544,130,111,27,35,206,17361,9692,7669,1378,3051,14310,7.91380683658776,8.42880359987619,7.26295944712479,7.40113933236574,7.88026892822025,7.92095737176799,109
"112",2017,12,7.74240506329114,237,8.34153846153846,7.01448598130841,7.45833333333333,7.47586206896552,7.77956730769231,130,107,24,29,208,17598,9822,7776,1402,3080,14518,7.91149849357882,8.42764859397271,7.25954038065844,7.40211840228245,7.8764612012987,7.91893167034027,110
"113",2018,1,7.78941245136187,257,8.4334,7.07680327868852,6.869,7.82863636363636,7.78130985915493,135,122,30,44,213,17855,9957,7898,1432,3124,14731,7.90974122038645,8.42772657326504,7.25671765003798,7.39094972067039,7.87578761203585,7.9169417548028,111
"114",2018,2,7.85935828877005,187,8.20045045045045,7.36118421052632,7.00666666666667,7.92380952380952,7.85120481927711,111,76,15,21,166,18042,10068,7974,1447,3145,14897,7.90921901618446,8.42522084723878,7.25771331828442,7.38696613683483,7.87610826709062,7.9162092360878,112
"115",2018,3,7.7834438121547,181,8.37389473684211,7.13120151162791,7.51388888888889,7.91740740740741,7.75995668831169,95,86,18,27,154,18223,10163,8060,1465,3172,15051,7.90796975360808,8.42474106956607,7.25636344044665,7.38852559726962,7.87645980453972,7.91461047903794,113
"116",2018,4,7.73577669902913,206,8.20631147540984,7.05238095238095,7.40666666666667,7.85428571428571,7.72232432432432,122,84,15,21,185,18429,10285,8144,1480,3193,15236,7.90604497368279,8.42215007194944,7.25425949533399,7.38870945945946,7.87631396805512,7.91227568390654,114
"117",2018,5,7.73233502538071,197,8.30432989690722,7.1775,6.96428571428571,8.6,7.64508379888268,97,100,14,18,179,18626,10382,8244,1494,3211,15415,7.90420771072694,8.42104926700058,7.25332840004852,7.38473226238286,7.88037075677359,7.90917303405774,115
"118",2018,6,7.74487804878049,164,8.26363636363636,7.14421052631579,7.09090909090909,7.75277777777778,7.74390410958904,88,76,11,18,146,18790,10470,8320,1505,3229,15561,7.90281707397552,8.41972621680993,7.25233165024038,7.38258471760797,7.87965949210282,7.90762240987083,116
"119",2018,7,7.91664596273292,161,8.46551724137931,7.27135135135135,7.305,7.45227272727273,7.99014388489209,87,74,20,22,139,18951,10557,8394,1525,3251,15700,7.90293455859849,8.42010357961542,7.25249932451751,7.38156721311475,7.8767673023685,7.90835301401274,117
"120",2018,8,7.62955801104972,181,8.15833333333333,7.03235294117647,7.21764705882353,7.41724137931034,7.67006578947368,96,85,17,29,152,19132,10653,8479,1542,3280,15852,7.90034825527912,8.41774462498826,7.25029240830287,7.37976005188067,7.87270442073171,7.90606815039112,118
"121",2018,9,7.78522058823529,136,8.24507042253521,7.28292307692308,6.49,7.98333333333333,7.76066115702479,71,65,16,15,121,19268,10724,8544,1558,3295,15973,7.89953564563006,8.4166014071242,7.25054065191947,7.37062259306803,7.87320804248862,7.90496665122394,119
"122",2018,10,7.76641542713568,199,8.19767762295082,7.08311688311688,7.19285714285714,7.70689655172414,7.77656864705882,122,77,14,29,170,19467,10846,8621,1572,3324,16143,7.89817483382134,8.41413886778536,7.24904527665004,7.36903944020356,7.87175706979543,7.90361450721675,120
"123",2018,11,7.64724197969543,197,8.13171524271845,7.1163829787234,7.0047619047619,7.08823529411765,7.76384460122699,103,94,21,34,163,19664,10949,8715,1593,3358,16306,7.89566091131001,8.411482037629,7.24761438095238,7.36423728813559,7.86382385348421,7.90221732245799,121
"124",2018,12,7.75771276595745,188,8.26545454545455,7.04166666666667,7.04473684210526,7.88333333333333,7.73932926829268,110,78,19,24,164,19852,11059,8793,1612,3382,16470,7.89435453153335,8.410029553305,7.24578748208802,7.36047146401985,7.86396230041395,7.90059536490589,122
"125",2019,1,7.69205761316872,243,8.1725,7.08140186915888,7.13740740740741,7.47692307692308,7.71783410138249,136,107,27,26,217,20095,11195,8900,1639,3408,16687,7.89190824384176,8.4071439776686,7.24381116067416,7.35679682733374,7.86100953638497,7.89821871277042,123
"126",2019,2,7.7607595480226,177,8.21653659574468,7.24457831325301,7.56315789473684,7.55,7.78461911949686,94,83,19,18,159,20272,11289,8983,1658,3426,16846,7.89076315114444,8.40555684914518,7.24381824891462,7.35916164053076,7.85937551079977,7.89714650955716,124
"127",2019,3,7.79129032258064,186,8.18373737373737,7.34471264367816,7.14285714285714,7.28612903225806,7.89232258064516,99,87,14,31,155,20458,11388,9070,1672,3457,17001,7.88985876429759,8.40362849227256,7.24478603417861,7.3573504784689,7.85423503037315,7.89710252926298,125
"128",2019,4,7.6382617791411,163,8.17743298850575,7.02105263157895,7.01875,7.71521739130435,7.62561907142857,87,76,16,23,140,20621,11475,9146,1688,3480,17141,7.88787000000001,8.40191354596949,7.24292688935054,7.35414099526066,7.85331623563218,7.89488517414386,126
"129",2019,5,7.91686666666667,150,8.36011904761905,7.35272727272727,6.99285714285714,7.36954545454545,8.0109375,84,66,14,22,128,20771,11559,9212,1702,3502,17269,7.88807940253238,8.40160982264901,7.24371356165871,7.35116921269095,7.8502771273558,7.89574536857953,127
"130",2019,6,7.67901960784314,153,8.14255319148936,6.94050847457627,6.61538461538461,7.66666666666667,7.68066666666667,94,59,13,18,135,20924,11653,9271,1715,3520,17404,7.88655072022558,8.39952011842444,7.24178398554633,7.34559183673469,7.84933821022727,7.89407703803723,128
"131",2019,7,7.77216477011494,174,8.26788782178218,7.08630136986301,6.93846153846154,7.57692307692308,7.80646398648649,101,73,13,26,148,21098,11754,9344,1728,3546,17552,7.88560735330364,8.39838902586353,7.2405692776113,7.34252893518518,7.84734080654258,7.89333827711942,129
"132",2019,8,7.7280619047619,210,8.10841129032258,7.1796511627907,7.01,7.87407407407407,7.70651912568306,124,86,15,27,183,21308,11878,9430,1743,3573,17735,7.8840546714849,8.39536181259471,7.24001371474019,7.33966724039013,7.84754282115869,7.89141056893149,130
"133",2019,9,7.7987249726776,183,8.24851485148515,7.24471548780488,7.21666666666667,7.88652173913044,7.7861041875,101,82,18,23,160,21491,11979,9512,1761,3596,17895,7.8833280726816,8.3941236839469,7.24005424726661,7.33840999432141,7.8477921301446,7.89046901983794,131
"134",2019,10,7.762671875,192,8.23491666666667,7.1555,7.23157894736842,7.37407407407407,7.82626060606061,108,84,19,27,165,21683,12087,9596,1780,3623,18060,7.88225967855002,8.39270113427649,7.23931408920384,7.33726966292135,7.84426179961358,7.88988239811739,132
"135",2019,11,7.53646766169154,201,8.16150943396226,6.83905263157895,6.8125,7.87285714285714,7.49722222222222,106,95,20,21,180,21884,12193,9691,1800,3644,18240,7.87908365061233,8.39069126630033,7.23539036219173,7.33143888888889,7.84442659165752,7.88600746217105,133
"136",2019,12,7.75752631578947,190,8.33663636363636,6.96125,7.44761904761905,8,7.72577380952381,110,80,21,22,168,22074,12303,9771,1821,3666,18408,7.87803735661865,8.39020796634967,7.23314583972981,7.33277869302581,7.84536020185488,7.88454509506736,134
"137",2020,1,7.78987208633094,278,8.38112630136986,7.13590909090909,6.6625,8.03235294117647,7.7560837704918,146,132,24,34,244,22352,12449,9903,1845,3700,18652,7.87694081290265,8.39010145794843,7.23184974250227,7.3240596205962,7.84707851351351,7.8828646016513,135
"138",2020,2,7.76390514644351,239,8.24954298387097,7.24026086956522,6.65789473684211,8.06923076923077,7.72663535211268,124,115,19,26,213,22591,12573,10018,1864,3726,18865,7.87574495949715,8.38871521355285,7.231946296666,7.31726931330472,7.84862869028449,7.88110065624172,136
"139",2020,3,7.8139,200,8.37544642857143,7.09920454545455,7.0125,7.85526315789474,7.80955801104972,112,88,16,19,181,22791,12685,10106,1880,3745,19046,7.87520224562328,8.38859805912495,7.23079042153176,7.31467553191489,7.84866234979973,7.88042076446498,137
"140",2020,4,7.7425,200,8.225,7.04817073170732,7.33,7.60588235294118,7.7551912568306,118,82,15,17,183,22991,12803,10188,1895,3762,19229,7.87404786133705,8.38709024291182,7.2293205732234,7.31479683377309,7.84756525784157,7.87922897082532,138
"141",2020,5,7.62745248704663,193,8.00453027272727,7.12771084337349,6.79545454545455,7.81666666666667,7.60435075581395,110,83,22,21,172,23184,12913,10271,1917,3783,19401,7.87199502717392,8.38383138774878,7.22849946451173,7.30883672404799,7.84739373513085,7.87679203185403,139
"142",2020,6,7.96607954545455,176,8.49789473684211,7.34234567901235,6.94615384615385,7.79230769230769,7.9962,95,81,13,26,150,23360,13008,10352,1930,3809,19551,7.87270388313357,8.3846644149754,7.22939026275116,7.30639378238342,7.84701772118666,7.87770815866196,140
"143",2020,7,7.835,180,8.39454545454545,6.95571428571429,6.82352941176471,8.27391304347826,7.77070063694268,110,70,17,23,157,23540,13118,10422,1947,3832,19708,7.87241557816483,8.38474727168776,7.22755210132412,7.30217770929635,7.84957998434238,7.87685570377512,141
"144",2020,8,7.699,160,8.32404494382022,6.91549295774648,6.925,8.08666666666667,7.65889655172414,89,71,20,15,145,23700,13207,10493,1967,3847,19853,7.87124484008439,8.38433820776861,7.22544057943391,7.29834265378749,7.85050441902781,7.87526379942578,142
"145",2020,9,7.89770461077844,167,8.48531356435644,6.99848484848485,7.1875,8.265,7.84773244897959,101,66,8,20,147,23867,13308,10559,1975,3867,20000,7.8714299819835,8.38510455214908,7.22402197177763,7.29789367088607,7.8526481768813,7.875061444,143
"146",2020,10,7.74896648044693,179,8.22287878787879,7.1625,7.04117647058824,7.72222222222222,7.75195652173913,99,80,17,18,161,24046,13407,10639,1992,3885,20161,7.87051835565167,8.3839066442903,7.22355935708243,7.29570281124498,7.85204388674388,7.87407836317643,144
"147",2020,11,7.63208530805687,211,8.21739495798319,6.875,6.51904761904762,7.25740740740741,7.6870652173913,119,92,21,27,184,24257,13526,10731,2013,3912,20345,7.86844434101497,8.3824416959929,7.22057105581959,7.28760059612519,7.84793980061349,7.87238701794053,145
"148",2020,12,8.04468899521531,209,8.39382352941177,7.39424657534247,6.82545454545455,8.37304347826087,8.00408602150538,136,73,11,23,186,24466,13662,10804,2024,3935,20531,7.86994990517453,8.38255499780413,7.22174453905961,7.28508893280632,7.85100902160101,7.87358014124982,146
"149",2021,1,7.75173306772908,251,8.31006711409396,6.93612745098039,7.33166666666667,7.98066666666667,7.72065610859728,149,102,30,30,221,24717,13811,10906,2054,3965,20752,7.86874941861877,8.38177296213163,7.21907326242435,7.28576923076923,7.85199003783102,7.87195156515035,147
"150",2021,2,7.91730586872587,259,8.19724729032258,7.50008548076923,7.001,7.14482542857143,8.0380059375,155,104,20,35,224,24976,13966,11010,2074,4000,20976,7.86925294682896,8.37972502577688,7.22172769209809,7.2830231436837,7.8458023475,7.87372483838673,148
"151",2021,3,7.9178165625,192,8.27293932773109,7.33891780821918,6.921875,8.09052380952381,7.8966069005848,119,73,16,21,171,25168,14085,11083,2090,4021,21147,7.86962342577877,8.37882282499112,7.22249958404764,7.28025837320574,7.84708042526734,7.87390986853927,149
"152",2021,4,7.85121739130435,207,8.27186554621849,7.28238636363636,7.4452380952381,8.15,7.8227619047619,119,88,21,18,189,25375,14204,11171,2111,4039,21336,7.86947327605912,8.37792674528302,7.22297134455286,7.28189957366177,7.84843040108938,7.87345678618298,150
"153",2021,5,7.92351451086957,184,8.41781049019608,7.30865853658537,6.76315789473684,7.5125,7.96265875,102,82,19,16,168,25559,14306,11253,2130,4055,21504,7.86986232051333,8.37821111142178,7.22359574246867,7.27727230046948,7.84710490505549,7.8741536765253,151
"154",2021,6,7.79345714285714,175,8.25566326530612,7.20519480519481,7.02222222222222,7.82775,7.78903225806452,98,77,18,20,155,25734,14404,11330,2148,4075,21659,7.86934273917775,8.37737733685087,7.22347068755516,7.27513500931099,7.84700991165644,7.87354451544393,152
"155",2021,7,7.64044455621302,169,8.00032831775701,7.01935483870968,6.39285714285714,7.35512258064516,7.70453862318841,107,62,14,31,138,25903,14511,11392,2162,4106,21797,7.86784932942131,8.37459708428089,7.2223598042486,7.26942183163737,7.84329619824647,7.87247451438271,153
"156",2021,8,7.87595375722543,173,8.34897196261682,7.10909090909091,6.6,8.03652173913044,7.85133333333333,107,66,17,23,150,26076,14618,11458,2179,4129,21947,7.86790309786778,8.37440951498153,7.22170735643219,7.264199173933,7.84437253330104,7.87233002187087,154
"157",2021,9,7.79559782608696,184,8.26297297297297,7.08493150684932,6.70833333333333,7,7.90364197530864,111,73,12,22,162,26260,14729,11531,2191,4151,22109,7.86739646534654,8.37356971213252,7.22084146127829,7.26115472387038,7.83989741989882,7.87255945497309,155
"158",2021,10,7.81721951219512,205,8.21324561403509,7.3210989010989,6.91730769230769,7.79457142857143,7.82188235294118,114,91,26,35,170,26465,14843,11622,2217,4186,22279,7.86700779066692,8.37233836084349,7.22162647478919,7.25712223725755,7.83951844003822,7.87217276314018,156
"159",2021,11,7.70741826923077,208,8.12067307692308,7.29416346153846,7.02222222222222,7.23186956521739,7.76654054054054,104,104,18,23,185,26673,14947,11726,2235,4209,22464,7.86576328796911,8.37058729444035,7.22226981835238,7.25523042505593,7.83619795438346,7.87130283965456,157
"160",2021,12,7.90856937743191,257,8.32582148387097,7.27450980392157,6.28235294117647,8.09196,7.88880745689655,155,102,17,25,232,26930,15102,11828,2252,4234,22696,7.86617179762347,8.37012783869686,7.2227203153534,7.2478863232682,7.83770812234294,7.87148177299965,158
"161",2022,1,7.7960546969697,396,8.26946105726872,7.1601775147929,6.82592592592593,7.77727272727273,7.79776214876033,227,169,27,33,363,27326,15329,11997,2279,4267,23059,7.86515568213424,8.36863711135755,7.22183928398766,7.24288723124177,7.83724072884931,7.87032126198014,159
"162",2022,2,7.84003575107296,233,8.38363092857143,7.02172043010753,6.80521739130435,7.92068965517241,7.82857024509804,140,93,23,29,204,27559,15469,12090,2302,4296,23263,7.86494330345804,8.36877281078285,7.22029990818859,7.23851433536055,7.83780404795158,7.86995513519323,160
"163",2022,3,7.77466386554622,238,8.22927966101695,7.327625,6.88327586206897,7.50553571428571,7.81054761904762,118,120,29,28,210,27797,15587,12210,2331,4324,23473,7.8641703241357,8.36771679027394,7.2213547002457,7.23409480909481,7.83565244912118,7.86942364887318,161
"164",2022,4,7.95744666666667,198,8.41246587719298,7.3399205952381,7.02941176470588,7.88333333333333,7.9662397740113,114,84,17,21,177,27995,15701,12294,2348,4345,23650,7.86483003893553,8.36804169925482,7.22216481373027,7.23261286201022,7.83588289758343,7.87014823467231,162
"165",2022,5,7.78487073469388,245,8.21724865079365,7.32705882352941,6.72222222222222,7.79117647058824,7.78440057017544,126,119,18,17,228,28240,15827,12413,2366,4362,23878,7.86413634100567,8.36684122385796,7.22317040360912,7.22872992392223,7.83570866345713,7.86932946980484,163
"166",2022,6,7.84367149758454,207,8.29383177570094,7.362,6.73538461538462,8.1436,7.80247252747253,107,100,13,25,182,28447,15934,12513,2379,4387,24060,7.86398742468451,8.36635095079703,7.22427988651802,7.22603404791929,7.83746322999772,7.86882373566085,164
"167",2022,7,7.9006052631579,190,8.23987179487179,7.35684931506849,6.53333333333333,8.2278125,7.87051724137931,117,73,15,16,174,28637,16051,12586,2394,4403,24234,7.86423037573769,8.36542901065354,7.22504880184332,7.22169381787803,7.83888171473995,7.86883589502352,165
"168",2022,8,7.70118965517241,232,8.21883333333333,7.0179,6.8795,7.83882352941176,7.67755555555556,132,100,20,34,198,28869,16183,12686,2414,4437,24432,7.8629201312827,8.36423327256998,7.22341590887592,7.21885874067937,7.83888126887536,7.86728573510151,166
"169",2022,9,7.6721686746988,166,8.15829545454545,7.12371794871795,6.64285714285714,7.84117647058823,7.65288590604027,88,78,14,17,149,29035,16271,12764,2428,4454,24581,7.86182955984158,8.36311947944195,7.22280666092134,7.21553747940692,7.83889002918724,7.86598613075139,167
"170",2022,10,7.59861244019139,209,8.21240740740741,6.94227722772277,6.61764705882353,7.70714285714286,7.58648936170213,108,101,17,21,188,29244,16379,12865,2445,4475,24769,7.8599484089044,8.36212571280297,7.22060429226584,7.21138036809816,7.83827177430167,7.8638647131495,168
"171",2022,11,7.66353211009174,218,8.00100840336134,7.25787878787879,7.079,7.95727272727273,7.6305612244898,119,99,20,22,196,29462,16498,12964,2465,4497,24965,7.85849505362841,8.35952097526972,7.22088894014193,7.21030628803246,7.83885394485212,7.86203304946926,169
"172",2022,12,7.77064377682403,233,8.24977099236641,7.15529411764706,6.13,7.65515151515152,7.7897,131,102,15,33,200,29695,16629,13066,2480,4530,25165,7.85780573396195,8.35865638643333,7.22037687279963,7.20377217741936,7.83751571523178,7.86145817921717,170
