"","year","month","avg_rating","no_ratings","avg_rating_owned","avg_rating_not_owned","avg_rating_prev_owned","avg_rating_comment","avg_rating_no_comment","no_ratings_owned","no_ratings_not_owned","no_ratings_prev_owned","no_ratings_comment","no_ratings_no_comment","cum_no_ratings","cum_no_ratings_owned","cum_no_ratings_not_owned","cum_no_ratings_prev_owned","cum_no_ratings_comment","cum_no_ratings_no_comment","cum_avg_rating","cum_avg_rating_owned","cum_avg_rating_not_owned","cum_avg_rating_prev_owned","cum_avg_rating_comment","cum_avg_rating_no_comment","month_after_release"
"1",2002,9,8,1,8,NA,NA,NA,8,1,0,0,0,1,1,1,0,0,0,1,8,8,NA,NA,NA,8,16
"2",2002,12,7,1,NA,7,NA,NA,7,0,1,0,0,1,2,1,1,0,0,2,7.5,8,7,NA,NA,7.5,19
"3",2003,1,7,1,7,NA,NA,NA,7,1,0,0,0,1,3,2,1,0,0,3,7.33333333333333,7.5,7,NA,NA,7.33333333333333,20
"4",2003,3,8,1,8,NA,NA,8,NA,1,0,0,1,0,4,3,1,0,1,3,7.5,7.66666666666667,7,NA,8,7.33333333333333,22
"5",2003,7,7.2,5,7.5,6,6,NA,7.2,4,1,1,0,5,9,7,2,1,1,8,7.33333333333333,7.57142857142857,6.5,6,8,7.25,26
"6",2003,8,7.5,2,8,7,NA,8,7,1,1,0,1,1,11,8,3,1,2,9,7.36363636363636,7.625,6.66666666666667,6,8,7.22222222222222,27
"7",2003,9,7,2,7,NA,NA,8,6,2,0,0,1,1,13,10,3,1,3,10,7.30769230769231,7.5,6.66666666666667,6,8,7.1,28
"8",2003,10,8,1,8,NA,NA,NA,8,1,0,0,0,1,14,11,3,1,3,11,7.35714285714286,7.54545454545455,6.66666666666667,6,8,7.18181818181818,29
"9",2003,11,7,1,7,NA,NA,7,NA,1,0,0,1,0,15,12,3,1,4,11,7.33333333333333,7.5,6.66666666666667,6,7.75,7.18181818181818,30
"10",2003,12,5.5,1,NA,5.5,NA,5.5,NA,0,1,0,1,0,16,12,4,1,5,11,7.21875,7.5,6.375,6,7.3,7.18181818181818,31
"11",2004,1,6,1,NA,6,NA,6,NA,0,1,0,1,0,17,12,5,1,6,11,7.14705882352941,7.5,6.3,6,7.08333333333333,7.18181818181818,32
"12",2004,2,6,3,7,4,NA,6,6,2,1,0,1,2,20,14,6,1,7,13,6.975,7.42857142857143,5.91666666666667,6,6.92857142857143,7,33
"13",2004,3,8,3,8,NA,NA,8,8,3,0,0,2,1,23,17,6,1,9,14,7.10869565217391,7.52941176470588,5.91666666666667,6,7.16666666666667,7.07142857142857,34
"14",2004,4,7,3,7,7,NA,7,7,2,1,0,2,1,26,19,7,1,11,15,7.09615384615385,7.47368421052632,6.07142857142857,6,7.13636363636364,7.06666666666667,35
"15",2004,5,7.4,5,7.33333333333333,7.5,NA,8,6.5,3,2,0,3,2,31,22,9,1,14,17,7.14516129032258,7.45454545454545,6.38888888888889,6,7.32142857142857,7,36
"16",2004,6,6.5,2,6.5,NA,NA,NA,6.5,2,0,0,0,2,33,24,9,1,14,19,7.10606060606061,7.375,6.38888888888889,6,7.32142857142857,6.94736842105263,37
"17",2004,7,7,1,7,NA,NA,7,NA,1,0,0,1,0,34,25,9,1,15,19,7.10294117647059,7.36,6.38888888888889,6,7.3,6.94736842105263,38
"18",2004,8,6.33333333333333,3,6.33333333333333,NA,NA,6,6.5,3,0,0,1,2,37,28,9,1,16,21,7.04054054054054,7.25,6.38888888888889,6,7.21875,6.90476190476191,39
"19",2004,9,6.66666666666667,3,6.66666666666667,NA,NA,7,6.5,3,0,0,1,2,40,31,9,1,17,23,7.0125,7.19354838709677,6.38888888888889,6,7.20588235294118,6.8695652173913,40
"20",2004,11,7.57142857142857,7,7.57142857142857,NA,NA,7,8,7,0,0,3,4,47,38,9,1,20,27,7.09574468085106,7.26315789473684,6.38888888888889,6,7.175,7.03703703703704,42
"21",2004,12,7,3,7,7,NA,7,7,1,2,0,2,1,50,39,11,1,22,28,7.09,7.25641025641026,6.5,6,7.15909090909091,7.03571428571429,43
"22",2005,1,7,1,7,NA,NA,NA,7,1,0,0,0,1,51,40,11,1,22,29,7.08823529411765,7.25,6.5,6,7.15909090909091,7.03448275862069,44
"23",2005,2,5.9,3,6.5,5.6,NA,NA,5.9,1,2,0,0,3,54,41,13,1,22,32,7.02222222222222,7.23170731707317,6.36153846153846,6,7.15909090909091,6.928125,45
"24",2005,3,7,3,7,7,7,7,7,2,1,1,2,1,57,43,14,2,24,33,7.02105263157895,7.22093023255814,6.40714285714286,6.5,7.14583333333333,6.93030303030303,46
"25",2005,4,6.5,2,6.5,NA,NA,6.5,NA,2,0,0,2,0,59,45,14,2,26,33,7.00338983050847,7.18888888888889,6.40714285714286,6.5,7.09615384615385,6.93030303030303,47
"26",2005,5,7.5,2,9,6,NA,7.5,NA,1,1,0,2,0,61,46,15,2,28,33,7.01967213114754,7.22826086956522,6.38,6.5,7.125,6.93030303030303,48
"27",2005,6,7,3,7,7,NA,6,7.5,2,1,0,1,2,64,48,16,2,29,35,7.01875,7.21875,6.41875,6.5,7.08620689655172,6.96285714285714,49
"28",2005,7,6.96,5,6.95,7,7,6.93333333333333,7,4,1,1,3,2,69,52,17,3,32,37,7.01449275362319,7.19807692307692,6.45294117647059,6.66666666666667,7.071875,6.96486486486486,50
"29",2005,8,6.21428571428571,7,6.9,4.5,NA,6.66666666666667,5.875,5,2,0,3,4,76,57,19,3,35,41,6.94078947368421,7.1719298245614,6.24736842105263,6.66666666666667,7.03714285714286,6.85853658536585,51
"30",2005,10,7.25,4,8,6.5,6.5,7.33333333333333,7,2,2,2,3,1,80,59,21,5,38,42,6.95625,7.2,6.27142857142857,6.6,7.06052631578947,6.86190476190476,53
"31",2005,11,7.25,2,7.25,NA,NA,NA,7.25,2,0,0,0,2,82,61,21,5,38,44,6.96341463414634,7.2016393442623,6.27142857142857,6.6,7.06052631578947,6.87954545454545,54
"32",2005,12,6.26,5,6.075,7,NA,6,6.325,4,1,0,1,4,87,65,22,5,39,48,6.92298850574713,7.13230769230769,6.30454545454545,6.6,7.03333333333333,6.83333333333333,55
"33",2006,1,7,8,6.5,7.5,8,7.16666666666667,6.5,4,4,1,6,2,95,69,26,6,45,50,6.92947368421053,7.09565217391304,6.48846153846154,6.83333333333333,7.05111111111111,6.82,56
"34",2006,2,6,4,7,5.66666666666667,6,6,NA,1,3,1,4,0,99,70,29,7,49,50,6.89191919191919,7.09428571428571,6.40344827586207,6.71428571428571,6.96530612244898,6.82,57
"35",2006,3,7,6,7,NA,NA,7.5,6,6,0,0,4,2,105,76,29,7,53,52,6.89809523809524,7.08684210526316,6.40344827586207,6.71428571428571,7.00566037735849,6.78846153846154,58
"36",2006,4,7.25,4,8.5,6.83333333333333,NA,6.83333333333333,8.5,1,3,0,3,1,109,77,32,7,56,53,6.91100917431193,7.1051948051948,6.44375,6.71428571428571,6.99642857142857,6.82075471698113,59
"37",2006,5,6.9375,8,7.14285714285714,5.5,NA,7.2,6.5,7,1,0,5,3,117,84,33,7,61,56,6.91282051282051,7.10833333333333,6.41515151515152,6.71428571428571,7.01311475409836,6.80357142857143,60
"38",2006,6,6.86,5,6.93333333333333,6.75,NA,5.5,7.76666666666667,3,2,0,2,3,122,87,35,7,63,59,6.91065573770492,7.10229885057471,6.43428571428571,6.71428571428571,6.96507936507937,6.85254237288136,61
"39",2006,7,6.66666666666667,3,7,6,NA,7,6.5,2,1,0,1,2,125,89,36,7,64,61,6.9048,7.1,6.42222222222222,6.71428571428571,6.965625,6.84098360655738,62
"40",2006,8,5.6,5,6,5,NA,5.66666666666667,5.5,3,2,0,3,2,130,92,38,7,67,63,6.85461538461538,7.06413043478261,6.34736842105263,6.71428571428571,6.90746268656716,6.7984126984127,63
"41",2006,9,6.5,2,7,6,6,6,7,1,1,1,1,1,132,93,39,8,68,64,6.84924242424242,7.06344086021505,6.33846153846154,6.625,6.89411764705882,6.8015625,64
"42",2006,10,6.35714285714286,7,6,6.5,NA,6.33333333333333,6.375,2,5,0,3,4,139,95,44,8,71,68,6.82446043165468,7.04105263157895,6.35681818181818,6.625,6.87042253521127,6.77647058823529,65
"43",2006,11,6.28571428571429,7,7,5.75,6.66666666666667,5.8,7.5,3,4,3,5,2,146,98,48,11,76,70,6.7986301369863,7.03979591836735,6.30625,6.63636363636364,6.8,6.79714285714286,66
"44",2006,12,6.9375,8,6.91666666666667,7,NA,6.625,7.25,6,2,0,4,4,154,104,50,11,80,74,6.80584415584415,7.03269230769231,6.334,6.63636363636364,6.79125,6.82162162162162,67
"45",2007,1,6.40909090909091,11,6.8125,5.33333333333333,NA,6.35714285714286,6.5,8,3,0,7,4,165,112,53,11,87,78,6.77939393939394,7.01696428571428,6.27735849056604,6.63636363636364,6.75632183908046,6.8051282051282,68
"46",2007,2,6.34747615384615,13,6.67857142857143,5.96119833333333,NA,7.16666666666667,6.101719,7,6,0,3,10,178,119,59,11,90,88,6.74784938202247,6.99705882352941,6.24520661016949,6.63636363636364,6.77,6.72519534090909,69
"47",2007,3,7.45,4,6.9,8,9,7.83333333333333,6.3,2,2,1,3,1,182,121,61,12,93,89,6.76328126373626,6.99545454545454,6.30274081967213,6.83333333333333,6.80430107526882,6.72041786516854,70
"48",2007,4,6.85714285714286,7,7,6.66666666666667,7,7,6.5,4,3,1,5,2,189,125,64,13,98,91,6.76675761904762,6.9956,6.31979984375,6.84615384615385,6.81428571428571,6.71557351648352,71
"49",2007,5,7.3125,8,7.66666666666667,6.25,NA,6.83333333333333,7.6,6,2,0,3,5,197,131,66,13,101,96,6.78891974619289,7.02633587786259,6.3176846969697,6.84615384615385,6.81485148514851,6.76163739583333,72
"50",2007,6,6.65833333333333,12,6.75,6.475,6,7.66666666666667,6.32222222222222,8,4,2,3,9,209,139,70,15,104,105,6.78142196172249,7.01043165467626,6.32667414285714,6.73333333333333,6.83942307692308,6.72397323809524,73
"51",2007,7,6.6875,8,7,5.75,NA,6.41666666666667,7.5,6,2,0,6,2,217,145,72,15,110,107,6.77795940092166,7.01,6.31065541666667,6.73333333333333,6.81636363636364,6.73847841121495,74
"52",2007,8,6.8,7,7.375,6.03333333333333,7,6.92,6.5,4,3,1,5,2,224,149,75,16,115,109,6.77864816964286,7.01979865771812,6.29956253333333,6.75,6.82086956521739,6.73410266055046,75
"53",2007,9,6.75,8,7.6,5.33333333333333,NA,5.66666666666667,7.4,5,3,0,3,5,232,154,78,16,118,114,6.77766030172414,7.03863636363636,6.26239987179487,6.75,6.79152542372881,6.76330868421053,76
"54",2007,10,6.84444444444444,9,7.16666666666667,6.68333333333333,7,6.775,6.9,3,6,2,4,5,241,157,84,18,122,119,6.7801543153527,7.04108280254777,6.29246654761905,6.77777777777778,6.79098360655738,6.76905201680672,77
"55",2007,11,6.95833333333333,12,7.375,6.125,6.16666666666667,7.5,6.57142857142857,8,4,3,5,7,253,165,88,21,127,126,6.78860549407115,7.05727272727273,6.28485443181818,6.69047619047619,6.81889763779528,6.75807293650794,78
"56",2007,12,6.85294117647059,17,6.75,7.1,7.33333333333333,6.5625,7.11111111111111,12,5,3,8,9,270,177,93,24,135,135,6.79265625925926,7.0364406779661,6.32867946236559,6.77083333333333,6.8037037037037,6.78160881481481,79
"57",2008,1,7.07692307692308,26,7.5625,6.3,7,6.90625,7.35,16,10,3,16,10,296,193,103,27,151,145,6.81762564189189,7.0800518134715,6.32589504854369,6.7962962962963,6.81456953642384,6.82080820689655,80
"58",2008,2,6.72727272727273,11,6.8125,6.5,NA,6.3,7.08333333333333,8,3,0,5,6,307,201,106,27,156,151,6.81438824104234,7.06940298507463,6.33082254716981,6.7962962962963,6.79807692307692,6.83123966887417,81
"59",2008,3,7.05,12,7.06,7,6,7.14285714285714,6.92,10,2,1,7,5,319,211,108,28,163,156,6.82325137931034,7.06895734597156,6.34321472222222,6.76785714285714,6.81288343558282,6.83408455128205,82
"60",2008,4,6.35,10,6.71428571428571,5.5,NA,6.125,6.5,7,3,0,4,6,329,218,111,28,167,162,6.80886683890577,7.05756880733945,6.32042513513514,6.76785714285714,6.79640718562874,6.82171104938272,83
"61",2008,5,7.07142857142857,7,7.58333333333333,4,4,6,7.25,6,1,1,1,6,336,224,112,29,168,168,6.814336875,7.07165178571428,6.29970705357143,6.67241379310345,6.79166666666667,6.83700708333333,84
"62",2008,6,6.45454545454545,11,6.66666666666667,6.2,6,6.25,7,6,5,3,8,3,347,230,117,32,176,171,6.8029313832853,7.06108695652174,6.29544606837607,6.609375,6.76704545454545,6.83986660818713,85
"63",2008,7,6.86111111111111,18,7.13636363636364,6.42857142857143,6.66666666666667,7.40909090909091,6,11,7,3,11,7,365,241,124,35,187,178,6.80580052054794,7.06452282157676,6.30296120967742,6.61428571428571,6.8048128342246,6.80683814606741,86
"64",2008,8,6.75416666666667,12,6.59375,7.075,7.5,6.86,6.67857142857143,8,4,2,5,7,377,249,128,37,192,185,6.80415700265252,7.04939759036144,6.327087421875,6.66216216216216,6.80625,6.80198481081081,87
"65",2008,9,6.34583333333333,12,6.39,6.125,6.5,6.18,6.46428571428571,10,2,1,5,7,389,259,130,38,197,192,6.79001848329049,7.02393822393822,6.32397838461538,6.65789473684211,6.79035532994924,6.78967286458333,88
"66",2008,10,6.0625,8,6.16666666666667,5.75,5.75,6.25,6,6,2,2,2,6,397,265,132,40,199,198,6.77535816120907,7.00452830188679,6.31528174242424,6.6125,6.78492462311558,6.76574338383838,89
"67",2008,11,7.03571428571429,14,7.42857142857143,6.64285714285714,6.75,7.1,7,7,7,4,5,9,411,272,139,44,204,207,6.78422673965937,7.01544117647059,6.33177834532374,6.625,6.79264705882353,6.77592845410628,90
"68",2008,12,6.66176470588235,17,7.2,5.89285714285714,6.75,6.25,7.02777777777778,10,7,3,8,9,428,282,146,47,212,216,6.77936259345794,7.02198581560284,6.31073417808219,6.63297872340426,6.77216981132076,6.78642217592593,91
"69",2009,1,6.79090909090909,11,6.24285714285714,7.75,7.75,6.78333333333333,6.8,7,4,4,6,5,439,289,150,51,218,221,6.77965191343963,7.00311418685121,6.3491146,6.72058823529412,6.77247706422018,6.78672936651584,92
"70",2009,2,6.46875,16,6.70833333333333,5.75,7,6.9375,6,12,4,2,8,8,455,301,154,53,226,229,6.7687190989011,6.99136212624585,6.33355318181818,6.7311320754717,6.7783185840708,6.75924537117904,93
"71",2009,3,6.15555555555556,18,6.43,5.8125,6,6.28571428571429,6.07272727272727,10,8,2,7,11,473,311,162,55,233,240,6.74538517970402,6.97331189710611,6.30782216049383,6.70454545454545,6.76351931330472,6.72777995833333,94
"72",2009,4,6.47222222222222,18,6.37,6.6,6.25,6.25,6.53571428571429,10,8,4,4,14,491,321,170,59,237,254,6.73537105906314,6.95451713395639,6.32157170588235,6.67372881355932,6.75485232067511,6.71719366141732,95
"73",2009,5,6.53333333333333,15,6.66666666666667,6.44444444444444,6.33333333333333,6.25,6.63636363636364,6,9,3,4,11,506,327,179,62,241,265,6.72938179841897,6.94923547400612,6.32774966480447,6.65725806451613,6.74647302904564,6.71383845283019,96
"74",2009,6,6.16428571428571,14,6.33333333333333,5.86,6.5,5.75,6.33,9,5,1,4,10,520,336,184,63,245,275,6.71416767307692,6.9327380952381,6.31503907608695,6.65476190476191,6.73020408163265,6.69988069090909,97
"75",2009,7,6.61538461538461,13,6.75,6.4,7,6.75,6.55555555555556,8,5,2,4,9,533,344,189,65,249,284,6.71175833020638,6.92848837209302,6.31728671957672,6.66538461538462,6.73052208835341,6.69530700704225,98
"76",2009,8,6.76923076923077,13,6.72222222222222,6.875,NA,7.07142857142857,6.41666666666667,9,4,0,7,6,546,353,193,65,256,290,6.71312672161172,6.92322946175637,6.32884554404145,6.66538461538462,6.73984375,6.68954203448276,99
"77",2009,9,6.875,16,6.91666666666667,6.75,7,7.25,6.75,12,4,1,4,12,562,365,197,66,260,302,6.71773521352313,6.92301369863014,6.3373969035533,6.67045454545455,6.74769230769231,6.69194433774834,100
"78",2009,10,6.328125,16,6.63888888888889,5.92857142857143,5.25,6,6.47727272727273,9,7,2,5,11,578,374,204,68,265,313,6.70695015570934,6.91617647058824,6.32336857843137,6.62867647058824,6.73358490566038,6.68439996805112,101
"79",2009,11,6.63928571428571,28,6.83333333333333,6.49375,6.88,7.03076923076923,6.3,12,16,5,13,15,606,386,220,73,278,328,6.70382374587459,6.91360103626943,6.33575995454545,6.6458904109589,6.74748201438849,6.66682070121951,102
"80",2009,12,6.60238095238095,21,6.58846153846154,6.625,6.66666666666667,7.075,6.17272727272727,13,8,3,10,11,627,399,228,76,288,339,6.70042614035088,6.90300751879699,6.34590872807017,6.64671052631579,6.75885416666667,6.65078817109145,103
"81",2010,1,6.5625,20,6.90384615384615,5.92857142857143,7,6.65,6.475,13,7,1,10,10,647,412,235,77,298,349,6.69616258114374,6.90303398058253,6.33347740425532,6.6512987012987,6.75520134228188,6.64575126074499,104
"82",2010,2,6.42173913043478,23,6.74545454545455,6.125,7.75,6.74285714285714,6.28125,11,12,4,7,16,670,423,247,81,305,365,6.68674207462687,6.89893617021277,6.32334894736842,6.70555555555556,6.75491803278689,6.62977312328767,105
"83",2010,3,6.38461538461539,13,6.875,5.6,6,6.2,6.5,8,5,3,5,8,683,431,252,84,310,373,6.68099149341142,6.89849187935035,6.30899678571428,6.68035714285714,6.74596774193548,6.62698978552279,106
"84",2010,4,6.86923076923077,13,6.71666666666667,7,6,6.21666666666667,7.42857142857143,6,7,1,6,7,696,437,259,85,316,380,6.68450745689655,6.89599542334096,6.32767254826255,6.67235294117647,6.73591772151899,6.6417557631579,107
"85",2010,5,6.57142857142857,7,6.875,6.16666666666667,5.25,6.33333333333333,6.75,4,3,2,3,4,703,441,262,87,319,384,6.68338149359886,6.89580498866213,6.32582896946565,6.63965517241379,6.73213166144201,6.64288330729167,108
"86",2010,6,6.63888888888889,18,6.90909090909091,6.21428571428571,6.75,6.375,6.85,11,7,2,8,10,721,452,269,89,327,394,6.68227072122053,6.89612831858407,6.32292635687732,6.64213483146067,6.72339449541284,6.64814007614213,109
"87",2010,7,6.21428571428571,14,7,5.625,5.25,6,6.3,6,8,4,4,10,735,458,277,93,331,404,6.67335672108844,6.89748908296943,6.30276963898917,6.58225806451613,6.71465256797583,6.63952274752475,110
"88",2010,8,7.25333333333333,15,7.60833333333333,5.83333333333333,5,7.08333333333333,7.36666666666667,12,3,1,6,9,750,470,280,94,337,413,6.68495625333333,6.91563829787234,6.29773996428571,6.56542553191489,6.72121661721068,6.65536849878935,111
"89",2010,9,6.3,10,7.5,4.5,6,5.375,6.91666666666667,6,4,1,4,6,760,476,284,95,341,419,6.67989103947368,6.92300420168067,6.27241968309859,6.55947368421053,6.70542521994135,6.65911023866349,112
"90",2010,10,6.92857142857143,14,6.78571428571429,7.07142857142857,6,6,7,7,7,1,1,13,774,483,291,96,342,432,6.68438913436693,6.92101449275362,6.29163982817869,6.55364583333333,6.70336257309942,6.66936849537037,113
"91",2010,11,6.64583333333333,24,6.85294117647059,6.14285714285714,6,6.66666666666667,6.63888888888889,17,7,5,6,18,798,500,298,101,348,450,6.68322956140351,6.9187,6.2881449328859,6.52623762376238,6.70272988505747,6.66814931111111,114
"92",2010,12,6.59411764705882,17,6.84166666666667,6,5,6.8125,6.4,12,5,1,8,9,815,512,303,102,356,459,6.68137078527607,6.91689453125,6.2833900660066,6.51127450980392,6.70519662921348,6.66289148148148,115
"93",2011,1,6.53478260869565,23,7.31666666666667,5.68181818181818,6.4,6.71428571428571,6.45625,12,11,5,7,16,838,524,314,107,363,475,6.67734748210024,6.92604961832061,6.26231589171974,6.50607476635514,6.70537190082645,6.65593092631579,116
"94",2011,2,6.53846153846154,13,6.72222222222222,6.125,6.75,7,6.5,9,4,2,1,12,851,533,318,109,364,487,6.67522584018802,6.92260787992495,6.26058864779874,6.5105504587156,6.70618131868132,6.65208868583162,117
"95",2011,3,7.4375,16,7.75,7.125,7.25,6.66666666666667,7.9,8,8,4,6,10,867,541,326,113,370,497,6.689293183391,6.93484288354898,6.28180119631902,6.53672566371681,6.70554054054054,6.67719756539236,118
"96",2011,4,6.41071428571429,14,7.29166666666667,5.75,NA,6,6.52272727272727,6,8,0,3,11,881,547,334,113,373,508,6.684866276958,6.93875685557587,6.26906344311377,6.53672566371681,6.69986595174263,6.67385273622047,119
"97",2011,5,5.39583333333333,12,5.48333333333333,5.36666666666667,NA,5.84,5.07857142857143,3,9,0,5,7,893,550,343,113,378,515,6.66754444568869,6.93081818181818,6.245385393586,6.53672566371681,6.68849206349206,6.65216930097088,120
"98",2011,6,6.85,10,7.28571428571429,5.83333333333333,6,7,6.8125,7,3,1,2,8,903,557,346,114,380,523,6.6695649944629,6.93527827648115,6.24181268786127,6.53201754385965,6.69013157894737,6.65462177820268,121
"99",2011,7,6.54166666666667,12,6.64285714285714,6.4,7,6.66666666666667,6.5,7,5,1,3,9,915,564,351,115,383,532,6.66788763934426,6.93164893617021,6.24406606837607,6.53608695652174,6.68994778067885,6.6520059962406,122
"100",2011,8,6.66666666666667,9,7.25,5.5,5,7,6.625,6,3,1,1,8,924,570,354,116,384,540,6.66787574675325,6.935,6.23776042372881,6.52284482758621,6.69075520833333,6.65160590740741,123
"101",2011,9,6.60833333333333,12,6.82857142857143,6.3,6.75,6.7,6.54285714285714,7,5,2,5,7,936,577,359,118,389,547,6.66711238247863,6.93370883882149,6.23862727019498,6.52669491525424,6.69087403598972,6.65021424131627,124
"102",2011,10,6.67368421052632,19,7.04166666666667,6.04285714285714,6,6.75454545454545,6.5625,12,7,1,11,8,955,589,366,119,400,555,6.66724313089005,6.93590831918506,6.23488303278689,6.52226890756303,6.692625,6.64894989189189,125
"103",2011,11,6.21642857142857,14,7.00375,5.16666666666667,7,7,6.08583333333333,8,6,2,2,12,969,597,372,121,402,567,6.66072981424149,6.93681742043551,6.21765373655914,6.5301652892562,6.69415422885572,6.63703208112875,126
"104",2011,12,6.94736842105263,19,7.15384615384615,6.5,NA,6.75,7.16666666666667,13,6,0,10,9,988,610,378,121,412,576,6.6662420951417,6.94144262295082,6.22213542328042,6.5301652892562,6.69550970873786,6.64530762152778,127
"105",2012,1,6.08947368421053,19,6.8,5.3,5.6,7.06666666666667,5.90625,10,9,2,3,16,1007,620,387,123,415,592,6.65535967229394,6.93916129032258,6.20069041343669,6.5150406504065,6.69819277108434,6.62533309121622,128
"106",2012,2,6.68,20,7.375,6.21666666666667,5,8,6.53333333333333,8,12,3,2,18,1027,628,399,126,417,610,6.65583952288218,6.94471337579618,6.20117090225564,6.47896825396825,6.70443645083933,6.6226183442623,129
"107",2012,3,6.71875,16,7.3,5.75,5.7,6.33333333333333,6.80769230769231,10,6,5,3,13,1043,638,405,131,420,623,6.65680459252157,6.95028213166144,6.19448688888889,6.44923664122137,6.70178571428571,6.62648024077047,130
"108",2012,4,6.11111111111111,9,6.5,5.8,6,4,6.375,4,5,2,1,8,1052,642,410,133,421,631,6.6521361121673,6.94747663551402,6.18967607317073,6.44248120300752,6.69536817102138,6.62329190174327,131
"109",2012,5,6.71818181818182,11,7.08,6.41666666666667,NA,6.6,6.81666666666667,5,6,0,5,6,1063,647,416,133,426,637,6.65281955785513,6.94850077279753,6.19294997596154,6.44248120300752,6.69424882629108,6.62511332810047,132
"110",2012,6,7.5,10,8,6.33333333333333,NA,NA,7.5,7,3,0,0,10,1073,654,419,133,426,647,6.66071499534017,6.95975535168196,6.19395510739857,6.44248120300752,6.69424882629108,6.63863553323029,133
"111",2012,7,6.94333333333333,6,7,6.915,7,7,6.932,2,4,2,1,5,1079,656,423,135,427,652,6.6622865523633,6.95987804878049,6.20077349881797,6.45074074074074,6.69496487119438,6.6408852607362,134
"112",2012,8,7.20833333333333,12,7.5,6.8,6.5,6,7.31818181818182,7,5,2,1,11,1091,663,428,137,428,663,6.6682925664528,6.96558069381599,6.20777380841121,6.4514598540146,6.69334112149533,6.65212245852187,135
"113",2012,9,6.77777777777778,9,6.75,6.8,6,7.33333333333333,6.5,4,5,2,3,6,1100,667,433,139,431,669,6.66918835454546,6.96428785607196,6.21461244803695,6.44496402877698,6.69779582366589,6.65075813153961,136
"114",2012,10,6.89090909090909,11,7.5,6.38333333333333,6.45,5.9,6.99,5,6,2,1,10,1111,672,439,141,432,679,6.67138360936094,6.96827380952381,6.21691842824601,6.44503546099291,6.69594907407407,6.65575432989691,137
"115",2012,11,6.62962962962963,27,7,6.23076923076923,6.75,6.45833333333333,6.76666666666667,14,13,4,12,15,1138,686,452,145,444,694,6.67039296133568,6.96892128279883,6.2173167920354,6.45344827586207,6.68952702702703,6.65815157060519,138
"116",2012,12,6.8,15,7.3,5.8,6.33333333333333,6.33333333333333,6.91666666666667,10,5,3,3,12,1153,696,457,148,447,706,6.67207908933218,6.97367816091954,6.21275096280087,6.45101351351351,6.68713646532438,6.66254559490085,139
"117",2013,1,6,5,6,6,NA,7,5.75,3,2,0,1,4,1158,699,459,148,448,710,6.66917719343696,6.96949928469242,6.21182394335512,6.45101351351351,6.68783482142857,6.65740449295775,140
"118",2013,2,7.12444444444444,27,7.13882352941176,7.1,6.875,6.92857142857143,7.193,17,10,4,7,20,1185,716,469,152,455,730,6.67955037130802,6.97351955307262,6.23076159914712,6.46217105263158,6.69153846153846,6.67207834246575,141
"119",2013,3,6.4375,8,6.875,6,8,7.5,6.28571428571429,4,4,1,1,7,1193,720,473,153,456,737,6.67792723386421,6.97297222222222,6.22881012684989,6.47222222222222,6.69331140350877,6.66840867028494,142
"120",2013,4,6.9,5,7.5,6.5,6.5,7.5,6,2,3,1,3,2,1198,722,476,154,459,739,6.67885408180301,6.97443213296399,6.23051930672269,6.4724025974026,6.69858387799564,6.66659971583221,143
"121",2013,5,7.22727272727273,11,7.28571428571429,7.125,7.25,7.83333333333333,7,7,4,2,3,8,1209,729,480,156,462,747,6.68384382961125,6.97742112482853,6.2379733125,6.4823717948718,6.70595238095238,6.67017026773762,144
"122",2013,6,6.79166666666667,12,6.7,6.85714285714286,7,8,6.55,5,7,3,2,10,1221,734,487,159,464,757,6.68490351351351,6.97553133514986,6.24687308008213,6.49213836477987,6.71153017241379,6.66858281373844,145
"123",2013,7,6.66666666666667,18,6.58333333333333,6.83333333333333,7.25,6.92857142857143,6.5,12,6,4,7,11,1239,746,493,163,471,768,6.68463857142857,6.96922252010724,6.25401052738337,6.51073619631902,6.71475583864119,6.66616821614583,146
"124",2013,8,6.5,8,7.25,5.75,7,8,6,4,4,1,2,6,1247,750,497,164,473,774,6.68345404170008,6.97072,6.24995410462777,6.51371951219512,6.72019027484144,6.66100412144703,147
"125",2013,9,6.15625,16,6.16666666666667,6.14285714285714,6,6,6.17857142857143,9,7,2,2,14,1263,759,504,166,475,788,6.67677528899446,6.96118577075099,6.2484666468254,6.50753012048193,6.71715789473684,6.6524329822335,148
"126",2013,10,6.6125,16,7.24,5.56666666666667,NA,5.5,6.77142857142857,10,6,0,2,14,1279,769,510,166,477,802,6.67597121970289,6.96481144343303,6.24044547058823,6.50753012048193,6.71205450733753,6.65451021197007,149
"127",2013,11,6.525,20,6.89285714285714,5.66666666666667,5.5,5.83333333333333,6.64705882352941,14,6,2,3,17,1299,783,516,168,480,819,6.67364679753657,6.96352490421456,6.23377362403101,6.49553571428571,6.7065625,6.65435554334554,150
"128",2013,12,6.31818181818182,22,7.06666666666667,4.71428571428571,5,5.77777777777778,6.69230769230769,15,7,2,9,13,1321,798,523,170,489,832,6.6677268660106,6.96546365914787,6.21343630975143,6.47794117647059,6.68946830265849,6.65494854567308,151
"129",2014,1,6.65789473684211,19,7.05,6.22222222222222,6,7.14285714285714,6.375,10,9,6,7,12,1340,808,532,176,496,844,6.66758745522388,6.9665099009901,6.21358494360902,6.46164772727273,6.69586693548387,6.65096823459716,152
"130",2014,2,6.79166666666667,12,6.64285714285714,7,7.16666666666667,6.66666666666667,6.83333333333333,7,5,3,3,9,1352,815,537,179,499,853,6.66868875,6.96373006134969,6.22090724394786,6.47346368715084,6.69569138276553,6.65289236811254,153
"131",2014,3,7.15384615384615,13,7.42857142857143,6.83333333333333,7.16666666666667,7,7.2,7,6,3,3,10,1365,822,543,182,502,863,6.6733092967033,6.96768856447688,6.22767438305709,6.48489010989011,6.69750996015936,6.65923196987254,154
"132",2014,4,6.3,15,7.0625,5.42857142857143,4.66666666666667,6.375,6.27272727272727,8,7,3,4,11,1380,830,550,185,506,874,6.66925158695652,6.96860240963855,6.21750398181818,6.45540540540541,6.6949604743083,6.65436749427918,155
"133",2014,5,6.86,10,6.9,6.83333333333333,7,8,6.575,4,6,2,2,8,1390,834,556,187,508,882,6.67062387769784,6.96827338129496,6.22414962230216,6.46122994652406,6.70009842519685,6.65364760770975,156
"134",2014,6,6.50909090909091,11,6.36,8,7,7.4,6,10,1,2,4,7,1401,844,557,189,512,889,6.66935559600286,6.9610663507109,6.22733786355476,6.46693121693122,6.70556640625,6.64850077615298,157
"135",2014,7,6.08461538461538,13,6.9,5.72222222222222,6.5,NA,6.08461538461538,4,9,2,0,13,1414,848,566,191,512,902,6.6639796251768,6.96077830188679,6.21930598939929,6.46727748691099,6.70556640625,6.6403738248337,158
"136",2014,8,6.09444444444444,18,6.96666666666667,5.22222222222222,5.33333333333333,6.31428571428571,5.95454545454545,9,9,3,7,11,1432,857,575,194,519,913,6.65682066340782,6.96084014002334,6.20369946086957,6.44974226804124,6.70028901734104,6.63211083242059,159
"137",2014,9,6.67142857142857,14,5.9,7.25,7.275,7,6.58181818181818,6,8,4,3,11,1446,863,583,198,522,924,6.65696209543569,6.95346465816918,6.2180569296741,6.46641414141414,6.70201149425287,6.63151211038961,160
"138",2014,10,6.28,20,6.63636363636364,5.84444444444444,7,5.925,6.36875,11,9,3,4,16,1466,874,592,201,526,940,6.65181936562074,6.94947368421053,6.21237701013513,6.47437810945274,6.69610266159696,6.62703956382979,161
"139",2014,11,5.5,15,5.8,5.35,6,5.66666666666667,5.45833333333333,5,10,3,3,12,1481,879,602,204,529,952,6.64015340310601,6.94293515358362,6.19805181063123,6.46740196078431,6.69026465028355,6.61230797268908,162
"140",2014,12,6.94117647058824,17,7.13636363636364,6.58333333333333,6.16666666666667,6.83333333333333,6.96428571428571,11,6,3,3,14,1498,890,608,207,532,966,6.64356955273698,6.94532584269663,6.20185393092105,6.46304347826087,6.69107142857143,6.61740909937888,163
"141",2015,1,6.29565217391304,23,6.4,6.18181818181818,5.8,5.75,6.41052631578947,12,11,5,4,19,1521,902,619,212,536,985,6.63830847468771,6.93807095343681,6.20149788368336,6.44740566037736,6.68404850746269,6.61341846700508,164
"142",2015,2,7,25,7.29411764705882,6.375,7.2,7.38888888888889,6.78125,17,8,5,9,16,1546,919,627,217,545,1001,6.64415730271669,6.94465723612622,6.20371162679426,6.4647465437788,6.69568807339449,6.61610108891109,165
"143",2015,3,6.4975,20,6.42727272727273,6.58333333333333,6.825,6.62142857142857,6.43076923076923,11,9,2,7,13,1566,930,636,219,552,1014,6.64228428480204,6.9385376344086,6.20908363207547,6.46803652968037,6.69474637681159,6.61372503944773,166
"144",2015,4,6.64285714285714,14,7.04166666666667,4.25,7.5,7.3,6.27777777777778,12,2,1,5,9,1580,942,638,220,557,1023,6.6422893607595,6.93985138004246,6.20294230407523,6.47272727272727,6.70017953321364,6.61076949169111,167
"145",2015,5,6.39090909090909,11,6.66666666666667,5.15,NA,6.375,6.4,9,2,0,4,7,1591,951,640,220,561,1030,6.640551345066,6.93726603575184,6.199651859375,6.47272727272727,6.69786096256685,6.6093370776699,168
"146",2015,6,7.212,10,7.51714285714286,6.5,6.75,7.20666666666667,7.21428571428571,7,3,2,3,7,1601,958,643,222,564,1037,6.64412066833229,6.94150313152401,6.2010531726283,6.47522522522523,6.70056737588652,6.6134206268081,169
"147",2015,7,6.81818181818182,11,7,6.5,6.5,6,7.125,7,4,3,3,8,1612,965,647,225,567,1045,6.64530843052109,6.9419274611399,6.2029013755796,6.47555555555556,6.696860670194,6.61733702392345,170
"148",2015,8,6.33333333333333,21,6.5,6.11111111111111,NA,6.5,6.31578947368421,12,9,0,2,19,1633,977,656,225,569,1064,6.64129650336803,6.93649948822927,6.20164205792683,6.47555555555556,6.69616871704745,6.6119522462406,171
"149",2015,9,6.4,12,7.01428571428571,5.54,6.85,7.5,6.3,7,5,2,1,11,1645,984,661,227,570,1075,6.63953628571429,6.93705284552845,6.19663720121029,6.47885462555066,6.69757894736842,6.60876017674419,172
"150",2015,10,6.53588235294118,17,6.95,5.94428571428571,4,5.75,6.77769230769231,10,7,1,4,13,1662,994,668,228,574,1088,6.63847604693141,6.93718309859155,6.1939927994012,6.46798245614035,6.6909756097561,6.61077866727941,173
"151",2015,11,6.54,20,7.12857142857143,5.16666666666667,6,7.08333333333333,6.30714285714286,14,6,2,6,14,1682,1008,674,230,580,1102,6.63730510701546,6.93984126984127,6.18484746290801,6.46391304347826,6.69503448275862,6.60692122504537,174
"152",2015,12,6.92307692307692,13,7.33333333333333,6.57142857142857,6.75,7.5,6.81818181818182,6,7,2,2,11,1695,1014,681,232,582,1113,6.63949686725664,6.94216962524655,6.18882113069016,6.46637931034483,6.69780068728522,6.60900915543576,175
"153",2016,1,6.39473684210526,19,6.27272727272727,6.5625,6.5,7.125,6.2,11,8,5,4,15,1714,1025,689,237,586,1128,6.63678365810969,6.93498536585366,6.19315992743106,6.46708860759494,6.70071672354949,6.60357020390071,176
"154",2016,2,6.325,15,6.43055555555556,6.16666666666667,6,6.99166666666667,6.15833333333333,9,6,1,3,12,1729,1034,695,238,589,1140,6.63407876807403,6.93059477756286,6.19293120863309,6.46512605042017,6.7021986417657,6.5988835,177
"155",2016,3,6.14905882352941,17,6.28155555555556,6,6,6.25,6.118,9,8,3,4,13,1746,1043,703,241,593,1153,6.62935635166094,6.92499424736337,6.19073568990043,6.45933609958506,6.69914839797639,6.59346156981787,178
"156",2016,4,6.3,25,6.44117647058824,6,5.5,6,6.35714285714286,17,8,2,4,21,1771,1060,711,243,597,1174,6.62470705251271,6.91723490566038,6.18858957805907,6.45144032921811,6.69446398659967,6.58923440374787,179
"157",2016,5,6.73333333333333,15,6.83333333333333,6.33333333333333,NA,7.4,6.4,12,3,0,5,10,1786,1072,714,243,602,1184,6.62561936730123,6.91629570895522,6.18919774509804,6.45144032921811,6.70032392026578,6.5876361402027,180
"158",2016,6,6.81578947368421,19,7,6.3,5,6,6.86111111111111,14,5,1,1,18,1805,1086,719,244,603,1202,6.62762115789474,6.91737476979742,6.18996827538247,6.44549180327869,6.69916252072969,6.59173143926789,181
"159",2016,7,6.01428571428571,14,6.42857142857143,5.6,5,7,5.85,7,7,2,2,12,1819,1093,726,246,605,1214,6.62290059923035,6.91424428179323,6.18427987603306,6.43373983739837,6.70015702479339,6.58439966227348,182
"160",2016,8,7.14545454545455,11,7,7.22857142857143,7.025,7.625,6.87142857142857,4,7,4,4,7,1830,1097,733,250,609,1221,6.62604163387978,6.91455697356427,6.19425264665757,6.4432,6.7062315270936,6.5860452006552,183
"161",2016,9,6.7,15,7.0625,6.28571428571429,6.66666666666667,6,6.875,8,7,3,3,12,1845,1105,740,253,612,1233,6.62664292140922,6.91562805429864,6.19511782432432,6.44584980237154,6.70276960784314,6.58885741281428,184
"162",2016,10,5.91666666666667,18,6.36363636363636,5.21428571428571,6.5,5.33333333333333,6.03333333333333,11,7,2,3,15,1863,1116,747,255,615,1248,6.61978324745035,6.91018727598566,6.18592662650602,6.44627450980392,6.69608943089431,6.58218044070513,185
"163",2016,11,6.62105263157895,19,6.88461538461539,6.05,5,7.08333333333333,6.40769230769231,13,6,3,6,13,1882,1129,753,258,621,1261,6.61979606269926,6.9098928255093,6.18484354581673,6.42945736434109,6.6998309178744,6.58038159397304,186
"164",2016,12,6.9375,20,6.93333333333333,6.94375,6.5,6.975,6.928125,12,8,2,4,16,1902,1141,761,260,625,1277,6.62313679810726,6.9101393514461,6.19282153745072,6.43,6.701592,6.58473859827721,187
"165",2017,1,6.44444444444444,18,7.15,5.5625,3,6.125,6.53571428571429,10,8,1,4,14,1920,1151,769,261,629,1291,6.62146155729167,6.91222328410078,6.18626422626788,6.41685823754789,6.6979252782194,6.58420696359411,188
"166",2017,2,7.31428571428571,14,7.71111111111111,6.6,6,6.33333333333333,7.58181818181818,9,5,4,3,11,1934,1160,774,265,632,1302,6.62647683040331,6.91842155172414,6.1889369379845,6.41056603773585,6.69619462025316,6.59263532258065,189
"167",2017,3,5.91818181818182,11,6.83333333333333,5.575,5.65,6,5.91,3,8,4,1,10,1945,1163,782,269,633,1312,6.62247104884319,6.91820206362855,6.18265625319693,6.39925650557621,6.69509478672986,6.58743230945122,190
"168",2017,4,6.21,20,6.475,5.8125,5.125,4,6.6,12,8,4,3,17,1965,1175,790,273,636,1329,6.61827287022901,6.91367574468085,6.17890783544304,6.38058608058608,6.6823820754717,6.58759306997743,191
"169",2017,5,6.66,15,6.58181818181818,6.875,5,6.975,6.54545454545455,11,4,1,4,11,1980,1186,794,274,640,1340,6.61858898484849,6.91059780775717,6.18241459697733,6.37554744525547,6.6842109375,6.58724715671642,192
"170",2017,6,6.18181818181818,11,6.8,5.66666666666667,NA,7,6.1,5,6,0,1,10,1991,1191,800,274,641,1350,6.6161758864892,6.91013350125944,6.1785464875,6.37554744525547,6.68470358814352,6.58363791851852,193
"171",2017,7,6.33333333333333,15,7.1,4.8,NA,7.5,5.90909090909091,10,5,0,4,11,2006,1201,805,274,645,1361,6.61406091226321,6.91171440466278,6.16998408695652,6.37554744525547,6.68975968992248,6.57818603232917,194
"172",2017,8,6.45294117647059,17,7.05,5.92222222222222,5.5,6.625,6.4,8,9,2,4,13,2023,1209,814,276,649,1374,6.61270696490361,6.91262944582299,6.16724470515971,6.36920289855072,6.68936055469954,6.57650013828239,195
"173",2017,9,7.18181818181818,11,6.83333333333333,7.6,7.5,7,7.25,6,5,2,3,8,2034,1215,819,278,652,1382,6.61578475417896,6.9122378600823,6.17599168498169,6.3773381294964,6.69078987730061,6.58039883502171,196
"174",2017,10,7.05,20,7.25,6.25,6,7.375,6.96875,16,4,2,4,16,2054,1231,823,280,656,1398,6.62001275073028,6.91662794476036,6.17635138517619,6.37464285714286,6.6949618902439,6.58484348354793,197
"175",2017,11,6.67,25,6.75,6.56818181818182,6.3,7.25,6.48684210526316,14,11,5,6,19,2079,1245,834,285,662,1417,6.62061384800385,6.91475421686747,6.18151941247002,6.37333333333333,6.69999244712991,6.58352942131263,198
"176",2017,12,6.92222222222222,18,7.19090909090909,6.5,6.66666666666667,6.6,7.04615384615385,11,7,3,5,13,2097,1256,841,288,667,1430,6.62320276108727,6.91717277070064,6.18417026159334,6.37638888888889,6.69924287856072,6.5877350979021,199
"177",2018,1,6.57222222222222,18,6.76,6.3375,5.6,7,6.51875,10,8,2,2,16,2115,1266,849,290,669,1446,6.62276888416076,6.91593127962085,6.1856150647821,6.37103448275862,6.70014200298954,6.58697177731674,200
"178",2018,2,6.28,15,6.74545454545455,5,3,6.5,6.2,11,4,2,4,11,2130,1277,853,292,673,1457,6.62035501877934,6.91446280344558,6.18005532239156,6.34794520547945,6.69895245170877,6.58405023335621,201
"179",2018,3,6.125,16,6.5,5.75,5.8,5.5,6.33333333333333,8,8,5,4,12,2146,1285,861,297,677,1469,6.61666178471575,6.91188249027237,6.17605945412311,6.33872053872054,6.69186853766617,6.58200217154527,202
"180",2018,4,6.86428571428571,14,6.625,7.18333333333333,7.3,NA,6.86428571428571,8,6,1,0,14,2160,1293,867,298,677,1483,6.61826675462963,6.91010750193349,6.18303020761246,6.34194630872483,6.69186853766617,6.58466701955496,203
"181",2018,5,5.8125,8,6.125,5.5,5.5,6,5.78571428571429,4,4,2,1,7,2168,1297,871,300,678,1490,6.61529344557196,6.90768619892059,6.17989344431688,6.33633333333333,6.69084808259587,6.58091355033557,204
"182",2018,6,6.24444444444444,18,6.48333333333333,6.125,6.83333333333333,6.1,6.3,6,12,3,5,13,2186,1303,883,303,683,1503,6.61223979414456,6.90573215656178,6.1791474405436,6.34125412541254,6.68652269399707,6.57848382568197,205
"183",2018,7,6.075,12,6.725,5.75,5.16666666666667,6.63333333333333,5.88888888888889,4,8,3,3,9,2198,1307,891,306,686,1512,6.6093067288444,6.90517903596021,6.17529426487093,6.3297385620915,6.68629008746356,6.57437909391535,206
"184",2018,8,6.65625,16,6.87777777777778,6.37142857142857,6,7,6.63333333333333,9,7,1,1,15,2214,1316,898,307,687,1527,6.60964597560976,6.90499164133739,6.17682315144766,6.32866449511401,6.68674672489083,6.57495821218075,207
"185",2018,9,6.26923076923077,13,7.16666666666667,5.5,NA,7,6.13636363636364,6,7,0,2,11,2227,1322,905,307,689,1538,6.60765881903907,6.90617927382753,6.17158805524862,6.32866449511401,6.68765602322206,6.57182131989597,208
"186",2018,10,6.64285714285714,21,6.96153846153846,6.125,6.83333333333333,5.625,6.88235294117647,13,8,3,4,17,2248,1335,913,310,693,1555,6.60798762900356,6.90671835205992,6.17117983570646,6.33354838709677,6.68152236652237,6.57521619935692,209
"187",2018,11,6.5375,24,6.65,6.3125,NA,7.33333333333333,6.42380952380952,16,8,0,3,21,2272,1351,921,310,696,1576,6.60724304137324,6.90367801628423,6.17240737242128,6.33354838709677,6.68433189655172,6.57319872461929,210
"188",2018,12,6.69631578947368,19,7.05555555555556,6.373,5.83333333333333,7.375,6.38307692307692,9,10,3,6,13,2291,1360,931,313,702,1589,6.60798175032737,6.90468308823529,6.17456196562836,6.32875399361022,6.69023504273504,6.57164329137823,211
"189",2019,1,6.22631578947368,19,6.86363636363636,5.35,5,5,6.29444444444444,11,8,4,1,18,2310,1371,939,317,703,1607,6.60484250649351,6.9043537563822,6.16753694355698,6.31198738170347,6.6878307254623,6.56853838830118,212
"190",2019,2,6.41666666666667,12,6.77777777777778,5.33333333333333,4,7.33333333333333,6.11111111111111,9,3,1,3,9,2322,1380,942,318,706,1616,6.60387002153316,6.90352826086956,6.16488024416136,6.30471698113207,6.69057365439093,6.56599083539604,213
"191",2019,3,6.32727272727273,22,6.9,6,5.8,5.66666666666667,6.575,8,14,5,6,16,2344,1388,956,323,712,1632,6.601273971843,6.90350792507205,6.16246567991632,6.2969040247678,6.6819452247191,6.56607916053922,214
"192",2019,4,6.20625,16,6.14444444444444,6.28571428571429,7,7.5,6.12,9,7,1,1,15,2360,1397,963,324,713,1647,6.59859584322034,6.89861775232641,6.16336156801662,6.29907407407407,6.68309256661991,6.56201650880389,215
"193",2019,5,6.45,4,6.93333333333333,5,NA,NA,6.45,3,1,0,0,4,2364,1400,964,324,713,1651,6.59834441201354,6.89869214285714,6.16215476141079,6.29907407407407,6.68309256661991,6.56174511811024,216
"194",2019,6,6.22727272727273,11,6.25,6.2,5,6.5,6.16666666666667,6,5,1,2,9,2375,1406,969,325,715,1660,6.59662576421053,6.89592389758179,6.16235004127967,6.29507692307692,6.68258041958042,6.55960312650603,217
"195",2019,7,6.25,8,6.125,6.375,5.83333333333333,5.83333333333333,6.5,4,4,3,3,5,2383,1410,973,328,718,1665,6.59546210239194,6.89373687943262,6.16322424460432,6.29085365853658,6.67903203342618,6.55942413813814,218
"196",2019,8,6.17647058823529,17,6.84615384615385,4,6,7.75,5.69230769230769,13,4,1,4,13,2400,1423,977,329,722,1678,6.59249424583333,6.89330217849613,6.15436764585466,6.28996960486322,6.68496537396122,6.55270631108463,219
"197",2019,9,6.66666666666667,15,7.3125,5.92857142857143,5,7.5,6.36363636363636,8,7,1,4,11,2415,1431,984,330,726,1689,6.59295494409938,6.89564570230608,6.15276137195122,6.28606060606061,6.68945592286501,6.55147494967436,220
"198",2019,10,5.90526315789474,19,5.67,6.16666666666667,5.625,6.375,5.78,10,9,4,4,15,2434,1441,993,334,730,1704,6.58758676663928,6.88714018043026,6.15288740181269,6.27814371257485,6.68773287671233,6.54468379694836,221
"199",2019,11,6.70888888888889,18,6.90461538461538,6.2,7,6.73333333333333,6.704,13,5,1,3,15,2452,1454,998,335,733,1719,6.58847723898858,6.88729642365887,6.15312343687375,6.28029850746269,6.68791950886767,6.54607399069226,222
"200",2019,12,5.99,20,5.96153846153846,6.04285714285714,6,6.75,5.90555555555556,13,7,1,2,18,2472,1467,1005,336,735,1737,6.58363519012945,6.87909270620314,6.15235541293532,6.27946428571429,6.68808843537415,6.5394364939551,223
"201",2020,1,6.37037037037037,27,6.375,6.36363636363636,5.5,6.625,6.26315789473684,16,11,4,8,19,2499,1483,1016,340,743,1756,6.58133100840336,6.87365407956844,6.15464290354331,6.27029411764706,6.68740915208614,6.53644714692483,224
"202",2020,2,6.82142857142857,14,6.85,6.75,8,7,6.75,10,4,1,4,10,2513,1493,1020,341,747,1766,6.58266859928372,6.87349564634963,6.1569776372549,6.27536656891496,6.68908299866131,6.53765639297848,225
"203",2020,3,6.5,15,6.83333333333333,6.27777777777778,5.83333333333333,6.14285714285714,6.8125,6,9,3,7,8,2528,1499,1029,344,754,1774,6.58217808148734,6.87333488992662,6.15803419825073,6.27151162790698,6.68401193633952,6.53889582299887,226
"204",2020,4,6.65,20,6.46428571428571,7.08333333333333,NA,8,6.5,14,6,0,2,18,2548,1513,1035,344,756,1792,6.58271043563579,6.86954990085922,6.16339825120773,6.27151162790698,6.68749338624338,6.53850512834821,227
"205",2020,5,6.8952380952381,21,7,6.78,5.075,6,7.10588235294118,11,10,4,4,17,2569,1524,1045,348,760,1809,6.58526515764889,6.87049146981627,6.16929874641148,6.25775862068965,6.683875,6.54383703150912,228
"206",2020,6,6.06428571428571,14,6.42857142857143,5.7,7,6,6.075,7,7,1,2,12,2583,1531,1052,349,762,1821,6.58244142082849,6.86847093403004,6.16617603612167,6.25988538681948,6.68208005249344,6.54074749588138,229
"207",2020,7,5.69411764705882,17,6.38333333333333,5.31818181818182,5.125,4.75,5.82,6,11,4,2,15,2600,1537,1063,353,764,1836,6.57663315,6.86657709824333,6.15740093132644,6.24702549575071,6.6770222513089,6.53485903594771,230
"208",2020,8,6.953125,16,7.52777777777778,6.21428571428571,6,5.25,7.34615384615385,9,7,1,3,13,2616,1546,1070,354,767,1849,6.57893585244648,6.87042626131953,6.15777307476636,6.24632768361582,6.6714406779661,6.54056310978907,231
"209",2020,9,6.05,10,6.33333333333333,5.625,5,8,5.83333333333333,6,4,1,1,9,2626,1552,1074,355,768,1858,6.57692162604722,6.86834987113402,6.15578881750466,6.24281690140845,6.67317057291667,6.53713734660926,232
"210",2020,10,7.03571428571429,14,7.1,6.875,7,7.66666666666667,6.86363636363636,10,4,1,3,11,2640,1562,1078,356,771,1869,6.57935461742424,6.86983290653009,6.15845750463822,6.24494382022472,6.67703631647211,6.53905895666132,233
"211",2020,11,6.55416666666667,24,6.95,6,6.5,7.36,6.34210526315789,14,10,2,5,19,2664,1576,1088,358,776,1888,6.57912769894895,6.87054505076142,6.15700109375,6.2463687150838,6.6814368556701,6.53707690148305,234
"212",2020,12,6.86,25,7.03846153846154,6.66666666666667,NA,6.77777777777778,6.90625,13,12,0,9,16,2689,1589,1100,358,785,1904,6.58173900706582,6.87191881686595,6.16256108181818,6.2463687150838,6.68254140127388,6.54017919642857,235
"213",2021,1,6.57307692307692,26,6.725,6.44285714285714,6,6.7,6.54285714285714,12,14,1,5,21,2715,1601,1114,359,790,1925,6.58165605524862,6.87081761399125,6.1660836535009,6.24568245125348,6.68265189873418,6.54020841038961,236
"214",2021,2,6.7,15,7.1,5.9,5,8,6.22727272727273,10,5,1,4,11,2730,1611,1119,360,794,1936,6.5823062967033,6.87224022346369,6.16489471849866,6.24222222222222,6.68928841309824,6.53843036673554,237
"215",2021,3,6.73037055555556,18,6.98820538461538,6.06,5,6.76666666666667,6.72311133333333,13,5,1,3,15,2748,1624,1124,361,797,1951,6.58327614992722,6.87316851600985,6.16442810498221,6.2387811634349,6.68957967377666,6.53985026140441,238
"216",2021,4,6.47375,16,6.51142857142857,6.44444444444444,7,6.5,6.46181818181818,7,9,1,5,11,2764,1631,1133,362,802,1962,6.58264213458755,6.87161598405886,6.16665241835834,6.24088397790055,6.68839775561097,6.53941277268094,239
"217",2021,5,6.33823529411765,17,7.03125,5.72222222222222,4,6.75,6.21153846153846,8,9,1,4,13,2781,1639,1142,363,806,1975,6.58114809780654,6.87239516168395,6.16314990367776,6.23471074380165,6.68870347394541,6.53725461265823,240
"218",2021,6,6.78571428571429,14,7.7,6.27777777777778,NA,6.6875,6.91666666666667,5,9,0,8,6,2795,1644,1151,363,814,1981,6.58217275849732,6.8749122080292,6.16404621198958,6.23471074380165,6.68869164619165,6.53840376577486,241
"219",2021,7,6.125,12,6.33333333333333,5.91666666666667,4.5,4.5,6.27272727272727,6,6,1,1,11,2807,1650,1157,364,815,1992,6.58021833273958,6.87294283030303,6.16276334485739,6.22994505494505,6.68600613496932,6.53693667670683,242
"220",2021,8,5.69526315789474,19,6.68416666666667,4,7,4,6.14733333333333,12,7,1,4,15,2826,1662,1164,365,819,2007,6.57426852795471,6.87157982551143,6.14975703608247,6.23205479452055,6.67288766788767,6.53402484304933,243
"221",2021,9,5.78125,16,6.16666666666667,4.625,NA,4,5.9,12,4,0,1,15,2842,1674,1168,365,820,2022,6.56980396199859,6.86652668458781,6.14453526541096,6.23205479452055,6.66962804878049,6.52932139465875,244
"222",2021,10,5.98333333333333,12,6.225,5.5,6,5.7,6.125,8,4,2,4,8,2854,1682,1172,367,824,2030,6.56733807288017,6.86347542806183,6.14233548634812,6.23079019073569,6.66492111650485,6.52772800985222,245
"223",2021,11,6.55555555555556,9,6.8,6.25,6,7.5,5.8,5,4,1,4,5,2863,1687,1176,368,828,2035,6.56730103388054,6.86328729697688,6.14270169217687,6.23016304347826,6.66895531400966,6.52593998034398,246
"224",2021,12,6.64285714285714,14,6.77777777777778,6.4,NA,6.75,6.6,9,5,0,4,10,2877,1696,1181,368,832,2045,6.5676687035106,6.86283353183962,6.14379101608806,6.23016304347826,6.66934495192308,6.52630213202934,247
"225",2022,1,6.78030303030303,33,7.16666666666667,6.31666666666667,6,7.22222222222222,6.61458333333333,18,15,1,9,24,2910,1714,1196,369,841,2069,6.57008002061856,6.86602431155192,6.14595918896321,6.22953929539295,6.67526159334126,6.52732617689705,248
"226",2022,2,6.14545454545455,11,6.325,5.66666666666667,6.5,6.5,6.11,8,3,1,1,10,2921,1722,1199,370,842,2079,6.56848095172886,6.86351084204413,6.14475995829858,6.23027027027027,6.67505344418052,6.52531883597884,249
"227",2022,3,6.69380952380952,21,7.55,4.98142857142857,NA,7.41888888888889,6.15,14,7,0,9,12,2942,1736,1206,370,851,2091,6.56937554724677,6.86904704493088,6.13800762023217,6.23027027027027,6.68292009400705,6.52316492587279,250
"228",2022,4,6.34782608695652,23,6.36363636363636,6.33333333333333,7.25,6.5,6.15,11,12,2,13,10,2965,1747,1218,372,864,2101,6.56765695109612,6.86586472238122,6.13993201149425,6.23575268817204,6.68016782407407,6.52138879581152,251
"229",2022,5,6.54166666666667,12,6.875,5.875,NA,NA,6.54166666666667,8,4,0,0,12,2977,1755,1222,372,864,2113,6.5675521867652,6.86590636467236,6.13906480360066,6.23575268817204,6.68016782407407,6.52150395646001,252
"230",2022,6,6.36363636363636,11,6.75,5.33333333333333,5,5.33333333333333,6.75,8,3,1,3,8,2988,1763,1225,373,867,2121,6.56680149263721,6.86538041406693,6.13709158367347,6.23243967828418,6.67550749711649,6.52236579915134,253
"231",2022,7,6.42857142857143,7,7,5,5,6.5,6.4,5,2,1,2,5,2995,1768,1227,374,869,2126,6.56647841736227,6.86576112556561,6.13523813365933,6.22914438502674,6.67510356731876,6.52207801505174,254
"232",2022,8,6.27142857142857,14,6.44444444444444,5.96,6.8,6.8,5.97777777777778,9,5,1,5,9,3009,1777,1232,375,874,2135,6.56510563642406,6.86362727630838,6.13452693993507,6.23066666666667,6.6758180778032,6.51978354098361,255
"233",2022,9,6.52263636363636,11,6.63877777777778,6,7,8.4845,6.08666666666667,9,2,1,2,9,3020,1786,1234,376,876,2144,6.56495094701987,6.86249421612542,6.13430890599676,6.23271276595745,6.67994748858447,6.51796541977612,256
"234",2022,10,6.13333333333333,12,6.51428571428571,5.6,4,6.65,5.875,7,5,1,4,8,3032,1793,1239,377,880,2152,6.56324269788918,6.86113478527607,6.13215269572236,6.22679045092838,6.67981136363636,6.51557521375465,257
"235",2022,11,7.19333333333333,15,6.9,7.38888888888889,9,7.23333333333333,7.16666666666667,6,9,1,6,9,3047,1799,1248,378,886,2161,6.56634455530029,6.86126440800445,6.14121569711539,6.23412698412698,6.68355981941309,6.51828683942619,258
"236",2022,12,6.15,18,7.42727272727273,4.14285714285714,NA,7.4,5.66923076923077,11,7,0,5,13,3065,1810,1255,378,891,2174,6.56389946492659,6.86470423756906,6.13006947410359,6.23412698412698,6.68758024691358,6.51320968721251,259
