"","year","month","avg_rating","no_ratings","avg_rating_owned","avg_rating_not_owned","avg_rating_prev_owned","avg_rating_comment","avg_rating_no_comment","no_ratings_owned","no_ratings_not_owned","no_ratings_prev_owned","no_ratings_comment","no_ratings_no_comment","cum_no_ratings","cum_no_ratings_owned","cum_no_ratings_not_owned","cum_no_ratings_prev_owned","cum_no_ratings_comment","cum_no_ratings_no_comment","cum_avg_rating","cum_avg_rating_owned","cum_avg_rating_not_owned","cum_avg_rating_prev_owned","cum_avg_rating_comment","cum_avg_rating_no_comment","month_after_release"
"1",2008,10,6.98863636363636,22,7.97222222222222,6.30769230769231,8.5,6.16666666666667,7.296875,9,13,1,6,16,22,9,13,1,6,16,6.98863636363636,7.97222222222222,6.30769230769231,8.5,6.16666666666667,7.296875,0
"2",2008,11,6.76885245901639,61,7.61304347826087,6.2578947368421,6.66666666666667,6.172,7.18333333333333,23,38,9,25,36,83,32,51,10,31,52,6.82710843373494,7.7140625,6.27058823529412,6.85,6.17096774193548,7.21826923076923,1
"3",2008,12,6.28333333333333,30,7.25,6.13461538461539,6.33333333333333,5.70833333333333,6.66666666666667,4,26,3,12,18,113,36,77,13,43,70,6.68274336283186,7.6625,6.22467532467532,6.73076923076923,6.04186046511628,7.07642857142857,2
"4",2009,1,7.10909090909091,33,7.40588235294118,6.79375,6.625,7.19090909090909,7.06818181818182,17,16,4,11,22,146,53,93,17,54,92,6.7791095890411,7.58018867924528,6.32258064516129,6.70588235294118,6.27592592592593,7.07445652173913,3
"5",2009,2,6.70689655172414,29,7.35714285714286,6.5,6.75,6.77777777777778,6.675,7,22,6,9,20,175,60,115,23,63,112,6.76714285714286,7.55416666666667,6.35652173913043,6.71739130434783,6.34761904761905,7.003125,4
"6",2009,3,7.25555555555556,36,7.97272727272727,6.94,7.08333333333333,7.10666666666667,7.36190476190476,11,25,6,15,21,211,71,140,29,78,133,6.85047393364929,7.61901408450704,6.46071428571429,6.79310344827586,6.49358974358974,7.05977443609023,5
"7",2009,4,6.68461538461538,39,7.32307692307692,6.36538461538461,6.83333333333333,6.88181818181818,6.60714285714286,13,26,3,11,28,250,84,166,32,89,161,6.8246,7.57321428571429,6.44578313253012,6.796875,6.54157303370787,6.98105590062112,6
"8",2009,5,6.6962962962963,27,7.08333333333333,6.58571428571429,6.6,6.64444444444444,6.72222222222222,6,21,5,9,18,277,90,187,37,98,179,6.81209386281588,7.54055555555556,6.46149732620321,6.77027027027027,6.55102040816327,6.95502793296089,7
"9",2009,6,6.68235294117647,17,7.33333333333333,6.54285714285714,6.75,7.66666666666667,6.47142857142857,3,14,4,3,14,294,93,201,41,101,193,6.80459183673469,7.53387096774194,6.46716417910448,6.76829268292683,6.58415841584158,6.9199481865285,8
"10",2009,7,6.87647058823529,17,7.475,6.69230769230769,7,6.33333333333333,7.17272727272727,4,13,2,6,11,311,97,214,43,107,204,6.80852090032154,7.53144329896907,6.48084112149533,6.77906976744186,6.57009345794393,6.93357843137255,9
"11",2009,8,6.94666666666667,15,7.5,6.31428571428571,5,7.125,6.88181818181818,8,7,1,4,11,326,105,221,44,111,215,6.8148773006135,7.52904761904762,6.47556561085973,6.73863636363636,6.59009009009009,6.93093023255814,10
"12",2009,9,6.6375,24,7.675,6.11875,6,7.15,6.46666666666667,8,16,3,6,18,350,113,237,47,117,233,6.80271428571429,7.53938053097345,6.45147679324895,6.69148936170213,6.61880341880342,6.8950643776824,11
"13",2009,10,7.17121212121212,33,7.14285714285714,7.19210526315789,7.125,7.45625,7.08,14,19,4,8,25,383,127,256,51,125,258,6.83446475195822,7.49566929133858,6.5064453125,6.72549019607843,6.6724,6.91298449612403,12
"14",2009,11,6.72096774193548,31,7.23333333333333,6.51136363636364,6.52777777777778,6.75,6.714,9,22,9,6,25,414,136,278,60,131,283,6.82596618357488,7.47830882352941,6.5068345323741,6.69583333333333,6.67595419847328,6.89540636042403,13
"15",2009,12,7.09,20,7.7,6.59090909090909,7.75,6.75,7.43,9,11,4,10,10,434,145,289,64,141,293,6.838133640553,7.49206896551724,6.51003460207613,6.76171875,6.68120567375886,6.91365187713311,14
"16",2010,1,6.95869565217391,23,7.22222222222222,6.78928571428571,6.46428571428571,7.05,6.93333333333333,9,14,7,5,18,457,154,303,71,146,311,6.84420131291029,7.4762987012987,6.52293729372937,6.73239436619718,6.69383561643836,6.91479099678457,15
"17",2010,2,6.74444444444444,18,6.92857142857143,6.62727272727273,7,6.32,6.90769230769231,7,11,1,5,13,475,161,314,72,151,324,6.84042105263158,7.45248447204969,6.5265923566879,6.73611111111111,6.68145695364238,6.91450617283951,16
"18",2010,3,6.62683333333333,18,8.08333333333333,5.89858333333333,6.33333333333333,5.2566,7.15384615384615,6,12,3,5,13,493,167,326,75,156,337,6.83262271805274,7.4751497005988,6.5034754601227,6.72,6.63578846153846,6.92373887240356,17
"19",2010,4,6.68260869565217,23,7.22727272727273,6.18333333333333,7,7.03333333333333,6.55882352941176,11,12,2,6,17,516,178,338,77,162,354,6.82593604651163,7.45983146067416,6.49210946745562,6.72727272727273,6.65051234567901,6.90621468926554,18
"20",2010,5,7.03125,16,7.375,6.6875,6.75,6.375,7.25,8,8,2,4,12,532,186,346,79,166,366,6.83211090225564,7.45618279569893,6.49662716763006,6.72784810126582,6.6438734939759,6.91748633879782,19
"21",2010,6,6.83333333333333,6,7.5,6.16666666666667,NA,8.25,6.125,3,3,0,2,4,538,189,349,79,168,370,6.83212453531598,7.45687830687831,6.49379083094556,6.72784810126582,6.66299404761905,6.90891891891892,20
"22",2010,7,6.5,9,7.5,6.375,7,5,6.92857142857143,1,8,1,2,7,547,190,357,80,170,377,6.82665996343693,7.4571052631579,6.49112885154062,6.73125,6.6434294117647,6.90928381962865,21
"23",2010,8,7.09545454545455,11,7.1,7.09375,6.5625,6.75,7.225,3,8,4,3,8,558,193,365,84,173,385,6.83195878136201,7.45155440414508,6.50433698630137,6.72321428571429,6.6452774566474,6.91584415584416,22
"24",2010,9,7.125,8,7,7.2,NA,7,7.14285714285714,3,5,0,1,7,566,196,370,84,174,392,6.83610070671378,7.44464285714286,6.51373783783784,6.72321428571429,6.64731609195402,6.91989795918368,23
"25",2010,10,6.98666666666667,15,7.25,6.68571428571429,7,6.875,7.02727272727273,8,7,2,4,11,581,204,377,86,178,403,6.83998795180723,7.43700980392157,6.51693103448276,6.7296511627907,6.65243258426966,6.92282878411911,24
"26",2010,11,6.67368421052632,19,7.3125,6.20909090909091,6.5,6.75,6.65333333333333,8,11,3,4,15,600,212,388,89,182,418,6.83472166666667,7.43231132075472,6.50820360824742,6.72191011235955,6.65457692307692,6.91315789473684,25
"27",2010,12,6.77272727272727,11,7.375,6.42857142857143,6.375,5.25,7.11111111111111,4,7,4,2,9,611,216,395,93,184,427,6.83360556464812,7.43125,6.50679240506329,6.70698924731183,6.63930978260869,6.91733021077284,26
"28",2011,1,7.01666666666667,18,7.45833333333333,6.79583333333333,6.6,7.3125,6.93214285714286,6,12,5,4,14,629,222,407,98,188,441,6.83884419713832,7.43198198198198,6.5153144963145,6.7015306122449,6.6536329787234,6.91780045351474,27
"29",2011,2,7.2578947368421,19,7.5,7.11666666666667,7.83333333333333,8.31666666666667,6.76923076923077,7,12,3,6,13,648,229,419,101,194,454,6.85113117283951,7.43406113537118,6.5325369928401,6.73514851485149,6.70506701030928,6.91354625550661,28
"30",2011,3,6.8225,20,7.2,6.51363636363636,7.25,7.30714285714286,6.56153846153846,9,11,2,7,13,668,238,430,103,201,467,6.85027395209581,7.42521008403361,6.53205348837209,6.74514563106796,6.72603482587065,6.90374732334047,29
"31",2011,4,7.2125,20,7.70909090909091,6.60555555555556,7.5,7.2875,7.1625,11,9,2,8,12,688,249,439,105,209,479,6.86080377906977,7.43775100401606,6.53356036446469,6.75952380952381,6.74752631578947,6.91022964509395,30
"32",2011,5,6.3,15,6.75,6,6.4,5.625,6.54545454545455,6,9,2,4,11,703,255,448,107,213,490,6.84883783783784,7.42156862745098,6.52284151785714,6.75280373831776,6.72644600938967,6.90204081632653,31
"33",2011,6,7.16666666666667,15,8.1,6.7,7.33333333333333,8.33333333333333,6.875,5,10,6,3,12,718,260,458,113,216,502,6.85547771587744,7.43461538461538,6.5267096069869,6.78362831858407,6.74876388888889,6.90139442231076,32
"34",2011,7,6.75,13,6.45833333333333,7,6,6.25,6.97222222222222,6,7,1,4,9,731,266,465,114,220,511,6.85360191518468,7.41259398496241,6.53383440860215,6.77675438596491,6.73969545454545,6.90264187866928,33
"35",2011,8,6.66666666666667,15,7.41666666666667,6.16666666666667,5.5,6.5,6.70833333333333,6,9,4,3,12,746,272,474,118,223,523,6.84984316353887,7.41268382352941,6.52686286919831,6.73347457627119,6.73647085201794,6.89818355640536,34
"36",2011,9,7.54285714285714,7,8.4,7.2,8,7.6,7.5,2,5,1,3,4,753,274,479,119,226,527,6.85628552456839,7.41989051094891,6.53388935281837,6.74411764705882,6.74793362831858,6.90275142314991,35
"37",2011,10,6.94411764705882,17,7.54285714285714,6.525,6.375,6.75,6.97,7,10,4,2,15,770,281,489,123,228,542,6.85822467532468,7.4229537366548,6.53370756646217,6.73211382113821,6.74795175438596,6.90461254612546,36
"38",2011,11,7.01111111111111,18,7.83333333333333,6.6,7.4,7.64,6.76923076923077,6,12,3,5,13,788,287,501,126,233,555,6.86171700507614,7.4315331010453,6.53529540918164,6.74801587301587,6.76709442060086,6.90144144144144,37
"39",2011,12,7.14166666666667,18,7.12142857142857,7.15454545454545,7,6.25,7.39642857142857,7,11,2,4,14,806,294,512,128,237,569,6.86796898263027,7.42414965986394,6.548599609375,6.751953125,6.75836708860759,6.91362038664324,38
"40",2012,1,6.49166666666667,18,7.42857142857143,5.89545454545455,6,6.75,6.41785714285714,7,11,3,4,14,824,301,523,131,241,583,6.85974878640777,7.42425249169435,6.53486233269598,6.73473282442748,6.75822821576763,6.90171526586621,39
"41",2012,2,6.53076923076923,13,6.66666666666667,6.41428571428571,6.95,7.45,6.36363636363636,6,7,2,2,11,837,307,530,133,243,594,6.85463918757467,7.40944625407166,6.53326981132075,6.73796992481203,6.76392181069959,6.89175084175084,40
"42",2012,3,7.19230769230769,13,7.28571428571429,7.08333333333333,7.5,6,7.29166666666667,7,6,3,1,12,850,314,536,136,244,606,6.85980352941177,7.40668789808917,6.53942723880597,6.75477941176471,6.76079098360656,6.8996699669967,41
"43",2012,4,7.05625,16,7.16666666666667,6.99,8.2,7.7,6.96428571428571,6,10,2,2,14,866,320,546,138,246,620,6.86343302540416,7.4021875,6.54767948717949,6.77572463768116,6.76842682926829,6.90112903225807,42
"44",2012,5,7,10,8,6.57142857142857,7.25,7,7,3,7,2,1,9,876,323,553,140,247,629,6.86499200913242,7.40773993808049,6.54798010849909,6.7825,6.76936437246964,6.90254372019078,43
"45",2012,6,6.83076923076923,13,7.375,6.58888888888889,6.66,6.76,6.875,4,9,5,5,8,889,327,562,145,252,637,6.86449156355456,7.40733944954128,6.54863523131673,6.77827586206896,6.76917857142857,6.90219780219781,44
"46",2012,7,7.07833333333333,12,7.2,6.99142857142857,7,7,7.094,5,7,1,2,10,901,332,569,146,254,647,6.86733962264151,7.40421686746988,6.55408260105448,6.77979452054794,6.77099606299213,6.90516228748068,45
"47",2012,8,6.55555555555556,9,7.25,6.35714285714286,6.66666666666667,6.5,6.5625,2,7,3,1,8,910,334,576,149,255,655,6.86425604395604,7.40329341317365,6.55168923611111,6.77751677852349,6.76993333333333,6.90097709923664,46
"48",2012,9,6.8125,8,7.08333333333333,6,7,5,7.07142857142857,6,2,1,1,7,918,340,578,150,256,662,6.86380501089325,7.39764705882353,6.54978027681661,6.779,6.76301953125,6.90277945619336,47
"49",2012,10,7.32941176470588,17,7.55,6.8,7,7.68,7.18333333333333,12,5,2,5,12,935,352,583,152,261,674,6.87227058823529,7.40284090909091,6.55192624356775,6.78190789473684,6.78058620689655,6.90777448071217,48
"50",2012,11,6.73076923076923,13,7.25,6.5,6.66666666666667,7,6.68181818181818,4,9,3,2,11,948,356,592,155,263,685,6.87033016877637,7.40112359550562,6.55113682432432,6.77967741935484,6.78225475285171,6.90414598540146,49
"51",2012,12,7.3,14,8.025,6.33333333333333,4,7.325,7.29,8,6,1,4,10,962,364,598,156,267,695,6.87658316008316,7.41483516483516,6.54895150501672,6.76185897435897,6.79038576779026,6.90969784172662,50
"52",2013,1,6.43333333333333,12,7,6.24444444444444,6.75,6,6.47272727272727,3,9,2,1,11,974,367,607,158,268,706,6.87112217659138,7.41144414168937,6.54443657331137,6.76170886075949,6.78743656716418,6.9028895184136,51
"53",2013,2,7.11764705882353,17,6.92857142857143,7.25,6.33333333333333,5.5,7.61538461538461,7,10,3,4,13,991,374,617,161,272,719,6.875351160444,7.4024064171123,6.55587196110211,6.75372670807453,6.76850367647059,6.9157719054242,52
"54",2013,3,6.64285714285714,14,7,6.5,6.83333333333333,6.33333333333333,6.72727272727273,4,10,6,3,11,1005,378,627,167,275,730,6.87211243781095,7.39814814814815,6.55498086124402,6.7565868263473,6.76375636363636,6.91293150684932,53
"55",2013,4,7.13,10,7.5,6.575,NA,8,7.03333333333333,6,4,0,1,9,1015,384,631,167,276,739,6.87465320197044,7.39973958333333,6.55510776545166,6.7565868263473,6.76823550724638,6.91439783491204,54
"56",2013,5,7.025,20,7.25555555555556,6.83636363636364,6.61666666666667,7,7.03571428571429,9,11,6,6,14,1035,393,642,173,282,753,6.87755845410628,7.39643765903308,6.55992679127726,6.75173410404624,6.77316666666667,6.91665338645418,55
"57",2013,6,6.59090909090909,11,7.25,6.21428571428571,5.5,NA,6.59090909090909,4,7,4,0,11,1046,397,649,177,282,764,6.87454397705545,7.39496221662468,6.55619876733436,6.72344632768362,6.77316666666667,6.91196335078534,56
"58",2013,7,6.59411764705882,17,7.28571428571429,6.11,5.33333333333333,6.66666666666667,6.57857142857143,7,10,3,3,14,1063,404,659,180,285,778,6.87005926622766,7.39306930693069,6.54942792109256,6.70027777777778,6.77204561403509,6.90596401028278,57
"59",2013,8,6.75714285714286,14,7.3875,5.91666666666667,6,8.5,6.62307692307692,8,6,3,1,13,1077,412,665,183,286,791,6.86859145775302,7.39296116504854,6.54371879699248,6.68879781420765,6.77808741258741,6.90131479140329,58
"60",2013,9,6.37777777777778,18,7.0375,5.85,5.875,6.5,6.3625,8,10,4,2,16,1095,420,675,187,288,807,6.86052328767123,7.38619047619048,6.53344148148148,6.67139037433155,6.77615625,6.89063197026023,59
"61",2013,10,7.25,8,7.5,6.83333333333333,6.75,7,7.4,5,3,2,3,5,1103,425,678,189,291,812,6.86334814143246,7.38752941176471,6.53476843657817,6.67222222222222,6.77846391752577,6.89376847290641,60
"62",2013,11,6.40769230769231,13,7.3,5.64285714285714,3,6,6.53,6,7,1,3,10,1116,431,685,190,294,822,6.85804032258065,7.38631090487239,6.52565401459854,6.65289473684211,6.77052040816327,6.88934306569343,61
"63",2013,12,5.9,12,6.5,5.47142857142857,6.5,NA,5.9,5,7,2,0,12,1128,436,692,192,294,834,6.84784840425532,7.37614678899083,6.51498988439306,6.65130208333333,6.77052040816327,6.87510791366907,62
"64",2014,1,6.51153846153846,13,7.1,5.825,5.7375,7,6.42272727272727,7,6,4,2,11,1141,443,698,196,296,845,6.8440166520596,7.37178329571106,6.50905873925501,6.63265306122449,6.77207094594595,6.86921893491124,63
"65",2014,2,6.67142857142857,14,7.475,6.35,5.7,7.75,6.49166666666667,4,10,5,2,12,1155,447,708,201,298,857,6.84192467532468,7.37270693512304,6.50681214689266,6.60945273631841,6.77863422818792,6.86393232205368,64
"66",2014,3,6.5,4,7,6,NA,5.5,7.5,2,2,0,2,2,1159,449,710,201,300,859,6.84074460742019,7.37104677060134,6.50538450704225,6.60945273631841,6.77011,6.86541327124564,65
"67",2014,4,6.30357142857143,14,6.0875,6.59166666666667,7.55,6.3,6.30416666666667,8,6,2,2,12,1173,457,716,203,302,871,6.83433333333333,7.34857768052516,6.50610754189944,6.61871921182266,6.76699668874172,6.85768082663605,66
"68",2014,5,6.96363636363636,11,7.25,6.62,6.55,7.75,6.78888888888889,6,5,2,2,9,1184,463,721,205,304,880,6.83553462837838,7.34730021598272,6.50689736477115,6.6180487804878,6.77346381578947,6.85697727272727,67
"69",2014,6,6.42857142857143,7,8.33333333333333,5,7,NA,6.42857142857143,3,4,1,0,7,1191,466,725,206,304,887,6.83314273719563,7.35364806866953,6.49858344827586,6.61990291262136,6.77346381578947,6.85359639233371,68
"70",2014,7,6.57272727272727,11,6.5,6.58888888888889,6.26666666666667,5.5,6.81111111111111,2,9,3,2,9,1202,468,734,209,306,896,6.83075956738769,7.35,6.49969073569482,6.61483253588517,6.76514052287582,6.85316964285714,69
"71",2014,8,6.75764705882353,17,7.8,6.32333333333333,6.66666666666667,7.66666666666667,6.56285714285714,5,12,3,3,14,1219,473,746,212,309,910,6.82973995077933,7.35475687103594,6.49685388739947,6.61556603773585,6.77389320388349,6.8487032967033,70
"72",2014,9,6.415,10,7.08333333333333,6.12857142857143,5.75,7.125,6.2375,3,7,4,2,8,1229,476,753,216,311,918,6.8263653376729,7.35304621848739,6.49343027888446,6.59953703703704,6.77615112540193,6.84337690631808,71
"73",2014,10,6.94444444444444,9,7.83333333333333,6.5,6,6.4,7.625,3,6,4,5,4,1238,479,759,220,316,922,6.82722374798061,7.35605427974948,6.49348221343874,6.58863636363636,6.77019936708861,6.84676789587853,72
"74",2014,11,6.83529411764706,17,7.61666666666667,6.40909090909091,6.375,7.56666666666667,6.67857142857143,6,11,4,3,14,1255,485,770,224,319,936,6.82733306772908,7.35927835051546,6.49227662337662,6.58482142857143,6.77768965517241,6.84425213675214,73
"75",2014,12,6.16666666666667,9,7.3,4.75,6,6,6.1875,5,4,1,1,8,1264,490,774,225,320,944,6.8226289556962,7.35867346938775,6.48327260981912,6.58222222222222,6.775259375,6.83868644067797,74
"76",2015,1,6.46666666666667,12,7.325,6.0375,5.5,7.5,6.37272727272727,4,8,2,1,11,1276,494,782,227,321,955,6.81928134796238,7.3584008097166,6.47871227621483,6.5726872246696,6.77751713395639,6.83331937172775,75
"77",2015,2,6.675,20,7.25,6.1,6.4,6.75,6.66666666666667,10,10,5,2,18,1296,504,792,232,323,973,6.81705478395062,7.35625,6.47393055555556,6.56896551724138,6.77734674922601,6.83023638232272,76
"78",2015,3,6.70666666666667,15,7.5,6.41818181818182,6.4,6.25,6.87272727272727,4,11,5,4,11,1311,508,803,237,327,984,6.81579176201373,7.35738188976378,6.47316687422167,6.56540084388186,6.77089602446483,6.83071138211382,77
"79",2015,4,6.45,14,7.05,6,5.75,5.875,6.68,6,8,4,4,10,1325,514,811,241,331,994,6.81192679245283,7.35379377431907,6.46849938347719,6.55186721991701,6.76006948640483,6.82919517102616,78
"80",2015,5,6.43571428571429,14,7.56,5.81111111111111,6.6,6.4,6.44166666666667,5,9,3,2,12,1339,519,820,244,333,1006,6.80799327856609,7.35578034682081,6.46128414634147,6.55245901639344,6.75790690690691,6.82457256461233,79
"81",2015,6,7.109375,16,7.375,6.95,6.71428571428571,6.5,7.3125,6,10,7,4,12,1355,525,830,251,337,1018,6.8115520295203,7.356,6.46717228915663,6.55697211155378,6.75484569732938,6.83032416502947,80
"82",2015,7,6.625,4,7,6.5,7,6.5,6.66666666666667,1,3,1,1,3,1359,526,833,252,338,1021,6.81100294334069,7.35532319391635,6.46729051620648,6.55873015873016,6.75409171597633,6.82984329089129,81
"83",2015,8,7.13571428571429,14,7.63333333333333,6.7625,6.3,6.84,7.3,6,8,4,5,9,1373,532,841,256,343,1030,6.81431391114348,7.35845864661654,6.4700986920333,6.5546875,6.75534402332361,6.83395145631068,82
"84",2015,9,6.53846153846154,13,6.6,6.5,7,8,6.41666666666667,5,8,4,1,12,1386,537,849,260,344,1042,6.81172655122655,7.35139664804469,6.4703804475854,6.56153846153846,6.75896220930232,6.82914587332054,83
"85",2015,10,6.71428571428571,14,6.9375,6.41666666666667,6.1,6.5,6.83333333333333,8,6,5,5,9,1400,545,855,265,349,1051,6.81075214285714,7.34532110091743,6.47000350877193,6.55283018867924,6.75525214899713,6.82918173168411,84
"86",2015,11,6.84090909090909,11,7.08333333333333,6.55,7,7,6.80555555555556,6,5,1,2,9,1411,551,860,266,351,1060,6.81098724309001,7.34246823956443,6.47046860465117,6.55451127819549,6.75664672364672,6.82898113207547,85
"87",2015,12,6.16294117647059,17,6.71428571428571,5.777,5.9,5.625,6.32846153846154,7,10,5,4,13,1428,558,870,271,355,1073,6.80327240896359,7.33458781362007,6.46249770114943,6.54243542435424,6.74389577464789,6.82291705498602,86
"88",2016,1,6.85416666666667,24,7.8,6.17857142857143,6.07142857142857,5.8,7.13157894736842,10,14,7,5,19,1452,568,884,278,360,1092,6.80411363636364,7.34278169014085,6.45800113122172,6.53057553956834,6.73078611111111,6.82828754578755,87
"89",2016,2,6.71666666666667,18,7.21428571428571,6.4,6.25,6.33333333333333,6.79333333333333,7,11,6,3,15,1470,575,895,284,363,1107,6.80304285714286,7.34121739130435,6.45728826815643,6.52464788732394,6.72750137741047,6.82781391147245,88
"90",2016,3,6.6,10,6.5,6.625,6.33333333333333,6.33333333333333,6.71428571428571,2,8,3,3,7,1480,577,903,287,366,1114,6.80167094594595,7.33830155979203,6.45877408637874,6.52264808362369,6.72427049180328,6.82710053859964,89
"91",2016,4,7.025,16,7.4,6.85454545454545,6.7,7.25,6.99285714285714,5,11,5,2,14,1496,582,914,292,368,1128,6.80405949197861,7.33883161512028,6.46353719912473,6.52568493150685,6.7271277173913,6.82915780141844,90
"92",2016,5,6.83461538461538,13,7.30714285714286,6.28333333333333,5.675,6.59,6.9875,7,6,4,5,8,1509,589,920,296,373,1136,6.80432273028496,7.33845500848896,6.46236195652174,6.51418918918919,6.72528954423592,6.83027288732394,91
"93",2016,6,6.90384615384615,13,7.14285714285714,6.625,6.625,6.83333333333333,6.925,7,6,2,3,10,1522,596,926,298,376,1146,6.80517279894875,7.33615771812081,6.46341576673866,6.51493288590604,6.72615159574468,6.83109947643979,92
"94",2016,7,7.22916666666667,12,7.25,7.20833333333333,8,8,7.15909090909091,6,6,1,1,11,1534,602,932,299,377,1157,6.80848956975228,7.33529900332226,6.46821137339056,6.51989966555184,6.72953050397878,6.83421780466724,93
"95",2016,8,6,5,6.75,5.5,6.5,NA,6,2,3,1,0,5,1539,604,935,300,377,1162,6.8058628979857,7.33336092715232,6.46510481283423,6.51983333333333,6.72953050397878,6.83062822719449,94
"96",2016,9,6.64375,16,6.75,6.60833333333333,6.6875,6.5,6.65333333333333,4,12,8,1,15,1555,608,947,308,378,1177,6.80419485530547,7.32952302631579,6.46691974656811,6.52418831168831,6.72892328042328,6.82836873406967,95
"97",2016,10,6.03933333333333,15,6.918,5.6,5.25,6,6.04214285714286,5,10,4,1,14,1570,613,957,312,379,1191,6.7968872611465,7.32616639477977,6.45786102403344,6.50785256410256,6.727,6.81912678421495,96
"98",2016,11,6.64285714285714,21,6.66666666666667,6.625,7,7,6.60526315789474,9,12,2,2,19,1591,622,969,314,381,1210,6.79485417976116,7.31662379421222,6.45993085655315,6.5109872611465,6.72843307086614,6.81576859504132,97
"99",2016,12,6.53529411764706,17,6.8,6.2375,5.98333333333333,5.8,6.69285714285714,9,8,6,3,14,1608,631,977,320,384,1224,6.79211007462687,7.30925515055468,6.45810951893552,6.50109375,6.7211796875,6.81436274509804,98
"100",2017,1,7.3,10,7.3,NA,NA,6.5,7.5,10,0,0,2,8,1618,641,977,320,386,1232,6.79524907292954,7.30911076443058,6.45810951893552,6.50109375,6.72003367875648,6.81881493506494,99
"101",2017,2,7.07692307692308,13,7.5,6.8125,6.85,7.25,7.04545454545455,5,8,5,2,11,1631,646,985,325,388,1243,6.79749417535254,7.31058823529412,6.46098781725888,6.50646153846154,6.72276546391752,6.82082059533387,100
"102",2017,3,6.60833333333333,12,6.8,6.41666666666667,7,8,6.48181818181818,6,6,1,1,11,1643,652,991,326,389,1254,6.79611259890444,7.30588957055215,6.4607194752775,6.5079754601227,6.72604884318766,6.81784688995215,101
"103",2017,4,6.14285714285714,7,6.33333333333333,6,5,6,6.2,3,4,1,2,5,1650,655,995,327,391,1259,6.79334121212121,7.30143511450382,6.45886733668342,6.50336391437309,6.72233503836317,6.81539316918189,102
"104",2017,5,7.3,5,8.5,6.5,6,6,7.625,2,3,1,1,4,1655,657,998,328,392,1263,6.79487190332326,7.30508371385084,6.45899098196393,6.50182926829268,6.72049234693877,6.81795724465558,103
"105",2017,6,7.08,5,8.5,6.725,6.3,8.5,6.725,1,4,3,1,4,1660,658,1002,331,393,1267,6.79573072289157,7.30689969604863,6.46005289421158,6.5,6.7250203562341,6.8176637726914,104
"106",2017,7,7.11111111111111,9,8.4,5.5,6,9,6.875,5,4,1,1,8,1669,663,1006,332,394,1275,6.79743139604554,7.31514328808447,6.45623558648111,6.49849397590361,6.73079441624365,6.81802352941177,105
"107",2017,8,5.9,5,5.83333333333333,6,6,NA,5.9,3,2,1,0,5,1674,666,1008,333,394,1280,6.79475089605735,7.30846846846847,6.45533035714286,6.496996996997,6.73079441624365,6.8144375,106
"108",2017,9,6.625,8,7.16666666666667,6.3,5.75,NA,6.625,3,5,2,0,8,1682,669,1013,335,394,1288,6.7939435196195,7.30783258594918,6.45456367226061,6.49253731343284,6.73079441624365,6.81326086956522,107
"109",2017,10,6.56363636363636,11,7.11666666666667,5.9,NA,7.1,6.44444444444444,6,5,0,2,9,1693,675,1018,335,396,1297,6.79244713526285,7.30613333333333,6.45183988212181,6.49253731343284,6.73265909090909,6.81070161912105,108
"110",2017,11,6.25,10,6.58333333333333,5.75,7.5,4.5,6.6875,6,4,2,2,8,1703,681,1022,337,398,1305,6.78926189078097,7.29976505139501,6.44909295499022,6.49851632047478,6.72143969849246,6.80994636015326,109
"111",2017,12,6.5,6,7.5,6,6,5,6.8,2,4,2,1,5,1709,683,1026,339,399,1310,6.78824634289058,7.3003513909224,6.44734210526316,6.49557522123894,6.71712531328321,6.80990839694657,110
"112",2018,1,6.4625,12,7.00555555555556,4.83333333333333,5.25,4.5,6.64090909090909,9,3,2,1,11,1721,692,1029,341,400,1321,6.78597501452644,7.29651734104046,6.44263654033042,6.48826979472141,6.7115825,6.80850113550341,111
"113",2018,2,5.83333333333333,6,7.5,5,3.5,6,5.8,2,4,2,1,5,1727,694,1033,343,401,1326,6.78266531557614,7.2971037463977,6.43705033881897,6.47084548104956,6.70980798004987,6.80469834087481,112
"114",2018,3,6.75,4,9,6,6,NA,6.75,1,3,2,0,4,1731,695,1036,345,401,1330,6.78258983246678,7.29955395683453,6.43578474903475,6.46811594202899,6.70980798004987,6.80453383458647,113
"115",2018,4,6.92222222222222,9,7.5,6.2,6.2,9,6.6625,5,4,4,1,8,1740,700,1040,349,402,1338,6.78331206896552,7.30098571428571,6.43487788461539,6.46504297994269,6.71550497512438,6.8036846038864,114
"116",2018,5,6.81666666666667,12,6.9625,6.525,6.33333333333333,7.43333333333333,6.61111111111111,8,4,3,3,9,1752,708,1044,352,405,1347,6.78354052511415,7.29716101694915,6.43522318007663,6.46392045454546,6.72082222222222,6.80239792130661,115
"117",2018,6,6.59090909090909,11,7.3,6,6.5,7.66666666666667,6.1875,5,6,3,3,8,1763,713,1050,355,408,1355,6.78233862733976,7.2971809256662,6.43273619047619,6.46422535211268,6.72777696078431,6.79876752767528,116
"118",2018,7,4.75,4,6,4.33333333333333,4,5,4.66666666666667,1,3,2,1,3,1767,714,1053,357,409,1358,6.77773797396717,7.29536414565826,6.42675498575499,6.45042016806723,6.72355256723716,6.79405743740795,117
"119",2018,8,6.9,7,7.75,6.56,6.5,6.75,6.96,2,5,4,2,5,1774,716,1058,361,411,1363,6.77822040586246,7.29663407821229,6.42738468809074,6.45096952908587,6.72368126520681,6.79466617754952,118
"120",2018,9,6.05555555555556,9,6.25,6,7,7,5.9375,2,7,3,1,8,1783,718,1065,364,412,1371,6.7745726303982,7.29371866295265,6.42457558685446,6.45549450549451,6.72435194174757,6.78966447848286,119
"121",2018,10,6.41666666666667,6,7,6.125,5.75,6.25,6.5,2,4,2,2,4,1789,720,1069,366,414,1375,6.77337227501397,7.29290277777778,6.42345463049579,6.4516393442623,6.72206038647343,6.78882181818182,120
"122",2018,11,7,4,7,NA,NA,8,6.66666666666667,4,0,0,1,3,1793,724,1069,366,415,1378,6.77387785833798,7.29128453038674,6.42345463049579,6.4516393442623,6.72513975903614,6.78855587808418,121
"123",2018,12,7.66666666666667,6,8.25,6.5,6,10,7.2,4,2,1,1,5,1799,728,1071,367,416,1383,6.77685547526403,7.2965521978022,6.42359757236228,6.45040871934605,6.73301201923077,6.79004338394794,122
"124",2019,1,6.85555555555556,9,6.9,6.8,7.33333333333333,7.5,6.67142857142857,5,4,3,2,7,1808,733,1075,370,418,1390,6.77724723451327,7.29384720327422,6.42499813953489,6.45756756756757,6.73668181818182,6.78944604316547,123
"125",2019,2,6.35714285714286,7,7,5.5,4,4,6.75,4,3,1,1,6,1815,737,1078,371,419,1396,6.77562699724518,7.29225237449118,6.42242393320965,6.45094339622642,6.73015035799523,6.78927650429799,124
"126",2019,3,6.60833333333333,12,7.6,5.61666666666667,5.83333333333333,6.25,6.68,6,6,3,2,10,1827,743,1084,374,421,1406,6.77452818828681,7.29473755047106,6.41796402214022,6.44598930481283,6.72786935866983,6.78849928876245,125
"127",2019,4,6.5,2,NA,6.5,6.5,NA,6.5,0,2,2,0,2,1829,743,1086,376,421,1408,6.77422799343904,7.29473755047106,6.41811510128914,6.44627659574468,6.72786935866983,6.78808948863636,126
"128",2019,5,5.85714285714286,7,7,5,4,NA,5.85714285714286,3,4,1,0,7,1836,746,1090,377,421,1415,6.77073148148148,7.29355227882038,6.41291100917431,6.43978779840849,6.72786935866983,6.78348409893993,127
"129",2019,6,6.9,7,8.5,6.26,6.4,NA,6.9,2,5,2,0,7,1843,748,1095,379,421,1422,6.77122246337493,7.29677807486631,6.41221278538813,6.43957783641161,6.72786935866983,6.7840576652602,128
"130",2019,7,6.775,8,6.74285714285714,7,NA,7.5,6.53333333333333,7,1,0,2,6,1851,755,1096,379,423,1428,6.77123878984333,7.29164238410596,6.41274908759124,6.43957783641161,6.73152009456265,6.78300420168067,129
"131",2019,8,5.88333333333333,6,5.66666666666667,6.1,NA,5.4,6.125,3,3,0,2,4,1857,758,1099,379,425,1432,6.76836995153473,7.2852110817942,6.41189535941765,6.43957783641161,6.72525411764706,6.78116620111732,130
"132",2019,9,7.53333333333333,6,7.73333333333333,7.33333333333333,7,8.5,7.34,3,3,1,1,5,1863,761,1102,380,426,1437,6.77083360171766,7.28697766097241,6.41440381125227,6.44105263157895,6.72942018779343,6.78311064718163,131
"133",2019,10,5.85714285714286,7,5.66666666666667,6,8,8,5.5,3,4,1,1,6,1870,764,1106,381,427,1443,6.76741336898396,7.28061518324607,6.41290506329114,6.44514435695538,6.73239578454332,6.77777546777547,132
"134",2019,11,6.66428571428571,14,6.9125,6.33333333333333,6.33333333333333,6.33333333333333,6.75454545454545,8,6,3,3,11,1884,772,1112,384,430,1454,6.76664702760085,7.27680051813472,6.41247571942446,6.44427083333333,6.72961162790698,6.77759972489684,133
"135",2019,12,6.47727272727273,11,7.66666666666667,6.03125,6.3125,6,6.58333333333333,3,8,4,2,9,1895,775,1120,388,432,1463,6.7649672823219,7.27830967741936,6.40975267857143,6.44291237113402,6.7262337962963,6.7764046479836,134
"136",2020,1,6.32666666666667,15,6.5,6.175,6.63333333333333,NA,6.32666666666667,7,8,3,0,15,1910,782,1128,391,432,1478,6.76152513089005,7.27134271099744,6.40808776595745,6.44437340153453,6.7262337962963,6.77184032476319,135
"137",2020,2,6.63636363636364,11,7.07142857142857,5.875,7,7,6.6,7,4,1,1,10,1921,789,1132,392,433,1488,6.76080843310775,7.2695690747782,6.40620406360424,6.44579081632653,6.72686605080831,6.77068548387097,136
"138",2020,3,6,5,6.66666666666667,5,NA,NA,6,3,2,0,0,5,1926,792,1134,392,433,1493,6.75883333333333,7.26728535353535,6.40372398589065,6.44579081632653,6.72686605080831,6.76810448760884,137
"139",2020,4,5.33333333333333,3,6,4,NA,4,6,2,1,0,1,2,1929,794,1135,392,434,1495,6.75661638154484,7.26409319899244,6.40160616740088,6.44579081632653,6.72058294930876,6.76707692307692,138
"140",2020,5,6.41666666666667,6,6.375,6.5,NA,NA,6.41666666666667,4,2,0,0,6,1935,798,1137,392,434,1501,6.75556227390181,7.2596365914787,6.40177924362357,6.44579081632653,6.72058294930876,6.76567621585609,139
"141",2020,6,6.25,4,6.66666666666667,5,NA,NA,6.25,3,1,0,0,4,1939,801,1138,392,434,1505,6.75451933986591,7.25741573033708,6.4005474516696,6.44579081632653,6.72058294930876,6.76430564784053,140
"142",2020,7,5.85,4,5,6.13333333333333,NA,NA,5.85,1,3,0,0,4,1943,802,1141,392,434,1509,6.75265723108595,7.25460099750623,6.39984487291849,6.44579081632653,6.72058294930876,6.76188204108681,141
"143",2020,8,5.98,5,5.25,6.46666666666667,6.46666666666667,4,6.475,2,3,3,1,4,1948,804,1144,395,435,1513,6.75067402464065,7.2496144278607,6.4000201048951,6.44594936708861,6.71432873563218,6.76112359550562,142
"144",2020,9,6.01,4,6.68,4,4,NA,6.01,3,1,1,0,4,1952,807,1145,396,435,1517,6.74915625,7.24749690210657,6.39792401746725,6.43977272727273,6.71432873563218,6.75914304548451,143
"145",2020,10,6.06666666666667,6,NA,6.06666666666667,5.75,NA,6.06666666666667,0,6,4,0,6,1958,807,1151,400,435,1523,6.74706486210419,7.24749690210657,6.39619721980886,6.432875,6.71432873563218,6.75641497045305,144
"146",2020,11,6.42857142857143,7,6.5,6.4,6.33333333333333,6.5,6.4,2,5,3,2,5,1965,809,1156,403,437,1528,6.74593027989822,7.24564894932015,6.39621366782007,6.43213399503722,6.71334782608696,6.75524869109948,145
"147",2020,12,7.5,4,8,7,NA,8,7.33333333333333,2,2,0,1,3,1969,811,1158,403,438,1531,6.74746216353479,7.24750924784217,6.39725647668394,6.43213399503722,6.71628538812785,6.75638145003266,146
"148",2021,1,6.4375,8,6.9,5.66666666666667,NA,NA,6.4375,5,3,0,0,8,1977,816,1161,403,438,1539,6.74620789074355,7.24537990196078,6.39536864771749,6.43213399503722,6.71628538812785,6.75472384665367,147
"149",2021,2,6.21,10,6.66666666666667,6.01428571428571,6,7,6.12222222222222,3,7,2,1,9,1987,819,1168,405,439,1548,6.74350931051837,7.24326007326007,6.39308476027397,6.43,6.71693166287016,6.75104651162791,148
"150",2021,3,6.25,7,7.58333333333333,5.25,5.66666666666667,NA,6.25,3,4,3,0,7,1994,822,1172,408,439,1555,6.74177683049147,7.24450121654501,6.38918344709898,6.42438725490196,6.71693166287016,6.74879099678457,149
"151",2021,4,6.16666666666667,6,6.16666666666667,NA,NA,7,6,6,0,0,1,5,2000,828,1172,408,440,1560,6.7400515,7.23669082125604,6.38918344709898,6.42438725490196,6.717575,6.74639102564103,150
"152",2021,5,6.33333333333333,3,6,6.5,7,NA,6.33333333333333,1,2,1,0,3,2003,829,1174,409,440,1563,6.73944233649526,7.23519903498191,6.38937223168654,6.4257946210269,6.717575,6.74559820857326,151
"153",2021,6,6.08333333333333,6,6.66666666666667,5.5,3,5,6.625,3,3,1,2,4,2009,832,1177,410,442,1567,6.73748282727725,7.23314903846154,6.38710535259133,6.41743902439025,6.70980316742081,6.74529036375239,152
"154",2021,7,5.87111166666667,6,6,5.8066675,5,NA,5.87111166666667,2,4,2,0,6,2015,834,1181,412,442,1573,6.73490306203474,7.23019184652278,6.38513943268417,6.41055825242719,6.70980316742081,6.74195592498411,153
"155",2021,8,5.7,5,7.5,5.25,6,5,5.875,1,4,1,1,4,2020,835,1185,413,443,1577,6.73234142079208,7.23051497005988,6.38130773839662,6.40956416464891,6.70594356659142,6.73975692454027,154
"156",2021,9,6.5,4,6,7,NA,NA,6.5,2,2,0,0,4,2024,837,1187,413,443,1581,6.73188224802371,7.22757467144564,6.3823501853412,6.40956416464891,6.70594356659142,6.73915032890576,155
"157",2021,10,4.75,4,6,3.5,NA,2,5.66666666666667,2,2,0,1,3,2028,839,1189,413,444,1584,6.72797321005917,7.2246483909416,6.37750182506308,6.40956416464891,6.69534459459459,6.73711910984848,156
"158",2021,11,7.1,3,7.8,6.75,6.5,7.8,6.75,1,2,1,1,2,2031,840,1191,414,445,1586,6.72852273264402,7.22533333333333,6.37812734676742,6.40978260869565,6.69782696629213,6.73713535308953,157
"159",2021,12,6.5,7,6.5,6.5,6.75,6,6.58333333333333,2,5,2,1,6,2038,842,1196,416,446,1592,6.72773781648675,7.22361045130641,6.37863684782609,6.41141826923077,6.69626233183856,6.73655569723618,158
"160",2022,1,5.5,6,5.66666666666667,5.33333333333333,5,NA,5.5,3,3,1,0,6,2044,845,1199,417,446,1598,6.72413388943248,7.21808284023669,6.37602140950792,6.40803357314149,6.69626233183856,6.7319128097622,159
"161",2022,2,6.8,14,6.72,7,1,8,6.6,10,4,1,2,12,2058,855,1203,418,448,1610,6.72464998542274,7.21225730994152,6.37809615128845,6.39509569377991,6.70208258928571,6.73092960869565,160
"162",2022,3,5.54333333333333,3,5.63,5.5,5.5,NA,5.54333333333333,1,2,2,0,3,2061,856,1205,420,448,1613,6.72293045608927,7.21040887850467,6.37663873029046,6.39083333333333,6.70208258928571,6.72872081215127,161
"163",2022,4,7.675,4,8,7.35,NA,NA,7.675,2,2,0,0,4,2065,858,1207,420,448,1617,6.72477465859564,7.21224941724942,6.37825159072079,6.39083333333333,6.70208258928571,6.73106163883735,162
"164",2022,5,6.9375,4,6.875,7,NA,NA,6.9375,2,2,0,0,4,2069,860,1209,420,448,1621,6.72518592073465,7.21146511627907,6.37928012406948,6.39083333333333,6.70208258928571,6.73157104873535,163
"165",2022,6,6.5,2,8,5,5,NA,6.5,1,1,1,0,2,2071,861,1210,421,448,1623,6.72496845485273,7.21238095238095,6.3781402231405,6.3875296912114,6.70208258928571,6.73128568699938,164
"166",2022,7,6.375,4,6,6.75,6,6,6.5,2,2,1,1,3,2075,863,1212,422,449,1626,6.72429381686747,7.20957126303592,6.37875385313531,6.38661137440758,6.70051893095768,6.73085896063961,165
"167",2022,8,7.38333333333333,6,7.33333333333333,7.43333333333333,NA,NA,7.38333333333333,3,3,0,0,6,2081,866,1215,422,449,1632,6.72619397885632,7.21,6.38135775308642,6.38661137440758,6.70051893095768,6.73325776348039,166
"168",2022,9,5,2,NA,5,NA,7,3,0,2,0,1,1,2083,866,1217,422,450,1633,6.72453656745079,7.21,6.37908764995892,6.38661137440758,6.70118444444444,6.73097162890386,167
"169",2022,10,7.16666666666667,6,7.8,4,4,8,6.75,5,1,1,2,4,2089,871,1218,423,452,1637,6.72580644806127,7.21338691159587,6.37713437602627,6.38096926713948,6.7069314159292,6.7310181246182,168
"170",2022,11,6.33333333333333,9,7.25,5.6,5,5,6.5,4,5,1,1,8,2098,875,1223,424,453,1645,6.72412281696854,7.21355428571429,6.37395721177433,6.37771226415094,6.70316335540839,6.72989463221884,169
"171",2022,12,5.78888888888889,9,6.65,5.1,6,NA,5.78888888888889,4,5,3,0,9,2107,879,1228,427,453,1654,6.72012798766018,7.21098976109215,6.36877008957655,6.37505854800937,6.70316335540839,6.72477428657799,170
