"","year","month","avg_rating","no_ratings","avg_rating_owned","avg_rating_not_owned","avg_rating_prev_owned","avg_rating_comment","avg_rating_no_comment","no_ratings_owned","no_ratings_not_owned","no_ratings_prev_owned","no_ratings_comment","no_ratings_no_comment","cum_no_ratings","cum_no_ratings_owned","cum_no_ratings_not_owned","cum_no_ratings_prev_owned","cum_no_ratings_comment","cum_no_ratings_no_comment","cum_avg_rating","cum_avg_rating_owned","cum_avg_rating_not_owned","cum_avg_rating_prev_owned","cum_avg_rating_comment","cum_avg_rating_no_comment","month_after_release"
"1",2008,8,7.81818181818182,11,8.375,6.33333333333333,NA,8.25,7.57142857142857,8,3,0,4,7,11,8,3,0,4,7,7.81818181818182,8.375,6.33333333333333,NA,8.25,7.57142857142857,0
"2",2008,9,7.48235294117647,17,8.5875,6.5,NA,6.74285714285714,8,8,9,0,7,10,28,16,12,0,11,17,7.61428571428571,8.48125,6.45833333333333,NA,7.29090909090909,7.82352941176471,1
"3",2008,10,7.41410256410256,78,8.15909090909091,6.45,7.5,7.07777777777778,7.5921568627451,44,34,5,27,51,106,60,46,5,38,68,7.46698113207547,8.245,6.45217391304348,7.5,7.13947368421053,7.65,2
"4",2008,11,7.20984848484848,66,7.665625,6.78088235294118,7.31923076923077,6.74285714285714,7.55394736842105,32,34,13,28,38,172,92,80,18,66,106,7.36831395348837,8.04347826086956,6.591875,7.36944444444444,6.97121212121212,7.61556603773585,3
"5",2008,12,6.94285714285714,56,7.47407407407407,6.44827586206897,6.83333333333333,6.57142857142857,7.16571428571429,27,29,12,21,35,228,119,109,30,87,141,7.26381578947368,7.91428571428571,6.55366972477064,7.155,6.87471264367816,7.50390070921986,4
"6",2009,1,7.25833333333333,42,7.85714285714286,6.65952380952381,7.61666666666667,7.22222222222222,7.26818181818182,21,21,9,9,33,270,140,130,39,96,174,7.26296296296296,7.90571428571428,6.57076923076923,7.26153846153846,6.90729166666667,7.45919540229885,5
"7",2009,2,6.70394736842105,38,7.33695652173913,5.73333333333333,3.5,6.79545454545455,6.66666666666667,23,15,2,11,27,308,163,145,41,107,201,7.19399350649351,7.82546012269938,6.48413793103448,7.0780487804878,6.89579439252336,7.35273631840796,6
"8",2009,3,6.88157894736842,38,7.575,6.11111111111111,6.66666666666667,6.875,6.88333333333333,20,18,3,8,30,346,183,163,44,115,231,7.15968208092486,7.79808743169399,6.44294478527607,7.05,6.89434782608696,7.29177489177489,7
"9",2009,4,6.90540540540541,37,7.52272727272727,6,5.8,7.41666666666667,6.66,22,15,5,12,25,383,205,178,49,127,256,7.13511749347258,7.76853658536585,6.40561797752809,6.92244897959184,6.94370078740157,7.230078125,8
"10",2009,5,7.35,32,7.6,6.93333333333333,6.5,7,7.62222222222222,20,12,2,14,18,415,225,190,51,141,274,7.15168674698795,7.75355555555555,6.43894736842105,6.90588235294118,6.94929078014184,7.25583941605839,9
"11",2009,6,6.93243243243243,37,7.5,6.39473684210526,6.57142857142857,7.91666666666667,6.74193548387097,18,19,7,6,31,452,243,209,58,147,305,7.1337389380531,7.73477366255144,6.43492822966507,6.86551724137931,6.98877551020408,7.20360655737705,10
"12",2009,7,6.61363636363636,22,7.5,5.72727272727273,4.95,6.75714285714286,6.54666666666667,11,11,4,7,15,474,254,220,62,154,320,7.10959915611814,7.7246062992126,6.39954545454546,6.74193548387097,6.97824675324675,7.1728125,11
"13",2009,8,6.88,40,7.45238095238095,6.24736842105263,6.66666666666667,7.5625,6.709375,21,19,3,8,32,514,275,239,65,162,352,7.09173151750973,7.70381818181818,6.38744769874477,6.73846153846154,7.0070987654321,7.13068181818182,12
"14",2009,9,6.98207547169811,53,7.85454545454545,6.36290322580645,6.25,6.328125,7.26486486486487,22,31,12,16,37,567,297,270,77,178,389,7.08148148148148,7.71498316498317,6.38462962962963,6.66233766233766,6.94606741573034,7.14344473007712,13
"15",2009,10,7.41410256410256,39,8.02352941176471,6.94318181818182,7.675,7.3,7.45344827586207,17,22,10,10,29,606,314,292,87,188,418,7.10288778877888,7.73168789808917,6.42671232876712,6.77873563218391,6.96489361702128,7.16495215311005,14
"16",2009,11,7.15972222222222,36,7.828125,6.625,7.33333333333333,7.66666666666667,7.05833333333333,16,20,6,6,30,642,330,312,93,194,448,7.10607476635514,7.73636363636364,6.43942307692308,6.81451612903226,6.98659793814433,7.1578125,15
"17",2009,12,7.15357142857143,42,7.50892857142857,6.44285714285714,5.875,7.58333333333333,7.03636363636364,28,14,4,9,33,684,358,326,97,203,481,7.10899122807017,7.71857541899441,6.43957055214724,6.77577319587629,7.01305418719212,7.14948024948025,16
"18",2010,1,7.02019230769231,52,7.42027027027027,6.03333333333333,6.375,7.0625,7.0125,37,15,4,8,44,736,395,341,101,211,525,7.10271739130435,7.69063291139241,6.4217008797654,6.75990099009901,7.01492890995261,7.138,17
"19",2010,2,6.90263157894737,38,7.56190476190476,6.08823529411765,6.07142857142857,7.0625,6.86,21,17,7,8,30,774,416,358,108,219,555,7.09289405684754,7.68413461538462,6.40586592178771,6.71527777777778,7.01666666666667,7.12297297297297,18
"20",2010,3,6.8,40,7.4375,6.375,6.55,6.72222222222222,6.82258064516129,16,24,10,9,31,814,432,382,118,228,586,7.07850122850123,7.675,6.40392670157068,6.70127118644068,7.00504385964912,7.1070819112628,19
"21",2010,4,7.43870967741935,31,7.605,7.13636363636364,7.6,7.08571428571429,7.54166666666667,20,11,6,7,24,845,452,393,124,235,610,7.09171597633136,7.67190265486726,6.42442748091603,6.74475806451613,7.00744680851064,7.12418032786885,20
"22",2010,5,7.2796875,32,7.68333333333333,6.76071428571429,6.5,7.435,7.20909090909091,18,14,2,10,22,877,470,407,126,245,632,7.09857468643101,7.67234042553192,6.43599508599509,6.74087301587302,7.02489795918367,7.12713607594937,21
"23",2010,6,6.90833333333333,24,7.85333333333333,5.33333333333333,6,6.33333333333333,7.1,15,9,2,6,18,901,485,416,128,251,650,7.09350721420644,7.6779381443299,6.41213942307692,6.729296875,7.00836653386454,7.12638461538462,22
"24",2010,7,7.02666666666667,30,7.62941176470588,6.23846153846154,8.75,6.2,7.32727272727273,17,13,2,8,22,931,502,429,130,259,672,7.09135338345865,7.67629482071713,6.40687645687646,6.76038461538462,6.98339768339768,7.13296130952381,23
"25",2010,8,6.30555555555556,36,7.53125,5.325,5.59090909090909,5.55,6.59615384615385,16,20,11,10,26,967,518,449,141,269,698,7.06209927611169,7.67181467181467,6.3586859688196,6.66914893617021,6.93011152416357,7.11296561604585,24
"26",2010,9,7.14285714285714,28,7.66666666666667,6.2,6,7.3,7.10869565217391,18,10,3,5,23,995,536,459,144,274,721,7.06437185929648,7.67164179104478,6.35522875816994,6.65520833333333,6.93686131386861,7.1128294036061,25
"27",2010,10,7.3,37,7.86818181818182,6.46666666666667,6.125,7.3125,7.29655172413793,22,15,4,8,29,1032,558,474,148,282,750,7.07281976744186,7.67939068100358,6.3587552742616,6.64087837837838,6.94751773049645,7.11993333333333,26
"28",2010,11,6.9375,40,7.575,6.3,6.9375,6.5,7.01470588235294,20,20,8,6,34,1072,578,494,156,288,784,7.06777052238806,7.6757785467128,6.35637651821862,6.65608974358974,6.93819444444444,7.11536989795918,27
"29",2010,12,6.81428571428571,49,7.27586206896552,6.145,6,6,7.14,29,20,4,14,35,1121,607,514,160,302,819,7.05669045495094,7.65667215815486,6.34815175097276,6.6396875,6.89470198675497,7.11642246642247,28
"30",2011,1,6.27906976744186,43,6.45833333333333,6.05263157894737,6.125,6.66666666666667,6.12903225806452,24,19,8,12,31,1164,631,533,168,314,850,7.02796391752577,7.61109350237718,6.33761726078799,6.61517857142857,6.8859872611465,7.08041176470588,29
"31",2011,2,7.51851851851852,27,7.76470588235294,7.1,7.375,7.875,7.45652173913043,17,10,4,4,23,1191,648,543,172,318,873,7.03908480268682,7.61512345679012,6.35165745856354,6.6328488372093,6.89842767295597,7.09032073310424,30
"32",2011,3,6.27321428571429,28,6.79333333333333,5.67307692307692,5.6875,5.64,6.41086956521739,15,13,4,5,23,1219,663,556,176,323,896,7.02149302707137,7.59653092006033,6.33579136690648,6.61136363636364,6.87894736842105,7.07287946428571,31
"33",2011,4,7.07647058823529,34,7.62222222222222,6.4625,6.51875,7.09375,7.07115384615385,18,16,8,8,26,1253,681,572,184,331,922,7.02298483639266,7.59720998531571,6.33933566433566,6.60733695652174,6.88413897280967,7.07283080260304,32
"34",2011,5,7.22857142857143,28,7.57857142857143,6.87857142857143,7.16666666666667,7.22222222222222,7.23157894736842,14,14,6,9,19,1281,695,586,190,340,941,7.02747853239656,7.5968345323741,6.35221843003413,6.625,6.89308823529412,7.07603613177471,33
"35",2011,6,6.98260869565217,23,7.23333333333333,6.82142857142857,7.5,5.125,7.37368421052632,9,14,4,4,19,1304,704,600,194,344,960,7.02668711656442,7.5921875,6.36316666666667,6.6430412371134,6.87252906976744,7.08192708333333,34
"36",2011,7,6.43636363636364,22,6.85,5.33333333333333,5.4,6.50909090909091,6.36363636363636,16,6,5,11,11,1326,720,606,199,355,971,7.01689291101056,7.57569444444445,6.3529702970297,6.61180904522613,6.8612676056338,7.07378990731205,35
"37",2011,8,6.83333333333333,27,7.77777777777778,6.36111111111111,5.3,6.35714285714286,7,9,18,5,7,20,1353,729,624,204,362,991,7.01322985957132,7.57818930041152,6.35320512820513,6.5796568627451,6.85151933701657,7.07230070635722,36
"38",2011,9,7.24074074074074,27,7.45238095238095,6.5,7,7,7.29545454545455,21,6,2,5,22,1380,750,630,206,367,1013,7.01768115942029,7.57466666666667,6.35460317460318,6.58373786407767,6.85354223433242,7.07714708785785,37
"39",2011,10,7.00540540540541,37,7.29444444444444,6.73157894736842,5.98,6.61111111111111,7.13214285714286,18,19,5,9,28,1417,768,649,211,376,1041,7.01736062103035,7.56809895833333,6.36563944530046,6.56943127962085,6.84773936170213,7.07862632084534,38
"40",2011,11,6.6445652173913,46,7.13620689655172,5.80588235294118,5.25,6.91666666666667,6.54852941176471,29,17,4,12,34,1463,797,666,215,388,1075,7.00563909774436,7.55238393977415,6.35135135135135,6.54488372093023,6.84987113402062,7.06186046511628,39
"41",2011,12,7.22727272727273,22,7.85,6.48,6.375,7.4,7.2,12,10,4,3,19,1485,809,676,219,391,1094,7.00892255892256,7.55679851668727,6.35325443786982,6.54178082191781,6.85409207161125,7.06425959780622,40
"42",2012,1,6.82375,40,7.34,6.3075,6.75,6.63181818181818,6.89655172413793,20,20,7,11,29,1525,829,696,226,402,1123,7.00406557377049,7.5515681544029,6.35193965517241,6.54823008849558,6.84800995024875,7.05992876224399,41
"43",2012,2,6.82916666666667,24,7.41,6.41428571428571,6.33333333333333,6.81111111111111,6.84,10,14,6,9,15,1549,839,710,232,411,1138,7.00135571336346,7.54988081048868,6.35316901408451,6.5426724137931,6.84720194647202,7.05702987697715,42
"44",2012,3,7.11346153846154,26,7.6375,6.275,4.91666666666667,7.12083333333333,7.10714285714286,16,10,3,12,14,1575,855,720,235,423,1152,7.00320634920635,7.55152046783626,6.35208333333333,6.52191489361702,6.85496453900709,7.05763888888889,43
"45",2012,4,6.96818181818182,44,7.59166666666667,6.22,5.7,6.6,7.07647058823529,24,20,5,10,34,1619,879,740,240,433,1186,7.00225447807289,7.55261660978385,6.34851351351351,6.50479166666667,6.84907621247113,7.05817875210793,44
"46",2012,5,7.07407407407407,27,7.78571428571429,6.30769230769231,5.8,7.5,6.95238095238095,14,13,5,6,21,1646,893,753,245,439,1207,7.00343256379101,7.55627099664054,6.34780876494024,6.49040816326531,6.85797266514806,7.05633802816902,45
"47",2012,6,6.89705882352941,34,7.31578947368421,6.36666666666667,6.66666666666667,7,6.88709677419355,19,15,3,3,31,1680,912,768,248,442,1238,7.00127976190476,7.55126096491228,6.34817708333333,6.49254032258065,6.85893665158371,7.05210016155089,46
"48",2012,7,6.84181818181818,22,7.54545454545455,6.13818181818182,5.7,6.75,6.86222222222222,11,11,5,4,18,1702,923,779,253,446,1256,6.99921856639248,7.5511917659805,6.34521181001284,6.47687747035573,6.8579596412556,7.04937898089172,47
"49",2012,8,7.31666666666667,30,8.51333333333333,6.12,6.31111111111111,6.52,7.715,15,15,9,10,20,1732,938,794,262,456,1276,7.00471709006928,7.56657782515992,6.34095717884131,6.47118320610687,6.85054824561403,7.05981191222571,48
"50",2012,9,7.15217391304348,23,7.7,6.125,6.5,7.16666666666667,7.14705882352941,15,8,2,6,17,1755,953,802,264,462,1293,7.00664957264957,7.5686778593914,6.3388029925187,6.47140151515152,6.85465367965368,7.06095901005414,49
"51",2012,10,7.28780487804878,41,7.97916666666667,6.31176470588235,6.5,6.28571428571429,7.49411764705882,24,17,8,7,34,1796,977,819,272,469,1327,7.01306792873051,7.57876151484135,6.33824175824176,6.47224264705882,6.84616204690831,7.0720572720422,50
"52",2012,11,6.59615384615385,39,7.90277777777778,5.47619047619048,5.4,7.5625,6.16666666666667,18,21,5,12,27,1835,995,840,277,481,1354,7.00420708446867,7.58462311557789,6.31669047619048,6.4528880866426,6.86403326403326,7.05400295420975,51
"53",2012,12,7.17424242424242,33,7.78235294117647,6.528125,6.775,6.80833333333333,7.38333333333333,17,16,8,12,21,1868,1012,856,285,493,1375,7.00721092077088,7.58794466403162,6.32064252336449,6.4619298245614,6.86267748478702,7.05903272727273,52
"54",2013,1,7.46666666666667,33,7.945,6.73076923076923,7.2,7.675,7.4,20,13,5,8,25,1901,1032,869,290,501,1400,7.01518674381904,7.59486434108527,6.32677790563867,6.47465517241379,6.87564870259481,7.06512142857143,53
"55",2013,2,7.4375,24,7.81428571428571,6.91,6.75,8.4,7.18421052631579,14,10,4,5,19,1925,1046,879,294,506,1419,7.02045194805195,7.59780114722753,6.33341296928328,6.47840136054422,6.89071146245059,7.06671599718111,54
"56",2013,3,7.20285714285714,35,7.79473684210526,6.5,5.4,7.08333333333333,7.24423076923077,19,16,5,9,26,1960,1065,895,299,515,1445,7.02370918367347,7.60131455399061,6.33639106145251,6.46036789297659,6.89407766990291,7.06991003460208,55
"57",2013,4,6.75034482758621,29,6.98909090909091,6,5.5,6.625,6.78304347826087,22,7,4,6,23,1989,1087,902,303,521,1468,7.01972347913524,7.58892364305428,6.33378048780488,6.4476897689769,6.89097888675624,7.06541553133515,56
"58",2013,5,7.02857142857143,35,7.31739130434783,6.475,6.5,6.72222222222222,7.13461538461539,23,12,4,9,26,2024,1110,914,307,530,1494,7.01987648221344,7.5832972972973,6.33563457330416,6.44837133550489,6.88811320754717,7.06661981258367,57
"59",2013,6,7.326,25,7.72647058823529,6.475,6.96,7.075,7.37380952380952,17,8,5,4,21,2049,1127,922,312,534,1515,7.02361151781357,7.58545696539485,6.33684381778742,6.45657051282051,6.88951310861423,7.07087788778878,58
"60",2013,7,6.67647058823529,34,7.32352941176471,6.02941176470588,4.91666666666667,5.94444444444444,6.94,17,17,6,9,25,2083,1144,939,318,543,1540,7.0179452712434,7.58156468531469,6.33127795527157,6.42751572327044,6.87384898710865,7.06875324675325,59
"61",2013,8,7.08333333333333,42,7.9,5.99444444444444,6.625,6.82727272727273,7.1741935483871,24,18,4,11,31,2125,1168,957,322,554,1571,7.01923764705882,7.58810787671233,6.32494252873563,6.42996894409938,6.87292418772563,7.07083386378103,60
"62",2013,9,7.01290322580645,31,7.66666666666667,6.4,6.175,7.3,6.91304347826087,15,16,8,8,23,2156,1183,973,330,562,1594,7.019146567718,7.58910397295013,6.32617677286742,6.42378787878788,6.87900355871886,7.06855708908407,61
"63",2013,10,6.79761904761905,42,7.375,6.27272727272727,7.33333333333333,6.90909090909091,6.75806451612903,20,22,12,11,31,2198,1203,995,342,573,1625,7.0149135577798,7.58554447215295,6.32499497487437,6.45570175438596,6.87958115183246,7.06263384615385,62
"64",2013,11,7.19767441860465,43,7.56666666666667,6.34615384615385,6.0625,6.81428571428571,7.27222222222222,30,13,8,7,36,2241,1233,1008,350,580,1661,7.0184203480589,7.58508515815085,6.32526785714286,6.44671428571429,6.87879310344827,7.06717639975918,63
"65",2013,12,7.04411764705882,34,7.796875,6.375,6.8125,7.52777777777778,6.87,16,18,8,9,25,2275,1249,1026,358,589,1686,7.0188043956044,7.58779823859087,6.32614035087719,6.45488826815642,6.88870967741935,7.06425266903915,64
"66",2014,1,6.75333333333333,45,7.30454545454545,6.22608695652174,6.72222222222222,6.1,6.87368421052632,22,23,9,7,38,2320,1271,1049,367,596,1724,7.01365517241379,7.58289535798584,6.32394661582459,6.46144414168937,6.87944630872483,7.06005220417633,65
"67",2014,2,6.7974358974359,39,7.03,6.55263157894737,6.98571428571429,6.08333333333333,6.92727272727273,20,19,7,6,33,2359,1291,1068,374,602,1757,7.0100805426028,7.5743299767622,6.32801498127341,6.47125668449198,6.87151162790697,7.05755833807627,66
"68",2014,3,7.07037037037037,27,7.12631578947368,6.9375,7.1,7,7.09047619047619,19,8,5,6,21,2386,1310,1076,379,608,1778,7.01076278290025,7.5678320610687,6.33254646840149,6.47955145118734,6.87277960526316,7.05794713160855,67
"69",2014,4,6.70588235294118,34,6.95833333333333,6.1,7,7,6.6551724137931,24,10,3,5,29,2420,1334,1086,382,613,1807,7.00647933884298,7.55686656671664,6.33040515653775,6.4836387434555,6.87381729200652,7.05148312119535,68
"70",2014,5,7.06,30,7.32222222222222,6.66666666666667,6.6,7.25,7.03076923076923,18,12,5,4,26,2450,1352,1098,387,617,1833,7.00713469387755,7.5537426035503,6.33408014571949,6.48514211886305,6.87625607779578,7.05118930714675,69
"71",2014,6,6.98913043478261,23,7.53571428571429,6.13888888888889,6.3125,6.52777777777778,7.28571428571429,14,9,4,9,14,2473,1366,1107,391,626,1847,7.0069672462596,7.55355783308931,6.33249322493225,6.48337595907928,6.87124600638977,7.05296697347049,70
"72",2014,7,7.3695652173913,23,7.8,6.5625,6.83333333333333,7.5,7.35714285714286,15,8,3,2,21,2496,1381,1115,394,628,1868,7.01030849358974,7.55623461259957,6.33414349775785,6.48604060913706,6.87324840764331,7.05638650963597,71
"73",2014,8,6.94971428571429,35,7.40791666666667,5.95,5.93333333333333,7.41666666666667,6.78807692307692,24,11,3,9,26,2531,1405,1126,397,637,1894,7.00947056499407,7.55370106761566,6.33039076376554,6.48186397984887,6.8809262166405,7.05270327349525,72
"74",2014,9,7.05,26,7.76923076923077,6.33076923076923,6.1875,6.88333333333333,7.1,13,13,8,6,20,2557,1418,1139,405,643,1914,7.00988267500978,7.55567700987306,6.3303950834065,6.47604938271605,6.88094867807154,7.05319749216301,73
"75",2014,10,6.63076923076923,39,7.07272727272727,6.05882352941176,7.2,5.7,6.76764705882353,22,17,5,5,34,2596,1440,1156,410,648,1948,7.00418721109399,7.54829861111111,6.32640138408305,6.48487804878049,6.87183641975308,7.0482135523614,74
"76",2014,11,7.03888888888889,36,7.4037037037037,5.94444444444444,6.625,5.85714285714286,7.32413793103448,27,9,4,7,29,2632,1467,1165,414,655,1977,7.00466185410334,7.54563735514656,6.32345064377682,6.48623188405797,6.86099236641221,7.05226100151745,75
"77",2014,12,6.6241935483871,31,7.65,6.06,6,5.95,6.786,11,20,10,6,25,2663,1478,1185,424,661,2002,7.00023282012768,7.54641407307172,6.31900421940928,6.4747641509434,6.85272314674735,7.04893606393606,76
"78",2015,1,7.06931818181818,44,7.34821428571429,6.58125,7.16666666666667,6.1,7.19358974358974,28,16,3,5,39,2707,1506,1201,427,666,2041,7.00135574436646,7.54272908366534,6.32249791840133,6.47962529274005,6.84707207207207,7.05170014698677,77
"79",2015,2,7.19318181818182,22,7.75,6.21875,6,6,7.38157894736842,14,8,3,3,19,2729,1520,1209,430,669,2060,7.00290216196409,7.54463815789474,6.32181141439206,6.47627906976744,6.84327354260089,7.0547427184466,78
"80",2015,3,7.42903225806452,31,7.72083333333333,6.42857142857143,7,8.65,7.136,24,7,4,6,25,2760,1544,1216,434,675,2085,7.0076884057971,7.54737694300518,6.3224259868421,6.48110599078341,6.85933333333333,7.0557170263789,79
"81",2015,4,7.76022580645161,31,8.09257692307692,6.032,6.38666666666667,7.9,7.73334615384615,26,5,3,5,26,2791,1570,1221,437,680,2111,7.01604693658187,7.55640573248408,6.32123669123669,6.48045766590389,6.86698529411764,7.06406300331596,80
"82",2015,5,7.28846153846154,26,8.16666666666667,6.09090909090909,5.33333333333333,7.25,7.3,15,11,3,6,20,2817,1585,1232,440,686,2131,7.01856123535676,7.5621810725552,6.31918019480519,6.47263636363636,6.87033527696793,7.0662773345847,81
"83",2015,6,6.73333333333333,30,7.39473684210526,5.59090909090909,6.625,6,6.88,19,11,4,5,25,2847,1604,1243,444,691,2156,7.01555567263786,7.56019763092269,6.31273531777957,6.47400900900901,6.86403762662807,7.06411734693877,82
"84",2015,7,7.17647058823529,17,8,6,6,5.33333333333333,7.57142857142857,10,7,1,3,14,2864,1614,1250,445,694,2170,7.01651082402234,7.56292255266419,6.310984,6.47294382022472,6.85742074927954,7.06739032258064,83
"85",2015,8,6.87037037037037,27,6.90555555555556,6.8,6.64,7.91666666666667,6.57142857142857,18,9,5,6,21,2891,1632,1259,450,700,2191,7.01514597025251,7.55567218137255,6.31447974583002,6.4748,6.8665,7.0626366955728,84
"86",2015,9,7.16904761904762,21,7.60833333333333,6.58333333333333,7.125,5,7.2775,12,9,2,1,20,2912,1644,1268,452,701,2211,7.01625583791209,7.55605656934306,6.3163880126183,6.47767699115044,6.86383737517831,7.0645802804161,85
"87",2015,10,6.56052631578947,38,6.99,6.08333333333333,6.13636363636364,6.33333333333333,6.63103448275862,20,18,11,9,29,2950,1664,1286,463,710,2240,7.01038542372881,7.54925300480769,6.31312597200622,6.46956803455724,6.85711267605634,7.05896741071428,86
"88",2015,11,6.29027777777778,36,7.55,5.48863636363636,5.875,5.83333333333333,6.44259259259259,14,22,10,9,27,2986,1678,1308,473,719,2267,7.00170361687877,7.54925923718713,6.29925840978593,6.45699788583509,6.844297635605,7.05162637847375,87
"89",2015,12,6.55606060606061,33,7.21428571428571,6.07105263157895,5.83333333333333,5.64285714285714,6.80192307692308,14,19,6,7,26,3019,1692,1327,479,726,2293,6.99683239483272,7.54648758865248,6.29599095704597,6.44918580375783,6.83271349862259,7.04879502834714,88
"90",2016,1,6.33472222222222,36,6.84807692307692,5,5.28571428571429,7.33333333333333,6.135,26,10,7,6,30,3055,1718,1337,486,732,2323,6.98903011456628,7.53591792782305,6.28629768137621,6.43242798353909,6.83681693989071,7.03699397331037,89
"91",2016,2,7.11363636363636,22,7.41666666666667,5.75,6.5,7.71666666666667,6.8875,18,4,2,6,16,3077,1736,1341,488,738,2339,6.98992102697432,7.5346814516129,6.28469798657718,6.43270491803279,6.84397018970189,7.03597135528003,90
"92",2016,3,7.32794117647059,34,7.75576923076923,5.9375,7.25,6.875,7.51666666666667,26,8,2,10,24,3111,1762,1349,490,748,2363,6.99361523625844,7.5379438138479,6.28263899184581,6.43604081632653,6.84438502673797,7.04085357596276,91
"93",2016,4,7.11282051282051,39,7.47857142857143,6.18181818181818,6.41666666666667,6.4,7.24242424242424,28,11,6,6,33,3150,1790,1360,496,754,2396,6.99509111111111,7.53701508379888,6.28182352941176,6.4358064516129,6.84084880636605,7.04362979966611,92
"94",2016,5,6.66842105263158,38,7.036,5.96153846153846,7,6.99090909090909,6.53703703703704,25,13,2,11,27,3188,1815,1373,498,765,2423,6.99119730238394,7.53011404958677,6.27879096868172,6.43807228915663,6.84300653594771,7.03798472967395,93
"95",2016,6,6.74074074074074,27,7.89285714285714,5.5,5.14285714285714,6.75,6.73684210526316,14,13,7,8,19,3215,1829,1386,505,773,2442,6.98909393468118,7.53289065062876,6.27148629148629,6.42011881188119,6.84204398447606,7.03564168714168,94
"96",2016,7,6.84040740740741,27,7.51176470588235,5.6991,4.36666666666667,7.14285714285714,6.73455,17,10,3,7,20,3242,1846,1396,508,780,2462,6.98785564466379,7.53269609967497,6.26738610315186,6.40799212598425,6.84474358974359,7.03319577579204,95
"97",2016,8,6.84722222222222,36,7.07692307692308,6.25,5.33333333333333,5.33333333333333,6.98484848484848,26,10,3,3,33,3278,1872,1406,511,783,2495,6.98631116534472,7.52636591880342,6.26726244665718,6.40168297455969,6.8389527458493,7.03255631262525,96
"98",2016,9,6.72727272727273,22,6.86666666666667,6.42857142857143,7,6.2,6.88235294117647,15,7,1,5,17,3300,1887,1413,512,788,2512,6.98458424242424,7.52112188659247,6.26806157112526,6.4028515625,6.83489847715736,7.03153980891719,97
"99",2016,10,7.43181818181818,22,7.73529411764706,6.4,6.33333333333333,7,7.59375,17,5,3,6,16,3322,1904,1418,515,794,2528,6.98754605659241,7.52303413865546,6.26852679830747,6.40244660194175,6.83614609571788,7.03509810126582,98
"100",2016,11,6.77142857142857,21,7.43333333333333,5.88888888888889,6,6.5,6.8,12,9,4,2,19,3343,1916,1427,519,796,2547,6.98618845348489,7.52247233820459,6.26613244569026,6.39934489402697,6.83530150753769,7.03334432665881,99
"101",2016,12,6.42272727272727,22,7.025,5.7,5,6.2,6.47222222222222,12,10,3,4,18,3365,1928,1437,522,800,2565,6.98250460624071,7.5193760373444,6.26219276270007,6.39130268199234,6.832125,7.02940662768031,100
"102",2017,1,6.93953488372093,43,7.36774193548387,5.83333333333333,7.4,7.92857142857143,6.74722222222222,31,12,5,7,36,3408,1959,1449,527,807,2601,6.98196244131455,7.51697651863195,6.25864113181504,6.40087286527514,6.84163568773234,7.02550096116878,101
"103",2017,2,6.424,25,7.3,5.61538461538461,5.83333333333333,5.8,6.58,12,13,6,5,20,3433,1971,1462,533,812,2621,6.97789921351587,7.51565550481989,6.25292134062927,6.39448405253283,6.83522167487684,7.02210148798168,102
"104",2017,3,7.74526315789474,19,8.17857142857143,6.532,6.5,7.832,7.71428571428571,14,5,2,5,14,3452,1985,1467,535,817,2635,6.98212282734646,7.52033098236776,6.25387252897069,6.3948785046729,6.84132190942472,7.02577912713472,103
"105",2017,4,6.88461538461539,26,7.06818181818182,5.875,6,8,6.84,22,4,2,1,25,3478,2007,1471,537,818,2660,6.98139390454284,7.51537468858993,6.25284228416043,6.39340782122905,6.84273838630807,7.02403308270676,104
"106",2017,5,7.45,20,7.61538461538461,7.14285714285714,7,9,7.36842105263158,13,7,1,1,19,3498,2020,1478,538,819,2679,6.98407318467696,7.51601831683168,6.25705751014885,6.39453531598513,6.8453724053724,7.02647555057857,105
"107",2017,6,7.13809523809524,21,7.62666666666667,5.91666666666667,NA,5,7.80625,15,6,0,5,16,3519,2035,1484,538,824,2695,6.98499232736573,7.5168339066339,6.25568126684636,6.39453531598513,6.83417475728155,7.03110500927644,106
"108",2017,7,7.04583333333333,24,7.4,5.7,5.7,6.5,7.18947368421053,19,5,5,5,19,3543,2054,1489,543,829,2714,6.9854044594976,7.51575316455696,6.25381531229013,6.38813996316759,6.83215922798552,7.03221370670597,107
"109",2017,8,7.16,25,7.55555555555556,6.14285714285714,6,7.25,7.14285714285714,18,7,2,4,21,3568,2072,1496,545,833,2735,6.98662780269058,7.51609893822394,6.25329612299465,6.38671559633027,6.8341656662665,7.03306325411334,108
"110",2017,9,6.58571428571429,21,7.45833333333333,5.42222222222222,5.75,6.5,6.62,12,9,6,6,15,3589,2084,1505,551,839,2750,6.98428197269434,7.51576631477927,6.24832624584718,6.37978221415608,6.83177592371871,7.03081018181818,109
"111",2017,10,6.99393939393939,33,7.54210526315789,6.25,5.5,7.5,6.94333333333333,19,14,2,3,30,3622,2103,1519,553,842,2780,6.98436996134732,7.51600427960057,6.24834167215273,6.37660036166365,6.8341567695962,7.02986618705036,110
"112",2017,11,7.06666666666667,24,7.94,5.61111111111111,5.16666666666667,6.16666666666667,7.1952380952381,15,9,3,3,21,3646,2118,1528,556,845,2801,6.9849116840373,7.51900708215297,6.24458835078534,6.37007194244604,6.83178698224852,7.03110603355944,111
"113",2017,12,6.97391304347826,23,7.58333333333333,6.30909090909091,6.33333333333333,7.2,6.91111111111111,12,11,3,5,18,3669,2130,1539,559,850,2819,6.98484273644045,7.51936948356807,6.24504938271605,6.3698747763864,6.83395294117647,7.03033983682156,112
"114",2018,1,7.26666666666667,18,7.45454545454545,6.97142857142857,7.26666666666667,8,7.22352941176471,11,7,3,1,17,3687,2141,1546,562,851,2836,6.98621860591266,7.51903643157403,6.2483382923674,6.37466192170819,6.83532314923619,7.03149788434414,113
"115",2018,2,6.8125,16,8.14285714285714,5.77777777777778,6.5,7.75,6.5,7,9,2,4,12,3703,2148,1555,564,855,2848,6.98546799891979,7.52106936685288,6.24561479099678,6.37510638297872,6.83960233918128,7.02925842696629,114
"116",2018,3,7.19333333333333,12,8.2,6.47428571428571,7,7.5,7.132,5,7,3,2,10,3715,2153,1562,567,857,2858,6.98613943472409,7.52264607524384,6.24663956466069,6.3784126984127,6.84114352392065,7.02961791462561,115
"117",2018,4,6.86842105263158,19,7.34375,4.33333333333333,5,7,6.77272727272727,16,3,2,8,11,3734,2169,1565,569,865,2869,6.98554043920728,7.52132641770401,6.24297188498402,6.37356766256591,6.842612716763,7.02863297316138,116
"118",2018,5,6.72666666666667,15,8.16666666666667,5.76666666666667,6.8,6.5,6.76153846153846,6,9,4,2,13,3749,2175,1574,573,867,2882,6.98450466791144,7.52310666666666,6.24024841168996,6.3765445026178,6.84182237600923,7.02742817487855,117
"119",2018,6,6.86363636363636,11,6.85714285714286,6.875,6,6.25,7.21428571428571,7,4,1,4,7,3760,2182,1578,574,871,2889,6.98415106382979,7.52097021081576,6.24185741444867,6.37588850174216,6.83910447761194,7.02788092765663,118
"120",2018,7,6.02,10,6.7125,3.25,4,6.33333333333333,5.88571428571429,8,2,1,3,7,3770,2190,1580,575,874,2896,6.98159363395225,7.51801689497717,6.23807025316455,6.37175652173913,6.83736842105263,7.02512016574585,119
"121",2018,8,7.16666666666667,18,7.75,6,6,7.66666666666667,7.06666666666667,12,6,2,3,15,3788,2202,1586,577,877,2911,6.98247307286167,7.51928110808356,6.23716960907944,6.37046793760832,6.84020524515393,7.02533424939883,120
"122",2018,9,6.3,13,6.71428571428571,5.81666666666667,5,5.5,6.44545454545455,7,6,2,2,11,3801,2209,1592,579,879,2922,6.98013891081294,7.51673019465821,6.23558479899497,6.36573402417962,6.8371558589306,7.02315126625599,121
"123",2018,10,6.83636363636364,11,7.2,6.53333333333333,6.85,6.5,6.87,5,6,2,1,10,3812,2214,1598,581,880,2932,6.9797240293809,7.51601490514905,6.2367027534418,6.36740103270224,6.83677272727272,7.02262892223738,122
"124",2018,11,7.165,16,7.345,6.625,7,8,7.04571428571429,12,4,1,2,14,3828,2226,1602,582,882,2946,6.98049843260188,7.51509299191374,6.23767228464419,6.36848797250859,6.839410430839,7.02273862864901,123
"125",2018,12,6.19714285714286,21,6.76666666666667,4.77333333333333,6.33333333333333,7.1,5.915,15,6,3,5,16,3849,2241,1608,585,887,2962,6.97622447388932,7.51008344489067,6.23220833333333,6.36830769230769,6.8408793686584,7.01675489534098,124
"126",2019,1,6.88095238095238,21,7.25,6.54545454545455,7.16666666666667,9,6.775,10,11,6,1,20,3870,2251,1619,591,888,2982,6.97570749354005,7.50892803198578,6.23433662754787,6.37641285956007,6.84331081081081,7.01513346747149,125
"127",2019,2,7.22727272727273,11,7.1875,7.33333333333333,8,6.5,7.38888888888889,8,3,1,2,9,3881,2259,1622,592,890,2991,6.97642051017779,7.50778972996901,6.23636929716399,6.37915540540541,6.84253932584269,7.0162581076563,126
"128",2019,3,6.07,20,6.3,5.84,6,5.85,6.125,10,10,2,4,16,3901,2269,1632,594,894,3007,6.97177339143809,7.5024667254297,6.23394056372549,6.37787878787879,6.83809843400447,7.01151579647489,127
"129",2019,4,7.375,12,7.3,7.75,5.5,8.5,6.8125,10,2,1,4,8,3913,2279,1634,595,898,3015,6.97300996677741,7.50157832382624,6.23579620563035,6.37640336134454,6.84550111358574,7.01098772802653,128
"130",2019,5,6.64285714285714,14,6.95,5.875,5,NA,6.64285714285714,10,4,2,0,14,3927,2289,1638,597,898,3029,6.97183295136236,7.49916863259065,6.23491514041514,6.37179229480737,6.84550111358574,7.00928623308022,129
"131",2019,6,7.05882352941176,17,8.22222222222222,5.75,5.4,7,7.06666666666667,9,8,5,2,15,3944,2298,1646,602,900,3044,6.97220791075051,7.50200043516101,6.23255832320777,6.36372093023256,6.84584444444444,7.00956898817345,130
"132",2019,7,7.2,12,7.71428571428571,6.48,5,6.66666666666667,7.37777777777778,7,5,2,3,9,3956,2305,1651,604,903,3053,6.97289888776542,7.50264511930585,6.23330769230769,6.35920529801325,6.84524916943521,7.01065443825745,131
"133",2019,8,6.20833333333333,12,6.61111111111111,5,7,6.5,6.15,9,3,1,2,10,3968,2314,1654,605,905,3063,6.97058669354839,7.49917761452031,6.2310707376058,6.36026446280992,6.8444861878453,7.00784459680052,132
"134",2019,9,7.16875,16,7.32307692307692,6.5,7,6,7.33571428571429,13,3,1,2,14,3984,2327,1657,606,907,3077,6.97138253012048,7.49819381177482,6.23155763427881,6.3613201320132,6.84262403528114,7.00933636659083,133
"135",2019,10,6.36,25,6.75,5.35714285714286,7,6,6.42857142857143,18,7,2,4,21,4009,2345,1664,608,911,3098,6.96756996757296,7.49245074626865,6.22787920673077,6.36342105263158,6.83892425905598,7.00539961265332,134
"136",2019,11,7.33333333333333,12,7.55555555555556,6.66666666666667,NA,7.5,7.3,9,3,0,2,10,4021,2354,1667,608,913,3108,6.96866152698334,7.49269201359388,6.22866886622675,6.36342105263158,6.84037239868565,7.00634749034749,135
"137",2019,12,7.19230769230769,13,7,7.625,8,7.5,7.1,9,4,1,3,10,4034,2363,1671,609,916,3118,6.96938225086763,7.49081548878544,6.23201137043686,6.36610837438424,6.8425327510917,7.00664785118666,136
"138",2020,1,6.84444444444444,18,7.97272727272727,5.07142857142857,6.5,5.83333333333333,7.04666666666667,11,7,3,3,15,4052,2374,1678,612,919,3133,6.96882724580454,7.49304844144903,6.22716984505363,6.36676470588235,6.83923830250272,7.00683945100543,137
"139",2020,2,6.8373335,20,7.37142857142857,5.59111166666667,6.1366675,6.34,7.00311133333333,14,6,4,5,15,4072,2388,1684,616,924,3148,6.96818140225933,7.49233542713568,6.22490360451306,6.36527056818182,6.83653679653679,7.00682168678526,138
"140",2020,3,7.0625,16,7.35,6.58333333333333,7,9,6.93333333333333,10,6,3,1,15,4088,2398,1690,619,925,3163,6.96855055528376,7.49174186822352,6.22617613609467,6.36834680129241,6.83887567567567,7.00647318052482,139
"141",2020,4,6.77142857142857,14,7.475,5.83333333333333,6,6.5,6.81666666666667,8,6,3,2,12,4102,2406,1696,622,927,3175,6.9678777840078,7.49168620116376,6.2247863620283,6.36657020900322,6.83814455231931,7.0057558015748,140
"142",2020,5,6.80952380952381,21,7.53846153846154,5.625,6.33333333333333,5.66666666666667,7,13,8,3,3,18,4123,2419,1704,625,930,3193,6.9670712272617,7.49193757751137,6.22197046361502,6.366410672,6.83436559139785,7.00572335421234,141
"143",2020,6,6.96666666666667,15,7.6875,6.14285714285714,5,7.75,6.84615384615385,8,7,3,2,13,4138,2427,1711,628,932,3206,6.96706976075399,7.49258220024722,6.22164679719462,6.35988323248408,6.836330472103,7.00507631628197,142
"144",2020,7,7.20263157894737,19,7.625,6.73333333333333,9,8.33333333333333,6.990625,10,9,1,3,16,4157,2437,1720,629,935,3222,6.96814642049555,7.4931255642183,6.22432422674418,6.36408055643879,6.84113368983957,7.00500455307262,143
"145",2020,8,7.14285714285714,21,7.55,6.77272727272727,7.25,7.75,7,10,11,2,4,17,4178,2447,1731,631,939,3239,6.96902457395883,7.49335798937474,6.22780916811092,6.36688854199683,6.84500532481363,7.00497828650818,144
"146",2020,9,6.85,12,7,6.64,5.75,5,7.01818181818182,7,5,2,1,11,4190,2454,1736,633,940,3250,6.96868369212411,7.49195069274653,6.22899635368663,6.36493944707741,6.84304255319149,7.00502297538461,145
"147",2020,10,7.96315789473684,19,8.37857142857143,6.8,7,8.15,7.87692307692308,14,5,3,6,13,4209,2468,1741,636,946,3263,6.97317288429556,7.4969801458671,6.23063622630672,6.36793501572327,6.85133192389006,7.00849668096843,146
"148",2020,11,7.22916666666667,24,7.78125,6.125,7,7.8,7.07894736842105,16,8,3,5,19,4233,2484,1749,639,951,3282,6.97462430191354,7.49881119162641,6.23015304173813,6.37090245696401,6.85631966351209,7.00890453077392,147
"149",2020,12,7.31538461538462,13,7.62222222222222,6.625,6,5,7.50833333333333,9,4,1,1,12,4246,2493,1753,640,952,3294,6.97566760951484,7.49925671881267,6.2310540045636,6.370322921875,6.85436974789916,7.0107239435337,148
"150",2021,1,7.01208333333333,24,7.424375,6.1875,7,7.058,7,16,8,1,5,19,4270,2509,1761,641,957,3313,6.97587228805621,7.49877919489836,6.23085614423623,6.3713052574103,6.85543364681295,7.01066244189556,149
"151",2021,2,7.5,17,7.77272727272727,7,NA,NA,7.5,11,6,0,0,17,4287,2520,1767,641,957,3330,6.97795070445533,7.499975,6.23346783814374,6.3713052574103,6.85543364681295,7.01316056156156,150
"152",2021,3,5.99285714285714,14,7.48333333333333,4.875,5,7,5.825,6,8,3,2,12,4301,2526,1775,644,959,3342,6.97474416879795,7.49993547110055,6.22734516619718,6.36491718944099,6.85573514077163,7.0088942758827,151
"153",2021,4,6.32142857142857,14,7.3125,5,2,3,6.57692307692308,8,6,1,1,13,4315,2534,1781,645,960,3355,6.97262448899189,7.49934372533544,6.22321037057832,6.35814987596899,6.85171875,7.00722046795827,152
"154",2021,5,7.26666666666667,15,7.75,6.71428571428571,7,7.66666666666667,7.16666666666667,8,7,3,3,12,4330,2542,1788,648,963,3367,6.9736431108545,7.50013257277734,6.22513292505593,6.36112140432099,6.85425752855659,7.00778873477873,153
"155",2021,6,7.2,10,8,6,NA,7,7.25,6,4,0,2,8,4340,2548,1792,648,965,3375,6.97416467050691,7.50130965463108,6.22463039620536,6.36112140432099,6.85455958549222,7.00836286518518,154
"156",2021,7,7.1,5,8,5.75,3,3,8.125,3,2,1,1,4,4345,2551,1794,649,966,3379,6.97430947525892,7.50189611916895,6.22410126532887,6.3559424807396,6.85056935817805,7.00968472033146,155
"157",2021,8,6.70833333333333,12,6.92857142857143,6.4,NA,3.5,7.35,7,5,0,2,10,4357,2558,1799,649,968,3389,6.97357692678448,7.50032720875684,6.22459014452473,6.3559424807396,6.84364669421487,7.01068889642962,156
"158",2021,9,6.8875,16,6.93846153846154,6.66666666666667,6,7.875,6.55833333333333,13,3,1,4,12,4373,2571,1802,650,972,3401,6.97326198719415,7.49748619214313,6.22532612097669,6.35539487692308,6.84789094650205,7.00909281681858,157
"159",2021,10,7.33333333333333,12,7.71428571428571,6.8,NA,7.5,7.31818181818182,7,5,0,1,11,4385,2578,1807,650,973,3412,6.97424735917902,7.49807486423584,6.22691625345877,6.35539487692308,6.84856115107913,7.0100892936694,158
"160",2021,11,7.05,10,7.83333333333333,6.71428571428571,7.125,6.83333333333333,7.14285714285714,3,7,4,3,7,4395,2581,1814,654,976,3419,6.97441972013652,7.49846454862456,6.22879695148842,6.36010194189603,6.84851434426229,7.01036112021059,159
"161",2021,12,7.06,20,7.18666666666667,6.68,6.4,6,7.17777777777778,15,5,1,2,18,4415,2596,1819,655,978,3437,6.9748073997735,7.49666294298921,6.23003720175921,6.36016285496183,6.84677914110429,7.01123790224033,160
"162",2022,1,7.06,25,7.23809523809524,6.125,7.5,7.5,6.8125,21,4,1,9,16,4440,2617,1823,656,987,3453,6.97528708783784,7.49458807795185,6.22980673066374,6.36190041158537,6.85273556231003,7.01031701998262,161
"163",2022,2,6.54,16,7.264,5.33333333333333,3,5.71666666666667,6.73,10,6,1,3,13,4456,2627,1829,657,990,3466,6.97372411804309,7.49371031594975,6.22686586659376,6.35678336377473,6.84929292929293,7.00926562896711,162
"164",2022,3,7.74888888888889,9,8.24857142857143,6,NA,7.12,7.92857142857143,7,2,0,2,7,4465,2634,1831,657,992,3473,6.97528660022396,7.49571640091116,6.22661806116876,6.35678336377473,6.84983870967742,7.01111853440829,163
"165",2022,4,7,13,7.66666666666667,6.42857142857143,7,5,7.16666666666667,6,7,2,1,12,4478,2640,1838,659,993,3485,6.97535834524341,7.49610492424242,6.22738719804135,6.35873546282246,6.84797583081571,7.01165413773314,164
"166",2022,5,7.664722,20,7.7996525,7.125,7,7.4375,7.7215275,16,4,2,4,16,4498,2656,1842,661,997,3501,6.97842354602045,7.49793352409638,6.22933641150923,6.36067574886536,6.8503410230692,7.0148983461868,165
"167",2022,6,6.08181818181818,11,7.725,5.14285714285714,5,NA,6.08181818181818,4,7,1,0,11,4509,2660,1849,662,997,3512,6.97623621867376,7.49827497744361,6.22522318550568,6.35862034743202,6.8503410230692,7.0119758285877,166
"168",2022,7,7,10,7.33333333333333,6.5,7,7.66666666666667,6.71428571428571,6,4,2,3,7,4519,2666,1853,664,1000,3519,6.97628880504536,7.49790376594149,6.22581633567188,6.36055221385542,6.85279,7.01138366297244,167
"169",2022,8,7.53846153846154,13,8,7,6.25,5.5,7.90909090909091,7,6,4,2,11,4532,2673,1859,668,1002,3530,6.97790139232127,7.49921864571642,6.22831504572351,6.3598902245509,6.85008982035928,7.0141810509915,168
"170",2022,9,7.72352941176471,17,7.8,7.58333333333333,NA,8,7.70625,11,6,0,1,16,4549,2684,1865,668,1003,3546,6.98068786766322,7.5004513561848,6.2326743538874,6.3598902245509,6.85123629112662,7.0173037535251,169
"171",2022,10,7,9,7.33333333333333,6.33333333333333,7,NA,7,6,3,1,0,9,4558,2690,1868,669,1003,3555,6.98072600043879,7.50007860223048,6.2328360117773,6.36084704035874,6.85123629112662,7.01725994655415,170
"172",2022,11,6.81818181818182,22,7.5,6.42857142857143,7.5,5,6.90476190476191,8,14,2,1,21,4580,2698,1882,671,1004,3576,6.97994522052402,7.50007836916234,6.23429206695005,6.36424242921013,6.84939243027888,7.01659930369128,171
"173",2022,12,7.1875,8,7.375,7,6.5,7,7.21428571428571,4,4,2,1,7,4588,2702,1886,673,1005,3583,6.98030712946818,7.49989320503331,6.23591604984093,6.3646458692422,6.84954228855721,7.01698551772258,172
