"","year","month","avg_rating","no_ratings","avg_rating_owned","avg_rating_not_owned","avg_rating_prev_owned","avg_rating_comment","avg_rating_no_comment","no_ratings_owned","no_ratings_not_owned","no_ratings_prev_owned","no_ratings_comment","no_ratings_no_comment","cum_no_ratings","cum_no_ratings_owned","cum_no_ratings_not_owned","cum_no_ratings_prev_owned","cum_no_ratings_comment","cum_no_ratings_no_comment","cum_avg_rating","cum_avg_rating_owned","cum_avg_rating_not_owned","cum_avg_rating_prev_owned","cum_avg_rating_comment","cum_avg_rating_no_comment","month_after_release"
"1",2001,6,7.5,6,7.5,7.5,7,NA,7.5,4,2,1,0,6,6,4,2,1,0,6,7.5,7.5,7.5,7,NA,7.5,1
"2",2001,7,4,1,4,NA,NA,4,NA,1,0,0,1,0,7,5,2,1,1,6,7,6.8,7.5,7,4,7.5,2
"3",2001,8,7.57142857142857,7,7.75,7.33333333333333,6,7.5,7.6,4,3,1,2,5,14,9,5,2,3,11,7.28571428571429,7.22222222222222,7.4,6.5,6.33333333333333,7.54545454545455,3
"4",2001,9,6.8,5,7.33333333333333,6,NA,7.33333333333333,6,3,2,0,3,2,19,12,7,2,6,13,7.15789473684211,7.25,7,6.5,6.83333333333333,7.30769230769231,4
"5",2001,10,7,3,8,5,NA,NA,7,2,1,0,0,3,22,14,8,2,6,16,7.13636363636364,7.35714285714286,6.75,6.5,6.83333333333333,7.25,5
"6",2001,11,7.66666666666667,3,7.5,8,NA,8,7.5,2,1,0,1,2,25,16,9,2,7,18,7.2,7.375,6.88888888888889,6.5,7,7.27777777777778,6
"7",2001,12,5,1,5,NA,NA,NA,5,1,0,0,0,1,26,17,9,2,7,19,7.11538461538461,7.23529411764706,6.88888888888889,6.5,7,7.15789473684211,7
"8",2002,1,8.5,2,8.5,NA,NA,NA,8.5,2,0,0,0,2,28,19,9,2,7,21,7.21428571428571,7.36842105263158,6.88888888888889,6.5,7,7.28571428571429,8
"9",2002,2,6.5,2,NA,6.5,NA,6,7,0,2,0,1,1,30,19,11,2,8,22,7.16666666666667,7.36842105263158,6.81818181818182,6.5,6.875,7.27272727272727,9
"10",2002,3,7,4,7,NA,NA,7,7,4,0,0,2,2,34,23,11,2,10,24,7.14705882352941,7.30434782608696,6.81818181818182,6.5,6.9,7.25,10
"11",2002,4,7.5,4,7.5,NA,NA,8,6,4,0,0,3,1,38,27,11,2,13,25,7.18421052631579,7.33333333333333,6.81818181818182,6.5,7.15384615384615,7.2,11
"12",2002,5,7,2,7,NA,NA,NA,7,2,0,0,0,2,40,29,11,2,13,27,7.175,7.31034482758621,6.81818181818182,6.5,7.15384615384615,7.18518518518519,12
"13",2002,6,7.75,4,7.75,NA,NA,NA,7.75,4,0,0,0,4,44,33,11,2,13,31,7.22727272727273,7.36363636363636,6.81818181818182,6.5,7.15384615384615,7.25806451612903,13
"14",2002,7,6.625,4,6.625,NA,NA,8,6.16666666666667,4,0,0,1,3,48,37,11,2,14,34,7.17708333333333,7.28378378378378,6.81818181818182,6.5,7.21428571428571,7.16176470588235,14
"15",2002,8,7.66666666666667,6,7.4,9,NA,9,7.4,5,1,0,1,5,54,42,12,2,15,39,7.23148148148148,7.29761904761905,7,6.5,7.33333333333333,7.19230769230769,15
"16",2002,9,5,3,5,5,5,NA,5,2,1,1,0,3,57,44,13,3,15,42,7.1140350877193,7.19318181818182,6.84615384615385,6,7.33333333333333,7.03571428571429,16
"17",2002,10,8,1,NA,8,8,NA,8,0,1,1,0,1,58,44,14,4,15,43,7.12931034482759,7.19318181818182,6.92857142857143,6.5,7.33333333333333,7.05813953488372,17
"18",2002,11,7.75,4,7.75,NA,NA,8,7,4,0,0,3,1,62,48,14,4,18,44,7.16935483870968,7.23958333333333,6.92857142857143,6.5,7.44444444444444,7.05681818181818,18
"19",2002,12,6.66666666666667,3,10,5,NA,NA,6.66666666666667,1,2,0,0,3,65,49,16,4,18,47,7.14615384615385,7.29591836734694,6.6875,6.5,7.44444444444444,7.03191489361702,19
"20",2003,1,6.66666666666667,6,7,6,7,7,6.6,4,2,1,1,5,71,53,18,5,19,52,7.1056338028169,7.27358490566038,6.61111111111111,6.6,7.42105263157895,6.99038461538461,20
"21",2003,2,6.875,4,7,6.5,NA,6.5,7,3,1,0,1,3,75,56,19,5,20,55,7.09333333333333,7.25892857142857,6.60526315789474,6.6,7.375,6.99090909090909,21
"22",2003,3,7.25,4,7.5,7,NA,NA,7.25,2,2,0,0,4,79,58,21,5,20,59,7.10126582278481,7.26724137931035,6.64285714285714,6.6,7.375,7.00847457627119,22
"23",2003,4,6.4,5,6.66666666666667,6,NA,7,6.25,3,2,0,1,4,84,61,23,5,21,63,7.05952380952381,7.23770491803279,6.58695652173913,6.6,7.35714285714286,6.96031746031746,23
"24",2003,5,8,7,8.4,7,NA,7.75,8.33333333333333,5,2,0,4,3,91,66,25,5,25,66,7.13186813186813,7.32575757575758,6.62,6.6,7.42,7.02272727272727,24
"25",2003,6,6,3,6.5,5,NA,5,6.5,2,1,0,1,2,94,68,26,5,26,68,7.09574468085106,7.30147058823529,6.55769230769231,6.6,7.32692307692308,7.00735294117647,25
"26",2003,7,7.078125,32,7.33333333333333,6.3125,NA,6.44444444444444,7.32608695652174,24,8,0,9,23,126,92,34,5,35,91,7.09126984126984,7.30978260869565,6.5,6.6,7.1,7.08791208791209,26
"27",2003,8,6.57142857142857,14,6.88888888888889,6,NA,5.75,6.9,9,5,0,4,10,140,101,39,5,39,101,7.03928571428571,7.27227722772277,6.43589743589744,6.6,6.96153846153846,7.06930693069307,27
"28",2003,9,7.47777777777778,9,7.46,7.5,7.5,8,7.4125,5,4,2,1,8,149,106,43,7,40,109,7.06577181208054,7.2811320754717,6.53488372093023,6.85714285714286,6.9875,7.09449541284404,28
"29",2003,10,7.5,6,8,7,NA,NA,7.5,3,3,0,0,6,155,109,46,7,40,115,7.08258064516129,7.30091743119266,6.56521739130435,6.85714285714286,6.9875,7.11565217391304,29
"30",2003,11,7,2,7,NA,NA,NA,7,2,0,0,0,2,157,111,46,7,40,117,7.08152866242038,7.2954954954955,6.56521739130435,6.85714285714286,6.9875,7.11367521367521,30
"31",2003,12,6.92857142857143,7,6.83333333333333,7,NA,NA,6.92857142857143,3,4,0,0,7,164,114,50,7,40,124,7.075,7.28333333333333,6.6,6.85714285714286,6.9875,7.10322580645161,31
"32",2004,1,7.26666666666667,15,7.5,6.33333333333333,NA,7.66666666666667,7,12,3,0,6,9,179,126,53,7,46,133,7.09106145251397,7.30396825396825,6.58490566037736,6.85714285714286,7.07608695652174,7.09624060150376,32
"33",2004,2,7.16,15,7.53636363636364,6.125,NA,7,7.21818181818182,11,4,0,4,11,194,137,57,7,50,144,7.09639175257732,7.32262773722628,6.55263157894737,6.85714285714286,7.07,7.10555555555556,33
"34",2004,3,6.57142857142857,14,6.875,6.16666666666667,7,6.66666666666667,6.54545454545455,8,6,2,3,11,208,145,63,9,53,155,7.06105769230769,7.29793103448276,6.51587301587302,6.88888888888889,7.04716981132075,7.0658064516129,34
"35",2004,4,7.31818181818182,11,7.6875,6.33333333333333,6,7.75,7.07142857142857,8,3,1,4,7,219,153,66,10,57,162,7.07397260273973,7.31830065359477,6.50757575757576,6.8,7.09649122807018,7.06604938271605,35
"36",2004,5,6.16666666666667,6,8,5.25,NA,5.33333333333333,7,2,4,0,3,3,225,155,70,10,60,165,7.04977777777778,7.32709677419355,6.43571428571429,6.8,7.00833333333333,7.06484848484848,36
"37",2004,6,7.30769230769231,13,7.625,6.8,NA,7.2,7.375,8,5,0,5,8,238,163,75,10,65,173,7.06386554621849,7.34171779141104,6.46,6.8,7.02307692307692,7.07919075144509,37
"38",2004,7,6.88888888888889,9,7,6,6,7.66666666666667,6.5,8,1,1,3,6,247,171,76,11,68,179,7.05748987854251,7.32573099415205,6.45394736842105,6.72727272727273,7.05147058823529,7.05977653631285,38
"39",2004,8,6.85714285714286,7,6.625,7.16666666666667,7.16666666666667,NA,6.85714285714286,4,3,3,0,7,254,175,79,14,68,186,7.05196850393701,7.30971428571428,6.48101265822785,6.82142857142857,7.05147058823529,7.05215053763441,39
"40",2004,9,7.41666666666667,6,7.375,7.5,NA,7,7.625,4,2,0,2,4,260,179,81,14,70,190,7.06038461538462,7.31117318435754,6.50617283950617,6.82142857142857,7.05,7.06421052631579,40
"41",2004,10,7.11538461538461,13,7.77777777777778,5.625,NA,5.5,7.6,9,4,0,3,10,273,188,85,14,73,200,7.06300366300366,7.33351063829787,6.46470588235294,6.82142857142857,6.98630136986301,7.091,41
"42",2004,11,6.79166666666667,12,7.33333333333333,5.16666666666667,5,6.7,6.85714285714286,9,3,1,5,7,285,197,88,15,78,207,7.05157894736842,7.33350253807107,6.42045454545455,6.7,6.96794871794872,7.08309178743961,42
"43",2004,12,6,11,7.75,5,6,6.16666666666667,5.8,4,7,2,6,5,296,201,95,17,84,212,7.0125,7.34179104477612,6.31578947368421,6.61764705882353,6.91071428571429,7.05283018867924,43
"44",2005,1,6.6875,24,7.19230769230769,6.09090909090909,5,6.77777777777778,6.63333333333333,13,11,1,9,15,320,214,106,18,93,227,6.988125,7.33271028037383,6.29245283018868,6.52777777777778,6.89784946236559,7.02511013215859,44
"45",2005,2,7.13157894736842,19,7.46153846153846,6.41666666666667,7,7.33333333333333,7.03846153846154,13,6,1,6,13,339,227,112,19,99,240,6.99616519174041,7.34008810572687,6.29910714285714,6.55263157894737,6.92424242424242,7.02583333333333,45
"46",2005,3,6.69411764705882,17,7.18,6,6.375,6,7.18,10,7,4,7,10,356,237,119,23,106,250,6.98174157303371,7.33333333333333,6.28151260504202,6.52173913043478,6.86320754716981,7.032,46
"47",2005,4,6.53076923076923,13,6.57142857142857,6.48333333333333,6.5,5.6,6.81,7,6,2,3,10,369,244,125,25,109,260,6.96585365853659,7.31147540983606,6.2912,6.52,6.82844036697248,7.02346153846154,47
"48",2005,5,6.75,18,7.15384615384615,5.7,7,7.16666666666667,6.33333333333333,13,5,1,9,9,387,257,130,26,118,269,6.95581395348837,7.30350194552529,6.26846153846154,6.53846153846154,6.85423728813559,7.00037174721189,48
"49",2005,6,6.875,12,6.75,7.5,7.5,7.25,6.5,10,2,2,6,6,399,267,132,28,124,275,6.95338345864662,7.28277153558052,6.28712121212121,6.60714285714286,6.87338709677419,6.98945454545454,49
"50",2005,7,6.27272727272727,11,7.14285714285714,4.75,4,5.25,6.85714285714286,7,4,1,4,7,410,274,136,29,128,282,6.93512195121951,7.27919708029197,6.24191176470588,6.51724137931035,6.82265625,6.98617021276596,50
"51",2005,8,5.85714285714286,14,5.7,6.25,NA,5.42857142857143,6.28571428571429,10,4,0,7,7,424,284,140,29,135,289,6.89952830188679,7.22359154929577,6.24214285714286,6.51724137931035,6.75037037037037,6.96920415224913,51
"52",2005,9,6.8,19,6.8375,6.77272727272727,6.75,6.45,6.96153846153846,8,11,4,6,13,443,292,151,33,141,302,6.89525959367946,7.21301369863014,6.28079470198676,6.54545454545455,6.73758865248227,6.96887417218543,52
"53",2005,10,6.5625,16,7.08333333333333,5,5,6.71428571428571,6.44444444444444,12,4,1,7,9,459,304,155,34,148,311,6.88366013071895,7.2078947368421,6.24774193548387,6.5,6.73648648648649,6.95369774919614,53
"54",2005,11,6.95833333333333,24,7.10526315789474,6.4,7,6.57142857142857,7.11764705882353,19,5,1,7,17,483,323,160,35,155,328,6.88737060041408,7.20185758513932,6.2525,6.51428571428571,6.72903225806452,6.96219512195122,54
"55",2005,12,6.82692307692308,26,7.46428571428571,6.08333333333333,6.5,7,6.7,14,12,2,11,15,509,337,172,37,166,343,6.88428290766208,7.21275964391691,6.24069767441861,6.51351351351351,6.74698795180723,6.95072886297376,55
"56",2006,1,6.405,20,6.75833333333333,5.875,6,6.44444444444444,6.37272727272727,12,8,1,9,11,529,349,180,38,175,354,6.86616257088847,7.19713467048711,6.22444444444444,6.5,6.73142857142857,6.93276836158192,56
"57",2006,2,6.5,10,6.2,6.8,8,6.28571428571429,7,5,5,1,7,3,539,354,185,39,182,357,6.85936920222635,7.18305084745763,6.24,6.53846153846154,6.71428571428571,6.93333333333333,57
"58",2006,3,7.16666666666667,12,7.55555555555556,6,NA,6.33333333333333,7.44444444444444,9,3,0,3,9,551,363,188,39,185,366,6.86606170598911,7.19228650137741,6.23617021276596,6.53846153846154,6.70810810810811,6.94590163934426,58
"59",2006,4,6.35384615384615,13,6.84444444444444,5.25,7,6.33333333333333,6.37142857142857,9,4,1,6,7,564,372,192,40,191,373,6.85425531914894,7.18387096774193,6.215625,6.55,6.69633507853403,6.93512064343163,59
"60",2006,5,6.26923076923077,13,6.5,6,7,5.91666666666667,6.57142857142857,7,6,1,6,7,577,379,198,41,197,380,6.84107452339688,7.1712401055409,6.20909090909091,6.5609756097561,6.67258883248731,6.92842105263158,60
"61",2006,6,6.07142857142857,14,6.8,4.25,NA,6.4,5.88888888888889,10,4,0,5,9,591,389,202,41,202,389,6.82284263959391,7.16169665809769,6.17029702970297,6.5609756097561,6.66584158415842,6.90437017994858,61
"62",2006,7,6.98695652173913,23,7.16666666666667,6.65,9,6.85714285714286,7.04375,15,8,1,7,16,614,404,210,42,209,405,6.82899022801303,7.16188118811881,6.18857142857143,6.61904761904762,6.67224880382775,6.90987654320987,62
"63",2006,8,6.95833333333333,12,7.28571428571429,6.5,7,6.5,7.11111111111111,7,5,1,3,9,626,411,215,43,212,414,6.8314696485623,7.1639902676399,6.19581395348837,6.62790697674419,6.66981132075472,6.91425120772947,63
"64",2006,9,6.51578947368421,19,6.67692307692308,6.16666666666667,5,6.0625,6.84545454545455,13,6,1,8,11,645,424,221,44,220,425,6.82217054263566,7.14905660377358,6.19502262443439,6.59090909090909,6.64772727272727,6.91247058823529,64
"65",2006,10,6.43478260869565,23,6.625,6.22727272727273,7,6.25,6.57692307692308,12,11,1,10,13,668,436,232,45,230,438,6.80883233532934,7.13463302752294,6.19655172413793,6.6,6.6304347826087,6.90251141552511,65
"66",2006,11,7.375,16,7.38888888888889,7.35714285714286,7.16666666666667,7.33333333333333,7.38461538461539,9,7,3,3,13,684,445,239,48,233,451,6.82207602339181,7.13977528089888,6.23054393305439,6.63541666666667,6.63948497854077,6.91640798226164,66
"67",2006,12,7.068,25,7.59375,6.13333333333333,5.5,6.5,7.24736842105263,16,9,2,6,19,709,461,248,50,239,470,6.83074753173484,7.15553145336226,6.22701612903226,6.59,6.63598326359833,6.92978723404255,67
"68",2007,1,6.65263157894737,38,6.77083333333333,6.45,6.975,6.4875,6.69666666666667,24,14,4,8,30,747,485,262,54,247,500,6.82168674698795,7.13649484536082,6.23893129770992,6.61851851851852,6.63117408906883,6.9158,68
"69",2007,2,6.6717812,25,6.94444444444444,5.97064714285714,NA,6.71428571428571,6.65525166666667,18,7,0,7,18,772,503,269,54,254,518,6.81683229274611,7.12962226640159,6.23194992565056,6.61851851851852,6.63346456692913,6.9067461969112,69
"70",2007,3,6.47222222222222,18,6.85,6,6.33333333333333,6.8,6.34615384615385,10,8,3,5,13,790,513,277,57,259,531,6.80898041772152,7.12417153996101,6.22525101083033,6.60350877192982,6.63667953667954,6.89302171374765,70
"71",2007,4,6.51739130434783,23,7.16666666666667,5.80909090909091,7,6.88888888888889,6.27857142857143,12,11,1,9,14,813,525,288,58,268,545,6.80073127921279,7.12514285714286,6.20935600694445,6.61034482758621,6.64514925373134,6.87723766972477,71
"72",2007,5,6.89047619047619,21,7.26923076923077,6.275,7,6.33333333333333,7.11333333333333,13,8,2,6,15,834,538,296,60,274,560,6.80299104316547,7.12862453531598,6.21113016891892,6.62333333333333,6.63832116788321,6.88356166071428,72
"73",2007,6,6.98947368421053,19,7.16363636363636,6.75,6.5,7.08333333333333,6.94615384615385,11,8,2,6,13,853,549,304,62,280,573,6.80714481828839,7.12932604735883,6.22531095394737,6.61935483870968,6.64785714285714,6.88498172774869,73
"74",2007,7,6.40384615384615,13,6.35416666666667,7,7,6,6.75,12,1,1,6,7,866,561,305,63,286,580,6.8010906812933,7.11274509803922,6.22785091803279,6.62539682539682,6.63426573426573,6.88335263793103,74
"75",2007,8,6.78333333333333,30,6.6875,6.89285714285714,6.5,6.125,7.02272727272727,16,14,4,8,22,896,577,319,67,294,602,6.80049612723214,7.10095320623917,6.25703614420063,6.61791044776119,6.62040816326531,6.88844606312292,75
"76",2007,9,7.25,22,7.33333333333333,7.07142857142857,NA,6.5,7.36842105263158,15,7,0,3,19,918,592,326,67,297,621,6.81126855119826,7.10684121621622,6.27452309815951,6.61791044776119,6.61919191919192,6.90313128824477,76
"77",2007,10,6.55769230769231,26,6.86363636363636,6.33333333333333,7,6.58333333333333,6.55,11,15,1,6,20,944,603,341,68,303,641,6.80428445974576,7.10240464344942,6.27711005865103,6.62352941176471,6.61848184818482,6.89211315132605,77
"78",2007,11,6.672,25,6.96666666666667,6.23,7,7.2,6.32,15,10,1,10,15,969,618,351,69,313,656,6.80087154798762,7.09911003236246,6.27576789173789,6.62898550724638,6.6370607028754,6.87903129573171,78
"79",2007,12,6.59787234042553,47,6.90666666666667,6.05294117647059,7.25,6.55333333333333,6.61875,30,17,2,15,32,1016,648,368,71,328,688,6.79148083661417,7.09020061728395,6.26547426630435,6.64647887323944,6.63323170731707,6.86692518895349,79
"80",2008,1,6.58958333333333,48,6.946875,5.875,5.28571428571429,7,6.36451612903226,32,16,7,17,31,1064,680,384,78,345,719,6.78237267857143,7.08345588235294,6.24920450520834,6.52435897435897,6.65130434782609,6.84526360222531,80
"81",2008,2,6.908,25,7.66923076923077,6.08333333333333,NA,6.71428571428571,6.98333333333333,13,12,0,7,18,1089,693,396,78,352,737,6.78525668503214,7.09444444444444,6.24417810606061,6.52435897435897,6.65255681818182,6.84863572591587,81
"82",2008,3,6.43942307692308,26,6.65333333333333,6.14772727272727,7.5,6.7125,6.26875,15,11,2,10,16,1115,708,407,80,362,753,6.77719240358744,7.0850988700565,6.24157132678133,6.54875,6.65421270718232,6.83631411686587,82
"83",2008,4,6.62307692307692,26,6.9375,6.12,6.83333333333333,5.94444444444444,6.98235294117647,16,10,3,9,17,1141,724,417,83,371,770,6.77368056967572,7.08183701657459,6.23865594724221,6.55903614457831,6.63699460916442,6.83953835064935,83
"84",2008,5,6.78571428571429,21,7.03333333333333,6.16666666666667,6,7,6.625,15,6,1,9,12,1162,739,423,84,380,782,6.7738980464716,7.08085250338295,6.23763482269504,6.55238095238095,6.64559210526316,6.83624620204604,84
"85",2008,6,7.04347826086957,23,7.39285714285714,6.5,7.5,7.6875,6.7,14,9,2,8,15,1185,753,432,86,388,797,6.77913040506329,7.08665338645418,6.24310076388889,6.57441860465116,6.66707474226804,6.83368196988708,85
"86",2008,7,6.23684210526316,19,7.2,5.16666666666667,4.6,5.6875,6.63636363636364,10,9,5,8,11,1204,763,441,91,396,808,6.77057269933555,7.08813892529489,6.22113272108844,6.46593406593407,6.64728535353535,6.83099570544554,86
"87",2008,8,6.56896551724138,29,7.25,5.73076923076923,5.83333333333333,6.27777777777778,6.7,16,13,6,9,20,1233,779,454,97,405,828,6.76583092457421,7.09146341463415,6.20709147577093,6.42680412371134,6.63907407407407,6.82783155797101,87
"88",2008,9,6.2,19,6.35,6.03333333333333,6.08333333333333,6.4,6.08333333333333,10,9,6,7,12,1252,789,463,103,412,840,6.75724403354632,7.08206590621039,6.20371388768899,6.40679611650485,6.63501213592233,6.81719586904762,88
"89",2008,10,6.70526315789474,19,6.77272727272727,6.6125,6.25,6.85,6.66666666666667,11,8,2,4,15,1271,800,471,105,416,855,6.75646697875688,7.0778125,6.21065717622081,6.40380952380952,6.63707932692308,6.81455500584795,89
"90",2008,11,6.57179487179487,39,6.96086956521739,6.0125,6.475,6.95454545454545,6.42142857142857,23,16,4,11,28,1310,823,487,109,427,883,6.75096910687023,7.07454434993925,6.2041468788501,6.40642201834862,6.64525761124122,6.80208893544734,90
"91",2008,12,6.45833333333333,30,6.61363636363636,6.36842105263158,6.58333333333333,6.40909090909091,6.48684210526316,11,19,6,11,19,1340,834,506,115,438,902,6.74441755970149,7.06846522781775,6.21031527667984,6.41565217391304,6.63932648401827,6.79544848115299,91
"92",2009,1,6.64264705882353,34,6.63958333333333,6.65,7.33333333333333,6.66666666666667,6.634,24,10,3,9,25,1374,858,516,118,447,927,6.74189922125182,7.05646853146853,6.21883629844961,6.43898305084746,6.63987695749441,6.79109442286947,92
"93",2009,2,6.47142857142857,35,6.86666666666667,6.175,6.92857142857143,6.5,6.46296296296296,15,20,7,8,27,1409,873,536,125,455,954,6.73518064584812,7.05320733104238,6.21720061567164,6.4664,6.63741758241758,6.78180768343816,93
"94",2009,3,6.3,27,6.65,5.92307692307692,6.06,6.825,6.20869565217391,14,13,5,4,23,1436,887,549,130,459,977,6.72699827994429,7.04684329199549,6.21023593806922,6.45076923076923,6.6390522875817,6.76831579324463,94
"95",2009,4,6.31666666666667,30,6.29166666666667,6.33333333333333,5.75,6.4375,6.27272727272727,12,18,4,8,22,1466,899,567,134,467,999,6.7186013165075,7.03676307007787,6.21414379188713,6.42985074626866,6.63559957173448,6.75740193193193,95
"96",2009,5,6.48529411764706,34,6.76315789473684,6.13333333333333,5.66666666666667,6,6.75,19,15,3,12,22,1500,918,582,137,479,1021,6.71331302,7.03110021786492,6.21206104810997,6.41313868613139,6.61967640918581,6.7572424387855,96
"97",2009,6,6.55714285714286,21,7.32,5.86363636363636,4.76666666666667,5.88333333333333,6.82666666666667,10,11,3,6,15,1521,928,593,140,485,1036,6.71115682445759,7.03421336206897,6.20559785834739,6.37785714285714,6.61056701030928,6.75824761583012,97
"98",2009,7,6.63784685714286,35,7.64285714285714,5.96784,6.125,6.55308,6.66296296296296,14,21,8,8,27,1556,942,614,148,493,1063,6.70950782133676,7.04325902335457,6.19746607491857,6.36418918918919,6.60963415821501,6.75582740357479,98
"99",2009,8,6.85217391304348,23,7.13333333333333,6.54545454545455,6,6.14285714285714,7.1625,12,11,6,7,16,1579,954,625,154,500,1079,6.71158592146928,7.04439203354298,6.203590672,6.35,6.60309928,6.76185776645042,99
"100",2009,9,6.76206896551724,29,7.08888888888889,6.22727272727273,6.33333333333333,6.71428571428571,6.77727272727273,18,11,3,7,22,1608,972,636,157,507,1101,6.71249637437811,7.04521604938272,6.2040002672956,6.34968152866242,6.60463439842209,6.76216578564941,100
"101",2009,10,6.13157894736842,19,6.75,5.68181818181818,5.33333333333333,5.66666666666667,6.21875,8,11,3,3,16,1627,980,647,160,510,1117,6.7057124585126,7.04280612244898,6.19512236476044,6.330625,6.59911694117647,6.75438185317816,101
"102",2009,11,6.68461538461538,26,7.11764705882353,5.86666666666667,6.05,5.9,6.87142857142857,17,9,6,5,21,1653,997,656,166,515,1138,6.7053806231095,7.04408224674022,6.19061611280488,6.32048192771084,6.59232939805825,6.75654176625659,102
"103",2009,12,6.7171875,32,7.340625,6.09375,5.91666666666667,6.125,6.91458333333333,16,16,6,8,24,1685,1013,672,172,523,1162,6.70560484866469,7.04876604146101,6.18830977678572,6.30639534883721,6.58518095602295,6.75980596385542,103
"104",2010,1,6.6258064516129,31,6.76923076923077,6.52222222222222,6.32222222222222,6.6,6.63076923076923,13,18,9,5,26,1716,1026,690,181,528,1188,6.70416326923077,7.04522417153996,6.19702053623189,6.30718232044199,6.58532128787879,6.75698192760943,104
"105",2010,2,6.46666666666667,21,7.27142857142857,4.85714285714286,2,7.08333333333333,6.22,14,7,1,6,15,1737,1040,697,182,534,1203,6.70129198042602,7.04826923076923,6.18356408895266,6.28351648351648,6.59091692883895,6.75028639235245,105
"106",2010,3,6.765625,16,7.4375,6.09375,6.4375,7.66666666666667,6.55769230769231,8,8,4,3,13,1753,1048,705,186,537,1216,6.70187916143754,7.05124045801527,6.18254492198582,6.28682795698925,6.59692670391062,6.74822740953947,106
"107",2010,4,7.1,7,7.425,6.66666666666667,NA,6.2,7.25,4,3,0,1,6,1760,1052,708,186,538,1222,6.70346259659091,7.05266159695818,6.18459628531074,6.28682795698925,6.59618892193309,6.75069110474632,107
"108",2010,5,6.66176470588235,17,6.95,6.25,6,6,6.703125,10,7,1,1,16,1777,1062,715,187,539,1238,6.70306368598762,7.05169491525424,6.1852366013986,6.28529411764706,6.59508282003711,6.75007635702746,108
"109",2010,6,7.03666666666667,15,7.14545454545455,6.7375,7,8.15,6.63181818181818,11,4,1,4,11,1792,1073,719,188,543,1249,6.70585612165179,7.05265610438024,6.18830899860918,6.28909574468085,6.60653709023941,6.74903485188151,109
"110",2010,7,6.66388888888889,18,7.075,6.15,5.8,7.125,6.53214285714286,10,8,4,4,14,1810,1083,727,192,547,1263,6.7054387679558,7.05286241920591,6.18788744154058,6.27890625,6.6103284095064,6.74663066508314,110
"111",2010,8,6.2,15,6.66666666666667,6.08333333333333,5.5,7,6.14285714285714,3,12,2,1,14,1825,1086,739,194,548,1277,6.70128447671233,7.0517955801105,6.18618967523681,6.27087628865979,6.6110394890511,6.74001137823023,111
"112",2010,9,6.85,15,7.82142857142857,6,6,5.33333333333333,7.22916666666667,7,8,1,3,12,1840,1093,747,195,551,1289,6.70249683152174,7.05672461116194,6.18419567603748,6.26948717948718,6.60408283121597,6.74456519006982,112
"113",2010,10,6.77083333333333,24,6.88461538461539,6.63636363636364,6.66666666666667,6.42857142857143,6.91176470588235,13,11,3,7,17,1864,1106,758,198,558,1306,6.70337670064378,7.05470162748644,6.19075748021108,6.27550505050505,6.60188107526882,6.74674160030628,113
"114",2010,11,6.31428571428571,21,6.9,5.875,6.25,7.5,6.18947368421053,9,12,4,2,19,1885,1115,770,202,560,1325,6.699042,7.05345291479821,6.18583658441559,6.275,6.60508864285714,6.73875058867925,114
"115",2010,12,6.37619047619048,21,6.69166666666667,5.95555555555556,6.5,6.7875,6.12307692307692,12,9,2,8,13,1906,1127,779,204,568,1338,6.69548487408185,7.04960070984916,6.18317608472401,6.27720588235294,6.60765781690141,6.73276870702541,115
"116",2011,1,6.36206896551724,29,6.6,6.10714285714286,6.2,6.4375,6.33333333333333,15,14,5,8,21,1935,1142,793,209,576,1359,6.69048794315245,7.04369527145359,6.18183375788146,6.27535885167464,6.60529451388889,6.72659641648271,116
"117",2011,2,6.32777777777778,18,6.3,6.3625,5.75,6.76666666666667,6.10833333333333,10,8,2,6,12,1953,1152,801,211,582,1371,6.68714499231951,7.03723958333333,6.18363816479401,6.27037914691943,6.6069581443299,6.72118492341357,117
"118",2011,3,6.37894736842105,19,6.32,6.44444444444444,5,5.5,6.48235294117647,10,9,2,2,17,1972,1162,810,213,584,1388,6.68417554259635,7.03106712564544,6.18653601234568,6.25845070422535,6.60316719178082,6.71825974783862,118
"119",2011,4,6.85,18,7.43,6.125,7,7.8,6.48461538461538,10,8,3,5,13,1990,1172,818,216,589,1401,6.68567546231156,7.03447098976109,6.18593419315404,6.26875,6.61332706281834,6.71609174161313,119
"120",2011,5,6.515,16,6.96166666666667,5.175,5.66666666666667,6.35714285714286,6.63777777777778,12,4,3,7,9,2006,1184,822,219,596,1410,6.68431414257228,7.03373310810811,6.1810148053528,6.26050228310502,6.61031818791946,6.71559186524823,120
"121",2011,6,6.76666666666667,12,6.7,6.81428571428571,7,6.625,6.8375,5,7,1,4,8,2018,1189,829,220,600,1418,6.68480385034688,7.03232968881413,6.18636208685163,6.26386363636364,6.61041606666667,6.71627964033851,121
"122",2011,7,6.55555555555556,18,7.04545454545455,5.78571428571429,6.25,7.125,6.39285714285714,11,7,2,4,14,2036,1200,836,222,604,1432,6.68366118369352,7.03245,6.18300738038278,6.26373873873874,6.61382390728477,6.71311768854749,122
"123",2011,8,6.63809523809524,21,6.86153846153846,6.275,6.33333333333333,6.83333333333333,6.56,13,8,3,6,15,2057,1213,844,225,610,1447,6.68319599902771,7.03061830173125,6.18387934834123,6.26466666666667,6.61598301639344,6.7115304284727,123
"124",2011,9,6.9,14,7.64285714285714,6.15714285714286,6.5,7.8,6.4,7,7,2,5,9,2071,1220,851,227,615,1456,6.68466159826171,7.03413114754099,6.18365942420682,6.26674008810573,6.62560917073171,6.70960475961539,124
"125",2011,10,6.36,15,6.95454545454545,4.725,6,6.25,6.43333333333333,11,4,1,6,9,2086,1231,855,228,621,1465,6.68232702301055,7.03341998375305,6.17683528654971,6.2655701754386,6.62198009661836,6.70790752901024,125
"126",2011,11,6.64130434782609,23,7.42307692307692,5.625,5.85,6.10714285714286,6.875,13,10,5,7,16,2109,1244,865,233,628,1481,6.68187964438122,7.03749196141479,6.17045568786127,6.25665236051502,6.61624146496815,6.70971271438218,126
"127",2011,12,6.615,20,6.90909090909091,6.25555555555556,6,6.625,6.60833333333333,11,9,1,8,12,2129,1255,874,234,636,1493,6.68125137153593,7.03636653386454,6.17133200228833,6.25555555555556,6.61635163522013,6.70889787675821,127
"128",2012,1,7.0741935483871,31,7.44,6.40909090909091,5.9,7.15,7.03809523809524,20,11,5,10,21,2160,1275,885,239,646,1514,6.68689081944444,7.04269803921569,6.17428719774011,6.24811715481172,6.62461244582043,6.71346402245707,128
"129",2012,2,6.91,25,7.48214285714286,6.18181818181818,6,7.28571428571429,6.76388888888889,14,11,3,7,18,2185,1289,896,242,653,1532,6.68944355606407,7.04747090768037,6.17437965401786,6.24504132231405,6.63169929555896,6.71405648172324,129
"130",2012,3,6.85714285714286,14,7.125,6.5,7,7,6.84615384615385,8,6,3,1,13,2199,1297,902,245,654,1545,6.69051121873579,7.04794911333848,6.17654564301552,6.25428571428571,6.63226244648318,6.71516798058252,130
"131",2012,4,6.32,15,6.35,6.28571428571429,6.1,NA,6.32,8,7,5,0,15,2214,1305,909,250,654,1560,6.68800098012647,7.04367049808429,6.17738632563256,6.2512,6.63226244648318,6.71136828846154,131
"132",2012,5,6.35333333333333,15,6.92857142857143,5.85,5.075,5,6.69166666666667,7,8,4,3,12,2229,1312,917,254,657,1572,6.68574884253028,7.04305640243903,6.17453017448201,6.23267716535433,6.62480919330289,6.71121789440203,132
"133",2012,6,6.38095238095238,21,7,5.7,5.5,6.125,6.44117647058824,11,10,2,4,17,2250,1323,927,256,661,1589,6.68290407555555,7.04269841269841,6.16941118662352,6.226953125,6.62178462934947,6.70832884203902,133
"134",2012,7,6.90625,16,7.29,6.26666666666667,7,6.95,6.9,10,6,1,2,14,2266,1333,933,257,663,1603,6.6844810988526,7.0445536384096,6.17003662379421,6.22996108949416,6.62277472096531,6.71000282595134,134
"135",2012,8,6.75,16,7.15,6.08333333333333,6.25,6.66666666666667,6.76923076923077,10,6,2,3,13,2282,1343,939,259,666,1616,6.68494047765118,7.04533879374535,6.16948260915868,6.23011583011583,6.62297243243243,6.71047928836634,135
"136",2012,9,6.5,12,7.125,5.25,4.5,7,6.33333333333333,8,4,2,3,9,2294,1351,943,261,669,1625,6.68397304707934,7.04581051073279,6.16558236479321,6.21685823754789,6.62466313901345,6.70839048,136
"137",2012,10,7,15,7.85714285714286,6.25,7,7.75,6.72727272727273,7,8,2,4,11,2309,1358,951,263,673,1636,6.68602605889996,7.04999263622975,6.16629250262881,6.22281368821293,6.63135161961367,6.70851743887531,137
"138",2012,11,6.936,25,7.09333333333333,6.7,6.66666666666667,7.33333333333333,6.81052631578947,15,10,3,6,19,2334,1373,961,266,679,1655,6.68870358611825,7.05046613255645,6.17184617065557,6.22781954887218,6.63755469808542,6.70968853776435,138
"139",2012,12,6.51904761904762,21,6.5875,6.3,6.25,6.5,6.52222222222222,16,5,4,3,18,2355,1389,966,270,682,1673,6.68719073036093,7.04513318934485,6.17250949275362,6.22814814814815,6.63694961876833,6.70767156604901,139
"140",2013,1,7.00961538461539,26,7.046875,6.95,6.16666666666667,6.6875,7.15277777777778,16,10,3,8,18,2381,1405,976,273,690,1691,6.69071153716926,7.04515302491103,6.18047558401639,6.22747252747253,6.63753571014493,6.71240953873448,140
"141",2013,2,6.63888888888889,18,7,5.91666666666667,5,6.21428571428571,6.90909090909091,12,6,1,7,11,2399,1417,982,274,697,1702,6.69032270529387,7.04477064220184,6.17886371690428,6.22299270072993,6.6332849928264,6.71368068742656,141
"142",2013,3,6.02,19,6.78571428571429,5.57333333333333,5.345,6.22,5.96666666666667,7,12,4,4,15,2418,1424,994,278,701,1717,6.68505548800662,7.04349719101124,6.17155349094568,6.21035971223022,6.63092673323823,6.70715464764123,142
"143",2013,4,5.75,14,6.71428571428571,4.78571428571429,5.25,3.625,6.6,7,7,4,4,10,2432,1431,1001,282,705,1727,6.67967276726974,7.04188679245283,6.16186230769231,6.19673758865248,6.61387182978723,6.7065341806601,143
"144",2013,5,6.90909090909091,22,7.85,6.125,6.16666666666667,7.3,6.79411764705882,10,12,6,5,17,2454,1441,1013,288,710,1744,6.68172949062755,7.04749479528106,6.16142563672261,6.19611111111111,6.61870371830986,6.70738791857798,144
"145",2013,6,6.95333333333333,15,7.125,6.75714285714286,6,7.4,6.88461538461539,8,7,1,2,13,2469,1449,1020,289,712,1757,6.68337957472661,7.04792270531401,6.16551389215686,6.19543252595156,6.62089837078652,6.70869922026181,145
"146",2013,7,6.2,10,6.75,5.83333333333333,6.33333333333333,NA,6.2,4,6,3,0,10,2479,1453,1026,292,712,1767,6.68142967728923,7.04710254645561,6.16357131578948,6.19684931506849,6.62089837078652,6.70582033389926,146
"147",2013,8,6.44117647058824,17,6.5625,6.33333333333333,6,6,6.53571428571429,8,9,3,3,14,2496,1461,1035,295,715,1781,6.67979333733974,7.04444900752909,6.16504750724638,6.19484745762712,6.6182932027972,6.70448317237507,147
"148",2013,9,6.14285714285714,14,6.92857142857143,5.35714285714286,6.25,5.5,6.31818181818182,7,7,4,3,11,2510,1468,1042,299,718,1792,6.67679847410359,7.04389645776567,6.15962012476008,6.19558528428094,6.61362066852368,6.70211190290178,148
"149",2013,10,6.58823529411765,17,7,6,5.66666666666667,6,6.66666666666667,10,7,3,2,15,2527,1478,1049,302,720,1807,6.67620267906609,7.04359945872801,6.15855497616778,6.19033112582782,6.61191616666667,6.70181767017155,149
"150",2013,11,6.54347826086957,23,7.09090909090909,6.04166666666667,NA,10,6.38636363636364,11,12,0,1,22,2550,1489,1061,302,721,1829,6.67500555686274,7.04394895903291,6.1572329594722,6.19033112582782,6.61661531206658,6.69802325314379,150
"151",2013,12,6.48571428571429,21,6.83571428571429,5.78571428571429,7.16666666666667,7.24,6.25,14,7,3,5,16,2571,1503,1068,305,726,1845,6.67345942045896,7.04200931470393,6.15479791198502,6.19993442622951,6.62090859504132,6.69413795663957,151
"152",2014,1,6.58823529411765,17,7.33333333333333,5.75,6.75,6.5,6.61538461538461,9,8,4,4,13,2588,1512,1076,309,730,1858,6.67289960200927,7.04374338624339,6.15178826208179,6.20705501618123,6.62024608219178,6.69358693756728,152
"153",2014,2,6.80666666666667,15,6.61111111111111,7.1,6,6.5,6.85384615384615,9,6,1,2,13,2603,1521,1082,310,732,1871,6.67367044563965,7.04118343195266,6.15704636783734,6.2063870967742,6.61991754098361,6.69470044361304,153
"154",2014,3,6.275,16,6.56666666666667,6.1,6.3,7.65,6.07857142857143,6,10,5,2,14,2619,1527,1092,315,734,1885,6.67123488736159,7.03931892599869,6.15652396520147,6.20787301587302,6.62272430517711,6.69012441909814,154
"155",2014,4,7.08333333333333,12,7.33333333333333,6.83333333333333,7,7.375,6.9375,6,6,2,4,8,2631,1533,1098,317,738,1893,6.67311446978335,7.04046966731898,6.16022237704918,6.21287066246057,6.6268016802168,6.69116985208663,155
"156",2014,5,6.63636363636364,11,7.875,3.33333333333333,2,6.8,6.5,8,3,1,5,6,2642,1541,1101,318,743,1899,6.67296145722937,7.04480207657365,6.15251968210718,6.19962264150944,6.62796721399731,6.69056583991574,156
"157",2014,6,6.47727272727273,11,7.45,5.66666666666667,5.5,6.5,6.47222222222222,5,6,1,2,9,2653,1546,1107,319,745,1908,6.67215008292499,7.04611254851229,6.14988633242999,6.19742946708464,6.62762367785235,6.68953591719078,157
"158",2014,7,6.83529411764706,17,7.2,6.31428571428571,7,6.78333333333333,6.86363636363636,10,7,1,6,11,2670,1556,1114,320,751,1919,6.67318882771536,7.04710154241645,6.15091936265709,6.1999375,6.62886769640479,6.69053388744138,158
"159",2014,8,6.06818181818182,22,6.6875,5.71428571428571,5.66666666666667,6.8,5.85294117647059,8,14,3,5,17,2692,1564,1128,323,756,1936,6.6682444910847,7.0452621483376,6.14550015070922,6.19498452012384,6.62999952380952,6.68317899276859,159
"160",2014,9,6.90833333333333,18,7.7,5.91875,6.55,6.4375,7.04285714285714,10,8,2,4,14,2710,1574,1136,325,760,1950,6.66983917712177,7.04942185514613,6.14390331866197,6.19716923076923,6.62898636842105,6.6857612974359,160
"161",2014,10,6.38260869565217,23,6.91666666666667,5.8,6,7,6.32380952380952,12,11,3,2,21,2733,1586,1147,328,762,1971,6.66742194291987,7.04841740226986,6.1406052048823,6.19536585365854,6.62996015748032,6.68190488584475,161
"162",2014,11,6.47727272727273,22,6.65,6.33333333333333,6.1,5.66666666666667,6.60526315789474,10,12,5,3,19,2755,1596,1159,333,765,1990,6.66590350998185,7.04592105263158,6.14260066436583,6.19393393393393,6.62618253594771,6.68117313065327,162
"163",2014,12,6.455,20,7.07142857142857,5.01666666666667,NA,7,6.22142857142857,14,6,0,6,14,2775,1610,1165,333,771,2004,6.66438348468468,7.04614285714286,6.13680186266095,6.19393393393393,6.62909162127108,6.67796134231537,163
"164",2015,1,6.62758620689655,29,6.65263157894737,6.58,7.45,6.76666666666667,6.61153846153846,19,10,4,3,26,2804,1629,1175,337,774,2030,6.66400291369472,7.04155310006139,6.14057376170213,6.20884272997033,6.62962485788114,6.67711060591133,164
"165",2015,2,6.4,14,6.67142857142857,6.12857142857143,6.475,6.9,6.26363636363636,7,7,4,3,11,2818,1636,1182,341,777,2041,6.66269133073101,7.03996943765281,6.14050268189509,6.21196480938417,6.63066877734878,6.67488218030377,165
"166",2015,3,6.92857142857143,14,7.25,5,NA,6.83333333333333,6.95454545454545,12,2,0,3,11,2832,1648,1184,341,780,2052,6.66400570974576,7.04149878640777,6.1385761570946,6.21196480938417,6.63144825641026,6.67638134990253,166
"167",2015,4,6.2875,16,7.01,5.08333333333333,6,5.66666666666667,6.66,10,6,2,6,10,2848,1658,1190,343,786,2062,6.66189050912921,7.04130880579011,6.13325560504202,6.21072886297376,6.62408351145038,6.67630190591659,167
"168",2015,5,6.68461538461538,13,7.375,5.58,7,6,6.89,8,5,1,3,10,2861,1666,1195,344,789,2072,6.66199376791332,7.04291116446579,6.13094072803347,6.21302325581396,6.62171057034221,6.67733326737452,168
"169",2015,6,7.4375,8,7.4375,NA,NA,6.5,7.75,8,0,0,2,6,2869,1674,1195,344,791,2078,6.66415621122342,7.04479689366786,6.13094072803347,6.21302325581396,6.62140283185841,6.68043047641963,169
"170",2015,7,6.64710526315789,19,7.059,6.5,6,6.765,6.625,5,14,3,3,16,2888,1679,1209,347,794,2094,6.66404403393352,7.04483918999405,6.13521436724566,6.21118155619597,6.62194539042821,6.68000693887297,170
"171",2015,8,6.85333333333333,15,7.5375,6.07142857142857,7,7.83333333333333,6.60833333333333,8,7,1,3,12,2903,1687,1216,348,797,2106,6.66502210471925,7.04717545939538,6.13484717927632,6.21344827586207,6.6265051944793,6.67959854226021,171
"172",2015,9,6.50833333333333,18,7.08846153846154,5,NA,6.23571428571429,6.68181818181818,13,5,0,7,11,2921,1700,1221,348,804,2117,6.66405654570352,7.04749117647059,6.13019997542998,6.21344827586207,6.62310278606965,6.67961007557865,172
"173",2015,10,6.50909090909091,22,6.96428571428571,5.7125,5.9,5.92857142857143,6.78,14,8,5,7,15,2943,1714,1229,353,811,2132,6.662898120965,7.04681155192532,6.12748101708706,6.20900849858357,6.61710806411837,6.6803163836773,173
"174",2015,11,6.43636363636364,22,6.96,6,5,7.125,6.28333333333333,10,12,2,4,18,2965,1724,1241,355,815,2150,6.66121725801012,7.04630800464037,6.12624832393231,6.20219718309859,6.61960078527607,6.67699280465116,174
"175",2015,12,6.575,20,7.1,6.05,5.95,6,6.67647058823529,10,10,5,3,17,2985,1734,1251,360,818,2167,6.6606395879397,7.04661764705882,6.12563882494005,6.19869444444445,6.61732841075795,6.67698870789109,175
"176",2016,1,6.41428571428571,21,6.72857142857143,5.78571428571429,5,7,6.27647058823529,14,7,1,4,17,3006,1748,1258,361,822,2184,6.65891855289421,7.04407036613272,6.12374735294118,6.19537396121884,6.61919055961071,6.67387112179487,176
"177",2016,2,6.61538461538461,13,7.125,6.38888888888889,4.5,6.125,6.83333333333333,4,9,2,4,9,3019,1752,1267,363,826,2193,6.65873109307718,7.0442551369863,6.12563075769534,6.18603305785124,6.61679738498789,6.6745255494756,177
"178",2016,3,7.34210526315789,19,7.68181818181818,6.875,7,7,7.38235294117647,11,8,1,2,17,3038,1763,1275,364,828,2210,6.66300499341672,7.04823312535451,6.13033268235294,6.18826923076923,6.61772299516908,6.67997037556561,178
"179",2016,4,6.646,25,6.74375,6.47222222222222,6.25,6.475,6.67857142857143,16,9,2,4,21,3063,1779,1284,366,832,2231,6.66286619980411,7.0454946599213,6.13272910436137,6.18860655737705,6.61703682692308,6.67995720753026,179
"180",2016,5,6.75892857142857,28,7.15357142857143,6.36428571428571,6,7.03,6.7,14,14,3,5,23,3091,1793,1298,369,837,2254,6.66373638628276,7.04633853876185,6.13522663328197,6.18707317073171,6.61950375149343,6.68016172582076,180
"181",2016,6,6.636,25,6.69642857142857,6.55909090909091,6.25,7.3,6.54545454545455,14,11,4,3,22,3116,1807,1309,373,840,2276,6.66351385430038,7.04362755949087,6.13878851795264,6.18774798927614,6.62193409523809,6.67885963532513,181
"182",2016,7,6.27857142857143,28,7,5.65333333333333,5.5,5.2,6.51304347826087,13,15,3,5,23,3144,1820,1324,376,845,2299,6.66008561386768,7.04331593406593,6.13328864803625,6.18226063829787,6.61352028402367,6.67720075250109,182
"183",2016,8,6.4741935483871,31,6.64210526315789,6.20833333333333,8,6.64285714285714,6.425,19,12,1,7,24,3175,1839,1336,377,852,2323,6.65827060472441,7.03917074497009,6.13396270209581,6.18708222811671,6.61376131455399,6.67459514851485,183
"184",2016,9,6.94285714285714,21,6.875,7.03333333333333,7.75,8.5,6.68333333333333,12,9,2,3,18,3196,1851,1345,379,855,2341,6.66014054130163,7.03810642895732,6.13998079553903,6.19532981530343,6.62037969590643,6.67466233660829,184
"185",2016,10,6.00952380952381,21,6.74545454545455,5.2,5,5.73333333333333,6.05555555555556,11,10,3,3,18,3217,1862,1355,382,858,2359,6.65589343176873,7.03637755102041,6.13304366789668,6.18594240837696,6.61727813519813,6.66993833403985,185
"186",2016,11,6.75,18,6.9375,6.6,6.25,6.83333333333333,6.73333333333333,8,10,2,3,15,3235,1870,1365,384,861,2374,6.65641705409583,7.03595454545455,6.13646459340659,6.18627604166667,6.61803094076655,6.67033889216512,186
"187",2016,12,6.48333333333333,18,6.85,6.025,6.83333333333333,6.06666666666667,6.56666666666667,10,8,3,3,15,3253,1880,1373,387,864,2389,6.65545932062711,7.03496542553192,6.13581512745812,6.19129198966408,6.61611648148148,6.66968795730431,187
"188",2017,1,6.10666666666667,30,6.43333333333333,5.78,5.6,5.4,6.18518518518519,15,15,7,3,27,3283,1895,1388,394,867,2416,6.65044446238197,7.03020316622691,6.13196986311239,6.18078680203046,6.61190846597462,6.66427339817881,188
"189",2017,2,7.37941176470588,17,7.56363636363636,7.04166666666667,6.125,6.5,7.56785714285714,11,6,2,3,14,3300,1906,1394,396,870,2430,6.65419974848485,7.03328174186779,6.13588534433286,6.18050505050505,6.61152257471264,6.66947923045268,189
"190",2017,3,6.2,15,6.5,6.09090909090909,6,NA,6.2,4,11,5,0,15,3315,1910,1405,401,870,2445,6.65214454600302,7.03216492146597,6.13553321708185,6.17825436408978,6.61152257471264,6.66659898977505,190
"191",2017,4,6.36904761904762,21,6.45833333333333,6.25,6,6,6.55357142857143,12,9,2,7,14,3336,1922,1414,403,877,2459,6.65036246103118,7.02858220603538,6.13626178925035,6.17736972704715,6.60664155074116,6.66595548190321,191
"192",2017,5,7.03846153846154,26,7.41666666666667,6.1875,6.5,7.4,6.95238095238095,18,8,3,5,21,3362,1940,1422,406,882,2480,6.65336382212968,7.03218298969072,6.13655004922644,6.17975369458128,6.61113904761905,6.66838085887097,192
"193",2017,6,6.75882352941176,17,7.04444444444444,6.4375,6.33333333333333,6.83333333333333,6.74285714285714,9,8,3,3,14,3379,1949,1430,409,885,2494,6.65389439775081,7.03223961005644,6.13823368531469,6.18088019559902,6.61189224858757,6.66879892943063,193
"194",2017,7,5.94444444444444,9,6.75,4.33333333333333,NA,7,5.64285714285714,6,3,0,2,7,3388,1955,1433,409,887,2501,6.65200979043684,7.03137340153453,6.13445510816469,6.18088019559902,6.61276735062007,6.66592744102359,194
"195",2017,8,6.61428571428571,28,6.75384615384615,6.49333333333333,7.5,5.8,6.79130434782609,13,15,2,5,23,3416,1968,1448,411,892,2524,6.65170057669789,7.02954014227642,6.13817276933702,6.18729927007299,6.60821147982063,6.66706994057052,195
"196",2017,9,6.9125,16,7.09090909090909,6.52,NA,7.5,6.82857142857143,11,5,0,2,14,3432,1979,1453,411,894,2538,6.65291642482518,7.02988125315816,6.13948669649002,6.18729927007299,6.61020653243848,6.66796080772262,196
"197",2017,10,6.53333333333333,9,7.1,5.825,NA,4,6.85,5,4,0,1,8,3441,1984,1457,411,895,2546,6.65260365300785,7.03005796370968,6.13862331503088,6.18729927007299,6.60729010055866,6.66853280832679,197
"198",2017,11,6.91739130434783,23,7.32,6.1625,6.45,7,6.9,15,8,4,4,19,3464,1999,1465,415,899,2565,6.65436176963048,7.0322336168084,6.1387536996587,6.18983132530121,6.60903741935484,6.67024738011696,198
"199",2017,12,7.025,16,7.18181818181818,6.68,6.5,6.5,7.1,11,5,2,2,14,3480,2010,1470,417,901,2579,6.65606585344828,7.03305223880597,6.14059467346939,6.19131894484413,6.60879538290788,6.6725802753005,199
"200",2018,1,6.48115384615385,26,6.68944444444444,6.0125,7.25,6.48714285714286,6.47894736842105,18,8,2,7,19,3506,2028,1478,419,908,2598,6.65476873074729,7.03000246548324,6.13990133288227,6.1963723150358,6.60785753303965,6.67116417628945,200
"201",2018,2,6.74,20,7.19411764705882,4.16666666666667,4.5,6.83333333333333,6.7,17,3,2,6,14,3526,2045,1481,421,914,2612,6.65525217526943,7.03136674816626,6.13590423362593,6.1883135391924,6.60933768052516,6.67131873277182,201
"202",2018,3,6.9,22,7.39090909090909,6.40909090909091,6.4,6.125,7.07222222222222,11,11,5,4,18,3548,2056,1492,426,918,2630,6.65676977733935,7.03329036964981,6.13791834450402,6.19079812206573,6.60722727668845,6.67406255893536,202
"203",2018,4,6.875,8,7.75,6,6,NA,6.875,4,4,2,0,8,3556,2060,1496,428,918,2638,6.65726073397075,7.03468203883495,6.137549578877,6.18990654205608,6.60722727668845,6.67467192191054,203
"204",2018,5,6.81538461538462,13,7.51428571428571,6,6.16666666666667,7,6.78181818181818,7,6,3,2,11,3569,2067,1502,431,920,2649,6.65783669655366,7.03630624092888,6.13700011318242,6.18974477958237,6.60808113043478,6.67511684786712,204
"205",2018,6,6.32692307692308,13,6.53571428571429,6.08333333333333,7,7,6.27083333333333,7,6,1,1,12,3582,2074,1508,432,921,2661,6.65663572585148,7.03461668273867,6.13678658488064,6.19162037037037,6.60850666666667,6.67329369785795,205
"206",2018,7,6.34,10,6.4,6.25,5.66666666666667,NA,6.34,6,4,3,0,10,3592,2080,1512,435,921,2671,6.65575422327394,7.03278605769231,6.13708609126984,6.188,6.60850666666667,6.67204587420442,206
"207",2018,8,6.16666666666667,18,6.75,5,5,6,6.1875,12,6,1,2,16,3610,2092,1518,436,923,2687,6.65331555955679,7.03116395793499,6.1325916798419,6.1852752293578,6.60718812567714,6.66916059918124,207
"208",2018,9,6.12740722222222,18,6.829333,5.25,3.5,6.33333333333333,6.086222,10,8,2,3,15,3628,2102,1526,438,926,2702,6.65070631201764,7.03020377259753,6.12796472477064,6.17301369863014,6.60630090712743,6.66592444855662,208
"209",2018,10,6.79041666666667,24,6.92307692307692,6.63363636363636,7.1,8.885,6.6,13,11,2,2,22,3652,2115,1537,440,928,2724,6.65162445235487,7.02954530969267,6.13158371502928,6.17722727272727,6.61121189655172,6.66539201908957,209
"210",2018,11,6.57692307692308,26,6.60714285714286,6.54166666666667,6.5,6.75,6.5625,14,12,5,2,24,3678,2129,1549,445,930,2748,6.65109638390429,7.02676765147957,6.13476060038735,6.18085393258427,6.6115103655914,6.66449339883552,210
"211",2018,12,5.79545454545455,22,5.69230769230769,5.94444444444444,6.375,5.08333333333333,6.0625,13,9,4,6,16,3700,2142,1558,449,936,2764,6.64600878378378,7.01866868814192,6.13366121309371,6.18258351893096,6.60171435897436,6.66100863241679,211
"212",2019,1,6.65384615384615,26,7.13333333333333,6,5,6,6.80952380952381,15,11,3,5,21,3726,2157,1569,452,941,2785,6.64606347289318,7.01946607788595,6.13272413639261,6.17473451327434,6.59851715196599,6.66212849551167,212
"213",2019,2,6.52272727272727,22,6.95833333333333,6,5.25,6.25,6.58333333333333,12,10,4,4,18,3748,2169,1579,456,945,2803,6.64533951440768,7.01912786076533,6.13188357821406,6.16662280701754,6.59704194708995,6.6616224973243,213
"214",2019,3,5.97894736842105,19,6.3125,5.73636363636364,5,5,6.03333333333333,8,11,5,1,18,3767,2177,1590,461,946,2821,6.64197836474648,7.01653115755627,6.12914727672956,6.15396963123644,6.59535374207188,6.65761356256646,214
"215",2019,4,6.85,24,6.88571428571429,6.8,6.33333333333333,6.88333333333333,6.83888888888889,14,10,6,6,18,3791,2191,1600,467,952,2839,6.64329530466895,7.01569526700137,6.13334010625,6.15627408993576,6.5971687394958,6.6587628953857,215
"216",2019,5,6.59090909090909,11,6.2,6.91666666666667,6,7,6.55,5,6,1,1,10,3802,2196,1606,468,953,2849,6.64314374013677,7.01383803734062,6.13626660647571,6.15594017094017,6.59759143756558,6.65838113724114,216
"217",2019,6,6.75625,16,7.01,6.33333333333333,6,6,6.86428571428571,10,6,3,2,14,3818,2206,1612,471,955,2863,6.64361773179675,7.01382063916591,6.13700010545906,6.15494692144374,6.59633993717277,6.65938800558854,217
"218",2019,7,6.91647058823529,17,7.86666666666667,5.8475,4.75,6.356,7.15,9,8,2,5,12,3835,2215,1620,473,960,2875,6.64482724902216,7.01728592776524,6.13557047530864,6.14900634249472,6.59508816666667,6.6614357773913,218
"219",2019,8,6.61818181818182,22,7.40909090909091,5.82727272727273,6,6,6.64761904761905,11,11,2,1,21,3857,2226,1631,475,961,2896,6.64467526575058,7.01922207097933,6.13349121397915,6.14837894736842,6.59446892819979,6.66133558701657,219
"220",2019,9,6.34347826086957,23,6.94,5.88461538461539,5.8,5.75,6.46842105263158,10,13,5,4,19,3880,2236,1644,480,965,2915,6.64288981958763,7.01886776833631,6.13152321776156,6.14475,6.5909685388601,6.66007816809605,220
"221",2019,10,6.485,20,6.91333333333333,5.2,5,7.5,6.23125,15,5,1,4,16,3900,2251,1649,481,969,2931,6.64208012820513,7.018164517992,6.12869870830807,6.14237006237006,6.59472099071207,6.65773724326168,221
"222",2019,11,6.53903225806452,31,7.26166666666667,5.53846153846154,5.75,7.5,6.47275862068966,18,13,4,2,29,3931,2269,1662,485,971,2960,6.6412674891885,7.02009622300573,6.12408193140794,6.13913402061856,6.596585623069,6.6559249527027,222
"223",2019,12,6.04736842105263,19,6.35,5.71111111111111,5.5,4,6.16111111111111,10,9,2,1,18,3950,2279,1671,487,972,2978,6.63841075949367,7.01715591487494,6.12185767205266,6.13650924024641,6.59391423868313,6.6529341370047,223
"224",2020,1,6.64379310344828,29,6.63782608695652,6.66666666666667,NA,6.16666666666667,6.69884615384615,23,6,0,3,26,3979,2302,1677,487,975,3004,6.63844998743403,7.01336591225022,6.12380689922481,6.13650924024641,6.59259963076923,6.65333151131824,224
"225",2020,2,7.14625,16,7.02428571428571,8,NA,6.66666666666667,7.25692307692308,14,2,0,3,13,3995,2316,1679,487,978,3017,6.64048372966208,7.01343192141623,6.12604179273377,6.13650924024641,6.59282683026585,6.65593233675837,225
"226",2020,3,6.94736842105263,19,7.32727272727273,6.425,6.33333333333333,8,6.82352941176471,11,8,3,2,17,4014,2327,1687,490,980,3034,6.64193634778276,7.01491548345509,6.12745949614701,6.13771428571429,6.5956986122449,6.65687141067897,226
"227",2020,4,6.66190476190476,21,7.14615384615385,5.875,5.625,8,6.52105263157895,13,8,4,2,19,4035,2340,1695,494,982,3053,6.64204027261462,7.01564458547008,6.12626794690265,6.13356275303644,6.59855869653768,6.6560261578775,227
"228",2020,5,6.50210526315789,19,6.50307692307692,6.5,5.75,6,6.59625,13,6,4,3,16,4054,2353,1701,498,985,3069,6.6413844351258,7.012812719932,6.12758622574956,6.13048192771084,6.5967356751269,6.65571451938742,228
"229",2020,6,6.5475,20,6.75,6.345,5,6.7,6.49666666666667,10,10,1,5,15,4074,2363,1711,499,990,3084,6.6409235395189,7.01170052052476,6.12885690824079,6.12821643286573,6.59725721212121,6.65494094033722,229
"230",2020,7,6.66171428571429,28,7.16635294117647,5.88181818181818,4.5,6.2,6.76208695652174,17,11,3,5,23,4102,2380,1722,502,995,3107,6.64106545587518,7.01280518067227,6.12727884436701,6.11848605577689,6.59526094472362,6.65573410363695,230
"231",2020,8,5.75,12,6.6,5.14285714285714,4.66666666666667,NA,5.75,5,7,3,0,12,4114,2385,1729,505,995,3119,6.63846633446767,7.01193976100629,6.12329333140544,6.10986138613861,6.59526094472362,6.65224939403655,231
"232",2020,9,6.75,12,7.42857142857143,5.8,7,8.125,6.0625,7,5,1,4,8,4126,2392,1734,506,999,3127,6.63879071740184,7.01315900083612,6.12236111303345,6.11162055335968,6.60138602602602,6.65074060121522,232
"233",2020,10,6.98125,16,7.39090909090909,6.08,7.2,7.9,6.76923076923077,11,5,2,3,13,4142,2403,1739,508,1002,3140,6.64011359246741,7.01488819392426,6.12223931569868,6.11590551181102,6.60527409181637,6.65123116560509,233
"234",2020,11,6.45714285714286,28,6.58823529411765,6.25454545454545,7.5,7.575,6.27083333333333,17,11,1,4,24,4170,2420,1750,509,1006,3164,6.63888501199041,7.01189104545455,6.12307095428571,6.11862475442043,6.60912986083499,6.64834572060682,234
"235",2020,12,5.98214285714286,28,6.36666666666667,5.53846153846154,5.5,4.5,6.09615384615385,15,13,7,2,26,4198,2435,1763,516,1008,3190,6.63450464506908,7.00791635728953,6.11876016449234,6.11023255813954,6.60494507936508,6.64384509717868,235
"236",2021,1,6.94695652173913,23,7.0847619047619,5.5,NA,8.5,6.79904761904762,21,2,0,2,21,4221,2456,1765,516,1010,3211,6.63620717839374,7.0085734242671,6.11805901983003,6.11023255813954,6.60869766336634,6.64486012457178,236
"237",2021,2,6.85294117647059,17,6.95833333333333,6.6,5.5,7,6.83333333333333,12,5,2,2,15,4238,2468,1770,518,1012,3226,6.63707656913638,7.00832914505673,6.11942043502825,6.10787644787645,6.60947098814229,6.64573647241165,237
"238",2021,3,6.94975,12,7.03609090909091,6,NA,7.46566666666667,6.77777777777778,11,1,0,3,9,4250,2479,1771,518,1015,3235,6.63795941176471,7.00845233158532,6.11935300395257,6.10787644787645,6.61200161576355,6.64610382071097,238
"239",2021,4,6.93333333333333,12,6.94545454545455,6.8,NA,9,6.74545454545455,11,1,0,1,11,4262,2490,1772,518,1016,3246,6.63879106053496,7.00817402811245,6.11973711625282,6.10787644787645,6.61435200787401,6.64644049907578,239
"240",2021,5,6.08333333333333,6,7.5,4.66666666666667,4.5,4,6.5,3,3,2,1,5,4268,2493,1775,520,1017,3251,6.63801019212746,7.00876587645407,6.11728122253521,6.10169230769231,6.61178135693215,6.64621527529991,240
"241",2021,6,5.57,10,6.74,4.4,2,NA,5.57,5,5,2,0,10,4278,2498,1780,522,1017,3261,6.63551367461431,7.00822791433147,6.1124573988764,6.08597701149425,6.61178135693215,6.64291501379945,241
"242",2021,7,6.7,15,7.25,6.07142857142857,6,7.5,6.64285714285714,8,7,1,1,14,4293,2506,1787,523,1018,3275,6.63573899371069,7.00899973264166,6.11229668158925,6.08581261950287,6.61265387033399,6.64291476641221,242
"243",2021,8,6.57,15,6.955,5.8,5.75,6.5,6.5875,10,5,2,3,12,4308,2516,1792,525,1021,3287,6.63551009749304,7.0087851073132,6.11142531808036,6.08453333333333,6.61232285994123,6.64271246121083,243
"244",2021,9,6.375,16,6.875,5.875,6.66666666666667,6,6.42857142857143,8,8,3,2,14,4324,2524,1800,528,1023,3301,6.63454613783534,7.00836106576862,6.11037453888889,6.08784090909091,6.61112574780059,6.64180425931536,244
"245",2021,10,6.64933333333333,15,6.43428571428571,6.8375,6.75,6.75,6.63384615384615,7,8,2,2,13,4339,2531,1808,530,1025,3314,6.63459725743259,7.00677334255235,6.11359190818584,6.09033962264151,6.61139672195122,6.64177304164152,245
"246",2021,11,6.52666666666667,15,6.79,6,6,6.75,6.44545454545455,10,5,1,4,11,4354,2541,1813,531,1029,3325,6.63422542489665,7.00592024006297,6.11327863761721,6.09016949152543,6.61193551020408,6.64112356691729,246
"247",2021,12,5.8,22,6.07142857142857,5.325,6,1,6.02857142857143,14,8,1,1,21,4376,2555,1821,532,1030,3346,6.6300314213894,7.00079973776908,6.109815579352,6.09,6.60648702912621,6.63727909742977,247
"248",2022,1,6.48965517241379,29,6.675,6.26153846153846,6.425,6,6.568,16,13,4,4,25,4405,2571,1834,536,1034,3371,6.62910726447219,6.99877220147803,6.11089104143948,6.0925,6.60414085106383,6.63676530999703,248
"249",2022,2,6.5,14,6.92857142857143,6.07142857142857,6,6.25,6.54166666666667,7,7,3,2,12,4419,2578,1841,539,1036,3383,6.62869823489477,6.99858158650116,6.11074099402499,6.09198515769944,6.60345718146718,6.63642798108188,249
"250",2022,3,6.61111111111111,18,6.66666666666667,6.33333333333333,7.25,7.08333333333333,6.51666666666667,15,3,1,3,15,4437,2593,1844,540,1039,3398,6.62862688753662,6.99666152333205,6.11110312906724,6.09412962962963,6.60484277189605,6.63589931135962,250
"251",2022,4,6.876875,16,7.5,6.07571428571429,7,7.84333333333333,6.65384615384615,9,7,1,3,13,4453,2602,1851,541,1042,3411,6.6295188636874,6.998402509608,6.11096929767693,6.09580406654344,6.60840848368522,6.63596771034887,251
"252",2022,5,6.42307692307692,13,6.5625,6.2,NA,7.5,6.33333333333333,8,5,0,1,12,4466,2610,1856,541,1043,3423,6.62891793551276,6.99706640996169,6.11120914331897,6.09580406654344,6.60926331735379,6.63490676599474,252
"253",2022,6,6.29333333333333,15,6.73333333333333,6,5,6.6,6.24615384615385,6,9,2,2,13,4481,2616,1865,543,1045,3436,6.62779457710332,6.9964615175841,6.1106724772118,6.09176795580111,6.60924558851675,6.63343593131548,253
"254",2022,7,6.5,10,7.33333333333333,5.25,4,8,6.33333333333333,6,4,1,1,9,4491,2622,1869,544,1046,3445,6.62751002004008,6.99723239130435,6.10883048154093,6.08792279411765,6.61057518164436,6.63265191872279,254
"255",2022,8,6.8952380952381,21,7.13076923076923,6.5125,6.775,7.23333333333333,6.83888888888889,13,8,4,3,18,4512,2635,1877,548,1049,3463,6.62875609485816,6.99789120683112,6.11055096963239,6.09293795620438,6.61235618684461,6.63372389835403,255
"256",2022,9,6.2374375,16,6.299875,6.175,6,6.56633333333333,6.16153846153846,8,8,2,3,13,4528,2643,1885,550,1052,3476,6.62737334363958,6.99577840711313,6.1108244933687,6.0926,6.61222494296578,6.63195795742232,256
"257",2022,10,6.55625,16,7.29,5.33333333333333,6,8,6.46,10,6,2,1,15,4544,2653,1891,552,1053,3491,6.62712290933099,6.99688742178666,6.10835757271285,6.09226449275363,6.6135428679962,6.63121909481524,257
"258",2022,11,6.4952380952381,21,6.62142857142857,6.24285714285714,7,6,6.52,14,7,1,1,20,4565,2667,1898,553,1054,3511,6.62651621029573,6.99491650918636,6.10885361959958,6.09390596745027,6.61296075901328,6.63058554827684,258
"259",2022,12,6.54,10,6.62857142857143,6.33333333333333,6,7.2,6.375,7,3,1,2,8,4575,2674,1901,554,1056,3519,6.62632710382514,6.99395749065071,6.10920787480274,6.09373646209387,6.61407257575757,6.6300045069622,259
