"","year","month","avg_rating","no_ratings","avg_rating_owned","avg_rating_not_owned","avg_rating_prev_owned","avg_rating_comment","avg_rating_no_comment","no_ratings_owned","no_ratings_not_owned","no_ratings_prev_owned","no_ratings_comment","no_ratings_no_comment","cum_no_ratings","cum_no_ratings_owned","cum_no_ratings_not_owned","cum_no_ratings_prev_owned","cum_no_ratings_comment","cum_no_ratings_no_comment","cum_avg_rating","cum_avg_rating_owned","cum_avg_rating_not_owned","cum_avg_rating_prev_owned","cum_avg_rating_comment","cum_avg_rating_no_comment","month_after_release"
"1",2008,5,7.25,1,NA,7.25,NA,7.25,NA,0,1,0,1,0,1,0,1,0,1,0,7.25,NA,7.25,NA,7.25,NA,-1
"2",2008,6,7.625,4,8,7.25,NA,8,7.25,2,2,0,2,2,5,2,3,0,3,2,7.55,8,7.25,NA,7.75,7.25,0
"3",2008,7,9.33333333333333,3,10,9,NA,10,9,1,2,0,1,2,8,3,5,0,4,4,8.21875,8.66666666666667,7.95,NA,8.3125,8.125,1
"4",2008,8,7,4,NA,7,NA,5.5,8.5,0,4,0,2,2,12,3,9,0,6,6,7.8125,8.66666666666667,7.52777777777778,NA,7.375,8.25,2
"5",2008,9,7.8,5,9,7.5,NA,8,7.75,1,4,0,1,4,17,4,13,0,7,10,7.80882352941176,8.75,7.51923076923077,NA,7.46428571428571,8.05,3
"6",2008,10,8.21363636363636,66,8.63658536585366,7.52,8.2,7.98076923076923,8.365,41,25,5,26,40,83,45,38,5,33,50,8.13072289156626,8.64666666666667,7.51973684210526,8.2,7.87121212121212,8.302,4
"7",2008,11,8.36334463276836,354,8.73037450199203,7.46893203883495,7.84375,8.170992,8.46834061135371,251,103,16,125,229,437,296,141,21,158,279,8.31916247139588,8.71764864864865,7.48262411347518,7.92857142857143,8.10837974683544,8.43853046594982,5
"8",2008,12,8.15943396226415,318,8.42863849765258,7.61333333333333,8.1304347826087,8.03876404494382,8.20633187772926,213,105,23,89,229,755,509,246,44,247,508,8.25188609271523,8.59670726915521,7.53841463414634,8.03409090909091,8.08329554655871,8.33385826771653,6
"9",2009,1,8.19271232876712,365,8.48964285714286,7.53053097345133,7.68888888888889,8.13785046728972,8.21546511627907,252,113,18,107,258,1120,761,359,62,354,766,8.23260178571429,8.56125361366623,7.53593314763231,7.93387096774194,8.09978531073446,8.2939817232376,7
"10",2009,2,8.15383561643836,365,8.484375,7.5192,7.65909090909091,7.98876404494382,8.20706521739131,240,125,22,89,276,1485,1001,484,84,443,1042,8.21324175084175,8.54282117882118,7.53161157024793,7.86190476190476,8.07748081264108,8.27095969289827,8
"11",2009,3,8.06575757575758,330,8.42898550724638,7.45447154471545,7.44736842105263,7.95,8.09469696969697,207,123,19,66,264,1815,1208,607,103,509,1306,8.18642644628099,8.52331456953642,7.5159802306425,7.78543689320388,8.06095088408645,8.23532924961715,9
"12",2009,4,8.03041666666667,360,8.51488372093023,7.31206896551724,7.14285714285714,8.13532608695652,7.99440298507463,215,145,21,92,268,2175,1423,752,124,601,1574,8.16060413793103,8.52204075895994,7.47666223404255,7.67661290322581,8.07233610648919,8.19430749682338,10
"13",2009,5,8.05456233421751,377,8.3798347107438,7.47148148148148,7.08,7.67523809523809,8.16331058020478,242,135,25,84,293,2552,1665,887,149,685,1867,8.14493887147335,8.50137177177177,7.47587373167982,7.57651006711409,8.02364087591241,8.18944295661489,11
"14",2009,6,8.15716783216783,286,8.52027777777778,7.54056603773585,7.47826086956522,7.85806451612903,8.23995535714286,180,106,23,62,224,2838,1845,993,172,747,2091,8.14617124735729,8.5032162601626,7.48277945619335,7.56337209302326,8.00989825970549,8.19485413677666,12
"15",2009,7,8.06287128712871,404,8.42261904761905,7.46644736842105,7.04444444444444,7.47326732673267,8.25940594059406,252,152,36,101,303,3242,2097,1145,208,848,2394,8.13579086983344,8.49353075822604,7.48061135371179,7.47355769230769,7.94598349056604,8.20302422723475,13
"16",2009,8,8.07276422764228,369,8.38076923076923,7.53888888888889,7.81896551724138,7.9046511627907,8.12385159010601,234,135,29,86,283,3611,2331,1280,237,934,2677,8.12935031847134,8.48221106821107,7.4867578125,7.51582278481013,7.94217773019272,8.19465446395218,14
"17",2009,9,7.94200501253133,399,8.33504098360656,7.32329032258064,7.20441176470588,7.69082474226804,8.0226821192053,244,155,34,97,302,4010,2575,1435,271,1031,2979,8.11070922693267,8.46826563106796,7.46910104529617,7.47675276752768,7.9185295829292,8.17722054380665,15
"18",2009,10,7.9264989059081,457,8.25585443037975,7.18836879432624,7.71153846153846,7.875,7.94055710306407,316,141,26,98,359,4467,2891,1576,297,1129,3338,8.09186344302664,8.44504808024905,7.4439847715736,7.4973063973064,7.91475110717449,8.15176752546435,16
"19",2009,11,7.95535714285714,504,8.32745398773006,7.27387640449438,7.40909090909091,7.80761904761905,7.99423558897243,326,178,33,105,399,4971,3217,1754,330,1234,3737,8.078023335345,8.43313148896487,7.42672177879133,7.48848484848485,7.90563533225284,8.13494781910623,17
"20",2009,12,8.04048570642202,545,8.38561452513967,7.37975780748663,6.92444444444444,7.83944196581197,8.09544392523365,358,187,45,117,428,5516,3575,1941,375,1351,4165,8.07431448694706,8.42837314685315,7.42219717156105,7.4208,7.89990282013324,8.13088835534213,18
"21",2010,1,7.91139130434783,644,8.27950804597701,7.14521531100478,7.10744680851064,7.68029197080292,7.9738382642998,435,209,47,137,507,6160,4010,2150,422,1488,4672,8.05728160876623,8.41222443890274,7.39527195813953,7.38590047393365,7.87968327284946,8.11384546232877,19
"22",2010,2,7.87722891566265,415,8.36615969581749,7.03125,7.18518518518519,7.68277777777778,7.93107692307692,263,152,27,90,325,6575,4273,2302,449,1578,4997,8.0459170661597,8.40938918792417,7.37123575586447,7.37383073496659,7.86845292141952,8.10195837502501,20
"23",2010,3,8.01167582417582,364,8.31161825726141,7.4239837398374,7.35806451612903,7.76776315789474,8.07604166666667,241,123,31,76,288,6939,4514,2425,480,1654,5285,8.0441208690013,8.40416925121843,7.37391122061856,7.3728125,7.86382630592503,8.10054607379375,21
"24",2010,4,8.00544846796657,359,8.34753086419753,7.28884482758621,6.91111111111111,7.83116883116883,8.05303546099291,243,116,27,77,282,7298,4757,2541,507,1731,5567,8.04221851329131,8.40127601429472,7.37002782762692,7.348224852071,7.86237360485269,8.09813939285073,22
"25",2010,5,7.89653979238754,289,8.22704081632653,7.2,7.072,7.83584905660377,7.91016949152542,196,93,25,53,236,7587,4953,2634,532,1784,5803,8.03666939633584,8.39438118312134,7.36402456719818,7.33524436090226,7.86158559977579,8.09049491642254,23
"26",2010,6,7.86755852842809,299,8.29609375,7.09859813084112,7.02333333333333,7.68714285714286,7.92270742358079,192,107,30,70,229,7886,5145,2741,562,1854,6032,8.03025750824246,8.39071331389699,7.35366315578256,7.31859430604982,7.85499930420712,8.084125,24
"27",2010,7,8.15398089171975,314,8.37938596491228,7.55639534883721,7.29333333333333,8.30625,8.115,228,86,15,64,250,8200,5373,2827,577,1918,6282,8.03499520853659,8.39023264470501,7.35983045985143,7.31793760831889,7.87005667883212,8.08535370900987,25
"28",2010,8,7.78058823529412,340,8.17224770642202,7.08073770491803,7.10344827586207,7.76447368421053,7.78522727272727,218,122,29,76,264,8540,5591,2949,606,1994,6546,8.02486659367682,8.38173314255053,7.34828440488301,7.30767326732673,7.86603245235707,8.07324961808738,26
"29",2010,9,8.00457424242424,330,8.40049772727273,7.21272727272727,7.14583333333333,7.7618768115942,8.06873563218391,220,110,24,69,261,8870,5811,3059,630,2063,6807,8.02411163585118,8.38244355532611,7.34340984308598,7.30150793650794,7.86254881725642,8.07307653885706,27
"30",2010,10,7.88198847262248,347,8.23790322580645,6.99040404040404,7.18214285714286,7.8467032967033,7.89453125,248,99,28,91,256,9217,6059,3158,658,2154,7063,8.01876100792015,8.37652739726027,7.33234348005066,7.29642857142857,7.86187939182916,8.06660512530086,28
"31",2010,11,7.76316476495727,468,8.17757131756757,7.05,7.13181818181818,7.61927083333333,7.8002986827957,296,172,44,96,372,9685,6355,3330,702,2250,7435,8.00641004852865,8.36726052084973,7.31775997297297,7.28611111111111,7.85152809333333,8.05328084868863,29
"32",2010,12,7.91521298174442,493,8.2069970845481,7.248,7.28222222222222,7.77946428571429,7.95511811023622,343,150,45,112,381,10178,6698,3480,747,2362,7816,8.00199266260562,8.35905353986265,7.31475307758621,7.28587684069612,7.84811101185436,8.0484957919652,30
"33",2011,1,7.99318936877076,602,8.35685096153846,7.17983870967742,6.88297872340426,7.97018348623853,7.99827586206897,416,186,47,109,493,10780,7114,3666,794,2471,8309,8.00150105009276,8.35892474135508,7.30790799509002,7.26202770780856,7.85349583569405,8.04551608015405,31
"34",2011,2,8.01883981693364,437,8.41747569444444,7.24832214765101,7.08333333333333,7.92929473684211,8.0437134502924,288,149,42,95,342,11217,7402,3815,836,2566,8651,8.00217654631363,8.36120286544177,7.30558078899082,7.25305023923445,7.85630210833983,8.04544481678419,32
"35",2011,3,7.81155717761557,411,8.19615384615385,7.05072463768116,7.11702127659574,7.58513513513514,7.86127596439169,273,138,47,74,337,11628,7675,3953,883,2640,8988,7.99543896800826,8.35533206644951,7.29668371110549,7.24580973952435,7.84870121590909,8.03853950934579,33
"36",2011,4,7.90939153439153,378,8.31701244813278,7.19233576642336,7.21617647058823,7.94565217391304,7.90129449838188,241,137,34,69,309,12006,7916,4090,917,2709,9297,7.99272982841912,8.3541654383527,7.29318843765281,7.24471101417666,7.85117062015504,8.03397796170808,34
"37",2011,5,7.83396739130435,368,8.15284552845528,7.19098360655738,7.00606060606061,7.58157894736842,7.89965753424658,246,122,33,76,292,12374,8162,4212,950,2785,9589,7.98800826895103,8.34809772237197,7.29022808879392,7.23642105263158,7.84381371992819,8.02988769527584,35
"38",2011,6,7.92437465564738,363,8.214992,7.28141592920354,6.81481481481481,7.65357142857143,7.98907167235495,250,113,27,70,293,12737,8412,4325,977,2855,9882,7.98619473345372,8.34414189372325,7.28999785202312,7.22476970317298,7.8391492854641,8.02867750556567,36
"39",2011,7,8.00763888888889,360,8.31966527196653,7.39132231404959,7.44285714285714,7.89605263157895,8.0375,239,121,28,76,284,13097,8651,4446,1005,2931,10166,7.98678417347484,8.34346568142411,7.29275544534413,7.23084577114428,7.84062477311498,8.02892397304741,37
"40",2011,8,7.76635514018692,428,8.03656957928803,7.06470588235294,6.43513513513513,7.48586956521739,7.84315476190476,309,119,37,92,336,13525,8960,4565,1042,3023,10502,7.97980867430684,8.33288187611607,7.28681067031763,7.20259117082534,7.82982838570956,8.02298049038278,38
"41",2011,9,7.82840579710145,345,8.16153846153846,7.12612612612613,7.22666666666667,7.51639344262295,7.89542253521127,234,111,30,61,284,13870,9194,4676,1072,3084,10786,7.97604270511896,8.3285209495323,7.28299630239521,7.20326492537313,7.82362879701686,8.01962183478583,39
"42",2011,10,7.72716049382716,405,8.148828125,7.00268456375839,7.09,7.53636363636364,7.77195121951219,256,149,40,77,328,14275,9450,4825,1112,3161,11114,7.96898159859895,8.32365308042328,7.27434004352332,7.19919064748202,7.81663119582411,8.01231249865035,40
"43",2011,11,7.77278787878788,495,8.16594512195122,7.00059880239521,7.15294117647059,7.74641304347826,7.77880893300248,328,167,51,92,403,14770,9778,4992,1163,3253,11517,7.9624063859174,8.31836281550419,7.26518243389423,7.19716251074807,7.81464531509376,8.0041417999479,41
"44",2011,12,7.859375,464,8.19984326018809,7.11034482758621,7.23076923076923,7.61976744186047,7.91388888888889,319,145,39,86,378,15234,10097,5137,1202,3339,11895,7.95926823683865,8.31461836288006,7.26081189604828,7.19825291181365,7.80962599880204,8.00127373770492,42
"45",2012,1,7.83936335403727,644,8.25943396226415,7.02977272727273,6.69076923076923,7.63536585365854,7.88752399232246,424,220,65,123,521,15878,10521,5357,1267,3462,12416,7.95440498299534,8.31239441212812,7.25132363449692,7.17221783741121,7.80343478047371,7.99650057264819,43
"46",2012,2,7.91147505422993,461,8.28421926910299,7.21025,6.94418604651163,7.59659090909091,7.98576407506702,301,160,43,88,373,16339,10822,5517,1310,3550,12789,7.95319372789032,8.31161075679172,7.25013244698205,7.16473282442748,7.79830738309859,7.99618743529595,44
"47",2012,3,7.77141057934509,397,8.16911764705882,6.906,7.01176470588235,7.70564516129032,7.78358208955224,272,125,34,62,335,16736,11094,5642,1344,3612,13124,7.9488815917782,8.30811714530377,7.24250810173697,7.1608630952381,7.79671683554817,7.99076052346845,45
"48",2012,4,7.76602564102564,390,8.16653992395437,6.93661417322835,6.93333333333333,7.50625,7.83306451612903,263,127,48,80,310,17126,11357,5769,1392,3692,13434,7.94471752423216,8.30483856740336,7.23577408736349,7.15301724137931,7.79042286294691,7.98712156543099,46
"49",2012,5,7.77529490616622,373,8.07889344262295,7.20104651162791,7.1875,7.68115942028986,7.79666118421053,244,129,32,69,304,17499,11601,5898,1424,3761,13738,7.94110619578262,8.3000863382467,7.23501453204476,7.15379213483146,7.78841829566605,7.98290698136555,47
"50",2012,6,7.76705845272206,349,8.14556525423729,6.97654867256637,6.70740740740741,7.44867931034483,7.83051546391753,236,113,27,58,291,17848,11837,6011,1451,3819,14029,7.93770286418646,8.2970055765819,7.23015566627849,7.14548587181254,7.78325860434669,7.9797459626488,48
"51",2012,7,7.77718204488778,401,8.19830188679245,6.95661764705882,7.05135135135135,7.75684931506849,7.78170731707317,265,136,37,73,328,18249,12102,6147,1488,3892,14357,7.9341756107184,8.2948442414477,7.22410374328941,7.14314516129032,7.78276326053443,7.97522157205544,49
"52",2012,8,7.80226463104326,393,8.2033734939759,7.10868055555556,6.80487804878049,7.36147540983607,7.88325301204819,249,144,41,61,332,18642,12351,6291,1529,3953,14689,7.93139473876194,8.29300016273986,7.22146172468606,7.13407455853499,7.77626223374652,7.97314290353325,50
"53",2012,9,7.71595441595442,351,8.086875,6.91396396396396,6.81578947368421,7.7796511627907,7.69528301886792,240,111,38,86,265,18993,12591,6402,1567,4039,14954,7.92741329542463,8.28907116273529,7.21613022649172,7.12635609444799,7.77633439217628,7.96821894543266,51
"54",2012,10,7.76109027777778,432,8.07081694915254,7.09416058394161,7.07777777777778,7.55853658536585,7.80854571428571,295,137,45,82,350,19425,12886,6539,1612,4121,15304,7.92371437425997,8.28407465544001,7.21357481419177,7.125,7.77200063334142,7.96456724451123,52
"55",2012,11,7.75916492693111,479,8.08198170731707,7.05794701986755,6.52941176470588,7.56461538461538,7.79700748129676,328,151,34,78,401,19904,13214,6690,1646,4199,15705,7.91975440715434,8.27905827228697,7.21006213901345,7.11269744835966,7.76814827577995,7.96028889589302,53
"56",2012,12,7.68908768267223,479,8.09380250783699,6.8821875,6.71282051282051,7.48390804597701,7.734625,319,160,39,87,392,20383,13533,6850,1685,4286,16097,7.91433374478732,8.27469142170989,7.20240375328467,7.10344213649852,7.76237858376108,7.95479344660495,54
"57",2013,1,7.83367709064327,684,8.16444906444906,7.04992674876847,7.01176470588235,7.46283185840708,7.90706677758319,481,203,51,113,571,21067,14014,7053,1736,4399,16668,7.91171499738928,8.27090759312116,7.1980151481639,7.10074884792627,7.75468393043874,7.95315846172306,55
"58",2013,2,7.77141327623126,467,8.09044585987261,7.11666666666667,6.97948717948718,7.45978260869565,7.84786666666667,314,153,39,92,375,21534,14328,7206,1775,4491,17043,7.90867232516021,8.26695275055835,7.19628793227866,7.09808450704225,7.74864275439769,7.95084170861937,56
"59",2013,3,7.69152941176471,442,8.04660211267606,7.05329746835443,6.791,7.48820512820513,7.7350989010989,284,158,50,78,364,21976,14612,7364,1825,4569,17407,7.90430496223152,8.26266999794689,7.19321996740902,7.08967123287671,7.74419667542132,7.94633028321939,57
"60",2013,4,7.7203196347032,438,7.96883802816901,7.26201298701299,7.19512195121951,7.50731343283582,7.75878706199461,284,154,41,67,371,22414,14896,7518,1866,4636,17778,7.90070963906487,8.25706793837272,7.19462913540835,7.09198821007503,7.74077321182054,7.94241653954326,58
"61",2013,5,7.72219451371571,401,8.02996108949416,7.17291666666667,7.25116279069767,7.43125,7.78586626139818,257,144,43,72,329,22815,15153,7662,1909,4708,18107,7.89757202936664,8.25321612947931,7.19422107021665,7.0955735987428,7.73603963678845,7.93957205721544,59
"62",2013,6,7.8407969151671,389,8.17958646616541,7.10813008130081,6.63833333333333,7.78482142857143,7.85021021021021,266,123,30,56,333,23204,15419,7785,1939,4764,18440,7.89662023142562,8.25194591153771,7.1928608657675,7.08849922640536,7.73661305835433,7.93795831019523,60
"63",2013,7,7.6037982832618,466,7.9560409556314,7.00722543352601,7.02857142857143,7.29885057471264,7.67379947229551,293,173,42,87,379,23670,15712,7958,1981,4851,18819,7.89085533798057,8.24642782650204,7.18882531289269,7.08722867238768,7.72876203050917,7.93263835697965,61
"64",2013,8,7.59778723404255,470,7.88282208588957,6.9525,6.83,7.6,7.5973670886076,326,144,50,75,395,24140,16038,8102,2031,4926,19214,7.88514937241094,8.23903691295673,7.18462501110837,7.0808961102905,7.72680158546488,7.9257458748829,62
"65",2013,9,7.60995717344754,467,7.8641935483871,7.10796178343949,6.55217391304348,7.36911764705882,7.65100250626566,310,157,46,68,399,24607,16348,8259,2077,4994,19613,7.87992668143211,8.23192892158062,7.18316767647415,7.06918632643235,7.72193123948739,7.92015659205629,63
"66",2013,10,7.54174311926606,436,7.91180555555556,6.82162162162162,6.2421052631579,7.443125,7.56390449438202,288,148,38,80,356,25043,16636,8407,2115,5074,19969,7.87403888711416,8.22638699266651,7.17680288331153,7.05432624113475,7.717535398108,7.91380546046372,64
"67",2013,11,7.51780392156863,510,7.77988668555241,6.92853503184713,6.52415094339623,7.06352941176471,7.60865882352941,353,157,53,85,425,25553,16989,8564,2168,5159,20394,7.86692896528783,8.21710954205662,7.17225149929939,7.04136531365314,7.70675995541772,7.90744636853976,65
"68",2013,12,7.69012345679012,486,7.94628482972136,7.18251533742331,6.86304347826087,7.63897058823529,7.69844497607655,323,163,46,68,418,26039,17312,8727,2214,5227,20812,7.86362901225085,8.21205660871072,7.17244320385012,7.0376603432701,7.70587805815956,7.90324866615414,66
"69",2014,1,7.68114285714286,770,7.97403345724907,7.00193965517241,7.01320754716981,7.84739583333333,7.65746290801187,538,232,53,96,674,26809,17850,8959,2267,5323,21486,7.85838770002611,8.20488257759103,7.16802788704096,7.03708866343185,7.70843032312606,7.89553854789165,67
"70",2014,2,7.57066432637571,527,7.95849460227273,6.79057142857143,6.625,7.46785714285714,7.59414941724942,352,175,46,98,429,27336,18202,9134,2313,5421,21915,7.85284079419081,8.20011779529722,7.16079612874973,7.02889321227843,7.70408127836193,7.88963866484143,68
"71",2014,3,7.7045871559633,436,8.04471830985915,7.06907894736842,7.01,7.90535714285714,7.675,284,152,40,56,380,27772,18486,9286,2353,5477,22295,7.85051332097076,8.19773039651628,7.15929483523584,7.02857203569911,7.70613923863429,7.88598032473649,69
"72",2014,4,7.58115763546798,406,7.94820717131474,6.98677419354839,6.87884615384615,7.41231884057971,7.61572700296736,251,155,52,69,337,28178,18737,9441,2405,5546,22632,7.84663233550997,8.19438779473768,7.15646243406419,7.02533471933472,7.70248370176704,7.88195613909508,70
"73",2014,5,7.58847769028871,381,7.9004435483871,7.00676691729323,6.76136363636364,7.27173913043478,7.63197014925373,248,133,44,46,335,28559,18985,9574,2449,5592,22967,7.84318834518015,8.19054801738214,7.15438289534155,7.02059207839935,7.69894038090129,7.87830980711455,71
"74",2014,6,7.54451796460177,339,7.88288888888889,6.87668061403509,6.79459459459459,7.6629768852459,7.51852517985612,225,114,37,61,278,28898,19210,9688,2486,5653,23245,7.83968466814312,8.1869445137949,7.15111513521883,7.01722847948512,7.69855230850875,7.87400694084749,72
"75",2014,7,7.50123966942149,484,7.86572847682119,6.89642857142857,6.83203125,7.40774647887324,7.51731234866828,302,182,64,71,413,29382,19512,9870,2550,5724,23658,7.83410957525015,8.18197284286593,7.14641878723404,7.01258039215686,7.69494517819706,7.8677800887649,73
"76",2014,8,7.48392070484581,454,7.87763157894737,6.686,6.62,7.57578125,7.46884615384615,304,150,45,64,390,29836,19816,10020,2595,5788,24048,7.82878092036466,8.17730390139281,7.13952629041916,7.00577263969172,7.69362753973739,7.8613103517964,74
"77",2014,9,7.610725,400,7.99996,6.962,7.13333333333333,7.26758064516129,7.67366863905325,250,150,45,62,338,30236,20066,10170,2640,5850,24386,7.82589620121709,8.1750943939998,7.13690790855457,7.00794696969697,7.68911217094017,7.85870956040351,75
"78",2014,10,7.50509661835749,414,7.8769776119403,6.82246575342466,6.70863636363636,7.33785714285714,7.54766666666667,268,146,44,84,330,30650,20334,10316,2684,5934,24716,7.82156305187602,8.17116524589358,7.13245768030244,7.00304023845008,7.68413990562858,7.85455661676647,76
"79",2014,11,7.4372,475,7.85168831168831,6.67275449101796,6.61808510638298,7.41948717948718,7.44068010075567,308,167,47,78,397,31125,20642,10483,2731,6012,25113,7.81569727036145,8.16639831944579,7.12513435371554,6.99641523251556,7.68070628742515,7.8480138310835,77
"80",2014,12,7.55506172839506,567,7.89696569920844,6.86579787234043,6.7125,7.4,7.58393305439331,379,188,56,89,478,31692,21021,10671,2787,6101,25591,7.81103425280828,8.16154055991627,7.12056540436697,6.99071044133477,7.6766114079659,7.84308121370794,78
"81",2015,1,7.60909433962264,795,7.9282276119403,6.94864864864865,6.77101449275362,7.61357142857143,7.60836017569546,536,259,69,112,683,32487,21557,10930,2856,6213,26274,7.80609251515991,8.15573939370042,7.1164916221409,6.98540266106443,7.67547500402382,7.83697957448428,79
"82",2015,2,7.63899606299213,508,7.96341538461538,7.06284153005465,6.795,7.51285714285714,7.65915525114155,325,183,50,70,438,32995,21882,11113,2906,6283,26712,7.80351985270496,8.15288292249337,7.11560815531359,6.98212663454921,7.67366325003979,7.83406376684636,80
"83",2015,3,7.58917525773196,485,7.9155737704918,7.03611111111111,6.66486486486486,7.44315068493151,7.61504854368932,305,180,37,73,412,33480,22187,11293,2943,6356,27124,7.80041480107527,8.14962068373372,7.11434104578057,6.97813795446823,7.67101576463184,7.83073703509807,81
"84",2015,4,7.59110869565217,460,7.97109589041096,6.93065476190476,6.88625,7.70161290322581,7.57389447236181,292,168,40,62,398,33940,22479,11461,2983,6418,27522,7.79757800648203,8.14730166421994,7.1116484975133,6.97690579953067,7.67131134309754,7.82702279412833,82
"85",2015,5,7.5336511627907,430,7.89120879120879,6.91191082802548,6.73543859649123,7.19714285714286,7.59908333333333,273,157,57,70,360,34370,22752,11618,3040,6488,27882,7.7942760413151,8.14422881988397,7.10894933981752,6.97237828947368,7.66619546855733,7.82407974105157,83
"86",2015,6,7.42828715365239,397,7.86620553359684,6.65888888888889,6.71063829787234,7.44561403508772,7.42538235294118,253,144,47,57,340,34767,23005,11762,3087,6545,28222,7.79009686024103,8.1411712284286,7.1034393325965,6.96839326206673,7.66427443850267,7.81927649847637,84
"87",2015,7,7.57697841726619,417,7.88657718120805,6.80168067226891,6.49117647058824,7.461,7.59277929155313,298,119,34,50,367,35184,23303,11881,3121,6595,28589,7.78757098510687,8.13791546624898,7.1004169202929,6.96319448894585,7.662733313116,7.81636893000804,85
"88",2015,8,7.56010162601626,492,7.91008902077151,6.79916129032258,6.32813953488372,6.97794117647059,7.65346698113208,337,155,43,68,424,35676,23640,12036,3164,6663,29013,7.78443400437269,8.13466768654822,7.09653734047856,6.95456384323641,7.65574458952424,7.81398825836694,86
"89",2015,9,7.46723350253807,394,7.88467741935484,6.75815068493151,6.65116279069767,7.44,7.47212574850299,248,146,43,60,334,36070,23888,12182,3207,6723,29347,7.7809691583033,8.13207234218017,7.09248181168938,6.95049579045837,7.65381915811394,7.81009750025556,87
"90",2015,10,7.4192750533049,469,7.77272435897436,6.71687898089172,6.74561403508772,7.27549295774648,7.44492462311558,312,157,57,71,398,36539,24200,12339,3264,6794,29745,7.77632659733436,8.12743942603306,7.08770268498257,6.94691789215686,7.64986549896968,7.80521134106572,88
"91",2015,11,7.41525129982669,577,7.77797783933518,6.80902777777778,6.62719298245614,7.48642857142857,7.40542406311637,361,216,57,70,507,37116,24561,12555,3321,6864,30252,7.77071337266947,8.1223030051708,7.0829082779769,6.9414302920807,7.64819874708625,7.79851121710961,89
"92",2015,12,7.44848286140089,671,7.73687962962963,6.92719665271967,6.72638888888889,7.32588235294118,7.4662662116041,432,239,72,85,586,37787,24993,12794,3393,6949,30838,7.76499138698494,8.11564102388669,7.07999948647804,6.93686707928087,7.64425618074543,7.79219772164213,90
"93",2016,1,7.48297092288243,791,7.82940711462451,6.86789473684211,6.59277108433735,7.49,7.48197691197691,506,285,83,98,693,38578,25499,13079,3476,7047,31531,7.75920886360102,8.10996102239304,7.07537758467773,6.92865074798619,7.64211099758762,7.78537957375281,91
"94",2016,2,7.49745210727969,522,7.91907185628742,6.74840425531915,6.53474576271186,7.21304347826087,7.54077262693157,334,188,59,69,453,39100,25833,13267,3535,7116,31984,7.75571431048593,8.10749297836101,7.07074420969322,6.92207637906648,7.63795056211354,7.78191512443722,92
"95",2016,3,7.44354527938343,519,7.87402597402597,6.81516587677725,7.07333333333333,7.49566666666667,7.43673202614379,308,211,66,60,459,39619,26141,13478,3601,7176,32443,7.75162496630405,8.10474220993841,7.0667430946728,6.9248486531519,7.6367608974359,7.77703151188238,93
"96",2016,4,7.53057111517367,547,7.93805762711864,6.78316062176166,6.79068965517241,7.31123373493976,7.56980603448276,354,193,58,83,464,40166,26495,13671,3659,7259,32907,7.74861454812528,8.10251513530855,7.06273962621608,6.92272205520634,7.6330387932222,7.77410956149147,94
"97",2016,5,7.67548060708263,593,7.99829573934837,7.01154639175258,6.96702127659574,7.60954022988506,7.68681818181818,399,194,47,87,506,40759,26894,13865,3706,7346,33413,7.74755052724552,8.10096893396296,7.06202332708258,6.92328386400432,7.63276049550776,7.77278763774579,95
"98",2016,6,7.55832960893855,537,7.964527696793,6.84015463917526,6.845,7.5212987012987,7.56452826086957,343,194,52,77,460,41296,27237,14059,3758,7423,33873,7.74508995883378,8.09925070712633,7.05896176328331,6.92220063863757,7.63160428398221,7.769959446757,96
"99",2016,7,7.48521015761821,571,7.82251388888889,6.90971563981043,6.64830508474576,7.39060344827586,7.49590643274854,360,211,59,58,513,41867,27597,14270,3817,7481,34386,7.7415456072802,8.09564070406203,7.05675497056762,6.91796698978255,7.62973581072049,7.76587088757052,97
"100",2016,8,7.5481476121563,691,7.84737442922374,7.0301185770751,6.67857142857143,7.47529411764706,7.55836633663366,438,253,77,85,606,42558,28035,14523,3894,7566,34992,7.73840546877203,8.09176195862315,7.05629094746264,6.91323317925013,7.62800074015331,7.76227727309099,98
"101",2016,9,7.4823846875,608,7.87547425474255,6.87548071129707,6.440625,7.16941176470588,7.53325026768642,369,239,48,85,523,43166,28404,14762,3942,7651,35515,7.73479937520271,8.08895213737502,7.05336359029942,6.90747843734145,7.62290597307541,7.7589045820076,99
"102",2016,10,7.41533280254777,628,7.77555303030303,6.80047413793103,6.77321428571429,7.26534090909091,7.43977592592593,396,232,56,88,540,43794,28800,14994,3998,7739,36055,7.73021826802758,8.08464289965278,7.04945066826731,6.90559779889945,7.61884010854115,7.75412495437526,100
"103",2016,11,7.42771137026239,686,7.76174712643678,6.84880478087649,6.5406779661017,7.52291666666667,7.41654723127036,435,251,59,72,614,44480,29235,15245,4057,7811,36669,7.72555280642986,8.07983839610056,7.04614715119711,6.90029085531181,7.6179559083344,7.74847242166408,101
"104",2016,12,7.47855172413793,725,7.91839583333333,6.61681632653061,6.325,7.35252631578947,7.49755555555556,480,245,62,95,630,45205,29715,15490,4119,7906,37299,7.72159139099657,8.07723054046778,7.03935657327308,6.89163146394756,7.61476645585631,7.74423430199201,102
"105",2017,1,7.52694665153235,881,7.89005263157895,6.86144694533762,6.75666666666667,7.28457943925234,7.56045219638243,570,311,90,107,774,46086,30285,15801,4209,8013,38073,7.71787047758538,8.07370762786858,7.03585490285425,6.88874554526016,7.61035736927492,7.74049812806976,103
"106",2017,2,7.41622670807453,644,7.83103448275862,6.70861344537815,6.68181818181818,7.40298850574713,7.41829443447038,406,238,66,87,557,46730,30691,16039,4275,8100,38630,7.71371343526642,8.07049739369848,7.03099902238294,6.88555087719298,7.60813007407407,7.73585232280611,104
"107",2017,3,7.52093577981651,654,7.844207852194,6.88755656108597,6.67631578947368,7.15416666666667,7.55798316498317,433,221,57,60,594,47384,31124,16260,4332,8160,39224,7.71105269352524,8.06734923242514,7.02904940467405,6.88279778393352,7.60479210784313,7.73315870971854,105
"108",2017,4,7.54565593220339,590,7.89925255102041,6.84560606060606,6.56382978723404,7.43683333333333,7.55797547169811,392,198,47,60,530,47974,31516,16458,4379,8220,39754,7.70901858986117,8.06525842460972,7.0268424668854,6.87937428636675,7.60356613138686,7.73082316823464,106
"109",2017,5,7.41492038216561,628,7.73661616161616,6.86581896551724,6.84805970149254,7.19411764705882,7.44173214285714,396,232,67,68,560,48602,31912,16690,4446,8288,40314,7.70521846487799,8.06118026165706,7.02460415338526,6.87890238416554,7.60020675675675,7.72680741752245,107
"110",2017,6,7.4288246628131,519,7.7554347826087,6.89497461928934,6.56122448979592,7.37142857142857,7.43675438596491,322,197,49,63,456,49121,32234,16887,4495,8351,40770,7.70229815822153,8.05812603182975,7.02309192396518,6.87543937708565,7.5984808525925,7.72356326293843,108
"111",2017,7,7.45758302583026,542,7.77700305810398,6.97176744186047,6.80727272727273,7.46597222222222,7.45629787234043,327,215,55,72,470,49663,32561,17102,4550,8423,41240,7.69962744558323,8.0553028012039,7.02244669161501,6.87461538461539,7.59734816573667,7.72051731886518,109
"112",2017,8,7.48950333333333,600,7.86113089005236,6.83830275229358,6.57307692307692,7.47944117647059,7.49078947368421,382,218,52,68,532,50263,32943,17320,4602,8491,41772,7.69711914987167,8.05305122514647,7.02012894457275,6.87120817036071,7.59640391002237,7.71759155008139,110
"113",2017,9,7.47704504504505,555,7.81651651651652,6.96783783783784,6.47555555555556,7.36785714285714,7.48929859719439,333,222,45,56,499,50818,33276,17542,4647,8547,42271,7.69471564858908,8.05068417207597,7.01946718276137,6.86737680223801,7.59490647010647,7.71489660121596,111
"114",2017,10,7.37512605042017,595,7.685,6.86555555555556,6.725,7.49435483870968,7.36125703564728,370,225,44,62,533,51413,33646,17767,4691,8609,42804,7.69101705463599,8.0466627982524,7.0175180570721,6.86604135578768,7.59418232082704,7.71049304340716,112
"115",2017,11,7.46580029368576,681,7.860775,6.90355871886121,6.77352941176471,7.54887640449438,7.45331081081081,400,281,68,89,592,52094,34046,18048,4759,8698,43396,7.68807290340538,8.04447883774893,7.01574375664893,6.86471947888212,7.59371873994021,7.70698461217624,113
"116",2017,12,7.54112275449102,668,7.91374396135266,6.93377952755906,6.68116666666667,7.52873417721519,7.5427843803056,414,254,60,79,589,52762,34460,18302,4819,8777,43985,7.68621242238732,8.04290819820081,7.01460623538411,6.86243411496161,7.59313382704796,7.70478581857451,114
"117",2018,1,7.5221429135539,937,7.85136288998358,6.91087777439024,6.55250546666667,7.41702127659574,7.53386466192171,609,328,75,94,843,53699,35069,18630,4894,8871,44828,7.68334955474031,8.03958186746129,7.01277999087493,6.85768449325705,7.59126768120843,7.70157161015437,115
"118",2018,2,7.45108877721943,597,7.82613079019074,6.85265217391304,6.71633333333333,7.36695652173913,7.46208333333333,367,230,60,69,528,54296,35436,18860,4954,8940,45356,7.68079578127302,8.03737121881702,7.0108272126193,6.85597252926928,7.58953642058165,7.69878367007672,116
"119",2018,3,7.38863692167577,549,7.69500506060606,6.92698630136986,6.769,7.28038461538462,7.40317493801653,330,219,50,65,484,54845,35766,19079,5004,9005,45840,7.67787126283162,8.03421232958676,7.00986483725562,6.85510349920064,7.58730489727929,7.69566249585515,117
"120",2018,4,7.50140281853282,518,7.79417088145897,6.99176952380952,7,7.43214285714286,7.50979796536796,329,189,38,56,462,55363,36095,19268,5042,9061,46302,7.67622014829399,8.03202439118992,7.00968734014947,6.85619553946847,7.58634594415627,7.69380794501317,118
"121",2018,5,7.50759194756554,534,7.82539240121581,6.99756097560976,6.52444444444444,7.61353527272727,7.4954272651357,329,205,45,55,479,55897,36424,19473,5087,9116,46781,7.67460919494785,8.03015798649242,7.0095596810969,6.85326084332613,7.58650998683633,7.69177668562023,119
"122",2018,6,7.41764976958525,434,7.7374609375,6.95769662921348,6.62808510638298,7.43115384615385,7.41581151832461,256,178,47,52,382,56331,36680,19651,5134,9168,47163,7.67262946104276,8.02811517175573,7.00908990229505,6.85119943708609,7.58562882198953,7.68954148654666,120
"123",2018,7,7.52059774261603,474,7.83939873417722,6.88299575949367,6.45454545454545,7.01847826086957,7.57456385514019,316,158,33,46,428,56805,36996,19809,5167,9214,47591,7.6713608573189,8.02650325710888,7.00808415366752,6.8486661331527,7.58279737790319,7.68850745855309,121
"124",2018,8,7.45023838645418,502,7.78976585889571,6.82134090909091,6.77830188679245,7.41591836734694,7.45395070640177,326,176,53,49,453,57307,37322,19985,5220,9263,48044,7.6694238604359,8.02443540458711,7.00643957968476,6.84795170689655,7.58191461081723,7.68629585650653,122
"125",2018,9,7.45741156950673,446,7.84030233215548,6.79263803680982,6.7025641025641,7.53137254901961,7.44786217721519,283,163,39,51,395,57753,37605,20148,5259,9314,48439,7.66778658649767,8.02304969365776,7.00470989676394,6.84687353299106,7.58163786128409,7.68435152852041,123
"126",2018,10,7.42046431941924,551,7.74484346820809,6.8729756097561,6.88644444444444,7.7252702739726,7.37391445606695,346,205,45,73,478,58304,37951,20353,5304,9387,48917,7.66544927569292,8.02051328212696,7.00338303935538,6.84720925904977,7.58275484925961,7.68131804485148,124
"127",2018,11,7.51947862917399,569,7.86531771260997,7.00223684210526,7.08490566037736,7.59426229508197,7.5104987007874,341,228,53,61,508,58873,38292,20581,5357,9448,49425,7.66403848810151,8.01913122610467,7.00337034157718,6.84956093149151,7.58282914585097,7.67956232959029,125
"128",2018,12,7.4839479964539,564,7.74457725947522,7.07944194570136,6.65924528301887,7.5606,7.47649157587549,343,221,53,50,514,59437,38635,20802,5410,9498,49939,7.66232960243619,8.01669374686166,7.00417852466109,6.84769647134935,7.58271212571068,7.677472212299,126
"129",2019,1,7.41370673497268,732,7.81555066079295,6.75745802158273,6.51133333333333,7.7327027027027,7.37783180851064,454,278,60,74,658,60169,39089,21080,5470,9572,50597,7.65930492296698,8.01435756632301,7.00092481024668,6.84400693053017,7.58387168512328,7.67357547166828,127
"130",2019,2,7.46977777777778,540,7.83128358208955,6.8790243902439,6.93809523809524,7.53898305084746,7.46128898128898,335,205,42,59,481,60709,39424,21285,5512,9631,51078,7.65761909947454,8.01280192040382,6.99975076344844,6.84472385885341,7.58359669504724,7.67157637613062,128
"131",2019,3,7.58463564053537,523,7.907232625,7.07610837438424,6.87857142857143,7.61796875,7.57998788671024,320,203,42,64,459,61232,39744,21488,5554,9695,51537,7.6569957269075,8.0119519260769,7.00047212397617,6.84497981814908,7.58382359669933,7.67076066864583,129
"132",2019,4,7.44575203252032,492,7.81545454545455,6.93247572815534,6.98269230769231,7.66470588235294,7.42043083900227,286,206,52,51,441,61724,40030,21694,5606,9746,51978,7.65531191027801,8.01054802273296,6.9998264497096,6.8462572083482,7.58424684691155,7.66863678056101,130
"133",2019,5,7.36937360178971,447,7.72095057034221,6.86684782608696,6.79375,7.59583333333333,7.34213032581454,263,184,48,48,399,62171,40293,21878,5654,9794,52377,7.65325605748661,8.00865776561686,6.99870806289423,6.8458114449947,7.5843036318154,7.66614950417168,131
"134",2019,6,7.39130151843818,461,7.8498905109489,6.71935828877005,6.51181818181818,7.31094339622642,7.40174019607843,274,187,55,53,408,62632,40567,22065,5709,9847,52785,7.65132795296334,8.00758541055538,6.9963405846363,6.84259378349974,7.58283231136387,7.66410576072748,132
"135",2019,7,7.54425751072961,466,7.88148771929825,7.01325966850829,6.56530612244898,7.25645161290323,7.58842574257426,285,181,49,62,404,63098,40852,22246,5758,9909,53189,7.65053720165457,8.0067057022912,6.99647824327969,6.84023409343522,7.58079016752447,7.66353092895147,133
"136",2019,8,7.52016844974446,587,7.99361747126437,6.8307949790795,6.84367346938776,7.51327868852459,7.52096745247148,348,239,49,61,526,63685,41200,22485,5807,9970,53715,7.64933556143519,8.0065951512136,6.99471714476317,6.84026311520579,7.58037710832497,7.66213488708927,134
"137",2019,9,7.39722735674677,541,7.81346749226006,6.78050458715596,6.63793103448276,7.49791666666667,7.38742393509128,323,218,58,48,493,64226,41523,22703,5865,10018,54208,7.64721195824121,8.00509284565181,6.99266022111615,6.83826221824382,7.57998200938311,7.65963650125443,135
"138",2019,10,7.40295802919708,548,7.75947021943574,6.90633187772926,6.90576923076923,7.49218333333333,7.39198770491803,319,229,52,60,488,64774,41842,22932,5917,10078,54696,7.64514552490197,8.00322023875532,6.99179814233385,6.83885548588812,7.57945929450288,7.65724852749744,136
"139",2019,11,7.47410370434783,575,7.84260400593472,6.95231966386555,6.66071428571429,7.24677419354839,7.50157822612086,337,238,56,62,513,65349,42179,23170,5973,10140,55209,7.64364054323708,8.00193695393443,6.99139262321968,6.83718531893521,7.57742512524655,7.65580204477531,137
"140",2019,12,7.53508223684211,684,7.87066573033708,6.9102510460251,6.8968253968254,7.49782608695652,7.53926219512195,445,239,63,69,615,66033,42624,23409,6036,10209,55824,7.64251604667363,8.00056646560623,6.99056418813277,6.83780780483764,7.57688713586051,7.65451815240756,138
"141",2020,1,7.39387153594771,918,7.81019852125693,6.79643679045093,6.44266666666667,7.14594059405941,7.42452150550796,541,377,75,101,817,66951,43165,23786,6111,10310,56641,7.63910675240101,7.99818052658404,6.98748733498697,6.83295825724104,7.57266544810863,7.65120063928956,139
"142",2020,2,7.47481534267913,642,7.86177809139785,6.94166666666667,6.81513513513513,7.57222222222222,7.46421666666667,372,270,37,63,579,67593,43537,24056,6148,10373,57220,7.63754630849348,7.99701504191837,6.98697305246092,6.83285099381913,7.57266275619397,7.64930857846906,140
"143",2020,3,7.47627035353535,594,7.81088695906433,7.02214781746032,6.75390625,7.31018518518519,7.49287887037037,342,252,64,54,540,68187,43879,24308,6212,10427,57760,7.63614137914852,7.99556432963377,6.98733770775053,6.8320376545396,7.57130342092644,7.64784611236149,141
"144",2020,4,7.5550469043152,533,7.83949206349206,7.14403669724771,7.18888888888889,7.81209677419355,7.5212101910828,315,218,36,62,471,68720,44194,24526,6248,10489,58231,7.63551240133877,7.99445189890031,6.9887305308652,6.8340937756082,7.57272673944132,7.64682182085143,142
"145",2020,5,7.57890269016698,539,7.88717413793103,7.13190909090909,6.89673913043478,7.70467642857143,7.56432022774327,319,220,46,56,483,69259,44513,24746,6294,10545,58714,7.63507184293738,7.99368309864534,6.99000343489857,6.83455162217985,7.57342746799431,7.64614313656027,143
"146",2020,6,7.47559524553571,448,7.76692015209125,7.06144145945946,6.77992760869565,7.49716981132075,7.47270043037975,263,185,46,53,395,69707,44776,24931,6340,10598,59109,7.63404690260663,7.99235116513311,6.99053353936865,6.83415529652997,7.57304610775618,7.64498409362364,144
"147",2020,7,7.50906018255578,493,7.90987301587302,6.79975657303371,6.70540540540541,7.37741935483871,7.52799691415313,315,178,37,62,431,70200,45091,25109,6377,10660,59540,7.6331691468661,7.99177498325609,6.98918110398661,6.8334082766191,7.57190831613509,7.64413724319785,145
"148",2020,8,7.35336626482213,506,7.70587403908795,6.80954773869347,6.58478260869565,7.37333333333333,7.35068011210762,307,199,46,60,446,70706,45398,25308,6423,10720,59986,7.63116676717676,7.98984160315433,6.98776862415046,6.83162767865483,7.57079688899254,7.64195536941953,146
"149",2020,9,7.45492576923077,494,7.90577148409894,6.85023696682464,6.60178571428571,7.34935483870968,7.47007715277778,283,211,56,62,432,71200,45681,25519,6479,10782,60418,7.62994397148876,7.98932077734726,6.98663146439907,6.82964108350054,7.56952352531998,7.64072640802409,147
"150",2020,10,7.48048507462687,536,7.8696393442623,6.96666666666667,6.62155172413793,7.18303571428571,7.5151875,305,231,58,56,480,71736,45986,25750,6537,10838,60898,7.62882723834616,7.98852699582482,6.98645236271844,6.82779479577788,7.5675265408747,7.63973690630234,148
"151",2020,11,7.44420271056662,653,7.82294017948718,6.88257680608365,6.5038,7.4625,7.44248638190955,390,263,50,56,597,72389,46376,26013,6587,10894,61495,7.62716179447154,7.98713448982232,6.98540214661899,6.82533544557462,7.56698665779328,7.63782197723392,149
"152",2020,12,7.47616,650,7.7812331773399,6.96853823770492,6.71980769230769,7.36324637681159,7.48956970740103,406,244,52,69,581,73039,46782,26257,6639,10963,62076,7.6258179758759,7.98534756466162,6.98524543436036,6.82450889893056,7.56570433731643,7.63643441088343,150
"153",2021,1,7.44173782771536,801,7.72057821782178,6.96601351351351,6.67971830985915,7.19445714285714,7.46541723666211,505,296,71,70,731,73840,47287,26553,6710,11033,62807,7.62382111511376,7.98251996891323,6.98503104620946,6.82297683755589,7.56334892141757,7.63444397105418,151
"154",2021,2,7.45988984347826,575,7.75477423631124,7.01109649122807,6.61,7.70936507936508,7.4291926953125,347,228,41,63,512,74415,47634,26781,6751,11096,63319,7.62255442854263,7.9808609067053,6.98525295433329,6.82168339209006,7.56417796052632,7.63278430092073,152
"155",2021,3,7.54424657534247,511,7.85166666666667,7.08536585365854,6.545,7.77777777777778,7.52169527896996,306,205,40,45,466,74926,47940,26986,6791,11141,63785,7.62202036409257,7.98003626261994,6.98601346513006,6.82005368576057,7.56504071896598,7.63197270753311,153
"156",2021,4,7.4631680982906,468,7.7210509375,7.05055555555556,6.36111111111111,7.18260869565217,7.4937504028436,288,180,36,46,422,75394,48228,27166,6827,11187,64207,7.62103430604558,7.9784896968566,6.98644111646911,6.81763359894537,7.56346819075713,7.63106424252807,154
"157",2021,5,7.45605953586498,474,7.83452674074074,6.95514705882353,6.56382352941176,7.69186046511628,7.43253415313225,270,204,34,43,431,75868,48498,27370,6861,11230,64638,7.62000359426899,7.97768822054518,6.98620786883449,6.81637583151144,7.56395980854853,7.6297404628856,155
"158",2021,6,7.39310316666667,420,7.77830748062016,6.77962962962963,6.88787878787879,6.80731707317073,7.45647316622691,258,162,33,41,379,76288,48756,27532,6894,11271,65017,7.61875440462458,7.97663316617442,6.98499234962952,6.81671809979693,7.56120740395706,7.62873044542196,156
"159",2021,7,7.50304496183206,393,7.8549213304721,6.990625,6.786,7.784375,7.46390339130435,233,160,25,48,345,76681,48989,27692,6919,11319,65362,7.61816137882917,7.97605428402294,6.98502489419327,6.81660710796358,7.56215378125276,7.62786043939903,157
"160",2021,8,7.5230829342723,426,7.96366400793651,6.885,6.34090909090909,7.90471536585366,7.48244155844156,252,174,33,41,385,77107,49241,27866,6952,11360,65747,7.61763609036793,7.97599087447452,6.98440032189765,6.81434904775604,7.56339013908451,7.62700889835277,158
"161",2021,9,7.46015988009592,417,7.68645503968254,7.11454545454545,6.68484848484848,7.01020408163265,7.52007247282609,252,165,33,49,368,77524,49493,28031,6985,11409,66115,7.61678902907487,7.97451666538702,6.98516640041382,6.81373723407302,7.56101428521343,7.62641368388414,159
"162",2021,10,7.35268382045929,479,7.72390773584906,6.89299065420561,6.4953488372093,7.39603174603175,7.34611911057692,265,214,43,63,416,78003,49758,28245,7028,11472,66531,7.61516721459431,7.97318197817436,6.98446802513719,6.81178921172453,7.56010826185495,7.62466107919616,160
"163",2021,11,7.50526460743802,484,7.92905074074074,6.83219251336898,6.65294117647059,7.50697674418605,7.50509766439909,297,187,34,43,441,78487,50055,28432,7062,11515,66972,7.61448948628435,7.97292012666067,6.98346649444288,6.81102443783631,7.55990985497178,7.62387377306934,161
"164",2021,12,7.40110769817073,656,7.68407208443272,7.01394703971119,6.87735849056604,7.38333333333333,7.40340215146299,379,277,53,75,581,79143,50434,28709,7115,11590,67553,7.6127208086628,7.97074949954396,6.98376058727228,6.81151856359803,7.55876721138913,7.6219775728687,162
"165",2022,1,7.48336404736276,929,7.8282191681736,6.97617021276596,6.83134328358209,7.57888,7.4749756440281,553,376,67,75,854,80072,50987,29085,7182,11665,68407,7.61122000399641,7.96920362955263,6.98366246175004,6.81170350598719,7.55889652636091,7.62014238572075,163
"166",2022,2,7.43911149825784,574,7.83297872340426,6.91020408163265,6.30416666666667,7.39655172413793,7.44389534883721,329,245,48,58,516,80646,51316,29330,7230,11723,68923,7.60999501723582,7.96833025683997,6.98304884759631,6.80833396680498,7.55809331911627,7.61882289192287,164
"167",2022,3,7.48205098039216,510,7.90244290657439,6.93230769230769,6.91030303030303,7.41224489795918,7.48947071583514,289,221,33,49,461,81156,51605,29551,7263,11772,69384,7.60919099216324,7.96796127235733,6.98266937497885,6.8087972711001,7.55748623683316,7.61796345238095,165
"168",2022,4,7.49924335378323,489,7.77304296167247,7.11023103960396,6.75138888888889,7.28207547169811,7.52564220183486,287,202,36,53,436,81645,51892,29753,7299,11825,69820,7.60853247792272,7.96688323421722,6.98353542062985,6.80851412248253,7.55625183763213,7.61738694041821,166
"169",2022,5,7.46153209109731,483,7.77895306859206,7.03470873786408,6.70294117647059,7.36547619047619,7.47068027210884,277,206,34,42,441,82128,52169,29959,7333,11867,70261,7.60766795928307,7.96588538768234,6.98388729163189,6.8080246256648,7.55557663942024,7.61646612174605,167
"170",2022,6,7.5471008583691,466,7.90918076923077,7.0901067961165,6.63583333333333,7.82381632653061,7.51458513189448,260,206,24,49,417,82594,52429,30165,7357,11916,70678,7.60732623628835,7.9656041845162,6.98461267594895,6.80746290335735,7.55667967270896,7.61586502419423,168
"171",2022,7,7.52050104384134,479,7.83988888888889,7.10789473684211,6.82794117647059,7.5,7.5226267281106,270,209,34,45,434,83073,52699,30374,7391,11961,71112,7.60682560109783,7.96496009013454,6.9854609656285,6.80755710729266,7.55646643090043,7.61529598633142,169
"172",2022,8,7.53070726495726,468,7.83370188679245,7.1351724137931,6.61764705882353,7.75342,7.50406698564593,265,203,34,50,418,83541,52964,30577,7425,12011,71530,7.60639918315558,7.96430335303225,6.98645489649082,6.80668748552189,7.55728631920739,7.61464599720396,170
"173",2022,9,7.37857838983051,472,7.67075697211155,7.04673755656109,6.73214285714286,7.21058,7.39848341232227,251,221,28,50,422,84013,53215,30798,7453,12061,71952,7.60511924535489,7.96291877835197,6.98688747223845,6.80640743056488,7.55584901583617,7.61337819907716,171
"174",2022,10,7.44489561555076,463,7.82038648550725,6.89069518716578,6.64857142857143,6.82083333333333,7.51707631325301,276,187,28,48,415,84476,53491,30985,7481,12109,72367,7.60424108421327,7.96218334785291,6.98630693464579,6.80581667958829,7.55293541828392,7.61282594069119,172
"175",2022,11,7.44647388059701,536,7.79598101265823,6.94445454545455,6.74117647058824,7.18534482758621,7.4781589958159,316,220,34,58,478,85012,53807,31205,7515,12167,72845,7.60324636321931,7.96120726782761,6.98601186893126,6.80552422887558,7.55118311662694,7.61194227263367,173
"176",2022,12,7.46029363784666,613,7.78707386363636,7.0195785440613,6.94615384615385,7.31486111111111,7.47964879852126,352,261,52,72,541,85625,54159,31466,7567,12239,73386,7.60222294691971,7.96007550841042,6.98629029333248,6.80649062772565,7.54979287360078,7.61096700801242,174
