"","year","month","avg_rating","no_ratings","avg_rating_owned","avg_rating_not_owned","avg_rating_prev_owned","avg_rating_comment","avg_rating_no_comment","no_ratings_owned","no_ratings_not_owned","no_ratings_prev_owned","no_ratings_comment","no_ratings_no_comment","cum_no_ratings","cum_no_ratings_owned","cum_no_ratings_not_owned","cum_no_ratings_prev_owned","cum_no_ratings_comment","cum_no_ratings_no_comment","cum_avg_rating","cum_avg_rating_owned","cum_avg_rating_not_owned","cum_avg_rating_prev_owned","cum_avg_rating_comment","cum_avg_rating_no_comment","month_after_release"
"1",2012,6,10,1,10,NA,NA,10,NA,1,0,0,1,0,1,1,0,0,1,0,10,10,NA,NA,10,NA,-12
"2",2012,8,8.25,2,9.5,7,NA,NA,8.25,1,1,0,0,2,3,2,1,0,1,2,8.83333333333333,9.75,7,NA,10,8.25,-10
"3",2012,9,8,1,NA,8,NA,8,NA,0,1,0,1,0,4,2,2,0,2,2,8.625,9.75,7.5,NA,9,8.25,-9
"4",2013,1,7,1,7,NA,NA,NA,7,1,0,0,0,1,5,3,2,0,2,3,8.3,8.83333333333333,7.5,NA,9,7.83333333333333,-5
"5",2013,2,10,1,10,NA,NA,10,NA,1,0,0,1,0,6,4,2,0,3,3,8.58333333333333,9.125,7.5,NA,9.33333333333333,7.83333333333333,-4
"6",2013,3,7,1,NA,7,7,NA,7,0,1,1,0,1,7,4,3,1,3,4,8.35714285714286,9.125,7.33333333333333,7,9.33333333333333,7.625,-3
"7",2013,6,8.31,10,8.61111111111111,5.6,NA,8.5,8.12,9,1,0,5,5,17,13,4,1,8,9,8.32941176470588,8.76923076923077,6.9,7,8.8125,7.9,0
"8",2013,7,7.88636363636364,22,8.11764705882353,7.1,8,7.25,8.125,17,5,1,6,16,39,30,9,2,14,25,8.07948717948718,8.4,7.01111111111111,7.5,8.14285714285714,8.044,1
"9",2013,8,7.84428571428571,35,8.00217391304348,7.54166666666667,7.75,7.77777777777778,7.86730769230769,23,12,4,9,26,74,53,21,6,23,51,7.96824324324324,8.22735849056604,7.31428571428571,7.66666666666667,8,7.95392156862745,2
"10",2013,9,7.43604651162791,43,7.84259259259259,6.75,7,7.28125,7.52777777777778,27,16,2,16,27,117,80,37,8,39,78,7.77264957264957,8.0975,7.07027027027027,7.5,7.70512820512821,7.80641025641026,3
"11",2013,10,7.85925925925926,27,8.24761904761905,6.5,NA,7.97142857142857,7.82,21,6,0,7,20,144,101,43,8,46,98,7.78888888888889,8.12871287128713,6.99069767441861,7.5,7.74565217391304,7.80918367346939,4
"12",2013,11,7.63333333333333,33,7.96842105263158,7.17857142857143,7.5,7.95,7.49565217391304,19,14,5,10,23,177,120,57,13,56,121,7.75988700564972,8.10333333333333,7.03684210526316,7.5,7.78214285714286,7.7495867768595,5
"13",2013,12,7.30147058823529,34,7.73913043478261,6.38636363636364,7.5,7.15,7.36458333333333,23,11,2,10,24,211,143,68,15,66,145,7.68601895734597,8.04475524475524,6.93161764705882,7.5,7.68636363636364,7.68586206896552,6
"14",2014,1,7.86607142857143,56,8.32903225806452,7.292,7.53846153846154,8.35,7.76086956521739,31,25,13,10,46,267,174,93,28,76,191,7.72378277153558,8.09540229885057,7.02849462365591,7.51785714285714,7.77368421052631,7.70392670157068,7
"15",2014,2,7.99285714285714,42,8.15666666666667,7.58333333333333,8.075,8.34333333333333,7.79814814814815,30,12,4,15,27,309,204,105,32,91,218,7.76035598705502,8.10441176470588,7.09190476190476,7.5875,7.86758241758242,7.71559633027523,8
"16",2014,3,7.96,25,8.1875,7.55555555555556,7.75,7.71428571428571,8.05555555555556,16,9,4,7,18,334,220,114,36,98,236,7.7752994011976,8.11045454545454,7.12850877192982,7.60555555555556,7.85663265306122,7.74152542372881,9
"17",2014,4,7.03289473684211,38,7.48611111111111,6.625,6.2,6.42857142857143,7.16935483870968,18,20,5,7,31,372,238,134,41,105,267,7.6994623655914,8.06323529411765,7.05335820895522,7.43414634146342,7.76142857142857,7.6750936329588,10
"18",2014,5,7.42826086956522,23,7.9,6.99583333333333,7.15833333333333,7.74166666666667,7.31764705882353,11,12,6,6,17,395,249,146,47,111,284,7.68367088607595,8.05602409638554,7.0486301369863,7.39893617021277,7.76036036036036,7.65369718309859,11
"19",2014,6,7.45178571428571,28,8.05357142857143,6.85,7.16666666666667,7.75,7.40208333333333,14,14,6,4,24,423,263,160,53,115,308,7.66832151300236,8.05589353612167,7.03125,7.37264150943396,7.76,7.63409090909091,12
"20",2014,7,7.69393939393939,33,7.97058823529412,7.4,7.6875,7.75,7.68148148148148,17,16,8,6,27,456,280,176,61,121,335,7.67017543859649,8.05071428571429,7.06477272727273,7.41393442622951,7.75950413223141,7.63791044776119,13
"21",2014,8,7.79444444444444,36,8.13333333333333,6.77777777777778,6,7.94444444444444,7.74444444444444,27,9,2,9,27,492,307,185,63,130,362,7.67926829268293,8.05798045602606,7.05081081081081,7.36904761904762,7.77230769230769,7.64585635359116,14
"22",2014,9,7.67741935483871,31,7.78260869565217,7.375,8,7.5,7.71153846153846,23,8,4,5,26,523,330,193,67,135,388,7.6791586998088,8.03878787878788,7.06424870466321,7.40671641791045,7.76222222222222,7.65025773195876,15
"23",2014,10,7.69655172413793,29,7.9975,7.02777777777778,4,8,7.648,20,9,1,4,25,552,350,202,68,139,413,7.68007246376812,8.03642857142857,7.06262376237624,7.35661764705882,7.76906474820144,7.6501210653753,16
"24",2014,11,7.53783783783784,37,8.01481481481481,6.25,6.33333333333333,7,7.64193548387097,27,10,3,6,31,589,377,212,71,145,444,7.67113752122241,8.03488063660477,7.02429245283019,7.31338028169014,7.73724137931034,7.64954954954955,17
"25",2014,12,7.89,40,8.10606060606061,6.87142857142857,7.51666666666667,8.13076923076923,7.77407407407407,33,7,6,13,27,629,410,219,77,158,471,7.68505564387917,8.04060975609756,7.01940639269406,7.32922077922078,7.76962025316456,7.65668789808917,18
"26",2015,1,7.68815789473684,76,7.93125,7.27142857142857,7.375,7.53076923076923,7.72063492063492,48,28,8,13,63,705,458,247,85,171,534,7.68539007092199,8.02914847161572,7.04797570850202,7.33352941176471,7.75146198830409,7.66423220973783,19
"27",2015,2,7.68636363636364,66,8.0075,7.19230769230769,7.0625,7.53571428571429,7.72692307692308,40,26,8,14,52,771,498,273,93,185,586,7.68547341115435,8.02740963855422,7.06172161172161,7.31021505376344,7.73513513513513,7.669795221843,20
"28",2015,3,7.41777777777778,45,7.77777777777778,6.87777777777778,6.58333333333333,7.77777777777778,7.32777777777778,27,18,6,9,36,816,525,291,99,194,622,7.67071078431373,8.01457142857143,7.05034364261168,7.26616161616162,7.73711340206186,7.65,21
"29",2015,4,7.61666666666667,54,7.78421052631579,7.21875,6.75,6.78181818181818,7.83023255813954,38,16,6,11,43,870,563,307,105,205,665,7.66735632183908,7.99902309058615,7.05912052117264,7.23666666666667,7.68585365853659,7.66165413533835,22
"30",2015,5,7.54285714285714,35,8.04166666666667,6.45454545454545,6,6.125,7.7258064516129,24,11,3,4,31,905,587,318,108,209,696,7.66254143646409,8.00076660988075,7.03820754716981,7.20231481481482,7.65598086124402,7.66451149425287,23
"31",2015,6,7.52272727272727,66,7.865,6.99615384615385,6.825,7,7.63888888888889,40,26,14,12,54,971,627,344,122,221,750,7.65303810504634,7.9921052631579,7.03502906976744,7.15901639344262,7.62036199095023,7.66266666666667,24
"32",2015,7,7.7242,50,8.2924,7.156,7.35454545454545,8.32583333333333,7.53421052631579,25,25,11,12,38,1021,652,369,133,233,788,7.65652301665034,8.00361963190184,7.04322493224932,7.17518796992481,7.65669527896996,7.65647208121827,25
"33",2015,8,7.55213114754098,61,7.85,6.98476190476191,7.4,7.57916666666667,7.54551020408163,40,21,4,12,49,1082,692,390,137,245,837,7.65063770794824,7.99473988439306,7.04007692307692,7.18175182481752,7.65289795918367,7.6499761051374,26
"34",2015,9,7.61722222222222,36,7.84379310344828,6.67857142857143,7,7.847,7.52884615384615,29,7,1,10,26,1118,721,397,138,255,863,7.64956171735241,7.98866851595007,7.03370277078086,7.1804347826087,7.66050980392157,7.64632676709154,27
"35",2015,10,7.45423728813559,59,7.74358974358974,6.89,6.71428571428571,7.19230769230769,7.52826086956522,39,20,7,13,46,1177,760,417,145,268,909,7.63977060322855,7.97609210526316,7.02681055155875,7.15793103448276,7.63779850746269,7.64035203520352,28
"36",2015,11,7.27058823529412,68,7.76666666666667,6.60344827586207,6.50833333333333,7.79090909090909,7.17017543859649,39,29,12,11,57,1245,799,446,157,279,966,7.61960642570281,7.96586983729662,6.99928251121076,7.10828025477707,7.64383512544803,7.61260869565217,29
"37",2015,12,7.38375,80,7.67045454545455,7.03333333333333,7.22222222222222,7.5625,7.36388888888889,44,36,9,8,72,1325,843,482,166,287,1038,7.60536603773585,7.95045077105575,7.00182572614108,7.1144578313253,7.64156794425087,7.59535645472062,30
"38",2016,1,7.6,61,7.83571428571429,7.07894736842105,7.5,7.72222222222222,7.57884615384615,42,19,4,9,52,1386,885,501,170,296,1090,7.60512987012987,7.94500564971752,7.004750499002,7.12352941176471,7.64402027027027,7.59456880733945,31
"39",2016,2,7.44085106382979,47,7.65689655172414,7.09277777777778,8,7.23857142857143,7.47625,29,18,6,7,40,1433,914,519,176,303,1130,7.5997418004187,7.93586433260394,7.00780346820809,7.15340909090909,7.63465346534654,7.59038053097345,32
"40",2016,3,7.44387755102041,49,7.91379310344828,6.7625,6.65625,7.66666666666667,7.39375,29,20,8,9,40,1482,943,539,184,312,1170,7.59458839406208,7.93518557794274,6.9987012987013,7.13179347826087,7.63557692307692,7.58365811965812,33
"41",2016,4,7.640625,48,7.85833333333333,7.27777777777778,7.5,8.16666666666667,7.60555555555556,30,18,5,3,45,1530,973,557,189,315,1215,7.59603267973856,7.93281603288798,7.00771992818671,7.14153439153439,7.64063492063492,7.58446913580247,34
"42",2016,5,7.57340425531915,47,8.07931034482759,6.75833333333333,6.85,7.125,7.66538461538462,29,18,5,8,39,1577,1002,575,194,323,1254,7.59535827520609,7.93705588822355,6.99991304347826,7.1340206185567,7.62786377708978,7.58698564593301,35
"43",2016,6,7.50403225806452,62,7.71212121212121,7.26724137931035,7.41666666666667,7.39583333333333,7.53,33,29,9,12,50,1639,1035,604,203,335,1304,7.59190359975595,7.92988405797102,7.01274834437086,7.14655172413793,7.61955223880597,7.58480061349693,36
"44",2016,7,7.61373134328358,67,7.89756097560976,7.16615384615385,6.8125,7.42857142857143,7.63533333333333,41,26,8,7,60,1706,1076,630,211,342,1364,7.59276084407972,7.92865241635688,7.01907936507937,7.13388625592417,7.6156432748538,7.58702346041056,37
"45",2016,8,7.31206896551724,58,7.92413793103448,6.7,6.625,6.9,7.35094339622642,29,29,12,5,53,1764,1105,659,223,347,1417,7.58353174603175,7.92853393665158,7.00503793626707,7.10650224215247,7.60533141210375,7.57819336626676,38
"46",2016,9,7.40705128205128,39,7.42672413793103,7.35,7.66666666666667,7.53846153846154,7.34134615384615,29,10,3,13,26,1803,1134,669,226,360,1443,7.57971436494731,7.91570105820106,7.01019431988042,7.11393805309735,7.60291666666667,7.57392584892585,39
"47",2016,10,7.66037735849057,53,7.85483870967742,7.38636363636364,7.16,7.59285714285714,7.68461538461538,31,22,5,14,39,1856,1165,691,231,374,1482,7.58201778017241,7.91408154506438,7.02217076700434,7.11493506493506,7.60254010695187,7.576838731444,40
"48",2016,11,7.38706896551724,58,7.67820512820513,6.78947368421053,6.625,7.58333333333333,7.35102040816327,39,19,8,9,49,1914,1204,710,239,383,1531,7.57611024033438,7.90644102990033,7.01594366197183,7.09853556485356,7.60208877284595,7.56961136512084,41
"49",2016,12,7.30377358490566,53,7.66129032258065,6.8,6.8,7.76,7.19767441860465,31,22,7,10,43,1967,1235,732,246,393,1574,7.56877224199288,7.90028744939271,7.00945355191257,7.0900406504065,7.60610687022901,7.55945044472681,42
"50",2017,1,7.34577464788732,71,7.60909090909091,6.91666666666667,6.66666666666667,7.06153846153846,7.40948275862069,44,27,6,13,58,2038,1279,759,252,406,1632,7.56100343473994,7.89026974198593,7.00615283267457,7.07996031746032,7.58866995073892,7.55412071078432,43
"51",2017,2,7.4875,52,7.88970588235294,6.72777777777778,6.02,6.43333333333333,7.625,34,18,5,6,46,2090,1313,777,257,412,1678,7.55917464114833,7.8902551408987,6.99970398970399,7.05933852140078,7.57184466019418,7.55606376638856,44
"52",2017,3,7.45291489361702,47,7.74285714285714,7.02563157894737,6.85714285714286,7.95555555555556,7.33386842105263,28,19,7,9,38,2137,1341,796,264,421,1716,7.55683762283575,7.88717747949291,7.00032286432161,7.05397727272727,7.58004750593824,7.55114335664336,45
"53",2017,4,7.37291666666667,48,7.82903225806452,6.54117647058824,5.875,7.56,7.35116279069767,31,17,4,5,43,2185,1372,813,268,426,1759,7.55279725400458,7.88586370262391,6.99072201722017,7.03638059701492,7.57981220657277,7.54625469016487,46
"54",2017,5,7.46833333333333,60,7.89047619047619,6.48333333333333,6.2,7.35714285714286,7.48301886792453,42,18,5,7,53,2245,1414,831,273,433,1812,7.55053986636971,7.88600070721358,6.97973164861613,7.02106227106227,7.57621247113164,7.5444050772627,47
"55",2017,6,7.2,30,7.58333333333333,6.625,3,6.75,7.3125,18,12,1,6,24,2275,1432,843,274,439,1836,7.54591736263736,7.88219622905028,6.97468208778173,7.00638686131387,7.56492027334852,7.54137363834423,48
"56",2017,7,7.39512195121951,41,7.90714285714286,6.29230769230769,5.75,7.625,7.33939393939394,28,13,4,8,33,2316,1460,856,278,447,1869,7.54324784110535,7.88267465753425,6.96431892523365,6.98830935251798,7.56599552572707,7.53780738362761,49
"57",2017,8,7.34651162790698,43,7.745,7,6.81428571428571,7.875,7.29230769230769,20,23,7,4,39,2359,1480,879,285,451,1908,7.53966172106825,7.88081418918919,6.96525255972696,6.9840350877193,7.56873614190688,7.5327893081761,50
"58",2017,9,6.77096774193548,31,7.58214285714286,6.10294117647059,6.21875,6.5,6.8,14,17,8,3,28,2390,1494,896,293,454,1936,7.52969121338912,7.87801539491298,6.94889174107143,6.96313993174061,7.56167400881057,7.52219111570248,51
"59",2017,10,6.92560975609756,41,7.38958333333333,6.27058823529412,6,6.83333333333333,6.9515625,24,17,6,9,32,2431,1518,913,299,463,1968,7.51950308515015,7.8702931488801,6.93626177437021,6.9438127090301,7.5475161987041,7.51291260162602,52
"60",2017,11,7.25511363636364,44,7.50833333333333,6.95125,6.4375,7.47272727272727,7.18257575757576,24,20,8,11,33,2475,1542,933,307,474,2001,7.51480282828283,7.86465953307393,6.93658306538049,6.93061889250814,7.5457805907173,7.50746476761619,53
"61",2017,12,7.00731707317073,41,7.13333333333333,6.875,6.27777777777778,7,7.00909090909091,21,20,9,8,33,2516,1563,953,316,482,2034,7.50653298887122,7.85483365323096,6.93529066107031,6.9120253164557,7.53672199170125,7.4993790560472,54
"62",2018,1,7.36774193548387,62,7.8025641025641,6.6304347826087,6.66666666666667,7.89090909090909,7.25490196078431,39,23,9,11,51,2578,1602,976,325,493,2085,7.5031951124903,7.85356117353308,6.92810655737705,6.90523076923077,7.5446247464503,7.49339904076739,55
"63",2018,2,6.87068965517241,29,7.53571428571429,6.25,5.8,6.66666666666667,6.89423076923077,14,15,5,3,26,2607,1616,991,330,496,2111,7.49615918680476,7.85080754950495,6.91784258324924,6.88848484848485,7.53931451612903,7.48601942207485,56
"64",2018,3,6.97941176470588,34,7.23529411764706,6.72352941176471,6.1,6,7.14827586206897,17,17,5,5,29,2641,1633,1008,335,501,2140,7.48950662627793,7.84439987752602,6.91456547619048,6.87671641791045,7.52395209580838,7.48144252336449,57
"65",2018,4,7.24,40,7.79583333333333,6.40625,6.5,8,7.15555555555556,24,16,4,4,36,2681,1657,1024,339,505,2176,7.48578403580753,7.84369643934822,6.906623046875,6.87227138643068,7.52772277227723,7.47605101102941,58
"66",2018,5,7.21148148148148,27,7.856875,6.27272727272727,6,6.5,7.33521739130435,16,11,5,4,23,2708,1673,1035,344,509,2199,7.48304911373707,7.84382247459653,6.89988599033817,6.85959302325581,7.5196463654224,7.47457798999545,59
"67",2018,6,7.32916666666667,30,7.585,7.07333333333333,6.6875,6.8,7.435,15,15,8,5,25,2738,1688,1050,352,514,2224,7.48136303871439,7.84152251184834,6.90236380952381,6.85568181818182,7.51264591439689,7.47413309352518,60
"68",2018,7,7.07142857142857,28,7.5,6.5,6.42857142857143,7.66666666666667,6.90909090909091,16,12,7,6,22,2766,1704,1062,359,520,2246,7.4772133044107,7.83831572769953,6.89781732580038,6.84735376044568,7.51442307692308,7.46859839715049,61
"69",2018,8,6.784,25,7.055,5.7,NA,8,6.73333333333333,20,5,0,1,24,2791,1724,1067,359,521,2270,7.4710039412397,7.82922853828306,6.89220431115277,6.84735376044568,7.51535508637236,7.46082466960352,62
"70",2018,9,7.32692307692308,26,7.66666666666667,7.14705882352941,6.875,6.66666666666667,7.41304347826087,9,17,4,3,23,2817,1733,1084,363,524,2293,7.46967412140575,7.82838430467397,6.89620110701107,6.84765840220386,7.51049618320611,7.46034539904056,63
"71",2018,10,7.33333333333333,33,7.65789473684211,6.89285714285714,7.25,7.66666666666667,7.3,19,14,4,3,30,2850,1752,1098,367,527,2323,7.46809543859649,7.82653538812785,6.89615846994536,6.85204359673024,7.51138519924099,7.45827464485579,64
"72",2018,11,7.10166666666667,30,7.23888888888889,6.89583333333333,5.5,7.33333333333333,7.07592592592593,18,12,2,3,27,2880,1770,1110,369,530,2350,7.46427847222222,7.8205593220339,6.89615495495496,6.84471544715447,7.51037735849057,7.45388170212766,65
"73",2018,12,7.1128,25,7.86923076923077,6.29333333333333,6.14285714285714,6.00666666666667,7.26363636363636,13,12,7,3,22,2905,1783,1122,376,533,2372,7.46125370051635,7.82091418956814,6.88970766488414,6.83164893617021,7.50191369606004,7.45211720067454,66
"74",2019,1,7.05128205128205,39,7.36842105263158,6.75,6.85714285714286,7.66666666666667,6.93939393939394,19,20,7,6,33,2944,1802,1142,383,539,2405,7.45582269021739,7.81614317425083,6.88726094570928,6.83211488250653,7.50374768089054,7.44508191268191,67
"75",2019,2,6.97766666666667,30,7.41176470588235,6.41,5.79125,6.97222222222222,6.98,17,13,8,9,21,2974,1819,1155,391,548,2426,7.45099932750504,7.81236393622869,6.88188917748918,6.81081841432225,7.49501824817519,7.44105605935697,68
"76",2019,3,7.09857142857143,35,7.4452380952381,6.57857142857143,6,7.93333333333333,6.92586206896552,21,14,3,6,29,3009,1840,1169,394,554,2455,7.44689996676637,7.80817391304348,6.87825662959795,6.80464467005076,7.49976534296029,7.43497026476578,69
"77",2019,4,7.47666666666667,30,8.1875,6.66428571428571,6,7.64285714285714,7.42608695652174,16,14,5,7,23,3039,1856,1183,399,561,2478,7.44719381375452,7.81144396551724,6.87572442941674,6.79456140350877,7.50155080213904,7.43488781275222,70
"78",2019,5,7.13448275862069,29,7.17142857142857,7.1,6.75,8,7.10357142857143,14,15,4,1,28,3068,1870,1198,403,562,2506,7.44423794002607,7.80665240641711,6.8785325542571,6.79411910669975,7.50243772241993,7.43118595371109,71
"79",2019,6,7.04285714285714,28,7.57058823529412,6.22727272727273,6.41666666666667,6.22222222222222,7.43157894736842,17,11,6,9,19,3096,1887,1209,409,571,2525,7.44060788113695,7.80452570217276,6.87260711331679,6.78858190709046,7.4822591943958,7.43118891089109,72
"80",2019,7,7.34615384615385,26,7.46666666666667,7.18181818181818,7,7.5,7.32608695652174,15,11,3,3,23,3122,1902,1220,412,574,2548,7.43982126841768,7.80186119873817,6.87539508196722,6.7901213592233,7.48235191637631,7.43024018838305,73
"81",2019,8,7.53571428571429,28,7.91666666666667,6.85,6.33333333333333,7.25,7.58333333333333,18,10,3,4,24,3150,1920,1230,415,578,2572,7.44067365079365,7.8029375,6.87518861788618,6.78681927710843,7.48074394463668,7.43166874027994,74
"82",2019,9,7.35714285714286,21,7.65384615384615,6.875,7,NA,7.35714285714286,13,8,1,0,21,3171,1933,1238,416,578,2593,7.44012046672974,7.80193481634764,6.8751873990307,6.78733173076923,7.48074394463668,7.43106517547243,75
"83",2019,10,7.09583333333333,24,7.60714285714286,6.38,5.95,5,7.18695652173913,14,10,4,1,23,3195,1947,1248,420,579,2616,7.43753427230047,7.80053415511042,6.87121955128205,6.77935714285714,7.47645941278066,7.42891896024465,76
"84",2019,11,6.83461538461538,26,7.5,6.34666666666667,5.125,5.5,7.235,11,15,4,6,20,3221,1958,1263,424,585,2636,7.4326674945669,7.79884576098059,6.86498970704672,6.76375,7.45618803418804,7.42744764795144,77
"85",2019,12,7.35344827586207,29,7.5125,7,6.8,8,7.27884615384615,20,9,5,3,26,3250,1978,1272,429,588,2662,7.43196061538462,7.79595045500505,6.86594496855346,6.76417249417249,7.45896258503402,7.425996243426,78
"86",2020,1,7.18593733333333,30,7.678906,6.2,5.66666666666667,7,7.19921857142857,20,10,3,2,28,3280,1998,1282,432,590,2690,7.42971040243902,7.79477883883884,6.8607503900156,6.75655092592593,7.45740677966102,7.42363573234201,79
"87",2020,2,6.71944444444444,36,7.04090909090909,6.21428571428571,6.3,6.16666666666667,6.83,22,14,5,6,30,3316,2020,1296,437,596,2720,7.42199943305187,7.78656837623762,6.85376697530864,6.75132723112128,7.44441275167785,7.41708827941176,80
"88",2020,3,7.23636363636364,22,7.58333333333333,6.82,6,8,7.16,12,10,3,2,20,3338,2032,1306,440,598,2740,7.42077594967046,7.78536816929134,6.85350842266463,6.74620454545455,7.44627090301004,7.41521172262774,81
"89",2020,4,6.52647058823529,17,7.41111111111111,5.53125,5.5,6,6.59666666666667,9,8,2,2,15,3355,2041,1314,442,600,2755,7.41624444709389,7.78371784419402,6.84545814307458,6.74056561085973,7.44145,7.41075503448276,82
"90",2020,5,6.7058064516129,31,7.12526315789474,6.04166666666667,5.5,7.64285714285714,6.4325,19,12,3,7,24,3386,2060,1326,445,607,2779,7.40974014176019,7.7776447184466,6.83818401206637,6.73220224719101,7.4437726523888,7.40230662828356,83
"91",2020,6,7.57764705882353,17,7.71692307692308,7.125,NA,10,7.42625,13,4,0,1,16,3403,2073,1330,445,608,2795,7.41057893623274,7.77726392667631,6.83904661654136,6.73220224719101,7.44797697368421,7.40244369230769,84
"92",2020,7,7.22380952380952,21,7.25,7.18888888888889,7.125,6.9,7.27777777777778,12,9,4,3,18,3424,2085,1339,449,611,2813,7.40943344626168,7.77422931414868,6.84139805825243,6.73570155902004,7.44528641571195,7.4016459722716,85
"93",2020,8,7.16666666666667,21,7.42857142857143,6.64285714285714,8,7.66,7.0125,14,7,1,5,16,3445,2099,1346,450,616,2829,7.40795359071118,7.77192383039542,6.84036552748886,6.73851111111111,7.44702922077922,7.39944507599859,86
"94",2020,9,7.42083333333333,24,7.50588235294118,7.21428571428571,7.66666666666667,7.58333333333333,7.36666666666667,17,7,3,6,18,3469,2116,1353,453,622,2847,7.40804269818392,7.76978644612476,6.84230007390983,6.74465783664459,7.44834405144695,7.39923783631893,87
"95",2020,10,6.36363636363636,11,7.14285714285714,5,5,6.5,6.33333333333333,7,4,2,2,9,3480,2123,1357,455,624,2856,7.4047414137931,7.76771932171455,6.83686956521739,6.73698901098901,7.44530448717949,7.39587889355742,88
"96",2020,11,6.68,25,6.77777777777778,6.625,7,6,6.73913043478261,9,16,3,2,23,3505,2132,1373,458,626,2879,7.39957207417974,7.76354039399625,6.8344005826657,6.73871179039301,7.44068690095847,7.39063220562695,89
"97",2020,12,7.04810810810811,37,7.51272727272727,6.36666666666667,5.875,6,7.211875,22,15,4,5,32,3542,2154,1388,462,631,2911,7.39590065499718,7.76097870009285,6.82934582132565,6.73123376623377,7.42927099841522,7.38866716592236,90
"98",2021,1,7.07413157894737,38,7.64085,6.44444444444444,7.25,7.82925,6.98529411764706,20,18,6,4,34,3580,2174,1406,468,635,2945,7.39248522905028,7.75987356025759,6.82441820768137,6.73788461538462,7.4317905511811,7.38401022750424,91
"99",2021,2,6.73333333333333,30,7.2,5.8,6.125,5.25,6.96153846153846,20,10,4,4,26,3610,2194,1416,472,639,2971,7.38700751246537,7.75476988149498,6.81718361581921,6.7326906779661,7.41813302034429,7.38031306630764,92
"100",2021,3,6.57428571428571,14,7.14857142857143,6,6.25,6.75,6.545,7,7,2,2,12,3624,2201,1423,474,641,2983,7.38386785871965,7.75284194457065,6.81316373858047,6.73065400843882,7.41604836193448,7.3769527723768,93
"101",2021,4,7.31703125,16,7.9965625,6.6375,7.25,7.70541666666667,7.084,8,8,2,6,10,3640,2209,1431,476,647,2993,7.38357407142857,7.75372459031236,6.81218169112509,6.73283613445378,7.41873183925812,7.375973979285,94
"102",2021,5,6.98518518518518,27,7.27692307692308,6.71428571428571,7,7.12,6.95454545454545,13,14,2,5,22,3667,2222,1445,478,652,3015,7.3806407472048,7.75093502250225,6.81123321799308,6.7339539748954,7.41644095092025,7.37289887893864,95
"103",2021,6,7,16,7.875,6.125,NA,6.16666666666667,7.19230769230769,8,8,0,3,13,3683,2230,1453,478,655,3028,7.37898713548737,7.75138009865471,6.80745492085341,6.7339539748954,7.41071679389313,7.37212355350066,96
"104",2021,7,7.75,10,7.75,7.75,NA,10,7.5,4,6,0,1,9,3693,2234,1459,478,656,3037,7.37999177362578,7.75137762757386,6.81133104866347,6.7339539748954,7.41466387195122,7.37250250905499,97
"105",2021,8,7.1125,16,7.25,6.975,6.9,8,6.98571428571429,8,8,2,2,14,3709,2242,1467,480,658,3051,7.37883785926125,7.74958859054415,6.81222358554874,6.73464583333333,7.41644300911854,7.37072766961652,98
"106",2021,9,7.16136363636364,22,7.78,6.64583333333333,6.60714285714286,6.45833333333333,7.425,10,12,7,6,16,3731,2252,1479,487,664,3067,7.37755551326722,7.74972363232682,6.81087356321839,6.73281314168378,7.40778539156627,7.37101079882621,99
"107",2021,10,6.79411764705882,17,6.78,6.81428571428571,5.875,5.85,6.92,10,7,4,2,15,3748,2262,1486,491,666,3082,7.37490918356457,7.74543661361627,6.81088963660835,6.72582484725051,7.40310735735736,7.36881574302401,100
"108",2021,11,6.08823529411765,17,6.6875,5.55555555555556,4,7.25,5.93333333333333,8,9,1,2,15,3765,2270,1495,492,668,3097,7.36909950066401,7.74170820264317,6.80333244147158,6.72028455284553,7.40264895209581,7.36186313206329,101
"109",2021,12,7.3208,25,7.50117647058824,6.9375,6.83333333333333,7.5,7.26421052631579,17,8,3,6,19,3790,2287,1503,495,674,3116,7.36878090237467,7.73992025360734,6.80404657351963,6.7209696969697,7.40351557863502,7.36126768934531,102
"110",2022,1,7.32564102564103,39,7.41363636363636,7.21176470588235,4,7.525,7.30285714285714,22,17,1,4,35,3829,2309,1520,496,678,3151,7.36834150430922,7.73681144218276,6.80860657894737,6.71548387096774,7.40423230088496,7.36061888924151,103
"111",2022,2,7.21363636363636,22,7.26923076923077,7.13333333333333,7.5,6,7.27142857142857,13,9,3,1,21,3851,2322,1529,499,679,3172,7.36745770449234,7.73419363479758,6.81051798561152,6.7202004008016,7.40216421207659,7.3600284110971,104
"112",2022,3,7.19565217391304,23,7.85,6.48181818181818,5,6.83333333333333,7.32352941176471,12,11,1,6,17,3874,2334,1540,500,685,3189,7.36643769230769,7.7347890402742,6.80817012987013,6.71676,7.39718175182482,7.35983384132957,105
"113",2022,4,6.325,20,6.83,5.82,7.05,6.25,6.33333333333333,10,10,4,2,18,3894,2344,1550,504,687,3207,7.36108875706215,7.73092901877133,6.80179483870968,6.71940476190476,7.39384206695779,7.35407237917056,106
"114",2022,5,7.46428571428571,14,8.21428571428571,6.71428571428571,7.16666666666667,7,7.5,7,7,3,1,13,3908,2351,1557,507,688,3220,7.3614584493347,7.73236819225861,6.80140141297367,6.72205128205128,7.39326962209303,7.35466152795031,107
"115",2022,6,6.41285714285714,21,6.96153846153846,5.52125,6.5,5,6.64833333333333,13,8,1,3,18,3929,2364,1565,508,691,3238,7.35638829727666,7.72812928087986,6.79485750798723,6.72161417322835,7.38287916063676,7.3507350586782,108
"116",2022,7,6.59090909090909,22,7.42307692307692,5.38888888888889,3,7.5,6.5,13,9,1,2,20,3951,2377,1574,509,693,3258,7.3521259478613,7.72646092553639,6.78681829733164,6.7143025540275,7.38321717171717,7.34551262124002,109
"117",2022,8,7.20833333333333,12,7.125,7.375,6,6.5,7.35,8,4,1,2,10,3963,2385,1578,510,695,3268,7.35169054251829,7.72444344654088,6.788309252218,6.71290196078431,7.38067553956835,7.34552635250918,110
"118",2022,9,7.45,16,7.91111111111111,6.85714285714286,6,7.7,7.43333333333333,9,7,1,1,15,3979,2394,1585,511,696,3283,7.35208585574265,7.72514520467836,6.78861324921136,6.71150684931507,7.38113433908046,7.34592754188242,111
"119",2022,10,6.94705882352941,17,7.2,6.58571428571429,NA,7.25,6.85384615384615,10,7,0,4,13,3996,2404,1592,511,700,3296,7.35036276776777,7.72296074043261,6.78772110552764,6.71150684931507,7.380385,7.3439866868932,112
"120",2022,11,6.84487192307692,26,7.56444466666667,5.86363636363636,6,6,6.998485,15,11,2,4,22,4022,2419,1603,513,704,3318,7.3470950497265,7.72197779661017,6.78137991266376,6.70873294346979,7.37254190340909,7.34169583785413,113
"121",2022,12,6.59090909090909,22,6.625,6.55,7,5.75,6.77777777777778,12,10,1,4,18,4044,2431,1613,514,708,3336,7.34298127843719,7.71656285067873,6.77994544327341,6.70929961089494,7.363375,7.33865311450839,114
