"","year","month","avg_rating","no_ratings","avg_rating_owned","avg_rating_not_owned","avg_rating_prev_owned","avg_rating_comment","avg_rating_no_comment","no_ratings_owned","no_ratings_not_owned","no_ratings_prev_owned","no_ratings_comment","no_ratings_no_comment","cum_no_ratings","cum_no_ratings_owned","cum_no_ratings_not_owned","cum_no_ratings_prev_owned","cum_no_ratings_comment","cum_no_ratings_no_comment","cum_avg_rating","cum_avg_rating_owned","cum_avg_rating_not_owned","cum_avg_rating_prev_owned","cum_avg_rating_comment","cum_avg_rating_no_comment","month_after_release"
"1",2008,10,6.09090909090909,22,6.96153846153846,4.83333333333333,6,6.33333333333333,6,13,9,2,6,16,22,13,9,2,6,16,6.09090909090909,6.96153846153846,4.83333333333333,6,6.33333333333333,6,0
"2",2008,11,6.36388888888889,36,6.92083333333333,5.25,7.16666666666667,5.68571428571429,6.79545454545455,24,12,3,14,22,58,37,21,5,20,38,6.26034482758621,6.93513513513514,5.07142857142857,6.7,5.88,6.46052631578947,1
"3",2008,12,6.45945945945946,37,7.13636363636364,5.46666666666667,6.5,6.32142857142857,6.54347826086957,22,15,3,14,23,95,59,36,8,34,61,6.33789473684211,7.01016949152542,5.23611111111111,6.625,6.06176470588235,6.49180327868852,2
"4",2009,1,6.11458333333333,48,6.58076923076923,5.56363636363636,6,6.04444444444444,6.15666666666667,26,22,1,18,30,143,85,58,9,52,91,6.26293706293706,6.87882352941177,5.36034482758621,6.55555555555556,6.05576923076923,6.38131868131868,3
"5",2009,2,6.06,25,6.61538461538461,5.45833333333333,5,5.25,6.6,13,12,2,10,15,168,98,70,11,62,106,6.2327380952381,6.84387755102041,5.37714285714286,6.27272727272727,5.9258064516129,6.4122641509434,4
"6",2009,3,6.35652173913043,23,6.84666666666667,5.4375,7,7.33333333333333,6.01176470588235,15,8,2,6,17,191,113,78,13,68,123,6.24764397905759,6.84424778761062,5.38333333333333,6.38461538461539,6.05,6.35691056910569,5
"7",2009,4,6.44166666666667,30,6.796875,6.03571428571429,6,6.685,6.32,16,14,2,10,20,221,129,92,15,78,143,6.27398190045249,6.83837209302326,5.48260869565217,6.33333333333333,6.13141025641026,6.35174825174825,6
"8",2009,5,6.11575,40,6.54761904761905,5.63842105263158,6,5.77777777777778,6.21387096774194,21,19,8,9,31,261,150,111,23,87,174,6.24973180076628,6.79766666666667,5.50927927927928,6.21739130434783,6.0948275862069,6.32718390804598,7
"9",2009,6,6.26,30,6.78666666666667,5.73333333333333,5.75,5.05555555555556,6.77619047619048,15,15,6,9,21,291,165,126,29,96,195,6.25079037800687,6.79666666666667,5.53595238095238,6.12068965517241,5.99739583333333,6.37553846153846,8
"10",2009,7,5.83823529411765,34,6.32,4.5,6,5.75,5.86538461538461,25,9,2,8,26,325,190,135,31,104,221,6.20763076923077,6.73394736842105,5.46688888888889,6.11290322580645,5.97836538461539,6.31552036199095,9
"11",2009,8,6,25,6.16666666666667,5.75,6.5,5.5,6.15789473684211,15,10,2,6,19,350,205,145,33,110,240,6.1928,6.69243902439024,5.48641379310345,6.13636363636364,5.95227272727273,6.30304166666667,10
"12",2009,9,6.24264705882353,34,6.65789473684211,5.71666666666667,5.25,5.41666666666667,6.54,19,15,3,9,25,384,224,160,36,119,265,6.19721354166667,6.68950892857143,5.508,6.0625,5.91176470588235,6.32539622641509,11
"13",2009,10,6.35185185185185,27,6.625,5.95454545454545,6.25,5.125,6.86842105263158,16,11,4,8,19,411,240,171,40,127,284,6.20737226277372,6.68520833333333,5.53672514619883,6.08125,5.86220472440945,6.36172535211268,12
"14",2009,11,6.36153846153846,26,7.2,4.77777777777778,6,5.35714285714286,6.73157894736842,17,9,2,7,19,437,257,180,42,134,303,6.21654462242563,6.71926070038911,5.49877777777778,6.07738095238095,5.83582089552239,6.38491749174918,13
"15",2009,12,6.11428571428571,35,6.875,5.1,5.2,5.3,6.44,20,15,5,10,25,472,277,195,47,144,328,6.20896186440678,6.73050541516246,5.46810256410256,5.98404255319149,5.79861111111111,6.38911585365854,14
"16",2010,1,6.45405405405405,37,6.56428571428571,6.11111111111111,6,6.4,6.47407407407407,28,9,2,10,27,509,305,204,49,154,355,6.22677799607073,6.71524590163934,5.49647058823529,5.98469387755102,5.83766233766234,6.39557746478873,15
"17",2010,2,6.54347826086957,23,6.66666666666667,6.1,6.75,5.5,6.76315789473684,18,5,2,4,19,532,323,209,51,158,374,6.24046992481203,6.7125386996904,5.51090909090909,6.01470588235294,5.82911392405063,6.4142513368984,16
"18",2010,3,5.95454545454545,33,6.25,5.5,4.33333333333333,5.625,6.06,20,13,3,8,25,565,343,222,54,166,399,6.22376991150443,6.68556851311953,5.51027027027027,5.9212962962963,5.81927710843374,6.39205513784461,17
"19",2010,4,6.5,19,6.65625,5.66666666666667,6,5.85714285714286,6.875,16,3,1,7,12,584,359,225,55,173,411,6.23275684931507,6.68426183844011,5.51235555555556,5.92272727272727,5.82080924855491,6.40615571776156,18
"20",2010,5,6.10384615384615,26,6.1375,6.05,6,5.57142857142857,6.3,16,10,3,7,19,610,375,235,58,180,430,6.22726229508197,6.66093333333333,5.53523404255319,5.92672413793103,5.81111111111111,6.40146511627907,19
"21",2010,6,6.21666666666667,18,6.49166666666667,5.66666666666667,4,6,6.27857142857143,12,6,2,4,14,628,387,241,60,184,444,6.22695859872612,6.65568475452196,5.53850622406639,5.8625,5.81521739130435,6.39759009009009,20
"22",2010,7,6.14285714285714,28,6.34615384615385,3.5,NA,6.05555555555556,6.18421052631579,26,2,0,9,19,656,413,243,60,193,463,6.22336890243903,6.6361985472155,5.52172839506173,5.8625,5.82642487046632,6.38883369330454,21
"23",2010,8,6.12962962962963,27,6.38235294117647,5.7,3,7.125,5.95652173913043,17,10,1,4,23,683,430,253,61,197,486,6.21966325036603,6.62616279069767,5.52877470355731,5.8155737704918,5.85279187817259,6.36837448559671,22
"24",2010,9,6.13235294117647,17,6.47727272727273,5.5,NA,6,6.140625,11,6,0,1,16,700,441,259,61,198,502,6.21754285714286,6.62244897959184,5.52810810810811,5.8155737704918,5.85353535353535,6.36111553784861,23
"25",2010,10,6.50909090909091,22,7.04615384615385,5.73333333333333,5.45,6.57777777777778,6.46153846153846,13,9,2,9,13,722,454,268,63,207,515,6.22642659279778,6.63458149779736,5.535,5.80396825396825,5.88502415458937,6.36365048543689,24
"26",2010,11,6.45833333333333,18,7.25,5.825,5,5.0625,6.85714285714286,8,10,1,4,14,740,462,278,64,211,529,6.23206756756757,6.64523809523809,5.54543165467626,5.79140625,5.86943127962085,6.37671077504726,25
"27",2010,12,6.4,33,6.67727272727273,5.84545454545455,6.25,5.8,6.50714285714286,22,11,2,5,28,773,484,289,66,216,557,6.23923673997413,6.64669421487603,5.55685121107266,5.80530303030303,5.86782407407407,6.38326750448833,26
"28",2011,1,6.3037037037037,27,6.65238095238095,5.08333333333333,7,5.33333333333333,6.58095238095238,21,6,1,6,21,800,505,295,67,222,578,6.2414125,6.64693069306931,5.54722033898305,5.82313432835821,5.85337837837838,6.39044982698962,27
"29",2011,2,6.31818181818182,33,6.72916666666667,5.22222222222222,5.33333333333333,6.375,6.31034482758621,24,9,3,4,29,833,529,304,70,226,607,6.2444537815126,6.65066162570888,5.53759868421053,5.80214285714286,5.86261061946903,6.38662273476112,28
"30",2011,3,6.08333333333333,18,6.42307692307692,5.2,5,6,6.09375,13,5,1,2,16,851,542,309,71,228,623,6.24104582843713,6.64520295202952,5.5321359223301,5.79084507042253,5.86381578947368,6.37910112359551,29
"31",2011,4,5.77307692307692,26,6.35,4.85,4.25,5.5,5.855,16,10,4,6,20,877,558,319,75,234,643,6.22717217787913,6.63673835125448,5.51075235109718,5.70866666666667,5.85448717948718,6.36279937791602,30
"32",2011,5,5.86,20,6.46923076923077,4.72857142857143,NA,6.06666666666667,5.77142857142857,13,7,0,6,14,897,571,326,75,240,657,6.21898550724638,6.63292469352014,5.49395705521472,5.70866666666667,5.85979166666667,6.35019786910198,31
"33",2011,6,6.04545454545455,22,6.21428571428571,5.75,5.33333333333333,6,6.05555555555556,14,8,3,4,18,919,585,334,78,244,675,6.21483133841132,6.62290598290598,5.50008982035928,5.69423076923077,5.86209016393443,6.34234074074074,32
"34",2011,7,5.485,20,6.05,4.16666666666667,2,4.125,5.825,14,6,1,4,16,939,599,340,79,248,691,6.19928647497338,6.60951585976628,5.47655882352941,5.64746835443038,5.83407258064516,6.33036179450072,33
"35",2011,8,5.85526315789474,19,7.29545454545455,3.875,3,4.83333333333333,6.32692307692308,11,8,1,6,13,958,610,348,80,254,704,6.19246346555324,6.62188524590164,5.43974137931034,5.614375,5.81043307086614,6.33029829545455,34
"36",2011,9,6.75757575757576,33,6.92608695652174,6.37,6.33333333333333,6.5,6.81481481481481,23,10,3,6,27,991,633,358,83,260,731,6.21128153380424,6.63293838862559,5.46572625698324,5.64036144578313,5.82634615384615,6.34819425444596,35
"37",2011,10,5.875,20,6.95833333333333,4.25,3.66666666666667,5.16666666666667,6.17857142857143,12,8,3,6,14,1011,645,366,86,266,745,6.20462908011869,6.63899224806202,5.43915300546448,5.57151162790698,5.81146616541353,6.3450067114094,36
"38",2011,11,5.52962962962963,27,6.48947368421053,3.25,7,4.75,5.75238095238095,19,8,1,6,21,1038,664,374,87,272,766,6.18707129094412,6.63471385542169,5.39232620320855,5.58793103448276,5.78805147058824,6.32875979112272,37
"39",2011,12,6.40625,16,6.78571428571429,6.11111111111111,5.16666666666667,6.125,6.5,7,9,3,4,12,1054,671,383,90,276,778,6.19039848197343,6.63628912071535,5.40921671018277,5.57388888888889,5.7929347826087,6.33140102827763,38
"40",2012,1,6.1,21,6.54,5,5,6.35714285714286,5.97142857142857,15,6,2,7,14,1075,686,389,92,283,792,6.18863255813954,6.63418367346939,5.40290488431877,5.56141304347826,5.80689045936396,6.32503787878788,39
"41",2012,2,6.15,29,6.55952380952381,5.075,6,5.375,6.4452380952381,21,8,3,8,21,1104,707,397,95,291,813,6.18761775362319,6.63196605374823,5.39629722921914,5.57526315789474,5.79501718213059,6.32814268142682,40
"42",2012,3,5.8095652173913,23,6.57466666666667,4.375,4,6.5,5.61777777777778,15,8,1,5,18,1127,722,405,96,296,831,6.17990239574091,6.6307756232687,5.37612345679012,5.55885416666667,5.80692567567568,6.31275571600481,41
"43",2012,4,6.002,25,6.69117647058824,4.5375,5.125,5.15,6.215,17,8,4,5,20,1152,739,413,100,301,851,6.17604166666667,6.6321650879567,5.3598789346247,5.5415,5.79601328903655,6.31045828437133,42
"44",2012,5,6.24444444444444,36,6.66538461538462,5.15,5,6.25,6.24285714285714,26,10,1,8,28,1188,765,423,101,309,879,6.17811447811448,6.63329411764706,5.35491725768321,5.53613861386139,5.80776699029126,6.30830489192264,43
"45",2012,6,5.76086956521739,23,6.07692307692308,5.35,5,6,5.725,13,10,2,3,20,1211,778,433,103,312,899,6.17018992568126,6.62399742930591,5.35480369515011,5.52572815533981,5.80961538461539,6.29532814238042,44
"46",2012,7,6.30125,24,6.33611111111111,6.19666666666667,NA,5.8,6.43315789473684,18,6,0,5,19,1235,796,439,103,317,918,6.17273684210526,6.61748743718593,5.36630979498861,5.52572815533981,5.80946372239748,6.29818082788671,45
"47",2012,8,5.45789473684211,19,6.20769230769231,3.83333333333333,4,6.16666666666667,5.325,13,6,1,3,16,1254,809,445,104,320,934,6.16190590111643,6.61090234857849,5.3456404494382,5.51105769230769,5.8128125,6.2815096359743,46
"48",2012,9,6.83333333333333,15,6.95833333333333,6.33333333333333,8,7.5,6.73076923076923,12,3,1,2,13,1269,821,448,105,322,947,6.16984239558708,6.61598051157126,5.35225446428571,5.53476190476191,5.82329192546584,6.28767687434002,47
"49",2012,10,6.22391304347826,23,6.425,5.5,4.5,5,6.4075,18,5,2,3,20,1292,839,453,107,325,967,6.17080495356037,6.6118831942789,5.35388520971302,5.51542056074766,5.81569230769231,6.29015511892451,48
"50",2012,11,5.79,30,6.44090909090909,4,2,5.19,6.09,22,8,1,10,20,1322,861,461,108,335,987,6.16216338880484,6.60751451800232,5.33039045553145,5.48287037037037,5.79701492537314,6.28609929078014,49
"51",2012,12,5.58,20,6.78571428571429,2.76666666666667,2.5,5.65,5.5625,14,6,2,4,16,1342,875,467,110,339,1003,6.15348733233979,6.61036571428571,5.29745182012848,5.42863636363636,5.7952802359882,6.27455633100698,50
"52",2013,1,6.30813953488372,43,6.42567567567568,5.58333333333333,5,6.5,6.27083333333333,37,6,1,7,36,1385,912,473,111,346,1039,6.15828880866426,6.60287280701754,5.30107822410148,5.42477477477478,5.80953757225434,6.27442733397498,51
"53",2013,2,6.41,30,6.43333333333333,6.38666666666667,6.7,6,6.45555555555556,15,15,4,3,27,1415,927,488,115,349,1066,6.16362544169611,6.60012944983819,5.33444672131147,5.46913043478261,5.81117478510029,6.27901500938086,52
"54",2013,3,6.33611111111111,36,6.69615384615385,5.4,5,5.58333333333333,6.48666666666667,26,10,2,6,30,1451,953,498,117,355,1096,6.16790489317712,6.60274921301154,5.33576305220883,5.46111111111111,5.80732394366197,6.28469890510949,53
"55",2013,4,5.87586206896552,29,6.395,4.72222222222222,5.375,5.88,5.875,20,9,4,5,24,1480,973,507,121,360,1120,6.16218243243243,6.5984789311408,5.32487179487179,5.45826446280992,5.80833333333333,6.27591964285714,54
"56",2013,5,6.0625,32,6.35,5.58333333333333,6.125,5.85714285714286,6.12,20,12,4,7,25,1512,993,519,125,367,1145,6.16007275132275,6.59347432024169,5.33084778420038,5.4796,5.80926430517711,6.2725152838428,55
"57",2013,6,6.225,20,6.65384615384615,5.42857142857143,5.5,6,6.23684210526316,13,7,4,1,19,1532,1006,526,129,368,1164,6.16092036553525,6.59425447316103,5.33214828897338,5.48023255813954,5.80978260869565,6.27193298969072,56
"58",2013,7,5.908,50,6.26111111111111,5,4,5.72727272727273,5.95897435897436,36,14,2,11,39,1582,1042,540,131,379,1203,6.15292667509482,6.58274472168906,5.32353703703704,5.45763358778626,5.80738786279684,6.26178719866999,57
"59",2013,8,6.04285714285714,42,6.68275862068965,4.61538461538461,4.6,5.5,6.19090909090909,29,13,5,9,33,1624,1071,553,136,388,1236,6.15008004926108,6.58545284780579,5.30688969258589,5.42610294117647,5.80025773195876,6.25989482200647,58
"60",2013,9,5.92051282051282,39,6.15,5.15555555555556,4.75,6.25,5.88285714285714,30,9,2,4,35,1663,1101,562,138,392,1271,6.14469633193024,6.5735876475931,5.30446619217082,5.41630434782609,5.80484693877551,6.24951219512195,59
"61",2013,10,5.79473684210526,38,6.308,4.80769230769231,5.125,4.92222222222222,6.06551724137931,25,13,4,9,29,1701,1126,575,142,401,1300,6.13687830687831,6.56769094138543,5.2932347826087,5.4080985915493,5.78503740648379,6.24540769230769,60
"62",2013,11,6.25,34,6.78,4.77777777777778,4.25,6.57142857142857,6.16666666666667,25,9,4,7,27,1735,1151,584,146,408,1327,6.13909510086455,6.57230234578627,5.28529109589041,5.3763698630137,5.79852941176471,6.24380557648832,61
"63",2013,12,6.125,40,6.47826086956522,5.64705882352941,6,5.2,6.25714285714286,23,17,7,5,35,1775,1174,601,153,413,1362,6.13877746478873,6.57045996592845,5.29552412645591,5.40490196078431,5.79128329297821,6.2441483113069,62
"64",2014,1,5.98076923076923,52,6.54166666666667,4.71875,6.5,4.72222222222222,6.24418604651163,36,16,2,9,43,1827,1210,617,155,422,1405,6.13428024083196,6.56960330578512,5.28056726094003,5.41903225806452,5.76848341232228,6.24414946619217,63
"65",2014,2,6.01363636363636,44,6.51666666666667,4.93571428571429,5.42,6.1,6.0025641025641,30,14,5,5,39,1871,1240,631,160,427,1444,6.13144307856761,6.56832258064516,5.27291600633914,5.4190625,5.77236533957846,6.23762465373961,64
"66",2014,3,6.15384615384615,39,6.84615384615385,4.76923076923077,6.25,5.21428571428571,6.359375,26,13,4,7,32,1910,1266,644,164,434,1476,6.13190052356021,6.57402843601896,5.26274844720497,5.43932926829268,5.76336405529954,6.24026422764228,65
"67",2014,4,6.005,40,6.54444444444444,4.88461538461539,5.125,5.5,6.09411764705882,27,13,4,6,34,1950,1293,657,168,440,1510,6.12929743589744,6.57341067285383,5.25526636225266,5.43184523809524,5.75977272727273,6.23697350993378,66
"68",2014,5,6.5,27,6.44736842105263,6.625,NA,7.83333333333333,6.33333333333333,19,8,0,3,24,1977,1312,665,168,443,1534,6.13436014162873,6.57158536585366,5.27174436090225,5.43184523809524,5.77381489841987,6.23848109517601,67
"69",2014,6,6.24807692307692,26,6.871875,5.25,5.75,4.66666666666667,6.45434782608696,16,10,4,3,23,2003,1328,675,172,446,1557,6.13583624563155,6.57520331325301,5.27142222222222,5.43924418604651,5.76636771300449,6.24166987797046,68
"70",2014,7,6.46052631578947,38,7,5.53571428571429,5.125,4.7,6.72727272727273,24,14,4,5,33,2041,1352,689,176,451,1590,6.14188143067124,6.58274408284024,5.27679245283019,5.43210227272727,5.75454545454546,6.25174842767296,69
"71",2014,8,6.288,45,6.69575757575758,5.16666666666667,5.66666666666667,7.5,6.26045454545455,33,12,3,1,44,2086,1385,701,179,452,1634,6.14503355704698,6.58543682310469,5.27490727532097,5.43603351955308,5.75840707964602,6.25198286413709,70
"72",2014,9,5.99342105263158,38,6.37,5.26923076923077,6.5,5,6.07857142857143,25,13,3,3,35,2124,1410,714,182,455,1669,6.14232109227872,6.5816170212766,5.27480392156863,5.45357142857143,5.75340659340659,6.24834631515878,71
"73",2014,10,5.8125,32,6,5.33333333333333,6,5.4,5.88888888888889,23,9,2,5,27,2156,1433,723,184,460,1696,6.13742578849722,6.57228192602931,5.27553250345781,5.45951086956522,5.74956521739131,6.24262382075472,72
"74",2014,11,6.2027027027027,37,6.53333333333333,4.78571428571429,4.83333333333333,5.16666666666667,6.40322580645161,30,7,3,6,31,2193,1463,730,187,466,1727,6.13852713178295,6.57148325358852,5.27083561643836,5.44946524064171,5.74206008583691,6.24550665894615,73
"75",2014,12,5.93243243243243,37,6.23214285714286,5,5.33333333333333,5.85714285714286,5.95,28,9,3,7,30,2230,1491,739,190,473,1757,6.13510762331838,6.5651106639839,5.26753721244926,5.44763157894737,5.74376321353066,6.2404610130905,74
"76",2015,1,6.19134615384615,52,6.475,5.553125,5.3875,5.54285714285714,6.29222222222222,36,16,8,7,45,2282,1527,755,198,480,1802,6.13638913234005,6.5629862475442,5.27358940397351,5.44520202020202,5.74083333333334,6.24175360710322,75
"77",2015,2,5.73333333333333,42,6.41,4.04166666666667,5.3,4.5,5.86315789473684,30,12,5,4,38,2324,1557,767,203,484,1840,6.12910499139415,6.56003853564547,5.25431551499348,5.44162561576355,5.7305785123967,6.2339347826087,76
"78",2015,3,5.68181818181818,44,6,4.92307692307692,4.33333333333333,5.78571428571429,5.66216216216216,31,13,3,7,37,2368,1588,780,206,491,1877,6.12079391891892,6.54910579345088,5.24879487179487,5.42548543689321,5.73136456211813,6.22266382525306,77
"79",2015,4,5.80714285714286,42,6.02727272727273,5,4.75,5.66,5.82702702702703,33,9,2,5,37,2410,1621,789,208,496,1914,6.11532780082988,6.53848241826033,5.24595690747782,5.41899038461539,5.73064516129032,6.21501567398119,78
"80",2015,5,6.35,40,6.59090909090909,5.21428571428571,5.75,6.33333333333333,6.35294117647059,33,7,4,6,34,2450,1654,796,212,502,1948,6.11915918367347,6.53952841596131,5.2456783919598,5.42523584905661,5.73784860557769,6.21742299794661,79
"81",2015,6,6.12142857142857,35,6.35,5.55,5,5.625,6.18548387096774,25,10,1,4,31,2485,1679,806,213,506,1979,6.11919114688129,6.53670637284098,5.2494540942928,5.42323943661972,5.73695652173913,6.21692268822638,80
"82",2015,7,5.93068181818182,44,6.18235294117647,5.075,4.33333333333333,6.5,5.84078947368421,34,10,3,6,38,2529,1713,816,216,512,2017,6.11591142744168,6.52967308814945,5.24731617647059,5.40810185185185,5.7458984375,6.20983639067923,81
"83",2015,8,5.85,50,5.95945945945946,5.53846153846154,4.33333333333333,4.4,6.01111111111111,37,13,3,5,45,2579,1750,829,219,517,2062,6.11075610701822,6.51761714285714,5.25188178528347,5.39337899543379,5.73288201160542,6.20549951503395,82
"84",2015,9,5.70512820512821,39,6.36206896551724,3.8,4,5.4375,5.7741935483871,29,10,2,8,31,2618,1779,839,221,525,2093,6.10471352177234,6.51508150646431,5.2345768772348,5.38076923076923,5.72838095238095,6.19911132345915,83
"85",2015,10,6.01086956521739,46,6.31666666666667,5.4375,5.25,5,6.22368421052632,30,16,4,8,38,2664,1809,855,225,533,2131,6.10309309309309,6.51179104477612,5.23837426900585,5.37844444444445,5.71744840525329,6.19954950727358,84
"86",2015,11,5.77176470588235,51,6.30470588235294,4.70588235294118,4.75,6.08333333333333,5.73022222222222,34,17,4,6,45,2715,1843,872,229,539,2176,6.09686924493554,6.50797069994574,5.22799311926606,5.3674672489083,5.72152133580705,6.18984375,85
"87",2015,12,5.6325,40,5.91379310344828,4.89090909090909,5.2,5.6,5.63714285714286,29,11,4,5,35,2755,1872,883,233,544,2211,6.09012704174229,6.49876602564103,5.22379388448471,5.36459227467811,5.72040441176471,6.18109452736318,86
"88",2016,1,6.09239130434783,46,6.36428571428571,5.22727272727273,3.75,5.33333333333333,6.1453488372093,35,11,4,3,43,2801,1907,894,237,547,2254,6.09016422706176,6.49629785002622,5.22383668903803,5.3373417721519,5.718281535649,6.18041259982254,87
"89",2016,2,6.1125,36,6.31153846153846,5.595,5.66666666666667,6.6,6.03387096774194,26,10,3,5,31,2837,1933,904,240,552,2285,6.09044765597462,6.49381272633213,5.22794247787611,5.34145833333334,5.72626811594203,6.17842450765864,88
"90",2016,3,5.85609756097561,41,6.29354838709677,4.5,3.625,3.66666666666667,6.02894736842105,31,10,4,3,38,2878,1964,914,244,555,2323,6.08710910354413,6.4906517311609,5.21997811816193,5.31331967213115,5.71513513513514,6.17597933706414,89
"91",2016,4,6.10810810810811,37,6.64285714285714,4.44444444444444,4,6.5,6.03225806451613,28,9,3,6,31,2915,1992,923,247,561,2354,6.0873756432247,6.49279116465864,5.21241603466956,5.29736842105263,5.72352941176471,6.17408666100255,90
"92",2016,5,6.37179487179487,39,6.81034482758621,5.1,4.25,6.16666666666667,6.40909090909091,29,10,4,6,33,2954,2021,933,251,567,2387,6.09113067027759,6.4973478476002,5.21121114683816,5.28067729083666,5.72821869488536,6.17733556765815,91
"93",2016,6,5.7972972972973,37,5.94642857142857,5.33333333333333,6,5.2,5.890625,28,9,1,5,32,2991,2049,942,252,572,2419,6.08749582079572,6.48981942410932,5.21237791932059,5.28353174603175,5.7236013986014,6.17354278627532,92
"94",2016,7,5.375,36,5.97916666666667,4.16666666666667,3.5,5.16666666666667,5.41666666666667,24,12,4,6,30,3027,2073,954,256,578,2449,6.0790221341262,6.48390738060782,5.19922431865828,5.2556640625,5.71782006920415,6.16427113107391,93
"95",2016,8,6.39772727272727,44,6.62962962962963,6.02941176470588,6.08333333333333,6.25,6.4125,27,17,6,4,40,3071,2100,971,262,582,2489,6.08358840768479,6.48578095238095,5.21375901132853,5.27461832061069,5.72147766323024,6.16826034552029,94
"96",2016,9,6.24571428571429,35,6.68,5.16,6,6.16666666666667,6.253125,25,10,1,3,32,3106,2125,981,263,585,2521,6.08541532517707,6.48806588235294,5.21321100917431,5.27737642585552,5.72376068376069,6.16933756445855,95
"97",2016,10,6.28648648648649,37,6.58666666666667,5,5.33333333333333,5.77777777777778,6.45,30,7,3,9,28,3143,2155,988,266,594,2549,6.08778237352847,6.48943851508121,5.2117004048583,5.27800751879699,5.72457912457913,6.17242055708121,96
"98",2016,11,6.01315789473684,38,6.53571428571429,4.55,4.33333333333333,6.8125,5.8,28,10,3,8,30,3181,2183,998,269,602,2579,6.08689091480666,6.49003206596427,5.20507014028056,5.26747211895911,5.7390365448505,6.16808840635906,97
"99",2016,12,6.09,40,6.415625,4.7875,NA,7,6.01621621621622,32,8,0,3,37,3221,2215,1006,269,605,2616,6.08692952499224,6.48895711060948,5.20174950298211,5.26747211895911,5.74528925619835,6.16594036697248,98
"100",2017,1,5.92040816326531,49,6.22727272727273,5.2875,6,5.85714285714286,5.93095238095238,33,16,3,7,42,3270,2248,1022,272,612,2658,6.08443425076452,6.48511565836299,5.20309197651664,5.27555147058824,5.74656862745098,6.16222723852521,99
"101",2017,2,5.72209302325581,43,6.23448275862069,4.66071428571429,5.75,4,5.94868421052632,29,14,9,5,38,3313,2277,1036,281,617,2696,6.07973136130395,6.48192358366271,5.19576254826255,5.29074733096086,5.732414910859,6.15921735905045,100
"102",2017,3,6.52439024390244,41,6.67241379310345,6.16666666666667,6.66666666666667,6.81818181818182,6.41666666666667,29,12,3,11,30,3354,2306,1048,284,628,2726,6.08516696481812,6.48431916738942,5.20687977099237,5.30528169014085,5.75143312101911,6.16205062362436,101
"103",2017,4,6.05138888888889,36,6.47592592592593,4.77777777777778,5,5.75,6.1,27,9,3,5,31,3390,2333,1057,287,633,2757,6.08480825958702,6.48422203171882,5.20322611163671,5.3020905923345,5.75142180094787,6.16135291984041,102
"104",2017,5,5.66176470588235,34,6.10416666666667,4.6,NA,5.66666666666667,5.66071428571429,24,10,0,6,28,3424,2357,1067,287,639,2785,6.08060747663551,6.48035214255409,5.19757263355202,5.3020905923345,5.75062597809077,6.15631956912029,103
"105",2017,6,6.32285714285714,35,6.61785714285714,5.14285714285714,5.66666666666667,5.33333333333333,6.415625,28,7,3,3,32,3459,2385,1074,290,642,2817,6.08305868748193,6.48196645702306,5.19721601489758,5.30586206896552,5.74867601246106,6.15926517571885,104
"106",2017,7,6.03939393939394,33,6.072,5.9375,4,5.5,6.11379310344828,25,8,1,4,29,3492,2410,1082,291,646,2846,6.08264604810996,6.47771369294606,5.20268946395564,5.30137457044674,5.74713622291022,6.15880182712579,105
"107",2017,8,5.86851851851852,27,6.4475,4.21428571428571,5.5,4.625,6.08478260869565,20,7,1,4,23,3519,2430,1089,292,650,2869,6.08100312588803,6.47746502057613,5.19633608815427,5.30205479452055,5.74023076923077,6.15820843499477,106
"108",2017,9,6.47297297297297,37,6.75862068965517,5.4375,NA,6.5,6.46969696969697,29,8,0,4,33,3556,2459,1097,292,654,2902,6.08508155230596,6.48078080520537,5.19809480401094,5.30205479452055,5.74487767584098,6.16175051688491,107
"109",2017,10,5.97826086956522,23,5.92105263157895,6.25,NA,6.5,5.9,19,4,0,3,20,3579,2478,1101,292,657,2922,6.08439508242525,6.47648910411622,5.20191643960036,5.30205479452055,5.74832572298326,6.15995893223819,108
"110",2017,11,6.04884615384615,39,6.32241379310345,5.2555,5.511,5.25,6.19409090909091,29,10,5,6,33,3618,2507,1111,297,663,2955,6.08401188501934,6.47470682090148,5.20239873987399,5.30557239057239,5.74381598793364,6.16034010152284,109
"111",2017,12,6.24807692307692,52,6.63513513513514,5.29333333333333,5.5,6.875,6.13409090909091,37,15,4,8,44,3670,2544,1126,301,671,2999,6.08633651226158,6.47704009433962,5.20361012433393,5.3081561461794,5.75730253353204,6.159954984995,110
"112",2018,1,6.40175438596491,57,6.825,4.96923076923077,5.3,6.92857142857143,6.328,44,13,2,7,50,3727,2588,1139,303,678,3049,6.09116045076469,6.48295595054096,5.20093503072871,5.30810231023102,5.76939528023599,6.16271072482781,111
"113",2018,2,5.69047619047619,21,6.35,5.09090909090909,5.8,5,5.85294117647059,10,11,5,4,17,3748,2598,1150,308,682,3066,6.08891542155816,6.4824441878368,5.19988260869565,5.31608766233766,5.76488269794722,6.16099315068493,112
"114",2018,3,5.49117647058824,34,6.48636363636364,3.66666666666667,4,4.75,5.59,22,12,3,4,30,3782,2620,1162,311,686,3096,6.08354177683765,6.48247709923664,5.18404905335628,5.3033922829582,5.75896501457726,6.15546027131783,113
"115",2018,4,6.30357142857143,28,6.58,4,5,5,6.46,25,3,1,3,25,3810,2645,1165,312,689,3121,6.08515879265092,6.4833988657845,5.181,5.30241987179487,5.75566037735849,6.15789971163089,114
"116",2018,5,5.745,20,6.34705882352941,2.33333333333333,5,5,5.82777777777778,17,3,2,2,18,3830,2662,1168,314,691,3139,6.08338250652741,6.48252817430503,5.17368578767123,5.30049363057325,5.75347322720695,6.15600669002867,115
"117",2018,6,6.04545454545455,11,6.71428571428571,4.875,5.25,8,5.85,7,4,2,1,10,3841,2669,1172,316,692,3149,6.08327388700859,6.48313600599475,5.17266638225256,5.30017405063291,5.75671965317919,6.15503493172436,116
"118",2018,7,5.86206896551724,29,6.42857142857143,4.375,6,4.33333333333333,6.03846153846154,21,8,2,3,26,3870,2690,1180,318,695,3175,6.08161627906976,6.48271003717472,5.16725847457627,5.30457547169812,5.75057553956835,6.15408031496063,117
"119",2018,8,5.89705882352941,34,6.40384615384615,4.25,4,2,6.01515151515152,26,8,3,1,33,3904,2716,1188,321,696,3208,6.08000896516393,6.48195508100147,5.16108164983165,5.2923831775701,5.7451867816092,6.15265118453866,118
"120",2018,9,5.85444444444444,27,5.94444444444444,5.67444444444444,5.02333333333333,NA,5.85444444444444,18,9,3,0,27,3931,2734,1197,324,696,3235,6.07845967947087,6.47841623994148,5.16494152046784,5.28989197530864,5.7451867816092,6.15016228748068,119
"121",2018,10,5.90837615384615,39,6.34333346153846,5.03846153846154,5.66666666666667,7,5.8174075,26,13,6,3,36,3970,2760,1210,330,699,3271,6.07678883375315,6.47714372101449,5.1635826446281,5.29674242424243,5.75057224606581,6.14650005197188,120
"122",2018,11,5.559375,32,6.20526315789474,4.61538461538461,4.66666666666667,6,5.51379310344828,19,13,3,3,29,4002,2779,1223,333,702,3300,6.07265159170415,6.47528487585462,5.15775551921505,5.29106606606607,5.75163817663818,6.1409399,121
"123",2018,12,6.00714285714286,28,6.21,5.5,5.5,6.5,5.96923076923077,20,8,4,2,26,4030,2799,1231,337,704,3326,6.07219644416873,6.47338930689532,5.15997969130788,5.29354599406528,5.75376420454546,6.13959761575466,122
"124",2019,1,5.80675675675676,37,6.14259259259259,4.9,6,3.87142857142857,6.25833333333333,27,10,2,7,30,4067,2826,1241,339,711,3356,6.06978157610032,6.47022882873319,5.1578847703465,5.29771386430679,5.73523206751055,6.14065901966627,123
"125",2019,2,6.018,25,6.30588235294118,5.40625,7,5.75,6.10263157894737,17,8,3,6,19,4092,2843,1249,342,717,3375,6.06946521749755,6.46924610270841,5.15947558046437,5.31264619883041,5.73535564853557,6.14044493925926,124
"126",2019,3,5.931,20,6.46833333333333,5.125,5.66666666666667,6.5,5.86777777777778,12,8,3,2,18,4112,2855,1257,345,719,3393,6.06879174854085,6.46924226619965,5.15925616547335,5.31572463768116,5.7374826147427,6.13899842911878,125
"127",2019,4,6.37619047619048,21,6.49444444444444,5.66666666666667,5.5,6.98,6.1875,18,3,2,5,16,4133,2873,1260,347,724,3409,6.07035365835954,6.46940016359206,5.16046428571429,5.31678674351585,5.7460635359116,6.13922606922852,126
"128",2019,5,5.50555555555556,18,6.71,4,3,7,5.41764705882353,10,8,2,1,17,4151,2883,1268,349,725,3426,6.06790452180197,6.47023471037114,5.1531427444795,5.3035100286533,5.74779310344828,6.13564555458261,127
"129",2019,6,6.30555555555556,18,6.25,6.41666666666667,4.75,6,6.32352941176471,12,6,2,1,17,4169,2895,1274,351,726,3443,6.06893059966419,6.46932182037996,5.15909340659341,5.30035612535613,5.74814049586777,6.13657324135928,128
"130",2019,7,6.19393939393939,33,6.29166666666667,5.93333333333333,6.08,5.8,6.26428571428571,24,9,5,5,28,4202,2919,1283,356,731,3471,6.06991234412184,6.46786114080164,5.16452455183165,5.31130617977528,5.74849521203831,6.13760347738404,129
"131",2019,8,5.88,25,6.11764705882353,5.375,4.66666666666667,5.5,5.95238095238095,17,8,3,4,21,4227,2936,1291,359,735,3492,6.06878913413768,6.46583333446866,5.16582881487219,5.30591922005571,5.74714285714286,6.13648959621993,130
"132",2019,9,5.84444444444444,18,6.24615384615385,4.8,6.5,3.75,6.44285714285714,13,5,2,4,14,4245,2949,1296,361,739,3506,6.06783784923439,6.46486492709393,5.16441743827161,5.31253462603878,5.73633288227334,6.13771296919567,131
"133",2019,10,6.08055555555556,36,6.36666666666667,5.22222222222222,4.83333333333333,6.33333333333333,6.05757575757576,27,9,6,3,33,4281,2976,1305,367,742,3539,6.0679447956085,6.46397401545699,5.16481609195403,5.30470027247957,5.73874663072777,6.13696571630404,132
"134",2019,11,6.22962962962963,27,6.6047619047619,4.91666666666667,7,6.56,6.15454545454545,21,6,1,5,22,4308,2997,1311,368,747,3561,6.06895814066852,6.46496051718385,5.16368039664379,5.30930706521739,5.74424364123159,6.13707432462792,133
"135",2019,12,6.34782608695652,23,6.71052631578947,4.625,3,6.66666666666667,6.3,19,4,1,3,20,4331,3016,1315,369,750,3581,6.07043908335257,6.46650751657825,5.16204182509506,5.30304878048781,5.74793333333334,6.13798426975706,134
"136",2020,1,5.96307692307692,52,6.70228571428571,4.44117647058824,3,6.16666666666667,5.93652173913044,35,17,5,6,46,4383,3051,1332,374,756,3627,6.06916533652749,6.46921228121927,5.15284159159159,5.27225935828877,5.75125661375662,6.13542918941274,135
"137",2020,2,6.41034090909091,22,6.58985294117647,5.8,6,6.5,6.39041666666667,17,5,2,4,18,4405,3068,1337,376,760,3645,6.07086927809308,6.46988075945241,5.15526178010471,5.27613031914894,5.75519736842105,6.13668838683128,136
"138",2020,3,6.08791666666667,24,6.5321052631579,4.4,5,5.5,6.14136363636364,19,5,1,2,22,4429,3087,1342,377,762,3667,6.07096165500113,6.4702637414966,5.1524478390462,5.27539787798409,5.75452755905512,6.13671643577857,137
"139",2020,4,6.14210526315789,19,6.54666666666667,4.625,2,7,6.04117647058824,15,4,1,2,17,4448,3102,1346,378,764,3684,6.07126555080935,6.47063319471309,5.15088038632987,5.26673280423281,5.75778795811518,6.13627556188926,138
"140",2020,5,6.55,20,6.70588235294118,5.66666666666667,6,5.5,6.66666666666667,17,3,2,2,18,4468,3119,1349,380,766,3702,6.07340849820949,6.47191541199102,5.15202742772424,5.27059210526316,5.75711488250653,6.13885444894652,139
"141",2020,6,5.76748352941176,34,6.1637776,4.66666666666667,4.75,4.29166666666667,6.08373,25,9,4,6,28,4502,3144,1358,384,772,3730,6.07109809195913,6.469465206743,5.14881075110457,5.26516927083334,5.74572538860104,6.13844064611261,140
"142",2020,7,6.91818181818182,22,6.91,7,NA,6.8,6.95294117647059,20,2,0,5,17,4524,3164,1360,384,777,3747,6.0752174204244,6.47224987673831,5.1515330882353,5.26516927083334,5.75250965250965,6.14213600480385,141
"143",2020,8,5.84615384615385,26,6.09523809523809,4.8,5,4,5.92,21,5,2,1,25,4550,3185,1365,386,778,3772,6.07390848571429,6.46976408477237,5.15024542124542,5.26379533678757,5.75025706940874,6.14066373541888,142
"144",2020,9,5.56666666666667,21,6.62727272727273,4.4,5.5,6.25,5.49473684210526,11,10,1,2,19,4571,3196,1375,387,780,3791,6.07157812513673,6.47030619837297,5.14478909090909,5.26440568475452,5.75153846153846,6.13742643365867,143
"145",2020,10,6.00345666666667,27,6.29015857142857,5,4,4,6.1637332,21,6,3,2,25,4598,3217,1381,390,782,3816,6.07117810787299,6.46913022691949,5.14416002896452,5.25467948717949,5.74705882352941,6.137598778826,144
"146",2020,11,5.90740740740741,27,6.23529411764706,5.35,6.125,6.5,5.86,17,10,4,2,25,4625,3234,1391,394,784,3841,6.07022204108108,6.46790103277675,5.14563982746226,5.2635152284264,5.74897959183674,6.13579196563396,145
"147",2020,12,5.7630303030303,33,5.92608695652174,5.388,4,4,5.818125,23,10,1,1,32,4658,3257,1401,395,785,3873,6.0680457148991,6.46407489714461,5.14736973590293,5.2603164556962,5.74675159235669,6.13316729666925,146
"148",2021,1,5.55588235294118,34,6.18148148148148,3.14285714285714,3.5,3.5,5.75483870967742,27,7,4,3,31,4692,3284,1408,399,788,3904,6.06433438618926,6.4617515042631,5.13740411931818,5.24266917293233,5.73819796954315,6.13016315061476,147
"149",2021,2,6.26666666666667,15,6.40909090909091,5.875,7,7,6.21428571428571,11,4,1,1,14,4707,3295,1412,400,789,3918,6.06497916719779,6.46157570257967,5.13949362606233,5.2470625,5.73979721166033,6.13046374170496,148
"150",2021,3,5.94444444444444,18,5.85714285714286,6.25,6.5,7,5.88235294117647,14,4,2,1,17,4725,3309,1416,402,790,3935,6.06451998730159,6.45901841644001,5.14263064971752,5.2532960199005,5.74139240506329,6.12939185260483,149
"151",2021,4,6.02777777777778,18,6.60714285714286,4,NA,5,6.23333333333333,14,4,0,3,15,4743,3323,1420,402,793,3950,6.06438054817626,6.45964247366837,5.13941197183099,5.2532960199005,5.73858764186633,6.12978656708861,150
"152",2021,5,5.65789473684211,19,5.90625,4.33333333333333,5.5,6.66666666666667,5.46875,16,3,2,3,16,4762,3339,1423,404,796,3966,6.06275870222596,6.45699069781372,5.13771257905833,5.25451732673268,5.74208542713568,6.12711975289965,151
"153",2021,6,7.23529411764706,17,7.76923076923077,5.5,NA,7.25,7.23076923076923,13,4,0,4,13,4779,3352,1427,404,800,3979,6.06692967984934,6.46207993436754,5.13872810091101,5.25451732673268,5.749625,6.13072554410657,152
"154",2021,7,5.79375,16,6.35555555555556,5.07142857142857,4.75,5.5,5.83571428571429,9,7,2,2,14,4795,3361,1434,406,802,3993,6.06601813138686,6.46179468610533,5.13839958158996,5.25203201970444,5.74900249376559,6.12969119459054,153
"155",2021,8,5.67647058823529,17,6.9375,4.55555555555556,6,5.66666666666667,5.67857142857143,8,9,1,3,14,4812,3369,1443,407,805,4007,6.06464192435578,6.4629242920748,5.13476437976438,5.25386977886978,5.74869565217392,6.12811503369105,154
"156",2021,9,6.49761904761905,21,7.153125,4.4,5.66666666666667,6.25,6.55588235294118,16,5,3,4,17,4833,3385,1448,410,809,4024,6.06652326505276,6.46618668833087,5.13222720994475,5.25689024390244,5.75117428924598,6.12992220178927,155
"157",2021,10,6.14090909090909,22,6.25,5.95,6.2,6.53333333333333,6.07894736842105,14,8,3,3,19,4855,3399,1456,413,812,4043,6.06686033779609,6.4652962459547,5.13672046703297,5.26374092009685,5.75406403940887,6.1296826465496,156
"158",2021,11,5.52777777777778,18,5.78571428571429,4.625,2.5,6,5.46875,14,4,1,2,16,4873,3413,1460,414,814,4059,6.06486906217936,6.46250862584237,5.13531849315069,5.25706521739131,5.75466830466831,6.12707734417345,157
"159",2021,12,6.03409090909091,22,6.296875,5.33333333333333,8,4,6.13095238095238,16,6,1,1,21,4895,3429,1466,415,815,4080,6.06473073340143,6.46173576552931,5.13612892223738,5.26367469879518,5.75251533742332,6.12709728921569,158
"160",2022,1,6.3212,45,6.43382352941176,5.97309090909091,4,5.85,6.3801,34,11,2,5,40,4940,3463,1477,417,820,4120,6.06706699190284,6.46146172105111,5.14236222071767,5.2576139088729,5.75310975609756,6.1295536262136,159
"161",2022,2,6.85,14,7.42857142857143,6.27142857142857,6.25,7.5,6.74166666666667,7,7,2,2,12,4954,3470,1484,419,822,4132,6.06927955995156,6.46341266282421,5.14768800539084,5.2623508353222,5.7573600973236,6.13133130203292,160
"162",2022,3,6.10384615384615,26,6.30454545454545,5,NA,5.3,6.25,22,4,0,4,22,4980,3492,1488,419,826,4154,6.06946002811245,6.46241178121421,5.14729099462366,5.2623508353222,5.75514527845037,6.13195978334136,161
"163",2022,4,6.15625,16,6.19230769230769,6,NA,5.83333333333333,6.23076923076923,13,3,0,3,13,4996,3505,1491,419,829,4167,6.06973797838271,6.46140996861627,5.14900670690812,5.2623508353222,5.75542822677925,6.13226804415647,162
"164",2022,5,6.43333333333333,24,6.71666666666667,5.58333333333333,4.5,2,6.62608695652174,18,6,2,1,23,5020,3523,1497,421,830,4190,6.07147628286853,6.46271414703378,5.15074749498998,5.25872921615202,5.75090361445783,6.13497874463008,163
"165",2022,6,6.27391304347826,23,6.14,7.16666666666667,NA,6,6.28636363636364,20,3,0,1,22,5043,3543,1500,421,831,4212,6.07239955185406,6.46089244707875,5.15477933333334,5.25872921615202,5.75120336943442,6.13576945394113,164
"166",2022,7,5.78333333333333,24,6.065,4.375,2.5,5.5,5.80909090909091,20,4,2,2,22,5067,3563,1504,423,833,4234,6.071030380896,6.45867020488353,5.15270545212766,5.24568557919622,5.75060024009604,6.13407202172887,165
"167",2022,8,6.16129032258065,31,6.4,5.72727272727273,NA,6.4,6.11538461538461,20,11,0,5,26,5098,3583,1515,423,838,4260,6.07157923499412,6.4583427128105,5.15687722772278,5.24568557919622,5.75447494033413,6.13395796713616,166
"168",2022,9,6.25,20,7,4.85714285714286,NA,6,6.29411764705882,13,7,0,3,17,5118,3596,1522,423,841,4277,6.07227646346229,6.46030087319244,5.15549868593956,5.24568557919622,5.75535077288942,6.13459456160861,167
"169",2022,10,6.185625,16,6.45923076923077,5,NA,6.33333333333333,6.15153846153846,13,3,0,3,13,5134,3609,1525,423,844,4290,6.07262971172575,6.4602970185647,5.15519278688525,5.24568557919622,5.75740521327014,6.13464590675991,168
"170",2022,11,6.14090909090909,22,6.87333333333333,4.57142857142857,NA,6.03333333333333,6.15789473684211,15,7,0,3,19,5156,3624,1532,423,847,4309,6.07292105120249,6.46200660596027,5.15252545691906,5.24568557919622,5.75838252656435,6.13474841958692,169
"171",2022,12,6.6553776,25,6.682685,6,6,5.66666666666667,6.79020181818182,24,1,1,3,22,5181,3648,1533,424,850,4331,6.07573159235669,6.4634584375,5.1530782778865,5.24746462264151,5.75805882352941,6.13807789886863,170
