"","year","month","avg_rating","no_ratings","avg_rating_owned","avg_rating_not_owned","avg_rating_prev_owned","avg_rating_comment","avg_rating_no_comment","no_ratings_owned","no_ratings_not_owned","no_ratings_prev_owned","no_ratings_comment","no_ratings_no_comment","cum_no_ratings","cum_no_ratings_owned","cum_no_ratings_not_owned","cum_no_ratings_prev_owned","cum_no_ratings_comment","cum_no_ratings_no_comment","cum_avg_rating","cum_avg_rating_owned","cum_avg_rating_not_owned","cum_avg_rating_prev_owned","cum_avg_rating_comment","cum_avg_rating_no_comment","month_after_release"
"1",2002,9,10,1,10,NA,NA,10,NA,1,0,0,1,0,1,1,0,0,1,0,10,10,NA,NA,10,NA,-9
"2",2002,10,8,1,8,NA,NA,NA,8,1,0,0,0,1,2,2,0,0,1,1,9,9,NA,NA,10,8,-8
"3",2002,11,9.25,2,9.25,NA,NA,9.25,NA,2,0,0,2,0,4,4,0,0,3,1,9.125,9.125,NA,NA,9.5,8,-7
"4",2002,12,7.5,2,8,7,NA,8,7,1,1,0,1,1,6,5,1,0,4,2,8.58333333333333,8.9,7,NA,9.125,7.5,-6
"5",2003,1,9,2,9,NA,NA,9,NA,2,0,0,2,0,8,7,1,0,6,2,8.6875,8.92857142857143,7,NA,9.08333333333333,7.5,-5
"6",2003,2,8,1,NA,8,NA,8,NA,0,1,0,1,0,9,7,2,0,7,2,8.61111111111111,8.92857142857143,7.5,NA,8.92857142857143,7.5,-4
"7",2003,3,8.3,5,8.3,NA,NA,8.3,NA,5,0,0,5,0,14,12,2,0,12,2,8.5,8.66666666666667,7.5,NA,8.66666666666667,7.5,-3
"8",2003,4,7,2,9,5,NA,7,NA,1,1,0,2,0,16,13,3,0,14,2,8.3125,8.69230769230769,6.66666666666667,NA,8.42857142857143,7.5,-2
"9",2003,5,8.5,2,9,8,NA,NA,8.5,1,1,0,0,2,18,14,4,0,14,4,8.33333333333333,8.71428571428571,7,NA,8.42857142857143,8,-1
"10",2003,6,8.16666666666667,3,8.75,7,NA,8.25,8,2,1,0,2,1,21,16,5,0,16,5,8.30952380952381,8.71875,7,NA,8.40625,8,0
"11",2003,7,7.94444444444444,9,8.5,7.25,6,8.375,7.6,5,4,1,4,5,30,21,9,1,20,10,8.2,8.66666666666667,7.11111111111111,6,8.4,7.8,1
"12",2003,8,7.9,10,8.4375,5.75,NA,6.875,8.58333333333333,8,2,0,4,6,40,29,11,1,24,16,8.125,8.60344827586207,6.86363636363636,6,8.14583333333333,8.09375,2
"13",2003,9,8.38,5,8.38,NA,NA,9,7.96666666666667,5,0,0,2,3,45,34,11,1,26,19,8.15333333333333,8.57058823529412,6.86363636363636,6,8.21153846153846,8.07368421052632,3
"14",2003,10,8.28571428571429,7,8.41666666666667,7.5,NA,8.25,8.3,6,1,0,2,5,52,40,12,1,28,24,8.17115384615385,8.5475,6.91666666666667,6,8.21428571428571,8.12083333333333,4
"15",2003,11,9,2,10,8,NA,10,8,1,1,0,1,1,54,41,13,1,29,25,8.20185185185185,8.58292682926829,7,6,8.27586206896552,8.116,5
"16",2003,12,5.66666666666667,3,6,5.5,NA,NA,5.66666666666667,1,2,0,0,3,57,42,15,1,29,28,8.06842105263158,8.52142857142857,6.8,6,8.27586206896552,7.85357142857143,6
"17",2004,1,7.66666666666667,6,8.25,7.375,8,7.5,7.83333333333333,2,4,1,3,3,63,44,19,2,32,31,8.03015873015873,8.50909090909091,6.92105263157895,7,8.203125,7.85161290322581,7
"18",2004,2,8.9,5,8.9,NA,NA,8.875,9,5,0,0,4,1,68,49,19,2,36,32,8.09411764705882,8.54897959183673,6.92105263157895,7,8.27777777777778,7.8875,8
"19",2004,3,7.875,8,9.33333333333333,3.5,NA,8.5,7.25,6,2,0,4,4,76,55,21,2,40,36,8.07105263157895,8.63454545454545,6.59523809523809,7,8.3,7.81666666666667,9
"20",2004,4,8.25,6,8.3,8,NA,8.5,8.125,5,1,0,2,4,82,60,22,2,42,40,8.08414634146341,8.60666666666666,6.65909090909091,7,8.30952380952381,7.8475,10
"21",2004,5,5.5,4,8,4.66666666666667,NA,6.5,4.5,1,3,0,2,2,86,61,25,2,44,42,7.96395348837209,8.59672131147541,6.42,7,8.22727272727273,7.68809523809524,11
"22",2004,6,8.21428571428571,7,8.21428571428571,NA,NA,8.75,8,7,0,0,2,5,93,68,25,2,46,47,7.98279569892473,8.55735294117647,6.42,7,8.25,7.72127659574468,12
"23",2004,7,8,12,8.27272727272727,5,NA,8.6,7.57142857142857,11,1,0,5,7,105,79,26,2,51,54,7.9847619047619,8.51772151898734,6.36538461538461,7,8.2843137254902,7.70185185185185,13
"24",2004,8,6.83333333333333,3,8.5,6,NA,7.25,6,1,2,0,2,1,108,80,28,2,53,55,7.95277777777778,8.5175,6.33928571428571,7,8.24528301886793,7.67090909090909,14
"25",2004,9,7.44444444444444,9,7.6,7.25,NA,7.16666666666667,8,5,4,0,6,3,117,85,32,2,59,58,7.91367521367521,8.4635294117647,6.453125,7,8.13559322033898,7.68793103448276,15
"26",2004,10,8.33333333333333,3,8.33333333333333,NA,NA,8.5,8,3,0,0,2,1,120,88,32,2,61,59,7.92416666666667,8.45909090909091,6.453125,7,8.14754098360656,7.69322033898305,16
"27",2004,11,7.4375,8,8.4,5.83333333333333,8.5,5.66666666666667,8.5,5,3,1,3,5,128,93,35,3,64,64,7.89375,8.45591397849462,6.4,7.5,8.03125,7.75625,17
"28",2004,12,7.425,8,8.28,6,NA,8.225,6.625,5,3,0,4,4,136,98,38,3,68,68,7.86617647058824,8.4469387755102,6.36842105263158,7.5,8.04264705882353,7.68970588235294,18
"29",2005,1,8.33333333333333,12,8.25,8.5,NA,8.2,8.42857142857143,8,4,0,5,7,148,106,42,3,73,75,7.90405405405405,8.43207547169811,6.57142857142857,7.5,8.05342465753425,7.75866666666667,19
"30",2005,2,8,11,8.25,7.33333333333333,NA,8,8,8,3,0,5,6,159,114,45,3,78,81,7.91069182389937,8.41929824561403,6.62222222222222,7.5,8.05,7.77654320987654,20
"31",2005,3,7.38461538461539,13,8.25,6,NA,7.75,6.8,8,5,0,8,5,172,122,50,3,86,86,7.87093023255814,8.40819672131147,6.56,7.5,8.02209302325581,7.71976744186046,21
"32",2005,4,8.08333333333333,12,8.125,8,8,8.22222222222222,7.66666666666667,8,4,1,9,3,184,130,54,4,95,89,7.88478260869565,8.39076923076923,6.66666666666667,7.625,8.04105263157895,7.71797752808989,22
"33",2005,5,7.10714285714286,14,7,7.25,6.5,7,7.1875,8,6,2,6,8,198,138,60,6,101,97,7.82979797979798,8.31014492753623,6.725,7.25,7.97920792079208,7.67422680412371,23
"34",2005,6,8.05814444444444,9,8.41666666666667,7.3411,NA,8,8.10466,6,3,0,4,5,207,144,63,6,105,102,7.83972608695652,8.31458333333333,6.7543380952381,7.25,7.98,7.69532647058823,24
"35",2005,7,7.5625,8,7.9,7,6,7.7,7.33333333333333,5,3,1,5,3,215,149,66,7,110,105,7.82941069767442,8.3006711409396,6.76550454545455,7.07142857142857,7.96727272727273,7.68498380952381,25
"36",2005,8,7.921875,16,8.38333333333333,7.32857142857143,9,8.03333333333333,7.77857142857143,9,7,1,9,7,231,158,73,8,119,112,7.83581515151515,8.30537974683544,6.81949726027397,7.3125,7.97226890756303,7.69083303571429,26
"37",2005,9,8.125,8,8.33333333333333,7.5,NA,8,8.2,6,2,0,3,5,239,164,75,8,122,117,7.8454949790795,8.30640243902439,6.837644,7.3125,7.97295081967213,7.71259230769231,27
"38",2005,10,8.27777777777778,18,8.21428571428571,8.5,8.5,8.4,8.125,14,4,2,10,8,257,178,79,10,132,125,7.87577159533074,8.29915730337079,6.92181392405063,7.55,8.00530303030303,7.7389864,28
"39",2005,11,7.41666666666667,12,8,6.6,5,7,8,7,5,2,7,5,269,185,84,12,139,130,7.85529107806691,8.28783783783784,6.90265833333333,7.125,7.95467625899281,7.74902538461538,29
"40",2005,12,7.75,6,8.5,7,8,7.875,7.5,3,3,1,4,2,275,188,87,13,143,132,7.85299381818182,8.29122340425532,6.90601494252874,7.19230769230769,7.95244755244755,7.74525227272727,30
"41",2006,1,7.85294117647059,17,7.7,9,NA,7.9,7.78571428571429,15,2,0,10,7,292,203,89,13,153,139,7.85299075342466,8.24753694581281,6.95307078651685,7.19230769230769,7.94901960784314,7.74728992805755,31
"42",2006,2,7.92857142857143,14,8.2,7.25,7,8.11111111111111,7.6,10,4,2,9,5,306,213,93,15,162,144,7.85644869281046,8.24530516431925,6.96584193548387,7.16666666666667,7.95802469135803,7.74217569444444,32
"43",2006,3,8.10714285714286,14,8.65,6.75,NA,8.15,8,10,4,0,10,4,320,223,97,15,172,148,7.8674165625,8.2634529147982,6.9569412371134,7.16666666666667,7.96918604651163,7.74914391891892,33
"44",2006,4,8.05,10,8.2,7.9,7.5,7.75,8.125,5,5,1,2,8,330,228,102,16,174,156,7.87294939393939,8.26206140350877,7.00316960784314,7.1875,7.96666666666667,7.76841858974359,34
"45",2006,5,8,11,8,8,8,8.2,7.83333333333333,9,2,1,5,6,341,237,104,17,179,162,7.87704780058651,8.25210970464135,7.02233942307692,7.23529411764706,7.9731843575419,7.77082283950617,35
"46",2006,6,6.85,10,6.78571428571429,7,NA,6.25,7.25,7,3,0,4,6,351,244,107,17,183,168,7.84778717948718,8.21004098360656,7.02171308411215,7.23529411764706,7.93551912568306,7.75222202380952,36
"47",2006,7,7.44117647058824,17,7.7,7.07142857142857,8,7.15,7.85714285714286,10,7,1,10,7,368,254,114,18,193,175,7.8290035326087,8.18996062992126,7.02476578947368,7.27777777777778,7.89481865284974,7.75641885714286,37
"48",2006,8,7.81818181818182,11,8,7.5,8,7.71428571428571,8,7,4,2,7,4,379,261,118,20,200,179,7.82868944591029,8.18486590038314,7.04087542372881,7.35,7.8885,7.76186201117318,38
"49",2006,9,7.84090909090909,22,7.93333333333333,7.64285714285714,7.25,7.63636363636364,8.04545454545454,15,7,2,11,11,401,276,125,22,211,190,7.82935985037406,8.17119565217391,7.0745864,7.34090909090909,7.87535545023697,7.77828052631579,39
"50",2006,10,7.52173913043478,23,8.07142857142857,6.66666666666667,7,7.36666666666667,7.8125,14,9,1,15,8,424,290,134,23,226,198,7.81267287735849,8.16637931034483,7.04718880597015,7.32608695652174,7.84159292035398,7.77966313131313,40
"51",2006,11,8.01111111111111,18,8.51818181818182,7.21428571428571,7.25,8.04,8,11,7,2,5,13,442,301,141,25,231,211,7.82075407239819,8.17923588039867,7.05548439716312,7.32,7.84588744588745,7.79323838862559,41
"52",2006,12,7.64583333333333,24,7.96153846153846,7.27272727272727,9,7.4375,7.75,13,11,3,8,16,466,314,152,28,239,227,7.81174527896996,8.1702229299363,7.07120592105263,7.5,7.83221757322176,7.79019074889868,42
"53",2007,1,7.82692307692308,26,7.975,7.33333333333333,7.5,7.73076923076923,7.92307692307692,20,6,2,13,13,492,334,158,30,252,240,7.81254735772358,8.15853293413174,7.08116012658228,7.5,7.82698412698413,7.79738875,43
"54",2007,2,7.73709291666667,24,7.85333333333333,7.54335888888889,8.5,7.57142857142857,7.80530764705882,15,9,2,7,17,516,349,167,32,259,257,7.80903784883721,8.14541547277937,7.10606904191617,7.5625,7.82007722007722,7.79791256809338,44
"55",2007,3,8.08333333333333,18,8,8.75,NA,8.125,8.07142857142857,16,2,0,4,14,534,365,169,32,263,271,7.81828376404494,8.13904109589041,7.12552384615385,7.5625,7.82471482889734,7.81204254612546,45
"56",2007,4,7.75,12,8,5,NA,6.83333333333333,8.05555555555556,11,1,0,3,9,546,376,170,32,266,280,7.81678302197802,8.13497340425532,7.11302076470588,7.5625,7.81353383458647,7.81986975,46
"57",2007,5,7.825,20,8.03846153846154,7.42857142857143,8,7.91666666666667,7.78571428571429,13,7,3,6,14,566,389,177,35,272,294,7.8170733745583,8.13174807197943,7.12550016949153,7.6,7.81580882352941,7.81824329931973,47
"58",2007,6,7.81818181818182,22,8.19166666666667,7.37,6.75,8.2,7.43636363636364,12,10,2,11,11,588,401,187,37,283,305,7.81711484693878,8.13354114713217,7.13857502673797,7.55405405405405,7.83074204946996,7.80447059016393,48
"59",2007,7,7.825,20,8.11538461538461,7.28571428571429,7,8.5,7.46153846153846,13,7,2,7,13,608,414,194,39,290,318,7.81737422697368,8.13297101449275,7.14388417525773,7.52564102564103,7.84689655172414,7.79045135220126,49
"60",2007,8,7,16,8.125,5.875,7,7,7,8,8,1,8,8,624,422,202,40,298,326,7.79641591346154,8.13281990521327,7.09363133663366,7.5125,7.8241610738255,7.77105377300613,50
"61",2007,9,8.16086956521739,23,8.6,7.3375,7.5,7.89166666666667,8.45454545454546,15,8,2,12,11,647,437,210,42,310,337,7.80937176197836,8.14885583524027,7.10292157142857,7.51190476190476,7.82677419354839,7.79336359050445,51
"62",2007,10,7.81125,16,7.915,7.5,7.66666666666667,7.83,7.8,12,4,3,6,10,663,449,214,45,316,347,7.80941708898944,8.14260579064588,7.11034359813084,7.52222222222222,7.82683544303797,7.79355484149856,52
"63",2007,11,7.84333333333333,30,8.04,7.45,8.25,7.63333333333333,8.05333333333333,20,10,2,15,15,693,469,224,47,331,362,7.81088532467532,8.1382302771855,7.12550683035714,7.5531914893617,7.8180664652568,7.80431914364641,53
"64",2007,12,7.53633333333333,30,8.07142857142857,7.068125,7.53333333333333,7.13125,7.99928571428571,14,16,3,16,14,723,483,240,50,347,376,7.79949312586445,8.13629399585921,7.121681375,7.552,7.78639769452449,7.81157853723404,54
"65",2008,1,7.52666666666667,30,8.01363636363636,6.1875,6.5,7.25,7.665,22,8,1,10,20,753,505,248,51,357,396,7.78862354581673,8.13095049504951,7.09154649193548,7.53137254901961,7.77137254901961,7.80417558080808,55
"66",2008,2,7.9304347826087,23,8.15,7.42857142857143,7.5,7.99166666666667,7.86363636363636,16,7,2,12,11,776,521,255,53,369,407,7.79282671391752,8.13153550863723,7.10079815686275,7.53018867924528,7.77853658536585,7.80578262899263,56
"67",2008,3,8.22222222222222,18,8.72727272727273,7.42857142857143,7.5,7.92857142857143,8.40909090909091,11,7,2,7,11,794,532,262,55,376,418,7.8025611209068,8.14385338345865,7.10955545801527,7.52909090909091,7.78132978723404,7.82165916267943,57
"68",2008,4,8.1875,20,8.30263157894737,6,NA,8.375,8,19,1,0,10,10,814,551,263,55,386,428,7.81201907862408,8.14932849364791,7.10533661596958,7.52909090909091,7.79670984455958,7.8258260046729,58
"69",2008,5,7.71397222222222,36,8.13926086956522,6.96153846153846,7,7.55572222222222,7.87222222222222,23,13,2,18,18,850,574,276,57,404,446,7.80786650588235,8.14892508710801,7.09856351449275,7.51052631578947,7.78597277227723,7.82769849775785,59
"70",2008,6,8.09444444444444,18,8.60714285714286,6.3,7.35,8.25,7.9,14,4,2,10,8,868,588,280,59,414,454,7.81380936635945,8.1598350340136,7.08715546428571,7.50508474576271,7.79718115942029,7.82897253303965,60
"71",2008,7,7.655,32,7.97545454545455,6.95,6.41666666666667,7.40941176470588,7.93333333333333,22,10,6,17,15,900,610,290,65,431,469,7.80816281111111,8.15318524590164,7.08242596551724,7.40461538461538,7.78188631090487,7.83231029850746,61
"72",2008,8,7.985,20,8.05384615384615,7.85714285714286,7.875,8.25,7.5875,13,7,4,12,8,920,623,297,69,443,477,7.81200709782609,8.15111235955056,7.10068528619529,7.43188405797101,7.79456659142212,7.82820446540881,62
"73",2008,9,7.76190476190476,21,8.63636363636364,6.8,6.72222222222222,7.81818181818182,7.7,11,10,9,11,10,941,634,307,78,454,487,7.81088897980871,8.15953154574132,7.0908909771987,7.35,7.79513876651982,7.8255719301848,63
"74",2008,10,7.85,18,8.16666666666667,7.21666666666667,6,7.875,7.83,12,6,1,8,10,959,646,313,79,462,497,7.81162307612096,8.1596640866873,7.09330201277955,7.33291139240506,7.79652164502165,7.82566102615694,64
"75",2008,11,7.94074074074074,27,8.12,7.71666666666667,6.83333333333333,7.82142857142857,8.06923076923077,15,12,3,14,13,986,661,325,82,476,510,7.8151587525355,8.15876399394856,7.11631855384615,7.31463414634146,7.79725420168067,7.83186966666667,65
"76",2008,12,7.25,23,7.75,6.47222222222222,6.5,7.2,7.28846153846154,14,9,4,10,13,1009,675,334,86,486,523,7.80227604558969,8.15028592592592,7.09896266467066,7.27674418604651,7.78496502057613,7.81836239005736,66
"77",2009,1,7.64375,24,7.684375,7.5625,7,7.7,7.55,16,8,1,15,9,1033,691,342,87,501,532,7.79859296224588,8.13949782923299,7.10980564327485,7.2735632183908,7.78242115768463,7.81382242481203,67
"78",2009,2,7.23823529411765,34,7.9125,6.63888888888889,6.66666666666667,7.6,7.0875,16,18,6,10,24,1067,707,360,93,511,556,7.78073714151827,8.13436067892503,7.08625980555556,7.23440860215054,7.77885127201566,7.78247037769784,68
"79",2009,3,7.81547619047619,42,8.18269230769231,7.21875,7,8.14285714285714,7.65178571428571,26,16,4,14,28,1109,733,376,97,525,584,7.78205277727682,8.13607503410641,7.09189768617021,7.22474226804124,7.78855809523809,7.77620467465754,69
"80",2009,4,7.74242424242424,33,8,7.43333333333333,7,7.71428571428571,7.75,18,15,4,7,26,1142,751,391,101,532,610,7.78090764448336,8.13281358189081,7.10499624040921,7.21584158415842,7.78758082706767,7.77508775409836,70
"81",2009,5,7.57368421052632,38,7.92608695652174,7.03333333333333,6.75,7.74166666666667,7.49615384615385,23,15,4,12,26,1180,774,406,105,544,636,7.77423434745762,8.12667054263566,7.10234859605911,7.19809523809524,7.78656801470588,7.76368479559749,71
"82",2009,6,7.64848484848485,33,7.99333333333333,7.36111111111111,6.6,8.41666666666667,7.47777777777778,15,18,5,6,27,1213,789,424,110,550,663,7.77081329760923,8.12413561470215,7.11333379716981,7.17090909090909,7.79344181818182,7.75204152337858,72
"83",2009,7,7.93571428571429,21,7.95,7.925,7.75,8.14583333333333,7.65555555555556,9,12,4,12,9,1234,798,436,114,562,672,7.77361955429497,8.12217167919799,7.13567323394495,7.19122807017544,7.80096619217082,7.75074930059524,73
"84",2009,8,7.32741935483871,31,8.03333333333333,6.665625,7.125,6.925,7.46739130434783,15,16,2,8,23,1265,813,452,116,570,695,7.76268500395257,8.12053259532595,7.11903435840708,7.19008620689655,7.78867192982456,7.74137198561151,74
"85",2009,9,7.69186046511628,43,8.03809523809524,7.36136363636364,7.14,8.075,7.50689655172414,21,22,5,14,29,1308,834,474,121,584,724,7.76035667431192,8.11845683453237,7.13028170886076,7.18801652892562,7.79553595890411,7.73198001381215,75
"86",2009,10,7.61538461538461,26,8.07692307692308,7.15384615384615,7.36,8.16666666666667,7.45,13,13,5,6,20,1334,847,487,126,590,744,7.75753113193403,8.11781936245572,7.13091073921971,7.19484126984127,7.79931016949153,7.72439990591398,76
"87",2009,11,7.06451612903226,31,7.52941176470588,6.5,6.6,6.83333333333333,7.21052631578947,17,14,5,12,19,1365,864,501,131,602,763,7.74179232967033,8.10624189814815,7.113280499002,7.17213740458015,7.78005481727575,7.71160357798165,77
"88",2009,12,7.26063829787234,47,7.575,6.70588235294118,6.75,7.23529411764706,7.275,30,17,8,17,30,1412,894,518,139,619,793,7.72577657932011,8.08841498881432,7.09991028957529,7.1478417266187,7.76509369951535,7.6950864186633,78
"89",2010,1,7.67714285714286,35,8.03333333333333,7.3,7.83333333333333,7.95833333333333,7.5304347826087,18,17,6,12,23,1447,912,535,145,631,816,7.72460022805805,8.08732785087719,7.10626828037383,7.17620689655172,7.76876862123613,7.69044550245098,79
"90",2010,2,7.61162790697674,43,8.12173913043478,7.025,7,7.18181818181818,7.759375,23,20,6,11,32,1490,935,555,151,642,848,7.72133995302013,8.0881743315508,7.10333969369369,7.16920529801325,7.75871183800623,7.69304661556604,80
"91",2010,3,7.32931034482759,29,7.86666666666667,6.75357142857143,7,7.9375,7.09761904761905,15,14,4,8,21,1519,950,569,155,650,869,7.71385551678736,8.08467684210526,7.09473379613357,7.16483870967742,7.76091230769231,7.67865768699655,81
"92",2010,4,7.21666666666667,21,8.025,6.48181818181818,6,6.93571428571429,7.35714285714286,10,11,1,7,14,1540,960,580,156,657,883,7.70707566883117,8.08405520833333,7.08310953448276,7.15737179487179,7.7521202435312,7.67356005662514,82
"93",2010,5,7.975,18,8.1,7.65,8.41666666666667,8.03333333333333,7.91666666666667,13,5,3,9,9,1558,973,585,159,666,892,7.71017107188703,8.08426824254882,7.08795475213675,7.1811320754717,7.75592042042042,7.67601292600897,83
"94",2010,6,6.57625,8,7.16666666666667,6.222,6.03666666666667,6.5,6.70333333333333,3,5,3,5,3,1566,976,590,162,671,895,7.70437837164751,8.08144774590164,7.08061615254237,7.15993827160494,7.74656184798808,7.67275254748603,84
"95",2010,7,7.47368421052632,19,7.5,7.45454545454545,6.66666666666667,8.07142857142857,7.125,8,11,3,7,12,1585,984,601,165,678,907,7.70161295268138,8.07672052845528,7.08746011647254,7.1509696969697,7.74991592920354,7.66550554575524,85
"96",2010,8,7.87586206896552,29,8.24444444444444,7.27272727272727,6.66666666666667,8.02666666666667,7.71428571428571,18,11,3,15,14,1614,1002,612,168,693,921,7.70474382280049,8.07973353293413,7.09079008169935,7.14232142857143,7.7559062049062,7.66624704668838,86
"97",2010,9,7.13,25,7.5,6.72916666666667,6.33333333333333,7.66666666666667,6.96052631578947,13,12,3,6,19,1639,1015,624,171,699,940,7.69597713849908,8.07230837438424,7.08383578525641,7.12812865497076,7.75514020028612,7.6519824787234,87
"98",2010,10,7.575,20,7.54545454545455,7.61111111111111,7,7.5,7.6,11,9,1,5,15,1659,1026,633,172,704,955,7.69451870403857,8.06665984405458,7.09133259083728,7.12738372093023,7.753328125,7.651166,88
"99",2010,11,7.93333333333333,27,8.36470588235294,7.2,6.9,7.1,8.12272727272727,17,10,5,5,22,1686,1043,643,177,709,977,7.69834313760379,8.07151773729626,7.09302259720062,7.1209604519774,7.74872073342736,7.6617845752303,89
"100",2010,12,7.79838709677419,31,8.23611111111111,7.19230769230769,7,7.47727272727273,7.975,18,13,4,11,20,1717,1061,656,181,720,997,7.70014940594059,8.07431008482564,7.09499013719512,7.11828729281768,7.74457361111111,7.6680677331996,90
"101",2011,1,7.61111111111111,36,7.7,7.5,8,7.45833333333333,7.6875,20,16,5,12,24,1753,1081,672,186,732,1021,7.69832089560753,8.06738482886217,7.10463322916667,7.14198924731183,7.73988114754098,7.66852451518119,91
"102",2011,2,7.72083333333333,24,8.32,6.72222222222222,3,7.64285714285714,7.75294117647059,15,9,1,7,17,1777,1096,681,187,739,1038,7.69862494653911,8.07084215328467,7.09957933920705,7.11983957219251,7.73896211096076,7.66990706165703,92
"103",2011,3,7.23333333333333,15,7.75,6.64285714285714,8,7.58333333333333,7,8,7,2,6,9,1792,1104,688,189,745,1047,7.69473020647321,8.06851721014493,7.09493245639535,7.12915343915344,7.73770872483221,7.66414854823305,93
"104",2011,4,6.97058823529412,17,7.75,6.27777777777778,5.66666666666667,5.75,7.34615384615385,8,9,6,4,13,1809,1112,697,195,749,1060,7.68792511332227,8.06622571942446,7.08438096126255,7.08415384615385,7.72709345794393,7.66024861320755,94
"105",2011,5,7,24,7.53333333333333,6.11111111111111,7.125,7.08333333333333,6.97222222222222,15,9,4,6,18,1833,1127,706,199,755,1078,7.67891791052918,8.05913309671695,7.07197383852691,7.08497487437186,7.72197748344371,7.64876023191094,95
"106",2011,6,7.64,25,7.92857142857143,7.27272727272727,7.75,7.525,7.69411764705882,14,11,4,8,17,1858,1141,717,203,763,1095,7.67839425726587,8.05753111305872,7.07505373779637,7.09807881773399,7.7199121887287,7.6494644109589,96
"107",2011,7,7.26666666666667,24,7.95,6.58333333333333,7,6.8,7.6,12,12,4,10,14,1882,1153,729,207,773,1109,7.67314374601487,8.0564119687771,7.06695957475994,7.09618357487923,7.70801164294955,7.6488399729486,97
"108",2011,8,7.35483870967742,31,8.05555555555556,6.38461538461539,7,7.88333333333333,7.228,18,13,5,6,25,1913,1171,742,212,779,1134,7.66798564035546,8.05639880444065,7.0550047574124,7.09391509433962,7.70936200256739,7.63956219576719,98
"109",2011,9,7.67173913043478,23,8.17307692307692,7.02,6.86666666666667,7,8.10357142857143,13,10,6,9,14,1936,1184,752,218,788,1148,7.66803023243801,8.05767989864865,7.05453926861702,7.08766055045872,7.70126015228426,7.64522084494773,99
"110",2011,10,7.67333333333333,30,8.25,7.01428571428571,6.75,6.5,8.0304347826087,16,14,4,7,23,1966,1200,766,222,795,1171,7.66811115462869,8.06024416666667,7.05380356396867,7.08157657657658,7.69068301886792,7.65278695986336,100
"111",2011,11,7.67045454545455,22,8.08823529411765,6.25,5.5,7.90625,7.53571428571429,17,5,2,8,14,1988,1217,771,224,803,1185,7.66813708752515,8.060635168447,7.04859083009079,7.06745535714286,7.69283063511831,7.65140382278481,101
"112",2011,12,7.39655172413793,29,7.73333333333333,7.03571428571429,7.1,6.875,7.48,15,14,5,4,25,2017,1232,785,229,807,1210,7.66423229053049,8.05665016233766,7.04836118471337,7.06816593886463,7.68877695167286,7.6478624214876,102
"113",2012,1,7.03823529411765,34,8,6.44285714285714,6.78571428571429,7.33333333333333,6.975,13,21,7,6,28,2051,1245,806,236,813,1238,7.65385496343247,8.05605863453815,7.0325850248139,7.05978813559322,7.68615375153751,7.63264420840065,103
"114",2012,2,7.42678571428571,28,8.01785714285714,6.83571428571429,7.15,7.37857142857143,7.44285714285714,14,14,6,7,21,2079,1259,820,242,820,1259,7.65079679172679,8.05563383637808,7.02922381707317,7.06202479338843,7.68352804878049,7.62947857823669,104
"115",2012,3,6.72777777777778,18,7.71428571428571,6.1,6,7.75,6.43571428571429,7,11,3,4,14,2097,1266,831,245,824,1273,7.64287388173581,8.05374644549763,7.016923622142,7.04902040816327,7.68385072815534,7.61634998428908,105
"116",2012,4,7.14285714285714,14,7.83333333333333,6.625,7.5,8,6.90909090909091,6,8,2,3,11,2111,1272,839,247,827,1284,7.63955780672667,8.05270676100629,7.01318656734207,7.05267206477733,7.68499758162031,7.61029091121495,106
"117",2012,5,7.54,25,7.93333333333333,6.95,7.5,7.625,7.52380952380952,15,10,2,4,21,2136,1287,849,249,831,1305,7.63839257022472,8.05131546231546,7.01244232037691,7.05626506024096,7.68470878459687,7.60889925670498,107
"118",2012,6,8.03846153846154,13,8.4,6.83333333333333,6.75,8,8.04545454545454,10,3,2,2,11,2149,1297,852,251,833,1316,7.64081271754304,8.05400385505011,7.01181165492958,7.05382470119522,7.68546578631453,7.61254827507599,108
"119",2012,7,7.84333333333333,15,8.11111111111111,7.44166666666667,7,7.875,7.83181818181818,9,6,1,4,11,2164,1306,858,252,837,1327,7.64221651109057,8.05439739663093,7.01481763403263,7.05361111111111,7.6863715651135,7.61436588545591,109
"120",2012,8,7.81363636363636,22,7.99411764705882,7.2,6,8.6,7.58235294117647,17,5,1,5,17,2186,1323,863,253,842,1344,7.64394168801464,8.05362282690854,7.01589053302433,7.04944664031621,7.69179691211401,7.61396095982143,110
"121",2012,9,7.68055555555556,18,7.81818181818182,7.46428571428571,7,7.4,7.78846153846154,11,7,1,5,13,2204,1334,870,254,847,1357,7.6442407123412,8.05168140929535,7.01949831034483,7.04925196850394,7.69007438016529,7.61563266764922,111
"122",2012,10,7.39130434782609,23,7.92857142857143,6.55555555555556,NA,7.5,7.36842105263158,14,9,0,4,19,2227,1348,879,254,851,1376,7.64162843735968,8.0504028189911,7.01474804323094,7.04925196850394,7.68918096357227,7.61221913517442,112
"123",2012,11,7.22916666666667,24,8.34615384615385,5.90909090909091,5.58333333333333,8.16666666666667,6.91666666666667,13,11,6,6,18,2251,1361,890,260,857,1394,7.6372307996446,8.05322777369581,7.00108261797753,7.01542307692308,7.69252392065344,7.60323782639885,113
"124",2012,12,7.41923076923077,26,8.46875,5.74,3.5,8.16666666666667,7.02352941176471,16,10,2,9,17,2277,1377,900,262,866,1411,7.63474155906895,8.05805591866376,6.98707058888889,6.98858778625954,7.69745150115473,7.59625338766832,114
"125",2013,1,7.30645161290323,31,7.52777777777778,7,7.25,7.04545454545455,7.45,18,13,4,11,20,2308,1395,913,266,877,1431,7.63033211871751,8.05121362007168,6.98725468784228,6.99251879699248,7.68927366020524,7.59420931516422,115
"126",2013,2,6.96666666666667,12,7.75,6.18333333333333,7.33333333333333,8.1,6.15714285714286,6,6,3,5,7,2320,1401,919,269,882,1438,7.62689936637931,8.04992362598144,6.98200601741023,6.99631970260223,7.69160204081633,7.58721385952712,116
"127",2013,3,7.68055555555556,18,8.25,6.78571428571429,6.5,8,7.52083333333333,11,7,2,6,12,2338,1412,926,271,888,1450,7.62731245936698,8.05148229461756,6.98052217062635,6.99265682656827,7.69368581081081,7.58666450344827,117
"128",2013,4,7.21470588235294,17,7.425,6.91428571428571,7,7.225,7.21153846153846,10,7,2,4,13,2355,1422,933,273,892,1463,7.62433398301486,8.04707665260196,6.98002521972133,6.99271062271062,7.69158408071749,7.58333118933698,118
"129",2013,5,7.5,15,7.72727272727273,6.875,4,7.75,7.40909090909091,11,4,1,4,11,2370,1433,937,274,896,1474,7.62354705907173,8.04462177250523,6.97957687299893,6.98178832116788,7.69184486607143,7.58203088873813,119
"130",2013,6,7.66666666666667,9,7.75,7.6,6,8,7.625,4,5,1,1,8,2379,1437,942,275,897,1482,7.62371018495166,8.04380167014613,6.98286998938429,6.97821818181818,7.6921884057971,7.58226284075573,120
"131",2013,7,7.71428571428571,14,8.3125,6.91666666666667,7.25,8.65,7.19444444444444,8,6,1,5,9,2393,1445,948,276,902,1491,7.62424008775596,8.0452892733564,6.98245098101266,6.97920289855072,7.6974977827051,7.57992188464118,121
"132",2013,8,7.421875,16,8,6.67857142857143,6.375,8.25,7.14583333333333,9,7,4,4,12,2409,1454,955,280,906,1503,7.62289602739726,8.04500894085282,6.98022359162304,6.97057142857143,7.69993708609271,7.57645610778443,122
"133",2013,9,6.6749995,20,7.95,5.399999,6.66666666666667,7.78571285714286,6.07692307692308,10,10,3,7,13,2429,1464,965,283,913,1516,7.61509119802388,8.0443599726776,6.96384820725388,6.96734982332155,7.70059473165389,7.56359731530343,123
"134",2013,10,7.44230769230769,13,7.92857142857143,6.875,7.25,7.7,7.28125,7,6,3,5,8,2442,1471,971,286,918,1524,7.61417138411139,8.04380897348742,6.96329919670443,6.97031468531469,7.70059149237473,7.56211517716535,124
"135",2013,11,7.1030303030303,33,7.57666666666667,6.70833333333333,7.375,8.125,6.96206896551724,15,18,4,4,29,2475,1486,989,290,922,1553,7.60735616969697,8.0390935397039,6.95865876643074,6.97589655172414,7.70243274403471,7.5509101931745,125
"136",2013,12,7.91666666666667,12,8.3125,7.125,8,8,7.9,8,4,1,2,10,2487,1494,993,291,924,1563,7.60884862082831,8.04055756358768,6.95932882175226,6.97941580756014,7.70307682900433,7.55314365323096,126
"137",2014,1,7.46022727272727,22,7.88541666666667,6.95,6.5,7.21428571428571,7.575,12,10,3,7,15,2509,1506,1003,294,931,1578,7.60754544440016,8.0393213811421,6.95923581256231,6.97452380952381,7.69940170784103,7.55335141318124,127
"138",2014,2,7.64,20,7.98181818181818,7.22222222222222,6.8,7.375,7.81666666666667,11,9,5,8,12,2529,1517,1012,299,939,1590,7.60780210359826,8.03890441661173,6.96157462450593,6.97160535117057,7.69663790202343,7.55533869811321,128
"139",2014,3,7.27,20,7.64615384615385,6.57142857142857,6.66666666666667,8.125,7.05625,13,7,3,4,16,2549,1530,1019,302,943,1606,7.60515163593566,8.03556732026143,6.95889452404318,6.9685761589404,7.6984549204666,7.55036645703611,129
"140",2014,4,7.24736842105263,19,8.46666666666667,6.15,6.25,7.5,7.13076923076923,9,10,6,6,13,2568,1539,1029,308,949,1619,7.60250448598131,8.03808836907082,6.95103354713314,6.95457792207792,7.69720020021075,7.54699723903644,130
"141",2014,5,7.86842105263158,19,8.2,7.5,7.6,7.66666666666667,7.90625,10,9,5,3,16,2587,1549,1038,313,952,1635,7.60445748743719,8.03913363460297,6.95579337186898,6.96488817891374,7.69710398109244,7.55051286238532,131
"142",2014,6,7.13076923076923,13,7.65,6.3,5.83333333333333,7.03333333333333,7.21428571428571,8,5,3,6,7,2600,1557,1043,316,958,1642,7.60208904615385,8.03713423249839,6.95264958772771,6.95414556962025,7.69294675365344,7.54907949451888,132
"143",2014,7,7.54615384615385,13,7.875,7.02,8,7.8,7.5,8,5,1,2,11,2613,1565,1048,317,960,1653,7.60181076157673,8.0363054313099,6.95297091603053,6.95744479495268,7.69316978125,7.54875289171204,133
"144",2014,8,7.56,13,8.16666666666667,6.195,4.75,5.5,7.93454545454545,9,4,2,2,11,2626,1574,1052,319,962,1664,7.60160377760853,8.03705082592122,6.9500888973384,6.94360501567398,7.68861017671518,7.551303203125,134
"145",2014,9,7.41176470588235,17,7.85714285714286,7.1,6.45,7.21428571428571,7.55,7,10,4,7,10,2643,1581,1062,323,969,1674,7.60038271660991,8.03625426944971,6.95150048964218,6.93749226006192,7.68518368421053,7.55129541816009,135
"146",2014,10,7.275,20,7.46428571428571,6.83333333333333,5,6.92857142857143,7.46153846153846,14,6,2,7,13,2663,1595,1068,325,976,1687,7.5979389861059,8.03123385579937,6.95083662921348,6.92556923076923,7.67975716188525,7.55060375222288,136
"147",2014,11,7.15,10,8.1,6.2,7,8.25,6.41666666666667,5,5,2,4,6,2673,1600,1073,327,980,1693,7.59626319491209,8.03144875,6.94733785647717,6.92602446483181,7.68208468367347,7.54658507383343,137
"148",2014,12,7.465,20,7.59090909090909,7.31111111111111,7.575,7.47142857142857,7.46153846153846,11,9,4,7,13,2693,1611,1082,331,987,1706,7.59528834756777,8.02844072004966,6.95036369685767,6.93386706948641,7.68059066869301,7.54593700468933,138
"149",2015,1,7.6195652173913,23,8.25,6.8,7.125,7.33333333333333,7.72058823529412,13,10,4,6,17,2716,1624,1092,335,993,1723,7.59549393225331,8.03021428571429,6.94898673992674,6.93614925373134,7.67849243705942,7.54766020313407,139
"150",2015,2,6.1875,8,7.75,5.66666666666667,5.5,7,6.07142857142857,2,6,2,1,7,2724,1626,1098,337,994,1730,7.59135885462555,8.02986961869619,6.94197952641166,6.92762611275965,7.67780984909457,7.54168701156069,140
"151",2015,3,7.22615384615385,13,7.99,6.57142857142857,6.66666666666667,7.735,7,6,7,3,4,9,2737,1632,1105,340,998,1739,7.58962423090976,8.02972303921569,6.93963214479638,6.92532352941177,7.67803906813627,7.53888357101783,141
"152",2015,4,7.94444444444444,9,8.07142857142857,7.5,NA,7.5,8.07142857142857,7,2,0,2,7,2746,1639,1107,340,1000,1746,7.59078715222141,8.02990115924344,6.94064455284553,6.92532352941177,7.67768299,7.54101863115693,142
"153",2015,5,6.41428571428571,14,7.33333333333333,5.725,6.6,7,6.18,6,8,3,4,10,2760,1645,1115,343,1004,1756,7.58481939130435,8.02736048632219,6.93192243946188,6.92247813411079,7.67498305776892,7.53326795558086,143
"154",2015,6,7.11111111111111,9,7.6,6.5,9,7.33333333333333,7,5,4,1,3,6,2769,1650,1119,344,1007,1762,7.58327971108703,8.02606545454546,6.93037848078642,6.92851744186047,7.67396523336643,7.53145206015891,144
"155",2015,7,7.53571428571429,14,7.95,6.5,7,NA,7.53571428571429,10,4,1,0,14,2783,1660,1123,345,1007,1776,7.58304043118936,8.02560722891566,6.92884552092609,6.92872463768116,7.67396523336643,7.53148565878378,145
"156",2015,8,7.23333333333333,15,7.375,7.07142857142857,7.33333333333333,6.66666666666667,7.375,8,7,3,3,12,2798,1668,1130,348,1010,1788,7.58116566118656,8.02248681055156,6.92972877876106,6.93221264367816,7.67097325742574,7.53043541946309,146
"157",2015,9,7.11363636363636,11,7.66666666666667,6.45,5.5,6,7.225,6,5,2,1,10,2809,1674,1135,350,1011,1798,7.57933482378071,8.02121146953405,6.92761543612335,6.92402857142857,7.66932046488625,7.52873666852058,147
"158",2015,10,7.61,10,7.87142857142857,7,6,7.08333333333333,8.4,7,3,2,6,4,2819,1681,1138,352,1017,1802,7.57944360411493,8.02058774538965,6.92780625659051,6.91877840909091,7.66586331366765,7.53067066037736,148
"159",2015,11,7.05882352941176,17,7.77777777777778,6.25,6.5,6.7,7.20833333333333,9,8,2,5,12,2836,1690,1146,354,1022,1814,7.57632282087447,8.01929467455621,6.92307462478185,6.91641242937853,7.66113795499021,7.52853832965821,149
"160",2015,12,7.66666666666667,15,8,7.375,7.2,7.6,7.7,7,8,5,5,10,2851,1697,1154,359,1027,1824,7.57679814801824,8.0192150854449,6.92620755632582,6.92036211699165,7.66084030185005,7.52947836074561,150
"161",2016,1,7.12631578947368,19,7.6875,6.71818181818182,5.96666666666667,7.41428571428571,6.95833333333333,8,11,3,7,12,2870,1705,1165,362,1034,1836,7.57381586062718,8.01765865102639,6.92424336480687,6.91245856353591,7.65917117021277,7.52574538671024,151
"162",2016,2,7.29230769230769,13,7.4125,7.1,6.75,7.66666666666667,7.18,8,5,2,3,10,2883,1713,1170,364,1037,1846,7.57254648629899,8.01483245767659,6.92499446153846,6.91156593406594,7.65919285438766,7.52387244312026,152
"163",2016,3,7.60333333333333,15,8.105,6.6,7,8.09,7.36,10,5,4,5,10,2898,1723,1175,368,1042,1856,7.57270583850932,8.01535577481138,6.92361150638298,6.91252717391305,7.6612600671785,7.52298950969827,153
"164",2016,4,6.84666666666667,15,7.6125,5.97142857142857,7,4,7.05,8,7,1,1,14,2913,1731,1182,369,1043,1870,7.56896722279437,8.01349393414212,6.91797252115059,6.91276422764228,7.65774975071908,7.5194484117647,154
"165",2016,5,7.3,10,7.8,6.8,NA,7.25,7.33333333333333,5,5,0,4,6,2923,1736,1187,369,1047,1876,7.56804704755388,8.01287903225807,6.91747558550969,6.91276422764228,7.65619196752626,7.51885316098081,155
"166",2016,6,7.39285714285714,14,7.75,6.5,NA,7.9,7.11111111111111,10,4,0,5,9,2937,1746,1191,369,1052,1885,7.56721195778005,8.01137342497137,6.91607348446683,6.91276422764228,7.65735075095057,7.51690638196286,156
"167",2016,7,7.43636363636364,11,8.2,7,NA,8.33333333333333,7.1,4,7,0,3,8,2948,1750,1198,369,1055,1893,7.56672371777476,8.01180457142857,6.91656387312187,6.91276422764228,7.65927297630332,7.51514449550977,157
"168",2016,8,7.88947368421053,19,8.3875,7.03571428571429,6.5,8,7.86,12,7,3,4,15,2967,1762,1205,372,1059,1908,7.56879053589484,8.01436322360954,6.91725603319502,6.90943548387097,7.66055995278565,7.51785562368973,158
"169",2016,9,7.8,15,8.03,7.34,7.5,8.14285714285714,7.5,10,5,3,7,8,2982,1772,1210,375,1066,1916,7.56995356136821,8.01445146726862,6.91900290909091,6.91416,7.66372700750469,7.51778106993737,159
"170",2016,10,7.70588235294118,17,7.93333333333333,6,6,6.7,8.125,15,2,2,5,12,2999,1787,1212,377,1071,1928,7.57072408136045,8.01377056519306,6.91748640264026,6.90931034482759,7.65922781512605,7.52156044087137,160
"171",2016,11,7.75,8,8,7,NA,NA,7.75,6,2,0,0,8,3007,1793,1214,377,1071,1936,7.57120103757898,8.01372448410485,6.91762233937397,6.90931034482759,7.65922781512605,7.52250440599173,161
"172",2016,12,7.88571428571429,14,8.14,7.25,8,7.75,7.94,10,4,1,4,10,3021,1803,1218,378,1075,1946,7.57265856338961,8.01442484747643,6.91871389162562,6.91219576719577,7.65956557209302,7.52464980986639,162
"173",2017,1,7,13,8.35714285714286,5.41666666666667,7.5,7,7,7,6,1,3,10,3034,1810,1224,379,1078,1956,7.57020485168095,8.0157502762431,6.91135091503268,6.91374670184697,7.65773004638219,7.52196755112474,163
"174",2017,2,6.98823529411765,17,7.04285714285714,6.95,7.66666666666667,6.66666666666667,7.05714285714286,7,10,3,3,14,3051,1817,1234,382,1081,1970,7.56696215011472,8.01200220143093,6.91166411669368,6.91965968586388,7.65497963922294,7.51866422842639,164
"175",2017,3,7.68695652173913,23,7.85555555555556,7.08,5,7.25,7.77894736842105,18,5,1,4,19,3074,1835,1239,383,1085,1989,7.56785996096291,8.01046757493188,6.91234343825666,6.91464751958225,7.65348662672811,7.52115059326294,165
"176",2017,4,7.78888888888889,18,8.2,7.14285714285714,7,8.44,7.53846153846154,11,7,3,5,13,3092,1846,1246,386,1090,2002,7.56914667529107,8.01159696641387,6.91363845906902,6.91531088082902,7.65709448623853,7.521263001998,166
"177",2017,5,7.92777777777778,9,8.10625,6.5,6.5,7.75,7.95,8,1,1,1,8,3101,1854,1247,387,1091,2010,7.57018752660432,8.01200539374326,6.91330675220529,6.91423772609819,7.65717964252979,7.52296941791045,167
"178",2017,6,7.20583333333333,12,7.30875,7,6,5.82333333333333,7.66666666666667,8,4,2,3,9,3113,1862,1251,389,1094,2019,7.56878301317058,8.00898388829216,6.91358394884093,6.90953727506427,7.65215081352834,7.52360997028232,168
"179",2017,7,7.36923076923077,13,7.85,5.76666666666667,5.5,7.56,7.25,10,3,2,5,8,3126,1872,1254,391,1099,2027,7.56795314139475,8.00813461538462,6.91084012759171,6.9023273657289,7.65173156505914,7.52253010853478,169
"180",2017,8,7.64285714285714,21,7.93333333333333,6.91666666666667,7,8.42857142857143,7.25,15,6,2,7,14,3147,1887,1260,393,1106,2041,7.56845297743883,8.00754001059884,6.91086787301587,6.90282442748092,7.65664827305606,7.52066072023518,170
"181",2017,9,6.875,8,7.2,6.33333333333333,6,6,7,5,3,1,1,7,3155,1892,1263,394,1107,2048,7.56669461806656,8.00540591966174,6.90949605700713,6.90053299492386,7.65515175248419,7.51888111816406,171
"182",2017,10,7.31875,16,7.9,6.35,5.83333333333333,7.16666666666667,7.35384615384615,10,6,3,3,13,3171,1902,1269,397,1110,2061,7.56544355723746,8.00485173501578,6.9068506855792,6.89246851385391,7.65383152252252,7.51784014070839,172
"183",2017,11,8.3125,16,8.45,8.08333333333333,NA,9,8,10,6,0,5,11,3187,1912,1275,397,1115,2072,7.56919407593348,8.00717991631799,6.9123870745098,6.89246851385391,7.65986815246637,7.52039986969112,173
"184",2017,12,7.33333333333333,9,8.2,6.25,6,7.5,7.28571428571429,5,4,1,2,7,3196,1917,1279,398,1117,2079,7.5685298873592,8.00768283776735,6.91031549648163,6.89022613065327,7.65958190689346,7.51960968253968,174
"185",2018,1,7.80769230769231,13,8.05,7,8,7.5,7.9,10,3,1,3,10,3209,1927,1282,399,1120,2089,7.56949875973824,8.00790243902439,6.91052536661466,6.89300751879699,7.65915445535714,7.5214306031594,175
"186",2018,2,6.96428571428571,14,8.0625,5.5,6.5,7.5,6.5625,8,6,2,6,8,3223,1935,1288,401,1126,2097,7.56686984796773,8.00812816537468,6.90395459627329,6.89104738154614,7.65830638543517,7.51777230805913,176
"187",2018,3,6.71428571428571,7,7.5,5.66666666666667,5,9,6.33333333333333,4,3,2,1,6,3230,1939,1291,403,1127,2103,7.56502214241486,8.00707993811243,6.90107941130906,6.88166253101737,7.65949688553682,7.51439302425107,177
"188",2018,4,6.72222222222222,9,8.7,4.25,NA,8.5,6.21428571428571,5,4,0,2,7,3239,1944,1295,403,1129,2110,7.56268030873726,8.0088621399177,6.89289074903475,6.88166253101737,7.66098581930912,7.51007987203791,178
"189",2018,5,8.05882352941176,17,8.45454545454546,7.33333333333333,7.6,8.16666666666667,8,11,6,5,6,11,3256,1955,1301,408,1135,2121,7.56527073710074,8.01136982097187,6.89492199846272,6.89046568627451,7.66365902202643,7.51262071192833,179
"190",2018,6,7.375,8,7.83333333333333,6,NA,8.2,6,6,2,0,5,3,3264,1961,1303,408,1140,2124,7.5648043872549,8.01082508924019,6.89354836531082,6.89046568627451,7.66601139473684,7.51048424199623,180
"191",2018,7,8.16666666666667,9,8.41666666666667,7.66666666666667,7,7.5,8.35714285714286,6,3,1,2,7,3273,1967,1306,409,1142,2131,7.566459370608,8.01206304016269,6.89532428790199,6.89073349633252,7.66572065674256,7.51326538244955,181
"192",2018,8,5.8,5,8,5.25,NA,6,5.66666666666667,1,4,0,2,3,3278,1968,1310,409,1144,2134,7.56376495424039,8.01205691056911,6.89030039694656,6.89073349633252,7.66280855769231,7.51066941424555,182
"193",2018,9,6.79833333333333,12,7.0725,6.25,7,6.11,7.02777777777778,8,4,1,3,9,3290,1976,1314,410,1147,2143,7.56097310638298,8.00825303643725,6.88835123287671,6.891,7.65874715780296,7.50864140457303,183
"194",2018,10,7.16666666666667,15,7.40909090909091,6.5,5,7,7.19230769230769,11,4,1,2,13,3305,1987,1318,411,1149,2156,7.55918351588502,8.00493608454958,6.88717262518968,6.88639902676399,7.65760051348999,7.50673401205937,184
"195",2018,11,7.2875,8,7.5,7.21666666666667,7,8,7.05,2,6,2,2,6,3313,1989,1324,413,1151,2162,7.55852747358889,8.00442835595777,6.88866580060423,6.88694915254237,7.6581954735013,7.50546648011101,185
"196",2018,12,7.48461538461538,13,7.4,7.58333333333333,8,NA,7.48461538461538,7,6,1,0,13,3326,1996,1330,414,1151,2175,7.55823858087793,8.00230861723447,6.89179963909774,6.88963768115942,7.6581954735013,7.50534185287356,186
"197",2019,1,7.38333333333333,15,7.93181818181818,5.875,7.5,7.5,7.36538461538461,11,4,1,2,13,3341,2007,1334,415,1153,2188,7.55745331337923,8.00192227204784,6.88875076461769,6.89110843373494,7.65792106678231,7.50451029707495,187
"198",2019,2,7.19230769230769,13,7.9,6.75,5.5,7.5,7.1,5,8,2,3,10,3354,2012,1342,417,1156,2198,7.5560380202743,8.0016689860835,6.88792363636364,6.88443645083933,7.65751123702422,7.50266994085532,188
"199",2019,3,7.825,28,7.93888888888889,7.62,6.66666666666667,8.8,7.61304347826087,18,10,3,5,23,3382,2030,1352,420,1161,2221,7.55826479006505,8.00111231527094,6.89333840236686,6.88288095238095,7.66243151593454,7.50381293561458,189
"200",2019,4,7.02005842105263,19,7.61507928571429,5.354,6,5.66666666666667,7.273819375,14,5,2,3,16,3401,2044,1357,422,1164,2237,7.55525805057336,7.99846825342466,6.88766655858511,6.87869668246446,7.65728779209622,7.5021679213232,190
"201",2019,5,6.9,10,7.66666666666667,6.57142857142857,5,4.5,7.5,3,7,2,2,8,3411,2047,1364,424,1166,2245,7.5533370360598,7.99798197850513,6.88604363636364,6.86983490566038,7.65187220411664,7.50216019599109,191
"202",2019,6,8,13,8,8,8,8,8,9,4,1,3,10,3424,2056,1368,425,1169,2255,7.5550328942757,7.99799081225681,6.88930081871345,6.87249411764706,7.65276560307955,7.5043679113082,192
"203",2019,7,7.31428571428571,14,7.3,7.35,7.35,7,7.44,10,4,4,4,10,3438,2066,1372,429,1173,2265,7.55405253926701,7.99461234753147,6.89064396501458,6.87694638694639,7.65053963341858,7.50408372626931,193
"204",2019,8,7.53125,16,7.625,7.25,NA,6,7.75,12,4,0,2,14,3454,2078,1376,429,1175,2279,7.55394691082802,7.99247791626564,6.89168860465116,6.87694638694639,7.64773020425532,7.50559440105309,194
"205",2019,9,7.7,15,8,6.5,6.5,7.7,7.7,12,3,2,5,10,3469,2090,1379,431,1180,2289,7.55457844623811,7.99252110526316,6.8908364902103,6.87519721577726,7.64795168644068,7.50644370467453,195
"206",2019,10,7.25,8,8.75,5.75,4.5,10,6.85714285714286,4,4,2,1,7,3477,2094,1383,433,1181,2296,7.55387766177739,7.99396805635149,6.88753689081706,6.86422632794457,7.64994325994919,7.50446412891986,196
"207",2019,11,7.73076923076923,13,8.1875,7,7.5,8.25,7.63636363636364,8,5,2,2,11,3490,2102,1388,435,1183,2307,7.55453657020057,7.99470461941009,6.88794201729107,6.86714942528736,7.65095772612003,7.50509303857824,197
"208",2019,12,7.3,15,7.73333333333333,7.01111111111111,8.3,7.5,7.28571428571429,6,9,1,1,14,3505,2108,1397,436,1184,2321,7.5534472553495,7.99396067836813,6.88873551896922,6.87043577981652,7.65083022804054,7.50376977165015,198
"209",2020,1,7.875,16,8.4,7,6.625,8.25,7.82142857142857,10,6,4,2,14,3521,2118,1403,440,1186,2335,7.55490844362397,7.9958777667611,6.88921134711333,6.86820454545455,7.65184063237774,7.50567436402569,199
"210",2020,2,7.17222222222222,18,7.46666666666667,6.58333333333333,5,7.53333333333333,7.1,12,6,2,3,15,3539,2130,1409,442,1189,2350,7.55296203164736,7.99289629577465,6.88790881476224,6.85975113122172,7.65154162321278,7.50308495319149,200
"211",2020,3,6.7,10,7.14285714285714,5.66666666666667,7,6,6.77777777777778,7,3,1,1,9,3549,2137,1412,443,1190,2359,7.55055864468864,7.99011189050071,6.88531410764872,6.8600677200903,7.65015377310924,7.50031777871979,201
"212",2020,4,6.40823529411765,17,7.424,4.95714285714286,7,7,6.28142857142857,10,7,1,3,14,3566,2147,1419,444,1193,2373,7.54511290802019,7.98747513274337,6.87580233967583,6.86038288288289,7.64851885163453,7.49312669195111,202
"213",2020,5,7.83095238095238,21,7.98333333333333,7.45,7.5,7.78333333333333,7.85,15,6,2,6,15,3587,2162,1425,446,1199,2388,7.54678634792305,7.98744639685477,6.87822001403509,6.86325112107624,7.64919348623853,7.49536835845896,203
"214",2020,6,7.96666666666667,15,8.35,7.2,7.16666666666667,9,7.89285714285714,10,5,3,1,14,3602,2172,1430,449,1200,2402,7.54853487784564,7.98911561233886,6.87934511888112,6.86527839643653,7.65031915833333,7.49768511240632,204
"215",2020,7,7.79166666666667,12,8.125,7.125,6.5,8,7.77272727272727,8,4,1,1,11,3614,2180,1434,450,1201,2413,7.5493421776425,7.98961427064221,6.88003034867504,6.86446666666667,7.650610316403,7.49893893079154,205
"216",2020,8,7.39714285714286,14,7.58222222222222,7.064,7.32,7.56,7.332,9,5,1,4,10,3628,2189,1439,451,1205,2423,7.54875485942668,7.98793929191412,6.88066957609451,6.86547671840355,7.65030953526971,7.49824995460173,206
"217",2020,9,8,11,8.2,7.83333333333333,8,8,8,5,6,1,1,10,3639,2194,1445,452,1206,2433,7.55011888705688,7.98842256608934,6.8846252733564,6.86798672566372,7.65059949419569,7.50031222359227,207
"218",2020,10,7.51428571428571,21,7.95384615384615,6.8,8,7,7.6,13,8,1,3,18,3660,2207,1453,453,1209,2451,7.54991328688524,7.98821889895787,6.884159339298,6.87048565121413,7.64898510339123,7.5010443247654,208
"219",2020,11,7.375,12,7.57142857142857,7.1,7.5,7.83333333333333,7.22222222222222,7,5,1,3,9,3672,2214,1458,454,1212,2460,7.5493416748366,7.98690113369468,6.88489953360768,6.87187224669604,7.64944141089109,7.50002424390243,209
"220",2020,12,7.65,20,7.84615384615385,7.28571428571429,6.25,6.75,7.875,13,7,2,4,16,3692,2227,1465,456,1216,2476,7.54988695287107,7.9860795285137,6.8868146894198,6.86914473684211,7.64648272203947,7.50244735056542,210
"221",2021,1,7.84782608695652,23,8.046875,7.39285714285714,6,7.75,7.88235294117647,16,7,1,6,17,3715,2243,1472,457,1222,2493,7.55173152893674,7.98651320107,6.88922114130435,6.86724288840263,7.64699099018003,7.50503796229442,211
"222",2021,2,7.72,15,8.36363636363636,5.95,4,9,7.52307692307692,11,4,1,2,13,3730,2254,1476,458,1224,2506,7.55240821179625,7.98835364241349,6.88667582655827,6.86098253275109,7.64920178921569,7.50513154030327,212
"223",2021,3,7.625,12,7.72222222222222,7.33333333333333,NA,7.83333333333333,7.55555555555556,9,3,0,3,9,3742,2263,1479,458,1227,2515,7.55264100213789,7.98729523199294,6.88758182555781,6.86098253275109,7.64965198859006,7.50531198409542,213
"224",2021,4,6.92857142857143,14,7.71428571428571,6.14285714285714,6.5,8,6.75,7,7,4,2,12,3756,2270,1486,462,1229,2527,7.55031486421725,7.98645335242291,6.88407370121131,6.85785714285715,7.65022212367779,7.50172522358527,214
"225",2021,5,7.05,14,7.41111111111111,6.4,6,7,7.06363636363636,9,5,1,3,11,3770,2279,1491,463,1232,2538,7.54845693103448,7.98418126810005,6.88245038229376,6.85600431965443,7.64863879058442,7.49982649330181,215
"226",2021,6,8.21428571428571,7,8.5,7.5,NA,7.5,8.5,5,2,0,2,5,3777,2284,1493,463,1234,2543,7.54969092666137,7.98531046847636,6.88327764233088,6.85600431965443,7.64839788492707,7.50179301612269,216
"227",2021,7,7.73333333333333,15,7.9,7.4,NA,6.5,7.92307692307692,10,5,0,2,13,3792,2294,1498,463,1236,2556,7.55041736023207,7.98493858326069,6.88500234979973,6.85600431965443,7.64653963592233,7.50393569640062,217
"228",2021,8,7.36083333333333,12,8.0625,5.9575,4.915,7.625,7.22875,8,4,2,4,8,3804,2302,1502,465,1240,2564,7.54981930336488,7.98520812771504,6.88253230359521,6.8476559139785,7.64647015322581,7.5030770826833,218
"229",2021,9,7,7,8.16666666666667,6.125,3,3,7.66666666666667,3,4,1,1,6,3811,2305,1506,466,1241,2570,7.54880940173183,7.98544429934925,6.88052026560425,6.8393991416309,7.64272601933924,7.50345900389105,219
"230",2021,10,7.5,12,7.57142857142857,7.4,7,NA,7.5,7,5,1,0,12,3823,2312,1511,467,1241,2582,7.54865619408841,7.9841907915225,6.88223925876903,6.83974304068523,7.64272601933924,7.50344292796282,220
"231",2021,11,7.31818181818182,11,7.57142857142857,6.875,6.83333333333333,7,7.38888888888889,7,4,3,2,9,3834,2319,1515,470,1243,2591,7.54799494783516,7.98294485122898,6.88222014521452,6.83970212765958,7.64169186645213,7.50304501736781,221
"232",2021,12,7.5625,28,8.09722222222222,6.6,6.75,8.16666666666667,7.49,18,10,4,3,25,3862,2337,1525,474,1246,2616,7.54810011134127,7.98382503637142,6.88036952131147,6.83894514767933,7.64295585072231,7.50292035168195,222
"233",2022,1,7.49,20,7.67692307692308,7.14285714285714,7.5,7.25,7.51666666666667,13,7,1,2,18,3882,2350,1532,475,1248,2634,7.5478007805255,7.98212728085107,6.88156887728459,6.84033684210527,7.64232611378205,7.50301429005315,223
"234",2022,2,7.56190476190476,21,7.87272727272727,7.22,7,8,7.425,11,10,2,5,16,3903,2361,1542,477,1253,2650,7.54787666666667,7.98161758153325,6.88376363164721,6.84100628930818,7.64375338387869,7.50254326037735,224
"235",2022,3,7.38888888888889,9,7.5,6.5,NA,7.125,7.6,8,1,0,4,5,3912,2369,1543,477,1257,2655,7.54751089723926,7.97999118193331,6.88351491898898,6.84100628930818,7.64210261734288,7.50272679472693,225
"236",2022,4,7.0625,16,7.5,6.33333333333333,5.5,5.5,7.42307692307692,10,6,2,3,13,3928,2379,1549,479,1260,2668,7.54553529276986,7.97797356452291,6.88138380890897,6.83540709812109,7.63700237301587,7.50233869565217,226
"237",2022,5,7,8,6.875,7.125,7,6.83333333333333,7.1,4,4,1,3,5,3936,2383,1553,480,1263,2673,7.54442648119919,7.97612216114142,6.88201128139086,6.83575,7.63509342042755,7.5015860980172,227
"238",2022,6,7.91666666666667,12,8,7.66666666666667,NA,7.75,7.95,9,3,0,2,10,3948,2392,1556,480,1265,2683,7.54555791033435,7.97621200250837,6.88352411311054,6.83575,7.63527509090909,7.50325741334327,228
"239",2022,7,7.34375,16,7.65,6.83333333333333,6,7,7.36666666666667,10,6,1,1,15,3964,2402,1562,481,1266,2698,7.54474334762866,7.9748539175687,6.88333131882202,6.83401247401248,7.63477329383886,7.50249801334321,229
"240",2022,8,7.26666666666667,12,7.2,7.33333333333333,7,6.875,7.4625,6,6,2,4,8,3976,2408,1568,483,1270,2706,7.54390408199195,7.97292321843854,6.88505326530612,6.83469979296066,7.63238030708661,7.50237976348854,230
"241",2022,9,7,9,7.5,6.6,5,7,7,4,5,2,2,7,3985,2412,1573,485,1272,2713,7.54267569134253,7.9721389344942,6.88414718372537,6.82713402061856,7.63138599842767,7.50108353851824,231
"242",2022,10,7.125,12,7.07142857142857,7.2,8,7.5,7,7,5,1,3,9,3997,2419,1578,486,1275,2722,7.54142172379284,7.96953249689955,6.88514798479087,6.82954732510288,7.63107685490196,7.49942675973548,232
"243",2022,11,7.78611111111111,18,7.90769230769231,7.47,7.8,7.56666666666667,7.89583333333333,13,5,2,6,12,4015,2432,1583,488,1281,2734,7.54251871232877,7.96920193667764,6.88699527479469,6.83352459016394,7.63077516783763,7.50116665691294,233
"244",2022,12,6.96428571428571,14,7.40909090909091,5.33333333333333,7,6.875,7,11,3,1,4,10,4029,2443,1586,489,1285,2744,7.54050946388682,7.96667994678674,6.88405644388399,6.83386503067485,7.62842256031128,7.49934024781341,234
