"","year","month","avg_rating","no_ratings","avg_rating_owned","avg_rating_not_owned","avg_rating_prev_owned","avg_rating_comment","avg_rating_no_comment","no_ratings_owned","no_ratings_not_owned","no_ratings_prev_owned","no_ratings_comment","no_ratings_no_comment","cum_no_ratings","cum_no_ratings_owned","cum_no_ratings_not_owned","cum_no_ratings_prev_owned","cum_no_ratings_comment","cum_no_ratings_no_comment","cum_avg_rating","cum_avg_rating_owned","cum_avg_rating_not_owned","cum_avg_rating_prev_owned","cum_avg_rating_comment","cum_avg_rating_no_comment","month_after_release"
"1",2009,12,8.252,25,8.65555555555556,7.21428571428571,8.33333333333333,8.1,8.29,18,7,3,5,20,25,18,7,3,5,20,8.252,8.65555555555556,7.21428571428571,8.33333333333333,8.1,8.29,0
"2",2010,1,7.90795454545455,44,8.23928571428571,7.328125,8,8.375,7.7328125,28,16,7,12,32,69,46,23,10,17,52,8.03260869565217,8.40217391304348,7.29347826086957,8.1,8.29411764705882,7.94711538461539,1
"3",2010,2,7.81034482758621,29,7.80952380952381,7.8125,7.875,7.83333333333333,7.80434782608696,21,8,4,6,23,98,67,31,14,23,75,7.96683673469388,8.21641791044776,7.42741935483871,8.03571428571429,8.17391304347826,7.90333333333333,2
"4",2010,3,8.36666666666667,27,8.60769230769231,8.14285714285714,8.7,8.48333333333333,8.33333333333333,13,14,5,6,21,125,80,45,19,29,96,8.0532,8.28,7.65,8.21052631578947,8.23793103448276,7.99739583333333,3
"5",2010,4,8.325,40,8.38888888888889,8.19230769230769,8.3,8.45454545454546,8.27586206896552,27,13,5,11,29,165,107,58,24,40,125,8.11909090909091,8.30747663551402,7.77155172413793,8.22916666666667,8.2975,8.062,4
"6",2010,5,7.78137254901961,51,8.15666666666667,7.2452380952381,7.88571428571429,7.39285714285714,7.92837837837838,30,21,7,14,37,216,137,79,31,54,162,8.03935185185185,8.27445255474452,7.63164556962025,8.15161290322581,8.06296296296296,8.03148148148148,5
"7",2010,6,7.67613636363636,44,8.38636363636364,6.96590909090909,7.55,8.03571428571429,7.50833333333333,22,22,5,14,30,260,159,101,36,68,192,7.97788461538462,8.28993710691824,7.48663366336634,8.06805555555555,8.05735294117647,7.94973958333333,6
"8",2010,7,8.102,50,8.48857142857143,7.2,7.83333333333333,8.00769230769231,8.13513513513514,35,15,6,13,37,310,194,116,42,81,229,7.99790322580645,8.32577319587629,7.44956896551724,8.03452380952381,8.04938271604938,7.97969432314411,7
"9",2010,8,7.62338709677419,62,8.23166666666667,7.053125,6.83636363636364,7.91666666666667,7.553,30,32,11,12,50,372,224,148,53,93,279,7.93548387096774,8.31316964285714,7.36385135135135,7.78584905660377,8.03225806451613,7.90322580645161,8
"10",2010,9,7.66666666666667,57,8.25862068965517,7.05357142857143,7.65,7.46875,7.74390243902439,29,28,10,16,41,429,253,176,63,109,320,7.8997668997669,8.30691699604743,7.31448863636364,7.76428571428571,7.94954128440367,7.8828125,9
"11",2010,10,7.98035714285714,56,8.52352941176471,7.14090909090909,7.16666666666667,8.23333333333333,7.88780487804878,34,22,3,15,41,485,287,198,66,124,361,7.90907216494845,8.33257839721254,7.29520202020202,7.73712121212121,7.98387096774194,7.88337950138504,10
"12",2010,11,7.64098387096774,62,8.11034482758621,7.22851515151515,7.6,7.92272727272727,7.58021568627451,29,33,5,11,51,547,316,231,71,135,412,7.87868555758684,8.3121835443038,7.28567532467532,7.72746478873239,7.97888888888889,7.84585194174757,11
"13",2010,12,7.60526315789474,57,8.27777777777778,6.45238095238095,6.875,7.90625,7.48780487804878,36,21,12,16,41,604,352,252,83,151,453,7.85288245033113,8.30866477272727,7.21623412698413,7.60421686746988,7.97119205298013,7.81344591611479,12
"14",2011,1,7.82162162162162,74,8.174,7.0875,7.44285714285714,8.13181818181818,7.69038461538462,50,24,7,22,52,678,402,276,90,173,505,7.84947050147493,8.29191542288557,7.20503985507246,7.59166666666667,7.99161849710983,7.80077425742574,13
"15",2011,2,8.06929824561404,57,8.35,7.58809523809524,8.2,8.57,7.79864864864865,36,21,5,20,37,735,438,297,95,193,542,7.86651836734694,8.29668949771689,7.23212457912458,7.62368421052631,8.05155440414508,7.80062915129151,14
"16",2011,3,7.92890625,64,8.60810810810811,6.99814814814815,7.13181818181818,8.67857142857143,7.719,37,27,11,14,50,799,475,324,106,207,592,7.87151564455569,8.32094736842105,7.21262654320988,7.57264150943396,8.09396135265701,7.7937347972973,15
"17",2011,4,7.5452380952381,42,8.03461538461539,6.75,7.66666666666667,7.79,7.46875,26,16,3,10,32,841,501,340,109,217,624,7.85522116527943,8.30608782435129,7.19085588235294,7.57522935779816,8.07995391705069,7.77706891025641,16
"18",2011,5,7.44024390243902,41,7.72826086956522,7.07222222222222,7.8,7.52777777777778,7.415625,23,18,5,9,32,882,524,358,114,226,656,7.83593083900227,8.28072519083969,7.18489106145251,7.58508771929824,8.05796460176991,7.7594375,17
"19",2011,6,7.84342105263158,38,8.51470588235294,7.3,7.6,8.41666666666667,7.57884615384615,17,21,5,12,26,920,541,379,119,238,682,7.8362402173913,8.28807763401109,7.1912691292876,7.58571428571429,8.07605042016807,7.75255278592375,18
"20",2011,7,7.91349206349206,63,8.295,7.25,6.96875,7.8,7.93490566037736,40,23,8,10,53,983,581,402,127,248,735,7.84119125127162,8.28855421686747,7.19462935323383,7.54685039370079,8.06491935483871,7.76570204081633,19
"21",2011,8,7.79433962264151,53,8.128125,7.28571428571429,8,7.65555555555556,7.82272727272727,32,21,7,9,44,1036,613,423,134,257,779,7.8387944015444,8.28017944535073,7.19915130023641,7.5705223880597,8.05058365758755,7.76892297817715,20
"22",2011,9,7.81041666666667,48,8.18064516129032,7.13529411764706,7.42857142857143,7.71111111111111,7.83333333333333,31,17,7,9,39,1084,644,440,141,266,818,7.83753782287823,8.27538819875776,7.19668409090909,7.56347517730496,8.0390977443609,7.77199388753056,21
"23",2011,10,7.86428571428571,56,8.3828125,7.17291666666667,7.25,7.59615384615385,7.9453488372093,32,24,8,13,43,1140,676,464,149,279,861,7.83885175438596,8.28047337278106,7.19545474137931,7.54664429530201,8.01845878136201,7.78065156794425,22
"24",2011,11,7.43,60,8.27096774193548,6.53103448275862,7.25,7.33333333333333,7.44074074074074,31,29,6,6,54,1200,707,493,155,285,915,7.81840916666667,8.28005657708628,7.15637119675456,7.53516129032258,8.0040350877193,7.7605912568306,23
"25",2011,12,7.77692307692308,65,8.06470588235294,7.46129032258064,8.25555555555556,8.23076923076923,7.66346153846154,34,31,9,13,52,1265,741,524,164,298,967,7.81627747035573,8.27017543859649,7.17441030534351,7.57469512195122,8.01392617449665,7.75536814891417,24
"26",2012,1,7.60670103092783,97,8.26530612244898,6.934375,7.03571428571429,7.435,7.6512987012987,49,48,14,20,77,1362,790,572,178,318,1044,7.8013516886931,8.26987341772152,7.15426748251748,7.53230337078652,7.97751572327044,7.74769252873563,25
"27",2012,2,7.33333333333333,54,7.95357142857143,6.66538461538462,6.125,6.55833333333333,7.5547619047619,28,26,4,12,42,1416,818,598,182,330,1086,7.78350353107345,8.25904645476772,7.13301170568562,7.50137362637363,7.92590909090909,7.74023112338858,26
"28",2012,3,7.69827586206897,58,8.25,7.18333333333333,7.15625,7.875,7.65217391304348,28,30,16,12,46,1474,846,628,198,342,1132,7.78014993215739,8.25874704491726,7.13541560509554,7.47348484848485,7.92412280701754,7.73665282685512,27
"29",2012,4,7.78,50,8.234375,6.97222222222222,7.75,8.04166666666667,7.69736842105263,32,18,8,12,38,1524,878,646,206,354,1170,7.78014501312336,8.25785876993166,7.13086842105263,7.48422330097087,7.92810734463277,7.73537692307692,28
"30",2012,5,7.81759259259259,54,8.30454545454545,7.05238095238095,7.50909090909091,7.49090909090909,7.90116279069767,33,21,11,11,43,1578,911,667,217,365,1213,7.78142648922687,8.25954994511526,7.12839730134933,7.48548387096774,7.91493150684932,7.74125391591096,29
"31",2012,6,7.54468085106383,47,8.04137931034483,6.74444444444444,6.83333333333333,7.41333333333333,7.60625,29,18,6,15,32,1625,940,685,223,380,1245,7.77457907692308,8.25281914893617,7.11830802919708,7.46793721973094,7.89513157894737,7.73778393574297,30
"32",2012,7,7.70297872340426,47,8.13103448275862,7.01333333333333,7.16666666666667,7,7.80585365853659,29,18,6,6,41,1672,969,703,229,386,1286,7.77256638755981,8.24917440660474,7.11562019914652,7.46004366812227,7.88121761658031,7.73995412130638,31
"33",2012,8,7.53220338983051,59,8.11764705882353,6.736,7.39,7.84615384615385,7.44347826086956,34,25,10,13,46,1731,1003,728,239,399,1332,7.7643737723859,8.24471585244267,7.10258379120879,7.4571129707113,7.88007518796992,7.72971546546546,32
"34",2012,9,7.64186046511628,43,7.95,7.06666666666667,6.7,7.28571428571429,7.71111111111111,28,15,5,7,36,1774,1031,743,244,406,1368,7.76140417136415,8.23671193016489,7.10185868102288,7.44159836065574,7.8698275862069,7.72922587719298,33
"35",2012,10,7.8936170212766,47,8.11290322580645,7.46875,7.83333333333333,7.4,8.02702702702703,31,16,6,10,37,1821,1062,759,250,416,1405,7.76481658429434,8.23309792843691,7.10959288537549,7.451,7.85853365384615,7.73706832740214,34
"36",2012,11,7.52589285714286,56,8.10735294117647,6.62727272727273,6.66666666666667,8.15384615384615,7.33604651162791,34,22,3,13,43,1877,1096,781,253,429,1448,7.75768833244539,8.22919708029197,7.09600640204865,7.44169960474308,7.86748251748252,7.72515953038674,35
"37",2012,12,7.83508771929825,57,8.23529411764706,7.24347826086957,6.875,8.22941176470588,7.6675,34,23,8,17,40,1934,1130,804,261,446,1488,7.75996949327818,8.22938053097345,7.10022512437811,7.42432950191571,7.88127802690583,7.72360954301075,36
"38",2013,1,7.67888888888889,90,8.25490196078431,6.92564102564103,6.32142857142857,7.47727272727273,7.74411764705882,51,39,14,22,68,2024,1181,843,275,468,1556,7.75636413043478,8.23048264182896,7.09214827995255,7.36818181818182,7.86228632478633,7.7245057840617,37
"39",2013,2,7.44285714285714,56,7.90689655172414,6.94444444444444,7.5,8,7.32173913043478,29,27,9,10,46,2080,1210,870,284,478,1602,7.74792355769231,8.22272727272727,7.08756436781609,7.37235915492958,7.86516736401674,7.71294069912609,38
"40",2013,3,7.84883720930233,43,7.98148148148148,7.625,7.375,8.14545454545454,7.746875,27,16,8,11,32,2123,1237,886,292,489,1634,7.74996749882242,8.21746160064672,7.097269751693,7.37243150684932,7.87147239263804,7.71360526315789,39
"41",2013,4,7.34464285714286,56,7.93666666666667,6.66153846153846,6.56363636363636,8,7.05897435897436,30,26,11,17,39,2179,1267,912,303,506,1673,7.73955071133547,8.21081294396211,7.0848475877193,7.34306930693069,7.87579051383399,7.6983448894202,40
"42",2013,5,7.65853658536585,41,8.21739130434783,6.94444444444444,6.75,7.42857142857143,7.70588235294118,23,18,10,7,34,2220,1290,930,313,513,1707,7.7380545045045,8.21093023255814,7.08213010752688,7.3241214057508,7.86968810916179,7.69849502050381,41
"43",2013,6,7.2,41,7.62857142857143,6.75,6.66666666666667,7.85714285714286,7.06470588235294,21,20,3,7,34,2261,1311,950,316,520,1741,7.72829765590447,8.20160183066361,7.07513789473684,7.31787974683544,7.86951923076923,7.68611774842045,42
"44",2013,7,7.16111111111111,54,7.8,6.65,7.28571428571429,8.05,6.95909090909091,24,30,14,10,44,2315,1335,980,330,530,1785,7.71506738660907,8.19438202247191,7.06212346938776,7.31651515151515,7.87292452830189,7.66819663865546,43
"45",2013,8,7.44,45,7.78846153846154,6.96315789473684,7.61111111111111,7.91428571428571,7.2258064516129,26,19,9,14,31,2360,1361,999,339,544,1816,7.70982245762712,8.18662747979427,7.06024124124124,7.32433628318584,7.87398897058824,7.66064482378855,44
"46",2013,9,7.49111111111111,45,7.84,6.79333333333333,6.71428571428571,7.65454545454545,7.43823529411765,30,15,7,11,34,2405,1391,1014,346,555,1850,7.70573014553015,8.17915168943206,7.05629289940828,7.31199421965318,7.86963963963964,7.6565572972973,45
"47",2013,10,7.54090909090909,55,7.93088235294118,6.90952380952381,7.5,8.02916666666667,7.4046511627907,34,21,7,12,43,2460,1425,1035,353,567,1893,7.70204512195122,8.17322807017544,7.05331497584541,7.3157223796034,7.87301587301587,7.6508351822504,46
"48",2013,11,7.69081632653061,49,8.195,6.89473684210526,6.66666666666667,7.725,7.68414634146342,30,19,6,8,41,2509,1455,1054,359,575,1934,7.70182582702272,8.17367697594502,7.05045635673624,7.30487465181058,7.87095652173913,7.65154136504654,47
"49",2013,12,7.89811320754717,53,8.24615384615385,6.92857142857143,7.5,8.33333333333333,7.77073170731707,39,14,5,12,41,2562,1494,1068,364,587,1975,7.70588641686183,8.17556894243641,7.04885861423221,7.30755494505494,7.88040885860307,7.65401569620253,48
"50",2014,1,7.70674157303371,89,8.198,7.07692307692308,7.23684210526316,8.09166666666667,7.60915492957746,50,39,19,18,71,2651,1544,1107,383,605,2046,7.70591512636741,8.17629533678756,7.04984733514002,7.30404699738903,7.88669421487603,7.65245894428153,49
"51",2014,2,7.70172413793103,58,8.06470588235294,7.1875,7.04545454545455,7.66666666666667,7.71086956521739,34,24,11,12,46,2709,1578,1131,394,617,2092,7.7058253968254,8.17389100126743,7.05276834659593,7.29682741116751,7.882414910859,7.65374330783939,50
"52",2014,3,7.68909090909091,55,7.94166666666667,7.21052631578947,7,7.27777777777778,7.7695652173913,36,19,10,9,46,2764,1614,1150,404,626,2138,7.70549240231548,8.16871127633209,7.0553747826087,7.2894801980198,7.87372204472843,7.6562352666043,51
"53",2014,4,7.30377358490566,53,8.05714285714286,6.46,6.72727272727273,7.52941176470588,7.19722222222222,28,25,11,17,36,2817,1642,1175,415,643,2174,7.69793432729854,8.16680876979293,7.04270723404255,7.27457831325301,7.86461897356143,7.64863431462742,52
"54",2014,5,7.60394736842105,38,7.99545454545455,7.065625,6.97777777777778,6.96666666666667,7.7234375,22,16,9,6,32,2855,1664,1191,424,649,2206,7.69668336252189,8.16454326923077,7.04301511335013,7.26827830188679,7.85631741140216,7.64971940163191,53
"55",2014,6,7.44565217391304,46,7.89583333333333,6.95454545454545,6.8,6,7.51136363636364,24,22,10,2,44,2901,1688,1213,434,651,2250,7.69270286108238,8.16072274881517,7.04141055234955,7.25748847926267,7.85061443932412,7.64701377777778,54
"56",2014,7,7.29268292682927,41,7.94347826086956,6.46111111111111,6.7,7.32857142857143,7.28529411764706,23,18,9,7,34,2942,1711,1231,443,658,2284,7.68712814411965,8.15780245470485,7.032925264013,7.24616252821671,7.84506079027356,7.64162915936953,55
"57",2014,8,7.375,50,7.95833333333333,6.83653846153846,7.05769230769231,7.10714285714286,7.47916666666667,24,26,13,14,36,2992,1735,1257,456,672,2320,7.68191209893048,8.15504322766571,7.02886316626889,7.24078947368421,7.8296875,7.63910818965517,56
"58",2014,9,7.35,49,7.83333333333333,6.886,6.97307692307692,7.765,7.24358974358974,24,25,13,10,39,3041,1759,1282,469,682,2359,7.67656395922394,8.15065378055714,7.02607722308892,7.23336886993603,7.82873900293255,7.63256930902925,57
"59",2014,10,7.28534482758621,58,7.8984375,6.53076923076923,7.25,7.375,7.26195652173913,32,26,12,12,46,3099,1791,1308,481,694,2405,7.66924201355276,8.14614740368509,7.01623165137615,7.23378378378378,7.82089337175792,7.62548066528067,58
"60",2014,11,7.36525423728814,59,7.79027777777778,6.7,6.31666666666667,7.53928571428571,7.31111111111111,36,23,12,14,45,3158,1827,1331,493,708,2450,7.66356269791007,8.13913519430761,7.01076709241172,7.21146044624747,7.81532485875706,7.61970653061225,59
"61",2014,12,7.21442307692308,52,7.89666666666667,6.28409090909091,5.25,7.25,7.21145833333333,30,22,9,4,48,3210,1857,1353,502,712,2498,7.65628691588785,8.13521809369952,6.99895121951219,7.17629482071713,7.81214887640449,7.61186188951161,60
"62",2015,1,7.58375,80,8.05294117647059,6.75862068965517,6.83333333333333,8.22142857142857,7.44848484848485,51,29,12,14,66,3290,1908,1382,514,726,2564,7.65452310030395,8.13301886792453,6.99390810419681,7.16828793774319,7.82004132231405,7.60765639625585,61
"63",2015,2,7.67692307692308,65,7.91428571428571,7.4,7.33636363636364,7.48571428571429,7.72941176470588,35,30,11,14,51,3355,1943,1412,525,740,2615,7.65495707898659,8.12907874420999,7.00253611898017,7.17180952380952,7.81371621621622,7.6100309751434,62
"64",2015,3,7.68358208955224,67,8.11818181818182,6.85217391304348,7.16666666666667,8.15,7.60175438596491,44,23,9,10,57,3422,1987,1435,534,750,2672,7.65551753360608,8.12883744338198,7.00012613240418,7.17172284644195,7.8182,7.60985441616767,63
"65",2015,4,7.44468085106383,47,7.99677419354839,6.375,7,7.55384615384615,7.40294117647059,31,16,6,13,34,3469,2018,1451,540,763,2706,7.65266099740559,8.12680872150644,6.99323294279807,7.16981481481482,7.81369593709043,7.60725461936438,64
"66",2015,5,7.58260869565217,46,7.91851851851852,7.10526315789474,7.3,8.05714285714286,7.375,27,19,5,14,32,3515,2045,1470,545,777,2738,7.65174423897582,8.1240586797066,6.99468095238095,7.17100917431193,7.81808236808237,7.60454017531045,65
"67",2015,6,7.50909090909091,33,8.22,6.91666666666667,8.5,8,7.42142857142857,15,18,4,5,28,3548,2060,1488,549,782,2766,7.65041741826381,8.1247572815534,6.9937372311828,7.18069216757741,7.81924552429668,7.60268655097614,66
"68",2015,7,7.6,43,7.93181818181818,7.25238095238095,8.03333333333333,7.4,7.62631578947368,22,21,9,5,38,3591,2082,1509,558,787,2804,7.64981370091896,8.12271853986551,6.99733664678595,7.19444444444445,7.81658195679797,7.60300677603424,67
"69",2015,8,7.61379310344828,58,8.03448275862069,7.19310344827586,7.26,7.7,7.60566037735849,29,29,10,5,53,3649,2111,1538,568,792,2857,7.64924116196218,8.12150639507343,7.00102795838751,7.1955985915493,7.81584595959596,7.60305600280014,68
"70",2015,9,7.53748936170213,47,8.16420689655172,6.52777777777778,6.91666666666667,7.7015,7.50384615384615,29,18,6,8,39,3696,2140,1556,574,800,2896,7.64782007575757,8.12208504672897,6.99555334190231,7.19268292682927,7.8147025,7.60171995856354,69
"71",2015,10,7.56442307692308,52,8.20862068965517,6.75217391304348,6.88461538461539,8.42916666666667,7.305,29,23,13,12,40,3748,2169,1579,587,812,2936,7.64666302027748,8.12324204702628,6.9920082330589,7.18586030664395,7.82378325123153,7.59767745231608,70
"72",2015,11,7.36666666666667,60,8.08571428571429,6.36,6.77777777777778,7.25,7.39,35,25,9,10,50,3808,2204,1604,596,822,2986,7.64225131302521,8.12264609800363,6.98215773067332,7.17969798657718,7.81680291970803,7.59419993302076,71
"73",2015,12,7.1375,48,7.57142857142857,6.53,6.87272727272727,7,7.165,28,20,11,8,40,3856,2232,1624,607,830,3026,7.63596810165975,8.1157311827957,6.97658928571428,7.17413509060956,7.80893012048193,7.58852643754131,72
"74",2016,1,7.43698630136986,73,7.76216216216216,7.10277777777778,7.45714285714286,7.95,7.33606557377049,37,36,14,12,61,3929,2269,1660,621,842,3087,7.63227106133876,8.10996562362274,6.97932590361446,7.1805152979066,7.8109406175772,7.58353773890509,73
"75",2016,2,7.52894736842105,38,8.105,6.88888888888889,7.61111111111111,8.06666666666667,7.36206896551724,20,18,9,9,29,3967,2289,1678,630,851,3116,7.6312813208974,8.10992223678462,6.9783557806913,7.18666666666667,7.81364512338425,7.58147657252888,74
"76",2016,3,6.98541666666667,48,8.08333333333333,6.32666666666667,6.58333333333333,7.18888888888889,6.93846153846154,18,30,12,9,39,4015,2307,1708,642,860,3155,7.6235599003736,8.109714781101,6.96690925058548,7.17538940809969,7.80710697674419,7.57352805071315,75
"77",2016,4,7.2,53,7.8,6.28571428571429,6.66666666666667,6.66666666666667,7.30909090909091,32,21,15,9,44,4068,2339,1729,657,869,3199,7.61804154375614,8.10547755451047,6.95863562753036,7.16377473363775,7.79529574223245,7.56989090340731,76
"78",2016,5,7.25867924528302,53,7.36875,7.09095238095238,7.30833333333333,7.625,7.19355555555556,32,21,12,8,45,4121,2371,1750,669,877,3244,7.61341980101917,8.09553437368199,6.96022342857143,7.16636771300448,7.79374230330673,7.56467046855734,77
"79",2016,6,7.10606060606061,33,7.34090909090909,6.63636363636364,7.07142857142857,6.86363636363636,7.22727272727273,22,11,7,11,22,4154,2393,1761,676,888,3266,7.60938926336061,8.0885967404931,6.95820045428734,7.16538461538462,7.78222072072072,7.56239773423148,78
"80",2016,7,7.03846153846154,52,7.77,6.36111111111111,6.375,7.89285714285714,6.90555555555556,25,27,8,7,45,4206,2418,1788,684,895,3311,7.60233071802187,8.08530272952853,6.94918400447427,7.15614035087719,7.78308603351955,7.55347055270311,79
"81",2016,8,7.51428571428571,63,7.6,7.35454545454545,7.25714285714286,8.1,7.46379310344828,41,22,7,5,58,4269,2459,1810,691,900,3369,7.60103138908409,8.07721106140707,6.95411104972376,7.15716353111433,7.78484666666667,7.55192668447611,80
"82",2016,9,7.48510638297872,47,8.26296296296296,6.435,7.03333333333333,7.8375,7.30322580645161,27,20,9,16,31,4316,2486,1830,700,916,3400,7.59976899907321,8.07922847948511,6.94843770491803,7.15557142857143,7.78576637554585,7.54965911764706,81
"83",2016,10,7.48260869565217,69,7.86428571428571,6.88888888888889,7.34615384615385,7.75,7.42631578947368,42,27,13,12,57,4385,2528,1857,713,928,3457,7.59792542759407,8.07565743670886,6.94757189014539,7.15904628330996,7.78530387931034,7.54762539774371,82
"84",2016,11,7.28065217391304,46,7.84391304347826,6.71739130434783,6.82142857142857,7.37692307692308,7.24272727272727,23,23,14,13,33,4431,2551,1880,727,941,3490,7.5946316858497,8.0735680125441,6.94475585106383,7.1525447042641,7.77966206163656,7.54474240687679,83
"85",2016,12,7.70655737704918,61,7.93333333333333,7.30454545454545,7.48,7.56785714285714,7.74787234042553,39,22,15,14,47,4492,2590,1902,742,955,3537,7.59615160284951,8.07145637065637,6.9489174553102,7.15916442048518,7.77655706806283,7.54744161718971,84
"86",2017,1,7.36712643678161,87,7.6968085106383,6.97975,7.12041666666667,7.15736842105263,7.42573529411765,47,40,24,19,68,4579,2637,1942,766,974,3605,7.59180017471064,8.0647789154342,6.94955252317199,7.15795039164491,7.76447843942505,7.54514590846047,85
"87",2017,2,7.45453333333333,75,7.802,7.05742857142857,7.13578947368421,7.665,7.41444444444444,40,35,19,12,63,4654,2677,1977,785,986,3668,7.58958809626128,8.06085244676877,6.95146231664138,7.15741401273885,7.7632677484787,7.54290103598691,86
"88",2017,3,7.61698113207547,53,7.9037037037037,7.31923076923077,7.20833333333333,7.78571428571429,7.59130434782609,27,26,12,7,46,4707,2704,2003,797,993,3714,7.58989653707244,8.05928328402367,6.95623614578133,7.15818067754078,7.76342598187311,7.54350053850296,87
"89",2017,4,7.55377358490566,53,7.83484848484848,7.09,7.88888888888889,6.93,7.69883720930233,33,20,9,10,43,4760,2737,2023,806,1003,3757,7.58949432773109,8.05657727438802,6.95755857637172,7.16633995037221,7.75511665004985,7.5452784136279,88
"90",2017,5,7.14615384615385,52,7.77692307692308,6.51538461538462,6.42307692307692,7.36363636363636,7.08780487804878,26,26,13,11,41,4812,2763,2049,819,1014,3798,7.58470344970906,8.0539457111835,6.95194777940459,7.15454212454213,7.75086982248521,7.54033991574513,89
"91",2017,6,7.48673469387755,49,7.9328125,6.64705882352941,6.5,7.65,7.4448717948718,32,17,6,10,39,4861,2795,2066,825,1024,3837,7.58371590207776,8.05255885509839,6.9494390125847,7.14978181818182,7.749884765625,7.53936955955173,90
"92",2017,7,7.32553191489362,47,7.92105263157895,6.92142857142857,7.52727272727273,7.475,7.29487179487179,19,28,11,8,39,4908,2814,2094,836,1032,3876,7.5812434800326,8.05167093105899,6.94906446991404,7.15474880382775,7.74775387596899,7.53690944272446,91
"93",2017,8,7.48837209302326,43,8,6.9,6.72727272727273,7.44444444444444,7.5,23,20,11,9,34,4951,2837,2114,847,1041,3910,7.58043688143809,8.05125202678886,6.94860028382214,7.14919716646989,7.7451316042267,7.53658849104859,92
"94",2017,9,7.20977272727273,44,7.9132,6.28421052631579,6.58181818181818,8.16,7.08794871794872,25,19,11,5,39,4995,2862,2133,858,1046,3949,7.57717177177177,8.05004612159329,6.94268213783403,7.14192307692308,7.74711472275335,7.5321577614586,93
"95",2017,10,7.40108695652174,46,8.175,6.80576923076923,7.165,7.56818181818182,7.34857142857143,20,26,10,11,35,5041,2882,2159,868,1057,3984,7.5755649672684,8.05091325468425,6.94103334877258,7.14218894009217,7.74525260170293,7.53054492971888,94
"96",2017,11,7.15851063829787,47,7.55,6.75,6.5625,7.25,7.11969696969697,24,23,12,14,33,5088,2906,2182,880,1071,4017,7.57171246069182,8.04677632484515,6.93901970669111,7.13428409090909,7.73877871148459,7.52716977844162,95
"97",2017,12,7.67083333333333,48,7.68620689655172,7.64736842105263,7.35714285714286,7.41666666666667,7.70714285714286,29,19,7,6,42,5136,2935,2201,887,1077,4059,7.57263882398754,8.0432136286201,6.9451344843253,7.1360428410372,7.73698421541318,7.529032027593,96
"98",2018,1,7.35171052631579,76,7.71039215686274,6.62,7.08333333333333,7.69363636363636,7.29384615384615,51,25,6,11,65,5212,2986,2226,893,1088,4124,7.56941730621642,8.03752913596785,6.94148292902066,7.13568868980963,7.73654595588235,7.52532516973812,97
"99",2018,2,7.26451612903226,31,7.92307692307692,6.78888888888889,6.3,7.83333333333333,7.128,13,18,5,6,25,5243,2999,2244,898,1094,4149,7.56761453366393,8.03703301100367,6.94025891265597,7.13103563474388,7.73707678244972,7.52293106772716,98
"100",2018,3,7.36785714285714,28,7.95333333333333,6.69230769230769,5.8125,7.50833333333333,7.32954545454545,15,13,4,6,22,5271,3014,2257,902,1100,4171,7.56655340542591,8.03661645653617,6.93883074878157,7.12518847006652,7.73582909090909,7.52191105250539,99
"101",2018,4,7.46363636363636,33,7.94285714285714,6.625,6.5,7.2,7.51071428571429,21,12,4,5,28,5304,3035,2269,906,1105,4199,7.56591308446455,8.03596771004942,6.93717100044072,7.12242825607064,7.73340452488688,7.52183638961657,100
"102",2018,5,7.37880333333333,39,7.7,7.04070157894737,6.66370333333333,7.33333333333333,7.38707060606061,20,19,9,6,33,5343,3055,2288,915,1111,4232,7.56454731985776,8.03376824877251,6.93803073863636,7.11791620765027,7.73124392439244,7.52078552221172,101
"103",2018,6,7.06486486486487,37,7.7578947368421,6.33333333333333,7.08333333333333,8.03333333333333,6.87741935483871,19,18,6,6,31,5380,3074,2306,921,1117,4263,7.56111084200743,8.03206310995446,6.93331063746747,7.11769091205212,7.73286660698299,7.51610704433498,102
"104",2018,7,6.9375,32,7.58823529411765,6.2,7.21428571428571,7.0625,6.89583333333333,17,15,7,8,24,5412,3091,2321,928,1125,4287,7.55742356430155,8.02962212876092,6.92857144765187,7.11841953663793,7.72809955555555,7.51263455330068,103
"105",2018,8,7.22857142857143,35,7.76315789473684,6.59375,6.9,7.05555555555556,7.28846153846154,19,16,5,9,26,5447,3110,2337,933,1134,4313,7.55531050670094,8.02799421221865,6.92627913136499,7.11724901393355,7.7227619047619,7.51128317412474,104
"106",2018,9,7.22631578947368,38,7.505,6.91666666666667,7.07142857142857,7.5,7.21891891891892,20,18,7,1,37,5485,3130,2355,940,1135,4350,7.55303123609845,8.02465239616614,6.92620566029724,7.11690779787234,7.72256563876652,7.50879639770115,105
"107",2018,10,7.60714285714286,28,7.78947368421053,7.22222222222222,6.66666666666667,7,7.70833333333333,19,9,3,4,24,5513,3149,2364,943,1139,4374,7.55330606384908,8.02323340743093,6.92733262690355,7.11547542948038,7.72002809482002,7.50989125057156,106
"108",2018,11,7.13225,40,7.5852380952381,6.63157894736842,6.6875,6.80833333333333,7.27107142857143,21,19,8,12,28,5553,3170,2383,951,1151,4402,7.5502730650099,8.02033186119874,6.92497454049517,7.11187521556257,7.71052302345786,7.5083721785552,107
"109",2018,12,6.81818181818182,33,7.27777777777778,6.26666666666667,6.875,7.66666666666667,6.73333333333333,18,15,4,3,30,5586,3188,2398,955,1154,4432,7.54594814357322,8.01613927227102,6.92085668473728,7.11088306806283,7.71040901213172,7.50312597698556,108
"110",2019,1,7.22211538461538,52,7.658,6.81851851851852,7.3,8.125,7.10434782608696,25,27,15,6,46,5638,3213,2425,970,1160,4478,7.54296139233771,8.01335262994087,6.91971724948453,7.11380755670103,7.71255344827586,7.4990295511389,109
"111",2019,2,7.11045909090909,44,7.58957391304348,6.58571428571429,6.90909090909091,7.72222222222222,6.95314857142857,23,21,11,9,35,5682,3236,2446,981,1169,4513,7.53961220168955,8.01034060568604,6.91684968520032,7.11151205912334,7.71262788708298,7.49479604032794,110
"112",2019,3,7.46969696969697,33,8.17647058823529,6.71875,6.94444444444444,7.55,7.43478260869565,17,16,9,10,23,5715,3253,2462,990,1179,4536,7.53920849168854,8.01120879188442,6.91556227863525,7.10999326262626,7.71124851569126,7.49449173941799,111
"113",2019,4,7.33181818181818,22,7.69166666666667,6.9,8,7.63333333333333,7.21875,12,10,2,6,16,5737,3265,2472,992,1185,4552,7.53841320027889,8.01003436447167,6.91549932443365,7.11178763104839,7.71085400843882,7.4935225241652,112
"114",2019,5,7.22903225806452,31,7.57619047619048,6.5,6.25,6.92857142857143,7.31666666666667,21,10,4,7,24,5768,3286,2482,996,1192,4576,7.53675043862691,8.00726177723676,6.9138252739726,7.10832663654618,7.70626006711409,7.49259495847902,113
"115",2019,6,6.93333333333333,15,7.5,5.8,8,7.75,6.80769230769231,10,5,2,2,13,5783,3296,2487,998,1194,4589,7.53518528964206,8.00572275485437,6.91158597909127,7.11011355711423,7.70633333333333,7.49065472434082,114
"116",2019,7,8.098,25,8.3,7.795,7.73333333333333,8.53333333333333,7.96052631578947,15,10,3,6,19,5808,3311,2497,1001,1200,4608,7.53760787362259,8.00705593476291,6.91512388065678,7.11198134865135,7.71046833333333,7.49259212890625,115
"117",2019,8,7.10073170731707,41,7.58875,6.41176470588235,6.125,7.07090909090909,7.11166666666667,24,17,8,11,30,5849,3335,2514,1009,1211,4638,7.53454548298855,8.00404563718141,6.91172009944311,7.10415592666006,7.70465895953757,7.49012818671841,116
"118",2019,9,7.18333333333333,30,7.36875,6.97142857142857,6.56,6.6,7.3,16,14,5,5,25,5879,3351,2528,1014,1216,4663,7.5327532794693,8.00101229483736,6.91205076344936,7.10147271203156,7.70011677631579,7.48910884194724,117
"119",2019,10,7.06666666666667,24,7.10714285714286,7.01,7.33333333333333,6.875,7.105,14,10,3,4,20,5903,3365,2538,1017,1220,4683,7.53085829747586,7.99729337295691,6.91243669424743,7.10215666666667,7.69741147540984,7.48746840273329,118
"120",2019,11,7.94846153846154,26,8.12666666666667,7.5475,7.75,8.28571428571429,7.82421052631579,18,8,2,7,19,5929,3383,2546,1019,1227,4702,7.53268958171699,7.99798173219037,6.91443217989002,7.10342819430814,7.70076772616137,7.48882912165036,119
"121",2019,12,6.68519433333333,30,8.04598454545455,5.89736842105263,5.94375,6.93571428571429,6.60894913043478,11,19,8,7,23,5959,3394,2565,1027,1234,4725,7.52842295015942,7.99813730995875,6.906898374269,7.09439467380721,7.69642787682334,7.48454610793651,120
"122",2020,1,7.23434782608696,46,7.57354838709677,6.53333333333333,7.2,7.3725,7.20526315789474,31,15,5,8,38,6005,3425,2580,1032,1242,4763,7.52617025145712,7.99429431532847,6.90472648449612,7.09490632751938,7.69434138486312,7.48231794247323,121
"123",2020,2,6.98275862068965,29,7.05263157894737,6.85,7,7,6.98148148148148,19,10,5,2,27,6034,3444,2590,1037,1244,4790,7.52355856148492,7.98909931184669,6.90451518532818,7.0944487270974,7.69322508038585,7.4794948559499,122
"124",2020,3,6.94309875,24,7.43948818181818,6.52307692307692,6.91666666666667,6.375,7.0567185,11,13,6,4,20,6058,3455,2603,1043,1248,4810,7.52125895179927,7.98734946454414,6.90261019208605,7.09342601150527,7.689,7.47773695010395,123
"125",2020,4,7.325,20,7.9,6.75,6.3,8.16666666666667,7.17647058823529,10,10,5,3,17,6078,3465,2613,1048,1251,4827,7.52061315070747,7.98709737373738,6.90202615001913,7.08964058206107,7.69014548361311,7.4766759332919,124
"126",2020,5,7.228,25,7.68333333333333,6.80769230769231,6.5,6.8125,7.42352941176471,12,13,5,8,17,6103,3477,2626,1053,1259,4844,7.51941450598066,7.98604900776532,6.90155915079969,7.08684076923077,7.68456870532168,7.47648941577209,125
"127",2020,6,7.2946668,25,7.48461538461538,7.08888916666667,8.06667,7.36666666666667,7.28484863636364,13,12,1,3,22,6128,3490,2638,1054,1262,4866,7.51849761749347,7.9841812034384,6.90241129643669,7.08777039848197,7.68381299524564,7.4756229757501,126
"128",2020,7,7.35833333333333,24,7.64705882352941,6.65714285714286,5,7.5,7.2875,17,7,2,8,16,6152,3507,2645,1056,1270,4882,7.5178727893368,7.98254702024523,6.90176219281663,7.08381628787879,7.68265511811024,7.47500643179025,127
"129",2020,8,7.48324324324324,37,7.83181818181818,6.972,6.25,8.25,7.39030303030303,22,15,4,4,33,6189,3529,2660,1060,1274,4915,7.51766576183551,7.98160736752621,6.90215827067669,7.08066981132075,7.68443642072214,7.47443772126144,128
"130",2020,9,7.69565217391304,23,8.17857142857143,6.94444444444444,6.75,7.21428571428571,7.90625,14,9,2,7,16,6212,3543,2669,1062,1281,4931,7.51832475853187,7.98238566186847,6.90230086174597,7.08004708097928,7.68186729117877,7.47583885621578,129
"131",2020,10,7.47912,25,7.96153846153846,6.9565,7.013,7.2,7.5489,13,12,6,5,20,6237,3556,2681,1068,1286,4951,7.51816761263428,7.9823094488189,6.90254345393509,7.07967041198502,7.67999377916019,7.4761339931327,130
"132",2020,11,7.81060606060606,33,8.22105263157895,7.25357142857143,6.66666666666667,7.54,7.85892857142857,19,14,3,5,28,6270,3575,2695,1071,1291,4979,7.51970676236045,7.9835782937063,6.90436697588126,7.07851353874883,7.67945158791634,7.47828668407311,131
"133",2020,12,6.935,30,7.29411764705882,6.46538461538462,5.55,7.5,6.822,17,13,5,5,25,6300,3592,2708,1076,1296,5004,7.51692244444444,7.98031525612472,6.90225960118168,7.07141078066915,7.67875925925926,7.47500787370104,132
"134",2021,1,7.10763157894737,38,7.6025,6.55777777777778,6.25,7.625,7.010625,20,18,8,6,32,6338,3612,2726,1084,1302,5036,7.51446850741559,7.97822325581395,6.89998495964783,7.06534870848709,7.67851152073733,7.47205706910246,133
"135",2021,2,7.70625,32,7.90476190476191,7.32727272727273,7.66666666666667,8,7.624,21,11,3,7,25,6370,3633,2737,1087,1309,5061,7.51543193092622,7.97779862372695,6.90170222871757,7.06700827966881,7.68023071046601,7.4728076269512,134
"136",2021,3,7.29,30,7.45789473684211,7,6.8,7.5,7.248,19,11,5,5,25,6400,3652,2748,1092,1314,5086,7.51437521875,7.97509375684557,6.90209570596797,7.06578571428572,7.67954490106545,7.47170259535981,135
"137",2021,4,7.0625,24,8.4375,6.375,6.375,7.9,6.84210526315789,8,16,4,5,19,6424,3660,2764,1096,1319,5105,7.51268701743462,7.97610448087432,6.89904450072358,7.06326459854015,7.68038059135709,7.46935933398629,136
"138",2021,5,7.01848148148148,27,8.26915384615385,5.85714285714286,5.66666666666667,7.3998,6.93181818181818,13,14,6,5,22,6451,3673,2778,1102,1324,5127,7.51061857076422,7.97714168254833,6.89379373650107,7.05566061705989,7.67932099697885,7.46705274039399,137
"139",2021,6,7.297778,15,8.05185222222222,6.16666666666667,6.25,8.33333333333333,7.03888916666667,9,6,2,3,12,6466,3682,2784,1104,1327,5139,7.51012481750696,7.97732429929386,6.89222665229884,7.05420108695652,7.6807995478523,7.46605294220665,138
"140",2021,7,7.26470588235294,17,8.05555555555556,6.375,6.66666666666667,8.5,7.1,9,8,3,2,15,6483,3691,2792,1107,1329,5154,7.50948126947401,7.97751505554051,6.89074462750716,7.05315085817525,7.68203235515425,7.46498759604191,139
"141",2021,8,6.7925,30,7.41578947368421,5.71590909090909,6,7.375,6.58068181818182,19,11,1,8,22,6513,3710,2803,1108,1337,5176,7.50617873023184,7.97463829380054,6.88613414199072,7.05220036101083,7.6801952131638,7.46122895479134,140
"142",2021,9,7.02631578947368,19,7.17857142857143,6.6,7,8.5,6.85294117647059,14,5,1,2,17,6532,3724,2808,1109,1339,5193,7.50478292559706,7.97164556122449,6.88562464387464,7.05215329125338,7.68141971620612,7.45923764105527,141
"143",2021,10,7.00130434782609,23,7.76153846153846,6.013,5.30428571428571,6.66666666666667,7.0515,13,10,7,3,20,6555,3737,2818,1116,1342,5213,7.50301633409611,7.97091465614129,6.88252803406671,7.04118996415771,7.67915126676602,7.4576733301362,142
"144",2021,11,7.41190464285714,28,7.6666665,6.775,7.175,8,7.36666653846154,20,8,4,2,26,6583,3757,2826,1120,1344,5239,7.5026288014583,7.96929502262444,6.88222363765038,7.04166785714286,7.6796287202381,7.45722168352739,143
"145",2021,12,7.37307692307692,26,7.51666666666667,7.25,7.75,8,7.25909090909091,12,14,2,4,22,6609,3769,2840,1122,1348,5261,7.50211914056589,7.96785391350491,6.8840366197183,7.04293048128342,7.6805793768546,7.45639315719445,144
"146",2022,1,7.04166666666667,48,7.34285714285714,6.80740740740741,7.23846153846154,7.75,6.97727272727273,21,27,13,4,44,6657,3790,2867,1135,1352,5305,7.49879906864954,7.9643908707124,6.88331496337635,7.04517004405286,7.68078476331361,7.45241930254477,145
"147",2022,2,7.02307692307692,26,7.44444444444444,6.8,7.2,7,7.024,9,17,8,1,25,6683,3799,2884,1143,1353,5330,7.49694828669759,7.96315909449856,6.88282385575589,7.04625371828522,7.68028159645233,7.45040983114446,146
"148",2022,3,7.53913043478261,23,7.8375,6.85714285714286,7.66666666666667,7.48333333333333,7.55882352941176,16,7,3,6,17,6706,3815,2891,1146,1359,5347,7.49709296152699,7.96263208387943,6.88276167416118,7.04787783595114,7.67941206769684,7.45075451655134,147
"149",2022,4,6.43157894736842,19,7.07,5.72222222222222,5,5.5,6.54117647058824,10,9,2,2,17,6725,3825,2900,1148,1361,5364,7.49408258736059,7.96029840522876,6.87915999999999,7.04431010452962,7.67620940484938,7.44787181208053,148
"150",2022,5,6.29411764705882,17,7.4,4.71428571428571,NA,7.25,6,10,7,0,4,13,6742,3835,2907,1148,1365,5377,7.4910568673984,7.95883739243807,6.8739470244238,7.04431010452962,7.67496043956044,7.44437128510322,149
"151",2022,6,7.02,20,7.58181818181818,6.33333333333333,6.25,6.5,7.15,11,9,2,4,16,6762,3846,2916,1150,1369,5393,7.4896636202307,7.95775907436298,6.87227846364883,7.04292869565217,7.67152739225712,7.44349794177637,150
"152",2022,7,7.11304347826087,23,7.00666666666667,7.3125,7.33333333333333,7.625,7.00526315789474,15,8,6,4,19,6785,3861,2924,1156,1373,5412,7.48838694178334,7.95406407666408,6.87348290013679,7.04443598615917,7.67139184268026,7.44195942350332,151
"153",2022,8,7.39772727272727,22,7.43,7.32857142857143,8.15,NA,7.39772727272727,15,7,2,0,22,6807,3876,2931,1158,1373,5434,7.48809393271632,7.95203596491228,6.87456977140907,7.04634542314335,7.67139184268026,7.44178034596982,152
"154",2022,9,7.53076923076923,26,7.76923076923077,7.29230769230769,6.66666666666667,7.63333333333333,7.5,13,13,3,6,20,6833,3889,2944,1161,1379,5454,7.48825631494219,7.95142489071741,6.87641440217391,7.04536434108527,7.67122625090645,7.44199383938394,153
"155",2022,10,7.03809523809524,21,7.8,6.34545454545455,6.25,5,7.14,10,11,2,1,20,6854,3899,2955,1163,1380,5474,7.48687706448789,7.95103652218518,6.87443790186124,7.04399656061909,7.66929057971014,7.44089046401169,154
"156",2022,11,7.21666666666667,33,7.51764705882353,6.896875,6.61666666666667,7.66,7.1375,17,16,3,5,28,6887,3916,2971,1166,1385,5502,7.48558231450559,7.9491551072523,6.87455873443284,7.04289708404803,7.66925703971119,7.43934649218466,155
"157",2022,12,6.86521739130435,23,7.61875,5.14285714285714,6,7.5,6.77,16,7,3,3,20,6910,3932,2978,1169,1388,5522,7.48351742402316,7.94781063072228,6.87048824714573,7.04022070145424,7.66889121037464,7.43692220210069,156
