"","year","month","avg_rating","no_ratings","avg_rating_owned","avg_rating_not_owned","avg_rating_prev_owned","avg_rating_comment","avg_rating_no_comment","no_ratings_owned","no_ratings_not_owned","no_ratings_prev_owned","no_ratings_comment","no_ratings_no_comment","cum_no_ratings","cum_no_ratings_owned","cum_no_ratings_not_owned","cum_no_ratings_prev_owned","cum_no_ratings_comment","cum_no_ratings_no_comment","cum_avg_rating","cum_avg_rating_owned","cum_avg_rating_not_owned","cum_avg_rating_prev_owned","cum_avg_rating_comment","cum_avg_rating_no_comment","month_after_release"
"1",2002,8,8,1,8,NA,NA,8,NA,1,0,0,1,0,1,1,0,0,1,0,8,8,NA,NA,8,NA,-22
"2",2002,9,9,2,9,NA,NA,9,NA,2,0,0,2,0,3,3,0,0,3,0,8.66666666666667,8.66666666666667,NA,NA,8.66666666666667,NA,-21
"3",2002,11,1,1,NA,1,NA,1,NA,0,1,0,1,0,4,3,1,0,4,0,6.75,8.66666666666667,1,NA,6.75,NA,-19
"4",2003,2,10,1,10,NA,NA,NA,10,1,0,0,0,1,5,4,1,0,4,1,7.4,9,1,NA,6.75,10,-16
"5",2003,3,10,1,10,NA,NA,10,NA,1,0,0,1,0,6,5,1,0,5,1,7.83333333333333,9.2,1,NA,7.4,10,-15
"6",2003,6,5,1,NA,5,NA,5,NA,0,1,0,1,0,7,5,2,0,6,1,7.42857142857143,9.2,3,NA,7,10,-12
"7",2003,7,6,7,8,4.5,9,5,6.75,3,4,1,3,4,14,8,6,1,9,5,6.71428571428571,8.75,4,9,6.33333333333333,7.4,-11
"8",2003,8,7,1,NA,7,NA,7,NA,0,1,0,1,0,15,8,7,1,10,5,6.73333333333333,8.75,4.42857142857143,9,6.4,7.4,-10
"9",2003,9,8,1,8,NA,NA,NA,8,1,0,0,0,1,16,9,7,1,10,6,6.8125,8.66666666666667,4.42857142857143,9,6.4,7.5,-9
"10",2003,10,6.66666666666667,3,6.66666666666667,NA,NA,NA,6.66666666666667,3,0,0,0,3,19,12,7,1,10,9,6.78947368421053,8.16666666666667,4.42857142857143,9,6.4,7.22222222222222,-8
"11",2003,11,5,1,NA,5,5,5,NA,0,1,1,1,0,20,12,8,2,11,9,6.7,8.16666666666667,4.5,7,6.27272727272727,7.22222222222222,-7
"12",2003,12,4,1,4,NA,NA,NA,4,1,0,0,0,1,21,13,8,2,11,10,6.57142857142857,7.84615384615385,4.5,7,6.27272727272727,6.9,-6
"13",2004,1,5.5,4,5.33333333333333,6,NA,4,6,3,1,0,1,3,25,16,9,2,12,13,6.4,7.375,4.66666666666667,7,6.08333333333333,6.69230769230769,-5
"14",2004,2,3.5,2,NA,3.5,NA,3.5,NA,0,2,0,2,0,27,16,11,2,14,13,6.18518518518519,7.375,4.45454545454545,7,5.71428571428571,6.69230769230769,-4
"15",2004,3,4,1,NA,4,NA,NA,4,0,1,0,0,1,28,16,12,2,14,14,6.10714285714286,7.375,4.41666666666667,7,5.71428571428571,6.5,-3
"16",2004,4,7,4,7.66666666666667,5,NA,5,7.66666666666667,3,1,0,1,3,32,19,13,2,15,17,6.21875,7.42105263157895,4.46153846153846,7,5.66666666666667,6.70588235294118,-2
"17",2004,5,5.25,2,8.5,2,NA,5.25,NA,1,1,0,2,0,34,20,14,2,17,17,6.16176470588235,7.475,4.28571428571429,7,5.61764705882353,6.70588235294118,-1
"18",2004,6,6.57142857142857,7,6.66666666666667,6,NA,7.5,5.33333333333333,6,1,0,4,3,41,26,15,2,21,20,6.23170731707317,7.28846153846154,4.4,7,5.97619047619048,6.5,0
"19",2004,7,6.5,4,6.5,6.5,NA,6.5,NA,2,2,0,4,0,45,28,17,2,25,20,6.25555555555556,7.23214285714286,4.64705882352941,7,6.06,6.5,1
"20",2004,8,5.625,8,6.6,4,3,5.66666666666667,5.6,5,3,1,3,5,53,33,20,3,28,25,6.16037735849057,7.13636363636364,4.55,5.66666666666667,6.01785714285714,6.32,2
"21",2004,9,5.1875,8,6.1,3.66666666666667,NA,5.5,3,5,3,0,7,1,61,38,23,3,35,26,6.0327868852459,7,4.43478260869565,5.66666666666667,5.91428571428571,6.19230769230769,3
"22",2004,10,5.9375,8,6.35714285714286,3,NA,5.4,6.83333333333333,7,1,0,5,3,69,45,24,3,40,29,6.02173913043478,6.9,4.375,5.66666666666667,5.85,6.25862068965517,4
"23",2004,11,6.25,8,8,4.5,1,7.2,4.66666666666667,4,4,1,5,3,77,49,28,4,45,32,6.04545454545455,6.98979591836735,4.39285714285714,4.5,6,6.109375,5
"24",2004,12,7,5,7.25,6,6,6.66666666666667,7.5,4,1,1,3,2,82,53,29,5,48,34,6.10365853658537,7.00943396226415,4.44827586206897,4.8,6.04166666666667,6.19117647058824,6
"25",2005,1,4.44444444444444,9,7.5,2,NA,3.8,5.25,4,5,0,5,4,91,57,34,5,53,38,5.93956043956044,7.04385964912281,4.08823529411765,4.8,5.83018867924528,6.09210526315789,7
"26",2005,2,4.75,8,5.33333333333333,4.4,5,4.83333333333333,4.5,3,5,1,6,2,99,60,39,6,59,40,5.84343434343434,6.95833333333333,4.12820512820513,4.83333333333333,5.72881355932203,6.0125,8
"27",2005,3,5.5625,8,7.375,3.75,6,5.08333333333333,7,4,4,1,6,2,107,64,43,7,65,42,5.82242990654206,6.984375,4.09302325581395,5,5.66923076923077,6.05952380952381,9
"28",2005,4,5.5,5,6.375,2,NA,5,5.83333333333333,4,1,0,2,3,112,68,44,7,67,45,5.80803571428571,6.94852941176471,4.04545454545455,5,5.64925373134328,6.04444444444444,10
"29",2005,5,5,11,7.66666666666667,4,5,4.625,6,3,8,1,8,3,123,71,52,8,75,48,5.73577235772358,6.97887323943662,4.03846153846154,5,5.54,6.04166666666667,11
"30",2005,6,5.44444444444444,9,7.6,2.75,2.5,3.8,7.5,5,4,2,5,4,132,76,56,10,80,52,5.71590909090909,7.01973684210526,3.94642857142857,4.5,5.43125,6.15384615384615,12
"31",2005,7,5.65384615384615,13,7.66666666666667,3.92857142857143,4.25,3.78571428571429,7.83333333333333,6,7,2,7,6,145,82,63,12,87,58,5.71034482758621,7.06707317073171,3.94444444444445,4.45833333333333,5.29885057471264,6.32758620689655,13
"32",2005,8,6.3125,16,7.27272727272727,4.2,NA,6.22222222222222,6.42857142857143,11,5,0,9,7,161,93,68,12,96,65,5.77018633540373,7.09139784946237,3.96323529411765,4.45833333333333,5.38541666666667,6.33846153846154,14
"33",2005,9,6.82222222222222,9,7.2,5.5,7,6.9,6.725,7,2,1,5,4,170,100,70,13,101,69,5.82588235294118,7.099,4.00714285714286,4.65384615384615,5.46039603960396,6.36086956521739,15
"34",2005,10,5.16666666666667,15,6.05,3.4,NA,3.75,5.68181818181818,10,5,0,4,11,185,110,75,13,105,80,5.77243243243243,7.00363636363636,3.96666666666667,4.65384615384615,5.3952380952381,6.2675,16
"35",2005,11,5.33333333333333,21,6.5,4.61538461538461,NA,4.95,5.68181818181818,8,13,0,10,11,206,118,88,13,115,91,5.72766990291262,6.96949152542373,4.0625,4.65384615384615,5.35652173913043,6.1967032967033,17
"36",2005,12,6.13571428571429,14,7.22222222222222,4.18,6.9,3.66666666666667,6.80909090909091,9,5,1,3,11,220,127,93,14,118,102,5.75363636363636,6.98740157480315,4.06881720430107,4.81428571428571,5.3135593220339,6.26274509803922,18
"37",2006,1,5.72916666666667,24,6.83333333333333,4.625,4,5.63333333333333,5.88888888888889,12,12,1,15,9,244,139,105,15,133,111,5.75122950819672,6.97410071942446,4.13238095238095,4.76,5.34962406015038,6.23243243243243,19
"38",2006,2,5.8,15,6.13636363636364,4.875,6,5.78571428571429,5.8125,11,4,1,7,8,259,150,109,16,140,119,5.75405405405405,6.91266666666667,4.15963302752294,4.8375,5.37142857142857,6.20420168067227,20
"39",2006,3,6.23636363636364,22,6.92352941176471,3.9,6,5.57777777777778,6.69230769230769,17,5,1,9,13,281,167,114,17,149,132,5.79181494661922,6.91377245508982,4.14824561403509,4.90588235294118,5.38389261744966,6.25227272727273,21
"40",2006,4,6.5,12,7.16666666666667,5.83333333333333,5.5,5.625,6.9375,6,6,1,4,8,293,173,120,18,153,140,5.82081911262799,6.92254335260116,4.2325,4.93888888888889,5.39019607843137,6.29142857142857,22
"41",2006,5,5.66666666666667,9,5.6,5.75,5.75,6,5.4,5,4,2,4,5,302,178,124,20,157,145,5.81622516556291,6.88539325842697,4.28145161290323,5.02,5.40573248407643,6.26068965517241,23
"42",2006,6,6.27266666666667,15,6.809,5.2,NA,6.125,6.44142857142857,10,5,0,8,7,317,188,129,20,165,152,5.83782334384858,6.88132978723404,4.31705426356589,5.02,5.44060606060606,6.26901315789474,24
"43",2006,7,5.59473684210526,19,6.89090909090909,3.8125,2,5.28,5.94444444444444,11,8,1,10,9,336,199,137,21,175,161,5.82407738095238,6.88185929648241,4.28759124087591,4.87619047619048,5.43142857142857,6.25086956521739,25
"44",2006,8,5.63294117647059,17,7.93,4.025,5.5625,3.5,7.52888888888889,7,10,4,8,9,353,206,147,25,183,170,5.81487252124646,6.91747572815534,4.26972789115646,4.986,5.34699453551912,6.31852941176471,26
"45",2006,9,5.73076923076923,13,5.92857142857143,5.5,NA,7,5.35,7,6,0,3,10,366,213,153,25,186,180,5.81188524590164,6.8849765258216,4.31797385620915,4.986,5.37365591397849,6.26472222222222,27
"46",2006,10,5.72222222222222,9,5.75,5.7,NA,6.5,5.33333333333333,4,5,0,3,6,375,217,158,25,189,186,5.80973333333333,6.86405529953917,4.36170886075949,4.986,5.39153439153439,6.23467741935484,28
"47",2006,11,5.95,10,6.41666666666667,5.25,4,5,6.35714285714286,6,4,2,3,7,385,223,162,27,192,193,5.81337662337662,6.85201793721973,4.38364197530864,4.91296296296296,5.38541666666667,6.23911917098446,29
"48",2006,12,6.21428571428571,21,6.65625,4.8,NA,5.27777777777778,6.91666666666667,16,5,0,9,12,406,239,167,27,201,205,5.83411330049261,6.83891213389121,4.39610778443114,4.91296296296296,5.38059701492537,6.27878048780488,30
"49",2007,1,5.359375,32,6.22222222222222,4.25,5.5,4.89285714285714,5.72222222222222,18,14,1,14,18,438,257,181,28,215,223,5.79942922374429,6.79571984435798,4.38480662983425,4.93392857142857,5.34883720930233,6.23385650224215,31
"50",2007,2,5.79565217391304,23,7.22,3.125,3,5.18181818181818,6.35833333333333,15,8,2,11,12,461,272,189,30,226,235,5.79924078091106,6.81911764705882,4.33148148148148,4.805,5.34070796460177,6.24021276595745,32
"51",2007,3,5.975,24,7.04545454545455,5.06923076923077,6.5,5.87692307692308,6.09090909090909,11,13,1,13,11,485,283,202,31,239,246,5.8079381443299,6.82791519434629,4.3789603960396,4.85967741935484,5.36987447698745,6.23353658536585,33
"52",2007,4,5.9032,25,6.71058823529412,4.1875,6.5,5.59818181818182,6.14285714285714,17,8,1,11,14,510,300,210,32,250,260,5.81260784313726,6.82126666666667,4.37166666666667,4.9109375,5.37992,6.22865384615385,34
"53",2007,5,4.97368421052632,19,6.77272727272727,2.5,NA,4.34615384615385,6.33333333333333,11,8,0,13,6,529,311,218,32,263,266,5.7824763705104,6.8195498392283,4.30298165137615,4.9109375,5.32882129277567,6.23101503759399,35
"54",2007,6,6.07,20,7.06923076923077,4.21428571428571,NA,5.8,6.25,13,7,0,8,12,549,324,225,32,271,278,5.79295081967213,6.82956790123457,4.30022222222222,4.9109375,5.34273062730627,6.2318345323741,36
"55",2007,7,5.5,22,6.125,4.75,5.5,4.5,6.07142857142857,12,10,2,8,14,571,336,235,34,279,292,5.78166374781086,6.80440476190476,4.31936170212766,4.94558823529412,5.31856630824373,6.22414383561644,37
"56",2007,8,5.50000666666667,15,7.66666666666667,4.05556666666667,5.25,5.7500125,5.21428571428571,6,9,2,8,7,586,342,244,36,287,299,5.77445409556314,6.81953216374269,4.30963155737705,4.9625,5.33059268292683,6.2005016722408,38
"57",2007,9,5.63157894736842,19,6.61111111111111,4.75,6,5.16666666666667,6.42857142857143,9,10,2,12,7,605,351,254,38,299,306,5.76996710743802,6.81418803418803,4.3269688976378,5.0171052631579,5.32401371237458,6.20571895424837,39
"58",2007,10,5.98421052631579,19,6.6,4.92857142857143,NA,4.48571428571429,6.85833333333333,12,7,0,7,12,624,363,261,38,306,318,5.7764905448718,6.80710743801653,4.34310383141762,5.0171052631579,5.30483692810458,6.23034591194968,40
"59",2007,11,5.9375,24,6.56666666666667,4.88888888888889,5.5,5.65384615384615,6.27272727272727,15,9,1,13,11,648,378,270,39,319,329,5.78245385802469,6.79756613756614,4.36129666666667,5.02948717948718,5.31905987460815,6.23176291793313,41
"60",2007,12,6.0625,36,6.89285714285714,4.9,7,5.203125,6.75,21,15,2,16,20,684,399,285,41,335,349,5.79719312865497,6.80258145363408,4.38964947368421,5.12560975609756,5.31352268656717,6.26146131805158,42
"61",2008,1,5.66666666666667,33,6.11904761904762,4.875,5.5,5.25,5.8,21,12,2,8,25,717,420,297,43,343,374,5.79118563458857,6.76840476190476,4.4092595959596,5.14302325581396,5.31204110787172,6.23061497326203,43
"62",2008,2,5.76666666666667,30,6.65909090909091,3.3125,NA,4.21428571428571,6.23913043478261,22,8,0,7,23,747,442,305,43,350,397,5.79020093708166,6.76296380090498,4.38049213114754,5.14302325581396,5.290086,6.23110831234257,44
"63",2008,3,6.16857142857143,35,6.356,5.7,6,5.65,6.376,25,10,4,10,25,782,467,315,47,360,422,5.80713567774936,6.74117773019272,4.42238126984127,5.21595744680851,5.30008361111111,6.23969194312796,45
"64",2008,4,6.48863636363636,22,6.69117647058824,5.8,6.66666666666667,6.09375,6.71428571428571,17,5,3,8,14,804,484,320,50,368,436,5.82578370646766,6.73942148760331,4.4439065625,5.303,5.31733722826087,6.25493119266055,46
"65",2008,5,5.37037037037037,27,7.08333333333333,4,6.5,4.95454545454545,5.65625,12,15,1,11,16,831,496,335,51,379,452,5.81098688327317,6.74774193548387,4.42403014925373,5.3264705882353,5.30680765171504,6.2337389380531,47
"66",2008,6,5.40909090909091,22,6,4.14285714285714,4.5,5.7,5.16666666666667,15,7,2,10,12,853,511,342,53,389,464,5.80062145369285,6.72579256360078,4.41827514619883,5.29528301886793,5.31691542416452,6.20614224137931,48
"67",2008,7,6.67741935483871,31,7.225,5.68181818181818,5.66666666666667,6.43333333333333,6.90625,20,11,3,15,16,884,531,353,56,404,480,5.83136889140272,6.74459510357815,4.45764900849858,5.31517857142857,5.35836658415842,6.22947916666667,49
"68",2008,8,5.72727272727273,22,7.04545454545455,4.40909090909091,4.8,4.25,6.28125,11,11,5,6,16,906,542,364,61,410,496,5.82884116997793,6.75070110701107,4.45618159340659,5.27295081967213,5.34214658536585,6.23114919354839,50
"69",2008,9,5.70588235294118,17,6,5.28571428571429,6,5.5,6.08333333333333,10,7,2,11,6,923,552,371,63,421,502,5.82657648970748,6.73710144927536,4.47183315363881,5.29603174603175,5.34627102137767,6.22938247011952,51
"70",2008,10,5.94444444444444,18,6,5.66666666666667,5.5,6.4,5.76923076923077,15,3,2,5,13,941,567,374,65,426,515,5.82883113708821,6.71760141093474,4.48141737967914,5.30230769230769,5.35863873239437,6.21776699029126,52
"71",2008,11,5.98518518518518,27,6.21578947368421,5.4375,6,4.42857142857143,6.53,19,8,2,7,20,968,586,382,67,433,535,5.83319225206612,6.70133105802048,4.50144005235602,5.32313432835821,5.34360300230947,6.22943925233645,53
"72",2008,12,6.18472222222222,36,7.26764705882353,5.21578947368421,5.5,6.10333333333333,6.24285714285714,17,19,6,15,21,1004,603,401,73,448,556,5.8457969123506,6.71729684908789,4.53528703241895,5.33767123287671,5.36904040178571,6.22994604316547,54
"73",2009,1,5.62604166666667,48,5.98148148148148,5.16904761904762,5.16363636363636,4.75,5.95142857142857,27,21,11,13,35,1052,630,422,84,461,591,5.83577005703422,6.68576190476191,4.56682488151659,5.31488095238095,5.35158373101952,6.21345177664975,55
"74",2009,2,5.8875,40,5.875,5.90625,6.84,5.09090909090909,6.18965517241379,24,16,5,11,29,1092,654,438,89,472,620,5.83766492673993,6.65600917431193,4.61575365296804,5.40056179775281,5.34550868644068,6.21233870967742,56
"75",2009,3,5.56363636363636,33,6.38333333333333,4.58,5.31428571428571,5.14,5.74782608695652,18,15,7,10,23,1125,672,453,96,482,643,5.82962675555556,6.64870535714286,4.61456975717439,5.39427083333333,5.34124502074689,6.1957231726283,57
"76",2009,4,5.21219512195122,41,6.36842105263158,4.21363636363636,5.25555555555556,4.675,5.34242424242424,19,22,9,8,33,1166,691,475,105,490,676,5.80791603773585,6.640998552822,4.59600021052631,5.38238095238095,5.33036755102041,6.15406804733728,58
"77",2009,5,5.71388888888889,36,6.34210526315789,5.01176470588235,2.66666666666667,4.79166666666667,6.175,19,17,3,12,24,1202,710,492,108,502,700,5.80509991680533,6.633,4.61036605691057,5.30694444444444,5.31749023904383,6.15478571428571,59
"78",2009,6,5.67241379310345,29,6.6,4.67857142857143,5.3,4.7,6.18421052631579,15,14,5,10,19,1231,725,506,113,512,719,5.80197408610886,6.63231724137931,4.61225316205534,5.30663716814159,5.3054298828125,6.15556328233658,60
"79",2009,7,5.31896551724138,29,5.85714285714286,3.90625,3.25,3.9375,5.84523809523809,21,8,5,8,21,1260,746,514,118,520,740,5.79085722222222,6.61049597855228,4.60126478599222,5.21949152542373,5.28438480769231,6.14675675675676,61
"80",2009,8,6.28421052631579,38,6.62222222222222,5.45454545454545,6.25,5.8,6.45714285714286,27,11,4,10,28,1298,773,525,122,530,768,5.80530053929122,6.61090556274256,4.61914304761905,5.25327868852459,5.29411339622642,6.15807291666667,62
"81",2009,9,5.15294117647059,34,6.35294117647059,3.95294117647059,4.81428571428571,4.62,5.375,17,17,7,10,24,1332,790,542,129,540,792,5.78864872372372,6.60535443037975,4.59824741697417,5.22945736434109,5.28162981481482,6.13434343434343,63
"82",2009,10,5.678125,32,6.69444444444444,4.37142857142857,3.5,5.53846153846154,5.77368421052632,18,14,4,13,19,1364,808,556,133,553,811,5.78605579178886,6.60733910891089,4.59253615107913,5.17744360902256,5.28766745027125,6.12589395807645,64
"83",2009,11,5.61621621621622,37,6.37142857142857,4.625,5.375,5.6,5.62222222222222,21,16,8,10,27,1401,829,572,141,563,838,5.78157037830122,6.6013630880579,4.59344423076923,5.1886524822695,5.29321509769094,6.10966587112172,65
"84",2009,12,6.26842105263158,38,6.71,5.77777777777778,5.08333333333333,5.84615384615385,6.488,20,18,6,13,25,1439,849,590,147,576,863,5.79442675469076,6.6039222614841,4.62957644067796,5.1843537414966,5.30569461805556,6.12062572421784,66
"85",2010,1,5.38,50,5.79464285714286,4.85227272727273,5.4,4.86666666666667,5.6,28,22,10,15,35,1489,877,612,157,591,898,5.78051047683009,6.57808437856328,4.6375818627451,5.19808917197452,5.29455177664975,6.10033407572383,67
"86",2010,2,5.3984375,32,5.9125,4.54166666666667,5.66666666666667,5,5.6375,20,12,3,12,20,1521,897,624,160,603,918,5.77247212360289,6.56324414715719,4.63573733974359,5.206875,5.28869004975124,6.09025054466231,68
"87",2010,3,5.77352941176471,34,6.5,5.12777777777778,3.4,5.66666666666667,5.812,16,18,5,9,25,1555,913,642,165,612,943,5.77249524115756,6.56213581599124,4.64953286604361,5.15212121212121,5.29424852941176,6.08287380699894,69
"88",2010,4,5.65,30,6.23684210526316,4.63636363636364,6,6.45833333333333,5.11111111111111,19,11,5,12,18,1585,932,653,170,624,961,5.7701767192429,6.55550429184549,4.64931102603369,5.17705882352941,5.31663477564103,6.06467221644121,70
"89",2010,5,5.42258064516129,31,5.94736842105263,4.59166666666667,5.6,4.7,5.67391304347826,19,12,5,8,23,1616,951,665,175,632,984,5.76350872524753,6.54335436382755,4.64827082706767,5.18914285714286,5.3088292721519,6.05553861788618,71
"90",2010,6,5.55735294117647,34,5.898,4.61111111111111,5,5.33636363636364,5.66304347826087,25,9,4,11,23,1650,976,674,179,643,1007,5.75926066666667,6.5268237704918,4.64777462908012,5.18491620111732,5.30930031104199,6.04657398212512,72
"91",2010,7,5.54032258064516,31,6.08823529411765,4.875,5.95833333333333,5.29166666666667,5.69736842105263,17,14,6,12,19,1681,993,688,185,655,1026,5.75522314098751,6.51931520644512,4.65239840116279,5.21,5.3089772519084,6.04010721247563,73
"92",2010,8,5.325,40,6,4.5,5,4.95833333333333,5.48214285714286,22,18,5,12,28,1721,1015,706,190,667,1054,5.74522376525276,6.50805911330049,4.64851288951841,5.20447368421052,5.3026688155922,6.02528462998102,74
"93",2010,9,5.8375,20,6.43181818181818,5.11111111111111,5.4,4.25,6.234375,11,9,5,4,16,1741,1026,715,195,671,1070,5.74628380241241,6.50724171539961,4.6543358041958,5.20948717948718,5.29639359165425,6.02841121495327,75
"94",2010,10,5.14814814814815,27,5.6875,4.92105263157895,5.85714285714286,5,5.26666666666667,8,19,7,12,15,1768,1034,734,202,683,1085,5.73714937782806,6.50089941972921,4.66123991825613,5.23193069306931,5.29118609077599,6.0178801843318,76
"95",2010,11,5.22432432432432,37,6.365,3.88235294117647,4.75,5.23571428571429,5.21739130434783,20,17,4,14,23,1805,1054,751,206,697,1108,5.72663717451524,6.49832068311196,4.6436086551265,5.22257281553398,5.2900718794835,6.00126353790614,77
"96",2010,12,5.36410256410256,39,5.9,4.59375,4.875,4.28571428571429,5.6,23,16,8,7,32,1844,1077,767,214,704,1140,5.71896968546638,6.48554317548747,4.64256857887875,5.20957943925234,5.28008536931818,5.99,78
"97",2011,1,5.39019607843137,51,6.2741935483871,4.02,3.65,4.52666666666667,5.75,31,20,6,15,36,1895,1108,787,220,719,1176,5.71012142480211,6.47962996389892,4.62674726810673,5.16704545454545,5.26436731571627,5.98265306122449,79
"98",2011,2,5.41489361702128,47,5.62,5.18181818181818,5.13636363636364,5.17857142857143,5.51515151515152,25,22,11,14,33,1942,1133,809,231,733,1209,5.70297636457261,6.46066195939982,4.64184190358467,5.16558441558442,5.26272864938608,5.96989247311828,80
"99",2011,3,5.13870967741935,31,5.48636363636364,4.28888888888889,6.03333333333333,4.9375,5.20869565217391,22,9,3,8,23,1973,1155,818,234,741,1232,5.69411054232134,6.4421038961039,4.63795855745721,5.1767094017094,5.25921740890688,5.95568181818182,81
"100",2011,4,5.54535714285714,28,6.24833333333333,4.28,4.05,4.15625,6.101,18,10,6,8,20,2001,1173,828,240,749,1252,5.69202903548226,6.43913043478261,4.63363538647343,5.14854166666667,5.24743671562083,5.95800319488818,82
"101",2011,5,5.53214285714286,28,6.06666666666667,4.91538461538462,5.33333333333333,5.41666666666667,5.56363636363636,15,13,3,6,22,2029,1188,841,243,755,1274,5.68982262198127,6.43442760942761,4.63799060642093,5.15082304526749,5.24878158940397,5.95119309262167,83
"102",2011,6,5.72173913043478,23,7.00833333333333,4.31818181818182,5.16666666666667,5.25833333333333,6.22727272727273,12,11,3,12,11,2052,1200,852,246,767,1285,5.69018036062378,6.44016666666667,4.63386161971831,5.1510162601626,5.24893102998696,5.95355642023346,84
"103",2011,7,5.07291666666667,24,5.765625,3.6875,4.625,4.16666666666667,5.375,16,8,4,6,18,2076,1216,860,250,773,1303,5.68304436416185,6.43129111842105,4.62505825581395,5.1426,5.24053053040103,5.94556408288565,85
"104",2011,8,5.39102564102564,39,6.14130434782609,4.3125,4.6875,5.47222222222222,5.32142857142857,23,16,8,18,21,2115,1239,876,258,791,1324,5.67765962174941,6.42590799031477,4.61934942922374,5.12848837209302,5.24580290771176,5.93566465256798,86
"105",2011,9,5.11730769230769,26,6.21785714285714,3.83333333333333,3.85714285714286,5.36666666666667,5.0425,14,12,7,6,20,2141,1253,888,265,797,1344,5.67085478748249,6.42358339984038,4.60872759009009,5.09490566037736,5.24671279799247,5.92237351190476,87
"106",2011,10,5.62904761904762,21,6.28538461538462,4.5625,4,4.95857142857143,5.96428571428571,13,8,3,7,14,2162,1266,896,268,804,1358,5.67044870490287,6.42216429699842,4.60831484375,5.08264925373134,5.24420410447761,5.92280559646539,88
"107",2011,11,5.56279069767442,43,6.36,4.45555555555556,5.1,5.22666666666667,5.74285714285714,25,18,7,15,28,2205,1291,914,275,819,1386,5.66834925170068,6.42096049573974,4.60530645514223,5.08309090909091,5.2438829059829,5.91917027417028,89
"108",2011,12,5.80606060606061,33,5.76470588235294,5.85,6.4,6.16666666666667,5.67083333333333,17,16,5,9,24,2238,1308,930,280,828,1410,5.67037984807864,6.41243119266055,4.62672053763441,5.10660714285714,5.25391316425121,5.91494326241135,90
"109",2012,1,5.33333333333333,45,6.24074074074074,3.97222222222222,3.88888888888889,4.46666666666667,5.76666666666667,27,18,9,15,30,2283,1335,948,289,843,1440,5.66373635567236,6.40895880149813,4.61429335443038,5.06868512110727,5.23990521945433,5.91185416666667,91
"110",2012,2,5.67348837209302,43,6.23,4.90055555555556,5,5.8,5.63515151515151,25,18,5,10,33,2326,1360,966,294,853,1473,5.66391663800516,6.40566911764706,4.61962743271221,5.06751700680272,5.2464713950762,5.90565512559403,92
"111",2012,3,5.65,32,6.54210526315789,4.34615384615385,5.33333333333333,5.66666666666667,5.64615384615385,19,13,3,6,26,2358,1379,979,297,859,1499,5.66372777777778,6.40754894851342,4.61599601634321,5.07020202020202,5.24940640279395,5.90115410273516,93
"112",2012,4,5.11666666666667,30,5.63157894736842,4.22727272727273,4.75,4.75,5.20833333333333,19,11,6,6,24,2388,1398,990,303,865,1523,5.65685515075377,6.39700286123033,4.61167686868687,5.06386138613861,5.24594231213873,5.89023637557453,94
"113",2012,5,5.68095238095238,42,6.45555555555556,4.28666666666667,4.16666666666667,5.76923076923077,5.64137931034483,27,15,6,13,29,2430,1425,1005,309,878,1552,5.65727164609053,6.39811228070175,4.60682597014925,5.04644012944984,5.2536903189066,5.88558634020619,95
"114",2012,6,4.85384615384615,26,5.325,3.28333333333333,3,3.94,5.07142857142857,20,6,1,5,21,2456,1445,1011,310,883,1573,5.64876632736156,6.38325951557093,4.59897141444115,5.03983870967742,5.24625152887882,5.87471710108074,96
"115",2012,7,4.86166666666667,24,5.32142857142857,4.218,4.875,4.75,4.884,14,10,4,4,20,2480,1459,1021,314,887,1593,5.64114923387097,6.37307059629883,4.59524005876592,5.03773885350318,5.24401364148816,5.86227871939736,97
"116",2012,8,5.26333333333333,24,5.67307692307692,4.77909090909091,4.6,5.22,5.27777777777778,13,11,5,6,18,2504,1472,1032,319,893,1611,5.63752799520767,6.36688858695652,4.59719970930233,5.03087774294671,5.2438522956327,5.85574798261949,98
"117",2012,9,5.71428571428571,21,6.04545454545455,5.35,6.08333333333333,6,5.57142857142857,11,10,6,7,14,2525,1483,1042,325,900,1625,5.63816637623762,6.36450438300742,4.60442428023033,5.05030769230769,5.24973344444444,5.85329846153846,99
"118",2012,10,6.02272727272727,22,6.4,5.21428571428571,5,5,6.125,15,7,4,2,20,2547,1498,1049,329,902,1645,5.64148806438948,6.36485981308411,4.60849389895138,5.04969604863222,5.24917971175166,5.85660182370821,100
"119",2012,11,5.3359375,32,6.07291666666667,3.125,2.6,5,5.46739130434783,24,8,5,9,23,2579,1522,1057,334,911,1668,5.63769682047305,6.36025624178712,4.59726594134342,5.01302395209581,5.24671800219539,5.85123501199041,101
"120",2012,12,4.69655172413793,29,5.76666666666667,3.94117647058824,4.5,3.77777777777778,5.11,12,17,8,9,20,2608,1534,1074,342,920,1688,5.62723163343558,6.35561277705346,4.58688091247672,5.00102339181286,5.23234793478261,5.84245260663507,102
"121",2013,1,5.92893617021277,47,6.55724137931035,4.91666666666667,4.85,4.75,6.24756756756757,29,18,10,10,37,2655,1563,1092,352,930,1725,5.63257254237288,6.35935380678183,4.59231694139194,4.99673295454545,5.22716139784946,5.85114202898551,103
"122",2013,2,5.640625,32,6.19444444444444,4.92857142857143,4.72222222222222,4.77777777777778,5.97826086956522,18,14,9,9,23,2687,1581,1106,361,939,1748,5.63266844064012,6.35747628083491,4.59657332730561,4.9898891966759,5.22285420660277,5.85281464530893,104
"123",2013,3,4.87142857142857,35,5.16666666666667,4.55882352941176,3.5,4.67857142857143,5,18,17,7,14,21,2722,1599,1123,368,953,1769,5.62288027185893,6.3440712945591,4.59600186999109,4.96154891304348,5.21485844700944,5.84269078575467,105
"124",2013,4,5.140625,32,5.875,3.91666666666667,4.5,3.72222222222222,5.69565217391304,20,12,6,9,23,2754,1619,1135,374,962,1792,5.61727672476398,6.338276714021,4.58881947136564,4.95414438502674,5.20089407484407,5.84080357142857,106
"125",2013,5,6.0078125,32,6.38095238095238,5.29545454545455,5.5,5.43181818181818,6.30952380952381,21,11,4,11,21,2786,1640,1146,378,973,1813,5.62176241923905,6.33882317073171,4.59560218150087,4.95992063492063,5.20350472764645,5.84623276337562,107
"126",2013,6,5.29655172413793,29,6.4375,3.89230769230769,3.87142857142857,2.5,5.744,16,13,7,4,25,2815,1656,1159,385,977,1838,5.61841211367673,6.33977657004831,4.58771363244176,4.94012987012987,5.1924361310133,5.84484221980414,108
"127",2013,7,5.98846153846154,26,5.98333333333333,6,6,6.4,5.89047619047619,18,8,5,5,21,2841,1674,1167,390,982,1859,5.62179869764168,6.33594384707288,4.59739511568123,4.95371794871795,5.19858462321792,5.84535771920388,109
"128",2013,8,5.33653846153846,26,5.72368421052632,4.28571428571429,5,4.625,5.46590909090909,19,7,1,4,22,2867,1693,1174,391,986,1881,5.61921175444716,6.32907265209687,4.5955367120954,4.95383631713555,5.19625770791075,5.8409197235513,110
"129",2013,9,4.83333333333333,21,5.36666666666667,3.5,3.75,4.125,5,15,6,2,4,17,2888,1708,1180,393,990,1898,5.61349726454294,6.3206206088993,4.58996618644068,4.94770992366412,5.19192939393939,5.83338777660696,111
"130",2013,10,5.01,31,6.52066666666667,3.59375,4,4.48416666666667,5.34210526315789,15,16,7,12,19,2919,1723,1196,400,1002,1917,5.60708807810894,6.32236215902496,4.57663887959866,4.931125,5.18345319361277,5.82851851851852,112
"131",2013,11,5.33823529411765,34,6.13157894736842,4.33333333333333,4.27272727272727,5.35714285714286,5.33333333333333,19,15,11,7,27,2953,1742,1211,411,1009,1944,5.60399258381307,6.3202812858783,4.57362518579686,4.91350364963503,5.18465817641229,5.82164094650206,113
"132",2013,12,5.46341463414634,41,5.74074074074074,4.92857142857143,4.375,4.5625,5.68181818181818,27,14,8,8,33,2994,1769,1225,419,1017,1977,5.60206750167001,6.31143583945732,4.57768171428571,4.90322195704057,5.17976411012783,5.81930703085483,114
"133",2014,1,5.45465517241379,58,5.8897619047619,4.3125,4.4375,6.3475,5.22173913043478,42,16,8,12,46,3052,1811,1241,427,1029,2023,5.59926608781127,6.30165654334622,4.5742627719581,4.89449648711944,5.19338202137998,5.80571922886802,115
"134",2014,2,5.37096774193548,31,6.1,4.04545454545455,3.58333333333333,4.60833333333333,5.85263157894737,20,11,6,12,19,3083,1831,1252,433,1041,2042,5.59697051573143,6.299453850355,4.56961669329073,4.87632794457275,5.18663794428434,5.80615572967679,116
"135",2014,3,6.17105263157895,19,6.94230769230769,4.5,5,6.1,6.19642857142857,13,6,1,5,14,3102,1844,1258,434,1046,2056,5.60048681495809,6.30398590021692,4.5692846581876,4.8766129032258,5.19100391969407,5.80881322957199,117
"136",2014,4,5.24285714285714,28,5.8625,4.41666666666667,5.25,5.11111111111111,5.30526315789474,16,12,4,9,19,3130,1860,1270,438,1055,2075,5.59728757188499,6.30018817204301,4.5678425984252,4.88002283105023,5.19032236966825,5.80420240963856,118
"137",2014,5,5.60416666666667,24,6.54166666666667,4.66666666666667,5,5.125,5.84375,12,12,8,8,16,3154,1872,1282,446,1063,2091,5.597339917565,6.30173611111111,4.56876762870515,4.88217488789237,5.18983076199436,5.80450502152081,119
"138",2014,6,4.38235294117647,17,5.6,3.875,4.3,5.25,4.11538461538461,5,12,5,4,13,3171,1877,1294,451,1067,2104,5.59082626931567,6.29986680873735,4.56233392581144,4.87572062084257,5.19005632614808,5.79406844106464,120
"139",2014,7,5.203125,32,6.25,3.85714285714286,4.33333333333333,7,4.87037037037037,18,14,6,5,27,3203,1895,1308,457,1072,2131,5.58695288791758,6.29939313984169,4.55478600917431,4.86859956236324,5.19849822761194,5.78236508681371,121
"140",2014,8,5.29428571428571,49,5.92967741935484,4.2,4.67777777777778,4.9,5.43666666666667,31,18,9,13,36,3252,1926,1326,466,1085,2167,5.58254308118081,6.29344236760125,4.54996990950226,4.86491416309013,5.19492175115207,5.7766220581449,122
"141",2014,9,5.30769230769231,26,6.66666666666667,4.14285714285714,3.66666666666667,3.125,5.70454545454545,12,14,3,4,22,3278,1938,1340,469,1089,2189,5.58036305674192,6.29575335397317,4.54571649253731,4.85724946695096,5.18731873278237,5.77589767016903,123
"142",2014,10,5.26071428571429,28,6.31333333333333,4.04615384615385,4,5.41666666666667,5.14375,15,13,4,12,16,3306,1953,1353,473,1101,2205,5.5776558076225,6.29588837685612,4.54091655580192,4.85,5.18981843778383,5.77131065759637,124
"143",2014,11,5.43461538461538,26,5.53809523809524,5,4.7,5.72857142857143,5.32631578947368,21,5,3,7,19,3332,1974,1358,476,1108,2224,5.57653964585834,6.28782674772036,4.54260684830633,4.84905462184874,5.19322211191336,5.76750899280576,125
"144",2014,12,5.13170731707317,41,5.26086956521739,4.96666666666667,5.64285714285714,5.16666666666667,5.12571428571429,23,18,7,6,35,3373,1997,1376,483,1114,2259,5.57113255262378,6.27599899849775,4.54815414244186,4.86055900621118,5.19307908438061,5.75756529437805,126
"145",2015,1,5.23977272727273,44,5.95178571428571,3.99375,4.8,3.67857142857143,5.53513513513514,28,16,5,7,37,3417,2025,1392,488,1121,2296,5.56686570090723,6.27151604938272,4.54178168103448,4.85993852459016,5.18362185548617,5.75398083623694,127
"146",2015,2,5.3448275862069,29,5.675,4.61111111111111,4.83333333333333,4,5.56,20,9,3,4,25,3446,2045,1401,491,1125,2321,5.56499712710389,6.26568215158924,4.54222705210564,4.85977596741344,5.17941342222222,5.75189142610944,128
"147",2015,3,4.77058823529412,34,5.29130434782609,3.68181818181818,6,4.54545454545455,4.87826086956522,23,11,2,11,23,3480,2068,1412,493,1136,2344,5.55723566091954,6.25484526112186,4.53552415014164,4.86440162271805,5.17327473591549,5.74331911262799,129
"148",2015,4,5.05172413793103,29,5.98076923076923,4.296875,4.5625,4.42857142857143,5.25,13,16,8,7,22,3509,2081,1428,501,1143,2366,5.55305787973782,6.25313310908217,4.53285021008403,4.85958083832335,5.16871399825022,5.73873203719358,130
"149",2015,5,5.56521739130435,23,5.68421052631579,5,3.5,5.94444444444444,5.32142857142857,19,4,2,9,14,3532,2100,1432,503,1152,2380,5.55313706115515,6.24798571428571,4.53415509776536,4.85417495029821,5.17477439236111,5.73627731092437,131
"150",2015,6,5.1,20,5.95,4.25,5.83333333333333,5.7,4.5,10,10,3,10,10,3552,2110,1442,506,1162,2390,5.55058561373874,6.24657345971564,4.53218453536755,4.85998023715415,5.17929440619621,5.73110460251046,132
"151",2015,7,5.85,32,6.29166666666667,4.525,4.86666666666667,4.91666666666667,6.06538461538462,24,8,6,6,26,3584,2134,1450,512,1168,2416,5.55325895647321,6.24708059981256,4.53214489655173,4.86005859375,5.17794529109589,5.73470198675497,133
"152",2015,8,4.66022727272727,44,5.2462962962963,3.72941176470588,3.5,3.95833333333333,4.9234375,27,17,6,12,32,3628,2161,1467,518,1180,2448,5.54242836273429,6.23457658491439,4.52284260395365,4.84430501930502,5.16554245762712,5.72409722222222,134
"153",2015,9,4.9,27,5.33333333333333,4.35833333333333,4.97142857142857,5.16,4.84090909090909,15,12,7,5,22,3655,2176,1479,525,1185,2470,5.53768265389877,6.22836397058824,4.52150784313726,4.846,5.16551907172996,5.71623076923077,135
"154",2015,10,5.06818181818182,22,5.775,4.22,4.24,6.75,4.9,12,10,5,2,20,3677,2188,1489,530,1187,2490,5.53487356540658,6.22587751371115,4.51948294157153,4.84028301886792,5.16818879528223,5.70967469879518,136
"155",2015,11,5.50219512195122,41,5.99166666666667,4.81117647058824,4.59857142857143,5.24,5.58677419354839,24,17,7,10,31,3718,2212,1506,537,1197,2521,5.53451320602474,6.22333634719711,4.52277563081009,4.8371322160149,5.16878872180451,5.70816342721143,137
"156",2015,12,5.26363636363636,33,5.705,4.58461538461538,4.825,4.5,5.36896551724138,20,13,8,4,29,3751,2232,1519,545,1201,2550,5.53213012529992,6.2186917562724,4.52330487162607,4.83695412844036,5.16656128226478,5.70430588235295,138
"157",2016,1,4.92105263157895,38,5.22,4.34615384615385,4.7,4.4375,5.05,25,13,5,8,30,3789,2257,1532,550,1209,2580,5.52600160992346,6.20762959680992,4.52180163185379,4.83570909090909,5.1617370554177,5.69669767441861,139
"158",2016,2,5.56785714285714,28,6.35555555555556,4.15,4.91666666666667,5.66666666666667,5.54090909090909,18,10,6,6,22,3817,2275,1542,556,1215,2602,5.52630864553314,6.2088,4.51939046692607,4.83658273381295,5.16423053497943,5.6953804765565,140
"159",2016,3,4.98181818181818,33,5.615,4.00769230769231,4.66666666666667,5.0625,4.956,20,13,9,8,25,3850,2295,1555,565,1223,2627,5.52164158441559,6.20362527233115,4.51511260450161,4.83387610619469,5.16356508585446,5.68834411876666,141
"160",2016,4,5.20769230769231,39,6.20909090909091,3.91176470588235,4.5,4.9,5.31379310344828,22,17,4,10,29,3889,2317,1572,569,1233,2656,5.51849321162253,6.2036771687527,4.50858784987278,4.83152899824253,5.16142749391728,5.68425451807229,142
"161",2016,5,5.42135135135135,37,6.28111111111111,3.1,2.5,5.09090909090909,5.56115384615385,27,10,4,11,26,3926,2344,1582,573,1244,2682,5.51757771268467,6.20456911262799,4.49968400758534,4.81525305410122,5.16080393890675,5.68306114839672,143
"162",2016,6,4.99264705882353,34,6.15625,3.95833333333333,4.125,5.125,4.96428571428571,16,18,8,6,28,3960,2360,1600,581,1250,2710,5.51307073232323,6.20424152542373,4.4935938125,4.8057487091222,5.16063208,5.67563468634687,144
"163",2016,7,5.01923076923077,26,6.34615384615385,3.69230769230769,3.83333333333333,4,5.325,13,13,6,6,20,3986,2373,1613,587,1256,2730,5.50984949824385,6.20501896333755,4.48713583384997,4.79580919931857,5.15508765923567,5.67306593406594,145
"164",2016,8,5.23255813953488,43,5.73333333333333,4.07692307692308,4.75,4.5625,5.38571428571429,30,13,4,8,35,4029,2403,1626,591,1264,2765,5.50689007197816,6.19913025384935,4.4838561500615,4.79549915397631,5.15133710443038,5.66942857142858,146
"165",2016,9,6.18125,16,6.60769230769231,4.33333333333333,3,7.25,6.02857142857143,13,3,1,2,14,4045,2416,1629,592,1266,2779,5.50955750309024,6.20132864238411,4.48357894413751,4.79246621621621,5.15465252764613,5.67123785534365,147
"166",2016,10,5.34411764705882,34,6.12857142857143,4.07692307692308,4.9,4.54545454545455,5.72608695652174,21,13,5,11,23,4079,2437,1642,597,1277,2802,5.50817849963226,6.20070168239639,4.48035937880633,4.79336683417085,5.14940493343775,5.6716880799429,148
"167",2016,11,5.09285714285714,42,6.01785714285714,3.24285714285714,2.4,3.8125,5.39411764705882,28,14,5,8,34,4121,2465,1656,602,1285,2836,5.50394566852706,6.1986247464503,4.46989740338164,4.77348837209302,5.14108178988327,5.66836036671369,149
"168",2016,12,5.08571428571429,35,5.31034482758621,4,4.5,4.5,5.16129032258065,29,6,2,4,31,4156,2494,1662,604,1289,2867,5.50042350818094,6.18829591018444,4.46820102286402,4.77258278145695,5.13909239720714,5.66287757237531,150
"169",2017,1,5.55558139534884,43,6.64615384615385,3.88764705882353,4.64285714285714,6.05555555555556,5.42323529411765,26,17,7,9,34,4199,2520,1679,611,1298,2901,5.50098835437009,6.19301984126984,4.4623228707564,4.77109656301146,5.1454469183359,5.66006894174423,151
"170",2017,2,5.52666666666667,30,6.34761904761905,3.61111111111111,4.125,4.71428571428571,5.77391304347826,21,9,8,7,23,4229,2541,1688,619,1305,2924,5.50117051312367,6.19429752066116,4.45778441943128,4.76274636510501,5.14313417624521,5.66096443228455,152
"171",2017,3,5.672,25,6.2375,4.66666666666667,4.66666666666667,5.6,5.69,16,9,3,5,20,4254,2557,1697,622,1310,2944,5.50217444757875,6.19456785295268,4.45889222156747,4.76228295819936,5.1448779389313,5.66116168478261,153
"172",2017,4,5.26612903225806,31,5.95833333333333,4.30769230769231,5.42857142857143,4.55555555555556,5.55681818181818,18,13,7,9,22,4285,2575,1710,629,1319,2966,5.50046676779463,6.19291650485437,4.45774274853801,4.76969793322734,5.14085678544352,5.66038772757924,154
"173",2017,5,5.734375,32,6.18947368421053,5.06923076923077,5,6.66666666666667,5.51923076923077,19,13,4,6,26,4317,2594,1723,633,1325,2992,5.50220062543433,6.19289128758674,4.46235641323273,4.7711532385466,5.14776611320755,5.65916109625669,155
"174",2017,6,5.36923076923077,26,6.09411764705882,4,6,5.9,5.27272727272727,17,9,2,4,22,4343,2611,1732,635,1329,3014,5.50140458208612,6.19224818077365,4.45995386836028,4.77502362204724,5.15003017306246,5.65634041141341,156
"175",2017,7,5.26086956521739,23,5.76923076923077,4.6,5.25,5.44444444444444,5.14285714285714,13,10,4,9,14,4366,2624,1742,639,1338,3028,5.50013744846542,6.19015243902439,4.46075780711825,4.77799687010954,5.15201053811659,5.65396631439895,157
"176",2017,8,5.22972972972973,37,5.67857142857143,3.83333333333333,4.5,5.66666666666667,5.19117647058824,28,9,4,3,34,4403,2652,1751,643,1341,3062,5.49786511469453,6.18475113122172,4.45753289548829,4.77626749611197,5.15316189410888,5.64882756368387,158
"177",2017,9,4.81944444444444,36,5.55,3.90625,4.2,3,5.25862068965517,20,16,5,7,29,4439,2672,1767,648,1348,3091,5.49236316738004,6.18,4.45254108658744,4.77182098765432,5.14198078635015,5.64516661274669,159
"178",2017,10,5.04347826086957,23,5.93333333333333,3.375,3.75,6.5,4.73684210526316,15,8,4,4,19,4462,2687,1775,652,1352,3110,5.49004932765576,6.17862299962784,4.44768456338028,4.76555214723926,5.14599859467456,5.63961736334406,160
"179",2017,11,5.768,35,6.12,5,4.64285714285714,4.875,5.88322580645161,24,11,7,4,31,4497,2711,1786,659,1356,3141,5.4922126084056,6.17810402065658,4.45108628219485,4.76424886191199,5.14519918879056,5.64202164915632,161
"180",2017,12,5.23076923076923,26,6.3125,3.5,3.875,7.5,5.04166666666667,16,10,4,2,24,4523,2727,1796,663,1358,3165,5.4907097280566,6.17889255592226,4.44579070155902,4.7588838612368,5.14866723122239,5.6374691943128,162
"181",2018,1,5.31346153846154,52,6.09032258064516,4.16666666666667,4.16666666666667,4.75,5.44761904761905,31,21,6,10,42,4575,2758,1817,669,1368,3207,5.48869510382514,6.17789702683104,4.44256472206935,4.75357249626308,5.14575299707603,5.6349828500156,163
"182",2018,2,5.83333333333333,21,6.03571428571429,5.42857142857143,5,6.5,5.76315789473684,14,7,5,2,19,4596,2772,1824,674,1370,3226,5.49026982158399,6.17717893217893,4.44634873903509,4.75540059347181,5.14773,5.63573775573466,164
"183",2018,3,5.45652173913043,23,6.67857142857143,3.55555555555556,4,6.35714285714286,5.0625,14,9,3,7,16,4619,2786,1833,677,1377,3242,5.49010177527603,6.17969849246231,4.44197495908347,4.75205317577548,5.15387806826435,5.63290869833437,165
"184",2018,4,5.395,20,6.58181818181818,3.94444444444444,3.66666666666667,4.725,5.5625,11,9,3,4,16,4639,2797,1842,680,1381,3258,5.4896917654667,6.18127994279585,4.43954402823018,4.74726470588235,5.1526358435916,5.63256292203806,166
"185",2018,5,4.73529411764706,17,5.625,3.94444444444444,4.625,5.25,4.57692307692308,8,9,4,4,13,4656,2805,1851,684,1385,3271,5.48693730670103,6.17969340463458,4.43713673689897,4.74654970760234,5.1529170397112,5.62836747172119,167
"186",2018,6,5.33174619047619,21,6.03111133333333,3.58333333333333,4.25,4,5.47193,15,6,2,2,19,4677,2820,1857,686,1387,3290,5.48624048963011,6.17890307446809,4.43437808292946,4.74510204081632,5.15125457822639,5.62746403343465,168
"187",2018,7,5.31923076923077,26,5.78235294117647,4.44444444444444,4.5,5.9,5.10526315789474,17,9,6,7,19,4703,2837,1866,692,1394,3309,5.48531719540719,6.17652684878393,4.43442663451233,4.74297687861272,5.15501441893831,5.62446559987912,169
"188",2018,8,5.1,25,5.65625,4.11111111111111,6.25,4,5.19565217391304,16,9,4,2,23,4728,2853,1875,696,1396,3332,5.48327977368866,6.17360906764809,4.43287472,4.75163793103448,5.15335967048711,5.6215056032413,170
"189",2018,9,5.12,20,5.75,4.175,3,2.8,5.89333333333333,12,8,2,5,15,4748,2865,1883,698,1401,3347,5.48174953032856,6.17183478883072,4.43177912904939,4.74661891117478,5.1449608137045,5.62272383328354,171
"190",2018,10,5.38888888888889,18,6.61111111111111,4.16666666666667,3.75,5.21428571428571,5.5,9,9,4,7,11,4766,2874,1892,702,1408,3358,5.48139881871591,6.17321039318024,4.43051802325581,4.74094017094017,5.14530546875,5.62232181953544,172
"191",2018,11,5.30434782608696,23,6.16666666666667,3.6875,5.5,5.57142857142857,5.1875,15,8,1,7,16,4789,2889,1900,703,1415,3374,5.48054850073084,6.17317641744548,4.42738952631579,4.74201991465149,5.14741349823322,5.62025983106106,173
"192",2018,12,6.25037037037037,27,6.66347826086957,3.875,4.83333333333333,7.16666666666667,6.13583333333333,23,4,3,3,24,4816,2912,1904,706,1418,3398,5.48486436254153,6.17704899381868,4.42622904411765,4.74240793201133,5.15168554301834,5.6239013154797,174
"193",2019,1,6.25862068965517,29,6.44,5.125,5.5,6.8,6.14583333333333,25,4,1,5,24,4845,2937,1908,707,1423,3422,5.48949572136223,6.1792872557031,4.42769397274633,4.74347949080622,5.15747723120169,5.62756185563998,175
"194",2019,2,5.91538461538462,26,6.29565217391304,3,3.75,5,6.19,23,3,4,6,20,4871,2960,1911,711,1429,3442,5.4917689940464,6.18019144256757,4.42545269492412,4.73789029535865,5.15681602519245,5.63082994479954,176
"195",2019,3,4.66153846153846,26,5.61333333333333,3.36363636363636,4.33333333333333,2.66666666666667,5.26,15,11,3,6,20,4897,2975,1922,714,1435,3462,5.48736099040229,6.17733333445378,4.41937570239334,4.73619047619048,5.14640425087109,5.62868765742346,177
"196",2019,4,5.83333333333333,15,6.7,4.1,5,4,6.11538461538461,10,5,2,2,13,4912,2985,1927,716,1437,3475,5.48841750203583,6.17908431155779,4.41854701608718,4.73692737430168,5.14480869867781,5.63050839424461,178
"197",2019,5,4.9,17,5.25384615384615,3.75,5,5.33333333333333,4.80714285714286,13,4,1,3,14,4929,2998,1931,717,1440,3489,5.48638806451613,6.17507227151434,4.41716214396686,4.73729428172943,5.14520145833334,5.62720454858126,179
"198",2019,6,4.95652173913043,23,6.46153846153846,3,4,2.66666666666667,5.3,13,10,3,3,20,4952,3011,1941,720,1443,3509,5.48392705371567,6.17630909000332,4.40986094796497,4.73422222222222,5.14004857934858,5.62533960387575,180
"199",2019,7,4.9537037037037,27,5.5625,4.06818181818182,4.45833333333333,5.75,4.77272727272727,16,11,6,5,22,4979,3027,1952,726,1448,3531,5.48105177144005,6.1730646415593,4.40793550204918,4.73194214876033,5.14215476519337,5.62002737751346,181
"200",2019,8,6.210625,32,6.52642857142857,4,4,7.42857142857143,5.8696,28,4,2,7,25,5011,3055,1956,728,1455,3556,5.48571079026143,6.1763033289689,4.40710127811861,4.72993131868132,5.15315470790378,5.62178196569179,182
"201",2019,9,5.25,12,5.875,4,2,NA,5.25,8,4,1,0,12,5023,3063,1960,729,1455,3568,5.4851476746964,6.17551637936663,4.40627045918367,4.7261865569273,5.15315470790378,5.6205315779148,183
"202",2019,10,5.52272727272727,22,6.34615384615385,4.33333333333333,2,4.6,5.79411764705882,13,9,2,5,17,5045,3076,1969,731,1460,3585,5.48531155004956,6.1762375390117,4.40593707465719,4.71872777017784,5.15126034246576,5.62135471966528,184
"203",2019,11,5.220833125,16,6.23030272727273,3,3,4,5.50256384615385,11,5,5,3,13,5061,3087,1974,736,1463,3598,5.4844754198775,6.17643019112407,4.40237593718338,4.70705163043478,5.1488995898838,5.62092551417455,185
"204",2019,12,5.39333333333333,30,6.30526315789474,3.81818181818182,4.5,5.38,5.4,19,11,2,10,20,5091,3106,1985,738,1473,3618,5.48393834217246,6.17721828718609,4.39913858942065,4.70649051490515,5.15046849966056,5.61970425649531,186
"205",2020,1,4.9,25,5.32142857142857,4.36363636363636,3.71428571428571,5.5,4.84782608695652,14,11,7,2,23,5116,3120,1996,745,1475,3641,5.48108485144644,6.1733782051282,4.39894293587174,4.6971677852349,5.15094244067797,5.61482834386158,187
"206",2020,2,5.52,25,6,4.5,5,8.5,5.26086956521739,17,8,6,2,23,5141,3137,2004,751,1477,3664,5.48127409064384,6.17243863563915,4.39934635728543,4.69958721704394,5.15547738659445,5.61260644104804,188
"207",2020,3,5.9216,25,6.19666666666667,5.21428571428571,5.5,6.08333333333333,5.87052631578947,18,7,2,6,19,5166,3155,2011,753,1483,3683,5.48340497483546,6.17257686212361,4.40218304326206,4.70171314741036,5.15923135536076,5.61393700787402,189
"208",2020,4,6.21923076923077,26,6.40526315789474,5.71428571428571,5,6.06,6.25714285714286,19,7,1,5,21,5192,3174,2018,754,1488,3704,5.48708977272727,6.17396975425331,4.40673444003964,4.70210875331565,5.16225813172043,5.61758369330454,190
"209",2020,5,6.03125,16,6.6,5.08333333333333,4.5,7.2,5.5,10,6,3,5,11,5208,3184,2024,757,1493,3715,5.48876153993856,6.17530778894472,4.40874016798419,4.70130779392338,5.16908245144006,5.61723553162854,191
"210",2020,6,4.80555555555556,18,6.27777777777778,3.33333333333333,4.5,6.83333333333333,4.4,9,9,2,3,15,5226,3193,2033,759,1496,3730,5.48640836203598,6.175596617601,4.40397939006394,4.70077733860343,5.17241985294118,5.61234048257373,192
"211",2020,7,6.10714285714286,14,7.15,3.5,4,3,6.34615384615385,10,4,1,1,13,5240,3203,2037,760,1497,3743,5.4880668129771,6.17863877614736,4.40220427098674,4.6998552631579,5.17096867067469,5.61488912636923,193
"212",2020,8,5.34,15,6.19090909090909,3,4,4.7,5.5,11,4,1,3,12,5255,3214,2041,761,1500,3755,5.48764416745956,6.17868077162414,4.39945619794218,4.69893561103811,5.17002673333334,5.61452197070573,194
"213",2020,9,6.036,15,6.295,5,5.33333333333333,6,6.04909090909091,12,3,3,4,11,5270,3226,2044,764,1504,3766,5.48920495256167,6.17911345319281,4.4003376223092,4.70142670157068,5.17223410904256,5.6157912904939,195
"214",2020,10,5.42857142857143,14,5.45454545454545,5.33333333333333,5.5,1,5.76923076923077,11,3,2,1,13,5284,3237,2047,766,1505,3779,5.48904430355791,6.17665122026568,4.40170498290181,4.70351174934726,5.16946186046512,5.61631913204552,196
"215",2020,11,5.66666666666667,21,6.64285714285714,3.71428571428571,4.5,4,6.05882352941176,14,7,2,4,17,5305,3251,2054,768,1509,3796,5.4897474269557,6.17865887419256,4.39936226874391,4.70298177083333,5.1663618952949,5.61830084299263,197
"216",2020,12,5.43548387096774,31,6.425,3.63636363636364,3,6.33333333333333,5.22,20,11,3,6,25,5336,3271,2065,771,1515,3821,5.48943217766117,6.18016508712932,4.39529786924939,4.69635538261997,5.17098356435644,5.61569484428161,198
"217",2021,1,5.81034482758621,29,6.35416666666667,3.2,4.33333333333333,5.4,5.89583333333333,24,5,3,5,24,5365,3295,2070,774,1520,3845,5.49116684063374,6.18143247344461,4.3924106763285,4.69494832041344,5.17173690789474,5.61744343302991,199
"218",2021,2,5.58823529411765,17,6.16666666666667,4.2,4,6.33333333333333,5.42857142857143,12,5,4,3,14,5382,3307,2075,778,1523,3859,5.49147344853214,6.18137889325673,4.39194703614458,4.69137532133676,5.17402501641497,5.61675822752009,200
"219",2021,3,5.975,20,6.17857142857143,5.5,5.8,6.5,5.84375,14,6,5,4,16,5402,3321,2081,783,1527,3875,5.49326362458349,6.18136705811503,4.39514180682364,4.69845466155811,5.17749842829077,5.61769548387097,201
"220",2021,4,5.46666666666667,15,6.11111111111111,4.5,5,4,5.57142857142857,9,6,1,1,14,5417,3330,2087,784,1528,3889,5.49318997600148,6.18117717717718,4.39544326784859,4.69883928571429,5.17672781413613,5.61752892774493,202
"221",2021,5,5.21476214285714,14,4.93833375,5.58333333333333,5.125,5,5.25055583333333,8,6,4,2,12,5431,3338,2093,788,1530,3901,5.49247224636347,6.1781985230677,4.39884859053989,4.70100253807107,5.17649679738562,5.61640006921303,203
"222",2021,6,5.28571428571429,14,5.9,3.75,NA,4,5.5,10,4,0,2,12,5445,3348,2097,788,1532,3913,5.49194063728191,6.17736758363202,4.39761092036242,4.70100253807107,5.17496090078329,5.6160431050345,204
"223",2021,7,5.7625,16,6.30833333333333,4.125,3,6.8,5.29090909090909,12,4,1,5,11,5461,3360,2101,789,1537,3924,5.49273334004761,6.17783531845238,4.39709190861494,4.69884664131813,5.18024729993494,5.61513166921509,205
"224",2021,8,5.14285714285714,14,6.5,4.38888888888889,3.5,2.5,5.58333333333333,5,9,2,2,12,5475,3365,2110,791,1539,3936,5.49183867945206,6.17831401783061,4.39705691943128,4.69581542351454,5.17676419753087,5.61503472306911,206
"225",2021,9,6.38461538461539,13,7,4.33333333333333,3,6,6.45454545454545,10,3,1,2,11,5488,3375,2113,792,1541,3947,5.4939534930758,6.18074864296296,4.39696644581164,4.69367424242424,5.17783264114212,5.61737437800862,207
"226",2021,10,5.75,10,5.57142857142857,6.16666666666667,7.75,7.75,5.25,7,3,2,2,8,5498,3382,2116,794,1543,3955,5.49441920152783,6.17948748373743,4.39947547258979,4.70137279596977,5.18116662346079,5.6166312692794,208
"227",2021,11,5,15,6,3.85714285714286,3.66666666666667,5.75,4.72727272727273,8,7,3,4,11,5513,3390,2123,797,1547,3966,5.49307396517323,6.17906391445428,4.3976872821479,4.69747804265998,5.18263742727861,5.61416456631367,209
"228",2021,12,5.99913043478261,23,6.32235294117647,5.08333333333333,5.16666666666667,5.996,6,17,6,3,5,18,5536,3407,2129,800,1552,3984,5.49517643966763,6.17977888758438,4.3996195866604,4.6992375,5.18525779639176,5.61590779869478,210
"229",2022,1,6.575,28,6.72173913043478,5.9,6.25,4.5,6.73461538461538,23,5,2,2,26,5564,3430,2134,802,1554,4010,5.50061049065421,6.18341302332361,4.40313500468603,4.70310473815461,5.18437586872587,5.62316126433916,211
"230",2022,2,4.95,14,5.6,3.325,2.76666666666667,3.65,5.16666666666667,10,4,3,2,12,5578,3440,2138,805,1556,4022,5.49922853531732,6.18171705523256,4.40111791393826,4.69588819875776,5.18240366323908,5.62179927150672,212
"231",2022,3,5.34375,16,6.04545454545455,3.8,7,4.33333333333333,5.57692307692308,11,5,1,3,13,5594,3451,2143,806,1559,4035,5.4987838344655,6.18128272095045,4.3997153989734,4.69874689826303,5.18076978832585,5.6216546889715,213
"232",2022,4,5.52133333333333,15,5.77285714285714,2,2,7,5.41571428571429,14,1,1,1,14,5609,3465,2144,807,1560,4049,5.49884413799251,6.17963251659452,4.39859612873134,4.69540272614622,5.18193596153847,5.6209426204001,214
"233",2022,5,5.47619047619048,21,6.15384615384615,4.375,6,8,5.35,13,8,1,1,20,5630,3478,2152,808,1561,4069,5.49875963943162,6.17953613283496,4.39850841078067,4.69701732673267,5.18374125560538,5.61961087982306,215
"234",2022,6,5.22222222222222,9,6.75,4,2,2,5.625,4,5,1,1,8,5639,3482,2157,809,1562,4077,5.49831827806349,6.18019146180356,4.39758465461289,4.69368355995056,5.18170300896287,5.61962145450086,216
"235",2022,7,6.11764705882353,17,6.81818181818182,4.83333333333333,4,10,5.875,11,6,1,1,16,5656,3493,2163,810,1563,4093,5.50017976838755,6.1822005926138,4.39879338881183,4.69282716049383,5.18478573256558,5.62061975812363,217
"236",2022,8,5.35909090909091,22,6.04166666666667,4.54,4.5,5.1,5.41666666666667,12,10,4,4,18,5678,3505,2173,814,1567,4111,5.49963310496654,6.18171944935806,4.3994432121491,4.69187960687961,5.18456930440332,5.61972675018244,218
"237",2022,9,5.35714285714286,14,5.55555555555556,5,5.5,4.66666666666667,5.54545454545455,9,5,2,3,11,5692,3514,2178,816,1570,4122,5.49928263703444,6.18011572851451,4.40082190082644,4.69386029411765,5.18357968152867,5.61952854682194,219
"238",2022,10,5.8,25,6.29411764705882,4.75,6.33333333333333,4.875,5.97619047619048,17,8,3,4,21,5717,3531,2186,819,1574,4143,5.50059765086584,6.18066459076749,4.40209977127173,4.69986568986569,5.18279548919949,5.62133639150375,220
"239",2022,11,6.30434782608696,23,6.70588235294118,5.16666666666667,4.5,5,6.36363636363636,17,6,2,1,22,5740,3548,2192,821,1575,4165,5.50381825261324,6.18318113585118,4.40419256386861,4.69937880633374,5.18267942857143,5.62525730372149,221
"240",2022,12,6.23478260869565,23,6.49473684210526,5,NA,7.3,6.075,19,4,0,3,20,5763,3567,2196,821,1578,4185,5.50673551448898,6.18484067003084,4.40527782331512,4.69937880633374,5.18670475285171,5.62740661170849,222
