"","year","month","avg_rating","no_ratings","avg_rating_owned","avg_rating_not_owned","avg_rating_prev_owned","avg_rating_comment","avg_rating_no_comment","no_ratings_owned","no_ratings_not_owned","no_ratings_prev_owned","no_ratings_comment","no_ratings_no_comment","cum_no_ratings","cum_no_ratings_owned","cum_no_ratings_not_owned","cum_no_ratings_prev_owned","cum_no_ratings_comment","cum_no_ratings_no_comment","cum_avg_rating","cum_avg_rating_owned","cum_avg_rating_not_owned","cum_avg_rating_prev_owned","cum_avg_rating_comment","cum_avg_rating_no_comment","month_after_release"
"1",2008,9,9,1,NA,9,NA,9,NA,0,1,0,1,0,1,0,1,0,1,0,9,NA,9,NA,9,NA,-1
"2",2008,10,7.71428571428571,21,8.25,7,NA,8.11111111111111,7.41666666666667,12,9,0,9,12,22,12,10,0,10,12,7.77272727272727,8.25,7.2,NA,8.2,7.41666666666667,0
"3",2008,11,7.17731092436975,119,8.01,6.57391304347826,7.77777777777778,6.63333333333333,7.54507042253521,50,69,9,48,71,141,62,79,9,58,83,7.27021276595745,8.05645161290323,6.65316455696203,7.77777777777778,6.90344827586207,7.52650602409639,1
"4",2008,12,7.49911504424779,113,8.0406779661017,6.90740740740741,7.68181818181818,7.31020408163265,7.64375,59,54,11,49,64,254,121,133,20,107,147,7.37204724409449,8.04876033057851,6.75639097744361,7.725,7.08971962616822,7.57755102040816,2
"5",2009,1,7.24478260869565,115,7.96779661016949,6.48303571428571,6.7,6.97317073170732,7.39527027027027,59,56,10,41,74,369,180,189,30,148,221,7.33238482384824,8.02222222222222,6.67539682539683,7.38333333333333,7.05743243243243,7.51651583710407,3
"6",2009,2,7.12244897959184,98,7.80238095238095,6.6125,7.14285714285714,6.76190476190476,7.22077922077922,42,56,14,21,77,467,222,245,44,169,298,7.28832976445396,7.98063063063063,6.66102040816327,7.30681818181818,7.0207100591716,7.44010067114094,4
"7",2009,3,7.25212765957447,94,7.98684210526316,6.75357142857143,6.95454545454545,7.3030303030303,7.22459016393443,38,56,11,33,61,561,260,301,55,202,359,7.28226381461676,7.98153846153846,6.67823920265781,7.23636363636364,7.06683168316832,7.40348189415042,5
"8",2009,4,7.21190476190476,105,8.05405405405405,6.75367647058824,6.28571428571429,7.16851851851852,7.22692307692308,37,68,7,27,78,666,297,369,62,229,437,7.27117117117117,7.99057239057239,6.69214092140921,7.12903225806452,7.07882096069869,7.37196796338673,6
"9",2009,5,7.12571428571429,70,7.53913043478261,6.92340425531915,7.1,7.08823529411765,7.1377358490566,23,47,10,17,53,736,320,416,72,246,490,7.25733695652174,7.958125,6.71826923076923,7.125,7.07947154471545,7.34663265306123,7
"10",2009,6,7.13507462686567,67,7.85344827586207,6.58684210526316,8,6.82380952380952,7.27717391304348,29,38,2,21,46,803,349,454,74,267,536,7.24713574097136,7.94942693409742,6.70726872246696,7.14864864864865,7.05936329588015,7.34067164179105,8
"11",2009,7,6.90890410958904,73,7.22,6.69186046511628,6.7,6.95,6.89339622641509,30,43,11,20,53,876,379,497,85,287,589,7.2189497716895,7.89168865435356,6.70593561368209,7.09058823529412,7.05174216027874,7.30042444821732,9
"12",2009,8,7.08214285714286,56,7.636,6.63548387096774,6.78571428571429,7.23157894736842,7.00540540540541,25,31,7,19,37,932,404,528,92,306,626,7.21072961373391,7.87586633663366,6.70179924242424,7.06739130434783,7.06290849673202,7.28298722044729,10
"13",2009,9,7.12289473684211,76,7.57058823529412,6.76047619047619,6.38888888888889,7.09384615384615,7.138,34,42,9,26,50,1008,438,570,101,332,676,7.20410714285714,7.85216894977169,6.70612280701754,7.00693069306931,7.0653313253012,7.27226331360947,11
"14",2009,10,7.326,100,7.92448979591837,6.75098039215686,7.16666666666667,7.39318181818182,7.30705128205128,49,51,9,22,78,1108,487,621,110,354,754,7.2151083032491,7.85944558521561,6.70980676328502,7.02,7.08570621468926,7.27586206896552,12
"15",2009,11,7.40428571428571,105,7.93,6.70333333333333,6.59375,7.40625,7.4037037037037,60,45,8,24,81,1213,547,666,118,378,835,7.23148392415499,7.86718464351006,6.70936936936937,6.99110169491525,7.1060582010582,7.28826347305389,13
"16",2009,12,7.325,106,7.95,6.72314814814815,7.2,7.36944444444444,7.30214285714286,52,54,16,36,70,1319,599,720,134,414,905,7.23899924184989,7.87437395659432,6.71040277777778,7.0160447761194,7.128961352657,7.28933701657458,14
"17",2010,1,7.46398305084746,118,7.95081967213115,6.94298245614035,7.33,7.59189189189189,7.40555555555556,61,57,15,37,81,1437,660,777,149,451,986,7.2574739039666,7.88143939393939,6.72746460746461,7.04765100671141,7.16694013303769,7.29888438133874,15
"18",2010,2,7.25056179775281,89,8.01219512195122,6.6,7.19166666666667,7.39565217391304,7.2,41,48,12,23,66,1526,701,825,161,474,1052,7.25707077326344,7.88908701854494,6.72004848484849,7.0583850931677,7.17803797468354,7.29268060836502,16
"19",2010,3,7.36637931034483,58,7.84166666666667,6.85714285714286,7.75,7.75,7.23255813953488,30,28,4,15,43,1584,731,853,165,489,1095,7.26107323232323,7.88714090287278,6.72454865181712,7.07515151515152,7.19558282208589,7.2903196347032,17
"20",2010,4,7.44746835443038,79,7.81979166666667,6.87096774193548,7.5,7.60588235294118,7.40403225806452,48,31,7,17,62,1663,779,884,172,506,1157,7.26992784125075,7.88299101412067,6.72968325791855,7.09244186046512,7.20936758893281,7.29641313742437,18
"21",2010,5,7.20013513513514,74,7.68088235294118,6.7915,6.57142857142857,7.48333333333333,7.10910714285714,34,40,7,18,56,1737,813,924,179,524,1213,7.26695451928613,7.87453874538745,6.73235930735931,7.07206703910615,7.2187786259542,7.28776586974443,19
"22",2010,6,7.48623188405797,69,8.04782608695652,6.36304347826087,7.7,7.88,7.32551020408163,46,23,4,20,49,1806,859,947,183,544,1262,7.27533222591362,7.88381839348079,6.72338965153115,7.08579234972678,7.24308823529412,7.28923137876387,20
"23",2010,7,7.31652451612903,62,8.10079096774194,6.53225806451613,7.13636363636364,7.07142857142857,7.44206146341463,31,31,11,21,41,1868,890,978,194,565,1303,7.27669942184154,7.89137586516854,6.71733128834356,7.08865979381443,7.23670796460177,7.29404030698388,21
"24",2010,8,7.30180722891566,83,7.98409090909091,6.53205128205128,6.75,7.08928571428571,7.34492753623188,44,39,6,14,69,1951,934,1017,200,579,1372,7.2777675653511,7.89574359743041,6.7102261553589,7.0785,7.23314335060449,7.29659950437318,22
"25",2010,9,7.11,70,7.8969696969697,6.40810810810811,6.57692307692308,6.85384615384615,7.16842105263158,33,37,13,13,57,2021,967,1054,213,592,1429,7.27195671449777,7.89578543950362,6.69962049335863,7.04788732394366,7.22481418918919,7.2914867179846,23
"26",2010,10,7.24333333333333,60,7.83076923076923,6.79411764705882,6.65,7.2,7.25909090909091,26,34,10,16,44,2081,993,1088,223,608,1473,7.27113143680923,7.89408310171198,6.70257352941177,7.03004484304933,7.22416118421053,7.29051902240326,24
"27",2010,11,7.28820754716981,106,7.88829787234043,6.81016949152542,7.25833333333333,7.24705882352941,7.29606741573034,47,59,12,17,89,2187,1040,1147,235,625,1562,7.27195908550526,7.89382165384616,6.70810810810811,7.04170212765957,7.224784,7.29083516005122,25
"28",2010,12,7.31581632653061,98,7.84387755102041,6.78775510204082,7.67857142857143,7.5725,7.25,49,49,14,20,78,2285,1089,1196,249,645,1640,7.27384005251641,7.89157439853076,6.7113712374582,7.07751004016064,7.23556589147287,7.288893,26
"29",2011,1,7.29329702970297,101,7.8287037037037,6.67814893617021,6.51818181818182,7.585,7.17004225352113,54,47,11,30,71,2386,1143,1243,260,675,1711,7.2746636714166,7.88860412948382,6.71011504424779,7.05384615384615,7.2510962962963,7.28396114552893,27
"30",2011,2,7.5125,88,8.01666666666667,6.9075,6.81818181818182,7.42,7.54920634920635,48,40,11,25,63,2474,1191,1283,271,700,1774,7.28312349232013,7.89376534005038,6.71626890101325,7.04428044280443,7.25712857142857,7.293380789177,28
"31",2011,3,7.47057142857143,84,7.9945652173913,6.83626315789474,6.7778,7.32038095238095,7.52063492063492,46,38,10,21,63,2558,1237,1321,281,721,1837,7.28927893666927,7.89751375909458,6.719720666162,7.03479715302491,7.25897087378641,7.30117448013065,29
"32",2011,4,7.335,90,7.86734693877551,6.69878048780488,7,7.725,7.22357142857143,49,41,7,20,70,2648,1286,1362,288,741,1907,7.29083290030211,7.89636432348367,6.71909030837004,7.03395138888889,7.27154925775978,7.29832591504982,30
"33",2011,5,7.34505494505494,91,7.97,6.58292682926829,7.25,7.79166666666667,7.27721518987342,50,41,4,12,79,2739,1336,1403,292,753,1986,7.29263436290617,7.8991201497006,6.71511119030649,7.03691095890411,7.2798379814077,7.29748616314199,31
"34",2011,6,7.574375,80,7.89886363636364,7.17777777777778,7.2,7.774,7.48363636363636,44,36,5,25,55,2819,1380,1439,297,778,2041,7.30062984036893,7.89911197101449,6.72668589298124,7.03965656565657,7.29571722365039,7.30250245957864,32
"35",2011,7,7.366,75,7.96756756756757,6.78026315789474,7.39444444444444,7.20882352941176,7.41206896551724,37,38,9,17,58,2894,1417,1477,306,795,2099,7.30232395300622,7.90089944954128,6.72806431956669,7.05009150326797,7.29385911949686,7.30553002382087,33
"36",2011,8,7.54871794871795,117,8.00322580645161,7.03636363636364,7.16666666666667,7.61764705882353,7.52048192771084,62,55,21,34,83,3011,1479,1532,327,829,2182,7.3118982132182,7.90518899256254,6.73913250652741,7.05757798165138,7.30713872135103,7.31370647112741,34
"37",2011,9,7.51369047619048,84,8.075,6.76527777777778,7.26923076923077,7.56206896551724,7.48818181818182,48,36,13,29,55,3095,1527,1568,340,858,2237,7.31737496607431,7.91052686313032,6.73973278061224,7.0656705882353,7.31575524475525,7.31799620920876,35
"38",2011,10,7.35922330097087,103,8.18360655737705,6.16190476190476,5.75,6.86538461538461,7.52597402597403,61,42,8,26,77,3198,1588,1610,348,884,2314,7.3187228017511,7.92101670025189,6.72465900621118,7.03542528735632,7.30250904977376,7.32491681936041,36
"39",2011,11,7.14090909090909,143,7.69802631578947,6.5089552238806,6.73181818181818,7.30555555555556,7.10258620689655,76,67,22,27,116,3341,1664,1677,370,911,2430,7.3111120981742,7.91083204326923,6.71604114490161,7.01737297297297,7.3025993413831,7.31430350617284,37
"40",2011,12,7.18962264150943,106,7.78620689655172,6.46875,6.6875,6.83181818181818,7.28333333333333,58,48,16,22,84,3447,1722,1725,386,933,2514,7.30737612996809,7.90663444831591,6.70916,7.00369948186529,7.29149839228296,7.31326870326173,38
"41",2012,1,7.6301724137931,116,8.23333333333333,6.74468085106383,6.57692307692308,7.88095238095238,7.57473684210526,69,47,13,21,95,3563,1791,1772,399,954,2609,7.31788535503789,7.91922083752094,6.71010214446952,6.98979448621554,7.30447379454927,7.3227893905711,39
"42",2012,2,7.369,100,7.82765957446809,6.9622641509434,7.66153846153846,7.35652173913043,7.37272727272727,47,53,13,23,77,3663,1838,1825,412,977,2686,7.31928078624079,7.91687949945593,6.71742520547945,7.01099029126214,7.30569907881269,7.32422096798213,40
"43",2012,3,7.41609195402299,87,7.92,6.87619047619048,6.7,7.52777777777778,7.38695652173913,45,42,15,18,69,3750,1883,1867,427,995,2755,7.32152680533333,7.91695407328731,6.72099678628816,7.00006557377049,7.30971658291457,7.32579220326679,41
"44",2012,4,7.488125,80,7.97111111111111,6.86714285714286,6.47222222222222,7.8,7.39098360655738,45,35,9,19,61,3830,1928,1902,436,1014,2816,7.32500666318538,7.9182181120332,6.72368611987382,6.98916972477064,7.3189033530572,7.327204375,42
"45",2012,5,6.90746268656716,67,7.36290322580645,6.51527777777778,7.35,7.3375,6.84915254237288,31,36,5,8,59,3897,1959,1938,441,1022,2875,7.3178279497049,7.9094305870342,6.71981475748194,6.99326077097506,7.31904892367906,7.31739392,43
"46",2012,6,7.56852272727273,88,8.1,6.80083333333333,6.3125,7.65333333333333,7.55109589041096,52,36,8,15,73,3985,2011,1974,449,1037,2948,7.32336399498118,7.91435828940826,6.72129229989868,6.98113140311804,7.32388428158149,7.32318097693351,44
"47",2012,7,7.59842857142857,70,8.09722222222222,7.07029411764706,6.9,7.5,7.60765625,36,34,5,6,64,4055,2047,2008,454,1043,3012,7.32811233538841,7.91757426477773,6.72720169322709,6.98023788546256,7.32489741131352,7.32922560424967,45
"48",2012,8,7.45133333333333,75,7.59111111111111,7.24166666666667,7.15,6.96,7.52692307692308,45,30,5,10,65,4130,2092,2038,459,1053,3077,7.33035000484261,7.91055187380497,6.73477477919529,6.9820871459695,7.32143209876543,7.33340185895352,46
"49",2012,9,7.66216216216216,74,8.05681818181818,7.08333333333333,7.27777777777778,7.99285714285714,7.585,44,30,9,14,60,4204,2136,2068,468,1067,3137,7.3361906565176,7.91356485018727,6.73983123791102,6.9877735042735,7.33024179943768,7.33821406439273,47
"50",2012,10,7.5375,88,8.09433962264151,6.69428571428571,6.07692307692308,7.47058823529412,7.55352112676056,53,35,13,17,71,4292,2189,2103,481,1084,3208,7.34031815470643,7.91794176336227,6.73907322872087,6.96315592515593,7.33244280442804,7.34297927680798,48
"51",2012,11,7.37731958762887,97,7.71636363636364,6.93333333333333,7.5,7.55185185185185,7.31,55,42,17,27,70,4389,2244,2145,498,1111,3278,7.34113591250854,7.91300112299465,6.74287692307692,6.98148192771084,7.33777497749775,7.34227502135448,49
"52",2012,12,7.32647058823529,102,7.7622641509434,6.85510204081633,6.92105263157895,6.84782608695652,7.46582278481013,53,49,19,23,79,4491,2297,2194,517,1134,3357,7.34080283233133,7.90952308228124,6.74538331814038,6.97926112185687,7.32783774250441,7.34518246053023,50
"53",2013,1,7.35807692307692,130,8.01086956521739,6.61967213114754,6.55555555555556,7.16304347826087,7.4,69,61,18,23,107,4621,2366,2255,535,1157,3464,7.3412887946332,7.91247866441251,6.74198270509978,6.96500560747664,7.32456179775281,7.34687572748268,51
"54",2013,2,7.23,100,7.93617021276596,6.60377358490566,6.70588235294118,6.92592592592593,7.34246575342466,47,53,17,27,73,4721,2413,2308,552,1184,3537,7.33893148061851,7.91294012432657,6.7388089254766,6.95702536231884,7.31547128378378,7.34678471020639,52
"55",2013,3,7.731875,96,8.27592592592593,7.03238095238095,6.67875,7.58086956521739,7.77945205479452,54,42,16,23,73,4817,2467,2350,568,1207,3610,7.34676261573593,7.92088549655452,6.74405574468085,6.94918661971831,7.32052858326429,7.35553393905817,53
"56",2013,4,7.37908163265306,98,7.84035087719298,6.73780487804878,6.96153846153846,7.76470588235294,7.29814814814815,57,41,13,17,81,4915,2524,2391,581,1224,3691,7.34740702339776,7.91906676703645,6.74394855708908,6.94946299483649,7.3266977124183,7.35427459225142,54
"57",2013,5,7.11236559139785,93,7.90581395348837,6.43,6.71666666666667,7.27777777777778,7.04469696969697,43,50,15,27,66,5008,2567,2441,596,1251,3757,7.34304223642172,7.91884476821192,6.73751782056534,6.94360402684564,7.32564188649081,7.34883617780144,55
"58",2013,6,7.4695652173913,92,8.08958333333333,6.79318181818182,7.11111111111111,7.14705882352941,7.54266666666667,48,44,9,17,75,5100,2615,2485,605,1268,3832,7.3453246117647,7.92197878393882,6.73850342052314,6.9460958677686,7.3232476340694,7.35262983298538,56
"59",2013,7,7.43672897196262,107,8.03803571428571,6.77647058823529,7.09166666666667,7.79047619047619,7.3503488372093,56,51,12,21,86,5207,2671,2536,617,1289,3918,7.34720290378337,7.92441202545863,6.73926695583596,6.94892706645057,7.3308595810706,7.35257976518632,57
"60",2013,8,7.40125,120,8.0827868852459,6.69661016949153,7.20294117647059,6.63157894736842,7.5460396039604,61,59,17,19,101,5327,2732,2595,634,1308,4019,7.34842040923597,7.92794821376281,6.73829710982659,6.95573817034701,7.32070183486239,7.35744153271958,58
"61",2013,9,7.29604316546763,139,7.90131578947368,6.56587301587302,6.55555555555556,7.21333333333333,7.31880733944954,76,63,9,30,109,5466,2808,2658,643,1338,4128,7.34708845956824,7.9272273931624,6.73421030850263,6.9501368584759,7.31829446935725,7.35642139534884,59
"62",2013,10,7.30714285714286,126,7.83680555555556,6.60092592592593,6.55263157894737,7.352,7.2960396039604,72,54,19,25,101,5592,2880,2712,662,1363,4229,7.34618839771101,7.92496684722222,6.7315564159292,6.93872809667674,7.31891269258988,7.35497931425869,60
"63",2013,11,7.51901408450704,142,8.04938271604938,6.81475409836066,6.85294117647059,7.7962962962963,7.45391304347826,81,61,17,27,115,5734,2961,2773,679,1390,4344,7.35046835019184,7.92837032083756,6.73338658492607,6.93658026509573,7.32818561151079,7.35759841620626,61
"64",2013,12,7.45,143,8.04076086956522,6.3843137254902,6.73076923076923,7.23333333333333,7.50043103448276,92,51,13,27,116,5877,3053,2824,692,1417,4460,7.35289016845329,7.93175713069113,6.72708250708215,6.93271387283237,7.3263782639379,7.36131334529148,62
"65",2014,1,7.53756613756614,189,8.03306451612903,6.59230769230769,6.73529411764706,7.79705882352941,7.48064516129032,124,65,17,34,155,6066,3177,2889,709,1451,4615,7.35864416749093,7.93571121183507,6.72405019037729,6.9279802538787,7.33740730530668,7.36532123943662,63
"66",2014,2,7.43233082706767,133,7.72215189873418,7.00833333333333,7.03846153846154,7.21,7.4716814159292,79,54,13,20,113,6199,3256,2943,722,1471,4728,7.36022512018067,7.93052964373465,6.7292663948352,6.92996952908587,7.33567505098572,7.36786326565144,64
"67",2014,3,7.41077586206897,116,7.76764705882353,6.90520833333333,6.83333333333333,7.58181818181818,7.37074468085106,68,48,12,22,94,6315,3324,2991,734,1493,4822,7.36115368487727,7.92719750902527,6.73208993647609,6.92838964577657,7.33930207635633,7.36791943591871,65
"68",2014,4,7.46842105263158,133,7.9125,6.79811320754717,6.52777777777778,7.318,7.50324074074074,80,53,18,25,108,6448,3404,3044,752,1518,4930,7.36336624069479,7.92685209165688,6.73323948751642,6.9188005319149,7.3389512516469,7.37088387829615,66
"69",2014,5,7.20603448275862,116,7.63823529411765,6.59375,6.33333333333333,7.23809523809524,7.19894736842105,68,48,12,21,95,6564,3472,3092,764,1539,5025,7.36058585009141,7.92119945852535,6.73107406209573,6.90960471204189,7.33757504873294,7.36763333731343,67
"70",2014,6,7.41287128712871,101,7.89807692307692,6.89795918367347,7.30952380952381,7.03125,7.48470588235294,52,49,21,16,85,6665,3524,3141,785,1555,5110,7.36137817254313,7.92085826333712,6.73367749124483,6.92030318471338,7.3344231511254,7.36958072798434,68
"71",2014,7,7.38942307692308,104,7.66363636363636,7.08163265306122,7.09230769230769,7.51428571428571,7.37,55,49,13,14,90,6769,3579,3190,798,1569,5200,7.36180905894519,7.91690542609668,6.73902225705329,6.9231052631579,7.33602804333971,7.36958798461539,69
"72",2014,8,7.53083969465649,131,8.04337662337662,6.8,7.09375,7.79310344827586,7.45627450980392,77,54,16,29,102,6900,3656,3244,814,1598,5302,7.36501819130435,7.91956907002188,6.74003729963009,6.92645945945946,7.34432290362954,7.37125566201434,70
"73",2014,9,7.28130081300813,123,7.85,6.64396551724138,6.90227272727273,7.04047619047619,7.33088235294118,65,58,22,21,102,7023,3721,3302,836,1619,5404,7.36355197493948,7.9183538081161,6.73834978800727,6.92582296650718,7.34038171710933,7.37049361954108,71
"74",2014,10,7.40144927536232,138,7.94753086419753,6.62543859649123,6.71875,7.57647058823529,7.34423076923077,81,57,16,34,104,7161,3802,3359,852,1653,5508,7.36428229576875,7.91897541294056,6.73643376004763,6.92193427230047,7.34523774954628,7.36999773420479,72
"75",2014,11,7.4710843373494,166,8.02168674698795,6.92048192771084,6.96875,7.86071428571429,7.39202898550725,83,83,32,28,138,7327,3885,3442,884,1681,5646,7.36670199535963,7.92116976061776,6.7408718768158,6.92362895927602,7.35382391433671,7.37053622387531,73
"76",2014,12,7.43417721518987,158,7.95714285714286,6.72388059701493,6.73,7.5,7.4206106870229,91,67,25,27,131,7485,3976,3509,909,1708,5777,7.36812632197729,7.92199308853119,6.74054744941579,6.91830363036304,7.35613466042155,7.37167171888524,74
"77",2015,1,7.61881443298969,194,7.98798449612403,6.88615384615385,7.15454545454545,8.14821428571429,7.52951807228916,129,65,22,28,166,7679,4105,3574,931,1736,5943,7.37445963276468,7.92406687454324,6.74319557918299,6.92388614393126,7.36891013824885,7.37608068652196,75
"78",2015,2,7.23407407407407,162,7.77411111111111,6.55902777777778,6.64423076923077,7.03225806451613,7.2818320610687,90,72,26,31,131,7841,4195,3646,957,1767,6074,7.37155917867619,7.9208497067938,6.73955869445968,6.91628840125392,7.3630039615167,7.37404799473164,76
"79",2015,3,7.1355,140,7.75548780487805,6.25896551724138,6.65090909090909,7.2588,7.10869565217391,82,58,22,25,115,7981,4277,3704,979,1792,6189,7.36741830848265,7.91767933598317,6.73203320734341,6.91032482124617,7.36155022321429,7.36911738891582,77
"80",2015,4,7.32622377622378,143,7.77469879518072,6.70583333333333,6.70833333333333,7.06086956521739,7.37708333333333,83,60,18,23,120,8124,4360,3764,997,1815,6309,7.36669319547021,7.9149574587156,6.7316155685441,6.90667803410231,7.35773994490358,7.36926890473926,78
"81",2015,5,7.45513698630137,146,8.01294117647059,6.67786885245902,6.93,7.31481481481481,7.48697478991597,85,61,20,27,119,8270,4445,3825,1017,1842,6428,7.36825459733978,7.91683116310461,6.73075843137255,6.90713667649951,7.35711074918567,7.37144796515246,79
"82",2015,6,7.33228346456693,127,7.91439393939394,6.70245901639344,6.50952380952381,6.73214285714286,7.40663716814159,66,61,21,14,113,8397,4511,3886,1038,1856,6541,7.3677105537692,7.91679550432277,6.73031420483788,6.89909248554913,7.35239655172414,7.37205588136371,80
"83",2015,7,7.43135135135135,148,7.82325581395349,6.88774193548387,7,7.15655172413793,7.49831932773109,86,62,19,29,119,8545,4597,3948,1057,1885,6660,7.36881281685196,7.91504557755058,6.73278647416413,6.90090633869442,7.34938355437666,7.37431193993994,81
"84",2015,8,7.37902097902098,143,7.79285714285714,6.78983050847458,6.82142857142857,7.3,7.39416666666667,84,59,21,23,120,8688,4681,4007,1078,1908,6780,7.36898083793738,7.91285292031617,6.73362640379336,6.89935807050093,7.34878825995807,7.37466335103245,82
"85",2015,9,7.204,132,7.74062337662338,6.45272727272727,6.86923076923077,7.3625,7.16877777777778,77,55,13,24,108,8820,4758,4062,1091,1932,6888,7.36651173696145,7.91006568306011,6.72982299359921,6.89899908340972,7.34895859213251,7.37143518002323,83
"86",2015,10,7.5121387283237,173,7.85050505050505,7.05945945945946,6.74545454545455,7.25,7.55850340136054,99,74,22,26,147,8993,4857,4136,1113,1958,7035,7.36931319025909,7.90885166151946,6.73572074468085,6.89596406109614,7.34764453524004,7.37534406823028,84
"87",2015,11,7.23020304568528,197,7.67355769230769,6.73440860215054,6.20434782608696,7.10333333333333,7.25299401197605,104,93,23,30,167,9190,4961,4229,1136,1988,7202,7.3663311773667,7.90391907276759,6.73569188933554,6.88196126760563,7.34395774647887,7.37250701471813,85
"88",2015,12,7.55684951456311,206,7.96907751937985,6.86623376623377,6.95833333333333,7.58487878787879,7.55150289017341,129,77,24,33,173,9396,5090,4306,1160,2021,7375,7.37050814389102,7.90557043614931,6.73802624245239,6.88354137931035,7.34789163780307,7.37670583322034,86
"89",2016,1,7.35264255319149,235,7.77687022900763,6.81827884615385,6.93421052631579,7.371775,7.34871794871795,131,104,38,40,195,9631,5221,4410,1198,2061,7570,7.37007221679992,7.90234122198813,6.73991882086168,6.88514858096828,7.34835516739447,7.37598487714663,87
"90",2016,2,7.47012578616352,159,7.97736842105263,6.7171875,6.725,7.4375,7.47592592592593,95,64,20,24,135,9790,5316,4474,1218,2085,7705,7.37169719305413,7.90368200150489,6.73959365221278,6.88251888341543,7.34938129496403,7.37773595327709,88
"91",2016,3,6.97762237762238,143,7.73970588235294,6.28666666666667,6.03269230769231,6.9375,6.98571428571429,68,75,26,24,119,9933,5384,4549,1244,2109,7824,7.36602391221182,7.90161098068351,6.73212618157837,6.86475723472669,7.34469416785206,7.37177345603272,89
"92",2016,4,7.32612716763006,173,7.71597826086956,6.88333333333333,7.114,7.6195652173913,7.28113333333333,92,81,25,23,150,10106,5476,4630,1269,2132,7974,7.3653409380566,7.89849224251278,6.73477149028078,6.86966745468873,7.34765947467167,7.37006841234011,90
"93",2016,5,7.40915384615385,130,7.96530864197531,6.48979591836735,7.08235294117647,7.91705882352941,7.33274336283186,81,49,17,17,113,10236,5557,4679,1286,2149,8087,7.36589737397421,7.89946617239518,6.73220602692883,6.87247900466563,7.35216379711494,7.36954686781254,91
"94",2016,6,7.38684210526316,152,7.81460674157303,6.78253968253968,6.68571428571429,7.30681818181818,7.40038461538462,89,63,14,22,130,10388,5646,4742,1300,2171,8217,7.36620384289565,7.89812850159405,6.73287473639814,6.87046769230769,7.35170428374021,7.37003474747475,92
"95",2016,7,7.43574324324324,148,7.83850574712644,6.86131147540984,6.83142857142857,7.6125,7.41431818181818,87,61,14,16,132,10536,5733,4803,1314,2187,8349,7.36718066818527,7.89722370835514,6.73450593379138,6.87005175038052,7.35361225422954,7.37073488082405,93
"96",2016,8,7.17300613496933,163,7.57040816326531,6.57384615384615,6.73333333333333,7.662,7.08442028985507,98,65,27,25,138,10699,5831,4868,1341,2212,8487,7.36422240583232,7.89173101011833,6.73236072308956,6.8672990305742,7.35709764918626,7.36607935901968,94
"97",2016,9,7.32328767123288,146,7.89756097560976,6.5875,6.94117647058824,7.085,7.36111111111111,82,64,17,20,126,10845,5913,4932,1358,2232,8613,7.36367132503458,7.89181185861661,6.73048094079481,6.86822385861561,7.35465949820788,7.36600667827703,95
"98",2016,10,7.1549649122807,171,7.62470786516854,6.64512195121951,6.37692307692308,6.96333333333333,7.19573758865248,89,82,26,30,141,11016,6002,5014,1384,2262,8754,7.36043160130719,7.8878511362879,6.7290849621061,6.85899421965318,7.34946949602122,7.36326416723784,96
"99",2016,11,7.48310734463277,177,7.85321100917431,6.88985294117647,6.668,7.61212121212121,7.45354166666667,109,68,25,33,144,11193,6111,5082,1409,2295,8898,7.36237152863397,7.88723327115039,6.73123612750886,6.85560539389638,7.35324618736384,7.36472516520567,97
"100",2016,12,7.14583333333333,168,7.69885057471264,6.55185185185185,6.64166666666667,6.54,7.2277027027027,87,81,24,20,148,11361,6198,5163,1433,2315,9046,7.35916948508054,7.88458898354308,6.72842184776293,6.8520223307746,7.34622030237581,7.36248336502322,98
"101",2017,1,7.45374879227053,207,7.86535433070866,6.800325,6.69115384615385,7.77666666666667,7.40531111111111,127,80,26,27,180,11568,6325,5243,1459,2342,9226,7.36086190525588,7.88420276996048,6.72951897768453,6.84915558601782,7.35118274978651,7.36331893778453,99
"102",2017,2,7.42107100591716,169,7.87847115384615,6.68923076923077,6.225,6.98151851851852,7.50464788732394,104,65,20,27,142,11737,6429,5308,1479,2369,9368,7.36172885064326,7.88411005132991,6.72902562170309,6.84071534820825,7.3469696074293,7.36546119982921,100
"103",2017,3,7.302,175,7.7647,6.68506666666667,6.94117647058824,7.39758620689655,7.28301369863014,100,75,17,29,146,11912,6529,5383,1496,2398,9514,7.36085137004701,7.88228113340481,6.72841315251718,6.84185695187166,7.34758173477898,7.36419597645575,101
"104",2017,4,7.17083333333333,144,7.71609195402299,6.33859649122807,6.64666666666667,7.44736842105263,7.1288,87,57,15,19,125,12056,6616,5440,1511,2417,9639,7.35858174518912,7.88009575574365,6.72432867647059,6.83991925876903,7.34836615639222,7.36114332607117,102
"105",2017,5,7.2310067114094,149,7.73767441860465,6.53936507936508,6.46095238095238,6.89,7.32801724137931,86,63,21,33,116,12205,6702,5503,1532,2450,9755,7.35702429496108,7.87826820650552,6.72221115755043,6.83472454308094,7.34219224489796,7.36074941260892,103
"106",2017,6,7.33931297709924,131,7.91689189189189,6.58947368421053,7.24117647058824,8.16666666666667,7.20752212389381,74,57,17,18,113,12336,6776,5560,1549,2468,9868,7.35683621271076,7.87869001180638,6.72085035971223,6.83918528082634,7.34820542949757,7.35899478313742,104
"107",2017,7,7.15647482014388,139,7.81911764705882,6.52183098591549,6.63260869565217,6.94545454545455,7.19615384615385,68,71,23,22,117,12475,6844,5631,1572,2490,9985,7.35460372905812,7.87809811805962,6.71834096963239,6.83616284987277,7.34464698795181,7.35708668202304,105
"108",2017,8,7.46,154,7.89450549450549,6.83238095238095,6.74565217391304,7.84375,7.38915384615385,91,63,23,24,130,12629,6935,5694,1595,2514,10115,7.35588894766015,7.87831341312185,6.71960273972603,6.83485768025078,7.34941169451074,7.35749881562037,106
"109",2017,9,7.0143125,160,7.71637362637363,6.08840579710145,6.16111111111111,6.74444444444444,7.0690977443609,91,69,18,27,133,12789,7026,5763,1613,2541,10248,7.35161556963015,7.87621598633647,6.71204546243276,6.82733911965282,7.34298347107438,7.35375590554255,107
"110",2017,10,7.43357843137255,204,8.05688073394495,6.71842105263158,6.84074074074074,6.90416666666667,7.50416666666667,109,95,27,24,180,12993,7135,5858,1640,2565,10428,7.352902449011,7.878975966363,6.71214885626494,6.82755975609756,7.338877582846,7.35635217874952,108
"111",2017,11,7.24761904761905,189,7.75275229357798,6.559375,6.75576923076923,6.92090909090909,7.29065868263473,109,80,26,22,167,13182,7244,5938,1666,2587,10595,7.35139292368381,7.87707668691331,6.7100906028966,6.8264393757503,7.3353231542327,7.35531670788108,109
"112",2017,12,7.20648148148148,162,7.75777777777778,6.51736111111111,6.20833333333333,7.23809523809524,7.20177304964539,90,72,24,21,141,13344,7334,6010,1690,2608,10736,7.34963365707434,7.87561269702754,6.70778169717138,6.81766153846154,7.33454026073619,7.35330016020865,110
"113",2018,1,7.37373674911661,283,7.89432080924855,6.555,6.5625,7.15625,7.4074693877551,173,110,36,38,245,13627,7507,6120,1726,2646,10981,7.35013422029794,7.8760438284268,6.70503562091503,6.81233951332561,7.33197978080121,7.35450874419452,111
"114",2018,2,7.35461538461538,130,7.78666666666667,6.3825,6.70833333333333,7.71842105263158,7.29234234234234,90,40,12,19,111,13757,7597,6160,1738,2665,11092,7.3501765661118,7.87498499670923,6.70294123376624,6.81162140391254,7.33473489681051,7.35388663180671,112
"115",2018,3,7.26796296296296,162,7.64340206185567,6.70769230769231,7.09411764705882,7.62181818181818,7.21235714285714,97,65,17,22,140,13919,7694,6225,1755,2687,11232,7.34921970112795,7.87206537821679,6.7029908433735,6.81435783475783,7.3370854112393,7.35212255341881,113
"116",2018,4,7.44430303030303,165,7.83305882352941,7.03125,7.09523809523809,7.1804,7.49142857142857,85,80,21,25,140,14084,7779,6305,1776,2712,11372,7.35033364243113,7.87163915927497,6.70715590800952,6.81767905405405,7.33564103982301,7.35383754132958,114
"117",2018,5,7.22898550724638,138,7.66866666666667,6.70555555555556,6.95263157894737,6.62352941176471,7.31404958677686,75,63,19,17,121,14222,7854,6368,1795,2729,11493,7.34915616790887,7.8697009192768,6.70714007537689,6.81910752089136,7.3312050201539,7.35341864787262,115
"118",2018,6,7.16016666666667,120,7.95746031746032,6.27894736842105,6.69444444444444,7.42260869565217,7.0979381443299,63,57,18,23,97,14342,7917,6425,1813,2752,11590,7.34757488634779,7.87039926992548,6.7033413229572,6.81786982901269,7.33196893168605,7.3512804590164,116
"119",2018,7,7.26533898305085,118,7.69508474576271,6.83559322033898,6.78947368421053,7.7,7.20203883495146,59,59,19,15,103,14460,7976,6484,1832,2767,11693,7.34690380497925,7.86910243480442,6.7045447254781,6.81757532751092,7.33396404047705,7.34996583597024,117
"120",2018,8,7.30713891666667,120,7.7747556,6.52777777777778,6.734375,7.65740740740741,7.20544806451613,75,45,16,27,93,14580,8051,6529,1848,2794,11786,7.34657652194787,7.86822353620668,6.70332638995252,6.81685497835498,7.33708965640658,7.3488254870185,118
"121",2018,9,6.98931297709924,131,7.60289855072464,6.30645161290323,6.03333333333333,6.77272727272727,7.00916666666667,69,62,15,11,120,14711,8120,6591,1863,2805,11906,7.34339512541635,7.8659689273399,6.69959308147474,6.81054643048846,7.33487647058823,7.34540208214346,119
"122",2018,10,7.11115301886792,159,7.75210724137931,6.33666666666667,6.87565217391304,7.22222222222222,7.08843431818182,87,72,23,27,132,14870,8207,6663,1886,2832,12038,7.34091183725622,7.8647619130011,6.69567131922558,6.81134040296925,7.33380243644068,7.34258435952816,120
"123",2018,11,7.375,134,7.74625,6.825,6.87045454545455,7.81470588235294,7.31111111111111,80,54,22,17,117,15004,8287,6717,1908,2849,12155,7.3412162769928,7.86361783757693,6.69671103171059,6.81202201257862,7.33667199017199,7.34228140847388,121
"124",2018,12,7.28882181034483,116,7.69075112676056,6.65466666666667,6.37285714285714,7.53458333333333,7.22471010869565,71,45,21,24,92,15120,8358,6762,1929,2873,12247,7.34081430886243,7.86214935989471,6.69643123336291,6.80724105754277,7.33832526975287,7.34139820772434,122
"125",2019,1,7.21175925925926,162,7.68969387755102,6.479921875,6.36296296296296,7.172,7.21901459854015,98,64,27,25,137,15282,8456,6826,1956,2898,12384,7.33944623413166,7.86015070364239,6.69440125988866,6.80110838445808,7.33689044168392,7.34004431928295,123
"126",2019,2,7.08876811594203,138,7.77694444444444,6.3380303030303,5.92727272727273,7.07235294117647,7.09107438016529,72,66,22,17,121,15420,8528,6892,1978,2915,12505,7.33720281128405,7.85944821177298,6.69098853743471,6.79138928210313,7.33534768439108,7.33763525389844,124
"127",2019,3,7.26824817518248,137,7.74156626506024,6.54074074074074,6.65909090909091,6.89166666666667,7.32521008403361,83,54,22,18,119,15557,8611,6946,2000,2933,12624,7.33659557433953,7.85831196725119,6.68982047221422,6.789934,7.3326247869076,7.33751812816857,125
"128",2019,4,7.21315789473684,133,7.66508196721311,6.83027777777778,6.488,7.06458333333333,7.24587155963303,61,72,25,24,109,15690,8672,7018,2025,2957,12733,7.33554922562141,7.856952761762,6.69126147050442,6.78620641975309,7.33044927291173,7.33673359381136,126
"129",2019,5,7.1481308411215,107,7.74538461538462,6.22380952380952,6.12666666666667,5.79166666666667,7.31947368421053,65,42,15,12,95,15797,8737,7060,2040,2969,12828,7.33427975881497,7.85612273663729,6.68848059490085,6.7813568627451,7.32422987537891,7.33660577252885,127
"130",2019,6,7.35885525252525,99,7.73803278688525,6.75017552631579,6.6672225,6.93333333333333,7.41754793103448,61,38,12,12,87,15896,8798,7098,2052,2981,12915,7.33443281454454,7.85530397249375,6.68881088616512,6.78068941033138,7.32265632338141,7.33715102748742,128
"131",2019,7,7.55792452830189,106,8.08051724137931,6.92645833333333,6.58133333333333,7.33636363636364,7.58357894736842,58,48,15,11,95,16002,8856,7146,2067,2992,13010,7.33591326209224,7.85677894647697,6.69040717464316,6.77924270440251,7.32270671791444,7.33895046272099,129
"132",2019,8,7.24014814814815,135,7.79987012987013,6.49706896551724,6.45470588235294,6.46315789473684,7.36741379310345,77,58,17,19,116,16137,8933,7204,2084,3011,13126,7.33511210386069,7.85628840814956,6.68885059272626,6.77659533109405,7.31728279641315,7.33920200518056,130
"133",2019,9,7.260546875,128,7.74513888888889,6.6375,6.66666666666667,7.1,7.30147058823529,72,56,18,26,102,16265,9005,7260,2102,3037,13228,7.33452530095297,7.85539970571905,6.6884545,6.77565398192198,7.31542262100757,7.33891106138494,131
"134",2019,10,7.07712418300654,153,7.52388888888889,6.43888888888889,6.2,6.99444444444444,7.09484126984127,90,63,16,27,126,16418,9095,7323,2118,3064,13354,7.33212656961871,7.85211922484882,6.6863074791752,6.7713053210576,7.31259415796344,7.33660817133443,132
"135",2019,11,6.98981690140845,142,7.59505263157895,6.29287878787879,6.58571428571429,7.18260869565217,6.95255462184874,76,66,21,23,119,16560,9171,7389,2139,3087,13473,7.32919130555556,7.84998891614873,6.68279329679253,6.76948324918186,7.31162568837058,7.33321602612633,133
"136",2019,12,7.40662194630873,149,7.93276426829268,6.76268656716418,6.8825,7.6525,7.36850131782946,82,67,20,20,129,16709,9253,7456,2159,3107,13602,7.32988178167455,7.85072247055009,6.68351122183476,6.77053018527096,7.31381992275507,7.33355066828408,134
"137",2020,1,7.23663246153846,195,7.61353798245614,6.70617283950617,6.60740740740741,6.77142857142857,7.31463071856287,114,81,27,28,167,16904,9367,7537,2186,3135,13769,7.32880608258401,7.84783584392015,6.68375476582195,6.76851540256175,7.30897559808612,7.33332119398649,135
"138",2020,2,7.17746913580247,162,7.70280898876404,6.53698630136986,6.52173913043478,7.09782608695652,7.19064748201439,89,73,23,23,139,17066,9456,7610,2209,3158,13908,7.32736950779328,7.84647084919628,6.68234686859396,6.76594598008148,7.30743777707409,7.33189527753811,136
"139",2020,3,7.20745454545455,110,7.76125,6.63314814814815,6.62941176470588,7.68181818181818,7.15474747474747,56,54,17,11,99,17176,9512,7664,2226,3169,14007,7.32660153819283,7.8459691284693,6.68200021790188,6.76490326594789,7.30873729883244,7.33064321553509,137
"140",2020,4,7.1237962962963,108,7.51876923076923,6.52674418604651,5.89285714285714,6.88125,7.16597826086957,65,43,14,16,92,17284,9577,7707,2240,3185,14099,7.32533429877343,7.84374839198079,6.68113399117685,6.75945297767857,7.30658979591836,7.32956872969715,138
"141",2020,5,7.09669491525424,118,7.49472972972973,6.42727272727273,6.51428571428571,6.95454545454545,7.11130841121495,74,44,14,11,107,17402,9651,7751,2254,3196,14206,7.32378393403057,7.84107225676096,6.67969290027093,6.75793019964507,7.30537812891114,7.32792478670985,139
"142",2020,6,7.2430612244898,98,7.82372881355932,6.36461538461538,6.11466666666667,7.06363636363636,7.26574712643678,59,39,15,11,87,17500,9710,7790,2269,3207,14293,7.32333188685715,7.84096687435634,6.67811549037227,6.75367768620538,7.30454895541004,7.32754631777794,140
"143",2020,7,7.2415652173913,115,7.71396825396825,6.66923076923077,6.42857142857143,7.57894736842105,7.17479166666667,63,52,14,19,96,17615,9773,7842,2283,3226,14389,7.32279807096225,7.84014819912003,6.67805657612854,6.75168404292597,7.30616506509609,7.32652717492529,141
"144",2020,8,7.219039375,96,7.7535556,6.63804347826087,6.75714285714286,7.625,7.14972902439024,50,46,14,14,82,17711,9823,7888,2297,3240,14471,7.32223566145334,7.83970743459228,6.67782323402637,6.75171731388768,7.30754274691358,7.32552534724622,142
"145",2020,9,7.12185504347826,115,7.67379625,6.19767441860465,5.8,7.39285714285714,7.0842903960396,72,43,10,14,101,17826,9895,7931,2307,3254,14572,7.32094295579491,7.83850019807984,6.67521998108688,6.74759196792371,7.30790980331899,7.32385332349712,143
"146",2020,10,7.29813432835821,134,7.89155844155844,6.49649122807018,6.69,7.02,7.33319327731092,77,57,20,15,119,17960,9972,7988,2327,3269,14691,7.32077278006682,7.83890989370237,6.67394462568853,6.74709697894284,7.30658871214438,7.32392897896672,144
"147",2020,11,6.9539552238806,134,7.62958333333333,6.16935483870968,6.609375,6.32142857142857,7.02775,72,62,16,14,120,18094,10044,8050,2343,3283,14811,7.31805621366199,7.83740934488252,6.67005834409938,6.74615649594537,7.30238760280231,7.32152931132267,145
"148",2020,12,7.31410626086956,115,7.80029236842105,6.36666666666667,6.57777777777778,7.09230769230769,7.34237470588235,76,39,9,13,102,18209,10120,8089,2352,3296,14913,7.31803126750508,7.83713060079052,6.66859558289035,6.74551218962585,7.30155901092233,7.32167188694428,146
"149",2021,1,7.12302631578947,152,7.66904761904762,6.44852941176471,6.02083333333333,7.15,7.11893939393939,84,68,24,20,132,18361,10204,8157,2376,3316,15045,7.31641693535211,7.83574693061545,6.66676102366066,6.73819220117845,7.30064490349819,7.31989317713526,147
"150",2021,2,7.11889746153846,130,7.61050930555556,6.50862068965517,6.7,7.61153846153846,7.06415957264957,72,58,20,13,117,18491,10276,8215,2396,3329,15162,7.31502828511168,7.83416877676139,6.66564451247718,6.7378734015025,7.30185896665665,7.31791976784066,148
"151",2021,3,7.08805555555556,108,7.51649122807018,6.60921568627451,6.80333333333333,6.64285714285714,7.15436170212766,57,51,21,14,94,18599,10333,8266,2417,3343,15256,7.31371030808108,7.8324163698829,6.66529635494798,6.73844214729003,7.29909916242895,7.31691200314631,149
"152",2021,4,7.2594623655914,93,7.56980769230769,6.86585365853659,6.7625,7.725,7.19049382716049,52,41,16,12,81,18692,10385,8307,2433,3355,15337,7.31344040338113,7.83110142994704,6.66628622487059,6.73860035758323,7.30062250372578,7.31624434504793,150
"153",2021,5,7.21515151515151,99,7.50576923076923,6.8936170212766,6.88235294117647,6.5625,7.27252747252747,52,47,17,8,91,18791,10437,8354,2450,3363,15428,7.31292257037944,7.82948053559452,6.66756519870721,6.73959782448979,7.29886663693131,7.31598648690693,151
"154",2021,6,7.55252141025641,78,7.75858980769231,7.14038461538462,7.33181818181818,8.1,7.46263686567164,52,26,11,11,67,18869,10489,8380,2461,3374,15495,7.31391301552812,7.82912908952236,6.66903218019093,6.74224488825681,7.30147851215175,7.31662059954824,152
"155",2021,7,7.32112676056338,71,7.65897435897436,6.909375,6.36875,6.91111111111111,7.38064516129032,39,32,16,9,62,18940,10528,8412,2477,3383,15557,7.31394005755016,7.82849876709727,6.6699464657632,6.73983232539362,7.30043999408808,7.31687575946519,153
"156",2021,8,7.21516853932584,89,7.64090909090909,6.52647058823529,6.1,7.25,7.20974025974026,55,34,10,12,77,19029,10583,8446,2487,3395,15634,7.3134780960639,7.82752386090901,6.66936889296709,6.73725961801367,7.30026170839469,7.3163480996546,154
"157",2021,9,7.01744680851064,94,7.51759259259259,6.34225,7.17181818181818,6.12727272727273,7.13542168674699,54,40,11,11,83,19123,10637,8486,2498,3406,15717,7.31202294043822,7.82595045783586,6.66782697030403,6.73917320656525,7.29647342924251,7.31539264427054,155
"158",2021,10,6.83922330097087,103,7.59236363636364,5.97625,5.72555555555556,5.93066666666667,6.99409090909091,55,48,18,15,88,19226,10692,8534,2516,3421,15805,7.30948999739936,7.8247488795361,6.66393715373799,6.73192156995231,7.29048479976615,7.31360368174628,156
"159",2021,11,6.86011764705882,85,7.66275,6.14666666666667,6.23636363636364,7.21615384615385,6.79583333333333,40,45,11,13,72,19311,10732,8579,2527,3434,15877,7.30751202371705,7.82414508199776,6.66122388040564,6.72976441234666,7.29020340710541,7.31125566479814,157
"160",2021,12,7.01503759398496,133,7.51728395061728,6.23269230769231,5.925,6.71052631578947,7.06578947368421,81,52,20,19,114,19444,10813,8631,2547,3453,15991,7.30551145289035,7.82184639045593,6.65864206580929,6.72344510011779,7.28701375615407,7.30950573385029,158
"161",2022,1,6.91327411167513,197,7.34466019417476,6.44058510638298,6.18333333333333,6.46315789473684,6.9613202247191,103,94,30,19,178,19641,10916,8725,2577,3472,16169,7.30157729698081,7.81734380908758,6.65629279885387,6.71715741948002,7.28250532834101,7.30567265693611,159
"162",2022,2,6.62326732673267,101,7.33837209302326,6.09310344827586,5.79444444444444,6.478125,6.65058823529412,43,58,18,16,85,19742,10959,8783,2595,3488,16254,7.29810706564685,7.81546446026097,6.6525736843903,6.7107570982659,7.2788155103211,7.30224690476191,160
"163",2022,3,6.95681707317073,82,7.05345652173913,6.83333333333333,6.22222222222222,6.60908333333333,7.01642857142857,46,36,9,12,70,19824,11005,8819,2604,3500,16324,7.29669535361179,7.81227932939573,6.65331156253544,6.70906861367127,7.27651928571428,7.30102126868415,161
"164",2022,4,6.94136842105263,95,7.30532258064516,6.25757575757576,5.77272727272727,7.33909090909091,6.88928571428571,62,33,11,11,84,19919,11067,8852,2615,3511,16408,7.2950006872835,7.80943923556519,6.65183627089923,6.70512989292543,7.27671532326972,7.29891340748416,162
"165",2022,5,6.9752808988764,89,7.36415094339623,6.40277777777778,6.3,7.03076923076923,6.96578947368421,53,36,10,13,76,20008,11120,8888,2625,3524,16484,7.29357850309876,7.80731690827338,6.65082748312331,6.70358654095238,7.27580803064699,7.29737752911915,163
"166",2022,6,6.84457831325301,83,7.52926829268293,6.17619047619048,5.96666666666667,5.875,6.948,41,42,15,8,75,20091,11161,8930,2640,3532,16559,7.29172359215569,7.80629549502733,6.64859514781635,6.69939949621212,7.27263519252548,7.29579510779637,164
"167",2022,7,7.01566265060241,83,7.36470588235294,6.459375,6.3125,7.125,6.99718309859155,51,32,8,12,71,20174,11212,8962,2648,3544,16630,7.29058782046198,7.80428683731716,6.64791951238563,6.69823061555891,7.27213529909706,7.29452021587493,165
"168",2022,8,7.146875,80,7.54565217391304,6.60735294117647,5.875,6.91666666666667,7.16554054054054,46,34,12,6,74,20254,11258,8996,2660,3550,16704,7.2900201782364,7.80323006040149,6.64776619275234,6.69451679323308,7.27153450704225,7.2939488260297,166
"169",2022,9,6.98586956521739,92,7.43020833333333,6.50113636363636,6.53125,6.78888888888889,7.00722891566265,48,44,8,9,83,20346,11306,9040,2668,3559,16787,7.28864487810872,7.80164638422077,6.64705250774337,6.69402723763118,7.27031399269458,7.2925311961637,167
"170",2022,10,7.0185046728972,107,7.44666666666667,6.32926829268293,6.13333333333333,7.05952380952381,7.00848837209302,66,41,15,21,86,20453,11372,9081,2683,3580,16873,7.28723163790153,7.79958617833275,6.64561773703337,6.69089253447633,7.26907751396648,7.29108345818764,168
"171",2022,11,7.12920454545455,88,7.67391304347826,6.53261904761905,6.8175,6.68333333333333,7.19960526315789,46,42,4,12,76,20541,11418,9123,2687,3592,16949,7.28655463171219,7.79907987563496,6.64509751945632,6.69108100855973,7.26712068485523,7.2906732662694,169
"172",2022,12,7.25818965517241,116,7.67297297297297,6.52738095238095,6.16,6.80555555555556,7.34132653061225,74,42,15,18,98,20657,11492,9165,2702,3610,17047,7.28639534733989,7.79826784023669,6.64455806546645,6.68813274241303,7.26481925207756,7.29096446236875,170
