"","year","month","avg_rating","no_ratings","avg_rating_owned","avg_rating_not_owned","avg_rating_prev_owned","avg_rating_comment","avg_rating_no_comment","no_ratings_owned","no_ratings_not_owned","no_ratings_prev_owned","no_ratings_comment","no_ratings_no_comment","cum_no_ratings","cum_no_ratings_owned","cum_no_ratings_not_owned","cum_no_ratings_prev_owned","cum_no_ratings_comment","cum_no_ratings_no_comment","cum_avg_rating","cum_avg_rating_owned","cum_avg_rating_not_owned","cum_avg_rating_prev_owned","cum_avg_rating_comment","cum_avg_rating_no_comment","month_after_release"
"1",2008,8,6.99285714285714,14,8.21428571428571,5.77142857142857,NA,6.4,7.32222222222222,7,7,0,5,9,14,7,7,0,5,9,6.99285714285714,8.21428571428571,5.77142857142857,NA,6.4,7.32222222222222,0
"2",2008,9,8.40833333333333,24,8.88461538461539,7.84545454545455,7.5,7.42857142857143,8.81176470588235,13,11,2,7,17,38,20,18,2,12,26,7.88684210526316,8.65,7.03888888888889,7.5,7,8.29615384615385,1
"3",2008,10,7.775,12,8.96,6.92857142857143,6.65,7.7,8,5,7,2,9,3,50,25,25,4,21,29,7.86,8.712,7.008,7.075,7.3,8.26551724137931,2
"4",2008,11,7.73935042735043,117,8.75166666666667,6.67375438596491,7.5,7.21666666666667,8.06602777777778,60,57,4,45,72,167,85,82,8,66,101,7.77547305389221,8.74,6.77565853658537,7.2875,7.24318181818182,8.12330693069307,3
"5",2008,12,8.09908333333333,180,8.5507264957265,7.26031746031746,7.7,7.84354838709677,8.23334745762712,117,63,10,62,118,347,202,145,18,128,219,7.94334005763689,8.63037128712871,6.98623448275862,7.51666666666667,7.533984375,8.18259817351598,4
"6",2009,1,8.15366795366795,259,8.6819018404908,7.25677083333333,8.11111111111111,7.88901098901099,8.29702380952381,163,96,18,91,168,606,365,241,36,219,387,8.03323267326733,8.65338356164384,7.094,7.81388888888889,7.68150684931507,8.23227131782946,5
"7",2009,2,7.88413461538462,208,8.38108108108108,7.31546391752577,8.59090909090909,7.65147058823529,7.99714285714286,111,97,11,68,140,814,476,338,47,287,527,7.99513390663391,8.58988445378151,7.15755621301775,7.99574468085106,7.67439024390244,8.16980834914611,6
"8",2009,3,7.85182186234818,247,8.60336134453781,7.153125,8.025,7.84126984126984,7.8554347826087,119,128,16,63,184,1061,595,466,63,350,711,7.96177097078228,8.59257983193277,7.15633905579399,8.0031746031746,7.70442857142857,8.08845147679325,7
"9",2009,4,7.78766949152542,236,8.58303571428571,7.06927419354839,7.52941176470588,7.57380952380952,7.86554913294798,112,124,17,63,173,1297,707,590,80,413,884,7.93009175019275,8.59106789250353,7.1380406779661,7.9025,7.68450363196126,8.04482918552036,8
"10",2009,5,7.65222535211268,213,8.27163461538461,7.06122935779817,8.09333333333333,7.65042105263158,7.65288461538462,104,109,15,57,156,1510,811,699,95,470,1040,7.89089602649007,8.55010480887793,7.12606294706724,7.93263157894737,7.68037021276596,7.9860375,9
"11",2009,6,7.67230392156863,204,8.29,7.18464912280702,7.134375,7.89148936170213,7.60668789808917,90,114,16,47,157,1714,901,813,111,517,1197,7.86487922987165,8.52412319644839,7.13427798277983,7.81756756756757,7.69956286266925,7.93628153717628,10
"12",2009,7,7.97755102040816,196,8.54905660377358,7.30444444444444,7.56666666666667,7.67439024390244,8.05774193548387,106,90,15,41,155,1910,1007,903,126,558,1352,7.87644136125654,8.52674776564052,7.15123809523809,7.78769841269841,7.69771326164875,7.95020636094675,11
"13",2009,8,7.93020833333333,192,8.69777777777778,7.25294117647059,7.40476190476191,7.82244897959184,7.96713286713287,90,102,21,49,143,2102,1097,1005,147,607,1495,7.88135252140818,8.54077939835916,7.16156019900497,7.73299319727891,7.70778253706755,7.9518254180602,12
"14",2009,9,7.90959183673469,245,8.53617886178862,7.27786885245902,7.56363636363636,7.646875,8.0024861878453,123,122,22,64,181,2347,1220,1127,169,671,1676,7.88430038346826,8.54031557377049,7.17415084294587,7.71094674556213,7.70197317436662,7.95729653937947,13
"15",2009,10,7.83594470046083,217,8.51293103448276,7.05841584158416,7.19615384615385,8.09811320754717,7.75121951219512,116,101,13,53,164,2564,1336,1228,182,724,1840,7.88020787831513,8.5379378742515,7.1646319218241,7.67417582417582,7.73097237569061,7.93892880434783,14
"16",2009,11,7.77648305084746,236,8.41895161290322,7.06517857142857,7.26923076923077,7.82894736842105,7.75977653631285,124,112,13,57,179,2800,1460,1340,195,781,2019,7.87146535714286,8.52783219178082,7.15631940298507,7.64717948717949,7.73812291933419,7.92304556711243,15
"17",2009,12,7.81666666666667,237,8.47906976744186,7.02546296296296,6.875,7.75483870967742,7.83857142857143,129,108,24,62,175,3037,1589,1448,219,843,2194,7.86718900230491,8.52387350534928,7.14655939226519,7.56255707762557,7.73935231316726,7.91630765724704,16
"18",2010,1,7.85,296,8.5986301369863,7.12133333333333,7.55555555555556,7.75909090909091,7.87608695652174,146,150,27,66,230,3333,1735,1598,246,909,2424,7.86566246624662,8.53016426512969,7.1441914893617,7.56178861788618,7.74078547854786,7.91249133663366,17
"19",2010,2,7.70053191489362,188,8.40707070707071,6.91460674157303,7.23333333333333,7.18285714285714,7.81895424836601,99,89,15,35,153,3521,1834,1687,261,944,2577,7.85684549843794,8.52351962922574,7.1320794309425,7.54291187739464,7.72009957627119,7.90693791230113,18
"20",2010,3,7.66979695431472,197,8.34040404040404,6.99234693877551,8.06923076923077,7.72363636363636,7.64894366197183,99,98,13,55,142,3718,1933,1785,274,999,2719,7.8469346422808,8.51414123124677,7.12440784313725,7.56788321167883,7.72029429429429,7.89346414122839,19
"21",2010,4,7.83012048192771,166,8.3555,7.03409090909091,7.40625,7.66625,7.88214285714286,100,66,16,40,126,3884,2033,1851,290,1039,2845,7.84621601441813,8.50633792424988,7.12118746623447,7.55896551724138,7.71821366698749,7.89296274165202,20
"22",2010,5,7.75436241610738,149,8.26976744186046,7.05079365079365,7.5625,7.48214285714286,7.81735537190083,86,63,16,28,121,4033,2119,1914,306,1067,2966,7.8428224646665,8.49673666823974,7.11887042842215,7.55915032679739,7.71201874414246,7.88987828725556,21
"23",2010,6,7.64717741935484,124,8.21029411764706,6.96339285714286,6.75,7.38636363636364,7.70343137254902,68,56,12,22,102,4157,2187,1970,318,1089,3068,7.83698652874669,8.48783036122542,7.11445076142132,7.52861635220126,7.70543985307622,7.8836795958279,22
"24",2010,7,7.76920289855072,138,8.39675324675325,6.97704918032787,6.84705882352941,7.6,7.81036036036036,77,61,17,27,111,4295,2264,2031,335,1116,3179,7.83480861466822,8.48473277385159,7.1103239783358,7.49402985074627,7.70288888888889,7.8811195344448,23
"25",2010,8,7.74049079754601,163,8.50344827586207,6.8671052631579,7.41111111111111,7.96388888888889,7.67716535433071,87,76,9,36,127,4458,2351,2107,344,1152,3306,7.8313600269179,8.4854253509145,7.10155102040816,7.49186046511628,7.71104513888889,7.87328463399879,24
"26",2010,9,7.91408450704225,142,8.49320987654321,7.14508196721312,7.25,7.55555555555556,8.03584905660377,81,61,8,36,106,4600,2432,2168,352,1188,3412,7.83391369565217,8.48568462171053,7.1027758302583,7.48636363636364,7.70633333333334,7.87833499413834,25
"27",2010,10,7.775,152,8.47272727272727,7.05866666666667,7,7.3343137254902,7.99752475247525,77,75,15,51,101,4752,2509,2243,367,1239,3513,7.83202925084175,8.48528696691909,7.1013009362461,7.46648501362398,7.69102017756255,7.88176174210077,26
"28",2010,11,7.87209302325581,215,8.52435897435898,7.09336734693878,7.5375,8.03306451612903,7.80686274509804,117,98,16,62,153,4967,2626,2341,383,1301,3666,7.83376343869539,8.48702779893374,7.10096881674498,7.46945169712794,7.70732052267487,7.87863584288053,27
"29",2010,12,7.85182648401826,219,8.53538461538461,6.85337078651685,6.71875,8.22596153846154,7.73532934131737,130,89,16,52,167,5186,2756,2430,399,1353,3833,7.83452622445044,8.4893087808418,7.09190041152264,7.43934837092732,7.72725351071693,7.87239212105401,28
"30",2011,1,7.91159663865546,238,8.46106557377049,7.33370689655172,7.28846153846154,8.05576923076923,7.87129032258064,122,116,26,52,186,5424,2878,2546,425,1405,4019,7.83790800147493,8.48811153578874,7.10291751767478,7.43011764705882,7.73941209964413,7.87234112963424,29
"31",2011,2,8.10681865284974,193,8.59100869565217,7.39294871794872,7.78125,7.95036363636364,8.15302013422819,115,78,16,44,149,5617,2993,2624,441,1449,4168,7.84714776571123,8.49206515202138,7.11153887195122,7.44285714285714,7.74581780538302,7.882375,30
"32",2011,3,8.02480686695279,233,8.59198473282443,7.29637254901961,7.57222222222222,8.02547169811321,8.02461111111111,131,102,18,53,180,5850,3124,2726,459,1502,4348,7.85422376068376,8.49625512163892,7.11845487894351,7.4479302832244,7.75568575233023,7.88826333946642,31
"33",2011,4,7.93921568627451,204,8.52280701754386,7.2,7.16666666666667,7.946,7.93701298701299,114,90,24,50,154,6054,3238,2816,483,1552,4502,7.85708771060456,8.49718993205682,7.12106107954546,7.43395445134576,7.76181701030928,7.8899309195913,32
"34",2011,5,7.8246835443038,158,8.54047619047619,7.01216216216216,5.96,7.37586206896552,7.92558139534884,84,74,15,29,129,6212,3322,2890,498,1581,4631,7.85626352221507,8.49828446718844,7.11827266435986,7.38955823293173,7.75473750790639,7.89092399049882,33
"35",2011,6,7.78719512195122,164,8.31891891891892,7.35,7.75,7.28529411764706,7.91846153846154,74,90,12,34,130,6376,3396,2980,510,1615,4761,7.85448698243413,8.49437603062426,7.1252711409396,7.39803921568627,7.74485448916409,7.8916759084226,34
"36",2011,7,7.73522727272727,132,8.55746268656717,6.88769230769231,6.97777777777778,7.9125,7.6785,67,65,9,32,100,6508,3463,3045,519,1647,4861,7.85206807006761,8.49559659254981,7.12019967159278,7.39075144508671,7.74811171827565,7.88729047521086,35
"37",2011,8,7.80842105263158,190,8.53695652173913,7.12448979591837,7.86315789473684,7.71707317073171,7.83355704697987,92,98,19,41,149,6698,3555,3143,538,1688,5010,7.85082994923858,8.49666694796062,7.12033343938912,7.40743494423792,7.74735781990521,7.88569241516966,36
"38",2011,9,7.75248520710059,169,8.40925531914894,6.92933333333333,6.375,7.43216216216216,7.84227272727273,94,75,8,37,132,6867,3649,3218,546,1725,5142,7.84840964030872,8.49441518224171,7.11588191423244,7.39230769230769,7.74059710144928,7.8845777907429,37
"39",2011,10,7.78878048780488,205,8.475,6.96236559139785,7.42,7.55875,7.84454545454545,112,93,15,40,165,7072,3761,3311,561,1765,5307,7.84668113687783,8.49383701143313,7.11156991845364,7.39304812834225,7.73647592067989,7.88333314490296,38
"40",2011,11,7.68722466960352,227,8.47685185185185,6.97058823529412,7.328125,7.45677966101695,7.76815476190476,108,119,16,59,168,7299,3869,3430,577,1824,5475,7.84172201671462,8.49336288446627,7.10667871720117,7.39124783362218,7.72742872807018,7.87979890410959,39
"41",2011,12,7.98553299492386,197,8.41100917431193,7.45852272727273,7.49545454545455,7.81375,8.02929936305732,109,88,11,40,157,7496,3978,3518,588,1864,5632,7.84550146744931,8.49110633484163,7.11547981807846,7.39319727891156,7.72928111587983,7.88396644176137,40
"42",2012,1,7.80070671378092,283,8.37891156462585,7.17573529411765,8.04772727272727,7.70333333333333,7.82690582959641,147,136,22,60,223,7779,4125,3654,610,1924,5855,7.84387183442602,8.48710812121212,7.11772249589491,7.41680327868852,7.72847193347193,7.88179316823228,41
"43",2012,2,7.87359813084112,214,8.39449152542373,7.23333333333333,7.5,7.74,7.90917159763314,118,96,22,45,169,7993,4243,3750,632,1969,6024,7.84466770924559,8.48453240631629,7.12068213333334,7.41969936708861,7.72873539867953,7.88256125498008,42
"44",2012,3,7.85307262569832,179,8.53296703296703,7.15,6.475,8.15125,7.76726618705036,91,88,10,40,139,8172,4334,3838,642,2009,6163,7.84485181106216,8.48554937701892,7.1213543512246,7.40498442367601,7.73714783474365,7.8799608956677,43
"45",2012,4,7.94169680851064,188,8.56824770642202,7.07721518987342,7.8326,7.787225,7.98344594594595,109,79,15,40,148,8360,4443,3917,657,2049,6311,7.84702966507177,8.4875782129192,7.12046413071228,7.41474733637747,7.73812542703758,7.88238773569957,44
"46",2012,5,7.82301075268817,186,8.51019801980198,7.00647058823529,7.22105263157895,7.51791666666667,7.86820987654321,101,85,19,24,162,8546,4544,4002,676,2073,6473,7.84650690381465,8.48808098591549,7.11804297851075,7.40930325443787,7.73557597684515,7.88203290591689,45
"47",2012,6,7.9041875,160,8.56322916666667,6.915625,7.63636363636364,8.02818181818182,7.88442028985507,96,64,11,22,138,8706,4640,4066,687,2095,6611,7.84756696531128,8.48963577586207,7.11485686178062,7.41293886462882,7.73864868735084,7.88208274088641,46
"48",2012,7,7.93441558441558,154,8.58139534883721,7.11617647058824,7.23529411764706,8.05128205128205,7.89478260869565,86,68,17,39,115,8860,4726,4134,704,2134,6726,7.84907652370203,8.49130554380025,7.11487856797291,7.40864914772727,7.74436223055295,7.88229988105858,47
"49",2012,8,7.96172839506173,162,8.46373626373626,7.31830985915493,7.14285714285714,7.69210526315789,8.04435483870968,91,71,7,38,124,9022,4817,4205,711,2172,6850,7.85109931279095,8.49078472078057,7.11831343638526,7.4060323488045,7.74344797421731,7.88523343065694,48
"50",2012,9,7.86244318181818,176,8.62081632653061,6.90961538461538,7.84,7.37194444444444,7.98857142857143,98,78,10,36,140,9198,4915,4283,721,2208,6990,7.85131637312459,8.49337741607324,7.11451272472566,7.41205131761442,7.73739085144928,7.88730314735337,49
"51",2012,10,7.91120879120879,182,8.43465346534654,7.25851851851852,8,7.75290322580645,7.94370860927152,101,81,14,31,151,9380,5016,4364,735,2239,7141,7.85247846481876,8.49219497607655,7.11718560953254,7.42325034013605,7.73760562751228,7.88849586892592,50
"52",2012,11,7.76454935622318,233,8.44991452991453,7.07327586206897,7.5,7.47916666666667,7.83859459459459,117,116,22,48,185,9613,5133,4480,757,2287,7326,7.85034723811505,8.49123124878239,7.11604866071429,7.42548084544253,7.73218146042851,7.88723573573574,51
"53",2012,12,7.73720379146919,211,8.39724409448819,6.73928571428571,6.67647058823529,7.59772727272727,7.77395209580838,127,84,17,44,167,9824,5260,4564,774,2331,7493,7.84791714169381,8.48896197718631,7.10911437335671,7.40902971576227,7.7296435006435,7.88471093020152,52
"54",2013,1,7.86850318471338,314,8.45217391304348,7.04238461538462,7.40909090909091,7.80982142857143,7.88124031007752,184,130,22,56,258,10138,5444,4694,796,2387,7751,7.84855474452555,8.48771858927259,7.10726629740094,7.40903140703518,7.73152450775031,7.88459540704426,53
"55",2013,2,7.98672566371681,226,8.61186440677966,7.3037037037037,7.54210526315789,7.86744186046512,8.01475409836066,118,108,19,43,183,10364,5562,4802,815,2430,7934,7.85156773446546,8.49035239122617,7.11168429820908,7.41213374233129,7.73392962962963,7.88759755482733,54
"56",2013,3,7.88207070707071,198,8.43300970873786,7.28473684210526,7.56590909090909,7.95757575757576,7.8669696969697,103,95,22,33,165,10562,5665,4897,837,2463,8099,7.8521395569021,8.48930979699911,7.1150414539514,7.41617562724014,7.73692610637434,7.88717730584023,55
"57",2013,4,8.05981651376147,218,8.48931623931624,7.56227722772277,7.6375,7.7375,8.13224719101124,117,101,20,40,178,10780,5782,4998,857,2503,8277,7.85633933209647,8.48930992736077,7.12407923169268,7.42134072345391,7.7369352776668,7.89244762595143,56
"58",2013,5,7.79702380952381,168,8.32258064516129,7.14533333333333,7.53846153846154,7.28478260869565,7.87827586206897,93,75,13,23,145,10948,5875,5073,870,2526,8422,7.85542911947387,8.48667063829787,7.12439345554899,7.4230908045977,7.73281828978622,7.89220363334125,57
"59",2013,6,7.84526862637363,182,8.27227722772277,7.31282580246914,7.23214285714286,7.72297297297297,7.87647510344828,101,81,14,37,145,11130,5976,5154,884,2563,8567,7.85526297304582,8.48304718875502,7.12735484866124,7.42006674208145,7.73267616074912,7.89193742150111,58
"60",2013,7,7.9017094017094,234,8.60169491525424,7.18965517241379,6.98125,7.32083333333333,8.05161290322581,118,116,16,48,186,11364,6094,5270,900,2611,8753,7.85621936730024,8.48534460124712,7.12872616508539,7.41226555555555,7.72510494063577,7.8953305026848,59
"61",2013,8,7.91318407960199,201,8.40301724137931,7.24470588235294,7.01,7.93636363636364,7.90863095238095,116,85,10,33,168,11565,6210,5355,910,2644,8921,7.85720941547773,8.48380676328502,7.13056711297853,7.40784505494505,7.72774167927383,7.89558097634795,60
"62",2013,9,7.93356481481482,216,8.55450450450451,7.27714285714286,7.75263157894737,7.7046875,7.97336956521739,111,105,19,32,184,11781,6321,5460,929,2676,9105,7.85860936168406,8.48504825185888,7.13338587728938,7.41489666307858,7.72746599402093,7.89715298077979,61
"63",2013,10,7.93062200956938,209,8.44774774774775,7.34489795918367,7.86176470588235,7.87794117647059,7.94085714285714,111,98,17,34,175,11990,6432,5558,946,2710,9280,7.85986462802335,8.48440453980099,7.13711530946384,7.42292706131078,7.72935387453875,7.89797714331897,62
"64",2013,11,7.60352422907489,227,8.31120689655172,6.86396396396396,7.06,7.21142857142857,7.675,116,111,20,35,192,12217,6548,5669,966,2745,9472,7.85510165261521,8.48133628588882,7.13176695889928,7.41541304347826,7.72275009107468,7.8934573363598,63
"65",2013,12,7.77489626556017,241,8.29016393442623,7.24663865546218,6.79166666666667,7.58375,7.81293532338308,122,119,18,40,201,12458,6670,5788,984,2785,9673,7.85355007946701,8.47783958020989,7.13412869557706,7.40400304878049,7.72075368043088,7.89178413005273,64
"66",2014,1,7.83086053412463,337,8.48005780346821,7.14603658536585,7.23181818181818,7.25,7.93444055944056,173,164,33,51,286,12795,6843,5952,1017,2836,9959,7.85295247284095,8.47789565979833,7.13445680275538,7.39841592920354,7.71228808180536,7.89300912641832,65
"67",2014,2,7.74875518672199,241,8.48739837398374,6.97881355932203,7.32692307692308,7.75142857142857,7.74830097087379,123,118,26,35,206,13036,6966,6070,1043,2871,10165,7.8510261498926,8.47806345104795,7.13143111861615,7.39663374880153,7.71276523859282,7.89007652631579,66
"68",2014,3,7.71078189300411,243,8.30886956521739,7.1734375,7.025,7.2625,7.79911330049261,115,128,28,40,203,13279,7081,6198,1071,2911,10368,7.84845974019128,8.47531563338511,7.13229862697645,7.38691783380018,7.70657815183786,7.88829551408179,67
"69",2014,4,7.55702247191011,178,8.31505376344086,6.72764705882353,7.27777777777778,7.64583333333333,7.54318181818182,93,85,18,24,154,13457,7174,6283,1089,2935,10522,7.84460480716356,8.47323808196264,7.12682427025306,7.38511386593205,7.70608143100511,7.88324442976621,68
"70",2014,5,7.7,168,8.48214285714286,6.91785714285714,6.67857142857143,7.576,7.72167832167832,84,84,14,25,143,13625,7258,6367,1103,2960,10665,7.84282179009174,8.47334114081014,7.12406736139469,7.3761459655485,7.70498277027027,7.88107809563994,69
"71",2014,6,7.83698224852071,169,8.32126436781609,7.32317073170732,7.525,7.324,7.92604166666667,87,82,12,25,144,13794,7345,6449,1115,2985,10809,7.84275024575902,8.47153982300885,7.12659899054117,7.37774798206278,7.70179195979899,7.88167711074105,70
"72",2014,7,7.57218905472637,201,8.37592592592593,6.63881720430108,6.75,8,7.48198795180723,108,93,16,35,166,13995,7453,6542,1131,3020,10975,7.83886437227581,8.47015430028176,7.11966476459798,7.3688673740053,7.70524801324503,7.87563169840547,71
"73",2014,8,7.76872037914692,211,8.24385964912281,7.21030927835052,6.89,7.78285714285714,7.76590909090909,114,97,20,35,176,14206,7567,6639,1151,3055,11151,7.83782253202872,8.46674507730937,7.12098913842446,7.36054648132059,7.70613715220949,7.87389990942517,72
"74",2014,9,7.84473170731707,205,8.45045454545455,7.14336842105263,6.756,7.26666666666667,7.96786982248521,110,95,20,36,169,14411,7677,6734,1171,3091,11320,7.83792081673721,8.46651165819982,7.12130485446986,7.35022117847993,7.70101876415399,7.87530281713781,73
"75",2014,10,7.64276497695853,217,8.30459183673469,7.09773109243697,7.396,7.415625,7.68205405405405,98,119,25,32,185,14628,7775,6853,1196,3123,11505,7.83502576497128,8.46447073954984,7.12089550415876,7.35117809364548,7.69809446045469,7.8721953837462,74
"76",2014,11,7.71238317757009,214,8.28739130434783,7.04444444444444,7.03181818181818,7.45588235294118,7.76083333333333,115,99,22,34,180,14842,7890,6952,1218,3157,11685,7.83325743767686,8.4618897338403,7.11980680235903,7.34540968801314,7.69548590433956,7.87047992212238,75
"77",2014,12,7.74297413793103,232,8.23151260504202,7.22849557522124,7.00434782608696,7.47380952380952,7.80247368421053,119,113,23,42,190,15074,8009,7065,1241,3199,11875,7.83186791097253,8.45846672493445,7.12154520736023,7.339088638195,7.69257549234136,7.86939182231579,76
"78",2015,1,7.67837209302326,301,8.37919463087248,6.99138157894737,6.9036,7.67051282051282,7.67954198473282,149,152,25,39,262,15375,8158,7217,1266,3238,12137,7.82886288715447,8.45701887717578,7.11880378134959,7.33048894154818,7.69230975911056,7.86529355606822,77
"79",2015,2,7.77051886792453,212,8.44227272727273,7.04607843137255,7.6375,7.98076923076923,7.74112903225806,110,102,16,26,186,15587,8268,7319,1282,3264,12323,7.82806934560852,8.45682268988873,7.11779025686569,7.33432059282371,7.69460753676471,7.86341945062079,78
"80",2015,3,7.79812977099237,262,8.54776119402985,7.013359375,6.76296296296296,7.52219512195122,7.84932126696833,134,128,27,41,221,15849,8402,7447,1309,3305,12544,7.82757441415862,8.4582730302309,7.11599528534981,7.32253552330023,7.69246868381241,7.86317106903699,79
"81",2015,4,7.67238095238095,189,8.3169696969697,6.96333333333333,7.02,7.11714285714286,7.79857142857143,99,90,15,35,154,16038,8501,7537,1324,3340,12698,7.82574553497942,8.45662745559346,7.11417233514661,7.3191080060423,7.68643982035928,7.86238761143487,80
"82",2015,5,7.76072222222222,180,8.30106382978723,7.17011627906977,7.103,7.56774193548387,7.80087248322148,94,86,10,31,149,16218,8595,7623,1334,3371,12847,7.82502385559255,8.45492611983711,7.11480347500984,7.317488005997,7.68534826460991,7.86167415661244,81
"83",2015,6,7.60840909090909,176,8.1132183908046,7.11494382022472,6.44444444444444,7.51612903225806,7.62813793103448,87,89,18,31,145,16394,8682,7712,1352,3402,12992,7.82269835854581,8.45150195807418,7.11480509465768,7.30586464497041,7.6838062904174,7.8590677255234,82
"84",2015,7,7.90552884615385,208,8.35853658536585,7.25,7.409375,8.17428571428571,7.85115606936416,123,85,16,35,173,16602,8805,7797,1368,3437,13165,7.82373610950488,8.45020329358319,7.11627893933564,7.30707529239766,7.6888009892348,7.85896375921003,83
"85",2015,8,7.71165322580645,248,8.32971014492754,6.93627272727273,6.625,7.646,7.72823232323232,138,110,20,50,198,16850,8943,7907,1388,3487,13363,7.82208646231454,8.44834395616684,7.11377474263311,7.29724711815562,7.68818726699168,7.8570267073262,84
"86",2015,9,7.70550660792952,227,8.37971962616822,7.10433333333333,6.92857142857143,7.68055555555556,7.71020942408377,107,120,28,36,191,17077,9050,8027,1416,3523,13554,7.82053679744685,8.44753259668508,7.11363359785723,7.28995692090395,7.68810928186205,7.8549577903202,85
"87",2015,10,7.6474778761062,226,8.30566037735849,7.06608333333333,7.2932,7.44594594594595,7.68693121693122,106,120,25,37,189,17303,9156,8147,1441,3560,13743,7.818276419696,8.44589012669288,7.1129332134528,7.29001318528799,7.68559241573034,7.85264701229717,86
"88",2015,11,7.52572614107884,241,8.09517543859649,7.01456692913386,7.13913043478261,7.46052631578947,7.53793103448276,114,127,23,38,203,17544,9270,8274,1464,3598,13946,7.81425768866849,8.44157713052859,7.11142336113125,7.28764275956284,7.68321539744302,7.84806596084899,87
"89",2015,12,7.55416666666667,252,8.25942028985507,6.70043859649123,7.485,7.78139534883721,7.50741626794258,138,114,20,43,209,17796,9408,8388,1484,3641,14155,7.81057467352214,8.43890518707483,7.10583773128278,7.2903025606469,7.68437489700632,7.84303623383963,88
"90",2016,1,7.54253822629969,327,8.22924050632911,6.9005325443787,6.83076923076923,7.45649122807018,7.5607037037037,158,169,26,57,270,18123,9566,8557,1510,3698,14425,7.80573839265022,8.43544219109346,7.10178297183592,7.28239006622517,7.68086235803137,7.83775167348354,89
"91",2016,2,7.57952380952381,210,8.32857142857143,6.83047619047619,6.74,7.72413793103448,7.55635359116022,105,105,20,29,181,18333,9671,8662,1530,3727,14606,7.803147160312,8.43428187364285,7.0984942149619,7.2753,7.68119908773813,7.8342645412844,90
"92",2016,3,7.45294117647059,204,8.4,6.73448275862069,7.18333333333333,7.21481481481482,7.48926553672316,88,116,18,27,177,18537,9759,8778,1548,3754,14783,7.79929313750876,8.43397274310893,7.09368385623149,7.27423062015504,7.67784469898774,7.83013379489955,91
"93",2016,4,7.8261328125,256,8.6528813559322,7.11920289855072,6.9,7.83589743589744,7.82437788018433,118,138,23,39,217,18793,9877,8916,1571,3793,15000,7.79965875006651,8.43658803280348,7.09407883467923,7.2687517504774,7.67946981281307,7.830050526,92
"94",2016,5,7.6653813559322,236,8.35552845528455,6.9141592920354,7.27272727272727,7.091,7.74902912621359,123,113,11,30,206,19029,10000,9029,1582,3823,15206,7.79799342529823,8.435591,7.09182710045409,7.2687793931732,7.67485194873136,7.8289529060897,93
"95",2016,6,7.81877828054299,221,8.46803278688525,7.01868686868687,7.06666666666667,7.93518518518519,7.80257731958763,122,99,15,27,194,19250,10122,9128,1597,3850,15400,7.79823204623376,8.43598201936376,7.09103383983348,7.26688102692549,7.67667766233766,7.82862064220779,94
"96",2016,7,7.47918552036199,221,8.10094339622641,6.90608695652174,7.765,6.82068965517241,7.57864583333333,106,115,20,29,192,19471,10228,9243,1617,3879,15592,7.79461080016434,8.43250977708252,7.08873275884453,7.27304205318491,7.67027816447538,7.8255424506157,95
"97",2016,8,7.69874074074074,270,8.21792452830189,6.95504504504505,7.0375,8.10769230769231,7.65516393442623,159,111,20,26,244,19741,10387,9354,1637,3905,15836,7.79329957398308,8.42922499277944,7.08714634274107,7.27016432498473,7.67319052496799,7.82291727014398,96
"98",2016,9,7.45,255,8.25364341085271,6.62722222222222,6.4,7.56304347826087,7.42511961722488,129,126,15,46,209,19996,10516,9480,1652,3951,16045,7.78892162882576,8.42707112970711,7.08103342721519,7.26226331719128,7.67190812452543,7.81773561171705,97
"99",2016,10,7.78472413793103,290,8.35745222929936,7.10864661654135,6.85714285714286,7.788,7.78404166666667,157,133,21,50,240,20286,10673,9613,1673,4001,16285,7.78886162328699,8.42604703457322,7.08141546759596,7.2571781231321,7.67335891027243,7.81723904758981,98
"100",2016,11,7.59394366197183,284,8.33148148148148,6.92570469798658,7.475,7.7,7.57344537815126,135,149,24,46,238,20570,10808,9762,1697,4047,16523,7.78617048565872,8.42486584011843,7.07903881274329,7.26025869180907,7.67366172473437,7.8137274036192,99
"101",2016,12,7.66584677419355,248,8.33139534883721,6.94436974789916,7.1,7.86290322580645,7.63769585253456,129,119,15,31,217,20818,10937,9881,1712,4078,16740,7.78473709722355,8.42376337203986,7.07741695071349,7.25885455607477,7.67510029426189,7.81144551314218,100
"102",2017,1,7.61963305322129,357,8.24944444444444,7.09640512820513,6.78095238095238,7.35281132075472,7.66615131578947,162,195,42,53,304,21175,11099,10076,1754,4131,17044,7.78195352491145,8.42121902874133,7.07778442735212,7.24741106043329,7.67096538368434,7.80885401842291,101
"103",2017,2,7.71125461254613,271,8.34662162162162,6.94674796747967,7.39655172413793,7.83846153846154,7.68987068965517,148,123,29,39,232,21446,11247,10199,1783,4170,17276,7.78106014594796,8.4202373966391,7.07620412687518,7.24983679192372,7.67253189448441,7.80725618719611,102
"104",2017,3,7.63876865671642,268,8.06845588235294,7.19606060606061,6.47619047619048,7.42714285714286,7.67809734513274,136,132,21,42,226,21714,11383,10331,1804,4212,17502,7.77930394630192,8.41603443731881,7.07773554254186,7.24083093126386,7.67008499525166,7.8055883836133,103
"105",2017,4,7.58984732824428,262,8.06783582089552,7.089453125,6.75,7.45185185185185,7.60570212765957,134,128,18,27,235,21976,11517,10459,1822,4239,17737,7.7770452261558,8.41198315533559,7.07787894540587,7.23598188803513,7.66869497523001,7.80294006258104,104
"106",2017,5,7.87362869198312,237,8.41333333333333,7.1593137254902,7.46052631578947,7.39677419354839,7.94538834951456,135,102,19,31,206,22213,11652,10561,1841,4270,17943,7.77807571647233,8.41199879848953,7.07866545686961,7.23829929386203,7.66672084309133,7.80457548291813,105
"107",2017,6,7.56753424657534,219,8.06021739130435,7.21062992125984,7.26190476190476,7.716,7.54396825396825,92,127,21,30,189,22432,11744,10688,1862,4300,18132,7.77602023404065,8.40924301771117,7.08023352264221,7.23856552094522,7.66706465116279,7.80185902768586,106
"108",2017,7,7.55643835616438,219,8.26659574468085,7.0224,7.1875,7.42592592592593,7.57479166666667,94,125,24,27,192,22651,11838,10813,1886,4327,18324,7.77389721822436,8.40811032268964,7.07956495792102,7.23791569459173,7.66555997226716,7.79947980189915,107
"109",2017,8,7.73309012875536,233,8.39632075471698,7.17952755905512,7.15,7.8004,7.725,106,127,20,25,208,22884,11944,10940,1906,4352,18532,7.77348172915574,8.4080056932351,7.08072540127971,7.23699317943337,7.66633455882353,7.79864385333477,108
"110",2017,9,7.67995670995671,231,8.28728813559322,7.04575221238938,7.01851851851852,7.875,7.65305418719212,118,113,27,28,203,23115,12062,11053,1933,4380,18735,7.77254708587497,8.40682473884928,7.08036785397629,7.23394154164511,7.66766849315068,7.7970663405391,109
"111",2017,10,7.6789224137931,232,8.24009009009009,7.16413223140496,7.40588235294118,7.36774193548387,7.72691542288557,111,121,17,31,201,23347,12173,11174,1950,4411,18936,7.77161673405577,8.40530436211287,7.08127491408627,7.23544051282051,7.66556064384493,7.79632170944233,110
"112",2017,11,7.44464944649446,271,8.28923076923077,6.66595744680851,6.525,7.12926829268293,7.50086956521739,130,141,20,41,230,23618,12303,11315,1970,4452,19166,7.76786501354899,8.40407786718686,7.07609950419797,7.22822791878172,7.66062174303684,7.79277616038819,111
"113",2017,12,7.5577358490566,265,8.17238805970149,6.92900763358779,7.05882352941176,7.70285714285714,7.53565217391304,134,131,17,35,230,23883,12437,11446,1987,4487,19396,7.76553347108822,8.40158157111843,7.07441603092783,7.22677856064419,7.66095119233341,7.78972715456795,112
"114",2018,1,7.7095419939577,331,8.30683333333333,7.13699053254438,6.61197692307692,7.40176315789474,7.74945870307167,162,169,26,38,293,24214,12599,11615,2013,4525,19689,7.76476808003634,8.40036328280022,7.07532649935428,7.21883775459513,7.65877458563536,7.78912790339784,113
"115",2018,2,7.49882608695652,230,8.18796296296296,6.88877049180328,7.34615384615385,7.42,7.50843902439024,108,122,13,25,205,24444,12707,11737,2026,4550,19894,7.76226576215022,8.39855803887621,7.07338734685183,7.21965468904245,7.65746263736264,7.7862355127174,114
"116",2018,3,7.60974576271186,236,8.38,6.93730158730159,7.315,8.34310344827586,7.50700483091787,110,126,20,29,207,24680,12817,11863,2046,4579,20101,7.76080730510535,8.39839876726223,7.07194194470201,7.22058670576735,7.66180497925311,7.78335999651759,115
"117",2018,4,7.61265765765766,222,8.21689655172414,6.95141509433962,7.35714285714286,7.16363636363636,7.66205,116,106,14,22,200,24902,12933,11969,2060,4601,20301,7.75948655891093,8.39677081883554,7.07087453337789,7.22151475728155,7.65942295153228,7.78216488301069,116
"118",2018,5,7.76051813471503,193,8.47635416666667,7.0520618556701,6.74,7.7952380952381,7.75627906976744,96,97,15,21,172,25095,13029,12066,2075,4622,20473,7.75949449252839,8.39735720316218,7.07072329603845,7.21803392771084,7.66004002596279,7.78194740829385,117
"119",2018,6,7.47690607734807,181,8.35120481927711,6.73642857142857,6.30333333333333,7.37962962962963,7.49396103896104,83,98,12,27,154,25276,13112,12164,2087,4649,20627,7.75747089294192,8.39706505491153,7.06803003041763,7.2127745088644,7.65841148634115,7.77979731856305,118
"120",2018,7,7.67821428571429,196,8.30467391304348,7.12403846153846,6.10588235294118,7.29545454545455,7.7266091954023,92,104,17,22,174,25472,13204,12268,2104,4671,20801,7.7568610352544,8.39642131172372,7.0685048328986,7.20383098859315,7.65670199100835,7.77935240084611,119
"121",2018,8,7.63150490196078,204,8.34239393939394,6.9612380952381,6.73476190476191,7.72,7.61914525139665,99,105,21,25,179,25676,13303,12373,2125,4696,20980,7.75586506036766,8.3960192437796,7.06759454376465,7.19919548235294,7.6570389693356,7.77798552383222,120
"122",2018,9,7.51344827586207,174,8.41054054054054,6.8496,6.65,7.18421052631579,7.5538064516129,74,100,10,19,155,25850,13377,12473,2135,4715,21135,7.75423331876209,8.39609957389549,7.0658468123146,7.1966231381733,7.65513361611877,7.77634143789922,121
"123",2018,10,7.45085347826087,207,7.99075166666667,6.92638095238095,6.87,7.64705882352941,7.41229289017341,102,105,20,34,173,26057,13479,12578,2155,4749,21308,7.75182323214491,8.39303217375176,7.06468256400063,7.19359183294663,7.65507580543272,7.77338572179463,122
"124",2018,11,7.62814345991561,237,8.37434343434343,7.09282608695652,7.25,7.58709677419355,7.63432038834951,99,138,18,31,206,26294,13578,12716,2173,4780,21514,7.75070844907583,8.39289591029607,7.06498799072035,7.1940590888173,7.65463493723849,7.77205414892628,123
"125",2018,12,7.79094230769231,208,8.42065217391304,7.29151724137931,7.38977777777778,7.93783783783784,7.75915789473684,92,116,18,37,171,26502,13670,12832,2191,4817,21685,7.7510242230775,8.39308271177761,7.06703579254987,7.19566700136924,7.65681025534565,7.77195245376989,124
"126",2019,1,7.77771008403361,238,8.39385593220339,7.17183333333333,7.53529411764706,7.95538461538462,7.75591981132076,118,120,17,26,212,26740,13788,12952,2208,4843,21897,7.75126174121167,8.39308932912678,7.06800673949969,7.19828188405797,7.65841317365269,7.77179723067087,125
"127",2019,2,7.5,175,8.22375,6.89052631578947,7.325,7.51666666666667,7.49735099337748,80,95,12,24,151,26915,13868,13047,2220,4867,22048,7.74962804978636,8.39211246538794,7.06671443933471,7.19896684684685,7.65771419765769,7.76991763243832,126
"128",2019,3,7.46025157232704,159,8.36648648648649,6.67129411764706,6.55,7.06521739130435,7.52705882352941,74,85,10,23,136,27074,13942,13132,2230,4890,22184,7.7479286016104,8.39197645029407,7.06415498705452,7.19605668161435,7.65492740286298,7.76842877569419,127
"129",2019,4,7.65209905660377,212,8.3798,7.00236607142857,6.52631578947368,6.99833333333333,7.81361764705882,100,112,19,42,170,27286,14042,13244,2249,4932,22354,7.74718404896284,8.39188973579262,7.06363245922682,7.1903985771454,7.64933596918086,7.76877243267424,128
"130",2019,5,7.68523316062176,193,8.23275862068965,7.23584905660377,7.03684210526316,7.71666666666667,7.68258426966292,87,106,19,15,178,27479,14129,13350,2268,4947,22532,7.74674893409512,8.39090987826456,7.06499987191011,7.18911216931217,7.64954012532848,7.76809155689686,129
"131",2019,6,7.67005649717514,177,8.15255813953488,7.21406593406593,6.83571428571429,7.90545454545455,7.63664516129032,86,91,14,22,155,27656,14215,13441,2282,4969,22687,7.7462580980619,8.38946786282096,7.06600909828138,7.18694408413672,7.65067317367679,7.76719350112399,130
"132",2019,7,7.91983695652174,184,8.56043956043956,7.29301075268817,7.11428571428571,8.1125,7.8909375,91,93,14,24,160,27840,14306,13534,2296,4993,22847,7.74740531465517,8.39055540822032,7.06756895891828,7.18650104529616,7.65289305027038,7.76806009366656,131
"133",2019,8,7.639125,240,8.32974137931035,6.99306451612903,7.17142857142857,7.4,7.68132352941176,116,124,14,36,204,28080,14422,13658,2310,5029,23051,7.74647984188034,8.39006626473443,7.06689253843901,7.1864096969697,7.65108272022271,7.7672924801527,132
"134",2019,9,7.62969072164948,194,8.18817204301075,7.11544554455446,6.675,7.33448275862069,7.68157575757576,93,101,12,29,165,28274,14515,13759,2322,5058,23216,7.74567850180378,8.38877269514295,7.06724894905153,7.18376675279931,7.6492674970344,7.76668327705031,133
"135",2019,10,7.4229380952381,210,8.2832967032967,6.76501680672269,6.21875,7.421875,7.42312921348315,91,119,16,32,178,28484,14606,13878,2338,5090,23394,7.74329907878107,8.38811554635081,7.06465739227554,7.1771627031651,7.64783791748526,7.76406924681542,134
"136",2019,11,7.97405529953917,217,8.54214953271028,7.42145454545455,7.32,7.666,8.02347593582888,107,110,10,30,187,28701,14713,13988,2348,5120,23581,7.74504376014773,8.38923575545435,7.06746320346011,7.17777103918228,7.6479443359375,7.76612637123108,135
"137",2019,12,7.73085836909871,233,8.43234234234234,7.09262295081967,6.75,7.55483870967742,7.75787128712871,111,122,16,31,202,28934,14824,14110,2364,5151,23783,7.74492952789106,8.3895585314355,7.06768074344436,7.1748758037225,7.64738400310619,7.76605625699029,136
"138",2020,1,7.89017847133758,314,8.4105251369863,7.43797244047619,7.2551724137931,8.055,7.86611693430657,146,168,29,40,274,29248,14970,14278,2393,5191,24057,7.7464888881291,8.38976301536406,7.07203772657235,7.17584889260343,7.65052494702369,7.76719590971443,137
"139",2020,2,7.75083333333333,228,8.49620689655172,7.2909219858156,7.11071428571429,8.0084,7.71911330049261,87,141,14,25,203,29476,15057,14419,2407,5216,24260,7.74652249287556,8.39037805273294,7.0741781441154,7.17547004570004,7.65224022239263,7.766793569662,138
"140",2020,3,7.76238578680203,197,8.57290322580645,7.03759615384615,8.09090909090909,8.012,7.72610465116279,93,104,11,25,172,29673,15150,14523,2418,5241,24432,7.74662780979341,8.39149850429042,7.07391617847552,7.17963457402812,7.65395630604846,7.76650712180747,139
"141",2020,4,7.58470198675497,151,8.26,7.08793103448276,6.4125,7.68888888888889,7.5706015037594,64,87,16,18,133,29824,15214,14610,2434,5259,24565,7.74580797344421,8.39094533587485,7.07399963449692,7.17459178307313,7.65407586993725,7.76544644819866,140
"142",2020,5,7.5590625,160,8.26986301369863,6.96264367816092,6.90217391304348,8.06086956521739,7.47481751824817,73,87,23,23,137,29984,15287,14697,2457,5282,24702,7.74481146611526,8.39036713154968,7.07334045451453,7.17204167684168,7.65584721696327,7.76383458829245,141
"143",2020,6,7.68524096385542,166,8.53115942028986,7.08350515463917,7.186875,8.77941176470588,7.56040268456376,69,97,16,17,149,30150,15356,14794,2473,5299,24851,7.74448348258706,8.39099976165667,7.07340710152765,7.1721376465831,7.65945178335535,7.76261486459298,142
"144",2020,7,7.77229166666667,144,8.31384615384615,7.32670886075949,8.38888888888889,8.12142857142857,7.73469230769231,65,79,9,14,130,30294,15421,14873,2482,5313,24981,7.74461566646861,8.39067455677322,7.07475254891414,7.17654971796938,7.6606691134952,7.76246955686322,143
"145",2020,8,7.72690721649485,194,8.223375,7.37850877192983,6.96153846153846,7.632,7.74094674556213,80,114,13,25,169,30488,15501,14987,2495,5338,25150,7.7445029847809,8.38981113089477,7.07706309868553,7.17542941883767,7.66053484451105,7.7623249304175,144
"146",2020,9,7.71117021276596,188,8.67654320987654,6.9803738317757,6.78125,8.16428571428571,7.631875,81,107,16,28,160,30676,15582,15094,2511,5366,25310,7.74429870256878,8.39130165190604,7.07637767722274,7.1729177220231,7.66316343645173,7.76150027657053,145
"147",2020,10,7.84304347826087,161,8.584125,7.11111111111111,6.66923076923077,6.55555555555556,7.91927631578947,80,81,13,9,152,30837,15662,15175,2524,5375,25462,7.74481424911632,8.39228657515004,7.07656307479407,7.1703234548336,7.6613088372093,7.76244214908491,146
"148",2020,11,7.74328229665072,209,8.49098039215686,7.03052336448598,7.38235294117647,7.525,7.76638095238095,102,107,17,20,189,31046,15764,15282,2541,5395,25651,7.74480393609483,8.39292516747018,7.07624071849234,7.17174199134199,7.66080352177942,7.76247117071459,147
"149",2020,12,7.58833507853403,191,8.37270731707317,6.99825688073394,7.25,7.56428571428571,7.59246625766871,82,109,14,28,163,31237,15846,15391,2555,5423,25814,7.74384720043538,8.39282054398586,7.07568843220064,7.17217080234834,7.66030518163378,7.76139769117533,148
"150",2021,1,7.89824074074074,216,8.48972222222222,7.30675925925926,7.64285714285714,7.95125,7.89161458333333,108,108,14,24,192,31453,15954,15499,2569,5447,26006,7.7449074810034,8.39347651623417,7.07729857797277,7.1747358505255,7.66158711217184,7.76235907098362,149
"151",2021,2,7.54763313609467,169,8.36954022988506,6.67560975609756,6.25,7.28809523809524,7.58445945945946,87,82,8,21,148,31622,16041,15581,2577,5468,26154,7.74385317184239,8.39334669534318,7.0751845619665,7.17186511447419,7.66015270665691,7.7613523743978,150
"152",2021,3,7.81058783783784,148,8.40328947368421,7.18495833333333,7.31818181818182,7.92073913043478,7.79032,76,72,11,23,125,31770,16117,15653,2588,5491,26279,7.74416405413912,8.39339358069119,7.07568949466556,7.17248701700154,7.66124421781096,7.76149016324822,151
"153",2021,4,8.03097402597403,154,8.87101449275362,7.34905882352941,7.51666666666667,8.54166666666667,7.98781690140845,69,85,15,12,142,31924,16186,15738,2603,5503,26421,7.74554761308107,8.39542965155072,7.07716594611768,7.17447038033039,7.66316409231328,7.76270655917641,152
"154",2021,5,7.84981857142857,147,8.49327868852459,7.39341081395349,8.15384615384615,8.16125,7.83189446043165,61,86,13,8,139,32071,16247,15824,2616,5511,26560,7.74602554737925,8.39579702960546,7.07888466822548,7.1793373088685,7.66388713482127,7.76306864947289,153
"155",2021,6,7.86686577181208,149,8.58503947368421,7.11917808219178,6.39285714285714,7.83636363636364,7.86929710144928,76,73,14,11,138,32220,16323,15897,2630,5522,26698,7.74658436778398,8.39667814372357,7.07906969805624,7.17515072243346,7.6642307135096,7.76361773653457,154
"156",2021,7,7.642455,148,8.21699459016394,7.23961689655172,6.84615384615385,6.91666666666667,7.70649514705882,61,87,13,12,136,32368,16384,15984,2643,5534,26834,7.74610824487148,8.39600915588378,7.0799435472973,7.17353250094589,7.66260968558005,7.76332822799434,155
"157",2021,8,7.47095808383234,167,8.15625,7.04514563106796,7.19444444444444,6.82,7.53519736842105,64,103,9,15,152,32535,16448,16087,2652,5549,26986,7.74469591731981,8.39507624088034,7.07972074718717,7.17360346907994,7.66033195170301,7.76204326947306,156
"158",2021,9,7.6518344295302,149,8.3125,7.09720160493827,7.59375,7.74807692307692,7.63149048780488,68,81,16,26,123,32684,16516,16168,2668,5575,27109,7.74427257985559,8.39473625635747,7.07980832446808,7.17612308845577,7.66074116591928,7.76145092035855,157
"159",2021,10,7.64668674698795,166,8.5643661971831,6.96084210526316,6.86666666666667,6.66352941176471,7.75885906040268,71,95,9,17,149,32850,16587,16263,2677,5592,27258,7.74377945205479,8.39546235063604,7.07911338559921,7.17508270451998,7.6577095851216,7.76143675251303,158
"160",2021,11,7.67178378378378,185,8.42828571428571,7.21130434782609,7.22352941176471,7.41206896551724,7.7200641025641,70,115,17,29,156,33035,16657,16378,2694,5621,27414,7.74337626759497,8.39560028876748,7.08004157955794,7.17538841870824,7.65644227005871,7.76120132049318,159
"161",2021,12,7.50507072727273,220,8.22321289156626,7.06999189781022,6.75555555555556,6.775,7.611539375,83,137,18,28,192,33255,16740,16515,2712,5649,27606,7.74179974620358,8.39474556033452,7.07995821253406,7.17260191740413,7.65207328730749,7.76016042019851,160
"162",2022,1,7.64843537414966,294,8.37611111111111,7.10267857142857,7.10869565217391,7.74782608695652,7.64,126,168,23,23,271,33549,16866,16683,2735,5672,27877,7.74098156606754,8.39460634886754,7.08018700953066,7.17206449725777,7.65246156558533,7.75899230763712,161
"163",2022,2,7.3831024691358,162,8.11279130434783,6.84172043010753,6.70571428571429,7.72894736842105,7.33715104895105,69,93,14,19,143,33711,16935,16776,2749,5691,28020,7.73926175906974,8.39345812105107,7.07886503814974,7.16968948708621,7.65271692145493,7.75683944182727,162
"164",2022,3,7.54355479452055,146,8.37145901639344,6.94941176470588,7.5,7.61111111111111,7.53911678832117,61,85,12,9,137,33857,16996,16861,2761,5700,28157,7.73841782083469,8.39337916450929,7.07821243579859,7.17112509960159,7.65265122807017,7.7557800958909,163
"165",2022,4,7.81121029761905,168,8.39407894736842,7.32971010869565,7.7,8.2995652173913,7.73374710344828,76,92,16,23,145,34025,17072,16953,2777,5723,28302,7.73877723703159,8.39338227975632,7.07957725535303,7.17417227223623,7.65525109208457,7.75566721397781,164
"166",2022,5,7.46858895705522,163,8.19420289855072,6.93595744680851,6.86666666666667,7.33333333333333,7.48859154929577,69,94,15,21,142,34188,17141,17047,2792,5744,28444,7.73748904557154,8.39258049588705,7.07878531178506,7.17252020057306,7.6540741643454,7.75433390135002,165
"167",2022,6,7.4202614379085,153,8.2575,6.88010752688172,6.85666666666667,6.88181818181818,7.51068702290076,60,93,15,22,131,34341,17201,17140,2807,5766,28575,7.73607569639789,8.39210931224928,7.07770730513419,7.17083234770217,7.65112764481443,7.753216920035,166
"168",2022,7,7.6488,150,8.35911764705882,7.05975609756098,6.75,7.98153846153846,7.57903225806452,68,82,6,26,124,34491,17269,17222,2813,5792,28699,7.73569613783306,8.39197940123921,7.07762183312043,7.16993473160327,7.65261084254143,7.75246431896582,167
"169",2022,8,7.39486197452229,157,8.306,6.96909654205608,6.94117647058824,6.98333333333333,7.46912278195489,50,107,17,24,133,34648,17319,17329,2830,5816,28832,7.73415172073424,8.3917311784745,7.07695173062496,7.16856056537102,7.64984903713892,7.75115728426748,168
"170",2022,9,7.706,100,8.37073170731707,7.24406779661017,7.14285714285714,7.44615384615385,7.7448275862069,41,59,7,13,87,34748,17360,17388,2837,5829,28919,7.73407070392541,8.39168158294931,7.07751877961813,7.16849714487134,7.649394750386,7.75113824198624,169
"171",2022,12,7.63860215053763,93,8.22473684210526,7.23363636363636,7.4,7.32142857142857,7.69481012658228,38,55,5,14,79,34841,17398,17443,2842,5843,28998,7.73381587267874,8.3913169490746,7.07801103823883,7.16890443349754,7.6486089337669,7.7509847858473,172
