"","year","month","avg_rating","no_ratings","avg_rating_owned","avg_rating_not_owned","avg_rating_prev_owned","avg_rating_comment","avg_rating_no_comment","no_ratings_owned","no_ratings_not_owned","no_ratings_prev_owned","no_ratings_comment","no_ratings_no_comment","cum_no_ratings","cum_no_ratings_owned","cum_no_ratings_not_owned","cum_no_ratings_prev_owned","cum_no_ratings_comment","cum_no_ratings_no_comment","cum_avg_rating","cum_avg_rating_owned","cum_avg_rating_not_owned","cum_avg_rating_prev_owned","cum_avg_rating_comment","cum_avg_rating_no_comment","month_after_release"
"1",2008,6,9.33333333333333,3,9.33333333333333,NA,NA,NA,9.33333333333333,3,0,0,0,3,3,3,0,0,0,3,9.33333333333333,9.33333333333333,NA,NA,NA,9.33333333333333,-2
"2",2008,7,6.5,2,9,4,NA,NA,6.5,1,1,0,0,2,5,4,1,0,0,5,8.2,9.25,4,NA,NA,8.2,-1
"3",2008,8,7.275,10,7.17857142857143,7.5,NA,7,7.34375,7,3,0,2,8,15,11,4,0,2,13,7.58333333333333,7.93181818181818,6.625,NA,7,7.67307692307692,0
"4",2008,9,7.14285714285714,7,7,8,NA,6,7.33333333333333,6,1,0,1,6,22,17,5,0,3,19,7.44318181818182,7.60294117647059,6.9,NA,6.66666666666667,7.56578947368421,1
"5",2008,10,6.78571428571429,7,6.58333333333333,8,NA,7,6.7,6,1,0,2,5,29,23,6,0,5,24,7.28448275862069,7.33695652173913,7.08333333333333,NA,6.8,7.38541666666667,2
"6",2008,11,6.88333333333333,6,7.75,5.15,NA,7.5,6.575,4,2,0,2,4,35,27,8,0,7,28,7.21571428571429,7.39814814814815,6.6,NA,7,7.26964285714286,3
"7",2008,12,6.25,18,6.5,5,6,6.375,6.15,15,3,1,8,10,53,42,11,1,15,38,6.8877358490566,7.07738095238095,6.16363636363636,6,6.66666666666667,6.975,4
"8",2009,1,6.69318181818182,22,6.90277777777778,5.75,NA,6.5625,6.76785714285714,18,4,0,8,14,75,60,15,1,23,52,6.83066666666667,7.025,6.05333333333333,6,6.6304347826087,6.91923076923077,5
"9",2009,2,7.16666666666667,15,7.14285714285714,7.5,NA,8,7.03846153846154,14,1,0,2,13,90,74,16,1,25,65,6.88666666666667,7.0472972972973,6.14375,6,6.74,6.94307692307692,6
"10",2009,3,6.9,15,7.5625,6.14285714285714,6.6,7.375,6.72727272727273,8,7,5,4,11,105,82,23,6,29,76,6.88857142857143,7.09756097560976,6.14347826086957,6.5,6.82758620689655,6.91184210526316,7
"11",2009,4,6.28571428571429,14,6.375,6.16666666666667,6,6,6.30769230769231,8,6,2,1,13,119,90,29,8,30,89,6.81764705882353,7.03333333333333,6.14827586206897,6.375,6.8,6.82359550561798,8
"12",2009,5,6.3,10,6.42857142857143,6,6.5,6,6.375,7,3,2,2,8,129,97,32,10,32,97,6.77751937984496,6.98969072164948,6.134375,6.4,6.75,6.78659793814433,9
"13",2009,6,6.07692307692308,13,6.63636363636364,3,NA,7.33333333333333,5.7,11,2,0,3,10,142,108,34,10,35,107,6.71338028169014,6.9537037037037,5.95,6.4,6.8,6.68504672897196,10
"14",2009,7,6.72083333333333,12,7.15625,5.85,5.7,7.09285714285714,6.2,8,4,2,7,5,154,116,38,12,42,112,6.71396103896104,6.9676724137931,5.93947368421053,6.28333333333333,6.84880952380952,6.66339285714286,11
"15",2009,8,6.58125,16,6.80909090909091,6.08,4.8,7,6.48461538461538,11,5,3,3,13,170,127,43,15,45,125,6.70147058823529,6.95393700787402,5.95581395348837,5.98666666666667,6.85888888888889,6.6448,12
"16",2009,9,7,12,7.28571428571429,6.6,5.5,8,6.90909090909091,7,5,2,1,11,182,134,48,17,46,136,6.72115384615385,6.97126865671642,6.02291666666667,5.92941176470588,6.88369565217391,6.66617647058823,13
"17",2009,10,5.6875,16,5.90909090909091,5.2,5.5,6.66666666666667,5.1,11,5,2,6,10,198,145,53,19,52,146,6.63762626262626,6.89068965517241,5.94528301886792,5.88421052631579,6.85865384615385,6.55890410958904,14
"18",2009,11,6.02631578947368,19,6.5,5.21428571428571,3,5.66666666666667,6.19230769230769,12,7,1,6,13,217,157,60,20,58,159,6.58410138248848,6.86082802547771,5.86,5.74,6.73534482758621,6.52893081761006,15
"19",2009,12,6.52380952380952,21,7.05714285714286,5.45714285714286,5,6.96,6.3875,14,7,3,5,16,238,171,67,23,63,175,6.57878151260504,6.87690058479532,5.81791044776119,5.64347826086957,6.7531746031746,6.516,16
"20",2010,1,6.56666666666667,27,6.6,6.375,6.83333333333333,6.1125,6.7578947368421,23,4,3,8,19,265,194,71,26,71,194,6.57754716981132,6.84407216494845,5.84929577464789,5.78076923076923,6.68098591549296,6.53969072164948,17
"21",2010,2,6.05666666666667,15,5.84375,6.3,6.25,NA,6.05666666666667,8,7,2,0,15,280,202,78,28,71,209,6.54964285714286,6.80445544554455,5.88974358974359,5.81428571428571,6.68098591549296,6.50502392344498,18
"22",2010,3,6.58571428571429,14,6.72,6.25,NA,NA,6.58571428571429,10,4,0,0,14,294,212,82,28,71,223,6.55136054421769,6.80047169811321,5.90731707317073,5.81428571428571,6.68098591549296,6.51008968609866,19
"23",2010,4,5.36923076923077,13,5.57142857142857,5.13333333333333,6.35,5.275,5.41111111111111,7,6,2,4,9,307,219,88,30,75,232,6.50130293159609,6.76118721461187,5.85454545454546,5.85,6.606,6.46745689655172,20
"24",2010,5,6.70833333333333,12,6.70833333333333,NA,NA,7,6.68181818181818,12,0,0,1,11,319,231,88,30,76,243,6.50909090909091,6.75844155844156,5.85454545454546,5.85,6.61118421052632,6.47716049382716,21
"25",2010,6,6.96666666666667,15,6.875,7.07142857142857,8,6.75,7.04545454545455,8,7,2,4,11,334,239,95,32,80,254,6.52964071856287,6.76234309623431,5.94421052631579,5.984375,6.618125,6.50177165354331,22
"26",2010,7,6.50625,16,7.08333333333333,4.775,NA,7,6.34166666666667,12,4,0,4,12,350,251,99,32,84,266,6.52857142857143,6.77768924302789,5.8969696969697,5.984375,6.63630952380952,6.49454887218045,23
"27",2010,8,6.01739130434783,23,6.10714285714286,5.87777777777778,6.5,6,6.02222222222222,14,9,1,5,18,373,265,108,33,89,284,6.4970509383378,6.7422641509434,5.89537037037037,6,6.60056179775281,6.46461267605634,24
"28",2010,9,5.82352941176471,17,6.125,5.55555555555556,6.25,7.33333333333333,5.5,8,9,4,3,14,390,273,117,37,92,298,6.46769230769231,6.72417582417582,5.86923076923077,6.02702702702703,6.62445652173913,6.41929530201342,25
"29",2010,10,6.43333333333333,15,6.75,6.07142857142857,7.5,6.375,6.45454545454545,8,7,1,4,11,405,281,124,38,96,309,6.46641975308642,6.72491103202847,5.88064516129032,6.06578947368421,6.6140625,6.4205501618123,26
"30",2010,11,6.24375,16,6.5625,5.925,5.5,6.5,6.18461538461538,8,8,1,3,13,421,289,132,39,99,322,6.45795724465558,6.72041522491349,5.88333333333333,6.05128205128205,6.61060606060606,6.4110248447205,27
"31",2010,12,6.22727272727273,22,6.76923076923077,5.44444444444444,5.16666666666667,5.5,6.34210526315789,13,9,3,3,19,443,302,141,42,102,341,6.44650112866817,6.72251655629139,5.85531914893617,5.98809523809524,6.57794117647059,6.40718475073314,28
"32",2011,1,5.93181818181818,22,6.3,5.14285714285714,6,5.8,5.97058823529412,15,7,2,5,17,465,317,148,44,107,358,6.42215053763441,6.70252365930599,5.82162162162162,5.98863636363636,6.54158878504673,6.38645251396648,29
"33",2011,2,5.53157894736842,19,5.93571428571429,4.4,4.75,4.4,5.93571428571429,14,5,4,5,14,484,331,153,48,112,372,6.38719008264463,6.67009063444109,5.77516339869281,5.88541666666667,6.44598214285714,6.36948924731183,30
"34",2011,3,5.63571428571429,14,6.075,3,5,6.25,5.53333333333333,12,2,1,2,12,498,343,155,49,114,384,6.36606425702811,6.64927113702624,5.73935483870968,5.86734693877551,6.44254385964912,6.343359375,31
"35",2011,4,6.625,8,6.625,NA,NA,7.5,6.5,8,0,0,1,7,506,351,155,49,115,391,6.3701581027668,6.64871794871795,5.73935483870968,5.86734693877551,6.45173913043478,6.34616368286445,32
"36",2011,5,6.08571428571429,14,6.32,5.5,8,6.33333333333333,6.01818181818182,10,4,1,3,11,520,361,159,50,118,402,6.3625,6.63961218836565,5.73333333333333,5.91,6.44872881355932,6.33718905472637,33
"37",2011,6,6.03571428571429,14,6.22727272727273,5.33333333333333,5.5,6.75,5.91666666666667,11,3,2,2,12,534,372,162,52,120,414,6.35393258426966,6.62741935483871,5.72592592592593,5.89423076923077,6.45375,6.325,34
"38",2011,7,6.66666666666667,9,6.875,5,5,10,6.25,8,1,1,1,8,543,380,163,53,121,422,6.35911602209945,6.63263157894737,5.72147239263804,5.87735849056604,6.48305785123967,6.32357819905213,35
"39",2011,8,6.05882352941176,17,6.5375,5.63333333333333,6.75,6.25,6,8,9,4,4,13,560,388,172,57,125,435,6.35,6.63067010309278,5.71686046511628,5.93859649122807,6.4756,6.31390804597701,36
"40",2011,9,6.21428571428571,14,6.55555555555556,5.6,5,6.2,6.22222222222222,9,5,1,5,9,574,397,177,58,130,444,6.34668989547038,6.62896725440806,5.7135593220339,5.92241379310345,6.465,6.31204954954955,37
"41",2011,10,5.86363636363636,22,6.2,5.58333333333333,5.2,6.16666666666667,5.75,10,12,5,6,16,596,407,189,63,136,460,6.32885906040268,6.61842751842752,5.705291005291,5.86507936507936,6.45183823529412,6.2925,38
"42",2011,11,5.825,20,6.16666666666667,5.3125,5.33333333333333,5,5.97058823529412,12,8,3,3,17,616,419,197,66,139,477,6.3125,6.6054892601432,5.68934010152284,5.84090909090909,6.4205035971223,6.28102725366876,39
"43",2011,12,6.034375,16,6.29230769230769,4.91666666666667,NA,7,5.89642857142857,13,3,0,2,14,632,432,200,66,141,491,6.30545886075949,6.59606481481481,5.67775,5.84090909090909,6.42872340425532,6.27006109979633,40
"44",2012,1,6.46,20,6.83571428571429,5.58333333333333,6,5.66666666666667,6.6,14,6,1,3,17,652,446,206,67,144,508,6.31019938650307,6.60358744394619,5.675,5.84328358208955,6.41284722222222,6.28110236220472,41
"45",2012,2,5.73333333333333,15,6.4,4.4,4.75,6.2,5.5,10,5,4,5,10,667,456,211,71,149,518,6.29722638680659,6.59912280701754,5.64478672985782,5.78169014084507,6.40570469798658,6.26602316602317,42
"46",2012,3,6.26842105263158,19,6.6,5.9,6.3,6.53333333333333,6.21875,10,9,6,3,16,686,466,220,77,152,534,6.29642857142857,6.59914163090129,5.65522727272727,5.82207792207792,6.40822368421053,6.26460674157303,43
"47",2012,4,6.8,14,6.68333333333333,7.5,NA,6,7.01818181818182,12,2,0,3,11,700,478,222,77,155,545,6.3065,6.60125523012552,5.67184684684685,5.82207792207792,6.40032258064516,6.27981651376147,44
"48",2012,5,6.3,20,6.375,6,7,6.66666666666667,6.23529411764706,16,4,2,3,17,720,494,226,79,158,562,6.30631944444444,6.59392712550607,5.67765486725664,5.85189873417722,6.40537974683544,6.27846975088968,45
"49",2012,6,6.43333333333333,15,6.375,6.5,6.25,6,6.65,8,7,4,5,10,735,502,233,83,163,572,6.30891156462585,6.59043824701195,5.70236051502146,5.8710843373494,6.39294478527607,6.28496503496503,46
"50",2012,7,6.14230769230769,13,7.08333333333333,5.33571428571429,3,NA,6.14230769230769,6,7,1,0,13,748,508,240,84,163,585,6.30601604278075,6.59625984251968,5.69166666666667,5.83690476190476,6.39294478527607,6.28179487179487,47
"51",2012,8,6.21875,16,6.32142857142857,5.5,6,6.66666666666667,6.11538461538461,14,2,1,3,13,764,522,242,85,166,598,6.30418848167539,6.58888888888889,5.6900826446281,5.83882352941177,6.39789156626506,6.27817725752508,48
"52",2012,9,6.6,15,6.76923076923077,5.5,NA,6.5,6.61538461538461,13,2,0,2,13,779,535,244,85,168,611,6.30988446726573,6.59327102803738,5.68852459016393,5.83882352941177,6.39910714285714,6.28535188216039,49
"53",2012,10,6.36190476190476,21,6.46428571428571,6.15714285714286,5.83333333333333,6.71666666666667,6.22,14,7,3,6,15,800,549,251,88,174,626,6.31125,6.58998178506375,5.70159362549801,5.83863636363637,6.41005747126437,6.28378594249201,50
"54",2012,11,6.1,23,6,6.32857142857143,6.075,7.4,5.73888888888889,16,7,4,5,18,823,565,258,92,179,644,6.30534629404617,6.57327433628318,5.71860465116279,5.84891304347826,6.4377094972067,6.26855590062112,51
"55",2012,12,6.32142857142857,28,6.42105263157895,6.11111111111111,5.41666666666667,6,6.36,19,9,6,3,25,851,584,267,98,182,669,6.30587544065805,6.56832191780822,5.73183520599251,5.82244897959184,6.4304945054945,6.2719730941704,52
"56",2013,1,5.85806451612903,31,6.005,5.59090909090909,4.91666666666667,5.42857142857143,5.98333333333333,20,11,6,7,24,882,604,278,104,189,693,6.29013605442177,6.54966887417218,5.72625899280575,5.77019230769231,6.39338624338624,6.26197691197691,53
"57",2013,2,5.88095238095238,21,6.28571428571429,5.07142857142857,5.1,5.33333333333333,5.97222222222222,14,7,5,3,18,903,618,285,109,192,711,6.28062015503876,6.54368932038835,5.71017543859649,5.73944954128441,6.37682291666667,6.25464135021097,54
"58",2013,3,6.13636363636364,22,6.42857142857143,5.625,5.75,6.5,6.1,14,8,4,2,20,925,632,293,113,194,731,6.27718918918919,6.54113924050633,5.70784982935153,5.73982300884956,6.37809278350515,6.25041039671683,55
"59",2013,4,5.875,16,6.5,4,6,3,6.06666666666667,12,4,2,1,15,941,644,297,115,195,746,6.27035069075452,6.54037267080745,5.68484848484848,5.74434782608696,6.36076923076923,6.24671581769437,56
"60",2013,5,5.58333333333333,12,6.1875,4.375,4.375,4.375,6.1875,8,4,4,4,8,953,652,301,119,199,754,6.26169989506821,6.53604294478528,5.66744186046512,5.69831932773109,6.32085427135678,6.2460875331565,57
"61",2013,6,6.11052631578947,19,6.36428571428571,5.4,6,NA,6.11052631578947,14,5,2,0,19,972,666,306,121,199,773,6.25874485596708,6.53243243243243,5.66307189542484,5.70330578512397,6.32085427135678,6.24275549805951,58
"62",2013,7,6.45454545454545,11,6.625,6,7,8,6.3,8,3,1,1,10,983,674,309,122,200,783,6.26093591047813,6.53353115727003,5.6663430420712,5.71393442622951,6.32925,6.24348659003831,59
"63",2013,8,5.77352941176471,17,6.01363636363636,5.33333333333333,5.5,7.25,5.68125,11,6,2,1,16,1000,685,315,124,201,799,6.25265,6.52518248175182,5.66,5.71048387096774,6.33383084577114,6.23222778473091,60
"64",2013,9,5.42857142857143,21,6.16666666666667,4.44444444444444,4.33333333333333,3.8,5.9375,12,9,6,5,16,1021,697,324,130,206,815,6.23570029382958,6.51901004304161,5.62623456790123,5.64692307692308,6.27233009708738,6.22644171779141,61
"65",2013,10,5.795,20,6.28333333333333,5.0625,4.75,6.2,5.66,12,8,4,5,15,1041,709,332,134,211,830,6.22723342939481,6.51502115655853,5.61265060240964,5.62014925373134,6.27061611374407,6.21620481927711,62
"66",2013,11,6.1,14,6.54444444444444,5.3,5.5,5.5,6.34,9,5,2,4,10,1055,718,337,136,215,840,6.22554502369668,6.51538997214484,5.6080118694362,5.61838235294118,6.25627906976744,6.21767857142857,63
"67",2013,12,5.75714285714286,21,5.81764705882353,5.5,6,5.3,5.86470588235294,17,4,1,4,17,1076,735,341,137,219,857,6.21640334572491,6.49925170068027,5.60674486803519,5.62116788321168,6.23881278538813,6.21067677946324,64
"68",2014,1,5.98548387096774,31,6.23269230769231,4.7,5.375,6.35,5.94642857142857,26,5,4,3,28,1107,761,346,141,222,885,6.20993676603433,6.49014454664914,5.59364161849711,5.61418439716312,6.24031531531531,6.20231638418079,65
"69",2014,2,6.07222222222222,27,6.078125,6.06363636363636,5.475,5.6625,6.14347826086957,16,11,4,4,23,1134,777,357,145,226,908,6.20665784832451,6.48166023166023,5.60812324929972,5.61034482758621,6.23008849557522,6.20082599118943,66
"70",2014,3,6.26,20,6.33571428571429,6.08333333333333,5.9,5,6.48235294117647,14,6,5,3,17,1154,791,363,150,229,925,6.20758232235702,6.47907711757269,5.61597796143251,5.62,6.21397379912664,6.206,67
"71",2014,4,5.92307692307692,13,6.47142857142857,5.28333333333333,5.675,3,6.16666666666667,7,6,4,1,12,1167,798,369,154,230,937,6.20441302485004,6.47901002506265,5.61056910569105,5.62142857142857,6.2,6.20549626467449,68
"72",2014,5,6.52272727272727,22,6.66666666666667,5.875,7,6.5,6.525,18,4,1,2,20,1189,816,373,155,232,957,6.21030277544155,6.48314950980392,5.61340482573726,5.63032258064516,6.20258620689655,6.21217345872518,69
"73",2014,6,5.56666666666667,21,5.68461538461538,5.375,5.75,6,5.49444444444444,13,8,4,3,18,1210,829,381,159,235,975,6.19913223140496,6.47062726176116,5.60839895013123,5.63333333333333,6.2,6.19892307692307,70
"74",2014,7,6.35714285714286,14,6.81818181818182,4.66666666666667,7.5,7,6.25,11,3,2,2,12,1224,840,384,161,237,987,6.20093954248366,6.47517857142857,5.60104166666666,5.65652173913044,6.20675105485232,6.19954407294833,71
"75",2014,8,5.695,20,6.47777777777778,5.05454545454545,4.9,5.6,5.71176470588235,9,11,4,3,17,1244,849,395,165,240,1004,6.19280546623794,6.47520612485277,5.58582278481012,5.63818181818182,6.19916666666667,6.19128486055777,72
"76",2014,9,5.34375,16,6.05,4.16666666666667,5.5,1,5.63333333333333,10,6,2,1,15,1260,859,401,167,241,1019,6.18202380952381,6.47025611175786,5.5645885286783,5.63652694610779,6.17759336099585,6.18307163886163,73
"77",2014,10,5.8,20,6.46153846153846,4.57142857142857,2,6,5.78947368421053,13,7,1,1,19,1280,872,408,168,242,1038,6.1760546875,6.47012614678899,5.54754901960784,5.61488095238095,6.17685950413223,6.17586705202312,74
"78",2014,11,6,14,6.08333333333333,5.5,NA,3,6.23076923076923,12,2,0,1,13,1294,884,410,168,243,1051,6.17414992272025,6.46487556561086,5.54731707317073,5.61488095238095,6.16378600823045,6.17654614652712,75
"79",2014,12,6.21875,16,6.68181818181818,5.2,4.33333333333333,NA,6.21875,11,5,3,0,16,1310,895,415,171,243,1067,6.17469465648855,6.46754189944134,5.54313253012048,5.59239766081871,6.16378600823045,6.17717900656045,76
"80",2015,1,5.52380952380952,21,5.64285714285714,5.28571428571429,6,6,5.5,14,7,3,1,20,1331,909,422,174,244,1087,6.16442524417731,6.4548404840484,5.5388625592417,5.59942528735632,6.16311475409836,6.16471941122355,77
"81",2015,2,5.59545454545455,22,5.8,4.9,4.5,5.75,5.56111111111111,17,5,4,4,18,1353,926,427,178,248,1105,6.15517368810052,6.44281857451404,5.53138173302108,5.5747191011236,6.15645161290322,6.15488687782805,78
"82",2015,3,5.97894736842105,19,6.09411764705882,5,5,6.16666666666667,5.94375,17,2,1,3,16,1372,943,429,179,251,1121,6.1527332361516,6.4365323435843,5.52890442890443,5.57150837988827,6.15657370517928,6.15187332738626,79
"83",2015,4,5.64,15,5.675,5.5,NA,6.66666666666667,5.38333333333333,12,3,0,3,12,1387,955,432,179,254,1133,6.14718817591925,6.42696335078534,5.5287037037037,5.57150837988827,6.16259842519685,6.14373345101501,80
"84",2015,5,5.77941176470588,17,6.23214285714286,3.66666666666667,3,NA,5.77941176470588,14,3,1,0,17,1404,969,435,180,254,1150,6.14273504273504,6.42414860681114,5.51586206896552,5.55722222222222,6.16259842519685,6.13834782608696,81
"85",2015,6,6.16666666666667,9,6.0625,7,7,3.75,6.85714285714286,8,1,1,2,7,1413,977,436,181,256,1157,6.14288747346072,6.42118730808598,5.51926605504587,5.56519337016575,6.14375,6.14269662921348,82
"86",2015,7,6.21052631578947,19,6.57692307692308,5.41666666666667,5.125,7.5,5.86666666666667,13,6,4,4,15,1432,990,442,185,260,1172,6.14378491620112,6.42323232323232,5.51787330316742,5.55567567567568,6.16461538461538,6.1391638225256,83
"87",2015,8,6.0047619047619,21,6.54,4.66666666666667,NA,5,6.24117647058824,15,6,0,4,17,1453,1005,448,185,264,1189,6.1417756366139,6.42497512437811,5.50647321428571,5.55567567567568,6.1469696969697,6.14062237174096,84
"88",2015,9,5.78571428571429,14,6.05555555555556,5.3,5.5,7,5.69230769230769,9,5,2,1,13,1467,1014,453,187,265,1202,6.13837764144513,6.42169625246548,5.50419426048565,5.55508021390374,6.15018867924528,6.13577371048253,85
"89",2015,10,5.65,20,5.89285714285714,5.08333333333333,5.5,6,5.58823529411765,14,6,2,3,17,1487,1028,459,189,268,1219,6.13180901143241,6.41449416342412,5.49869281045751,5.55449735449736,6.14850746268657,6.12813781788351,86
"90",2015,11,5.20588235294118,17,5.2,5.25,NA,5.5,5.1875,15,2,0,1,16,1504,1043,461,189,269,1235,6.12134308510638,6.39702780441035,5.49761388286334,5.55449735449736,6.14609665427509,6.11595141700405,87
"91",2015,12,5.64074074074074,27,5.91904761904762,4.66666666666667,4.33333333333333,5.5,5.652,21,6,3,2,25,1531,1064,467,192,271,1260,6.11286740692358,6.38759398496241,5.48693790149893,5.53541666666667,6.14132841328413,6.10674603174603,88
"92",2016,1,5.838,25,6,5.19,4.31666666666667,6.5,5.81041666666667,20,5,3,1,24,1556,1084,472,195,272,1284,6.10845115681234,6.38044280442804,5.48379237288135,5.51666666666667,6.14264705882353,6.10120716510903,89
"93",2016,2,6.09285714285714,14,6.22727272727273,5.6,5.6,7.16666666666667,5.8,11,3,3,3,11,1570,1095,475,198,275,1295,6.10831210191083,6.37890410958904,5.48452631578947,5.51792929292929,6.15381818181818,6.09864864864865,90
"94",2016,3,5.40666666666667,15,5.5,5.26666666666667,6,NA,5.40666666666667,9,6,2,0,15,1585,1104,481,200,275,1310,6.10167192429022,6.37173913043478,5.48180873180873,5.52275,6.15381818181818,6.0907251908397,91
"95",2016,4,6.25,16,6.4,4,NA,NA,6.25,15,1,0,0,16,1601,1119,482,200,275,1326,6.10315427857589,6.37211796246649,5.47873443983402,5.52275,6.15381818181818,6.09264705882353,92
"96",2016,5,6.1304347826087,23,6.3,5,4,8,5.95238095238095,20,3,1,2,21,1624,1139,485,201,277,1347,6.10354064039409,6.37085162423178,5.47577319587629,5.51517412935323,6.16714801444043,6.09046028210839,93
"97",2016,6,5.8025,20,6.31333333333333,4.27,3.33333333333333,6.35,5.74166666666667,15,5,3,2,18,1644,1154,490,204,279,1365,6.09987834549878,6.37010398613518,5.4634693877551,5.48308823529412,6.16845878136201,6.08586080586081,94
"98",2016,7,5.5,19,6.42307692307692,3.5,5,5.66666666666667,5.46875,13,6,1,3,16,1663,1167,496,205,282,1381,6.09302465423933,6.3706940874036,5.43971774193548,5.48073170731707,6.16312056737589,6.07871107892831,95
"99",2016,8,5.85714285714286,21,6.0625,5.2,5.2,4.66666666666667,6.05555555555556,16,5,5,3,18,1684,1183,501,210,285,1399,6.09008313539192,6.3665257819104,5.4373253493014,5.47404761904762,6.14736842105263,6.07841315225161,96
"100",2016,9,5.53809523809524,21,5.57272727272727,5.5,4.25,NA,5.53809523809524,11,10,4,0,21,1705,1194,511,214,285,1420,6.083284457478,6.35921273031826,5.4385518590998,5.45116822429907,6.14736842105263,6.07042253521127,97
"101",2016,10,5.60714285714286,28,5.975,4.6875,4.66666666666667,5.7,5.58695652173913,20,8,3,5,23,1733,1214,519,217,290,1443,6.07559145989613,6.35288303130148,5.42697495183044,5.44032258064516,6.13965517241379,6.06271656271656,98
"102",2016,11,5.80714285714286,28,6.2421052631579,4.88888888888889,4.75,6,5.8,19,9,4,1,27,1761,1233,528,221,291,1470,6.07132311186826,6.35117599351176,5.41780303030303,5.42782805429864,6.13917525773196,6.05789115646259,99
"103",2016,12,5.75,23,6.01388888888889,4.8,5.66666666666667,5,5.78409090909091,18,5,3,1,22,1784,1251,533,224,292,1492,6.06718049327354,6.34632294164668,5.41200750469043,5.43102678571429,6.13527397260274,6.05385388739947,100
"104",2017,1,5.91860465116279,43,5.91071428571429,5.93333333333333,5.4,6.5,5.85897435897436,28,15,5,4,39,1827,1279,548,229,296,1531,6.06368363437329,6.33678655199374,5.42627737226277,5.43034934497817,6.1402027027027,6.04888961463096,101
"105",2017,2,5.775,20,5.9,5.4,6.25,5.66666666666667,5.79411764705882,15,5,4,3,17,1847,1294,553,233,299,1548,6.06055766107201,6.33172333848532,5.42603978300181,5.44442060085837,6.13545150501672,6.04609173126615,102
"106",2017,3,5.75333333333333,30,5.87391304347826,5.35714285714286,5,5.12,5.88,23,7,3,5,25,1877,1317,560,236,304,1573,6.05564730953649,6.32372817008352,5.42517857142857,5.43877118644068,6.11875,6.04345200254291,103
"107",2017,4,5.31578947368421,19,6.27272727272727,4,4.2,2,5.5,11,8,5,1,18,1896,1328,568,241,305,1591,6.04823312236287,6.32330572289157,5.40510563380282,5.41307053941909,6.10524590163934,6.03730358265242,104
"108",2017,5,6.18,15,6.42727272727273,5.5,5.5,5.6,6.26923076923077,11,4,2,2,13,1911,1339,572,243,307,1604,6.0492673992674,6.32415982076176,5.40576923076923,5.41378600823045,6.10195439739414,6.03918329177058,105
"109",2017,6,5.575,16,5.7125,5.4375,5.5,5,5.61333333333333,8,8,5,1,15,1927,1347,580,248,308,1619,6.04532952776336,6.32052709725316,5.40620689655172,5.41552419354839,6.09837662337662,6.0352378011118,106
"110",2017,7,5.30588235294118,17,5.48,4,4,3.6,5.53333333333333,15,2,2,2,15,1944,1362,582,250,310,1634,6.03886316872428,6.31127019089574,5.40137457044673,5.4042,6.08225806451613,6.03063035495716,107
"111",2017,8,5.8875,24,5.93333333333333,5.75,5.375,4.5,6.01363636363636,18,6,4,2,22,1968,1380,588,254,312,1656,6.03701727642276,6.30634057971015,5.40493197278912,5.40374015748032,6.07211538461538,6.03040458937198,108
"112",2017,9,5.90476190476191,21,6.3125,4.6,5,7,5.85,16,5,2,1,20,1989,1396,593,256,313,1676,6.03562091503268,6.3064111747851,5.39814502529511,5.4005859375,6.07507987220447,6.02825178997614,109
"113",2017,10,6.08823529411765,17,6.03333333333333,6.5,6,NA,6.08823529411765,15,2,1,0,17,2006,1411,595,257,313,1693,6.0360667996012,6.30350815024805,5.4018487394958,5.40291828793774,6.07507987220447,6.02885410513881,110
"114",2017,11,6.25227272727273,22,6.33823529411765,5.96,5.96,6.00714285714286,6.36666666666667,17,5,5,7,15,2028,1428,600,262,320,1708,6.03841222879684,6.30392156862745,5.4065,5.41354961832061,6.07359375,6.03182084309134,111
"115",2017,12,5.55769230769231,26,6.38235294117647,4,3,4,5.84090909090909,17,9,2,4,22,2054,1445,609,264,324,1730,6.03232716650438,6.30484429065744,5.38571428571429,5.39526515151515,6.04799382716049,6.02939306358382,112
"116",2018,1,5.36428571428571,35,5.47115384615385,5.05555555555556,5.5,4,5.64655172413793,26,9,2,6,29,2089,1471,618,266,330,1759,6.02113451412159,6.29010876954453,5.38090614886731,5.39605263157895,6.01075757575757,6.02308129619102,113
"117",2018,2,5.95,26,6.3,5,5,7,5.908,19,7,1,1,25,2115,1490,625,267,331,1784,6.02026004728132,6.29023489932886,5.37664,5.39456928838951,6.01374622356495,6.02146860986547,114
"118",2018,3,6.05391304347826,23,6.27578947368421,5,NA,5.25,6.13047619047619,19,4,0,2,21,2138,1509,629,267,333,1805,6.0206220767072,6.29005301524188,5.37424483306836,5.39456928838951,6.00915915915916,6.02273684210526,115
"119",2018,4,6.17857142857143,14,6.38888888888889,5.8,5,6,6.20833333333333,9,5,2,2,12,2152,1518,634,269,335,1817,6.02164962825279,6.29063899868248,5.37760252365931,5.39163568773234,6.00910447761194,6.02396257567419,116
"120",2018,5,5.57368421052632,19,6.06923076923077,4.5,5,NA,5.57368421052632,13,6,1,0,19,2171,1531,640,270,335,1836,6.01772915707047,6.28875898105813,5.369375,5.39018518518519,6.00910447761194,6.01930283224401,117
"121",2018,6,5.92941176470588,17,5.59285714285714,7.5,6,3,6.1125,14,3,1,1,16,2188,1545,643,271,336,1852,6.01704296160877,6.28245307443366,5.37931570762053,5.39243542435425,6.00014880952381,6.02010799136069,118
"122",2018,7,6.18181818181818,11,6,6.66666666666667,5,7,6.1,8,3,1,1,10,2199,1553,646,272,337,1862,6.01786721236926,6.28099806825499,5.38529411764706,5.39099264705883,6.00311572700297,6.02053705692804,119
"123",2018,8,6.08412714285714,21,6.04509823529412,6.25,8,5.5,6.14561421052632,17,4,1,2,19,2220,1570,650,273,339,1881,6.0184939954955,6.2784437388535,5.39061538461538,5.40054945054945,6.00014749262537,6.02180046251994,120
"124",2018,9,5.44545454545455,11,5.65,5.2,6,NA,5.44545454545455,6,5,2,0,11,2231,1576,655,275,339,1892,6.01566861048857,6.27605118654822,5.38916030534351,5.40490909090909,6.00014749262537,6.01844961416491,121
"125",2018,10,5.73333333333333,15,6.6,4,4.5,7,5.53846153846154,10,5,2,2,13,2246,1586,660,277,341,1905,6.01378302315227,6.27809373896595,5.37863636363636,5.39837545126354,6.00601173020528,6.01517410498688,122
"126",2018,11,6.2,18,6.25714285714286,6,5,5.25,6.31875,14,4,2,2,16,2264,1600,664,279,343,1921,6.01526354681979,6.27791041875,5.38237951807229,5.39551971326165,6.00160349854227,6.01770258719417,123
"127",2018,12,6.02190476190476,21,6.01764705882353,6.04,5,7.65,5.85052631578947,17,4,2,2,19,2285,1617,668,281,345,1940,6.01532458205689,6.27517419294991,5.38631736526946,5.39270462633452,6.01115942028985,6.01606529381443,124
"128",2019,1,5.93614026315789,38,6.39901222222222,4.8,4.13333333333333,5,6.04627441176471,27,11,6,4,34,2323,1644,679,287,349,1974,6.01402927249247,6.27720802919708,5.37681885125184,5.36637630662021,5.99957020057306,6.01658561296859,125
"129",2019,2,5.69230769230769,26,5.675,5.75,5,7.5,5.62,20,6,2,1,25,2349,1664,685,289,350,1999,6.01046828437633,6.26996995192308,5.38008759124088,5.36384083044983,6.00385714285714,6.01162581290645,126
"130",2019,3,5.38095238095238,21,5.54545454545455,5.2,5.33333333333333,5.5,5.36842105263158,11,10,3,2,19,2370,1675,695,292,352,2018,6.00489029535865,6.26521194029851,5.3774964028777,5.36352739726028,6.00099431818182,6.00556987115956,127
"131",2019,4,5.85294117647059,17,6.11538461538461,5,5,NA,5.85294117647059,13,4,2,0,17,2387,1688,699,294,352,2035,6.00380812735651,6.26405805687204,5.37533619456366,5.36105442176871,6.00099431818182,6.00429484029484,128
"132",2019,5,6.28347826086957,23,6.176,7,6,6,6.29636363636364,20,3,1,1,22,2410,1708,702,295,353,2057,6.00647717842324,6.26302693208431,5.3822792022792,5.36322033898305,6.00099150141643,6.00741857073408,129
"133",2019,6,5.78076923076923,26,6.04,4.91666666666667,4.75,5.825,5.77272727272727,20,6,4,4,22,2436,1728,708,299,357,2079,6.00406814449918,6.26044560185185,5.37833333333333,5.35501672240803,5.99901960784314,6.00493506493507,130
"134",2019,7,6.24869565217391,23,6.39529411764706,5.83333333333333,6.83333333333333,4,6.46285714285714,17,6,3,2,21,2459,1745,714,302,359,2100,6.00635624237495,6.26175931232092,5.3821568627451,5.36970198675497,5.98788300835654,6.00951428571429,131
"135",2019,8,5.90238095238095,21,6.16388888888889,4.33333333333333,6,NA,5.90238095238095,18,3,2,0,21,2480,1763,717,304,359,2121,6.00547580645161,6.2607600680658,5.37776847977685,5.37384868421053,5.98788300835654,6.00845355964168,132
"136",2019,9,6.49238095238095,21,6.78933333333333,5.75,7,6.33333333333333,6.51888888888889,15,6,2,3,18,2501,1778,723,306,362,2139,6.00956417433027,6.26521934758155,5.38085753803596,5.38447712418301,5.99074585635359,6.01274894810659,133
"137",2019,10,6.36842105263158,19,6.6,5.5,NA,6.66666666666667,6.3125,15,4,0,3,16,2520,1793,727,306,365,2155,6.01226984126984,6.26802007808143,5.38151306740027,5.38447712418301,5.99630136986301,6.01497447795824,134
"138",2019,11,5.88636363636364,22,6.08823529411765,5.2,5.125,5.6,5.97058823529412,17,5,4,5,17,2542,1810,732,310,370,2172,6.01118017309205,6.26633149171271,5.38027322404371,5.38112903225807,5.99094594594594,6.01462707182321,135
"139",2019,12,5.48,25,5.89473684210526,4.16666666666667,4,5.6,5.45,19,6,3,5,20,2567,1829,738,313,375,2192,6.00600701207635,6.26247129579005,5.37040650406504,5.36789137380192,5.98573333333333,6.0094753649635,136
"140",2020,1,5.89756097560976,41,6.20689655172414,5.15,5.76,5.75,5.91351351351351,29,12,5,4,37,2608,1858,750,318,379,2229,6.00430214723926,6.26160387513455,5.36688,5.37405660377359,5.98324538258575,6.00788245850157,137
"141",2020,2,6.11176470588235,17,6.54166666666667,5.08,4,5,6.26,12,5,1,2,15,2625,1870,755,319,381,2244,6.00499809523809,6.26340106951872,5.36498013245033,5.36974921630094,5.97808398950131,6.00956773618538,138
"142",2020,3,6.06666666666667,15,6.16666666666667,5.66666666666667,6,6.25,6.03846153846154,12,3,1,2,13,2640,1882,758,320,383,2257,6.00534848484848,6.26278427205101,5.36617414248021,5.37171875,5.97950391644908,6.0097341603899,139
"143",2020,4,6,21,6,6,NA,5.625,6.08823529411765,18,3,0,4,17,2661,1900,761,320,387,2274,6.00530627583615,6.26029473684211,5.36867279894875,5.37171875,5.97583979328165,6.01032102022867,140
"144",2020,5,5.47368421052632,19,5.42857142857143,5.6,6,5.5,5.47058823529412,14,5,1,2,17,2680,1914,766,321,389,2291,6.00153731343283,6.25421107628004,5.37018276762402,5.37367601246106,5.97339331619537,6.00631601920559,141
"145",2020,6,6.11111111111111,18,6.375,4,4,4,6.23529411764706,16,2,2,1,17,2698,1930,768,323,390,2308,6.00226834692365,6.25521243523316,5.36661458333333,5.36517027863777,5.96833333333333,6.00800259965338,142
"146",2020,7,5.38888888888889,18,5.76923076923077,4.4,5.33333333333333,4,5.5625,13,5,3,2,16,2716,1943,773,326,392,2324,5.99820324005891,6.25196088522903,5.36036222509702,5.3648773006135,5.95829081632653,6.00493545611016,143
"147",2020,8,5.72555541666667,24,5.65333315789474,6,4,7.5,5.56424227272727,19,5,1,2,22,2740,1962,778,327,394,2346,5.9958150839416,6.24616377675841,5.36447300771208,5.36070336391437,5.96611675126903,6.00080278346121,144
"148",2020,9,5.324,15,5.86333333333333,3.16666666666667,4,NA,5.324,12,3,1,0,15,2755,1974,781,328,394,2361,5.99215728856624,6.24383654002026,5.35603072983355,5.35655487804878,5.96611675126903,5.99650289284202,145
"149",2020,10,6.41176470588235,17,7,5.57142857142857,3,6,6.4375,10,7,1,1,16,2772,1984,788,329,395,2377,5.99473063852814,6.24764784778226,5.35794416243655,5.34939209726444,5.96620253164557,5.99947132099285,146
"150",2020,11,5.76547,39,5.90177766666667,5.31111111111111,5.38,4.5,5.87092583333333,30,9,5,3,36,2811,2014,797,334,398,2413,5.99154986125934,6.24249585898709,5.35741530740276,5.3498502994012,5.95515075376884,5.99755352673021,147
"151",2020,12,6.13541666666667,24,6.28333333333333,5.88888888888889,5.25,7,6.09782608695652,15,9,4,1,23,2835,2029,806,338,399,2436,5.99276778130511,6.24279776244455,5.36334987593052,5.34866863905326,5.9577694235589,5.99850027093596,148
"152",2021,1,5.93011482758621,29,5.92493814814815,6,6,NA,5.93011482758621,27,2,2,0,29,2864,2056,808,340,399,2465,5.99213337639665,6.23862353599222,5.36492574257426,5.3525,5.9577694235589,5.99769573630832,149
"153",2021,2,6.61074074074074,27,6.60826086956522,6.625,7.25,6,6.6596,23,4,2,2,25,2891,2079,812,342,401,2490,5.99791075406434,6.24271283790284,5.37113300492611,5.36359649122807,5.95798004987531,6.00434136144578,150
"154",2021,3,6.5,16,6.53846153846154,6.33333333333333,6.33333333333333,6,6.53333333333333,13,3,3,1,15,2907,2092,815,345,402,2505,6.00067423116615,6.24455066443595,5.37467484662577,5.37202898550725,5.95808457711443,6.00750897804391,151
"155",2021,4,5.88888888888889,18,6.92307692307692,3.2,5,7.5,5.79411764705882,13,5,2,1,17,2925,2105,820,347,403,2522,5.99998632136752,6.24874108788599,5.36141463414634,5.36988472622479,5.96191066997519,6.00607057494052,152
"156",2021,5,5.90909090909091,11,6.22222222222222,4.5,3,6.25,5.83333333333333,9,2,1,2,9,2936,2114,822,348,405,2531,5.99964577316076,6.24862818826869,5.35931873479319,5.36307471264368,5.96333333333333,6.00545633741604,153
"157",2021,6,6,10,5.85714285714286,6.33333333333333,NA,5,6.11111111111111,7,3,0,1,9,2946,2121,825,348,406,2540,5.99964697556008,6.24733615747289,5.36286060606061,5.36307471264368,5.960960591133,6.00583070472441,154
"158",2021,7,6.30555555555556,18,6.82142857142857,4.5,5,NA,6.30555555555556,14,4,1,0,18,2964,2135,829,349,406,2558,6.00150471997301,6.25110069789227,5.35869722557298,5.36203438395416,5.960960591133,6.00793979280688,155
"159",2021,8,6.17625,16,5.75538461538462,8,NA,4.5,6.41571428571429,13,3,0,2,14,2980,2148,832,349,408,2572,6.00244294966443,6.24810055400373,5.36822115384615,5.36203438395416,5.95379901960784,6.01015940513219,156
"160",2021,9,5.5,17,5.75,4.9,4.75,5.25,5.53333333333333,12,5,2,2,15,2997,2160,837,351,410,2587,5.99959292292292,6.2453333287037,5.36542413381123,5.35854700854701,5.95036585365854,6.00739466177039,157
"161",2021,10,5.1875,16,6,3.83333333333333,5.33333333333333,5,5.2,10,6,3,1,15,3013,2170,843,354,411,2602,5.99528044805841,6.24420276036866,5.35451957295374,5.35833333333334,5.94805352798053,6.00274019600307,158
"162",2021,11,5.55545454545455,22,5.84555555555556,4.25,3,3,5.811,18,4,1,2,20,3035,2188,847,355,413,2622,5.99209225370675,6.24092321297989,5.34930342384888,5.35169014084507,5.93377723970944,6.00127764683448,159
"163",2021,12,5.45357142857143,28,5.35,5.83333333333333,4,4.66666666666667,5.548,22,6,2,3,25,3063,2210,853,357,416,2647,5.98716943845903,6.23205429411765,5.3527080890973,5.34411764705882,5.92463942307692,5.99699659614658,160
"164",2022,1,6.0075,40,6.3375,4.6875,4.33333333333333,5.76666666666667,6.02702702702703,32,8,3,3,37,3103,2242,861,360,419,2684,5.98743151466323,6.2335593175736,5.34652729384437,5.33569444444445,5.92350835322196,5.99741057749627,161
"165",2022,2,5.94230769230769,26,6.25,4.25,4,8,5.86,22,4,2,1,25,3129,2264,865,362,420,2709,5.98705656439757,6.23371907685512,5.34145664739884,5.32831491712707,5.92845238095238,5.99614248431155,162
"166",2022,3,5.875,16,5.91666666666667,5.75,5,NA,5.875,12,4,1,0,16,3145,2276,869,363,420,2725,5.98648648330684,6.23204744727592,5.34333716915995,5.32741046831956,5.92845238095238,5.99543118899082,163
"167",2022,4,6.06666666666667,15,6,7,NA,5.5,6.15384615384615,14,1,0,2,13,3160,2290,870,363,422,2738,5.98686708544304,6.23062881659389,5.34524137931034,5.32741046831956,5.92642180094787,5.99618334185537,164
"168",2022,5,5.53333333333333,15,6.45454545454545,3,3.5,NA,5.53333333333333,11,4,2,0,15,3175,2301,874,365,422,2753,5.98472440629921,6.23169925684485,5.33450800915332,5.31739726027397,5.92642180094787,5.99366145659281,165
"169",2022,6,6.03125,16,6.11538461538461,5.66666666666667,NA,5.3,6.08,13,3,0,1,15,3191,2314,877,365,423,2768,5.98495769037919,6.23104580380294,5.33564424173318,5.31739726027397,5.92494089834515,5.9941293316474,166
"170",2022,7,5.69583333333333,24,5.73684210526316,5.54,5.5,6,5.68260869565217,19,5,1,1,23,3215,2333,882,366,424,2791,5.9827993748056,6.2270209987141,5.33680272108843,5.31789617486339,5.9251179245283,5.99156216051594,167
"171",2022,8,6.27272727272727,11,6.78571428571429,5.375,6,NA,6.27272727272727,7,4,1,0,11,3226,2340,886,367,424,2802,5.98378796962182,6.22869230341881,5.33697516930023,5.31975476839237,5.9251179245283,5.99266594932191,168
"172",2022,9,5.56588142857143,14,5.910195,3.5,3.5,5.27633333333333,5.64484909090909,12,2,2,3,11,3240,2352,888,369,427,2813,5.98198220061728,6.22706731717687,5.33283783783784,5.30989159891599,5.92055971896956,5.99130584073942,169
"173",2022,10,6.41176470588235,17,6.41176470588235,NA,NA,NA,6.41176470588235,17,0,0,0,17,3257,2369,888,369,427,2830,5.98422546208167,6.22839271000422,5.33283783783784,5.30989159891599,5.92055971896956,5.99383156537102,170
"174",2022,11,6.0475,24,6.61888888888889,4.33333333333333,4.33333333333333,10,5.87565217391304,18,6,6,1,23,3281,2387,894,375,428,2853,5.9846883053947,6.23133738165061,5.32612975391499,5.29426666666667,5.93009112149533,5.99287883981774,171
"175",2022,12,5.6,29,5.80833333333333,4.6,4.5,5.75,5.576,24,5,2,4,25,3310,2411,899,377,432,2878,5.9813179244713,6.22712664039818,5.32209121245829,5.29005305039788,5.92842361111111,5.98925758512856,172
