"","year","month","avg_rating","no_ratings","avg_rating_owned","avg_rating_not_owned","avg_rating_prev_owned","avg_rating_comment","avg_rating_no_comment","no_ratings_owned","no_ratings_not_owned","no_ratings_prev_owned","no_ratings_comment","no_ratings_no_comment","cum_no_ratings","cum_no_ratings_owned","cum_no_ratings_not_owned","cum_no_ratings_prev_owned","cum_no_ratings_comment","cum_no_ratings_no_comment","cum_avg_rating","cum_avg_rating_owned","cum_avg_rating_not_owned","cum_avg_rating_prev_owned","cum_avg_rating_comment","cum_avg_rating_no_comment","month_after_release"
"1",2002,8,5,1,NA,5,NA,NA,5,0,1,0,0,1,1,0,1,0,0,1,5,NA,5,NA,NA,5,0
"2",2002,9,5,2,5,5,NA,5,5,1,1,0,1,1,3,1,2,0,1,2,5,5,5,NA,5,5,1
"3",2002,10,2,2,NA,2,NA,2,NA,0,2,0,2,0,5,1,4,0,3,2,3.8,5,3.5,NA,3,5,2
"4",2002,11,4,1,4,NA,NA,NA,4,1,0,0,0,1,6,2,4,0,3,3,3.83333333333333,4.5,3.5,NA,3,4.66666666666667,3
"5",2003,1,4,3,5,3.5,NA,NA,4,1,2,0,0,3,9,3,6,0,3,6,3.88888888888889,4.66666666666667,3.5,NA,3,4.33333333333333,5
"6",2003,2,5,1,5,NA,NA,5,NA,1,0,0,1,0,10,4,6,0,4,6,4,4.75,3.5,NA,3.5,4.33333333333333,6
"7",2003,3,7,1,7,NA,NA,7,NA,1,0,0,1,0,11,5,6,0,5,6,4.27272727272727,5.2,3.5,NA,4.2,4.33333333333333,7
"8",2003,4,2.73333333333333,3,2.2,3,NA,2.1,4,1,2,0,2,1,14,6,8,0,7,7,3.94285714285714,4.7,3.375,NA,3.6,4.28571428571429,8
"9",2003,6,4,2,NA,4,NA,6,2,0,2,0,1,1,16,6,10,0,8,8,3.95,4.7,3.5,NA,3.9,4,10
"10",2003,7,3.75,16,5,3.57142857142857,5,4.2,3.54545454545455,2,14,1,5,11,32,8,24,1,13,19,3.85,4.775,3.54166666666667,5,4.01538461538462,3.73684210526316,11
"11",2003,8,4.85714285714286,7,5.66666666666667,4.25,NA,4,5,3,4,0,1,6,39,11,28,1,14,25,4.03076923076923,5.01818181818182,3.64285714285714,5,4.01428571428571,4.04,12
"12",2003,9,4.16666666666667,3,3,4.75,NA,6.5,3,1,2,0,1,2,42,12,30,1,15,27,4.04047619047619,4.85,3.71666666666667,5,4.18,3.96296296296296,13
"13",2003,10,3.66666666666667,3,NA,3.66666666666667,NA,3.5,4,0,3,0,2,1,45,12,33,1,17,28,4.01555555555556,4.85,3.71212121212121,5,4.1,3.96428571428571,14
"14",2003,11,4.25,4,5.5,3,2,4.5,4,2,2,1,2,2,49,14,35,2,19,30,4.03469387755102,4.94285714285714,3.67142857142857,3.5,4.1421052631579,3.96666666666667,15
"15",2003,12,2,4,NA,2,NA,1,2.33333333333333,0,4,0,1,3,53,14,39,2,20,33,3.8811320754717,4.94285714285714,3.5,3.5,3.985,3.81818181818182,16
"16",2004,1,3.14285714285714,7,4,2.8,NA,2,4,2,5,0,3,4,60,16,44,2,23,37,3.795,4.825,3.42045454545455,3.5,3.72608695652174,3.83783783783784,17
"17",2004,2,4,2,NA,4,NA,NA,4,0,2,0,0,2,62,16,46,2,23,39,3.80161290322581,4.825,3.44565217391304,3.5,3.72608695652174,3.84615384615385,18
"18",2004,3,4.5,4,5,4,NA,NA,4.5,2,2,0,0,4,66,18,48,2,23,43,3.84393939393939,4.84444444444444,3.46875,3.5,3.72608695652174,3.90697674418605,19
"19",2004,4,3,2,3,NA,NA,2,4,2,0,0,1,1,68,20,48,2,24,44,3.81911764705882,4.66,3.46875,3.5,3.65416666666667,3.90909090909091,20
"20",2004,5,3,3,NA,3,4,NA,3,0,3,1,0,3,71,20,51,3,24,47,3.78450704225352,4.66,3.44117647058824,3.66666666666667,3.65416666666667,3.85106382978723,21
"21",2004,6,4.625,4,4.5,4.66666666666667,6,6,4.16666666666667,1,3,1,1,3,75,21,54,4,25,50,3.82933333333333,4.65238095238095,3.50925925925926,4.25,3.748,3.87,22
"22",2004,7,5,3,5,5,NA,5,5,1,2,0,1,2,78,22,56,4,26,52,3.87435897435897,4.66818181818182,3.5625,4.25,3.79615384615385,3.91346153846154,23
"23",2004,8,3.33333333333333,3,2,4,NA,4,3,1,2,0,1,2,81,23,58,4,27,54,3.85432098765432,4.55217391304348,3.57758620689655,4.25,3.8037037037037,3.87962962962963,24
"24",2004,9,4.5,2,NA,4.5,NA,4.5,NA,0,2,0,2,0,83,23,60,4,29,54,3.86987951807229,4.55217391304348,3.60833333333333,4.25,3.85172413793103,3.87962962962963,25
"25",2004,10,3.875,4,NA,3.875,NA,2.5,4.33333333333333,0,4,0,1,3,87,23,64,4,30,57,3.87011494252874,4.55217391304348,3.625,4.25,3.80666666666667,3.90350877192982,26
"26",2004,11,4.16666666666667,6,3.66666666666667,4.66666666666667,5,5,3.75,3,3,1,2,4,93,26,67,5,32,61,3.88924731182796,4.45,3.67164179104478,4.4,3.88125,3.89344262295082,27
"27",2004,12,3.8,5,4,3.75,NA,3.8,NA,1,4,0,5,0,98,27,71,5,37,61,3.88469387755102,4.43333333333333,3.67605633802817,4.4,3.87027027027027,3.89344262295082,28
"28",2005,1,3.46153846153846,13,4.25,3.11111111111111,4,3,3.6,4,9,1,3,10,111,31,80,6,40,71,3.83513513513513,4.40967741935484,3.6125,4.33333333333333,3.805,3.85211267605634,29
"29",2005,2,3.22166666666667,6,4,2.44333333333333,NA,3.3325,3,3,3,0,4,2,117,34,83,6,44,73,3.80367521367521,4.37352941176471,3.57024096385542,4.33333333333333,3.76204545454546,3.82876712328767,30
"30",2005,3,2.85714285714286,7,NA,2.85714285714286,NA,3,2.8,0,7,0,2,5,124,34,90,6,46,78,3.75024193548387,4.37352941176471,3.51477777777778,4.33333333333333,3.72891304347826,3.76282051282051,31
"31",2005,4,2,1,NA,2,NA,2,NA,0,1,0,1,0,125,34,91,6,47,78,3.73624,4.37352941176471,3.49813186813187,4.33333333333333,3.69212765957447,3.76282051282051,32
"32",2005,5,3.25,4,4.5,2,NA,4.5,2,2,2,0,2,2,129,36,93,6,49,80,3.72116279069767,4.38055555555556,3.46591397849462,4.33333333333333,3.72510204081633,3.71875,33
"33",2005,6,3,5,3,3,NA,3,3,3,2,0,2,3,134,39,95,6,51,83,3.69425373134328,4.27435897435898,3.45610526315789,4.33333333333333,3.69666666666667,3.69277108433735,34
"34",2005,7,3.16666666666667,6,3.25,3,NA,3.25,3,4,2,0,4,2,140,43,97,6,55,85,3.67164285714286,4.17906976744186,3.44670103092783,4.33333333333333,3.66418181818182,3.67647058823529,35
"35",2005,8,3.44444444444444,9,3.25,3.6,NA,3.33333333333333,3.5,4,5,0,3,6,149,47,102,6,58,91,3.65791946308725,4.1,3.45421568627451,4.33333333333333,3.64706896551724,3.66483516483516,36
"36",2005,9,3.27272727272727,11,4.5,2.8125,3,3.28571428571429,3.25,3,8,1,7,4,160,50,110,7,65,95,3.6314375,4.124,3.40754545454545,4.14285714285714,3.60815384615385,3.64736842105263,37
"37",2005,10,3.75,4,5,3.33333333333333,NA,3,4.5,1,3,0,2,2,164,51,113,7,67,97,3.63432926829268,4.14117647058824,3.40557522123894,4.14285714285714,3.59,3.66494845360825,38
"38",2005,11,3,7,3.33333333333333,2.75,NA,4,2.6,3,4,0,2,5,171,54,117,7,69,102,3.60836257309942,4.0962962962963,3.38316239316239,4.14285714285714,3.60188405797101,3.61274509803922,39
"39",2005,12,4.05,10,4.25,3.91666666666667,NA,3.9,4.2,4,6,0,5,5,181,58,123,7,74,107,3.63276243093923,4.10689655172414,3.40918699186992,4.14285714285714,3.62202702702703,3.64018691588785,40
"40",2006,1,4.375,16,4.59090909090909,3.9,3,4.57142857142857,4.22222222222222,11,5,2,7,9,197,69,128,9,81,116,3.69304568527919,4.18405797101449,3.428359375,3.88888888888889,3.70407407407407,3.68534482758621,41
"41",2006,2,5.05555555555556,9,5.75,4.85714285714286,NA,5.375,4.8,2,7,0,4,5,206,71,135,9,85,121,3.75257281553398,4.22816901408451,3.50244444444444,3.88888888888889,3.78270588235294,3.73140495867769,42
"42",2006,3,3.90625,8,3.60714285714286,6,NA,6.25,3.57142857142857,7,1,0,1,7,214,78,136,9,86,128,3.75831775700935,4.1724358974359,3.52080882352941,3.88888888888889,3.81139534883721,3.72265625,43
"43",2006,4,4,10,4.16666666666667,3.75,NA,4,4,6,4,0,1,9,224,84,140,9,87,137,3.76910714285714,4.17202380952381,3.52735714285714,3.88888888888889,3.8135632183908,3.74087591240876,44
"44",2006,5,3.85714285714286,7,4,3.8,NA,3.75,4,2,5,0,4,3,231,86,145,9,91,140,3.77177489177489,4.16802325581395,3.53675862068965,3.88888888888889,3.81076923076923,3.74642857142857,45
"45",2006,6,5.16666666666667,3,5.16666666666667,NA,NA,NA,5.16666666666667,3,0,0,0,3,234,89,145,9,91,143,3.78965811965812,4.20168539325843,3.53675862068965,3.88888888888889,3.81076923076923,3.77622377622378,46
"46",2006,7,4.83333333333333,6,6,3.66666666666667,NA,4.5,5.5,3,3,0,4,2,240,92,148,9,95,145,3.81575,4.26032608695652,3.53939189189189,3.88888888888889,3.83978947368421,3.8,47
"47",2006,8,3.6375,8,4.275,3,NA,3,4.275,4,4,0,4,4,248,96,152,9,99,149,3.81,4.2609375,3.52519736842105,3.88888888888889,3.80585858585859,3.81275167785235,48
"48",2006,9,4.33333333333333,12,4.66666666666667,4.22222222222222,4,4.4,4.28571428571429,3,9,1,5,7,260,99,161,10,104,156,3.83415384615385,4.27323232323232,3.56416149068323,3.9,3.83442307692308,3.83397435897436,49
"49",2006,10,2.88888888888889,9,3.66666666666667,2.5,NA,3.25,2.6,3,6,0,4,5,269,102,167,10,108,161,3.80252788104089,4.25539215686275,3.52592814371257,3.9,3.81277777777778,3.79565217391304,50
"50",2006,11,4,8,4.75,3.25,NA,3.5,4.5,4,4,0,4,4,277,106,171,10,112,165,3.80823104693141,4.27405660377359,3.51947368421053,3.9,3.80160714285714,3.81272727272727,51
"51",2006,12,3.525,20,4.35,2.7,NA,3.78571428571429,3.38461538461538,10,10,0,7,13,297,116,181,10,119,178,3.78915824915825,4.28060344827586,3.47419889502762,3.9,3.80067226890756,3.7814606741573,52
"52",2007,1,3.92105263157895,19,3.375,4.31818181818182,4.16666666666667,3.64285714285714,4.08333333333333,8,11,3,7,12,316,124,192,13,126,190,3.79708860759494,4.22217741935484,3.52255208333333,3.96153846153846,3.79190476190476,3.80052631578947,53
"53",2007,2,3.81818181818182,11,4.25,3.57142857142857,NA,2.33333333333333,4.375,4,7,0,3,8,327,128,199,13,129,198,3.79779816513761,4.223046875,3.52427135678392,3.96153846153846,3.75798449612403,3.82373737373737,54
"54",2007,3,3.84615384615385,13,3.75,3.88888888888889,4.25,3.5625,4.3,4,9,2,8,5,340,132,208,15,137,203,3.79964705882353,4.20871212121212,3.54004807692308,4,3.74656934306569,3.83546798029557,55
"55",2007,4,4.83333333333333,6,6,4.25,3,6,4.25,2,4,1,2,4,346,134,212,16,139,207,3.81757225433526,4.23544776119403,3.55344339622641,3.9375,3.7789928057554,3.84347826086957,56
"56",2007,5,3.675,20,3.66666666666667,3.67857142857143,3.5,3.66666666666667,3.67857142857143,6,14,2,6,14,366,140,226,18,145,221,3.80978142076503,4.21107142857143,3.56119469026549,3.88888888888889,3.77434482758621,3.83303167420814,57
"57",2007,6,4.3375,8,4.94,3.33333333333333,NA,4.4,4.23333333333333,5,3,0,5,3,374,145,229,18,150,224,3.82106951871658,4.23620689655173,3.5582096069869,3.88888888888889,3.7952,3.83839285714286,58
"58",2007,7,3.61111111111111,9,4.625,2.8,3,3.5,3.7,4,5,1,4,5,383,149,234,19,154,229,3.81613577023499,4.24664429530201,3.54200854700855,3.84210526315789,3.78753246753247,3.8353711790393,59
"59",2007,8,3.66666666666667,9,4,3.25,4.5,3.25,4.5,5,4,2,6,3,392,154,238,21,160,232,3.81270408163265,4.23863636363637,3.53710084033613,3.9047619047619,3.767375,3.84396551724138,60
"60",2007,9,3.6,10,4.2,3,4,3.25,3.83333333333333,5,5,1,4,6,402,159,243,22,164,238,3.80741293532338,4.2374213836478,3.52604938271605,3.90909090909091,3.75475609756098,3.8436974789916,61
"61",2007,10,4,7,5.5,3.4,NA,2.33333333333333,5.25,2,5,0,3,4,409,161,248,22,167,242,3.81070904645477,4.25310559006211,3.52350806451613,3.90909090909091,3.72922155688623,3.86694214876033,62
"62",2007,11,3.5,18,3.66666666666667,3.41666666666667,3,3.75,3.3,6,12,1,8,10,427,167,260,23,175,252,3.7976112412178,4.23203592814371,3.51857692307692,3.8695652173913,3.73017142857143,3.84444444444444,63
"63",2007,12,4.23913043478261,23,5.25,3.46153846153846,3,4.67857142857143,3.55555555555556,10,13,1,14,9,450,177,273,24,189,261,3.82017777777778,4.28954802259887,3.51586080586081,3.83333333333333,3.80042328042328,3.83448275862069,64
"64",2008,1,3.75,20,4.5,3.25,3,3,4,8,12,1,5,15,470,185,285,25,194,276,3.8171914893617,4.29864864864865,3.50466666666667,3.8,3.77979381443299,3.84347826086957,65
"65",2008,2,4.45833333333333,12,4.8,4.21428571428571,3,4.5,4.33333333333333,5,7,1,9,3,482,190,292,26,203,279,3.83315352697095,4.31184210526316,3.52167808219178,3.76923076923077,3.81172413793103,3.84874551971326,66
"66",2008,3,4.11538461538461,13,4.4375,3.6,NA,4,4.125,8,5,0,1,12,495,198,297,26,204,291,3.84056565656566,4.31691919191919,3.52299663299663,3.76923076923077,3.81264705882353,3.86013745704467,67
"67",2008,4,4.3125,8,4.66666666666667,4.1,4,4,4.5,3,5,1,3,5,503,201,302,27,207,296,3.84807157057654,4.32213930348259,3.53254966887417,3.77777777777778,3.81536231884058,3.87094594594595,68
"68",2008,5,4.21875,16,4.16666666666667,4.25,NA,4.25,4.1875,6,10,0,8,8,519,207,312,27,215,304,3.85949903660886,4.31763285024155,3.55554487179487,3.77777777777778,3.83153488372093,3.87927631578947,69
"69",2008,6,4.5,6,5,4.25,NA,4,4.6,2,4,0,1,5,525,209,316,27,216,309,3.86681904761905,4.32416267942584,3.56433544303797,3.77777777777778,3.83231481481481,3.89093851132686,70
"70",2008,7,4.35714285714286,14,4.33333333333333,4.36363636363636,4.66666666666667,4.4,4.33333333333333,3,11,3,5,9,539,212,327,30,221,318,3.8795547309833,4.32429245283019,3.59122324159021,3.86666666666667,3.84515837104072,3.90345911949686,71
"71",2008,8,3.295,10,5,3.10555555555556,4.6,2.73333333333333,3.53571428571429,1,9,2,3,7,549,213,336,32,224,325,3.86890710382514,4.3274647887324,3.57821428571429,3.9125,3.83026785714286,3.89553846153846,72
"72",2008,9,4.125,16,3.9,4.22727272727273,4.21428571428571,4,4.16666666666667,5,11,7,4,12,565,218,347,39,228,337,3.8761592920354,4.31766055045872,3.59878962536023,3.96666666666667,3.83324561403509,3.90519287833828,73
"73",2008,10,3.58333333333333,12,2,3.72727272727273,3.5,3.66666666666667,3.5,1,11,6,6,6,577,219,358,45,234,343,3.87006932409012,4.30707762557078,3.6027374301676,3.90444444444444,3.82897435897436,3.89810495626822,74
"74",2008,11,3.666875,16,3.85714285714286,3.51888888888889,3,4,3.59,7,9,4,3,13,593,226,367,49,237,356,3.864586846543,4.29314159292035,3.60068119891008,3.83061224489796,3.83113924050633,3.88685393258427,75
"75",2008,12,4.53846153846154,13,4.57142857142857,4.5,5,3.75,5.8,7,6,3,8,5,606,233,373,52,245,361,3.87904290429043,4.30150214592275,3.61514745308311,3.89807692307692,3.82848979591837,3.91335180055402,76
"76",2009,1,3.59130434782609,23,4.64285714285714,3.13125,3.57142857142857,3.6,3.58888888888889,7,16,7,5,18,629,240,389,59,250,379,3.86852146263911,4.31145833333333,3.5952442159383,3.8593220338983,3.82392,3.8979419525066,77
"77",2009,2,4.53448275862069,29,4.47857142857143,4.58666666666667,3.4,4.175,4.592,14,15,5,4,25,658,254,404,64,254,404,3.89787234042553,4.32066929133858,3.63205445544554,3.8234375,3.82944881889764,3.94089108910891,78
"78",2009,3,4.60625,16,5.28571428571429,4.07777777777778,4.73333333333333,5.7,4.10909090909091,7,9,3,5,11,674,261,413,67,259,415,3.9146884272997,4.34655172413793,3.64176755447942,3.86417910447761,3.86555984555985,3.94534939759036,79
"79",2009,4,3.54375,16,3,3.58,4.07142857142857,3.675,3.5,1,15,7,4,12,690,262,428,74,263,427,3.90608695652174,4.34141221374046,3.63960280373832,3.88378378378378,3.86266159695818,3.9328337236534,80
"80",2009,5,4,8,3.66666666666667,4.2,4,4,4,3,5,1,3,5,698,265,433,75,266,432,3.90716332378223,4.33377358490566,3.64607390300231,3.88533333333333,3.86421052631579,3.93361111111111,81
"81",2009,6,3.125,28,3.6,3.02173913043478,3,2.85714285714286,3.21428571428571,5,23,3,7,21,726,270,456,78,273,453,3.87699724517906,4.32018518518519,3.61458333333333,3.85128205128205,3.83838827838828,3.90026490066225,82
"82",2009,7,4.07727272727273,22,3.83333333333333,4.16875,4.35714285714286,3.875,4.19285714285714,6,16,7,8,14,748,276,472,85,281,467,3.88288770053476,4.30960144927536,3.6333686440678,3.89294117647059,3.83943060498221,3.90903640256959,83
"83",2009,8,4.13076923076923,13,4,4.18888888888889,4.6,4.25,4.10909090909091,4,9,2,2,11,761,280,481,87,283,478,3.88712220762155,4.30517857142857,3.64376299376299,3.90919540229885,3.84233215547703,3.91364016736402,84
"84",2009,9,3.59090909090909,11,3.83333333333333,3.3,3,4,3.35714285714286,6,5,2,4,7,772,286,486,89,287,485,3.88290155440414,4.29527972027972,3.64022633744856,3.88876404494382,3.84452961672474,3.90560824742268,85
"85",2009,10,4.335,20,4.81428571428571,4.07692307692308,5,3.5,4.54375,7,13,2,4,16,792,293,499,91,291,501,3.89431818181818,4.30767918088737,3.65160320641283,3.91318681318681,3.83979381443299,3.9259880239521,86
"86",2009,11,3.953125,16,4,3.93181818181818,3.14285714285714,2.83333333333333,4.625,5,11,7,6,10,808,298,510,98,297,511,3.89548267326733,4.30251677852349,3.65764705882353,3.85816326530612,3.81946127946128,3.93966731898239,87
"87",2009,12,4.11363636363636,22,4.0625,4.14285714285714,4.1,4.16666666666667,4.10526315789474,8,14,5,3,19,830,306,524,103,300,530,3.90126506024096,4.29624183006536,3.6706106870229,3.86990291262136,3.82293333333333,3.94560377358491,88
"88",2010,1,4.01515151515152,33,3.90909090909091,4.06818181818182,4.31818181818182,4.05,4,11,22,11,10,23,863,317,546,114,310,553,3.90561993047509,4.28280757097792,3.68663003663004,3.91315789473684,3.83025806451613,3.94786618444846,89
"89",2010,2,3.55555555555556,9,5,3.375,3.66666666666667,3.33333333333333,3.66666666666667,1,8,3,3,6,872,318,554,117,313,559,3.90200688073394,4.28506289308176,3.68212996389892,3.90683760683761,3.82549520766773,3.94484794275492,90
"90",2010,3,3.14285714285714,7,3,3.2,4,4,3,2,5,2,1,6,879,320,559,119,314,565,3.89596131968145,4.27703125,3.6778175313059,3.90840336134454,3.82605095541401,3.93481415929204,91
"91",2010,4,5,6,6,4,NA,5.66666666666667,4.33333333333333,3,3,0,3,3,885,323,562,119,317,568,3.90344632768361,4.29303405572756,3.67953736654804,3.90840336134454,3.84347003154574,3.93691901408451,92
"92",2010,5,4.34705882352941,17,4.55,4.16666666666667,3.83333333333333,4.66666666666667,3.9875,8,9,3,9,8,902,331,571,122,326,576,3.91180709534368,4.29924471299094,3.68721541155867,3.90655737704918,3.86619631901841,3.93762152777778,93
"93",2010,6,3,5,3.5,2.66666666666667,NA,NA,3,2,3,0,0,5,907,333,574,122,326,581,3.90678059536935,4.29444444444445,3.68188153310105,3.90655737704918,3.86619631901841,3.92955249569707,94
"94",2010,7,4.76,10,4.9,4.62,4,6.36666666666667,4.07142857142857,5,5,2,3,7,917,338,579,124,329,588,3.91608505997819,4.30340236686391,3.68998272884283,3.90806451612903,3.88899696048632,3.93124149659864,95
"95",2010,8,4.66666666666667,9,3.5,5,4,5,4.625,2,7,1,1,8,926,340,586,125,330,596,3.92338012958963,4.29867647058824,3.70563139931741,3.9088,3.89236363636364,3.94055369127517,96
"96",2010,9,5,5,7,3.66666666666667,5,NA,5,2,3,1,0,5,931,342,589,126,330,601,3.92916219119226,4.31447368421053,3.70543293718166,3.91746031746032,3.89236363636364,3.94936772046589,97
"97",2010,10,3.42857142857143,7,4.5,3,NA,3.25,3.66666666666667,2,5,0,4,3,938,344,594,126,334,604,3.92542643923241,4.3155523255814,3.69949494949495,3.91746031746032,3.88467065868263,3.94796357615894,98
"98",2010,11,4.41666666666667,12,4.5,4.375,4,4.33333333333333,4.44444444444444,4,8,1,3,9,950,348,602,127,337,613,3.93163157894737,4.3176724137931,3.70847176079734,3.91811023622047,3.8886646884273,3.9552528548124,99
"99",2010,12,3.87631578947368,19,3.75,3.96818181818182,4.25,4.25,3.77666666666667,8,11,4,4,15,969,356,613,131,341,628,3.93054695562435,4.30491573033708,3.713132137031,3.92824427480916,3.89290322580645,3.9509872611465,100
"100",2011,1,4.52380952380952,21,4.95454545454545,4.05,4,4.375,4.55882352941176,11,10,3,4,17,990,367,623,134,345,645,3.94313131313131,4.32438692098093,3.7185393258427,3.92985074626866,3.89849275362319,3.96700775193798,101
"101",2011,2,4.59416666666667,12,6.126,3.5,5.04333333333333,5.21,4.38888888888889,5,7,3,3,9,1002,372,630,137,348,654,3.95092814371257,4.34860215053764,3.71611111111111,3.95423357664234,3.90979885057471,3.97281345565749,102
"102",2011,3,4.47122222222222,9,4.04016666666667,5.33333333333333,5.6205,5,4.405125,6,3,2,1,8,1011,378,633,139,349,662,3.95555984174085,4.34370634920635,3.723775671406,3.97820863309352,3.91292263610315,3.97803776435045,103
"103",2011,4,3.17857142857143,14,3,3.22727272727273,4,2.66666666666667,3.5625,3,11,4,6,8,1025,381,644,143,355,670,3.94494731707317,4.33312598425197,3.7152950310559,3.97881818181818,3.89185915492958,3.97307611940299,104
"104",2011,5,4.57142857142857,14,5,4.4,4,5,4.25,4,10,4,6,8,1039,385,654,147,361,678,3.95338883541867,4.34005454545455,3.72576452599388,3.97939455782313,3.91027700831025,3.97634365781711,105
"105",2011,6,4.09375,16,5.2,3.59090909090909,3.9,3.25,4.375,5,11,5,4,12,1055,390,665,152,365,690,3.95551753554502,4.35107948717949,3.72353383458647,3.97678289473684,3.90304109589041,3.9832768115942,106
"106",2011,7,4.10714285714286,7,4,4.25,4.5,3.66666666666667,4.4375,4,3,2,3,4,1062,394,668,154,368,694,3.95651694915254,4.3475152284264,3.72589820359281,3.98357792207792,3.90111413043478,3.98589481268012,107
"107",2011,8,3.26666666666667,15,4.5,2.81818181818182,2.5,2.75,3.45454545454545,4,11,4,4,11,1077,398,679,158,372,705,3.94690900649953,4.34904773869347,3.71119293078056,3.94601898734177,3.88873655913979,3.97760425531915,108
"108",2011,9,4.9,10,5.42857142857143,3.66666666666667,3,5,4.88888888888889,7,3,2,1,9,1087,405,682,160,373,714,3.95567709291628,4.36770617283951,3.71099706744868,3.93419375,3.89171581769437,3.98909103641457,109
"109",2011,10,4.16071428571429,14,4.08333333333333,4.21875,4,4.625,4.08333333333333,6,8,1,2,12,1101,411,690,161,375,726,3.95828428701181,4.36355474452555,3.71688405797101,3.93460248447205,3.89562666666667,3.99064876033058,110
"110",2011,11,4,14,5.16666666666667,3.125,3.75,4,4,6,8,4,4,10,1115,417,698,165,379,736,3.95880807174888,4.3751103117506,3.71010028653295,3.93012727272727,3.89672823218997,3.99077581521739,111
"111",2011,12,4.17608695652174,23,4.61818181818182,3.77083333333333,3.70833333333333,3.75,4.26578947368421,11,12,6,4,19,1138,428,710,171,383,755,3.96319947275923,4.38135747663552,3.71112676056338,3.92234502923977,3.89519582245431,3.99769668874172,112
"112",2012,1,3.85,20,4.6875,3.29166666666667,3.14285714285714,3.2,4.06666666666667,8,12,7,5,15,1158,436,722,178,388,770,3.96124438687392,4.3869747706422,3.70415512465374,3.89169101123595,3.88623711340206,3.99904025974026,113
"113",2012,2,4.35714285714286,14,5,3.71428571428571,4.16666666666667,4,4.41666666666667,7,7,6,2,12,1172,443,729,184,390,782,3.96597354948805,4.39666139954853,3.7042524005487,3.90065760869565,3.88682051282051,4.00544884910486,114
"114",2012,3,4.79166666666667,12,4.725,4.925,6,4.9,4.77,8,4,1,2,10,1184,451,733,185,392,792,3.97434206081081,4.40248558758315,3.71091405184175,3.9120054054054,3.89198979591837,4.01510227272727,115
"115",2012,4,4.18181818181818,11,4.25,4,NA,3.33333333333333,4.5,8,3,0,3,8,1195,459,736,185,395,800,3.97625188284519,4.39982788671024,3.71209239130435,3.9120054054054,3.88774683544304,4.01995125,116
"116",2012,5,4.65384615384615,13,3.66666666666667,4.95,6,4.66666666666667,4.65,3,10,1,3,10,1208,462,746,186,398,810,3.98354387417218,4.3950670995671,3.72868632707775,3.9232311827957,3.89361809045226,4.02772962962963,117
"117",2012,6,5,13,5.5625,4.1,4.16666666666667,5.5,4.90909090909091,8,5,3,2,11,1221,470,751,189,400,821,3.99436609336609,4.41493829787234,3.73115845539281,3.92709523809524,3.90165,4.03953836784409,118
"118",2012,7,3.85555555555556,9,4.28333333333333,3,4,3.7,3.875,6,3,1,1,8,1230,476,754,190,401,829,3.99335040650406,4.41327941176471,3.72824933687003,3.92747894736842,3.90114713216958,4.03795054282268,119
"119",2012,8,4.21428571428571,14,4.25,4.2,4.375,3,4.88888888888889,4,10,8,5,9,1244,480,764,198,406,838,3.99583681672026,4.41191875,3.73442408376963,3.94556060606061,3.89004926108374,4.04708949880668,120
"120",2012,9,4.33333333333333,9,2.75,5.6,6,4,4.5,4,5,3,3,6,1253,484,769,201,409,844,3.99826097366321,4.39818388429752,3.74655396618986,3.97622388059701,3.89085574572127,4.05030924170616,121
"121",2012,10,4.65625,16,4.42857142857143,4.83333333333333,5.2,5.33333333333333,4.25,7,9,5,6,10,1269,491,778,206,415,854,4.00655713159968,4.39861710794297,3.75912596401028,4.00592718446602,3.91171084337349,4.05264754098361,122
"122",2012,11,4.875,12,5.64285714285714,3.8,5,5.875,4.375,7,5,1,4,8,1281,498,783,207,419,862,4.01469242779079,4.41610642570281,3.75938697318008,4.01072946859903,3.93045346062053,4.05563921113689,123
"123",2012,12,4.16666666666667,12,4.57142857142857,3.6,4.5,3.33333333333333,4.44444444444444,7,5,2,3,9,1293,505,788,209,422,871,4.01610286156226,4.41825940594059,3.75837563451777,4.01541148325359,3.92620853080569,4.05965671641791,124
"124",2013,1,4.1,20,4.41666666666667,3.625,3,5,4,12,8,3,2,18,1313,517,796,212,424,889,4.0173808073115,4.41822243713733,3.7570351758794,4.00104245283019,3.93127358490566,4.05844881889764,125
"125",2013,2,4.26923076923077,13,4.5,3.75,3.5,3,4.65,9,4,2,3,10,1326,526,800,214,427,899,4.01984992458522,4.4196216730038,3.757,3.99635981308411,3.92473067915691,4.06502892102336,126
"126",2013,3,4,14,3.77777777777778,4.4,4.66666666666667,4,4,9,5,3,2,12,1340,535,805,217,429,911,4.01964253731343,4.40882429906542,3.76099378881988,4.0056267281106,3.92508158508159,4.06417233809001,127
"127",2013,4,4.75454545454545,11,5.75,4.18571428571429,4,4.875,4.68571428571429,4,7,1,4,7,1351,539,812,218,433,918,4.02562620281273,4.41877736549165,3.76465517241379,4.00560091743119,3.93385681293303,4.06891176470589,128
"128",2013,5,4.66157894736842,19,4.94222222222222,4.409,4.38625,4.995,4.57266666666667,9,10,8,4,15,1370,548,822,226,437,933,4.03444598540146,4.42737408759124,3.77249391727494,4.01907522123894,3.94356979405034,4.07701071811362,129
"129",2013,6,3.75,4,3,4,4,NA,3.75,1,3,2,0,4,1374,549,825,228,437,937,4.03361790393013,4.42477413479053,3.77332121212121,4.01890789473684,3.94356979405034,4.07561472785486,130
"130",2013,7,4.21428571428571,14,5.8,3.33333333333333,3.33333333333333,2.33333333333333,4.72727272727273,5,9,3,3,11,1388,554,834,231,440,948,4.0354402017291,4.43718592057762,3.76857314148681,4.01000432900433,3.93259090909091,4.08317616033756,131
"131",2013,8,4.07692307692308,13,5,3.28571428571429,5.33333333333333,5,3.8,6,7,3,3,10,1401,560,841,234,443,958,4.03582512491078,4.44321607142857,3.76455410225922,4.02697008547009,3.93981941309255,4.08022025052192,132
"132",2013,9,4.75,8,4.83333333333333,4.5,NA,5,4.66666666666667,6,2,0,2,6,1409,566,843,234,445,964,4.03988005677785,4.44735159010601,3.76629893238434,4.02697008547009,3.94458426966292,4.08387033195021,133
"133",2013,10,4.21428571428571,14,4,4.375,4.14285714285714,4,4.25,6,8,7,2,12,1423,572,851,241,447,976,4.041595924104,4.44265909090909,3.77202115158637,4.03033609958506,3.9448322147651,4.08591290983607,134
"134",2013,11,3.6875,16,4.2,3.45454545454545,4.4,3.16666666666667,3.80769230769231,5,11,5,3,13,1439,577,862,246,450,989,4.03765879082696,4.44055632582323,3.76796983758701,4.03784959349593,3.93964444444444,4.08225581395349,135
"135",2013,12,4.48684210526316,19,4.875,4.20454545454545,4.3125,4.83333333333333,4.32692307692308,8,11,4,6,13,1458,585,873,250,456,1002,4.04351234567901,4.44649743589744,3.77347079037801,4.042244,3.95140350877193,4.08543013972056,136
"136",2014,1,3.5952380952381,21,4.13636363636364,3,3,1.66666666666667,3.91666666666667,11,10,5,3,18,1479,596,883,255,459,1020,4.03714739688979,4.44077348993289,3.76471121177803,4.02180784313725,3.93647058823529,4.08245196078432,137
"137",2014,2,4.15217391304348,23,4.54166666666667,3.72727272727273,3.5,2.66666666666667,4.375,12,11,6,3,20,1502,608,894,261,462,1040,4.03890878828229,4.44276480263158,3.76425055928412,4.0098122605364,3.92822510822511,4.08807788461539,138
"138",2014,3,3.98571428571429,21,3.78571428571429,4.08571428571429,4.4,3.3,4.14705882352941,7,14,8,4,17,1523,615,908,269,466,1057,4.03817531188444,4.43528617886179,3.76920704845815,4.02141635687732,3.92283261802575,4.08902649006623,139
"139",2014,4,4.5,18,4.7,4.25,5.33333333333333,3.25,4.85714285714286,10,8,3,4,14,1541,625,916,272,470,1071,4.04356975989617,4.4395216,3.77340611353712,4.03588602941176,3.91710638297872,4.09906722689076,140
"140",2014,5,4.22222222222222,9,4.2,4.25,4.66666666666667,3.5,4.42857142857143,5,4,3,2,7,1550,630,920,275,472,1078,4.04460709677419,4.43762063492064,3.77547826086957,4.04276727272727,3.91533898305085,4.10120686456401,141
"141",2014,6,3.66666666666667,12,3.42857142857143,4,4,4,3.5,7,5,1,4,8,1562,637,925,276,476,1086,4.04170358514725,4.42653218210361,3.77669189189189,4.04261231884058,3.91605042016807,4.09677808471455,142
"142",2014,7,3.46136363636364,11,2.8,4.0125,3.0375,1,3.7075,5,6,2,1,10,1573,642,931,278,477,1096,4.03764526382708,4.41386448598131,3.77821160042965,4.03538129496403,3.90993710691824,4.09322627737227,143
"143",2014,8,4.17705882352941,17,4.66777777777778,3.625,4.33333333333333,4.66666666666667,4.07214285714286,9,8,3,3,14,1590,651,939,281,480,1110,4.0391358490566,4.41737480798771,3.77690628328009,4.03856227758007,3.91466666666667,4.09296036036036,144
"144",2014,9,3.2,10,3.33333333333333,3.14285714285714,2.66666666666667,4,3.11111111111111,3,7,3,1,9,1600,654,946,284,481,1119,4.03389125,4.41240214067278,3.77221458773784,4.02407042253521,3.91484407484408,4.08506344950849,145
"145",2014,10,3.42307692307692,13,3.5,3.375,3,4.1,3,5,8,3,5,8,1613,659,954,287,486,1127,4.02896838189708,4.40547951441578,3.76888364779874,4.01336585365854,3.91674897119342,4.07736113575865,146
"146",2014,11,3.87272727272727,22,4.375,3.58571428571429,3,5.16666666666667,3.66842105263158,8,14,2,3,19,1635,667,968,289,489,1146,4.02686605504587,4.40511394302849,3.76623450413223,4.00635294117647,3.92441717791411,4.07058115183246,147
"147",2014,12,4.47058823529412,17,4.875,4.11111111111111,4.6,5,4.4375,8,9,5,1,16,1652,675,977,294,490,1162,4.03143220338983,4.41068296296296,3.76941146366428,4.01644897959184,3.92661224489796,4.07563339070568,148
"148",2015,1,4.55263157894737,19,4.8,4.27777777777778,5,3.66666666666667,4.96153846153846,10,9,3,6,13,1671,685,986,297,496,1175,4.03735846798324,4.41636642335767,3.77405172413793,4.02638383838384,3.92346774193548,4.08543489361702,149
"149",2015,2,4.12857142857143,21,4.775,3.26666666666667,3,3.5,4.19473684210526,12,9,3,2,19,1692,697,995,300,498,1194,4.03849054373522,4.42254088952654,3.76946231155779,4.01612,3.92176706827309,4.08717420435511,150
"150",2015,3,3.695,20,4,3.44545454545455,3.98,2.3,3.94117647058824,9,11,5,3,17,1712,706,1006,305,501,1211,4.03447780373831,4.41715439093485,3.76591948310139,4.01552786885246,3.91205588822355,4.08512469033856,151
"151",2015,4,3.8125,16,4.55555555555556,2.85714285714286,1,2,4.07142857142857,9,7,1,2,14,1728,715,1013,306,503,1225,4.0324224537037,4.41889650349651,3.75963968410661,4.00567320261438,3.90445328031809,4.08496816326531,152
"152",2015,5,4.35294117647059,17,4.90909090909091,3.33333333333333,3.33333333333333,4,4.4,11,6,3,2,15,1745,726,1019,309,505,1240,4.03554498567335,4.42632369146006,3.75712953876349,3.99914563106796,3.90483168316832,4.08877903225807,153
"153",2015,6,3.15384615384615,13,2.83333333333333,3.25,3.5,NA,3.15384615384615,3,10,5,0,13,1758,729,1029,314,505,1253,4.02902502844141,4.41976817558299,3.75220116618076,3.9911974522293,3.90483168316832,4.0790790103751,154
"154",2015,7,4.58,25,4.95,4.33333333333333,4.8125,4.5,4.59090909090909,10,15,8,3,22,1783,739,1044,322,508,1275,4.03675042063937,4.42694316644114,3.76055076628352,4.01160248447205,3.90834645669291,4.0879105882353,155
"155",2015,8,4.43181818181818,22,4.83333333333333,3.95,4.83333333333333,NA,4.43181818181818,12,10,3,0,22,1805,751,1054,325,508,1297,4.04156565096953,4.43343675099867,3.76234819734345,4.01918769230769,3.90834645669291,4.09374402467232,156
"156",2015,9,3.59375,16,3.45,3.83333333333333,4.5,2.5,3.75,10,6,2,2,14,1821,761,1060,327,510,1311,4.03763097199341,4.42051379763469,3.76275,4.02212844036697,3.90282352941177,4.09007322654463,157
"157",2015,10,4.29411764705882,17,5,3.66666666666667,3,4.66666666666667,4.21428571428571,8,9,2,3,14,1838,769,1069,329,513,1325,4.04000326441784,4.4265422626788,3.76194106641721,4.01591489361702,3.90729044834308,4.09138566037736,158
"158",2015,11,3.80263157894737,19,4.275,3.27777777777778,2.625,3.66666666666667,3.828125,10,9,4,3,16,1857,779,1078,333,516,1341,4.0375745826602,4.42459691912709,3.75789888682746,3.99920720720721,3.90589147286822,4.08824459358688,159
"159",2015,12,4.32,25,4.57142857142857,4,3.8,4,4.42105263157895,14,11,5,6,19,1882,793,1089,338,522,1360,4.04132624867162,4.42718915510719,3.76034435261708,3.99626035502958,3.90697318007663,4.09289411764706,160
"160",2016,1,4.25416666666667,24,4.81818181818182,3.77692307692308,4,4.66666666666667,4.1952380952381,11,13,4,3,21,1906,804,1102,342,525,1381,4.04400629590766,4.43253855721393,3.76053992740472,3.99630409356725,3.91131428571429,4.09445039826213,161
"161",2016,2,3.49565217391304,23,3.75,3.21818181818182,4,3.8,3.45,12,11,4,3,20,1929,816,1113,346,528,1401,4.03746811819595,4.4225012254902,3.75517969451932,3.99634682080925,3.91068181818182,4.08525053533191,162
"162",2016,3,4.5,18,4.73333333333333,3.33333333333333,2,4.5,4.5,15,3,1,2,16,1947,831,1116,347,530,1417,4.04174422187981,4.4281119133574,3.75404569892473,3.99059365994236,3.91290566037736,4.08993366266761,163
"163",2016,4,3.89375,16,3.81111111111111,4,4.2,4.26,3.72727272727273,9,7,5,5,11,1963,840,1123,352,535,1428,4.04053795211411,4.42150119047619,3.75557880676759,3.99356818181818,3.91614953271028,4.08714005602241,164
"164",2016,5,3.78571428571429,14,4.42857142857143,3.14285714285714,3.75,2.83333333333333,4.04545454545455,7,7,2,3,11,1977,847,1130,354,538,1439,4.03873343449671,4.42155962219599,3.75178318584071,3.99219209039548,3.91011152416357,4.08682140375261,165
"165",2016,6,4.62413793103448,29,5.05,4.4,4.14285714285714,4.6,4.62916666666667,10,19,7,5,24,2006,857,1149,361,543,1463,4.04719641076769,4.4288926487748,3.76250217580505,3.9951135734072,3.91646408839779,4.09571838687629,166
"166",2016,7,3.87727272727273,22,4.5625,3.48571428571429,3.28333333333333,5.5,3.8,8,14,6,1,21,2028,865,1163,367,544,1484,4.04535305719921,4.43012832369942,3.75917024935512,3.98347683923706,3.919375,4.09153369272238,167
"167",2016,8,4.275,20,4.4,4.15,4.07142857142857,3.5,4.36111111111111,10,10,7,2,18,2048,875,1173,374,546,1502,4.047595703125,4.429784,3.7625021312873,3.98512299465241,3.91783882783883,4.09476431424767,168
"168",2016,9,4.14705882352941,17,4.0625,4.22222222222222,4,3.375,4.38461538461539,8,9,5,4,13,2065,883,1182,379,550,1515,4.04841452784503,4.426456398641,3.76600253807107,3.98531926121372,3.91389090909091,4.09725148514852,169
"169",2016,10,4.46666666666667,27,4.5375,4.36363636363636,4.57142857142857,4.08571428571429,4.6,16,11,7,7,20,2092,899,1193,386,557,1535,4.05381261950287,4.42843270300334,3.77151299245599,3.9959481865285,3.91605026929982,4.1038019543974,170
"170",2016,11,3.95652173913043,23,3.85,4.03846153846154,4.08333333333333,4.5,3.9047619047619,10,13,6,2,21,2115,909,1206,392,559,1556,4.05275460992908,4.4220693069307,3.77439054726368,3.99728571428571,3.91813953488372,4.10111568123394,171
"171",2016,12,4.178125,32,4.875,3.76,5.24285714285714,4.4,4.13703703703704,12,20,7,5,27,2147,921,1226,399,564,1583,4.05462319515603,4.42797068403909,3.77415579119086,4.01913784461153,3.92241134751773,4.10172836386608,172
"172",2017,1,4.07894736842105,38,4.25,3.97916666666667,3.625,4.33333333333333,4.03125,14,24,12,6,32,2185,935,1250,411,570,1615,4.05504622425629,4.42530588235294,3.778092,4.0076301703163,3.92673684210526,4.1003318885449,173
"173",2017,2,3.9047619047619,21,4.22222222222222,3.66666666666667,3.83333333333333,4.8,3.625,9,12,6,5,16,2206,944,1262,417,575,1631,4.05361559383499,4.42336970338983,3.7770324881141,4.00512230215827,3.93433043478261,4.09566891477622,174
"174",2017,3,3.75,16,4.375,3.125,3,2,3.86666666666667,8,8,2,1,15,2222,952,1270,419,576,1646,4.05142934293429,4.42296323529412,3.77292519685039,4.0003245823389,3.93097222222222,4.09358201701094,175
"175",2017,4,4.16315789473684,19,5.25,3.37272727272727,3,4.83333333333333,4.0375,8,11,3,3,16,2241,960,1281,422,579,1662,4.05237661758143,4.42985520833334,3.76948868071819,3.99321327014218,3.93564766839378,4.09304211793021,176
"176",2017,5,4.04117647058824,17,4.18888888888889,3.875,6,4.925,3.76923076923077,9,8,1,4,13,2258,969,1289,423,583,1675,4.05229229406554,4.42761713106295,3.77014352211016,3.99795744680851,3.94243567753002,4.09052895522388,177
"177",2017,6,4.375,12,4.91666666666667,3.83333333333333,3,3.83333333333333,4.55555555555556,6,6,2,3,9,2270,975,1295,425,586,1684,4.05399823788546,4.43062666666667,3.77043629343629,3.99326117647059,3.9418771331058,4.09301425178148,178
"178",2017,7,4.30555555555556,18,5.05555555555556,3.55555555555556,4.75,4.66666666666667,4.23333333333333,9,9,4,3,15,2288,984,1304,429,589,1699,4.05597727272727,4.4363424796748,3.7689532208589,4.00031701631702,3.94556876061121,4.09425309005298,179
"179",2017,8,4.34285714285714,28,5.41666666666667,3.5375,3.01428571428571,4.03333333333333,4.38,12,16,7,3,25,2316,996,1320,436,592,1724,4.05944559585492,4.44815361445783,3.76614772727273,3.98448623853211,3.94601351351351,4.09839675174014,180
"180",2017,9,3.71263157894737,19,4.06,3.58857142857143,3.78,4.43333333333333,3.5775,5,14,8,3,16,2335,1001,1334,444,595,1740,4.05662355460385,4.44621478521479,3.76428410794603,3.9808018018018,3.9484705882353,4.09360689655173,181
"181",2017,10,4.33333333333333,24,4.16666666666667,4.43333333333333,4,5.375,4.125,9,15,4,4,20,2359,1010,1349,448,599,1760,4.05943874523103,4.44372376237624,3.77172349888807,3.98097321428571,3.95799666110184,4.09396363636364,182
"182",2017,11,4.08333333333333,36,4.7,3.46666666666667,3,4,4.1,18,18,6,6,30,2395,1028,1367,454,605,1790,4.05979791231733,4.44821108949417,3.76770665691295,3.96800881057269,3.9584132231405,4.09406480446928,183
"183",2017,12,4.32692307692308,26,5.54166666666667,3.28571428571429,2.75,4.16666666666667,4.34782608695652,12,14,4,3,23,2421,1040,1381,458,608,1813,4.06266666666666,4.46082788461539,3.76282041998552,3.9573711790393,3.95944078947369,4.09728405956978,184
"184",2018,1,4.35454545454545,44,4.68484848484848,3.36363636363636,3.7,5.33333333333333,4.28292682926829,33,11,5,3,41,2465,1073,1392,463,611,1854,4.06787667342799,4.46771761416589,3.75966594827586,3.95459179265659,3.96618657937807,4.10138942826322,185
"185",2018,2,3.90789473684211,19,5.125,3.02272727272727,4.33333333333333,NA,3.90789473684211,8,11,3,0,19,2484,1081,1403,466,611,1873,4.06665297906602,4.47258186864015,3.75388809693514,3.95703004291845,3.96618657937807,4.09942658836092,186
"186",2018,3,4.268,25,4.52,4.1,4.4,3.58333333333333,4.48421052631579,10,15,5,6,19,2509,1091,1418,471,617,1892,4.06865922678358,4.47301649862512,3.75754936530324,3.96173248407643,3.96246353322528,4.10329069767442,187
"187",2018,4,4.73212121212121,33,4.90428571428571,4.60526315789474,4.31818181818182,4.33333333333333,4.772,14,19,11,3,30,2542,1105,1437,482,620,1922,4.07727222659323,4.47848054298643,3.76875782881002,3.96986721991701,3.96425806451613,4.11372840790843,188
"188",2018,5,4.00285714285714,21,4.86571428571429,3.57142857142857,4.33333333333333,4,4.00333333333333,7,14,3,3,18,2563,1112,1451,485,623,1940,4.0766625048771,4.48091816546763,3.7668538938663,3.97211546391753,3.96443017656501,4.11270412371135,189
"189",2018,6,4.20835294117647,17,4.338,4.0625,4.5,5,4.1028,9,8,4,2,15,2580,1121,1459,489,625,1955,4.07753023255814,4.47977074041035,3.76847498286498,3.97643353783231,3.967744,4.11262813299233,190
"190",2018,7,3.97826086956522,23,4.45,3.61538461538462,1,3.5,4.02380952380952,10,13,1,2,21,2603,1131,1472,490,627,1976,4.07665309258548,4.47950751547304,3.76712296195652,3.97035918367347,3.96625199362042,4.11168421052632,191
"191",2018,8,3.54545454545455,22,4.36363636363636,2.72727272727273,3.5,3.66666666666667,3.52631578947368,11,11,2,3,19,2625,1142,1483,492,630,1995,4.07220114285714,4.47839141856393,3.75940997977073,3.96844715447154,3.9648253968254,4.10610927318296,192
"192",2018,9,3.94117647058824,17,4.33333333333333,3.5,3.6,3,4,9,8,5,1,16,2642,1151,1491,497,631,2011,4.07135806207418,4.47725716768028,3.75801810865191,3.96474044265594,3.96329635499208,4.10526504226754,193
"193",2018,10,4,16,4.4,3.33333333333333,5,3.75,4.03571428571429,10,6,1,2,14,2658,1161,1497,498,633,2025,4.07092851768247,4.47659173126615,3.75631596526386,3.96681927710843,3.9626224328594,4.10478419753087,194
"194",2018,11,4.13696954545455,22,4.58444416666667,3.6,3.5,4.33333333333333,4.1059647368421,12,10,6,3,19,2680,1173,1507,504,636,2044,4.07147064552239,4.47769508098892,3.75527869940279,3.9612619047619,3.96437106918239,4.10479517123288,195
"195",2018,12,3.93333333333333,30,4.3,3.56666666666667,3.1,4.75,3.80769230769231,15,15,5,4,26,2710,1188,1522,509,640,2070,4.0699414501845,4.47545145622896,3.75341984231275,3.95280157170923,3.96928125,4.10106344444445,196
"196",2019,1,4.65121951219512,41,5.1304347826087,4.03888888888889,4.25,5.21428571428571,4.53529411764706,23,18,6,7,34,2751,1211,1540,515,647,2104,4.07860462740821,4.4878912716763,3.75675649350649,3.9562640776699,3.98275115919629,4.10808048003803,197
"197",2019,2,4.18518518518519,27,4.9,3.76470588235294,3.16666666666667,3.375,4.32608695652174,10,17,9,4,23,2778,1221,1557,524,651,2127,4.07964050755939,4.49126644553645,3.75684328837508,3.94270229007634,3.97901689708141,4.11043786083687,198
"198",2019,3,3.96190476190476,21,4.1,3.83636363636364,4.5,4.33333333333333,3.9,10,11,4,3,18,2799,1231,1568,528,654,2145,4.07875717399071,4.4880880016247,3.75740114795918,3.94692424242424,3.98064220183486,4.10867194871796,199
"199",2019,4,4.05263157894737,19,4.16666666666667,4,4.14285714285714,NA,4.05263157894737,6,13,7,0,19,2818,1237,1581,535,654,2164,4.07858102555003,4.48652896523848,3.75939595192916,3.94948785046729,3.98064220183486,4.10817991219964,200
"200",2019,5,4.5875,16,5.06666666666667,4.3,4.33333333333333,5,4.56,6,10,3,1,15,2834,1243,1591,538,655,2179,4.08145424488355,4.4893293081255,3.76279384035198,3.9516282527881,3.98219847328244,4.11129019274897,201
"201",2019,6,5.125,20,4.88461538461539,5.57142857142857,3.75,4,5.73076923076923,13,7,4,7,13,2854,1256,1598,542,662,2192,4.08876710932025,4.49342064490446,3.77071652065081,3.95014022140221,3.98238670694864,4.12089476733577,202
"202",2019,7,4.36875,16,4.54444444444444,4.14285714285714,4,4,4.45384615384615,9,7,4,3,13,2870,1265,1605,546,665,2205,4.09032798954704,4.49378366007905,3.77233956386293,3.95050549450549,3.98246616541353,4.12285774603175,203
"203",2019,8,4.32923076923077,26,4.50375,4.05,6,1,4.4624,16,10,2,1,25,2896,1281,1615,548,666,2230,4.09247283494475,4.4939081420765,3.77405882352941,3.95798540145985,3.97798798798799,4.12666427354261,204
"204",2019,9,4.30769230769231,26,4.91666666666667,3.78571428571429,4,3.875,4.5,12,14,8,8,18,2922,1293,1629,556,674,2248,4.09438786105407,4.49783165506574,3.77415899324739,3.95858992805755,3.97676557863502,4.12965361654805,205
"205",2019,10,3.53448275862069,29,4.22222222222222,3.225,2.77777777777778,3,3.57407407407407,9,20,9,2,27,2951,1302,1649,565,676,2275,4.08888557438156,4.49592652073733,3.76749848392965,3.93978053097345,3.97387573964497,4.12305992527473,206
"206",2019,11,3.946875,16,4.75,3.67916666666667,5,3.65,3.96666666666667,4,12,2,1,15,2967,1306,1661,567,677,2290,4.08811976070104,4.49670469372129,3.76686032510536,3.94352028218695,3.97339734121123,4.12203551528385,207
"207",2019,12,3.84,25,4.33333333333333,3.38461538461538,3.33333333333333,4,3.81818181818182,12,13,6,3,22,2992,1318,1674,573,680,2312,4.08604656751336,4.49521724582701,3.76389187574671,3.93713089005236,3.97351470588235,4.11914417387544,208
"208",2020,1,4.39224137931035,58,4.95689655172414,3.82758620689655,4.21428571428571,4.92857142857143,4.31862745098039,29,29,7,7,51,3050,1347,1703,580,687,2363,4.09186928852459,4.50515688938382,3.76497651203758,3.94047586206896,3.98324599708879,4.12344956834533,209
"209",2020,2,3.7048,25,3.61571428571429,3.81818181818182,3.6,3.424,3.775,14,11,5,5,20,3075,1361,1714,585,692,2383,4.08872238373983,4.49600759000735,3.76531796966161,3.93756581196581,3.97920520231214,4.12052510700798,210
"210",2020,3,3.6026825,24,4.04818181818182,3.22572153846154,3.64479333333333,2,3.67236434782609,11,13,3,1,23,3099,1372,1727,588,693,2406,4.08495828009035,4.49241715014577,3.7612561551824,3.93607207482993,3.97634920634921,4.11624094347465,211
"211",2020,4,4.51481481481482,27,5.45384615384615,3.64285714285714,3.55555555555556,4,4.60434782608696,13,14,9,4,23,3126,1385,1741,597,697,2429,4.08867105246321,4.50144139350181,3.76030406662837,3.93033564489112,3.97648493543759,4.12086278715521,212
"212",2020,5,4.16875,32,4.76923076923077,3.75789473684211,4,3.66666666666667,4.28461538461538,13,19,9,6,26,3158,1398,1760,606,703,2455,4.08948249208359,4.50393156652361,3.76027805681818,3.9313702640264,3.97384068278805,4.1225970305499,213
"213",2020,6,3.85714285714286,28,4.83333333333333,3.39473684210526,3,NA,3.85714285714286,9,19,1,0,28,3186,1407,1779,607,703,2483,4.08744058694287,4.5060386140725,3.75637401911186,3.92983588138385,3.97384068278805,4.11960358840113,214
"214",2020,7,4.48210526315789,19,4.52769230769231,4.38333333333333,3.33333333333333,4.2,4.58285714285714,13,6,3,5,14,3205,1420,1785,610,708,2497,4.0897802527301,4.50623685211268,3.75848144537815,3.92690226229508,3.97543785310735,4.12220092511013,215
"215",2020,8,4.36842105263158,19,4.76923076923077,3.5,4,4.6,4.28571428571429,13,6,4,5,14,3224,1433,1791,614,713,2511,4.09142236662531,4.50862270062805,3.75761551088777,3.92737846905537,3.97981767180926,4.12311258861012,216
"216",2020,9,4.54166666666667,36,4.90909090909091,4.38,3.7,5.33333333333333,4.38333333333333,11,25,10,6,30,3260,1444,1816,624,719,2541,4.09639438957055,4.51167335872576,3.76618357929515,3.92373458333333,3.99111265646732,4.12618485242031,217
"217",2020,10,4.09090909090909,22,4.38461538461539,3.66666666666667,3,3.5,4.15,13,9,1,2,20,3282,1457,1825,625,721,2561,4.09635762035344,4.51053969114619,3.7656928109589,3.922256608,3.98975034674064,4.12637083561109,218
"218",2020,11,4.29142857142857,35,4.85,3.54666666666667,3.33333333333333,4.5,4.27878787878788,20,15,6,2,33,3317,1477,1840,631,723,2594,4.09841595116068,4.51513631008802,3.76390727173913,3.91665670364501,3.99116182572614,4.12830983423285,219
"219",2020,12,4.04242424242424,66,4.82380952380952,3.67777777777778,4,4.6,3.99672131147541,21,45,13,5,61,3383,1498,1885,644,728,2655,4.09732359148684,4.5194635046729,3.76185112997347,3.91833909937888,3.99534340659341,4.12528651977401,220
"220",2021,1,4.58863636363636,44,5.3125,4.175,3.99166666666667,4.65833333333333,4.5625,16,28,12,12,32,3427,1514,1913,656,740,2687,4.10363166326232,4.52784433949802,3.76789826450601,3.91968045731707,4.0060945945946,4.13049337923335,221
"221",2021,2,4.52631578947368,38,4.83333333333333,4.25,4,5.66666666666667,4.3125,18,20,9,6,32,3465,1532,1933,665,746,2719,4.10826716017316,4.53143363577023,3.77288638385928,3.9207674887218,4.01945040214477,4.1326354211107,222
"222",2021,3,4.21584615384615,26,4.16666666666667,4.258,5.3224,4.95688888888889,3.82352941176471,12,14,5,9,17,3491,1544,1947,670,755,2736,4.10906837868805,4.52859865932642,3.77637461736004,3.93122743283582,4.03062516556292,4.13071480628655,223
"223",2021,4,4.65217391304348,23,5,4.27272727272727,3.5,5.66666666666667,4.29411764705882,12,11,4,6,17,3514,1556,1958,674,761,2753,4.11262313887307,4.53223414524422,3.7791631154239,3.92866821958457,4.04352431011827,4.13172383218307,224
"224",2021,5,4.435,16,4.75,4.246,4.49,6,4.33066666666667,6,10,4,1,15,3530,1562,1968,678,762,2768,4.11408433711048,4.53307063380282,3.78153525406504,3.93197991150442,4.04609186351706,4.1328019183526,225
"225",2021,6,4.27272727272727,22,4.875,3.92857142857143,3.83333333333333,3.5,4.35,8,14,6,2,20,3552,1570,1982,684,764,2788,4.11506692286036,4.53481294904459,3.78257385469223,3.93111459064327,4.04466230366492,4.1343600107604,226
"226",2021,7,3.94444444444444,18,3.9375,3.95,3.875,NA,3.94444444444444,8,10,4,0,18,3570,1578,1992,688,764,2806,4.11420664145658,4.53178474651458,3.78341434738956,3.93078834302326,4.04466230366492,4.13314173556665,227
"227",2021,8,5.02272727272727,22,4.95454545454545,5.09090909090909,4,5,5.025,11,11,2,2,20,3592,1589,2003,690,766,2826,4.1197710773942,4.53471134675897,3.79059479780329,3.93098895652174,4.04715665796345,4.13945354210899,228
"228",2021,9,4.46969696969697,33,4.26470588235294,4.6875,3.625,5.7,4.25,17,16,8,5,28,3625,1606,2019,698,771,2854,4.12295660965517,4.53185325653798,3.79770251609708,3.92748191977077,4.05787548638133,4.14053809039944,229
"229",2021,10,4.23939393939394,33,4.42666666666667,4.08333333333333,4.2,3.25,4.37586206896552,15,18,5,4,29,3658,1621,2037,703,775,2883,4.12400702843083,4.53087990746453,3.80022649975454,3.92942017069701,4.05370580645162,4.14290520638224,230
"230",2021,11,3.72666666666667,30,3.54166666666667,3.85,4.6,4,3.672,12,18,8,5,25,3688,1633,2055,711,780,2908,4.12077486713666,4.52361073484385,3.80066247201946,3.93696537271449,4.05336153846154,4.13885684662999,231
"231",2021,12,4.32978723404255,47,4.60344827586207,3.88888888888889,3.5,5.375,4.23255813953488,29,18,4,4,43,3735,1662,2073,715,784,2951,4.12340500937081,4.52500380866426,3.80142854799807,3.93452081118881,4.06010459183674,4.14022219925449,232
"232",2022,1,4.06072131147541,61,4.91304347826087,3.54484210526316,3.79166666666667,5.83333333333333,3.86734545454545,23,38,12,6,55,3796,1685,2111,727,790,3006,4.12239771074815,4.5303004925816,3.79680974893415,3.93216283356259,4.07357215189874,4.13522944444445,233
"233",2022,2,4.09166666666667,30,4.45454545454545,3.88157894736842,4.13636363636364,4.75,4.01851851851852,11,19,11,3,27,3826,1696,2130,738,793,3033,4.12215674594877,4.52980915683962,3.79756590610329,3.93520647696477,4.07613114754099,4.13419047477745,234
"234",2022,3,4,27,4.63636363636364,3.5625,3,3.25,4.1304347826087,11,16,6,4,23,3853,1707,2146,744,797,3056,4.12130072930184,4.53049579964851,3.79581331780056,3.92766448924731,4.07198494353827,4.13416220876964,235
"235",2022,4,4.6625,24,4.78333333333333,4.54166666666667,7,3,4.9,12,12,2,3,21,3877,1719,2158,746,800,3077,4.12465094402889,4.53226080860966,3.79996078776645,3.93590131367292,4.067965,4.13938892102698,236
"236",2022,5,3.91875,32,5.02857142857143,3.05555555555556,3.33333333333333,4.2,3.86666666666667,14,18,3,5,27,3909,1733,2176,749,805,3104,4.12296539012535,4.5362702423543,3.79380302389706,3.93348782376502,4.06878509316771,4.13701665914949,237
"237",2022,6,4.03181818181818,22,4.88571428571429,3.63333333333333,4.66666666666667,4.1,4.02105263157895,7,15,3,3,19,3931,1740,2191,752,808,3123,4.12245528109896,4.53767605172414,3.79270441807394,3.9364127393617,4.06890099009901,4.13631114633365,238
"238",2022,7,4.16676470588235,34,4.32777777777778,3.985625,4.42857142857143,3.12857142857143,4.43592592592593,18,16,7,7,27,3965,1758,2207,759,815,3150,4.12283523581336,4.53552692263936,3.79410302673312,3.94095175230567,4.0608245398773,4.13887927301587,239
"239",2022,8,4.34615384615385,39,5.16666666666667,3.83333333333333,3.95,4.3,4.35294117647059,15,24,10,5,34,4004,1773,2231,769,820,3184,4.12501041708291,4.5408665143824,3.7945250470641,3.94106941482445,4.06228292682927,4.14116510992462,240
"240",2022,9,3.92857142857143,21,4.72222222222222,3.33333333333333,NA,4,3.92105263157895,9,12,0,2,19,4025,1782,2243,769,822,3203,4.12398551801242,4.54178245230079,3.79205768167633,3.94106941482445,4.06213138686132,4.13985941617234,241
"241",2022,10,4.6965652173913,23,5.22455555555556,4.35714285714286,4.72727272727273,4,4.80105,9,14,11,3,20,4048,1791,2257,780,825,3223,4.12723881175889,4.54521347292016,3.79556286220647,3.9521568974359,4.06190545454546,4.1439623673596,242
"242",2022,11,4.45740740740741,27,5.203125,3.37272727272727,3,4.625,4.42826086956522,16,11,3,4,23,4075,1807,2268,783,829,3246,4.12942643190184,4.55103892086331,3.7935120723104,3.94850878671775,4.06462243667069,4.14597680529883,243
"243",2022,12,3.90277777777778,36,4.54545454545455,3.62,3.45454545454545,2.75,4.046875,11,25,11,4,32,4111,1818,2293,794,833,3278,4.12744167112624,4.5510051320132,3.79162031399913,3.94166546599496,4.05830972388956,4.14500936851739,244
