"","year","month","avg_rating","no_ratings","avg_rating_owned","avg_rating_not_owned","avg_rating_prev_owned","avg_rating_comment","avg_rating_no_comment","no_ratings_owned","no_ratings_not_owned","no_ratings_prev_owned","no_ratings_comment","no_ratings_no_comment","cum_no_ratings","cum_no_ratings_owned","cum_no_ratings_not_owned","cum_no_ratings_prev_owned","cum_no_ratings_comment","cum_no_ratings_no_comment","cum_avg_rating","cum_avg_rating_owned","cum_avg_rating_not_owned","cum_avg_rating_prev_owned","cum_avg_rating_comment","cum_avg_rating_no_comment","month_after_release"
"1",2008,7,7,1,NA,7,NA,7,NA,0,1,0,1,0,1,0,1,0,1,0,7,NA,7,NA,7,NA,-6
"2",2008,8,8,1,NA,8,NA,8,NA,0,1,0,1,0,2,0,2,0,2,0,7.5,NA,7.5,NA,7.5,NA,-5
"3",2008,10,4,1,NA,4,NA,NA,4,0,1,0,0,1,3,0,3,0,2,1,6.33333333333333,NA,6.33333333333333,NA,7.5,4,-3
"4",2008,11,6.75,2,NA,6.75,NA,6,7.5,0,2,0,1,1,5,0,5,0,3,2,6.5,NA,6.5,NA,7,5.75,-2
"5",2009,1,7.32346153846154,26,7.57894736842105,6.63,7.13666666666667,7.1175,7.5,19,7,3,12,14,31,19,12,3,15,16,7.19064516129032,7.57894736842105,6.57583333333333,7.13666666666667,7.094,7.28125,0
"6",2009,2,6.97652173913044,115,7.40169491525424,6.52857142857143,7.3125,6.92307692307692,7.02063492063492,59,56,8,52,63,146,78,68,11,67,79,7.02198630136986,7.4448717948718,6.53691176470588,7.26454545454545,6.96134328358209,7.07341772151899,1
"7",2009,3,6.96209150326797,153,7.46233766233766,6.45526315789474,6.9,6.83245614035088,7.0390625,77,76,10,57,96,299,155,144,21,124,175,6.99133779264214,7.45354838709678,6.49381944444444,7.09095238095238,6.90209677419355,7.05457142857143,2
"8",2009,4,7.01548672566372,113,7.41228070175439,6.61160714285714,6.55555555555556,6.85714285714286,7.06764705882353,57,56,9,28,85,412,212,200,30,152,260,6.99796116504854,7.44245283018868,6.5268,6.93033333333333,6.89381578947368,7.05884615384615,3
"9",2009,5,6.98702127659574,94,7.35625,6.71351851851852,7.13888888888889,6.5759375,7.1991935483871,40,54,9,32,62,506,252,254,39,184,322,6.99592885375494,7.42876984126984,6.56649606299213,6.97846153846154,6.83853260869565,7.08586956521739,4
"10",2009,6,7.105,90,7.43977272727273,6.78478260869565,6.71428571428571,7.0234375,7.15,44,46,7,32,58,596,296,300,46,216,380,7.01239932885906,7.43040540540541,6.59996666666667,6.93826086956522,6.86592592592593,7.09565789473684,5
"11",2009,7,6.99030612244898,98,7.388,6.57604166666667,6.95454545454545,7.26875,6.9,50,48,11,24,74,694,346,348,57,240,454,7.0092795389049,7.4242774566474,6.59666666666667,6.94140350877193,6.90620833333333,7.06376651982379,6
"12",2009,8,7.01978102189781,137,7.330625,6.58350877192982,7.04166666666667,7.08333333333333,7.00196261682243,80,57,12,30,107,831,426,405,69,270,561,7.01101083032491,7.40669014084507,6.59481481481481,6.95884057971014,6.92588888888889,7.05197860962567,7
"13",2009,9,6.96478260869565,115,7.38833333333333,6.50272727272727,6.64,7.0203125,6.9433734939759,60,55,10,32,83,946,486,460,79,302,644,7.0053911205074,7.40442386831276,6.58380434782609,6.91848101265823,6.9358940397351,7.03798136645963,8
"14",2009,10,7.01338028169014,142,7.42328767123288,6.57971014492754,7.08695652173913,7.16521739130435,6.940625,73,69,23,46,96,1088,559,529,102,348,740,7.00643382352941,7.40688729874776,6.58327032136106,6.95647058823529,6.96620689655172,7.02535135135135,9
"15",2009,11,7.02675324675325,154,7.30506024096386,6.70140845070423,6.9375,6.92483870967742,7.05243902439024,83,71,16,31,123,1242,642,600,118,379,863,7.00895330112721,7.39372274143302,6.59725,6.95389830508475,6.96282321899736,7.02921205098494,10
"16",2009,12,7.19416058394161,137,7.43333333333333,6.87796610169492,6.93076923076923,7.50322580645161,7.10377358490566,78,59,13,31,106,1379,720,659,131,410,969,7.02735315445975,7.39801388888889,6.62238239757208,6.95160305343511,7.00368292682927,7.03736842105263,11
"17",2010,1,7.17563953488372,172,7.49588785046729,6.64846153846154,6.93333333333333,7.07407407407407,7.2221186440678,107,65,15,54,118,1551,827,724,146,464,1087,7.04379754996776,7.41067714631197,6.62472375690608,6.94972602739726,7.011875,7.05742410303588,12
"18",2010,2,7.25299145299145,117,7.40422535211268,7.0195652173913,6.9375,7.21739130434783,7.26170212765957,71,46,8,23,94,1668,898,770,154,487,1181,7.05847122302158,7.41016703786191,6.64831168831169,6.94909090909091,7.02158110882957,7.073683319221,13
"19",2010,3,7.07991071428571,112,7.62384615384615,6.32765957446809,6.16666666666667,6.92741935483871,7.13827160493827,65,47,12,31,81,1780,963,817,166,518,1262,7.0598202247191,7.42458982346833,6.62986536107711,6.89253012048193,7.01594594594595,7.07782884310618,14
"20",2010,4,7.21834862385321,109,7.41688311688312,6.740625,6.86363636363636,7.35416666666667,7.18,77,32,11,24,85,1889,1040,849,177,542,1347,7.0689677077819,7.42401923076923,6.63404004711425,6.89073446327684,7.03092250922509,7.08427616926503,15
"21",2010,5,6.97037037037037,108,7.30892857142857,6.60576923076923,6.82692307692308,6.8046875,7.04013157894737,56,52,13,32,76,1997,1096,901,190,574,1423,7.06363545317977,7.41813868613139,6.63240843507214,6.88636842105263,7.01831010452962,7.08191848208011,16
"22",2010,6,7.09664179104478,134,7.31266666666667,6.82203389830508,6.83076923076923,7.3625,7.01323529411765,75,59,13,32,102,2131,1171,960,203,606,1525,7.06571093383388,7.41138343296328,6.6440625,6.8828078817734,7.03648514851485,7.07732459016393,17
"23",2010,7,6.81356589147287,129,7.228125,6.40538461538462,6.5,6.61896551724138,6.87,64,65,12,29,100,2260,1235,1025,215,635,1625,7.0513185840708,7.40188663967611,6.62892682926829,6.86144186046512,7.01741732283465,7.06456615384615,18
"24",2010,8,7.00077519379845,129,7.35641025641026,6.45686274509804,6.83333333333333,7.0741935483871,6.97755102040816,78,51,12,31,98,2389,1313,1076,227,666,1723,7.04858936793638,7.39918507235339,6.62077137546468,6.85995594713656,7.02006006006006,7.05961694718514,19
"25",2010,9,7.18586956521739,92,7.46274509803922,6.84146341463415,7.125,7.20833333333333,7.17794117647059,51,41,12,24,68,2481,1364,1117,239,690,1791,7.05367996775494,7.40156158357771,6.62887197851388,6.87326359832636,7.02660869565217,7.06410943606924,20
"26",2010,10,7.07142857142857,133,7.52847222222222,6.53196721311475,6.83684210526316,6.90243902439024,7.14673913043478,72,61,19,41,92,2614,1436,1178,258,731,1883,7.05458301453711,7.40792479108635,6.62385398981324,6.87058139534884,7.01964432284542,7.06814657461498,21
"27",2010,11,7.06987261146497,157,7.55415584415584,6.60375,6.66,7.1530303030303,7.04774193548387,77,80,15,33,124,2771,1513,1258,273,764,2007,7.05544929628293,7.41536682088566,6.62257551669316,6.85901098901099,7.0254057591623,7.06688589935227,22
"28",2010,12,6.89727891156463,147,7.19753086419753,6.52878787878788,6.69473684210526,6.84722222222222,6.91351351351351,81,66,19,36,111,2918,1594,1324,292,800,2118,7.04748115147361,7.4042973651192,6.6179003021148,6.84832191780822,7.0173875,7.05884796978281,23
"29",2011,1,6.97467105263158,152,7.39833333333333,6.35967741935484,6.62352941176471,6.66666666666667,7.0412,90,62,17,27,125,3070,1684,1386,309,827,2243,7.04387622149837,7.40397862232779,6.60634920634921,6.83595469255663,7.00593712212817,7.05786446723139,24
"30",2011,2,6.76067226890756,119,7.15758064516129,6.32894736842105,6.70588235294118,6.69444444444444,6.78010869565217,62,57,17,27,92,3189,1746,1443,326,854,2335,7.03330824709941,7.39522909507446,6.59539154539154,6.8291717791411,6.99608899297424,7.04692077087794,25
"31",2011,3,7.06714285714286,119,7.47369230769231,6.57777777777778,6.91176470588235,6.79677419354839,7.16238636363636,65,54,17,31,88,3308,1811,1497,343,885,2423,7.0345253929867,7.39804527885146,6.59475617902472,6.83326530612245,6.98910734463277,7.05111432108956,26
"32",2011,4,6.82965517241379,87,7.0975,6.5,6.65384615384615,6.91086956521739,6.80046875,48,39,13,23,64,3395,1859,1536,356,908,2487,7.02927540500737,7.39028509951587,6.59235026041667,6.82671348314607,6.98712555066079,7.04466425412143,27
"33",2011,5,6.90526315789474,95,7.15625,6.64893617021277,6.9375,6.80434782608696,6.9375,48,47,8,23,72,3490,1907,1583,364,931,2559,7.02589971346705,7.38439433665443,6.59403032217309,6.82914835164835,6.98261009667025,7.04164908167253,28
"34",2011,6,7.01084337349398,83,7.29583333333333,6.62,6.58333333333333,6.985,7.01904761904762,48,35,6,20,63,3573,1955,1618,370,951,2622,7.02554995801847,7.38221994884911,6.59459208899876,6.82516216216216,6.9826603575184,7.0411060259344,29
"35",2011,7,6.93263736263736,91,7.33176470588235,6.42375,6.68181818181818,6.8625,6.96380952380952,51,40,11,28,63,3664,2006,1658,381,979,2685,7.0232423580786,7.3809371884347,6.59047044632087,6.82102362204724,6.97922369765066,7.03929236499069,30
"36",2011,8,7.06368421052632,95,7.39,6.70111111111111,6.43333333333333,6.64285714285714,7.18310810810811,50,45,12,21,74,3759,2056,1703,393,1000,2759,7.0242644320298,7.38115758754864,6.59339401056958,6.80918575063613,6.97216,7.04314969191736,31
"37",2011,9,6.91931818181818,88,7.22872340425532,6.56463414634146,6.45,6.8462962962963,6.9516393442623,47,41,12,27,61,3847,2103,1744,405,1027,2820,7.02186378996621,7.37775083214456,6.59271788990826,6.79854320987654,6.96885102239533,7.04117021276596,32
"38",2011,10,6.81538461538462,104,7.12456140350877,6.44042553191489,6.58333333333333,6.47619047619048,6.90120481927711,57,47,12,21,83,3951,2160,1791,417,1048,2903,7.01642875221463,7.37106944444445,6.58872138470128,6.79235011990408,6.95897900763359,7.03716844643472,33
"39",2011,11,6.82213114754098,122,7.19571428571429,6.31923076923077,6.36363636363636,6.61428571428571,6.88404255319149,70,52,11,28,94,4073,2230,1843,428,1076,2997,7.01060888779769,7.36556502242153,6.58111774281064,6.78133177570093,6.9500092936803,7.03236569903236,34
"40",2011,12,6.99264705882353,102,7.32457627118644,6.53720930232558,6.56,6.92105263157895,7.00903614457831,59,43,10,19,83,4175,2289,1886,438,1095,3080,7.01017005988024,7.36450851900393,6.58011664899258,6.77627853881279,6.94950684931507,7.03173701298701,35
"41",2012,1,7.18614864864865,148,7.53125,6.68,6.5,7.31451612903226,7.15213675213675,88,60,17,31,117,4323,2377,1946,455,1126,3197,7.01619477214897,7.37068153134203,6.58319630010277,6.76595604395604,6.95955595026643,7.0361432593056,36
"42",2012,2,6.86382978723404,94,7.21296296296296,6.3925,7.11818181818182,6.89545454545455,6.85416666666667,54,40,11,22,72,4417,2431,1986,466,1148,3269,7.01295223002038,7.36717811600165,6.57935548841893,6.77427038626609,6.9583275261324,7.0321352095442,37
"43",2012,3,7.10977528089888,89,7.2625,6.9309756097561,7.21,6.70882352941176,7.20444444444444,48,41,10,17,72,4506,2479,2027,476,1165,3341,7.01486462494452,7.36515127067366,6.58646768623582,6.7834243697479,6.95468669527897,7.03584854833882,38
"44",2012,4,6.63658536585366,82,6.97727272727273,6.2421052631579,6.17857142857143,6.65714285714286,6.63235294117647,44,38,14,14,68,4588,2523,2065,490,1179,3409,7.0081037489102,7.35838684106223,6.58013075060533,6.76614285714286,6.95115351993215,7.02779994133177,39
"45",2012,5,6.99943820224719,89,7.39285714285714,6.5175,6.53571428571429,6.77916666666667,7.08076923076923,49,40,14,24,65,4677,2572,2105,504,1203,3474,7.00793884968997,7.35904354587869,6.5789406175772,6.75974206349206,6.94772236076476,7.02879101899827,40
"46",2012,6,6.76103896103896,77,7.14102564102564,6.37105263157895,7.05833333333333,6.85625,6.73606557377049,39,38,12,16,61,4754,2611,2143,516,1219,3535,7.00393984013463,7.35578705476829,6.57525431637891,6.76668604651163,6.94652173913044,7.02373974540311,41
"47",2012,7,6.8862962962963,81,7.38205128205128,6.42595238095238,6.45882352941176,6.653125,6.94369230769231,39,42,17,16,65,4835,2650,2185,533,1235,3600,7.0019689762151,7.35617358490566,6.57238443935927,6.75686679174484,6.94272064777328,7.02229444444444,42
"48",2012,8,6.67162162162162,74,7.01081081081081,6.33243243243243,5.99230769230769,6.61538461538461,6.68360655737705,37,37,13,13,61,4909,2687,2222,546,1248,3661,6.99698920350377,7.35141793822107,6.56838883888389,6.738663003663,6.9393108974359,7.01665118819994,43
"49",2012,9,6.70432098765432,81,7.29736842105263,6.18023255813953,6.15,6.14,6.88934426229508,38,43,10,20,61,4990,2725,2265,556,1268,3722,6.99223847695391,7.35066422018349,6.56101986754967,6.72807553956835,6.92670347003155,7.01456475013434,44
"50",2012,10,6.866875,80,7.11891891891892,6.65,6.78928571428571,6.97631578947368,6.8327868852459,37,43,14,19,61,5070,2762,2308,570,1287,3783,6.99026035502959,7.34755973931934,6.56267764298094,6.72957894736842,6.9274358974359,7.01163362410785,45
"51",2012,11,6.93857142857143,105,7.38557692307692,6.5,6.5,7,6.92228915662651,52,53,16,22,83,5175,2814,2361,586,1309,3866,6.9892115942029,7.34826226012793,6.5612706480305,6.72331058020478,6.92865546218487,7.00971546818417,46
"52",2012,12,6.93504672897196,107,7.36724137931034,6.4234693877551,6.335,6.51590909090909,7.04352941176471,58,49,20,22,85,5282,2872,2410,606,1331,3951,6.98811435062477,7.34864554317549,6.55846887966805,6.71049504950495,6.9218332081142,7.01044292584156,47
"53",2013,1,6.86354166666667,96,7.41458333333333,6.3125,6.1,6.68421052631579,6.90779220779221,48,48,10,19,77,5378,2920,2458,616,1350,4028,6.98589066567498,7.3497294520548,6.5536655817738,6.70058441558441,6.91848888888889,7.00848063555114,48
"54",2013,2,6.916,75,7.024,6.7,7.2,6.9,6.91935483870968,50,25,6,13,62,5453,2970,2483,622,1363,4090,6.98492939666239,7.34424579124579,6.55513894482481,6.70540192926045,6.91831254585473,7.00712958435208,49
"55",2013,3,6.88374117647059,85,7.1325,6.66262222222222,6.92222222222222,6.9209,6.87230769230769,40,45,9,20,65,5538,3010,2528,631,1383,4155,6.98337630913688,7.34143189368771,6.55705221518987,6.70849445324881,6.91834996384671,7.00502045728039,50
"56",2013,4,6.73307692307692,65,7.18333333333333,6.17413793103448,6.56818181818182,6.5,6.75677966101695,36,29,11,6,59,5603,3046,2557,642,1389,4214,6.98047260396217,7.33956336178595,6.55270942510755,6.70609034267913,6.91654283657308,7.00154485049834,51
"57",2013,5,6.94135802469136,81,7.43928571428571,6.40512820512821,6.63125,6.54285714285714,7.02462686567164,42,39,16,14,67,5684,3088,2596,658,1403,4281,6.97991520056299,7.34091968911917,6.55049229583975,6.70427051671733,6.91281397006415,7.00190609670638,52
"58",2013,6,7.08695652173913,69,7.25609756097561,6.83928571428571,7.5,7.54166666666667,6.99122807017544,41,28,4,12,57,5753,3129,2624,662,1415,4338,6.98119902659482,7.33980824544583,6.55357393292683,6.70907854984894,6.91814699646643,7.00176579068695,53
"59",2013,7,6.8431067961165,103,7.19351851851852,6.4569387755102,6.61333333333333,6.42,6.97871794871795,54,49,15,25,78,5856,3183,2673,677,1440,4416,6.97877015027323,7.33732642161483,6.5518024691358,6.70695716395864,6.90949861111111,7.00135869565217,54
"60",2013,8,6.9365671641791,67,7.15555555555556,6.48863636363636,6.95,7.00416666666667,6.92181818181818,45,22,5,12,55,5923,3228,2695,682,1452,4471,6.97829275704879,7.33479244114003,6.55128682745825,6.70873900293255,6.91028099173554,7.00038022813688,55
"61",2013,9,6.76860759493671,79,7.2925,6.23128205128205,6.73125,6.08,7.00203389830508,40,39,16,20,59,6002,3268,2734,698,1472,4530,6.97553282239254,7.33427478580172,6.54672201901975,6.70925501432665,6.899,7.00040176600442,56
"62",2013,10,6.95555555555556,81,7.26190476190476,6.62564102564103,7.04545454545455,6.875,6.96438356164384,42,39,11,8,73,6083,3310,2773,709,1480,4603,6.97526680914023,7.33335649546828,6.54783195095564,6.71447108603667,6.89887027027027,6.99983054529655,57
"63",2013,11,6.68716814159292,113,7.05,6.30454545454545,6.08947368421053,6.69583333333333,6.68483146067416,58,55,19,24,89,6196,3368,2828,728,1504,4692,6.97001258876695,7.32847684085511,6.54310042432815,6.69815934065934,6.89563031914894,6.99385549872123,58
"64",2013,12,7.01988636363636,88,7.37941176470588,6.52432432432432,6.75,6.67777777777778,7.10785714285714,51,37,8,18,70,6284,3419,2865,736,1522,4762,6.97071101209421,7.32923661889442,6.54285794066318,6.69872282608696,6.89305387647832,6.99553128937421,59
"65",2014,1,6.91538461538462,104,7.26379310344828,6.47608695652174,6.96428571428571,6.77142857142857,6.93777777777778,58,46,14,14,90,6388,3477,2911,750,1536,4852,6.96981026925486,7.3281449525453,6.54180281690141,6.70368,6.8919453125,6.99446001648805,60
"66",2014,2,6.93109090909091,110,7.20272727272727,6.65945454545455,6.53125,7.05,6.90782608695652,55,55,16,18,92,6498,3532,2966,766,1554,4944,6.96915481686673,7.3261919592299,6.54398449089683,6.70007832898172,6.89377606177606,6.99284789644013,61
"67",2014,3,7.03488372093023,86,7.33095238095238,6.75227272727273,6.67777777777778,6.12857142857143,7.21111111111111,42,44,9,14,72,6584,3574,3010,775,1568,5016,6.97001336573512,7.32624790151091,6.5470292358804,6.69981935483871,6.88694387755102,6.99598086124402,62
"68",2014,4,7.00333333333333,75,7.73108108108108,6.29473684210526,6.13461538461539,7.27142857142857,6.94180327868852,37,38,13,14,61,6659,3611,3048,788,1582,5077,6.97038864694399,7.33039601218499,6.54388385826772,6.69049492385787,6.89034639696587,6.99532991924365,63
"69",2014,5,7.03727272727273,55,7.54464285714286,6.51111111111111,6.4375,6.86428571428571,7.09634146341463,28,27,8,14,41,6714,3639,3075,796,1596,5118,6.97093655049151,7.33204451772465,6.54359609756098,6.68795226130653,6.89011779448622,6.99613911684252,64
"70",2014,6,6.37127272727273,55,7.22851851851852,5.54464285714286,6.33333333333333,6.8,6.2105,27,28,12,15,40,6769,3666,3103,808,1611,5158,6.96606411582213,7.33128205128205,6.53458201740251,6.68268564356436,6.88927870887647,6.99004652966266,65
"71",2014,7,6.45985915492958,71,7.15277777777778,5.74714285714286,5.71428571428571,5.1,6.6827868852459,36,35,14,10,61,6840,3702,3138,822,1621,5219,6.96080964912281,7.32954619124798,6.52579923518164,6.66619221411192,6.87824059222702,6.98645525962828,66
"72",2014,8,6.6551724137931,58,7.1875,6.15833333333333,6.3375,6.83888888888889,6.62142857142857,28,30,8,9,49,6898,3730,3168,830,1630,5268,6.95823977964628,7.3284798927614,6.52231944444445,6.66302409638554,6.87802331288344,6.98305998481397,67
"73",2014,9,6.71969696969697,66,7.025,6.30535714285714,6.695,6.62083333333333,6.74166666666667,38,28,10,12,54,6964,3768,3196,840,1642,5322,6.95597903503734,7.32541932059448,6.52041864831039,6.66340476190476,6.876143727162,6.98061067267944,68
"74",2014,10,6.78862068965517,87,7.19325581395349,6.39318181818182,5.96666666666667,6.68583333333333,6.80506666666667,43,44,15,12,75,7051,3811,3240,855,1654,5397,6.95391405474401,7.32392810286014,6.51869074074074,6.65118128654971,6.87476299879081,6.97817120622568,69
"75",2014,11,6.86739130434783,92,6.89230769230769,6.835,6.53571428571429,6.89642857142857,6.8546875,52,40,14,28,64,7143,3863,3280,869,1682,5461,6.95279966400672,7.31811804297179,6.52254817073171,6.64932105868815,6.87512366230678,6.97672404321553,70
"76",2014,12,6.72574712643678,87,7.26612244897959,6.02894736842105,6.00769230769231,6.176,6.84027777777778,49,38,13,15,72,7230,3912,3318,882,1697,5533,6.95006749654219,7.31746676891616,6.51689511754069,6.63986394557823,6.86894401885681,6.97494849087294,71
"77",2015,1,6.80643939393939,132,7.19626865671642,6.40461538461538,6.55909090909091,6.88095238095238,6.79234234234234,67,65,22,21,111,7362,3979,3383,904,1718,5644,6.94749225753871,7.31542598642875,6.51473780668046,6.6378982300885,6.8690908032596,6.9713571934798,72
"78",2015,2,6.84421052631579,95,7.17586206896552,6.32432432432432,6.1,6.77272727272727,6.85357142857143,58,37,10,11,84,7457,4037,3420,914,1729,5728,6.9461764784766,7.31342085707209,6.51267777777778,6.63201312910284,6.86847773279352,6.96962988826815,73
"79",2015,3,6.94115384615385,78,7.18,6.51464285714286,6.241,7.401,6.87352941176471,50,28,10,10,68,7535,4087,3448,924,1739,5796,6.94612448573325,7.31178859799364,6.51269373549884,6.62778138528139,6.87153996549741,6.96850241545893,74
"80",2015,4,6.51428571428571,63,7.05769230769231,6.13243243243243,6.25,6.43333333333333,6.53958333333333,26,37,10,15,48,7598,4113,3485,934,1754,5844,6.94254382732298,7.31018234865062,6.50865652797704,6.62373661670236,6.86779247434436,6.96497946611909,75
"81",2015,5,6.69848484848485,66,7.22694444444444,6.06433333333333,6.17923076923077,5.8,6.85892857142857,36,30,13,10,56,7664,4149,3515,947,1764,5900,6.94044206680585,7.30946011087009,6.50486429587482,6.61763463569166,6.86173922902494,6.96397288135593,76
"82",2015,6,6.67368421052632,57,7.01176470588235,6.17391304347826,5.8,6.36363636363636,6.74782608695652,34,23,10,11,46,7721,4183,3538,957,1775,5946,6.93847273669214,7.30704040162563,6.50271283210854,6.60909090909091,6.8586523943662,6.96230070635721,77
"83",2015,7,6.81940298507463,67,6.9,6.73636363636364,6.54,6.7125,6.85294117647059,34,33,10,16,51,7788,4217,3571,967,1791,5997,6.93744838212635,7.30375859615841,6.50487202464296,6.60837642192347,6.85734673366834,6.96137068534267,78
"84",2015,8,6.87179487179487,78,7.31029411764706,6.53295454545455,6.36923076923077,6.785,6.90172413793103,34,44,13,20,58,7866,4251,3615,980,1811,6055,6.93679735570811,7.30381086803105,6.50521383125865,6.60520408163265,6.85654776366648,6.96079933938893,79
"85",2015,9,6.69576271186441,59,7.1171875,6.1962962962963,5.875,6.1,6.81734693877551,32,27,8,10,49,7925,4283,3642,988,1821,6104,6.9350029022082,7.3024165304693,6.50292366831411,6.59929149797571,6.85239319055464,6.95964777195282,80
"86",2015,10,6.77197368421053,76,7.23210526315789,6.31184210526316,5.76111111111111,6.62466666666667,6.80819672131148,38,38,9,15,61,8001,4321,3680,997,1836,6165,6.93345431821023,7.3017981948623,6.50095054347826,6.59172517552658,6.85053267973856,6.95814922952149,81
"87",2015,11,6.35071428571429,70,6.95588235294118,5.77916666666667,5.98333333333333,6.05,6.43272727272727,34,36,9,15,55,8071,4355,3716,1006,1851,6220,6.92840019824062,7.29909758897819,6.49395801937567,6.58628230616302,6.8440453808752,6.95350321543408,82
"88",2015,12,6.70769230769231,78,7.16153846153846,6.25384615384615,6.05,6.45454545454545,6.74925373134328,39,39,10,11,67,8149,4394,3755,1016,1862,6287,6.92628764265554,7.29787664997724,6.49146418109188,6.58100393700787,6.84174436090226,6.95132654684269,83
"89",2016,1,6.70972222222222,72,7.25757575757576,6.24615384615385,5.95454545454545,6.2,6.74776119402985,33,39,11,5,67,8221,4427,3794,1027,1867,6354,6.92439095000608,7.29757623672916,6.48894254085398,6.57429406037001,6.8400257096947,6.94918004406673,84
"90",2016,2,6.56969696969697,66,7.01,6.20277777777778,6.2,6.51,6.58035714285714,30,36,13,10,56,8287,4457,3830,1040,1877,6410,6.92156606733438,7.29564056540274,6.48625274151436,6.56961538461539,6.83826744805541,6.94595787831513,85
"91",2016,3,6.53802816901408,71,6.76216216216216,6.29411764705882,6.32142857142857,6.74444444444444,6.50806451612903,37,34,14,9,62,8358,4494,3864,1054,1886,6472,6.9183079684135,7.29124833110815,6.48456211180124,6.56631878557875,6.8378197242842,6.9417629789864,86
"92",2016,4,6.86545454545455,55,7.01142857142857,6.61,6.4,6.59,6.92666666666667,35,20,5,10,45,8413,4529,3884,1059,1896,6517,6.91796243908237,7.28908589092515,6.48520803295572,6.56553352219075,6.83651265822785,6.94165873868344,87
"93",2016,5,7.08125,56,7.39242424242424,6.63478260869565,7.00909090909091,7.375,7.03229166666667,33,23,11,8,48,8469,4562,3907,1070,1904,6565,6.91904215373716,7.2898334064007,6.48608855899667,6.57009345794393,6.83877521008403,6.94232140137091,88
"94",2016,6,6.57578125,64,6.86714285714286,6.22413793103448,6,6.75,6.53557692307692,35,29,12,12,52,8533,4597,3936,1082,1916,6617,6.91646759639049,7.28661518381553,6.48415853658537,6.5637707948244,6.83821920668059,6.93912498110926,89
"95",2016,7,6.65957446808511,47,7.23076923076923,5.95238095238095,4.75,7.0625,6.57692307692308,26,21,4,8,39,8580,4623,3957,1086,1924,6656,6.91506037296037,7.28630110317976,6.48133636593379,6.55709023941068,6.83915176715177,6.93700270432692,90
"96",2016,8,6.53055555555556,54,6.91379310344828,6.086,6.44444444444444,7.25,6.36704545454545,29,25,9,10,44,8634,4652,3982,1095,1934,6700,6.91265554783415,7.28397893379192,6.47885434455048,6.55616438356164,6.84127611168563,6.93325970149254,91
"97",2016,9,6.77096774193548,62,7.275,6.23333333333333,6.25,6.58181818181818,6.81176470588235,32,30,10,11,51,8696,4684,4012,1105,1945,6751,6.91164535418583,7.28391759180188,6.477018444666,6.55339366515837,6.8398087403599,6.93234187527774,92
"98",2016,10,7,58,7.39285714285714,6.63333333333333,6.5,6.74545454545455,7.05957446808511,28,30,7,11,47,8754,4712,4042,1112,1956,6798,6.91223075165639,7.28456494057725,6.47817862444334,6.55305755395683,6.83927811860941,6.93322153574581,93
"99",2016,11,6.71929824561404,57,6.95151515151515,6.4,5.91666666666667,6.59166666666667,6.75333333333333,33,24,6,12,45,8811,4745,4066,1118,1968,6843,6.91098263534219,7.28224868282403,6.47771716674865,6.54964221824687,6.83776829268293,6.93203857957036,94
"100",2016,12,6.39824561403509,57,7.20645161290323,5.43461538461538,5.94444444444444,7.3,6.34814814814815,31,26,9,3,54,8868,4776,4092,1127,1971,6897,6.90768696436626,7.28175670016751,6.47108944281525,6.54480922803904,6.83847184170472,6.92746701464405,95
"101",2017,1,6.76907894736842,76,6.94047619047619,6.55735294117647,6.59090909090909,6.64210526315789,6.81140350877193,42,34,11,19,57,8944,4818,4126,1138,1990,6954,6.90650916815742,7.27878165213782,6.47180029083858,6.54525483304042,6.83659698492462,6.92651567443198,96
"102",2017,2,7.00172413793103,58,7.28205128205128,6.42631578947368,6.31111111111111,7.28666666666667,6.90232558139535,39,19,9,15,43,9002,4857,4145,1147,2005,6997,6.90712263941346,7.27880790611489,6.4715917973462,6.54341761115955,6.83996408977556,6.92636701443476,97
"103",2017,3,6.60804878048781,41,7.01095238095238,6.185,6.2,5.92857142857143,6.74794117647059,21,20,5,7,34,9043,4878,4165,1152,2012,7031,6.90576667035276,7.27765477654777,6.4702156062425,6.54192708333333,6.83679324055666,6.92550419570474,98
"104",2017,4,6.6582,50,6.77814814814815,6.51739130434783,6.23333333333333,6.14285714285714,6.74209302325581,27,23,6,7,43,9093,4905,4188,1158,2019,7074,6.90440536676565,7.27490519877676,6.4704746895893,6.54032815198618,6.83438732045567,6.9243893129771,99
"105",2017,5,7.07909090909091,55,7.33166666666667,6.776,6.4375,7.425,7.03673469387755,30,25,8,6,49,9148,4935,4213,1166,2025,7123,6.90545561871447,7.27525025329281,6.47228768098742,6.53962264150943,6.83613728395062,6.92516215077917,100
"106",2017,6,6.66340816326531,49,7.45319047619048,6.07107142857143,5.77777777777778,5.9,6.85915384615385,21,28,9,10,39,9197,4956,4241,1175,2035,7162,6.90416603240187,7.27600423728814,6.46963876444235,6.53378723404255,6.8315371007371,6.92480270874058,101
"107",2017,7,6.59201153846154,52,6.88695652173913,6.35808965517241,7.085575,6.4875,6.61101363636364,23,29,8,8,44,9249,4979,4270,1183,2043,7206,6.90241102821927,7.27420706969271,6.46888117096019,6.53751868131868,6.83018991678904,6.92288670552318,102
"108",2017,8,6.50411475409836,61,6.99,6.03390322580645,5.42857142857143,6.75,6.47729090909091,30,31,7,6,55,9310,5009,4301,1190,2049,7261,6.89980135338346,7.27250489119585,6.46574601255522,6.53099546218487,6.8299551000488,6.91951144470459,103
"109",2017,9,6.87186046511628,43,7.52052631578947,6.35833333333333,5.83333333333333,6.75,6.88435897435897,19,24,6,4,39,9353,5028,4325,1196,2053,7300,6.89967289639688,7.27344212410501,6.46514996531792,6.52749548494983,6.82979931807112,6.91932364383562,104
"110",2017,10,6.64737313432836,67,7.11772413793103,6.28842105263158,6.37166666666667,6.75,6.63345762711864,29,38,12,8,59,9420,5057,4363,1208,2061,7359,6.89787840764331,7.27254913980621,6.46361072656429,6.52594751655629,6.82948956817079,6.9170317434434,105
"111",2017,11,6.7921875,64,7.03378378378378,6.46111111111111,5.9625,6.85,6.78728813559322,37,27,8,5,59,9484,5094,4390,1216,2066,7418,6.89716518346689,7.27081488025128,6.46359535307517,6.522240625,6.82953920619555,6.91599981126988,106
"112",2017,12,6.974,50,7.50689655172414,6.23809523809524,5.875,7.38181818181818,6.85897435897436,29,21,4,11,39,9534,5123,4411,1220,2077,7457,6.89756813509545,7.27215127854773,6.46252178644298,6.52011852459016,6.83246413095811,6.91570156899558,107
"113",2018,1,6.66232876712329,73,6.87395833333333,6.256,6.4125,6.52777777777778,6.68125,48,25,8,9,64,9607,5171,4436,1228,2086,7521,6.89578063911731,7.26845503771031,6.46135788999098,6.5194174267101,6.83114956855225,6.91370650179497,108
"114",2018,2,6.9287037037037,54,7.24166666666667,6.5375,6.775,7.64166666666667,6.83958333333333,30,24,4,6,48,9661,5201,4460,1232,2092,7569,6.89596466204327,7.26830051913094,6.46176762331839,6.52024724025974,6.8334741873805,6.91323643810279,109
"115",2018,3,6.66465517241379,58,7.21333333333333,6.07678571428571,5.80454545454545,6.2125,6.737,30,28,11,8,50,9719,5231,4488,1243,2100,7619,6.89458427821792,7.26798528006117,6.45936577540107,6.51391359613837,6.83110857142857,6.91207987924925,110
"116",2018,4,7.07529411764706,51,7.7875,6.44222222222222,6.43636363636364,7.25,7.02153846153846,24,27,11,12,39,9770,5255,4515,1254,2112,7658,6.89552759467758,7.27035794481446,6.45926325581395,6.51323333333333,6.83348863636364,6.9126373204492,111
"117",2018,5,6.62517,49,7.5366665,5.99655172413793,6.26363636363636,7,6.56269833333333,20,29,11,7,42,9819,5275,4544,1265,2119,7700,6.89417842244628,7.27136764549763,6.45631021126761,6.51106292490118,6.83403869749882,6.91072856233766,112
"118",2018,6,6.92063829787234,47,7.4652380952381,6.48076923076923,6.3125,7.160625,6.79677419354839,21,26,8,16,31,9866,5296,4570,1273,2135,7731,6.89430447293736,7.27213639161632,6.4564493654267,6.50981508248232,6.83648618266979,6.91027162462812,113
"119",2018,7,6.67938775510204,49,7.17896551724138,5.955,5.57142857142857,6.28846153846154,6.82055555555556,29,20,7,13,36,9915,5325,4590,1280,2148,7767,6.8932423530005,7.27162898215963,6.45426440087146,6.50468328125,6.83316945996276,6.90985579116776,114
"120",2018,8,6.65719704545455,44,7.15075772727273,6.16363636363636,6.16666666666667,6.41666666666667,6.71904771428571,22,22,6,9,35,9959,5347,4612,1286,2157,7802,6.89219947785922,7.27113166261455,6.45287805724198,6.50310622083981,6.83143161798795,6.90899982055883,115
"121",2018,9,6.62857142857143,35,7,6.38095238095238,6.3,6.85714285714286,6.57142857142857,14,21,5,7,28,9994,5361,4633,1291,2164,7830,6.89127622573544,7.2704236149972,6.45255203971509,6.50231959721146,6.83151478743069,6.90779266922094,116
"122",2018,10,6.47586206896552,29,7.275,5.49230769230769,5.25,4.5,6.62222222222222,16,13,4,2,27,10023,5377,4646,1295,2166,7857,6.89007428913499,7.27043723265762,6.44986517434352,6.49845142857143,6.82936195752539,6.90681132747868,117
"123",2018,11,6.43105263157895,38,6.68173913043478,6.04666666666667,5.18571428571429,5.33333333333333,6.636875,23,15,7,6,32,10061,5400,4661,1302,2172,7889,6.88834058244707,7.26792981481482,6.44856760351856,6.49139370199693,6.82522928176796,6.90571638991,118
"124",2018,12,6.87727272727273,44,7.164,6.5,6,7.11,6.80882352941176,25,19,2,10,34,10105,5425,4680,1304,2182,7923,6.88829238990599,7.26745087557604,6.44877641025641,6.49064003067484,6.82653437213566,6.90530059320964,119
"125",2019,1,6.95400634615385,52,7.14339068965517,6.71521739130435,6,7.43833333333333,6.80870825,29,23,4,12,40,10157,5454,4703,1308,2194,7963,6.88862882051787,7.26679122295563,6.45007943865618,6.48913960244648,6.8298805834093,6.9048153874168,120
"126",2019,2,6.61914893617021,47,7.42083333333333,5.78260869565217,5.57142857142857,5.91666666666667,6.72195121951219,24,23,7,6,41,10204,5478,4726,1315,2200,8004,6.88738758624069,7.26746610624316,6.44683106220906,6.4842544486692,6.82739,6.90387867691154,121
"127",2019,3,6.73909090909091,44,7.1747619047619,6.34130434782609,6.55833333333333,6.28888888888889,6.85485714285714,21,23,6,9,35,10248,5499,4749,1321,2209,8039,6.88675087138954,7.26711208037825,6.44631998315435,6.48459091597275,6.82519601629697,6.90366524816519,122
"128",2019,4,6.86176470588235,34,7.10714285714286,6.69,6.53333333333333,7.2,6.80344827586207,14,20,9,5,29,10282,5513,4769,1330,2214,8068,6.88666824839526,7.26670584618175,6.44734191654435,6.4849207518797,6.82604245709124,6.90330502354983,123
"129",2019,5,6.53333333333333,30,6.60526315789474,6.40909090909091,6.4,6.91666666666667,6.4375,19,11,5,6,24,10312,5532,4780,1335,2220,8092,6.8856403151668,7.26443407989877,6.44725389121339,6.48460269662921,6.82628738738739,6.90192349604548,124
"130",2019,6,6.62434323529412,34,7.69897461538462,5.95909523809524,6.114,4.33333333333333,6.84605387096774,13,21,10,3,31,10346,5545,4801,1345,2223,8123,6.88478161608351,7.26545284039675,6.44511864194959,6.48184728624535,6.82292307692308,6.9017102794534,125
"131",2019,7,6.87428571428571,35,7.21875,6.58421052631579,5.88888888888889,6.7,6.90333333333333,16,19,9,5,30,10381,5561,4820,1354,2228,8153,6.88474622868703,7.26531846790146,6.44566692946058,6.47790590841949,6.82264721723519,6.9017162516865,126
"132",2019,8,7.06955555555556,45,7.6772,6.31,5.76,7.09,7.06371428571429,25,20,5,10,35,10426,5586,4840,1359,2238,8188,6.88554389027432,7.26716183315432,6.44510632231405,6.47526460632818,6.8238418230563,6.90240872007816,127
"133",2019,9,6.76022727272727,44,7.0304347826087,6.46428571428571,6.75,5.72222222222222,7.02714285714286,23,21,6,9,35,10470,5609,4861,1365,2247,8223,6.88501724928367,7.26619112141202,6.44518917918124,6.47647223443223,6.81942946150423,6.90293963273744,128
"134",2019,10,6.92163265306122,49,7.23,6.43473684210526,5.98,6.40833333333333,7.08810810810811,30,19,5,12,37,10519,5639,4880,1370,2259,8260,6.88518781252971,7.26599858130874,6.44514848360656,6.4746602919708,6.81724568393094,6.90376907990315,129
"135",2019,11,6.63015873015873,63,6.99666666666667,6.2969696969697,5.93333333333333,6.70769230769231,6.61,30,33,6,13,50,10582,5669,4913,1376,2272,8310,6.8836694953695,7.2645732933498,6.44415318542642,6.47229985465116,6.81661883802817,6.90200151624549,130
"136",2019,12,6.55789473684211,38,6.90476190476191,6.12941176470588,5.5,6,6.60571428571429,21,17,5,3,35,10620,5690,4930,1381,2275,8345,6.88250382297552,7.2632453427065,6.44306787018255,6.46877958001448,6.81554197802198,6.90075884961054,131
"137",2020,1,6.43319642857143,56,7.09111538461538,5.863,5.5,6.35991666666667,6.45318181818182,26,30,11,12,44,10676,5716,4960,1392,2287,8389,6.88014702135632,7.26246238628412,6.43955939516129,6.46112399425287,6.81315128989943,6.89841132435332,132
"138",2020,2,6.62545454545455,55,7.18,6.16333333333333,5.4,6.25,6.65490196078431,25,30,8,4,51,10731,5741,4990,1400,2291,8440,6.87884163638058,7.26210329210939,6.43789871743487,6.45506042857143,6.81216804888695,6.89693988151659,133
"139",2020,3,6.75588235294118,34,7.17368421052632,6.22666666666667,5.92,6.28571428571429,6.87777777777778,19,15,5,7,27,10765,5760,5005,1405,2298,8467,6.87845328379006,7.26181163194445,6.43726565434565,6.45315629893238,6.81056440382942,6.89687877642612,134
"140",2020,4,6.57404761904762,42,7.16238095238095,5.98571428571429,5.5,6.5,6.58405405405405,21,21,7,5,37,10807,5781,5026,1412,2303,8504,6.8772702507634,7.26145044110016,6.43537894946279,6.44843101983003,6.80989014329136,6.89551770931326,135
"141",2020,5,6.98925,40,7.07136363636364,6.88888888888889,6.2,6.75,7.0490625,22,18,4,8,32,10847,5803,5044,1416,2311,8536,6.87768319350973,7.26072979493366,6.43699734337827,6.44772923728813,6.80968282128949,6.89609332239925,136
"142",2020,6,6.9219512195122,41,7,6.81176470588235,6.5,7.75,6.83243243243243,24,17,5,4,37,10888,5827,5061,1421,2315,8573,6.87784988978692,7.25965591213317,6.43825619442798,6.44791315974665,6.81130755939525,6.89581856992885,137
"143",2020,7,6.76216216216216,37,6.96111111111111,6.57368421052632,6,7.35,6.69090909090909,18,19,4,4,33,10925,5845,5080,1425,2319,8606,6.87745808695653,7.25873652694611,6.43876271653543,6.44665585964912,6.81223673997413,6.89503283755519,138
"144",2020,8,6.51818181818182,22,6.56923076923077,6.44444444444444,6.75,6.25,6.56052631578947,13,9,4,3,19,10947,5858,5089,1429,2322,8625,6.87673605554033,7.25720638443155,6.43877276478679,6.44750496850944,6.81151033591731,6.89429595362319,139
"145",2020,9,6.36137931034483,29,6.49866666666667,6.21428571428571,6.625,7,6.28769230769231,15,14,4,3,26,10976,5873,5103,1433,2325,8651,6.87537441690962,7.25526902775413,6.43815688810504,6.44800041870202,6.8117535483871,6.8924728470697,140
"146",2020,10,6.60740740740741,27,7.10769230769231,6.14285714285714,5.35714285714286,6.08,6.72727272727273,13,14,7,5,22,11003,5886,5117,1440,2330,8673,6.87471685903845,7.25494308528712,6.43734895446551,6.44269763888889,6.81018326180258,6.89205379914678,141
"147",2020,11,6.74777777777778,45,6.866,6.6,6.5,6,6.80119047619048,25,20,5,3,42,11048,5911,5137,1445,2333,8715,6.87419981897176,7.25329808830993,6.43798220751411,6.44289591695502,6.8091414487784,6.89161590361446,142
"148",2020,12,6.83322033898305,59,7.09294117647059,6.48,6.28571428571429,7,6.81433962264151,34,25,7,6,53,11107,5945,5162,1452,2339,8768,6.87398213739084,7.25238099243062,6.43818570321581,6.44213815426997,6.80963103890552,6.8911487910584,143
"149",2021,1,6.94603773584906,53,7.29529411764706,6.32105263157895,6.25,6.148,7.02916666666667,34,19,4,5,48,11160,5979,5181,1456,2344,8816,6.87432433691756,7.25262502090651,6.43775614746188,6.4416103021978,6.80821970989761,6.89190024954628,144
"150",2021,2,6.41951219512195,41,6.668,6.03125,5.75,4,6.61052631578947,25,16,4,3,38,11201,6004,5197,1460,2347,8854,6.87265954825462,7.25019070619587,6.43650463729074,6.43971547945205,6.80463016616958,6.89069263609668,145
"151",2021,3,6.65596875,32,6.81861904761905,6.34545454545455,5.5,6.44157142857143,6.716,21,11,2,7,25,11233,6025,5208,1462,2354,8879,6.87204225051189,7.24868647302905,6.43631232718894,6.43842995896033,6.80355055225149,6.89020076585201,146
"152",2021,4,6.49714285714286,35,6.58636363636364,6.34615384615385,6.6,6.75,6.4734375,22,13,5,3,32,11268,6047,5221,1467,2357,8911,6.8708777600284,7.24627683148669,6.43608783757901,6.43898064076346,6.8034823928723,6.88870414094939,147
"153",2021,5,6.73827148148148,27,7.1466665,5.57142857142857,6.25,6,6.83055541666667,20,7,2,3,24,11295,6067,5228,1469,2360,8935,6.87056077290837,7.24594846382067,6.43493010711553,6.43872334921715,6.80246101694915,6.88854794963626,148
"154",2021,6,6.43869565217391,23,6.685,6.05555555555556,7,5.875,6.55736842105263,14,9,2,4,19,11318,6081,5237,1471,2364,8954,6.86968315338399,7.24465701858247,6.4342781363376,6.4394864717879,6.80089170896785,6.88784520102748,149
"155",2021,7,6.85785714285714,28,6.80666666666667,6.95,7,7.63333333333333,6.7648,18,10,1,3,25,11346,6099,5247,1472,2367,8979,6.86965396879958,7.24336437612724,6.43526102534782,6.43986725543478,6.80194676806084,6.88750260942199,150
"156",2021,8,6.72857142857143,35,7.275,6,6.66666666666667,7.33333333333333,6.60344827586207,20,15,3,6,29,11381,6119,5262,1475,2373,9008,6.86922009753097,7.24346777741461,6.43402025845686,6.44032854237288,6.80329034976823,6.88658813610124,151
"157",2021,9,6.63793103448276,29,7.5,6.02941176470588,5.75,5.66666666666667,6.75,12,17,4,3,26,11410,6131,5279,1479,2376,9034,6.8686322462752,7.24396987930191,6.43271729494222,6.4384615280595,6.80185521885522,6.88619503320788,152
"158",2021,10,6.66451612903226,31,7.74,5.65625,5.875,7.1625,6.49130434782609,15,16,4,8,23,11441,6146,5295,1483,2384,9057,6.86807918276375,7.24518049625773,6.4303710292729,6.43694173971679,6.80306543624161,6.88519221927791,153
"159",2021,11,6.9921875,32,7.03888888888889,6.93214285714286,7.9,6.66,7.0537037037037,18,14,1,5,27,11473,6164,5309,1484,2389,9084,6.86842534036433,7.24457808728099,6.43169421736674,6.43792762803234,6.80276601088321,6.88569307904007,154
"160",2021,12,6.26707317073171,41,6.34318181818182,6.17894736842105,6.1,6.1,6.29027777777778,22,19,5,5,36,11514,6186,5328,1489,2394,9120,6.86628399600486,7.24137234561914,6.43079290540541,6.43679288112827,6.80129824561403,6.88334275548246,155
"161",2022,1,6.70220689655172,58,6.83066666666667,6.56457142857143,6.4375,6.39,6.75216,30,28,8,8,50,11572,6216,5356,1497,2402,9170,6.86546162547529,7.23939017535393,6.43149227035101,6.43679665998664,6.79992839300583,6.88262747328244,156
"162",2022,2,6.51193548387097,31,6.7685,6.04545454545455,5,7.5,6.44379310344828,20,11,4,2,29,11603,6236,5367,1501,2404,9199,6.86451710161165,7.23787994387428,6.43070106204584,6.43296775483011,6.80051081530782,6.8812440406566,157
"163",2022,3,6.80522727272727,22,7.46954545454545,6.14090909090909,5.66666666666667,6.35,6.90638888888889,11,11,3,4,18,11625,6247,5378,1504,2408,9217,6.8644048972043,7.23828787097807,6.43010833023429,6.4314392287234,6.79976245847176,6.88129314635999,158
"164",2022,4,7.05984375,32,7.17583333333333,6.91071428571429,6,6.66666666666667,7.10051724137931,18,14,1,3,29,11657,6265,5392,1505,2411,9246,6.86494140259072,7.23810843256185,6.43135619436202,6.43115255813953,6.799596847781,6.88198074086092,159
"165",2022,5,6.16923076923077,39,6.53157894736842,5.825,5.71428571428571,5.4,6.28235294117647,19,20,7,5,34,11696,6284,5412,1512,2416,9280,6.86262157404241,7.23597220401019,6.42911541019956,6.42783373015873,6.79670033112583,6.8797838286638,160
"166",2022,6,6.368,25,7.39545454545455,5.56071428571429,5.45,7.2,6.16,11,14,5,5,20,11721,6295,5426,1517,2421,9300,6.86156658390922,7.23625088641779,6.4268747880575,6.42461081081081,6.79753325072284,6.87823590645162,161
"167",2022,7,7.05266666666667,30,6.98842105263158,7.16363636363636,6.5,6.8,7.14454545454545,19,11,2,8,22,11751,6314,5437,1519,2429,9322,6.86205445749298,7.23550512036744,6.42836538532279,6.42471007241606,6.79754137505146,6.87886439927055,162
"168",2022,8,7.06,24,7.35875,6.4625,8.2,7,7.072,16,8,1,4,20,11775,6330,5445,1520,2433,9342,6.8624579133758,7.23581663981043,6.42841553719008,6.42587802631579,6.79787422934649,6.8792778773282,163
"169",2022,9,6.5375,24,6.74166666666667,6.33333333333333,7,6.5,6.55,12,12,1,6,18,11799,6342,5457,1521,2439,9360,6.86179692601068,7.23488163513087,6.42820645043064,6.42625548980933,6.79714145141451,6.87864465064103,164
"170",2022,10,7.02321428571429,28,7.275,6.6875,6.6875,7.1875,6.99583333333333,16,12,4,4,24,11827,6358,5469,1525,2443,9384,6.86217907584341,7.23498259358289,6.42877538855367,6.42694072131147,6.79778059762587,6.87894436594203,165
"171",2022,11,6.4227027027027,37,6.84266666666667,6.13636363636364,6,6.54875,6.38793103448276,15,22,6,8,29,11864,6373,5491,1531,2451,9413,6.8608084903911,7.23405920759454,6.42760382443999,6.42526753755715,6.79696776825785,6.87743162966111,166
"172",2022,12,6.34692307692308,39,6.8292,5.48571428571429,6.15,6,6.37583333333333,25,14,4,3,36,11903,6398,5505,1535,2454,9449,6.85912475258338,7.23247723194749,6.42520846503179,6.42455022801303,6.7959934800326,6.87552057678061,167
