"","year","month","avg_rating","no_ratings","avg_rating_owned","avg_rating_not_owned","avg_rating_prev_owned","avg_rating_comment","avg_rating_no_comment","no_ratings_owned","no_ratings_not_owned","no_ratings_prev_owned","no_ratings_comment","no_ratings_no_comment","cum_no_ratings","cum_no_ratings_owned","cum_no_ratings_not_owned","cum_no_ratings_prev_owned","cum_no_ratings_comment","cum_no_ratings_no_comment","cum_avg_rating","cum_avg_rating_owned","cum_avg_rating_not_owned","cum_avg_rating_prev_owned","cum_avg_rating_comment","cum_avg_rating_no_comment","month_after_release"
"1",2008,8,7,13,7.44444444444444,6,NA,7.1875,6.7,9,4,0,8,5,13,9,4,0,8,5,7,7.44444444444444,6,NA,7.1875,6.7,0
"2",2008,9,6.90588235294118,17,7.03846153846154,6.475,NA,6.7,7.05,13,4,0,7,10,30,22,8,0,15,15,6.94666666666667,7.20454545454545,6.2375,NA,6.96,6.93333333333333,1
"3",2008,10,6.5325,40,6.91052631578947,6.19047619047619,6,6.60714285714286,6.49230769230769,19,21,2,14,26,70,41,29,2,29,41,6.71,7.06829268292683,6.20344827586207,6,6.78965517241379,6.65365853658537,2
"4",2008,11,6.31666666666667,78,7.015625,5.8304347826087,6.65,6.43225806451613,6.24042553191489,32,46,8,31,47,148,73,75,10,60,88,6.5027027027027,7.04520547945205,5.97466666666667,6.52,6.605,6.43295454545455,3
"5",2008,12,6.60714285714286,42,6.9,6.285,6.32,6.74,6.48636363636364,22,20,5,20,22,190,95,95,15,80,110,6.52578947368421,7.01157894736842,6.04,6.45333333333333,6.63875,6.44363636363636,4
"6",2009,1,6.51081081081081,37,7.13157894736842,5.85555555555556,6.75,5.91666666666667,6.796,19,18,4,12,25,227,114,113,19,92,135,6.52334801762115,7.03157894736842,6.01061946902655,6.51578947368421,6.5445652173913,6.50888888888889,5
"7",2009,2,6.356,25,6.94545454545455,5.89285714285714,6.16666666666667,6.1875,6.43529411764706,11,14,3,8,17,252,125,127,22,100,152,6.50674603174603,7.024,5.99763779527559,6.46818181818182,6.516,6.50065789473684,6
"8",2009,3,6.22222222222222,36,6.875,5.7,5.66666666666667,6.7,6.03846153846154,16,20,3,10,26,288,141,147,25,110,178,6.47118055555556,7.00709219858156,5.95714285714286,6.372,6.53272727272727,6.43314606741573,7
"9",2009,4,6.48586956521739,46,6.88,6.18269230769231,5.75,6.68,6.43194444444444,20,26,4,10,36,334,161,173,29,120,214,6.47320359281437,6.99130434782609,5.99104046242775,6.28620689655172,6.545,6.43294392523364,8
"10",2009,5,6.91255048780488,41,7.31111111111111,6.60063347826087,7.5,7.17351,6.85882352941176,18,23,4,7,34,375,179,196,33,127,248,6.52123885333333,7.02346368715084,6.06257433673469,6.43333333333333,6.57964228346457,6.49133064516129,9
"11",2009,6,6.3,36,6.86363636363636,6.052,5.375,6.38333333333333,6.25833333333333,11,25,4,12,24,411,190,221,37,139,272,6.5018602676399,7.01421052631579,6.06137814479638,6.31891891891892,6.56269474820144,6.47077205882353,10
"12",2009,7,6.42142857142857,28,6.66470588235294,6.04545454545455,5.5,6.0625,6.565,17,11,2,8,20,439,207,232,39,147,292,6.49673022779043,6.98550724637681,6.06062314655172,6.27692307692308,6.53547326530612,6.47722602739726,11
"13",2009,8,6.45185185185185,27,6.81333333333333,6,6.16666666666667,6.4375,6.45789473684211,15,12,3,8,19,466,222,244,42,155,311,6.49412997854077,6.97387387387387,6.05764168032787,6.26904761904762,6.53041658064516,6.47604501607717,12
"14",2009,9,6.6448275862069,29,6.83529411764706,6.375,6.75,6.88181818181818,6.5,17,12,2,11,18,495,239,256,44,166,329,6.50295872727273,6.96401673640167,6.0725178515625,6.29090909090909,6.55370222891566,6.4773556231003,13
"15",2009,10,6.6375,32,6.82105263157895,6.36923076923077,NA,6.2,6.71851851851852,19,13,0,5,27,527,258,269,44,171,356,6.51112821631879,6.95348837209302,6.08685713754647,6.29090909090909,6.54336005847953,6.49564606741573,14
"16",2009,11,6.71125,40,6.95227272727273,6.41666666666667,6.5,6.55,6.75806451612903,22,18,3,9,31,567,280,287,47,180,387,6.52524615520282,6.95339285714286,6.10754205574913,6.30425531914894,6.54369205555555,6.51666666666667,15
"17",2009,12,6.54583333333333,24,6.70769230769231,6.35454545454545,6.1,7,6.48095238095238,13,11,5,3,21,591,293,298,52,183,408,6.52608218274112,6.94249146757679,6.11665963087248,6.28461538461539,6.5511725136612,6.51482843137255,16
"18",2010,1,6.66447368421053,38,6.80416666666667,6.425,6.96666666666667,6.44444444444444,6.73275862068965,24,14,6,9,29,629,317,312,58,192,437,6.53444287758346,6.93201892744479,6.13049541666667,6.35517241379311,6.54616963541667,6.52929061784897,17
"19",2010,2,6.5,21,7.31818181818182,5.6,NA,6.57142857142857,6.46428571428571,11,10,0,7,14,650,328,322,58,199,451,6.53333010769231,6.94496951219512,6.11402040372671,6.35517241379311,6.54705814070352,6.52727272727273,18
"20",2010,3,6.68421052631579,19,7.04545454545455,6.1875,7.25,7.4,6.42857142857143,11,8,2,5,14,669,339,330,60,204,465,6.53761520179372,6.94823008849557,6.11580172727273,6.385,6.56796357843137,6.52430107526882,19
"21",2010,4,6.73913043478261,23,6.625,6.86363636363636,7.25,7,6.71428571428571,12,11,4,2,21,692,351,341,64,206,486,6.54431296242774,6.93717948717949,6.13992542521994,6.4390625,6.57215810679612,6.53251028806584,20
"22",2010,5,6.51111111111111,27,6.95333333333333,5.95833333333333,6.33333333333333,6.5375,6.5,15,12,3,8,19,719,366,353,67,214,505,6.54306616133519,6.93784153005465,6.13375232294618,6.43432835820896,6.57086247663551,6.53128712871287,21
"23",2010,6,6.2,5,7,5.66666666666667,NA,5.5,6.66666666666667,2,3,0,2,3,724,368,356,67,216,508,6.5406969198895,6.93817934782609,6.12981620786517,6.43432835820896,6.56094708333333,6.53208661417323,22
"24",2010,7,6.36764705882353,17,7.1,5.32142857142857,5.625,7.375,6.05769230769231,10,7,2,4,13,741,378,363,69,220,521,6.53672681511471,6.94246031746032,6.11422746556474,6.41086956521739,6.57574804545454,6.52024952015355,23
"25",2010,8,6.38461538461539,13,6.6875,5.9,6,NA,6.38461538461539,8,5,1,0,13,754,386,368,70,220,534,6.53410420424403,6.93717616580311,6.11131676630435,6.405,6.57574804545454,6.51694756554307,24
"26",2010,9,6.51428571428571,14,6.66,6.15,6.5,6.85,6.45833333333333,10,4,1,2,12,768,396,372,71,222,546,6.5337429296875,6.93017676767677,6.11173271505376,6.40633802816902,6.57821878378378,6.51565934065934,25
"27",2010,10,6.66666666666667,15,6.875,6.42857142857143,6.5,7.1,6.45,8,7,2,5,10,783,404,379,73,227,556,6.53628936143039,6.92908415841584,6.11758461741425,6.40890410958904,6.58971176211454,6.51447841726619,26
"28",2010,11,6.14583333333333,24,6.70833333333333,5.58333333333333,6,6.5,6.075,12,12,2,4,20,807,416,391,75,231,576,6.52467728624535,6.92271634615385,6.10118815856777,6.398,6.58815831168831,6.49921875,27
"29",2010,12,6.15882352941177,17,6.54444444444444,5.725,6.5,5.92857142857143,6.32,9,8,3,7,10,824,425,399,78,238,586,6.51712933252427,6.91470588235294,6.09364553884712,6.40192307692308,6.56875869747899,6.49616040955631,28
"30",2011,1,6.35714285714286,14,6.57142857142857,6.14285714285714,6,6.5,6.34615384615385,7,7,2,1,13,838,432,406,80,239,599,6.5144565274463,6.90914351851852,6.09449401477833,6.391875,6.5684710041841,6.49290484140234,29
"31",2011,2,6.825,16,7.05384615384615,5.83333333333333,5.5,6.75,6.83571428571429,13,3,1,2,14,854,445,409,81,241,613,6.52027467213115,6.91337078651685,6.09257841075795,6.38086419753087,6.56997746887967,6.50073409461664,30
"32",2011,3,6.2,12,6.77142857142857,5.4,5.5,5,6.30909090909091,7,5,2,1,11,866,452,414,83,242,624,6.51583668591224,6.91117256637168,6.08421393719807,6.35963855421687,6.56348995867769,6.49735576923077,31
"33",2011,4,6.71428571428571,14,6.55555555555556,7,NA,6.5,6.8,9,5,0,4,10,880,461,419,83,246,634,6.51899382954545,6.90422993492408,6.09514217183771,6.35963855421687,6.56245760162602,6.50212933753943,32
"34",2011,5,6.5,14,6.7,6,5,6,6.7,10,4,1,4,10,894,471,423,84,250,644,6.51869638702461,6.89989384288747,6.0942424822695,6.34345238095238,6.55345828,6.50520186335404,33
"35",2011,6,6.42583333333333,12,6.795,5.6875,NA,6.81666666666667,6.29555555555556,8,4,0,3,9,906,479,427,84,253,653,6.51746641280353,6.89814196242171,6.09043224824356,6.34345238095238,6.55657932806324,6.5023124042879,34
"36",2011,7,6.32857142857143,21,6.76363636363636,5.85,7,6.6,6.24375,11,10,1,5,16,927,490,437,85,258,669,6.51318723840345,6.89512244897959,6.08493036613272,6.35117647058824,6.55742081395349,6.49612855007474,35
"37",2011,8,6.375,8,7,6,6.5,6.5,6.33333333333333,3,5,2,2,6,935,493,442,87,260,675,6.51200488770053,6.89576064908722,6.08396961538462,6.35459770114943,6.55697911538462,6.49468148148148,36
"38",2011,9,6.35333333333333,15,7.33333333333333,5.7,5.5,5.75,6.44615384615385,6,9,1,2,13,950,499,451,88,262,688,6.50949954736842,6.90102204408818,6.07630725055432,6.34488636363637,6.55081896946565,6.49376453488372,37
"39",2011,10,6.45,10,6.42857142857143,6.5,6,6,6.5,7,3,1,1,9,960,506,454,89,263,697,6.50887976041666,6.89448616600791,6.07910698237886,6.34101123595506,6.54872460076046,6.49384505021521,38
"40",2011,11,5.6,18,6.4375,4.93,6.33333333333333,6,5.48571428571429,8,10,3,4,14,978,514,464,92,267,711,6.49215191206544,6.88737354085603,6.05434174568966,6.34076086956522,6.54050400749064,6.47399437412096,39
"41",2011,12,6.43333333333333,12,6.74,6.21428571428571,NA,6.125,6.5875,5,7,0,4,8,990,519,471,92,271,719,6.49143895959596,6.88595375722543,6.05671883227176,6.34076086956522,6.53437110701107,6.47525730180807,40
"42",2012,1,6.76111111111111,18,6.75,6.775,5.75,6.5,6.81333333333333,10,8,2,3,15,1008,529,479,94,274,734,6.49625453373016,6.88338374291115,6.06871517745303,6.3281914893617,6.5339947810219,6.48216621253406,41
"43",2012,2,6.40476190476191,21,7.3,5.59090909090909,6.16666666666667,5.14285714285714,7.03571428571429,10,11,3,7,14,1029,539,490,97,281,748,6.4943873372206,6.89111317254174,6.05798891836735,6.32319587628866,6.49934010676157,6.49252673796791,42
"44",2012,3,6.70588235294118,17,6.93333333333333,5,6,6.5,6.73333333333333,15,2,1,2,15,1046,554,492,98,283,763,6.49782463671128,6.89225631768953,6.05368815040651,6.31989795918367,6.49934477031802,6.49726081258191,43
"45",2012,4,6,4,6,6,6,NA,6,2,2,1,0,4,1050,556,494,99,283,767,6.49592816190476,6.88904676258993,6.05347078947368,6.31666666666667,6.49934477031802,6.49466753585398,44
"46",2012,5,6,9,7.5,5.57142857142857,6.83333333333333,5.625,6.3,2,7,3,4,5,1059,558,501,102,287,772,6.49171347497639,6.89123655913979,6.04673566866268,6.33186274509804,6.48715878048781,6.49340673575129,45
"47",2012,6,6.07222222222222,18,7.28571428571429,5.3,6.45,7.41666666666667,5.4,7,11,4,6,12,1077,565,512,106,293,784,6.48470247910863,6.89612389380531,6.03069251953125,6.33632075471698,6.50619307167235,6.47667091836735,46
"48",2012,7,6.88615384615385,13,7.14285714285714,6.58666666666667,6,6.5,7.05777777777778,7,6,1,4,9,1090,572,518,107,297,793,6.48949043119266,6.89914335664336,6.03713237451738,6.33317757009346,6.50610966329966,6.48326607818411,47
"49",2012,8,6.04736842105263,19,7.2875,5.14545454545455,6,6,6.06428571428571,8,11,1,5,14,1109,580,529,108,302,807,6.48191575293057,6.9045,6.01859086956522,6.33009259259259,6.49773036423841,6.47599752168525,48
"50",2012,9,6.725,16,6.75384615384615,6.6,NA,6.75,6.71666666666667,13,3,0,4,12,1125,593,532,108,306,819,6.48537295111111,6.90119730185498,6.0218694924812,6.33009259259259,6.50102800653595,6.47952380952381,49
"51",2012,10,6.92307692307692,13,7.09090909090909,6,6,6.66666666666667,7,11,2,1,3,10,1138,604,534,109,309,829,6.49037308435852,6.9046523178808,6.02178758426966,6.32706422018349,6.50263614886731,6.48580217129071,50
"52",2012,11,6.73333333333333,15,6.28571428571429,7.125,7.75,8.5,6.60714285714286,7,8,2,1,14,1153,611,542,111,310,843,6.49353388551604,6.89756137479542,6.03807116236162,6.3527027027027,6.50907925806452,6.48781731909846,51
"53",2012,12,6.55,19,6.82307692307692,5.95833333333333,6.5,7.5,6.371875,13,6,4,3,16,1172,624,548,115,313,859,6.49444929180887,6.89600961538462,6.03719812043796,6.35782608695652,6.51857690095847,6.48565774155995,52
"54",2013,1,6.52631578947368,19,6.9375,6.22727272727273,3,6.83333333333333,6.46875,8,11,1,3,16,1191,632,559,116,316,875,6.49495765743073,6.89653481012658,6.0409384078712,6.32887931034483,6.52156509493671,6.48534857142857,53
"55",2013,2,6.5,9,7.125,6,6,NA,6.5,4,5,1,0,9,1200,636,564,117,316,884,6.494995475,6.89797169811321,6.04057547872341,6.32606837606838,6.52156509493671,6.48549773755656,54
"56",2013,3,6.16470588235294,17,6.48,5.71428571428571,6.1,6.16666666666667,6.16428571428571,10,7,5,3,14,1217,646,571,122,319,898,6.49038173377157,6.89150154798762,6.0365754290718,6.31680327868853,6.51822749216301,6.48048997772829,55
"57",2013,4,6.145,10,6.74,5.55,5,6,6.16111111111111,5,5,1,1,9,1227,651,576,123,320,907,6.48756688671557,6.89033794162826,6.03235168402778,6.30609756097561,6.51660803125,6.47732083792723,56
"58",2013,5,6.36363636363636,11,6.5,6.2,7,8,6.2,6,5,1,1,10,1238,657,581,124,321,917,6.486465726979,6.88677321156773,6.03379444061962,6.3116935483871,6.52122919003115,6.47429661941112,57
"59",2013,6,7.04545454545455,11,7,7.5,7.5,7,7.05555555555556,10,1,1,2,9,1249,667,582,125,323,926,6.49138876701361,6.88847076461769,6.03631369415808,6.3212,6.52419371517028,6.47994600431965,58
"60",2013,7,6.875,8,6.83333333333333,6.9,NA,7,6.83333333333333,3,5,0,2,6,1257,670,587,125,325,932,6.49383020684169,6.88822388059702,6.0436704770017,6.3212,6.52712175384615,6.48222103004292,59
"61",2013,8,6.40909090909091,11,7.1,5.83333333333333,6,5,6.72222222222222,5,6,1,2,9,1268,675,593,126,327,941,6.49309508675079,6.88979259259259,6.04154227655987,6.31865079365079,6.51778155963303,6.48451647183847,60
"62",2013,9,6.57647058823529,17,6.88,6.14285714285714,6,6.76666666666667,6.53571428571429,10,7,1,3,14,1285,685,600,127,330,955,6.49419810894941,6.8896496350365,6.04272428333333,6.31614173228346,6.52004415151515,6.48526701570681,61
"63",2013,10,6.41578947368421,19,7.05714285714286,6.04166666666667,NA,5.6,6.51176470588235,7,12,0,2,17,1304,692,612,127,332,972,6.49305565184049,6.89134393063584,6.04270354575163,6.31614173228346,6.51450171686747,6.4857304526749,62
"64",2013,11,6.88461538461539,13,6.95,6.66666666666667,NA,7,6.875,10,3,0,1,12,1317,702,615,127,333,984,6.49692070615034,6.89217948717949,6.04574726829268,6.31614173228346,6.51595966966967,6.49047764227642,63
"65",2013,12,6.14285714285714,14,6.85714285714286,5.42857142857143,7,6.8,5.77777777777778,7,7,1,5,9,1331,709,622,128,338,993,6.49319652141247,6.89183356840621,6.03880155948553,6.321484375,6.52016144970414,6.48401812688822,64
"66",2014,1,6.05952380952381,21,6.88636363636364,5.15,6,5.65,6.1875,11,10,1,5,16,1352,720,632,129,343,1009,6.48646048076923,6.89175,6.02473824367089,6.31899224806202,6.50747688046647,6.47931615460852,65
"67",2014,2,5.95833333333333,12,6.4,5.64285714285714,5.5,6.16666666666667,5.88888888888889,5,7,2,3,9,1364,725,639,131,346,1018,6.48181420087976,6.88835862068966,6.02055488262911,6.30648854961832,6.50452187861272,6.47409626719057,66
"68",2014,3,6.35714285714286,7,6.875,5.66666666666667,7,7,6.25,4,3,1,1,6,1371,729,642,132,347,1024,6.48117765864332,6.8882853223594,6.01890119937695,6.31174242424242,6.50594976945245,6.472783203125,67
"69",2014,4,6.35,10,6.875,6,6.75,6.375,6.33333333333333,4,6,2,4,6,1381,733,648,134,351,1030,6.48022778421434,6.88821282401091,6.01872618827161,6.31828358208955,6.50445746438746,6.47197087378641,68
"70",2014,5,6.65,10,6.5625,7,NA,6,6.8125,8,2,0,2,8,1391,741,650,134,353,1038,6.48144828900072,6.8846963562753,6.02174549230769,6.31828358208955,6.50159934844193,6.47459537572254,69
"71",2014,6,7.2,5,7.375,6.5,NA,6.5,7.375,4,1,0,1,4,1396,745,651,134,354,1042,6.4840218982808,6.8873288590604,6.02248013824885,6.31828358208955,6.50159483050847,6.47805182341651,70
"72",2014,7,6.38375,8,6.43857142857143,6,NA,5.5,6.51,7,1,0,1,7,1404,752,652,134,355,1049,6.48345054843305,6.88315159574468,6.0224456595092,6.31828358208955,6.49877343661972,6.47826501429933,71
"73",2014,8,7.3375,8,7.61666666666667,6.5,NA,7.5,7.28333333333333,6,2,0,2,6,1412,758,654,134,357,1055,6.48828935552408,6.88895778364116,6.02390607033639,6.31828358208955,6.50438254901961,6.48284360189573,72
"74",2014,9,5.825,8,7.16666666666667,5.02,5,NA,5.825,3,5,2,0,8,1420,761,659,136,357,1063,6.48455251408451,6.89005256241787,6.01628918057663,6.29889705882353,6.50438254901961,6.47789275634995,73
"75",2014,10,6.9875,8,7.2,6.63333333333333,NA,7.53333333333333,6.66,5,3,0,3,5,1428,766,662,136,360,1068,6.48737014705882,6.89207571801567,6.01908545317221,6.29889705882353,6.51295713888889,6.47874531835206,74
"76",2014,11,6.12142857142857,14,6.24444444444444,5.9,6.5,6,6.14166666666667,9,5,1,2,12,1442,775,667,137,362,1080,6.48381731622746,6.88455483870968,6.01819275862069,6.30036496350365,6.51012312154696,6.475,75
"77",2014,12,6.7,10,6.85714285714286,6.33333333333333,6.33333333333333,6.16666666666667,6.92857142857143,7,3,3,3,7,1452,782,670,140,365,1087,6.48530617768595,6.8843094629156,6.0196038358209,6.30107142857143,6.50730019178082,6.47792088316467,76
"78",2015,1,6.00588235294118,17,6.51428571428571,5.65,6.66666666666667,4.75,6.17333333333333,7,10,3,2,15,1469,789,680,143,367,1102,6.47975804628999,6.88102661596958,6.01416848529412,6.30874125874126,6.4977236239782,6.47377495462795,77
"79",2015,2,6.65384615384615,13,6.8125,6.4,7,7.375,6.33333333333333,8,5,1,4,9,1482,797,685,144,371,1111,6.48128513495277,6.88033877038896,6.01698477372263,6.31354166666667,6.50718212938005,6.47263726372637,78
"80",2015,3,6.95555555555556,9,7.08571428571429,6.5,NA,7.1,6.9375,7,2,0,1,8,1491,804,687,144,372,1119,6.4841479342723,6.88212686567164,6.01839093158661,6.31354166666667,6.50877572580645,6.47596067917784,79
"81",2015,4,6.38461538461539,13,6.8,6.125,6,6.83333333333333,6.25,5,8,2,3,10,1504,809,695,146,375,1129,6.48328761303191,6.88161928306551,6.01961808633094,6.30924657534247,6.51137218666667,6.47395925597874,80
"82",2015,5,6.57142857142857,7,6.75,5.5,NA,NA,6.57142857142857,6,1,0,0,7,1511,815,696,146,375,1136,6.48369594308405,6.88065030674847,6.01887150862069,6.30924657534247,6.51137218666667,6.47455985915493,81
"83",2015,6,6.5,7,6.58333333333333,6,6,NA,6.5,6,1,1,0,7,1518,821,697,147,375,1143,6.48377112648221,6.87847746650426,6.01884443328551,6.30714285714286,6.51137218666667,6.47471566054243,82
"84",2015,7,6.4,5,6.25,7,NA,7,6.25,4,1,0,1,4,1523,825,698,147,376,1147,6.48349610636901,6.8754303030303,6.02025010028653,6.30714285714286,6.5126717287234,6.47393199651264,83
"85",2015,8,6.375,12,6.28571428571429,6.5,6.5,7,6.25,7,5,2,2,10,1535,832,703,149,378,1157,6.48264792833876,6.87046875,6.02366226173542,6.30973154362416,6.51525018518518,6.47199654278306,84
"86",2015,9,6.375,8,6.6,6,7,7,6.28571428571429,5,3,1,1,7,1543,837,706,150,379,1164,6.48208980557356,6.86885304659498,6.02356171388102,6.31433333333333,6.51652920844327,6.47087628865979,85
"87",2015,10,6.5,14,6.9375,5.91666666666667,6,7,6.46153846153846,8,6,2,1,13,1557,845,712,152,380,1177,6.4822508477842,6.86950295857988,6.02266091292135,6.31019736842105,6.5178015,6.47077315208156,86
"88",2015,11,6.26666666666667,15,6.85714285714286,5.75,5.5,6,6.33333333333333,7,8,4,3,12,1572,852,720,156,383,1189,6.48019374681934,6.86940140845071,6.01963134722222,6.28942307692308,6.51374561357702,6.46938603868797,87
"89",2015,12,6.26071428571429,14,6.60714285714286,5.91428571428571,6.9,6.58333333333333,6.17272727272727,7,7,1,3,11,1586,859,727,157,386,1200,6.47825634930643,6.86726426076834,6.01861701513067,6.29331210191083,6.5142864507772,6.46666666666667,88
"90",2016,1,6.60714285714286,14,7.2,6.27777777777778,6.25,6.5,6.63636363636364,5,9,2,3,11,1600,864,736,159,389,1211,6.47938410625,6.86918981481482,6.02178610054348,6.29276729559749,6.51417627249357,6.46820809248555,89
"91",2016,2,6.34666666666667,15,6.675,5.97142857142857,6.5,5.66666666666667,6.51666666666667,8,7,1,3,12,1615,872,743,160,392,1223,6.47815143653251,6.86740825688073,6.02131166890983,6.2940625,6.50769022959184,6.46868356500409,90
"92",2016,3,6.65454545454545,11,6.7,6.6,NA,5.975,7.04285714285714,6,5,0,4,7,1626,878,748,160,396,1230,6.47934475399754,6.86626423690205,6.02517990641711,6.2940625,6.50230952020202,6.4719512195122,91
"93",2016,4,5.41666666666667,6,6.25,3.75,4.5,NA,5.41666666666667,4,2,1,0,6,1632,882,750,161,396,1236,6.47543784926471,6.8634693877551,6.01911276,6.28291925465839,6.50230952020202,6.4668284789644,92
"94",2016,5,6.11538461538461,13,6.6875,5.2,4.66666666666667,6,6.125,8,5,3,1,12,1645,890,755,164,397,1248,6.472592443769,6.86188764044944,6.01368817218543,6.25335365853659,6.50104425692695,6.46354166666667,93
"95",2016,6,6.79166666666667,12,6.95,6,6,6.5,6.88888888888889,10,2,1,3,9,1657,900,757,165,400,1257,6.47490318044659,6.86286666666667,6.01365200792602,6.25181818181818,6.501036425,6.46658711217184,94
"96",2016,7,6.42777777777778,9,6.87,5.875,NA,7.85,6.25,5,4,0,1,8,1666,905,761,165,401,1265,6.47464860144058,6.86290607734807,6.01292321944809,6.25181818181818,6.50440042394015,6.46521739130435,95
"97",2016,8,6.26923076923077,13,6.83333333333333,5.78571428571429,5,5,6.375,6,7,1,1,12,1679,911,768,166,402,1277,6.47305811197141,6.86271130625686,6.0108523046875,6.24427710843374,6.50065813432836,6.46436961628818,96
"98",2016,9,6.21428571428571,7,6.5,5.83333333333333,5.83333333333333,5.5,6.33333333333333,4,3,3,1,6,1686,915,771,169,403,1283,6.47198373072361,6.86112568306011,6.0101615693904,6.23698224852071,6.49817511166253,6.46375681995323,97
"99",2016,10,6.73333333333333,12,6.82857142857143,6.6,7,7.33333333333333,6.53333333333333,7,5,1,3,9,1698,922,776,170,406,1292,6.47383072438163,6.86087852494577,6.01396207474227,6.24147058823529,6.50434623152709,6.46424148606811,98
"100",2016,11,6.45555555555556,18,6.79090909090909,5.92857142857143,5,5,6.54117647058824,11,7,1,1,17,1716,933,783,171,407,1309,6.47363902680653,6.86005359056806,6.01319868454662,6.23421052631579,6.50065004914005,6.46524064171123,99
"101",2016,12,6.46,10,6.875,6.18333333333333,NA,6.05,6.5625,4,6,0,2,8,1726,937,789,171,409,1317,6.47356000579374,6.8601173959445,6.01449248415716,6.23421052631579,6.49844638141809,6.46583143507973,100
"102",2017,1,6.90833333333333,12,6.89,7,NA,7.5,6.79,10,2,0,2,10,1738,947,791,171,411,1327,6.47656189298044,6.86043294614572,6.01698428571429,6.23421052631579,6.5033201216545,6.46827430293896,101
"103",2017,2,6.40909090909091,11,6.5,6.3,6.5,6.25,6.44444444444444,6,5,1,2,9,1749,953,796,172,413,1336,6.47613754716981,6.85816369359916,6.01876202261307,6.23575581395349,6.50209338983051,6.46811377245509,102
"104",2017,3,6.24,5,6.06666666666667,6.5,7.5,NA,6.24,3,2,1,0,5,1754,956,798,173,413,1341,6.47546440706956,6.85567991631799,6.01996813283208,6.24306358381503,6.50209338983051,6.46726323639075,103
"105",2017,4,6.95833333333333,6,7.05,6.5,NA,6.5,7.05,5,1,0,1,5,1760,961,799,173,414,1346,6.47711055113636,6.85669094693028,6.02056892365457,6.24306358381503,6.50208833333333,6.4694279346211,104
"106",2017,5,7,16,7.07692307692308,6.66666666666667,7,6.75,7.03571428571429,13,3,1,2,14,1776,974,802,174,416,1360,6.48182126689189,6.85963039014374,6.02298574812968,6.24741379310345,6.50328021634615,6.47525735294118,105
"107",2017,6,6.25,8,6.5,5.5,5.5,NA,6.25,6,2,2,0,8,1784,980,804,176,416,1368,6.48078170964126,6.85742857142857,6.02168478855721,6.23892045454546,6.50328021634615,6.47394005847953,106
"108",2017,7,6,5,6.25,5,NA,NA,6,4,1,0,0,5,1789,984,805,176,416,1373,6.47943799329234,6.8549593495935,6.02041561490683,6.23892045454546,6.50328021634615,6.47221412964312,107
"109",2017,8,6.44444444444444,9,6.42857142857143,6.5,6.5,7,6.375,7,2,2,1,8,1798,991,807,178,417,1381,6.47926283092325,6.85194752774975,6.02160417596035,6.24185393258427,6.50447139088729,6.4716509775525,108
"110",2017,9,6.5,1,6.5,NA,NA,6.5,NA,1,0,0,1,0,1799,992,807,178,418,1381,6.47927435797665,6.85159274193548,6.02160417596035,6.24185393258427,6.5044606937799,6.4716509775525,109
"111",2017,10,6.4,6,6.5,5.9,NA,5.9,6.5,5,1,0,1,5,1805,997,808,178,419,1386,6.47901084210526,6.8498294884654,6.02145367574257,6.24185393258427,6.50301806682578,6.47175324675325,110
"112",2017,11,6.30833333333333,12,6.7125,5.5,5.5,NA,6.30833333333333,8,4,2,0,12,1817,1005,812,180,419,1398,6.47788363786461,6.84873631840796,6.01888493842365,6.23361111111111,6.50301806682578,6.47035050071531,111
"113",2017,12,5.6,5,7,4.66666666666667,6,NA,5.6,2,3,1,0,5,1822,1007,815,181,419,1403,6.47547451701427,6.8490367428004,6.01390744785276,6.23232044198895,6.50301806682578,6.46724875267284,112
"114",2018,1,6.32857142857143,14,6.62222222222222,5.8,6,6.66666666666667,6.23636363636364,9,5,1,3,11,1836,1016,820,182,422,1414,6.47435434095861,6.84702755905512,6.01260313414634,6.23104395604396,6.50418144549763,6.46545261669024,113
"115",2018,2,6.64285714285714,7,7.1,5.5,NA,NA,6.64285714285714,5,2,0,0,7,1843,1021,822,182,422,1421,6.47499434074878,6.84826640548482,6.01135592457421,6.23104395604396,6.50418144549763,6.46632653061225,114
"116",2018,3,6.63636363636364,11,7,5.66666666666667,5,7.25,6.5,8,3,1,2,9,1854,1029,825,183,424,1430,6.47595176375405,6.84944606413994,6.01010250909091,6.22431693989071,6.50769945754717,6.46653846153846,115
"117",2018,4,6.33333333333333,6,6.66666666666667,6,6.5,6,6.66666666666667,3,3,2,3,3,1860,1032,828,185,427,1433,6.47549170430108,6.84891472868217,6.0100659057971,6.2272972972973,6.5041324824356,6.46695743196092,116
"118",2018,5,6.125,12,6.66666666666667,5.94444444444444,6,5.75,6.2,3,9,2,2,10,1872,1035,837,187,429,1443,6.47324496260684,6.84838647342995,6.00936029868578,6.22486631016043,6.50061671328671,6.46510741510742,117
"119",2018,6,5.25,8,6,5.14285714285714,4.5,6,5,1,7,2,2,6,1880,1036,844,189,431,1449,6.46803966489362,6.84756756756757,6.00217366113744,6.20661375661376,6.49829366589327,6.45904071773637,118
"120",2018,7,6.70833333333333,12,6.83333333333333,6.33333333333333,7,8.25,6.4,9,3,1,2,10,1892,1045,847,190,433,1459,6.46956372621565,6.84744497607656,6.00334659976387,6.21078947368421,6.50638468822171,6.45863605209047,119
"121",2018,8,6.31818181818182,11,6.6,6.08333333333333,NA,6,6.35,5,6,0,1,10,1903,1050,853,190,434,1469,6.46868868628481,6.84626666666667,6.00390922626026,6.21078947368421,6.50521790322581,6.45789652825051,120
"122",2018,9,6.85714285714286,7,6.9,6.75,7,7,6.83333333333333,5,2,1,1,6,1910,1055,855,191,435,1475,6.47011234031414,6.84652132701422,6.00565446783626,6.21492146596859,6.50635533333333,6.45942372881356,121
"123",2018,10,6.125,8,6.6,5.33333333333333,3,7,6,5,3,1,1,7,1918,1060,858,192,436,1482,6.46867287278415,6.84535849056604,6.00330369463869,6.19817708333333,6.50748754587156,6.45725371120108,122
"124",2018,11,6.265,8,6.83,5.7,4,5.6,6.664,4,4,1,3,5,1926,1064,862,193,439,1487,6.4678268795431,6.8453007518797,6.00189625290023,6.18678756476684,6.50128603644647,6.45794889038332,123
"125",2018,12,6.675,4,8,6.23333333333333,NA,6,6.9,1,3,0,1,3,1930,1065,865,193,440,1490,6.46825625388601,6.84638497652582,6.00269892485549,6.18678756476684,6.50014675,6.4588389261745,124
"126",2019,1,6.54545454545455,11,6.41666666666667,6.7,7,7,6.44444444444444,6,5,2,2,9,1941,1071,870,195,442,1499,6.468693750644,6.84397759103641,6.00670640229885,6.19512820512821,6.50240852941177,6.45875250166778,125
"127",2019,2,6.03571428571429,14,6.28571428571429,5.78571428571429,5,7,5.96153846153846,7,7,3,1,13,1955,1078,877,198,443,1512,6.46559313043478,6.84035250463822,6.00494249714937,6.1770202020202,6.50353176072235,6.45447751322751,126
"128",2019,3,6.39285714285714,7,7.1875,5.33333333333333,3,NA,6.39285714285714,4,3,1,0,7,1962,1082,880,199,443,1519,6.46533362385321,6.84163585951941,6.00265292045455,6.16105527638191,6.50353176072235,6.4541935483871,127
"129",2019,4,5.875,8,6.4,5,6,NA,5.875,5,3,1,0,8,1970,1087,883,200,443,1527,6.46293632994924,6.83960441582337,5.999246398641,6.16025,6.50353176072235,6.45115913555992,128
"130",2019,5,6.65625,8,6.875,6,7,6.5,6.70833333333333,6,2,1,2,6,1978,1093,885,201,445,1533,6.46371818503539,6.83979871912168,5.99924810169492,6.16442786069652,6.50351588764045,6.45216568819309,129
"131",2019,6,6.52,5,6.66666666666667,6.3,6.3,7,6.4,3,2,2,1,4,1983,1096,887,203,446,1537,6.46386009581443,6.83932481751825,5.99992623449831,6.16576354679803,6.50462908071749,6.45202992843201,130
"132",2019,7,6,1,6,NA,NA,NA,6,1,0,0,0,1,1984,1097,887,203,446,1538,6.46362629536291,6.83855970829535,5.99992623449831,6.16576354679803,6.50462908071749,6.45173602080624,131
"133",2019,8,6.02,5,6,6.03333333333333,6.1,6.1,6,2,3,1,1,4,1989,1099,890,204,447,1542,6.46251109602816,6.83703366696997,6.00003884269663,6.16544117647059,6.50372387024608,6.45056420233463,132
"134",2019,9,7.1,5,7.125,7,7,NA,7.1,4,1,1,0,5,1994,1103,891,205,447,1547,6.46410961384153,6.83807796917498,6.0011611335578,6.16951219512195,6.50372387024608,6.45266321913381,133
"135",2019,10,7,6,7.25,6.5,6,7.5,6.75,4,2,1,2,4,2000,1107,893,206,449,1551,6.465717285,6.83956639566396,6.00227835386338,6.16868932038835,6.50816162583519,6.45343004513217,134
"136",2019,11,6.36363636363636,11,7.125,4.33333333333333,3.5,6.83333333333333,6.1875,8,3,2,3,8,2011,1115,896,208,452,1559,6.46515891098956,6.84161434977578,5.99669036830357,6.14302884615385,6.51031984513274,6.45206542655549,135
"137",2019,12,5.78571428571429,7,6.33333333333333,5.375,6.5,NA,5.78571428571429,3,4,1,0,7,2018,1118,900,209,452,1566,6.46280206640238,6.84025044722719,5.9939273,6.14473684210526,6.51031984513274,6.44908684546616,136
"138",2020,1,6.5,13,6.55555555555556,6.375,5.5,NA,6.5,9,4,2,0,13,2031,1127,904,211,452,1579,6.46304016248154,6.8379769299024,5.99561346238938,6.13862559241706,6.51031984513274,6.44950601646612,137
"139",2020,2,7.16666666666667,3,7.5,6.5,NA,NA,7.16666666666667,2,1,0,0,3,2034,1129,905,211,452,1582,6.46407795968535,6.83914968999114,5.99617079558011,6.13862559241706,6.51031984513274,6.45086599241467,138
"140",2020,3,5.95,6,6.23333333333333,5.66666666666667,NA,NA,5.95,3,3,0,0,6,2040,1132,908,211,452,1588,6.46256596568628,6.83754416961131,5.99508212555066,6.13862559241706,6.51031984513274,6.44897355163728,139
"141",2020,4,6.47090909090909,11,6.90888888888889,4.5,NA,NA,6.47090909090909,9,2,0,0,11,2051,1141,910,211,452,1599,6.46261071184788,6.83810692375109,5.99179623076923,6.13862559241706,6.51031984513274,6.44912445278299,140
"142",2020,5,6.08333333333333,12,6.85714285714286,5,4.33333333333333,5.5,6.375,7,5,3,4,8,2063,1148,915,214,456,1607,6.46040454192923,6.83822299651568,5.98637657923497,6.11331775700935,6.50145739035088,6.44875544492844,141
"143",2020,6,6.66666666666667,3,6,7,6,NA,6.66666666666667,1,2,1,0,3,2066,1149,917,215,456,1610,6.46070405130688,6.83749347258486,5.98858731733915,6.11279069767442,6.50145739035088,6.44916149068323,142
"144",2020,7,6.25,4,6.33333333333333,6,NA,NA,6.25,3,1,0,0,4,2070,1152,918,215,456,1614,6.46029689371981,6.83618055555556,5.98859974945534,6.11279069767442,6.50145739035088,6.44866790582404,143
"145",2020,8,6.16666666666667,9,6.5,5,NA,8,5.9375,7,2,0,1,8,2079,1159,920,215,457,1622,6.45902576719577,6.83415012942192,5.98645061956522,6.11279069767442,6.50473647702407,6.4461467324291,144
"146",2020,9,6.51818181818182,11,6.55555555555556,6.35,NA,NA,6.51818181818182,9,2,0,0,11,2090,1168,922,215,457,1633,6.45933711483254,6.83200342465753,5.98723922993493,6.11279069767442,6.50473647702407,6.44663196570729,145
"147",2020,10,6.56857142857143,7,6.92666666666667,6.3,5,8,6.33,3,4,1,1,6,2097,1171,926,216,458,1639,6.45970175011922,6.83224594363792,5.98859024838013,6.10763888888889,6.50800124454148,6.44620500305064,146
"148",2020,11,7.07142857142857,14,7.33333333333333,5.5,NA,NA,7.07142857142857,12,2,0,0,14,2111,1183,928,216,458,1653,6.4637586783515,6.83732882502113,5.98753725215517,6.10763888888889,6.50800124454148,6.45150030248034,147
"149",2020,12,5.99166666666667,12,6.08181818181818,5,NA,6.9,5.90909090909091,11,1,0,1,11,2123,1194,929,216,459,1664,6.46109023551578,6.83036850921273,5.98647424111948,6.10763888888889,6.50885527233115,6.44791466346154,148
"150",2021,1,6.47375,16,6.78,5.8,5.33333333333333,6.5,6.47,11,5,3,2,14,2139,1205,934,219,461,1678,6.46118493221132,6.82990871369295,5.98547598501071,6.09703196347032,6.50881685466377,6.4480989272944,149
"151",2021,2,6.40388916666667,12,7.12095285714286,5.4,NA,5.6,6.97809571428571,7,5,0,5,7,2151,1212,939,219,466,1685,6.46086529056253,6.83158966171617,5.98235843450479,6.09703196347032,6.49906560085837,6.45030069436202,150
"152",2021,3,6.34285714285714,7,6.76666666666667,6.025,6.5,6,6.48,3,4,2,2,5,2158,1215,943,221,468,1690,6.46048250231696,6.83142935802469,5.9825393107105,6.10067873303167,6.49693284188034,6.45038856213018,151
"153",2021,4,5.61111111111111,9,5.75,5.33333333333333,5.5,5,5.6875,6,3,2,1,8,2167,1221,946,223,469,1698,6.45695488694047,6.82611520884521,5.9804805179704,6.09529147982063,6.49374108742004,6.4467942697291,152
"154",2021,5,6.7,4,6.76666666666667,6.5,6.5,NA,6.7,3,1,1,0,4,2171,1224,947,224,469,1702,6.45740269000461,6.82596950163399,5.98102911298839,6.09709821428571,6.49374108742004,6.44738934782609,153
"155",2021,6,7,4,7,7,7,NA,7,3,1,1,0,4,2175,1227,948,225,469,1706,6.45840057011495,6.82639500407498,5.98210397679325,6.10111111111111,6.49374108742004,6.44868503516999,154
"156",2021,7,6.56666666666667,6,7.08,4,NA,NA,6.56666666666667,5,1,0,0,6,2181,1232,949,225,469,1712,6.45869841357176,6.82742424512987,5.98001535300316,6.10111111111111,6.49374108742004,6.44909852219626,155
"157",2021,8,6.45454545454545,11,6.625,6,NA,6.5,6.45,8,3,0,1,10,2192,1240,952,225,470,1722,6.4586775729927,6.82611828225806,5.98007832983193,6.10111111111111,6.49375440425532,6.449103757259,156
"158",2021,9,5.66125,8,6.66666666666667,5.058,6,4,6.215,3,5,1,2,6,2200,1243,957,226,472,1728,6.45577783636364,6.82573344328238,5.97526078369906,6.10066371681416,6.48318764830508,6.44829089699074,157
"159",2021,10,6.33333333333333,3,7,6,NA,NA,6.33333333333333,1,2,0,0,3,2203,1244,959,226,472,1731,6.45561109396278,6.8258735289389,5.97531237747654,6.10066371681416,6.48318764830508,6.44809166377816,158
"160",2021,11,6.5,7,6.33333333333333,7.5,7.5,7.5,6.33333333333333,6,1,1,1,6,2210,1250,960,227,473,1737,6.4557516923077,6.823509336,5.97690059375,6.1068281938326,6.48533735729387,6.44769526194589,159
"161",2021,12,7.0975,8,7.0975,NA,NA,NA,7.0975,8,0,0,0,8,2218,1258,960,227,473,1745,6.45806638412985,6.82525172496025,5.97690059375,6.1068281938326,6.48533735729387,6.45067430945559,160
"162",2022,1,6.42307692307692,13,6.61111111111111,6,NA,6.5,6.40909090909091,9,4,0,2,11,2231,1267,964,227,475,1756,6.45786250112058,6.82373059984215,5.97699644190871,6.1068281938326,6.48539909473684,6.45041382118451,161
"163",2022,2,5.88888888888889,9,6,5.5,1,6,5.875,7,2,1,1,8,2240,1274,966,228,476,1764,6.45557644642858,6.81920460753532,5.97600887163561,6.0844298245614,6.4843793487395,6.44780423469388,162
"164",2022,3,6.125,12,6.41666666666667,5.83333333333333,NA,6,6.13636363636364,6,6,0,1,11,2252,1280,972,228,477,1775,6.45381493783304,6.8173177109375,5.97512815843622,6.0844298245614,6.48336387840671,6.44587418028169,163
"165",2022,4,6.94444444444444,9,6.8,7.125,NA,6,7.0625,5,4,0,1,8,2261,1285,976,228,478,1783,6.45576790800531,6.81725032684825,5.97984074795082,6.0844298245614,6.48235265690377,6.44864086932137,164
"166",2022,5,6,7,6.4,5,NA,6,6,5,2,0,1,6,2268,1290,978,228,479,1789,6.45436121693122,6.81563307751938,5.97783698364008,6.0844298245614,6.48134565762004,6.44713620458357,165
"167",2022,6,5.9,6,5.46666666666667,6.33333333333333,NA,6.4,5.8,3,3,0,1,5,2274,1293,981,228,480,1794,6.45289852242745,6.812503225058,5.97892412844037,6.0844298245614,6.4811761875,6.44533259197325,166
"168",2022,7,7.5,5,8,7.16666666666667,NA,7,7.625,2,3,0,1,4,2279,1295,984,228,481,1798,6.45519580517771,6.8143371969112,5.98254529471545,6.0844298245614,6.48225482328482,6.44795699110123,167
"169",2022,8,7.486,20,7.50923076923077,7.44285714285714,8.55,7.2,7.58133333333333,13,7,2,5,15,2299,1308,991,230,486,1813,6.46416321879078,6.82124363149847,5.99286031281534,6.10586956521739,6.48963903292181,6.45733407060122,168
"170",2022,9,6.84615384615385,13,6.92857142857143,6.75,6.75,7,6.8,7,6,2,3,10,2312,1315,997,232,489,1823,6.4663110899654,6.8218149581749,5.99741682046139,6.1114224137931,6.49277008179959,6.45921375205705,169
"171",2022,10,6.74705882352941,17,7.22,6.07142857142857,6,8.5,6.51333333333333,10,7,1,2,15,2329,1325,1004,233,491,1838,6.46836034349507,6.82482012830189,5.99793283864542,6.11094420600858,6.50094617107943,6.45965542437432,170
"172",2022,11,6.64411764705882,17,6.91923076923077,5.75,6.5,6.875,6.57307692307692,13,4,1,4,13,2346,1338,1008,234,495,1851,6.46963394714408,6.82573742152466,5.9969489781746,6.11260683760684,6.50396882828283,6.46045200972448,171
"173",2022,12,7.23888888888889,18,7.40769230769231,6.8,5,7,7.25294117647059,13,5,1,1,17,2364,1351,1013,235,496,1868,6.47549121827412,6.83133728349371,6.00091270483712,6.10787234042553,6.50496889112903,6.46766417023555,172
