"","year","month","avg_rating","no_ratings","avg_rating_owned","avg_rating_not_owned","avg_rating_prev_owned","avg_rating_comment","avg_rating_no_comment","no_ratings_owned","no_ratings_not_owned","no_ratings_prev_owned","no_ratings_comment","no_ratings_no_comment","cum_no_ratings","cum_no_ratings_owned","cum_no_ratings_not_owned","cum_no_ratings_prev_owned","cum_no_ratings_comment","cum_no_ratings_no_comment","cum_avg_rating","cum_avg_rating_owned","cum_avg_rating_not_owned","cum_avg_rating_prev_owned","cum_avg_rating_comment","cum_avg_rating_no_comment","month_after_release"
"1",2008,10,7.16875,16,7.63636363636364,6.14,7,7.64285714285714,6.8,11,5,1,7,9,16,11,5,1,7,9,7.16875,7.63636363636364,6.14,7,7.64285714285714,6.8,0
"2",2008,11,7.09067796610169,59,7.55882352941176,6.90119047619048,7,7.05,7.125,17,42,1,27,32,75,28,47,2,34,41,7.10733333333333,7.58928571428571,6.82021276595745,7,7.17205882352941,7.05365853658537,1
"3",2008,12,7.38846153846154,39,8.015625,6.95217391304348,7.35714285714286,7.45833333333333,7.35740740740741,16,23,7,12,27,114,44,70,9,46,68,7.20350877192983,7.74431818181818,6.86357142857143,7.27777777777778,7.24673913043478,7.17426470588235,2
"4",2009,1,7.13636363636364,22,8.22727272727273,6.04545454545455,6.33333333333333,7,7.17647058823529,11,11,3,5,17,136,55,81,12,51,85,7.19264705882353,7.84090909090909,6.75246913580247,7.04166666666667,7.22254901960784,7.17470588235294,3
"5",2009,2,7,35,8.31818181818182,6.39583333333333,6.66666666666667,6.7,7.12,11,24,3,10,25,171,66,105,15,61,110,7.15321637426901,7.92045454545455,6.67095238095238,6.96666666666667,7.13688524590164,7.16227272727273,4
"6",2009,3,6.97906976744186,43,7.55555555555556,6.82647058823529,7.2,6.93333333333333,7.00357142857143,9,34,5,15,28,214,75,139,20,76,138,7.11822429906542,7.87666666666667,6.7089928057554,7.025,7.09671052631579,7.13007246376812,5
"7",2009,4,7.18369565217391,46,7.96428571428571,6.8421875,8,7.08529411764706,7.24137931034483,14,32,1,17,29,260,89,171,21,93,167,7.12980769230769,7.89044943820225,6.73391812865497,7.07142857142857,7.09462365591398,7.14940119760479,6
"8",2009,5,7.24886363636364,88,7.74864864864865,6.88627450980392,7.75,7.32608695652174,7.22153846153846,37,51,4,23,65,348,126,222,25,116,232,7.15991379310345,7.84880952380952,6.76891891891892,7.18,7.14051724137931,7.16961206896552,7
"9",2009,6,7.171875,128,7.75483870967742,6.62424242424242,7.23333333333333,7.23888888888889,7.12297297297297,62,66,15,54,74,476,188,288,40,170,306,7.16313025210084,7.81781914893617,6.73576388888889,7.2,7.17176470588235,7.15833333333333,8
"10",2009,7,7.0936974789916,119,7.7311320754717,6.58181818181818,7.1875,7.06875,7.10632911392405,53,66,12,40,79,595,241,354,52,210,385,7.14924369747899,7.79875518672199,6.70706214689266,7.19711538461539,7.15214285714286,7.14766233766234,9
"11",2009,8,6.8741935483871,93,7.33421052631579,6.55636363636364,7.125,6.66666666666667,6.9463768115942,38,55,10,24,69,688,279,409,62,234,454,7.11206395348837,7.73548387096774,6.68679706601467,7.18548387096774,7.10235042735043,7.1170704845815,10
"12",2009,9,6.928,75,7.546875,6.46744186046512,6.90909090909091,7.09615384615385,6.83877551020408,32,43,11,26,49,763,311,452,73,260,503,7.09397116644823,7.71607717041801,6.66592920353982,7.14383561643836,7.10173076923077,7.08996023856859,11
"13",2009,10,7.04122807017544,114,7.54705882352941,6.63174603174603,7.1375,7.00526315789474,7.05921052631579,51,63,12,38,76,877,362,515,85,298,579,7.08711516533637,7.69226519337017,6.66174757281553,7.14294117647059,7.08942953020134,7.08592400690846,12
"14",2009,11,7.05288461538461,104,7.56744186046512,6.69016393442623,6.75909090909091,6.92857142857143,7.08433734939759,43,61,11,21,83,981,405,576,96,319,662,7.08348623853211,7.67901234567901,6.66475694444444,7.09895833333333,7.07884012539185,7.0857250755287,13
"15",2009,12,6.96727272727273,110,7.5,6.61212121212121,6.82,6.93103448275862,6.98024691358025,44,66,20,29,81,1091,449,642,116,348,743,7.0717690192484,7.66146993318486,6.65934579439252,7.05086206896552,7.06652298850575,7.07422611036339,14
"16",2010,1,7.0715,100,7.48863636363636,6.74375,6.73333333333333,7.175,7.045625,44,56,12,20,80,1191,493,698,128,368,823,7.07174643157011,7.64604462474645,6.66611747851003,7.02109375,7.07241847826087,7.07144592952612,15
"17",2010,2,6.974,75,7.49264705882353,6.54390243902439,7.20833333333333,7.1551724137931,6.85978260869565,34,41,12,29,46,1266,527,739,140,397,869,7.06595576619273,7.63614800759013,6.65933694181326,7.03714285714286,7.07846347607053,7.0602416570771,16
"18",2010,3,7.12156862745098,51,7.375,6.95806451612903,7.14285714285714,7.31578947368421,7.00625,20,31,7,19,32,1317,547,770,147,416,901,7.06810933940775,7.62659963436929,6.67136363636364,7.0421768707483,7.08930288461538,7.05832408435072,17
"19",2010,4,6.92755102040816,49,7.19642857142857,6.56904761904762,7.34,6.93333333333333,6.92567567567568,28,21,5,12,37,1366,575,791,152,428,938,7.06306734992679,7.60565217391304,6.66864728192162,7.05197368421053,7.08492990654205,7.05309168443497,18
"20",2010,5,7.03583333333333,60,7.68571428571429,6.4671875,6.3,7.07352941176471,7.02093023255814,28,32,5,17,43,1426,603,823,157,445,981,7.06192145862553,7.60936981757877,6.66081409477521,7.02802547770701,7.08449438202247,7.05168195718654,19
"21",2010,6,6.68222222222222,45,7.26111111111111,6.2962962962963,7.25,6.77272727272727,6.65294117647059,18,27,4,11,34,1471,621,850,161,456,1015,7.05030591434399,7.59927536231884,6.64923529411765,7.03354037267081,7.07697368421053,7.03832512315271,20
"22",2010,7,7.00757575757576,33,7.540625,6.50588235294118,7,6.77777777777778,7.09375,16,17,4,9,24,1504,637,867,165,465,1039,7.04936835106383,7.5978021978022,6.64642445213379,7.03272727272727,7.07118279569892,7.03960538979788,21
"23",2010,8,6.83875,40,7.5625,6.115,7,6.95,6.80166666666667,20,20,4,10,30,1544,657,887,169,475,1069,7.04391191709845,7.59672754946727,6.63444193912063,7.03195266272189,7.06863157894737,7.03292797006548,22
"24",2010,9,6.7563829787234,47,7.69642857142857,6.35757575757576,6.45833333333333,7.22222222222222,6.64605263157895,14,33,12,9,38,1591,671,920,181,484,1107,7.03541797611565,7.59880774962742,6.62451086956522,6.9939226519337,7.07148760330578,7.01964769647696,23
"25",2010,10,7.16590909090909,44,7.73125,6.84285714285714,6.72222222222222,7.6375,7.06111111111111,16,28,9,8,36,1635,687,948,190,492,1143,7.03892966360856,7.6018922852984,6.63095991561181,6.98105263157895,7.08069105691057,7.02095363079615,24
"26",2010,11,7.11,75,7.34032258064516,6.94772727272727,7.20769230769231,7.16785714285714,7.09672131147541,31,44,13,14,61,1710,718,992,203,506,1204,7.04204678362573,7.59059888579387,6.64501008064516,6.99556650246305,7.08310276679842,7.02479235880399,25
"27",2010,12,6.98409090909091,66,7.45535714285714,6.63684210526316,6.55,6.93809523809524,7.00555555555556,28,38,15,21,45,1776,746,1030,218,527,1249,7.03989301801802,7.58552278820375,6.64470873786408,6.96490825688073,7.07732447817837,7.02409927942354,26
"28",2011,1,7.02142857142857,56,7.65,6.67222222222222,6.71,7.375,6.9625,20,36,10,8,48,1832,766,1066,228,535,1297,7.03932860262009,7.58720626631854,6.64563789868668,6.95372807017544,7.08177570093458,7.02181958365459,27
"29",2011,2,7.13181818181818,44,7.78947368421053,6.632,6.85714285714286,7,7.16571428571429,19,25,7,9,35,1876,785,1091,235,544,1332,7.04149786780384,7.59210191082802,6.64532538955087,6.95085106382979,7.08042279411764,7.0256006006006,28
"30",2011,3,6.91971428571429,35,7.28764705882353,6.57222222222222,7,7.4375,6.7662962962963,17,18,7,8,27,1911,802,1109,242,552,1359,7.0392673992674,7.58564837905237,6.6441388638413,6.95227272727273,7.08559782608696,7.02044885945548,29
"31",2011,4,7.028125,32,7.545,6.16666666666667,6.16666666666667,7.21111111111111,6.95652173913043,20,12,3,9,23,1943,822,1121,245,561,1382,7.03908389089038,7.58465936739659,6.63902765388046,6.94265306122449,7.08761140819964,7.01938494934877,30
"32",2011,5,6.71527777777778,36,7.22727272727273,6.49,6.58333333333333,6.33333333333333,6.79166666666667,11,25,6,6,30,1979,833,1146,251,567,1412,7.03319353208691,7.5799399759904,6.63577661431065,6.93406374501992,7.07962962962963,7.01454674220963,31
"33",2011,6,6.46132142857143,42,6.96571428571429,6.209125,6.21428571428571,6.81666666666667,6.31918333333333,14,28,7,12,30,2021,847,1174,258,579,1442,7.02130900544285,7.56978748524203,6.62560093696763,6.91453488372093,7.07417962003454,7.00008009708738,32
"34",2011,7,6.55232558139535,43,7.30555555555556,6.01,6.10714285714286,6,6.81896551724138,18,25,7,14,29,2064,865,1199,265,593,1471,7.01153851744186,7.56428901734104,6.61276522101751,6.89320754716981,7.04881956155143,6.99650951733515,33
"35",2011,8,6.78557692307692,52,7.3375,6.14166666666667,6.025,6.66666666666667,6.82125,28,24,8,12,40,2116,893,1223,273,605,1511,7.00598558601134,7.55717805151176,6.6035204415372,6.86776556776557,7.04123966942149,6.99186995367306,34
"36",2011,9,6.58695652173913,23,6.90909090909091,6.29166666666667,5,6.66666666666667,6.575,11,12,1,3,20,2139,904,1235,274,608,1531,7.0014798971482,7.54929203539823,6.60049028340081,6.86094890510949,7.03939144736842,6.98642423252776,35
"37",2011,10,6.73235294117647,51,7.225,6.50714285714286,6.9375,7.04166666666667,6.69111111111111,16,35,4,6,45,2190,920,1270,278,614,1576,6.99521255707763,7.54365217391304,6.59791771653543,6.86205035971223,7.03941368078176,6.97799206852792,36
"38",2011,11,6.76418918918919,74,7.30535714285714,6.43478260869565,6.29166666666667,6.78157894736842,6.75818181818182,28,46,12,19,55,2264,948,1316,290,633,1631,6.98766143992933,7.53661392405063,6.59221542553192,6.83844827586207,7.03167456556082,6.97057970570202,37
"39",2011,12,6.93235294117647,34,7.03157894736842,6.80666666666667,7.2,7.28571428571429,6.84074074074074,19,15,5,7,27,2298,967,1331,295,640,1658,6.98684312445605,7.52669079627715,6.59463223140496,6.84457627118644,7.034453125,6.96846531966225,38
"40",2012,1,6.9311320754717,53,7.3,6.70757575757576,6.89,6.94090909090909,6.92857142857143,20,33,10,11,42,2351,987,1364,305,651,1700,6.98558719693747,7.52209726443769,6.59736473607038,6.84606557377049,7.03287250384025,6.96747970588235,39
"41",2012,2,6.72692307692308,26,7.39,6.3125,6.625,6,6.9,10,16,8,5,21,2377,997,1380,313,656,1721,6.98275788809424,7.52077231695085,6.59406195652174,6.84041533546326,7.025,6.96665630447414,40
"42",2012,3,7.05357142857143,28,7.42857142857143,6.67857142857143,6.625,7,7.05769230769231,14,14,4,2,26,2405,1011,1394,317,658,1747,6.98358232848233,7.51949554896142,6.59491068866571,6.83769716088328,7.02492401215805,6.96801116199199,41
"43",2012,4,6.76666666666667,30,7.31428571428571,6.2875,6.5,7.1875,6.61363636363636,14,16,4,8,22,2435,1025,1410,321,666,1769,6.98090985626283,7.51669268292683,6.59142234042553,6.83348909657321,7.02687687687688,6.96360401356699,42
"44",2012,5,7.2,27,8.05555555555556,6.77222222222222,6.41111111111111,7.5,7.14782608695652,9,18,9,4,23,2462,1034,1428,330,670,1792,6.98331255077173,7.5213829787234,6.59370133053221,6.8219696969697,7.02970149253731,6.96596847098214,43
"45",2012,6,6.734,25,7.53333333333333,5.99615384615385,5,5.375,6.99285714285714,12,13,2,4,21,2487,1046,1441,332,674,1813,6.98080639324487,7.52152007648183,6.5883105482304,6.81099397590361,7.01988130563798,6.96627992277992,44
"46",2012,7,6.79703703703704,27,7.27272727272727,6.47,6.53333333333333,6.53333333333333,6.83,11,16,3,3,24,2514,1057,1457,335,677,1837,6.97883273667462,7.51893093661305,6.58701132463967,6.80850746268657,7.01772525849335,6.96449945563419,45
"47",2012,8,6.69791666666667,24,7.225,6.32142857142857,7.25,6.70833333333333,6.69444444444444,10,14,2,6,18,2538,1067,1471,337,683,1855,6.97617631993696,7.51617619493908,6.58448368456832,6.81112759643917,7.01500732064422,6.96187897574124,46
"48",2012,9,6.92258064516129,31,7.91,6.45238095238095,6.25,6.33333333333333,7.064,10,21,8,6,25,2569,1077,1492,345,689,1880,6.97552958349552,7.51983286908078,6.58262432975872,6.79811594202898,7.00907111756168,6.96323696808511,47
"49",2012,10,6.75238095238095,21,7.2,6.6125,6.7,7,6.72631578947368,5,16,5,2,19,2590,1082,1508,350,691,1899,6.97372027027027,7.51835489833641,6.58294131299735,6.79671428571428,7.00904486251809,6.96086650868878,48
"50",2012,11,6.93571428571429,35,7.265625,6.65789473684211,6.71428571428571,7,6.92741935483871,16,19,7,4,31,2625,1098,1527,357,695,1930,6.97321352380952,7.51467213114754,6.58387393582187,6.79509803921568,7.0089928057554,6.9603292746114,49
"51",2012,12,6.88305555555556,36,7.19047619047619,6.45266666666667,6.6,7.11111111111111,6.80703703703704,21,15,5,9,27,2661,1119,1542,362,704,1957,6.97199379932356,7.50858802502234,6.58259760051881,6.79240331491713,7.01029829545455,6.95821435871232,50
"52",2013,1,7.13233333333333,30,7.40625,6.81928571428571,6.894,7.33333333333333,7.08208333333333,16,14,5,6,24,2691,1135,1556,367,710,1981,6.97378130806392,7.50714537444934,6.58472718508998,6.79378746594005,7.01302816901408,6.95971504290762,51
"53",2013,2,6.464,25,7.625,5.39230769230769,5.375,5.86,6.615,12,13,4,5,20,2716,1147,1569,371,715,2001,6.96908891752577,7.50837837837838,6.57484735500319,6.77849056603773,7.00496503496504,6.9562696151924,52
"54",2013,3,6.34688461538462,26,6.83333333333333,6.20095,6.9115,6.92975,6.24090909090909,6,20,6,4,22,2742,1153,1589,377,719,2023,6.96318909555069,7.50486556808326,6.57014128382631,6.7806074270557,7.00454659248957,6.94849011369254,53
"55",2013,4,7.33,20,7.5,7.23846153846154,7.21428571428571,7.06666666666667,7.37647058823529,7,13,7,3,17,2762,1160,1602,384,722,2040,6.96584522085445,7.50483620689655,6.57556460674158,6.78851302083333,7.00480470914127,6.95205661764706,54
"56",2013,5,6.8175,20,7.21363636363636,6.33333333333333,7,6.89,6.79333333333333,11,9,4,5,15,2782,1171,1611,388,727,2055,6.96477875629044,7.50210076857387,6.5742113594041,6.79069329896907,7.004015130674,6.95089805352798,55
"57",2013,6,6.825,20,7.38888888888889,6.36363636363636,6.66666666666667,7.83333333333333,6.64705882352941,9,11,3,3,17,2802,1180,1622,391,730,2072,6.96378104925053,7.50123728813559,6.57278329223182,6.78974168797954,7.00742328767123,6.94840516409266,56
"58",2013,7,6.75333333333333,30,7.78571428571429,6.43913043478261,6.25,6.875,6.73461538461538,7,23,6,4,26,2832,1187,1645,397,734,2098,6.96155173022599,7.5029149115417,6.57091458966566,6.78158438287153,7.00670163487738,6.94575571973308,57
"59",2013,8,6.98125,24,7.70454545454545,6.36923076923077,5.66666666666667,6.3,7.16052631578947,11,13,3,5,19,2856,1198,1658,400,739,2117,6.96171726190476,7.50476627712855,6.56933323281062,6.7732225,7.0019201623816,6.9476832782239,58
"60",2013,9,6.77142857142857,35,7.25,6.52173913043478,6.1875,7.1,6.71666666666667,12,23,8,5,30,2891,1210,1681,408,744,2147,6.95941352473193,7.50223966942149,6.56868203450327,6.76173774509804,7.00257930107527,6.9444552864462,59
"61",2013,10,7.31969696969697,33,7.45833333333333,7.15333333333333,7.23,6.92222222222222,7.46875,18,15,10,9,24,2924,1228,1696,418,753,2171,6.96347965116279,7.50159609120521,6.57385288915095,6.77294019138756,7.00161885790173,6.95025126669737,60
"62",2013,11,6.96632653061225,49,7.575,6.54655172413793,6.06666666666667,6.95454545454545,6.96973684210526,20,29,9,11,38,2973,1248,1725,427,764,2209,6.9635265724857,7.50277243589744,6.57339391304348,6.75805386416862,7.00094109947644,6.95058646446356,61
"63",2013,12,7.08552631578947,38,7.34782608695652,6.68333333333333,6.66666666666667,7.33333333333333,7.06428571428571,23,15,6,3,35,3011,1271,1740,433,767,2244,6.96506625705745,7.49996852871755,6.57434166666667,6.75678752886836,7.00224119947849,6.95235984848485,62
"64",2014,1,7.19166666666667,42,7.43478260869565,6.89736842105263,7.19375,7.92857142857143,7.04428571428571,23,19,8,7,35,3053,1294,1759,441,774,2279,6.96818358991156,7.49880989180835,6.5778308698124,6.76471428571428,7.0106188630491,6.95377161035542,63
"65",2014,2,6.73448275862069,29,7.19230769230769,6.3625,5.9,7.1,6.65833333333333,13,16,5,5,24,3082,1307,1775,446,779,2303,6.96598458792991,7.49576128538638,6.57588985915493,6.7550201793722,7.01119255455712,6.95069279201042,64
"66",2014,3,6.72269230769231,26,7.19083333333333,6.32142857142857,7.5,6.5,6.77571428571429,12,14,2,5,21,3108,1319,1789,448,784,2324,6.96394932432432,7.49298711144807,6.57389854667412,6.75834598214286,7.00793239795918,6.94911166092943,65
"67",2014,4,6.938,25,7.59375,6.62941176470588,6.5,6.8125,6.96190476190476,8,17,5,4,21,3133,1327,1806,453,788,2345,6.96374225981487,7.49359457422758,6.57442109634552,6.7554944812362,7.00694035532995,6.94922622601279,66
"68",2014,5,6.92758620689655,29,7.41666666666667,6.58235294117647,7,6.75,6.97391304347826,12,17,4,6,23,3162,1339,1823,457,794,2368,6.96341065781151,7.49290515309933,6.57449506308283,6.75763457330416,7.00499874055416,6.94946600506757,67
"69",2014,6,6.890625,16,7.125,6.65625,6.625,7.25,6.83928571428571,8,8,4,2,14,3178,1347,1831,461,796,2382,6.96304421019509,7.49072011878248,6.57485226652103,6.75648373101952,7.00561432160804,6.94881842989085,68
"70",2014,7,6.73913043478261,23,7.40909090909091,6.125,7.25,7.08333333333333,6.61764705882353,11,12,2,6,17,3201,1358,1843,463,802,2399,6.96143533270853,7.490058910162,6.57192322300597,6.75861555075594,7.0061957605985,6.94647165485619,69
"71",2014,8,7.09,20,7.43,6.75,7,6.9375,7.19166666666667,10,10,3,8,12,3221,1368,1853,466,810,2411,6.96223362309841,7.48961988304094,6.5728842417701,6.76016952789699,7.00551728395062,6.94769203649938,70
"72",2014,9,7.35416666666667,24,7.76923076923077,6.86363636363636,5.5,7.5,7.325,13,11,3,4,20,3245,1381,1864,469,814,2431,6.96513235747303,7.49225199131065,6.57460005364807,6.75210874200426,7.00794717444717,6.95079617441382,71
"73",2014,10,7.01379310344828,29,7.27857142857143,6.76666666666667,7.1,6.75,7.08260869565217,14,15,5,6,23,3274,1395,1879,474,820,2454,6.96556337813073,7.49010752688172,6.5761333155934,6.75577848101266,7.00605975609756,6.95203158109209,72
"74",2014,11,6.36739130434783,23,6.54285714285714,6.290625,6.225,7,6.2725,7,16,8,3,20,3297,1402,1895,482,823,2474,6.96139050652108,7.48537803138374,6.57372269129288,6.74696887966805,7.00603766707169,6.94653819725141,73
"75",2014,12,7.12923076923077,26,7.725,6.61857142857143,6.875,7.08333333333333,7.143,12,14,4,6,20,3323,1414,1909,486,829,2494,6.96270373156786,7.48741159830269,6.57405159769513,6.74802263374486,7.00659710494572,6.94811367281475,74
"76",2015,1,6.93236842105263,38,7.29631578947368,6.56842105263158,6.6,6.625,6.96852941176471,19,19,5,4,34,3361,1433,1928,491,833,2528,6.96236075572746,7.48487787857641,6.57399610995851,6.74651527494908,7.00476470588235,6.94838825158228,75
"77",2015,2,6.8484375,32,7.12307692307692,6.66052631578947,7.05,6.9875,6.765,13,19,5,12,20,3393,1446,1947,496,845,2548,6.96128632478632,7.48162517289073,6.5748405238829,6.74957459677419,7.00451952662722,6.9469487833595,76
"78",2015,3,6.872,25,7.5,6.45333333333333,6.125,6.5,6.90434782608696,10,15,4,2,23,3418,1456,1962,500,847,2571,6.96063326506729,7.48175137362637,6.57391156982671,6.744578,7.00332821723731,6.94656767794632,77
"79",2015,4,6.71875,16,7.875,6.33333333333333,5.5,7.5,6.53846153846154,4,12,4,3,13,3434,1460,1974,504,850,2584,6.95950626092021,7.48282876712329,6.5724490881459,6.7347003968254,7.00508117647059,6.9445145123839,78
"80",2015,5,7.671875,16,8.15625,7.1875,6.5,7.33333333333333,7.75,8,8,1,3,13,3450,1468,1982,505,853,2597,6.96281,7.48649863760218,6.57493163471241,6.73423564356436,7.00623563892145,6.94854659222179,79
"81",2015,6,6.84736842105263,19,7.41666666666667,6.58461538461538,6.33333333333333,4.93333333333333,7.20625,6,13,3,3,16,3469,1474,1995,508,856,2613,6.9621777169213,7.48621438263229,6.5749947368421,6.73186811023622,6.99897079439252,6.95012456946039,80
"82",2015,7,6.84583333333333,24,7.23,6.57142857142857,8.25,7.41666666666667,6.65555555555556,10,14,2,6,18,3493,1484,2009,510,862,2631,6.96137832808474,7.48448787061995,6.57496988551518,6.73782156862745,7.00187819025522,6.94810927404029,81
"83",2015,8,6.7525,20,7.6625,6.14583333333333,6,6.5,6.78055555555556,8,12,3,2,18,3513,1492,2021,513,864,2649,6.96018915456874,7.48544235924933,6.57242182088075,6.73350682261209,7.00071643518519,6.94697074367686,82
"84",2015,9,6.94558823529412,34,7.54285714285714,6.5275,7.13888888888889,5.76428571428571,7.25185185185185,14,20,9,7,27,3547,1506,2041,522,871,2676,6.96004919650409,7.48597609561753,6.5719816266536,6.74049616858237,6.99077956371986,6.95004689835575,83
"85",2015,10,7.11029411764706,34,7.61764705882353,6.60294117647059,6.625,7.26666666666667,7.054,17,17,4,9,25,3581,1523,2058,526,880,2701,6.9614757051103,7.4874458305975,6.57223736637512,6.73961787072243,6.99360113636364,6.95100907071455,84
"86",2015,11,6.875,48,7.49047619047619,6.3962962962963,6.77777777777778,7.64285714285714,6.74390243902439,21,27,9,7,41,3629,1544,2085,535,887,2742,6.96033190961697,7.48748704663212,6.56995899280576,6.74025981308411,6.99872491544532,6.94791229029905,85
"87",2015,12,7.3156862745098,51,7.75,6.44705882352941,6.1,7.375,7.3046511627907,34,17,3,8,43,3680,1578,2102,538,895,2785,6.96525665760869,7.49314321926489,6.56896503330162,6.73668959107807,7.00208826815643,6.95342028725314,86
"88",2016,1,7.21233766233766,77,7.36931818181818,7.0030303030303,6.90714285714286,7.40714285714286,7.13928571428571,44,33,14,21,56,3757,1622,2135,552,916,2841,6.97032060154378,7.48978421701603,6.57567423887588,6.74101268115942,7.01137445414847,6.95708394931362,87
"89",2016,2,7.22222222222222,36,7.48095238095238,6.86,7.15,7.875,7.140625,21,15,6,4,32,3793,1643,2150,558,920,2873,6.97271144213024,7.48967133292757,6.57765790697674,6.74541039426523,7.01512934782609,6.95912826313957,88
"90",2016,3,7.32,35,7.99375,6.75263157894737,6.58333333333333,8.16666666666667,7.240625,16,19,6,3,32,3828,1659,2169,564,923,2905,6.97588675548589,7.49453285111513,6.57919064084832,6.74368617021277,7.018872156013,6.96222908777969,89
"91",2016,4,7.09886363636364,44,7.684375,6.76428571428571,6.625,7.4125,7.02916666666667,16,28,12,8,36,3872,1675,2197,576,931,2941,6.97728422004132,7.49634626865672,6.58154961310878,6.74121354166667,7.02225456498389,6.96304845290717,90
"92",2016,5,6.78125,40,7.19166666666667,6.165625,6.02222222222222,7.175,6.6125,24,16,9,12,28,3912,1699,2213,585,943,2969,6.9752797801636,7.49204237786933,6.57854247627655,6.73015213675214,7.02419830328738,6.95974250589424,91
"93",2016,6,7.24418604651163,43,7.388,7.04444444444444,6.5,7.3,7.23684210526316,25,18,1,5,38,3955,1724,2231,586,948,3007,6.97820341340076,7.49053364269142,6.58230143433438,6.72975938566553,7.0256529535865,6.96324426338543,92
"94",2016,7,6.80840909090909,44,7.26125,6.265,6.71428571428571,6.674,6.82564102564103,24,20,7,5,39,3999,1748,2251,593,953,3046,6.9763352088022,7.48738558352403,6.57948223011995,6.72957672849916,7.02380797481637,6.96148243598161,93
"95",2016,8,6.95760869565217,46,7.30454545454545,6.63958333333333,6.59166666666667,6.94,6.95975609756098,22,24,12,5,41,4045,1770,2275,605,958,3087,6.97612224969097,7.48511299435028,6.58011626373626,6.72684132231405,7.02337056367432,6.96145950761256,94
"96",2016,9,6.97575757575758,33,7.33529411764706,6.59375,6.9,7,6.97142857142857,17,16,5,5,28,4078,1787,2291,610,963,3115,6.97611929867582,7.48368774482373,6.58021147970318,6.7282606557377,7.0232492211838,6.96154911717496,95
"97",2016,10,6.9284,50,7.14583333333333,6.72769230769231,6.92142857142857,7.05555555555556,6.90048780487805,24,26,14,9,41,4128,1811,2317,624,972,3156,6.97554130329457,7.47921038100497,6.58186642209754,6.73259455128205,7.02354835390947,6.96075586185044,96
"98",2016,11,6.9952380952381,42,7.65333333333333,6.62962962962963,6.82857142857143,6.64,7.04324324324324,15,27,7,5,37,4170,1826,2344,631,977,3193,6.9757396882494,7.48064074479737,6.58241659556314,6.73365927099841,7.02158546571136,6.96171171312245,97
"99",2016,12,6.67142857142857,28,7.4375,6.365,7.2,7.76666666666667,6.54,8,20,5,3,25,4198,1834,2364,636,980,3218,6.9737099809433,7.48045256270447,6.58057719966159,6.73732547169811,7.02386632653061,6.95843551895587,98
"100",2017,1,7.17777777777778,63,7.75869565217391,6.84375,6.73214285714286,7.375,7.14909090909091,23,40,14,8,55,4261,1857,2404,650,988,3273,6.97672717671908,7.48389876144319,6.58495611480865,6.73721384615385,7.02670951417004,6.96163932172319,99
"101",2017,2,7.13977272727273,44,7.55,6.69047619047619,6.75,6.89285714285714,7.18648648648649,23,21,4,7,37,4305,1880,2425,654,995,3310,6.97839361207898,7.48470744680851,6.58586989690721,6.73729204892966,7.02576783919598,6.96415271903323,100
"102",2017,3,6.79166666666667,36,7.58,6.22857142857143,7.2,6.875,6.76785714285714,15,21,4,8,28,4341,1895,2446,658,1003,3338,6.97684508177839,7.4854617414248,6.58280233033524,6.74010486322188,7.02456530408774,6.96250614140203,101
"103",2017,4,6.64342105263158,38,6.69615384615385,6.616,7.08333333333333,7.01666666666667,6.61142857142857,13,25,6,3,35,4379,1908,2471,664,1006,3373,6.97395170130167,7.48008385744235,6.58313820315661,6.7432063253012,7.02454174950298,6.95886317817966,102
"104",2017,5,6.95172413793103,29,7.08461538461538,6.84375,6,8,6.91428571428571,13,16,5,1,28,4408,1921,2487,669,1007,3401,6.97380546733212,7.47740760020823,6.58481483715319,6.73765171898356,7.02551042701092,6.95849617759482,103
"105",2017,6,6.8030303030303,33,7.1,6.55555555555556,6.4,6.55555555555556,6.89583333333333,15,18,5,9,24,4441,1936,2505,674,1016,3425,6.97253647827066,7.47448347107438,6.58460459081836,6.735146884273,7.02134744094488,6.95805708029197,104
"106",2017,7,6.81081081081081,37,7.16666666666667,6.56818181818182,7,6.85714285714286,6.8,15,22,7,7,30,4478,1951,2527,681,1023,3455,6.97120020098258,7.47211686314711,6.58446161456272,6.73786930983847,7.0202238514174,6.95668465991317,105
"107",2017,8,7.05,30,7.28125,6.78571428571429,7.14285714285714,6.88888888888889,7.11904761904762,16,14,7,9,21,4508,1967,2541,688,1032,3476,6.97172460070985,7.47056431113371,6.58557044470681,6.74198982558139,7.01907848837209,6.95766556386651,106
"108",2017,9,7.13888888888889,27,7.28947368421053,6.78125,7,7,7.15625,19,8,4,3,24,4535,1986,2549,692,1035,3500,6.97271984564498,7.46883182275932,6.58618458218909,6.74348121387283,7.0190231884058,6.95902728571428,107
"109",2017,10,7.09662162162162,37,7.21979166666667,6.86923076923077,5.75,7.48571428571429,7.00583333333333,24,13,4,7,30,4572,2010,2562,696,1042,3530,6.97372255030621,7.46585820895522,6.58762080405933,6.73777155172414,7.02215834932822,6.95942507082153,108
"110",2017,11,7.38918918918919,37,7.81,6.89411764705882,7.16666666666667,7.46666666666667,7.3741935483871,20,17,6,6,31,4609,2030,2579,702,1048,3561,6.97705782165329,7.46924876847291,6.58964113997673,6.74143732193732,7.02470324427481,6.96303580454928,109
"111",2017,12,7.06125,40,7.325,6.7975,6.97857142857143,7.1,7.04655172413793,20,20,7,11,29,4649,2050,2599,709,1059,3590,6.97778221122822,7.46784146341464,6.59124066948826,6.74377856135402,7.02548536355052,6.96371044568245,110
"112",2018,1,6.84183673469388,49,7.50217391304348,6.25769230769231,6.55,6.98,6.80641025641026,23,26,10,10,39,4698,2073,2625,719,1069,3629,6.97636430395913,7.46822238301978,6.58793695238095,6.74108344923505,7.02505986903648,6.96201997795536,111
"113",2018,2,6.74305555555556,36,7.2,6.41666666666667,5.95,5.78125,7.01785714285714,15,21,5,8,28,4734,2088,2646,724,1077,3657,6.97459009294465,7.46629549808429,6.58657766439909,6.73562016574586,7.01582079851439,6.96244749794913,112
"114",2018,3,6.53648648648649,37,7.4,5.94772727272727,5.81,6.75,6.51060606060606,15,22,10,4,33,4771,2103,2668,734,1081,3690,6.97119251729197,7.46582263433191,6.58130978260869,6.72300953678474,7.01483718778909,6.95840663956639,113
"115",2018,4,7.20457142857143,35,7.38722222222222,7.01117647058823,6.538,6.4,7.33866666666667,18,17,5,5,30,4806,2121,2685,739,1086,3720,6.97289211402414,7.46515558698727,6.58403147113594,6.72175778078484,7.01200644567219,6.96147325268817,114
"116",2018,5,6.41357142857143,28,7.11818181818182,5.95764705882353,5.196,6.5,6.39916666666667,11,17,5,4,24,4834,2132,2702,744,1090,3744,6.96965235829541,7.46336538461538,6.58009048852701,6.71150403225806,7.01012752293578,6.95786872329059,115
"117",2018,6,6.67483870967742,31,7.03230769230769,6.41666666666667,6.57142857142857,5.8,6.84307692307692,13,18,7,5,26,4865,2145,2720,751,1095,3770,6.96777379239466,7.46075291375291,6.57900900735294,6.71019840213049,7.00460182648402,6.95707705570291,116
"118",2018,7,7.16821428571429,28,7.37214285714286,6.96428571428571,7,7.06666666666667,7.19590909090909,14,14,4,6,22,4893,2159,2734,755,1101,3792,6.96892080523196,7.46017832329782,6.58098189465984,6.71173377483444,7.00494005449591,6.95846268459915,117
"119",2018,8,7.08472222222222,36,7.40434782608696,6.51923076923077,6.25,7.4,7.03387096774194,23,13,2,5,31,4929,2182,2747,757,1106,3823,6.9697665855143,7.45958982584785,6.58068966144885,6.71051387054161,7.006726039783,6.95907415642165,118
"120",2018,9,7.15025641025641,39,7.15047619047619,7.15,7,6.71428571428571,7.245625,21,18,5,7,32,4968,2203,2765,762,1113,3855,6.97118347423511,7.45664321379936,6.58439584086799,6.71241338582677,7.00488679245283,6.96145278858625,119
"121",2018,10,6.94375,40,7.40217391304348,6.32352941176471,6.55,6.84375,6.96875,23,17,10,8,32,5008,2226,2782,772,1121,3887,6.97096435702875,7.45608041329739,6.58280176132279,6.71030958549223,7.00373684210526,6.96151286339079,120
"122",2018,11,6.62592592592593,27,6.8875,6.51578947368421,6.35714285714286,6.66666666666667,6.62083333333333,8,19,7,3,24,5035,2234,2801,779,1124,3911,6.96911410129096,7.45404431512981,6.58234719742949,6.70713607188703,7.0028371886121,6.95942227051905,121
"123",2018,12,7.22605263157895,38,7.33708333333333,7.03571428571429,6.38571428571429,7.44444444444444,7.15827586206897,24,14,7,9,29,5073,2258,2815,786,1133,3940,6.97103873447664,7.45280115146147,6.58460195381882,6.70427353689567,7.00634510150044,6.96088591370558,122
"124",2019,1,7.00255555555556,45,7.40826923076923,6.44736842105263,6.75,6.21642857142857,7.14736842105263,26,19,4,7,38,5118,2284,2834,790,1140,3978,6.97131584603361,7.4522942206655,6.58368189837685,6.70450506329114,7.00149473684211,6.96266729512317,123
"125",2019,2,7.15384615384615,26,7.68181818181818,6.76666666666667,7.16666666666667,NA,7.15384615384615,11,15,3,0,26,5144,2295,2849,793,1140,4004,6.97223843312597,7.45339433551198,6.58464531414531,6.70625346784363,7.00149473684211,6.96390871628371,124
"126",2019,3,7.28946875,32,7.53235294117647,7.0142,6.6,7.08333333333333,7.33703846153846,17,15,5,6,26,5176,2312,2864,798,1146,4030,6.97419967156105,7.45397491349481,6.58689507681564,6.70558771929824,7.00192321116929,6.96631600496278,125
"127",2019,4,6.41481481481481,27,7.44545454545455,5.70625,5.5,6,6.50909090909091,11,16,8,5,22,5203,2323,2880,806,1151,4052,6.97129684797232,7.45393456736978,6.58200260416666,6.69362158808933,6.99757080799305,6.96383353899309,126
"128",2019,5,7.2673335,20,7.89090909090909,6.50518555555556,6.01555666666667,7.66666666666667,7.09619071428571,11,9,3,6,14,5223,2334,2889,809,1157,4066,6.97243043653073,7.4559940017138,6.58176329871928,6.69110713226205,7.00104062229905,6.96428926955238,127
"129",2019,6,6.8,31,7.28571428571429,6.4,6.7,6.72222222222222,6.83181818181818,14,17,5,9,22,5254,2348,2906,814,1166,4088,6.97141305100875,7.45497870528109,6.58069998967653,6.69116175675676,6.9988885077187,6.96357636252446,128
"130",2019,7,6.8380209375,32,7.172916875,6.503125,6.575,7.13,6.78395074074074,16,16,6,5,27,5286,2364,2922,820,1171,4115,6.97060553159289,7.45306965736041,6.58027521218343,6.69031179268292,6.99944833475662,6.96239777399757,129
"131",2019,8,6.79551724137931,29,7.31307692307692,6.375,7,6.33333333333333,6.84884615384615,13,16,2,3,26,5315,2377,2938,822,1174,4141,6.96965020507996,7.4523040260833,6.5791573076923,6.6910652919708,6.9977461669506,6.96168482009176,130
"132",2019,9,7,33,7.37142857142857,6.72631578947368,6.66,7,7,14,19,5,4,29,5348,2391,2957,827,1178,4170,6.96983747943156,7.45183047678796,6.58010286438958,6.69087747279323,6.99775382003396,6.96195128057554,131
"133",2019,10,6.96222222222222,27,7.25454545454545,6.76125,6.33333333333333,7.375,6.8904347826087,11,16,6,4,23,5375,2402,2973,833,1182,4193,6.96979922604651,7.45092700666112,6.58107775647494,6.68830212484994,6.99903045685279,6.96155898879084,132
"134",2019,11,6.87241379310345,29,7.44615384615385,6.40625,5.9,6.33333333333333,6.93461538461538,13,16,5,3,26,5404,2415,2989,838,1185,4219,6.9692766173205,7.4509013126294,6.5801419103379,6.68359865155131,6.99734514767933,6.96139294619578,133
"135",2019,12,6.74128205128205,39,7.4455,6,6,7.25,6.63,20,19,5,7,32,5443,2435,3008,843,1192,4251,6.9676429983465,7.4508569486653,6.57647745013298,6.67954409252669,6.9988288590604,6.9588983392143,134
"136",2020,1,7.07911111111111,45,7.4555,6.778,5.6,6.8,7.114,20,25,5,5,40,5488,2455,3033,848,1197,4291,6.96855700437318,7.45089477393075,6.5781385328058,6.67317885613207,6.99799832915622,6.96034417152179,135
"137",2020,2,6.875,28,7.64,6.45,6.45714285714286,6.25,6.97916666666667,10,18,7,4,24,5516,2465,3051,855,1201,4315,6.96808209572154,7.45166193509128,6.57738255326122,6.67141014035088,6.99550707743547,6.96044886210892,136
"138",2020,3,6.77592592592593,27,7.67,6.25,6,6.79166666666667,6.77142857142857,10,17,7,6,21,5543,2475,3068,862,1207,4336,6.96714610138914,7.45254410909091,6.57556850391134,6.6659578538283,6.99449378624689,6.95953340405904,137
"139",2020,4,7.01361125,24,7.28844466666667,6.55555555555556,5.66666666666667,7.5,6.99246391304348,15,9,3,1,23,5567,2490,3077,865,1208,4359,6.96734641817855,7.45155555823293,6.57550996750081,6.66249210404624,6.99491225165563,6.95970715989905,138
"140",2020,5,6.74786956521739,23,6.78469230769231,6.7,6.83333333333333,6.16666666666667,6.83505,13,10,3,3,20,5590,2503,3087,868,1211,4379,6.96644338282648,7.44809202556932,6.57591323939099,6.66308256912442,6.99286044591247,6.95913781913679,139
"141",2020,6,6.84318181818182,22,7.25,6.56153846153846,6.4,6.875,6.84,9,13,5,2,20,5612,2512,3100,873,1213,4399,6.9659601764077,7.44738230095542,6.57585295806451,6.66157579610538,6.99266611706513,6.95859616049102,140
"142",2020,7,7.55833333333333,24,7.35714285714286,7.84,7.625,7.5,7.56666666666667,14,10,4,3,21,5636,2526,3110,877,1216,4420,6.96848270227112,7.44688216152019,6.57991773954984,6.66596997719498,6.9939177631579,6.96148518325791,141
"143",2020,8,7.0625,20,7.25666666666667,6.48,6.8,6.56666666666667,7.275,15,5,3,6,14,5656,2541,3115,880,1222,4434,6.96881515381895,7.44575928374656,6.57975735794542,6.66642689772727,6.99181996726678,6.96247508119079,142
"144",2020,9,7.1037037037037,27,7.06,7.15833333333333,6.9,7.4,6.97894736842105,15,12,6,8,19,5683,2556,3127,886,1230,4453,6.96945601090973,7.44349543818466,6.58197766869204,6.66800865688487,6.99447479674797,6.96254536492252,143
"145",2020,10,6.58461538461538,26,7.22727272727273,6.11333333333333,5.625,7,6.5304347826087,11,15,4,3,23,5709,2567,3142,890,1233,4476,6.9677033648625,7.44256888975458,6.57974034691279,6.66332097752809,6.99448824006488,6.96032495755138,144
"146",2020,11,7.09,30,7.86538461538461,6.49705882352941,5.925,8,7.05862068965517,13,17,4,1,29,5739,2580,3159,894,1234,4505,6.96834265725736,7.44469935658915,6.57929540044318,6.6600175279642,6.99530307941653,6.96095771587125,145
"147",2020,12,6.91085384615385,26,7.23709230769231,6.58461538461538,6.66666666666667,6.33333333333333,6.98618260869565,13,13,6,3,23,5765,2593,3172,900,1237,4528,6.96808338421509,7.44365851908986,6.579317203657,6.66006185555555,6.99369765561843,6.96108584584805,146
"148",2021,1,6.79862068965517,29,6.92117647058824,6.625,6.625,7.5,6.71769230769231,17,12,4,3,26,5794,2610,3184,904,1240,4554,6.96723519330342,7.44025537931035,6.579489375,6.65990671460177,6.99492258064516,6.95969624725516,147
"149",2021,2,6.7037037037037,27,7.25,5.90909090909091,6.33333333333333,7.66666666666667,6.58333333333333,16,11,3,3,24,5821,2626,3195,907,1243,4578,6.96601283456451,7.43909616907845,6.57718127386541,6.65882653803748,6.996543845535,6.95772317824377,148
"150",2021,3,6.8315,30,7.005,6.4845,6.01125,6.809,6.836,20,10,4,5,25,5851,2646,3205,911,1248,4603,6.96532314305247,7.43581501889645,6.57689209672387,6.65598317233809,6.99579246794872,6.95706207038887,149
"151",2021,4,6.71904761904762,21,6.87272727272727,6.55,7.5,6.05,6.78947368421053,11,10,2,2,19,5872,2657,3215,913,1250,4622,6.96444238930518,7.43348383138878,6.57680845101088,6.65783205914567,6.9942792,6.95637315231501,150
"152",2021,5,7.228,25,7.89166666666667,6.61538461538461,7.5,7.9,6.91176470588235,12,13,1,8,17,5897,2669,3228,914,1258,4639,6.96555972697982,7.43554385162982,6.57696380731103,6.65875346827133,7.00003895071542,6.95620968096572,151
"153",2021,6,7.01428571428571,14,7.81666666666667,6.4125,5.5,NA,7.01428571428571,6,8,2,0,14,5911,2675,3236,916,1258,4653,6.96567513280325,7.43639870654206,6.57655722187886,6.65622343886463,7.00003895071542,6.95638442080378,152
"154",2021,7,7.4875,16,7.7,7.21428571428571,7.5,7.62,7.42727272727273,9,7,1,5,11,5927,2684,3243,917,1263,4664,6.96708380462291,7.43728261549926,6.57793375578168,6.65714358778626,7.00249326999208,6.95749500643224,153
"155",2021,8,6.89137931034483,29,7.23928571428571,6.56666666666667,5,6.78333333333333,6.90384615384615,14,15,2,3,26,5956,2698,3258,919,1266,4690,6.96671519644056,7.43625520385471,6.5778818815224,6.65353718171926,7.00197393364929,6.95719759275053,154
"156",2021,9,7.30555555555556,18,7.5,7.20833333333333,6.5,6.5,7.40625,6,12,2,2,16,5974,2704,3270,921,1268,4706,6.96773614161366,7.43639664940828,6.5801954648318,6.65320376764386,7.00118217665615,6.95872433276668,155
"157",2021,10,7.4,22,7.6,6.86666666666667,6.5,7.3,7.42941176470588,16,6,1,5,17,5996,2720,3276,922,1273,4723,6.9693221664443,7.43735902205882,6.58072013736264,6.65303760303687,7.00235585231736,6.96041852847766,156
"158",2021,11,7.30588235294118,17,7.38181818181818,7.16666666666667,7.16666666666667,7.38571428571429,7.25,11,6,3,7,10,6013,2731,3282,925,1280,4733,6.97027369200067,7.43713531307213,6.58179133759902,6.65470342702702,7.00445234375,6.96103036340587,157
"159",2021,12,7.21875,32,7.6875,6.75,6.58333333333333,6.5,7.26666666666667,16,16,6,2,30,6045,2747,3298,931,1282,4763,6.97158903391233,7.43859357116855,6.58260738932686,6.65424346938775,7.00366536661467,6.96295542935125,158
"160",2022,1,6.59189189189189,37,7.56,5.93181818181818,6,4.5,6.84545454545455,15,22,5,4,33,6082,2762,3320,936,1286,4796,6.96927913679711,7.43925291093411,6.57829493072289,6.65074857905983,6.99587791601867,6.96214693703086,159
"161",2022,2,7.20313735294118,34,7.61087736842105,6.68666666666667,6.9,7.97142857142857,7.00395074074074,19,15,2,7,27,6116,2781,3335,938,1293,4823,6.97057919882276,7.44042546206401,6.57878235982009,6.65128003198294,7.00115931941222,6.96238096205681,160
"162",2022,3,6.8555,20,7.78571428571429,6.35461538461538,4,5.58,7.08058823529412,7,13,1,3,17,6136,2788,3348,939,1296,4840,6.97020410365059,7.44129239956958,6.57791193847073,6.64845651757188,6.99786959876543,6.96279615289256,161
"163",2022,4,6.9,19,8.08333333333333,6.35384615384615,5,7,6.88125,6,13,3,3,16,6155,2794,3361,942,1299,4856,6.96998738911454,7.44267115604868,6.57704527521571,6.64320665605095,6.99787451886066,6.96252746705107,162
"164",2022,5,6.7155,20,7.44444444444444,6.11909090909091,6,7,6.68388888888889,9,11,1,2,18,6175,2803,3372,943,1301,4874,6.96916313846154,7.44267684980378,6.57555135527876,6.64252457051962,6.99787778631822,6.96149843660238,163
"165",2022,6,6.2225,20,7.79,5.7,5.5,6,6.23421052631579,5,15,2,1,19,6195,2808,3387,945,1302,4893,6.96675260371267,7.44329530270655,6.57167380277532,6.64010652910053,6.9971113671275,6.95867430615164,164
"166",2022,7,7.6575,20,7.78636363636364,7.5,NA,9,7.50833333333333,11,9,0,2,18,6215,2819,3396,945,1304,4911,6.96897544328238,7.44463398722952,6.57413403121319,6.64010652910053,7.00018328220859,6.96068893911627,165
"167",2022,8,7.03181818181818,22,7.375,6.62,5.625,7.5,6.985,12,10,4,2,20,6237,2831,3406,949,1306,4931,6.96919711079044,7.4443388237372,6.57426869348209,6.63582789251844,7.00094869831547,6.9607875441087,166
"168",2022,9,7.557,10,8.095,6.75,7.5,8.66666666666667,7.08142857142857,6,4,2,3,7,6247,2837,3410,951,1309,4938,6.97013804706259,7.44571491364117,6.57447482991202,6.63764528916929,7.00476623376624,6.96095856217092,167
"169",2022,10,6.79444444444444,18,7.235,6.24375,6.33333333333333,7.25,6.66428571428571,10,8,3,4,14,6265,2847,3418,954,1313,4952,6.96963326097366,7.44497478398314,6.5737007519017,6.63668833333333,7.0055133282559,6.96011982633279,168
"170",2022,11,7.1,19,7.82727272727273,6.1,5.5,7.66666666666667,6.83846153846154,11,8,2,6,13,6284,2858,3426,956,1319,4965,6.97002743157225,7.44644618964311,6.57259462054874,6.63431032426778,7.00852084912813,6.95980128499496,169
"171",2022,12,6.77142857142857,21,7.8375,6.11538461538461,6,8,6.71,8,13,1,1,20,6305,2866,3439,957,1320,4985,6.96936596034893,7.44753775645499,6.57086628961907,6.63364751306165,7.00927196969697,6.95879907321966,170
