"","year","month","avg_rating","no_ratings","avg_rating_owned","avg_rating_not_owned","avg_rating_prev_owned","avg_rating_comment","avg_rating_no_comment","no_ratings_owned","no_ratings_not_owned","no_ratings_prev_owned","no_ratings_comment","no_ratings_no_comment","cum_no_ratings","cum_no_ratings_owned","cum_no_ratings_not_owned","cum_no_ratings_prev_owned","cum_no_ratings_comment","cum_no_ratings_no_comment","cum_avg_rating","cum_avg_rating_owned","cum_avg_rating_not_owned","cum_avg_rating_prev_owned","cum_avg_rating_comment","cum_avg_rating_no_comment","month_after_release"
"1",2008,9,8,1,8,NA,NA,8,NA,1,0,0,1,0,1,1,0,0,1,0,8,8,NA,NA,8,NA,-2
"2",2008,10,7.5,2,7.5,NA,NA,9,6,2,0,0,1,1,3,3,0,0,2,1,7.66666666666667,7.66666666666667,NA,NA,8.5,6,-1
"3",2008,11,8.2,5,9.5,3,NA,9.66666666666667,6,4,1,0,3,2,8,7,1,0,5,3,8,8.71428571428571,3,NA,9.2,6,0
"4",2008,12,8.875,4,8,9.16666666666667,10,7.5,9.33333333333333,1,3,1,1,3,12,8,4,1,6,6,8.29166666666667,8.625,7.625,10,8.91666666666667,7.66666666666667,1
"5",2009,1,8.25,4,9,8,NA,6,9,1,3,0,1,3,16,9,7,1,7,9,8.28125,8.66666666666667,7.78571428571429,10,8.5,8.11111111111111,2
"6",2009,2,7.92857142857143,7,7.9,8,NA,7.75,8.16666666666667,5,2,0,4,3,23,14,9,1,11,12,8.17391304347826,8.39285714285714,7.83333333333333,10,8.22727272727273,8.125,3
"7",2009,3,10,1,10,NA,NA,10,NA,1,0,0,1,0,24,15,9,1,12,12,8.25,8.5,7.83333333333333,10,8.375,8.125,4
"8",2009,4,8.4,5,8.5,8,NA,NA,8.4,4,1,0,0,5,29,19,10,1,12,17,8.27586206896552,8.5,7.85,10,8.375,8.20588235294118,5
"9",2009,5,7.5,7,8.25,3,NA,7.83333333333333,7.25,6,1,0,3,4,36,25,11,1,15,21,8.125,8.44,7.40909090909091,10,8.26666666666667,8.02380952380952,6
"10",2009,6,8.10833333333333,12,8.2,8.01666666666667,8.3,8,8.13,6,6,3,2,10,48,31,17,4,17,31,8.12083333333334,8.39354838709677,7.62352941176471,8.725,8.23529411764706,8.05806451612903,7
"11",2009,7,7.84615384615385,13,7.4375,8.5,6.5,8.66666666666667,7.6,8,5,1,3,10,61,39,22,5,20,41,8.06229508196721,8.1974358974359,7.82272727272727,8.28,8.3,7.94634146341463,8
"12",2009,8,8,6,8,NA,NA,7.5,8.25,6,0,0,2,4,67,45,22,5,22,45,8.05671641791045,8.17111111111111,7.82272727272727,8.28,8.22727272727273,7.97333333333333,9
"13",2009,9,7.16666666666667,6,7,7.5,7.5,7.66666666666667,6.66666666666667,4,2,2,3,3,73,49,24,7,25,48,7.98356164383562,8.07551020408163,7.79583333333333,8.05714285714286,8.16,7.89166666666667,10
"14",2009,10,7.8,14,8.38571428571429,7.21428571428571,NA,8.175,7.65,7,7,0,4,10,87,56,31,7,29,58,7.95402298850575,8.11428571428571,7.66451612903226,8.05714285714286,8.16206896551724,7.85,11
"15",2009,11,7.375,4,7,7.75,NA,8.5,7,2,2,0,1,3,91,58,33,7,30,61,7.92857142857143,8.07586206896552,7.66969696969697,8.05714285714286,8.17333333333333,7.80819672131148,12
"16",2009,12,7.46,10,7.93333333333333,6.75,8.85,8,7.1,6,4,2,4,6,101,64,37,9,34,67,7.88217821782178,8.0625,7.57027027027027,8.23333333333333,8.15294117647059,7.74477611940299,13
"17",2010,1,7.375,12,7.58333333333333,7.16666666666667,9,7.66666666666667,7.27777777777778,6,6,1,3,9,113,70,43,10,37,76,7.8283185840708,8.02142857142857,7.51395348837209,8.31,8.11351351351352,7.68947368421053,14
"18",2010,2,8.28571428571429,14,8.65,7.375,7,8.375,8.25,10,4,1,4,10,127,80,47,11,41,86,7.87874015748032,8.1,7.50212765957447,8.19090909090909,8.1390243902439,7.7546511627907,15
"19",2010,3,8,16,8.20833333333333,7.375,6,8.2,7.90909090909091,12,4,1,5,11,143,92,51,12,46,97,7.89230769230769,8.11413043478261,7.4921568627451,8.00833333333333,8.14565217391304,7.77216494845361,16
"20",2010,4,7.4375,8,7,7.875,NA,NA,7.4375,4,4,0,0,8,151,96,55,12,46,105,7.8682119205298,8.06770833333333,7.52,8.00833333333333,8.14565217391304,7.74666666666667,17
"21",2010,5,8.03529411764706,17,8.28571428571429,7.86,6.16666666666667,5.5,8.37333333333333,7,10,3,2,15,168,103,65,15,48,120,7.88511904761905,8.08252427184466,7.57230769230769,7.64,8.03541666666667,7.825,18
"22",2010,6,7.85,10,8.5,7.2,7,8.33333333333333,7.64285714285714,5,5,1,3,7,178,108,70,16,51,127,7.88314606741573,8.10185185185185,7.54571428571429,7.6,8.05294117647059,7.81496062992126,19
"23",2010,7,7.2,10,8.14285714285714,5,NA,8.5,6.875,7,3,0,2,8,188,115,73,16,53,135,7.8468085106383,8.10434782608696,7.44109589041096,7.6,8.06981132075472,7.75925925925926,20
"24",2010,8,7.359375,16,7.575,7,6,7.9375,7.16666666666667,10,6,1,4,12,204,125,79,17,57,147,7.80857843137255,8.062,7.40759493670886,7.50588235294118,8.06052631578948,7.7108843537415,21
"25",2010,9,7.6,10,8.75,6.83333333333333,6.33333333333333,8,7.2,4,6,3,5,5,214,129,85,20,62,152,7.79883177570093,8.08333333333333,7.36705882352941,7.33,8.05564516129032,7.69407894736842,22
"26",2010,10,7.99758333333333,12,8.746375,6.5,8.5,8.2742,7.8,8,4,2,5,7,226,137,89,22,67,159,7.80938495575221,8.12205109489051,7.32808988764045,7.43636363636364,8.0719552238806,7.69874213836478,23
"27",2010,11,7.67777777777778,27,7.815,7.28571428571429,6.75,9,7.62692307692308,20,7,2,1,26,253,157,96,24,68,185,7.79533992094862,8.08293630573248,7.325,7.37916666666667,8.08560294117647,7.68864864864865,24
"28",2010,12,7.33907692307692,26,7.63225,6.87,7.7,8.025,7.03422222222222,16,10,1,8,18,279,173,106,25,76,203,7.75282078853047,8.04125433526011,7.28207547169811,7.392,8.07922368421053,7.63062068965517,25
"29",2011,1,7.09230769230769,26,7.80625,5.95,NA,6.98571428571429,7.13157894736842,16,10,0,7,19,305,189,116,25,83,222,7.69651475409836,8.02135978835979,7.16724137931035,7.392,7.987,7.58790990990991,26
"30",2011,2,8.1875,8,8.1875,NA,NA,9,7.91666666666667,8,0,0,2,6,313,197,116,25,85,228,7.70906389776358,8.02810659898477,7.16724137931035,7.392,8.01083529411765,7.59656140350877,27
"31",2011,3,7.13333333333333,15,8,5.4,NA,8.5,6.92307692307692,10,5,0,2,13,328,207,121,25,87,241,7.68273475609756,8.02674879227053,7.09421487603306,7.392,8.02208045977012,7.56023236514523,28
"32",2011,4,7.4,15,8.04545454545454,5.625,6,8.66666666666667,7.08333333333333,11,4,1,3,12,343,218,125,26,90,253,7.67037026239067,8.02769266055046,7.0472,7.33846153846154,8.04356666666667,7.53761264822134,29
"33",2011,5,7.31818181818182,11,6.78571428571429,8.25,9,9,7.15,7,4,1,1,10,354,225,129,27,91,263,7.65942655367232,7.98905333333333,7.08449612403101,7.4,8.05407692307692,7.52287452471483,30
"34",2011,6,8.28,10,8.22857142857143,8.4,7.5,7.42,9.14,7,3,1,5,5,364,232,132,28,96,268,7.67647527472528,7.99628017241379,7.11439393939394,7.40357142857143,8.02105208333333,7.5530447761194,31
"35",2011,7,7.37333333333333,15,8.36666666666667,7.125,6.5,8.55,7.19230769230769,3,12,1,2,13,379,235,144,29,98,281,7.66447757255937,8.00100851063829,7.11527777777778,7.37241379310345,8.03184693877551,7.53635587188612,32
"36",2011,8,7.22368421052632,19,7.17857142857143,7.35,6.5,7.5,7.09615384615385,14,5,2,6,13,398,249,149,31,104,294,7.64343467336683,7.95476706827309,7.12315436241611,7.31612903225806,8.00116346153846,7.51689115646259,33
"37",2011,9,7.44411764705882,17,7.76875,7.15555555555556,7,7.48333333333333,7.42272727272727,8,9,4,6,11,415,257,158,35,110,305,7.63526987951807,7.9489766536965,7.125,7.28,7.97291818181818,7.51349508196721,34
"38",2011,10,7.5125,24,8,6.93636363636364,10,7.14285714285714,7.66470588235294,13,11,1,7,17,439,270,169,36,117,322,7.62855808656037,7.95143333333333,7.11272189349113,7.35555555555556,7.92325641025641,7.52147826086957,35
"39",2011,11,7.22222222222222,27,7.75,6.8,7.25,7.41666666666667,7.16666666666667,12,15,2,6,21,466,282,184,38,123,343,7.60501502145923,7.94286170212766,7.08722826086957,7.35,7.89854471544715,7.49975510204082,36
"40",2011,12,7.44285714285714,21,7.55,7.1,NA,9,7.27894736842105,16,5,0,2,19,487,298,189,38,125,362,7.59802258726899,7.92176845637584,7.08756613756614,7.35,7.916168,7.48816574585636,37
"41",2012,1,7.57741935483871,31,7.74166666666667,7.47368421052632,8.2,7.21111111111111,7.72727272727273,12,19,5,9,22,518,310,208,43,134,384,7.59678957528958,7.91479677419355,7.12283653846154,7.44883720930233,7.86881343283582,7.50186458333334,38
"42",2012,2,7.10714285714286,14,7.5625,6.5,NA,8.33333333333333,6.77272727272727,8,6,0,3,11,532,318,214,43,137,395,7.58390413533835,7.90593396226415,7.1053738317757,7.44883720930233,7.87898540145985,7.48155949367089,39
"43",2012,3,7.85625,24,8.53125,6.50625,6,7.33333333333333,7.93095238095238,16,8,1,3,21,556,334,222,44,140,416,7.59566007194245,7.93588922155689,7.08378378378378,7.41590909090909,7.86729285714286,7.50424519230769,40
"44",2012,4,7.01666666666667,18,7.48571428571429,6.71818181818182,6.66666666666667,6.16666666666667,7.18666666666667,7,11,3,3,15,574,341,233,47,143,431,7.57750348432056,7.92664809384164,7.06652360515022,7.36808510638298,7.83161538461538,7.49319257540604,41
"45",2012,5,7.56818181818182,22,8.15384615384615,6.72222222222222,NA,8.25,7.41666666666667,13,9,0,4,18,596,354,242,47,147,449,7.57715939597316,7.93499152542373,7.05371900826446,7.36808510638298,7.843,7.49012472160357,42
"46",2012,6,7.72222222222222,18,8.15,7.1875,7,8.66666666666667,7.53333333333333,10,8,1,3,15,614,364,250,48,150,464,7.58141205211727,7.94089835164835,7.058,7.36041666666667,7.85947333333333,7.49152155172414,43
"47",2012,7,7.24565217391304,23,7.375,6.95,8,6.25,7.45526315789474,16,7,2,4,19,637,380,257,50,154,483,7.56928885400314,7.91707105263158,7.05505836575876,7.386,7.81766883116883,7.49009523809524,44
"48",2012,8,6.7,24,7.19166666666667,6.20833333333333,5.5,7.5,6.62727272727273,12,12,2,2,22,661,392,269,52,156,505,7.53772617246596,7.89486479591837,7.01728624535316,7.31346153846154,7.81359615384615,7.45250693069307,45
"49",2012,9,8.05882352941176,17,8.5,7.66666666666667,NA,7.33333333333333,8.21428571428571,8,9,0,3,14,678,400,278,52,159,519,7.55079203539823,7.9069675,7.03830935251799,7.31346153846154,7.80453459119497,7.47305587668594,46
"50",2012,10,6.895,20,7.99166666666667,5.25,6,8,6.77222222222222,12,8,2,2,18,698,412,286,54,161,537,7.53200143266476,7.90943446601942,6.98828671328672,7.26481481481482,7.80696273291925,7.44956424581006,47
"51",2012,11,7.67096774193548,31,7.9,7.42666666666667,10,8.24,7.4,16,15,1,10,21,729,428,301,55,171,558,7.53791083676269,7.90908177570094,7.01013289036545,7.31454545454545,7.8322865497076,7.44769892473119,48
"52",2012,12,6.85666666666667,30,7.71428571428571,6.10625,6.5,4.85714285714286,7.46521739130435,14,16,3,7,23,759,442,317,58,178,581,7.51098418972332,7.90291176470588,6.96451104100947,7.27241379310345,7.71528651685393,7.44839242685026,49
"53",2013,1,7.48717948717949,39,8.01,6.93684210526316,6,8.16,7.38823529411765,20,19,1,5,34,798,462,336,59,183,615,7.50982080200501,7.90754761904762,6.96294642857143,7.25084745762712,7.72743715846994,7.44506666666667,50
"54",2013,2,7.52380952380952,21,8.17857142857143,6.21428571428571,NA,8.83333333333333,7,14,7,0,6,15,819,476,343,59,189,630,7.51017948717949,7.91551890756303,6.94766763848397,7.25084745762712,7.76254497354497,7.43446984126984,51
"55",2013,3,7.52083333333333,24,7.775,6.25,6,7.66666666666667,7.5,20,4,1,3,21,843,496,347,60,192,651,7.51048279952551,7.90985282258065,6.93962536023055,7.23,7.761046875,7.43658371735791,52
"56",2013,4,6.47878787878788,33,7.98333333333333,5.61904761904762,4.16666666666667,6.16666666666667,6.54814814814815,12,21,3,6,27,876,508,368,63,198,678,7.47161757990868,7.91158858267717,6.86426630434783,7.08412698412698,7.71273232323232,7.40120353982301,53
"57",2013,5,7.25,20,7.25,7.25,8.25,7,7.27777777777778,10,10,2,2,18,896,518,378,65,200,696,7.46667075892857,7.8988166023166,6.8744708994709,7.12,7.705605,7.39801149425288,54
"58",2013,6,7.232,25,8,6.25454545454545,6.26666666666667,5.6,7.64,14,11,3,5,20,921,532,389,68,205,716,7.46030076004343,7.90147932330827,6.85694087403599,7.08235294117647,7.6542487804878,7.40477094972067,55
"59",2013,7,7.425,32,8.11111111111111,6.54285714285714,7.2,6.91666666666667,7.54230769230769,18,14,4,6,26,953,550,403,72,211,742,7.45911542497377,7.90834,6.84602977667494,7.08888888888889,7.63327488151659,7.40959029649596,56
"60",2013,8,7.73484848484848,33,8.06,6.71875,NA,7.9375,7.67,25,8,0,8,25,986,575,411,72,219,767,7.46834381338742,7.91493391304348,6.84355231143553,7.08888888888889,7.64438812785388,7.41807822685789,57
"61",2013,9,7.68518518518519,27,8.09375,7.09090909090909,7.5,7.83333333333333,7.64285714285714,16,11,1,6,21,1013,591,422,73,225,788,7.4741233958539,7.91977495769882,6.85,7.09452054794521,7.64942666666667,7.42406852791878,58
"62",2013,10,7.1,39,7.85416666666667,5.89333333333333,7,7,7.13,24,15,1,9,30,1052,615,437,74,234,818,7.46025380228137,7.91721463414634,6.81716247139588,7.09324324324324,7.62444871794872,7.41328361858191,59
"63",2013,11,7.40803571428571,56,7.73648648648649,6.76842105263158,8,7.44444444444444,7.40106382978723,37,19,4,9,47,1108,652,456,78,243,865,7.45761462093863,7.90695858895706,6.81513157894737,7.13974358974359,7.61778189300412,7.41261965317919,60
"64",2013,12,6.55714285714286,35,7.36842105263158,5.59375,6.2,6,6.69642857142857,19,16,5,7,28,1143,671,472,83,250,893,7.43004111986002,7.89170938897168,6.77372881355932,7.08313253012048,7.572484,7.39016349384099,61
"65",2014,1,7.54814814814815,54,8.21034482758621,6.78,7,6.875,7.66521739130435,29,25,4,8,46,1197,700,497,87,258,939,7.43536925647452,7.90491,6.77404426559356,7.07931034482759,7.55085658914729,7.40363791267306,62
"66",2014,2,7.20263157894737,38,7.50434782608696,6.74,7.2,7,7.22647058823529,23,15,5,4,34,1235,723,512,92,262,973,7.42820809716599,7.8921673582296,6.773046875,7.08586956521739,7.5424465648855,7.3974470709147,63
"67",2014,3,7.57361111111111,36,7.836,6.97727272727273,6.75,7.35833333333333,7.61666666666667,25,11,3,6,30,1271,748,523,95,268,1003,7.43232651455547,7.89029010695187,6.77734225621415,7.07526315789474,7.53832462686567,7.40400398803589,64
"68",2014,4,6.90416666666667,36,7.26904761904762,6.39333333333333,9,7,6.89545454545455,21,15,1,3,33,1307,769,538,96,271,1036,7.41777888293803,7.87332509752926,6.76663568773234,7.0953125,7.53236531365314,7.38780501930502,65
"69",2014,5,7.60769230769231,39,7.96590909090909,7.14411764705882,7.925,7,7.65833333333333,22,17,4,3,36,1346,791,555,100,274,1072,7.42328157503715,7.87590012642225,6.7781981981982,7.1285,7.52653649635036,7.39688992537314,66
"70",2014,6,7.6,25,7.8,7.3,8.5,8.13333333333333,7.3,15,10,2,9,16,1371,806,565,102,283,1088,7.42650401167032,7.87448759305211,6.78743362831858,7.15539215686275,7.54583392226148,7.39546507352941,67
"71",2014,7,7.41875,40,7.83695652173913,6.85294117647059,7.5,8.1,7.32142857142857,23,17,3,5,35,1411,829,582,105,288,1123,7.42628419560596,7.87344632086852,6.7893470790378,7.1652380952381,7.55545486111111,7.39315761353518,68
"72",2014,8,7.23589743589744,39,8.076,5.73571428571429,8,6.5,7.36969696969697,25,14,1,6,33,1450,854,596,106,294,1156,7.42116344827586,7.87937587822014,6.76459731543624,7.17311320754717,7.53391496598639,7.39248788927336,69
"73",2014,9,7.06666666666667,24,7.35714285714286,6.94705882352941,5.66666666666667,7.5,7.02727272727273,7,17,3,2,22,1474,861,613,109,296,1178,7.41539145183175,7.87513008130081,6.76965742251224,7.13165137614679,7.53368581081081,7.38566723259763,70
"74",2014,10,7.12638888888889,36,7.35625,6.66666666666667,8,7,7.1421875,24,12,1,4,32,1510,885,625,110,300,1210,7.40850132450331,7.86105875706215,6.76768,7.13954545454546,7.52657,7.37922809917356,71
"75",2014,11,7.2109756097561,41,7.79090909090909,6.53947368421053,6.3,7.275,7.20405405405405,22,19,5,4,37,1551,907,644,115,304,1247,7.40327981947131,7.8593572216097,6.76094720496895,7.10304347826087,7.52325986842105,7.37403047313553,72
"76",2014,12,7.24106382978723,47,7.40481481481481,7.02,6.46666666666667,6.12875,7.46923076923077,27,20,6,8,39,1598,934,664,121,312,1286,7.39850876095119,7.84621734475375,6.76875,7.07148760330579,7.4875032051282,7.37691757387247,73
"77",2015,1,7.04298245614035,57,7.4,6.43095238095238,6.33333333333333,7.225,7.02924528301887,36,21,6,4,53,1655,970,685,127,316,1339,7.38626404833837,7.82965670103093,6.75839416058394,7.03661417322835,7.48418037974683,7.36315608663182,74
"78",2015,2,7.12765957446809,47,7.53703703703704,6.575,7,7.66666666666667,7.04878048780488,27,20,1,6,41,1702,997,705,128,322,1380,7.37912279670976,7.82173219658977,6.7531914893617,7.036328125,7.48758074534161,7.35381594202899,75
"79",2015,3,6.90405405405405,37,7.88611111111111,5.97368421052632,7.25,7,6.87758620689655,18,19,4,8,29,1739,1015,724,132,330,1409,7.36901495112134,7.82287389162562,6.73273480662984,7.04280303030303,7.47576060606061,7.34401419446416,76
"80",2015,4,6.91707317073171,41,7.25,6.53157894736842,8.16666666666667,7.91666666666667,6.74571428571429,22,19,3,6,35,1780,1037,743,135,336,1444,7.35860505617978,7.81072034715526,6.72759084791386,7.06777777777778,7.48363392857143,7.32951246537396,77
"81",2015,5,6.86785714285714,28,6.74,7.1875,7,5.95,7.02083333333333,20,8,2,4,24,1808,1057,751,137,340,1468,7.35100497787611,7.79046073793756,6.73249001331558,7.06678832116788,7.46559117647059,7.3244659400545,78
"82",2015,6,6.66571428571429,35,7.4875,5.97368421052632,6,6.5,6.68709677419355,16,19,4,4,31,1843,1073,770,141,344,1499,7.33799077590885,7.7859431500466,6.71376623376624,7.03652482269504,7.45436337209302,7.31128485657105,79
"83",2015,7,6.77555555555556,45,6.98695652173913,6.55454545454545,6.3375,7.45714285714286,6.65,23,22,8,7,38,1888,1096,792,149,351,1537,7.32458527542373,7.76917609489051,6.70934343434344,6.99899328859061,7.4544188034188,7.29493558880937,80
"84",2015,8,6.51020408163265,49,7.09166666666667,5.59210526315789,6,5.78571428571429,6.63095238095238,30,19,2,7,42,1937,1126,811,151,358,1579,7.3039839958699,7.75112522202487,6.68316892725031,6.98576158940397,7.4217905027933,7.27727422419253,81
"85",2015,9,6.97666666666667,30,7.83333333333333,6.40555555555556,6.25,6,7.12692307692308,12,18,2,4,26,1967,1138,829,153,362,1605,7.29899186578546,7.7519920913884,6.67714113389626,6.97614379084967,7.40608011049724,7.27483862928349,82
"86",2015,10,6.90921052631579,38,7.5775,6.16666666666667,6,7.07142857142857,6.87258064516129,20,18,4,7,31,2005,1158,847,157,369,1636,7.29160448877806,7.74897841105354,6.66629279811098,6.95127388535032,7.39973170731707,7.26721638141809,83
"87",2015,11,6.83913043478261,46,6.99565217391304,6.68260869565217,6,6.5,6.87142857142857,23,23,4,4,42,2051,1181,870,161,373,1678,7.28145636274988,7.73430736663844,6.66672413793104,6.9276397515528,7.39008310991957,7.25730989272944,84
"88",2015,12,6.48660714285714,56,6.78461538461538,5.80294117647059,6.375,6.61818181818182,6.45444444444444,39,17,4,11,45,2107,1220,887,165,384,1723,7.26033080208828,7.70394836065574,6.65016910935739,6.91424242424242,7.36797135416667,7.23634126523506,85
"89",2016,1,6.65813953488372,43,6.57647058823529,6.71153846153846,6.92857142857143,7.57142857142857,6.48055555555556,17,26,7,7,36,2150,1237,913,172,391,1759,7.24828697674419,7.68845351657235,6.65191675794085,6.91482558139535,7.37161381074169,7.2208732234224,86
"90",2016,2,6.90384615384615,26,7.39285714285714,6.33333333333333,6.5,7,6.89130434782609,14,12,2,3,23,2176,1251,925,174,394,1782,7.24417141544118,7.68514548361311,6.64778378378378,6.91005747126437,7.36878426395939,7.21661952861953,87
"91",2016,3,6.975,36,7.2547619047619,6.58333333333333,6.3125,6.625,6.99558823529412,21,15,4,2,34,2212,1272,940,178,396,1816,7.23979068716094,7.67804009433962,6.64675531914894,6.89662921348315,7.36502777777778,7.21248127753304,88
"92",2016,4,6.77941176470588,34,6.97222222222222,6.5625,5,7.125,6.73333333333333,18,16,2,4,30,2246,1290,956,180,400,1846,7.232821460374,7.66819147286822,6.64534518828452,6.87555555555556,7.3626275,7.20469447453955,89
"93",2016,5,6.93939393939394,33,7.20833333333333,6.22222222222222,6,7.35,6.76086956521739,24,9,1,10,23,2279,1314,965,181,410,1869,7.22857261956999,7.65979223744292,6.64139896373057,6.8707182320442,7.36231951219512,7.19923274478331,90
"94",2016,6,6.58064516129032,31,6.96428571428571,6.26470588235294,6,6.91666666666667,6.5,14,17,2,6,25,2310,1328,982,183,416,1894,7.21987748917749,7.65246009036145,6.63487780040733,6.86120218579235,7.35589182692308,7.19000316789863,91
"95",2016,7,6.6875,32,6.61764705882353,6.76666666666667,5.75,NA,6.6875,17,15,2,0,32,2342,1345,997,185,416,1926,7.21260333048676,7.63938066914498,6.63686058174524,6.84918918918919,7.35589182692308,7.18165420560748,92
"96",2016,8,6.79222222222222,45,6.83529411764706,6.65909090909091,6.25,6.66666666666667,6.80119047619048,34,11,2,3,42,2387,1379,1008,187,419,1968,7.20467825722665,7.61955547498187,6.63710317460318,6.8427807486631,7.35095704057279,7.17353455284553,93
"97",2016,9,6.60810810810811,37,6.76086956521739,6.35714285714286,6,6.5,6.62121212121212,23,14,2,4,33,2424,1402,1022,189,423,2001,7.19557219471947,7.60546861626248,6.63326810176125,6.83386243386243,7.34291016548463,7.16442578710645,94
"98",2016,10,6.7304347826087,46,7.15217391304348,6.30869565217391,10,4.9,7.23888888888889,23,23,1,10,36,2470,1425,1045,190,433,2037,7.18690971659919,7.59815228070175,6.62612440191388,6.85052631578947,7.28649191685912,7.16574177712322,95
"99",2016,11,6.74090909090909,44,7.125,6.28,5.66666666666667,6,6.79512195121951,24,20,3,3,41,2514,1449,1065,193,436,2078,7.17910381861575,7.59031538992408,6.61962441314554,6.83212435233161,7.27763990825688,7.15842925890279,96
"100",2016,12,6.59117647058823,34,7.82105263157895,5.03333333333333,4.375,6.58333333333333,6.59285714285714,19,15,4,6,28,2548,1468,1080,197,442,2106,7.17125863422292,7.59330177111717,6.59759259259259,6.78223350253807,7.2682149321267,7.15090978157645,97
"101",2017,1,6.84318181818182,44,7.29411764705882,6.55925925925926,6.94444444444444,8,6.6948717948718,17,27,9,5,39,2592,1485,1107,206,447,2145,7.16568942901234,7.58987676767677,6.596657633243,6.78932038834952,7.27640044742729,7.14261818181818,98
"102",2017,2,6.60588235294118,34,7.25,5.68571428571429,6.5,4,6.68484848484848,20,14,5,1,33,2626,1505,1121,211,448,2178,7.15844135567403,7.58536013289037,6.58528099910794,6.7824644549763,7.26908705357143,7.13568227731864,99
"103",2017,3,6.82,25,7.42105263157895,4.91666666666667,NA,6,6.85416666666667,19,6,0,1,24,2651,1524,1127,211,449,2202,7.15524971708789,7.58331167979003,6.57639751552795,6.7824644549763,7.26626057906459,7.13261398728429,100
"104",2017,4,6.96428571428571,28,7.76315789473684,5.27777777777778,6.33333333333333,6.28571428571429,7.19047619047619,19,9,3,7,21,2679,1543,1136,214,456,2223,7.1532538260545,7.58552624756967,6.56610915492958,6.77616822429907,7.25120833333333,7.13316059379217,101
"105",2017,5,6.23809523809524,21,7.15,5.40909090909091,4.75,5,6.52941176470588,10,11,4,4,17,2700,1553,1147,218,460,2240,7.14613592592592,7.58272182871861,6.55501307759372,6.73899082568807,7.23163260869565,7.12857857142857,102
"106",2017,6,7.29,10,7.42,7.16,NA,7.83333333333333,7.05714285714286,5,5,0,3,7,2710,1558,1152,218,463,2247,7.1466667896679,7.58219961489089,6.55763888888889,6.73899082568807,7.2355313174946,7.12835603026257,103
"107",2017,7,6.35068965517241,29,6.58421052631579,5.907,5.71428571428571,7.25,6.2068,19,10,7,4,25,2739,1577,1162,225,467,2272,7.13823913837167,7.57017564996829,6.55203958691911,6.70711111111111,7.23565524625268,7.11821566901409,104
"108",2017,8,6.53846153846154,26,6.84375,6.05,6,NA,6.53846153846154,16,10,2,0,26,2765,1593,1172,227,467,2298,7.13259927667269,7.56287947269303,6.54775597269625,6.70088105726872,7.23565524625268,7.11165622280244,105
"109",2017,9,6.965,20,6.75,7.10833333333333,7.5,6,7.13529411764706,8,12,1,3,17,2785,1601,1184,228,470,2315,7.13139569120287,7.55881761399126,6.5534375,6.70438596491228,7.22776808510638,7.11182980561555,106
"110",2017,10,6.6,25,7.30769230769231,5.83333333333333,5.75,5.75,6.76190476190476,13,12,4,4,21,2810,1614,1196,232,474,2336,7.12666797153025,7.55679491945477,6.54621237458194,6.68793103448276,7.21529746835443,7.10868407534247,107
"111",2017,11,6.95483870967742,31,7.475,6.4,5.25,4.75,7.28148148148148,16,15,2,4,27,2841,1630,1211,234,478,2363,7.12479303062302,7.55599202453988,6.54440132122213,6.67564102564103,7.19466736401674,7.11065848497672,108
"112",2017,12,6.15142857142857,21,6.87,4.71428571428571,4,7.06,6,14,7,1,3,18,2862,1644,1218,235,481,2381,7.11765094339622,7.550150243309,6.53388341543514,6.66425531914894,7.19382744282744,7.1022620747585,109
"113",2018,1,6.49655172413793,29,6.93888888888889,5.77272727272727,6.33333333333333,4.75,6.776,18,11,3,4,25,2891,1662,1229,238,485,2406,7.11142061570391,7.54353008423586,6.52707078925956,6.66008403361345,7.17367216494845,7.09887198669992,110
"114",2018,2,6.79565217391304,23,7.18333333333333,5.4,6,6.75,6.80526315789474,18,5,1,4,19,2914,1680,1234,239,489,2425,7.10892827728208,7.53967083333333,6.52250405186386,6.65732217573222,7.17020654396728,7.09657154639175,111
"115",2018,3,6.99375,16,7,6.96666666666667,NA,7,6.99285714285714,13,3,0,2,14,2930,1693,1237,239,491,2439,7.10829931740614,7.53552687536917,6.52358124494745,6.65732217573222,7.16951323828921,7.0959762197622,112
"116",2018,4,6.47916666666667,24,6.55,6.42857142857143,6.75,7,6.45652173913043,10,14,4,1,23,2954,1703,1251,243,492,2462,7.10318788083954,7.52973987081621,6.52251798561151,6.65884773662551,7.16916869918699,7.09000243704306,113
"117",2018,5,6.4,20,7.40909090909091,5.16666666666667,6,6.5,6.38235294117647,11,9,2,3,17,2974,1714,1260,245,495,2479,7.09845897780766,7.52896557759627,6.51283333333333,6.6534693877551,7.16511313131313,7.08514965711981,114
"118",2018,6,6.96153846153846,13,7.5,6.625,5,5,7.31818181818182,5,8,2,2,11,2987,1719,1268,247,497,2490,7.09786307331771,7.52888132635253,6.51354100946372,6.64008097165992,7.15640040241449,7.08617911646586,115
"119",2018,7,7.26190476190476,21,7.125,7.44444444444444,5,6.75,7.31578947368421,12,9,1,2,19,3008,1731,1277,248,499,2509,7.09900831117021,7.52608145580589,6.52010180109632,6.63346774193548,7.15477154308617,7.08791789557593,116
"120",2018,8,6.178,20,6.45,5.99666666666667,7,5.48,6.25555555555556,8,12,1,2,18,3028,1739,1289,249,501,2527,7.0929250330251,7.52113110983324,6.51522885958107,6.63493975903615,7.14808582834331,7.08198891966759,117
"121",2018,9,6.95818181818182,22,7.96181818181818,5.95454545454545,6,9.58,6.83333333333333,11,11,3,1,21,3050,1750,1300,252,502,2548,7.0919531147541,7.52390114285714,6.51048461538462,6.62738095238095,7.15293027888446,7.07993956043956,118
"122",2018,10,6.66470588235294,17,7.07142857142857,6.38,6,7.75,6.52,7,10,3,2,15,3067,1757,1310,255,504,2563,7.08958493641995,7.5220984632897,6.50948854961832,6.62,7.1552996031746,7.0766625048771,119
"123",2018,11,7.47222222222222,18,8.22727272727273,6.28571428571429,6,8.5,7.34375,11,7,1,2,16,3085,1768,1317,256,506,2579,7.09181750405186,7.52648585972851,6.50829916476841,6.617578125,7.16061462450593,7.0783195036836,120
"124",2018,12,5.87931034482759,29,6.2,5.16666666666667,4.75,5,6.02,20,9,2,4,25,3114,1788,1326,258,510,2604,7.08052569043031,7.51164821029083,6.49919306184012,6.6031007751938,7.14366862745098,7.06815898617512,121
"125",2019,1,6.52130434782609,23,7.04375,5.32714285714286,4.33333333333333,5.66666666666667,6.6495,16,7,3,3,20,3137,1804,1333,261,513,2624,7.07642556582722,7.50749833702883,6.49303825956489,6.57701149425287,7.13503118908382,7.06496798780488,122
"126",2019,2,5.85294117647059,17,6.1875,5.55555555555556,5.5,5.16666666666667,6,8,9,2,3,14,3154,1812,1342,263,516,2638,7.0698310082435,7.50167052980132,6.48675111773472,6.56882129277567,7.12358720930233,7.05931614859742,123
"127",2019,3,6.43181818181818,22,7.35714285714286,4.8125,NA,5.75,6.5,14,8,0,2,20,3176,1826,1350,263,518,2658,7.06541152392947,7.50056243154436,6.47682962962963,6.56882129277567,7.11828378378378,7.05510759969902,124
"128",2019,4,6.125,16,7.4,5.54545454545455,5.5,5.66666666666667,6.4,5,11,3,6,10,3192,1831,1361,266,524,2668,7.06069768170426,7.50028782086292,6.46930198383541,6.55676691729323,7.10166221374046,7.05265217391304,125
"129",2019,5,6.96428571428571,14,8.11111111111111,4.9,NA,8,6.55,9,5,0,4,10,3206,1840,1366,266,528,2678,7.0602766687461,7.50327554347826,6.46355783308931,6.55676691729323,7.1084678030303,7.05077520537715,126
"130",2019,6,6.57692307692308,13,6.59090909090909,6.5,NA,5,6.70833333333333,11,2,0,1,12,3219,1851,1368,266,529,2690,7.05832463497981,7.49785359265262,6.46361111111111,6.55676691729323,7.1044820415879,7.04924758364312,127
"131",2019,7,7,15,7.18181818181818,6.5,NA,7,7,11,4,0,1,14,3234,1862,1372,266,530,2704,7.05805411255411,7.4959865735768,6.46371720116618,6.55676691729323,7.10428490566038,7.0489926035503,128
"132",2019,8,6.9856,25,7.51076923076923,6.41666666666667,NA,6,7.07130434782609,13,12,0,2,23,3259,1875,1384,266,532,2727,7.05749831236576,7.49608906666667,6.46330924855491,6.55676691729323,7.10013345864662,7.04918078474514,129
"133",2019,9,6.875,12,7.08333333333333,6.66666666666667,5.5,5.66666666666667,7.27777777777778,6,6,2,3,9,3271,1881,1390,268,535,2736,7.05682879853256,7.49477246145667,6.46418705035971,6.54888059701493,7.0920953271028,7.04993274853801,130
"134",2019,10,7.2046,25,7.067,7.411,6,6.555,7.26108695652174,15,10,2,2,23,3296,1896,1400,270,537,2759,7.05794963592233,7.49138818565401,6.47095,6.54481481481482,7.09009497206704,7.05169300471185,131
"135",2019,11,6.84876923076923,26,7.01666666666667,6.471,5.384,NA,6.84876923076923,18,8,2,0,26,3322,1914,1408,272,537,2785,7.05631246237207,7.4869237199582,6.47095028409091,6.53627941176471,7.09009497206704,7.04979856373429,132
"136",2019,12,6.69230769230769,26,6.92857142857143,6.41666666666667,NA,7,6.6,14,12,0,6,20,3348,1928,1420,272,543,2805,7.05348566308244,7.48286929460581,6.47049154929577,6.53627941176471,7.08909944751381,7.04659144385027,133
"137",2020,1,6.96216216216216,37,7.20588235294118,6.755,5.75,6.33333333333333,7.08387096774194,17,20,4,6,31,3385,1945,1440,276,549,2836,7.05248744460857,7.48044832904884,6.47444305555556,6.52488405797101,7.08083970856102,7.04699894217207,134
"138",2020,2,6.59090909090909,22,6.5,6.83333333333333,NA,5,6.75,16,6,0,2,20,3407,1961,1446,276,551,2856,7.04950689756384,7.47244875063743,6.47593222683264,6.52488405797101,7.07328675136116,7.04491911764706,135
"139",2020,3,6.08333333333333,18,7,4.9375,5,5.83333333333333,6.13333333333333,10,8,3,3,15,3425,1971,1454,279,554,2871,7.04442919708029,7.47005175038052,6.46746767537827,6.50848745519713,7.06657220216607,7.04015639150122,136
"140",2020,4,7.07222222222222,18,7.10833333333333,7,NA,6.5,7.14375,12,6,0,2,16,3443,1983,1460,279,556,2887,7.04457449898344,7.46786283408976,6.46965616438356,6.50848745519713,7.06453417266187,7.04073051610669,137
"141",2020,5,6.64285714285714,14,7.875,5,NA,8,6.53846153846154,8,6,0,1,13,3457,1991,1466,279,557,2900,7.04294764246456,7.46949874434957,6.4636412005457,6.50848745519713,7.06621364452424,7.03847896551724,138
"142",2020,6,7.09375,16,8.07142857142857,6.33333333333333,6.5,8.33333333333333,6.80769230769231,7,9,2,3,13,3473,1998,1475,281,560,2913,7.04318168730204,7.47160760760761,6.46284610169492,6.50842704626335,7.07300178571429,7.03744902162719,139
"143",2020,7,6.5,17,7.4375,5.66666666666667,7,8,6.3,8,9,2,2,15,3490,2006,1484,283,562,2928,7.04053581661891,7.47147158524427,6.45801752021563,6.51190106007067,7.07630071174377,7.03367110655738,140
"144",2020,8,7.27272727272727,22,7.56666666666667,6.64285714285714,6.5,9,7.1,15,7,2,2,20,3512,2021,1491,285,564,2948,7.04199031890661,7.47217812963879,6.45888531187123,6.51181754385965,7.08312234042553,7.0341210990502,141
"145",2020,9,5.52941176470588,17,6.75,4.44444444444444,6,4.83333333333333,5.67857142857143,8,9,1,3,14,3529,2029,1500,286,567,2962,7.03470388211958,7.46933070478068,6.44679866666667,6.51002797202797,7.07121869488536,7.02771404456448,142
"146",2020,10,7.18444444444444,18,7.11,7.33333333333333,NA,7.5,7.145,12,6,0,2,16,3547,2041,1506,286,569,2978,7.03546377220186,7.46721803037726,6.45033067729084,6.51002797202797,7.07272583479789,7.02834419073204,143
"147",2020,11,6.335,20,6.70833333333333,5.775,6,4.5,6.65882352941177,12,8,1,3,17,3567,2053,1514,287,572,2995,7.03153630501822,7.462782269849,6.44676221928666,6.50825087108014,7.05923251748252,7.02624674457429,144
"148",2020,12,6.56153846153846,26,6.84615384615385,6.27692307692308,7.55,8.55,6.39583333333333,13,13,2,2,24,3593,2066,1527,289,574,3019,7.02813526301141,7.45890222652468,6.4453163064833,6.51546020761246,7.06442682926829,7.021235177211,145
"149",2021,1,6.65,18,6.85714285714286,5.925,6,7,6.58,14,4,1,3,15,3611,2080,1531,290,577,3034,7.0262503461645,7.45485192307692,6.44395689092097,6.51368275862069,7.06409185441941,7.01905372445616,146
"150",2021,2,7.09130434782609,23,6.94375,7.42857142857143,6,8,7.0047619047619,16,7,1,2,21,3634,2096,1538,291,579,3055,7.02666208035223,7.45095038167939,6.44843823146944,6.5119175257732,7.06732469775475,7.01895548281506,147
"151",2021,3,6.3,18,6.71111111111111,5.88888888888889,4,8,6.2,9,9,1,1,17,3652,2105,1547,292,580,3072,7.02308050383352,7.44778717339667,6.44518293471235,6.50331506849315,7.06893275862069,7.01442350260417,148
"152",2021,4,5.95833333333333,12,6,5.9,9,5,6.04545454545455,7,5,1,1,11,3664,2112,1552,293,581,3083,7.01959334061135,7.44298863636364,6.44342654639175,6.5118361774744,7.06537177280551,7.01096626662342,149
"153",2021,5,6.88571428571429,21,6.86,6.95,NA,5.45,7.03684210526316,15,6,0,2,19,3685,2127,1558,293,583,3102,7.01883039348711,7.43887729196051,6.44537740693197,6.5118361774744,7.05983018867924,7.0111247582205,150
"154",2021,6,6.23538461538462,13,7.445,4.3,2.5,4,6.64181818181818,8,5,1,2,11,3698,2135,1563,294,585,3113,7.01607625743645,7.43890023419204,6.43851439539348,6.49819047619048,7.04936923076923,7.00981978798587,151
"155",2021,7,6.63636363636364,11,7.08333333333333,6.1,6,6,6.77777777777778,6,5,1,2,9,3709,2141,1568,295,587,3122,7.0149501213265,7.43790378327884,6.43743494897959,6.49650169491526,7.04579386712095,7.00915086483024,152
"156",2021,8,6.512,15,7.168,5.2,NA,5,6.74461538461538,10,5,0,2,13,3724,2151,1573,295,589,3135,7.01292427497315,7.4366490004649,6.43350158931977,6.49650169491526,7.03884719864176,7.00805390749601,153
"157",2021,9,6.92,10,7.02222222222222,6,6,7,6.91111111111111,9,1,1,1,9,3734,2160,1574,296,590,3144,7.01267541510444,7.43492222222222,6.43322617534943,6.49482432432433,7.0387813559322,7.0077763994911,154
"158",2021,10,6.72133333333333,15,7.15166666666667,5,NA,8,6.63,12,3,0,1,14,3749,2172,1577,296,591,3158,7.01150973592958,7.43335727440147,6.4304996829423,6.49482432432433,7.04040778341794,7.00610164661178,155
"159",2021,11,7.57142857142857,14,8,6.5,NA,8.5,7.41666666666667,10,4,0,2,12,3763,2182,1581,296,593,3170,7.01359287802285,7.43595417048579,6.43067552182163,6.49482432432433,7.0453305227656,7.00765583596215,156
"160",2021,12,6.01818181818182,22,7.03333333333333,4.8,7,7,5.97142857142857,12,10,1,1,21,3785,2194,1591,297,594,3191,7.0078071334214,7.43375205104831,6.42042614707731,6.49652525252525,7.04525420875421,7.00083641491696,157
"161",2022,1,6.50411111111111,27,6.81428571428571,6.17007692307692,6.5,6.5,6.50426923076923,14,13,1,1,26,3812,2208,1604,298,595,3217,7.00423950682057,7.42982427536232,6.41839713216958,6.49653691275168,7.04433781512605,6.99682312713709,158
"162",2022,2,6.89473684210526,19,7.5,6.22222222222222,4.5,9.25,6.61764705882353,10,9,2,2,17,3831,2218,1613,300,597,3234,7.00369642391021,7.43014066726781,6.41730254184749,6.48322666666667,7.0517269681742,6.99482993197279,159
"163",2022,3,6.05,12,6.42857142857143,5.52,7,8,5.87272727272727,7,5,1,1,11,3843,2225,1618,301,598,3245,7.00071844912828,7.42698966292135,6.41452966625464,6.48494352159469,7.0533127090301,6.99102619414484,160
"164",2022,4,6.11473684210526,19,6.865,4.82857142857143,5.5,7.125,5.84533333333333,12,7,2,4,15,3862,2237,1625,303,602,3260,6.99635965820818,7.42397496647295,6.40769784615385,6.47844224422442,7.05378903654485,6.985754601227,161
"165",2022,5,7.66666666666667,15,7.76923076923077,7,NA,7,7.71428571428571,13,2,0,1,14,3877,2250,1627,303,603,3274,6.99895305648697,7.42596977777778,6.40842593730793,6.47844224422442,7.05369983416252,6.98886988393403,162
"166",2022,6,6.08,10,6.5,5.66,6,3,6.42222222222222,5,5,1,1,9,3887,2255,1632,304,604,3283,6.99658888603036,7.42391662971175,6.40613296568628,6.47686842105263,7.04698841059603,6.98731647883034,163
"167",2022,7,6.34666666666667,18,6.75,6.09,6.19666666666667,6.175,6.368125,7,11,3,2,16,3905,2262,1643,307,606,3299,6.99359308578745,7.42183112290009,6.40401643335362,6.47413029315961,7.04411056105611,6.98431342831161,164
"168",2022,8,7.38333333333333,6,6.76666666666667,8,NA,NA,7.38333333333333,3,3,0,0,6,3911,2265,1646,307,606,3305,6.99419099974431,7.42096335540839,6.40692527339004,6.47413029315961,7.04411056105611,6.9850378214826,165
"169",2022,9,6.78307692307692,13,6.74363636363636,7,NA,7.09,6.72727272727273,11,2,0,2,11,3924,2276,1648,307,608,3316,6.99349159021407,7.41768980667838,6.40764502427185,6.47413029315961,7.04426151315789,6.98418275030157,166
"170",2022,10,6.21811111111111,18,7.19,5.00325,4.66666666666667,4.975,6.57328571428571,10,8,3,4,14,3942,2286,1656,310,612,3330,6.98995104008118,7.41669378827646,6.40086050724638,6.45663870967742,7.03073692810457,6.98245525525526,167
"171",2022,11,6.05,10,6.75,5,NA,5.16666666666667,6.42857142857143,6,4,0,3,7,3952,2292,1660,310,615,3337,6.98757262145749,7.41494851657941,6.39748493975904,6.45663870967742,7.02164390243902,6.98129337728499,168
"172",2022,12,7.13636363636364,22,7.16666666666667,7.1,6.5,8.16666666666667,6.97368421052632,12,10,2,3,19,3974,2304,1670,312,618,3356,6.98839632611978,7.41365538194444,6.40169161676647,6.45691666666667,7.02720226537217,6.98125029797378,169
