"","year","month","avg_rating","no_ratings","avg_rating_owned","avg_rating_not_owned","avg_rating_prev_owned","avg_rating_comment","avg_rating_no_comment","no_ratings_owned","no_ratings_not_owned","no_ratings_prev_owned","no_ratings_comment","no_ratings_no_comment","cum_no_ratings","cum_no_ratings_owned","cum_no_ratings_not_owned","cum_no_ratings_prev_owned","cum_no_ratings_comment","cum_no_ratings_no_comment","cum_avg_rating","cum_avg_rating_owned","cum_avg_rating_not_owned","cum_avg_rating_prev_owned","cum_avg_rating_comment","cum_avg_rating_no_comment","month_after_release"
"1",2008,9,9.5,2,NA,9.5,NA,9,10,0,2,0,1,1,2,0,2,0,1,1,9.5,NA,9.5,NA,9,10,-1
"2",2008,10,8.5,24,9.03125,7.4375,7,8.25,8.625,16,8,1,8,16,26,16,10,1,9,17,8.57692307692308,9.03125,7.85,7,8.33333333333333,8.70588235294118,0
"3",2008,11,7.31370967741935,124,8.43584905660377,6.47605633802817,8,6.86349206349206,7.77868852459016,53,71,4,63,61,150,69,81,5,72,78,7.53266666666667,8.57391304347826,6.64567901234568,7.8,7.04722222222222,7.98076923076923,1
"4",2008,12,7.82583333333333,60,8.30357142857143,7.4078125,7.91666666666667,7.78409090909091,7.85,28,32,6,22,38,210,97,113,11,94,116,7.61642857142857,8.49587628865979,6.86150442477876,7.86363636363636,7.21968085106383,7.93793103448276,2
"5",2009,1,7.9,72,8.64358974358974,7.02121212121212,7.8,8.03703703703704,7.81777777777778,39,33,5,27,45,282,136,146,16,121,161,7.68882978723404,8.53823529411765,6.89760273972603,7.84375,7.40206611570248,7.90434782608696,3
"6",2009,2,7.709375,64,8.51111111111111,7.12432432432432,8,8,7.4972972972973,27,37,4,27,37,346,163,183,20,148,198,7.69263005780347,8.53374233128834,6.94344262295082,7.875,7.51114864864865,7.82828282828283,4
"7",2009,3,7.62363636363636,55,8.43103448275862,6.72307692307692,7.35714285714286,7.6,7.6325,29,26,7,15,40,401,192,209,27,163,238,7.68316708229426,8.51822916666667,6.91602870813397,7.74074074074074,7.51932515337423,7.7953781512605,5
"8",2009,4,7.6830985915493,71,8.22222222222222,7.35227272727273,7.5,7.58571428571429,7.724,27,44,2,21,50,472,219,253,29,184,288,7.68315677966102,8.48173515981735,6.99189723320158,7.72413793103448,7.52690217391304,7.78298611111111,6
"9",2009,5,7.47131147540984,61,8.69047619047619,6.83125,6.16666666666667,7.5,7.4593023255814,21,40,6,18,43,533,240,293,35,202,331,7.65891181988743,8.5,6.96996587030717,7.45714285714286,7.52450495049505,7.74093655589124,7
"10",2009,6,8.0992125984252,127,8.52222222222222,7.54545454545455,8.25,8.13870967741935,8.08645833333333,72,55,8,31,96,660,312,348,43,233,427,7.74363636363636,8.5051282051282,7.06091954022988,7.6046511627907,7.60622317596567,7.81861826697892,8
"11",2009,7,7.69478260869565,115,8.49649122807017,6.90689655172414,6.7,7.153125,7.90361445783132,57,58,12,32,83,775,369,406,55,265,510,7.73638709677419,8.50379403794038,7.03891625615764,7.40727272727273,7.55150943396226,7.83245098039216,9
"12",2009,8,7.56571428571429,105,8.31764705882353,6.85555555555556,7,7.8304347826087,7.49146341463415,51,54,12,23,82,880,420,460,67,288,592,7.71602272727273,8.48119047619048,7.01739130434783,7.33432835820896,7.57378472222222,7.7852195945946,10
"13",2009,9,7.42923008849557,113,8.13278181818182,6.76206896551724,7.19230769230769,7.52294285714286,7.38717948717949,55,58,13,35,78,993,475,518,80,323,670,7.68338670694864,8.44084842105263,6.98880308880309,7.31125,7.56827554179567,7.73888059701493,11
"14",2009,10,7.59908256880734,109,8.15,7.09649122807018,7.73076923076923,7.59285714285714,7.60123456790123,52,57,13,28,81,1102,527,575,93,351,751,7.67504809437386,8.41214990512334,6.99947826086956,7.36989247311828,7.57023646723647,7.72403462050599,12
"15",2009,11,7.659,110,8.21903846153846,7.15689655172414,7.63636363636364,7.30333333333333,7.792375,52,58,11,30,80,1212,579,633,104,381,831,7.67359158415841,8.39480656303972,7.01390205371248,7.39807692307692,7.54922047244094,7.73061371841155,13
"16",2009,12,7.61059322033898,118,8.03166666666667,7.175,8.13636363636364,8.03846153846154,7.48967391304348,60,58,11,26,92,1330,639,691,115,407,923,7.6680022556391,8.36070892018779,7.02742402315485,7.46869565217391,7.5804742014742,7.70659804983749,14
"17",2010,1,7.59877049180328,122,8.29558823529412,6.7212962962963,7.2,7.32714285714286,7.70804597701149,68,54,14,35,87,1452,707,745,129,442,1010,7.66218526170799,8.35444554455445,7.00523489932886,7.43953488372093,7.56041402714932,7.70672277227723,15
"18",2010,2,7.2783950617284,81,8.18444444444444,6.14583333333333,7.10714285714286,7.48913043478261,7.1948275862069,45,36,7,23,58,1533,752,781,136,465,1068,7.64190671885192,8.34427260638298,6.96562099871959,7.42242647058823,7.55688817204301,7.67892322097378,16
"19",2010,3,7.48563218390805,87,8.29558823529412,6.96603773584906,7.40625,7.83333333333333,7.375,34,53,16,21,66,1620,786,834,152,486,1134,7.63351419753086,8.34216666666666,6.96564748201439,7.42072368421053,7.56883333333333,7.66123456790123,17
"20",2010,4,7.38356164383562,73,7.8025641025641,6.90294117647059,6.85714285714286,7.03333333333333,7.47413793103448,39,34,7,15,58,1693,825,868,159,501,1192,7.62273656231541,8.31665818181818,6.96319124423963,7.39591194968553,7.5528003992016,7.65213087248322,18
"21",2010,5,7.36125,80,8.0275,6.695,7.7875,8.09375,7.178125,40,40,8,16,64,1773,865,908,167,517,1256,7.61093795826283,8.30328670520231,6.95137665198238,7.41467065868263,7.5695415860735,7.62797770700637,19
"22",2010,6,7.24701492537313,67,7.86515151515152,6.64705882352941,6.75,7.33823529411765,7.216,33,34,6,17,50,1840,898,942,173,534,1306,7.59768641304348,8.2871859688196,6.94039278131635,7.39161849710983,7.56217790262172,7.61220520673813,20
"23",2010,7,7.34,65,8.24571428571429,6.28333333333333,6.28571428571429,6.9125,7.47959183673469,35,30,7,16,49,1905,933,972,180,550,1355,7.58889396325459,8.28563022508039,6.92011316872428,7.34861111111111,7.54327818181818,7.60740959409594,21
"24",2010,8,7.12898550724638,69,8.1375,6.25675675675676,6.33333333333333,7.23684210526316,7.088,32,37,6,19,50,1974,965,1009,186,569,1405,7.57281813576494,8.28071813471503,6.89578790882061,7.31586021505376,7.53304569420035,7.58892526690391,22
"25",2010,9,7.39,75,7.96527777777778,6.85897435897436,7.25,7.15789473684211,7.46875,36,39,10,19,56,2049,1001,1048,196,588,1461,7.56612640312347,8.26937362637363,6.8944179389313,7.3125,7.52092346938775,7.5843189596167,23
"26",2010,10,7.40833333333333,84,8.22666666666667,6.46410256410256,8.25,7.47916666666667,7.38,45,39,4,24,60,2133,1046,1087,200,612,1521,7.55991233005157,8.26753632887189,6.87897884084637,7.33125,7.51928594771242,7.57625904010519,24
"27",2010,11,7.46612903225806,93,8.1593023255814,6.87,6.35714285714286,7.574,7.42647058823529,43,50,7,25,68,2226,1089,1137,207,637,1589,7.55599415992812,8.26326262626263,6.87858399296394,7.29830917874396,7.52143328100471,7.56984896161107,25
"28",2010,12,7.3303738317757,107,8.19519230769231,6.51272727272727,6.88888888888889,7.51,7.27560975609756,52,55,9,25,82,2333,1141,1192,216,662,1671,7.545646378054,8.26016038562664,6.86170302013423,7.28125,7.52100151057402,7.55540993417115,26
"29",2011,1,7.34554455445545,101,8.1695652173913,6.65636363636364,6.88571428571429,7.68,7.26296296296296,46,55,14,20,81,2434,1187,1247,230,682,1752,7.53734305669679,8.25664953664701,6.85264635124298,7.25717391304348,7.5256642228739,7.54188926940639,27
"30",2011,2,7.7504854368932,103,8.22830188679245,7.244,7.66666666666667,7.76818181818182,7.74567901234568,53,50,9,22,81,2537,1240,1297,239,704,1833,7.54599645250295,8.25543790322581,6.867733230532,7.27259414225941,7.53324289772727,7.55089470812875,28
"31",2011,3,7.61466666666667,105,8.30208333333333,7.03578947368421,7.10333333333333,7.705,7.58181818181818,48,57,12,28,77,2642,1288,1354,251,732,1910,7.54872558667676,8.25717624223603,6.87480797636632,7.26450199203187,7.53981284153005,7.55214136125654,29
"32",2011,4,7.5322972972973,74,8.168,6.78441176470588,7.2,7.6685,7.48185185185185,40,34,5,20,54,2716,1328,1388,256,752,1964,7.54827798232695,8.25449021084338,6.87259365994236,7.2632421875,7.54323537234042,7.55020875763747,30
"33",2011,5,7.98181818181818,77,8.64871794871795,7.29736842105263,7.45,8.26923076923077,7.9234375,39,38,6,13,64,2793,1367,1426,262,765,2028,7.56023021840315,8.26573738112656,6.88391304347826,7.26751908396947,7.55557254901961,7.56198717948718,31
"34",2011,6,7.71647727272727,88,8.34891304347826,7.02380952380952,7.625,7.95,7.63384615384615,46,42,8,23,65,2881,1413,1468,270,788,2093,7.5650027768136,8.26844515215853,6.88791553133515,7.27811111111111,7.56708502538071,7.56421882465361,32
"35",2011,7,7.58125,88,8.36914893617021,6.6780487804878,6.8125,8.14166666666667,7.43714285714286,47,41,8,18,70,2969,1460,1509,278,806,2163,7.56548433816099,8.27168698630137,6.88221338634857,7.26471223021583,7.57991687344913,7.56010633379565,33
"36",2011,8,7.88850574712644,87,8.45217391304348,7.25609756097561,7.3,8.31818181818182,7.74307692307692,46,41,6,22,65,3056,1506,1550,284,828,2228,7.57468030104712,8.27719986719787,6.89210322580645,7.26545774647887,7.59953260869565,7.56544434470377,34
"37",2011,9,7.77936507936508,63,8.25441176470588,7.22241379310345,7.33333333333333,7.7625,7.78510638297872,34,29,6,16,47,3119,1540,1579,290,844,2275,7.57881468419365,8.27669675324675,6.89816972767574,7.26686206896552,7.60262203791469,7.56998241758242,35
"38",2011,10,7.67857142857143,91,8.18070175438596,6.83676470588235,6.16666666666667,7.83823529411765,7.64189189189189,57,34,6,17,74,3210,1597,1613,296,861,2349,7.58164267912772,8.273270507201,6.89687538747675,7.24456081081081,7.60727409988386,7.57224776500639,36
"39",2011,11,7.27546296296296,108,8.10267857142857,6.38461538461539,7.5,6.59090909090909,7.45058139534884,56,52,11,22,86,3318,1653,1665,307,883,2435,7.57167661241712,8.26749122807017,6.88087687687688,7.25371335504886,7.58195130237825,7.56795071868583,37
"40",2011,12,7.85272727272727,110,8.19920634920635,7.38829787234043,7.82142857142857,7.83333333333333,7.85903614457831,63,47,7,27,83,3428,1716,1712,314,910,2518,7.58069515752625,8.26498426573426,6.89480724299065,7.26636942675159,7.58940989010989,7.57754567116759,38
"41",2012,1,7.75353383458647,133,8.31142857142857,7.13365079365079,6.79823529411765,8.10318181818182,7.68423423423423,70,63,17,22,111,3561,1786,1775,331,932,2629,7.58715051951699,8.26680459126539,6.90328450704225,7.24232628398792,7.60153755364807,7.58205020920502,39
"42",2012,2,7.71717171717172,99,8.33508771929825,6.87857142857143,8,8.171875,7.5,57,42,3,32,67,3660,1843,1817,334,964,2696,7.59066748633879,8.268916440586,6.90271326362135,7.24913173652695,7.62046991701245,7.58001112759644,40
"43",2012,3,7.42325581395349,86,8.11555555555556,6.66341463414634,7.72222222222222,7.5625,7.39142857142857,45,41,9,16,70,3746,1888,1858,343,980,2766,7.58682407901762,8.26526112288135,6.89743272335845,7.26154518950437,7.61952346938775,7.57523861171367,41
"44",2012,4,7.68045977011494,87,8.306,6.83513513513514,7.14285714285714,8.41666666666667,7.48840579710145,50,37,7,18,69,3833,1938,1895,350,998,2835,7.58894938690321,8.26631217750258,6.89621635883905,7.25917142857143,7.63390080160321,7.57312522045855,42
"45",2012,5,7.71021978021978,91,8.44958333333333,6.88488372093023,7.2,7.674,7.72042253521127,48,43,5,20,71,3924,1986,1938,355,1018,2906,7.5917617227319,8.2707416918429,6.8959649122807,7.25833802816901,7.63468860510805,7.57672401927048,43
"46",2012,6,7.63116883116883,77,8.54102564102564,6.69736842105263,7.09375,7.66666666666667,7.62258064516129,39,38,8,15,62,4001,2025,1976,363,1033,2968,7.59252011997,8.27594716049382,6.89214574898785,7.25471074380165,7.63515295256534,7.57768194070081,44
"47",2012,7,7.81941176470588,85,8.28,7.16142857142857,7.40909090909091,7.65526315789474,7.86666666666667,50,35,11,19,66,4086,2075,2011,374,1052,3034,7.59724008810573,8.27604481927711,6.89683242168075,7.2592513368984,7.63551615969582,7.58396835860251,45
"48",2012,8,7.86236559139785,93,8.38888888888889,7.13333333333333,7.05454545454545,7.46315789473684,7.96486486486486,54,39,11,19,74,4179,2129,2050,385,1071,3108,7.60314022493419,8.27890699859089,6.90133170731707,7.2534025974026,7.63245845004668,7.59303732303732,46
"49",2012,9,7.44756097560976,82,8.39880952380952,6.44875,5.88888888888889,7.07692307692308,7.51739130434783,42,40,9,13,69,4261,2171,2090,394,1084,3177,7.6001462098099,8.28122662367572,6.89266985645933,7.22223350253807,7.62579612546125,7.59139439723009,47
"50",2012,10,7.84411764705882,102,8.39035087719298,7.15222222222222,7.55555555555556,8.38235294117647,7.73647058823529,57,45,9,17,85,4363,2228,2135,403,1101,3262,7.60584987393995,8.2840184021544,6.89814051522248,7.22967741935484,7.63747774750227,7.59517473942367,48
"51",2012,11,7.36481481481481,108,8.0280701754386,6.62352941176471,6.66666666666667,7.71578947368421,7.28988764044944,57,51,12,19,89,4471,2285,2186,415,1120,3351,7.60002751062402,8.27763369803063,6.89173376029277,7.21339759036145,7.63880625,7.58706654729931,49
"52",2012,12,7.50066666666667,120,8.17361111111111,6.49125,6.61538461538461,7.625,7.46958333333333,72,48,13,24,96,4591,2357,2234,428,1144,3447,7.59743040731867,8.27445608824777,6.88312891674127,7.19523364485981,7.63851660839161,7.58379460400348,50
"53",2013,1,7.68343558282209,163,8.3665,6.59920634920635,7.11538461538461,7.59615384615385,7.7,100,63,13,26,137,4754,2457,2297,441,1170,3584,7.60037925957089,8.27820227920228,6.87534175010884,7.1928798185941,7.63757521367521,7.58823660714286,51
"54",2013,2,7.46821705426357,129,8.29838709677419,6.7,6.63636363636364,6.89047619047619,7.58055555555556,62,67,11,21,108,4883,2519,2364,452,1191,3692,7.59688777390948,8.27869908693926,6.87037225042301,7.17933628318584,7.62440218303946,7.58801191765981,52
"55",2013,3,7.49604950495049,101,8.13695652173913,6.96001818181818,6.77272727272727,6.99505,7.61975308641975,46,55,11,20,81,4984,2565,2419,463,1211,3773,7.59484430176565,8.27615711500974,6.8724105002067,7.16967602591793,7.61400825763832,7.58869334746886,53
"56",2013,4,7.5815,100,8.09912280701754,6.8953488372093,6.54545454545455,7.68928571428571,7.56395348837209,57,43,11,14,86,5084,2622,2462,474,1225,3859,7.59458182533438,8.27230854309687,6.87281112916328,7.15518987341772,7.61486857142857,7.58814200570096,54
"57",2013,5,7.6435,100,8.16730769230769,7.07604166666667,5.9,7.81764705882353,7.6078313253012,52,48,10,17,83,5184,2674,2510,484,1242,3942,7.59552546296296,8.27026664173523,6.87669760956175,7.12925619834711,7.61764412238325,7.5885565702689,55
"58",2013,6,7.66396396396396,111,8.10775862068965,7.17830188679245,7.18333333333333,7.65476190476191,7.66611111111111,58,53,15,21,90,5295,2732,2563,499,1263,4032,7.59696015108593,8.26681661786237,6.88293445181428,7.13088176352705,7.61826128266033,7.5902876984127,56
"59",2013,7,7.45165289256198,121,8.28840579710145,6.34134615384615,6.41666666666667,7.70952380952381,7.3975,69,52,15,21,100,5416,2801,2615,514,1284,4132,7.59371381093058,8.26734844698322,6.87216481835564,7.11003891050584,7.619753894081,7.58562197483059,57
"60",2013,8,7.68425925925926,108,8.36271186440678,6.86734693877551,8,7.92666666666667,7.64516129032258,59,49,8,15,93,5524,2860,2664,522,1299,4225,7.59548406951485,8.26931573426573,6.8720762012012,7.12367816091954,7.62329792147806,7.5869325443787,58
"61",2013,9,7.76642335766423,137,8.34859154929577,7.14015151515152,7.125,7.94666666666667,7.74426229508197,71,66,12,15,122,5661,2931,2730,534,1314,4347,7.59962091503268,8.27123609689526,6.87855714285714,7.12370786516854,7.62698934550989,7.59134805613067,59
"62",2013,10,7.40990990990991,111,8.15892857142857,6.64727272727273,6.53571428571429,7.27777777777778,7.43548387096774,56,55,14,18,93,5772,2987,2785,548,1332,4440,7.59597262647263,8.26913056578507,6.87398958707361,7.10868613138686,7.62227027027027,7.58808333333334,60
"63",2013,11,7.37252252252252,111,7.95338983050847,6.71346153846154,6.79545454545455,6.89705882352941,7.45851063829787,59,52,11,17,94,5883,3046,2837,559,1349,4534,7.59175658677546,8.26301477347341,6.8710472329926,7.10252236135957,7.61313120830245,7.58539700044111,61
"64",2013,12,7.41769230769231,130,8.01935483870968,6.86911764705882,6.53571428571429,7.37368421052632,7.42522522522523,62,68,14,19,111,6013,3108,2905,573,1368,4645,7.58799334774655,8.25815411840412,6.87100206540447,7.08867364746946,7.60980555555556,7.58156942949408,62
"65",2014,1,7.59098837209302,172,8.16098901098901,6.95061728395062,7.49411764705882,7.5625,7.59560810810811,91,81,17,24,148,6185,3199,2986,590,1392,4793,7.58807663702506,8.2553901219131,6.87316175485599,7.10035593220339,7.60898994252874,7.58200292092635,63
"66",2014,2,7.65663716814159,113,8.08196721311475,7.15769230769231,7.65714285714286,7.89130434782609,7.59666666666667,61,52,14,23,90,6298,3260,3038,604,1415,4883,7.58930676405208,8.25214509202454,6.87803192890059,7.11326158940397,7.61357879858657,7.5822731927094,64
"67",2014,3,7.45098039215686,102,8.01052631578947,6.74222222222222,6.946875,8.065,7.38423913043478,57,45,16,10,92,6400,3317,3083,620,1425,4975,7.5871021875,8.24799306602351,6.8760496269867,7.10896774193548,7.61674666666667,7.57861105527638,65
"68",2014,4,7.51019417475728,103,8.244,6.81792452830189,7.17142857142857,7.07777777777778,7.60176470588235,50,53,14,18,85,6503,3367,3136,634,1443,5060,7.58588405351376,8.24793376893377,6.87506728316326,7.11034700315457,7.61002356202356,7.579,66
"69",2014,5,7.48985915492958,71,8.161875,6.93846153846154,7.1,7.22727272727273,7.538,32,39,10,11,60,6574,3399,3175,644,1454,5120,7.58484697292364,8.24712356575463,6.87584598425197,7.11018633540372,7.60712792297111,7.57851953125,67
"70",2014,6,7.6421686746988,83,8.13913043478261,7.02432432432432,6.9875,7.445,7.7047619047619,46,37,8,20,63,6657,3445,3212,652,1474,5183,7.5855616644134,8.24568156748911,6.87755635118306,7.10868098159509,7.60492808683853,7.58005402276674,68
"71",2014,7,7.60818181818182,110,7.99275362318841,6.9609756097561,6.85,8.14210526315789,7.4967032967033,69,41,12,19,91,6767,3514,3253,664,1493,5274,7.58592936308556,8.24071513944223,6.87860774669536,7.10400602409638,7.61176423308774,7.57861585134623,69
"72",2014,8,7.70166666666667,96,8.30333333333333,6.69888888888889,6.68181818181818,7.78153846153846,7.68915662650602,60,36,11,13,83,6863,3574,3289,675,1506,5357,7.58754830249162,8.24176636821489,6.87664062024932,7.09712592592592,7.61322974767596,7.58032854209446,70
"73",2014,9,7.35057471264368,87,8.07021276595745,6.505,6.08333333333333,7.83076923076923,7.26621621621622,47,40,6,13,74,6950,3621,3329,681,1519,5431,7.5845818705036,8.23953962993648,6.87217512766597,7.08819383259912,7.61509150757077,7.57604860983244,71
"74",2014,10,7.10078947368421,114,8.00196078431373,6.37126984126984,6.63076923076923,7.48095238095238,7.01494623655914,51,63,13,21,93,7064,3672,3392,694,1540,5524,7.57677434881087,8.23623992374728,6.86287175707547,7.07962536023054,7.61326233766234,7.56660209992759,72
"75",2014,11,7.34111111111111,108,8.04244897959184,6.75864406779661,7.03846153846154,7.17333333333333,7.36817204301075,49,59,13,15,93,7172,3721,3451,707,1555,5617,7.57322559955382,8.23368798710024,6.86108982903506,7.0788684582744,7.60901864951768,7.56331671710878,73
"76",2014,12,7.4716,125,8.15723684210526,6.40816326530612,6.45,7.66666666666667,7.45088495575221,76,49,14,12,113,7297,3797,3500,721,1567,5730,7.57148471974784,8.23215775612326,6.85474885714286,7.06665742024965,7.60946011486918,7.56109947643979,74
"77",2015,1,7.72442528735632,174,8.06851851851852,7.16136363636364,6.90625,8.00769230769231,7.67466216216216,108,66,16,26,148,7471,3905,3566,737,1593,5878,7.57504671396065,8.22763201024328,6.86042372406057,7.0631750339213,7.61595982423101,7.56395882953385,75
"78",2015,2,7.53615384615385,130,8.16857142857143,6.79833333333333,7.17647058823529,7.425,7.56132075471698,70,60,17,24,106,7601,3975,3626,754,1617,5984,7.57438152874622,8.22659194968553,6.85939630446773,7.06572944297082,7.61312554112554,7.56391209893048,76
"79",2015,3,7.4662037037037,108,8.14076923076923,6.44651162790698,6.5875,6.935,7.58693181818182,65,43,8,20,88,7709,4040,3669,762,1637,6072,7.57286600077831,8.22521113861386,6.85455737258108,7.06070866141732,7.60484056200367,7.56424571805006,77
"80",2015,4,7.59532710280374,107,8.39074074074074,6.78490566037736,7.11111111111111,7.75,7.56813186813187,54,53,18,16,91,7816,4094,3722,780,1653,6163,7.57317349027636,8.22739447972643,6.85356555615261,7.06187179487179,7.60624561403509,7.56430309914003,78
"81",2015,5,7.4540404040404,99,8.06578947368421,7.07295081967213,7.425,7.43928571428571,7.45647058823529,38,61,12,14,85,7915,4132,3783,792,1667,6248,7.57168338597599,8.22590827686351,6.8571030927835,7.06737373737373,7.60484343131374,7.56283610755442,79
"82",2015,6,7.62573529411765,68,8.30606060606061,6.98428571428571,7.16363636363636,7.43571428571429,7.675,33,35,11,14,54,7983,4165,3818,803,1681,6302,7.57214380558687,8.22654333733493,6.85826898899948,7.06869240348692,7.60343486020226,7.5637972072358,80
"83",2015,7,7.35191919191919,99,7.87433962264151,6.75,6.88181818181818,7.37894736842105,7.3455,53,46,11,19,80,8082,4218,3864,814,1700,6382,7.56944617668894,8.22211782835467,6.85698007246377,7.06616707616707,7.60092588235294,7.56106079598872,81
"84",2015,8,7.39903846153846,104,8.102,6.74814814814815,6.75,7.68421052631579,7.33529411764706,50,54,12,19,85,8186,4268,3918,826,1719,6467,7.56728121182507,8.22071063730084,6.85548009188361,7.06157384987893,7.60184642233857,7.55809339724756,82
"85",2015,9,7.47804878048781,82,8.00434782608696,6.80555555555556,7.04444444444444,7.86,7.425,46,36,9,10,72,8268,4314,3954,835,1729,6539,7.56639622641509,8.21840356977283,6.85502554375316,7.06138922155688,7.60333950260266,7.55662792475914,83
"86",2015,10,7.54300884955752,113,8.0525,6.87755102040816,6.69,7.72571428571429,7.51717171717172,64,49,10,14,99,8381,4378,4003,845,1743,6638,7.56608089726763,8.21597830059388,6.85530127404447,7.05699408284023,7.60432243258749,7.55603946971979,84
"87",2015,11,7.35958904109589,146,8.04225352112676,6.71333333333333,7.01470588235294,7.64285714285714,7.32954545454545,71,75,17,14,132,8527,4449,4078,862,1757,6770,7.56254532660959,8.21320588896381,6.85269028935753,7.05616009280742,7.60462948207171,7.55162333825701,85
"88",2015,12,7.33697183098592,142,7.95214285714286,6.73888888888889,6.88235294117647,7.1675,7.35849206349206,70,72,17,16,126,8669,4519,4150,879,1773,6896,7.55885038643442,8.20916198273954,6.85071590361446,7.05279863481228,7.60068471517203,7.5480945475638,86
"89",2016,1,7.29161073825503,149,8.00985915492958,6.63782051282051,6.46428571428571,7.48888888888889,7.26450381679389,71,78,14,18,131,8818,4590,4228,893,1791,7027,7.55433476978907,8.20607908496732,6.84678831598865,7.04357222844345,7.59956113902848,7.54280774156823,87
"90",2016,2,7.24603094890511,137,7.95442105263158,6.741303,6.57891636363636,7.62192347826087,7.17019298245614,57,80,33,23,114,8955,4647,4308,926,1814,7141,7.54961811725293,8.20299225306649,6.84482944289694,7.02701321814255,7.59984467475193,7.53685926340848,88
"91",2016,3,7.045,108,8.09,6.43029411764706,6.18181818181818,6.86923076923077,7.06905263157895,40,68,11,13,95,9063,4687,4376,937,1827,7236,7.54360479311486,8.20202794964796,6.83838785191956,7.01709097118463,7.59464599890531,7.53071752349364,89
"92",2016,4,7.17102803738318,107,7.84901960784314,6.55357142857143,6.84615384615385,6.5,7.29777777777778,51,56,13,17,90,9170,4738,4432,950,1844,7326,7.53925738713195,8.19822815533981,6.83478908844765,7.01475183157894,7.58455436008677,7.52785585585585,90
"93",2016,5,7.42264150943396,106,7.77959183673469,7.11578947368421,7.15,7.31111111111111,7.43298969072165,49,57,12,9,97,9276,4787,4489,962,1853,7423,7.53792477792152,8.19394297054522,6.83835714858543,7.01643891891892,7.58322624932542,7.52661619291391,91
"94",2016,6,7.27835051546392,97,7.85853658536585,6.85357142857143,7.35,6.6875,7.3314606741573,41,56,12,8,89,9373,4828,4545,974,1861,7512,7.53523847647498,8.19109465617233,6.83854460726073,7.02054850102669,7.57937573347663,7.52430404685836,92
"95",2016,7,7.39653465346535,101,8.04903846153846,6.70408163265306,6.67777777777778,6.2,7.48563829787234,52,49,9,7,94,9474,4880,4594,983,1868,7606,7.53375978889593,8.18958094262295,6.83711041358293,7.01741021363174,7.57420676659529,7.52382618985012,93
"96",2016,8,7.43883495145631,103,8.25660377358491,6.572,6.19230769230769,7.075,7.52650602409639,53,50,13,20,83,9577,4933,4644,996,1888,7689,7.53273887856322,8.19030103385364,6.83425608096468,7.00664080321285,7.56891855932203,7.52385511770061,94
"97",2016,9,7.36634782608696,115,8.16111111111111,6.6627868852459,6.46428571428571,7.15789473684211,7.40760416666667,54,61,14,19,96,9692,4987,4705,1010,1907,7785,7.53076457284358,8.18998496089833,6.8320329946865,6.99912300990099,7.56482340849502,7.52242157996146,95
"98",2016,10,7.44690291262136,103,8.04374509803922,6.86153846153846,7.38461538461539,6.92727272727273,7.50903260869565,51,52,13,11,92,9795,5038,4757,1023,1918,7877,7.52988271975498,8.18850456530369,6.83235552659239,7.00402173998045,7.56116696558916,7.52226520248825,96
"99",2016,11,7.07736,125,7.66031746031746,6.485,6.46428571428571,6.96086956521739,7.10362745098039,63,62,14,23,102,9920,5101,4819,1037,1941,7979,7.52418056854839,8.18198118016075,6.82788654077609,6.9967350433944,7.55405370427615,7.51691352299787,97
"100",2016,12,7.30625,104,7.76147540983607,6.66046511627907,6.77,7.45454545454545,7.28870967741936,61,43,10,11,93,10024,5162,4862,1047,1952,8072,7.52191951715882,8.17701201084851,6.82640584944467,6.99456947468959,7.55349295081967,7.51428431615461,98
"101",2017,1,7.55138888888889,144,8.08851351351351,6.98357142857143,7.09090909090909,7.77173913043478,7.50950413223141,74,70,11,23,121,10168,5236,4932,1058,1975,8193,7.52233686467349,8.17576126814362,6.82863650446066,6.99557111531191,7.55603455189873,7.51421371902844,99
"102",2017,2,7.24764150943396,106,7.92982456140351,6.45408163265306,6.08333333333333,7.31818181818182,7.23947368421053,57,49,12,11,95,10274,5293,4981,1070,1986,8288,7.519502748686,8.17311279047799,6.82495186508733,6.98534041121495,7.55471713997986,7.5110645511583,100
"103",2017,3,7.39225,120,7.87254237288136,6.92770491803279,6.80666666666667,7.625,7.36638888888889,59,61,15,12,108,10394,5352,5042,1085,1998,8396,7.51803360015394,8.16979932735426,6.8261950099167,6.9828702672811,7.55513925925926,7.50920354930919,101
"104",2017,4,7.26142857142857,105,7.82093023255814,6.87338709677419,6.97058823529412,7.28333333333333,7.25860215053763,43,62,17,12,93,10499,5395,5104,1102,2010,8489,7.51546730545766,8.167018721038,6.82676826802508,6.98268079854809,7.55351653731343,7.50645812227588,102
"105",2017,5,7.48369565217391,92,8.09056603773585,6.65897435897436,6.84615384615385,7.44615384615385,7.48987341772152,53,39,13,13,79,10591,5448,5143,1115,2023,8568,7.51519131715608,8.16627496328928,6.82549586622594,6.9810890044843,7.55282661393969,7.5063052054155,103
"106",2017,6,7.35380434782609,92,7.99893617021277,6.68,6.70833333333333,7.41538461538462,7.34367088607595,47,45,12,13,79,10683,5495,5188,1127,2036,8647,7.51380148272957,8.16484367606915,6.82423385505011,6.97818477373558,7.55194903732809,7.50481935931537,104
"107",2017,7,6.83855421686747,83,7.59230769230769,6.17045454545455,6.35384615384615,5.84166666666667,7.00704225352113,39,44,13,12,71,10766,5534,5232,1140,2048,8718,7.50859569385101,8.16080881821467,6.81873571100917,6.97106512280702,7.5419278515625,7.50076542785042,105
"108",2017,8,7.40103092783505,97,7.87924528301887,6.825,7.35714285714286,7.83333333333333,7.35681818181818,53,44,7,9,88,10863,5587,5276,1147,2057,8806,7.50763520574427,8.15813781993914,6.81878795299469,6.97342130775937,7.54320283908605,7.49932693617987,106
"109",2017,9,6.94280898876405,89,7.63886363636364,6.26222222222222,6.16666666666667,6.56428571428571,7.01346666666667,44,45,9,14,75,10952,5631,5321,1156,2071,8881,7.50304521913806,8.15408026993429,6.81408104491637,6.96714034602076,7.53658534041526,7.49522384866569,107
"110",2017,10,7.18380620155039,129,7.78683333333333,6.6594347826087,6.61764705882353,6.87066666666667,7.22500877192982,60,69,17,15,114,11081,5691,5390,1173,2086,8995,7.49932878260085,8.15020839922685,6.8121013432282,6.96207522591645,7.53179685522531,7.49179922178988,108
"111",2017,11,7.29290598290598,117,7.69166666666667,6.95111111111111,6.92916666666667,7.76416666666667,7.23904761904762,54,63,12,12,105,11198,5745,5453,1185,2098,9100,7.49717201643151,8.14589834638816,6.81370736108564,6.96174197468354,7.5331259485224,7.48888285714285,109
"112",2017,12,7.32038461538462,104,7.70909090909091,6.88408163265306,6.68235294117647,7.04285714285714,7.36355555555556,55,49,17,14,90,11302,5800,5502,1202,2112,9190,7.49554523447178,8.14175620689655,6.81433410396219,6.95779054908486,7.52987606060606,7.48765549510337,110
"113",2018,1,7.3321186440678,118,7.9515625,6.59796296296296,6.52227272727273,7.56,7.29893203883495,64,54,22,15,103,11420,5864,5556,1224,2127,9293,7.49385658844133,8.13968042291951,6.81223114470842,6.94996261437908,7.53008850023507,7.48556375766706,111
"114",2018,2,6.96041666666667,96,7.48536585365854,6.56909090909091,6.3,6.55,7.0425,41,55,15,16,80,11516,5905,5611,1239,2143,9373,7.48940971170546,8.13513734123624,6.80984784173944,6.94209381759483,7.52277099393374,7.4817821401899,112
"115",2018,3,7.32023529411765,85,7.87179487179487,6.85260869565217,6.75,8,7.2296,39,46,14,10,75,11601,5944,5657,1253,2153,9448,7.4881701784329,8.13340948855989,6.81019555241294,6.9399475179569,7.5249875708314,7.47978027095681,113
"116",2018,4,7.1741935483871,62,7.95689655172414,6.48636363636364,5.35,7.39285714285714,7.14636363636364,29,33,5,7,55,11663,5973,5690,1258,2160,9503,7.48650109234331,8.13255248618785,6.80831744112478,6.93362817170111,7.52455937037037,7.4778505735031,114
"117",2018,5,7.44392152941176,85,7.8306666,6.89142857142857,7.02222222222222,7.90769230769231,7.36018513888889,50,35,9,13,72,11748,6023,5725,1267,2173,9575,7.4861930175349,8.13004637722065,6.8088255441048,6.93425749013417,7.52685146801657,7.47696577859007,115
"118",2018,6,7.13333333333333,72,7.51428571428571,6.77297297297297,6.82727272727273,7.5,7.0875,35,37,11,8,64,11820,6058,5762,1278,2181,9639,7.48404361844332,8.12648882964675,6.80859532106907,6.93333665101721,7.52675297569922,7.47437984541965,116
"119",2018,7,6.92083333333333,72,7.53428571428571,6.34054054054054,6.61111111111111,7.33333333333333,6.86190476190476,35,37,9,9,63,11892,6093,5799,1287,2190,9702,7.48063366717121,8.12308703922534,6.80560893947232,6.93108332556332,7.52595810045662,7.47040273448773,117
"120",2018,8,7.21042105263158,95,7.86020833333333,6.5468085106383,6.5375,7.17777777777778,7.21383720930233,48,47,16,9,86,11987,6141,5846,1303,2199,9788,7.47849216401102,8.12103229604299,6.80352826548067,6.92625037605526,7.52453307867212,7.4681484807928,118
"121",2018,9,7.13107692307692,65,7.755,6.76585365853659,6.09333333333333,7.34,7.09309090909091,24,41,15,10,55,12052,6165,5887,1318,2209,9843,7.47661845087953,8.11960735279805,6.8032658807542,6.91677104704097,7.52369770937076,7.46605276135324,119
"122",2018,10,7.101875,80,7.47727272727273,6.64305555555556,6.825,7.43636363636364,7.04855072463768,44,36,12,11,69,12132,6209,5923,1330,2220,9912,7.47414734338939,8.11505545659526,6.80229212223535,6.91594303759398,7.52326497297297,7.46314642150928,120
"123",2018,11,7.32047619047619,105,7.8622641509434,6.76826923076923,6.4875,6.925,7.39157303370787,53,52,8,16,89,12237,6262,5975,1338,2236,10001,7.47282876276866,8.11291589428298,6.80199602343096,6.91338134529148,7.51898400715563,7.46250948205179,121
"124",2018,12,7.20280898876404,89,7.70625,6.79183673469388,6.72727272727273,7.65454545454545,7.13910256410256,40,49,11,11,78,12326,6302,6024,1349,2247,10079,7.47087908242739,8.1103347080292,6.80191338645418,6.91186378057821,7.51964763684913,7.46000668022621,122
"125",2019,1,6.92272727272727,99,7.6622641509434,6.07065217391304,6.15625,6.2,6.96117021276596,53,46,8,5,94,12425,6355,6070,1357,2252,10173,7.46651151468813,8.10659784893784,6.79637170345964,6.90740916728077,7.51671769094138,7.45539735869458,123
"126",2019,2,7.45511363636364,88,8.42906976744186,6.52444444444444,6.81818181818182,7.81818181818182,7.40324675324675,43,45,11,11,77,12513,6398,6115,1368,2263,10250,7.46643135698874,8.108765134417,6.79437060343418,6.90669169590643,7.51818304904993,7.45500559317073,124
"127",2019,3,6.9043661971831,71,7.68064516129032,6.30275,5.85,6.29166666666667,7.02898305084746,31,40,8,12,59,12584,6429,6155,1376,2275,10309,7.46326013747616,8.10670078239228,6.79117566856214,6.90054813953488,7.51171351208791,7.45256740032981,125
"128",2019,4,7.41209677419355,62,7.81896551724138,7.05454545454545,6.86666666666667,7.7,7.35673076923077,29,33,9,10,52,12646,6458,6188,1385,2285,10361,7.46300929701092,8.10540869154537,6.79258019392372,6.90032797111913,7.51253752297593,7.4520864134736,126
"129",2019,5,7.20606557377049,61,7.88393939393939,6.40714285714286,6.25,7.747,7.1,33,28,8,10,51,12707,6491,6216,1393,2295,10412,7.46177583772724,8.10428274996148,6.79084398970399,6.89659313711414,7.5135591459695,7.45036182577795,127
"130",2019,6,6.90283950617284,81,7.95547619047619,5.76923076923077,5.2,8.875,6.80038961038961,42,39,15,4,77,12788,6533,6255,1408,2299,10489,7.45823549968721,8.10332608755549,6.78447421902478,6.87851863636363,7.51592789908656,7.44559036419106,128
"131",2019,7,7.48082191780822,73,7.94871794871795,6.94411764705882,6.575,6.7,7.6047619047619,39,34,8,10,63,12861,6572,6289,1416,2309,10552,7.45836370188944,8.10240860164333,6.78533729368739,6.87680384180791,7.51239421394543,7.44654068707354,129
"132",2019,8,7.16212962962963,108,7.78915254237288,6.40714285714286,7.2375,7.50625,7.10228260869565,59,49,8,16,92,12969,6631,6338,1424,2325,10644,7.45589679774848,8.0996213738501,6.78241341748185,6.8788302247191,7.51235193118279,7.44356513810598,130
"133",2019,9,7.2758904109589,73,7.83333333333333,6.63647058823529,7,7.68,7.17137931034483,39,34,9,15,58,13042,6670,6372,1433,2340,10702,7.45488924781476,8.09806436731634,6.78163468926553,6.87959123517097,7.5134265982906,7.44209001401607,131
"134",2019,10,7.18815189873418,79,8.25042424242424,6.42608695652174,6.0625,7.8384,7.09391304347826,33,46,8,10,69,13121,6703,6418,1441,2350,10771,7.453283253563,8.09881446068924,6.7790863571206,6.87505498959056,7.51480946382979,7.43985956085786,132
"135",2019,11,7.25,89,7.68137254901961,6.67105263157895,6.34285714285714,7.71071428571429,7.164,51,38,7,14,75,13210,6754,6456,1448,2364,10846,7.45191366919001,8.09566232306781,6.7784504708798,6.87248220994475,7.51596964467005,7.43795199428361,133
"136",2019,12,7.61371794871795,78,8.00551020408163,6.95172413793103,5.96,8.07142857142857,7.56859154929577,49,29,5,7,71,13288,6803,6485,1453,2371,10917,7.45286345349188,8.09501298397765,6.77922532613724,6.86934221610461,7.51760954871362,7.43880162407255,134
"137",2020,1,7.09607495798319,119,7.556180625,6.7850176056338,6.36842105263158,6.56666666666667,7.17243192307692,48,71,19,15,104,13407,6851,6556,1472,2386,11021,7.44969661296338,8.09123777550722,6.77928805521659,6.86287652173913,7.51163128248114,7.43628801832865,135
"138",2020,2,7.17361876712329,73,7.97227486486486,6.35277777777778,5.83333333333333,7.96363636363636,7.03345435483871,37,36,12,11,62,13480,6888,6592,1484,2397,11083,7.44820153264095,8.0905987470964,6.7769588121966,6.85455137466307,7.51370556528994,7.4340345050979,136
"139",2020,3,7.07870967741936,62,7.36,6.75862068965517,5.4,6.66666666666667,7.12285714285714,33,29,5,6,56,13542,6921,6621,1489,2403,11139,7.44650987003397,8.08711518133217,6.77687849116447,6.84966705171256,7.51159061173533,7.43247009785439,137
"140",2020,4,6.84448275862069,58,7.24181818181818,6.32,6.15,7.22857142857143,6.79176470588235,33,25,10,7,51,13600,6954,6646,1499,2410,11190,7.44394240147059,8.08310384958297,6.77515986909419,6.84499949299533,7.51076856431535,7.42954999285076,138
"141",2020,5,7.56814084507042,71,7.93068181818182,6.97733333333333,6.275,8.8125,7.41012698412698,44,27,10,8,63,13671,6998,6673,1509,2418,11253,7.44458742301222,8.08214549442698,6.77597789450022,6.8412221603711,7.51507536807279,7.4294412529992,139
"142",2020,6,7.13636363636364,55,7.75,6.5,6.6,5.83333333333333,7.29591836734694,28,27,10,6,49,13726,7026,6700,1519,2424,11302,7.44335237214047,8.08082182892115,6.77486574477612,6.8396341277156,7.51091264026402,7.42886236241374,140
"143",2020,7,7.17272727272727,55,7.56,6.85,6.9,7.7,7.10816326530612,25,30,9,6,49,13781,7051,6730,1528,2430,11351,7.44227230679922,8.07897520493547,6.77520066716196,6.83998968586387,7.51137952263374,7.42747796846093,141
"144",2020,8,7.20847222222222,72,7.81416666666667,6.60277777777778,5.85714285714286,7.66363636363636,7.12639344262295,36,36,7,11,61,13853,7087,6766,1535,2441,11412,7.44105714718834,8.07763005079723,6.77428325302985,6.83550764820847,7.51206564522736,7.42586859621452,142
"145",2020,9,6.81739130434783,46,7.604,5.88095238095238,4,6.61111111111111,6.86756756756757,25,21,2,9,37,13899,7112,6787,1537,2450,11449,7.43899306856609,8.07596515326209,6.7715191527921,6.83181798308393,7.50875601632653,7.42406432177483,143
"146",2020,10,7.18519736842105,76,7.57692307692308,6.7722972972973,6.34,6,7.32463235294118,39,37,10,8,68,13975,7151,6824,1547,2458,11517,7.43761285581396,8.0732434862257,6.77152337192262,6.82863881060116,7.50384550040683,7.42347724407398,144
"147",2020,11,7.10886347368421,95,7.61837092592593,6.43780487804878,5.75,6.6,7.16872976470588,54,41,6,10,85,14070,7205,6865,1553,2468,11602,7.43539315493959,8.06983430950728,6.7695302971595,6.82447150032196,7.50018324149108,7.42161088174453,145
"148",2020,12,7.28963414634146,82,7.87065217391304,6.54722222222222,6.78571428571429,7.5,7.24632352941176,46,36,7,14,68,14152,7251,6901,1560,2482,11670,7.43454859313172,8.06857070748862,6.76837059701492,6.82429758974359,7.50018220789685,7.42058949871466,146
"149",2021,1,7.32397260273973,73,7.87325581395349,6.53666666666667,6.31428571428571,6.89166666666667,7.36268656716418,43,30,7,6,67,14225,7294,6931,1567,2488,11737,7.43398113813709,8.06741927611736,6.76736769441639,6.8220192980217,7.4987147266881,7.42025896310813,147
"150",2021,2,7.15950819672131,61,7.46060606060606,6.80464285714286,6.65375,8.3125,6.98547169811321,33,28,8,8,53,14286,7327,6959,1575,2496,11790,7.43280916211676,8.06468625631227,6.76751767351631,6.82116459682539,7.50132301282051,7.41830444868533,148
"151",2021,3,7.35714285714286,56,7.85151515151515,6.64782608695652,5,8.25,7.25,33,23,4,6,50,14342,7360,6982,1579,2502,11840,7.4325137142658,8.06373046195652,6.76712338728158,6.81655113362888,7.50311840127897,7.4175937035473,149
"152",2021,4,7.0986301369863,73,7.65,6.15925925925926,7.07142857142857,7.13333333333333,7.09375,46,27,7,9,64,14415,7406,7009,1586,2511,11904,7.43082287131461,8.06116070753443,6.7647817791411,6.81767606557377,7.50179300677021,7.41585260836694,150
"153",2021,5,7.08085106382979,47,7.44285714285714,6.78846153846154,7.42857142857143,7.14444444444444,7.06578947368421,21,26,7,9,38,14462,7427,7035,1593,2520,11942,7.42968549923939,8.05941244109331,6.7648692949538,6.82036047708725,7.50051676190476,7.41473869117401,151
"154",2021,6,7.03909090909091,55,7.46944444444444,6.22368421052632,7,7.3,7.013,36,19,5,5,50,14517,7463,7054,1598,2525,11992,7.42820566852656,8.05656655500469,6.76341160901616,6.82092255319149,7.5001196990099,7.41306366327552,152
"155",2021,7,7.2555,44,7.81221428571429,6.28125,5.7,8.14033333333333,7.11578947368421,28,16,5,6,38,14561,7491,7070,1603,2531,12030,7.42768379163519,8.05565321051929,6.76232043705799,6.81742622582657,7.50163739233504,7.41212464256027,153
"156",2021,8,7.56507936507936,63,7.84,7.08695652173913,6,8,7.54333333333333,40,23,6,3,60,14624,7531,7093,1609,2534,12090,7.42827568996171,8.05450779444961,6.76337311292824,6.81437802361715,7.50222740331492,7.41277580231597,154
"157",2021,9,7.04307692307692,65,7.34285714285714,6.69333333333333,5.8,6.5,7.06031746031746,35,30,5,2,63,14689,7566,7123,1614,2536,12153,7.42657115460549,8.05121572825799,6.76307812578969,6.81123558859975,7.50143700315457,7.41094869168107,155
"158",2021,10,7.12156862745098,51,7.59,6.45238095238095,6.25,7.21428571428571,7.10681818181818,30,21,4,7,44,14740,7596,7144,1618,2543,12197,7.4255158541384,8.04939418114797,6.76216482222844,6.80984810877627,7.50064657491152,7.40985155776011,156
"159",2021,11,7.13888888888889,54,7.57894736842105,6.9,7.10714285714286,7,7.16666666666667,19,35,14,9,45,14794,7615,7179,1632,2552,12242,7.42446962890361,8.04822038082731,6.76283681431954,6.81239843137255,7.49888097178683,7.40895764172521,157
"160",2021,12,7.06938372093023,86,7.67268292682927,6.51971111111111,5.66245454545455,6.37633333333333,7.15038961038961,41,45,11,9,77,14880,7656,7224,1643,2561,12319,7.42241738508065,8.0462092737722,6.76132232696567,6.80469947656725,7.49493605622803,7.40734146034581,158
"161",2022,1,6.89391020408163,98,7.238064,6.53541666666667,6.06666666666667,7.075,6.86864186046512,50,48,9,12,86,14978,7706,7272,1652,2573,12405,7.41895939978636,8.04096566311964,6.75983120049505,6.80067871670702,7.49297755149631,7.40360682386135,159
"162",2022,2,7.00076923076923,65,7.19054054054054,6.75,6.22222222222222,7.33333333333333,6.98467741935484,37,28,9,3,62,15043,7743,7300,1661,2576,12467,7.41715242238916,8.03690189848895,6.75979349178082,6.7975443949428,7.49279163043478,7.40152343386541,160
"163",2022,3,7.16896721311475,61,7.60627272727273,6.65357142857143,5.78571428571429,6.40063636363636,7.338,33,28,7,11,50,15104,7776,7328,1668,2587,12517,7.41615008540784,8.03507438271604,6.75938762145196,6.79329810551559,7.48814775415539,7.40126968522809,161
"164",2022,4,7.01818181818182,55,7.48214285714286,6.53703703703704,6.11111111111111,8,6.9811320754717,28,27,9,2,53,15159,7804,7355,1677,2589,12570,7.4147061738901,8.03309051768323,6.75857137865397,6.78963699463327,7.48854315952105,7.39949822195705,162
"165",2022,5,7.12727272727273,55,7.58571428571429,6.65185185185185,7.125,7.73333333333333,7.0530612244898,28,27,4,6,49,15214,7832,7382,1681,2595,12619,7.41366707571974,8.031491113381,6.75818104714169,6.79043500297442,7.48910914836223,7.39815299548301,163
"166",2022,6,7.25986842105263,38,7.92386363636364,6.346875,NA,8.375,7.12867647058824,22,16,0,4,34,15252,7854,7398,1681,2599,12653,7.41328388998165,8.03118963585434,6.75729149635036,6.79043500297442,7.49047258176221,7.39742888247847,164
"167",2022,7,7.51704357142857,56,7.8215,6.7559025,6.66666666666667,7.62666666666667,7.5038888,40,16,3,6,50,15308,7894,7414,1684,2605,12703,7.41366346550824,8.03012710919685,6.75728849878608,6.79021451306413,7.49078627255278,7.39784791702748,165
"168",2022,8,7.15666666666667,60,7.37567567567568,6.80434782608696,7,7.5,7.07959183673469,37,23,4,11,49,15368,7931,7437,1688,2616,12752,7.4126600943519,8.02707393771277,6.75743403657388,6.79071163507109,7.49082501529052,7.39662500705772,166
"169",2022,9,7.2943661971831,71,7.87297297297297,6.66470588235294,6.35714285714286,7.3,7.29354838709677,37,34,7,9,62,15439,7968,7471,1695,2625,12814,7.41211609106808,8.02635835843373,6.75701203721054,6.78892108554572,7.49017075809524,7.39612627516779,167
"170",2022,10,6.89491525423729,59,7.27878787878788,6.40769230769231,6.16666666666667,7.125,6.87818181818182,33,26,6,4,55,15498,8001,7497,1701,2629,12869,7.41014713704995,8.02327501562304,6.75580057756436,6.78672618459729,7.48961515405097,7.39391266531977,168
"171",2022,11,7.09166666666667,54,7.85227272727273,6.56875,7.61666666666667,6.67272727272727,7.19883720930233,22,32,6,11,43,15552,8023,7529,1707,2640,12912,7.40904130208334,8.0228061074411,6.75500556913268,6.78964337434095,7.48621145454545,7.39326301812268,169
"172",2022,12,7.20409836065574,61,7.81428571428571,6.38269230769231,5.76818181818182,7.00555555555556,7.23846153846154,35,26,11,9,52,15613,8058,7555,1718,2649,12964,7.40824058989304,8.02190039712087,6.75372427928524,6.78310316647264,7.48457842204605,7.3926420927183,170
