"","year","month","avg_rating","no_ratings","avg_rating_owned","avg_rating_not_owned","avg_rating_prev_owned","avg_rating_comment","avg_rating_no_comment","no_ratings_owned","no_ratings_not_owned","no_ratings_prev_owned","no_ratings_comment","no_ratings_no_comment","cum_no_ratings","cum_no_ratings_owned","cum_no_ratings_not_owned","cum_no_ratings_prev_owned","cum_no_ratings_comment","cum_no_ratings_no_comment","cum_avg_rating","cum_avg_rating_owned","cum_avg_rating_not_owned","cum_avg_rating_prev_owned","cum_avg_rating_comment","cum_avg_rating_no_comment","month_after_release"
"1",2008,9,10,2,10,10,NA,10,10,1,1,0,1,1,2,1,1,0,1,1,10,10,10,NA,10,10,-1
"2",2008,10,7.875,8,8.83333333333333,7.3,8,8,7.66666666666667,3,5,1,5,3,10,4,6,1,6,4,8.3,9.125,7.75,8,8.33333333333333,8.25,0
"3",2008,11,7.14285714285714,7,7.66666666666667,6.75,9,7.66666666666667,6.75,3,4,1,3,4,17,7,10,2,9,8,7.82352941176471,8.5,7.35,8.5,8.11111111111111,7.5,1
"4",2008,12,7.27272727272727,11,8,6.85714285714286,7.5,7.21428571428571,7.375,4,7,1,7,4,28,11,17,3,16,12,7.60714285714286,8.31818181818182,7.14705882352941,8.16666666666667,7.71875,7.45833333333333,2
"5",2009,1,7.375,8,8.25,6.5,6.5,7.5,7.16666666666667,4,4,1,5,3,36,15,21,4,21,15,7.55555555555556,8.3,7.02380952380952,7.75,7.66666666666667,7.4,3
"6",2009,3,7.4,5,7.33333333333333,7.5,7,7.66666666666667,7,3,2,1,3,2,41,18,23,5,24,17,7.53658536585366,8.13888888888889,7.06521739130435,7.6,7.66666666666667,7.35294117647059,5
"7",2009,4,7.14285714285714,7,7.6,6,5,8,7,5,2,1,1,6,48,23,25,6,25,23,7.47916666666667,8.02173913043478,6.98,7.16666666666667,7.68,7.26086956521739,6
"8",2009,5,8,3,8,NA,NA,NA,8,3,0,0,0,3,51,26,25,6,25,26,7.50980392156863,8.01923076923077,6.98,7.16666666666667,7.68,7.34615384615385,7
"9",2009,6,7.47272727272727,11,7.625,7.38571428571429,7,5.85,7.83333333333333,4,7,2,2,9,62,30,32,8,27,35,7.50322580645161,7.96666666666667,7.06875,7.125,7.54444444444444,7.47142857142857,8
"10",2009,7,6.38333333333333,3,7,6.075,NA,7,6.075,1,2,0,1,2,65,31,34,8,28,37,7.45153846153846,7.93548387096774,7.01029411764706,7.125,7.525,7.39594594594594,9
"11",2009,8,7.41666666666667,6,7.625,7,NA,7.5,7.375,4,2,0,2,4,71,35,36,8,30,41,7.44859154929577,7.9,7.00972222222222,7.125,7.52333333333333,7.39390243902439,10
"12",2009,9,6.16666666666667,3,8,5.25,NA,NA,6.16666666666667,1,2,0,0,3,74,36,38,8,30,44,7.39662162162162,7.90277777777778,6.9171052631579,7.125,7.52333333333333,7.31022727272727,11
"13",2009,10,7.93333333333333,6,7.95,7.9,NA,7.82,8.5,4,2,0,5,1,80,40,40,8,35,45,7.436875,7.9075,6.96625,7.125,7.56571428571429,7.33666666666667,12
"14",2009,11,7,8,8,6,5,6.83333333333333,7.5,4,4,1,6,2,88,44,44,9,41,47,7.39715909090909,7.91590909090909,6.87840909090909,6.88888888888889,7.45853658536585,7.3436170212766,13
"15",2009,12,6.92857142857143,7,7.5,6.7,6.5,7.125,6.66666666666667,2,5,2,4,3,95,46,49,11,45,50,7.36263157894737,7.89782608695652,6.86020408163265,6.81818181818182,7.42888888888889,7.303,14
"16",2010,1,6.85714285714286,7,8,6.4,5,5,7.16666666666667,2,5,1,1,6,102,48,54,12,46,56,7.32794117647059,7.90208333333333,6.81759259259259,6.66666666666667,7.37608695652174,7.28839285714286,15
"17",2010,2,6.7,5,8,6.375,NA,6,6.875,1,4,0,1,4,107,49,58,12,47,60,7.29859813084112,7.90408163265306,6.78706896551724,6.66666666666667,7.3468085106383,7.26083333333333,16
"18",2010,3,6.58181818181818,11,7.125,6.27142857142857,6.5,6.65,6.5,4,7,2,6,5,118,53,65,14,53,65,7.23177966101695,7.84528301886792,6.73153846153846,6.64285714285714,7.26792452830189,7.20230769230769,17
"19",2010,4,7.45833333333333,12,8.08333333333333,6.83333333333333,NA,7.25,7.5625,6,6,0,4,8,130,59,71,14,57,73,7.25269230769231,7.86949152542373,6.74014084507042,6.64285714285714,7.26666666666667,7.24178082191781,18
"20",2010,5,6.81666666666667,6,8,5.63333333333333,NA,6,6.98,3,3,0,1,5,136,62,74,14,58,78,7.23345588235294,7.8758064516129,6.69527027027027,6.64285714285714,7.2448275862069,7.225,19
"21",2010,6,6.78571428571429,7,7.75,6.4,6.5,6.5,6.9,2,5,1,2,5,143,64,79,15,60,83,7.21153846153846,7.871875,6.67658227848101,6.63333333333333,7.22,7.20542168674699,20
"22",2010,7,7.19166666666667,12,7.66666666666667,7.03333333333333,8,7.16666666666667,7.2,3,9,1,3,9,155,67,88,16,63,92,7.21,7.86268656716418,6.71306818181818,6.71875,7.21746031746032,7.20489130434783,21
"23",2010,8,7.7,5,8.25,5.5,NA,8,7.625,4,1,0,1,4,160,71,89,16,64,96,7.2253125,7.88450704225352,6.69943820224719,6.71875,7.2296875,7.22239583333333,22
"24",2010,9,7.3,10,7.3,7.3,7,6.5,7.38888888888889,5,5,2,1,9,170,76,94,18,65,105,7.22970588235294,7.84605263157895,6.7313829787234,6.75,7.21846153846154,7.23666666666667,23
"25",2010,10,7.2875,16,7.59090909090909,6.62,8,7.35,7.25,11,5,1,6,10,186,87,99,19,71,115,7.23467741935484,7.81379310344828,6.72575757575758,6.81578947368421,7.22957746478873,7.23782608695652,24
"26",2010,11,6.59523809523809,21,7.35,5.90909090909091,6,5.5,6.9375,10,11,1,5,16,207,97,110,20,76,131,7.16980676328502,7.7659793814433,6.64409090909091,6.775,7.11578947368421,7.20114503816794,25
"27",2010,12,7.35333333333333,15,7.66,6.74,NA,7,7.48181818181818,10,5,0,4,11,222,107,115,20,80,142,7.18220720720721,7.75607476635514,6.64826086956522,6.775,7.11,7.22288732394366,26
"28",2011,1,7.29166666666667,12,7.5,7.08333333333333,7.5,6,7.40909090909091,6,6,2,1,11,234,113,121,22,81,153,7.18782051282051,7.74247787610619,6.6698347107438,6.84090909090909,7.0962962962963,7.23627450980392,27
"29",2011,2,6.91666666666667,6,7.5,6.625,7,6.25,7.25,2,4,1,2,4,240,115,125,23,83,157,7.18104166666667,7.73826086956522,6.6684,6.84782608695652,7.07590361445783,7.23662420382166,28
"30",2011,3,7.45555555555556,9,7.58571428571429,7,6,7,7.5125,7,2,1,1,8,249,122,127,24,84,165,7.19096385542169,7.72950819672131,6.67362204724409,6.8125,7.075,7.25,29
"31",2011,4,7,8,7,7,NA,7,7,3,5,0,1,7,257,125,132,24,85,172,7.18501945525292,7.712,6.68598484848485,6.8125,7.07411764705882,7.23982558139535,30
"32",2011,5,7.14285714285714,7,7.66666666666667,6.75,8,5,7.5,3,4,1,1,6,264,128,136,25,86,178,7.18390151515151,7.7109375,6.68786764705882,6.86,7.05,7.24859550561798,31
"33",2011,6,7.2,10,7.6,6.8,8.5,6,7.33333333333333,5,5,1,1,9,274,133,141,26,87,187,7.18448905109489,7.70676691729323,6.69184397163121,6.92307692307692,7.03793103448276,7.25267379679144,32
"34",2011,7,7.1,11,6.275,7.57142857142857,8,8,6.7625,4,7,1,3,8,285,137,148,27,90,195,7.18122807017544,7.66496350364963,6.73344594594595,6.96296296296296,7.07,7.2325641025641,33
"35",2011,8,7.31,10,7.51666666666667,7,7,7.5,7.2625,6,4,1,2,8,295,143,152,28,92,203,7.18559322033898,7.65874125874126,6.74046052631579,6.96428571428571,7.07934782608696,7.23374384236453,34
"36",2011,9,6.27272727272727,11,7.3,5.41666666666667,7,6.66666666666667,6.125,5,6,1,3,8,306,148,158,29,95,211,7.15277777777778,7.64662162162162,6.69018987341772,6.96551724137931,7.06631578947368,7.19170616113744,35
"37",2011,10,7.3,5,7.375,7,NA,7.5,7.16666666666667,4,1,0,2,3,311,152,159,29,97,214,7.15514469453376,7.63947368421053,6.69213836477988,6.96551724137931,7.07525773195876,7.19135514018691,36
"38",2011,11,6.8,10,7.25,6.5,7.5,7.5,6.5,4,6,2,3,7,321,156,165,31,100,221,7.14408099688473,7.62948717948718,6.68515151515152,7,7.088,7.16945701357466,37
"39",2011,12,7.09230769230769,13,7.61666666666667,6.64285714285714,6.83333333333333,7.4,7,6,7,3,3,10,334,162,172,34,103,231,7.14206586826347,7.62901234567901,6.68343023255814,6.98529411764706,7.09708737864078,7.16212121212121,38
"40",2012,1,6.5,12,6.6,6.42857142857143,6.75,6,6.54545454545455,5,7,2,1,11,346,167,179,36,104,242,7.11979768786127,7.59820359281437,6.67346368715084,6.97222222222222,7.08653846153846,7.13409090909091,39
"41",2012,2,6.5,10,7.66666666666667,6,6.5,7,6.28571428571429,3,7,2,3,7,356,170,186,38,107,249,7.10238764044944,7.59941176470588,6.64811827956989,6.94736842105263,7.08411214953271,7.11024096385542,40
"42",2012,3,7.50833333333333,12,8.01111111111111,6,NA,7.75,7.3875,9,3,0,4,8,368,179,189,38,111,257,7.115625,7.62011173184357,6.63783068783069,6.94736842105263,7.10810810810811,7.11887159533074,41
"43",2012,4,6.86,13,7.545,6.55555555555556,6.5,NA,6.86,4,9,2,0,13,381,183,198,40,111,270,7.10690288713911,7.61846994535519,6.63409090909091,6.925,7.10810810810811,7.10640740740741,42
"44",2012,5,6.6,5,7.75,5.83333333333333,6,6.33333333333333,7,2,3,1,3,2,386,185,201,41,114,272,7.10033678756476,7.61989189189189,6.62213930348259,6.90243902439024,7.08771929824561,7.105625,43
"45",2012,6,7.21428571428571,7,8.25,6.8,6.5,NA,7.21428571428571,2,5,1,0,7,393,187,206,42,114,279,7.10236641221374,7.62663101604278,6.62645631067961,6.89285714285714,7.08771929824561,7.10835125448029,44
"46",2012,7,7.35555555555556,9,7.9,6.675,6.5,6.25,7.67142857142857,5,4,1,2,7,402,192,210,43,116,286,7.10803482587064,7.63375,6.62738095238095,6.88372093023256,7.07327586206897,7.12213286713287,45
"47",2012,8,7.07142857142857,14,7.71428571428571,6.42857142857143,6.5,6.66666666666667,7.18181818181818,7,7,2,3,11,416,199,217,45,119,297,7.10680288461538,7.63658291457286,6.62096774193548,6.86666666666667,7.06302521008403,7.12434343434343,46
"48",2012,9,6.71428571428571,14,7.625,5.5,NA,7,6.66666666666667,8,6,0,2,12,430,207,223,45,121,309,7.09402325581395,7.63613526570048,6.59080717488789,6.86666666666667,7.06198347107438,7.10656957928803,47
"49",2012,10,6.93,15,7.31428571428571,6.59375,8,7,6.925,7,8,1,1,14,445,214,231,46,122,323,7.08849438202247,7.62560747663551,6.59090909090909,6.89130434782609,7.06147540983607,7.09869969040248,48
"50",2012,11,6.87266666666667,15,7.4475,6.66363636363636,7,7.59666666666667,6.69166666666667,4,11,1,3,12,460,218,242,47,125,335,7.08145652173913,7.62233944954128,6.59421487603306,6.8936170212766,7.07432,7.08411940298507,49
"51",2012,12,7.3,10,8.16666666666667,6,5,8,7.22222222222222,6,4,1,1,9,470,224,246,48,126,344,7.08610638297872,7.63691964285714,6.58455284552846,6.85416666666667,7.08166666666667,7.08773255813953,50
"52",2013,1,6.83636363636364,22,7.4875,6.46428571428571,7.66666666666667,7.2,6.72941176470588,8,14,3,5,17,492,232,260,51,131,361,7.07493902439024,7.63176724137931,6.57807692307692,6.90196078431373,7.08618320610687,7.07085872576177,51
"53",2013,2,7.26363636363636,11,7.6,6.98333333333333,6,7,7.29,5,6,2,1,10,503,237,266,53,132,371,7.07906560636183,7.6310970464135,6.58721804511278,6.86792452830189,7.0855303030303,7.07676549865229,52
"54",2013,3,6.66666666666667,12,7.4,6.14285714285714,7,4.5,7.1,5,7,1,2,10,515,242,273,54,134,381,7.06945631067961,7.62632231404959,6.57582417582418,6.87037037037037,7.04694029850746,7.07737532808399,53
"55",2013,4,6.58181818181818,11,6.85714285714286,6.1,6,6.5,6.6125,7,4,1,3,8,526,249,277,55,137,389,7.05925855513308,7.60469879518072,6.56895306859206,6.85454545454545,7.03496350364964,7.06781491002571,54
"56",2013,5,7.2625,16,7.40909090909091,6.94,NA,7.9,7.11538461538462,11,5,0,3,13,542,260,282,55,140,402,7.06525830258302,7.59642307692308,6.57553191489362,6.85454545454545,7.0535,7.06935323383085,55
"57",2013,6,7.0625,8,8,6.75,7.25,6.5,7.25,2,6,2,2,6,550,262,288,57,142,408,7.06521818181818,7.59950381679389,6.57916666666667,6.86842105263158,7.04570422535211,7.07200980392157,56
"58",2013,7,6.625,4,6.5,6.75,NA,NA,6.625,2,2,0,0,4,554,264,290,57,142,412,7.06203971119133,7.59117424242424,6.58034482758621,6.86842105263158,7.04570422535211,7.06766990291262,57
"59",2013,8,7.06,10,8.22,5.9,6.83333333333333,7.03333333333333,7.07142857142857,5,5,3,3,7,564,269,295,60,145,419,7.06200354609929,7.6028624535316,6.56881355932204,6.86666666666667,7.04544827586207,7.06773269689737,58
"60",2013,9,8.07142857142857,7,9.33333333333333,7.125,8,NA,8.07142857142857,3,4,1,0,7,571,272,299,61,145,426,7.07437828371278,7.62194852941176,6.57625418060201,6.88524590163934,7.04544827586207,7.08422535211268,59
"61",2013,10,6.72222222222222,9,6.75,6.66666666666667,6,8.25,6.28571428571429,6,3,1,2,7,580,278,302,62,147,433,7.06891379310345,7.60312949640288,6.5771523178808,6.87096774193548,7.06183673469388,7.07131639722864,60
"62",2013,11,7.08181818181818,11,7.55714285714286,6.25,5.5,7.125,7.05714285714286,7,4,2,4,7,591,285,306,64,151,440,7.06915397631133,7.602,6.57287581699346,6.828125,7.06350993377484,7.07109090909091,61
"63",2013,12,7.27777777777778,9,8,6.7,NA,8,7.07142857142857,4,5,0,2,7,600,289,311,64,153,447,7.07228333333333,7.60750865051903,6.57491961414791,6.828125,7.07575163398693,7.07109619686801,62
"64",2014,1,6.75,16,7.1875,6.3125,7,7.5,6.57692307692308,8,8,2,3,13,616,297,319,66,156,460,7.06391233766234,7.59619528619529,6.56833855799373,6.83333333333333,7.08391025641026,7.05713043478261,63
"65",2014,2,6.91666666666667,15,7.875,5.82142857142857,6,8.33333333333333,6.5625,8,7,1,3,12,631,305,326,67,159,472,7.06041204437401,7.60350819672131,6.55230061349693,6.82089552238806,7.10748427672956,7.04455508474576,64
"66",2014,3,6.625,4,6,6.83333333333333,NA,NA,6.625,1,3,0,0,4,635,306,329,67,159,476,7.05766929133858,7.59826797385621,6.5548632218845,6.82089552238806,7.10748427672956,7.04102941176471,65
"67",2014,4,7.61428571428571,7,8.26,6,6,7.25,7.76,5,2,1,2,5,642,311,331,68,161,481,7.06373831775701,7.60890675241158,6.55151057401813,6.80882352941176,7.10925465838509,7.04850311850312,66
"68",2014,5,7.1,5,7,7.25,NA,8,6.875,3,2,0,1,4,647,314,333,68,162,485,7.06401854714065,7.60308917197452,6.55570570570571,6.80882352941176,7.11475308641975,7.04707216494845,67
"69",2014,6,6.90909090909091,11,7.66666666666667,6.625,6.83333333333333,8,6.5,3,8,3,3,8,658,317,341,71,165,493,7.06142857142857,7.60369085173502,6.55733137829912,6.80985915492958,7.13084848484849,7.03819472616633,68
"70",2014,7,5,2,NA,5,NA,NA,5,0,2,0,0,2,660,317,343,71,165,495,7.05518181818182,7.60369085173502,6.54825072886297,6.80985915492958,7.13084848484849,7.0299595959596,69
"71",2014,8,5.70909090909091,11,5.66666666666667,5.76,7,6.33333333333333,5.475,6,5,2,3,8,671,323,348,73,168,503,7.03311475409836,7.56770897832817,6.53692528735632,6.81506849315068,7.11660714285714,7.00522862823062,70
"72",2014,9,6.7125,16,7.1,6.06666666666667,6,7.5,6.6,10,6,1,2,14,687,333,354,74,170,517,7.02564774381368,7.55366366366366,6.52895480225989,6.80405405405405,7.12111764705882,6.99425531914894,71
"73",2014,10,6.675,16,6.31428571428571,6.95555555555556,7,6,6.9,7,9,2,4,12,703,340,363,76,174,529,7.01766714082503,7.52814705882353,6.53953168044077,6.80921052631579,7.09534482758621,6.99211720226843,72
"74",2014,11,6.64705882352941,17,7.08333333333333,5.6,5,7.5,6.53333333333333,12,5,1,2,15,720,352,368,77,176,544,7.00891666666667,7.51298295454546,6.52676630434783,6.78571428571429,7.09994318181818,6.97946691176471,73
"75",2014,12,6.85882352941176,17,7.3,6.22857142857143,6.16666666666667,6.6,7,10,7,3,6,11,737,362,375,80,182,555,7.00545454545454,7.50709944751381,6.5212,6.7625,7.08346153846154,6.97987387387388,74
"76",2015,1,7.415,20,7.73571428571429,6.66666666666667,6.5,7.5,7.40555555555556,14,6,2,2,18,757,376,381,82,184,573,7.01627476882431,7.51561170212766,6.52349081364829,6.75609756097561,7.08798913043478,6.99324607329843,75
"77",2015,2,7.28888888888889,18,7.85,6.16666666666667,5.16666666666667,7.5,7.20769230769231,12,6,3,5,13,775,388,387,85,189,586,7.0226064516129,7.52595360824742,6.51795865633075,6.7,7.09888888888889,6.99800341296928,76
"78",2015,3,7.05882352941176,17,7.44444444444444,6.625,7,NA,7.05882352941176,9,8,1,0,17,792,397,395,86,189,603,7.02338383838384,7.52410579345088,6.52012658227848,6.70348837209302,7.09888888888889,6.99971807628524,77
"79",2015,4,7.28125,16,7.2,7.41666666666667,7,6,7.36666666666667,10,6,1,1,15,808,407,401,87,190,618,7.0284900990099,7.51614250614251,6.53354114713217,6.70689655172414,7.0931052631579,7.00862459546926,78
"80",2015,5,6.41666666666667,18,6.83333333333333,6,7,8,6.21875,9,9,1,2,16,826,416,410,88,192,634,7.01515738498789,7.50137019230769,6.52182926829268,6.71022727272727,7.10255208333333,6.98869085173502,79
"81",2015,6,7.25,14,8.1875,6,7,7.5,7.15,8,6,1,4,10,840,424,416,89,196,644,7.01907142857143,7.51431603773585,6.51430288461539,6.71348314606742,7.11066326530612,6.99119565217391,80
"82",2015,7,7.09642857142857,14,7.48125,6.58333333333333,5,7.45,7,8,6,1,3,11,854,432,422,90,199,655,7.02033957845433,7.5137037037037,6.51528436018957,6.69444444444444,7.11577889447236,6.99134351145038,81
"83",2015,8,6.75454545454545,11,7.47142857142857,5.5,7,8,5.71666666666667,7,4,2,5,6,865,439,426,92,204,661,7.01695953757225,7.51302961275626,6.50575117370892,6.70108695652174,7.13745098039216,6.97977307110439,82
"84",2015,9,6.99615384615385,13,7.445,5.5,NA,7.425,6.80555555555556,10,3,0,4,9,878,449,429,92,208,670,7.01665148063781,7.5115144766147,6.49871794871795,6.70108695652174,7.14298076923077,6.9774328358209,83
"85",2015,10,7.10526315789474,19,7.375,6.64285714285714,6.66666666666667,7.21428571428571,7.04166666666667,12,7,3,7,12,897,461,436,95,215,682,7.01852842809365,7.50796095444685,6.50103211009174,6.7,7.1453023255814,6.97856304985337,84
"86",2015,11,7.11666666666667,27,7.65625,6.33181818181818,6.25,6.6125,7.20434782608696,16,11,2,4,23,924,477,447,97,219,705,7.0213961038961,7.51293501048218,6.49686800894855,6.69072164948454,7.13557077625571,6.98592907801419,85
"87",2015,12,6.80666666666667,15,7.71428571428571,6.0125,5.85,6.425,6.94545454545455,7,8,4,4,11,939,484,455,101,223,716,7.01796592119276,7.51584710743802,6.48835164835165,6.65742574257426,7.12282511210762,6.98530726256983,86
"88",2016,1,6.609375,16,7.53125,5.6875,5.5,5.5,6.97916666666667,8,8,3,4,12,955,492,463,104,227,728,7.01112041884817,7.51609756097561,6.47451403887689,6.62403846153846,7.09422907488987,6.98520604395604,87
"89",2016,2,6.89,10,7.1,6.68,7.5,6.8,6.92857142857143,5,5,1,3,7,965,497,468,105,230,735,7.00986528497409,7.51191146881288,6.4767094017094,6.63238095238095,7.09039130434783,6.98466666666667,88
"90",2016,3,6.73684210526316,19,7.625,6.09090909090909,6.125,7.5,6.53333333333333,8,11,4,4,15,984,505,479,109,234,750,7.00459349593496,7.51370297029703,6.4678496868476,6.61376146788991,7.09739316239316,6.97564,89
"91",2016,4,6.448,25,6.9,6.09285714285714,6.06,5.5,6.62857142857143,11,14,5,4,21,1009,516,493,114,238,771,6.99080277502478,7.50062015503876,6.45720081135903,6.58947368421053,7.0705462184874,6.96618677042802,90
"92",2016,5,7.025,20,7.44444444444444,6.68181818181818,7,6.7,7.13333333333333,9,11,1,5,15,1029,525,504,115,243,786,6.9914674441205,7.49965714285714,6.46210317460318,6.59304347826087,7.06292181069959,6.96937659033079,91
"93",2016,6,7.18125,16,7.26,7.14545454545455,5,6.5,7.27857142857143,5,11,1,2,14,1045,530,515,116,245,800,6.99437320574163,7.49739622641509,6.47669902912621,6.57931034482759,7.05832653061225,6.9747875,92
"94",2016,7,6.7,23,6.77692307692308,6.6,NA,6.43333333333333,6.79411764705882,13,10,0,6,17,1068,543,525,116,251,817,6.98803370786517,7.48014732965009,6.47904761904762,6.57931034482759,7.04338645418327,6.97102815177479,93
"95",2016,8,6.82058823529412,17,7.825,6.51153846153846,6,5.75,6.8875,4,13,1,1,16,1085,547,538,117,252,833,6.98541013824885,7.48266910420475,6.47983271375465,6.57435897435897,7.03825396825397,6.9694237695078,94
"96",2016,9,6.46,20,8.16,5.89333333333333,6.33333333333333,8,6.28888888888889,5,15,3,2,18,1105,552,553,120,254,851,6.97590045248869,7.48880434782609,6.46392405063291,6.56833333333333,7.04582677165354,6.95502937720329,95
"97",2016,10,6.10666666666667,15,7.26666666666667,5.33333333333333,5,5.5,6.25833333333333,6,9,2,3,12,1120,558,562,122,257,863,6.96425892857143,7.48641577060932,6.44581850533808,6.54262295081967,7.02778210116732,6.94534183082271,96
"98",2016,11,6.77,20,7.64444444444444,6.05454545454545,4.5,6.6,6.82666666666667,9,11,4,5,15,1140,567,573,126,262,878,6.96085087719298,7.4889241622575,6.43830715532286,6.47777777777778,7.01961832061069,6.94331435079727,97
"99",2016,12,7.41153846153846,13,8,6.47,7.1,6.03333333333333,7.825,8,5,1,3,10,1153,575,578,127,265,888,6.96593235039029,7.4960347826087,6.43858131487889,6.48267716535433,7.00845283018868,6.95324324324324,98
"100",2017,1,6.61578947368421,19,7.2375,6.16363636363636,6,6.25,6.71333333333333,8,11,1,4,15,1172,583,589,128,269,903,6.96025597269624,7.49248713550601,6.43344651952462,6.47890625,6.99717472118959,6.94925802879291,99
"101",2017,2,6.85416666666667,24,7.375,5.8125,6,7.5,6.76190476190476,16,8,1,3,21,1196,599,597,129,272,924,6.958127090301,7.4893489148581,6.4251256281407,6.47519379844961,7.00272058823529,6.945,100
"102",2017,3,6.60869565217391,23,6.73,6.51538461538462,7,6.2,6.69473684210526,10,13,1,4,19,1219,609,610,130,276,943,6.9515340442986,7.47688013136289,6.42704918032787,6.47923076923077,6.99108695652174,6.93995758218452,101
"103",2017,4,6.80952380952381,21,7.72222222222222,6.125,6,6.75,6.83333333333333,9,12,2,6,15,1240,618,622,132,282,958,6.94912903225806,7.48045307443366,6.42122186495177,6.4719696969697,6.98595744680851,6.93828810020877,102
"104",2017,5,7.02142857142857,14,7.38333333333333,6.75,6.66666666666667,6.66666666666667,7.11818181818182,6,8,3,3,11,1254,624,630,135,285,969,6.94993620414673,7.47951923076923,6.42539682539682,6.4762962962963,6.98259649122807,6.9403302373581,103
"105",2017,6,7.41176470588235,17,7.81818181818182,6.66666666666667,6,7.66666666666667,7.35714285714286,11,6,1,3,14,1271,635,636,136,288,983,6.95611329661684,7.48538582677166,6.42767295597484,6.47279411764706,6.98972222222222,6.94626653102747,104
"106",2017,7,7.30526315789474,19,7.82857142857143,7,7,7.16666666666667,7.36923076923077,7,12,3,6,13,1290,642,648,139,294,996,6.96125581395349,7.4891277258567,6.43827160493827,6.4841726618705,6.99333333333333,6.95178714859438,105
"107",2017,8,7.22361538461538,13,8.40233333333333,6.87,7,8.4535,7,3,10,1,2,11,1303,645,658,140,296,1007,6.96387336914812,7.49337519379845,6.44483282674772,6.48785714285714,7.00319932432433,6.95231380337636,106
"108",2017,9,6.95,16,7.24285714285714,6.72222222222222,7.25,7,6.93333333333333,7,9,2,4,12,1319,652,667,142,300,1019,6.96370507960576,7.49068558282209,6.44857571214393,6.49859154929577,7.00315666666667,6.95209028459274,107
"109",2017,10,6.44,15,7.5,6.27692307692308,6.32,7,6.35384615384615,2,13,5,2,13,1334,654,680,147,302,1032,6.95781634182908,7.49071406727829,6.44529411764706,6.49251700680272,7.0031357615894,6.94455426356589,108
"110",2017,11,7.53333333333333,15,7.85,6.9,7.5,7.2,7.7,10,5,1,5,10,1349,664,685,148,307,1042,6.9642157153447,7.496125,6.44861313868613,6.49932432432432,7.00634201954397,6.95180422264875,109
"111",2017,12,6.83846153846154,13,7.51666666666667,6.25714285714286,6.5,7.3,6.8,6,7,1,1,12,1362,670,692,149,308,1054,6.9630154185022,7.49630895522388,6.44667630057804,6.4993288590604,7.00729545454546,6.95007590132827,110
"112",2018,1,6.95967741935484,31,7.25,6.6875,6.9,6.76666666666667,7.006,15,16,4,6,25,1393,685,708,153,314,1079,6.96294113424264,7.49091532846716,6.4521186440678,6.50980392156863,7.0026974522293,6.95137164040778,111
"113",2018,2,6.62142857142857,14,7,6.24285714285714,3,NA,6.62142857142857,7,7,1,0,14,1407,692,715,154,314,1093,6.95954299928927,7.48594942196532,6.45006993006993,6.48701298701299,7.0026974522293,6.94714547118024,112
"114",2018,3,6.5,17,7.0625,6,6.75,6.75,6.42307692307692,8,9,2,4,13,1424,700,724,156,318,1106,6.95405688202247,7.48111,6.44447513812155,6.49038461538461,6.99951886792453,6.94098553345389,113
"115",2018,4,6.784,25,7.67,6.19333333333333,6.55714285714286,6.0625,7.12352941176471,10,15,7,8,17,1449,710,739,163,326,1123,6.95112284334023,7.48377042253521,6.43937753721245,6.49325153374233,6.9765245398773,6.94374888691006,114
"116",2018,5,6.27777777777778,9,7.16666666666667,5.83333333333333,6.5,NA,6.27777777777778,3,6,2,0,9,1458,713,745,165,326,1132,6.94696639231824,7.48243618513324,6.4344966442953,6.49333333333333,6.9765245398773,6.93845406360424,115
"117",2018,6,6.75,16,6.1,7.04545454545455,6,7.25,6.67857142857143,5,11,2,2,14,1474,718,756,167,328,1146,6.94482835820895,7.47280919220056,6.44338624338624,6.4874251497006,6.97819207317073,6.93527923211169,116
"118",2018,7,6.96428571428571,14,7.41666666666667,6.625,6,NA,6.96428571428571,6,8,1,0,14,1488,724,764,168,328,1160,6.94501142473118,7.47234392265194,6.44528795811518,6.48452380952381,6.97819207317073,6.93562931034483,117
"119",2018,8,6.54375,16,7,6.43846153846154,7.4,3,6.78,3,13,3,1,15,1504,727,777,171,329,1175,6.94074268617021,7.47039477303989,6.44517374517374,6.50058479532164,6.96610030395137,6.93364255319149,118
"120",2018,9,6.72692307692308,13,6.99375,6.3,NA,5.75,6.90454545454545,8,5,0,2,11,1517,735,782,171,331,1186,6.93891034937376,7.46520680272109,6.44424552429667,6.50058479532164,6.95875226586103,6.93337268128162,119
"121",2018,10,7.15384615384615,13,7.66666666666667,6.71428571428571,NA,7.5,7,6,7,0,4,9,1530,741,789,171,335,1195,6.94073660130719,7.46683805668016,6.44664131812421,6.50058479532164,6.96521492537314,6.93387447698745,120
"122",2018,11,6.81818181818182,22,7.63636363636364,6,7,6.25,6.875,11,11,1,2,20,1552,752,800,172,337,1215,6.9389993556701,7.46931781914894,6.4405,6.50348837209302,6.9609703264095,6.93290534979424,121
"123",2018,12,7.05,24,7.01538461538462,7.09090909090909,6,7.66666666666667,6.96190476190476,13,11,1,3,21,1576,765,811,173,340,1236,6.94068972081218,7.46160392156863,6.44932182490752,6.50057803468208,6.96719705882353,6.93339805825243,122
"124",2019,1,6.98888869565217,23,7.43703666666667,6.5,7.33333333333333,6,7.03383818181818,12,11,3,1,22,1599,777,822,176,341,1258,6.94138301438399,7.46122450450451,6.45,6.51477272727273,6.96436070381232,6.93515456279809,123
"125",2019,2,7.14117647058824,17,7.62857142857143,6.8,6.33333333333333,9,7.025,7,10,3,1,16,1616,784,832,179,342,1274,6.9434848019802,7.46271867346939,6.45420673076923,6.51173184357542,6.97031286549708,6.93628291993721,124
"126",2019,3,6.80357142857143,14,7.17857142857143,6.42857142857143,6.5,6.6,6.91666666666667,7,7,3,5,9,1630,791,839,182,347,1283,6.94228309202454,7.46020409608091,6.45399284862932,6.51153846153846,6.96497694524496,6.93614531566641,125
"127",2019,4,6.95,14,6.8,7.0625,5.5,NA,6.95,6,8,1,0,14,1644,797,847,183,347,1297,6.94234880778589,7.4552339272271,6.45974025974026,6.50601092896175,6.96497694524496,6.93629486507325,126
"128",2019,5,7.22352941176471,17,7.27777777777778,7.1625,6,7.25,7.22,9,8,1,2,15,1661,806,855,184,349,1312,6.94522663455749,7.45325240694789,6.46631578947368,6.50326086956522,6.96661031518625,6.93953844512195,127
"129",2019,6,6.675,20,7.1,6.25,NA,6,6.71052631578947,10,10,0,1,19,1681,816,865,184,350,1331,6.94201156454491,7.44892333333333,6.46381502890173,6.50326086956522,6.96384857142857,6.93626930127723,128
"130",2019,7,7.01736842105263,19,7.20416666666667,6.69714285714286,6.8,8.5,6.935,12,7,1,1,18,1700,828,872,185,351,1349,6.94285378823529,7.4453761352657,6.4656880733945,6.50486486486486,6.96822507122507,6.9362523647146,129
"131",2019,8,6.79384615384615,13,6.88666666666667,6.71428571428571,NA,7.7,6.62909090909091,6,7,0,2,11,1713,834,879,185,353,1360,6.9417229655575,7.44135664268585,6.46766780432309,6.50486486486486,6.97237110481587,6.93376797058823,130
"132",2019,9,6.55,10,7.16666666666667,5.625,NA,9,6.27777777777778,6,4,0,1,9,1723,840,883,185,354,1369,6.93944947185142,7.43939457142857,6.46385050962627,6.50486486486486,6.9780988700565,6.9294553981008,131
"133",2019,10,7.12222222222222,18,7.125,7.11666666666667,NA,6,7.2625,12,6,0,2,16,1741,852,889,185,356,1385,6.94133913842619,7.43496647887324,6.46825646794151,6.50486486486486,6.97260393258427,6.93330284476534,132
"134",2019,11,7,20,7.04166666666667,6.9375,6.5,NA,7,12,8,2,0,20,1761,864,897,187,356,1405,6.94200536059057,7.42950398148148,6.47244147157191,6.5048128342246,6.97260393258427,6.93425227046263,133
"135",2019,12,6.78,15,7.2125,6.28571428571429,6.66666666666667,7,6.76428571428571,8,7,3,1,14,1776,872,904,190,357,1419,6.94063707207207,7.42751311926606,6.47099557522124,6.50736842105263,6.97268067226891,6.93257536293164,134
"136",2020,1,7.25725,12,7.78385714285714,6.52,NA,6.229,7.6,7,5,0,3,9,1788,879,909,190,360,1428,6.94276199105145,7.43035089874858,6.47126512651265,6.50736842105263,6.96648333333333,6.93678182072829,135
"137",2020,2,6.48,15,7.04,6.2,4.875,5,6.58571428571429,5,10,4,1,14,1803,884,919,194,361,1442,6.93891205768164,7.42814303167421,6.46831338411317,6.47371134020618,6.96103601108033,6.93337339805825,136
"138",2020,3,5.69285714285714,14,6.8,5.25,NA,6.3,5.45,4,10,0,4,10,1817,888,929,194,365,1452,6.92931119427628,7.42531355855856,6.45519913885899,6.47371134020618,6.95379178082192,6.92315732782369,137
"139",2020,4,6.096,25,6.43333333333333,5.90625,NA,6.75,5.97142857142857,9,16,0,4,21,1842,897,945,194,369,1473,6.91800132464712,7.41536057971015,6.44590476190476,6.47371134020618,6.95158265582656,6.9095888934148,138
"140",2020,5,6.9,10,7.4,6.4,6.6,NA,6.9,5,5,2,0,10,1852,902,950,196,369,1483,6.91790412526998,7.41527543237251,6.44566315789474,6.475,6.95158265582656,6.90952423465947,139
"141",2020,6,7.27888866666667,15,7.64047571428571,6.9625,6,NA,7.27888866666667,7,8,1,0,15,1867,909,958,197,369,1498,6.92080437600428,7.4170096479648,6.44997912317328,6.47258883248731,6.95158265582656,6.91322281041389,140
"142",2020,7,7.53647058823529,17,7.79272727272727,7.06666666666667,NA,7.15,7.588,11,6,0,2,15,1884,920,964,197,371,1513,6.92635975053079,7.42150192391304,6.45381742738589,6.47258883248731,6.95265229110512,6.91991260409782,141
"143",2020,8,6.42857142857143,21,7.15,5.77272727272727,5,9,6.15789473684211,10,11,1,2,19,1905,930,975,198,373,1532,6.92087232020997,7.4185825483871,6.44613333333333,6.46515151515151,6.96363002680965,6.91046199086162,142
"144",2020,9,7.27647058823529,17,7.7,6.67142857142857,6.2,6.5,7.38,10,7,1,2,15,1922,940,982,199,375,1547,6.92401757023933,7.42157635106383,6.44773930753564,6.46381909547739,6.96115733333333,6.9150147188106,143
"145",2020,10,6.96153846153846,13,7.42857142857143,6.41666666666667,6.66666666666667,7,6.95833333333333,7,6,3,1,12,1935,947,988,202,376,1559,6.92426964857881,7.42162805702218,6.44755060728745,6.46683168316832,6.96126063829787,6.91534815266196,144
"146",2020,11,6.75925925925926,27,7.69230769230769,5.89285714285714,5,8,6.66,13,14,2,2,25,1962,960,1002,204,378,1584,6.92199886340469,7.42529351041667,6.4398003992016,6.45245098039216,6.96675661375661,6.91131803661616,145
"147",2020,12,6.5,14,7.57142857142857,5.42857142857143,NA,9,6.30769230769231,7,7,0,1,13,1976,967,1009,204,379,1597,6.91900899291498,7.42635136504654,6.43278493557978,6.45245098039216,6.97212137203166,6.90640436443331,146
"148",2021,1,7.33636363636364,22,7.69230769230769,6.82222222222222,6.5,7.58333333333333,7.24375,13,9,2,6,16,1998,980,1018,206,385,1613,6.92360448948949,7.42987935714286,6.4362278978389,6.45291262135922,6.98164675324675,6.90975063236206,147
"149",2021,2,6.35294117647059,17,6.92857142857143,5.95,4,9,6.1875,7,10,1,1,16,2015,987,1028,207,386,1629,6.91878996029777,7.42632398176292,6.43149805447471,6.44106280193237,6.98687564766839,6.90265670349908,148
"150",2021,3,6.76666666666667,15,7.07142857142857,6.5,6,6,6.88461538461539,7,8,2,2,13,2030,994,1036,209,388,1642,6.91766589655172,7.42382471830986,6.43202702702703,6.43684210526316,6.98178865979382,6.90251386723508,149
"151",2021,4,5.95,10,7,5.5,4.66666666666667,6.5,5.8125,3,7,3,2,8,2040,997,1043,212,390,1650,6.91292243627451,7.42254941825477,6.42577181208054,6.41179245283019,6.97931794871795,6.89722895151515,150
"152",2021,5,6.78571428571429,14,7.3,5.5,NA,NA,6.78571428571429,10,4,0,0,14,2054,1007,1047,212,390,1664,6.91205538948393,7.4213324428997,6.42223495702006,6.41179245283019,6.97931794871795,6.89629072716346,151
"153",2021,6,6.84615384615385,13,7.4375,5.9,5,NA,6.84615384615385,8,5,1,0,13,2067,1015,1052,213,390,1677,6.91164091436865,7.42145987192118,6.41975285171103,6.40516431924883,6.97931794871795,6.89590206917114,152
"154",2021,7,7.4,17,7.88888888888889,6.85,NA,6.65,7.5,9,8,0,2,15,2084,1024,1060,213,392,1692,6.91562464971209,7.42556813476563,6.423,6.40516431924883,6.97763775510204,6.90125754728132,153
"155",2021,8,6.85454545454545,22,7.18,6.58333333333333,5,4.75,7.32222222222222,10,12,1,4,18,2106,1034,1072,214,396,1710,6.9149865954416,7.42319320116054,6.4247947761194,6.39859813084112,6.95513636363637,6.90568875438596,154
"156",2021,9,6.66875,16,7.38,5.48333333333333,NA,5,6.90714285714286,10,6,0,2,14,2122,1044,1078,214,398,1724,6.91312995758718,7.42277947318008,6.4195547309833,6.39859813084112,6.94531155778895,6.90570056264501,155
"157",2021,10,6.61111111111111,18,7.125,6.2,6.33333333333333,6.66666666666667,6.6,8,10,3,3,15,2140,1052,1088,217,401,1739,6.91058961214953,7.4205149904943,6.41753676470588,6.39769585253456,6.94322693266833,6.90306369752731,156
"158",2021,11,6.77272727272727,11,7.21428571428571,6,5,NA,6.77272727272727,7,4,1,0,11,2151,1059,1092,218,401,1750,6.90988459786146,7.41915181303116,6.41600732600732,6.39128440366972,6.94322693266833,6.90224444,157
"159",2021,12,6.94736842105263,19,7.4,6.44444444444444,NA,6,7.125,10,9,0,3,16,2170,1069,1101,218,404,1766,6.91021279723502,7.41897265668849,6.41623978201635,6.39128440366972,6.93622277227723,6.90426261041903,158
"160",2022,1,7.39305555555556,36,8.12608695652174,6.09615384615385,5.75,6.5,7.47424242424242,23,13,4,3,33,2206,1092,1114,222,407,1799,6.91809237080689,7.43386608974359,6.41250448833034,6.37972972972973,6.93300737100737,6.91471804891606,159
"161",2022,2,6.82142857142857,14,6.27777777777778,7.8,NA,4,7.03846153846154,9,5,0,1,13,2220,1101,1119,222,408,1812,6.91748277927928,7.42441577656676,6.41870420017873,6.37972972972973,6.92581862745098,6.91560583333333,160
"162",2022,3,7.05882352941176,17,7.81818181818182,5.66666666666667,NA,8,6.85714285714286,11,6,0,3,14,2237,1112,1125,222,411,1826,6.91855689316048,7.42831094424461,6.41469333333333,6.37972972972973,6.93365936739659,6.9151575958379,161
"163",2022,4,6.6,15,6.75,6.3,6.5,7.5,6.46153846153846,10,5,1,2,13,2252,1122,1130,223,413,1839,6.91643506660746,7.42226539215686,6.41418584070796,6.38026905829596,6.93640193704601,6.91195093529092,162
"164",2022,5,6.64545454545455,22,6.69166666666667,6.59,6.16666666666667,6.55,6.66666666666667,12,10,3,4,18,2274,1134,1140,226,417,1857,6.91381344327177,7.41453418871252,6.41572807017544,6.37743362831858,6.93269544364508,6.9095733817986,163
"165",2022,6,6.8952380952381,21,7.31818181818182,6.43,5.75,7.75,6.80526315789474,11,10,2,2,19,2295,1145,1150,228,419,1876,6.91364347276688,7.41360853275109,6.41585217391304,6.3719298245614,6.93659665871122,6.90851693496802,164
"166",2022,7,7.19444444444444,18,7.75,6.5,6,6,7.26470588235294,10,8,1,1,17,2313,1155,1158,229,420,1893,6.91582869433636,7.41652101298701,6.4164335060449,6.37030567685589,6.93436666666667,6.91171567353407,165
"167",2022,8,7.075,24,7.50769230769231,6.56363636363636,5.5,6,7.17272727272727,13,11,2,2,22,2337,1168,1169,231,422,1915,6.91746331621737,7.4175357619863,6.41781864841745,6.36277056277056,6.92993838862559,6.91471424020888,166
"168",2022,9,7.325,20,7.30769230769231,7.35714285714286,NA,NA,7.325,13,7,0,0,20,2357,1181,1176,231,422,1935,6.9209214128129,7.4163266469094,6.42340986394558,6.36277056277056,6.92993838862559,6.91895491989664,167
"169",2022,10,7.3,20,7.46153846153846,7,NA,8,7.26315789473684,13,7,0,1,19,2377,1194,1183,231,423,1954,6.92411096760622,7.41681890284757,6.42682163989856,6.36277056277056,6.93246808510638,6.92230182702149,168
"170",2022,11,7.66315789473684,19,8.13333333333333,6.85714285714286,NA,6.7,7.84375,12,7,0,3,16,2396,1206,1190,231,426,1970,6.92997152337229,7.42394839966833,6.42935294117647,6.36277056277056,6.93083098591549,6.92978567005076,169
"171",2022,12,7.43333333333333,21,7.42666666666667,7.45,6.4,9,7.355,15,6,1,1,20,2417,1221,1196,232,427,1990,6.93434496069507,7.42398179361179,6.43447324414716,6.36293103448276,6.93567681498829,6.93405918090452,170
