"","year","month","avg_rating","no_ratings","avg_rating_owned","avg_rating_not_owned","avg_rating_prev_owned","avg_rating_comment","avg_rating_no_comment","no_ratings_owned","no_ratings_not_owned","no_ratings_prev_owned","no_ratings_comment","no_ratings_no_comment","cum_no_ratings","cum_no_ratings_owned","cum_no_ratings_not_owned","cum_no_ratings_prev_owned","cum_no_ratings_comment","cum_no_ratings_no_comment","cum_avg_rating","cum_avg_rating_owned","cum_avg_rating_not_owned","cum_avg_rating_prev_owned","cum_avg_rating_comment","cum_avg_rating_no_comment","month_after_release"
"1",2002,10,9,1,NA,9,NA,9,NA,0,1,0,1,0,1,0,1,0,1,0,9,NA,9,NA,9,NA,-4
"2",2003,2,7.83333333333333,6,8.25,7,5,7.25,9,4,2,1,4,2,7,4,3,1,5,2,8,8.25,7.66666666666667,5,7.6,9,0
"3",2003,3,7.25,8,9,6.66666666666667,7,7.33333333333333,7,2,6,1,6,2,15,6,9,2,11,4,7.6,8.5,7,6,7.45454545454545,8,1
"4",2003,4,8.07142857142857,7,9.125,6.66666666666667,7,8.66666666666667,7.625,4,3,1,3,4,22,10,12,3,14,8,7.75,8.75,6.91666666666667,6.33333333333333,7.71428571428571,7.8125,2
"5",2003,5,7.92857142857143,14,8.71428571428571,7.14285714285714,NA,7.9,8,7,7,0,10,4,36,17,19,3,24,12,7.81944444444444,8.73529411764706,7,6.33333333333333,7.79166666666667,7.875,3
"6",2003,6,7.75,10,7.92857142857143,7.33333333333333,NA,8.08333333333333,7.25,7,3,0,6,4,46,24,22,3,30,16,7.80434782608696,8.5,7.04545454545455,6.33333333333333,7.85,7.71875,4
"7",2003,7,6.525,20,6.71428571428571,6.42307692307692,8,5.75,6.85714285714286,7,13,1,6,14,66,31,35,4,36,30,7.41666666666667,8.09677419354839,6.81428571428571,6.75,7.5,7.31666666666667,5
"8",2003,8,7.19117647058824,17,7.40625,7,NA,7.28571428571429,7.125,8,9,0,7,10,83,39,44,4,43,40,7.37048192771084,7.95512820512821,6.85227272727273,6.75,7.46511627906977,7.26875,6
"9",2003,9,7.32222222222222,9,8.3,6.54,6,7.5,7.18,4,5,1,4,5,92,43,49,5,47,45,7.36576086956522,7.98720930232558,6.82040816326531,6.6,7.46808510638298,7.25888888888889,7
"10",2003,10,6.77777777777778,9,7.4,6,NA,7.25,6.4,5,4,0,4,5,101,48,53,5,51,50,7.31336633663366,7.92604166666667,6.75849056603774,6.6,7.45098039215686,7.173,8
"11",2003,11,7.33333333333333,3,7.5,7,NA,7,7.5,2,1,0,1,2,104,50,54,5,52,52,7.31394230769231,7.909,6.76296296296296,6.6,7.44230769230769,7.18557692307692,9
"12",2003,12,6.45,10,7.16666666666667,6.14285714285714,8.5,6.5,6.4,3,7,2,5,5,114,53,61,7,57,57,7.23815789473684,7.86698113207547,6.69180327868852,7.14285714285714,7.35964912280702,7.11666666666667,10
"13",2004,1,7.32857142857143,7,8.075,6.33333333333333,NA,7.075,7.66666666666667,4,3,0,4,3,121,57,64,7,61,60,7.24338842975207,7.88157894736842,6.675,7.14285714285714,7.34098360655738,7.14416666666667,11
"14",2004,2,6.25,16,6.9375,5.5625,6.5,6.3125,6.1875,8,8,1,8,8,137,65,72,8,69,68,7.12737226277372,7.76538461538462,6.55138888888889,7.0625,7.22173913043478,7.03161764705882,12
"15",2004,3,7.16666666666667,9,8.2,5.875,NA,6.5,7.25,5,4,0,1,8,146,70,76,8,70,76,7.12979452054794,7.79642857142857,6.51578947368421,7.0625,7.21142857142857,7.05460526315789,13
"16",2004,4,5.83333333333333,6,7.5,5,6,6,5.66666666666667,2,4,1,3,3,152,72,80,9,73,79,7.07861842105263,7.78819444444444,6.44,6.94444444444444,7.16164383561644,7.00189873417721,14
"17",2004,5,6.88666666666667,3,7,6.66,NA,6.66,7,2,1,0,1,2,155,74,81,9,74,81,7.07490322580645,7.76689189189189,6.44271604938272,6.94444444444444,7.15486486486486,7.00185185185185,15
"18",2004,6,6.4,7,7.5,5.575,8,5.83333333333333,6.825,3,4,1,3,4,162,77,85,10,77,85,7.04574074074074,7.75649350649351,6.40188235294118,7.05,7.10337662337662,6.9935294117647,16
"19",2004,7,6.625,8,8.5,6,7,6.5,6.75,2,6,1,4,4,170,79,91,11,81,89,7.02594117647059,7.7753164556962,6.37538461538461,7.04545454545455,7.07358024691358,6.98258426966292,17
"20",2004,8,6.5,10,8,5,NA,6,7.25,5,5,0,6,4,180,84,96,11,87,93,6.99672222222222,7.78869047619048,6.30375,7.04545454545455,6.99954022988506,6.99408602150538,18
"21",2004,9,6.5,4,7,5,NA,6.5,6.5,3,1,0,2,2,184,87,97,11,89,95,6.98592391304348,7.76149425287356,6.29030927835051,7.04545454545455,6.98831460674157,6.98368421052631,19
"22",2004,10,6.875,8,7.66666666666667,6.4,NA,6.5,7,3,5,0,2,6,192,90,102,11,91,101,6.98130208333333,7.75833333333333,6.2956862745098,7.04545454545455,6.97758241758242,6.98465346534653,20
"23",2004,11,6.8,5,6.8,NA,NA,6.5,7,5,0,0,2,3,197,95,102,11,93,104,6.97670050761421,7.70789473684211,6.2956862745098,7.04545454545455,6.96731182795699,6.98509615384615,21
"24",2004,12,6.77272727272727,11,7.75,6.21428571428571,NA,4.83333333333333,7.5,4,7,0,3,8,208,99,109,11,96,112,6.96591346153846,7.70959595959596,6.29045871559633,7.04545454545455,6.900625,7.021875,22
"25",2005,1,7,10,9,6.14285714285714,NA,6.7,7.3,3,7,0,5,5,218,102,116,11,101,117,6.96747706422018,7.74754901960784,6.28155172413793,7.04545454545455,6.89069306930693,7.03376068376068,23
"26",2005,2,6.90625,16,7.13636363636364,6.4,NA,7.5,6.63636363636364,11,5,0,5,11,234,113,121,11,106,128,6.9632905982906,7.68805309734513,6.28644628099174,7.04545454545455,6.91943396226415,6.999609375,24
"27",2005,3,6.43,10,6.78571428571429,5.6,7,6.4,6.5,7,3,1,7,3,244,120,124,12,113,131,6.94143442622951,7.63541666666667,6.26983870967742,7.04166666666667,6.88725663716814,6.9881679389313,25
"28",2005,4,6.46428571428571,14,7.41666666666667,5.75,NA,6,6.8125,6,8,0,6,8,258,126,132,12,119,139,6.91554263565891,7.625,6.23833333333333,7.04166666666667,6.84252100840336,6.97805755395683,26
"29",2005,5,6.35714285714286,14,7.28571428571429,5.42857142857143,6,5.5,6.5,7,7,1,2,12,272,133,139,13,121,151,6.88680147058823,7.60714285714286,6.19755395683453,6.96153846153846,6.8203305785124,6.94006622516556,27
"30",2005,6,7,6,7.2,6,NA,6.66666666666667,7.33333333333333,5,1,0,3,3,278,138,140,13,124,154,6.88924460431655,7.59239130434783,6.19614285714286,6.96153846153846,6.81661290322581,6.94772727272727,28
"31",2005,7,6.04545454545455,11,6,6.0625,8,5.78571428571429,6.5,3,8,1,7,4,289,141,148,14,131,158,6.85712802768166,7.55851063829787,6.18891891891892,7.03571428571429,6.76152671755725,6.93639240506329,29
"32",2005,8,6.83076923076923,13,6.98,6.33333333333333,NA,7,6.68571428571429,10,3,0,6,7,302,151,151,14,137,165,6.85599337748344,7.52019867549669,6.1917880794702,7.03571428571429,6.77197080291971,6.92575757575757,30
"33",2005,9,7.32647058823529,17,8.00555555555556,6.5625,8,7.22142857142857,7.4,9,8,1,7,10,319,160,159,15,144,175,6.881065830721,7.5475,6.21044025157233,7.1,6.79381944444444,6.95285714285714,31
"34",2005,10,6.4375,16,6.55555555555556,6.28571428571429,5.5,5.66666666666667,6.9,9,7,2,6,10,335,169,166,17,150,185,6.85988059701493,7.49467455621302,6.21361445783132,6.91176470588235,6.74873333333333,6.95,32
"35",2005,11,7.10714285714286,14,7.40909090909091,6,5,6.75,7.375,11,3,1,6,8,349,180,169,18,156,193,6.8697994269341,7.48944444444444,6.2098224852071,6.80555555555556,6.74878205128205,6.96761658031088,33
"36",2005,12,6.5,14,7.4375,5.25,5,6,7,8,6,2,7,7,363,188,175,20,163,200,6.85553719008264,7.48723404255319,6.17691428571428,6.625,6.71662576687117,6.96875,34
"37",2006,1,6.775,20,6.83333333333333,6.6,7.33333333333333,5.5,7.32142857142857,15,5,3,6,14,383,203,180,23,169,214,6.8513315926893,7.43891625615764,6.18866666666667,6.71739130434783,6.67343195266272,6.99182242990654,35
"38",2006,2,7.19230769230769,13,7.72222222222222,6,6,6.92857142857143,7.5,9,4,3,7,6,396,212,184,26,176,220,6.86252525252525,7.45094339622641,6.1845652173913,6.63461538461539,6.68357954545455,7.00568181818182,36
"39",2006,3,6.27777777777778,9,7,5.375,NA,5.5,6.5,5,4,0,2,7,405,217,188,26,178,227,6.84953086419753,7.4405529953917,6.16734042553191,6.63461538461539,6.6702808988764,6.99008810572687,37
"40",2006,4,6.81818181818182,11,7,6.6,NA,7,6.71428571428571,6,5,0,4,7,416,223,193,26,182,234,6.84870192307692,7.42869955156951,6.17854922279793,6.63461538461539,6.67752747252747,6.98183760683761,38
"41",2006,5,7.11538461538461,13,7.5,6.5,NA,7.25,7.09090909090909,8,5,0,2,11,429,231,198,26,184,245,6.85678321678322,7.43116883116883,6.18666666666667,6.63461538461539,6.68375,6.98673469387755,39
"42",2006,6,6.44444444444444,9,7.5,5.125,NA,4.7,8.625,5,4,0,5,4,438,236,202,26,189,249,6.8483105022831,7.43262711864407,6.16564356435643,6.63461538461539,6.63126984126984,7.01305220883534,40
"43",2006,7,6.80833333333333,12,7.5,6.31428571428571,7,7.04,6.64285714285714,5,7,1,5,7,450,241,209,27,194,256,6.84724444444444,7.43402489626556,6.17062200956938,6.64814814814815,6.64180412371134,7.0029296875,41
"44",2006,8,6.54,15,7.45555555555556,5.16666666666667,7,6.42857142857143,6.6375,9,6,1,7,8,465,250,215,28,201,264,6.83733333333333,7.4348,6.14260465116279,6.66071428571429,6.63437810945274,6.99185606060606,42
"45",2006,9,7.07692307692308,13,8.5,5.85714285714286,8,9.125,6.16666666666667,6,7,2,4,9,478,256,222,30,205,273,6.84384937238494,7.459765625,6.1336036036036,6.75,6.6829756097561,6.96465201465201,43
"46",2006,10,6.70625,16,8.16,6.04545454545455,7,6.8,6.55,5,11,2,10,6,494,261,233,32,215,279,6.83939271255061,7.47318007662835,6.12944206008584,6.765625,6.68841860465116,6.95573476702509,44
"47",2006,11,7.3125,16,6.92857142857143,7.61111111111111,8,7.4,7.27272727272727,7,9,1,5,11,510,268,242,33,220,290,6.85423529411765,7.4589552238806,6.18454545454545,6.8030303030303,6.70459090909091,6.96775862068965,45
"48",2006,12,7,28,7.47368421052632,6,7,6.85714285714286,7.04761904761905,19,9,1,7,21,538,287,251,34,227,311,6.86182156133829,7.45993031358885,6.17792828685259,6.80882352941176,6.70929515418502,6.97315112540193,46
"49",2007,1,7.30645161290323,31,8.0625,6.5,NA,7.35,7.28571428571429,16,15,0,10,21,569,303,266,34,237,332,6.88604569420035,7.49174917491749,6.19609022556391,6.80882352941176,6.73632911392405,6.99292168674699,47
"50",2007,2,6.59079,16,6.6875,6.49408,NA,6.58333333333333,6.595264,8,8,0,6,10,585,311,274,34,243,342,6.87797032478632,7.47106109324759,6.20479065693431,6.80882352941176,6.73255144032922,6.98129426900585,48
"51",2007,3,6.64,15,8.4,5.76,7,6.1875,7.15714285714286,5,10,1,8,7,600,316,284,35,251,349,6.87202106666667,7.48575949367089,6.18912901408451,6.81428571428571,6.71517928286853,6.98482131805157,49
"52",2007,4,7.03809523809524,21,7.42307692307692,6.4125,7.16666666666667,6.63,7.40909090909091,13,8,3,10,11,621,329,292,38,261,360,6.87763710144928,7.48328267477204,6.19524876712329,6.84210526315789,6.71191570881226,6.99778511111111,50
"53",2007,5,6.69130434782609,23,7.48888888888889,6.17857142857143,8,6.5,6.83846153846154,9,14,1,10,13,644,338,306,39,271,373,6.87098236024845,7.48343195266272,6.19448575163399,6.87179487179487,6.70409594095941,6.99223227882037,51
"54",2007,6,6.81578947368421,19,7.55,6,8,6.9,6.72222222222222,10,9,1,10,9,663,348,315,40,281,382,6.86940066365008,7.48534482758621,6.18892901587301,6.9,6.71106761565836,6.98587078534031,52
"55",2007,7,6.8125,16,7.3125,6.3125,6.375,6.72727272727273,7,8,8,4,11,5,679,356,323,44,292,387,6.86805985272459,7.4814606741573,6.19198959752322,6.85227272727273,6.71167808219178,6.98605333333333,53
"56",2007,8,7.06041666666667,24,7.57692307692308,6.45,6,6.3125,7.434375,13,11,1,8,16,703,369,334,45,300,403,6.87462679943101,7.48482384823848,6.20048694610778,6.83333333333333,6.70103333333333,7.00385270471464,54
"57",2007,9,6.67857142857143,14,7.83333333333333,5.8125,NA,6.71428571428571,6.64285714285714,6,8,0,7,7,717,375,342,45,307,410,6.87079866108787,7.4904,6.19141122807017,6.83333333333333,6.70133550488599,6.99768936585366,55
"58",2007,10,6.55535714285714,28,6.93333333333333,6.271875,7,6.88125,6.425,12,16,1,8,20,745,387,358,46,315,430,6.8589431409396,7.47312661498708,6.19500737430167,6.83695652173913,6.70590476190476,6.97105265116279,56
"59",2007,11,6.81129032258065,31,7.321875,6.26666666666667,6.5,7.22916666666667,6.54736842105263,16,15,2,12,19,776,403,373,48,327,449,6.85703948453608,7.46712158808933,6.1978891152815,6.82291666666667,6.72510703363914,6.95312391982183,57
"60",2007,12,7.05454545454545,22,7.60909090909091,6.5,6.16666666666667,7.02222222222222,7.07692307692308,11,11,3,9,13,798,414,384,51,336,462,6.86248451127819,7.47089371980676,6.20654333333333,6.7843137254902,6.73306547619048,6.95660744588745,58
"61",2008,1,5.78260869565217,23,6.5,5.125,NA,5.45454545454545,6.08333333333333,11,12,0,11,12,821,425,396,51,347,474,6.8322322046285,7.44576470588235,6.17376929292929,6.7843137254902,6.69253602305476,6.93449924050633,59
"62",2008,2,6.66,20,7.24,6.08,6.9,6.54444444444444,6.75454545454545,10,10,1,9,11,841,435,406,52,356,485,6.82813631391201,7.44103448275862,6.1714597044335,6.78653846153846,6.68879213483146,6.93041781443299,60
"63",2008,3,6.875,24,7.03571428571429,6.65,7.16666666666667,6.25,7.1875,14,10,3,8,16,865,449,416,55,364,501,6.82943657803468,7.42839643652561,6.18296307692308,6.80727272727273,6.67914835164835,6.93862802395209,61
"64",2008,4,7.16423076923077,26,7.79166666666667,6.62642857142857,7,7.27272727272727,7.08466666666667,12,14,2,11,15,891,461,430,57,375,516,6.83920610549944,7.43785249457701,6.19740148837209,6.8140350877193,6.69656,6.94287333333333,62
"65",2008,5,6.82142857142857,14,7.5,6.55,6,7.75,6.45,4,10,1,4,10,905,465,440,58,379,526,6.83893109392265,7.43838709677419,6.20541509090909,6.8,6.70767810026385,6.93350311787072,63
"66",2008,6,6.735,20,7.5,5.8,5,6.91666666666667,6.65714285714286,11,9,1,6,14,925,476,449,59,385,540,6.83668393513513,7.43981092436975,6.19728873051225,6.76949152542373,6.71093506493507,6.92633822222222,64
"67",2008,7,6.56551724137931,29,6.87777777777778,6.425,6.08333333333333,5.76153846153846,7.21875,9,20,12,13,16,954,485,469,71,398,556,6.82844092243186,7.42938144329897,6.20699923240938,6.65352112676056,6.67992462311558,6.93475294964029,65
"68",2008,8,6.545,20,7.44444444444444,5.80909090909091,5.6,6,6.77857142857143,9,11,5,6,14,974,494,480,76,404,570,6.82262078028747,7.42965587044534,6.1978805,6.58421052631579,6.66982673267327,6.9309169122807,66
"69",2008,9,6.94565217391304,23,7.44444444444444,6.625,6.33333333333333,6.72727272727273,7.14583333333333,9,14,6,11,12,997,503,494,82,415,582,6.82545901705115,7.42992047713718,6.20998510121457,6.56585365853658,6.67134939759036,6.93534817869416,67
"70",2008,10,6.33333333333333,18,7.66666666666667,6.06666666666667,5.66666666666667,7,6.14285714285714,3,15,6,4,14,1015,506,509,88,419,596,6.81673166502463,7.43132411067194,6.20576157170923,6.50454545454545,6.67448687350835,6.91673261744966,68
"71",2008,11,6.41071428571429,28,6.88888888888889,6.18421052631579,6.08333333333333,6.05555555555556,6.57894736842105,9,19,6,9,19,1043,515,528,94,428,615,6.8058318696069,7.42184466019417,6.20498606060606,6.47765957446808,6.66147196261682,6.90629697560976,69
"72",2008,12,6.8,15,7.4375,6.07142857142857,6.5,5,7.07692307692308,8,7,3,2,13,1058,523,535,97,430,628,6.80574918714556,7.42208413001912,6.20323857943925,6.47835051546392,6.65374418604651,6.90982904458599,70
"73",2009,1,7.12954545454545,22,7.1,7.165,7.5375,6.87,7.34583333333333,12,10,4,10,12,1080,535,545,101,440,640,6.81234503703704,7.41485981308411,6.22088557798165,6.52029702970297,6.65865909090909,6.918004125,71
"74",2009,2,6.69767441860465,43,7.22,6.41785714285714,6.48,5.27777777777778,7.07352941176471,15,28,5,9,34,1123,550,573,106,449,674,6.80795426536064,7.40954545454545,6.23051071553228,6.51839622641509,6.63097995545657,6.92584961424332,72
"75",2009,3,6.65740740740741,27,7.925,5.91176470588235,6.35714285714286,6.08333333333333,6.82142857142857,10,17,7,6,21,1150,560,590,113,455,695,6.80441968695652,7.41875,6.22132650847457,6.50840707964602,6.62375824175824,6.92269444604316,73
"76",2009,4,6.55,40,6.3125,6.609375,6.125,6.2,6.6,8,32,8,5,35,1190,568,622,121,460,730,6.79586776470588,7.40316901408451,6.24129041800643,6.48305785123967,6.61915217391304,6.90722279452055,74
"77",2009,5,6.53260869565217,46,7.07142857142857,6.296875,6.27272727272727,5.75,6.80882352941176,14,32,11,12,34,1236,582,654,132,472,764,6.78607009708738,7.39518900343643,6.2440101529052,6.4655303030303,6.59705508474576,6.90284376963351,75
"78",2009,6,7.35416666666667,24,7.2,7.46428571428571,7,6.85714285714286,7.55882352941176,10,14,5,7,17,1260,592,668,137,479,781,6.79689098412698,7.39189189189189,6.26958479041916,6.48503649635036,6.60085594989562,6.91712245838668,76
"79",2009,7,6.73076923076923,26,7.27272727272727,6.33333333333333,6,6,6.79166666666667,11,15,6,2,24,1286,603,683,143,481,805,6.79555415241057,7.38971807628524,6.27098483162518,6.46468531468531,6.59835758835759,6.91338216149068,77
"80",2009,8,6.66666666666667,18,8,6,6.33333333333333,7.4,6.38461538461539,6,12,3,5,13,1304,609,695,146,486,818,6.79377503067485,7.39573070607553,6.26630595683453,6.46198630136986,6.60660493827161,6.90497877750611,78
"81",2009,9,7,28,7.54545454545455,6.64705882352941,6.91666666666667,6.92857142857143,7.02380952380952,11,17,6,7,21,1332,620,712,152,493,839,6.79811009009009,7.39838709677419,6.27539696629213,6.47993421052632,6.61117647058824,6.90795308700834,79
"82",2009,10,6.59756097560976,41,7.32352941176471,6.08333333333333,6.07692307692308,6.33333333333333,6.70689655172414,17,24,13,12,29,1373,637,736,165,505,868,6.79212136926438,7.39638932496075,6.26913402173913,6.44818181818182,6.60457425742574,6.90123576036866,80
"83",2009,11,6.51351351351351,37,6.39285714285714,6.58695652173913,6.72727272727273,6.14285714285714,6.6,14,23,11,7,30,1410,651,759,176,512,898,6.78481038297872,7.37480798771121,6.27876500658761,6.465625,6.59826171875,6.89117220489978,81
"84",2009,12,6.47916666666667,36,7,6.21875,5.90909090909091,6.28571428571429,6.60227272727273,12,24,11,14,22,1446,663,783,187,526,920,6.77720099585062,7.36802413273001,6.27692546615581,6.43288770053476,6.58994296577947,6.88426373913043,82
"85",2010,1,7.01470588235294,34,7.3,6.89583333333333,7.01666666666667,7.09,6.98333333333333,10,24,6,10,24,1480,673,807,193,536,944,6.78265718918919,7.36701337295691,6.2953316480793,6.45103626943005,6.5992723880597,6.88678245762712,83
"86",2010,2,6.8741935483871,31,7.29333333333333,6.48125,7,6.64285714285714,6.94166666666667,15,16,5,7,24,1511,688,823,198,543,968,6.78453516876241,7.36540697674419,6.29894609963548,6.46489898989899,6.59983425414365,6.8881432231405,84
"87",2010,3,6.04411764705882,17,7,5.91666666666667,6,5.75,6.375,2,15,4,9,8,1528,690,838,202,552,976,6.77629753926702,7.36434782608696,6.29210338902148,6.45569306930693,6.58597826086956,6.88393713114754,85
"88",2010,4,7.07826086956522,23,7.61538461538461,6.38,7.5,7.04285714285714,7.09375,13,10,1,7,16,1551,703,848,203,559,992,6.78077539651837,7.36899004267425,6.29313990566038,6.46083743842364,6.59169946332737,6.88732120967742,86
"89",2010,5,6.396,25,6.61538461538461,6.15833333333333,6.9,5.51666666666667,6.67368421052632,13,12,2,6,19,1576,716,860,205,565,1011,6.77467172588832,7.35530726256983,6.29125888372093,6.46512195121951,6.58028318584071,6.88330627101879,87
"90",2010,6,6.65909090909091,22,7.3,6.47058823529412,6.6,7,6.5,5,17,5,7,15,1598,721,877,210,572,1026,6.77308050062578,7.35492371705964,6.29473505131129,6.46833333333333,6.58541958041958,6.87770237816764,88
"91",2010,7,6.33684210526316,19,6.8,6,7.5,7.725,5.96666666666667,8,11,2,4,15,1617,729,888,212,576,1041,6.76795463203463,7.34883401920439,6.29108405405405,6.47806603773585,6.59333333333333,6.86457506243996,89
"92",2010,8,6.58333333333333,12,7.25,5.25,8,5.5,7.35714285714286,8,4,1,5,7,1629,737,892,213,581,1048,6.76659462246777,7.34776119402985,6.28641551569507,6.48521126760563,6.58392426850258,6.86786511450382,90
"93",2010,9,6.72380952380952,21,7.24285714285714,6.46428571428571,6.25,7.1,6.53571428571429,7,14,2,7,14,1650,744,906,215,588,1062,6.76605008484848,7.34677419354839,6.28916406181015,6.48302325581395,6.59006802721088,6.86348647834275,91
"94",2010,10,6.96190476190476,21,8,6.18333333333333,7.35,7.18888888888889,6.79166666666667,9,12,2,9,12,1671,753,918,217,597,1074,6.76851145421903,7.35458167330677,6.28778065359477,6.49101382488479,6.59909547738693,6.86268402234637,92
"95",2010,11,6.62068965517241,29,7.33333333333333,6.11764705882353,6,6.625,6.61904761904762,12,17,6,8,21,1700,765,935,223,605,1095,6.76598978823529,7.35424836601307,6.28468731550802,6.47780269058296,6.59943801652893,6.858011543379,93
"96",2010,12,7.26428571428571,35,7.15625,7.35526315789474,6.5,7.1875,7.28703703703704,16,19,6,8,27,1735,781,954,229,613,1122,6.77604186743516,7.35019206145967,6.30600905660377,6.47838427947598,6.60711256117455,6.86833568627451,94
"97",2011,1,6.9375,16,6.5,7.13636363636364,7.33333333333333,6.75,7,5,11,3,4,12,1751,786,965,232,617,1134,6.77751721302113,7.34478371501272,6.31547423834197,6.48943965517241,6.60803889789303,6.86972895943563,95
"98",2011,2,6.91111111111111,18,7.725,6.67857142857143,7.25,6,6.96470588235294,4,14,4,1,17,1769,790,979,236,618,1151,6.77887656302996,7.34670886075949,6.32066663942799,6.50233050847458,6.60705501618123,6.87113174630756,96
"99",2011,3,6.51,20,6.6875,6.39166666666667,6,6.6,6.48,8,12,4,5,15,1789,798,991,240,623,1166,6.77587067635551,7.34010025062656,6.32152637739657,6.49395833333333,6.60699839486356,6.86610003430532,97
"100",2011,4,6.50833333333333,12,7.82,5.57142857142857,5.33333333333333,7.1,6.45454545454545,5,7,3,1,11,1801,803,998,243,624,1177,6.77408808439756,7.34308841843088,6.31626517034068,6.47962962962963,6.60778846153846,6.86225372982158,98
"101",2011,5,6.92666666666667,15,7.025,6.89090909090909,6.33333333333333,6.5,7.08181818181818,4,11,3,4,11,1816,807,1009,246,628,1188,6.77534837004405,7.34151177199504,6.32252987115956,6.47784552845528,6.60710191082803,6.86428673400673,99
"102",2011,6,6.02,15,6.375,5.89090909090909,6.1,6.83333333333333,5.81666666666667,4,11,4,3,12,1831,811,1020,250,631,1200,6.76916037138176,7.3367447595561,6.3178751372549,6.4718,6.60817749603804,6.85381053333333,100
"103",2011,7,6.75909090909091,22,7.17142857142857,6.56666666666667,5.5,6.74285714285714,6.76666666666667,7,15,4,7,15,1853,818,1035,254,638,1215,6.76904082029142,7.33533007334963,6.3214808115942,6.45649606299212,6.60965517241379,6.85273468312757,101
"104",2011,8,6.75,26,7.85714285714286,6.34210526315789,6.36363636363636,5,6.97826086956522,7,19,11,3,23,1879,825,1054,265,641,1238,6.76877734965407,7.33975757575757,6.32185259962049,6.45264150943396,6.6021216848674,6.85506675282714,102
"105",2011,9,6.41666666666667,12,6.5,6.4,6.71428571428571,5.8,6.85714285714286,2,10,7,5,7,1891,827,1064,272,646,1245,6.76654290851401,7.33772672309552,6.32258706766917,6.459375,6.5959133126935,6.85507842570281,103
"106",2011,10,6.59444444444444,18,6.6875,6.52,7.6,6.82,6.50769230769231,8,10,4,5,13,1909,835,1074,276,651,1258,6.76492018858041,7.33149700598802,6.32442517690875,6.47590579710145,6.59763440860215,6.85148858505564,104
"107",2011,11,6.75,22,6.91666666666667,6.6875,5.75,6,6.97058823529412,6,16,2,5,17,1931,841,1090,278,656,1275,6.76475020196789,7.32853745541022,6.32975471559633,6.47068345323741,6.59307926829268,6.85307658039216,105
"108",2011,12,6.43333333333333,15,7.1,6.1,6,6,6.54166666666667,5,10,3,3,12,1946,846,1100,281,659,1287,6.7621956012333,7.32718676122931,6.32766603636363,6.46565836298932,6.59037936267071,6.85017299145299,106
"109",2012,1,7.078125,16,7.5,6.825,5.75,9,6.80357142857143,6,10,2,2,14,1962,852,1110,283,661,1301,6.76477198776758,7.32840375586854,6.33214652252252,6.46060070671378,6.59767019667171,6.84967151421983,107
"110",2012,2,6.46666666666667,15,7.6875,5.07142857142857,3,5.83333333333333,6.625,8,7,1,3,12,1977,860,1117,284,664,1313,6.76251018715225,7.33174418604651,6.32424587287377,6.44841549295775,6.59421686746988,6.84761815689261,108
"111",2012,3,6.5,12,7.5,6,5.2,4.5,6.9,4,8,5,2,10,1989,864,1125,289,666,1323,6.76092641528406,7.33252314814815,6.32194012444444,6.42681660899654,6.58792792792793,6.84801408919123,109
"112",2012,4,6.84,15,7.3,6.31428571428571,6.25,6.875,6.82727272727273,8,7,2,4,11,2004,872,1132,291,670,1334,6.76151828343313,7.3322247706422,6.32189279151943,6.42560137457045,6.58964179104478,6.84784305847076,110
"113",2012,5,6.48125,16,7,6.30833333333333,5.625,7,6.44666666666667,4,12,4,1,15,2020,876,1144,295,671,1349,6.75929833663366,7.33070776255708,6.32175055944056,6.41474576271186,6.59025335320417,6.84338223869533,111
"114",2012,6,7.16666666666667,12,7.71428571428571,6.4,7,7.6,6.85714285714286,7,5,2,5,7,2032,883,1149,297,676,1356,6.76170405511811,7.33374858437146,6.32209107049608,6.41868686868687,6.59772189349112,6.84345327433628,112
"115",2012,7,6.75666666666667,9,7.66666666666667,6.30166666666667,6.25,7,6.72625,3,6,4,1,8,2041,886,1155,301,677,1364,6.7616818422342,7.33487584650113,6.32198496969697,6.41644518272425,6.59831610044313,6.84276586510264,113
"116",2012,8,5.80769230769231,13,6.1,5.625,5.66666666666667,5.66666666666667,5.85,5,8,3,3,10,2054,891,1163,304,680,1374,6.75564393378773,7.32794612794613,6.3171905760963,6.40904605263158,6.59420588235294,6.83554049490539,114
"117",2012,9,7.29411764705882,17,7.55,6.92857142857143,8,7.75,6.88888888888889,10,7,1,8,9,2071,901,1170,305,688,1383,6.76006404635442,7.33041065482797,6.32084841025641,6.41426229508196,6.60764534883721,6.83588766449747,115
"118",2012,10,6.85714285714286,14,7.05555555555556,6.5,5,9,6.5,9,5,1,2,12,2085,910,1175,306,690,1395,6.76071589448441,7.32769230769231,6.32161075744681,6.40964052287581,6.61457971014493,6.83299830824373,116
"119",2012,11,6.33888888888889,18,6.95,5.85,6.91666666666667,6.875,6.18571428571429,8,10,6,4,14,2103,918,1185,312,694,1409,6.75710539229672,7.32440087145969,6.31763091983122,6.41939102564102,6.61608069164265,6.8265668133428,117
"120",2012,12,6.625,12,7.07142857142857,6,7,6.5,6.65,7,5,1,2,10,2115,925,1190,313,696,1419,6.75635585815603,7.32248648648649,6.31629633613445,6.42124600638977,6.61574712643678,6.82532250880902,118
"121",2013,1,6.70260869565217,23,7.52,6.26666666666667,4,7.16666666666667,6.633,8,15,1,3,20,2138,933,1205,314,699,1439,6.75577766136576,7.32418006430868,6.31567853941909,6.41353503184713,6.61811158798283,6.82264950660181,119
"122",2013,2,6.51153846153846,13,7.02,6.19375,8,5.89166666666667,7.04285714285714,5,8,1,6,7,2151,938,1213,315,705,1446,6.75430155276616,7.32255863539446,6.3148743940643,6.41857142857143,6.61192907801419,6.8237155186722,120
"123",2013,3,6.84615384615385,13,7.1,6.6875,6.66666666666667,6.5,6.90909090909091,5,8,3,2,11,2164,943,1221,318,707,1457,6.75485334565619,7.32137857900318,6.31731583947584,6.42091194968553,6.61161244695898,6.82436008236102,121
"124",2013,4,6.58947368421053,19,6.81428571428571,6.45833333333333,6,6,6.65882352941177,7,12,3,2,17,2183,950,1233,321,709,1474,6.75341394411361,7.31764210526316,6.31868827250608,6.41697819314642,6.60988716502116,6.82245090909091,122
"125",2013,5,6.17,10,7.4,5.64285714285714,NA,6.25,6.11666666666667,3,7,0,4,6,2193,953,1240,321,713,1480,6.75075359781122,7.31790136411333,6.31487309677419,6.41697819314642,6.60786816269285,6.81958962162162,123
"126",2013,6,7.08333333333333,9,7.14285714285714,6.875,7,7,7.10714285714286,7,2,1,2,7,2202,960,1242,322,715,1487,6.75211291553134,7.316625,6.31577507246377,6.41878881987577,6.60896503496504,6.82094326832549,124
"127",2013,7,6.62307692307692,13,7.92,5.8125,4.66666666666667,6,6.81,5,8,3,3,10,2215,965,1250,325,718,1497,6.75135559367946,7.31975129533679,6.312554112,6.40261538461538,6.60642061281337,6.82087016700067,125
"128",2013,8,6.63461538461539,13,7.625,6.19444444444444,5.75,5.375,6.86363636363636,4,9,4,2,11,2228,969,1259,329,720,1508,6.75067443447038,7.32101135190918,6.31170980142971,6.39468085106383,6.603,6.82118212201592,126
"129",2013,9,6.63636363636364,11,7.375,6.21428571428571,6,6.125,6.92857142857143,4,7,2,4,7,2239,973,1266,331,724,1515,6.75011283608754,7.32123329907503,6.31117112164297,6.39229607250755,6.6003591160221,6.82167831023102,127
"130",2013,10,6.3,5,6.66666666666667,5.75,NA,NA,6.3,3,2,0,0,5,2244,976,1268,331,724,1520,6.74910991087344,7.31922131147541,6.31028599369085,6.39229607250755,6.6003591160221,6.81996226315789,128
"131",2013,11,6.84736842105263,19,7.64545454545455,5.75,8,6.75,6.87333333333333,11,8,2,4,15,2263,987,1276,333,728,1535,6.74993488289881,7.32285714285714,6.30677322884013,6.40195195195195,6.60118131868132,6.82048380456026,129
"132",2013,12,7,8,7.25,6.75,NA,6.5,7.16666666666667,4,4,0,2,6,2271,991,1280,333,730,1541,6.75081578159401,7.32256306760848,6.3081583125,6.40195195195195,6.60090410958904,6.82183169370539,130
"133",2014,1,7.125,22,7.625,6.525,6,7.17857142857143,7.1,12,10,3,7,15,2293,1003,1290,336,737,1556,6.75440586131705,7.3261814556331,6.30983925581395,6.39836309523809,6.6063907734057,6.82451326478149,131
"134",2014,2,6.91666666666667,12,7.71428571428571,5.8,NA,6,7,7,5,0,1,11,2305,1010,1295,336,738,1567,6.75525060303688,7.32887128712871,6.30787076447877,6.39836309523809,6.60556910569106,6.82574514358647,132
"135",2014,3,6.8125,8,8,6.1,6.83333333333333,7.5,6.4,3,5,3,3,5,2313,1013,1300,339,741,1572,6.75544861219196,7.33085883514314,6.30707126153846,6.40221238938053,6.60919028340081,6.82439099236641,133
"136",2014,4,6.6875,8,7.83333333333333,6,7,7.25,6.5,3,5,1,2,6,2321,1016,1305,340,743,1578,6.75521440758294,7.33234251968504,6.30589474329502,6.40397058823529,6.61091520861373,6.82315756653992,134
"137",2014,5,7.92,5,8.2,7.5,6.5,7,8.15,3,2,1,1,4,2326,1019,1307,341,744,1582,6.75771824591574,7.33489695780177,6.30772198928845,6.40425219941349,6.61143817204301,6.82651241466498,135
"138",2014,6,5.5,2,5.5,NA,NA,NA,5.5,2,0,0,0,2,2328,1021,1307,341,744,1584,6.75663773195876,7.33130264446621,6.30772198928845,6.40425219941349,6.61143817204301,6.82483752525253,136
"139",2014,7,6,3,7.5,5.25,4,6.5,5.75,1,2,1,1,2,2331,1022,1309,342,745,1586,6.75566393822394,7.33146771037182,6.30610591291062,6.39722222222222,6.61128859060403,6.8234821185372,137
"140",2014,8,6.9,5,6.9,NA,NA,6,7.125,5,0,0,1,4,2336,1027,1309,342,746,1590,6.75597287671233,7.3293670886076,6.30610591291062,6.39722222222222,6.61046916890081,6.82424065408805,138
"141",2014,9,7.22857142857143,7,7.66666666666667,6.9,7.1,5,7.6,3,4,1,1,6,2343,1030,1313,343,747,1596,6.75738482287666,7.33034951456311,6.30791518659558,6.39927113702624,6.60831325301205,6.82715704260652,139
"142",2014,10,6.69411764705882,17,7.42857142857143,6.18,6.56,6.5,6.8,7,10,5,6,11,2360,1037,1323,348,753,1607,6.75692908474576,7.33101253616201,6.30694832955404,6.40158045977011,6.60745019920319,6.82697115121344,140
"143",2014,11,6.83333333333333,9,7.66666666666667,6.41666666666667,8.5,5.83333333333333,7.33333333333333,3,6,2,3,6,2369,1040,1329,350,756,1613,6.75721934993668,7.33198076923077,6.30744367193379,6.41357142857143,6.60437830687831,6.82885470551767,141
"144",2014,12,7.27727272727273,11,8.125,6.79285714285714,7.6,8.175,6.76428571428571,4,7,2,4,7,2380,1044,1336,352,760,1620,6.7596229579832,7.33501915708812,6.30998700598802,6.4203125,6.61264473684211,6.8285757037037,142
"145",2015,1,6.11111111111111,9,5.9,6.375,6.75,6.75,5.92857142857143,5,4,2,2,7,2389,1049,1340,354,762,1627,6.75717984093763,7.32817921830315,6.31018107462687,6.42217514124294,6.61300524934383,6.82470352796558,143
"146",2015,2,6.5,12,7,6.33333333333333,6.7,7.25,6.35,3,9,5,2,10,2401,1052,1349,359,764,1637,6.75589447730113,7.3272433460076,6.31033553743514,6.42604456824512,6.61467277486911,6.82180368967624,144
"147",2015,3,7.07142857142857,7,7.66666666666667,6.625,7,NA,7.07142857142857,3,4,2,0,7,2408,1055,1353,361,764,1644,6.75681172757475,7.32820853080569,6.31126580931264,6.4292243767313,6.61467277486911,6.82286656934307,145
"148",2015,4,6.25,4,8,5.66666666666667,5.66666666666667,6.5,6,1,3,3,2,2,2412,1056,1356,364,766,1646,6.7559712437811,7.3288446969697,6.30983970501475,6.42293956043956,6.61437336814621,6.82186673147023,146
"149",2015,5,6.62777777777778,18,7.25,6.45,6,6.5,6.66428571428571,4,14,3,4,14,2430,1060,1370,367,770,1660,6.75502166255144,7.32854716981132,6.311272,6.41948228882834,6.61377922077922,6.82053773493976,147
"150",2015,6,5.8375,8,7.06666666666667,5.1,6.5,5.75,5.86666666666667,3,5,1,2,6,2438,1063,1375,368,772,1666,6.75201092698934,7.32780809031044,6.30686737454545,6.41970108695652,6.6115414507772,6.81710242496999,148
"151",2015,7,6.3,5,6.83333333333333,5.5,NA,4,6.875,3,2,0,1,4,2443,1066,1377,368,773,1670,6.75108581252559,7.32641651031895,6.30569545388526,6.41970108695652,6.60816300129366,6.81724110179641,149
"152",2015,8,9,1,NA,9,9,NA,9,0,1,1,0,1,2444,1066,1378,369,773,1671,6.75200599018003,7.32641651031895,6.30765068214804,6.42669376693767,6.60816300129366,6.81854736086176,150
"153",2015,9,7.28125,8,7.41666666666667,7.2,NA,NA,7.28125,3,5,0,0,8,2452,1069,1383,369,773,1679,6.75373272430669,7.32666978484565,6.31087681851048,6.42669376693767,6.60816300129366,6.82075201905896,151
"154",2015,10,7.3,5,8,7.125,NA,NA,7.3,1,4,0,0,5,2457,1070,1387,369,773,1684,6.75484437932438,7.32729906542056,6.31322468637347,6.42669376693767,6.60816300129366,6.82217496437055,152
"155",2015,11,6.27272727272727,11,5.5,6.44444444444444,6.625,7.16666666666667,5.9375,2,9,4,3,8,2468,1072,1396,373,776,1692,6.75269555915721,7.32388992537314,6.31407065902579,6.42882037533512,6.61032216494845,6.81799210401891,153
"156",2015,12,7.24285714285714,7,7.34,7,NA,7,7.34,5,2,0,2,5,2475,1077,1398,373,778,1697,6.75408187474748,7.32396471680594,6.31505195994277,6.42882037533512,6.61132390745501,6.8195301355333,154
"157",2016,1,6.72222222222222,9,6.66666666666667,6.75,6.25,5.66666666666667,7.25,3,6,2,3,6,2484,1080,1404,375,781,1703,6.75396644122383,7.32213888888889,6.31691071225071,6.42786666666666,6.607695262484,6.82104676453318,155
"158",2016,2,6.66666666666667,3,8,6,5,NA,6.66666666666667,1,2,1,0,3,2487,1081,1406,376,781,1706,6.75386113389626,7.32276595744681,6.31645991465149,6.42406914893617,6.607695262484,6.82077528722157,156
"159",2016,3,7.07857142857143,14,6.92,7.16666666666667,8,5.3,7.375,5,9,2,2,12,2501,1086,1415,378,783,1718,6.75567878448621,7.32091160220995,6.32186759010601,6.43240740740741,6.60435504469987,6.82464647264261,157
"160",2016,4,6.63333333333333,9,7.54,5.5,6,7,6.52857142857143,5,4,1,2,7,2510,1091,1419,379,785,1725,6.75524009561753,7.32191567369386,6.31955083861874,6.43126649076517,6.60536305732484,6.82344500869565,158
"161",2016,5,6.2,5,7.33333333333333,4.5,4,NA,6.2,3,2,1,0,5,2515,1094,1421,380,785,1730,6.75413623856859,7.32194698354662,6.31698989444053,6.42486842105263,6.60536305732484,6.82164314450867,159
"162",2016,6,6.54166666666667,12,6.91666666666667,6.16666666666667,7.5,5,7.05555555555556,6,6,2,3,9,2527,1100,1427,382,788,1739,6.7531272813613,7.31973636363637,6.31635784162579,6.43049738219895,6.59925126903553,6.8228537320299,160
"163",2016,7,6.75,19,7.45833333333333,6.42307692307692,NA,6,6.890625,6,13,0,3,16,2546,1106,1440,382,791,1755,6.75310394344069,7.32048824593129,6.31732127777778,6.43049738219895,6.59697850821745,6.82347158974359,161
"164",2016,8,6.38235294117647,17,6,6.40625,6,5.33333333333333,6.60714285714286,1,16,2,3,14,2563,1107,1456,384,794,1769,6.75064480686695,7.31929539295393,6.31829851648352,6.42825520833333,6.5922040302267,6.8217595477671,162
"165",2016,9,6.48333333333333,18,6.88333333333333,6.28333333333333,5.75,5.8,6.74615384615385,6,12,4,5,13,2581,1113,1468,388,799,1782,6.74878056567222,7.31694519317161,6.31801269754768,6.42126288659794,6.58724655819775,6.82120799102133,163
"166",2016,10,7,15,8.25,6.54545454545455,7.83333333333333,7.5,6.92307692307692,4,11,3,2,13,2596,1117,1479,391,801,1795,6.75023214175655,7.32028648164727,6.31970428668019,6.43209718670077,6.58952559300874,6.82194576044568,164
"167",2016,11,6.22222222222222,18,7.4,5.76923076923077,6,7.33333333333333,6,5,13,2,3,15,2614,1122,1492,393,804,1810,6.74659626625861,7.32064171122995,6.31490793565684,6.42989821882952,6.59230099502488,6.81513405524862,165
"168",2016,12,6.17333333333333,15,6.83333333333333,6.00833333333333,8,1,6.54285714285714,3,12,2,1,14,2629,1125,1504,395,805,1824,6.74332546215291,7.31934222222222,6.31246186170213,6.43784810126582,6.58535403726708,6.81304421052632,166
"169",2017,1,6.25,18,7,5.96153846153846,NA,5.5,6.625,5,13,0,6,12,2647,1130,1517,395,811,1836,6.73997077446166,7.31792920353982,6.30945460777851,6.43784810126582,6.57732429099877,6.81181516339869,167
"170",2017,2,6.45454545454545,11,6.5,6.41666666666667,NA,6.5,6.4375,5,6,0,3,8,2658,1135,1523,395,814,1844,6.73878955605719,7.31432599118943,6.30987697964544,6.43784810126582,6.57703931203931,6.81019123644252,168
"171",2017,3,6.625,12,7.6,5.92857142857143,6,7,6.5,5,7,2,3,9,2670,1140,1530,397,817,1853,6.7382781423221,7.31557894736842,6.30813244444444,6.43564231738035,6.57859241126071,6.80868464112251,169
"172",2017,4,6.59090909090909,11,7.33333333333333,6.3125,6,6.5,6.61111111111111,3,8,2,2,9,2681,1143,1538,399,819,1862,6.73767349496457,7.31562554680665,6.30815516254876,6.43345864661654,6.57840048840049,6.80772966702471,170
"173",2017,5,6.38888888888889,9,7,6.3125,6.25,6.66666666666667,6.25,1,8,4,3,6,2690,1144,1546,403,822,1868,6.73650655762082,7.31534965034965,6.30817764553687,6.43163771712159,6.57872262773723,6.80593824411135,171
"174",2017,6,6.33333333333333,6,7,6,3,4.5,7.25,2,4,1,2,4,2696,1146,1550,404,824,1872,6.73560928783383,7.31479930191972,6.3073823483871,6.42314356435643,6.57367718446602,6.8068870940171,172
"175",2017,7,7.25,8,7.83333333333333,6.9,7.5,7.75,7.08333333333333,3,5,1,2,6,2704,1149,1555,405,826,1878,6.73713115384616,7.31615317667537,6.30928787138264,6.4258024691358,6.57652542372881,6.80777030883919,173
"176",2017,8,6.42857142857143,7,7.5,6,5.5,7,6.2,2,5,2,2,5,2711,1151,1560,407,828,1883,6.7363344300996,7.31647263249349,6.30829656410256,6.42125307125307,6.57754830917875,6.80615647371216,174
"177",2017,9,6.93571428571429,14,7.3125,6.43333333333333,NA,7,6.91,8,6,0,4,10,2725,1159,1566,407,832,1893,6.73735876697248,7.31644521138913,6.30877563218391,6.42125307125307,6.57957932692308,6.80670503961965,175
"178",2017,10,7.38888888888889,9,8,7.08333333333333,6,10,7.0625,3,6,1,1,8,2734,1162,1572,408,833,1901,6.73950352596928,7.3182099827883,6.31173195928753,6.42022058823529,6.58368547418968,6.80778150447133,176
"179",2017,11,7.83333333333333,6,8.25,7,7,NA,7.83333333333333,4,2,1,0,6,2740,1166,1574,409,833,1907,6.74189877372263,7.32140651801029,6.31260650571792,6.42163814180929,6.58368547418968,6.8110082013634,177
"180",2017,12,6.33333333333333,15,6.75,6.18181818181818,5.33333333333333,7.25,6.19230769230769,4,11,3,2,13,2755,1170,1585,412,835,1920,6.73967427949183,7.31945299145299,6.31169882649842,6.41371359223301,6.58528143712575,6.80681908333334,178
"181",2018,1,6.88571428571429,14,8.8,6.56666666666667,5.66666666666667,7.86666666666667,6.61818181818182,2,12,3,3,11,2769,1172,1597,415,838,1931,6.74041265438787,7.3219795221843,6.31361467752035,6.40831325301205,6.58986873508353,6.8057445054376,179
"182",2018,2,6.27272727272727,11,5.5,6.71428571428571,6,5,6.4,4,7,2,1,10,2780,1176,1604,417,839,1941,6.73856210071943,7.31578231292517,6.31536324189526,6.40635491606715,6.58797377830751,6.80365411643483,180
"183",2018,3,6.91818181818182,11,6.66666666666667,7.0125,7.3,7.36666666666667,6.75,3,8,2,3,8,2791,1179,1612,419,842,1949,6.73927002508062,7.31413061916879,6.31882297766749,6.41062052505966,6.59074821852732,6.8034338840431,181
"184",2018,4,6.9,10,7.75,6.33333333333333,NA,5,7.11111111111111,4,6,0,1,9,2801,1183,1618,419,843,1958,6.7398438557658,7.3156043956044,6.31887678615575,6.41062052505966,6.58886120996441,6.80484813074566,182
"185",2018,5,6.8125,8,6,6.92857142857143,6,6.5,6.85714285714286,1,7,1,1,7,2809,1184,1625,420,844,1965,6.74005077963688,7.31449324324325,6.32150316307692,6.40964285714286,6.58875592417062,6.80503442239186,183
"186",2018,6,6.36,5,6,6.45,6.8,6.8,6.25,1,4,1,1,4,2814,1185,1629,421,845,1969,6.73937549395878,7.31338396624473,6.32181868631062,6.41057007125891,6.58900591715977,6.8039068765871,184
"187",2018,7,6.15,4,7.3,5,NA,7,5.86666666666667,2,2,0,1,3,2818,1187,1631,421,846,1972,6.73853890702626,7.31336141533277,6.32019781729,6.41057007125891,6.58949172576832,6.80248105476674,185
"188",2018,8,6.3875,8,7,6.18333333333333,6.55,NA,6.3875,2,6,2,0,8,2826,1189,1637,423,846,1980,6.73754516631281,7.31283431455004,6.31969617593158,6.4112293144208,6.58949172576832,6.80080436363637,186
"189",2018,9,6.83333333333333,9,7,6.8125,7,6.83333333333333,6.83333333333333,1,8,1,3,6,2835,1190,1645,424,849,1986,6.73784925573192,7.31257142857143,6.32209279027356,6.4126179245283,6.59035335689046,6.80090263846929,187
"190",2018,10,5.8125,8,6,5.78571428571429,6,5.5,5.85714285714286,1,7,1,1,7,2843,1191,1652,425,850,1993,6.73524538867394,7.31146935348447,6.31982,6.41164705882353,6.5890705882353,6.7975878775715,188
"191",2018,11,7.15,10,7.75,6.75,7,6.5,7.3125,4,6,1,2,8,2853,1195,1658,426,852,2001,6.73669913774974,7.31293723849373,6.32137674306393,6.41302816901408,6.58886150234742,6.79964649675163,189
"192",2018,12,6.33333333333333,9,7,6,NA,5,6.5,3,6,0,1,8,2862,1198,1664,426,853,2009,6.7354306918239,7.31215358931553,6.32021793269231,6.41302816901408,6.58699882766706,6.79845328023893,190
"193",2019,1,6.4045,10,6.34,6.4475,5,5,6.56055555555556,4,6,1,1,9,2872,1202,1670,427,854,2018,6.73427842618384,7.30891846921797,6.32067523353293,6.40971896955503,6.58514051522248,6.79739228939544,191
"194",2019,2,6.48,10,6.8,6.44444444444444,6.5,NA,6.48,1,9,2,0,10,2882,1203,1679,429,854,2028,6.7333961276891,7.30849542809643,6.32133867778439,6.41013986013986,6.58514051522248,6.79582723865878,192
"195",2019,3,7.145,10,7.75,6.88571428571429,7.1,NA,7.145,3,7,2,0,10,2892,1206,1686,431,854,2038,6.73481937759336,7.30959369817579,6.3236818742586,6.41334106728538,6.58514051522248,6.79754054955839,193
"196",2019,4,6.98333333333333,9,7.66666666666667,6.64166666666667,5,8,6.85625,3,6,1,1,8,2901,1209,1692,432,855,2046,6.73559036194416,7.31047973531845,6.32480947990544,6.41006944444444,6.58679532163743,6.79777010752688,194
"197",2019,5,6.2,5,6.66666666666667,5.5,NA,4,6.75,3,2,0,1,4,2906,1212,1694,432,856,2050,6.73466883688919,7.30888613861386,6.32383567886659,6.41006944444444,6.58377336448598,6.79767689756098,195
"198",2019,6,6.3125,8,7.16666666666667,5.8,5.66666666666667,NA,6.3125,3,5,3,0,8,2914,1215,1699,435,856,2058,6.73350982841455,7.30853497942387,6.32229407886992,6.40494252873563,6.58377336448598,6.79579088435374,196
"199",2019,7,6.66363636363636,11,6.75,6.61428571428571,5.7,5.66666666666667,7.0375,4,7,5,3,8,2925,1219,1706,440,859,2066,6.73324705641025,7.30670221493027,6.32349216881594,6.39693181818182,6.58057043073341,6.79672683446273,197
"200",2019,8,6.88777777777778,9,6.83166666666667,7,NA,5,7.12375,6,3,0,1,8,2934,1225,1709,440,860,2074,6.73372107702795,7.30437551020408,6.324679719134,6.39693181818182,6.57873255813954,6.79798825458052,198
"201",2019,9,6.2,10,6.5,5.75,5.5,NA,6.2,6,4,1,0,10,2944,1231,1713,441,860,2084,6.73190816576087,7.3004549147035,6.32333779334501,6.39489795918367,6.57873255813954,6.79511882917467,199
"202",2019,10,6.54444444444444,9,7,6.31666666666667,6.2,7.2,6.35714285714286,3,6,2,2,7,2953,1234,1719,443,862,2091,6.73133682356925,7.2997244732577,6.32331450843514,6.39401805869074,6.58017401392112,6.79365262553802,200
"203",2019,11,6.25,12,6.66666666666667,5.83333333333333,5,8,6.09090909090909,6,6,1,1,11,2965,1240,1725,444,863,2102,6.72938874873524,7.29666129032258,6.32161022608696,6.39087837837838,6.58181923522596,6.78997509039011,201
"204",2019,12,6.46666666666667,6,6.95,5.5,NA,6.8,6.4,4,2,0,1,5,2971,1244,1727,444,864,2107,6.72885817569842,7.29554662379421,6.32065873769542,6.39087837837838,6.58207175925926,6.789049663028,202
"205",2020,1,5.5,18,6.16666666666667,5.36666666666667,4.1,4.5,5.7,3,15,5,3,15,2989,1247,1742,449,867,2122,6.72145789227166,7.29283079390537,6.31244411021814,6.36536748329621,6.57486735870819,6.78135138548539,203
"206",2020,2,7.1,11,6.5,7.23333333333333,6,6,7.21,2,9,1,1,10,3000,1249,1751,450,868,2132,6.72284588,7.2915612489992,6.31717740719589,6.36455555555555,6.57420506912443,6.78336193245779,204
"207",2020,3,5.83333333333333,9,4.33333333333333,6.58333333333333,7.25,4,6.0625,3,6,2,1,8,3009,1252,1757,452,869,2140,6.72018532402791,7.28447284345048,6.31808630620376,6.36847345132743,6.57124280782509,6.78066712149533,205
"208",2020,4,6.66666666666667,6,6.5,7,6.5,5,7,4,2,2,1,5,3015,1256,1759,454,870,2145,6.72007881923715,7.28197452229299,6.31886164866401,6.36905286343612,6.5694367816092,6.78117838694639,206
"209",2020,5,6.4,5,7,6,6,6.5,6.33333333333333,2,3,2,2,3,3020,1258,1762,456,872,2148,6.71954888741722,7.28152623211447,6.31831875141884,6.36743421052631,6.56927752293578,6.78055290502793,207
"210",2020,6,6.75,6,6.66666666666667,6.83333333333333,6.83333333333333,7,6.7,3,3,3,1,5,3026,1261,1765,459,873,2153,6.71960926635823,7.28006344171293,6.31919413031161,6.37047930283224,6.56977090492555,6.78036583372039,208
"211",2020,7,6.4,2,6.4,NA,NA,6.4,NA,2,0,0,2,0,3028,1263,1765,459,875,2153,6.71939816380449,7.27866983372922,6.31919413031161,6.37047930283224,6.56938285714286,6.78036583372039,209
"212",2020,8,6.08333333333333,6,5.5,6.375,6.5,NA,6.08333333333333,2,4,2,0,6,3034,1265,1769,461,875,2159,6.71814029004614,7.27585770750988,6.31932031656303,6.37104121475054,6.56938285714286,6.77842873552571,210
"213",2020,9,7.02222222222222,9,7.04,7,NA,NA,7.02222222222222,5,4,0,0,9,3043,1270,1773,461,875,2168,6.71903964508708,7.27492913385827,6.32085597292724,6.37104121475054,6.56938285714286,6.77944079335794,211
"214",2020,10,7.8,5,9,7.5,NA,NA,7.8,1,4,0,0,5,3048,1271,1777,461,875,2173,6.72081287401575,7.27628638867034,6.32351020821609,6.37104121475054,6.56938285714286,6.78178906580764,212
"215",2020,11,7.96666666666667,3,7.9,8,7,7,8.45,1,2,1,1,2,3051,1272,1779,462,876,2175,6.7220379023271,7.27677672955975,6.32539496346262,6.3724025974026,6.56987442922375,6.78332305287356,213
"216",2020,12,6.52,5,6.65,6,6,NA,6.52,4,1,1,0,5,3056,1276,1780,463,876,2180,6.72170734293194,7.27481191222571,6.32521215730337,6.37159827213823,6.56987442922375,6.78271910091743,214
"217",2021,1,6.63461538461539,13,6.91666666666667,6.39285714285714,6.25,6.625,6.63636363636364,6,7,1,2,11,3069,1282,1787,464,878,2191,6.72133842945585,7.27313572542902,6.3254771348629,6.37133620689655,6.57,6.78198431766317,215
"218",2021,2,6.83333333333333,6,7.25,6,NA,6,7,4,2,0,1,5,3075,1286,1789,464,879,2196,6.72155695609756,7.27306376360809,6.32511326998323,6.37133620689655,6.56935153583618,6.78248071038252,216
"219",2021,3,7.66666666666667,3,6,8.5,7,7,8,1,2,1,1,2,3078,1287,1791,465,880,2198,6.72247811565952,7.27207459207459,6.32754195421552,6.37268817204301,6.56984090909091,6.78358855323021,217
"220",2021,4,6.8,5,7,6.5,6.5,8,6.5,3,2,2,1,4,3083,1290,1793,467,881,2202,6.72260384041518,7.27144186046512,6.32773432236475,6.37323340471092,6.57146424517594,6.78307340599455,218
"221",2021,5,6.41666666666667,6,7.5,5.875,7,5,6.7,2,4,1,1,5,3089,1292,1797,468,882,2207,6.7220095953383,7.27179566563468,6.32672656649972,6.37457264957265,6.56968253968254,6.78288520163118,219
"222",2021,6,6.33333333333333,3,NA,6.33333333333333,8,8,5.5,0,3,1,1,2,3092,1292,1800,469,883,2209,6.72163248382923,7.27179566563468,6.32673757777778,6.37803837953092,6.57130237825595,6.78172369397918,220
"223",2021,7,7.5,2,NA,7.5,NA,NA,7.5,0,2,0,0,2,3094,1292,1802,469,883,2211,6.7221356302521,7.27179566563468,6.32803975582686,6.37803837953092,6.57130237825595,6.78237342379014,221
"224",2021,8,6.0625,8,7.16666666666667,5.4,NA,7.16666666666667,5.4,3,5,0,3,5,3102,1295,1807,469,886,2216,6.72043444229529,7.27155212355212,6.32547185390149,6.37803837953092,6.57331828442438,6.77925435018051,222
"225",2021,9,6.375,4,6.75,6,7,7,6.16666666666667,2,2,1,1,3,3106,1297,1809,470,887,2219,6.71998958145525,7.27074787972244,6.32511201768933,6.37936170212766,6.57379932356257,6.77842615592609,223
"226",2021,10,8,1,8,NA,NA,NA,8,1,0,0,0,1,3107,1298,1809,470,887,2220,6.72040155777277,7.27130970724191,6.32511201768933,6.37936170212766,6.57379932356257,6.77897641441442,224
"227",2021,11,7.125,4,7.83333333333333,5,NA,NA,7.125,3,1,0,0,4,3111,1301,1810,470,887,2224,6.72092177434908,7.27260568793236,6.32437991160221,6.37936170212766,6.57379932356257,6.77959875899281,225
"228",2021,12,6.265,6,6,6.3975,NA,5.93333333333333,6.59666666666667,2,4,0,3,3,3117,1303,1814,470,890,2227,6.72004415784408,7.27065234075211,6.32454114663726,6.37936170212766,6.5716404494382,6.77935233048945,226
"229",2022,1,6.825,8,7,6.72,NA,5.8,7.16666666666667,3,5,0,2,6,3125,1306,1819,470,892,2233,6.7203128448,7.27003062787136,6.3256281693238,6.37936170212766,6.56991031390135,6.78039303179579,227
"230",2022,2,7,6,7,7,NA,NA,7,3,3,0,0,6,3131,1309,1822,470,892,2239,6.72084881507505,7.26941176470588,6.32673855104281,6.37936170212766,6.56991031390135,6.78098152746762,228
"231",2022,3,7.66666666666667,6,8,7.33333333333333,7,8.5,7.5,3,3,2,1,5,3137,1312,1825,472,893,2244,6.72265783869939,7.27108231707317,6.32839322739726,6.38199152542373,6.57207166853304,6.78258361853833,229
"232",2022,4,5.8,5,10,4.75,NA,5,6,1,4,0,1,4,3142,1313,1829,472,894,2248,6.72118957352005,7.27316070068545,6.32494130125752,6.38199152542373,6.57031319910515,6.78119112099644,230
"233",2022,5,6.75,8,7.5,6.5,6,NA,6.75,2,6,2,0,8,3150,1315,1835,474,894,2256,6.72126274285714,7.27350570342205,6.32551370027248,6.38037974683544,6.57031319910515,6.7810805141844,231
"234",2022,6,7,2,NA,7,7,NA,7,0,2,1,0,2,3152,1315,1837,475,894,2258,6.72143960659898,7.27350570342205,6.32624803483941,6.38168421052631,6.57031319910515,6.78127441984057,232
"235",2022,7,7,3,NA,7,NA,NA,7,0,3,0,0,3,3155,1315,1840,475,894,2261,6.72170448177496,7.27350570342205,6.32734654347826,6.38168421052631,6.57031319910515,6.78156463511721,233
"236",2022,8,6.25,4,6,6.33333333333333,5,5,6.66666666666667,1,3,1,1,3,3159,1316,1843,476,895,2264,6.72110719848053,7.27253799392097,6.32735628865979,6.37878151260504,6.56855865921788,6.78141238515901,234
"237",2022,9,7.38888888888889,9,9.5,6.78571428571429,NA,6.5,7.5,2,7,0,1,8,3168,1318,1850,476,896,2272,6.72300430555555,7.27591805766313,6.32909061621622,6.37878151260504,6.56848214285715,6.78394262323944,235
"238",2022,10,5.2,5,6,4,3,3,5.75,3,2,1,1,4,3173,1321,1852,477,897,2276,6.72060436180271,7.27302043906132,6.32657539956803,6.37169811320755,6.56450390189521,6.78212550087874,236
"239",2022,11,6.64285714285714,7,7.4,4.75,NA,4.5,7,5,2,0,1,6,3180,1326,1854,477,898,2282,6.72043322012578,7.27349924585219,6.32487467098166,6.37169811320755,6.56220489977729,6.78269835232253,237
"240",2022,12,7,6,6.5,7.25,7.5,NA,7,2,4,2,0,6,3186,1328,1858,479,898,2288,6.72095971123666,7.2723343373494,6.32686632938644,6.37640918580376,6.56220489977729,6.7832681993007,238
