"","year","month","avg_rating","no_ratings","avg_rating_owned","avg_rating_not_owned","avg_rating_prev_owned","avg_rating_comment","avg_rating_no_comment","no_ratings_owned","no_ratings_not_owned","no_ratings_prev_owned","no_ratings_comment","no_ratings_no_comment","cum_no_ratings","cum_no_ratings_owned","cum_no_ratings_not_owned","cum_no_ratings_prev_owned","cum_no_ratings_comment","cum_no_ratings_no_comment","cum_avg_rating","cum_avg_rating_owned","cum_avg_rating_not_owned","cum_avg_rating_prev_owned","cum_avg_rating_comment","cum_avg_rating_no_comment","month_after_release"
"1",2008,12,7.61951219512195,41,8.33333333333333,6.87,7.5,7.37647058823529,7.79166666666667,21,20,2,17,24,41,21,20,2,17,24,7.61951219512195,8.33333333333333,6.87,7.5,7.37647058823529,7.79166666666667,0
"2",2009,1,7.02121212121212,99,7.80526315789474,5.95714285714286,6.53333333333333,6.04,7.6864406779661,57,42,3,40,59,140,78,62,5,57,83,7.19642857142857,7.9474358974359,6.25161290322581,6.92,6.43859649122807,7.71686746987952,1
"3",2009,2,6.39848484848485,66,7.31666666666667,5.63333333333333,6,6.42857142857143,6.38444444444444,30,36,5,21,45,206,108,98,10,78,128,6.94077669902913,7.77222222222222,6.02448979591837,6.46,6.43589743589744,7.2484375,2
"4",2009,3,6.040625,32,7.11666666666667,5.395,5.75,5.64166666666667,6.28,12,20,4,12,20,238,120,118,14,90,148,6.81974789915966,7.70666666666667,5.91779661016949,6.25714285714286,6.33,7.11756756756757,3
"5",2009,4,6.61129032258065,31,7.50384615384615,5.96666666666667,6.2,6.1125,7.14333333333333,13,18,4,16,15,269,133,136,18,106,163,6.7957249070632,7.68684210526316,5.92426470588235,6.24444444444444,6.29716981132075,7.11993865030675,4
"6",2009,5,6.57058823529412,34,7.53125,5.71666666666667,6,6.3,6.68333333333333,16,18,1,10,24,303,149,154,19,116,187,6.77046204620462,7.67013422818792,5.9,6.23157894736842,6.29741379310345,7.06390374331551,5
"7",2009,6,7.22692307692308,26,8.03333333333333,6.53571428571429,6.58333333333333,7.6125,7.05555555555556,12,14,6,8,18,329,161,168,25,124,205,6.80653495440729,7.6972049689441,5.95297619047619,6.316,6.38225806451613,7.06317073170732,6
"8",2009,7,6.86842105263158,38,7.35882352941176,6.47142857142857,7.48,6.88888888888889,6.86206896551724,17,21,5,9,29,367,178,189,30,133,234,6.81294277929155,7.66488764044944,6.01058201058201,6.51,6.41654135338346,7.03824786324786,7
"9",2009,8,6.50091764705882,34,7.59374545454545,5.97826086956522,5.91666666666667,6.64285714285714,6.40156,11,23,12,14,20,401,189,212,42,147,254,6.78648678304239,7.66074708994709,6.00707547169811,6.34047619047619,6.43809523809524,6.98811496062992,8
"10",2009,9,6.81481481481481,27,7.21428571428571,6.38461538461539,6.35714285714286,7.10714285714286,6.5,14,13,7,14,13,428,203,225,49,161,267,6.7882738317757,7.6299566502463,6.02888888888889,6.34285714285714,6.49627329192547,6.96434906367041,9
"11",2009,10,6.83333333333333,30,7,6.58333333333333,7,6.08333333333333,7.02083333333333,18,12,2,6,24,458,221,237,51,167,291,6.79122532751092,7.5786479638009,6.05696202531646,6.36862745098039,6.4814371257485,6.96900756013746,10
"12",2009,11,5.99117647058824,34,6.64210526315789,5.16666666666667,4.75,6.95833333333333,5.46363636363636,19,15,4,12,22,492,240,252,55,179,313,6.73593739837398,7.504505,6.00396825396825,6.25090909090909,6.51340782122905,6.86319872204473,11
"13",2009,12,6.44583333333333,48,6.99615384615385,5.79545454545455,6.66666666666667,6.42,6.46428571428571,26,22,9,20,28,540,266,274,64,199,341,6.71015037037037,7.45481654135338,5.98722627737226,6.309375,6.50402010050251,6.83044340175953,12
"14",2010,1,6.36969696969697,33,6.64705882352941,6.075,6.41428571428571,5.79230769230769,6.745,17,16,7,13,20,573,283,290,71,212,361,6.69054310645724,7.40629399293286,5.99206896551724,6.31971830985915,6.46037735849057,6.82570969529086,13
"15",2010,2,5.56730769230769,26,7.2,5.17857142857143,5.875,4.9375,5.84722222222222,5,21,4,8,18,599,288,311,75,220,379,6.64178831385643,7.4027125,5.9371382636656,6.296,6.405,6.77923799472296,14
"16",2010,3,6.8,15,7.42857142857143,6.25,7,6.28571428571429,7.25,7,8,1,7,8,614,295,319,76,227,387,6.64565342019544,7.40332610169492,5.94498432601881,6.30526315789474,6.40132158590308,6.78896950904393,15
"17",2010,4,7.22380952380952,21,7.70909090909091,6.69,8.63333333333333,7.91666666666667,6.94666666666667,11,10,3,6,15,635,306,329,79,233,402,6.66477354330708,7.41431764705882,5.96762917933131,6.39367088607595,6.44034334763949,6.79485373134328,16
"18",2010,5,6.77272727272727,22,7.625,6.28571428571429,6.33333333333333,7.16666666666667,6.625,8,14,6,6,16,657,314,343,85,239,418,6.66838843226788,7.41968535031847,5.98061224489796,6.38941176470588,6.45857740585774,6.78835215311005,17
"19",2010,6,6.54130434782609,23,6.89166666666667,6.15909090909091,3,6.71428571428571,6.465625,12,11,2,7,16,680,326,354,87,246,434,6.66409,7.4002490797546,5.9861581920904,6.31149425287356,6.46585365853659,6.77645437788018,18
"20",2010,7,6.29838709677419,31,7.015625,5.53333333333333,6.8,6.125,6.40789473684211,16,15,5,12,19,711,342,369,92,258,453,6.64814514767932,7.38225497076023,5.96775067750678,6.33804347826087,6.45,6.76099602649007,19
"21",2010,8,5.27,20,6.915,3.625,3,4.81111111111111,5.64545454545455,10,10,3,9,11,731,352,379,95,267,464,6.61043939808481,7.36898068181818,5.90593667546174,6.23263157894737,6.39475655430712,6.73455,20
"22",2010,9,7.09047619047619,21,7.83636363636364,6.27,4,6.88888888888889,7.24166666666667,11,10,1,9,12,752,363,389,96,276,476,6.62384468085106,7.38314380165289,5.91529562982005,6.209375,6.41086956521739,6.74733445378151,21
"23",2010,10,6.44444444444444,27,6.90909090909091,6.125,6.375,6.45454545454545,6.4375,11,16,4,11,16,779,374,405,100,287,492,6.61762670089858,7.36920106951872,5.92358024691358,6.216,6.41254355400697,6.73725853658537,22
"24",2010,11,6.6484375,32,7.78888888888889,6.20217391304348,6.375,6.88888888888889,6.55434782608696,9,23,6,9,23,811,383,428,106,296,515,6.61884241676942,7.37906318537859,5.93855140186916,6.225,6.42702702702703,6.72908970873786,23
"25",2010,12,7.085,40,7.59230769230769,6.14285714285714,6.9,7.58333333333333,6.67727272727273,26,14,5,18,22,851,409,442,111,314,537,6.64075346650999,7.39261907090465,5.94502262443439,6.2554054054054,6.49331210191083,6.72696685288641,24
"26",2011,1,6.91458333333333,48,7.81379310344828,5.54210526315789,5.28571428571429,6.84615384615385,6.99545454545455,29,19,7,26,22,899,438,461,118,340,559,6.65537397107897,7.42050502283105,5.92841648590022,6.1978813559322,6.52029411764706,6.73753345259392,25
"27",2011,2,7.05,48,7.676,6.3695652173913,6.5,7.23076923076923,6.98285714285714,25,23,8,13,35,947,463,484,126,353,594,6.67537613516367,7.43430064794816,5.94938016528926,6.21706349206349,6.54645892351275,6.75198855218855,26
"28",2011,3,6.57674418604651,43,7.272,5.61111111111111,5.64285714285714,5.95,6.76666666666667,25,18,7,10,33,990,488,502,133,363,627,6.67109212121212,7.42598606557377,5.93725099601594,6.18684210526316,6.53002754820937,6.75276108452951,27
"29",2011,4,6.95384615384615,26,7.72,5.90909090909091,5.5,6.5,7.06190476190476,15,11,4,5,21,1016,503,513,137,368,648,6.6783279527559,7.43475387673956,5.93664717348928,6.16678832116788,6.52961956521739,6.76277962962963,28
"30",2011,5,6.67586206896552,29,7.36111111111111,5.55454545454545,5.83333333333333,7.2,6.47619047619048,18,11,3,8,21,1045,521,524,140,376,669,6.6782595215311,7.43220959692898,5.92862595419847,6.15964285714286,6.5438829787234,6.75378355754858,29
"31",2011,6,6.50882352941176,34,6.78421052631579,6.16,5.2,5.95,6.74166666666667,19,15,5,10,24,1079,540,539,145,386,693,6.67292048192771,7.40940962962963,5.93506493506494,6.12655172413793,6.52849740932642,6.75336392496393,30
"32",2011,7,6.95,20,7.41666666666667,6.25,7,6.92857142857143,6.96153846153846,12,8,1,7,13,1099,552,547,146,393,706,6.67796287534122,7.40956739130435,5.93967093235832,6.13253424657534,6.53562340966921,6.75719716713881,31
"33",2011,8,6.84857142857143,35,7.34210526315789,6.2625,7.4,6.5,7.08095238095238,19,16,5,14,21,1134,571,563,151,407,727,6.68322857142857,7.40732259194396,5.94884547069272,6.17450331125828,6.53439803439803,6.76654910591472,32
"34",2011,9,7.04814777777778,27,8.31538384615385,5.87142857142857,6.2,7.37142714285714,6.935,13,14,5,7,20,1161,584,577,156,414,747,6.69171506459948,7.42753628424658,5.94696707105719,6.17532051282051,6.54855070048309,6.77105917001339,33
"35",2011,10,7.26923076923077,26,8.03846153846154,6.5,5.625,7.125,7.29545454545455,13,13,4,4,22,1187,597,590,160,418,769,6.7043649452401,7.44083951423786,5.95915254237288,6.1615625,6.55406696172249,6.78606137841352,34
"36",2011,11,7.27272727272727,22,8.05384615384615,6.14444444444444,5.5,8.15,7.07777777777778,13,9,2,4,18,1209,610,599,162,422,787,6.71470735318445,7.45390359016393,5.96193656093489,6.15339506172839,6.56919428909953,6.7927334180432,35
"37",2011,12,7.19473684210526,38,7.53888888888889,6.885,6.16666666666667,7.11111111111111,7.22068965517241,18,20,3,9,29,1247,628,619,165,431,816,6.72933535685645,7.45633947452229,5.99176090468498,6.15363636363636,6.58051041763341,6.80794264705882,36
"38",2012,1,6.18823529411765,51,6.92857142857143,5.67,5.86666666666667,5.93333333333333,6.26666666666667,21,30,6,12,39,1298,649,649,171,443,855,6.70807487673343,7.43926223420647,5.9768875192604,6.14356725146199,6.56297966139955,6.78325286549707,37
"39",2012,2,6.02575757575758,33,7.25,5.00555555555556,4.5,6.55,5.79782608695652,15,18,4,10,23,1331,664,667,175,453,878,6.691157918858,7.43498673192771,5.95067466266867,6.106,6.56269313465784,6.75743872437358,38
"40",2012,3,6.37575757575758,33,6.9625,5.82352941176471,5.5,7,6.20769230769231,16,17,1,7,26,1364,680,684,176,460,904,6.68352726539589,7.42386939705882,5.94751461988304,6.10255681818182,6.56934780434783,6.74162743362832,39
"41",2012,4,6.64594594594595,37,7.04705882352941,6.305,6.85714285714286,6.44444444444444,6.71071428571429,17,20,7,9,28,1401,697,704,183,469,932,6.68253475374732,7.41467889526542,5.95767045454546,6.13142076502732,6.56695093816631,6.74069871244635,40
"42",2012,5,7.43214285714286,28,8.02631578947368,6.17777777777778,7.5,7.55555555555556,7.37368421052632,19,9,3,9,19,1429,716,713,186,478,951,6.69722266620014,7.43090948324022,5.96044880785414,6.15349462365591,6.58556483263598,6.75334511041009,41
"43",2012,6,6.972,25,7.37058823529412,6.125,4,7.85,6.55882352941176,17,8,2,8,17,1454,733,721,188,486,968,6.70194717331499,7.42951049113233,5.9622746185853,6.13058510638298,6.60637858024691,6.74992892561983,42
"44",2012,7,7.13473684210526,19,8.025,6.14555555555556,6.5,6.75,7.41454545454545,10,9,4,8,11,1473,743,730,192,494,979,6.70752966055668,7.43752515477793,5.96453424657534,6.13828125,6.60870443319838,6.75739652706844,43
"45",2012,8,7.20344827586207,29,7.43333333333333,6.95714285714286,7.475,7.5,7.04736842105263,15,14,4,10,19,1502,758,744,196,504,998,6.71710465379494,7.43744220316623,5.9832123655914,6.1655612244898,6.62638886904762,6.76291703406814,44
"46",2012,9,6.5962962962963,27,7.07692307692308,6.15,7.2,6.16666666666667,6.71904761904762,13,14,1,6,21,1529,771,758,197,510,1019,6.7149713472858,7.43136341115434,5.98629287598945,6.17081218274112,6.62098037254902,6.76201295387635,45
"47",2012,10,6.38461538461539,39,7.41176470588235,5.59090909090909,5.7,5.73076923076923,6.71153846153846,17,22,10,13,26,1568,788,780,207,523,1045,6.70675458545918,7.4309405964467,5.97514102564103,6.14806763285024,6.59885275334608,6.7607571291866,46
"48",2012,11,7.28214285714286,28,7.86875,6.5,6.8,7.24,7.30555555555556,16,12,5,10,18,1596,804,792,212,533,1063,6.71684911654135,7.43965322139303,5.98309343434344,6.16344339622642,6.61088178236398,6.76998231420508,47
"49",2012,12,6.72444444444444,45,7.55,5.93478260869565,5.33333333333333,6.50909090909091,6.79411764705882,22,23,9,11,34,1641,826,815,221,544,1097,6.71705739792809,7.44259223970944,5.98173006134969,6.12963800904977,6.60882351102941,6.77073035551504,48
"50",2013,1,6.52634615384615,52,7.05342857142857,5.44117647058824,6.125,7.625,6.19675,35,17,4,12,40,1693,861,832,225,556,1137,6.71119975782634,7.42677257839721,5.97068509615385,6.12955555555556,6.63075537769784,6.75053755496922,49
"51",2013,2,6.85483870967742,31,7.90625,5.73333333333333,6.66666666666667,6.41666666666667,7.13157894736842,16,15,3,12,19,1724,877,847,228,568,1156,6.71378259280742,7.43552017103763,5.96648170011807,6.13662280701754,6.62623237676056,6.75680034602076,50
"52",2013,3,6.27195121951219,41,6.53947368421053,6.04090909090909,6.08333333333333,5.75,6.41875,19,22,6,9,32,1765,896,869,234,577,1188,6.70351908781869,7.41651918526786,5.96836593785961,6.13525641025641,6.61256497400347,6.74769461279461,51
"53",2013,4,6.75135135135135,37,6.90625,6.63333333333333,6,6,6.89677419354839,16,21,5,6,31,1802,912,890,239,583,1219,6.70450121531631,7.40756709429825,5.98405617977528,6.13242677824268,6.606260703259,6.75148580803937,52
"54",2013,5,7.63,30,8.03157894736842,6.93636363636364,6.23333333333333,7.6625,7.61818181818182,19,11,3,8,22,1832,931,901,242,591,1241,6.71965676310043,7.42030203007519,5.99568257491676,6.13367768595041,6.62055835871404,6.76685028203062,53
"55",2013,6,7.775,22,8.17083333333333,7.3,7.2,8,7.67,12,10,5,7,15,1854,943,911,247,598,1256,6.7321797141316,7.42985279957582,6.01,6.15526315789474,6.63670566889632,6.77763630573248,54
"56",2013,7,6.60571428571429,35,7.38235294117647,5.87222222222222,6.74285714285714,6.14285714285714,6.72142857142857,17,18,7,7,28,1889,960,929,254,605,1284,6.72983652196929,7.42901165625,6.00733046286329,6.17145669291339,6.63099171900826,6.77641059190031,55
"57",2013,8,6.825,24,7.30714285714286,6.15,6,6.83333333333333,6.82,14,10,3,9,15,1913,974,939,257,614,1299,6.73103041819132,7.4272599486653,6.00884984025559,6.16945525291829,6.63395763843648,6.77691393379523,56
"58",2013,9,6.35909090909091,22,7.27272727272727,5.44545454545455,4.66666666666667,5.25,6.60555555555556,11,11,3,4,18,1935,985,950,260,618,1317,6.72680164857881,7.42553420304569,6.00232631578947,6.15211538461539,6.62499998381877,6.77457190584662,57
"59",2013,10,7.38666666666667,30,7.85,6.46,7.08333333333333,7.72857142857143,7.28260869565217,20,10,6,7,23,1965,1005,960,266,625,1340,6.73687592366412,7.43398128358209,6.00709375,6.17312030075188,6.637359984,6.78329194029851,58
"60",2013,11,6.86333333333333,30,7.13181818181818,6.125,5.825,6.96666666666667,6.81904761904762,22,8,4,9,21,1995,1027,968,270,634,1361,6.73877753884712,7.42750846153846,6.00806818181818,6.16796296296296,6.64203468454259,6.78384364437913,59
"61",2013,12,6.80666666666667,30,7.07058823529412,6.46153846153846,6.0625,6.5625,6.89545454545455,17,13,8,8,22,2025,1044,981,278,642,1383,6.7397833037037,7.42169654214559,6.01407747196738,6.16492805755396,6.64104359813084,6.78561908893709,60
"62",2014,1,6.58139534883721,43,7.14814814814815,5.625,5,6.45,6.62121212121212,27,16,5,10,33,2068,1071,997,283,652,1416,6.73648993713733,7.41480036414566,6.00783350050151,6.14434628975265,6.63811348159509,6.78178757062147,61
"63",2014,2,7,39,7.54615384615385,5.90769230769231,6.63333333333333,7.3,6.89655172413793,26,13,6,10,29,2107,1097,1010,289,662,1445,6.74136743711438,7.41791357338195,6.00654455445545,6.15449826989619,6.6481117673716,6.78409079584775,62
"64",2014,3,6.38,25,6.63333333333333,6,6.42857142857143,5,6.81578947368421,15,10,7,6,19,2132,1112,1020,296,668,1464,6.73713001407129,7.40733020683453,6.00648039215686,6.16097972972973,6.63330836826347,6.78450218579235,63
"65",2014,4,7.25,16,7.58333333333333,7.05,6.75,6.4,7.63636363636364,6,10,4,5,11,2148,1118,1030,300,673,1475,6.74095027467411,7.40827476744186,6.01661165048544,6.16883333333333,6.63157502228826,6.79085505084746,64
"66",2014,5,7.404,25,7.97333333333333,6.55,7,7.6875,7.27058823529412,15,10,3,8,17,2173,1133,1040,303,681,1492,6.74857855039116,7.41575568402471,6.02174038461539,6.17706270627063,6.64397942731278,6.79632117962466,65
"67",2014,6,6.90434782608696,23,7.84615384615385,5.68,5,6.38888888888889,7.23571428571429,13,10,2,9,14,2196,1146,1050,305,690,1506,6.7502100136612,7.42063803664921,6.01848571428572,6.16934426229508,6.64065215942029,6.80040584329349,66
"68",2014,7,6.33333333333333,24,7.06666666666667,5.11111111111111,4.5,5.25,6.43181818181818,15,9,2,2,22,2220,1161,1059,307,692,1528,6.74570323873874,7.41606476313523,6.01077431539188,6.15846905537459,6.63663293352601,6.79509895287958,67
"69",2014,8,6.65384615384615,26,7.58823529411765,4.88888888888889,7,7.16666666666667,6.5,17,9,2,6,20,2246,1178,1068,309,698,1548,6.744639888691,7.41854939728353,6.0013202247191,6.16391585760518,6.6411890974212,6.79128630490956,68
"70",2014,9,6.32954545454545,22,7.3,5.52083333333333,6.21428571428571,5.25,6.5,10,12,7,3,19,2268,1188,1080,316,701,1567,6.7406133994709,7.41755150673401,5.99598148148148,6.16503164556962,6.63523536376605,6.78775443522655,69
"71",2014,10,6.95,24,7.25,6.53,5.775,7.22,6.87894736842105,14,10,4,5,19,2292,1202,1090,320,706,1586,6.74280592931937,7.41559999168053,6.00088073394496,6.16015625,6.63937675637394,6.78884691046658,70
"72",2014,11,7.06666666666667,27,7.575,6.32727272727273,6.02,7.21428571428571,7.015,16,11,5,7,20,2319,1218,1101,325,713,1606,6.74657662354463,7.41769391625616,6.0041416893733,6.158,6.64502102384292,6.79166326276463,71
"73",2014,12,6.145,30,6.771875,5.42857142857143,5.14285714285714,5.73,6.228,16,14,7,5,25,2349,1234,1115,332,718,1631,6.73889365261813,7.40932025121556,5.99691479820628,6.13659638554217,6.63864901114206,6.78302342121398,72
"74",2015,1,6.796875,32,6.97368421052632,6.53846153846154,6.64285714285714,7,6.75925925925926,19,13,7,5,27,2381,1253,1128,339,723,1658,6.73967290634187,7.40271443735036,6.0031560283688,6.14705014749262,6.64114798063624,6.78263642943305,73
"75",2015,2,7.04761904761905,21,7.6,6.54545454545455,6.3,7.125,7.02941176470588,10,11,5,4,17,2402,1263,1139,344,727,1675,6.74236519150707,7.40427647664291,6.00839332748025,6.14927325581395,6.6438101650619,6.78514101492537,74
"76",2015,3,7.39473684210526,19,7.54545454545455,7.1875,8.125,8,7.23333333333333,11,8,4,4,15,2421,1274,1147,348,731,1690,6.74748500206526,7.40549543956044,6.01661726242372,6.17198275862069,6.65123117647059,6.78911905325444,75
"77",2015,4,7.00904761904762,21,7.97181818181818,5.95,6.1,6.92857142857143,7.04928571428571,11,10,5,7,14,2442,1285,1157,353,738,1704,6.74973431203931,7.4103433385214,6.01604148660329,6.17096317280453,6.65386177506775,6.79125657276995,76
"78",2015,5,6.64285714285714,14,7,6.16666666666667,6.75,8,6.1,8,6,4,4,10,2456,1293,1163,357,742,1714,6.74912507736156,7.40780447795824,6.01681857265692,6.17745098039216,6.66111858490566,6.7872235705951,77
"79",2015,6,6.45714285714286,14,6.72222222222222,5.98,7.1,7.05,6.22,9,5,2,4,10,2470,1302,1168,359,746,1724,6.7474701174089,7.40306543010753,6.01666095890411,6.18259052924791,6.66320373994638,6.78393341067285,78
"80",2015,7,6.8125,24,7.82142857142857,5.4,7,6.66666666666667,6.9,14,10,1,9,15,2494,1316,1178,360,755,1739,6.74809590617482,7.40751610182371,6.01142614601019,6.18486111111111,6.66324501986755,6.78493456009201,79
"81",2015,8,6.39473684210526,19,6.86363636363636,5.75,4.5,7.625,6.06666666666667,11,8,3,4,15,2513,1327,1186,363,759,1754,6.74542426979705,7.40300767897513,6.00966273187184,6.17093663911846,6.66831355731225,6.77879201824401,80
"82",2015,9,6.73611111111111,18,7.22727272727273,5.96428571428571,6.1875,6.5,6.78333333333333,11,7,4,3,15,2531,1338,1193,367,762,1769,6.74535803634927,7.40156292227205,6.00939647946354,6.17111716621253,6.66765090551181,6.77883052572075,81
"83",2015,10,6.84166666666667,24,7.21428571428571,6.32,6.66666666666667,7.8,6.58947368421053,14,10,3,5,19,2555,1352,1203,370,767,1788,6.74626269667319,7.3996236612426,6.01197838736492,6.17513513513513,6.67503258148631,6.77681834451902,82
"84",2015,11,6.58333333333333,30,7.5,5.97222222222222,6,7.28571428571429,6.3695652173913,12,18,9,7,23,2585,1364,1221,379,774,1811,6.7443718336557,7.40050673753666,6.0113923013923,6.17097625329815,6.68055554263566,6.77164616234125,83
"85",2015,12,6.58272727272727,22,7.15923076923077,5.75,5.59166666666667,6.1275,6.84285714285714,13,9,6,8,14,2607,1377,1230,385,782,1825,6.74300774453395,7.39822889615105,6.00947967479675,6.16194805194805,6.674897685422,6.77219243835617,84
"86",2016,1,6.75806451612903,31,6.925,6.45454545454545,7.5,5.91666666666667,6.96,20,11,2,6,25,2638,1397,1241,387,788,1850,6.74318468157695,7.39145396564066,6.01342465753425,6.16886304909561,6.66912435279188,6.77473037837838,85
"87",2016,2,6.90476190476191,21,7.69230769230769,5.625,7.5,6.41666666666667,7.1,13,8,2,6,15,2659,1410,1249,389,794,1865,6.74446077096653,7.39422779432624,6.01093674939952,6.17570694087403,6.66721661209068,6.77734648793566,86
"88",2016,3,6.885,20,7.14285714285714,6.28333333333333,7.2,8,6.76111111111111,14,6,1,2,18,2679,1424,1255,390,796,1883,6.74550996267264,7.39175645365169,6.0122390438247,6.17833333333333,6.67056531407035,6.77719129049389,87
"89",2016,4,6.62413793103448,29,7.7,5.75,6.42857142857143,6,6.724,13,16,7,4,25,2708,1437,1271,397,800,1908,6.74421018833087,7.39454501739736,6.00893784421715,6.18274559193955,6.6672124875,6.77649433962264,88
"90",2016,5,6.1,15,6.45,5.4,5,5.66666666666667,6.20833333333333,10,5,2,3,12,2723,1447,1276,399,803,1920,6.74066147264047,7.38801740843124,6.00655172413793,6.17681704260651,6.66347445828145,6.77294333333333,89
"91",2016,6,6.67647058823529,17,7.4375,6,6,6.75,6.63636363636364,8,9,1,6,11,2740,1455,1285,400,809,1931,6.7402632080292,7.38828947766323,6.00650583657588,6.176375,6.66411618046972,6.77216530295184,90
"92",2016,7,6.16304347826087,23,6.82692307692308,5.3,6.33333333333333,6.19444444444444,6.14285714285714,13,10,3,9,14,2763,1468,1295,403,818,1945,6.73545826637712,7.3833182493188,6.00105019305019,6.17754342431762,6.65894864303179,6.76763557840617,91
"93",2016,8,6.98846153846154,26,7.66875,5.9,6,6.61666666666667,7.1,16,10,2,6,20,2789,1484,1305,405,824,1965,6.73781684833273,7.38639568059299,6.00027586206897,6.17666666666666,6.65864076456311,6.77101842239186,92
"94",2016,9,6.42307692307692,13,7.33333333333333,5.64285714285714,3.5,7.4,5.8125,6,7,2,5,8,2802,1490,1312,407,829,1973,6.73635659885796,7.38618200671141,5.99836890243903,6.16351351351351,6.66311217129071,6.7671318803852,93
"95",2016,10,6.68823529411765,17,7.3,5.81428571428571,5.875,6.83333333333333,6.65714285714286,10,7,4,3,14,2819,1500,1319,411,832,1987,6.73606640297978,7.38560746,5.9973919636088,6.16070559610705,6.66372594951923,6.76635691997987,94
"96",2016,11,6.81923076923077,26,6.85333333333333,6.77272727272727,7,6.875,6.80909090909091,15,11,3,4,22,2845,1515,1330,414,836,2009,6.73682642882249,7.38033741914192,6.0038045112782,6.16678743961352,6.66473683014354,6.76682488800398,95
"97",2016,12,6.31666666666667,24,8.1,4.80769230769231,3.5,6.07142857142857,6.41764705882353,11,13,2,7,17,2869,1526,1343,416,843,2026,6.73331167305681,7.38552502621232,5.99222635889799,6.15396634615384,6.65981018979834,6.76389496544916,96
"98",2017,1,6.25333333333333,30,7.42,5.67,5.375,5.81666666666667,6.3625,10,20,8,6,24,2899,1536,1363,424,849,2050,6.72834466712659,7.38574947265625,5.98749816581071,6.13926886792453,6.65385157832744,6.75919570731707,97
"99",2017,2,6.45238095238095,21,6.63636363636364,6.25,5.66666666666667,6,6.59375,11,10,3,5,16,2920,1547,1373,427,854,2066,6.72635999657534,7.380420937298,5.98941005098325,6.13594847775175,6.65002340749415,6.75791442400775,98
"100",2017,3,6.68055555555556,18,6.5,7.58333333333333,6.5,6.5,6.75,15,3,2,5,13,2938,1562,1376,429,859,2079,6.72607937031994,7.37196619078105,5.99288517441861,6.13764568764569,6.64915016298021,6.75786493506494,99
"101",2017,4,6.8125,16,8,4.83333333333333,4.66666666666667,5.16666666666667,7.19230769230769,10,6,3,3,13,2954,1572,1382,432,862,2092,6.72654745768449,7.3759613167939,5.9878509406657,6.12743055555555,6.64399070765661,6.76056462715105,100
"102",2017,5,6.48846153846154,13,6.875,5.87,4.95,5.225,6.71818181818182,8,5,2,2,11,2967,1580,1387,434,864,2103,6.72550427704752,7.37342480379747,5.98742609949532,6.12200460829493,6.64070600694444,6.76034293865906,101
"103",2017,6,6.1,5,6.25,6,4,4,6.625,2,3,1,1,4,2972,1582,1390,435,865,2107,6.72445194818304,7.3720045448799,5.98745323741007,6.11712643678161,6.63765316763006,6.76008599905078,102
"104",2017,7,6.38333333333333,18,6.9,5.7375,5.5,5,6.46470588235294,10,8,4,1,17,2990,1592,1398,439,866,2124,6.72239839130435,7.36903969221106,5.98602288984263,6.11150341685649,6.63576211316397,6.75772184557439,103
"105",2017,8,6.78947368421053,19,7.09090909090909,6.375,6.66666666666667,7,6.76470588235294,11,8,3,2,17,3009,1603,1406,442,868,2141,6.72282193087404,7.36713112289457,5.98823613086771,6.11527149321267,6.63660137096774,6.75777730032695,104
"106",2017,9,6.94137931034483,29,7.615,5.44444444444444,5.16666666666667,6.64285714285714,7.03636363636364,20,9,6,7,22,3038,1623,1415,448,875,2163,6.72490822580645,7.37018557609365,5.98477738515901,6.10256696428571,6.63665141714286,6.76061081830791,105
"107",2017,10,6.25,12,7,5.71428571428571,5.75,5.83333333333333,6.38888888888889,5,7,2,3,9,3050,1628,1422,450,878,2172,6.72303973442623,7.36904864250614,5.98344585091421,6.101,6.63390659453303,6.75907053406998,106
"108",2017,11,6.80588235294118,17,7.35,5.5,5.75,4.33333333333333,7.33571428571429,12,5,2,3,14,3067,1640,1427,452,881,2186,6.72349892076948,7.36890926219512,5.98175192711983,6.09944690265487,6.62607263337117,6.76276358645929,107
"109",2017,12,6.86666666666667,15,7.11111111111111,6.5,6.66666666666667,6,7.08333333333333,9,6,3,3,12,3082,1649,1433,455,884,2198,6.72419571382219,7.36750223771983,5.98392184228891,6.10318681318681,6.62394795248869,6.76451373976342,108
"110",2018,1,6.42857142857143,21,6.95833333333333,5.72222222222222,5.16666666666667,6.75,6.35294117647059,12,9,3,4,17,3103,1661,1442,458,888,2215,6.72219503383822,7.36454617098134,5.98228848821082,6.09705240174672,6.6245157545045,6.76135494356659,109
"111",2018,2,7.05555555555556,18,7.40714285714286,5.825,NA,5.425,7.52142857142857,14,4,0,4,14,3121,1675,1446,458,892,2229,6.72411765139378,7.36490220298508,5.98185338865837,6.09705240174672,6.61913676008969,6.7661288470166,110
"112",2018,3,6.73529411764706,17,7.44444444444444,5.9375,6,7.83333333333333,6.5,9,8,2,3,14,3138,1684,1454,460,895,2243,6.72417819949012,7.36532730997625,5.98160935350757,6.09663043478261,6.62320669273743,6.76446776638431,111
"113",2018,4,6.71764705882353,17,6.875,6.57777777777778,7.5,6.88571428571429,6.6,8,9,1,7,10,3155,1692,1463,461,902,2253,6.72414300792393,7.36300897754137,5.98527682843473,6.09967462039045,6.62524389135255,6.76373777185974,112
"114",2018,5,5.93529411764706,17,7.43333333333333,4.25,2.75,5.33333333333333,6.06428571428571,9,8,4,3,14,3172,1701,1471,465,905,2267,6.71991525535939,7.36338106407996,5.97583956492182,6.07086021505376,6.62096131491713,6.75941826202029,113
"115",2018,6,6.77428571428571,14,7.11857142857143,6.43,6,6.2525,6.983,7,7,2,4,10,3186,1708,1478,467,909,2277,6.72015417137476,7.36237774590164,5.97799052774019,6.07055674518201,6.6193399229923,6.76040017566974,114
"116",2018,7,6.73076923076923,13,8.125,6.11111111111111,6.25,6.875,6.66666666666667,4,9,4,4,9,3199,1712,1487,471,913,2286,6.72019730853392,7.36415957359813,5.97879623402825,6.07208067940552,6.6204600109529,6.76003114610674,115
"117",2018,8,5.88125,16,6.32857142857143,5.53333333333333,3,5.5,5.93571428571429,7,9,1,2,14,3215,1719,1496,472,915,2300,6.71602214307931,7.35994251890634,5.97611631016043,6.0655720338983,6.61801091803279,6.75501356521739,116
"118",2018,9,7.22222222222222,18,7.54545454545455,6.71428571428571,6.66666666666667,6.83333333333333,7.3,11,7,3,3,15,3233,1730,1503,475,918,2315,6.71884045468605,7.36112207514451,5.97955422488357,6.06936842105263,6.61871458605664,6.75854479481641,117
"119",2018,10,6.58333333333333,12,7,6.16666666666667,6.5,9,6.36363636363636,6,6,2,1,11,3245,1736,1509,477,919,2326,6.71833934976887,7.35987395737327,5.98029821073559,6.07117400419287,6.6213057562568,6.75667721410146,118
"120",2018,11,6.47222222222222,18,7.04166666666667,5.33333333333333,5,6.2,6.57692307692308,12,6,2,5,13,3263,1748,1515,479,924,2339,6.71698167024211,7.35768946796339,5.97773597359736,6.06670146137787,6.61902596320346,6.75567815305686,119
"121",2018,12,6.078,15,6.375,5.484,8,4,6.5975,10,5,2,3,12,3278,1758,1520,481,927,2351,6.71405771507016,7.35209965301479,5.97611184210527,6.07474012474012,6.61055015102481,6.75487077839217,120
"122",2019,1,7.21176470588235,17,7.11428571428571,7.66666666666667,6.5,7,7.24,14,3,2,2,15,3295,1772,1523,483,929,2366,6.7166255508346,7.35022076185102,5.9794418910046,6.07650103519669,6.61138857911733,6.75794640743872,121
"123",2019,2,6.86666666666667,12,8.05,4.5,3.66666666666667,4.475,8.0625,8,4,3,4,8,3307,1780,1527,486,933,2374,6.71717,7.35336583707865,5.97556647020301,6.06162551440329,6.60222935691318,6.76234254422915,122
"124",2019,3,7.42857142857143,14,7.66666666666667,6,6,7.8,7.22222222222222,12,2,2,5,9,3321,1792,1529,488,938,2383,6.72016898223426,7.35546383370536,5.97559843034663,6.06137295081967,6.60861406183369,6.76407939571968,123
"125",2019,4,6.8,16,7.375,6.225,6.5,7.8,6.34545454545455,8,8,2,5,11,3337,1800,1537,490,943,2394,6.72055175007491,7.35555066111111,5.97689655172414,6.06316326530612,6.61493106044539,6.76215588972431,124
"126",2019,5,7.44444444444444,9,8.5,6.6,7,7.33333333333333,7.5,4,5,3,3,6,3346,1804,1542,493,946,2400,6.72249886132696,7.35808824279379,5.97891699092088,6.06886409736308,6.61720929175476,6.7640005,125
"127",2019,6,6.65384615384615,13,6.5,6.83333333333333,4,10,6.375,7,6,1,1,12,3359,1811,1548,494,947,2412,6.72223316165525,7.35477150193264,5.98222868217054,6.06467611336032,6.62078140443506,6.76206517412935,126
"128",2019,7,5.44444444444444,9,6,5,6,6,5.28571428571429,4,5,2,2,7,3368,1815,1553,496,949,2419,6.71881864311164,7.35178577961433,5.97906632324533,6.06441532258064,6.61947311907271,6.7577929723026,127
"129",2019,8,6.08461538461538,13,6.2,6.03333333333333,5.875,6,6.09166666666667,4,9,4,1,12,3381,1819,1562,500,950,2431,6.71638012126589,7.34925299065421,5.97937900128041,6.0629,6.61882104210526,6.75450481283422,128
"130",2019,9,6.91666666666667,18,7.20833333333333,6.33333333333333,6.33333333333333,6,6.97058823529412,12,6,3,1,17,3399,1831,1568,503,951,2448,6.71744077375698,7.34832943200437,5.98073341836735,6.06451292246521,6.61817033648791,6.75600539215686,129
"131",2019,10,6.03666666666667,15,6.57142857142857,5.56875,5.6,6.92,5.595,7,8,2,5,10,3414,1838,1576,505,956,2458,6.71444967486819,7.3453706147987,5.9786421319797,6.06267326732673,6.61974894351464,6.75128201790073,130
"132",2019,11,7.34615384615385,13,7.3125,7.4,6,8.33333333333333,7.05,8,5,2,3,10,3427,1846,1581,507,959,2468,6.71684598482638,7.34522816359697,5.98313725490196,6.06242603550296,6.62510947862357,6.75249238249595,131
"133",2019,12,8.07692307692308,13,8.5,7.4,7.33333333333333,NA,8.07692307692308,8,5,3,0,13,3440,1854,1586,510,959,2481,6.72198581104651,7.3502109978425,5.98760403530895,6.06990196078431,6.62510947862357,6.75943216444982,132
"134",2020,1,7.36913043478261,23,7.69083333333333,7.01818181818182,6.7,6.875,7.47315789473684,12,11,5,4,19,3463,1866,1597,515,963,2500,6.72628391279237,7.35240149517685,5.99470256731371,6.07601941747573,6.62614744548287,6.76485648,133
"135",2020,2,6.69444444444444,18,7.88888888888889,5.5,5.75,5.875,6.92857142857143,9,9,2,4,14,3481,1875,1606,517,967,2514,6.72611927319735,7.35497663466667,5.9919302615193,6.0747582205029,6.62304032057911,6.76576817820207,134
"136",2020,3,6.41666666666667,12,6.78571428571429,5.9,7.5,7.75,6.15,7,5,2,2,10,3493,1882,1611,519,969,2524,6.72505616661895,7.352859293305,5.99164494103042,6.08025048169557,6.62536634674923,6.76332852614897,135
"137",2020,4,7.53428571428571,7,7.56,7.5,7.75,8.5,7.148,4,3,2,2,5,3500,1886,1614,521,971,2529,6.72667462571428,7.35329861611877,5.99444857496902,6.08666026871401,6.62922759011328,6.76408904705417,136
"138",2020,5,6,8,6.16666666666667,5.5,NA,10,5.42857142857143,6,2,0,1,7,3508,1892,1616,521,972,2536,6.72501744298745,7.34953551268499,5.99383663366337,6.08666026871401,6.63269546296296,6.76040268138801,137
"139",2020,6,6.5625,8,7.75,5.375,4.5,7,6.5,4,4,2,1,7,3516,1896,1620,523,973,2543,6.72464766496018,7.35038037447258,5.99230864197531,6.08059273422562,6.63307295991778,6.75968588281557,138
"140",2020,7,7.30714285714286,14,7.54285714285714,7.07142857142857,8.5,7.7,7.15,7,7,2,4,10,3530,1903,1627,525,977,2553,6.72695784419263,7.35108838150289,5.99695144437615,6.08980952380952,6.63744113613101,6.76121472777125,139
"141",2020,8,7.05,12,7.22857142857143,6.8,6.33333333333333,9,6.87272727272727,7,5,3,1,11,3542,1910,1632,528,978,2564,6.72805228402032,7.35063936649215,5.99941176470588,6.09119318181818,6.6398568404908,6.76169313572543,140
"142",2020,9,7.95714285714286,7,8.11666666666667,7,NA,9,7.54,6,1,0,2,5,3549,1916,1633,528,980,2569,6.73047652578191,7.3530381993737,6.00002449479486,6.09119318181818,6.64467345918367,6.76320794083301,141
"143",2020,10,7.16666666666667,6,6.75,8,NA,NA,7.16666666666667,4,2,0,0,6,3555,1920,1635,528,980,2575,6.7312127116737,7.35178186979167,6.00247094801223,6.09119318181818,6.64467345918367,6.76414803883495,142
"144",2020,11,7.27777777777778,18,7.86363636363636,6.35714285714286,6.5,7.75,7.21875,11,7,4,2,16,3573,1931,1642,532,982,2591,6.73396618807724,7.35469766442258,6.00398294762485,6.09426691729323,6.64692463340122,6.76695530683134,143
"145",2020,12,7.40625,16,7.95,6.5,6.25,8.5,7.15384615384615,10,6,4,3,13,3589,1941,1648,536,985,2604,6.73696327389245,7.35776465224111,6.00578883495146,6.09542910447761,6.6525685177665,6.76888678955453,144
"146",2021,1,7.41176470588235,17,8.18181818181818,6,5.5,5.25,7.7,11,6,2,2,15,3606,1952,1654,538,987,2619,6.74014453410981,7.3624083965164,6.00576783555018,6.0932156133829,6.64972643363728,6.77421962581138,145
"147",2021,2,6.015625,16,6.25,5.5,NA,8,5.88333333333333,11,5,0,1,15,3622,1963,1659,538,988,2634,6.73694400607399,7.35617482934284,6.00424352019289,6.0932156133829,6.65109310728745,6.76914624145786,146
"148",2021,3,6.15,10,6.7,5.6,6,5.25,6.75,5,5,3,4,6,3632,1968,1664,541,992,2640,6.73532797081498,7.35450771849594,6.00302884615385,6.09269870609981,6.64544353830645,6.76910272727273,147
"149",2021,4,6.13636363636364,11,6.7,5.66666666666667,3,6.75,6,5,6,2,2,9,3643,1973,1670,543,994,2649,6.73351940433708,7.35284905727319,6.00182035928144,6.08130755064457,6.64565391348088,6.76648969422424,148
"150",2021,5,7.15294117647059,17,7.58333333333333,6.12,6.6,7,7.17333333333333,12,5,1,2,15,3660,1985,1675,544,996,2664,6.73546753825136,7.35424241309824,6.00217313432836,6.08226102941176,6.64636545180723,6.76878048048048,149
"151",2021,6,7.5,2,9,6,6,NA,7.5,1,1,1,0,2,3662,1986,1676,545,996,2666,6.73588508738394,7.35507109264854,6.00217183770883,6.08211009174312,6.64636545180723,6.76932903225806,150
"152",2021,7,6.84,10,7.3,6.38,7.2,5.2,7.25,5,5,2,2,8,3672,1991,1681,547,998,2674,6.73616862472767,7.35493279256655,6.00329565734682,6.08619744058501,6.6434669238477,6.77076709050112,151
"153",2021,8,6.25,10,7.6,4.9,1,5.75,6.375,5,5,1,2,8,3682,1996,1686,548,1000,2682,6.73484823193916,7.35554668837676,6.00002372479241,6.07691605839416,6.64167999,6.76958657718121,152
"154",2021,9,7.77777777777778,9,8.16666666666667,7,7,9.5,7.28571428571429,6,3,1,2,7,3691,2002,1689,549,1002,2689,6.73739127336765,7.35797761738262,6.00179988158674,6.07859744990892,6.64738521956088,6.77093015991075,153
"155",2021,10,7.11111111111111,9,8.33333333333333,6.5,6,5.66666666666667,7.83333333333333,3,6,4,3,6,3700,2005,1695,553,1005,2695,6.73830032162162,7.35943700249377,6.00356342182891,6.07802893309222,6.64445770149254,6.77329543599258,154
"156",2021,11,6.1,5,7,5.5,6,NA,6.1,2,3,1,0,5,3705,2007,1698,554,1005,2700,6.73743891767881,7.35907881913304,6.00267373380448,6.0778880866426,6.64445770149254,6.77204859259259,155
"157",2021,12,6.9,16,7.03636363636364,6.6,NA,6.83333333333333,6.91538461538462,11,5,0,3,13,3721,2018,1703,554,1008,2713,6.73813791722655,7.35731971754212,6.00442748091603,6.0778880866426,6.64501983134921,6.77273542204202,156
"158",2022,1,6.578125,16,7.04545454545455,5.55,5,7,6.48076923076923,11,5,1,3,13,3737,2029,1708,555,1011,2726,6.7374528204442,7.35562897486447,6.00309718969555,6.07594594594594,6.64607318496538,6.77134306676449,157
"159",2022,2,6.17058823529412,17,6.5125,5.86666666666667,6,6.53333333333333,6.09285714285714,8,9,4,3,14,3754,2037,1717,559,1014,2740,6.73488577250932,7.35231771723122,6.00238206173559,6.07540250447227,6.64573963510848,6.76787635036496,158
"160",2022,3,6.87,10,7.47142857142857,5.46666666666667,5,5.4,7.03333333333333,7,3,1,1,9,3764,2044,1720,560,1015,2749,6.73524473698193,7.35272563111546,6.0014476744186,6.07348214285714,6.64451230541872,6.76874543470353,159
"161",2022,4,7.26923076923077,13,7.5625,6.8,6.25,8.25,7.09090909090909,8,5,2,2,11,3777,2052,1725,562,1017,2760,6.73708265554673,7.35354346491228,6.00376231884058,6.0741103202847,6.64766960668633,6.77002942028985,160
"162",2022,5,6.71428571428571,7,8,5,4.5,NA,6.71428571428571,4,3,2,0,7,3784,2056,1728,564,1017,2767,6.73704048361522,7.35480116245136,6.00201967592593,6.06852836879432,6.64766960668633,6.76988839898807,161
"163",2022,6,7.00076923076923,13,7.73,4.57,NA,7,7.00090909090909,10,3,0,2,11,3797,2066,1731,564,1019,2778,6.73794342638925,7.35661722652469,5.99953783939919,6.06852836879432,6.64836112855741,6.77080316774658,162
"164",2022,7,6.725,8,6.33333333333333,6.96,6.65,7.5,6.61428571428571,3,5,2,1,7,3805,2069,1736,566,1020,2785,6.73791621287779,7.35513348960851,6.00230414746544,6.07058303886926,6.64919606862745,6.77040976660682,163
"165",2022,8,6.64285714285714,7,8,5.625,7,3,7.25,3,4,1,1,6,3812,2072,1740,567,1021,2791,6.73774165529905,7.35606717664093,6.00143678160919,6.07222222222222,6.6456219294809,6.77144077391616,164
"166",2022,9,7.5625,8,7.1,8.33333333333333,NA,8.5,7.25,5,3,0,2,6,3820,2077,1743,567,1023,2797,6.73946889790576,7.35545074145402,6.00545037292025,6.07222222222222,6.64924730205279,6.77246735788344,165
"167",2022,10,7.25,14,8,6.5,NA,10,7.03846153846154,7,7,0,1,13,3834,2084,1750,567,1024,2810,6.74133312206573,7.35761573416507,6.00742857142857,6.07222222222222,6.65251952148437,6.77369793594306,166
"168",2022,11,6.76428571428571,7,7.07,6,5,NA,6.76428571428571,5,2,1,0,7,3841,2089,1752,568,1024,2817,6.74137495183546,7.35692732886549,6.0074200913242,6.07033450704225,6.65251952148437,6.77367454739084,167
"169",2022,12,6.6,15,7.125,6,9,8,6.5,8,7,1,1,14,3856,2097,1759,569,1025,2831,6.74082499740664,7.35604253218884,6.00739056281978,6.07548330404218,6.65383413658537,6.7723211586012,168
