"","year","month","avg_rating","no_ratings","avg_rating_owned","avg_rating_not_owned","avg_rating_prev_owned","avg_rating_comment","avg_rating_no_comment","no_ratings_owned","no_ratings_not_owned","no_ratings_prev_owned","no_ratings_comment","no_ratings_no_comment","cum_no_ratings","cum_no_ratings_owned","cum_no_ratings_not_owned","cum_no_ratings_prev_owned","cum_no_ratings_comment","cum_no_ratings_no_comment","cum_avg_rating","cum_avg_rating_owned","cum_avg_rating_not_owned","cum_avg_rating_prev_owned","cum_avg_rating_comment","cum_avg_rating_no_comment","month_after_release"
"1",2009,1,8.25,2,NA,8.25,NA,8,8.5,0,2,0,1,1,2,0,2,0,1,1,8.25,NA,8.25,NA,8,8.5,-3
"2",2009,2,8,1,8,NA,NA,NA,8,1,0,0,0,1,3,1,2,0,1,2,8.16666666666667,8,8.25,NA,8,8.25,-2
"3",2009,3,5,1,NA,5,NA,NA,5,0,1,0,0,1,4,1,3,0,1,3,7.375,8,7.16666666666667,NA,8,7.16666666666667,-1
"4",2009,4,6.80769230769231,13,7,6.79166666666667,6.66666666666667,7.16666666666667,6.5,1,12,3,6,7,17,2,15,3,7,10,6.94117647058824,7.5,6.86666666666667,6.66666666666667,7.28571428571429,6.7,0
"5",2009,5,6.25,6,NA,6.25,NA,5,7.5,0,6,0,3,3,23,2,21,3,10,13,6.76086956521739,7.5,6.69047619047619,6.66666666666667,6.6,6.88461538461539,1
"6",2009,6,7.93,125,8.26102941176471,7.53508771929825,8.28571428571429,7.93796296296296,7.92394366197183,68,57,7,54,71,148,70,78,10,64,84,7.74831081081081,8.23928571428571,7.30769230769231,7.8,7.72890625,7.76309523809524,2
"7",2009,7,7.76866666666667,150,8.31338028169014,7.27911392405063,7.8125,7.78181818181818,7.76105263157895,71,79,16,55,95,298,141,157,26,119,179,7.75855704697987,8.27659574468085,7.29331210191083,7.80769230769231,7.75336134453782,7.76201117318436,3
"8",2009,8,7.41483516483517,91,8.34677419354839,6.93333333333333,7.1125,6.90806451612903,7.67666666666667,31,60,8,31,60,389,172,217,34,150,239,7.67814910025707,8.28924418604651,7.19377880184332,7.64411764705882,7.57866666666667,7.74058577405858,4
"9",2009,9,7.45379746835443,79,8.08846153846154,7.14245283018868,7.52857142857143,7.14827586206897,7.631,26,53,7,29,50,468,198,270,41,179,289,7.64027777777778,8.26287878787879,7.1837037037037,7.62439024390244,7.50893854748603,7.72162629757786,5
"10",2009,10,7.71171875,64,8.25606060606061,7.13225806451613,7.83333333333333,7.5,7.78229166666667,33,31,6,16,48,532,231,301,47,195,337,7.64887218045113,8.26190476190476,7.17840531561462,7.65106382978723,7.50820512820513,7.73026706231454,6
"11",2009,11,7.50409836065574,61,8.40476190476191,7.03125,7.28571428571429,7.55555555555556,7.48255813953488,21,40,7,18,43,593,252,341,54,213,380,7.63397976391231,8.27380952380952,7.16114369501466,7.6037037037037,7.51220657276995,7.70223684210526,7
"12",2009,12,7.43851351351351,74,8.34230769230769,6.94895833333333,7.42857142857143,7.03333333333333,7.59905660377358,26,48,7,21,53,667,278,389,61,234,433,7.61229385307346,8.28021582733813,7.13496143958869,7.58360655737705,7.46923076923077,7.68960739030023,8
"13",2010,1,7.625,56,8.44,7.17222222222222,7.27142857142857,6.98888888888889,7.7468085106383,20,36,7,9,47,723,298,425,68,243,480,7.61327800829876,8.29093959731544,7.13811764705882,7.55147058823529,7.45144032921811,7.69520833333333,9
"14",2010,2,7.50833333333333,36,8.1,7.28076923076923,7.9,7.55,7.49230769230769,10,26,5,10,26,759,308,451,73,253,506,7.60830039525692,8.28474025974026,7.14634146341464,7.57534246575342,7.45533596837945,7.68478260869565,10
"15",2010,3,7.75333333333333,30,8.6875,7.41363636363636,8,7.98,7.64,8,22,1,10,20,789,316,473,74,263,526,7.61381495564005,8.29493670886076,7.15877378435518,7.58108108108108,7.47528517110266,7.68307984790875,11
"16",2010,4,6.84838709677419,31,7.8,6.51739130434783,5.5,5.88888888888889,7.24090909090909,8,23,2,9,22,820,324,496,76,272,548,7.58487804878049,8.28271604938272,7.12903225806452,7.52631578947368,7.42279411764706,7.66532846715329,12
"17",2010,5,7.33620689655172,29,8.5,6.8125,6,6.55769230769231,7.96875,9,20,1,13,16,849,333,516,77,285,564,7.5763839811543,8.28858858858859,7.11676356589147,7.50649350649351,7.38333333333333,7.67393617021277,13
"18",2010,6,7.37916666666667,24,7.96363636363636,6.88461538461539,5,7.4,7.36428571428571,11,13,2,10,14,873,344,529,79,295,578,7.57096219931272,8.2781976744186,7.11105860113422,7.44303797468354,7.38389830508475,7.66643598615917,14
"19",2010,7,7.28529411764706,17,8,7.06538461538462,6.5,7.6,7.15416666666667,4,13,2,5,12,890,348,542,81,300,590,7.56550561797753,8.275,7.109963099631,7.41975308641975,7.3875,7.65601694915254,15
"20",2010,8,7.76190476190476,21,8.72222222222222,7.04166666666667,7.5,8,7.64285714285714,9,12,2,7,14,911,357,554,83,307,604,7.57003293084523,8.28627450980392,7.10848375451264,7.42168674698795,7.4014657980456,7.6557119205298,16
"21",2010,9,7.7,25,8.46428571428571,6.72727272727273,6.125,6.85714285714286,8.02777777777778,14,11,4,7,18,936,371,565,87,314,622,7.57350427350428,8.29299191374663,7.10106194690266,7.36206896551724,7.38933121019108,7.66647909967846,17
"22",2010,10,7.13333333333333,27,8.58571428571429,6.625,7,5.16666666666667,7.6952380952381,7,20,1,6,21,963,378,585,88,320,643,7.56116303219107,8.2984126984127,7.08478632478633,7.35795454545455,7.34765625,7.66741835147745,18
"23",2010,11,7.48720930232558,43,8.29117647058824,6.96153846153846,7.33333333333333,7.55555555555556,7.46911764705882,17,26,3,9,34,1006,395,611,91,329,677,7.55800198807157,8.29810126582279,7.07954173486088,7.35714285714286,7.35334346504559,7.65745937961595,19
"24",2010,12,7.33823529411765,34,8.08333333333333,6.93181818181818,6.5,7.83333333333333,7.23214285714286,12,22,1,6,28,1040,407,633,92,335,705,7.55081730769231,8.29176904176904,7.07440758293839,7.34782608695652,7.36194029850746,7.64056737588653,20
"25",2011,1,7.09705882352941,34,7.36363636363636,6.9695652173913,7.93333333333333,6.7,7.16551724137931,11,23,3,5,29,1074,418,656,95,340,734,7.53645251396648,8.26734449760766,7.07073170731707,7.36631578947368,7.35220588235294,7.62179836512262,21
"26",2011,2,7.38272727272727,55,8.2,6.98513513513513,7.53125,7.31153846153846,7.40476190476191,18,37,8,13,42,1129,436,693,103,353,776,7.52896368467671,8.26456422018349,7.06616161616162,7.37912621359223,7.35070821529745,7.61005154639175,22
"27",2011,3,7.44175257731959,97,8.125,6.71489361702128,7.4,6.98333333333333,7.59246575342466,50,47,11,24,73,1226,486,740,114,377,849,7.52206362153344,8.25020576131687,7.04385135135135,7.38114035087719,7.32732095490716,7.6085394581861,23
"28",2011,4,7.74451219512195,82,8.38815789473684,7.18863636363636,8,8.09523809523809,7.62377049180328,38,44,7,21,61,1308,524,784,121,398,910,7.53600917431193,8.26020992366412,7.05197704081633,7.41694214876033,7.3678391959799,7.60956043956044,24
"29",2011,5,7.33623188405797,69,7.97272727272727,7.03829787234043,7.66666666666667,7.15384615384615,7.37857142857143,22,47,6,13,56,1377,546,831,127,411,966,7.52599854756718,8.24862637362637,7.05120336943442,7.42874015748031,7.36107055961071,7.59616977225673,25
"30",2011,6,7.359375,64,7.92857142857143,6.91666666666667,8,7.13333333333333,7.42857142857143,28,36,6,15,49,1441,574,867,133,426,1015,7.51859819569743,8.23301393728223,7.04561707035756,7.45451127819549,7.35305164319249,7.58807881773399,26
"31",2011,7,7.4468253968254,63,7.82954545454545,7.24146341463415,7.38888888888889,7.51388888888889,7.42,22,41,9,18,45,1504,596,908,142,444,1060,7.51559175531915,8.21812080536913,7.05446035242291,7.45035211267605,7.35957207207207,7.58094339622642,27
"32",2011,8,7.15975609756098,82,8.19189189189189,6.31111111111111,7.1875,7.4,7.11857142857143,37,45,8,12,70,1586,633,953,150,456,1130,7.49719419924338,8.21658767772512,7.01935991605457,7.43633333333333,7.36063596491228,7.55230088495575,28
"33",2011,9,7.49420289855072,69,8.24090909090909,6.80972222222222,8,7.13636363636364,7.56206896551724,33,36,2,11,58,1655,666,989,152,467,1188,7.49706948640484,8.21779279279279,7.01172901921132,7.44375,7.35535331905782,7.55277777777778,29
"34",2011,10,7.71052631578947,76,8.36527777777778,7.12125,7.64285714285714,7.19285714285714,7.82741935483871,36,40,7,14,62,1731,702,1029,159,481,1250,7.50644136337377,8.22535612535613,7.01598639455782,7.45251572327044,7.3506237006237,7.5664,30
"35",2011,11,7.16481481481481,81,7.91935483870968,6.697,6.71428571428571,7.29333333333333,7.13560606060606,31,50,7,15,66,1812,733,1079,166,496,1316,7.49116997792495,8.21241473396999,7.00120481927711,7.42138554216867,7.34889112903226,7.54479483282675,31
"36",2011,12,7.39430379746835,79,7.94848484848485,6.99673913043478,7.54,7.33333333333333,7.41229508196721,33,46,10,18,61,1891,766,1125,176,514,1377,7.48712321523004,8.20104438642298,7.00102222222222,7.428125,7.34834630350195,7.53892519970951,32
"37",2012,1,7.62,70,8.00645161290323,7.31282051282051,8,7.53571428571429,7.64107142857143,31,39,5,14,56,1961,797,1164,181,528,1433,7.49186639469658,8.19347553324969,7.01146907216495,7.4439226519337,7.35331439393939,7.54291695743196,33
"38",2012,2,7.15961538461538,78,8.16323529411765,6.38409090909091,7.06666666666667,7.02,7.19285714285714,34,44,12,15,63,2039,831,1208,193,543,1496,7.47915644923983,8.19223826714801,6.98861754966888,7.42046632124352,7.34410681399632,7.52817513368984,34
"39",2012,3,7.51666666666667,57,8,6.68809523809524,6.6,8.25,7.3969387755102,36,21,5,8,49,2096,867,1229,198,551,1545,7.48017652671756,8.18425605536332,6.98348250610252,7.39974747474747,7.35725952813067,7.52401294498382,35
"40",2012,4,7.37924528301887,53,8.02222222222222,7.04857142857143,7.30909090909091,6.75,7.49111111111111,18,35,11,8,45,2149,885,1264,209,559,1590,7.47768729641694,8.1809604519774,6.98528481012658,7.39497607655502,7.34856887298748,7.52308176100629,36
"41",2012,5,7.73695652173913,46,8.515,7.13846153846154,6.5,7.35555555555556,7.82972972972973,20,26,5,9,37,2195,905,1290,214,568,1627,7.48312072892939,8.18834254143646,6.98837209302326,7.37406542056075,7.34867957746479,7.5300553165335,37
"42",2012,6,7.47560975609756,41,8.05,7.108,7.375,7.35714285714286,7.5,16,25,4,7,34,2236,921,1315,218,575,1661,7.48298300536673,8.18593919652551,6.9906463878327,7.37408256880734,7.34878260869565,7.52944009632751,38
"43",2012,7,6.96921052631579,38,7.93636363636364,6.57518518518518,6.27142857142857,7.29166666666667,6.82038461538462,11,27,7,12,26,2274,932,1342,225,587,1687,7.47439753737907,8.18299356223176,6.98228763040239,7.33977777777778,7.34761499148211,7.51851215174867,39
"44",2012,8,7.54390243902439,41,8.14705882352941,7.11666666666667,7.7,6.35714285714286,7.78823529411765,17,24,2,7,34,2315,949,1366,227,594,1721,7.47562850971922,8.18234984193888,6.9846486090776,7.34295154185022,7.33594276094276,7.52384079023823,40
"45",2012,9,7.43163265306122,49,8.07142857142857,6.95178571428571,7.2,7.46153846153846,7.42083333333333,21,28,5,13,36,2364,970,1394,232,607,1757,7.4747165820643,8.17994845360825,6.98398852223817,7.33987068965517,7.33863261943987,7.52173022196927,41
"46",2012,10,7.305,60,7.47619047619048,7.21282051282051,7.7,7.74,7.218,21,39,7,10,50,2424,991,1433,239,617,1807,7.47051567656766,8.16503531786075,6.99021632937893,7.35041841004184,7.34513776337115,7.51332595462092,42
"47",2012,11,7.16981132075472,53,7.73125,6.92702702702703,7.28,7.64444444444444,7.07272727272727,16,37,10,9,44,2477,1007,1470,249,626,1851,7.46408155026242,8.15814299900695,6.98862585034014,7.34759036144578,7.34944089456869,7.50285251215559,43
"48",2012,12,7.22291666666667,48,7.83125,6.91875,7.75,6.875,7.33888888888889,16,32,10,12,36,2525,1023,1502,259,638,1887,7.45949702970297,8.1530303030303,6.98713715046605,7.36312741312741,7.34051724137931,7.49972443031267,44
"49",2013,1,7.45487804878049,41,8.46,6.875,6.9,7.97142857142857,7.34852941176471,15,26,5,7,34,2566,1038,1528,264,645,1921,7.45942322681216,8.15746628131021,6.98522905759162,7.35435606060606,7.34736434108527,7.49704841228527,45
"50",2013,2,7.18421052631579,38,7.97058823529412,6.54761904761905,6.5,7.4,7.10714285714286,17,21,4,10,28,2604,1055,1549,268,655,1949,7.45540706605223,8.15445497630331,6.97929632020659,7.34160447761194,7.3481679389313,7.49144689584402,46
"51",2013,3,7.172,50,8.27894736842105,6.49354838709677,7.27777777777778,6.98461538461538,7.23783783783784,19,31,9,13,37,2654,1074,1580,277,668,1986,7.45006782215524,8.1566573556797,6.96976582278481,7.33953068592058,7.34109281437126,7.48672205438066,47
"52",2013,4,7.3325,48,8.04210526315789,6.86758620689655,7.33272727272727,7.07333333333333,7.39230769230769,19,29,11,9,39,2702,1093,1609,288,677,2025,7.4479792746114,8.15466605672461,6.96792417650715,7.33927083333333,7.33753323485968,7.4849037037037,48
"53",2013,5,7.19865,34,8.25,6.54781428571429,7.5,7.54344285714286,7.10925925925926,13,21,1,7,27,2736,1106,1630,289,684,2052,7.44488088450293,8.15578661844484,6.96251171779141,7.33982698961938,7.33964049707602,7.47996101364522,49
"54",2013,6,7.14512195121951,41,7.92777777777778,6.53260869565217,5.83333333333333,6.42,7.37903225806452,18,23,3,10,31,2777,1124,1653,292,694,2083,7.44045520345697,8.15213523131672,6.95653000604961,7.32434931506849,7.32638919308357,7.47845895343255,50
"55",2013,7,7.05161290322581,31,7.61111111111111,6.82272727272727,7.5,6.3625,7.29130434782609,9,22,3,8,23,2808,1133,1675,295,702,2106,7.43616242877493,8.14783759929391,6.95477259701493,7.32613559322034,7.3154047008547,7.47641500474834,51
"56",2013,8,7.36486486486486,37,7.92777777777778,6.83157894736842,7.5,6.4,7.515625,18,19,4,5,32,2845,1151,1694,299,707,2138,7.43523518453427,8.14439617723718,6.95339085005903,7.32846153846154,7.30893083451202,7.47700187090739,52
"57",2013,9,7.209375,48,7.72857142857143,6.80555555555556,7.09375,7.1875,7.21375,21,27,8,8,40,2893,1172,1721,307,715,2178,7.43148776356723,8.13694539249146,6.95107152818129,7.32234527687296,7.30757216783217,7.47216712580349,53
"58",2013,10,7.24516129032258,31,7.73076923076923,6.89444444444444,7,7.35714285714286,7.2125,13,18,5,7,24,2924,1185,1739,312,722,2202,7.42951234610123,8.13248945147679,6.95048539390454,7.31717948717949,7.3080527700831,7.46933696639419,54
"59",2013,11,7.28809523809524,42,7.79285714285714,7.03571428571429,6.5,7.6125,7.21176470588235,14,28,6,8,34,2966,1199,1767,318,730,2236,7.42750981119353,8.12852376980817,6.95183593661573,7.30176100628931,7.31138917808219,7.46542039355993,55
"60",2013,12,7.08,40,8.11111111111111,6.23636363636364,6.64,7.33333333333333,7.00645161290323,18,22,5,9,31,3006,1217,1789,323,739,2267,7.42288559547572,8.12826622843057,6.94303750698715,7.29151702786378,7.31165642760487,7.4591442434936,56
"61",2014,1,7.19811320754717,53,8.1695652173913,6.45333333333333,7.5,7.80833333333333,7.12021276595745,23,30,2,6,47,3059,1240,1819,325,745,2314,7.41899120627656,8.12903225806451,6.93496102253986,7.2928,7.31565651006711,7.45226015557476,57
"62",2014,2,7.22549019607843,51,7.73157894736842,6.925,6.75,7.21428571428571,7.22727272727273,19,32,8,7,44,3110,1259,1851,333,752,2358,7.41581803858521,8.12303415409055,6.93478881685575,7.27975975975976,7.31471289893617,7.44806191687871,58
"63",2014,3,7.1859375,32,7.99545454545455,6.76190476190476,6.4,6.66666666666667,7.23965517241379,11,21,5,3,29,3142,1270,1872,338,755,2387,7.4134767982177,8.12192913385827,6.93284941239316,7.26674556213018,7.3121378807947,7.44552995391705,59
"64",2014,4,7.84285714285714,35,8.26666666666667,7.20714285714286,7,7.75,7.86206896551724,21,14,1,6,29,3177,1291,1886,339,761,2416,7.41820714510545,8.12428350116189,6.93488552492047,7.2659587020649,7.31559014454665,7.4505298013245,60
"65",2014,5,7.35,38,8.24285714285714,6.82916666666667,7.07142857142857,7,7.44333333333333,14,24,7,8,30,3215,1305,1910,346,769,2446,7.41740096423017,8.12555555555556,6.93355712041885,7.26202312138728,7.31230702210663,7.4504415372036,61
"66",2014,6,6.99259259259259,27,7.43636363636364,6.6875,6.76,7.05,6.97619047619048,11,16,5,6,21,3242,1316,1926,351,775,2467,7.4138630783467,8.11979483282675,6.93151303219107,7.25487179487179,7.31027625806452,7.44640453992704,62
"67",2014,7,7.05416666666667,24,7.54166666666667,6.56666666666667,6.92,7.75,6.915,12,12,5,4,20,3266,1328,1938,356,779,2487,7.41121987140233,8.11457078313253,6.92925392156863,7.25016853932584,7.31253414634146,7.44213108162445,63
"68",2014,8,7.11733333333333,30,7.77307692307692,6.61588235294118,6.66666666666667,7.1,7.1208,13,17,6,5,25,3296,1341,1955,362,784,2512,7.40854493325243,8.11126025354213,6.92652895140665,7.24049723756906,7.31117869897959,7.43893312101911,64
"69",2014,9,7.17857142857143,28,7.85,6.80555555555556,7,7.375,7.1,10,18,1,8,20,3324,1351,1973,363,792,2532,7.40660773164862,8.10932642487047,6.92542529143436,7.2398347107438,7.31182335858586,7.43625592417062,65
"70",2014,10,7.43953488372093,43,7.97142857142857,6.93181818181818,7.4375,7.3125,7.46857142857143,21,22,8,8,35,3367,1372,1995,371,800,2567,7.40702824472825,8.10721574344023,6.92549578947368,7.24409703504043,7.311830125,7.4366965329178,66
"71",2014,11,6.96951219512195,41,7.83666666666667,6.46923076923077,6.86666666666667,6.6875,7.03787878787879,15,26,6,8,33,3408,1387,2021,377,808,2600,7.40176470070423,8.10428983417448,6.91962597723899,7.23809018567639,7.30564863861386,7.43163461538462,67
"72",2014,12,7.19054054054054,37,7.98529411764706,6.515,6.725,7.45909090909091,7.07692307692308,17,20,4,11,26,3445,1404,2041,381,819,2626,7.39949611030479,8.102849002849,6.91566099951004,7.23270341207349,7.30770952380952,7.4281226199543,68
"73",2015,1,7.328125,32,8.10714285714286,6.72222222222222,7.26,8.375,7.17857142857143,14,18,5,4,28,3477,1418,2059,386,823,2654,7.39883925798102,8.10289139633286,6.91396993686256,7.23305699481865,7.31289684082625,7.42548982667672,69
"74",2015,2,7.18148148148148,27,7.69166666666667,6.77333333333333,7.6,7.3,7.14761904761905,12,15,3,6,21,3504,1430,2074,389,829,2675,7.39716441210046,8.09944055944056,6.91295279652845,7.23588688946016,7.31280349819059,7.42330841121495,70
"75",2015,3,6.76969696969697,33,7.87916666666667,6.13571428571429,6,6.0625,6.996,12,21,3,8,25,3537,1442,2095,392,837,2700,7.39131017811705,8.09760748959778,6.90516186157518,7.22642857142857,7.3008531660693,7.41935185185185,71
"76",2015,4,7.08515151515151,33,8.00083333333333,6.56190476190476,7.7,7.11111111111111,7.07541666666667,12,21,2,9,24,3570,1454,2116,394,846,2724,7.38848014005602,8.09680880330124,6.90175524574669,7.22883248730965,7.29883463356974,7.41632158590309,72
"77",2015,5,7.52758620689655,29,8.08055555555556,6.62272727272727,6.7,6.93181818181818,7.89166666666667,18,11,4,11,18,3599,1472,2127,398,857,2742,7.38960102806335,8.09661005434783,6.90031222378938,7.2235175879397,7.29412380396733,7.4194420131291,73
"78",2015,6,7.32863636363636,22,8.15727272727273,6.5,7.5,7.75,7.170625,11,11,3,6,16,3621,1483,2138,401,863,2758,7.38923062689865,8.09706001348618,6.89825261927035,7.22558603491272,7.2972932792584,7.41799854967368,74
"79",2015,7,7,21,7.625,6.61538461538461,7,7.5,6.94736842105263,8,13,1,2,19,3642,1491,2151,402,865,2777,7.38698629873696,8.09452716297787,6.89654304974431,7.22502487562189,7.29776196531792,7.41477853799064,75
"80",2015,8,6.88642857142857,28,7.75583333333333,6.234375,6,6.5,6.91615384615385,12,16,3,2,26,3670,1503,2167,405,867,2803,7.38316732970027,8.09182302062542,6.89165394554684,7.21595061728395,7.29592168396771,7.41015340706386,76
"81",2015,9,7.19444444444444,27,8.1,6.93571428571429,7.9,7.15,7.198,6,21,2,2,25,3697,1509,2188,407,869,2828,7.38178904517176,8.09185553346587,6.89207682815357,7.21931203931204,7.29558584579977,7.40827793493635,77
"82",2015,10,7.88387096774194,31,8.20769230769231,7.65,7.25,7.58333333333333,7.956,13,18,4,6,25,3728,1522,2206,411,875,2853,7.38596408261803,8.09284494086728,6.89826115140526,7.21961070559611,7.29755897142857,7.41307746232037,78
"83",2015,11,6.97777777777778,36,7.67333333333333,6.48095238095238,5.66666666666667,6.91111111111111,7,15,21,3,9,27,3764,1537,2227,414,884,2880,7.38206006907545,8.08875081327261,6.89432604400539,7.20835748792271,7.29362454751131,7.40920486111111,79
"84",2015,12,7.2075,40,7.71304347826087,6.52352941176471,7.28,7.5875,7.1125,23,17,5,8,32,3804,1560,2244,419,892,2912,7.38022452681388,8.08321153846154,6.89151697860963,7.20921241050119,7.29626020179372,7.40594436813187,80
"85",2016,1,7.35714285714286,35,8.19444444444444,6.47058823529412,7.2,6.8,7.45,18,17,5,5,30,3839,1578,2261,424,897,2942,7.38001409221151,8.0844803548796,6.88835210084034,7.20910377358491,7.29349397993311,7.40639360978926,81
"86",2016,2,7.325,32,7.86,6.85294117647059,8,8.04,7.19259259259259,15,17,2,5,27,3871,1593,2278,426,902,2969,7.37955931283906,8.08236660389203,6.88808784021071,7.21281690140845,7.29763203991131,7.40444930953183,82
"87",2016,3,7.6741935483871,31,8.65384615384615,6.96666666666667,7.325,7,7.77407407407407,13,18,4,4,27,3902,1606,2296,430,906,2996,7.38190007688365,8.08699252801993,6.88870387630662,7.21386046511628,7.29631799116998,7.40778037383178,83
"88",2016,4,7.19875,40,8.07647058823529,6.55,6.85,4,7.3671052631579,17,23,10,2,38,3942,1623,2319,440,908,3034,7.38004162861492,8.08688231669747,6.88534458818456,7.20559090909091,7.28905737885463,7.40727092946605,84
"89",2016,5,7.25,26,7.97777777777778,6.86470588235294,7.33333333333333,6.25,7.33333333333333,9,17,3,2,24,3968,1632,2336,443,910,3058,7.37918954133065,8.0862806372549,6.88519439212329,7.20645598194131,7.28677373626374,7.40669064748202,85
"90",2016,6,6.9375,12,8.4,5.89285714285714,6.625,4.66666666666667,7.69444444444444,5,7,2,3,9,3980,1637,2343,445,913,3067,7.37785781407035,8.08723885155772,6.88222966282544,7.20384269662922,7.27816440306681,7.40753505053799,86
"91",2016,7,7.49107142857143,28,7.5,7.48214285714286,6.75,6.875,7.65909090909091,14,14,5,6,22,4008,1651,2357,450,919,3089,7.37864872754491,8.08225923682616,6.88579299957573,7.1988,7.27553220892274,7.40932664292652,87
"92",2016,8,7.43103448275862,29,8.11538461538461,6.875,7.875,6.83333333333333,7.58695652173913,13,16,4,6,23,4037,1664,2373,454,925,3112,7.37902504334902,8.08251802884615,6.88572022756005,7.2047577092511,7.27266389189189,7.41063946015424,88
"93",2016,9,6.61538461538461,13,7.625,6.16666666666667,6.5,7.66666666666667,6.3,4,9,2,3,10,4050,1668,2382,456,928,3122,7.37657385185185,8.08142086330935,6.88300340050378,7.20166666666667,7.27393760775862,7.40708199871877,89
"94",2016,10,7.4,34,8.2,6.96363636363636,6.63333333333333,7.35,7.42083333333333,12,22,6,10,24,4084,1680,2404,462,938,3146,7.37676887855044,8.08226785714285,6.8837413061564,7.19428571428572,7.27474850746269,7.40718690400509,90
"95",2016,11,6.984375,32,7.55,6.72727272727273,6,6.16666666666667,7.17307692307692,10,22,5,6,26,4116,1690,2426,467,944,3172,7.37371819727891,8.07911834319526,6.88232238252267,7.18149892933619,7.26770561440678,7.40526796973518,91
"96",2016,12,7.07140625,32,8.265,6.60434782608696,7.33333333333333,7.6975,6.92692307692308,9,23,3,6,26,4148,1699,2449,470,950,3198,7.37138599324976,8.08010300176574,6.879711759902,7.18246808510639,7.27042010526316,7.40137898686679,92
"97",2017,1,7.01315789473684,38,7.55714285714286,6.69583333333333,6.9875,6.87142857142857,7.04516129032258,14,24,8,7,31,4186,1713,2473,478,957,3229,7.36813404204491,8.07582895504962,6.87792725434695,7.1792050209205,7.26750167189133,7.39795912047074,93
"98",2017,2,7.36,27,8.37285714285714,6.26923076923077,7,7.25,7.3688,14,13,1,2,25,4213,1727,2486,479,959,3254,7.36808191312604,8.07823682686739,6.87474420756235,7.17883089770355,7.26746517205422,7.39773509526737,94
"99",2017,3,7.275,24,7.6,7.1125,8,7.7,7.19,8,16,1,4,20,4237,1735,2502,480,963,3274,7.36755466131697,8.07603170028818,6.87626462829736,7.18054166666667,7.26926178608515,7.39646609651802,95
"100",2017,4,7.27368421052632,19,7.95454545454545,6.3375,7.6,8.4,6.87142857142857,11,8,2,5,14,4256,1746,2510,482,968,3288,7.36713559680451,8.07526632302405,6.8745474501992,7.18228215767635,7.27510237603306,7.39423053527981,96
"101",2017,5,7.32,25,7.5,7.2,7.5,7.66666666666667,7.21052631578947,10,15,5,6,19,4281,1756,2525,487,974,3307,7.36686033637001,8.0719903189066,6.87648083168317,7.18554414784394,7.27751447638604,7.39317508315694,97
"102",2017,6,7.23076923076923,13,7.5,6.91666666666667,7.25,7.5,7.15,7,6,2,3,10,4294,1763,2531,489,977,3317,7.36644832324173,8.06971922858763,6.87657609640458,7.18580777096115,7.27819764585466,7.3924419656316,98
"103",2017,7,7,25,8,6.61111111111111,6.75,8.25,6.76190476190476,7,18,4,4,21,4319,1770,2549,493,981,3338,7.36432718221811,8.06944350282485,6.8747014907807,7.18227180527384,7.28216014271152,7.38847513481127,99
"104",2017,8,7.41304347826087,23,7.65625,6.85714285714286,6.75,6.75,7.55263157894737,16,7,2,4,19,4342,1786,2556,495,985,3357,7.36458523721787,8.06574188129898,6.87465340375587,7.18052525252525,7.27999908629442,7.38940422996723,100
"105",2017,9,7.6,21,8.57142857142857,7.11428571428571,7.2,7.25,7.68235294117647,7,14,5,4,17,4363,1793,2570,500,989,3374,7.36571833600734,8.06771611823758,6.87595879377432,7.18072,7.27987775530839,7.39088026081802,101
"106",2017,10,6.89090909090909,33,7.53636363636364,6.56818181818182,6.5,6.6,6.94285714285714,11,22,3,5,28,4396,1804,2592,503,994,3402,7.36215402638763,8.06447616407981,6.87334648919753,7.17666003976143,7.2764578470825,7.38719282774839,102
"107",2017,11,6.7262962962963,27,7.59307692307692,5.92142857142857,7.45,6,6.7844,13,14,2,2,25,4423,1817,2606,505,996,3427,7.35827246212978,8.06110346725371,6.86823257866462,7.17774257425743,7.27389467871486,7.38279544791363,103
"108",2017,12,7.08695652173913,23,7.5625,6.83333333333333,6.71428571428571,8,7,8,15,7,2,21,4446,1825,2621,512,998,3448,7.35686889338732,8.05891780821917,6.86803285005723,7.17140625,7.2753497995992,7.38046403712297,104
"109",2018,1,7.46774193548387,31,7.85714285714286,7.14705882352941,7,6.72222222222222,7.77272727272727,14,17,2,9,22,4477,1839,2638,514,1007,3470,7.35763660933661,8.05738172920064,6.86983097043214,7.1707392996109,7.27040625620656,7.38295100864554,105
"110",2018,2,7.28333333333333,18,8.2,6.825,6.5,7.5,7.25625,6,12,2,2,16,4495,1845,2650,516,1009,3486,7.35733906562848,8.05784552845527,6.86962796226415,7.16813953488372,7.27086134786918,7.38236947791165,106
"111",2018,3,7.35555555555556,27,8.3,6.95789473684211,7.33333333333333,6.83333333333333,7.5047619047619,8,19,3,6,21,4522,1853,2669,519,1015,3507,7.35732841662981,8.05889098758768,6.87025631322593,7.16909441233141,7.26827497536946,7.38310236669518,107
"112",2018,4,7.49791666666667,24,8.275,7.109375,6,7,7.5195652173913,8,16,3,1,23,4546,1861,2685,522,1016,3530,7.35807063352398,8.05981998925308,6.87168122905028,7.16237547892721,7.26801092519685,7.38399150141643,108
"113",2018,5,7.24346153846154,26,7.94444444444444,6.87235294117647,6.75,7.14777777777778,7.29411764705882,9,17,4,9,17,4572,1870,2702,526,1025,3547,7.35741887576553,8.05926470588234,6.87168545521836,7.15923954372624,7.2669552195122,7.38356075556809,109
"114",2018,6,7.83333333333333,12,9.1,6.92857142857143,5.95,9.16666666666667,7.38888888888889,5,7,2,3,9,4584,1875,2709,528,1028,3556,7.35866472513089,8.06203999999999,6.87183244739756,7.15465909090909,7.27249912451362,7.38357424071991,110
"115",2018,7,6.925,20,7.66666666666667,6.31818181818182,6.5,7,6.9,9,11,5,5,15,4604,1884,2720,533,1033,3571,7.35678086446568,8.06015127388534,6.86959341911765,7.14851782363978,7.27118015488867,7.38154298515822,111
"116",2018,8,6.92173913043478,23,7.625,6.54666666666667,6.675,6.8,6.94736842105263,8,15,4,4,19,4627,1892,2735,537,1037,3590,7.35461834882213,8.05831131078223,6.86782234003656,7.14499068901304,7.26936268081003,7.37924512534819,112
"117",2018,9,7.07692307692308,13,7.6,6.75,7.75,6.16666666666667,7.35,5,8,2,3,10,4640,1897,2743,539,1040,3600,7.35384032327586,8.0571033210332,6.86747870944222,7.14723562152134,7.26618182692308,7.37916388888889,113
"118",2018,10,7.29047619047619,21,8.02,6.62727272727273,6.95,7.33333333333333,7.28333333333333,10,11,4,3,18,4661,1907,2754,543,1043,3618,7.35355483801759,8.05690875721027,6.86651928104575,7.14578268876612,7.26637497603068,7.37868711995578,114
"119",2018,11,7.06521739130435,23,7.78571428571429,6.75,6.6,7.875,6.89473684210526,7,16,5,4,19,4684,1914,2770,548,1047,3637,7.35213900512383,8.05591692789968,6.86584624548737,7.14080291970803,7.26870019102197,7.37615892218862,115
"120",2018,12,6.94411764705882,17,7.6,6.36111111111111,NA,6.625,6.98666666666667,8,9,0,2,15,4701,1922,2779,548,1049,3652,7.35066349712827,8.05401925078043,6.86421162288593,7.14080291970803,7.26747292659676,7.3745591456736,116
"121",2019,1,6.9,19,7.83333333333333,6.46923076923077,6.5,6.25,6.97647058823529,6,13,2,2,17,4720,1928,2792,550,1051,3669,7.34884938559322,8.05333246887966,6.8623725286533,7.13847272727273,7.26553672692674,7.37271463614064,117
"122",2019,2,6.45,20,7.3,6.16666666666667,6.83333333333333,5.4,6.8,5,15,3,5,15,4740,1933,2807,553,1056,3684,7.3450567721519,8.05138385928608,6.85865482721767,7.13681735985534,7.25670369318182,7.37038273615635,118
"123",2019,3,7.77137931034483,29,7.75,7.77952380952381,7.93333333333333,8.2,7.68208333333333,8,21,6,5,24,4769,1941,2828,559,1061,3708,7.34764921367163,8.05014167954662,6.8654929632249,7.14536672629696,7.26114901036758,7.37240021574973,119
"124",2019,4,6.99285714285714,14,8.06666666666667,6.7,6.55,6.375,7.24,3,11,4,4,10,4783,1944,2839,563,1065,3718,7.3466107254861,8.05016718106995,6.86485174357168,7.14113676731794,7.25782075117371,7.37204410973642,120
"125",2019,5,7.16666666666667,15,8.25,6.77272727272727,NA,6.5,7.40909090909091,4,11,0,4,11,4798,1948,2850,563,1069,3729,7.34604816590246,8.0505775154004,6.8644961754386,7.14113676731794,7.25498512628625,7.37215339233038,121
"126",2019,6,7.18076923076923,26,7.91111111111111,6.79411764705882,7.5,7.22222222222222,7.15882352941177,9,17,3,9,17,4824,1957,2867,566,1078,3746,7.34515735903814,8.04993612672457,6.86407886292292,7.14303886925795,7.25471159554731,7.3711852642819,122
"127",2019,7,7.37285714285714,14,7.74666666666667,6.7,6,7.32,7.40222222222222,9,5,2,5,9,4838,1966,2872,568,1083,3755,7.34523751550227,8.0485478128179,6.86379321030641,7.13901408450704,7.25501301939058,7.37125965379494,123
"128",2019,8,7.1448275862069,29,7.90909090909091,6.67777777777778,7.66666666666667,7.36666666666667,7.08695652173913,11,18,3,6,23,4867,1977,2890,571,1089,3778,7.34404337374152,8.04777187658067,6.8626346366782,7.14178633975482,7.25562819100092,7.36952885124404,124
"129",2019,9,6.80434782608696,23,8.05,6.36470588235294,6.75,4.66666666666667,7.125,6,17,2,3,20,4890,1983,2907,573,1092,3798,7.34150492842536,8.04777861825517,6.85972277261782,7.14041884816754,7.24851565934066,7.36824117956819,125
"130",2019,10,7.02380952380952,21,7.2,6.96875,7.33333333333333,7.5,7,5,16,3,1,20,4911,1988,2923,576,1093,3818,7.34014642638974,8.04564637826961,6.86031956893603,7.14142361111111,7.24874574565416,7.36631220534311,126
"131",2019,11,7.25961538461539,26,8.025,6.78125,7,7.8,7.13095238095238,10,16,3,5,21,4937,1998,2939,579,1098,3839,7.33972232124772,8.04554304304304,6.85988911194284,7.1406908462867,7.25125601092896,7.36502474602761,127
"132",2019,12,7.25,24,7.83333333333333,6.9,8.125,8,7.21739130434783,9,15,4,1,23,4961,2007,2954,583,1099,3862,7.33928826849426,8.04459142999501,6.86009278943805,7.14744425385935,7.2519373066424,7.36414552045572,128
"133",2020,1,6.9375,32,7.04545454545455,6.88095238095238,6.5,6,7.11111111111111,11,21,4,5,27,4993,2018,2975,587,1104,3889,7.33671321850591,8.03914519326065,6.86024003361345,7.14303236797274,7.24626730072464,7.36238878889175,129
"134",2020,2,7.26428571428571,28,7.95,6.75,7.66666666666667,8.4,7.075,12,16,3,4,24,5021,2030,2991,590,1108,3913,7.33630932085242,8.03861822660098,6.85965031761953,7.14569491525424,7.25043240072202,7.36062611806798,130
"135",2020,3,6.64214285714286,14,7.375,6.349,5.75,6.75,6.599,4,10,2,4,10,5035,2034,3001,592,1112,3923,7.33437916583913,8.03731317600786,6.8579487170943,7.14097972972973,7.24863228417266,7.35868468009177,131
"136",2020,4,6.29166666666667,12,6.66666666666667,6.16666666666667,NA,7.83333333333333,5.77777777777778,3,9,0,3,9,5047,2037,3010,592,1115,3932,7.3318999603725,8.03529455081001,6.85588176079734,7.14097972972973,7.25020547085202,7.35506612410987,132
"137",2020,5,7.83611111111111,18,8.35,7.19375,7.825,8.0375,7.77857142857143,10,8,2,4,14,5065,2047,3018,594,1119,3946,7.33369182625864,8.03683194919394,6.85677736911862,7.14328282828283,7.25301974977659,7.35656867714141,133
"138",2020,6,7.240625,16,7.05,7.32727272727273,7.75,7.625,7.18571428571429,5,11,2,2,14,5081,2052,3029,596,1121,3960,7.3333987600866,8.03442738791423,6.85848600198085,7.14531879194631,7.25368340767172,7.35596464646465,134
"139",2020,7,7.45,22,7.21666666666667,7.5375,8,8.025,7.32222222222222,6,16,2,4,18,5103,2058,3045,598,1125,3978,7.33390145012738,8.03204324586977,6.86205389162562,7.14817725752508,7.25642586666667,7.35581196581197,135
"140",2020,8,7.75454545454545,11,7.9,7.63333333333333,7.8,8.15,7.66666666666667,5,6,1,2,9,5114,2063,3051,599,1127,3987,7.33480623777865,8.03172321861367,6.86357066535562,7.14926544240401,7.25801162377995,7.35651366942563,136
"141",2020,9,7.56176470588235,17,8.35714285714286,7.005,6.16666666666667,8.75,7.40333333333333,7,10,3,2,15,5131,2070,3061,602,1129,4002,7.33555819528357,8.03282367149758,6.86403270173146,7.14436877076412,7.26065465013286,7.35668915542229,137
"142",2020,10,7.22592592592593,27,7.48571428571429,6.94615384615385,6.5,7.76,7.10454545454545,14,13,2,5,22,5158,2084,3074,604,1134,4024,7.33498431562621,8.02914827255278,6.86437999349382,7.14223509933775,7.26285634920635,7.3553106361829,138
"143",2020,11,6.8,15,7.6,6.4,7,6.83333333333333,6.79166666666667,5,10,2,3,12,5173,2089,3084,606,1137,4036,7.33343303692248,8.02812111057922,6.86287422178988,7.14176567656766,7.26172304309587,7.35363478691774,139
"144",2020,12,7.02857142857143,21,7.85,6.28181818181818,5,6.5,7.15294117647059,10,11,2,4,17,5194,2099,3095,608,1141,4053,7.33220044281864,8.02727251071939,6.86080907915994,7.13472039473684,7.25905267309378,7.35279299284481,140
"145",2021,1,7.59615384615385,13,7.775,7,6,6,7.72916666666667,10,3,1,1,12,5207,2109,3098,609,1142,4065,7.33285943921644,8.02607633949739,6.86094386701097,7.13285714285714,7.25795017513135,7.35390405904059,141
"146",2021,2,7.07857142857143,14,7.775,6.8,4,7.5,7.00833333333333,4,10,1,2,12,5221,2113,3108,610,1144,4077,7.33217757134649,8.02560104117368,6.86074777992278,7.12772131147541,7.25837333916084,7.35288692666176,142
"147",2021,3,7.17666666666667,18,7.88333333333333,6.82333333333333,6.5,8,7.12823529411765,6,12,3,1,17,5239,2119,3120,613,1145,4094,7.33164327161672,8.02519820670127,6.86060387820513,7.12464926590538,7.25902104803494,7.3519540791402,143
"148",2021,4,7.195,20,7.89,6.5,NA,9,7.1,10,10,0,1,19,5259,2129,3130,613,1146,4113,7.33112361665716,8.02456317519962,6.85945178913738,7.12464926590538,7.26054022687609,7.35079017748602,144
"149",2021,5,6.81578947368421,19,7.57142857142857,6.375,6,6.5,6.9,7,12,1,4,15,5278,2136,3142,614,1150,4128,7.32926849185298,8.0230781835206,6.85760155951623,7.12281758957655,7.25789486956522,7.34915213178295,145
"150",2021,6,7.82352941176471,17,7.72222222222222,7.9375,7.5,7.16666666666667,7.96428571428571,9,8,4,3,14,5295,2145,3150,618,1153,4142,7.33085535410765,8.02181585081585,6.86034415873016,7.12525889967638,7.25765750216826,7.35123128923225,146
"151",2021,7,7.18421052631579,19,7.92857142857143,6.75,7,7,7.19444444444444,7,12,1,1,18,5314,2152,3162,619,1154,4160,7.33033103123824,8.0215125464684,6.85992539531942,7.12505654281099,7.2574342287695,7.35055288461538,147
"152",2021,8,7.18695652173913,23,7.97777777777778,6.67857142857143,5.875,6.96,7.25,9,14,4,5,18,5337,2161,3176,623,1159,4178,7.329713153457,8.02133040259139,6.85912597607053,7.1170304975923,7.25615107851596,7.3501196744854,148
"153",2021,9,7.30434782608696,23,8.18333333333333,6.99411764705882,NA,7.55,7.196875,6,17,0,7,16,5360,2167,3193,623,1166,4194,7.32960430970149,8.02177895708352,6.85984469151268,7.1170304975923,7.25791518010292,7.34953505007153,149
"154",2021,10,7.61764705882353,17,8.11111111111111,7.0625,NA,NA,7.61764705882353,9,8,0,0,17,5377,2176,3201,623,1166,4211,7.33051498977125,8.0221484375,6.8603511715089,7.1170304975923,7.25791518010292,7.35061743053906,150
"155",2021,11,6.94615384615385,26,7.4,6.55714285714286,6,7.33333333333333,6.89565217391304,12,14,2,3,23,5403,2188,3215,625,1169,4234,7.32866538959837,8.01873628884826,6.85903082426128,7.113456,7.25810872540633,7.34814596126594,151
"156",2021,12,7.86470588235294,17,8.58333333333333,7.47272727272727,7,8.5,7.78,6,11,1,2,15,5420,2194,3226,626,1171,4249,7.33034669741698,8.02028030993619,6.86112340359578,7.11327476038339,7.26022980358668,7.3496705107084,152
"157",2022,1,6.86666666666667,24,7.45,6.575,7.4,7.53333333333333,6.77142857142857,8,16,3,3,21,5444,2202,3242,629,1174,4270,7.32830255326966,8.01820844686648,6.85971132017273,7.11464228934817,7.26092768313459,7.34682669789227,153
"158",2022,2,7.4,15,7.64285714285714,7.1875,3.5,6,7.5,7,8,1,1,14,5459,2209,3250,630,1175,4284,7.32849956035904,8.01701901312811,6.86051818461539,7.10890476190476,7.25985455319149,7.34732726423903,154
"159",2022,3,7.57631578947368,19,7.88333333333333,7.3,NA,NA,7.57631578947368,9,10,0,0,19,5478,2218,3260,630,1175,4303,7.32935909090909,8.01647655545536,6.86186628834356,7.10890476190476,7.25985455319149,7.34833836858006,155
"160",2022,4,6.809375,16,7.29166666666667,6.52,5.33333333333333,7.33333333333333,6.68846153846154,6,10,3,3,13,5494,2224,3270,633,1178,4316,7.32784475791773,8.01452113309352,6.86082082568807,7.1004897314376,7.26004168081494,7.34635078776645,156
"161",2022,5,7,14,6.92857142857143,7.07142857142857,5,5,7.15384615384615,7,7,1,1,13,5508,2231,3277,634,1179,4329,7.32701145606391,8.01111385029134,6.86127070491303,7.09717665615142,7.25812476675149,7.3457726957727,157
"162",2022,6,5.87142857142857,14,7.75,5.55833333333333,6,6,5.86153846153846,2,12,1,1,13,5522,2233,3289,635,1180,4342,7.32332109742847,8.01087998208688,6.8565169048343,7.09544881889764,7.25705855932204,7.34132888070014,158
"163",2022,7,7.24666666666667,15,8.075,6.3,NA,7,7.33636363636364,8,7,0,4,11,5537,2241,3296,635,1184,4353,7.32311343687918,8.0111088799643,6.85533498179612,7.09544881889764,7.25619011824325,7.34131633356306,159
"164",2022,8,7.764,25,8.3,7.34285714285714,NA,9.43333333333333,7.53636363636364,11,14,0,3,22,5562,2252,3310,635,1187,4375,7.32509512765192,8.01251998223801,6.85739700906344,7.09544881889764,7.26169258635215,7.34229714285714,160
"165",2022,9,7.66666666666667,18,8.04285714285714,7.42727272727273,6.5,5,7.82352941176471,7,11,1,1,17,5580,2259,3321,636,1188,4392,7.32619697132616,8.01261398849048,6.85928458295694,7.09451257861635,7.25978880471381,7.34415983606557,161
"166",2022,10,7.32307692307692,13,8.6,6.525,6.25,6.625,7.63333333333333,5,8,4,4,9,5593,2264,3329,640,1192,4401,7.32618971929197,8.01391121908127,6.85848125563232,7.089234375,7.2576586409396,7.3447511929107,162
"167",2022,11,7.31111111111111,18,7.58571428571429,7.13636363636364,7,7,7.32941176470588,7,11,1,1,17,5611,2271,3340,641,1193,4418,7.32614134735341,8.01259136944077,6.85939643712575,7.08909516380655,7.25744266554904,7.34469216840199,163
"168",2022,12,7.18333333333333,15,8.04166666666667,6.61111111111111,NA,8.5,6.98076923076923,6,9,0,2,13,5626,2277,3349,641,1195,4431,7.32576059367223,8.01266798418972,6.85872920274709,7.08909516380655,7.25952225941423,7.34362446400361,164
