"","year","month","avg_rating","no_ratings","avg_rating_owned","avg_rating_not_owned","avg_rating_prev_owned","avg_rating_comment","avg_rating_no_comment","no_ratings_owned","no_ratings_not_owned","no_ratings_prev_owned","no_ratings_comment","no_ratings_no_comment","cum_no_ratings","cum_no_ratings_owned","cum_no_ratings_not_owned","cum_no_ratings_prev_owned","cum_no_ratings_comment","cum_no_ratings_no_comment","cum_avg_rating","cum_avg_rating_owned","cum_avg_rating_not_owned","cum_avg_rating_prev_owned","cum_avg_rating_comment","cum_avg_rating_no_comment","month_after_release"
"1",2001,6,7,7,7,NA,NA,6.83333333333333,7.125,7,0,0,3,4,7,7,0,0,3,4,7,7,NA,NA,6.83333333333333,7.125,1
"2",2001,7,6.5,2,6,7,NA,NA,6.5,1,1,0,0,2,9,8,1,0,3,6,6.88888888888889,6.875,7,NA,6.83333333333333,6.91666666666667,2
"3",2001,8,6.5,4,6,8,8,7,6.33333333333333,3,1,1,1,3,13,11,2,1,4,9,6.76923076923077,6.63636363636364,7.5,8,6.875,6.72222222222222,3
"4",2001,9,7.875,4,8.16666666666667,7,NA,7,8.16666666666667,3,1,0,1,3,17,14,3,1,5,12,7.02941176470588,6.96428571428571,7.33333333333333,8,6.9,7.08333333333333,4
"5",2001,10,7,3,7,NA,NA,6,7.5,3,0,0,1,2,20,17,3,1,6,14,7.025,6.97058823529412,7.33333333333333,8,6.75,7.14285714285714,5
"6",2001,11,6,2,6,NA,NA,NA,6,2,0,0,0,2,22,19,3,1,6,16,6.93181818181818,6.86842105263158,7.33333333333333,8,6.75,7,6
"7",2001,12,6.66666666666667,3,8,4,NA,NA,6.66666666666667,2,1,0,0,3,25,21,4,1,6,19,6.9,6.97619047619048,6.5,8,6.75,6.94736842105263,7
"8",2002,1,6.33333333333333,3,8,3,NA,NA,6.33333333333333,2,1,0,0,3,28,23,5,1,6,22,6.83928571428571,7.06521739130435,5.8,8,6.75,6.86363636363636,8
"9",2002,2,6,3,7,5.5,NA,5,6.5,1,2,0,1,2,31,24,7,1,7,24,6.75806451612903,7.0625,5.71428571428571,8,6.5,6.83333333333333,9
"10",2002,3,6.5,4,6.5,NA,NA,NA,6.5,4,0,0,0,4,35,28,7,1,7,28,6.72857142857143,6.98214285714286,5.71428571428571,8,6.5,6.78571428571429,10
"11",2002,4,7.125,4,7.5,6,6,6.5,9,3,1,1,3,1,39,31,8,2,10,29,6.76923076923077,7.03225806451613,5.75,7,6.5,6.86206896551724,11
"12",2002,6,6.1,5,6.83333333333333,5,NA,NA,6.1,3,2,0,0,5,44,34,10,2,10,34,6.69318181818182,7.01470588235294,5.6,7,6.5,6.75,13
"13",2002,7,5.57142857142857,7,5,7,NA,2,6.16666666666667,5,2,0,1,6,51,39,12,2,11,40,6.53921568627451,6.75641025641026,5.83333333333333,7,6.09090909090909,6.6625,14
"14",2002,8,6.83333333333333,6,7.25,6,NA,8,6.25,4,2,0,2,4,57,43,14,2,13,44,6.57017543859649,6.80232558139535,5.85714285714286,7,6.38461538461539,6.625,15
"15",2002,9,7.33333333333333,3,7.33333333333333,NA,NA,7.5,7,3,0,0,2,1,60,46,14,2,15,45,6.60833333333333,6.83695652173913,5.85714285714286,7,6.53333333333333,6.63333333333333,16
"16",2002,10,7.71428571428571,7,7.6,8,NA,7.8,7.5,5,2,0,5,2,67,51,16,2,20,47,6.72388059701493,6.91176470588235,6.125,7,6.85,6.67021276595745,17
"17",2002,11,7.8,5,7.8,NA,NA,7.5,8,5,0,0,2,3,72,56,16,2,22,50,6.79861111111111,6.99107142857143,6.125,7,6.90909090909091,6.75,18
"18",2002,12,6.5,10,6.875,5,5,7.33333333333333,6.14285714285714,8,2,2,3,7,82,64,18,4,25,57,6.76219512195122,6.9765625,6,6,6.96,6.67543859649123,19
"19",2003,1,6.77777777777778,9,7.5,5.33333333333333,NA,6,7.16666666666667,6,3,0,3,6,91,70,21,4,28,63,6.76373626373626,7.02142857142857,5.90476190476191,6,6.85714285714286,6.72222222222222,20
"20",2003,2,7,5,7.75,4,NA,4,7.75,4,1,0,1,4,96,74,22,4,29,67,6.77604166666667,7.06081081081081,5.81818181818182,6,6.75862068965517,6.78358208955224,21
"21",2003,3,7.7,5,7.625,8,NA,7.75,7.66666666666667,4,1,0,2,3,101,78,23,4,31,70,6.82178217821782,7.08974358974359,5.91304347826087,6,6.82258064516129,6.82142857142857,22
"22",2003,4,6.94444444444444,9,6.92857142857143,7,NA,7,6.9375,7,2,0,1,8,110,85,25,4,32,78,6.83181818181818,7.07647058823529,6,6,6.828125,6.83333333333333,23
"23",2003,5,7.11,10,7.2625,6.5,NA,6.91666666666667,7.4,8,2,0,6,4,120,93,27,4,38,82,6.855,7.09247311827957,6.03703703703704,6,6.84210526315789,6.8609756097561,24
"24",2003,6,6.36363636363636,11,6.44444444444444,6,NA,6.33333333333333,6.4,9,2,0,6,5,131,102,29,4,44,87,6.81374045801527,7.03529411764706,6.03448275862069,6,6.77272727272727,6.83448275862069,25
"25",2003,7,6.75862068965517,29,6.88,6,5,7.25,6.68,25,4,1,4,25,160,127,33,5,48,112,6.80375,7.00472440944882,6.03030303030303,5.8,6.8125,6.8,26
"26",2003,8,6.58333333333333,18,7.35,5.625,5,6.41666666666667,6.66666666666667,10,8,2,6,12,178,137,41,7,54,124,6.7814606741573,7.02992700729927,5.95121951219512,5.57142857142857,6.76851851851852,6.78709677419355,27
"27",2003,9,7.26333333333333,15,7.88333333333333,6.33333333333333,6,8.5,7.07307692307692,9,6,2,2,13,193,146,47,9,56,137,6.81891191709845,7.08253424657534,6,5.66666666666667,6.83035714285714,6.81423357664234,28
"28",2003,10,7.63636363636364,11,7.63636363636364,NA,NA,7.66666666666667,7.625,11,0,0,3,8,204,157,47,9,59,145,6.86299019607843,7.12133757961783,6,5.66666666666667,6.8728813559322,6.85896551724138,29
"29",2003,11,7.5,5,8.83333333333333,5.5,7,8.75,6.66666666666667,3,2,1,2,3,209,160,49,10,61,148,6.87822966507177,7.1534375,5.97959183673469,5.8,6.9344262295082,6.85506756756757,30
"30",2003,12,7,14,7.3,6.25,NA,8,6.72727272727273,10,4,0,3,11,223,170,53,10,64,159,6.88587443946188,7.16205882352941,6,5.8,6.984375,6.84622641509434,31
"31",2004,1,7.26315789473684,19,7.26315789473684,NA,NA,6.5,7.35294117647059,19,0,0,2,17,242,189,53,10,66,176,6.91549586776859,7.17222222222222,6,5.8,6.96969696969697,6.89517045454546,32
"32",2004,2,6.91666666666667,12,7.4,4.5,6,6.3,7.35714285714286,10,2,1,5,7,254,199,55,11,71,183,6.91555118110236,7.18366834170854,5.94545454545455,5.81818181818182,6.92253521126761,6.91284153005465,33
"33",2004,3,7.03846153846154,13,7.04166666666667,7,NA,6.16666666666667,7.3,12,1,0,3,10,267,211,56,11,74,193,6.92153558052434,7.17559241706161,5.96428571428571,5.81818181818182,6.89189189189189,6.93290155440415,34
"34",2004,4,6.77777777777778,9,7.14285714285714,5.5,6,7.25,6.4,7,2,1,4,5,276,218,58,12,78,198,6.91684782608696,7.17454128440367,5.94827586206897,5.83333333333333,6.91025641025641,6.91944444444445,35
"35",2004,5,7,7,7.16666666666667,6,NA,7,7,6,1,0,3,4,283,224,59,12,81,202,6.91890459363958,7.17433035714286,5.94915254237288,5.83333333333333,6.91358024691358,6.9210396039604,36
"36",2004,6,6.875,12,7.4375,5.75,6.5,7.75,6.7,8,4,2,2,10,295,232,63,14,83,212,6.9171186440678,7.18340517241379,5.93650793650794,5.92857142857143,6.93373493975904,6.91061320754717,37
"37",2004,7,6.5,8,6.5,NA,NA,NA,6.5,8,0,0,0,8,303,240,63,14,83,220,6.90610561056106,7.160625,5.93650793650794,5.92857142857143,6.93373493975904,6.89568181818182,38
"38",2004,8,6.875,12,7.16666666666667,6,7,6.5,7.0625,9,3,1,4,8,315,249,66,15,87,228,6.90492063492063,7.16084337349398,5.93939393939394,6,6.91379310344828,6.9015350877193,39
"39",2004,9,7.33333333333333,12,7.33333333333333,NA,NA,9,7,12,0,0,2,10,327,261,66,15,89,238,6.92064220183486,7.16877394636015,5.93939393939394,6,6.96067415730337,6.90567226890756,40
"40",2004,10,6.67647058823529,17,6.75,6.33333333333333,6,6.6,6.70833333333333,14,3,1,5,12,344,275,69,16,94,250,6.90857558139535,7.14745454545455,5.95652173913043,6,6.94148936170213,6.8962,41
"41",2004,11,6.30769230769231,13,6.375,6.2,NA,5,6.41666666666667,8,5,0,1,12,357,283,74,16,95,262,6.88669467787115,7.1256183745583,5.97297297297297,6,6.92105263157895,6.87423664122137,42
"42",2004,12,6.9,10,7.16666666666667,6.5,7.25,6.58333333333333,7.375,6,4,2,6,4,367,289,78,18,101,266,6.88705722070845,7.12647058823529,6,6.13888888888889,6.9009900990099,6.88176691729323,43
"43",2005,1,6.98387096774194,31,7.125,6.72727272727273,7.66666666666667,6.72222222222222,7.09090909090909,20,11,3,9,22,398,309,89,21,110,288,6.89459798994975,7.12637540453075,6.08988764044944,6.35714285714286,6.88636363636364,6.89774305555556,44
"44",2005,2,7.02631578947368,19,7.07692307692308,6.91666666666667,6.83333333333333,6.64285714285714,7.25,13,6,3,7,12,417,322,95,24,117,300,6.90059952038369,7.12437888198758,6.14210526315789,6.41666666666667,6.87179487179487,6.91183333333333,45
"45",2005,3,6.92666666666667,15,7.39,6,8,6.55714285714286,7.25,10,5,1,7,8,432,332,100,25,124,308,6.90150462962963,7.13237951807229,6.135,6.48,6.85403225806452,6.92061688311688,46
"46",2005,4,6.52941176470588,17,6.90909090909091,5.83333333333333,8,6.54545454545455,6.5,11,6,1,11,6,449,343,106,26,135,314,6.88741648106904,7.12521865889213,6.11792452830189,6.53846153846154,6.82888888888889,6.9125796178344,47
"47",2005,5,7.2,20,7.69285714285714,6.05,6.9,7.55555555555556,6.90909090909091,14,6,2,9,11,469,357,112,28,144,325,6.90074626865672,7.14747899159664,6.11428571428571,6.56428571428571,6.87430555555556,6.91246153846154,48
"48",2005,6,6.59375,16,6.33333333333333,7.375,9,6.40909090909091,7,12,4,1,11,5,485,369,116,29,155,330,6.89061855670103,7.1210027100271,6.15775862068965,6.64827586206897,6.84129032258064,6.91378787878788,49
"49",2005,7,6.58333333333333,12,6.6,6.57142857142857,7.25,6,6.7,5,7,2,2,10,497,374,123,31,157,340,6.88319919517103,7.11403743315508,6.18130081300813,6.68709677419355,6.83057324840764,6.9075,50
"50",2005,8,6.32,25,6.5625,5.88888888888889,6.6,6.4375,6.11111111111111,16,9,5,16,9,522,390,132,36,173,349,6.85622605363985,7.09141025641026,6.16136363636364,6.675,6.79421965317919,6.88696275071633,51
"51",2005,9,6.89423076923077,26,6.98809523809524,6.5,7,7.59375,6.58333333333333,21,5,3,8,18,548,411,137,39,181,367,6.85802919708029,7.08613138686131,6.17372262773723,6.7,6.82955801104972,6.87207084468665,52
"52",2005,10,6.348,25,6.39047619047619,6.125,5.5,6.42727272727273,6.28571428571429,21,4,2,11,14,573,432,141,41,192,381,6.83577661431065,7.05231481481481,6.17234042553191,6.64146341463415,6.80651041666667,6.8505249343832,53
"53",2005,11,6.87894736842105,19,7.12142857142857,6.2,NA,6.125,7.08,14,5,0,4,15,592,446,146,41,196,396,6.83716216216216,7.05448430493273,6.17328767123288,6.64146341463415,6.79260204081633,6.85921717171717,54
"54",2005,12,6.79166666666667,24,7.1,6.27777777777778,6.33333333333333,7.04545454545455,6.57692307692308,15,9,3,11,13,616,461,155,44,207,409,6.83538961038961,7.05596529284165,6.17935483870968,6.62045454545455,6.80603864734299,6.85024449877751,55
"55",2006,1,7.06896551724138,29,7.2,6.77777777777778,7,7.44444444444444,6.9,20,9,1,9,20,645,481,164,45,216,429,6.84589147286822,7.06195426195426,6.21219512195122,6.62888888888889,6.83263888888889,6.8525641025641,56
"56",2006,2,6.91176470588235,17,7.29166666666667,6,6,7.21428571428571,6.7,12,5,2,7,10,662,493,169,47,223,439,6.847583081571,7.06754563894523,6.20591715976331,6.60212765957447,6.84461883408072,6.84908883826879,57
"57",2006,3,6.73529411764706,17,7.07692307692308,5.625,7,6.33333333333333,6.95454545454545,13,4,1,6,11,679,506,173,48,229,450,6.84477172312224,7.06778656126482,6.19248554913295,6.61041666666667,6.83122270742358,6.85166666666667,58
"58",2006,4,6.85714285714286,7,7.5,6,NA,6.5,7,4,3,0,2,5,686,510,176,48,231,455,6.84489795918367,7.07117647058823,6.18920454545454,6.61041666666667,6.82835497835498,6.8532967032967,59
"59",2006,5,6.97368421052632,19,7.3,5.75,NA,6.64285714285714,7.16666666666667,15,4,0,7,12,705,525,180,48,238,467,6.84836879432624,7.07771428571429,6.17944444444444,6.61041666666667,6.82289915966386,6.86134903640257,60
"60",2006,6,6.86363636363636,11,7.05,5,NA,6.5,6.94444444444444,10,1,0,2,9,716,535,181,48,240,476,6.84860335195531,7.07719626168224,6.17292817679558,6.61041666666667,6.82020833333333,6.86292016806723,61
"61",2006,7,6.85238095238095,21,7,6.38,6.66666666666667,6.5,7.06923076923077,16,5,3,8,13,737,551,186,51,248,489,6.84871099050203,7.07495462794918,6.17849462365591,6.61372549019608,6.80987903225806,6.86840490797546,62
"62",2006,8,6.34761904761905,21,6.95,5.14285714285714,6,6.18571428571429,6.42857142857143,14,7,1,7,14,758,565,193,52,255,503,6.83482849604222,7.07185840707965,6.14093264248705,6.60192307692308,6.79274509803922,6.85616302186879,63
"63",2006,9,6.83333333333333,15,7.04545454545455,6.25,7,6,7.04166666666667,11,4,2,3,12,773,576,197,54,258,515,6.83479948253557,7.07135416666667,6.14314720812183,6.61666666666667,6.78352713178294,6.8604854368932,64
"64",2006,10,6.875,16,7.3,6.16666666666667,6.33333333333333,7,6.85714285714286,10,6,3,2,14,789,586,203,57,260,529,6.83561470215462,7.07525597269624,6.14384236453202,6.60175438596491,6.78519230769231,6.86039697542533,65
"65",2006,11,6.63333333333333,15,7.27777777777778,5.66666666666667,NA,6.5,6.75,9,6,0,7,8,804,595,209,57,267,537,6.8318407960199,7.07831932773109,6.13014354066986,6.60175438596491,6.77771535580524,6.85875232774674,66
"66",2006,12,7.09848484848485,33,7.3375,6.73076923076923,7.6,7.04166666666667,7.13095238095238,20,13,5,12,21,837,615,222,62,279,558,6.84235364396655,7.08674796747967,6.16531531531532,6.68225806451613,6.78906810035842,6.86899641577061,67
"67",2007,1,6.31034482758621,29,6.4,6.11111111111111,6.75,6.4,6.26315789473684,20,9,2,10,19,866,635,231,64,289,577,6.82453810623556,7.06511811023622,6.16320346320346,6.684375,6.77560553633218,6.84904679376083,68
"68",2007,2,6.79784652173913,23,7.25,6.09449666666667,NA,6.875,6.756698,14,9,0,8,15,889,649,240,64,297,592,6.82384754780652,7.0691063174114,6.16062695833333,6.684375,6.77828282828283,6.846706875,69
"69",2007,3,6.29545454545455,22,6.89285714285714,5.25,5.375,5.85,6.66666666666667,14,8,4,10,12,911,663,248,68,307,604,6.811087233809,7.06538461538461,6.13125189516129,6.60735294117647,6.74804560260586,6.84312991721854,70
"70",2007,4,6.44791666666667,24,6.81944444444444,5.33333333333333,4,6.25,6.56666666666667,18,6,1,9,15,935,681,254,69,316,619,6.80176520855615,7.05888399412628,6.11240342519685,6.5695652173913,6.73386075949367,6.83643048465267,71
"71",2007,5,7.46428571428571,21,7.296875,8,6.5,7.10714285714286,7.64285714285714,16,5,2,7,14,956,697,259,71,323,633,6.8163184832636,7.06434720229555,6.14884351351351,6.56760563380282,6.74195046439628,6.85426614533965,72
"72",2007,6,6.97,30,7.15909090909091,6.45,7.6,7.3,6.904,22,8,2,5,25,986,719,267,73,328,658,6.82099439148073,7.06724617524339,6.15786692883895,6.5958904109589,6.75045731707317,6.85615572948328,73
"73",2007,7,6.725,20,7.02941176470588,5,5,6.66666666666667,6.75,17,3,2,6,14,1006,736,270,75,334,672,6.81908595427435,7.06637228260869,6.14500174074074,6.55333333333333,6.74895209580838,6.85394415178571,74
"74",2007,8,6.79545454545455,22,7,6.55,6,6.7,6.875,12,10,2,10,12,1028,748,280,77,344,684,6.81858022373541,7.06530748663102,6.15946596428571,6.53896103896104,6.74752906976744,6.85431355263158,75
"75",2007,9,6.69,30,7.21052631578947,5.79090909090909,4.66666666666667,6.70833333333333,6.67777777777778,19,11,3,12,18,1058,767,291,80,356,702,6.81493428166352,7.06890482398957,6.14553426116838,6.46875,6.74620786516854,6.84978699430199,76
"76",2007,10,6.73666666666667,30,6.90526315789474,6.44545454545455,7.5,6.8,6.71363636363636,19,11,1,8,22,1088,786,302,81,364,724,6.81277616727941,7.06494910941476,6.15645850993377,6.48148148148148,6.74739010989011,6.84564982044199,77
"77",2007,11,6.96071428571429,28,7.01904761904762,6.78571428571429,6.75,7.25,6.845,21,7,2,8,20,1116,807,309,83,372,744,6.81648787634409,7.06375464684015,6.17071349514563,6.48795180722892,6.75819892473118,6.84563235215054,78
"78",2007,12,6.54166666666667,42,6.82142857142857,5.98214285714286,6,6.23529411764706,6.75,28,14,2,17,25,1158,835,323,85,389,769,6.80652026770294,7.05562874251497,6.16254015479876,6.47647058823529,6.7353470437018,6.8425233680104,79
"79",2008,1,6.77395833333333,48,6.88387096774194,6.57352941176471,7,7.12692307692308,6.64285714285714,31,17,4,13,35,1206,866,340,89,402,804,6.80522427031509,7.04948036951501,6.18308961764706,6.5,6.74800995024876,6.83383143034826,80
"80",2008,2,7.32608695652174,23,7.58823529411765,6.58333333333333,NA,6.91666666666667,7.47058823529412,17,6,0,6,17,1229,883,346,89,408,821,6.81497190398698,7.05985277463193,6.19003026011561,6.5,6.75049019607843,6.84701640682095,81
"81",2008,3,7.01958333333333,24,7.46214285714286,6.4,6.6,7.38555555555556,6.8,14,10,5,9,15,1253,897,356,94,417,836,6.81889103750998,7.06613154960981,6.19592828651685,6.50531914893617,6.76419664268585,6.84617281100478,82
"82",2008,4,6.5741935483871,31,6.925,5.93636363636364,6.25,6.68181818181818,6.515,20,11,4,11,20,1284,917,367,98,428,856,6.81298323208723,7.0630534351145,6.18814841961853,6.49489795918367,6.76207943925234,6.83843512850467,83
"83",2008,5,6.7258064516129,31,6.75,6.7,7,6.875,6.63157894736842,16,15,2,12,19,1315,933,382,100,440,875,6.81092811406844,7.05768488745981,6.20824730366492,6.505,6.76515909090909,6.83394339428571,84
"84",2008,6,6.92,25,7,6.5,5,7.1,6.875,21,4,1,5,20,1340,954,386,101,445,895,6.81296303731343,7.05641509433962,6.21127064766839,6.49009900990099,6.76892134831461,6.8348608603352,85
"85",2008,7,6.46571428571429,35,7.08571428571429,5.53571428571429,5.5,6.21538461538462,6.61363636363636,21,14,10,13,22,1375,975,400,111,458,917,6.80412397818182,7.05704615384615,6.187626175,6.4009009009009,6.7532096069869,6.82955340239913,86
"86",2008,8,6.61029411764706,34,7.05681818181818,5.79166666666667,5.5,5.92857142857143,6.78703703703704,22,12,8,7,27,1409,997,412,119,465,944,6.79944674946771,7.05704112337011,6.17609337378641,6.34033613445378,6.74079569892473,6.82833736228813,87
"87",2008,9,6.48518518518518,27,7.15294117647059,5.35,5.64285714285714,6.38888888888889,6.53333333333333,17,10,7,9,18,1436,1014,422,126,474,962,6.79353793175487,7.05864891518738,6.1565177014218,6.3015873015873,6.73411392405063,6.82281753638254,88
"88",2008,10,6.65483870967742,31,6.77916666666667,6.22857142857143,6.9,6.66666666666667,6.652,24,7,5,6,25,1467,1038,429,131,480,987,6.79060700068166,7.05218689788054,6.1576934032634,6.32442748091603,6.73327083333333,6.81849085106383,89
"89",2008,11,6.48611111111111,36,6.57894736842105,6.38235294117647,6.5,6.25,6.53333333333333,19,17,9,6,30,1503,1057,446,140,486,1017,6.78331368596141,7.04368022705771,6.16625665919283,6.33571428571429,6.72730452674897,6.81007912487709,90
"90",2008,12,6.69085185185185,27,7.02164285714286,6.33461538461538,6.17857142857143,6.55481818181818,6.784375,14,13,7,11,16,1530,1071,459,147,497,1033,6.78168200653595,7.04339215686274,6.17102498910675,6.32823129251701,6.72348692152918,6.80968099709584,91
"91",2009,1,6.43809523809524,42,6.7037037037037,5.96,6.3625,6.40909090909091,6.44838709677419,27,15,8,11,31,1572,1098,474,155,508,1064,6.77250220737913,7.03503916211293,6.16434698312236,6.33,6.71667913385827,6.79915457706767,92
"92",2009,2,6.55392156862745,51,6.962,6.16153846153846,5.9625,6.41666666666667,6.59615384615385,25,26,8,12,39,1623,1123,500,163,520,1103,6.76563368453481,7.03341317898486,6.16420094,6.31196319018405,6.70975576923077,6.79197685403445,93
"93",2009,3,6.18666666666667,45,6.75,5.736,5.83333333333333,5.77272727272727,6.32058823529412,20,25,9,11,34,1668,1143,525,172,531,1137,6.7500140707434,7.02845406824147,6.14381041904762,6.28691860465116,6.69034463276836,6.7778808003518,94
"94",2009,4,6.54102564102564,39,6.98823529411765,6.19545454545455,5.42,6.68333333333333,6.51515151515152,17,22,5,6,33,1707,1160,547,177,537,1170,6.74523929115407,7.02786465517241,6.14588751371115,6.26242937853107,6.69026629422719,6.77047048717949,95
"95",2009,5,6.46136363636364,44,6.75294117647059,6.27777777777778,6.3125,6.25,6.52352941176471,17,27,8,10,34,1751,1177,574,185,547,1204,6.73810592233009,7.02389379779099,6.15209141114983,6.26459459459459,6.68221755027422,6.76349706810631,96
"96",2009,6,6.48809523809524,42,7.16666666666667,5.80952380952381,5,5.88461538461539,6.75862068965517,21,21,4,13,29,1793,1198,595,189,560,1233,6.7322495649749,7.02639649415693,6.14000078991597,6.23783068783069,6.66370178571428,6.76338237631792,97
"97",2009,7,6.41190476190476,42,6.87727272727273,5.9,5.23,6.63,6.34375,22,20,10,10,32,1835,1220,615,199,570,1265,6.72491742234332,7.02370737704918,6.13219588617886,6.18718592964824,6.66311052631579,6.75276716996047,98
"98",2009,8,6.62413793103448,29,6.63125,6.61538461538461,6.42857142857143,6.825,6.54761904761905,16,13,7,8,21,1864,1236,628,206,578,1286,6.72334950107296,7.01862702265372,6.14219820063694,6.19538834951456,6.66535121107266,6.74941716174183,99
"99",2009,9,6.8780487804878,41,7.675,6.11904761904762,6,6.85714285714286,6.88235294117647,20,21,9,7,34,1905,1256,649,215,585,1320,6.72667898687664,7.02907882165605,6.14144910631741,6.18720930232558,6.66764615384615,6.75284126515151,100
"100",2009,10,6.8,40,7.575,6.025,6,6.5,6.91379310344828,20,20,8,11,29,1945,1276,669,223,596,1349,6.72818687403599,7.0376355799373,6.13796781763827,6.1804932735426,6.66455201342282,6.75630131208302,101
"101",2009,11,6.59673913043478,46,7.15555555555556,5.80263157894737,5.79166666666667,5.96428571428571,6.71025641025641,27,19,6,7,39,1991,1303,688,229,603,1388,6.72514990959317,7.04007904834996,6.12870707848837,6.17030567685589,6.65642288557214,6.75500754322767,102
"102",2009,12,6.7472972972973,37,6.88823529411765,6.6275,6.20833333333333,6.75,6.74655172413793,17,20,6,8,29,2028,1320,708,235,611,1417,6.72555397928994,7.03812348484849,6.1427972740113,6.17127659574468,6.65764811783961,6.75483448835568,103
"103",2010,1,6.48936170212766,47,6.7,6.25,5.7,5.8,6.67567567567568,25,22,10,10,37,2075,1345,730,245,621,1454,6.72020408192771,7.03183866171004,6.14602804109589,6.15204081632653,6.64383735909823,6.752820130674,104
"104",2010,2,6.46764705882353,34,6.9375,6.05,6.16666666666667,6.21428571428571,6.53333333333333,16,18,6,7,27,2109,1361,748,251,628,1481,6.71613251303935,7.03072961058046,6.14371720588235,6.15239043824701,6.63904936305732,6.74881868332208,105
"105",2010,3,6.9,27,6.95625,6.81818181818182,7.25,6.8,6.92272727272727,16,11,4,5,22,2136,1377,759,255,633,1503,6.71845668071161,7.02986419753086,6.15349205533597,6.16960784313725,6.64032069510268,6.75136425149701,106
"106",2010,4,6.38333333333333,30,6.96428571428571,5.875,5.41666666666667,6.375,6.38461538461539,14,16,6,4,26,2166,1391,775,261,637,1529,6.71381508310249,7.02920416966211,6.14774254193548,6.15229885057471,6.6386546310832,6.74512784172662,107
"107",2010,5,6.61538461538461,26,7.22222222222222,5.25,4.5,6.1,6.73809523809524,18,8,2,5,21,2192,1409,783,263,642,1550,6.71264756843066,7.0316699787083,6.13857020434227,6.13973384030418,6.63445950155763,6.74503256129032,108
"108",2010,6,6.81785714285714,28,6.63571428571429,7,7,7,6.75714285714286,14,14,4,7,21,2220,1423,797,267,649,1571,6.71397453603603,7.02777442023893,6.15370196988708,6.15262172284644,6.63840215716487,6.74519444302992,109
"109",2010,7,6.90137931034483,29,7.11411764705882,6.6,5.66666666666667,7.1,6.86,17,12,3,5,24,2249,1440,809,270,654,1595,6.71639104935527,7.02879375,6.16032196538937,6.14722222222222,6.64193119266055,6.74692192476489,110
"110",2010,8,6.524,25,6.79285714285714,6.18181818181818,6.33333333333333,6.07142857142857,6.7,14,11,6,7,18,2274,1454,820,276,661,1613,6.71427593227792,7.0265220082531,6.16061032926829,6.15126811594203,6.6358895612708,6.74639830750155,111
"111",2010,9,7.01785714285714,28,7.295,6.325,6.4,7.2,6.97826086956522,20,8,4,5,23,2302,1474,828,280,666,1636,6.71796849261511,7.03016485753053,6.1621986352657,6.15482142857143,6.64012462462462,6.74965798899755,112
"112",2010,10,6.784,25,6.96923076923077,6.58333333333333,7,6.68333333333333,6.81578947368421,13,12,3,6,19,2327,1487,840,283,672,1655,6.71867789858186,7.02963214525891,6.1682148452381,6.16378091872791,6.64051041666666,6.75041720241692,113
"113",2010,11,6.38780487804878,41,6.86666666666667,5.885,6.25,6.3,6.4,21,20,4,5,36,2368,1508,860,287,677,1691,6.71294910050675,7.02736273209549,6.16162845348837,6.16498257839721,6.63799556868538,6.74295710821999,114
"114",2010,12,6.75142857142857,35,6.86363636363636,6.56153846153846,6.28571428571429,7,6.71935483870968,22,13,7,4,31,2403,1530,873,294,681,1722,6.71350955888472,7.02500849673203,6.16758358533792,6.16785714285714,6.64012187958884,6.74253221254355,115
"115",2011,1,6.76617647058824,34,7.03571428571429,6.33076923076923,7.8,5.28571428571429,7.15,21,13,1,7,27,2437,1551,886,295,688,1749,6.71424434550677,7.02515344938749,6.16997795711061,6.17338983050847,6.62634156976744,6.74882245283019,116
"116",2011,2,6.77115384615385,26,7.43666666666667,5.86363636363636,6.25,7.33333333333333,6.6025,15,11,4,6,20,2463,1566,897,299,694,1769,6.7148450954121,7.02909514687101,6.16622125975474,6.17441471571906,6.63245389048991,6.74716815715093,117
"117",2011,3,6.23548387096774,31,6.30769230769231,6.18333333333333,5.6,5.85,6.41904761904762,13,18,10,10,21,2494,1579,915,309,704,1790,6.70888671611868,7.02315579480684,6.16655789071038,6.15582524271845,6.62133948863636,6.74331869832402,118
"118",2011,4,6.244,25,6.81538461538462,5.625,5.33333333333333,5.5,6.47894736842105,13,12,6,6,19,2519,1592,927,315,710,1809,6.7042729138547,7.02145917085427,6.15954743257821,6.14015873015873,6.61186338028169,6.74054199557766,119
"119",2011,5,7.06363636363636,33,7.47619047619048,6.34166666666667,6.25,7.25,7.02222222222222,21,12,2,6,27,2552,1613,939,317,716,1836,6.70891985501567,7.02737941723497,6.16187483493078,6.14085173501577,6.61721089385475,6.74468435185185,120
"120",2011,6,6.86875,32,7.09375,6.64375,6.7,6.75,6.89615384615385,16,16,6,6,26,2584,1629,955,323,722,1862,6.71089917569659,7.02803130755064,6.16994813612566,6.15123839009288,6.61831440443213,6.74679939312567,121
"121",2011,7,6.48695652173913,23,6.975,5.95454545454545,5.66666666666667,6.425,6.5,12,11,3,4,19,2607,1641,966,326,726,1881,6.70892346375143,7.02764351005485,6.16749531055901,6.14677914110429,6.61724931129476,6.74430646996278,122
"122",2011,8,6.48333333333333,30,7.1125,5.76428571428571,6.36666666666667,6.04285714285714,6.61739130434783,16,14,3,7,23,2637,1657,980,329,733,1904,6.70635702313234,7.02846288473144,6.16173517346939,6.14878419452887,6.61176398362892,6.74277335609243,123
"123",2011,9,6.79090909090909,22,7.22307692307692,6.16666666666667,6.4,7.2,6.45,13,9,5,10,12,2659,1670,989,334,743,1916,6.70705658894321,7.02997784431138,6.16178005055612,6.15254491017964,6.61968102288021,6.74093970250522,124
"124",2011,10,6.55625,32,6.91333333333333,6.24117647058824,5.8875,6.73333333333333,6.48695652173913,15,17,8,9,23,2691,1685,1006,342,752,1939,6.70526327387588,7.02893946587537,6.16312173956263,6.14634502923977,6.62104122340425,6.7379270087674,125
"125",2011,11,6.39459459459459,37,6.91666666666667,5.9,5.91666666666667,6.375,6.4,18,19,6,8,29,2728,1703,1025,348,760,1968,6.7010496590909,7.02775278919554,6.15824436097561,6.14238505747126,6.61845131578947,6.73294739329268,126
"126",2011,12,5.94615384615385,26,6.66363636363636,5.42,6,5.86,5.96666666666667,11,15,4,5,21,2754,1714,1040,352,765,1989,6.69392282861292,7.02541598599767,6.14759660576923,6.14076704545454,6.61349411764706,6.72485694821518,127
"127",2012,1,6.5175,40,6.66111111111111,6.4,6.77777777777778,6.5625,6.50625,18,22,9,8,32,2794,1732,1062,361,773,2021,6.69139709019327,7.02162990762125,6.15282530131827,6.15664819944598,6.61296636481242,6.72139558139535,128
"128",2012,2,6.5780487804878,41,7.05263157894737,6.16818181818182,6.21428571428571,6.70833333333333,6.52413793103448,19,22,7,12,29,2835,1751,1084,368,785,2050,6.6897578377425,7.02196630496859,6.15313696494465,6.15774456521739,6.61442420382166,6.71860510731707,129
"129",2012,3,6.83913043478261,23,7.10666666666667,6.3375,6,5,6.92272727272727,15,8,3,1,22,2858,1766,1092,371,786,2072,6.69095992652204,7.02268573046433,6.15448760989011,6.15646900269542,6.61237022900763,6.72077242760618,130
"130",2012,4,6.33181818181818,22,6.48333333333333,6.15,6.125,6.27777777777778,6.36923076923077,12,10,4,9,13,2880,1778,1102,375,795,2085,6.68821648263888,7.0190455568054,6.15444688747732,6.15613333333333,6.60858238993711,6.71858056115108,131
"131",2012,5,6.39184347826087,23,6.87603333333333,5.86363636363636,5.5,5.60248,6.61111111111111,12,11,4,5,18,2903,1790,1113,379,800,2103,6.68586836720633,7.01808681564246,6.15157274932615,6.14920844327177,6.60229425,6.71766070851165,132
"132",2012,6,6.66428571428571,28,7.1,6.42222222222222,6.71428571428571,6.5,6.71904761904762,10,18,7,7,21,2931,1800,1131,386,807,2124,6.6856621869669,7.01854188888889,6.15588016799293,6.15945595854922,6.60140693928129,6.71767442090395,133
"133",2012,7,6.66818181818182,22,7.07692307692308,6.07777777777778,5.25,5.7,6.95294117647059,13,9,4,5,17,2953,1813,1140,390,812,2141,6.68553195733152,7.01896050744622,6.15526357017544,6.1501282051282,6.59585640394089,6.71954248949089,134
"134",2012,8,6.24545454545455,22,7.57142857142857,5.62666666666667,5,7.2,5.96470588235294,7,15,5,5,17,2975,1820,1155,395,817,2158,6.68227760336134,7.02108538461538,6.14839867532468,6.13556962025316,6.59955373317013,6.71359613994439,135
"135",2012,9,6.735,20,6.7,6.77777777777778,6.5,6.9,6.70588235294118,11,9,4,3,17,2995,1831,1164,399,820,2175,6.68262967278798,7.01915641725833,6.15326500859107,6.13922305764411,6.60065292682927,6.71353584827586,136
"136",2012,10,6.78484848484849,33,6.90869565217391,6.5,6.2,6.36,6.86071428571429,23,10,5,5,28,3028,1854,1174,404,825,2203,6.68374368229854,7.01778608414239,6.15621845826235,6.13997524752475,6.59919442424242,6.71540647753064,137
"137",2012,11,6.58636363636364,33,6.41315789473684,6.82142857142857,6.8125,6.8,6.54821428571429,19,14,8,5,28,3061,1873,1188,412,830,2231,6.68269384841555,7.01165264281901,6.16405763468014,6.15303398058252,6.60040409638554,6.71330814432989,138
"138",2012,12,6.35388888888889,36,6.705,5.915,5.6,6.472,6.33483870967742,20,16,3,5,31,3097,1893,1204,415,835,2262,6.67887176945431,7.00841278394083,6.1607478986711,6.14903614457831,6.59963520958084,6.70812133952254,139
"139",2013,1,6.32941176470588,34,6.72380952380952,5.69230769230769,5.8,6.4,6.32258064516129,21,13,5,3,31,3131,1914,1217,420,838,2293,6.67507693069307,7.00529017763845,6.15574401807724,6.14488095238095,6.59892052505966,6.70290905800261,140
"140",2013,2,6.59310344827586,29,6.92352941176471,6.125,5.8,5.9375,6.84285714285714,17,12,5,8,21,3160,1931,1229,425,846,2314,6.67432464240506,7.00457037804247,6.15544383238405,6.14082352941176,6.59266595744681,6.70417911408816,141
"141",2013,3,6.96153846153846,26,7.46428571428571,6.375,6.6,7.3125,6.80555555555556,14,12,5,8,18,3186,1945,1241,430,854,2332,6.67666850910232,7.00787938303342,6.15756685737309,6.14616279069767,6.59940913348946,6.70496160806175,142
"142",2013,4,6.42575757575758,33,6.62,6.26388888888889,6.67857142857143,6.25625,6.48,15,18,7,8,25,3219,1960,1259,437,862,2357,6.67409626281454,7.00491091836735,6.15908694996029,6.15469107551487,6.59622436194895,6.70257550700042,143
"143",2013,5,6.55857142857143,21,6.56083333333333,6.55555555555556,7.125,6.186,6.675,12,9,4,5,16,3240,1972,1268,441,867,2373,6.67334749074074,7.00220862068966,6.16190100157729,6.16349206349206,6.5938585928489,6.7023895785925,144
"144",2013,6,6.21086956521739,23,6.35,6.10384615384615,5.75,5.25,6.47777777777778,10,13,5,5,18,3263,1982,1281,446,872,2391,6.67008760956175,6.99891796165489,6.1613118423107,6.15885650224215,6.58615298165137,6.70069864910079,145
"145",2013,7,6.6304347826087,23,7.25,6.15384615384615,6.7,7.36,6.42777777777778,10,13,5,5,18,3286,1992,1294,451,877,2409,6.66981006390748,7.00017841365462,6.16123683925812,6.16485587583149,6.59056488027366,6.69865938978829,146
"146",2013,8,6.56756756756757,37,7.03684210526316,6.07222222222222,6.25,6.6,6.56,19,18,6,7,30,3323,2011,1312,457,884,2439,6.66867164309359,7.00052481352561,6.16001560213415,6.16597374179431,6.59063959276018,6.69695386223862,147
"147",2013,9,6.165625,32,6.34117647058823,5.96666666666667,6.07142857142857,5.875,6.34,17,15,7,12,20,3355,2028,1327,464,896,2459,6.66387358271237,6.99499773175542,6.15783004521477,6.1645474137931,6.58105513392857,6.69405061813745,148
"148",2013,10,6.66,25,7.125,6.23076923076923,6.33333333333333,6.875,6.61904761904762,12,13,3,4,21,3380,2040,1340,467,900,2480,6.66384493195266,6.99576245098039,6.15853766417911,6.16563169164882,6.58236155555555,6.69341551209677,149
"149",2013,11,6.55135135135135,37,6.70434782608696,6.3,6.03333333333333,6.1125,6.67241379310345,23,14,6,8,29,3417,2063,1354,473,908,2509,6.66262682762657,6.99251352399418,6.16000034711965,6.16395348837209,6.5782218061674,6.69317276604225,150
"150",2013,12,6.29354838709677,31,7.17857142857143,5.56470588235294,5.71666666666667,5.75,6.424,14,17,6,6,25,3448,2077,1371,479,914,2534,6.65930854698376,6.99376764564275,6.15261886943837,6.15835073068893,6.57278490153173,6.69051715469613,151
"151",2014,1,6.57317073170732,41,6.57142857142857,6.57692307692308,6,7,6.5,28,13,4,6,35,3489,2105,1384,483,920,2569,6.65829632272857,6.98814983372922,6.15660438583815,6.15703933747412,6.57557108695652,6.68792155313351,152
"152",2014,2,6.95540540540541,37,7.2625,6.38846153846154,6.75,7.8125,6.71896551724138,24,13,4,8,29,3526,2129,1397,487,928,2598,6.66141403006239,6.99124255519023,6.15876196850394,6.16190965092402,6.58623426724138,6.68826807929176,153
"153",2014,3,6.92972972972973,37,7.52777777777778,6.36315789473684,5.75,5.75,7.07272727272727,18,19,4,4,33,3563,2147,1416,491,932,2631,6.6642003564412,6.99574075454122,6.16150456920904,6.15855397148676,6.58264527896996,6.69309025845686,154
"154",2014,4,6.67297297297297,37,7.24761904761905,5.91875,5.95,6.7,6.66875,21,16,6,5,32,3600,2168,1432,497,937,2663,6.66429051944444,6.99818053505535,6.15879222765363,6.15603621730382,6.58327150480256,6.69279777318813,155
"155",2014,5,6.66451612903226,31,6.75263157894737,6.525,6.075,7.15,6.63103448275862,19,12,4,2,29,3631,2187,1444,501,939,2692,6.66429244560727,6.99604727937814,6.16183550554017,6.15538922155689,6.5844785942492,6.69213241827637,156
"156",2014,6,6.8547619047619,21,7.13928571428571,6.28571428571429,5.33333333333333,7.6,6.77631578947368,14,7,3,2,19,3652,2201,1451,504,941,2711,6.66538769715224,6.99695838255339,6.16243312887664,6.15049603174603,6.58663698193411,6.69272241608263,157
"157",2014,7,6.76875,32,7.00666666666667,6.55882352941176,6.5,6.5,6.89090909090909,15,17,7,10,22,3684,2216,1468,511,951,2733,6.66628552388708,6.99702409747292,6.16702348092643,6.15528375733855,6.58572597266036,6.69431777167947,158
"158",2014,8,6.7047619047619,21,7.25,6.20909090909091,7.06,7.575,6.5,10,11,5,4,17,3705,2226,1479,516,955,2750,6.66650360863697,6.99816055705301,6.16733635564571,6.1640503875969,6.58986952879581,6.69311653454545,159
"159",2014,9,6.49166666666667,24,7.38461538461539,5.43636363636364,5.9,6.96666666666667,6.42380952380952,13,11,1,3,21,3729,2239,1490,517,958,2771,6.66537835076428,7.000404376954,6.16193991275168,6.16353965183752,6.59104947807933,6.6910755936485,160
"160",2014,10,6.882,35,7.10555555555556,6.64529411764706,7.16166666666667,6.94111111111111,6.86153846153846,18,17,6,9,26,3764,2257,1507,523,967,2797,6.6673926328374,7.00124297740363,6.16739248175182,6.17499043977055,6.59430754912099,6.69266016088666,161
"161",2014,11,6.29459459459459,37,6.9375,5.8047619047619,5.88888888888889,5.85714285714286,6.39666666666667,16,21,9,7,30,3801,2273,1528,532,974,2827,6.663763712181,7.00079428068632,6.16240868455497,6.17015037593985,6.58900965092402,6.68951909090909,162
"162",2014,12,6.55589743589744,39,6.85684210526316,6.27,6.2625,6.1375,6.66387096774194,19,20,8,8,31,3840,2292,1548,540,982,2858,6.6626681953125,6.99960095986038,6.16379875322997,6.17151851851852,6.58533136456212,6.68924089223233,163
"163",2015,1,6.65531914893617,47,6.83103448275862,6.37222222222222,6.4375,6.875,6.61025641025641,29,18,8,8,39,3887,2321,1566,548,990,2897,6.66257933367635,6.99749478672986,6.16619442528736,6.17540145985401,6.58767212121212,6.68817758715913,164
"164",2015,2,6.36774193548387,31,6.62941176470588,6.05,6.7125,5.66666666666667,6.44285714285714,17,14,8,3,28,3918,2338,1580,556,993,2925,6.66024652118427,6.99481839178785,6.16516485443038,6.18312949640288,6.58488962739174,6.68582922051282,165
"165",2015,3,6.91739130434783,23,6.96666666666667,6.825,NA,6.875,6.94,15,8,0,8,15,3941,2353,1588,556,1001,2940,6.66174723927937,6.99463892902677,6.16848896095718,6.18312949640288,6.58720819180819,6.68712601020408,166
"166",2015,4,6.56969696969697,33,6.88666666666667,6.30555555555556,6.09,5.5,6.63870967741935,15,18,10,2,31,3974,2368,1606,566,1003,2971,6.66098285606441,6.99395498310811,6.1700251992528,6.18148409893993,6.58504027916251,6.68662082463817,167
"167",2015,5,6.6,50,6.86923076923077,6.30833333333333,6.27777777777778,6.8,6.55,26,24,9,10,40,4024,2394,1630,575,1013,3011,6.6602251167992,6.99260041771094,6.17206163803681,6.18299130434783,6.58716229022705,6.68480586848223,168
"168",2015,6,6.7952380952381,42,7.43333333333333,5.94444444444444,6.0625,6.75,6.81333333333333,24,18,8,12,30,4066,2418,1648,583,1025,3041,6.66161974176094,6.99697493796526,6.16957552791262,6.18133790737564,6.58906868292683,6.68607381453469,169
"169",2015,7,6.65975609756098,41,6.94761904761905,6.3575,6.725,7.40333333333333,6.53228571428571,21,20,4,6,35,4107,2439,1668,587,1031,3076,6.66160113708303,6.99654997949979,6.17182881894484,6.18504258943782,6.593807371484,6.68432394993498,170
"170",2015,8,6.68611111111111,54,7.10535714285714,6.23461538461538,7.08333333333333,6.5,6.71382978723404,28,26,6,7,47,4161,2467,1694,593,1038,3123,6.66191921893775,6.99778492095663,6.17279248524203,6.19413153456998,6.59317475915222,6.68476800192123,171
"171",2015,9,6.19840909090909,44,6.69695652173913,5.65238095238095,6.66666666666667,5.39166666666667,6.5009375,23,21,6,12,32,4205,2490,1715,599,1050,3155,6.65706917241379,6.99500618473896,6.16642009912537,6.19886477462437,6.57944323809524,6.6829034770206,172
"172",2015,10,6.9804347826087,46,7.10333333333333,6.75,6.5,7.2,6.91944444444444,30,16,2,10,36,4251,2520,1731,601,1060,3191,6.66056830628087,6.99629579365079,6.17181425187753,6.19986688851913,6.58529754716981,6.68557206831714,173
"173",2015,11,6.62095588235294,68,6.98011363636364,5.9625,6.67777777777778,7.28571428571429,6.54467213114754,44,24,9,7,61,4319,2564,1755,610,1067,3252,6.6599446330169,6.99601809672387,6.16895183475784,6.20691803278688,6.58989259606373,6.68292911131611,174
"174",2015,12,6.39089285714286,56,6.70567567567568,5.77789473684211,5.88125,6.83,6.3382,37,19,8,6,50,4375,2601,1774,618,1073,3302,6.65650077028571,6.99188788927336,6.16476351183766,6.20270226537217,6.59123522833178,6.67770910660206,175
"175",2016,1,6.68730158730159,63,7.35294117647059,5.90689655172414,5.95384615384615,6.16,6.78679245283019,34,29,13,10,53,4438,2635,1803,631,1083,3355,6.65693800585849,6.99654664136622,6.16061590127565,6.19757527733756,6.58725337026777,6.67943233084948,176
"176",2016,2,6.55,53,7.02166666666667,5.93478260869565,5.21428571428571,6.51818181818182,6.55833333333333,30,23,7,11,42,4491,2665,1826,638,1094,3397,6.65567598975729,6.99682941838649,6.15777134173056,6.1867868338558,6.58655886654479,6.67793508095378,177
"177",2016,3,6.725,58,7.0125,6.37115384615385,6.22916666666667,6.54166666666667,6.74615384615385,32,26,12,6,52,4549,2697,1852,650,1100,3449,6.65655987469773,6.99701535038932,6.1607669924406,6.18756923076923,6.586314,6.67896360394317,178
"178",2016,4,6.81875,48,7.01428571428571,6.29230769230769,6,8,6.74,35,13,4,3,45,4597,2732,1865,654,1103,3494,6.65825339786817,6.99723660322108,6.16168389812332,6.18642201834862,6.59015902085222,6.67974970520893,179
"179",2016,5,6.62708333333333,48,6.90333333333333,6.16666666666667,6.11111111111111,5.75,6.75238095238095,30,18,9,6,42,4645,2762,1883,663,1109,3536,6.65793129601722,6.99621665459812,6.16173152947424,6.18539969834088,6.58561352569883,6.68061240667421,180
"180",2016,6,6.57647058823529,68,6.87692307692308,6.17241379310345,6.71428571428571,6.64166666666667,6.5625,39,29,7,12,56,4713,2801,1912,670,1121,3592,6.6567559664757,6.99455565869332,6.16189355125523,6.19092537313433,6.58621355932203,6.67877101057906,181
"181",2016,7,6.83301282051282,78,7.10576923076923,6.56025641025641,6.56875,6.72333333333333,6.85912698412698,39,39,16,15,63,4791,2840,1951,686,1136,3655,6.6596255207681,6.99608288732394,6.16985672475654,6.19973760932945,6.58802411971831,6.68187974555403,182
"182",2016,8,6.48915662650602,83,6.72254901960784,6.1171875,5.67857142857143,6.045,6.63015873015873,51,32,14,20,63,4874,2891,1983,700,1156,3718,6.65672258309396,6.99125748875822,6.16900679273828,6.18931428571429,6.57862923875432,6.68100335395374,183
"183",2016,9,6.50461538461538,65,6.9,6.07096774193548,6,6.61111111111111,6.4875,34,31,15,9,56,4939,2925,2014,715,1165,3774,6.65472076736181,6.99019671794872,6.16749775074479,6.18534265734266,6.57888017167382,6.6781320800212,184
"184",2016,10,6.85925925925926,81,7.17735849056604,6.25714285714286,6.27272727272727,6.68181818181818,6.88714285714286,53,28,11,11,70,5020,2978,2042,726,1176,3844,6.65802108964143,6.9935276695769,6.16872696865818,6.18666666666667,6.57984302721088,6.68193820759625,185
"185",2016,11,6.78133333333333,75,7.06153846153846,6.47777777777778,6.39285714285714,7.11111111111111,6.73636363636364,39,36,14,9,66,5095,3017,2078,740,1185,3910,6.65983628459273,6.99440682797481,6.17408107314726,6.19056756756757,6.58387797468354,6.68285689769821,186
"186",2016,12,6.46842105263158,57,6.73484848484848,6.10208333333333,6.7375,5.52777777777778,6.64479166666667,33,24,8,9,48,5152,3050,2102,748,1194,3958,6.6577185306677,6.99159849180328,6.17325902473835,6.19641711229947,6.57591742043551,6.68239526781202,187
"187",2017,1,6.69827586206897,87,6.91034482758621,6.27413793103448,6.64285714285714,6.95833333333333,6.65666666666667,58,29,7,12,75,5239,3108,2131,755,1206,4033,6.65839203473945,6.99008217503217,6.17463184889723,6.20055629139073,6.57972255389718,6.68191680386809,188
"188",2017,2,6.48620689655172,58,6.90689655172414,6.06551724137931,6.09090909090909,6.5,6.48461538461538,29,29,11,6,52,5297,3137,2160,766,1212,4085,6.65650667736454,6.98931316544469,6.17316688425926,6.1989817232376,6.57932788778878,6.67940525581395,189
"189",2017,3,6.65178571428571,56,6.95714285714286,6.14285714285714,5.88888888888889,6.2,6.706,35,21,9,6,50,5353,3172,2181,775,1218,4135,6.65645728937044,6.98895819672131,6.172875043558,6.19538064516129,6.5774592775041,6.67972683675937,190
"190",2017,4,6.55660377358491,53,6.76470588235294,6.18421052631579,6.28571428571429,6.3125,6.6,34,19,7,8,45,5406,3206,2200,782,1226,4180,6.65547833333333,6.98657997504679,6.17297294090909,6.19618925831202,6.57573034257749,6.67886853349282,191
"191",2017,5,6.75762711864407,59,7.06857142857143,6.30416666666667,5.25,6.54285714285714,6.78653846153846,35,24,6,7,52,5465,3241,2224,788,1233,4232,6.65658112900274,6.9874654119099,6.17438870053957,6.1889847715736,6.57554371451744,6.68019150992438,192
"192",2017,6,6.53114754098361,61,6.78214285714286,6.31818181818182,6.58333333333333,6.22727272727273,6.598,28,33,12,11,50,5526,3269,2257,800,1244,4282,6.65519650199059,6.98570676047721,6.17649112538768,6.1949,6.57246414790997,6.67923177720691,193
"193",2017,7,6.5936170212766,47,7.12173913043478,6.0875,6.3875,6.42857142857143,6.66363636363636,23,24,8,14,33,5573,3292,2281,808,1258,4315,6.6546771702853,6.98665716889429,6.17555478737396,6.19680693069307,6.57086279809221,6.67911250753187,194
"194",2017,8,6.72415384615385,65,7.12951219512195,6.03166666666667,6.35714285714286,7.04636363636364,6.65851851851852,41,24,7,11,54,5638,3333,2305,815,1269,4369,6.65547816069528,6.98841446144615,6.17405660303688,6.19818404907975,6.57498455476753,6.67885796978714,195
"195",2017,9,6.45877551020408,49,6.80555555555556,6.03318181818182,6.63333333333333,6.28571428571429,6.48761904761905,27,22,6,7,42,5687,3360,2327,821,1276,4411,6.65378334271144,6.98694505952381,6.1727247400086,6.20136419001218,6.57339764890282,6.67703705962367,196
"196",2017,10,6.52602941176471,68,6.75925,6.19285714285714,6.22222222222222,6.54545454545455,6.52228070175439,40,28,9,11,57,5755,3400,2355,830,1287,4468,6.65227382623805,6.98426629411765,6.17296410615711,6.20159036144578,6.57315881895882,6.67506277305282,197
"197",2017,11,6.60671428571429,70,7.05957446808511,5.68130434782609,5.72222222222222,6.71428571428571,6.57982142857143,47,23,9,14,56,5825,3447,2378,839,1301,4524,6.65172632961373,6.98529312445605,6.16820877628259,6.19644815256258,6.57467747886241,6.67388383510168,198
"198",2017,12,6.51119402985075,67,6.9375,6.01612903225806,5.86363636363636,6.85,6.46525423728814,36,31,11,8,59,5892,3483,2409,850,1309,4583,6.65012828750848,6.98479913867356,6.16625175176422,6.19214117647059,6.57636012223071,6.67119800785512,199
"199",2018,1,6.74118421052632,76,6.84195652173913,6.58666666666667,6.575,7,6.7019696969697,46,30,8,10,66,5968,3529,2439,858,1319,4649,6.65128784684986,6.98293720600737,6.17142290692907,6.19571095571096,6.57957194844579,6.67163486126049,200
"200",2018,2,6.91129032258065,62,7.29487179487179,6.26086956521739,6.31428571428571,7.2,6.8859649122807,39,23,7,5,57,6030,3568,2462,865,1324,4706,6.65396117247097,6.98634680493274,6.17225851746548,6.19667052023121,6.58191495468278,6.67423086910327,201
"201",2018,3,6.61560606060606,66,6.93688888888889,5.92714285714286,5.93333333333333,6.4875,6.63327586206897,45,21,9,8,58,6096,3613,2483,874,1332,4764,6.65354591043307,6.98573080542486,6.17018544905356,6.19395881006865,6.5813478978979,6.67373225650714,202
"202",2018,4,6.67953488372093,43,7.13538461538462,5.98235294117647,5.8,7.26,6.60315789473684,26,17,5,5,38,6139,3639,2500,879,1337,4802,6.65372794754846,6.98680005496015,6.168908188,6.19171786120592,6.58388586387434,6.6731737755102,203
"203",2018,5,6.90425531914894,47,7.07407407407407,6.675,6.5,7.25,6.81081081081081,27,20,8,10,37,6186,3666,2520,887,1347,4839,6.65563140478499,6.98744282596836,6.17292478968254,6.19449830890643,6.58883103192279,6.67422617689605,204
"204",2018,6,6.56627906976744,43,6.99285714285714,6.15909090909091,6.3,6.69333333333333,6.54567567567568,21,22,10,6,37,6229,3687,2542,897,1353,4876,6.6550145882164,6.98747366422566,6.17280506294257,6.19567447045708,6.58929445676275,6.67325071164889,205
"205",2018,7,6.16136363636364,44,6.76521739130435,5.5,5.33333333333333,6.375,6.14,23,21,6,4,40,6273,3710,2563,903,1357,4916,6.65155202773792,6.98609579514825,6.16729241904019,6.1899446290144,6.58866278555637,6.66891181244915,206
"206",2018,8,6.74479166666667,48,7.13709677419355,6.02941176470588,6.35714285714286,7,6.68589743589744,31,17,7,9,39,6321,3741,2580,910,1366,4955,6.65226006486315,6.98734707297514,6.16638390310078,6.19123076923077,6.5913729136164,6.66904550353179,207
"207",2018,9,6.49565217391304,46,7.21666666666667,5.70909090909091,5.6,5.92222222222222,6.63513513513514,24,22,11,9,37,6367,3765,2602,921,1375,4992,6.65112861159101,6.98880887118194,6.16251747501922,6.18416938110749,6.58699301818182,6.66879416466346,208
"208",2018,10,6.72828947368421,76,7.048,6.11346153846154,5.71666666666667,6.67,6.73712121212121,50,26,6,10,66,6443,3815,2628,927,1385,5058,6.65203878162346,6.9895846395806,6.16203214231355,6.18114347357066,6.5875923465704,6.6696857394227,209
"209",2018,11,6.71538461538462,52,7.31153846153846,6.11923076923077,6.18571428571429,6.10833333333333,6.8975,26,26,14,12,40,6495,3841,2654,941,1397,5098,6.65254593841416,6.99176396771674,6.16161283722683,6.18121147715197,6.58347559055118,6.67147321890938,210
"210",2018,12,6.47194901639344,61,7.05849676470588,5.73333333333333,5.54285714285714,5.75,6.58092245283019,34,27,7,8,53,6556,3875,2681,948,1405,5151,6.65086558267236,6.99234949419355,6.15729969041403,6.17649789029536,6.57872982206406,6.67054151815182,211
"211",2019,1,6.60608196721311,61,7.0106,6.06153846153846,5.14285714285714,6.75442857142857,6.58685185185185,35,26,7,7,54,6617,3910,2707,955,1412,5205,6.65045273688983,6.99251286189258,6.1563799298116,6.16892146596859,6.57960084985836,6.66967326801153,212
"212",2019,2,6.7531914893617,47,7.34347826086957,6.1875,6.1875,6.71428571428571,6.76,23,24,8,7,40,6664,3933,2731,963,1419,5245,6.65117733493397,6.99456529112637,6.15665341266935,6.16907580477674,6.5802652572234,6.67036212774071,213
"213",2019,3,6.592,50,7.16666666666667,5.91739130434783,5.76666666666667,6.46,6.625,27,23,6,10,40,6714,3960,2754,969,1429,5285,6.65073663389931,6.99573870959596,6.15465521786493,6.16658410732714,6.57942365290413,6.67001880037843,214
"214",2019,4,6.66224489795918,49,6.80806451612903,6.41111111111111,5.925,6.91666666666667,6.62674418604651,31,18,8,6,43,6763,3991,2772,977,1435,5328,6.65082001478633,6.99428095464796,6.15632051587302,6.16460593654043,6.58083372822299,6.66966954954955,215
"215",2019,5,6.73617021276596,47,6.91428571428571,6.47368421052632,6.57142857142857,6.16666666666667,6.81951219512195,28,19,7,6,41,6810,4019,2791,984,1441,5369,6.65140906901615,6.99372363523264,6.15848099964171,6.1675,6.57910922970159,6.67081381262805,216
"216",2019,6,6.61555555555556,36,6.983,6.15625,4.5,5.375,6.770625,20,16,2,4,32,6846,4039,2807,986,1445,5401,6.65122053169734,6.99367053478584,6.15846828286427,6.16411764705883,6.57577605536332,6.67140517681911,217
"217",2019,7,6.40395833333333,48,6.75333333333333,5.82166666666667,5.4,6.26666666666667,6.42357142857143,30,18,5,6,42,6894,4069,2825,991,1451,5443,6.64949894981143,6.99189857213074,6.15632229026549,6.16026236125126,6.57449786354238,6.66949280911262,218
"218",2019,8,6.48,57,6.87526315789474,5.68947368421053,5.07142857142857,5.26666666666667,6.62274509803922,38,19,7,6,51,6951,4107,2844,998,1457,5494,6.64810901453028,6.99081940345751,6.15320340014065,6.152625250501,6.56911214824983,6.66905885693484,219
"219",2019,9,6.72115384615385,52,7.08928571428571,6.29166666666667,6.42857142857143,6.77777777777778,6.7093023255814,28,24,7,9,43,7003,4135,2868,1005,1466,5537,6.64865140082821,6.99148616444982,6.15436208856346,6.15454726368159,6.5703931787176,6.66937138522666,220
"220",2019,10,6.27553571428571,56,7.07735294117647,5.03636363636364,4.28571428571429,5.85416666666667,6.39045454545455,34,22,7,12,44,7059,4169,2890,1012,1478,5581,6.6456914237144,6.99218644519069,6.14585137370242,6.14162055335969,6.56457807848444,6.66717243504749,221
"221",2019,11,6.25,54,6.796875,5.45454545454545,5.25,6.25,6.25,32,22,12,8,46,7113,4201,2912,1024,1486,5627,6.64268743989877,6.99069871221138,6.14062859546703,6.131171875,6.56288452220727,6.66376210414075,222
"222",2019,12,6.62755102040816,49,7.11379310344828,5.9225,5.28571428571429,7.125,6.58333333333333,29,20,7,4,45,7162,4230,2932,1031,1490,5672,6.64258388159732,6.99154262174941,6.1391406787176,6.12543161978662,6.56439355704698,6.66312400564175,223
"223",2020,1,6.57333333333333,75,7.11860465116279,5.840625,5.74444444444444,6.18888888888889,6.62575757575758,43,32,9,9,66,7237,4273,2964,1040,1499,5738,6.64186620975542,6.99282127076995,6.13591783738192,6.12213461538462,6.56213902601734,6.66269420704078,224
"224",2020,2,6.50338983050847,59,6.978125,5.94074074074074,5.75,6.75,6.47547169811321,32,27,8,6,53,7296,4305,2991,1048,1505,5791,6.64074640350877,6.99271203019744,6.13415595787362,6.11929389312977,6.56288797342193,6.66098072180971,225
"225",2020,3,6.6624293220339,59,6.8996123255814,6.025,6,7.60222222222222,6.4932666,43,16,2,9,50,7355,4348,3007,1050,1514,5841,6.6409203385452,6.99179131094756,6.13357514798803,6.11906666666667,6.56906631439894,6.65954505906523,226
"226",2020,4,6.48239416666667,84,6.89002846153846,6.12911111111111,6.25666666666667,6.2,6.52055554054054,39,45,9,10,74,7439,4387,3052,1059,1524,5915,6.6391302863288,6.99088664919079,6.13350932830931,6.12023607176582,6.56664461942257,6.65780622147084,227
"227",2020,5,6.45584317647059,85,6.87842105263158,6.11418446808511,5.73636363636364,6.65259277777778,6.40298507462687,38,47,11,18,67,7524,4425,3099,1070,1542,5982,6.63705965842636,6.98992084293785,6.13321624394966,6.11628971962617,6.56764790531777,6.65495215646941,228
"228",2020,6,6.75244897959184,49,7.24,6.10238095238095,6.45,6,6.80152173913043,28,21,4,3,46,7573,4453,3120,1074,1545,6028,6.63780626832167,6.99149331461936,6.13300869871795,6.11753258845438,6.5665456763754,6.65607063702721,229
"229",2020,7,6.53482903846154,52,6.970915,5.71111111111111,5.86666666666667,5.625,6.610648125,34,18,9,4,48,7625,4487,3138,1083,1549,6076,6.63710399737705,6.99133738355248,6.13058863607394,6.11544783010157,6.56411431245965,6.65571180217249,230
"230",2020,8,6.47090909090909,55,6.75862068965517,6.15,6.05555555555556,6.9875,6.38297872340426,29,26,9,8,47,7680,4516,3164,1092,1557,6123,6.63591379947916,6.98984296722763,6.13074814791404,6.11495421245422,6.56628970456005,6.65361830965214,231
"231",2020,9,6.39603448275862,58,6.86857142857143,5.955,5.6,5.64285714285714,6.49941176470588,28,30,10,7,51,7738,4544,3194,1102,1564,6174,6.63411578960972,6.98909569542253,6.12909741390107,6.11028130671507,6.5621566943734,6.65234449465501,232
"232",2020,10,6.64426666666667,75,6.79538461538462,6.48055555555556,6.0625,5.64444444444444,6.78060606060606,39,36,8,9,66,7813,4583,3230,1110,1573,6240,6.63421323179316,6.98744727034693,6.13301459442725,6.10993693693694,6.5569059567705,6.6537011073718,233
"233",2020,11,6.45631578947368,76,6.67266666666667,6.14225806451613,5.97,6.275,6.47764705882353,45,31,10,8,68,7889,4628,3261,1120,1581,6308,6.63249942705032,6.98438652549697,6.13310246550138,6.1086875,6.55547948766603,6.65180325142676,234
"234",2020,12,6.52059255555556,90,7.06345232142857,5.62647058823529,5.125,6.69166666666667,6.49427346153846,56,34,8,12,78,7979,4684,3295,1128,1593,6386,6.63123716129841,6.98533180401366,6.12787470106222,6.1017109929078,6.55650537978657,6.64987914813655,235
"235",2021,1,6.68658536585366,82,6.83269230769231,6.43333333333333,5.91666666666667,6.93,6.65277777777778,52,30,6,10,72,8061,4736,3325,1134,1603,6458,6.63180018732167,6.98365586359797,6.130630718797,6.10073192239859,6.55883535246413,6.6499114648498,236
"236",2021,2,6.44714285714286,70,6.54054054054054,6.34242424242424,6.2375,6.24285714285714,6.49821428571429,37,33,8,14,56,8131,4773,3358,1142,1617,6514,6.63021046734719,6.98022086109365,6.1327120726623,6.10169001751314,6.55609961038961,6.64860734418177,237
"237",2021,3,6.28137254901961,51,6.73653846153846,5.808,5.94,5.42777777777778,6.46428571428571,26,25,5,9,42,8182,4799,3383,1147,1626,6556,6.62803609264238,6.97890063971661,6.13031248595921,6.10098517872712,6.54985428659286,6.6474265161684,238
"238",2021,4,6.31224489795918,49,6.53333333333333,6.04090909090909,5.35,5.5,6.3468085106383,27,22,4,2,47,8231,4826,3405,1151,1628,6603,6.62615615478071,6.97640782635723,6.12973484287812,6.09837532580365,6.54856453931204,6.64528672421627,239
"239",2021,5,6.63961347826087,46,7.0835747826087,6.19565217391304,5.33333333333333,7.16666666666667,6.6028423255814,23,23,6,3,43,8277,4849,3428,1157,1631,6646,6.62623094478676,6.97691614559703,6.13017711201867,6.09440795159896,6.54970145309626,6.64501210653025,240
"240",2021,6,6.70561394736842,38,7.3356665,6.00555555555556,6.275,6.5,6.7441665625,20,18,4,6,32,8315,4869,3446,1161,1637,6678,6.62659372940469,6.97838975559663,6.12952615786419,6.0950301464255,6.54951928527795,6.64548724019168,241
"241",2021,7,6.58207547169811,53,7.17678571428571,5.916,6.26,6.4,6.60531914893617,28,25,5,6,47,8368,4897,3471,1166,1643,6725,6.62631176625239,6.97952414131101,6.12798822817632,6.09573756432247,6.54897326232501,6.64520651152417,242
"242",2021,8,6.43056603773585,53,6.99724137931034,5.74583333333333,5.36666666666667,6.885,6.29756097560976,29,24,9,12,41,8421,4926,3495,1175,1655,6766,6.62507978387365,6.97962844498579,6.12536398855508,6.09015319148936,6.55140970996979,6.64309988028378,243
"243",2021,9,6.76681818181818,44,7.09423076923077,6.29388888888889,6.16666666666667,6.75,6.76761904761905,26,18,3,2,42,8465,4952,3513,1178,1657,6808,6.62581652215003,6.98023015347334,6.12622748078566,6.0903480475382,6.5516494085697,6.64386806551117,244
"244",2021,10,6.28518518518518,54,7.17727272727273,5.671875,5.625,6.35714285714286,6.27446808510638,22,32,12,7,47,8519,4974,3545,1190,1664,6855,6.62365733771569,6.98110167269803,6.1221261325811,6.08565546218488,6.550831171875,6.64133534500365,245
"245",2021,11,6.4093023255814,43,6.57058823529412,6.30384615384615,6.5,6.35714285714286,6.41944444444444,17,26,5,7,36,8562,4991,3571,1195,1671,6891,6.62258080588647,6.97970341013825,6.12344921310558,6.08738912133891,6.55001979054458,6.64017614134379,246
"246",2021,12,6.69424657534247,73,7.227,6.04848484848485,6.20909090909091,7.05,6.64421875,40,33,11,9,64,8635,5031,3604,1206,1680,6955,6.62318666589461,6.98166959252633,6.12276280244174,6.0884991708126,6.55269825595238,6.64021334148095,247
"247",2022,1,6.52089655172414,87,6.72919230769231,6.21142857142857,5.55714285714286,6.16666666666667,6.54713580246914,52,35,7,6,81,8722,5083,3639,1213,1686,7036,6.62216634487503,6.97908670470195,6.12361559219566,6.08543281121187,6.55132447805457,6.63914181210916,248
"248",2022,2,6.77571428571429,56,7.01515151515152,6.43217391304348,6.5,6.46,6.80666666666667,33,23,2,5,51,8778,5116,3662,1215,1691,7087,6.62314591706539,6.97931933541829,6.12555356089569,6.08611522633745,6.55105444707274,6.64034736701002,249
"249",2022,3,6.75434782608696,46,6.94333333333333,6.4,6.125,7.225,6.65526315789474,30,16,4,8,38,8824,5146,3678,1219,1699,7125,6.62382987987307,6.97910954527788,6.12674745513867,6.08624282198523,6.55422782224838,6.64042691789474,250
"250",2022,4,6.43365384615385,52,6.71363636363636,5.94736842105263,5.5,5.74,6.59880952380952,33,19,4,10,42,8876,5179,3697,1223,1709,7167,6.62271573456512,6.97741798030508,6.12582557208548,6.08432542927228,6.54946346986542,6.64018303195201,251
"251",2022,5,6.675,44,6.89166666666667,6.415,6.16,6.7,6.67105263157895,24,20,5,6,38,8920,5203,3717,1228,1715,7205,6.62297363901345,6.97702243321161,6.12738152811407,6.0846335504886,6.54999012827988,6.64034584177655,252
"252",2022,6,6.778125,32,6.87,6.625,6.75,6.5,6.79666666666667,20,12,2,2,30,8952,5223,3729,1230,1717,7235,6.62352824620196,6.97661262109898,6.12898287476536,6.08571544715447,6.54993189866045,6.6409940276434,253
"253",2022,7,6.42657142857143,35,7.22529411764706,5.67222222222222,6.5,6.13833333333333,6.48620689655172,17,18,4,6,29,8987,5240,3747,1234,1723,7264,6.62276119505953,6.97741941221374,6.12678866826795,6.08705834683955,6.54849858966918,6.6403760724119,254
"254",2022,8,6.06875,56,6.726,5.53870967741936,5.59090909090909,5.65,6.17111111111111,25,31,11,11,45,9043,5265,3778,1245,1734,7309,6.61933040583877,6.97622558784425,6.12196324510323,6.08267469879518,6.5427987716263,6.63748690518539,255
"255",2022,9,6.39386486486486,37,6.69473684210526,6.07627777777778,6.575,5.16666666666667,6.50214705882353,19,18,5,3,34,9080,5284,3796,1250,1737,7343,6.61841165859031,6.97521342165027,6.1217466122234,6.084644,6.54042203223949,6.63686024649326,256
"256",2022,10,6.59894545454545,55,7.09469230769231,6.15448275862069,5.94,6.8755,6.57725490196078,26,29,10,4,51,9135,5310,3825,1260,1741,7394,6.61829445648604,6.97579844067797,6.12199480784314,6.08349603174603,6.54119188397473,6.6364491195564,257
"257",2022,11,6.33055555555556,54,6.50892857142857,6.13846153846154,6.6,5.5,6.475,28,26,3,8,46,9189,5338,3851,1263,1749,7440,6.61660353248449,6.97334951667291,6.1221059828616,6.08472288202692,6.53642942824471,6.63545091263441,258
"258",2022,12,6.39631578947368,57,6.64611111111111,5.96809523809524,6.54,6.38727272727273,6.39847826086956,36,21,2,11,46,9246,5374,3872,1265,1760,7486,6.61524549643089,6.97115737253443,6.12127069731405,6.08544268774704,6.53549719886364,6.63399476222282,259
