"","year","month","avg_rating","no_ratings","avg_rating_owned","avg_rating_not_owned","avg_rating_prev_owned","avg_rating_comment","avg_rating_no_comment","no_ratings_owned","no_ratings_not_owned","no_ratings_prev_owned","no_ratings_comment","no_ratings_no_comment","cum_no_ratings","cum_no_ratings_owned","cum_no_ratings_not_owned","cum_no_ratings_prev_owned","cum_no_ratings_comment","cum_no_ratings_no_comment","cum_avg_rating","cum_avg_rating_owned","cum_avg_rating_not_owned","cum_avg_rating_prev_owned","cum_avg_rating_comment","cum_avg_rating_no_comment","month_after_release"
"1",2002,10,7,1,7,NA,NA,NA,7,1,0,0,0,1,1,1,0,0,0,1,7,7,NA,NA,NA,7,-1
"2",2002,11,9.33333333333333,3,9,9.5,NA,9,9.5,1,2,0,1,2,4,2,2,0,1,3,8.75,8,9.5,NA,9,8.66666666666667,0
"3",2002,12,9,3,8.5,10,NA,9,9,2,1,0,1,2,7,4,3,0,2,5,8.85714285714286,8.25,9.66666666666667,NA,9,8.8,1
"4",2003,1,7.83333333333333,3,7.83333333333333,NA,NA,7,8.25,3,0,0,1,2,10,7,3,0,3,7,8.55,8.07142857142857,9.66666666666667,NA,8.33333333333333,8.64285714285714,2
"5",2003,2,8,4,8,NA,NA,8.5,7.5,4,0,0,2,2,14,11,3,0,5,9,8.39285714285714,8.04545454545454,9.66666666666667,NA,8.4,8.38888888888889,3
"6",2003,3,7.4,5,8,6.5,6,7,8,3,2,1,3,2,19,14,5,1,8,11,8.13157894736842,8.03571428571429,8.4,6,7.875,8.31818181818182,4
"7",2003,4,6.5,4,8.33333333333333,1,NA,6.5,NA,3,1,0,4,0,23,17,6,1,12,11,7.84782608695652,8.08823529411765,7.16666666666667,6,7.41666666666667,8.31818181818182,5
"8",2003,5,7.85714285714286,7,7.66666666666667,9,NA,8,7.8,6,1,0,2,5,30,23,7,1,14,16,7.85,7.97826086956522,7.42857142857143,6,7.5,8.15625,6
"9",2003,6,7.5,6,7.625,7.25,NA,7.8,6,4,2,0,5,1,36,27,9,1,19,17,7.79166666666667,7.92592592592593,7.38888888888889,6,7.57894736842105,8.02941176470588,7
"10",2003,7,6.59375,32,7.04,5,NA,6.125,6.75,25,7,0,8,24,68,52,16,1,27,41,7.22794117647059,7.5,6.34375,6,7.14814814814815,7.28048780487805,8
"11",2003,8,7.05,10,7.25,6.25,NA,6.25,7.25,8,2,0,2,8,78,60,18,1,29,49,7.20512820512821,7.46666666666667,6.33333333333333,6,7.08620689655172,7.27551020408163,9
"12",2003,9,7.29333333333333,15,7.58181818181818,6.5,7,7.7,7.09,11,4,1,5,10,93,71,22,2,34,59,7.21935483870968,7.48450704225352,6.36363636363636,6.5,7.17647058823529,7.24406779661017,10
"13",2003,10,7.52941176470588,17,7.69230769230769,7,7,7,7.64285714285714,13,4,1,3,14,110,84,26,3,37,73,7.26727272727273,7.51666666666667,6.46153846153846,6.66666666666667,7.16216216216216,7.32054794520548,11
"14",2003,11,7.10357142857143,14,7.1375,6.9,NA,7.05,7.2,12,2,0,9,5,124,96,28,3,46,78,7.24879032258065,7.46927083333333,6.49285714285714,6.66666666666667,7.14021739130435,7.31282051282051,12
"15",2003,12,6.17647058823529,17,6.5,5.8125,5,5.83333333333333,6.36363636363636,9,8,1,6,11,141,105,36,4,52,89,7.11950354609929,7.38619047619048,6.34166666666667,6.25,6.98942307692308,7.19550561797753,13
"16",2004,1,6.96428571428571,28,7.52380952380952,5.28571428571429,7,6.42857142857143,7.5,21,7,1,14,14,169,126,43,5,66,103,7.09378698224852,7.40912698412698,6.16976744186047,6.4,6.87045454545455,7.2368932038835,14
"17",2004,2,6.96666666666667,30,7.16,6,7,7.625,6.72727272727273,25,5,1,8,22,199,151,48,6,74,125,7.07462311557789,7.36788079470199,6.15208333333333,6.5,6.95202702702703,7.1472,15
"18",2004,3,7.25757575757576,33,7.51785714285714,5.8,NA,6.85,7.43478260869565,28,5,0,10,23,232,179,53,6,84,148,7.10064655172414,7.3913407821229,6.1188679245283,6.5,6.93988095238095,7.19189189189189,16
"19",2004,4,6.9,25,7.28947368421053,5.66666666666667,NA,6.73076923076923,7.08333333333333,19,6,0,13,12,257,198,59,6,97,160,7.08112840466926,7.38156565656566,6.0728813559322,6.5,6.91185567010309,7.18375,17
"20",2004,5,7.36666666666667,27,7.82857142857143,5.75,NA,7.23076923076923,7.49285714285714,21,6,0,13,14,284,219,65,6,110,174,7.10827464788732,7.42442922374429,6.04307692307692,6.5,6.94954545454546,7.20862068965517,18
"21",2004,6,7.23913043478261,23,7.3,7.125,7.5,7.83333333333333,6.85714285714286,15,8,2,9,14,307,234,73,8,119,188,7.11807817589577,7.41645299145299,6.16164383561644,6.75,7.01638655462185,7.18244680851064,19
"22",2004,7,7.16666666666667,15,7.5,5,NA,7.25,7,13,2,0,10,5,322,247,75,8,129,193,7.12034161490683,7.42085020242915,6.13066666666667,6.75,7.03449612403101,7.17772020725389,20
"23",2004,8,7.39583333333333,24,7.78947368421053,5.9,NA,7.3,7.46428571428571,19,5,0,10,14,346,266,80,8,139,207,7.13945086705202,7.44718045112782,6.11625,6.75,7.05359712230216,7.19710144927536,21
"24",2004,9,6.78125,32,7.11904761904762,6.13636363636364,7.5,6.91666666666667,6.7,21,11,2,12,20,378,287,91,10,151,227,7.10912698412698,7.42317073170732,6.11868131868132,6.9,7.04271523178808,7.15330396475771,22
"25",2004,10,7.12837837837838,37,7.33333333333333,6.25,NA,7.01086956521739,7.32142857142857,30,7,0,23,14,415,317,98,10,174,241,7.11084337349398,7.41466876971609,6.1280612244898,6.9,7.03850574712644,7.16307053941909,23
"26",2004,11,6.75581395348837,43,7.16666666666667,5.4,7.33333333333333,6.44736842105263,7,33,10,3,19,24,458,350,108,13,193,265,7.07751091703057,7.39128571428571,6.06064814814815,7,6.98031088082902,7.14830188679245,24
"27",2004,12,7.12121212121212,33,7.48,6,8,7,7.16666666666667,25,8,2,9,24,491,375,116,15,202,289,7.08044806517312,7.3972,6.05646551724138,7.13333333333333,6.98118811881188,7.14982698961938,25
"28",2005,1,6.85721739130435,46,7.22189473684211,5.125,7,7.11364705882353,6.70689655172414,38,8,1,17,29,537,413,124,16,219,318,7.06132588454376,7.38107021791767,5.99637096774194,7.125,6.9914703196347,7.10943396226415,26
"29",2005,2,7.05581395348837,43,7.33,6.42307692307692,7,7.02380952380952,7.08636363636364,30,13,6,21,22,580,443,137,22,240,340,7.06091724137931,7.37761173814898,6.03686131386861,7.09090909090909,6.9943,7.10794117647059,27
"30",2005,3,7.09895833333333,48,7.37878787878788,6.48333333333333,7.5,7.09722222222222,7.1,33,15,2,18,30,628,476,152,24,258,370,7.06382484076433,7.37769327731092,6.08092105263158,7.125,7.00148062015504,7.1072972972973,28
"31",2005,4,7.06315789473684,38,7.24137931034483,6.48888888888889,7,6.93529411764706,7.16666666666667,29,9,1,17,21,666,505,161,25,275,391,7.06378678678679,7.36986534653465,6.10372670807453,7.12,6.99738909090909,7.11048593350384,29
"32",2005,5,7.02708333333333,48,7.37096774193548,6.4,NA,7.39583333333333,6.65833333333333,31,17,0,24,24,714,536,178,25,299,415,7.06131932773109,7.36992910447761,6.13202247191011,7.12,7.02937123745819,7.08433734939759,30
"33",2005,6,7.0695652173913,46,7.40967741935484,6.36666666666667,6,6.88636363636364,7.2375,31,15,1,22,24,760,567,193,26,321,439,7.06181842105263,7.37210229276896,6.15025906735751,7.07692307692308,7.01957009345794,7.09271070615034,31
"34",2005,7,7.38125,32,7.428,7.21428571428571,9,7.53846153846154,7.27368421052632,25,7,1,13,19,792,592,200,27,334,458,7.07472474747475,7.37446283783784,6.1875,7.14814814814815,7.03976646706587,7.10021834061135,32
"35",2005,8,6.85862068965517,58,7.14651162790698,6.03333333333333,6.66666666666667,6.734375,7.01153846153846,43,15,3,32,26,850,635,215,30,366,484,7.05997882352941,7.35902677165354,6.17674418604651,7.1,7.01306557377049,7.09545454545455,33
"36",2005,9,7.44210526315789,38,7.68333333333333,6.5375,6.93333333333333,7.62,7.32608695652174,30,8,3,15,23,888,665,223,33,381,507,7.07633108108108,7.37365714285714,6.18968609865471,7.08484848484848,7.03696062992126,7.10591715976331,34
"37",2005,10,7.2093023255814,43,7.625,5.07142857142857,6,6.76470588235294,7.5,36,7,1,17,26,931,701,230,34,398,533,7.08247261009667,7.38656490727532,6.15565217391304,7.05294117647059,7.02533165829146,7.12514071294559,35
"38",2005,11,7.25909090909091,66,7.61111111111111,5.675,8,6.93448275862069,7.51351351351351,54,12,1,29,37,997,755,242,35,427,570,7.09416449348044,7.40262516556291,6.13181818181818,7.08,7.01916159250586,7.15035087719298,36
"39",2005,12,7.21642857142857,70,7.513,6.475,5.5,7.33275862068966,7.13414634146341,50,20,4,29,41,1067,805,262,39,456,611,7.10218556701031,7.40948074534161,6.15801526717557,6.91794871794872,7.0391052631579,7.14926350245499,37
"40",2006,1,6.89423076923077,78,7.18,6.38392857142857,6.16666666666667,6.5625,7.08,50,28,6,28,50,1145,855,290,45,484,661,7.0880192139738,7.39606081871345,6.1798275862069,6.81777777777778,7.01153305785124,7.14402420574887,38
"41",2006,2,6.91063829787234,47,7.30625,6.06666666666667,6.21428571428571,6.5,7.14333333333333,32,15,7,17,30,1192,887,305,52,501,691,7.08102516778523,7.39282074408117,6.17426229508197,6.73653846153846,6.9941756487026,7.14399421128799,39
"42",2006,3,7.03688524590164,61,7.36702127659574,5.92857142857143,8.5,6.83,7.18055555555556,47,14,1,25,36,1253,934,319,53,526,727,7.07887629688747,7.39152248394004,6.16347962382445,6.76981132075472,6.98637262357415,7.14580467675378,40
"43",2006,4,6.91766666666667,63,7.0655,6.51764705882353,7,6.66578260869565,7.0625,46,17,2,23,40,1316,980,336,55,549,767,7.07115881458967,7.3762193877551,6.18139880952381,6.77818181818182,6.97294171220401,7.14146023468057,41
"44",2006,5,7.09067796610169,59,7.35697674418605,6.375,6.75,6.78518518518518,7.3484375,43,16,2,27,32,1375,1023,352,57,576,799,7.07199636363636,7.37541055718475,6.19019886363636,6.77719298245614,6.964140625,7.14974968710889,42
"45",2006,6,6.75089285714286,56,6.81375,6.59375,6.625,6.55434782608696,6.88787878787879,40,16,2,23,33,1431,1063,368,59,599,832,7.05943046820405,7.3542756349953,6.20774456521739,6.77203389830508,6.94840567612688,7.13936298076923,43
"46",2006,7,6.89027777777778,72,7.05384615384615,6.465,6.625,6.53478260869565,7.05714285714286,52,20,4,23,49,1503,1115,388,63,622,881,7.05132734530938,7.34026457399103,6.22100515463918,6.76269841269841,6.93311093247589,7.13479001135074,44
"47",2006,8,6.82488630136986,73,7.1578431372549,6.05303181818182,6.6,6.63260869565217,6.913334,51,22,5,23,50,1576,1166,410,68,645,931,7.04083864213198,7.33228559176672,6.21199195121951,6.75073529411765,6.92239534883721,7.12289656283566,45
"48",2006,9,7.10352112676056,71,7.38173076923077,6.34210526315789,7.125,6.69137931034483,7.38809523809524,52,19,4,29,42,1647,1218,429,72,674,973,7.0435408014572,7.33439655172414,6.21775454545455,6.77152777777778,6.91245548961424,7.13434398766701,46
"49",2006,10,7.13623188405797,69,7.42115384615385,6.26470588235294,6.14285714285714,7.34347826086957,7.03260869565217,52,17,7,23,46,1716,1270,446,79,697,1019,7.04726789044289,7.33794881889764,6.21954417040359,6.71582278481013,6.92667862266858,7.12975142296369,47
"50",2006,11,7.025,72,7.30943396226415,6.23157894736842,6,6.86818181818182,7.094,53,19,3,22,50,1788,1323,465,82,719,1069,7.04637119686801,7.33680650037793,6.2200359139785,6.68963414634146,6.92488873435327,7.12807923292797,48
"51",2006,12,7.05431034482759,116,7.525,6.16,6.975,6.44838709677419,7.27529411764706,76,40,4,31,85,1904,1399,505,86,750,1154,7.04685488445378,7.34703002144389,6.21528059405941,6.70290697674419,6.90519333333333,7.1389226169844,49
"52",2007,1,6.86727941176471,136,7.15858585858586,6.08783783783784,6.775,6.68,6.95989010989011,99,37,10,45,91,2040,1498,542,96,795,1245,7.03488318627451,7.33457610146862,6.20658062730627,6.71041666666667,6.8924465408805,7.12583670682731,50
"53",2007,2,6.71669602272727,88,7.22413793103448,5.73564166666667,5.92857142857143,6.64074074074074,6.75031557377049,58,30,7,27,61,2128,1556,572,103,822,1306,7.02172507048872,7.33045951156812,6.18188103146853,6.65728155339806,6.88417883211679,7.10829705206738,51
"54",2007,3,6.75122222222222,90,7.09660714285714,6.18235294117647,6.61111111111111,6.70833333333333,6.77981481481481,56,34,9,36,54,2218,1612,606,112,858,1360,7.0107488503156,7.32233560794045,6.18190750825083,6.65357142857143,6.8768006993007,7.095254375,52
"55",2007,4,7.0241935483871,93,7.44402985074627,5.94230769230769,6.71428571428571,7.24305555555556,6.8859649122807,67,26,7,36,57,2311,1679,632,119,894,1417,7.01128989614885,7.32719178082192,6.17205055379747,6.65714285714286,6.89154921700224,7.08683553281581,53
"56",2007,5,6.85989583333333,96,7.22177419354839,6.2,6.95,6.92567567567568,6.81864406779661,62,34,8,37,59,2407,1741,666,127,931,1476,7.00525174491068,7.32343767949454,6.1734774024024,6.6755905511811,6.89290547798067,7.07611514227642,54
"57",2007,6,6.84939759036145,83,7.20980392156863,6.275,6.6,6.65625,6.97058823529412,51,32,9,32,51,2490,1792,698,136,963,1527,7.0000566064257,7.32020368303571,6.17813173352436,6.67058823529412,6.88504153686397,7.07259066797643,55
"58",2007,7,6.812,100,7.02898550724638,6.32903225806452,6.83333333333333,6.74117647058824,6.84848484848485,69,31,6,34,66,2590,1861,729,142,997,1593,6.99279573359073,7.30940623320795,6.18454862825789,6.67746478873239,6.88013540621866,7.06330568110483,56
"59",2007,8,6.86111111111111,72,7.12830188679245,6.11578947368421,6.5,6.93181818181818,6.83,53,19,5,22,50,2662,1914,748,147,1019,1643,6.98923401577761,7.30439132706374,6.18280207219251,6.67142857142857,6.88125122669284,7.0562056908095,57
"60",2007,9,6.72261904761905,84,6.98571428571429,6.19642857142857,6.16666666666667,6.23571428571429,7.07040816326531,56,28,3,35,49,2746,1970,776,150,1054,1692,6.98107827749454,7.29533248730965,6.18329375,6.66133333333333,6.85981499051233,7.05661699172577,58
"61",2007,10,6.68604651162791,86,7.08189655172414,5.86607142857143,6.33333333333333,6.43055555555556,6.75367647058824,58,28,3,18,68,2832,2028,804,153,1072,1760,6.97211897951977,7.28922830374753,6.17224620646766,6.65490196078431,6.8526072761194,7.04491247159091,59
"62",2007,11,6.76363636363636,110,7.02987012987013,6.14242424242424,6.03333333333333,6.45208333333333,7.00483870967742,77,33,6,48,62,2942,2105,837,159,1120,1822,6.96432391230456,7.27974109263658,6.17107043010753,6.6314465408805,6.83544196428571,7.04354881997805,60
"63",2007,12,6.95503875968992,129,7.25795454545455,6.30487804878049,6.33333333333333,6.7,7.11645569620253,88,41,12,50,79,3071,2193,878,171,1170,1901,6.96393388147183,7.27886684906521,6.17731884965831,6.61052631578947,6.82965384615385,7.04657861651762,61
"64",2008,1,6.51387096774194,155,6.9470297029703,5.7037037037037,5.63636363636364,6.17132352941176,6.7816091954023,101,54,11,68,87,3226,2294,932,182,1238,1988,6.94230965592065,7.26425675675676,6.14987762875537,6.55164835164835,6.79349353796446,7.0349828722334,62
"65",2008,2,6.62716049382716,81,7.12127659574468,5.94411764705882,6.35714285714286,6.02413793103448,6.96346153846154,47,34,7,29,52,3307,2341,966,189,1267,2040,6.93459055034775,7.26138615976079,6.14263555900621,6.54444444444444,6.77588397790055,7.03315977941177,63
"66",2008,3,6.66315789473684,95,6.92916666666667,6.20714285714286,6.8125,6.61029411764706,6.69262295081967,60,35,8,34,61,3402,2401,1001,197,1301,2101,6.92701086125808,7.25308413161183,6.14489105894106,6.55532994923858,6.77155649500384,7.02327270347454,64
"67",2008,4,6.16388888888889,90,6.80595238095238,5.60208333333333,6.875,5.87166666666667,6.31,42,48,4,30,60,3492,2443,1049,201,1331,2161,6.90734276918671,7.24539705280393,6.12005333651096,6.56169154228856,6.75127347858753,7.00346874132346,65
"68",2008,5,6.57553191489362,94,6.96271186440678,5.92285714285714,5,6.42903225806452,6.64761904761905,59,35,4,31,63,3586,2502,1084,205,1362,2224,6.89864499442276,7.23873101518785,6.11368630073801,6.53121951219512,6.74393906020558,6.99338846672662,66
"69",2008,6,6.851125,72,7.18219565217391,6.26538461538462,7,6.69926923076923,6.93695652173913,46,26,5,26,46,3658,2548,1110,210,1388,2270,6.89770966375068,7.2377103610675,6.11723959459459,6.54238095238095,6.7431023054755,6.99224491189427,67
"70",2008,7,6.56747967479675,123,7.04109589041096,5.876,5.77083333333333,6.41836734693878,6.66621621621622,73,50,24,49,74,3781,2621,1160,234,1437,2344,6.88696692673896,7.23223426173216,6.1068413362069,6.46324786324786,6.73202922755741,6.98195219709898,68
"71",2008,8,6.29505747126437,87,6.42081632653061,6.1328947368421,5.09615384615385,6.045,6.42666666666667,49,38,13,30,57,3868,2670,1198,247,1467,2401,6.87365355480869,7.21734307116105,6.10766773789649,6.3912955465587,6.71797955010225,6.96876965847564,69
"72",2008,9,6.33913043478261,69,6.78333333333333,5.64814814814815,5.83,6.47391304347826,6.27173913043478,42,27,10,23,46,3937,2712,1225,257,1490,2447,6.86428548387097,7.21062168141593,6.09753955102041,6.36945525291829,6.71421208053691,6.95566651001226,70
"73",2008,10,6.52168674698795,83,6.9390243902439,6.11428571428571,6,6.3625,6.5864406779661,41,42,21,24,59,4020,2753,1267,278,1514,2506,6.8572119278607,7.20657682528151,6.09809467245462,6.34154676258993,6.70863672391017,6.94697364325619,71
"74",2008,11,6.35794392523364,107,6.7551724137931,5.88775510204082,5.375,6.44117647058824,6.31917808219178,58,49,16,34,73,4127,2811,1316,294,1548,2579,6.8442674945481,7.19726289576663,6.09026287993921,6.28894557823129,6.70276227390181,6.92920354788678,72
"75",2008,12,6.52061403508772,114,6.88515625,6.054,5.81818181818182,6.27702702702703,6.63766233766234,64,50,11,37,77,4241,2875,1366,305,1585,2656,6.8355675430323,7.19031513043478,6.08893554172767,6.27196721311475,6.69282397476341,6.92075148719879,73
"76",2009,1,6.83759689922481,129,7.09821428571429,6.35111111111111,6.05625,6.07058823529412,7.1121052631579,84,45,16,34,95,4370,2959,1411,321,1619,2751,6.83562744851258,7.18770057451842,6.09729691708009,6.26121495327103,6.67975663990117,6.92735948745911,74
"77",2009,2,6.65807692307692,130,7.13333333333333,6.16796875,5.9375,6.2109375,6.80408163265306,66,64,16,32,98,4500,3025,1475,337,1651,2849,6.83049821111111,7.18651438016529,6.1003633559322,6.24584569732938,6.6706698970321,6.92311897156897,75
"78",2009,3,6.6034965034965,143,6.88961038961039,6.26969696969697,6.20454545454545,6.50857142857143,6.63425925925926,77,66,22,35,108,4643,3102,1541,359,1686,2957,6.82350677363773,7.17914442295293,6.10761580142765,6.2433147632312,6.66730486358244,6.91256880284072,76
"79",2009,4,6.6033606557377,122,7.15245901639344,6.05426229508197,5.7,6.6551724137931,6.58720430107527,61,61,14,29,93,4765,3163,1602,373,1715,3050,6.81787029380902,7.17862978185267,6.10558423845193,6.22292225201073,6.66709970845481,6.90264785245902,77
"80",2009,5,6.75522388059701,134,7.1234375,6.41857142857143,6.15,6.43170731707317,6.89784946236559,64,70,20,41,93,4899,3227,1672,393,1756,3143,6.81615675648091,7.17753517198637,6.11868776913876,6.21921119592875,6.66160364464693,6.90250587018772,78
"81",2009,6,6.74598214285714,112,6.9775,6.47884615384615,5.93636363636364,6.47142857142857,6.87077922077922,60,52,11,35,77,5011,3287,1724,404,1791,3220,6.81458829574935,7.17388378460602,6.12955101508121,6.2115099009901,6.65788721384701,6.90174718944099,79
"82",2009,7,6.63776223776224,143,6.86666666666667,6.36307692307692,5.78947368421053,6.2,6.80776699029126,78,65,19,40,103,5154,3365,1789,423,1831,3323,6.80968217889018,7.16676255572065,6.13803574622694,6.19255319148936,6.64788421627526,6.89883417092988,80
"83",2009,8,6.56157024793388,121,7.04411764705882,6.21,6.165,5.83333333333333,6.80164835164835,51,70,20,30,91,5275,3416,1859,443,1861,3414,6.80399089099526,7.16493149882904,6.140745535234,6.19130925507901,6.63475335840946,6.8962436877563,81
"84",2009,9,6.6484375,128,6.96233766233766,6.17450980392157,6.42380952380952,6.3675,6.77613636363636,77,51,21,40,88,5403,3493,1910,464,1901,3502,6.80030574680733,7.16046550243344,6.14164709424084,6.20183189655173,6.62912993161494,6.89322557110223,82
"85",2009,10,6.79615384615385,130,6.98076923076923,6.51923076923077,6.17857142857143,6.84,6.78571428571429,78,52,14,25,105,5533,3571,1962,478,1926,3607,6.80020819627688,7.15654046485578,6.15165440876656,6.20115062761506,6.63186708203531,6.89009591072914,83
"86",2009,11,6.68405797101449,138,6.98285714285714,6.37647058823529,6.35416666666667,6.01142857142857,6.9126213592233,70,68,24,35,103,5671,3641,2030,502,1961,3710,6.79738175806736,7.15320131831914,6.15918519704434,6.20846613545817,6.620793472718,6.89072128032345,84
"87",2009,12,6.6,156,7.14758064516129,6.23882978723404,6.4375,6.50833333333333,6.6218253968254,62,94,28,30,126,5827,3703,2124,530,1991,3836,6.79209746868028,7.15310721036997,6.16270995762712,6.22056603773585,6.61909894525364,6.88188893378519,85
"88",2010,1,6.62172619047619,168,7.03469387755102,6.04357142857143,5.88947368421053,6.2125,6.73333333333333,98,70,19,36,132,5995,3801,2194,549,2027,3968,6.7873230942452,7.15005419626414,6.15890881950775,6.20910746812386,6.61187765170202,6.8769470640121,86
"89",2010,2,6.7422131147541,122,7.16578947368421,6.37076923076923,6.225,6.975,6.68520408163265,57,65,20,24,98,6117,3858,2259,569,2051,4066,6.78642340199444,7.15028667703473,6.16500484727756,6.20966608084359,6.61612676743052,6.87232561485489,87
"90",2010,3,6.80192307692308,104,7.11224489795918,6.52545454545455,5.87272727272727,6.55,6.88589743589744,49,55,11,26,78,6221,3907,2314,580,2077,4144,6.78668251888764,7.14980957256207,6.17357214779602,6.20327586206897,6.61529898892634,6.87258106901544,88
"91",2010,4,6.71976744186046,86,6.94464285714286,6.3,5.63636363636364,6.765625,6.70928571428571,56,30,11,16,70,6307,3963,2344,591,2093,4214,6.78577008879023,7.14691042139793,6.17519025170648,6.1927241962775,6.61644816053512,6.86986852159468,89
"92",2010,5,6.41075949367089,79,7.1,5.5875,5.65,6.23809523809524,6.47327586206897,43,36,10,21,58,6386,4006,2380,601,2114,4272,6.78113090353899,7.1464068896655,6.16630081932773,6.18369384359401,6.61268968779565,6.86448407069288,90
"93",2010,6,6.5264367816092,87,6.90833333333333,6.05641025641026,6.13333333333333,6.075,6.62816901408451,48,39,9,16,71,6473,4054,2419,610,2130,4343,6.77770770122045,7.14358806117415,6.1645291236048,6.18295081967213,6.60865070422535,6.86062075754087,91
"94",2010,7,6.55555555555556,81,6.90212765957447,6.07647058823529,5.96666666666667,6.83,6.4655737704918,47,34,12,20,61,6554,4101,2453,622,2150,4404,6.77496215288373,7.14082077542063,6.16330858132899,6.17877813504823,6.61070976744186,6.85514894414169,92
"95",2010,8,6.92815533980583,103,7.25245901639344,6.45714285714286,6.54090909090909,6.76190476190476,6.97073170731707,61,42,11,21,82,6657,4162,2495,633,2171,4486,6.77733242451555,7.14245699183085,6.16825488977956,6.18507109004739,6.61217227084293,6.85726169193045,93
"96",2010,9,6.50869565217391,69,7.12205882352941,5.91285714285714,5.32,6.68157894736842,6.443,34,35,10,19,50,6726,4196,2530,643,2190,4536,6.77457656110615,7.14229170638704,6.16472171936759,6.17161741835148,6.61277442922375,6.85269531525573,94
"97",2010,10,6.50681818181818,88,6.99302325581395,6.04222222222222,6.16,5.96666666666667,6.88076923076923,43,45,15,36,52,6814,4239,2575,658,2226,4588,6.77111857205753,7.14077754187308,6.16258095145631,6.17135258358663,6.60232524707996,6.85301350261552,95
"98",2010,11,6.43082191780822,146,6.96301369863014,5.8986301369863,6.36666666666667,6.07297297297297,6.55229357798165,73,73,15,37,109,6960,4312,2648,673,2263,4697,6.76398016522988,7.13776808905381,6.15530436178248,6.17570579494799,6.59367034909412,6.84603490525868,96
"99",2010,12,6.74163043478261,138,6.94160714285714,6.43055555555556,6.64375,6.4859375,6.81882075471698,84,54,16,32,106,7098,4396,2702,689,2295,4803,6.76354563961679,7.13401979071884,6.16080531088083,6.18657474600871,6.59216819172113,6.84543430147824,97
"100",2011,1,6.61054421768707,147,7.01645569620253,6.13897058823529,5.88461538461539,5.8328125,6.82695652173913,79,68,13,32,115,7245,4475,2770,702,2327,4918,6.76044126293996,7.1319443575419,6.16026929602888,6.18098290598291,6.58172582724538,6.84500222651484,98
"101",2011,2,6.5023829787234,141,7.0348,5.97746478873239,6.01304347826087,6.65688888888889,6.46578947368421,70,71,23,27,114,7386,4545,2841,725,2354,5032,6.75551488627132,7.13044818481848,6.15570079197466,6.17565517241379,6.58258793542906,6.83641115858505,99
"102",2011,3,6.44271844660194,103,6.84245283018868,6.019,5.5,6.0047619047619,6.55487804878049,53,50,8,21,82,7489,4598,2891,733,2375,5114,6.75121283883028,7.12712853414528,6.15333654444829,6.16828103683493,6.57747873684211,6.83189693977317,100
"103",2011,4,6.50663265306122,98,6.93090909090909,5.96395348837209,5.71428571428571,5.83333333333333,6.725,55,43,7,24,74,7587,4653,2934,740,2399,5188,6.7480536378015,7.12480915538363,6.15056099182004,6.16398648648649,6.57003418090871,6.83037219545104,101
"104",2011,5,6.29960396039604,101,6.62,6.08950819672131,5.95833333333333,5.96666666666667,6.42108108108108,40,61,18,27,74,7688,4693,2995,758,2426,5262,6.74216219432882,7.12050649904113,6.14931751252087,6.15910290237467,6.56331904369332,6.82461629608514,102
"105",2011,6,6.44445652173913,92,7.20906976744186,5.7734693877551,6.17857142857143,6.24375,6.48671052631579,43,49,14,16,76,7780,4736,3044,772,2442,5338,6.73864176735218,7.12131059966216,6.14326739487517,6.15945595854922,6.56122522522523,6.81980534844511,103
"106",2011,7,6.5352380952381,105,7.13793103448276,5.79148936170213,5.81818181818182,6.13684210526316,6.62325581395349,58,47,11,19,86,7885,4794,3091,783,2461,5424,6.73593315789474,7.12151168126825,6.1379184568101,6.15466155810983,6.55794880130029,6.81668896570796,104
"107",2011,8,6.52018348623853,109,7.01754385964912,5.975,5.55714285714286,5.8695652173913,6.69418604651163,57,52,14,23,86,7994,4851,3143,797,2484,5510,6.7329913622717,7.12029004329005,6.13522301940821,6.14416562107905,6.55157487922705,6.81477694192377,105
"108",2011,9,6.59375,96,7.20243902439024,6.14,5.96875,6.45714285714286,6.61707317073171,41,55,16,14,82,8090,4892,3198,813,2498,5592,6.73133905438813,7.12097853638594,6.13530517510945,6.14071340713407,6.55104563650921,6.81187785228898,106
"109",2011,10,6.53,120,7.06896551724138,6.0258064516129,6,6.34,6.568,58,62,5,20,100,8210,4950,3260,818,2518,5692,6.7283962180268,7.12036909090909,6.13322268404908,6.1398533007335,6.54936934074663,6.80759328004216,107
"110",2011,11,6.50685483870968,124,6.84242424242424,6.125,5.94444444444444,6.15862068965517,6.61315789473684,66,58,9,29,95,8334,5016,3318,827,2547,5787,6.72509994600432,7.11671192185008,6.13307894816155,6.13772672309553,6.54492029839026,6.80440140832901,108
"111",2011,12,6.44615384615385,130,6.9448275862069,6.04444444444444,6.28888888888889,6.288,6.48380952380952,58,72,18,25,105,8464,5074,3390,845,2572,5892,6.72081556592627,7.11474714229405,6.13119644542773,6.14094674556213,6.54242301710731,6.79868821283096,109
"112",2012,1,6.53834355828221,163,6.97102272727273,6.03066666666667,6.18888888888889,5.775,6.72480916030534,88,75,18,32,131,8627,5162,3465,863,2604,6023,6.71736790889069,7.11229697791554,6.12902047619048,6.14194669756663,6.53299231950845,6.79708134650506,110
"113",2012,2,6.73983050847458,118,7.05076923076923,6.35849056603774,7.5625,6.82,6.71827956989247,65,53,8,25,93,8745,5227,3518,871,2629,6116,6.71767100628931,7.11153185383585,6.13247752984651,6.15499425947187,6.53572156713579,6.7958830853499,111
"114",2012,3,6.88849056603774,106,7.18123076923077,6.42439024390244,6.3125,6.96583333333333,6.86585365853659,65,41,8,24,82,8851,5292,3559,879,2653,6198,6.71971674951983,7.11238794406652,6.13584039055915,6.15642775881684,6.53961251413494,6.7968088012262,112
"115",2012,4,6.7004854368932,103,7.00254237288136,6.29545454545455,6.5,7.0475,6.61686746987952,59,44,5,20,83,8954,5351,3603,884,2673,6281,6.71949552713871,7.11117678938516,6.13778960588399,6.15837104072398,6.5434126449682,6.79443097436714,113
"116",2012,5,6.73009523809524,105,7.14627450980392,6.33703703703704,6.62142857142857,6.778,6.71882352941176,51,54,14,20,85,9059,5402,3657,898,2693,6366,6.71961838503146,7.11150814513144,6.14073173366147,6.16559020044543,6.54515484589677,6.79342144989004,114
"117",2012,6,6.6509900990099,101,6.8462962962963,6.42659574468085,7.05,6.74375,6.63352941176471,54,47,13,16,85,9160,5456,3704,911,2709,6451,6.71886167576419,7.10888324780059,6.14435905777538,6.17821075740944,6.54632779623477,6.79131467214385,115
"118",2012,7,6.824,100,7.25535714285714,6.275,6.5,6.854,6.814,56,44,8,25,75,9260,5512,3748,919,2734,6526,6.71999707883369,7.11037137155298,6.14589272945571,6.1810119695321,6.54914118507681,6.79157538308305,116
"119",2012,8,6.89745283018868,106,7.21846153846154,6.38853658536585,6.653,6.76533333333333,6.91923076923077,65,41,10,15,91,9366,5577,3789,929,2749,6617,6.72200543988896,7.11163116370809,6.14851832937451,6.18609257265877,6.55032084394325,6.79333095813813,117
"120",2012,9,6.20980392156863,102,6.71636363636364,5.61702127659574,5.70588235294118,5.68333333333333,6.37179487179487,55,47,17,24,78,9468,5632,3836,946,2773,6695,6.71648742606675,7.10777112926137,6.1420062434828,6.17746300211416,6.5428171655247,6.78841985810306,118
"121",2012,10,6.33580357142857,112,6.57962962962963,6.10879310344828,5.92307692307692,5.28947368421053,6.54956989247312,54,58,13,19,93,9580,5686,3894,959,2792,6788,6.71203684237996,7.10275536405206,6.14151154340011,6.17401459854015,6.53428796561605,6.78514745875074,119
"122",2012,11,6.52094017094017,117,6.92878787878788,5.99313725490196,5.91071428571429,6.34523809523809,6.559375,66,51,14,21,96,9697,5752,3945,973,2813,6884,6.70973114880891,7.10075921418637,6.13959339670469,6.17022610483042,6.53287664415215,6.78199897588611,120
"123",2012,12,6.52807692307692,130,6.85625,6.12068965517241,5.93333333333333,5.932,6.67,72,58,9,25,105,9827,5824,4003,982,2838,6989,6.70732807062176,7.09773643543956,6.1393194978766,6.1680549898167,6.52758350951374,6.7803163471169,121
"124",2013,1,6.61198830409357,171,6.99772727272727,6.20301204819277,6.44736842105263,5.91428571428571,6.7486013986014,88,83,19,28,143,9998,5912,4086,1001,2866,7132,6.7056974344869,7.09624780108255,6.14061330151738,6.17335664335664,6.52159176552687,6.77968044727986,122
"125",2013,2,6.58738738738739,111,6.78301886792453,6.40862068965517,5.71428571428571,5.95238095238095,6.73555555555556,53,58,14,21,90,10109,5965,4144,1015,2887,7222,6.70439835295281,7.09346471081308,6.14436437017375,6.16702463054187,6.51745133356425,6.77913056632512,123
"126",2013,3,6.51428828828829,111,6.99245283018868,6.07734482758621,5.585,5.49561538461538,6.82588235294118,53,58,20,26,85,10220,6018,4202,1035,2913,7307,6.70233355675146,7.09257510800931,6.143439302713,6.15577777777778,6.50833093031239,6.77967441494457,124
"127",2013,4,6.59548672566372,113,6.897,6.1046511627907,6.11538461538461,5.97368421052632,6.72117021276596,70,43,13,19,94,10333,6088,4245,1048,2932,7401,6.7011650972612,7.09032637976347,6.14304639575972,6.15527671755725,6.50486630286494,6.7789313538711,125
"128",2013,5,6.22801418439716,141,6.90307692307692,5.65065789473684,6.20588235294118,5.17307692307692,6.46652173913043,65,76,17,26,115,10474,6153,4321,1065,2958,7516,6.69479558430399,7.08834828538924,6.13438601018283,6.15608450704225,6.49316024340771,6.77415127062267,126
"129",2013,6,6.4561320754717,106,6.78571428571429,6.17280701754386,5.70769230769231,6.01428571428571,6.52336956521739,49,57,13,14,92,10580,6202,4378,1078,2972,7608,6.69240443761814,7.08595727184779,6.13488623800823,6.15067717996289,6.49090444145357,6.7711186842797,127
"130",2013,7,6.42338461538462,130,7.065,5.93783783783784,5.41578947368421,6.28260869565217,6.45364485981308,56,74,19,23,107,10710,6258,4452,1097,2995,7715,6.68913902427637,7.08576973473954,6.13161095013477,6.13794895168642,6.48930484140234,6.76671561244329,128
"131",2013,8,6.54395161290323,124,6.90571428571429,6.075,6.003125,5.97407407407407,6.70257731958763,70,54,16,27,97,10834,6328,4506,1113,3022,7812,6.6874772890899,7.08377797092289,6.13093252330227,6.13601078167116,6.48470152217075,6.76591922043011,129
"132",2013,9,6.27790697674419,129,6.97734375,5.58923076923077,5.79411764705882,5.81428571428571,6.45053191489362,64,65,17,35,94,10963,6392,4571,1130,3057,7906,6.682657935784,7.08271229662078,6.12322947932619,6.13086725663717,6.47702584232908,6.7621693587149,130
"133",2013,10,6.5684,125,7.2491935483871,5.8984126984127,6.10714285714286,6.52272727272727,6.57815533980583,62,63,14,22,103,11088,6454,4634,1144,3079,8009,6.68136985479798,7.08431158971181,6.12017305783341,6.13057692307692,6.47735238713868,6.75980284055438,131
"134",2013,11,6.44661654135338,133,7.3,5.74520547945205,5.9625,6.21612903225806,6.51666666666667,60,73,16,31,102,11221,6514,4707,1160,3110,8111,6.67858737634791,7.08629828062635,6.11435775440833,6.12825862068965,6.47474855305466,6.75674527801751,132
"135",2013,12,6.39769230769231,130,6.82416666666667,6.03214285714286,5.64705882352941,5.64583333333333,6.56792452830189,60,70,17,24,106,11351,6574,4777,1177,3134,8217,6.67537035943969,7.08390584119258,6.11315301444421,6.12130841121495,6.46840076579451,6.75430947426068,133
"136",2014,1,6.47301587301587,189,6.78425925925926,6.05802469135802,6.25,6.06333333333333,6.55031446540881,108,81,16,30,159,11540,6682,4858,1193,3164,8376,6.67205623483535,7.07906270577672,6.11223383079457,6.12303436714166,6.4645600505689,6.75043707617001,134
"137",2014,2,6.33689440993789,161,6.78842696629213,5.77875,5.72727272727273,5.63636363636364,6.38826666666667,89,72,22,11,150,11701,6771,4930,1215,3175,8526,6.66744457311341,7.07524250479988,6.10736347870183,6.1158683127572,6.46169070866142,6.74406532371569,135
"138",2014,3,6.5448,125,6.77903225806452,6.31428571428571,6.6875,5.52380952380952,6.75096153846154,62,63,16,21,104,11826,6833,4993,1231,3196,8630,6.66614822847962,7.07255480755159,6.10997435409574,6.12329813160032,6.45552816020025,6.74414842989571,136
"139",2014,4,6.45106382978723,141,6.92628205128205,5.86269841269841,5.92222222222222,5.83125,6.63302752293578,78,63,18,32,109,11967,6911,5056,1249,3228,8739,6.66361401771538,7.07090392128491,6.10689318631329,6.1204003202562,6.4493395291202,6.7427624384941,137
"140",2014,5,6.25803571428571,112,6.99333333333333,5.76417910447761,5.63333333333333,5.24666666666667,6.41443298969072,45,67,15,15,97,12079,6956,5123,1264,3243,8836,6.65985337776306,7.07040209890742,6.10241107749366,6.11462025316455,6.44377674992291,6.73915809755545,138
"141",2014,6,6.57641509433962,106,7.05576923076923,6.11481481481481,6.35,6.42631578947368,6.60919540229885,52,54,10,19,87,12185,7008,5177,1274,3262,8923,6.65912752974969,7.0702935216895,6.10254045779409,6.11646781789639,6.44367504598406,6.73789095035302,139
"142",2014,7,6.22047413793103,116,6.46745283018868,6.01269841269841,5.68181818181818,5.78214285714286,6.31736842105263,53,63,11,21,95,12301,7061,5240,1285,3283,9018,6.65499097227867,7.0657685880187,6.10146029580153,6.11274708171206,6.43944349680171,6.73346096141051,140
"143",2014,8,6.20766917293233,133,6.5198275862069,5.96626666666667,5.88235294117647,5.79423076923077,6.3081308411215,58,75,17,26,107,12434,7119,5315,1302,3309,9125,6.65020620476114,7.0613206911083,6.09955257761054,6.10973886328725,6.43437382895134,6.72847352876712,141
"144",2014,9,6.07298387096774,124,6.52767857142857,5.69852941176471,5.23,5.25625,6.19398148148148,56,68,20,16,108,12558,7175,5383,1322,3325,9233,6.64450660535117,7.05715567944251,6.09448670815531,6.09642965204236,6.42870466165413,6.72222148272501,142
"145",2014,10,6.13026315789474,152,6.55569620253165,5.66986301369863,5.88947368421053,5.68275862068965,6.23577235772358,79,73,19,29,123,12710,7254,5456,1341,3354,9356,6.63835672305271,7.05169451337194,6.08880534274194,6.09349739000745,6.4222549194991,6.71582630932022,143
"146",2014,11,6.25173611111111,144,6.64714285714286,5.8777027027027,5.68235294117647,6.09583333333333,6.28291666666667,70,74,17,24,120,12854,7324,5530,1358,3378,9476,6.63402551345884,7.04782796286183,6.08598046112116,6.08835051546392,6.41993576080521,6.71034412726889,144
"147",2014,12,6.43,150,6.94,5.92,4.55,6.20625,6.45671641791045,75,75,10,16,134,13004,7399,5605,1368,3394,9610,6.63167209704706,7.04673496418435,6.08375949152543,6.07710526315789,6.41892840306423,6.70680759105099,145
"148",2015,1,6.39452914798206,223,6.9710101010101,5.93427419354839,5.82297297297297,6.27,6.41096446700508,99,124,37,26,197,13227,7498,5729,1405,3420,9807,6.62767399637106,7.04573512936783,6.08052399197068,6.0704128113879,6.41779619883041,6.7008647853574,146
"149",2015,2,6.37225609756098,164,6.826875,5.93928571428571,6.5,6.0375,6.40844594594595,80,84,18,16,148,13391,7578,5813,1423,3436,9955,6.62454588529609,7.04342465030351,6.07848304661965,6.07584680252987,6.4160253201397,6.69651742340532,147
"150",2015,3,6.33726744186047,172,6.85925925925926,5.87263736263736,6.04470588235294,6.06481481481481,6.388,81,91,17,27,145,13563,7659,5904,1440,3463,10100,6.62090274644252,7.04147695521609,6.07531028963415,6.07547916666667,6.41328703436327,6.69208821287128,148
"151",2015,4,6.14375796178344,157,6.59479452054795,5.75178571428571,5.90526315789474,5.5,6.25425373134328,73,84,19,23,134,13720,7732,5988,1459,3486,10234,6.61544270772595,7.03725969994827,6.07077186873748,6.07326250856751,6.40726133103844,6.68635537912839,149
"152",2015,5,6.33,130,6.82101449275362,5.77459016393443,5.63636363636364,6.17391304347826,6.36355140186916,69,61,11,23,107,13850,7801,6049,1470,3509,10341,6.61276346209386,7.035347006794,6.06778508017855,6.06999319727891,6.40573183243089,6.68301527415143,150
"153",2015,6,6.1116935483871,124,6.64044117647059,5.46964285714286,5.84090909090909,4.54,6.41394230769231,68,56,11,20,104,13974,7869,6105,1481,3529,10445,6.60831715686274,7.03193442622951,6.06229843570844,6.06829169480081,6.39515811844715,6.68033613690761,151
"154",2015,7,6.22514285714286,140,6.80701754385965,5.8255421686747,5.45925925925926,6.15916666666667,6.23879310344828,57,83,27,24,116,14114,7926,6188,1508,3553,10561,6.60451636318549,7.03031693161746,6.05912281027796,6.05738726790451,6.39356403039685,6.67548631284916,152
"155",2015,8,6.47222222222222,144,7.05,5.92567567567568,5.96190476190476,5.64473684210526,6.598,70,74,21,19,125,14258,7996,6262,1529,3572,10686,6.60318024617758,7.03048924462231,6.05754582401789,6.05607586657946,6.38958090705487,6.67457991297024,153
"156",2015,9,6.06008403361345,119,6.51666666666667,5.68076923076923,5.75,5.47727272727273,6.19226804123711,54,65,14,22,97,14377,8050,6327,1543,3594,10783,6.59868497948111,7.02704248447205,6.05367503556188,6.05329876863253,6.38399638286032,6.67024120838356,154
"157",2015,10,6.40899253731343,134,6.75897260273973,5.99016393442623,6.06470588235294,6.19090909090909,6.45183035714286,73,61,17,22,112,14511,8123,6388,1560,3616,10895,6.59693328853973,7.0246333866798,6.05306855823419,6.05342307692308,6.38282162610619,6.66799595686094,155
"158",2015,11,6.19006024096385,166,6.856,5.64120879120879,5.40740740740741,5.78181818181818,6.25243055555556,75,91,27,22,144,14677,8198,6479,1587,3638,11039,6.59233146760237,7.02309063186143,6.04728383238154,6.0424322621298,6.37918719076416,6.66257504755865,156
"159",2015,12,6.21603448275862,174,6.56868131868132,5.82939759036145,5.75863636363636,6.27176470588235,6.2025,91,83,22,34,140,14851,8289,6562,1609,3672,11179,6.58792262810585,7.01810194233322,6.04452788021945,6.03855189558732,6.37819253812636,6.65681330619912,157
"160",2016,1,6.18862559241706,211,6.70181818181818,5.62970297029703,5.89545454545455,5.79166666666667,6.27028571428571,110,101,22,36,175,15062,8399,6663,1631,3708,11354,6.58232897025627,7.01395963805215,6.03823982440342,6.03662170447578,6.37249811218986,6.65085572925841,158
"161",2016,2,6.51577181208054,149,6.95,6.09868421052632,5.94444444444444,5.88157894736842,6.60846153846154,73,76,18,19,130,15211,8472,6739,1649,3727,11484,6.58167700677141,7.01340852219075,6.03892149428699,6.03561552456034,6.36999543869064,6.65037582288401,159
"162",2016,3,6.26993464052288,153,6.88513513513514,5.69367088607595,5.7,5.84090909090909,6.34198473282443,74,79,20,22,131,15364,8546,6818,1669,3749,11615,6.57857256899245,7.01229780014042,6.03492108389557,6.03159376872379,6.36689063750333,6.64689762806715,160
"163",2016,4,6.5756329113924,158,7.11588235294118,5.94657534246575,6.08333333333333,6.0625,6.66753731343284,85,73,18,24,134,15522,8631,6891,1687,3773,11749,6.57854264592191,7.01331792376318,6.03398519082862,6.032145820984,6.364954412934,6.64713302834284,161
"164",2016,5,6.33967741935484,155,6.87901234567901,5.74932432432432,4.84615384615385,5.87115384615385,6.43410852713178,81,74,13,26,129,15677,8712,6965,1700,3799,11878,6.57618096255661,7.01206921487604,6.03096079684135,6.02307647058824,6.36157488812845,6.64481949402256,162
"165",2016,6,6.3041095890411,146,7.00289855072464,5.67792207792208,5.39473684210526,6.23333333333333,6.316,69,77,19,21,125,15823,8781,7042,1719,3820,12003,6.57367053972066,7.01199715294386,6.02710053251917,6.01613147178592,6.36086989528796,6.64139514704657,163
"166",2016,7,6.29039735099338,151,6.77905405405405,5.82077922077922,6.25555555555556,6.22222222222222,6.29962406015038,74,77,18,18,133,15974,8855,7119,1737,3838,12136,6.57099279767121,7.01005047995483,6.02486893524372,6.01861255037421,6.36021964564878,6.63764963332235,164
"167",2016,8,6.41626506024096,166,6.91683168316832,5.63846153846154,5.07142857142857,6.35294117647059,6.42348993288591,101,65,14,17,149,16140,8956,7184,1751,3855,12285,6.56940142193308,7.00899921840107,6.0213727658686,6.01103940605368,6.36018754863813,6.63505217338217,165
"168",2016,9,6.25202702702703,148,6.96917808219178,5.554,5.63888888888889,5.95,6.29921875,73,75,18,20,128,16288,9029,7259,1769,3875,12413,6.56651761726424,7.00867726215528,6.01654386967902,6.00725268513284,6.3580704516129,6.63158913638927,166
"169",2016,10,6.35247252747253,182,6.81887755102041,5.80833333333333,6.16666666666667,5.98333333333333,6.40854430379747,98,84,12,24,158,16470,9127,7343,1781,3899,12571,6.56415233454766,7.00663931193163,6.0141620522947,6.00832678270635,6.35576378558605,6.62878577281044,167
"170",2016,11,6.30494186046512,172,6.65660377358491,5.74015151515152,5.62727272727273,5.61842105263158,6.39019607843137,106,66,11,19,153,16642,9233,7409,1792,3918,12724,6.56147331750991,7.00262070832882,6.01172114320421,6.00598772321429,6.35218810617662,6.62591684611757,168
"171",2016,12,6.36113744075829,211,6.80491071428571,5.85909090909091,5.77826086956522,6.04516129032258,6.41555555555556,112,99,23,31,180,16853,9345,7508,1815,3949,12904,6.55896510710259,7.00025115034778,6.00970857085775,6.00310192837466,6.34977791846037,6.62298248217607,169
"172",2017,1,6.28214022140221,271,6.88722222222222,5.59606299212598,5.62368421052632,5.46190476190476,6.43257641921397,144,127,38,42,229,17124,9489,7635,1853,3991,13133,6.55458414797944,6.99853588365476,6.00282802226588,5.99532110091743,6.34043422701077,6.61966237341049,170
"173",2017,2,6.40274390243902,164,6.99176470588235,5.76898734177215,6.125,5.91578947368421,6.46655172413793,85,79,18,19,145,17288,9574,7714,1871,4010,13278,6.55314373843128,6.9984757677042,6.00043323178636,5.99656867985035,6.33842219451372,6.61799035622835,171
"174",2017,3,6.53329545454545,176,6.96166666666667,5.85294117647059,5.55555555555556,6.3184,6.56887417218543,108,68,9,25,151,17464,9682,7782,1880,4035,13429,6.55294370991754,6.99806517248502,5.99914442945258,5.99445744680851,6.33829814126394,6.61743807804006,172
"175",2017,4,6.49562841530055,183,7.0686170212766,5.89044943820225,6.29411764705882,6.94137931034483,6.41168831168831,94,89,17,29,154,17647,9776,7871,1897,4064,13583,6.55234934833116,6.99874355564648,5.99791537924025,5.99714285714286,6.34260162401575,6.61510534859751,173
"176",2017,5,6.34675,200,7.01330275229358,5.54835164835165,5.33333333333333,5.69565217391304,6.43135593220339,109,91,27,23,177,17847,9885,7962,1924,4087,13760,6.5500453269457,6.99890409711684,5.99277718538056,5.98782744282744,6.3389608514803,6.61274171148256,174
"177",2017,6,6.40645161290323,124,6.78524590163934,6.03968253968254,5.61538461538461,6,6.45,61,63,13,12,112,17971,9946,8025,1937,4099,13872,6.54905452951978,6.99759370601247,5.99314541433022,5.98532782653588,6.33796852890949,6.61142776456171,175
"178",2017,7,6.47055555555556,162,6.8875641025641,6.08333333333333,6.22222222222222,6.05263157894737,6.52608391608392,78,84,18,19,143,18133,10024,8109,1955,4118,14015,6.54835322064744,6.99673752992817,5.99407965840424,5.98750895140665,6.33665201554153,6.61055697110239,176
"179",2017,8,6.50530726256983,179,6.90518867924528,5.92465753424658,5.69444444444444,5.88571428571429,6.5876582278481,106,73,18,21,158,18312,10130,8182,1973,4139,14173,6.54793244593709,6.99577956564659,5.9934602725495,5.98483527622909,6.33436409760812,6.61030169688845,177
"180",2017,9,6.23764705882353,170,6.81688311688312,5.75806451612903,6,6.22222222222222,6.23947368421053,77,93,25,18,152,18482,10207,8275,1998,4157,14325,6.54507839790066,6.99442999902028,5.99081473716012,5.98502502502503,6.33387851816214,6.60636690750436,178
"181",2017,10,6.23636363636364,176,6.9,5.52588235294118,5.55,6.06875,6.26282894736842,91,85,19,24,152,18658,10298,8360,2017,4181,14477,6.5421663066781,6.99359555253447,5.98608755382775,5.98092711948438,6.33235661325042,6.6027599606272,179
"182",2017,11,6.50677595628415,183,6.99711111111111,6.03225806451613,5.56153846153846,6.05192307692308,6.58210191082803,90,93,13,26,157,18841,10388,8453,2030,4207,14634,6.54182256515047,6.99362601078167,5.98659552229978,5.97824137931035,6.33062348466841,6.60253833196665,180
"183",2017,12,6.29975490196078,204,6.91205357142857,5.55434782608696,5.64705882352941,6.00217391304348,6.33756906077348,112,92,17,23,181,19045,10500,8545,2047,4230,14815,6.53922966395379,6.9927559047619,5.9819417144529,5.97549096238398,6.32883758865248,6.59930111036112,181
"184",2018,1,6.47924901185771,253,6.89160839160839,5.94318181818182,6.15,6.72222222222222,6.45022123893805,143,110,19,27,226,19298,10643,8655,2066,4257,15041,6.53844330759664,6.99139688057878,5.98144909878683,5.97709583736689,6.3313326286117,6.59706109633668,182
"185",2018,2,6.48147239263804,163,7.03878048780488,5.91728395061728,5.94117647058824,5.75,6.52928104575163,82,81,17,10,153,19461,10725,8736,2083,4267,15194,6.53796613483377,6.99175916083916,5.98085416094322,5.97680268843015,6.32997023670026,6.59637856719758,183
"186",2018,3,6.56357240506329,158,7.09457666666667,5.96081081081081,5.65,6.0695652173913,6.64773659259259,84,74,14,23,135,19619,10809,8810,2097,4290,15329,6.53817235282124,6.99255818669627,5.98068580590239,5.9746208869814,6.32857412587413,6.59683086894122,184
"187",2018,4,6.29192052980132,151,6.89027027027027,5.71688311688312,6.07083333333333,6.65384615384615,6.25782608695652,74,77,24,13,138,19770,10883,8887,2121,4303,15467,6.53629152200303,6.99186267021961,5.9784001294025,5.9757095709571,6.32955682082268,6.59380619318549,185
"188",2018,5,6.42851351351351,148,6.93230769230769,5.86714285714286,6.22222222222222,6.15714285714286,6.45686567164179,78,70,18,14,134,19918,10961,8957,2139,4317,15601,6.5354906812933,6.99143886871636,5.97753064083957,5.9777840112202,6.32899768357656,6.59262998461637,186
"189",2018,6,6.72036231884058,138,6.99530120481928,6.30545454545455,6.425,7.04166666666667,6.6897619047619,83,55,12,12,126,20056,11044,9012,2151,4329,15727,6.53676273384523,6.99146789568997,5.97953195184199,5.9802789400279,6.3309732039732,6.59340817638456,187
"190",2018,7,6.34262773722628,137,6.94115942028986,5.73529411764706,5.41666666666667,6.91538461538462,6.28258064516129,69,68,18,13,124,20193,11113,9080,2169,4342,15851,6.535445619274,6.99115553315936,5.97770285792952,5.97560165975104,6.33272293873791,6.59097661914075,188
"191",2018,8,6.23187134502924,171,6.67554347826087,5.71518987341772,5.75,6,6.25254777070064,92,79,14,14,157,20364,11205,9159,2183,4356,16008,6.53289645403653,6.98856416242749,5.97543857953925,5.9741548327989,6.33165358126722,6.58765744565217,189
"192",2018,9,6.40595007246377,138,7.10334875,5.64515151515152,4.77777777777778,5.63333333333333,6.50017162601626,72,66,9,15,123,20502,11277,9225,2192,4371,16131,6.53204197151497,6.98929702491797,5.9730755501355,5.96924270072993,6.32925714939373,6.58699036017606,190
"193",2018,10,6.30472739130435,161,6.64160755319149,5.83208955223881,5.73076923076923,6.5125,6.27525609929078,94,67,13,20,141,20663,11371,9292,2205,4391,16272,6.53027080336834,6.98642280010553,5.97205897008179,5.96783673469388,6.33009177863812,6.58428912303343,191
"194",2018,11,6.19308571428571,175,6.6375,5.7435632183908,5.57,5.78333333333333,6.27786206896552,88,87,20,30,145,20838,11459,9379,2225,4421,16417,6.52743908292542,6.98374322890304,5.96993943384156,5.9642606741573,6.32638158787605,6.58158266492051,192
"195",2018,12,6.49272049689441,161,6.75348936170213,6.12686567164179,6.27941176470588,6.7825,6.46938255033557,94,67,17,12,149,20999,11553,9446,2242,4433,16566,6.52717289442354,6.98186978793387,5.97105250370527,5.96665031222123,6.32761628693887,6.58057350054328,193
"196",2019,1,6.49720479820628,223,6.88751210144928,5.86352941176471,5.31578947368421,6.43035714285714,6.50680343589744,138,85,19,28,195,21222,11691,9531,2261,4461,16761,6.5268579907643,6.98075599435463,5.97009358409401,5.96118089341,6.32826115220802,6.57971524849352,194
"197",2019,2,6.30847682119205,151,6.79380952380952,5.7,5.375,6.15384615384615,6.32304347826087,84,67,8,13,138,21373,11775,9598,2269,4474,16899,6.52531513030459,6.97942236348195,5.96820816315899,5.95911414720141,6.32775435851587,6.5776192248062,195
"198",2019,3,6.49033157068063,191,6.9916819266055,5.82390243902439,5.46666666666667,6.16,6.53780437125748,109,82,15,24,167,21564,11884,9680,2284,4498,17066,6.52500526850306,6.9795348081454,5.96698573863636,5.95588003502627,6.32685927078702,6.57722961502402,196
"199",2019,4,6.36442307692308,156,6.77411764705882,5.87394366197183,5.08928571428571,6.02173913043478,6.42368421052632,85,71,14,23,133,21720,11969,9751,2298,4521,17199,6.52385191574585,6.97807600133678,5.96630827094657,5.95060052219321,6.32530701172307,6.57604224722367,197
"200",2019,5,6.47422413793103,116,6.98467741935484,5.88814814814815,5.45454545454545,6.19411764705882,6.52232323232323,62,54,11,17,99,21836,12031,9805,2309,4538,17298,6.52358827669903,6.97811002077965,5.96587781234064,5.94823733217843,6.32481555751432,6.57573480228928,198
"201",2019,6,6.57173913043478,138,7.12076923076923,6.08287671232877,5.81818181818182,6.04642857142857,6.63104838709677,65,73,11,14,124,21974,12096,9878,2320,4552,17422,6.52389067124784,6.97887662533069,5.9667424529257,5.94762068965517,6.32395935852372,6.57612849328435,199
"202",2019,7,6.35333333333333,147,6.76072289156626,5.825,5.84615384615385,6.15,6.36817518248175,83,64,13,10,137,22121,12179,9942,2333,4562,17559,6.52275727182315,6.97738990557517,5.96583000905251,5.94705529361338,6.32357803594914,6.57450598610399,200
"203",2019,8,6.40666666666667,189,6.68309090909091,6.02177215189873,6.10714285714286,5.45789473684211,6.51270588235294,110,79,14,19,170,22310,12289,10021,2347,4581,17729,6.52177380591663,6.97475560745382,5.96627102584573,5.9480102258202,6.3199875573019,6.57391339669468,201
"204",2019,9,6.37301585034014,147,6.91049382716049,5.71338378787879,5.34736842105263,6.08888888888889,6.41266147286822,81,66,19,18,129,22457,12370,10087,2366,4599,17858,6.52080005966959,6.9743348148747,5.96461636561912,5.94318681318682,6.31908306153511,6.5727485687087,202
"205",2019,10,6.57210884353742,147,7.11113924050633,5.94588235294118,6.16428571428571,6.40625,6.59236641221374,79,68,14,16,131,22604,12449,10155,2380,4615,17989,6.52113373473721,6.97520296088039,5.96449091875923,5.94448739495799,6.31938526543879,6.57289143031853,203
"206",2019,11,6.24385928961749,183,6.76633663366337,5.60032012195122,5.61256944444444,6.21304347826087,6.2482890625,101,82,18,23,160,22787,12550,10237,2398,4638,18149,6.51890697283539,6.97352204462151,5.96157385269122,5.94199593411176,6.31885791289349,6.57002976417434,204
"207",2019,12,6.50434685,200,6.86451880952381,5.89108108108108,5.59,5.8,6.60496782857143,126,74,16,25,175,22987,12676,10311,2414,4663,18324,6.51878029146909,6.9724385476491,5.96106794006401,5.93966290389395,6.31607613124598,6.57036343374809,205
"208",2020,1,6.33979832740214,281,6.80727067114094,5.81212121212121,5.8,5.98076923076923,6.37640521568627,149,132,20,26,255,23268,12825,10443,2434,4689,18579,6.51661878502664,6.97051963820663,5.95918524657666,5.9385153040263,6.31421689059501,6.56770132353733,206
"209",2020,2,6.464326375,240,7.02187651851852,5.74747619047619,5.26153846153846,5.81354166666667,6.53663578703704,135,105,13,24,216,23508,12960,10548,2447,4713,18795,6.51608491662413,6.97105460570988,5.95707779010239,5.93491877809563,6.3116673032039,6.56734430540037,207
"210",2020,3,6.40001780748663,187,6.82546296296296,5.81839658227848,5.5625,5.88461538461539,6.43852488505747,108,79,16,13,174,23695,13068,10627,2463,4726,18969,6.51516891960329,6.96985136899296,5.95604684859321,5.93249949248884,6.31049259415996,6.56616266276557,208
"211",2020,4,6.5456204379562,137,6.99202702702703,6.02126984126984,5.875,6.17076923076923,6.58491935483871,74,63,16,13,124,23832,13142,10690,2479,4739,19093,6.51534397239006,6.96997623573276,5.95643123105707,5.93212837837838,6.31010930576071,6.56628447860473,209
"212",2020,5,6.37310787671233,146,6.61144097222222,6.14121621621622,5.52941176470588,6.18125,6.39672115384615,72,74,17,16,130,23978,13214,10764,2496,4755,19223,6.5144779089165,6.96802266081429,5.95770158491267,5.92938551682692,6.30967570977918,6.56513776725797,210
"213",2020,6,6.34709923664122,131,6.62876712328767,5.99258620689655,5.67,5.34285714285714,6.46726495726496,73,58,10,14,117,24109,13287,10822,2506,4769,19340,6.51356843087643,6.96615875968992,5.95788854740344,5.92835045889865,6.30683749213672,6.56454567218201,211
"214",2020,7,6.50647482014389,139,6.86410256410256,6.04918032786885,5.73571428571429,6.31818181818182,6.54188034188034,78,61,14,22,117,24248,13365,10883,2520,4791,19457,6.51352776723853,6.96556314552936,5.9584002444179,5.92728025793651,6.30688958463786,6.56440937965771,212
"215",2020,8,6.30892776223776,143,6.66540088607595,5.86890625,5.075,5.61764705882353,6.40219579365079,79,64,20,17,126,24391,13444,10947,2540,4808,19583,6.51232823459472,6.96379932386194,5.95787703115009,5.92056938976378,6.30445257903494,6.56336567277741,213
"216",2020,9,6.44751541666667,144,7.03131051282051,5.75757575757576,5.15333333333333,6.27863230769231,6.46427480916031,78,66,15,13,131,24535,13522,11013,2555,4821,19714,6.51194783737517,6.96418875388256,5.95667664215019,5.91606506849315,6.30438295374404,6.56270721162626,214
"217",2020,10,6.62405063291139,158,6.85353535353535,6.23898305084746,5.85714285714286,7.5625,6.574,99,59,14,8,150,24693,13621,11072,2569,4829,19864,6.51266513546349,6.96338450407459,5.95818098446532,5.91574396652394,6.30646722302754,6.56279248741442,215
"218",2020,11,6.39322033898305,177,6.68775510204082,6.02784810126582,5.48666666666667,6.1,6.42037037037037,98,79,15,15,162,24870,13719,11151,2584,4844,20026,6.51181504583836,6.96141557912384,5.95867454578065,5.91325319272446,6.30582787365813,6.56164036602417,216
"219",2020,12,6.58552364130435,184,7.04793989361702,6.10255555555556,6.28785714285714,6.05882352941176,6.63913982035928,94,90,14,17,167,25054,13813,11241,2598,4861,20193,6.51235637183683,6.96200439296315,5.95982651543457,5.91527184372594,6.3049640444353,6.56228130144109,217
"220",2021,1,6.64534459915612,237,6.92409395973154,6.17337125,5.82727272727273,6.51857142857143,6.65766976851852,149,88,22,21,216,25291,13962,11329,2620,4882,20409,6.51360259420347,6.9615998195101,5.96148526171772,5.91453291984733,6.30588287996722,6.56329085158508,218
"221",2021,2,6.5620253164557,158,6.9258064516129,6.04153846153846,6.68333333333333,5.45714285714286,6.66944444444444,93,65,12,14,144,25449,14055,11394,2632,4896,20553,6.5139032264529,6.96136297972252,5.96194194576093,5.91803808890578,6.30345592728758,6.56403459300345,219
"222",2021,3,6.58070765363128,179,6.82115945652174,6.3264367816092,5.96666666666667,6.67647058823529,6.57065845679012,92,87,15,17,162,25628,14147,11481,2647,4913,20715,6.51436982519119,6.96045121580547,5.96470399181256,5.91831365697016,6.30474663545695,6.56408639440019,220
"223",2021,4,6.70078313253012,166,6.96759615384615,6.25322580645161,5.53,6.87777777777778,6.67925675675676,104,62,10,18,148,25794,14251,11543,2657,4931,20863,6.51556950763743,6.96050335765911,5.96625370614225,5.91685218291306,6.30683841411478,6.56490340123664,221
"224",2021,5,6.58269230769231,156,6.95161290322581,6.03809523809524,5.22,5.80833333333333,6.64722222222222,93,63,10,12,144,25950,14344,11606,2667,4943,21007,6.51597302042389,6.9604457159788,5.96664367826986,5.91423931383577,6.30562820554319,6.56546768505736,222
"225",2021,6,6.31842105263158,114,6.88461538461539,5.56734693877551,5.33333333333333,4.83333333333333,6.40092592592593,65,49,9,6,108,26064,14409,11655,2676,4949,21115,6.51510895794966,6.96010364008605,5.96496495323895,5.9122855941704,6.30384324510002,6.56462607909069,223
"226",2021,7,6.22570073863636,176,6.69683845360825,5.64721518987342,5,6.11666666666667,6.23812234177215,97,79,7,18,158,26240,14506,11734,2683,4967,21273,6.51316780525914,6.95834321522129,5.962825680075,5.90990542303392,6.30316493255486,6.56220105250787,224
"227",2021,8,6.43683615819209,177,6.82765957446809,5.99421686746988,6.125,5.95454545454545,6.46879518072289,94,83,8,11,166,26417,14600,11817,2691,4978,21439,6.51265636559791,6.95750182739726,5.96304616484726,5.91054487179487,6.30239458015267,6.56147782032744,225
"228",2021,9,6.15655405405405,148,6.79,5.2275,4.97142857142857,5.85454545454545,6.20928571428571,88,60,7,22,126,26565,14688,11877,2698,5000,21565,6.51067243402974,6.95649827614379,5.95933034688895,5.9081083209785,6.300424044,6.55942003199629,226
"229",2021,10,6.27030303030303,165,6.79255319148936,5.57887323943662,5.03846153846154,5.99375,6.3,94,71,13,16,149,26730,14782,11948,2711,5016,21714,6.50918867227834,6.95545573535381,5.95706951205223,5.90393812246404,6.29944581738437,6.55763990927512,227
"230",2021,11,6.30653631284916,179,6.84082352941176,5.82340425531915,5.42,5.22222222222222,6.42776397515528,85,94,20,18,161,26909,14867,12042,2731,5034,21875,6.50784061875209,6.95480034169637,5.95602611941538,5.90039408641523,6.29559400476758,6.5566840224,228
"231",2021,12,6.4071198156682,217,6.73954166666667,5.99587628865979,5.88235294117647,6.4075,6.40707692307692,120,97,17,22,195,27126,14987,12139,2748,5056,22070,6.507034882032,6.9530767785414,5.95634455309334,5.90028247816594,6.2960809375,6.55536216538287,229
"232",2022,1,6.48773652694611,334,6.82215300546448,6.08245033112583,6.21136363636364,6.24476923076923,6.51985762711864,183,151,22,39,295,27460,15170,12290,2770,5095,22365,6.50680015331391,6.95149740804219,5.95789394060212,5.90275315884477,6.29568816879293,6.55489385155377,230
"233",2022,2,6.22097247706422,218,6.72433628318584,5.67925714285714,5.75,5.30925,6.33376288659794,113,105,12,24,194,27678,15283,12395,2782,5119,22559,6.50454889117711,6.94981781587384,5.95553356434046,5.90209426671459,6.29106333658917,6.55299219779246,231
"234",2022,3,6.24887787128713,202,6.89869412371134,5.64857142857143,5.20833333333333,5.74166666666667,6.3172658988764,97,105,12,24,178,27880,15380,12500,2794,5143,22737,6.50269646843615,6.94949538426528,5.9529550824,5.89911462061561,6.28849955667898,6.55114677925848,232
"235",2022,4,6.61012658227848,158,7.12528735632184,5.97887323943662,6.91666666666667,6.32857142857143,6.65328467153285,87,71,6,21,137,28038,15467,12571,2800,5164,22874,6.50330185961908,6.95048419279757,5.95310146607271,5.90129508928572,6.28866251355538,6.55175851709364,233
"236",2022,5,6.47426035502959,169,6.92553191489362,5.90866666666667,6,6.46153846153846,6.47532051282051,94,75,15,13,156,28207,15561,12646,2815,5177,23030,6.50312785975112,6.95033346250241,5.95283793531552,5.90182104795737,6.28909662352714,6.5512407433782,234
"237",2022,6,6.34339393939394,165,6.87136363636364,5.74,5.45454545454545,6.12941176470588,6.36797297297297,88,77,11,17,148,28372,15649,12723,2826,5194,23178,6.50219891230791,6.94988938654227,5.95154983337263,5.9000800601557,6.28857397381594,6.55007051169212,235
"238",2022,7,6.4397619047619,168,6.88666666666667,5.92410256410256,5.62727272727273,5.85294117647059,6.50582781456954,90,78,11,17,151,28540,15739,12801,2837,5211,23329,6.50183137841625,6.94952786136349,5.95138258964143,5.89902229467748,6.28715279600844,6.54978414505551,236
"239",2022,8,6.19605263157895,190,6.57336956521739,5.84183673469388,5.59375,5.43529411764706,6.27080924855491,92,98,16,17,173,28730,15831,12899,2853,5228,23502,6.4998091729899,6.94734186153749,5.95055031630359,5.89731028741676,6.28438278882938,6.54773058973704,237
"240",2022,9,6.45832471502591,193,6.87577586206897,5.82943727272727,5.30769230769231,6.07142857142857,6.48858474860335,116,77,13,14,179,28923,15947,12976,2866,5242,23681,6.49953235176157,6.94682128362701,5.94983162762022,5.89463581646895,6.28381404425791,6.54728351801022,238
"241",2022,10,6.55179532163743,171,6.87619047619048,6.03571212121212,5.6,6.38333333333333,6.56799358974359,105,66,10,15,156,29094,16052,13042,2876,5257,23837,6.49983952739396,6.94635927049589,5.95026623217298,5.89361135257302,6.28409800646756,6.54741905399169,239
"242",2022,11,6.43047120418848,191,6.69577777777778,6.19405940594059,5.65333333333333,6.87857142857143,6.39502824858757,90,101,15,14,177,29285,16142,13143,2891,5271,24014,6.49938709953901,6.94496214905216,5.95213970935099,5.89236466620547,6.28567695313982,6.54629582701757,240
"243",2022,12,6.18915516129032,217,6.76318584070796,5.56544875,6.05,5.78,6.24243057291667,113,104,12,25,192,29502,16255,13247,2903,5296,24206,6.49710520913836,6.94369849338665,5.94910386276138,5.89301627626593,6.28328988293051,6.54388559282823,241
