"","year","month","avg_rating","no_ratings","avg_rating_owned","avg_rating_not_owned","avg_rating_prev_owned","avg_rating_comment","avg_rating_no_comment","no_ratings_owned","no_ratings_not_owned","no_ratings_prev_owned","no_ratings_comment","no_ratings_no_comment","cum_no_ratings","cum_no_ratings_owned","cum_no_ratings_not_owned","cum_no_ratings_prev_owned","cum_no_ratings_comment","cum_no_ratings_no_comment","cum_avg_rating","cum_avg_rating_owned","cum_avg_rating_not_owned","cum_avg_rating_prev_owned","cum_avg_rating_comment","cum_avg_rating_no_comment","month_after_release"
"1",2009,5,8,1,8,NA,NA,8,NA,1,0,0,1,0,1,1,0,0,1,0,8,8,NA,NA,8,NA,-17
"2",2010,1,7,1,7,NA,NA,NA,7,1,0,0,0,1,2,2,0,0,1,1,7.5,7.5,NA,NA,8,7,-9
"3",2010,10,7.27142857142857,35,7.71875,6.89473684210526,6,7,7.36538461538461,16,19,4,9,26,37,18,19,4,10,27,7.28378378378378,7.69444444444444,6.89473684210526,6,7.1,7.35185185185185,0
"4",2010,11,7.02355769230769,104,8.01470588235294,6.54214285714286,6.80357142857143,6.58181818181818,7.22887323943662,34,70,14,33,71,141,52,89,18,43,98,7.09184397163121,7.90384615384615,6.61741573033708,6.625,6.70232558139535,7.26275510204082,1
"5",2010,12,7.00289855072464,69,7.65967741935484,6.46710526315789,7.75,6.73541666666667,7.14555555555556,31,38,6,24,45,210,83,127,24,67,143,7.06261904761905,7.81265060240964,6.57244094488189,6.90625,6.71417910447761,7.22587412587413,2
"6",2011,1,7.15486111111111,72,7.76612903225806,6.69268292682927,7.04545454545455,7.15681818181818,7.154,31,41,11,22,50,282,114,168,35,89,193,7.08617021276596,7.8,6.60178571428571,6.95,6.82359550561798,7.20725388601036,3
"7",2011,2,6.88362068965517,58,8.02368421052632,6.32820512820513,5.7,6.64666666666667,6.96627906976744,19,39,5,15,43,340,133,207,40,104,236,7.05161764705882,7.83195488721805,6.55024154589372,6.79375,6.79807692307692,7.16334745762712,4
"8",2011,3,7.00526315789474,57,7.27826086956522,6.82058823529412,7.4125,7.25,6.94,23,34,8,12,45,397,156,241,48,116,281,7.04496221662469,7.75032051282051,6.58838174273859,6.896875,6.8448275862069,7.12758007117438,5
"9",2011,4,7.22040816326531,49,7.53260869565217,6.94423076923077,7.21428571428571,6.87368421052632,7.44,23,26,7,19,30,446,179,267,55,135,311,7.06423766816144,7.72234636871509,6.62303370786517,6.93727272727273,6.84888888888889,7.15771704180064,6
"10",2011,5,7.2465,40,7.57222222222222,6.98,6.875,7.45833333333333,7.15571428571429,18,22,4,12,28,486,197,289,59,147,339,7.07923868312757,7.70862944162437,6.65020761245675,6.93305084745763,6.89863945578231,7.15755162241888,7
"11",2011,6,7.22941176470588,34,7.45833333333333,7.10454545454545,6.625,6.82857142857143,7.33333333333333,12,22,4,7,27,520,209,311,63,154,366,7.08905769230769,7.69425837320574,6.68234726688103,6.91349206349206,6.89545454545455,7.17051912568306,8
"12",2011,7,6.85,31,7.9,6.64807692307692,6.53571428571429,8.16666666666667,6.70892857142857,5,26,7,3,28,551,214,337,70,157,394,7.07560798548095,7.69906542056075,6.67970326409495,6.87571428571429,6.91974522292994,7.13771573604061,9
"13",2011,8,7.02058823529412,34,7.36666666666667,6.74736842105263,7.5,6.42857142857143,7.17407407407407,15,19,2,7,27,585,229,356,72,164,421,7.07241025641026,7.67729257641921,6.68331460674157,6.89305555555555,6.89878048780488,7.14004750593824,10
"14",2011,9,6.58787878787879,33,7.55,6.1695652173913,6.72857142857143,6.55,6.60434782608696,10,23,7,10,23,618,239,379,79,174,444,7.04653721682848,7.67196652719665,6.65213720316622,6.87848101265823,6.87873563218391,7.1122972972973,11
"15",2011,10,7.10526315789474,38,7.84615384615385,6.72,6.375,6.85555555555556,7.18275862068965,13,25,4,9,29,656,252,404,83,183,473,7.04993902439024,7.68095238095238,6.65633663366336,6.85421686746988,6.8775956284153,7.11661733615222,12
"16",2011,11,7.27637142857143,35,7.7782,6.9,6.6,6.8,7.46692,15,20,5,10,25,691,267,424,88,193,498,7.06140810419682,7.68641573033708,6.66783018867924,6.83977272727273,6.87357512953368,7.13420281124498,13
"17",2011,12,6.16666666666667,24,7.625,5.4375,5.5,6.36363636363636,6,8,16,2,11,13,715,275,440,90,204,511,7.03137482517482,7.68462909090909,6.62309090909091,6.81,6.84607843137255,7.10534833659491,14
"18",2012,1,6.8202380952381,42,7.58125,6.35192307692308,7.39,6.77857142857143,6.84107142857143,16,26,5,14,28,757,291,466,95,218,539,7.01966050198151,7.67894501718213,6.60796137339056,6.84052631578947,6.84174311926606,7.09161966604824,15
"19",2012,2,6.56896551724138,29,6.79166666666667,6.41176470588235,6.33333333333333,5.2,6.85416666666667,12,17,6,5,24,786,303,483,101,223,563,7.00303180661578,7.64380528052805,6.60105590062112,6.81039603960396,6.80493273542601,7.0814973357016,16
"20",2012,3,7.35789473684211,19,7.675,7.12727272727273,7.4,8,7.28235294117647,8,11,5,2,17,805,311,494,106,225,580,7.01140745341615,7.6446077170418,6.61277327935223,6.83820754716981,6.81555555555556,7.08738448275862,17
"21",2012,4,7.05263157894737,19,7.25,6.96153846153846,7.51428571428571,6.9,7.06111111111111,6,13,7,1,18,824,317,507,113,226,598,7.01235800970874,7.63713880126183,6.62171597633136,6.88008849557522,6.81592920353982,7.08659364548495,18
"22",2012,5,7.16315789473684,19,7.37272727272727,6.875,7,6.66666666666667,7.25625,11,8,3,3,16,843,328,515,116,229,614,7.01575682087782,7.62827134146342,6.62565048543689,6.88318965517241,6.81397379912664,7.09101465798046,19
"23",2012,6,7.02941176470588,17,7.08333333333333,6.9,8,7.875,6.76923076923077,12,5,1,4,13,860,340,520,117,233,627,7.01602674418605,7.60903823529412,6.62828846153846,6.89273504273504,6.83218884120172,7.08434290271132,20
"24",2012,7,6.63181818181818,11,7.3,6.075,NA,5.16666666666667,7.18125,5,6,0,3,8,871,345,526,117,236,635,7.01117451205511,7.60455942028986,6.62197718631178,6.89273504273504,6.81101694915254,7.08556377952756,21
"25",2012,8,6.8375,8,6,6.95714285714286,6,7.06666666666667,6.7,1,7,1,3,5,879,346,533,118,239,640,7.00959385665529,7.59992196531792,6.62637898686679,6.88516949152542,6.8142259414226,7.0825515625,22
"26",2012,9,6.8,10,8,6.5,5,5,7,2,8,1,1,9,889,348,541,119,240,649,7.00723622047244,7.60222126436782,6.62451016635859,6.86932773109244,6.80666666666667,7.08140677966102,23
"27",2012,10,6.455,20,7.01428571428571,6.15384615384615,6,6.32,6.5,7,13,2,5,15,909,355,554,121,245,664,6.99508580858086,7.59062816901409,6.61346570397112,6.85495867768595,6.79673469387755,7.06827259036145,24
"28",2012,11,6.51578947368421,19,6.88333333333333,6.34615384615385,6.375,7.16666666666667,6.39375,6,13,4,3,16,928,361,567,125,248,680,6.98527262931035,7.57887257617729,6.60733686067019,6.8396,6.80120967741936,7.05240147058824,25
"29",2012,12,6.57777777777778,18,7.26666666666667,5.88888888888889,5.66666666666667,6,6.8,9,9,3,5,13,946,370,576,128,253,693,6.97751902748414,7.57127837837838,6.59611111111111,6.812109375,6.78537549407115,7.04766666666667,26
"30",2013,1,6.88,15,8.17142857142857,5.75,4.5,6.16666666666667,7.05833333333333,7,8,2,3,12,961,377,584,130,256,705,6.97599687825182,7.58242175066313,6.5845205479452,6.77653846153846,6.778125,7.04784822695035,27
"31",2013,2,7.08809523809524,21,7.525,6.69090909090909,7,7.16666666666667,7.075,10,11,3,3,18,982,387,595,133,259,723,6.97839409368635,7.58093798449613,6.58648739495798,6.78157894736842,6.78262548262548,7.04852420470263,28
"32",2013,3,7.10909090909091,11,7.24,7,7,7.4,7,5,6,2,3,8,993,392,601,135,262,731,6.97984189325277,7.57658928571429,6.590615640599,6.78481481481482,6.78969465648855,7.04799316005472,29
"33",2013,4,6.88181818181818,11,7.08333333333333,6.64,6.75,6.875,6.88571428571429,6,5,2,4,7,1004,398,606,137,266,738,6.97876792828685,7.56915326633166,6.59102310231023,6.78430656934307,6.79097744360902,7.0464539295393,30
"34",2013,5,7.12352941176471,17,7.9,6.25,5.75,4,7.54,9,8,4,2,15,1021,407,614,141,268,753,6.98117825661117,7.57646928746929,6.58657980456026,6.75496453900709,6.77014925373134,7.05628552456839,31
"35",2013,6,6.53846153846154,13,7.2,6.125,6,7,6.5,5,8,3,1,12,1034,412,622,144,269,765,6.97561218568665,7.57190048543689,6.58064308681672,6.73923611111111,6.77100371747212,7.04755947712418,32
"36",2013,7,7.2416,15,7.828,6.57142857142857,NA,7,7.27876923076923,8,7,0,2,13,1049,420,629,144,271,778,6.97941563393708,7.57677857142857,6.58054054054054,6.73923611111111,6.77269372693727,7.05142287917738,33
"37",2013,8,7.4,11,7.7,7.15,7.46666666666667,7,7.62857142857143,5,6,3,4,7,1060,425,635,147,275,785,6.98378018867924,7.57822823529412,6.58592125984252,6.75408163265306,6.776,7.05656942675159,34
"38",2013,9,6.62727272727273,11,8,5.84285714285714,6,NA,6.62727272727273,4,7,3,0,11,1071,429,642,150,275,796,6.98011858076564,7.58216083916084,6.57781931464174,6.739,6.776,7.05063693467337,35
"39",2013,10,6.65909090909091,11,6.58333333333333,6.75,6.875,7.25,6.52777777777778,6,5,2,2,9,1082,435,647,152,277,805,6.97685489833641,7.56838390804598,6.57914992272024,6.74078947368421,6.77942238267148,7.04479130434783,36
"40",2013,11,6.48125,16,7.03333333333333,6.15,7.125,6.9,6.29090909090909,6,10,4,5,11,1098,441,657,156,282,816,6.96963296903461,7.56110430839002,6.57261796042618,6.75064102564103,6.78156028368794,7.03462867647059,37
"41",2013,12,7.64,10,7.98,7.3,7.25,7.16666666666667,7.84285714285714,5,5,2,3,7,1108,446,662,158,285,823,6.97568321299639,7.56580044843049,6.57811178247734,6.75696202531646,6.78561403508772,7.04150303766707,38
"42",2014,1,6.70869565217391,23,6.97272727272727,6.46666666666667,7.41666666666667,6.43333333333333,6.80588235294118,11,12,3,6,17,1131,457,674,161,291,840,6.97025375773652,7.55152516411378,6.57612759643917,6.76925465838509,6.77835051546392,7.03673452380952,39
"43",2014,2,7.18181818181818,11,7.25,7.1,7.1,7,7.25,6,5,5,3,8,1142,463,679,166,294,848,6.97229159369527,7.54761771058315,6.5799852724595,6.77921686746988,6.78061224489796,7.03874646226415,40
"44",2014,3,7.645,10,8.16,7.13,NA,9.2,7.47222222222222,5,5,0,1,9,1152,468,684,166,295,857,6.97813107638889,7.55416025641026,6.58400584795321,6.77921686746988,6.78881355932204,7.04329871645274,41
"45",2014,4,7.33913043478261,23,7.89333333333333,6.3,9,NA,7.33913043478261,15,8,1,0,23,1175,483,692,167,295,880,6.98519744680851,7.56469358178054,6.5807225433526,6.79251497005988,6.78881355932204,7.05103068181818,42
"46",2014,5,6.8,20,7.375,6.41666666666667,6.625,7.375,6.65625,8,12,4,4,16,1195,491,704,171,299,896,6.98209790794979,7.56160285132383,6.57792613636363,6.78859649122807,6.79665551839465,7.04398102678571,43
"47",2014,6,7.53571428571429,14,8,7.07142857142857,7.25,7.5,7.55,7,7,2,4,10,1209,498,711,173,303,906,6.98850868486352,7.56776506024096,6.58278481012658,6.79393063583815,6.80594059405941,7.04956622516556,44
"48",2014,7,7.21842105263158,19,7.605,6.78888888888889,6.925,7.75,7.15588235294118,10,9,4,2,17,1228,508,720,177,305,923,6.99206596091205,7.56849803149606,6.58536111111111,6.79689265536723,6.81213114754099,7.05152437703142,45
"49",2014,8,7.17941176470588,17,7.825,6.25714285714286,6.45,6,7.33666666666667,10,7,4,2,15,1245,518,727,181,307,938,6.99462409638554,7.57344980694981,6.58220082530949,6.78922651933702,6.80684039087948,7.0560842217484,46
"50",2014,9,7,13,7.21428571428571,6.75,7,NA,7,7,6,4,0,13,1258,525,733,185,307,951,6.99467965023847,7.56866095238095,6.58357435197817,6.79378378378378,6.80684039087948,7.05531756046267,47
"51",2014,10,7.0625,20,7.68181818181818,6.30555555555556,5.33333333333333,6.94444444444444,7.15909090909091,11,9,3,9,11,1278,536,742,188,316,962,6.99574100156494,7.57098320895522,6.58020215633423,6.77047872340425,6.81075949367089,7.05650415800416,48
"52",2014,11,7.10375,24,7.7875,6.42,6.808,8.12,7.01136363636364,12,12,5,2,22,1302,548,754,193,318,984,6.99773195084485,7.57572445255474,6.5776525198939,6.77145077720207,6.81899371069183,7.05549491869919,49
"53",2014,12,6.428,25,7.81818181818182,5.33571428571429,5.625,6.03333333333333,6.55263157894737,11,14,4,6,19,1327,559,768,197,324,1003,6.98699849284099,7.58049552772809,6.55501302083333,6.74817258883249,6.80444444444445,7.04596909272183,50
"54",2015,1,7.1875,24,7.65,6.85714285714286,7.25,7.3,7.15789473684211,10,14,4,5,19,1351,569,782,201,329,1022,6.99056032568468,7.58171704745167,6.56042199488491,6.7581592039801,6.81197568389058,7.04804990215264,51
"55",2015,2,6.71176470588235,17,7.03125,6.42777777777778,6,4.875,6.95666666666667,8,9,3,2,15,1368,577,791,204,331,1037,6.98709576023392,7.5740849220104,6.55891276864728,6.74700980392157,6.80027190332326,7.04672806171649,52
"56",2015,3,7.44666666666667,15,7.65,7.04,6,7,7.51538461538462,10,5,1,2,13,1383,587,796,205,333,1050,6.99208026030369,7.57537819420784,6.56193467336683,6.74336585365854,6.80147147147147,7.05253047619048,53
"57",2015,4,6.95,18,6.86,7.0625,8,6.72,7.03846153846154,10,8,1,5,13,1401,597,804,206,338,1063,6.99153961456103,7.56339530988275,6.56691542288557,6.74946601941747,6.80026627218935,7.05235841956726,54
"58",2015,5,7.38157894736842,19,7.55,6.75,8,7.16666666666667,7.421875,15,4,1,3,16,1420,612,808,207,341,1079,6.99675845070422,7.56306699346405,6.56782178217821,6.75550724637681,6.80348973607038,7.05783781278962,55
"59",2015,6,7.0625,12,7.21428571428571,6.85,6,6,7.15909090909091,7,5,3,1,11,1432,619,813,210,342,1090,6.9973093575419,7.55912277867528,6.56955719557195,6.74471428571429,6.80114035087719,7.05885963302752,56
"60",2015,7,6.9375,16,7.44444444444444,6.28571428571429,7.5,7.34,6.75454545454545,9,7,2,5,11,1448,628,820,212,347,1101,6.99664848066298,7.55747929936306,6.56713414634146,6.75183962264151,6.80890489913545,7.05581925522253,57
"61",2015,8,6.84090909090909,22,7.29166666666667,6.3,6,6.5,6.91666666666667,12,10,7,4,18,1470,640,830,219,351,1119,6.99431768707483,7.5524953125,6.5639156626506,6.72780821917808,6.80538461538462,7.05358087578195,58
"62",2015,9,7.071875,16,7.87857142857143,6.44444444444444,6.25,7.44166666666667,6.85,7,9,4,6,10,1486,647,839,223,357,1129,6.99515275908479,7.55602318392581,6.56263408820024,6.71923766816143,6.81607843137255,7.05177767936227,59
"63",2015,10,6.8,22,7.12222222222222,6.57692307692308,6.375,6.825,6.79444444444444,9,13,4,4,18,1508,656,852,227,361,1147,6.99230570291777,7.55007164634146,6.56285211267605,6.7131718061674,6.81617728531856,7.04773931996513,60
"64",2015,11,7.10869565217391,23,7.77272727272727,6.5,6.5,8,7.06818181818182,11,12,8,1,22,1531,667,864,235,362,1169,6.99405421293272,7.55374362818591,6.56197916666666,6.70591489361702,6.81944751381216,7.04812403763901,61
"65",2015,12,7.11363636363636,22,7.875,6.67857142857143,6.6,6.75,7.15,8,14,5,2,20,1553,675,878,240,364,1189,6.99574822923374,7.55755111111111,6.56383826879271,6.70370833333333,6.81906593406593,7.04983767872162,62
"66",2016,1,6.55384615384615,26,7.37692307692308,5.73076923076923,5.78571428571429,5.75,6.7,13,13,7,4,22,1579,688,891,247,368,1211,6.98847181760608,7.55413808139535,6.5516835016835,6.67769230769231,6.80744565217391,7.04348224607762,63
"67",2016,2,7.00588235294118,17,8.05,6.43636363636364,6.575,8.15,6.85333333333333,6,11,4,2,15,1596,694,902,251,370,1226,6.98865726817043,7.55842507204611,6.55027716186253,6.67605577689243,6.8147027027027,7.04115579119086,64
"68",2016,3,7.13888888888889,18,7.70833333333333,6,NA,7.25,7.10714285714286,12,6,0,4,14,1614,706,908,251,374,1240,6.99033271375465,7.5609730878187,6.54664096916299,6.67605577689243,6.81935828877006,7.04190080645161,65
"69",2016,4,7.112,25,7.86,6.61333333333333,7,7.4375,6.95882352941176,10,15,6,8,17,1639,716,923,257,382,1257,6.99218852959121,7.56514944134078,6.54772481040086,6.6836186770428,6.83230366492147,7.04077724741448,66
"70",2016,5,7.167,10,7.17,7.1625,8.15,7.88333333333333,6.86,6,4,1,3,7,1649,722,927,258,385,1264,6.99324863553669,7.56186565096953,6.55037756202804,6.6893023255814,6.84049350649351,7.03977610759494,67
"71",2016,6,7.53947368421053,19,7.91666666666667,6.125,5,8.5,7.359375,15,4,1,3,16,1668,737,931,259,388,1280,6.9994706235012,7.5690868385346,6.5485499462943,6.68277992277992,6.85332474226804,7.04377109375,68
"72",2016,7,7.19375,16,7.45555555555556,6.85714285714286,7,6,7.36428571428571,9,7,4,2,14,1684,746,938,263,390,1294,7.00131650831354,7.56771715817695,6.55085287846482,6.68760456273764,6.84894871794872,7.04723879443586,69
"73",2016,8,7.31944444444444,18,7.52,7.06875,7.775,8.5,7.171875,10,8,2,2,16,1702,756,946,265,392,1310,7.00468096357227,7.56708597883598,6.55523255813953,6.69581132075472,6.85737244897959,7.04876106870229,70
"74",2016,9,7.36666666666667,12,7.3,7.46,7.5,8.75,7.09,7,5,4,2,10,1714,763,951,269,394,1320,7.00721528588098,7.56463564875492,6.55998948475289,6.70776951672862,6.86697969543147,7.04907348484848,71
"75",2016,10,6.95238095238095,21,8.0625,6.26923076923077,5.25,5.91666666666667,7.36666666666667,8,13,6,6,15,1735,771,964,275,400,1335,7.00655158501441,7.56980155642024,6.55606846473029,6.67596363636364,6.852725,7.05264194756554,72
"76",2016,11,7.410625,16,7.72428571428571,7.16666666666667,6.83333333333333,7.25,7.46416666666667,7,9,3,4,12,1751,778,973,278,404,1347,7.01024386065106,7.57119151670951,6.56171634121274,6.6776618705036,6.85665841584159,7.05630809205642,73
"77",2016,12,7.09705882352941,17,7.69545454545455,6,6.5,7.4125,7,11,6,2,4,13,1768,789,979,280,408,1360,7.0110786199095,7.57292395437262,6.55827374872318,6.67639285714286,6.86210784313726,7.05576985294118,74
"78",2017,1,7.36666666666667,12,7.54285714285714,7.12,7.3,7.4,7.36,7,5,2,2,10,1780,796,984,282,410,1370,7.01347584269663,7.5726595477387,6.56112804878049,6.68081560283688,6.86473170731708,7.05799051094891,75
"79",2017,2,7.26111111111111,27,8.20909090909091,6.609375,6.29166666666667,7,7.3525,11,16,6,7,20,1807,807,1000,288,417,1390,7.01717598229109,7.58133457249071,6.5619,6.67270833333333,6.86700239808154,7.06222805755396,76
"80",2017,3,6.92142857142857,14,7.3,6.77,6.85714285714286,8.5,6.65833333333333,4,10,7,2,12,1821,811,1010,295,419,1402,7.01643986820428,7.57994697903823,6.5639603960396,6.67708474576271,6.87479713603819,7.05877104136947,77
"81",2017,4,7.5,16,7.88888888888889,7,7,7.58333333333333,7.45,9,7,5,6,10,1837,820,1017,300,425,1412,7.02065160587915,7.58333780487805,6.5669616519174,6.68246666666667,6.8848,7.06154178470255,78
"82",2017,5,7.30333333333333,21,8.16818181818182,6.352,6.31666666666667,8.8125,6.94823529411765,11,10,6,4,17,1858,831,1027,306,429,1429,7.02384660925726,7.59107942238267,6.56486854917234,6.67529411764706,6.90277389277389,7.06019384184745,79
"83",2017,6,7.2,15,7.75,6.375,6,7,7.25,9,6,3,3,12,1873,840,1033,309,432,1441,7.02525734116391,7.59278214285714,6.56376573088093,6.66873786407767,6.90344907407408,7.06177446217904,80
"84",2017,7,7.2,22,7.56666666666667,6.94615384615385,6.66,7.44,7.12941176470588,9,13,5,5,17,1895,849,1046,314,437,1458,7.02728601583113,7.59250530035336,6.56851816443594,6.66859872611465,6.9095881006865,7.06256310013717,81
"85",2017,8,7.34133333333333,15,7.64285714285714,7.0775,7.56,7.655,7.22727272727273,7,8,2,4,11,1910,856,1054,316,441,1469,7.02975235602094,7.59291705607477,6.57238140417457,6.67424050632911,6.91634920634921,7.06379646017699,82
"86",2017,9,7.19166666666667,12,7.6,7.05555555555556,7,6,7.3,3,9,1,1,11,1922,859,1063,317,442,1480,7.03076326742976,7.59294179278231,6.57647224835371,6.67526813880126,6.91427601809955,7.06555202702703,83
"87",2017,10,6.98666666666667,15,7.58888888888889,6.08333333333333,5.9,8,6.83076923076923,9,6,5,2,13,1937,868,1069,322,444,1493,7.03042178626742,7.59289976958526,6.57370439663237,6.6632298136646,6.91916666666667,7.06350770261219,84
"88",2017,11,6.93275,20,7.55555555555556,6.42318181818182,6.33333333333333,6.8,6.977,9,11,3,5,15,1957,877,1080,325,449,1508,7.02942360756259,7.5925165336374,6.5721712962963,6.66018461538462,6.91783964365256,7.06264721485411,85
"89",2017,12,6.96521739130435,23,7.3875,6,6,6.75,6.98571428571429,16,7,2,2,21,1980,893,1087,327,451,1529,7.02867777777778,7.58884322508399,6.56848666053358,6.65614678899083,6.91709534368071,7.06159058207979,86
"90",2018,1,7.1304347826087,23,7.28571428571429,6.88888888888889,6.875,5,7.22727272727273,14,9,4,1,22,2003,907,1096,331,452,1551,7.02984623065402,7.58416427783903,6.57111770072993,6.6587915407855,6.91285398230089,7.06394068343005,87
"91",2018,2,7.58833333333333,18,7.875,7.015,7,8,7.506,12,6,1,3,15,2021,919,1102,332,455,1566,7.03482038594755,7.58796191512514,6.57353448275862,6.65981927710843,6.92002197802198,7.06817496807152,88
"92",2018,3,6.18,10,7.65,5.8125,4,4,6.42222222222222,2,8,1,1,9,2031,921,1110,333,456,1575,7.03061152141802,7.58809663409338,6.56804954954955,6.65183183183183,6.91361842105263,7.06448380952381,89
"93",2018,4,7.175,12,8.1,6.7125,5.5,6.5,7.23636363636364,4,8,2,1,11,2043,925,1118,335,457,1586,7.03145961820852,7.59031027027027,6.5690831842576,6.6449552238806,6.91271334792123,7.06567591424968,90
"94",2018,5,7.57142857142857,7,7.66666666666667,7.5,7.5,6,7.83333333333333,3,4,1,1,6,2050,928,1122,336,458,1592,7.03330341463414,7.59055711206897,6.57240196078431,6.6475,6.91072052401747,7.06856909547739,91
"95",2018,6,7.5,12,7.91666666666667,7.08333333333333,7,6.66666666666667,7.77777777777778,6,6,3,3,9,2062,934,1128,339,461,1601,7.03601939864209,7.59265203426124,6.57511968085106,6.65061946902655,6.90913232104122,7.0725559025609,92
"96",2018,7,7.141667,10,7.30208375,6.5,NA,7.0666675,7.19166666666667,8,2,0,4,6,2072,942,1130,339,465,1607,7.03652928088803,7.59018436305733,6.57498672566371,6.65061946902655,6.91048746236559,7.07300062227754,93
"97",2018,8,7.05454545454545,11,7.4,6.85714285714286,7.1,8,6.96,4,7,5,1,10,2083,946,1137,344,466,1617,7.03662442150744,7.58938020084567,6.57672383465259,6.6571511627907,6.91282547210301,7.07230179344465,94
"98",2018,9,7.21333333333333,15,7.4375,6.95714285714286,6.95,7.31666666666667,7.14444444444444,8,7,6,6,9,2098,954,1144,350,472,1626,7.03788783126787,7.58810657232705,6.57905157342657,6.66217142857143,6.91795904661017,7.07270110701107,95
"99",2018,10,7.24,20,7.5,7.1,7.46,6.86,7.36666666666667,7,13,5,5,15,2118,961,1157,355,477,1641,7.0397963503305,7.58746479708637,6.58490492653414,6.67340845070423,6.91735150943396,7.07538817794028,96
"100",2018,11,6.984375,16,7.275,6.5,7,6,7.3125,10,6,2,4,12,2134,971,1163,357,481,1653,7.03938082005623,7.58424682801236,6.58446689595873,6.67523809523809,6.90972280665281,7.07710949788264,97
"101",2018,12,6.5,11,7.66666666666667,6.0625,5.8,6,6.78571428571429,3,8,5,4,7,2145,974,1171,362,485,1660,7.03661476456876,7.58450068788501,6.58090093936806,6.66314917127072,6.90221993814433,7.07588072289157,98
"102",2019,1,6.70823529411765,17,7.455,6.04444444444444,6.78,6.34,6.90909090909091,8,9,5,6,11,2162,982,1180,367,491,1671,7.03403268732655,7.58344569246436,6.5768093220339,6.66474114441417,6.89534963340122,7.07478276481149,99
"103",2019,2,7.32,11,7.71714285714286,6.625,7.25,6.75,7.53375,7,4,1,3,8,2173,989,1184,368,494,1679,7.03548028992177,7.5843919817998,6.57697212837838,6.66633152173913,6.89446694331984,7.07696962477665,100
"104",2019,3,6.33333333333333,9,7.33333333333333,5.83333333333333,5.83333333333333,NA,6.33333333333333,3,6,3,0,9,2182,992,1190,371,494,1688,7.03258417506874,7.58363273185484,6.57322268907563,6.65959568733154,6.89446694331984,7.07300473933649,101
"105",2019,4,6.82142857142857,14,7.45,5.25,6,6.96666666666667,6.78181818181818,10,4,1,3,11,2196,1002,1194,372,497,1699,7.03123801001821,7.58229907185629,6.56878978224455,6.65782258064516,6.89490275653924,7.07111948204826,102
"106",2019,5,6.84615384615385,13,7.16666666666667,6.125,5.875,6.66666666666667,7,9,4,4,6,7,2209,1011,1198,376,503,1706,7.03014878678135,7.5785990801187,6.56730801335559,6.64949468085106,6.89218025844931,7.07082766705744,103
"107",2019,6,7.05,8,7.16666666666667,6.98,NA,5.95,7.41666666666667,3,5,0,2,6,2217,1014,1203,376,505,1712,7.03022041948579,7.57738034516766,6.56902327514547,6.64949468085106,6.88844885148515,7.07203971962617,104
"108",2019,7,6.9,10,7.14285714285714,6.33333333333333,7,7.425,6.55,7,3,1,4,6,2227,1021,1206,377,509,1718,7.02963568477773,7.57440124387855,6.56843698175788,6.65042440318302,6.89266536345776,7.07021653084982,105
"109",2019,8,7.12608695652174,23,8.25,6.52666666666667,5.73333333333333,6.3,7.25,8,15,6,3,20,2250,1029,1221,383,512,1738,7.03062163111111,7.57965371234208,6.56792383292383,6.63605744125326,6.88919271484375,7.07228538550058,106
"110",2019,9,7.33076923076923,13,8.0375,6.2,7,7,7.35833333333333,8,5,2,1,12,2263,1037,1226,385,513,1750,7.03234585505966,7.58318579556413,6.56642332789559,6.63794805194805,6.88940871345029,7.07424685714286,107
"111",2019,10,7.625,8,7.625,7.625,NA,7.83333333333333,7.5,4,4,0,3,5,2271,1041,1230,385,516,1755,7.03443358432409,7.58334646493756,6.56986585365854,6.63794805194805,6.89489664728682,7.07545982905983,108
"112",2019,11,6.81818181818182,11,7.5,5.625,6.5,6.5,6.88888888888889,7,4,2,2,9,2282,1048,1234,387,518,1764,7.03339117879053,7.58278976145038,6.56680307941653,6.63723514211886,6.89337194980695,7.07450793650794,109
"113",2019,12,6.72727272727273,11,7.33333333333333,6.5,6.675,8.2,6.58,3,8,4,1,10,2293,1051,1242,391,519,1774,7.03192266463149,7.58207770694577,6.56637278582931,6.63762148337596,6.89588953757226,7.07172040586246,110
"114",2020,1,6.70769230769231,13,7.25,6.24285714285714,6,7,6.65454545454545,6,7,2,2,11,2306,1057,1249,393,521,1785,7.03009482653946,7.58019268684958,6.56455964771817,6.63437659033079,6.89628919385797,7.06914957983193,111
"115",2020,2,6.69230769230769,13,7.25,6.21428571428571,5,7.5,6.625,6,7,2,1,12,2319,1063,1256,395,522,1797,7.02820123760242,7.57832894637818,6.56260748407643,6.62610126582278,6.89744572796935,7.066183639399,112
"116",2020,3,7.17777777777778,9,7.775,6.7,5.66666666666667,5.5,7.65714285714286,4,5,3,2,7,2328,1067,1261,398,524,1804,7.02877949742268,7.57906623242737,6.56315226011102,6.61886934673367,6.89211196564886,7.06847671840355,113
"117",2020,4,6.77777777777778,9,7.66666666666667,6.33333333333333,6,5.75,7.07142857142857,3,6,3,2,7,2337,1070,1267,401,526,1811,7.02781286692341,7.5793118411215,6.56206393054459,6.61423940149626,6.88776933460076,7.06848812810602,114
"118",2020,5,7.7,10,8.25,6.875,7,8.25,7.33333333333333,6,4,1,4,6,2347,1076,1271,402,530,1817,7.03067689390712,7.58305173791822,6.5630487804878,6.61519900497512,6.89805032075472,7.06936268574573,115
"119",2020,6,7.50987666666667,9,7.92698428571429,6.05,6.05,6.75,7.72698428571429,7,2,2,2,7,2356,1083,1273,404,532,1824,7.0325074533107,7.58527475530933,6.56224273369992,6.61240099009901,6.8974937406015,7.07188645285088,116
"120",2020,7,7.13636363636364,11,7.4,6.91666666666667,6.5,7.14285714285714,7.125,5,6,2,7,4,2367,1088,1279,406,539,1828,7.03299009716941,7.58442330882353,6.56390539483972,6.61184729064039,6.90068027829314,7.0720026750547,117
"121",2020,8,6.6625,8,7.26,5.66666666666667,5.5,NA,6.6625,5,3,2,0,8,2375,1093,1282,408,539,1836,7.03174213052632,7.58293921317475,6.56180577223089,6.60639705882353,6.90068027829314,7.0702183496732,118
"122",2020,9,7.05714285714286,7,7.48,6,6,NA,7.05714285714286,5,2,1,0,7,2382,1098,1284,409,539,1843,7.03181677581864,7.58247045537341,6.56093068535825,6.60491442542787,6.90068027829314,7.07016868692349,119
"123",2020,10,6.87272727272727,11,7.25,6.78888888888889,7.66666666666667,7,6.84444444444444,2,9,3,2,9,2393,1100,1293,412,541,1852,7.03108548265775,7.58186596363637,6.56251740139211,6.61264563106796,6.90104744916821,7.06907175485961,120
"124",2020,11,7.5,14,7.29090909090909,8.26666666666667,7,8,7.41666666666667,11,3,1,2,12,2407,1111,1296,413,543,1864,7.03381286248442,7.57898520252026,6.56646219135802,6.61358353510896,6.90509515653775,7.07130949034335,121
"125",2020,12,7.225,16,7.95454545454545,5.62,6.33333333333333,7,7.25714285714286,11,5,3,2,14,2423,1122,1301,416,545,1878,7.03507534461411,7.5826671657754,6.56282475019216,6.6115625,6.90544343119266,7.07269482960596,122
"126",2021,1,6.81818181818182,11,7.625,6.35714285714286,6.25,6.875,6.78571428571429,4,7,2,4,7,2434,1126,1308,418,549,1885,7.03409513557929,7.58281754884547,6.56172400611621,6.60983253588517,6.90522162112933,7.0716291193634,123
"127",2021,2,6.86363636363636,11,7.66666666666667,6.5625,6.5,6.7,7,3,8,3,5,6,2445,1129,1316,421,554,1891,7.03332824539877,7.58304035429584,6.56172872340425,6.60904988123515,6.90336944043321,7.07140184558435,124
"128",2021,3,7.61111111111111,9,7.91666666666667,7,7,7.25,7.71428571428571,6,3,1,2,7,2454,1135,1319,422,556,1898,7.03544725346373,7.58480401762115,6.56272554965883,6.60997630331754,6.90461631294964,7.07377286090622,125
"129",2021,4,6.33333333333333,12,5.8,6.71428571428571,7.5,7.5,5.75,5,7,4,4,8,2466,1140,1326,426,560,1906,7.03203064071371,7.57697592982456,6.56352564102564,6.61833333333333,6.90886905357143,7.06821662644281,126
"130",2021,5,6.51428571428571,14,6.95,6.1875,5.75,5.5,6.59230769230769,6,8,4,1,13,2480,1146,1334,430,561,1919,7.02910788709677,7.57369333333334,6.56127061469265,6.61025581395349,6.90635770053476,7.06499264721209,127
"131",2021,6,7.600625,16,7.69181818181818,7.4,7,9,7.50733333333333,11,5,1,1,15,2496,1157,1339,431,562,1934,7.03277145833333,7.5748163872083,6.56440253920836,6.61116009280742,6.91008304270463,7.06842341778697,128
"132",2021,7,7.42857142857143,7,8.16666666666667,6.875,7.75,5,7.83333333333333,3,4,2,1,6,2503,1160,1343,433,563,1940,7.03387836995605,7.57634703448276,6.56532762472077,6.61642032332563,6.90669035523979,7.0707891185567,129
"133",2021,8,7,7,7.5,6.625,6.75,NA,7,3,4,2,0,7,2510,1163,1347,435,563,1947,7.03378388844621,7.57615009458298,6.56550482553823,6.61703448275862,6.90669035523979,7.07053461222393,130
"134",2021,9,7.025,10,7.78125,4,3,8.375,6.6875,8,2,1,2,8,2520,1171,1349,436,565,1955,7.03374903174603,7.57755128949616,6.56170126019273,6.60873853211009,6.91188791150443,7.06896720716113,131
"135",2021,10,7.3,6,7.76,5,5,NA,7.3,5,1,1,0,6,2526,1176,1350,437,565,1961,7.03438145684877,7.57832700680273,6.56054444444444,6.60505720823799,6.91188791150443,7.06967408975013,132
"136",2021,11,7.00909090909091,11,7.92,6.25,7,7.5,6.9,5,6,1,2,9,2537,1181,1356,438,567,1970,7.03427180134016,7.57977354784082,6.5591703539823,6.60595890410959,6.91396238095238,7.06889892893401,133
"137",2021,12,6.65,12,6.75714285714286,6.5,6.5,NA,6.65,7,5,3,0,12,2549,1188,1361,441,567,1982,7.03246275402118,7.5749263973064,6.55895297575312,6.60523809523809,6.91396238095238,7.06636270938446,134
"138",2022,1,6.984375,16,7.02272727272727,6.9,6,NA,6.984375,11,5,1,0,16,2565,1199,1366,442,567,1998,7.032162791423,7.56986035029191,6.56020131771596,6.60386877828054,6.91396238095238,7.06570615115115,135
"139",2022,2,7.07142857142857,14,7.5,6.75,7.25,6,7.15384615384615,6,8,2,1,13,2579,1205,1374,444,568,2011,7.0323759441644,7.56951249792531,6.56130640465793,6.60677927927928,6.91235329225352,7.0662759273993,136
"140",2022,3,8.07466666666667,12,9.12942857142857,6.598,NA,7.398,8.558,7,5,0,5,7,2591,1212,1379,444,573,2018,7.03720322655345,7.57852191419142,6.561439448876,6.60677927927928,6.91659104712042,7.07145039147671,137
"141",2022,4,7.20555555555556,9,8.0625,6.52,7,NA,7.20555555555556,4,5,2,0,9,2600,1216,1384,446,573,2027,7.03778598461538,7.58011394736843,6.56128973988439,6.60854260089686,6.91659104712042,7.07204582634435,138
"142",2022,5,6.66666666666667,12,7.25,6.08333333333333,5,7.25,6.55,6,6,1,2,10,2612,1222,1390,447,575,2037,7.03608099540582,7.57849309328969,6.55922661870504,6.60494407158837,6.91775073043478,7.06948300932744,139
"143",2022,6,6,3,NA,6,NA,6,6,0,3,0,2,1,2615,1222,1393,447,577,2038,7.03489237476099,7.57849309328969,6.55802225412778,6.60494407158837,6.9145696187175,7.06895823846909,140
"144",2022,7,7.09,10,7.6,6.75,7,7,7.1125,4,6,1,2,8,2625,1226,1399,448,579,2046,7.03510230857143,7.57856326264274,6.55884560400286,6.60582589285714,6.91486471502591,7.06912848973607,141
"145",2022,8,7.7,10,7.875,7.58333333333333,6,7.66,7.70444444444444,4,6,1,1,9,2635,1230,1405,449,580,2055,7.03762563946869,7.57952728455285,6.56322064056939,6.60447661469933,6.91614943103448,7.07191089537713,142
"146",2022,9,7.0625,8,7.66666666666667,6.7,7.5,7.25,7,3,5,1,2,6,2643,1233,1410,450,582,2061,7.0377009307605,7.5797393025142,6.56370567375886,6.60646666666667,6.9172966838488,7.07170154779233,143
"147",2022,10,6.80772727272727,11,7.41214285714286,5.75,3.5,4,7.0885,7,4,2,1,10,2654,1240,1414,452,583,2071,7.03674776186888,7.57879319354839,6.56140381895332,6.59272123893805,6.91229274442539,7.07178266055046,144
"148",2022,11,7.355,11,7.38416666666667,7.32,6,7,7.3905,6,5,1,1,10,2665,1246,1419,453,584,2081,7.03806137335835,7.57785598715891,6.56407681465821,6.59141280353201,6.91244292808219,7.07331421912542,145
"149",2022,12,7.6,4,7.6,NA,NA,NA,7.6,4,0,0,0,4,2669,1250,1419,453,584,2085,7.03890354439865,7.577926848,6.56407681465821,6.59141280353201,6.91244292808219,7.07432464748202,146
