"","year","month","avg_rating","no_ratings","avg_rating_owned","avg_rating_not_owned","avg_rating_prev_owned","avg_rating_comment","avg_rating_no_comment","no_ratings_owned","no_ratings_not_owned","no_ratings_prev_owned","no_ratings_comment","no_ratings_no_comment","cum_no_ratings","cum_no_ratings_owned","cum_no_ratings_not_owned","cum_no_ratings_prev_owned","cum_no_ratings_comment","cum_no_ratings_no_comment","cum_avg_rating","cum_avg_rating_owned","cum_avg_rating_not_owned","cum_avg_rating_prev_owned","cum_avg_rating_comment","cum_avg_rating_no_comment","month_after_release"
"1",2009,9,7.875,4,8,7.75,NA,8.5,7.66666666666667,2,2,0,1,3,4,2,2,0,1,3,7.875,8,7.75,NA,8.5,7.66666666666667,0
"2",2009,10,7.84024390243902,41,8.31481481481481,6.925,8,7.97,7.79838709677419,27,14,2,10,31,45,29,16,2,11,34,7.84333333333333,8.29310344827586,7.028125,8,8.01818181818182,7.78676470588235,1
"3",2009,11,7.20592105263158,152,8.08581081081081,6.37115384615385,7.41666666666667,7.01454545454545,7.31443298969072,74,78,12,55,97,197,103,94,14,66,131,7.35152284263959,8.14417475728155,6.48297872340425,7.5,7.18181818181818,7.43702290076336,2
"4",2009,12,7.70424528301887,106,8.27456140350877,7.04081632653061,7.31818181818182,7.37878787878788,7.8513698630137,57,49,11,33,73,303,160,143,25,99,204,7.47491749174918,8.190625,6.67412587412587,7.42,7.24747474747475,7.58529411764706,3
"5",2010,1,7.57105263157895,114,7.97777777777778,7.06862745098039,7.06666666666667,7.60625,7.55731707317073,63,51,15,32,82,417,223,194,40,131,286,7.50119904076739,8.1304932735426,6.77783505154639,7.2875,7.33511450381679,7.57727272727273,4
"6",2010,2,7.22173913043478,69,7.94814814814815,6.7547619047619,7.125,6.94666666666667,7.29814814814815,27,42,4,15,54,486,250,236,44,146,340,7.46152263374486,8.1108,6.77372881355932,7.27272727272727,7.29520547945205,7.53294117647059,5
"7",2010,3,7.28333333333333,63,7.95,6.81486486486487,6.64285714285714,7.625,7.20294117647059,26,37,7,12,51,549,276,273,51,158,391,7.44107468123862,8.09565217391304,6.77930402930403,7.18627450980392,7.32025316455696,7.48989769820972,6
"8",2010,4,7.3198275862069,58,7.69117647058824,6.79375,7.3,7.61764705882353,7.19634146341463,34,24,10,17,41,607,310,297,61,175,432,7.42948929159802,8.05129032258064,6.78047138047138,7.20491803278689,7.34914285714286,7.46203703703704,7
"9",2010,5,7.42865853658537,82,8.02682926829268,6.83048780487805,7.3125,7.36666666666667,7.45431034482759,41,41,8,24,58,689,351,338,69,199,490,7.42939042089985,8.04843304843305,6.78653846153846,7.21739130434783,7.35125628140703,7.46112244897959,8
"10",2010,6,7.3675,80,7.98918918918919,6.83255813953488,7.15384615384615,7.29655172413793,7.4078431372549,37,43,13,29,51,769,388,381,82,228,541,7.42295188556567,8.04278350515464,6.79173228346457,7.20731707317073,7.34429824561403,7.45609981515712,9
"11",2010,7,7.28641975308642,81,7.9,6.68780487804878,6.71428571428571,7.22631578947368,7.30483870967742,40,41,7,19,62,850,428,422,89,247,603,7.40994117647059,8.02943925233645,6.78163507109005,7.1685393258427,7.33522267206478,7.44054726368159,10
"12",2010,8,7.25957446808511,94,7.71851851851852,6.64,6.4375,6.85714285714286,7.43030303030303,54,40,8,28,66,944,482,462,97,275,669,7.39496822033898,7.99460580912863,6.7693722943723,7.10824742268041,7.28654545454545,7.43953662182362,11
"13",2010,9,7.2777027027027,74,8.06714285714286,6.56923076923077,6.53125,7.31764705882353,7.26578947368421,35,39,16,17,57,1018,517,501,113,292,726,7.38644400785854,7.9995164410058,6.75379241516966,7.02654867256637,7.28835616438356,7.42589531680441,12
"14",2010,10,7.52133333333333,75,8.17142857142857,6.9525,7,7.57142857142857,7.50185185185185,35,40,8,21,54,1093,552,541,121,313,780,7.39569990850869,8.01041666666667,6.7684842883549,7.02479338842975,7.3073482428115,7.43115384615385,13
"15",2010,11,7.62415730337079,89,8.05760869565217,7.16046511627907,7.12857142857143,7.14347826086957,7.79166666666667,46,43,14,23,66,1182,598,584,135,336,846,7.41290186125211,8.01404682274247,6.79734589041096,7.03555555555555,7.29613095238095,7.45927895981087,14
"16",2010,12,7.3895,100,7.85714285714286,6.94019607843137,7.4,7.1,7.49121621621622,49,51,16,26,74,1282,647,635,151,362,920,7.41107644305772,8.00216383307573,6.8088188976378,7.07417218543046,7.28204419889503,7.46184782608696,15
"17",2011,1,7.3,93,7.78478260869565,6.82553191489362,7.01470588235294,7.86086956521739,7.11571428571429,46,47,17,23,70,1375,693,682,168,385,990,7.40356363636364,7.98773448773449,6.8099706744868,7.06815476190476,7.31662337662338,7.43737373737374,16
"18",2011,2,7.23817204301075,93,7.571875,6.88222222222222,7.04166666666667,7.23095238095238,7.24027777777778,48,45,12,21,72,1468,741,727,180,406,1062,7.39308583106267,7.96079622132254,6.81444291609354,7.06638888888889,7.3121921182266,7.42401129943503,17
"19",2011,3,7.26351351351351,74,7.78048780487805,6.62121212121212,6.59090909090909,7.46666666666667,7.21186440677966,41,33,11,15,59,1542,782,760,191,421,1121,7.38686770428016,7.95134271099744,6.80605263157895,7.03900523560209,7.31769596199525,7.4128456735058,18
"20",2011,4,7.37822580645161,62,7.64342105263158,6.95833333333333,6.94444444444444,7.20882352941176,7.44222222222222,38,24,9,17,45,1604,820,784,200,438,1166,7.38653366583541,7.93707317073171,6.81071428571429,7.03475,7.3134703196347,7.41397941680961,19
"21",2011,5,7.09695652173913,69,7.73486486486487,6.359375,6.95363636363636,7.605,6.91764705882353,37,32,11,18,51,1673,857,816,211,456,1217,7.37459055588763,7.9283430571762,6.79301470588235,7.03052132701422,7.32497807017544,7.39317995069844,20
"22",2011,6,7.44402985074627,67,7.57439024390244,7.23846153846154,7,7.89230769230769,7.33611111111111,41,26,10,13,54,1740,898,842,221,469,1271,7.37726436781609,7.91218262806236,6.80676959619953,7.02914027149321,7.34070362473348,7.39075531077891,21
"23",2011,7,7.36125,80,7.533,7.075,7.15,7.1875,7.43571428571429,50,30,10,24,56,1820,948,872,231,493,1327,7.37656043956044,7.8921835443038,6.81599770642202,7.03437229437229,7.33324543610548,7.39265259984928,22
"24",2011,8,7.45927590361446,83,7.766398,6.99393939393939,7.28571428571429,7.21612903225806,7.60422884615385,50,33,14,31,52,1903,998,905,245,524,1379,7.38016810299527,7.88588166332665,6.8224861878453,7.04873469387755,7.32631679389313,7.40063081943437,23
"25",2011,9,7.36171875,64,7.96935483870968,6.79090909090909,6.75,6.94285714285714,7.56627906976744,31,33,10,21,43,1967,1029,938,255,545,1422,7.37956781901373,7.888396404276,6.82137526652452,7.03701960784314,7.31154128440367,7.40563987341772,24
"26",2011,10,7.49155844155844,77,7.81826923076923,6.812,6.42857142857143,7.290625,7.54426229508197,52,25,7,16,61,2044,1081,963,262,561,1483,7.38378664383562,7.88502303422757,6.8211318795431,7.02076335877863,7.31094474153298,7.41134180714767,25
"27",2011,11,7.32469879518072,83,7.76326530612245,6.69264705882353,6.9375,7.10555555555556,7.38538461538462,49,34,8,18,65,2127,1130,997,270,579,1548,7.38148091208275,7.87974327433628,6.81675025075226,7.0182962962963,7.30455958549223,7.41025187338501,26
"28",2011,12,7.05135135135135,74,7.6825,6.30882352941176,6.41666666666667,7.02608695652174,7.06274509803922,40,34,12,23,51,2201,1170,1031,282,602,1599,7.37038159927306,7.87299991452991,6.8,6.99269503546099,7.29392026578073,7.39916816760475,27
"29",2012,1,7.21195652173913,92,7.81136363636364,6.6625,7.25,7.46842105263158,7.14520547945205,44,48,14,19,73,2293,1214,1079,296,621,1672,7.36402525076319,7.87076598023064,6.79388322520853,7.00486486486486,7.29925925925926,7.38808008373206,28
"30",2012,2,7.2390625,64,7.84722222222222,6.45714285714286,6.3,6.57222222222222,7.5,36,28,10,18,46,2357,1250,1107,306,639,1718,7.36063211709801,7.87008792,6.78536585365854,6.98183006535948,7.278779342723,7.39107677532014,29
"31",2012,3,7.45074626865672,67,7.74347826086957,6.80952380952381,6.6,7.9,7.3719298245614,46,21,5,10,57,2424,1296,1128,311,649,1775,7.3631228960396,7.86559405864198,6.78581560283688,6.97569131832797,7.28835130970724,7.39046191549296,30
"32",2012,4,7.49253731343284,67,7.70512820512821,7.19642857142857,7.04166666666667,7.11,7.55964912280702,39,28,12,10,57,2491,1335,1156,323,659,1832,7.36660373344039,7.86090629213483,6.79576124567474,6.97814241486068,7.28564491654021,7.3957259279476,31
"33",2012,5,7.275,50,7.82857142857143,6.87413793103448,7.075,7.1125,7.35147058823529,21,29,12,16,34,2541,1356,1185,335,675,1866,7.36480121999213,7.86040553097345,6.79767932489452,6.98161194029851,7.28154074074074,7.39491956055734,32
"34",2012,6,7.05636363636364,55,7.41911764705882,6.46904761904762,7.05833333333333,7.22916666666667,7.00813953488372,34,21,6,12,43,2596,1390,1206,341,687,1909,7.35826652542373,7.84961143884892,6.79195688225539,6.98296187683284,7.28062590975255,7.386207386066,33
"35",2012,7,7.38923076923077,39,7.9735,6.77421052631579,6.89090909090909,7.4,7.38551724137931,20,19,11,10,29,2635,1410,1225,352,697,1938,7.35872481973435,7.85136872340425,6.79168163265306,6.98008522727273,7.28233859397417,7.38619705882353,34
"36",2012,8,7.46090909090909,55,7.8109375,6.97391304347826,7.42857142857143,7.45833333333333,7.46162790697674,32,23,7,12,43,2690,1442,1248,359,709,1981,7.36081408921933,7.85047149791956,6.79504006410257,6.98883008356546,7.285317348378,7.38783437657749,35
"37",2012,9,6.97916666666667,48,7.45,6.42272727272727,6.5,6.6,7.15151515151515,26,22,7,15,33,2738,1468,1270,366,724,2014,7.35412341124909,7.84337867847411,6.7885905511811,6.97948087431694,7.27111878453039,7.38396221449851,36
"38",2012,10,7.30666666666667,60,7.47777777777778,7.16666666666667,7.15555555555556,6.69,7.43,27,33,9,10,50,2798,1495,1303,375,734,2064,7.35310575411008,7.83677585284281,6.79816577129701,6.98370666666667,7.26320163487738,7.38507747093023,37
"39",2012,11,7.09630952380952,84,7.78055555555556,6.583125,6.54058823529412,7.06619047619048,7.10634920634921,36,48,17,21,63,2882,1531,1351,392,755,2127,7.34562106176266,7.83545388634879,6.79052553663953,6.96448979591837,7.25772185430464,7.376821767748,38
"40",2012,12,7.02168674698795,83,7.36976744186047,6.6475,6.73529411764706,6.58333333333333,7.17016129032258,43,40,17,21,62,2965,1574,1391,409,776,2189,7.33655308600337,7.82273182973316,6.78641265276779,6.95496332518337,7.23947164948454,7.37096843307447,39
"41",2013,1,7.48466666666667,75,7.76219512195122,7.15,7.43,7.29230769230769,7.525,41,34,10,13,62,3040,1615,1425,419,789,2251,7.34020720394737,7.82119498452012,6.79508771929825,6.96630071599045,7.24034220532319,7.37521097290093,40
"42",2013,2,7.319,50,7.725,6.71,5.66666666666667,7.09583333333333,7.38947368421053,30,20,3,12,38,3090,1645,1445,422,801,2289,7.33986404530744,7.81944066869301,6.79391003460208,6.95706161137441,7.238177278402,7.37544775010922,41
"43",2013,3,7.36065573770492,61,7.83125,6.84137931034483,6.85,7.67857142857143,7.26595744680851,32,29,10,14,47,3151,1677,1474,432,815,2336,7.34026655030149,7.81966601073345,6.79484396200814,6.95458333333333,7.24574233128834,7.37324482020548,42
"44",2013,4,7.08048780487805,41,7.75,6.44285714285714,6.4125,7.05555555555556,7.0875,20,21,8,9,32,3192,1697,1495,440,824,2368,7.33692979323308,7.81884496169711,6.78989966555184,6.94472727272727,7.24366504854369,7.36938340371622,43
"45",2013,5,7.27065217391304,46,7.758,6.69047619047619,7,7.93,7.0875,25,21,9,10,36,3238,1722,1516,449,834,2404,7.33598823347745,7.81796161440186,6.78852242744063,6.94583518930958,7.25189448441247,7.36516218801997,44
"46",2013,6,7.25,59,7.74137931034483,6.775,6.5,7.13684210526316,7.30375,29,30,13,19,40,3297,1751,1546,462,853,2444,7.33444946921444,7.81669326099372,6.78826002587322,6.93329004329004,7.24933177022274,7.36415707855974,45
"47",2013,7,7.3462962962963,54,7.72121212121212,6.75714285714286,6.87777777777778,7.26,7.36590909090909,33,21,9,10,44,3351,1784,1567,471,863,2488,7.33464037600716,7.81492707399103,6.78784301212508,6.93222929936306,7.24945538818077,7.36418806270097,46
"48",2013,8,7.15,62,7.55428571428571,6.62592592592593,6.37692307692308,7.36,7.08297872340426,35,27,13,15,47,3413,1819,1594,484,878,2535,7.33128622912394,7.80991198460693,6.78510037641154,6.91731404958678,7.25134396355353,7.35897431952663,47
"49",2013,9,7.28571428571429,56,7.63870967741935,6.848,6.71428571428571,6.87857142857143,7.42142857142857,31,25,7,14,42,3469,1850,1619,491,892,2577,7.33055056212165,7.80704318918919,6.78607164916615,6.91441955193483,7.2454932735426,7.35999220023283,48
"50",2013,10,7.13636363636364,77,7.73,6.49459459459459,6.43157894736842,7.42,7,40,37,19,25,52,3546,1890,1656,510,917,2629,7.32633386914834,7.80541264550265,6.77955917874396,6.89643137254902,7.25025081788441,7.35287177634082,49
"51",2013,11,7.28026315789474,76,7.68367346938776,6.54814814814815,6.66666666666667,7.59285714285714,7.20967741935484,49,27,9,14,62,3622,1939,1683,519,931,2691,7.32536717283269,7.80233620422898,6.77584670231729,6.89244701348748,7.25540279269603,7.34957261241175,50
"52",2013,12,7.06322580645161,62,7.4155,6.42272727272727,6.41666666666667,6.975,7.09391304347826,40,22,6,16,46,3684,1979,1705,525,947,2737,7.32095545602606,7.79451738251642,6.77129032258064,6.88700952380952,7.25066525871172,7.34527581293387,51
"53",2014,1,7.31830985915493,71,7.86578947368421,6.68787878787879,7,8.0625,7.10181818181818,38,33,8,16,55,3755,2017,1738,533,963,2792,7.32090543275632,7.79586013882003,6.76970655926352,6.88870544090056,7.26415368639668,7.34047990687679,52
"54",2014,2,7.44662162162162,74,7.9280487804878,6.84848484848485,6.76666666666667,7.5,7.4410447761194,41,33,12,7,67,3829,2058,1771,545,970,2859,7.32333504831549,7.7984936345967,6.77117447769622,6.88601834862385,7.26585567010309,7.34283662119622,53
"55",2014,3,7.46810344827586,58,7.91607142857143,7.05,7.55555555555556,7.50454545454545,7.45957446808511,28,30,9,11,47,3887,2086,1801,554,981,2906,7.32549521481863,7.80007186001917,6.7758189894503,6.89689530685921,7.26853211009174,7.34472467309016,54
"56",2014,4,7.202,50,8.00263157894737,6.71129032258064,6.70909090909091,6.5,7.28,19,31,11,5,45,3937,2105,1832,565,986,2951,7.32392682245364,7.80190019002375,6.77472707423581,6.8932389380531,7.26463488843813,7.34373768214165,55
"57",2014,5,7.49555555555556,45,7.77307692307692,7.11578947368421,7.2,7.45454545454545,7.50882352941176,26,19,11,11,34,3982,2131,1851,576,997,2985,7.32586637368157,7.80154852182074,6.77822798487304,6.89909722222222,7.26673019057172,7.34561805695142,56
"58",2014,6,7.19875,40,7.99782608695652,6.11764705882353,6.5,7.64545454545455,7.02931034482759,23,17,4,11,29,4022,2154,1868,580,1008,3014,7.32460216310293,7.80364433611885,6.77221627408993,6.89634482758621,7.2708630952381,7.34257461844725,57
"59",2014,7,7.40673076923077,52,7.89,6.74772727272727,7.05625,7.6,7.34875,30,22,8,12,40,4074,2184,1890,588,1020,3054,7.32565044182621,7.80483054029304,6.77193121693122,6.89852040816327,7.27473529411765,7.34265550098232,58
"60",2014,8,7.14436363636364,55,7.63103448275862,6.60153846153846,5.92222222222222,7.53,7.05866666666667,29,26,9,10,45,4129,2213,1916,597,1030,3099,7.32323562605958,7.80255305015816,6.76961899791232,6.88380234505863,7.27721359223301,7.33853175217812,59
"61",2014,9,7.38839285714286,56,7.67361111111111,6.875,6.85,7.875,7.30729166666667,36,20,10,8,48,4185,2249,1936,607,1038,3147,7.32410750298686,7.80048906180525,6.7707076446281,6.88324546952224,7.28182080924856,7.3380552589768,60
"62",2014,10,7.4830985915493,71,7.82631578947368,7.08787878787879,7.27222222222222,7.65882352941177,7.42777777777778,38,33,18,17,54,4256,2287,1969,625,1055,3201,7.32675984492481,7.80091818976826,6.77602336211275,6.894448,7.28789573459716,7.33956885348329,61
"63",2014,11,7.57416666666667,48,8.01068965517241,6.90789473684211,7.5,7.38777777777778,7.61717948717949,29,19,10,9,39,4304,2316,1988,635,1064,3240,7.32951902881041,7.80354486183074,6.77728370221328,6.9039842519685,7.28874060150376,7.34291046296296,62
"64",2014,12,7.4398717948718,78,7.72222222222222,6.80458333333333,6.30090909090909,7.18888888888889,7.51516666666667,54,24,11,18,60,4382,2370,2012,646,1082,3300,7.33148331811958,7.80169194092827,6.77760934393638,6.89371517027864,7.28707948243993,7.34604239393939,63
"65",2015,1,7.57642857142857,70,7.81625,7.25666666666667,7.21818181818182,7.83333333333333,7.53852459016393,40,30,11,9,61,4452,2410,2042,657,1091,3361,7.33533465858041,7.80193356846473,6.78464740450539,6.89914764079148,7.29158570119157,7.34953582267182,64
"66",2015,2,7.42796610169492,59,7.81818181818182,6.93269230769231,6.57727272727273,7.61538461538461,7.375,33,26,11,13,46,4511,2443,2068,668,1104,3407,7.33654619818222,7.80215304952927,6.78650870406189,6.89384730538922,7.29539855072464,7.34987963017317,65
"67",2015,3,7.49387755102041,49,7.75769230769231,7.19565217391304,7.21428571428571,7.38888888888889,7.5175,26,23,7,9,40,4560,2469,2091,675,1113,3447,7.33823682017544,7.80168485216687,6.79100908656145,6.89717037037037,7.29615453728661,7.35182474615608,66
"68",2015,4,7.52978723404255,47,7.85344827586207,7.00833333333333,7.25,7.9875,7.43589743589744,29,18,8,8,39,4607,2498,2109,683,1121,3486,7.34019099196874,7.80228578863091,6.79286391654813,6.90130307467057,7.30108831400535,7.35276531841652,67
"69",2015,5,7.47017543859649,57,8.003125,6.788,7.25,7.56363636363636,7.44782608695652,32,25,8,11,46,4664,2530,2134,691,1132,3532,7.34177956689537,7.80482604743083,6.79280693533271,6.90534008683068,7.30363957597173,7.35400336919592,68
"70",2015,6,7.30272727272727,55,8.03888888888889,6.59285714285714,7.06,7.20333333333333,7.34,27,28,10,15,40,4719,2557,2162,701,1147,3572,7.34132441195169,7.80729757528354,6.79021739130435,6.90754636233952,7.30232781168265,7.35384655655095,69
"71",2015,7,7.40483870967742,62,8.03,6.81875,6.36363636363636,7.58333333333333,7.362,30,32,11,12,50,4781,2587,2194,712,1159,3622,7.34214806525831,7.80988013142636,6.79063354603464,6.89914325842697,7.30523727351165,7.3539591109884,70
"72",2015,8,7.41180555555556,72,8.00277777777778,6.82083333333333,6.59285714285714,6.675,7.53064516129032,36,36,14,10,62,4853,2623,2230,726,1169,3684,7.34318151658768,7.81252760198246,6.79112107623318,6.89323691460055,7.29984602224123,7.35693265472313,71
"73",2015,9,7.35490566037736,53,7.82290322580645,6.69545454545455,6.70909090909091,7.36923076923077,7.35025,31,22,11,13,40,4906,2654,2252,737,1182,3724,7.3433081736649,7.8126487942728,6.7901865008881,6.89048846675712,7.30060913705584,7.35686087540279,72
"74",2015,10,7.70081967213115,61,8.27051282051282,6.69090909090909,6.6,7.775,7.68265306122449,39,22,8,12,49,4967,2693,2274,745,1194,3773,7.34769879202738,7.81927957668028,6.78922603342128,6.88736912751678,7.30537688442211,7.36109194275112,73
"75",2015,11,7.33484848484848,66,7.96666666666667,6.22916666666667,7.2,7.05,7.41153846153846,42,24,10,14,52,5033,2735,2298,755,1208,3825,7.347530280151,7.8215429250457,6.78337684943429,6.89150993377484,7.30241721854304,7.36177775163399,74
"76",2015,12,7.58294520547945,73,7.99178571428571,7.02903225806452,6.92857142857143,7.31666666666667,7.65181034482759,42,31,14,15,58,5106,2777,2329,769,1223,3883,7.35089598511555,7.82411771696075,6.7866466294547,6.89218465539662,7.30259198691741,7.36610994076745,75
"77",2016,1,7.34518987341772,79,7.62155555555556,6.97941176470588,6.9,7.79133333333333,7.240625,45,34,12,15,64,5185,2822,2363,781,1238,3947,7.35080904532305,7.82088763288448,6.78942022852306,6.89230473751601,7.30851373182552,7.36407522168736,76
"78",2016,2,7.21,55,7.81774193548387,6.425,6.30769230769231,5.92857142857143,7.396875,31,24,13,7,48,5240,2853,2387,794,1245,3995,7.34933108778626,7.82085345250613,6.78575617930457,6.88273299748111,7.30075502008032,7.36446931163955,77
"79",2016,3,7.65098387096774,62,8.19002564102564,6.73695652173913,6.78571428571429,8.57221428571428,7.38229166666667,39,23,7,14,48,5302,2892,2410,801,1259,4043,7.35285852508487,7.82583191562932,6.78529045643154,6.88188514357054,7.31489356632248,7.36468090526836,78
"80",2016,4,7.60918367346939,49,8.0453125,6.78823529411765,6.27777777777778,7.61,7.60897435897436,32,17,9,10,39,5351,2924,2427,810,1269,4082,7.35520573724537,7.82823389192886,6.78531108364236,6.87517283950617,7.31721907013396,7.36701491915727,79
"81",2016,5,7.28679245283019,53,7.67931034482759,6.8125,7,8.05833333333333,7.0609756097561,29,24,11,12,41,5404,2953,2451,821,1281,4123,7.35453477054034,7.82677138503217,6.78557731538148,6.87684531059683,7.32416159250586,7.36397159835071,80
"82",2016,6,7.31475409836066,61,7.47878787878788,7.12142857142857,6.725,6.94615384615385,7.41458333333333,33,28,8,13,48,5465,2986,2479,829,1294,4171,7.3540907410796,7.82292561955794,6.78937071399758,6.87537997587455,7.32036398763524,7.36455403979861,81
"83",2016,7,7.29327586206897,58,7.74208333333333,6.97647058823529,7.0125,7.40071428571429,7.25909090909091,24,34,16,14,44,5523,3010,2513,845,1308,4215,7.35345209125475,7.82228102990033,6.79190210903303,6.87797633136095,7.32122400611621,7.3634531198102,82
"84",2016,8,7.212,50,7.93392857142857,6.29318181818182,6.88181818181818,8.10833333333333,6.92894736842105,28,22,11,12,38,5573,3038,2535,856,1320,4253,7.3521830073569,7.82331003949967,6.78757396449704,6.87802570093458,7.32837954545454,7.35957086762285,83
"85",2016,9,7.36307692307692,65,7.99024390243902,6.29166666666667,6.9,8.02142857142857,7.18235294117647,41,24,5,14,51,5638,3079,2559,861,1334,4304,7.35230860234125,7.82553293277038,6.78292301680344,6.87815331010453,7.33565292353823,7.35747093401487,84
"86",2016,10,7.56702127659574,47,7.87068965517241,7.07777777777778,7.02857142857143,7.67,7.53918918918919,29,18,7,10,37,5685,3108,2577,868,1344,4341,7.35408371152155,7.82595427927928,6.78498253783469,6.87936635944701,7.338140625,7.35901978806726,85
"87",2016,11,7.38785483870968,62,7.77919512195122,6.62380952380952,6.1,7.375,7.38975925925926,41,21,7,8,54,5747,3149,2598,875,1352,4395,7.35444804245693,7.82534547475389,6.78367975365666,6.87313142857143,7.33835872781065,7.35939747440273,86
"88",2016,12,7.28074074074074,81,7.88409090909091,6.56324324324324,6.52,7.22428571428571,7.29253731343284,44,37,15,14,67,5828,3193,2635,890,1366,4462,7.3534236273164,7.82615499530222,6.78058444022771,6.8671797752809,7.33718960468521,7.35839352308382,87
"89",2017,1,7.41958762886598,97,8,6.51842105263158,6.69444444444444,7.3,7.44320987654321,59,38,18,16,81,5925,3252,2673,908,1382,4543,7.3545068185654,7.8293090098401,6.77685746352413,6.86375550660793,7.33675904486252,7.35990576711424,88
"90",2017,2,7.56951219512195,82,7.92159090909091,7.16184210526316,7.47222222222222,7.385,7.62903225806452,44,38,9,20,62,6007,3296,2711,917,1402,4605,7.35744180123189,7.83054092839806,6.78225378089266,6.86972737186478,7.33744721825963,7.36352918566775,89
"91",2017,3,7.5780303030303,66,8.04375,6.86153846153846,6.68181818181818,7.75,7.55087719298246,40,26,11,9,57,6073,3336,2737,928,1411,4662,7.35983910752511,7.83309739208633,6.7830069419072,6.8675,7.34007866761162,7.3658197983698,90
"92",2017,4,7.42016129032258,62,7.82575757575758,6.95862068965517,6.77777777777778,7.6875,7.38055555555556,33,29,9,8,54,6135,3369,2766,937,1419,4716,7.36044872045639,7.83302549718017,6.78484815618221,6.86663820704376,7.34203735024665,7.36598852841391,91
"93",2017,5,7.39426666666667,75,7.81702127659574,6.68464285714286,6.85714285714286,7.2,7.42415384615385,47,28,7,10,65,6210,3416,2794,944,1429,4781,7.36085714975845,7.83280529859485,6.78384395132427,6.86656779661017,7.3410433869839,7.36677931395106,92
"94",2017,6,7.63448275862069,58,7.96388888888889,7.09545454545455,7.41818181818182,7.5,7.65918367346939,36,22,11,9,49,6268,3452,2816,955,1438,4830,7.36338910338226,7.83417233487833,6.78627840909091,6.87292146596859,7.34203824756606,7.36974573498965,93
"95",2017,7,7.33469387755102,49,8.14444444444444,6.34090909090909,6.92857142857143,7.21428571428571,7.3547619047619,27,22,7,7,42,6317,3479,2838,962,1445,4872,7.36316651891721,7.83658031043403,6.78282593375617,6.8733264033264,7.34141937716263,7.36961656403941,94
"96",2017,8,7.4575,60,7.84459459459459,6.83478260869565,7.11111111111111,7.33333333333333,7.4640350877193,37,23,9,3,57,6377,3516,2861,971,1448,4929,7.36405408499294,7.83666464732651,6.7832436211115,6.87553038105046,7.34140262430939,7.37070843984581,95
"97",2017,9,7.63898305084746,59,7.975,7.24074074074074,7.83333333333333,7.575,7.64363636363636,32,27,9,4,55,6436,3548,2888,980,1452,4984,7.36657440957116,7.8379123167982,6.78752077562327,6.88432653061225,7.34204614325069,7.37372028491172,96
"98",2017,10,7.35460526315789,76,7.80326086956522,6.66666666666667,6.5,7.25882352941176,7.38220338983051,46,30,7,17,59,6512,3594,2918,987,1469,5043,7.36643472051597,7.83746880912632,6.78627827278958,6.88160081053698,7.34108304969367,7.37381953202459,97
"99",2017,11,7.57222222222222,63,7.92125,6.96521739130435,7.13636363636364,8.08333333333333,7.51842105263158,40,23,11,6,57,6575,3634,2941,998,1475,5100,7.36840652471483,7.83839100165107,6.78767766065964,6.88440881763527,7.34410237288135,7.37543566666667,98
"100",2017,12,7.46016129032258,62,7.96194444444444,6.76538461538462,6.6875,7.77,7.40057692307692,36,26,8,10,52,6637,3670,2967,1006,1485,5152,7.36926365827934,7.83960297002725,6.78748230535895,6.88284294234593,7.34697037037037,7.37568942158385,99
"101",2018,1,7.35866666666667,90,8.00170212765958,6.65581395348837,7.22727272727273,7.45588235294118,7.33602739726027,47,43,11,17,73,6727,3717,3010,1017,1502,5225,7.36912188196818,7.84165264998655,6.78560132890366,6.88656833824976,7.34820306258322,7.37513529186603,100
"102",2018,2,7.14339622641509,53,7.69230769230769,6.61481481481481,6.88461538461539,7.1875,7.13555555555556,26,27,13,8,45,6780,3743,3037,1030,1510,5270,7.367357359882,7.84061525514293,6.78408297662167,6.88654368932039,7.34735165562914,7.37308954459203,101
"103",2018,3,7.38492063492064,63,7.82361111111111,6.8,6.51818181818182,6.95,7.46698113207547,36,27,11,10,53,6843,3779,3064,1041,1520,5323,7.3675190559696,7.84045326806033,6.78422323759791,6.88265129682997,7.3447375,7.37402440353184,102
"104",2018,4,7.16163265306122,49,7.59130434782609,6.78153846153846,6.612,7.25,7.12972222222222,23,26,10,13,36,6892,3802,3090,1051,1533,5359,7.3660552669762,7.83894605470805,6.78420064724919,6.88007611798287,7.3439341161122,7.37238326180258,103
"105",2018,5,7.34607843137255,51,8.01818181818182,6.83620689655172,6.88636363636364,8,7.29042553191489,22,29,11,4,47,6943,3824,3119,1062,1537,5406,7.36590852657352,7.83997722280335,6.78468419365181,6.88014124293785,7.34564150943396,7.37167071772105,104
"106",2018,6,7.67978723404255,47,8.1,7.1125,6.83333333333333,7.64285714285714,7.68625,27,20,6,7,40,6990,3851,3139,1068,1544,5446,7.36801901287553,7.8418002856401,6.78677285759796,6.87987827715356,7.34698898963731,7.37398125229526,105
"107",2018,7,7.44897959183673,49,8.0125,6.69761904761905,7.14375,7.93,7.32564102564103,28,21,8,10,39,7039,3879,3160,1076,1554,5485,7.36858259695979,7.84303245681877,6.78618037974684,6.88184014869889,7.35074066924067,7.37363753874202,106
"108",2018,8,6.93725490196078,51,7.632,6.26923076923077,6.6,7.48,6.87826086956522,25,26,5,5,46,7090,3904,3186,1081,1559,5531,7.36547995768688,7.84168107069672,6.78196170747018,6.88053654024052,7.35115522771007,7.36951760983547,107
"109",2018,9,7.25916666666667,48,7.57846153846154,6.88181818181818,6.62857142857143,6.95714285714286,7.31073170731707,26,22,7,7,41,7138,3930,3208,1088,1566,5572,7.36476504623143,7.8399396692112,6.78264650872818,6.87891544117647,7.34939399744572,7.36908505025126,108
"110",2018,10,6.90811961538462,52,7.2648888,6.57777777777778,6.56,6.84285714285714,6.91827155555556,25,27,10,7,45,7190,3955,3235,1098,1573,5617,7.36146246453407,7.8363047079646,6.78093663060278,6.87601092896175,7.34713986013986,7.3654734057326,109
"111",2018,11,7.60901694915254,59,8.00432432432432,6.94418181818182,7.11111111111111,7.59411764705882,7.61504761904762,37,22,9,17,42,7249,3992,3257,1107,1590,5659,7.36347732376879,7.83786200400802,6.7820392999693,6.87792231255646,7.34978050314465,7.36732569711963,110
"112",2018,12,7.70454545454545,44,7.97,7.13571428571429,7.27142857142857,7.83333333333333,7.67142857142857,30,14,7,9,35,7293,4022,3271,1114,1599,5694,7.36553505004799,7.83884761810045,6.78355304188322,6.88039497307002,7.35250218886804,7.36919496311907,111
"113",2019,1,7.50979166666667,48,8.19892857142857,6.545,6.33333333333333,7,7.58261904761905,28,20,6,6,42,7341,4050,3291,1120,1605,5736,7.36647828906143,7.84133706666667,6.78210331206321,6.87746428571429,7.35118442367601,7.37075769177127,112
"114",2019,2,7.20131956521739,46,7.81933448275862,6.14705882352941,6,6.82545454545455,7.31944857142857,29,17,5,11,35,7387,4079,3308,1125,1616,5771,7.36544981995397,7.84118063741113,6.77883978234583,6.87356444444445,7.34760581683168,7.37044651186969,113
"115",2019,3,7.35564705882353,85,7.916,6.72525,7.07777777777778,6.9375,7.45260869565217,45,40,9,16,69,7472,4124,3348,1134,1632,5840,7.36533830567452,7.84199704655674,6.77819952210275,6.87518518518519,7.34358517156863,7.37141726369863,114
"116",2019,4,7.41194029850746,67,7.87878787878788,6.95882352941176,7.20714285714286,7.42,7.41052631578947,33,34,14,10,57,7539,4157,3382,1148,1642,5897,7.3657524631914,7.84228910752947,6.78001537551745,6.87923344947735,7.34405054811206,7.37179528913007,115
"117",2019,5,7.58363636363636,55,8.11724137931034,6.98846153846154,7.2125,6.8375,7.71063829787234,29,26,8,8,47,7594,4186,3408,1156,1650,5944,7.36733050039505,7.84419393693263,6.78160563380282,6.88153979238754,7.34159454545455,7.37447456594886,116
"118",2019,6,7.32222222222222,45,8.03636363636364,6.63913043478261,6.6875,6.75,7.44594594594595,22,23,8,8,37,7639,4208,3431,1164,1658,5981,7.36706477549417,7.84519862642586,6.7806505392014,6.88020618556701,7.3387400482509,7.37491670623642,117
"119",2019,7,7.58782306122449,49,8.01296296296296,7.06606045454545,7.2,7.78571428571429,7.55484119047619,27,22,10,7,42,7688,4235,3453,1174,1665,6023,7.36847179370447,7.84626819834711,6.78246896322039,6.88293015332198,7.34061921921922,7.37617136808899,118
"120",2019,8,7.41029411764706,68,7.91627906976744,6.54,6.22222222222222,7.44444444444444,7.40508474576271,43,25,9,9,59,7756,4278,3478,1183,1674,6082,7.36883846699329,7.84697190743338,6.78072608683151,6.87790363482671,7.34117741935484,7.37645184972049,119
"121",2019,9,7.29824561403509,57,7.81666666666667,6.72222222222222,7,7,7.3469387755102,30,27,14,8,49,7813,4308,3505,1197,1682,6131,7.36832345449891,7.84676086815228,6.78027541512126,6.87933166248956,7.33955469678954,7.3762159761866,120
"122",2019,10,7.31349206349206,63,7.56578947368421,6.93,7.0625,6.98,7.34224137931034,38,25,8,5,58,7876,4346,3530,1205,1687,6189,7.36788485906551,7.84430414634147,6.78133578753541,6.88054771784233,7.33848903378779,7.37589758442398,121
"123",2019,11,7.2777027027027,74,7.91025641025641,6.57285714285714,6.29166666666667,6.75384615384615,7.38934426229508,39,35,12,13,61,7950,4385,3565,1217,1700,6250,7.36704542767295,7.84489072291904,6.77928901262272,6.87474116680362,7.33401823529412,7.376028824,122
"124",2019,12,7.37857142857143,77,7.75952380952381,6.92142857142857,6.51666666666667,7.31923076923077,7.390625,42,35,15,13,64,8027,4427,3600,1232,1713,6314,7.36715599227607,7.84408082674498,6.780670925,6.87038149350649,7.33390601284296,7.37617677383592,123
"125",2020,1,7.21172839506173,81,7.88333333333333,6.58809523809524,6.31818181818182,6.97857142857143,7.26044776119403,39,42,11,14,67,8108,4466,3642,1243,1727,6381,7.36560324987666,7.84442360501568,6.778450118067,6.86549477071601,7.33102547770701,7.37496162827143,124
"126",2020,2,7.42402777777778,72,8.06380952380952,6.52833333333333,6.43846153846154,7.67,7.38435483870968,42,30,13,10,62,8180,4508,3672,1256,1737,6443,7.3661175,7.8464675732032,6.77640668028323,6.86107484076433,7.33297697179044,7.37505201769362,125
"127",2020,3,7.6921875,64,7.78444444444444,7.47368421052632,7.375,7.73636363636364,7.68301886792453,45,19,12,11,53,8244,4553,3691,1268,1748,6496,7.36864885371179,7.84585456182737,6.77999602546736,6.86593848580442,7.33551544622426,7.37756467826355,126
"128",2020,4,7.52185,100,7.91392307692308,6.79371428571429,6.45454545454545,7.31578947368421,7.57018518518518,65,35,11,19,81,8344,4618,3726,1279,1767,6577,7.37048491730585,7.84681265049805,6.78012488727858,6.86240031274433,7.33530333899264,7.37993692412954,127
"129",2020,5,7.42318681318681,91,7.86433962264151,6.80789473684211,7.24545454545455,7.51,7.41246913580247,53,38,11,10,81,8435,4671,3764,1290,1777,6658,7.37105348547718,7.847011522158,6.78040524176408,6.86566666666667,7.33628643781655,7.38033270501652,128
"130",2020,6,7.31882352941176,85,7.56315789473684,6.82142857142857,6.635,6.57142857142857,7.46619718309859,57,28,10,14,71,8520,4728,3792,1300,1791,6729,7.37053241197183,7.84358942893401,6.78070815664557,6.86389230769231,7.3303076493579,7.38123869074157,129
"131",2020,7,7.29767857142857,56,7.70785714285714,6.8875,6.6,6.8875,7.36604166666667,28,28,5,8,48,8576,4756,3820,1305,1799,6777,7.37005668726679,7.84279033221194,6.78149092408377,6.86288122605364,7.32833852140078,7.38113105356353,130
"132",2020,8,7.39164948453608,97,7.8616,6.89170212765957,6.6275,7.11894736842105,7.45807692307692,50,47,24,19,78,8673,4806,3867,1329,1818,6855,7.37029818401937,7.84298602163962,6.78283044478924,6.85863054928518,7.3261501650165,7.38200658643326,131
"133",2020,9,7.52936708860759,79,7.830625,7.06290322580645,7.35714285714286,7.69583333333333,7.49955223880597,48,31,14,12,67,8752,4854,3898,1343,1830,6922,7.37173402079525,7.84286378656778,6.78505780656747,6.86382725241996,7.32857431693989,7.3831443441202,132
"134",2020,10,7.2425,80,7.63488372093023,6.78648648648649,6.57647058823529,7.65714285714286,7.2027397260274,43,37,17,7,73,8832,4897,3935,1360,1837,6995,7.3705634227808,7.84103753726772,6.78507124015248,6.86023529411765,7.32982634730539,7.38126163688349,133
"135",2020,11,7.15770833333333,96,7.44178571428571,6.76,6.725,7.17857142857143,7.15414634146341,56,40,12,14,82,8928,4953,3975,1372,1851,7077,7.36827465837814,7.83652348475672,6.7848189509434,6.85905247813411,7.32868233387358,7.3786300904338,134
"136",2020,12,7.52,90,8.04074074074074,6.73888888888889,6.77142857142857,7.35714285714286,7.55,54,36,14,14,76,9018,5007,4011,1386,1865,7153,7.36978888334442,7.83872594767326,6.7844067140364,6.85816738816739,7.32889597855228,7.38045088074934,135
"137",2021,1,7.43598130841121,107,8.025,6.73877551020408,6.74444444444444,7.51428571428571,7.41686046511628,58,49,18,21,86,9125,5065,4060,1404,1886,7239,7.37056505753425,7.8408589970385,6.78385599261084,6.8567094017094,7.33096023329799,7.38088343003177,136
"138",2021,2,7.43525,80,7.69625,7.04375,7.05416666666667,7.31666666666667,7.46261538461538,48,32,12,15,65,9205,5113,4092,1416,1901,7304,7.37112722976643,7.83950143164483,6.78588839931574,6.85838276836158,7.33084744871121,7.38161078176342,137
"139",2021,3,7.43128893333333,75,8.12606068181818,6.44516129032258,6.66428571428571,7.50555555555556,7.42116166666667,44,31,14,9,66,9280,5157,4123,1430,1910,7370,7.37161345043103,7.84194638161722,6.78332654135338,6.85648251748252,7.33167068062827,7.3819649687924,138
"140",2021,4,7.26636363636364,66,7.602,6.75,6.4375,7.09375,7.2901724137931,40,26,8,8,58,9346,5197,4149,1438,1918,7428,7.37087019259576,7.84009957475467,6.78311769824054,6.85415159944367,7.33067831074035,7.38124822563274,139
"141",2021,5,7.41666666666667,69,7.94418604651163,6.54423076923077,6.325,7.39666666666667,7.42222222222222,43,26,10,15,54,9415,5240,4175,1448,1933,7482,7.37120582262347,7.84095371946565,6.78163001916168,6.85049723756906,7.33119037765132,7.38154394814221,140
"142",2021,6,7.36295161290323,62,7.68927027027027,6.88,6.75,7.87125,7.28764814814815,37,25,10,8,54,9477,5277,4200,1458,1941,7536,7.37115182230664,7.83989018192155,6.78221555476191,6.84980795610425,7.3334162802679,7.38087112791932,141
"143",2021,7,7.19888888888889,45,7.71111111111111,6.43055555555556,6.38888888888889,8.16666666666667,7.1297619047619,27,18,9,3,42,9522,5304,4218,1467,1944,7578,7.3703377252678,7.83923463235294,6.78071487197724,6.84698023176551,7.33470216049383,7.37947939034046,142
"144",2021,8,7.40141304347826,46,7.92732142857143,6.58333333333333,6.5,6.962,7.455,28,18,4,5,41,9568,5332,4236,1471,1949,7619,7.37048712583612,7.83969720367592,6.77987614022663,6.84603670972128,7.33374602360185,7.37988578816118,143
"145",2021,9,7.1642131147541,61,7.50441176470588,6.73581481481482,6.3867,6.77272727272727,7.25034,34,27,10,11,50,9629,5366,4263,1481,1960,7669,7.3691803738706,7.8375727711517,6.77959707482993,6.84293517893315,7.33059744897959,7.37904118137958,144
"146",2021,10,7.26263157894737,76,7.88395348837209,6.4530303030303,6.495,7.29,7.25848484848485,43,33,10,10,66,9705,5409,4296,1491,1970,7735,7.36834598866564,7.83794148456277,6.77708853119181,6.84060160965795,7.33039137055838,7.37801251712993,145
"147",2021,11,7.40320833333333,72,7.88025,6.65357142857143,6.57272727272727,6.9,7.48437096774194,44,28,11,10,62,9777,5453,4324,1502,1980,7797,7.36860272271658,7.83828286997983,6.77628869796485,6.83863981358189,7.32821767676768,7.37885825573939,146
"148",2021,12,7.29578431372549,102,7.88368421052632,6.55111111111111,5.99473684210526,6.959375,7.35837209302326,57,45,19,16,86,9879,5510,4369,1521,1996,7883,7.36785087761919,7.83875253901996,6.77396940489815,6.82809796186719,7.32526102204409,7.37863476087784,147
"149",2022,1,7.36951127819549,133,7.64932142857143,6.88983673469388,6.63333333333333,7.27083333333333,7.37929752066116,84,49,12,12,121,10012,5594,4418,1533,2008,8004,7.36787293447863,7.83590802466929,6.77525448845632,6.82657338551859,7.32493575697211,7.37864478010995,148
"150",2022,2,7.44207792207792,77,7.865,6.65888888888889,6.14285714285714,7.31111111111111,7.48203389830508,50,27,7,18,59,10089,5644,4445,1540,2026,8063,7.36843927247497,7.83616574946846,6.77454765579303,6.82346558441558,7.32481293188549,7.37940131712762,149
"151",2022,3,7.37705128205128,78,7.86686274509804,6.45185185185185,6.75,7.09357142857143,7.4390625,51,27,10,14,64,10167,5695,4472,1550,2040,8127,7.36850534277565,7.83644064793679,6.77259935822898,6.82299161290323,7.32322598039216,7.3798711480251,150
"152",2022,4,7.56034482758621,58,7.90294117647059,7.075,6.6,7.37,7.6,34,24,5,10,48,10225,5729,4496,1555,2050,8175,7.36959352762836,7.83683530982719,6.77421359653025,6.82227459807074,7.32345414634146,7.38116364770643,151
"153",2022,5,7.28567692307692,65,7.87681578947368,6.4537037037037,6.41666666666667,7.3335,7.27484905660377,38,27,6,12,53,10290,5767,4523,1561,2062,8228,7.36906344217687,7.83709874978325,6.77230031616184,6.82071556694427,7.32351260911736,7.38047883082159,152
"154",2022,6,7.23557692307692,52,7.7,6.4925,6.34375,7.51111111111111,7.17790697674419,32,20,8,9,43,10342,5799,4543,1569,2071,8271,7.36839226648617,7.83634221245042,6.77106852960599,6.81828362014022,7.32432786093675,7.37942568250514,153
"155",2022,7,7.4625,56,7.75833333333333,6.93,6.83333333333333,7.37857142857143,7.47448979591837,36,20,9,7,49,10398,5835,4563,1578,2078,8320,7.36889909790344,7.83586092373608,6.77176513916283,6.81836945500634,7.32451058710298,7.37998555528847,154
"156",2022,8,7.43971411764706,68,7.50698976744186,7.324,6.90625,7.85416666666667,7.35090285714286,43,25,8,12,56,10466,5878,4588,1586,2090,8376,7.36935919931206,7.8334550952705,6.77477426547515,6.81881273644388,7.32755167464115,7.37979111509074,155
"157",2022,9,7.30961538461538,52,7.60909090909091,6.78947368421053,7.25,5.5,7.46041666666667,33,19,4,4,48,10518,5911,4607,1590,2094,8424,7.36906383152691,7.83220251226527,6.77483488821359,6.81989748427673,7.32406064947469,7.38025051994302,156
"158",2022,10,7.485,72,7.71395833333333,7.02708333333333,7.5,7.70769230769231,7.43593220338983,48,24,7,13,59,10590,5959,4631,1597,2107,8483,7.3698520661001,7.83125005034402,6.77614215720147,6.82287852222918,7.32642762221168,7.38063779087587,157
"159",2022,11,7.41987012987013,77,7.84888888888889,6.8165625,6.683,7.03909090909091,7.48333333333333,45,32,10,11,66,10667,6004,4663,1607,2118,8549,7.37021312271492,7.83138225349767,6.77641954321252,6.82200808960797,7.32493531633617,7.38143062112528,158
"160",2022,12,7.26668831168831,77,7.44365853658537,7.06513888888889,7,6.8375,7.31644927536232,41,36,12,8,69,10744,6045,4699,1619,2126,8618,7.3694711820551,7.82875253101737,6.77863148116621,6.82332736256949,7.32310112888053,7.38091034810861,159
