"","year","month","avg_rating","no_ratings","avg_rating_owned","avg_rating_not_owned","avg_rating_prev_owned","avg_rating_comment","avg_rating_no_comment","no_ratings_owned","no_ratings_not_owned","no_ratings_prev_owned","no_ratings_comment","no_ratings_no_comment","cum_no_ratings","cum_no_ratings_owned","cum_no_ratings_not_owned","cum_no_ratings_prev_owned","cum_no_ratings_comment","cum_no_ratings_no_comment","cum_avg_rating","cum_avg_rating_owned","cum_avg_rating_not_owned","cum_avg_rating_prev_owned","cum_avg_rating_comment","cum_avg_rating_no_comment","month_after_release"
"1",2001,8,6,1,6,NA,NA,NA,6,1,0,0,0,1,1,1,0,0,0,1,6,6,NA,NA,NA,6,3
"2",2002,2,7,1,7,NA,NA,NA,7,1,0,0,0,1,2,2,0,0,0,2,6.5,6.5,NA,NA,NA,6.5,9
"3",2002,3,7.5,2,7.5,NA,NA,NA,7.5,2,0,0,0,2,4,4,0,0,0,4,7,7,NA,NA,NA,7,10
"4",2002,6,7,1,7,NA,NA,NA,7,1,0,0,0,1,5,5,0,0,0,5,7,7,NA,NA,NA,7,13
"5",2002,7,6.5,2,7,6,NA,6,7,1,1,0,1,1,7,6,1,0,1,6,6.85714285714286,7,6,NA,6,7,14
"6",2002,10,9,1,9,NA,NA,9,NA,1,0,0,1,0,8,7,1,0,2,6,7.125,7.28571428571429,6,NA,7.5,7,17
"7",2002,11,8,1,NA,8,NA,NA,8,0,1,0,0,1,9,7,2,0,2,7,7.22222222222222,7.28571428571429,7,NA,7.5,7.14285714285714,18
"8",2002,12,7,1,7,NA,NA,NA,7,1,0,0,0,1,10,8,2,0,2,8,7.2,7.25,7,NA,7.5,7.125,19
"9",2003,1,6,1,6,NA,NA,6,NA,1,0,0,1,0,11,9,2,0,3,8,7.09090909090909,7.11111111111111,7,NA,7,7.125,20
"10",2003,2,4,1,NA,4,NA,4,NA,0,1,0,1,0,12,9,3,0,4,8,6.83333333333333,7.11111111111111,6,NA,6.25,7.125,21
"11",2003,3,5,1,NA,5,NA,NA,5,0,1,0,0,1,13,9,4,0,4,9,6.69230769230769,7.11111111111111,5.75,NA,6.25,6.88888888888889,22
"12",2003,4,5,1,5,NA,NA,5,NA,1,0,0,1,0,14,10,4,0,5,9,6.57142857142857,6.9,5.75,NA,6,6.88888888888889,23
"13",2003,5,7.33333333333333,3,7,7.5,NA,8.5,5,1,2,0,2,1,17,11,6,0,7,10,6.70588235294118,6.90909090909091,6.33333333333333,NA,6.71428571428571,6.7,24
"14",2003,6,6.5,2,7,6,NA,7,6,1,1,0,1,1,19,12,7,0,8,11,6.68421052631579,6.91666666666667,6.28571428571429,NA,6.75,6.63636363636364,25
"15",2003,7,6.7,5,6.83333333333333,6.5,7,6.75,6.66666666666667,3,2,1,2,3,24,15,9,1,10,14,6.6875,6.9,6.33333333333333,7,6.75,6.64285714285714,26
"16",2003,8,7.33333333333333,6,7.5,7,NA,7,7.5,4,2,0,2,4,30,19,11,1,12,18,6.81666666666667,7.02631578947368,6.45454545454545,7,6.79166666666667,6.83333333333333,27
"17",2003,9,6.1875,8,6.7,5.33333333333333,7,6.625,5.75,5,3,1,4,4,38,24,14,2,16,22,6.68421052631579,6.95833333333333,6.21428571428571,7,6.75,6.63636363636364,28
"18",2003,10,6.83333333333333,6,7,6,NA,6,7,5,1,0,1,5,44,29,15,2,17,27,6.70454545454545,6.96551724137931,6.2,7,6.70588235294118,6.7037037037037,29
"19",2003,11,6.75,4,7.25,6.25,6,6.25,7.25,2,2,1,2,2,48,31,17,3,19,29,6.70833333333333,6.98387096774194,6.20588235294118,6.66666666666667,6.65789473684211,6.74137931034483,30
"20",2003,12,6.5625,8,6.6,6.5,NA,7,5.83333333333333,5,3,0,5,3,56,36,20,3,24,32,6.6875,6.93055555555556,6.25,6.66666666666667,6.72916666666667,6.65625,31
"21",2004,1,7.4375,8,7.9,6.66666666666667,6.5,7.5,7.33333333333333,5,3,2,5,3,64,41,23,5,29,35,6.78125,7.04878048780488,6.30434782608696,6.6,6.86206896551724,6.71428571428571,32
"22",2004,2,6.55,10,6.64285714285714,6.33333333333333,NA,6.66666666666667,6.5,7,3,0,3,7,74,48,26,5,32,42,6.75,6.98958333333333,6.30769230769231,6.6,6.84375,6.67857142857143,33
"23",2004,3,6.42307692307692,13,6.41666666666667,6.5,NA,6.75,6.27777777777778,12,1,0,4,9,87,60,27,5,36,51,6.70114942528736,6.875,6.31481481481481,6.6,6.83333333333333,6.6078431372549,34
"24",2004,4,7.07692307692308,13,6.88888888888889,7.5,8,7.2,7,9,4,1,5,8,100,69,31,6,41,59,6.75,6.8768115942029,6.46774193548387,6.83333333333333,6.8780487804878,6.66101694915254,35
"25",2004,5,7.07142857142857,7,7.4,6.25,NA,7.1,7,5,2,0,5,2,107,74,33,6,46,61,6.77102803738318,6.91216216216216,6.45454545454545,6.83333333333333,6.90217391304348,6.67213114754098,36
"26",2004,6,6.41666666666667,6,7.25,6,NA,7.16666666666667,5.66666666666667,2,4,0,3,3,113,76,37,6,49,64,6.75221238938053,6.92105263157895,6.40540540540541,6.83333333333333,6.91836734693878,6.625,37
"27",2004,7,6.66666666666667,6,7,6,NA,6.75,6.5,4,2,0,4,2,119,80,39,6,53,66,6.74789915966387,6.925,6.38461538461539,6.83333333333333,6.90566037735849,6.62121212121212,38
"28",2004,8,6.33333333333333,6,6.2,7,NA,7,5.66666666666667,5,1,0,3,3,125,85,40,6,56,69,6.728,6.88235294117647,6.4,6.83333333333333,6.91071428571429,6.57971014492754,39
"29",2004,9,6.875,4,7.16666666666667,6,NA,7.75,6,3,1,0,2,2,129,88,41,6,58,71,6.73255813953488,6.89204545454545,6.39024390243902,6.83333333333333,6.93965517241379,6.56338028169014,40
"30",2004,10,6.2,5,6.5,5,NA,6.66666666666667,5.5,4,1,0,3,2,134,92,42,6,61,73,6.71268656716418,6.875,6.35714285714286,6.83333333333333,6.92622950819672,6.53424657534247,41
"31",2004,11,7.28571428571429,7,7.5,6,NA,NA,7.28571428571429,6,1,0,0,7,141,98,43,6,61,80,6.74113475177305,6.91326530612245,6.34883720930233,6.83333333333333,6.92622950819672,6.6,42
"32",2004,12,6.16666666666667,9,6.6,5.625,NA,6.33333333333333,6.08333333333333,5,4,0,3,6,150,103,47,6,64,86,6.70666666666667,6.89805825242718,6.28723404255319,6.83333333333333,6.8984375,6.56395348837209,43
"33",2005,1,6.875,16,7.2,6.33333333333333,5,6.9375,6.8125,10,6,1,8,8,166,113,53,7,72,94,6.72289156626506,6.92477876106195,6.29245283018868,6.57142857142857,6.90277777777778,6.58510638297872,44
"34",2005,2,6.85714285714286,14,6.875,6.83333333333333,6,6.88888888888889,6.8,8,6,2,9,5,180,121,59,9,81,99,6.73333333333333,6.92148760330578,6.34745762711864,6.44444444444444,6.90123456790123,6.5959595959596,45
"35",2005,3,7.16666666666667,9,7.21428571428571,7,NA,7.5,6.5,7,2,0,6,3,189,128,61,9,87,102,6.75396825396825,6.9375,6.36885245901639,6.44444444444444,6.94252873563218,6.59313725490196,46
"36",2005,4,6.42857142857143,14,6.9,5.25,NA,6.44444444444444,6.4,10,4,0,9,5,203,138,65,9,96,107,6.73152709359606,6.93478260869565,6.3,6.44444444444444,6.89583333333333,6.58411214953271,47
"37",2005,5,6.36363636363636,11,6.66666666666667,6,NA,6.4,6.33333333333333,6,5,0,5,6,214,144,70,9,101,113,6.71261682242991,6.92361111111111,6.27857142857143,6.44444444444444,6.87128712871287,6.57079646017699,48
"38",2005,6,6,5,7,5.33333333333333,NA,5.66666666666667,6.5,2,3,0,3,2,219,146,73,9,104,115,6.69634703196347,6.92465753424658,6.23972602739726,6.44444444444444,6.83653846153846,6.5695652173913,49
"39",2005,7,6.75,4,7,6.5,7,7,6,2,2,1,3,1,223,148,75,10,107,116,6.69730941704036,6.92567567567568,6.24666666666667,6.5,6.8411214953271,6.56465517241379,50
"40",2005,8,6.72727272727273,11,7.125,5.66666666666667,NA,7.3,6.25,8,3,0,5,6,234,156,78,10,112,122,6.69871794871795,6.93589743589744,6.22435897435897,6.5,6.86160714285714,6.54918032786885,51
"41",2005,9,7.04615384615385,13,7.14545454545455,6.5,6.5,7.16,6.66666666666667,11,2,2,10,3,247,167,80,12,122,125,6.717004048583,6.94970059880239,6.23125,6.5,6.88606557377049,6.552,52
"42",2005,10,6.27272727272727,11,6.625,5.33333333333333,NA,6,6.42857142857143,8,3,0,4,7,258,175,83,12,126,132,6.69806201550388,6.93485714285714,6.19879518072289,6.5,6.85793650793651,6.54545454545455,53
"43",2005,11,7.02307692307692,13,7.11818181818182,6.5,6,7.35714285714286,6.63333333333333,11,2,1,7,6,271,186,85,13,133,138,6.71365313653136,6.94569892473118,6.20588235294118,6.46153846153846,6.88421052631579,6.54927536231884,54
"44",2005,12,6.96428571428571,14,7.10909090909091,6.43333333333333,6,7.3125,6.5,11,3,1,8,6,285,197,88,14,141,144,6.7259649122807,6.95482233502538,6.21363636363636,6.42857142857143,6.90851063829787,6.54722222222222,55
"45",2006,1,6.45555555555556,18,6.85,5.66666666666667,6.33333333333333,6.625,6.32,12,6,3,8,10,303,209,94,17,149,154,6.70990099009901,6.9488038277512,6.17872340425532,6.41176470588235,6.89328859060403,6.53246753246753,56
"46",2006,2,6.29583333333333,12,6.39444444444444,6,NA,5.78571428571429,7.01,9,3,0,7,5,315,218,97,17,156,159,6.69412698412698,6.92591743119266,6.17319587628866,6.41176470588235,6.84358974358974,6.54748427672956,57
"47",2006,3,6.72222222222222,18,7.22222222222222,6.22222222222222,NA,6.71428571428571,6.72727272727273,9,9,0,7,11,333,227,106,17,163,170,6.69564564564564,6.93766519823788,6.17735849056604,6.41176470588235,6.83803680981595,6.55911764705882,58
"48",2006,4,6.3625,8,6.98,5.33333333333333,NA,6.31666666666667,6.5,5,3,0,6,2,341,232,109,17,169,172,6.68782991202346,6.9385775862069,6.15412844036697,6.41176470588235,6.81952662721894,6.55843023255814,59
"49",2006,5,6.78571428571429,7,6.9,6.5,NA,7.5,6.5,5,2,0,2,5,348,237,111,17,171,177,6.68979885057471,6.93776371308017,6.16036036036036,6.41176470588235,6.82748538011696,6.55677966101695,60
"50",2006,6,7.11363636363636,11,7.32142857142857,6.75,7.5,7.36111111111111,6,7,4,1,9,2,359,244,115,18,180,179,6.70278551532033,6.94877049180328,6.18086956521739,6.47222222222222,6.85416666666667,6.55055865921788,61
"51",2006,7,6.76666666666667,15,6.86363636363636,6.5,7,6.75,6.8,11,4,1,10,5,374,255,119,19,190,184,6.70534759358289,6.94509803921569,6.19159663865546,6.5,6.84868421052632,6.55733695652174,62
"52",2006,8,6.6,10,7.625,5.91666666666667,NA,6.1,7.1,4,6,0,5,5,384,259,125,19,195,189,6.70260416666667,6.95559845559846,6.1784,6.5,6.82948717948718,6.57169312169312,63
"53",2006,9,6.59090909090909,11,6.83333333333333,5.5,NA,6,6.92857142857143,9,2,0,4,7,395,268,127,19,199,196,6.69949367088608,6.95149253731343,6.16771653543307,6.5,6.81281407035176,6.5844387755102,64
"54",2006,10,6.81818181818182,11,6.83333333333333,6.8,NA,6.9,6.75,6,5,0,5,6,406,274,132,19,204,202,6.70270935960591,6.94890510948905,6.19166666666667,6.5,6.81495098039216,6.58935643564356,65
"55",2006,11,6.42857142857143,7,6.42857142857143,NA,NA,7.5,6,7,0,0,2,5,413,281,132,19,206,207,6.69806295399516,6.93594306049822,6.19166666666667,6.5,6.82160194174757,6.57512077294686,66
"56",2006,12,6.70416666666667,24,6.77222222222222,6.5,NA,7.03076923076923,6.31818181818182,18,6,0,13,11,437,299,138,19,219,218,6.69839816933638,6.92608695652174,6.20507246376812,6.5,6.83401826484018,6.56215596330275,67
"57",2007,1,6.95,42,7.13333333333333,6.27777777777778,6,7.10416666666667,6.74444444444444,33,9,1,24,18,479,332,147,20,243,236,6.72045929018789,6.94668674698795,6.20952380952381,6.475,6.86069958847737,6.5760593220339,68
"58",2007,2,6.5427452173913,23,6.796875,5.96187714285714,NA,6.33333333333333,6.77119454545455,16,7,0,12,11,502,348,154,20,255,247,6.71231701195219,6.93979885057471,6.19826714285714,6.475,6.83588235294118,6.58474955465587,69
"59",2007,3,6.99791666666667,24,7.371875,6.25,NA,7.125,6.87083333333333,16,8,0,12,12,526,364,162,20,267,259,6.72534817490494,6.95879120879121,6.20082185185185,6.475,6.84887640449438,6.5980044015444,70
"60",2007,4,6.66666666666667,18,6.79166666666667,6.41666666666667,6.5,6.91666666666667,6.16666666666667,12,6,2,12,6,544,376,168,22,279,265,6.72340650735294,6.95345744680851,6.20853059523809,6.47727272727273,6.85179211469534,6.58823826415094,71
"61",2007,5,6.82142857142857,14,6.85,6.75,6,6.83333333333333,6.8,10,4,1,9,5,558,386,172,23,288,270,6.72586584229391,6.95077720207254,6.22112290697674,6.45652173913043,6.85121527777778,6.59215977777778,72
"62",2007,6,6.72173913043478,23,6.95454545454545,6.50833333333333,6.65,6.9375,6.60666666666667,11,12,2,8,15,581,397,184,25,296,285,6.72570247848537,6.95088161209068,6.23985402173913,6.472,6.8535472972973,6.59292329824561,73
"63",2007,7,6.145,20,6.77777777777778,5.62727272727273,6.13333333333333,6.675,5.79166666666667,9,11,3,8,12,601,406,195,28,304,297,6.70637793677205,6.94704433497537,6.20529815384615,6.43571428571429,6.84884868421053,6.56054929292929,74
"64",2007,8,6.82592592592593,27,6.79444444444444,6.88888888888889,7,6.75384615384615,6.89285714285714,18,9,2,13,14,628,424,204,30,317,311,6.7115177388535,6.94056603773585,6.23545656862745,6.47333333333333,6.84495268138802,6.57550848874598,75
"65",2007,9,6.00588235294118,17,6.22857142857143,5.85,NA,6.125,5.72,7,10,0,12,5,645,431,214,30,329,316,6.69291959689922,6.92900232018562,6.21744457943925,6.47333333333333,6.81869300911854,6.56197196202532,76
"66",2007,10,6.79411764705882,17,6.95833333333333,6.4,6,7.33333333333333,6.1875,12,5,1,9,8,662,443,219,31,338,324,6.69551833836858,6.92979683972912,6.22161251141553,6.45806451612903,6.83239644970414,6.55272574074074,77
"67",2007,11,6.525,24,6.675,6.225,NA,6.55,6.475,16,8,0,16,8,686,459,227,31,354,332,6.68955268221574,6.92091503267974,6.22173189427313,6.45806451612903,6.81963276836158,6.5508528313253,78
"68",2007,12,6.59833333333333,30,6.82391304347826,5.85714285714286,7,6.17352941176471,7.15384615384615,23,7,2,17,13,716,482,234,33,371,345,6.6857306424581,6.91628630705394,6.21082538461538,6.49090909090909,6.7900269541779,6.57357431884058,79
"69",2008,1,6.35483870967742,31,6.63636363636364,5.66666666666667,5.75,6.125,6.5,22,9,2,12,19,747,504,243,35,383,364,6.67199884872825,6.90406746031746,6.19067135802469,6.44857142857143,6.7691906005222,6.5697339010989,80
"70",2008,2,6.6125,28,6.69722222222222,6.46,6.3,6.49375,6.77083333333333,18,10,5,16,12,775,522,253,40,399,376,6.66984921290323,6.89693486590038,6.20131675889328,6.43,6.75814536340852,6.57615196808511,81
"71",2008,3,6.5,9,6.71428571428571,5.75,NA,7,6.4375,7,2,0,1,8,784,529,255,40,400,384,6.66789941326531,6.8945179584121,6.19777701960784,6.43,6.75875,6.57326338541667,82
"72",2008,4,6.54,25,6.66666666666667,6.35,6,6.08333333333333,6.96153846153846,15,10,4,12,13,809,544,265,44,412,397,6.6639470210136,6.88823529411765,6.20352128301887,6.39090909090909,6.73907766990291,6.58597768261965,83
"73",2008,5,6.6875,16,6.5,7,NA,6.83333333333333,6.5,10,6,0,9,7,825,554,271,44,421,404,6.66440380606061,6.8812274368231,6.22115549815498,6.39090909090909,6.74109263657957,6.58448797029703,84
"74",2008,6,6.4,10,6.4,6.4,8,6,7,5,5,1,6,4,835,559,276,45,427,408,6.66123729341317,6.87692307692308,6.22439543478261,6.42666666666667,6.73067915690867,6.58856161764706,85
"75",2008,7,5.975,20,6.83333333333333,5.60714285714286,5.40909090909091,6.31818181818182,5.55555555555556,6,14,11,11,9,855,565,290,56,438,417,6.64518495906433,6.87646017699115,6.19459703448276,6.22678571428572,6.7203196347032,6.56626652278178,86
"76",2008,8,6.18823529411765,17,6.4375,5.96666666666667,5.73333333333333,6.63333333333333,5.6875,8,9,3,9,8,872,573,299,59,447,425,6.63627653669725,6.87033158813264,6.1877362541806,6.20169491525424,6.71856823266219,6.54972503529412,87
"77",2008,9,6.64705882352941,17,7.14285714285714,6.3,6.4,6.5,6.77777777777778,7,10,5,8,9,889,580,309,64,455,434,6.63648272215973,6.87362068965517,6.19136938511327,6.2171875,6.71472527472528,6.55445423963134,88
"78",2008,10,6.80711764705882,17,7.2821,6.12857142857143,5.8,6.89281818181818,6.65,10,7,5,11,6,906,590,316,69,466,440,6.6396844812362,6.88054406779661,6.18997829113924,6.18695652173913,6.71892918454936,6.55575713636364,89
"79",2008,11,7.45,10,7.6875,6.5,NA,6.875,7.83333333333333,8,2,0,4,6,916,598,318,69,470,446,6.64853072052402,6.89133946488294,6.19192811320755,6.18695652173913,6.72025744680851,6.57294426008969,90
"80",2008,12,6.81538461538462,13,7.125,6.67777777777778,6.62,7,6.73333333333333,4,9,5,4,9,929,602,327,74,474,455,6.65086559741658,6.89289202657807,6.20530012232416,6.21621621621622,6.72261814345992,6.57611679120879,91
"81",2009,1,6,8,6.75,5.25,6,5.33333333333333,6.4,4,4,3,3,5,937,606,331,77,477,460,6.64530858057631,6.89194884488449,6.19375570996979,6.20779220779221,6.71388050314466,6.57420247826087,92
"82",2009,2,6.42142857142857,14,6.75,6.175,6,6.66666666666667,6.35454545454545,6,8,2,3,11,951,612,339,79,480,471,6.64201276550999,6.89055718954249,6.19331309734513,6.20253164556962,6.71358541666667,6.56907248407643,93
"83",2009,3,6.30555555555556,18,6.6625,6.02,6.5,6.125,6.35714285714286,8,10,3,4,14,969,620,349,82,484,485,6.63576278637771,6.88761451612903,6.18834710601719,6.21341463414634,6.70872107438017,6.56295492783505,94
"84",2009,4,6.79166666666667,12,7.1,6.57142857142857,7,7.08333333333333,6.5,5,7,2,6,6,981,625,356,84,490,491,6.63766986748216,6.8893136,6.19587960674157,6.23214285714286,6.71330816326531,6.56218562118126,95
"85",2009,5,6.71052631578947,19,6.57142857142857,6.79166666666667,7,7.21428571428571,6.41666666666667,7,12,2,7,12,1000,632,368,86,497,503,6.63905414,6.88579272151899,6.21530744565217,6.25,6.72036418511067,6.55871399602386,96
"86",2009,6,7.2,16,6.92857142857143,7.41111111111111,6.9,7.23,7.15,7,9,2,10,6,1016,639,377,88,507,509,6.64788793307086,6.8862613458529,6.24385448275862,6.26477272727273,6.73041617357002,6.56568396856582,97
"87",2009,7,6.5,14,7.3,6.05555555555556,5.75,6.5,6.5,5,9,2,4,10,1030,644,386,90,511,519,6.64587780582524,6.88947360248447,6.23946409326425,6.25333333333333,6.72861252446184,6.56441838150289,98
"88",2009,8,6.8125,8,6.6,7.16666666666667,NA,7.125,6.5,5,3,0,4,4,1038,649,389,90,515,523,6.64716198458574,6.88724345146379,6.24661475578406,6.25333333333333,6.73169126213592,6.56392569789675,99
"89",2009,9,6.7,10,6.5,6.83333333333333,6.75,6.875,6.58333333333333,4,6,2,4,6,1048,653,395,92,519,529,6.64766616412214,6.88487136294028,6.25552693670886,6.26413043478261,6.732795761079,6.56414582230624,100
"90",2009,10,6.60833333333333,12,6.3,6.91666666666667,6,6.46666666666667,6.75,6,6,2,6,6,1060,659,401,94,525,535,6.64722088679245,6.87954628224583,6.26541930174564,6.25851063829787,6.72975428571429,6.5662301682243,101
"91",2009,11,6.18181818181818,22,6.75,5.85714285714286,6.4,6.65,5.79166666666667,8,14,5,10,12,1082,667,415,99,535,547,6.63775798521257,6.87799250374813,6.25164612048193,6.26565656565657,6.72826355140187,6.54923791590494,102
"92",2009,12,6.51904761904762,21,6.99090909090909,6,6,7,6.27857142857143,11,10,4,7,14,1103,678,425,103,542,561,6.63549786038078,6.87982448377581,6.24572503529412,6.25533980582524,6.73177306273063,6.54248331550802,103
"93",2010,1,6.25333333333333,15,6.4875,5.98571428571429,7,5.875,6.39090909090909,8,7,2,4,11,1118,686,432,105,546,572,6.6303704293381,6.87524927113703,6.24151189814815,6.26952380952381,6.72549633699634,6.53956842657343,104
"94",2010,2,6.1875,8,6.25,6.125,NA,6.5,6.14285714285714,4,4,0,1,7,1126,690,436,105,547,579,6.62722392539964,6.87162463768116,6.24044298165138,6.26952380952381,6.72508409506399,6.53477226252159,105
"95",2010,3,6.33333333333333,6,6.9,5.76666666666667,6,6.85,6.075,3,3,1,2,4,1132,693,439,106,549,583,6.62566620141343,6.87174747474748,6.23720533029613,6.26698113207547,6.72553916211294,6.53161773584906,106
"96",2010,4,6.14545454545455,11,6.72857142857143,5.125,7,6,6.2,7,4,1,3,8,1143,700,443,107,552,591,6.62104474190726,6.87031571428571,6.22716284424379,6.27383177570093,6.72159601449276,6.52712883248731,107
"97",2010,5,6.625,8,7.625,5.625,5,5.875,7.375,4,4,2,4,4,1151,704,447,109,556,595,6.62107223284101,6.87460369318182,6.22177436241611,6.25045871559633,6.71550539568346,6.53282880672269,108
"98",2010,6,7.66666666666667,6,7.66666666666667,7.66666666666667,8,7.5,7.75,3,3,1,2,4,1157,707,450,110,558,599,6.62649450302506,6.87796463932108,6.23140697777778,6.26636363636364,6.71831720430108,6.54095682804675,109
"99",2010,7,6.7,5,6.7,NA,NA,6.625,7,5,0,0,4,1,1162,712,450,110,562,600,6.62681079173838,6.87671488764045,6.23140697777778,6.26636363636364,6.71765302491103,6.5417219,110
"100",2010,8,6.1,5,6.25,6,NA,6,6.125,2,3,0,1,4,1167,714,453,110,563,604,6.62455367609254,6.8749593837535,6.2298744812362,6.26636363636364,6.716378330373,6.53896215231788,111
"101",2010,9,6.125,8,6.75,5.5,4,8,5.85714285714286,4,4,1,1,7,1175,718,457,111,564,611,6.62115245957447,6.87426323119777,6.22348608315098,6.24594594594595,6.71865425531915,6.53115080196399,112
"102",2010,10,5.95454545454545,11,7.25,5.21428571428571,3,7.5,5.61111111111111,4,7,2,2,9,1186,722,464,113,566,620,6.61496976391231,6.87634487534626,6.20826107758621,6.18849557522124,6.72141519434629,6.51779538709677,113
"103",2010,11,6.59722222222222,18,6.75,6.40625,6.66666666666667,6.78571428571429,6.47727272727273,10,8,3,7,11,1204,732,472,116,573,631,6.61470443521595,6.87461885245902,6.2116168220339,6.20086206896552,6.72220069808028,6.51708896988907,114
"104",2010,12,6.55315789473684,19,6.90066666666667,5.25,6,7.10714285714286,6.23,15,4,1,7,12,1223,747,476,117,580,643,6.61374827473426,6.87514190093708,6.20353600840336,6.1991452991453,6.72684655172414,6.51173116640747,115
"105",2011,1,6.56206896551724,29,6.77,6.1,7.5,6.5625,6.56153846153846,20,9,2,16,13,1252,767,485,119,596,656,6.61255123003195,6.87240026075619,6.20161472164948,6.22100840336135,6.72243456375839,6.51271820121951,116
"106",2011,2,6.49090909090909,22,6.50384615384615,6.47222222222222,6.75,6.575,6.42083333333333,13,9,4,10,12,1274,780,494,123,606,668,6.61045065934066,6.86625769230769,6.20654481781377,6.23821138211382,6.72000165016502,6.5110675748503,117
"107",2011,3,7.03703703703704,27,7.15625,6.86363636363636,7,7.13636363636364,6.96875,16,11,3,11,16,1301,796,505,126,617,684,6.61930372021522,6.87208668341709,6.2208577029703,6.25634920634921,6.72742463533226,6.52177359649123,118
"108",2011,4,6.156,25,6.375,5.95384615384615,5,6.16666666666667,6.15263157894737,12,13,4,6,19,1326,808,518,130,623,703,6.61056873303167,6.86470420792079,6.21415664092664,6.21769230769231,6.72202407704655,6.51179678520626,119
"109",2011,5,6.27727272727273,22,6.6,5.95454545454545,5.66666666666667,6.58333333333333,6.1625,11,11,3,6,16,1348,819,529,133,629,719,6.60512918397626,6.86114896214896,6.20875829867675,6.20526315789474,6.72070111287759,6.50402383866481,120
"110",2011,6,7.48571428571429,14,7.75454545454545,6.5,7.16666666666667,8,6.97142857142857,11,3,3,7,7,1362,830,532,136,636,726,6.6141807195301,6.87298915662651,6.21040063909775,6.22647058823529,6.73478144654088,6.50853049586777,121
"111",2011,7,5.96875,16,6.5,5.4375,5.5,5.92857142857143,6,8,8,2,7,9,1378,838,540,138,643,735,6.60668660377358,6.86942840095466,6.19895025925926,6.21594202898551,6.72600466562986,6.50230359183674,122
"112",2011,8,6.91666666666667,12,7.0625,6.625,NA,6.85714285714286,7,8,4,0,7,5,1390,846,544,138,650,740,6.60936269064748,6.87125413711584,6.20208297794118,6.21594202898551,6.72741692307693,6.50566640540541,123
"113",2011,9,6.75882352941176,17,6.94545454545455,6.41666666666667,6.75,7.2,6.45,11,6,2,7,10,1407,857,550,140,657,750,6.61116854299929,6.8722065344224,6.20442389090909,6.22357142857143,6.73245205479452,6.50492418666667,124
"114",2011,10,6.524,25,6.55454545454545,6.5,7,6,6.68947368421053,11,14,2,6,19,1432,868,564,142,663,769,6.60964674581005,6.86818087557604,6.21176088652482,6.23450704225352,6.72582352941177,6.50948392717816,125
"115",2011,11,6.46428571428571,14,6.25,6.625,6.75,5.75,6.75,6,8,2,4,10,1446,874,572,144,667,779,6.60823937759336,6.86393707093822,6.21754045454546,6.24166666666667,6.71997151424288,6.51257142490372,126
"116",2011,12,6.72352941176471,17,7.255,5.96428571428571,6.5,6.46428571428571,6.905,10,7,2,7,10,1463,884,579,146,674,789,6.6095790430622,6.86836085972851,6.21447865284974,6.24520547945205,6.71731602373887,6.51754517110266,127
"117",2012,1,6.4375,24,6.8,5.83333333333333,4,6.5,6.42857142857143,15,9,1,3,21,1487,899,588,147,677,810,6.60680170813719,6.86722024471635,6.20864479591837,6.22993197278912,6.71635302806499,6.51523844444445,128
"118",2012,2,6.21428571428571,14,6.625,6.05,4,5.5,6.61111111111111,4,10,1,5,9,1501,903,598,148,682,819,6.60314066622252,6.86614728682171,6.2059918729097,6.21486486486486,6.70743548387097,6.51629199023199,129
"119",2012,3,6.6047619047619,21,6.75,6.31428571428571,6,6.6875,6.55384615384615,14,7,1,8,13,1522,917,605,149,690,832,6.60316303547963,6.86437404580153,6.20724485950413,6.21342281879195,6.70720434782609,6.51687877403846,130
"120",2012,4,6.43076923076923,13,7.2,5.2,6.5,6.75,6.37272727272727,8,5,1,2,11,1535,925,610,150,692,843,6.6017030228013,6.86727675675676,6.19898875409836,6.21533333333333,6.70732803468208,6.51499779359431,131
"121",2012,5,6.15,8,6.5,6.03333333333333,5.5,6,6.3,2,6,2,4,4,1543,927,616,152,696,847,6.59936107582631,6.86648435814455,6.19737522727273,6.20592105263158,6.70326293103448,6.51398245572609,132
"122",2012,6,6.61111111111111,9,7,6.41666666666667,6.5,7,6.5,3,6,2,2,7,1552,930,622,154,698,854,6.59942921391753,6.86691505376344,6.19949057877814,6.20974025974026,6.70411318051576,6.51386784543326,133
"123",2012,7,6.71,11,6.71428571428571,6.7025,7,7.125,6.47285714285714,7,4,2,4,7,1563,937,626,156,702,861,6.60020738323736,6.86577481323373,6.20270469648562,6.21987179487179,6.7065113960114,6.51353442508711,134
"124",2012,8,7,11,6.8,7.16666666666667,NA,7.33333333333333,6.875,5,6,0,3,8,1574,942,632,156,705,869,6.60300135959339,6.86542569002123,6.21185623417722,6.21987179487179,6.70917872340426,6.51686207134638,135
"125",2012,9,6.23333333333333,12,6.7875,5.125,NA,5.23333333333333,6.56666666666667,8,4,0,3,9,1586,950,636,156,708,878,6.60020437578814,6.86476947368421,6.20502066037736,6.21987179487179,6.70292514124294,6.51737259681094,136
"126",2012,10,6.9375,8,7.375,6.5,8,5,7.21428571428571,4,4,2,1,7,1594,954,640,158,709,885,6.60189720200753,6.86690880503145,6.20686428125,6.24240506329114,6.70052327221439,6.5228849039548,137
"127",2012,11,6.645,20,7.07142857142857,5.65,3,7.18,6.46666666666667,14,6,1,5,15,1614,968,646,159,714,900,6.60243131350681,6.86986673553719,6.20169216718266,6.22201257861635,6.70388095238095,6.52194793333334,138
"128",2012,12,6.28125,16,6.6875,5.875,4.66666666666667,7.33333333333333,6.03846153846154,8,8,3,3,13,1630,976,654,162,717,913,6.59927861349693,6.86837192622951,6.19769593272171,6.19320987654321,6.70651464435147,6.51506368017525,139
"129",2013,1,6.86,25,7.13888888888889,6.14285714285714,NA,7.08333333333333,6.65384615384615,18,7,0,12,13,1655,994,661,162,729,926,6.60321700302115,6.87327062374246,6.19711518910741,6.19320987654321,6.71271742112483,6.51701203023758,140
"130",2013,2,7.09444444444444,18,7.33636363636364,6.71428571428571,6.66666666666667,7.41666666666667,6.93333333333333,11,7,3,6,12,1673,1005,668,165,735,938,6.60850217573222,6.87833930348259,6.20253464071856,6.20181818181818,6.71846394557823,6.52233810234542,141
"131",2013,3,6.30769230769231,13,6.33333333333333,6.3,6,6.5,6.27272727272727,3,10,1,2,11,1686,1008,678,166,737,949,6.60618276393831,6.87671726190476,6.20397218289085,6.20060240963856,6.71787109905021,6.51944482613277,142
"132",2013,4,6.82,10,6.95,6.625,NA,6.6,6.875,6,4,0,2,8,1696,1014,682,166,739,957,6.60744347877358,6.87715088757397,6.2064415542522,6.20060240963856,6.71755209742896,6.52241707419018,143
"133",2013,5,7.28,10,7.6,6.53333333333333,6,7.35,7.2625,7,3,1,2,8,1706,1021,685,167,741,965,6.61138577960141,6.88210675808031,6.20787319708029,6.19940119760479,6.71925910931174,6.52855247668394,144
"134",2013,6,6.63636363636364,11,6.57142857142857,6.75,NA,6,6.7,7,4,0,1,10,1717,1028,689,167,742,975,6.61154580081537,6.87999124513619,6.21102052249637,6.19940119760479,6.7182897574124,6.53031091282052,145
"135",2013,7,5.92864285714286,14,6.27281818181818,4.66666666666667,4.5,6.0002,5.88888888888889,11,3,2,5,9,1731,1039,692,169,747,984,6.60602261120739,6.87356304138595,6.20432534682081,6.1792899408284,6.71348326639893,6.52444424796748,146
"136",2013,8,6.43333333333333,15,6.375,6.66666666666667,7,NA,6.43333333333333,12,3,1,0,15,1746,1051,695,170,747,999,6.60453902634593,6.86787059942912,6.2063210647482,6.18411764705882,6.71348326639893,6.52307621621622,147
"137",2013,9,6.95454545454545,11,7.35714285714286,6.25,6.5,6.2,7.58333333333333,7,4,1,5,6,1757,1058,699,171,752,1005,6.60673030165054,6.87110775047259,6.20657101573677,6.1859649122807,6.71006914893617,6.52940610945274,148
"138",2013,10,6.1125,16,6.19166666666667,5.875,NA,6.55,5.85,12,4,0,6,10,1773,1070,703,171,758,1015,6.60227024252679,6.86348785046729,6.20468440967283,6.1859649122807,6.70880211081794,6.52271245320197,149
"139",2013,11,7.2,15,7.22727272727273,7.125,6.75,6.75,7.26923076923077,11,4,2,2,13,1788,1081,707,173,760,1028,6.60728475391499,6.86718963922294,6.20989128712871,6.19248554913295,6.70891052631579,6.53215285992218,150
"140",2013,12,6.76666666666667,15,7.45,5.4,5,6.4,6.95,10,5,1,5,10,1803,1091,712,174,765,1038,6.60861072656683,6.87253162236481,6.20420384831461,6.18563218390805,6.70689150326797,6.53617836223507,151
"141",2014,1,6.7125,16,6.33571428571429,7.00555555555556,7.16666666666667,6.53333333333333,6.75384615384615,7,9,3,3,13,1819,1098,721,177,768,1051,6.60952454095657,6.86910928961749,6.21420685159501,6.20225988700565,6.70621354166667,6.53887073263559,152
"142",2014,2,6.51875,16,7,6.0375,5.5,6.25,6.60833333333333,8,8,2,4,12,1835,1106,729,179,772,1063,6.60873304632152,6.87005605786619,6.21226768175583,6.19441340782123,6.70384974093264,6.53965488240828,153
"143",2014,3,7.11111111111111,9,7.125,7,NA,7,7.14285714285714,8,1,0,2,7,1844,1114,730,179,774,1070,6.611185,6.87188689407541,6.21334676712329,6.19441340782123,6.70461498708011,6.54360106542056,154
"144",2014,4,6.25,17,6.53,5.85,4.81666666666667,6.45,6.18846153846154,10,7,3,4,13,1861,1124,737,182,778,1083,6.60788562063407,6.86884519572954,6.20989571234735,6.1717032967033,6.7033059125964,6.53933807940905,155
"145",2014,5,6.52142857142857,14,7.58571428571429,5.45714285714286,5.25,6.7,6.42222222222222,7,7,4,5,9,1875,1131,744,186,783,1092,6.60724007466666,6.87328205128205,6.20281336021505,6.15188172043011,6.70328480204342,6.53837283882784,156
"146",2014,6,6.5,9,6.08333333333333,7.33333333333333,7,6.25,6.57142857142857,6,3,1,2,7,1884,1137,747,187,785,1099,6.60672778131635,6.86911345646438,6.20735360107095,6.15641711229947,6.70212993630573,6.53858338489536,157
"147",2014,7,6.42307692307692,13,6.94444444444444,5.25,NA,6.75,6.27777777777778,9,4,0,4,9,1897,1146,751,187,789,1108,6.60546923563521,6.86970506108203,6.20225451398136,6.15641711229947,6.70237262357415,6.53646492779784,158
"148",2014,8,7.07,20,7.28888888888889,6.89090909090909,6.5,7.275,7.01875,9,11,2,4,16,1917,1155,762,189,793,1124,6.6103156703182,6.87297142857143,6.21219572178478,6.16005291005291,6.70526103404792,6.54333019572954,159
"149",2014,9,6.35,10,6.33333333333333,6.35714285714286,6.5,NA,6.35,3,7,2,0,10,1927,1158,769,191,793,1134,6.60896478463933,6.87157340241797,6.21351513654096,6.16361256544503,6.70526103404792,6.54162534391535,160
"150",2014,10,6.55555555555556,9,6.66666666666667,6.33333333333333,6,6.75,6.4,6,3,1,4,5,1936,1164,772,192,797,1139,6.60871649793388,6.87051718213059,6.21398075129534,6.16276041666667,6.70548557089084,6.54100363476734,161
"151",2014,11,6.5,6,7.5,6,NA,7,6.25,2,4,0,2,4,1942,1166,776,192,799,1143,6.60838060762101,6.87159691252144,6.21287775773196,6.16276041666667,6.70622277847309,6.53998524934384,162
"152",2014,12,7.42857142857143,7,7.41666666666667,7.5,7.5,7.33333333333333,7.5,6,1,1,3,4,1949,1172,777,193,802,1147,6.61132639302206,6.87438737201366,6.21453428571429,6.16968911917099,6.70856857855362,6.54333316477768,163
"153",2015,1,6.45833333333333,18,7.09375,5.95,5,5.6,6.78846153846154,8,10,2,5,13,1967,1180,787,195,807,1160,6.60992635485511,6.87587457627119,6.21117298602287,6.15769230769231,6.70170012391574,6.54608029310345,164
"154",2015,2,6.9375,8,6.91666666666667,7,6,6.75,7.5,6,2,1,6,2,1975,1186,789,196,813,1162,6.61125323544304,6.87608094435076,6.21317254752852,6.15688775510204,6.70205658056581,6.547722151463,165
"155",2015,3,6.45454545454545,11,6.6,6.33333333333333,6.5,7,6.14285714285714,5,6,3,4,7,1986,1191,795,199,817,1169,6.61038526686807,6.87492191435769,6.21407942138365,6.16206030150754,6.7035152998776,6.5452978100941,166
"156",2015,4,6.9,8,6.66666666666667,7.04,7.5,7,6.88571428571429,3,5,2,1,7,1994,1194,800,201,818,1176,6.6115472116349,6.8743986599665,6.219241425,6.17537313432836,6.70387775061125,6.54732409863946,167
"157",2015,5,6.83333333333333,12,7.16666666666667,6.5,6.5,6.75,6.875,6,6,2,4,8,2006,1200,806,203,822,1184,6.61287394815553,6.87586,6.22133143920596,6.17857142857143,6.70410218978102,6.549538125,168
"158",2015,6,6.33333333333333,9,6.1,6.625,6,5.5,6.57142857142857,5,4,1,2,7,2015,1205,810,204,824,1191,6.6116253796526,6.87264066390042,6.22332486419753,6.17769607843137,6.70117961165049,6.54966678421495,169
"159",2015,7,6.6,19,7.27777777777778,5.99,6.125,6.72727272727273,6.425,9,10,4,11,8,2034,1214,820,208,835,1199,6.61151678466076,6.87564415156508,6.22047943902439,6.17668269230769,6.70152335329341,6.54883497914929,170
"160",2015,8,5.8625,16,6.14,5.4,2,5.725,5.90833333333333,10,6,1,4,12,2050,1224,826,209,839,1211,6.6056708,6.86963398692811,6.21451953995157,6.1566985645933,6.69686769964243,6.54248814203138,171
"161",2015,9,5.81111111111111,9,6.36,5.125,NA,5.45,6.1,5,4,0,4,5,2059,1229,830,209,843,1216,6.60219773676542,6.86756061838894,6.20926884337349,6.1566985645933,6.69095136417557,6.5406687006579,172
"162",2015,10,6.425,6,6.51,6,NA,7.275,6,5,1,0,2,4,2065,1234,831,209,845,1220,6.60168287651331,6.86611183144246,6.2090170156438,6.1566985645933,6.69233372781065,6.53889601639344,173
"163",2015,11,6.07142857142857,7,6.1,6,NA,7.25,5.6,5,2,0,2,5,2072,1239,833,209,847,1225,6.59989147683397,6.86302017756255,6.20851517406963,6.1566985645933,6.6936505312869,6.5350637877551,174
"164",2015,12,6.66666666666667,9,7,6.4,7.25,7.1,6.125,4,5,2,5,4,2081,1243,838,211,852,1229,6.60018026910139,6.86346098149638,6.2096576849642,6.16706161137441,6.69603521126761,6.53372916192026,175
"165",2016,1,6.54545454545455,11,6.8,6.33333333333333,7,6.75,6.5,5,6,1,2,9,2092,1248,844,212,854,1238,6.59989251434034,6.86320673076923,6.2105368957346,6.17099056603774,6.69616159250586,6.53348395799677,176
"166",2016,2,6.39545454545455,11,6.63888888888889,5.3,7.6,6.30833333333333,6.5,9,2,1,6,5,2103,1257,846,213,860,1243,6.59882317641464,6.86160063643596,6.20838432624113,6.17769953051643,6.69345581395349,6.53334926790024,177
"167",2016,3,6.65,14,7.17777777777778,5.7,5.16666666666667,6.65714285714286,6.64285714285714,9,5,3,7,7,2117,1266,851,216,867,1250,6.59916161549362,6.86384834123223,6.20539734430082,6.16365740740741,6.69316262975779,6.533962512,178
"168",2016,4,6.61111111111111,9,7.33333333333333,6.25,6.25,6,6.78571428571429,3,6,2,2,7,2126,1269,857,218,869,1257,6.59921220131702,6.86495823483058,6.20570961493582,6.1644495412844,6.69156731875719,6.53536447096261,179
"169",2016,5,7.15555555555556,9,7.48571428571429,6,NA,7.75,6.98571428571429,7,2,0,2,7,2135,1276,859,218,871,1264,6.60155744262295,6.86836363636364,6.20523066356228,6.1644495412844,6.69399770378875,6.53785849683544,180
"170",2016,6,6.02307692307692,13,6.66,5.625,5.66666666666667,5.5,6.25555555555556,5,8,3,4,9,2148,1281,867,221,875,1273,6.59805639664804,6.86755035128806,6.19987674740484,6.15769230769231,6.68853942857143,6.53586263943441,181
"171",2016,7,6.92857142857143,14,7.8,6.44444444444444,6.33333333333333,6.85714285714286,7,5,9,3,7,7,2162,1286,876,224,882,1280,6.60019664199815,6.87117573872473,6.20238942922374,6.16004464285714,6.68987755102041,6.538400890625,182
"172",2016,8,6.5,12,6.66666666666667,6.33333333333333,7,6.66666666666667,6.44444444444444,6,6,1,3,9,2174,1292,882,225,885,1289,6.59964357865685,6.87022600619195,6.20328020408163,6.16377777777778,6.6897988700565,6.53774487199379,183
"173",2016,9,7.07142857142857,7,7.33333333333333,6.875,6.5,7.5,6.75,3,4,2,3,4,2181,1295,886,227,888,1293,6.60115779000458,6.87129884169884,6.20631279909707,6.16674008810573,6.69253603603604,6.5384015003867,184
"174",2016,10,5.6,5,5,5.75,6,5.5,5.66666666666667,1,4,3,2,3,2186,1296,890,230,890,1296,6.59886785910338,6.86985493827161,6.20426195505618,6.1645652173913,6.68985617977528,6.53638359567901,185
"175",2016,11,6.84722222222222,18,6.921875,6.25,6.5,6.82142857142857,6.86363636363636,16,2,1,7,11,2204,1312,892,231,897,1307,6.6008961615245,6.87048932926829,6.20436450672646,6.16601731601732,6.69088294314382,6.53913782708493,186
"176",2016,12,6.29166666666667,12,6.25,6.3125,6.33333333333333,6.5,6.1875,4,8,3,4,8,2216,1316,900,234,901,1315,6.599221633574,6.86860334346505,6.20532571111111,6.16816239316239,6.69003551609323,6.53699858555133,187
"177",2017,1,6.5,11,6.5,6.5,NA,6.5,6.5,7,4,0,2,9,2227,1323,904,234,903,1324,6.59873154018859,6.86665306122449,6.20662957964602,6.16816239316239,6.6896146179402,6.53674708459214,188
"178",2017,2,6.96153846153846,13,7.71428571428571,6.08333333333333,3,7.5,6.72222222222222,7,6,1,4,9,2240,1330,910,235,907,1333,6.60083711607143,6.87111428571429,6.20581663736264,6.15468085106383,6.69318853362735,6.53799935483871,189
"179",2017,3,7,6,7.5,6.75,7,5,7.4,2,4,1,1,5,2246,1332,914,236,908,1338,6.60190344612644,6.87205855855856,6.20819818380744,6.15826271186441,6.69132378854626,6.54122058295964,190
"180",2017,4,6.625,16,6.54545454545455,6.8,7,7.5,6.5,11,5,1,2,14,2262,1343,919,237,910,1352,6.60206681697612,6.86938346984363,6.21141799782372,6.16181434599156,6.6931010989011,6.54079374260355,191
"181",2017,5,6.4375,8,7.75,6,7,7,6.35714285714286,2,6,1,1,7,2270,1345,925,238,911,1359,6.60148684581497,6.87069293680297,6.21004663783784,6.16533613445378,6.6934379802415,6.53984778513613,192
"182",2017,6,6.5,6,6.6,6,NA,6,6.75,5,1,0,2,4,2276,1350,926,238,913,1363,6.60121930579965,6.86969037037037,6.20981980561555,6.16533613445378,6.69191894852136,6.54046451944241,193
"183",2017,7,6.65555555555556,9,7.3,5.85,5,6.5,6.73333333333333,5,4,1,3,6,2285,1355,930,239,916,1369,6.60143332166302,6.87127822878229,6.20827219354839,6.16046025104603,6.6912903930131,6.54130981738495,194
"184",2017,8,6.684375,16,6.88333333333333,6.42857142857143,6,6.8125,6.64166666666667,9,7,1,4,12,2301,1364,937,240,920,1381,6.60201005649717,6.871357771261,6.20991797225187,6.15979166666667,6.69181739130435,6.54218185372918,195
"185",2017,9,6.61111111111111,9,7.375,6,NA,7,6.5625,4,5,0,1,8,2310,1368,942,240,921,1389,6.60204551515151,6.87283040935673,6.20880375796178,6.15979166666667,6.69215200868621,6.54229887688985,196
"186",2017,10,6.67142857142857,7,6.53333333333333,7.5,7.5,6.5,6.74,6,1,1,2,5,2317,1374,943,241,923,1394,6.60225513163573,6.87134788937409,6.21017300106044,6.16535269709544,6.69173564463706,6.54300799139168,197
"187",2017,11,6.8411875,16,6.95714285714286,6.751,6.16666666666667,6.76666666666667,6.85838461538462,7,9,3,3,13,2333,1381,952,244,926,1407,6.60389375910844,6.87178276611152,6.21528586134454,6.16536885245902,6.69197840172786,6.54592191897655,198
"188",2017,12,6.66666666666667,12,7.16666666666667,6.16666666666667,6.5,7,6.5,6,6,2,4,8,2345,1387,958,246,930,1415,6.60421498507462,6.87305839942322,6.21498135699374,6.16808943089431,6.69330322580645,6.54566228975265,199
"189",2018,1,6.67307692307692,13,6.91666666666667,6.125,6.25,6.4375,6.77777777777778,9,4,2,4,9,2358,1396,962,248,934,1424,6.60459463104325,6.87333954154728,6.21460721413721,6.16875,6.69220770877945,6.54712931179775,200
"190",2018,2,5.72727272727273,11,6.33333333333333,5.5,5.75,5.5,5.75,3,8,2,1,10,2369,1399,970,250,935,1434,6.60052095398902,6.8721815582559,6.20871354639175,6.1654,6.69093262032086,6.54157052998605,201
"191",2018,3,6.18181818181818,11,6.2,6.16666666666667,6.83333333333333,6.4,6,5,6,3,5,6,2380,1404,976,253,940,1440,6.59858577310924,6.86978774928775,6.20845506147541,6.17332015810277,6.68938510638298,6.53931398611111,202
"192",2018,4,6.66363636363636,11,NA,6.66363636363636,7,7.5,6.47777777777778,0,11,1,2,9,2391,1404,987,254,942,1449,6.59888504391468,6.86978774928775,6.21352800405268,6.17657480314961,6.69110615711253,6.53893177363699,203
"193",2018,5,7.05714285714286,14,7.05714285714286,7.05714285714286,5.5,6.2,7.2,7,7,2,2,12,2405,1411,994,256,944,1461,6.60155265696465,6.87071722182849,6.21946895372233,6.1712890625,6.6900656779661,6.54436149212868,204
"194",2018,6,6.75833333333333,12,6.6875,6.9,NA,7.3,6.65,8,4,0,2,10,2417,1419,998,256,946,1471,6.60233104675217,6.86968428470754,6.22219653306613,6.1712890625,6.69135517970402,6.54507963290279,205
"195",2018,7,7,6,7.5,6,NA,7,7,4,2,0,2,4,2423,1423,1000,256,948,1475,6.60331578208832,6.87145607870696,6.22175214,6.1712890625,6.69200632911393,6.54631331525424,206
"196",2018,8,7.01875,8,7.25,6.325,NA,6.93,7.16666666666667,6,2,0,5,3,2431,1429,1002,256,953,1478,6.60468290415467,6.8730454863541,6.22195822355289,6.1712890625,6.69325498426023,6.54757248985115,207
"197",2018,9,6.68181818181818,11,7,6.3,6.33333333333333,6.33333333333333,6.8125,6,5,3,3,8,2442,1435,1007,259,956,1486,6.60503036036036,6.87357630662021,6.22234571996028,6.17316602316602,6.69212552301255,6.54899874831763,208
"198",2018,10,5.51785714285714,14,5.80555555555556,5,5,6.35,5.05555555555556,9,5,1,5,9,2456,1444,1012,260,961,1495,6.59883311889251,6.86691966759003,6.21630646245059,6.16865384615385,6.69034547346514,6.54000812040134,209
"199",2018,11,6.78461538461538,13,7.675,6.38888888888889,6,7.33333333333333,6.62,4,9,1,3,10,2469,1448,1021,261,964,1505,6.5998113163224,6.86915193370166,6.21782775710088,6.16800766283525,6.69234647302905,6.54053962790698,210
"200",2018,12,6.86666666666667,9,7.4,6.2,5.5,8,6.725,5,4,2,1,8,2478,1453,1025,263,965,1513,6.60078052461662,6.87097866483139,6.21775818536585,6.16292775665399,6.69370155440415,6.54151496364838,211
"201",2019,1,6.84210526315789,19,7.67142857142857,6.35833333333333,8,6.9,6.82142857142857,7,12,2,5,14,2497,1460,1037,265,970,1527,6.60261679615538,6.87481643835617,6.21938489874638,6.17679245283019,6.69476494845361,6.54408129666012,212
"202",2019,2,6.42857142857143,7,7.5,6,4,6.33333333333333,6.5,2,5,1,3,4,2504,1462,1042,266,973,1531,6.60213024760383,6.87567168262654,6.21833218809981,6.16860902255639,6.69365056526208,6.54396612671457,213
"203",2019,3,7.26666666666667,9,7.6,6.85,6.5,7,7.4,5,4,1,3,6,2513,1467,1046,267,976,1537,6.60451020294469,6.87814042263122,6.22074774378585,6.16985018726592,6.69459221311476,6.54730783344177,214
"204",2019,4,7.35714285714286,7,7,7.83333333333333,6.5,7.66666666666667,7.125,4,3,1,3,4,2520,1471,1049,268,979,1541,6.60660084920635,6.87847178789939,6.22535952335558,6.17108208955224,6.69757099080695,6.54880735885788,215
"205",2019,5,6.62857142857143,14,6.96666666666667,6.375,6.5,5,6.9,6,8,1,2,12,2534,1477,1057,269,981,1553,6.60672223362273,6.87883006093433,6.22649209082308,6.17230483271376,6.69411009174312,6.5515210173857,216
"206",2019,6,7.2,10,7.8125,4.75,NA,9.5,6.94444444444444,8,2,0,1,9,2544,1485,1059,269,982,1562,6.60905430031446,6.88385993265993,6.22370362606232,6.17230483271376,6.69696741344196,6.55378498079385,217
"207",2019,7,6.97333333333333,15,7.37142857142857,6.625,7.33333333333333,7.5,6.89230769230769,7,8,3,2,13,2559,1492,1067,272,984,1575,6.61118958186791,6.88614745308311,6.2267124086223,6.18511029411765,6.69859959349594,6.55657913650794,218
"208",2019,8,6.93846153846154,13,7.46666666666667,5.75,NA,7.5,6.83636363636364,9,4,0,2,11,2572,1501,1071,272,986,1586,6.61284375583203,6.88962824783478,6.22493197012138,6.18511029411765,6.70022515212982,6.55851963430013,219
"209",2019,9,5.75,4,6,5.5,6,5.5,6,2,2,1,2,2,2576,1503,1073,273,988,1588,6.6115039363354,6.88844444444445,6.22358074557316,6.18443223443223,6.69779554655871,6.55781620906801,220
"210",2019,10,7.14285714285714,7,7.125,7.16666666666667,NA,6.5,7.25,4,3,0,1,6,2583,1507,1076,273,989,1594,6.61294391792489,6.88907232913073,6.22621016728624,6.18443223443223,6.69759555106168,6.56042166875784,221
"211",2019,11,7.225,8,7.3,7,7,6.5,7.46666666666667,6,2,1,2,6,2591,1513,1078,274,991,1600,6.61483370899266,6.89070191672175,6.22764576994434,6.18740875912409,6.69719677093845,6.5638200875,222
"212",2019,12,7.22222222222222,9,7.75,6.8,6,9.5,6.57142857142857,4,5,1,2,7,2600,1517,1083,275,993,1607,6.61693620769231,6.89296769940673,6.2302882179132,6.18672727272727,6.70284189325277,6.56385322962041,223
"213",2020,1,6.8283,10,7.04042857142857,6.33333333333333,NA,6.9566,6.7,7,3,0,5,5,2610,1524,1086,275,998,1612,6.61774603065134,6.89364501312336,6.23057287292818,6.18672727272727,6.70411322645291,6.56427552109181,224
"214",2020,2,6.85714285714286,7,7,6.5,NA,7,6.8,5,2,0,2,5,2617,1529,1088,275,1000,1617,6.61838637371035,6.8939928057554,6.23106814338235,6.18672727272727,6.704705,6.56500441558441,225
"215",2020,3,6.85714285714286,14,6.88888888888889,6.8,NA,8,6.76923076923077,9,5,0,1,13,2631,1538,1093,275,1001,1630,6.61965683770429,6.89396293888167,6.23367075937786,6.18672727272727,6.705999000999,6.56663321472393,226
"216",2020,4,7.258,10,7.385,6.75,6.5,8.33333333333333,6.79714285714286,8,2,1,3,7,2641,1546,1095,276,1004,1637,6.62207388867853,6.89650388098318,6.23461382648402,6.18786231884058,6.71086155378486,6.56761890042761,227
"217",2020,5,7,2,9,5,NA,NA,7,1,1,0,0,2,2643,1547,1096,276,1004,1639,6.6223598713583,6.89786360698126,6.2334873540146,6.18786231884058,6.71086155378486,6.56814651616839,228
"218",2020,6,5.51666666666667,6,5.525,5.5,6,4.33333333333333,6.7,4,2,1,3,3,2649,1551,1098,277,1007,1642,6.61985546998867,6.89432301740813,6.23215131147541,6.18718411552347,6.70377855014896,6.56838741778319,229
"219",2020,7,7.03333333333333,9,7.21428571428571,6.4,6.8,7.45,6.7,7,2,1,4,5,2658,1558,1100,278,1011,1647,6.62125550790067,6.89576059050064,6.23245649090909,6.18938848920863,6.7067309594461,6.56878697024894,230
"220",2020,8,6.35714285714286,7,7.1,4.5,5,5.75,6.6,5,2,1,2,5,2665,1563,1102,279,1013,1652,6.62056177861163,6.89641394753679,6.22931228675136,6.18512544802867,6.70484205330701,6.56888144067797,231
"221",2020,9,6.66666666666667,6,7.33333333333333,6,NA,7.25,6.375,3,3,0,2,4,2671,1566,1105,279,1015,1656,6.62066534631224,6.89725095785441,6.22868971945701,6.18512544802867,6.70591625615764,6.56841312801932,232
"222",2020,10,7,10,7.1,6.9,NA,7.5,6.875,5,5,0,2,8,2681,1571,1110,279,1017,1664,6.6220802461768,6.8978962444303,6.23171363963964,6.18512544802867,6.7074778761062,6.56988710336538,233
"223",2020,11,7.6,10,7.71428571428571,7.33333333333333,NA,8.5,7.21428571428571,7,3,0,3,7,2691,1578,1113,279,1020,1671,6.62571428465254,6.90151774397972,6.23468296495957,6.18512544802867,6.71275,6.57258655894674,234
"224",2020,12,7.1175,8,7.34857142857143,5.5,NA,7,7.13428571428571,7,1,0,1,7,2699,1585,1114,279,1021,1678,6.62717196739533,6.90349211356467,6.23402346499102,6.18512544802867,6.71303134182175,6.57492976162098,235
"225",2021,1,7.1,5,7,7.5,NA,8,6.5,4,1,0,2,3,2704,1589,1115,279,1023,1681,6.62804627958579,6.90373505349277,6.23515886995516,6.18512544802867,6.71554740957967,6.57479603807258,236
"226",2021,2,6.21428571428571,7,6.3,6,6,6,6.375,5,2,1,3,4,2711,1594,1117,280,1026,1685,6.62697791958686,6.90184127979925,6.23473781557744,6.18446428571429,6.71345516569201,6.57432174480712,237
"227",2021,3,6.78333333333333,6,6.74,7,NA,7.5,6.425,5,1,0,2,4,2717,1599,1118,280,1028,1689,6.62732320206109,6.90133520950594,6.23542230769231,6.18446428571429,6.71498540856031,6.57396811130847,238
"228",2021,4,6.75,6,6.25,7.75,7.5,NA,6.75,4,2,1,0,6,2723,1603,1120,281,1028,1695,6.62759351450606,6.89970991890206,6.23812691071428,6.18914590747331,6.71498540856031,6.57459123303835,239
"229",2021,5,7.05,8,7.375,6.725,6.9,7.25,6.98333333333333,4,4,1,2,6,2731,1607,1124,282,1030,1701,6.62883088246063,6.90089296826385,6.23985955516014,6.19166666666667,6.71602427184466,6.57603300411523,240
"230",2021,6,6.5,2,6,7,NA,6,7,1,1,0,1,1,2733,1608,1125,282,1031,1702,6.62873660446396,6.90033271144279,6.24053523555555,6.19166666666667,6.71532977691562,6.57628210340776,241
"231",2021,7,7.05,10,7.1875,6.5,NA,8,6.94444444444444,8,2,0,1,9,2743,1616,1127,282,1032,1711,6.63027238060517,6.90175433168317,6.24099568766637,6.19166666666667,6.7165746124031,6.57821866744594,242
"232",2021,8,6.35238095238095,21,7.28333333333333,5.11111111111111,5,5.07142857142857,6.99285714285714,12,9,1,7,14,2764,1628,1136,283,1039,1725,6.62816104920405,6.90456695331696,6.23204413732394,6.18745583038869,6.70549085659288,6.58158384927536,243
"233",2021,9,7,3,7,NA,NA,NA,7,3,0,0,0,3,2767,1631,1136,283,1039,1728,6.62856419949403,6.90474248927039,6.23204413732394,6.18745583038869,6.70549085659288,6.5823102662037,244
"234",2021,10,6.276,10,6.5,6.052,7,6.2,6.352,5,5,1,5,5,2777,1636,1141,284,1044,1733,6.62729461289161,6.9035055012225,6.23125516213847,6.19031690140845,6.70306992337165,6.58164578188113,245
"235",2021,11,6.4875,16,7.5375,5.4375,3,6,6.55714285714286,8,8,1,2,14,2793,1644,1149,285,1046,1747,6.62649378446115,6.90659063260341,6.22572858137511,6.17912280701754,6.70172562141492,6.58144942186606,246
"236",2021,12,7.05,10,7.91666666666667,5.75,6,6,7.16666666666667,6,4,1,1,9,2803,1650,1153,286,1047,1756,6.62800468783446,6.91026363636364,6.22407817866435,6.1784965034965,6.70105539637059,6.58444882687927,247
"237",2022,1,6.74615384615385,13,6.7125,6.8,6,6.64285714285714,6.86666666666667,8,5,3,7,6,2816,1658,1158,289,1054,1762,6.62855012073863,6.90930940892642,6.22656488773748,6.17664359861592,6.70066888045541,6.58540984108967,248
"238",2022,2,7.46428571428571,14,8.11111111111111,6.3,6,7.66666666666667,7.3125,9,5,4,6,8,2830,1667,1163,293,1060,1770,6.63268450176678,6.91579784043192,6.22688060189166,6.17423208191126,6.70613679245283,6.58869612429379,249
"239",2022,3,7.35526315789474,19,7.625,7.05555555555556,NA,7.75,7.28125,10,9,0,3,16,2849,1677,1172,293,1063,1786,6.63750338364338,6.92002683363149,6.23324414675768,6.17423208191126,6.70908278457197,6.59490041433371,250
"240",2022,4,7.36923076923077,13,7.9,6.52,NA,8.075,7.05555555555556,8,5,0,4,9,2862,1685,1177,293,1067,1795,6.640827092942,6.92467952522255,6.23446231096007,6.17423208191126,6.71420337394564,6.59721010584958,251
"241",2022,5,7.5859375,16,8.125,6.4,7,7.775,7.52291666666667,11,5,1,4,12,2878,1696,1182,294,1071,1807,6.64608135510771,6.93246462264151,6.23516255499154,6.17704081632653,6.71816526610645,6.60335757609297,252
"242",2022,6,6.8625,16,6.98,6.66666666666667,5,7,6.81666666666667,10,6,1,4,12,2894,1706,1188,295,1075,1819,6.64727786454734,6.93274325908558,6.23734186868687,6.17305084745763,6.71921395348838,6.60476478284772,253
"243",2022,7,6.975,16,7.44285714285714,6.61111111111111,4,6.8,7.05454545454545,7,9,1,5,11,2910,1713,1197,296,1080,1830,6.64907977319587,6.9348277875073,6.24015216374269,6.16570945945946,6.71958796296297,6.60746838251366,254
"244",2022,8,7.58955555555556,18,7.818,7.36111111111111,7.5,6.8905,7.78928571428571,9,9,1,4,14,2928,1722,1206,297,1084,1844,6.65486138661202,6.93944367015099,6.24851752902156,6.17020202020202,6.72021863468635,6.61644096529284,255
"245",2022,9,6.96875,16,7.4,6.25,6,7.08333333333333,6.9,10,6,2,6,10,2944,1732,1212,299,1090,1854,6.65656730298913,6.94210277136259,6.2485248679868,6.1690635451505,6.72221743119266,6.61797040992449,256
"246",2022,10,6.9375,16,7.6,6.63636363636364,7,7.3,6.77272727272727,5,11,2,5,11,2960,1737,1223,301,1095,1865,6.65808585810811,6.94399654576857,6.25201319705642,6.17458471760797,6.72485570776256,6.61888318498659,257
"247",2022,11,6.89473684210526,19,7.26923076923077,6.08333333333333,3,6.16666666666667,7.03125,13,6,1,3,16,2979,1750,1229,302,1098,1881,6.65959521315877,6.94641257142857,6.25118969894223,6.16407284768212,6.7233306010929,6.62239082402977,258
"248",2022,12,7.40625,16,7.54166666666667,7,8,7.16666666666667,7.55,12,4,1,6,10,2995,1762,1233,303,1104,1891,6.66358402003339,6.9504665153235,6.25361892944039,6.17013201320132,6.72574003623189,6.62729621364357,259
