"","year","month","avg_rating","no_ratings","avg_rating_owned","avg_rating_not_owned","avg_rating_prev_owned","avg_rating_comment","avg_rating_no_comment","no_ratings_owned","no_ratings_not_owned","no_ratings_prev_owned","no_ratings_comment","no_ratings_no_comment","cum_no_ratings","cum_no_ratings_owned","cum_no_ratings_not_owned","cum_no_ratings_prev_owned","cum_no_ratings_comment","cum_no_ratings_no_comment","cum_avg_rating","cum_avg_rating_owned","cum_avg_rating_not_owned","cum_avg_rating_prev_owned","cum_avg_rating_comment","cum_avg_rating_no_comment","month_after_release"
"1",2008,12,8,5,9,7.33333333333333,8,7,8.66666666666667,2,3,1,2,3,5,2,3,1,2,3,8,9,7.33333333333333,8,7,8.66666666666667,0
"2",2009,1,7.63157894736842,19,8.38888888888889,6.95,8.5,6.9,7.89285714285714,9,10,4,5,14,24,11,13,5,7,17,7.70833333333333,8.5,7.03846153846154,8.4,6.92857142857143,8.02941176470588,1
"3",2009,2,6.995,20,8.41666666666667,6.38571428571429,NA,6.67142857142857,7.16923076923077,6,14,0,7,13,44,17,27,5,14,30,7.38409090909091,8.47058823529412,6.7,8.4,6.8,7.65666666666667,2
"4",2009,3,6.66666666666667,9,6.66666666666667,6.66666666666667,NA,6,6.75,3,6,0,1,8,53,20,33,5,15,38,7.2622641509434,8.2,6.69393939393939,8.4,6.74666666666667,7.46578947368421,3
"5",2009,4,6.88095238095238,21,7.63636363636364,6.05,6.1,7.3,6.75,11,10,5,5,16,74,31,43,10,20,54,7.15405405405405,8,6.54418604651163,7.25,6.885,7.2537037037037,4
"6",2009,5,6.97619047619048,21,8.2,5.86363636363636,6,6.61111111111111,7.25,10,11,1,9,12,95,41,54,11,29,66,7.11473684210526,8.04878048780488,6.40555555555556,7.13636363636364,6.8,7.2530303030303,5
"7",2009,6,7.13333333333333,21,7.5,6.4,6.8,6,7.4,14,7,1,4,17,116,55,61,12,33,83,7.11810344827586,7.90909090909091,6.40491803278688,7.10833333333333,6.7030303030303,7.28313253012048,6
"8",2009,7,7.03846153846154,13,7,7.08333333333333,9,6,7.35,7,6,2,3,10,129,62,67,14,36,93,7.11007751937985,7.80645161290323,6.46567164179104,7.37857142857143,6.64444444444444,7.29032258064516,7
"9",2009,8,6.79545454545455,11,7.25,6.625,5.5,NA,6.79545454545455,3,8,2,0,11,140,65,75,16,36,104,7.08535714285714,7.78076923076923,6.48266666666667,7.14375,6.64444444444444,7.23798076923077,8
"10",2009,9,7.49611111111111,18,7.83333333333333,7.15888888888889,6,8,7.46647058823529,9,9,3,1,17,158,74,84,19,37,121,7.13215189873418,7.78716216216216,6.55511904761905,6.96315789473684,6.68108108108108,7.2700826446281,9
"11",2009,10,6.96458333333333,24,7.5125,6.41666666666667,6.75,7.025,6.94444444444444,12,12,8,6,18,182,86,96,27,43,139,7.11005494505495,7.74883720930233,6.5378125,6.9,6.72906976744186,7.22791366906475,10
"12",2009,11,7.06666666666667,15,7.4,6.4,7.25,6.625,7.22727272727273,10,5,2,4,11,197,96,101,29,47,150,7.10675126903553,7.7125,6.5309900990099,6.92413793103448,6.72021276595745,7.22786666666667,11
"13",2009,12,6.68,25,7.15625,5.83333333333333,6,6.625,6.70588235294118,16,9,7,8,17,222,112,110,36,55,167,7.05869369369369,7.63303571428571,6.47390909090909,6.74444444444444,6.70636363636364,7.17473053892216,12
"14",2010,1,7.52083333333333,24,8.19230769230769,6.72727272727273,7.125,6.83333333333333,7.61904761904762,13,11,4,3,21,246,125,121,40,58,188,7.10378048780488,7.6912,6.49694214876033,6.7825,6.71293103448276,7.22436170212766,13
"15",2010,2,7.91666666666667,6,8,7.75,7.75,8.16666666666667,7.66666666666667,4,2,2,3,3,252,129,123,42,61,191,7.12313492063492,7.70077519379845,6.51731707317073,6.82857142857143,6.7844262295082,7.23130890052356,14
"16",2010,3,7.36928571428571,14,7.8,6.2925,6,7.5,7.3475,10,4,1,2,12,266,139,127,43,63,203,7.13609022556391,7.70791366906475,6.51023622047244,6.8093023255814,6.80714285714286,7.23817733990148,15
"17",2010,4,7.73529411764706,17,8.38888888888889,7,6.8,8.375,7.53846153846154,9,8,5,4,13,283,148,135,48,67,216,7.17208480565371,7.74932432432433,6.53925925925926,6.80833333333333,6.90074626865672,7.25625,16
"18",2010,5,6.68,15,7.45,6.16666666666667,8,6.25,6.96666666666667,6,9,2,6,9,298,154,144,50,73,225,7.14731543624161,7.73766233766234,6.51597222222222,6.856,6.8472602739726,7.24466666666667,17
"19",2010,6,6.945,20,7.7,5.8125,NA,6.75,7.02857142857143,12,8,0,6,14,318,166,152,50,79,239,7.13459119496856,7.73493975903615,6.47894736842105,6.856,6.83987341772152,7.23200836820084,18
"20",2010,7,7.53846153846154,26,8.42083333333333,6.78214285714286,6.58333333333333,8.375,7.38636363636364,12,14,3,4,22,344,178,166,53,83,261,7.16511627906977,7.7811797752809,6.50451807228916,6.84056603773585,6.91385542168675,7.24501915708812,19
"21",2010,8,7.5,18,7.92857142857143,7.22727272727273,7.28571428571429,NA,7.5,7,11,7,0,18,362,185,177,60,83,279,7.18176795580111,7.78675675675676,6.54943502824859,6.8925,6.91385542168675,7.26146953405018,20
"22",2010,9,7.15740740740741,27,7.68421052631579,5.90625,5,6.8,7.23863636363636,19,8,4,5,22,389,204,185,64,88,301,7.18007712082262,7.77720588235294,6.52162162162162,6.77421875,6.90738636363636,7.25980066445183,21
"23",2010,10,7.77692307692308,26,8.44444444444444,7.42352941176471,6.91666666666667,8,7.74782608695652,9,17,6,3,23,415,213,202,70,91,324,7.21746987951807,7.80539906103286,6.59752475247525,6.78642857142857,6.94340659340659,7.29444444444444,22
"24",2010,11,7.40588235294118,34,7.64736842105263,7.1,7.33333333333333,7.8125,7.28076923076923,19,15,6,8,26,449,232,217,76,99,350,7.23173719376392,7.79245689655172,6.63225806451613,6.82960526315789,7.01363636363636,7.29342857142857,23
"25",2010,12,6.96111111111111,36,7.64,6.47619047619048,6.7,7.8,6.8258064516129,15,21,10,5,31,485,247,238,86,104,381,7.21164948453608,7.7831983805668,6.61848739495798,6.81453488372093,7.05144230769231,7.25538057742782,24
"26",2011,1,7.53684210526316,19,7.94444444444444,7.17,8,7.5,7.55,9,10,2,5,14,504,256,248,88,109,395,7.22390873015873,7.7888671875,6.64072580645161,6.84147727272727,7.07201834862385,7.26582278481013,25
"27",2011,2,7.44166666666667,36,8.08235294117647,6.86842105263158,7.5,7.72222222222222,7.34814814814815,17,19,10,9,27,540,273,267,98,118,422,7.23842592592593,7.80714285714286,6.65692883895131,6.90867346938775,7.12161016949152,7.27109004739336,26
"28",2011,3,7.43,35,8.95833333333333,6.63260869565217,6.25,6.96428571428571,7.54642857142857,12,23,7,7,28,575,285,290,105,125,450,7.25008695652174,7.85561403508772,6.655,6.8647619047619,7.1128,7.28822222222222,27
"29",2011,4,7.3390243902439,41,7.73478260869565,6.83333333333333,8.5,6.94545454545455,7.48333333333333,23,18,4,11,30,616,308,308,109,136,480,7.25600649350649,7.84659090909091,6.66542207792208,6.92477064220183,7.09926470588235,7.30041666666667,28
"30",2011,5,7.25,73,7.94864864864865,6.53194444444444,6.9375,6.9625,7.33070175438596,37,36,8,16,57,689,345,344,117,152,537,7.25537010159652,7.85753623188406,6.65145348837209,6.92564102564103,7.08486842105263,7.3036312849162,29
"31",2011,6,7.63362068965517,58,8.28676470588235,6.70833333333333,6.57142857142857,7.3,7.66509433962264,34,24,7,5,53,747,379,368,124,157,590,7.28473895582329,7.89604221635884,6.65516304347826,6.90564516129032,7.09171974522293,7.33610169491525,30
"32",2011,7,7.22222222222222,45,7.58823529411765,7,6.8,6.92857142857143,7.27631578947368,17,28,9,7,38,792,396,396,133,164,628,7.28118686868687,7.88282828282828,6.67954545454545,6.8984962406015,7.08475609756097,7.33248407643312,31
"33",2011,8,7.14153846153846,65,7.83125,6.47272727272727,6.99642857142857,6.77647058823529,7.27083333333333,32,33,14,17,48,857,428,429,147,181,676,7.2705950991832,7.87897196261682,6.66363636363636,6.9078231292517,7.05580110497238,7.32810650887574,32
"34",2011,9,7.640625,64,8,7.23333333333333,7.4,8.03846153846154,7.53921568627451,34,30,10,13,51,921,462,459,157,194,727,7.29630836047774,7.88787878787879,6.70087145969499,6.93917197452229,7.12164948453608,7.34291609353508,33
"35",2011,10,7.11607142857143,56,7.68,6.66129032258065,7.15384615384615,7.7,6.98913043478261,25,31,13,10,46,977,487,490,170,204,773,7.28597748208802,7.87720739219712,6.69836734693877,6.95558823529412,7.15,7.32186287192756,34
"36",2011,11,6.53,60,7.38148148148148,5.83333333333333,5.5,5.84375,6.77954545454545,27,33,11,16,44,1037,514,523,181,220,817,7.24223722275796,7.8511673151751,6.64378585086042,6.86712707182321,7.055,7.29265605875153,35
"37",2011,12,7.17721518987342,79,7.79756097560976,6.5078947368421,7.04166666666667,6.9625,7.20140845070423,41,38,12,8,71,1116,555,561,193,228,888,7.23763440860215,7.84720720720721,6.63458110516934,6.8779792746114,7.05175438596491,7.28536036036036,36
"38",2012,1,7.1463768115942,69,7.71111111111111,6.53030303030303,7.0625,7.22727272727273,7.13103448275862,36,33,8,11,58,1185,591,594,201,239,946,7.23232067510548,7.83891708967851,6.62878787878788,6.88532338308458,7.05983263598326,7.27589852008457,37
"39",2012,2,7.12142857142857,56,7.64444444444444,6.63448275862069,7.07777777777778,6.92727272727273,7.16888888888889,27,29,18,11,45,1241,618,623,219,250,991,7.2273166800967,7.83042071197411,6.62905296950241,6.90114155251142,7.054,7.27103935418769,38
"40",2012,3,7.20530303030303,66,7.31060606060606,7.1,7.45384615384615,6.64615384615385,7.34245283018868,33,33,13,13,53,1307,651,656,232,263,1044,7.22620504973221,7.80407066052227,6.65274390243902,6.93211206896552,7.03384030418251,7.27466475095786,39
"41",2012,4,7.35677966101695,59,8.23548387096774,6.38392857142857,6.63235294117647,7.40277777777778,7.33658536585366,31,28,17,18,41,1366,682,684,249,281,1085,7.2318448023426,7.82368035190616,6.64173976608187,6.91164658634538,7.05747330960854,7.27700460829493,40
"42",2012,5,7.28723404255319,47,8.34090909090909,6.36,6.66666666666667,6.41666666666667,7.41463414634146,22,25,6,6,41,1413,704,709,255,287,1126,7.23368719037509,7.83984375,6.6318053596615,6.90588235294118,7.04407665505227,7.28201598579041,41
"43",2012,6,6.81666666666667,42,7.21428571428571,6.41904761904762,6.5,5.72222222222222,7.11515151515152,21,21,7,9,33,1455,725,730,262,296,1159,7.22164948453608,7.82172413793103,6.62568493150685,6.89503816793893,7.00388513513514,7.27726488352028,42
"44",2012,7,6.99666666666667,54,7.53571428571429,6.41615384615385,7,6.5,7.10954545454545,28,26,11,10,44,1509,753,756,273,306,1203,7.21359840954274,7.81108897742364,6.61847883597884,6.8992673992674,6.9874183006536,7.27113050706567,43
"45",2012,8,7.52258064516129,62,7.95151515151515,7.03448275862069,7,7.54166666666667,7.518,33,29,6,12,50,1571,786,785,279,318,1253,7.2257924888606,7.81698473282443,6.63384713375796,6.90143369175627,7.00833333333333,7.28098164405427,44
"46",2012,9,7.32941176470588,51,7.86206896551724,6.62727272727273,7.01111111111111,8.35,7.19333333333333,29,22,9,6,45,1622,815,807,288,324,1298,7.22905055487053,7.81858895705521,6.63366790582404,6.90486111111111,7.03317901234568,7.27794298921418,45
"47",2012,10,7.27063492063492,63,7.78571428571429,6.85857142857143,6.75357142857143,7.52272727272727,7.21730769230769,28,35,14,11,52,1685,843,842,302,335,1350,7.23060534124629,7.81749703440095,6.64301662707839,6.89784768211921,7.04925373134328,7.27560740740741,46
"48",2012,11,7.2875,64,7.65405405405405,6.78518518518518,6.75,7.20714285714286,7.31,37,27,10,14,50,1749,880,869,312,349,1400,7.23268724985706,7.810625,6.64743383199079,6.89310897435897,7.05558739255014,7.27683571428571,47
"49",2012,12,7.18857142857143,70,7.89183673469388,5.54761904761905,7,6.83,7.24833333333333,49,21,7,10,60,1819,929,890,319,359,1460,7.23098955470038,7.81490850376749,6.62148314606742,6.89545454545455,7.04930362116992,7.27566438356164,48
"50",2013,1,7.21234567901235,81,7.56382978723404,6.72647058823529,6.8,8.1,7.08732394366197,47,34,15,10,71,1900,976,924,334,369,1531,7.2301947368421,7.80281762295082,6.62534632034632,6.89116766467066,7.07777777777778,7.26693011103854,49
"51",2013,2,7.1135593220339,59,7.99393939393939,5.99615384615385,5.8,5.4,7.46326530612245,33,26,10,10,49,1959,1009,950,344,379,1580,7.22668198060235,7.80906838453915,6.60812631578947,6.8594476744186,7.0335092348285,7.27301898734177,50
"52",2013,3,7.21666666666667,66,7.81666666666667,6.71666666666667,6.42666666666667,7.26,7.20392156862745,30,36,15,15,51,2025,1039,986,359,394,1631,7.22635555555555,7.80928777670837,6.6120892494929,6.84136490250696,7.04213197969543,7.27085836909871,51
"53",2013,4,7.35932203389831,59,7.65,6.83333333333333,7.22727272727273,7.58181818181818,7.30833333333333,38,21,11,11,48,2084,1077,1007,370,405,1679,7.23011996161228,7.80366759517177,6.61670307845084,6.85283783783784,7.05679012345679,7.27192972007147,52
"54",2013,5,7.30144927536232,69,7.75135135135135,6.78125,6.78947368421053,7.3,7.30185185185185,37,32,19,15,54,2153,1114,1039,389,420,1733,7.23240594519275,7.80192998204668,6.62177093358999,6.84974293059126,7.06547619047619,7.27286208886324,53
"55",2013,6,7.00357142857143,56,7.578125,6.2375,6.53846153846154,7.18181818181818,6.96,32,24,13,11,45,2209,1146,1063,402,431,1778,7.22660479855138,7.79568062827225,6.61309501411101,6.83967661691542,7.06844547563805,7.26494375703037,54
"56",2013,7,6.60714285714286,56,6.8448275862069,6.35185185185185,6.15384615384615,6.5,6.62244897959184,29,27,13,7,49,2265,1175,1090,415,438,1827,7.21128918322296,7.77221276595745,6.60662385321101,6.81819277108434,7.05936073059361,7.24771209633279,55
"57",2013,8,7.16911764705882,68,7.84848484848485,6.52857142857143,6.4375,7.96875,6.92307692307692,33,35,16,16,52,2333,1208,1125,431,454,1879,7.21006000857265,7.77429635761589,6.60419555555556,6.80406032482599,7.09140969162996,7.23872804683342,56
"58",2013,9,6.93559322033898,59,7.31111111111111,6.61875,6.25454545454545,6.94285714285714,6.93461538461538,27,32,11,7,52,2392,1235,1157,442,461,1931,7.20329013377926,7.76417004048583,6.60459809853068,6.79038461538462,7.08915401301519,7.23053858104609,57
"59",2013,10,6.76148648648649,74,6.83125,6.67941176470588,6.84736842105263,6.94444444444444,6.73615384615385,40,34,19,9,65,2466,1275,1191,461,470,1996,7.19003244120032,7.73490196078431,6.60673383711167,6.79273318872017,7.0863829787234,7.21443887775551,58
"60",2013,11,7.06623376623377,77,7.61388888888889,6.58536585365854,6.79166666666667,6.16666666666667,7.18529411764706,36,41,24,9,68,2543,1311,1232,485,479,2064,7.18628391663389,7.73157894736842,6.60602272727273,6.79268041237113,7.06910229645094,7.21347868217054,59
"61",2013,12,7.16987179487179,78,7.32159090909091,6.97352941176471,7.00714285714286,6.09166666666667,7.36590909090909,44,34,14,12,66,2621,1355,1266,499,491,2130,7.18579549790156,7.71826568265682,6.61589257503949,6.79869739478958,7.04521384928717,7.21820187793427,60
"62",2014,1,6.92772727272727,110,7.409375,6.25760869565217,6.71052631578947,7.06666666666667,6.90578947368421,64,46,19,15,95,2731,1419,1312,518,506,2225,7.17540095203222,7.70433403805497,6.60333079268293,6.79546332046332,7.04584980237154,7.20486292134831,61
"63",2014,2,6.84375,72,7.27027027027027,6.39285714285714,5.86764705882353,5.8,6.92164179104478,37,35,17,5,67,2803,1456,1347,535,511,2292,7.16688191223689,7.69330357142857,6.59786191536748,6.76598130841122,7.03365949119374,7.19658376963351,62
"64",2014,3,6.694,50,7.496,5.892,6,6.75,6.68333333333333,25,25,8,8,42,2853,1481,1372,543,519,2334,7.15859446196985,7.68997299122215,6.585,6.75469613259669,7.02928709055877,7.18734790059983,63
"65",2014,4,7.26597222222222,72,7.70897435897436,6.74242424242424,6.5,7.05,7.3008064516129,39,33,14,10,62,2925,1520,1405,557,529,2396,7.1612376068376,7.69046052631579,6.5886975088968,6.74829443447038,7.0296786389414,7.19028380634391,64
"66",2014,5,7.43265306122449,49,7.77391304347826,7.13076923076923,6.63636363636364,7.8,7.38139534883721,23,26,11,6,43,2974,1543,1431,568,535,2439,7.16570948217888,7.69170447180816,6.5985464709993,6.74612676056338,7.03831775700935,7.19365313653137,65
"67",2014,6,7.12727272727273,55,7.328125,6.84782608695652,7.0625,7,7.14893617021277,32,23,8,8,47,3029,1575,1454,576,543,2486,7.16501155496864,7.68431746031746,6.60248968363136,6.75052083333333,7.0377532228361,7.1928077232502,66
"68",2014,7,7.02727272727273,44,7.35925925925926,6.5,6.92857142857143,6.75,7.10882352941176,27,17,7,10,34,3073,1602,1471,583,553,2520,7.16303937520338,7.67883895131086,6.60130523453433,6.75265866209262,7.03254972875226,7.1916746031746,67
"69",2014,8,6.75962264150943,53,7.11607142857143,6.3604,7.08333333333333,7.81111111111111,6.54454545454545,28,25,12,9,44,3126,1630,1496,595,562,2564,7.15619961612284,7.6691717791411,6.59727941176471,6.75932773109244,7.04501779359431,7.18056942277691,68
"70",2014,9,6.99134615384615,52,7.32142857142857,6.60625,7.11666666666667,6.91666666666667,7.00108695652174,28,24,6,6,46,3178,1658,1520,601,568,2610,7.15350220264317,7.66329915560917,6.59742105263158,6.76289517470882,7.04366197183099,7.1774061302682,69
"71",2014,10,7.08482142857143,56,7.39166666666667,6.73076923076923,6.91666666666667,6.8,7.11274509803922,30,26,12,5,51,3234,1688,1546,613,573,2661,7.15231292517007,7.65847156398104,6.59966364812419,6.76590538336052,7.04153577661431,7.17616685456595,70
"72",2014,11,6.64788461538462,52,7.30769230769231,5.98807692307692,6.54166666666667,6,6.73239130434783,26,26,6,6,46,3286,1714,1572,619,579,2707,7.14433049300061,7.65315052508751,6.58954834605598,6.76373182552504,7.0307426597582,7.16862578500185,71
"73",2014,12,6.77777777777778,54,7.06896551724138,6.44,6.3,6.9,6.76530612244898,29,25,15,5,49,3340,1743,1597,634,584,2756,7.13840419161676,7.64343086632243,6.58720726361928,6.75276025236593,7.02962328767123,7.16145500725689,72
"74",2015,1,6.9718085106383,94,7.29716981132075,6.55121951219512,6.47619047619048,6.78571428571429,6.9867816091954,53,41,21,7,87,3434,1796,1638,655,591,2843,7.13384391380314,7.6332126948775,6.58630647130647,6.74389312977099,7.02673434856176,7.15610974322898,73
"75",2015,2,6.63529411764706,51,7.04166666666667,6.27407407407407,6.20454545454545,6.59375,6.64302325581395,24,27,11,8,43,3485,1820,1665,666,599,2886,7.12654806312769,7.62541208791209,6.58124324324324,6.73498498498498,7.02095158597663,7.148465003465,74
"76",2015,3,6.6140350877193,57,7.13939393939394,5.89166666666667,6.07692307692308,6.33333333333333,6.64705882352941,33,24,13,6,51,3542,1853,1689,679,605,2937,7.11830039525691,7.61675661090124,6.57144464179988,6.72238586156112,7.01413223140496,7.13975825672455,75
"77",2015,4,6.71415094339623,53,7.16964285714286,6.204,6.19230769230769,6.35,6.79883720930233,28,25,13,10,43,3595,1881,1714,692,615,2980,7.1123421418637,7.61010101010101,6.56608518086348,6.71242774566474,7.00333333333333,7.1348389261745,76
"78",2015,5,6.89573170731707,41,7.27386363636364,6.45789473684211,7.66666666666667,6.5,6.91602564102564,22,19,6,2,39,3636,1903,1733,698,617,3019,7.10989961496149,7.60621387283237,6.56489901904212,6.72063037249284,7.0017017828201,7.13201225571381,77
"79",2015,6,6.6025641025641,39,7.16666666666667,5.94444444444444,6.42857142857143,5.8,6.72058823529412,21,18,7,5,34,3675,1924,1751,705,622,3053,7.1045156462585,7.60141632016632,6.5585208452313,6.7177304964539,6.99204180064309,7.12743039633148,78
"80",2015,7,6.75588235294118,51,7.204,6.325,6.60416666666667,7.3875,6.63837209302326,25,26,12,8,43,3726,1949,1777,717,630,3096,7.09974369296833,7.59631862493586,6.55510410804727,6.71582984658298,6.99706349206349,7.12063791989664,79
"81",2015,8,6.90555555555556,54,6.92972972972973,6.85294117647059,7,6.33333333333333,6.97708333333333,37,17,12,6,48,3780,1986,1794,729,636,3144,7.09696957671957,7.58389979859013,6.55792642140468,6.72050754458162,6.99080188679245,7.11844624681934,80
"82",2015,9,6.77805555555556,36,7.16470588235294,6.43210526315789,6.57142857142857,6.75,6.7815625,17,19,7,4,32,3816,2003,1813,736,640,3176,7.0939609538784,7.58034198701947,6.55660783232212,6.71908967391304,6.989296875,7.11505195214106,81
"83",2015,10,6.39344262295082,61,6.61111111111111,6.08,6.35,5.86363636363636,6.51,36,25,10,11,50,3877,2039,1838,746,651,3226,7.0829391281919,7.5632295242766,6.55012513601741,6.71414209115281,6.97027649769585,7.10567420954743,82
"84",2015,11,6.56181818181818,55,6.56,6.56333333333333,6.77272727272727,7,6.518,25,30,11,5,50,3932,2064,1868,757,656,3276,7.0756497965412,7.55107800387597,6.55033725910064,6.71499339498019,6.97050304878049,7.09670482295482,83
"85",2015,12,6.52211538461538,52,6.87037037037037,6.146,6.71111111111111,6,6.55408163265306,27,25,9,3,49,3984,2091,1893,766,659,3325,7.0684249497992,7.54228837876614,6.54499735868991,6.71494778067885,6.96608497723824,7.08870827067669,84
"86",2016,1,6.22537313432836,67,6.34827586206897,6.13157894736842,5.57142857142857,7.01111111111111,6.10344827586207,29,38,14,9,58,4051,2120,1931,780,668,3383,7.05448160947914,7.52595518867924,6.53686172967374,6.69442307692308,6.96669161676647,7.07181643511676,85
"87",2016,2,6.07258064516129,31,5.91666666666667,6.21875,6.41666666666667,5.375,6.17592592592593,15,16,6,4,27,4082,2135,1947,786,672,3410,7.04702474277315,7.51464871194379,6.53424756034925,6.69230279898219,6.95721726190476,7.06472287390029,86
"88",2016,3,6.94,45,7.48888888888889,6.11666666666667,5.75,6.5,6.96046511627907,27,18,8,2,43,4127,2162,1965,794,674,3453,7.04585776593167,7.5143270120259,6.53042239185751,6.68280856423174,6.95586053412463,7.06342455835505,87
"89",2016,4,6.39024390243902,41,6.825,5.97619047619048,5.64285714285714,6.625,6.36486486486486,20,21,7,4,37,4168,2182,1986,801,678,3490,7.03940858925144,7.5080087076077,6.52456193353474,6.67372034956305,6.95390855457227,7.05601862464183,88
"90",2016,5,6.39166666666667,48,6.62222222222222,6.09523809523809,5.6,6.35,6.40263157894737,27,21,10,10,38,4216,2209,2007,811,688,3528,7.03203391840607,7.49718198279765,6.52006975585451,6.66048088779285,6.94513081395349,7.0489810090703,89
"91",2016,6,6.11212121212121,33,6.41875,5.82352941176471,5.64285714285714,6.66666666666667,6.05666666666667,16,17,7,3,30,4249,2225,2024,818,691,3558,7.02488938573782,7.48942696629213,6.51421936758893,6.65177261613692,6.94392185238785,7.04061410905003,90
"92",2016,7,6.37551020408163,49,6.70454545454545,6.10740740740741,5.5125,6.64285714285714,6.33095238095238,22,27,8,7,42,4298,2247,2051,826,698,3600,7.01748604001861,7.48174232309746,6.50886396879571,6.64073849878935,6.94090257879656,7.03233472222222,91
"93",2016,8,6.67,50,6.70588235294118,6.59375,7.125,8,6.64285714285714,34,16,8,1,49,4348,2281,2067,834,699,3649,7.01349011039558,7.47017755370451,6.50952104499274,6.64538369304556,6.94241773962804,7.0271046862154,92
"94",2016,9,6.16071428571429,42,6.56,5.57352941176471,5.96875,6.25,6.15384615384615,25,17,8,3,39,4390,2306,2084,842,702,3688,7.00533143507973,7.46031006071119,6.50188579654511,6.63895486935867,6.93945868945869,7.01787011930586,93
"95",2016,10,6.52,25,6.54166666666667,6.5,5.8125,6,6.61904761904762,12,13,8,4,21,4415,2318,2097,850,706,3709,7.0025832389581,7.45555435720449,6.50187410586552,6.63117647058824,6.93413597733711,7.01561202480453,94
"96",2016,11,6.66739130434783,46,6.828,6.47619047619048,6.1875,6.725,6.65526315789474,25,21,8,8,38,4461,2343,2118,858,714,3747,6.99912687738175,7.44885830132309,6.5016194523135,6.62703962703963,6.93179271708684,7.01195756605284,95
"97",2016,12,6.05681818181818,44,6.22222222222222,5.79411764705882,6.14285714285714,7.125,5.95,27,17,7,4,40,4505,2370,2135,865,718,3787,6.98992341842397,7.43488396624473,6.49598594847775,6.62312138728324,6.93286908077995,7.00074069184051,96
"98",2017,1,6.66270833333333,48,7.17142857142857,5.9505,5,7.09,6.55026315789474,28,20,6,10,38,4553,2398,2155,871,728,3825,6.98647375356907,7.43180775646372,6.49092343387471,6.61194029850746,6.93502747252747,6.99626535947713,97
"99",2017,2,5.95185185185185,27,6.26111111111111,5.33333333333333,5,6,5.948,18,9,5,2,25,4580,2416,2164,876,730,3850,6.98037445414847,7.42308567880795,6.48610905730129,6.6027397260274,6.93246575342466,6.98945844155844,98
"100",2017,3,6.30454545454545,44,6.60645161290323,5.58461538461538,5.52,6.17777777777778,6.33714285714286,31,13,10,9,35,4624,2447,2177,886,739,3885,6.97394355536332,7.41274008990601,6.48072576940744,6.59051918735892,6.92327469553451,6.98358172458173,99
"101",2017,4,6.34444444444444,36,6.31052631578947,6.38235294117647,5.5,5.6,6.46451612903226,19,17,6,5,31,4660,2466,2194,892,744,3916,6.969080472103,7.40424776966748,6.47996353691887,6.58318385650224,6.91438172043011,6.97947267620021,100
"102",2017,5,6.1,30,6.615,5.07,6,5.3,6.22307692307692,20,10,3,4,26,4690,2486,2204,895,748,3942,6.96352132196162,7.3978982300885,6.47356624319419,6.58122905027933,6.90574866310161,6.97448376458651,101
"103",2017,6,6.31875,32,6.35263157894737,6.26923076923077,6.41666666666667,6.1,6.33333333333333,19,13,6,2,30,4722,2505,2217,901,750,3972,6.95915184243964,7.38997005988024,6.47236806495264,6.58013318534961,6.9036,6.9696412386707,102
"104",2017,7,6.89428571428571,28,7.23764705882353,6.36363636363636,6.07142857142857,9,6.8162962962963,17,11,7,1,27,4750,2522,2228,908,751,3999,6.95876947368421,7.38894329896907,6.47183123877917,6.57621145374449,6.9063914780293,6.96860590147537,103
"105",2017,8,6.95151515151515,33,7.53333333333333,6.46666666666667,6.78571428571429,7,6.94285714285714,15,18,7,5,28,4783,2537,2246,915,756,4027,6.9587194229563,7.38979700433583,6.47178984861977,6.57781420765027,6.90701058201058,6.9684268686367,104
"106",2017,9,6.75,35,6.85416666666667,6.52272727272727,7.05,8.33333333333333,6.6015625,24,11,5,3,32,4818,2561,2257,920,759,4059,6.95720319634703,7.38477743069114,6.47203810367745,6.58038043478261,6.91264822134388,6.96553461443705,105
"107",2017,10,6.246875,32,6.9,5.59375,5.16666666666667,7.33333333333333,5.99615384615385,16,16,9,6,26,4850,2577,2273,929,765,4085,6.95251649484536,7.38176755917734,6.46585569731632,6.56668460710441,6.9159477124183,6.95936474908201,106
"108",2017,11,6.40625,32,6.52631578947368,6.23076923076923,5.9375,5.875,6.48214285714286,19,13,8,4,28,4882,2596,2286,937,769,4113,6.94893588693159,7.37550654853621,6.46451881014873,6.56131270010672,6.91053315994799,6.9561159737418,107
"109",2017,12,6.56071428571429,28,6.75,6.22,8,6.25,6.58461538461538,18,10,2,2,26,4910,2614,2296,939,771,4139,6.94672199592668,7.37119931140015,6.46345383275261,6.56437699680511,6.90881971465629,6.95378231456874,108
"110",2018,1,6.04054054054054,37,6.5,5.65,5.80769230769231,5.5,6.14516129032258,17,20,13,6,31,4947,2631,2316,952,777,4170,6.93994441075399,7.3655701254276,6.45642918825561,6.55404411764706,6.8979407979408,6.94777098321343,109
"111",2018,2,6.51304347826087,23,6.84285714285714,6,6.66666666666667,4,6.75238095238095,14,9,6,2,21,4970,2645,2325,958,779,4191,6.93796881287726,7.3628034026465,6.4546623655914,6.55474947807933,6.89050064184853,6.94679193509902,110
"112",2018,3,6.31485714285714,35,7.125,5.23466666666667,5.62,5.4,6.46733333333333,20,15,10,5,30,5005,2665,2340,968,784,4221,6.93361138861139,7.36101876172608,6.44684188034188,6.54509297520661,6.88099489795919,6.94338426913054,111
"113",2018,4,6.40916666666667,24,6.82,6.11571428571429,6.3,5,6.4704347826087,10,14,5,1,23,5029,2675,2354,973,785,4244,6.9311085702923,7.35899626168224,6.44487255734919,6.54383350462487,6.87859872611465,6.9408211592837,112
"114",2018,5,6.21052631578947,19,6.57692307692308,5.41666666666667,5.66666666666667,5,6.35294117647059,13,6,3,2,17,5048,2688,2360,976,787,4261,6.92839639461173,7.35521391369048,6.44225847457627,6.54113729508197,6.87382465057179,6.93847570992725,113
"115",2018,6,6.9,22,7.23571428571429,6.3125,5.33333333333333,7.46,6.73529411764706,14,8,3,5,17,5070,2702,2368,979,792,4278,6.92827317554241,7.35459474463361,6.44182010135135,6.53743615934627,6.87752525252526,6.9376683029453,114
"116",2018,7,5.6625,16,6.28888888888889,4.85714285714286,5.25,NA,5.6625,9,7,4,0,16,5086,2711,2375,983,792,4294,6.92429119150609,7.35105680560679,6.43714947368421,6.5321973550356,6.87752525252526,6.93291686073591,115
"117",2018,8,6.06666666666667,15,6.28571428571429,5.875,6.83333333333333,6.66666666666667,5.91666666666667,7,8,3,3,12,5101,2718,2383,986,795,4306,6.92176926092923,7.34831309786608,6.43526227444398,6.53311359026369,6.87672955974843,6.93008476544357,116
"118",2018,9,6.63888888888889,18,7.04166666666667,5.83333333333333,5,2,6.91176470588235,12,6,1,1,17,5119,2730,2389,987,796,4323,6.92077456534479,7.3469652014652,6.43375052323148,6.53156028368794,6.87060301507538,6.93001272264631,117
"119",2018,10,6.59354838709677,31,6.8047619047619,6.15,6.91666666666667,7.14285714285714,6.43333333333333,21,10,6,7,24,5150,2751,2399,993,803,4347,6.91880485436893,7.34282624500182,6.4325677365569,6.53388721047331,6.87297633872977,6.92727053140097,118
"120",2018,11,7.275,20,7.39285714285714,7,6.33333333333333,6.5,7.41176470588235,14,6,3,3,17,5170,2765,2405,996,806,4364,6.92018278529981,7.34307956600362,6.43398336798337,6.53328313253012,6.87158808933003,6.92915788267645,119
"121",2018,12,6.02173913043478,23,6.7,5.5,5.5,5,6.11904761904762,10,13,6,2,21,5193,2775,2418,1002,808,4385,6.91620354323127,7.34076216216216,6.42896195202647,6.52709580838323,6.86695544554456,6.92527822120867,120
"122",2019,1,6.23461538461538,26,6.34615384615385,6.12307692307692,6.25,7.33333333333333,6.09130434782609,13,13,8,3,23,5219,2788,2431,1010,811,4408,6.91280800919716,7.33612446197991,6.42732620320856,6.52490099009901,6.86868064118373,6.92092672413793,121
"123",2019,2,6.54707586206897,29,6.94117647058824,5.98876666666667,5.67065,8.33333333333333,6.34096923076923,17,12,8,3,26,5248,2805,2443,1018,814,4434,6.91078700457317,7.33373083778966,6.42517200163733,6.51818781925344,6.87407862407863,6.91752598105548,122
"124",2019,3,5.82352941176471,17,6.8,4.42857142857143,3.75,5.75,5.84615384615385,10,7,4,4,13,5265,2815,2450,1022,818,4447,6.90727639126306,7.33183481349911,6.41946742857143,6.50735342465753,6.86858190709047,6.9143940184394,123
"125",2019,4,6.26,25,6.56666666666667,5.8,7,5.375,6.42857142857143,15,10,3,4,21,5290,2830,2460,1025,822,4468,6.90421742911153,7.32777915194346,6.41694926829269,6.50879531707317,6.86131386861314,6.9121106087735,124
"126",2019,5,6.68241379310345,29,7.26611111111111,5.72727272727273,5.5,6,6.7916,18,11,6,4,25,5319,2848,2471,1031,826,4493,6.90300812182741,7.32738939606742,6.41387907729665,6.50292453928225,6.85714285714286,6.91144006231916,125
"127",2019,6,6.75,18,7.11111111111111,6.38888888888889,6.21428571428571,5.5,6.90625,9,9,7,2,16,5337,2857,2480,1038,828,4509,6.90249207419899,7.32670808540427,6.41378838709678,6.50097803468208,6.85386473429952,6.9114216455977,126
"128",2019,7,5.54761904761905,21,6.5,3.64285714285714,4.33333333333333,7.5,5.34210526315789,14,7,3,2,19,5358,2871,2487,1041,830,4528,6.89718182157521,7.32267676767677,6.40598922396462,6.49473121998079,6.85542168674699,6.90483661660778,127
"129",2019,8,6.16918918918919,37,6.22,6.06333333333333,6.2,6.16666666666667,6.16941176470588,25,12,5,3,34,5395,2896,2499,1046,833,4562,6.89218910101946,7.3131578038674,6.40434381752701,6.4933223709369,6.85294117647059,6.89935558965366,128
"130",2019,9,6.58947368421053,19,6.65384615384615,6.45,5.85,NA,6.58947368421053,13,6,2,0,19,5414,2909,2505,1048,833,4581,6.8911267454747,7.31021141285665,6.4044531736527,6.49209465648855,6.85294117647059,6.89807033398821,129
"131",2019,10,5.96875,16,6.5,5.28571428571429,5.5,5.625,6.08333333333333,9,7,2,4,12,5430,2918,2512,1050,837,4593,6.88840887661142,7.30771247429746,6.40133566878981,6.49020495238095,6.84707287933095,6.895941693882,130
"132",2019,11,6.32068965517241,29,6.85714285714286,5.82,5.88,8,6.1962962962963,14,15,10,2,27,5459,2932,2527,1060,839,4620,6.88539296574464,7.30556105047749,6.3978849228334,6.48444830188679,6.84982121573302,6.89185285714286,131
"133",2019,12,6.2,19,6.5,5.7875,6,8,6.1,11,8,3,1,18,5478,2943,2535,1063,840,4638,6.88301573566995,7.30255011892627,6.39595865877712,6.48308109125118,6.85119047619048,6.88877968952135,132
"134",2020,1,6.05128205128205,39,6.45238095238095,5.58333333333333,5.55555555555556,6,6.05714285714286,21,18,9,4,35,5517,2964,2553,1072,844,4673,6.87713616095704,7.29652665317139,6.39022922052488,6.47529402985075,6.84715639810427,6.88255086668093,133
"135",2020,2,6.63361111111111,36,6.9875,5.92583333333333,6.5,5.7,6.7841935483871,24,12,5,5,31,5553,2988,2565,1077,849,4704,6.8755573924005,7.29404451137885,6.38805660818714,6.475408727948,6.84040047114252,6.88190267857143,134
"136",2020,3,6.79333333333333,24,7.00266666666667,6.44444444444444,7,6.5,6.852,15,9,4,4,20,5577,3003,2574,1081,853,4724,6.87520355029586,7.29258907758908,6.38825376845377,6.47734986123959,6.8388042203986,6.88177607959357,135
"137",2020,4,6.63863806451613,31,6.889889,6.18181818181818,5.25,7.5,6.4319112,20,11,4,6,25,5608,3023,2585,1085,859,4749,6.87389585948645,7.28992483625538,6.38737531914894,6.47282506912442,6.84342258440047,6.87940787113077,136
"138",2020,5,6.34375,24,6.85,5.5,5.33333333333333,5,6.40217391304348,15,9,3,1,23,5632,3038,2594,1088,860,4772,6.87163671519886,7.28775272547729,6.3842965304549,6.46968308823529,6.84127906976744,6.87710770746019,137
"139",2020,6,6.3775,24,6.7,6.14714285714286,5.72,6.65,6.28666666666667,10,14,3,6,18,5656,3048,2608,1091,866,4790,6.86953995403112,7.28582440288714,6.38302346625767,6.46762163153071,6.83995381062356,6.87488893110647,138
"140",2020,7,6.2047619047619,21,6.88461538461539,5.1,5,6.75,6.14736842105263,13,8,3,2,19,5677,3061,2616,1094,868,4809,6.86708084903999,7.28412047696831,6.3790998470948,6.4635970749543,6.8397465437788,6.87201455188189,139
"141",2020,8,6.46842105263158,19,6.55625,6,5,7,6.40588235294118,16,3,1,2,17,5696,3077,2619,1095,870,4826,6.86575104985955,7.28033564510887,6.37866559755632,6.462260456621,6.84011494252874,6.87037256112723,140
"142",2020,9,6.45833333333333,24,6.71428571428571,6.1,5.33333333333333,6,6.5,14,10,6,2,22,5720,3091,2629,1101,872,4848,6.86404160489511,7.27777184729861,6.37760562951693,6.45610826521344,6.8381880733945,6.86869182755776,141
"143",2020,10,6.38888888888889,18,6.38461538461539,6.4,6.75,6.5,6.375,13,5,4,2,16,5738,3104,2634,1105,874,4864,6.86255105960265,7.27403117912371,6.37764813971147,6.45717212669683,6.83741418764302,6.8670678412829,142
"144",2020,11,6.2,10,7.66666666666667,5.57142857142857,5.5,NA,6.2,3,7,4,0,10,5748,3107,2641,1109,874,4874,6.86139839596381,7.27441029288703,6.37551124574025,6.45371974752029,6.83741418764302,6.86569921624949,143
"145",2020,12,6.02083333333333,24,6.32142857142857,5.6,4.66666666666667,6,6.02173913043478,14,10,3,1,23,5772,3121,2651,1112,875,4897,6.85790332293832,7.27013546299263,6.37258589211619,6.44889856115108,6.83645714285714,6.86173534408822,144
"146",2021,1,6.16666666666667,27,6.90625,5.09090909090909,5.4,6,6.1875,16,11,5,3,24,5799,3137,2662,1117,878,4921,6.85468494223142,7.26827949633408,6.36728970698723,6.44420340196956,6.83359908883827,6.85844705954075,145
"147",2021,2,6.39473684210526,19,6.57692307692308,6,6,7,6.36111111111111,13,6,2,1,18,5818,3150,2668,1119,879,4939,6.85318287727742,7.26542627936508,6.36646371814093,6.44340947274352,6.83378839590444,6.85663453735574,146
"148",2021,3,5.725,20,6.07692307692308,5.07142857142857,5.125,5.875,5.6875,13,7,4,4,16,5838,3163,2675,1123,883,4955,6.84931791366907,7.26054150490041,6.3630748411215,6.43871344612645,6.82944507361269,6.85285932996973,147
"149",2021,4,6.03125,16,6.25,5.8125,5.7,7,5.89285714285714,8,8,5,2,14,5854,3171,2683,1128,885,4969,6.84708199180048,7.25799204667298,6.36143317182259,6.4354390070922,6.82983050847458,6.85015455423627,148
"150",2021,5,6.00384615384615,26,6.09411764705882,5.83333333333333,7.16666666666667,6.275,5.95454545454545,17,9,3,4,22,5880,3188,2692,1131,889,4991,6.84335339795918,7.25178569008783,6.3596676077266,6.43737860300619,6.8273340832396,6.84620676818273,149
"151",2021,6,6.27857142857143,14,6,6.55714285714286,6.75,4,6.45384615384615,7,7,4,1,13,5894,3195,2699,1135,890,5004,6.84201187309128,7.24904312363067,6.36017977028529,6.43848035242291,6.82415730337079,6.84518744604317,150
"152",2021,7,6.72727272727273,11,6.8,6.66666666666667,7.5,6.33333333333333,6.875,5,6,2,3,8,5905,3200,2705,1137,893,5012,6.84179813378493,7.24834149375,6.36085959334566,6.44034758135444,6.82250839865622,6.84523503192339,151
"153",2021,8,6.21739130434783,23,6.63636363636364,5.83333333333333,5.4375,6.33333333333333,6.2,11,12,8,3,20,5928,3211,2717,1145,896,5032,6.83937550269906,7.24624502647151,6.35852970187707,6.4333407860262,6.82087053571429,6.84267050476948,152
"154",2021,9,6.75944444444444,18,6.31818181818182,7.45285714285714,7,8.5,6.541875,11,7,1,2,16,5946,3222,2724,1146,898,5048,6.83913353178608,7.24307659217877,6.36134185022027,6.4338352530541,6.82461024498887,6.84171711172742,153
"155",2021,10,6.25,10,7,5.5,5.625,5.5,6.33333333333333,5,5,4,1,9,5956,3227,2729,1150,899,5057,6.83814438885158,7.24269996281376,6.35976372297545,6.43102191304348,6.82313681868743,6.84081233537671,154
"156",2021,11,6.06666666666667,15,6.57142857142857,5.625,6,5.5,6.15384615384615,7,8,1,2,13,5971,3234,2737,1151,901,5070,6.83620632724837,7.24124699443414,6.35761607599562,6.43064743701129,6.82019977802442,6.83905088362919,155
"157",2021,12,5.8125,24,6.20833333333333,5.41666666666667,5.16666666666667,3.9,6.31578947368421,12,12,9,5,19,5995,3246,2749,1160,906,5089,6.83210808673895,7.23742845964264,6.35350862131685,6.42084068965517,6.80408388520971,6.83709726468855,156
"158",2022,1,6.06914285714286,35,6.55555555555556,5.55411764705882,5.684,6.5,6.01354838709677,18,17,5,4,31,6030,3264,2766,1165,910,5120,6.8276795986733,7.23366813112745,6.34859551699205,6.4176782832618,6.80274725274725,6.83211093359375,157
"159",2022,2,7.25,14,7.8,6.94444444444444,6.66666666666667,NA,7.25,5,9,3,0,14,6044,3269,2775,1168,910,5134,6.82865783917935,7.23453434689508,6.350528,6.41831780821918,6.80274725274725,6.83325048305415,158
"160",2022,3,6.41666666666667,18,6.37272727272727,6.48571428571429,6.88,7.25,6.3125,11,7,5,2,16,6062,3280,2782,1173,912,5150,6.82743450676344,7.2316441402439,6.35086815240834,6.42028576300085,6.80372807017544,6.83163261747573,159
"161",2022,4,5.575,12,5.78,5.42857142857143,4,5.5,5.59,5,7,1,2,10,6074,3285,2789,1174,914,5160,6.82496015475799,7.22943463622527,6.34855331660093,6.41822419080068,6.80087527352298,6.82922635271318,160
"162",2022,5,6.17307692307692,13,6.5625,5.55,4.66666666666667,3,6.4375,8,5,3,1,12,6087,3293,2794,1177,915,5172,6.82356792837194,7.22781438809596,6.3471242662849,6.41375972812234,6.79672131147541,6.82831747486466,161
"163",2022,6,6.81818181818182,11,6.91666666666667,6.7,6.375,NA,6.81818181818182,6,5,4,0,11,6098,3299,2799,1181,915,5183,6.8235582125287,7.22724849348288,6.34775462665238,6.41362845046571,6.79672131147541,6.82829596372757,162
"164",2022,7,6.65023846153846,13,6.89062,6.5,6.6,9.4531,6.41666666666667,5,8,5,1,12,6111,3304,2807,1186,916,5195,6.82318950744559,7.22673906779661,6.34818852867831,6.41441416526138,6.79962128820961,6.82734513570741,163
"165",2022,8,6.9,12,8.06666666666667,5.73333333333333,6.8,6,7.08,6,6,3,2,10,6123,3310,2813,1189,918,5205,6.82334004246285,7.22826159516617,6.34687707074298,6.41538704793944,6.79787919389978,6.82783054370798,164
"166",2022,9,7.08888888888889,18,7.1,7.075,7.5,6.83333333333333,7.14,10,8,4,3,15,6141,3320,2821,1193,921,5220,6.82411839765511,7.22787526506024,6.34894193548387,6.41902363788768,6.79799467969598,6.82872758237548,165
"167",2022,10,6.45454545454545,11,6.66666666666667,6.2,5,6,6.55555555555556,6,5,1,2,9,6152,3326,2826,1194,923,5229,6.82345758777633,7.22686286229705,6.34867841472046,6.41783517587939,6.79626554712893,6.82825740676994,166
"168",2022,11,6.9,12,7.375,5.95,NA,5,7.28,8,4,0,2,10,6164,3334,2830,1194,925,5239,6.82360659961064,7.22721832033593,6.34811491166078,6.41783517587939,6.79238172972973,6.8291196755106,167
"169",2022,12,6.840625,16,7.49444444444444,6,7,8,6.675,9,7,3,2,14,6180,3343,2837,1197,927,5253,6.82365066019418,7.22793774454083,6.34725597462108,6.41929423558897,6.79498716289105,6.82870892442414,168
