"","year","month","avg_rating","no_ratings","avg_rating_owned","avg_rating_not_owned","avg_rating_prev_owned","avg_rating_comment","avg_rating_no_comment","no_ratings_owned","no_ratings_not_owned","no_ratings_prev_owned","no_ratings_comment","no_ratings_no_comment","cum_no_ratings","cum_no_ratings_owned","cum_no_ratings_not_owned","cum_no_ratings_prev_owned","cum_no_ratings_comment","cum_no_ratings_no_comment","cum_avg_rating","cum_avg_rating_owned","cum_avg_rating_not_owned","cum_avg_rating_prev_owned","cum_avg_rating_comment","cum_avg_rating_no_comment","month_after_release"
"1",2001,6,7.9,5,7.375,10,NA,8,7.875,4,1,0,1,4,5,4,1,0,1,4,7.9,7.375,10,NA,8,7.875,0
"2",2001,7,7.5,2,7.5,NA,NA,NA,7.5,2,0,0,0,2,7,6,1,0,1,6,7.78571428571429,7.41666666666667,10,NA,8,7.75,1
"3",2001,8,7.66666666666667,3,8,7,7,7,8,2,1,1,1,2,10,8,2,1,2,8,7.75,7.5625,8.5,7,7.5,7.8125,2
"4",2001,9,7.66666666666667,6,7.66666666666667,NA,NA,7,7.8,6,0,0,1,5,16,14,2,1,3,13,7.71875,7.60714285714286,8.5,7,7.33333333333333,7.80769230769231,3
"5",2001,10,7,1,7,NA,NA,NA,7,1,0,0,0,1,17,15,2,1,3,14,7.67647058823529,7.56666666666667,8.5,7,7.33333333333333,7.75,4
"6",2001,11,7.5,4,7.5,NA,NA,NA,7.5,4,0,0,0,4,21,19,2,1,3,18,7.64285714285714,7.55263157894737,8.5,7,7.33333333333333,7.69444444444444,5
"7",2001,12,8,2,8,8,NA,NA,8,1,1,0,0,2,23,20,3,1,3,20,7.67391304347826,7.575,8.33333333333333,7,7.33333333333333,7.725,6
"8",2002,1,6,5,6.83333333333333,4.75,NA,6,6,3,2,0,1,4,28,23,5,1,4,24,7.375,7.47826086956522,6.9,7,7,7.4375,7
"9",2002,2,8,2,8,NA,NA,8,8,2,0,0,1,1,30,25,5,1,5,25,7.41666666666667,7.52,6.9,7,7.2,7.46,8
"10",2002,3,8,1,8,NA,NA,NA,8,1,0,0,0,1,31,26,5,1,5,26,7.43548387096774,7.53846153846154,6.9,7,7.2,7.48076923076923,9
"11",2002,4,8,2,8,NA,NA,8,8,2,0,0,1,1,33,28,5,1,6,27,7.46969696969697,7.57142857142857,6.9,7,7.33333333333333,7.5,10
"12",2002,5,8,5,8,NA,NA,NA,8,5,0,0,0,5,38,33,5,1,6,32,7.53947368421053,7.63636363636364,6.9,7,7.33333333333333,7.578125,11
"13",2002,6,7.5,5,7.5,NA,NA,NA,7.5,5,0,0,0,5,43,38,5,1,6,37,7.53488372093023,7.61842105263158,6.9,7,7.33333333333333,7.56756756756757,12
"14",2002,7,7.81428571428571,7,7.95,7,NA,8.85,7.4,6,1,0,2,5,50,44,6,1,8,42,7.574,7.66363636363636,6.91666666666667,7,7.7125,7.54761904761905,13
"15",2002,8,7.25,6,7.25,NA,NA,8,7.1,6,0,0,1,5,56,50,6,1,9,47,7.53928571428571,7.614,6.91666666666667,7,7.74444444444444,7.5,14
"16",2002,9,7.5,2,7.5,NA,NA,NA,7.5,2,0,0,0,2,58,52,6,1,9,49,7.53793103448276,7.60961538461538,6.91666666666667,7,7.74444444444444,7.5,15
"17",2002,10,7.66666666666667,6,8,7.33333333333333,7.5,8,7.5,3,3,2,2,4,64,55,9,3,11,53,7.55,7.63090909090909,7.05555555555556,7.33333333333333,7.79090909090909,7.5,16
"18",2002,11,8.33333333333333,3,9,8,NA,8,9,1,2,0,2,1,67,56,11,3,13,54,7.58507462686567,7.65535714285714,7.22727272727273,7.33333333333333,7.82307692307692,7.52777777777778,17
"19",2002,12,7.5,6,8,6.5,7,8.5,7,4,2,1,2,4,73,60,13,4,15,58,7.57808219178082,7.67833333333333,7.11538461538461,7.25,7.91333333333333,7.49137931034483,18
"20",2003,1,7.28571428571429,7,7.25,7.33333333333333,7,8,7.16666666666667,4,3,1,1,6,80,64,16,5,16,64,7.5525,7.6515625,7.15625,7.2,7.91875,7.4609375,19
"21",2003,2,8,5,8.25,7,NA,8.5,7.66666666666667,4,1,0,2,3,85,68,17,5,18,67,7.57882352941176,7.68676470588235,7.14705882352941,7.2,7.98333333333333,7.47014925373134,20
"22",2003,3,7.5,4,7.5,NA,NA,7.66666666666667,7,4,0,0,3,1,89,72,17,5,21,68,7.5752808988764,7.67638888888889,7.14705882352941,7.2,7.93809523809524,7.46323529411765,21
"23",2003,4,7.53333333333333,6,7.53333333333333,NA,NA,8,7.44,6,0,0,1,5,95,78,17,5,22,73,7.57263157894737,7.66538461538462,7.14705882352941,7.2,7.94090909090909,7.46164383561644,22
"24",2003,5,7.5,14,7.9,6.5,4,7.85714285714286,7.14285714285714,10,4,1,7,7,109,88,21,6,29,80,7.56330275229358,7.69204545454546,7.02380952380952,6.66666666666667,7.92068965517241,7.43375,23
"25",2003,6,8.07692307692308,13,8.33333333333333,7.5,NA,8.16666666666667,8,9,4,0,6,7,122,97,25,6,35,87,7.61803278688525,7.75154639175258,7.1,6.66666666666667,7.96285714285714,7.47931034482759,24
"26",2003,7,7.38888888888889,36,7.70454545454545,6.89285714285714,NA,7.09090909090909,7.52,22,14,0,11,25,158,119,39,6,46,112,7.56582278481013,7.74285714285714,7.02564102564103,6.66666666666667,7.75434782608696,7.48839285714286,25
"27",2003,8,7.64285714285714,21,7.67647058823529,7.5,7,8.16666666666667,7.55555555555556,17,4,1,3,18,179,136,43,7,49,130,7.57486033519553,7.73455882352941,7.06976744186047,6.71428571428571,7.77959183673469,7.49769230769231,26
"28",2003,9,7.83333333333333,15,8.09090909090909,7.125,NA,8,7.6875,11,4,0,7,8,194,147,47,7,56,138,7.59484536082474,7.76122448979592,7.07446808510638,6.71428571428571,7.80714285714286,7.50869565217391,27
"29",2003,10,8.62,10,8.75,8.1,NA,8.44,8.8,8,2,0,5,5,204,155,49,7,61,143,7.64509803921569,7.81225806451613,7.11632653061224,6.71428571428571,7.85901639344262,7.55384615384615,28
"30",2003,11,7,4,6.66666666666667,8,NA,6.5,7.5,3,1,0,2,2,208,158,50,7,63,145,7.63269230769231,7.79050632911392,7.134,6.71428571428571,7.81587301587302,7.55310344827586,29
"31",2003,12,7.625,16,7.58333333333333,7.75,NA,7.28571428571429,7.88888888888889,12,4,0,7,9,224,170,54,7,70,154,7.63214285714286,7.77588235294118,7.17962962962963,6.71428571428571,7.76285714285714,7.57272727272727,30
"32",2004,1,7.57692307692308,13,7.75,7.3,6,7.125,7.77777777777778,8,5,1,4,9,237,178,59,8,74,163,7.62911392405063,7.7747191011236,7.18983050847458,6.625,7.72837837837838,7.5840490797546,31
"33",2004,2,7.91666666666667,24,8.1,7,NA,7.85714285714286,7.94117647058824,20,4,0,7,17,261,198,63,8,81,180,7.65555555555556,7.80757575757576,7.17777777777778,6.625,7.73950617283951,7.61777777777778,32
"34",2004,3,7.54545454545455,22,7.64285714285714,7.375,8,7.57142857142857,7.53333333333333,14,8,2,7,15,283,212,71,10,88,195,7.6469964664311,7.79669811320755,7.2,6.9,7.72613636363636,7.61128205128205,33
"35",2004,4,7.22222222222222,18,7.35714285714286,6.75,7.5,7.2,7.23076923076923,14,4,2,5,13,301,226,75,12,93,208,7.62159468438538,7.76946902654867,7.176,7,7.69784946236559,7.5875,34
"36",2004,5,7.51190476190476,21,7.65277777777778,6.66666666666667,6,7.8125,7.11111111111111,18,3,1,12,9,322,244,78,13,105,217,7.61444099378882,7.76086065573771,7.15641025641026,6.92307692307692,7.71095238095238,7.56774193548387,35
"37",2004,6,7.78947368421053,19,7.88235294117647,7,NA,8,7.66666666666667,17,2,0,7,12,341,261,80,13,112,229,7.6241935483871,7.76877394636015,7.1525,6.92307692307692,7.72901785714286,7.57292576419214,36
"38",2004,7,7.60416666666667,24,7.83333333333333,6.91666666666667,7,7.63636363636364,7.57692307692308,18,6,1,11,13,365,279,86,14,123,242,7.62287671232877,7.77293906810036,7.13604651162791,6.92857142857143,7.72073170731707,7.57314049586777,37
"39",2004,8,7.53846153846154,13,7.72222222222222,7.125,NA,8.5,7.45833333333333,9,4,0,1,12,378,288,90,14,124,254,7.61997354497355,7.77135416666667,7.13555555555556,6.92857142857143,7.72701612903226,7.56771653543307,38
"40",2004,9,7.34375,16,7.86363636363636,6.2,7,6,7.53571428571429,11,5,2,2,14,394,299,95,16,126,268,7.60875634517767,7.7747491638796,7.08631578947368,6.9375,7.69960317460317,7.5660447761194,39
"41",2004,10,7.28571428571429,28,7.575,6.5625,7.83333333333333,7.42857142857143,7.14285714285714,20,8,3,14,14,422,319,103,19,140,282,7.58732227488152,7.76222570532915,7.04563106796117,7.07894736842105,7.6725,7.54503546099291,40
"42",2004,11,8.14814814814815,27,8.19565217391304,7.875,8,7.8,8.35294117647059,23,4,1,10,17,449,342,107,20,150,299,7.62104677060134,7.79137426900585,7.07663551401869,7.125,7.681,7.59096989966555,41
"43",2004,12,7.74375,32,7.975,6.125,6.5,8.08333333333333,7.30714285714286,28,4,1,18,14,481,370,111,21,168,313,7.62920997920998,7.80527027027027,7.04234234234234,7.09523809523809,7.72410714285714,7.57827476038339,42
"44",2005,1,7.91739130434783,46,8.31875,7,7.83333333333333,8.21428571428571,7.7875,32,14,3,14,32,527,402,125,24,182,345,7.65436432637571,7.84614427860697,7.0376,7.1875,7.76181318681319,7.59768115942029,43
"45",2005,2,7.796875,32,8.04347826086956,7.16666666666667,8,7.89166666666667,7.74,23,9,1,12,20,559,425,134,25,194,365,7.66252236135957,7.85682352941176,7.04626865671642,7.22,7.76984536082474,7.60547945205479,44
"46",2005,3,7.95531914893617,47,8.09714285714286,7.54166666666667,6.5,7.95416666666667,7.95652173913043,35,12,2,24,23,606,460,146,27,218,388,7.68523102310231,7.87510869565217,7.08698630136986,7.16666666666667,7.7901376146789,7.62628865979381,45
"47",2005,4,7.5,32,8.025,6.625,6.16666666666667,7.25,7.65,20,12,3,12,20,638,480,158,30,230,408,7.67594043887147,7.88135416666667,7.05189873417722,7.06666666666667,7.76195652173913,7.62745098039216,46
"48",2005,5,7.86315789473684,38,8.14827586206897,6.94444444444444,7,7.86842105263158,7.85789473684211,29,9,2,19,19,676,509,167,32,249,427,7.68646449704142,7.89656188605108,7.04610778443114,7.0625,7.77008032128514,7.63770491803279,47
"49",2005,6,7.61538461538461,26,7.85714285714286,6.6,8,7.92307692307692,7.30769230769231,21,5,1,13,13,702,530,172,33,262,440,7.68383190883191,7.895,7.03313953488372,7.09090909090909,7.77767175572519,7.62795454545455,48
"50",2005,7,7.84285714285714,28,7.984,6.66666666666667,6,8.27777777777778,7.63684210526316,25,3,1,9,19,730,555,175,34,271,459,7.68993150684932,7.89900900900901,7.02685714285714,7.05882352941176,7.79428044280443,7.62832244008715,49
"51",2005,8,7.76666666666667,51,7.88939393939394,7.54166666666667,7.66666666666667,7.96538461538462,7.56,33,18,3,26,25,781,588,193,37,297,484,7.6949423815621,7.8984693877551,7.07487046632124,7.10810810810811,7.80925925925926,7.62479338842975,50
"52",2005,9,7.646875,32,7.928,6.64285714285714,8,7.8,7.52777777777778,25,7,4,14,18,813,613,200,41,311,502,7.69305043050431,7.89967373572594,7.05975,7.19512195121951,7.8088424437299,7.62131474103586,51
"53",2005,10,7.85106382978723,47,8.14516129032258,7.28125,NA,8,7.65,31,16,0,27,20,860,644,216,41,338,522,7.70168604651163,7.91149068322981,7.07615740740741,7.19512195121951,7.8241124260355,7.62241379310345,52
"54",2005,11,7.23859649122807,57,7.67714285714286,6.54090909090909,5,7.45483870967742,6.98076923076923,35,22,1,31,26,917,679,238,42,369,548,7.67290076335878,7.89941089837997,7.02668067226891,7.14285714285714,7.79308943089431,7.59197080291971,53
"55",2005,12,7.64262295081967,61,7.79487179487179,7.37272727272727,8.3,7.74,7.575,39,22,2,25,36,978,718,260,44,394,584,7.67101226993865,7.89373259052925,7.05596153846154,7.19545454545455,7.78972081218274,7.59092465753425,54
"56",2006,1,7.77112676056338,71,7.97448979591837,7.31818181818182,7.83333333333333,7.9453125,7.62820512820513,49,22,3,32,39,1049,767,282,47,426,623,7.67778836987607,7.89889178617992,7.07641843971631,7.23617021276596,7.80140845070422,7.59325842696629,55
"57",2006,2,7.60222222222222,45,7.85588235294118,6.81818181818182,7,7.43333333333333,7.75,34,11,1,21,24,1094,801,293,48,447,647,7.67468007312614,7.89706616729089,7.06672354948806,7.23125,7.7841163310962,7.59907264296754,56
"58",2006,3,7.70796610169492,59,7.6575,7.81421052631579,8.25,7.65384615384615,7.75060606060606,40,19,4,26,33,1153,841,312,52,473,680,7.67638334778838,7.88567181926278,7.11224358974359,7.30961538461538,7.776955602537,7.60642647058823,57
"59",2006,4,7.23684210526316,19,7.54166666666667,6.71428571428571,8,7.3125,7.18181818181818,12,7,1,8,11,1172,853,319,53,481,691,7.66925767918089,7.88083235638922,7.10351097178683,7.32264150943396,7.76923076923077,7.59966714905933,58
"60",2006,5,7.76170212765957,47,7.94848484848485,7.32142857142857,7.75,7.8125,7.70869565217391,33,14,4,24,23,1219,886,333,57,505,714,7.6728219852338,7.88335214446953,7.11267267267267,7.35263157894737,7.77128712871287,7.60317927170868,59
"61",2006,6,7.72169090909091,55,7.8339756097561,7.39285714285714,7.5,8.0120625,7.6025641025641,41,14,4,16,39,1274,927,347,61,521,753,7.674931711146,7.88116828478965,7.12397694524496,7.36229508196721,7.77868138195777,7.60314741035857,60
"62",2006,7,7.73150684931507,73,8.12244897959184,6.93333333333333,6.75,8.11764705882353,7.61428571428571,49,24,2,17,56,1347,976,371,63,538,809,7.67799777282851,7.89328176229508,7.11164420485175,7.34285714285714,7.78939219330855,7.60391841779975,61
"63",2006,8,7.40476190476191,42,7.71428571428571,6.78571428571429,7.5,7.57142857142857,7.32142857142857,28,14,2,14,28,1389,1004,385,65,552,837,7.66973578113751,7.88828984063745,7.09979220779221,7.34769230769231,7.78386413043478,7.59446833930705,62
"64",2006,9,7.98837209302326,43,7.95,8.07692307692308,7.5,8,7.98275862068965,30,13,2,14,29,1432,1034,398,67,566,866,7.67930377094972,7.89008027079304,7.13170854271357,7.35223880597015,7.78921024734982,7.60747113163972,63
"65",2006,10,7.84101694915254,59,8.05952380952381,7.30117647058823,6,7.93727272727273,7.78378378378378,42,17,1,22,37,1491,1076,415,68,588,903,7.68570288397049,7.89669423791822,7.13865060240964,7.33235294117647,7.79475,7.61469545957918,64
"66",2006,11,7.61206896551724,58,7.67857142857143,7.4375,7.5,7.5625,7.63095238095238,42,16,2,16,42,1549,1118,431,70,604,945,7.68294577146546,7.8885,7.14974477958237,7.33714285714286,7.7885976821192,7.61541798941799,65
"67",2006,12,7.5983606557377,61,7.94117647058824,7.16666666666667,NA,7.6875,7.56666666666667,34,27,0,16,45,1610,1152,458,70,620,990,7.67974099378882,7.8900546875,7.1507423580786,7.33714285714286,7.78598870967742,7.61320202020202,66
"68",2007,1,7.73109243697479,119,7.95116279069767,7.15757575757576,7.75,7.96571428571429,7.63333333333333,86,33,2,35,84,1729,1238,491,72,655,1074,7.68327530364372,7.89429967689822,7.1512016293279,7.34861111111111,7.79559236641221,7.61477653631285,67
"69",2007,2,7.91419423728814,59,8.04130434782609,7.46442,7.5,8.55882352941176,7.65327285714286,46,13,2,17,42,1788,1284,504,74,672,1116,7.69089511185682,7.89956619937695,7.15928067460317,7.3527027027027,7.81490029761905,7.61622532258064,68
"70",2007,3,7.59753086419753,81,7.83157894736842,7.04166666666667,7.5625,7.48709677419355,7.666,57,24,8,31,50,1869,1341,528,82,703,1166,7.6868488282504,7.89667636092468,7.15393458333333,7.37317073170732,7.80044523470839,7.61835974271012,69
"71",2007,4,7.6725,60,8.11923076923077,6.84285714285714,7.28333333333333,8.2,7.40875,39,21,6,20,40,1929,1380,549,88,723,1206,7.68640251944012,7.90296594202898,7.14203544626594,7.36704545454546,7.8114979253112,7.61140751243781,70
"72",2007,5,7.59661016949153,59,7.84102564102564,7.12,7,7.64,7.57435897435897,39,20,2,20,39,1988,1419,569,90,743,1245,7.68373765593561,7.90126356589147,7.14126091388401,7.35888888888889,7.80688156123822,7.61024695582329,71
"73",2007,6,7.41666666666667,42,7.83076923076923,6.74375,6,7.5,7.38709677419355,26,16,1,11,31,2030,1445,585,91,754,1276,7.67821204926108,7.89999515570934,7.13038882051282,7.34395604395604,7.80240450928382,7.60482559561128,72
"74",2007,7,7.38222222222222,45,7.65666666666667,6.83333333333333,7.5,7.65,7.2037037037037,30,15,3,18,27,2075,1475,600,94,772,1303,7.67179299277108,7.89504610169491,7.12296243333333,7.34893617021277,7.79885103626943,7.59651378357636,73
"75",2007,8,7.73507462686567,67,7.89878048780488,7.47692307692308,7.1,7.51666666666667,7.85697674418605,41,26,5,24,43,2142,1516,626,99,796,1346,7.67377239028945,7.89514709762533,7.1376636741214,7.33636363636364,7.79034296482412,7.60483466567608,74
"76",2007,9,7.40454545454545,44,7.852,6.81578947368421,6.75,7.52142857142857,7.35,25,19,2,14,30,2186,1541,645,101,810,1376,7.66835336688015,7.89444711226476,7.12818210852713,7.32475247524753,7.78569506172839,7.59927867732558,75
"77",2007,10,7.72881355932203,59,7.8625,7.44736842105263,7.5,7.75,7.71951219512195,40,19,2,18,41,2245,1581,664,103,828,1417,7.66994229844098,7.89363883617963,7.13731545180723,7.32815533980583,7.7849190821256,7.60275755822159,76
"78",2007,11,7.60333333333333,99,7.6672131147541,7.50078947368421,7.966,7.67344827586207,7.57428571428571,61,38,5,29,70,2344,1642,702,108,857,1487,7.66712903583618,7.88522716199756,7.15699068376068,7.35768518518519,7.78114702450408,7.60141725622058,77
"79",2007,12,7.67098765432099,81,7.99727272727273,6.98076923076923,7.25,7.48064516129032,7.789,55,26,2,31,50,2425,1697,728,110,888,1537,7.66725792164948,7.88885857395404,7.15069706043956,7.35572727272727,7.77065653153153,7.60751949251789,78
"80",2008,1,7.47383720930233,86,7.93229166666667,6.89473684210526,7,7.07,7.63934426229508,48,38,4,25,61,2511,1745,766,114,913,1598,7.66063339705297,7.89005329512894,7.13799929503916,7.34324561403509,7.75147097480832,7.60873433041302,79
"81",2008,2,7.53970588235294,68,7.71702127659574,7.14285714285714,7.35714285714286,7.3695652173913,7.62666666666667,47,21,7,23,45,2579,1792,787,121,936,1643,7.6574449243893,7.88551506696429,7.13812891994917,7.34404958677686,7.74208653846154,7.60922547778454,80
"82",2008,3,7.44415584415584,77,7.71702127659574,7.01666666666667,7.75,7.46060606060606,7.43181818181818,47,30,4,33,44,2656,1839,817,125,969,1687,7.65126146837349,7.8812088091354,7.13366886168911,7.35704,7.73250051599587,7.60459837581506,81
"83",2008,4,7.51985294117647,68,7.75777777777778,7.05434782608696,6.75,7.73214285714286,7.37125,45,23,2,28,40,2724,1884,840,127,997,1727,7.64798107929515,7.87826061571125,7.13149697619047,7.34748031496063,7.73249047141424,7.59919366531558,82
"84",2008,5,7.47592592592593,54,7.7,7.17391304347826,7.5,7.592,7.37586206896552,31,23,4,25,29,2778,1915,863,131,1022,1756,7.64463659467243,7.87537493472585,7.13262741599073,7.35213740458015,7.72905381604697,7.59550538724374,83
"85",2008,6,7.76911764705882,68,8,7.25238095238095,7.83333333333333,7.578125,7.93888888888889,47,21,6,32,36,2846,1962,884,137,1054,1792,7.64761084328883,7.87836034658512,7.135472239819,7.37321167883212,7.7244715370019,7.60240371651786,84
"86",2008,7,7.35606060606061,66,7.94318181818182,6.18181818181818,6.4375,7.32692307692308,7.375,44,22,8,26,40,2912,2006,906,145,1080,1832,7.64100290521978,7.87978215353938,7.11231507726269,7.32158620689655,7.71490092592593,7.597438569869,85
"87",2008,8,7.20649350649351,77,7.67619047619048,6.64285714285714,6.11538461538461,6.6695652173913,7.43518518518519,42,35,13,23,54,2989,2048,941,158,1103,1886,7.62980945466711,7.87560693359375,7.09485383634431,7.2223417721519,7.69310335448776,7.59279292682927,86
"88",2008,9,7.24473684210526,57,7.84242424242424,6.42291666666667,7.11111111111111,7.15,7.30428571428571,33,24,9,22,35,3046,2081,965,167,1125,1921,7.62260356533158,7.87508073041807,7.07814244559585,7.21634730538922,7.68248266666666,7.58753641853201,87
"89",2008,10,7.47241379310345,58,7.74736842105263,6.95,6.28571428571429,7.42083333333333,7.50882352941176,38,20,7,24,34,3104,2119,985,174,1149,1955,7.61979718427835,7.87279046720151,7.07554056852792,7.17890804597701,7.67701740644038,7.58616749872123,88
"90",2008,11,7.13779069767442,86,7.46891891891892,6.88775510204082,6.05555555555556,6.86052631578947,7.21641791044776,37,49,9,19,67,3190,2156,1034,183,1168,2022,7.60680265203762,7.86585946196661,7.06664164410058,7.12366120218579,7.66373544520548,7.57391565776459,89
"91",2008,12,7.1675,60,7.61571428571429,6.54,6.5,6.90277777777778,7.28095238095238,35,25,8,18,42,3250,2191,1059,191,1186,2064,7.59869244923077,7.8618635326335,7.05420912181303,7.09753926701571,7.65218634064081,7.56795419573643,90
"92",2009,1,7.46506024096386,83,7.71153846153846,7.05161290322581,7,7.96875,7.26016949152542,52,31,7,24,59,3333,2243,1090,198,1210,2123,7.59536467446745,7.85837851092287,7.05413528440367,7.09409090909091,7.6584652892562,7.55940059349976,91
"93",2009,2,7.24300699300699,143,7.52246376811594,6.98243243243243,7.20833333333333,7.30344827586207,7.22763157894737,69,74,12,29,114,3476,2312,1164,210,1239,2237,7.58086894706559,7.84835337370242,7.0495768556701,7.10061904761905,7.65015577078289,7.54249327670988,92
"94",2009,3,7.29391304347826,115,7.72222222222222,7.01857142857143,6.96111111111111,7,7.38409090909091,45,70,18,27,88,3591,2357,1234,228,1266,2325,7.57167932609301,7.84594526941027,7.04781803889789,7.0896052631579,7.63628988941548,7.53649783225806,93
"95",2009,4,7.52483870967742,155,7.83796296296296,7.35742574257426,7.29166666666667,7.3804347826087,7.55,54,101,12,23,132,3746,2411,1335,240,1289,2457,7.56974117992525,7.84576648693488,7.07124154307116,7.09970833333333,7.63172459270752,7.53722322344322,94
"96",2009,5,7.4204347826087,115,7.97142857142857,7.10342465753425,6.74285714285714,7.48148148148148,7.40170454545455,42,73,21,27,88,3861,2453,1408,261,1316,2545,7.56529408443408,7.84791805951896,7.07291012784091,7.07099616858238,7.62864209726444,7.53253731237721,95
"97",2009,6,7.44396551724138,116,7.75862068965517,7.12931034482759,5.91666666666667,7.30769230769231,7.48333333333333,58,58,6,26,90,3977,2511,1466,267,1342,2635,7.56175520744279,7.84585543608124,7.07514151432469,7.04505617977528,7.62242399403875,7.53085672106262,96
"98",2009,7,7.10869565217391,92,7.44473684210526,6.87222222222222,6.93,7.08695652173913,7.11594202898551,38,54,10,23,69,4069,2549,1520,277,1365,2704,7.55151154091914,7.8398756375049,7.06793253947368,7.04090252707581,7.61340146520146,7.52026903106509,97
"99",2009,8,7.36369047619048,84,7.75416666666667,7.07083333333333,6.77777777777778,7.35,7.36796875,36,48,9,20,64,4153,2585,1568,286,1385,2768,7.54771260775343,7.83868201160542,7.06802133928571,7.03262237762238,7.60959783393502,7.51674763728324,98
"100",2009,9,7.04757281553398,103,7.8027027027027,6.62424242424242,6.375,6.88965517241379,7.10945945945946,37,66,20,29,74,4256,2622,1634,306,1414,2842,7.53560866071428,7.83817429443173,7.05009636474908,6.98964052287582,7.59483239038189,7.50614266713582,99
"101",2009,10,7.30594059405941,101,7.83055555555556,7.01538461538462,7.10526315789474,7.37037037037037,7.28243243243243,36,65,19,27,74,4357,2658,1699,325,1441,2916,7.5302847050723,7.83807110609481,7.04876836962919,6.9964,7.590626648161,7.500465521262,100
"102",2009,11,7.42961538461538,130,7.96692307692308,6.89230769230769,7.28,7.5828125,7.37959183673469,65,65,15,32,98,4487,2723,1764,340,1473,3014,7.52736805437932,7.841146896805,7.04300309523809,7.00891176470588,7.59045689069925,7.49653532183145,101
"103",2009,12,7.32863636363636,110,7.60508474576271,7.00882352941176,6.83333333333333,7.14074074074074,7.38975903614458,59,51,6,27,83,4597,2782,1815,346,1500,3097,7.5226126734827,7.83614054636952,7.04204267768595,7.00586705202312,7.582362,7.49367370358411,102
"104",2010,1,7.38846153846154,130,7.66507936507937,7.12835820895522,6.86363636363636,7.33333333333333,7.39732142857143,63,67,11,18,112,4727,2845,1882,357,1518,3209,7.51892330442141,7.83235254833041,7.04511554729012,7.00148459383753,7.57940909090909,7.4903108320349,103
"105",2010,2,7.20540540540541,74,7.76571428571429,6.7025641025641,6.75555555555556,7.61578947368421,7.06363636363636,35,39,9,19,55,4801,2880,1921,366,1537,3264,7.51409091022703,7.83154270833333,7.03816109318064,6.99543715846995,7.57985881587508,7.48312115808823,104
"106",2010,3,7.35205479452055,73,7.74871794871795,6.89705882352941,6.3,7,7.39538461538462,39,34,5,8,65,4874,2919,1955,371,1545,3329,7.51166402544111,7.83043610825625,7.03570714066496,6.98606469002695,7.57685631067961,7.48140806848903,105
"107",2010,4,7.42240506329114,79,7.8406976744186,6.92277777777778,6.71428571428571,7.37916666666667,7.43014925373134,43,36,7,12,67,4953,2962,1991,378,1557,3396,7.51024035130224,7.83058507765024,7.03366522350578,6.98103174603175,7.57533269107257,7.48039677856301,106
"108",2010,5,7.43432835820896,67,7.85555555555556,7.15,7.25,7.67105263157895,7.340625,27,40,11,19,48,5020,2989,2031,389,1576,3444,7.50922718326693,7.8308106390097,7.03595640571147,6.98863753213368,7.5764866751269,7.4784487398374,107
"109",2010,6,7.33877551020408,49,7.87222222222222,6.68409090909091,7.18571428571429,7.54545454545455,7.27894736842105,27,22,7,11,38,5069,3016,2053,396,1587,3482,7.50757949496942,7.83118136604775,7.03218580613736,6.99212121212121,7.5762715816005,7.47627152785755,108
"110",2010,7,7.49344262295082,61,8.071875,6.8551724137931,7.05,8.45454545454546,7.282,32,29,10,11,50,5130,3048,2082,406,1598,3532,7.5074113957115,7.83370833333333,7.02972020172911,6.99354679802956,7.58231727158948,7.47352136466591,109
"111",2010,8,7.30845070422535,71,7.83793103448276,6.94285714285714,7.33846153846154,7.15909090909091,7.33583333333333,29,42,13,11,60,5201,3077,2124,419,1609,3592,7.50469533935781,7.83374813129672,7.02800257062147,7.00424821002387,7.57942386575512,7.4712214532294,110
"112",2010,9,7.39166666666667,66,7.79285714285714,6.93870967741935,7.125,7.66666666666667,7.31078431372549,35,31,4,15,51,5267,3112,2155,423,1624,3643,7.50327899373457,7.83328823907455,7.02671807888631,7.00539007092199,7.58022967980295,7.46897542135602,111
"113",2010,10,7.3171875,64,7.72121212121212,6.88709677419355,6.8,7.125,7.38125,33,31,5,16,48,5331,3145,2186,428,1640,3691,7.5010449184018,7.83211224165342,7.02473808783165,7.00299065420561,7.57578841463414,7.46783458683283,112
"114",2010,11,7.43290909090909,110,7.78655172413793,7.03846153846154,6.8125,7.3047619047619,7.46314606741573,58,52,8,21,89,5441,3203,2238,436,1661,3780,7.49966742510568,7.8312872307212,7.02505695263628,6.99949541284404,7.57236183022275,7.46772419576719,113
"115",2010,12,7.48738738738739,111,7.82028985507246,6.94047619047619,6.95454545454545,7.21904761904762,7.55,69,42,11,21,90,5552,3272,2280,447,1682,3870,7.49942191282421,7.83105531784841,7.02349888596491,6.99838926174497,7.56795065398335,7.46963758656331,114
"116",2011,1,7.35104166666667,96,7.706,6.96521739130435,6.84285714285714,7.52777777777778,7.31025641025641,50,46,7,18,78,5648,3322,2326,454,1700,3948,7.49689986898017,7.8291730885009,7.02234628546861,6.99599118942731,7.56752529411764,7.4664887183384,115
"117",2011,2,7.22932584269663,89,7.90953488372093,6.59347826086957,6.77777777777778,7.606875,7.14657534246575,43,46,9,16,73,5737,3365,2372,463,1716,4021,7.49274890360816,7.8302,7.01402928330523,6.9917494600432,7.56789219114219,7.46068079084805,116
"118",2011,3,7.54696341463415,82,7.89392682926829,7.2,7.25,7.68333333333333,7.508609375,41,41,4,18,64,5819,3406,2413,467,1734,4085,7.49351288193848,7.83096711685261,7.01718916701202,6.99396145610278,7.56909054209919,7.46143169155447,117
"119",2011,4,7.18353947368421,76,7.67727272727273,6.80462790697674,7.26923076923077,7.60294117647059,7.06269491525424,33,43,13,17,59,5895,3439,2456,480,1751,4144,7.48951661747243,7.82949229427159,7.01346761400651,7.00141666666667,7.56941918903483,7.45575469594594,118
"120",2011,5,7.37357142857143,70,7.69107142857143,7.16190476190476,7.2,7.6,7.3219298245614,28,42,9,13,57,5965,3467,2498,489,1764,4201,7.48815598658843,7.82837438707817,7.01596335468375,7.00507157464213,7.56964455782313,7.45393893358724,119
"121",2011,6,7.33787878787879,66,7.79655172413793,6.97837837837838,7.325,7.26923076923077,7.35471698113208,29,37,4,13,53,6031,3496,2535,493,1777,4254,7.48651143425634,7.82811041189931,7.01541477712031,7.00766734279919,7.56744682048396,7.45270274094969,120
"122",2011,7,7.4185393258427,89,7.85,6.97727272727273,7.05,7.84090909090909,7.27985074626866,45,44,10,22,67,6120,3541,2579,503,1799,4321,7.48552295098039,7.82838859079356,7.01476404032571,7.00850894632207,7.57079099499722,7.45002255496413,121
"123",2011,8,7.43081395348837,86,7.64,7.20121951219512,7.75,7.4,7.44140625,45,41,8,22,64,6206,3586,2620,511,1821,4385,7.48476481791814,7.8260245398773,7.01768185496183,7.02011741682975,7.56872762218561,7.4498967981756,122
"124",2011,9,7.47456140350877,57,7.94166666666667,6.95555555555556,6.95,7.80769230769231,7.37613636363636,30,27,4,13,44,6263,3616,2647,515,1834,4429,7.48467195593166,7.82698396017699,7.01704815262561,7.01957281553398,7.57042148309705,7.4491640234816,123
"125",2011,10,7.4625,88,7.98205128205128,7.04897959183673,7.125,7.95263157894737,7.32753623188406,39,49,8,19,69,6351,3655,2696,523,1853,4498,7.48436473941112,7.82863857729138,7.01762850890208,7.02118546845124,7.5743405288721,7.44729823477101,124
"126",2011,11,7.48779069767442,86,7.66122448979592,7.25810810810811,6.85,7.51666666666667,7.48014705882353,49,37,10,18,68,6437,3704,2733,533,1871,4566,7.48441051110766,7.82642386609071,7.02088417855836,7.01797373358349,7.57378567610903,7.44778744196233,125
"127",2011,12,7.22298850574713,87,7.65957446808511,6.71,6.05,7.32,7.19402985074627,47,40,8,20,67,6524,3751,2773,541,1891,4633,7.48092435009197,7.82433324446814,7.016399733141,7.00365988909427,7.57110153358011,7.4441177336499,126
"128",2012,1,7.30145631067961,103,7.55510204081633,7.0712962962963,6.94090909090909,7.70416666666667,7.24835164835165,49,54,11,12,91,6627,3800,2827,552,1903,4724,7.4781349720839,7.82086157894737,7.01744834099752,7.00240942028986,7.57194062007356,7.4403466257409,127
"129",2012,2,7.06865671641791,67,7.44,6.6625,7.03846153846154,7.37857142857143,6.98679245283019,35,32,13,14,53,6694,3835,2859,565,1917,4777,7.47403651927099,7.81738565840939,7.01347550192375,7.0032389380531,7.57052842983829,7.43531451957295,128
"130",2012,3,7.61428571428571,70,7.86216216216216,7.33636363636364,6.83333333333333,7.28571428571429,7.69642857142857,37,33,6,14,56,6764,3872,2892,571,1931,4833,7.47548794500296,7.81781353305785,7.01715991009682,7.00145359019265,7.56846349041947,7.4383400496586,129
"131",2012,4,7.21455882352941,68,7.50277777777778,6.8903125,6.5,7.42857142857143,7.15907407407407,36,32,6,14,54,6832,3908,2924,577,1945,4887,7.47289087529274,7.81491146366428,7.01577170314637,6.99623916811092,7.56745655526992,7.43525423777368,130
"132",2012,5,7.11641791044776,67,7.69848484848485,6.55147058823529,6.66666666666667,7.346875,7.04411764705882,33,34,9,16,51,6899,3941,2958,586,1961,4938,7.46942896941586,7.81393656432378,7.01043490872211,6.99117747440273,7.56565680775114,7.43121455245038,131
"133",2012,6,7.27835820895522,67,7.56,6.9703125,6.33333333333333,7.6,7.16020408163265,35,32,3,18,49,6966,3976,2990,589,1979,4987,7.46759122308355,7.81170120724346,7.01000550501672,6.98782682512734,7.56596917635169,7.42855172648887,132
"134",2012,7,7.22034482758621,58,7.69230769230769,6.836875,7.25,7.85714285714286,7.13294117647059,26,32,6,7,51,7024,4002,3022,595,1986,5038,7.46554960990888,7.81092553723138,7.00817222369292,6.9904705882353,7.56699546827794,7.4255592417626,133
"135",2012,8,6.97704918032787,61,7.63333333333333,6.55135135135135,6.5,6.81333333333333,7.0304347826087,24,37,6,15,46,7085,4026,3059,601,2001,5084,7.461343748765,7.80986686537506,7.00264676691729,6.98557404326123,7.56134582708645,7.42198415814319,134
"136",2012,9,7.24433962264151,53,7.7695652173913,6.84166666666667,7.1,7.10714285714286,7.29358974358974,23,30,5,14,39,7138,4049,3089,606,2015,5123,7.45973248248809,7.80963793529266,7.0010833473616,6.98651815181518,7.55819007444168,7.42100672652742,135
"137",2012,10,7.26507246376812,69,7.68181818181818,6.88305555555556,6.75,6.98181818181818,7.31879310344828,33,36,8,11,58,7207,4082,3125,614,2026,5181,7.45786880255307,7.8086046055855,6.9997236672,6.98343648208469,7.55506071076011,7.41986247056552,136
"138",2012,11,7.30170454545455,88,7.60978260869565,6.96428571428571,8.08333333333333,6.64615384615385,7.41533333333333,46,42,6,13,75,7295,4128,3167,620,2039,5256,7.45598498423578,7.8063890503876,6.99925369750552,6.99408064516129,7.54926581657675,7.41979784246575,137
"139",2012,12,7.4179347826087,92,7.63796296296296,7.10526315789474,7.18181818181818,7.52727272727273,7.38357142857143,54,38,11,22,70,7387,4182,3205,631,2061,5326,7.45551109516718,7.80421425155428,7.00051059594384,6.99735340729002,7.54903105288694,7.41932171610965,138
"140",2013,1,7.46683544303797,79,7.85173913043478,6.93030303030303,6.37,7.77263157894737,7.37,46,33,10,19,60,7466,4228,3238,641,2080,5386,7.45563092151085,7.80473131504257,6.99979507720815,6.98756630265211,7.5510735576923,7.41877227255848,139
"141",2013,2,7.18024691358025,81,7.66388888888889,6.79333333333333,6.7,7.1875,7.17846153846154,36,45,9,16,65,7547,4264,3283,650,2096,5451,7.45267529614416,7.80354221388368,6.9969651111788,6.98358461538462,7.5482981870229,7.41590670702623,140
"142",2013,3,7.36515068493151,73,7.9258064516129,6.95133333333333,7.5592,6.8896,7.44063492063492,31,42,5,10,63,7620,4295,3325,655,2106,5514,7.45183680577428,7.8044246798603,6.99638870977444,6.9879786259542,7.54517046533713,7.4161892383025,141
"143",2013,4,7.53211267605634,71,7.8445,7.12903225806452,7.75,7.82727272727273,7.478,40,31,6,11,60,7691,4335,3356,661,2117,5574,7.45257787803927,7.80479446366782,6.99761396305125,6.99489561270802,7.54663627775153,7.41685458557588,142
"144",2013,5,7.24032258064516,62,7.57307692307692,7,7.46428571428571,7.4125,7.199,26,36,7,12,50,7753,4361,3392,668,2129,5624,7.4508804927125,7.80341297867461,6.9976392865566,6.99981437125749,7.54588022545796,7.41491775604552,143
"145",2013,6,7.2710015625,64,7.72557878787879,6.78709677419355,6.3,7.05960666666667,7.33571428571429,33,31,5,15,49,7817,4394,3423,673,2144,5673,7.44940777280287,7.80282842512517,6.99573253286591,6.99461515601783,7.542478125,7.41423364357482,144
"146",2013,7,7.20955882352941,68,7.61944444444444,6.7484375,6.69444444444444,7.23461538461538,7.20363636363636,36,32,9,13,55,7885,4430,3455,682,2157,5728,7.44733932276474,7.80133817155756,6.99344210130246,6.99065395894428,7.54062267037552,7.41221149790502,145
"147",2013,8,7.42739726027397,73,7.70243902439024,7.075,7.8,7.71578947368421,7.32592592592593,41,32,7,19,54,7958,4471,3487,689,2176,5782,7.44715639105303,7.80043124580631,6.99419055348437,6.99887663280116,7.54215215992647,7.41140564856451,146
"148",2013,9,7.19129032258065,62,7.59296296296296,6.88142857142857,6.81666666666667,8.04545454545454,7.00705882352941,27,35,9,11,51,8020,4498,3522,698,2187,5833,7.44517837406484,7.7991858826145,6.99306997728563,6.99652722063037,7.54468363054412,7.40787030001714,147
"149",2013,10,7.26574074074074,54,7.98863636363636,6.76875,6.73333333333333,7.41666666666667,7.23555555555556,22,32,9,9,45,8074,4520,3554,707,2196,5878,7.44397827099331,7.80010798672566,6.99105021384356,6.99317680339463,7.5441589708561,7.40655111602585,148
"150",2013,11,7.11575342465753,73,7.44047619047619,6.6758064516129,6.925,7.58333333333333,6.9948275862069,42,31,10,15,58,8147,4562,3585,717,2211,5936,7.44103726034123,7.79679704077159,6.98832425662483,6.9922259414226,7.54442473993668,7.40252821091644,149
"151",2013,12,7.25105263157895,95,7.76521739130435,6.76836734693878,7,7.55714285714286,7.19814814814815,46,49,9,14,81,8242,4608,3634,726,2225,6017,7.43884743508857,7.79648179253472,6.98535840946615,6.99232231404959,7.54450476404494,7.39977687551936,150
"152",2014,1,7.17272727272727,77,7.67567567567568,6.7075,6.8,7.19230769230769,7.16875,37,40,10,13,64,8319,4645,3674,736,2238,6081,7.43638424810674,7.79551950484392,6.9823332770822,6.98970923913044,7.54245893655049,7.39734541358329,151
"153",2014,2,7.06465517241379,58,7.72083333333333,6.60147058823529,6.46153846153846,7.21666666666667,7.03673469387755,24,34,13,9,49,8377,4669,3708,749,2247,6130,7.43381050017906,7.79513559648747,6.97884100862999,6.98054205607477,7.54115402759234,7.39446288091354,152
"154",2014,3,7.44375,64,7.53,7.36764705882353,7.3,7.35,7.46538461538462,30,34,5,12,52,8441,4699,3742,754,2259,6182,7.43388586186471,7.79344288146414,6.98237371993586,6.98266047745358,7.54013860115095,7.39505944031057,153
"155",2014,4,7.48139534883721,43,7.86363636363636,7.08095238095238,7.5,7.525,7.47142857142857,22,21,3,8,35,8484,4721,3763,757,2267,6217,7.43412665723715,7.79376998517263,6.98292385330853,6.9847107001321,7.5400851786502,7.39548937751327,154
"156",2014,5,7.48235294117647,51,7.768,7.20769230769231,7.04166666666667,7.42857142857143,7.49090909090909,25,26,12,7,44,8535,4746,3789,769,2274,6261,7.43441482835384,7.79363423935946,6.9844662074426,6.98559947984396,7.53974190853122,7.39615995208433,155
"157",2014,6,7.13235294117647,34,7.46153846153846,6.92857142857143,7,7.16666666666667,7.125,13,21,6,6,28,8569,4759,3810,775,2280,6289,7.43321630995449,7.79272706450935,6.98415812598425,6.98571096774194,7.53876013157894,7.39495268882175,156
"158",2014,7,7.343,50,7.72173913043478,7.02037037037037,7.34375,7.8125,7.25357142857143,23,27,8,8,42,8619,4782,3837,783,2288,6331,7.43269295277874,7.7923856336261,6.98441294240292,6.98936909323116,7.53971726398601,7.39401476228084,157
"159",2014,8,7.51947368421053,57,7.68117647058824,7.2804347826087,7.6,7.4075,7.53775510204082,34,23,5,8,49,8676,4816,3860,788,2296,6380,7.4332630889811,7.79160051910299,6.98617680310881,6.99324365482234,7.53925657665505,7.39511872413793,158
"160",2014,9,7.37156862745098,51,7.775,7.06551724137931,7.5,8.38888888888889,7.15357142857143,22,29,8,9,42,8727,4838,3889,796,2305,6422,7.43290255070471,7.79152503100455,6.98676843918745,6.99833668341709,7.54257401301518,7.39353900031142,159
"161",2014,10,7.15490196078431,51,7.51923076923077,6.776,7.025,7.55555555555556,7.06904761904762,26,25,8,9,42,8778,4864,3914,804,2314,6464,7.4312873729779,7.79006951069079,6.98542219213081,6.99860199004975,7.54262450302506,7.3914306095297,160
"162",2014,11,7.36037735849057,53,7.676,7.07857142857143,6.9375,7.08333333333333,7.44146341463415,25,28,8,12,41,8831,4889,3942,812,2326,6505,7.4308618004756,7.78948621394968,6.98608383054287,6.998,7.54025498710232,7.39174595849346,161
"163",2014,12,7.19423076923077,52,7.59310344827586,6.69130434782609,6.98888888888889,8.15,6.96666666666667,29,23,9,10,42,8883,4918,3965,821,2336,6547,7.4294765912417,7.78832820252135,6.98437388650694,6.99790012180268,7.5428651969178,7.38901901023369,162
"164",2015,1,7.46619718309859,71,7.88,7.06388888888889,6.61,7.5,7.46190476190476,35,36,10,8,63,8954,4953,4001,831,2344,6610,7.42976776412777,7.78897599434686,6.98508934266434,6.99323225030084,7.5427188993174,7.38971368532526,163
"165",2015,2,6.925,68,7.27727272727273,6.59285714285714,6.9375,7.21153846153846,6.85727272727273,33,35,8,13,55,9022,4986,4036,839,2357,6665,7.42596326313456,7.78558926995588,6.98168792368682,6.99270083432658,7.54089227831989,7.38531994898724,164
"166",2015,3,7.52314814814815,54,7.9051724137931,7.08,6.5,7.35714285714286,7.54787234042553,29,25,5,7,47,9076,5015,4061,844,2364,6712,7.42654148964302,7.786280777667,6.98229314454568,6.98978199052133,7.54034818104907,7.38645820321811,165
"167",2015,4,7.33071428571429,70,7.959375,6.80131578947368,6.78571428571429,7.7125,7.178,32,38,7,20,50,9146,5047,4099,851,2384,6762,7.42580806472775,7.78737826431544,6.98061538424006,6.98810340775558,7.54179240771812,7.38491680863649,166
"168",2015,5,7.42,45,7.92307692307692,6.73157894736842,6.75,8.47222222222222,7.15694444444444,26,19,4,9,36,9191,5073,4118,855,2393,6798,7.42577962789685,7.78807374334713,6.97946635745508,6.98698947368421,7.54529172586711,7.38370954104148,167
"169",2015,6,7.191875,48,8.02272727272727,6.48884615384615,6.85,7.75,7.045,22,26,4,10,38,9239,5095,4144,859,2403,6836,7.4245644074034,7.78908696761531,6.97638814189189,6.98635157159488,7.54614361215147,7.38182672030427,168
"170",2015,7,7.53947368421053,38,7.73529411764706,7.38095238095238,7.5,8,7.453125,17,21,5,6,32,9277,5112,4165,864,2409,6868,7.42503509324135,7.78890807902973,6.97842796158464,6.98932407407408,7.54727401411374,7.38215891962725,169
"171",2015,8,7.35868852459016,61,7.59371428571429,7.04230769230769,7.9,7.75833333333333,7.26081632653061,35,26,5,12,49,9338,5147,4191,869,2421,6917,7.42460168772757,7.78758074606567,6.97882425674064,6.99456386651324,7.54832015695993,7.38129932918895,170
"172",2015,9,7.162,50,7.815,6.72666666666667,7.11538461538461,6.4,7.3525,20,30,13,10,40,9388,5167,4221,882,2431,6957,7.42320308478909,7.78768687826592,6.97703209192135,6.99634467120182,7.5435965034965,7.38113374443007,171
"173",2015,10,7.65441176470588,68,7.95945945945946,7.29032258064516,7.38888888888889,8.1,7.595,37,31,9,8,60,9456,5204,4252,891,2439,7017,7.42486575296108,7.78890816679477,6.97931619473189,7.00030976430977,7.54542152521525,7.3829624426393,172
"174",2015,11,7.36075,80,7.91842105263158,6.85619047619048,7.39,7.71333333333333,7.27938461538462,38,42,10,15,65,9536,5242,4294,901,2454,7082,7.42432786912752,7.78984702403663,6.97811189101071,7.00463485016648,7.54644788101059,7.38201178480655,173
"175",2015,12,7.43260869565217,92,7.50964912280702,7.30714285714286,7.44,7.50952380952381,7.40985915492958,57,35,15,21,71,9628,5299,4329,916,2475,7153,7.42440699626091,7.78683300622759,6.98077210903211,7.01176419213974,7.54613458585858,7.38228819516286,174
"176",2016,1,7.52949494949495,99,7.78761904761905,7.07777777777778,7.175,7.68833333333333,7.47866666666667,63,36,8,24,75,9727,5362,4365,924,2499,7228,7.42547656625887,7.78684224170086,6.98157215578465,7.01317748917749,7.54750024009603,7.38328824847814,175
"177",2016,2,7.43550724637681,69,7.86025641025641,6.88333333333333,7.255,7.44444444444444,7.43416666666667,39,30,10,9,60,9796,5401,4395,934,2508,7288,7.42554721927317,7.78737235697093,6.98090158361775,7.01576659528908,7.54713042264752,7.3837071158068,176
"178",2016,3,7.41470588235294,68,7.93428571428571,6.86363636363636,7.58333333333333,7.8125,7.36166666666667,35,33,6,8,60,9864,5436,4428,940,2516,7348,7.42547248175183,7.78831826710817,6.98002765582656,7.01938936170213,7.54797420508744,7.3835271448013,177
"179",2016,4,7.50472972972973,74,7.8280487804878,7.1030303030303,7.25,7.94615384615385,7.41065573770492,41,33,6,13,61,9938,5477,4461,946,2529,7409,7.42606264439525,7.78861568376849,6.98093756108496,7.02085200845666,7.55002099644128,7.38375050074234,178
"180",2016,5,7.57258064516129,62,7.98974358974359,6.86521739130435,6.6,7.08,7.66730769230769,39,23,5,10,52,10000,5516,4484,951,2539,7461,7.426971056,7.79003772661349,6.98034399197146,7.01863932702419,7.5481697912564,7.38572677389089,179
"181",2016,6,7.614,75,7.94864864864865,7.28815789473684,6.97142857142857,7.08571428571429,7.66838235294118,37,38,7,7,68,10075,5553,4522,958,2546,7529,7.42836333101737,7.79109456149829,6.98293066342327,7.01829436325679,7.54689831107619,7.38827964669942,180
"182",2016,7,7.21532258064516,62,7.68125,6.71833333333333,7.51,7.37857142857143,7.16770833333333,32,30,5,14,48,10137,5585,4552,963,2560,7577,7.42706032948604,7.79046519247986,6.98118683216169,7.02084735202492,7.5459777734375,7.38688233601689,181
"183",2016,8,7.57578947368421,95,7.93090909090909,7.0875,6.79166666666667,7.83846153846154,7.53414634146341,55,40,12,13,82,10232,5640,4592,975,2573,7659,7.4284412197029,7.79183476950355,6.98211290505227,7.01802666666667,7.54745553828216,7.38845899725812,182
"184",2016,9,7.41604938271605,81,7.72857142857143,7.17826086956522,7.2,7.5,7.40285714285714,35,46,14,11,70,10313,5675,4638,989,2584,7729,7.42834389217493,7.79144459911894,6.98405831392842,7.0206026289181,7.54725352167182,7.38858939836977,183
"185",2016,10,7.566,75,7.78375,7.31714285714286,7.41666666666667,8.1,7.48384615384615,40,35,6,10,65,10388,5715,4673,995,2594,7794,7.42933775125145,7.79139074365704,6.98655306227263,7.02299095477387,7.54938438704703,7.3893838157557,184
"186",2016,11,7.38932584269663,89,7.78039215686274,6.86447368421053,6.075,7.69642857142857,7.332,51,38,10,14,75,10477,5766,4711,1005,2608,7869,7.42899785816551,7.79129346167187,6.98556834217788,7.01355820895523,7.55017373466257,7.38883688651671,185
"187",2016,12,7.3921875,64,7.92666666666667,6.92058823529412,7,7.6,7.37457627118644,30,34,4,5,59,10541,5796,4745,1009,2613,7928,7.42877436296367,7.79199415113872,6.9851027312961,7.01350445986125,7.55026907768848,7.388730759334,186
"188",2017,1,7.58867469879518,83,7.89886363636364,7.23871794871795,7.42727272727273,8.12941176470588,7.44939393939394,44,39,11,17,66,10624,5840,4784,1020,2630,7994,7.43002358433735,7.79279933219178,6.98717024665552,7.01796666666667,7.55401258555133,7.38923160620465,187
"189",2017,2,7.35833333333333,72,8,6.68,5.75,7.45,7.346875,37,35,4,8,64,10696,5877,4819,1024,2638,8058,7.42954100224383,7.79410381146844,6.98493929445943,7.013013671875,7.55369715693707,7.38889519235542,188
"190",2017,3,7.58575757575758,66,7.8565,7.16923076923077,7.375,7.625,7.58322580645161,40,26,8,4,62,10762,5917,4845,1032,2642,8120,7.43049902992009,7.79452562109177,6.98592826831786,7.01581976744186,7.55380510976533,7.39037899753694,189
"191",2017,4,7.42550724637681,69,7.52157894736842,7.30774193548387,7.29090909090909,7.58333333333333,7.41047619047619,38,31,11,6,63,10831,5955,4876,1043,2648,8183,7.43046722924938,7.79278389588581,6.98797425348647,7.01872099712368,7.55387201661631,7.39053372357326,190
"192",2017,5,7.44350649350649,77,7.88809523809524,6.91,7.21428571428571,7.92,7.37238805970149,42,35,7,10,67,10908,5997,4911,1050,2658,8250,7.4305592739274,7.79345140903786,6.98741854204846,7.02002476190476,7.55524947328818,7.39038635878787,191
"193",2017,6,7.33,70,7.64516129032258,7.07948717948718,7.6,7.6875,7.28387096774194,31,39,5,8,62,10978,6028,4950,1055,2666,8312,7.42991806886501,7.79268880225614,6.98814393131313,7.02277345971564,7.55564632408102,7.38959185033686,192
"194",2017,7,7.23717948717949,78,7.72857142857143,6.83720930232558,7.03333333333333,7.8125,7.08870967741935,35,43,12,16,62,11056,6063,4993,1067,2682,8374,7.42855829956585,7.79231867062511,6.98684407370319,7.02289222118088,7.55717863534675,7.38736415810843,193
"195",2017,8,7.41323529411765,68,7.75882352941176,7.06764705882353,7,7.8125,7.29038461538462,34,34,9,16,52,11124,6097,5027,1076,2698,8426,7.42846463142755,7.79213188453338,6.9873905828526,7.02270074349442,7.55869277242401,7.38676566104913,194
"196",2017,9,7.51940298507463,67,7.96216216216216,6.97333333333333,7.14285714285714,7.16666666666667,7.59636363636364,37,30,7,12,55,11191,6134,5057,1083,2710,8481,7.42900907514968,7.79315749918487,6.98730719003362,7.02347737765466,7.55695686346863,7.38812492158943,195
"197",2017,10,7.36573333333333,75,7.70868421052632,7.01351351351351,6.775,7.75866666666667,7.2675,38,37,8,15,60,11266,6172,5094,1091,2725,8541,7.42858783596663,7.79263741088788,6.98749753828033,7.02165536205316,7.55806719266055,7.38727753892986,196
"198",2017,11,7.1664,75,7.63409090909091,6.50258064516129,7.1975,7.64285714285714,7.05704918032787,44,31,8,14,61,11341,6216,5125,1099,2739,8602,7.42685394233313,7.79151513835264,6.98456438243903,7.02293539581438,7.5585005841548,7.3849357661009,197
"199",2017,12,7.58292682926829,82,7.90476190476191,7.245,7.25,8.14545454545454,7.49577464788732,42,40,8,11,71,11423,6258,5165,1107,2750,8673,7.42797431147685,7.79227518376478,6.9865813088093,7.02457633242999,7.5608484,7.3858431292517,198
"200",2018,1,7.498,95,7.74516129032258,7.03363636363636,7.7,8.01666666666667,7.42301204819277,62,33,5,12,83,11518,6320,5198,1112,2762,8756,7.42855188053482,7.79181299050633,6.98688004232397,7.02761330935252,7.56282878349022,7.38619546139789,199
"201",2018,2,7.26081081081081,74,7.32926829268293,7.17575757575758,6.96666666666667,7.15384615384615,7.28360655737705,41,33,6,13,61,11592,6361,5231,1118,2775,8817,7.42748106970325,7.78883164596762,6.98807158478303,7.0272862254025,7.56091282882883,7.38548570488828,200
"202",2018,3,7.30120689655172,58,7.86260869565217,6.93228571428571,7.375,7.83,7.24019230769231,23,35,4,6,52,11650,6384,5266,1122,2781,8869,7.42685240858369,7.78909744674186,6.98770080896316,7.02852584670232,7.56149338367493,7.3846338324501,201
"203",2018,4,7.76031746031746,63,8.4875,7.31282051282051,7.32857142857143,7.47777777777778,7.80740740740741,24,39,7,9,54,11713,6408,5305,1129,2790,8923,7.42864599675574,7.7917131866417,6.99009094439208,7.03038618246236,7.56122333333333,7.38719236355485,202
"204",2018,5,7.42403225806452,62,7.78225,6.77272727272727,7,7.845,7.34307692307692,40,22,1,10,52,11775,6448,5327,1130,2800,8975,7.42862170360934,7.79165448200993,6.98919325323822,7.0303592920354,7.56223682142857,7.3869367643454,203
"205",2018,6,7.45849056603774,53,7.82758620689655,7.0125,7,7.85,7.36744186046512,29,24,5,10,43,11828,6477,5351,1135,2810,9018,7.42875554277985,7.79181536205033,6.98929778732947,7.03022555066079,7.56326088967971,7.38684380793967,204
"206",2018,7,7.71052631578947,57,7.94117647058824,7.3695652173913,6.9,7.875,7.66666666666667,34,23,10,12,45,11885,6511,5374,1145,2822,9063,7.43010690450147,7.79259531561972,6.99092528098251,7.02908820960699,7.56458649893692,7.38823319651329,205
"207",2018,8,7.70754716981132,53,8.23125,6.90952380952381,6.66666666666667,8.25,7.63829787234043,32,21,3,6,47,11938,6543,5395,1148,2828,9110,7.4313386295862,7.79474065413419,6.99060842632067,7.02814111498258,7.56604070014144,7.38952332162458,206
"208",2018,9,7.70715691176471,68,8.12769230769231,7.14160931034483,6.75,7.74833333333333,7.69833339285714,39,29,6,12,56,12006,6582,5424,1154,2840,9166,7.43290081875729,7.79671347614707,6.99141576880531,7.02669497400347,7.56681095070422,7.39141000763691,207
"209",2018,10,7.60823529411765,68,7.85782608695652,7.08636363636364,8.01666666666667,7.9,7.53259259259259,46,22,6,14,54,12074,6628,5446,1160,2854,9220,7.43388829136989,7.79713761315631,6.99179932611091,7.03181551724138,7.5684453749124,7.39223689045553,208
"210",2018,11,7.57921348314607,89,7.86020408163265,7.235,6.625,7.59736842105263,7.57428571428571,49,40,8,19,70,12163,6677,5486,1168,2873,9290,7.43495167557346,7.7976004343268,6.99357257200146,7.02902910958904,7.56863665158371,7.39360862540365,209
"211",2018,12,7.57928571428571,70,8.03529411764706,7.14861111111111,7.75,8.1,7.51209677419355,34,36,5,8,62,12233,6711,5522,1173,2881,9352,7.43577758767269,7.79880466398451,6.99458332669323,7.03210230179028,7.57011214855952,7.39439415419161,210
"212",2019,1,7.18947715686275,102,7.78643280701754,6.43333333333333,6.3125,7.56153846153846,7.13513112359551,57,45,8,13,89,12335,6768,5567,1181,2894,9441,7.43374089177138,7.79870046838062,6.99004654751213,7.02722777307367,7.57007363510711,7.39195009003283,211
"213",2019,2,7.33650793650794,63,7.50757575757576,7.14833333333333,6.16666666666667,6.42857142857143,7.45,33,30,6,7,56,12398,6801,5597,1187,2901,9497,7.43324680593644,7.79728786501985,6.99089496694658,7.02287784330244,7.56731923474663,7.3922923870696,212
"214",2019,3,7.20645569620253,79,7.73638888888889,6.76279069767442,6.9,7.19384615384615,7.20893939393939,36,43,7,13,66,12477,6837,5640,1194,2914,9563,7.43181084395288,7.79696720345181,6.98915587411348,7.02215745393635,7.56565308853809,7.39102695806755,213
"215",2019,4,7.60203125,64,7.96909090909091,7.21129032258064,7.24,7.7,7.59372881355932,33,31,5,5,59,12541,6870,5671,1199,2919,9622,7.43267952316402,7.7977939985444,6.99037015164874,7.0230658882402,7.56588321342925,7.39226988152151,214
"216",2019,5,7.68363636363636,55,8.18846153846154,7.23103448275862,6.8125,6.875,7.74705882352941,26,29,8,4,51,12596,6896,5700,1207,2923,9673,7.43377531756113,7.79926693300464,6.99159458421053,7.02167025683513,7.56493776941498,7.39414047348289,215
"217",2019,6,7.40673076923077,52,7.85961538461538,6.95384615384615,6.625,7.43636363636364,7.39878048780488,26,26,8,11,41,12648,6922,5726,1215,2934,9714,7.433664128716,7.79949361022826,6.99142318023053,7.01905843621399,7.56445572597136,7.39416005764875,216
"218",2019,7,7.64242424242424,66,7.87333333333333,7.14761904761905,8,7.80454545454545,7.61,45,21,5,11,55,12714,6967,5747,1220,2945,9769,7.4347478291647,7.79997054255778,6.99199393248652,7.02307868852459,7.56535249575551,7.39537524823421,217
"219",2019,8,7.46322619047619,84,7.86669230769231,7.11355555555556,6.73636363636364,8.20941176470588,7.27389552238806,39,45,11,17,67,12798,7006,5792,1231,2962,9836,7.43493474761682,7.80034195974879,6.99293838570442,7.02051665312754,7.56904898717083,7.39454776331842,218
"220",2019,9,7.3225,60,7.80033333333333,6.84466666666667,6.2,7.57777777777778,7.27745098039216,30,30,5,9,51,12858,7036,5822,1236,2971,9887,7.4344100871053,7.8003419229676,6.99217436104432,7.01719741100324,7.56907542914843,7.39394374431071,219
"221",2019,10,7.58070175438596,57,7.8625,6.91764705882353,7.33333333333333,8.25714285714286,7.486,40,17,3,7,50,12915,7076,5839,1239,2978,9937,7.43505574138599,7.80069329706049,6.99195737797568,7.01796287328491,7.57069278038952,7.39440694374559,220
"222",2019,11,7.54197530864197,81,7.97926829268293,7.09375,6.88888888888889,7.43181818181818,7.55928571428571,41,40,9,11,70,12996,7117,5879,1248,2989,10007,7.43572213758079,7.80172204159056,6.99264996257867,7.01703205128205,7.57018169956507,7.39556028779854,221
"223",2019,12,7.66566265060241,83,8.05222222222222,7.20789473684211,7.55555555555556,7.25,7.73591549295775,45,38,9,12,71,13079,7162,5917,1257,3001,10078,7.43718135178531,7.80329597458811,6.99403230184215,7.02088782816229,7.56890139953348,7.39795810676721,222
"224",2020,1,7.48468287037037,108,7.70197916666667,7.2130625,6.661,7.90846666666667,7.41633064516129,60,48,7,15,93,13187,7222,5965,1264,3016,10171,7.43757038371123,7.80245423982277,6.9957948248114,7.01889477848101,7.57059021883289,7.39812609871202,223
"225",2020,2,7.35634408602151,93,7.84166666666667,6.83866666666667,6.5,7.63846153846154,7.3105,48,45,15,13,80,13280,7270,6010,1279,3029,10251,7.43700155496988,7.8027131389271,6.99461832445924,7.01280922595778,7.57088151205018,7.3974422544142,224
"226",2020,3,7.60521739130435,69,7.85347826086957,7.10869565217391,7.6,7.81818181818182,7.5648275862069,46,23,5,11,58,13349,7316,6033,1284,3040,10309,7.43787105026594,7.80303232914161,6.99505322890768,7.01509579439252,7.5717763486842,7.39838398971772,225
"227",2020,4,7.4890243902439,82,7.78727272727273,7.14368421052632,6.58333333333333,8,7.42602739726027,44,38,6,9,73,13431,7360,6071,1290,3049,10382,7.43818335566972,7.80293811413044,6.99598354966233,7.01308759689923,7.57304037389307,7.39857836158736,226
"228",2020,5,7.67822226666667,75,8.0693334,6.896,7,7.99,7.63025646153846,50,25,7,10,65,13506,7410,6096,1297,3059,10447,7.43951631274989,7.8047356531714,6.99557351213911,7.01301696222051,7.57440343249427,7.40001983535943,227
"229",2020,6,7.515895,72,7.75,7.28179,7.07142857142857,7.675,7.496006875,36,36,7,8,64,13578,7446,6132,1304,3067,10511,7.43992132567389,7.80447101665324,6.99725384377039,7.01333052147239,7.5746658298011,7.40060428693749,228
"230",2020,7,7.73283582089552,67,8.12820512820513,7.18214285714286,7.35,8.08,7.6719298245614,39,28,6,10,57,13645,7485,6160,1310,3077,10568,7.44135960131917,7.80615780761523,6.99809424837662,7.01487251908397,7.57630812479688,7.40206771953065,229
"231",2020,8,7.65194805194805,77,7.93863636363636,7.26969696969697,6.9875,8.01818181818182,7.59090909090909,44,33,4,11,66,13722,7529,6193,1314,3088,10634,7.44254130301705,7.80693202151681,6.9995415097691,7.01478919330289,7.57788215673575,7.40323976490502,230
"232",2020,9,7.6968253968254,63,8.22571428571429,7.03571428571429,5,8.35,7.57358490566038,35,28,2,10,53,13785,7564,6221,1316,3098,10687,7.44370342836416,7.80886980301428,6.99970431924128,7.01172720364742,7.58037446739832,7.40408455693833,231
"233",2020,10,7.68260869565217,69,7.93170731707317,7.31785714285714,7,7.39166666666667,7.74385964912281,41,28,5,12,57,13854,7605,6249,1321,3110,10744,7.4448932986863,7.80953204339251,7.00112987197952,7.01168281604845,7.57964633440514,7.40588716120625,232
"234",2020,11,7.58797619047619,84,7.93471698113208,6.99516129032258,6.78571428571429,7.33636363636364,7.6258904109589,53,31,7,11,73,13938,7658,6280,1328,3121,10817,7.44575561486584,7.81039843170541,7.00110040923567,7.01049171686747,7.57878888176866,7.40737188314689,233
"235",2020,12,7.48425,80,7.86454545454545,7.01944444444444,6.6,7.28461538461538,7.52298507462687,44,36,10,13,67,14018,7702,6316,1338,3134,10884,7.44597530032815,7.81070776291873,7.00120496675111,7.00742376681615,7.57756863433312,7.40808357772877,234
"236",2021,1,7.40729166666667,96,7.81206896551724,6.78947368421053,5.55555555555556,7.5625,7.39318181818182,58,38,9,8,88,14114,7760,6354,1347,3142,10972,7.44571218364744,7.81071793685568,6.99993871104816,6.99772308834447,7.57753026734564,7.40796405942398,235
"237",2021,2,7.50081967213115,61,7.62159090909091,7.18823529411765,6.75,7.02,7.54375,44,17,6,5,56,14175,7804,6371,1353,3147,11028,7.44594933051147,7.80965161327525,7.00044115052582,6.99662453806356,7.57664445503654,7.40865357816466,236
"238",2021,3,7.48785714285714,70,7.99239130434783,6.52083333333333,5.66666666666667,6.78571428571429,7.56587301587302,46,24,3,7,63,14245,7850,6395,1356,3154,11091,7.44615526570727,7.81072244458599,6.99864121501173,6.99368215339233,7.57488906150919,7.40954662879812,237
"239",2021,4,7.49047619047619,63,7.87027027027027,6.95,6.66,7.875,7.43454545454545,37,26,5,8,55,14308,7887,6421,1361,3162,11146,7.44635041655018,7.81100179916318,6.99844425634636,6.99245628214548,7.57564835547122,7.40966998564507,238
"240",2021,5,7.60348253731343,67,8.05189189189189,7.05044433333333,7.33333333333333,7.72666666666667,7.576606,37,30,6,12,55,14375,7924,6451,1367,3174,11201,7.44708278886957,7.81212660146391,6.99868607967757,6.9939524506218,7.5762193131695,7.41048968752789,239
"241",2021,6,7.465,42,7.68391304347826,7.2,7.83333333333333,7.41666666666667,7.47305555555556,23,19,3,6,36,14417,7947,6470,1370,3180,11237,7.44713498578068,7.81175552913049,6.99927726429675,6.99579051094891,7.57591827044025,7.41069012992791,240
"242",2021,7,7.7689649122807,57,8.11290322580645,7.35888461538462,6.9662,8.03571428571429,7.68211627906977,31,26,5,14,43,14474,7978,6496,1375,3194,11280,7.44840238289347,7.81292569440963,7.0007165794335,6.99568290909091,7.5779336568566,7.4117248218085,241
"243",2021,8,7.57950819672131,61,7.92435897435897,6.96818181818182,6.125,7.55,7.58529411764706,39,22,4,10,51,14535,8017,6518,1379,3204,11331,7.44895260337117,7.8134677797181,7.0006067658791,6.99315736040609,7.57784647315855,7.41250604447974,242
"244",2021,9,7.74736842105263,57,8.209375,7.156,6.9,7.7875,7.74081632653061,32,25,5,8,49,14592,8049,6543,1384,3212,11380,7.45011829015899,7.81504176792149,7.0012005043558,6.99282080924856,7.57836864881693,7.4139196827768,243
"245",2021,10,7.57521126760563,71,8.01935483870968,7.231,7.4125,8.01818181818182,7.494,31,40,8,11,60,14663,8080,6583,1392,3223,11440,7.45072400531951,7.81582564232674,7.0025968251557,6.99523275862069,7.57986971765436,7.41433968444055,244
"246",2021,11,7.61917808219178,73,8.05897435897436,7.11470588235294,6.79,7.75,7.58813559322034,39,34,10,14,59,14736,8119,6617,1402,3237,11499,7.45155850230728,7.81699361867225,7.00317287290313,6.99376890156919,7.58060552981155,7.41523141055743,245
"247",2021,12,7.340625,80,7.734375,6.75,6.44444444444444,7.8125,7.28819444444444,48,32,9,8,72,14816,8167,6649,1411,3245,11571,7.45095950931426,7.81650804334517,7.00195441419762,6.99026506024096,7.58117722650231,7.41444092904675,246
"248",2022,1,7.39375,120,7.76893939393939,6.93518518518519,6.5,7.55238095238095,7.36010101010101,66,54,12,21,99,14936,8233,6703,1423,3266,11670,7.45049987212105,7.81612670836876,7.00141651499329,6.9861307097681,7.58099206981016,7.41397994772921,247
"249",2022,2,7.75579710144928,69,8.06477272727273,7.212,7.625,8.41666666666667,7.69285714285714,44,25,4,6,63,15005,8277,6728,1427,3272,11733,7.45190377140953,7.81744849462366,7.00219900416171,6.98792151366503,7.58252448044009,7.41547737066393,248
"250",2022,3,7.68370512820513,78,8.0890243902439,7.23456756756757,7.11111111111111,7.73666666666667,7.67109523809524,41,37,9,15,63,15083,8318,6765,1436,3287,11796,7.45310250546974,7.8187871110844,7.00346990391722,6.98869359331476,7.58322789777913,7.41684257290606,249
"251",2022,4,7.86623376623377,77,8.15625,7.38620689655172,7.33333333333333,7.79375,7.88524590163934,48,29,3,16,61,15160,8366,6794,1439,3303,11857,7.45520086345647,7.82072330743486,7.00510360612305,6.98941209173037,7.5842476839237,7.41925233954625,250
"252",2022,5,7.70327710843373,83,8.31026086956522,6.94864864864865,6.57142857142857,8.227,7.57820895522388,46,37,7,16,67,15243,8412,6831,1446,3319,11924,7.4565516689628,7.82340028411793,7.00479781876738,6.98738865836791,7.58734621874058,7.42014550402549,251
"253",2022,6,7.225,68,7.93030303030303,6.56,6.3,7.52272727272727,7.16754385964912,33,35,5,11,57,15311,8445,6866,1451,3330,11981,7.45552328979165,7.82381802131439,7.00253042528401,6.9850199862164,7.58713276276276,7.41894374342709,252
"254",2022,7,7.75278571428571,70,8.01930555555556,7.47058823529412,6.75,8.15384615384615,7.66131578947368,36,34,4,13,57,15381,8481,6900,1455,3343,12038,7.45687615174566,7.82464782336989,7.00483679710145,6.98437388316151,7.58933655399342,7.42009137647449,253
"255",2022,8,7.56935483870968,62,8.36666666666667,6.821875,6.25,8.35,7.4537037037037,30,32,4,8,54,15443,8511,6932,1459,3351,12092,7.45732772712556,7.82655835859476,7.00399219561454,6.98236052090473,7.59115252163533,7.42024148114455,254
"256",2022,9,7.27565671641791,67,7.59827586206897,7.02944736842105,7.18333333333333,7.60172727272727,7.21160714285714,29,38,6,11,56,15510,8540,6970,1465,3362,12148,7.45654294584139,7.82578316042155,7.00413097560976,6.98318361774744,7.59118712076145,7.41927971600263,255
"257",2022,10,7.65901408450704,71,8.0025,7.2158064516129,7.14285714285714,7.8,7.63033898305085,40,31,7,12,59,15581,8580,7001,1472,3374,12207,7.45746557281304,7.82660701515152,7.0050682616769,6.98394293478261,7.59192978660343,7.42029982714835,256
"258",2022,11,7.64307692307692,65,8.08285714285714,7.13,6.16666666666667,7.8,7.61454545454545,35,30,3,10,55,15646,8615,7031,1475,3384,12262,7.45823667966254,7.82764807777133,7.0056013227137,6.9822806779661,7.59254465130023,7.42117109688468,257
"259",2022,12,7.56408450704225,71,7.81829268292683,7.21666666666667,6.7,7.51666666666667,7.57372881355932,41,30,5,12,59,15717,8656,7061,1480,3396,12321,7.45871483680092,7.82760376501849,7.00649807392721,6.98132702702703,7.59227653121319,7.42190163054946,258
