"","year","month","avg_rating","no_ratings","avg_rating_owned","avg_rating_not_owned","avg_rating_prev_owned","avg_rating_comment","avg_rating_no_comment","no_ratings_owned","no_ratings_not_owned","no_ratings_prev_owned","no_ratings_comment","no_ratings_no_comment","cum_no_ratings","cum_no_ratings_owned","cum_no_ratings_not_owned","cum_no_ratings_prev_owned","cum_no_ratings_comment","cum_no_ratings_no_comment","cum_avg_rating","cum_avg_rating_owned","cum_avg_rating_not_owned","cum_avg_rating_prev_owned","cum_avg_rating_comment","cum_avg_rating_no_comment","month_after_release"
"1",2009,1,6,2,6,6,NA,NA,6,1,1,0,0,2,2,1,1,0,0,2,6,6,6,NA,NA,6,-1
"2",2009,2,7.83333333333333,3,7.83333333333333,NA,NA,9,7.25,3,0,0,1,2,5,4,1,0,1,4,7.1,7.375,6,NA,9,6.625,0
"3",2009,3,5.88888888888889,9,6.5,5.4,NA,6.4,5.25,4,5,0,5,4,14,8,6,0,6,8,6.32142857142857,6.9375,5.5,NA,6.83333333333333,5.9375,1
"4",2009,4,6.16470588235294,17,6.5,5.075,6,6.025,6.5,13,4,1,12,5,31,21,10,1,18,13,6.23548387096774,6.66666666666667,5.33,6,6.29444444444445,6.15384615384615,2
"5",2009,5,6.27083333333333,24,6.5,5.71428571428571,5.66666666666667,6.22727272727273,6.30769230769231,17,7,3,11,13,55,38,17,4,29,26,6.25090909090909,6.59210526315789,5.48823529411765,5.75,6.26896551724138,6.23076923076923,3
"6",2009,6,6.6,21,6.93333333333333,6.15555555555556,6.5,6.83333333333333,6.50666666666667,12,9,4,6,15,76,50,26,8,35,41,6.34736842105263,6.674,5.71923076923077,6.125,6.36571428571429,6.33170731707317,4
"7",2009,7,6.29411764705882,34,6.51111111111111,5.45714285714286,5.66666666666667,6.54615384615385,6.13809523809524,27,7,3,13,21,110,77,33,11,48,62,6.33090909090909,6.61688311688312,5.66363636363636,6,6.41458333333333,6.26612903225806,5
"8",2009,8,5.6551724137931,29,6.05,4.77777777777778,5.66666666666667,5.5,5.725,20,9,3,9,20,139,97,42,14,57,82,6.18992805755396,6.5,5.47380952380952,5.92857142857143,6.27017543859649,6.13414634146341,6
"9",2009,9,6.18333333333333,24,6.37058823529412,5.72857142857143,6.43333333333333,6.53333333333333,5.97333333333333,17,7,3,9,15,163,114,49,17,66,97,6.18895705521472,6.48070175438596,5.51020408163265,6.01764705882353,6.30606060606061,6.10927835051546,7
"10",2009,10,5.67666666666667,30,6.16666666666667,5.18666666666667,5.375,5.36363636363636,5.85789473684211,15,15,4,11,19,193,129,64,21,77,116,6.10932642487047,6.44418604651163,5.434375,5.89523809523809,6.17142857142857,6.06810344827586,8
"11",2009,11,6.63478260869565,23,6.86666666666667,5.8,6.33333333333333,7.33333333333333,6.38823529411765,18,5,3,6,17,216,147,69,24,83,133,6.16527777777778,6.49591836734694,5.46086956521739,5.95,6.25542168674699,6.10902255639098,9
"12",2009,12,5.93181818181818,44,6.29411764705882,4.7,4,5.92857142857143,5.93333333333333,34,10,3,14,30,260,181,79,27,97,163,6.12576923076923,6.45801104972376,5.36455696202532,5.73333333333333,6.20824742268041,6.07668711656442,10
"13",2010,1,6.40701754385965,57,6.81052631578947,5.6,7,6.30555555555556,6.45384615384615,38,19,5,18,39,317,219,98,32,115,202,6.17634069400631,6.51917808219178,5.41020408163265,5.93125,6.22347826086957,6.14950495049505,11
"14",2010,2,6.72857142857143,35,6.77272727272727,6,6.5,6.66666666666667,6.74137931034483,33,2,3,6,29,352,252,100,35,121,231,6.23125,6.55238095238095,5.422,5.98,6.24545454545455,6.22380952380952,12
"15",2010,3,6.02,45,6.25,5.64117647058824,5.7,5.96875,6.04827586206897,28,17,5,16,29,397,280,117,40,137,260,6.20730478589421,6.52214285714286,5.45384615384615,5.945,6.21313868613139,6.20423076923077,13
"16",2010,4,6.06272727272727,55,6.36538461538461,5.325,5.4,5.86363636363636,6.19545454545455,39,16,8,22,33,452,319,133,48,159,293,6.18971238938053,6.50297805642633,5.43834586466165,5.85416666666667,6.16477987421384,6.20324232081911,14
"17",2010,5,6.46468085106383,47,6.90466666666667,5.68823529411765,6.54,6.10526315789474,6.70857142857143,30,17,5,19,28,499,349,150,53,178,321,6.21561122244489,6.53750716332378,5.46666666666667,5.9188679245283,6.15842696629213,6.24732087227414,15
"18",2010,6,6.04230769230769,26,6.37647058823529,5.41111111111111,6.23333333333333,5.9,6.10555555555556,17,9,3,8,18,525,366,159,56,186,339,6.20702857142857,6.53002732240437,5.46352201257862,5.93571428571429,6.14731182795699,6.23979351032448,16
"19",2010,7,6.115,45,6.29741379310345,5.784375,6,6.03846153846154,6.14609375,29,16,4,13,32,570,395,175,60,199,371,6.19976315789474,6.51294936708861,5.49285714285714,5.94,6.14020100502513,6.2317115902965,17
"20",2010,8,6.50263157894737,38,6.92962962962963,5.45454545454545,5.88333333333333,6.5375,6.49333333333333,27,11,6,8,30,608,422,186,66,207,401,6.21869243421053,6.53960900473934,5.49059139784946,5.93484848484848,6.15555555555556,6.25128428927681,18
"21",2010,9,6.20161290322581,31,6.50952380952381,5.555,6,6.155,6.22380952380952,21,10,2,10,21,639,443,196,68,217,422,6.21786384976526,6.53818284424379,5.49387755102041,5.93676470588235,6.15552995391705,6.24991706161138,19
"22",2010,10,6.2469387755102,49,6.59428571428571,5.37857142857143,5.96,6.26875,6.23636363636364,35,14,5,16,33,688,478,210,73,233,455,6.21993459302325,6.54229079497908,5.48619047619048,5.93835616438356,6.16330472103004,6.24893406593407,20
"23",2010,11,6.43611111111111,54,6.77236842105263,5.6375,6.5,6.91764705882353,6.21486486486486,38,16,2,17,37,742,516,226,75,250,492,6.23566711590296,6.55923449612403,5.49690265486726,5.95333333333333,6.2146,6.24637195121951,21
"24",2010,12,6.30357142857143,56,6.7027027027027,5.52631578947368,5.5625,5.9375,6.45,37,19,8,16,40,798,553,245,83,266,532,6.24043233082707,6.56883363471971,5.49918367346939,5.91566265060241,6.19793233082707,6.26168233082707,22
"25",2011,1,6.4921052631579,76,6.68482142857143,5.9525,5.6875,6.43333333333333,6.51923076923077,56,20,4,24,52,874,609,265,87,290,584,6.26231693363844,6.57949917898194,5.53339622641509,5.9051724137931,6.21741379310345,6.2846147260274,23
"26",2011,2,6.34545454545455,55,6.58604651162791,5.48333333333333,5.66666666666667,6.47368421052632,6.27777777777778,43,12,3,19,36,929,652,277,90,309,620,6.26723896663079,6.57993098159509,5.53122743682311,5.89722222222222,6.2331715210356,6.28421774193548,24
"27",2011,3,6.22245901639344,61,6.52142857142857,5.56157894736842,5.52833333333333,6.310625,6.19111111111111,42,19,6,16,45,990,694,296,96,325,665,6.2644797979798,6.57639048991354,5.53317567567568,5.87416666666667,6.23698461538461,6.27791729323308,25
"28",2011,4,6.44230769230769,39,6.66129032258065,5.59375,6.41666666666667,6.65,6.37068965517241,31,8,3,10,29,1029,725,304,99,335,694,6.27121963070943,6.58002068965517,5.53476973684211,5.89060606060606,6.24931343283582,6.2817939481268,26
"29",2011,5,6.26630434782609,46,6.80172413793103,5.35294117647059,4.75,6.47727272727273,6.2,29,17,4,11,35,1075,754,321,103,346,729,6.27100930232558,6.58854774535809,5.52514018691589,5.84631067961165,6.25656069364162,6.27786694101509,27
"30",2011,6,6.52137254901961,51,6.69685714285714,6.1375,6.01111111111111,6.58,6.48354838709677,35,16,9,20,31,1126,789,337,112,366,760,6.28234902309059,6.59335234474018,5.55421364985163,5.85955357142857,6.27423497267759,6.28625657894737,28
"31",2011,7,6.11415094339623,53,6.39375,5.25384615384615,4.5,6.21428571428571,6.07820512820513,40,13,3,14,39,1179,829,350,115,380,799,6.27478795589483,6.58372135102533,5.54305714285714,5.82408695652174,6.27202631578947,6.2761013767209,29
"32",2011,8,6.51041666666667,48,6.81578947368421,5.35,5.2,6.65909090909091,6.46621621621622,38,10,5,11,37,1227,867,360,120,391,836,6.28400570497147,6.59389273356401,5.53769444444444,5.79808333333333,6.28291560102302,6.28451555023924,30
"33",2011,9,6.27692307692308,39,6.41538461538462,6,6.2,5.71428571428571,6.4,26,13,5,7,32,1266,893,373,125,398,868,6.28378751974723,6.5886954087346,5.55380697050938,5.81416,6.27291457286432,6.28877304147465,31
"34",2011,10,6.44237288135593,59,6.8468085106383,4.85833333333333,6.15,6.5,6.43061224489796,47,12,2,10,49,1325,940,385,127,408,917,6.29084905660377,6.60160106382979,5.53212987012987,5.81944881889764,6.27848039215686,6.29635223555071,32
"35",2011,11,6.61444444444444,45,6.85161290322581,6.08928571428571,6.58333333333333,5.76111111111111,6.82777777777778,31,14,6,9,36,1370,971,399,133,417,953,6.30147810218978,6.60958290422245,5.55167919799499,5.85390977443609,6.26731414868105,6.31642707240294,33
"36",2011,12,6.0468085106383,47,6.15789473684211,5.57777777777778,5.5,6.225,5.98571428571429,38,9,2,12,35,1417,1009,408,135,429,988,6.29303105151729,6.59257185332012,5.55225490196078,5.84866666666667,6.26613053613053,6.30471153846154,34
"37",2012,1,6.29296875,64,6.5125,5.634375,5.15,6.06842105263158,6.38777777777778,48,16,5,19,45,1481,1057,424,140,448,1033,6.29302835921675,6.58893566698202,5.5553537735849,5.82371428571428,6.25774553571428,6.30833010648596,35
"38",2012,2,6.17985074626866,67,6.67934782608696,5.08571428571429,5.5,5.71111111111111,6.35204081632653,46,21,6,18,49,1548,1103,445,146,466,1082,6.28812984496124,6.59270625566636,5.53319101123595,5.81041095890411,6.23663090128755,6.31030961182995,36
"39",2012,3,6.82954545454545,44,7.04838709677419,6.30769230769231,5.75,6.30384615384615,7.05,31,13,4,13,31,1592,1134,458,150,479,1113,6.30309359296482,6.60516313932981,5.55517467248908,5.8088,6.23845511482255,6.33091194968554,37
"40",2012,4,6.18181818181818,44,6.46666666666667,5.32727272727273,4.75,6.2,6.17948717948718,33,11,4,5,39,1636,1167,469,154,484,1152,6.29983190709046,6.60124678663239,5.54982942430704,5.7812987012987,6.23805785123967,6.32578559027778,38
"41",2012,5,6.45,49,6.61973684210526,5.86363636363636,5.625,6.08928571428571,6.59428571428571,38,11,4,14,35,1685,1205,480,158,498,1187,6.30419881305638,6.60182987551867,5.55702083333333,5.7773417721519,6.23387550200803,6.33370261162595,39
"42",2012,6,6.10227272727273,44,6.41935483870968,5.34615384615385,6.4,5.66666666666667,6.32758620689655,31,13,5,15,29,1729,1236,493,163,513,1216,6.29906015037594,6.59725323624596,5.55146044624746,5.79644171779141,6.21729044834308,6.33355674342105,40
"43",2012,7,6.1916,50,6.34459459459459,5.75615384615385,5.58333333333333,6.66666666666667,6.04157894736842,37,13,6,12,38,1779,1273,506,169,525,1254,6.29603991006183,6.58990966221524,5.55671936758893,5.78887573964497,6.2275619047619,6.32470893141946,41
"44",2012,8,6.44210526315789,57,6.59302325581395,5.97857142857143,6.25,6.45263157894737,6.43684210526316,43,14,4,19,38,1836,1316,520,173,544,1292,6.30057461873638,6.59001139817629,5.56807692307692,5.79953757225433,6.23542279411765,6.32800696594427,42
"45",2012,9,6.45777777777778,45,6.815625,5.57692307692308,4.83333333333333,6.65384615384615,6.378125,32,13,3,13,32,1881,1348,533,176,557,1324,6.30433545986178,6.59536721068249,5.56829268292683,5.78306818181818,6.24518850987433,6.32921827794562,43
"46",2012,10,6.43392857142857,56,6.72368421052632,5.82222222222222,6.28571428571429,7.03846153846154,6.25116279069767,38,18,7,13,43,1937,1386,551,183,570,1367,6.30808208569954,6.59888528138528,5.57658802177858,5.80229508196721,6.26328070175439,6.32676298463789,44
"47",2012,11,6.22946428571429,56,6.64342105263158,5.35555555555556,5.37777777777778,5.75,6.36022727272727,38,18,9,12,44,1993,1424,569,192,582,1411,6.30587305569493,6.60007373595506,5.56959578207381,5.78239583333333,6.25269759450172,6.32780652019844,45
"48",2012,12,5.83030303030303,66,5.966,5.40625,5.33333333333333,5.44375,5.954,50,16,6,16,50,2059,1474,585,198,598,1461,6.29062894609033,6.57856512890095,5.5651282051282,5.76878787878788,6.23105351170569,6.31501368925394,46
"49",2013,1,6.22089552238806,67,6.41896551724138,4.94444444444444,4.5,5.38461538461539,6.42222222222222,58,9,3,13,54,2126,1532,594,201,611,1515,6.28843132643462,6.572522845953,5.55572390572391,5.74985074626866,6.2130441898527,6.31883498349835,47
"50",2013,2,6.388,45,6.61393939393939,5.76666666666667,6.25,6.78888888888889,6.28777777777778,33,12,4,9,36,2171,1565,606,205,620,1551,6.29049516351911,6.57339616613419,5.55990099009901,5.75960975609756,6.22140322580645,6.31811411992263,48
"51",2013,3,6.14782608695652,46,6.51764705882353,5.1,4.16666666666667,6.46428571428571,6.009375,34,12,3,14,32,2217,1599,618,208,634,1583,6.2875349571493,6.57221075672295,5.55097087378641,5.73663461538461,6.22676656151419,6.31187302590019,49
"52",2013,4,6.1,45,6.27272727272727,5.625,5.71428571428571,6.04166666666667,6.12121212121212,33,12,7,12,33,2262,1632,630,215,646,1616,6.2838041556145,6.56615502450981,5.55238095238095,5.73590697674419,6.22332817337461,6.30797957920792,50
"53",2013,5,6.47714285714286,35,6.50714285714286,6.35714285714286,6.33333333333333,6.92857142857143,6.36428571428571,28,7,3,7,28,2297,1660,637,218,653,1644,6.28675010883761,6.56515963855422,5.56122448979592,5.74412844036697,6.23088820826952,6.30893856447689,51
"54",2013,6,6.28333333333333,51,6.57375,5.22727272727273,5,6.059375,6.38571428571429,40,11,4,16,35,2348,1700,648,222,669,1679,6.28667589437819,6.56536176470588,5.55555555555555,5.73072072072072,6.22678624813154,6.31053901131626,52
"55",2013,7,6.0063829787234,47,6.23783783783784,5.15,5.375,5.94444444444444,6.02105263157895,37,10,4,9,38,2395,1737,658,226,678,1717,6.28117536534447,6.55838514680484,5.54939209726444,5.72442477876106,6.22303834808259,6.30413220733838,53
"56",2013,8,6.26333333333333,45,6.68666666666667,5.41666666666667,5.26666666666667,6.52307692307692,6.1578125,30,15,3,13,32,2440,1767,673,229,691,1749,6.28084631147541,6.56056310130164,5.5464338781575,5.71842794759825,6.22868306801737,6.30145511720983,54
"57",2013,9,6.24,45,6.60344827586207,5.58125,5.42857142857143,6.05,6.29428571428571,29,16,7,10,35,2485,1796,689,236,701,1784,6.28010663983903,6.56125556792873,5.54724238026125,5.70983050847458,6.22613409415121,6.30131446188341,55
"58",2013,10,5.92363636363636,55,6.1,5.52941176470588,5.125,6.15,5.87333333333333,38,17,8,10,45,2540,1834,706,244,711,1829,6.27238779527559,6.55169847328244,5.54681303116147,5.69065573770492,6.22506329113924,6.29078458173865,56
"59",2013,11,6.05208333333333,48,6.48484848484848,5.1,5.14285714285714,5.75,6.13157894736842,33,15,7,10,38,2588,1867,721,251,721,1867,6.26830177743431,6.55051687198715,5.5375173370319,5.67537848605578,6.21847434119279,6.28754418853776,57
"60",2013,12,6.62153846153846,65,6.70357142857143,6.11111111111111,6,6.38888888888889,6.65892857142857,56,9,3,9,56,2653,1923,730,254,730,1923,6.27695627591406,6.55497399895996,5.54458904109589,5.6792125984252,6.22057534246575,6.29835933437337,58
"61",2014,1,6.38918918918919,74,6.54590163934426,5.65384615384615,5.9375,6.49090909090909,6.37142857142857,61,13,8,11,63,2727,1984,743,262,741,1986,6.28000183351668,6.55469506048387,5.54650067294751,5.68709923664122,6.22458839406208,6.30067724068479,59
"62",2014,2,5.93207547169811,53,6.32285714285714,5.17222222222222,5.22,5.7,5.98604651162791,35,18,5,10,43,2780,2019,761,267,751,2029,6.27336870503597,6.55067607726597,5.53764783180026,5.67835205992509,6.21760319573901,6.29400936421882,60
"63",2014,3,6.6304347826087,46,6.97941176470588,5.64166666666667,6.25,6.45,6.68055555555556,34,12,2,10,36,2826,2053,773,269,761,2065,6.27918082094834,6.55777642474428,5.53926261319534,5.68260223048327,6.22065703022339,6.30074818401937,61
"64",2014,4,6.39404761904762,42,6.7,5.71153846153846,5.4375,5.73333333333333,6.50416666666667,29,13,4,6,36,2868,2082,786,273,767,2101,6.2808629707113,6.55975744476465,5.54211195928753,5.67901098901099,6.21684485006519,6.30423369823893,62
"65",2014,5,6.22794117647059,34,6.75,5.13636363636364,5.625,5.1,6.69791666666667,23,11,4,10,24,2902,2105,797,277,777,2125,6.28024293590627,6.56183610451306,5.53651191969887,5.67823104693141,6.20247104247104,6.30868,63
"66",2014,6,6.28225806451613,31,6.40625,5.85714285714286,7,6.41111111111111,6.22954545454545,24,7,1,9,22,2933,2129,804,278,786,2147,6.28026423457211,6.56008219821512,5.53930348258706,5.68298561151079,6.20486005089058,6.30786911970191,64
"67",2014,7,6.0859649122807,57,6.05365853658537,6.16875,5.33333333333333,6.75714285714286,5.992,41,16,3,7,50,2990,2170,820,281,793,2197,6.2765602006689,6.55051382488479,5.55158536585366,5.67925266903914,6.20973518284994,6.30068047337278,65
"68",2014,8,6.05681818181818,44,6.38709677419355,5.26923076923077,5.3,6,6.06410256410256,31,13,5,5,39,3034,2201,833,286,798,2236,6.27337343441002,6.54821217628351,5.54717887154862,5.67262237762238,6.20842105263158,6.29655411449016,66
"69",2014,9,6.56976744186047,43,6.71621621621622,5.66666666666667,6,6.7,6.55263157894737,37,6,1,5,38,3077,2238,839,287,803,2274,6.27751543711407,6.55098972296694,5.54803337306317,5.67376306620209,6.21148194271482,6.30083333333333,67
"70",2014,10,6.23936170212766,47,6.46212121212121,5.71428571428571,6.33333333333333,6.125,6.27027027027027,33,14,3,10,37,3124,2271,853,290,813,2311,6.2769414212548,6.54969837076178,5.55076201641266,5.68058620689655,6.21041820418204,6.30034400692341,68
"71",2014,11,6.37127659574468,47,6.39558823529412,6.30769230769231,5.8,6.86538461538461,6.18235294117647,34,13,5,13,34,3171,2305,866,295,826,2345,6.27833964049196,6.54742516268981,5.5621247113164,5.68261016949152,6.22072639225181,6.29863326226013,69
"72",2014,12,6.25555555555556,54,6.50769230769231,5.6,5.14285714285714,7.3,6.14897959183673,39,15,7,5,49,3225,2344,881,302,831,2394,6.27795813953488,6.54676407849829,5.5627695800227,5.67009933774834,6.2272202166065,6.29557017543859,70
"73",2015,1,6.25654761904762,84,6.41532258064516,5.80909090909091,5.06,6.5,6.22733333333333,62,22,5,9,75,3309,2406,903,307,840,2469,6.27741462677546,6.54337697423109,5.5687707641196,5.66016286644951,6.23014285714286,6.2934973673552,71
"74",2015,2,5.81481481481481,54,6.225,4.64285714285714,4.5,6.32727272727273,5.68372093023256,40,14,2,11,43,3363,2446,917,309,851,2512,6.2699866190901,6.53817048242028,5.5546346782988,5.65265372168285,6.23139835487661,6.28305931528662,72
"75",2015,3,6.43148148148148,54,6.88461538461539,5.25333333333333,5,6.375,6.44761904761905,39,15,6,12,42,3417,2485,932,315,863,2554,6.27253877670471,6.54360764587525,5.54978540772532,5.64022222222222,6.23339513325608,6.28576546593578,73
"76",2015,4,5.96875,48,6.40384615384615,5.45454545454545,6.275,4.78888888888889,6.24102564102564,26,22,4,9,39,3465,2511,954,319,872,2593,6.26833044733045,6.54216049382716,5.5475890985325,5.64818181818182,6.21848623853211,6.28509255688392,74
"77",2015,5,6.22452830188679,53,6.49736842105263,5.53333333333333,5.38888888888889,6.17692307692308,6.24,38,15,9,13,40,3518,2549,969,328,885,2633,6.26767055144969,6.54149274225187,5.54736842105263,5.64106707317073,6.21787570621469,6.28440751993923,75
"78",2015,6,5.98536585365854,41,6.47777777777778,5.03571428571429,4,5.66,6.03055555555556,27,14,3,5,36,3559,2576,983,331,890,2669,6.2644183759483,6.54082492236025,5.54008138351984,5.62619335347432,6.21474157303371,6.28098351442488,76
"79",2015,7,6.34081632653061,49,6.53684210526316,5.66363636363636,6.54285714285714,6.3,6.35555555555556,38,11,7,13,36,3608,2614,994,338,903,2705,6.26545593126386,6.54076702371844,5.54144869215292,5.6451775147929,6.21596899224806,6.28197597042514,77
"80",2015,8,6.26,50,6.44871794871795,5.59090909090909,5,5.33333333333333,6.46341463414634,39,11,1,9,41,3658,2653,1005,339,912,2746,6.2653813559322,6.53941387108934,5.54199004975124,5.64327433628318,6.20725877192982,6.28468499635834,78
"81",2015,9,6.28,65,6.66078431372549,4.89285714285714,5,6.35,6.25714285714286,51,14,3,16,49,3723,2704,1019,342,928,2795,6.26563658340048,6.54170303254438,5.53307163886163,5.63763157894737,6.20971982758621,6.28420214669052,79
"82",2015,10,6.30943396226415,53,6.54222222222222,5,NA,6.81818181818182,6.17619047619048,45,8,0,11,42,3776,2749,1027,342,939,2837,6.26625132415254,6.54171153146599,5.52891918208374,5.63763157894737,6.21684771033014,6.28260310186817,80
"83",2015,11,6.004,50,6.31428571428571,5.28,5.3,6,6.00454545454545,35,15,5,6,44,3826,2784,1042,347,945,2881,6.26282409827496,6.53885237068966,5.5253358925144,5.63276657060519,6.2154708994709,6.27835647344672,81
"84",2015,12,5.90921875,64,6.03617021276596,5.55823529411765,5.5625,5.46357142857143,6.034,47,17,8,14,50,3890,2831,1059,355,959,2931,6.25700642673522,6.53050688802544,5.52586402266289,5.63118309859155,6.20449426485923,6.27418799044694,82
"85",2016,1,6.07763157894737,76,6.41428571428571,5.46666666666667,5.7,6.03846153846154,6.08571428571429,49,27,10,13,63,3966,2880,1086,365,972,2994,6.25356908724155,6.52852951388889,5.52439226519337,5.63306849315068,6.20227366255144,6.27022211088844,83
"86",2016,2,6.2925,40,6.57857142857143,5.625,5.66666666666667,7.34,6.14285714285714,28,12,6,5,35,4006,2908,1098,371,977,3029,6.25395781328008,6.52901134800551,5.52549180327869,5.63361185983827,6.20809621289662,6.26875041267745,84
"87",2016,3,6.16428571428571,56,6.68947368421053,5.05555555555556,4.92,6.04285714285714,6.2047619047619,38,18,5,14,42,4062,2946,1116,376,991,3071,6.25272156573117,6.5310811269518,5.51791218637993,5.62412234042553,6.20576185671039,6.26787528492348,85
"88",2016,4,6.08977272727273,44,6.30172413793103,5.68,5.66666666666667,5.35714285714286,6.22837837837838,29,15,3,7,37,4106,2975,1131,379,998,3108,6.25097540185095,6.52884537815126,5.52006189213086,5.62445910290237,6.19980961923848,6.26740508365508,86
"89",2016,5,6.35723076923077,65,6.6344,5.43333333333333,5.66666666666667,6.0875,6.39508771929825,50,15,3,8,57,4171,3025,1146,382,1006,3165,6.25263126348598,6.53059008264463,5.51892670157068,5.62479057591623,6.19891650099404,6.26970458135861,87
"90",2016,6,6.49578,50,6.75105405405405,5.76923076923077,5.33333333333333,6.71428571428571,6.46020930232558,37,13,6,7,43,4221,3062,1159,388,1013,3208,6.25551149016821,6.53325408229916,5.52173425366695,5.62028350515464,6.2024777887463,6.27225810473815,88
"91",2016,7,6.26851851851852,54,6.59756097560976,5.23076923076923,5,6.15,6.29545454545455,41,13,5,10,44,4275,3103,1172,393,1023,3252,6.25567578947369,6.53410377054464,5.51850682593857,5.61239185750636,6.20196480938416,6.27257195571956,89
"92",2016,8,6.6271186440678,59,6.81,5.61111111111111,3.66666666666667,6.58333333333333,6.63207547169811,50,9,3,6,53,4334,3153,1181,396,1029,3305,6.26073234886941,6.53847890897558,5.51921253175275,5.59765151515151,6.20418853255588,6.27833706505295,90
"93",2016,9,6.30615384615385,65,6.664,5.11333333333333,4.81666666666667,5.26363636363636,6.51851851851852,50,15,6,11,54,4399,3203,1196,402,1040,3359,6.26140350079564,6.54043833905714,5.5141220735786,5.58599502487562,6.19424038461538,6.28219827329562,91
"94",2016,10,6.18094594594595,74,6.52622641509434,5.30952380952381,6,6.5,6.13676923076923,53,21,4,9,65,4473,3256,1217,406,1049,3424,6.26007243460765,6.54020700245701,5.51059161873459,5.59007389162561,6.19686367969495,6.2794375,92
"95",2016,11,6.09,60,6.38888888888889,5.19333333333333,5.31666666666667,5.45,6.218,45,15,6,10,50,4533,3301,1232,412,1059,3474,6.25782131039047,6.53814419872766,5.50672889610389,5.58609223300971,6.18981114258735,6.2785532527346,93
"96",2016,12,6.07475,80,6.52801724137931,4.87977272727273,5.2,6.35892857142857,6.0144696969697,58,22,8,14,66,4613,3359,1254,420,1073,3540,6.2546464339909,6.53796933611194,5.49572966507177,5.57873809523809,6.19201770736253,6.27362966101695,94
"97",2017,1,6.38181818181818,88,6.76571428571429,4.88888888888889,5.75,6.54375,6.34583333333333,70,18,4,16,72,4701,3429,1272,424,1089,3612,6.25702701552861,6.54261854768154,5.48714229559748,5.5803537735849,6.1971854912764,6.27506893687708,95
"98",2017,2,6.41267605633803,71,6.76842105263158,4.96428571428571,6.3,7.1875,6.31428571428571,57,14,5,8,63,4772,3486,1286,429,1097,3675,6.25934283319363,6.54631067125646,5.48145023328149,5.58874125874126,6.20440747493163,6.2757412244898,96
"99",2017,3,6.45173076923077,52,6.92942857142857,5.46823529411765,5.3,6.6875,6.40886363636364,35,17,5,8,44,4824,3521,1303,434,1105,3719,6.26141666666667,6.55011900028401,5.48127782041443,5.58541474654378,6.20790497737556,6.27731621403603,97
"100",2017,4,6.31632653061224,49,6.595,5.07777777777778,6.06666666666667,7.225,6.1390243902439,40,9,3,8,41,4873,3561,1312,437,1113,3760,6.26196880771599,6.55062313956754,5.47850990853658,5.58871853546911,6.21521563342318,6.27580824468085,98
"101",2017,5,6.3840625,64,6.56416666666667,5.84375,5,6.16,6.41607142857143,48,16,5,8,56,4937,3609,1328,442,1121,3816,6.263551549524,6.55080326960377,5.48291039156626,5.58205882352941,6.21482158786797,6.27786661425576,99
"102",2017,6,6.04905660377359,53,6.14054054054054,5.8375,5.3,6.3125,6.00222222222222,37,16,6,8,45,4990,3646,1344,448,1129,3861,6.26127334669339,6.54663987931981,5.48713169642857,5.57828125,6.21551372896368,6.27465397565398,100
"103",2017,7,6.17710526315789,76,6.41381818181818,5.55714285714286,4.5,5.69230769230769,6.27714285714286,55,21,8,13,63,5066,3701,1365,456,1142,3924,6.26001065929728,6.54466603620643,5.48820879120879,5.55936403508772,6.20955779334501,6.27469393476045,101
"104",2017,8,5.76527777777778,72,5.93703703703704,5.25,5.66666666666667,5.16666666666667,5.85079365079365,54,18,6,9,63,5138,3755,1383,462,1151,3987,6.25307785130401,6.53592782956059,5.48510845986985,5.56075757575757,6.20140312771503,6.26799573614246,102
"105",2017,9,6.26612903225806,62,6.66279069767442,5.36842105263158,3.5,5.28125,6.60869565217391,43,19,4,16,46,5200,3798,1402,466,1167,4033,6.25323346153846,6.53736413902054,5.48352710413694,5.5430686695279,6.18878748928877,6.27188172576246,103
"106",2017,10,6.05409836065574,61,6.57380952380952,4.90526315789474,3.8,6.27272727272727,6.006,42,19,4,11,50,5261,3840,1421,470,1178,4083,6.25092453906102,6.53776276041667,5.47579521463758,5.52823404255319,6.18957130730051,6.2686257653686,104
"107",2017,11,6.20140845070423,71,6.39895833333333,5.78913043478261,5.08333333333333,5.43125,6.29920634920635,48,23,6,8,63,5332,3888,1444,476,1186,4146,6.25026519129783,6.53604912551441,5.48078601108033,5.52262605042017,6.18445615514334,6.26909044862518,105
"108",2017,12,6.3048,75,6.41363636363636,6.0055,6.75,6,6.35169230769231,55,20,4,10,65,5407,3943,1464,480,1196,4211,6.25102163861661,6.53434161805732,5.48795423497268,5.53285416666666,6.18291387959866,6.27036547138447,106
"109",2018,1,6.3441592920354,113,6.6875,5.34965517241379,5,5.54545454545455,6.43029411764706,84,29,7,11,102,5520,4027,1493,487,1207,4313,6.25292826086957,6.53753637943879,5.48526791694575,5.52519507186858,6.17710439105219,6.2741476930211,107
"110",2018,2,6.48,75,6.85576923076923,5.6304347826087,5.71428571428571,7.07142857142857,6.34426229508197,52,23,7,14,61,5595,4079,1516,494,1221,4374,6.25597211796247,6.54159328266732,5.48747031662269,5.52787449392712,6.18735872235872,6.27512551440329,108
"111",2018,3,6.43078081081081,74,6.657265,5.89545454545455,5.5,5.31818181818182,6.62504412698413,52,22,4,11,63,5669,4131,1538,498,1232,4437,6.2582539742459,6.54304932946018,5.49330624187256,5.52765060240964,6.17959821428571,6.2800939328375,109
"112",2018,4,6.57731343283582,67,6.73836734693878,6.13888888888889,5.1,5.6,6.65612903225806,49,18,5,5,62,5736,4180,1556,503,1237,4499,6.26198078451883,6.54533894258373,5.50077442159383,5.52339960238568,6.1772554567502,6.28527601244721,110
"113",2018,5,6.09526887096774,62,6.38155046511628,5.44736842105263,5.25,5.89380928571429,6.15402791666667,43,19,4,14,48,5798,4223,1575,507,1251,4547,6.26019807692308,6.54367119346437,5.50013015873016,5.52124260355029,6.17408339728217,6.28389050362876,111
"114",2018,6,6.337828125,64,6.79487179487179,5.62484,5.66666666666667,6.83333333333333,6.22348076923077,39,25,3,12,52,5862,4262,1600,510,1263,4599,6.26104562436029,6.54596983810418,5.50207875,5.52209803921568,6.18034705463183,6.28320746249184,112
"115",2018,7,6.21402293103448,58,6.35362955555556,5.73076923076923,5,6.11111111111111,6.23292510204082,45,13,2,9,49,5920,4307,1613,512,1272,4648,6.26058492905406,6.54396024611099,5.50392188468692,5.52005859375,6.17985717767296,6.28267737736661,113
"116",2018,8,6.73934426229508,61,7.042,5.36363636363636,4,6.28571428571429,6.79814814814815,50,11,1,7,54,5981,4357,1624,513,1279,4702,6.26546777796355,6.5496756437916,5.50297167487685,5.5170955165692,6.18043653635653,6.28859728838792,114
"117",2018,9,6.31595744680851,47,6.65441176470588,5.43076923076923,6,6.12,6.33928571428571,34,13,2,5,42,6028,4391,1637,515,1284,4744,6.26586144326477,6.55048662719199,5.50239828955406,5.51897087378641,6.18020119158879,6.28904604763912,115
"118",2018,10,6.15425925925926,54,6.4875,5.20214285714286,4.9575,6.37153846153846,6.08536585365854,40,14,4,13,41,6082,4431,1651,519,1297,4785,6.26487056560342,6.54991802753329,5.49985221078134,5.51464354527938,6.18211898997687,6.28730082549634,116
"119",2018,11,6.389375,64,6.6484,5.46428571428571,7,6.41,6.38555555555556,50,14,1,10,54,6146,4481,1665,520,1307,4839,6.26616706475757,6.55101691140371,5.49955315315315,5.5175,6.18386253251722,6.28839728249638,117
"120",2018,12,6.2156338028169,71,6.41857142857143,5.76363636363636,5.4375,6.75,6.12803278688525,49,22,8,10,61,6217,4530,1687,528,1317,4900,6.26558995978768,6.5495842781457,5.50299703615886,5.51628787878788,6.18816122247532,6.28640090816326,118
"121",2019,1,6.15297297297297,74,6.52892857142857,4.98333333333333,4,5.8125,6.19424242424242,56,18,5,8,66,6291,4586,1705,533,1325,4966,6.26426526466381,6.54933204971653,5.49751085043988,5.50206378986867,6.18589307924528,6.28517608739428,119
"122",2019,2,6.41724137931034,58,6.61818181818182,5.78571428571429,5,7.33333333333333,6.36727272727273,44,14,5,3,55,6349,4630,1719,538,1328,5021,6.26566274688927,6.54998634557236,5.49985805700989,5.49739776951673,6.18848518825301,6.28607537343158,120
"123",2019,3,6.14253731343284,67,6.48061224489796,5.22222222222222,4,5.7375,6.19745762711864,49,18,2,8,59,6416,4679,1737,540,1336,5080,6.26437699189526,6.54925983757213,5.49698100172711,5.49185185185185,6.18578467814371,6.2850461515748,121
"124",2019,4,6.14084507042254,71,6.30188679245283,5.66666666666667,5.375,6.2,6.125,53,18,4,15,56,6487,4732,1755,544,1351,5136,6.26302493910899,6.54648917582418,5.49872136752137,5.49099264705882,6.18594250925241,6.28330110007788,122
"125",2019,5,6.06722222222222,72,6.38153846153846,5.25,5.71428571428571,5.86363636363636,6.10393442622951,52,20,7,11,61,6559,4784,1775,551,1362,5197,6.26087555724958,6.54469623327759,5.49591887323944,5.49382940108893,6.18333944933921,6.28119577640946,123
"126",2019,6,5.87037037037037,54,6.0625,5.32142857142857,4.33333333333333,6.14285714285714,5.82978723404255,40,14,3,7,47,6613,4824,1789,554,1369,5244,6.25768679570543,6.54069792288557,5.49455338177753,5.48754512635379,6.18313245434624,6.27714997139588,124
"127",2019,7,5.93409090909091,66,6.09042553191489,5.54736842105263,4.6,5.6,5.98684210526316,47,19,5,9,57,6679,4871,1808,559,1378,5301,6.25448911214254,6.53635327037569,5.49510840707964,5.47960644007155,6.1793238969521,6.27402838143746,125
"128",2019,8,6.61064333333333,57,6.55626024390244,6.75,7,6.75,6.57348155555556,41,16,5,12,45,6736,4912,1824,564,1390,5346,6.25750288747031,6.53651943200326,5.50611622807017,5.49308510638298,6.1842505971223,6.27654903105125,126
"129",2019,9,6.3053488372093,86,6.57230769230769,5.47904761904762,4.92857142857143,5.83333333333333,6.38189189189189,65,21,7,12,74,6822,4977,1845,571,1402,5420,6.2581060466139,6.53698682941531,5.5058081300813,5.4861646234676,6.1812470256776,6.27798729151291,127
"130",2019,10,6.34924242424242,66,6.71777777777778,5.55952380952381,4.65,6.40909090909091,6.33727272727273,45,21,5,11,55,6888,5022,1866,576,1413,5475,6.25897930458769,6.53860681999204,5.50641264737406,5.47890625,6.18302075725407,6.27858285296803,128
"131",2019,11,6.42189873417722,79,6.5484126984127,5.92375,5.875,6.38533333333333,6.43046875,63,16,8,15,64,6967,5085,1882,584,1428,5539,6.26082667575714,6.53872830875123,5.50996068012752,5.48433219178082,6.18514588935574,6.28033780826864,129
"132",2019,12,6.60257731958763,97,6.88378378378378,5.69782608695652,5.1,7.33,6.51896551724138,74,23,5,10,87,7064,5159,1905,589,1438,5626,6.26551945781427,6.54367773793371,5.51222887139107,5.48106960950764,6.19310732267038,6.28402792747956,130
"133",2020,1,5.84347336134454,119,6.11463597701149,5.10625,4.7,5.42307692307692,5.89503141509434,87,32,5,13,106,7183,5246,1937,594,1451,5732,6.25852746484756,6.53656248189097,5.5055219411461,5.47449494949495,6.18620835975189,6.2768343422889,131
"134",2020,2,6.10813953488372,86,6.43538461538462,5.09523809523809,5.75,6.25,6.09358974358974,65,21,10,8,78,7269,5311,1958,604,1459,5810,6.25674821571055,6.53532419130108,5.5011215526047,5.47905629139073,6.1865581425634,6.27437425989673,132
"135",2020,3,6.71729166666667,96,6.89675675675676,6.11363636363636,5.35714285714286,6.92,6.66394736842105,74,22,7,20,76,7365,5385,1980,611,1479,5886,6.26275122606925,6.54029095264624,5.50792727272727,5.47765957446808,6.1964762204192,6.27940442575603,133
"136",2020,4,6.39545454545455,66,6.60566037735849,5.53846153846154,5.75,6.77777777777778,6.33508771929825,53,13,4,9,57,7431,5438,1993,615,1488,5943,6.26392985870004,6.5409280581096,5.50812644254892,5.47943089430894,6.19999215725806,6.27993849066128,134
"137",2020,5,6.49204545454545,88,6.6109375,6.175,6.2,6.51428571428571,6.48783783783784,64,24,6,14,74,7519,5502,2017,621,1502,6017,6.26659965154941,6.5417424173028,5.51606147744174,5.48639291465378,6.20292165778961,6.28249533820841,135
"138",2020,6,6.39027397260274,73,6.61492063492063,4.975,4.9375,5.894,6.46904761904762,63,10,4,10,63,7592,5565,2027,625,1512,6080,6.26778882771338,6.54257084995508,5.5133922052294,5.48288,6.20087852513227,6.28442836348684,136
"139",2020,7,6.22758620689655,58,6.30869565217391,5.91666666666667,5.8,6.08333333333333,6.24423076923077,46,12,5,6,52,7650,5611,2039,630,1518,6132,6.26748402352941,6.54065349848512,5.51576557135851,5.48539682539682,6.20041391963109,6.28408748369211,137
"140",2020,8,6.68222222222222,81,7.00393442622951,5.701,5.75,8.24,6.51150684931507,61,20,4,8,73,7731,5672,2059,634,1526,6205,6.27182935972061,6.54563589210155,5.51756483729966,5.48706624605678,6.21110637614679,6.28676300564061,138
"141",2020,9,6.42921348314607,89,6.7921875,5.5,4.2,6.76666666666667,6.36081081081081,64,25,5,15,74,7820,5736,2084,639,1541,6279,6.2736205601023,6.54838681659693,5.51735412667946,5.47699530516432,6.21651416612589,6.28763568243351,139
"142",2020,10,6.56080805194805,77,6.8231596875,5.26923076923077,5.3,6.69230769230769,6.5340971875,64,13,5,13,64,7897,5800,2097,644,1554,6343,6.27642079270609,6.55141879310345,5.5158159275155,5.47562111801242,6.22049442084942,6.2901224452152,140
"143",2020,11,6.47777777777778,99,6.74567901234568,5.27222222222222,4.7,7.16666666666667,6.40888888888889,81,18,2,9,90,7996,5881,2115,646,1563,6433,6.27891383191596,6.55409437170549,5.51374278959811,5.47321981424148,6.22594262955854,6.2917840307788,141
"144",2020,12,6.31779646017699,113,6.73094117647059,5.06360714285714,5,5.8925625,6.3879381443299,85,28,4,16,97,8109,5966,2143,650,1579,6530,6.27945566654335,6.55661397921556,5.50786140923938,5.47030769230769,6.22256449018366,6.29321235375191,142
"145",2021,1,6.53200544715447,123,6.612254,6.06388888888889,7,6.32857142857143,6.55813458715596,105,18,1,14,109,8232,6071,2161,651,1593,6639,6.28322918731779,6.55757629220886,5.51249282739472,5.4726574500768,6.22349612680477,6.29756188281367,143
"146",2021,2,6.3133002970297,101,6.56759036144578,5.14074055555556,5.04,6.4,6.30270366666667,83,18,5,11,90,8333,6154,2179,656,1604,6729,6.28359366374655,6.55771135359116,5.50942190454337,5.46935975609756,6.22470656483791,6.29763065388616,144
"147",2021,3,6.63489655172414,87,6.83194285714286,5.82352941176471,5.4,6.39573333333333,6.68472222222222,70,17,3,15,72,8420,6224,2196,659,1619,6801,6.28722351543943,6.56079557679949,5.51185352003643,5.4690440060698,6.22629112415071,6.30172866784296,145
"148",2021,4,6.15571428571429,70,6.38039215686275,5.55263157894737,8,6.86363636363636,6.02372881355932,51,19,1,11,59,8490,6275,2215,660,1630,6860,6.28613922261484,6.5593293498008,5.51220330925508,5.47287878787879,6.23059222699387,6.29933770699708,146
"149",2021,5,6.17085714285714,70,6.33254901960784,5.73684210526316,5,5.4375,6.26548387096774,51,19,1,8,62,8560,6326,2234,661,1638,6922,6.2851964953271,6.55750105437876,5.51411384512086,5.47216338880484,6.22671876068376,6.2990344799191,147
"150",2021,6,6.44419471910112,89,6.65677078125,5.9,4.83333333333333,5.16666666666667,6.53654614457831,64,25,9,6,83,8649,6390,2259,670,1644,7005,6.28683261995607,6.55849530516432,5.51838438689686,5.46358208955224,6.22284995742092,6.30184867951463,148
"151",2021,7,6.11097430769231,65,6.53496591836735,4.8125,5,5.9,6.14933327272727,49,16,6,10,55,8714,6439,2275,676,1654,7060,6.28552084691301,6.55831624941761,5.51341992527472,5.4594674556213,6.22089802297461,6.30066052832861,149
"152",2021,8,6.49572012345679,81,6.8274073015873,5.334815,6,7.09090909090909,6.40219042857143,63,18,4,11,70,8795,6502,2293,680,1665,7130,6.28745673564525,6.56092356044294,5.51201788050589,5.46264705882353,6.22664584384384,6.30165731556802,150
"153",2021,9,5.87262414893617,94,6.35122807017544,5.13531540540541,5.375,5.85714285714286,5.875333375,57,37,8,14,80,8889,6559,2330,688,1679,7210,6.2830699358758,6.55910123341973,5.50603590987124,5.46162790697674,6.22356481834425,6.29692695284327,151
"154",2021,10,6.31176470588235,85,6.69032258064516,5.29130434782609,6.875,7,6.26875,62,23,4,5,80,8974,6621,2353,692,1684,7290,6.28334172721195,6.56033000906208,5.50393696132597,5.46979768786127,6.22587014845606,6.29661774074074,152
"155",2021,11,6.45030861111111,72,6.51481481481482,6.25679,5.75,6.375,6.4597221875,54,18,4,8,64,9046,6675,2371,696,1692,7354,6.28467066990935,6.55996179625468,5.50965242091944,5.47140804597701,6.22657525413712,6.29803719744357,153
"156",2021,12,6.0563754368932,103,6.30722226190476,4.94736842105263,4.58333333333333,5.79411764705882,6.10821709302326,84,19,6,17,86,9149,6759,2390,702,1709,7440,6.28210050825227,6.55682078118065,5.50518238075314,5.46381766381766,6.22227345231129,6.29584304032258,154
"157",2022,1,6.13097575757576,165,6.3895390625,5.23648648648649,5.35,6.09,6.13829285714286,128,37,10,25,140,9314,6887,2427,712,1734,7580,6.27942329289242,6.55371172644112,5.50108606922126,5.46221910112359,6.22036639561707,6.29293314248021,155
"158",2022,2,6.6142652688172,93,6.71219302631579,6.17647058823529,6,6.65,6.60995987951807,76,17,6,10,83,9407,6963,2444,718,1744,7663,6.28273362602317,6.55544152376849,5.50578391571195,5.466713091922,6.22282989105505,6.29636694375571,156
"159",2022,3,6.35779220779221,77,6.60737704918033,5.40625,6.1,6.50416666666667,6.33076923076923,61,16,5,12,65,9484,7024,2460,723,1756,7728,6.28334302193168,6.5558925583713,5.50513654065041,5.47109266943291,6.22475246583144,6.29665630046583,157
"160",2022,4,6.49752941176471,85,6.89686567164179,5.01111111111111,4.32,5.25,6.66386666666667,67,18,5,10,75,9569,7091,2478,728,1766,7803,6.2852456076915,6.55911427584262,5.50154797820823,5.46318681318681,6.21923291619479,6.30018581186723,158
"161",2022,5,6.24157303370786,89,6.36969696969697,5.87391304347826,6.71666666666667,6.1,6.25365853658537,66,23,6,7,82,9658,7157,2501,734,1773,7885,6.28484315800373,6.55736751851334,5.50497236705318,5.47343324250681,6.2187621714608,6.29970195180723,159
"162",2022,6,6.24011764705882,85,6.615625,5.09571428571429,5.66666666666667,6.04285714285714,6.27901408450704,64,21,3,14,71,9743,7221,2522,737,1787,7956,6.28445296315303,6.55788385680654,5.50156458762887,5.4742198100407,6.21738406827085,6.29951733157365,160
"163",2022,7,6.22171926315789,95,6.50115736111111,5.34695652173913,5.495,4.77777777777778,6.37282941860465,72,23,4,9,86,9838,7293,2545,741,1796,8042,6.28384717930474,6.55732382558618,5.50016734381139,5.47433198380566,6.21017000556793,6.30030132056702,161
"164",2022,8,6.48101964705882,85,6.47647058823529,6.49921588235294,6.4,5.5,6.64228315068493,68,17,5,12,73,9923,7361,2562,746,1808,8115,6.28553615035776,6.55657691346285,5.50679647150664,5.48053619302949,6.20545648783186,6.30337768207024,162
"165",2022,9,6.06145094117647,85,6.27967942307692,5.71757575757576,4,5.5,6.07497987951807,52,33,2,2,83,10008,7413,2595,748,1810,8198,6.28363294864109,6.55463455955753,5.5094769017341,5.47657754010695,6.20467697790055,6.30106528665528,163
"166",2022,10,6.35602409638554,83,6.58046875,5.6,6.5,5.94545454545455,6.41875,64,19,1,11,72,10091,7477,2614,749,1821,8270,6.28422837677138,6.55485568944764,5.5101348737567,5.47794392523364,6.20311110928062,6.30208986940749,164
"167",2022,11,6.23253968253968,63,6.47065217391304,5.58823529411765,3.5,6.04166666666667,6.25263157894737,46,17,4,6,57,10154,7523,2631,753,1827,8327,6.28390767677763,6.55434082015154,5.51063951349297,5.4674369189907,6.20258091406678,6.30175131740122,165
"168",2022,12,6.314,100,6.48680555555556,5.86964285714286,6.29,6.72272727272727,6.26348314606742,72,28,5,11,89,10254,7595,2659,758,1838,8416,6.28420114589429,6.55370059117841,5.51441991726213,5.47286279683377,6.20569386833515,6.30134662785171,166
