"","year","month","avg_rating","no_ratings","avg_rating_owned","avg_rating_not_owned","avg_rating_prev_owned","avg_rating_comment","avg_rating_no_comment","no_ratings_owned","no_ratings_not_owned","no_ratings_prev_owned","no_ratings_comment","no_ratings_no_comment","cum_no_ratings","cum_no_ratings_owned","cum_no_ratings_not_owned","cum_no_ratings_prev_owned","cum_no_ratings_comment","cum_no_ratings_no_comment","cum_avg_rating","cum_avg_rating_owned","cum_avg_rating_not_owned","cum_avg_rating_prev_owned","cum_avg_rating_comment","cum_avg_rating_no_comment","month_after_release"
"1",2009,3,8,2,9,7,NA,NA,8,1,1,0,0,2,2,1,1,0,0,2,8,9,7,NA,NA,8,-1
"2",2009,4,6.55084745762712,59,7.18,6.08823529411765,8,6.35,6.65384615384615,25,34,1,20,39,61,26,35,1,20,41,6.5983606557377,7.25,6.11428571428571,8,6.35,6.71951219512195,0
"3",2009,5,7.07843137254902,51,7.45454545454545,6.79310344827586,7.8,7.05555555555556,7.08333333333333,22,29,5,9,42,112,48,64,6,29,83,6.81696428571429,7.34375,6.421875,7.83333333333333,6.56896551724138,6.90361445783132,1
"4",2009,6,6.96640816326531,98,7.25562162162162,6.79098360655738,7.4625,6.95832258064516,6.97014925373134,37,61,8,31,67,210,85,125,14,60,150,6.88670476190476,7.30538823529412,6.602,7.62142857142857,6.77013333333333,6.93333333333333,2
"5",2009,7,6.88989361702128,94,7.46891891891892,6.5140350877193,6.92,6.9765625,6.84516129032258,37,57,10,32,62,304,122,182,24,92,212,6.88769078947368,7.35498360655738,6.57445054945055,7.32916666666667,6.8419347826087,6.90754716981132,3
"6",2009,8,7.17865853658537,82,7.67763157894737,6.74772727272727,6.6,6.78870967741936,7.4156862745098,38,44,5,31,51,386,160,226,29,123,263,6.94950259067358,7.4316125,6.60818584070797,7.20344827586207,6.82852032520325,7.00608365019011,4
"7",2009,9,7.18815789473684,76,7.60540540540541,6.79230769230769,7.42857142857143,7.51086956521739,7.04811320754717,37,39,7,23,53,462,197,265,36,146,316,6.98876190476191,7.4642538071066,6.63528301886792,7.24722222222222,6.93601369863014,7.01313291139241,5
"8",2009,10,7.23076923076923,78,7.78918918918919,6.72682926829268,7.11428571428571,7.04074074074074,7.33137254901961,37,41,7,27,51,540,234,306,43,173,367,7.02371851851852,7.51563247863248,6.64754901960784,7.22558139534884,6.95235838150289,7.05735694822888,6
"9",2009,11,6.90542168674699,83,7.50897435897436,6.37045454545455,6.96,7.135,6.83253968253968,39,44,5,20,63,623,273,350,48,193,430,7.00795826645265,7.51468131868132,6.61271428571429,7.19791666666667,6.97128497409326,7.02441860465116,7
"10",2009,12,6.91867469879518,83,7.48103448275862,6.61666666666667,7.44166666666667,6.66538461538462,7.03421052631579,29,54,12,26,57,706,302,404,60,219,487,6.99746175637394,7.51145033112583,6.61324257425743,7.24666666666667,6.93496803652968,7.02556468172485,8
"11",2010,1,7.01222222222222,90,7.67424242424242,6.62894736842105,6.97941176470588,7.15925925925926,6.94920634920635,33,57,17,27,63,796,335,461,77,246,550,6.99913065326633,7.52748656716418,6.61518438177874,7.18766233766234,6.95958536585366,7.01681818181818,9
"12",2010,2,7.12,90,7.64411764705882,6.80178571428571,6.78846153846154,7.23863636363636,7.08161764705882,34,56,13,22,68,886,369,517,90,268,618,7.0114085778781,7.53823306233062,6.63539651837524,7.13,6.98249253731343,7.02394822006473,10
"13",2010,3,6.95735294117647,68,7.71,6.51976744186047,7.06818181818182,6.93333333333333,6.96415094339623,25,43,11,15,53,954,394,560,101,283,671,7.00755555555556,7.54913197969543,6.62651785714286,7.12326732673267,6.97988692579505,7.01922503725782,11
"14",2010,4,6.85490196078431,51,7.38571428571429,6.48333333333333,6.2,6.675,6.91025641025641,21,30,5,12,39,1005,415,590,106,295,710,6.99980895522388,7.54086265060241,6.61923728813559,7.07971698113208,6.96748474576271,7.01323943661972,12
"15",2010,5,6.99027777777778,72,7.50972222222222,6.47083333333333,6.8125,7.00714285714286,6.98333333333333,36,36,8,21,51,1077,451,626,114,316,761,6.99917177344476,7.53837694013304,6.61070287539936,7.0609649122807,6.97012025316456,7.01123521681997,13
"16",2010,6,7.12155172413793,58,7.5,6.83484848484848,7.40833333333333,6.8875,7.21071428571429,25,33,6,16,42,1135,476,659,120,332,803,7.00542555066079,7.53636134453782,6.62192716236722,7.07833333333333,6.96613855421687,7.02166874221669,14
"17",2010,7,7.21897674418605,43,7.87715789473684,6.69791666666667,7.15,7.54353846153846,7.07833333333333,19,24,5,13,30,1178,495,683,125,345,833,7.01322071307301,7.54944242424242,6.62459736456808,7.0812,6.98789565217391,7.02370948379352,15
"18",2010,8,6.78152173913043,46,7.49666666666667,6.43548387096774,6.33333333333333,6.51923076923077,6.88484848484848,15,31,3,13,33,1224,510,714,128,358,866,7.00451307189543,7.54789019607843,6.61638655462185,7.063671875,6.97087709497207,7.01841801385681,16
"19",2010,9,7.10877192982456,57,7.33939393939394,6.79166666666667,6.88888888888889,7.0125,7.14634146341463,33,24,9,16,41,1281,543,738,137,374,907,7.00915222482436,7.53521915285451,6.62208672086721,7.0521897810219,6.97265775401069,7.0242006615215,17
"20",2010,10,6.81478873239437,71,7.83214285714286,6.15232558139535,6.71875,7.22380952380952,6.643,28,43,8,21,50,1352,571,781,145,395,957,6.99894526627219,7.54977933450088,6.59622279129321,7.03379310344828,6.98601012658228,7.0042842215256,18
"21",2010,11,7.0850253164557,79,7.68553125,6.67617021276596,7.01111111111111,6.8725,7.15706779661017,32,47,9,20,59,1431,603,828,154,415,1016,7.00369741439553,7.55698341625207,6.60076086956522,7.03246753246753,6.98053975903614,7.01315649606299,19
"22",2010,12,7.00153846153846,65,7.21060606060606,6.7859375,6.43333333333333,7.025,6.99387755102041,33,32,6,16,49,1496,636,860,160,431,1065,7.00360360962567,7.53901100628931,6.6076511627907,7.01,6.98219025522042,7.01226948356808,20
"23",2011,1,6.97613636363636,88,7.55952380952381,6.44347826086956,7.17777777777778,6.64411764705882,7.0556338028169,42,46,9,17,71,1584,678,906,169,448,1136,7.00207765151515,7.54028171091445,6.59931567328918,7.0189349112426,6.96936160714286,7.01497975352113,21
"24",2011,2,7.20576923076923,52,7.65666666666667,6.59090909090909,5.83333333333333,7.3,7.18333333333333,30,22,3,10,42,1636,708,928,172,458,1178,7.00855195599022,7.54521327683616,6.59911637931034,6.99825581395349,6.9765807860262,7.02098217317487,22
"25",2011,3,7.14193548387097,62,7.56451612903226,6.71935483870968,6.98571428571429,7.49230769230769,7.04897959183673,31,31,7,13,49,1698,739,959,179,471,1227,7.0134222614841,7.54602300405954,6.6030031282586,6.99776536312849,6.9908152866242,7.02210024449878,23
"26",2011,4,6.93137254901961,51,7.35384615384615,6.492,6.33333333333333,6.65625,7.05714285714286,26,25,6,16,35,1749,765,984,185,487,1262,7.01102973127502,7.53949150326797,6.60018292682927,6.97621621621622,6.97982340862423,7.02307210776545,24
"27",2011,5,7.09888888888889,45,7.37692307692308,6.71842105263158,7.1,7.21818181818182,7.06029411764706,26,19,5,11,34,1794,791,1003,190,498,1296,7.01323355629878,7.53414791403287,6.60242273180459,6.97947368421053,6.98508835341365,7.02404861111111,25
"28",2011,6,6.98846153846154,39,7.57894736842105,6.4275,5.33333333333333,6.95833333333333,6.99393939393939,19,20,3,6,33,1833,810,1023,193,504,1329,7.01270649208947,7.5351987654321,6.59900293255132,6.95388601036269,6.98476984126984,7.02330097817908,26
"29",2011,7,7.16086956521739,46,8.06363636363636,6.33333333333333,6.75,7.15,7.16388888888889,22,24,4,10,36,1879,832,1047,197,514,1365,7.01633368813199,7.549171875,6.59291308500478,6.9497461928934,6.98798443579766,7.02700879120879,27
"30",2011,8,6.94074074074074,54,7.29310344827586,6.532,6.5,6.40909090909091,7.07674418604651,29,25,3,11,43,1933,861,1072,200,525,1408,7.01422193481635,7.54054703832753,6.59149253731343,6.943,6.97585523809524,7.02852769886363,28
"31",2011,9,6.75735294117647,34,7.17647058823529,6.33823529411765,6.25,6.11538461538461,7.15476190476191,17,17,4,13,21,1967,878,1089,204,538,1429,7.00978190137265,7.53349772209567,6.58753902662994,6.92941176470588,6.95506319702602,7.03038278516445,29
"32",2011,10,7.01862745098039,51,7.335,6.56666666666667,7.16666666666667,7.1875,6.98720930232558,30,21,6,8,43,2018,908,1110,210,546,1472,7.01000545094153,7.52693942731277,6.58714414414414,6.93619047619048,6.95846886446886,7.02912160326087,30
"33",2011,11,6.9359375,64,7.53,6.41176470588235,6.27777777777778,6.875,6.95,30,34,9,12,52,2082,938,1144,219,558,1524,7.00772862632085,7.52703731343283,6.58193181818182,6.90913242009132,6.95667383512545,7.0264219160105,31
"34",2011,12,7.08,60,7.728,6.61714285714286,6.52,6.62142857142857,7.2195652173913,25,35,10,14,46,2142,963,1179,229,572,1570,7.00975303454715,7.5322544132918,6.58297709923664,6.89213973799127,6.94846853146853,7.03208089171974,32
"35",2012,1,6.86363636363636,77,7.1,6.60810810810811,6.3,6.7,6.92105263157895,40,37,5,20,57,2219,1003,1216,234,592,1627,7.00468273997296,7.51501595214357,6.58374177631579,6.87948717948718,6.94007432432432,7.02819114935464,33
"36",2012,2,7.29672131147541,61,7.51428571428571,7.11212121212121,7.1875,7.1,7.39268292682927,28,33,8,20,41,2280,1031,1249,242,612,1668,7.01249605263158,7.51499612027158,6.59770216172938,6.8896694214876,6.94530065359477,7.03715047961631,34
"37",2012,3,7.11634615384615,52,7.45,6.80740740740741,7.21428571428571,7,7.13444444444444,25,27,7,7,45,2332,1056,1276,249,619,1713,7.01481174957118,7.51345738636364,6.6021394984326,6.89879518072289,6.94591922455573,7.03970636310566,35
"38",2012,4,7.07545454545455,55,7.50925925925926,6.65714285714286,6.5,7.0875,7.07051282051282,27,28,5,16,39,2387,1083,1304,254,635,1752,7.0162090490155,7.51335272391505,6.60332055214724,6.89094488188976,6.94948661417323,7.04039212328767,36
"39",2012,5,7.28913043478261,46,7.6551724137931,6.66470588235294,7.25,7.66363636363636,7.17142857142857,29,17,4,11,35,2433,1112,1321,258,646,1787,7.02136909165639,7.51705125899281,6.60411052233157,6.89651162790698,6.96164705882353,7.04295858981533,37
"40",2012,6,7.18260869565217,46,7.52608695652174,6.83913043478261,6.4625,6.99333333333333,7.2741935483871,23,23,8,15,31,2479,1135,1344,266,661,1818,7.02436103267447,7.51723436123348,6.60813244047619,6.88345864661654,6.96236611195159,7.04690154015401,38
"41",2012,7,7.01,48,7.725,6.295,6.1,7.08333333333333,6.98555555555556,24,24,5,12,36,2527,1159,1368,271,673,1854,7.02408824693312,7.52153666954271,6.60263888888889,6.8690036900369,6.96452303120356,7.04571035598705,39
"42",2012,8,6.99,40,7.37083333333333,6.41875,7.5,5.73333333333333,7.09189189189189,24,16,2,3,37,2567,1183,1384,273,676,1891,7.02355707051032,7.51847928994083,6.60051300578034,6.87362637362637,6.95905917159763,7.04661396086726,40
"43",2012,9,7.0109756097561,41,7.86176470588235,6.40833333333333,6.35714285714286,6.875,7.04393939393939,17,24,7,8,33,2608,1200,1408,280,684,1924,7.02335927914111,7.5233425,6.59723721590909,6.86071428571428,6.95807602339181,7.04656808731809,41
"44",2012,10,7.06329545454545,44,7.36190476190476,6.79065217391304,7.1425,6.9,7.08907894736842,21,23,2,6,38,2652,1221,1431,282,690,1962,7.02402187028658,7.52056592956593,6.60034591194968,6.86271276595745,6.95757101449275,7.04739143730887,42
"45",2012,11,7.21,60,7.59,6.83,7.025,7.23,7.206,30,30,8,10,50,2712,1251,1461,290,700,2012,7.02813643067847,7.52223101518785,6.60506160164271,6.86718965517241,6.96146285714286,7.05133300198807,43
"46",2012,12,7.052,50,7.45714285714286,6.53636363636364,7.41666666666667,7.52857142857143,6.97441860465116,28,22,6,7,43,2762,1279,1483,296,707,2055,7.02856842867487,7.52080609851446,6.6040424814565,6.8783277027027,6.96707779349363,7.04972360097323,44
"47",2013,1,7.27222222222222,72,7.5525,6.921875,6.5,7.325,7.25714285714286,40,32,6,16,56,2834,1319,1515,302,723,2111,7.0347586450247,7.52176724791509,6.61075577557755,6.87081125827815,6.97499861687413,7.05522595926101,45
"48",2013,2,6.8875,40,7.51764705882353,6.42173913043478,6.75,7.22222222222222,6.79032258064516,17,23,8,9,31,2874,1336,1538,310,732,2142,7.03270911621433,7.52171482035928,6.60792912873862,6.8676935483871,6.97803825136612,7.05139215686274,46
"49",2013,3,7.1694,45,7.52307407407407,6.63888888888889,6.25,7.7373,7.00714285714286,27,18,2,10,35,2919,1363,1556,312,742,2177,7.03481637547105,7.5217417461482,6.60828727506426,6.86373397435897,6.98827088948787,7.05068075333027,47
"50",2013,4,6.94761904761905,42,7.68421052631579,6.33913043478261,5.2,7,6.94054054054054,19,23,5,5,37,2961,1382,1579,317,747,2214,7.03357953394123,7.52397539797395,6.60436668777707,6.83749211356467,6.98834939759036,7.04884010840108,48
"51",2013,5,6.96320754716981,53,7.59074074074074,6.31153846153846,6.5,7.45714285714286,6.88804347826087,27,26,9,7,46,3014,1409,1605,326,754,2260,7.03234207033842,7.52525479063165,6.5996230529595,6.82817484662577,6.99270159151193,7.04556725663716,49
"52",2013,6,6.96276595744681,47,7.41363636363636,6.566,6.55555555555556,6.29166666666667,7.19285714285714,22,25,9,12,35,3061,1431,1630,335,766,2295,7.03127376674289,7.52353878406709,6.59910736196319,6.82085074626866,6.98171932114882,7.04781350762527,50
"53",2013,7,7.08846153846154,52,7.484,6.72222222222222,7.5,7.375,7.0025,25,27,7,12,40,3113,1456,1657,342,778,2335,7.03222903951172,7.52285989010989,6.60111345805673,6.8347514619883,6.9877853470437,7.04703725910064,51
"54",2013,8,6.81842105263158,38,7.49090909090909,5.89375,7,7.09166666666667,6.7671875,22,16,3,6,32,3151,1478,1673,345,784,2367,7.0296505871152,7.52238430311231,6.59434847579199,6.8361884057971,6.98858035714285,7.04325390790029,52
"55",2013,9,6.58409090909091,44,7.4,6.07037037037037,5.75,6.69230769230769,6.53870967741936,17,27,6,13,31,3195,1495,1700,351,797,2398,7.02351455399061,7.52099264214047,6.58602647058823,6.81762108262108,6.98374780426599,7.03673144286905,53
"56",2013,10,7.14150943396226,53,7.60740740740741,6.65769230769231,6.875,7.21666666666667,7.11951219512195,27,26,8,12,41,3248,1522,1726,359,809,2439,7.02543996305419,7.52252562417871,6.58710602549246,6.81889972144847,6.98720271940667,7.03812300123001,54
"57",2013,11,7.07758620689655,58,7.6,6.51785714285714,6.57142857142857,7.77272727272727,6.91489361702128,30,28,7,11,47,3306,1552,1754,366,820,2486,7.02635480943738,7.52402319587629,6.58600057012542,6.81416666666667,6.99774024390244,7.03579324215607,55
"58",2013,12,7.09230769230769,39,7.43,6.73684210526316,6.5,7.425,7.00645161290323,20,19,2,8,31,3345,1572,1773,368,828,2517,7.02712376681614,7.52282697201018,6.58761703327693,6.81245923913044,7.00186835748792,7.03543186332936,56
"59",2014,1,6.91647887323944,71,7.17552631578947,6.61818181818182,7.07,7.29090909090909,6.84783333333333,38,33,10,11,60,3416,1610,1806,378,839,2577,7.02482406323185,7.5146298136646,6.58817552602436,6.81927248677249,7.0056579261025,7.03106402793946,57
"60",2014,2,6.94409836065574,61,7.19090909090909,6.65321428571429,6.6,6.83684210526316,6.99261904761905,33,28,5,19,42,3477,1643,1834,383,858,2619,7.02340782283578,7.50812781497261,6.58916848418757,6.81640992167102,7.00191958041958,7.03044749904543,58
"61",2014,3,7.20542857142857,35,7.92933333333333,6.6625,6.66666666666667,7.235,7.20161290322581,15,20,3,4,31,3512,1658,1854,386,862,2650,7.02522181093394,7.5119384800965,6.58995954692556,6.81524611398964,7.0030011600928,7.03244981132075,59
"62",2014,4,7.58289473684211,38,7.94285714285714,7.13823529411765,6.91666666666667,7.5,7.5984375,21,17,6,6,32,3550,1679,1871,392,868,2682,7.03119126760563,7.51732817153067,6.59494120791021,6.81679846938775,7.0064366359447,7.03920283370619,60
"63",2014,5,7.16486486486486,37,7.47142857142857,6.7625,6,7.46,7.11875,21,16,1,5,32,3587,1700,1887,393,873,2714,7.03257011430164,7.51676117647059,6.59636195018548,6.81472010178117,7.00903436426116,7.04014075165807,61
"64",2014,6,7.17857142857143,35,7.54473684210526,6.74375,6.66666666666667,7.62777777777778,7.02307692307692,19,16,3,9,26,3622,1719,1903,396,882,2740,7.03398094975152,7.51707038976149,6.59760115606936,6.81359848484848,7.01534807256235,7.03997883211678,62
"65",2014,7,7.20833333333333,24,7.45833333333333,6.95833333333333,6.95,7.4,7.15789473684211,12,12,5,5,19,3646,1731,1915,401,887,2759,7.03512863411958,7.51666320046216,6.59986161879895,6.81529925187032,7.01751634723788,7.04079086625589,63
"66",2014,8,7.08909090909091,33,7.41619047619048,6.51666666666667,6.5,7.34,7.03333333333333,21,12,3,6,27,3679,1752,1927,404,893,2786,7.03561266648545,7.51545890410959,6.59934353918007,6.81295792079208,7.01968309070548,7.04071859296482,64
"67",2014,9,7.0675,40,7.24545454545455,6.85,6.875,7.6,6.99142857142857,22,18,4,5,35,3719,1774,1945,408,898,2821,7.03595563323474,7.51211048478016,6.60166323907455,6.81356617647059,7.02291425389755,7.04010705423608,65
"68",2014,10,6.61842105263158,38,7.16,6.01666666666667,6.075,6.42857142857143,6.66129032258065,20,18,4,7,31,3757,1794,1963,412,905,2852,7.03173249933457,7.5081850613155,6.59629903209373,6.80639563106796,7.01831712707182,7.03598948106592,66
"69",2014,11,6.93541666666667,48,7.43333333333333,6.54814814814815,6,6.78,6.97631578947368,21,27,5,10,38,3805,1815,1990,417,915,2890,7.03051747700394,7.50731900826446,6.59564572864321,6.79672661870504,7.01571256830601,7.03520484429065,67
"70",2014,12,7.34210526315789,38,7.728,6.6,NA,7.75,7.265625,25,13,0,6,32,3843,1840,2003,417,921,2922,7.03359849076242,7.51031739130435,6.59567398901647,6.79672661870504,7.02049619978284,7.03772826830937,68
"71",2015,1,6.96071428571429,56,7.5,6.33846153846154,6.47777777777778,7.06666666666667,6.9219512195122,30,26,9,15,41,3899,1870,2029,426,936,2963,7.03255167991793,7.51015187165775,6.59237801872843,6.7899882629108,7.02123611111111,7.0361262234222,69
"72",2015,2,7.075,26,7.65,6.40416666666667,6.54166666666667,8.33333333333333,6.91086956521739,14,12,6,3,23,3925,1884,2041,432,939,2986,7.03283286624204,7.51119108280255,6.5912714355708,6.78653935185185,7.02542811501597,7.03516141995981,70
"73",2015,3,7.17441860465116,43,7.68181818181818,6.64285714285714,6.8,7.44444444444444,7.10294117647059,22,21,5,9,34,3968,1906,2062,437,948,3020,7.0343671875,7.51316054564533,6.59179679922405,6.78669336384439,7.02940611814346,7.03592450331126,71
"74",2015,4,6.95592592592593,27,7.61071428571429,6.25076923076923,6.5,7.02142857142857,6.933,14,13,4,7,20,3995,1920,2075,441,955,3040,7.03383704630788,7.513871875,6.58966024096385,6.78409297052154,7.02934764397905,7.03524736842105,72
"75",2015,5,6.7969696969697,33,7.28666666666667,6.38888888888889,6.9,7.14285714285714,6.70384615384615,15,18,5,7,26,4028,1935,2093,446,962,3066,7.03189647467726,7.51211059431524,6.58793358815098,6.78539237668161,7.03017359667359,7.03243705153294,73
"76",2015,6,6.815,30,7.2,6.6225,6.59375,6.9,6.798,10,20,8,5,25,4058,1945,2113,454,967,3091,7.03029300147856,7.5105059125964,6.58826076668244,6.7820154185022,7.02950051706308,7.0305409252669,74
"77",2015,7,7.18529411764706,34,7.63333333333333,6.83157894736842,6.8,8.16,7.01724137931035,15,19,5,5,29,4092,1960,2132,459,972,3120,7.03158088954056,7.51144591836735,6.59042917448405,6.78221132897604,7.0353158436214,7.0304173076923,75
"78",2015,8,7.0780487804878,41,7.4,6.70526315789474,6.5,7.06,7.08055555555556,22,19,2,5,36,4133,1982,2151,461,977,3156,7.03204185821437,7.51020887991927,6.59144351464435,6.78098698481562,7.03544216990788,7.03098922686945,76
"79",2015,9,7.0875,32,7.58333333333333,6.79,7.6,6.91666666666667,7.15434782608696,12,20,1,9,23,4165,1994,2171,462,986,3179,7.03246794717887,7.51064894684052,6.59327268539843,6.78275974025974,7.03435801217038,7.03188172381252,77
"80",2015,10,7.19849056603774,53,7.73478260869565,6.78733333333333,6.42909090909091,7.37454545454545,7.15238095238095,23,30,11,11,42,4218,2017,2201,473,997,3221,7.03455405405405,7.51320475954387,6.59591776465243,6.77453488372093,7.038111334002,7.03345296491772,78
"81",2015,11,7.1332,50,7.4837037037037,6.72173913043478,7,6.92857142857143,7.16651162790698,27,23,6,7,43,4268,2044,2224,479,1004,3264,7.03570970009372,7.51281506849315,6.59721897482014,6.77735908141962,7.03734760956175,7.03520588235294,79
"82",2015,12,6.9921052631579,57,7.49347826086957,6.65294117647059,6.46666666666667,6.1,7.09705882352941,23,34,9,6,51,4325,2067,2258,488,1010,3315,7.03513502890173,7.51259990324141,6.59805801594331,6.77162909836066,7.03177920792079,7.03615746606335,80
"83",2016,1,6.87547169811321,53,7.23703703703704,6.5,7,6.62857142857143,6.91304347826087,27,26,6,7,46,4378,2094,2284,494,1017,3361,7.03320214709913,7.50904680038204,6.59694176882662,6.7744028340081,7.02900393313667,7.03447247842904,81
"84",2016,2,7.07096774193548,31,7.3875,6.73333333333333,6.875,7.625,6.98888888888889,16,15,4,4,27,4409,2110,2299,498,1021,3388,7.03346767974597,7.50812511848341,6.59783166594171,6.77521084337349,7.0313388834476,7.03410920897284,82
"85",2016,3,6.9808,25,6.98083333333333,6.98076923076923,7.4,6.8,7.00545454545455,12,13,5,3,22,4434,2122,2312,503,1024,3410,7.03317072620658,7.50514326107446,6.59998486159169,6.78142147117296,7.0306611328125,7.03392434017595,83
"86",2016,4,7.08846153846154,39,7.508,6.33928571428571,6.5,7.55,7.02058823529412,25,14,3,5,34,4473,2147,2326,506,1029,3444,7.03365280572323,7.50517652538426,6.59841573516767,6.77975296442688,7.03318464528668,7.03379268292683,84
"87",2016,5,7.33584905660377,53,7.46296296296296,7.20384615384615,7.14285714285714,7.5,7.27692307692308,27,26,7,14,39,4526,2174,2352,513,1043,3483,7.03719155987627,7.50465225390984,6.60510841836734,6.78470760233918,7.0394506232023,7.03651507321275,85
"88",2016,6,7.30882352941176,34,8.03571428571429,6.8,6.5,7.5,7.28333333333333,14,20,5,4,30,4560,2188,2372,518,1047,3513,7.03921688596491,7.50805027422303,6.60675168634064,6.78195945945946,7.04121012416428,7.03862282949046,86
"89",2016,7,7.29605263157895,38,7.7625,6.77777777777778,6.7,7,7.3125,20,18,4,2,36,4598,2208,2390,522,1049,3549,7.0413394954328,7.51035507246377,6.60803974895397,6.78133141762452,7.04113155386082,7.04140095801634,87
"90",2016,8,7.385,30,7.9,6.87,7.575,8.05,7.252,15,15,4,5,25,4628,2223,2405,526,1054,3574,7.04356719965428,7.51298425551057,6.60967359667359,6.78736692015209,7.0459174573055,7.04287409065473,88
"91",2016,9,7.38238095238095,42,7.89565217391304,6.76105263157895,6.75,7.61111111111111,7.32,23,19,4,9,33,4670,2246,2424,530,1063,3607,7.04661434689507,7.51690293855743,6.61086014851485,6.78708490566038,7.05070272812794,7.04540948156362,89
"92",2016,10,6.97142857142857,49,7.39047619047619,6.65714285714286,6.35714285714286,7.14166666666667,6.91621621621622,21,28,7,12,37,4719,2267,2452,537,1075,3644,7.04583365119728,7.51573180414645,6.61138866231647,6.78148044692737,7.05171813953488,7.04409769484083,90
"93",2016,11,7.11444444444444,45,8.02352941176471,6.5625,6.625,7.25,7.06515151515152,17,28,2,12,33,4764,2284,2480,539,1087,3677,7.04648173803526,7.51951138353765,6.61083669354838,6.78089981447124,7.05390708371665,7.04428664672287,91
"94",2016,12,7.26578947368421,38,7.71428571428571,6.71176470588235,6.5,7,7.29705882352941,21,17,3,4,34,4802,2305,2497,542,1091,3711,7.04821720116618,7.52128590021692,6.61152382859431,6.77934501845018,7.05370944087992,7.04660253300997,92
"95",2017,1,6.97096774193548,62,7.36724137931034,6.62272727272727,7,6.52222222222222,7.04716981132075,29,33,6,9,53,4864,2334,2530,548,1100,3764,7.04723252467105,7.51937189374464,6.6116699604743,6.78176094890511,7.04936090909091,7.04661052072263,93
"96",2017,2,7.31170212765957,47,7.895,6.87962962962963,6.66666666666667,7.15,7.35540540540541,20,27,3,10,37,4911,2354,2557,551,1110,3801,7.04976359193647,7.52256329651657,6.61449941337504,6.78113430127042,7.05026756756756,7.04961641673244,94
"97",2017,3,7.13891891891892,37,7.93333333333333,6.59727272727273,6.83333333333333,7.75,7.02064516129032,15,22,3,6,31,4948,2369,2579,554,1116,3832,7.05043027485852,7.52516420430561,6.61435246219464,6.78141696750903,7.05402956989247,7.04938204592902,95
"98",2017,4,7.0504,25,7.83333333333333,6.32769230769231,6.25333333333333,7.125,7.03619047619048,12,13,3,4,21,4973,2381,2592,557,1120,3853,7.05043012266237,7.52671734565309,6.61291473765431,6.77857271095153,7.05428303571428,7.04931014793667,96
"99",2017,5,6.86186440677966,59,7.52105263157895,6.54875,6.54444444444444,6.52272727272727,6.93958333333333,19,40,9,11,48,5032,2400,2632,566,1131,3901,7.04821919713831,7.5266725,6.61193958966565,6.77484982332156,7.04911317418214,7.04796001025378,97
"100",2017,6,7.184,25,7.8125,6.88823529411765,7.26666666666667,8,7.07272727272727,8,17,3,3,22,5057,2408,2649,569,1134,3923,7.04889044888273,7.52762209302326,6.6137127217818,6.77744288224956,7.05162874779541,7.04809890390007,98
"101",2017,7,6.81833333333333,30,7.48181818181818,6.43421052631579,6.66666666666667,5.2,7.142,11,19,3,5,25,5087,2419,2668,572,1139,3948,7.04753076469432,7.52741380735841,6.61243440779609,6.77686188811189,7.04350043898156,7.04869351570415,99
"102",2017,8,6.92758620689655,29,7.33333333333333,6.49285714285714,7.13333333333333,7.25,6.876,15,14,3,4,25,5116,2434,2682,575,1143,3973,7.04685086004691,7.52621774856204,6.61181021625652,6.77872173913044,7.04422309711286,7.04760684621193,100
"103",2017,9,6.99090909090909,22,7.5,6.75333333333333,6.43333333333333,7.5,6.87777777777778,7,15,3,4,18,5138,2441,2697,578,1147,3991,7.04661132736473,7.52614256452274,6.61259733036707,6.77692906574395,7.04581255448997,7.04684089200701,101
"104",2017,10,6.78275862068966,29,7.40714285714286,6.2,6.83333333333333,4.25,7.188,14,15,3,4,25,5167,2455,2712,581,1151,4016,7.04513044319721,7.52546395112016,6.61031526548672,6.77722030981067,7.0360964378801,7.04771962151394,102
"105",2017,11,7.18476315789474,38,7.36619230769231,6.79166666666667,6.5,6.25,7.29473529411765,26,12,2,4,34,5205,2481,2724,583,1155,4050,7.04614985590778,7.52379484079001,6.61111417033773,6.776269296741,7.03337402597402,7.04979333333333,103
"106",2017,12,6.9953125,32,7.61,6.45294117647059,4,6.42857142857143,7.154,15,17,1,7,25,5237,2496,2741,584,1162,4075,7.04583922092801,7.52431290064103,6.61013316307916,6.77151541095891,7.02973063683304,7.05043263803681,104
"107",2018,1,7.14117647058824,34,7.47857142857143,6.905,7.33333333333333,8.25,7.071875,14,20,3,2,32,5271,2510,2761,587,1164,4107,7.04645418326693,7.5240577689243,6.61226910539659,6.7743867120954,7.03182731958763,7.05059970781592,105
"108",2018,2,7.08461538461538,39,7.7,6.5,6.3,7.73333333333333,6.96666666666667,19,20,5,6,33,5310,2529,2781,592,1170,4140,7.04673446327683,7.52537959667853,6.61146170442286,6.77038006756757,7.03542478632478,7.0499306763285,106
"109",2018,3,6.97413793103448,29,7.69230769230769,6.390625,6.5,7.28571428571429,6.875,13,16,3,7,22,5339,2542,2797,595,1177,4162,7.04634013860273,7.5262332808812,6.61019842688594,6.76901680672269,7.03691333899745,7.04900600672753,107
"110",2018,4,6.9640625,32,7.82727272727273,6.51190476190476,6.3,6.9375,6.97291666666667,11,21,5,8,24,5371,2553,2818,600,1185,4186,7.04584993483522,7.5275303564434,6.60946593328601,6.76510833333334,7.03624219409283,7.04856975633062,108
"111",2018,5,6.26176470588235,34,7.1875,5.97692307692308,6.25,6.46666666666667,6.24193548387097,8,26,4,3,31,5405,2561,2844,604,1188,4217,7.04091766882516,7.52646817649356,6.60368319268635,6.76169701986755,7.03480387205387,7.04264002845625,109
"112",2018,6,7.21367741935484,31,7.866,6.67647058823529,7,6.75,7.37495652173913,14,17,1,8,23,5436,2575,2861,605,1196,4240,7.04190286975717,7.52831417475728,6.60411569381335,6.76209090909091,7.03289882943144,7.04444268867924,110
"113",2018,7,7.136,25,7.66666666666667,6.64615384615385,NA,6,7.23478260869565,12,13,0,2,23,5461,2587,2874,605,1198,4263,7.04233363852774,7.52895593351372,6.60430584551148,6.76209090909091,7.03117445742905,7.04546962233169,111
"114",2018,8,7.1786,35,8.1094375,6.39473684210526,5.875,7.7625,7.00559259259259,16,19,4,8,27,5496,2603,2893,609,1206,4290,7.04320141921397,7.53252401075682,6.6029294849637,6.7562643678161,7.03602570480929,7.04521864801865,112
"115",2018,9,7.13846153846154,39,7.67727272727273,6.44117647058824,6.9,6.95454545454545,7.21071428571429,22,17,5,11,28,5535,2625,2910,614,1217,4318,7.04387262872629,7.53373714285715,6.60198453608247,6.7574348534202,7.0352892358258,7.04629180176007,113
"116",2018,10,7.21440677966102,59,7.57878787878788,6.75192307692308,7.5,7.228125,7.2093023255814,33,26,7,16,43,5594,2658,2936,621,1233,4361,7.04567125491598,7.5342964635064,6.60331232970027,6.76580515297907,7.03779156528791,7.0478991057097,114
"117",2018,11,7.25394736842105,38,7.55,6.8,6,7.025,7.315,23,15,2,8,30,5632,2681,2951,623,1241,4391,7.04707652698864,7.53443118239463,6.60431209759403,6.76334670947031,7.03770910556003,7.04972398086996,115
"118",2018,12,7.27606060606061,33,7.42222222222222,7.10066666666667,6.5,6.625,7.36586206896552,18,15,3,4,29,5665,2699,2966,626,1245,4420,7.04841041482789,7.53368284549833,6.60682231962238,6.76208466453674,7.03638313253012,7.05179819004525,116
"119",2019,1,7.13532769230769,39,7.683889,6.55789473684211,7.16666666666667,7.86923076923077,6.76837615384615,20,19,3,13,26,5704,2719,2985,629,1258,4446,7.04900469495091,7.53478770871644,6.60651088777219,6.76401430842608,7.04498966613672,7.05014075123707,117
"120",2019,2,7.290625,32,7.77333333333333,6.86470588235294,6,8.16666666666667,7.2,15,17,1,3,29,5736,2734,3002,630,1261,4475,7.05035264644351,7.53609648134601,6.607973017988,6.76280158730159,7.04765820777161,7.05111190614525,118
"121",2019,3,6.91630434782609,46,7.39210526315789,6.58148148148148,6.36,6.75,6.94125,19,27,5,6,40,5782,2753,3029,635,1267,4515,7.0492861950882,7.53510271703596,6.60773687685704,6.75962992125985,7.04624861878453,7.05013860022148,119
"122",2019,4,7.01206896551724,29,7.57142857142857,6.83409090909091,6.875,7.75,6.95740740740741,7,22,4,2,27,5811,2760,3051,639,1269,4542,7.04910046119429,7.53519484782609,6.6093690593248,6.76035211267606,7.04735776201733,7.04958735799207,120
"123",2019,5,7.07833333333333,30,7.79285714285714,6.453125,5.66666666666667,6.33333333333333,7.16111111111111,14,16,3,3,27,5841,2774,3067,642,1272,4569,7.04925060434857,7.53649523431867,6.60855396152591,6.75524143302181,7.04567374213836,7.05024639527249,121
"124",2019,6,7.21875,32,7.485,6.775,7,6.5625,7.3125,20,12,1,4,28,5873,2794,3079,643,1276,4597,7.0501741494977,7.53612662133142,6.60920266320233,6.75562208398134,7.04415909090909,7.05184376332391,122
"125",2019,7,7.425,22,8.02083333333333,6.71,7,7.83333333333333,7.271875,12,10,1,6,16,5895,2806,3089,644,1282,4613,7.05157299067006,7.53819949394155,6.60952897377791,6.75600155279504,7.04785257410296,7.05260693258183,123
"126",2019,8,7.245,42,7.68481481481481,6.45333333333333,6.33333333333333,7.43625,7.2,27,15,3,8,34,5937,2833,3104,647,1290,4647,7.05294134748189,7.53959681609601,6.60877416237113,6.75404173106646,7.05026124031008,7.05368534108027,124
"127",2019,9,6.975,32,7.64375,6.30625,6.475,7.26,6.92222222222222,16,16,4,5,27,5969,2849,3120,651,1295,4674,7.05252350142402,7.54018174096174,6.60722275641025,6.7523271889401,7.05107104247104,7.05292592640137,125
"128",2019,10,7.32941176470588,34,7.76,6.98947368421053,7.75,7.75,7.27333333333333,15,19,4,4,30,6003,2864,3139,655,1299,4704,7.05409175079127,7.54133302374302,6.60953647658489,6.75841984732825,7.05322324865281,7.05433158588435,126
"129",2019,11,7.38023255813953,43,8.08421052631579,6.82291666666667,7.3,7.66666666666667,7.35875,19,24,5,3,40,6046,2883,3163,660,1302,4744,7.05641130995699,7.54491078043705,6.61115554852987,6.76252272727273,7.05463671274961,7.05689835160202,127
"130",2019,12,7.00263157894737,38,7.63125,6.54545454545455,6.5,4,7.08378378378378,16,22,2,1,37,6084,2899,3185,662,1303,4781,7.05607540762656,7.54538729906864,6.61070172684458,6.76172960725076,7.05229240214889,7.05710641706756,128
"131",2020,1,7.184,45,7.74538461538462,6.41578947368421,6.5,7.46,7.1495,26,19,1,5,40,6129,2925,3204,663,1308,4821,7.05701464839288,7.54716505299145,6.60954588014981,6.76133484162896,7.05385091743119,7.05787300974901,129
"132",2020,2,7.20277777777778,36,7.75294117647059,6.71052631578947,5.66666666666667,7.16666666666667,7.20606060606061,17,19,3,3,33,6165,2942,3223,666,1311,4854,7.05786581995134,7.54835410605031,6.61014117282035,6.75640390390391,7.05410907704042,7.05888046559538,130
"133",2020,3,7.1428,25,7.15384615384615,7.13083333333333,7.6175,7.55,7.10739130434783,13,12,4,2,23,6190,2955,3235,670,1313,4877,7.05820884975767,7.54661853807107,6.61207264296754,6.76154477611941,7.0548644325971,7.05910924338733,131
"134",2020,4,6.65,20,7.64285714285714,6.11538461538461,NA,NA,6.65,7,13,0,0,20,6210,2962,3248,670,1313,4897,7.05689416747182,7.5468459756921,6.61008466748768,6.76154477611941,7.0548644325971,7.05743838676741,132
"135",2020,5,7.22962962962963,27,7.59230769230769,6.89285714285714,5,7.5,7.16818181818182,13,14,2,5,22,6237,2975,3262,672,1318,4919,7.05764194003527,7.54704463193277,6.6112982832618,6.75630208333334,7.0565531107739,7.05793368164261,133
"136",2020,6,7.39285714285714,42,7.86363636363636,6.875,6.5,7.2,7.41891891891892,22,20,6,5,37,6279,2997,3282,678,1323,4956,7.05988418219461,7.54936862862863,6.61290524070688,6.75403392330384,7.05709523809524,7.06062868845843,134
"137",2020,7,7.38913043478261,23,7.53,7.125,NA,8.08333333333333,7.285,15,8,0,3,20,6302,3012,3290,678,1326,4976,7.06108581085369,7.54927217131474,6.61415045592704,6.75403392330384,7.05941704374057,7.06153050241157,135
"138",2020,8,7.10789473684211,38,7.26666666666667,7.00434782608696,6.7,7.65714285714286,6.98387096774194,15,23,5,7,31,6340,3027,3313,683,1333,5007,7.06136636908517,7.54787174760489,6.61685934198611,6.7536383601757,7.06255588897224,7.06104968643898,136
"139",2020,9,7.0125,28,7.625,6.67222222222222,7,7.44285714285714,6.86904761904762,10,18,3,7,21,6368,3037,3331,686,1340,5028,7.06115150439698,7.54812570958183,6.61715851095766,6.75471574344024,7.06454253731343,7.06024776849642,137
"140",2020,10,6.71734693877551,49,7.06,6.48103448275862,7,6.83333333333333,6.70116279069767,20,29,5,6,43,6417,3057,3360,691,1346,5071,7.05852622409225,7.54493221458947,6.61598363095237,6.75649059334298,7.06351188707281,7.05720287517255,138
"141",2020,11,7.02631578947368,38,7.16666666666667,6.9,6.83333333333333,7.075,7.02058823529412,18,20,3,4,34,6455,3075,3380,694,1350,5105,7.0583366041828,7.54271797723577,6.61766420118343,6.75682276657061,7.06354592592592,7.05695901665034,139
"142",2020,12,6.90032352941176,34,7.674,6.28952631578947,5,6,6.95659375,15,19,1,2,32,6489,3090,3399,695,1352,5137,7.05750867313915,7.54335526860842,6.61582994998528,6.75429496402878,7.06197263313609,7.0563338096165,140
"143",2021,1,6.99307692307692,52,7.32206896551724,6.57826086956522,6.5,6.68333333333333,7.03347826086957,29,23,2,6,46,6541,3119,3422,697,1358,5183,7.05699645008408,7.54129778134017,6.61557744009351,6.75356527977045,7.06029970544919,7.05613096276288,141
"144",2021,2,7.01071428571429,28,7.89090909090909,6.44117647058824,6.6,8.5,6.832,11,17,5,3,25,6569,3130,3439,702,1361,5208,7.05679917491246,7.54252644728435,6.61471532422215,6.75247150997151,7.0634731814842,7.05505506528418,142
"145",2021,3,6.984,50,7.376,6.592,6.1,7.38333333333333,6.92954545454545,25,25,5,6,44,6619,3155,3464,707,1367,5252,7.05624924913128,7.54120690332805,6.61455138568129,6.74785714285715,7.06487710314557,7.05400357578065,143
"146",2021,4,7.00588235294118,34,7.5,6.38,6.5,6.8,7.04137931034483,19,15,2,5,29,6653,3174,3479,709,1372,5281,7.0559918502931,7.5409602331443,6.61354009772923,6.74715796897038,7.06391180758017,7.05393425108881,144
"147",2021,5,6.98846153846154,26,7.56363636363636,6.56666666666667,7,7,6.988,11,15,1,1,25,6679,3185,3494,710,1373,5306,7.05572896840844,7.54103854945055,6.6133388666285,6.74751408450705,7.0638652585579,7.05362359215982,145
"148",2021,6,7.13529411764706,17,7.375,6.92222222222222,8,6.95,7.19230769230769,8,9,1,4,13,6696,3193,3503,711,1377,5319,7.05593097072879,7.54062254306295,6.61413245789323,6.74927566807314,7.06353449527959,7.05396254559127,146
"149",2021,7,7,19,6.71428571428571,7.16666666666667,7.3,6.5,7.05882352941176,7,12,5,2,17,6715,3200,3515,716,1379,5336,7.05577271481757,7.53881493125,6.6160187766714,6.75312150837989,7.06271718636693,7.05397803223388,147
"150",2021,8,7.05652173913044,23,7.3625,6.35714285714286,6.5,7.5,7.01428571428571,16,7,1,2,21,6738,3216,3522,717,1381,5357,7.05577527159394,7.53793774253731,6.61550425894377,6.75276847977685,7.06335047067342,7.05382243419824,148
"151",2021,9,7.35714285714286,28,7.79166666666667,7.03125,7.625,8.07142857142857,7.11904761904762,12,16,4,7,21,6766,3228,3538,721,1388,5378,7.05702243275199,7.53888097273854,6.61738439796494,6.75760748959778,7.06843443804034,7.0540771253254,149
"152",2021,10,6.71428571428571,14,6.83333333333333,6.68181818181818,6.5,6,6.83333333333333,3,11,2,2,12,6780,3231,3549,723,1390,5390,7.05631471681416,7.53822586815228,6.61758410819949,6.75689488243431,7.06689712230216,7.05358567346939,150
"153",2021,11,6.98695652173913,23,7.23333333333333,6.71818181818182,7.28,6.91666666666667,7.01176470588235,12,11,5,6,17,6803,3243,3560,728,1396,5407,7.05608022637071,7.53709768115942,6.61789494382022,6.76048763736264,7.06625143266475,7.05345418531533,151
"154",2021,12,7.08666666666667,30,7.57857142857143,6.65625,6,6.91428571428571,7.13913043478261,14,16,3,7,23,6833,3257,3576,731,1403,5430,7.05621451485438,7.53727595333129,6.61806655480984,6.75736662106703,7.06549322879544,7.05381708655617,152
"155",2022,1,7.12553191489362,47,7.572,6.61818181818182,6.62,7.33333333333333,7.07631578947368,25,22,5,9,38,6880,3282,3598,736,1412,5468,7.0566880494186,7.53754045703839,6.61806725958865,6.75643342391305,7.06720042492918,7.05397344184345,153
"156",2022,2,7.22217948717949,39,7.82447368421053,6.65,6.75,7.75666666666667,7.125,19,20,4,6,33,6919,3301,3618,740,1418,5501,7.05762086717733,7.53919199636474,6.61824378109452,6.75639864864865,7.07011777150916,7.05439952372296,154
"157",2022,3,7.28458333333333,24,7.75,6.95214285714286,7.66666666666667,7.00333333333333,7.32476190476191,10,14,3,3,21,6943,3311,3632,743,1421,5522,7.05840541264583,7.53982868619752,6.6195308370044,6.76007402422611,7.06997677691766,7.05542770373053,155
"158",2022,4,7.51638875,24,8.19944416666667,6.83333333333333,8,7.1,7.5996665,12,12,1,4,20,6967,3323,3644,744,1425,5542,7.05998307880005,7.54221068612699,6.62023490669593,6.76174059139785,7.07006105263158,7.05739175568387,156
"159",2022,5,6.81071428571429,28,7.50909090909091,6.35882352941176,6.375,4.88,7.2304347826087,11,17,4,5,23,6995,3334,3661,748,1430,5565,7.05898529092208,7.54210141271746,6.61902103250477,6.75967245989305,7.06240349650349,7.05810693800539,157
"160",2022,6,6.58,28,7.30769230769231,5.94933333333333,4.75,7.33333333333333,6.4896,13,15,4,3,25,7023,3347,3676,752,1433,5590,7.05707562437704,7.54119095010457,6.61628835690968,6.74898271276596,7.06297069085834,7.05556442039356,158
"161",2022,7,7.36785714285714,28,7.81764705882353,6.67272727272727,6.45,6.96666666666667,7.47727272727273,17,11,2,6,22,7051,3364,3687,754,1439,5612,7.05830975889944,7.54258802318668,6.61645673989693,6.74818965517242,7.06256914523975,7.05721758909479,159
"162",2022,8,7.4787027027027,37,7.70833333333333,7.26115789473684,6.875,7.4375,7.48369696969697,18,19,2,4,33,7088,3382,3706,756,1443,5645,7.06050424802483,7.54347016853933,6.61976200755531,6.74852513227513,7.06360845460845,7.05971073693534,160
"163",2022,9,6.88333333333333,24,7.35,6.41666666666667,7,6,6.96363636363636,12,12,3,2,22,7112,3394,3718,759,1445,5667,7.05990637092238,7.54278612551562,6.61910650887573,6.74951910408432,7.06213633217993,7.05933776424916,161
"164",2022,10,7.53666666666667,36,7.79052631578947,7.25294117647059,7.25,7.62,7.52322580645161,19,17,2,5,31,7148,3413,3735,761,1450,5698,7.06230751398992,7.54416528274246,6.62199143239625,6.75083442838371,7.06406,7.06186154966655,162
"165",2022,11,7.24321428571429,28,7.375625,7.06666666666667,7,7.9,7.06409090909091,16,12,1,6,22,7176,3429,3747,762,1456,5720,7.06301339325529,7.54337885972587,6.62341553242593,6.75116141732284,7.0675048076923,7.06187012412587,163
"166",2022,12,6.94,25,8.16666666666667,6.25,NA,8.33333333333333,6.75,9,16,0,3,22,7201,3438,3763,762,1459,5742,7.06258632273295,7.54501050319953,6.6218277969705,6.75116141732284,7.07010760795065,7.06067521943573,164
