"","year","month","avg_rating","no_ratings","avg_rating_owned","avg_rating_not_owned","avg_rating_prev_owned","avg_rating_comment","avg_rating_no_comment","no_ratings_owned","no_ratings_not_owned","no_ratings_prev_owned","no_ratings_comment","no_ratings_no_comment","cum_no_ratings","cum_no_ratings_owned","cum_no_ratings_not_owned","cum_no_ratings_prev_owned","cum_no_ratings_comment","cum_no_ratings_no_comment","cum_avg_rating","cum_avg_rating_owned","cum_avg_rating_not_owned","cum_avg_rating_prev_owned","cum_avg_rating_comment","cum_avg_rating_no_comment","month_after_release"
"1",2009,3,6.95,10,7.16666666666667,6.85714285714286,NA,5.5,7.3125,3,7,0,2,8,10,3,7,0,2,8,6.95,7.16666666666667,6.85714285714286,NA,5.5,7.3125,0
"2",2009,4,6.35625,32,7.6625,5.92083333333333,6.33333333333333,6.1625,6.42083333333333,8,24,3,8,24,42,11,31,3,10,32,6.49761904761905,7.52727272727273,6.13225806451613,6.33333333333333,6.03,6.64375,1
"3",2009,5,6.3390243902439,41,7.24,6.04838709677419,6.75,6.125,6.39090909090909,10,31,6,8,33,83,21,62,9,18,65,6.41927710843373,7.39047619047619,6.09032258064516,6.61111111111111,6.07222222222222,6.51538461538462,2
"4",2009,6,6.42450980392157,51,7.375,6.06486486486487,6.58333333333333,6.14705882352941,6.56323529411765,14,37,6,17,34,134,35,99,15,35,99,6.42126865671642,7.38428571428571,6.08080808080808,6.6,6.10857142857143,6.53181818181818,3
"5",2009,7,6.8635593220339,59,7.61666666666667,6.228125,7,6.50833333333333,7.01951219512195,27,32,5,18,41,193,62,131,20,53,140,6.55647668393782,7.48548387096774,6.11679389312977,6.7,6.24433962264151,6.67464285714286,4
"6",2009,8,6.78770491803279,61,7.56739130434783,6.31578947368421,6.35714285714286,6.77894736842105,6.79166666666667,23,38,7,19,42,254,85,169,27,72,182,6.61200787401575,7.50764705882353,6.16153846153846,6.61111111111111,6.38541666666667,6.70164835164835,5
"7",2009,9,6.59210526315789,57,7.5,5.97794117647059,6.71428571428571,6.6875,6.54054054054054,23,34,7,20,37,311,108,203,34,92,219,6.60836012861736,7.50601851851852,6.1307881773399,6.63235294117647,6.45108695652174,6.67442922374429,6
"8",2009,10,6.51830985915493,71,7.345,6.19411764705882,6.45833333333333,6.47391304347826,6.53958333333333,20,51,12,23,48,382,128,254,46,115,267,6.59162303664921,7.480859375,6.14350393700787,6.58695652173913,6.45565217391304,6.6501872659176,7
"9",2009,11,6.64,70,7.44444444444444,6.13488372093023,7.11,6.90952380952381,6.52448979591837,27,43,10,21,49,452,155,297,56,136,316,6.59911504424779,7.47451612903226,6.14225589225589,6.68035714285714,6.52573529411765,6.63069620253165,8
"10",2009,12,7.07868852459016,61,7.46551724137931,6.728125,7.09090909090909,7.225,7.00731707317073,29,32,11,20,41,513,184,329,67,156,357,6.65614035087719,7.47309782608696,6.19924012158055,6.74776119402985,6.61538461538461,6.67394957983193,9
"11",2010,1,6.77230769230769,65,7.2375,6.32121212121212,6.34545454545455,6.15,6.99270833333333,32,33,11,17,48,578,216,362,78,173,405,6.66920415224914,7.43819444444444,6.2103591160221,6.69102564102564,6.56965317919075,6.71172839506173,10
"12",2010,2,6.88888888888889,54,7.335,6.62647058823529,6.5,6.96153846153846,6.86585365853659,20,34,7,13,41,632,236,396,85,186,446,6.6879746835443,7.42944915254237,6.24608585858586,6.67529411764706,6.59704301075269,6.72589686098655,11
"13",2010,3,6.67555555555556,45,7.22222222222222,6.31111111111111,8,6.31764705882353,6.89285714285714,18,27,2,17,28,677,254,423,87,203,474,6.68714918759232,7.41476377952756,6.25023640661939,6.70574712643678,6.57364532019704,6.73575949367089,12
"14",2010,4,7.03648648648649,37,7.69444444444444,6.41315789473684,7.09166666666667,7.88333333333333,6.87258064516129,18,19,6,6,31,714,272,442,93,209,505,6.70525210084034,7.43327205882353,6.25723981900452,6.73064516129032,6.61124401913876,6.74415841584159,13
"15",2010,5,7.105,40,7.71363636363636,6.36111111111111,6.4,7.15384615384615,7.08148148148148,22,18,5,13,27,754,294,460,98,222,532,6.72645888594164,7.45425170068027,6.26130434782609,6.71377551020408,6.64301801801802,6.76127819548872,14
"16",2010,6,7.25,42,7.57045454545455,6.8975,6.8125,7.35,7.21875,22,20,8,10,32,796,316,480,106,232,564,6.75408291457286,7.4623417721519,6.2878125,6.72122641509434,6.67349137931035,6.78723404255319,15
"17",2010,7,6.6051282051282,39,7.07058823529412,6.24545454545455,7,6.7,6.57241379310345,17,22,7,10,29,835,333,502,113,242,593,6.74712574850299,7.44234234234234,6.2859561752988,6.73849557522124,6.6745867768595,6.77672849915683,16
"18",2010,8,6.98333333333333,45,7.66666666666667,6.38541666666667,8,6.92307692307692,7.0078125,21,24,4,13,32,880,354,526,117,255,625,6.75920454545455,7.45564971751412,6.29049429657795,6.78162393162393,6.68725490196078,6.78856,17
"19",2010,9,6.67093023255814,43,7.57666666666667,6.18571428571429,7.0625,6.54545454545455,6.7140625,15,28,8,11,32,923,369,554,125,266,657,6.75509209100758,7.46056910569106,6.28519855595668,6.7996,6.68139097744361,6.78493150684932,18
"20",2010,10,7.20108695652174,46,7.6695652173913,6.73260869565217,6.8125,7.36363636363636,7.15,23,23,8,11,35,969,392,577,133,277,692,6.77626418988648,7.47283163265306,6.30303292894281,6.80037593984962,6.70848375451264,6.80339595375723,19
"21",2010,11,6.73448275862069,58,7.46538461538462,6.140625,7,6.02142857142857,6.96136363636364,26,32,7,14,44,1027,418,609,140,291,736,6.77390457643622,7.47236842105263,6.29449917898194,6.81035714285714,6.67542955326461,6.81283967391304,20
"22",2010,12,7.03018867924528,53,7.50967741935484,6.35454545454545,6.78,6.54166666666667,7.17317073170732,31,22,10,12,41,1080,449,631,150,303,777,6.78648148148148,7.47494432071269,6.29659270998415,6.80833333333333,6.67013201320132,6.83185328185328,21
"23",2011,1,6.79677419354839,62,7.27083333333333,6.49736842105263,6.75,6.71875,6.82391304347826,24,38,6,16,46,1142,473,669,156,319,823,6.78704028021016,7.46458773784355,6.30799701046338,6.80608974358974,6.67257053291536,6.83140947752127,22
"24",2011,2,6.66132,50,7.23809523809524,6.24365517241379,5.025,6.81054545454545,6.61923076923077,21,29,4,11,39,1192,494,698,160,330,862,6.78176677852349,7.45495951417004,6.30532378223496,6.7615625,6.6771696969697,6.82180974477958,23
"25",2011,3,6.75714285714286,28,7.08,6.38461538461539,6.5,7.53333333333333,6.54545454545455,15,13,4,6,22,1220,509,711,164,336,884,6.78120163934426,7.44390962671906,6.30677355836849,6.75518292682927,6.69245833333333,6.81493212669683,24
"26",2011,4,7,34,7.59523809523809,6.03846153846154,6.33333333333333,6.35714285714286,7.16666666666667,21,13,3,7,27,1254,530,724,167,343,911,6.78713397129187,7.44990566037736,6.30195580110497,6.74760479041916,6.68561516034985,6.82535675082327,25
"27",2011,5,6.58780487804878,41,7.495,5.72380952380952,6,6.9375,6.5030303030303,20,21,4,8,33,1295,550,745,171,351,944,6.78082316602317,7.45154545454545,6.28565906040268,6.73011695906433,6.69135612535613,6.81408898305085,26
"28",2011,6,6.89150943396226,53,7.18181818181818,6.68548387096774,6.63636363636364,6.77777777777778,6.91477272727273,22,31,11,9,44,1348,572,776,182,360,988,6.78517507418398,7.44117132867133,6.30163144329897,6.72445054945055,6.69351666666667,6.81857287449393,27
"29",2011,7,7.05404255319149,47,7.57458333333333,6.51086956521739,6.85,6.92307692307692,7.10411764705882,24,23,10,13,34,1395,596,799,192,373,1022,6.79423369175627,7.44654362416107,6.30765456821026,6.73098958333333,6.70151742627346,6.82807240704501,28
"30",2011,8,6.95818181818182,55,7.7,6.38387096774194,6.57142857142857,6.83529411764706,7.01315789473684,24,31,7,17,38,1450,620,830,199,390,1060,6.80045241379311,7.45635483870968,6.31050120481928,6.72537688442211,6.70734871794872,6.83470754716981,29
"31",2011,9,6.57272727272727,55,7.51764705882353,6.15,6.55,6.05833333333333,6.71627906976744,17,38,10,12,43,1505,637,868,209,402,1103,6.79213023255814,7.45799058084772,6.30347465437788,6.71698564593301,6.68797512437811,6.83009066183137,30
"32",2011,10,6.90510204081633,49,7.67142857142857,6.33035714285714,6.58333333333333,6.33333333333333,6.98488372093023,21,28,6,6,43,1554,658,896,215,408,1146,6.79569240669241,7.46480243161094,6.30431473214286,6.71325581395349,6.68275980392157,6.83589877835951,31
"33",2011,11,6.69846153846154,65,7.7,5.72727272727273,6.4375,6.56666666666667,6.738,32,33,8,15,50,1619,690,929,223,423,1196,6.7917887584929,7.47571014492754,6.28381700753498,6.70336322869955,6.67864302600473,6.83180602006689,32
"34",2011,12,6.88793103448276,58,7.61666666666667,6.10714285714286,6.4,6.8,6.91860465116279,30,28,5,15,43,1677,720,957,228,438,1239,6.79511389385808,7.48158333333333,6.27864785788924,6.69671052631579,6.68279908675799,6.83481840193705,33
"35",2012,1,6.97857142857143,70,7.459375,6.57368421052632,7.15,6.13,7.12,32,38,10,10,60,1747,752,995,238,448,1299,6.80246479679451,7.48063829787234,6.28991557788945,6.71575630252101,6.67045982142857,6.84799076212471,34
"36",2012,2,6.838,50,7.27777777777778,6.32173913043478,7,6.80909090909091,6.84615384615385,27,23,1,11,39,1797,779,1018,239,459,1338,6.80345353366722,7.47360718870347,6.29063457760314,6.71694560669456,6.67378213507625,6.84793721973094,35
"37",2012,3,6.99339622641509,53,7.32903225806452,6.52045454545455,5.375,6.4375,7.09222222222222,31,22,4,8,45,1850,810,1040,243,467,1383,6.80889513513514,7.46807407407407,6.29549615384615,6.69485596707819,6.66973447537473,6.85588575560376,36
"38",2012,4,6.91354166666667,48,7.534,6.23913043478261,6.42857142857143,6.5625,6.98375,25,23,7,8,40,1898,835,1063,250,475,1423,6.8115416227608,7.47004790419162,6.29427657572907,6.6874,6.66792842105263,6.85947997189037,37
"39",2012,5,7.19189189189189,37,7.62941176470588,6.82,7.08333333333333,7.75,6.924,17,20,6,12,25,1935,852,1083,256,487,1448,6.81881447028424,7.47322769953052,6.30398522622345,6.6966796875,6.69459137577002,6.86059392265194,38
"40",2012,6,7.13461538461539,26,7.16666666666667,7.09090909090909,NA,7.75,7.02272727272727,15,11,0,4,22,1961,867,1094,256,491,1470,6.82300152983172,7.46792387543253,6.31189762340036,6.6966796875,6.70318940936864,6.86302040816327,39
"41",2012,7,6.78116279069767,43,7.495,6.1604347826087,6,6.94545454545455,6.7246875,20,23,7,11,32,2004,887,1117,263,502,1502,6.82210379241517,7.46853438556933,6.30877887197851,6.67813688212928,6.70849800796813,6.86007323568575,40
"42",2012,8,6.82972972972973,37,7.02777777777778,6.64210526315789,7.5,6.84,6.82592592592593,18,19,2,10,27,2041,905,1136,265,512,1529,6.82224203821656,7.4597679558011,6.31435387323943,6.68433962264151,6.71106640625,6.85947024198823,41
"43",2012,9,6.58055555555556,36,7.175,6.105,7.125,6.65,6.55384615384615,16,20,4,10,26,2077,921,1156,269,522,1555,6.81805296100145,7.45482084690554,6.31073183391003,6.69089219330855,6.70989655172414,6.85436012861736,42
"44",2012,10,6.9530303030303,33,7.76388888888889,5.98,6.31428571428571,7.17857142857143,6.89230769230769,18,15,7,7,26,2110,939,1171,276,529,1581,6.82016398104266,7.46074547390841,6.30649530315969,6.68134057971014,6.71609829867675,6.85498418722328,43
"45",2012,11,7.02854166666667,48,7.34115384615385,6.65909090909091,7.5,7.22222222222222,6.98384615384615,26,22,4,9,39,2158,965,1193,280,538,1620,6.82479888785913,7.45752331606218,6.31299748533109,6.69303571428571,6.72456505576208,6.85808641975309,44
"46",2012,12,6.71326530612245,49,7.138,6.27083333333333,6.1,5.925,6.91538461538462,25,24,10,10,39,2207,990,1217,290,548,1659,6.82232260987766,7.44945454545454,6.31216598192276,6.67258620689655,6.70997445255474,6.85943339361061,45
"47",2013,1,6.94239130434783,46,7.26136363636364,6.65,7.25,6.34615384615385,7.17727272727273,22,24,6,13,33,2253,1012,1241,296,561,1692,6.82477407900577,7.44536561264822,6.31869943593876,6.68429054054054,6.70154367201426,6.86563238770686,46
"48",2013,2,6.77209302325581,43,7.42777777777778,6.3,6.57142857142857,6,6.92222222222222,18,25,7,7,36,2296,1030,1266,303,568,1728,6.823787456446,7.44505825242718,6.31833017377567,6.68168316831683,6.69289788732394,6.8668113425926,47
"49",2013,3,6.58859649122807,57,7.32777777777778,6.2474358974359,6.27272727272727,7.13333333333333,6.48645833333333,18,39,11,9,48,2353,1048,1305,314,577,1776,6.81809009774756,7.44304389312977,6.31621149425287,6.66735668789809,6.69976776429809,6.85653153153153,48
"50",2013,4,6.67682926829268,41,7.43055555555556,6.08695652173913,6.53333333333333,6.54166666666667,6.7,18,23,6,6,35,2394,1066,1328,320,583,1811,6.81567084377611,7.4428330206379,6.31224096385542,6.66484375,6.69814065180103,6.85350635008283,49
"51",2013,5,6.66842105263158,38,7.12105263157895,6.21578947368421,5.34,6.43333333333333,6.74137931034483,19,19,5,9,29,2432,1085,1347,325,592,1840,6.81337006578948,7.43719815668203,6.31088047512992,6.64446153846154,6.69411486486486,6.85173913043479,50
"52",2013,6,7.15714285714286,28,7.33684210526316,6.77777777777778,5,7.3,7.12608695652174,19,9,1,5,23,2460,1104,1356,326,597,1863,6.81728292682927,7.43547101449275,6.31397935103245,6.63941717791411,6.69918927973199,6.85512614063339,51
"53",2013,7,6.825,40,7.44444444444444,6.31818181818182,7.1,6.875,6.8125,18,22,5,8,32,2500,1122,1378,331,605,1895,6.8174064,7.43561497326203,6.31404644412191,6.6463746223565,6.70151404958678,6.85440633245383,52
"54",2013,8,6.87352941176471,34,7.475,6.54545454545455,6.92857142857143,6.31428571428571,7.01851851851852,12,22,7,7,27,2534,1134,1400,338,612,1922,6.8181594317285,7.43603174603175,6.31768285714286,6.65221893491124,6.69708496732026,6.85671175858481,53
"55",2013,9,6.6,40,7.22222222222222,6.09090909090909,6.2,6.47142857142857,6.62727272727273,18,22,5,7,33,2574,1152,1422,343,619,1955,6.81476923076923,7.43269097222222,6.31417440225035,6.64562682215743,6.69453311793215,6.85283887468031,54
"56",2013,10,6.54347826086957,23,7.6,5.73076923076923,5.66666666666667,7.25,6.47619047619048,10,13,3,2,21,2597,1162,1435,346,621,1976,6.81236657681941,7.43413080895009,6.30888919860627,6.6371387283237,6.69632206119163,6.84883603238867,55
"57",2013,11,6.60377049180328,61,7.1,6.18272727272727,6.4,5.72222222222222,6.75634615384615,28,33,7,9,52,2658,1190,1468,353,630,2028,6.80757938299474,7.42626890756302,6.30605313351499,6.63243626062323,6.68240634920635,6.84646449704142,56
"58",2013,12,6.96558139534884,43,7.52,6.43636363636364,6.38333333333333,7.865,6.76,21,22,6,8,35,2701,1211,1490,359,638,2063,6.81009477971122,7.42789430222956,6.30797718120805,6.62827298050139,6.69723510971787,6.84499757634513,57
"59",2014,1,7.00454545454545,55,7.39814814814815,6.625,6.5625,6.66666666666667,7.07065217391304,27,28,8,9,46,2756,1238,1518,367,647,2109,6.81397532656024,7.42724555735056,6.31382476943346,6.62683923705722,6.69680989180835,6.84991939307729,58
"60",2014,2,6.57741379310345,58,7.01923076923077,6.2184375,6.44285714285714,6.63888888888889,6.54975,26,32,14,18,40,2814,1264,1550,381,665,2149,6.80909950248757,7.41885284810126,6.31185548387097,6.62007874015748,6.69524210526316,6.84433224755701,59
"61",2014,3,6.66951219512195,41,7.1575,6.2047619047619,6.93333333333333,6.71666666666667,6.66142857142857,20,21,3,6,35,2855,1284,1571,384,671,2184,6.8070949211909,7.41478193146417,6.31042393380013,6.62252604166667,6.69543368107302,6.8414010989011,60
"62",2014,4,7.1563829787234,47,7.55384615384615,6.66428571428571,6.6,6.86666666666667,7.25571428571429,26,21,5,12,35,2902,1310,1592,389,683,2219,6.81275189524466,7.41754198473282,6.31509170854271,6.62223650385604,6.69844216691069,6.84793600721046,61
"63",2014,5,6.58717948717949,39,6.96,6.19473684210526,6.2,6.02857142857143,6.709375,20,19,5,7,32,2941,1330,1611,394,690,2251,6.80976062563754,7.41066165413534,6.31367225325884,6.61687817258883,6.69164637681159,6.8459662372279,62
"64",2014,6,6.94210526315789,38,7.5625,6.49090909090909,7.3125,6.14285714285714,7.12258064516129,16,22,8,7,31,2979,1346,1633,402,697,2282,6.81144880832495,7.41246656760773,6.3160600122474,6.63072139303483,6.68613486370158,6.84972392638037,63
"65",2014,7,6.99888888888889,45,7.265,6.786,6.665,7.33333333333333,6.9474358974359,20,25,10,6,39,3024,1366,1658,412,703,2321,6.8142380952381,7.4103074670571,6.32314595898673,6.63155339805825,6.69165860597439,6.8513657906075,64
"66",2014,8,6.6680487804878,41,7.38095238095238,5.9195,8,6.62222222222222,6.6809375,21,20,1,9,32,3065,1387,1678,413,712,2353,6.81228254486134,7.40986301369863,6.31833492252682,6.63486682808717,6.6907808988764,6.84904802379941,65
"67",2014,9,6.94571428571429,35,7.58888888888889,6.26470588235294,7,6,6.97352941176471,18,17,4,1,34,3100,1405,1695,417,713,2387,6.81378903225807,7.41215658362989,6.31779705014749,6.63836930455636,6.68981206171108,6.8508211143695,66
"68",2014,10,6.75833333333333,48,7.15384615384615,6.29090909090909,6.875,6.55,6.81315789473684,26,22,4,10,38,3148,1431,1717,421,723,2425,6.81294345616265,7.40746331236897,6.31745253348864,6.64061757719715,6.68787828492393,6.85023092783505,67
"69",2014,11,6.90795454545455,44,7.4475,6.45833333333333,6.5,7.12222222222222,6.85285714285714,20,24,3,9,35,3192,1451,1741,424,732,2460,6.81425313283208,7.40801516195727,6.31939460080413,6.63962264150944,6.69321857923497,6.85026829268293,68
"70",2014,12,7.08780487804878,41,7.28846153846154,6.74,6.66666666666667,7.3,7.04411764705882,26,15,3,7,34,3233,1477,1756,427,739,2494,6.81772223940613,7.4059106296547,6.32298747152619,6.63981264637002,6.69896617050068,6.85291098636728,69
"71",2015,1,6.77166666666667,60,7.20333333333333,6.34,6.35714285714286,7.04545454545455,6.71020408163265,30,30,7,11,49,3293,1507,1786,434,750,2543,6.81688308533253,7.40187790311878,6.32327323628219,6.6352534562212,6.704048,6.85016122689737,70
"72",2015,2,6.82796610169492,59,7.668,6.21029411764706,6.28125,6.91666666666667,6.812,25,34,8,9,50,3352,1532,1820,442,759,2593,6.81707816229117,7.40622062663185,6.32116263736264,6.62884615384615,6.70656916996047,6.84942537601234,71
"73",2015,3,6.86348214285714,56,7.21607142857143,6.51089285714286,7.08333333333333,7.38333333333333,6.8011,28,28,6,6,50,3408,1560,1848,448,765,2643,6.81784066901409,7.40280769230769,6.32403733766234,6.63493303571429,6.71187712418301,6.84851116155884,72
"74",2015,4,6.92745098039216,51,7.63448275862069,5.99545454545455,5.625,7.4375,6.83255813953488,29,22,4,8,43,3459,1589,1870,452,773,2686,6.81945677941602,7.40703587161737,6.32017165775401,6.62599557522124,6.71938680465718,6.8482557706627,73
"75",2015,5,6.93333333333333,39,7.29,6.55789473684211,6.5,6.4,7.01176470588235,20,19,1,5,34,3498,1609,1889,453,778,2720,6.82072641509434,7.40558110627719,6.32256273160402,6.6257174392936,6.71733419023136,6.85029963235294,74
"76",2015,6,6.70972222222222,36,7.35357142857143,6.3,6.2,6.15,6.82166666666667,14,22,8,6,30,3534,1623,1911,461,784,2750,6.81959564233164,7.40513247073321,6.32230298273155,6.61832971800434,6.71299234693878,6.84998727272728,75
"77",2015,7,6.97625,40,7.26041666666667,6.55,6.675,5.6,7.21911764705882,24,16,4,6,34,3574,1647,1927,465,790,2784,6.82134890878568,7.40302367941712,6.32419356512714,6.61881720430108,6.70453924050633,6.85449533045977,76
"78",2015,8,7.13804347826087,46,7.33666666666667,6.765625,6.25,7.29,7.09583333333333,30,16,4,10,36,3620,1677,1943,469,800,2820,6.82537320441989,7.4018366129994,6.32782861554297,6.61567164179105,6.7118575,6.85757624113475,77
"79",2015,9,7.090625,32,7.34705882352941,6.8,6.8,7.875,6.97857142857143,17,15,5,4,28,3652,1694,1958,474,804,2848,6.82769742606791,7.40128689492326,6.33144586312564,6.61761603375527,6.71764427860697,6.8587658005618,78
"80",2015,10,6.68047619047619,42,7.1432,6,6.83333333333333,6.6875,6.67882352941176,25,17,3,8,34,3694,1719,1975,477,812,2882,6.82602355170547,7.39753344968005,6.3285929113924,6.61897274633124,6.71734729064039,6.85664295628037,79
"81",2015,11,6.56840909090909,44,7.45238095238095,5.76130434782609,5.58333333333333,6.07,6.67916666666667,21,23,6,8,36,3738,1740,1998,483,820,2918,6.8229911717496,7.39819540229885,6.32206256256256,6.60610766045549,6.71103170731707,6.85445339273475,80
"82",2015,12,6.80555555555556,54,7.05357142857143,6.53846153846154,7,6.54166666666667,6.88095238095238,28,26,6,12,42,3792,1768,2024,489,832,2960,6.82274287974684,7.39273755656109,6.32484239130435,6.61094069529652,6.70858894230769,6.8548293918919,81
"83",2016,1,6.74353846153846,65,7.25657142857143,6.145,6.57142857142857,6.37272727272727,6.81907407407407,35,30,7,11,54,3857,1803,2054,496,843,3014,6.82140808918849,7.39009428729895,6.32221567672833,6.61038306451613,6.70420640569395,6.85418878566689,82
"84",2016,2,6.79074074074074,54,7.39545454545455,6.375,6.63636363636364,7.04545454545455,6.72558139534884,22,32,11,11,43,3911,1825,2086,507,854,3057,6.82098465865508,7.39015890410959,6.32302540747843,6.61094674556213,6.7086018735363,6.85237978410207,83
"85",2016,3,6.82142857142857,42,7.44761904761905,6.1952380952381,6.64,4.5,6.9375,21,21,5,2,40,3953,1846,2107,512,856,3097,6.82098937515811,7.39081256771398,6.32175177978168,6.61123046875,6.70344158878505,6.85347917339361,84
"86",2016,4,7.09636363636364,55,7.52105263157895,6.14705882352941,6.125,6.96666666666667,7.12173913043478,38,17,8,9,46,4008,1884,2124,520,865,3143,6.82476821357286,7.39343949044586,6.32035357815442,6.60375,6.70618034682081,6.85740534521158,85
"87",2016,5,6.74736842105263,38,7.20588235294118,6.37619047619048,6.77142857142857,7.1,6.70588235294118,17,21,7,4,34,4046,1901,2145,527,869,3177,6.82404127533367,7.39176223040505,6.32090023310023,6.60597722960152,6.70799309551208,6.85578375826252,86
"88",2016,6,6.70315625,32,7.42307692307692,6.21057894736842,6.5,6.71428571428571,6.70004,13,19,2,7,25,4078,1914,2164,529,876,3202,6.82309269249632,7.39197492163009,6.31993160813309,6.60557655954631,6.70804337899543,6.85456777014366,87
"89",2016,7,6.97807692307692,52,7.56642857142857,6.29166666666667,6.44,7.025,6.96954545454545,28,24,5,8,44,4130,1942,2188,534,884,3246,6.82504406779661,7.39449021627188,6.31962157221206,6.60402621722846,6.71091176470588,6.85612630930376,88
"90",2016,8,6.61145833333333,48,7.15789473684211,6.25344827586207,5.83333333333333,7.5,6.48452380952381,19,29,6,6,42,4178,1961,2217,540,890,3288,6.82259023456199,7.39219785823559,6.31875597654488,6.59546296296296,6.71623146067416,6.8513795620438,89
"91",2016,9,6.37236842105263,38,7.059375,5.87272727272727,7,7.04166666666667,6.246875,16,22,1,6,32,4216,1977,2239,541,896,3320,6.81853225806452,7.3895042994436,6.31437338097365,6.59621072088725,6.71841071428571,6.8455530120482,90
"92",2016,10,6.705,50,7.32173913043478,6.17962962962963,5.57142857142857,5.97222222222222,6.86585365853659,23,27,7,9,41,4266,2000,2266,548,905,3361,6.81720159399906,7.388725,6.3127678729038,6.5831204379562,6.71099005524862,6.8458006545671,91
"93",2016,11,6.75151515151515,66,7.295,5.91538461538462,6.5,6.83333333333333,6.73333333333333,40,26,3,12,54,4332,2040,2292,551,917,3415,6.81620083102493,7.38688725490196,6.30826003490401,6.58266787658802,6.71259105779716,6.84402225475842,92
"94",2016,12,6.80883333333333,60,7.16594594594595,6.23434782608696,6.42857142857143,7.11555555555556,6.75470588235294,37,23,7,9,51,4392,2077,2315,558,926,3466,6.81610018214936,7.3829513721714,6.30752570194384,6.58073476702509,6.71650755939525,6.84270802077323,93
"95",2017,1,6.73984375,64,7.37222222222222,6.27837837837838,6.8625,6.45833333333333,6.80480769230769,27,37,8,12,52,4456,2104,2352,566,938,3518,6.81500493716338,7.38281368821293,6.30706717687075,6.58471731448763,6.71320469083156,6.8421478112564,94
"96",2017,2,7.01847826086957,46,7.42045454545455,6.65,6.5,7.1,7.00853658536585,22,24,7,5,41,4502,2126,2376,573,943,3559,6.81708396268325,7.38320319849482,6.31053114478114,6.58368237347295,6.71525556733828,6.84406462489464,95
"97",2017,3,6.60121951219512,41,7.09565217391304,5.96944444444444,5.66666666666667,5.3,6.78194444444444,23,18,3,5,36,4543,2149,2394,576,948,3595,6.8151358133392,7.38012563983248,6.30796658312448,6.57890625,6.70779113924051,6.84344255910988,96
"98",2017,4,6.86428571428571,35,7.18478260869565,6.25,7.5,6.57142857142857,6.9375,23,12,2,7,28,4578,2172,2406,578,955,3623,6.81551157710791,7.37805709023941,6.30767747298421,6.58209342560554,6.70679162303665,6.84416947281259,97
"99",2017,5,6.34102564102564,39,6.55882352941176,6.17272727272727,7,6.86666666666667,6.29722222222222,17,22,2,3,36,4617,2189,2428,580,958,3659,6.81150357374919,7.37169483782549,6.3064546952224,6.58353448275862,6.70729227557411,6.83878819349549,98
"100",2017,6,6.94032258064516,31,7.01,6.875,6.3,6.56,7.01346153846154,15,16,5,5,26,4648,2204,2444,585,963,3685,6.81236273666093,7.3692332123412,6.3101767594108,6.58111111111111,6.70652751817238,6.84002062415197,99
"101",2017,7,6.62636363636364,44,7.4824,5.5,5.66666666666667,6.70625,6.60861111111111,25,19,6,8,36,4692,2229,2463,591,971,3721,6.81061849957375,7.3705024674742,6.3039269183922,6.57182741116751,6.70652523171988,6.83778177909164,100
"102",2017,8,6.75277777777778,54,7.20384615384615,6.33392857142857,6.7,6,6.78173076923077,26,28,5,2,52,4746,2255,2491,596,973,3773,6.8099603876949,7.36858093126386,6.3042641509434,6.57290268456376,6.70507297019527,6.83700927643785,101
"103",2017,9,6.74,52,7.5295652173913,6.11379310344828,6.3125,7.35714285714286,6.644,23,29,8,7,45,4798,2278,2520,604,980,3818,6.80920216756982,7.3702063213345,6.30207222222222,6.5694536423841,6.7097306122449,6.83473441592457,102
"104",2017,10,6.55104166666667,48,6.86363636363636,6.28653846153846,6.5,6.6,6.54659090909091,22,26,4,4,44,4846,2300,2546,608,984,3862,6.8066450680974,7.36536086956522,6.30191358994501,6.56899671052631,6.70928455284553,6.83145157949249,103
"105",2017,11,7.24423076923077,52,7.83448275862069,6.5,6.91666666666667,8.7,7.01777777777778,29,23,6,7,45,4898,2329,2569,614,991,3907,6.81129073091058,7.3712022327179,6.30368703775788,6.57239413680782,6.72334611503532,6.83359764525211,104
"106",2017,12,6.72,60,7.51379310344828,5.97741935483871,7.1,7.05555555555556,6.66078431372549,29,31,7,9,51,4958,2358,2600,621,1000,3958,6.81018596208149,7.37295589482612,6.29979692307692,6.57834138486312,6.726336,6.83137089439111,105
"107",2018,1,7.07918918918919,74,7.4831914893617,6.37592592592593,6.65625,7.36,7.03015873015873,47,27,8,11,63,5032,2405,2627,629,1011,4021,6.81414189189189,7.37511018711019,6.30057936810049,6.57933227344992,6.73323046488625,6.83448545138026,106
"108",2018,2,6.92072727272727,55,7.42941176470588,6.09714285714286,7,7.1875,6.87531914893617,34,21,1,8,47,5087,2439,2648,630,1019,4068,6.81529427953607,7.37586715867159,6.29896601208459,6.58,6.73679685966634,6.83495722713865,107
"109",2018,3,7.06486486486487,37,7.31578947368421,6.8,7.375,7.58,6.984375,19,18,4,5,32,5124,2458,2666,634,1024,4100,6.81709640905543,7.37540276647681,6.3023488372093,6.58501577287066,6.7409140625,6.83612341463415,108
"110",2018,4,6.97236842105263,38,7.40217391304348,6.31333333333333,6.5,6.89285714285714,6.99032258064516,23,15,3,7,31,5162,2481,2681,637,1031,4131,6.81823944207672,7.37565094719871,6.30241029466617,6.58461538461538,6.74194568380213,6.83728056160736,109
"111",2018,5,7.035,40,7.38275862068966,6.11818181818182,5.83333333333333,6.4,7.12571428571429,29,11,3,5,35,5202,2510,2692,640,1036,4166,6.81990618992695,7.37573306772908,6.30165750371471,6.58109375,6.74029536679537,6.83970379260682,110
"112",2018,6,7.19702392857143,28,7.54148166666667,6.577,6,6.874,7.26724652173913,18,10,3,5,23,5230,2528,2702,643,1041,4189,6.82192517590822,7.37691323971519,6.30267653589933,6.57838258164852,6.74093756003842,6.8420512461208,111
"113",2018,7,6.578125,32,7.03333333333333,6.17647058823529,6.9,6.75,6.56666666666667,15,17,5,2,30,5262,2543,2719,648,1043,4219,6.82044254465983,7.37488661816752,6.3018874586245,6.58086419753086,6.74095493767977,6.84009307181797,112
"114",2018,8,7.0175,40,7.47727272727273,6.45555555555556,6.71428571428571,7.125,7.00555555555556,22,18,7,4,36,5302,2565,2737,655,1047,4255,6.82192920973218,7.37576478362573,6.30289806357326,6.58229007633588,6.74242215854823,6.84149298942421,113
"115",2018,9,6.73823529411765,34,7.04285714285714,6.525,6.38888888888889,6.84444444444444,6.7,14,20,9,9,25,5336,2579,2757,664,1056,4280,6.82139592766117,7.37395760759984,6.3045092491839,6.57966867469879,6.74329166666667,6.84066651168225,114
"116",2018,10,7.01111111111111,45,7.68181818181818,6.3695652173913,6.41666666666667,8.625,6.85365853658537,22,23,6,4,41,5381,2601,2780,670,1060,4321,6.82298246980115,7.37656158016148,6.30504748201439,6.57820895522388,6.75039245283019,6.84078978708633,115
"117",2018,11,7.03375,48,7.299,6.59166666666667,5.1875,5.84285714285714,7.23707317073171,30,18,4,7,41,5429,2631,2798,674,1067,4362,6.82484595137226,7.37567718358039,6.30689135096498,6.56995548961424,6.74443861293346,6.84451459651536,116
"118",2018,12,6.95581395348837,43,7.17586206896552,6.5,6.5,6.8125,6.98857142857143,29,14,2,8,35,5472,2660,2812,676,1075,4397,6.82587512244152,7.3734987481203,6.30785277382646,6.56974852071006,6.74494511627907,6.84566128496703,117
"119",2019,1,6.8198,50,7.29769230769231,6.30208333333333,7.07142857142857,6.7,6.85358974358974,26,24,7,11,39,5522,2686,2836,683,1086,4436,6.8258201140891,7.3727649553239,6.30780394922426,6.57489019033675,6.74448987108655,6.8457309896303,118
"120",2019,2,6.88373684210526,38,7.26104761904762,6.41764705882353,6.61666666666667,7,6.87727777777778,21,17,6,2,36,5560,2707,2853,689,1088,4472,6.82621594784173,7.3718982896195,6.30845846477392,6.57525399129173,6.74495955882353,6.8459849440966,119
"121",2019,3,6.9290243902439,41,7.39576923076923,6.12,6.33333333333333,7.25,6.89432432432432,26,15,3,4,37,5601,2733,2868,692,1092,4509,6.82696851812176,7.3721253823637,6.30747280334728,6.57420520231214,6.74680952380952,6.84638160789532,120
"122",2019,4,7.32692307692308,26,7.63333333333333,6.90909090909091,5.66666666666667,7.5,7.29545454545455,15,11,3,4,22,5627,2748,2879,695,1096,4531,6.82927859783188,7.37355118995633,6.30977144841959,6.57028776978417,6.74955839416058,6.84856205473406,121
"123",2019,5,7.00388880952381,42,7.78111111111111,6.42097208333333,6.35714285714286,7.8,6.89630621621622,18,24,7,5,37,5669,2766,2903,702,1101,4568,6.83057223496207,7.37620342371656,6.310690778505,6.56816239316239,6.75432879200727,6.84894877408056,122
"124",2019,6,6.90441176470588,34,7.10714285714286,6.57692307692308,7,6.2,7.02586206896552,21,13,3,5,29,5703,2787,2916,705,1106,4597,6.83101244958794,7.37417605669178,6.31187768518519,6.57,6.75182278481013,6.8500648248858,123
"125",2019,7,7.02504073170732,41,7.5210668,6.25,5.875,7.5,6.97369378378378,25,16,4,4,37,5744,2812,2932,709,1110,4634,6.83239740076602,7.37548198435277,6.31154001705321,6.56607898448519,6.75451891891892,6.85105193569271,124
"126",2019,8,7.15547619047619,42,7.6812,6.38235294117647,6.33333333333333,7.5,7.09805555555556,25,17,3,6,36,5786,2837,2949,712,1116,4670,6.8347425976495,7.37817600986958,6.31194822990845,6.56509831460674,6.75852688172043,6.85295603211992,125
"127",2019,9,7.304,25,7.57352941176471,6.73125,6,7.45,7.2675,17,8,1,5,20,5811,2854,2957,713,1121,4690,6.83676143004646,7.37933964260687,6.31308262766317,6.56430575035063,6.76161106155218,6.85472381023454,126
"128",2019,10,7.21617647058823,34,7.53125,6.93611111111111,6.875,6.8,7.28793103448276,16,18,4,5,29,5845,2870,2975,717,1126,4719,6.83896846364414,7.38018652961672,6.31685221176471,6.5660390516039,6.76178152753108,6.85738602881967,127
"129",2019,11,6.90263157894737,38,7.3952380952381,6.29411764705882,6.625,8,6.87297297297297,21,17,4,1,37,5883,2891,2992,721,1127,4756,6.83937968213497,7.38029586302317,6.3167230381016,6.56636615811373,6.76288021295475,6.85750728973928,128
"130",2019,12,6.9265306122449,49,7.61428571428571,6.00952380952381,4.5,7.4,6.89565217391304,28,21,4,3,46,5932,2919,3013,725,1130,4802,6.84009957349966,7.38254036998972,6.31458192167275,6.55496551724138,6.76457168141593,6.85787269262807,129
"131",2020,1,7.06071428571429,56,7.35142857142857,6.57619047619048,5.95,6.57,7.16739130434783,35,21,6,10,46,5988,2954,3034,731,1140,4848,6.84216277054108,7.38217174678402,6.31639265985498,6.55,6.7628649122807,6.86080954414191,130
"132",2020,2,6.87261904761905,42,7.32045454545455,6.38,6.05,7.01666666666667,6.83333333333333,22,20,2,9,33,6030,2976,3054,733,1149,4881,6.84237490381426,7.38171550403226,6.31680921087099,6.54863574351978,6.76485291557876,6.86062377996312,131
"133",2020,3,6.89090909090909,33,7.31304347826087,5.92,6,7.28333333333333,6.8037037037037,23,10,3,6,27,6063,2999,3064,736,1155,4908,6.84263906811809,7.38118884294765,6.31551414164491,6.54639945652174,6.76754632034632,6.86031064995925,132
"134",2020,4,7.12686842105263,38,7.68157692307692,5.925,5.75,6.86363636363636,7.23411111111111,26,12,4,11,27,6101,3025,3076,740,1166,4935,6.84440938698574,7.38377069090909,6.31399067945384,6.54209459459459,6.76845283018868,6.86235575886525,133
"135",2020,5,6.72790697674419,43,7.26666666666667,6.04736842105263,5.6,7.28333333333333,6.63783783783784,24,19,5,6,37,6144,3049,3095,745,1172,4972,6.8435940218099,7.38284891439816,6.31235390306947,6.53577181208053,6.77108873720136,6.86068496983105,134
"136",2020,6,7.12028571428571,35,7.423,6.71666666666667,6.54166666666667,6.5,7.15787878787879,20,15,6,2,33,6179,3069,3110,751,1174,5005,6.84516129956304,7.38311057021831,6.31430396463023,6.5358189081225,6.7706269165247,6.86264448951049,135
"137",2020,7,6.89193548387097,31,7.16111111111111,6.51923076923077,6.375,6.46666666666667,6.9375,18,13,4,3,28,6210,3087,3123,755,1177,5033,6.84539479388084,7.38181611273081,6.31515700608389,6.53496688741722,6.76985216652506,6.86306093184979,136
"138",2020,8,6.66388888888889,36,7.05416666666667,5.88333333333333,5.375,7.16666666666667,6.56333333333333,24,12,4,6,30,6246,3111,3135,759,1183,5063,6.84434865033622,7.37928844101575,6.31350409250399,6.52885375494071,6.77186475063398,6.86128494370926,137
"139",2020,9,6.76,40,7.09090909090909,6.35555555555556,5.5,6.41666666666667,6.82058823529412,22,18,3,6,34,6286,3133,3153,762,1189,5097,6.84381191059498,7.37726343440792,6.31374415794481,6.5248031496063,6.77007232968881,6.86101347263096,138
"140",2020,10,7.18,40,7.31071428571429,6.875,6.2,6.85714285714286,7.24848484848485,28,12,6,7,33,6326,3161,3165,768,1196,5130,6.84593766519128,7.37667394495413,6.31587214218009,6.522265625,6.77058193979933,6.8635059785575,139
"141",2020,11,7.0547619047619,42,7.44814814814815,6.34666666666667,6,7.44285714285714,6.97714285714286,27,15,1,7,35,6368,3188,3180,769,1203,5165,6.84731496074121,7.37727927854454,6.31601739937107,6.52158647594278,6.77449376558603,6.86427602516941,140
"142",2020,12,6.89141304347826,46,7.39224137931035,6.03705882352941,6.33333333333333,7.57875,6.74671052631579,29,17,3,8,38,6414,3217,3197,772,1211,5203,6.84763122388525,7.37741415604601,6.31453404128871,6.52085492227979,6.77980677126342,6.86341738804536,141
"143",2021,1,6.98965517241379,58,7.10135135135135,6.79285714285714,6.75,6.975,6.99270833333333,37,21,9,10,48,6472,3254,3218,781,1221,5251,6.84890399721879,7.3742751505839,6.31765547855811,6.52349551856594,6.7814054054054,6.86459925157113,142
"144",2021,2,6.91304347826087,46,7.05,6.65625,6.5,7.35,6.79166666666667,30,16,6,10,36,6518,3284,3234,787,1231,5287,6.84935665388156,7.3713128319123,6.3193306524428,6.52331639135959,6.78602437043054,6.86410264233024,143
"145",2021,3,6.72571428571429,35,7.17727272727273,5.96153846153846,5.5,5.7,6.89666666666667,22,13,3,5,30,6553,3306,3247,790,1236,5317,6.84869627193652,7.37002157894737,6.31789816137974,6.51943037974683,6.78163106796116,6.86428637765657,144
"146",2021,4,6.51785714285714,28,7.025,6.1375,6.74,6.82857142857143,6.41428571428571,12,16,5,7,21,6581,3318,3263,795,1243,5338,6.84728865977815,7.36877376130199,6.31701358565737,6.52081761006289,6.78189541432019,6.86251604908205,145
"147",2021,5,6.88387096774194,31,7.36875,6.36666666666667,6.5,7.6,6.74615384615385,16,15,3,5,26,6612,3334,3278,798,1248,5364,6.8474601739262,7.36877364727055,6.31724079621721,6.52073934837092,6.78517307692307,6.86195202647278,146
"148",2021,6,6.92592592592593,27,7.33846153846154,6.54285714285714,6.74,7.85,6.852,13,14,5,2,25,6639,3347,3292,803,1250,5389,6.84777928453081,7.36865591275769,6.31820028250304,6.52210460772104,6.7868768,6.86190585822973,147
"149",2021,7,6.89655172413793,29,7.14285714285714,6.25,NA,4.66666666666667,7.15384615384615,21,8,0,3,26,6668,3368,3300,803,1253,5415,6.84799140221956,7.36724802256532,6.31803494848485,6.52210460772104,6.78180047885076,6.86330760295476,148
"150",2021,8,6.97777777777778,36,7.52631578947368,6.36470588235294,5.375,6.5,7.07333333333333,19,17,4,6,30,6704,3387,3317,807,1259,5445,6.84868834576373,7.36814034248598,6.31827414229726,6.51641883519207,6.78045750595711,6.86446476951331,149
"151",2021,9,7.12307692307692,39,7.47692307692308,6.41538461538462,6.875,7.4,7.08235294117647,26,13,4,5,34,6743,3413,3330,811,1264,5479,6.85027534776806,7.36896904189862,6.31865325225225,6.51818742293465,6.7829082278481,6.86581687716737,150
"152",2021,10,6.93939393939394,33,7.39473684210526,6.32142857142857,6.35714285714286,7,6.93333333333333,19,14,7,3,30,6776,3432,3344,818,1267,5509,6.85070936688312,7.3691116958042,6.31866487141148,6.51680929095354,6.78342225730071,6.86618454710474,151
"153",2021,11,6.49444444444444,36,6.84117647058823,6.18421052631579,5.375,5.7,6.68620689655172,17,19,4,7,29,6812,3449,3363,822,1274,5538,6.84882658103347,7.36650952160046,6.31790524234315,6.51125304136253,6.7774693877551,6.86524208559047,152
"154",2021,12,6.89869510638298,47,7.3564584375,5.92213333333333,5.6164,7.3705,6.85480627906977,32,15,5,4,43,6859,3481,3378,827,1278,5581,6.84916829566993,7.36641712438954,6.31614781823564,6.50584280532043,6.7793255086072,6.86516168070238,153
"155",2022,1,6.92892957746479,71,7.36621621621622,6.45305882352941,6.3125,8.03571428571429,6.807875,37,34,8,7,64,6930,3518,3412,835,1285,5645,6.84998547474748,7.3664150113701,6.31751211313013,6.50399041916168,6.78616964980545,6.86451219486271,154
"156",2022,2,7.21418604651163,43,7.45392857142857,6.76666666666667,7,8.08714285714286,7.04444444444444,28,15,1,7,36,6973,3546,3427,836,1292,5681,6.85223136956834,7.36710603778906,6.31947806536329,6.50458373205741,6.79321826625387,6.86565240978701,155
"157",2022,3,7.25346428571429,28,7.4698,7.00384615384615,8,7.349,7.242,15,13,1,3,25,7001,3561,3440,837,1295,5706,6.85383607198972,7.36753861555743,6.32206434011628,6.50637037037037,6.79450579150579,6.86730132141605,156
"158",2022,4,7.25459459459459,37,7.50607142857143,6.47222222222222,NA,7.22428571428571,7.26166666666667,28,9,0,7,30,7038,3589,3449,837,1302,5736,6.85594292980961,7.36861939537476,6.32245616990432,6.50637037037037,6.79681643625192,6.86936390167364,157
"159",2022,5,7.22234577777778,45,7.41367538461538,6.96052631578947,6,7.66666666666667,7.19060857142857,26,19,3,3,42,7083,3615,3468,840,1305,5778,6.8582707750953,7.36894344951591,6.32595194059977,6.5045619047619,6.79881609195402,6.87169901349948,158
"160",2022,6,6.75883720930233,43,7.20555555555556,6.005,6.8,7.00714285714286,6.71055555555556,27,16,2,7,36,7126,3642,3484,842,1312,5814,6.85767076901488,7.36773217188358,6.32447799368542,6.50526365795724,6.79992759146341,6.87070122119023,159
"161",2022,7,6.97857142857143,35,7.06111111111111,6.7,6,9,6.91911764705882,27,8,1,1,34,7161,3669,3492,843,1313,5848,6.85826168132942,7.36547576178795,6.32533829610538,6.50466429418742,6.80160319878141,6.8709827120383,160
"162",2022,8,6.70227272727273,44,7.14444444444444,6,6.64285714285714,7.3,6.56944444444444,27,17,7,8,36,7205,3696,3509,850,1321,5884,6.85730907702984,7.36386108495671,6.32376213451126,6.50580235294118,6.80462149886449,6.86913781441196,161
"163",2022,9,7.18857142857143,35,7.67826086956522,6.25,6.33333333333333,6.5,7.27741935483871,23,12,3,4,31,7240,3719,3521,853,1325,5915,6.85891048342542,7.36580547727884,6.32351074410679,6.50519577960141,6.80370188679245,6.87127758241758,162
"164",2022,10,6.6,36,7.31111111111111,5.88888888888889,NA,7.53333333333333,6.51515151515152,18,18,0,3,33,7276,3737,3539,853,1328,5948,6.85762945299615,7.36554203104094,6.32130017801639,6.50519577960141,6.80535015060241,6.86930176529926,163
"165",2022,11,7.0859375,32,7.37941176470588,6.75333333333333,7.75,7.03,7.0962962962963,17,15,2,5,27,7308,3754,3554,855,1333,5975,6.85862915982485,7.36560484017048,6.32312361564434,6.50810760233918,6.80619279819955,6.87032751464435,164
"166",2022,12,7.01521739130435,46,7.12352941176471,6.70833333333333,5,7.6875,6.95119047619048,34,12,2,4,42,7354,3788,3566,857,1337,6017,6.8596086347566,7.3634320406547,6.32441989063376,6.50458809801633,6.80882946896036,6.87089195612431,165
