"","year","month","avg_rating","no_ratings","avg_rating_owned","avg_rating_not_owned","avg_rating_prev_owned","avg_rating_comment","avg_rating_no_comment","no_ratings_owned","no_ratings_not_owned","no_ratings_prev_owned","no_ratings_comment","no_ratings_no_comment","cum_no_ratings","cum_no_ratings_owned","cum_no_ratings_not_owned","cum_no_ratings_prev_owned","cum_no_ratings_comment","cum_no_ratings_no_comment","cum_avg_rating","cum_avg_rating_owned","cum_avg_rating_not_owned","cum_avg_rating_prev_owned","cum_avg_rating_comment","cum_avg_rating_no_comment","month_after_release"
"1",2002,9,7,2,8,6,NA,7,NA,1,1,0,2,0,2,1,1,0,2,0,7,8,6,NA,7,NA,-10
"2",2002,10,7.125,4,7.75,6.5,NA,6.5,7.75,2,2,0,2,2,6,3,3,0,4,2,7.08333333333333,7.83333333333333,6.33333333333333,NA,6.75,7.75,-9
"3",2002,11,8,2,8,NA,NA,NA,8,2,0,0,0,2,8,5,3,0,4,4,7.3125,7.9,6.33333333333333,NA,6.75,7.875,-8
"4",2002,12,9,1,9,NA,NA,NA,9,1,0,0,0,1,9,6,3,0,4,5,7.5,8.08333333333333,6.33333333333333,NA,6.75,8.1,-7
"5",2003,1,8,1,8,NA,NA,NA,8,1,0,0,0,1,10,7,3,0,4,6,7.55,8.07142857142857,6.33333333333333,NA,6.75,8.08333333333333,-6
"6",2003,2,8,1,NA,8,NA,8,NA,0,1,0,1,0,11,7,4,0,5,6,7.59090909090909,8.07142857142857,6.75,NA,7,8.08333333333333,-5
"7",2003,3,5.33333333333333,3,6,5,NA,5,6,1,2,0,2,1,14,8,6,0,7,7,7.10714285714286,7.8125,6.16666666666667,NA,6.42857142857143,7.78571428571429,-4
"8",2003,4,8,1,NA,8,NA,8,NA,0,1,0,1,0,15,8,7,0,8,7,7.16666666666667,7.8125,6.42857142857143,NA,6.625,7.78571428571429,-3
"9",2003,5,6.83333333333333,3,7.75,5,5,6.75,7,2,1,1,2,1,18,10,8,1,10,8,7.11111111111111,7.8,6.25,5,6.65,7.6875,-2
"10",2003,6,5.5,2,NA,5.5,NA,3,8,0,2,0,1,1,20,10,10,1,11,9,6.95,7.8,6.1,5,6.31818181818182,7.72222222222222,-1
"11",2003,7,5.68181818181818,11,7.75,4.5,NA,6.2,5.25,4,7,0,5,6,31,14,17,1,16,15,6.5,7.78571428571429,5.44117647058824,5,6.28125,6.73333333333333,0
"12",2003,8,6.75,4,6.5,7,NA,NA,6.75,2,2,0,0,4,35,16,19,1,16,19,6.52857142857143,7.625,5.60526315789474,5,6.28125,6.73684210526316,1
"13",2003,9,4.6,5,6.5,4.125,5.75,3,7,1,4,2,3,2,40,17,23,3,19,21,6.2875,7.55882352941176,5.34782608695652,5.5,5.76315789473684,6.76190476190476,2
"14",2003,10,6,4,7.5,4.5,NA,7,5.66666666666667,2,2,0,1,3,44,19,25,3,20,24,6.26136363636364,7.55263157894737,5.28,5.5,5.825,6.625,3
"15",2003,12,5,1,5,NA,NA,NA,5,1,0,0,0,1,45,20,25,3,20,25,6.23333333333333,7.425,5.28,5.5,5.825,6.56,5
"16",2004,1,6.5,5,6.125,8,NA,NA,6.5,4,1,0,0,5,50,24,26,3,20,30,6.26,7.20833333333333,5.38461538461539,5.5,5.825,6.55,6
"17",2004,2,6.91666666666667,6,6.5,7.75,8,7.25,6.75,4,2,1,2,4,56,28,28,4,22,34,6.33035714285714,7.10714285714286,5.55357142857143,6.125,5.95454545454545,6.57352941176471,7
"18",2004,3,7.16666666666667,6,7.16666666666667,NA,NA,8,6.33333333333333,6,0,0,3,3,62,34,28,4,25,37,6.41129032258065,7.11764705882353,5.55357142857143,6.125,6.2,6.55405405405405,8
"19",2004,4,6,9,6,6,NA,5.66666666666667,6.66666666666667,6,3,0,6,3,71,40,31,4,31,40,6.35915492957746,6.95,5.59677419354839,6.125,6.09677419354839,6.5625,9
"20",2004,5,6.6,5,6.5,7,7,6.5,6.66666666666667,4,1,1,2,3,76,44,32,5,33,43,6.375,6.90909090909091,5.640625,6.3,6.12121212121212,6.56976744186047,10
"21",2004,6,6.625,4,6.625,NA,NA,NA,6.625,4,0,0,0,4,80,48,32,5,33,47,6.3875,6.88541666666667,5.640625,6.3,6.12121212121212,6.57446808510638,11
"22",2004,7,8,1,8,NA,NA,8,NA,1,0,0,1,0,81,49,32,5,34,47,6.40740740740741,6.90816326530612,5.640625,6.3,6.17647058823529,6.57446808510638,12
"23",2004,8,7.16666666666667,3,8,6.75,NA,NA,7.16666666666667,1,2,0,0,3,84,50,34,5,34,50,6.43452380952381,6.93,5.70588235294118,6.3,6.17647058823529,6.61,13
"24",2004,9,7.2,10,7.33333333333333,6,NA,6.75,7.3125,9,1,0,2,8,94,59,35,5,36,58,6.51595744680851,6.99152542372881,5.71428571428571,6.3,6.20833333333333,6.70689655172414,14
"25",2004,10,6.4,5,7,4,NA,4.5,7.66666666666667,4,1,0,2,3,99,63,36,5,38,61,6.51010101010101,6.99206349206349,5.66666666666667,6.3,6.11842105263158,6.75409836065574,15
"26",2004,11,7,2,7,NA,NA,7,7,2,0,0,1,1,101,65,36,5,39,62,6.51980198019802,6.99230769230769,5.66666666666667,6.3,6.14102564102564,6.75806451612903,16
"27",2004,12,7.18181818181818,11,8.28571428571429,5.25,4.5,7.25,7.14285714285714,7,4,2,4,7,112,72,40,7,43,69,6.58482142857143,7.11805555555556,5.625,5.78571428571429,6.24418604651163,6.79710144927536,17
"28",2005,1,6.33333333333333,6,7.25,4.5,NA,4.5,7.25,4,2,0,2,4,118,76,42,7,45,73,6.57203389830508,7.125,5.57142857142857,5.78571428571429,6.16666666666667,6.82191780821918,18
"29",2005,2,6.42857142857143,7,7,5.66666666666667,NA,6.66666666666667,6.25,4,3,0,3,4,125,80,45,7,48,77,6.564,7.11875,5.57777777777778,5.78571428571429,6.19791666666667,6.79220779220779,19
"30",2005,3,6.55555555555556,9,6.66666666666667,6.33333333333333,8,6.33333333333333,6.66666666666667,6,3,1,3,6,134,86,48,8,51,83,6.5634328358209,7.08720930232558,5.625,6.0625,6.20588235294118,6.78313253012048,20
"31",2005,4,6.11111111111111,9,5.9,6.375,NA,7,6,5,4,0,1,8,143,91,52,8,52,91,6.53496503496504,7.02197802197802,5.68269230769231,6.0625,6.22115384615385,6.71428571428571,21
"32",2005,5,6.45555555555556,9,7.025,6,6,6.275,6.6,4,5,1,4,5,152,95,57,9,56,96,6.53026315789474,7.0221052631579,5.71052631578947,6.05555555555556,6.225,6.70833333333333,22
"33",2005,6,5.28571428571429,7,6.66666666666667,4.25,6,2,5.83333333333333,3,4,1,1,6,159,98,61,10,57,102,6.47547169811321,7.01122448979592,5.61475409836066,6.05,6.15087719298246,6.65686274509804,23
"34",2005,7,7,13,7.09090909090909,6.5,NA,8.5,6.72727272727273,11,2,0,2,11,172,109,63,10,59,113,6.51511627906977,7.01926605504587,5.64285714285714,6.05,6.23050847457627,6.66371681415929,24
"35",2005,8,7.16666666666667,6,8.5,5.83333333333333,NA,7.83333333333333,6.5,3,3,0,3,3,178,112,66,10,62,116,6.53707865168539,7.05892857142857,5.65151515151515,6.05,6.30806451612903,6.65948275862069,25
"36",2005,9,5,3,6,4.5,NA,2,6.5,1,2,0,1,2,181,113,68,10,63,118,6.51160220994475,7.04955752212389,5.61764705882353,6.05,6.23968253968254,6.65677966101695,26
"37",2005,10,7.61111111111111,9,8,6.83333333333333,5,5,7.9375,6,3,1,1,8,190,119,71,11,64,126,6.56368421052631,7.09747899159664,5.66901408450704,5.95454545454545,6.2203125,6.73809523809524,27
"38",2005,11,6.41666666666667,6,7.375,4.5,NA,5.5,7.33333333333333,4,2,0,3,3,196,123,73,11,67,129,6.55918367346939,7.10650406504065,5.63698630136986,5.95454545454545,6.18805970149254,6.75193798449612,28
"39",2005,12,6.95238095238095,21,7.46666666666667,5.66666666666667,6,7,6.95,15,6,1,1,20,217,138,79,12,68,149,6.59723502304147,7.14565217391304,5.63924050632911,5.95833333333333,6.2,6.77852348993289,29
"40",2006,1,6.38461538461539,13,6.33333333333333,7,NA,6,6.5,12,1,0,3,10,230,150,80,12,71,159,6.58521739130435,7.08066666666667,5.65625,5.95833333333333,6.19154929577465,6.76100628930818,30
"41",2006,2,6.69230769230769,13,7.18181818181818,4,NA,5.5,6.90909090909091,11,2,0,2,11,243,161,82,12,73,170,6.59094650205761,7.08757763975155,5.61585365853659,5.95833333333333,6.17260273972603,6.77058823529412,31
"42",2006,3,6.08333333333333,12,6.3,5,NA,5.5,6.66666666666667,10,2,0,6,6,255,171,84,12,79,176,6.56705882352941,7.04152046783626,5.60119047619048,5.95833333333333,6.12151898734177,6.76704545454545,32
"43",2006,4,7.78571428571429,7,7.78571428571429,NA,NA,9,7.58333333333333,7,0,0,1,6,262,178,84,12,80,182,6.59961832061069,7.07078651685393,5.60119047619048,5.95833333333333,6.1575,6.79395604395604,33
"44",2006,5,6.5,4,7,6.33333333333333,7,7,6.33333333333333,1,3,1,1,3,266,179,87,13,81,185,6.59812030075188,7.07039106145251,5.6264367816092,6.03846153846154,6.1679012345679,6.78648648648649,34
"45",2006,6,7.2,5,7.75,5,NA,5,8.66666666666667,4,1,0,2,3,271,183,88,13,83,188,6.60922509225092,7.08524590163934,5.61931818181818,6.03846153846154,6.13975903614458,6.81648936170213,35
"46",2006,7,7,6,7.25,6.5,7,NA,7,4,2,1,0,6,277,187,90,14,83,194,6.61768953068592,7.08877005347594,5.63888888888889,6.10714285714286,6.13975903614458,6.82216494845361,36
"47",2006,8,6.91666666666667,6,8.25,4.25,NA,3.5,7.6,4,2,0,1,5,283,191,92,14,84,199,6.62402826855124,7.1130890052356,5.60869565217391,6.10714285714286,6.10833333333333,6.84170854271357,37
"48",2006,9,6.16666666666667,6,6.66666666666667,5.66666666666667,6.5,5.5,6.5,3,3,2,2,4,289,194,95,16,86,203,6.61453287197232,7.10618556701031,5.61052631578947,6.15625,6.09418604651163,6.83497536945813,38
"49",2006,10,6.16666666666667,6,6.75,5,NA,5.5,6.5,4,2,0,2,4,295,198,97,16,88,207,6.60542372881356,7.0989898989899,5.5979381443299,6.15625,6.08068181818182,6.82850241545894,39
"50",2006,11,6,6,6,6,NA,6,6,5,1,0,1,5,301,203,98,16,89,212,6.59335548172757,7.07192118226601,5.60204081632653,6.15625,6.07977528089888,6.80896226415094,40
"51",2006,12,5.96111111111111,18,7.4125,4.8,6,5.2875,6.5,8,10,1,8,10,319,211,108,17,97,222,6.5576802507837,7.08483412322275,5.52777777777778,6.14705882352941,6.01443298969072,6.79504504504505,41
"52",2007,1,5.38235294117647,17,5.61111111111111,5.125,4,5.5,5.3,9,8,1,7,10,336,220,116,18,104,232,6.49821428571429,7.02454545454546,5.5,6.02777777777778,5.97980769230769,6.73060344827586,42
"53",2007,2,5.589611875,16,6.13636363636364,4.386758,NA,5,5.78614916666667,11,5,0,4,12,352,231,121,18,108,244,6.45691417613636,6.98225108225108,5.45399826446281,6.02777777777778,5.94351851851852,6.68415487704918,43
"54",2007,3,5.72727272727273,11,7,5,5,5.4,6,4,7,2,5,6,363,235,128,20,113,250,6.4348038292011,6.98255319148936,5.429170234375,5.925,5.91946902654867,6.66773516,44
"55",2007,4,5.73333333333333,15,6.27272727272727,4.25,4,4.875,6.71428571428571,11,4,1,8,7,378,246,132,21,121,257,6.4069676984127,6.95081300813008,5.3934378030303,5.83333333333333,5.8504132231405,6.66900307392996,45
"56",2007,5,6.22222222222222,9,6.14285714285714,6.5,7,NA,6.22222222222222,7,2,1,0,9,387,253,134,22,121,266,6.40267129198966,6.92845849802372,5.40995365671642,5.88636363636364,5.8504132231405,6.65388642857143,46
"57",2007,6,6.06666666666667,15,6.54166666666667,4.16666666666667,5.5,6.33333333333333,6,12,3,1,3,12,402,265,137,23,124,278,6.39013380597015,6.91094339622642,5.38272839416058,5.8695652173913,5.86209677419355,6.62566111510791,47
"58",2007,7,7.11764705882353,17,7.26666666666667,6,7,7.33333333333333,7.07142857142857,15,2,1,3,14,419,280,139,24,127,292,6.41965105011933,6.93,5.39161,5.91666666666667,5.89685039370079,6.64703352739726,48
"59",2007,8,6.325,20,6.78571428571429,5.25,6,5.33333333333333,6.75,14,6,1,6,14,439,294,145,25,133,306,6.41533892938497,6.92312925170068,5.38575027586207,5.92,5.87142857142857,6.65174441176471,49
"60",2007,9,6.53846153846154,13,6.66666666666667,6.25,5,7.66666666666667,6.2,9,4,2,3,10,452,303,149,27,136,316,6.41888006637168,6.91551155115511,5.40895161073826,5.85185185185185,5.91102941176471,6.63744870253165,50
"61",2007,10,5.85238095238095,21,6.10714285714286,5.34285714285714,6,5.1,6.02941176470588,14,7,2,4,17,473,317,156,29,140,333,6.39372894291755,6.87981072555205,5.40598583333333,5.86206896551724,5.88785714285714,6.60640777777778,51
"62",2007,11,6.20833333333333,24,6.82352941176471,4.71428571428571,5.5,6.5,6.18181818181818,17,7,2,2,22,497,334,163,31,142,355,6.38477623742455,6.87694610778443,5.3762809202454,5.83870967741935,5.89647887323944,6.58009518309859,52
"63",2007,12,6.30555555555556,18,6.26666666666667,6.5,6.5,6.3,6.30769230769231,15,3,1,5,13,515,349,166,32,147,368,6.3820073592233,6.85071633237822,5.39658909638554,5.859375,5.91020408163265,6.57047225543478,53
"64",2008,1,6.428,25,7.18,5.3,5.33333333333333,5.33333333333333,6.77368421052632,15,10,3,6,19,540,364,176,35,153,387,6.38413664814815,6.86428571428571,5.39110107954545,5.81428571428571,5.8875816993464,6.58044906976744,54
"65",2008,2,6.85789473684211,19,6.9875,6.16666666666667,6.5,6.76,6.89285714285714,16,3,1,5,14,559,380,179,36,158,401,6.40023933810376,6.86947368421053,5.40409938547486,5.83333333333333,5.91518987341772,6.59135608478803,55
"66",2008,3,6.52782608695652,23,6.557,6.33333333333333,NA,5.83333333333333,6.632,20,3,0,3,20,582,400,182,36,161,421,6.40528142611684,6.85385,5.41941642857143,5.83333333333333,5.91366459627329,6.59328691211401,56
"67",2008,4,6.43684210526316,19,7.1,5,3.66666666666667,4,7.08666666666667,13,6,3,4,15,601,413,188,39,165,436,6.40627918469218,6.86159806295399,5.40603079787234,5.66666666666667,5.86727272727273,6.61026098623853,57
"68",2008,5,6.67142857142857,14,7.1,5.9,5.5,7.1,6.5,9,5,2,4,10,615,422,193,41,169,446,6.41231510569106,6.86668246445498,5.41882792746114,5.65853658536585,5.89644970414201,6.60778876681614,58
"69",2008,6,5.88888888888889,9,6.6,5,NA,5.25,6.4,5,4,0,4,5,624,427,197,41,173,451,6.40476568910256,6.86355971896955,5.4103238071066,5.65853658536585,5.88150289017341,6.60548512195122,59
"70",2008,7,6.32142857142857,14,6.86363636363636,4.33333333333333,3,4.7,7.22222222222222,11,3,1,5,9,638,438,200,42,178,460,6.40293697492163,6.86356164383562,5.39416895,5.59523809523809,5.84831460674157,6.6175517173913,60
"71",2008,8,5.95454545454545,22,6.06666666666667,5.71428571428571,4.66666666666667,5.2,6.17647058823529,15,7,3,5,17,660,453,207,45,183,477,6.38799059090909,6.83717439293598,5.40499415458937,5.53333333333333,5.83060109289617,6.60183184486373,61
"72",2008,9,6.375,16,6.81818181818182,5.4,4,7.25,6.08333333333333,11,5,2,4,12,676,464,212,47,187,489,6.38768312130177,6.83672413793103,5.40487636792453,5.46808510638298,5.86096256684492,6.58910795501022,62
"73",2008,10,6.68333333333333,12,7.13333333333333,5.33333333333333,6,7.05,6.5,9,3,2,4,8,688,473,215,49,191,497,6.39283981104651,6.84236786469345,5.40387809302326,5.48979591836735,5.88586387434555,6.58767362173038,63
"74",2008,11,6.05263157894737,19,6.6,5.44444444444444,6.5,4.625,6.43333333333333,10,9,3,4,15,707,483,224,52,195,512,6.3836970155587,6.83734989648033,5.40550799107143,5.54807692307692,5.86,6.58315193359375,64
"75",2008,12,6.00888888888889,18,6.72727272727273,4.88,5.29,5.33333333333333,6.34666666666667,11,7,4,6,12,725,494,231,56,201,524,6.37439143448276,6.8348987854251,5.38958350649351,5.52964285714286,5.84427860696517,6.57773624045802,65
"76",2009,1,5.63055555555556,36,6.12307692307692,4.35,6.2,4.33333333333333,6.06296296296296,26,10,5,9,27,761,520,241,61,210,551,6.33920340341655,6.79930769230769,5.34644726141079,5.58459016393443,5.77952380952381,6.55251141560798,66
"77",2009,2,6.12666666666667,30,6.15789473684211,6.07272727272727,5.91666666666667,6.375,6.08846153846154,19,11,6,4,26,791,539,252,67,214,577,6.33114259165613,6.77669758812616,5.37814996031746,5.61432835820896,5.79065420560748,6.53160102253033,67
"78",2009,3,6.13928571428571,28,6.85,5.42857142857143,6.25,6.5,6.11153846153846,14,14,4,2,26,819,553,266,71,216,603,6.32458338217338,6.77855334538879,5.38080372180451,5.65014084507042,5.79722222222222,6.51348887230514,68
"79",2009,4,5.92307692307692,26,7.07142857142857,4.58333333333333,NA,5.8125,5.94318181818182,14,12,0,4,22,845,567,278,71,220,625,6.3122293372781,6.7857848324515,5.34638053956835,5.65014084507042,5.7975,6.493414064,69
"80",2009,5,5.61190476190476,21,6.2,5.07727272727273,5.32142857142857,5.7625,5.51923076923077,10,11,7,8,13,866,577,289,78,228,638,6.29524687066974,6.77563258232236,5.3361376816609,5.62064102564103,5.79627192982456,6.47356393416928,70
"81",2009,6,6.53333333333333,15,6.61538461538461,6,NA,6.5,6.54166666666667,13,2,0,3,12,881,590,291,78,231,650,6.29930055618615,6.77210169491525,5.34070030927835,5.62064102564103,5.80541125541125,6.47482121538462,71
"82",2009,7,6.27368421052632,19,6.82307692307692,5.08333333333333,5.375,4.33333333333333,6.6375,13,6,4,3,16,900,603,297,82,234,666,6.29875976666666,6.77320066334992,5.33550097643098,5.60865853658537,5.78653846153846,6.47872941441441,72
"83",2009,8,6.91666666666667,12,7.16666666666667,6.66666666666667,6.5,6.66666666666667,7,6,6,4,3,9,912,609,303,86,237,675,6.30689012061403,6.77707717569786,5.36186069306931,5.65011627906977,5.79767932489451,6.48567968888889,73
"84",2009,9,6,15,6.61111111111111,5.08333333333333,6,6.2,5.9,9,6,2,5,10,927,618,309,88,242,685,6.30192426105717,6.77466019417476,5.35645239482201,5.65806818181818,5.80599173553719,6.47712962043796,74
"85",2009,10,6.0741935483871,31,6.46111111111111,5.53846153846154,5.83333333333333,4.5,6.24285714285714,18,13,6,3,28,958,636,322,94,245,713,6.29455510438413,6.76578616352201,5.36380059006211,5.66925531914894,5.79,6.46792957924264,75
"86",2009,11,6.6605948,25,6.96534785714286,6.27272727272727,4.66666666666667,5.75,6.83404142857143,14,11,3,4,21,983,650,333,97,249,734,6.30386435401831,6.77008441538461,5.3938251951952,5.63824742268041,5.78935742971887,6.47840416893733,76
"87",2009,12,6.08666666666667,30,6.71904761904762,4.61111111111111,4.33333333333333,4.68333333333333,6.4375,21,9,3,6,24,1013,671,342,100,255,758,6.29743204343534,6.76848713859911,5.37322745614035,5.5991,5.76333333333333,6.47710905013193,77
"88",2010,1,5.97727272727273,22,5.90909090909091,6.04545454545455,5.33333333333333,5.8,6.02941176470588,11,11,3,5,17,1035,682,353,103,260,775,6.29062672463768,6.75462590909091,5.39417504249292,5.59135922330097,5.76403846153846,6.46728859354839,78
"89",2010,2,6.1952380952381,21,6.4,5.78571428571429,6,6.5,6.16315789473684,14,7,2,2,19,1056,696,360,105,262,794,6.28872979166667,6.74749262931034,5.40178830555556,5.59914285714286,5.76965648854962,6.46001090680101,79
"90",2010,3,6.38888888888889,18,7.08333333333333,5,5,6.2,6.46153846153846,12,6,2,5,13,1074,708,366,107,267,807,6.29040843575419,6.75318484463277,5.39520161202186,5.58794392523365,5.77771535580524,6.46003551425031,80
"91",2010,4,7.025,20,7.5,6.14285714285714,7,7.16666666666667,6.96428571428571,13,7,1,6,14,1094,721,373,108,273,821,6.3038378976234,6.76665030513176,5.40923268096515,5.60101851851852,5.80824175824176,6.46863417783191,81
"92",2010,5,5.69444444444444,18,6,4.625,5,3.5,5.96875,14,4,1,2,16,1112,735,377,109,275,837,6.29397361510791,6.75204744217687,5.40091190981432,5.59550458715596,5.79145454545454,6.45907844683393,82
"93",2010,6,5.96875,16,6.13636363636364,5.6,5.33333333333333,5.75,6,11,5,3,2,14,1128,746,382,112,277,851,6.2893605141844,6.74296899463807,5.40351777486911,5.58848214285714,5.79115523465704,6.451526039953,83
"94",2010,7,6.3,15,6.68181818181818,5.25,5,7,6.19230769230769,11,4,2,2,13,1143,757,386,114,279,864,6.2895001399825,6.74208040951123,5.40192691709845,5.57815789473684,5.79982078853046,6.44762576388889,84
"95",2010,8,5.83333333333333,21,6.30769230769231,5.0625,5.33333333333333,5,5.875,13,8,3,1,20,1164,770,394,117,280,884,6.28127032646048,6.73474658441558,5.395035,5.57188034188034,5.79696428571428,6.43467042986425,85
"96",2010,9,6.0625,16,6.11111111111111,6,6,3,6.26666666666667,9,7,2,1,15,1180,779,401,119,281,899,6.27830394915254,6.72754155327343,5.40559548628429,5.5790756302521,5.78701067615658,6.43186725250278,86
"97",2010,10,6.21666666666667,24,6.3125,6.025,6.125,6.25,6.21363636363636,16,8,4,2,22,1204,795,409,123,283,921,6.27707529900332,6.71918851572327,5.41771097799511,5.59682926829268,5.79028268551237,6.42665435396308,87
"98",2010,11,5.47058823529412,17,5.66666666666667,5.25,5,5.25,5.53846153846154,9,8,2,4,13,1221,804,417,125,287,934,6.26584656838657,6.70740655472637,5.41449350119904,5.58728,5.78275261324042,6.41429192719486,88
"99",2010,12,6.488,25,6.69444444444444,5.95714285714286,6,7.33333333333333,6.37272727272727,18,7,2,3,22,1246,822,424,127,290,956,6.27030390048154,6.70712271289538,5.42345233490566,5.59377952755906,5.79879310344827,6.41333541841004,89
"100",2011,1,6.4,30,6.94736842105263,5.45454545454545,6.75,5.7,6.54,19,11,2,5,25,1276,841,435,129,295,981,6.27335318181818,6.71255038049941,5.42423859770115,5.61170542635659,5.79711864406779,6.41656336391437,90
"101",2011,2,6.65217391304348,23,6.90625,6.07142857142857,4.66666666666667,7,6.63636363636364,16,7,3,1,22,1299,857,442,132,296,1003,6.28006055427252,6.71616670945158,5.43448821266968,5.59022727272727,5.80118243243243,6.42138450648056,91
"102",2011,3,6.25166666666667,30,6.85588235294118,5.46153846153846,5.79285714285714,4.6375,6.5,17,13,7,4,26,1329,874,455,139,300,1029,6.27941960872837,6.71888429061785,5.43526107692308,5.60043165467626,5.78566666666666,6.42337090379009,92
"103",2011,4,5.99487179487179,39,7.05263157894737,4.99,5.25,5.8,6.02352941176471,19,20,12,5,34,1368,893,475,151,305,1063,6.2713075,6.72598529675252,5.41651324210526,5.57258278145695,5.78590163934426,6.4105819943556,93
"104",2011,5,6,11,6.28571428571429,5.5,NA,6.25,5.85714285714286,7,4,0,4,7,1379,900,479,151,309,1070,6.26914333575054,6.72256096666667,5.41721041753653,5.57258278145695,5.79190938511327,6.40696136448598,94
"105",2011,6,5.86111111111111,18,6.63636363636364,4.64285714285714,4.33333333333333,5,6.03333333333333,11,7,3,3,15,1397,911,486,154,312,1085,6.26388594130279,6.72152016465423,5.40605718106996,5.54844155844156,5.78429487179487,6.401796,95
"106",2011,7,5.46375,16,6.24571428571429,4.85555555555556,3.5,6,5.428,7,9,4,1,15,1413,918,495,158,313,1100,6.25482566171267,6.71789201525054,5.39604806060606,5.49658227848101,5.7849840255591,6.38851696363636,96
"107",2011,8,6.11904761904762,21,6.61538461538461,5.3125,5,6.5,6.07894736842105,13,8,1,2,19,1434,931,503,159,315,1119,6.25283728033473,6.71646065520945,5.39471926441352,5.49345911949686,5.78952380952381,6.38326064343164,97
"108",2011,9,6.34761904761905,21,6.72,5.41666666666667,4.75,5.625,6.51764705882353,15,6,2,4,17,1455,946,509,161,319,1136,6.25420526460481,6.71651677589852,5.39497797642436,5.48422360248447,5.78746081504702,6.38527170774648,98
"109",2011,10,5.77894736842105,19,6.19230769230769,4.88333333333333,4.15,5,5.925,13,6,2,3,16,1474,959,515,163,322,1152,6.24807914518317,6.70941070907195,5.38901706796116,5.4678527607362,5.78012422360248,6.37887904513889,99
"110",2011,11,5.5859375,32,6.23529411764706,4.85,5.65,4.21428571428571,5.97,17,15,5,7,25,1506,976,530,168,329,1177,6.23400973439575,6.7011525307377,5.37376186792453,5.47327380952381,5.74680851063829,6.37019427357689,100
"111",2011,12,5.64705882352941,17,5.7,5.57142857142857,6,4.75,5.76666666666667,10,7,2,2,15,1523,986,537,170,331,1192,6.22745808273145,6.69099885395538,5.37633852886406,5.4794705882353,5.74078549848942,6.36259954697987,101
"112",2012,1,6.17954545454545,22,6.55,5.53125,5.75,8,5.9975,14,8,3,2,20,1545,1000,545,173,333,1212,6.22677583171521,6.68902487,5.3786124587156,5.48416184971098,5.75435435435435,6.3565748019802,102
"113",2012,2,5.78409090909091,22,6.20833333333333,5.275,6.75,1,6.01190476190476,12,10,2,1,21,1567,1012,555,175,334,1233,6.22056072750478,6.68332497035573,5.37674556756757,5.49862857142857,5.74011976047904,6.35070450932685,103
"114",2012,3,6.76916666666667,24,6.83888888888889,6.56,6,8,6.71565217391304,18,6,1,1,23,1591,1030,561,176,335,1256,6.22883636706474,6.6860435631068,5.38940069518717,5.50147727272727,5.74686567164179,6.35738746815287,104
"115",2012,4,6.09259259259259,27,6.21428571428571,5.66666666666667,6.66666666666667,6.3,6.04545454545455,21,6,3,5,22,1618,1051,567,179,340,1278,6.22656283065513,6.67661738344434,5.39233472663139,5.52100558659218,5.755,6.35201773082942,105
"116",2012,5,6.1,25,6.40625,5.55555555555556,5.5,4.5,6.23913043478261,16,9,2,2,23,1643,1067,576,181,342,1301,6.22463704199635,6.67256313964386,5.39488505208333,5.52077348066298,5.74766081871345,6.3500220292083,106
"117",2012,6,6.05769230769231,26,6.47368421052632,4.92857142857143,5,5,6.25,19,7,3,4,22,1669,1086,583,184,346,1323,6.22203634511683,6.66908367403315,5.38928608919383,5.51228260869565,5.73901734104046,6.3483587755102,107
"118",2012,7,5.878125,16,6.73,4.45833333333333,4,4.76666666666667,6.13461538461539,10,6,1,3,13,1685,1096,589,185,349,1336,6.21877071810089,6.66963947992701,5.37980269949066,5.50410810810811,5.73065902578796,6.34627893712575,108
"119",2012,8,6.84375,16,7.375,5.25,6,5,7.10714285714286,12,4,3,2,14,1701,1108,593,188,351,1350,6.22464941798941,6.67727876353791,5.37892713322091,5.51202127659575,5.72649572649572,6.35416937777778,109
"120",2012,9,6.19230769230769,13,7,4.9,3,2,6.54166666666667,8,5,2,1,12,1714,1116,598,190,352,1362,6.22440411901983,6.67959217741936,5.37492272575251,5.48557894736842,5.71590909090909,6.35582133627019,110
"121",2012,10,6.53333333333333,15,6.25,7.1,6,7.5,6.46428571428571,10,5,3,1,14,1729,1126,603,193,353,1376,6.22708424522845,6.67577697158082,5.3892268490879,5.49357512953368,5.72096317280453,6.35692489825581,111
"122",2012,11,5.91379310344828,29,6.66666666666667,5.10714285714286,3.5,5.9,5.91666666666667,15,14,2,5,24,1758,1141,617,195,358,1400,6.22191618885096,6.67565720420684,5.38282623987034,5.47312820512821,5.72346368715084,6.34937761428571,112
"123",2012,12,5.82058823529412,34,6.195,5.28571428571429,4.5,5.66666666666667,5.83548387096774,20,14,6,3,31,1792,1161,631,201,361,1431,6.21430170758928,6.66737714900948,5.38067161648178,5.44407960199005,5.72299168975069,6.33824504542278,113
"124",2013,1,6.47435897435897,39,6.53571428571429,6.31818181818182,6.16666666666667,6.8,6.42647058823529,28,11,3,5,34,1831,1189,642,204,366,1465,6.21984088476242,6.66427659377628,5.39673487538941,5.45470588235294,5.73770491803278,6.34029260068259,114
"125",2013,2,6.19032258064516,31,7,4.21111111111111,5,6.8,6.07307692307692,22,9,4,5,26,1862,1211,651,208,371,1491,6.21934944146079,6.67037561519406,5.38034376344086,5.44596153846154,5.75202156334232,6.33563290409121,115
"126",2013,3,6.83225806451613,31,7.21818181818182,5.88888888888889,6.16666666666667,6,6.92142857142857,22,9,3,3,28,1893,1233,660,211,374,1519,6.22938650818806,6.6801499351176,5.38727846969697,5.45620853080569,5.75401069518716,6.34643098090849,116
"127",2013,4,6.05,28,6.425,5.1125,5,5.75,6.1,20,8,4,4,24,1921,1253,668,215,378,1543,6.2267718167621,6.67607731045491,5.38398770958084,5.44772093023256,5.75396825396825,6.34259796500324,117
"128",2013,5,6.51923076923077,26,6.91666666666667,5.625,5,4,6.97727272727273,18,8,4,4,22,1947,1271,676,219,382,1565,6.23067727786338,6.67948455546814,5.38683992603551,5.43954337899543,5.73560209424084,6.35151991054313,118
"129",2013,6,6.625,20,7.11538461538461,5.71428571428571,4.5,6.5,6.63888888888889,13,7,2,2,18,1967,1284,683,221,384,1583,6.23468665988815,6.68389787383178,5.39019588579795,5.4310407239819,5.73958333333333,6.35478753000632,119
"130",2013,7,6.3,28,6.51666666666667,5,5,7,6.27407407407407,24,4,2,1,27,1995,1308,687,223,385,1610,6.23560333834586,6.68082941131499,5.38792400291121,5.42717488789238,5.74285714285714,6.35343395031056,120
"131",2013,8,6.31714285714286,35,6.44230769230769,5.95555555555556,6,4.33333333333333,6.503125,26,9,1,3,32,2030,1334,696,224,388,1642,6.23700919211822,6.67618056221889,5.39526406609196,5.42973214285714,5.7319587628866,6.35635119366626,121
"132",2013,9,5.69444444444444,18,6.36363636363636,4.64285714285714,7.5,5,5.89285714285714,11,7,1,4,14,2048,1345,703,225,392,1656,6.23224055664062,6.67362443866171,5.38777210526316,5.43893333333333,5.72448979591837,6.35243276570048,122
"133",2013,10,5.875,24,6.39285714285714,5.15,5,5.8,5.89473684210526,14,10,5,5,19,2072,1359,713,230,397,1675,6.22810263513513,6.67073206033849,5.38443729312763,5.42939130434783,5.72544080604534,6.34724099104478,123
"134",2013,11,6.30263157894737,38,6.63793103448276,5.22222222222222,4.66666666666667,6.5,6.27272727272727,29,9,3,5,33,2110,1388,722,233,402,1708,6.22944486255924,6.67004673631124,5.38241522160665,5.41957081545065,5.73507462686567,6.34580132318501,124
"135",2013,12,6.25925925925926,27,6.64285714285714,4.91666666666667,3.5,7,6.23076923076923,21,6,2,1,26,2137,1409,728,235,403,1734,6.22982155357978,6.66964149751597,5.37857663461539,5.40323404255319,5.73821339950372,6.34407650519031,125
"136",2014,1,6.17948717948718,39,6.36538461538461,5.80769230769231,5.5,5.25,6.28571428571429,26,13,5,4,35,2176,1435,741,240,407,1769,6.22891942095588,6.66412882926829,5.38610497975709,5.40525,5.73341523341523,6.34292179762578,126
"137",2014,2,6.375,32,6.95652173913043,4.88888888888889,4.58333333333333,5.875,6.44642857142857,23,9,6,4,28,2208,1458,750,246,411,1797,6.2310365307971,6.66874133744856,5.38013838666667,5.38520325203252,5.73479318734793,6.34453459098497,127
"138",2014,3,6.38333333333333,15,6.72916666666667,5,5,3.25,7.52272727272727,12,3,3,4,11,2223,1470,753,249,415,1808,6.23206417453891,6.66923460544218,5.37862389110226,5.38056224899599,5.71084337349397,6.35170279867257,128
"139",2014,4,6.5,23,6.97222222222222,4.8,5.5,5.875,6.63157894736842,18,5,4,4,19,2246,1488,758,253,419,1827,6.23480795191451,6.67289977822581,5.37480711081794,5.38245059288538,5.71241050119332,6.35461338806787,129
"140",2014,5,6.37096774193548,31,6.60416666666667,5.57142857142857,5.33333333333333,6.625,6.33333333333333,24,7,3,4,27,2277,1512,765,256,423,1854,6.23666168642951,6.67180877645503,5.37660626143791,5.381875,5.72104018912529,6.35430348435814,130
"141",2014,6,6.34,25,6.40909090909091,6.28571428571429,5.1,7.75,6.21739130434783,11,14,5,2,23,2302,1523,779,261,425,1877,6.23778395308427,6.66991127380171,5.39294453145058,5.37647509578544,5.73058823529412,6.35262581779435,131
"142",2014,7,5.35925925925926,27,5.9,4.68333333333333,5.9,NA,5.35925925925926,15,12,3,0,27,2329,1538,791,264,425,1904,6.22759925289824,6.66240238621587,5.38217925410872,5.38242424242424,5.73058823529412,6.33853921218487,132
"143",2014,8,6.55,20,6.85714285714286,5.83333333333333,6,8,6.38888888888889,14,6,5,2,18,2349,1552,797,269,427,1922,6.23034425713069,6.66415906572165,5.38557564617315,5.39390334572491,5.74121779859485,6.33901074921956,133
"144",2014,9,6.19038461538462,26,6.48684210526316,5.38571428571429,NA,6,6.20625,19,7,0,2,24,2375,1571,804,269,429,1946,6.22990680421052,6.66201455760662,5.38557685323383,5.39390334572491,5.74242424242424,6.33737341212744,134
"145",2014,10,6.01785714285714,28,6.02380952380952,6,6.25,6.5,5.96,21,7,2,3,25,2403,1592,811,271,432,1971,6.22743598002497,6.65359602386935,5.39088013563502,5.40022140221402,5.74768518518518,6.33258683916794,135
"146",2014,11,5.95,22,6.34705882352941,4.6,5,6,5.945,17,5,2,2,20,2425,1609,816,273,434,1991,6.22491903505154,6.65035728402735,5.38603405637255,5.39728937728938,5.74884792626728,6.32869345052737,136
"147",2014,12,5.84,25,6.26315789473684,4.5,3.33333333333333,5.33333333333333,5.90909090909091,19,6,3,3,22,2450,1628,822,276,437,2013,6.22099128979592,6.64583837223587,5.37956665450122,5.37485507246377,5.74599542334096,6.32410763040238,137
"148",2015,1,6.11627906976744,43,6.48275862068965,5.35714285714286,5.08333333333333,6.375,6.08974358974359,29,14,6,4,39,2493,1657,836,282,441,2052,6.21918518251103,6.64298423053712,5.37919113636364,5.3686524822695,5.75170068027211,6.31965334307992,138
"149",2015,2,6.28,35,6.64166666666667,5.49090909090909,4,6,6.28823529411765,24,11,3,1,34,2528,1681,847,285,442,2086,6.22002715981013,6.64296541939322,5.3806420188902,5.35424561403509,5.75226244343891,6.31914125599233,139
"150",2015,3,6.33333333333333,30,6.9,5.2,5.2,5.25,6.5,20,10,5,4,26,2558,1701,857,290,446,2112,6.22135600469116,6.64598757789536,5.3785341773629,5.35158620689655,5.74775784753363,6.32136773674242,140
"151",2015,4,6.472,25,6.63333333333333,6.05714285714286,5.66666666666667,4.66666666666667,6.71818181818182,18,7,3,3,22,2583,1719,864,293,449,2134,6.2237819047619,6.6458550727167,5.38403216435185,5.35481228668942,5.74053452115813,6.32545860356139,141
"152",2015,5,6.13888888888889,18,6.15625,6,6,4.66666666666667,6.43333333333333,16,2,1,3,15,2601,1735,866,294,452,2149,6.22319440984237,6.64133998270893,5.38545472286374,5.35700680272109,5.73340707964602,6.32621156817124,142
"153",2015,6,5.65,34,5.91739130434783,5.09090909090909,5.5,6.33333333333333,5.58387096774194,23,11,6,3,31,2635,1758,877,300,455,2180,6.21579835294118,6.63186852673493,5.38176030786773,5.35986666666667,5.73736263736264,6.31565534862385,143
"154",2015,7,5.38,30,5.96086956521739,3.47142857142857,3.125,7,5.32413793103448,23,7,4,1,29,2665,1781,884,304,456,2209,6.20638974108818,6.62320318360472,5.36663324660634,5.33046052631579,5.74013157894737,6.30263859665007,144
"155",2015,8,5.88055555555556,36,6.37777777777778,4.38888888888889,5.16666666666667,5,5.96060606060606,27,9,3,3,33,2701,1808,893,307,459,2242,6.20204689374306,6.61953809181416,5.35677916013438,5.32885993485342,5.73529411764706,6.29760421944692,145
"156",2015,9,5.9,25,6.46875,4.88888888888889,5,5.25,5.95652173913043,16,9,2,2,23,2726,1824,902,309,461,2265,6.19927683785767,6.61821538925439,5.35211063192905,5.32673139158576,5.73318872017353,6.29414068874172,146
"157",2015,10,6.10576923076923,26,6.54411764705882,5.27777777777778,6.625,6,6.13095238095238,17,9,4,5,21,2752,1841,911,313,466,2286,6.19839340843023,6.61753116241173,5.35137627881449,5.34332268370607,5.73605150214592,6.29264158355206,147
"158",2015,11,6.0648275862069,29,6.38222222222222,5.54545454545455,5.14285714285714,7.1,5.84916666666667,18,11,7,5,24,2781,1859,922,320,471,2310,6.19700059690759,6.61525275416891,5.35369174620391,5.3389375,5.75053078556263,6.28803405194805,148
"159",2015,12,5.62941176470588,34,5.80384615384615,5.0625,4.66666666666667,6,5.59354838709677,26,8,3,3,31,2815,1885,930,323,474,2341,6.1901451722913,6.60406093899204,5.35118687096774,5.33269349845201,5.75210970464135,6.27883753096967,149
"160",2016,1,5.87948717948718,39,6.42142857142857,4.5,4.5,6.41666666666667,5.78181818181818,28,11,4,6,33,2854,1913,941,327,480,2374,6.18590002102312,6.60138780449556,5.34123675876727,5.32250764525994,5.76041666666667,6.27192866891323,150
"161",2016,2,6.0625,24,6.28571428571429,5.75,5.16666666666667,5.7,6.15789473684211,14,10,3,5,19,2878,1927,951,330,485,2393,6.18487097289785,6.59909437986508,5.34553500525762,5.32109090909091,5.75979381443299,6.27102325950689,151
"162",2016,3,5.9,37,6.48260869565217,4.94285714285714,5.02,4.81666666666667,6.10967741935484,23,14,10,6,31,2915,1950,965,340,491,2424,6.18125511492281,6.59772044615385,5.33969304663213,5.31223529411765,5.74826883910387,6.26895984323432,152
"163",2016,4,6.06578947368421,38,6.72916666666667,4.92857142857143,4.33333333333333,6.33333333333333,6.04285714285714,24,14,6,3,35,2953,1974,979,346,494,2459,6.17976927192685,6.59931857649443,5.33381388151175,5.29526011560694,5.75182186234818,6.26574162667751,153
"164",2016,5,6.24137931034483,29,6.86363636363636,4.28571428571429,4,6,6.26923076923077,22,7,3,3,26,2982,1996,986,349,497,2485,6.1803684305835,6.6022318987976,5.32637301217039,5.28412607449857,5.7533199195171,6.26577813279678,154
"165",2016,6,6.42330769230769,39,6.86785714285714,5.29172727272727,5.57877777777778,6,6.53254838709677,28,11,9,8,31,3021,2024,997,358,505,2516,6.18350468718967,6.60590655632411,5.32599076228686,5.29153351955307,5.75722772277228,6.26906504769475,155
"166",2016,7,6.31,30,6.55,5.83,5.33333333333333,4.5,6.37241379310345,20,10,3,1,29,3051,2044,1007,361,506,2545,6.18474849557522,6.60535952544031,5.33099581926515,5.29188088642659,5.75474308300395,6.27024269548133,156
"167",2016,8,5.69677419354839,31,6.22727272727273,4.4,4,5.16666666666667,5.824,22,9,3,6,25,3082,2066,1016,364,512,2570,6.17984025308241,6.60133343175218,5.32274880905512,5.28123351648352,5.7478515625,6.26590181322957,157
"168",2016,9,5.67521739130435,23,6.17375,4.53571428571429,5,7,5.4765,16,7,3,3,20,3105,2082,1023,367,515,2590,6.17610230595813,6.59804748799232,5.31736343108505,5.27893460490463,5.75514563106796,6.25980604633205,158
"169",2016,10,5.79032258064516,31,6.5,4.5,5.41666666666667,3.5,5.94827586206897,20,11,6,2,29,3136,2102,1034,373,517,2619,6.17228879464285,6.59711459086584,5.3086680754352,5.28115013404826,5.74642166344294,6.25635649484536,159
"170",2016,11,6.34390243902439,41,6.89310344827586,5.01666666666667,5,6.33333333333333,6.34571428571429,29,12,4,6,35,3177,2131,1046,377,523,2654,6.17450351274787,6.60114259502581,5.30531815487572,5.27816710875332,5.75315487571702,6.25753491333835,160
"171",2016,12,5.53846153846154,26,6.33333333333333,3.75,3.16666666666667,6.4,5.33333333333333,18,8,6,5,21,3203,2149,1054,383,528,2675,6.16934051201998,6.59889942764076,5.29351308349146,5.24508877284595,5.7592803030303,6.25027949906542,161
"172",2017,1,5.78375,40,6.33703703703704,4.63461538461539,4.4375,4.2125,5.95833333333333,27,13,4,4,36,3243,2176,1067,387,532,2711,6.16458453900709,6.59565021599265,5.2854852764761,5.23674160206718,5.74765037593985,6.2464026779786,162
"173",2017,2,6.21666666666667,30,6.40476190476191,5.77777777777778,6,6.3,6.2,21,9,7,5,25,3273,2197,1076,394,537,2736,6.16506191872899,6.59382561219845,5.28960296468402,5.25030203045685,5.75279329608938,6.24597867690058,163
"174",2017,3,5.95666666666667,33,6.33333333333333,4.95222222222222,5,5.914,5.96428571428571,24,9,5,5,28,3306,2221,1085,399,542,2764,6.16298174833635,6.59101074741108,5.28680441474654,5.24716541353384,5.75428044280443,6.24312505788712,164
"175",2017,4,5.76944444444444,36,5.93076923076923,5.35,4.7,5.03333333333333,5.91666666666667,26,10,5,6,30,3342,2247,1095,404,548,2794,6.15874256732495,6.58337110369381,5.287381543379,5.24039356435644,5.74638686131387,6.23961977809592,165
"176",2017,5,6.21428571428571,35,6.35,5.4,5.25,4.75,6.40322580645161,30,5,4,4,31,3377,2277,1100,408,552,2825,6.15931822919751,6.58029638559508,5.28789344545455,5.24048774509804,5.73916666666666,6.24141510088495,166
"177",2017,6,5.95,31,6.15789473684211,5.62083333333333,5,6.1,5.92115384615385,19,12,3,5,26,3408,2296,1112,411,557,2851,6.15741421948357,6.57680090156794,5.29148632194245,5.23873236009733,5.74240574506284,6.23849444405472,167
"178",2017,7,5.82692307692308,26,6.55555555555556,4.1875,3.5,6,5.80434782608696,18,8,2,3,23,3434,2314,1120,413,560,2874,6.15491195690157,6.57663563958513,5.28360070535714,5.23031234866828,5.74378571428571,6.23502006263048,168
"179",2017,8,5.71212121212121,33,6.14583333333333,4.55555555555556,5,5.66666666666667,5.71666666666667,24,9,7,3,30,3467,2338,1129,420,563,2904,6.15069733487164,6.57221337467921,5.27779697962799,5.22647380952381,5.74337477797513,6.22966517217631,169
"180",2017,9,6.73030303030303,33,7.404,4.625,5,5.83333333333333,6.82,25,8,2,3,30,3500,2363,1137,422,566,2934,6.15616218857143,6.58101348709268,5.27320386103782,5.22540047393365,5.74385159010601,6.23570131561009,170
"181",2017,10,5.80645161290323,31,6.57894736842105,4.58333333333333,4.2,5.71428571428571,5.83333333333333,19,12,5,7,24,3531,2382,1149,427,573,2958,6.15309194562447,6.58099700671705,5.26599894691036,5.21339344262295,5.74349040139616,6.23243666666666,171
"182",2017,11,5.85161290322581,31,5.90961538461538,5.55,5,5.5,5.87586206896552,26,5,2,2,29,3562,2408,1154,429,575,2987,6.1504681807973,6.57374786960133,5.26722945407279,5.2123986013986,5.74264347826087,6.2289747773686,172
"183",2017,12,5.89473684210526,38,6.64583333333333,4.60714285714286,3.66666666666667,1,6.02702702702703,24,14,3,1,37,3600,2432,1168,432,576,3024,6.14776879444444,6.57445923930921,5.25931745719178,5.20166435185185,5.73440972222222,6.2265038558201,173
"184",2018,1,6.04022727272727,44,6.37939393939394,5.02272727272727,5.32142857142857,6,6.04538461538462,33,11,7,5,39,3644,2465,1179,439,581,3063,6.14647026893523,6.57184781744422,5.25711008481764,5.20357403189066,5.73669535283993,6.22419773424747,174
"185",2018,2,6.19354838709677,31,6.60526315789474,5.54166666666667,4.3,3.33333333333333,6.5,19,12,5,3,28,3675,2484,1191,444,584,3091,6.14686739047619,6.57210340982287,5.25997715365239,5.19339864864865,5.72434931506849,6.22669610482044,175
"186",2018,3,5.90571428571429,35,6.13703703703704,5.125,4,5.5,5.93030303030303,27,8,1,2,33,3710,2511,1199,445,586,3124,6.14459236118598,6.56742527678216,5.25907655546289,5.19071685393259,5.72358361774744,6.22356519206146,176
"187",2018,4,6.35161290322581,31,6.916,4,4.25,6.5,6.34137931034483,25,6,4,2,29,3741,2536,1205,449,588,3153,6.14630784816894,6.57086154179811,5.25280729460581,5.18233630289532,5.72622448979592,6.22464879797019,177
"188",2018,5,6.24137931034483,29,6.85,4.88888888888889,6.1,8.2,5.83333333333333,20,9,5,5,24,3770,2556,1214,454,593,3177,6.14703916710875,6.57304572378717,5.25010938220758,5.19244273127753,5.7470826306914,6.22169268492288,178
"189",2018,6,6.1952380952381,21,6.84166666666667,5.33333333333333,5.5,6.5,6.18,12,9,5,1,20,3791,2568,1223,459,594,3197,6.14730616196254,6.57430096183801,5.25072182338512,5.19579302832244,5.74835016835017,6.2214318611198,179
"190",2018,7,5.25,16,6.5,4,3.66666666666667,5.5,5.21428571428571,8,8,6,2,14,3807,2576,1231,465,596,3211,6.14353497767271,6.57407021350932,5.24259365556458,5.1760623655914,5.74751677852349,6.2170406913734,180
"191",2018,8,5.5,31,5.84782608695652,4.5,4,NA,5.5,23,8,1,0,31,3838,2599,1239,466,596,3242,6.1383370661803,6.56764327433628,5.23779886198547,5.17353862660944,5.74751677852349,6.21018434916718,181
"192",2018,9,6.02444458333333,24,6.35803941176471,5.21428571428571,4.875,7,5.93575772727273,17,7,4,2,22,3862,2616,1246,470,598,3264,6.13762929311237,6.56628116972477,5.23766676565008,5.17099787234043,5.75170568561873,6.20833465992647,182
"193",2018,10,5.8846875,32,6.18333333333333,5.50071428571429,5.9,6.125,5.85035714285714,18,14,5,4,28,3894,2634,1260,475,602,3292,6.13555067539805,6.56366421412301,5.24058951587302,5.17867157894737,5.75418604651163,6.20528989368165,183
"194",2018,11,5.94464285714286,28,6.30277777777778,5.3,3.66666666666667,5.31666666666667,6.02,18,10,3,3,25,3922,2652,1270,478,605,3317,6.13418774349821,6.56189349170438,5.24105731496063,5.1691820083682,5.75201652892562,6.20389337654507,184
"195",2018,12,6.23727272727273,22,6.57285714285714,5.65,4.4,6.33333333333333,6.22210526315789,14,8,3,3,19,3944,2666,1278,481,608,3336,6.13476276115619,6.56195106526632,5.24361720657277,5.16438461538462,5.75488486842105,6.20399710131894,185
"196",2019,1,5.928125,32,6.68421052631579,4.82307692307692,4.38571428571429,6.75,5.87333333333333,19,13,7,2,30,3976,2685,1291,488,610,3366,6.1330996805835,6.5628162160149,5.23938248644462,5.15321516393443,5.7581475409836,6.20105000891266,186
"197",2019,2,5.84384615384615,26,6.71888888888889,3.875,4,4,6.08434782608696,18,8,2,3,23,4002,2703,1299,490,613,3389,6.13122047226387,6.56385554568998,5.23097982294072,5.14850816326531,5.74954323001631,6.20025799055769,187
"198",2019,3,6.28571428571429,21,6.65625,5.1,4.83333333333333,5,6.42105263157895,16,5,3,2,19,4023,2719,1304,493,615,3408,6.13202692766592,6.56439924236852,5.23047759969325,5.14659026369168,5.74710569105691,6.20148894659624,188
"199",2019,4,6.14827586206897,29,6.45,4.7,5.5,5,6.332,24,5,1,4,25,4052,2743,1309,494,619,3433,6.13214322063179,6.56339830113015,5.22845132925898,5.14730566801619,5.74227786752827,6.20243936207399,189
"200",2019,5,5.92307692307692,13,5.8,6.33333333333333,3,5.5,6,10,3,1,2,11,4065,2753,1312,495,621,3444,6.1314746199262,6.56062533236469,5.23097773628049,5.14296767676768,5.74149758454106,6.20179277874564,190
"201",2019,6,5.59736842105263,19,5.94583333333333,5,5,NA,5.59736842105263,12,7,2,0,19,4084,2765,1319,497,621,3463,6.12898979676787,6.55795715732369,5.22975192570129,5.14239235412475,5.74149758454106,6.19847656078545,191
"202",2019,7,6.13888888888889,18,6.42307692307692,5.4,5,NA,6.13888888888889,13,5,2,0,18,4102,2778,1324,499,621,3481,6.12903323500731,6.55732596832253,5.23039485649547,5.14182164328657,5.74149758454106,6.19816843723068,192
"203",2019,8,6.285,14,6.704,5.2375,4.975,9,6.07615384615385,10,4,2,1,13,4116,2788,1328,501,622,3494,6.12956373420797,6.55785205882353,5.23041625753012,5.14115568862275,5.74673633440514,6.19771446193474,193
"204",2019,9,5.9724,25,6.22555555555556,5.32142857142857,5.5,4,6.05458333333333,18,7,4,1,24,4141,2806,1335,505,623,3518,6.12861490702729,6.55572043478261,5.23089347565543,5.14399801980198,5.74393258426966,6.19673801307561,194
"205",2019,10,6.275,24,7.14,4.83333333333333,4.83333333333333,6.5,6.25454545454545,15,9,6,2,22,4165,2821,1344,511,625,3540,6.12945842256903,6.55882720311946,5.22823124255953,5.14035029354207,5.746352,6.19709726836158,195
"206",2019,11,5.97647058823529,17,6,5.86666666666667,6.05,3.83333333333333,6.43571428571429,14,3,2,3,14,4182,2835,1347,513,628,3554,6.12883652080344,6.55606756261023,5.22965314773571,5.14389668615984,5.73721337579618,6.19803723410242,196
"207",2019,12,5.71052631578947,19,5.92857142857143,5.1,5,6,5.69444444444444,14,5,1,1,18,4201,2849,1352,514,629,3572,6.12694461556772,6.55298404352404,5.22917366124261,5.14361673151751,5.73763116057234,6.1954995324748,197
"208",2020,1,6.08064516129032,31,6.38095238095238,5.45,4.91666666666667,6.66666666666667,6.01785714285714,21,10,6,3,28,4232,2870,1362,520,632,3600,6.12660546550094,6.55172527526133,5.230795,5.14099807692308,5.7420411392405,6.19411786944444,198
"209",2020,2,6.23076923076923,26,6.55555555555556,5.5,5.5,5,6.33333333333333,18,8,2,2,24,4258,2888,1370,522,634,3624,6.1272415054016,6.55174914819945,5.232367,5.14237356321839,5.73970031545741,6.19503982615894,199
"210",2020,3,5.88888888888889,27,5.95454545454545,5.6,NA,5.5,5.90384615384615,22,5,0,1,26,4285,2910,1375,522,635,3650,6.1257396336056,6.54723420618557,5.23370384727273,5.14237356321839,5.73932283464567,6.19296556986301,200
"211",2020,4,6.05357142857143,28,6.65789473684211,4.77777777777778,4.66666666666667,6,6.05555555555556,19,9,3,1,27,4313,2929,1384,525,636,3677,6.12527111755159,6.54795204506658,5.23073901011561,5.13965523809524,5.73973270440251,6.19195657601305,201
"212",2020,5,5.46666666666667,15,5.5,5.33333333333333,NA,6,5.42857142857143,12,3,0,1,14,4328,2941,1387,525,637,3691,6.12298852356747,6.54367614416865,5.23096091564528,5.13965523809524,5.74014128728414,6.18906104849634,202
"213",2020,6,6.14285714285714,14,6.36363636363636,5.33333333333333,4.5,4.5,6.8,11,3,2,4,10,4342,2952,1390,527,641,3701,6.12305258636573,6.54300526422764,5.23118186330935,5.13722770398482,5.73240249609984,6.19071178870575,203
"214",2020,7,5.92608695652174,23,6.35714285714286,5.25555555555556,3.7,6.075,5.89473684210526,14,9,4,4,19,4365,2966,1399,531,645,3720,6.12201473768614,6.54212796358732,5.23133866333095,5.1264011299435,5.73452713178294,6.18920008870968,204
"215",2020,8,6.32352941176471,17,7.125,4.4,4.66666666666667,6,6.34375,12,5,3,1,16,4382,2978,1404,534,646,3736,6.12279651528982,6.54447667562122,5.22837805555556,5.12381835205993,5.73493808049535,6.18986197269807,205
"216",2020,9,6.085,20,6.54666666666667,4.7,4,3,6.24736842105263,15,5,3,1,19,4402,2993,1409,537,647,3755,6.12262479100409,6.5444876511861,5.22650304471256,5.11754003724395,5.73071097372488,6.19015295073236,206
"217",2020,10,6,24,6.22222222222222,5.33333333333333,6.5,7,5.95652173913043,18,6,2,1,23,4426,3011,1415,539,648,3778,6.12195985765928,6.54256112255065,5.22695603533569,5.12266975881262,5.73266975308642,6.18873063260985,207
"218",2020,11,6.1625,24,6.395,5,5,5,6.26818181818182,20,4,2,2,22,4450,3031,1419,541,650,3800,6.12217850112359,6.54158744308809,5.22631627202255,5.12221626617375,5.73041538461538,6.18919061315789,208
"219",2020,12,5.81764705882353,17,6.14444444444444,5.45,4.53333333333333,7,5.66,9,8,3,2,15,4467,3040,1427,544,652,3815,6.12101955003358,6.54041169078948,5.22757028030834,5.11896875,5.73430981595092,6.18710991612058,209
"220",2021,1,6.35928571428571,28,6.3775,6.25,5.75,7.5,6.27153846153846,24,4,2,2,26,4495,3064,1431,546,654,3841,6.12250374416018,6.53913562010444,5.23042822501747,5.12128021978022,5.73970948012232,6.18768141890133,210
"221",2021,2,6.06521739130435,23,6.16666666666667,5.95454545454545,6.07142857142857,6,6.06818181818182,12,11,7,1,22,4518,3076,1442,553,655,3863,6.12221211376715,6.53768255526658,5.23595200416089,5.13330741410488,5.74010687022901,6.18700086202433,211
"222",2021,3,6.16666666666667,15,6.5,4,NA,6.5,6.14285714285714,13,2,0,1,14,4533,3089,1444,553,656,3877,6.12235921685418,6.53752396892198,5.23424015927978,5.13330741410488,5.74126524390244,6.18684145731236,212
"223",2021,4,6.64666678571429,28,7.12,4.91111166666667,4.875,NA,6.64666678571429,22,6,4,0,28,4561,3111,1450,557,656,3905,6.12557794343346,6.54164305368049,5.23290307586207,5.13145242369839,5.74126524390244,6.19013854033291,213
"224",2021,5,6.71428571428571,14,6.66666666666667,7,4,4,6.92307692307692,12,2,1,1,13,4575,3123,1452,558,657,3918,6.12737945355191,6.54212345180916,5.23533709366391,5.1294247311828,5.73861491628615,6.19257044410414,214
"225",2021,6,6.52272727272727,22,6.71052631578947,5.33333333333333,NA,2,6.975,19,3,0,2,20,4597,3142,1455,558,659,3938,6.12927148140091,6.54314180140038,5.23553914776632,5.1294247311828,5.72726858877086,6.19654418486541,215
"226",2021,7,6.4,10,6.66666666666667,4,NA,7,6.33333333333333,9,1,0,1,9,4607,3151,1456,558,660,3947,6.1298591274148,6.54349461758172,5.23469056318682,5.1294247311828,5.72919696969697,6.19685609323537,216
"227",2021,8,5.5,20,5.23076923076923,6,6.5,5.25,5.5625,13,7,2,4,16,4627,3164,1463,560,664,3963,6.12713658958288,6.53810099241467,5.23835233082707,5.13431964285714,5.72631024096385,6.1942949785516,217
"228",2021,9,5.41666666666667,12,5.3,6,NA,6,5.3,10,2,0,2,10,4639,3174,1465,560,666,3973,6.12529877128692,6.5342002331443,5.2393921228669,5.13431964285714,5.72713213213213,6.19204404731941,218
"229",2021,10,5.89047619047619,21,6.51176470588235,3.25,4.5,3,6.37222222222222,17,4,2,3,18,4660,3191,1469,562,669,3991,6.12424055793991,6.53408070824193,5.23397512593601,5.13206227758007,5.71490284005979,6.19285667752443,219
"230",2021,11,5.6875,16,6.07142857142857,3,NA,NA,5.6875,14,2,0,0,16,4676,3205,1471,562,669,4007,6.12274615055603,6.53205976287052,5.23093777022434,5.13206227758007,5.71490284005979,6.19083878213127,220
"231",2021,12,5.10473684210526,19,5.5,4.66555555555556,4,NA,5.10473684210526,10,9,4,0,19,4695,3215,1480,566,669,4026,6.11862641107561,6.52884962363919,5.22749963513514,5.12406183745583,5.71490284005979,6.1857131147541,221
"232",2022,1,6.2,30,6.71428571428571,5,5,6.16666666666667,6.2037037037037,21,9,3,3,27,4725,3236,1489,569,672,4053,6.11914306878307,6.53005300988875,5.22612455339154,5.12340773286468,5.71691964285714,6.18583296323711,222
"233",2022,2,5.85833333333333,24,5.94375,5.6875,4.66666666666667,5.5,5.89090909090909,16,8,3,2,22,4749,3252,1497,572,674,4075,6.1178250157928,6.5271683702337,5.22859015364062,5.12101223776224,5.71627596439169,6.18424073619632,223
"234",2022,3,5.7,17,6.24,4.92857142857143,4.66666666666667,6,5.68125,10,7,3,1,16,4766,3262,1504,575,675,4091,6.11633466219052,6.52628802575107,5.22719378989362,5.11864173913044,5.71669629629629,6.18227352725495,224
"235",2022,4,6.34375,16,6.26666666666667,7.5,NA,5,6.53571428571429,15,1,0,2,14,4782,3277,1505,575,677,4105,6.11709556670849,6.5250996460177,5.22870396013289,5.11864173913044,5.71457902511078,6.18347892813642,225
"236",2022,5,5.58571428571429,14,5.45,5.925,NA,NA,5.58571428571429,10,4,0,0,14,4796,3287,1509,575,677,4119,6.11554441201001,6.52182888348038,5.23054967528165,5.11864173913044,5.71457902511078,6.18144719592134,226
"237",2022,6,4.16666666666667,12,5.2,3.42857142857143,4,4,4.2,5,7,4,2,10,4808,3292,1516,579,679,4129,6.11068032445923,6.5198212454435,5.22222919525066,5.11091364421416,5.70952871870397,6.17664834100267,227
"238",2022,7,6.13333333333333,15,6.3,5.8,8,7,6,10,5,1,2,13,4823,3302,1521,580,681,4142,6.11075077752436,6.5191555239249,5.22412850756082,5.11589482758621,5.71331864904552,6.17609391598262,228
"239",2022,8,5.94444444444444,18,5.875,6.5,7,5.33333333333333,6.06666666666667,16,2,1,3,15,4841,3318,1523,581,684,4157,6.11013241065895,6.51604928872815,5.22580397898884,5.11913769363167,5.71165204678362,6.17569906182343,229
"240",2022,9,5.76470588235294,17,6.8,4.28571428571429,3.33333333333333,5,5.8125,10,7,3,1,16,4858,3328,1530,584,685,4173,6.10892363112392,6.51690250600962,5.22150291503268,5.10996404109589,5.71061313868613,6.17430649412892,230
"241",2022,10,5.77272727272727,11,5.5,6.5,6,5,5.85,8,3,1,1,10,4869,3336,1533,585,686,4183,6.10816409940439,6.51446389088729,5.22400486627528,5.11148547008547,5.70957725947522,6.173531197705,231
"242",2022,11,6.27272727272727,11,6.77777777777778,4,3,5,6.4,9,2,1,1,10,4880,3345,1535,586,687,4193,6.10853504098361,6.5151723587444,5.22241007166124,5.10788225255973,5.70854439592431,6.17407130932507,232
"243",2022,12,6,25,6.91666666666667,5.15384615384615,5.33333333333333,NA,6,12,13,6,0,25,4905,3357,1548,592,687,4218,6.10798185524975,6.51660754840632,5.22183427648579,5.11016722972973,5.70854439592431,6.1730395922238,233
