"","year","month","avg_rating","no_ratings","avg_rating_owned","avg_rating_not_owned","avg_rating_prev_owned","avg_rating_comment","avg_rating_no_comment","no_ratings_owned","no_ratings_not_owned","no_ratings_prev_owned","no_ratings_comment","no_ratings_no_comment","cum_no_ratings","cum_no_ratings_owned","cum_no_ratings_not_owned","cum_no_ratings_prev_owned","cum_no_ratings_comment","cum_no_ratings_no_comment","cum_avg_rating","cum_avg_rating_owned","cum_avg_rating_not_owned","cum_avg_rating_prev_owned","cum_avg_rating_comment","cum_avg_rating_no_comment","month_after_release"
"1",2002,11,8.5,2,10,7,NA,8.5,NA,1,1,0,2,0,2,1,1,0,2,0,8.5,10,7,NA,8.5,NA,-4
"2",2003,1,7.35,4,7,8.4,NA,8.7,6,3,1,0,2,2,6,4,2,0,4,2,7.73333333333333,7.75,7.7,NA,8.6,6,-2
"3",2003,2,6,1,NA,6,NA,6,NA,0,1,0,1,0,7,4,3,0,5,2,7.48571428571429,7.75,7.13333333333333,NA,8.08,6,-1
"4",2003,3,7.92857142857143,7,8.125,7.66666666666667,NA,7.7,8.5,4,3,0,5,2,14,8,6,0,10,4,7.70714285714286,7.9375,7.4,NA,7.89,7.25,0
"5",2003,4,7.8,5,NA,7.8,10,5.25,9.5,0,5,1,2,3,19,8,11,1,12,7,7.73157894736842,7.9375,7.58181818181818,10,7.45,8.21428571428571,1
"6",2003,5,7.5625,8,8.5,7,9.5,7.33333333333333,7.7,3,5,2,3,5,27,11,16,3,15,12,7.68148148148148,8.09090909090909,7.4,9.66666666666667,7.42666666666667,8,2
"7",2003,6,8.375,8,8.5,8.25,NA,9,7.33333333333333,4,4,0,5,3,35,15,20,3,20,15,7.84,8.2,7.57,9.66666666666667,7.82,7.86666666666667,3
"8",2003,7,7.6,26,8.45,5.6875,NA,8.26,7.1875,18,8,0,10,16,61,33,28,3,30,31,7.73770491803279,8.33636363636364,7.03214285714286,9.66666666666667,7.96666666666667,7.51612903225806,4
"9",2003,8,7.31818181818182,11,8,6.92857142857143,NA,7.33333333333333,7.3125,4,7,0,3,8,72,37,35,3,33,39,7.67361111111111,8.3,7.01142857142857,9.66666666666667,7.90909090909091,7.47435897435897,5
"10",2003,9,7.73333333333333,12,8.475,6.25,NA,7.2,8.11428571428571,8,4,0,5,7,84,45,39,3,38,46,7.68214285714286,8.33111111111111,6.93333333333333,9.66666666666667,7.81578947368421,7.57173913043478,6
"11",2003,10,7.91666666666667,12,8.42857142857143,7.2,8,7,8.22222222222222,7,5,1,3,9,96,52,44,4,41,55,7.71145833333333,8.34423076923077,6.96363636363636,9.25,7.75609756097561,7.67818181818182,7
"12",2003,11,7.5,5,8.16666666666667,6.5,NA,8.5,7.25,3,2,0,1,4,101,55,46,4,42,59,7.7009900990099,8.33454545454545,6.94347826086956,9.25,7.77380952380952,7.64915254237288,8
"13",2003,12,9,7,9.2,8.5,7,9.25,8.66666666666667,5,2,1,4,3,108,60,48,5,46,62,7.78518518518518,8.40666666666667,7.00833333333333,8.8,7.90217391304348,7.69838709677419,9
"14",2004,1,7.78421052631579,19,8.69,6.77777777777778,8,7.92857142857143,7.7,10,9,1,7,12,127,70,57,6,53,74,7.78503937007874,8.44714285714286,6.9719298245614,8.66666666666667,7.90566037735849,7.69864864864865,10
"15",2004,2,8.25,8,8.33333333333333,8,8,9,8,6,2,1,2,6,135,76,59,7,55,80,7.81259259259259,8.43815789473684,7.00677966101695,8.57142857142857,7.94545454545455,7.72125,11
"16",2004,3,8.57692307692308,13,8.625,8,NA,8.8,8.4375,12,1,0,5,8,148,88,60,7,60,88,7.87972972972973,8.46363636363636,7.02333333333333,8.57142857142857,8.01666666666667,7.78636363636364,12
"17",2004,4,8.16666666666667,9,8.1875,8,NA,8.25,8.1,8,1,0,4,5,157,96,61,7,64,93,7.89617834394904,8.440625,7.03934426229508,8.57142857142857,8.03125,7.80322580645161,13
"18",2004,5,7.90909090909091,11,8.66666666666667,7,9,8.16666666666667,7.6,6,5,1,6,5,168,102,66,8,70,98,7.89702380952381,8.45392156862745,7.03636363636364,8.625,8.04285714285714,7.79285714285714,14
"19",2004,6,7.86875,16,8.94,6.08333333333333,8,8.35714285714286,7.48888888888889,10,6,1,7,9,184,112,72,9,77,107,7.8945652173913,8.49732142857143,6.95694444444444,8.55555555555556,8.07142857142857,7.76728971962617,15
"20",2004,7,8.05555555555556,9,8.41666666666667,7.33333333333333,5,8.5,7.5,6,3,1,5,4,193,118,75,10,82,111,7.9020725388601,8.49322033898305,6.972,8.2,8.09756097560976,7.75765765765766,16
"21",2004,8,8.25,12,9,7.2,NA,7.375,8.6875,7,5,0,4,8,205,125,80,10,86,119,7.92243902439024,8.5216,6.98625,8.2,8.06395348837209,7.82016806722689,17
"22",2004,9,8.22222222222222,9,8.375,7,NA,8.75,7.8,8,1,0,4,5,214,133,81,10,90,124,7.93504672897196,8.51278195488722,6.98641975308642,8.2,8.09444444444444,7.81935483870968,18
"23",2004,10,8.17857142857143,14,8.375,7,7,7.88888888888889,8.7,12,2,1,9,5,228,145,83,11,99,129,7.95,8.50137931034483,6.98674698795181,8.09090909090909,8.07575757575758,7.85348837209302,19
"24",2004,11,7.4,15,8,6.71428571428571,8,7.08333333333333,7.61111111111111,8,7,1,6,9,243,153,90,12,105,138,7.91604938271605,8.47516339869281,6.96555555555556,8.08333333333333,8.01904761904762,7.83768115942029,20
"25",2004,12,7.6,5,7.6,NA,NA,7.5,7.66666666666667,5,0,0,2,3,248,158,90,12,107,141,7.90967741935484,8.44746835443038,6.96555555555556,8.08333333333333,8.00934579439252,7.83404255319149,21
"26",2005,1,8.1304347826087,23,8.23076923076923,8,6.66666666666667,7.65,8.5,13,10,3,10,13,271,171,100,15,117,154,7.92841328413284,8.43099415204679,7.069,7.8,7.97863247863248,7.89025974025974,22
"27",2005,2,8.1,10,8.85714285714286,6.33333333333333,9,7.5,9,7,3,1,6,4,281,178,103,16,123,158,7.93451957295374,8.44775280898877,7.04757281553398,7.875,7.95528455284553,7.91835443037975,23
"28",2005,3,7.97222222222222,18,8.55,7.25,6.33333333333333,8,7.95,10,8,3,8,10,299,188,111,19,131,168,7.93678929765886,8.45319148936171,7.06216216216216,7.63157894736842,7.95801526717557,7.9202380952381,24
"29",2005,4,8.08333333333333,12,9,7.42857142857143,10,8.5,7.875,5,7,1,4,8,311,193,118,20,135,176,7.94244372990354,8.46735751295337,7.08389830508475,7.75,7.97407407407407,7.91818181818182,25
"30",2005,5,8.05882352941176,17,8.75,7.07142857142857,10,8.33333333333333,7.75,10,7,1,9,8,328,203,125,21,144,184,7.9484756097561,8.48128078817734,7.0832,7.85714285714286,7.99652777777778,7.91086956521739,26
"31",2005,6,8.18181818181818,11,8.5,7.33333333333333,8,9,8,8,3,1,2,9,339,211,128,22,146,193,7.95604719764012,8.48199052132702,7.0890625,7.86363636363636,8.01027397260274,7.91502590673575,27
"32",2005,7,7.72727272727273,11,8.64285714285714,6.125,NA,7.57142857142857,8,7,4,0,7,4,350,218,132,22,153,197,7.94885714285714,8.48715596330275,7.05984848484848,7.86363636363636,7.99019607843137,7.91675126903553,28
"33",2005,8,6.9,26,8.53846153846154,5.26153846153846,8,7.88235294117647,5.04444444444444,13,13,1,17,9,376,231,145,23,170,206,7.87632978723404,8.49004329004329,6.89862068965517,7.8695652173913,7.97941176470588,7.79126213592233,29
"34",2005,9,7.57692307692308,26,8.21052631578947,5.85714285714286,NA,6.85714285714286,8.41666666666667,19,7,0,14,12,402,250,152,23,184,218,7.85696517412935,8.4688,6.85065789473684,7.8695652173913,7.89402173913043,7.8256880733945,30
"35",2005,10,8.30357142857143,28,8.59523809523809,7.42857142857143,8,8.28333333333333,8.32692307692308,21,7,2,15,13,430,271,159,25,199,231,7.88604651162791,8.47859778597786,6.87610062893082,7.88,7.92336683417085,7.8538961038961,31
"36",2005,11,8.48648648648649,37,8.64,8.16666666666667,NA,8.3,8.61363636363636,25,12,0,15,22,467,296,171,25,214,253,7.93361884368308,8.49222972972973,6.96666666666667,7.88,7.94976635514019,7.9199604743083,32
"37",2005,12,8.06756756756757,37,8.5625,7.15384615384615,8.5,8.92857142857143,7.86666666666667,24,13,2,7,30,504,320,184,27,221,283,7.94345238095238,8.4975,6.97989130434783,7.92592592592593,7.98076923076923,7.9143109540636,33
"38",2006,1,7.98095238095238,42,8.77083333333333,6.92777777777778,8.375,7.66666666666667,8.21666666666667,24,18,4,18,24,546,344,202,31,239,307,7.946336996337,8.51656976744186,6.97524752475248,7.98387096774194,7.9571129707113,7.93794788273616,34
"39",2006,2,8.25,25,8.36764705882353,8,9,8.63461538461539,7.83333333333333,17,8,1,13,12,571,361,210,32,252,319,7.95963222416813,8.50955678670361,7.01428571428571,8.015625,7.99206349206349,7.93401253918495,35
"40",2006,3,8.203125,32,8.5,7.14285714285714,9,8.11538461538461,8.26315789473684,25,7,1,13,19,603,386,217,33,265,338,7.97255389718076,8.5089378238342,7.0184331797235,8.04545454545454,7.99811320754717,7.95251479289941,36
"41",2006,4,8.61363636363636,22,9.05333333333333,7.67142857142857,NA,8.77272727272727,8.45454545454546,15,7,0,11,11,625,401,224,33,276,349,7.99512,8.52930174563591,7.03883928571429,8.04545454545454,8.02898550724638,7.96833810888252,37
"42",2006,5,8.30645161290323,31,8.63888888888889,7.84615384615385,8,8.23333333333333,8.375,18,13,2,15,16,656,419,237,35,291,365,8.00983231707317,8.53400954653938,7.0831223628692,8.04285714285714,8.03951890034364,7.98616438356164,38
"43",2006,6,7.89130434782609,23,8.50588235294118,6.15,9,8.38,7.75555555555556,17,6,1,5,18,679,436,243,36,296,383,8.00581737849779,8.5329128440367,7.06008230452675,8.06944444444444,8.04527027027027,7.97532637075718,39
"44",2006,7,7.86486486486486,37,8.69565217391304,6.5,NA,7.61764705882353,8.075,23,14,0,17,20,716,459,257,36,313,403,7.99853351955307,8.54106753812636,7.0295719844358,8.06944444444444,8.0220447284345,7.9802729528536,40
"45",2006,8,7.48275862068965,29,8.92307692307692,6.3125,NA,7.53846153846154,7.4375,13,16,0,13,16,745,472,273,36,326,419,7.97845637583893,8.55158898305085,6.98754578754579,8.06944444444444,8.00276073619632,7.95954653937947,41
"46",2006,9,8.05217391304348,23,8.8875,6.14285714285714,NA,8.67142857142857,7.78125,16,7,0,7,16,768,488,280,36,333,435,7.9806640625,8.5626024590164,6.96642857142857,8.06944444444444,8.01681681681682,7.95298850574713,42
"47",2006,10,7.82291666666667,24,8.5,7.14583333333333,NA,7,8.09722222222222,12,12,0,6,18,792,500,292,36,339,453,7.97588383838384,8.5611,6.97380136986301,8.06944444444444,7.99882005899705,7.95871964679912,43
"48",2006,11,7.61071428571429,28,8.20588235294118,6.69090909090909,NA,7.45,7.7,17,11,0,10,18,820,517,303,36,349,471,7.96341463414634,8.54941972920697,6.96353135313531,8.06944444444444,7.98309455587392,7.94883227176221,44
"49",2006,12,8.02631578947368,38,8.89130434782609,6.7,NA,7.46666666666667,8.39130434782609,23,15,0,15,23,858,540,318,36,364,494,7.96620046620047,8.56398148148148,6.95110062893082,8.06944444444444,7.96181318681319,7.96943319838057,45
"50",2007,1,8.15588235294118,34,8.675,7.41428571428571,NA,8,8.265,20,14,0,14,20,892,560,332,36,378,514,7.97343049327354,8.56794642857143,6.97063253012048,8.06944444444444,7.96322751322751,7.98093385214008,46
"51",2007,2,7.97367947368421,38,8.69565217391304,6.86665466666667,8,7.73809523809524,8.26469529411765,23,15,1,21,17,930,583,347,37,399,531,7.97344066666667,8.57298456260721,6.96613780979827,8.06756756756757,7.95137844611529,7.99001849340866,47
"52",2007,3,7.81448275862069,29,8.17333333333333,7.22727272727273,NA,8.14285714285714,7.508,18,11,0,14,15,959,601,358,37,413,546,7.96863380604797,8.5610149750416,6.97416150837989,8.06756756756757,7.95786924939467,7.97677622710623,48
"53",2007,4,7.54666666666667,30,8.5,6.91111111111111,NA,7.63157894736842,7.4,12,18,0,19,11,989,613,376,37,432,557,7.95583399393327,8.55982055464927,6.97114313829787,8.06756756756757,7.94351851851852,7.96538567324955,49
"54",2007,5,8.1,30,8.5,7.16666666666667,NA,8,8.16666666666667,21,9,0,12,18,1019,634,385,37,444,575,7.96007833169774,8.55783911671924,6.97571381818182,8.06756756756757,7.94504504504504,7.97168664347826,50
"55",2007,6,8.00238095238095,21,8.4125,7.75,9,8.75,7.62857142857143,8,13,1,7,14,1040,642,398,38,451,589,7.96093251923077,8.55602803738318,7.00100457286432,8.0921052631579,7.95753880266075,7.96353110356536,51
"56",2007,7,8.33928571428571,28,8.9375,7.54166666666667,10,7.54166666666667,8.9375,16,12,1,12,16,1068,658,410,39,463,605,7.97085189138577,8.56530395136778,7.01682882926829,8.14102564102564,7.94676025917926,7.98928895867768,52
"57",2007,8,8.36382978723404,47,8.72413793103448,7.78333333333333,7,8.51851851851852,8.155,29,18,1,27,20,1115,687,428,40,490,625,7.98741687892377,8.57200873362446,7.049065,8.1125,7.97826530612245,7.994591712,53
"58",2007,9,8.03571428571429,28,8.59375,7.29166666666667,8.5,8.18181818181818,7.94117647058824,16,12,1,11,17,1143,703,440,41,501,642,7.98860001749781,8.57250355618777,7.05568140909091,8.12195121951219,7.98273453093812,7.99317728971963,54
"59",2007,10,7.52564102564103,39,8.88461538461539,6.84615384615385,7.5,7.13333333333333,7.77083333333333,13,26,2,15,24,1182,716,466,43,516,666,7.97332472081218,8.57817039106145,7.04399103004292,8.09302325581395,7.95804263565891,7.98516489489489,55
"60",2007,11,7.453125,32,8.33333333333333,6.67647058823529,NA,7,7.80555555555556,15,17,0,14,18,1214,731,483,43,530,684,7.95961270181219,8.573146374829,7.03105552795031,8.09302325581395,7.9327358490566,7.98043833333333,56
"61",2007,12,8.18823529411765,34,9.27,6.64285714285714,8,8.08571428571429,8.26,20,14,2,14,20,1248,751,497,45,544,704,7.96584120192308,8.59170439414115,7.02012036217304,8.08888888888889,7.93667279411765,7.98838042613636,57
"62",2008,1,7.28108108108108,37,8.83333333333333,6.536,5,7.6,7.03809523809524,12,25,1,16,21,1285,763,522,46,560,725,7.94612437354086,8.59550458715596,6.9969345210728,8.02173913043478,7.92705357142857,7.96085492413793,58
"63",2008,2,7.925,40,9,7.46428571428571,8.5,7.94736842105263,7.90476190476191,12,28,4,19,21,1325,775,550,50,579,746,7.94548665660377,8.60176774193548,7.02072694545455,8.06,7.92772020725389,7.95927589812332,59
"64",2008,3,7.74137931034483,29,8.55555555555556,7.375,8.66666666666667,8.125,7.26923076923077,9,20,3,16,13,1354,784,570,53,595,759,7.94111508124077,8.60123724489796,7.03315757894737,8.09433962264151,7.93302521008403,7.94745694334651,60
"65",2008,4,8.17241379310345,29,8.41666666666667,7.77272727272727,9,8.59090909090909,7.91666666666667,18,11,1,11,18,1383,802,581,54,606,777,7.9459651626898,8.59709476309227,7.04715975903615,8.11111111111111,7.94496699669967,7.94674365508365,61
"66",2008,5,8.1875,32,8.83333333333333,7.61764705882353,9,8.92307692307692,7.68421052631579,15,17,5,13,19,1415,817,598,59,619,796,7.95142743462898,8.60143206854345,7.06337762541806,8.1864406779661,7.96550888529887,7.94047716080402,62
"67",2008,6,7.97222222222222,36,8.28125,7.725,8,8.11111111111111,7.83333333333333,16,20,1,18,18,1451,833,618,60,637,814,7.95194336319779,8.59528211284514,7.08478935275081,8.18333333333333,7.96962323390895,7.93810788697789,63
"68",2008,7,7.70731707317073,41,8.66666666666667,6.95652173913043,6.57142857142857,7.43333333333333,7.86538461538461,18,23,7,15,26,1492,851,641,67,652,840,7.94522105898123,8.59679200940071,7.08018692667707,8.01492537313433,7.95728527607362,7.93585692857143,64
"69",2008,8,7.791875,32,8.86666666666667,6.84352941176471,6.75,8.14285714285714,7.51888888888889,15,17,4,14,18,1524,866,658,71,666,858,7.94200119422572,8.60146651270208,7.07407267477204,7.94366197183098,7.96118618618619,7.92710934731935,65
"70",2008,9,7.66827586206897,29,7.96428571428571,7.392,7.7,7.75,7.62526315789474,14,15,5,10,19,1553,880,673,76,676,877,7.93688977462975,8.59132954545455,7.08115872213967,7.92763157894737,7.95806213017751,7.92056992018244,66
"71",2008,10,7.79074074074074,27,8.47727272727273,7.31875,7.025,7.45555555555556,7.95833333333333,11,16,4,9,18,1580,891,689,80,685,895,7.93439229113924,8.5899214365881,7.08667608127721,7.8825,7.9514598540146,7.92132940782123,67
"72",2008,11,8.08461538461538,26,8.975,7.32142857142857,6,8.1125,8.07222222222222,12,14,4,8,18,1606,903,703,84,693,913,7.93682429638854,8.59503875968992,7.09135109530583,7.79285714285714,7.9533189033189,7.92430429353779,68
"73",2008,12,7.96756756756757,37,8.97727272727273,6.48666666666667,7.5,8.40909090909091,7.78076923076923,22,15,2,11,26,1643,925,718,86,704,939,7.93751662811929,8.60412972972973,7.07871841225627,7.7860465116279,7.96044034090909,7.92032994675186,69
"74",2009,1,8.02954545454545,22,9.25666666666667,5.4,9.5,8.88888888888889,7.43461538461538,15,7,1,9,13,1665,940,725,87,713,952,7.93873262462462,8.61454255319149,7.06251009655173,7.80574712643678,7.97215988779804,7.91369728991597,70
"75",2009,2,8.01428571428571,77,8.96451612903226,7.37391304347826,8.4,7.71818181818182,8.13272727272727,31,46,5,22,55,1742,971,771,92,735,1007,7.94207222732491,8.6257157569516,7.08108926070039,7.83804347826087,7.96455782312925,7.92566019860973,71
"76",2009,3,8.19789473684211,95,8.87619047619048,7.66037735849057,8.3,8.13461538461539,8.22173913043478,42,53,10,26,69,1837,1013,824,102,761,1076,7.95530202504083,8.63610069101678,7.11834929611651,7.88333333333333,7.9703679369251,7.94464667286245,72
"77",2009,4,8.04866071428571,112,8.61413043478261,7.65454545454545,8.21428571428571,7.60714285714286,8.19583333333333,46,66,7,28,84,1949,1059,890,109,789,1160,7.96066691636737,8.63514636449481,7.15811215730337,7.9045871559633,7.95747782002535,7.96283605172414,73
"78",2009,5,8.32126436781609,87,8.9984375,7.92727272727273,8.245,8.19107142857143,8.38305084745763,32,55,10,28,59,2036,1091,945,119,817,1219,7.97607555009823,8.64580201649863,7.20287811640212,7.93319327731092,7.96548347613219,7.98317458572601,74
"79",2009,6,8.11130952380952,84,8.4296875,7.91538461538462,7.375,7.59615384615385,8.34224137931034,32,52,4,26,58,2120,1123,997,123,843,1277,7.98143387735849,8.63964381121995,7.24003993981946,7.9150406504065,7.95409252669039,7.99948302270948,75
"80",2009,7,7.96875,80,8.2375,7.7,6.41666666666667,7.756,8.06545454545455,40,40,6,25,55,2200,1163,1037,129,868,1332,7.98097264545455,8.62581255374033,7.2577818900675,7.8453488372093,7.94838709677419,8.00220707207207,76
"81",2009,8,7.57303370786517,89,8.66129032258065,6.99137931034483,8.08333333333333,7.69444444444444,7.54225352112676,31,58,6,18,71,2289,1194,1095,135,886,1403,7.96511132372215,8.62673366834171,7.24367106849315,7.85592592592592,7.94322799097065,7.97893073414113,77
"82",2009,9,7.61313131313131,99,8.2547619047619,7.14035087719298,7.1125,7.48214285714286,7.66478873239437,42,57,8,28,71,2388,1236,1152,143,914,1474,7.95051918760469,8.61409385113269,7.23855887152778,7.81433566433566,7.92910284463895,7.96379906377205,78
"83",2009,10,7.285,70,8.425,6.61136363636364,6.83333333333333,6.97272727272727,7.428125,26,44,6,22,48,2458,1262,1196,149,936,1522,7.93156624084622,8.61019809825674,7.2154847993311,7.7748322147651,7.90662393162393,7.94690526938239,79
"84",2009,11,7.63690476190476,84,8.69428571428571,6.88163265306122,7.92857142857143,8.02173913043478,7.49180327868852,35,49,7,23,61,2542,1297,1245,156,959,1583,7.9218291974823,8.61246723207402,7.20234523694779,7.78173076923077,7.90938477580813,7.9293681743525,80
"85",2009,12,7.69615384615385,78,8.59333333333333,7.13541666666667,7.34545454545455,7.52631578947368,7.75084745762712,30,48,11,19,59,2620,1327,1293,167,978,1642,7.91511061832061,8.61203466465712,7.19986064965197,7.75299401197605,7.9019427402863,7.92295360535932,81
"86",2010,1,7.42689655172414,87,7.8535,7.06382978723404,7.22222222222222,7.150625,7.48915492957746,40,47,9,16,71,2707,1367,1340,176,994,1713,7.89941995567048,8.58983906364302,7.19508941791045,7.72585227272727,7.8898490945674,7.90497362521891,82
"87",2010,2,7.41716417910448,67,8.04833333333333,6.90540540540541,6.6,6.97608695652174,7.64772727272727,30,37,10,23,44,2774,1397,1377,186,1017,1757,7.88777210526316,8.57821045096636,7.18730560639071,7.66532258064516,7.86918387413963,7.89853148548663,83
"88",2010,3,7.80208333333333,48,8.40909090909091,7.28846153846154,7.7,7.63636363636364,7.85135135135135,22,26,5,11,37,2822,1419,1403,191,1028,1794,7.88631460666194,8.57558844256519,7.18918019957235,7.66623036649215,7.86669260700389,7.89755842809365,84
"89",2010,4,7.50869565217391,46,8.12,7.03846153846154,7.03636363636364,7.63636363636364,7.46857142857143,20,26,11,11,35,2868,1439,1429,202,1039,1829,7.8802579567643,8.56925642807505,7.18643794261722,7.63193069306931,7.86425409047161,7.88934927282668,85
"90",2010,5,7.08540540540541,37,7.70428571428571,6.70869565217391,6.875,7.85714285714286,6.90533333333333,14,23,4,7,30,2905,1453,1452,206,1046,1859,7.87013418932874,8.56092222986924,7.17887039944904,7.61723300970874,7.86420650095602,7.87346951048951,86
"91",2010,6,7.63804347826087,46,8.3675,7.07692307692308,7.16666666666667,7.76923076923077,7.58636363636364,20,26,3,13,33,2951,1473,1478,209,1059,1892,7.86651637411047,8.55829599456891,7.17707700947226,7.61076555023923,7.86304060434372,7.86846184989429,87
"92",2010,7,7.97160526315789,38,8.7,7.31605,6.33333333333333,7.65645454545455,8.1,18,20,3,11,27,2989,1491,1498,212,1070,1919,7.86785239879558,8.56000670690812,7.17893245660881,7.59268867924528,7.86091682242991,7.87171955184992,88
"93",2010,8,7.51129032258065,31,8.13157894736842,6.52916666666667,7,7.975,7.29047619047619,19,12,1,10,21,3020,1510,1510,213,1080,1940,7.86419232450331,8.55461589403974,7.17376875496689,7.58990610328638,7.86197314814815,7.86542774226804,89
"94",2010,9,7.5515625,32,7.64117647058824,7.45,6.75,7,7.6537037037037,17,15,3,5,27,3052,1527,1525,216,1085,1967,7.86091442332896,8.54444662737394,7.17648578360656,7.57824074074074,7.85800092165899,7.86252151499746,90
"95",2010,10,7.68088235294118,34,7.83333333333333,7.59772727272727,7.33333333333333,8,7.58269230769231,12,22,3,8,26,3086,1539,1547,219,1093,1993,7.85893092028516,8.53890188434048,7.18247628959276,7.57488584474886,7.85904025617566,7.85887095835424,91
"96",2010,11,8.04558823529412,68,8.74666666666667,7.4921052631579,8.1,8.02631578947368,8.0530612244898,30,38,4,19,49,3154,1569,1585,223,1112,2042,7.86295523779328,8.54287444231995,7.18989957097792,7.58430493273543,7.86189838129496,7.86353076395691,92
"97",2010,12,7.54754098360656,61,8.36666666666667,6.89705882352941,6.52,8.16666666666667,7.34565217391304,27,34,5,15,46,3215,1596,1619,228,1127,2088,7.85697070606532,8.53989348370928,7.18374973440395,7.5609649122807,7.86595474711624,7.85212156130268,93
"98",2011,1,8.07169811320755,53,8.57142857142857,7.512,8,8.8,7.78421052631579,28,25,1,15,38,3268,1624,1644,229,1142,2126,7.86045312729498,8.54043719211823,7.18874137469586,7.56288209606987,7.87822329246935,7.85090772342427,94
"99",2011,2,7.7890625,64,8.68125,7.25375,7.49166666666667,7.59285714285714,7.844,24,40,6,14,50,3332,1648,1684,235,1156,2176,7.8590818787515,8.54248786407767,7.19028552256532,7.56106382978723,7.87476730103806,7.85074899816177,95
"100",2011,3,7.42325581395349,43,7.85294117647059,7.14230769230769,7.5,7.58333333333333,7.3972972972973,17,26,3,6,37,3375,1665,1710,238,1162,2213,7.85352913185185,8.53544744744745,7.18955603508772,7.56029411764706,7.87326247848537,7.84316756439223,96
"101",2011,4,7.41132075471698,53,8.28888888888889,6.5,6.54,6.94444444444444,7.50681818181818,27,26,5,9,44,3428,1692,1736,243,1171,2257,7.84669218786464,8.53151300236407,7.17922858294931,7.53930041152263,7.86612382578992,7.83661046521932,97
"102",2011,5,7.87567567567568,37,8.05263157894737,7.68888888888889,9,7.8125,7.89310344827586,19,18,2,8,29,3465,1711,1754,245,1179,2286,7.84700167965368,8.52619520748101,7.18445884834664,7.55122448979592,7.86575996607294,7.83732713035871,98
"103",2011,6,7.33,40,8.05263157894737,6.67619047619048,6.6,6.66666666666667,7.61428571428571,19,21,5,12,28,3505,1730,1775,250,1191,2314,7.84110151783167,8.52099421965318,7.17844553239437,7.5322,7.85367842149454,7.83462827139153,99
"104",2011,7,7.56702127659574,47,8.5125,7.07903225806452,7.66666666666667,8.54166666666667,7.23285714285714,16,31,6,12,35,3552,1746,1806,256,1203,2349,7.83747489301802,8.52091638029783,7.17673910299003,7.5353515625,7.86054114713217,7.82566190719455,100
"105",2011,8,7.72,45,8.475,7.116,6.8,7.78571428571429,7.70789473684211,20,25,5,7,38,3597,1766,1831,261,1210,2387,7.83600523213789,8.52039637599094,7.17590978700164,7.52126436781609,7.86010826446281,7.82378710515291,101
"106",2011,9,7.48571428571429,35,8.11538461538461,7.11363636363636,7.3,7.66666666666667,7.42307692307692,13,22,5,9,26,3632,1779,1853,266,1219,2413,7.83262963105727,8.51743676222597,7.17517043712898,7.51710526315789,7.85868006562756,7.81946946539578,102
"107",2011,10,7.67787575757576,33,8.44811875,6.95294117647059,9,7.66666666666667,7.67899666666667,16,17,1,3,30,3665,1795,1870,267,1222,2443,7.83123621282401,8.51681888579388,7.173150171123,7.52265917602996,7.85820867430442,7.81774446172739,103
"108",2011,11,8.02723214285714,56,8.50089285714286,7.55357142857143,8.28571428571429,8.04423076923077,8.02209302325581,28,28,7,13,43,3721,1823,1898,274,1235,2486,7.83418589626445,8.51657427317609,7.17876228661749,7.54215328467153,7.86016680161943,7.82127905068383,104
"109",2011,12,7.8530612244898,49,8.548,7.12916666666667,6,8.14666666666667,7.72352941176471,25,24,2,15,34,3770,1848,1922,276,1250,2520,7.83443122546419,8.51699940476191,7.17814298647243,7.53097826086957,7.8636048,7.81996020634921,105
"110",2012,1,7.22727272727273,55,7.9695652173913,6.69375,7.36666666666667,7.17,7.24,23,32,6,10,45,3825,1871,1954,282,1260,2565,7.82570084183007,8.51026985569215,7.17021024564995,7.52748226950355,7.8581,7.80978546588694,106
"111",2012,2,7.82280701754386,57,8.36521739130435,7.45588235294118,7,8.2,7.68809523809524,23,34,2,15,42,3882,1894,1988,284,1275,2607,7.82565835136528,8.50850839493137,7.17509598591549,7.5237676056338,7.86212235294118,7.80782497890296,107
"112",2012,3,7.54444444444444,36,7.76666666666667,7.38571428571429,7.65,7.1,7.61612903225806,15,21,4,5,31,3918,1909,2009,288,1280,2638,7.82307445635529,8.50267936092195,7.17729757093081,7.52552083333333,7.8591453125,7.80557229719485,108
"113",2012,4,7.35714285714286,28,7.83333333333333,7,7.75,7.2,7.39130434782609,12,16,2,5,23,3946,1921,2025,290,1285,2661,7.81976830207806,8.49849812597606,7.17589670123457,7.52706896551724,7.85658054474708,7.80199162720782,109
"114",2012,5,8.10285714285714,35,8.32352941176471,7.89444444444444,9,8.85,7.94827586206897,17,18,1,6,29,3981,1938,2043,291,1291,2690,7.82225715146948,8.4969633126935,7.18222751835536,7.53213058419244,7.86119752130132,7.80356866914498,110
"115",2012,6,7.43103448275862,29,8.125,6.57692307692308,7.75,7.7,7.375,16,13,2,5,24,4010,1954,2056,293,1296,2714,7.81942786034913,8.49391755373593,7.17840020428016,7.53361774744027,7.86057561728395,7.79977882092852,111
"116",2012,7,7.35416666666667,24,7.88888888888889,7.03333333333333,8,6.9375,7.5625,9,15,1,8,16,4034,1963,2071,294,1304,2730,7.81665982151711,8.49114360672441,7.17734950265572,7.53520408163265,7.85491257668712,7.79838817582418,112
"117",2012,8,7.36538461538461,26,8.16666666666667,6.67857142857143,7,7.57142857142857,7.28947368421053,12,14,1,7,19,4060,1975,2085,295,1311,2749,7.8137698817734,8.48917210126583,7.17400039328537,7.53338983050847,7.85339893211289,7.79487076027647,113
"118",2012,9,8,23,8.48461538461538,7.37,8.16666666666667,8.95,7.8,13,10,3,4,19,4083,1988,2095,298,1315,2768,7.81481893705609,8.48914230382294,7.17493595226731,7.53976510067114,7.85673460076046,7.7949059682081,114
"119",2012,10,8.00225,40,8.3,7.555625,7.815,8.74875,7.815625,24,16,6,8,32,4123,2012,2111,304,1323,2800,7.81663733203978,8.4868861332008,7.1778213263856,7.54519736842105,7.86212849584278,7.79514275714286,115
"120",2012,11,7.34162790697674,43,8.36363636363636,6.9903125,7.71285714285714,7.91583333333333,7.11935483870968,11,32,7,12,31,4166,2023,2143,311,1335,2831,7.81173445031205,8.48621596638656,7.17502138124125,7.54897106109325,7.86261123595506,7.78774274814553,116
"121",2012,12,7.63023255813953,43,8.08947368421053,7.26666666666667,7.1,7.57142857142857,7.65862068965517,19,24,5,14,29,4209,2042,2167,316,1349,2860,7.8098801900689,8.48252443682664,7.17603637286572,7.54186708860759,7.85958932542624,7.78643346853147,117
"122",2013,1,7.72023809523809,42,8.36458333333333,6.86111111111111,8.25,8.5,7.53676470588235,24,18,2,8,34,4251,2066,2185,318,1357,2894,7.8089945236415,8.48115435624395,7.1734420228833,7.54632075471698,7.8633647752395,7.7835002487906,118
"123",2013,2,7.86153846153846,39,8.52857142857143,7.08333333333333,7.33333333333333,9.33333333333333,7.59393939393939,21,18,3,6,33,4290,2087,2203,321,1363,2927,7.8094721958042,8.48163148059416,7.17270577394462,7.54433021806853,7.86983565663976,7.78136307482064,119
"124",2013,3,7.03863636363636,44,8.12777777777778,6.28461538461538,7.33333333333333,7.33333333333333,6.9921052631579,18,26,3,6,38,4334,2105,2229,324,1369,2965,7.80164645131518,8.47860565320665,7.16234671152984,7.54237654320988,7.86748429510592,7.77124779763912,120
"125",2013,4,7.55041666666667,24,8.12928571428571,6.74,8.5,8.6,7.27421052631579,14,10,1,5,19,4358,2119,2239,325,1374,2984,7.80026290041303,8.47629773478056,7.16046039303261,7.54532307692308,7.8701499272198,7.76808301608579,121
"126",2013,5,6.98333333333333,33,8.24615384615385,6.1625,8.5,6.33333333333333,7.12777777777778,13,20,2,6,27,4391,2132,2259,327,1380,3011,7.79412337053063,8.4748944183865,7.15162497565295,7.5511620795107,7.86346811594203,7.76234132181999,122
"127",2013,6,7.42142857142857,35,8.17647058823529,6.70833333333333,6.83333333333333,7,7.56730769230769,17,18,3,9,26,4426,2149,2277,330,1389,3037,7.79117616809761,8.47253369008842,7.14812069389548,7.54463636363636,7.85787329013679,7.76067162331248,123
"128",2013,7,7.671875,32,8.25,6.92857142857143,6.4,7.41666666666667,7.73076923076923,18,14,5,6,26,4458,2167,2291,335,1395,3063,7.7903198115747,8.47068523304107,7.14677905718027,7.52755223880597,7.85597562724014,7.76041779954293,124
"129",2013,8,6.92592592592593,27,7.33333333333333,6.6,6.25,6,7.08695652173913,12,15,4,4,23,4485,2179,2306,339,1399,3086,7.7851161025641,8.46442170720514,7.14322238508239,7.51247787610619,7.85066904932094,7.75539848347375,125
"130",2013,9,7.77435897435897,39,8.49375,7.27391304347826,7.9,8.42857142857143,7.63125,16,23,5,7,32,4524,2195,2329,344,1406,3118,7.78502336870026,8.46463548974944,7.14451301846286,7.51811046511628,7.85354623044097,7.75412434894163,126
"131",2013,10,7.66486486486486,37,8.7,6.95909090909091,6.8,7.62857142857143,7.67333333333333,15,22,5,7,30,4561,2210,2351,349,1413,3148,7.78404861214646,8.46623298642534,7.14277789025946,7.5078223495702,7.85243170559094,7.75335442185515,127
"132",2013,11,6.95921052631579,38,8.10416666666667,6.43076923076923,7,7.375,6.91029411764706,12,26,3,4,34,4599,2222,2377,352,1417,3182,7.77723325070667,8.46427763276328,7.13498982751367,7.50349431818182,7.85108398023994,7.74434623507228,128
"133",2013,12,7.36216216216216,37,7.9,6.85263157894737,9,8,7.32571428571429,18,19,1,2,35,4636,2240,2396,353,1419,3217,7.7739205608283,8.45974325892857,7.13275075959933,7.50773371104816,7.85129386892178,7.73979164438918,129
"134",2014,1,7.4531914893617,47,8.05909090909091,6.92,7.33333333333333,8.16,7.36904761904762,22,25,3,5,42,4683,2262,2421,356,1424,3259,7.77070162716208,8.45584655172414,7.13055382899628,7.50626404494382,7.85237780898876,7.73501372200062,130
"135",2014,2,7.895,40,8.17058823529412,7.69130434782609,7.75,8.59,7.66333333333333,17,23,6,10,30,4723,2279,2444,362,1434,3289,7.77175433410968,8.45371869240896,7.1358309410802,7.51030386740331,7.85752161785216,7.73435990270599,131
"136",2014,3,7.28372093023256,43,7.80588235294118,6.94230769230769,7.7,7.65,7.17272727272727,17,26,5,10,33,4766,2296,2470,367,1444,3322,7.7673511791859,8.44892199477352,7.13379385425101,7.51288828337875,7.85608448753462,7.72878077062011,132
"137",2014,4,7.44347826086956,23,8.21428571428571,7.10625,7.5,7.125,7.51052631578947,7,16,1,4,19,4789,2303,2486,368,1448,3341,7.7657957235331,8.44820881458967,7.13361658085278,7.51285326086956,7.85406491712707,7.72753957497755,133
"138",2014,5,7.71363636363636,22,8.65,7.17857142857143,7.33333333333333,7.91666666666667,7.6375,8,14,6,6,16,4811,2311,2500,374,1454,3357,7.76555720640199,8.44890735612289,7.133868328,7.50997326203208,7.85432324621733,7.72711043193328,134
"139",2014,6,7.125,28,8.6,6.30555555555556,6.75,8.83333333333333,6.92,10,18,2,3,25,4839,2321,2518,376,1457,3382,7.76185073775573,8.44955833692374,7.12794710881652,7.50593085106383,7.85633905284832,7.72114421052632,135
"140",2014,7,7.221875,32,8.63333333333333,5.97647058823529,6,6.78571428571429,7.344,15,17,2,7,25,4871,2336,2535,378,1464,3407,7.75830337097105,8.45073839897261,7.12022517554241,7.49796296296296,7.85121994535519,7.7183767889639,136
"141",2014,8,7.83541666666667,24,9,7.00357142857143,7.575,8.63,7.62631578947368,10,14,2,5,19,4895,2346,2549,380,1469,3426,7.75868145454545,8.45307966751919,7.11958447234209,7.49836842105263,7.85387066031314,7.71786623467601,137
"142",2014,9,7.83541666666667,24,8.42692307692308,7.13636363636364,7,7.38,8.16071428571429,13,11,4,10,14,4919,2359,2560,384,1479,3440,7.75905584874975,8.45293552352692,7.1196565703125,7.49317708333333,7.85066666666666,7.71966852325582,138
"143",2014,10,7.41764705882353,34,8.21333333333333,6.78947368421053,9.16666666666667,7.07142857142857,7.50740740740741,15,19,3,7,27,4953,2374,2579,387,1486,3467,7.75671223904704,8.45142160909857,7.11722404808065,7.50614987080103,7.84699596231494,7.71801549466398,139
"144",2014,11,7.20571428571429,35,8.31,5.73333333333333,6.75,7.44444444444444,7.12307692307692,20,15,4,9,26,4988,2394,2594,391,1495,3493,7.75284597433841,8.45024014202173,7.10922159599075,7.49841432225064,7.84457257525083,7.71358709418838,140
"145",2014,12,7.55,38,8.05882352941176,7.13809523809524,7.66666666666667,6.71666666666667,7.70625,17,21,3,6,32,5026,2411,2615,394,1501,3525,7.75131231993633,8.44748025715471,7.10945346845124,7.49969543147208,7.84006395736176,7.71352048794327,141
"146",2015,1,7.06774193548387,31,7.39285714285714,6.8,8.2,6.66666666666667,7.164,14,17,5,6,25,5057,2425,2632,399,1507,3550,7.7471219537275,8.44139171134021,7.10745471884499,7.50847117794486,7.83539216987392,7.70965062535211,142
"147",2015,2,7.10326086956522,46,7.77692307692308,6.83787878787879,7.38888888888889,6.775,7.19444444444444,13,33,9,10,36,5103,2438,2665,408,1517,3586,7.74131799333725,8.43784860541428,7.104116630394,7.50583333333333,7.8284021094265,7.70447844952594,143
"148",2015,3,7.05375,32,7.4525,6.92083333333333,6.14,6.57142857142857,7.1888,8,24,5,7,25,5135,2446,2689,413,1524,3611,7.73703324634859,8.4346258789861,7.10248078095947,7.48929782082324,7.82262860892388,7.70090825810025,144
"149",2015,4,7.225,28,8.33333333333333,6.39375,6.625,7.075,7.25,12,16,4,4,24,5163,2458,2705,417,1528,3635,7.73425638582219,8.43413136696502,7.09828865804067,7.4810071942446,7.82067146596858,7.6979311471802,145
"150",2015,5,6.87310344827586,29,8.71428571428571,6.28727272727273,6.92857142857143,7.25,6.77478260869565,7,22,7,6,23,5192,2465,2727,424,1534,3658,7.72944640215716,8.43492693711968,7.09174580858086,7.47188679245283,7.81843937418513,7.69212676872608,146
"151",2015,6,7.17826086956522,23,7.815,6.83866666666667,7.33333333333333,8.35,7.06666666666667,8,15,3,2,21,5215,2473,2742,427,1536,3679,7.72701547842761,8.4329215123332,7.09036134938002,7.47091334894613,7.81913151041666,7.68855659690133,147
"152",2015,7,7.87714285714286,35,8.57142857142857,7.41428571428571,7.58,7.875,7.87741935483871,14,21,5,4,31,5250,2487,2763,432,1540,3710,7.72801632761905,8.43370120627262,7.09282331523706,7.47217592592593,7.81927662337662,7.69013469541779,148
"153",2015,8,7.34375,32,7.96428571428571,6.86111111111111,6,6.6,7.48148148148148,14,18,2,5,27,5282,2501,2781,434,1545,3737,7.72568832260507,8.43107353058777,7.09132355987055,7.46539170506912,7.81533074433657,7.68862716617608,149
"154",2015,9,6.84,32,7.58333333333333,6.394,5.97,6.72727272727273,6.89904761904762,12,20,4,11,21,5314,2513,2801,438,1556,3758,7.72035485886338,8.42702542777557,7.08634445555159,7.45173515981735,7.80763881748072,7.68421493347526,150
"155",2015,10,7.83823529411765,34,8.43333333333333,7.36842105263158,7.875,8.25,7.75,15,19,4,6,28,5348,2528,2820,442,1562,3786,7.72110428571428,8.42706285601266,7.08824497163121,7.45556561085973,7.80933802816901,7.68470145800317,151
"156",2015,11,7.50138888888889,36,8.44545454545455,7.086,7,8.21875,7.29642857142857,11,25,7,8,28,5384,2539,2845,449,1570,3814,7.71963516344725,8.42714253643167,7.08822524428823,7.44846325167038,7.81142420382165,7.68185100157315,152
"157",2015,12,7.24571428571429,35,8.25833333333333,6.71739130434783,6.64285714285714,8.0125,7.01851851851852,12,23,7,8,27,5419,2551,2868,456,1578,3841,7.71657422402657,8.42634845158762,7.08525133193864,7.43609649122807,7.81244359949303,7.67718815933351,153
"158",2016,1,7.19130434782609,46,7.75,6.946875,7.66666666666667,7.375,7.15263157894737,14,32,3,8,38,5465,2565,2900,459,1586,3879,7.71215292223239,8.42265688109162,7.08372442068966,7.43760348583878,7.81023707440101,7.67204942510957,154
"159",2016,2,7.61774193548387,31,8.02692307692308,7.32222222222222,5.66666666666667,7.61,7.61923076923077,13,18,3,5,26,5496,2578,2918,462,1591,3905,7.71162040029112,8.42066132660978,7.08519562028787,7.4261038961039,7.80960779384035,7.67169775160052,155
"160",2016,3,7.58974358974359,39,8.05714285714286,7.04444444444444,6.75,7.375,7.64516129032258,21,18,4,8,31,5535,2599,2936,466,1599,3936,7.71076164769648,8.417724086187,7.08494578337875,7.42030042918455,7.80743339587242,7.67148875,156
"161",2016,4,7.18108108108108,37,7.91333333333333,6.68181818181818,6.5,7.2,7.178125,15,22,4,5,32,5572,2614,2958,470,1604,3968,7.7072443862168,8.41482972456007,7.08194753887762,7.41246808510638,7.80553990024937,7.66751001008065,157
"162",2016,5,7.49705882352941,34,8.10526315789474,6.72666666666667,5.95,7.31666666666667,7.53571428571429,19,15,2,6,28,5606,2633,2973,472,1610,3996,7.70596962540135,8.41259586023548,7.0801550016818,7.40627118644068,7.80371801242236,7.66658651651652,158
"163",2016,6,7.9921875,32,8.61842105263158,7.07692307692308,7.75,7.36111111111111,8.23913043478261,19,13,2,9,23,5638,2652,2986,474,1619,4019,7.70759413267116,8.41407047511313,7.08014093101139,7.40772151898734,7.80125756639901,7.66986308036825,159
"164",2016,7,8.07926829268293,41,8.76086956521739,7.20833333333333,7.9,8.875,7.82258064516129,23,18,5,10,31,5679,2675,3004,479,1629,4050,7.71027746434231,8.41705229906543,7.08090906125167,7.41286012526096,7.80784898710865,7.67103202962963,160
"165",2016,8,7.30612244897959,49,8.22777777777778,6.77096774193548,5.66666666666667,7.625,7.2027027027027,18,31,3,12,37,5728,2693,3035,482,1641,4087,7.70682013268156,8.41578718900855,7.07774326853377,7.40199170124481,7.80651188299817,7.66679219965745,161
"166",2016,9,7.45142857142857,35,8.41428571428571,6.80952380952381,6.5,7.75,7.36296296296296,14,21,4,8,27,5763,2707,3056,486,1649,4114,7.70526908207531,8.4157794237163,7.07590013743456,7.39456790123457,7.8062377198302,7.66479818181818,162
"167",2016,10,7.83428571428571,35,8.45625,7.31052631578947,7.68,6.9375,8.1,16,19,5,8,27,5798,2723,3075,491,1657,4141,7.70604789927561,8.41601722365039,7.0773498601626,7.39747454175153,7.80204345202172,7.66763576913789,163
"168",2016,11,7.43333333333333,33,8,7.01578947368421,6.575,7.5,7.41538461538462,14,19,4,7,26,5831,2737,3094,495,1664,4167,7.7045044966558,8.41388925831203,7.076971822883,7.39082828282828,7.80077283653846,7.66606184785217,164
"169",2016,12,7.4,37,7.815,6.91176470588235,8,6.71428571428571,7.56,20,17,1,7,30,5868,2757,3111,496,1671,4197,7.70258447852761,8.4095447587958,7.07606905175185,7.3920564516129,7.79622142429683,7.66530372170598,165
"170",2017,1,6.92975,40,7.69230769230769,6.56259259259259,6.08333333333333,7.5,6.84828571428571,13,27,6,5,35,5908,2770,3138,502,1676,4232,7.69735201760325,8.40617866425993,7.07165099426386,7.37641434262948,7.79533770883055,7.65854672022684,166
"171",2017,2,7.4940625,32,8.35333333333333,6.73588235294118,6,8.08,7.22772727272727,15,17,1,10,22,5940,2785,3155,503,1686,4254,7.69625685521885,8.40589403949731,7.06984178129953,7.37367793240557,7.79702609727165,7.65631869299483,167
"172",2017,3,7.39947916666667,48,8.5375,6.83046875,6.22222222222222,7.625,7.354375,16,32,9,8,40,5988,2801,3187,512,1694,4294,7.6938778757515,8.40664580506962,7.06743828679009,7.3534375,7.79621369539551,7.65350598975315,168
"173",2017,4,7.77272727272727,44,8.58,6.71052631578947,7.5,8.78571428571429,7.3,25,19,4,14,30,6032,2826,3206,516,1708,4324,7.69445303713528,8.40817937013447,7.06532308796008,7.35457364341085,7.80432435597189,7.65105335800185,169
"174",2017,5,8.04705128205128,39,8.68,7.65145833333333,8.325,9.06,7.89808823529412,15,24,4,5,34,6071,2841,3230,520,1713,4358,7.69671812222039,8.40961453713482,7.06967827244582,7.36203846153846,7.80798949211909,7.65298066085361,170
"175",2017,6,7.67777777777778,27,8.4,7.25294117647059,7,8,7.6375,10,17,1,3,24,6098,2851,3247,521,1716,4382,7.69663426041325,8.40958081374957,7.07063776408993,7.36134357005758,7.80832517482517,7.65289587403013,171
"176",2017,7,7.5027027027027,37,8.89411764705882,6.32,7.1,6.4125,7.80344827586207,17,20,3,8,29,6135,2868,3267,524,1724,4411,7.69546466503667,8.4124528940028,7.06604249158249,7.35984732824428,7.80184802784222,7.6538856767173,172
"177",2017,8,7.77272727272727,33,8.44117647058824,7.0625,7.75,7.28571428571429,7.90384615384615,17,16,4,7,26,6168,2885,3283,528,1731,4437,7.69587803501946,8.4126221490468,7.06602522692659,7.36280303030303,7.79976083188908,7.65535039891819,173
"178",2017,9,7.52272727272727,22,7.96153846153846,6.88888888888889,9,7.66666666666667,7.5,13,9,1,3,19,6190,2898,3292,529,1734,4456,7.6952626365105,8.41059865424431,7.06554095382746,7.36589792060492,7.79953056516724,7.65468799820467,174
"179",2017,10,7.28435135135135,37,8.0021,7.01851851851852,7.5,7.64,7.22878125,10,27,2,5,32,6227,2908,3319,531,1739,4488,7.69282105668861,8.40919391334251,7.06515842723712,7.36640301318267,7.79907188039103,7.65165122994653,175
"180",2017,11,7.4025641025641,39,8.90714285714286,6.56,7.45,8.5,7.2030303030303,14,25,10,6,33,6266,2922,3344,541,1745,4521,7.69101447813597,8.41157970568105,7.06138182416268,7.36794824399261,7.80148194842407,7.64837662464057,176
"181",2017,12,7.52432432432432,37,8.10952380952381,6.75625,7.23333333333333,8,7.37142857142857,21,16,6,9,28,6303,2943,3360,547,1754,4549,7.69003597017293,8.40942436289501,7.05992881547619,7.36647166361974,7.80250057012542,7.64667195427567,177
"182",2018,1,7.71157894736842,38,8.18375,7.36818181818182,7.66666666666667,7.57142857142857,7.74322580645161,16,22,3,7,31,6341,2959,3382,550,1761,4580,7.69016507175524,8.40820408921934,7.06193400946186,7.36810909090909,7.8015820556502,7.64732548471616,178
"183",2018,2,7.41860465116279,43,8.825,6.19565217391304,NA,6.83333333333333,7.51351351351351,20,23,0,6,37,6384,2979,3405,550,1767,4617,7.68833595238095,8.4110023162135,7.05608247283407,7.36810909090909,7.79829428409734,7.64625313406975,179
"184",2018,3,7.76714285714286,35,8.13636363636364,7.14230769230769,6.875,5.9375,8.00322580645161,22,13,2,4,31,6419,3001,3418,552,1771,4648,7.68876565197071,8.40898897034323,7.05641042129901,7.36632246376812,7.79409147374364,7.64863397590362,180
"185",2018,4,7.2578125,32,8.68181818181818,6.51190476190476,6,7.4375,7.19791666666667,11,21,2,8,24,6451,3012,3439,554,1779,4672,7.68662792125252,8.40998535856574,7.05308543762722,7.36138989169675,7.79248791455874,7.64631864726028,181
"186",2018,5,7.43461538461538,26,8.63,6.6875,8,6.33333333333333,7.57826086956522,10,16,4,3,23,6477,3022,3455,558,1782,4695,7.68561629149298,8.41071340172072,7.05139242257598,7.36596774193548,7.79003142536475,7.64598524387647,182
"187",2018,6,7.41818181818182,22,8.4,6.6,7,7.66666666666667,7.37894736842105,10,12,1,3,19,6499,3032,3467,559,1785,4714,7.68471098938298,8.41067806728233,7.0498300605711,7.36531305903399,7.78982408963585,7.64490893508698,183
"188",2018,7,7.44615384615385,26,8.54615384615385,6.34615384615385,4,7.57142857142857,7.4,13,13,2,7,19,6525,3045,3480,561,1792,4733,7.68376041685824,8.41125645320198,7.04720138505747,7.35331550802139,7.78897098214285,7.64392578068878,184
"189",2018,8,8.125,20,8.88888888888889,7.5,8.5,8.7,7.93333333333333,9,11,1,5,15,6545,3054,3491,562,1797,4748,7.68510874255157,8.41266401440734,7.04862813520481,7.35535587188612,7.79150584307178,7.644840084246,185
"190",2018,9,7.8195,40,8.68473684210526,7.03666666666667,7.51666666666667,7.334,7.88885714285714,19,21,6,5,35,6585,3073,3512,568,1802,4783,7.68592509035687,8.41434620891637,7.04855661161731,7.35705985915493,7.79023640399556,7.64662569935187,186
"191",2018,10,7.59705882352941,34,7.97333333333333,7.3,7.75,8.34,7.46896551724138,15,19,4,5,29,6619,3088,3531,572,1807,4812,7.68546860855114,8.41220398316063,7.04990960634381,7.35980769230769,7.79175760929717,7.64555501246883,187
"192",2018,11,7.65714285714286,35,8.15,7,7.66666666666667,7.27777777777778,7.78846153846154,20,15,3,9,26,6654,3108,3546,575,1816,4838,7.68531961526901,8.4105166988417,7.04969848279752,7.36140869565217,7.7892103524229,7.64632300950806,188
"193",2018,12,7.71153846153846,26,8.85,7,8,8.76666666666667,7.57391304347826,10,16,2,3,23,6680,3118,3562,577,1819,4861,7.68542166467066,8.41192620269404,7.04947524424481,7.36362218370884,7.79082242990654,7.64598039909484,189
"194",2019,1,7.75714285714286,35,8.14,6.8,6,7.62222222222222,7.80384615384615,25,10,3,9,26,6715,3143,3572,580,1828,4887,7.68579549069248,8.40976325167038,7.04877682530795,7.35656896551724,7.78999234135667,7.64682028238183,190
"195",2019,2,8.02807692307692,26,8.608125,7.1,NA,8.53571428571429,7.84105263157895,16,10,0,7,19,6741,3159,3582,580,1835,4906,7.68711566829847,8.41076793289016,7.04891982691234,7.35656896551724,7.79283705722071,7.64757250713413,191
"196",2019,3,7.75203703703704,54,8.61851851851852,6.88555555555556,7.91666666666667,7.78125,7.74695652173913,27,27,3,8,46,6795,3186,3609,583,1843,4952,7.68763159970567,8.41252853107345,7.04769765031865,7.35945111492281,7.79278676071622,7.64849570274637,192
"197",2019,4,7.66666666666667,27,8.45833333333333,7.03333333333333,7,9,7.28571428571429,12,15,1,6,21,6822,3198,3624,584,1849,4973,7.68754862503665,8.41270040650407,7.04763819536424,7.35883561643836,7.79670416441319,7.6469637482405,193
"198",2019,5,7.87173913043478,23,8.84545454545455,6.97916666666667,7,7.63888888888889,8.02142857142857,11,12,1,9,14,6845,3209,3636,585,1858,4987,7.6881675266618,8.41418382673731,7.04741221672167,7.35822222222222,7.79593972012917,7.64801498295569,194
"199",2019,6,8.13774193548387,31,8.72473684210526,7.20833333333333,8.83333333333333,8.35,8.09692307692308,19,12,3,5,26,6876,3228,3648,588,1863,5013,7.69019440372309,8.41601174101611,7.0479415625,7.36574829931973,7.7974267310789,7.65034325154598,195
"200",2019,7,7.61851851851852,27,8.55,7.07058823529412,9,7.21428571428571,7.76,10,17,1,7,20,6903,3238,3665,589,1870,5033,7.6899140547588,8.41642554045708,7.04804660845839,7.36852292020374,7.79524385026738,7.65077900258296,196
"201",2019,8,7.72529411764706,34,8.375,7.37090909090909,6.95,7.97142857142857,7.66148148148148,12,22,4,7,27,6937,3250,3687,593,1877,5060,7.69008746143866,8.41627258461539,7.04997310008137,7.36569983136594,7.79590090570058,7.65083611067194,197
"202",2019,9,7.61,30,8.39285714285714,6.925,7,7.96666666666667,7.52083333333333,14,16,1,6,24,6967,3264,3703,594,1883,5084,7.68974260370317,8.4161721507353,7.0494331136916,7.36508417508418,7.79644503451938,7.65022240755311,198
"203",2019,10,8.22236842105263,38,8.42045454545454,7.95,NA,8.5,8.18970588235294,22,16,0,4,34,7005,3286,3719,594,1887,5118,7.69263193718772,8.41620082166769,7.05330756117236,7.36508417508418,7.79793640699523,7.65380631496679,199
"204",2019,11,8.20828947368421,152,8.63840425531915,7.51120689655172,7.1,7.93548387096774,8.27818181818182,94,58,10,31,121,7157,3380,3777,604,1918,5239,7.70358344557776,8.42238044378699,7.06033911040508,7.36069536423841,7.80015954118873,7.66822689826303,200
"205",2019,12,8.17068965517241,116,8.79428571428571,7.22173913043478,7.3,8.35,8.142,70,46,7,16,100,7273,3450,3823,611,1934,5339,7.71103351024337,8.42992634782609,7.0622811456971,7.36,7.80470837642192,7.67710071548979,201
"206",2020,1,8.062109375,128,8.52592592592593,7.26276595744681,8,8.13863636363636,8.04622641509434,81,47,5,22,106,7401,3531,3870,616,1956,5445,7.71710535333063,8.43212854715378,7.06471597416021,7.36519480519481,7.80846421267893,7.68428663360882,202
"207",2020,2,8.16245689655172,116,8.55207142857143,7.5695652173913,8.33333333333333,7.86363636363636,8.23239361702128,70,46,3,22,94,7517,3601,3916,619,1978,5539,7.7239778794732,8.43446012218828,7.07064627681308,7.36988691437803,7.80907785642062,7.69358832280195,203
"208",2020,3,7.99618731182796,93,8.46892661016949,7.17584558823529,8.025,8.454,7.90814641025641,59,34,8,15,78,7610,3660,3950,627,1993,5617,7.72730448620237,8.4350157295082,7.07155178987342,7.37824561403509,7.81393176116407,7.69656776571124,204
"209",2020,4,8.48269230769231,52,8.83548387096774,7.96190476190476,8.85,8.25,8.53809523809524,31,21,2,10,42,7662,3691,3971,629,2003,5659,7.73243110676064,8.43837918450285,7.07626027952657,7.3829252782194,7.81610883674488,7.70281341933204,205
"210",2020,5,7.93462686567164,67,8.4990625,7.41857142857143,7.625,8,7.91888888888889,32,35,4,13,54,7729,3723,4006,633,2016,5713,7.73418387113469,8.4389007708837,7.07925101597604,7.38445497630332,7.81729464285714,7.70485579205321,206
"211",2020,6,7.98035714285714,56,8.51428571428571,7.09047619047619,7.96666666666667,7.44,8.09782608695652,35,21,3,10,46,7785,3758,4027,636,2026,5759,7.7359546743738,8.43960286588611,7.07930955301714,7.38720125786164,7.81543237907206,7.70799464143081,207
"212",2020,7,8.028,75,8.75111111111111,6.94333333333333,6.75,7.3,8.14,45,30,4,10,65,7860,3803,4057,640,2036,5824,7.73874136641221,8.4432888693137,7.07830405964999,7.38321875,7.81290078585461,7.71281612980769,208
"213",2020,8,8.16102941176471,68,8.63552631578947,7.56,6.91666666666667,8.39285714285714,8.1344262295082,38,30,6,7,61,7928,3841,4087,646,2043,5885,7.74236341321897,8.44519072376986,7.08183987521409,7.37888544891641,7.81488790993636,7.71718625998301,209
"214",2020,9,8.15,68,8.52444444444444,7.41739130434783,8,8.75555555555556,8.05762711864407,45,23,2,9,59,7996,3886,4110,648,2052,5944,7.74583005752876,8.44610848430263,7.08371765693431,7.3808024691358,7.81901364522417,7.72056546769852,210
"215",2020,10,7.91025641025641,78,8.73513513513513,7.16585365853659,6,8.46666666666667,7.80909090909091,37,41,4,12,66,8074,3923,4151,652,2064,6010,7.74741852117909,8.44883445577365,7.08452892556011,7.37233128834356,7.82277906976744,7.72153762728786,211
"216",2020,11,8.00704225352113,71,8.63170731707317,7.15333333333333,7.1875,7.48,8.09344262295082,41,30,8,10,61,8145,3964,4181,660,2074,6071,7.74968166236955,8.4507259258325,7.08502261899067,7.37009090909091,7.82112632594021,7.72527444243123,212
"217",2020,12,8.2169014084507,71,8.75487804878049,7.48166666666667,7.5,9.25,8.0275,41,30,4,11,60,8216,4005,4211,664,2085,6131,7.75371922346641,8.45383959300874,7.08784838993113,7.3708734939759,7.82866474820143,7.72823212200294,213
"218",2021,1,8.20548076923077,104,8.80820895522388,7.11405405405405,6.66666666666667,8.46,8.12493670886076,67,37,6,25,79,8320,4072,4248,670,2110,6210,7.75936624278846,8.45967032662083,7.08807664077213,7.36456716417911,7.83614502369668,7.73327876650564,214
"219",2021,2,7.90253164556962,79,8.33785714285714,7.40837837837838,6.95833333333333,7.31666666666667,8.03984375,42,37,6,15,64,8399,4114,4285,676,2125,6274,7.76071283962377,8.45842673067575,7.09084237339557,7.36096153846154,7.83247811764705,7.73640598342366,215
"220",2021,3,7.94130434782609,69,8.40405405405405,7.40625,7,7.68181818181818,7.99051724137931,37,32,1,11,58,8468,4151,4317,677,2136,6332,7.76218435758148,8.45794207901711,7.09318034977994,7.36042836041359,7.83170224719101,7.7387335975995,216
"221",2021,4,8.40163934426229,61,8.67435897435897,7.91818181818182,7.33333333333333,8.64285714285714,8.37037037037037,39,22,3,7,54,8529,4190,4339,680,2143,6386,7.76675778403095,8.45995646062053,7.09736334869786,7.36030882352941,7.83435184321045,7.74407471656749,217
"222",2021,5,7.93327586206897,58,8.48942857142857,7.08695652173913,8,6.925,8.0946,35,23,2,8,50,8587,4225,4362,682,2151,6436,7.7678825131012,8.46020060828403,7.09730847546997,7.36218475073314,7.83096978149698,7.74679787756371,218
"223",2021,6,8.07267980392157,51,8.91634419354839,6.765,7.33333333333333,7,8.21570377777778,31,20,3,6,45,8638,4256,4382,685,2157,6481,7.76968208034267,8.46352308270677,7.09579177772707,7.36205839416058,7.82865832174316,7.75005366610091,219
"224",2021,7,8.24268292682927,82,8.602,7.68125,6.75,8.14444444444444,8.25479452054794,50,32,4,9,73,8720,4306,4414,689,2166,6554,7.77413002408257,8.46513103576405,7.10003615088355,7.35850507982583,7.8299704524469,7.75567558895331,220
"225",2021,8,8.0915,70,8.52671052631579,7.5746875,8.41,8.31954545454546,8.04898305084746,38,32,3,11,59,8790,4344,4446,692,2177,6613,7.77665743003413,8.46566971454881,7.10345244489429,7.36306358381503,7.83244418925126,7.75829242552548,221
"226",2021,9,7.81474305555556,72,8.51398484848485,7.22307692307692,7.125,7.9,7.79416379310345,33,39,4,14,58,8862,4377,4485,696,2191,6671,7.77696685962537,8.46603398217958,7.10449265774805,7.36169540229885,7.83287585577362,7.7586043037026,222
"227",2021,10,7.82098765432099,81,8.44333333333333,7.15076923076923,6.71428571428571,7.83333333333333,7.81944444444444,42,39,7,9,72,8943,4419,4524,703,2200,6743,7.77736557195572,8.46581822584295,7.10489159372237,7.35524893314367,7.83287772727272,7.7592539388996,223
"228",2021,11,7.78295454545455,88,8.20975609756097,7.41063829787234,7.84285714285714,7.49375,7.84722222222222,41,47,7,16,72,9031,4460,4571,710,2216,6815,7.77742003211162,8.46346429147982,7.10803534675126,7.36005633802817,7.83042915162455,7.76018331768159,224
"229",2021,12,8.04840425531915,94,8.35480769230769,7.66904761904762,7.55555555555556,7.55,8.1077380952381,52,42,9,10,84,9125,4512,4613,719,2226,6899,7.78021154082192,8.46221204343972,7.11314319748537,7.36250347705146,7.82916936208445,7.76441503261342,225
"230",2022,1,8.2494696969697,132,8.70481927710843,7.47816326530612,7.945,8.5125,8.2025,83,49,4,20,112,9257,4595,4662,723,2246,7011,7.78690291779194,8.46659428509249,7.11697974474474,7.36572614107884,7.83525422974176,7.77141339466553,226
"231",2022,2,8.32133333333333,75,8.48510638297872,8.04642857142857,7,8.64444444444444,8.27727272727273,47,28,2,9,66,9332,4642,4690,725,2255,7077,7.79119806150879,8.4667817190866,7.12252869296375,7.36471724137931,7.83848381374722,7.77613103151053,227
"232",2022,3,7.99231707317073,82,8.54285714285714,7.41425,7.01666666666667,7.91421052631579,8.01587301587302,42,40,6,19,63,9414,4684,4730,731,2274,7140,7.79294989483748,8.46746386421862,7.1249956807611,7.36186046511628,7.83911653474054,7.77824640196079,228
"233",2022,4,8.08181818181818,77,8.47209302325581,7.58823529411765,7.23333333333333,8.3,8.02459016393443,43,34,6,16,61,9491,4727,4764,737,2290,7201,7.79529346854915,8.46750597419082,7.12830175692695,7.36081411126187,7.8423366812227,7.78033319122344,229
"234",2022,5,8.23086614173228,127,8.81220588235294,7.56084745762712,7.57142857142857,9.064375,8.11072072072072,68,59,7,16,111,9618,4795,4823,744,2306,7312,7.80104494801414,8.47239431491137,7.13359311009745,7.36279569892473,7.85081569817866,7.78534864742889,230
"235",2022,6,8.2635,100,8.92604166666667,7.65192307692308,7.5,8.33823529411765,8.24819277108434,48,52,4,17,83,9718,4843,4875,748,2323,7395,7.80580369520478,8.47689051001446,7.13912196307692,7.3635294117647,7.85438269479121,7.79054351724138,231
"236",2022,7,8.22666666666667,75,8.77,7.60571428571429,7.66666666666667,8.83538461538462,8.09903225806452,40,35,3,13,62,9793,4883,4910,751,2336,7457,7.80902688757276,8.47929157075569,7.14244797759674,7.36474034620506,7.85984203767123,7.79310839613786,232
"237",2022,8,7.98963414634146,82,8.60568181818182,7.27631578947368,4.5,8.43666666666667,7.88955223880597,44,38,4,15,67,9875,4927,4948,755,2351,7524,7.81052661367089,8.48042028414857,7.1434760650768,7.34956291390728,7.86352233092301,7.79396721291866,233
"238",2022,9,8.26666666666667,36,8.56666666666667,7.84666666666667,7.625,7.96428571428571,8.45909090909091,21,15,4,14,22,9911,4948,4963,759,2365,7546,7.81218346382807,8.4807863257882,7.1456013640943,7.35101449275362,7.86411881606765,7.79590634905911,234
"239",2022,11,8.2,33,8.85384615384615,7.775,6.66666666666667,9,8.175,13,20,3,1,32,9944,4961,4983,762,2366,7578,7.8134704656074,8.48176390647047,7.14812754766205,7.34832020997375,7.8645989010989,7.79750716679863,236
"240",2022,12,7.91680219512195,82,8.40512820512821,7.47390186046512,6.575,7.5625,7.97753971428571,39,43,4,12,70,10026,5000,5026,766,2378,7648,7.81431558846998,8.48116614800001,7.15091471348985,7.3442819843342,7.86307443229604,7.7991549542364,237
