"","year","month","avg_rating","no_ratings","avg_rating_owned","avg_rating_not_owned","avg_rating_prev_owned","avg_rating_comment","avg_rating_no_comment","no_ratings_owned","no_ratings_not_owned","no_ratings_prev_owned","no_ratings_comment","no_ratings_no_comment","cum_no_ratings","cum_no_ratings_owned","cum_no_ratings_not_owned","cum_no_ratings_prev_owned","cum_no_ratings_comment","cum_no_ratings_no_comment","cum_avg_rating","cum_avg_rating_owned","cum_avg_rating_not_owned","cum_avg_rating_prev_owned","cum_avg_rating_comment","cum_avg_rating_no_comment","month_after_release"
"1",2002,10,8,1,8,NA,NA,8,NA,1,0,0,1,0,1,1,0,0,1,0,8,8,NA,NA,8,NA,-8
"2",2002,11,8,3,8,NA,NA,8,NA,3,0,0,3,0,4,4,0,0,4,0,8,8,NA,NA,8,NA,-7
"3",2002,12,8,4,8,8,8,8,8,3,1,1,2,2,8,7,1,1,6,2,8,8,8,8,8,8,-6
"4",2003,1,7.5,2,NA,7.5,NA,7.5,NA,0,2,0,2,0,10,7,3,1,8,2,7.9,8,7.66666666666667,8,7.875,8,-5
"5",2003,2,6,1,6,NA,NA,NA,6,1,0,0,0,1,11,8,3,1,8,3,7.72727272727273,7.75,7.66666666666667,8,7.875,7.33333333333333,-4
"6",2003,3,8,2,8,8,8,8,NA,1,1,1,2,0,13,9,4,2,10,3,7.76923076923077,7.77777777777778,7.75,8,7.9,7.33333333333333,-3
"7",2003,5,7,1,7,NA,NA,7,NA,1,0,0,1,0,14,10,4,2,11,3,7.71428571428571,7.7,7.75,8,7.81818181818182,7.33333333333333,-1
"8",2003,6,7.33333333333333,3,8,7,8,NA,7.33333333333333,1,2,1,0,3,17,11,6,3,11,6,7.64705882352941,7.72727272727273,7.5,8,7.81818181818182,7.33333333333333,0
"9",2003,7,7,8,8,6.66666666666667,NA,7,7,2,6,0,3,5,25,13,12,3,14,11,7.44,7.76923076923077,7.08333333333333,8,7.64285714285714,7.18181818181818,1
"10",2003,8,7.5,4,8,7,NA,7,8,2,2,0,2,2,29,15,14,3,16,13,7.44827586206897,7.8,7.07142857142857,8,7.5625,7.30769230769231,2
"11",2003,9,7.3,5,8,6.83333333333333,NA,7.5,7.16666666666667,2,3,0,2,3,34,17,17,3,18,16,7.42647058823529,7.82352941176471,7.02941176470588,8,7.55555555555556,7.28125,3
"12",2003,10,8,1,8,NA,NA,NA,8,1,0,0,0,1,35,18,17,3,18,17,7.44285714285714,7.83333333333333,7.02941176470588,8,7.55555555555556,7.32352941176471,4
"13",2003,11,8,1,8,NA,NA,NA,8,1,0,0,0,1,36,19,17,3,18,18,7.45833333333333,7.84210526315789,7.02941176470588,8,7.55555555555556,7.36111111111111,5
"14",2004,2,7,2,7,NA,NA,NA,7,2,0,0,0,2,38,21,17,3,18,20,7.43421052631579,7.76190476190476,7.02941176470588,8,7.55555555555556,7.325,8
"15",2004,3,7,2,7,7,NA,7,7,1,1,0,1,1,40,22,18,3,19,21,7.4125,7.72727272727273,7.02777777777778,8,7.52631578947368,7.30952380952381,9
"16",2004,4,7.66666666666667,3,7.66666666666667,NA,NA,7,8,3,0,0,1,2,43,25,18,3,20,23,7.43023255813953,7.72,7.02777777777778,8,7.5,7.3695652173913,10
"17",2004,5,6,1,NA,6,NA,NA,6,0,1,0,0,1,44,25,19,3,20,24,7.39772727272727,7.72,6.97368421052632,8,7.5,7.3125,11
"18",2004,6,8,1,8,NA,NA,NA,8,1,0,0,0,1,45,26,19,3,20,25,7.41111111111111,7.73076923076923,6.97368421052632,8,7.5,7.34,12
"19",2004,7,7.66666666666667,3,NA,7.66666666666667,10,8,7,0,3,1,2,1,48,26,22,4,22,26,7.42708333333333,7.73076923076923,7.06818181818182,8.5,7.54545454545455,7.32692307692308,13
"20",2004,8,8.5,4,8.5,NA,NA,8.5,8.5,4,0,0,2,2,52,30,22,4,24,28,7.50961538461539,7.83333333333333,7.06818181818182,8.5,7.625,7.41071428571429,14
"21",2004,9,7.69230769230769,13,7.88888888888889,7.25,NA,7.375,8.2,9,4,0,8,5,65,39,26,4,32,33,7.54615384615385,7.84615384615385,7.09615384615385,8.5,7.5625,7.53030303030303,15
"22",2004,10,7.5625,16,7.96153846153846,5.83333333333333,NA,8.75,6.85,13,3,0,6,10,81,52,29,4,38,43,7.54938271604938,7.875,6.96551724137931,8.5,7.75,7.37209302325581,16
"23",2004,11,7.2,20,7.375,6.9375,7.5,7.08333333333333,7.25,12,8,1,6,14,101,64,37,5,44,57,7.48019801980198,7.78125,6.95945945945946,8.3,7.65909090909091,7.34210526315789,17
"24",2004,12,7.38461538461539,13,7.5,7.2,7,7.5,7.33333333333333,8,5,2,4,9,114,72,42,7,48,66,7.46929824561404,7.75,6.98809523809524,7.92857142857143,7.64583333333333,7.34090909090909,18
"25",2005,1,7.48,20,7.62666666666667,7.04,NA,7.1875,7.675,15,5,0,8,12,134,87,47,7,56,78,7.47089552238806,7.72873563218391,6.9936170212766,7.92857142857143,7.58035714285714,7.39230769230769,19
"26",2005,2,7.5,12,8.375,5.75,6,7.41666666666667,7.58333333333333,8,4,1,6,6,146,95,51,8,62,84,7.47328767123288,7.78315789473684,6.89607843137255,7.6875,7.56451612903226,7.40595238095238,20
"27",2005,3,7.21875,16,7.22727272727273,7.2,NA,7,7.29166666666667,11,5,0,4,12,162,106,56,8,66,96,7.44814814814815,7.72547169811321,6.92321428571429,7.6875,7.53030303030303,7.39166666666667,21
"28",2005,4,7.47058823529412,17,7.76923076923077,6.5,7.5,7.55555555555556,7.375,13,4,1,9,8,179,119,60,9,75,104,7.45027932960894,7.73025210084034,6.895,7.66666666666667,7.53333333333333,7.39038461538462,22
"29",2005,5,7.53571428571429,14,7.79166666666667,6,8,7.8125,7.16666666666667,12,2,1,8,6,193,131,62,10,83,110,7.45647668393782,7.73587786259542,6.86612903225806,7.7,7.56024096385542,7.37818181818182,23
"30",2005,6,6.69230769230769,13,6.9,6.5625,7,6.6,6.75,5,8,2,5,8,206,136,70,12,88,118,7.40825242718447,7.70514705882353,6.83142857142857,7.58333333333333,7.50568181818182,7.33559322033898,24
"31",2005,7,7.0625,16,7.1875,6.9375,6,7,7.11111111111111,8,8,1,7,9,222,144,78,13,95,127,7.38333333333333,7.67638888888889,6.84230769230769,7.46153846153846,7.46842105263158,7.31968503937008,25
"32",2005,8,7.14444444444444,18,7.6875,6.71,NA,7,7.37142857142857,8,10,0,11,7,240,152,88,13,106,134,7.36541666666667,7.67697368421053,6.82727272727273,7.46153846153846,7.41981132075472,7.32238805970149,26
"33",2005,9,7.36666666666667,15,7.65,6.8,8,7.5,7.16666666666667,10,5,1,9,6,255,162,93,14,115,140,7.36549019607843,7.67530864197531,6.8258064516129,7.5,7.42608695652174,7.31571428571429,27
"34",2005,10,7.42692307692308,26,7.83333333333333,6.87272727272727,7.3,7.73846153846154,7.11538461538461,15,11,2,13,13,281,177,104,16,128,153,7.3711743772242,7.68870056497175,6.83076923076923,7.475,7.4578125,7.29869281045752,28
"35",2005,11,7.28260869565217,23,7.64285714285714,6.72222222222222,6.5,7.61111111111111,7.07142857142857,14,9,2,9,14,304,191,113,18,137,167,7.36447368421053,7.68534031413613,6.82212389380531,7.36666666666667,7.46788321167883,7.27964071856287,29
"36",2005,12,7.76666666666667,21,7.86666666666667,7.51666666666667,7.65,7.57142857142857,7.86428571428571,15,6,4,7,14,325,206,119,22,144,181,7.39046153846154,7.69854368932039,6.85714285714286,7.41818181818182,7.47291666666667,7.32486187845304,30
"37",2006,1,8.1,24,8.14117647058823,8,6,7.96428571428571,8.29,17,7,1,14,10,349,223,126,23,158,191,7.43925501432665,7.7322869955157,6.92063492063492,7.35652173913043,7.51645569620253,7.37539267015707,31
"38",2006,2,7.58333333333333,21,7.98076923076923,6.9375,8,7.22916666666667,8.05555555555556,13,8,1,12,9,370,236,134,24,170,200,7.44743243243243,7.74597457627119,6.92164179104478,7.38333333333333,7.49617647058823,7.406,32
"39",2006,3,7.26470588235294,17,7.5625,7,8,6.75,7.42307692307692,8,9,1,4,13,387,244,143,25,174,213,7.43940568475452,7.73995901639344,6.92657342657343,7.408,7.47902298850575,7.40704225352113,33
"40",2006,4,7.125,8,7.2,7,NA,7,7.2,5,3,0,3,5,395,249,146,25,177,218,7.43303797468354,7.72911646586345,6.92808219178082,7.408,7.47090395480226,7.40229357798165,34
"41",2006,5,7.45294117647059,17,7.7,7.35,7.5,7.4,7.5,5,12,2,8,9,412,254,158,27,185,227,7.43385922330097,7.72854330708661,6.96012658227848,7.41481481481481,7.46783783783784,7.40616740088106,35
"42",2006,6,7.61111111111111,18,8.38888888888889,6.83333333333333,NA,6.83333333333333,8,9,9,0,6,12,430,263,167,27,191,239,7.44127906976744,7.75114068441065,6.95329341317365,7.41481481481481,7.4479057591623,7.43598326359833,36
"43",2006,7,7.38095238095238,21,7.70833333333333,6.94444444444444,6.75,7.3125,7.42307692307692,12,9,4,8,13,451,275,176,31,199,252,7.43847006651885,7.74927272727273,6.95284090909091,7.32903225806452,7.44246231155779,7.43531746031746,37
"44",2006,8,7.56333333333333,15,7.82777777777778,7.16666666666667,7,7.93888888888889,7,9,6,1,9,6,466,284,182,32,208,258,7.44248927038626,7.75176056338028,6.95989010989011,7.31875,7.46394230769231,7.42519379844961,38
"45",2006,9,7.08125,16,7.64285714285714,6.64444444444444,NA,7.1,7.0625,7,9,0,8,8,482,291,191,32,216,266,7.4304979253112,7.74914089347079,6.94502617801047,7.31875,7.45046296296296,7.41428571428571,39
"46",2006,10,7.52777777777778,18,8,7.15,7.33333333333333,8.33333333333333,7.36666666666667,8,10,3,3,15,500,299,201,35,219,281,7.434,7.75585284280936,6.95522388059702,7.32,7.46255707762557,7.41174377224199,40
"47",2006,11,7.39423076923077,26,7.48529411764706,7.22222222222222,7.5,7.5,7.31666666666667,17,9,2,11,15,526,316,210,37,230,296,7.43203422053232,7.74129746835443,6.96666666666667,7.32972972972973,7.46434782608696,7.40692567567567,41
"48",2006,12,7.215625,32,7.5625,6.86875,8,6.87777777777778,7.34782608695652,16,16,1,9,23,558,332,226,38,239,319,7.41962365591398,7.73268072289157,6.95973451327434,7.34736842105263,7.44225941422594,7.40266457680251,42
"49",2007,1,7.4604,25,7.64764705882353,7.0625,7.25,7.72333333333333,7.3125,17,8,2,9,16,583,349,234,40,248,335,7.42137221269297,7.72853868194842,6.96324786324786,7.3425,7.45245967741935,7.39835820895522,43
"50",2007,2,7.54660333333333,21,8.23076923076923,6.43483375,NA,8,7.20655583333333,13,8,0,9,12,604,362,242,40,257,347,7.42572627483444,7.74657458563536,6.94577962809917,7.3425,7.47163424124514,7.39172527377522,44
"51",2007,3,7.15,20,7.66666666666667,6.72727272727273,8,6.16666666666667,7.57142857142857,9,11,1,6,14,624,371,253,41,263,361,7.41688889423077,7.74463611859838,6.93627932806324,7.35853658536585,7.44186311787072,7.3986943767313,45
"52",2007,4,7.28,20,7.775,6.5375,7,7.08333333333333,7.36428571428571,12,8,1,6,14,644,383,261,42,269,375,7.4126376863354,7.74558746736293,6.92405620689655,7.35,7.43386617100372,7.39740978666667,46
"53",2007,5,7.17894736842105,19,7.79,6.5,NA,7.5,7.03076923076923,10,9,0,6,13,663,393,270,42,275,388,7.40594067873303,7.74671755725191,6.909921,7.35,7.43530909090909,7.38512543814433,47
"54",2007,6,7.19038461538462,26,8.12307692307692,6.25769230769231,7,7.32142857142857,7.14210526315789,13,13,1,7,19,689,406,283,43,282,407,7.39780648766328,7.7587684729064,6.87995996466431,7.34186046511628,7.43248226950355,7.37378051597052,48
"55",2007,7,7.46428571428571,14,7.625,7.34375,7,7.5,7.42857142857143,6,8,1,7,7,703,412,291,44,289,414,7.39913039829303,7.75682038834952,6.89271020618557,7.33409090909091,7.43411764705882,7.37470693236715,49
"56",2007,8,6.95238095238095,21,7.9,6.65625,6.66666666666667,6.40909090909091,7.55,5,16,3,11,10,724,417,307,47,300,424,7.3861721961326,7.75853717026379,6.88038654723127,7.29148936170213,7.39653333333333,7.37884120283019,50
"57",2007,9,6.80555555555556,27,7.24166666666667,5.93333333333333,NA,6.11,7.21470588235294,18,9,0,10,17,751,435,316,47,310,441,7.36529782956059,7.73714942528736,6.85341351265823,7.29148936170213,7.35503225806452,7.3725139909297,51
"58",2007,10,6.90666666666667,30,7.42352941176471,6.23076923076923,5,6.4375,7.07727272727273,17,13,1,8,22,781,452,329,48,318,463,7.34768075544174,7.72535398230089,6.82881054711246,7.24375,7.33194968553459,7.35848524838013,52
"59",2007,11,6.4890243902439,41,7.09761904761905,5.85,7.66666666666667,7.08333333333333,6.24310344827586,21,20,3,12,29,822,473,349,51,330,492,7.30485239659367,7.69748414376321,6.772718252149,7.26862745098039,7.32290909090909,7.29274119918699,53
"60",2007,12,7.08022222222222,45,7.76565217391304,6.36363636363636,7.66666666666667,6.86,7.20172413793103,23,22,3,16,29,867,496,371,54,346,521,7.29319339100346,7.70064516129032,6.74846002695418,7.29074074074074,7.30150289017341,7.28767499040307,54
"61",2008,1,7.02857142857143,35,7.29545454545455,6.57692307692308,6.7,6.77272727272727,7.14583333333333,22,13,5,11,24,902,518,384,59,357,545,7.28292535476718,7.68343629343629,6.74265278645833,7.24067796610169,7.28521008403361,7.28142875229358,55
"62",2008,2,7.12758620689655,29,7.58333333333333,6.80588235294118,7.33333333333333,7.00833333333333,7.21176470588235,12,17,3,12,17,931,530,401,62,369,562,7.27808664876477,7.68116981132076,6.74533334164588,7.24516129032258,7.27620596205962,7.27932147686833,56
"63",2008,3,7.22,15,7.75,7.02727272727273,NA,7.43333333333333,7.16666666666667,4,11,0,3,12,946,534,412,62,372,574,7.27716561310782,7.68168539325843,6.75286084951456,7.24516129032258,7.27747311827957,7.27696632404181,57
"64",2008,4,7.07037037037037,27,7.07692307692308,7.06428571428571,7.5,7.3,6.97368421052632,13,14,5,8,19,973,547,426,67,380,593,7.2714272045221,7.6673126142596,6.76309546948357,7.26417910447761,7.27794736842105,7.26724902192243,58
"65",2008,5,7.27272727272727,11,8.25,6.71428571428571,7.5,7.125,7.35714285714286,4,7,1,4,7,984,551,433,68,384,600,7.27144173780488,7.67154264972777,6.76230639722864,7.26764705882353,7.27635416666667,7.26829778333333,59
"66",2008,6,6.96111111111111,18,7.78571428571429,6.43636363636364,7,6.92857142857143,6.98181818181818,7,11,2,7,11,1002,558,444,70,391,611,7.26586693612774,7.67297491039427,6.75423123873874,7.26,7.27012787723785,7.26314021276596,60
"67",2008,7,7.21666666666667,24,7.41111111111111,7.1,7,6.90909090909091,7.47692307692308,9,15,8,11,13,1026,567,459,78,402,624,7.26471605263158,7.66881834215168,6.76553087145969,7.23333333333333,7.26024875621891,7.2675940224359,61
"68",2008,8,7.35,20,7.77777777777778,7,6.5,6.95,7.75,9,11,4,10,10,1046,576,470,82,412,634,7.2663467208413,7.67052083333333,6.77101844680851,7.19756097560976,7.25271844660194,7.27520294952681,62
"69",2008,9,7.06482608695652,23,7.6991,6.57692307692308,6.5,6.90827272727273,7.20833333333333,10,13,4,11,12,1069,586,483,86,423,646,7.26201091674462,7.67100853242321,6.76579434782609,7.16511627906977,7.24376122931442,7.27396078947368,63
"70",2008,10,7.45,16,7.78571428571429,7.18888888888889,7.26666666666667,7.33333333333333,7.47692307692308,7,9,3,3,13,1085,593,492,89,426,659,7.26478310599078,7.67236256323777,6.77353388211382,7.1685393258427,7.24439201877934,7.27796459787557,64
"71",2008,11,7.26821428571429,28,7.7,6.77,6.43,7.22727272727273,7.29470588235294,15,13,7,11,17,1113,608,505,96,437,676,7.26486942497754,7.67304440789474,6.77344291089109,7.1146875,7.24396109839817,7.27838560650888,65
"72",2008,12,7.17857142857143,14,7.125,7.25,7.5,7.33333333333333,7.13636363636364,8,6,3,3,11,1127,616,511,99,440,687,7.26379740017746,7.66592694805195,6.77903849315069,7.12636363636364,7.24457045454546,7.27611160116448,66
"73",2009,1,6.92857142857143,21,7.32222222222222,6.63333333333333,7.25,6.9,6.96,9,12,2,11,10,1148,625,523,101,451,697,7.25766521777004,7.6609776,6.77569535372849,7.12881188118812,7.23616629711752,7.27157628407461,67
"74",2009,2,6.99555555555556,45,7.55238095238095,6.50833333333333,6.9,6.25,7.11025641025641,21,24,5,6,39,1193,646,547,106,457,736,7.24777843252305,7.65744736842105,6.76396466179159,7.11801886792453,7.22321881838074,7.26302808423913,68
"75",2009,3,7.10769230769231,26,7.66666666666667,6.62857142857143,6.41666666666667,6.33333333333333,7.34,12,14,6,6,20,1219,658,561,112,463,756,7.2447905414274,7.65761550151976,6.76058586452763,7.08044642857143,7.211686825054,7.26506437830688,69
"76",2009,4,6.99888888888889,45,7.415625,6.76896551724138,5.83333333333333,6.875,7.0109756097561,16,29,3,4,41,1264,674,590,115,467,797,7.23603613132911,7.65187091988131,6.76099774576271,7.04791304347826,7.20880299785867,7.25199331242158,70
"77",2009,5,7.13636363636364,22,7.54545454545455,6.72727272727273,6.16666666666667,6.75,7.28125,11,11,3,6,16,1286,685,601,118,473,813,7.23433100311042,7.65016204379562,6.76038048252912,7.02550847457627,7.20298308668076,7.2525690897909,71
"78",2009,6,7.08333333333333,27,7.38888888888889,6.93055555555556,7.25,7.5,7.06730769230769,9,18,3,1,26,1313,694,619,121,474,839,7.23122594821021,7.64677377521614,6.76532903069467,7.03107438016529,7.20360970464135,7.24682797377831,72
"79",2009,7,6.97727272727273,22,8.1875,6.28571428571429,7.66666666666667,7.3,6.88235294117647,8,14,3,5,17,1335,702,633,124,479,856,7.22704095131086,7.6529358974359,6.75472143759874,7.04645161290323,7.20461586638831,7.23958956775701,73
"80",2009,8,7.16153846153846,26,7.55833333333333,6.82142857142857,6.85714285714286,6.85,7.35625,12,14,7,10,16,1361,714,647,131,489,872,7.22578961792799,7.65134593837535,6.75616486862442,7.0363358778626,7.19736400817996,7.24173012614679,74
"81",2009,9,7.34310344827586,29,7.76785714285714,6.94666666666667,7,7.11363636363636,7.48333333333333,14,15,5,11,18,1390,728,662,136,500,890,7.22823717266187,7.65358653846154,6.76048137462236,7.035,7.195522,7.24661648314607,75
"82",2009,10,7.08148148148148,27,6.99375,7.11842105263158,6.75,7.02272727272727,7.121875,8,19,7,11,16,1417,736,681,143,511,906,7.2254408398024,7.64641440217391,6.77046794419971,7.02104895104895,7.1918023483366,7.24441354304636,76
"83",2009,11,7.125,40,7.75,6.78846153846154,6.81818181818182,7.07692307692308,7.14814814814815,14,26,11,13,27,1457,750,707,154,524,933,7.22268336993823,7.648348,6.77112966053748,7.00655844155844,7.18895229007634,7.24162772775991,77
"84",2009,12,6.95652173913043,23,7.11111111111111,6.85714285714286,7.1,7.05555555555556,6.89285714285714,9,14,5,9,14,1480,759,721,159,533,947,7.21854707432433,7.64197760210804,6.77279981969487,7.00949685534591,7.18669981238274,7.23647166842661,78
"85",2010,1,7.025,36,7.95384615384615,6.5,6.4,6.5,7.13,13,23,5,6,30,1516,772,744,164,539,977,7.21395096965699,7.6472292746114,6.76436649193548,6.99091463414634,7.17905565862709,7.2332023234391,79
"86",2010,2,6.875,20,7.78571428571429,6.38461538461539,5.9,7.6,6.63333333333333,7,13,5,5,15,1536,779,757,169,544,992,7.20953754557292,7.64847368421053,6.75784500660502,6.95863905325444,7.18292463235294,7.22413172379032,80
"87",2010,3,6.6425,20,7.625,5.66,6,6.28,6.76333333333333,10,10,1,5,15,1556,789,767,170,549,1007,7.20224914524422,7.64817617237009,6.74353151238592,6.953,7.17470127504554,7.21726779543198,81
"88",2010,4,6.89230769230769,13,7.1,6.7625,6.76666666666667,7.15,6.84545454545455,5,8,3,2,11,1569,794,775,173,551,1018,7.1996811153601,7.6447241813602,6.74372731612903,6.94976878612717,7.17461161524501,7.21325016699411,82
"89",2010,5,6.96428571428571,21,7.025,6.90909090909091,6.25,6.58333333333333,7.11666666666667,10,11,2,6,15,1590,804,786,175,557,1033,7.19657211949686,7.63701616915423,6.7460415648855,6.94177142857143,7.16824236983842,7.21184769603098,83
"90",2010,6,7.11538461538461,13,7.66666666666667,6.95,7.07142857142857,6.5,7.83333333333333,3,10,7,7,6,1603,807,796,182,564,1039,7.19591370555209,7.63712639405204,6.74860385678392,6.94675824175824,7.15994858156029,7.21543664100096,84
"91",2010,7,6.81666666666667,15,6.95,6.75,7.5,6,6.875,5,10,2,1,14,1618,812,806,184,565,1053,7.19239781829419,7.63289532019704,6.74862117866005,6.95277173913043,7.15789557522124,7.21091041785375,85
"92",2010,8,6.89285714285714,14,7.68333333333333,6.3,5.975,6.62857142857143,7.15714285714286,6,8,4,7,7,1632,818,814,188,572,1060,7.18982822916667,7.63326528117359,6.74421212530713,6.93196808510638,7.15141783216783,7.2105553490566,86
"93",2010,9,6.80988888888889,9,8,6.46985714285714,6,7.3945,6.64285714285714,2,7,4,2,7,1641,820,821,192,574,1067,7.18774446678855,7.63415975609756,6.74187292326431,6.91255208333333,7.15226480836237,7.20683099343955,87
"94",2010,10,6.90555555555556,18,7.33333333333333,6.69166666666667,6.92857142857143,7.25,6.8625,6,12,7,2,16,1659,826,833,199,576,1083,7.18468274261603,7.63197457627119,6.74114966386555,6.91311557788945,7.15260416666667,7.20174392428439,88
"95",2010,11,7.45,20,7.96,7.28,7,8.75,7.30555555555556,5,15,1,2,18,1679,831,848,200,578,1101,7.18784316259678,7.63394825511432,6.75068121462264,6.91355,7.15813148788927,7.20344111716621,89
"96",2010,12,7.48823529411765,17,7.47777777777778,7.5,7.33333333333333,7.91666666666667,7.25454545454545,9,8,3,6,11,1696,840,856,203,584,1112,7.19085416863208,7.632275,6.75768419392523,6.91975369458128,7.16592465753425,7.20394664568345,90
"97",2011,1,6.52173913043478,23,7.58333333333333,6.14705882352941,5.25,5.83333333333333,6.76470588235294,6,17,4,6,17,1719,846,873,207,590,1129,7.18190149505527,7.63192789598109,6.74579343642612,6.88748792270531,7.15237288135593,7.19733274579274,91
"98",2011,2,7,19,7.22222222222222,6.8,6.75,6.875,7.09090909090909,9,10,4,8,11,1738,855,883,211,598,1140,7.17991292865363,7.62761520467836,6.74640732729332,6.88488151658768,7.14866220735786,7.19630585087719,92
"99",2011,3,6.88235294117647,17,7.83333333333333,6.67857142857143,6.66666666666667,6.83333333333333,6.89285714285714,3,14,3,3,14,1755,858,897,214,601,1154,7.17703058119658,7.6283344988345,6.74534857302118,6.88182242990654,7.14708818635607,7.19262449740035,93
"100",2011,4,6.837375,8,7.4,6.4998,6.5,7.125,6.54975,3,5,3,4,4,1763,861,902,217,605,1158,7.17548931934203,7.62753890824623,6.74398743902439,6.87654377880184,7.14694214876033,7.19040386010363,94
"101",2011,5,6.66875,16,7.12,5.91666666666667,5.9,6.35714285714286,6.91111111111111,10,6,5,7,9,1779,871,908,222,612,1167,7.17093179876335,7.62171182548794,6.73852056167401,6.85454954954955,7.13790849673203,7.18824993144816,95
"102",2011,6,7.13461538461539,13,7,7.175,7,7.25,7.1,3,10,4,3,10,1792,874,918,226,615,1177,7.17066834263393,7.61957780320366,6.74327523965142,6.85712389380531,7.13845528455285,7.187500144435,96
"103",2011,7,7.16,15,7.2875,7.01428571428571,7.025,7.03333333333333,7.35,8,7,4,9,6,1807,882,925,230,624,1183,7.17057978417266,7.61656575963719,6.74532612972973,6.86004347826087,7.1369391025641,7.18832431952663,97
"104",2011,8,7.09285714285714,14,8.3,6.61,6.25,7,7.11818181818182,4,10,2,3,11,1821,886,935,232,627,1194,7.16998224601867,7.61965124153499,6.74387879144385,6.85478448275862,7.13628389154705,7.18767811557789,98
"105",2011,9,6.55555555555556,9,7.83333333333333,5.91666666666667,6.75,6.25,7.16666666666667,3,6,2,6,3,1830,889,941,234,633,1197,7.16696047540984,7.62037232845894,6.73860432518597,6.85388888888889,7.12788309636651,7.18762545530493,99
"106",2011,10,6.62666666666667,15,7,6.37777777777778,6,6.68,6.6,6,9,1,5,10,1845,895,950,235,638,1207,7.16256784281843,7.61621340782123,6.73518596842105,6.85025531914894,7.12437304075235,7.18275697597349,100
"107",2011,11,7.04761904761905,21,7.77777777777778,6.5,6.6,7.7,6.84375,9,12,5,5,16,1866,904,962,240,643,1223,7.16127420685959,7.61782190265487,6.73225225571726,6.84504166666667,7.12884914463453,7.17832188879804,101
"108",2011,12,7.20833333333333,12,7.8,6.78571428571429,7.1,8.5,6.95,5,7,2,2,10,1878,909,969,242,645,1233,7.16157490415336,7.61882398239824,6.7326384623323,6.84714876033058,7.1331007751938,7.1764701297648,102
"109",2012,1,7,25,7.28571428571429,6.88888888888889,7.14285714285714,6.66666666666667,7.04545454545455,7,18,7,3,22,1903,916,987,249,648,1255,7.15945227009984,7.61627838427948,6.7354880141844,6.85546184738956,7.13094135802469,7.17417344223107,103
"110",2012,2,7.11538461538461,13,7.8,6.6875,6.625,6.5,7.22727272727273,5,8,4,2,11,1916,921,995,253,650,1266,7.15915327244259,7.61727578718784,6.73510218090452,6.85181818181818,7.129,7.17463481042654,104
"111",2012,3,7.025,16,7.275,6.275,6.55,6.7,7.1,12,4,2,3,13,1932,933,999,255,653,1279,7.15804227225673,7.61287352625938,6.73325992992993,6.84945098039216,7.1270290964778,7.17387620797498,105
"112",2012,4,6.63636363636364,11,7.42,5.98333333333333,2,4,7.22222222222222,5,6,1,2,9,1943,938,1005,256,655,1288,7.15508886773031,7.61184541577825,6.72878275621891,6.8305078125,7.11748091603054,7.1742140295031,106
"113",2012,5,7.1625,12,7.675,6.90625,6.875,6.83333333333333,7.27222222222222,4,8,2,3,9,1955,942,1013,258,658,1297,7.15513435805627,7.6121135881104,6.73018427443238,6.83085271317829,7.11618541033435,7.17489411719352,107
"114",2012,6,6.77777777777778,9,8,5.8,6.5,7,6.71428571428571,4,5,2,2,7,1964,946,1018,260,660,1304,7.15340512729124,7.61375369978858,6.72561558939096,6.82830769230769,7.11583333333333,7.17242152607362,108
"115",2012,7,7.52111111111111,9,8.5,7.03166666666667,7,7.83333333333333,7.365,3,6,1,3,6,1973,949,1024,261,663,1310,7.15508244804866,7.61655532139094,6.72740885742188,6.82896551724138,7.11907993966818,7.1733035648855,109
"116",2012,8,8.42857142857143,7,8.5,8,8,8,8.5,6,1,1,1,6,1980,955,1025,262,664,1316,7.15958468181818,7.6221057591623,6.7286504097561,6.83343511450382,7.12040662650602,7.17935233282675,110
"117",2012,9,6.77272727272727,11,7.21428571428571,6,6,6.125,7.14285714285714,7,4,1,4,7,1991,962,1029,263,668,1323,7.1574473480663,7.61913825363825,6.7258179494655,6.83026615969582,7.11444610778443,7.17915923658352,111
"118",2012,10,7.44117647058824,17,7.83333333333333,7,6.66666666666667,7,7.5,9,8,3,2,15,2008,971,1037,266,670,1338,7.159849437251,7.62112358393409,6.7279331436837,6.82842105263158,7.11410447761194,7.18275610612855,112
"119",2012,11,6.79166666666667,18,6.8125,6.775,6.16666666666667,8,6.640625,8,10,3,2,16,2026,979,1047,269,672,1354,7.15657831688055,7.61451583248212,6.72838268385864,6.82104089219331,7.11674107142857,7.17634983013294,113
"120",2012,12,7.23076923076923,13,7.05555555555556,7.625,7.75,6.25,7.40909090909091,9,4,2,2,11,2039,988,1051,271,674,1365,7.15705133398725,7.60942408906883,6.73179511893435,6.82789667896679,7.11416913946588,7.1782253992674,114
"121",2013,1,6.71666666666667,15,7.5,6.19444444444444,6,6.375,6.84090909090909,6,9,2,4,11,2054,994,1060,273,678,1376,7.15383528237585,7.60876358148893,6.72723270754717,6.8218315018315,7.10980825958702,7.17552882994186,115
"122",2013,2,6.96666666666667,15,7.35714285714286,6.625,7.125,7.75,6.68181818181818,7,8,4,4,11,2069,1001,1068,277,682,1387,7.15247833252779,7.607003996004,6.72646691947566,6.82620938628159,7.11356304985337,7.17161331651045,116
"123",2013,3,7,8,NA,7,6.5,7,7,0,8,2,1,7,2077,1001,1076,279,683,1394,7.15189103033221,7.607003996004,6.72850062267658,6.82387096774193,7.11339677891655,7.17075155667145,117
"124",2013,4,6.49090909090909,11,7.5,6.26666666666667,7.375,6.76666666666667,6.3875,2,9,4,3,8,2088,1003,1085,283,686,1402,7.14840884578544,7.60679062811565,6.72466974193548,6.83166077738516,7.1118804664723,7.16628221825963,118
"125",2013,5,7.18,15,7.36666666666667,7.05555555555556,6.375,7.3,7.13636363636364,6,9,4,4,11,2103,1009,1094,287,690,1413,7.14863417498811,7.60536273538157,6.72739183729433,6.82529616724739,7.11297101449275,7.1660493064402,119
"126",2013,6,7.33,10,7.63333333333333,6.875,NA,NA,7.33,6,4,0,0,10,2113,1015,1098,287,690,1423,7.14949250828206,7.60552807881773,6.727929571949,6.82529616724739,7.11297101449275,7.16720145467322,120
"127",2013,7,7.19583333333333,12,7.83333333333333,6.55833333333333,7,7.2125,7.1875,6,6,2,4,8,2125,1021,1104,289,694,1431,7.14975419764706,7.60686679725759,6.72700785326087,6.82650519031142,7.1135446685879,7.16731493361286,121
"128",2013,8,7,14,7.875,6.65,7,7.3,6.83333333333333,4,10,4,5,9,2139,1025,1114,293,699,1440,7.14877403927069,7.60791317073171,6.72631657989228,6.82887372013652,7.11487839771102,7.16522754861111,122
"129",2013,9,6.53571428571429,14,7.4,6.05555555555556,5.83333333333333,6.25,6.65,5,9,3,4,10,2153,1030,1123,296,703,1450,7.14478758476544,7.60690388349515,6.72094093499555,6.81878378378378,7.1099573257468,7.16167425517241,123
"130",2013,10,6.48214285714286,14,7.15,6.11111111111111,6,6.83333333333333,6.21875,5,9,6,6,8,2167,1035,1132,302,709,1458,7.140506538994,7.60469661835749,6.71609246466431,6.80251655629139,7.10761636107193,7.15650045953361,124
"131",2013,11,6.56153846153846,13,7.1,6.225,7.8,NA,6.56153846153846,5,8,1,0,13,2180,1040,1140,303,709,1471,7.13705397706422,7.60227019230769,6.71264620175439,6.80580858085809,7.10761636107193,7.15124246770904,125
"132",2013,12,6.89285714285714,14,7.5,6.4375,6.5,NA,6.89285714285714,6,8,2,0,14,2194,1046,1148,305,709,1485,7.13549574749316,7.60168355640535,6.71072880662021,6.80380327868852,7.10761636107193,7.14880651178451,126
"133",2014,1,6.23529411764706,17,6.83333333333333,5.90909090909091,6.16666666666667,6.5,6.125,6,11,3,5,12,2211,1052,1159,308,714,1497,7.12857425146992,7.59730133079848,6.70312050905954,6.7975974025974,7.10336134453782,7.14059964595858,127
"134",2014,2,7,7,7.66666666666667,6.5,7,6,7.16666666666667,3,4,2,1,6,2218,1055,1163,310,715,1503,7.12816847159603,7.59749857819905,6.70242190025795,6.79890322580645,7.10181818181818,7.14070370592149,128
"135",2014,3,6.375,4,7.75,5,NA,5.25,7.5,2,2,0,2,2,2222,1057,1165,310,717,1505,7.12681263276328,7.5977871333964,6.69949928755365,6.79890322580645,7.09665271966527,7.14118117607973,129
"136",2014,4,7.32352941176471,17,7.75,6.94444444444444,7,6.75,7.4,8,9,3,2,15,2239,1065,1174,313,719,1520,7.12830623939259,7.59893051643192,6.70137706132879,6.80083067092652,7.09568845618915,7.14373530921053,130
"137",2014,5,6.80555555555556,9,9,6.17857142857143,6.17857142857143,6.41666666666667,7,2,7,7,3,6,2248,1067,1181,320,722,1526,7.12701408807829,7.60155670103093,6.6982782980525,6.78721875,7.09286703601108,7.143170163827,131
"138",2014,6,7.13571428571429,14,8,6.79,7.98,6.28,7.61111111111111,4,10,5,5,9,2262,1071,1191,325,727,1535,7.12706793545535,7.60304481792717,6.69904842149454,6.80556923076923,7.08727647867951,7.14591379153094,132
"139",2014,7,6.96153846153846,13,7.5,6.72222222222222,6.5,5.5,7.08333333333333,4,9,3,1,12,2275,1075,1200,328,728,1547,7.12612205274726,7.60266139534884,6.699222225,6.8027743902439,7.08509615384615,7.14542835811247,133
"140",2014,8,6.33333333333333,6,7,6.2,5.75,NA,6.33333333333333,1,5,2,0,6,2281,1076,1205,330,728,1553,7.12403668128014,7.60210130111524,6.69715076348548,6.79639393939394,7.08509615384615,7.1422908370895,134
"141",2014,9,6.77272727272727,11,7,6.75,6.75,7,6.72222222222222,1,10,6,2,9,2292,1077,1215,336,730,1562,7.12235064136126,7.60154224698236,6.69758573662552,6.79556547619048,7.08486301369863,7.13987046734955,135
"142",2014,10,6.29545454545455,11,7.5,5.60714285714286,4.75,5.91666666666667,6.4375,4,7,2,3,8,2303,1081,1222,338,733,1570,7.11840107251411,7.60116651248844,6.69133933715221,6.78346153846154,7.08008185538881,7.13629150955414,136
"143",2014,11,5.92307692307692,13,6.16666666666667,5.85,6.375,6.16666666666667,5.71428571428571,3,10,4,6,7,2316,1084,1232,342,739,1577,7.11169156735752,7.59719649446494,6.68451028409091,6.77868421052632,7.07266576454669,7.12997949904883,137
"144",2014,12,7.31111111111111,9,7.8,6.7,6.65,7.075,7.5,5,4,2,4,5,2325,1089,1236,344,743,1582,7.1124635139785,7.59812764003673,6.68456041262136,6.77793604651163,7.07267833109018,7.13114896965866,138
"145",2015,1,7.19375,8,8.0625,6.325,NA,6.8125,7.575,4,4,0,4,4,2333,1093,1240,344,747,1586,7.11274225032148,7.59982708142726,6.68340054032258,6.77793604651163,7.07128514056225,7.13226839218159,139
"146",2015,2,6.73333333333333,15,6.92857142857143,6.5625,6.75,8,6.53846153846154,7,8,4,2,13,2348,1100,1248,348,749,1599,7.11031842844975,7.59555545454545,6.68262553685897,6.77761494252874,7.0737650200267,7.12744069418386,140
"147",2015,3,6.81333333333333,15,7.41111111111111,5.91666666666667,NA,7.5,6.70769230769231,9,6,0,2,13,2363,1109,1254,348,751,1612,7.10843320778671,7.59405861136159,6.67896066188198,6.77761494252874,7.07490013315579,7.12405562655087,141
"148",2015,4,7.02222222222222,9,7.75,6.81428571428571,7.2,7,7.025,2,7,1,1,8,2372,1111,1261,349,752,1620,7.10810610033727,7.59433933393339,6.67971187153053,6.77882521489971,7.07480053191489,7.12356646296296,142
"149",2015,5,7.1,16,7.15,7.07727272727273,6.8,6.83333333333333,7.26,5,11,6,6,10,2388,1116,1272,355,758,1630,7.1080517881072,7.59234856630824,6.68314989779874,6.77918309859155,7.07288918205805,7.12440347852761,143
"150",2015,6,6.90833333333333,12,7.625,6.55,5,7.25,6.84,4,8,1,2,10,2400,1120,1280,356,760,1640,7.10705319583333,7.59246517857143,6.6823177109375,6.77418539325843,7.0733552631579,7.12266931097561,144
"151",2015,7,6.6,5,6.75,6,NA,NA,6.6,4,1,0,0,5,2405,1124,1281,356,760,1645,7.10599903118503,7.58946708185053,6.68178506635441,6.77418539325843,7.0733552631579,7.12108065045593,145
"152",2015,8,7.20846153846154,13,7.75,6.74428571428571,6.75,6,7.42818181818182,6,7,2,2,11,2418,1130,1288,358,762,1656,7.10654990488007,7.59031946902655,6.68212474378882,6.77405027932961,7.07053805774278,7.1231205736715,146
"153",2015,9,6.64285714285714,7,7.66666666666667,5.875,3,5.5,7.1,3,4,1,2,5,2425,1133,1292,359,764,1661,7.10521141030928,7.59052162400706,6.67962590557275,6.76353760445682,7.06642670157068,7.12305097531607,147
"154",2015,10,6.81111111111111,9,7.575,6.2,6.5,NA,6.81111111111111,4,5,2,0,9,2434,1137,1297,361,764,1670,7.10412394001643,7.59046701846966,6.67777692367001,6.76207756232687,7.06642670157068,7.12136986227545,148
"155",2015,11,6.904,15,7.25,6.67333333333333,6.14,6.52,7,6,9,4,3,12,2449,1143,1306,365,767,1682,7.10289819109841,7.58867979002625,6.67774630168453,6.7552602739726,7.06428943937419,7.12050396551724,149
"156",2015,12,7.41666666666667,6,8.33333333333333,6.5,NA,6.75,7.75,3,3,0,2,4,2455,1146,1309,365,769,1686,7.10366503869654,7.59062914485166,6.6773389381207,6.7552602739726,7.06347204161249,7.12199743179122,150
"157",2016,1,6.83181818181818,11,6.98333333333333,6.65,6.75,5,7.015,6,5,2,1,10,2466,1152,1314,367,770,1696,7.10245242092458,7.58746614583333,6.6772349086758,6.75523160762943,7.06079220779221,7.12136655070755,151
"158",2016,2,6.935,10,7.97,5.9,5.66666666666667,8.0125,6.21666666666667,5,5,3,4,6,2476,1157,1319,370,774,1702,7.10177611873991,7.58911927398444,6.67428860500379,6.74640540540541,7.06571059431525,7.11817724441833,152
"159",2016,3,6.95,10,7.66666666666667,5.875,6.25,6,7.1875,6,4,2,2,8,2486,1163,1323,372,776,1710,7.10116559533387,7.58951934651763,6.67187201058201,6.74373655913979,7.06296391752578,7.11850156140351,153
"160",2016,4,6.7,8,7.5,6.58571428571429,6.9,7,6.52,1,7,5,3,5,2494,1164,1330,377,779,1715,7.09987877706496,7.58944243986254,6.67141854887218,6.74580901856764,7.0627214377407,7.11675665889213,154
"161",2016,5,6.72,5,7.5,6.525,6.8,NA,6.72,1,4,2,0,5,2499,1165,1334,379,779,1720,7.0991187154862,7.58936566523605,6.67097951274363,6.74609498680739,7.0627214377407,7.11560329651163,155
"162",2016,6,7.24545454545455,11,7.66666666666667,6.74,6.73333333333333,7.25,7.24444444444444,6,5,3,2,9,2510,1171,1339,382,781,1729,7.09976002788845,7.58976174210077,6.6712372442121,6.74599476439791,7.06320102432779,7.11627395604395,156
"163",2016,7,7.07142857142857,7,NA,7.07142857142857,6.5,NA,7.07142857142857,0,7,1,0,7,2517,1171,1346,383,781,1736,7.09968123559794,7.58976174210077,6.6733184769688,6.74535248041775,7.06320102432779,7.11609312788018,157
"164",2016,8,6.44444444444444,9,6.75,6.2,7,6,6.5,4,5,1,1,8,2526,1175,1351,384,782,1744,7.09734666270784,7.5869029787234,6.67156674315322,6.746015625,7.06184143222507,7.11326701261468,158
"165",2016,9,7.15625,8,7.5,6.8125,6.75,8.5,6.96428571428571,4,4,1,1,7,2534,1179,1355,385,783,1751,7.09753262430939,7.58660814249364,6.67198278228782,6.74602597402597,7.06367816091954,7.11267142775557,159
"166",2016,10,7.16,10,7.14285714285714,7.2,7,7.275,7.08333333333333,7,3,1,4,6,2544,1186,1358,386,787,1757,7.09777817216981,7.58398903878583,6.67314924153166,6.74668393782383,7.06475222363406,7.11257124075128,160
"167",2016,11,7.10625,16,7.33333333333333,6.97,6.56666666666667,7.5,6.975,6,10,3,4,12,2560,1192,1368,389,791,1769,7.09783112109375,7.58272734899329,6.67531920321637,6.74529562982005,7.06695322376739,7.11163802713397,161
"168",2016,12,6.9375,8,7.5,6,8,NA,6.9375,5,3,1,0,8,2568,1197,1371,390,791,1777,7.09733164719626,7.58238178780284,6.67384148067104,6.74851282051282,7.06695322376739,7.11085406302757,162
"169",2017,1,7.11818181818182,11,7.8,6.55,5.66666666666667,8,7.03,5,6,3,1,10,2579,1202,1377,393,792,1787,7.09742057774331,7.58328702163061,6.67330186637618,6.74025445292621,7.06813131313132,7.11040160604365,163
"170",2017,2,6.88888888888889,9,6.75,7.16666666666667,NA,6,7,6,3,0,1,8,2588,1208,1380,393,793,1795,7.09669539026275,7.57914817880795,6.67437439855072,6.74025445292621,7.06678436317781,7.10990956545961,164
"171",2017,3,7.08333333333333,6,7,7.125,7.25,7,7.1,2,4,2,1,5,2594,1210,1384,395,794,1800,7.09666448342329,7.57819090909091,6.67567678468208,6.74283544303797,7.06670025188917,7.10988203888889,165
"172",2017,4,6.82222222222222,9,7.1,6.6,6.375,6,6.925,4,5,4,1,8,2603,1214,1389,399,795,1808,7.09571558586247,7.57661532125206,6.6754043700504,6.73914786967418,7.06535849056604,7.10906397676991,166
"173",2017,5,6.06363636363636,11,7.05,5.5,6.5,5.5,6.275,4,7,2,3,8,2614,1218,1396,401,798,1816,7.091372482785,7.57488587848933,6.66951050859599,6.73795511221945,7.05947368421053,7.10538968612335,167
"174",2017,6,7.4,8,7.83333333333333,7.14,7.2,8.5,7.24285714285714,3,5,1,1,7,2622,1221,1401,402,799,1823,7.09231413806255,7.57552088452088,6.67118962883655,6.73910447761194,7.06127659574468,7.10591753702688,168
"175",2017,7,6.5,10,7.25,6.3125,6.9,6.3,6.7,2,8,5,5,5,2632,1223,1409,407,804,1828,7.0900637044073,7.57498855273917,6.66915306600426,6.74108108108108,7.05654228855722,7.10480725929978,169
"176",2017,8,6.55555555555556,9,7.25,6.35714285714286,4,7.25,6.35714285714286,2,7,1,2,7,2641,1225,1416,408,806,1835,7.08824220749716,7.57445795918367,6.66761064265537,6.73436274509804,7.05702233250621,7.10195513351499,170
"177",2017,9,6.8,5,7.25,6.5,6,NA,6.8,2,3,1,0,5,2646,1227,1419,409,806,1840,7.08769753212396,7.57392909535452,6.66725628611698,6.73256723716381,7.05702233250621,7.10113460326087,171
"178",2017,10,7.07,10,8.04,6.1,8.5,8.5,6.91111111111111,5,5,1,1,9,2656,1232,1424,410,807,1849,7.0876308998494,7.57582061688312,6.66526451544944,6.73687804878049,7.05881040892194,7.10020966468361,172
"179",2017,11,6.46,10,6.93333333333333,5.75,7,7.05,6.3125,6,4,1,2,8,2666,1238,1428,411,809,1857,7.08527669542386,7.57270678513732,6.66270074929972,6.73751824817518,7.05878862793573,7.09681619278406,173
"180",2017,12,6.71666666666667,6,6.5,6.825,6.5,7,6.66,2,4,1,1,5,2672,1240,1432,412,810,1862,7.08444897829341,7.57097661290323,6.66315409916201,6.73694174757281,7.05871604938272,7.095643216971,174
"181",2018,1,6.84285714285714,7,7.28,5.75,NA,6.8,6.875,5,2,0,3,4,2679,1245,1434,412,813,1866,7.08381771929825,7.56980803212851,6.66188052301255,6.73694174757281,7.05776137761378,7.09517024115756,175
"182",2018,2,6.16666666666667,6,7,6,5.33333333333333,6,6.2,1,5,3,1,5,2685,1246,1439,415,814,1871,7.08176821973929,7.5693507223114,6.65958072967338,6.72679518072289,7.05646191646192,7.09277801710315,176
"183",2018,3,5.58888888888889,9,6.5,5.32857142857143,3,4.5,5.9,2,7,1,2,7,2694,1248,1446,416,816,1878,7.07678087230884,7.56763701923077,6.65313739280774,6.71783653846154,7.05019607843137,7.08833209265176,177
"184",2018,4,5.7,5,7.83333333333333,2.5,NA,5.75,5.66666666666667,3,2,0,2,3,2699,1251,1448,416,818,1881,7.07423033345684,7.56827418065548,6.64740101519337,6.71783653846154,7.04701711491443,7.08606468367889,178
"185",2018,5,6.75714285714286,7,7.76666666666667,6,6.5,NA,6.75714285714286,3,4,2,0,7,2706,1254,1452,418,818,1888,7.07341007760532,7.56874880382775,6.64561754132231,6.7167942583732,7.04701711491443,7.08484516419491,179
"186",2018,6,7.42857142857143,7,7.75,7,NA,7,7.5,4,3,0,1,6,2713,1258,1455,418,819,1894,7.07432645410984,7.56932511923688,6.64634822680412,6.7167942583732,7.04695970695971,7.08616033262935,180
"187",2018,7,6.875,8,7,6.75,6,8,6.71428571428571,4,4,1,1,7,2721,1262,1459,419,820,1901,7.0737404152885,7.5675206022187,6.64663239890336,6.71508353221957,7.04812195121951,7.08479098895318,181
"188",2018,8,7.11111111111111,9,7.4,6.75,NA,8,6.85714285714286,5,4,0,2,7,2730,1267,1463,419,822,1908,7.07386361538462,7.56685951065509,6.64691501708817,6.71508353221957,7.05043795620438,7.08395580188679,182
"189",2018,9,6.55,10,7.2,5.9,6,6.25,6.75,5,5,1,4,6,2740,1272,1468,420,826,1914,7.07195170437956,7.56541745283019,6.64437102861035,6.71338095238095,7.04656174334141,7.0829089184953,183
"190",2018,10,6.5,8,7.25,5.75,6,NA,6.5,4,4,1,0,8,2748,1276,1472,421,826,1922,7.07028663391558,7.56442868338558,6.64194067255435,6.7116864608076,7.04656174334141,7.08048265868886,184
"191",2018,11,7.38,6,7.32,7.5,7,7.5,7.32,4,2,1,2,4,2754,1280,1474,422,828,1926,7.07096139070443,7.56366484375,6.64310493215739,6.71236966824644,7.04765700483092,7.08098009865005,185
"192",2018,12,6.74,5,7.6,6.16666666666667,6.5,6.5,6.8,2,3,1,1,4,2759,1282,1477,423,829,1930,7.07036160565422,7.56372152886116,6.64213721733243,6.71186761229314,7.04699638118215,7.08039775647668,186
"193",2019,1,7.11111111111111,9,7.25,6.83333333333333,7,7.33333333333333,7,6,3,1,3,6,2768,1288,1480,424,832,1936,7.07049410043353,7.5622600931677,6.64252477702703,6.71254716981132,7.04802884615385,7.08014858987603,187
"194",2019,2,7.5,4,9,7,NA,9,7,1,3,0,1,3,2772,1289,1483,424,833,1939,7.07111387806638,7.56337548487199,6.64324792312879,6.71254716981132,7.05037214885955,7.08002458483754,188
"195",2019,3,7.13333333333333,6,7,7.16,5,5,7.56,1,5,1,1,5,2778,1290,1488,425,834,1944,7.07124826133909,7.56293875968992,6.64498432123656,6.70851764705882,7.04791366906475,7.08125908950617,189
"196",2019,4,7.36666666666667,6,8,7.24,NA,8,7.05,1,5,0,2,4,2784,1291,1493,425,836,1948,7.07188493893678,7.56327730441518,6.64697700602813,6.70851764705882,7.05019138755981,7.08119490246407,190
"197",2019,5,7.04166666666667,6,7.75,6.33333333333333,5.25,9.25,6.6,3,3,2,1,5,2790,1294,1496,427,837,1953,7.07181995340502,7.56371020092736,6.64634804144385,6.70168618266979,7.05281959378734,7.07996296466974,191
"198",2019,8,6.9375,8,8.33333333333333,6.1,5.66666666666667,7.66666666666667,6.5,3,5,3,3,5,2798,1297,1501,430,840,1958,7.07143590779128,7.56549036237471,6.6445280946036,6.69446511627907,7.05501190476191,7.07848195607763,194
"199",2019,9,5.25,4,7,4.66666666666667,6,NA,5.25,1,3,1,0,4,2802,1298,1504,431,840,1962,7.06883571377587,7.56505469953775,6.64058289228723,6.69285382830626,7.05501190476191,7.07475416411825,195
"200",2019,10,6.35,4,7,6.13333333333333,NA,7,6.13333333333333,1,3,0,1,3,2806,1299,1507,431,841,1965,7.06781100142552,7.56461970746728,6.63957310550763,6.69285382830626,7.05494649227111,7.07331688040712,196
"201",2019,11,7.1,5,7.75,6.66666666666667,NA,NA,7.1,2,3,0,0,5,2811,1301,1510,431,841,1970,7.0678682568481,7.564904688701,6.63962693377483,6.69285382830626,7.05494649227111,7.07338460406091,197
"202",2019,12,7.162,5,7.155,7.16666666666667,7.25,8,6.9525,2,3,2,1,4,2816,1303,1513,433,842,1974,7.06803539417614,7.5642755180353,6.64067195637806,6.6954272517321,7.05606888361045,7.07313965045593,198
"203",2020,1,7.49714285714286,7,8.16,7,NA,6.82666666666667,8,3,4,0,3,4,2823,1306,1517,433,845,1978,7.06909942260007,7.56564395099541,6.64161942649967,6.6954272517321,7.05525443786982,7.07501398887765,199
"204",2020,2,7.625,8,7.9,7.16666666666667,6,10,7.28571428571429,5,3,1,1,7,2831,1311,1520,434,846,1985,7.07067031790887,7.56691914569031,6.64265570394737,6.69382488479263,7.05873522458629,7.07575701259446,200
"205",2020,3,6.73333333333333,6,6.5,6.85,NA,7.5,6.35,2,4,0,2,4,2837,1313,1524,434,848,1989,7.06995688050758,7.56529398324448,6.64319991469816,6.69382488479263,7.05977594339623,7.074297471091,201
"206",2020,4,7.33333333333333,3,7.33333333333333,NA,NA,8,7,3,0,0,1,2,2840,1316,1524,434,849,1991,7.07023509507042,7.56476519756839,6.64319991469816,6.69382488479263,7.06088339222615,7.07422283776996,202
"207",2020,5,7.00555555555556,9,6.75,7.325,6.35,6.6875,7.26,5,4,2,4,5,2849,1321,1528,436,853,1996,7.07003077220077,7.56168130204391,6.64498473167539,6.69224770642202,7.05913247362251,7.07468821142284,203
"208",2020,6,6.69166666666667,6,7.23,4,NA,NA,6.69166666666667,5,1,0,0,6,2855,1326,1529,436,853,2002,7.06923561120841,7.56043061840121,6.643254852845,6.69224770642202,7.05913247362251,7.07354029470529,204
"209",2020,7,5.31666666666667,6,6.45,4.75,4.75,NA,5.31666666666667,2,4,4,0,6,2861,1328,1533,440,853,2008,7.06556017825935,7.55875828313253,6.63831485322896,6.67459090909091,7.05913247362251,7.06829067231075,205
"210",2020,8,5.5,2,NA,5.5,6,NA,5.5,0,2,1,0,2,2863,1328,1535,441,853,2010,7.06446652811736,7.55875828313253,6.63683170684039,6.67306122448979,7.05913247362251,7.0667301840796,206
"211",2020,9,6.9375,8,6.91666666666667,7,7,6,7.07142857142857,6,2,1,1,7,2871,1334,1537,442,854,2017,7.06411273772205,7.55587031484258,6.63730427456083,6.67380090497737,7.05789227166277,7.06674648983639,207
"212",2020,10,6.4,6,5,6.68,5,NA,6.4,1,5,1,0,6,2877,1335,1542,443,854,2023,7.06272772679875,7.55395580524344,6.63744271725032,6.67002257336343,7.05789227166277,7.06476899159664,208
"213",2020,11,5.6875,8,7,5.5,4.5,NA,5.6875,1,7,3,0,8,2885,1336,1549,446,854,2031,7.05891427036395,7.55354116766467,6.63230256294383,6.65542600896861,7.05789227166277,7.05934400295421,209
"214",2020,12,6.63333333333333,3,6.45,7,NA,6.45,7,2,1,0,2,1,2888,1338,1550,446,856,2032,7.05847218490305,7.55189162929746,6.63253978709677,6.65542600896861,7.05647196261682,7.05931479822834,210
"215",2021,1,7,8,7.75,6.25,6.25,8,6.85714285714286,4,4,4,1,7,2896,1342,1554,450,857,2039,7.05831065953039,7.55248211624441,6.63155512870013,6.65182222222222,7.05757292882147,7.05862073075037,211
"216",2021,2,6.73333333333333,6,7,6.46666666666667,5.2,6.46666666666667,7,3,3,2,3,3,2902,1345,1557,452,860,2042,7.05763875603033,7.55124981412639,6.63123742453436,6.64539823008849,7.05551162790698,7.05853460822723,212
"217",2021,3,6.33333333333333,6,6.8,4,4,NA,6.33333333333333,5,1,1,0,6,2908,1350,1558,453,860,2048,7.05614431568088,7.54846740740741,6.62954856867779,6.63955849889625,7.05551162790698,7.05640999511719,213
"218",2021,4,6.45714285714286,7,6.66666666666667,6.3,6,NA,6.45714285714286,3,4,2,0,7,2915,1353,1562,455,860,2055,7.05470589022299,7.54651219512195,6.62870465428937,6.63674725274725,7.05551162790698,7.05436869586375,214
"219",2021,5,7,4,7.5,6.5,NA,NA,7,2,2,0,0,4,2919,1355,1564,455,860,2059,7.05463092497431,7.54644354243542,6.62854007033248,6.63674725274725,7.05551162790698,7.05426307430792,215
"220",2021,6,5.75,2,8.5,3,3,NA,5.75,1,1,1,0,2,2921,1356,1565,456,860,2061,7.05373764806574,7.54714675516224,6.626221514377,6.62877192982456,7.05551162790698,7.05299741387676,216
"221",2021,7,7.875,4,8.83333333333333,5,NA,6.5,9.25,3,1,0,2,2,2925,1359,1566,456,862,2063,7.05486074188035,7.54998601913171,6.6251830587484,6.62877192982456,7.05422273781903,7.05512732428502,217
"222",2021,8,6.07142857142857,7,6.25,6,7.5,6.5,6,2,5,1,1,6,2932,1361,1571,457,863,2069,7.05251284788541,7.54807567964732,6.62319329726289,6.6306783369803,7.05358053302433,7.05206750604156,218
"223",2021,9,7,2,7,7,NA,NA,7,1,1,0,0,2,2934,1362,1572,457,863,2071,7.05247705180641,7.54767327459618,6.6234329961832,6.6306783369803,7.05358053302433,7.05201722356349,219
"224",2021,10,6.666,5,7.0825,5,5,7,6.5825,4,1,1,1,4,2939,1366,1573,458,864,2075,7.05181955427016,7.54631112737921,6.62240093452002,6.62711790393013,7.05351851851852,7.05111213012048,220
"225",2021,11,6.5,2,7,6,NA,NA,6.5,1,1,0,0,2,2941,1367,1574,458,864,2077,7.05144429445767,7.54591148500366,6.62200550825921,6.62711790393013,7.05351851851852,7.05058144920558,221
"226",2021,12,7,4,8,6,NA,NA,7,2,2,0,0,4,2945,1369,1576,458,864,2081,7.05137442105264,7.54657487216947,6.62121616116751,6.62711790393013,7.05351851851852,7.0504842239308,222
"227",2022,1,7.1875,8,7.2,7.16666666666667,NA,7.125,7.25,5,3,0,4,4,2953,1374,1579,458,868,2085,7.05174320013546,7.54531368267831,6.62225248258391,6.62711790393013,7.05384792626728,7.05086698800959,223
"228",2022,2,7.25,4,7,7.5,NA,7,7.33333333333333,2,2,0,1,3,2957,1376,1581,458,869,2088,7.05201138654042,7.54452107558139,6.62336285262492,6.62711790393013,7.05378596087457,7.05127283045977,224
"229",2022,3,6.818,5,7.66666666666667,5.545,NA,5.09,7.25,3,2,0,1,4,2962,1379,1583,458,870,2092,7.05161636394329,7.54478680203046,6.622000423247,6.62711790393013,7.05152873563218,7.05165280592734,225
"230",2022,4,6,3,6.5,5,5,5,6.5,2,1,1,1,2,2965,1381,1584,459,871,2094,7.05055233389545,7.54327371469949,6.62097643308081,6.62357298474945,7.04917336394948,7.05112591690544,226
"231",2022,5,6.9,6,7.66666666666667,6.13333333333333,7,4,7.48,3,3,1,1,5,2971,1384,1587,460,872,2099,7.05024829013801,7.5435411849711,6.62005461247637,6.62439130434782,7.04567660550459,7.05214753215817,227
"232",2022,6,7.125,4,9.165,5.085,NA,8.015,6.235,2,2,0,2,2,2975,1386,1589,460,874,2101,7.05034879663866,7.54588095238095,6.61812251101321,6.62439130434782,7.04789473684211,7.05136966682532,228
"233",2022,7,7,5,6.75,7.16666666666667,6,7,7,2,3,1,1,4,2980,1388,1592,461,875,2105,7.05026431879195,7.54473414985591,6.61915619974874,6.62303687635575,7.04784,7.05127205225653,229
"234",2022,8,7.36,5,7.5,7.325,8.3,NA,7.36,1,4,1,0,5,2985,1389,1596,462,875,2110,7.05078313902848,7.54470194384449,6.62092523182957,6.62666666666667,7.04784,7.05200363507109,230
"235",2022,9,7.83333333333333,3,7.75,8,NA,NA,7.83333333333333,2,1,0,0,3,2988,1391,1597,462,875,2113,7.05156883199465,7.54499712437095,6.62178877269881,6.62666666666667,7.04784,7.05311295314718,231
"236",2022,10,6.76425,4,7,6.68566666666667,5,7,6.68566666666667,1,3,1,1,3,2992,1392,1600,463,876,2116,7.0511847159091,7.54460560344828,6.62190854375,6.62315334773218,7.04778538812785,7.05259199905482,232
"237",2022,11,6.75,4,7,6.5,NA,7,6.66666666666667,2,2,0,1,3,2996,1394,1602,463,877,2119,7.05078260013352,7.54382424677188,6.62175634831461,6.62315334773218,7.04773090079818,7.05204562057574,233
"238",2022,12,6.42222222222222,9,6.95,6,6,NA,6.42222222222222,4,5,1,0,9,3005,1398,1607,464,877,2128,7.04890005657238,7.54212517882689,6.61982182327318,6.62181034482759,7.04773090079818,7.04938189379699,234
