"","year","month","avg_rating","no_ratings","avg_rating_owned","avg_rating_not_owned","avg_rating_prev_owned","avg_rating_comment","avg_rating_no_comment","no_ratings_owned","no_ratings_not_owned","no_ratings_prev_owned","no_ratings_comment","no_ratings_no_comment","cum_no_ratings","cum_no_ratings_owned","cum_no_ratings_not_owned","cum_no_ratings_prev_owned","cum_no_ratings_comment","cum_no_ratings_no_comment","cum_avg_rating","cum_avg_rating_owned","cum_avg_rating_not_owned","cum_avg_rating_prev_owned","cum_avg_rating_comment","cum_avg_rating_no_comment","month_after_release"
"1",2009,3,9,1,NA,9,NA,9,NA,0,1,0,1,0,1,0,1,0,1,0,9,NA,9,NA,9,NA,-16
"2",2009,4,8.5,2,8.5,NA,NA,8.5,NA,2,0,0,2,0,3,2,1,0,3,0,8.66666666666667,8.5,9,NA,8.66666666666667,NA,-15
"3",2009,7,7,3,6,7.5,NA,6,7.5,1,2,0,1,2,6,3,3,0,4,2,7.83333333333333,7.66666666666667,8,NA,8,7.5,-12
"4",2009,8,7,2,8,6,NA,6,8,1,1,0,1,1,8,4,4,0,5,3,7.625,7.75,7.5,NA,7.6,7.66666666666667,-11
"5",2009,9,7.1,5,7.33333333333333,6.75,NA,5,7.625,3,2,0,1,4,13,7,6,0,6,7,7.42307692307692,7.57142857142857,7.25,NA,7.16666666666667,7.64285714285714,-10
"6",2009,10,7.66666666666667,3,8,7,NA,8,7,2,1,0,2,1,16,9,7,0,8,8,7.46875,7.66666666666667,7.21428571428571,NA,7.375,7.5625,-9
"7",2009,11,6,1,NA,6,NA,NA,6,0,1,0,0,1,17,9,8,0,8,9,7.38235294117647,7.66666666666667,7.0625,NA,7.375,7.38888888888889,-8
"8",2009,12,9,1,9,NA,NA,NA,9,1,0,0,0,1,18,10,8,0,8,10,7.47222222222222,7.8,7.0625,NA,7.375,7.55,-7
"9",2010,1,7,2,7,7,7,7,7,1,1,1,1,1,20,11,9,1,9,11,7.425,7.72727272727273,7.05555555555556,7,7.33333333333333,7.5,-6
"10",2010,2,8,2,8,NA,NA,8,NA,2,0,0,2,0,22,13,9,1,11,11,7.47727272727273,7.76923076923077,7.05555555555556,7,7.45454545454545,7.5,-5
"11",2010,3,4.5,2,NA,4.5,NA,NA,4.5,0,2,0,0,2,24,13,11,1,11,13,7.22916666666667,7.76923076923077,6.59090909090909,7,7.45454545454545,7.03846153846154,-4
"12",2010,4,8.25,2,8.25,NA,NA,8.5,8,2,0,0,1,1,26,15,11,1,12,14,7.30769230769231,7.83333333333333,6.59090909090909,7,7.54166666666667,7.10714285714286,-3
"13",2010,5,8.75,4,8.66666666666667,9,NA,9,8.66666666666667,3,1,0,1,3,30,18,12,1,13,17,7.5,7.97222222222222,6.79166666666667,7,7.65384615384615,7.38235294117647,-2
"14",2010,6,7.5,2,7.5,NA,NA,6,9,2,0,0,1,1,32,20,12,1,14,18,7.5,7.925,6.79166666666667,7,7.53571428571429,7.47222222222222,-1
"15",2010,7,6.83333333333333,6,7.33333333333333,6.33333333333333,7,7,6.8,3,3,1,1,5,38,23,15,2,15,23,7.39473684210526,7.84782608695652,6.7,7,7.5,7.32608695652174,0
"16",2010,8,8.01666666666667,6,8.7,7.33333333333333,6,8.025,8,3,3,1,4,2,44,26,18,3,19,25,7.47954545454546,7.94615384615385,6.80555555555556,6.66666666666667,7.61052631578947,7.38,1
"17",2010,9,8.41666666666667,6,8.25,8.5,NA,9.75,7.75,2,4,0,2,4,50,28,22,3,21,29,7.592,7.96785714285714,7.11363636363636,6.66666666666667,7.81428571428571,7.43103448275862,2
"18",2010,10,7.10697674418605,43,8.09583333333333,5.85789473684211,7.5,7.675,6.88709677419355,24,19,1,12,31,93,52,41,4,33,60,7.36774193548387,8.02692307692308,6.53170731707317,6.875,7.76363636363636,7.15,3
"19",2010,11,7.00928571428571,70,7.64,6.53625,7.14285714285714,6.6575,7.15,30,40,7,20,50,163,82,81,11,53,110,7.21380368098159,7.88536585365854,6.53395061728395,7.04545454545455,7.34622641509434,7.15,4
"20",2010,12,7.63061224489796,98,8.02142857142857,7.10952380952381,7.42857142857143,8.1546875,7.37651515151515,56,42,7,32,66,261,138,123,18,85,176,7.37030651340996,7.94057971014493,6.73048780487805,7.19444444444444,7.65058823529412,7.23494318181818,5
"21",2011,1,7.23303571428571,112,7.84905660377358,6.67966101694915,6.71071428571429,7.07638888888889,7.30723684210526,53,59,14,36,76,373,191,182,32,121,252,7.32908847184987,7.9151832460733,6.71401098901099,6.9828125,7.4797520661157,7.25674603174603,6
"22",2011,2,7.51808510638298,94,8.24454545454545,6.49358974358974,7.36,7.96428571428571,7.32878787878788,55,39,5,28,66,467,246,221,37,149,318,7.36713062098501,7.98882113821138,6.67511312217195,7.03378378378378,7.57080536912752,7.27169811320755,7
"23",2011,3,7.18888888888889,99,7.96603773584906,6.29347826086957,7.43333333333333,7.09,7.23188405797101,53,46,6,30,69,566,299,267,43,179,387,7.33595406360424,7.98478260869565,6.60936329588015,7.08953488372093,7.49022346368715,7.26459948320413,8
"24",2011,4,7.28928571428571,112,7.97076923076923,6.3468085106383,6.95,6.75,7.505,65,47,10,32,80,678,364,314,53,211,467,7.32824483775811,7.98228021978022,6.57006369426752,7.06320754716981,7.37796208530806,7.30578158458244,9
"25",2011,5,7.34196261682243,107,7.93377358490566,6.76111111111111,7.92307692307692,7.51923076923077,7.28506172839506,53,54,13,26,81,785,417,368,66,237,548,7.33011464968153,7.97611510791367,6.59809782608696,7.23257575757576,7.39345991561181,7.30271897810219,10
"26",2011,6,7.31870689655172,116,7.95102941176471,6.42291666666667,6.38888888888889,7.32121212121212,7.31771084337349,68,48,9,33,83,901,485,416,75,270,631,7.32864594894562,7.97259793814433,6.57788461538462,7.13133333333333,7.38462962962963,7.30469096671949,11
"27",2011,7,7.37966666666667,150,7.97117647058823,6.60615384615385,7.78571428571429,7.5,7.33738738738739,85,65,7,39,111,1051,570,481,82,309,742,7.33592768791627,7.97238596491228,6.58170478170478,7.18719512195122,7.39919093851133,7.30958221024259,12
"28",2011,8,7.63789855072464,138,8.12298850574713,6.81039215686275,6.18181818181818,7.51,7.69010204081633,87,51,11,40,98,1189,657,532,93,349,840,7.3709756097561,7.99232876712329,6.60362781954887,7.06827956989247,7.41189111747851,7.35397619047619,13
"29",2011,9,7.5241935483871,124,7.92236842105263,6.89375,7.34210526315789,7.25769230769231,7.59489795918367,76,48,19,26,98,1313,733,580,112,375,938,7.38544554455446,7.98507503410641,6.62763793103448,7.11473214285714,7.4012,7.37914712153518,14
"30",2011,10,7.4280701754386,171,7.95268817204301,6.8025641025641,7.1,7.72380952380952,7.33178294573643,93,78,18,42,129,1484,826,658,130,417,1067,7.39035714285714,7.98142857142857,6.64837386018237,7.11269230769231,7.43369304556355,7.37342080599813,15
"31",2011,11,7.39488372093023,215,7.93884297520661,6.69468085106383,7.57142857142857,7.30697674418605,7.41686046511628,121,94,14,43,172,1699,947,752,144,460,1239,7.39092995879929,7.97598732840549,6.65416223404255,7.15729166666667,7.42184782608696,7.37945117029863,16
"32",2011,12,7.38511520737327,217,7.824765625,6.75280898876404,6.90714285714286,7.19931818181818,7.43236994219653,128,89,14,44,173,1916,1075,841,158,504,1412,7.39027139874739,7.95798139534884,6.6646016646849,7.13512658227848,7.40242063492063,7.38593484419263,17
"33",2012,1,7.57908745247148,263,7.9721875,6.96844660194175,7.5625,7.99607843137255,7.47877358490566,160,103,24,51,212,2179,1235,944,182,555,1624,7.41306103717301,7.95982186234818,6.69775423728814,7.19148351648352,7.45697297297297,7.39805418719212,18
"34",2012,2,7.48386138613861,202,8.02142857142857,6.71313253012048,7.59523809523809,7.8,7.37986842105263,119,83,21,50,152,2381,1354,1027,203,605,1776,7.41906761864763,7.96523633677991,6.6989970788705,7.23325123152709,7.48532231404959,7.39649774774775,19
"35",2012,3,7.3662037037037,216,7.75652173913043,6.67564102564103,7.25,7.43783783783784,7.35139664804469,138,78,12,37,179,2597,1492,1105,215,642,1955,7.41467077396996,7.94593163538874,6.69734841628959,7.23418604651163,7.48258566978193,7.39236828644501,20
"36",2012,4,7.55247524752475,202,8.13697478991597,6.7144578313253,7.10714285714286,7.7741935483871,7.51228070175439,119,83,14,31,171,2799,1611,1188,229,673,2126,7.42461593426223,7.9600434512725,6.69854377104377,7.2264192139738,7.49601783060921,7.40201317027281,21
"37",2012,5,7.58031914893617,188,8.07652173913043,6.7986301369863,7.41333333333333,7.80769230769231,7.52080536912752,115,73,15,39,149,2987,1726,1261,244,712,2275,7.43441580180783,7.96780417149478,6.70433782712133,7.23790983606557,7.51308988764045,7.40979340659341,22
"38",2012,6,7.50317073170732,164,8.00205607476635,6.56666666666667,7.11538461538461,7.56857142857143,7.48970588235294,107,57,13,28,136,3151,1833,1318,257,740,2411,7.43799428752777,7.96980360065466,6.69838391502276,7.23171206225681,7.51518918918919,7.41430111986727,23
"39",2012,7,7.52075471698113,159,7.94375,6.87619047619048,6.6,7.4,7.54328358208955,96,63,13,25,134,3310,1929,1381,270,765,2545,7.44196978851964,7.96850699844479,6.70649529326575,7.2012962962963,7.51142483660131,7.42109233791748,24
"40",2012,8,7.41788990825688,218,7.93432835820896,6.59404761904762,6.75625,7.5,7.40110497237569,134,84,16,37,181,3528,2063,1465,286,802,2726,7.44048185941043,7.96628696073679,6.70004778156997,7.1763986013986,7.51089775561097,7.41976522377109,25
"41",2012,9,7.43413173652695,167,7.79223300970874,6.8578125,7.228125,7.27142857142857,7.46690647482014,103,64,16,28,139,3695,2166,1529,302,830,2865,7.4401948579161,7.95801015697137,6.70665140614781,7.17913907284768,7.50281927710843,7.42205235602094,26
"42",2012,10,7.5151282051282,195,7.87083333333333,6.946,7.50588235294118,7.78589743589744,7.4474358974359,120,75,17,39,156,3890,2286,1604,319,869,3021,7.44395115681234,7.95343394575678,6.71784289276808,7.19655172413793,7.51552359033372,7.42336312479311,27
"43",2012,11,7.58480176211454,227,8.05066225165563,6.65921052631579,6.85384615384615,7.54210526315789,7.59338624338624,151,76,13,38,189,4117,2437,1680,332,907,3210,7.45171726985669,7.95945835043086,6.71519047619048,7.18313253012048,7.51663726571114,7.4333738317757,28
"44",2012,12,7.32390350877193,228,7.74861111111111,6.59583333333333,6.90625,7.6625,7.25186170212766,144,84,16,40,188,4345,2581,1764,348,947,3398,7.44501035673187,7.94769469197985,6.70950680272109,7.17040229885058,7.52279831045407,7.42333137139494,29
"45",2013,1,7.37100346020761,289,7.71666666666667,6.848,7.10944444444444,7.31977272727273,7.38020408163265,174,115,18,44,245,4634,2755,1879,366,991,3643,7.44039490720759,7.93310344827586,6.71798296966472,7.1674043715847,7.51378405650858,7.42043096349163,30
"46",2013,2,7.54203389830508,236,8.01851851851852,6.90514851485149,7.08333333333333,7.69024390243902,7.51087179487179,135,101,18,41,195,4870,2890,1980,384,1032,3838,7.44532032854209,7.93709342560554,6.7275303030303,7.16346354166667,7.52079457364341,7.4250260552371,31
"47",2013,3,7.42686057692308,208,7.84666935483871,6.80714285714286,7.24782608695652,7.06562857142857,7.49994219653179,124,84,23,35,173,5078,3014,2064,407,1067,4011,7.44456419850335,7.93337325812873,6.73077034883721,7.16823095823096,7.5058641049672,7.42825729244577,32
"48",2013,4,7.70316455696203,237,8.06308724832215,7.09375,7.526,7.63611111111111,7.71517412935323,149,88,25,36,201,5315,3163,2152,432,1103,4212,7.45609539040451,7.93948371798925,6.74561338289963,7.18893518518519,7.51011514052584,7.44194919278253,33
"49",2013,5,7.54777327935223,247,7.97625,6.75977011494253,7.4,7.72763157894737,7.51507177033493,160,87,16,38,209,5562,3323,2239,448,1141,4421,7.46016666666667,7.94125398736082,6.74616346583296,7.19647321428571,7.51735933391762,7.44540601673829,34
"50",2013,6,7.59225680933852,257,8.03825301204819,6.77868131868132,7.45,7.57380952380952,7.59586046511628,166,91,16,42,215,5819,3489,2330,464,1183,4636,7.4660005155525,7.94586901691029,6.74743347639485,7.20521551724138,7.51936348267117,7.4523835202761,35
"51",2013,7,7.59263157894737,323,7.94145728643216,7.03282258064516,6.92136363636364,7.606,7.59018315018315,199,124,22,50,273,6142,3688,2454,486,1233,4909,7.47265988277434,7.94563096529284,6.76185411572942,7.19236625514403,7.52287672343877,7.4600468527195,36
"52",2013,8,7.75692041522491,289,7.9921875,7.29123711340206,7.43421052631579,8.05487804878049,7.70766129032258,192,97,19,41,248,6431,3880,2551,505,1274,5157,7.48543414709998,7.94793479381443,6.78198353586829,7.20146534653465,7.53999764521193,7.47195462478185,37
"53",2013,9,7.44625407166124,307,7.85918367346939,6.71711711711712,6.53703703703704,7.51636363636364,7.43095238095238,196,111,27,55,252,6738,4076,2662,532,1329,5409,7.48364900563965,7.94366707556428,6.77927873779113,7.16774436090226,7.53901956358164,7.47004437049362,38
"54",2013,10,7.4325855513308,263,7.93803921568627,6.72954545454545,6.60714285714286,6.93603773584906,7.55790476190476,153,110,35,53,210,7001,4229,2772,567,1382,5619,7.48173075274961,7.94346346654055,6.77730519480519,7.133139329806,7.51589507959479,7.47332799430504,39
"55",2013,11,7.38867924528302,318,7.90824468085106,6.63730769230769,6.98823529411765,6.88571428571429,7.48029739776952,188,130,34,49,269,7319,4417,2902,601,1431,5888,7.47768779887963,7.94196445551279,6.77103376981392,7.12494176372712,7.49431656184486,7.47364639945652,40
"56",2013,12,7.57308823529412,340,7.81196581196581,7.04575471698113,7,7.25490196078431,7.62923875432526,234,106,20,51,289,7659,4651,3008,621,1482,6177,7.48192283587936,7.93542399483982,6.7807147606383,7.12091787439614,7.48607759784075,7.48092601586531,41
"57",2014,1,7.56852226720648,494,7.93846153846154,6.93434065934066,7.28611111111111,7.47972972972973,7.58416666666667,312,182,36,74,420,8153,4963,3190,657,1556,6597,7.48716999877346,7.9356149506347,6.78947962382445,7.1299695585997,7.48577570694087,7.4874988631196,42
"58",2014,2,7.47924242424242,330,7.90904977375566,6.60779816513761,6.58653846153846,7.18137254901961,7.5336917562724,221,109,26,51,279,8483,5184,3299,683,1607,6876,7.48686160556407,7.93448244598765,6.78347681115489,7.10928257686676,7.47611512134412,7.48937318208261,43
"59",2014,3,7.44534161490683,322,7.92424242424242,6.68064516129032,6.8304347826087,7.54166666666667,7.42846715328467,198,124,23,48,274,8805,5382,3423,706,1655,7150,7.48534321408291,7.93410572277964,6.77975167981303,7.10019830028329,7.47801631419939,7.48703916083916,44
"60",2014,4,7.43605072463768,276,7.76325966850829,6.81263157894737,6.86111111111111,7.4,7.44163179916318,181,95,18,37,239,9081,5563,3518,724,1692,7389,7.48384506111662,7.92854700701061,6.78063956793633,7.09425414364641,7.47631028368794,7.48557044254974,45
"61",2014,5,7.38745387453875,271,7.84624277456647,6.57755102040816,6.78,7.39354838709677,7.38666666666667,173,98,15,31,240,9352,5736,3616,739,1723,7629,7.48105186056458,7.92606467921897,6.77513550884956,7.08787550744249,7.47482124201973,7.48245903788177,46
"62",2014,6,7.38841201716738,233,7.95374149659864,6.42209302325581,6.56,7.13653846153846,7.46077348066298,147,86,25,52,181,9585,5883,3702,764,1775,7810,7.47879989567032,7.92675624681285,6.76693408968125,7.07060209424084,7.46491098591549,7.48195646606914,47
"63",2014,7,7.40671378091873,283,7.81960227272727,6.72757009345794,7,7.3972972972973,7.40813008130081,176,107,10,37,246,9868,6059,3809,774,1812,8056,7.47673256992298,7.9236436705727,6.76582830139144,7.06968992248062,7.46353035320088,7.47970208540219,48
"64",2014,8,7.43760869565217,322,7.75555555555556,6.59215909090909,6.96875,7.55172413793103,7.41253787878788,234,88,16,58,264,10190,6293,3897,790,1870,8320,7.47549627085378,7.91739345304306,6.76190659481652,7.06764556962025,7.46626577540107,7.47757091346154,49
"65",2014,9,7.52223880597015,268,7.9301226993865,6.88904761904762,6.790625,7.49468085106383,7.52809954751131,163,105,32,47,221,10458,6456,4002,822,1917,8541,7.47669410977242,7.91771483890954,6.76524237881059,7.05686131386861,7.46696244131455,7.47887835148109,50
"66",2014,10,7.43924050632911,316,7.7349765258216,6.82766990291262,6.75681818181818,7.44479166666667,7.43824626865672,213,103,22,48,268,10774,6669,4105,844,1965,8809,7.47559560051977,7.9118783925626,6.76680876979293,7.04904028436019,7.46642086513995,7.47764218412987,51
"67",2014,11,7.53508960573477,279,7.77494318181818,7.1252427184466,7.63157894736842,7.54243902439024,7.53382352941177,176,103,19,41,238,11053,6845,4208,863,2006,9047,7.47709734913598,7.90835748721695,6.7755822243346,7.06186558516802,7.46797457627119,7.47912015032608,52
"68",2014,12,7.5227047146402,403,7.91146245059288,6.867,6.76153846153846,7.44074074074074,7.53538681948424,253,150,39,54,349,11456,7098,4358,902,2060,9396,7.47870172835195,7.90846816004508,6.77872877466728,7.04888026607539,7.46726067961165,7.48121008939975,53
"69",2015,1,7.59908665511265,577,7.99758168316832,6.66849710982659,6.46486486486486,7.59539473684211,7.59964670658683,404,173,37,76,501,12033,7502,4531,939,2136,9897,7.4844743621707,7.91326712876566,6.77451997351578,7.02586794462194,7.47181975655431,7.48720551682328,54
"70",2015,2,7.35736220472441,381,7.80319502074689,6.58989285714286,6.277,7.0796875,7.39738738738739,241,140,25,48,333,12414,7743,4671,964,2184,10230,7.48057314322539,7.90984114684231,6.76898629843716,7.00644709543568,7.46320146520146,7.48428181818182,55
"71",2015,3,7.4512676056338,355,7.85257510729614,6.68483606557377,6.43636363636364,7.38913043478261,7.46051779935275,233,122,22,46,309,12769,7976,4793,986,2230,10539,7.47975839924818,7.90816825476429,6.76684435635301,6.99372718052738,7.4616735426009,7.48358506499668,56
"72",2015,4,7.4176724137931,348,7.89,6.69891304347826,6.48148148148148,7.06888888888889,7.46947194719472,210,138,27,45,303,13117,8186,4931,1013,2275,10842,7.47811122970191,7.90770217444417,6.76494321638613,6.98007403751234,7.45390417582417,7.48319064748202,57
"73",2015,5,7.50790378006873,291,7.91071428571429,6.83532110091743,6.5,7.49285714285714,7.51044176706827,182,109,23,42,249,13408,8368,5040,1036,2317,11091,7.47875783114558,7.90776768642448,6.76646527777778,6.96941602316602,7.45461027190332,7.48380245243892,58
"74",2015,6,7.38196551724138,290,7.77916666666667,6.732,6.93269230769231,7.09302325581395,7.43226720647773,180,110,26,43,247,13698,8548,5150,1062,2360,11338,7.47670864359761,7.90505966307908,6.76572912621359,6.96851694915254,7.4480220338983,7.48267974951491,59
"75",2015,7,7.43936088328076,317,7.76463414634146,6.84399464285714,6.75,7.78095238095238,7.38719054545455,205,112,26,42,275,14015,8753,5262,1088,2402,11613,7.47586388869069,7.90177082143265,6.76739498289623,6.96329503676471,7.45384346378018,7.48041853095669,60
"76",2015,8,7.23868421052632,380,7.59915966386555,6.63450704225352,6.75945945945946,6.53942307692308,7.34954268292683,238,142,37,52,328,14395,8991,5404,1125,2454,11941,7.46960280653005,7.89376042709376,6.76390310880829,6.95659111111111,7.43446699266504,7.47682358261452,61
"77",2015,9,7.29626811594203,276,7.73219653179191,6.56407766990291,6.52272727272727,7.234375,7.30438524590164,173,103,22,32,244,14671,9164,5507,1147,2486,12185,7.46634192624906,7.89071038847665,6.76016568004358,6.94826939843069,7.43189139179405,7.47337057037341,62
"78",2015,10,7.23448795180723,332,7.59080188679245,6.605,6.55454545454545,7.39895833333333,7.20669014084507,212,120,33,48,284,15003,9376,5627,1180,2534,12469,7.46121125108312,7.88392918088737,6.75685665541141,6.93725847457627,7.43126756116811,7.46729652738792,63
"79",2015,11,7.25130548302872,383,7.62049180327869,6.60323741007194,6.725,7.08478260869565,7.27403560830861,244,139,20,46,337,15386,9620,5766,1200,2580,12806,7.45598611724945,7.8772474012474,6.75315338189386,6.93372083333333,7.42508992248062,7.46221071372794,64
"80",2015,12,7.28581932773109,476,7.62648083623693,6.76851851851852,6.89857142857143,7.28636363636364,7.28573170731707,287,189,35,66,410,15862,9907,5955,1235,2646,13216,7.45087961165049,7.86998284041587,6.75364104114189,6.93272469635628,7.42162962962963,7.45673580508475,65
"81",2016,1,7.21675824175824,546,7.63462603878116,6.40135135135135,7,7.02,7.24104938271605,361,185,22,60,486,16408,10268,6140,1257,2706,13702,7.44308888347148,7.86170821971173,6.7430264495114,6.93390214797136,7.41272431633407,7.44908556415122,66
"82",2016,2,7.33130342679128,321,7.70417931034483,6.68983050847458,6.73529411764706,7.03310303030303,7.36547222222222,203,118,34,33,288,16729,10471,6258,1291,2739,13990,7.44094391774763,7.85865422595741,6.74202339405561,6.92867157242448,7.40815056589997,7.4473642887777,67
"83",2016,3,7.20973154362416,298,7.59230769230769,6.60948275862069,6.46212121212121,7.21875,7.20864661654135,182,116,33,32,266,17027,10653,6374,1324,2771,14256,7.43689732777354,7.85410385806815,6.73961129588955,6.91704305135952,7.40596333453627,7.4429101010101,68
"84",2016,4,7.50687861271676,346,7.77127753303965,7.00252100840336,7,7.52173913043478,7.5046,227,119,26,46,300,17373,10880,6493,1350,2817,14556,7.43829107235365,7.85237577205883,6.7444297551209,6.91864074074074,7.40785388711395,7.4441815333883,69
"85",2016,5,7.39157608695652,368,7.75714285714286,6.66341463414634,6.14666666666667,7.30789473684211,7.40121212121212,245,123,30,38,330,17741,11125,6616,1380,2855,14886,7.4373220675272,7.85027850786517,6.74292357920193,6.90185869565217,7.40652343257443,7.44322896681446,70
"86",2016,6,7.26640866873065,323,7.70789473684211,6.45701754385965,6.74074074074074,7.6,7.23225255972696,209,114,27,30,293,18064,11334,6730,1407,2885,15179,7.43426598759965,7.84765293806247,6.73808059435364,6.89876687988628,7.40853532062392,7.43915649252257,71
"87",2016,7,7.27681967213115,305,7.67395721925134,6.64745762711864,6.6258064516129,7.29935483870968,7.2742700729927,187,118,31,31,274,18369,11521,6848,1438,2916,15453,7.43165173934346,7.84483364291294,6.73651904205607,6.89288247566064,7.40737462277092,7.43623286093315,72
"88",2016,8,7.30497572815534,412,7.5546875,6.725,6.76470588235294,7.49716981132075,7.27660167130919,288,124,34,53,359,18781,11809,6972,1472,2969,15812,7.42887283957191,7.8377575069862,6.73631417096959,6.889921875,7.40897756820478,7.432608550468,73
"89",2016,9,7.33392330383481,339,7.70650224215247,6.6176724137931,6.69354838709677,7.06764705882353,7.38107638888889,223,116,31,51,288,19120,12032,7088,1503,3020,16100,7.42718937238494,7.8353248337766,6.73437251693002,6.88587159015303,7.40321337748344,7.43168673291926,74
"90",2016,10,7.33984575835476,389,7.61345381526104,6.85321428571429,6.80357142857143,7.25686274509804,7.35236686390533,249,140,28,51,338,19509,12281,7228,1531,3071,16438,7.42544778307448,7.8308263496458,6.73667437742114,6.88436642717178,7.40078293715402,7.43005574887456,75
"91",2016,11,7.12239709443099,413,7.46870078740158,6.56918238993711,6.62666666666667,7.30188679245283,7.09597222222222,254,159,30,53,360,19922,12535,7387,1561,3124,16798,7.41916528460998,7.82348850418827,6.7330692297279,6.87941383728379,7.39910512163892,7.42289596380522,76
"92",2016,12,7.32279947916667,384,7.70866141732283,6.56888461538461,6.05172413793103,7.28229166666667,7.32858630952381,254,130,29,48,336,20306,12789,7517,1590,3172,17134,7.41734294297252,7.82120794432716,6.73022979912199,6.86431761006289,7.39733745271122,7.42104653904518,77
"93",2017,1,7.24040948275862,464,7.56809523809524,6.54765100671141,6.434375,7.1843137254902,7.24733656174334,315,149,32,51,413,20770,13104,7666,1622,3223,17547,7.41339026480501,7.81512350427351,6.72668111140099,6.85583538840937,7.39396661495501,7.41695796432439,78
"94",2017,2,7.27123966942149,363,7.54141176470588,6.63333333333333,6.56818181818182,6.9375,7.30798165137615,255,108,22,36,327,21133,13359,7774,1644,3259,17874,7.4109485543936,7.80989882476233,6.72538428093645,6.85198600973236,7.38892433261737,7.41496427212711,79
"95",2017,3,7.30958485639687,383,7.61555984555985,6.67049193548387,6.11842105263158,7.50413793103448,7.29364689265537,259,124,19,29,354,21516,13618,7898,1663,3288,18228,7.40914420896077,7.80620270230577,6.72452246138263,6.84360493084786,7.38994051094891,7.41260820715383,80
"96",2017,4,7.18619318181818,352,7.49539130434783,6.60327868852459,6.57142857142857,7.25,7.17801282051282,230,122,21,40,312,21868,13848,8020,1684,3328,18540,7.40555546003292,7.80104046793761,6.72267810473815,6.84021080760095,7.38825853365385,7.4086603236246,81
"97",2017,5,7.27603603603604,333,7.55570776255708,6.73877192982456,6.96730769230769,7.36315789473684,7.26481355932203,219,114,26,38,295,22201,14067,8134,1710,3366,18835,7.40361275618215,7.7972210421554,6.72290366363413,6.8421432748538,7.38797516339869,7.4064073480223,82
"98",2017,6,7.23940809968847,321,7.59738219895288,6.71346153846154,6.73913043478261,7.22549019607843,7.24203703703704,191,130,23,51,270,22522,14258,8264,1733,3417,19105,7.40127239143948,7.79454400336653,6.72275513068732,6.84077611079054,7.38555001463272,7.40408439675478,83
"99",2017,7,7.34444444444444,333,7.67040358744395,6.68363636363636,6.57647058823529,7.34318181818182,7.34463667820069,223,110,17,44,289,22855,14481,8374,1750,3461,19394,7.40044440166266,7.79263230439887,6.72224127059947,6.83820857142857,7.38501138399307,7.40319853562958,84
"100",2017,8,7.21126074498567,349,7.47425438596491,6.71570247933884,6.50434782608696,7.33,7.19588996763754,228,121,23,40,309,23204,14709,8495,1773,3501,19703,7.39759898293398,7.78769721938949,6.72214813419658,6.83387760857304,7.38438286203942,7.39994733796884,85
"101",2017,9,7.02115172413793,290,7.50656603773585,6.43198473282443,6.390625,6.7921875,7.0495503875969,159,131,32,32,258,23494,14868,8626,1805,3533,19961,7.39295227717715,7.78469077212806,6.71774152562022,6.82601939058172,7.37901907727144,7.39541838585241,86
"102",2017,10,7.11133333333333,345,7.39977777777778,6.5705,6.466,6.76395348837209,7.16079470198676,225,120,30,43,302,23839,15093,8746,1835,3576,20263,7.38887666428961,7.778952653548,6.71572128973245,6.82013351498637,7.37162315436241,7.39192155159651,87
"103",2017,11,7.0832637075718,383,7.39302752293578,6.674,6.4,6.77317073170732,7.12043859649123,218,165,31,41,342,24222,15311,8911,1866,3617,20605,7.38404429031459,7.77345780158056,6.7149487599596,6.81315380493033,7.36483948023224,7.38741550109197,88
"104",2017,12,7.04139664804469,358,7.42216981132075,6.48849315068493,6.52105263157895,7.0425,7.04125786163522,212,146,38,40,318,24580,15523,9057,1904,3657,20923,7.3790537347437,7.76866020743413,6.71129826653417,6.80732405462185,7.36131375444353,7.38215439468528,89
"105",2018,1,7.06533333333333,495,7.42800632911392,6.42508379888268,6.11972972972973,7.03958333333333,7.06809843400447,316,179,37,48,447,25075,15839,9236,1941,3705,21370,7.37286065004985,7.76186390554959,6.70575123430056,6.79421689850592,7.35714558704453,7.37558523163313,90
"106",2018,2,7.05829508196721,305,7.43451923076923,6.25154639175258,5.7,6.87268292682927,7.08712121212121,208,97,20,41,264,25380,16047,9333,1961,3746,21634,7.36908040977148,7.75762088863962,6.70103057966356,6.78305711371749,7.35184313934864,7.37206510122955,91
"107",2018,3,6.98514492753623,276,7.40853658536585,6.36517857142857,6.29333333333333,7.25405405405405,6.94351464435146,164,112,15,37,239,25656,16211,9445,1976,3783,21873,7.36495014031806,7.75408934673987,6.69704800423504,6.77933957489878,7.35088670367433,7.36738245325287,92
"108",2018,4,7.10955823293173,249,7.45851851851852,6.45977011494253,6.33333333333333,7.35,7.07909502262443,162,87,18,28,221,25905,16373,9532,1994,3811,22094,7.36249530206524,7.75116486899163,6.69488233319345,6.77531344032096,7.35088018892679,7.36449879605323,93
"109",2018,5,7.05632,250,7.38585526315789,6.54520408163265,6.27083333333333,7.47714285714286,6.98781395348837,152,98,24,35,215,26155,16525,9630,2018,3846,22309,7.35956875549608,7.74780468381241,6.69335912772585,6.76931367690783,7.35202922516901,7.3608685463266,94
"110",2018,6,7.10589847736625,243,7.48904426573427,6.558,6.76578947368421,7.46515151515151,7.04944442857143,143,100,19,33,210,26398,16668,9730,2037,3879,22519,7.35723365898932,7.74558469702424,6.69196797533402,6.76928080510555,7.35299159577211,7.35796437364004,95
"111",2018,7,7.0769298245614,228,7.34611464968153,6.48169014084507,6.17,7.57037037037037,7.01064676616915,157,71,20,27,201,26626,16825,9801,2057,3906,22720,7.35483340081124,7.7418571013373,6.69044468931741,6.76345405930967,7.3544942140297,7.35489171346831,96
"112",2018,8,7.19212927756654,263,7.44772972972973,6.58589743589744,6.16470588235294,7.04428571428571,7.21482456140351,185,78,17,35,228,26889,17010,9879,2074,3941,22948,7.35324199970248,7.73865818518518,6.68961923271586,6.7585462873674,7.35173925399645,7.35350007538784,97
"113",2018,9,7.14168240566038,212,7.56725190839695,6.45341567901235,6.41,6.825,7.17106530927835,131,81,20,18,194,27101,17141,9960,2094,3959,23142,7.3515870558282,7.73734821363981,6.6876983002008,6.75521728748806,7.34934437989391,7.35197071990321,98
"114",2018,10,7.075,238,7.36424050632911,6.50375,6.70588235294118,6.92857142857143,7.09452380952381,158,80,17,28,210,27339,17299,10040,2111,3987,23352,7.34917922381945,7.73394044337823,6.68623257669323,6.75481999052582,7.34638936543767,7.34965554984584,99
"115",2018,11,7.09524671052632,304,7.40822751322751,6.58086956521739,6.31875,7.0125,7.11076171875,189,115,32,48,256,27643,17488,10155,2143,4035,23608,7.34638663676157,7.73042032994053,6.68503939635647,6.74830844610359,7.34241744733581,7.3470650372755,100
"116",2018,12,7.17509715231788,302,7.5125854822335,6.54190476190476,6.27826086956522,7.2140625,7.17047903703704,197,105,23,32,270,27945,17685,10260,2166,4067,23878,7.34453552120236,7.72799378399774,6.68357456822612,6.74331717451523,7.34140752397344,7.34506829466455,101
"117",2019,1,7.14414433908046,348,7.43784227678571,6.61359322580645,6.5,7.13636363636364,7.14527049342105,224,124,25,44,304,28293,17909,10384,2191,4111,24182,7.34207073728484,7.72436466246021,6.6827388896379,6.74054084892743,7.33921294089029,7.34255656976264,102
"118",2019,2,6.90564315352697,241,7.24112582781457,6.34277777777778,6.34722222222222,6.43333333333333,6.9437668161435,151,90,18,18,223,28534,18060,10474,2209,4129,24405,7.3383846418308,7.72032429346622,6.67981770383807,6.73733589859665,7.33526384112376,7.33891263962303,103
"119",2019,3,7.0460162601626,246,7.44075862068965,6.47930693069307,6.56,7.02857142857143,7.04825688073394,145,101,25,28,218,28780,18205,10575,2234,4157,24623,7.33588559312022,7.71809759626476,6.67790266004728,6.73535138764548,7.33319807553524,7.33633931568046,104
"120",2019,4,6.89398268398268,231,7.34789855072464,6.22043010752688,5.68,6.89378378378378,6.8940206185567,138,93,20,37,194,29011,18343,10668,2254,4194,24817,7.33236694253904,7.71531247560377,6.67391456974128,6.72598713398403,7.32932150691464,7.33288161220132,105
"121",2019,5,6.91213991769547,243,7.39,6.2626213592233,6.32291666666667,7.22142857142857,6.87186046511628,140,103,24,28,215,29254,18483,10771,2278,4222,25032,7.32887630306967,7.71284838716659,6.66998149011234,6.7217405618964,7.32860596873519,7.32892189876958,106
"122",2019,6,6.98587811827957,186,7.30696693693694,6.51066666666667,6.4,7.19444444444444,6.96353172619048,111,75,17,18,168,29440,18594,10846,2295,4240,25200,7.32670926290761,7.71042540980962,6.6688798294302,6.71935729847494,7.32803641509434,7.32648596428572,107
"123",2019,7,6.91774193548387,248,7.10613496932515,6.55647058823529,6.36129032258065,6.66875,6.95462962962963,163,85,31,32,216,29688,18757,10931,2326,4272,25416,7.32329293654002,7.70517407207976,6.66800572957643,6.71458512467756,7.3230979400749,7.32332571214983,108
"124",2019,8,6.97454237288136,295,7.29662921348315,6.48452991452991,6.36285714285714,7.08628571428571,6.9595,178,117,35,35,260,29983,18935,11048,2361,4307,25676,7.3198616115799,7.70133351307103,6.66606269279508,6.7093710292249,7.32117353146041,7.31964154463313,109
"125",2019,9,7.15232625531915,235,7.56212965277778,6.50384615384615,6.125,6.75416666666667,7.19761454976303,144,91,14,24,211,30218,19079,11139,2375,4331,25887,7.31855871897545,7.70028286283348,6.66473746566119,6.70592631578947,7.31803149388132,7.31864692587013,110
"126",2019,10,6.92580156779661,236,7.3389278,6.20523255813954,5.84722222222222,7.00803571428571,6.91473158653846,150,86,18,28,208,30454,19229,11225,2393,4359,26095,7.3155150896434,7.69746403401113,6.66121698262806,6.6994671959883,7.31604023858683,7.31542736692854,111
"127",2019,11,7.06571796153846,260,7.40903566037736,6.52524752475248,6.3375,7.04166666666667,7.0681638559322,159,101,20,24,236,30714,19388,11326,2413,4383,26331,7.31340050823729,7.69509864761708,6.66000447024545,6.69646705346042,7.31453785078713,7.31321118871293,112
"128",2019,12,6.97249243506494,308,7.28769098958333,6.45078448275862,6.592,6.48571428571429,7.02117025,192,116,25,28,280,31022,19580,11442,2438,4411,26611,7.31001582360905,7.69110363891726,6.65788337965391,6.69539581624282,7.30927667195647,7.31013834429372,113
"129",2020,1,6.97257471264368,435,7.34932835820895,6.36796407185629,6.140625,6.65547619047619,7.0064631043257,268,167,32,42,393,31457,19848,11609,2470,4453,27004,7.30534955272277,7.68648877720677,6.65371277715566,6.68820850202429,7.30311012800359,7.30571883720931,114
"130",2020,2,7.01139465875371,337,7.2246568627451,6.68428571428571,6.15263157894737,7.096,7.00461538461538,204,133,19,25,312,31794,20052,11742,2489,4478,27316,7.30223378247468,7.68179030769998,6.65405907256004,6.68412012856569,7.30195386333184,7.30227967052278,115
"131",2020,3,7.03127164502165,231,7.44353476821192,6.253125,6.58928571428571,7.003125,7.03579773869347,151,80,14,32,199,32025,20203,11822,2503,4510,27515,7.30027930148322,7.68000955303668,6.65134593385214,6.68358969236916,7.29983356984479,7.30035236162094,116
"132",2020,4,7.12543087804878,205,7.4693962992126,6.56538461538462,6.10769230769231,7.07894736842105,7.13017919354839,127,78,13,19,186,32230,20330,11900,2516,4529,27701,7.29916717219982,7.67869386768323,6.65078248991597,6.68061406995231,7.29890691101788,7.29920972383669,117
"133",2020,5,7.24048780487805,205,7.48394160583942,6.75,6.05555555555556,7.42916666666667,7.21546961325967,137,68,9,24,181,32435,20467,11968,2525,4553,27882,7.29879629905966,7.67739025406752,6.65134622576872,6.67838613861386,7.29959354271909,7.29866611290439,118
"134",2020,6,7.11924324324324,185,7.41950819672131,6.53777777777778,5.93578947368421,6.7,7.17006060606061,122,63,19,20,165,32620,20589,12031,2544,4573,28047,7.29777798773759,7.67586217543348,6.65075152772006,6.67284001572327,7.2969712223923,7.29790952900489,119
"135",2020,7,6.97846153846154,195,7.29677419354839,6.42253521126761,6.11764705882353,6.76538461538462,7.0112426035503,124,71,17,26,169,32815,20713,12102,2561,4599,28216,7.29588048026817,7.67359273548013,6.64941262849116,6.66915462709879,7.29396594911937,7.29619253473207,120
"136",2020,8,7.05627615062761,239,7.29969512195122,6.524,6.47058823529412,6.81923076923077,7.08521126760563,164,75,17,26,213,33054,20877,12177,2578,4625,28429,7.29414799903189,7.67065556976577,6.64864019298678,6.66784522885958,7.29129716756757,7.29461178937001,121
"137",2020,9,6.99240196078431,204,7.3644,6.40379746835443,6.25,6.96153846153846,6.99691011235955,125,79,14,26,178,33258,21002,12256,2592,4651,28607,7.29229713031451,7.66883279354347,6.64706198025457,6.66558834876543,7.28945375188132,7.29275941412941,122
"138",2020,10,6.98267378995434,219,7.38794806451613,6.45368421052632,6.40666666666667,6.18,7.06334452261307,124,95,30,20,199,33477,21126,12351,2622,4671,28806,7.29027163485378,7.66718412808861,6.64557457938629,6.66262585812357,7.28470336116463,7.29117455113518,123
"139",2020,11,6.865,218,7.18810218978102,6.31851851851852,6.33125,6.23529411764706,6.91825870646766,137,81,16,17,201,33695,21263,12432,2638,4688,29007,7.28752021130732,7.66409734703475,6.64344366393179,6.6606159969674,7.28089790955631,7.28859048229738,124
"140",2020,12,6.98817332,250,7.3273165408805,6.3956043956044,6.38888888888889,6.79545454545455,7.00676899122807,159,91,18,22,228,33945,21422,12523,2656,4710,29235,7.28531556488437,7.66159766688451,6.64164270781762,6.65877447289157,7.27863044585987,7.28639259278263,125
"141",2021,1,7.08231445283019,265,7.39838949438202,6.43563218390805,6,7.54782608695652,7.03807161157025,178,87,18,23,242,34210,21600,12610,2674,4733,29477,7.28374306284712,7.65942863657407,6.64022138223632,6.65433994016455,7.27993860130995,7.28435392950436,126
"142",2021,2,7.04641441441441,222,7.35667132867133,6.48481012658228,6.62727272727273,7.255,7.02576237623762,143,79,22,20,202,34432,21743,12689,2696,4753,29679,7.28221288859201,7.65743745343328,6.6392538127512,6.6541190652819,7.27983366294972,7.28259391421544,127
"143",2021,3,7.10748113207547,212,7.38626771653543,6.69094117647059,5.98823529411765,7.02838095238095,7.1161780104712,127,85,17,21,191,34644,21870,12774,2713,4774,29870,7.28114363757072,7.65586275948788,6.63959774776891,6.64994655363067,7.2787275659824,7.28152978841648,128
"144",2021,4,7.18766233766234,154,7.29142857142857,6.96530612244898,6.95,6.7578947368421,7.24814814814815,105,49,12,19,135,34798,21975,12823,2725,4793,30005,7.28072993218001,7.65412143572241,6.64084236372144,6.65126788990826,7.2766629250991,7.28137959606733,129
"145",2021,5,6.86878453038674,181,7.16478260869565,6.3530303030303,6.42,7.13888888888889,6.83895705521472,115,66,15,18,163,34979,22090,12889,2740,4811,30168,7.27859830698419,7.65157394975101,6.63936858018466,6.65000182481752,7.27614745375182,7.27898915340759,130
"146",2021,6,6.75531914893617,141,7.20344827586207,6.03333333333333,5.88333333333333,6.3,6.8136,87,54,15,16,125,35120,22177,12943,2755,4827,30293,7.27649744248292,7.64981596022906,6.63684011666538,6.6458275862069,7.27291182929356,7.27706878750867,131
"147",2021,7,6.85335195530726,179,7.13717948717949,6.31774193548387,5.59230769230769,7.47777777777778,6.78354037267081,117,62,13,18,161,35299,22294,13005,2768,4845,30454,7.27435168645004,7.64712561900062,6.63531884890427,6.64087969653179,7.27367294117647,7.27445966966573,132
"148",2021,8,7.0911110952381,210,7.37952378571429,6.51428571428571,5.78125,6.58333333333333,7.13871526041667,140,70,16,18,192,35509,22434,13075,2784,4863,30646,7.27326800275987,7.64545564232861,6.63467087036329,6.63593929597701,7.2711177051203,7.27360921849508,133
"149",2021,9,7.03812182741117,197,7.26590909090909,6.57553846153846,6.32894736842105,6.71875,7.10006060606061,132,65,19,32,165,35706,22566,13140,2803,4895,30811,7.27197063546743,7.64323548169813,6.63437835844749,6.63385836603639,7.26750672114402,7.2726798257116,134
"150",2021,10,6.86902564102564,195,7.2141592920354,6.39341463414634,6.08636363636364,6.4,6.9138202247191,113,82,22,17,178,35901,22679,13222,2825,4912,30989,7.26978199799449,7.6410975739671,6.63288395325972,6.62959469026549,7.26450435667752,7.27061854561296,135
"151",2021,11,6.8675852,225,7.35751246268657,6.14615384615385,5.52083333333333,6.65357142857143,6.88178516587678,134,91,24,14,211,36126,22813,13313,2849,4926,31200,7.26727703537618,7.63943183930215,6.62955694659356,6.62025447525448,7.26276804709704,7.26798893525641,136
"152",2021,12,7.00632786885246,305,7.31556756756757,6.52958333333333,6.275,6.93225806451613,7.01470802919708,185,120,28,31,274,36431,22998,13433,2877,4957,31474,7.26509237133211,7.63682661753196,6.62866385989727,6.61689433437609,7.26070110954206,7.2657839734384,137
"153",2022,1,6.9235765,400,7.30134390243902,6.32012987012987,6.08,7.49166666666667,6.87751513513513,246,154,25,30,370,36831,23244,13587,2902,4987,31844,7.26138336672912,7.63327607769747,6.62516682343417,6.61226912474156,7.26209051533988,7.26127262215802,138
"154",2022,2,6.90852791878173,197,7.29587301587302,6.22112676056338,6.30769230769231,6.82352941176471,6.91655555555556,126,71,13,17,180,37028,23370,13658,2915,5004,32024,7.25950607054121,7.63145695977749,6.62306645409284,6.61091080617496,7.26060059952038,7.25933504184362,139
"155",2022,3,6.89617112299465,187,7.26807476635514,6.39875,5.55,6.63636,6.93626543209877,107,80,10,25,162,37215,23477,13738,2925,5029,32186,7.25768036490662,7.62980079013502,6.6217602001747,6.60728376068376,7.25749739510837,7.25770895358231,140
"156",2022,4,7.02437438423645,203,7.25362121212121,6.59816901408451,6.94166666666667,7.23342105263158,7.00278804347826,132,71,12,19,184,37418,23609,13809,2937,5048,32370,7.2564146341333,7.62769753695624,6.62163890433775,6.60864998297583,7.25740677496038,7.2562599128823,141
"157",2022,5,6.88963730569948,193,7.28073394495413,6.38214285714286,6.19230769230769,6.68181818181818,6.9021978021978,109,84,13,11,182,37611,23718,13893,2950,5059,32552,7.2545325245274,7.62610300826376,6.62019086086519,6.60681525423729,7.25615524807274,7.25428033239126,142
"158",2022,6,6.74562864130435,184,7.05727272727273,6.28237391891892,6.5,6.65862068965517,6.7619075483871,110,74,12,29,155,37795,23828,13967,2962,5088,32707,7.25205499272391,7.62347705010911,6.61840103816138,6.60638251181634,7.25274948899371,7.25194695478033,143
"159",2022,7,7.01882468208092,173,7.36828828828829,6.39317209677419,6.23555583333333,6.92352941176471,7.02920942307692,111,62,12,17,156,37968,23939,14029,2974,5105,32863,7.25099228613569,7.62229379464472,6.61740565756647,6.60488623739072,7.25165316356513,7.25088962419743,144
"160",2022,8,6.78182097222222,216,7.20479338842975,6.24308768421053,5.98871769230769,6.68076923076923,6.79564910526316,121,95,13,26,190,38184,24060,14124,2987,5131,33053,7.24833826864655,7.62019414588528,6.61488794250921,6.60220455306328,7.24876035860456,7.24827274528788,145
"161",2022,9,6.77427847560976,164,7.1913401010101,6.13906153846154,5.71544444444444,6.44452380952381,6.82270398601399,99,65,9,21,143,38348,24159,14189,2996,5152,33196,7.24631089287577,7.6184367655946,6.6127081753471,6.59954072096128,7.24548222049689,7.24643950234968,146
"162",2022,10,7.07248520710059,169,7.40141509433962,6.51904761904762,6.16875,7.12592592592593,7.06232394366197,106,63,16,27,142,38517,24265,14252,3012,5179,33338,7.24554820261183,7.61748872120338,6.61229415520629,6.59725232403719,7.24485893029542,7.24565527986082,147
"163",2022,11,6.78988023952096,167,6.924,6.63311688311688,5.5,6.90357142857143,6.77947712418301,90,77,7,14,153,38684,24355,14329,3019,5193,33491,7.2435810702099,7.61492604475467,6.61240605066648,6.59470818151706,7.24393884074716,7.24352559553313,148
"164",2022,12,6.96957446808511,235,7.19827586206897,6.60111111111111,6.30625,6.88235294117647,6.97637614678899,145,90,16,17,218,38919,24500,14419,3035,5210,33709,7.24192656851409,7.61246015591836,6.61233555031556,6.59318747940692,7.24275900191939,7.24179790916373,149
