"","year","month","avg_rating","no_ratings","avg_rating_owned","avg_rating_not_owned","avg_rating_prev_owned","avg_rating_comment","avg_rating_no_comment","no_ratings_owned","no_ratings_not_owned","no_ratings_prev_owned","no_ratings_comment","no_ratings_no_comment","cum_no_ratings","cum_no_ratings_owned","cum_no_ratings_not_owned","cum_no_ratings_prev_owned","cum_no_ratings_comment","cum_no_ratings_no_comment","cum_avg_rating","cum_avg_rating_owned","cum_avg_rating_not_owned","cum_avg_rating_prev_owned","cum_avg_rating_comment","cum_avg_rating_no_comment","month_after_release"
"1",2002,9,4,1,4,NA,NA,4,NA,1,0,0,1,0,1,1,0,0,1,0,4,4,NA,NA,4,NA,0
"2",2002,11,4,1,4,NA,NA,NA,4,1,0,0,0,1,2,2,0,0,1,1,4,4,NA,NA,4,4,2
"3",2003,1,4,1,4,NA,NA,NA,4,1,0,0,0,1,3,3,0,0,1,2,4,4,NA,NA,4,4,4
"4",2003,3,7.75,2,7.75,NA,NA,7.75,NA,2,0,0,2,0,5,5,0,0,3,2,5.5,5.5,NA,NA,6.5,4,6
"5",2003,6,7.5,2,10,5,NA,5,10,1,1,0,1,1,7,6,1,0,4,3,6.07142857142857,6.25,5,NA,6.125,6,9
"6",2003,7,4.3375,8,4.06666666666667,4.5,NA,3.73333333333333,4.7,3,5,0,3,5,15,9,6,0,7,8,5.14666666666667,5.52222222222222,4.58333333333333,NA,5.1,5.1875,10
"7",2003,8,4.2,5,5,3.66666666666667,NA,6,3.75,2,3,0,1,4,20,11,9,0,8,12,4.91,5.42727272727273,4.27777777777778,NA,5.2125,4.70833333333333,11
"8",2003,9,5,2,4,6,NA,NA,5,1,1,0,0,2,22,12,10,0,8,14,4.91818181818182,5.30833333333333,4.45,NA,5.2125,4.75,12
"9",2003,10,5,1,5,NA,NA,NA,5,1,0,0,0,1,23,13,10,0,8,15,4.92173913043478,5.28461538461538,4.45,NA,5.2125,4.76666666666667,13
"10",2003,12,4.33333333333333,3,NA,4.33333333333333,NA,NA,4.33333333333333,0,3,0,0,3,26,13,13,0,8,18,4.85384615384615,5.28461538461538,4.42307692307692,NA,5.2125,4.69444444444444,15
"11",2004,1,3.5,4,2.5,4.5,NA,4,2,2,2,0,3,1,30,15,15,0,11,19,4.67333333333333,4.91333333333333,4.43333333333333,NA,4.88181818181818,4.55263157894737,16
"12",2004,2,5.33333333333333,3,6,4,NA,6,4,2,1,0,2,1,33,17,16,0,13,20,4.73333333333333,5.04117647058824,4.40625,NA,5.05384615384615,4.525,17
"13",2004,3,7.5,2,7,8,8,8,7,1,1,1,1,1,35,18,17,1,14,21,4.89142857142857,5.15,4.61764705882353,8,5.26428571428571,4.64285714285714,18
"14",2004,4,5.83333333333333,6,6.75,4,NA,5.8,6,4,2,0,5,1,41,22,19,1,19,22,5.02926829268293,5.44090909090909,4.55263157894737,8,5.40526315789474,4.70454545454546,19
"15",2004,5,4.2,5,4,4.33333333333333,3,3,4.5,2,3,1,1,4,46,24,22,2,20,26,4.93913043478261,5.32083333333333,4.52272727272727,5.5,5.285,4.67307692307692,20
"16",2004,6,4.66666666666667,3,5,4.5,5,NA,4.66666666666667,1,2,1,0,3,49,25,24,3,20,29,4.92244897959184,5.308,4.52083333333333,5.33333333333333,5.285,4.67241379310345,21
"17",2004,7,3,1,NA,3,3,3,NA,0,1,1,1,0,50,25,25,4,21,29,4.884,5.308,4.46,4.75,5.17619047619048,4.67241379310345,22
"18",2004,8,4.66666666666667,3,4,6,NA,6,4,2,1,0,1,2,53,27,26,4,22,31,4.87169811320755,5.21111111111111,4.51923076923077,4.75,5.21363636363636,4.62903225806452,23
"19",2004,9,5,2,NA,5,5,6,4,0,2,2,1,1,55,27,28,6,23,32,4.87636363636364,5.21111111111111,4.55357142857143,4.83333333333333,5.24782608695652,4.609375,24
"20",2004,11,5,1,NA,5,5,NA,5,0,1,1,0,1,56,27,29,7,23,33,4.87857142857143,5.21111111111111,4.56896551724138,4.85714285714286,5.24782608695652,4.62121212121212,26
"21",2004,12,5.61666666666667,6,4.66666666666667,6.56666666666667,NA,6,5.425,3,3,0,2,4,62,30,32,7,25,37,4.95,5.15666666666667,4.75625,4.85714285714286,5.308,4.70810810810811,27
"22",2005,1,4.83333333333333,6,6,4.25,5.5,4,5.25,2,4,1,2,4,68,32,36,8,27,41,4.93970588235294,5.209375,4.7,4.9375,5.21111111111111,4.7609756097561,28
"23",2005,2,6.5,4,7.33333333333333,4,NA,6.5,NA,3,1,0,4,0,72,35,37,8,31,41,5.02638888888889,5.39142857142857,4.68108108108108,4.9375,5.37741935483871,4.7609756097561,29
"24",2005,3,7.25,2,7,7.5,7.5,7.25,NA,1,1,1,2,0,74,36,38,9,33,41,5.08648648648649,5.43611111111111,4.75526315789474,5.22222222222222,5.49090909090909,4.7609756097561,30
"25",2005,5,4.16666666666667,6,5,3.33333333333333,3,4.5,4,3,3,1,2,4,80,39,41,10,35,45,5.0175,5.4025641025641,4.65121951219512,5,5.43428571428571,4.69333333333333,32
"26",2005,6,5.25,4,4.66666666666667,7,7,4.5,6,3,1,1,2,2,84,42,42,11,37,47,5.02857142857143,5.35,4.70714285714286,5.18181818181818,5.38378378378378,4.74893617021277,33
"27",2005,7,4.33333333333333,3,4.5,4,NA,4,4.5,2,1,0,1,2,87,44,43,11,38,49,5.00459770114942,5.31136363636364,4.6906976744186,5.18181818181818,5.34736842105263,4.73877551020408,34
"28",2005,8,5,7,5.33333333333333,4.75,4,5,5,3,4,1,2,5,94,47,47,12,40,54,5.00425531914894,5.31276595744681,4.69574468085106,5.08333333333333,5.33,4.76296296296296,35
"29",2005,9,4.6,8,4.54285714285714,5,NA,4.36,5,7,1,0,5,3,102,54,48,12,45,57,4.97254901960784,5.21296296296296,4.70208333333333,5.08333333333333,5.22222222222222,4.77543859649123,36
"30",2005,10,5.27777777777778,9,5.66666666666667,5.08333333333333,7,5,5.625,3,6,1,5,4,111,57,54,13,50,61,4.9972972972973,5.23684210526316,4.74444444444444,5.23076923076923,5.2,4.83114754098361,37
"31",2005,11,3.85714285714286,7,5,3,4,4.25,3.33333333333333,3,4,1,4,3,118,60,58,14,54,64,4.92966101694915,5.225,4.62413793103448,5.14285714285714,5.12962962962963,4.7609375,38
"32",2005,12,4.60714285714286,14,5.07142857142857,4.14285714285714,4,4.5625,4.66666666666667,7,7,1,8,6,132,67,65,15,62,70,4.89545454545454,5.2089552238806,4.57230769230769,5.06666666666667,5.05645161290323,4.75285714285714,39
"33",2006,1,5.375,8,5.8,4.66666666666667,3,4.5,6.25,5,3,1,4,4,140,72,68,16,66,74,4.92285714285714,5.25,4.57647058823529,4.9375,5.02272727272727,4.83378378378378,40
"34",2006,2,5.63888888888889,9,6.45833333333333,4,4,5.625,5.66666666666667,6,3,1,6,3,149,78,71,17,72,77,4.96610738255034,5.34294871794872,4.55211267605634,4.88235294117647,5.07291666666667,4.86623376623377,41
"35",2006,3,5.16666666666667,3,5.25,5,5,5.25,5,2,1,1,2,1,152,80,72,18,74,78,4.97006578947368,5.340625,4.55833333333333,4.88888888888889,5.0777027027027,4.86794871794872,42
"36",2006,4,4.66666666666667,6,5.33333333333333,4,NA,5,4.33333333333333,3,3,0,3,3,158,83,75,18,77,81,4.95854430379747,5.34036144578313,4.536,4.88888888888889,5.07467532467532,4.84814814814815,43
"37",2006,5,4.85714285714286,7,4.5,5,NA,3.8,7.5,2,5,0,5,2,165,85,80,18,82,83,4.95424242424242,5.32058823529412,4.565,4.88888888888889,4.9969512195122,4.91204819277108,44
"38",2006,6,4,7,4,4,5,4.33333333333333,3.75,1,6,2,3,4,172,86,86,20,85,87,4.91540697674419,5.30523255813954,4.52558139534884,4.9,4.97352941176471,4.85862068965517,45
"39",2006,7,4.175,4,4.175,NA,NA,2.7,4.66666666666667,4,0,0,1,3,176,90,86,20,86,90,4.89857954545455,5.255,4.52558139534884,4.9,4.94709302325581,4.85222222222222,46
"40",2006,8,4.2,10,4.6,3.8,4,4,4.33333333333333,5,5,1,4,6,186,95,91,21,90,96,4.86102150537634,5.22052631578947,4.48571428571428,4.85714285714286,4.905,4.81979166666667,47
"41",2006,9,3.9,5,3.75,4,4,4.25,3.66666666666667,2,3,1,2,3,191,97,94,22,92,99,4.83586387434555,5.19020618556701,4.47021276595745,4.81818181818182,4.89076086956522,4.78484848484849,48
"42",2006,10,3.1,5,3.75,2.66666666666667,NA,2,3.375,2,3,0,1,4,196,99,97,22,93,103,4.79158163265306,5.16111111111111,4.41443298969072,4.81818181818182,4.85967741935484,4.73009708737864,49
"43",2006,11,3.25,4,4,2.5,NA,3,3.33333333333333,2,2,0,1,3,200,101,99,22,94,106,4.76075,5.13811881188119,4.37575757575758,4.81818181818182,4.83989361702128,4.69056603773585,50
"44",2006,12,4.638,25,4.95,4.08333333333333,5,4.6,4.65277777777778,16,9,2,7,18,225,117,108,24,101,124,4.74711111111111,5.11239316239316,4.35138888888889,4.83333333333333,4.82326732673268,4.68508064516129,51
"45",2007,1,4.58333333333333,12,4.625,4.5,NA,4,5,8,4,0,5,7,237,125,112,24,106,131,4.73881856540084,5.0812,4.35669642857143,4.83333333333333,4.78443396226415,4.70190839694657,52
"46",2007,2,4.46153846153846,13,4.875,3.8,NA,4.33333333333333,4.5,8,5,0,3,10,250,133,117,24,109,141,4.7244,5.0687969924812,4.33290598290598,4.83333333333333,4.77201834862386,4.68758865248227,53
"47",2007,3,5.16666666666667,9,5.75,5,5.66666666666667,5.2,5.125,2,7,3,5,4,259,135,124,27,114,145,4.73976833976834,5.07888888888889,4.37056451612903,4.92592592592593,4.79078947368421,4.69965517241379,54
"48",2007,4,4.5,9,4.91666666666667,3.66666666666667,NA,4.25,4.57142857142857,6,3,0,2,7,268,141,127,27,116,152,4.73171641791045,5.07198581560284,4.35393700787401,4.92592592592593,4.78146551724138,4.69375,55
"49",2007,5,5.18,15,5.9,4.82,6,5.25,5.1,5,10,1,8,7,283,146,137,28,124,159,4.75547703180212,5.10034246575343,4.38795620437956,4.96428571428571,4.8116935483871,4.71163522012579,56
"50",2007,6,4.83333333333333,6,4,5,5,5.25,4,1,5,1,4,2,289,147,142,29,128,161,4.75709342560554,5.09285714285714,4.40950704225352,4.96551724137931,4.825390625,4.7027950310559,57
"51",2007,7,4.16666666666667,9,3.5,4.35714285714286,5,3.5,4.35714285714286,2,7,1,2,7,298,149,149,30,130,168,4.73926174496644,5.07147651006711,4.40704697986577,4.96666666666667,4.805,4.68839285714286,58
"52",2007,8,4.15,5,4.15,NA,NA,5,3.9375,5,0,0,1,4,303,154,149,30,131,172,4.72953795379538,5.04155844155844,4.40704697986577,4.96666666666667,4.80648854961832,4.67093023255814,59
"53",2007,9,3.5625,8,3.25,3.66666666666667,5,4,3.5,2,6,2,1,7,311,156,155,32,132,179,4.69951768488746,5.01858974358974,4.37838709677419,4.96875,4.80037878787879,4.62513966480447,60
"54",2007,10,3.90909090909091,11,6,3.125,4,4.33333333333333,3.4,3,8,2,6,5,322,159,163,34,138,184,4.67251552795031,5.03710691823899,4.31687116564417,4.91176470588235,4.78007246376812,4.59184782608696,61
"55",2007,11,4.61111111111111,9,6.125,3.4,NA,4.16666666666667,4.83333333333333,4,5,0,3,6,331,163,168,34,141,190,4.67084592145015,5.0638036809816,4.28958333333333,4.91176470588235,4.76702127659575,4.59947368421053,62
"56",2007,12,4.86666666666667,15,5.13636363636364,4.125,NA,5.28571428571429,4.5,11,4,0,7,8,346,174,172,34,148,198,4.67933526011561,5.0683908045977,4.28575581395349,4.91176470588235,4.79155405405406,4.59545454545455,63
"57",2008,1,4.68421052631579,19,5.27272727272727,3.875,NA,5.4,4.42857142857143,11,8,0,5,14,365,185,180,34,153,212,4.67958904109589,5.08054054054054,4.2675,4.91176470588235,4.81143790849673,4.58443396226415,64
"58",2008,2,5.0625,8,4.66666666666667,5.3,6.75,5.5,4.33333333333333,3,5,2,5,3,373,188,185,36,158,215,4.68780160857909,5.07393617021277,4.2954054054054,5.01388888888889,4.83322784810127,4.58093023255814,65
"59",2008,3,4.66666666666667,18,4.6,4.75,4.75,4.64285714285714,4.68181818181818,10,8,2,7,11,391,198,193,38,165,226,4.68682864450128,5.05,4.31424870466321,5,4.82515151515152,4.5858407079646,66
"60",2008,4,4.73529411764706,17,4.66666666666667,4.8125,6,4.63636363636364,4.91666666666667,9,8,1,11,6,408,207,201,39,176,232,4.68884803921569,5.03333333333333,4.33407960199005,5.02564102564103,4.81335227272727,4.59439655172414,67
"61",2008,5,4.76923076923077,13,5.25,4,NA,5.25,4.55555555555556,8,5,0,4,9,421,215,206,39,180,241,4.69133016627078,5.04139534883721,4.32597087378641,5.02564102564103,4.82305555555556,4.59294605809129,68
"62",2008,6,4.3125,8,5.125,3.5,NA,5.75,3.83333333333333,4,4,0,2,6,429,219,210,39,182,247,4.68426573426573,5.04292237442922,4.31023809523809,5.02564102564103,4.83324175824176,4.57449392712551,69
"63",2008,7,5.54166666666667,12,5.64285714285714,5.4,5.66666666666667,6.375,5.125,7,5,3,4,8,441,226,215,42,186,255,4.70759637188209,5.06150442477876,4.33558139534884,5.07142857142857,4.86639784946237,4.59176470588235,70
"64",2008,8,4.94736842105263,19,5.125,4.81818181818182,5.16666666666667,5.16666666666667,4.90625,8,11,6,3,16,460,234,226,48,189,271,4.7175,5.06367521367521,4.35907079646018,5.08333333333333,4.87116402116402,4.61033210332103,71
"65",2008,9,5.11363636363636,11,4.95,5.25,5,3.58333333333333,5.6875,5,6,2,3,8,471,239,232,50,192,279,4.72675159235669,5.06129707112971,4.38211206896552,5.08,4.85104166666667,4.64121863799283,72
"66",2008,10,5.30555555555556,18,6.28571428571429,4.68181818181818,5.1,6.25,5.03571428571429,7,11,5,4,14,489,246,243,55,196,293,4.7480572597137,5.09613821138211,4.39567901234568,5.08181818181818,4.87959183673469,4.66006825938567,73
"67",2008,11,4.82727272727273,22,5.6,4.46666666666667,5.5,5.66666666666667,4.24615384615385,7,15,6,9,13,511,253,258,61,205,306,4.75146771037182,5.1100790513834,4.39980620155039,5.12295081967213,4.91414634146341,4.64248366013072,74
"68",2008,12,5.52941176470588,17,6,5.11111111111111,5.625,5.11111111111111,6,8,9,4,9,8,528,261,267,65,214,314,4.77651515151515,5.13735632183908,4.42378277153558,5.15384615384615,4.92242990654206,4.67707006369427,75
"69",2009,1,4.574,25,5.21666666666667,3.98076923076923,4.79166666666667,4.8125,4.52857142857143,12,13,6,4,21,553,273,280,71,218,335,4.76735985533454,5.14084249084249,4.40321428571428,5.12323943661972,4.9204128440367,4.66776119402985,76
"70",2009,2,5,21,5.85714285714286,4.57142857142857,4.5,4.57142857142857,5.21428571428571,7,14,2,7,14,574,280,294,73,225,349,4.77587108013937,5.15875,4.41122448979592,5.10616438356164,4.90955555555556,4.68968481375358,77
"71",2009,3,4.79411764705882,17,5.125,4.5,4.5,6.25,4.6,8,9,2,2,15,591,288,303,75,227,364,4.77639593908629,5.1578125,4.41386138613861,5.09,4.92136563876652,4.68598901098901,78
"72",2009,4,5.2421052631579,19,5.33333333333333,5.2,5,4.3,5.79166666666667,6,13,3,7,12,610,294,316,78,234,376,4.79090163934426,5.16139455782313,4.44620253164557,5.08653846153846,4.90277777777778,4.72127659574468,79
"73",2009,5,4.41666666666667,12,5,4.3,4.5,5,3.6,2,10,6,7,5,622,296,326,84,241,381,4.78368167202572,5.16030405405405,4.44171779141104,5.04464285714286,4.90560165975104,4.70656167979002,80
"74",2009,6,4.31578947368421,19,4.5,4.18181818181818,5,5.25,4.06666666666667,8,11,4,4,15,641,304,337,88,245,396,4.7698127925117,5.14292763157895,4.43323442136498,5.04261363636364,4.91122448979592,4.68232323232323,81
"75",2009,7,4.668,25,5.04166666666667,4.32307692307692,4.7,5.11111111111111,4.41875,12,13,5,9,16,666,316,350,93,254,412,4.76599099099099,5.13908227848101,4.42914285714286,5.0241935483871,4.91830708661417,4.67208737864078,82
"76",2009,8,5.60833333333333,12,5.91666666666667,5.3,5,4.66666666666667,5.92222222222222,6,6,3,3,9,678,322,356,96,257,421,4.78089970501475,5.15357142857143,4.4438202247191,5.0234375,4.91536964980545,4.69881235154394,83
"77",2009,9,4.85,15,5.85714285714286,3.96875,4.66666666666667,4.71875,5,7,8,3,8,7,693,329,364,99,265,428,4.78239538239538,5.16854103343465,4.43337912087912,5.01262626262626,4.90943396226415,4.70373831775701,84
"78",2009,10,4.42708333333333,24,4.6,4.30357142857143,4.16666666666667,5.16666666666667,4.18055555555556,10,14,6,6,18,717,339,378,105,271,446,4.77050209205021,5.15176991150442,4.42857142857143,4.96428571428571,4.91512915129151,4.68262331838565,85
"79",2009,11,5.06818181818182,22,5.40909090909091,4.72727272727273,4.66666666666667,4.625,5.32142857142857,11,11,3,8,14,739,350,389,108,279,460,4.77936400541272,5.15985714285714,4.43701799485861,4.95601851851852,4.90681003584229,4.7020652173913,86
"80",2009,12,4.47222222222222,18,4.33333333333333,4.5,5.33333333333333,5,4.32142857142857,3,15,3,4,14,757,353,404,111,283,474,4.7720607661823,5.1528328611898,4.43935643564356,4.96621621621621,4.90812720848057,4.69082278481013,87
"81",2010,1,5.09545454545455,22,5.31818181818182,4.87272727272727,5.075,4.7,5.32142857142857,11,11,8,8,14,779,364,415,119,291,488,4.78119383825417,5.15782967032967,4.45084337349397,4.97352941176471,4.90240549828179,4.70891393442623,88
"82",2010,2,4.5625,16,4.78571428571429,4.38888888888889,4,4.33333333333333,4.61538461538461,7,9,4,3,13,795,371,424,123,294,501,4.77679245283019,5.15080862533693,4.44952830188679,4.94186991869919,4.89659863945578,4.7064870259481,89
"83",2010,3,4.92307692307692,13,5.5,4.42857142857143,5,5.42857142857143,4.33333333333333,6,7,1,7,6,808,377,431,124,301,507,4.77914603960396,5.15636604774536,4.4491879350348,4.94233870967742,4.90897009966777,4.70207100591716,90
"84",2010,4,5.4375,16,5.68181818181818,4.9,NA,5.5,5.41666666666667,11,5,0,4,12,824,388,436,124,305,519,4.79192961165048,5.17126288659794,4.45435779816513,4.94233870967742,4.91672131147541,4.71859344894027,91
"85",2010,5,4.9,17,4.98181818181818,4.75,6.5,4.95,4.88461538461539,11,6,3,4,13,841,399,442,127,309,532,4.79411414982164,5.16604010025063,4.45837104072398,4.97913385826772,4.91715210355987,4.72265037593985,92
"86",2010,6,4.2875,8,4.38333333333333,4,NA,4.5,4.25714285714286,6,2,0,1,7,849,405,444,127,310,539,4.78934040047114,5.15444444444445,4.4563063063063,4.97913385826772,4.9158064516129,4.71660482374768,93
"87",2010,7,4.29166666666667,12,4.8,3.92857142857143,7,5.16666666666667,4,5,7,1,3,9,861,410,451,128,313,548,4.78240418118467,5.15012195121951,4.44811529933481,4.994921875,4.91821086261981,4.70483576642336,94
"88",2010,8,5.08,15,6.25,4.65454545454545,4.625,3.875,5.51818181818182,4,11,4,4,11,876,414,462,132,317,559,4.7875,5.16074879227053,4.4530303030303,4.98371212121212,4.90504731861199,4.72084078711986,95
"89",2010,9,4.85714285714286,14,5.33333333333333,4.5,4.33333333333333,4.2,5.22222222222222,6,8,3,5,9,890,420,470,135,322,568,4.78859550561798,5.16321428571429,4.45382978723404,4.96925925925926,4.89409937888199,4.7287852112676,96
"90",2010,10,3.79166666666667,12,3.85714285714286,3.7,7,NA,3.79166666666667,7,5,1,0,12,902,427,475,136,322,580,4.77533259423503,5.14180327868853,4.4458947368421,4.98419117647059,4.89409937888199,4.70939655172414,97
"91",2010,11,5.36842105263158,19,6.85714285714286,4.5,5,5.3,5.39285714285714,7,12,4,5,14,921,434,487,140,327,594,4.78756786102063,5.16947004608295,4.44722792607803,4.98464285714286,4.90030581039755,4.72550505050505,98
"92",2010,12,4.22545833333333,24,4.67221428571429,3.6,3.97033333333333,4.58333333333333,4.10616666666667,14,10,3,6,18,945,448,497,143,333,612,4.77329206349206,5.15393080357143,4.43018108651911,4.96336363636364,4.89459459459459,4.70728921568627,99
"93",2011,1,4.16666666666667,18,4.75,3.7,4,3.33333333333333,4.33333333333333,8,10,4,3,15,963,456,507,147,336,627,4.76195327102804,5.14684429824562,4.41577909270217,4.93714965986395,4.88065476190476,4.69834290271132,100
"94",2011,2,5.41666666666667,12,7,4.625,3.66666666666667,6,5,4,8,3,5,7,975,460,515,150,341,634,4.77001128205128,5.16295869565218,4.41902912621359,4.91174,4.89706744868035,4.70167350157729,101
"95",2011,3,4.8125,16,4.83333333333333,4.8,6,4.66666666666667,4.84615384615385,6,10,2,3,13,991,466,525,152,344,647,4.77069727547931,5.15871459227468,4.42628571428571,4.92605921052632,4.89505813953488,4.70457650695518,102
"96",2011,4,4.25,10,5.4,3.1,3,3.75,5,5,5,1,6,4,1001,471,530,153,350,651,4.7654955044955,5.16127600849257,4.41377358490566,4.91347058823529,4.87542857142857,4.70639170506912,103
"97",2011,5,5.1,15,5.57142857142857,4.6875,4.375,5.5,5.03846153846154,7,8,4,2,13,1016,478,538,157,352,664,4.77043405511811,5.16728242677824,4.417843866171,4.89975159235669,4.87897727272727,4.71289307228916,104
"98",2011,6,5.63333333333333,6,5.4,5.75,5.66666666666667,NA,5.63333333333333,2,4,3,0,6,1022,480,542,160,352,670,4.7755,5.16825208333333,4.42767527675277,4.91413125,4.87897727272727,4.72113582089552,105
"99",2011,7,5.5525,12,5.68833333333333,5.41666666666667,4.5,5.426,5.64285714285714,6,6,2,5,7,1034,486,548,162,357,677,4.78451740812379,5.17467283950617,4.43850364963504,4.90901851851852,4.88663865546219,4.73066617429838,106
"100",2011,8,4.356,25,4.55,4.22666666666667,3.3,4.5625,4.25882352941176,10,15,5,8,17,1059,496,563,167,365,694,4.77440132200189,5.16207862903226,4.43285968028419,4.86084431137725,4.87953424657534,4.71910806916427,107
"101",2011,9,4.9,15,5.6,3.5,NA,4,5.125,10,5,0,3,12,1074,506,568,167,368,706,4.77615549348231,5.17073320158103,4.42464788732394,4.86084431137725,4.87236413043478,4.72600708215298,108
"102",2011,10,4.25277777777778,18,4.5,4.221875,4.13333333333333,4.11666666666667,4.28,2,16,6,3,15,1092,508,584,173,371,721,4.76752838827839,5.16809251968504,4.41909246575342,4.83561271676301,4.86625336927224,4.71672815533981,109
"103",2011,11,4.34821428571429,28,5.15,3.90277777777778,3.25,4,4.57352941176471,10,18,4,11,17,1120,518,602,177,382,738,4.75704553571428,5.16774324324324,4.40365448504983,4.79977966101695,4.84130890052356,4.71342953929539,110
"104",2011,12,4.91176470588235,17,4.9,4.92857142857143,5.5,5.75,4.65384615384615,10,7,2,4,13,1137,528,609,179,386,751,4.75935883905013,5.16267234848485,4.40968801313629,4.80760335195531,4.85072538860104,4.71239813581891,111
"105",2012,1,5.06774193548387,31,5.315,4.61818181818182,5.3,5.44444444444444,4.91363636363636,20,11,6,9,22,1168,548,620,185,395,773,4.76754366438356,5.16823175182482,4.41338709677419,4.82357297297297,4.86425316455696,4.7181254851229,112
"106",2012,2,4.95714285714286,7,4.825,5.13333333333333,6,4,5.11666666666667,4,3,1,1,6,1175,552,623,186,396,779,4.76867319148936,5.16574456521739,4.41685393258427,4.82989784946236,4.86207070707071,4.72119512195122,113
"107",2012,3,5.075,20,5.7,4.45,6,5.125,5.0625,10,10,1,4,16,1195,562,633,187,400,795,4.7738,5.17525088967972,4.4173775671406,4.8361550802139,4.8647,4.7280641509434,114
"108",2012,4,4.925,20,4.86363636363636,5,6.125,3.6,5.36666666666667,11,9,4,5,15,1215,573,642,191,405,810,4.77628888888889,5.16926876090751,4.42554517133956,4.86314659685864,4.84908641975309,4.73989012345679,115
"109",2012,5,4.5,24,4.54166666666667,4.45833333333333,4.41666666666667,5,4.33333333333333,12,12,6,6,18,1239,585,654,197,411,828,4.77093704600484,5.15639487179487,4.42614678899083,4.84954822335025,4.8512895377129,4.73105193236715,116
"110",2012,6,4.87857142857143,14,5.38333333333333,4.5,4.6,4.86,4.88888888888889,6,8,5,5,9,1253,591,662,202,416,837,4.77213966480447,5.15869881556684,4.42703927492447,4.84337128712871,4.85139423076923,4.73274910394265,117
"111",2012,7,4.31,9,5.25,3.558,NA,5,4.22375,4,5,0,1,8,1262,595,667,202,417,845,4.76884389857369,5.15931260504202,4.42052473763118,4.84337128712871,4.85175059952038,4.72793017751479,118
"112",2012,8,4.5,15,4.85714285714286,4.1875,4.25,4.375,4.54545454545455,7,8,4,4,11,1277,602,675,206,421,856,4.76568598277212,5.15579900332226,4.41776296296296,4.83184951456311,4.84722090261283,4.72558528037383,119
"113",2012,9,4.45842105263158,19,3.6875,5.01909090909091,5.8,4.71571428571429,4.30833333333333,8,11,4,7,12,1296,610,686,210,428,868,4.76118132716049,5.13654262295082,4.42740524781341,4.85029047619048,4.84507009345794,4.7198168202765,120
"114",2012,10,4.33333333333333,15,4.6875,3.92857142857143,3,4,4.35714285714286,8,7,1,1,14,1311,618,693,211,429,882,4.75628604118993,5.13072977346279,4.42236652236652,4.84152132701422,4.84310023310023,4.71406009070295,121
"115",2012,11,4.33333333333333,24,4.66666666666667,3.77777777777778,3.75,4.66666666666667,4.22222222222222,15,9,4,6,18,1335,633,702,215,435,900,4.74868239700374,5.11973301737757,4.41410256410256,4.82121395348837,4.84066666666667,4.70422333333333,122
"116",2012,12,4.65620689655172,29,5.21642857142857,4.13333333333333,3.83333333333333,4.80769230769231,4.533125,14,15,3,13,16,1364,647,717,218,448,916,4.74671627565982,5.12182534775889,4.40822873082287,4.80761926605505,4.83970982142857,4.70123471615721,123
"117",2013,1,4.13333333333333,27,4.3625,3.8,4.75,3.2,4.34545454545455,16,11,2,5,22,1391,663,728,220,453,938,4.7348102084831,5.10350075414782,4.39903846153846,4.80709545454545,4.8216114790287,4.69289019189766,124
"118",2013,2,4.52142857142857,14,5.33333333333333,3.9125,5.2,4,4.73,6,8,1,4,10,1405,669,736,221,457,948,4.73268398576512,5.10556203288491,4.39375,4.80887330316742,4.81442013129103,4.69328164556962,125
"119",2013,3,4.97236842105263,19,5.3975,4.5,4.5,2.9875,5.20588235294118,10,9,5,2,17,1424,679,745,226,459,965,4.73588202247191,5.1098615611193,4.39503355704698,4.80203982300885,4.80645969498911,4.70231191709845,126
"120",2013,4,4.078125,16,4.25,3.85714285714286,6.5,3.125,4.21428571428571,9,7,2,2,14,1440,688,752,228,461,979,4.72857361111111,5.09861337209303,4.39002659574468,4.81693421052632,4.79916485900217,4.69533299284985,127
"121",2013,5,5.4565,20,5.13583333333333,5.9375,5.9,5.5325,5.4375,12,8,5,4,16,1460,700,760,233,465,995,4.73854520547945,5.09925142857143,4.40631578947368,4.84017596566524,4.80547311827957,4.70726733668342,128
"122",2013,6,5.5375,16,5.78571428571429,5.34444444444444,5.5,5.25,5.57857142857143,7,9,2,2,14,1476,707,769,235,467,1009,4.74720596205962,5.10604809052334,4.41729518855657,4.8457914893617,4.80737687366167,4.7193567888999,129
"123",2013,7,5.47222222222222,18,5.61111111111111,5.33333333333333,5,5.33333333333333,5.54166666666667,9,9,4,6,12,1494,716,778,239,473,1021,4.75594109772423,5.1123966480447,4.42789203084833,4.84837238493724,4.81404862579281,4.72902154750245,130
"124",2013,8,5.53125,16,6.28571428571429,4.94444444444444,5.875,5.25,5.57142857142857,7,9,4,2,14,1510,723,787,243,475,1035,4.76415629139073,5.12375656984786,4.43379923761118,4.86527160493827,4.81588421052632,4.74041642512077,131
"125",2013,9,4.432,25,4.83,4.16666666666667,4.9,4,4.63529411764706,10,15,5,8,17,1535,733,802,248,483,1052,4.75874657980456,5.11974897680764,4.4288029925187,4.86597177419355,4.80237060041408,4.73871768060837,132
"126",2013,10,5,18,5.1,4.875,5.16666666666667,3,5.25,10,8,6,2,16,1553,743,810,254,485,1068,4.76154282034771,5.11948317631225,4.43320987654321,4.87307480314961,4.7949381443299,4.74637734082397,133
"127",2013,11,4.05217391304348,23,4.475,3.59090909090909,3.5,4,4.05714285714286,12,11,4,2,21,1576,755,821,258,487,1089,4.75119035532995,5.10923973509934,4.42192448233861,4.85178682170543,4.79167351129363,4.73308631772268,134
"128",2013,12,4.40476190476191,21,4.45833333333333,4.33333333333333,3.5,4.25,4.44117647058824,12,9,2,4,17,1597,767,830,260,491,1106,4.74663494051346,5.09905606258149,4.42096385542169,4.84138846153846,4.78726069246436,4.72859945750452,135
"129",2014,1,4.8,30,5.3125,4.21428571428571,4,5.28571428571429,4.65217391304348,16,14,2,7,23,1627,783,844,262,498,1129,4.74761893054702,5.10341762452108,4.4175355450237,4.83496564885496,4.79426706827309,4.72704251550044,136
"130",2014,2,4.56944444444444,18,4.45833333333333,4.79166666666667,4,4.53571428571429,4.59090909090909,12,6,2,7,11,1645,795,850,264,505,1140,4.74566930091185,5.09368050314466,4.42017647058824,4.82864015151515,4.79068316831683,4.72572894736842,137
"131",2014,3,5.09259259259259,27,5.56428571428571,4.58461538461538,5.18333333333333,4.85,5.16190476190476,14,13,6,6,21,1672,809,863,270,511,1161,4.75127153110048,5.10182447466008,4.42265353418308,4.83652222222222,4.79137964774951,4.73361843238587,138
"132",2014,4,4.90625,16,4.775,5.0375,5,4.83333333333333,4.92307692307692,8,8,1,3,13,1688,817,871,271,514,1174,4.75274052132701,5.09862423500612,4.42830080367394,4.83712546125461,4.79162451361868,4.73571635434412,139
"133",2014,5,4.65384615384615,13,4.75,4.33333333333333,3.5,4,4.70833333333333,10,3,2,1,12,1701,827,874,273,515,1186,4.7519847148736,5.09440870616687,4.42797482837529,4.82732967032967,4.79008737864078,4.73543929173693,140
"134",2014,6,4.9,10,5,4.75,NA,5.6,4.2,6,4,0,5,5,1711,833,878,273,520,1191,4.75284979544126,5.09372869147659,4.42944191343964,4.82732967032967,4.797875,4.73319143576826,141
"135",2014,7,4.540625,16,4.5,4.58125,4,4.38333333333333,4.57692307692308,8,8,1,3,13,1727,841,886,274,523,1204,4.75088361320208,5.08808085612367,4.43081264108352,4.8243102189781,4.79549713193117,4.73150415282392,142
"136",2014,8,4.338,25,4.90625,3.32777777777778,3.15,3.8,4.4725,16,9,3,5,20,1752,857,895,277,528,1224,4.74499200913242,5.0846861143524,4.41972067039106,4.80617689530686,4.78607007575758,4.72727205882353,143
"137",2014,9,4.85294117647059,17,5.45454545454545,3.75,3.25,5.5,4.71428571428571,11,6,2,3,14,1769,868,901,279,531,1238,4.7460293951385,5.0893732718894,4.41526082130966,4.79502150537634,4.79010357815443,4.72712520193861,144
"138",2014,10,4.73333333333333,12,5.2,4.4,7.1,4.66666666666667,4.75555555555556,5,7,1,3,9,1781,873,908,280,534,1247,4.74594385176867,5.09000687285224,4.41514317180617,4.80325357142857,4.78941011235955,4.72733039294306,145
"139",2014,11,4.60869565217391,23,5.11111111111111,4.28571428571429,5,2.5,4.80952380952381,9,14,2,2,21,1804,882,922,282,536,1268,4.74419401330377,5.09022222222223,4.41317787418655,4.80464893617021,4.78086753731343,4.72869164037855,146
"140",2014,12,5.06363636363636,22,5.69285714285714,3.9625,3.8,4.44,5.24705882352941,14,8,4,5,17,1826,896,930,286,541,1285,4.74804271631982,5.09963839285715,4.40930107526882,4.7905979020979,4.77771719038817,4.73554941634241,147
"141",2015,1,4.5972972972973,37,4.81428571428571,4.3125,5.4,4.71428571428571,4.57,21,16,5,7,30,1863,917,946,291,548,1315,4.7450488459474,5.09310359869139,4.40766384778013,4.80106872852234,4.77690693430657,4.73177262357415,148
"142",2015,2,4.76,30,5.10588235294118,4.30769230769231,4.375,4.1875,4.96818181818182,17,13,4,8,22,1893,934,959,295,556,1337,4.74528578975172,5.09333618843683,4.4063086548488,4.79529152542373,4.76842625899281,4.7356626776365,149
"143",2015,3,5.23478260869565,23,5.57142857142857,4.71111111111111,5.425,6.5,4.88333333333333,14,9,4,5,18,1916,948,968,299,561,1355,4.7511617954071,5.10039662447258,4.40914256198347,4.80371571906354,4.78385918003565,4.73762435424354,150
"144",2015,4,4.5,18,5,4.1,5,3.58333333333333,4.95833333333333,8,10,6,6,12,1934,956,978,305,567,1367,4.74882419855222,5.09955648535565,4.40598159509203,4.80757704918033,4.77115520282187,4.73956181419166,151
"145",2015,5,4.67647058823529,17,5.04545454545455,4,3.5,5,4.63333333333333,11,6,2,2,15,1951,967,984,307,569,1382,4.74819374679651,5.09894105480869,4.40350609756098,4.79905863192182,4.77195957820738,4.73840882778582,152
"146",2015,6,4.61153846153846,13,5.56428571428571,3.5,4.5,7,4.4125,7,6,4,1,12,1964,974,990,311,570,1394,4.74728920570265,5.10228542094456,4.39803030303031,4.79521221864952,4.77586842105263,4.73560329985653,153
"147",2015,7,4.88333333333333,24,5.4,4.44615384615385,5.16666666666667,5.62857142857143,4.57647058823529,11,13,3,7,17,1988,985,1003,314,577,1411,4.74893158953722,5.10561015228427,4.39865403788634,4.79876114649681,4.78621317157712,4.73368603827073,154
"148",2015,8,4.80227272727273,22,5.76875,4.25,4.5,5.14375,4.60714285714286,8,14,4,8,14,2010,993,1017,318,585,1425,4.74951542288557,5.11095266868077,4.39660766961652,4.79500314465409,4.79110256410256,4.73244280701754,155
"149",2015,9,4.69259259259259,27,5.04375,4.18181818181818,4,4.28571428571429,4.835,16,11,6,7,20,2037,1009,1028,324,592,1445,4.74876092292587,5.10988701684837,4.3943093385214,4.78028086419753,4.78512668918919,4.73386228373702,156
"150",2015,10,5,25,5.33333333333333,4.69230769230769,5.33333333333333,5.5,4.95652173913043,12,13,3,2,23,2062,1021,1041,327,594,1468,4.75180698351115,5.11251322233105,4.39803073967339,4.78535474006116,4.78753367003367,4.73735081743869,157
"151",2015,11,5.24375,24,5.23846153846154,5.25,6.16666666666667,5.3,5.23571428571429,13,11,3,3,21,2086,1034,1052,330,597,1489,4.75746692233941,5.11409671179884,4.4069391634981,4.79791212121212,4.79010887772194,4.74437944929483,158
"152",2015,12,5.13461538461539,26,5.57692307692308,4.69230769230769,4.33333333333333,5.625,5.04545454545455,13,13,6,4,22,2112,1047,1065,336,601,1511,4.76210984848485,5.11984336198663,4.41042253521127,4.78961607142857,4.79566555740433,4.74876307081403,159
"153",2016,1,4.92424242424242,33,5.25,4.53333333333333,4.88888888888889,5.25,4.87931034482759,18,15,9,4,29,2145,1065,1080,345,605,1540,4.7646041958042,5.12204319248827,4.41212962962963,4.79220579710145,4.7986694214876,4.75122142857143,160
"154",2016,2,4.71153846153846,26,5.16666666666667,4.32142857142857,4.125,5.4,4.54761904761905,12,14,8,5,21,2171,1077,1094,353,610,1561,4.76396867802856,5.12254038997215,4.4109689213894,4.77708498583569,4.80359836065574,4.74848238308777,161
"155",2016,3,4.324,25,5.04615384615385,3.54166666666667,2.83333333333333,6.025,4,13,12,6,4,21,2196,1090,1106,359,614,1582,4.75895992714026,5.12162935779817,4.40153707052441,4.74459888579387,4.81155537459283,4.73854677623262,162
"156",2016,4,5.00769230769231,13,5.42857142857143,4.51666666666667,NA,5.33333333333333,4.91,7,6,0,3,10,2209,1097,1112,359,617,1592,4.76042372114079,5.12358796718323,4.4021582733813,4.74459888579387,4.81409238249595,4.73962374371859,163
"157",2016,5,4.73275862068965,29,5.171875,4.19230769230769,5.5,4.6,4.76041666666667,16,13,3,5,24,2238,1113,1125,362,622,1616,4.76006523681859,5.12428212039533,4.39973333333334,4.7508591160221,4.81237138263666,4.73993254950495,164
"158",2016,6,5.08333333333333,30,5.1125,5.05,3.55,6.175,4.91538461538462,16,14,4,4,26,2268,1129,1139,366,626,1642,4.76434126984127,5.12411514614704,4.40772607550483,4.7377349726776,4.82107827476038,4.74271071863581,165
"159",2016,7,4.61923076923077,26,5.41,4.125,3.83333333333333,5.4,4.43333333333333,10,16,3,5,21,2294,1139,1155,369,631,1663,4.76269659982563,5.12662510974539,4.40380952380953,4.73038211382114,4.82566561014263,4.73880396873121,166
"160",2016,8,4.98181818181818,33,5.5,4.18461538461538,4.14285714285714,7,4.78,20,13,7,3,30,2327,1159,1168,376,634,1693,4.76580403953588,5.1330681622088,4.4013698630137,4.71944414893617,4.83595425867508,4.73953396337862,167
"161",2016,9,4.90322580645161,31,4.73684210526316,5.16666666666667,9,4,4.93333333333333,19,12,1,1,30,2358,1178,1180,377,635,1723,4.7676106870229,5.12667741935484,4.40915254237288,4.73079840848806,4.83463779527559,4.74290829947766,168
"162",2016,10,5.03048780487805,41,5.26136363636364,4.76315789473684,4.625,5.1875,4.99242424242424,22,19,8,8,33,2399,1200,1199,385,643,1756,4.77210337640684,5.12914666666667,4.41476230191827,4.7286,4.83902799377916,4.74759738041002,169
"163",2016,11,5.075,40,5.58695652173913,4.38235294117647,4.2,5.27777777777778,5.01612903225806,23,17,5,9,31,2439,1223,1216,390,652,1787,4.77707093070931,5.13775633687654,4.41430921052632,4.72182307692308,4.84508435582822,4.75225573587018,170
"164",2016,12,4.90322580645161,31,5.57142857142857,4.35294117647059,5,4.78571428571429,4.9375,14,17,4,7,24,2470,1237,1233,394,659,1811,4.77865425101215,5.1426645109135,4.41346309813463,4.72464720812183,4.84445371775417,4.75471065709553,171
"165",2017,1,4.75609756097561,41,5.10526315789474,4.45454545454545,4.5,4.6,4.80645161290323,19,22,8,10,31,2511,1256,1255,402,669,1842,4.77828594185583,5.14209872611465,4.41418326693227,4.72017661691542,4.84079970104634,4.75558143322476,172
"166",2017,2,5.03714285714286,35,4.90555555555556,5.17647058823529,3,5.625,4.86296296296296,18,17,3,8,27,2546,1274,1272,405,677,1869,4.78184446190102,5.13875667189953,4.42437106918239,4.70743456790124,4.85006646971935,4.75713269127876,173
"167",2017,3,5.01666666666667,30,5.63333333333333,4.4,4.33333333333333,5,5.02173913043478,15,15,9,7,23,2576,1289,1287,414,684,1892,4.78457919254658,5.14451202482545,4.42408702408703,4.69930193236715,4.85160087719298,4.76034936575053,174
"168",2017,4,4.485,20,4.68333333333333,4.1875,5.16666666666667,4.5,4.48333333333333,12,8,3,2,18,2596,1301,1295,417,686,1910,4.78227118644068,5.14025826287472,4.42262548262548,4.70266426858513,4.85057580174927,4.7577387434555,175
"169",2017,5,4.44642857142857,28,5.1,3.69230769230769,5,5,4.32608695652174,15,13,2,5,23,2624,1316,1308,419,691,1933,4.7786875,5.13979939209727,4.41536697247707,4.70408353221957,4.85165701881331,4.75260269011899,176
"170",2017,6,5.09459459459459,37,5.375,4.76470588235294,5.2,4.58333333333333,5.19354838709677,20,17,10,6,31,2661,1336,1325,429,697,1964,4.78308004509583,5.14332035928144,4.41984905660378,4.71564335664336,4.84934720229555,4.75956262729124,177
"171",2017,7,4.57741935483871,31,4.82777777777778,4.23076923076923,5,4.97142857142857,4.4625,18,13,5,7,24,2692,1354,1338,434,704,1988,4.7807117384844,5.13912555391433,4.41801195814649,4.71891935483871,4.85056107954545,4.75597635814889,178
"172",2017,8,4.90625,48,5.4,4.3695652173913,5,5.25,4.8375,25,23,9,8,40,2740,1379,1361,443,712,2028,4.78291094890511,5.14385496736766,4.41719324026451,4.72462979683973,4.85504915730337,4.75758431952663,179
"173",2017,9,4.75,30,4.84375,4.64285714285714,5,4,4.86538461538461,16,14,3,4,26,2770,1395,1375,446,716,2054,4.78255451263538,5.14041290322581,4.41949090909091,4.72648206278027,4.85027234636871,4.75894888023369,180
"174",2017,10,4.890625,32,5.28571428571429,4.58333333333333,4.66666666666667,4.71428571428571,4.94,14,18,3,7,25,2802,1409,1393,449,723,2079,4.78378872234118,5.141856635912,4.42160804020101,4.72608240534521,4.84895573997234,4.76112602212602,181
"175",2017,11,4.82142857142857,28,5.46428571428571,4.17857142857143,4.33333333333333,4,4.88461538461539,14,14,6,2,26,2830,1423,1407,455,725,2105,4.78416113074205,5.14502881236824,4.41918976545842,4.7209032967033,4.84661379310345,4.7626513064133,182
"176",2017,12,4.67142857142857,42,4.64705882352941,4.688,3.8375,4.24285714285714,4.75714285714286,17,25,8,7,35,2872,1440,1432,463,732,2140,4.78251253481894,5.13915,4.42388268156425,4.70563930885529,4.84084016393442,4.76256121495327,183
"177",2018,1,4.74953488372093,43,4.97518518518519,4.36875,4.5,5.09,4.64636363636364,27,16,6,10,33,2915,1467,1448,469,742,2173,4.78202607204117,5.13613224267212,4.42327348066299,4.70300852878465,4.84419811320755,4.76079659456972,184
"178",2018,2,4.94642857142857,28,5.91666666666667,4.21875,4.5,6,4.82,12,16,9,3,25,2943,1479,1464,478,745,2198,4.78359021406728,5.14246517917512,4.42103825136612,4.69918619246862,4.84885234899329,4.76146997270246,185
"179",2018,3,5.04594594594595,37,5.22608695652174,4.75,5.75,4.525,5.18965517241379,23,14,4,8,29,2980,1502,1478,482,753,2227,4.78684765100671,5.14374567243675,4.42415426251692,4.70790663900415,4.84541168658698,4.76704580152672,186
"180",2018,4,4.27666666666667,30,4.72,3.83333333333333,4.9,3.33333333333333,4.38148148148148,15,15,5,3,27,3010,1517,1493,487,756,2254,4.78176279069767,5.13955570204351,4.41821835231079,4.70987885010267,4.83941137566137,4.7624272404614,187
"181",2018,5,4.37620689655172,29,4.28882352941176,4.5,5.25,3.66666666666667,4.45807692307692,17,12,4,3,26,3039,1534,1505,491,759,2280,4.77789272787101,5.13012777053455,4.41887043189369,4.71427902240326,4.83477602108037,4.75895657894737,188
"182",2018,6,5.40180541666667,24,5.77025615384615,4.96636363636364,5,5.77166666666667,5.27851833333333,13,11,5,6,18,3063,1547,1516,496,765,2298,4.78278136793993,5.13550700064641,4.42284300791557,4.71715927419355,4.84212418300653,4.76302625326371,189
"183",2018,7,4.56,35,4.93333333333333,4.28,4.5,3.6875,4.81851851851852,15,20,6,8,27,3098,1562,1536,502,773,2325,4.78026447062621,5.1335655121639,4.42098307291667,4.71456374501992,4.83017464424321,4.76367067956989,190
"184",2018,8,4.60882352941176,34,5.01176470588235,4.20588235294118,5.33333333333333,4,4.646875,17,17,6,2,32,3132,1579,1553,508,775,2357,4.77840336206897,5.13225416719443,4.41862846104314,4.7218720472441,4.82803225806451,4.76208499363598,191
"185",2018,9,4.78571428571429,14,5,4.625,NA,5,4.72727272727273,6,8,0,3,11,3146,1585,1561,508,778,2368,4.77843589637635,5.13175352050473,4.41968609865471,4.7218720472441,4.82869537275064,4.76192328125,192
"186",2018,10,4.81666666666667,30,5.33333333333333,4.04166666666667,3,6,4.77586206896552,18,12,1,1,29,3176,1603,1573,509,779,2397,4.77879701826197,5.1340170492826,4.41680228862047,4.71848919449902,4.83019897304236,4.7620919190655,193
"187",2018,11,4.61617647058824,34,4.96190476190476,4.05769230769231,3.8,4.675,4.60833333333333,21,13,5,4,30,3210,1624,1586,514,783,2427,4.7770745576324,5.13179145935961,4.41385876418663,4.70955447470817,4.8294061302682,4.76019131850021,194
"188",2018,12,4.74666666666667,45,5.06666666666667,4.46666666666667,4.66666666666667,5.15555555555556,4.64444444444444,21,24,3,9,36,3255,1645,1610,517,792,2463,4.77665417204301,5.13096007902736,4.41464596273292,4.70930560928433,4.83311237373737,4.75849952496955,195
"189",2019,1,5.25142857142857,56,5.65942857142857,4.57142857142857,4.57142857142857,5.14285714285714,5.2669387755102,35,21,7,7,49,3311,1680,1631,524,799,2512,4.78468418302628,5.14196983928572,4.41666462293072,4.70746374045802,4.83582603254067,4.76841732882166,196
"190",2019,2,4.80263157894737,38,5.36363636363636,4.03125,4.07142857142857,4.55555555555556,4.87931034482759,22,16,7,9,29,3349,1702,1647,531,808,2541,4.78488782621678,5.14483509400705,4.41292046144505,4.6990790960452,4.83270420792079,4.76968293191657,197
"191",2019,3,4.8275,40,4.94814814814815,4.57692307692308,5,4.57142857142857,4.88181818181818,27,13,2,7,33,3389,1729,1660,533,815,2574,4.78539077308941,5.14176363794101,4.41420481927711,4.70020825515948,4.83046012269939,4.77112056332556,198
"192",2019,4,4.85666666666667,30,5.44285714285714,4.34375,5,4.44,4.94,14,16,3,5,25,3419,1743,1676,536,820,2599,4.78601618309447,5.14418205966724,4.41353221957041,4.70188619402985,4.82807926829268,4.77274502885725,199
"193",2019,5,4.93963972972973,37,5.06274529411765,4.835,4.8,5.7,4.8208334375,17,20,5,5,32,3456,1760,1696,541,825,2631,4.78766087962963,5.14339545454546,4.41850235849057,4.70279297597043,4.83336363636363,4.77332991258077,200
"194",2019,6,4.95135135135135,37,5.11086956521739,4.68928571428571,4.75,4.69375,5.02241379310345,23,14,3,8,29,3493,1783,1710,544,833,2660,4.78939478957916,5.14297588334268,4.42071929824561,4.70305330882353,4.83202280912365,4.77604548872181,201
"195",2019,7,4.971875,32,5.1,4.75833333333333,4.2,5,4.96538461538462,20,12,5,6,26,3525,1803,1722,549,839,2686,4.79105134751773,5.14249916805325,4.42307200929152,4.69847176684882,4.83322407628129,4.77787825763217,202
"196",2019,8,5.14142857142857,42,5.10857142857143,5.20714285714286,6,5.85714285714286,4.99828571428571,28,14,3,7,35,3567,1831,1736,552,846,2721,4.7951768993552,5.14198033861278,4.42939516129032,4.70554528985507,4.84169621749409,4.78071334068357,203
"197",2019,9,5.17307692307692,26,6.55555555555556,4.44117647058824,4,5.75,5.125,9,17,5,2,24,3593,1840,1753,557,848,2745,4.79791149457278,5.14889456521739,4.42950941243582,4.6992118491921,4.84383844339623,4.78372349726776,204
"198",2019,10,4.98116279069767,43,5.3676,4.44444444444444,4.4,6.08333333333333,4.80243243243243,25,18,5,6,37,3636,1865,1771,562,854,2782,4.80007865786579,5.15182627345845,4.42966120835686,4.69654982206406,4.85254683840749,4.78397232207045,205
"199",2019,11,4.86132258064516,31,5.23529411764706,4.40721428571429,7,3.8,4.93451724137931,17,14,3,2,29,3667,1882,1785,565,856,2811,4.80059640032724,5.15258023379384,4.42948515406162,4.70878053097345,4.85008761682243,4.78552543578798,206
"200",2019,12,4.85789473684211,38,5.78,3.83333333333333,3.58333333333333,4.7,4.87142857142857,20,18,6,3,35,3705,1902,1803,571,859,2846,4.80118407557355,5.15917770767613,4.4235335551858,4.69695446584939,4.84956344586729,4.78658186929023,207
"201",2020,1,4.53162084337349,83,4.94865232142857,3.66666666666667,4.5,4.33333333333333,4.56513422535211,56,27,6,12,71,3788,1958,1830,577,871,2917,4.79527759503696,5.1531565526047,4.41236666666667,4.69490641247834,4.84245120551091,4.78119181693521,208
"202",2020,2,5.10641025641026,39,5.34615384615385,4.62692307692308,5.5,5.4,5.06323529411765,26,13,4,5,34,3827,1984,1843,581,876,2951,4.79844827018553,5.15568575100807,4.41388008681498,4.70044922547332,4.84563356164383,4.78444138597086,209
"203",2020,3,4.69345588235294,51,4.70228448275862,4.68181818181818,5.66666666666667,5.25,4.64609042553191,29,22,3,4,47,3878,2013,1865,584,880,2998,4.79706750386797,5.14915388971684,4.41704075067024,4.70541267123288,4.84747159090909,4.78227244162775,210
"204",2020,4,5.04166666666667,48,5.33333333333333,4.66666666666667,5.25,4.625,5.125,27,21,12,8,40,3926,2040,1886,596,888,3038,4.80005801833928,5.15159155882353,4.41982025450689,4.71637751677852,4.84546734234234,4.7867849835418,211
"205",2020,5,4.39952380952381,42,4.62615384615385,4.03125,4.66666666666667,4,4.43025641025641,26,16,6,3,39,3968,2066,1902,602,891,3077,4.79581849294355,5.1449790803485,4.41655152471083,4.71588205980067,4.84262065095398,4.78226609684758,212
"206",2020,6,4.79024390243902,41,4.97142857142857,4.6,4.33333333333333,4.5,4.82162162162162,21,20,3,4,37,4009,2087,1922,605,895,3114,4.79576148166625,5.14323276473407,4.4184604578564,4.71398512396694,4.84108938547486,4.78273371226718,213
"207",2020,7,4.97567567567568,37,5.68947368421053,4.22222222222222,4.5,4.62,5.03125,19,18,5,5,32,4046,2106,1940,610,900,3146,4.79740676717746,5.14816086419753,4.41663969072165,4.71223114754098,4.83986111111111,4.78526153210426,214
"208",2020,8,4.83136363636364,44,5.4432,4.02631578947368,3.66666666666667,5.16666666666667,4.74514285714286,25,19,6,9,35,4090,2131,1959,616,909,3181,4.79777207334963,5.15162213984045,4.4128540071465,4.70204707792208,4.84309680968097,4.78482011317196,215
"209",2020,9,5.11724137931034,58,5.82272727272727,4.68611111111111,4.51666666666667,5.85625,4.83571428571429,22,36,12,16,42,4148,2153,1995,628,925,3223,4.80223909836066,5.158479693451,4.41778496240601,4.69850477707006,4.86062162162162,4.7854833322991,216
"210",2020,10,4.82244897959184,49,4.85,4.78571428571429,4.8,4.33333333333333,4.85434782608696,28,21,5,3,46,4197,2181,2016,633,928,3269,4.80247504884441,5.15451938560294,4.42161755952381,4.69930647709321,4.85891702586207,4.78645236463751,217
"211",2020,11,5.06896551724138,58,5.51351351351351,4.28571428571429,3.75,5.5,5.05357142857143,37,21,4,2,56,4255,2218,2037,637,930,3325,4.80610758636898,5.16050801623084,4.42021649484536,4.6933453689168,4.86029569892473,4.79095121203008,218
"212",2020,12,4.82802197802198,91,5.248,4.31585365853658,4.46153846153846,5.23888888888889,4.78292682926829,50,41,13,9,82,4346,2268,2078,650,939,3407,4.80656644730787,5.16243685185185,4.41815736284889,4.68870923076923,4.86392438764643,4.79075808042266,219
"213",2021,1,4.55090094594595,74,4.76228078947368,4.32777777777778,4.16666666666667,4.22222222222222,4.59641030769231,38,36,12,9,65,4420,2306,2114,662,948,3472,4.80228607466063,5.15584277970512,4.41661825922422,4.67924622356496,4.85783227848101,4.78711965725807,220
"214",2021,2,5.17123287671233,73,5.61842105263158,4.68571428571429,4.95454545454545,5.275,5.13207547169811,38,35,11,20,53,4493,2344,2149,673,968,3525,4.80828053638994,5.16334191552901,4.42100093066543,4.68374591381872,4.86645144628099,4.79230622695036,221
"215",2021,3,4.74747826086957,46,5.368,4.00876190476191,3.8568,4.796,4.74285714285714,25,21,5,4,42,4539,2369,2170,678,972,3567,4.80766434236616,5.1655016673702,4.41701152073733,4.67764749262537,4.86616152263374,4.79172398373984,222
"216",2021,4,5.3125,48,5.69354838709677,4.61764705882353,4.25,4.66666666666667,5.35555555555556,31,17,4,3,45,4587,2400,2187,682,975,3612,4.81294712230216,5.17232227083333,4.41857110196616,4.67513929618768,4.86554769230769,4.79874846345515,223
"217",2021,5,4.77111111111111,45,5.05,4.45238095238095,4.66666666666667,5.25,4.72439024390244,24,21,6,4,41,4632,2424,2208,688,979,3653,4.8125406843696,5.17111115924093,4.41889266304348,4.67506540697674,4.86711848825332,4.79791389269094,224
"218",2021,6,4.50510204081633,49,4.81818181818182,4.25,6.5,4.0625,4.54444444444444,22,27,2,4,45,4681,2446,2235,690,983,3698,4.8093224631489,5.16793681520851,4.41685234899329,4.68035507246377,4.86384435401831,4.79482948891293,225
"219",2021,7,4.44871794871795,39,4.78571428571429,4.05555555555556,2.75,4.66666666666667,4.40909090909091,21,18,2,6,33,4720,2467,2253,692,989,3731,4.80634289194915,5.16468319821646,4.41396582334665,4.67477601156069,4.86264812942366,4.79141770302868,226
"220",2021,8,5.33473684210526,38,5.53,5,4.25,5.5,5.30375,24,14,4,6,32,4758,2491,2267,696,995,3763,4.81056293610761,5.16820291047772,4.41758491398324,4.67233477011494,4.86649145728643,4.79577450172735,227
"221",2021,9,5.04622222222222,45,5.43379310344828,4.34375,4.5,6.125,4.9409756097561,29,16,5,4,41,4803,2520,2283,701,999,3804,4.81277086196128,5.17125930555556,4.41706745510293,4.67110556348074,4.87153053053053,4.79733949789695,228
"222",2021,10,4.56458333333333,48,5.17826086956522,4,3.85714285714286,4.85714285714286,4.51463414634146,23,25,7,7,41,4851,2543,2308,708,1006,3845,4.81031507936508,5.17132263075108,4.41254982668977,4.66305790960452,4.87143041749503,4.79432495448635,229
"223",2021,11,4.90568181818182,44,5.09193548387097,4.46153846153846,5.4,5.8,4.79102564102564,31,13,5,5,39,4895,2574,2321,713,1011,3884,4.81117230847804,5.17036653069153,4.41282421370099,4.66822580645161,4.87602274975272,4.79429182543769,230
"224",2021,12,4.40411764705882,68,4.73209302325581,3.84,3.625,4.77555555555556,4.34745762711864,43,25,8,9,59,4963,2617,2346,721,1020,3943,4.80559509369333,5.16316524646542,4.4067199488491,4.65665048543689,4.8751362745098,4.78760574435709,231
"225",2022,1,4.396,110,4.54606557377049,4.20918367346939,4.42857142857143,4.51923076923077,4.37948453608247,61,49,14,13,97,5073,2678,2395,735,1033,4040,4.79671367041199,5.14910883121733,4.40267849686848,4.65230612244898,4.87065730880929,4.77780679455446,232
"226",2022,2,4.86610169491525,59,5.17191909090909,4.47794884615385,4.21055583333333,5.27777777777778,4.792,33,26,12,9,50,5132,2711,2421,747,1042,4090,4.7975113893219,5.14938649206935,4.40348685254027,4.64520973226238,4.87417370441459,4.77798030562347,233
"227",2022,3,5.125,50,5.78448275862069,4.21428571428571,2.83333333333333,6,5.02777777777778,29,21,3,5,45,5182,2740,2442,750,1047,4135,4.80067125627171,5.15610831386862,4.40185981572482,4.63796222666667,4.87955014326648,4.78069877871826,234
"228",2022,4,5.025,50,5.41666666666667,4.74137931034483,4.75,5.10714285714286,4.99305555555556,21,29,6,14,36,5232,2761,2471,756,1061,4171,4.80281507071866,5.15809010503441,4.40584446377985,4.63885141534392,4.88255325164939,4.7825316350995,235
"229",2022,5,4.95116279069767,43,5.45294117647059,4.62307692307692,5.02857142857143,5.05,4.94102564102564,17,26,7,4,39,5275,2778,2497,763,1065,4210,4.8040243507109,5.15989444924406,4.40810639567481,4.64242682830931,4.88318215962441,4.78399986935867,236
"230",2022,6,5.02093023255814,43,5.33636363636364,4.69047619047619,4.71428571428571,6.14285714285714,4.80277777777778,22,21,7,7,36,5318,2800,2518,770,1072,4246,4.80577819669049,5.16128099285715,4.41046134630659,4.64308009090909,4.89140764925373,4.7841590791333,237
"231",2022,7,4.99459459459459,37,5.22631578947368,4.75,5,4.91666666666667,5.00967741935484,19,18,4,6,31,5355,2819,2536,774,1078,4277,4.80708281045752,5.16171932600213,4.41287132097792,4.6449246382429,4.89154823747681,4.78579365209259,238
"232",2022,8,5.33194444444444,72,5.63870967741935,5.1,4.82727272727273,4.4,5.40149253731343,31,41,11,5,67,5427,2850,2577,785,1083,4344,4.81404614888521,5.16690764210527,4.42380351959643,4.64747983439491,4.88927885503232,4.7952899286372,239
"233",2022,9,4.978375,56,5.11206896551724,4.83477777777778,5.25,5.51483333333333,4.914,29,27,4,6,50,5483,2879,2604,789,1089,4394,4.8157245030093,5.16635525529698,4.4280647734255,4.65053443599493,4.89272543617998,4.7966407487483,240
"234",2022,10,4.881,44,4.98264285714286,4.703125,4.6,4.5,4.9191,28,16,5,4,40,5527,2907,2620,794,1093,4434,4.81624415596164,5.16458575163399,4.42974453053435,4.65021620906801,4.89128819762123,4.79774547812359,241
"235",2022,11,4.71307692307692,52,4.91304347826087,4.55448275862069,4.54,5.06666666666667,4.69142857142857,23,29,5,3,49,5579,2930,2649,799,1096,4483,4.81528256856068,5.16261118771331,4.43111010570026,4.64952649561952,4.89176824817518,4.7965834151238,242
"236",2022,12,4.61805555555556,72,5.39705882352941,3.92105263157895,4.05555555555556,4.22222222222222,4.67460317460317,34,38,9,9,63,5651,2964,2687,808,1105,4546,4.81276967793311,5.16530053306343,4.42389678823967,4.64291048267327,4.8863149321267,4.79489297184338,243
