"","year","month","avg_rating","no_ratings","avg_rating_owned","avg_rating_not_owned","avg_rating_prev_owned","avg_rating_comment","avg_rating_no_comment","no_ratings_owned","no_ratings_not_owned","no_ratings_prev_owned","no_ratings_comment","no_ratings_no_comment","cum_no_ratings","cum_no_ratings_owned","cum_no_ratings_not_owned","cum_no_ratings_prev_owned","cum_no_ratings_comment","cum_no_ratings_no_comment","cum_avg_rating","cum_avg_rating_owned","cum_avg_rating_not_owned","cum_avg_rating_prev_owned","cum_avg_rating_comment","cum_avg_rating_no_comment","month_after_release"
"1",2003,2,7,1,7,NA,NA,7,NA,1,0,0,1,0,1,1,0,0,1,0,7,7,NA,NA,7,NA,-57
"2",2003,3,6,1,6,NA,NA,NA,6,1,0,0,0,1,2,2,0,0,1,1,6.5,6.5,NA,NA,7,6,-56
"3",2003,9,4,1,NA,4,NA,4,NA,0,1,0,1,0,3,2,1,0,2,1,5.66666666666667,6.5,4,NA,5.5,6,-50
"4",2004,1,4,2,NA,4,NA,NA,4,0,2,0,0,2,5,2,3,0,2,3,5,6.5,4,NA,5.5,4.66666666666667,-46
"5",2004,4,8,1,NA,8,NA,NA,8,0,1,0,0,1,6,2,4,0,2,4,5.5,6.5,5,NA,5.5,5.5,-43
"6",2004,9,6,1,NA,6,6,6,NA,0,1,1,1,0,7,2,5,1,3,4,5.57142857142857,6.5,5.2,6,5.66666666666667,5.5,-38
"7",2004,10,6,1,NA,6,NA,6,NA,0,1,0,1,0,8,2,6,1,4,4,5.625,6.5,5.33333333333333,6,5.75,5.5,-37
"8",2004,11,7,1,NA,7,7,7,NA,0,1,1,1,0,9,2,7,2,5,4,5.77777777777778,6.5,5.57142857142857,6.5,6,5.5,-36
"9",2004,12,6,1,6,NA,NA,NA,6,1,0,0,0,1,10,3,7,2,5,5,5.8,6.33333333333333,5.57142857142857,6.5,6,5.6,-35
"10",2005,1,6,2,6,NA,NA,6,6,2,0,0,1,1,12,5,7,2,6,6,5.83333333333333,6.2,5.57142857142857,6.5,6,5.66666666666667,-34
"11",2005,2,6,1,NA,6,NA,NA,6,0,1,0,0,1,13,5,8,2,6,7,5.84615384615385,6.2,5.625,6.5,6,5.71428571428571,-33
"12",2005,3,5,1,5,NA,NA,NA,5,1,0,0,0,1,14,6,8,2,6,8,5.78571428571429,6,5.625,6.5,6,5.625,-32
"13",2005,6,4,1,NA,4,NA,NA,4,0,1,0,0,1,15,6,9,2,6,9,5.66666666666667,6,5.44444444444444,6.5,6,5.44444444444444,-29
"14",2005,8,7,1,NA,7,NA,7,NA,0,1,0,1,0,16,6,10,2,7,9,5.75,6,5.6,6.5,6.14285714285714,5.44444444444444,-27
"15",2005,9,7,1,7,NA,NA,7,NA,1,0,0,1,0,17,7,10,2,8,9,5.82352941176471,6.14285714285714,5.6,6.5,6.25,5.44444444444444,-26
"16",2005,11,5,1,NA,5,NA,NA,5,0,1,0,0,1,18,7,11,2,8,10,5.77777777777778,6.14285714285714,5.54545454545455,6.5,6.25,5.4,-24
"17",2006,2,8,1,8,NA,NA,8,NA,1,0,0,1,0,19,8,11,2,9,10,5.89473684210526,6.375,5.54545454545455,6.5,6.44444444444444,5.4,-21
"18",2006,10,7,2,8,6,NA,6,8,1,1,0,1,1,21,9,12,2,10,11,6,6.55555555555556,5.58333333333333,6.5,6.4,5.63636363636364,-13
"19",2007,2,5,1,5,NA,NA,NA,5,1,0,0,0,1,22,10,12,2,10,12,5.95454545454545,6.4,5.58333333333333,6.5,6.4,5.58333333333333,-9
"20",2007,6,7,1,7,NA,NA,NA,7,1,0,0,0,1,23,11,12,2,10,13,6,6.45454545454545,5.58333333333333,6.5,6.4,5.69230769230769,-5
"21",2007,7,10,1,10,NA,NA,10,NA,1,0,0,1,0,24,12,12,2,11,13,6.16666666666667,6.75,5.58333333333333,6.5,6.72727272727273,5.69230769230769,-4
"22",2007,8,7.33333333333333,6,8,6,NA,7,7.5,4,2,0,2,4,30,16,14,2,13,17,6.4,7.0625,5.64285714285714,6.5,6.76923076923077,6.11764705882353,-3
"23",2007,9,5.5,2,NA,5.5,NA,6,5,0,2,0,1,1,32,16,16,2,14,18,6.34375,7.0625,5.625,6.5,6.71428571428571,6.05555555555556,-2
"24",2007,10,6.75,2,6.5,7,7,NA,6.75,1,1,1,0,2,34,17,17,3,14,20,6.36764705882353,7.02941176470588,5.70588235294118,6.66666666666667,6.71428571428571,6.125,-1
"25",2007,11,5.75,12,6.7,5.07142857142857,6.5,6.5,5.21428571428571,5,7,1,5,7,46,22,24,4,19,27,6.20652173913043,6.95454545454545,5.52083333333333,6.625,6.65789473684211,5.88888888888889,0
"26",2007,12,6.25,4,7,6,7,6.25,NA,1,3,1,4,0,50,23,27,5,23,27,6.21,6.95652173913043,5.57407407407407,6.7,6.58695652173913,5.88888888888889,1
"27",2008,1,7.21428571428571,7,7.625,6.66666666666667,7,6.66666666666667,7.625,4,3,1,3,4,57,27,30,6,26,31,6.33333333333333,7.05555555555556,5.68333333333333,6.75,6.59615384615385,6.11290322580645,2
"28",2008,2,7.75,2,8,7.5,NA,8,7.5,1,1,0,1,1,59,28,31,6,27,32,6.38135593220339,7.08928571428571,5.74193548387097,6.75,6.64814814814815,6.15625,3
"29",2008,3,6.75,4,8,5.5,NA,6,9,2,2,0,3,1,63,30,33,6,30,33,6.40476190476191,7.15,5.72727272727273,6.75,6.58333333333333,6.24242424242424,4
"30",2008,4,6.66666666666667,3,7,6,NA,NA,6.66666666666667,2,1,0,0,3,66,32,34,6,30,36,6.41666666666667,7.140625,5.73529411764706,6.75,6.58333333333333,6.27777777777778,5
"31",2008,5,7.7,5,8.5,6.5,6.5,NA,7.7,3,2,2,0,5,71,35,36,8,30,41,6.50704225352113,7.25714285714286,5.77777777777778,6.6875,6.58333333333333,6.45121951219512,6
"32",2008,6,6.9,5,7,6.875,NA,7,6.75,1,4,0,3,2,76,36,40,8,33,43,6.53289473684211,7.25,5.8875,6.6875,6.62121212121212,6.46511627906977,7
"33",2008,7,7.66666666666667,6,7.625,7.75,NA,8.125,6.75,4,2,0,4,2,82,40,42,8,37,45,6.61585365853659,7.2875,5.97619047619048,6.6875,6.78378378378378,6.47777777777778,8
"34",2008,8,6.0625,8,6.3,5.66666666666667,NA,6,6.08333333333333,5,3,0,2,6,90,45,45,8,39,51,6.56666666666667,7.17777777777778,5.95555555555556,6.6875,6.74358974358974,6.43137254901961,9
"35",2008,9,6.45,14,7.4,5.92222222222222,5.5,6.5,6.43,5,9,2,4,10,104,50,54,10,43,61,6.55096153846154,7.2,5.95,6.45,6.72093023255814,6.43114754098361,10
"36",2008,10,5.5,7,6.75,5,NA,4,5.75,2,5,0,1,6,111,52,59,10,44,67,6.48468468468468,7.18269230769231,5.86949152542373,6.45,6.65909090909091,6.37014925373134,11
"37",2008,11,5.9375,8,7,5.3,NA,6,5.83333333333333,3,5,0,5,3,119,55,64,10,49,70,6.44789915966386,7.17272727272727,5.825,6.45,6.59183673469388,6.34714285714286,12
"38",2008,12,4.125,4,NA,4.125,NA,3,5.25,0,4,0,2,2,123,55,68,10,51,72,6.37235772357724,7.17272727272727,5.725,6.45,6.45098039215686,6.31666666666667,13
"39",2009,1,7.16666666666667,6,7.66666666666667,6.66666666666667,7,7.5,7,3,3,1,2,4,129,58,71,11,53,76,6.4093023255814,7.19827586206897,5.76478873239437,6.5,6.49056603773585,6.35263157894737,14
"40",2009,2,6.1,8,6.66666666666667,5.76,6,5.75,6.45,3,5,1,4,4,137,61,76,12,57,80,6.39124087591241,7.17213114754098,5.76447368421053,6.45833333333333,6.43859649122807,6.3575,15
"41",2009,3,6.0625,8,5.66666666666667,6.3,8,5.625,6.5,3,5,1,4,4,145,64,81,13,61,84,6.37310344827586,7.1015625,5.79753086419753,6.57692307692308,6.38524590163934,6.36428571428571,16
"42",2009,4,5.875,8,6.375,5.375,NA,5,6.16666666666667,4,4,0,2,6,153,68,85,13,63,90,6.34705882352941,7.05882352941176,5.77764705882353,6.57692307692308,6.34126984126984,6.35111111111111,17
"43",2009,5,6.20769230769231,13,7,5.7125,6,7,5.97,5,8,3,3,10,166,73,93,16,66,100,6.33614457831325,7.05479452054795,5.77204301075269,6.46875,6.37121212121212,6.313,18
"44",2009,6,6.35,8,6.3,6.4,4,5.5,6.63333333333333,4,4,1,2,6,174,77,97,17,68,106,6.3367816091954,7.01558441558442,5.7979381443299,6.32352941176471,6.34558823529412,6.3311320754717,19
"45",2009,7,6.33333333333333,12,6.35,6.31666666666667,6,6.3,6.35714285714286,6,6,2,5,7,186,83,103,19,73,113,6.33655913978495,6.96746987951807,5.82815533980583,6.28947368421053,6.34246575342466,6.33274336283186,20
"46",2009,8,5.90909090909091,11,6.4,5.5,4,5.66666666666667,6,5,6,1,3,8,197,88,109,20,76,121,6.31269035532995,6.93522727272727,5.81009174311927,6.175,6.31578947368421,6.31074380165289,21
"47",2009,9,6.05,10,5.625,6.33333333333333,7,5,6.3125,4,6,1,2,8,207,92,115,21,78,129,6.3,6.87826086956522,5.83739130434783,6.21428571428571,6.28205128205128,6.31085271317829,22
"48",2009,10,5.88888888888889,9,5.5,6,6.33333333333333,6.25,5.6,2,7,3,4,5,216,94,122,24,82,134,6.28287037037037,6.84893617021277,5.84672131147541,6.22916666666667,6.28048780487805,6.28432835820896,23
"49",2009,11,6.09333333333333,15,7.1125,4.92857142857143,NA,3.66666666666667,6.7,8,7,0,3,12,231,102,129,24,85,146,6.27056277056277,6.86960784313726,5.7968992248062,6.22916666666667,6.18823529411765,6.31849315068493,24
"50",2009,12,6.75,8,8,6.33333333333333,7,7,6.6,2,6,2,3,5,239,104,135,26,88,151,6.28661087866109,6.89134615384615,5.82074074074074,6.28846153846154,6.21590909090909,6.32781456953642,25
"51",2010,1,6.53571428571429,14,6.66666666666667,6.3,5.66666666666667,6.3,6.66666666666667,9,5,3,5,9,253,113,140,29,93,160,6.300395256917,6.87345132743363,5.83785714285714,6.22413793103448,6.22043010752688,6.346875,26
"52",2010,2,5.92857142857143,7,6.375,5.33333333333333,5,6.5,5.83333333333333,4,3,1,1,6,260,117,143,30,94,166,6.29038461538462,6.85641025641026,5.82727272727273,6.18333333333333,6.22340425531915,6.32831325301205,27
"53",2010,3,6.23,10,7.6,5.64285714285714,6.16666666666667,5,7.05,3,7,3,4,6,270,120,150,33,98,172,6.28814814814815,6.875,5.81866666666667,6.18181818181818,6.1734693877551,6.35348837209302,28
"54",2010,4,7.66666666666667,3,8,7.5,NA,NA,7.66666666666667,1,2,0,0,3,273,121,152,33,98,175,6.3032967032967,6.88429752066116,5.84078947368421,6.18181818181818,6.1734693877551,6.376,29
"55",2010,5,6.1875,8,5.66666666666667,6.5,6.5,5.66666666666667,6.5,3,5,3,3,5,281,124,157,36,101,180,6.3,6.85483870967742,5.86178343949045,6.20833333333333,6.15841584158416,6.37944444444444,30
"56",2010,6,6.4,5,6,6.66666666666667,6,6,6.5,2,3,1,1,4,286,126,160,37,102,184,6.30174825174825,6.84126984126984,5.876875,6.2027027027027,6.15686274509804,6.3820652173913,31
"57",2010,7,7.185,6,8.33333333333333,6.03666666666667,NA,NA,7.185,3,3,0,0,6,292,129,163,37,102,190,6.31989726027397,6.87596899224806,5.87981595092025,6.2027027027027,6.15686274509804,6.40742105263158,32
"58",2010,8,6.375,8,6.625,6.125,5.5,6.5,6.35714285714286,4,4,2,1,7,300,133,167,39,103,197,6.32136666666667,6.86842105263158,5.88568862275449,6.16666666666667,6.16019417475728,6.4056345177665,33
"59",2010,9,6.28571428571429,7,6.5,6.125,NA,NA,6.28571428571429,3,4,0,0,7,307,136,171,39,103,204,6.32055374592834,6.86029411764706,5.8912865497076,6.16666666666667,6.16019417475728,6.40151960784314,34
"60",2010,10,7,20,7.16666666666667,6.86363636363636,6.5,7.05555555555556,6.95454545454545,9,11,3,9,11,327,145,182,42,112,215,6.36211009174312,6.87931034482759,5.95005494505494,6.19047619047619,6.23214285714286,6.42981395348837,35
"61",2010,11,7.17941176470588,17,6.81111111111111,7.59375,NA,8.5,7.00333333333333,9,8,0,2,15,344,154,190,42,114,230,6.4025,6.87532467532468,6.01926315789474,6.19047619047619,6.2719298245614,6.46721739130435,36
"62",2010,12,7.0735,20,7.397,6.75,6.5,7.26666666666667,7.03941176470588,10,10,2,3,17,364,164,200,44,117,247,6.43936813186813,6.90713414634146,6.0558,6.20454545454545,6.2974358974359,6.5065991902834,37
"63",2011,1,6.82142857142857,14,7.1875,6.33333333333333,NA,6,6.88461538461539,8,6,0,1,13,378,172,206,44,118,260,6.45351851851852,6.92017441860465,6.06388349514563,6.20454545454545,6.29491525423729,6.5255,38
"64",2011,2,6.6875,12,6.31428571428571,7.21,NA,6.75,6.675,7,5,0,2,10,390,179,211,44,120,270,6.46071794871795,6.89648044692737,6.09104265402843,6.20454545454545,6.3025,6.53103703703704,39
"65",2011,3,6.68636363636364,11,7.25,6.01,5,6.25,6.78333333333333,6,5,1,2,9,401,185,216,45,122,279,6.46690773067332,6.90794594594595,6.08916666666667,6.17777777777778,6.30163934426229,6.53917562724014,40
"66",2011,4,4.96,15,6.34285714285714,3.75,5.66666666666667,4.875,5.05714285714286,7,8,3,8,7,416,192,224,48,130,286,6.41257211538462,6.88734375,6.005625,6.14583333333333,6.21384615384615,6.5029020979021,41
"67",2011,5,6.57142857142857,21,7.3875,6.06923076923077,7,6.86,6.48125,8,13,1,5,16,437,200,237,49,135,302,6.42020594965675,6.90735,6.00911392405063,6.16326530612245,6.23777777777778,6.50175496688742,42
"68",2011,6,6.98888888888889,18,7.475,6.6,6.5,6.83333333333333,7.06666666666667,8,10,3,6,12,455,208,247,52,141,314,6.4427032967033,6.92918269230769,6.03303643724696,6.18269230769231,6.26312056737589,6.52334394904459,43
"69",2011,7,6.62142857142857,14,6.91666666666667,6.4,6,6.14,6.88888888888889,6,8,1,5,9,469,214,255,53,146,323,6.44803837953092,6.92883177570093,6.04454901960784,6.17924528301887,6.25890410958904,6.53352941176471,44
"70",2011,8,6.3,15,7,5.83333333333333,6,7,6.125,6,9,2,3,12,484,220,264,55,149,335,6.44345041322314,6.93077272727273,6.03734848484848,6.17272727272727,6.27382550335571,6.51889552238806,45
"71",2011,9,6.54733333333333,15,6.96375,6.07142857142857,5.5,6.55,6.54692307692308,8,7,2,2,13,499,228,271,57,151,348,6.44657314629259,6.9319298245614,6.03822878228782,6.14912280701754,6.27748344370861,6.51994252873563,46
"72",2011,10,6.82692307692308,13,7.46428571428571,6.08333333333333,NA,8,6.61363636363636,7,6,0,2,11,512,235,277,57,153,359,6.45623046875,6.94778723404255,6.03920577617328,6.14912280701754,6.3,6.52281337047354,47
"73",2011,11,6.00666666666667,15,6.96666666666667,5.36666666666667,4,5.25,6.12307692307692,6,9,1,2,13,527,241,286,58,155,372,6.44343453510436,6.94825726141079,6.01804195804196,6.11206896551724,6.28645161290323,6.50884408602151,48
"74",2011,12,6.52222222222222,18,6.66666666666667,6.37777777777778,6.5,6.3,6.60769230769231,9,9,3,5,13,545,250,295,61,160,385,6.44603669724771,6.93812,6.02901694915254,6.13114754098361,6.286875,6.51218181818182,49
"75",2012,1,5.95862068965517,29,7.03,5.39473684210526,NA,7.05,5.67391304347826,10,19,0,6,23,574,260,314,61,166,408,6.42141114982578,6.94165384615385,5.99063694267516,6.13114754098361,6.3144578313253,6.46492647058824,50
"76",2012,2,6.08695652173913,23,7.16666666666667,4.90909090909091,4,6.3,6.02777777777778,12,11,2,5,18,597,272,325,63,171,426,6.40852596314908,6.95158088235294,5.95403076923077,6.06349206349206,6.3140350877193,6.44645539906103,51
"77",2012,3,6.58928571428571,14,6.71875,6.41666666666667,6.66666666666667,6.25,6.64583333333333,8,6,3,2,12,611,280,331,66,173,438,6.41266775777414,6.94492857142857,5.962416918429,6.09090909090909,6.31329479768786,6.45191780821918,52
"78",2012,4,6.02941176470588,17,7,5.625,6.125,6.35714285714286,5.8,5,12,4,7,10,628,285,343,70,180,448,6.40229299363057,6.9458947368421,5.95061224489796,6.09285714285714,6.315,6.43736607142857,53
"79",2012,5,6.58823529411765,17,7,5.83333333333333,6,6.83333333333333,6.53571428571429,11,6,3,3,14,645,296,349,73,183,462,6.40719379844961,6.9479054054054,5.94859598853868,6.08904109589041,6.32349726775956,6.44034632034632,54
"80",2012,6,6.2,11,7.02857142857143,4.75,6,NA,6.2,7,4,1,0,11,656,303,353,74,183,473,6.40371951219512,6.94976897689769,5.93501416430595,6.08783783783784,6.32349726775956,6.43475687103594,55
"81",2012,7,6.4995,20,7.4,5.599,4.5,8.25,6.305,10,10,2,2,18,676,313,363,76,185,491,6.40655325443787,6.96415335463259,5.92575757575758,6.04605263157895,6.34432432432432,6.43,56
"82",2012,8,6.35625,16,6.89166666666667,4.75,5,7.175,6.08333333333333,12,4,2,4,12,692,325,367,78,189,503,6.4053901734104,6.96147692307692,5.91294277929155,6.01923076923077,6.36190476190476,6.4217296222664,57
"83",2012,9,6.58823529411765,17,6.60714285714286,6.5,6.75,7.21428571428571,6.15,14,3,2,7,10,709,339,370,80,196,513,6.40977433004231,6.94684365781711,5.9177027027027,6.0375,6.39234693877551,6.41643274853801,58
"84",2012,10,6.425,8,6.48571428571429,6,NA,6.7,6.33333333333333,7,1,0,2,6,717,346,371,80,198,519,6.40994421199442,6.93751445086705,5.91792452830189,6.0375,6.39545454545455,6.41547206165703,59
"85",2012,11,6.8125,8,6.25,7.375,6,6,6.92857142857143,4,4,1,1,7,725,350,375,81,199,526,6.41438620689655,6.92965714285714,5.93346666666667,6.03703703703704,6.39346733668342,6.42230038022814,60
"86",2012,12,6.2625,24,7.08888888888889,5.76666666666667,5.92857142857143,6.83333333333333,5.92,9,15,7,9,15,749,359,390,88,208,541,6.40951935914553,6.93364902506964,5.92705128205128,6.02840909090909,6.4125,6.40837338262477,61
"87",2013,1,6.78571428571429,14,7,6.625,NA,6.5,6.83333333333333,6,8,0,2,12,763,365,398,88,210,553,6.41642201834862,6.9347397260274,5.94108040201005,6.02840909090909,6.41333333333333,6.41759493670886,62
"88",2013,2,6.44,15,6.9,6.21,NA,6.7,6.31,5,10,0,5,10,778,370,408,88,215,563,6.4168766066838,6.93427027027027,5.94767156862745,6.02840909090909,6.42,6.4156838365897,63
"89",2013,3,6.6,15,7,6.4,6.75,6.83333333333333,6.54166666666667,5,10,2,3,12,793,375,418,90,218,575,6.42034047919294,6.93514666666667,5.95849282296651,6.04444444444445,6.4256880733945,6.41831304347826,64
"90",2013,4,5.87916666666667,12,7.18333333333333,5.44444444444444,6.5,4.5,6.155,3,9,2,2,10,805,378,427,92,220,585,6.41227329192547,6.9371164021164,5.94765807962529,6.05434782608696,6.40818181818182,6.41381196581197,65
"91",2013,5,6.55416666666667,12,8.375,5.64375,6.63333333333333,9.5,6.28636363636364,4,8,3,1,11,817,382,435,95,221,596,6.41435740514076,6.95217277486911,5.94206896551724,6.07263157894737,6.42217194570136,6.41145973154362,66
"92",2013,6,6.29333333333333,15,7.41666666666667,5.54444444444444,NA,7.5,6.10769230769231,6,9,0,2,13,832,388,444,95,223,609,6.41217548076923,6.95935567010309,5.93400900900901,6.07263157894737,6.43183856502242,6.40497536945813,67
"93",2013,7,6,22,6.66666666666667,5.75,5.9,5.8,6.05882352941176,6,16,5,5,17,854,394,460,100,228,626,6.40155737704918,6.95489847715736,5.92760869565217,6.064,6.41798245614035,6.39557507987221,68
"94",2013,8,6.05,12,7.5,5.325,5.5,6,6.05454545454545,4,8,2,1,11,866,398,468,102,229,637,6.39668591224018,6.96037688442211,5.91730769230769,6.05294117647059,6.41615720524018,6.38968602825746,69
"95",2013,9,6.45862068965517,29,7.11818181818182,6.05555555555556,6.5,7.375,6.312,11,18,3,4,25,895,409,486,105,233,662,6.39869273743017,6.96462102689487,5.9224279835391,6.06571428571429,6.43261802575107,6.38675226586103,70
"96",2013,10,7.03333333333333,15,7.7,5.7,5.83333333333333,7.33333333333333,6.95833333333333,10,5,3,3,12,910,419,491,108,236,674,6.40915384615385,6.98217183770883,5.92016293279022,6.05925925925926,6.44406779661017,6.39692878338279,71
"97",2013,11,6.27619047619048,21,7.0125,5.82307692307692,6.6,8,6.19,8,13,3,1,20,931,427,504,111,237,694,6.40615467239527,6.98274004683841,5.91765873015873,6.07387387387387,6.45063291139241,6.39096541786744,72
"98",2013,12,6.32142857142857,14,6.91666666666667,5.875,6,7,6.26923076923077,6,8,1,1,13,945,433,512,112,238,707,6.40489947089947,6.98182448036952,5.9169921875,6.07321428571429,6.45294117647059,6.3887270155587,73
"99",2014,1,6.285,20,6.72727272727273,5.74444444444444,5.6,6.51666666666667,6.18571428571429,11,9,1,6,14,965,444,521,113,244,721,6.40241450777202,6.97551801801802,5.91401151631478,6.06902654867257,6.45450819672131,6.38478502080444,74
"100",2014,2,6.16666666666667,15,6.41666666666667,6,6.25,6.16666666666667,6.16666666666667,6,9,2,3,12,980,450,530,115,247,733,6.39880612244898,6.96806666666667,5.91547169811321,6.07217391304348,6.45101214574899,6.3812141882674,75
"101",2014,3,6.59444444444444,18,7.15454545454545,5.71428571428571,NA,7.625,6.3,11,7,0,4,14,998,461,537,115,251,747,6.40233466933868,6.97251626898048,5.91284916201117,6.07217391304348,6.46972111553785,6.3796921017403,76
"102",2014,4,5.91176470588235,17,6.5,5.5,6,6,5.89285714285714,7,10,2,3,14,1015,468,547,117,254,761,6.39411822660098,6.96544871794872,5.90530164533821,6.07094017094017,6.46417322834646,6.3707358738502,77
"103",2014,5,6.48666666666667,15,6.98,5.5,5,7.5,6.41428571428571,10,5,1,1,14,1030,478,552,118,255,775,6.39546601941748,6.96575313807531,5.90163043478261,6.06186440677966,6.46823529411765,6.37152258064516,78
"104",2014,6,7.2,11,8.84,5.83333333333333,NA,9,7.02,5,6,0,1,10,1041,483,558,118,256,785,6.40396733909702,6.98515527950311,5.90089605734767,6.06186440677966,6.478125,6.37978343949045,79
"105",2014,7,6.51041666666667,24,7.4,5.875,5.16666666666667,6.07142857142857,6.69117647058824,10,14,3,7,17,1065,493,572,121,263,802,6.4063661971831,6.99356997971602,5.90026223776224,6.0396694214876,6.46730038022814,6.38638403990025,80
"106",2014,8,6.37045454545455,22,6.52941176470588,5.83,5.55,6.33333333333333,6.37631578947368,17,5,2,3,19,1087,510,577,123,266,821,6.40563937442502,6.97809803921569,5.89965337954939,6.03170731707317,6.46578947368421,6.38615103532278,81
"107",2014,9,5.8,16,6.76,5.36363636363636,4.66666666666667,4.5,5.98571428571429,5,11,3,2,14,1103,515,588,126,268,835,6.3968540344515,6.97598058252427,5.88962585034014,5.99920634920635,6.45111940298507,6.3794371257485,82
"108",2014,10,6.20952380952381,21,6.6,5.91666666666667,6,6,6.22,9,12,2,1,20,1124,524,600,128,269,855,6.39335409252669,6.96952290076336,5.89016666666667,5.99921875,6.44944237918216,6.37570760233918,83
"109",2014,11,6.04090909090909,33,6.77272727272727,5.675,6.33333333333333,5.3,6.17321428571429,11,22,3,5,28,1157,535,622,131,274,883,6.38330164217805,6.96547663551402,5.88255627009646,6.00687022900763,6.42846715328467,6.36928652321631,84
"110",2014,12,6.77166666666667,30,7.434375,6.01428571428571,5.98,6.875,6.74583333333333,16,14,5,6,24,1187,551,636,136,280,907,6.39311710193766,6.97909255898367,5.88545597484277,6.00588235294118,6.43803571428571,6.37925027563396,85
"111",2015,1,6.91285714285714,35,7.01136363636364,6.74615384615385,3.5,5.75,6.98333333333333,22,13,1,2,33,1222,573,649,137,282,940,6.40800327332242,6.98033158813264,5.90269645608629,5.98759124087591,6.43315602836879,6.40045744680851,86
"112",2015,2,6.26304347826087,23,6.39285714285714,6.20625,6.46666666666667,6.60714285714286,6.1125,7,16,6,7,16,1245,580,665,143,289,956,6.40532530120482,6.97324137931034,5.91,6.00769230769231,6.43737024221453,6.39563807531381,87
"113",2015,3,6.8527027027027,37,6.97954545454545,6.66666666666667,6.7,7.22916666666667,6.672,22,15,5,12,25,1282,602,680,148,301,981,6.41823712948518,6.97347176079734,5.92669117647059,6.03108108108108,6.46893687707641,6.40268093781855,88
"114",2015,4,6.82105263157895,19,7.09090909090909,6.45,6,7.6,6.54285714285714,11,8,4,5,14,1301,613,688,152,306,995,6.42411990776326,6.97557911908646,5.9327761627907,6.03026315789474,6.4874183006536,6.40465326633166,89
"115",2015,5,5.90869565217391,23,6.6,5.15454545454545,6.125,5.5,6.02222222222222,12,11,4,5,18,1324,625,699,156,311,1013,6.41516616314199,6.968368,5.92052932761087,6.03269230769231,6.47154340836013,6.39785784797631,90
"116",2015,6,6.41875,16,7.27777777777778,5.31428571428571,6,4.56666666666667,6.84615384615385,9,7,1,3,13,1340,634,706,157,314,1026,6.41520895522388,6.97276025236593,5.91451841359773,6.03248407643312,6.45334394904459,6.40353801169591,91
"117",2015,7,5.71428571428571,21,6.45,5.04545454545455,4.5,5.5,5.73684210526316,10,11,2,2,19,1361,644,717,159,316,1045,6.4043938280676,6.96464285714286,5.90118549511855,6.01320754716981,6.44731012658228,6.39141626794258,92
"118",2015,8,6.259375,32,6.575,6.07,5.83333333333333,5.5,6.4,12,20,6,5,27,1393,656,737,165,321,1072,6.40106245513281,6.95751524390244,5.90576662143826,6.00666666666667,6.43255451713396,6.39163246268657,93
"119",2015,9,6.4625,24,6.9,6.025,7.33333333333333,7.75,6.34545454545455,12,12,3,2,22,1417,668,749,168,323,1094,6.4021030345801,6.95648203592814,5.90767690253672,6.03035714285714,6.44071207430341,6.39070383912249,94
"120",2015,10,6.2625,24,6.22941176470588,6.34285714285714,6.5,6.0375,6.375,17,7,3,8,16,1441,685,756,171,331,1110,6.39977793199167,6.93843795620438,5.91170634920635,6.03859649122807,6.4309667673716,6.39047747747748,95
"121",2015,11,6.15166666666667,30,6.48235294117647,5.71923076923077,6.26666666666667,4.55,6.472,17,13,3,5,25,1471,702,769,174,336,1135,6.39471787899388,6.92739316239316,5.90845253576073,6.04252873563218,6.40297619047619,6.39227312775331,96
"122",2015,12,6.53888888888889,18,6.8125,6.32,6,7.25,6.33571428571429,8,10,5,4,14,1489,710,779,179,340,1149,6.39646071188717,6.92609859154929,5.91373555840821,6.04134078212291,6.41294117647059,6.39158398607485,97
"123",2016,1,6.14,30,6.61764705882353,5.51538461538462,6.1,6.6,6.048,17,13,2,5,25,1519,727,792,181,345,1174,6.39139565503621,6.91888583218707,5.90719696969697,6.04198895027624,6.41565217391305,6.38426746166951,98
"124",2016,2,6.48181818181818,22,6.95,5.92,6.8,6.91111111111111,6.18461538461538,12,10,4,9,13,1541,739,802,185,354,1187,6.39268656716418,6.91939106901218,5.9073566084788,6.05837837837838,6.42824858757062,6.38208087615838,99
"125",2016,3,6.22758620689655,29,6.90769230769231,5.675,5,6.66666666666667,6.17692307692308,13,16,4,3,26,1570,752,818,189,357,1213,6.38963694267516,6.91918882978723,5.90281173594132,6.03597883597884,6.43025210084034,6.3776834295136,100
"126",2016,4,6.36034482758621,29,7.30769230769231,5.590625,5.375,5.07142857142857,6.77045454545455,13,16,4,7,22,1599,765,834,193,364,1235,6.38910569105691,6.9257908496732,5.89682254196643,6.02227979274612,6.40412087912088,6.38468016194332,101
"127",2016,5,6.74,25,7.46666666666667,5.65,7,6.5,6.81578947368421,15,10,1,6,19,1624,780,844,194,370,1254,6.39450738916256,6.93619230769231,5.8938981042654,6.02731958762887,6.40567567567568,6.39121212121212,102
"128",2016,6,6.40909090909091,22,6.875,6.14285714285714,5.75,7,6.31578947368421,8,14,4,3,19,1646,788,858,198,373,1273,6.39470230862697,6.93557106598985,5.89796037296037,6.02171717171717,6.41045576407507,6.39008641005499,103
"129",2016,7,5.58823529411765,17,6.57142857142857,4.9,4.5,5.91666666666667,5.40909090909091,7,10,2,6,11,1663,795,868,200,379,1284,6.38645820805773,6.93236477987421,5.88646313364055,6.0065,6.40263852242744,6.38168224299066,104
"130",2016,8,6.18421052631579,19,7.2125,5.43636363636364,5.75,6.7,6,8,11,2,5,14,1682,803,879,202,384,1298,6.38417360285375,6.93515566625155,5.88083048919226,6.0039603960396,6.40651041666667,6.3775654853621,105
"131",2016,9,6.60714285714286,14,7.07142857142857,6.14285714285714,NA,5,6.73076923076923,7,7,0,1,13,1696,810,886,202,385,1311,6.3860141509434,6.93633333333333,5.8829006772009,6.0039603960396,6.40285714285714,6.38106788710908,106
"132",2016,10,6.632,25,6.8,6.52,6.5,5.78571428571429,6.96111111111111,10,15,5,7,18,1721,820,901,207,392,1329,6.38958744915747,6.93467073170731,5.89350721420644,6.01594202898551,6.39183673469388,6.38892400300978,107
"133",2016,11,6.19444444444444,18,6.6,5.6875,6,NA,6.19444444444444,10,8,2,0,18,1739,830,909,209,392,1347,6.38756756756757,6.93063855421687,5.89169416941694,6.01578947368421,6.39183673469388,6.38632516703786,108
"134",2016,12,6.17142857142857,21,6.11428571428571,6.28571428571429,NA,6,6.21176470588235,14,7,0,4,17,1760,844,916,209,396,1364,6.38498863636364,6.9170971563981,5.89470524017467,6.01578947368421,6.38787878787879,6.3841495601173,109
"135",2017,1,6.03421052631579,38,6.89473684210526,5.17368421052632,5,5.75,6.0875,19,19,6,6,32,1798,863,935,215,402,1396,6.37757508342603,6.91660486674392,5.88005347593583,5.98744186046512,6.37835820895523,6.37734957020057,110
"136",2017,2,6.26363636363636,22,6.45333333333333,5.85714285714286,6.75,NA,6.26363636363636,15,7,4,0,22,1820,878,942,219,402,1418,6.3761978021978,6.90869020501139,5.87988322717622,6.0013698630137,6.37835820895523,6.37558533145275,111
"137",2017,3,6.10588235294118,17,7.21666666666667,5.5,7,NA,6.10588235294118,6,11,2,0,17,1837,884,953,221,402,1435,6.37369624387588,6.91078054298642,5.87549842602308,6.01040723981901,6.37835820895523,6.37239024390244,112
"138",2017,4,6.57307692307692,26,6.94444444444444,6.37647058823529,6.4,7.16666666666667,6.49565217391304,9,17,6,3,23,1863,893,970,227,405,1458,6.37647879763822,6.91111982082867,5.88427835051546,6.02070484581498,6.3841975308642,6.37433470507545,113
"139",2017,5,5.965,20,7.0125,5.26666666666667,5.325,4,6.18333333333333,8,12,4,2,18,1883,901,982,231,407,1476,6.37210833775889,6.91201997780244,5.87673116089613,6.00865800865801,6.37248157248157,6.3720054200542,114
"140",2017,6,6.375,20,7.09090909090909,5.5,5.5,7.125,5.875,11,9,2,8,12,1903,912,991,233,415,1488,6.3721387283237,6.91417763157895,5.87330978809283,6.00429184549356,6.38698795180723,6.36799731182796,115
"141",2017,7,5.955,14,6.16666666666667,5.79625,5.75,5.555,6.02166666666667,6,8,2,2,12,1917,918,999,235,417,1500,6.36909233176839,6.90929193899782,5.87269269269269,6.00212765957447,6.38299760191847,6.36522666666667,116
"142",2017,8,6.644,25,7.42857142857143,5.64545454545455,5.65,7.25,6.59130434782609,14,11,4,2,23,1942,932,1010,239,419,1523,6.37263130792997,6.91709227467811,5.87021782178218,5.99623430962343,6.38713603818616,6.36864084044649,117
"143",2017,9,5.24,15,5.9,4.91,5.22857142857143,4.5,5.35384615384615,5,10,7,2,13,1957,937,1020,246,421,1536,6.36394992335207,6.91166488794023,5.86080392156863,5.97439024390244,6.37817102137767,6.36005208333333,118
"144",2017,10,6.13157894736842,19,7.16666666666667,5.2,4.5,6.5,6.08823529411765,9,10,2,2,17,1976,946,1030,248,423,1553,6.36171558704453,6.91409090909091,5.85438834951456,5.9625,6.37874704491726,6.35707662588538,119
"145",2017,11,6.1875,20,7.11363636363636,5.05555555555556,6,7,6.09722222222222,11,9,3,2,18,1996,957,1039,251,425,1571,6.35996993987976,6.91638453500522,5.847468719923,5.96294820717131,6.38167058823529,6.35409929980904,120
"146",2017,12,6.21764705882353,17,7.35714285714286,5.42,5.25,8,6.10625,7,10,2,1,16,2013,964,1049,253,426,1587,6.35876800794833,6.91958506224066,5.84339370829361,5.95731225296443,6.38546948356808,6.35160050409578,121
"147",2018,1,6.03888888888889,27,7,5.47352941176471,5.83333333333333,6.33333333333333,6.00208333333333,10,17,3,3,24,2040,974,1066,256,429,1611,6.35453431372549,6.92041067761807,5.83749530956848,5.955859375,6.3851048951049,6.34639354438237,122
"148",2018,2,5.70588235294118,17,6.55,4.5,5.5,7,5.625,10,7,2,1,16,2057,984,1073,258,430,1627,6.34917355371901,6.91664634146341,5.82876980428705,5.95232558139535,6.38653488372093,6.33929932390903,123
"149",2018,3,6.75,20,7.65,5.85,5.5,6.5,6.77777777777778,10,10,2,2,18,2077,994,1083,260,432,1645,6.35303322099181,6.92402414486921,5.82896583564174,5.94884615384615,6.38706018518519,6.34409726443769,124
"150",2018,4,6.8,20,7.40909090909091,6.05555555555556,6,7.16666666666667,6.73529411764706,11,9,1,3,17,2097,1005,1092,261,435,1662,6.35729613733905,6.92933333333333,5.83083333333333,5.94904214559387,6.3924367816092,6.34809867629362,125
"151",2018,5,6.20952380952381,21,6.33846153846154,6,4,6.16666666666667,6.22666666666667,13,8,1,6,15,2118,1018,1100,262,441,1677,6.35583097261567,6.92178781925344,5.83206363636364,5.94160305343511,6.38936507936508,6.34701252236136,126
"152",2018,6,5.8125,16,6,5.57142857142857,NA,6.5,5.71428571428571,9,7,0,2,14,2134,1027,1107,262,443,1691,6.3517572633552,6.91370983446933,5.83041553748871,5.94160305343511,6.38986455981941,6.34177409816676,127
"153",2018,7,6.85777777777778,18,7.10285714285714,6,6.5,8,6.79058823529412,14,4,2,1,17,2152,1041,1111,264,444,1708,6.35598977695167,6.91625360230547,5.83102610261026,5.94583333333333,6.39349099099099,6.34624121779859,128
"154",2018,8,6.33666666666667,15,7,5.89444444444444,6.875,8.375,6.02307692307692,6,9,2,2,13,2167,1047,1120,266,446,1721,6.35585602215044,6.9167335243553,5.83153571428571,5.95281954887218,6.40237668161435,6.3438001162115,129
"155",2018,9,6.73571428571429,14,6.71428571428571,6.75714285714286,9,7.125,6.58,7,7,1,4,10,2181,1054,1127,267,450,1731,6.35829436038514,6.9153889943074,5.83728482697427,5.96423220973783,6.4088,6.34516464471404,130
"156",2018,10,6.195,20,6.80769230769231,5.05714285714286,5,6,6.24375,13,7,1,4,16,2201,1067,1134,268,454,1747,6.35681054066333,6.91407685098407,5.83246913580247,5.96063432835821,6.40519823788546,6.34423583285632,131
"157",2018,11,6.64444444444444,18,7.0125,6.35,6.875,NA,6.64444444444444,8,10,4,0,18,2219,1075,1144,272,454,1765,6.35914375844975,6.91480930232558,5.83699300699301,5.97408088235294,6.40519823788546,6.34729745042493,132
"158",2018,12,5.69230769230769,13,6.57142857142857,4.66666666666667,4.25,6.25,5.44444444444444,7,6,4,4,9,2232,1082,1150,276,458,1774,6.35525985663082,6.91258780036968,5.83088695652174,5.94909420289855,6.40384279475983,6.34271702367531,133
"159",2019,1,6.5575,20,6.9875,6.27083333333333,6.08333333333333,5,6.73055555555556,8,12,3,2,18,2252,1090,1162,279,460,1792,6.35705595026643,6.9131376146789,5.83543029259897,5.9505376344086,6.39773913043478,6.34661272321428,134
"160",2019,2,7.04166666666667,12,7.14285714285714,6.9,NA,NA,7.04166666666667,7,5,0,0,12,2264,1097,1167,279,460,1804,6.36068462897526,6.91460346399271,5.83999143101971,5.9505376344086,6.39773913043478,6.35123614190687,135
"161",2019,3,6.43111095238095,21,7.3,5.77944416666667,5.970666,6.07142857142857,6.61095214285714,9,12,5,7,14,2285,1106,1179,284,467,1818,6.36133187308534,6.91773960216998,5.83937517387617,5.95089200704225,6.39284796573876,6.35323615511551,136
"162",2019,4,6.60666666666667,15,7.33333333333333,5.51666666666667,6,7.5,6.01111111111111,9,6,1,6,9,2300,1115,1185,285,473,1827,6.36293188260869,6.92109417040359,5.83774120675105,5.95106431578947,6.40689217758985,6.35155081007115,137
"163",2019,5,5,7,7,3.5,5,7,4.66666666666667,3,4,2,1,6,2307,1118,1189,287,474,1833,6.35879641525791,6.92130590339892,5.82987664423886,5.94443668989547,6.40814345991561,6.34603564102564,138
"164",2019,6,5.81333333333333,15,6.58333333333333,5.3,9,4,6.09230769230769,6,9,1,2,13,2322,1124,1198,288,476,1846,6.35527275193798,6.91950177935943,5.82589593489149,5.95504628472222,6.39802521008403,6.34424882448537,139
"165",2019,7,5.84523809523809,21,6.05384615384615,5.50625,6.25,5.65,5.90625,13,8,1,5,16,2343,1137,1206,289,481,1862,6.35070137857448,6.90960422163588,5.82377556384743,5.95606688581315,6.39024948024948,6.3404851396348,140
"166",2019,8,5.90588235294118,17,6.55,5.33333333333333,6.66666666666667,7.5,5.69333333333333,8,9,3,2,15,2360,1145,1215,292,483,1877,6.34749717372881,6.90709170305677,5.82014265843621,5.96336756849315,6.3948447204969,6.33531344166223,141
"167",2019,9,6.26666666666667,15,6.6875,5.78571428571429,5.5,6,6.33333333333333,8,7,4,3,12,2375,1153,1222,296,486,1889,6.34698666526316,6.90556808326106,5.81994544189853,5.9571058445946,6.39240740740741,6.33530086289042,142
"168",2019,10,6.07633333333333,12,6.375,5.479,6,7,5.99236363636364,8,4,1,1,11,2387,1161,1226,297,487,1900,6.34562602848764,6.90191214470284,5.81883305872757,5.95725026936027,6.39365503080082,6.3333154368421,143
"169",2019,11,6.02631578947368,19,7.4,4.5,4.5,6,6.03125,10,9,2,3,16,2406,1171,1235,299,490,1916,6.34310445968412,6.9061656703672,5.80922212955466,5.94750277591973,6.39124489795918,6.3307929697286,144
"170",2019,12,5.8332,25,6.97916666666667,4.77538461538462,4.86666666666667,6.22,5.7365,12,13,3,5,20,2431,1183,1248,302,495,1936,6.3378606869601,6.90690617075232,5.79845298878205,5.93676599337748,6.38951515151515,6.32465357954545,145
"171",2020,1,6.45703703703704,27,6.76714285714286,6.12307692307692,6,8,6.26416666666667,14,13,2,3,24,2458,1197,1261,304,498,1960,6.33916978437754,6.90527151211361,5.80179962727994,5.93718200657895,6.39921686746988,6.32391292346939,146
"172",2020,2,6.28333333333333,24,7.00833333333333,5.55833333333333,5.33333333333333,6.38571428571429,6.24117647058824,12,12,3,7,17,2482,1209,1273,307,505,1977,6.33862986704271,6.90629445822994,5.79950457973291,5.93128120521173,6.3990297029703,6.3232014820435,147
"173",2020,3,6.215,20,5.9,6.53,6.25,7,6.12777777777778,10,10,4,2,18,2502,1219,1283,311,507,1995,6.33764161870503,6.89803937653814,5.80519823070928,5.93538048231511,6.40140039447732,6.32143826065163,148
"174",2020,4,5.82,10,5.6,6.33333333333333,6,NA,5.82,7,3,2,0,10,2512,1226,1286,313,507,2005,6.33558094347134,6.89062805872757,5.80643027216174,5.93579338658147,6.40140039447732,6.31893732169576,149
"175",2020,5,6.35526315789474,19,6.45833333333333,6.17857142857143,6.3125,NA,6.35526315789474,12,7,4,0,19,2531,1238,1293,317,507,2024,6.33572869616752,6.88643780290791,5.80844495746326,5.94054678233439,6.40140039447732,6.31927832509881,150
"176",2020,6,5.93809523809524,21,6.54166666666667,5.13333333333333,5,4.2,6.025,12,9,1,1,20,2552,1250,1302,318,508,2044,6.33245663401254,6.883128,5.80377828725038,5.93758908805031,6.39706692913386,6.31639888943248,151
"177",2020,7,7.03333333333333,15,7.27272727272727,6.375,6.5,7.5,7,11,4,1,1,14,2567,1261,1306,319,509,2058,6.33655213478769,6.88652656621729,5.80552781776417,5.93935213166144,6.39923379174853,6.32104923712342,152
"178",2020,8,6.20666666666667,15,6.50909090909091,5.375,NA,6,6.22142857142857,11,4,0,1,14,2582,1272,1310,319,510,2072,6.33579757164988,6.88326257861635,5.80421322900763,5.93935213166144,6.39845098039216,6.32037612451737,153
"179",2020,9,6.51769230769231,13,6.98833333333333,6.11428571428571,6.325,7,6.4775,6,7,4,1,12,2595,1278,1317,323,511,2084,6.33670879768786,6.8837558685446,5.80586129840547,5.94412795665635,6.39962818003914,6.32128086852207,154
"180",2020,10,6.55263157894737,19,7.05,6,6,6,6.61764705882353,10,9,2,2,17,2614,1288,1326,325,513,2101,6.33827824407039,6.88504658385093,5.80717898190045,5.94447178461539,6.3980701754386,6.32367888148501,155
"181",2020,11,6.47058823529412,17,6.6,6.28571428571429,NA,6,6.53333333333333,10,7,0,2,15,2631,1298,1333,325,515,2116,6.33913315469403,6.88285053929122,5.80969192048012,5.94447178461539,6.39652427184466,6.32516508979206,156
"182",2020,12,5.8125,20,6.97222222222222,4.86363636363636,4.875,6.5,5.73611111111111,9,11,4,2,18,2651,1307,1344,329,517,2134,6.33516006412674,6.88346595256312,5.80194890625,5.9314690881459,6.39692456479691,6.3201964995314,157
"183",2021,1,6.04151515151515,33,6.48684210526316,5.43714285714286,5.424,6.5,5.93962962962963,19,14,5,6,27,2684,1326,1358,334,523,2161,6.33154967585693,6.87778280542986,5.7981880191458,5.92387224550898,6.39810707456979,6.31544161499306,158
"184",2021,2,6.16666666666667,12,6.85714285714286,5.2,NA,7.25,5.95,7,5,0,2,10,2696,1333,1363,334,525,2171,6.33081577522255,6.87767441860465,5.79599363903155,5.92387224550898,6.40135238095238,6.31375832795946,159
"185",2021,3,5.88235294117647,17,7.125,4.77777777777778,5.5,5.5,5.93333333333333,8,9,2,2,15,2713,1341,1372,336,527,2186,6.32800565057132,6.87914988814318,5.78931438046647,5.92134919642857,6.39793168880455,6.3111479094236,160
"186",2021,4,6.44444444444444,9,7,5.33333333333333,3,8,6,6,3,1,2,7,2722,1347,1375,337,529,2193,6.32839064290962,6.87968819599109,5.78831951272727,5.91268050445104,6.40398865784499,6.31015473324213,161
"187",2021,5,6.42857142857143,7,8.5,5.6,5,5,7,2,5,2,2,5,2729,1349,1380,339,531,2198,6.32864761084646,6.88209043736101,5.78763719565218,5.90729595870207,6.39870056497175,6.3117239899909,162
"188",2021,6,6.03636363636364,11,6.26666666666667,5,6,4,6.24,9,2,1,1,10,2740,1358,1382,340,532,2208,6.3274742080292,6.8780117820324,5.78649734442837,5.90756861764706,6.39419172932331,6.31139915307971,163
"189",2021,7,6.60416666666667,24,7.21428571428571,5.75,4.5,6.33333333333333,6.64285714285714,14,10,2,3,21,2764,1372,1392,342,535,2229,6.32987674746744,6.88144314868805,5.78623515086207,5.89933722222222,6.39385046728972,6.31452190668461,164
"190",2021,8,6.90416666666667,24,7.34666666666667,6.16666666666667,6,5.875,7.11,15,9,3,4,20,2788,1387,1401,345,539,2249,6.33482041965567,6.88647440519106,5.78867903640257,5.90021255072464,6.39,6.32159596709649,165
"191",2021,9,6.57647058823529,17,6.75555555555556,6.375,7,5,6.675,9,8,2,1,16,2805,1396,1409,347,540,2265,6.33628496613191,6.88563037249284,5.79200804116395,5.9065513832853,6.38742592592593,6.32409241942605,166
"192",2021,10,6.04545454545455,22,6.39285714285714,5.4375,4.5,5,6.35294117647059,14,8,2,5,17,2827,1410,1417,349,545,2282,6.33402169437566,6.88073758865248,5.7900065843331,5.89849091690544,6.37469724770642,6.32430733128834,167
"193",2021,11,6.01818181818182,22,6.47333333333333,5.04285714285714,7,4.8,6.37647058823529,15,7,2,5,17,2849,1425,1424,351,550,2299,6.33158277641278,6.87644912280702,5.7863337991573,5.90476732193732,6.36038181818182,6.32469305350152,168
"194",2021,12,6.11538461538461,13,6.95714285714286,5.13333333333333,6,4.5,6.40909090909091,7,6,1,2,11,2862,1432,1430,352,552,2310,6.3306007442348,6.87684357541899,5.78359393706294,5.90503786931818,6.35364130434783,6.32509494805195,169
"195",2022,1,6.16961904761905,21,7.04,5.2122,5.14,9,5.87168421052632,11,10,3,2,19,2883,1443,1440,355,554,2329,6.32942814082553,6.87808731808732,5.77962592361111,5.89857276056338,6.36319494584838,6.32139601975096,170
"196",2022,2,6.9,16,7.13571428571429,5.25,4.5,7.35,6.83571428571429,14,2,1,2,14,2899,1457,1442,356,556,2343,6.33257720938255,6.88056280027454,5.77889135228849,5.89464418539326,6.36674460431655,6.3244691976099,171
"197",2022,3,6.38461538461539,13,6.66666666666667,5.75,NA,NA,6.38461538461539,9,4,0,0,13,2912,1466,1446,356,556,2356,6.33280952266484,6.87924965893588,5.77881143153527,5.89464418539326,6.36674460431655,6.32480107385399,172
"198",2022,4,5.97,12,6.455,5,5,5,6.05818181818182,8,4,1,1,11,2924,1474,1450,357,557,2367,6.33132056429549,6.87694708276798,5.7766629862069,5.89213817927171,6.3642908438061,6.32356203210815,173
"199",2022,5,5.81578947368421,19,6.94444444444444,4.8,6,7,5.75,9,10,2,1,18,2943,1483,1460,359,558,2385,6.32799229697588,6.87735670937289,5.76997351369863,5.89273908077995,6.36543010752688,6.31923326205451,174
"200",2022,6,6.346875,16,6.86818181818182,5.2,4.5,6,6.39642857142857,11,5,2,2,14,2959,1494,1465,361,560,2399,6.32809440013518,6.8772891566265,5.7680282116041,5.88502307479224,6.364125,6.31968375573155,175
"201",2022,7,5.69230769230769,13,5.42857142857143,6,7,5.75,5.68181818181818,7,6,1,2,11,2972,1501,1471,362,562,2410,6.32531336810229,6.87053297801466,5.76897439157036,5.88810312154696,6.36193950177936,6.31677233609958,176
"202",2022,8,6.40625,16,6.52777777777778,6.25,NA,NA,6.40625,9,7,0,0,16,2988,1510,1478,362,562,2426,6.32574676372155,6.86849006622516,5.77125259133965,5.88810312154696,6.36193950177936,6.31736246084089,177
"203",2022,9,6.01764705882353,17,5.72222222222222,6.35,NA,6,6.01875,9,8,0,1,16,3005,1519,1486,362,563,2442,6.3240037703827,6.86169848584595,5.7743683243607,5.88810312154696,6.36129662522203,6.31540595004095,178
"204",2022,10,6,16,6.33333333333333,5.57142857142857,7,7.25,5.82142857142857,9,7,2,2,14,3021,1528,1493,364,565,2456,6.32228776233035,6.85858638743455,5.77341683188212,5.89421244505495,6.36444247787611,6.31259011807817,179
"205",2022,11,5.85,12,6.1,5.5,5,NA,5.85,7,5,1,0,12,3033,1535,1498,365,565,2468,6.3204191658424,6.85512703583062,5.77250422563418,5.89176254794521,6.36444247787611,6.31034089546191,180
"206",2022,12,6.58333333333333,18,6.875,6,6,7.75,6.25,12,6,1,4,14,3051,1547,1504,366,569,2482,6.3219702818748,6.85528118939884,5.77341178856383,5.89205827868853,6.37418277680141,6.31000053585818,181
