"","year","month","avg_rating","no_ratings","avg_rating_owned","avg_rating_not_owned","avg_rating_prev_owned","avg_rating_comment","avg_rating_no_comment","no_ratings_owned","no_ratings_not_owned","no_ratings_prev_owned","no_ratings_comment","no_ratings_no_comment","cum_no_ratings","cum_no_ratings_owned","cum_no_ratings_not_owned","cum_no_ratings_prev_owned","cum_no_ratings_comment","cum_no_ratings_no_comment","cum_avg_rating","cum_avg_rating_owned","cum_avg_rating_not_owned","cum_avg_rating_prev_owned","cum_avg_rating_comment","cum_avg_rating_no_comment","month_after_release"
"1",2009,4,7.625,4,7.66666666666667,7.5,NA,NA,7.625,3,1,0,0,4,4,3,1,0,0,4,7.625,7.66666666666667,7.5,NA,NA,7.625,0
"2",2009,5,6.75,6,6.66666666666667,6.83333333333333,NA,7,6.7,3,3,0,1,5,10,6,4,0,1,9,7.1,7.16666666666667,7,NA,7,7.11111111111111,1
"3",2009,6,6.7625,8,7.1,6.71428571428571,NA,6.5,6.85,1,7,0,2,6,18,7,11,0,3,15,6.95,7.15714285714286,6.81818181818182,NA,6.66666666666667,7.00666666666667,2
"4",2009,7,7.42857142857143,7,7.375,7.5,8,7.25,7.5,4,3,1,2,5,25,11,14,1,5,20,7.084,7.23636363636364,6.96428571428571,8,6.9,7.13,3
"5",2009,8,7.75,2,7.5,8,NA,NA,7.75,1,1,0,0,2,27,12,15,1,5,22,7.13333333333333,7.25833333333333,7.03333333333333,8,6.9,7.18636363636364,4
"6",2009,9,6.64285714285714,7,6.25,6.8,NA,6.66666666666667,6.625,2,5,0,3,4,34,14,20,1,8,26,7.03235294117647,7.11428571428571,6.975,8,6.8125,7.1,5
"7",2009,10,7.24615384615385,13,7.58333333333333,6.95714285714286,NA,7.4,7.15,6,7,0,5,8,47,20,27,1,13,34,7.09148936170213,7.255,6.97037037037037,8,7.03846153846154,7.11176470588235,6
"8",2009,11,7.18421052631579,19,7.19230769230769,7.16666666666667,8.5,7.5,7.1,13,6,2,4,15,66,33,33,3,17,49,7.11818181818182,7.23030303030303,7.00606060606061,8.33333333333333,7.14705882352941,7.10816326530612,7
"9",2009,12,6.94827586206897,29,7.42307692307692,6.5625,7.25,7,6.9375,13,16,2,5,24,95,46,49,5,22,73,7.06631578947368,7.28478260869565,6.86122448979592,7.9,7.11363636363636,7.05205479452055,8
"10",2010,1,7.2,24,7.5,6.94615384615385,7.11666666666667,7.22857142857143,7.18823529411765,11,13,6,7,17,119,57,62,11,29,90,7.09327731092437,7.32631578947368,6.87903225806452,7.47272727272727,7.14137931034483,7.07777777777778,9
"11",2010,2,7.67272727272727,11,7.77142857142857,7.5,6.5,7.3,7.8125,7,4,1,3,8,130,64,66,12,32,98,7.14230769230769,7.375,6.91666666666667,7.39166666666667,7.15625,7.13775510204082,10
"12",2010,3,6.77,10,7.5,6.5875,6.675,5,6.96666666666667,2,8,4,1,9,140,66,74,16,33,107,7.11571428571428,7.37878787878788,6.88108108108108,7.2125,7.09090909090909,7.12336448598131,11
"13",2010,4,7.44444444444444,9,7.5,7.33333333333333,6,8,7.375,6,3,1,1,8,149,72,77,17,34,115,7.13557046979866,7.38888888888889,6.8987012987013,7.14117647058824,7.11764705882353,7.14086956521739,12
"14",2010,5,6.3875,8,7.15,5.625,6,5.5,6.92,4,4,2,3,5,157,76,81,19,37,120,7.09745222929936,7.37631578947368,6.8358024691358,7.02105263157895,6.98648648648649,7.13166666666667,13
"15",2010,6,7.21428571428571,14,7,7.42857142857143,8,6.91666666666667,7.4375,7,7,1,6,8,171,83,88,20,43,128,7.10701754385965,7.34457831325301,6.88295454545454,7.07,6.97674418604651,7.15078125,14
"16",2010,7,6.99047619047619,21,7.45833333333333,6.36666666666667,7,7.5,6.67692307692308,12,9,1,8,13,192,95,97,21,51,141,7.09427083333333,7.35894736842105,6.83505154639175,7.06666666666667,7.05882352941176,7.10709219858156,15
"17",2010,8,7.05555555555556,9,7.25,6.66666666666667,7.25,7.16666666666667,7,6,3,2,3,6,201,101,100,23,54,147,7.09253731343283,7.35247524752475,6.83,7.08260869565217,7.06481481481481,7.10272108843537,16
"18",2010,9,7.21363636363636,22,7.33333333333333,7.07,8.5,7.5,7.10625,12,10,1,6,16,223,113,110,24,60,163,7.10448430493273,7.35044247787611,6.85181818181818,7.14166666666667,7.10833333333333,7.10306748466258,17
"19",2010,10,6.97586206896552,29,6.925,7.08888888888889,6.8,7,6.965,20,9,5,9,20,252,133,119,29,69,183,7.08968253968254,7.28646616541353,6.86974789915966,7.08275862068966,7.09420289855072,7.0879781420765,18
"20",2010,11,6.42857142857143,35,7.08823529411765,5.80555555555556,6,6.33333333333333,6.44827586206897,17,18,1,6,29,287,150,137,30,75,212,7.00905923344948,7.264,6.72992700729927,7.04666666666667,7.03333333333333,7.00047169811321,19
"21",2010,12,6.88571428571429,35,7.38095238095238,6.14285714285714,5.8,6.9,6.88,21,14,5,10,25,322,171,151,35,85,237,6.99565217391304,7.27836257309941,6.67549668874172,6.86857142857143,7.01764705882353,6.98776371308017,20
"22",2011,1,7.14390243902439,41,7.40555555555556,6.63928571428571,6.45,6.78461538461538,7.31071428571429,27,14,6,13,28,363,198,165,41,98,265,7.01239669421487,7.29570707070707,6.67242424242424,6.80731707317073,6.98673469387755,7.02188679245283,21
"23",2011,2,7.07826086956522,23,7.2375,6.71428571428571,6,7.125,7.06842105263158,16,7,1,4,19,386,214,172,42,102,284,7.01632124352332,7.29135514018692,6.67412790697674,6.78809523809524,6.9921568627451,7.025,22
"24",2011,3,6.82307692307692,26,7.11875,6.35,7.125,6.4875,6.97222222222222,16,10,4,8,18,412,230,182,46,110,302,7.00412621359223,7.27934782608696,6.65631868131868,6.81739130434782,6.95545454545455,7.02185430463576,23
"25",2011,4,6.530625,16,7.07142857142857,6.11,6,6.81666666666667,6.46461538461538,7,9,1,3,13,428,237,191,47,113,315,6.98642523364486,7.27320675105485,6.63057591623037,6.8,6.95176991150443,6.99885714285714,24
"26",2011,5,6.74838709677419,31,7.14285714285714,6.42352941176471,7,7.08333333333333,6.668,14,17,1,6,25,459,251,208,48,119,340,6.97034858387799,7.26593625498008,6.61365384615385,6.80416666666667,6.95840336134454,6.9745294117647,25
"27",2011,6,6.84642857142857,28,7.29166666666667,6.5125,6.75,6.88888888888889,6.82631578947368,12,16,4,9,19,487,263,224,52,128,359,6.96322381930185,7.2671102661597,6.60642857142857,6.8,6.953515625,6.9666852367688,26
"28",2011,7,7.35,18,7.42,7,NA,7.5,7.275,15,3,0,6,12,505,278,227,52,134,371,6.9770099009901,7.27535971223022,6.61162995594714,6.8,6.97798507462687,6.9766576819407,27
"29",2011,8,7.09210526315789,38,7.184,6.91538461538462,6.625,7,7.14,25,13,4,13,25,543,303,240,56,147,396,6.98506445672191,7.26782178217822,6.62808333333333,6.7875,6.97993197278912,6.9869696969697,28
"30",2011,9,7,26,7.15,6.76,6.65714285714286,7.16666666666667,6.97826086956522,16,10,7,3,23,569,319,250,63,150,419,6.98574692442882,7.26191222570533,6.63336,6.77301587301587,6.98366666666667,6.98649164677804,29
"31",2011,10,6.97826086956522,23,7.125,6.64285714285714,6.5,6.4,7.13888888888889,16,7,2,5,18,592,335,257,65,155,437,6.98545608108108,7.25537313432836,6.6336186770428,6.76461538461538,6.96483870967742,6.99276887871854,30
"32",2011,11,7.07297297297297,37,7.09047619047619,7.05,8.5,7.55555555555556,6.91785714285714,21,16,2,9,28,629,356,273,67,164,465,6.99060413354531,7.24564606741573,6.65802197802198,6.81641791044776,6.99725609756098,6.98825806451613,31
"33",2011,12,6.874,30,7.10526315789474,6.47454545454545,6.655,6.79111111111111,6.90952380952381,19,11,4,9,21,659,375,284,71,173,486,6.98529590288316,7.23853333333333,6.65091549295775,6.80732394366197,6.98653179190751,6.98485596707819,32
"34",2012,1,6.90816326530612,49,6.95,6.81333333333333,6.92857142857143,7.3125,6.82926829268293,34,15,7,8,41,708,409,299,78,181,527,6.97995762711864,7.21454767726161,6.6590635451505,6.81820512820513,7.00093922651934,6.9727514231499,33
"35",2012,2,6.8448275862069,29,6.975,6.55555555555556,6,7.0625,6.76190476190476,20,9,3,8,21,737,429,308,81,189,548,6.97464043419267,7.20337995337995,6.65603896103896,6.7879012345679,7.00354497354497,6.96467153284671,34
"36",2012,3,6.63576923076923,26,6.86277777777778,6.125,NA,7,6.60541666666667,18,8,0,2,24,763,447,316,81,191,572,6.96309305373525,7.1896644295302,6.64259493670886,6.7879012345679,7.00350785340314,6.9495979020979,35
"37",2012,4,7.25555555555556,27,7.32777777777778,7.11111111111111,7,7.13333333333333,7.29047619047619,18,9,3,6,21,790,465,325,84,197,593,6.97308860759493,7.19501075268817,6.65556923076923,6.79547619047619,7.00746192893401,6.9616694772344,36
"38",2012,5,6.81304347826087,23,6.86470588235294,6.66666666666667,6.25,7.5,6.66842105263158,17,6,2,4,19,813,482,331,86,201,612,6.96856088560885,7.18336099585062,6.65577039274924,6.78279069767442,7.01726368159204,6.95256535947712,37
"39",2012,6,7.26115384615385,26,7.67647058823529,6.47666666666667,7.09666666666667,7.3225,7.25,17,9,3,4,22,839,499,340,89,205,634,6.97762812872467,7.20016032064128,6.65102941176471,6.79337078651685,7.02321951219512,6.96288643533123,38
"40",2012,7,6.82695652173913,23,6.5625,7.43142857142857,6,7,6.75125,16,7,1,7,16,862,515,347,90,212,650,6.97360788863109,7.18034951456311,6.66677233429395,6.78455555555555,7.02245283018868,6.95767692307692,39
"41",2012,8,6.72941176470588,17,7.3125,6.21111111111111,7,6.35,6.78,8,9,3,2,15,879,523,356,93,214,665,6.96888509670079,7.18237093690249,6.65525280898876,6.79150537634408,7.01616822429907,6.95366917293233,40
"42",2012,9,6.81818181818182,22,7.38888888888889,6.42307692307692,6.5,6.375,7.07142857142857,9,13,6,8,14,901,532,369,99,222,679,6.96520532741398,7.18586466165414,6.64707317073171,6.77383838383838,6.99306306306306,6.9560972017673,41
"43",2012,10,6.55263157894737,19,6.88888888888889,6.25,6,6.66666666666667,6.53125,9,10,1,3,16,920,541,379,100,225,695,6.95668478260869,7.18092421441775,6.6365963060686,6.7661,6.98871111111111,6.94631654676259,42
"44",2012,11,6.64347826086957,23,7.29166666666667,5.93636363636364,6,7.16666666666667,6.565,12,11,1,3,20,943,553,390,101,228,715,6.94904559915164,7.18332730560579,6.61684615384615,6.75851485148515,6.99105263157895,6.93565034965035,43
"45",2012,12,6.74705882352941,17,7.06363636363636,6.16666666666667,6.66666666666667,6.7,6.76666666666667,11,6,3,5,12,960,564,396,104,233,727,6.94546875,7.18099290780142,6.61002525252525,6.75586538461538,6.98480686695279,6.93286107290234,44
"46",2013,1,6.95454545454545,33,7.14705882352941,6.75,7,7.33333333333333,6.91666666666667,17,16,4,3,30,993,581,412,108,236,757,6.94577039274924,7.18,6.61546116504854,6.76490740740741,6.98923728813559,6.93221928665786,45
"47",2013,2,6.69761904761905,21,6.65,6.74090909090909,6.71666666666667,6.27,6.83125,10,11,3,5,16,1014,591,423,111,241,773,6.94063116370808,7.17103214890017,6.61872340425532,6.7636036036036,6.9743153526971,6.93012936610608,46
"48",2013,3,7.30769230769231,13,7.3,7.33333333333333,6,6,7.41666666666667,10,3,1,1,12,1027,601,426,112,242,785,6.94527750730282,7.17317803660566,6.6237558685446,6.75678571428571,6.97028925619835,6.93756687898089,47
"49",2013,4,6.84666666666667,15,7,6.61666666666667,7,6.13333333333333,7.025,9,6,1,3,12,1042,610,432,113,245,797,6.94385796545105,7.17062295081967,6.62365740740741,6.75893805309734,6.96004081632653,6.93888331242158,48
"50",2013,5,7.24772727272727,22,7.00454545454545,7.49090909090909,7.5,7.5,7.20789473684211,11,11,2,3,19,1064,621,443,115,248,816,6.95014097744361,7.16768115942029,6.64519187358917,6.77182608695652,6.96657258064516,6.94514705882353,49
"51",2013,6,6.9,20,7,6.66666666666667,NA,7.625,6.71875,14,6,0,4,16,1084,635,449,115,252,832,6.94921586715867,7.1639842519685,6.64547884187082,6.77182608695652,6.97702380952381,6.94079326923077,50
"52",2013,7,7.23214285714286,14,7.57142857142857,6.89285714285714,6.375,6.3125,7.6,7,7,2,4,10,1098,642,456,117,256,842,6.95282331511839,7.16842679127726,6.64927631578947,6.76504273504273,6.966640625,6.94862232779097,51
"53",2013,8,6.79444444444444,18,7.02307692307692,6.2,5.83333333333333,5.625,7.12857142857143,13,5,3,4,14,1116,655,461,120,260,856,6.9502688172043,7.16554198473283,6.64440347071584,6.74175,6.946,6.95156542056075,52
"54",2013,9,7.05555555555556,18,7.08333333333333,7,5,7.5,6.92857142857143,12,6,1,4,14,1134,667,467,121,264,870,6.95194003527337,7.16406296851574,6.6489721627409,6.72735537190082,6.95439393939394,6.95119540229885,53
"55",2013,10,7.07894736842105,19,7.17857142857143,6.8,7.5,7.25,7.03333333333333,14,5,2,4,15,1153,681,472,123,268,885,6.95403295750217,7.16436123348018,6.65057203389831,6.73991869918699,6.95880597014925,6.95258757062147,54
"56",2013,11,6.62857142857143,21,6.825,6,7,6.9,6.54375,16,5,1,5,16,1174,697,477,124,273,901,6.94821124361158,7.15657101865136,6.64375262054507,6.74201612903226,6.95772893772894,6.94532741398446,55
"57",2013,12,6.62666666666667,30,7.15,6.365,6.25,6.21428571428571,6.75217391304348,10,20,8,7,23,1204,707,497,132,280,924,6.94019933554817,7.15647807637907,6.63253521126761,6.71219696969697,6.93914285714286,6.94051948051948,56
"58",2014,1,7.26153846153846,39,7.52083333333333,6.84666666666667,7.75,7.20833333333333,7.28518518518518,24,15,4,12,27,1243,731,512,136,292,951,6.95028157683025,7.16844049247606,6.63880859375,6.74272058823529,6.95020547945206,6.95030494216614,57
"59",2014,2,6.60740740740741,27,7.02941176470588,5.89,6.2,6.66666666666667,6.59047619047619,17,10,5,6,21,1270,748,522,141,298,972,6.94299212598425,7.1652807486631,6.62446360153257,6.72347517730496,6.9444966442953,6.94253086419753,58
"60",2014,3,7.21428571428571,28,7.5,6.77272727272727,6.4,6.6,7.34782608695652,17,11,5,5,23,1298,765,533,146,303,995,6.94884437596302,7.17271895424837,6.6275234521576,6.71239726027397,6.93881188118812,6.95189949748744,59
"61",2014,4,7.1625,20,7.425,6.9,6.5,6.375,7.25,10,10,2,2,18,1318,775,543,148,305,1013,6.95208649468892,7.17597419354839,6.63254143646409,6.70952702702703,6.93511475409836,6.95719644619941,60
"62",2014,5,6.81666666666667,30,7.5,6.13333333333333,5.5,7.42857142857143,6.6304347826087,15,15,4,7,23,1348,790,558,152,312,1036,6.94907270029673,7.18212658227848,6.61912186379928,6.67769736842105,6.9461858974359,6.94994208494208,61
"63",2014,6,7.09090909090909,22,7.16666666666667,6.75,6.5,6.5,7.15,18,4,2,2,20,1370,808,562,154,314,1056,6.9513503649635,7.18178217821782,6.62005338078292,6.67538961038961,6.94334394904459,6.95373106060606,62
"64",2014,7,6.61538461538461,26,7.16666666666667,6.14285714285714,6.5,6,6.66666666666667,12,14,2,2,24,1396,820,576,156,316,1080,6.94509312320917,7.18156097560976,6.60845486111111,6.67314102564103,6.93737341772152,6.94735185185185,63
"65",2014,8,7.10428571428571,35,7.20769230769231,6.80555555555556,6.4,6.64285714285714,7.21964285714286,26,9,5,7,28,1431,846,585,161,323,1108,6.94898672257163,7.18236406619385,6.61148717948718,6.66465838509317,6.9309907120743,6.95423285198556,64
"66",2014,9,6.66,25,6.85294117647059,6.25,6,6.25,6.73809523809524,17,8,1,4,21,1456,863,593,162,327,1129,6.94402472527472,7.17587485515643,6.60661045531197,6.66055555555556,6.92266055045872,6.95021257750221,65
"67",2014,10,7.10869565217391,23,7.57142857142857,6.38888888888889,5.5,6.83333333333333,7.15,14,9,2,3,20,1479,877,602,164,330,1149,6.94658553076403,7.18218928164196,6.60335548172757,6.64640243902439,6.92184848484848,6.95369016536118,66
"68",2014,11,6.912,25,7.64444444444444,6.5,6.33333333333333,8.66666666666667,6.67272727272727,9,16,3,3,22,1504,886,618,167,333,1171,6.94601063829787,7.1868848758465,6.60067961165049,6.64077844311377,6.93756756756757,6.94841161400512,67
"69",2014,12,6.60810810810811,37,7.20625,6.15238095238095,5.775,6.4125,6.66206896551724,16,21,4,8,29,1541,902,639,171,341,1200,6.93789746917586,7.18722838137472,6.58594679186229,6.62052631578947,6.92524926686217,6.94149166666667,68
"70",2015,1,6.928,50,6.95806451612903,6.87894736842105,7.41666666666667,7.15384615384615,6.84864864864865,31,19,6,13,37,1591,933,658,177,354,1237,6.93758642363293,7.17961414790997,6.59440729483283,6.64751412429379,6.93364406779661,6.93871463217461,69
"71",2015,2,7.06875,32,7.228,6.5,6.5,6.9,7.1,25,7,2,5,27,1623,958,665,179,359,1264,6.94017252002464,7.18087682672234,6.59341353383459,6.64586592178771,6.93317548746518,6.94215981012658,70
"72",2015,3,6.83103448275862,29,6.96428571428571,6.70666666666667,6.9,6.5,6.84285714285714,14,15,5,1,28,1652,972,680,184,360,1292,6.93825665859564,7.17775720164609,6.59591176470588,6.65277173913044,6.93197222222222,6.94000773993808,71
"73",2015,4,6.73445945945946,37,6.609375,6.96538461538462,8,6.83333333333333,6.70267857142857,24,13,3,9,28,1689,996,693,187,369,1320,6.93379218472469,7.16406124497992,6.60284271284271,6.67438502673797,6.92956639566396,6.93497348484848,72
"74",2015,5,6.92692307692308,26,7.07222222222222,6.6,7.43333333333333,7.25,6.9,18,8,3,2,24,1715,1014,701,190,371,1344,6.93368804664723,7.16243096646943,6.60281027104137,6.68636842105263,6.93129380053908,6.93434895833333,73
"75",2015,6,7.0336,25,7.24692307692308,6.8025,6.86666666666667,7.32166666666667,6.94263157894737,13,12,6,6,19,1740,1027,713,196,377,1363,6.93512356321839,7.16350048685492,6.60617110799439,6.69188775510204,6.93750663129974,6.93446441672781,74
"76",2015,7,6.43636363636364,33,6.73684210526316,6.02857142857143,6,7,6.35862068965517,19,14,5,4,29,1773,1046,727,201,381,1392,6.92584038353074,7.15575047801147,6.59504814305365,6.67467661691542,6.93816272965879,6.92246767241379,75
"77",2015,8,6.97361111111111,36,7.07045454545455,6.82142857142857,6.875,6.64285714285714,7.05344827586207,22,14,8,7,29,1809,1068,741,209,388,1421,6.92679104477612,7.15399344569288,6.59932523616734,6.68234449760766,6.93283505154639,6.92514074595355,76
"78",2015,9,7.04827586206897,29,7.25714285714286,6.5,4.5,7.16666666666667,7.03461538461538,21,8,2,3,26,1838,1089,749,211,391,1447,6.92870783460283,7.15598255280073,6.59826435246996,6.66165876777251,6.93462915601023,6.92710780926054,77
"79",2015,10,6.9,31,6.79761904761905,7.115,7,6.875,6.9037037037037,21,10,2,4,27,1869,1110,759,213,395,1474,6.92823167469235,7.1492027027027,6.60507246376812,6.66483568075117,6.9340253164557,6.92667910447761,78
"80",2015,11,6.63030303030303,33,7.22857142857143,6.18947368421053,6.6,7.36666666666667,6.46666666666667,14,19,5,6,27,1902,1124,778,218,401,1501,6.92306256572029,7.15019128113879,6.59492287917738,6.66334862385321,6.94049875311721,6.91840439706862,79
"81",2015,12,6.94146341463415,41,7.084,6.71875,6,7,6.925,25,16,7,9,32,1943,1149,794,225,410,1533,6.92345084920226,7.14875108790252,6.59741813602015,6.64271111111111,6.94180487804878,6.91854207436399,80
"82",2016,1,7.05555555555556,45,7.16666666666667,6.83333333333333,6.75,6.91666666666667,7.07692307692308,30,15,4,6,39,1988,1179,809,229,416,1572,6.92644114688128,7.14920695504665,6.60179233621755,6.64458515283843,6.94144230769231,6.9224713740458,81
"83",2016,2,7.14827586206897,29,7.44117647058824,6.73333333333333,6.825,7.08333333333333,7.16521739130435,17,12,4,6,23,2017,1196,821,233,422,1595,6.92963063956371,7.15335702341137,6.6037149817296,6.64768240343348,6.94345971563981,6.92597178683385,82
"84",2016,3,6.75454545454545,33,7.14705882352941,6.3375,5,6.8,6.74642857142857,17,16,1,5,28,2050,1213,837,234,427,1623,6.92681219512195,7.15326875515251,6.59862604540024,6.64064102564103,6.94177985948478,6.92287430683918,83
"85",2016,4,6.74642857142857,28,6.94117647058824,6.44545454545455,5.5,6.92857142857143,6.68571428571429,17,11,1,7,21,2078,1230,848,235,434,1644,6.92438161693936,7.15033739837398,6.5966391509434,6.63578723404255,6.9415668202765,6.91984489051095,84
"86",2016,5,6.54137931034483,29,6.77916666666667,5.4,7,6.375,6.568,24,5,1,4,25,2107,1254,853,236,438,1669,6.91911010915994,7.1432336523126,6.58962485345838,6.63733050847458,6.93639269406393,6.91457459556621,85
"87",2016,6,6.85714285714286,21,6.72727272727273,7,7.33333333333333,7,6.84210526315789,11,10,3,2,19,2128,1265,863,239,440,1688,6.91849859022556,7.13961660079051,6.59438006952491,6.64606694560669,6.93668181818182,6.91375888625592,86
"88",2016,7,6.86666666666667,27,7.295,5.64285714285714,8,6.375,6.95217391304348,20,7,1,4,23,2155,1285,870,240,444,1711,6.91784918793503,7.14203501945525,6.58672413793104,6.65170833333333,6.93162162162162,6.91427527761543,87
"89",2016,8,6.75833333333333,36,6.94545454545455,6.46428571428571,6,6.5,6.76571428571429,22,14,2,1,35,2191,1307,884,242,445,1746,6.91522820629849,7.13872609028309,6.5847850678733,6.64632231404959,6.93065168539326,6.9112972508591,88
"90",2016,9,6.91071428571429,28,7.02941176470588,6.72727272727273,NA,6.83333333333333,6.92,17,11,0,3,25,2219,1324,895,242,448,1771,6.91517124831005,7.13732250755287,6.58653631284916,6.64632231404959,6.93,6.91142010163749,89
"91",2016,10,6.69864864864865,37,6.85227272727273,6.47333333333333,7.33333333333333,6.66666666666667,6.70483870967742,22,15,3,6,31,2256,1346,910,245,454,1802,6.91162012411347,7.13266344725111,6.58467032967033,6.65473469387755,6.92651982378855,6.90786625971143,90
"92",2016,11,6.81363636363636,44,7.1,6.2,6.36,7.08333333333333,6.77105263157895,30,14,5,6,38,2300,1376,924,250,460,1840,6.90974565217391,7.13195130813953,6.57884199134199,6.64884,6.9285652173913,6.90504076086956,91
"93",2016,12,6.85386363636364,44,6.9037037037037,6.77470588235294,6,6.6,6.87243902439024,27,17,1,3,41,2344,1403,941,251,463,1881,6.90869667235495,7.12755880256593,6.58238044633369,6.64625498007968,6.92643628509719,6.90433014354067,92
"94",2017,1,6.82410714285714,56,6.99864864864865,6.48421052631579,6.7,7.225,6.73695652173913,37,19,6,10,46,2400,1440,960,257,473,1927,6.90672291666666,7.12424652777778,6.5804375,6.64750972762646,6.93274841437632,6.90033471717696,93
"95",2017,2,6.71586956521739,46,6.93548387096774,6.262,6,7.4,6.63243902439024,31,15,1,5,41,2446,1471,975,258,478,1968,6.90313368765331,7.12026852481305,6.57553846153846,6.645,6.9376359832636,6.89475355691057,94
"96",2017,3,7.04347826086957,23,7.20588235294118,6.58333333333333,7.5,7.08333333333333,7.02941176470588,17,6,2,6,17,2469,1488,981,260,484,1985,6.90444106925881,7.12124663978495,6.57558613659531,6.65157692307692,6.93944214876033,6.89590680100755,95
"97",2017,4,7.04,30,7.2047619047619,6.65555555555556,6.35,7.58,6.932,21,9,4,5,25,2499,1509,990,264,489,2010,6.90606842737095,7.12240888005301,6.57631313131313,6.64700757575758,6.9459918200409,6.89635572139303,96
"98",2017,5,6.89148936170213,47,7.14193548387097,6.40625,6.625,6.45,6.91111111111111,31,16,4,2,45,2546,1540,1006,268,491,2055,6.90579929300864,7.12280194805195,6.5736083499006,6.64667910447761,6.94397148676171,6.89667883211679,97
"99",2017,6,7.0575,40,7.388,6.50666666666667,6.25,7.25,7.03611111111111,25,15,4,4,36,2586,1565,1021,272,495,2091,6.90814578499613,7.12703833865815,6.57262487757101,6.6408455882353,6.94644444444445,6.8990793878527,98
"100",2017,7,6.66976744186046,43,6.90740740740741,6.26875,6.5,7.42857142857143,6.52222222222222,27,16,2,7,36,2629,1592,1037,274,502,2127,6.90424686192468,7.12331344221105,6.56793635486982,6.63981751824818,6.95316733067729,6.89270098730606,99
"101",2017,8,6.83039215686274,51,6.91969696969697,6.66666666666667,6.375,7.13,6.75731707317073,33,18,4,10,41,2680,1625,1055,278,512,2168,6.90284141791044,7.11917846153846,6.56962085308057,6.63600719424461,6.95662109375,6.89014068265682,100
"102",2017,9,6.65116279069767,43,7,6.0625,5.5,6.57142857142857,6.66666666666667,27,16,4,7,36,2723,1652,1071,282,519,2204,6.89886705839148,7.11723062953995,6.56204481792717,6.61989361702128,6.95142581888247,6.88649047186933,101
"103",2017,10,6.76,47,7.003125,6.24133333333333,5.51714285714286,7.325,6.64410256410256,32,15,7,8,39,2770,1684,1086,289,527,2243,6.89651083032491,7.11506235154394,6.55761510128914,6.59318339100346,6.95709677419355,6.88227596968346,102
"104",2017,11,6.70422222222222,45,7.19230769230769,6.03631578947368,5.66666666666667,7.13636363636364,6.56441176470588,26,19,3,11,34,2815,1710,1105,292,538,2277,6.89343694493783,7.11623684210526,6.54865158371041,6.58366438356164,6.96076208178439,6.87752964426877,103
"105",2017,12,6.64561403508772,57,6.64594594594595,6.645,6.16666666666667,6.86,6.625,37,20,6,5,52,2872,1747,1125,298,543,2329,6.88851845403899,7.10627647395535,6.55036444444444,6.57526845637584,6.95983425414365,6.87189136968656,104
"106",2018,1,7.03846153846154,65,7.26,6.54,6.66666666666667,7.3,7.01666666666667,45,20,3,5,60,2937,1792,1145,301,548,2389,6.89183690840994,7.11013671875,6.55018340611354,6.57617940199336,6.96293795620438,6.87552741732942,105
"107",2018,2,6.69,40,6.73870967741935,6.52222222222222,6.66666666666667,7,6.63529411764706,31,9,3,6,34,2977,1823,1154,304,554,2423,6.88912495801142,7.10382062534284,6.54996533795494,6.57707236842105,6.96333935018051,6.87215641766405,106
"108",2018,3,7.0004347826087,46,7.07875,6.82142857142857,7,6.54166666666667,7.16235294117647,32,14,3,12,34,3023,1855,1168,307,566,2457,6.89081872312272,7.10338814016172,6.55321917808219,6.58120521172638,6.95439929328622,6.87617216117216,107
"109",2018,4,6.9359375,32,7.30952380952381,6.22272727272727,6.75,6,7.03275862068966,21,11,4,3,29,3055,1876,1179,311,569,2486,6.89129132569558,7.10569562899787,6.55013570822731,6.58337620578778,6.94936731107206,6.87799879324215,108
"110",2018,5,6.7,37,6.9125,6.30769230769231,5.4,6.2,6.778125,24,13,5,5,32,3092,1900,1192,316,574,2518,6.88900226390685,7.10325526315789,6.54749161073825,6.56465189873418,6.94283972125436,6.87672954725973,109
"111",2018,6,6.73787878787879,33,7.1195652173913,5.86,5.5,7.4,6.59074074074074,23,10,2,6,27,3125,1923,1202,318,580,2545,6.8874064,7.10345033801352,6.54177204658902,6.55795597484277,6.94756896551724,6.87369548133595,110
"112",2018,7,7.2974358974359,39,7.64347826086957,6.8,6,7.73333333333333,7.21818181818182,23,16,3,6,33,3164,1946,1218,321,586,2578,6.89246049304677,7.10983299075026,6.54516420361248,6.55274143302181,6.95561433447099,6.87810512024825,111
"113",2018,8,7.06976744186047,43,7.26923076923077,6.76470588235294,6.66666666666667,7.3,7.03947368421053,26,17,6,5,38,3207,1972,1235,327,591,2616,6.89483785469286,7.1119345841785,6.54818623481781,6.55483180428135,6.95852791878173,6.88044915902141,112
"114",2018,9,6.62540733333333,45,6.6763540625,6.5,NA,6.75,6.61325195121951,32,13,0,4,41,3252,2004,1248,327,595,2657,6.89110957257072,7.10497920658683,6.54768429487179,6.55483180428135,6.95712605042017,6.87632605570192,113
"115",2018,10,6.65972222222222,36,6.56666666666667,6.93888888888889,6.75,6.2,6.73387096774194,27,9,4,5,31,3288,2031,1257,331,600,2688,6.88857613442822,7.0978229098966,6.55048528241846,6.55719033232629,6.95081666666667,6.87468315848214,114
"116",2018,11,6.65818181818182,55,6.73611111111111,6.51052631578947,6.75,7.1,6.56,36,19,4,10,45,3343,2067,1276,335,610,2733,6.88478562069997,7.09152313981616,6.54989028213166,6.55949253731343,6.95326229508197,6.86950176728869,115
"117",2018,12,6.52830188679245,53,6.64054054054054,6.26875,6.16666666666667,6.15,6.59555555555556,37,16,3,8,45,3396,2104,1292,338,618,2778,6.87922212308598,7.0835923621673,6.54640866873065,6.55600591715976,6.9428640776699,6.86506419366451,116
"118",2019,1,6.50048387096774,62,6.61697674418605,6.23684210526316,6.4,6.5,6.50052631578947,43,19,5,5,57,3458,2147,1311,343,623,2835,6.87243155870445,7.07424700978109,6.54192219679634,6.55373177842566,6.93930979133226,6.85773486067019,117
"119",2019,2,6.434,50,6.68918918918919,5.70769230769231,7,5,6.46326530612245,37,13,2,1,49,3508,2184,1324,345,624,2884,6.86618253420752,7.06772359432234,6.53373111782477,6.55631884057971,6.93620192307692,6.85103270804438,118
"120",2019,3,6.63684210526316,38,6.62631578947368,6.64736842105263,6.54285714285714,6.76666666666667,6.62571428571429,19,19,7,3,35,3546,2203,1343,352,627,2919,6.86372485335589,7.06391662732637,6.53533879374535,6.55605113636364,6.93539074960128,6.84833104830421,119
"121",2019,4,7.07,51,7.34903225806452,6.6375,6.5,7.5,7.02326086956522,31,20,2,5,46,3597,2234,1363,354,632,2965,6.86664952182374,7.06787302148612,6.53683785766691,6.55573446327684,6.93985759493671,6.85104496795953,120
"122",2019,5,6.90325,40,7.12741935483871,6.13111111111111,7.06,6.6875,6.92722222222222,31,9,3,4,36,3637,2265,1372,357,636,3001,6.86705205664008,7.06868800441501,6.53417638483965,6.55997198879552,6.93827044025157,6.8519587904032,121
"123",2019,6,6.75142857142857,35,6.67272727272727,6.88461538461539,NA,7,6.73636363636364,22,13,0,2,33,3672,2287,1385,357,638,3034,6.86594998093682,7.06487902492348,6.53746570397112,6.55997198879552,6.93846394984326,6.85070149307844,122
"124",2019,7,6.90307692307692,39,7.07928571428571,6.45454545454545,6.25,7.8125,6.66838709677419,28,11,2,8,31,3711,2315,1396,359,646,3065,6.86634015898679,7.06505327429806,6.5368123209169,6.55824512534819,6.9492879256966,6.84885753017944,123
"125",2019,8,6.48324324324324,37,6.48791666666667,6.47461538461538,6.56,6.8425,6.43969696969697,24,13,5,4,33,3748,2339,1409,364,650,3098,6.86255825240128,7.05913139375802,6.53623846699787,6.55826923076923,6.94863076923077,6.84449913815365,124
"126",2019,9,6.65121951219512,41,6.78076923076923,6.42666666666667,6.08333333333333,7.5,6.60769230769231,26,15,6,2,39,3789,2365,1424,370,652,3137,6.86027139878596,7.05607117547569,6.53508426966292,6.55056756756757,6.95032208588957,6.84155509403889,125
"127",2019,10,6.63609756097561,41,6.63161290322581,6.65,7,8,6.56615384615385,31,10,1,2,39,3830,2396,1434,371,654,3176,6.85787162663185,7.05057943656093,6.53588563458856,6.55177897574124,6.95353211009174,6.83817327770781,126
"128",2019,11,6.65384615384615,39,6.97916666666667,6.13333333333333,5.66666666666667,6.8,6.63235294117647,24,15,3,5,34,3869,2420,1449,374,659,3210,6.85581502455415,7.0498712107438,6.53171842650103,6.54467914438503,6.95236722306525,6.83599324922118,127
"129",2019,12,7.17222222222222,54,7.14,7.23157894736842,6.85714285714286,7.75,7.07173913043478,35,19,7,8,46,3923,2455,1468,381,667,3256,6.86017036196788,7.05115614256619,6.54077656675749,6.55041994750656,6.96193403298351,6.83932381142506,128
"130",2020,1,6.98324675324675,77,7.08946428571429,6.7,6.25,6.64285714285714,7.05888888888889,56,21,4,14,63,4000,2511,1489,385,681,3319,6.8625395825,7.05201048586221,6.54302216252518,6.5472987012987,6.95537444933921,6.84349151250377,129
"131",2020,2,6.32368421052632,57,6.62051282051282,5.68055555555556,7,6.08333333333333,6.35196078431373,39,18,2,6,51,4057,2550,1507,387,687,3370,6.85496877742174,7.04541110980392,6.53272063702721,6.54963824289406,6.94775836972344,6.83605291691395,130
"132",2020,3,6.63474576271186,59,6.90121951219512,6.02777777777778,7,6.98076923076923,6.53695652173913,41,18,5,13,46,4116,2591,1525,392,700,3416,6.8518120335277,7.04312942107295,6.5267606557377,6.55538265306123,6.94837142857143,6.83202527224824,131
"133",2020,4,6.63095238095238,42,6.83333333333333,5.88888888888889,6,6,6.73611111111111,33,9,3,6,36,4158,2624,1534,395,706,3452,6.84958112794613,7.04049097942073,6.52301825293351,6.55116455696203,6.94031161473088,6.83102500869061,132
"134",2020,5,6.9625,40,7.096,6.74,6.36666666666667,7.64285714285714,6.81818181818182,25,15,3,7,33,4198,2649,1549,398,713,3485,6.85065705812291,7.04101484711212,6.52511943189154,6.54977386934674,6.94720897615708,6.83090339454806,133
"135",2020,6,6.63870361111111,36,6.83739130434783,6.28717923076923,6.5,6.57142857142857,6.6549424137931,23,13,2,7,29,4234,2672,1562,400,720,3514,6.84885490316485,7.0392620995509,6.52313913572343,6.549525,6.94355555555556,6.82945124075128,134
"136",2020,7,6.43255813953488,43,6.68666666666667,5.84615384615385,4,6.1,6.48648648648649,30,13,3,6,37,4277,2702,1575,403,726,3551,6.84466954874912,7.03534727239082,6.51755132063492,6.5305459057072,6.93658402203857,6.82587768515911,135
"137",2020,8,6.7821052631579,38,6.95076923076923,6.41666666666667,6.8,6.6,6.80969696969697,26,12,5,5,33,4315,2728,1587,408,731,3584,6.84411857705678,7.03454117668622,6.51678848771266,6.53384803921569,6.93428180574556,6.82572869977679,136
"138",2020,9,6.5845,40,6.69909090909091,6.44444444444444,6,7.2,6.49657142857143,22,18,5,5,35,4355,2750,1605,413,736,3619,6.8417340206659,7.03185757454546,6.51597715264797,6.52738498789346,6.93608695652174,6.82254536059685,137
"139",2020,10,6.84913043478261,46,7.02864864864865,6.11111111111111,6,8,6.60684210526316,37,9,2,8,38,4401,2787,1614,415,744,3657,6.84181132924335,7.03181497308934,6.51371953531598,6.52484337349398,6.94752688172043,6.82030398140552,138
"140",2020,11,6.41611116666667,60,6.73472229166667,5.14166666666667,4.76666666666667,6.16666666666667,6.46013078431373,48,12,3,9,51,4461,2835,1626,418,753,3708,6.83608570499888,7.0267848324515,6.50359368388684,6.51222488038278,6.93819389110226,6.8153501429342,139
"141",2020,12,6.88125,64,6.94666666666667,6.72631578947368,7,6.81818181818182,6.89433962264151,45,19,2,11,53,4525,2880,1645,420,764,3761,6.83672449281768,7.02553298611111,6.50616615805471,6.51454761904762,6.93646596858639,6.81646326243021,140
"142",2021,1,6.88597826086957,92,7.01612903225806,6.617,7.39666666666667,7.2125,6.81723684210526,62,30,3,16,76,4617,2942,1675,423,780,3837,6.83770594108729,7.02533480625425,6.50815124179104,6.52080378250591,6.94212820512821,6.8164785848319,141
"143",2021,2,6.47428571428571,35,6.71538461538462,5.77777777777778,4.5,6.5,6.47352941176471,26,9,2,1,34,4652,2968,1684,425,781,3871,6.83497169604471,7.02261960916442,6.50424782066508,6.51129411764706,6.94156209987196,6.81346637303023,142
"144",2021,3,7.11041666666667,36,7.20277777777778,6.83333333333333,7,7.15833333333333,7.10606060606061,27,9,1,3,33,4688,2995,1693,426,784,3904,6.83708688779863,7.02424373956594,6.50599724158299,6.51244131455399,6.94239158163265,6.81593963370902,143
"145",2021,4,6.32863636363636,44,6.41533333333333,6.14285714285714,5.66666666666667,6.44,6.31435897435897,30,14,3,5,39,4732,3025,1707,429,789,3943,6.83235911453931,7.01820495867769,6.50301893966022,6.50652680652681,6.93920785804816,6.81097852650266,144
"146",2021,5,6.81190476190476,42,7.00384615384615,6.5,5,6.7,6.82702702702703,26,16,2,5,37,4774,3051,1723,431,794,3980,6.83217916422287,7.01808259587021,6.50299090539756,6.49953596287703,6.93770151133501,6.81112772110553,145
"147",2021,6,6.68888888888889,27,6.61764705882353,6.81,6.5,8,6.63846153846154,17,10,3,1,26,4801,3068,1733,434,795,4006,6.83137332430744,7.01586375488918,6.50476245239469,6.49953917050691,6.93903773584906,6.81000707189216,146
"148",2021,7,6.60571428571429,35,6.74761904761905,6.39285714285714,6,8,6.475,21,14,3,3,32,4836,3089,1747,437,798,4038,6.8297401426799,7.01404014244092,6.50386567258157,6.49610983981693,6.94302631578947,6.80735223625557,147
"149",2021,8,6.64733870967742,62,6.66597826086957,6.59375,5.375,6.716875,6.63703703703704,46,16,4,8,54,4898,3135,1763,441,806,4092,6.82743126378113,7.00893301435407,6.50468141236529,6.4859410430839,6.94078163771712,6.80510467497556,148
"150",2021,9,6.60842105263158,38,7.12,5.62461538461538,4.5,7,6.56235294117647,25,13,2,4,34,4936,3160,1776,443,810,4126,6.82574520461912,7.00981170886076,6.49823948761261,6.47697516930023,6.94107407407407,6.80310429714009,149
"151",2021,10,6.86288888888889,45,6.91375,6.456,5.59333333333333,6.25,6.92268292682927,40,5,3,4,41,4981,3200,1781,446,814,4167,6.82608077293716,7.0086109375,6.49812090398652,6.47103139013453,6.93767813267813,6.80428085673146,150
"152",2021,11,6.9883503030303,33,7.09343454545455,6.77818181818182,6,7.375,6.93501931034483,22,11,1,4,29,5014,3222,1792,447,818,4196,6.82714876146789,7.00919011793917,6.49984002790179,6.46997762863535,6.93981662591687,6.80518443517636,151
"153",2021,12,6.63761909090909,77,6.95179018518519,5.9,5.625,6.47777777777778,6.65877455882353,54,23,8,9,68,5091,3276,1815,455,827,4264,6.82428217638971,7.00824396520146,6.4922387493113,6.45512087912088,6.93478839177751,6.8028495684803,152
"154",2022,1,6.68265613861386,101,6.69258362318841,6.66125,6.42833333333333,6.52793666666667,6.72327,69,32,6,21,80,5192,3345,1847,461,848,4344,6.82152712442219,7.00173258594918,6.4951669355712,6.45477223427332,6.92471305424528,6.80138401473297,153
"155",2022,2,6.77,40,6.87666666666667,6.45,7.25,6.83333333333333,6.76486486486487,30,10,2,3,37,5232,3375,1857,463,851,4381,6.82113318616208,7.00062088888889,6.49492371028541,6.45820734341253,6.92439091656874,6.80107559004793,154
"156",2022,3,6.38857142857143,35,6.324,6.55,NA,6.33333333333333,6.39375,25,10,0,3,32,5267,3400,1867,463,854,4413,6.81825874881337,6.99564573529412,6.49521870915908,6.45820734341253,6.92231460187354,6.79812194878767,155
"157",2022,4,7.12236104166667,48,7.28222222222222,6.6427775,5.63777666666667,6,7.19718511111111,36,12,3,3,45,5315,3436,1879,466,857,4458,6.82100511006585,6.99864828288708,6.49616107503992,6.45292560085837,6.91908596266044,6.80215017720951,156
"158",2022,5,6.79279580645161,31,6.41121227272727,7.72555555555556,6.8,7.3,6.71765444444444,22,9,1,4,27,5346,3458,1888,467,861,4485,6.82084153198653,6.99491098033545,6.50202153601695,6.45366880085653,6.9208555981417,6.80164150724638,157
"159",2022,6,6.61952380952381,42,6.91066666666667,5.89166666666667,6.16666666666667,6.5,6.62871794871795,30,12,6,3,39,5388,3488,1900,473,864,4524,6.81927224016333,6.99418640194954,6.4981666631579,6.45002818181818,6.91939429398148,6.80015078691424,158
"160",2022,7,6.92608695652174,23,7.33125,6,6.5,5.83333333333333,7.09,16,7,1,3,20,5411,3504,1907,474,867,4544,6.8197262668638,6.99572550513698,6.49633804929208,6.45013360759494,6.91563629757785,6.80142653169014,159
"161",2022,8,6.58863636363636,44,6.97931034482759,5.83333333333333,6.25,6.71428571428571,6.56486486486487,29,15,2,7,37,5455,3533,1922,476,874,4581,6.81786229697525,6.99559076422304,6.49116371488033,6.44929271008404,6.91402364988558,6.79951586116569,160
"162",2022,9,6.70997959183673,49,7.15448387096774,5.94444444444444,6.4,6.4578,6.73863636363636,31,18,5,5,44,5504,3564,1940,481,879,4625,6.81690185864826,6.99697283108866,6.48609106185567,6.44878031185031,6.91142852104664,6.79893668324324,161
"163",2022,10,7.03375893617021,47,7.13196088235294,6.77692307692308,6.375,6.25714285714286,7.16966675,34,13,4,7,40,5551,3598,1953,485,886,4665,6.81873797513961,6.99824842690383,6.48802696364567,6.44817181443299,6.90625922121896,6.80211550482315,162
"164",2022,11,6.83888888888889,36,7.048,6.36363636363636,6,7.475,6.65714285714286,25,11,3,8,28,5587,3623,1964,488,894,4693,6.81886781814927,6.99859173060999,6.48733027494908,6.44541665983607,6.91134862416107,6.80125054975496,163
"165",2022,12,7.40232558139535,43,7.34583333333333,7.47368421052632,6.28571428571429,8.43636363636364,7.046875,24,19,7,11,32,5630,3647,1983,495,905,4725,6.82332406749556,7.00087684123937,6.49678096822996,6.44315824242424,6.92988471823204,6.80291403809524,164
