"","year","month","avg_rating","no_ratings","avg_rating_owned","avg_rating_not_owned","avg_rating_prev_owned","avg_rating_comment","avg_rating_no_comment","no_ratings_owned","no_ratings_not_owned","no_ratings_prev_owned","no_ratings_comment","no_ratings_no_comment","cum_no_ratings","cum_no_ratings_owned","cum_no_ratings_not_owned","cum_no_ratings_prev_owned","cum_no_ratings_comment","cum_no_ratings_no_comment","cum_avg_rating","cum_avg_rating_owned","cum_avg_rating_not_owned","cum_avg_rating_prev_owned","cum_avg_rating_comment","cum_avg_rating_no_comment","month_after_release"
"1",2001,5,8,1,8,NA,NA,8,NA,1,0,0,1,0,1,1,0,0,1,0,8,8,NA,NA,8,NA,0
"2",2001,6,9,1,9,NA,NA,NA,9,1,0,0,0,1,2,2,0,0,1,1,8.5,8.5,NA,NA,8,9,1
"3",2001,8,8.5,2,8.5,NA,NA,NA,8.5,2,0,0,0,2,4,4,0,0,1,3,8.5,8.5,NA,NA,8,8.66666666666667,3
"4",2001,9,7,2,8,6,NA,NA,7,1,1,0,0,2,6,5,1,0,1,5,8,8.4,6,NA,8,8,4
"5",2001,11,7.25,4,7.25,NA,NA,NA,7.25,4,0,0,0,4,10,9,1,0,1,9,7.7,7.88888888888889,6,NA,8,7.66666666666667,6
"6",2001,12,7,2,6,8,NA,NA,7,1,1,0,0,2,12,10,2,0,1,11,7.58333333333333,7.7,7,NA,8,7.54545454545455,7
"7",2002,1,6,1,NA,6,NA,NA,6,0,1,0,0,1,13,10,3,0,1,12,7.46153846153846,7.7,6.66666666666667,NA,8,7.41666666666667,8
"8",2002,2,7,2,7,7,NA,7,7,1,1,0,1,1,15,11,4,0,2,13,7.4,7.63636363636364,6.75,NA,7.5,7.38461538461539,9
"9",2002,3,8,2,8,NA,NA,NA,8,2,0,0,0,2,17,13,4,0,2,15,7.47058823529412,7.69230769230769,6.75,NA,7.5,7.46666666666667,10
"10",2002,5,9,1,9,NA,NA,NA,9,1,0,0,0,1,18,14,4,0,2,16,7.55555555555556,7.78571428571429,6.75,NA,7.5,7.5625,12
"11",2002,6,7.8,5,7.75,8,NA,8,7.75,4,1,0,1,4,23,18,5,0,3,20,7.60869565217391,7.77777777777778,7,NA,7.66666666666667,7.6,13
"12",2002,7,8,1,8,NA,NA,8,NA,1,0,0,1,0,24,19,5,0,4,20,7.625,7.78947368421053,7,NA,7.75,7.6,14
"13",2002,8,7.75,4,7.75,NA,NA,8,7.5,4,0,0,2,2,28,23,5,0,6,22,7.64285714285714,7.78260869565217,7,NA,7.83333333333333,7.59090909090909,15
"14",2002,10,5.5,4,7,5,6,5,5.66666666666667,1,3,1,1,3,32,24,8,1,7,25,7.375,7.75,6.25,6,7.42857142857143,7.36,17
"15",2002,11,8,3,8,NA,NA,8,8,3,0,0,1,2,35,27,8,1,8,27,7.42857142857143,7.77777777777778,6.25,6,7.5,7.40740740740741,18
"16",2002,12,6.75,4,6.66666666666667,7,NA,NA,6.75,3,1,0,0,4,39,30,9,1,8,31,7.35897435897436,7.66666666666667,6.33333333333333,6,7.5,7.32258064516129,19
"17",2003,1,5.75,4,6,5.66666666666667,NA,6,5.66666666666667,1,3,0,1,3,43,31,12,1,9,34,7.2093023255814,7.61290322580645,6.16666666666667,6,7.33333333333333,7.17647058823529,20
"18",2003,2,7,4,7,7,NA,7,7,2,2,0,3,1,47,33,14,1,12,35,7.19148936170213,7.57575757575758,6.28571428571429,6,7.25,7.17142857142857,21
"19",2003,3,8,4,8,NA,NA,8.25,7.75,4,0,0,2,2,51,37,14,1,14,37,7.25490196078431,7.62162162162162,6.28571428571429,6,7.39285714285714,7.2027027027027,22
"20",2003,4,7.5,4,7,8,NA,8,7.33333333333333,2,2,0,1,3,55,39,16,1,15,40,7.27272727272727,7.58974358974359,6.5,6,7.43333333333333,7.2125,23
"21",2003,5,7.14285714285714,7,7.1,7.25,NA,7.25,7,5,2,0,4,3,62,44,18,1,19,43,7.25806451612903,7.53409090909091,6.58333333333333,6,7.39473684210526,7.19767441860465,24
"22",2003,6,6.58333333333333,12,6.75,6.25,NA,7,6.16666666666667,8,4,0,6,6,74,52,22,1,25,49,7.14864864864865,7.41346153846154,6.52272727272727,6,7.3,7.07142857142857,25
"23",2003,7,7.22222222222222,36,7.71052631578947,6.67647058823529,6.5,7.55555555555556,7.11111111111111,19,17,2,9,27,110,71,39,3,34,76,7.17272727272727,7.49295774647887,6.58974358974359,6.33333333333333,7.36764705882353,7.08552631578947,26
"24",2003,8,7.77777777777778,9,7.8,7.75,8,8.66666666666667,7.33333333333333,5,4,1,3,6,119,76,43,4,37,82,7.21848739495798,7.51315789473684,6.69767441860465,6.75,7.47297297297297,7.10365853658537,27
"25",2003,9,7.28571428571429,7,6.8,8.5,8,NA,7.28571428571429,5,2,1,0,7,126,81,45,5,37,89,7.22222222222222,7.46913580246914,6.77777777777778,7,7.47297297297297,7.11797752808989,28
"26",2003,10,7.66666666666667,3,8,7.5,NA,NA,7.66666666666667,1,2,0,0,3,129,82,47,5,37,92,7.23255813953488,7.47560975609756,6.80851063829787,7,7.47297297297297,7.13586956521739,29
"27",2003,11,7.25,4,7.25,NA,NA,6.5,8,4,0,0,2,2,133,86,47,5,39,94,7.23308270676692,7.46511627906977,6.80851063829787,7,7.42307692307692,7.15425531914894,30
"28",2003,12,6.42857142857143,7,7.5,5,NA,8,6.16666666666667,4,3,0,1,6,140,90,50,5,40,100,7.19285714285714,7.46666666666667,6.7,7,7.4375,7.095,31
"29",2004,1,7.33333333333333,6,7.5,7,7,6.5,7.75,4,2,1,2,4,146,94,52,6,42,104,7.1986301369863,7.46808510638298,6.71153846153846,7,7.39285714285714,7.12019230769231,32
"30",2004,2,7.25,14,7.61111111111111,6.6,8,7,7.35,9,5,2,4,10,160,103,57,8,46,114,7.203125,7.48058252427184,6.70175438596491,7.25,7.35869565217391,7.14035087719298,33
"31",2004,3,7.46875,16,7.85,6.83333333333333,NA,7.38888888888889,7.57142857142857,10,6,0,9,7,176,113,63,8,55,121,7.22727272727273,7.51327433628319,6.71428571428571,7.25,7.36363636363636,7.16528925619835,34
"32",2004,4,7.13333333333333,15,7.16666666666667,7.08333333333333,NA,7.5,7.04166666666667,9,6,0,3,12,191,122,69,8,58,133,7.21989528795812,7.48770491803279,6.7463768115942,7.25,7.37068965517241,7.15413533834586,35
"33",2004,5,7.1,5,7.1,NA,NA,6.83333333333333,7.5,5,0,0,3,2,196,127,69,8,61,135,7.21683673469388,7.47244094488189,6.7463768115942,7.25,7.34426229508197,7.15925925925926,36
"34",2004,6,7.25,8,7.33333333333333,7,NA,7,7.5,6,2,0,4,4,204,133,71,8,65,139,7.21813725490196,7.46616541353383,6.75352112676056,7.25,7.32307692307692,7.16906474820144,37
"35",2004,7,7.28571428571429,7,8,6.33333333333333,NA,7.28571428571429,NA,4,3,0,7,0,211,137,74,8,72,139,7.22037914691943,7.48175182481752,6.73648648648649,7.25,7.31944444444444,7.16906474820144,38
"36",2004,8,7.75,10,7.75,7.75,NA,7.625,7.83333333333333,8,2,0,4,6,221,145,76,8,76,145,7.24434389140271,7.49655172413793,6.76315789473684,7.25,7.33552631578947,7.19655172413793,39
"37",2004,9,7.66666666666667,9,8,7.25,NA,8.16666666666667,6.66666666666667,5,4,0,6,3,230,150,80,8,82,148,7.26086956521739,7.51333333333333,6.7875,7.25,7.39634146341463,7.18581081081081,40
"38",2004,10,7.05333333333333,15,7.525,5.16666666666667,6,7.18,6.8,12,3,1,10,5,245,162,83,9,92,153,7.24816326530612,7.5141975308642,6.7289156626506,7.11111111111111,7.37282608695652,7.17320261437909,41
"39",2004,11,7.56363636363636,11,7.42,9,NA,7.44,7.66666666666667,10,1,0,5,6,256,172,84,9,97,159,7.26171875,7.50872093023256,6.75595238095238,7.11111111111111,7.37628865979381,7.19182389937107,42
"40",2004,12,6.25,10,7.625,5.33333333333333,NA,7.16666666666667,5.85714285714286,4,6,0,3,7,266,176,90,9,100,166,7.22368421052632,7.51136363636364,6.66111111111111,7.11111111111111,7.37,7.1355421686747,43
"41",2005,1,7.16666666666667,15,7.45,6.6,NA,8,6.75,10,5,0,5,10,281,186,95,9,105,176,7.22064056939502,7.50806451612903,6.65789473684211,7.11111111111111,7.4,7.11363636363636,44
"42",2005,2,7.1875,16,7.45454545454545,6.6,7,7.7,6.95454545454545,11,5,1,5,11,297,197,100,10,110,187,7.21885521885522,7.50507614213198,6.655,7.1,7.41363636363636,7.10427807486631,45
"43",2005,3,6.58823529411765,17,7.09090909090909,5.66666666666667,NA,6.3125,6.83333333333333,11,6,0,8,9,314,208,106,10,118,196,7.18471337579618,7.48317307692308,6.59905660377358,7.1,7.33898305084746,7.09183673469388,46
"44",2005,4,7.04166666666667,12,7.75,6.33333333333333,NA,7.05,7,6,6,0,10,2,326,214,112,10,128,198,7.17944785276074,7.49065420560748,6.58482142857143,7.1,7.31640625,7.09090909090909,47
"45",2005,5,6.89090909090909,11,7.5625,5.1,NA,7.25,6.81111111111111,8,3,0,2,9,337,222,115,10,130,207,7.1700296735905,7.49324324324324,6.54608695652174,7.1,7.31538461538462,7.07874396135266,48
"46",2005,6,7.16,15,7.5,6.93333333333333,7.5,7.28571428571429,7.05,6,9,2,7,8,352,228,124,12,137,215,7.16960227272727,7.49342105263158,6.5741935483871,7.16666666666667,7.31386861313869,7.07767441860465,49
"47",2005,7,7.33333333333333,18,7.4,7,NA,7.27272727272727,7.42857142857143,15,3,0,11,7,370,243,127,12,148,222,7.17756756756757,7.48765432098765,6.58425196850394,7.16666666666667,7.31081081081081,7.08873873873874,50
"48",2005,8,7.2875,16,7.66153846153846,5.66666666666667,NA,7.48,6.96666666666667,13,3,0,10,6,386,256,130,12,158,228,7.18212435233161,7.496484375,6.56307692307692,7.16666666666667,7.32151898734177,7.08552631578947,51
"49",2005,9,6.453125,8,6.75,6.15625,7,6.75,6.15625,4,4,1,4,4,394,260,134,13,162,232,7.16732233502538,7.485,6.55093283582089,7.15384615384615,7.30740740740741,7.06950431034483,52
"50",2005,10,7.19444444444444,18,7.35,7,7,6.95,7.5,10,8,2,10,8,412,270,142,15,172,240,7.1685072815534,7.48,6.5762323943662,7.13333333333333,7.28662790697674,7.08385416666667,53
"51",2005,11,7.2,15,7.22222222222222,7.16666666666667,7.5,7.41666666666667,7.05555555555556,9,6,2,6,9,427,279,148,17,178,249,7.16961358313817,7.47168458781362,6.60016891891892,7.17647058823529,7.29101123595506,7.08283132530121,54
"52",2005,12,7.00526315789474,19,7.85,6.61538461538461,7,7.12222222222222,6.9,6,13,1,9,10,446,285,161,18,187,259,7.16261210762332,7.47964912280702,6.60139751552795,7.16666666666667,7.28288770053476,7.0757722007722,55
"53",2006,1,6.4,25,6.80769230769231,5.95833333333333,6.66666666666667,6.5,6.25,13,12,3,15,10,471,298,173,21,202,269,7.12213375796178,7.4503355704698,6.55679190751445,7.09523809523809,7.22475247524752,7.04507434944238,56
"54",2006,2,6.75,8,7.25,6.25,NA,5.25,8.25,4,4,0,4,4,479,302,177,21,206,273,7.11591858037578,7.4476821192053,6.54985875706215,7.09523809523809,7.18640776699029,7.06272893772894,57
"55",2006,3,7.02631578947368,19,7.41666666666667,6.35714285714286,NA,6.7,7.38888888888889,12,7,0,10,9,498,314,184,21,216,282,7.1125,7.44649681528662,6.54252717391304,7.09523809523809,7.16388888888889,7.07313829787234,58
"56",2006,4,7.1,15,8.08333333333333,6.44444444444444,6,7.31818181818182,6.5,6,9,1,11,4,513,320,193,22,227,286,7.11213450292398,7.4584375,6.53795336787565,7.04545454545455,7.17136563876652,7.06512237762238,59
"57",2006,5,7.08333333333333,12,8.14285714285714,5.6,NA,6.8,8.5,7,5,0,10,2,525,327,198,22,237,288,7.11147619047619,7.47308868501529,6.51426767676768,7.04545454545455,7.15569620253164,7.07508680555556,60
"58",2006,6,6.5,11,7.25,4.5,NA,7.5,5.66666666666667,8,3,0,5,6,536,335,201,22,242,294,7.09892723880597,7.46776119402985,6.4842039800995,7.04545454545455,7.16280991735537,7.04634353741497,61
"59",2006,7,6.7,25,7.28571428571429,5.95454545454545,6,6.25,7.11538461538461,14,11,1,12,13,561,349,212,23,254,307,7.08114973262032,7.46045845272206,6.45672169811321,7,7.11968503937008,7.0492671009772,62
"60",2006,8,7.14,20,7.5,6.7,NA,7.625,6.81666666666667,11,9,0,8,12,581,360,221,23,262,319,7.08317555938038,7.46166666666667,6.46662895927602,7,7.13511450381679,7.04051724137931,63
"61",2006,9,7.15625,16,7.55555555555556,6.64285714285714,NA,7.2,7.13636363636364,9,7,0,5,11,597,369,228,23,267,330,7.08513400335008,7.46395663956639,6.47203947368421,7,7.13632958801498,7.04371212121212,64
"62",2006,10,6.86,25,7.35714285714286,6.22727272727273,8,6.73076923076923,7,14,11,1,13,12,622,383,239,24,280,342,7.07608520900322,7.46005221932115,6.4607740585774,7.04166666666667,7.1175,7.0421783625731,65
"63",2006,11,7.3,18,7.71111111111111,6.88888888888889,7,7.39,7.1875,9,9,1,10,8,640,392,248,25,290,350,7.0823828125,7.46581632653061,6.47631048387097,7.04,7.12689655172414,7.0455,66
"64",2006,12,7.21875,32,7.73684210526316,6.46153846153846,NA,7.05555555555556,7.28260869565217,19,13,0,9,23,672,411,261,25,299,373,7.08887648809524,7.47834549878345,6.47557471264368,7.04,7.1247491638796,7.06012064343164,67
"65",2007,1,7.21388888888889,36,7.46666666666667,6.70833333333333,NA,7.74666666666667,6.83333333333333,24,12,0,15,21,708,435,273,25,314,394,7.09523305084746,7.47770114942529,6.48580586080586,7.04,7.15445859872611,7.04803299492386,68
"66",2007,2,7.26422090909091,22,7.51666666666667,6.72326571428571,6,7,7.44714307692308,15,7,1,9,13,730,450,280,26,323,407,7.10032583561644,7.479,6.49174235714286,7,7.15015479876161,7.06078098280098,69
"67",2007,3,6.87037037037037,27,7.05882352941176,6.55,7,6.61111111111111,7,17,10,1,9,18,757,467,290,27,332,425,7.09212398943197,7.46370449678801,6.49375124137931,7,7.1355421686747,7.05820672941176,70
"68",2007,4,7.24166666666667,30,7.6875,6.73214285714286,NA,7.5,7.06944444444444,16,14,0,12,18,787,483,304,27,344,443,7.09782447268107,7.47111801242236,6.50472980263158,7,7.14825581395349,7.05866334085779,71
"69",2007,5,7.24791666666667,24,7.38333333333333,7.02222222222222,NA,6.83333333333333,7.6625,15,9,0,12,12,811,498,313,27,356,455,7.10226616522811,7.46847389558233,6.51960977635783,7,7.1376404494382,7.0745887032967,72
"70",2007,6,6.83076923076923,52,7.18235294117647,6.16666666666667,6.5,6.64230769230769,7.01923076923077,34,18,4,26,26,863,532,331,31,382,481,7.08590713789108,7.45018796992481,6.50041649546828,6.93548387096774,7.10392670157068,7.07159638253638,73
"71",2007,7,7.01041666666667,48,7.3,6.23076923076923,6,7.21153846153846,6.77272727272727,35,13,1,26,22,911,567,344,32,408,503,7.08192959385291,7.44091710758377,6.4902263372093,6.90625,7.11078431372549,7.05852457256461,74
"72",2007,8,7.37555555555556,45,7.6,6.68181818181818,7,7.30833333333333,7.45238095238095,34,11,1,24,21,956,601,355,33,432,524,7.09575089958159,7.44991680532446,6.49616298591549,6.90909090909091,7.12175925925926,7.07430889312977,75
"73",2007,9,7.1030612244898,49,7.365,6.68947368421053,7.3,6.73095238095238,7.38214285714286,30,19,5,21,28,1005,631,374,38,453,552,7.09610732338308,7.4458795562599,6.5059835828877,6.96052631578947,7.10364238410596,7.08992365942029,76
"74",2007,10,6.98848571428571,35,7.21073913043478,6.5625,6.5,7.66130769230769,6.59090909090909,23,12,2,13,22,1040,654,386,40,466,574,7.09248544230769,7.43761009174312,6.50774056994819,6.9375,7.11919957081545,7.07079766550523,77
"75",2007,11,6.40851851851852,54,6.66666666666667,6.15037037037037,6.68666666666667,6.97411764705882,6.14864864864865,27,27,3,17,37,1094,681,413,43,483,611,7.05872473491773,7.40704405286344,6.48437738498789,6.92,7.11409316770186,7.01495558101473,78
"76",2007,12,6.70855263157895,76,6.92980769230769,6.22916666666667,NA,6.98857142857143,6.46951219512195,52,24,0,35,41,1170,733,437,43,518,652,7.03597851282051,7.37318826739427,6.47036123569794,6.92,7.10561196911197,6.98065622699386,79
"77",2008,1,6.968,75,7.28085106382979,6.44285714285714,NA,6.78611111111111,7.13589743589744,47,28,0,36,39,1245,780,465,43,554,691,7.03188342168675,7.36762435897436,6.46870507526882,6.92,7.08485018050541,6.98941803183792,80
"78",2008,2,7.09285714285714,70,7.58139534883721,6.31481481481481,7.5,7.43548387096774,6.82051282051282,43,27,1,31,39,1315,823,492,44,585,730,7.03512917110266,7.37879343863912,6.46025987804878,6.93318181818182,7.10343076923077,6.98039432876712,81
"79",2008,3,6.76293103448276,58,7.25,6.07291666666667,6.75,7.20967741935484,6.25,34,24,7,31,27,1373,857,516,51,616,757,7.02363063364894,7.3736837806301,6.44224391472868,6.90803921568627,7.1087775974026,6.95434327608983,82
"80",2008,4,7.010625,48,7.26724137931035,6.61894736842105,6.16666666666667,7.3204,6.67391304347826,29,19,3,25,23,1421,886,535,54,641,780,7.02319131597467,7.37019977426637,6.44851936448598,6.86685185185185,7.11703120124805,6.94607417948718,83
"81",2008,5,6.67551020408163,49,6.91666666666667,6.444,7,6.625,6.724,24,25,3,24,25,1470,910,560,57,665,805,7.01160194557823,7.35823846153846,6.44831760714286,6.87385964912281,7.09927368421053,6.93917746583851,84
"82",2008,6,6.77122448979592,49,7.08205882352941,6.06666666666667,7,7.08277777777778,6.59032258064516,34,15,1,18,31,1519,944,575,58,683,836,7.00384783410138,7.34829131355932,6.43836149565217,6.87603448275862,7.09883894582723,6.92624145933014,85
"83",2008,7,7.025,40,7.44444444444444,6.15384615384615,7,7.19230769230769,6.94444444444444,27,13,6,13,27,1559,971,588,64,696,863,7.0043905452213,7.35096498455201,6.43207119047619,6.88765625,7.10058477011494,6.9268109617613,86
"84",2008,8,6.88404255319149,47,7.07727272727273,6.42857142857143,7,7.02941176470588,6.80166666666667,33,14,5,17,30,1606,1004,602,69,713,893,7.00086853051059,7.34196912350598,6.43198980066445,6.89579710144928,7.09888779803646,6.92260678611422,87
"85",2008,9,6.38294117647059,34,6.8704347826087,5.36363636363636,6.25,5.91538461538462,6.67238095238095,23,11,4,13,21,1640,1027,613,73,726,914,6.98805784146341,7.33140895813048,6.4128186949429,6.86041095890411,7.0776955922865,6.91685761487965,88
"86",2008,10,6.6969696969697,33,6.875,6.52941176470588,5.75,6.75,6.67391304347826,16,17,4,10,23,1673,1043,630,77,736,937,6.9823161147639,7.32440747842761,6.41596485714286,6.80272727272727,7.07324320652174,6.91089419423693,89
"87",2008,11,7.00625,40,7.33695652173913,6.55882352941176,NA,7.07142857142857,6.97115384615385,23,17,0,14,26,1713,1066,647,77,750,963,6.98287499124343,7.32467823639775,6.41971848531684,6.80272727272727,7.07320933333333,6.91252114226376,90
"88",2008,12,7.05116279069767,43,7.24838709677419,6.54166666666667,6.75,7.16428571428571,6.99655172413793,31,12,4,14,29,1756,1097,659,81,764,992,6.98454718678816,7.32252233363719,6.42193908952959,6.80012345679012,7.07487827225131,6.91497768145161,91
"89",2009,1,6.67272727272727,55,7.13636363636364,5.97727272727273,6.14285714285714,6.75925925925926,6.58928571428571,33,22,7,27,28,1811,1130,681,88,791,1020,6.9750772280508,7.31708584070797,6.40757395007342,6.74784090909091,7.06410493046776,6.90603711764706,92
"90",2009,2,6.66898734177215,79,7.13428571428571,6.29886363636364,5.75,6.625,6.68389830508475,35,44,9,20,59,1890,1165,725,97,811,1079,6.962282994709,7.31159399141631,6.40097635862069,6.65525773195876,7.05327620221948,6.89389050973123,93
"91",2009,3,7.06969696969697,66,7.37142857142857,6.72903225806452,6.8,6.975,7.11086956521739,35,31,5,20,46,1956,1200,756,102,831,1125,6.96590739263804,7.31333916666667,6.41442838624338,6.66235294117647,7.05139229843562,6.90276254222222,94
"92",2009,4,6.9544776119403,67,7.468,6.64880952380952,5.78571428571429,7.12272727272727,6.87222222222222,25,42,7,22,45,2023,1225,798,109,853,1170,6.96552884824518,7.31649551020408,6.42676423558897,6.60605504587156,7.05323212192263,6.90158791452992,95
"93",2009,5,6.81,55,7.3551724137931,6.20192307692308,6.33333333333333,7.30769230769231,6.65595238095238,29,26,9,13,42,2078,1254,824,118,866,1212,6.96141234841194,7.31738995215311,6.41966973300971,6.58525423728813,7.0570519630485,6.89307579207921,96
"94",2009,6,7.12070175438596,57,7.53933333333333,6.65555555555556,7.4,7.54375,6.95560975609756,30,27,5,16,41,2135,1284,851,123,882,1253,6.96566503981265,7.32257554517134,6.4271537720329,6.61837398373984,7.06588095238095,6.89512199521149,97
"95",2009,7,6.93469387755102,49,7.19333333333333,6.52631578947368,6.73333333333333,7.03333333333333,6.9125,30,19,3,9,40,2184,1314,870,126,891,1293,6.96497017399267,7.31962480974125,6.42931937931034,6.62111111111111,7.06555218855219,6.89565959783449,98
"96",2009,8,6.77685185185185,54,6.95357142857143,6.58653846153846,6.42857142857143,6.76538461538462,6.78048780487805,28,26,7,13,41,2238,1342,896,133,904,1334,6.96043112600536,7.31198733233979,6.43388154017857,6.61097744360902,7.06123561946903,6.89211983508246,99
"97",2009,9,6.64473684210526,57,6.83870967741935,6.41346153846154,6.33333333333333,6.4375,6.75675675675676,31,26,3,20,37,2295,1373,922,136,924,1371,6.95259035294118,7.30130152949745,6.43330570498915,6.60485294117647,7.04773484848485,6.88846671043034,100
"98",2009,10,6.89030769230769,65,7.22727272727273,6.5428125,5.71428571428571,7.08333333333333,6.77731707317073,33,32,7,24,41,2360,1406,954,143,948,1412,6.95087494067797,7.2995640113798,6.43697888888889,6.56125874125874,7.04863607594937,6.8852392776204,101
"99",2009,11,6.732,75,7.18974358974359,6.23611111111111,6.25,6.70555555555556,6.74035087719298,39,36,8,18,57,2435,1445,990,151,966,1469,6.94413341273101,7.2966,6.4296746060606,6.54476821192053,7.04224327122153,6.87961733151804,102
"100",2009,12,6.640625,80,7.22058823529412,6.21195652173913,6.22222222222222,6.99230769230769,6.4712962962963,34,46,9,26,54,2515,1479,1036,160,992,1523,6.93447906958251,7.29485260311021,6.42000758687259,6.526625,7.04093447580645,6.86513976362443,103
"101",2010,1,6.59583333333333,60,6.845,6.34666666666667,5.83333333333333,6.41666666666667,6.65555555555556,30,30,3,15,45,2575,1509,1066,163,1007,1568,6.92658829514563,7.28590921139828,6.41794358348968,6.51386503067485,7.03163555114201,6.85912491071429,104
"102",2010,2,6.60178571428571,56,7.240625,5.75,4.33333333333333,6.86153846153846,6.52325581395349,32,24,3,13,43,2631,1541,1090,166,1020,1611,6.91967497529457,7.2849688513952,6.40323656880734,6.4744578313253,7.02946764705882,6.85016006207325,105
"103",2010,3,6.49893617021277,47,6.96904761904762,6.11923076923077,6.58333333333333,6.71666666666667,6.42428571428571,21,26,6,12,35,2678,1562,1116,172,1032,1646,6.91229083644511,7.28072151088348,6.39661994623656,6.47825581395349,7.02583042635659,6.84110441069259,106
"104",2010,4,6.95,26,7.3,6.65,6,7.56,6.8047619047619,12,14,3,5,21,2704,1574,1130,175,1037,1667,6.91265342455621,7.28086848792885,6.39975916814159,6.47005714285714,7.02840597878496,6.84064658668267,107
"105",2010,5,6.67878787878788,33,6.79375,6.57058823529412,6,6.5,6.76818181818182,16,17,3,11,22,2737,1590,1147,178,1048,1689,6.9098337084399,7.27596666666667,6.40229107236268,6.46213483146067,7.02285973282443,6.83970269982238,108
"106",2010,6,6.98777552631579,38,7.70615772727273,6,6.5,7.15833333333333,6.90905653846154,22,16,3,12,26,2775,1612,1163,181,1060,1715,6.91090101981982,7.28183776054591,6.39675654342218,6.46276243093923,7.02439339622641,6.84075412827988,109
"107",2010,7,6.74,25,7.39285714285714,5.90909090909091,4,7.2,6.625,14,11,1,5,20,2800,1626,1174,182,1065,1735,6.90937511785715,7.28279364698647,6.39218727427598,6.44923076923077,7.02521784037559,6.83826704899136,110
"108",2010,8,6.92307692307692,39,7.11363636363636,6.67647058823529,7,7,6.89655172413793,22,17,1,10,29,2839,1648,1191,183,1075,1764,6.90956334272631,7.28053547936894,6.39624505457599,6.45224043715847,7.02498325581395,6.83922524376417,111
"109",2010,9,7.148,25,7.31904761904762,6.25,7,7.29166666666667,7.01538461538462,21,4,1,12,13,2864,1669,1195,184,1087,1777,6.91164466829609,7.28102005392451,6.39575553138075,6.45521739130435,7.02792732290708,6.84051397298818,112
"110",2010,10,6.35,38,6.71818181818182,5.84375,7.07142857142857,6.63636363636364,6.23333333333333,22,16,7,11,27,2902,1691,1211,191,1098,1804,6.90429025844246,7.27369749852159,6.38846231213873,6.47780104712042,7.02400455373406,6.8314264578714,113
"111",2010,11,6.33490566037736,53,7.24090909090909,5.69193548387097,5.83333333333333,6.23809523809524,6.3984375,22,31,6,21,32,2955,1713,1242,197,1119,1836,6.89407794585449,7.27327639813193,6.37107718196457,6.45817258883249,7.00925558534406,6.82387980936819,114
"112",2010,12,6.61770833333333,48,6.98703703703704,6.14285714285714,7.25,6.11666666666667,6.78472222222222,27,21,3,12,36,3003,1740,1263,200,1131,1872,6.88966044955045,7.26883475287357,6.36728254948535,6.47005,6.99978514588859,6.82312677884615,115
"113",2011,1,7.02222222222222,54,7.38387096774194,6.53478260869565,6.07142857142857,6.76666666666667,7.12051282051282,31,23,7,15,39,3057,1771,1286,207,1146,1911,6.89200207065751,7.27084837380011,6.37027827371695,6.45657004830918,6.99673385689354,6.82919588173731,116
"114",2011,2,6.67767441860465,43,7.1725,6.05263157894737,6,6.41071428571429,6.80655172413793,24,19,2,14,29,3100,1795,1305,209,1160,1940,6.88902913870968,7.26953340947075,6.36565353256705,6.4522009569378,6.98966120689655,6.82885738659794,117
"115",2011,3,6.81785714285714,42,7.53157894736842,6.22826086956522,6.08333333333333,7.33333333333333,6.61166666666667,19,23,6,12,30,3142,1814,1328,215,1172,1970,6.88807776257161,7.27227809812569,6.36327399096386,6.44190697674419,6.99318003412969,6.82554991370559,118
"116",2011,4,6.91666666666667,27,7.39666666666667,6.31666666666667,7,6.92,6.91470588235294,15,12,1,10,17,3169,1829,1340,216,1182,1987,6.88832134111707,7.27329823400766,6.3628566119403,6.44449074074074,6.99256091370558,6.82631269753397,119
"117",2011,5,6.74903225806452,31,7.01294117647059,6.42857142857143,7,6.85166666666667,6.68421052631579,17,14,1,12,19,3200,1846,1354,217,1194,2006,6.886971978125,7.27090057963164,6.36353608567208,6.44705069124424,6.99114489112228,6.82496676470588,120
"118",2011,6,6.74193548387097,31,7.23684210526316,5.95833333333333,6.5,6.85714285714286,6.70833333333333,19,12,2,7,24,3231,1865,1366,219,1201,2030,6.8855804178273,7.27055360321716,6.35997647144949,6.44753424657534,6.99036386344713,6.82358784729064,121
"119",2011,7,6.97872340425532,47,7.046875,6.83333333333333,7.375,7.44117647058824,6.71666666666667,32,15,4,17,30,3278,1897,1381,223,1218,2060,6.88691590298963,7.26678042698999,6.36511792903693,6.46417040358744,6.99665599343185,6.82203074271845,122
"120",2011,8,6.84594594594595,37,7.42857142857143,6.08125,6.325,8,6.41851851851852,21,16,4,10,27,3315,1918,1397,227,1228,2087,6.8864586214178,7.26855186131387,6.36186675733715,6.46171806167401,7.00482654723127,6.81681041207475,123
"121",2011,9,6.69512195121951,41,6.96153846153846,6.23333333333333,6.16666666666667,6.44117647058824,6.875,26,15,3,17,24,3356,1944,1412,230,1245,2111,6.88412107568534,7.26444571502058,6.36050131728045,6.45786956521739,6.99713012048193,6.81747197063003,124
"122",2011,10,6.86666666666667,60,7.45277777777778,5.9875,6.16666666666667,6.53571428571429,6.96739130434783,36,24,6,14,46,3416,1980,1436,236,1259,2157,6.88381449941452,7.26786993434344,6.35426731197771,6.45046610169492,6.99199920571882,6.82066913769124,125
"123",2011,11,6.61046511627907,86,6.93690476190476,6.29886363636364,6.57142857142857,6.07631578947368,6.76194029850746,42,44,7,19,67,3502,2022,1480,243,1278,2224,6.87710175042833,7.26099528684471,6.35262017567567,6.45395061728395,6.97838575899843,6.81889987859712,126
"124",2011,12,6.91326530612245,49,7.58928571428571,6.01190476190476,5.5,7.10714285714286,6.83571428571429,28,21,2,14,35,3551,2050,1501,245,1292,2259,6.87760076879752,7.26547925365854,6.34785333777482,6.44616326530612,6.97978095975232,6.81916039397964,127
"125",2012,1,6.86395348837209,86,7.11111111111111,6.59268292682927,7.02,6.775,6.89838709677419,45,41,5,24,62,3637,2095,1542,250,1316,2321,6.87727806708826,7.26216347016707,6.35436307392996,6.45764,6.97604635258359,6.82127674709177,128
"126",2012,2,6.94533333333333,75,7.55555555555556,6.38205128205128,6.5,7.35294117647059,6.82586206896552,36,39,3,17,58,3712,2131,1581,253,1333,2379,6.87865310614224,7.26711988268419,6.35504608475648,6.45814229249012,6.98085296324081,6.82138853720051,129
"127",2012,3,6.93181818181818,44,7.15384615384615,6.61111111111111,7,7.05555555555556,6.9,26,18,2,9,35,3756,2157,1599,255,1342,2414,6.87927591320554,7.26575450625869,6.35792861788618,6.46239215686274,6.98135394932936,6.82252830571665,130
"128",2012,4,6.91896551724138,58,7.14545454545455,6.62,6.125,6.83333333333333,6.94883720930233,33,25,4,15,43,3814,2190,1624,259,1357,2457,6.87987947823807,7.26394176712329,6.36196296798029,6.45718146718147,6.97971775976418,6.82473884004884,131
"129",2012,5,7.32745098039216,51,7.6551724137931,6.89545454545455,7,7.8,7.14864864864865,29,22,3,14,37,3865,2219,1646,262,1371,2494,6.88578533764554,7.26905474087427,6.36909347509113,6.46339694656488,6.98809409190372,6.82954423817161,132
"130",2012,6,6.83333333333333,42,7.26,6.20588235294118,7,6,7.06060606060606,25,17,1,9,33,3907,2244,1663,263,1380,2527,6.88522148195547,7.26895386363636,6.36742505111245,6.46543726235741,6.98165,6.83256166600712,133
"131",2012,7,6.6732,50,7.28181818181818,5.49176470588235,7.5,7.06666666666667,6.50457142857143,33,17,2,15,35,3957,2277,1680,265,1395,2562,6.88254241344453,7.2691403030303,6.35856420238095,6.47324528301887,6.98256415770609,6.82808092505855,134
"132",2012,8,6.88951612903226,62,7.25,6.45178571428571,6.57142857142857,7.109375,6.81304347826087,34,28,7,16,46,4019,2311,1708,272,1411,2608,6.88264999502364,7.2688587061878,6.36009242388759,6.47577205882353,6.98400212615167,6.82781569401841,135
"133",2012,9,7.28888888888889,36,7.88461538461539,6.95217391304348,6.33333333333333,7,7.4,13,23,3,10,26,4055,2324,1731,275,1421,2634,6.88625655487053,7.2723031282272,6.36795948006932,6.47421818181818,6.98411470795215,6.83346367881549,136
"134",2012,10,6.82857142857143,70,7.31428571428571,6.34285714285714,6.33333333333333,6.86842105263158,6.81372549019608,35,35,6,19,51,4125,2359,1766,281,1440,2685,6.88527765575758,7.2729260152607,6.36746198187995,6.47120996441281,6.98258819444444,6.83308876350093,137
"135",2012,11,6.9038961038961,77,7.51142857142857,6.39761904761905,6.24,7.14,6.79038461538462,35,42,5,25,52,4202,2394,1808,286,1465,2737,6.88561883150881,7.27641289473684,6.36816253318584,6.46716783216783,6.98527440273037,6.83227743149434,138
"136",2012,12,6.70591304347826,69,6.97560975609756,6.311,7.1,7.02222222222222,6.59427450980392,41,28,5,18,51,4271,2435,1836,291,1483,2788,6.88271560056193,7.27134803696099,6.36729077342048,6.4780412371134,6.98572285906945,6.8279237195122,139
"137",2013,1,7.21014492753623,69,7.35405405405405,7.04375,5.43333333333333,6.916,7.37727272727273,37,32,3,25,44,4340,2472,1868,294,1508,2832,6.88792127419355,7.27258595064725,6.37887894004283,6.46738095238095,6.98456697612732,6.8364588029661,140
"138",2013,2,6.9125,72,7.35526315789474,6.41764705882353,6,6.73333333333333,6.95964912280702,38,34,6,15,57,4412,2510,1902,300,1523,2889,6.88832237760653,7.2738376374502,6.37957195583596,6.45803333333333,6.98209258043335,6.8388893492558,141
"139",2013,3,6.71311475409836,61,7.525,6.31707317073171,6.35714285714286,6.67857142857143,6.72340425531915,20,41,7,14,47,4473,2530,1943,307,1537,2936,6.88593300469484,7.27582311067194,6.37825314462172,6.4557328990228,6.97932791151594,6.83704064373297,142
"140",2013,4,6.92782608695652,69,7.25658536585366,6.44642857142857,6.84,6.70133333333333,6.99074074074074,41,28,5,15,54,4542,2571,1971,312,1552,2990,6.88656942536328,7.2755163243874,6.37922164383562,6.46189102564102,6.97664110824742,6.83981649832776,143
"141",2013,5,6.85625,64,7.53235294117647,6.09,6.5,6.9,6.83636363636364,34,30,2,20,44,4606,2605,2001,314,1572,3034,6.88614813938341,7.27886851055662,6.37488548725637,6.46213375796178,6.97566603053435,6.83976642386289,144
"142",2013,6,6.84622641509434,53,7.13478260869565,6.625,7.16666666666667,7.33461538461538,6.6875,23,30,3,13,40,4659,2628,2031,317,1585,3074,6.88569399656579,7.2776074847793,6.37857994091581,6.46880126182965,6.97861009463722,6.83778507807417,145
"143",2013,7,6.69074074074074,54,7.07368421052632,6.48285714285714,6.8,7.34285714285714,6.4625,19,35,5,14,40,4713,2647,2066,322,1599,3114,6.88346028644176,7.27614373630525,6.38034649564376,6.47394409937888,6.98179924953096,6.83296446050096,146
"144",2013,8,6.52727272727273,44,7.08333333333333,6.14230769230769,6.16666666666667,6.625,6.490625,18,26,3,12,32,4757,2665,2092,325,1611,3146,6.88016571999159,7.2748414521576,6.37738807839388,6.47110769230769,6.97914152700186,6.82948230451367,147
"145",2013,9,6.81287878787879,66,7.302,6.51463414634146,6.125,6.71875,6.843,25,41,8,16,50,4823,2690,2133,333,1627,3196,6.87924493676135,7.27509385501859,6.38002618846695,6.46279279279279,6.97658082360172,6.82969378285357,148
"146",2013,10,6.80434782608696,69,7.25967741935484,6.43289473684211,6.66666666666667,6.55,6.90816326530612,31,38,3,20,49,4892,2721,2171,336,1647,3245,6.87818853843009,7.27491821756707,6.38095157070474,6.46461309523809,6.97140072859745,6.83087868412943,149
"147",2013,11,6.88185714285714,70,7.12857142857143,6.63514285714286,6.33333333333333,7.07142857142857,6.83446428571429,35,35,6,14,56,4962,2756,2206,342,1661,3301,6.87824029222088,7.27305967706821,6.38498452402539,6.46230994152047,6.97224382901866,6.83093951226901,150
"148",2013,12,6.66011904761905,84,7.06125,6.29545454545455,6.66666666666667,6.7,6.65144927536232,40,44,3,15,69,5046,2796,2250,345,1676,3370,6.87460926080064,7.27002949570815,6.38323371555556,6.46408695652174,6.96980727923628,6.82726448961424,151
"149",2014,1,6.8304347826087,92,7.25,6.58448275862069,6.81666666666667,6.93888888888889,6.80405405405405,34,58,6,18,74,5138,2830,2308,351,1694,3444,6.87381828143247,7.26978885865724,6.38829110051993,6.47011396011396,6.9694787485242,6.82676577526133,152
"150",2014,2,6.73173333333333,75,7.025,6.48853658536585,6.5,6.50882352941176,6.79706896551724,34,41,5,17,58,5213,2864,2349,356,1711,3502,6.87177408977556,7.26688284567039,6.39004080885483,6.47053370786517,6.96490181180596,6.82627393774986,153
"151",2014,3,6.59838709677419,62,6.71818181818182,6.46206896551724,6.5,6.82,6.55576923076923,33,29,3,10,52,5275,2897,2378,359,1721,3554,6.86856082085308,7.2606325405592,6.39091920100925,6.47077994428969,6.96405984892504,6.82231607484525,154
"152",2014,4,6.94384615384615,65,7.16607142857143,6.77567567567568,6.28333333333333,6.59375,7.05816326530612,28,37,6,16,49,5340,2925,2415,365,1737,3603,6.86947721535581,7.25972734017094,6.39681402070393,6.46769863013698,6.96064881980426,6.82552354426867,155
"153",2014,5,6.87454545454545,55,7.52083333333333,6.3741935483871,6,6.42222222222222,6.96304347826087,24,31,2,9,46,5395,2949,2446,367,1746,3649,6.86952888415199,7.26185231264836,6.39652733442355,6.46514986376022,6.95787342497136,6.82725714716361,156
"154",2014,6,6.67727272727273,55,7.23809523809524,6.33088235294118,6,6.38461538461539,6.76785714285714,21,34,5,13,42,5450,2970,2480,372,1759,3691,6.86758868440367,7.26168433333333,6.39562736290323,6.45889784946236,6.95363672541217,6.82658123272826,157
"155",2014,7,6.75,65,6.78448275862069,6.72222222222222,6.91666666666667,7.296875,6.57142857142857,29,36,6,16,49,5515,2999,2516,378,1775,3740,6.86620277969175,7.25706984661554,6.40030042130366,6.46616402116402,6.95673070422535,6.82323832352941,158
"156",2014,8,7.0384126984127,63,7.25225806451613,6.83125,6.125,7.45,6.87377777777778,31,32,4,18,45,5578,3030,2548,382,1793,3785,6.86814778235927,7.25702061716172,6.40571266091052,6.46259162303665,6.96168265476854,6.82383918890357,159
"157",2014,9,6.94928571428571,70,7.44838709677419,6.5525641025641,6.46,6.91428571428571,6.95803571428571,31,39,5,14,56,5648,3061,2587,387,1807,3841,6.86915338703966,7.25895866383535,6.40792650173947,6.46255813953488,6.96131543995573,6.82579571205415,160
"158",2014,10,6.71268656716418,67,7.19545454545455,6.24411764705882,6.5,6.4375,6.79901960784314,33,34,4,16,51,5715,3094,2621,391,1823,3892,6.86731904286964,7.25828134130575,6.40580154902709,6.46294117647059,6.95671804717499,6.82544484326824,161
"159",2014,11,6.7443661971831,71,7.02682926829268,6.35833333333333,6.30555555555556,6.92592592592593,6.63295454545455,41,30,9,27,44,5786,3135,2651,400,1850,3936,6.86581028862772,7.25525437639553,6.40526437570728,6.4594,6.95626864864865,6.82329302083333,162
"160",2014,12,6.88623188405797,69,7.39375,6.18620689655172,6.83333333333333,6.90588235294118,6.87980769230769,40,29,3,17,52,5855,3175,2680,403,1867,3988,6.8660509530316,7.25699920314961,6.40289397761194,6.46218362282878,6.95580985538297,6.8240299222668,163
"161",2015,1,6.92358333333333,96,7.28465573770492,6.29428571428571,6,7.47030769230769,6.83795180722892,61,35,2,13,83,5951,3236,2715,405,1880,4071,6.86697905057973,7.2575205407911,6.40149387108656,6.4599012345679,6.95936755319149,6.82431376320314,164
"162",2015,2,6.90337837837838,74,7.26617647058824,6.595,5.9,7.20833333333333,6.80535714285714,34,40,5,18,56,6025,3270,2755,410,1898,4127,6.86742611286307,7.2576105412844,6.40430339745916,6.45307317073171,6.96172866174921,6.82405653743639,165
"163",2015,3,6.68,70,6.91379310344828,6.51463414634146,6.36,6.45333333333333,6.74181818181818,29,41,5,15,55,6095,3299,2796,415,1913,4182,6.86527355701394,7.25458819945438,6.40592126609442,6.45195180722892,6.95774228959749,6.8229749713056,166
"164",2015,4,6.93301886792453,53,7.33035714285714,6.488,5.83,7.09166666666667,6.88658536585366,28,25,10,12,41,6148,3327,2821,425,1925,4223,6.8658575683149,7.25522587015329,6.40664865650479,6.43731764705882,6.95857714285714,6.82359254795169,167
"165",2015,5,6.74051724137931,58,7.2,6.3671875,6.5,6.78181818181818,6.73085106382979,26,32,4,11,47,6206,3353,2853,429,1936,4270,6.86468616339027,7.25479763495377,6.40620604977217,6.4379020979021,6.95757283057851,6.82257174004684,168
"166",2015,6,6.88923076923077,65,7.2962962962963,6.6,6.75,6.91666666666667,6.88301886792453,27,38,4,12,53,6271,3380,2891,433,1948,4323,6.86494057247648,7.2551291331361,6.4087533241093,6.44078521939954,6.95732084188912,6.82331282211427,169
"167",2015,7,6.95263157894737,57,7.17894736842105,6.5,7.5,6.53636363636364,7.05217391304348,38,19,3,11,46,6328,3418,2910,436,1959,4369,6.86573045670038,7.25428217378584,6.4093490927835,6.44807339449541,6.95495712098009,6.82572243762875,170
"168",2015,8,6.78188405797101,69,7.5265625,6.13783783783784,5.83333333333333,6.59375,6.83867924528302,32,37,6,16,53,6397,3450,2947,442,1975,4422,6.8648260637799,7.25680767246377,6.40594023074313,6.43972850678733,6.95203088607595,6.82587773179557,171
"169",2015,9,6.68098591549296,71,7.26666666666667,6.17236842105263,6.375,6.121875,6.84363636363636,33,38,6,16,55,6468,3483,2985,448,1991,4477,6.86280802875696,7.25690108240023,6.40296678726968,6.43886160714286,6.94535961828227,6.8260958968059,172
"170",2015,10,6.7125,64,7.02352941176471,6.36,7.5,6.70909090909091,6.71320754716981,34,30,2,11,53,6532,3517,3015,450,2002,4530,6.8613353230251,7.25464500142167,6.40253925704809,6.44357777777778,6.94406143856144,6.82477512803532,173
"171",2015,11,6.80866666666667,75,7.18928571428571,6.32424242424242,6.5,6.60909090909091,6.89150943396226,42,33,7,22,53,6607,3559,3048,457,2024,4583,6.86073744967459,7.25387369204833,6.40169155511811,6.4444420131291,6.94042045454545,6.82554687540912,174
"172",2015,12,6.89,78,7.49583333333333,6.37071428571429,6.25,7.10833333333333,6.85030303030303,36,42,6,12,66,6685,3595,3090,463,2036,4649,6.86107888257292,7.25629665368567,6.40127050485437,6.4419222462203,6.94141011787819,6.82589832867283,175
"173",2016,1,6.81130952380952,84,7.35340909090909,6.215,5.63888888888889,6.98,6.77463768115942,44,40,9,15,69,6769,3639,3130,472,2051,4718,6.86046126902053,7.25747086287442,6.39889005111821,6.42661016949153,6.94169234519746,6.82514864985163,176
"174",2016,2,6.86363636363636,66,7.25757575757576,6.46969696969697,6.9375,7.45,6.75892857142857,33,33,8,10,56,6835,3672,3163,480,2061,4774,6.86049192831017,7.25747180555555,6.39962878912425,6.435125,6.94415866084425,6.82437187473816,177
"175",2016,3,6.82222222222222,81,7.18571428571429,6.54565217391304,7,6.65625,6.86307692307692,35,46,6,16,65,6916,3707,3209,486,2077,4839,6.8600437145749,7.25679429997302,6.4017219881583,6.4420987654321,6.94194077997111,6.82489178135978,178
"176",2016,4,6.62671232876712,73,7.175,6.35816326530612,6.79166666666667,7.125,6.52868852459016,24,49,6,12,61,6989,3731,3258,492,2089,4900,6.85760657175561,7.25626815062986,6.40106686924493,6.44636178861789,6.94299234083293,6.82120435306122,179
"177",2016,5,7.05681818181818,66,7.41447368421053,6.57142857142857,7,7.20666666666667,7.01274509803922,38,28,4,15,51,7055,3769,3286,496,2104,4951,6.8594702097803,7.25786321836031,6.40251852099817,6.45082661290323,6.94487214828897,6.82317740456473,180
"178",2016,6,6.98507462686567,67,7.78571428571429,6.41025641025641,7,7.39285714285714,6.87735849056604,28,39,2,14,53,7122,3797,3325,498,2118,5004,6.86065182954226,7.2617557203055,6.402609281203,6.45303212851406,6.94783333333333,6.82375126498801,181
"179",2016,7,6.76194029850746,67,7.46379310344828,6.22631578947368,6.12,6.99928571428571,6.69924528301887,29,38,5,14,53,7189,3826,3363,503,2132,5057,6.85973185839477,7.26328710663879,6.40061726434731,6.44972166998012,6.94817120075047,6.82244637729879,182
"180",2016,8,6.99350649350649,77,7.33928571428571,6.57857142857143,6,7.07272727272727,6.98030303030303,42,35,2,11,66,7266,3868,3398,505,2143,5123,6.86114950867052,7.26411232419855,6.40245022366097,6.44794059405941,6.9488105459636,6.82448005660746,183
"181",2016,9,6.88701298701299,77,7.33970588235294,6.52906976744186,6.9,6.99615384615385,6.86484375,34,43,3,13,64,7343,3902,3441,508,2156,5187,6.86142071769032,7.26477100717581,6.40403250799186,6.45061023622047,6.94909601113172,6.82497808559861,184
"182",2016,10,6.86901408450704,71,7.24242424242424,6.54473684210526,6,7.14666666666667,6.79464285714286,33,38,3,15,56,7414,3935,3479,511,2171,5243,6.8614934353925,7.26458360101652,6.40556937625754,6.44796477495108,6.95046107784431,6.82465407781804,185
"183",2016,11,6.87245454545455,110,7.19632653061224,6.61229508196721,6.57142857142857,6.86363636363636,6.87465909090909,49,61,7,22,88,7524,3984,3540,518,2193,5331,6.86165368553961,7.2637440938755,6.40913159887005,6.4496332046332,6.94959005927952,6.82547952166573,186
"184",2016,12,7.01410256410256,78,7.4025641025641,6.62564102564103,7.33333333333333,7.28846153846154,6.95923076923077,39,39,3,13,65,7602,4023,3579,521,2206,5396,6.86321788082084,7.26508985085757,6.41149088013411,6.4547216890595,6.95158703535811,6.82709068383988,187
"185",2017,1,6.95409836065574,122,7.17459016393443,6.73360655737705,6.66666666666667,6.83333333333333,6.97102803738318,61,61,9,15,107,7724,4084,3640,530,2221,5503,6.86465333117556,7.26373811704212,6.41688897252747,6.45832075471698,6.95078838361098,6.82988939305833,188
"186",2017,2,6.99385416666667,96,7.64761904761905,6.48537037037037,6.675,7.19117647058824,6.95139240506329,42,54,8,17,79,7820,4126,3694,538,2238,5582,6.86623942838875,7.26764577556956,6.41789005414185,6.46154275092937,6.95261438784629,6.8316089806521,189
"187",2017,3,6.91761904761905,84,7.20789473684211,6.67782608695652,6.2,7.16666666666667,6.87611111111111,38,46,5,12,72,7904,4164,3740,543,2250,5654,6.86678546685223,7.26710049711816,6.42108712834224,6.45913443830571,6.953756,6.83217568623983,190
"188",2017,4,6.76357142857143,70,7.38518518518519,6.37325581395349,6.55,7.21153846153846,6.66140350877193,27,43,5,13,57,7974,4191,3783,548,2263,5711,6.86587939929772,7.26786124314006,6.42054344699973,6.45996350364964,6.95523685373398,6.83047125372089,191
"189",2017,5,6.71157894736842,95,7.41111111111111,6.28474576271186,6,6.95263157894737,6.65131578947368,36,59,4,19,76,8069,4227,3842,552,2282,5787,6.86406275003098,7.26908125621008,6.41845805830296,6.45663043478261,6.95521516213847,6.82811842578193,192
"190",2017,6,6.80793650793651,63,7.3125,6.4974358974359,6.48333333333333,6.22222222222222,6.90555555555556,24,39,6,9,54,8132,4251,3881,558,2291,5841,6.86362793039843,7.26932638673253,6.41925170316928,6.45691756272401,6.95233566128328,6.82883433145009,193
"191",2017,7,6.79102564102564,78,7.26388888888889,6.38571428571429,4.9,6.83333333333333,6.77833333333333,36,42,5,18,60,8210,4287,3923,563,2309,5901,6.86293816443362,7.26928072544903,6.4188926484833,6.44309058614565,6.95140796881767,6.82832084900864,194
"192",2017,8,6.804375,80,7.09242424242424,6.60212765957447,6.95,7.45454545454545,6.70072463768116,33,47,8,11,69,8290,4320,3970,571,2320,5970,6.86237301930036,7.26792973842593,6.42106192947103,6.45019264448336,6.95379353448276,6.82684611892797,195
"193",2017,9,6.89853333333333,75,7.59972222222222,6.25128205128205,6.5,7.45454545454545,6.80296875,36,39,4,11,64,8365,4356,4009,575,2331,6034,6.86269723012552,7.27067182506887,6.41941029184335,6.45053913043478,6.95615658515658,6.82659286211468,196
"194",2017,10,6.57223529411765,85,6.89142857142857,6.3488,7.33333333333333,6.64210526315789,6.55212121212121,35,50,3,19,66,8450,4391,4059,578,2350,6100,6.85977542366864,7.26764893418356,6.4185404927322,6.45512110726643,6.95361744680851,6.82362316885246,197
"195",2017,11,6.72163373493976,83,7.2728,6.45589285714286,6.7,7.01035,6.65268656716418,27,56,6,16,67,8533,4418,4115,584,2366,6167,6.85843172741123,7.26768041421458,6.41904881166464,6.45763698630137,6.9540010989011,6.82176606615859,198
"196",2017,12,6.84430379746835,79,7.415625,6.45531914893617,6.8,7.45454545454545,6.74558823529412,32,47,5,11,68,8612,4450,4162,589,2377,6235,6.85830212842545,7.26874428539326,6.41945839980778,6.46054329371816,6.95631745898191,6.8209352574178,199
"197",2018,1,6.62201834862385,109,7.00625,6.31967213114754,5.82,6.3125,6.6752688172043,48,61,5,16,93,8721,4498,4223,594,2393,6328,6.85534891984864,7.26594310137839,6.41801701633909,6.45515151515151,6.95201278729628,6.8187944579646,200
"198",2018,2,6.64050632911392,79,7.27606060606061,6.1845652173913,6.08333333333333,6.61,6.64492753623188,33,46,6,10,69,8800,4531,4269,600,2403,6397,6.85342021931818,7.26601678878835,6.41550148981026,6.45143333333333,6.95058951310861,6.81691907612944,201
"199",2018,3,6.99025974025974,77,7.2027027027027,6.79375,6.7,7.29583333333333,6.93384615384615,37,40,2,12,65,8877,4568,4309,602,2415,6462,6.85460717922721,7.26550395577933,6.41901273149222,6.45225913621262,6.95230501035196,6.81809522284123,202
"200",2018,4,6.88404757142857,70,7.49277766666667,6.4275,6.875,7.2421052631579,6.75065352941176,30,40,4,19,51,8947,4598,4349,606,2434,6513,6.85483751648597,7.26698682035668,6.41909079328581,6.45504950495049,6.95456721446179,6.81756712114233,203
"201",2018,5,6.81966671428571,70,7.48790485714286,6.15142857142857,6.3,7.53571428571429,6.64065482142857,35,35,3,14,56,9017,4633,4384,609,2448,6569,6.85456448153488,7.2686557457371,6.41695389142336,6.45428571428571,6.95789076797385,6.81605896331253,204
"202",2018,6,6.79547619047619,63,7.34910714285714,6.35257142857143,6.5,7.7,6.60413461538462,28,35,3,11,52,9080,4661,4419,612,2459,6621,6.85415450770925,7.26913904097833,6.41644396017198,6.45450980392157,6.96121049206994,6.81439455218245,205
"203",2018,7,6.746541625,80,7.35349585365854,6.10846153846154,6.96666666666667,7.58181818181818,6.6133815942029,41,39,3,11,69,9160,4702,4458,615,2470,6690,6.85321465720524,7.2698746065504,6.41374963212203,6.4570081300813,6.9639743319838,6.81232132436472,206
"204",2018,8,6.71941860465116,86,7.09928571428571,6.35681818181818,6.3,6.76666666666667,6.70943661971831,42,44,6,15,71,9246,4744,4502,621,2485,6761,6.851970177374,7.26836433389545,6.41319321634829,6.45549114331723,6.96278334004024,6.81124089040083,207
"205",2018,9,6.78358208955224,67,7.12,6.51081081081081,7.07142857142857,6.8125,6.77966101694915,30,37,7,8,59,9313,4774,4539,628,2493,6820,6.85147817674219,7.26743200670297,6.41398895351399,6.46235668789809,6.96230108303249,6.81096769208211,208
"206",2018,10,7.03588235294118,85,7.51486486486487,6.66666666666667,6.625,6.68055555555556,7.13134328358209,37,48,4,18,67,9398,4811,4587,632,2511,6887,6.85314601617365,7.26933494076076,6.41663306300414,6.46338607594937,6.96028140183194,6.81408445767388,209
"207",2018,11,6.83710144927536,69,7.00928571428571,6.71951219512195,6.5,6.26470588235294,7.02423076923077,28,41,6,17,52,9467,4839,4628,638,2528,6939,6.85302907573677,7.2678302128539,6.41931630509939,6.46373040752351,6.95560387658228,6.81565926790604,210
"208",2018,12,6.95948529411765,68,7.13364864864865,6.75161290322581,6,6.9945,6.95344827586207,37,31,4,10,58,9535,4876,4659,642,2538,6997,6.85378828106974,7.26681201804758,6.42152733633827,6.46084112149533,6.95575713159968,6.81680143775904,211
"209",2019,1,7.0469387755102,98,7.74375,6.378,6,7.00714285714286,7.05357142857143,48,50,6,14,84,9633,4924,4709,648,2552,7081,6.85575327104744,7.27146129163282,6.42106516457847,6.45657407407407,6.95603902821316,6.81961017652874,212
"210",2019,2,6.66288108108108,74,7.0485375,6.36904761904762,6,7.09,6.59614375,32,42,6,10,64,9707,4956,4751,654,2562,7145,6.85428293602555,7.27002191283293,6.42060531677541,6.45238532110092,6.9565619047619,6.81760851784465,213
"211",2019,3,6.9275,80,7.22857142857143,6.59473684210526,7.08333333333333,7.17857142857143,6.87424242424242,42,38,6,14,66,9787,4998,4789,660,2576,7211,6.85488142025135,7.26967358943577,6.42198702443099,6.45812121212121,6.95776847826087,6.81812687005963,214
"212",2019,4,7.0815873015873,63,7.66903225806452,6.5125,7,7.05,7.08754716981132,31,32,2,10,53,9850,5029,4821,662,2586,7264,6.85633141725888,7.27213533505667,6.42258781580585,6.4597583081571,6.95812513534416,6.82009262940529,215
"213",2019,5,6.9677868852459,61,7.52296875,6.3551724137931,6.33333333333333,7.25,6.91245098039216,32,29,3,10,51,9911,5061,4850,665,2596,7315,6.85701740086772,7.27372131989725,6.42218471340206,6.45918796992481,6.95924946070878,6.82073654955571,216
"214",2019,6,6.89393939393939,66,7.16071428571429,6.69736842105263,6.5,7.2,6.83272727272727,28,38,2,11,55,9977,5089,4888,667,2607,7370,6.85726164778992,7.2730995480448,6.42432403027823,6.45931034482759,6.96026528576908,6.82082603256445,217
"215",2019,7,7.125,68,7.38439024390244,6.73111111111111,5.66666666666667,7.5,7.06034482758621,41,27,3,10,58,10045,5130,4915,670,2617,7428,6.85907411249378,7.27398900584795,6.42600933062055,6.45576119402985,6.96232770347726,6.82269626548196,218
"216",2019,8,7.05666666666667,60,7.49393939393939,6.52222222222222,6.5,7.31428571428571,6.97826086956522,33,27,1,14,46,10105,5163,4942,671,2631,7474,6.86024734883721,7.27539484795662,6.4265349777418,6.45582712369598,6.96420053211707,6.82365371420926,219
"217",2019,9,6.8890243902439,82,7.37837837837838,6.48666666666667,5.45,7.01666666666667,6.86714285714286,37,45,4,12,70,10187,5200,4987,675,2643,7544,6.86047898890743,7.27612761538462,6.4270775736916,6.44986666666667,6.96443874385168,6.82405724549311,220
"218",2019,10,7.002,60,7.37694444444444,6.43958333333333,7,7.125,6.98307692307692,36,24,2,8,52,10247,5236,5011,677,2651,7596,6.86130764711623,7.27682077922078,6.42713746956695,6.45149187592319,6.96492327423614,6.82514584781464,221
"219",2019,11,6.98342105263158,76,7.43581395348837,6.39393939393939,6.07142857142857,7.10714285714286,6.95548387096774,43,33,7,14,62,10323,5279,5044,684,2665,7658,6.86220667054151,7.27811585527562,6.42692027359238,6.44760233918129,6.96567039399625,6.8262010786106,222
"220",2019,12,7.04444444444444,72,7.46,6.74761904761905,7,6.70833333333333,7.11166666666667,30,42,6,12,60,10395,5309,5086,690,2677,7718,6.86346892352092,7.2791436428706,6.42956859221392,6.45240579710145,6.96451684721703,6.82842029800466,223
"221",2020,1,7.02191891891892,111,7.52969090909091,6.52321428571429,6.0625,7.03135294117647,7.02021276595745,55,56,8,17,94,10506,5364,5142,698,2694,7812,6.86514300970874,7.28171263982103,6.43058845974329,6.44793696275072,6.96493860430586,6.83072809267793,224
"222",2020,2,6.8790446728972,107,7.42463361702128,6.45166666666667,5.9875,6.74166666666667,6.89639768421053,47,60,8,12,95,10613,5411,5202,706,2706,7907,6.86528316592858,7.2829540528553,6.4308315763168,6.44271954674221,6.96394848484848,6.83151709118503,225
"223",2020,3,6.62986206896552,145,7.40416666666667,6.37412844036697,6,6.8952,6.57458333333333,36,109,2,25,120,10758,5447,5311,708,2731,8027,6.86211007994051,7.28375516431063,6.42966783279985,6.44146892655367,6.96331915049432,6.82767604833686,226
"224",2020,4,6.73048582978723,235,7.51235385964912,6.48011235955056,5.75,6.45588235294118,6.77693616915423,57,178,4,34,201,10993,5504,5489,712,2765,8228,6.85929631674702,7.28612255632267,6.43130367280014,6.43758426966292,6.95707942133816,6.82643653500243,227
"225",2020,5,6.74948453608247,194,7.33148148148148,6.525,6.11111111111111,6.49411764705882,6.80375,54,140,9,34,160,11187,5558,5629,721,2799,8388,6.85739200947528,7.28656325116949,6.43363401314621,6.43350901525659,6.95145573419078,6.82600379232237,228
"226",2020,6,6.78422018518518,162,7.17858872340426,6.62304347826087,6.4,6.68851724137931,6.8050877443609,47,115,5,29,133,11349,5605,5744,726,2828,8521,6.85634752665433,7.28565784478145,6.43742615947075,6.4332782369146,6.94875940594059,6.82567732425772,229
"227",2020,7,6.85772357723577,123,7.52222222222222,6.47435897435897,6.63333333333333,6.82142857142857,6.86238532110092,45,78,6,14,109,11472,5650,5822,732,2842,8630,6.85636228033473,7.28754198584071,6.43792096530402,6.43491803278689,6.94813216045039,6.8261409594438,230
"228",2020,8,6.94166666666667,126,7.39642857142857,6.71428571428571,7.25,7.06739130434783,6.91359223300971,42,84,2,23,103,11598,5692,5906,734,2865,8733,6.85728902224521,7.28834543569923,6.44185165255672,6.43713896457766,6.94908956369983,6.82717238978587,231
"229",2020,9,7.06272727272727,110,7.67073170731707,6.70144927536232,7,7.16666666666667,7.05,41,69,1,12,98,11708,5733,5975,735,2877,8831,6.85921917321489,7.29108010116867,6.44484951631799,6.43790476190476,6.94999708029197,6.82964516815763,232
"230",2020,10,6.89634146341463,123,7.27333333333333,6.67884615384615,6.92857142857143,7.23684210526316,6.83413461538461,45,78,7,19,104,11831,5778,6053,742,2896,8935,6.85960511199391,7.29094188646591,6.44786483727077,6.44253369272237,6.95187900552486,6.829697423615,233
"231",2020,11,6.71113924050633,158,7.36176470588235,6.40102803738318,7.3625,6.54666666666667,6.72839160839161,51,107,4,15,143,11989,5829,6160,746,2911,9078,6.85764851780799,7.291561540573,6.44705127597403,6.44746648793566,6.94979099965648,6.82810161709628,234
"232",2020,12,6.66131428571429,175,7.4112962962963,6.32661157024793,7.5,6.09444444444444,6.72630573248408,54,121,4,18,157,12164,5883,6281,750,2929,9235,6.85482391318645,7.29266058473568,6.44473107148543,6.45308,6.94453451689997,6.82637103194369,235
"233",2021,1,6.75040201005025,199,7.31322033898305,6.51321428571429,6.85714285714286,6.32758620689655,6.82252941176471,59,140,7,29,170,12363,5942,6421,757,2958,9405,6.85314309471811,7.29286472904746,6.44622424232985,6.45681638044914,6.9384860040568,6.8263015927698,236
"234",2021,2,6.86698717948718,156,7.33103448275862,6.59234693877551,6.47,7.23,6.81360294117647,58,98,5,20,136,12519,6000,6519,762,2978,9541,6.85331560667785,7.29323370333333,6.44842090197883,6.45690288713911,6.94044378777703,6.82612058274814,237
"235",2021,3,6.79070348837209,172,7.49156338028169,6.2980198019802,6.125,7.0617,6.73345070422535,71,101,4,30,142,12691,6071,6620,766,3008,9683,6.85246703017886,7.29555315763466,6.44612626283988,6.45516971279373,6.941653125,6.82476159041619,238
"236",2021,4,6.54357798165138,109,7.22878787878788,6.24605263157895,7.375,6.11538461538461,6.6015625,33,76,4,13,96,12800,6104,6696,770,3021,9779,6.849836646875,7.2951922051114,6.44385541517324,6.45994805194805,6.93809751737835,6.82257045505676,239
"237",2021,5,6.89932432432432,148,7.58148148148148,6.50744680851064,6.24285714285714,7.225,6.85984848484848,54,94,7,16,132,12948,6158,6790,777,3037,9911,6.85040230769231,7.29770269892822,6.44473576730486,6.45799227799228,6.93960902206124,6.82306694379982,240
"238",2021,6,7.0156862745098,102,7.62380952380952,6.59,6.83333333333333,6.94736842105263,7.03132530120482,42,60,6,19,83,13050,6200,6850,783,3056,9994,6.85169418237548,7.29991180967742,6.44600815474452,6.46086845466156,6.9396572643979,6.82479652591555,241
"239",2021,7,6.95069133333333,135,7.47229879310345,6.55779220779221,6.025,7.20882352941176,6.91350279661017,58,77,4,17,118,13185,6258,6927,787,3073,10112,6.85270780508153,7.30150951581975,6.44725073769308,6.45865311308768,6.94114630654084,6.82583166633703,242
"240",2021,8,6.80082369565217,138,7.39522783333333,6.34358974358974,6.26,7.1065,6.760735,60,78,5,16,122,13323,6318,7005,792,3089,10234,6.85217038805074,7.30239952833175,6.44609648251249,6.45739898989899,6.94200278407251,6.82505564588626,243
"241",2021,9,7.03613154761905,168,7.58805970149254,6.67000099009901,7.08333333333333,7.4275,6.98324391891892,67,101,6,20,148,13491,6385,7106,798,3109,10382,6.85446120969535,7.3053970587314,6.44927891359414,6.4621052631579,6.94512595689932,6.82731068965517,244
"242",2021,10,6.82671052631579,152,7.39805555555556,6.3125,5.45,6.78181818181818,6.83430769230769,72,80,4,22,130,13643,6457,7186,802,3131,10512,6.85415203254416,7.30643026482887,6.44775618703034,6.45705735660848,6.9439784733312,6.82739722031964,245
"243",2021,11,6.92567415730337,178,7.26670731707317,6.634375,7.1875,6.96666666666667,6.91834437086093,82,96,8,27,151,13821,6539,7282,810,3158,10663,6.85507316257868,7.30593213335372,6.45021641856633,6.46427160493827,6.9441724509183,6.82868513363969,246
"244",2021,12,6.96510309278351,194,7.59708333333333,6.59213114754098,5.25,6.98235294117647,6.9614375,72,122,6,34,160,14015,6611,7404,816,3192,10823,6.85659623118088,7.3091030434125,6.45255482982172,6.4553431372549,6.94457913533835,6.83064765591795,247
"245",2022,1,6.9932682421875,256,7.518458375,6.75454545454545,6.12444444444444,7.065,6.97998458333333,80,176,9,40,216,14271,6691,7580,825,3232,11039,6.85904791885642,7.31160617097594,6.45956674934037,6.45173333333334,6.94606949257426,6.83356973004801,248
"246",2022,2,6.90439440758294,211,7.34926860759494,6.63814393939394,6.25,6.71666666666667,6.93550950276243,79,132,4,30,181,14482,6770,7712,829,3262,11220,6.85970860861759,7.31204565878877,6.46262330912863,6.4507599517491,6.94395971796444,6.83521421301248,249
"247",2022,3,7.01526644295302,149,7.53296666666667,6.56875,6.7,7.12359444444444,7.00038167938931,69,80,6,18,131,14631,6839,7792,835,3280,11351,6.86129278723259,7.3142745737681,6.46371290554415,6.45255089820359,6.94494551829268,6.83712038322615,250
"248",2022,4,6.9512569375,160,7.38689234375,6.66083333333333,6.16666666666667,6.55583333333333,7.02103757352941,64,96,9,24,136,14791,6903,7888,844,3304,11487,6.86226596443783,7.31494783717224,6.46611193711967,6.44950236966825,6.94211903753027,6.83929786541308,251
"249",2022,5,6.85944446327684,177,7.62713456140351,6.49479166666667,6,7.13478260869565,6.81832253246753,57,120,1,23,154,14968,6960,8008,845,3327,11641,6.8622325995457,7.3175045387931,6.4665417032967,6.44897041420118,6.94345094679892,6.8390203805515,252
"250",2022,6,7.09120253164557,158,7.56037735849057,6.85438095238095,6.94444444444444,7.46352941176471,7.04631205673759,53,105,9,17,141,15126,7013,8113,854,3344,11782,6.86462432566442,7.3193400242407,6.4715611931468,6.45419203747073,6.94609488636363,6.84150112459685,253
"251",2022,7,6.92013071895425,153,7.32833333333333,6.61045977011494,5.33333333333333,7.25,6.87614814814815,66,87,3,18,135,15279,7079,8200,857,3362,11917,6.86518015249689,7.31942387201582,6.47303487317073,6.45026837806301,6.94772198096371,6.84189361836033,254
"252",2022,8,6.94228804347826,184,7.52819480519481,6.52065420560748,6.3,7.05471428571429,6.92210897435897,77,107,2,28,156,15463,7156,8307,859,3390,12073,6.86609768802949,7.32167028926775,6.47364824364993,6.44991850989523,6.94860569321534,6.84293011264806,255
"253",2022,9,7.13144736842105,76,7.39676470588235,6.91666666666667,7,6.905,7.16575757575758,34,42,1,10,66,15539,7190,8349,860,3400,12139,6.8673954919879,7.32202539499305,6.47587686669062,6.45055813953488,6.94847744117647,6.84468533239971,256
"254",2022,12,7.19444444444444,36,7.67894736842105,6.65294117647059,NA,7.90909090909091,6.88,19,17,0,11,25,15575,7209,8366,860,3411,12164,6.8681514317817,7.32296609654598,6.47623666746354,6.45055813953488,6.95157528583993,6.8447579126932,259
