"","year","month","avg_rating","no_ratings","avg_rating_owned","avg_rating_not_owned","avg_rating_prev_owned","avg_rating_comment","avg_rating_no_comment","no_ratings_owned","no_ratings_not_owned","no_ratings_prev_owned","no_ratings_comment","no_ratings_no_comment","cum_no_ratings","cum_no_ratings_owned","cum_no_ratings_not_owned","cum_no_ratings_prev_owned","cum_no_ratings_comment","cum_no_ratings_no_comment","cum_avg_rating","cum_avg_rating_owned","cum_avg_rating_not_owned","cum_avg_rating_prev_owned","cum_avg_rating_comment","cum_avg_rating_no_comment","month_after_release"
"1",2009,4,10,1,NA,10,10,NA,10,0,1,1,0,1,1,0,1,1,0,1,10,NA,10,10,NA,10,-18
"2",2009,6,8,1,NA,8,NA,NA,8,0,1,0,0,1,2,0,2,1,0,2,9,NA,9,10,NA,9,-16
"3",2009,8,7.5,2,NA,7.5,NA,NA,7.5,0,2,0,0,2,4,0,4,1,0,4,8.25,NA,8.25,10,NA,8.25,-14
"4",2010,1,10,1,10,NA,NA,10,NA,1,0,0,1,0,5,1,4,1,1,4,8.6,10,8.25,10,10,8.25,-9
"5",2010,3,9,1,NA,9,NA,NA,9,0,1,0,0,1,6,1,5,1,1,5,8.66666666666667,10,8.4,10,10,8.4,-7
"6",2010,8,9,1,NA,9,NA,NA,9,0,1,0,0,1,7,1,6,1,1,6,8.71428571428571,10,8.5,10,10,8.5,-2
"7",2010,10,7.37,10,8.25,7.15,9,7.175,7.5,2,8,1,4,6,17,3,14,2,5,12,7.92352941176471,8.83333333333333,7.72857142857143,9.5,7.74,8,0
"8",2010,11,8.23333333333333,15,8.6,7.5,NA,8,8.35,10,5,0,5,10,32,13,19,2,10,22,8.06875,8.65384615384615,7.66842105263158,9.5,7.87,8.15909090909091,1
"9",2010,12,8.11158536585366,82,8.85526315789474,7.46931818181818,8.125,7.57142857142857,8.29754098360656,38,44,10,21,61,114,51,63,12,31,83,8.09956140350877,8.80392156862745,7.52936507936508,8.35416666666667,7.66774193548387,8.26084337349397,2
"10",2011,1,7.77236842105263,76,8.5258064516129,7.25333333333333,7.75,7,8.02982456140351,31,45,8,19,57,190,82,108,20,50,140,7.96868421052631,8.69878048780488,7.41435185185185,8.1125,7.414,8.16678571428571,3
"11",2011,2,7.67428571428571,70,8.26666666666667,7.30232558139535,9,6.72727272727273,7.85084745762712,27,43,6,11,59,260,109,151,26,61,199,7.88942307692308,8.59174311926606,7.38245033112583,8.31730769230769,7.29016393442623,8.07311557788945,4
"12",2011,3,7.35294117647059,68,7.96363636363636,7.06086956521739,7.35714285714286,7.59444444444444,7.266,22,46,7,18,50,328,131,197,33,79,249,7.7782012195122,8.48625954198473,7.30736040609137,8.11363636363636,7.35949367088608,7.91104417670683,5
"13",2011,4,6.80431034482759,58,7.81111111111111,6.35125,7.20833333333333,5.89285714285714,7.09431818181818,18,40,6,14,44,386,149,237,39,93,293,7.63186528497409,8.40469798657718,7.14599156118143,7.97435897435897,7.13870967741935,7.78839590443686,6
"14",2011,5,7.55,48,7.95217391304348,7.18,7.75,7.27142857142857,7.66470588235294,23,25,6,14,34,434,172,262,45,107,327,7.62281105990783,8.34418604651163,7.14923664122137,7.94444444444444,7.15607476635514,7.77553516819572,7
"15",2011,6,7.45652173913043,46,7.86363636363636,7.32857142857143,7.825,7.35,7.49,11,35,10,11,35,480,183,297,55,118,362,7.606875,8.31530054644809,7.17037037037037,7.92272727272727,7.17415254237288,7.74792817679558,8
"16",2011,7,7.52790697674419,43,8.655,7.18636363636364,7.64285714285714,6.925,7.71060606060606,10,33,7,10,33,523,193,330,62,128,395,7.60038240917782,8.33290155440415,7.1719696969697,7.89112903225806,7.1546875,7.74481012658228,9
"17",2011,8,7.65151515151515,33,8.52666666666667,6.92222222222222,7,8.5,7.46296296296296,15,18,4,6,27,556,208,348,66,134,422,7.60341726618705,8.346875,7.15905172413793,7.83712121212121,7.21492537313433,7.72677725118483,10
"18",2011,9,7.53333333333333,15,8.625,7.13636363636364,6,7,7.57142857142857,4,11,2,1,14,571,212,359,68,135,436,7.6015761821366,8.35212264150943,7.158356545961,7.78308823529412,7.21333333333333,7.72178899082569,11
"19",2011,10,7.4,40,8.40714285714286,6.85769230769231,8.06,7.4,7.4,14,26,5,12,28,611,226,385,73,147,464,7.58837970540098,8.35553097345133,7.13805194805195,7.80205479452055,7.22857142857143,7.70237068965517,12
"20",2011,11,7.26938775510204,49,8.25882352941176,6.74375,7.6,7.825,7.08918918918919,17,32,5,12,37,660,243,417,78,159,501,7.56469696969697,8.34876543209877,7.10779376498801,7.78910256410256,7.27358490566038,7.65708582834331,13
"21",2011,12,7.92380952380952,42,8.15,7.675,8.375,8.1,7.9,22,20,4,5,37,702,265,437,82,164,538,7.58618233618234,8.3322641509434,7.1337528604119,7.81768292682927,7.29878048780488,7.67379182156134,14
"22",2012,1,6.89142857142857,35,7.38,6.696,7.875,6.875,6.89354838709677,10,25,4,4,31,737,275,462,86,168,569,7.55318860244233,8.29763636363636,7.11006493506494,7.8203488372093,7.28869047619048,7.63128295254833,15
"23",2012,2,7.75243902439024,41,8.375,7.4948275862069,7.85,7.77142857142857,7.74852941176471,12,29,7,7,34,778,287,491,93,175,603,7.56368894601542,8.30087108013937,7.13279022403259,7.82258064516129,7.308,7.63789386401327,16
"24",2012,3,7.58965517241379,29,7.59166666666667,7.58823529411765,8.21428571428571,9,7.48518518518518,12,17,7,2,27,807,299,508,100,177,630,7.56462205700124,8.27240802675585,7.14803149606299,7.85,7.3271186440678,7.63134920634921,17
"25",2012,4,7.54298245614035,57,8.11153846153846,7.06612903225806,8,7.5625,7.53979591836735,26,31,9,8,49,864,325,539,109,185,679,7.56319444444444,8.25953846153846,7.14332096474954,7.86238532110092,7.3372972972973,7.62474226804124,18
"26",2012,5,7.625,48,8.05,7.2,7.625,7.8,7.57297297297297,24,24,8,11,37,912,349,563,117,196,716,7.56644736842105,8.24512893982808,7.14573712255773,7.84615384615385,7.36326530612245,7.62206703910614,19
"27",2012,6,7.66808510638298,47,8.49130434782609,6.87916666666667,8.05,7.84,7.62162162162162,23,24,8,10,37,959,372,587,125,206,753,7.57142857142857,8.26034946236559,7.13483816013629,7.8592,7.38640776699029,7.62204515272244,20
"28",2012,7,7.10848484848485,33,8.14285714285714,6.83,7.41666666666667,7.875,7.00275862068966,7,26,6,4,29,992,379,613,131,210,782,7.55602822580645,8.25817941952507,7.12190864600326,7.83893129770992,7.39571428571429,7.59907928388747,21
"29",2012,8,7.55833333333333,48,8.29318181818182,6.93653846153846,7.66666666666667,7.71071428571429,7.49558823529412,22,26,6,14,34,1040,401,639,137,224,816,7.55613461538462,8.26009975062344,7.1143661971831,7.83138686131387,7.41540178571429,7.59476715686275,22
"30",2012,9,7.99655172413793,29,8.8,7.34375,8.25,8.8,7.82916666666667,13,16,4,5,24,1069,414,655,141,229,840,7.56808231992516,8.27705314009662,7.11996946564886,7.84326241134752,7.44563318777293,7.60146428571429,23
"31",2012,10,7.581,50,8.14347826086957,7.10185185185185,7.41666666666667,7.42857142857143,7.60581395348837,23,27,6,7,43,1119,437,682,147,236,883,7.56865951742627,8.27002288329519,7.11925219941349,7.82585034013606,7.44512711864407,7.60167610419026,24
"32",2012,11,7.41698113207547,53,8.38888888888889,6.91714285714286,6.87692307692308,7.27272727272727,7.4547619047619,18,35,13,11,42,1172,455,717,160,247,925,7.56180034129693,8.27472527472528,7.10938633193863,7.74875,7.43744939271255,7.59500540540541,25
"33",2012,12,7.74111111111111,45,8.2125,7.364,7.5,7.71666666666667,7.74487179487179,20,25,5,6,39,1217,475,742,165,253,964,7.56843056696795,8.2721052631579,7.11796495956874,7.74121212121212,7.44407114624506,7.60106846473029,26
"34",2013,1,7.62857142857143,49,8.2047619047619,7.19642857142857,7.92857142857143,7.45,7.67435897435897,21,28,7,10,39,1266,496,770,172,263,1003,7.57075829383886,8.26925403225806,7.12081818181818,7.74883720930233,7.44429657794677,7.60391824526421,27
"35",2013,2,7.40641025641026,39,8.29722222222222,6.64285714285714,7.5,7,7.46617647058823,18,21,7,5,34,1305,514,791,179,268,1037,7.56584674329502,8.27023346303502,7.10812895069532,7.7391061452514,7.43600746268657,7.59940212150434,28
"36",2013,3,7.79545454545455,44,8.24761904761905,7.38260869565217,7.3125,8.3,7.73076923076923,21,23,8,5,39,1349,535,814,187,273,1076,7.57333580429948,8.26934579439252,7.11588452088452,7.72085561497326,7.4518315018315,7.60416356877324,29
"37",2013,4,7.32058823529412,34,8.15714285714286,6.735,7.83333333333333,8.16666666666667,7.13928571428571,14,20,3,6,28,1383,549,834,190,279,1104,7.56712219812003,8.26648451730419,7.10675059952039,7.72263157894737,7.46720430107527,7.5923731884058,30
"38",2013,5,7.3195652173913,23,7.56,7.13461538461539,7.125,6,7.5175,10,13,4,3,20,1406,559,847,194,282,1124,7.56307254623044,8.25384615384615,7.10717827626919,7.71030927835052,7.45159574468085,7.59104092526691,31
"39",2013,6,7.0171875,32,7.96666666666667,6.79807692307692,6.52272727272727,6.075,7.44545454545455,6,26,11,10,22,1438,565,873,205,292,1146,7.55092489568846,8.25079646017699,7.09797250859107,7.64658536585366,7.40445205479452,7.58824607329843,32
"40",2013,7,7.5875,32,8.17692307692308,7.18421052631579,7.66666666666667,7.37142857142857,7.648,13,19,6,7,25,1470,578,892,211,299,1171,7.55172108843537,8.24913494809689,7.09980941704036,7.64715639810427,7.40367892976589,7.58952177625961,33
"41",2013,8,7.3125,40,7.88125,6.93333333333333,6.9,7.57272727272727,7.21379310344828,16,24,5,11,29,1510,594,916,216,310,1200,7.54538410596026,8.23922558922559,7.09544759825328,7.62986111111111,7.40967741935484,7.58044166666667,34
"42",2013,9,7.0578125,32,8.025,6.61818181818182,7.15,5.25,7.475,10,22,6,6,26,1542,604,938,222,316,1226,7.53526588845655,8.23567880794702,7.08425373134328,7.61689189189189,7.36867088607595,7.57820554649266,35
"43",2013,10,7.51447368421053,38,7.76875,7.32954545454545,7.03571428571429,8.42,7.37727272727273,16,22,7,5,33,1580,620,960,229,321,1259,7.53476582278481,8.22362903225807,7.089875,7.59912663755459,7.38504672897196,7.57293884034949,36
"44",2013,11,6.96444444444444,45,7.8,6.78378378378378,7.4,7.28571428571429,6.90526315789474,8,37,10,7,38,1625,628,997,239,328,1297,7.51897230769231,8.21823248407643,7.07851554663992,7.5907949790795,7.38292682926829,7.55337702390131,37
"45",2013,12,7.64583333333333,36,8.4,7.26875,6.66666666666667,6.5,7.71323529411765,12,24,3,2,34,1661,640,1021,242,330,1331,7.52172185430463,8.221640625,7.08298726738492,7.57933884297521,7.37757575757576,7.55746055597295,38
"46",2014,1,7.06690909090909,55,7.774,6.47766666666667,7.07272727272727,7.41666666666667,6.99847826086957,25,30,11,9,46,1716,665,1051,253,339,1377,7.50714452214452,8.20481203007519,7.06570884871551,7.55731225296443,7.37861356932154,7.53878721859114,39
"47",2014,2,7.7046875,32,8.55833333333333,7.1925,7.875,8.14285714285714,7.582,12,20,10,7,25,1748,677,1071,263,346,1402,7.51076086956522,8.21107828655835,7.06807656395892,7.56939163498099,7.39407514450867,7.53955777460771,40
"48",2014,3,7.39142857142857,35,8.33571428571429,6.76190476190476,7.5,6.83333333333333,7.58461538461538,14,21,5,9,26,1783,691,1092,268,355,1428,7.50841839596186,8.21360347322721,7.06218864468865,7.56809701492537,7.37985915492958,7.54037815126051,41
"49",2014,4,7.46205128205128,39,8.00117647058824,7.04545454545455,7.875,6.66666666666667,7.60666666666667,17,22,8,6,33,1822,708,1114,276,361,1461,7.50742590559824,8.20850282485876,7.06185816876122,7.57699275362319,7.36800554016621,7.54187542778919,42
"50",2014,5,7.79166666666667,36,8.425,7.285,7.32222222222222,8.35,7.63214285714286,16,20,9,8,28,1858,724,1134,285,369,1489,7.51293326157158,8.21328729281768,7.06579365079365,7.56894736842105,7.38929539295393,7.54357286769644,43
"51",2014,6,8.13076923076923,26,8.68181818181818,7.72666666666667,7.8,8.3,8.06842105263158,11,15,7,7,19,1884,735,1149,292,376,1508,7.52145966029724,8.2202993197279,7.07442123585727,7.57448630136986,7.40625,7.55018567639258,44
"52",2014,7,7.63461538461539,26,8.04545454545454,7.33333333333333,7.5625,7.3,7.71428571428571,11,15,8,5,21,1910,746,1164,300,381,1529,7.523,8.21772117962467,7.07775773195876,7.57416666666667,7.40485564304462,7.5524395029431,45
"53",2014,8,7.28285714285714,35,8.15625,6.54736842105263,6.8,7.6375,7.17777777777778,16,19,5,8,27,1945,762,1183,305,389,1556,7.51867866323907,8.21643044619423,7.06923922231615,7.56147540983607,7.40964010282776,7.5459383033419,46
"54",2014,9,7.36785714285714,28,8.27777777777778,6.93684210526316,6.88888888888889,6.83333333333333,7.51363636363636,9,19,9,6,22,1973,771,1202,314,395,1578,7.51653826659909,8.21714656290532,7.06714642262895,7.5421974522293,7.40088607594937,7.54548795944233,47
"55",2014,10,7.64125,40,7.95588235294118,7.40869565217391,7.98571428571429,7.73333333333333,7.61451612903226,17,23,7,9,31,2013,788,1225,321,404,1609,7.51901639344262,8.21151015228427,7.07355918367347,7.5518691588785,7.40829207920792,7.54681789931635,48
"56",2014,11,7.4925,40,8.35,6.79090909090909,7.05555555555556,7.13,7.54428571428571,18,22,9,5,35,2053,806,1247,330,409,1644,7.51849975645397,8.2146029776675,7.06857257417803,7.53833333333333,7.40488997555012,7.54676399026764,49
"57",2014,12,6.70454545454545,33,7.48846153846154,6.195,5,7.20454545454545,6.45454545454545,13,20,4,11,22,2086,819,1267,334,420,1666,7.50562320230105,8.20307692307693,7.05478295185477,7.50793413173653,7.39964285714286,7.53234093637455,50
"58",2015,1,7.1136170212766,47,7.73125,6.79483870967742,7.31727272727273,6.66818181818182,7.24972222222222,16,31,11,11,36,2133,835,1298,345,431,1702,7.49698546647914,8.19403592814372,7.04857473035439,7.50185507246377,7.38097447795824,7.52636310223267,51
"59",2015,2,7.6135,30,8.19642857142857,7.1034375,6.5,7.6875,7.60211538461538,14,16,4,4,26,2163,849,1314,349,435,1728,7.49860147942672,8.1940753828033,7.04924277016743,7.49037249283668,7.38379310344828,7.52750289351852,52
"60",2015,3,7.55185185185185,27,8.02857142857143,7.385,7.8,7.675,7.5304347826087,7,20,9,4,23,2190,856,1334,358,439,1751,7.49925799086758,8.19272196261683,7.05427661169415,7.498156424581,7.38644646924829,7.52754140491148,53
"61",2015,4,7.625,22,7.97,7.3375,7,6.7,7.89705882352941,10,12,4,5,17,2212,866,1346,362,444,1768,7.50050858951175,8.19015011547345,7.05680163447251,7.49265193370166,7.37871621621622,7.53109445701358,54
"62",2015,5,7.17413793103448,29,8.08333333333333,6.53235294117647,7.4,7,7.19423076923077,12,17,5,3,26,2241,878,1363,367,447,1794,7.49628514056225,8.1886902050114,7.05026045487894,7.49138964577657,7.3761744966443,7.52621237458194,55
"63",2015,6,7.17857142857143,35,7.75357142857143,6.7952380952381,6.92857142857143,7.175,7.17931034482759,14,21,7,6,29,2276,892,1384,374,453,1823,7.49139938488576,8.18186098654709,7.04639089595376,7.48085561497326,7.37350993377483,7.52069391113549,56
"64",2015,7,7.13571428571429,21,8.3,6.55357142857143,6.66666666666667,6.8125,7.21176470588235,7,14,3,4,17,2297,899,1398,377,457,1840,7.48814758380496,8.18278086763071,7.0414556509299,7.47437665782493,7.36859956236324,7.51783967391304,57
"65",2015,8,7.24705882352941,34,7.83846153846154,6.88095238095238,6.125,4,7.45,13,21,4,2,32,2331,912,1419,381,459,1872,7.48463105963106,8.17787280701755,7.03908033826638,7.46020997375328,7.35392156862745,7.51668002136752,58
"66",2015,9,7.68,45,8.19047619047619,7.23333333333333,7.07142857142857,6.64285714285714,7.87105263157895,21,24,7,7,38,2376,933,1443,388,466,1910,7.48833122895623,8.17815648445874,7.04231115731116,7.45319587628866,7.34324034334764,7.52373036649215,59
"67",2015,10,7.65357142857143,28,7.95454545454545,7.45882352941176,7.33333333333333,6.5,7.90434782608696,11,17,6,5,23,2404,944,1460,394,471,1933,7.49025582362729,8.17555084745763,7.04716095890411,7.45137055837563,7.33428874734607,7.52825918261769,60
"68",2015,11,7.53818181818182,55,8.58947368421053,6.98333333333333,7.275,8.0125,7.45744680851064,19,36,12,8,47,2459,963,1496,406,479,1980,7.4913277755185,8.18371754932503,7.045625,7.44615763546798,7.34561586638831,7.52657828282828,61
"69",2015,12,7.88522727272727,44,7.8875,7.8825,8.1,7.6375,7.94027777777778,24,20,7,8,36,2503,987,1516,413,487,2016,7.49825209748302,8.17651469098278,7.05666556728232,7.4572397094431,7.35041067761807,7.53396577380953,62
"70",2016,1,7.34347826086957,46,7.73,7.15645161290323,7.22692307692308,6.5,7.38181818181818,15,31,13,2,44,2549,1002,1547,426,489,2060,7.49545900353079,8.16983033932136,7.05866515837104,7.45021126760563,7.34693251533742,7.53071601941748,63
"71",2016,2,7.9390243902439,41,8.245,7.64761904761905,7.58888888888889,9.3,7.83157894736842,20,21,9,3,38,2590,1022,1568,435,492,2098,7.50248069498069,8.17130136986302,7.06655293367347,7.45308045977011,7.35884146341463,7.53616539561487,64
"72",2016,3,7.59302325581395,43,8.04583333333333,7.41774193548387,7.20454545454545,7.38571428571429,7.63333333333333,12,31,11,7,36,2633,1034,1599,446,499,2134,7.50395936194455,8.16984526112186,7.07336147592245,7.44695067264574,7.35921843687375,7.5378045923149,65
"73",2016,4,7.36944444444444,36,7.49411764705882,7.2578947368421,7.68,7,7.44333333333333,17,19,5,6,30,2669,1051,1618,451,505,2164,7.50214499812664,8.15891531874406,7.07552843016069,7.44953436807095,7.35495049504951,7.5364949168207,66
"74",2016,5,7.3948275862069,29,8.21785714285714,6.62666666666667,6.31666666666667,7.475,7.382,14,15,6,4,25,2698,1065,1633,457,509,2189,7.50099147516679,8.15969014084507,7.07140538885487,7.43466083150985,7.35589390962672,7.53473047053449,67
"75",2016,6,7.62944444444444,36,7.92117647058824,7.36842105263158,7.58333333333333,7.875,7.59875,17,19,6,4,32,2734,1082,1652,463,513,2221,7.50268288222385,8.1559426987061,7.07482142857143,7.43658747300216,7.35994152046784,7.53565285907249,68
"76",2016,7,7.742,25,8.25,7.45625,7.47,8.16111111111111,7.50625,9,16,10,9,16,2759,1091,1668,473,522,2237,7.50485139543313,8.15671860678277,7.07848021582734,7.43729386892177,7.37375478927203,7.53544255699598,69
"77",2016,8,7.39032258064516,31,7.625,7.2421052631579,7.66666666666667,7.82857142857143,7.2625,12,19,6,7,24,2790,1103,1687,479,529,2261,7.50357885304659,8.1509338168631,7.08032305868405,7.44016701461378,7.37977315689981,7.53254533392304,70
"78",2016,9,7.60107142857143,28,8.39416666666667,7.00625,6.33333333333333,7.22,7.68391304347826,12,16,3,5,23,2818,1115,1703,482,534,2284,7.50454755145493,8.15355156950673,7.07962712859659,7.43327800829875,7.37827715355805,7.53406961471103,71
"79",2016,10,7.56704545454545,44,8.29166666666667,6.6975,7.4875,7.83846153846154,7.45322580645161,24,20,8,13,31,2862,1139,1723,490,547,2315,7.50550838574423,8.15646180860404,7.07519152640743,7.43416326530612,7.38921389396709,7.53298704103672,72
"80",2016,11,7.16145833333333,48,8.1921052631579,6.48620689655172,6.5625,6.9375,7.18181818181818,19,29,8,4,44,2910,1158,1752,498,551,2359,7.49983333333333,8.15704663212435,7.06544235159817,7.42016064257028,7.38593466424682,7.52643704959729,73
"81",2016,12,7.2474358974359,39,8.3,6.72115384615385,7.01666666666667,7.925,7.12424242424242,13,26,3,6,33,2949,1171,1778,501,557,2392,7.49649542217701,8.15863364645602,7.06040776152981,7.41774451097804,7.39174147217235,7.52088837792642,74
"82",2017,1,7.34236842105263,38,8.17333333333333,6.8004347826087,6.71428571428571,6.65,7.4721875,15,23,7,6,32,2987,1186,1801,508,563,2424,7.49453465015065,8.15881956155143,7.05708772903942,7.40805118110236,7.38383658969805,7.5202454620462,75
"83",2017,2,7.311125,40,7.94944444444444,7.1258064516129,7.61428571428571,7.043125,7.378125,9,31,7,8,32,3027,1195,1832,515,571,2456,7.49211100099108,8.15724267782427,7.05825054585153,7.41085436893204,7.37906304728546,7.51839372964169,76
"84",2017,3,7.91727272727273,33,8.73076923076923,7.3885,7.71444444444444,8.32166666666667,7.82740740740741,13,20,9,6,27,3060,1208,1852,524,577,2483,7.49669607843137,8.16341473509934,7.06181695464363,7.41606870229008,7.38886481802426,7.52175392670157,77
"85",2017,4,7.79354838709677,31,8.54615384615385,7.25,8,8.375,7.70740740740741,13,18,4,4,27,3091,1221,1870,528,581,2510,7.49967324490456,8.16748976248976,7.06362834224599,7.42049242424242,7.39565404475043,7.52375099601593,78
"86",2017,5,7.45323529411765,34,8.12583333333333,7.08636363636364,8.66666666666667,6.43666666666667,7.55161290322581,12,22,3,3,31,3125,1233,1892,531,584,2541,7.499168,8.16708434712084,7.06389270613108,7.4275329566855,7.39072773972603,7.52409090909091,79
"87",2017,6,7.09444444444444,27,8.2,6.84318181818182,6.8125,7,7.09807692307692,5,22,4,1,26,3152,1238,1914,535,585,2567,7.49570114213198,8.16721728594507,7.06135579937304,7.42293457943925,7.39005982905983,7.51977600311648,80
"88",2017,7,7.32083333333333,24,7.6,7.20588235294118,7.2,7.5,7.285,7,17,5,4,20,3176,1245,1931,540,589,2587,7.49437972292191,8.1640281124498,7.06262817193164,7.42087037037037,7.3908064516129,7.51796095863935,81
"89",2017,8,7.268125,32,7.63692307692308,7.01578947368421,6.5,7.625,7.21714285714286,13,19,4,4,28,3208,1258,1950,544,593,2615,7.49212281795511,8.15858108108108,7.06217179487179,7.41409926470588,7.39238617200675,7.51473996175908,82
"90",2017,9,7.69166666666667,36,8.83636363636364,7.188,7.33333333333333,8.2,7.59,11,25,3,6,30,3244,1269,1975,547,599,2645,7.4943372379778,8.16445626477542,7.06376455696202,7.4136563071298,7.40047579298831,7.51559357277883,83
"91",2017,10,7.19136,50,7.61218181818182,6.86071428571429,7.66,7.72,7.13262222222222,22,28,5,5,45,3294,1291,2003,552,604,2690,7.48973831208257,8.15504492641363,7.06092611083375,7.41588768115942,7.40312086092715,7.50918698884758,84
"92",2017,11,7.49516129032258,31,7.90384615384615,7.2,8,7,7.614,13,18,4,6,25,3325,1304,2021,556,610,2715,7.48978887218045,8.15254064417178,7.06216476991588,7.42008992805755,7.39915573770492,7.51015211786372,85
"93",2017,12,7.39375,32,8.50909090909091,6.80952380952381,6.75714285714286,6.3,7.5962962962963,11,21,7,5,27,3357,1315,2042,563,615,2742,7.48887339886804,8.15552319391635,7.0595666013712,7.41184724689165,7.39021951219512,7.5110003646973,86
"94",2018,1,7.82763157894737,38,8.2725,7.33333333333333,7.18,7.3,7.87285714285714,20,18,5,3,35,3395,1335,2060,568,618,2777,7.49266509572901,8.15727565543071,7.06195873786408,7.40980633802817,7.38978155339806,7.51556103709038,87
"95",2018,2,6.90535714285714,28,8.01,6.66521739130435,6.3125,7,6.87954545454545,5,23,8,6,22,3423,1340,2083,576,624,2799,7.48786094069529,8.15672611940299,7.057578012482,7.39456597222222,7.38603365384615,7.51056198642372,88
"96",2018,3,7.70666666666667,30,8.3,7.41,7.75,8.375,7.60384615384615,10,20,6,4,26,3453,1350,2103,582,628,2825,7.48976194613379,8.15778740740741,7.06092962434617,7.39823024054983,7.39233280254777,7.51142053097345,89
"97",2018,4,7.14761904761905,21,8.075,6.57692307692308,7.16666666666667,7.5,7.11052631578947,8,13,3,2,19,3474,1358,2116,585,630,2844,7.48769372481289,8.15729970544919,7.05795604914934,7.39704273504273,7.3926746031746,7.50874226441631,90
"98",2018,5,7.4375,32,8.4,7,6.07142857142857,7.75,7.29545454545455,10,22,7,10,22,3506,1368,2138,592,640,2866,7.48723559612093,8.15907383040936,7.05735968194574,7.38136824324324,7.3982578125,7.50710502442428,91
"99",2018,6,7.54055555555556,18,8.205,7.20833333333333,8.4,8.83333333333333,7.282,6,12,5,3,15,3524,1374,2150,597,643,2881,7.48750794551646,8.15927438136827,7.0582023255814,7.38989949748744,7.4049533437014,7.50593300937174,92
"100",2018,7,7.05172413793103,29,8.0625,6.66666666666667,7.16666666666667,7.66666666666667,6.98076923076923,8,21,6,3,26,3553,1382,2171,603,646,2907,7.48395102730087,8.15871418234443,7.0544150161216,7.38767827529021,7.40616873065016,7.50123598211214,93
"101",2018,8,7.30625,32,8,6.83157894736842,6.25714285714286,6.76,7.40740740740741,13,19,7,5,27,3585,1395,2190,610,651,2934,7.48236485355648,8.15723512544803,7.05248173515982,7.37470491803279,7.40120583717358,7.50037252897068,94
"102",2018,9,7.54736842105263,19,8.83333333333333,7.30625,6.96666666666667,7.5,7.55625,3,16,3,3,16,3604,1398,2206,613,654,2950,7.48270754716981,8.15868597997139,7.05432230281052,7.37270799347471,7.40165902140673,7.50067559322034,95
"103",2018,10,7.09415210526316,19,8.22361125,6.27272727272727,7,NA,7.09415210526316,8,11,1,0,19,3623,1406,2217,614,654,2969,7.48066985647253,8.15905539829303,7.05044429409111,7.3721009771987,7.40165902140673,7.49807406197373,96
"104",2018,11,7.56264705882353,34,7.875,7.285,7.366,8.06,7.47689655172414,16,18,5,5,29,3657,1422,2235,619,659,2998,7.48143201804758,8.15585927566808,7.05233333333333,7.37205169628433,7.40665402124431,7.49786920947298,97
"105",2018,12,7.52777777777778,18,7.5,7.54166666666667,7.5,6,7.71875,6,12,5,2,16,3675,1428,2247,624,661,3014,7.48165901768707,8.15310356442577,7.05494659546061,7.37307692307692,7.40239788199698,7.49904176841406,98
"106",2019,1,7.20285714285714,35,8.23076923076923,6.59545454545455,6,7,7.22903225806452,13,22,7,4,31,3710,1441,2269,631,665,3045,7.47902881132075,8.15380422623179,7.05049140590569,7.35784469096672,7.39997744360902,7.49629290311987,99
"107",2019,2,7.39863636363636,22,8.3,6.978,6.33333333333333,7.6,7.33941176470588,7,15,3,5,17,3732,1448,2284,634,670,3062,7.47855490085745,8.15451097375691,7.05001532399299,7.35299684542587,7.40147014925373,7.495421910516,100
"108",2019,3,7.35,18,8.35714285714286,6.70909090909091,NA,9,7.25294117647059,7,11,0,1,17,3750,1455,2295,634,671,3079,7.47793783733333,8.15548583505155,7.04838126361656,7.35299684542587,7.40385245901639,7.49408310815199,101
"109",2019,4,7.33157894736842,19,7.92222222222222,6.8,7,6.75,7.48666666666667,9,10,2,4,15,3769,1464,2305,636,675,3094,7.47720002387901,8.1540518374317,7.04730368763557,7.35188679245283,7.39997777777778,7.49404715255333,102
"110",2019,5,7.48064516129032,31,8.24,7.11904761904762,7.4,NA,7.48064516129032,10,21,5,0,31,3800,1474,2326,641,675,3125,7.47722812894737,8.1546349321574,7.04795141874462,7.35226209048362,7.39997777777778,7.4939142048,103
"111",2019,6,7.79444444444444,18,7.95714285714286,7.69090909090909,8,8.5,7.70625,7,11,2,2,16,3818,1481,2337,643,677,3141,7.47872364850707,8.15370147873059,7.05097774925117,7.35427682737169,7.40322747415067,7.49499582617001,104
"112",2019,7,7.21176470588235,17,7.8625,6.63333333333333,8,7.37142857142857,7.1,8,9,1,7,10,3835,1489,2346,644,684,3151,7.47754025814863,8.15213693082606,7.04937553282182,7.35527950310559,7.40290204678363,7.49374226912091,105
"113",2019,8,7.24130434782609,23,7.9,7.05833333333333,7.75,7,7.26428571428571,5,18,3,2,21,3858,1494,2364,647,686,3172,7.47613190513219,8.15129309906292,7.0494437394247,7.35710973724884,7.40172740524782,7.49222316834804,106
"114",2019,9,7.81,20,8.16666666666667,7.65714285714286,7.66666666666667,8.3,7.64666666666667,6,14,3,5,15,3878,1500,2378,650,691,3187,7.47785376224858,8.15135459333334,7.05302144659377,7.35853846153846,7.40822720694646,7.49295007530593,107
"115",2019,10,7.51666666666667,24,7.74,7.35714285714286,7,5.875,7.845,10,14,6,4,20,3902,1510,2392,656,695,3207,7.47809248846745,8.14863039072848,7.05480142140468,7.35525914634146,7.39940287769784,7.49514558465856,108
"116",2019,11,7.90476190476191,21,9.2,7.5,8.08333333333333,6.75,8.02631578947368,5,16,6,2,19,3923,1515,2408,662,697,3226,7.48037646953862,8.15210025742575,7.05775955149501,7.3618580060423,7.39753945480631,7.49827398946063,109
"117",2019,12,7.47192307692308,26,7.86416666666667,7.13571428571429,7.5,7.5,7.46681818181818,12,14,2,4,22,3949,1527,2422,664,701,3248,7.48032081286401,8.14983751800917,7.05821015689513,7.36227409638554,7.39812410841655,7.49806092672414,110
"118",2020,1,7.58333333333333,27,7.93333333333333,7.40833333333333,7.6,6.25,7.69,9,18,5,2,25,3976,1536,2440,669,703,3273,7.4810203445674,8.14856893880209,7.06079303278688,7.36405082212257,7.39485775248933,7.49952700580507,111
"119",2020,2,7.7030303030303,33,7.975,7.54761904761905,8.16666666666667,5,7.87741935483871,12,21,3,2,31,4009,1548,2461,672,705,3304,7.48284781491644,8.14722344315246,7.06494717594474,7.36763392857143,7.38806382978724,7.5030726059322,112
"120",2020,3,7.76666666666667,12,7.62857142857143,7.96,8.8,6,7.92727272727273,7,5,1,1,11,4021,1555,2466,673,706,3315,7.48369482467048,8.14488867524116,7.06676196269262,7.36976225854383,7.38609773371105,7.50448020814479,113
"121",2020,4,7.492,25,8.2875,7.11764705882353,7.125,7,7.53478260869565,8,17,4,2,23,4046,1563,2483,677,708,3338,7.48374614186851,8.14561861164428,7.0671103503826,7.36831610044313,7.38500706214689,7.50468900239664,114
"122",2020,5,7.38095238095238,21,6.76666666666667,7.62666666666667,7.44,6.5,7.425,6,15,5,1,20,4067,1569,2498,682,709,3358,7.483215365134,8.14034537284896,7.07047037630104,7.36884164222874,7.38375881523272,7.50421438058368,115
"123",2020,6,7.092,25,7.875,6.72352941176471,6.25,5.75,7.34761904761905,8,17,8,4,21,4092,1577,2515,690,713,3379,7.48082524193548,8.1389992961319,7.06812524850894,7.35586956521739,7.37459326788219,7.50324116306599,116
"124",2020,7,7.72052631578947,19,8.15714285714286,7.46583333333333,5.75,8.5,7.67722222222222,7,12,2,1,18,4111,1584,2527,692,714,3397,7.48193307954269,8.13907947601011,7.07001385041551,7.35122832369942,7.37616946778712,7.50416305269355,117
"125",2020,8,7.78636363636364,22,8.3,7.27272727272727,7.66666666666667,8.1,7.73684210526316,11,11,3,3,19,4133,1595,2538,695,717,3416,7.48355356641664,8.14018927272728,7.07089243498818,7.35258992805755,7.37919804741981,7.50545722775175,118
"126",2020,9,7.375,22,8,7.01785714285714,5.5,7.75,7.3375,8,14,2,2,20,4155,1603,2552,697,719,3436,7.48297879422382,8.13948963817842,7.07060148902821,7.34727403156384,7.38022948539639,7.50447959545983,119
"127",2020,10,7.47407407407407,27,8.33636363636364,6.88125,7.33333333333333,7.5,7.4695652173913,11,16,3,4,23,4182,1614,2568,700,723,3459,7.48292130320421,8.14083140644363,7.06942172897196,7.34721428571428,7.38089211618257,7.50424743856606,120
"128",2020,11,7.56896551724138,29,8.15,7.26315789473684,7.2,7.5,7.57692307692308,10,19,5,3,26,4211,1624,2587,705,726,3485,7.48351386606507,8.1408878633005,7.07084460765365,7.34617021276596,7.38138429752066,7.5047896384505,121
"129",2020,12,7.86842105263158,19,7.79166666666667,7.90384615384615,7.5,6.25,8.05882352941176,6,13,3,2,17,4230,1630,2600,708,728,3502,7.48524276359338,8.13960238650307,7.07500961538461,7.3468220338983,7.3782760989011,7.50747912335808,122
"130",2021,1,7.30961538461538,26,7.94444444444444,6.97352941176471,7.56,7.5,7.29375,9,17,5,2,24,4256,1639,2617,713,730,3526,7.48416985197368,8.13853074435632,7.07435040122277,7.34831697054698,7.3786095890411,7.50602435904708,123
"131",2021,2,7.71764705882353,17,8.2,7.51666666666667,6.9,7,7.7625,5,12,5,1,16,4273,1644,2629,718,731,3542,7.4850987339106,8.13871769464721,7.07636934195511,7.34519498607242,7.37809165526676,7.50718291643139,124
"132",2021,3,7.05416666666667,24,7.6625,6.75,6.75,6.5,7.13333333333333,8,16,2,3,21,4297,1652,2645,720,734,3563,7.4826918524552,8.13641155569008,7.07439508506616,7.34354166666667,7.37450272479564,7.50497948077463,125
"133",2021,4,6.91052631578947,19,7.76666666666667,6.51538461538462,4,8.275,6.54666666666667,6,13,2,4,15,4316,1658,2658,722,738,3578,7.48017305143651,8.13507351628469,7.07166102332581,7.33427977839335,7.37938346883469,7.50096195919508,126
"134",2021,5,7.61111111111111,18,8.16666666666667,7.33333333333333,7,NA,7.61111111111111,6,12,4,0,18,4334,1664,2670,726,738,3596,7.48071686432856,8.13518743389424,7.07283707865168,7.33243801652892,7.37938346883469,7.50151331757508,127
"135",2021,6,7.27941176470588,17,7.66666666666667,7.06818181818182,6,6.66666666666667,7.41071428571429,6,11,2,3,14,4351,1670,2681,728,741,3610,7.47993033555504,8.13350412574851,7.07281797836628,7.32877747252747,7.3764979757085,7.50116118836565,128
"136",2021,7,7.36666666666667,24,7.89285714285714,6.63,6.66666666666667,7.66666666666667,7.32380952380952,14,10,3,3,21,4375,1684,2691,731,744,3631,7.47930900342857,8.13150349762471,7.07117242660721,7.32606019151847,7.37766801075269,7.50013546956761,129
"137",2021,8,6.1875,16,5.83333333333333,6.26923076923077,6.66666666666667,6,6.2,3,13,3,1,15,4391,1687,2704,734,745,3646,7.47460188795263,8.12741665085952,7.06731693786982,7.3233651226158,7.37581879194631,7.49478658529896,130
"138",2021,9,7.92105263157895,19,8.4,7.75,7,6,8.02777777777778,5,14,2,1,18,4410,1692,2718,736,746,3664,7.47652537188208,8.12822215721041,7.07083333333333,7.32248641304348,7.3739745308311,7.49740499181222,131
"139",2021,10,6.94736842105263,19,8.25,6.6,5.75,3,7.16666666666667,4,15,4,1,18,4429,1696,2733,740,747,3682,7.47425533754798,8.12850936910378,7.06824917672887,7.31398648648649,7.36811914323963,7.49578812873438,132
"140",2021,11,7.19285714285714,28,8.41428571428571,6.78571428571429,7.3,8.08333333333333,6.95,7,21,5,6,22,4457,1703,2754,745,753,3704,7.47248752299753,8.12968402231357,7.06609477124183,7.31389261744966,7.37381806108898,7.49254640658747,133
"141",2021,12,7.2047619047619,21,6.3,7.4875,7.5375,8,7.07222222222222,5,16,8,3,18,4478,1708,2770,753,756,3722,7.47123199866012,8.12432780444965,7.06852888086642,7.31626826029216,7.37630291005291,7.49051367275658,134
"142",2022,1,7.64270588235294,34,8.18181818181818,7.38486956521739,6.58333333333333,7,7.70490322580645,11,23,3,3,31,4512,1719,2793,756,759,3753,7.47252413342198,8.12469568935428,7.07113390619405,7.31335978835979,7.37481554677207,7.49228454303224,135
"143",2022,2,7.73461538461538,26,8.09545454545455,7.47,7,8.325,7.62727272727273,11,15,2,4,22,4538,1730,2808,758,763,3775,7.47402575804319,8.12450976300578,7.0732646011396,7.31253298153034,7.37979685452163,7.49307122913907,136
"144",2022,3,7.21588235294118,17,8.295,6.62727272727273,7.5,7.645,7.15866666666667,6,11,3,2,15,4555,1736,2819,761,765,3790,7.47306232491767,8.12509901497696,7.07152429939695,7.31327201051248,7.38049019607843,7.49174772823219,137
"145",2022,4,7.32115384615385,26,8,6.96176470588235,6.33333333333333,7.3,7.32619047619048,9,17,3,5,21,4581,1745,2836,764,770,3811,7.47220015062213,8.12445380515759,7.07086636107193,7.30942408376963,7.37996753246753,7.49083544738913,138
"146",2022,5,7.57380952380952,21,8.27777777777778,7.04583333333333,NA,8,7.52894736842105,9,12,0,2,19,4602,1754,2848,764,772,3830,7.47266381790526,8.12524053021665,7.07076088483146,7.30942408376963,7.38157383419689,7.49102451436031,139
"147",2022,6,7.63333333333333,18,8.48,7.30769230769231,7.5,NA,7.63333333333333,5,13,1,0,18,4620,1759,2861,765,772,3848,7.4732898030303,8.12624894258101,7.07183746941628,7.30967320261438,7.38157383419689,7.49169020010395,140
"148",2022,7,7.5472225,12,8.18889,7.33333333333333,6.83333333333333,7,7.59697,3,9,3,1,11,4632,1762,2870,768,773,3859,7.47348133851468,8.12635559591373,7.0726574912892,7.3078125,7.38108020698577,7.49199029800466,141
"149",2022,8,7.59638888888889,18,8.41928571428571,7.07272727272727,NA,7.1,7.62558823529412,7,11,0,1,17,4650,1769,2881,768,774,3876,7.47395710967742,8.12751473148671,7.07265775772301,7.3078125,7.38071705426357,7.49257625386997,142
"150",2022,9,7.68888888888889,18,8.4,7.33333333333333,6.66666666666667,9.5,7.58235294117647,6,12,3,1,17,4668,1775,2893,771,775,3893,7.47478589545844,8.1284358084507,7.07373902523332,7.305317769131,7.38345161290323,7.4929682918058,143
"151",2022,10,6.96875,16,8,5.9375,6,6.66666666666667,7.03846153846154,8,8,1,3,13,4684,1783,2901,772,778,3906,7.47305733561059,8.12785954010095,7.07060565322302,7.30362694300518,7.38068766066838,7.49145559651817,144
"152",2022,11,7.85967741935484,31,7.84583333333333,7.86842105263158,7.25,7.5,7.88448275862069,12,19,2,2,29,4715,1795,2920,774,780,3935,7.47559927041357,8.1259741281337,7.07579691780822,7.30348837209302,7.38099358974359,7.49435211181702,145
"153",2022,12,7.47142857142857,21,7.82727272727273,7.08,NA,9.75,7.23157894736842,11,10,0,2,19,4736,1806,2930,774,782,3954,7.47558077702703,8.12415479512735,7.07581126279863,7.30348837209302,7.38705242966752,7.49308941831057,146
