"","year","month","avg_rating","no_ratings","avg_rating_owned","avg_rating_not_owned","avg_rating_prev_owned","avg_rating_comment","avg_rating_no_comment","no_ratings_owned","no_ratings_not_owned","no_ratings_prev_owned","no_ratings_comment","no_ratings_no_comment","cum_no_ratings","cum_no_ratings_owned","cum_no_ratings_not_owned","cum_no_ratings_prev_owned","cum_no_ratings_comment","cum_no_ratings_no_comment","cum_avg_rating","cum_avg_rating_owned","cum_avg_rating_not_owned","cum_avg_rating_prev_owned","cum_avg_rating_comment","cum_avg_rating_no_comment","month_after_release"
"1",2009,9,6.74444444444444,9,7,6.7125,8,5.5,7.1,1,8,1,2,7,9,1,8,1,2,7,6.74444444444444,7,6.7125,8,5.5,7.1,0
"2",2009,10,6.91233766233766,77,7.70652173913043,6.57407407407407,7.38,6.512,7.10480769230769,23,54,10,25,52,86,24,62,11,27,59,6.89476744186047,7.67708333333333,6.59193548387097,7.43636363636364,6.43703703703704,7.10423728813559,1
"3",2009,11,7.25315533980582,206,7.79938271604938,6.8992,7.35384615384615,7.00446428571429,7.346,81,125,26,56,150,292,105,187,37,83,209,7.14760273972603,7.77142857142857,6.79732620320856,7.37837837837838,6.81987951807229,7.27775119617225,2
"4",2009,12,7.21547619047619,168,7.6827380952381,6.74821428571429,7.35227272727273,7.2375,7.20766129032258,84,84,22,44,124,460,189,271,59,127,333,7.17239130434783,7.73201058201058,6.78210332103321,7.36864406779661,6.96456692913386,7.25165165165165,3
"5",2010,1,7.31352941176471,170,7.70969387755102,6.77430555555556,7.3,7.06122448979592,7.41570247933884,98,72,16,49,121,630,287,343,75,176,454,7.21047619047619,7.72439024390244,6.78046647230321,7.354,6.99147727272727,7.29537444933921,4
"6",2010,2,7.14398496240601,133,7.656,6.8355421686747,7.08823529411765,6.87840909090909,7.2752808988764,50,83,17,44,89,763,337,426,92,220,543,7.19888597640891,7.71424332344214,6.79119718309859,7.30489130434783,6.96886363636364,7.29208103130755,5
"7",2010,3,7.21752136752137,117,7.84222222222222,6.82708333333333,7.175,7,7.28920454545455,45,72,12,29,88,880,382,498,104,249,631,7.20136363636364,7.72931937172775,6.79638554216867,7.28990384615385,6.97248995983936,7.29167987321712,6
"8",2010,4,7.32142857142857,98,7.59,7.04166666666667,7.15625,7.29,7.33219178082192,50,48,16,25,73,978,432,546,120,274,704,7.21339468302658,7.71319444444444,6.81794871794872,7.27208333333333,7.0014598540146,7.29588068181818,7
"9",2010,5,7.27457281553398,103,7.56522916666667,7.02090909090909,7.45,7.15721875,7.32746478873239,48,55,14,32,71,1081,480,601,134,306,775,7.21922386679001,7.69839791666667,6.8365224625624,7.29067164179104,7.01774836601307,7.29877419354839,8
"10",2010,6,7.1567816091954,87,7.62794871794872,6.77395833333333,6.3125,7.19047619047619,7.14606060606061,39,48,16,21,66,1168,519,649,150,327,841,7.2145727739726,7.69310404624277,6.83189522342065,7.18633333333333,7.02884097859327,7.28678953626635,9
"11",2010,7,7.15866666666667,75,7.53947368421053,6.76756756756757,6.86111111111111,7.41,7.06727272727273,38,37,9,20,55,1243,557,686,159,347,896,7.21119951729686,7.68262298025135,6.82842565597667,7.16792452830189,7.05080979827089,7.27331473214286,10
"12",2010,8,7.1537037037037,81,7.4,6.875,6.0625,7.22,7.13863636363636,43,38,8,15,66,1324,600,724,167,362,962,7.20768202416918,7.66236833333333,6.83087016574586,7.11497005988024,7.05782044198895,7.26407484407484,11
"13",2010,9,7.11923076923077,78,7.7474358974359,6.49102564102564,6.41666666666667,7.35294117647059,7.05409836065574,39,39,6,17,61,1402,639,763,173,379,1023,7.20276105563481,7.66756025039123,6.813499344692,7.0907514450867,7.0710580474934,7.25155425219941,12
"14",2010,10,7.10582524271845,103,7.61607142857143,6.49787234042553,6.45454545454545,6.765,7.18795180722892,56,47,11,20,83,1505,695,810,184,399,1106,7.196126910299,7.66341151079137,6.79518518518518,7.05271739130435,7.05571679197995,7.24678119349005,13
"15",2010,11,7.11116504854369,103,7.54418604651163,6.80083333333333,7.16923076923077,7.13235294117647,7.10697674418605,43,60,13,17,86,1608,738,870,197,416,1192,7.19068470149254,7.65646476964769,6.79557471264368,7.06040609137056,7.05884855769231,7.23669463087248,14
"16",2010,12,7.26302521008403,119,7.74193548387097,6.7421052631579,6.82777777777778,7.25833333333333,7.26421052631579,62,57,18,24,95,1727,800,927,215,440,1287,7.19566936884771,7.66308875,6.79228694714131,7.04093023255814,7.06972954545455,7.23872571872572,15
"17",2011,1,7.2008064516129,124,7.58135593220339,6.85538461538462,6.90625,7.12647058823529,7.22888888888889,59,65,16,34,90,1851,859,992,231,474,1377,7.19601350621286,7.65747497089639,6.79642137096774,7.03160173160173,7.07379957805907,7.23808278867103,16
"18",2011,2,7.20961538461538,104,7.768,6.69259259259259,6.53636363636364,7.13,7.24189189189189,50,54,11,30,74,1955,909,1046,242,504,1451,7.19673708439898,7.66355445544554,6.79106118546845,7.00909090909091,7.07714484126984,7.23827705031013,17
"19",2011,3,7.07054945054945,91,7.51,6.65914893617021,6.41666666666667,7.18888888888889,7.0413698630137,44,47,6,18,73,2046,953,1093,248,522,1524,7.19112463343108,7.6564648478489,6.78538883806038,6.99475806451613,7.08099808429119,7.22884514435696,18
"20",2011,4,7.28904109589041,73,7.79342105263158,6.74142857142857,7.04545454545455,7.325,7.27894736842105,38,35,11,16,57,2119,991,1128,259,538,1581,7.19449787635677,7.66171644803229,6.78402482269503,6.9969111969112,7.08825464684015,7.23065148640101,19
"21",2011,5,7.08308823529412,68,7.37903225806452,6.83513513513514,6.8125,6.83333333333333,7.173,31,37,8,18,50,2187,1022,1165,267,556,1631,7.19103383630544,7.65314187866927,6.78564806866953,6.99138576779026,7.08000179856115,7.22888412017167,20
"22",2011,6,6.93802816901408,71,7.41212121212121,6.52631578947368,6.1,6.55882352941176,7.05740740740741,33,38,15,17,54,2258,1055,1203,282,573,1685,7.18307838795394,7.64560284360189,6.77745635910224,6.94397163120567,7.06453926701571,7.22338872403561,21
"23",2011,7,7.09117647058823,68,7.57631578947368,6.47666666666667,6.125,7.475,6.93125,38,30,8,20,48,2326,1093,1233,290,593,1733,7.18039165950129,7.64319396157365,6.77013787510138,6.92137931034483,7.07838279932546,7.21529717253318,22
"24",2011,8,7.135,70,7.49722222222222,6.75147058823529,6.49090909090909,7.3575,7.046,36,34,11,20,50,2396,1129,1267,301,613,1783,7.17906552587646,7.63853941541187,6.76963693764799,6.90564784053156,7.08748939641109,7.21054963544588,23
"25",2011,9,7.05753424657534,73,7.490625,6.71951219512195,6.4,6.85263157894737,7.12962962962963,32,41,15,19,54,2469,1161,1308,316,632,1837,7.17547225597408,7.63446253229974,6.76806574923547,6.88164556962025,7.08042879746835,7.20817093086554,24
"26",2011,10,7.02647058823529,85,7.31923076923077,6.77826086956522,6.6,6.77352941176471,7.08970588235294,39,46,10,17,68,2554,1200,1354,326,649,1905,7.17051331245106,7.6242175,6.76841211225997,6.87300613496932,7.07238983050847,7.20394225721785,25
"27",2011,11,6.87660550458716,109,7.2962962962963,6.46454545454545,7.08333333333333,6.34090909090909,7.01206896551724,54,55,18,22,87,2663,1254,1409,344,671,1992,7.15848328952309,7.61009649122807,6.75655074520937,6.88401162790698,7.04840685543964,7.19556224899598,26
"28",2011,12,7.19882352941177,85,7.62777777777778,6.71625,6.59090909090909,7.175,7.20522388059702,45,40,11,18,67,2748,1299,1449,355,689,2059,7.15973107714702,7.6107090069284,6.75543823326432,6.87492957746479,7.05171407837445,7.19587663914522,27
"29",2012,1,7.08529411764706,102,7.48653846153846,6.668,6.55555555555556,7.21428571428571,7.06477272727273,52,50,9,14,88,2850,1351,1499,364,703,2147,7.15706701754386,7.60592968171724,6.75252168112074,6.86703296703297,7.05495163584637,7.19050302748021,28
"30",2012,2,6.98246753246753,77,7.52432432432432,6.48125,6.41470588235294,7.095,6.94298245614035,37,40,17,20,57,2927,1388,1539,381,723,2204,7.1524738640246,7.60375432276657,6.7454710851202,6.84685039370079,7.05605947441217,7.18410163339383,29
"31",2012,3,6.9955223880597,67,7.74814814814815,6.4875,7.16666666666667,6.57,7.07017543859649,27,40,9,10,57,2994,1415,1579,390,733,2261,7.14896158984636,7.60650954063604,6.73893603546548,6.85423076923077,7.04942837653479,7.18122954444936,30
"32",2012,4,7.13719512195122,82,7.5425,6.75119047619048,6.5,6.57142857142857,7.25367647058824,40,42,10,14,68,3076,1455,1621,400,747,2329,7.14864791937581,7.60474982817869,6.73925354719309,6.845375,7.04046987951807,7.18334478316874,31
"33",2012,5,6.95181818181818,55,7.29516129032258,6.50833333333333,6.3625,6.80769230769231,6.99642857142857,31,24,8,13,42,3131,1486,1645,408,760,2371,7.14519035451932,7.59829138627187,6.73588449848024,6.8359068627451,7.03648815789473,7.18003374103754,32
"34",2012,6,7.03636363636364,66,7.59545454545455,6.47727272727273,6.30555555555556,6.67307692307692,7.12547169811321,33,33,9,13,53,3197,1519,1678,417,773,2424,7.14294369721614,7.59822975641869,6.73079856972586,6.82446043165468,7.03037645536869,7.17884075907591,33
"35",2012,7,7.0051724137931,58,7.44,6.53928571428571,6.5,6.65,7.07916666666667,30,28,3,10,48,3255,1549,1706,420,783,2472,7.14048878648233,7.59516526791478,6.72765533411489,6.82214285714286,7.02551851851852,7.17690533980583,34
"36",2012,8,7.20704918032787,61,7.77,6.696875,7.40909090909091,7.13,7.2221568627451,29,32,11,10,51,3316,1578,1738,431,793,2523,7.14171320868516,7.5983783269962,6.72708860759493,6.83712296983759,7.02683606557377,7.1778200554895,35
"37",2012,9,6.91826923076923,52,7.40416666666667,6.50178571428571,6.8125,6.775,6.95238095238095,24,28,8,10,42,3368,1602,1766,439,803,2565,7.13826336104513,7.59546878901373,6.72351642129105,6.83667425968109,7.023699875467,7.17412865497076,36
"38",2012,10,6.95576923076923,52,7.46923076923077,6.44230769230769,6.05555555555556,6.76923076923077,7.01794871794872,26,26,9,13,39,3420,1628,1792,448,816,2604,7.13548859649123,7.5934527027027,6.71943638392857,6.82098214285714,7.01964583333333,7.17178955453149,37
"39",2012,11,7.00723684210526,76,7.32105263157895,6.69342105263158,6.31538461538462,6.78055555555556,7.07758620689655,38,38,13,18,58,3496,1666,1830,461,834,2662,7.13270051487414,7.58723949579832,6.71889617486339,6.80672451193059,7.01448561151079,7.16973703981969,38
"40",2012,12,6.83536585365854,82,7.17073170731707,6.5,6.64166666666667,6.66470588235294,6.88,41,41,12,17,65,3578,1707,1871,473,851,2727,7.12588624930129,7.57723550087873,6.7140994120791,6.80253699788584,7.0074982373678,7.16283094976164,39
"41",2013,1,7.01086956521739,92,7.42708333333333,6.55681818181818,6.25,6.80625,7.05394736842105,48,44,18,16,76,3670,1755,1915,491,867,2803,7.12300299727521,7.57312877492878,6.71048563968668,6.78228105906314,7.00378431372549,7.15987870139137,40
"42",2013,2,7.04246575342466,73,7.26315789473684,6.80285714285714,6.85,7.16052631578947,7.00092592592593,38,35,10,19,54,3743,1793,1950,501,886,2857,7.12143227357734,7.56655939765756,6.71214358974359,6.78363273453094,7.00714559819413,7.15687434371719,41
"43",2013,3,7.01034482758621,58,7.47666666666667,6.51071428571429,7.01428571428571,7.66363636363636,6.85744680851064,30,28,7,11,47,3801,1823,1978,508,897,2904,7.11973717442778,7.56508008776742,6.70929221435793,6.78681102362205,7.01519620958751,7.1520282369146,42
"44",2013,4,7.11828125,64,7.296875,6.9396875,6.25,6.95944444444444,7.1804347826087,32,32,10,18,46,3865,1855,2010,518,915,2950,7.11971306597671,7.56045336927224,6.71296019900497,6.77644787644788,7.01409945355191,7.15247118644068,43
"45",2013,5,7.03264705882353,68,7.36028571428571,6.68515151515152,6.72222222222222,6.96666666666667,7.04271186440678,35,33,9,9,59,3933,1890,2043,527,924,3009,7.1182077294686,7.55674656084656,6.71251101321586,6.77552182163188,7.01363744588744,7.15031904287139,44
"46",2013,6,7.04237288135593,59,7.75,6.55714285714286,7.02142857142857,7.57142857142857,6.97115384615385,24,35,14,7,52,3992,1914,2078,541,931,3061,7.1170869238477,7.5591698014629,6.70989412897016,6.7818853974122,7.0178313641246,7.14727540019601,45
"47",2013,7,7.12971212121212,66,7.49888571428571,6.71290322580645,6.55882352941176,6.7857619047619,7.29022222222222,35,31,17,21,45,4058,1949,2109,558,952,3106,7.11729226219813,7.55808722421755,6.70993835941204,6.77508960573477,7.01271218487395,7.14934642627173,46
"48",2013,8,7.04912280701754,57,7.6625,6.45689655172414,6.54166666666667,7.56363636363636,6.92608695652174,28,29,12,11,46,4115,1977,2138,570,963,3152,7.11634799513973,7.5595660091047,6.70650608044902,6.77017543859649,7.01900519210799,7.14608819796954,47
"49",2013,9,6.8775,80,7.63142857142857,6.29111111111111,6.23684210526316,5.95294117647059,7.12698412698413,35,45,19,17,63,4195,2012,2183,589,980,3215,7.11179308700834,7.56081610337972,6.69794319743472,6.75297113752122,7.00051224489796,7.14571384136859,48
"50",2013,10,6.76949152542373,59,7.278125,6.16666666666667,5.6,6.46428571428571,6.86444444444444,32,27,12,14,45,4254,2044,2210,601,994,3260,7.10704560413728,7.5563904109589,6.69145248868778,6.72995008319467,6.99295975855131,7.14183128834356,49
"51",2013,11,7.14223684210526,76,7.59318181818182,6.5221875,6.081,7.18333333333333,7.12948275862069,44,32,10,18,58,4330,2088,2242,611,1012,3318,7.10766327944573,7.55716570881226,6.68903657448706,6.71932896890344,6.99634584980237,7.14161543098252,50
"52",2013,12,7.11176470588235,68,7.46857142857143,6.73333333333333,7.36666666666667,7.41578947368421,6.99387755102041,35,33,12,19,49,4398,2123,2275,623,1031,3367,7.1077266939518,7.55570513424399,6.68967912087912,6.73179775280899,7.00407565470417,7.1394653994654,51
"53",2014,1,6.93510638297872,94,7.32083333333333,6.53260869565217,6.51111111111111,7.515,6.86607142857143,48,46,18,10,84,4492,2171,2321,641,1041,3451,7.10411442564559,7.55051220635652,6.68656613528651,6.72560062402496,7.00898366954851,7.13281077948421,52
"54",2014,2,7.04718309859155,71,7.23823529411765,6.87162162162162,6.91666666666667,6.96666666666667,7.06875,34,37,15,15,56,4563,2205,2358,656,1056,3507,7.10322857769012,7.54569705215419,6.68946988973706,6.72996951219512,7.00838257575757,7.1317878528657,53
"55",2014,3,6.90753424657534,73,7.43378378378378,6.36666666666667,6.25,7.07045454545455,6.83725490196078,37,36,12,22,51,4636,2242,2394,668,1078,3558,7.10014710957722,7.5438501338091,6.68461570593149,6.72134730538922,7.00964935064935,7.12756604834177,54
"56",2014,4,7.09366197183099,71,7.53068181818182,6.38148148148148,5.95,7.58214285714286,6.97368421052632,44,27,10,14,57,4707,2286,2421,678,1092,3615,7.10004928829403,7.54359667541557,6.68123502684841,6.70997050147492,7.01698901098901,7.12513969571231,55
"57",2014,5,7.11597222222222,72,7.4952380952381,6.585,6.97727272727273,7.33076923076923,7.06864406779661,42,30,11,13,59,4779,2328,2451,689,1105,3674,7.10028918183721,7.54272422680412,6.68005711954304,6.71423802612482,7.02068054298642,7.1242324442025,56
"58",2014,6,7.09152542372881,59,7.77241379310345,6.43333333333333,6.18181818181818,7.46153846153846,6.98695652173913,29,30,11,13,46,4838,2357,2481,700,1118,3720,7.10018230673832,7.54555027577429,6.67707376058041,6.70587142857143,7.02580679785331,7.12253494623656,57
"59",2014,7,7.41102941176471,68,7.83636363636364,7.01,7.09285714285714,7.36363636363636,7.42017543859649,33,35,14,11,57,4906,2390,2516,714,1129,3777,7.10449082755809,7.54956569037657,6.68170508744038,6.7134593837535,7.02909831709477,7.12702674079958,58
"60",2014,8,7.42662162162162,74,7.87953488372093,6.79838709677419,6.93181818181818,7.166875,7.49827586206897,43,31,11,16,58,4980,2433,2547,725,1145,3835,7.10927751004016,7.55539745170571,6.68312524538673,6.7167724137931,7.03102358078602,7.13264146023468,59
"61",2014,9,7.10102040816327,49,7.54677419354839,6.33333333333333,6.64,6.3,7.19204545454545,31,18,5,5,44,5029,2464,2565,730,1150,3879,7.109197057069,7.55528896103896,6.68067056530214,6.71624657534246,7.0278452173913,7.13331528744522,60
"62",2014,10,6.77608695652174,69,7.39705882352941,6.17285714285714,6.06944444444444,6.40909090909091,6.84568965517241,34,35,18,11,58,5098,2498,2600,748,1161,3937,7.1046885052962,7.5531353082466,6.67383461538461,6.70068181818182,7.02198277347114,7.12907797815596,61
"63",2014,11,7.04242424242424,99,7.36829268292683,6.81206896551724,6.93809523809524,7.54666666666667,6.95238095238095,41,58,21,15,84,5197,2539,2658,769,1176,4021,7.10350240523379,7.55015045293422,6.67685101580135,6.70716514954486,7.02867517006803,7.12538671972146,62
"64",2014,12,7.2462962962963,54,7.43928571428571,7.03846153846154,6.65,7.88571428571429,7.15106382978723,28,26,8,7,47,5251,2567,2684,777,1183,4068,7.10497086269282,7.54894117647059,6.68035394932935,6.70657657657657,7.03374640743871,7.12568338249754,63
"65",2015,1,7.0625,92,7.39545454545455,6.56756756756757,6.79166666666667,7,7.07565789473684,55,37,12,16,76,5343,2622,2721,789,1199,4144,7.10423956578701,7.54572158657513,6.67882028665931,6.70787072243346,7.03329608006672,7.12476592664093,64
"66",2015,2,7.10226666666667,75,7.58125,6.55485714285714,6.44578947368421,6.86666666666667,7.17666666666667,40,35,19,18,57,5418,2662,2756,808,1217,4201,7.10421225544481,7.5462554470323,6.67724600870827,6.70170792079208,7.03083155299918,7.12547012616044,65
"67",2015,3,7.28285714285714,70,7.54444444444444,7.00588235294118,7.27,7.32692307692308,7.27280701754386,36,34,10,13,57,5488,2698,2790,818,1230,4258,7.10649088921283,7.54623128243143,6.68125089605734,6.70865525672371,7.03396097560976,7.12744246124941,66
"68",2015,4,7.10135135135135,74,7.5875,6.73095238095238,6.95833333333333,7.16666666666667,7.08035714285714,32,42,12,18,56,5562,2730,2832,830,1248,4314,7.10642250988853,7.54671501831502,6.68198799435028,6.71226506024096,7.035875,7.12683124710246,67
"69",2015,5,7.08518518518519,54,7.87586206896552,6.168,5.88,7.62,7.03061224489796,29,25,5,5,49,5616,2759,2857,835,1253,4363,7.10621830484331,7.55017470097861,6.67749037451872,6.70728143712575,7.03820590582602,7.12575063030025,68
"70",2015,6,6.95789473684211,57,7.6,6.41935483870968,6.41111111111111,6.72727272727273,7.01304347826087,26,31,9,11,46,5673,2785,2888,844,1264,4409,7.10472800987132,7.55063985637343,6.67471952908587,6.70412322274881,7.0355,7.12457473349966,69
"71",2015,7,7.22,65,7.51111111111111,6.85862068965517,7.45714285714286,7.0875,7.25,36,29,7,12,53,5738,2821,2917,851,1276,4462,7.10603380968979,7.55013541297412,6.67654782310593,6.71031727379553,7.03598902821316,7.12606454504706,70
"72",2015,8,7.26066666666667,75,7.74852941176471,6.85609756097561,6.77272727272727,7.05555555555556,7.28863636363636,34,41,11,9,66,5813,2855,2958,862,1285,4528,7.10802890073972,7.55249807355516,6.67903651115618,6.71111368909513,7.03612607003891,7.12843418727915,71
"73",2015,9,7.17677966101695,59,7.625,6.71310344827586,6.7,7.45714285714286,7.08955555555556,30,29,9,14,45,5872,2885,2987,871,1299,4573,7.1087196866485,7.55325199306759,6.67936725811851,6.71099885189437,7.0406635873749,7.12805160726,72
"74",2015,10,7.10002083333333,72,7.50833333333333,6.28339583333333,6.55,7.125,7.09288392857143,48,24,10,16,56,5944,2933,3011,881,1315,4629,7.10861431695828,7.55251687691783,6.67621105944869,6.70917139614075,7.0416897338403,7.12762616115792,73
"75",2015,11,7.05820895522388,67,7.51153846153846,6.77073170731707,6.62142857142857,6.83846153846154,7.11111111111111,26,41,14,13,54,6011,2959,3052,895,1328,4683,7.10805248710697,7.55215680973302,6.67748083224115,6.70779888268156,7.03970030120482,7.12743572496263,74
"76",2015,12,7.16135135135135,74,7.4935,6.77058823529412,6.63333333333333,7.432,7.06111111111111,40,34,9,20,54,6085,2999,3086,904,1348,4737,7.10870065735415,7.55137445815272,6.67850664290343,6.70705752212389,7.04552077151335,7.12667964956724,75
"77",2016,1,7.09588235294118,102,7.49679245283019,6.66224489795918,6.25454545454545,7.084375,7.09802325581395,53,49,11,16,86,6187,3052,3135,915,1364,4823,7.10848933247131,7.55042660550459,6.67825247208931,6.7016174863388,7.04597653958944,7.12616867095169,76
"78",2016,2,7.2031746031746,63,7.33611111111111,7.02592592592593,7.42857142857143,7.75,7.12363636363636,36,27,7,8,55,6250,3088,3162,922,1372,4878,7.10944376,7.54792810880829,6.68122122074636,6.70713665943601,7.05008163265306,7.12614011890119,77
"79",2016,3,7.30159420289855,69,7.61605263157895,6.91612903225806,6.61111111111111,7.38333333333333,7.29380952380952,38,31,9,6,63,6319,3126,3193,931,1378,4941,7.11154193701535,7.54875623800384,6.68350187911055,6.70620837808807,7.05153265602322,7.12827798016596,78
"80",2016,4,7.17464788732394,71,7.4969696969697,6.89473684210526,6.71428571428571,7.5,7.14461538461538,33,38,7,6,65,6390,3159,3231,938,1384,5006,7.112243114241,7.54821525799303,6.68598622717425,6.70626865671642,7.05347687861271,7.12849011186576,79
"81",2016,5,7.30076923076923,65,7.73780487804878,6.55416666666667,6.88571428571429,7.48666666666667,7.245,41,24,7,15,50,6455,3200,3255,945,1399,5056,7.11414151820295,7.550644375,6.68501428571428,6.70759788359788,7.05812151536812,7.12964230617089,80
"82",2016,6,7.35461538461538,65,7.68552631578947,6.88888888888889,6.85714285714286,8,7.28898305084746,38,27,7,6,59,6520,3238,3282,952,1405,5115,7.1165388803681,7.55222730080296,6.68669149908592,6.70869747899159,7.06214377224199,7.13148025415445,81
"83",2016,7,7.25028985507246,69,7.5984375,6.94918918918919,7,7.75,7.14508771929825,32,37,4,12,57,6589,3270,3319,956,1417,5172,7.11793952041281,7.55267951070336,6.68961780656824,6.70991631799163,7.06796894848271,7.13163022041763,82
"84",2016,8,7.17876712328767,73,7.54375,6.73636363636364,6.43636363636364,7.75,7.10846153846154,40,33,11,8,65,6662,3310,3352,967,1425,5237,7.11860604923447,7.55257160120846,6.69007801312649,6.70680455015512,7.07179789473684,7.13134265801031,83
"85",2016,9,7.17463768115942,69,7.54736842105263,6.71774193548387,6.7,6.99166666666667,7.19206349206349,38,31,10,6,63,6731,3348,3383,977,1431,5300,7.1191804338137,7.55251254480287,6.69033151049364,6.70673490276356,7.07146191474493,7.13206443396227,84
"86",2016,10,6.93076923076923,78,7.48,6.35263157894737,6.61923076923077,7.44230769230769,6.82846153846154,40,38,13,13,65,6809,3388,3421,990,1444,5365,7.11702210309884,7.55165643447462,6.68658038585209,6.70558585858586,7.07480055401662,7.12838611369991,85
"87",2016,11,7.0018275862069,87,7.53402702702703,6.608,6.9375,6.85714285714286,7.02957534246575,37,50,8,14,73,6896,3425,3471,998,1458,5438,7.11556880800464,7.55146598540146,6.6854484298473,6.70744488977956,7.07271056241426,7.12705967267378,86
"88",2016,12,7.01882352941176,68,7.51567567567568,6.4258064516129,7.25,7.07142857142857,7.0127868852459,37,31,8,7,61,6964,3462,3502,1006,1465,5499,7.1146241384262,7.55108347775852,6.68315005711022,6.71175944333996,7.07270443686007,7.12579205310056,87
"89",2017,1,7.10549450549451,91,7.46744186046512,6.78125,6.33333333333333,7.36764705882353,7.04527027027027,43,48,18,17,74,7055,3505,3550,1024,1482,5573,7.114506378455,7.55005734664765,6.68447647887324,6.705107421875,7.07608771929824,7.12472286021891,88
"90",2017,2,7.18602941176471,68,7.55,6.75161290322581,6.45,7.56363636363636,7.11315789473684,37,31,4,11,57,7123,3542,3581,1028,1493,5630,7.11518917590903,7.55005674760023,6.68505766545657,6.70411478599222,7.07967983924983,7.12460577264654,89
"91",2017,3,7.09263736263736,91,7.346,6.70555555555556,6.51428571428571,6.64818181818182,7.15375,55,36,7,11,80,7214,3597,3617,1035,1504,5710,7.11490469919601,7.54693661384487,6.68526168095106,6.70283091787439,7.07652393617021,7.12501409807356,90
"92",2017,4,7.21,55,7.58448275862069,6.79230769230769,6.28333333333333,6.99,7.25888888888889,29,26,6,10,45,7269,3626,3643,1041,1514,5755,7.11562422616591,7.54723690016547,6.68602566566017,6.70041306436119,7.07595244385733,7.12606090356212,91
"93",2017,5,7.12161764705882,68,7.44176470588235,6.80147058823529,6.78,7.03,7.13559322033898,34,34,10,9,59,7337,3660,3677,1051,1523,5814,7.11567977374949,7.54625710382514,6.68709314658689,6.70117031398668,7.07568089297439,7.12615763673891,92
"94",2017,6,7.084375,48,7.48653846153846,6.60909090909091,6.95,8.02727272727273,6.80405405405405,26,22,4,11,37,7385,3686,3699,1055,1534,5851,7.11547630331754,7.54583586543679,6.68662922411462,6.70211374407583,7.08250456323337,7.12412074858999,93
"95",2017,7,7.14285714285714,70,7.95454545454545,6.41891891891892,6.20833333333333,7.36666666666667,7.121875,33,37,12,6,64,7455,3719,3736,1067,1540,5915,7.11573340040242,7.54946248991664,6.68397791755889,6.69656044985942,7.08361168831169,7.12409644970414,94
"96",2017,8,6.9,51,7.26818181818182,6.62068965517241,6.20833333333333,6.83333333333333,6.91428571428571,22,29,12,9,42,7506,3741,3765,1079,1549,5957,7.11426758593126,7.54780834001604,6.68349043824701,6.69113067655236,7.08215752098128,7.1226171730737,95
"97",2017,9,7.02263157894737,57,7.29592592592593,6.77666666666667,6.75,7.17777777777778,6.99354166666667,27,30,6,9,48,7563,3768,3795,1085,1558,6005,7.11357695358985,7.54600345010616,6.68422700922266,6.69145622119816,7.08270988446726,7.12158542880933,96
"98",2017,10,7.0125,72,7.45512820512821,6.48939393939394,6.88333333333333,6.885,7.03306451612903,39,33,12,10,62,7635,3807,3828,1097,1568,6067,7.11262377210216,7.54507249802995,6.6825474137931,6.69355515041021,7.08144897959184,7.12068081424098,97
"99",2017,11,7.13556962025316,79,7.39586956521739,6.77272727272727,6.125,7.46875,7.05095238095238,46,33,8,16,63,7714,3853,3861,1105,1584,6130,7.11285876328753,7.54329120166104,6.68331818181818,6.68943891402715,7.08536111111111,7.11996419249592,98
"100",2017,12,7.22596153846154,52,8.07592592592593,6.308,6.875,6.75714285714286,7.29888888888889,27,25,4,7,45,7766,3880,3886,1109,1591,6175,7.11361608292558,7.54699768041237,6.68090362840968,6.69010820559062,7.08391703331238,7.12126809716599,99
"101",2018,1,7.05108333333333,84,7.48903921568627,6.37424242424242,6.56538461538462,7.33333333333333,7.01721333333333,51,33,13,9,75,7850,3931,3919,1122,1600,6250,7.11294694267516,7.54624573899771,6.67832138300587,6.68866310160428,7.08532,7.12001944,100
"102",2018,2,7.01838235294118,68,7.49305555555556,6.484375,6.68571428571429,6.6,7.07416666666667,36,32,7,8,60,7918,3967,3951,1129,1608,6310,7.11213481939884,7.54576304512226,6.67675056947608,6.68864481842338,7.08290547263681,7.11958343898574,101
"103",2018,3,6.96825396825397,63,7.48333333333333,6.5,6.5,7.9,6.79245283018868,30,33,6,10,53,7981,3997,3984,1135,1618,6363,7.11099906026814,7.54529447085314,6.67528652108434,6.68764757709251,7.08795550061804,7.11685863586359,102
"104",2018,4,7.0895,60,7.60212121212121,6.46296296296296,6.95,7.46875,7.03115384615385,33,27,10,8,52,8041,4030,4011,1145,1626,6415,7.11083863947271,7.54575980148883,6.67385726751433,6.68993886462882,7.08982902829028,7.1161639127046,103
"105",2018,5,7.29258620689655,58,7.505,6.99166666666667,7.2875,7.29090909090909,7.29297872340426,34,24,8,11,47,8099,4064,4035,1153,1637,6462,7.11214020249414,7.5454187992126,6.67574758364312,6.69408499566349,7.091180207697,7.11744993809966,104
"106",2018,6,7.13,50,7.69230769230769,6.52083333333333,7.25,7.27142857142857,7.10697674418605,26,24,8,7,43,8149,4090,4059,1161,1644,6505,7.11224978524973,7.54635256723716,6.67483160877063,6.69791559000861,7.09194768856447,7.11738070714835,105
"107",2018,7,7.0578431372549,51,7.50344827586207,6.47045454545455,6.88333333333333,7.16666666666667,7.0125,29,22,6,15,36,8200,4119,4081,1167,1659,6541,7.11191140243903,7.54605049769361,6.67372984562607,6.69886889460154,7.09262326702833,7.11680347041737,106
"108",2018,8,7.18055555555556,54,7.84821428571429,6.46153846153846,6.4,7.36818181818182,7.13255813953488,28,26,5,11,43,8254,4147,4107,1172,1670,6584,7.11236049188273,7.54809066795274,6.67238653518383,6.69759385665529,7.09443832335329,7.11690636391251,107
"109",2018,9,7.10625,48,7.55454545454545,6.72692307692308,6.99090909090909,6.74285714285714,7.16829268292683,22,26,11,7,41,8302,4169,4133,1183,1677,6625,7.11232516261142,7.54812473015112,6.67272961529155,6.70032121724429,7.09297078115683,7.11722437735849,108
"110",2018,10,7.10281690140845,71,7.50625,6.77179487179487,7.05,7.9,7.015625,32,39,10,7,64,8373,4201,4172,1193,1684,6689,7.1122445360086,7.54780576053321,6.67365568072867,6.70325230511316,7.09632541567696,7.11625227986246,109
"111",2018,11,6.92917808219178,73,7.54166666666667,6.33324324324324,6.09222222222222,6.86666666666667,6.94147540983607,36,37,9,12,61,8446,4237,4209,1202,1696,6750,7.1106622661615,7.54775359924475,6.67066322166785,6.6986772046589,7.09470047169811,7.11467281481481,110
"112",2018,12,7.124,55,7.552,6.375,6.5,6.75,7.22837209302326,35,20,9,12,43,8501,4272,4229,1211,1708,6793,7.11074855899306,7.54778838951311,6.66926495625443,6.69720066061107,7.09227868852459,7.11539253643457,111
"113",2019,1,7.24310810810811,74,7.72022727272727,6.54333333333333,6.39285714285714,7.555,7.194375,44,30,14,10,64,8575,4316,4259,1225,1718,6857,7.11189078717201,7.54954633920296,6.66837790561164,6.69372244897959,7.0949720605355,7.11612972145253,112
"114",2019,2,6.98714285714286,49,7.38928571428571,6.45095238095238,5.86666666666667,6.41666666666667,7.06674418604651,28,21,3,6,43,8624,4344,4280,1228,1724,6900,7.11118199211503,7.54851335174954,6.66731109813084,6.69170195439739,7.09261136890951,7.11582195652174,113
"115",2019,3,7.2830612244898,49,7.68730769230769,6.82608695652174,6.92857142857143,7.25,7.28951219512195,26,23,7,8,41,8673,4370,4303,1235,1732,6941,7.11215306122449,7.54933913043478,6.66815977225192,6.69304453441296,7.09333833718244,7.11684793257456,114
"116",2019,4,6.8969387755102,49,7.39090909090909,6.49444444444444,5.77777777777778,6.25,6.95444444444444,22,27,9,4,45,8722,4392,4330,1244,1736,6986,7.11094399220363,7.54854553734062,6.66707655889145,6.68642282958199,7.09139516129032,7.11580181792156,115
"117",2019,5,7.13926470588235,68,7.75568181818182,6.00916666666667,5.33333333333333,7.4625,7.09616666666667,44,24,6,8,60,8790,4436,4354,1250,1744,7046,7.11116308304892,7.55060009017133,6.66345004593477,6.679928,7.09309747706422,7.11563461538462,116
"118",2019,6,6.97407407407407,54,7.23939393939394,6.55714285714286,6.6,7.05,6.95681818181818,33,21,5,10,44,8844,4469,4375,1255,1754,7090,7.11032604025328,7.54830208100246,6.66293977142857,6.67960956175299,7.09285176738882,7.11464901269393,117
"119",2019,7,7.2343137254902,51,7.33448275862069,7.10227272727273,6.5,6.76428571428571,7.30909090909091,29,22,6,7,44,8895,4498,4397,1261,1761,7134,7.11103693086004,7.54692352156514,6.66513793495565,6.67875495638382,7.09154571266326,7.11584826184469,118
"120",2019,8,7.07428571428571,77,7.39736842105263,6.75948717948718,6.78571428571429,6.87777777777778,7.10029411764706,38,39,7,9,68,8972,4536,4436,1268,1770,7202,7.11072152251449,7.54567063492063,6.66596742560866,6.67934542586751,7.09045875706214,7.11570140238823,119
"121",2019,9,6.93578947368421,57,7.523125,6.184,6.1,5,7.04333333333333,32,25,4,3,54,9029,4568,4461,1272,1773,7256,7.10961717798206,7.54551269702277,6.66326642008518,6.67752358490566,7.08692160180485,7.11516283076075,120
"122",2019,10,7.13075183333333,60,7.53125,6.67303964285714,6.325,7.40909090909091,7.06826755102041,32,28,4,11,49,9089,4600,4489,1276,1784,7305,7.10975669600616,7.54541347826087,6.66332738026286,6.6764184952978,7.08890807174888,7.1148482696783,121
"123",2019,11,7.25357142857143,56,7.65555555555556,6.87931034482759,7,8,7.18039215686275,27,29,5,5,51,9145,4627,4518,1281,1789,7356,7.11063735483871,7.54605619191701,6.6647137250996,6.67768149882904,7.09145444382336,7.11530269303969,122
"124",2019,12,7.08777777777778,45,7.47407407407407,6.50833333333333,6.65625,6.66666666666667,7.11785714285714,27,18,8,3,42,9190,4654,4536,1289,1792,7398,7.11052542002176,7.54563859045982,6.66409316798942,6.67754848719938,7.09074330357143,7.11531719518789,123
"125",2020,1,7.07091954022988,87,7.4765,6.72574468085106,6.05555555555556,7.08181818181818,7.06934210526316,40,47,9,11,76,9277,4694,4583,1298,1803,7474,7.11015399482592,7.54504942479761,6.66472542221252,6.67323574730354,7.09068885191347,7.11484969360449,124
"126",2020,2,7.16593137254902,51,7.621875,6.61086956521739,6.25,8.1875,6.97587209302326,28,23,6,8,43,9328,4722,4606,1304,1811,7517,7.11045895261578,7.54550497670478,6.66445649370386,6.67128834355828,7.09553395913859,7.11405469070108,125
"127",2020,3,7.06449152542373,59,7.36893939393939,6.67807692307692,6.0625,6.35,7.21030612244898,33,26,8,10,49,9387,4755,4632,1312,1821,7566,7.1101700340897,7.54427960042061,6.66453294689119,6.66757621951219,7.09143986820428,7.11467804784562,126
"128",2020,4,7.05081081081081,74,7.44861111111111,6.67394736842105,6.83333333333333,6.75076923076923,7.11475409836066,36,38,6,13,61,9461,4791,4670,1318,1834,7627,7.1097057509777,7.54356073888541,6.66460955246253,6.66833080424886,7.08902508178844,7.1146786560902,127
"129",2020,5,6.95460098591549,71,7.76444444444444,6.45765159090909,5.33333333333333,7.36952428571429,6.90921875,27,44,6,7,64,9532,4818,4714,1324,1841,7691,7.10855043852287,7.54479856787048,6.66267782774714,6.66228096676737,7.09009161868549,7.11296893901963,128
"130",2020,6,6.865625,64,7.73703703703704,6.22972972972973,6.39090909090909,6.73333333333333,6.87931034482759,27,37,11,6,58,9596,4845,4751,1335,1847,7749,7.10693026052522,7.54586986584107,6.65930609976847,6.66004494382022,7.08893268543584,7.11122004258614,129
"131",2020,7,7.06949315789474,57,7.46590034482759,6.65892857142857,6.78571428571429,6.75,7.10021365384615,29,28,7,5,52,9653,4874,4779,1342,1852,7801,7.10670919817673,7.54539405211325,6.65930388784265,6.66070044709389,7.08801764038877,7.11114667606717,130
"132",2020,8,7.02401639344262,61,7.48557692307692,6.68114285714286,6.625,7.05555555555556,7.01855769230769,26,35,8,9,52,9714,4900,4814,1350,1861,7853,7.10618992073296,7.54507665510204,6.65946266722061,6.66048888888889,7.08786065018807,7.11053358207054,131
"133",2020,9,7.18048387096774,62,7.86166666666667,6.541875,6.8,7.3125,7.1488,30,32,5,12,50,9776,4930,4846,1355,1873,7903,7.10666109758593,7.5470031663286,6.65868619067272,6.6610036900369,7.08929987720235,7.11077568265216,132
"134",2020,10,7.02533333333333,75,7.53636363636364,6.62380952380952,6.58461538461538,6.84285714285714,7.04411764705882,33,42,13,7,68,9851,4963,4888,1368,1880,7971,7.10604191351132,7.54693242192222,6.65838651391162,6.66027777777778,7.08838227127659,7.11020702797641,133
"135",2020,11,7.08550655913978,93,7.3783685,6.5530303030303,6.375,6.84545454545455,7.11770865853659,60,33,8,11,82,9944,5023,4921,1376,1891,8053,7.10584985921158,7.54491891698188,6.65768,6.65861918604651,7.08696915388683,7.11028341363467,134
"136",2020,12,6.91076279069767,86,7.25301333333333,6.53512195121951,6.4375,7.47555555555556,6.84474805194805,45,41,8,9,77,10030,5068,4962,1384,1900,8130,7.10417712861416,7.54232701657458,6.65666732769045,6.65734104046243,7.08880982631579,7.10776850307503,135
"137",2021,1,7.12303633663366,101,7.56597706896552,6.52558139534884,6.71428571428571,7.11842105263158,7.12410573170732,58,43,7,19,82,10131,5126,5005,1391,1919,8212,7.1043651436186,7.5425946137339,6.65554111488512,6.65762760603882,7.08910300677436,7.10793163662932,136
"138",2021,2,7.13268292682927,82,7.53590909090909,6.66578947368421,6.12,7.49444444444444,7.08808219178082,44,38,5,9,73,10213,5170,5043,1396,1928,8285,7.10459250660922,7.54253771566731,6.6556183382907,6.65570200573066,7.09099516078838,7.10775674109837,137
"139",2021,3,6.93895348837209,86,7.6,6.21341463414634,6.5,7.5,6.81071428571429,45,41,5,16,70,10299,5215,5084,1401,1944,8355,7.10320936692883,7.54303355512943,6.65205217938631,6.65514632405425,7.09436145576132,7.10526805505685,138
"140",2021,4,7.15,69,7.46342105263158,6.7658064516129,6.16,7.62928571428571,7.028,38,31,5,14,55,10368,5253,5115,1406,1958,8410,7.10352076292438,7.5424576413478,6.65274159921799,6.65338549075391,7.09818624616956,7.10476273483948,139
"141",2021,5,7.17402985074627,67,7.68842105263158,6.5,6.5,7.5125,7.12813559322034,38,29,5,8,59,10435,5291,5144,1411,1966,8469,7.10397348059415,7.54350595161595,6.65188049766719,6.65284195605953,7.09987216174974,7.10492556382099,140
"142",2021,6,7.1646912962963,54,7.60666655172414,6.652,6.4,7.75,7.09152770833333,29,25,7,6,48,10489,5320,5169,1418,1972,8517,7.10428607112213,7.5438502481203,6.65188107564326,6.65159379407616,7.10185023833671,7.10485005635787,141
"143",2021,7,6.90426229508197,61,7.4425,6.31034482758621,6.1,7.00857142857143,6.89074074074074,32,29,5,7,54,10550,5352,5198,1423,1979,8571,7.10312953554503,7.54324426756353,6.64997562139284,6.64965565706254,7.10152029813037,7.10350110022168,142
"144",2021,8,7.06054794520548,73,7.544375,6.68292682926829,5.92857142857143,7.25,7.03723076923077,32,41,7,8,65,10623,5384,5239,1430,1987,8636,7.1028369198908,7.54325098811293,6.65023349494178,6.64612587412587,7.10211810266734,7.10300230778138,143
"145",2021,9,7.25333333333333,45,7.51538461538462,6.89473684210526,7,7.5,7.2225,26,19,2,5,40,10668,5410,5258,1432,1992,8676,7.10347174728159,7.54311706469501,6.65111701787752,6.64662011173184,7.10311680220883,7.10355324227755,144
"146",2021,10,7.3551724137931,58,7.86969696969697,6.676,6.14285714285714,7.92307692307692,7.19111111111111,33,25,7,13,45,10726,5443,5283,1439,2005,8721,7.10483279880664,7.54509706411905,6.65123476812417,6.64416956219597,7.10843325187032,7.10400503726637,145
"147",2021,11,7.17353846153846,65,7.53365853658537,6.55833333333333,6.375,7.67714285714286,7.03529411764706,41,24,4,14,51,10791,5484,5307,1443,2019,8772,7.1052466499861,7.54501154631656,6.65081463727153,6.64342342342342,7.11237675581971,7.10360555517556,146
"148",2021,12,6.96036144578313,83,7.49612244897959,6.18823529411765,6.16666666666667,7.5,6.91065789473684,49,34,3,7,76,10874,5533,5341,1446,2026,8848,7.10414075777083,7.54457858666185,6.64786992697997,6.64243430152144,7.1137160266535,7.1019482289783,147
"149",2022,1,7.12283018867925,106,7.4965671641791,6.48076923076923,6.94444444444444,7.00909090909091,7.136,67,39,9,11,95,10980,5600,5380,1455,2037,8943,7.10432118397086,7.54400416428571,6.64665860223048,6.64430240549828,7.11315104074619,7.10230995527228,148
"150",2022,2,6.94635820895522,67,7.52611111111111,6.27309677419355,5.75,6.40363636363636,7.05296428571429,36,31,4,11,56,11047,5636,5411,1459,2048,8999,7.10336313931384,7.54388987224982,6.64451844021438,6.64185058259081,7.10934017089844,7.10200288143127,149
"151",2022,3,7.12723913043478,46,7.89273913043478,6.36173913043478,5.75,6.866,7.18223684210526,23,23,4,8,38,11093,5659,5434,1463,2056,9037,7.1034621473001,7.54530770807563,6.6433215458226,6.63941216678059,7.10839332198443,7.10234026004205,150
"152",2022,4,6.98089552238806,67,7.45128205128205,6.32571428571429,6.67428571428571,6.61090909090909,7.05357142857143,39,28,7,11,56,11160,5698,5462,1470,2067,9093,7.10272630824373,7.54466414882415,6.64169338703772,6.63957823129252,7.1057458490566,7.10203991311998,151
"153",2022,5,7.44098360655738,61,7.6475,7.04761904761905,6,8.06,7.38571428571429,40,21,3,5,56,11221,5738,5483,1473,2072,9149,7.1045651546208,7.5453810247473,6.64324809046143,6.63827562797013,7.10804858590733,7.1037762520494,152
"154",2022,6,7.05715909090909,44,7.4025,6.769375,5.75,7.75,6.987875,20,24,4,4,40,11265,5758,5507,1477,2076,9189,7.10437999112295,7.54488473775617,6.64379776284729,6.63587000677048,7.10928548651252,7.10327173032974,153
"155",2022,7,7.13918518518518,54,7.50051612903226,6.65217391304348,6.625,6.8125,7.196,31,23,4,8,46,11319,5789,5530,1481,2084,9235,7.10454603763584,7.54464714458456,6.64383260036167,6.63584064821067,7.10814619481766,7.10373361451001,154
"156",2022,8,6.88557446808511,47,7.51136363636364,6.33488,4.75,6.29285714285714,6.9893,22,25,4,7,40,11366,5811,5555,1485,2091,9275,7.10364055956361,7.54452113577698,6.64244217461746,6.63076094276094,7.1054168675275,7.10324010026954,155
"157",2022,9,7.16864406779661,59,7.6875,6.7,5.25,7.83333333333333,7.13303571428571,28,31,2,3,56,11425,5839,5586,1487,2094,9331,7.10397624507659,7.54520676828224,6.64276159684927,6.62890383322125,7.10645972779369,7.10341891865823,156
"158",2022,10,7.23125,56,7.62096774193548,6.748,6.4,7.23333333333333,7.23085106382979,31,25,5,9,47,11481,5870,5611,1492,2103,9378,7.10459703858549,7.54560686882453,6.64323049010872,6.62813672922252,7.10700269614836,7.10405757410962,157
"159",2022,11,7.20739130434783,69,7.62025,6.63793103448276,6.5,8.2,7.0772131147541,40,29,1,8,61,11550,5910,5640,1493,2111,9439,7.10521113419914,7.5461120676819,6.64320324113475,6.62805090421969,7.11114479867361,7.10388409047568,158
"160",2022,12,7.12931367647059,68,7.34166666666667,6.78628192307692,6.75,6.49888833333333,7.19032258064516,42,26,6,6,62,11618,5952,5666,1499,2117,9501,7.10535220605956,7.54466940860215,6.64385979703495,6.62853902601734,7.10940954180444,7.10444815598358,159
