"","year","month","avg_rating","no_ratings","avg_rating_owned","avg_rating_not_owned","avg_rating_prev_owned","avg_rating_comment","avg_rating_no_comment","no_ratings_owned","no_ratings_not_owned","no_ratings_prev_owned","no_ratings_comment","no_ratings_no_comment","cum_no_ratings","cum_no_ratings_owned","cum_no_ratings_not_owned","cum_no_ratings_prev_owned","cum_no_ratings_comment","cum_no_ratings_no_comment","cum_avg_rating","cum_avg_rating_owned","cum_avg_rating_not_owned","cum_avg_rating_prev_owned","cum_avg_rating_comment","cum_avg_rating_no_comment","month_after_release"
"1",2002,10,7.66666666666667,3,8,7.5,NA,7.5,8,1,2,0,2,1,3,1,2,0,2,1,7.66666666666667,8,7.5,NA,7.5,8,-7
"2",2003,1,7,2,8,6,NA,NA,7,1,1,0,0,2,5,2,3,0,2,3,7.4,8,7,NA,7.5,7.33333333333333,-4
"3",2003,3,7.5,2,7.5,NA,NA,7,8,2,0,0,1,1,7,4,3,0,3,4,7.42857142857143,7.75,7,NA,7.33333333333333,7.5,-2
"4",2003,4,8,1,8,NA,NA,NA,8,1,0,0,0,1,8,5,3,0,3,5,7.5,7.8,7,NA,7.33333333333333,7.6,-1
"5",2003,5,6.825,4,7.15,6.5,6,6.5,7.15,2,2,1,2,2,12,7,5,1,5,7,7.275,7.61428571428571,6.8,6,7,7.47142857142857,0
"6",2003,6,7.625,4,8,7.5,NA,7.75,7.5,1,3,0,2,2,16,8,8,1,7,9,7.3625,7.6625,7.0625,6,7.21428571428571,7.47777777777778,1
"7",2003,7,7.04666666666667,15,7.52,6.1,NA,7,7.05384615384615,10,5,0,2,13,31,18,13,1,9,22,7.20967741935484,7.58333333333333,6.69230769230769,6,7.16666666666667,7.22727272727273,2
"8",2003,8,6.78571428571429,7,7.75,6.4,NA,5,7.5,2,5,0,2,5,38,20,18,1,11,27,7.13157894736842,7.6,6.61111111111111,6,6.77272727272727,7.27777777777778,3
"9",2003,9,5,1,NA,5,NA,5,NA,0,1,0,1,0,39,20,19,1,12,27,7.07692307692308,7.6,6.52631578947368,6,6.625,7.27777777777778,4
"10",2003,10,7.4,5,7.66666666666667,7,7,7,7.5,3,2,1,1,4,44,23,21,2,13,31,7.11363636363636,7.60869565217391,6.57142857142857,6.5,6.65384615384615,7.30645161290323,5
"11",2003,11,7.66666666666667,3,8,7,NA,NA,7.66666666666667,2,1,0,0,3,47,25,22,2,13,34,7.14893617021277,7.64,6.59090909090909,6.5,6.65384615384615,7.33823529411765,6
"12",2003,12,7.16666666666667,9,7.8,6.375,8,7.7,6.5,5,4,1,5,4,56,30,26,3,18,38,7.15178571428571,7.66666666666667,6.55769230769231,7,6.94444444444444,7.25,7
"13",2004,1,7.33333333333333,9,7.83333333333333,6.33333333333333,6,7.33333333333333,7.33333333333333,6,3,1,3,6,65,36,29,4,21,44,7.17692307692308,7.69444444444444,6.53448275862069,6.75,7,7.26136363636364,8
"14",2004,2,6.81818181818182,11,7,6.5,NA,7.5,6.42857142857143,7,4,0,4,7,76,43,33,4,25,51,7.125,7.58139534883721,6.53030303030303,6.75,7.08,7.14705882352941,9
"15",2004,3,7.29166666666667,12,7.6,7.07142857142857,7,7.5,7.25,5,7,3,2,10,88,48,40,7,27,61,7.14772727272727,7.58333333333333,6.625,6.85714285714286,7.11111111111111,7.16393442622951,10
"16",2004,4,6.7,10,6.9,6.5,6.5,6.16666666666667,6.92857142857143,5,5,1,3,7,98,53,45,8,30,68,7.10204081632653,7.5188679245283,6.61111111111111,6.8125,7.01666666666667,7.13970588235294,11
"17",2004,5,6.59090909090909,11,7.1875,5,NA,7.2,6.08333333333333,8,3,0,5,6,109,61,48,8,35,74,7.05045871559633,7.47540983606557,6.51041666666667,6.8125,7.04285714285714,7.05405405405405,12
"18",2004,6,6.92857142857143,7,7,6.875,7.16666666666667,6.83333333333333,7,3,4,3,3,4,116,64,52,11,38,78,7.04310344827586,7.453125,6.53846153846154,6.90909090909091,7.02631578947368,7.05128205128205,13
"19",2004,7,7.57142857142857,7,7.57142857142857,NA,NA,7.5,7.66666666666667,7,0,0,4,3,123,71,52,11,42,81,7.07317073170732,7.46478873239437,6.53846153846154,6.90909090909091,7.07142857142857,7.07407407407407,14
"20",2004,8,8.25,2,8.25,NA,NA,7.5,9,2,0,0,1,1,125,73,52,11,43,82,7.092,7.48630136986301,6.53846153846154,6.90909090909091,7.08139534883721,7.09756097560976,15
"21",2004,9,6.625,4,8,6.16666666666667,NA,6.5,7,1,3,0,3,1,129,74,55,11,46,83,7.07751937984496,7.49324324324324,6.51818181818182,6.90909090909091,7.04347826086957,7.09638554216868,16
"22",2004,10,6.45,10,6.4375,6.5,6,5.66666666666667,6.78571428571429,8,2,1,3,7,139,82,57,12,49,90,7.03237410071942,7.39024390243902,6.51754385964912,6.83333333333333,6.95918367346939,7.07222222222222,17
"23",2004,11,7.41666666666667,12,7.4,7.5,8,7.66666666666667,7.16666666666667,10,2,1,6,6,151,92,59,13,55,96,7.06291390728477,7.39130434782609,6.55084745762712,6.92307692307692,7.03636363636364,7.078125,18
"24",2004,12,6.8,3,7.25,5.9,NA,7.5,6.45,2,1,0,1,2,154,94,60,13,56,98,7.05779220779221,7.38829787234043,6.54,6.92307692307692,7.04464285714286,7.06530612244898,19
"25",2005,1,6.70833333333333,12,7,6.125,6,6.71428571428571,6.7,8,4,1,7,5,166,102,64,14,63,103,7.03253012048193,7.3578431372549,6.5140625,6.85714285714286,7.00793650793651,7.04757281553398,20
"26",2005,2,6.68181818181818,11,6.66666666666667,6.7,6,6.75,6.6,6,5,1,6,5,177,108,69,15,69,108,7.01073446327684,7.31944444444444,6.52753623188406,6.8,6.98550724637681,7.02685185185185,21
"27",2005,3,6.57692307692308,13,6.85714285714286,6.25,6,6.75,6.3,7,6,1,8,5,190,115,75,16,77,113,6.98105263157895,7.29130434782609,6.50533333333333,6.75,6.96103896103896,6.99469026548673,22
"28",2005,4,7,11,8,6.16666666666667,NA,6.9,7.08333333333333,5,6,0,5,6,201,120,81,16,82,119,6.98208955223881,7.32083333333333,6.48024691358025,6.75,6.95731707317073,6.99915966386555,23
"29",2005,5,6.91666666666667,12,7.05555555555556,6.5,NA,6.83333333333333,7,9,3,0,6,6,213,129,84,16,88,125,6.97840375586854,7.30232558139535,6.48095238095238,6.75,6.94886363636364,6.9992,24
"30",2005,6,6.6875,8,7,6.5,6,6,6.78571428571429,3,5,1,1,7,221,132,89,17,89,132,6.96787330316742,7.29545454545455,6.48202247191011,6.70588235294118,6.93820224719101,6.98787878787879,25
"31",2005,7,6.375,8,6.875,5.875,NA,6.125,6.625,4,4,0,4,4,229,136,93,17,93,136,6.9471615720524,7.28308823529412,6.45591397849462,6.70588235294118,6.90322580645161,6.97720588235294,26
"32",2005,8,6.94615384615385,13,7.25,6.46,6.8,7.07142857142857,6.8,8,5,1,7,6,242,144,98,18,100,142,6.94710743801653,7.28125,6.45612244897959,6.71111111111111,6.915,6.96971830985915,27
"33",2005,9,7.5,12,7.625,7.25,7,6.5,8,8,4,2,4,8,254,152,102,20,104,150,6.97322834645669,7.29934210526316,6.48725490196078,6.74,6.89903846153846,7.02466666666667,28
"34",2005,10,6.69444444444444,18,6.96153846153846,6,6.5,6.75,6.625,13,5,1,10,8,272,165,107,21,114,158,6.95477941176471,7.27272727272727,6.46448598130841,6.72857142857143,6.8859649122807,7.00443037974683,29
"35",2005,11,6.42857142857143,14,6.88888888888889,5.6,NA,6,6.75,9,5,0,6,8,286,174,112,21,120,166,6.92902097902098,7.25287356321839,6.42589285714286,6.72857142857143,6.84166666666667,6.99216867469879,30
"36",2005,12,7,14,7.33333333333333,6.4,7,7,7,9,5,1,11,3,300,183,117,22,131,169,6.93233333333333,7.2568306010929,6.42478632478632,6.74090909090909,6.85496183206107,6.99230769230769,31
"37",2006,1,6.83333333333333,9,6.8,6.875,7.5,7.1,6.5,5,4,2,5,4,309,188,121,24,136,173,6.9294498381877,7.24468085106383,6.4396694214876,6.80416666666667,6.86397058823529,6.98092485549133,32
"38",2006,2,6.72222222222222,9,7.1,6.25,NA,6.5625,8,5,4,0,8,1,318,193,125,24,144,174,6.92358490566038,7.24093264248705,6.4336,6.80416666666667,6.84722222222222,6.9867816091954,33
"39",2006,3,7.08333333333333,12,7.1875,6.875,7,7.1,7.07142857142857,8,4,1,5,7,330,201,129,25,149,181,6.92939393939394,7.23880597014925,6.44728682170543,6.812,6.85570469798658,6.99005524861878,34
"40",2006,4,6.39285714285714,7,6.95833333333333,3,NA,6.15,7,6,1,0,5,2,337,207,130,25,154,183,6.91824925816024,7.23067632850242,6.42076923076923,6.812,6.83279220779221,6.99016393442623,35
"41",2006,5,6.625,16,6.83333333333333,6,6,6.2,6.81818181818182,12,4,1,5,11,353,219,134,26,159,194,6.90495750708215,7.20890410958904,6.40820895522388,6.78076923076923,6.81289308176101,6.98041237113402,36
"42",2006,6,6.30307692307692,13,6.335,6.28888888888889,6.125,6.625,6.16,4,9,4,4,9,366,223,143,30,163,203,6.88357923497268,7.19322869955157,6.4006993006993,6.69333333333333,6.80828220858896,6.94403940886699,37
"43",2006,7,6.14285714285714,7,7,5,NA,9,5.66666666666667,4,3,0,1,6,373,227,146,30,164,209,6.86967828418231,7.18982378854626,6.37191780821918,6.69333333333333,6.82164634146341,6.90736842105263,38
"44",2006,8,6.90769230769231,13,7.0625,6.66,7.3,6.33333333333333,7.08,8,5,1,3,10,386,235,151,31,167,219,6.8709585492228,7.18548936170213,6.38145695364238,6.71290322580645,6.81287425149701,6.91525114155251,39
"45",2006,9,7.4,10,8.2,6.6,7,7,7.8,5,5,1,5,5,396,240,156,32,172,224,6.88431818181818,7.206625,6.38846153846154,6.721875,6.81831395348837,6.935,40
"46",2006,10,6.73333333333333,15,7.33333333333333,5.83333333333333,5.75,7.25,6.14285714285714,9,6,4,8,7,411,249,162,36,180,231,6.87880778588808,7.21120481927711,6.3679012345679,6.61388888888889,6.8375,6.91099567099567,41
"47",2006,11,6.77777777777778,9,7,6.5,NA,6.625,6.9,5,4,0,4,5,420,254,166,36,184,236,6.87664285714286,7.20704724409449,6.3710843373494,6.61388888888889,6.83288043478261,6.91076271186441,42
"48",2006,12,6.686,25,6.853125,6.38888888888889,7,6.625,6.71470588235294,16,9,1,8,17,445,270,175,37,192,253,6.86593258426966,7.18607407407407,6.372,6.62432432432433,6.82421875,6.89758893280632,43
"49",2007,1,6.34347826086957,23,7.03076923076923,5.45,5.5,6.5,6.24285714285714,13,10,2,9,14,468,283,185,39,201,267,6.84025641025641,7.17893992932862,6.32216216216216,6.56666666666667,6.80970149253731,6.86325842696629,44
"50",2007,2,6.79028733333333,15,7.125,6.66857363636364,6.5,6.92857142857143,6.66928875,4,11,2,7,8,483,287,196,41,208,275,6.83870457556936,7.17818815331011,6.34160362244898,6.56341463414634,6.81370192307692,6.85761567272727,45
"51",2007,3,6.43466666666667,15,6.85333333333333,6.15555555555556,7,6.16666666666667,6.61333333333333,6,9,1,6,9,498,293,205,42,214,284,6.82653475903615,7.17153583617748,6.33343565853658,6.57380952380952,6.79556074766355,6.84987433098591,46
"52",2007,4,6.855,10,6.35,7.36,7,6.8,6.91,5,5,1,5,5,508,298,210,43,219,289,6.8270950984252,7.15775167785235,6.35787766666667,6.58372093023256,6.79566210045662,6.85091456747405,47
"53",2007,5,7.05555555555556,9,7.6,6.375,7,6.8125,9,5,4,2,8,1,517,303,214,45,227,290,6.8310721663443,7.1650495049505,6.35819771028037,6.60222222222222,6.79625550660793,6.85832520689655,48
"54",2007,6,6.9,20,7.54545454545455,6.11111111111111,6.5,7.125,6.5625,11,9,1,12,8,537,314,223,46,239,298,6.83363931098697,7.17837579617834,6.34822560538117,6.6,6.81276150627615,6.85038359060403,49
"55",2007,7,6.14666666666667,15,6,6.16923076923077,5,6.11111111111111,6.2,2,13,2,9,6,552,316,236,48,248,304,6.81497157608696,7.17091772151899,6.33836572033898,6.53333333333333,6.78729838709677,6.83754707236842,50
"56",2007,8,6.32323076923077,13,6.74314285714286,5.83333333333333,6,6.21275,6.5,7,6,3,8,5,565,323,242,51,256,309,6.80365718584071,7.16164705882353,6.32584425619835,6.50196078431373,6.76934375,6.83208514563107,51
"57",2007,9,6.453125,16,7.29545454545455,4.6,6,7,6.02777777777778,11,5,2,7,9,581,334,247,53,263,318,6.79400397590361,7.16605389221557,6.29090813765182,6.48301886792453,6.77548288973384,6.80932172955975,52
"58",2007,10,6.57333333333333,9,6.75,6.432,NA,6.22,6.75,4,5,0,3,6,590,338,252,53,266,324,6.79063781355932,7.16113017751479,6.29370757936508,6.48301886792453,6.76921804511278,6.80822317901234,53
"59",2007,11,6.70833333333333,12,7.07142857142857,6.2,6,6.66666666666667,6.75,7,5,1,6,6,602,345,257,54,272,330,6.78899719269103,7.15931014492754,6.29188447470817,6.47407407407407,6.76695588235294,6.80716457575757,54
"60",2007,12,6.590625,16,6.9,6.45,7,6.66111111111111,6.5,5,11,2,9,7,618,350,268,56,281,337,6.78386134304207,7.15560571428572,6.29837429104478,6.49285714285714,6.76356583629893,6.80078430267062,55
"61",2008,1,6.16190476190476,21,6.61666666666667,5.55555555555556,4.25,6.5,5.85454545454545,12,9,2,10,11,639,362,277,58,291,348,6.76342145539906,7.13774033149171,6.27423938628159,6.41551724137931,6.75450859106529,6.77087445402299,56
"62",2008,2,6.69166666666667,12,6.86666666666667,6.16666666666667,6.5,6.5,6.82857142857143,9,3,1,5,7,651,371,280,59,296,355,6.76209878648233,7.13116442048518,6.27308682142857,6.41694915254237,6.75020945945946,6.77201214084507,57
"63",2008,3,6.625,12,6.6875,6.5,NA,7,6.4375,8,4,0,4,8,663,379,284,59,300,363,6.75961736048265,7.12179947229552,6.27628278169014,6.41694915254237,6.75354,6.76463997245179,58
"64",2008,4,5.95833333333333,12,6.83333333333333,5.66666666666667,NA,6.5,5.6875,3,9,0,4,8,675,382,293,59,304,371,6.74537231111111,7.11953403141361,6.25755737201365,6.41694915254237,6.75020394736842,6.74141323450135,59
"65",2008,5,7.08333333333333,12,7.78571428571429,6.1,7,6.85714285714286,7.4,7,5,2,7,5,687,389,298,61,311,376,6.75127556040757,7.13152185089974,6.25491379194631,6.43606557377049,6.75261093247588,6.75017103723404,60
"66",2008,6,6.60714285714286,14,7.25,6.125,6,6.6,6.61111111111111,6,8,1,5,9,701,395,306,62,316,385,6.74839701854494,7.13332151898734,6.25151735294118,6.42903225806452,6.75019620253165,6.74692028571429,61
"67",2008,7,6.1875,24,7,5.91666666666667,5.86363636363636,6.23076923076923,6.13636363636364,6,18,11,13,11,725,401,324,73,329,396,6.72982939310345,7.13132668329177,6.23291453703704,6.34383561643836,6.7296717325228,6.72996037878788,62
"68",2008,8,6.82142857142857,21,7.72727272727273,5.825,5,6.4375,7.05769230769231,11,10,4,8,13,746,412,334,77,337,409,6.73240792225201,7.14723786407767,6.22070152694611,6.27402597402597,6.72273590504451,6.74037728606357,63
"69",2008,9,6.07894736842105,19,7.08333333333333,5.61538461538461,5.71428571428571,5.88888888888889,6.25,6,13,7,9,10,765,418,347,84,346,419,6.71617818300654,7.14632057416268,6.1980239481268,6.22738095238095,6.70104624277457,6.72867377088305,64
"70",2008,10,6.57692307692308,13,6.75,6.3,7.25,5.9,7,8,5,2,5,8,778,426,352,86,351,427,6.71385129820051,7.1388779342723,6.19947247159091,6.25116279069767,6.68963532763533,6.73375716627635,65
"71",2008,11,6.375,20,6.86363636363636,5.77777777777778,4.375,6.125,6.54166666666667,11,9,4,8,12,798,437,361,90,359,439,6.70535878446115,7.13194965675057,6.18895930747922,6.16777777777778,6.67705292479109,6.72850640091116,66
"72",2008,12,6.75714285714286,14,6.86,6.5,7,7.32,6.44444444444444,10,4,1,5,9,812,447,365,91,364,448,6.70625161330049,7.12586577181208,6.19236797260274,6.17692307692308,6.68588461538461,6.72279979910714,67
"73",2009,1,6.10714285714286,21,6.80555555555556,5.58333333333333,5.2,6.525,5.72727272727273,9,12,5,10,11,833,456,377,96,374,459,6.69114803121249,7.11954385964912,6.17298225464191,6.12604166666667,6.68158288770053,6.69894185185185,68
"74",2009,2,6.49565217391304,23,6.71818181818182,6.29166666666667,5.75,6.625,6.42666666666667,11,12,4,8,15,856,467,389,100,382,474,6.68589522196262,7.11008993576017,6.17664347043702,6.111,6.68039790575916,6.69032554852321,69
"75",2009,3,6.5,21,6.7,6.31818181818182,6.21428571428571,6.61111111111111,6.41666666666667,10,11,7,9,12,877,477,400,107,391,486,6.68144391106043,7.1014926624738,6.180535775,6.11775700934579,6.67880306905371,6.68356853909465,70
"76",2009,4,6,25,6.875,5.83333333333333,5.28571428571429,5.5,6.19444444444444,4,21,7,7,18,902,481,421,114,398,504,6.66255688470067,7.09960914760915,6.16321688836105,6.06666666666667,6.65807035175879,6.66609982142857,71
"77",2009,5,6.6875,12,6.5,6.725,6.8125,6.70833333333333,6.66666666666667,2,10,4,6,6,914,483,431,118,404,510,6.6628843654267,7.09712629399586,6.17625129930394,6.09194915254237,6.65881683168317,6.66610649019608,72
"78",2009,6,6.57142857142857,14,7,6.14285714285714,6.33333333333333,7,6.4,7,7,3,4,10,928,490,438,121,408,520,6.66150464439655,7.09573877551021,6.17571760273973,6.09793388429752,6.66216176470588,6.66098905769231,73
"79",2009,7,6.61111111111111,9,7.75,5.7,5.75,5.66666666666667,7.08333333333333,4,5,4,3,6,937,494,443,125,411,526,6.66102060832444,7.10103643724697,6.17034832957111,6.0868,6.65489537712895,6.6658066730038,74
"80",2009,8,6.64705882352941,17,7,6.53846153846154,7.66666666666667,7,6.45454545454545,4,13,3,6,11,954,498,456,128,417,537,6.66077181341719,7.10022489959839,6.18084278508772,6.123828125,6.65986091127098,6.66147916201117,75
"81",2009,9,6.38461538461539,13,6.83333333333333,6,6,6.4,6.375,6,7,3,5,8,967,504,463,131,422,545,6.65705926577042,7.09704761904762,6.17810866090713,6.12099236641221,6.65678199052133,6.65727396330275,76
"82",2009,10,6.53333333333333,18,7.16666666666667,6.21666666666667,6.28571428571429,6.91666666666667,6.34166666666667,6,12,7,6,12,985,510,475,138,428,557,6.65479828426396,7.09786666666667,6.17908275789474,6.12934782608696,6.66042523364486,6.65047452423698,77
"83",2009,11,7.0625,16,8.5,6.40909090909091,6.125,6.875,7.125,5,11,4,4,12,1001,515,486,142,432,569,6.66131499500499,7.11147961165049,6.1842887037037,6.12922535211268,6.66241203703704,6.6604820913884,78
"84",2009,12,6.05357142857143,28,6.5625,5.85,5.75,5.88888888888889,6.13157894736842,8,20,10,9,19,1029,523,506,152,441,588,6.64477775510204,7.10308221797323,6.17107571146245,6.10427631578947,6.64662585034014,6.64339168367347,79
"85",2010,1,6.35416666666667,24,7.27777777777778,5.8,5.78571428571429,6.8,6.23684210526316,9,15,7,5,19,1053,532,521,159,446,607,6.63815414055081,7.10603759398496,6.16039214971209,6.09025157232704,6.64834529147982,6.63066607907743,80
"86",2010,2,6.54166666666667,12,7.28571428571429,5.5,NA,6.5,6.55555555555556,7,5,0,3,9,1065,539,526,159,449,616,6.63706695774648,7.10837105751392,6.15411465779468,6.09025157232704,6.64735412026726,6.62956868506493,81
"87",2010,3,6.24666666666667,15,6.5,6.15454545454545,6.25,5.33333333333333,6.475,4,11,2,3,12,1080,543,537,161,452,628,6.63164473148148,7.10388950276243,6.15412348230912,6.09223602484472,6.63863274336283,6.6266151433121,82
"88",2010,4,5.85909090909091,11,6.11666666666667,5.55,5.375,4.74,6.79166666666667,6,5,2,5,6,1091,549,542,163,457,634,6.62385546287809,7.09310018214936,6.14855038745387,6.08343558282209,6.61785995623632,6.62817714511041,83
"89",2010,5,6.77777777777778,9,6.5,6.85714285714286,NA,6.33333333333333,7,2,7,0,3,6,1100,551,549,163,460,640,6.62511482727273,7.09094736842105,6.15758526411658,6.08343558282209,6.61600434782609,6.631662984375,84
"90",2010,6,5.9375,8,6.5,5.375,6,5.5,6.08333333333333,4,4,2,2,6,1108,555,553,165,462,646,6.62015009927798,7.08668828828829,6.15192461121157,6.08242424242424,6.61117316017316,6.62657013931888,85
"91",2010,7,5.92857142857143,7,7.25,5.4,4,NA,5.92857142857143,2,5,1,0,7,1115,557,558,166,462,653,6.61580834977578,7.08727468581688,6.14518693548387,6.06987951807229,6.61117316017316,6.61908776416539,86
"92",2010,8,6.13333333333333,15,6.5,5.71428571428571,5.5,6.875,5.86363636363636,8,7,6,4,11,1130,565,565,172,466,664,6.60940381415929,7.0789592920354,6.13984833628319,6.05,6.61343776824034,6.6065727560241,87
"93",2010,9,5.33333333333333,6,7,4.5,NA,6.25,3.5,2,4,0,4,2,1136,567,569,172,470,666,6.60266400528169,7.07868077601411,6.12832040421793,6.05,6.61034468085106,6.59724370870871,88
"94",2010,10,6.15384615384615,13,6.42857142857143,5.83333333333333,4.66666666666667,6.375,6.05555555555556,7,6,3,4,9,1149,574,575,175,474,675,6.59758599651871,7.07075261324042,6.12524227826087,6.02628571428571,6.60835864978903,6.5900212,89
"95",2010,11,6.97368421052632,19,7.15384615384615,6.58333333333333,4,7.8,6.67857142857143,13,6,1,5,14,1168,587,581,176,479,689,6.60370403253425,7.07259284497445,6.12997299483649,6.01477272727273,6.62079749478079,6.59182047895501,90
"96",2010,12,6.54545454545455,11,6.58333333333333,6.5,7.33333333333333,6.25,6.9,6,5,3,6,5,1179,593,586,179,485,694,6.6031605682782,7.06764249578415,6.133130221843,6.03687150837989,6.61621030927835,6.5940407925072,91
"97",2011,1,6.61304347826087,23,6.97692307692308,6.14,5.85,6.5125,6.66666666666667,13,10,4,8,15,1202,606,596,183,493,709,6.60334967554076,7.06569636963696,6.13324548657718,6.0327868852459,6.61452738336714,6.59557730606488,92
"98",2011,2,5.75,14,6.375,5.5,5.66666666666667,4.66666666666667,6.04545454545455,4,10,3,3,11,1216,610,606,186,496,720,6.59352492598684,7.06116721311475,6.12279589108911,6.02688172043011,6.60274596774193,6.58717265277778,93
"99",2011,3,6.25,16,7,5.90909090909091,6.75,6.8,6,5,11,2,5,11,1232,615,617,188,501,731,6.58906356331169,7.06066991869919,6.11898591572123,6.03457446808511,6.60471457085828,6.5783369493844,94
"100",2011,4,6.725,12,7.125,6.525,7,6.57142857142857,6.94,4,8,1,7,5,1244,619,625,189,508,736,6.59037484726688,7.06108562197092,6.124182896,6.03968253968254,6.60425590551181,6.58079389945652,95
"101",2011,5,6.48529411764706,17,7.15714285714286,6.015,NA,5.75,6.71153846153846,7,10,0,4,13,1261,626,635,189,512,749,6.58895821570182,7.06215974440895,6.12246348031496,6.03968253968254,6.59758203125,6.58306316421896,96
"102",2011,6,6.42857142857143,14,7,6,6,5.6,6.88888888888889,6,8,2,5,9,1275,632,643,191,517,758,6.58719710588235,7.06156962025316,6.1209398289269,6.03926701570681,6.58793423597679,6.58669434036939,97
"103",2011,7,6.3,10,7,6,4,8,6.11111111111111,3,7,1,1,9,1285,635,650,192,518,767,6.58496210894942,7.06127874015748,6.1196374,6.02864583333333,6.59066023166023,6.58111383311604,98
"104",2011,8,6.64545454545455,11,6.61666666666667,6.68,NA,8,6.51,6,5,0,1,10,1296,641,655,192,519,777,6.58547554783951,7.05711700468019,6.12391497709924,6.02864583333333,6.59337572254335,6.5801985971686,99
"105",2011,9,6.14285714285714,7,7,5.8,6,5.66666666666667,6.5,2,5,1,3,4,1303,643,660,193,522,781,6.58309770529547,7.05693934681182,6.12146107575758,6.02849740932643,6.58804980842912,6.57978784891165,100
"106",2011,10,6.9375,8,7.5,6.6,6.75,7.16666666666667,6.8,3,5,2,3,5,1311,646,665,195,525,786,6.58526034324943,7.05899690402477,6.12505911278195,6.03589743589744,6.59135619047619,6.58118868956743,101
"107",2011,11,6.65882352941177,17,6.75,6.60909090909091,6.6,6.33333333333333,6.72857142857143,6,11,5,3,14,1328,652,676,200,528,800,6.58620204066265,7.05615337423313,6.13293536982249,6.05,6.58989015151515,6.5837678875,102
"108",2011,12,6.325,4,6.4,6.25,6,6.15,6.5,2,2,1,2,2,1332,654,678,201,530,802,6.58541765015015,7.05414678899083,6.13328069321534,6.0497512437811,6.58823018867924,6.58355899002494,103
"109",2012,1,6.46666666666667,15,7,5.66666666666667,5.25,6.33333333333333,6.55555555555556,9,6,4,6,9,1347,663,684,205,536,811,6.58409525612472,7.05341176470588,6.1291875877193,6.03414634146342,6.58537686567164,6.5832482244143,104
"110",2012,2,5.87333333333333,15,6.25,5.73636363636364,6,7,5.79285714285714,4,11,3,1,14,1362,667,695,208,537,825,6.57626748164464,7.04859370314843,6.12297023021583,6.03365384615385,6.58614897579143,6.56983552727273,105
"111",2012,3,7.125,12,6.92857142857143,7.4,6.66666666666667,7.125,7.125,7,5,3,4,8,1374,674,700,211,541,833,6.58105990538574,7.0473471810089,6.13209187142857,6.04265402843602,6.59013308687615,6.57516723889556,106
"112",2012,4,6.5,6,6,7,6.5,6.25,6.625,3,3,1,2,4,1380,677,703,212,543,837,6.58070747101449,7.04270605612999,6.13579560455192,6.04481132075472,6.5888802946593,6.57540538829152,107
"113",2012,5,6.47142857142857,7,6.73333333333333,6.275,6,6.25,6.56,3,4,1,2,5,1387,680,707,213,545,842,6.58015595529921,7.04134117647059,6.1365831824611,6.04460093896714,6.58763669724771,6.57531390736342,108
"114",2012,6,5.88888888888889,9,6,5.75,7.5,6.5,5.71428571428571,5,4,1,2,7,1396,685,711,214,547,849,6.57569936246418,7.0337401459854,6.13440831223629,6.05140186915888,6.58731627056673,6.56821473498233,109
"115",2012,7,6.40166666666667,12,5.95,6.72428571428571,5,NA,6.40166666666667,5,7,1,0,12,1408,690,718,215,547,861,6.57421612926136,7.02588695652174,6.14015920612813,6.04651162790698,6.58731627056673,6.56589350754936,110
"116",2012,8,6.85714285714286,7,7.75,5.66666666666667,NA,7.66666666666667,6.25,4,3,0,3,4,1415,694,721,215,550,865,6.57561576678445,7.03006051873199,6.13818905686546,6.04651162790698,6.59320363636364,6.5644327283237,111
"117",2012,9,6.16666666666667,6,6.75,5.875,5.83333333333333,5,6.4,2,4,3,1,5,1421,696,725,218,551,870,6.57388902885292,7.02925574712644,6.13673697931035,6.04357798165138,6.59031215970962,6.56348771264368,112
"118",2012,10,6.25,16,6.66666666666667,6,7.16666666666667,6.33333333333333,6.23076923076923,6,10,3,3,13,1437,702,735,221,554,883,6.57028274878218,7.0261566951567,6.1348766122449,6.05882352941177,6.58892057761733,6.55858925254813,113
"119",2012,11,6.72222222222222,9,7.4,5.875,6.75,7,6.6875,5,4,2,1,8,1446,707,739,223,555,891,6.57122843015214,7.02880056577086,6.1334699729364,6.06502242152466,6.58966126126126,6.5597467003367,114
"120",2012,12,5.55,10,6.66666666666667,5.07142857142857,NA,5.875,5.33333333333333,3,7,0,4,6,1456,710,746,223,559,897,6.56421449862637,7.02727042253521,6.12350443699732,6.06502242152466,6.58454740608229,6.5515432664437,115
"121",2013,1,6.47,10,6.74,6.2,6.33333333333333,7.33333333333333,6.1,5,5,3,3,7,1466,715,751,226,562,904,6.56357183492497,7.02526153846154,6.12401372836218,6.06858407079646,6.58854448398576,6.54804680309734,116
"122",2013,2,6.52,5,7.55,5.83333333333333,6.75,5,7.53333333333333,2,3,2,2,3,1471,717,754,228,564,907,6.563423732155,7.02672524407252,6.12285717506631,6.07456140350877,6.58291134751773,6.55130574421169,117
"123",2013,3,5.20833333333333,12,7.25,4.8,5.5,5,5.22727272727273,2,10,2,1,11,1483,719,764,230,565,918,6.55245873904248,7.02734631432545,6.10554229057592,6.06956521739131,6.58010973451327,6.5354404248366,118
"124",2013,4,6.25,4,6,6.5,6,NA,6.25,2,2,1,0,4,1487,721,766,231,565,922,6.55164513113652,7.02449653259362,6.10657220626632,6.06926406926407,6.58010973451327,6.53420207158351,119
"125",2013,5,7.24,5,8,6.1,6,8,7.05,3,2,1,1,4,1492,724,768,232,566,926,6.55395195040215,7.02853867403315,6.10655509114583,6.06896551724138,6.5826183745583,6.53643014038877,120
"126",2013,6,6,6,7,5.5,5,6,6,2,4,1,2,4,1498,726,772,233,568,930,6.55173318424566,7.02846005509642,6.10341231865285,6.06437768240343,6.58056690140845,6.53412291397849,121
"127",2013,7,6,7,8,5.66666666666667,5.75,5.25,7,1,6,4,4,3,1505,727,778,237,572,933,6.5491669833887,7.02979642365887,6.10004410025707,6.05907172995781,6.57126223776224,6.53562091103966,122
"128",2013,8,7.125,4,7.33333333333333,6.5,6.5,6.5,7.33333333333333,3,1,1,1,3,1509,730,779,238,573,936,6.55069337972167,7.03104383561644,6.1005575224647,6.0609243697479,6.57113787085515,6.53817768162393,123
"129",2013,9,6.09090909090909,11,7,5,5,6.75,5.3,6,5,2,6,5,1520,736,784,240,579,941,6.54736599342105,7.03079076086957,6.09353866071429,6.05208333333333,6.57299136442141,6.53159862911796,124
"130",2013,10,5.97222222222222,9,7,5.67857142857143,6,5,6.09375,2,7,2,1,8,1529,738,791,242,580,949,6.54398058207979,7.03070731707317,6.08986638432364,6.05165289256198,6.57027931034483,6.52790759747102,125
"131",2013,11,6.05,10,5.33333333333333,6.35714285714286,5.875,6.25,6,3,7,4,2,8,1539,741,798,246,582,957,6.5407708317089,7.02383535762483,6.09221091478697,6.04878048780488,6.56917869415807,6.52349457680251,126
"132",2013,12,5.89583333333333,12,6.35,5.57142857142857,6,5.83333333333333,5.91666666666667,5,7,2,3,9,1551,746,805,248,585,966,6.53578098646035,7.01931903485255,6.08768237267081,6.04838709677419,6.56540512820513,6.51784090062112,127
"133",2014,1,6.41666666666667,12,6.42857142857143,6.4,6.125,6,6.55555555555556,7,5,4,3,9,1563,753,810,252,588,975,6.53486648112604,7.01382735723772,6.08961025925926,6.04960317460318,6.56252040816326,6.51818903589744,128
"134",2014,2,6,9,6.7,5.125,5,5.25,6.21428571428571,5,4,1,2,7,1572,758,814,253,590,982,6.53180426844784,7.01175725593668,6.08487015970516,6.04545454545455,6.55807118644068,6.51602271894094,129
"135",2014,3,6.02857142857143,7,6.55,5.33333333333333,7,5.66666666666667,6.3,4,3,1,3,4,1579,762,817,254,593,986,6.52957334388854,7.00933333333333,6.08211053855569,6.0492125984252,6.55356155143339,6.51514635902637,130
"136",2014,4,5.82142857142857,7,7.08333333333333,4.875,5,6.5,5.70833333333333,3,4,1,1,6,1586,765,821,255,594,992,6.52644786254729,7.00962352941176,6.07622936662607,6.04509803921569,6.55347138047138,6.51026644153226,131
"137",2014,5,6.29857142857143,7,7.045,6,6,6.69666666666667,6,2,5,5,3,4,1593,767,826,260,597,996,6.525446522285,7.00971577574967,6.07576792978208,6.04423076923077,6.55419095477387,6.50821717871486,132
"138",2014,6,6.5,5,6.83333333333333,6,6,6,6.625,3,2,1,1,4,1598,770,828,261,598,1000,6.52536690237797,7.00902857142857,6.07558491545894,6.04406130268199,6.55326421404682,6.50868431,133
"139",2014,7,6.75,2,7.5,6,NA,NA,6.75,1,1,0,0,2,1600,771,829,261,598,1002,6.52564769375,7.00966536964981,6.07549373944511,6.04406130268199,6.55326421404682,6.50916597804391,134
"140",2014,8,6.78,5,8,5.96666666666667,6.45,7.5,6.3,2,3,2,2,3,1605,773,832,263,600,1005,6.52644006853583,7.0122276843467,6.07510133413462,6.04714828897339,6.55642,6.50854160199005,135
"141",2014,9,4.95454545454545,11,5.16666666666667,4.875,5,4,5.16666666666667,3,8,1,2,9,1616,776,840,264,602,1014,6.51574029084158,7.00509278350516,6.06367179761905,6.04318181818182,6.547926910299,6.49663146942801,136
"142",2014,10,6.21666666666667,6,6.76666666666667,5.66666666666667,6,6.5,6.16,3,3,2,1,5,1622,779,843,266,603,1019,6.51463397657213,7.00417458279846,6.06225896797153,6.04285714285714,6.54784742951907,6.49497969578018,137
"143",2014,11,5.5,2,NA,5.5,NA,NA,5.5,0,2,0,0,2,1624,779,845,266,603,1021,6.5133844273399,7.00417458279846,6.06092817751479,6.04285714285714,6.54784742951907,6.49303066601371,138
"144",2014,12,6.475,4,7,6.3,5.4,5.4,6.83333333333333,1,3,1,1,3,1628,780,848,267,604,1024,6.51329011670762,7.00416923076923,6.0617739504717,6.04044943820225,6.54594701986755,6.49402764648437,139
"145",2015,1,6,8,5.66666666666667,6.2,6,6,6,3,5,2,2,6,1636,783,853,269,606,1030,6.5107801405868,6.99904469987229,6.0625841852286,6.04014869888476,6.54414521452145,6.49114981553398,140
"146",2015,2,6.33333333333333,3,6,7,NA,6,6.5,2,1,0,1,2,1639,785,854,269,607,1032,6.51045534472239,6.99649936305733,6.0636818618267,6.04014869888476,6.54324876441516,6.49116696705426,141
"147",2015,3,5.60714285714286,7,7,5.375,5.16666666666667,6,5.45,1,6,3,2,5,1646,786,860,272,609,1037,6.50661379708384,6.99650381679389,6.05887710465116,6.03051470588236,6.54146469622332,6.4861468756027,142
"148",2015,4,6.25,6,6.66666666666667,5.83333333333333,4,4,6.7,3,3,1,1,5,1652,789,863,273,610,1042,6.50568178571429,6.99524968314322,6.05809305909618,6.02307692307693,6.53729836065574,6.48717304222649,143
"149",2015,5,6.0625,8,6.5,5.8,5.5,6.5,6,3,5,2,1,7,1660,792,868,275,611,1049,6.50354596987952,6.99337373737374,6.05660634792627,6.01927272727273,6.53723731587561,6.48392212583413,144
"150",2015,6,7,2,7,NA,NA,6,8,2,0,0,1,1,1662,794,868,275,612,1050,6.50414338748496,6.99339042821159,6.05660634792627,6.01927272727273,6.53635947712418,6.48536600952381,145
"151",2015,7,6.9,5,7.125,6,NA,NA,6.9,4,1,0,0,5,1667,798,869,275,612,1055,6.50533071985603,6.99405012531328,6.05654120828538,6.01927272727273,6.53635947712418,6.48733109952607,146
"152",2015,8,6.18333333333333,6,7.05,5.75,6.25,NA,6.18333333333333,2,4,2,0,6,1673,800,873,277,612,1061,6.50417591751345,6.99419,6.05513666666667,6.02093862815885,6.53635947712418,6.48561197926484,147
"153",2015,9,5.58333333333333,6,7,5.3,7,6.5,5.125,1,5,1,2,4,1679,801,878,278,614,1065,6.50088523525908,6.99419725343321,6.05083634396355,6.02446043165468,6.53624104234528,6.48050169953052,148
"154",2015,10,6,3,6,NA,NA,5.5,7,3,0,0,2,1,1682,804,878,278,616,1066,6.4999918608799,6.99048756218906,6.05083634396355,6.02446043165468,6.53287662337662,6.48098903377111,149
"155",2015,11,5.705,10,6.2625,5.33333333333333,4,5,5.88125,4,6,2,2,8,1692,808,884,280,618,1074,6.49529332742317,6.98688366336634,6.04596641402715,6.01,6.52791585760518,6.47652170391061,150
"156",2015,12,5.18,5,6.46666666666667,3.25,8,6,4.63333333333333,3,2,1,2,3,1697,811,886,281,620,1077,6.49141797878609,6.98495930949445,6.03965497742664,6.01708185053381,6.52621290322581,6.47138747446611,151
"157",2016,1,5.55,7,5.625,5.52,4,NA,5.55,2,5,1,0,7,1704,813,891,282,620,1084,6.48755065140845,6.98161377613776,6.03673884399551,6.00992907801419,6.52621290322581,6.46543755535055,152
"158",2016,2,6.5,7,6.25,6.83333333333333,6,6,6.7,4,3,1,2,5,1711,817,894,283,622,1089,6.48760158386908,6.97803182374541,6.03941197986577,6.00989399293286,6.52452090032154,6.46651451790634,153
"159",2016,3,7.5,2,7.5,NA,NA,8,7,2,0,0,1,1,1713,819,894,283,623,1090,6.48878360186807,6.97930647130647,6.03941197986577,6.00989399293286,6.52688924558587,6.46700395412844,154
"160",2016,4,6.25555555555556,9,6.5,6.06,6.26666666666667,7,6.1625,4,5,3,1,8,1722,823,899,286,624,1098,6.48756463995354,6.97697691373026,6.03952648498332,6.01258741258741,6.52764743589744,6.46478534608379,155
"161",2016,5,5.8,5,NA,5.8,6,6,5.75,0,5,1,1,4,1727,823,904,287,625,1102,6.48557400694846,6.97697691373026,6.03820167035398,6.01254355400697,6.5268032,6.46219084392014,156
"162",2016,6,6,7,7,5.25,NA,6,6,3,4,0,1,6,1734,826,908,287,626,1108,6.48361378892734,6.97706053268765,6.03472941629956,6.01254355400697,6.52596166134185,6.45968800541516,157
"163",2016,7,6,2,7,5,NA,NA,6,1,1,0,0,2,1736,827,909,287,626,1110,6.48305663018433,6.97708827085853,6.03359110011001,6.01254355400697,6.52596166134185,6.45885973873874,158
"164",2016,8,5.1,5,NA,5.1,6,4,5.375,0,5,1,1,4,1741,827,914,288,627,1114,6.47908461229179,6.97708827085853,6.02848392778993,6.0125,6.52193301435407,6.45496796229803,159
"165",2016,9,8,1,8,NA,NA,NA,8,1,0,0,0,1,1742,828,914,288,627,1115,6.47995769804822,6.97832367149759,6.02848392778993,6.0125,6.52193301435407,6.45635364125561,160
"166",2016,10,6.69,5,7.75,5.98333333333333,5.98333333333333,9,6.1125,2,3,3,1,4,1747,830,917,291,628,1119,6.48055884945621,6.98018313253012,6.02833621592148,6.01219931271478,6.52587898089172,6.4551244950849,161
"167",2016,11,5,1,5,NA,NA,NA,5,1,0,0,0,1,1748,831,917,291,628,1120,6.47971184782609,6.97780024067389,6.02833621592148,6.01219931271478,6.52587898089172,6.45382527678572,162
"168",2016,12,6.25,3,6.75,6,6,6,6.375,1,2,1,1,2,1751,832,919,292,629,1122,6.4793182809823,6.97752644230769,6.0282745484222,6.01215753424658,6.52504292527822,6.45368476827095,163
"169",2017,1,6.448,6,6.72933333333333,6.16666666666667,6.16666666666667,6.672,6,3,3,3,4,2,1757,835,922,295,633,1124,6.47921133181559,6.97663473053892,6.02872484815618,6.01372881355933,6.52597156398104,6.4528775,164
"170",2017,2,6.25,6,7.33333333333333,5.16666666666667,6,4.5,7.125,3,3,1,2,4,1763,838,925,296,635,1128,6.47843125921724,6.97791169451074,6.02592898378378,6.01368243243244,6.5195905511811,6.45526091312057,165
"171",2017,3,5.25,4,8,4.33333333333333,4.5,4,5.66666666666667,1,3,2,1,3,1767,839,928,298,636,1131,6.47565043010753,6.97912991656734,6.02045723060345,6.00352348993289,6.51562893081761,6.45316915119363,166
"172",2017,4,6.375,4,5.5,6.66666666666667,NA,6,6.5,1,3,0,1,3,1771,840,931,298,637,1134,6.47542309994353,6.97736904761905,6.02253953813104,6.00352348993289,6.51481946624804,6.45329304232804,167
"173",2017,5,6.4,5,6.5,6,NA,8,6,4,1,0,1,4,1776,844,932,298,638,1138,6.47521076013513,6.97510663507109,6.02251535407725,6.00352348993289,6.5171473354232,6.45169974516696,168
"174",2017,6,5.81428571428571,7,6.23333333333333,5.5,NA,NA,5.81428571428571,3,4,0,0,7,1783,847,936,298,638,1145,6.47261598990466,6.97247933884298,6.02028238247863,6.00352348993289,6.5171473354232,6.44780289082969,169
"175",2017,7,4.375,4,NA,4.375,4,NA,4.375,0,4,1,0,4,1787,847,940,299,638,1149,6.4679207106883,6.97247933884298,6.01328118085106,5.99682274247492,6.5171473354232,6.44058686684073,170
"176",2017,8,5.1875,8,6.33333333333333,4.5,5.25,6.25,4.83333333333333,3,5,2,2,6,1795,850,945,301,640,1155,6.46221410027855,6.97022352941176,6.0052744021164,5.99186046511628,6.5163125,6.4322374978355,171
"177",2017,9,6.33333333333333,3,7.5,4,4,4,7.5,2,1,1,1,2,1798,852,946,302,641,1157,6.46199906006674,6.97146713615024,6.00315466173361,5.98526490066225,6.51238689547582,6.43408324114088,172
"178",2017,10,6.825,4,6.8,6.83333333333333,NA,6.25,7.4,1,3,0,2,2,1802,853,949,302,643,1159,6.46280483351831,6.97126611957796,6.00577904109589,5.98526490066225,6.51157076205288,6.43575005176877,173
"179",2017,11,8.25,2,8.25,NA,NA,7.5,9,2,0,0,1,1,1804,855,949,302,644,1160,6.46478620288248,6.97425730994152,6.00577904109589,5.98526490066225,6.51310559006211,6.43796061206897,174
"180",2017,12,7,1,7,NA,NA,7,NA,1,0,0,1,0,1805,856,949,302,645,1160,6.46508272022161,6.97428738317757,6.00577904109589,5.98526490066225,6.51386046511628,6.43796061206897,175
"181",2018,1,6.5,6,7,6,5,6,6.6,3,3,1,1,5,1811,859,952,303,646,1165,6.46519840419658,6.97437718277066,6.00576082983193,5.98201320132014,6.51306501547988,6.43865606008584,176
"182",2018,2,5.63333333333333,3,NA,5.63333333333333,6,NA,5.63333333333333,0,3,1,0,3,1814,859,955,304,646,1168,6.46382266262404,6.97437718277066,6.00459090052356,5.98207236842106,6.51306501547988,6.43658759417808,177
"183",2018,3,6.29166666666667,6,6.375,6.25,6,5.375,6.75,2,4,1,2,4,1820,861,959,305,648,1172,6.46325511538461,6.97298490127759,6.00561450469239,5.98213114754099,6.5095524691358,6.43765726109215,178
"184",2018,4,6.075,4,8,5.43333333333333,6,5,6.43333333333333,1,3,1,1,3,1824,862,962,306,649,1175,6.46240367872807,6.97417633410673,6.00382984407484,5.98218954248366,6.50722650231125,6.4376462212766,179
"185",2018,5,6,6,7.66666666666667,4.33333333333333,2,6,6,3,3,1,1,5,1830,865,965,307,650,1180,6.4608876010929,6.97657803468208,5.99863659067357,5.96921824104235,6.50644615384615,6.43579178813559,180
"186",2018,6,6.25,4,7,5.5,NA,NA,6.25,2,2,0,0,4,1834,867,967,307,650,1184,6.46042764994547,6.97663206459054,5.99760528438469,5.96921824104235,6.50644615384615,6.43516411317568,181
"187",2018,7,6.33333333333333,3,7,5,NA,6,7,2,1,0,2,1,1837,869,968,307,652,1185,6.46022009254219,6.97668584579977,5.99657470041322,5.96921824104235,6.50489263803681,6.43564076793249,182
"188",2018,8,7,4,6.33333333333333,9,9,6.5,7.5,3,1,1,2,2,1841,872,969,308,654,1187,6.46139288973384,6.97447247706422,5.99967421052632,5.97905844155844,6.50487767584098,6.43743412805392,183
"189",2018,9,5.5,3,7,4.75,6.5,NA,5.5,1,2,1,0,3,1844,873,971,309,654,1190,6.45982880151844,6.97450171821306,5.99710021627188,5.98074433656958,6.50487767584098,6.4350708487395,184
"190",2018,10,5.66666666666667,3,NA,5.66666666666667,NA,7,5,0,3,0,1,2,1847,873,974,309,655,1192,6.45854050351922,6.97450171821306,5.99608245379877,5.98074433656958,6.50563358778626,6.43266301174497,185
"191",2018,11,7.2,5,7,7.5,NA,7.75,6.83333333333333,3,2,0,2,3,1852,876,976,309,657,1195,6.46054228401728,6.97458904109589,5.99916425204918,5.98074433656958,6.50942161339422,6.43366887866109,186
"192",2018,12,6,1,6,NA,NA,6,NA,1,0,0,1,0,1853,877,976,309,658,1195,6.46029374527793,6.97347776510832,5.99916425204918,5.98074433656958,6.50864741641337,6.43366887866109,187
"193",2019,1,6.25,6,6.83333333333333,5.66666666666667,5,7,6.1,3,3,1,1,5,1859,880,979,310,659,1200,6.45961501344809,6.973,5.99814536261491,5.97758064516129,6.50939301972686,6.43227859166667,188
"194",2019,2,6.775,4,8,6.36666666666667,6,6,7.03333333333333,1,3,1,1,3,1863,881,982,311,660,1203,6.46029216854536,6.97416572077185,5.99927119144603,5.97765273311897,6.50862121212121,6.43377748129676,189
"195",2019,3,6.15,5,7,5.9375,5.75,6,6.1875,1,4,1,1,4,1868,882,986,312,661,1207,6.45946162205567,6.97419501133787,5.99902059837728,5.97692307692308,6.5078517397882,6.43296131731566,190
"196",2019,4,6.75,4,7.5,6,6,NA,6.75,2,2,1,0,4,1872,884,988,313,661,1211,6.46008243055555,6.97538461538462,5.99902258097166,5.97699680511182,6.5078517397882,6.4340085136251,191
"197",2019,5,7,1,7,NA,NA,NA,7,1,0,0,0,1,1873,885,988,313,661,1212,6.46037069407368,6.97541242937853,5.99902258097166,5.97699680511182,6.5078517397882,6.43447550330033,192
"198",2019,6,5.75,4,6,5.5,NA,6,5.66666666666667,2,2,0,1,3,1877,887,990,313,662,1215,6.45885685135855,6.97321307779031,5.99801445454545,5.97699680511182,6.50708459214501,6.43257967901235,193
"199",2019,7,7,1,7,NA,NA,NA,7,1,0,0,0,1,1878,888,990,313,662,1216,6.459145,6.97324324324324,5.99801445454545,5.97699680511182,6.50708459214501,6.43304630756579,194
"200",2019,8,6.75,4,8,5.5,4,4,7.66666666666667,2,2,1,1,3,1882,890,992,314,663,1219,6.45976318278427,6.97555056179775,5.99701039314516,5.97070063694268,6.50330316742081,6.43608228876128,195
"201",2019,9,4.8,5,7,3.33333333333333,2,4.5,5,2,3,1,2,3,1887,892,995,315,665,1222,6.45536529411765,6.97560538116592,5.98897920603015,5.95809523809524,6.49727819548872,6.43255671849427,196
"202",2019,10,6.05,5,6,6.0625,6,5,6.3125,1,4,3,1,4,1892,893,999,318,666,1226,6.45429403276956,6.97451287793953,5.98927358358358,5.95849056603774,6.49503003003003,6.43216501631322,197
"203",2019,11,6.36,5,6.26666666666667,6.5,NA,6.4,6.33333333333333,3,2,0,2,3,1897,896,1001,318,668,1229,6.45404549815498,6.97214285714286,5.99029401598402,5.95849056603774,6.49474550898204,6.43192376729048,198
"204",2019,12,6.075,4,8.65,3.5,NA,8.65,3.5,2,2,0,2,2,1901,898,1003,318,670,1231,6.45324792740663,6.97587973273942,5.98532832502493,5.95849056603774,6.50117910447761,6.42716028432169,199
"205",2020,1,6.2,5,6,6.25,6,5,6.5,1,4,2,1,4,1906,899,1007,320,671,1235,6.45258358342078,6.97479421579533,5.98637965243297,5.95875,6.49894187779434,6.42739620242915,200
"206",2020,2,6,1,NA,6,6,NA,6,0,1,1,0,1,1907,899,1008,321,671,1236,6.45234625589932,6.97479421579533,5.98639316468254,5.9588785046729,6.49894187779434,6.42705041262136,201
"207",2020,3,6.66666666666667,6,6.5,7,7,NA,6.66666666666667,4,2,2,0,6,1913,903,1010,323,671,1242,6.4530184579195,6.97269102990033,5.98840030693069,5.96532507739938,6.49894187779434,6.42820797906603,202
"208",2020,4,6.185333,10,6.55047571428571,5.33333333333333,5.5,4,6.42814777777778,7,3,2,1,9,1923,910,1013,325,672,1251,6.45162643785751,6.96944321978022,5.98646032576505,5.96246153846154,6.49522321428571,6.42820754596323,203
"209",2020,5,7.125,4,7.125,NA,NA,NA,7.125,4,0,0,0,4,1927,914,1013,325,672,1255,6.45302420342501,6.97012399343545,5.98646032576505,5.96246153846154,6.49522321428571,6.43042839840638,204
"210",2020,6,6.125,4,6.33333333333333,5.5,NA,NA,6.125,3,1,0,0,4,1931,917,1014,325,672,1259,6.45234471258415,6.96804070883315,5.98598058185404,5.96246153846154,6.49522321428571,6.42945801429706,205
"211",2020,7,7,5,7.66666666666667,6,NA,8,6.75,3,2,0,1,4,1936,920,1016,325,673,1263,6.45375911157025,6.97031883695652,5.98600817913386,5.96246153846154,6.49745913818722,6.43047319081552,206
"212",2020,8,6.25,2,6.25,NA,NA,NA,6.25,2,0,0,0,2,1938,922,1016,325,673,1265,6.45354883384933,6.96875632321041,5.98600817913386,5.96246153846154,6.49745913818722,6.43018785770751,207
"213",2020,9,5,1,5,NA,NA,NA,5,1,0,0,0,1,1939,923,1016,325,673,1266,6.45279919546158,6.96662332611051,5.98600817913386,5.96246153846154,6.49745913818722,6.42905816745656,208
"214",2020,10,5.844445,8,6.77778,5.53333333333333,6,NA,5.844445,2,6,1,0,8,1947,925,1022,326,673,1274,6.45029953775038,6.96621501621622,5.98335059686888,5.96257668711657,6.49745913818722,6.42538712715856,209
"215",2020,11,5.86666666666667,6,7.2,5.6,7,7,5.64,1,5,2,1,5,1953,926,1027,328,674,1279,6.44850650281618,6.9664674838013,5.98148423563778,5.96890243902439,6.49820474777448,6.42231681000782,210
"216",2020,12,6,4,7,5,6,NA,6,2,2,1,0,4,1957,928,1029,329,674,1283,6.44758978027593,6.96653975215517,5.97957658892128,5.96899696048632,6.49820474777448,6.42100015588465,211
"217",2021,1,5,4,6,4.66666666666667,5,4.66666666666667,6,1,3,1,3,1,1961,929,1032,330,677,1284,6.44463702192759,6.96549934337998,5.97575999031008,5.96606060606061,6.49008862629247,6.4206722741433,212
"218",2021,2,6.5,3,7.25,5,NA,NA,6.5,2,1,0,0,3,1964,931,1033,330,677,1287,6.4447215885947,6.96611051557465,5.9748154017425,5.96606060606061,6.49008862629247,6.42085718725719,213
"219",2021,3,5.5,2,NA,5.5,NA,8,3,0,2,0,1,1,1966,931,1035,330,678,1288,6.44376052899288,6.96611051557465,5.97389788405797,5.96606060606061,6.49231563421829,6.41820124223603,214
"220",2021,4,5.3,2,4,6.6,6.6,NA,5.3,1,1,1,0,2,1968,932,1036,331,678,1290,6.44259817073171,6.96292799356223,5.97450222972973,5.96797583081571,6.49231563421829,6.41646759689923,215
"221",2021,5,6.5,3,6.75,6,NA,NA,6.5,2,1,0,0,3,1971,934,1037,331,678,1293,6.44268554033485,6.96247204496788,5.97452681774349,5.96797583081571,6.49231563421829,6.41666140757927,216
"222",2021,7,6.125,4,NA,6.125,5.75,7.5,5.66666666666667,0,4,2,1,3,1975,934,1041,333,679,1296,6.44204212658228,6.96247204496788,5.97510500480307,5.96666666666667,6.49379970544919,6.41492530864198,218
"223",2021,8,5.875,8,6.25,5.75,6,4,6.14285714285714,2,6,1,1,7,1983,936,1047,334,680,1303,6.43975451336359,6.96094966880342,5.97381500477555,5.96676646706587,6.49013235294118,6.4134636991558,219
"224",2021,9,6.21428571428571,7,6.83333333333333,5.75,NA,8,5.91666666666667,3,4,0,1,6,1990,939,1051,334,681,1309,6.43896140703518,6.96054194888179,5.97296318744053,5.96676646706587,6.49234948604993,6.41118655462185,220
"225",2021,10,4,1,NA,4,NA,4,NA,0,1,0,1,0,1991,939,1052,334,682,1309,6.43773641386238,6.96054194888179,5.97108774714829,5.96676646706587,6.48869501466276,6.41118655462185,221
"226",2021,11,6,1,NA,6,6,6,NA,0,1,1,1,0,1992,939,1053,335,683,1309,6.43751666666667,6.96054194888179,5.97111520417854,5.96686567164179,6.48797950219619,6.41118655462185,222
"227",2021,12,6.16666666666667,3,6.75,5,NA,6.5,6,2,1,0,1,2,1995,941,1054,335,684,1311,6.43710937343358,6.96009446333688,5.97019384250474,5.96686567164179,6.48799707602339,6.41055926773456,223
"228",2022,1,6.6,8,7.16,5.66666666666667,NA,5.5,6.96666666666667,5,3,0,2,6,2003,946,1057,335,686,1317,6.43775996005991,6.96115104651163,5.96933236518448,5.96686567164179,6.4851166180758,6.4130927866363,224
"229",2022,2,6.35555555555556,9,6.83333333333333,5.4,4,8.5,5.74285714285714,6,3,1,2,7,2012,952,1060,336,688,1324,6.43739224652087,6.96034547268908,5.96772104716981,5.96101190476191,6.4909738372093,6.40954924471299,225
"230",2022,3,6.16,1,NA,6.16,NA,6.16,NA,0,1,0,1,0,2013,952,1061,336,689,1324,6.43725444610035,6.96034547268908,5.96790227144204,5.96101190476191,6.49049346879536,6.40954924471299,226
"231",2022,4,4,1,NA,4,4,4,NA,0,1,1,1,0,2014,952,1062,337,690,1324,6.43604428997021,6.96034547268908,5.96604925612053,5.95519287833828,6.48688405797101,6.40954924471299,227
"232",2022,5,6.33333333333333,3,8,5.5,NA,NA,6.33333333333333,1,2,0,0,3,2017,953,1064,337,690,1327,6.43589152206247,6.96143640083945,5.96517322368421,5.95519287833828,6.48688405797101,6.40937694046722,228
"233",2022,6,6,3,7,5.5,6,NA,6,1,2,1,0,3,2020,954,1066,338,690,1330,6.43524415841584,6.96147682389937,5.96430047842401,5.95532544378698,6.48688405797101,6.40845353383459,229
"234",2022,7,6.60714285714286,7,6.66666666666667,6.5625,NA,6,6.70833333333333,3,4,0,1,6,2027,957,1070,338,691,1336,6.4358377898372,6.96055265412748,5.96653673831776,5.95532544378698,6.48617945007236,6.4098002994012,230
"235",2022,8,6.74444444444444,9,7,6.7125,6.16666666666667,8.5,6.525,1,8,3,1,8,2036,958,1078,341,692,1344,6.43720196463654,6.9605938308977,5.97207264378479,5.95718475073314,6.48908959537572,6.41048601190476,231
"236",2022,9,5.83333333333333,3,NA,5.83333333333333,4,NA,5.83333333333333,0,3,1,0,3,2039,958,1081,342,692,1347,6.43631348700343,6.9605938308977,5.971687613321,5.95146198830409,6.48908959537572,6.4092005939124,232
"237",2022,10,7.5615,2,8,7.123,NA,NA,7.5615,1,1,0,0,2,2041,959,1082,342,692,1349,6.43741607055365,6.96167767466111,5.9727516728281,5.95146198830409,6.48908959537572,6.41090896960712,233
"238",2022,11,6.125,4,10,4.83333333333333,5.25,8.25,4,1,3,2,2,2,2045,960,1085,344,694,1351,6.43680498777506,6.96484259375,5.96960120737327,5.94738372093023,6.49416426512968,6.40733989637306,234
"239",2022,12,5.29,5,6.225,4.66666666666667,NA,NA,5.29,2,3,0,0,5,2050,962,1088,344,694,1356,6.43400790243902,6.96330445945946,5.96600855698529,5.94738372093023,6.49416426512968,6.40321991150443,235
