"","year","month","avg_rating","no_ratings","avg_rating_owned","avg_rating_not_owned","avg_rating_prev_owned","avg_rating_comment","avg_rating_no_comment","no_ratings_owned","no_ratings_not_owned","no_ratings_prev_owned","no_ratings_comment","no_ratings_no_comment","cum_no_ratings","cum_no_ratings_owned","cum_no_ratings_not_owned","cum_no_ratings_prev_owned","cum_no_ratings_comment","cum_no_ratings_no_comment","cum_avg_rating","cum_avg_rating_owned","cum_avg_rating_not_owned","cum_avg_rating_prev_owned","cum_avg_rating_comment","cum_avg_rating_no_comment","month_after_release"
"1",2001,5,9,1,9,NA,NA,9,NA,1,0,0,1,0,1,1,0,0,1,0,9,9,NA,NA,9,NA,0
"2",2001,6,8.66666666666667,12,8.8,8,NA,8.5,8.75,10,2,0,4,8,13,11,2,0,5,8,8.69230769230769,8.81818181818182,8,NA,8.6,8.75,1
"3",2001,7,7.5,2,7.5,NA,NA,NA,7.5,2,0,0,0,2,15,13,2,0,5,10,8.53333333333333,8.61538461538461,8,NA,8.6,8.5,2
"4",2001,8,8.27272727272727,11,8.75,7,8.5,8.5,8.22222222222222,8,3,2,2,9,26,21,5,2,7,19,8.42307692307692,8.66666666666667,7.4,8.5,8.57142857142857,8.36842105263158,3
"5",2001,9,8.77777777777778,9,8.77777777777778,NA,NA,8,9.16666666666667,9,0,0,3,6,35,30,5,2,10,25,8.51428571428571,8.7,7.4,8.5,8.4,8.56,4
"6",2001,10,8.625,8,8.625,NA,NA,9,8.5,8,0,0,2,6,43,38,5,2,12,31,8.53488372093023,8.68421052631579,7.4,8.5,8.5,8.54838709677419,5
"7",2001,11,9.2,5,9.2,NA,NA,9,9.33333333333333,5,0,0,2,3,48,43,5,2,14,34,8.60416666666667,8.74418604651163,7.4,8.5,8.57142857142857,8.61764705882353,6
"8",2001,12,9.33333333333333,3,9.33333333333333,NA,NA,10,9,3,0,0,1,2,51,46,5,2,15,36,8.64705882352941,8.78260869565217,7.4,8.5,8.66666666666667,8.63888888888889,7
"9",2002,1,8.6,5,8.33333333333333,9,NA,9,8,3,2,0,3,2,56,49,7,2,18,38,8.64285714285714,8.75510204081633,7.85714285714286,8.5,8.72222222222222,8.60526315789474,8
"10",2002,2,8.5,6,8.2,10,NA,8,9,5,1,0,3,3,62,54,8,2,21,41,8.62903225806452,8.7037037037037,8.125,8.5,8.61904761904762,8.63414634146342,9
"11",2002,3,8.5,6,8.4,9,NA,8.33333333333333,8.66666666666667,5,1,0,3,3,68,59,9,2,24,44,8.61764705882353,8.67796610169492,8.22222222222222,8.5,8.58333333333333,8.63636363636364,10
"12",2002,4,8.6,5,8.75,8,NA,9,8,4,1,0,3,2,73,63,10,2,27,46,8.61643835616438,8.68253968253968,8.2,8.5,8.62962962962963,8.60869565217391,11
"13",2002,5,8,7,8.66666666666667,7.5,NA,10,7.66666666666667,3,4,0,1,6,80,66,14,2,28,52,8.5625,8.68181818181818,8,8.5,8.67857142857143,8.5,12
"14",2002,6,9.4,5,9.4,NA,NA,9.5,9.25,5,0,0,3,2,85,71,14,2,31,54,8.61176470588235,8.73239436619718,8,8.5,8.75806451612903,8.52777777777778,13
"15",2002,7,8.20833333333333,12,8.61111111111111,7,8,8.41666666666667,8,9,3,1,6,6,97,80,17,3,37,60,8.56185567010309,8.71875,7.82352941176471,8.33333333333333,8.7027027027027,8.475,14
"16",2002,8,8.22222222222222,9,8.28571428571429,8,NA,8,8.25,7,2,0,1,8,106,87,19,3,38,68,8.53301886792453,8.68390804597701,7.84210526315789,8.33333333333333,8.68421052631579,8.4485294117647,15
"17",2002,9,8,5,8,NA,NA,10,7.5,5,0,0,1,4,111,92,19,3,39,72,8.50900900900901,8.64673913043478,7.84210526315789,8.33333333333333,8.71794871794872,8.39583333333333,16
"18",2002,10,9.06666666666667,15,9.33333333333333,8,NA,9.2,9,12,3,0,5,10,126,104,22,3,44,82,8.57539682539683,8.72596153846154,7.86363636363636,8.33333333333333,8.77272727272727,8.46951219512195,17
"19",2002,11,7.81818181818182,11,8.75,5.33333333333333,NA,6.33333333333333,8.375,8,3,0,3,8,137,112,25,3,47,90,8.51459854014599,8.72767857142857,7.56,8.33333333333333,8.61702127659574,8.46111111111111,18
"20",2002,12,8.625,12,8.625,NA,NA,8.875,8.5,12,0,0,4,8,149,124,25,3,51,98,8.52348993288591,8.71774193548387,7.56,8.33333333333333,8.63725490196078,8.46428571428571,19
"21",2003,1,8.8125,16,8.76923076923077,9,8,8,8.92857142857143,13,3,1,2,14,165,137,28,4,53,112,8.55151515151515,8.72262773722628,7.71428571428571,8.25,8.61320754716981,8.52232142857143,20
"22",2003,2,8,13,7.5,8.8,8,8.16666666666667,7.85714285714286,8,5,1,6,7,178,145,33,5,59,119,8.51123595505618,8.6551724137931,7.87878787878788,8.2,8.56779661016949,8.48319327731092,21
"23",2003,3,8.525,20,8.78571428571429,7.91666666666667,6,8.0625,8.83333333333333,14,6,1,8,12,198,159,39,6,67,131,8.51262626262626,8.66666666666667,7.88461538461539,7.83333333333333,8.50746268656716,8.51526717557252,22
"24",2003,4,8.44,25,8.67647058823529,7.9375,8.16666666666667,8.25,8.52941176470588,17,8,3,8,17,223,176,47,9,75,148,8.50448430493273,8.66761363636364,7.8936170212766,7.94444444444444,8.48,8.51689189189189,23
"25",2003,5,7.96363636363636,22,8.58571428571429,6.875,8,8.1,7.85,14,8,1,10,12,245,190,55,10,85,160,8.45591836734694,8.66157894736842,7.74545454545455,7.95,8.43529411764706,8.466875,24
"26",2003,6,9,23,9.29411764705882,8.16666666666667,NA,9.13636363636364,8.875,17,6,0,11,12,268,207,61,10,96,172,8.50261194029851,8.71352657004831,7.78688524590164,7.95,8.515625,8.4953488372093,25
"27",2003,7,8.43220338983051,59,8.63333333333333,7.78571428571429,9,9,8.23863636363636,45,14,1,15,44,327,252,75,11,111,216,8.48990825688073,8.69920634920635,7.78666666666667,8.04545454545454,8.58108108108108,8.44305555555556,26
"28",2003,8,8.38235294117647,34,8.68,7.55555555555556,NA,8.41666666666667,8.36363636363636,25,9,0,12,22,361,277,84,11,123,238,8.4797783933518,8.69747292418772,7.76190476190476,8.04545454545454,8.5650406504065,8.43571428571429,27
"29",2003,9,8.42884615384615,26,8.74473684210526,7.57142857142857,8,8.35,8.478125,19,7,1,10,16,387,296,91,12,133,254,8.47635658914729,8.70050675675676,7.74725274725275,8.04166666666667,8.54887218045113,8.43838582677166,28
"30",2003,10,8.91666666666667,18,9.03125,8,NA,8.75,9.125,16,2,0,10,8,405,312,93,12,143,262,8.49592592592593,8.71746794871795,7.75268817204301,8.04166666666667,8.56293706293706,8.45935114503817,29
"31",2003,11,8.58333333333333,12,9.11111111111111,7,6,8.57142857142857,8.6,9,3,1,7,5,417,321,96,13,150,267,8.4984412470024,8.7285046728972,7.72916666666667,7.88461538461539,8.56333333333333,8.46198501872659,30
"32",2003,12,7.88095238095238,21,8.32142857142857,7,10,8.55,7.27272727272727,14,7,1,10,11,438,335,103,14,160,278,8.46883561643836,8.71149253731343,7.67961165048544,8.03571428571429,8.5625,8.41492805755396,31
"33",2004,1,8.55,30,8.59615384615385,8.25,8,8.46428571428571,8.625,26,4,1,14,16,468,361,107,15,174,294,8.47403846153846,8.70318559556787,7.70093457943925,8.03333333333333,8.55459770114943,8.42636054421769,32
"34",2004,2,8.33333333333333,27,8.42307692307692,6,NA,8.75,8.1578947368421,26,1,0,8,19,495,387,108,15,182,313,8.46636363636364,8.6843669250646,7.68518518518519,8.03333333333333,8.56318681318681,8.41006389776358,33
"35",2004,3,8.85294117647059,34,9.03703703703704,8.14285714285714,8.66666666666667,9.06666666666667,8.68421052631579,27,7,3,15,19,529,414,115,18,197,332,8.49120982986768,8.70736714975845,7.71304347826087,8.13888888888889,8.60152284263959,8.42575301204819,34
"36",2004,4,8.44444444444444,27,8.42307692307692,9,NA,8.63636363636364,8.3125,26,1,0,11,16,556,440,116,18,208,348,8.48893884892086,8.69056818181818,7.72413793103448,8.13888888888889,8.60336538461539,8.42054597701149,35
"37",2004,5,8.38888888888889,36,8.46428571428571,8.125,NA,8.1,8.5,28,8,0,10,26,592,468,124,18,218,374,8.48285472972973,8.67702991452991,7.75,8.13888888888889,8.5802752293578,8.42606951871658,36
"38",2004,6,7.88333333333333,30,8,7.61111111111111,8.25,8.625,7.61363636363636,21,9,2,8,22,622,489,133,20,226,396,8.45393890675241,8.64795501022495,7.7406015037594,8.15,8.58185840707965,8.38093434343434,37
"39",2004,7,7.76923076923077,26,8.5,5.33333333333333,8,8.66666666666667,7.29411764705882,20,6,2,9,17,648,509,139,22,235,413,8.42646604938272,8.64214145383104,7.63669064748201,8.13636363636364,8.58510638297872,8.3361985472155,38
"40",2004,8,8.13793103448276,29,8.75,6.21428571428571,6.625,6.6875,8.69047619047619,22,7,4,8,21,677,531,146,26,243,434,8.41410635155096,8.64661016949153,7.56849315068493,7.90384615384616,8.52263374485597,8.35334101382489,39
"41",2004,9,8.49038461538461,52,8.7375,7.66666666666667,8.5,8.625,8.375,40,12,2,24,28,729,571,158,28,267,462,8.41954732510288,8.65297723292469,7.57594936708861,7.94642857142857,8.53183520599251,8.35465367965368,40
"42",2004,10,8.45238095238095,42,8.52857142857143,8.07142857142857,8,8.61111111111111,8.33333333333333,35,7,2,18,24,771,606,165,30,285,486,8.42133592736706,8.64579207920792,7.5969696969697,7.95,8.53684210526316,8.35360082304527,41
"43",2004,11,8.31132075471698,53,8.61842105263158,7.53333333333333,8.33333333333333,9.025,7.87878787878788,38,15,3,20,33,824,644,180,33,305,519,8.41425970873787,8.64417701863354,7.59166666666667,7.98484848484849,8.56885245901639,8.32341040462428,42
"44",2004,12,8.56578947368421,38,8.91071428571429,7.6,8,8.86666666666667,8.3695652173913,28,10,2,15,23,862,672,190,35,320,542,8.42093967517402,8.65528273809524,7.59210526315789,7.98571428571429,8.5828125,8.32536900369004,43
"45",2005,1,8.46794871794872,78,8.74666666666667,7.53888888888889,7.25,8.8875,8.28148148148148,60,18,2,24,54,940,732,208,37,344,596,8.42484042553192,8.66277322404372,7.5875,7.94594594594595,8.60406976744186,8.32139261744966,44
"46",2005,2,8.12132352941176,68,8.66,6.625,2,7.85833333333333,8.32894736842105,50,18,1,30,38,1008,782,226,38,374,634,8.40436507936508,8.66259590792839,7.5108407079646,7.78947368421053,8.54425133689839,8.32184542586751,45
"47",2005,3,8.41754385964912,57,8.82173913043478,6.72727272727273,7,8.95,8.12972972972973,46,11,1,20,37,1065,828,237,39,394,671,8.40507042253521,8.67143719806763,7.47447257383966,7.76923076923077,8.56484771573604,8.31125186289121,46
"48",2005,4,7.97272727272727,55,8.63095238095238,5.84615384615385,7.5,7.98,7.96666666666667,42,13,2,25,30,1120,870,250,41,419,701,8.38383928571429,8.66948275862069,7.3898,7.75609756097561,8.5299522673031,8.29650499286733,47
"49",2005,5,8.23615384615385,65,8.59270833333333,7.22941176470588,7.9,8.15535714285714,8.2972972972973,48,17,1,28,37,1185,918,267,42,447,738,8.37573839662447,8.66546840958606,7.37958801498127,7.75952380952381,8.50648769574944,8.29654471544716,48
"50",2005,6,7.8936170212766,47,8.44117647058824,6.46153846153846,8,7.66666666666667,8.07692307692308,34,13,1,21,26,1232,952,280,43,468,764,8.35734577922078,8.65745798319328,7.33696428571429,7.76511627906977,8.46880341880342,8.28907068062827,49
"51",2005,7,8.15294117647059,34,8.26666666666667,7.71428571428571,5,8.38888888888889,8.068,27,7,1,9,25,1266,979,287,44,477,789,8.35185624012638,8.64668028600613,7.34616724738676,7.70227272727273,8.46729559748428,8.28206590621039,50
"52",2005,8,8.04391304347826,69,8.28446428571429,7.00769230769231,7.8,8.1228125,7.97567567567568,56,13,2,32,37,1335,1035,300,46,509,826,8.33594007490637,8.62708212560387,7.3315,7.70652173913044,8.44563850687623,8.26834140435836,51
"53",2005,9,8.24275362318841,69,8.52173913043478,7.68478260869565,8.5,8.57954545454546,8.08510638297872,46,23,4,22,47,1404,1081,323,50,531,873,8.3313603988604,8.62259944495837,7.35665634674923,7.77,8.45118644067797,8.25847651775487,52
"54",2005,10,8.31694915254237,59,8.56818181818182,7.58,8,8.24827586206897,8.38333333333333,44,15,2,29,30,1463,1125,338,52,560,903,8.33077922077922,8.62047111111111,7.36656804733728,7.77884615384616,8.44067857142857,8.26262458471761,53
"55",2005,11,8.146125,80,8.4965,7.095,7.5,7.943,8.268,60,20,3,30,50,1543,1185,358,55,590,953,8.32120544394038,8.61419409282701,7.35139664804469,7.76363636363636,8.41537288135593,8.26290661070305,54
"56",2005,12,8.08313253012048,83,8.37966101694915,7.35416666666667,7.75,8.33333333333333,7.9625,59,24,6,27,56,1626,1244,382,61,617,1009,8.30905289052891,8.60307073954984,7.35157068062827,7.76229508196721,8.41178282009724,8.24623389494549,55
"57",2006,1,8.17341772151899,79,8.49636363636364,7.43333333333333,9.5,7.95,8.36046511627907,55,24,2,36,43,1705,1299,406,63,653,1052,8.30276832844575,8.59855273287144,7.3564039408867,7.81746031746032,8.38632465543644,8.2509030418251,56
"58",2006,2,8.01904761904762,63,8.37916666666667,6.86666666666667,4.66666666666667,8.3,7.84615384615385,48,15,3,24,39,1768,1347,421,66,677,1091,8.29265837104073,8.59073496659243,7.33895486935867,7.67424242424242,8.38326440177252,8.23643446379469,57
"59",2006,3,8.30576470588235,85,8.59253731343284,7.23833333333333,7,8.23928571428571,8.33842105263158,67,18,1,28,57,1853,1414,439,67,705,1148,8.29325957906098,8.59082036775106,7.3348291571754,7.66417910447761,8.37754609929078,8.24149825783972,58
"60",2006,4,8.08444444444445,45,8.4030303030303,7.20833333333333,8.5,8.48947368421053,7.78846153846154,33,12,2,19,26,1898,1447,451,69,724,1174,8.28830874604848,8.58653766413269,7.33146341463415,7.68840579710145,8.38048342541436,8.23146507666099,59
"61",2006,5,8.25701754385965,57,8.63068181818182,6.99230769230769,7.5,8.67,8.03378378378378,44,13,4,20,37,1955,1491,464,73,744,1211,8.28739641943734,8.58784037558686,7.32196120689655,7.67808219178082,8.38826612903226,8.22542526837325,60
"62",2006,6,8.61530612244898,49,8.72317073170732,8.0625,NA,9.16666666666667,8.29516129032258,41,8,0,18,31,2004,1532,472,73,762,1242,8.29541417165669,8.59146214099217,7.33451271186441,7.67808219178082,8.40665354330709,8.22716586151369,61
"63",2006,7,8.00375,80,8.48035714285714,6.89166666666667,7.5,7.58620689655172,8.24117647058823,56,24,3,29,51,2084,1588,496,76,791,1293,8.28421785028791,8.58754408060454,7.31308467741936,7.67105263157895,8.37657395701643,8.2277184841454,62
"64",2006,8,8.14383561643836,73,8.5,7.26190476190476,8.16666666666667,8.41911764705882,7.90384615384615,52,21,3,34,39,2157,1640,517,79,825,1332,8.27946685210941,8.58476829268293,7.31100580270793,7.68987341772152,8.37832727272727,8.21823573573574,63
"65",2006,9,8.07948717948718,78,8.41111111111111,7.33333333333333,8,8.50666666666667,7.8125,54,24,4,30,48,2235,1694,541,83,855,1380,8.27248769574944,8.57923258559623,7.31199630314233,7.70481927710843,8.38283040935672,8.2041231884058,64
"66",2006,10,7.95,70,8.13888888888889,7.3125,8.5,8.31578947368421,7.81372549019608,54,16,2,19,51,2305,1748,557,85,874,1431,8.26269414316703,8.56562929061785,7.31201077199282,7.72352941176471,8.38137299771167,8.19020964360587,65
"67",2006,11,8.35616438356164,73,8.64285714285714,7.77083333333333,7.66666666666667,8.268,8.40208333333333,49,24,3,25,48,2378,1797,581,88,899,1479,8.26556349873844,8.56773511407902,7.33096385542169,7.72159090909091,8.37822024471635,8.19708586883029,66
"68",2006,12,8.28279569892473,93,8.55223880597015,7.58846153846154,5,8.19090909090909,8.3112676056338,67,26,1,22,71,2471,1864,607,89,921,1550,8.26621205989478,8.56717811158799,7.34199341021417,7.69101123595506,8.37374592833876,8.20231612903226,67
"69",2007,1,7.95779816513762,109,8.34788732394366,7.22894736842105,7.8,8.11212121212121,7.89078947368421,71,38,5,33,76,2580,1935,645,94,954,1626,8.25318217054263,8.55913178294574,7.33533333333333,7.6968085106383,8.36469601677149,8.18775522755228,68
"70",2007,2,7.99912549450549,91,8.47734375,6.86557111111111,7.6,7.92096774193548,8.039507,64,27,5,31,60,2671,1999,672,99,985,1686,8.24452655185324,8.55651325662832,7.31645895833334,7.69191919191919,8.350730964467,8.18247948991696,69
"71",2007,3,8.12472727272727,110,8.656,7.195,6.16666666666667,8.50833333333333,7.93810810810811,70,40,6,36,74,2781,2069,712,105,1021,1760,8.23978799712334,8.55987916868053,7.30963542134832,7.6047619047619,8.35628795298726,8.17220478409091,70
"72",2007,4,7.91878734177215,79,8.25961538461539,7.26237777777778,8.5,7.92083333333333,7.91789454545455,52,27,1,24,55,2860,2121,739,106,1045,1815,8.2309211958042,8.55251768033947,7.30790882273343,7.61320754716981,8.34628708133971,8.16449841322314,71
"73",2007,5,8.05443333333333,90,8.30166666666667,7.55996666666667,7.76666666666667,8.0969696969697,8.02980701754386,60,30,3,33,57,2950,2181,769,109,1078,1872,8.22553682033898,8.54561668959193,7.31774202860858,7.61743119266055,8.33865491651206,8.16039723290599,72
"74",2007,6,8.10898876404494,89,8.40328125,7.3556,8,8.4324,7.98265625,64,25,1,25,64,3039,2245,794,110,1103,1936,8.22212359986838,8.54155902004455,7.3189340302267,7.62090909090909,8.34077969174977,8.15452149793389,73
"75",2007,7,7.94719626168224,107,8.41232876712329,6.94852941176471,7.0625,7.65277777777778,8.09647887323944,73,34,8,36,71,3146,2318,828,118,1139,2007,8.21277292434838,8.53748921484038,7.30372417874396,7.58305084745763,8.31903424056189,8.1524681714001,74
"76",2007,8,7.9921568627451,102,8.37,7.165625,7.5,8.02,7.98311688311688,70,32,4,25,77,3248,2388,860,122,1164,2084,8.20584471059113,8.53257956448912,7.29858560465116,7.58032786885246,8.31261168384879,8.14621095009597,75
"77",2007,9,7.88441176470588,85,8.25263157894737,7.13482142857143,7.91666666666667,7.93611111111111,7.86034482758621,57,28,6,27,58,3333,2445,888,128,1191,2142,8.19764735073507,8.52605316973416,7.29342186936937,7.59609375,8.30407640638119,8.138470410831,76
"78",2007,10,7.7451724137931,116,8.25371794871795,6.70131578947368,7,7.78378378378378,7.72708860759494,78,38,1,37,79,3449,2523,926,129,1228,2221,8.18242928964917,8.51763376932224,7.26912377969763,7.59147286821705,8.28839983713355,8.12383773975687,77
"79",2007,11,8.05187969924812,133,8.21420454545455,7.73444444444444,8.25555555555556,8.0025,8.07311827956989,88,45,9,40,93,3582,2611,971,138,1268,2314,8.17758197096594,8.5074071237074,7.29068858908342,7.63478260869565,8.2793809148265,8.12179931719966,78
"80",2007,12,8.14259259259259,135,8.5095,7.09428571428571,7.42857142857143,8.21086956521739,8.10730337078652,100,35,7,46,89,3717,2711,1006,145,1314,2403,8.17631117029863,8.507484323128,7.28385548707754,7.6248275862069,8.27698249619482,8.12126243029546,79
"81",2008,1,8.03282208588957,163,8.36077586206897,7.22340425531915,7.88888888888889,8.29411764705882,7.91383928571429,116,47,9,51,112,3880,2827,1053,154,1365,2515,8.17028314948453,8.50146444994694,7.28115728395062,7.64025974025974,8.27762271062271,8.11202529622267,80
"82",2008,2,7.886,100,8.18533333333333,6.988,7.75,7.7890243902439,7.95338983050847,75,25,4,41,59,3980,2902,1078,158,1406,2574,8.16314035678392,8.49329427980703,7.27435864564008,7.64303797468354,8.26337482219061,8.10838912975913,81
"83",2008,3,7.89117647058824,102,8.24126984126984,7.32564102564103,6.9,7.57272727272727,8.04347826086956,63,39,5,33,69,4082,2965,1117,163,1439,2643,8.15634459088682,8.48793929173694,7.27614916741271,7.62024539877301,8.24753648366922,8.10669452137722,82
"84",2008,4,7.88260869565217,115,8.23255813953488,6.8448275862069,8,8.01860465116279,7.80138888888889,86,29,1,43,72,4197,3051,1146,164,1482,2715,8.14884408386943,8.48074074074075,7.26523439790576,7.62256097560976,8.24089406207827,8.09859801841621,83
"85",2008,5,7.96752577319588,97,8.24927536231884,7.27321428571429,8.42857142857143,7.89666666666667,7.99925373134328,69,28,7,30,67,4294,3120,1174,171,1512,2782,8.14474816488123,8.4756217948718,7.26542471890971,7.65555555555556,8.23406415343915,8.09620547088426,84
"86",2008,6,8.03560215053763,93,8.41398275862069,7.40857142857143,7.5,8.18561764705882,7.94915254237288,58,35,5,34,59,4387,3178,1209,176,1546,2841,8.14243437884659,8.4744968533669,7.26956875103391,7.65113636363636,8.23299870633894,8.09315157338965,85
"87",2008,7,8.08018018018018,111,8.46153846153846,7.17878787878788,7.3,8.28243243243243,7.97905405405405,78,33,10,37,74,4498,3256,1242,186,1583,2915,8.14089809248555,8.47418642506143,7.26715669887279,7.63225806451613,8.2341541377132,8.09025510120069,86
"88",2008,8,7.79709090909091,110,8.325,7.11520833333333,6.94117647058824,7.68421052631579,7.85666666666667,62,48,17,38,72,4608,3318,1290,203,1621,2987,8.13269088975694,8.47139873417722,7.26150280620155,7.5743842364532,8.22126218383714,8.084624579846,87
"89",2008,9,7.45166666666667,90,8.13039215686275,6.56410256410256,6.79166666666667,7.51875,7.42727272727273,51,39,12,24,66,4698,3369,1329,215,1645,3053,8.11964444870157,8.46623656871476,7.24103733634312,7.5306976744186,8.21101276595745,8.07041389452997,88
"90",2008,10,7.94,75,8.41111111111111,7.23333333333333,6.85,7.90909090909091,7.96428571428571,45,30,10,33,42,4773,3414,1359,225,1678,3095,8.11682162581186,8.46550995899239,7.24086727005151,7.50044444444444,8.20507508939213,8.06897370597738,89
"91",2008,11,7.63019801980198,101,8.315,6.95882352941176,6.54166666666667,7.15833333333333,7.82957746478873,50,51,12,30,71,4874,3464,1410,237,1708,3166,8.10673771440295,8.46333747113165,7.23066568794326,7.45189873417721,8.18668969555035,8.06360506001264,90
"92",2008,12,7.66190476190476,126,7.95454545454545,7.20204081632653,7.30769230769231,7.27142857142857,7.81208791208791,77,49,13,35,91,5000,3541,1459,250,1743,3257,8.095527924,8.45227365151088,7.22970433173406,7.4444,8.16831095811819,8.05657771568929,91
"93",2009,1,7.62115384615385,156,8.15980392156863,6.6037037037037,7.1,7.77291666666667,7.5537037037037,102,54,19,48,108,5156,3643,1513,269,1791,3365,8.08117525601241,8.44408482020314,7.20736194315929,7.42007434944238,8.15771412618649,8.0404379257058,92
"94",2009,2,7.84146825396825,252,8.25375939849624,7.38067226890756,7.05714285714286,7.93524590163934,7.81151832460733,133,119,21,61,191,5408,3776,1632,290,1852,3556,8.07000547707101,8.4373810911017,7.21999915441176,7.39379310344828,8.15038660907127,8.02814218785152,93
"95",2009,3,7.61369565217391,184,8.08988095238095,7.2137,7.02631578947368,7.94166666666667,7.53391891891892,84,100,19,36,148,5592,3860,1732,309,1888,3704,8.054990990701,8.42981891191711,7.21963546189376,7.37119741100324,8.14640677966102,8.00839460583154,94
"96",2009,4,7.79507772020725,193,8.37126436781609,7.32216981132076,7.14772727272727,7.96621621621622,7.75448717948718,87,106,22,37,156,5785,3947,1838,331,1925,3860,8.04631972687986,8.42852824930328,7.22554875952122,7.35634441087613,8.14294337662337,7.99813306217617,95
"97",2009,5,7.95396341463415,164,8.32906976744186,7.54038461538462,7.26666666666667,8.30531914893617,7.81282051282051,86,78,15,47,117,5949,4033,1916,346,1972,3977,8.04377367961002,8.42640738904043,7.23836566805845,7.35245664739884,8.14681338742393,7.99268132260498,96
"98",2009,6,7.93888888888889,162,8.36117647058824,7.47272727272727,7.16923076923077,8.1921052631579,7.86129032258065,85,77,13,38,124,6111,4118,1993,359,2010,4101,8.04099322860415,8.42506095191841,7.24742028098344,7.3458217270195,8.14766965174129,7.98870851499634,97
"99",2009,7,7.80076923076923,130,8.17222222222222,7.33965517241379,7.04545454545455,7.50434782608696,7.86448598130841,72,58,11,23,107,6241,4190,2051,370,2033,4208,8.03598936388399,8.42071622911695,7.25002858117991,7.33689189189189,8.14039153959665,7.98554981463878,98
"100",2009,8,7.7636690647482,139,8.12972972972973,7.34692307692308,6.95625,7.62321428571429,7.7990990990991,74,65,16,28,111,6380,4264,2116,386,2061,4319,8.03005636677116,8.41566627579738,7.25300501890359,7.3211139896373,8.133365356623,7.98075795786062,99
"101",2009,9,7.56455056179775,178,8.00346534653465,6.98883116883117,6.9275,7.75853658536585,7.50649635036496,101,77,20,41,137,6558,4365,2193,406,2102,4456,8.01742141201585,8.40612852233678,7.24372942088463,7.30172413793103,8.1260542340628,7.96617675493716,100
"102",2009,10,7.54735294117647,170,8.15625,6.89390243902439,6.33809523809524,7.23684210526316,7.63674242424242,88,82,21,38,132,6728,4453,2275,427,2140,4588,8.00554393876337,8.40119043341568,7.23112027252747,7.25433255269321,8.11026448598131,7.95669869659983,101
"103",2009,11,7.61166666666667,180,8.34320987654321,7.01313131313131,6.86666666666667,7.31739130434783,7.71268656716418,81,99,30,46,134,6908,4534,2374,457,2186,4722,7.99528077880718,8.40015460961624,7.222029747262,7.22888402625821,8.09358005489478,7.94977416772554,102
"104",2009,12,7.57364485981308,214,8.24528846153846,6.93863636363636,6.68275862068965,7.62615384615385,7.55679012345679,104,110,29,52,162,7122,4638,2484,486,2238,4884,7.98261157259197,8.39668197498923,7.20948012077295,7.1962962962963,8.08271939231457,7.93673907043407,103
"105",2010,1,7.73556034482759,232,8.08622047244094,7.31142857142857,7.3047619047619,7.8046511627907,7.71984126984127,127,105,21,43,189,7354,4765,2589,507,2281,5073,7.97481773456622,8.38840734522561,7.21361476245655,7.20078895463511,8.07747742218325,7.92865831263552,104
"106",2010,2,7.44928057553957,139,8.17132352941177,6.75774647887324,6.57692307692308,7.65909090909091,7.40982905982906,68,71,13,22,117,7493,4833,2660,520,2303,5190,7.96506868010143,8.38535298986138,7.20144684962406,7.18519230769231,8.07348067737733,7.91696216184971,105
"107",2010,3,7.69310606060606,132,8.08455882352941,7.2771875,7.06875,7.76923076923077,7.67443396226415,68,64,16,26,106,7625,4901,2724,536,2329,5296,7.96036060590164,8.38117955519282,7.20322636563877,7.18171641791045,8.07008415629025,7.91210793429003,106
"108",2010,4,7.84342105263158,114,8.18239436619718,7.28372093023256,7,8.2,7.78092783505155,71,43,8,17,97,7739,4972,2767,544,2346,5393,7.95863801783176,8.37834090909092,7.2044772750271,7.17904411764706,8.07102557544757,7.90974849249027,107
"109",2010,5,7.5281914893617,94,7.90666666666667,7.18061224489796,7.10833333333333,7,7.65328947368421,45,49,12,18,76,7833,5017,2816,556,2364,5469,7.95347243967828,8.37411022523421,7.20406200994318,7.17751798561151,8.06287055837563,7.90618460778936,108
"110",2010,6,7.43131868131868,91,8.11904761904762,6.84183673469388,7.38888888888889,8.125,7.28333333333333,42,49,9,16,75,7924,5059,2865,565,2380,5544,7.94747597425542,8.37199268630165,7.19786688307155,7.18088495575221,8.06328823529412,7.89775858946609,109
"111",2010,7,7.72747252747253,91,7.86727272727273,7.51388888888889,7.4,7.95454545454545,7.65507246376812,55,36,5,22,69,8015,5114,2901,570,2402,5613,7.94497811852776,8.36656452874463,7.20178856256463,7.18280701754386,8.06229225645296,7.89477527525387,110
"112",2010,8,7.57052631578947,95,8.1343137254902,6.91704545454545,6.93571428571429,7.35416666666667,7.64366197183099,51,44,14,24,71,8110,5165,2945,584,2426,5684,7.94059181504315,8.36427124878994,7.19753433616299,7.17688356164384,8.0552868920033,7.89163856790992,111
"113",2010,9,7.82696629213483,89,8.26530612244898,7.29,7.04285714285714,7.9,7.80579710144928,49,40,7,20,69,8199,5214,2985,591,2446,5753,7.93935841200146,8.36334119677791,7.19877340703517,7.17529610829103,8.05401717089125,7.89060900747436,112
"114",2010,10,7.73333333333333,114,8.23857142857143,6.92954545454545,6.60714285714286,7.91851851851852,7.67586206896552,70,44,14,27,87,8313,5284,3029,605,2473,5840,7.93653309515217,8.36168830431492,7.19486253549026,7.16214876033058,8.05253780832997,7.88740986643836,113
"115",2010,11,7.64707284768212,151,8.21626506024096,6.95232352941176,6.5125,7.58333333333333,7.66702608695652,83,68,16,36,115,8464,5367,3097,621,2509,5955,7.93136904773157,8.35943935159307,7.18953717145625,7.14541062801933,8.04580550019929,7.88315392443325,114
"116",2010,12,7.76102941176471,136,8.16666666666667,7.21551724137931,7.15,8.0537037037037,7.68853211009174,78,58,15,27,109,8600,5445,3155,636,2536,6064,7.92867530465116,8.35667786960515,7.19001477654517,7.14551886792453,8.04588958990537,7.87965561015831,115
"117",2011,1,7.51488095238095,168,7.97901234567901,7.08275862068966,7.5,7.01612903225806,7.62773722627737,81,87,22,31,137,8768,5526,3242,658,2567,6201,7.92074676322992,8.35114205573652,7.18713652683529,7.1573708206687,8.03345383716401,7.87408992420577,116
"118",2011,2,7.5718253968254,126,8.14014084507042,6.83818181818182,7,7.31785714285714,7.64438775510204,71,55,11,28,98,8894,5597,3297,669,2595,6299,7.91580364515403,8.34846542790781,7.18131532302093,7.15478325859492,8.02573256262043,7.87051621209716,117
"119",2011,3,7.57325396825397,126,7.98739130434783,7.0719298245614,6.53571428571429,7.60714285714286,7.56357142857143,69,57,14,28,98,9020,5666,3354,683,2623,6397,7.91101858314856,8.3440683021532,7.17945635658915,7.14209370424598,8.02126420129623,7.86581391589808,118
"120",2011,4,7.84101851851852,108,8.30655737704918,7.2368085106383,6.44444444444444,7.61954545454545,7.89767441860465,61,47,9,22,86,9128,5727,3401,692,2645,6483,7.91019036152498,8.34366876200454,7.18024893266686,7.13302023121387,8.01792287334594,7.86623656023446,119
"121",2011,5,7.559375,128,7.88235294117647,7.19333333333333,6.80714285714286,7.512,7.57087378640777,68,60,14,25,103,9256,5795,3461,706,2670,6586,7.90533898228176,8.33825556514237,7.18047576422999,7.12655807365439,8.01318576779027,7.86161731248102,120
"122",2011,6,7.530625,80,8.03375,7.0275,6.96363636363636,7.67631578947368,7.48524590163934,40,40,11,19,61,9336,5835,3501,717,2689,6647,7.9021280655527,8.33616812339332,7.17872796915167,7.12405857740586,8.0108055039048,7.85816332480818,121
"123",2011,7,7.70969387755102,98,8.08627450980392,7.30106382978723,7.29545454545455,7.46666666666667,7.75361445783133,51,47,11,15,83,9434,5886,3548,728,2704,6730,7.90012906720373,8.33400288820931,7.18034854002255,7.12664835164835,8.00778698224853,7.85687394056464,122
"124",2011,8,7.70327102803738,107,8.11923076923077,7.05952380952381,7.45,7.44583333333333,7.77771084337349,65,42,10,24,83,9541,5951,3590,738,2728,6813,7.89792135205953,8.33165703243152,7.17893499164345,7.1310298102981,8.00284310850441,7.85590952884192,123
"125",2011,9,7.75271739130435,92,8.15588235294118,7.25121951219512,7.25,7.6875,7.77083333333333,51,41,16,20,72,9633,6002,3631,754,2748,6885,7.89653458112737,8.33016344551816,7.1797512035252,7.13355437665783,8.00054803493451,7.85501984313726,124
"126",2011,10,7.57714285714286,105,8.28965517241379,6.69787234042553,6.65384615384615,7.335,7.63411764705882,58,47,13,20,85,9738,6060,3678,767,2768,6970,7.89309073937153,8.32977574257426,7.17359342577488,7.12542372881356,7.99573916184972,7.85232591391679,125
"127",2011,11,7.88897058823529,136,8.2948717948718,7.34310344827586,7,8.00588235294118,7.85,78,58,16,34,102,9874,6138,3736,783,2802,7072,7.8930339902775,8.32933219289671,7.17622500535332,7.12286079182631,7.99586224125625,7.85229236708145,126
"128",2011,12,7.74852941176471,136,8.28666666666667,7.08688524590164,6.76923076923077,8.29090909090909,7.5747572815534,75,61,13,33,103,10010,6213,3797,796,2835,7175,7.89107069130869,8.32881715757283,7.17478973400053,7.11708542713568,7.99929664902999,7.84830823972125,127
"129",2012,1,7.73241758241758,182,8.16834862385321,7.08150684931507,7.05555555555556,7.99166666666667,7.66849315068493,109,73,27,36,146,10192,6322,3870,823,2871,7321,7.88823760007849,8.32605045871559,7.17303013436692,7.11506682867558,7.99920097526995,7.84472225379047,128
"130",2012,2,7.70864661654135,133,7.96567164179104,7.44772727272727,7.4025,7.93,7.65740740740741,67,66,20,25,108,10325,6389,3936,843,2896,7429,7.88592422469734,8.32227124745656,7.17763633638211,7.12188612099644,7.99860359116023,7.84199914120339,129
"131",2012,3,7.73041666666667,120,8.11484375,7.29107142857143,8.0625,7.66666666666667,7.74635416666667,64,56,8,24,96,10445,6453,3992,851,2920,7525,7.88413763714696,8.32021400898806,7.17922761022044,7.1307285546416,7.99587534246576,7.84077895282392,130
"132",2012,4,7.36470588235294,102,8.31632653061224,6.48490566037736,5.85714285714286,7.20555555555556,7.39880952380952,49,53,14,18,84,10547,6502,4045,865,2938,7609,7.87911421446857,8.32018471239618,7.17013019035847,7.11011560693642,7.99103335602451,7.8358998054935,131
"133",2012,5,7.48798449612403,129,8.08671875,6.89846153846154,7.37142857142857,7.33409090909091,7.5196261682243,64,65,21,22,107,10676,6566,4110,886,2960,7716,7.87438812476583,8.31790907706366,7.16583372749392,7.11630925507901,7.98615067567568,7.83151394764127,132
"134",2012,6,7.63695652173913,115,8.15877192982456,7.12413793103448,7.59444444444444,7.885,7.58473684210526,57,58,18,20,95,10791,6623,4168,904,2980,7811,7.87185780928551,8.31653948361769,7.16525350767754,7.1258296460177,7.98547181208054,7.82851256177186,133
"135",2012,7,7.29949494949495,99,7.86607142857143,6.56162790697674,6.625,7.28913043478261,7.30263157894737,56,43,10,23,76,10890,6679,4211,914,3003,7887,7.86665451056014,8.31276253930229,7.1590896746616,7.12035010940919,7.98013852813854,7.82344511474578,134
"136",2012,8,7.51052631578947,95,7.88775510204082,7.10869565217391,7.33333333333333,7.47619047619048,7.52027027027027,49,46,9,21,74,10985,6728,4257,923,3024,7961,7.86357465817023,8.30966721165279,7.1585451303735,7.12242686890574,7.9766388888889,7.8206270091697,135
"137",2012,9,7.49728260869565,92,8.09245283018868,6.68846153846154,5.9,7.5,7.49642857142857,53,39,10,22,70,11077,6781,4296,933,3046,8031,7.86053242033041,8.30796947352897,7.15427761173184,7.10932475884245,7.97319632304663,7.8178012227618,136
"138",2012,10,7.63526315789474,133,8.228125,7.08536231884058,6.874375,7.71607142857143,7.61371428571429,64,69,16,28,105,11210,6845,4365,949,3074,8136,7.85785973416592,8.30722293644996,7.15318822909507,7.10536354056902,7.97085426154848,7.8151673574238,137
"139",2012,11,7.34363636363636,110,7.8921568627451,6.86949152542373,7.1,6.86842105263158,7.44285714285714,51,59,15,19,91,11320,6896,4424,964,3093,8227,7.8528628639576,8.30415327726218,7.14940475135624,7.10528008298755,7.96408212091821,7.81104918196183,138
"140",2012,12,7.55974576271186,118,8.14516129032258,6.91160714285714,6.72291666666667,7.17407407407407,7.67417582417582,62,56,24,27,91,11438,6958,4480,988,3120,8318,7.84983892463717,8.30273656223052,7.14643228125,7.09599190283401,7.95724551282052,7.80955176965617,139
"141",2013,1,7.61780141843972,141,8.05013698630137,7.15367647058823,6.98529411764706,7.767,7.57747747747748,73,68,17,30,111,11579,7031,4548,1005,3150,8429,7.84701335348476,8.30011392405063,7.14654059366755,7.09411940298508,7.95543365079366,7.80649562462926,140
"142",2013,2,7.67330578512397,121,7.9495,7.4016393442623,7.79473684210526,7.95769230769231,7.59547368421053,60,61,19,26,95,11700,7091,4609,1024,3176,8524,7.84521689059829,8.29714722888168,7.14991681926665,7.107119140625,7.95545214105794,7.80414378460817,141
"143",2013,3,7.22151785714286,112,8,6.65861538461539,6.69230769230769,7.38888888888889,7.16835294117647,47,65,13,27,85,11812,7138,4674,1037,3203,8609,7.83930304944125,8.29519066965536,7.14308442875481,7.10191899710704,7.95067624102405,7.79786637472413,142
"144",2013,4,7.53905660377359,106,8.06112903225806,6.80340909090909,7,7.60588235294118,7.52629213483146,62,44,13,17,89,11918,7200,4718,1050,3220,8698,7.83663262460144,8.29317513888889,7.13991662144976,7.10065714285714,7.94885590062112,7.79508756265808,143
"145",2013,5,7.77479674796748,123,8.25208333333333,7.10098039215686,7.9375,8.055,7.72038834951456,72,51,8,20,103,12041,7272,4769,1058,3240,8801,7.83600096503613,8.29276828932893,7.13950023485007,7.10698487712666,7.94951111111112,7.79421334166572,144
"146",2013,6,7.32333333333333,90,7.78695652173913,6.83863636363636,7.17272727272727,8.17142857142857,7.16710526315789,46,44,11,14,76,12131,7318,4813,1069,3254,8877,7.83219747918556,8.28958882208253,7.1367497652192,7.1076613657624,7.95046588813768,7.7888443866171,145
"147",2013,7,7.38291666666667,120,8.04042553191489,6.95958904109589,6.70454545454545,8.12045454545455,7.21734693877551,47,73,22,22,98,12251,7365,4886,1091,3276,8975,7.82779672026773,8.28799877800407,7.13410286942284,7.09953253895509,7.95160744810746,7.78260408022284,146
"148",2013,8,7.28724489795918,98,7.73645833333333,6.856,7.39583333333333,7.65555555555556,7.204375,48,50,12,18,80,12349,7413,4936,1103,3294,9055,7.82350697384403,8.28442749224335,7.13128578200972,7.10275611967362,7.9499896782028,7.7774954853672,147
"149",2013,9,7.18406593406593,91,7.9125,6.70727272727273,6.65625,7.83333333333333,7.02397260273973,36,55,16,18,73,12440,7449,4991,1119,3312,9128,7.81882939067524,8.282630017452,7.12661322781006,7.09637176050045,7.94935567632851,7.77146928352323,148
"150",2013,10,7.615,120,8.11640625,7.04196428571429,7.11923076923077,8.16666666666667,7.4979797979798,64,56,13,21,99,12560,7513,5047,1132,3333,9227,7.81688197611465,8.28121402901637,7.12567398850802,7.09663427561838,7.95072487248726,7.76853491058849,149
"151",2013,11,7.51736111111111,144,8.15416666666667,6.88055555555556,6.695,8.16666666666667,7.42460317460317,72,72,20,18,126,12704,7585,5119,1152,3351,9353,7.81348690333753,8.28000804218853,7.12222633717523,7.08966145833334,7.95188481050433,7.76390159521009,150
"152",2013,12,7.40945945945946,111,7.88076923076923,6.99406779661017,7.25,7.61052631578947,7.3679347826087,52,59,13,19,92,12815,7637,5178,1165,3370,9445,7.80998732891143,8.27728964252978,7.12076605252993,7.09145064377683,7.94996023738873,7.7600446394918,151
"153",2014,1,7.47993670886076,158,8.27714285714286,6.575,7.52777777777778,7.9552,7.3906015037594,84,74,18,25,133,12973,7721,5252,1183,3395,9578,7.80596759577584,8.27728804558994,7.11307627951257,7.09808960270499,7.94999882179677,7.7549145562748,152
"154",2014,2,7.4114349137931,116,8.00722796610169,6.79473684210526,6.875,7.62407407407407,7.34692640449438,59,57,12,27,89,13089,7780,5309,1195,3422,9667,7.80247108793643,8.27524003213367,7.10965843284988,7.09584937238494,7.94742723553478,7.75115838109031,153
"155",2014,3,7.59521276595745,94,7.95277777777778,7.1125,7,8.07352941176471,7.48961038961039,54,40,3,17,77,13183,7834,5349,1198,3439,9744,7.800993254191,8.27301729001787,7.10967968218359,7.09560934891486,7.94805059610352,7.74909155069787,154
"156",2014,4,7.4298,120,8.10520833333333,6.97952777777778,6.98947368421053,7.53458333333333,7.40360416666667,48,72,19,24,96,13303,7882,5421,1217,3463,9840,7.79764489739156,8.27199536285206,7.10795104593249,7.09395234182416,7.94518509962461,7.74572094207317,155
"157",2014,5,7.53720430107527,93,7.95666666666667,6.95641025641026,7.08333333333333,7.17857142857143,7.60075949367089,54,39,12,14,79,13396,7936,5460,1229,3477,9919,7.79583682218573,8.26984972908266,7.10686861172161,7.09384865744508,7.94209836065574,7.74456639479786,156
"158",2014,6,7.3620253164557,79,7.89375,7,7.25,7.2,7.4,32,47,12,15,64,13475,7968,5507,1241,3492,9983,7.79329351168831,8.26833928840361,7.10595653168695,7.09535858178888,7.93891065292097,7.74235741460483,157
"159",2014,7,7.70426829268293,82,8.30666666666667,6.97162162162162,6.78571428571429,7.34375,7.79166666666667,45,37,7,16,66,13557,8013,5544,1248,3508,10049,7.79275503946301,8.26855453013852,7.1050599963925,7.0936217948718,7.9361961231471,7.74268126878297,158
"160",2014,8,7.76441860465116,86,8.37883720930233,7.15,7.75,8.2025,7.66428571428571,43,43,10,16,70,13643,8056,5587,1258,3524,10119,7.79257641794327,8.26914317899702,7.10540587435117,7.09883942766296,7.93740522133939,7.7421389534539,159
"161",2014,9,7.41666666666667,90,7.97441860465116,6.9063829787234,7.36363636363636,7.36111111111111,7.42283950617284,43,47,11,9,81,13733,8099,5634,1269,3533,10200,7.79011287191437,8.26757839856772,7.10374558395456,7.10113475177305,7.93593716388339,7.73960334019608,160
"162",2014,10,7.37644230769231,104,7.88265306122449,6.92545454545455,7.165,7.353125,7.38068181818182,49,55,20,16,88,13837,8148,5689,1289,3549,10288,7.78700369082894,8.26526355547373,7.10202190543153,7.10212567882079,7.93330966469429,7.7365332494168,161
"163",2014,11,7.38989898989899,99,8.02857142857143,6.764,6.36363636363636,8.09047619047619,7.20128205128205,49,50,11,21,78,13936,8197,5739,1300,3570,10366,7.78418269733065,8.26384865804562,7.09907695068827,7.09587692307692,7.93423417366948,7.7325056984372,162
"164",2014,12,7.621,120,8.10846153846154,7.04490909090909,7.145,8.30785714285714,7.41195652173913,65,55,16,28,92,14056,8262,5794,1316,3598,10458,7.78278956104155,8.26262617404986,7.09856275802554,7.09647416413374,7.93714174541413,7.72968579747562,163
"165",2015,1,7.42984496124031,129,8.07297297297297,6.56454545454545,6.28571428571429,8.16111111111111,7.31126126126126,74,55,7,18,111,14185,8336,5849,1323,3616,10569,7.77957984279168,8.26094259237044,7.09354122414088,7.09218442932729,7.93825663716815,7.72529133030561,164
"166",2015,2,7.47514563106796,103,8.10384615384615,6.83411764705882,6.39583333333333,8.27272727272727,7.25851851851852,52,51,12,22,81,14288,8388,5900,1335,3638,10650,7.77738522326428,8.25996869933237,7.09129874915254,7.08592509363296,7.94027927432656,7.72174122723005,165
"167",2015,3,7.46871559633028,109,7.94551724137931,6.92647058823529,7.07142857142857,7.55357142857143,7.45621052631579,58,51,7,14,95,14397,8446,5951,1342,3652,10745,7.77504827880809,8.2578093121004,7.08988617375231,7.08584947839046,7.93879682365828,7.71939358492322,166
"168",2015,4,7.55265486725664,113,8.20508474576271,6.83981481481482,6.75,8.29583333333333,7.35224719101124,59,54,8,24,89,14510,8505,6005,1350,3676,10834,7.77331633838732,8.25744355673133,7.08763740549542,7.08385925925926,7.94112785636562,7.71637752169097,167
"169",2015,5,7.68700934579439,107,8.296875,6.7793023255814,7.19307692307692,7.60555555555556,7.70348314606742,64,43,13,18,89,14617,8569,6048,1363,3694,10923,7.7726845501813,8.25773806161745,7.08544520833333,7.08490095377843,7.93949269085003,7.7162724590314,168
"170",2015,6,7.63280701754386,114,8.28178571428571,7.00620689655172,6.875,6.98947368421053,7.76147368421053,56,58,16,19,95,14731,8625,6106,1379,3713,11018,7.77160206842713,8.25789419710144,7.08469253521127,7.08246555474982,7.93463129544843,7.71666219549828,169
"171",2015,7,7.70673076923077,104,8.07941176470588,7.34811320754717,7.57272727272727,7.89,7.67584269662921,51,53,11,15,89,14835,8676,6159,1390,3728,11107,7.77114729154028,8.25684502650991,7.08695934729664,7.08634532374101,7.9344517167382,7.71633511029081,170
"172",2015,8,7.38430656934307,137,8.01538461538462,6.81458333333333,7.32631578947368,7.55,7.34911504424779,65,72,19,24,113,14972,8741,6231,1409,3752,11220,7.76760753873898,8.25504947374442,7.08381200770342,7.08958126330731,7.93199253731344,7.71263672638146,171
"173",2015,9,7.59734513274336,113,8.21186440677966,6.92592592592593,7.28571428571429,7.55434782608696,7.60833333333333,59,54,7,23,90,15085,8800,6285,1416,3775,11310,7.76633212263838,8.25475993749999,7.08245546857597,7.09055084745763,7.92969165562915,7.71180672590628,172
"174",2015,10,7.46448,125,8.11888888888889,6.57547169811321,7.125,7.13529411764706,7.5162962962963,72,53,8,17,108,15210,8872,6338,1424,3792,11418,7.76385141814596,8.25365728697024,7.07821593878195,7.09074438202247,7.92613027426161,7.70995744175863,173
"175",2015,11,7.18550898203593,167,7.95394736842105,6.54373626373626,6.71346153846154,7.46766666666667,7.12372262773723,76,91,26,30,137,15377,8948,6429,1450,3822,11555,7.75757040189894,8.25111169535091,7.07065058640535,7.08397931034483,7.92253165881738,7.70300684292514,174
"176",2015,12,7.51787709497207,179,8.02783505154639,6.91463414634146,7.07352941176471,7.542,7.51396103896104,97,82,17,25,154,15556,9045,6511,1467,3847,11709,7.75481229557727,8.24871724156992,7.06868570419291,7.08385821404226,7.92005874707565,7.70052046032966,175
"177",2016,1,7.55410256410256,195,8.18473684210526,6.955,6.45384615384615,7.92058823529412,7.47670807453416,95,100,13,34,161,15751,9140,6611,1480,3881,11870,7.75232747571583,8.24805223741794,7.06696605959764,7.07832432432432,7.92006338572533,7.69748475737152,176
"178",2016,2,7.65317307692308,104,8.04372549019608,7.27735849056604,8.14285714285714,7.93125,7.60261363636364,51,53,7,16,88,15855,9191,6664,1487,3897,11958,7.75167707789341,8.24691844739418,7.0686393487395,7.08333557498319,7.92010931485759,7.6967865922395,177
"179",2016,3,7.468,125,7.88032786885246,7.075,6.64705882352941,7.33,7.5025,61,64,17,25,100,15980,9252,6728,1504,3922,12058,7.74945807697121,8.24450145373973,7.06869985434007,7.07840425531915,7.91634778174401,7.69517532509537,178
"180",2016,4,7.78617886178862,123,8.29384615384615,7.21724137931034,6.91666666666667,8.16944444444444,7.72047619047619,65,58,12,18,105,16103,9317,6786,1516,3940,12163,7.74973856237968,8.24484570677256,7.06996944002358,7.07712401055409,7.91750406091371,7.69539374085341,179
"181",2016,5,7.55522388059701,134,8.18257575757576,6.94632352941176,7.00384615384615,7.91666666666667,7.46401869158878,66,68,13,27,107,16237,9383,6854,1529,3967,12270,7.74813328016259,8.24440770009592,7.06874272249781,7.07650098103335,7.91749836148223,7.69337604482477,180
"182",2016,6,7.62217391304348,115,8.03333333333333,7.0054347826087,7,7.67608695652174,7.60869565217391,69,46,11,23,92,16352,9452,6900,1540,3990,12362,7.74724743578767,8.24286684828608,7.06832066956522,7.07595454545454,7.9161067669173,7.69274583966996,181
"183",2016,7,7.39575892857143,112,8.021875,7.04791666666667,6.86666666666667,7.57692307692308,7.3719696969697,40,72,18,13,99,16464,9492,6972,1558,4003,12461,7.74485635750729,8.24193557206068,7.06810995697074,7.07353658536585,7.91500524606546,7.69019734130487,182
"184",2016,8,7.45333333333333,150,8.34246575342466,6.61038961038961,5.71428571428571,7.49285714285714,7.44926470588235,73,77,14,14,136,16614,9565,7049,1572,4017,12597,7.74222433309257,8.24270281756403,7.06311003262874,7.06143129770992,7.91353398058253,7.68759617924903,183
"185",2016,9,7.61284722222222,144,8.23402777777778,6.99166666666667,6.67368421052632,7.08421052631579,7.6932,72,72,19,19,125,16758,9637,7121,1591,4036,12722,7.74111260711302,8.24263800456574,7.06238767307962,7.05680075424261,7.90962983151636,7.68765123958497,184
"186",2016,10,7.47985611510791,139,8.05915492957747,6.875,7.12352941176471,7.49285714285714,7.47657657657658,71,68,17,28,111,16897,9708,7189,1608,4064,12833,7.73896342960289,8.2412960908529,7.06061519265545,7.05750621890547,7.90675836614174,7.68582553339048,185
"187",2016,11,7.21708074534162,161,7.70930555555556,6.81887640449438,7.22727272727273,7.38416666666667,7.1878102189781,72,89,22,24,137,17058,9780,7278,1630,4088,12970,7.73403769902685,8.23737959611452,7.05765905743336,7.05979754601227,7.90369031311155,7.68056507864302,186
"188",2016,12,7.33051470588235,136,7.885,6.74242424242424,7,7.40740740740741,7.31146788990826,70,66,16,27,109,17194,9850,7344,1646,4115,13079,7.73084593869955,8.23487537563452,7.05482606481481,7.0592162818955,7.90043402187121,7.67748903356526,187
"189",2017,1,7.43847133757962,157,8.11835443037975,6.74987179487179,6.61875,7.71666666666667,7.38827067669173,79,78,16,24,133,17351,9929,7422,1662,4139,13212,7.7282003959426,8.23394827777218,7.05162120991646,7.05497593261131,7.89936844648466,7.67457758628519,188
"190",2017,2,7.632816,125,8.10315625,7.13934426229508,7.02105263157895,7.75833333333333,7.6029900990099,64,61,19,24,101,17476,9993,7483,1681,4163,13313,7.72751814316777,8.2331106224357,7.05233631163972,7.05459250446163,7.89855536872448,7.67403448283632,189
"191",2017,3,7.38714285714286,133,7.82438596491228,7.05921052631579,6.89166666666667,8.07,7.26628318584071,57,76,12,20,113,17609,10050,7559,1693,4183,13426,7.72494730365154,8.23079248258706,7.05240542664374,7.05343768458358,7.89937508964858,7.67060264188887,190
"192",2017,4,7.41194915254237,118,8.02363636363636,6.87793650793651,7.17857142857143,7.5,7.39177083333333,55,63,14,22,96,17727,10105,7622,1707,4205,13522,7.72286382749478,8.22966496288966,7.05096334557859,7.05446397188049,7.89728561236624,7.66862306389587,191
"193",2017,5,7.60446153846154,130,8.17166666666667,7.01953125,6.60526315789474,7.43842105263158,7.63288288288288,66,64,19,19,111,17857,10171,7686,1726,4224,13633,7.72200185193481,8.22928860977288,7.05070161592506,7.0495191193511,7.8952215909091,7.6683320670432,192
"194",2017,6,7.47521739130435,115,8.06551724137931,6.87456140350877,8.20833333333333,8.36052631578947,7.3,58,57,6,19,96,17972,10229,7743,1732,4243,13729,7.72042271700423,8.22836000097761,7.04940496190107,7.05353348729792,7.89730520857884,7.66575650593634,193
"195",2017,7,7.38205128205128,156,8.21772151898734,6.52467532467533,6.05,8.02380952380952,7.28222222222222,79,77,10,21,135,18128,10308,7820,1742,4264,13864,7.71751087102824,8.22827846818005,7.04423818670077,7.04777267508611,7.89792823639775,7.6620218602135,194
"196",2017,8,7.53342105263158,152,8.23,6.7387323943662,6.63076923076923,7.93636363636364,7.42168067226891,81,71,13,33,119,18280,10389,7891,1755,4297,13983,7.71598014606127,8.22829189046106,7.04148937016855,7.04468376068376,7.89822341168258,7.65997647643567,195
"197",2017,9,7.64673758865248,141,8.22166666666667,6.93492063492064,6.91764705882353,7.72173913043478,7.6321186440678,78,63,17,23,118,18421,10467,7954,1772,4320,14101,7.71545014222897,8.22824251934651,7.04064528790546,7.04346501128668,7.8972837962963,7.65974335649954,196
"198",2017,10,7.40328947368421,152,7.81346153846154,6.97094594594595,6,7.90384615384615,7.3,78,74,10,26,126,18573,10545,8028,1782,4346,14227,7.71289544338556,8.22517443812233,7.04000281763826,7.03760942760943,7.89732305568339,7.65655732550784,197
"199",2017,11,7.5675572519084,131,8.07017543859649,7.18040540540541,7,8.11111111111111,7.48097345132743,57,74,16,18,113,18704,10602,8102,1798,4364,14340,7.71187751657399,8.22434111016789,7.04128519131079,7.03727474972191,7.89820485792851,7.65517371478382,198
"200",2017,12,7.40261437908497,153,7.93445945945946,6.90443037974684,6.705,7.52368421052632,7.38544776119403,74,79,20,19,134,18857,10676,8181,1818,4383,14474,7.70936824892613,8.22233181434994,7.03996364992055,7.03361936193619,7.89658133698381,7.65267659734696,199
"201",2018,1,7.86048024154589,207,8.29166666666667,7.18974580246914,7.09839,8.22368421052632,7.77881307692308,126,81,19,38,169,19064,10802,8262,1837,4421,14643,7.71100904741922,8.22314057119052,7.04143210239651,7.03428928143713,7.8993928975345,7.65413238270846,200
"202",2018,2,7.8429197080292,137,8.33,7.25370967741936,6.94285714285714,9.16206896551724,7.4887037037037,75,62,14,29,108,19201,10877,8324,1851,4450,14751,7.71195023592521,8.22387739726027,7.04301321840461,7.03359773635873,7.90762157303371,7.65292119042777,201
"203",2018,3,7.46694869230769,130,8.06,6.87389738461538,7.21846153846154,6.9,7.54089852173913,65,65,13,15,115,19331,10942,8389,1864,4465,14866,7.71030261290156,8.22290389782489,7.04170286804148,7.03488702253219,7.90423650615902,7.65205460850262,202
"204",2018,4,7.502552109375,128,8.15887184615385,6.82539682539683,7.23333333333333,8.22941176470588,7.39123126126126,65,63,15,17,111,19459,11007,8452,1879,4482,14977,7.70893604398993,8.22252576723903,7.0400905537151,7.03647121341139,7.90546987951808,7.65012155171262,203
"205",2018,5,7.76764285714286,140,8.34689655172414,7.35792682926829,7.2,8.335,7.67308333333333,58,82,10,20,120,19599,11065,8534,1889,4502,15097,7.70935539976529,8.22317768820605,7.04314452308413,7.03733690312335,7.90737805419814,7.65030406570842,204
"206",2018,6,7.71347826086957,115,8.17615384615385,7.112,7.2,8.185,7.64811881188119,65,50,5,14,101,19714,11130,8584,1894,4516,15198,7.70937945013696,8.2229030655885,7.04354559179869,7.03776631995776,7.9082387068202,7.65028954336097,205
"207",2018,7,7.66126984126984,126,8.27830508474576,7.11791044776119,6.53125,7.61294117647059,7.66880733944954,59,67,16,17,109,19840,11189,8651,1910,4533,15307,7.70907391532258,8.22319520243095,7.04412153045891,7.0335232513089,7.90713125965145,7.65042140719932,206
"208",2018,8,7.52612403100775,129,8.05838709677419,7.03358208955224,6.61,7.89545454545455,7.45018691588785,62,67,20,22,107,19969,11251,8718,1930,4555,15414,7.70789205668786,8.22228700737712,7.04404053223216,7.02913440932643,7.90707486278815,7.64903143116647,207
"209",2018,9,7.45380597014925,134,7.99636363636364,6.92720588235294,7.25333333333333,7.37037037037037,7.47485981308411,66,68,15,27,107,20103,11317,8786,1945,4582,15521,7.70619840222852,8.22096943712998,7.04313628044616,7.03086344987147,7.9039122653863,7.64783071193866,208
"210",2018,10,7.59637096774194,124,8.17763157894737,6.67604166666667,6.79166666666667,7.8,7.56401869158879,76,48,12,17,107,20227,11393,8834,1957,4599,15628,7.70552511395659,8.22068034055999,7.04114165270546,7.02939673479816,7.90352815829528,7.64725687739954,209
"211",2018,11,7.72463087248322,149,8.09317647058823,7.23515625,7.125,7.93571428571429,7.67578512396694,85,64,16,28,121,20376,11478,8898,1973,4627,15749,7.70566482528465,8.21973611430562,7.04253712744437,7.03017202736949,7.9037229306246,7.64747606070227,210
"212",2018,12,7.68935483870968,124,8.09823529411765,7.19285714285714,7.43,7.88421052631579,7.65409523809524,68,56,10,19,105,20500,11546,8954,1983,4646,15854,7.7055661697561,8.2190205369825,7.0434772570918,7.03218830559758,7.90364313387861,7.64751989907909,211
"213",2019,1,7.32331460674157,178,8.07,6.64086021505376,6.5,7.61923076923077,7.27269736842105,85,93,19,26,152,20678,11631,9047,2002,4672,16006,7.70227567849889,8.21793148654457,7.03933849452857,7.02713756743257,7.90206035958904,7.64396041984256,212
"214",2019,2,7.77057791044776,134,8.13110683544304,7.25272727272727,6.16666666666667,7.6225,7.79655649122807,79,55,9,20,114,20812,11710,9102,2011,4692,16120,7.70271544877955,8.21734573526899,7.04062792353329,7.02328662854301,7.90086871270247,7.64503957320099,213
"215",2019,3,7.45147058823529,136,8.05882352941176,6.84411764705882,6.56818181818182,7.01578947368421,7.52222222222222,68,68,22,19,117,20948,11778,9170,2033,4711,16237,7.70108430017185,8.21643051112243,7.0391707044711,7.01836173635022,7.89729908724262,7.64415458027961,214
"216",2019,4,7.67049180327869,122,8.14,7.03846153846154,6.77777777777778,8.1875,7.54387755102041,70,52,9,24,98,21070,11848,9222,2042,4735,16335,7.70090716279069,8.21597894665766,7.03916670570375,7.01730137610186,7.89877001055966,7.64355297949189,215
"217",2019,5,7.76385321100917,109,8.13320754716981,7.41428571428571,7.01666666666667,7.935,7.72539325842697,53,56,12,20,89,21179,11901,9278,2054,4755,16424,7.70123112139383,8.21561033190488,7.04143084285406,7.01729766796495,7.89892239747634,7.64399646371164,216
"218",2019,6,7.7268,125,8.21129032258064,7.25,7.5,8.03125,7.68211009174312,62,63,9,16,109,21304,11963,9341,2063,4771,16533,7.70138114532482,8.2155879428237,7.04283752917246,7.01940349491033,7.89936617061413,7.64424774209157,217
"219",2019,7,7.77864816666667,120,8.33234571428572,7.16666666666667,7,8.64714285714286,7.66394132075472,63,57,10,14,106,21424,12026,9398,2073,4785,16639,7.70181393297237,8.2161995958756,7.04358856778038,7.01930989387361,7.90155402298851,7.64437320151451,218
"220",2019,8,7.5725786163522,159,8.13177215189873,7.020375,6.5375,7.778,7.54302158273381,79,80,8,20,139,21583,12105,9478,2081,4805,16778,7.70086186813696,8.21564860305658,7.04339263135683,7.01745766938972,7.90103975026015,7.64353353796638,219
"221",2019,9,7.4230534351145,131,8.02909090909091,6.98447368421053,6.55555555555556,7.3,7.43546218487395,55,76,9,12,119,21714,12160,9554,2090,4817,16897,7.69918585705075,8.21480479769736,7.04292394389784,7.01546861722488,7.89954245380942,7.64206816002841,220
"222",2019,10,7.676,125,8.22857142857143,6.97272727272727,6.76153846153846,8.28260869565217,7.53921568627451,70,55,13,23,102,21839,12230,9609,2103,4840,16999,7.69905314803791,8.21488359280457,7.04252215214903,7.01389891107941,7.90136280991736,7.64145100888288,221
"223",2019,11,7.39864285714286,140,7.94014285714286,6.85714285714286,6.86363636363636,7.92142857142857,7.30638655462185,70,70,22,21,119,21979,12300,9679,2125,4861,17118,7.69713961963693,8.21332002764227,7.04118146089472,7.01234325176471,7.90144949598848,7.63912172566889,222
"224",2019,12,7.57116564417178,163,8.13988764044944,6.88716216216216,6.53333333333333,8.08695652173913,7.48642857142857,89,74,15,23,140,22142,12389,9753,2140,4884,17258,7.69621225273236,8.21279250464121,7.04001285348098,7.00898570560748,7.9023230958231,7.63788305133851,223
"225",2020,1,7.62548108247423,194,8.23601371134021,7.01494845360825,6.83,7.64918918918919,7.61989382165605,97,97,25,37,157,22336,12486,9850,2165,4921,17415,7.69559791502507,8.21297290325164,7.03976602639594,7.0069188960739,7.9004198333672,7.63772087453345,224
"226",2020,2,7.345,160,7.93536585365854,6.72435897435897,5.84375,8.08333333333333,7.25140845070423,82,78,16,18,142,22496,12568,9928,2181,4939,17557,7.69310433099218,8.21116165420114,7.03728800966962,6.9983857909216,7.90108645474792,7.6345964020049,225
"227",2020,3,7.617578125,128,8.24926470588235,6.90166666666667,5.84444444444444,8.85555555555556,7.415,68,60,9,18,110,22624,12636,9988,2190,4957,17667,7.69267702572489,8.21136670386198,7.03647330396476,6.99364356621005,7.90455235021182,7.63322912945039,226
"228",2020,4,7.4412037037037,108,7.99636363636364,6.86509433962264,6.65555555555556,7.70952380952381,7.3764367816092,55,53,9,21,87,22732,12691,10041,2199,4978,17754,7.69148227300721,8.21043492790166,7.03556870431232,6.99225984993179,7.90372961028525,7.63197076884083,227
"229",2020,5,7.69598214285714,112,8.18306451612903,7.092,6.62,8.4775,7.52608695652174,62,50,10,20,92,22844,12753,10091,2209,4998,17846,7.69150433505516,8.21030186387517,7.03584831632148,6.99057465368945,7.9060256102441,7.63142491482685,228
"230",2020,6,7.69769230769231,130,8.19565217391304,7.1344262295082,7.32142857142857,8.23684210526316,7.60540540540541,69,61,14,19,111,22974,12822,10152,2223,5017,17957,7.69153935013494,8.21022302838871,7.03644063829787,6.99265830409357,7.90727845325892,7.63126407696163,229
"231",2020,7,7.70228346456693,127,8.27615384615385,7.10064516129032,7.056,7.30333333333333,7.75571428571429,65,62,15,15,112,23101,12887,10214,2238,5032,18069,7.69159841695165,8.21055557305812,7.03683036616409,6.99308284629133,7.90547813990461,7.63203547678344,230
"232",2020,8,7.52689052238806,134,8.0991935483871,7.03407402777778,6.63333333333333,7.51363636363636,7.52807585365854,62,72,15,11,123,23235,12949,10286,2253,5043,18192,7.69064851990532,8.21002237006719,7.03681107233133,6.99068770972037,7.90462343842951,7.63133258355321,231
"233",2020,9,7.99944,125,8.41465753424658,7.41653846153846,7.18181818181818,8.56555555555556,7.90420560747664,73,52,11,18,107,23360,13022,10338,2264,5061,18299,7.69230087157534,8.21116953386577,7.03872109595667,6.99161634717314,7.90697411578739,7.63292815782283,232
"234",2020,10,7.4192421192053,151,7.89023575757576,7.05352941176471,6.83823529411765,7.73529411764706,7.37914597014925,66,85,17,17,134,23511,13088,10423,2281,5078,18433,7.69054714474076,8.20955113309902,7.0388418583901,6.99047321788689,7.90639936983064,7.63108327022189,233
"235",2020,11,7.83825843971631,141,8.26049382716049,7.26824066666667,7.48818181818182,7.65789473684211,7.86634786885246,81,60,11,19,122,23652,13169,10483,2292,5097,18555,7.69142771689498,8.20986447186575,7.04015483449395,6.99286187172775,7.90547302334707,7.63263014605228,234
"236",2020,12,7.55117825503356,149,8.22622228571429,6.95303797468354,6.46933333333333,7,7.61287731343284,70,79,15,15,134,23801,13239,10562,2307,5112,18689,7.69054972144028,8.20995096230834,7.03950323139557,6.98945791504118,7.90281611893584,7.6324885183798,235
"237",2021,1,7.63181818181818,154,8.12142857142857,7.04428571428571,6.5,7.37307692307692,7.684375,84,70,17,26,128,23955,13323,10632,2324,5138,18817,7.69017215278647,8.2093928387,7.03953471877352,6.98587754302926,7.90013546126898,7.63284146888452,236
"238",2021,2,7.63753623188406,138,8.17880597014925,7.12676056338028,6.20833333333333,7.68260869565217,7.62852173913044,67,71,12,23,115,24093,13390,10703,2336,5161,18932,7.68987066450836,8.2092397901419,7.04011334485658,6.98188330907534,7.89916605309049,7.6328152292415,237
"239",2021,3,7.62682524271845,103,8.40339583333333,6.94909090909091,6.54285714285714,8.24372727272727,7.5530652173913,48,55,7,11,92,24196,13438,10758,2343,5172,19024,7.68960228632832,8.2099333077839,7.03964799498048,6.98057166453265,7.89989887857695,7.63242955845248,238
"240",2021,4,7.90798613138686,137,8.446875,7.15165087719298,6.4375,8.13157894736842,7.87198389830508,80,57,8,19,118,24333,13518,10815,2351,5191,19142,7.69083183413471,8.2113355370617,7.0402383014332,6.97872369629945,7.90074686958197,7.63390628043047,239
"241",2021,5,7.43546368421053,133,7.98059701492537,6.88207075757576,6.81925944444444,7.96117647058824,7.35841956896552,67,66,18,17,116,24466,13585,10881,2369,5208,19258,7.68944362339573,8.21019755539198,7.03927891737892,6.97751206416209,7.90094412442396,7.6322468942777,240
"242",2021,6,7.90431034482759,116,8.24861111111111,7.34090909090909,7.11111111111111,8.50416666666667,7.74782608695652,72,44,9,24,92,24582,13657,10925,2378,5232,19350,7.69045755796925,8.2104000724903,7.0404937208238,6.97801769554247,7.90371120030581,7.63279641808786,241
"243",2021,7,8.1247311827957,93,8.84130434782609,7.42340425531915,7.14285714285714,8.56818181818182,7.98732394366197,46,47,7,22,71,24675,13703,10972,2385,5254,19421,7.69209433394124,8.21251797343647,7.0421339682829,6.97850150104822,7.90649352874001,7.63409251274394,242
"244",2021,8,7.77682718518519,135,8.23635025316456,7.12857142857143,7.03333333333333,8.0398,7.71706063636364,79,56,15,25,110,24810,13782,11028,2400,5279,19531,7.69255539540508,8.21265458278914,7.04257289626406,6.9788442,7.90712483424891,7.63455979519738,243
"245",2021,9,7.67837837837838,111,8.15254237288136,7.14038461538462,7.02727272727273,7.5,7.698,59,52,11,11,100,24921,13841,11080,2411,5290,19631,7.69249224990971,8.2123983426053,7.04303194043321,6.97906515138946,7.90627826086956,7.63488295858591,244
"246",2021,10,7.66810344827586,116,8.27230769230769,6.89803921568627,6.66666666666667,7.164,7.80659340659341,65,51,12,25,91,25037,13906,11131,2423,5315,19722,7.6923792531054,8.21267837336401,7.04236761297278,6.97751798596781,7.90278682972719,7.63567525403103,245
"247",2021,11,7.63934959349594,123,8.14291666666667,6.92843137254902,6.12222222222222,8.42826086956522,7.4579,72,51,9,23,100,25160,13978,11182,2432,5338,19822,7.6921200063593,8.21231903419659,7.04184796100877,6.97435282894737,7.90505095541401,7.63477839572193,246
"248",2021,12,7.63910085526316,152,8.12276185714286,7.22621951219512,6.76666666666667,7.73181818181818,7.62341023076923,70,82,15,22,130,25312,14048,11264,2447,5360,19952,7.69180162334071,8.21187277833143,7.04319015447443,6.9730797221087,7.90433992537313,7.63470432487971,247
"249",2022,1,7.58915273127753,227,8.2362194017094,6.90090909090909,6.99090909090909,8.04030303030303,7.51241067010309,117,110,22,33,194,25539,14165,11374,2469,5393,20146,7.69088924233525,8.21207387645605,7.04181412871462,6.97323859052248,7.90517188948637,7.63352667328502,248
"250",2022,2,7.76254275641026,156,8.270708375,7.22763157894737,6.38,8.23333333333333,7.71245865248227,80,76,10,15,141,25695,14245,11450,2479,5408,20287,7.69132426658883,8.21240316812916,7.04304750218341,6.97084553448971,7.90608210059171,7.63407527135604,249
"251",2022,3,8.28693470833333,240,8.78270654929577,7.56857142857143,8.08695652173913,8.8816511627907,8.15712350253807,142,98,23,43,197,25935,14387,11548,2502,5451,20484,7.69683598843262,8.21803207478974,7.04750726532733,6.98110554756195,7.91377783892863,7.63910556336653,250
"252",2022,4,8.01291390728477,151,8.33375,7.65140845070423,8.03846153846154,8.48888888888889,7.9484962406015,80,71,13,18,133,26086,14467,11619,2515,5469,20617,7.69866561987273,8.21867197483928,7.05119751269473,6.98657100596421,7.91567068933991,7.64110143861862,251
"253",2022,5,7.70039682539683,126,8.24393939393939,7.1025,7.06071428571429,8.03913043478261,7.6247572815534,66,60,14,23,103,26212,14533,11679,2529,5492,20720,7.69867394170609,8.21878672400743,7.05146107543454,6.98698144721233,7.91618772760379,7.64102019111969,252
"254",2022,6,7.92777070063694,157,8.47887323943662,7.47279069767442,7.42,8.19791666666667,7.87902255639098,71,86,5,24,133,26369,14604,11765,2534,5516,20853,7.70003797489476,8.22005118186798,7.05454091797705,6.98783586424625,7.91741352429296,7.642538165252,253
"255",2022,7,7.5021608040201,199,8.18239436619718,7.12484375,7.53333333333333,7.88518518518519,7.44203488372093,71,128,15,27,172,26568,14675,11893,2549,5543,21025,7.69855583258055,8.21986899216354,7.05529756159085,6.99104593173793,7.9172565397799,7.64089790059453,254
"256",2022,8,7.75728497409326,193,8.56028888888889,7.05563106796116,6.30176470588235,8.26822222222222,7.64012738853503,90,103,17,36,157,26761,14765,11996,2566,5579,21182,7.69897938642054,8.22194402031832,7.05530042514172,6.98647937646142,7.91952124036566,7.64089218959494,255
"257",2022,9,7.92355681564246,179,8.48987341772152,7.4761667,7.41666666666667,8.67708333333333,7.80688174193548,79,100,6,24,155,26940,14844,12096,2572,5603,21337,7.70047156755754,8.22336994475882,7.05877980902778,6.98748292379471,7.92276619668035,7.64209800018747,256
"258",2022,10,7.73725,160,8.102625,7.371875,7.0125,8.10555555555556,7.66248120300752,80,80,16,27,133,27100,14924,12176,2588,5630,21470,7.7006887095941,8.22272269230769,7.06083693906045,6.98763758887171,7.92364280639432,7.64222426781556,257
"259",2022,11,7.79120253164557,158,8.19023255813953,7.31458333333333,6.88181818181818,7.87434782608696,7.77703703703704,86,72,11,23,135,27258,15010,12248,2599,5653,21605,7.70121336965295,8.22253653964024,7.06232858997388,6.98718971912274,7.92344224305678,7.64306665262671,258
"260",2022,12,7.74922222222222,198,8.24083333333333,7.38698245614035,7.13888888888889,8.04557142857143,7.70041176470588,84,114,18,28,170,27456,15094,12362,2617,5681,21775,7.70155958733974,8.22263836358818,7.06532248584372,6.9882331218953,7.92404418236226,7.64351435269805,259
