"","year","month","avg_rating","no_ratings","avg_rating_owned","avg_rating_not_owned","avg_rating_prev_owned","avg_rating_comment","avg_rating_no_comment","no_ratings_owned","no_ratings_not_owned","no_ratings_prev_owned","no_ratings_comment","no_ratings_no_comment","cum_no_ratings","cum_no_ratings_owned","cum_no_ratings_not_owned","cum_no_ratings_prev_owned","cum_no_ratings_comment","cum_no_ratings_no_comment","cum_avg_rating","cum_avg_rating_owned","cum_avg_rating_not_owned","cum_avg_rating_prev_owned","cum_avg_rating_comment","cum_avg_rating_no_comment","month_after_release"
"1",2002,10,8,1,8,NA,NA,8,NA,1,0,0,1,0,1,1,0,0,1,0,8,8,NA,NA,8,NA,-3
"2",2002,11,7.25,2,7.25,NA,NA,8.5,6,2,0,0,1,1,3,3,0,0,2,1,7.5,7.5,NA,NA,8.25,6,-2
"3",2002,12,9,1,9,NA,NA,NA,9,1,0,0,0,1,4,4,0,0,2,2,7.875,7.875,NA,NA,8.25,7.5,-1
"4",2003,1,7.25,4,7.66666666666667,6,NA,7,8,3,1,0,3,1,8,7,1,0,5,3,7.5625,7.78571428571429,6,NA,7.5,7.66666666666667,0
"5",2003,2,8.14,5,8.5,6.7,6.7,8.23333333333333,8,4,1,1,3,2,13,11,2,1,8,5,7.78461538461538,8.04545454545454,6.35,6.7,7.775,7.8,1
"6",2003,3,6.75,4,7,6,NA,5,7.33333333333333,3,1,0,1,3,17,14,3,1,9,8,7.54117647058823,7.82142857142857,6.23333333333333,6.7,7.46666666666667,7.625,2
"7",2003,4,6.2,5,6.33333333333333,6,NA,8,5.75,3,2,0,1,4,22,17,5,1,10,12,7.23636363636364,7.55882352941176,6.14,6.7,7.52,7,3
"8",2003,5,6.16666666666667,6,7,2,2,5.66666666666667,6.66666666666667,5,1,1,3,3,28,22,6,2,13,15,7.00714285714286,7.43181818181818,5.45,4.35,7.09230769230769,6.93333333333333,4
"9",2003,6,7.11111111111111,9,7.35714285714286,6.25,NA,7.08333333333333,7.16666666666667,7,2,0,6,3,37,29,8,2,19,18,7.03243243243243,7.41379310344828,5.65,4.35,7.08947368421053,6.97222222222222,5
"10",2003,7,6.65,10,6.65,NA,NA,7.375,6.16666666666667,10,0,0,4,6,47,39,8,2,23,24,6.95106382978723,7.21794871794872,5.65,4.35,7.13913043478261,6.77083333333333,6
"11",2003,8,6.6,5,6.6,NA,NA,7.33333333333333,5.5,5,0,0,3,2,52,44,8,2,26,26,6.91730769230769,7.14772727272727,5.65,4.35,7.16153846153846,6.67307692307692,7
"12",2003,9,6.92857142857143,7,7,6.5,NA,6.83333333333333,7,6,1,0,3,4,59,50,9,2,29,30,6.91864406779661,7.13,5.74444444444444,4.35,7.12758620689655,6.71666666666667,8
"13",2003,10,6.83333333333333,9,7.57142857142857,4.25,NA,6.66666666666667,6.91666666666667,7,2,0,3,6,68,57,11,2,32,36,6.90735294117647,7.18421052631579,5.47272727272727,4.35,7.084375,6.75,9
"14",2003,11,7,2,8,6,NA,8,6,1,1,0,1,1,70,58,12,2,33,37,6.91,7.19827586206897,5.51666666666667,4.35,7.11212121212121,6.72972972972973,10
"15",2003,12,6.6,5,6.75,6,NA,6.33333333333333,7,4,1,0,3,2,75,62,13,2,36,39,6.88933333333333,7.16935483870968,5.55384615384615,4.35,7.04722222222222,6.74358974358974,11
"16",2004,1,6.4375,16,6.75,5.91666666666667,NA,6.44444444444444,6.42857142857143,10,6,0,9,7,91,72,19,2,45,46,6.80989010989011,7.11111111111111,5.66842105263158,4.35,6.92666666666667,6.69565217391304,12
"17",2004,2,6.34615384615385,13,6.4375,6.2,6,6.3,6.375,8,5,1,5,8,104,80,24,3,50,54,6.75192307692308,7.04375,5.77916666666667,4.9,6.864,6.64814814814815,13
"18",2004,3,6.20833333333333,12,6.5,4.75,NA,5.625,6.5,10,2,0,4,8,116,90,26,3,54,62,6.69568965517241,6.98333333333333,5.7,4.9,6.77222222222222,6.62903225806452,14
"19",2004,4,5.6875,12,6.02272727272727,2,NA,5,6.17857142857143,11,1,0,5,7,128,101,27,3,59,69,6.601171875,6.87871287128713,5.56296296296296,4.9,6.62203389830508,6.58333333333333,15
"20",2004,5,6,6,6,NA,NA,5.66666666666667,6.33333333333333,6,0,0,3,3,134,107,27,3,62,72,6.57425373134328,6.82943925233645,5.56296296296296,4.9,6.5758064516129,6.57291666666667,16
"21",2004,6,6.8,10,7,6.33333333333333,6,6.33333333333333,7.5,7,3,1,6,4,144,114,30,4,68,76,6.58993055555556,6.83991228070175,5.64,5.175,6.55441176470588,6.62171052631579,17
"22",2004,7,5.3,5,5,6.5,6.5,5.75,5,4,1,1,2,3,149,118,31,5,70,79,6.54664429530201,6.77754237288136,5.66774193548387,5.44,6.53142857142857,6.56012658227848,18
"23",2004,8,6.83333333333333,9,7.07142857142857,6,8,5.5,7.21428571428571,7,2,1,2,7,158,125,33,6,72,86,6.5629746835443,6.794,5.68787878787879,5.86666666666667,6.50277777777778,6.61337209302326,19
"24",2004,9,5.99166666666667,12,6.41428571428571,5.4,6.5,5.66666666666667,6.1,7,5,2,3,9,170,132,38,8,75,95,6.52264705882353,6.77386363636364,5.65,6.025,6.46933333333333,6.56473684210526,20
"25",2004,10,5.56818181818182,11,5.625,5,NA,5,5.69444444444444,10,1,0,2,9,181,142,39,8,77,104,6.4646408839779,6.69295774647887,5.63333333333333,6.025,6.43116883116883,6.48942307692308,21
"26",2004,11,6.375,20,6.38461538461539,6.35714285714286,6,5.91666666666667,6.57142857142857,13,7,3,6,14,201,155,46,11,83,118,6.45572139303483,6.66709677419355,5.74347826086957,6.01818181818182,6.39397590361446,6.49915254237288,22
"27",2004,12,6.11,10,6.325,5.25,4,6.16666666666667,6.08571428571429,8,2,1,3,7,211,163,48,12,86,125,6.439336492891,6.65030674846626,5.72291666666667,5.85,6.38604651162791,6.476,23
"28",2005,1,6.25,24,6.66666666666667,5,5,6.23076923076923,6.27272727272727,18,6,3,13,11,235,181,54,15,99,136,6.42,6.65193370165746,5.64259259259259,5.68,6.36565656565657,6.45955882352941,24
"29",2005,2,5.63888888888889,18,5.82142857142857,5,5,4.95454545454545,6.71428571428571,14,4,2,11,7,253,195,58,17,110,143,6.36442687747036,6.59230769230769,5.59827586206897,5.6,6.22454545454545,6.47202797202797,25
"30",2005,3,6,10,6.125,5.5,6,5.66666666666667,6.5,8,2,1,6,4,263,203,60,18,116,147,6.35057034220532,6.57389162561576,5.595,5.62222222222222,6.19568965517241,6.47278911564626,26
"31",2005,4,5.8,15,6,5.4,NA,6.58333333333333,5.27777777777778,10,5,0,6,9,278,213,65,18,122,156,6.32086330935252,6.54694835680751,5.58,5.62222222222222,6.21475409836066,6.40384615384615,27
"32",2005,5,6.125,16,6.42307692307692,4.83333333333333,NA,5.5,6.75,13,3,0,8,8,294,226,68,18,130,164,6.31020408163265,6.53982300884956,5.54705882352941,5.62222222222222,6.17076923076923,6.42073170731707,28
"33",2005,6,5.72222222222222,9,5.9375,4,4,5,6.08333333333333,8,1,1,3,6,303,234,69,19,133,170,6.29273927392739,6.51923076923077,5.52463768115942,5.53684210526316,6.14436090225564,6.40882352941177,29
"34",2005,7,6.07692307692308,13,6.18181818181818,5.5,NA,6.8,5.625,11,2,0,5,8,316,245,71,19,138,178,6.28386075949367,6.50408163265306,5.52394366197183,5.53684210526316,6.16811594202899,6.37359550561798,30
"35",2005,8,6.16875,16,5.86363636363636,6.84,6.5,6.05555555555556,6.31428571428571,11,5,2,9,7,332,256,76,21,147,185,6.27831325301205,6.4765625,5.61052631578947,5.62857142857143,6.16122448979592,6.37135135135135,31
"36",2005,9,5.35714285714286,7,5.4,5.25,6.5,4,6.375,5,2,1,3,4,339,261,78,22,150,189,6.25929203539823,6.45593869731801,5.60128205128205,5.66818181818182,6.118,6.37142857142857,32
"37",2005,10,6.2,20,6.34375,5.625,5.625,6.25,6.17857142857143,16,4,4,6,14,359,277,82,26,156,203,6.25598885793872,6.44945848375451,5.60243902439024,5.66153846153846,6.12307692307692,6.35812807881773,33
"38",2005,11,4.83928571428571,14,5.70833333333333,4.1875,6.5,3.29166666666667,6,6,8,1,6,8,373,283,90,27,162,211,6.20281501340483,6.43374558303887,5.47666666666667,5.69259259259259,6.01820987654321,6.34454976303318,34
"39",2005,12,5.82352941176471,17,6.09090909090909,5.33333333333333,2,5.4,6,11,6,1,5,12,390,294,96,28,167,223,6.18628205128205,6.42091836734694,5.46770833333333,5.56071428571429,5.9997005988024,6.32600896860987,35
"40",2006,1,5.75,18,5.95454545454545,5.42857142857143,3,5.90909090909091,5.5,11,7,1,11,7,408,305,103,29,178,230,6.16703431372549,6.40409836065574,5.46504854368932,5.47241379310345,5.99410112359551,6.30086956521739,36
"41",2006,2,6.3,10,6.3,NA,NA,6,6.42857142857143,10,0,0,3,7,418,315,103,29,181,237,6.17021531100479,6.40079365079365,5.46504854368932,5.47241379310345,5.99419889502763,6.30464135021097,37
"42",2006,3,6.21875,16,6.40909090909091,5.8,6,6.2,6.22727272727273,11,5,3,5,11,434,326,108,32,186,248,6.17200460829493,6.4010736196319,5.48055555555556,5.521875,5.9997311827957,6.30120967741936,38
"43",2006,4,6,5,5.5,8,NA,7.33333333333333,4,4,1,0,3,2,439,330,109,32,189,250,6.17004555808656,6.39015151515152,5.50366972477064,5.521875,6.02089947089947,6.2828,39
"44",2006,5,5.58333333333333,12,5.875,5,6,5.42857142857143,5.8,8,4,1,7,5,451,338,113,33,196,255,6.15443458980044,6.37795857988166,5.4858407079646,5.53636363636364,5.99974489795918,6.27333333333333,40
"45",2006,6,5,13,5.58333333333333,4.5,NA,4.875,5.2,6,7,0,8,5,464,344,120,33,204,260,6.12209051724138,6.3640988372093,5.42833333333333,5.53636363636364,5.95563725490196,6.25269230769231,41
"46",2006,7,5.78571428571429,7,5.58333333333333,7,7,5.66666666666667,5.875,6,1,1,3,4,471,350,121,34,207,264,6.11709129511677,6.35071428571429,5.44132231404959,5.57941176470588,5.95144927536232,6.2469696969697,42
"47",2006,8,5.9,10,6.42857142857143,4.66666666666667,NA,5.33333333333333,6.14285714285714,7,3,0,3,7,481,357,124,34,210,271,6.11257796257796,6.35224089635854,5.42258064516129,5.57941176470588,5.94261904761905,6.24428044280443,43
"48",2006,9,5.92727272727273,11,6.45714285714286,5,6,5.625,6.1,7,4,1,4,7,492,364,128,35,214,278,6.10843495934959,6.35425824175824,5.409375,5.59142857142857,5.93668224299066,6.24064748201439,44
"49",2006,10,5.75,8,5.5,6.5,6,5.75,5.75,6,2,1,4,4,500,370,130,36,218,282,6.1027,6.3404054054054,5.42615384615385,5.60277777777778,5.93325688073395,6.23368794326241,45
"50",2006,11,5.6875,8,5.71428571428571,5.5,5.5,5.66666666666667,5.7,7,1,1,3,5,508,377,131,37,221,287,6.09616141732283,6.32877984084881,5.42671755725191,5.6,5.92963800904977,6.22439024390244,46
"51",2006,12,6.21428571428571,21,6.09375,6.6,6,6.3,6.1875,16,5,2,5,16,529,393,136,39,226,303,6.10085066162571,6.31921119592875,5.46985294117647,5.62051282051282,5.93783185840708,6.22244224422442,47
"52",2007,1,6.21428571428571,28,6.56521739130435,4.6,3,4.33333333333333,6.44,23,5,2,3,25,557,416,141,41,229,328,6.10655296229803,6.3328125,5.43900709219858,5.49268292682927,5.91681222707424,6.2390243902439,48
"53",2007,2,5.96428571428571,14,6.11111111111111,5.7,6.75,5.33333333333333,6.13636363636364,9,5,2,3,11,571,425,146,43,232,339,6.10306479859895,6.32811764705882,5.44794520547945,5.55116279069767,5.90926724137931,6.23569321533923,49
"54",2007,3,5.93333333333333,15,6.22222222222222,5.5,4,7.375,5.40909090909091,9,6,1,4,11,586,434,152,44,236,350,6.09872013651877,6.32592165898618,5.45,5.51590909090909,5.93411016949153,6.20971428571429,50
"55",2007,4,6.09473684210526,19,6.33125,4.83333333333333,NA,5.375,6.28666666666667,16,3,0,4,15,605,450,155,44,240,365,6.09859504132231,6.32611111111111,5.43806451612903,5.51590909090909,5.92479166666667,6.21287671232877,51
"56",2007,5,5.60869565217391,23,6.13333333333333,4.625,4.75,5,5.82352941176471,15,8,4,6,17,628,465,163,48,246,382,6.08065286624204,6.31989247311828,5.39815950920245,5.45208333333333,5.90223577235772,6.1955497382199,52
"57",2007,6,5.55333333333333,15,5.72727272727273,5.075,3,5.85,5.21428571428571,11,4,1,8,7,643,476,167,49,254,389,6.06835147744946,6.3061974789916,5.39041916167665,5.40204081632653,5.9005905511811,6.17789203084833,53
"58",2007,7,5.73076923076923,13,5.66666666666667,5.875,5.25,6,5.65,9,4,2,3,10,656,485,171,51,257,399,6.06166158536585,6.29432989690722,5.40175438596491,5.39607843137255,5.90175097276265,6.16466165413534,54
"59",2007,8,5.62105263157895,19,5.9,5.14285714285714,NA,6.6,5.4375,12,7,0,3,16,675,497,178,51,260,415,6.04925925925926,6.28480885311871,5.39157303370786,5.39607843137255,5.90980769230769,6.1366265060241,55
"60",2007,9,5.44444444444444,9,5.83333333333333,4.66666666666667,NA,6,5.375,6,3,0,1,8,684,503,181,51,261,423,6.04130116959064,6.27942345924453,5.37955801104972,5.39607843137255,5.91015325670498,6.12222222222222,56
"61",2007,10,6.11176470588235,17,6.54545454545455,5.31666666666667,5.7,6.73333333333333,5.77272727272727,11,6,2,6,11,701,514,187,53,267,434,6.04300998573467,6.28511673151751,5.37754010695187,5.40754716981132,5.92865168539326,6.11336405529954,57
"62",2007,11,6.125,16,6.2,6,5,4.66666666666667,6.46153846153846,10,6,1,3,13,717,524,193,54,270,447,6.04483960948396,6.28349236641221,5.39689119170984,5.4,5.91462962962963,6.12348993288591,58
"63",2007,12,6.06296296296296,27,5.96875,6.2,5.84,5.86363636363636,6.2,16,11,5,11,16,744,540,204,59,281,463,6.04549731182796,6.27416666666667,5.44019607843137,5.43728813559322,5.9126334519573,6.12613390928726,59
"64",2008,1,5.8,25,6.03333333333333,5.45,4.9,4.92857142857143,6.13888888888889,15,10,5,7,18,769,555,214,64,288,481,6.03751625487646,6.26765765765766,5.44065420560748,5.3953125,5.88871527777778,6.12661122661123,60
"65",2008,2,5.76470588235294,17,6.16666666666667,4.8,6.5,5.25,5.92307692307692,12,5,2,4,13,786,567,219,66,292,494,6.03161577608143,6.26552028218695,5.42602739726027,5.42878787878788,5.87996575342466,6.12125506072875,61
"66",2008,3,5.77272727272727,22,6,5.5,6,5.94444444444444,5.65384615384615,12,10,7,9,13,808,579,229,73,301,507,6.02456683168317,6.26001727115717,5.4292576419214,5.48356164383562,5.88189368770764,6.10927021696252,62
"67",2008,4,5.10714285714286,14,5.40909090909091,4,6,4.75,5.25,11,3,1,4,10,822,590,232,74,305,517,6.00894160583942,6.24415254237288,5.41077586206896,5.49054054054054,5.86704918032787,6.0926499032882,63
"68",2008,5,6.10526315789474,19,6.15384615384615,6,5.5,6,6.16666666666667,13,6,2,7,12,841,603,238,76,312,529,6.01111771700357,6.2422056384743,5.42563025210084,5.49078947368421,5.87003205128205,6.09432892249527,64
"69",2008,6,6.35714285714286,14,6.5625,6.08333333333333,6.125,6.1,6.5,8,6,4,5,9,855,611,244,80,317,538,6.01678362573099,6.24639934533552,5.44180327868852,5.5225,5.87365930599369,6.10111524163569,65
"70",2008,7,5.76666666666667,12,5.96666666666667,5.16666666666667,5.16666666666667,5.53333333333333,6,9,3,3,6,6,867,620,247,83,323,544,6.01332179930796,6.24233870967742,5.43846153846154,5.50963855421687,5.86733746130031,6.1,66
"71",2008,8,6.13157894736842,19,6.25,5.92857142857143,6.125,5.8,6.25,12,7,4,5,14,886,632,254,87,328,558,6.01585778781038,6.24248417721519,5.45196850393701,5.53793103448276,5.86631097560976,6.10376344086021,67
"72",2008,9,5.70833333333333,12,5.6,5.78571428571429,5.5,5.375,5.875,5,7,4,4,8,898,637,261,91,332,566,6.01174832962138,6.23744113029827,5.46091954022988,5.53626373626374,5.86039156626506,6.10053003533569,68
"73",2008,10,6.49375,16,6.5,6.475,5.7,5.85,6.70833333333333,12,4,2,4,12,914,649,265,93,336,578,6.02018599562363,6.24229583975347,5.47622641509434,5.53978494623656,5.86026785714286,6.11314878892734,69
"74",2008,11,5.56666666666667,15,6.3,5.2,5.125,5.75,5.44444444444444,5,10,8,6,9,929,654,275,101,342,587,6.01286329386437,6.2427370030581,5.46618181818182,5.50693069306931,5.85833333333333,6.10289608177172,70
"75",2008,12,5.63928571428571,28,6.32142857142857,4.95714285714286,4.925,5.22222222222222,5.83684210526316,14,14,8,9,19,957,668,289,109,351,606,6.00193312434692,6.24438622754491,5.44152249134948,5.46422018348624,5.84202279202279,6.09455445544554,71
"76",2009,1,6.06666666666667,27,6.08125,6.04545454545455,5.8,6.5,5.94285714285714,16,11,5,6,21,984,684,300,114,357,627,6.0037093495935,6.2405701754386,5.46366666666666,5.47894736842105,5.853081232493,6.08947368421053,72
"77",2009,2,5.16666666666667,27,5.47058823529412,4.65,4.5,5.33333333333333,5.14583333333333,17,10,2,3,24,1011,701,310,116,360,651,5.98135509396637,6.22189728958631,5.43741935483871,5.46206896551724,5.84875,6.05468509984639,73
"78",2009,3,5.12666666666667,30,5.38888888888889,4.73333333333333,5,5.16666666666667,5.10952380952381,18,12,7,9,21,1041,719,322,123,369,672,5.95672430355427,6.20104311543811,5.4111801242236,5.43577235772358,5.83211382113821,6.02514880952381,74
"79",2009,4,5.34375,16,5.70833333333333,4.25,4.5,5,5.42307692307692,12,4,2,3,13,1057,731,326,125,372,685,5.94744560075686,6.19295485636115,5.39693251533742,5.4208,5.82540322580645,6.01372262773723,75
"80",2009,5,5.77380952380952,21,6.55555555555556,5.1875,5.04166666666667,5.46428571428571,5.92857142857143,9,12,6,7,14,1078,740,338,131,379,699,5.94406307977737,6.19736486486487,5.38949704142012,5.40343511450382,5.81873350923483,6.01201716738198,76
"81",2009,6,5.325,10,5.95,4.7,5,7,4.90625,5,5,3,2,8,1088,745,343,134,381,707,5.93837316176471,6.19570469798658,5.37944606413994,5.39440298507463,5.8249343832021,5.99950495049505,77
"82",2009,7,5.60208333333333,24,5.87,5.41071428571429,4.55,5.27083333333333,5.93333333333333,10,14,5,12,12,1112,755,357,139,393,719,5.93111510791367,6.19139072847682,5.38067226890756,5.36402877697842,5.80801526717557,5.99840055632824,78
"83",2009,8,6.025,20,6.17857142857143,5.66666666666667,6.25,6.16666666666667,6,14,6,4,3,17,1132,769,363,143,396,736,5.93277385159011,6.19115734720416,5.38539944903581,5.38881118881119,5.81073232323232,5.9984375,79
"84",2009,9,5.84375,16,6.57142857142857,5.27777777777778,6.125,5.33333333333333,6.15,7,9,4,6,10,1148,776,372,147,402,746,5.9315331010453,6.19458762886598,5.38279569892473,5.40884353741497,5.80360696517413,6.00046916890081,80
"85",2009,10,6.1546875,32,6.26470588235294,6.03,5.86666666666667,6.42857142857143,6.078,17,15,6,7,25,1180,793,387,153,409,771,5.93758474576271,6.19609079445145,5.4078811369509,5.42679738562092,5.81430317848411,6.00298313878081,81
"86",2009,11,5.5625,24,5.46153846153846,5.68181818181818,6.4375,6.25,5.33333333333333,13,11,8,6,18,1204,806,398,161,415,789,5.93010797342193,6.18424317617866,5.41545226130653,5.47701863354037,5.82060240963855,5.98770595690748,82
"87",2009,12,5.98,30,6.43055555555556,5.30416666666667,5.95625,6.07142857142857,5.95217391304348,18,12,8,7,23,1234,824,410,169,422,812,5.9313209076175,6.18962378640777,5.41219512195122,5.49970414201184,5.82476303317536,5.98669950738916,83
"88",2010,1,5.825,32,5.91578947368421,5.69230769230769,5.91666666666667,5.5,5.87142857142857,19,13,6,4,28,1266,843,423,175,426,840,5.92863349131122,6.18345195729537,5.42080378250591,5.514,5.82171361502347,5.98285714285714,84
"89",2010,2,5.71875,16,5.86111111111111,5.53571428571429,5.55,3.875,5.98214285714286,9,7,5,2,14,1282,852,430,180,428,854,5.92601404056162,6.18004694835681,5.42267441860465,5.515,5.81261682242991,5.98284543325527,85
"90",2010,3,6.4,15,6.54545454545455,6,7,6,6.46153846153846,11,4,1,2,13,1297,863,434,181,430,867,5.93149575944487,6.18470451911935,5.42799539170507,5.5232044198895,5.81348837209302,5.99002306805075,86
"91",2010,4,5.34285714285714,14,5.45,5.075,6.43333333333333,6.16666666666667,5.11818181818182,10,4,3,3,11,1311,873,438,184,433,878,5.92520976353928,6.17628865979381,5.42477168949772,5.53804347826087,5.81593533487298,5.97910022779043,87
"92",2010,5,6.125,16,6,6.4,6.66666666666667,6.2,6.09090909090909,11,5,3,5,11,1327,884,443,187,438,889,5.92761868877166,6.17409502262443,5.43577878103837,5.55614973262032,5.8203196347032,5.98048368953881,88
"93",2010,6,5.76923076923077,13,5.75,5.8,6,6,5.72727272727273,8,5,2,2,11,1340,892,448,189,440,900,5.92608208955224,6.17029147982063,5.43984375,5.56084656084656,5.82113636363636,5.97738888888889,89
"94",2010,7,5.86666666666667,15,6.22222222222222,5.33333333333333,5.75,5.75,5.90909090909091,9,6,4,4,11,1355,901,454,193,444,911,5.92542435424354,6.1708102108768,5.43843612334802,5.56476683937824,5.8204954954955,5.97656421514819,90
"95",2010,8,5.17857142857143,21,6,3.84375,4,5.9,4.953125,13,8,4,5,16,1376,914,462,197,449,927,5.91402616279069,6.16838074398249,5.41082251082251,5.53299492385787,5.82138084632517,5.95889967637541,91
"96",2010,9,5.45833333333333,12,5.77777777777778,4.5,5.25,5.83333333333333,5.33333333333333,9,3,2,3,9,1388,923,465,199,452,936,5.91008645533141,6.16457204767064,5.40494623655914,5.53015075376884,5.82146017699115,5.95288461538462,92
"97",2010,10,5.99333333333333,15,5.875,6.46666666666667,6.5,6,5.99166666666667,12,3,2,3,12,1403,935,468,201,455,948,5.91097647897362,6.16085561497326,5.41175213675214,5.53980099502488,5.82263736263736,5.95337552742616,93
"98",2010,11,5.52941176470588,17,5.5,5.55555555555556,5.8,5.33333333333333,5.57142857142857,8,9,5,3,14,1420,943,477,206,458,962,5.90640845070422,6.15524920466596,5.41446540880503,5.54611650485437,5.81943231441048,5.94781704781705,94
"99",2010,12,5.57692307692308,26,5.96428571428571,5.125,4.33333333333333,4.58333333333333,5.875,14,12,6,6,20,1446,957,489,212,464,982,5.90048409405256,6.15245559038662,5.40736196319018,5.51179245283019,5.80344827586207,5.94633401221996,95
"100",2011,1,6.07857142857143,35,6.33653846153846,5.33333333333333,5.16666666666667,6,6.09821428571429,26,9,6,7,28,1481,983,498,218,471,1010,5.90469277515192,6.15732451678535,5.40602409638554,5.50229357798165,5.80636942675159,5.95054455445545,96
"101",2011,2,6.135,20,6.33333333333333,5.54,4,6,6.15,15,5,1,2,18,1501,998,503,219,473,1028,5.90776149233844,6.15996993987976,5.40735586481113,5.49543378995434,5.80718816067653,5.95403696498054,97
"102",2011,3,5.58784375,32,6.10061111111111,4.92857142857143,5.05183333333333,4.75,5.70753571428571,18,14,6,4,28,1533,1016,517,225,477,1056,5.90108349641226,6.15891830708661,5.39439071566731,5.48360444444444,5.79832285115304,5.9475009469697,98
"103",2011,4,5.72916666666667,24,5.86111111111111,5.33333333333333,6,6,5.65789473684211,18,6,1,5,19,1557,1034,523,226,482,1075,5.89843352601156,6.15373404255319,5.39369024856596,5.48588938053097,5.80041493775934,5.9423823255814,99
"104",2011,5,5.5,14,6,4.25,5.5,5,5.53846153846154,10,4,2,1,13,1571,1044,527,228,483,1088,5.89488287714831,6.15226149425287,5.38500948766603,5.48601315789474,5.79875776397516,5.93755606617647,100
"105",2011,6,5.35714285714286,14,5.5,4.5,NA,5.66666666666667,5.27272727272727,12,2,0,3,11,1585,1056,529,228,486,1099,5.89013312302839,6.14484943181818,5.38166351606805,5.48601315789474,5.79794238683128,5.9309017288444,101
"106",2011,7,6.21875,16,6.18181818181818,6.3,5.875,7,6.03846153846154,11,5,4,3,13,1601,1067,534,232,489,1112,5.89341723922548,6.1452305529522,5.39026217228464,5.49271982758621,5.80531697341513,5.93215917266187,102
"107",2011,8,5.58,15,6.02857142857143,5.1875,4.625,5.25,5.63076923076923,7,8,4,2,13,1616,1074,542,236,491,1125,5.89050804455445,6.14447020484171,5.38726937269373,5.47801271186441,5.8030549898167,5.92867644444444,103
"108",2011,9,6.4375,12,6.53125,6.25,6.33333333333333,6.5,6.425,8,4,3,2,10,1628,1082,546,239,493,1135,5.89453992628992,6.14732994454713,5.39358974358974,5.48874895397489,5.80588235294118,5.93304933920705,104
"109",2011,10,5.671875,32,5.95,5.20833333333333,4.35714285714286,3.91666666666667,6.07692307692308,20,12,7,6,26,1660,1102,558,246,499,1161,5.89024759036144,6.14374863883847,5.38960573476702,5.4565487804878,5.78316633266533,5.93627131782946,105
"110",2011,11,6.21875,16,6.20833333333333,6.25,9,7.2,5.77272727272727,12,4,1,5,11,1676,1114,562,247,504,1172,5.89338365155131,6.14444434470377,5.39572953736655,5.47089473684211,5.79722222222222,5.93473634812287,106
"111",2011,12,6.05384615384615,26,6.04705882352941,6.06666666666667,5,5.2,6.25714285714286,17,9,2,5,21,1702,1131,571,249,509,1193,5.89583490011751,6.14298054818744,5.40630472854641,5.4671124497992,5.79135559921415,5.94041156747695,107
"112",2012,1,5.81333333333333,30,5.83333333333333,5.76666666666667,6.4,5.33333333333333,5.86666666666667,21,9,5,3,27,1732,1152,580,254,512,1220,5.89440588914549,6.1373359375,5.41189655172414,5.48547637795276,5.788671875,5.93877950819672,108
"113",2012,2,5.97058823529412,17,6.04166666666667,5.8,5.66666666666667,5.875,6,12,5,3,4,13,1749,1164,585,257,516,1233,5.89514636935391,6.13634965635739,5.41521367521368,5.48759143968872,5.78934108527132,5.93942497972425,109
"114",2012,3,5.39285714285714,14,5.55,5,5.5,6,5.29166666666667,10,4,2,2,12,1763,1174,589,259,518,1245,5.8911576857629,6.13135519591141,5.41239388794567,5.48768725868726,5.79015444015444,5.93318152610442,110
"115",2012,4,6.3625,16,6.57692307692308,5.43333333333333,3,6,6.44615384615385,13,3,1,3,13,1779,1187,592,260,521,1258,5.89539685216413,6.1362350463353,5.4125,5.47811923076923,5.79136276391555,5.93848251192369,111
"116",2012,5,5.89473684210526,19,5.93333333333333,5.75,6.5,5.33333333333333,6,15,4,2,3,16,1798,1202,596,262,524,1274,5.89538987764182,6.13370299500832,5.41476510067114,5.48591984732824,5.78874045801527,5.93925510204082,112
"117",2012,6,5.825,20,5.96875,5.25,5.66666666666667,4,6.02777777777778,16,4,3,2,18,1818,1218,600,265,526,1292,5.89461551155115,6.13153612479474,5.41366666666667,5.48796603773585,5.7819391634981,5.94048839009288,113
"118",2012,7,5.565,14,6.71428571428571,4.41571428571429,4.33333333333333,5,5.98875,7,7,3,6,8,1832,1225,607,268,532,1300,5.89209661572052,6.13486612244898,5.40215815485997,5.47504104477612,5.77312030075188,5.94078538461538,114
"119",2012,8,5.35714285714286,14,6.33333333333333,3.6,3.5,3.83333333333333,5.77272727272727,9,5,2,3,11,1846,1234,612,270,535,1311,5.88803954496208,6.13631361426256,5.38743464052288,5.46041111111111,5.76224299065421,5.93937528604119,115
"120",2012,9,6.01363636363636,22,6,6.075,6.8,5.6,6.07894736842105,18,4,1,3,19,1868,1252,616,271,538,1330,5.8895187366167,6.13435383386581,5.39189935064935,5.46535424354243,5.76133828996283,5.94136917293233,116
"121",2012,10,5.78214285714286,14,5.87222222222222,5.62,6,NA,5.78214285714286,9,5,2,0,14,1882,1261,621,273,538,1344,5.88871997874601,6.13248295003965,5.39373590982287,5.46927106227106,5.76133828996283,5.93971056547619,117
"122",2012,11,5.59523809523809,21,5.76666666666667,5.16666666666667,5.25,5,5.625,15,6,4,1,20,1903,1276,627,277,539,1364,5.88548134524435,6.12818260188088,5.3915629984051,5.46610469314079,5.75992578849722,5.93509604105572,118
"123",2012,12,5.51153846153846,26,5.85,4.75,4.66666666666667,4.38333333333333,5.85,18,8,6,6,20,1929,1294,635,283,545,1384,5.88044116122343,6.12431298299845,5.38348031496063,5.4491554770318,5.74477064220184,5.93386632947977,119
"124",2013,1,6.00857142857143,35,6.14615384615385,5.61111111111111,6,6,6.00909090909091,26,9,5,2,33,1964,1320,644,288,547,1417,5.88272454175152,6.12474318181818,5.38666149068323,5.45871875,5.74570383912249,5.93561820748059,120
"125",2013,2,5.45333333333333,15,5.48,5.4,4,5.25,5.52727272727273,10,5,1,4,11,1979,1330,649,289,551,1428,5.87946993431025,6.1198954887218,5.38676425269646,5.45367128027682,5.7421052631579,5.93247268907563,121
"126",2013,3,5.9,20,5.61538461538461,6.42857142857143,7,6,5.88888888888889,13,7,3,2,18,1999,1343,656,292,553,1446,5.87967533766883,6.11501191362621,5.39788109756098,5.46955821917808,5.74303797468355,5.93193015214384,122
"127",2013,4,5.34210526315789,19,5.46428571428571,5,NA,5.5,5.32352941176471,14,5,0,2,17,2018,1357,661,292,555,1463,5.87461397423191,6.10829845246868,5.39487140695915,5.46955821917808,5.74216216216216,5.92486056049214,123
"128",2013,5,5.35294117647059,17,5.30769230769231,5.5,5.33333333333333,5,5.42857142857143,13,4,3,3,14,2035,1370,665,295,558,1477,5.87025601965602,6.10070145985401,5.3955037593985,5.46817288135593,5.73817204301075,5.92015639810426,124
"129",2013,6,5.68421052631579,19,5.8,5.25,6,5,5.8125,15,4,3,3,16,2054,1385,669,298,561,1493,5.86853505355404,6.09744476534296,5.39463378176383,5.47352684563758,5.73422459893048,5.91900267916945,125
"130",2013,7,5.52380952380952,21,5.71428571428571,5.14285714285714,4.8,6,5.33333333333333,14,7,5,6,15,2075,1399,676,303,567,1508,5.86504626506024,6.09361043602573,5.39202662721893,5.46241254125412,5.73703703703704,5.91317705570292,126
"131",2013,8,5.835,20,6.25,5.42,5.6,3.5,6.09444444444444,10,10,5,2,18,2095,1409,686,308,569,1526,5.86475942720763,6.09472036905607,5.39243440233236,5.4646461038961,5.72917398945519,5.91531520314548,127
"132",2013,9,5.94782608695652,23,6.20625,5.35714285714286,6.16666666666667,6.25,5.88421052631579,16,7,3,4,19,2118,1425,693,311,573,1545,5.86566147308782,6.09597263157895,5.39207792207792,5.47141800643087,5.73280977312391,5.91493268608414,128
"133",2013,10,6.13181818181818,22,6.13888888888889,6.1,6.5,4.5,6.295,18,4,1,2,20,2140,1443,697,312,575,1565,5.8683976635514,6.09650796950797,5.3961406025825,5.47471474358974,5.72852173913044,5.91978977635782,129
"134",2013,11,5.4,20,5.5625,4.75,NA,8,5.26315789473684,16,4,0,1,19,2160,1459,701,312,576,1584,5.86406064814814,6.09065181631254,5.39245363766049,5.47471474358974,5.73246527777778,5.91191351010101,130
"135",2013,12,6.05833333333333,24,6.15,5.875,6,6.75,5.92,16,8,6,4,20,2184,1475,709,318,580,1604,5.86619551282051,6.09129559322034,5.39789844851904,5.48462578616352,5.73948275862069,5.91201433915212,131
"136",2014,1,6.07857142857143,49,6.50441176470588,5.11333333333333,5.44,6.03181818181818,6.09210526315789,34,15,5,11,38,2233,1509,724,323,591,1642,5.87085579937304,6.10060371106693,5.39200276243094,5.48393498452012,5.74492385786802,5.91618209500609,132
"137",2014,2,5.74137931034483,29,5.41666666666667,6.27272727272727,5.8,4.5,5.83333333333333,18,11,5,2,27,2262,1527,735,328,593,1669,5.8691958443855,6.09254158480681,5.40518367346939,5.48875304878049,5.74072512647555,5.91484182144997,133
"138",2014,3,5.34444444444444,18,5.56666666666667,4.23333333333333,3.85,6.06666666666667,5.2,15,3,2,3,15,2280,1542,738,330,596,1684,5.86505307017544,6.08742607003891,5.40042005420054,5.47882121212121,5.74236577181208,5.90847446555819,134
"139",2014,4,6.45833333333333,12,6.72222222222222,5.66666666666667,5.66666666666667,6,6.5,9,3,3,1,11,2292,1551,741,333,597,1695,5.8681592495637,6.09110960670535,5.4014979757085,5.48051351351351,5.742797319933,5.91231327433628,135
"140",2014,5,5.49090909090909,11,5.78571428571429,4.975,4.25,3,5.74,7,4,2,1,10,2303,1558,745,335,598,1705,5.86635735996526,6.08973748395379,5.39920805369128,5.4731671641791,5.73821070234114,5.91130263929618,136
"141",2014,6,5.83333333333333,24,5.53571428571429,6.25,6.4,5.5,5.86363636363636,14,10,5,2,22,2327,1572,755,340,600,1727,5.86601675977653,6.0848034351145,5.41047682119205,5.48679705882353,5.73741666666667,5.91069542559351,137
"142",2014,7,5.44736842105263,19,5.75,4.6,3,6,5.38235294117647,14,5,1,2,17,2346,1586,760,341,602,1744,5.86262617220801,6.08184804539722,5.40514473684211,5.47950439882698,5.73828903654485,5.90554529816514,138
"143",2014,8,5.965,20,5.96666666666667,5.96,NA,5,6.01578947368421,15,5,0,1,19,2366,1601,765,341,603,1763,5.86349154691462,6.08076889444097,5.40877124183007,5.47950439882698,5.73706467661692,5.90673340896199,139
"144",2014,9,5.79411764705882,17,5.77272727272727,5.83333333333333,5.83333333333333,8,5.65625,11,6,6,1,16,2383,1612,771,347,604,1779,5.86299664288711,6.07866687344913,5.41207522697795,5.48562247838617,5.74081125827815,5.90448060708263,140
"145",2014,10,5.63888888888889,18,5.57692307692308,5.8,3,6.75,5.32142857142857,13,5,1,4,14,2401,1625,776,348,608,1793,5.86131653477717,6.07465292307692,5.41457474226804,5.47847988505747,5.74745065789474,5.89992805354155,141
"146",2014,11,5.78571428571429,14,5.85,5.625,6,7,5.58333333333333,10,4,1,2,12,2415,1635,780,349,610,1805,5.86087826086956,6.07327889908257,5.41565384615385,5.47997421203438,5.75155737704918,5.89782326869806,142
"147",2014,12,5.01333333333333,15,5.22222222222222,4.7,5.3,4.35,5.11538461538461,9,6,4,2,13,2430,1644,786,353,612,1818,5.85564650205761,6.0686198296837,5.41019083969466,5.47793484419263,5.74697712418301,5.89222827282728,143
"148",2015,1,5.99285714285714,28,6.2047619047619,5.35714285714286,5.46,5.85714285714286,6.03809523809524,21,7,5,7,21,2458,1665,793,358,619,1839,5.8572095199349,6.07033693693694,5.40972257250946,5.4776843575419,5.74822294022617,5.89389396411093,144
"149",2015,2,6.05961538461538,26,6.00333333333333,6.13636363636364,6.25,6.01,6.07142857142857,15,11,6,5,21,2484,1680,804,364,624,1860,5.85932809983897,6.06973869047619,5.41966417910448,5.49041483516484,5.75032051282052,5.89589838709677,145
"150",2015,3,5.98421052631579,19,5.92777777777778,7,NA,7,5.79375,18,1,0,3,16,2503,1698,805,364,627,1876,5.86027606871754,6.06823380447585,5.42162732919255,5.49041483516484,5.75629984051037,5.89502718550106,146
"151",2015,4,5.51304347826087,23,5.83333333333333,4.9125,5,4.5,5.72631578947368,15,8,1,4,19,2526,1713,813,365,631,1895,5.8571144101346,6.06617688266199,5.41661746617466,5.48907123287671,5.74833597464343,5.89333562005277,147
"152",2015,5,6.08823529411765,17,6.375,5.4,6.5,6,6.10714285714286,12,5,2,3,14,2543,1725,818,367,634,1909,5.85865945733385,6.0683252173913,5.41651589242054,5.49458038147139,5.74952681388013,5.89490361445783,148
"153",2015,6,5.43333333333333,15,5.6875,5.14285714285714,5.5,4.66666666666667,5.625,8,7,6,3,12,2558,1733,825,373,637,1921,5.85616536356528,6.06656722446624,5.41419393939394,5.49466756032172,5.74442700156986,5.8932175950026,149
"154",2015,7,5.56875,16,6.00909090909091,4.6,5,5.66666666666667,5.54615384615385,11,5,3,3,13,2574,1744,830,376,640,1934,5.85437878787878,6.06620470183486,5.40928915662651,5.49072074468085,5.7440625,5.89088469493278,150
"155",2015,8,5.6952380952381,21,5.88461538461539,5.3875,4.775,5.4,5.76470588235294,13,8,4,4,17,2595,1757,838,380,644,1951,5.85309094412331,6.06486112692089,5.40908114558473,5.48318684210526,5.74192546583851,5.88978523833931,151
"156",2015,9,6.30434782608696,23,6.45238095238095,4.75,5,7.5,6.125,21,2,1,3,20,2618,1778,840,381,647,1971,5.85705538579068,6.06943813273341,5.4075119047619,5.4819186351706,5.75007727975271,5.89217199391172,152
"157",2015,10,5.80952380952381,21,5.71428571428571,6,5.8,4,5.9,14,7,5,1,20,2639,1792,847,386,648,1991,5.85667715043577,6.06666350446428,5.41240850059032,5.48603886010363,5.74737654320988,5.89225062782521,153
"158",2015,11,5.80555555555556,18,6.04545454545455,5.42857142857143,5.42857142857143,5,5.85294117647059,11,7,7,1,17,2657,1803,854,393,649,2008,5.85633082423786,6.06653410981697,5.41254098360656,5.48501526717557,5.7462249614792,5.89191782868526,154
"159",2015,12,6.01666666666667,18,6.5,5.53333333333333,5.75,5.4,6.25384615384615,9,9,4,5,13,2675,1812,863,397,654,2021,5.85740971962617,6.06868708609271,5.41380069524913,5.48768513853904,5.74357798165138,5.89424591786244,155
"160",2016,1,6.09,25,6.1875,5.91666666666667,5.25,6.66666666666667,6.01136363636364,16,9,4,3,22,2700,1828,872,401,657,2043,5.85956333333333,6.06972702407002,5.41899082568807,5.48531421446384,5.74779299847793,5.89550709740577,156
"161",2016,2,5.84285714285714,35,6.26086956521739,5.04166666666667,5.28571428571429,5.125,5.93548387096774,23,12,7,4,31,2735,1851,884,408,661,2074,5.85934954296161,6.0721021069692,5.41386877828054,5.48188970588235,5.74402420574887,5.89610462873674,157
"162",2016,3,6.09375,24,6.203125,5.875,6,5.75,6.1625,16,8,7,4,20,2759,1867,892,415,665,2094,5.86138854657484,6.0732249598286,5.41800448430493,5.49062891566265,5.74406015037594,5.89864899713467,158
"163",2016,4,5.95952380952381,21,6.134375,5.4,4.66666666666667,6,5.9575,16,5,3,1,20,2780,1883,897,418,666,2114,5.86212985611511,6.07374455655868,5.41790412486065,5.48471531100479,5.74444444444445,5.89920577105014,159
"164",2016,5,5.90178571428571,28,5.85,6.33333333333333,6.5,5.5,5.95,25,3,2,3,25,2808,1908,900,420,669,2139,5.86252528490028,6.07081289308176,5.42095555555556,5.48955,5.74334828101644,5.89979943899018,160
"165",2016,6,5.73846153846154,26,5.44117647058824,6.3,6.5,5,5.768,17,9,4,1,25,2834,1925,909,424,670,2164,5.86138708539167,6.06525246753247,5.42965896589659,5.49908254716981,5.74223880597015,5.89827680221811,161
"166",2016,7,6.15217391304348,23,6.44117647058824,5.33333333333333,5.875,7.08333333333333,5.82352941176471,17,6,4,6,17,2857,1942,915,428,676,2181,5.86372803640182,6.06854325437693,5.42902732240437,5.50259579439252,5.75414201183432,5.89769417698303,162
"167",2016,8,5.5,18,5.22727272727273,5.92857142857143,5.625,6,5.47058823529412,11,7,4,1,17,2875,1953,922,432,677,2198,5.86145078260869,6.06380491551459,5.43281995661605,5.50372916666667,5.75450516986706,5.89439080982711,163
"168",2016,9,5.91290322580645,31,5.79,6.13636363636364,5.66666666666667,7.5,5.80344827586207,20,11,3,2,29,2906,1973,933,435,679,2227,5.86199965588437,6.06102939685758,5.44111468381565,5.50485287356322,5.75964653902798,5.8932065559048,164
"169",2016,10,6.14285714285714,21,6.21428571428571,6,6.25,6.42857142857143,6,14,7,4,7,14,2927,1987,940,439,686,2241,5.8640146908097,6.06210920986411,5.44527659574468,5.5116423690205,5.766472303207,5.89387371709058,165
"170",2016,11,5.78571428571429,35,5.95,4.8,4.66666666666667,5.5,5.8125,30,5,3,3,32,2962,2017,945,442,689,2273,5.86308946657663,6.06044174516609,5.44186243386243,5.50590723981901,5.76531204644412,5.89272811262648,166
"171",2016,12,6.17241379310345,29,6.57894736842105,5.4,4.66666666666667,6.25,6.16,19,10,3,4,25,2991,2036,955,445,693,2298,5.86608859913072,6.0652804518664,5.44142408376963,5.50024943820225,5.76810966810967,5.89563577023498,167
"172",2017,1,5.99756097560976,41,6.16363636363636,5.3125,5.125,6.125,5.96666666666667,33,8,4,8,33,3032,2069,963,449,701,2331,5.86786642480211,6.06684920251329,5.44035306334372,5.49690645879733,5.77218259629101,5.89664135564135,168
"173",2017,2,5.81764705882353,34,6.2,4.9,5.33333333333333,5,5.95862068965517,24,10,6,5,29,3066,2093,973,455,706,2360,5.86730952380952,6.06837601528906,5.43479958890031,5.49474945054945,5.76671388101983,5.89740296610169,169
"174",2017,3,6.06428571428571,28,6.25217391304348,5.2,5.25,6.4625,5.905,23,5,4,8,20,3094,2116,978,459,714,2380,5.86909211376858,6.07037381852552,5.43359918200409,5.49261655773421,5.77450980392157,5.89746680672269,170
"175",2017,4,5.9325,20,6.30416666666667,5.375,5.4,5.5,6.040625,12,8,5,4,16,3114,2128,986,464,718,2396,5.86949935773924,6.07169219924812,5.43312373225152,5.49161853448276,5.77298050139276,5.89842278797996,171
"176",2017,5,5.79285714285714,28,5.768,6,NA,5.5,5.81538461538462,25,3,0,2,26,3142,2153,989,464,720,2422,5.868816359007,6.06816581514166,5.4348432760364,5.49161853448276,5.77222222222222,5.8975313790256,172
"177",2017,6,5.96875,32,6.125,5.5,4.75,6.125,5.94642857142857,24,8,4,4,28,3174,2177,997,468,724,2450,5.86982388153749,6.06879237482774,5.43536609829489,5.48527991452992,5.77417127071823,5.89809020408163,173
"178",2017,7,5.6,20,5.88235294117647,4,4,5.5,5.60526315789474,17,3,3,1,19,3194,2194,1000,471,725,2469,5.86813431433938,6.06734776663628,5.43106,5.47581953290871,5.77379310344828,5.89583677602268,174
"179",2017,8,6.30588235294118,17,6.60714285714286,4.9,4.5,4.5,6.54666666666667,14,3,2,2,15,3211,2208,1003,473,727,2484,5.87045188414824,6.07077038043478,5.42947158524427,5.4716934460888,5.77028885832187,5.89976690821256,175
"180",2017,9,6.156,25,6.2578947368421,5.83333333333333,6.33333333333333,5.9,6.17826086956522,19,6,3,2,23,3236,2227,1009,476,729,2507,5.87265791100123,6.07236686124831,5.43187314172448,5.47712394957983,5.77064471879287,5.90232189868368,176
"181",2017,10,6.11111111111111,18,6.2,5.66666666666667,5,7,6.05882352941176,15,3,1,1,17,3254,2242,1012,477,730,2524,5.87397695144437,6.07322078501338,5.43256916996047,5.47612368972746,5.77232876712329,5.90337599049128,177
"182",2017,11,5.77692307692308,26,5.94347826086956,4.5,3,5.31666666666667,5.915,23,3,1,6,20,3280,2265,1015,478,736,2544,5.87320762195122,6.07190331125827,5.42981280788177,5.47094351464435,5.76861413043478,5.90346737421383,178
"183",2017,12,6.81818181818182,22,6.8,6.85714285714286,5.5,7,6.80952380952381,15,7,2,1,21,3302,2280,1022,480,737,2565,5.87950363416111,6.07669342105263,5.43958904109589,5.47106458333333,5.77028493894166,5.91088538011696,179
"184",2018,1,6.107,50,6.11590909090909,6.04166666666667,5.16666666666667,6,6.11888888888889,44,6,3,5,45,3352,2324,1028,483,742,2610,5.88289707637231,6.07743588640275,5.44310311284047,5.46917391304348,5.77183288409704,5.91447164750958,180
"185",2018,2,5.6969696969697,33,6.08333333333333,5.23333333333333,5.45,NA,5.6969696969697,18,15,10,0,33,3385,2342,1043,493,742,2643,5.88108449039882,6.07748121263877,5.44008628954938,5.46878498985801,5.77183288409704,5.91175595913734,181
"186",2018,3,6.43461538461538,26,6.44210526315789,6.41428571428571,6,6.66,6.38095238095238,19,7,2,5,21,3411,2361,1050,495,747,2664,5.88530372324831,6.08041550190597,5.44658095238095,5.47093131313131,5.77777777777778,5.91545457957958,182
"187",2018,4,6.21111111111111,18,6.28571428571429,5.95,5.93333333333333,6.5,6.175,14,4,3,2,16,3429,2375,1054,498,749,2680,5.88701399825022,6.08162568421052,5.44849146110057,5.47371686746988,5.77970627503338,5.91700410447761,183
"188",2018,5,5.81851851851852,27,6.13478260869565,4,4.66666666666667,6,5.804,23,4,3,2,25,3456,2398,1058,501,751,2705,5.88647887731481,6.082135529608,5.44301512287335,5.46888423153693,5.78029294274301,5.91595970425138,184
"189",2018,6,6.11739130434783,23,6.40714285714286,5.66666666666667,5.14285714285714,4.5,6.45789473684211,14,9,7,4,19,3479,2412,1067,508,755,2724,5.88800546133946,6.084021973466,5.44490159325211,5.46439173228347,5.77350993377484,5.91973972099853,185
"190",2018,7,5.83481481481481,27,6.36666666666667,5.17,5,7,5.79,15,12,3,1,26,3506,2427,1079,511,756,2750,5.88759583571021,6.08576885043263,5.44184430027804,5.46166536203523,5.77513227513228,5.91851309090909,186
"191",2018,8,6.01904761904762,21,6.25882352941176,5,5,5.5,6.07368421052632,17,4,2,2,19,3527,2444,1083,513,758,2769,5.88837850864757,6.08697258592471,5.44021237303786,5.45986549707602,5.77440633245383,5.91957782592994,187
"192",2018,9,5.76086956521739,23,5.69444444444444,6,5.5,NA,5.76086956521739,18,5,3,0,23,3550,2462,1088,516,758,2792,5.8875523943662,6.08410276198213,5.44278492647059,5.4600988372093,5.77440633245383,5.91827041547278,188
"193",2018,10,5.86545454545455,22,5.97578947368421,5.16666666666667,5.16666666666667,5.5,5.92315789473684,19,3,3,3,19,3572,2481,1091,519,761,2811,5.88741629339306,6.08327327690447,5.44202566452796,5.45840269749518,5.77332457293036,5.91830345072928,189
"194",2018,11,5.75,26,6.02380952380952,4.6,4.5,3.66666666666667,6.02173913043478,21,5,4,3,23,3598,2502,1096,523,764,2834,5.88642329071706,6.08277418065547,5.43818430656934,5.45107265774379,5.76505235602094,5.91914290755116,190
"195",2018,12,6.23333333333333,15,6.42307692307692,5,6,6.33333333333333,6.20833333333333,13,2,1,3,12,3613,2515,1098,524,767,2846,5.88786354829781,6.08453320079523,5.43738615664845,5.45212022900763,5.76727509778357,5.92036226282502,191
"196",2019,1,6.23070184210526,38,6.1706668,6.34615384615385,5.6,6.4,6.20505060606061,25,13,5,5,33,3651,2540,1111,529,772,2879,5.89143184606957,6.08538097244094,5.4480198019802,5.4535179584121,5.77137305699482,5.92362544980896,192
"197",2019,2,6.13703703703704,27,6.51111111111111,5.38888888888889,5.25,5,6.27916666666667,18,9,4,3,24,3678,2558,1120,533,775,2903,5.89323482055465,6.08837672791243,5.44754464285714,5.45199061913696,5.76838709677419,5.9265648191526,193
"198",2019,3,5.93333333333333,21,6.74,3.91666666666667,4.5,5.7,6.00625,15,6,3,5,16,3699,2573,1126,536,780,2919,5.89346246823466,6.09217554216868,5.43938721136767,5.44666231343284,5.76794871794872,5.92700159986297,194
"199",2019,4,5.6732,25,6.0415,4.2,4.5,3,5.78458333333333,20,5,2,1,24,3724,2593,1131,538,781,2943,5.89198379967776,6.09178467797918,5.43390804597701,5.44314312267658,5.76440460947503,5.92584018688413,195
"200",2019,5,5.92631578947368,19,5.91764705882353,6,6,6.5,5.89444444444444,17,2,2,1,18,3743,2610,1133,540,782,2961,5.89215807373764,6.09065044827586,5.43490732568402,5.44520555555556,5.7653452685422,5.92564933130699,196
"201",2019,6,6.0275,20,6.17,5.6,6,5,6.08157894736842,15,5,1,1,19,3763,2625,1138,541,783,2980,5.89287740366729,6.09110387428571,5.43563268892794,5.44623105360444,5.76436781609195,5.92664351342282,197
"202",2019,7,6.132,25,6.5,5.35,4,6,6.1375,17,8,3,1,24,3788,2642,1146,544,784,3004,5.894455562302,6.09373492429977,5.43503490401396,5.43825551470588,5.76466836734694,5.92832811917443,198
"203",2019,8,5.10526315789474,19,5.1,5.11111111111111,4.4,3,5.22222222222222,10,9,5,1,18,3807,2652,1155,549,785,3022,5.89051685579196,6.0899878092006,5.43251082251082,5.42879963570128,5.76114649681529,5.92412232627399,199
"204",2019,9,6.26666666666667,12,6.5,5.1,NA,6,6.29090909090909,10,2,0,1,11,3819,2662,1157,549,786,3033,5.89169878764074,6.09152805033809,5.4319360414866,5.42879963570128,5.76145038167939,5.92545257830531,200
"205",2019,10,6.57975,20,6.92194444444444,3.5,3.5,8,6.505,18,2,2,1,19,3839,2680,1159,551,787,3052,5.89528332117739,6.0971054738806,5.4286022433132,5.42179854809438,5.76429479034308,5.9290605078637,201
"206",2019,11,5.84090909090909,22,6.28125,4.66666666666667,4.25,7,5.725,16,6,4,2,20,3861,2696,1165,555,789,3072,5.8949734965035,6.09819831973294,5.42467811158798,5.41335315315315,5.76742712294043,5.92773198893229,202
"207",2019,12,5.62857142857143,28,5.5047619047619,6,5.25,4,5.75384615384615,21,7,4,2,26,3889,2717,1172,559,791,3098,5.89305545641553,6.0936115826279,5.42811433447099,5.41218425760286,5.7629582806574,5.92627265009684,203
"208",2020,1,5.95862068965517,29,6.24,5.33333333333333,5.6,6,5.95555555555556,20,9,5,2,27,3918,2737,1181,564,793,3125,5.89354075293517,6.09468128242601,5.42739204064352,5.41384929078014,5.76355611601513,5.9265256544,204
"209",2020,2,5.93333333333333,30,6.5,4.375,4.25,6,5.93103448275862,22,8,4,1,29,3948,2759,1189,568,794,3154,5.89384312816616,6.09791325480246,5.42031118587048,5.40565316901409,5.76385390428212,5.92656711160431,205
"210",2020,3,5.4647619047619,21,5.72117647058823,4.375,6.25,7,5.388,17,4,2,1,20,3969,2776,1193,570,795,3174,5.89157285714286,6.09560614913545,5.41680637049455,5.40861578947368,5.76540880503145,5.92317349401386,206
"211",2020,4,5.07968238095238,21,5.117333,5.04545454545455,4.6,NA,5.07968238095238,10,11,5,0,21,3990,2786,1204,575,795,3195,5.88729974937343,6.09209475951184,5.41341362126246,5.40158434782609,5.76540880503145,5.91762942097027,207
"212",2020,5,5.74166666666667,12,6.27142857142857,5,4,8,5.53636363636364,7,5,1,1,11,4002,2793,1209,576,796,3206,5.88686306846577,6.09254421768707,5.41170388751034,5.39915104166667,5.76821608040201,5.91632127261385,208
"213",2020,6,5.92,25,5.95238095238095,5.75,5,5.8,5.95,21,4,2,5,20,4027,2814,1213,578,801,3226,5.88706878569655,6.09149822316986,5.41281945589448,5.39776989619377,5.76841448189763,5.91653006819591,209
"214",2020,7,6.29545454545455,22,6.34210526315789,6,8,NA,6.29545454545455,19,3,1,0,22,4049,2833,1216,579,801,3248,5.88928772536429,6.09317896223085,5.41426809210526,5.40226424870466,5.76841448189763,5.91909667487685,210
"215",2020,8,5.82666666666667,15,5.81428571428571,6,6,6,5.81428571428571,14,1,1,1,14,4064,2847,1217,580,802,3262,5.88905659448819,6.09180751668423,5.41474938373049,5.40329482758621,5.76870324189526,5.91864684242796,211
"216",2020,9,6.72666666666667,15,6.99166666666667,5.66666666666667,4,8,6.53076923076923,12,3,1,2,13,4079,2859,1220,581,804,3275,5.89213679823486,6.09558447009444,5.41536885245902,5.40087951807229,5.77425373134328,5.92107664122137,212
"217",2020,10,5.95185185185185,27,6.31,4.92857142857143,6.16666666666667,6,5.94583333333333,20,7,3,3,24,4106,2879,1227,584,807,3299,5.89252946906965,6.09707398402223,5.41259168704157,5.40481335616438,5.77509293680298,5.92125674446802,213
"218",2020,11,5.80521739130435,23,6.02888888888889,5,5,4.5,5.92952380952381,18,5,1,2,21,4129,2897,1232,585,809,3320,5.89204310971179,6.09665032792544,5.41091720779221,5.40412136752137,5.77194066749073,5.92130903614458,214
"219",2020,12,5.853125,32,6.21176470588235,5.44666666666667,5.53333333333333,5.6,5.87,17,15,6,2,30,4161,2914,1247,591,811,3350,5.89174381158375,6.09732189430336,5.41134723336006,5.40543316412859,5.77151664611591,5.92084955223881,215
"220",2021,1,6.14418604651163,43,6.13235294117647,6.18888888888889,7.16666666666667,6,6.14761904761905,34,9,3,1,42,4204,2948,1256,594,812,3392,5.89432588011418,6.09772591587517,5.41691878980892,5.41432828282828,5.77179802955665,5.92365742924528,216
"221",2021,2,6.005,20,6.35882352941176,4,4,3,6.33888888888889,17,3,3,2,18,4224,2965,1259,597,814,3410,5.89484990530303,6.09922293423272,5.41354249404289,5.40722110552764,5.76498771498772,5.92584926686217,217
"222",2021,3,6.8375,24,6.855,6.75,6,6.875,6.83,20,4,1,4,20,4248,2985,1263,598,818,3430,5.90017561205273,6.10428676716918,5.41777513855899,5.40821237458194,5.77041564792176,5.93112128279883,218
"223",2021,4,6.171,20,6.535,5.625,5.66666666666667,4,6.41222222222222,12,8,3,2,18,4268,2997,1271,601,820,3448,5.90144470477976,6.10601134467801,5.4190794649882,5.40950249584027,5.76609756097561,5.93363283062645,219
"224",2021,5,6.22142857142857,21,6.33666666666667,5.93333333333333,5,7,6.1825,15,6,1,1,20,4289,3012,1277,602,821,3468,5.90301142457449,6.10716002656042,5.42149569303054,5.40882225913621,5.76760048721072,5.93506805074971,220
"225",2021,6,5.97222222222222,18,6.32142857142857,4.75,5.33333333333333,NA,5.97222222222222,14,4,3,0,18,4307,3026,1281,605,821,3486,5.9033006733225,6.10815135492399,5.41939890710383,5.4084479338843,5.76760048721072,5.93525989672978,221
"226",2021,7,6.38111083333333,12,6.757333,4.5,4,8,6.23393909090909,10,2,1,1,11,4319,3036,1283,606,822,3497,5.90462823107201,6.11028963438735,5.41796570537802,5.40612376237624,5.77031630170316,5.93619940806405,222
"227",2021,8,6.37727272727273,22,6.64736842105263,4.66666666666667,6,5.33333333333333,6.54210526315789,19,3,1,3,19,4341,3055,1286,607,825,3516,5.90702357290947,6.11362989525368,5.41621306376361,5.40710214168039,5.76872727272727,5.93947364334471,223
"228",2021,9,5.68461538461538,26,5.94761904761905,4.58,3.96666666666667,6,5.672,21,5,3,1,25,4367,3076,1291,610,826,3541,5.9056994114953,6.11249653120936,5.41297443841983,5.40001803278688,5.76900726392252,5.93758523863315,224
"229",2021,10,5.73333333333333,15,5.7,5.8,5,6,5.71428571428571,10,5,2,1,14,4382,3086,1296,612,827,3555,5.90510938612506,6.11115986066105,5.41446759259259,5.39871078431372,5.76928657799275,5.93670585935302,225
"230",2021,11,6.16022233333333,30,6.261795,5.5,NA,5.4,6.3122668,26,4,0,5,25,4412,3112,1300,612,832,3580,5.90684406165004,6.11241838046272,5.41473076923077,5.39871078431372,5.76706730769231,5.93932849162011,226
"231",2021,12,5.81727272727273,22,5.849,5.5,5,7.16,5.60526315789474,20,2,1,3,19,4434,3132,1302,613,835,3599,5.90639963915201,6.11073627075351,5.41486175115207,5.3980603588907,5.77207185628743,5.93756487913309,227
"232",2022,1,6.1,45,6.32903225806452,5.59285714285714,5.85714285714286,5.5,6.14285714285714,31,14,7,3,42,4479,3163,1316,620,838,3641,5.90834471980353,6.11287575086943,5.41675531914894,5.4032435483871,5.77109785202864,5.93993298544356,228
"233",2022,2,5.93478260869565,23,6.08333333333333,5.4,5.13333333333333,5,6.02380952380952,18,5,3,2,21,4502,3181,1321,623,840,3662,5.90847978676144,6.11270858220685,5.4166919000757,5.40194382022472,5.7692619047619,5.94041398143091,229
"234",2022,3,5.72727272727273,22,5.76666666666667,5.64285714285714,5.25,4.75,5.825,15,7,4,2,20,4524,3196,1328,627,842,3682,5.90759858532272,6.11108448060075,5.41788403614458,5.40097448165869,5.76684085510689,5.93978707224335,230
"235",2022,4,6.36363636363636,11,6.5,5.75,5.75,5,6.66666666666667,9,2,2,2,9,4535,3205,1330,629,844,3691,5.90870474090408,6.11217659906396,5.41838345864662,5.40208426073132,5.76502369668246,5.9415594689786,231
"236",2022,5,5.92857142857143,21,6.03333333333333,5.66666666666667,5.25,6.5,5.86842105263158,15,6,4,2,19,4556,3220,1336,633,846,3710,5.90879631255487,6.11180931677019,5.41949850299401,5.40112322274882,5.76676122931442,5.94118490566038,232
"237",2022,6,6.27692307692308,13,6.73333333333333,5.25,3,7.5,6.05454545454545,9,4,1,2,11,4569,3229,1340,634,848,3721,5.90984372948129,6.11354165376277,5.41899253731343,5.39733596214511,5.77084905660377,5.9415200214996,233
"238",2022,7,5.7,10,6.7,4.7,5.5,5,5.77777777777778,5,5,2,1,9,4579,3234,1345,636,849,3730,5.90938545533959,6.11444836116265,5.41631970260223,5.39765880503145,5.76994110718492,5.94112493297587,234
"239",2022,8,6.02296277777778,18,6.37611083333333,5.31666666666667,5.5,6,6.02431352941176,12,6,2,1,17,4597,3246,1351,638,850,3747,5.9098301783772,6.1154156900801,5.41587712805329,5.39797962382445,5.77021176470588,5.94150235655191,235
"240",2022,9,6.12777777777778,18,6.25384615384615,5.8,5.5,6.33333333333333,6.025,13,5,4,6,12,4615,3259,1356,642,856,3759,5.91068024485374,6.11596788278613,5.41729351032448,5.39861526479751,5.77415887850467,5.94176890928438,236
"241",2022,10,6.91666666666667,12,7.57142857142857,6,6,6.5,7,7,5,4,2,10,4627,3266,1361,646,858,3769,5.91328924357035,6.1190873637477,5.41943423952976,5.40233900928792,5.77585081585082,5.94457663305917,237
"242",2022,11,6.15,19,6.00666666666667,6.6875,5,5.83333333333333,6.209375,15,4,1,3,16,4646,3281,1365,647,861,3785,5.9142572815325,6.11857340140201,5.42315018315018,5.4017171561051,5.77605110336818,5.94569599207397,238
"243",2022,12,6.54811608695652,23,6.78823529411765,5.86777833333333,6.40222333333333,5.75,6.62412714285714,17,6,3,2,21,4669,3298,1371,650,863,3806,5.91737973870208,6.12202526682838,5.42509603938731,5.40633487692308,5.77599073001159,5.94943930635838,239
