"","year","month","avg_rating","no_ratings","avg_rating_owned","avg_rating_not_owned","avg_rating_prev_owned","avg_rating_comment","avg_rating_no_comment","no_ratings_owned","no_ratings_not_owned","no_ratings_prev_owned","no_ratings_comment","no_ratings_no_comment","cum_no_ratings","cum_no_ratings_owned","cum_no_ratings_not_owned","cum_no_ratings_prev_owned","cum_no_ratings_comment","cum_no_ratings_no_comment","cum_avg_rating","cum_avg_rating_owned","cum_avg_rating_not_owned","cum_avg_rating_prev_owned","cum_avg_rating_comment","cum_avg_rating_no_comment","month_after_release"
"1",2001,5,8,1,8,NA,NA,8,NA,1,0,0,1,0,1,1,0,0,1,0,8,8,NA,NA,8,NA,0
"2",2001,6,6.33333333333333,3,6.33333333333333,NA,NA,6,6.5,3,0,0,1,2,4,4,0,0,2,2,6.75,6.75,NA,NA,7,6.5,1
"3",2001,7,6.25,4,6.25,NA,NA,NA,6.25,4,0,0,0,4,8,8,0,0,2,6,6.5,6.5,NA,NA,7,6.33333333333333,2
"4",2001,8,7.2,5,7.2,NA,NA,6,8,5,0,0,2,3,13,13,0,0,4,9,6.76923076923077,6.76923076923077,NA,NA,6.5,6.88888888888889,3
"5",2001,9,7.25,4,7,8,NA,8,7,3,1,0,1,3,17,16,1,0,5,12,6.88235294117647,6.8125,8,NA,6.8,6.91666666666667,4
"6",2001,10,7,2,7,NA,NA,NA,7,2,0,0,0,2,19,18,1,0,5,14,6.89473684210526,6.83333333333333,8,NA,6.8,6.92857142857143,5
"7",2001,11,7.25,4,7,7.5,7.5,7,7.33333333333333,2,2,2,1,3,23,20,3,2,6,17,6.95652173913043,6.85,7.66666666666667,7.5,6.83333333333333,7,6
"8",2001,12,7.75,4,9,6.5,NA,NA,7.75,2,2,0,0,4,27,22,5,2,6,21,7.07407407407407,7.04545454545455,7.2,7.5,6.83333333333333,7.14285714285714,7
"9",2002,1,7,2,NA,7,NA,NA,7,0,2,0,0,2,29,22,7,2,6,23,7.06896551724138,7.04545454545455,7.14285714285714,7.5,6.83333333333333,7.1304347826087,8
"10",2002,2,7.33333333333333,3,7.33333333333333,NA,NA,7.5,7,3,0,0,2,1,32,25,7,2,8,24,7.09375,7.08,7.14285714285714,7.5,7,7.125,9
"11",2002,3,7,1,7,NA,NA,NA,7,1,0,0,0,1,33,26,7,2,8,25,7.09090909090909,7.07692307692308,7.14285714285714,7.5,7,7.12,10
"12",2002,4,6.75,4,6.66666666666667,7,NA,7,6.5,3,1,0,2,2,37,29,8,2,10,27,7.05405405405405,7.03448275862069,7.125,7.5,7,7.07407407407407,11
"13",2002,5,7.5,2,7.5,NA,NA,NA,7.5,2,0,0,0,2,39,31,8,2,10,29,7.07692307692308,7.06451612903226,7.125,7.5,7,7.10344827586207,12
"14",2002,6,7.4,5,7.4,NA,NA,NA,7.4,5,0,0,0,5,44,36,8,2,10,34,7.11363636363636,7.11111111111111,7.125,7.5,7,7.14705882352941,13
"15",2002,7,7.88888888888889,9,8.28571428571429,6.5,NA,7,8.33333333333333,7,2,0,3,6,53,43,10,2,13,40,7.24528301886792,7.30232558139535,7,7.5,7,7.325,14
"16",2002,8,7.5,6,7.5,NA,NA,8,7.4,6,0,0,1,5,59,49,10,2,14,45,7.27118644067797,7.3265306122449,7,7.5,7.07142857142857,7.33333333333333,15
"17",2002,9,7.33333333333333,3,7.33333333333333,NA,NA,6,8,3,0,0,1,2,62,52,10,2,15,47,7.2741935483871,7.32692307692308,7,7.5,7,7.36170212765957,16
"18",2002,10,6.66666666666667,6,6.66666666666667,NA,NA,5,7,6,0,0,1,5,68,58,10,2,16,52,7.22058823529412,7.25862068965517,7,7.5,6.875,7.32692307692308,17
"19",2002,11,7.5,7,7.58333333333333,7,NA,8,7.3,6,1,0,2,5,75,64,11,2,18,57,7.24666666666667,7.2890625,7,7.5,7,7.32456140350877,18
"20",2002,12,7.3,5,7.3,NA,NA,NA,7.3,5,0,0,0,5,80,69,11,2,18,62,7.25,7.28985507246377,7,7.5,7,7.32258064516129,19
"21",2003,1,7.66666666666667,6,7.6,8,NA,8.5,7.25,5,1,0,2,4,86,74,12,2,20,66,7.27906976744186,7.31081081081081,7.08333333333333,7.5,7.15,7.31818181818182,20
"22",2003,2,7.36666666666667,9,7.5375,6,6,7.66666666666667,7.21666666666667,8,1,1,3,6,95,82,13,3,23,72,7.28736842105263,7.33292682926829,7,7,7.21739130434783,7.30972222222222,21
"23",2003,3,7.125,8,7.33333333333333,6.5,NA,7,7.25,6,2,0,4,4,103,88,15,3,27,76,7.2747572815534,7.33295454545454,6.93333333333333,7,7.18518518518519,7.30657894736842,22
"24",2003,4,8.25,4,8.25,NA,NA,9,8,4,0,0,1,3,107,92,15,3,28,79,7.31121495327103,7.37282608695652,6.93333333333333,7,7.25,7.33291139240506,23
"25",2003,5,6.69230769230769,13,6.6,6.75,6,6.4,6.875,5,8,1,5,8,120,97,23,4,33,87,7.24416666666667,7.33298969072165,6.8695652173913,6.75,7.12121212121212,7.29080459770115,24
"26",2003,6,7.66666666666667,9,7.625,8,NA,8,7.5,8,1,0,3,6,129,105,24,4,36,93,7.27364341085271,7.35523809523809,6.91666666666667,6.75,7.19444444444444,7.30430107526882,25
"27",2003,7,6.81470588235294,34,7.088,6.05555555555556,NA,7.3125,6.66153846153846,25,9,0,8,26,163,130,33,4,44,119,7.17791411042945,7.30384615384615,6.68181818181818,6.75,7.21590909090909,7.16386554621849,26
"28",2003,8,6.85714285714286,21,7.17857142857143,6.21428571428571,7,7.41666666666667,6.63333333333333,14,7,1,6,15,184,144,40,5,50,134,7.14130434782609,7.29166666666667,6.6,6.8,7.24,7.1044776119403,27
"29",2003,9,7.5,6,7.66666666666667,7.33333333333333,NA,8.25,7.125,3,3,0,2,4,190,147,43,5,52,138,7.15263157894737,7.29931972789116,6.65116279069767,6.8,7.27884615384615,7.10507246376812,28
"30",2003,10,7.70833333333333,12,7.65,8,7,7.33333333333333,7.83333333333333,10,2,1,3,9,202,157,45,6,55,147,7.18564356435644,7.32165605095541,6.71111111111111,6.83333333333333,7.28181818181818,7.14965986394558,29
"31",2003,11,7.18181818181818,11,7.22222222222222,7,NA,6.75,7.42857142857143,9,2,0,4,7,213,166,47,6,59,154,7.18544600938967,7.31626506024096,6.72340425531915,6.83333333333333,7.24576271186441,7.16233766233766,30
"32",2003,12,7.41176470588235,17,7.38461538461539,7.5,NA,7.92857142857143,7.05,13,4,0,7,10,230,179,51,6,66,164,7.20217391304348,7.32122905027933,6.7843137254902,6.83333333333333,7.31818181818182,7.15548780487805,31
"33",2004,1,7.15384615384615,13,7.4,6.33333333333333,NA,7,7.25,10,3,0,5,8,243,189,54,6,71,172,7.19958847736626,7.32539682539683,6.75925925925926,6.83333333333333,7.29577464788732,7.15988372093023,32
"34",2004,2,7.125,20,7.3,6.6,NA,7.09090909090909,7.16666666666667,15,5,0,11,9,263,204,59,6,82,181,7.19391634980989,7.32352941176471,6.74576271186441,6.83333333333333,7.26829268292683,7.16022099447514,33
"35",2004,3,6.8125,16,6.92857142857143,6,NA,6.8,6.81818181818182,14,2,0,5,11,279,218,61,6,87,192,7.17204301075269,7.29816513761468,6.72131147540984,6.83333333333333,7.24137931034483,7.140625,34
"36",2004,4,6.97692307692308,13,7.37,5.66666666666667,NA,6.125,7.35555555555556,10,3,0,4,9,292,228,64,6,91,201,7.16335616438356,7.30131578947368,6.671875,6.83333333333333,7.19230769230769,7.15024875621891,35
"37",2004,5,7.73529411764706,17,7.96428571428571,6.66666666666667,7,8.25,7.27777777777778,14,3,1,8,9,309,242,67,7,99,210,7.19482200647249,7.3396694214876,6.67164179104478,6.85714285714286,7.27777777777778,7.15571428571429,36
"38",2004,6,6.88235294117647,17,7.27272727272727,6.16666666666667,NA,6.2,7.16666666666667,11,6,0,5,12,326,253,73,7,104,222,7.17852760736196,7.33675889328063,6.63013698630137,6.85714285714286,7.22596153846154,7.15630630630631,37
"39",2004,7,7.16666666666667,15,7.04545454545455,7.5,7,7.28571428571429,7.0625,11,4,1,7,8,341,264,77,8,111,230,7.17800586510264,7.32462121212121,6.67532467532468,6.875,7.22972972972973,7.15304347826087,38
"40",2004,8,6.46875,16,7.19230769230769,3.33333333333333,NA,6.28571428571429,6.61111111111111,13,3,0,7,9,357,277,80,8,118,239,7.14621848739496,7.31841155234657,6.55,6.875,7.17372881355932,7.1326359832636,39
"41",2004,9,7.33333333333333,21,7.70588235294118,5.75,7,7.55555555555556,7.16666666666667,17,4,1,9,12,378,294,84,9,127,251,7.15661375661376,7.34081632653061,6.51190476190476,6.88888888888889,7.2007874015748,7.13426294820717,40
"42",2004,10,7.16129032258065,31,7.45833333333333,6.14285714285714,6,7.26666666666667,7.0625,24,7,1,15,16,409,318,91,10,142,267,7.15696821515892,7.34968553459119,6.48351648351648,6.8,7.20774647887324,7.12996254681648,41
"43",2004,11,7.09090909090909,22,7.13333333333333,7,NA,6.92857142857143,7.16666666666667,15,7,0,7,15,431,333,98,10,149,282,7.15359628770302,7.33993993993994,6.52040816326531,6.8,7.19463087248322,7.13191489361702,42
"44",2004,12,6.96774193548387,31,7.16,6.16666666666667,NA,7,6.95652173913043,25,6,0,8,23,462,358,104,10,157,305,7.14112554112554,7.32737430167598,6.5,6.8,7.18471337579618,7.11868852459016,43
"45",2005,1,6.70571428571429,35,6.69583333333333,6.72727272727273,8,7.14666666666667,6.375,24,11,1,15,20,497,382,115,11,172,325,7.11046277665996,7.28769633507853,6.52173913043478,6.90909090909091,7.18139534883721,7.07292307692308,44
"46",2005,2,6.765625,32,6.93478260869565,6.33333333333333,6,6.90909090909091,6.69047619047619,23,9,3,11,21,529,405,124,14,183,346,7.08960302457467,7.26765432098765,6.50806451612903,6.71428571428571,7.16502732240437,7.04971098265896,45
"47",2005,3,7.04117647058824,34,7.2037037037037,6.41428571428571,4,7.29166666666667,6.90454545454545,27,7,1,12,22,563,432,131,15,195,368,7.08667850799289,7.26365740740741,6.5030534351145,6.53333333333333,7.17282051282051,7.04103260869565,46
"48",2005,4,6.92375,24,7.078,6.66666666666667,7,6.93083333333333,6.91666666666667,15,9,1,12,12,587,447,140,16,207,380,7.08001703577513,7.25742729306488,6.51357142857143,6.5625,7.1587922705314,7.0371052631579,47
"49",2005,5,7.16333333333333,30,7.476,5.6,6,7.16,7.16666666666667,25,5,1,15,15,617,472,145,17,222,395,7.0840680713128,7.26900423728814,6.48206896551724,6.52941176470588,7.15887387387387,7.0420253164557,48
"50",2005,6,6.96551724137931,29,7.08,6.25,NA,6.92307692307692,7,25,4,0,13,16,646,497,149,17,235,411,7.07874613003096,7.25949698189135,6.4758389261745,6.52941176470588,7.14582978723404,7.04038929440389,49
"51",2005,7,7.24242424242424,33,7.37037037037037,6.66666666666667,7.25,7.3125,7.17647058823529,27,6,2,16,17,679,524,155,19,251,428,7.08670103092783,7.26520992366412,6.48322580645161,6.60526315789474,7.15645418326693,7.04579439252337,50
"52",2005,8,6.86585365853659,41,7.07142857142857,5.66666666666667,NA,6.88888888888889,6.84782608695652,35,6,0,18,23,720,559,161,19,269,451,7.074125,7.25307692307692,6.4527950310559,6.60526315789474,7.13855018587361,7.03569844789357,51
"53",2005,9,6.88974358974359,39,7.26666666666667,5.63333333333333,NA,6.74666666666667,6.97916666666667,30,9,0,15,24,759,589,170,19,284,475,7.06465085638999,7.25376910016978,6.40941176470588,6.60526315789474,7.11785211267606,7.03284210526316,52
"54",2005,10,7.16842105263158,38,7.340625,6.25,NA,6.99411764705882,7.30952380952381,32,6,0,17,21,797,621,176,19,301,496,7.06959849435382,7.25824476650563,6.40397727272727,6.60526315789474,7.11086378737542,7.0445564516129,53
"55",2005,11,6.89387755102041,49,6.9825,6.5,NA,6.90833333333333,6.88,40,9,0,24,25,846,661,185,19,325,521,7.0594208037825,7.24155824508321,6.40864864864865,6.60526315789474,7.09590769230769,7.03666026871401,54
"56",2005,12,7.08870967741935,31,7.04464285714286,7.5,NA,7.29166666666667,6.80769230769231,28,3,0,18,13,877,689,188,19,343,534,7.06045610034207,7.23355587808418,6.42606382978723,6.60526315789474,7.10618075801749,7.0310861423221,55
"57",2006,1,7.26603773584906,53,7.28139534883721,7.2,7,7.43333333333333,7.15625,43,10,1,21,32,930,732,198,20,364,566,7.07217204301075,7.23636612021858,6.46515151515152,6.625,7.12505494505495,7.03816254416961,56
"58",2006,2,7,30,7.15217391304348,6.5,7,7.23333333333333,6.76666666666667,23,7,1,15,15,960,755,205,21,379,581,7.06991666666667,7.23380132450331,6.46634146341463,6.64285714285714,7.12934036939314,7.03115318416523,57
"59",2006,3,7.06111111111111,54,7.22888888888889,6.22222222222222,7,7.02307692307692,7.09642857142857,45,9,2,26,28,1014,800,214,23,405,609,7.06944773175542,7.233525,6.45607476635514,6.67391304347826,7.12251851851852,7.03415435139573,58
"60",2006,4,6.46,20,6.54117647058824,6,NA,6.2,6.54666666666667,17,3,0,5,15,1034,817,217,23,410,624,7.05765957446808,7.21911872705018,6.44976958525346,6.67391304347826,7.11126829268293,7.0224358974359,59
"61",2006,5,6.91515151515152,33,6.9,7,NA,6.28571428571429,7.08461538461538,28,5,0,7,26,1067,845,222,23,417,650,7.05325210871603,7.20854437869822,6.46216216216216,6.67391304347826,7.09741007194245,7.02492307692308,60
"62",2006,6,6.97806451612903,31,6.9928,6.91666666666667,8.25,7.375,6.72736842105263,25,6,2,12,19,1098,870,228,25,429,669,7.05112932604736,7.20234482758621,6.47412280701754,6.8,7.10517482517483,7.01647234678625,61
"63",2006,7,6.75762711864407,59,7.05116279069767,5.96875,5.875,6.185,7.05128205128205,43,16,4,20,39,1157,913,244,29,449,708,7.0361624891962,7.19522453450164,6.44098360655738,6.67241379310345,7.06418708240535,7.01838983050847,62
"64",2006,8,6.66428571428571,56,6.89761904761905,5.96428571428571,7.33333333333333,6.91304347826087,6.49090909090909,42,14,3,23,33,1213,955,258,32,472,741,7.01899422918384,7.18213612565445,6.41511627906977,6.734375,7.05682203389831,6.9948987854251,63
"65",2006,9,6.65476190476191,42,6.7741935483871,6.31818181818182,6,6.73529411764706,6.6,31,11,2,17,25,1255,986,269,34,489,766,7.00680478087649,7.16931034482758,6.41115241635688,6.69117647058824,7.04564417177914,6.98201044386423,64
"66",2006,10,6.95106382978723,47,7.23636363636364,6.27857142857143,NA,6.97058823529412,6.94,33,14,0,17,30,1302,1019,283,34,506,796,7.00479262672811,7.17148184494602,6.40459363957597,6.69117647058824,7.04312252964427,6.98042713567839,65
"67",2006,11,6.86666666666667,30,7.19047619047619,6.11111111111111,6.5,6.84375,6.89285714285714,21,9,2,16,14,1332,1040,292,36,522,810,7.00168168168168,7.17186538461538,6.39554794520548,6.68055555555556,7.03701149425287,6.97891358024691,66
"68",2006,12,6.75887096774194,62,6.98295454545455,6.21111111111111,6,6.609375,6.91833333333333,44,18,1,32,30,1394,1084,310,37,554,840,6.99088235294118,7.16419741697417,6.38483870967742,6.66216216216216,7.01231046931408,6.97675,67
"69",2007,1,6.93292682926829,82,7.05223880597015,6.4,7,7.19,6.78461538461538,67,15,2,30,52,1476,1151,325,39,584,892,6.98766260162602,7.15768027801911,6.38553846153846,6.67948717948718,7.02143835616438,6.96554932735426,68
"70",2007,2,6.90405170731707,41,7,6.64237454545455,8,6.725,7.07457714285714,30,11,2,20,21,1517,1181,336,41,604,913,6.98540284772577,7.15367485182049,6.39394678571429,6.74390243902439,7.01162251655629,6.96805708652793,69
"71",2007,3,6.94975609756098,41,7.15310344827586,6.45833333333333,4,7.02933333333333,6.90384615384615,29,12,1,15,26,1558,1210,348,42,619,939,6.98446477535302,7.15366115702479,6.39616701149425,6.67857142857143,7.01205169628433,6.96627914802982,70
"72",2007,4,6.79714285714286,35,7.15172413793103,5.08333333333333,6,6.78571428571429,6.8047619047619,29,6,2,14,21,1593,1239,354,44,633,960,6.98034910232266,7.15361581920904,6.37391559322034,6.64772727272727,7.0070458135861,6.96274595833333,71
"73",2007,5,6.66571428571429,35,6.80952380952381,6.45,6,7.18181818181818,6.42916666666667,21,14,1,11,24,1628,1260,368,45,644,984,6.97358484029484,7.14788095238095,6.37681010869565,6.63333333333333,7.01003105590062,6.94973182926829,72
"74",2007,6,7.06603773584906,53,7.22826086956522,6,NA,7,7.125,46,7,0,25,28,1681,1306,375,45,669,1012,6.97649977394408,7.15071209800919,6.36977632,6.63333333333333,7.00965620328849,6.95458114624506,73
"75",2007,7,6.77065217391304,46,6.925,6.33333333333333,6.5,7.16,6.47115384615385,34,12,1,20,26,1727,1340,387,46,689,1038,6.97101686160973,7.14498507462686,6.36864630490956,6.6304347826087,7.01402031930334,6.94247217726397,74
"76",2007,8,6.9609756097561,41,7.18148148148148,6.53571428571429,6,6.91,7.00952380952381,27,14,1,20,21,1768,1367,401,47,709,1059,6.97078400452489,7.14570592538405,6.37447910224439,6.61702127659574,7.01108603667137,6.94380181303116,75
"77",2007,9,7.07941176470588,51,7.17625,6.72727272727273,6,6.9125,7.18709677419355,40,11,1,20,31,1819,1407,412,48,729,1090,6.9738296426608,7.14657427149964,6.38389834951457,6.60416666666667,7.00838134430727,6.95072121100917,76
"78",2007,10,6.89574468085106,47,6.97368421052632,6.56666666666667,NA,6.92222222222222,6.87931034482759,38,9,0,18,29,1866,1445,421,48,747,1119,6.97186287245445,7.1420276816609,6.38780551068884,6.60416666666667,7.00630522088353,6.94887052725648,77
"79",2007,11,6.77142857142857,63,6.93958333333333,6.23333333333333,7,6.83103448275862,6.72058823529412,48,15,1,29,34,1929,1493,436,49,776,1153,6.96531680663556,7.13551908908238,6.38249110091743,6.61224489795918,6.99975515463918,6.9421388725065,78
"80",2007,12,6.945625,80,7.23909090909091,6.3,5,6.82625,7.065,55,25,2,40,40,2009,1548,461,51,816,1193,6.96453266301643,7.13919896640827,6.37801761388287,6.54901960784314,6.99125,6.94625827326069,79
"81",2008,1,6.9225,80,7.04426229508197,6.53157894736842,NA,6.7,7.08695652173913,61,19,0,34,46,2089,1609,480,51,850,1239,6.96292298707515,7.13559975139838,6.38409608333333,6.54901960784314,6.9796,6.951481937046,80
"82",2008,2,6.92857142857143,49,7.16486486486486,6.2,4,7.15217391304348,6.73076923076923,37,12,1,23,26,2138,1646,492,52,873,1265,6.962135696913,7.13625759416768,6.37960593495935,6.5,6.98414662084765,6.94694554940711,81
"83",2008,3,6.84885714285714,70,7.1843137254902,5.94842105263158,6.25,6.52916666666667,7.01565217391304,51,19,4,24,46,2208,1697,511,56,897,1311,6.9585444384058,7.13770182675309,6.36357362035225,6.48214285714286,6.97197324414716,6.94935630816171,82
"84",2008,4,6.875,56,7,6.58823529411765,5.66666666666667,6.84583333333333,6.896875,39,17,3,24,32,2264,1736,528,59,921,1343,6.95647796819788,7.13460829493087,6.37080704545455,6.44067796610169,6.96868621064061,6.94810582278481,83
"85",2008,5,6.775,60,7.1452380952381,5.91111111111111,NA,7.11111111111111,6.5,42,18,0,27,33,2324,1778,546,59,948,1376,6.95179265060241,7.13485939257593,6.35565223443224,6.44067796610169,6.97274261603376,6.93735909883721,84
"86",2008,6,7.33636363636364,44,7.37297297297297,7.14285714285714,7.33333333333333,7.55882352941176,7.1962962962963,37,7,3,17,27,2368,1815,553,62,965,1403,6.95893839527027,7.13971349862259,6.36561685352622,6.48387096774194,6.98306735751295,6.94234220955096,85
"87",2008,7,7.15,51,7.28783783783784,6.78571428571429,6.66666666666667,6.90714285714286,7.32,37,14,3,21,30,2419,1852,567,65,986,1433,6.96296656469615,7.1426727861771,6.37598962962963,6.49230769230769,6.98145030425964,6.95024851360782,86
"88",2008,8,6.868,50,6.935,6.6,7.16666666666667,7.11111111111111,6.73125,40,10,3,18,32,2469,1892,577,68,1004,1465,6.96104338598623,7.1382822410148,6.37987195840555,6.52205882352941,6.98377490039841,6.94546492832764,87
"89",2008,9,6.94166666666667,36,7.156,6.45454545454545,8,6.58333333333333,7.06111111111111,25,11,1,9,27,2505,1917,588,69,1013,1492,6.96076491816367,7.13851330203443,6.38126891156463,6.54347826086957,6.98021717670286,6.94755772117962,88
"90",2008,10,6.758,50,7.246875,5.88888888888889,5.66666666666667,6.545,6.9,32,18,6,20,30,2555,1949,606,75,1033,1522,6.95679691585127,7.1402924576706,6.36664376237624,6.47333333333333,6.97179090029042,6.94662031537451,89
"91",2008,11,6.83958333333333,48,7.33235294117647,5.64285714285714,7,6.65333333333333,6.92424242424242,34,14,1,15,33,2603,1983,620,76,1048,1555,6.95463546676911,7.14358547655068,6.35030019354839,6.48026315789474,6.96723282442748,6.946145414791,90
"92",2008,12,6.94418604651163,43,7.26060606060606,5.9,6.33333333333333,6.76842105263158,7.08333333333333,33,10,3,19,24,2646,2016,630,79,1067,1579,6.95446565381708,7.14550099206349,6.34315257142857,6.4746835443038,6.96369259606373,6.94823060164661,91
"93",2009,1,6.75083333333333,60,7.00394736842105,6.31363636363636,6.58333333333333,6.85909090909091,6.68815789473684,38,22,6,22,38,2706,2054,652,85,1089,1617,6.94995052475979,7.14288218111003,6.34215662576687,6.48235294117647,6.96157943067034,6.94211881261595,92
"94",2009,2,6.72985074626866,67,7.00652173913043,6.12380952380952,6.5,7.41071428571429,6.55,46,21,4,14,53,2773,2100,673,89,1103,1670,6.9446325712225,7.13989523809524,6.33534341753343,6.48314606741573,6.96728014505893,6.92967432335329,93
"95",2009,3,6.84333333333333,60,7.15853658536585,6.16315789473684,6.8,6.36,7.085,41,19,5,20,40,2833,2141,692,94,1123,1710,6.94248715848923,7.14025221858944,6.33061578034682,6.5,6.95646482635797,6.93330767251462,94
"96",2009,4,6.62372881355932,59,7.06764705882353,6.02,6,6.23809523809524,6.83684210526316,34,25,1,21,38,2892,2175,717,95,1144,1748,6.93598413554633,7.13911724137931,6.31978538354254,6.49473684210526,6.94327797202797,6.93121059496567,95
"97",2009,5,6.43467741935484,62,6.72837837837838,6,5,6.51,6.39880952380952,37,25,4,20,42,2954,2212,742,99,1164,1790,6.92546246445498,7.13224683544304,6.30901094339623,6.43434343434343,6.93583333333333,6.91871850279329,96
"98",2009,6,6.73137254901961,51,6.87333333333333,6.52857142857143,6.125,6.68181818181818,6.745,30,21,8,11,40,3005,2242,763,107,1175,1830,6.92216842595674,7.12878233719893,6.31505389252949,6.41121495327103,6.93345531914894,6.91492137704918,97
"99",2009,7,6.60327868852459,61,6.98333333333333,6.056,5.625,6.325,6.7390243902439,36,25,4,20,41,3066,2278,788,111,1195,1871,6.91582391389432,7.12648375768217,6.30683517766498,6.38288288288288,6.9232719665272,6.91106687332977,98
"100",2009,8,6.75961538461539,52,7.07575757575758,6.21052631578947,6.25,7.12307692307692,6.63846153846154,33,19,2,13,39,3118,2311,807,113,1208,1910,6.91321876844131,7.12575941151017,6.30456768277571,6.38053097345133,6.92542218543046,6.90550058638743,99
"101",2009,9,6.784,50,6.93947368421053,6.29166666666667,7,6.77777777777778,6.7875,38,12,3,18,32,3168,2349,819,116,1226,1942,6.91117933080808,7.12274584929757,6.30437865689866,6.39655172413793,6.92325448613377,6.90355618949536,100
"102",2009,10,6.93909090909091,55,7.02875,6.7,6,6.79333333333333,6.99375,40,15,2,15,40,3223,2389,834,118,1241,1982,6.91165563760472,7.12117203850983,6.31149414868106,6.38983050847458,6.92168412570508,6.90537644803229,101
"103",2009,11,6.88631578947368,95,7.07761194029851,6.42857142857143,6.55555555555556,7.43181818181818,6.72191780821918,67,28,9,22,73,3318,2456,862,127,1263,2055,6.91093011452682,7.11998371335505,6.31529712296984,6.40157480314961,6.93057007125891,6.89885942579075,102
"104",2009,12,6.80606060606061,66,7.16041666666667,5.86111111111111,6,7.01578947368421,6.72127659574468,48,18,5,19,47,3384,2504,880,132,1282,2102,6.90888478723404,7.12075878594249,6.30600695454546,6.38636363636364,6.93183307332293,6.89488873453853,103
"105",2010,1,6.4,70,6.578,5.955,7.625,6,6.57142857142857,50,20,4,21,49,3454,2554,900,136,1303,2151,6.89857154603359,7.11013312451057,6.2982068,6.42279411764706,6.91681504221028,6.88752027894003,104
"106",2010,2,6.77857142857143,63,7.18452380952381,5.96666666666667,6.91666666666667,7.0125,6.66976744186046,42,21,6,20,43,3517,2596,921,142,1323,2194,6.89642198464601,7.11133667180277,6.29064725298589,6.44366197183099,6.91826152683295,6.88325256153145,105
"107",2010,3,6.71938775510204,49,7.12162162162162,5.47916666666667,7,6.675,6.73076923076923,37,12,2,10,39,3566,2633,933,144,1333,2233,6.89398937745373,7.11148120015192,6.28021020364416,6.45138888888889,6.91643660915229,6.88058939543215,106
"108",2010,4,6.76585365853659,41,7.01304347826087,6.45,6.33333333333333,7.08333333333333,6.71142857142857,23,18,3,6,35,3607,2656,951,147,1339,2268,6.89253288605489,7.11062876506024,6.28342389064143,6.44897959183673,6.91718446601942,6.87797888888889,107
"109",2010,5,6.63541666666667,48,7.09090909090909,5.63333333333333,6,6.64285714285714,6.63235294117647,33,15,1,14,34,3655,2689,966,148,1353,2302,6.88915625718194,7.11038676087765,6.27332931677019,6.44594594594595,6.91434589800443,6.87435105125977,108
"110",2010,6,7.075,40,7.15,6.85,6.5,7,7.09677419354839,30,10,1,9,31,3695,2719,976,149,1362,2333,6.89116809742896,7.11082383229128,6.27923782786886,6.44630872483221,6.91491189427313,6.87730652378911,109
"111",2010,7,6.88142857142857,35,7.07045454545455,6.56153846153846,6,6.97222222222222,6.85,22,13,1,9,26,3730,2741,989,150,1371,2359,6.8910767077748,7.11049981758482,6.28294855409505,6.44333333333333,6.91528811086798,6.87700556167868,110
"112",2010,8,6.89878048780488,41,7.11551724137931,6.375,6.83333333333333,6.20833333333333,7.18448275862069,29,12,3,12,29,3771,2770,1001,153,1383,2388,6.8911604667197,7.1105523465704,6.28405206793207,6.45098039215686,6.90915401301518,6.88073958123953,111
"113",2010,9,6.9,38,6.99259259259259,6.67272727272727,5.875,6.86666666666667,6.91538461538462,27,11,4,12,26,3809,2797,1012,157,1395,2414,6.89124865318981,7.10941365749017,6.28827679841897,6.43630573248408,6.90878853046595,6.88111272576636,112
"114",2010,10,6.64912280701754,57,6.90697674418605,5.85714285714286,5.2,6.28125,6.79268292682927,43,14,5,16,41,3866,2840,1026,162,1411,2455,6.88767876875323,7.10634859154929,6.2823938791423,6.39814814814815,6.90167257264351,6.87963589409368,113
"115",2010,11,6.905,60,7.08953488372093,6.43823529411765,6.25,7.06470588235294,6.84186046511628,43,17,4,17,43,3926,2883,1043,166,1428,2498,6.88794348446256,7.10609781477627,6.28493395973155,6.39457831325301,6.90361344537815,6.87898563650921,114
"116",2010,12,7.1012,50,7.26333333333333,6.25,5.5,7.26875,7.02235294117647,42,8,2,16,34,3976,2925,1051,168,1444,2532,6.89062528169014,7.10835555555555,6.28466804947669,6.38392857142857,6.90765927977839,6.88091078988941,115
"117",2011,1,7.21393442622951,61,7.36521739130435,6.75,7.16666666666667,6.65333333333333,7.39673913043478,46,15,3,15,46,4037,2971,1066,171,1459,2578,6.89551055734456,7.11233254796365,6.29121587242026,6.39766081871345,6.90504455106237,6.89011486423584,116
"118",2011,2,7.17022222222222,45,7.29548387096774,6.89285714285714,7,6.98833333333333,7.23636363636364,31,14,2,12,33,4082,3002,1080,173,1471,2611,6.89853898089172,7.11422385076615,6.29901492592593,6.40462427745665,6.90572399728076,6.89449104557641,117
"119",2011,3,6.95616666666667,60,7.13044444444444,6.43333333333333,6,6.89705882352941,6.97953488372093,45,15,3,17,43,4142,3047,1095,176,1488,2654,6.89937376146789,7.11446340662947,6.30085490410959,6.39772727272727,6.905625,6.89586892238131,118
"120",2011,4,6.64692307692308,39,6.71714285714286,6.46818181818182,5,7.01428571428571,6.4412,28,11,2,14,25,4181,3075,1106,178,1502,2679,6.89701892370246,7.11084552845528,6.30251909584087,6.38202247191011,6.90663781624501,6.89162602463605,119
"121",2011,5,6.69130434782609,46,6.92592592592593,6.35789473684211,7,6.38888888888889,6.76486486486487,27,19,3,9,37,4227,3102,1125,181,1511,2716,6.89478025076887,7.10923597678917,6.30345432888889,6.39226519337017,6.90355393778954,6.88989916053019,120
"122",2011,6,6.67361111111111,36,6.93,6.09090909090909,6,6.78571428571429,6.64655172413793,25,11,2,7,29,4263,3127,1136,183,1518,2745,6.8929125310814,7.10780300607611,6.30139623239437,6.3879781420765,6.90301054018445,6.88732827686703,121
"123",2011,7,6.9469387755102,49,7.19714285714286,6.32142857142857,7.5,6.67857142857143,7.05428571428571,35,14,2,14,35,4312,3162,1150,185,1532,2780,6.89352646567718,7.10879190385832,6.30164010434783,6.4,6.90095953002611,6.8894302589928,122
"124",2011,8,6.90833333333333,42,7.10967741935484,6.34090909090909,5,6.95714285714286,6.89857142857143,31,11,1,7,35,4354,3193,1161,186,1539,2815,6.89366929719798,7.10880050109615,6.30201216192937,6.39247311827957,6.90121507472385,6.88954391474245,123
"125",2011,9,6.57843137254902,51,6.93243243243243,5.64285714285714,5.5,6.27272727272727,6.6625,37,14,4,11,40,4405,3230,1175,190,1550,2855,6.89001955051078,7.10678018575851,6.2941584,6.37368421052632,6.89675483870968,6.88636291418564,124
"126",2011,10,6.62820512820513,39,7.08695652173913,5.96875,5.75,6.07692307692308,6.90384615384615,23,16,4,13,26,4444,3253,1191,194,1563,2881,6.88772189918992,7.10664002459268,6.28978683459278,6.36082474226804,6.88993602047345,6.8865206942034,125
"127",2011,11,6.75115384615385,65,7.15277777777778,5.8475,5.8,6.21625,6.98888888888889,45,20,5,20,45,4509,3298,1211,199,1583,2926,6.88575318695941,7.10726955730746,6.28248234516928,6.34673366834171,6.88142451042325,6.88809505126452,126
"128",2011,12,7.00652173913043,46,7.36,6.34375,6.3,7.3,6.86451612903226,30,16,5,15,31,4555,3328,1227,204,1598,2957,6.88697280351262,7.10954777644231,6.28328127139364,6.34558823529412,6.8853535669587,6.88784785931687,127
"129",2012,1,6.84642857142857,70,7.21304347826087,6.14375,5.8,7.06,6.78818181818182,46,24,5,15,55,4625,3374,1251,209,1613,3012,6.88635916108108,7.11095880260818,6.28060441247003,6.33253588516746,6.88697768133912,6.88602792828685,128
"130",2012,2,6.81914893617021,47,7.05882352941176,6.19230769230769,5.25,6.57692307692308,6.91176470588235,34,13,4,13,34,4672,3408,1264,213,1626,3046,6.88568303082192,7.11043867370892,6.27969629746836,6.31220657276995,6.8844987699877,6.88631520682862,129
"131",2012,3,6.9,45,7.20967741935484,6.21428571428571,4.5,6.63,7.116,31,14,4,20,25,4717,3439,1278,217,1646,3071,6.88581961416154,7.11133323640593,6.27897974960877,6.27880184331797,6.88140643985419,6.8881849951156,130
"132",2012,4,6.92051282051282,39,7.02333333333333,6.57777777777778,7,6.96428571428571,6.896,30,9,1,14,25,4756,3469,1287,218,1660,3096,6.88610410428932,7.11057221101182,6.28106924630925,6.28211009174312,6.88210542168675,6.88824810077519,131
"133",2012,5,6.61371428571429,35,6.64214285714286,6.5,6.5,6.578,6.628,28,7,2,10,25,4791,3497,1294,220,1670,3121,6.88411419745356,7.10682156133829,6.28225357032458,6.28409090909091,6.88028443113773,6.88616344761294,132
"134",2012,6,7.1075,40,7.5,6.37857142857143,6.21666666666667,8,6.95,26,14,6,6,34,4831,3523,1308,226,1676,3155,6.88596380045539,7.10972324723247,6.28328449541285,6.28230088495575,6.88429295942721,6.88685138510301,133
"135",2012,7,7.15804878048781,41,7.296875,6.66444444444444,6.66666666666667,7.28571428571429,7.13176470588235,32,9,3,7,34,4872,3555,1317,229,1683,3189,6.88825351395731,7.11140787623066,6.28588923310554,6.28733624454148,6.88596256684492,6.88946256506742,134
"136",2012,8,6.5275,40,6.83461538461538,5.95714285714286,6.45,6.2,6.5969696969697,26,14,2,7,33,4912,3581,1331,231,1690,3222,6.88531578175896,7.10939821278972,6.28243134485349,6.28874458874459,6.88312130177515,6.88646682805711,135
"137",2012,9,7.175,44,7.50740740740741,6.64705882352941,6.33333333333333,7.09090909090909,7.2030303030303,27,17,6,11,33,4956,3608,1348,237,1701,3255,6.88788763518967,7.11237666297117,6.28702976261128,6.28987341772152,6.88446502057613,6.88967622734255,136
"138",2012,10,6.71636363636364,55,7.01025641025641,6,5.5,6.28,6.88,39,16,6,15,40,5011,3647,1364,243,1716,3295,6.88600501297146,7.11128461749383,6.28366284457478,6.27037037037037,6.87918123543124,6.88955876176024,137
"139",2012,11,6.76428571428571,42,7.12258064516129,5.75454545454545,6.2,6.98181818181818,6.68709677419355,31,11,4,11,31,5053,3678,1375,247,1727,3326,6.88499329507223,7.11137982599239,6.27942990545455,6.26923076923077,6.87983497394325,6.88767171377029,138
"140",2012,12,7.01463414634146,41,7.20625,6.33333333333333,NA,7.26363636363636,6.92333333333333,32,9,0,11,30,5094,3710,1384,247,1738,3356,6.88603673341186,7.11219811320755,6.27978043352601,6.26923076923077,6.88226409666283,6.88799050059595,139
"141",2013,1,7.05,62,7.19782608695652,6.625,6.57142857142857,7.13333333333333,7.02340425531915,46,16,7,15,47,5156,3756,1400,254,1753,3403,6.88800836307215,7.11324680511182,6.2837258,6.27755905511811,6.8844124358243,6.88986074640023,140
"142",2013,2,6.80833333333333,48,7.08918918918919,5.86363636363636,NA,6.8,6.8093023255814,37,11,0,5,43,5204,3793,1411,254,1758,3446,6.88727346656418,7.11301212760348,6.28045082919915,6.27755905511811,6.88417235494881,6.88885551944283,141
"143",2013,3,7.02229166666667,48,7.25780487804878,5.64285714285714,5,6.82,7.04581395348837,41,7,1,5,43,5252,3834,1418,255,1763,3489,6.88850744859101,7.11456051121544,6.27730332863188,6.27254901960784,6.88399035734543,6.89078994554313,142
"144",2013,4,6.82894736842105,38,7.05357142857143,6.2,6.5,7.01428571428571,6.78709677419355,28,10,2,7,31,5290,3862,1428,257,1770,3520,6.88807960680529,7.11411833247022,6.27676198879552,6.27431906614786,6.88450564971751,6.88987673863636,143
"145",2013,5,6.7047619047619,42,7.190625,5.15,7,6.91818181818182,6.62903225806452,32,10,1,11,31,5332,3894,1438,258,1781,3551,6.88663561890473,7.11474704673857,6.26892636995828,6.27713178294574,6.88471364402021,6.88759958321599,144
"146",2013,6,6.94166666666667,48,7.11818181818182,6.55333333333333,5,7.30909090909091,6.83243243243243,33,15,1,11,37,5380,3927,1453,259,1792,3588,6.88712660223048,7.11477591036414,6.27186243633861,6.27220077220077,6.88731863839286,6.88703069119286,145
"147",2013,7,6.974,50,7.10294117647059,6.7,6.33333333333333,6.65,7.055,34,16,3,10,40,5430,3961,1469,262,1802,3628,6.88792654143646,7.11467432466549,6.276525609258,6.27290076335878,6.88600166481687,6.88888261300992,146
"148",2013,8,6.68214285714286,56,6.92763157894737,6.16388888888889,5.24,6.80769230769231,6.64418604651163,38,18,5,13,43,5486,3999,1487,267,1815,3671,6.88582594239883,7.11289697424356,6.27516215198386,6.25355805243446,6.88544077134986,6.88601637700899,147
"149",2013,9,6.68666666666667,60,6.96315789473684,6.20909090909091,6.41666666666667,6.03846153846154,6.86595744680851,38,22,6,13,47,5546,4037,1509,273,1828,3718,6.88367131626397,7.11148749071092,6.27419888667992,6.25714285714286,6.87941739606127,6.88576280796127,148
"150",2013,10,6.97916666666667,48,7.171875,6.59375,6.5,6.90909090909091,7,32,16,4,11,37,5594,4069,1525,277,1839,3755,6.88449072577762,7.11196239862374,6.27755155409836,6.26064981949458,6.87959488852637,6.88688844740346,149
"151",2013,11,7.09803921568627,51,7.23571428571429,6.45555555555556,6.5,7.07,7.10487804878049,42,9,2,10,41,5645,4111,1534,279,1849,3796,6.88642003897254,7.11322670882997,6.27859590612777,6.26236559139785,6.88062466197945,6.88924291886196,150
"152",2013,12,6.85714285714286,56,7.06976744186047,6.15384615384615,6,6.89285714285714,6.84523809523809,43,13,3,14,42,5701,4154,1547,282,1863,3838,6.88613245395544,7.11277684159846,6.27754758888171,6.25957446808511,6.88071658615137,6.88876136529442,151
"153",2014,1,6.64457831325301,83,6.925,5.91304347826087,5.66666666666667,6.99166666666667,6.58591549295775,60,23,6,12,71,5784,4214,1570,288,1875,3909,6.88266616874135,7.11010322733745,6.27220771974522,6.24722222222222,6.88142666666667,6.88326071117933,152
"154",2014,2,6.87608695652174,46,7.0030303030303,6.55384615384615,5.75,8,6.79767441860465,33,13,2,3,43,5830,4247,1583,290,1878,3952,6.88261425728988,7.10927125029432,6.27452060644346,6.24379310344828,6.88321352502662,6.88232948380567,153
"155",2014,3,6.63095238095238,42,7.26190476190476,6,5.5,5.625,6.73684210526316,21,21,2,4,38,5872,4268,1604,292,1882,3990,6.88081422343324,7.11002225866916,6.27092650872818,6.23869863013699,6.88053931987248,6.88094388972431,154
"156",2014,4,7.24186046511628,43,7.465625,6.59090909090909,7.5,7.75,7.12571428571429,32,11,3,8,35,5915,4300,1615,295,1890,4025,6.88343890448013,7.11266860465116,6.27310595665635,6.25152542372881,6.88421957671958,6.88307232795031,155
"157",2014,5,6.75,56,7.06410256410256,6.02941176470588,6.33333333333333,6.45,6.81521739130435,39,17,3,10,46,5971,4339,1632,298,1900,4071,6.88218742589181,7.11223208112468,6.2705674754902,6.25234899328859,6.88193421052632,6.88230560550233,156
"158",2014,6,6.89,40,7.00689655172414,6.58181818181818,6.875,6.90909090909091,6.88275862068966,29,11,4,11,29,6011,4368,1643,302,1911,4100,6.88223941440692,7.11153273809524,6.27265132075472,6.26059602649007,6.8820905285191,6.8823088097561,157
"159",2014,7,7.19857142857143,70,7.3537037037037,6.675,6.5,7.20555555555556,7.19615384615385,54,16,4,18,52,6081,4422,1659,306,1929,4152,6.88588079592172,7.11449004975124,6.27653171790235,6.26372549019608,6.88510886469674,6.88623943159923,158
"160",2014,8,7.07,66,7.36117647058824,6.08,7,7.53818181818182,6.97636363636364,51,15,1,11,55,6147,4473,1674,307,1940,4207,6.88785767366195,7.1173027051196,6.27477068100359,6.26612377850163,6.8888118556701,6.8874176657951,159
"161",2014,9,6.79838709677419,62,7.12894736842105,6.275,6.16666666666667,6.63571428571429,6.84583333333333,38,24,6,14,48,6209,4511,1698,313,1954,4255,6.88696426477694,7.11740079804921,6.27477392226149,6.26421725239617,6.88699846468782,6.88694855934195,160
"162",2014,10,6.94802631578947,76,7.14907407407407,6.45454545454545,8,6.96153846153846,6.9452380952381,54,22,1,13,63,6285,4565,1720,314,1967,4318,6.88770264439141,7.11777546549836,6.2770733255814,6.26974522292994,6.88749110320285,6.88779900880037,161
"163",2014,11,6.68129032258065,62,6.88808510638298,6.03333333333333,5,7.0625,6.54869565217391,47,15,1,16,46,6347,4612,1735,315,1983,4364,6.88568632739877,7.11543473547268,6.27496606340058,6.26571428571429,6.88890317700454,6.88422459211732,162
"164",2014,12,6.84927536231884,69,7.24166666666667,5.95238095238095,6.25,6.91764705882353,6.82692307692308,48,21,6,17,52,6416,4660,1756,321,2000,4416,6.88529475062344,7.11673497854077,6.27110826879271,6.26542056074766,6.8891475,6.88354984601449,163
"165",2015,1,7.0375,84,7.21544117647059,6.28125,5.875,6.66875,7.12426470588235,68,16,4,16,68,6500,4728,1772,325,2016,4484,6.88726171076923,7.1181546108291,6.27119984198646,6.26061538461539,6.88739831349206,6.88720029438002,164
"166",2015,2,6.92846153846154,65,7.21521739130435,6.23421052631579,6.53333333333333,6.809375,6.96734693877551,46,19,6,16,49,6565,4774,1791,331,2032,4533,6.88766962985529,7.11908986175115,6.27080743718593,6.26555891238671,6.88678395669292,6.88806664901831,165
"167",2015,3,6.94097222222222,72,7.28409090909091,6.40178571428571,6.20833333333333,6.55555555555556,6.99603174603175,44,28,6,9,63,6637,4818,1819,337,2041,4596,6.88824787102607,7.12059672063097,6.27282359538208,6.26454005934718,6.88532337089662,6.88954658833768,166
"168",2015,4,6.74794520547945,73,7.087,6.01086956521739,5.75,6.21428571428571,6.87457627118644,50,23,4,14,59,6710,4868,1842,341,2055,4655,6.88672147839046,7.12025164338537,6.26955272529859,6.25850439882698,6.88075182481752,6.88935684640172,167
"169",2015,5,6.70357142857143,56,7.0225,5.90625,6,6.57142857142857,6.72244897959184,40,16,3,7,49,6766,4908,1858,344,2062,4704,6.88520560449305,7.11945497147514,6.26642417653391,6.25625,6.87970174587779,6.88761822278911,168
"170",2015,6,6.69722222222222,36,7.14090909090909,6,4.5,6.2,6.77741935483871,22,14,2,5,31,6802,4930,1872,346,2067,4735,6.88421069097324,7.11955070993915,6.26443168803419,6.24609826589595,6.87805757135946,6.88689675184794,169
"171",2015,7,6.90423728813559,59,7.26578947368421,6.25,5,6.94,6.89204545454545,38,21,4,15,44,6861,4968,1893,350,2082,4779,6.88438290628188,7.12066928341385,6.26427159006868,6.23185714285714,6.87850384245918,6.8869441556811,170
"172",2015,8,6.99241071428571,112,7.39044117647059,6.37727272727273,6.42857142857143,6.36470588235294,7.10473684210526,68,44,7,17,95,6973,5036,1937,357,2099,4874,6.88611804388355,7.12431195393169,6.26683847186371,6.23571428571429,6.87434254406861,6.89118919162905,171
"173",2015,9,6.86717171717172,99,7.10625,6.55581395348837,6.25,6.99230769230769,6.84825581395349,56,43,4,13,86,7072,5092,1980,361,2112,4960,6.88585281674208,7.12411331500393,6.2731142020202,6.23587257617729,6.87506865530303,6.89044478225806,172
"174",2015,10,7.13107438016529,121,7.3475,6.70878048780488,6.625,6.86666666666667,7.17728155339806,80,41,4,18,103,7193,5172,2021,365,2130,5063,6.88997791185875,7.12756863882444,6.28195255813954,6.24013698630137,6.87499765258216,6.89628009480545,173
"175",2015,11,6.74146341463415,123,7.18181818181818,6.00434782608696,6.05,6.84722222222222,6.72333333333333,77,46,10,18,105,7316,5249,2067,375,2148,5168,6.88748101694915,7.1283644503715,6.27577461054669,6.23506666666667,6.87476489757915,6.89276627708978,174
"176",2015,12,6.79198717948718,156,7.09646464646465,6.26315789473684,6.375,6.38095238095238,6.85592592592593,99,57,8,21,135,7472,5348,2124,383,2169,5303,6.88548730192719,7.127773934181,6.27543602636535,6.23798955613577,6.86998386353158,6.89182842164812,175
"177",2016,1,6.94728260869565,184,7.17744360902256,6.34705882352941,6,7.1,6.91987179487179,133,51,2,28,156,7656,5481,2175,385,2197,5459,6.88697245559039,7.12897920087575,6.27711545747127,6.23675324675325,6.87291533909877,6.89262980765708,176
"178",2016,2,6.87537878787879,132,7.05402298850575,6.53,5.6,7.26470588235294,6.81782608695652,87,45,5,17,115,7788,5568,2220,390,2214,5574,6.88677595274782,7.12780801005747,6.2822414954955,6.22858974358974,6.87592366757001,6.89108649443846,177
"179",2016,3,6.90686666666667,150,7.10309278350515,6.5477358490566,6.59230769230769,7.10416666666667,6.86928571428571,97,53,13,24,126,7938,5665,2273,403,2238,5700,6.88715559586798,7.12738481906443,6.28843208095029,6.24032258064516,6.87837131367292,6.89060458245614,178
"180",2016,4,6.94672619047619,168,7.26036036036036,6.3359649122807,7,6.80263157894737,6.98884615384615,111,57,12,38,130,8106,5776,2330,415,2276,5830,6.88839021959043,7.1299402700831,6.28959490128756,6.26228915662651,6.87710676625659,6.89279521783876,179
"181",2016,5,7.04729927007299,137,7.37092783505155,6.2625,7,6.96583333333333,7.0646017699115,97,40,13,24,113,8243,5873,2370,428,2300,5943,6.89103131384205,7.13392048356887,6.28913760337553,6.28469626168224,6.87803260869565,6.89606194178024,180
"182",2016,6,6.91654676258993,139,7.37191011235955,6.106,6.71428571428571,6.782,6.94605263157895,89,50,7,25,114,8382,5962,2420,435,2325,6057,6.89145444046767,7.137473163368,6.28535376859504,6.2916091954023,6.877,6.89700282648175,181
"183",2016,7,6.79794117647059,136,7.18771084337349,6.18754716981132,6.625,6.91666666666667,6.7725,83,53,8,24,112,8518,6045,2473,443,2349,6169,6.88996138999765,7.1381629445823,6.28325763040841,6.29762979683973,6.87740527884206,6.89474244123845,182
"184",2016,8,6.92674712643678,174,7.24572413793103,6.28879310344828,5.56666666666667,7.04310344827586,6.90347586206897,116,58,9,29,145,8692,6161,2531,452,2378,6314,6.89069778186839,7.14018811881188,6.28338448044251,6.28307522123894,6.8794259882254,6.89494300285081,183
"185",2016,9,6.70184,125,7.00189873417721,6.18652173913044,5.9375,6.99473684210526,6.64933962264151,79,46,8,19,106,8817,6240,2577,460,2397,6420,6.88802031529999,7.13843733974359,6.28165545983702,6.2770652173913,6.88034000834376,6.89088786915888,184
"186",2016,10,6.74126506024096,166,7.022,6.31590909090909,5.45833333333333,6.39565217391304,6.79685314685315,100,66,12,23,143,8983,6340,2643,472,2420,6563,6.88530837359457,7.13660078864353,6.28251082860386,6.25625,6.87573347107438,6.88883896388846,185
"187",2016,11,6.91058823529412,170,7.12920353982301,6.47719298245614,6.59090909090909,7.004,6.89448275862069,113,57,11,25,145,9153,6453,2700,483,2445,6708,6.88577790014203,7.13647125368046,6.28662078518519,6.26387163561077,6.87704498977505,6.8889609600477,186
"188",2016,12,7.14746031746032,189,7.34852941176471,6.63150943396226,6.875,7.22692307692308,7.13478527607362,136,53,4,26,163,9342,6589,2753,487,2471,6871,6.89107205309356,7.14084823190165,6.29326048674174,6.26889117043121,6.88072642654796,6.89479262407218,187
"189",2017,1,6.82345132743363,226,7.17058823529412,6.0958904109589,5.5,6.81111111111111,6.82578947368421,153,73,8,36,190,9568,6742,2826,495,2507,7061,6.88947482441472,7.14152313853456,6.28816210898797,6.25646464646465,6.87972676505784,6.89293586177595,188
"190",2017,2,6.89189473684211,171,7.21678947368421,6.2421052631579,6.625,6.64656,6.93390410958904,114,57,8,25,146,9739,6856,2883,503,2532,7207,6.8895173138926,7.14277464994166,6.28725151578217,6.26232604373757,6.87742456556082,6.89376579991675,189
"191",2017,3,6.83308510638298,141,7.11109375,6.24,7.025,7.17833333333333,6.77266666666667,96,45,4,21,120,9880,6952,2928,507,2553,7327,6.88871195546559,7.14233716915995,6.28652531420765,6.26834319526627,6.87989972581277,6.89178246485601,190
"192",2017,4,6.97777777777778,171,7.16666666666667,6.56851851851852,7.25,6.99166666666667,6.97551020408163,117,54,8,24,147,10051,7069,2982,515,2577,7474,6.89022725300965,7.14273985004951,6.29163183098592,6.28359223300971,6.88094062863795,6.89342923735617,191
"193",2017,5,7.06025477707006,157,7.25237288135593,6.47897435897436,5.62,7.05851851851852,7.06061538461538,118,39,5,27,130,10208,7187,3021,520,2604,7604,6.89284229231975,7.14453986364269,6.29405035418736,6.27721153846154,6.88278187403994,6.89628749605471,192
"194",2017,6,7.05729927007299,137,7.25459183673469,6.56153846153846,6.25,7.29473684210526,7.01906779661017,98,39,6,19,118,10345,7285,3060,526,2623,7722,6.89502021459643,7.14602031571723,6.29745951633987,6.27690114068441,6.88576591688906,6.8981637037037,193
"195",2017,7,6.80886956521739,138,7.26235294117647,6.08158490566038,5.94444444444444,6.8,6.80987096774194,85,53,9,14,124,10483,7370,3113,535,2637,7846,6.89388611275398,7.14736200814111,6.29378416961131,6.27130841121495,6.88531058020478,6.89676830486872,194
"196",2017,8,6.82537688442211,199,7.1125,6.14406779661017,6.2,6.78571428571429,6.83005617977528,140,59,10,21,178,10682,7510,3172,545,2658,8024,6.89260982213069,7.1467121171771,6.290999407314,6.27,6.8845237020316,6.8952883998006,195
"197",2017,9,7.02024539877301,163,7.23703703703704,6.59454545454545,6.41666666666667,7.03333333333333,7.01862068965517,108,55,6,18,145,10845,7618,3227,551,2676,8169,6.89452818072845,7.14799264898924,6.29617295320731,6.27159709618875,6.88552466367713,6.89747755171991,196
"198",2017,10,6.88369230769231,195,7.1925,6.29373134328358,5.425,6.786,6.89485714285714,128,67,8,20,175,11040,7746,3294,559,2696,8344,6.89433678623189,7.14872811773819,6.29612329083182,6.25948121645796,6.88478635014837,6.89742259348034,197
"199",2017,11,7.01994418604651,215,7.15331168831169,6.68324590163934,5.91666666666667,7.188,6.99783157894737,154,61,6,25,190,11255,7900,3355,565,2721,8534,6.89673621679254,7.14881746835443,6.30316188375559,6.2558407079646,6.88757221609702,6.8996580876494,198
"200",2017,12,6.8172754491018,167,7.16755,6.2944776119403,6.11111111111111,7.015,6.79037414965986,100,67,9,20,147,11422,8000,3422,574,2741,8681,6.89557442829627,7.149051625,6.30299185271771,6.25357142857143,6.88850200656695,6.89780752447874,199
"201",2018,1,6.93712871287129,202,7.05067567567568,6.62592592592593,6.5375,6.87142857142857,6.94770114942529,148,54,8,28,174,11624,8148,3476,582,2769,8855,6.89629655196146,7.1472647275405,6.30800866513234,6.25747422680412,6.88832936078007,6.89878792998306,200
"202",2018,2,6.77868055555556,144,7.14073684210526,6.07673469387755,5.8125,6.75,6.78277777777778,95,49,8,18,126,11768,8243,3525,590,2787,8981,6.89485733514616,7.14718949411622,6.3047937929078,6.2514406779661,6.88743595263725,6.89716035185391,201
"203",2018,3,6.96087445205479,146,7.20655681318681,6.55438181818182,6.78571428571429,7.04504545454545,6.94594088709677,91,55,7,22,124,11914,8334,3580,597,2809,9105,6.89566634127917,7.14783773338133,6.30862824581006,6.25770519262981,6.88867034531862,6.89782468863262,202
"204",2018,4,6.96430713483146,178,7.19080558333333,6.49568965517241,6.375,7.43333333333333,6.9115416875,120,58,6,18,160,12092,8454,3638,603,2827,9265,6.89667676645717,7.14844763898746,6.31161053326003,6.25887230514096,6.89213830916166,6.89806157150566,203
"205",2018,5,6.73983050847458,118,7.07916666666667,6.20869565217391,5.27777777777778,6.67647058823529,6.75049504950495,72,46,9,17,101,12210,8526,3684,612,2844,9366,6.89516097133497,7.14786257799672,6.31032549402823,6.24444444444444,6.89084915611815,6.89647026051676,204
"206",2018,6,7.04359712230216,139,7.36786516853933,6.4664,6.5,7.272,6.99350877192982,89,50,6,25,114,12349,8615,3734,618,2869,9480,6.89683176451535,7.15013538479396,6.31241540439207,6.24692556634304,6.89417044266295,6.89763717932489,205
"207",2018,7,6.89492957746479,142,7.21816326530612,6.175,6.14583333333333,7.2452380952381,6.83413223140496,98,44,12,21,121,12491,8713,3778,630,2890,9601,6.89681014010088,7.15090053253759,6.31081501323452,6.245,6.8967214532872,6.89683683574627,206
"208",2018,8,6.77896296296296,135,7.2195,6.13818181818182,6.21666666666667,7.225,6.70139130434783,80,55,6,20,115,12626,8793,3833,636,2910,9716,6.89555009187391,7.15152466052542,6.30833788677276,6.24473270440251,6.89897766323024,6.89452351379168,207
"209",2018,9,6.61915254237288,118,6.9379746835443,5.97333333333333,7,6.56666666666667,6.6286,79,39,1,18,100,12744,8872,3872,637,2928,9816,6.89299085530446,7.14962312218215,6.30496361570248,6.24591836734694,6.89693476775957,6.89181443154034,208
"210",2018,10,6.83331034482759,145,6.9169696969697,6.65326086956522,6.91666666666667,7.29076923076923,6.78825757575758,99,46,6,13,132,12889,8971,3918,643,2941,9948,6.89231945534953,7.14705566157619,6.30905286370597,6.25217729393468,6.89867562053723,6.89044033574588,209
"211",2018,11,6.907875,160,7.16754716981132,6.39814814814815,6.5,6.95454545454545,6.9004347826087,106,54,5,22,138,13049,9077,3972,648,2963,10086,6.89251018928654,7.14729495868679,6.31026412890232,6.25408950617284,6.89909044886939,6.89057708308546,210
"212",2018,12,6.9666458125,160,7.17504761904762,6.56878781818182,7.125,6.9375,6.96817980263158,105,55,6,8,152,13209,9182,4027,654,2971,10238,6.89340819062761,7.14761232193422,6.31379499627514,6.26207951070336,6.89919387411646,6.89172922348115,211
"213",2019,1,7.06973094170404,223,7.20487012987013,6.76811594202899,7,7.28148148148148,7.0405612244898,154,69,10,27,196,13432,9336,4096,664,2998,10434,6.89633552635498,7.1485568059126,6.32144835205078,6.27319277108434,6.90263675783856,6.89452499424957,212
"214",2019,2,6.77040268456376,149,6.96698113207547,6.28581395348837,6,6.52941176470588,6.80143939393939,106,43,6,17,132,13581,9442,4139,670,3015,10566,6.8949538907297,7.14651835839865,6.32107814689538,6.27074626865671,6.90053233830846,6.89336208498959,213
"215",2019,3,6.7681875,160,7.00401960784314,6.35344827586207,6.02,6.515625,6.79625,102,58,7,16,144,13741,9544,4197,677,3031,10710,6.89347782475803,7.14499542539816,6.32152548248749,6.26815361890694,6.89850049488618,6.89205637628384,214
"216",2019,4,6.91759124087591,137,7.08172413793103,6.632,5.92857142857143,7.02777777777778,6.9009243697479,87,50,7,18,119,13878,9631,4247,684,3049,10829,6.89371586611904,7.14442387498702,6.32518070402637,6.2646783625731,6.8992636930141,6.89215382676147,215
"217",2019,5,6.90436561290323,155,7.0923053271028,6.48541666666667,6.28125,7.0625,6.86322495934959,107,48,8,32,123,14033,9738,4295,692,3081,10952,6.89383349675765,7.14385120250565,6.32697146682189,6.26486994219653,6.90095910418695,6.89182893170197,216
"218",2019,6,6.81150949685535,159,6.96847100917431,6.4693334,5.89833375,6.83823529411765,6.80830992957747,109,50,8,17,142,14192,9847,4345,700,3098,11094,6.89291118024239,7.14190985579364,6.32860969390104,6.26068095714286,6.900614912847,6.89075991256535,217
"219",2019,7,6.91344632768362,177,7.09008403361345,6.55103448275862,5,7.16666666666667,6.88477987421384,119,58,5,18,159,14369,9966,4403,705,3116,11253,6.8931641359872,7.14129102448324,6.33153965932319,6.25173995744681,6.90215179717587,6.89067541722207,218
"220",2019,8,7.12028321568627,255,7.32328530864198,6.76666666666667,6.48666666666667,7.3,7.09541169642857,162,93,15,31,224,14624,10128,4496,720,3147,11477,6.89712443175602,7.14420207049763,6.34054028469751,6.25663426388889,6.90607086113759,6.89467131567483,219
"221",2019,9,6.9715852,225,7.17032866197183,6.63156626506024,6.01111111111111,7.24264379310345,6.93147959183673,142,83,9,29,196,14849,10270,4579,729,3176,11673,6.898252701192,7.14456331450828,6.34581548809784,6.2536031138546,6.90914410264484,6.895289359205,220
"222",2019,10,7.08801020408163,196,7.19738805970149,6.85161290322581,6.5625,7.15217391304348,7.07947976878613,134,62,8,23,173,15045,10404,4641,737,3199,11846,6.90072478298438,7.14524367935409,6.35257253178194,6.25695613297151,6.91089142544545,6.89797929174405,221
"223",2019,11,6.98172268907563,238,7.30068493150685,6.47554347826087,6.31875,7.36944444444444,6.91262376237624,146,92,16,36,202,15283,10550,4733,753,3235,12048,6.90198615193352,7.14739480947867,6.35496283963659,6.2582691500664,6.91599433384853,6.8982248248672,222
"224",2019,12,7.11597285067873,221,7.36194630872483,6.60694444444444,6.77777777777778,7.00233333333333,7.1338219895288,149,72,9,30,191,15504,10699,4805,762,3265,12239,6.90503640092879,7.15038276848303,6.35873863059313,6.26440507874016,6.91678764777948,6.90190151891494,223
"225",2020,1,6.96822222222222,315,7.19453201970443,6.55803571428571,6.625,6.80583333333333,6.98917562724014,203,112,12,36,279,15819,10902,4917,774,3301,12518,6.90629460522157,7.1512048468171,6.36327824283099,6.26999569767442,6.91557760375644,6.90384667598658,224
"226",2020,2,6.96041196226415,265,7.25167206451613,6.55,6.48333333333333,7.26296296296296,6.92608894957983,155,110,12,27,238,16084,11057,5027,786,3328,12756,6.90718624285004,7.15261322329746,6.36736405808633,6.27325276081425,6.91839593449519,6.90426166980244,225
"227",2020,3,7.01249743902439,246,7.26819849673203,6.59182795698925,6.92857142857143,7.23548387096774,6.98034590697674,153,93,7,31,215,16330,11210,5120,793,3359,12971,6.90877268218004,7.15419079214987,6.371441234375,6.2790374148802,6.9213223191426,6.90552279932156,226
"228",2020,4,6.83184858778626,262,7.26698106382979,6.32479338842975,6.56,6.33333333333333,6.91903286995516,141,121,10,39,223,16592,11351,5241,803,3398,13194,6.90755799361138,7.15559185181922,6.37036426636138,6.28253632627646,6.91457376986463,6.90575114142792,227
"229",2020,5,6.96603174603175,252,7.2068115942029,6.67456140350877,5.5,6.9651724137931,6.96614349775785,138,114,4,29,223,16844,11489,5355,807,3427,13417,6.90843280871527,7.15620707720428,6.37684017180205,6.27865758364312,6.91500194630872,6.9067549049713,228
"230",2020,6,7.00732053846154,260,7.34831113333333,6.54233336363636,6.14285714285714,7.36060606060606,6.95596185022026,150,110,7,33,227,17104,11639,5465,814,3460,13644,6.90993601321329,7.15868285763382,6.38017123330283,6.27748976658477,6.91925192774567,6.90757357812958,229
"231",2020,7,6.98085714285714,245,7.22702702702703,6.60525773195876,6.5,6.78148148148148,7.0055504587156,148,97,10,27,218,17349,11787,5562,824,3487,13862,6.91093755086749,7.15954100110291,6.38409669003955,6.28019013349515,6.91818516489819,6.90911440629058,230
"232",2020,8,7.03,246,7.29470588235294,6.70272727272727,6.65625,7.16285714285714,7.00796208530806,136,110,16,35,211,17595,11923,5672,840,3522,14073,6.91260219210003,7.1610827627275,6.39027605606488,6.28735317857143,6.92061660136286,6.91059645420308,231
"233",2020,9,6.87847161572052,229,7.20231884057971,6.38736263736264,6.08,6.90416666666667,6.87546341463415,138,91,10,24,205,17824,12061,5763,850,3546,14278,6.91216368772442,7.16155457922228,6.39023005205622,6.28491372941177,6.92050526508742,6.91009202269225,232
"234",2020,10,6.95033474576271,236,7.07636912751678,6.73448275862069,7,6.56578947368421,6.98400460829493,149,87,6,19,217,18060,12210,5850,856,3565,14495,6.91266249003323,7.16051505159705,6.39534970769231,6.28992601635514,6.91861477419355,6.91119854432563,233
"235",2020,11,6.96865989864865,296,7.22016759776536,6.58387461538462,6.07555555555556,7.09791666666667,6.95725488970588,179,117,9,24,272,18356,12389,5967,865,3589,14767,6.91356547722816,7.16137692953426,6.3990462745098,6.28769557225434,6.91981378378378,6.91204687681993,234
"236",2020,12,6.94521,300,7.30225683060109,6.38675213675214,5.33333333333333,7.17361764705882,6.91601503759398,183,117,12,34,266,18656,12572,6084,877,3623,15033,6.91407434069469,7.1634275994273,6.39880984878369,6.27463702394527,6.92219560309136,6.91211709106632,235
"237",2021,1,7.07236649171271,362,7.25870032110092,6.79027777777778,6.15,6.94756097560976,7.08830738317757,218,144,10,41,321,19018,12790,6228,887,3664,15354,6.91708736828268,7.16505148162627,6.40786113037893,6.27323187147689,6.92247944050218,6.91580063175719,236
"238",2021,2,7.06903114186851,289,7.41517857142857,6.58842975206612,6.58461538461538,7.3953125,7.0284046692607,168,121,13,32,257,19307,12958,6349,900,3696,15611,6.91936176360906,7.16829437027319,6.41130242872893,6.27772963333334,6.92657323322511,6.91765440394593,237
"239",2021,3,6.96641509433962,265,7.18353658536585,6.61386138613861,6.21428571428571,7.37692307692308,6.92175732217573,164,101,7,26,239,19572,13122,6450,907,3722,15850,6.91999885397507,7.16848486892242,6.41447428217054,6.27723998897464,6.92971914830736,6.91771627129337,238
"240",2021,4,7.01666064981949,277,7.40555214723926,6.46061403508772,5.625,7.51538461538462,6.965,163,114,12,26,251,19849,13285,6564,919,3748,16101,6.9213478044234,7.17139356040647,6.41527561243144,6.26872325353645,6.93378192902882,6.91845338177753,239
"241",2021,5,6.98489228136882,263,7.24462965277778,6.67058823529412,6.35714285714286,6.66060606060606,7.03142030434783,144,119,7,33,230,20112,13429,6683,926,3781,16331,6.92217876093875,7.1721788755678,6.41982180457878,6.26939165226782,6.93139769108701,6.92004436776682,240
"242",2021,6,7.08010706422018,218,7.44656646616541,6.50670588235294,6.77272727272727,7.21611111111111,7.05320516483517,133,85,11,36,182,20330,13562,6768,937,3817,16513,6.92387223708805,7.17486974340068,6.42091299054373,6.27530060832444,6.93408296305999,6.92151201538182,241
"243",2021,7,7.03131578947368,228,7.41539682539682,6.55686274509804,6.75,7.18181818181818,7.0152427184466,126,102,6,22,206,20558,13688,6870,943,3839,16719,6.92506384765055,7.17708382963179,6.42293145851528,6.2783209650053,6.93550264912738,6.92266690053233,242
"244",2021,8,7.02675030418251,263,7.32003153846154,6.49946808510638,7.05555555555556,7.17714285714286,7.00366372807018,169,94,9,35,228,20821,13857,6964,952,3874,16947,6.92634829787234,7.17882722017753,6.42396454910971,6.2856687710084,6.93768576923077,6.92375660824925,243
"245",2021,9,7.0424644017094,234,7.20976692307692,6.77956043956044,6.2,7.05681818181818,7.04097485849057,143,91,5,22,212,21055,14000,7055,957,3896,17159,6.92763878318689,7.17914324714286,6.42855125726435,6.28522118077325,6.93835848819302,6.92520484352235,244
"246",2021,10,7.01640585774059,239,7.18449659863946,6.74782608695652,6.9,7.26190476190476,6.99275688073395,147,92,9,21,218,21294,14147,7147,966,3917,17377,6.9286350887574,7.17919887325935,6.43266113334266,6.29094893374741,6.9400930993107,6.92605230534615,245
"247",2021,11,6.98657075539568,278,7.29853251572327,6.56974789915966,6.31818181818182,7.28064516129032,6.94966263157895,159,119,11,31,247,21572,14306,7266,977,3948,17624,6.92938171008715,7.18052517335383,6.4349062923204,6.29125554759468,6.94276714032421,6.92638320358602,246
"248",2021,12,6.99523808625337,371,7.21560733050847,6.61,6.25454545454545,7.35142857142857,6.95813491071429,236,135,11,35,336,21943,14542,7401,988,3983,17960,6.9304951729481,7.18109451657268,6.43810013781921,6.29084683198381,6.94635818980668,6.92697722216035,247
"249",2022,1,6.93553148619957,471,7.09201228782288,6.7235,7,7.02037037037037,6.9245451558753,271,200,9,54,417,22414,14813,7601,997,4037,18377,6.93060100428304,7.17946478026058,6.44560967241152,6.29724841524574,6.9473481966807,6.92692203515263,248
"250",2022,2,7.10436781609195,348,7.31523076923077,6.83562091503268,6.76875,7.47941176470588,7.06375796178344,195,153,16,34,314,22762,15008,7754,1013,4071,18691,6.93325766233196,7.1812287973081,6.45330527727624,6.30469562685094,6.95179186195038,6.92922081429565,249
"251",2022,3,7.00432402097902,286,7.41924244318182,6.34045454545455,5.81,6.975,7.00750647286822,176,110,10,28,258,23048,15184,7864,1023,4099,18949,6.93413951666088,7.18398764884088,6.45172674465921,6.29985989247312,6.95195039521835,6.93028671222756,250
"252",2022,4,6.99198717948718,312,7.27170854271357,6.49938053097345,6.08333333333333,6.86145833333333,7.0157196969697,199,113,6,48,264,23360,15383,7977,1029,4147,19213,6.9349121395548,7.18512243775596,6.45240179516109,6.29859734693878,6.95090298287919,6.93146062093374,251
"253",2022,5,6.96700315457413,317,7.16343023255814,6.734,7.42857142857143,7.1525,6.9432384341637,172,145,7,36,281,23677,15555,8122,1036,4183,19494,6.93534179076741,7.18488257537769,6.4574290962817,6.30623230694981,6.95263797991872,6.93163039448035,252
"254",2022,6,7.02821428571429,308,7.32630057803468,6.64622222222222,6.34,7.55645161290323,6.96909747292419,173,135,10,31,277,23985,15728,8257,1046,4214,19771,6.93653439983323,7.18643810147507,6.46051581930483,6.30655513384321,6.9570798932131,6.93215532395933,253
"255",2022,7,7.00895683453237,278,7.30576687116564,6.58826086956522,6.4,7.0047619047619,7.00929961089494,163,115,10,21,257,24263,15891,8372,1056,4235,20028,6.93736419981041,7.18766210181864,6.46227055900621,6.30744002840909,6.95731633293979,6.93314524216097,254
"256",2022,8,7.05513888888889,288,7.41799222222222,6.52481478632479,6.41666666666667,7.17222222222222,7.04302681992337,171,117,6,27,261,24551,16062,8489,1062,4262,20289,6.93874577736141,7.19011425289503,6.46313257745317,6.30805712806027,6.95867777334585,6.93455877125536,255
"257",2022,9,7.04808016778524,298,7.34166028735632,6.63612096774194,6.16666666666667,7.04839473684211,7.04803419230769,174,124,6,38,260,24849,16236,8613,1068,4300,20549,6.94005696285565,7.1917383604336,6.46562306397306,6.30726279962547,6.95947062093023,6.93599453988029,256
"258",2022,10,7.0057,300,7.18943005181347,6.67429906542056,6.125,7.2348717948718,6.97145593869732,193,107,4,39,261,25149,16429,8720,1072,4339,20810,6.94084001232654,7.19171124353278,6.46818365252294,6.30658271455224,6.96194599446877,6.93643929841422,257
"259",2022,11,7.08440119760479,334,7.39047619047619,6.56604838709677,5.89375,6.76851851851852,7.11218241042345,210,124,8,27,307,25483,16639,8844,1080,4366,21117,6.94272163677746,7.1942198461446,6.46955579488919,6.30352469444445,6.96074980989464,6.93899426054837,258
"260",2022,12,7.14476997578693,413,7.3343137254902,6.83886075949367,6.45625,7.22978723404255,7.13385245901639,255,158,16,47,366,25896,16894,9002,1096,4413,21483,6.94594398632994,7.19633443944595,6.47603770828705,6.30575426094891,6.96361515295717,6.94231400642368,259
