"","year","month","avg_rating","no_ratings","avg_rating_owned","avg_rating_not_owned","avg_rating_prev_owned","avg_rating_comment","avg_rating_no_comment","no_ratings_owned","no_ratings_not_owned","no_ratings_prev_owned","no_ratings_comment","no_ratings_no_comment","cum_no_ratings","cum_no_ratings_owned","cum_no_ratings_not_owned","cum_no_ratings_prev_owned","cum_no_ratings_comment","cum_no_ratings_no_comment","cum_avg_rating","cum_avg_rating_owned","cum_avg_rating_not_owned","cum_avg_rating_prev_owned","cum_avg_rating_comment","cum_avg_rating_no_comment","month_after_release"
"1",2001,6,6.4,5,6,7,NA,NA,6.4,3,2,0,0,5,5,3,2,0,0,5,6.4,6,7,NA,NA,6.4,0
"2",2001,8,7.5,2,NA,7.5,7,7.5,NA,0,2,1,2,0,7,3,4,1,2,5,6.71428571428571,6,7.25,7,7.5,6.4,2
"3",2001,10,7,1,7,NA,NA,NA,7,1,0,0,0,1,8,4,4,1,2,6,6.75,6.25,7.25,7,7.5,6.5,4
"4",2001,11,8,1,8,NA,NA,NA,8,1,0,0,0,1,9,5,4,1,2,7,6.88888888888889,6.6,7.25,7,7.5,6.71428571428571,5
"5",2001,12,6,2,8,4,NA,4,8,1,1,0,1,1,11,6,5,1,3,8,6.72727272727273,6.83333333333333,6.6,7,6.33333333333333,6.875,6
"6",2002,1,8,2,8,8,NA,NA,8,1,1,0,0,2,13,7,6,1,3,10,6.92307692307692,7,6.83333333333333,7,6.33333333333333,7.1,7
"7",2002,2,6,2,6,NA,NA,NA,6,2,0,0,0,2,15,9,6,1,3,12,6.8,6.77777777777778,6.83333333333333,7,6.33333333333333,6.91666666666667,8
"8",2002,3,7,1,7,NA,NA,NA,7,1,0,0,0,1,16,10,6,1,3,13,6.8125,6.8,6.83333333333333,7,6.33333333333333,6.92307692307692,9
"9",2002,5,5,3,5.5,4,NA,6,4.5,2,1,0,1,2,19,12,7,1,4,15,6.52631578947368,6.58333333333333,6.42857142857143,7,6.25,6.6,11
"10",2002,6,6.33333333333333,3,7,5,5,NA,6.33333333333333,2,1,1,0,3,22,14,8,2,4,18,6.5,6.64285714285714,6.25,6,6.25,6.55555555555556,12
"11",2002,7,6,1,6,NA,NA,NA,6,1,0,0,0,1,23,15,8,2,4,19,6.47826086956522,6.6,6.25,6,6.25,6.52631578947368,13
"12",2002,8,6.25,4,6,7,NA,NA,6.25,3,1,0,0,4,27,18,9,2,4,23,6.44444444444444,6.5,6.33333333333333,6,6.25,6.47826086956522,14
"13",2002,9,7,3,9,6,NA,NA,7,1,2,0,0,3,30,19,11,2,4,26,6.5,6.63157894736842,6.27272727272727,6,6.25,6.53846153846154,15
"14",2002,10,7.33333333333333,3,8,6,6,NA,7.33333333333333,2,1,1,0,3,33,21,12,3,4,29,6.57575757575758,6.76190476190476,6.25,6,6.25,6.62068965517241,16
"15",2002,11,6,4,6,NA,NA,7,5.66666666666667,4,0,0,1,3,37,25,12,3,5,32,6.51351351351351,6.64,6.25,6,6.4,6.53125,17
"16",2002,12,7.5,2,7.5,NA,NA,NA,7.5,2,0,0,0,2,39,27,12,3,5,34,6.56410256410256,6.7037037037037,6.25,6,6.4,6.58823529411765,18
"17",2003,1,6,3,7,5.5,NA,5,6.5,1,2,0,1,2,42,28,14,3,6,36,6.52380952380952,6.71428571428571,6.14285714285714,6,6.16666666666667,6.58333333333333,19
"18",2003,3,8.66666666666667,3,8.66666666666667,NA,NA,NA,8.66666666666667,3,0,0,0,3,45,31,14,3,6,39,6.66666666666667,6.90322580645161,6.14285714285714,6,6.16666666666667,6.74358974358974,21
"19",2003,4,7,2,6,8,NA,NA,7,1,1,0,0,2,47,32,15,3,6,41,6.68085106382979,6.875,6.26666666666667,6,6.16666666666667,6.75609756097561,22
"20",2003,5,7.16666666666667,9,7.7,6.5,7,7.7,6.5,5,4,3,5,4,56,37,19,6,11,45,6.75892857142857,6.98648648648649,6.31578947368421,6.5,6.86363636363636,6.73333333333333,23
"21",2003,6,6,1,6,NA,NA,NA,6,1,0,0,0,1,57,38,19,6,11,46,6.74561403508772,6.96052631578947,6.31578947368421,6.5,6.86363636363636,6.71739130434783,24
"22",2003,7,6.45833333333333,12,7.125,6.125,6.33333333333333,7,6.35,4,8,3,2,10,69,42,27,9,13,56,6.69565217391304,6.97619047619048,6.25925925925926,6.44444444444444,6.88461538461539,6.65178571428571,25
"23",2003,8,6.5,8,6.42857142857143,7,NA,6,6.66666666666667,7,1,0,2,6,77,49,28,9,15,62,6.67532467532468,6.89795918367347,6.28571428571429,6.44444444444444,6.76666666666667,6.65322580645161,26
"24",2003,9,6.7,5,7.25,6.33333333333333,NA,6.5,6.83333333333333,2,3,0,2,3,82,51,31,9,17,65,6.67682926829268,6.91176470588235,6.29032258064516,6.44444444444444,6.73529411764706,6.66153846153846,27
"25",2003,10,6,2,6,6,NA,NA,6,1,1,0,0,2,84,52,32,9,17,67,6.66071428571429,6.89423076923077,6.28125,6.44444444444444,6.73529411764706,6.64179104477612,28
"26",2003,12,6,5,6.33333333333333,5.5,6,5,6.25,3,2,1,1,4,89,55,34,10,18,71,6.62359550561798,6.86363636363636,6.23529411764706,6.4,6.63888888888889,6.61971830985915,30
"27",2004,1,6.48888888888889,9,6.9,5.975,6.9,6.08,7,5,4,1,5,4,98,60,38,11,23,75,6.61122448979592,6.86666666666667,6.20789473684211,6.44545454545455,6.51739130434783,6.64,31
"28",2004,2,6.4625,8,6.25,6.675,6,6,6.52857142857143,4,4,1,1,7,106,64,42,12,24,82,6.6,6.828125,6.25238095238095,6.40833333333333,6.49583333333333,6.63048780487805,32
"29",2004,3,6.5,8,6.33333333333333,7,NA,NA,6.5,6,2,0,0,8,114,70,44,12,24,90,6.59298245614035,6.78571428571429,6.28636363636364,6.40833333333333,6.49583333333333,6.61888888888889,33
"30",2004,4,6.25,8,6.33333333333333,6,NA,6.5,6.16666666666667,6,2,0,2,6,122,76,46,12,26,96,6.57049180327869,6.75,6.27391304347826,6.40833333333333,6.49615384615385,6.590625,34
"31",2004,5,5.2,5,5.5,4,NA,4.5,5.66666666666667,4,1,0,2,3,127,80,47,12,28,99,6.51653543307087,6.6875,6.22553191489362,6.40833333333333,6.35357142857143,6.56262626262626,35
"32",2004,6,6.75,4,7,6.5,NA,7,6.5,2,2,0,2,2,131,82,49,12,30,101,6.5236641221374,6.69512195121951,6.23673469387755,6.40833333333333,6.39666666666667,6.56138613861386,36
"33",2004,7,6.66666666666667,6,6.6,7,7,7,6.33333333333333,5,1,1,3,3,137,87,50,13,33,104,6.52992700729927,6.68965517241379,6.252,6.45384615384615,6.45151515151515,6.55480769230769,37
"34",2004,8,7.1,5,7.375,6,NA,8,6.5,4,1,0,2,3,142,91,51,13,35,107,6.55,6.71978021978022,6.24705882352941,6.45384615384615,6.54,6.55327102803738,38
"35",2004,9,6.66666666666667,3,6.66666666666667,NA,NA,NA,6.66666666666667,3,0,0,0,3,145,94,51,13,35,110,6.55241379310345,6.71808510638298,6.24705882352941,6.45384615384615,6.54,6.55636363636364,39
"36",2004,10,6.375,8,6.6,6,6.5,6.5,6,5,3,2,6,2,153,99,54,15,41,112,6.54313725490196,6.71212121212121,6.23333333333333,6.46,6.53414634146341,6.54642857142857,40
"37",2004,11,6.22222222222222,9,7.33333333333333,5.66666666666667,6,7.5,5.85714285714286,3,6,2,2,7,162,102,60,17,43,119,6.52530864197531,6.73039215686275,6.17666666666667,6.40588235294118,6.57906976744186,6.50588235294118,41
"38",2004,12,5.5,2,5.5,NA,NA,4,7,2,0,0,1,1,164,104,60,17,44,120,6.51280487804878,6.70673076923077,6.17666666666667,6.40588235294118,6.52045454545454,6.51,42
"39",2005,1,6.13636363636364,11,6.27777777777778,5.5,NA,6.66666666666667,5.9375,9,2,0,3,8,175,113,62,17,47,128,6.48914285714286,6.67256637168142,6.15483870967742,6.40588235294118,6.52978723404255,6.47421875,43
"40",2005,2,6.14285714285714,7,6.5,4,NA,5,6.6,6,1,0,2,5,182,119,63,17,49,133,6.47582417582418,6.66386554621849,6.12063492063492,6.40588235294118,6.46734693877551,6.47894736842105,44
"41",2005,3,6.65555555555556,9,6.8,6.475,7,5,7.12857142857143,5,4,1,2,7,191,124,67,18,51,140,6.48429319371728,6.66935483870968,6.14179104477612,6.43888888888889,6.40980392156863,6.51142857142857,45
"42",2005,4,6.05555555555556,9,6.25,5.66666666666667,5,6.16666666666667,6,6,3,1,3,6,200,130,70,19,54,146,6.465,6.65,6.12142857142857,6.36315789473684,6.3962962962963,6.49041095890411,46
"43",2005,5,5.7,5,5.5,6,6,6,5.625,3,2,1,1,4,205,133,72,20,55,150,6.44634146341463,6.62406015037594,6.11805555555555,6.345,6.38909090909091,6.46733333333333,47
"44",2005,6,6.28571428571429,7,6.6,5.5,8,7,6,5,2,1,2,5,212,138,74,21,57,155,6.44103773584906,6.6231884057971,6.10135135135135,6.42380952380952,6.41052631578947,6.45225806451613,48
"45",2005,7,6.66666666666667,9,6.66666666666667,NA,NA,5,6.875,9,0,0,1,8,221,147,74,21,58,163,6.45022624434389,6.62585034013605,6.10135135135135,6.42380952380952,6.38620689655172,6.47300613496932,49
"46",2005,8,6.55,10,7.33333333333333,5.375,5.25,6.625,6.5,6,4,2,4,6,231,153,78,23,62,169,6.45454545454545,6.65359477124183,6.06410256410256,6.32173913043478,6.40161290322581,6.47396449704142,50
"47",2005,9,5.91666666666667,6,6.3,4,NA,7.25,5.25,5,1,0,2,4,237,158,79,23,64,173,6.44092827004219,6.64240506329114,6.0379746835443,6.32173913043478,6.428125,6.44566473988439,51
"48",2005,10,6,2,5,7,NA,7,5,1,1,0,1,1,239,159,80,23,65,174,6.43723849372385,6.63207547169811,6.05,6.32173913043478,6.43692307692308,6.43735632183908,52
"49",2005,11,6.4,10,6.57142857142857,6,6,5.5,6.625,7,3,3,2,8,249,166,83,26,67,182,6.43574297188755,6.62951807228916,6.04819277108434,6.28461538461538,6.4089552238806,6.44560439560439,53
"50",2005,12,6.92857142857143,7,7.625,6,7,7.625,6,4,3,1,4,3,256,170,86,27,71,185,6.44921875,6.65294117647059,6.04651162790698,6.31111111111111,6.47746478873239,6.43837837837838,54
"51",2006,1,6.07692307692308,13,6.1,6,6,6.25,6,10,3,1,4,9,269,180,89,28,75,194,6.43122676579926,6.62222222222222,6.04494382022472,6.3,6.46533333333333,6.4180412371134,55
"52",2006,2,6.5,2,7,6,NA,6,7,1,1,0,1,1,271,181,90,28,76,195,6.43173431734317,6.62430939226519,6.04444444444444,6.3,6.45921052631579,6.42102564102564,56
"53",2006,3,6.25,8,6.14285714285714,7,NA,6.4,6,7,1,0,5,3,279,188,91,28,81,198,6.42652329749104,6.6063829787234,6.05494505494505,6.3,6.45555555555556,6.41464646464646,57
"54",2006,4,5.5,4,7,5,5,5,6,1,3,1,2,2,283,189,94,29,83,200,6.41342756183746,6.60846560846561,6.02127659574468,6.2551724137931,6.42048192771084,6.4105,58
"55",2006,5,8,1,8,NA,NA,NA,8,1,0,0,0,1,284,190,94,29,83,201,6.41901408450704,6.61578947368421,6.02127659574468,6.2551724137931,6.42048192771084,6.418407960199,59
"56",2006,6,7,3,7,NA,NA,7,7,3,0,0,1,2,287,193,94,29,84,203,6.42508710801394,6.62176165803109,6.02127659574468,6.2551724137931,6.42738095238095,6.42413793103448,60
"57",2006,7,6.33333333333333,9,6,7,NA,6.66666666666667,6.16666666666667,6,3,0,3,6,296,199,97,29,87,209,6.4222972972973,6.60301507537688,6.05154639175258,6.2551724137931,6.43563218390805,6.41674641148325,61
"58",2006,8,6.65714285714286,7,7.275,5.83333333333333,6,7.75,6.22,4,3,1,2,5,303,203,100,30,89,214,6.42772277227723,6.61625615763547,6.045,6.24666666666667,6.46516853932584,6.41214953271028,62
"59",2006,9,6.5,7,6.75,5,NA,6.66666666666667,6.375,6,1,0,3,4,310,209,101,30,92,218,6.42935483870968,6.6200956937799,6.03465346534653,6.24666666666667,6.47173913043478,6.41146788990826,63
"60",2006,10,6.35714285714286,7,7.5,5.9,7,6,6.5,2,5,1,2,5,317,211,106,31,94,223,6.42776025236593,6.62843601895735,6.02830188679245,6.27096774193548,6.46170212765957,6.41345291479821,64
"61",2006,11,6.25,4,6.25,NA,NA,6,6.33333333333333,4,0,0,1,3,321,215,106,31,95,226,6.42554517133956,6.62139534883721,6.02830188679245,6.27096774193548,6.45684210526316,6.41238938053097,65
"62",2006,12,6.22222222222222,9,6.28571428571429,6,6,5.66666666666667,6.5,7,2,1,3,6,330,222,108,32,98,232,6.42,6.61081081081081,6.02777777777778,6.2625,6.43265306122449,6.41465517241379,66
"63",2007,1,6.55882352941176,17,6.5,6.66666666666667,8,7.7,6.08333333333333,11,6,1,5,12,347,233,114,33,103,244,6.42680115273775,6.60557939914163,6.06140350877193,6.31515151515152,6.49417475728155,6.3983606557377,67
"64",2007,2,6.144433,10,6.14285714285714,6.14811,6,6,6.18054125,7,3,1,2,8,357,240,117,34,105,252,6.41889168067227,6.59208333333333,6.06362675213675,6.30588235294118,6.4847619047619,6.39144575396825,68
"65",2007,3,6.28571428571429,14,6.28571428571429,6.28571428571429,5.75,6.4375,6.08333333333333,7,7,2,8,6,371,247,124,36,113,258,6.41386611859838,6.5834008097166,6.0761639516129,6.275,6.48141592920354,6.38428034883721,69
"66",2007,4,6.80555555555556,9,6.90625,6,NA,7.5625,6.2,8,1,0,4,5,380,255,125,36,117,263,6.42314297368421,6.59352941176471,6.07555464,6.275,6.51837606837607,6.38077692015209,70
"67",2007,5,6.58333333333333,6,7,5.75,5,7.16666666666667,6,4,2,1,3,3,386,259,127,37,120,266,6.42563297927461,6.59980694980695,6.07042779527559,6.24054054054054,6.53458333333333,6.37648244360902,71
"68",2007,6,5.97777777777778,9,5.97142857142857,6,6,5.66666666666667,6.13333333333333,7,2,1,3,6,395,266,129,38,123,272,6.4154286835443,6.58327067669173,6.06933589147287,6.23421052631579,6.51341463414634,6.37111886029412,72
"69",2007,7,7.04166666666667,12,7.1,6.925,6,7.2,7.02727272727273,8,4,1,1,11,407,274,133,39,124,283,6.4338927027027,6.59835766423358,6.09507015037594,6.22820512820513,6.51895161290323,6.39662307420495,73
"70",2007,8,5.55,10,5.75,5.25,NA,5.91666666666667,5,6,4,0,6,4,417,280,137,39,130,287,6.41269623501199,6.58017857142857,6.07039656934307,6.22820512820513,6.49115384615385,6.37715794425087,74
"71",2007,9,6.16363636363636,11,6.6,5,6,NA,6.16363636363636,8,3,1,0,11,428,288,140,40,130,298,6.4062951635514,6.58072916666667,6.0474595,6.2225,6.49115384615385,6.36927627516778,75
"72",2007,10,5.71461538461538,13,5.529,6.33333333333333,6,5.9,5.59875,10,3,1,5,8,441,298,143,41,135,306,6.38590551020408,6.54543624161074,6.05345685314685,6.21707317073171,6.46925925925926,6.34913179738562,76
"73",2007,11,6.16666666666667,6,6.2,6,NA,6,6.25,5,1,0,2,4,447,303,144,41,137,310,6.38296270693512,6.53973597359736,6.053085625,6.21707317073171,6.46240875912409,6.34785267741935,77
"74",2007,12,6.5625,8,7.6,4.83333333333333,6.5,9,6.21428571428571,5,3,1,1,7,455,308,147,42,138,317,6.38611940659341,6.55694805194805,6.02819272108844,6.22380952380952,6.48079710144928,6.34490324921136,78
"75",2008,1,6.44117647058824,17,6.70833333333333,5.8,6.5,6.5,6.42307692307692,12,5,1,4,13,472,320,152,43,142,330,6.3881023940678,6.562625,6.02068638157895,6.23023255813953,6.48133802816901,6.34798281818182,79
"76",2008,2,6.25,14,6.25,6.25,5.83333333333333,6.33333333333333,6.1,10,4,3,9,5,486,330,156,46,151,335,6.38412413580247,6.55315151515151,6.02656621794872,6.20434782608696,6.47251655629139,6.34428158208955,80
"77",2008,3,6.26842105263158,19,6.46923076923077,5.83333333333333,6.25,7.35,5.76923076923077,13,6,2,6,13,505,343,162,48,157,348,6.37977095049505,6.54997084548105,6.01940944444445,6.20625,6.50605095541401,6.32279979885057,81
"78",2008,4,6.234375,16,6.40909090909091,5.85,6.125,6.5,6.19642857142857,11,5,2,2,14,521,354,167,50,159,362,6.37530581573896,6.54559322033898,6.01433730538922,6.203,6.50597484276729,6.31791251381215,82
"79",2008,5,5.1,5,6.16666666666667,3.5,NA,2,5.875,3,2,0,1,4,526,357,169,50,160,366,6.36318313688213,6.54240896358543,5.98458183431953,6.203,6.4778125,6.31307193989071,83
"80",2008,6,5.95833333333333,12,6.5,5.57142857142857,5.5,5.2,6.5,5,7,2,5,7,538,362,176,52,165,373,6.35415302973978,6.54182320441989,5.96814960227273,6.17596153846154,6.43909090909091,6.31657997319035,84
"81",2008,7,6.30769230769231,13,6.625,5.8,5,5.5,6.66666666666667,8,5,2,4,9,551,370,181,54,169,382,6.35305686025408,6.54362162162162,5.96350458563536,6.13240740740741,6.41686390532544,6.32482808900523,85
"82",2008,8,5.89285714285714,14,6,5.75,5,5.625,6,8,6,3,4,10,565,378,187,57,173,392,6.34165368141593,6.5321164021164,5.956654171123,6.07280701754386,6.3985549132948,6.31654165816326,86
"83",2008,9,6.33157894736842,19,6.52142857142857,5.8,5.5,7.5,6.19411764705882,14,5,2,2,17,584,392,192,59,175,409,6.34132590753425,6.53173469387755,5.95257463541667,6.05338983050847,6.41114285714286,6.31145312958435,87
"84",2008,10,6.6,10,6.66666666666667,6.5,6.5,6.83333333333333,6.25,6,4,4,6,4,594,398,196,63,181,413,6.34568069023569,6.53376884422111,5.96374658163265,6.08174603174603,6.42513812154696,6.31085794188862,88
"85",2008,11,6.2,11,6.4,5.66666666666667,5.5,5.94,6.41666666666667,8,3,2,5,6,605,406,199,65,186,419,6.34303195041322,6.53113300492611,5.95926798994975,6.06384615384615,6.41209677419355,6.3123731026253,89
"86",2008,12,6.13888888888889,18,6.58333333333333,5.91666666666667,6.66666666666667,6.16666666666667,6.125,6,12,3,6,12,623,412,211,68,192,431,6.33713375601926,6.5318932038835,5.95684516587678,6.09044117647059,6.40442708333333,6.30715621809745,90
"87",2009,1,6.21666666666667,12,6.12222222222222,6.5,6.5,7,5.95555555555556,9,3,2,3,9,635,421,214,70,195,440,6.33485721259842,6.52313539192399,5.96445948598131,6.10214285714286,6.41358974358974,6.29996438636364,91
"88",2009,2,6.36111111111111,18,6.375,6.33333333333333,6.66666666666667,6.5,6.27272727272727,12,6,3,7,11,653,433,220,73,202,451,6.3355809035222,6.51903002309469,5.97451968181818,6.12534246575342,6.41658415841584,6.29930006651885,92
"89",2009,3,6.05625,16,6.3625,5.75,5.5,6,6.06428571428571,8,8,6,2,14,669,441,228,79,204,465,6.32890034379671,6.51619047619048,5.96664179824561,6.07784810126582,6.4125,6.2922243655914,93
"90",2009,4,6.19230769230769,13,6.75,5.94444444444444,5.85714285714286,5.5,6.31818181818182,4,9,7,2,11,682,445,237,86,206,476,6.32629667155425,6.51829213483146,5.96579886075949,6.05988372093023,6.40364077669903,6.29282422268908,94
"91",2009,5,5.98333333333333,6,7.9,5.6,5.5,NA,5.98333333333333,1,5,2,0,6,688,446,242,88,206,482,6.3233057122093,6.52139013452915,5.95824103305785,6.04715909090909,6.40364077669903,6.28897163900415,95
"92",2009,6,6,14,6.05,5.875,5.5,6.33333333333333,5.90909090909091,10,4,2,3,11,702,456,246,90,209,493,6.31685801994302,6.51105263157895,5.9568875203252,6.035,6.40263157894737,6.28049559837728,96
"93",2009,7,6.33333333333333,12,6.75,5.5,NA,7,6.2,8,4,0,2,10,714,464,250,90,211,503,6.31713491596638,6.5151724137931,5.94957732,6.035,6.40829383886256,6.27889528827038,97
"94",2009,8,6.1,10,6.28571428571429,5.66666666666667,5.5,5.6,6.6,7,3,2,5,5,724,471,253,92,216,508,6.31413581491712,6.51176220806794,5.94622264822134,6.02336956521739,6.38958333333333,6.28205576771654,98
"95",2009,9,5.76470588235294,17,5.72222222222222,5.8125,6,5.4,5.91666666666667,9,8,4,5,12,741,480,261,96,221,520,6.3015308097166,6.49695833333333,5.9421238697318,6.02239583333333,6.36719457013575,6.27362371153846,99
"96",2009,10,5.96666666666667,15,5.51666666666667,6.26666666666667,6.08,6.6,5.65,6,9,5,5,10,756,486,270,101,226,530,6.29488667989418,6.48485596707819,5.95294196296296,6.02524752475247,6.37234513274336,6.26185722641509,100
"97",2009,11,7,18,6.83333333333333,7.08333333333333,5.8,7.5,6.9375,6,12,5,2,16,774,492,282,106,228,546,6.31128466408269,6.48910569105691,6.00104372340426,6.01462264150943,6.38223684210526,6.28165628205128,101
"98",2009,12,5.890625,16,6.32142857142857,5.55555555555556,6.2,6.04166666666667,5.8,7,9,5,6,10,790,499,291,111,234,556,6.30276497468354,6.48675350701403,5.98726573883162,6.02297297297297,6.37350427350427,6.27299339928058,102
"99",2010,1,7,17,6.88888888888889,7.125,6.33333333333333,7.5,6.93333333333333,9,8,3,2,15,807,508,299,114,236,571,6.31745270136307,6.49387795275591,6.01770678929766,6.03114035087719,6.38305084745763,6.29034033274956,103
"100",2010,2,5.8,9,6.33333333333333,5.53333333333333,5.66666666666667,5.5,5.88571428571429,3,6,3,2,7,816,511,305,117,238,578,6.31174550245098,6.49293542074364,6.00817813114754,6.02179487179487,6.37563025210084,6.28544001730104,104
"101",2010,3,6,8,6,6,5,5,6.14285714285714,6,2,1,1,7,824,517,307,118,239,585,6.30871884708738,6.48721470019342,6.0081248534202,6.01313559322034,6.36987447698745,6.2837338974359,105
"102",2010,4,6.15,10,5.83333333333333,6.625,NA,4.5,6.5625,6,4,0,2,8,834,523,311,118,241,593,6.30681574340527,6.47971319311663,6.01605893890675,6.01313559322034,6.35435684647303,6.28749465430017,106
"103",2010,5,6.48,10,6.475,6.5,6.5,6.41666666666667,6.575,8,2,2,6,4,844,531,313,120,247,597,6.30886768957346,6.47964218455744,6.01915121405751,6.02125,6.35587044534413,6.28942098827471,107
"104",2010,6,5.98,10,7.06,4.9,4.75,5,6.08888888888889,5,5,2,1,9,854,536,318,122,248,606,6.30501677985948,6.48505597014925,6.00155449685535,6.00040983606557,6.35040322580645,6.28644278877888,108
"105",2010,7,5.58333333333333,6,5.66666666666667,5.5,NA,4,5.9,3,3,0,1,5,860,539,321,122,249,611,6.29998177906977,6.48050092764379,5.99686707165109,6.00040983606557,6.34096385542169,6.2832804091653,109
"106",2010,8,6.57777777777778,9,6.86666666666667,6,6,NA,6.57777777777778,6,3,1,0,9,869,545,324,123,249,620,6.30285883774453,6.48475229357798,5.99689608024691,6.00040650406504,6.34096385542169,6.28755537096774,110
"107",2010,9,6.5625,8,6.875,6.25,NA,6.83333333333333,6.4,4,4,0,3,5,877,549,328,123,252,625,6.30522728620296,6.4875956284153,5.99998271341463,6.00040650406504,6.3468253968254,6.288454928,111
"108",2010,10,6.09090909090909,11,6.38888888888889,4.75,NA,6.5,6,9,2,0,2,9,888,558,330,123,254,634,6.30257244369369,6.48600358422939,5.99240706060606,6.00040650406504,6.34803149606299,6.28436014195584,112
"109",2010,11,7.18333333333333,12,7.11111111111111,7.4,6.7,7.36666666666667,7,9,3,1,6,6,900,567,333,124,260,640,6.31431592222222,6.49592592592593,6.00508807807808,6.00604838709677,6.37153846153846,6.291069265625,113
"110",2010,12,6.25,22,6.09090909090909,6.40909090909091,6,5.58333333333333,6.5,11,11,4,6,16,922,578,344,128,266,656,6.31278126898048,6.48821799307958,6.01800677325581,6.005859375,6.35375939849624,6.29616513719512,114
"111",2011,1,6.575,20,7,6.22727272727273,6.1,6.5,6.6,9,11,5,5,15,942,587,355,133,271,671,6.31834854564756,6.49606473594548,6.02449107042254,6.0093984962406,6.35645756457565,6.30295727272727,115
"112",2011,2,6,9,6.4,5.5,6.25,5.75,6.2,5,4,4,4,5,951,592,359,137,275,676,6.31533578338591,6.49525337837838,6.01864715877437,6.01642335766423,6.34763636363636,6.30219575443787,116
"113",2011,3,6.18181818181818,11,6.08333333333333,6.3,7,7.16666666666667,5.8125,6,5,2,3,8,962,598,364,139,278,684,6.31380907484407,6.49112040133779,6.0225118956044,6.03057553956835,6.35647482014388,6.29646831871345,117
"114",2011,4,6.41111111111111,9,7.16,5.475,5.5,NA,6.41111111111111,5,4,2,0,9,971,603,368,141,278,693,6.31471094747683,6.49666666666667,6.01656067934783,6.02304964539007,6.35647482014388,6.29795718614719,118
"115",2011,5,6.85714285714286,7,7.2,6,7,8,6.4,5,2,1,2,5,978,608,370,142,280,698,6.31859338445808,6.50245065789474,6.01647116216216,6.02992957746479,6.36821428571429,6.29868815186247,119
"116",2011,6,6.1875,8,6.08333333333333,6.5,6.5,5.5,6.6,6,2,2,3,5,986,614,372,144,283,703,6.3175297464503,6.49835504885993,6.01907077956989,6.03645833333333,6.35901060070671,6.30083119487909,120
"117",2011,7,6.56666666666667,18,6.83571428571429,5.625,6.5,6.875,6.47857142857143,14,4,1,4,14,1004,628,376,145,287,717,6.32199634462151,6.50587579617834,6.01487853723404,6.03965517241379,6.36620209059233,6.30430171548117,121
"118",2011,8,6.05555555555556,9,6.58333333333333,5,4,4.66666666666667,6.75,6,3,1,3,6,1013,634,379,146,290,723,6.31962915103652,6.50660883280757,6.00684519788918,6.02568493150685,6.34862068965517,6.30800045643154,122
"119",2011,9,6.22222222222222,9,6.33333333333333,6,6,6.33333333333333,6.16666666666667,6,3,2,3,6,1022,640,382,148,293,729,6.31877136007828,6.504984375,6.00679143979058,6.02533783783784,6.34846416382253,6.30683721536351,123
"120",2011,10,6.26923076923077,13,6.33333333333333,6.21428571428571,6,7,6.13636363636364,6,7,1,2,11,1035,646,389,149,295,740,6.31814911111111,6.50339009287926,6.01052526992288,6.0251677852349,6.3528813559322,6.30430314864865,124
"121",2011,11,6.5,8,6.33333333333333,7,NA,7.5,6.16666666666667,6,2,0,2,6,1043,652,391,149,297,746,6.31954394055609,6.50182515337423,6.01558652173913,6.0251677852349,6.36060606060606,6.30319615281501,125
"122",2011,12,6.7,10,7.28571428571429,5.33333333333333,5.33333333333333,8,6.375,7,3,3,2,8,1053,659,394,152,299,754,6.32315700854701,6.51015174506828,6.01039170050761,6.01151315789474,6.37157190635451,6.30395799734748,126
"123",2012,1,6.20833333333333,12,5.875,6.875,6.75,5.33333333333333,6.5,8,4,2,3,9,1065,667,398,154,302,763,6.32186322065727,6.50253373313343,6.01908123115578,6.0211038961039,6.3612582781457,6.30627041939712,127
"124",2012,2,6.75,8,7,6.33333333333333,6,8,6.57142857142857,5,3,1,1,7,1073,672,401,155,303,770,6.32505529356943,6.50623511904762,6.02143224438903,6.02096774193548,6.36666666666667,6.30868094805195,128
"125",2012,3,6.27142857142857,7,6.27142857142857,NA,NA,NA,6.27142857142857,7,0,0,0,7,1080,679,401,155,303,777,6.32470771296296,6.50381443298969,6.02143224438903,6.02096774193548,6.36666666666667,6.30834534105534,129
"126",2012,4,5.64285714285714,7,5.5,6,6,6,5.58333333333333,5,2,2,1,6,1087,684,403,157,304,783,6.32031677092916,6.49647660818713,6.0213258808933,6.02070063694267,6.36546052631579,6.30278969348659,130
"127",2012,5,6.125,8,5.6,7,6,6.5,6,5,3,1,2,6,1095,689,406,158,306,789,6.31888979908675,6.4899709724238,6.02855746305419,6.02056962025316,6.36633986928105,6.30048711026616,131
"128",2012,6,5.74666666666667,15,6.2,4.5,4.5,5.5,5.83636363636364,11,4,4,4,11,1110,700,410,162,310,800,6.31115705405405,6.48541428571428,6.01364470731707,5.98302469135802,6.35516129032258,6.2941054125,132
"129",2012,7,7.05888888888889,9,7.36666666666667,6.44333333333333,6.5,7.1,7.04714285714286,6,3,2,2,7,1119,706,413,164,312,807,6.31717098302055,6.49290368271954,6.01676593220339,5.98932926829268,6.3599358974359,6.30063733581165,133
"130",2012,8,6.14545454545455,11,6.45,5.33333333333333,6,NA,6.14545454545455,8,3,1,0,11,1130,714,416,165,312,818,6.31549940707964,6.49242296918767,6.01183733173077,5.98939393939394,6.3599358974359,6.29855052567237,134
"131",2012,9,5.77142857142857,7,5.8,5.7,5.7,5,5.9,5,2,2,1,6,1137,719,418,167,313,824,6.31214980650835,6.48760778859527,6.01034528708134,5.98592814371257,6.3555910543131,6.29564845873786,135
"132",2012,10,6.22727272727273,11,6.3125,6,5.5,5.125,6.85714285714286,8,3,2,4,7,1148,727,421,169,317,831,6.31133652439024,6.48568088033012,6.01027156769596,5.9801775147929,6.34006309148265,6.30037825511432,136
"133",2012,11,6.38888888888889,9,6.5,6,5,NA,6.38888888888889,7,2,1,0,9,1157,734,423,170,317,840,6.31193978392394,6.4858174386921,6.01022300236407,5.97441176470588,6.34006309148265,6.30132658333333,137
"134",2012,12,5.85714285714286,14,6.36363636363636,4,5,6.5,5.75,11,3,2,2,12,1171,745,426,172,319,852,6.30650241673783,6.48401342281879,5.99606650234742,5.96308139534884,6.341065830721,6.29356142018779,138
"135",2013,1,6.23333333333333,18,6.68181818181818,5.52857142857143,6.1,5.9,6.3,11,7,2,3,15,1189,756,433,174,322,867,6.30539472666106,6.48689153439153,5.98850884526559,5.96465517241379,6.33695652173913,6.29367281430219,139
"136",2013,2,6.00769230769231,13,6.51666666666667,5.57142857142857,5.7,5.9,6.05555555555556,6,7,5,4,9,1202,762,440,179,326,876,6.30217498336106,6.48712598425197,5.98187347727273,5.9572625698324,6.33159509202454,6.29122640410959,140
"137",2013,3,5.88461538461539,13,6.07142857142857,5.66666666666667,4.33333333333333,5,6.15,7,6,3,3,10,1215,769,446,182,329,886,6.29770726748971,6.48334200260078,5.97763302690583,5.93049450549451,6.31945288753799,6.28963242663657,141
"138",2013,4,6.1875,8,6,6.5,6.25,6.25,6.16666666666667,5,3,2,2,6,1223,774,449,184,331,892,6.29698636958299,6.48021963824289,5.98112322939866,5.93396739130435,6.3190332326284,6.28880530269058,142
"139",2013,5,6,8,5.83333333333333,6.5,6.5,NA,6,6,2,2,0,8,1231,780,451,186,331,900,6.29505632006498,6.47524358974359,5.98342423503326,5.94005376344086,6.3190332326284,6.28623814444444,143
"140",2013,6,6.71428571428571,7,6.9,6.25,6.5,6.5,6.75,5,2,1,1,6,1238,785,453,187,332,906,6.29742676090468,6.47794904458599,5.98460116997793,5.94304812834225,6.31957831325301,6.28930941501104,144
"141",2013,7,6.46428571428571,14,6.9375,5.83333333333333,NA,6,6.5,8,6,0,1,13,1252,793,459,187,333,919,6.29929259584664,6.48258511979823,5.98262381263617,5.94304812834225,6.31861861861862,6.29228980413493,145
"142",2013,8,6.225,10,6.75,5.875,5.08333333333333,6.66666666666667,6.03571428571429,4,6,3,3,7,1262,797,465,190,336,926,6.29870390649762,6.48392722710163,5.98123511827957,5.92947368421053,6.32172619047619,6.29035024838013,146
"143",2013,9,5.70833333333333,12,5.875,5.375,5,5.25,5.9375,8,4,1,4,8,1274,805,469,191,340,934,6.29314311616954,6.47787577639752,5.9760646695096,5.92460732984293,6.30911764705882,6.2873279764454,147
"144",2013,10,6.76,5,6.26666666666667,7.5,7,8,6.45,3,2,1,1,4,1279,808,471,192,341,938,6.29496820172009,6.47709158415842,5.98253573248408,5.93020833333333,6.31407624633431,6.28802167377399,148
"145",2013,11,5.6,12,5.925,4.95,NA,7,5.32,8,4,0,2,10,1291,816,475,192,343,948,6.28850838884585,6.47167892156863,5.97384069473684,5.93020833333333,6.31807580174927,6.27781047468354,149
"146",2013,12,6.42857142857143,7,6.6,6,7,NA,6.42857142857143,5,2,1,0,7,1298,821,477,193,343,955,6.28926373651772,6.47246041412911,5.97395037735849,5.93575129533679,6.31807580174927,6.27891552879581,150
"147",2014,1,6.34411764705882,17,6.27692307692308,6.5625,NA,5.9375,6.46923076923077,13,4,0,4,13,1315,834,481,193,347,968,6.28997287452471,6.46941247002398,5.97884476091476,5.93575129533679,6.31368876080692,6.28147141528926,151
"148",2014,2,6.08461538461538,13,6.32,5.9375,6.625,7.6,5.95833333333333,5,8,4,1,12,1328,839,489,197,348,980,6.28796259789156,6.46852205005959,5.97816836400818,5.9497461928934,6.31738505747126,6.27751462244898,152
"149",2014,3,6.08333333333333,6,6.33333333333333,5.83333333333333,6,6.25,6,3,3,1,2,4,1334,842,492,198,350,984,6.2870422263868,6.46804038004751,5.97728522357724,5.95,6.317,6.27638651422764,153
"150",2014,4,6.63076923076923,13,6.42,7.33333333333333,6,7,6.56363636363636,10,3,1,2,11,1347,852,495,199,352,995,6.29035956198961,6.4674765258216,5.9855036969697,5.95025125628141,6.32088068181818,6.27956214070352,154
"151",2014,5,6.22727272727273,11,6.25,6.16666666666667,6,6,6.25,8,3,2,1,10,1358,860,498,201,353,1005,6.28984854933726,6.46545348837209,5.98659504016064,5.95074626865672,6.3199716713881,6.27926799004975,155
"152",2014,6,6.83333333333333,6,7.25,6,5,5.5,7.5,4,2,1,2,4,1364,864,500,202,355,1009,6.29223924486803,6.46908564814815,5.98664866,5.9460396039604,6.31535211267606,6.28410736372646,156
"153",2014,7,5.42307692307692,13,6,4.125,4.25,5.58333333333333,5.28571428571429,9,4,2,6,7,1377,873,504,204,361,1016,6.28403364560639,6.46424971363116,5.97187367063492,5.92941176470588,6.30318559556787,6.27722867125984,157
"154",2014,8,6.16666666666667,9,6.08333333333333,6.33333333333333,6.33333333333333,6.5,6.125,6,3,3,1,8,1386,879,507,207,362,1024,6.28327152236652,6.46164960182025,5.9740124852071,5.93526570048309,6.30372928176796,6.27603938476563,158
"155",2014,9,5.7,5,5.875,5,NA,5.5,5.75,4,1,0,1,4,1391,883,508,207,363,1028,6.28117493170381,6.45899207248018,5.97209513779528,5.93526570048309,6.30151515151515,6.27399253891051,159
"156",2014,10,6.29545454545455,11,6.28571428571429,6.3125,6.5,6.5,6.25,7,4,2,2,9,1402,890,512,209,365,1037,6.28128696861626,6.45762921348315,5.97475455078125,5.94066985645933,6.30260273972603,6.27378431051109,160
"157",2014,11,6.21875,16,7,5.4375,6.75,6.66666666666667,5.95,8,8,2,6,10,1418,898,520,211,371,1047,6.28058133286319,6.46246102449889,5.96648909615385,5.94834123222749,6.30849056603774,6.27069181470869,161
"158",2014,12,6.475,16,6.70833333333333,5.775,5.775,4.1,6.63333333333333,12,4,4,1,15,1434,910,524,215,372,1062,6.28275057880056,6.4657032967033,5.96502734732824,5.94511627906977,6.30255376344086,6.2758138700565,162
"159",2015,1,6.2,10,6.625,5.91666666666667,6.25,7,6.11111111111111,4,6,4,1,9,1444,914,530,219,373,1071,6.28217751385041,6.46640043763676,5.96447986792453,5.95068493150685,6.3044235924933,6.27442981325864,163
"160",2015,2,7.04545454545455,11,7.05555555555556,7,NA,7,7.05555555555556,9,2,0,2,9,1455,923,532,219,375,1080,6.28794799312715,6.4721451787649,5.96837280075188,5.95068493150685,6.30813333333333,6.28093919444444,164
"161",2015,3,6.375,4,6.375,NA,NA,NA,6.375,4,0,0,0,4,1459,927,532,219,375,1084,6.28818665524332,6.4717259978425,5.96837280075188,5.95068493150685,6.30813333333333,6.28128628228782,165
"162",2015,4,5.875,8,6.25,5.5,6,NA,5.875,4,4,2,0,8,1467,931,536,221,375,1092,6.28593342194956,6.47077336197637,5.96487748134328,5.95113122171946,6.30813333333333,6.27830982600733,166
"163",2015,5,5.979,10,6.38333333333333,5.3725,5.245,6.43333333333333,5.78428571428571,6,4,2,3,7,1477,937,540,223,378,1099,6.28385533513879,6.47021344717183,5.9604895,5.94479820627803,6.30912698412698,6.2751631756142,167
"164",2015,6,5.8,5,6.5,5.33333333333333,5,5,6.33333333333333,2,3,2,2,3,1482,939,543,225,380,1102,6.28222289473684,6.47027689030884,5.95702454880295,5.9364,6.30223684210526,6.27532153357532,168
"165",2015,7,6.2,5,7,5.66666666666667,5,NA,6.2,2,3,1,0,5,1487,941,546,226,380,1107,6.28194642232683,6.47140276301807,5.95542917582418,5.93225663716814,6.30223684210526,6.27498132791328,169
"166",2015,8,6.25666666666667,15,6.44090909090909,5.75,5.66666666666667,6.45714285714286,6.08125,11,4,3,7,8,1502,952,550,229,387,1115,6.28169396138482,6.47105042016807,5.95393514545455,5.92877729257642,6.30503875968992,6.27359132735426,170
"167",2015,9,7,4,7,NA,NA,5,7.66666666666667,4,0,0,1,3,1506,956,550,229,388,1118,6.283601812749,6.47326359832636,5.95393514545455,5.92877729257642,6.30167525773196,6.27732945438283,171
"168",2015,10,5.9,15,5.91666666666667,5.83333333333333,NA,6.3,5.7,12,3,0,5,10,1521,968,553,229,393,1128,6.27981875739645,6.46636363636364,5.95328088607595,5.92877729257642,6.30165394402036,6.27221128546099,172
"169",2015,11,6.97777777777778,9,7.11428571428571,6.5,NA,NA,6.97777777777778,7,2,0,0,9,1530,975,555,229,393,1137,6.28392439869281,6.47101538461539,5.95525104504505,5.92877729257642,6.30165394402036,6.27779624450308,173
"170",2015,12,6.2,11,6.58333333333333,5.74,6.9,NA,6.2,6,5,2,0,11,1541,981,560,231,393,1148,6.28332532770928,6.47170234454638,5.95332916071429,5.93718614718615,6.30165394402036,6.27705081010453,174
"171",2016,1,5.92857142857143,14,6,5.85714285714286,6.16666666666667,6,5.91666666666667,7,7,3,2,12,1555,988,567,234,395,1160,6.28013140192926,6.46836032388664,5.95214167548501,5.9401282051282,6.30012658227848,6.27332269827586,175
"172",2016,2,6.55481818181818,11,6.47185714285714,6.7,6.4,6.9,6.47811111111111,7,4,2,2,9,1566,995,571,236,397,1169,6.28206087484036,6.46838492462312,5.95738061295972,5.94402542372881,6.30314861460957,6.27489934131737,176
"173",2016,3,6.1375,12,6.5,5.95625,6.13,6.8,5.91666666666667,4,8,5,3,9,1578,999,579,241,400,1178,6.28096155259822,6.46851151151151,5.95736499136442,5.94788381742739,6.306875,6.27216241935484,177
"174",2016,4,6.375,12,6.57142857142857,6.1,6.75,NA,6.375,7,5,2,0,12,1590,1006,584,243,400,1190,6.28167127672956,6.46922763419483,5.95858618150685,5.95448559670782,6.306875,6.27319943697479,178
"175",2016,5,6.96666666666667,24,6.98235294117647,6.92857142857143,7.25,7.14,6.92105263157895,17,7,2,5,19,1614,1023,591,245,405,1209,6.29185708178439,6.47775464320626,5.97007500846024,5.9650612244898,6.31716049382716,6.28338075268817,179
"176",2016,6,6,12,6.125,5.75,5,7,5.66666666666667,8,4,2,3,9,1626,1031,595,247,408,1218,6.28970315498155,6.47501745877789,5.96859551260504,5.95724696356275,6.32218137254902,6.27882375205254,180
"177",2016,7,6.98,10,7.225,6,6,7.5,6.85,8,2,1,2,8,1636,1039,597,248,410,1226,6.29392257334963,6.48079210779596,5.96870072026801,5.95741935483871,6.32792682926829,6.28255084013051,181
"178",2016,8,5.56666666666667,15,6.71428571428571,4.5625,5.08333333333333,5,5.70833333333333,7,8,6,3,12,1651,1046,605,254,413,1238,6.28731516050878,6.48235468451243,5.95010633057851,5.93677165354331,6.3182808716707,6.27698491922456,182
"179",2016,9,6.44117647058824,17,6.55555555555556,6.3125,6.875,NA,6.44117647058824,9,8,4,0,17,1668,1055,613,258,413,1255,6.28888329136691,6.48297914691943,5.95483577487765,5.95131782945736,6.3182808716707,6.27920902788845,183
"180",2016,10,5.75555555555556,18,5.78571428571429,5.73636363636364,5.9,6.125,5.65,7,11,5,4,14,1686,1062,624,263,417,1269,6.28318940094899,6.47838323917138,5.95098450320513,5.95034220532319,6.31642685851319,6.27226739952719,184
"181",2016,11,6.08333333333333,27,6.30263157894737,5.5625,6,6.3,6.03409090909091,19,8,3,5,22,1713,1081,632,266,422,1291,6.28003930531232,6.47529417206291,5.9460669778481,5.9509022556391,6.31623222748815,6.26820862122386,185
"182",2016,12,6.61764705882353,17,6.88461538461539,5.75,6,6.3,6.75,13,4,2,5,12,1730,1094,636,268,427,1303,6.28335683815029,6.48015813528336,5.94483385220126,5.95126865671642,6.31604215456674,6.27264568687644,186
"183",2017,1,5.375,16,6.3,3.83333333333333,4.66666666666667,3.33333333333333,5.84615384615385,10,6,3,3,13,1746,1104,642,271,430,1316,6.27503283505155,6.47852626811594,5.92510020249221,5.9370479704797,6.29523255813953,6.26843262158055,187
"184",2017,2,6.53636363636364,22,6.83333333333333,5.9,5,5.92857142857143,6.82,15,7,4,7,15,1768,1119,649,275,437,1331,6.27828468891403,6.48328239499553,5.9248294761171,5.92341818181818,6.28935926773455,6.27464863260706,188
"185",2017,3,6.22727272727273,11,6.5625,5.33333333333333,5,6.5,6.16666666666667,8,3,1,2,9,1779,1127,652,276,439,1340,6.27796926925239,6.48384472049689,5.92210786809816,5.92007246376812,6.29031890660592,6.27392338059701,189
"186",2017,4,6.57142857142857,7,6.5,7,NA,NA,6.57142857142857,6,1,0,0,7,1786,1133,653,276,439,1347,6.27911944568869,6.48393027360989,5.92375854517611,5.92007246376812,6.29031890660592,6.27546943578322,190
"187",2017,5,6.75,10,6.8125,6.5,6.5,NA,6.75,8,2,2,0,10,1796,1141,655,278,439,1357,6.28174127505568,6.48623400525855,5.9255180610687,5.92424460431655,6.29031890660592,6.27896634487841,191
"188",2017,6,5.75,10,6,5.5,5.375,5,5.83333333333333,5,5,4,1,9,1806,1146,660,282,440,1366,6.27879697120709,6.48411256544503,5.92229443939394,5.91645390070922,6.28738636363636,6.27603025622255,192
"189",2017,7,6.26923076923077,13,6.4375,6,NA,6,6.31818181818182,8,5,0,2,11,1819,1154,665,282,442,1377,6.27872860362837,6.48378942807626,5.92287869172932,5.91645390070922,6.28608597285068,6.27636697893972,193
"190",2017,8,5.94615384615385,13,5.93636363636364,6,NA,NA,5.94615384615385,11,2,0,0,13,1832,1165,667,282,442,1390,6.27636862991266,6.47862060085837,5.92310994002999,5.91645390070922,6.28608597285068,6.27327865467626,194
"191",2017,9,6.02222222222222,9,6.41666666666667,5.23333333333333,5,NA,6.02222222222222,6,3,1,0,9,1841,1171,670,283,442,1399,6.27512619771863,6.47830315969257,5.9200213880597,5.91321554770318,6.28608597285068,6.27166356683345,195
"192",2017,10,6.55,16,6.84166666666667,5.675,5.56666666666667,7.24,6.23636363636364,12,4,3,5,11,1857,1183,674,286,447,1410,6.27749452342488,6.48198901098901,5.91856725519288,5.90958041958042,6.29675615212528,6.27138817730496,196
"193",2017,11,6.70588235294118,17,6.7,6.75,6,6,6.75,15,2,1,1,16,1874,1198,676,287,448,1426,6.28138064567769,6.48471869782972,5.92102711538462,5.90989547038328,6.29609375,6.27675829593268,197
"194",2017,12,5.13333333333333,12,5.01666666666667,5.25,7,4,5.23636363636364,6,6,1,1,11,1886,1204,682,288,449,1437,6.27407599681866,6.47740282392027,5.91512365102639,5.91368055555555,6.29097995545657,6.26879424495477,198
"195",2018,1,6.18,20,6.47333333333333,5.3,5,7.25,5.9125,15,5,1,4,16,1906,1219,687,289,453,1453,6.27308884050367,6.47735274815423,5.91064676855895,5.91051903114187,6.29944812362031,6.26487083964212,199
"196",2018,2,6.632,10,6.68888888888889,6.12,NA,6.1,6.765,9,1,0,2,8,1916,1228,688,289,455,1461,6.27496207202505,6.47890309446254,5.91095106104651,5.91051903114187,6.29857142857143,6.26760939767283,200
"197",2018,3,6.54545454545455,11,6,7.5,9,NA,6.54545454545455,7,4,1,0,11,1927,1235,692,290,455,1472,6.27650613907628,6.47618866396761,5.9201363150289,5.9211724137931,6.29857142857143,6.26968568614131,201
"198",2018,4,6.39857142857143,14,6.46444444444444,6.28,6.5,NA,6.39857142857143,9,5,2,0,14,1941,1244,697,292,455,1486,6.27738656877898,6.4761036977492,5.92271783357245,5.92513698630137,6.29857142857143,6.27089995289368,202
"199",2018,5,6.30833333333333,12,6.52222222222222,5.66666666666667,5,NA,6.30833333333333,9,3,2,0,12,1953,1253,700,294,455,1498,6.27757671786994,6.47643495610535,5.92162047142857,5.91884353741497,6.29857142857143,6.27119981975968,203
"200",2018,6,6.66666666666667,3,6.5,7,NA,NA,6.66666666666667,2,1,0,0,3,1956,1255,701,294,455,1501,6.27817348159509,6.47647250996016,5.92315881597718,5.91884353741497,6.29857142857143,6.27199022651566,204
"201",2018,7,7,8,6.5,7.5,7,NA,7,4,4,1,0,8,1964,1259,705,295,455,1509,6.28111371181263,6.47654725972994,5.93210543262411,5.92250847457627,6.29857142857143,6.27584978793903,205
"202",2018,8,6.04166666666667,12,6.22222222222222,5.5,NA,6,6.04545454545455,9,3,0,1,11,1976,1268,708,295,456,1520,6.27965957995951,6.47474211356467,5.93027447740113,5.92250847457627,6.29791666666667,6.27418245394737,206
"203",2018,9,5.5,10,5.75,4.5,NA,5,5.55555555555556,8,2,0,1,9,1986,1276,710,295,457,1529,6.27573380161128,6.47019827586207,5.92624553521127,5.92250847457627,6.29507658643326,6.26995247220406,207
"204",2018,10,7.125,14,7.3125,6,5,8,6.88636363636364,12,2,1,3,11,2000,1288,712,296,460,1540,6.281678665,6.47804580745342,5.92645271067416,5.91939189189189,6.30619565217391,6.27435540909091,208
"205",2018,11,6.57777777777778,18,6.61875,6.25,6.5,6.5,6.59333333333333,16,2,1,3,15,2018,1304,714,297,463,1555,6.28431978691774,6.4797722392638,5.92735900560224,5.9213468013468,6.30745140388769,6.27743236655949,209
"206",2018,12,6.42823529411765,17,7.108,5.45714285714286,5.5,7.5,6.36125,10,7,2,1,16,2035,1314,721,299,464,1571,6.28552202948403,6.48455327245053,5.92279380027739,5.91852842809365,6.31002155172414,6.27828601527689,210
"207",2019,1,5.9570047826087,23,6.11830058823529,5.5,5.8,6,5.9505555,17,6,5,3,20,2058,1331,727,304,467,1591,6.28185055393586,6.47987536438768,5.91930444291609,5.91657894736842,6.30802997858672,6.27416620993086,211
"208",2019,2,6.33333333333333,6,6,7,NA,7,6.2,4,2,0,1,5,2064,1335,729,304,468,1596,6.28200021317829,6.47843753558052,5.92226931412894,5.91657894736842,6.30950854700855,6.27393385964912,212
"209",2019,3,6.46666666666667,15,6.72727272727273,5.75,6,NA,6.46666666666667,11,4,1,0,15,2079,1346,733,305,468,1611,6.28333258297258,6.48047110698365,5.92132923601637,5.91685245901639,6.30950854700855,6.27572839230292,213
"210",2019,4,5.97944444444444,18,6.3025,5.33333333333333,5.33333333333333,5,6.101875,12,6,3,2,16,2097,1358,739,308,470,1627,6.2807241010968,6.47889846097202,5.91655525033829,5.91116883116883,6.30393617021276,6.27401870928089,214
"211",2019,5,5.87,10,6.2125,4.5,4.5,NA,5.87,8,2,2,0,10,2107,1366,741,310,470,1637,6.2787747698149,6.4773382942899,5.91273188933873,5.90206451612903,6.30393617021276,6.27155066585217,215
"212",2019,6,5.68222222222222,18,5.52545454545455,5.92857142857143,6,3.5,5.955,11,7,2,2,16,2125,1377,748,312,472,1653,6.27372161882353,6.46973428467683,5.91288012032085,5.90269230769231,6.29205508474576,6.26848665456745,216
"213",2019,7,6.46153846153846,13,6.63636363636364,5.5,5.5,6.66666666666667,6.4,11,2,2,3,10,2138,1388,750,314,475,1663,6.27486362956034,6.47105483429395,5.91177910666667,5.90012738853503,6.29442105263158,6.26927747444378,217
"214",2019,8,6.38888888888889,9,6.91666666666667,5.33333333333333,5,7.5,6.07142857142857,6,3,1,2,7,2147,1394,753,315,477,1670,6.275341611551,6.47297281922525,5.90947454183267,5.89726984126984,6.29947589098532,6.26844816766467,218
"215",2019,9,6.04545454545455,11,6.41666666666667,5.6,6,5,6.15,6,5,3,1,10,2158,1400,758,318,478,1680,6.27416980537535,6.47273150714286,5.9074331530343,5.89823899371069,6.29675732217573,6.26774311904762,219
"216",2019,10,5.99761904761905,21,6.06944444444444,5.56666666666667,3.7,5.54,6.140625,18,3,1,5,16,2179,1418,761,319,483,1696,6.27150456172556,6.46761220733427,5.90608978975033,5.89134796238244,6.28892339544513,6.26654389150944,220
"217",2019,11,6.26923076923077,13,6.45,5.66666666666667,6,6,6.31818181818182,10,3,1,2,11,2192,1428,764,320,485,1707,6.27149107664234,6.46748887254902,5.90514964659686,5.8916875,6.28773195876289,6.26687664909198,221
"218",2019,12,6.45714285714286,14,6.76363636363636,5.33333333333333,5,6,6.49230769230769,11,3,1,1,13,2206,1439,767,321,486,1720,6.27266928377153,6.46975268241835,5.90291307692308,5.88890965732087,6.28713991769547,6.26858048837209,222
"219",2020,1,6.41875,16,6.51666666666667,6.125,6.16666666666667,6.8,6.29166666666667,12,4,3,4,12,2222,1451,771,324,490,1732,6.27372117011701,6.47014066850448,5.90406527885862,5.89148148148148,6.29132653061224,6.26874043879908,223
"220",2020,2,6.2,5,6.5,6,NA,7,6,2,3,0,1,4,2227,1453,774,324,491,1736,6.27355565334531,6.4701817687543,5.90443711886305,5.89148148148148,6.29276985743381,6.26812122119816,224
"221",2020,3,6.56453,13,6.52824083333333,7,NA,5.5,6.75808090909091,12,1,0,2,11,2240,1465,775,324,493,1747,6.27524434375,6.47065733788396,5.9058507483871,5.89148148148148,6.28955375253549,6.27120625643961,225
"222",2020,4,6.5,14,6.63636363636364,6,6,6,6.53846153846154,11,3,3,1,13,2254,1476,778,327,494,1760,6.27664034161491,6.47189227642276,5.90621379177378,5.89247706422018,6.28896761133603,6.27318030113636,226
"223",2020,5,6.93,10,6.9125,7,7,7.16666666666667,6.82857142857143,8,2,2,3,7,2264,1484,780,329,497,1767,6.27952620583039,6.47426752021563,5.90901837179487,5.89920972644377,6.29426559356137,6.27538049235993,227
"224",2020,6,6.16666666666667,9,6.42857142857143,5.25,NA,8,5.9375,7,2,0,1,8,2273,1491,782,329,498,1775,6.27907933567972,6.47405298457411,5.9073329028133,5.89920972644377,6.29769076305221,6.27385765070423,228
"225",2020,7,6.52666666666667,15,6.65833333333333,6,5,NA,6.52666666666667,12,3,1,0,15,2288,1503,785,330,498,1790,6.28070250437063,6.4755242847638,5.90768704458599,5.89648484848485,6.29769076305221,6.27597616201117,229
"226",2020,8,6.2,9,7.33333333333333,3.93333333333333,NA,1,6.85,6,3,0,1,8,2297,1509,788,330,499,1798,6.28038629952112,6.47893505632869,5.90017046954315,5.89648484848485,6.28707414829659,6.27853021690767,230
"227",2020,9,5.83333333333333,12,6.33333333333333,5.33333333333333,5.66666666666667,5.5,5.9,6,6,3,2,10,2309,1515,794,333,501,1808,6.27806294066696,6.47835841584158,5.89588706549118,5.89441441441441,6.28393213572854,6.27643657632743,231
"228",2020,10,6.20461538461538,13,6.25111111111111,6.1,6.2,6.5,6.15090909090909,9,4,2,2,11,2322,1524,798,335,503,1819,6.27765173557278,6.47701640419947,5.89691018796992,5.89623880597015,6.28479125248509,6.27567747663551,232
"229",2020,11,6.40961538461538,26,6.5575,5.91666666666667,5.875,5.9,6.53095238095238,20,6,4,5,21,2348,1544,804,339,508,1840,6.27911300255537,6.47805893782383,5.89705762437811,5.89598820058997,6.28100393700787,6.27859094021739,233
"230",2020,12,6.33529411764706,17,6.59230769230769,5.5,8,NA,6.33529411764706,13,4,1,0,17,2365,1557,808,340,508,1857,6.27951684143763,6.47901284521516,5.89509199257426,5.90217647058823,6.28100393700787,6.27911003231018,234
"231",2021,1,6.53125,16,5.88888888888889,7.35714285714286,7.66666666666667,8,6.19230769230769,9,7,3,3,13,2381,1566,815,343,511,1870,6.28120845443091,6.47562132822478,5.90764948466258,5.91760932944606,6.29109589041096,6.27850659358289,235
"232",2021,2,6.42392176470588,17,6.512916875,5,NA,5.95,6.56974384615385,16,1,0,4,13,2398,1582,816,343,515,1883,6.28222018348624,6.47599852718078,5.90653716911765,5.91760932944606,6.28844660194175,6.28051725969198,236
"233",2021,3,6.22444444444444,9,6.22444444444444,NA,NA,NA,6.22444444444444,9,0,0,0,9,2407,1591,816,343,515,1892,6.28200415454923,6.47457553111251,5.90653716911765,5.91760932944606,6.28844660194175,6.28025052854123,237
"234",2021,4,6.42857142857143,7,7,5.66666666666667,6,10,5.83333333333333,4,3,2,1,6,2414,1595,819,345,516,1898,6.28242916321458,6.47589321003135,5.90565852258852,5.91808695652174,6.29563953488372,6.27883772391992,238
"235",2021,5,6.75,16,6.54545454545455,7.2,7,7,6.73333333333333,11,5,1,1,15,2430,1606,824,346,517,1913,6.28550781893004,6.47636965753425,5.91351253640777,5.92121387283237,6.29700193423598,6.28240146366963,239
"236",2021,6,6,5,6,6,NA,NA,6,4,1,0,0,5,2435,1610,825,346,517,1918,6.28492156057495,6.47518613043478,5.91361736969697,5.92121387283237,6.29700193423598,6.28166527632951,240
"237",2021,7,6.1875,8,5.9,6.66666666666667,NA,6.5,6.14285714285714,5,3,0,1,7,2443,1615,828,346,518,1925,6.28460253786328,6.47340536842105,5.91634580917874,5.92121387283237,6.29739382239382,6.28116051948052,241
"238",2021,8,7.12266666666667,15,7.334,6.7,6.5,NA,7.12266666666667,10,5,1,0,15,2458,1625,833,347,518,1940,6.28971684296176,6.47870133538461,5.92104961584634,5.9228818443804,6.29739382239382,6.28766701030928,242
"239",2021,9,5.9,15,6.15,5.4,6,6.5,5.75,10,5,2,3,12,2473,1635,838,349,521,1952,6.28735301253538,6.47669092966361,5.91794072792363,5.92332378223496,6.29856046065259,6.28436168032787,243
"240",2021,10,6.43333333333333,15,6.54166666666667,6,5,8,6.19230769230769,12,3,1,2,13,2488,1647,841,350,523,1965,6.28823311897106,6.47716434122647,5.91823344827586,5.92068571428571,6.30506692160612,6.28375267175573,244
"241",2021,11,7.5,9,7.8,7.125,6.83333333333333,NA,7.5,5,4,3,0,9,2497,1652,845,353,523,1974,6.29260072086504,6.4811680811138,5.92394595266272,5.92844192634561,6.30506692160612,6.28929787234043,245
"242",2021,12,6.3,20,6.4375,5.75,5,NA,6.3,16,4,1,0,20,2517,1668,849,354,523,1994,6.29265951529599,6.48074920263789,5.92312641931684,5.92581920903955,6.30506692160612,6.28940521564694,246
"243",2022,1,6.22222222222222,18,6.53571428571429,5.125,5,6.33333333333333,6.2,14,4,2,3,15,2535,1682,853,356,526,2009,6.29215936883629,6.48120670035672,5.91938373974209,5.92061797752809,6.30522813688213,6.28873768043803,247
"244",2022,2,6.27611083333333,12,6.66416625,5.5,6,6,6.30121181818182,8,4,1,1,11,2547,1690,857,357,527,2020,6.2920837573616,6.48207278106509,5.91742628938156,5.92084033613445,6.30464895635673,6.28880560891089,248
"245",2022,3,6.33333333333333,15,6.63636363636364,5.5,5,7,6.28571428571429,11,4,1,1,14,2562,1701,861,358,528,2034,6.29232526541764,6.48307054673721,5.91548702671312,5.91826815642458,6.30596590909091,6.28878433136677,249
"246",2022,4,5.95833333333333,12,5.72222222222222,6.66666666666667,NA,5.6,6.03,9,3,0,2,10,2574,1710,864,358,530,2044,6.29076819347319,6.47906608187134,5.91809528935185,5.91826815642458,6.30330188679245,6.28751826320939,250
"247",2022,5,6.15,10,6,6.5,7,NA,6.15,7,3,1,0,10,2584,1717,867,359,530,2054,6.2902234249226,6.47711298776936,5.92010880046136,5.92128133704735,6.30330188679245,6.28684874878286,251
"248",2022,6,6.1875,8,6.21428571428571,6,6,NA,6.1875,7,1,1,0,8,2592,1724,868,360,530,2062,6.28990637731482,6.47604582366589,5.92020084101382,5.9215,6.30330188679245,6.28646330261882,252
"249",2022,7,6.45454545454545,11,7.16666666666667,5.6,4.5,NA,6.45454545454545,6,5,2,0,11,2603,1730,873,362,530,2073,6.29060212447176,6.47844104046243,5.918366930126,5.91364640883978,6.30330188679245,6.28735520019296,253
"250",2022,8,6.65,10,6.55555555555556,7.5,7.5,NA,6.65,9,1,1,0,10,2613,1739,874,363,530,2083,6.29197754688098,6.47884013801035,5.92017657894737,5.91801652892562,6.30330188679245,6.28909617378781,254
"251",2022,9,5.825,8,5.875,5.775,NA,6,5.76666666666667,4,4,0,2,6,2621,1743,878,363,532,2089,6.29055220526517,6.47745438898451,5.91951518223235,5.91801652892562,6.30216165413534,6.28759565820967,255
"252",2022,10,5.85,10,5.75,6,6,6,5.83333333333333,6,4,1,1,9,2631,1749,882,364,533,2098,6.28887773850247,6.47495883361921,5.91988019274376,5.91824175824176,6.3015947467167,6.28564696377502,256
"253",2022,11,6.18888888888889,9,6.15,6.5,6.5,NA,6.18888888888889,8,1,1,0,9,2640,1757,883,365,533,2107,6.28853686742424,6.47347922595333,5.92053718006795,5.91983561643836,6.3015947467167,6.28523366397722,257
"254",2022,12,6.81653846153846,13,6.67555555555556,7.13375,NA,6.5,6.87409090909091,9,4,0,2,11,2653,1766,887,365,535,2118,6.29112413494158,6.47450906002265,5.9260082638106,5.91983561643836,6.30233644859813,6.28829194050992,258
