"","year","month","avg_rating","no_ratings","avg_rating_owned","avg_rating_not_owned","avg_rating_prev_owned","avg_rating_comment","avg_rating_no_comment","no_ratings_owned","no_ratings_not_owned","no_ratings_prev_owned","no_ratings_comment","no_ratings_no_comment","cum_no_ratings","cum_no_ratings_owned","cum_no_ratings_not_owned","cum_no_ratings_prev_owned","cum_no_ratings_comment","cum_no_ratings_no_comment","cum_avg_rating","cum_avg_rating_owned","cum_avg_rating_not_owned","cum_avg_rating_prev_owned","cum_avg_rating_comment","cum_avg_rating_no_comment","month_after_release"
"1",2001,6,6.2,5,6.66666666666667,5.5,NA,7,6,3,2,0,1,4,5,3,2,0,1,4,6.2,6.66666666666667,5.5,NA,7,6,0
"2",2001,7,6.5,1,6.5,NA,NA,NA,6.5,1,0,0,0,1,6,4,2,0,1,5,6.25,6.625,5.5,NA,7,6.1,1
"3",2001,8,6.27272727272727,11,6.66666666666667,4.5,4.5,6,6.5,9,2,2,5,6,17,13,4,2,6,11,6.26470588235294,6.65384615384615,5,4.5,6.16666666666667,6.31818181818182,2
"4",2001,9,7,2,7,7,NA,NA,7,1,1,0,0,2,19,14,5,2,6,13,6.34210526315789,6.67857142857143,5.4,4.5,6.16666666666667,6.42307692307692,3
"5",2001,10,7,2,7,NA,NA,NA,7,2,0,0,0,2,21,16,5,2,6,15,6.40476190476191,6.71875,5.4,4.5,6.16666666666667,6.5,4
"6",2001,11,6,2,6,NA,NA,NA,6,2,0,0,0,2,23,18,5,2,6,17,6.3695652173913,6.63888888888889,5.4,4.5,6.16666666666667,6.44117647058824,5
"7",2001,12,8,1,8,NA,NA,NA,8,1,0,0,0,1,24,19,5,2,6,18,6.4375,6.71052631578947,5.4,4.5,6.16666666666667,6.52777777777778,6
"8",2002,1,5.8,5,5.75,6,NA,NA,5.8,4,1,0,0,5,29,23,6,2,6,23,6.32758620689655,6.54347826086957,5.5,4.5,6.16666666666667,6.3695652173913,7
"9",2002,2,7.33333333333333,3,7,7.5,8,8,7,1,2,1,1,2,32,24,8,3,7,25,6.421875,6.5625,6,5.66666666666667,6.42857142857143,6.42,8
"10",2002,3,6,6,6,6,NA,6,6,4,2,0,2,4,38,28,10,3,9,29,6.35526315789474,6.48214285714286,6,5.66666666666667,6.33333333333333,6.36206896551724,9
"11",2002,4,7,2,7,NA,NA,6,8,2,0,0,1,1,40,30,10,3,10,30,6.3875,6.51666666666667,6,5.66666666666667,6.3,6.41666666666667,10
"12",2002,5,6.5,6,7.25,5,NA,7,6.25,4,2,0,2,4,46,34,12,3,12,34,6.40217391304348,6.60294117647059,5.83333333333333,5.66666666666667,6.41666666666667,6.39705882352941,11
"13",2002,6,6.9,10,6.61111111111111,9.5,NA,6.66666666666667,7,9,1,0,3,7,56,43,13,3,15,41,6.49107142857143,6.6046511627907,6.11538461538461,5.66666666666667,6.46666666666667,6.5,12
"14",2002,7,6.31818181818182,11,5.9375,7.33333333333333,NA,7,6.25,8,3,0,1,10,67,51,16,3,16,51,6.46268656716418,6.5,6.34375,5.66666666666667,6.5,6.45098039215686,13
"15",2002,8,7.1,10,7.1,NA,NA,8,6.71428571428571,10,0,0,3,7,77,61,16,3,19,58,6.54545454545455,6.5983606557377,6.34375,5.66666666666667,6.73684210526316,6.48275862068965,14
"16",2002,9,6.8,5,7,6,NA,7.5,6.33333333333333,4,1,0,2,3,82,65,17,3,21,61,6.5609756097561,6.62307692307692,6.32352941176471,5.66666666666667,6.80952380952381,6.47540983606557,15
"17",2002,10,6.375,8,6.8,5.66666666666667,6,7,5.75,5,3,2,4,4,90,70,20,5,25,65,6.54444444444444,6.63571428571429,6.225,5.8,6.84,6.43076923076923,16
"18",2002,11,6.7,10,6.16666666666667,7.5,8,7,6.625,6,4,1,2,8,100,76,24,6,27,73,6.56,6.59868421052632,6.4375,6.16666666666667,6.85185185185185,6.45205479452055,17
"19",2002,12,6.71428571428571,14,6.75,6.5,6.5,7,6.66666666666667,12,2,2,2,12,114,88,26,8,29,85,6.57894736842105,6.61931818181818,6.44230769230769,6.25,6.86206896551724,6.48235294117647,18
"20",2003,1,6.30555555555556,18,6.42307692307692,6,5.5,5.75,6.375,13,5,2,2,16,132,101,31,10,31,101,6.54166666666667,6.59405940594059,6.37096774193548,6.1,6.79032258064516,6.46534653465347,19
"21",2003,2,6.7,5,7,6.5,6.25,NA,6.7,2,3,2,0,5,137,103,34,12,31,106,6.54744525547445,6.60194174757282,6.38235294117647,6.125,6.79032258064516,6.47641509433962,20
"22",2003,3,6.9375,8,7.08333333333333,6.5,NA,7,6.92857142857143,6,2,0,1,7,145,109,36,12,32,113,6.56896551724138,6.62844036697248,6.38888888888889,6.125,6.796875,6.50442477876106,21
"23",2003,4,6.92857142857143,7,7.08333333333333,6,NA,6.66666666666667,7.125,6,1,0,3,4,152,115,37,12,35,117,6.58552631578947,6.65217391304348,6.37837837837838,6.125,6.78571428571429,6.52564102564103,22
"24",2003,5,6.65,10,6.61111111111111,7,NA,6.58333333333333,6.75,9,1,0,6,4,162,124,38,12,41,121,6.58950617283951,6.6491935483871,6.39473684210526,6.125,6.75609756097561,6.53305785123967,23
"25",2003,6,6.75,12,7,6.25,7,6.5,6.92857142857143,8,4,1,5,7,174,132,42,13,46,128,6.60057471264368,6.67045454545455,6.38095238095238,6.19230769230769,6.72826086956522,6.5546875,24
"26",2003,7,6.51904761904762,42,6.58518518518519,6.4,6,6.86666666666667,6.32592592592593,27,15,3,15,27,216,159,57,16,61,155,6.58472222222222,6.6559748427673,6.3859649122807,6.15625,6.76229508196721,6.51483870967742,25
"27",2003,8,6.66666666666667,15,7.125,6.14285714285714,NA,7,6.61538461538461,8,7,0,2,13,231,167,64,16,63,168,6.59004329004329,6.67844311377246,6.359375,6.15625,6.76984126984127,6.52261904761905,26
"28",2003,9,6.18461538461538,13,6.65555555555556,5.125,NA,6.25,6.15555555555556,9,4,0,4,9,244,176,68,16,67,177,6.56844262295082,6.67727272727273,6.28676470588235,6.15625,6.73880597014925,6.50395480225989,27
"29",2003,10,6.94444444444444,9,7.28571428571429,5.75,NA,7,6.91666666666667,7,2,0,3,6,253,183,70,16,70,183,6.58181818181818,6.70054644808743,6.27142857142857,6.15625,6.75,6.51748633879781,28
"30",2003,11,7.62222222222222,9,7.7,7,NA,7.76666666666667,7.33333333333333,8,1,0,6,3,262,191,71,16,76,186,6.6175572519084,6.74240837696335,6.28169014084507,6.15625,6.83026315789474,6.53064516129032,29
"31",2003,12,6.8,15,6.8,6.8,8,6.6,6.9,10,5,1,5,10,277,201,76,17,81,196,6.62743682310469,6.7452736318408,6.31578947368421,6.26470588235294,6.81604938271605,6.54948979591837,30
"32",2004,1,6.95,16,7.01428571428571,6.5,NA,7.025,6.925,14,2,0,4,12,293,215,78,17,85,208,6.64505119453925,6.76279069767442,6.32051282051282,6.26470588235294,6.82588235294118,6.57115384615385,31
"33",2004,2,5.99347826086957,23,6.03529411764706,5.875,7,6.14285714285714,5.928125,17,6,1,7,16,316,232,84,18,92,224,6.59762658227848,6.70948275862069,6.28869047619048,6.30555555555556,6.77391304347826,6.52522321428571,32
"34",2004,3,6.33333333333333,18,6.32142857142857,6.375,NA,6.5,6.3,14,4,0,3,15,334,246,88,18,95,239,6.58338323353293,6.68739837398374,6.29261363636364,6.30555555555556,6.76526315789474,6.51108786610879,33
"35",2004,4,6.26666666666667,15,6.61538461538461,4,NA,5.625,6.5,13,2,0,4,11,349,259,90,18,99,250,6.56977077363897,6.68378378378378,6.24166666666667,6.30555555555556,6.71919191919192,6.5106,34
"36",2004,5,6.53125,16,7.18181818181818,5.1,5,6.22222222222222,6.92857142857143,11,5,2,9,7,365,270,95,20,108,257,6.56808219178082,6.70407407407407,6.18157894736842,6.175,6.67777777777778,6.52198443579766,35
"37",2004,6,6.6,19,6.60769230769231,6.58333333333333,6,6.83333333333333,6.49230769230769,13,6,1,6,13,384,283,101,21,114,270,6.56966145833333,6.69964664310954,6.20544554455446,6.16666666666667,6.6859649122807,6.52055555555556,36
"38",2004,7,6.69230769230769,13,7.1,5.33333333333333,7,6.83333333333333,6.57142857142857,10,3,1,6,7,397,293,104,22,120,277,6.57367758186398,6.71331058020478,6.18028846153846,6.20454545454545,6.69333333333333,6.52184115523466,37
"39",2004,8,6.45454545454545,11,6.6,5,NA,6.5,6.44444444444444,10,1,0,2,9,408,303,105,22,122,286,6.57046568627451,6.70957095709571,6.16904761904762,6.20454545454545,6.69016393442623,6.51940559440559,38
"40",2004,9,6.33333333333333,15,6.4,6.2,6,6.125,6.57142857142857,10,5,1,8,7,423,313,110,23,130,293,6.56205673758865,6.69968051118211,6.17045454545455,6.19565217391304,6.65538461538462,6.52064846416382,39
"41",2004,10,6.23809523809524,21,6.36111111111111,5.5,4,5.71428571428571,6.5,18,3,1,7,14,444,331,113,24,137,307,6.54673423423423,6.68126888217523,6.15265486725664,6.10416666666667,6.60729927007299,6.51970684039088,40
"42",2004,11,6.66666666666667,18,6.69230769230769,6.6,6,6.83333333333333,6.58333333333333,13,5,1,6,12,462,344,118,25,143,319,6.55140692640693,6.68168604651163,6.17161016949153,6.1,6.61678321678322,6.52210031347962,41
"43",2004,12,6,20,6.08333333333333,5.875,5.66666666666667,5.90909090909091,6.11111111111111,12,8,3,11,9,482,356,126,28,154,328,6.52852697095436,6.66151685393258,6.15277777777778,6.05357142857143,6.56623376623377,6.51082317073171,42
"44",2005,1,6.72727272727273,33,6.84782608695652,6.45,6.25,6.66666666666667,6.75,23,10,2,9,24,515,379,136,30,163,352,6.54126213592233,6.67282321899736,6.17463235294118,6.06666666666667,6.57177914110429,6.52713068181818,43
"45",2005,2,5.85714285714286,14,6.44444444444444,4.8,3,5,6.33333333333333,9,5,2,5,9,529,388,141,32,168,361,6.52315689981096,6.66752577319588,6.1258865248227,5.875,6.525,6.52229916897507,44
"46",2005,3,6.38888888888889,27,6.59375,6.09090909090909,6,6.375,6.39473684210526,16,11,4,8,19,556,404,152,36,176,380,6.51663669064748,6.66460396039604,6.12335526315789,5.88888888888889,6.51818181818182,6.51592105263158,45
"47",2005,4,5.71428571428571,14,5.8,5.5,5.33333333333333,5,5.90909090909091,10,4,3,3,11,570,414,156,39,179,391,6.4969298245614,6.64371980676329,6.10737179487179,5.84615384615385,6.4927374301676,6.49884910485933,46
"48",2005,5,6.99333333333333,15,7.20769230769231,5.6,NA,6,7.35454545454545,13,2,0,4,11,585,427,158,39,183,402,6.50965811965812,6.66088992974239,6.10094936708861,5.84615384615385,6.48196721311475,6.52226368159204,47
"49",2005,6,6.4,25,6.5,5.66666666666667,7,7.04545454545455,5.89285714285714,22,3,1,11,14,610,449,161,40,194,416,6.50516393442623,6.65300668151448,6.09285714285714,5.875,6.5139175257732,6.50108173076923,48
"50",2005,7,6.78181818181818,22,6.84444444444444,6.5,NA,6.11111111111111,7.24615384615385,18,4,0,9,13,632,467,165,40,203,429,6.51479430379747,6.66038543897216,6.10272727272727,5.875,6.49605911330049,6.52365967365967,49
"51",2005,8,7.025,28,7.43157894736842,6.16666666666667,6.16666666666667,7.29375,6.66666666666667,19,9,3,16,12,660,486,174,43,219,441,6.53643939393939,6.69053497942387,6.10603448275862,5.8953488372093,6.55433789954338,6.52755102040816,50
"52",2005,9,6.24347826086957,23,6.2875,6.14285714285714,6.33333333333333,6,6.32941176470588,16,7,3,6,17,683,502,181,46,225,458,6.52657393850659,6.67768924302789,6.10745856353591,5.92391304347826,6.53955555555556,6.52019650655022,51
"53",2005,10,6.875,32,7.08,6.14285714285714,6,6.96428571428571,6.80555555555556,25,7,3,14,18,715,527,188,49,239,476,6.54216783216783,6.69677419354839,6.10877659574468,5.92857142857143,6.56443514644351,6.53098739495798,52
"54",2005,11,6.67142857142857,35,6.87931034482759,5.66666666666667,6.33333333333333,6.90625,6.47368421052632,29,6,3,16,19,750,556,194,52,255,495,6.5482,6.70629496402878,6.0951030927835,5.95192307692308,6.58588235294118,6.52878787878788,53
"55",2005,12,6.62592592592593,27,6.71428571428571,6.31666666666667,6.33333333333333,7,6.495,21,6,3,7,20,777,577,200,55,262,515,6.5509009009009,6.70658578856152,6.10175,5.97272727272727,6.5969465648855,6.52747572815534,54
"56",2006,1,6.56034482758621,29,6.44318181818182,6.92857142857143,6,6.6875,6.51190476190476,22,7,2,8,21,806,599,207,57,270,536,6.55124069478908,6.69691151919866,6.12971014492754,5.97368421052632,6.59962962962963,6.52686567164179,55
"57",2006,2,6.65227272727273,22,6.60882352941176,6.8,6,6.62142857142857,6.66666666666667,17,5,1,7,15,828,616,212,58,277,551,6.55392512077295,6.69448051948052,6.14551886792453,5.97413793103448,6.60018050541516,6.53067150635209,56
"58",2006,3,6.5,24,6.55,6.25,NA,7,6.36842105263158,20,4,0,5,19,852,636,216,58,282,570,6.55240610328639,6.68993710691824,6.1474537037037,5.97413793103448,6.6072695035461,6.52526315789474,57
"59",2006,4,6,16,6.18181818181818,5.6,7,6.5,5.7,11,5,1,6,10,868,647,221,59,288,580,6.54222350230415,6.68129829984544,6.13506787330317,5.99152542372881,6.60503472222222,6.51103448275862,58
"60",2006,5,6.552,25,6.56190476190476,6.5,7,5.2,6.89,21,4,1,5,20,893,668,225,60,293,600,6.54249720044793,6.67754491017964,6.14155555555555,6.00833333333333,6.58105802047782,6.52366666666667,59
"61",2006,6,6.35684615384615,26,6.33081818181818,6.5,NA,6.6778,6.15625,22,4,0,10,16,919,690,229,60,303,616,6.53724483133841,6.66648985507246,6.14781659388646,6.00833333333333,6.58425082508251,6.51412337662338,60
"62",2006,7,6.22333333333333,30,6.55263157894737,5.65454545454545,6.5,6.8125,6.00909090909091,19,11,2,8,22,949,709,240,62,311,638,6.52732139093783,6.66343864598025,6.12520833333333,6.0241935483871,6.59012218649518,6.49670846394984,61
"63",2006,8,6.4125,40,6.83333333333333,5.15,5.5,7.125,5.9375,30,10,3,16,24,989,739,250,65,327,662,6.52267745197169,6.67033558863329,6.0862,6,6.61629357798165,6.47643504531722,62
"64",2006,9,6.68571428571429,35,6.66,6.75,6.5,6.85714285714286,6.57142857142857,25,10,2,14,21,1024,764,260,67,341,683,6.52825,6.66999738219895,6.11173076923077,6.01492537313433,6.62618181818182,6.47935578330893,63
"65",2006,10,6.30851063829787,47,6.51612903225806,5.90625,7,6.34615384615385,6.29411764705882,31,16,1,13,34,1071,795,276,68,354,717,6.51860690943044,6.66399748427673,6.09981884057971,6.02941176470588,6.61589830508475,6.47057182705718,64
"66",2006,11,6.69117647058824,34,6.71153846153846,6.625,6,6.09090909090909,6.97826086956522,26,8,1,11,23,1105,821,284,69,365,740,6.52391674208145,6.66550304506699,6.11461267605634,6.02898550724638,6.60007671232877,6.48635135135135,65
"67",2006,12,6.59523809523809,42,7.01724137931035,5.65384615384615,6,6.16666666666667,6.76666666666667,29,13,1,12,30,1147,850,297,70,377,770,6.5265283347864,6.67750352941176,6.09444444444444,6.02857142857143,6.58628116710875,6.49727272727273,66
"68",2007,1,6.42109375,64,6.68777777777778,5.78947368421053,6.33333333333333,6.07894736842105,6.56555555555556,45,19,3,19,45,1211,895,316,73,396,815,6.52095623451693,6.67802011173184,6.07610759493671,6.04109589041096,6.56193939393939,6.50104294478528,67
"69",2007,2,6.39371196078431,51,6.73057142857143,5.656831875,5.33333333333333,6.42857142857143,6.38052189189189,35,16,3,14,37,1262,930,332,76,410,852,6.51581403328051,6.67999784946236,6.05590153614458,6.01315789473684,6.55738536585366,6.49580904929577,68
"70",2007,3,6.70238095238095,42,6.890625,6.1,NA,7.02727272727273,6.58709677419355,32,10,0,11,31,1304,962,342,76,421,883,6.5218230904908,6.68700415800416,6.05719096491228,6.01315789473684,6.56966270783848,6.49901394110985,69
"71",2007,4,6.58135135135135,37,6.71148148148148,6.23,6,7.08066666666667,6.24090909090909,27,10,1,15,22,1341,989,352,77,436,905,6.52346555555556,6.68767239635996,6.0621003125,6.01298701298701,6.58724311926606,6.49273956906077,70
"72",2007,5,6.7241935483871,31,6.825,6.2,6,7.05,6.56904761904762,26,5,1,10,21,1372,1015,357,78,446,926,6.5280009548105,6.69119014778325,6.06403168067227,6.01282051282051,6.59761883408072,6.49447009719222,71
"73",2007,6,6.72820512820513,39,7.08695652173913,6.2125,5.5,6.2,6.80588235294118,23,16,4,5,34,1411,1038,373,82,451,960,6.5335345924876,6.69995953757225,6.07040029490617,5.98780487804878,6.59321064301552,6.50549928125,72
"74",2007,7,6.64901960784314,51,6.71315789473684,6.46153846153846,6.5,6.87058823529412,6.53823529411765,38,13,1,17,34,1462,1076,386,83,468,994,6.53756313953488,6.70042565055762,6.08357334196891,5.99397590361446,6.60328632478633,6.50661902414487,73
"75",2007,8,6.42391304347826,46,6.82758620689655,5.73529411764706,5.5,6.45833333333333,6.41176470588235,29,17,4,12,34,1508,1105,403,87,480,1028,6.53409635941645,6.7037628959276,6.06888166253102,5.97126436781609,6.5996625,6.50348181906615,74
"76",2007,9,6.70243902439024,41,6.78888888888889,6.53571428571429,7,6.46428571428571,6.82592592592593,27,14,2,14,27,1549,1132,417,89,494,1055,6.53855216914138,6.70579328621908,6.08455470023981,5.99438202247191,6.59582591093118,6.51173394312796,75
"77",2007,10,6.72777777777778,54,6.85714285714286,6.48947368421053,5.5,6.51666666666667,6.83333333333333,35,19,2,18,36,1603,1167,436,91,512,1091,6.54492658140986,6.7103324764353,6.10220025229358,5.98351648351648,6.59304296875,6.52234583868011,76
"78",2007,11,6.56541666666667,60,6.76744186046512,6.05441176470588,6.5,6.5078125,6.58636363636364,43,17,4,16,44,1663,1210,453,95,528,1135,6.54566585087192,6.71236198347107,6.10040686534216,6.00526315789474,6.59046022727273,6.52482758590308,77
"79",2007,12,6.46640625,64,6.615,5.93571428571429,5.5,6.77631578947368,6.33555555555556,50,14,2,19,45,1727,1260,467,97,547,1180,6.54272861030689,6.70849841269841,6.09546961456103,5.99484536082474,6.59691590493602,6.51760958474576,78
"80",2008,1,6.77205882352941,68,6.90217391304348,6.5,7,6.5,6.8936170212766,46,22,2,21,47,1795,1306,489,99,568,1227,6.55141632869081,6.71532006125574,6.11366934560327,6.01515151515152,6.59333274647887,6.53201247758761,79
"81",2008,2,6.38541666666667,48,6.35483870967742,6.44117647058824,6.2,6.25,6.44117647058824,31,17,5,14,34,1843,1337,506,104,582,1261,6.54709295170917,6.70696185489903,6.12467254940712,6.02403846153846,6.58507388316151,6.52956329103886,80
"82",2008,3,6.33333333333333,57,6.45833333333333,6.11904761904762,6.33333333333333,6.21875,6.3780487804878,36,21,3,16,41,1900,1373,527,107,598,1302,6.54068016315789,6.70044282592862,6.12444840607211,6.03271028037383,6.57527257525084,6.52479209677419,81
"83",2008,4,6.55725,40,6.75454545454545,5.62714285714286,6.5,6.75,6.5090625,33,7,1,8,32,1940,1406,534,108,606,1334,6.54102180927835,6.70171266002845,6.11792941947566,6.03703703703704,6.57757920792079,6.52441477511244,82
"84",2008,5,6.46744186046512,43,6.83125,5.40909090909091,5.66666666666667,6.46875,6.46666666666667,32,11,3,16,27,1983,1438,545,111,622,1361,6.53942627836611,6.70459527121001,6.10362258715596,6.02702702702703,6.57477974276527,6.52326914768553,83
"85",2008,6,6.37209302325581,43,6.61538461538461,6,6,6.55,6.21739130434783,26,17,7,20,23,2026,1464,562,118,642,1384,6.5358747828233,6.70301092896175,6.10048809608541,6.02542372881356,6.574007788162,6.51818591763006,84
"86",2008,7,6.4125,56,6.88787878787879,5.7304347826087,5.32142857142857,6.272,6.5258064516129,33,23,14,25,31,2082,1497,585,132,667,1415,6.53255634486071,6.70708617234469,6.08593899145299,5.95075757575758,6.56268815592204,6.51835286925795,85
"87",2008,8,6.40816326530612,49,6.90909090909091,5.375,4.2,6.17857142857143,6.5,33,16,5,14,35,2131,1530,601,137,681,1450,6.52969606288128,6.7114431372549,6.06701216306156,5.88686131386861,6.55479148311307,6.51790986896552,86
"88",2008,9,6.3,55,6.48571428571429,5.975,6,6.3,6.3,35,20,7,20,35,2186,1565,621,144,701,1485,6.52391688472095,6.70639488817891,6.06404880837359,5.89236111111111,6.54752211126962,6.51277394612795,87
"89",2008,10,6.38780487804878,41,6.58333333333333,5.85454545454545,5.25,6.325,6.41379310344828,30,11,4,12,29,2227,1595,632,148,713,1514,6.52141100583745,6.7040802507837,6.06040238924051,5.875,6.54377699859748,6.51087801188904,88
"90",2008,11,6.725,54,7.03333333333333,6.33958333333333,6.39,7.4375,6.52142857142857,30,24,10,12,42,2281,1625,656,158,725,1556,6.52623073651907,6.71015876923077,6.07061632621951,5.90759493670886,6.55856965517241,6.51116279562982,89
"91",2008,12,6.68448275862069,58,6.79473684210526,6.475,6.5,6.63333333333333,6.70232558139535,38,20,8,15,43,2339,1663,676,166,740,1599,6.53015489952971,6.71209140108238,6.08258034023669,5.93614457831325,6.56008513513514,6.51630350844278,90
"92",2009,1,6.37886597938144,97,6.60073529411765,5.85862068965517,5.98,6.72321428571429,6.23913043478261,68,29,15,28,69,2436,1731,705,181,768,1668,6.52413066912972,6.707716926632,6.07336781560284,5.93977900552486,6.56603255208333,6.50483771582734,91
"93",2009,2,6.2876404494382,89,6.51111111111111,6.05909090909091,5.54545454545455,6.02083333333333,6.38615384615385,45,44,11,24,65,2525,1776,749,192,792,1733,6.51579497425743,6.70273536036036,6.0725291188251,5.9171875,6.54951136363636,6.50038621465667,92
"94",2009,3,6.47294117647059,85,6.72708333333333,6.14324324324324,6.46666666666667,6.66666666666667,6.43142857142857,48,37,6,15,70,2610,1824,786,198,807,1803,6.51439935249042,6.70337609649123,6.07585790076336,5.93383838383838,6.55168897149938,6.49770899057127,93
"95",2009,4,6.58864864864865,74,6.872,6.33435897435897,6.23090909090909,6.68421052631579,6.55563636363636,35,39,11,19,55,2684,1859,825,209,826,1858,6.51644646423249,6.7065508337816,6.08807795151515,5.94947368421053,6.55473728813559,6.49942374058127,94
"96",2009,5,6.64385964912281,57,6.81935483870968,6.43461538461538,5.875,6.28,6.72127659574468,31,26,8,10,47,2741,1890,851,217,836,1905,6.51909606348048,6.70840105820106,6.09866546415981,5.94672811059908,6.5514509569378,6.50489727559055,95
"97",2009,6,6.3547619047619,63,6.53714285714286,6.12678571428571,5.525,6.59615384615385,6.292,35,28,10,13,50,2804,1925,879,227,849,1955,6.51540381954351,6.70528727272727,6.09956121729238,5.92814977973568,6.55213545347468,6.49945233248082,96
"98",2009,7,6.57894736842105,57,7.01428571428571,6.15862068965517,6.58888888888889,6.80769230769231,6.51136363636364,28,29,9,13,44,2861,1953,908,236,862,1999,6.51666980426424,6.7097173579109,6.10144747797357,5.95334745762712,6.55598955916473,6.49971451225613,97
"99",2009,8,6.50070422535211,71,6.62555555555556,6.28461538461538,5.71428571428571,6.65,6.47622950819672,45,26,7,10,61,2932,1998,934,243,872,2060,6.51628318894952,6.70782182182182,6.10654637044968,5.94646090534979,6.55706766055046,6.49901908252427,98
"100",2009,9,6.50076923076923,65,6.64782608695652,6.14473684210526,6.05555555555556,6.51666666666667,6.496,46,19,9,15,50,2997,2044,953,252,887,2110,6.51594671671672,6.70647162426614,6.10730777544596,5.95035714285714,6.55638444193912,6.49894754028436,99
"101",2009,10,6.55069444444444,72,6.96184210526316,6.09117647058823,6.61111111111111,6.35,6.62788461538462,38,34,9,20,52,3069,2082,987,261,907,2162,6.51676191267514,6.7111325648415,6.10675208713273,5.97314176245211,6.55183351708931,6.50204870952821,100
"102",2009,11,6.45102040816327,98,6.71698113207547,6.13777777777778,6.85652173913043,6.85909090909091,6.33289473684211,53,45,23,22,76,3167,2135,1032,284,929,2238,6.51472760025261,6.71127775175644,6.10810495155039,6.04468309859155,6.55910979547901,6.49630442806077,101
"103",2009,12,6.47323232323232,99,6.70614035087719,6.15714285714286,6.36666666666667,6.25,6.53701298701299,57,42,15,22,77,3266,2192,1074,299,951,2315,6.5134697826087,6.71114416058394,6.11002263500931,6.06083612040134,6.55195899053628,6.49765844924406,102
"104",2010,1,6.63382352941176,102,6.95423728813559,6.19418604651163,6.29,6.43947368421053,6.67831325301205,59,43,20,19,83,3368,2251,1117,319,970,2398,6.51711470011877,6.71751577076855,6.11326258728738,6.07520376175548,6.54975567010309,6.50391130525438,103
"105",2010,2,6.44821428571429,56,6.71379310344828,6.16296296296296,6.25,6.6,6.41111111111111,29,27,6,11,45,3424,2280,1144,325,981,2443,6.51598782418224,6.71746842105263,6.11443558566434,6.07843076923077,6.55031906218145,6.50220192795743,104
"106",2010,3,6.65084745762712,59,6.59444444444444,6.73913043478261,7.16666666666667,6.44,6.69387755102041,36,23,3,10,49,3483,2316,1167,328,991,2492,6.51827226815963,6.71555613126079,6.1267474807198,6.08838414634146,6.54920585267407,6.5059708306581,105
"107",2010,4,6.41379310344828,58,6.66153846153846,5.90526315789474,6,6.63636363636364,6.36170212765957,39,19,1,11,47,3541,2355,1186,329,1002,2539,6.51656094606044,6.71466157112526,6.12319924957842,6.08811550151976,6.5501626746507,6.50330024025207,106
"108",2010,5,6.6135593220339,59,7.146875,5.98148148148148,6.5,6.79166666666667,6.56808510638298,32,27,10,12,47,3600,2387,1213,339,1014,2586,6.51815064166667,6.72045580226225,6.12004477328937,6.10026548672566,6.55302071005917,6.50447769141531,107
"109",2010,6,6.75526315789474,38,6.8,6.67857142857143,6.6,7,6.71818181818182,24,14,5,5,33,3638,2411,1227,344,1019,2619,6.52062735294118,6.72124761509747,6.12641753056235,6.10752906976744,6.55521393523062,6.50717041237113,108
"110",2010,7,6.48139534883721,43,6.7,6.17777777777778,6.85,7.35714285714286,6.31111111111111,25,18,2,7,36,3681,2436,1245,346,1026,2655,6.52016906003803,6.72102955665024,6.12716008835342,6.11182080924855,6.56068518518519,6.50451198116761,109
"111",2010,8,6.34916666666667,60,6.73030303030303,5.88333333333333,6.44444444444444,6.22222222222222,6.37156862745098,33,27,9,9,51,3741,2469,1272,355,1035,2706,6.51742643945469,6.72115350344269,6.12198452044025,6.12025352112676,6.55774202898551,6.50200639689579,110
"112",2010,9,6.38846153846154,52,6.71176470588235,5.77777777777778,6,6.58333333333333,6.33,34,18,5,12,40,3793,2503,1290,360,1047,2746,6.51565839968363,6.72102596883739,6.11718163565892,6.11858333333333,6.55803533906399,6.4995008412236,111
"113",2010,10,6.6,54,7.12666666666667,5.94166666666667,6.15714285714286,6.55555555555556,6.60888888888889,30,24,7,9,45,3847,2533,1314,367,1056,2791,6.51684229529504,6.72583024082116,6.11397588280061,6.11931880108992,6.55801420454546,6.50126453242565,112
"114",2010,11,6.53915662650602,83,6.69913793103448,6.168,6.93076923076923,6.50526315789474,6.54921875,58,25,13,19,64,3930,2591,1339,380,1075,2855,6.5173135648855,6.72523272867618,6.11498454817028,6.14707894736842,6.55708186046512,6.50233951313485,113
"115",2010,12,6.33030303030303,66,6.62,5.88461538461539,6.15,6.36111111111111,6.31875,40,26,10,18,48,3996,2631,1365,390,1093,2903,6.5142248023023,6.72363283922463,6.11059656410257,6.14715384615385,6.55385452881976,6.49930393041681,114
"116",2011,1,6.372,75,6.71538461538462,5.59565217391304,6.0375,6.84230769230769,6.27338709677419,52,23,8,13,62,4071,2683,1388,398,1106,2965,6.51160459592238,6.72347297800969,6.10206362391931,6.14494974874372,6.55724502712478,6.49457986846543,115
"117",2011,2,6.76923076923077,65,7.18292682926829,6.0625,6,6.8,6.76,41,24,5,15,50,4136,2724,1412,403,1121,3015,6.51565336315281,6.73038839941263,6.10139115439094,6.14315136476427,6.56049330954505,6.49898152902156,116
"118",2011,3,6.51643835616438,73,6.68478260869565,6.22962962962963,5.92857142857143,6.6,6.48490566037736,46,27,14,20,53,4209,2770,1439,417,1141,3068,6.51566697790449,6.72963104693141,6.10379729673385,6.13594724220623,6.56118580192813,6.49873836701434,117
"119",2011,4,6.46048387096774,62,6.5296875,6.38666666666667,5.9375,6.08571428571429,6.56979166666667,32,30,8,14,48,4271,2802,1469,425,1155,3116,6.51486591196441,6.72734760885082,6.10957407079646,6.13221176470588,6.55542251082251,6.49983289794609,118
"120",2011,5,6.35714285714286,56,6.64864864864865,5.78947368421053,5.25,6.90909090909091,6.22222222222222,37,19,4,11,45,4327,2839,1488,429,1166,3161,6.51282466142824,6.7263219443466,6.10548676747312,6.12398601398601,6.5587590051458,6.49588083201519,119
"121",2011,6,6.80967741935484,31,7.07142857142857,6.59411764705882,7,6.71428571428571,6.8375,14,17,5,7,24,4358,2853,1505,434,1173,3185,6.51493628040386,6.72801542236242,6.11100618604651,6.13407834101382,6.55968712702472,6.49845504238619,120
"122",2011,7,6.54895833333333,48,6.7671875,6.1125,6.54285714285714,6.4375,6.57125,32,16,7,8,40,4406,2885,1521,441,1181,3225,6.51530692464821,6.72844991334489,6.11102190006575,6.14056689342404,6.55885944115157,6.4993579255814,121
"123",2011,8,6.43174603174603,63,6.76944444444444,5.98148148148148,5.82857142857143,6.37777777777778,6.45333333333333,36,27,14,18,45,4469,2921,1548,455,1199,3270,6.51412895726113,6.72895515234509,6.10876247416021,6.13096703296703,6.55614095079233,6.49872455963303,122
"124",2011,9,6.71590909090909,44,7.01,6.32894736842105,6.875,6.52777777777778,6.76428571428571,25,19,4,9,35,4513,2946,1567,459,1208,3305,6.51609623532019,6.73134012219959,6.11143223356733,6.13745098039216,6.55592963576159,6.50153685627837,123
"125",2011,10,6.39285714285714,63,6.85810810810811,5.73076923076923,6.16666666666667,6.46111111111111,6.38148148148148,37,26,6,9,54,4576,2983,1593,465,1217,3359,6.51439954326923,6.73291250419041,6.10521927809165,6.13782795698925,6.55522843056697,6.49960682048229,124
"126",2011,11,6.56818181818182,66,6.78095238095238,6.19583333333333,5.91666666666667,6.62916666666667,6.55462962962963,42,24,6,12,54,4642,3025,1617,471,1229,3413,6.51516422016372,6.73357950413223,6.1065641991342,6.13501061571125,6.55595036615134,6.50047738353355,125
"127",2011,12,6.40378787878788,66,6.5,6.19761904761905,6.18,5.81818181818182,6.52090909090909,45,21,5,11,55,4708,3070,1638,476,1240,3468,6.51360286958369,6.73015570032573,6.10773156898657,6.13548319327731,6.54940564516129,6.50080141580162,126
"128",2012,1,6.42641509433962,106,6.69366197183099,5.88428571428571,5.85294117647059,6.25952380952381,6.46764705882353,71,35,17,21,85,4814,3141,1673,493,1261,3553,6.51168307228916,6.72933078637376,6.10305696951584,6.12574036511156,6.54457811260904,6.50000824936673,127
"129",2012,2,6.39444444444444,72,6.49,6.17727272727273,5.2,6.10769230769231,6.45762711864407,50,22,5,13,59,4886,3191,1695,498,1274,3612,6.50995544617274,6.72558069570667,6.10402024188791,6.11644578313253,6.54012009419152,6.4993159772979,128
"130",2012,3,6.0875,48,6.41923076923077,5.69545454545455,6.25555555555556,5.7875,6.1475,26,22,9,8,40,4934,3217,1717,507,1282,3652,6.50584562423997,6.72310475598383,6.0987852708212,6.11891518737673,6.53542355694228,6.49546257119387,129
"131",2012,4,6.50714285714286,56,6.80322580645161,6.14,6.31818181818182,6.58333333333333,6.498,31,25,11,6,50,4990,3248,1742,518,1288,3702,6.50586018236473,6.72386945812808,6.09937675660161,6.12314671814672,6.53564673913043,6.49549684224744,130
"132",2012,5,6.7375,48,6.79333333333333,6.64444444444444,7.66666666666667,6.83333333333333,6.72380952380952,30,18,3,6,42,5038,3278,1760,521,1294,3744,6.50806715164748,6.72450518608908,6.1049513125,6.13203454894434,6.53702704791345,6.49805804220086,131
"133",2012,6,6.65952380952381,42,6.66071428571429,6.65714285714286,6.5,5.3,6.84324324324324,28,14,5,5,37,5080,3306,1774,526,1299,3781,6.50931935236221,6.7239649122807,6.1093090811725,6.13553231939164,6.53226558891455,6.50143594551706,132
"134",2012,7,6.87666666666667,48,7.13103448275862,6.48842105263158,6.90625,6.77777777777778,6.89948717948718,29,19,8,9,39,5128,3335,1793,534,1308,3820,6.51275786076443,6.72750464767616,6.11332644171779,6.14707865168539,6.53395489296636,6.50549981937173,133
"135",2012,8,6.14418604651163,43,6.23103448275862,5.96428571428571,5.75,5.75,6.18461538461538,29,14,4,4,39,5171,3364,1807,538,1312,3859,6.50969296267647,6.72322473246135,6.11217172661871,6.14412639405205,6.53156478658537,6.50225688261208,134
"136",2012,9,6.60847457627119,59,6.82162162162162,6.25,6.375,6.62666666666667,6.60227272727273,37,22,8,15,44,5230,3401,1829,546,1327,3903,6.5108073250478,6.72429520729197,6.11382958447239,6.14750915750916,6.53263978899774,6.50338439918012,135
"137",2012,10,6.54901960784314,51,6.87931034482759,6.11363636363636,6.35714285714286,6.90909090909091,6.45,29,22,7,11,40,5281,3430,1851,553,1338,3943,6.51117635106988,6.72560583090379,6.11382728795246,6.15016274864376,6.53573467862481,6.50284283794066,136
"138",2012,11,6.61538461538461,65,7.02702702702703,6.07142857142857,5.75,6.07142857142857,6.76470588235294,37,28,10,14,51,5346,3467,1879,563,1352,3994,6.51244338009727,6.72882261321027,6.11319548163917,6.14305506216696,6.53092677514793,6.50618660741112,137
"139",2012,12,6.43552631578947,76,7.1051282051282,5.72972972972973,6,6.13333333333333,6.50983606557377,39,37,14,15,61,5422,3506,1916,577,1367,4055,6.51136523607525,6.73300855675984,6.10579034968685,6.13958405545927,6.52656400877835,6.50624150678175,138
"140",2013,1,6.73761904761905,105,7.03985507246377,6.15833333333333,6.225,7.12857142857143,6.67747252747253,69,36,12,14,91,5527,3575,1952,589,1381,4146,6.51566352632531,6.73893090909091,6.10675938012295,6.14132427843803,6.53266690803765,6.50999983357453,139
"141",2013,2,6.31928571428571,70,6.90735294117647,5.76388888888889,6.05555555555556,5.96666666666667,6.41545454545455,34,36,9,15,55,5597,3609,1988,598,1396,4201,6.51320748793997,6.74051759490163,6.10055045774648,6.14003344481605,6.52658524355301,6.50876203522971,140
"142",2013,3,6.55072463768116,69,6.64634146341463,6.41071428571429,6.22222222222222,6.41666666666667,6.57894736842105,41,28,9,12,57,5666,3650,2016,607,1408,4258,6.51366436816096,6.7394597260274,6.10485828869048,6.14125205930807,6.5256484375,6.50970157585721,141
"143",2013,4,6.28474576271186,59,6.43142857142857,6.07083333333333,5.74545454545455,6.14545454545455,6.31666666666667,35,24,11,11,48,5725,3685,2040,618,1419,4306,6.5113052069869,6.73653405698779,6.10445799509804,6.1342071197411,6.52270119802678,6.50754977008825,142
"144",2013,5,6.24375,56,6.64666666666667,5.77884615384615,5.88636363636364,6,6.29673913043478,30,26,11,10,46,5781,3715,2066,629,1429,4352,6.50871342501298,6.73580834454912,6.10036026621491,6.12987281399046,6.5190433869839,6.50532153262868,143
"145",2013,6,6.4622641509434,53,6.7551724137931,6.10833333333333,6.55,6.81538461538462,6.3475,29,24,10,13,40,5834,3744,2090,639,1442,4392,6.5082914484059,6.73595833333333,6.10045182296651,6.1364475743349,6.52171497919556,6.503884178051,144
"146",2013,7,6.74491525423729,59,7.06571428571429,6.27708333333333,5.97222222222222,7.17727272727273,6.64583333333333,35,24,9,11,48,5893,3779,2114,648,1453,4440,6.51066049720007,6.73901243715268,6.10245710028383,6.13416666666667,6.52667790777701,6.50541876351352,145
"147",2013,8,6.52096774193548,62,6.66315789473684,6.29583333333333,6.37272727272727,6.77272727272727,6.46666666666667,38,24,11,11,51,5955,3817,2138,659,1464,4491,6.51076781024349,6.73825727010741,6.1046278344247,6.13814871016692,6.52852663934426,6.50497869294144,146
"148",2013,9,6.90357142857143,56,7.18,6.44285714285714,6.25,6.875,6.90833333333333,35,21,8,8,48,6011,3852,2159,667,1472,4539,6.51442726834138,6.74227102803738,6.10791769800834,6.13949025487256,6.53040964673913,6.5092441749284,147
"149",2013,10,6.66756756756757,74,6.91666666666667,6.28103448275862,5.99285714285714,6.31363636363636,6.72936507936508,45,29,7,11,63,6085,3897,2188,674,1483,4602,6.51628961544782,6.74428483448807,6.11021220749543,6.13796735905045,6.52880175320297,6.51225756410257,148
"150",2013,11,6.36882352941176,85,6.61914893617021,6.05921052631579,6,6.60714285714286,6.32183098591549,47,38,9,14,71,6170,3944,2226,683,1497,4673,6.51425807293355,6.74279361054767,6.10934155884996,6.13614934114202,6.52953440213761,6.5093642863257,149
"151",2013,12,6.56823529411765,85,6.84528301886792,6.109375,5.96153846153846,6.71428571428571,6.53943661971831,53,32,13,14,71,6255,3997,2258,696,1511,4744,6.51499157633893,6.74415261446084,6.10934203277237,6.13288793103448,6.53124619457313,6.50981435708263,150
"152",2014,1,6.54888888888889,90,6.61451612903226,6.40357142857143,6.40769230769231,6.68611111111111,6.51458333333333,62,28,13,18,72,6345,4059,2286,709,1529,4816,6.5154723892829,6.74217245627002,6.11294589238845,6.13792665726375,6.5330693263571,6.50988565406977,151
"153",2014,2,6.11194029850746,67,6.3875,5.7037037037037,5.78571428571429,6.04545454545455,6.125,40,27,7,11,56,6412,4099,2313,716,1540,4872,6.5112558187773,6.73871139302269,6.10816874621704,6.13448324022346,6.52958636363636,6.50546168103448,152
"154",2014,3,6.64406779661017,59,6.86666666666667,6.21,5.81428571428571,6.53333333333333,6.664,39,20,7,9,50,6471,4138,2333,723,1549,4922,6.51246674547984,6.73991735137747,6.10904171024432,6.13138312586445,6.52960813428018,6.50707218813491,153
"155",2014,4,6.45,50,6.70454545454545,6.25,6.5,5.6,6.54444444444444,22,28,7,5,45,6521,4160,2361,730,1554,4967,6.51198777948168,6.73973028846154,6.11071338839475,6.13491780821918,6.52661711711712,6.50741077310248,154
"156",2014,5,6.64705882352941,51,7.10357142857143,6.09130434782609,6.26666666666667,7,6.625,28,23,6,3,48,6572,4188,2384,736,1557,5015,6.51303595709069,6.74216284622731,6.11052613674497,6.13599184782609,6.52752922286448,6.50853625324028,155
"157",2014,6,6.45964285714286,56,6.5621875,6.32291666666667,6.40909090909091,6.75,6.40404255319149,32,24,11,9,47,6628,4220,2408,747,1566,5062,6.51258483856367,6.7407981042654,6.1126429858804,6.14001338688086,6.52880779054917,6.50756604306598,156
"158",2014,7,6.44117647058824,51,6.85714285714286,6.15,5.7,5.91666666666667,6.6025641025641,21,30,10,12,39,6679,4241,2438,757,1578,5101,6.51203957328942,6.74137420419712,6.1131026702215,6.13420079260238,6.52415272496831,6.50829235640071,157
"159",2014,8,6.63582089552239,67,6.89565217391304,6.06666666666667,5.8,6.1,6.67903225806452,46,21,5,5,62,6746,4287,2459,762,1583,5163,6.5132689460421,6.743029624446,6.11270610410736,6.13200787401575,6.52281301326595,6.51034269029634,158
"160",2014,9,6.13076923076923,65,6.47560975609756,5.54166666666667,6.33333333333333,5.48333333333333,6.27735849056604,41,24,9,12,53,6811,4328,2483,771,1595,5216,6.50961860372926,6.74049630314233,6.10718659283126,6.1343579766537,6.51499247648903,6.50797532783742,159
"161",2014,10,6.52380952380952,63,7.01388888888889,5.87037037037037,6.1,6.67857142857143,6.47959183673469,36,27,10,14,49,6874,4364,2510,781,1609,5265,6.50974866307827,6.742751604033,6.10463916733068,6.13391805377721,6.51641578620261,6.5077111699905,160
"162",2014,11,6.45263157894737,76,6.75897435897436,6.12972972972973,6.22307692307692,6.38235294117647,6.4728813559322,39,37,13,17,59,6950,4403,2547,794,1626,5324,6.5091240733813,6.74289529866,6.10500365528072,6.13537783375315,6.51501414514145,6.50732518970699,161
"163",2014,12,6.575,78,6.58265306122449,6.56206896551724,5.83333333333333,6.65,6.56397058823529,49,29,6,10,68,7028,4452,2576,800,1636,5392,6.50985519493455,6.7411316262354,6.1101491886646,6.1331125,6.51583924205379,6.50803956045994,162
"164",2015,1,6.421875,96,6.73611111111111,6.01785714285714,6,6,6.47093023255814,54,42,15,10,86,7124,4506,2618,815,1646,5478,6.5086696111735,6.74107146027519,6.10866856760886,6.13066257668712,6.51270534629405,6.50745697517342,163
"165",2015,2,6.28153846153846,65,6.55217391304348,5.62631578947368,5.84,6.83,6.18181818181818,46,19,10,10,55,7189,4552,2637,825,1656,5533,6.50661598414244,6.7391625659051,6.10519313993174,6.12713939393939,6.51462137681159,6.50422000903669,164
"166",2015,3,6.40909090909091,55,6.44594594594595,6.33333333333333,6.41666666666667,5.77272727272727,6.56818181818182,37,18,6,11,44,7244,4589,2655,831,1667,5577,6.50587552595251,6.73679843103072,6.10673985310735,6.12922984356197,6.50972585482903,6.50472463869464,165
"167",2015,4,6.24571428571429,63,6.84514285714286,5.49642857142857,5.45454545454545,5.6,6.30137931034483,35,28,11,5,58,7307,4624,2683,842,1672,5635,6.50363244970576,6.73761851211073,6.10037059634737,6.12041567695962,6.50700538277512,6.5026316433008,166
"168",2015,5,6.67241379310345,58,6.78030303030303,6.53,6.21428571428571,6.6,6.6875,33,25,7,10,48,7365,4657,2708,849,1682,5683,6.50496161710795,6.73792097917114,6.104336894387,6.12118963486455,6.50755826397146,6.50419308639803,167
"169",2015,6,6.38446153846154,65,6.82631578947368,5.76259259259259,5.8575,5.89090909090909,6.485,38,27,12,11,54,7430,4695,2735,861,1693,5737,6.50390744414536,6.73863642172524,6.10096318464351,6.11751451800232,6.50355168340224,6.50401242984138,168
"170",2015,7,6.27,50,6.54242424242424,5.74117647058824,6.66666666666667,6.8125,6.16666666666667,33,17,3,8,42,7480,4728,2752,864,1701,5779,6.50234389171123,6.73726692047377,6.09874066497093,6.1194212962963,6.50500470311581,6.5015607042741,169
"171",2015,8,6.6025,60,6.79871794871795,6.23809523809524,6.36363636363636,6.73,6.577,39,21,11,10,50,7540,4767,2773,875,1711,5829,6.50314088992043,6.73776966645689,6.09979600072124,6.12249142857143,6.50631969608416,6.50220780751415,170
"172",2015,9,6.56171875,64,6.97432432432432,5.9962962962963,6.5,6.08666666666667,6.70714285714286,37,27,6,15,49,7604,4804,2800,881,1726,5878,6.50363391767491,6.73959159034138,6.09879796785714,6.12506242905789,6.50267265353418,6.5039161806737,171
"173",2015,10,6.5775641025641,78,6.71354166666667,6.36,5.66666666666667,6.46153846153846,6.60076923076923,48,30,9,13,65,7682,4852,2830,890,1739,5943,6.50438457563135,6.73933388293487,6.10156689399293,6.12042696629213,6.50236515238643,6.50497548544506,172
"174",2015,11,6.43716216216216,74,6.82682926829268,5.9530303030303,5.75,6.5125,6.41637931034483,41,33,10,16,58,7756,4893,2863,900,1755,6001,6.50374320654977,6.74006703453914,6.0998548061474,6.11631111111111,6.50245754985755,6.50411919846692,173
"175",2015,12,6.42642857142857,98,6.69206896551724,6.04125,5.7875,6.35285714285714,6.43869047619048,58,40,12,14,84,7854,4951,2903,912,1769,6085,6.50277849630762,6.73950474651586,6.09904729934551,6.11198464912281,6.50127360090447,6.50321599178308,174
"176",2016,1,6.59398496240602,133,6.76585365853659,6.31764705882353,6.34375,6.3,6.63418803418803,82,51,16,16,117,7987,5033,2954,928,1785,6202,6.5042972718167,6.73993403536658,6.10282136425186,6.11598060344827,6.49946946778711,6.50568676394712,175
"177",2016,2,6.51855555555556,90,7.00615384615385,5.85131578947368,6.11785714285714,6.72666666666667,6.47693333333333,52,38,14,15,75,8077,5085,2992,942,1800,6277,6.5044561483224,6.74265644051131,6.09962710895722,6.116008492569,6.50136277777778,6.50534320694599,176
"178",2016,3,6.5355421686747,83,6.82232142857143,5.94074074074074,6.25,6.95454545454545,6.47152777777778,56,27,6,11,72,8160,5141,3019,948,1811,6349,6.50477234191177,6.74352421707839,6.09820613116926,6.11685654008439,6.50411540585312,6.50495972751614,177
"179",2016,4,6.42375,80,6.8462962962963,5.54615384615385,4.33333333333333,6.51666666666667,6.40735294117647,54,26,3,12,68,8240,5195,3045,951,1823,6417,6.50398571723301,6.74459249278152,6.09349238423646,6.11123028391167,6.50419802523313,6.50392540283622,178
"180",2016,5,6.60277777777778,72,7.06666666666667,5.47619047619048,5.6,7.4875,6.4921875,51,21,5,8,64,8312,5246,3066,956,1831,6481,6.5048414713667,6.74772359893252,6.08926428897587,6.10855648535565,6.50849426542873,6.50380949081932,179
"181",2016,6,6.52183908045977,87,6.76666666666667,5.87916666666667,6.11666666666667,7.05,6.45324675324675,63,24,6,10,77,8399,5309,3090,962,1841,6558,6.50501753899274,6.74794838952722,6.08763246278317,6.10860706860707,6.51143563280826,6.50321581427264,180
"182",2016,7,6.34245283018868,106,6.90615384615385,5.44878048780488,4.81818181818182,6.3,6.34945054945055,65,41,11,15,91,8505,5374,3131,973,1856,6649,6.50299145326279,6.74986192780052,6.07926678696902,6.09401849948612,6.50972683189655,6.50111134155512,181
"183",2016,8,6.53505154639175,97,6.80983606557377,6.06944444444444,5.92857142857143,6.46,6.54878048780488,61,36,14,15,82,8602,5435,3167,987,1871,6731,6.5033529772146,6.75053505059798,6.0791551341964,6.0916717325228,6.50932816675574,6.50169206804338,182
"184",2016,9,6.71933333333333,75,6.94886363636364,6.39354838709677,6.425,6.9,6.70642857142857,44,31,8,5,70,8677,5479,3198,995,1876,6801,6.50521981214706,6.75212776054025,6.08220272357724,6.09435175879397,6.51036940298507,6.50379933980297,183
"185",2016,10,6.29607142857143,84,6.53270833333333,5.98055555555556,6.23076923076923,6.02857142857143,6.34957142857143,48,36,13,14,70,8761,5527,3234,1008,1890,6871,6.50321450861774,6.75022218201556,6.08107121521336,6.09611111111111,6.50680052910053,6.50222810507932,184
"186",2016,11,6.45752688172043,93,6.68620689655172,6.07857142857143,5.77777777777778,5.84,6.62671232876712,58,35,9,20,73,8854,5585,3269,1017,1910,6944,6.50273461825164,6.74955738585497,6.08104445090242,6.09329400196657,6.49981832460733,6.50353676699309,185
"187",2016,12,6.60255102040816,98,6.73220338983051,6.40641025641026,5.825,6.88,6.55240963855422,59,39,10,15,83,8952,5644,3308,1027,1925,7027,6.50382733579089,6.74937597448618,6.08488038391778,6.09068159688413,6.50278077922078,6.50411403301551,186
"188",2017,1,6.36821428571429,140,6.61104651162791,5.98148148148148,5.88235294117647,6.07692307692308,6.39803149606299,86,54,17,13,127,9092,5730,3362,1044,1938,7154,6.50173914540255,6.74729982547993,6.08321960440214,6.08728927203065,6.49992414860681,6.50223082331563,187
"189",2017,2,6.58954545454545,110,6.77333333333333,6.19571428571429,5.984375,6.53809523809524,6.60168539325843,75,35,16,21,89,9202,5805,3397,1060,1959,7243,6.50278877526625,6.7476361757106,6.08437866058287,6.0857358490566,6.50033333333333,6.50345289382853,188
"190",2017,3,6.78602150537634,93,7.11515151515152,5.98148148148148,6.2,7.42727272727273,6.7,66,27,5,11,82,9295,5871,3424,1065,1970,7325,6.50562262614309,6.7517676716062,6.08356726343458,6.08627230046948,6.50550913705584,6.50565314812287,189
"191",2017,4,6.52470588235294,85,6.64175438596491,6.28642857142857,5.71714285714286,6.73166666666667,6.49068493150685,57,28,7,12,73,9380,5928,3452,1072,1982,7398,6.5057955554371,6.75070985155196,6.08521272016223,6.08386194029851,6.50687840565086,6.50550544876994,190
"192",2017,5,6.30913461538462,104,6.72,5.77044444444444,5.65625,6.23,6.31397959183673,59,45,16,6,98,9484,5987,3497,1088,1988,7496,6.50363900358499,6.75040721563388,6.08116222762368,6.07757352941176,6.50604275653923,6.5030015088047,191
"193",2017,6,6.51315789473684,95,6.75877192982456,6.14473684210526,6,6.75,6.49719101123596,57,38,8,6,89,9579,6044,3535,1096,1994,7585,6.50373340745381,6.75048610191926,6.08184563224894,6.07700729927007,6.50677683049147,6.50293333025709,192
"194",2017,7,6.55907692307692,104,6.90166666666667,6.09190909090909,5.90909090909091,6.72727272727273,6.53918279569892,60,44,11,11,93,9683,6104,3579,1107,2005,7678,6.50432782298875,6.75197214941022,6.08196935177424,6.07533875338753,6.50798653366583,6.50337240296952,193
"195",2017,8,6.534,100,6.81607142857143,6.175,6.1,6.47647058823529,6.54578313253012,56,44,10,17,83,9783,6160,3623,1117,2022,7761,6.50463112644383,6.75255487012987,6.08309917471709,6.07555953446732,6.5077215628091,6.50382596443757,194
"196",2017,9,6.29809523809524,84,6.68755102040816,5.75285714285714,5.92222222222222,6.33333333333333,6.29538461538462,49,35,9,6,78,9867,6209,3658,1126,2028,7839,6.50287283976893,6.75204187469802,6.07993939584473,6.07433392539964,6.50720562130177,6.50175192116342,195
"197",2017,10,6.40012048192771,83,6.6256862745098,6.040625,6.22727272727273,6.17,6.44285714285714,51,32,11,13,70,9950,6260,3690,1137,2041,7909,6.50201570954774,6.7510124600639,6.07959845799458,6.07581354441513,6.50505781479667,6.50123066253635,196
"198",2017,11,6.15497,100,6.4058064516129,5.74571052631579,5.88913333333333,5.3,6.24996666666667,62,38,15,10,90,10050,6322,3728,1152,2051,7999,6.49856251840796,6.74762701676685,6.07619509388412,6.0733828125,6.49918235007313,6.49840358919865,197
"199",2017,12,6.67738738738739,111,6.92257575757576,6.31777777777778,6.125,6.70833333333333,6.67363636363636,66,45,8,12,99,10161,6388,3773,1160,2063,8098,6.50051602302923,6.74943456480902,6.07907641399417,6.07373879310345,6.50039893359186,6.50054585206224,198
"200",2018,1,6.61172413793103,145,6.74117647058824,6.3046511627907,6.3,5.59090909090909,6.6955223880597,102,43,14,11,134,10306,6490,3816,1174,2074,8232,6.50208066272075,6.74930477657936,6.08161826781971,6.07643696763203,6.49557521697203,6.50371966836735,199
"201",2018,2,6.48850574712644,87,6.72641509433962,6.11764705882353,6.53571428571429,6.95833333333333,6.41333333333333,53,34,14,12,75,10393,6543,3850,1188,2086,8307,6.501967026845,6.74911936420602,6.08193644415584,6.08184932659933,6.49823729626078,6.50290361261587,200
"202",2018,3,6.395,80,6.6948275862069,5.60454545454545,5.45,6.5,6.38493150684932,58,22,10,7,73,10473,6601,3872,1198,2093,8380,6.50114993889048,6.74864232692017,6.07922399535124,6.07657512520868,6.49824319159102,6.50187593198091,201
"203",2018,4,6.51859266666667,90,6.64580259259259,6.32777777777778,6.29230769230769,6.15,6.59828837837838,54,36,13,16,74,10563,6655,3908,1211,2109,8454,6.50129855628136,6.74780786476334,6.08151364124872,6.07889099917424,6.49560123281176,6.50271985450674,202
"204",2018,5,6.44553571428571,56,6.64342105263158,6.02777777777778,6.4,6.75,6.39479166666667,38,18,5,8,48,10619,6693,3926,1216,2117,8502,6.50100448723986,6.74721520095623,6.0812672720326,6.08021134868421,6.49656258856873,6.50211052105387,203
"205",2018,6,6.76984126984127,63,7.17073170731707,6.02272727272727,5.5,7.32222222222222,6.67777777777778,41,22,2,9,54,10682,6734,3948,1218,2126,8556,6.50259002527617,6.74979378378379,6.08094106129686,6.07925862068965,6.500057855127,6.50321922043011,204
"206",2018,7,6.44095890410959,73,6.45470588235294,6.40909090909091,6.2,6.98571428571429,6.38318181818182,51,22,5,7,66,10755,6785,3970,1223,2133,8622,6.50217170153417,6.74757573176124,6.08275952392947,6.07975224856909,6.50165166432255,6.50230035374623,205
"207",2018,8,6.63164556962025,79,6.70566037735849,6.48076923076923,6.5,6.75,6.62533333333333,53,26,6,4,75,10834,6838,3996,1229,2137,8697,6.50311580671959,6.7472508540509,6.08534917667668,6.08180390561432,6.50211651848385,6.50336134874095,206
"208",2018,9,6.60425,80,6.88893617021277,6.19878787878788,5.29166666666667,6.36363636363636,6.64260869565217,47,33,12,11,69,10914,6885,4029,1241,2148,8766,6.50385712387759,6.74821805954975,6.08627830975428,6.07416357775987,6.5014073556797,6.50445740930869,207
"209",2018,10,6.49269662921348,89,6.70206896551724,6.10096774193548,6.16363636363636,6.33307692307692,6.52,58,31,11,13,76,11003,6943,4060,1252,2161,8842,6.50376684995002,6.74783254212877,6.08639047044335,6.07494968051118,6.50039472466451,6.5045910031667,208
"210",2018,11,6.57333333333333,96,6.76803278688525,6.234,6.25,5.88888888888889,6.64413793103448,61,35,10,9,87,11099,7004,4095,1262,2170,8929,6.50436856023065,6.74800847230154,6.08765209035409,6.07633676703645,6.49785852534562,6.50595068316721,209
"211",2018,12,6.47147368421053,95,6.70135593220339,6.09472222222222,6.17,6.5875,6.46080459770115,59,36,13,8,87,11194,7063,4131,1275,2178,9016,6.50408939163838,6.74761876539714,6.0877137037037,6.07729176470588,6.49818778696051,6.50551504547471,210
"212",2019,1,6.54656124087591,137,6.64415510416667,6.31804878048781,6.72266666666667,6.53333333333333,6.54818762295082,96,41,15,15,122,11331,7159,4172,1290,2193,9138,6.5046029070691,6.74623134935047,6.08997730345158,6.08479612403101,6.49842818057455,6.50608476034143,211
"213",2019,2,6.34208791208791,91,6.65178571428571,5.84657142857143,5.5,6.12875,6.36265060240964,56,35,8,8,83,11422,7215,4207,1298,2201,9221,6.50330813692874,6.7454982993763,6.08795229617305,6.08119183359014,6.49708450704225,6.50479368181325,212
"214",2019,3,6.52585365853658,82,6.7687037037037,6.0575,6.58333333333333,7.24545454545455,6.4143661971831,54,28,6,11,71,11504,7269,4235,1304,2212,9292,6.50346884040334,6.74567068785253,6.08775095867769,6.0835023006135,6.50080605786618,6.50410272707706,213
"215",2019,4,6.36785714285714,70,6.80921052631579,5.84375,5.25,6.71428571428571,6.32936507936508,38,32,12,7,63,11574,7307,4267,1316,2219,9355,6.5026486556074,6.74600112631723,6.08592109444575,6.07590197568389,6.50147949526814,6.50292597969,214
"216",2019,5,6.2097619047619,84,6.50612244897959,5.79485714285714,5.8125,6.27777777777778,6.2016,49,35,8,9,75,11658,7356,4302,1324,2228,9430,6.50053830331103,6.74440323953236,6.08355307066481,6.07431042296072,6.50057585278276,6.50052943160127,215
"217",2019,6,6.5195,80,6.77849056603774,6.01111111111111,6.18571428571429,5.7,6.55142857142857,53,27,7,3,77,11738,7409,4329,1331,2231,9507,6.50066753620719,6.74464708192739,6.08310124971125,6.07489631855747,6.49949932765576,6.50094167876302,216
"218",2019,7,6.62150537634409,93,6.87692307692308,6.02857142857143,6.85,7.04,6.5710843373494,65,28,8,10,83,11831,7474,4357,1339,2241,9590,6.50161740681261,6.74579746186781,6.08275081707597,6.07952725914862,6.50191120035698,6.50154875286757,217
"219",2019,8,6.46356654320988,81,6.65831277777778,6.07407407407407,5.72222222222222,6.16666666666667,6.51520130434783,54,27,9,12,69,11912,7528,4384,1348,2253,9659,6.50135866605104,6.74516991498406,6.08269737910584,6.07714169139466,6.50012561029738,6.50164628118853,218
"220",2019,9,6.50513513513514,111,6.78888888888889,6.13270833333333,6.19055555555556,6.61666666666667,6.49161616161616,63,48,18,12,99,12023,7591,4432,1366,2265,9758,6.5013935315645,6.74553275194309,6.08323901398917,6.07863616398243,6.50074304635761,6.50154452039352,219
"221",2019,10,6.5359756097561,82,6.75,6.165,6.27777777777778,6.575,6.53055555555556,52,30,9,10,72,12105,7643,4462,1375,2275,9830,6.50162779264767,6.74556314536177,6.08378872926939,6.07993963636363,6.50106945054945,6.50175701220753,220
"222",2019,11,6.591,100,6.68823529411765,6.384375,6.58333333333333,7,6.51309523809524,68,32,6,16,84,12205,7711,4494,1381,2291,9914,6.50236005161819,6.74505759564259,6.08592908544726,6.08212671976828,6.50455390659101,6.50185307948356,221
"223",2019,12,6.61033482142857,112,6.9638768115942,6.04302325581395,6,7,6.56789603960396,69,43,9,11,101,12317,7780,4537,1390,2302,10015,6.50334187951612,6.74699828020566,6.08552243993829,6.08159496402877,6.50692137271937,6.50251911432851,222
"224",2020,1,6.57689873417721,158,6.84663461538462,6.05740740740741,5.6,6.39047619047619,6.60547445255474,104,54,15,21,137,12475,7884,4591,1405,2323,10152,6.50427350140281,6.74831261035008,6.0851917468961,6.07645338078292,6.50586870426173,6.50390848404255,223
"225",2020,2,6.61477064220183,109,6.81719512195122,6,6.375,7.37142857142857,6.5628431372549,82,27,8,7,102,12584,7966,4618,1413,2330,10254,6.50523060473617,6.74902166959578,6.08469365742746,6.07814366595895,6.50846909871245,6.50449472693583,224
"226",2020,3,6.64039215686275,102,6.84028571428571,6.203125,6.28571428571429,6.85,6.61760869565217,70,32,7,10,92,12686,8036,4650,1420,2340,10346,6.50631735219928,6.74981665256347,6.0855086688172,6.07916690140845,6.50992863247863,6.50550057316837,225
"227",2020,4,6.65279973684211,114,6.83037397435897,6.26805555555556,5.93846153846154,7.125,6.57570581632653,78,36,13,16,98,12800,8114,4686,1433,2356,10444,6.5076219609375,6.75059105126941,6.08691107767819,6.07789043963712,6.51410568760611,6.50615933550364,226
"228",2020,5,6.53318181818182,88,6.8075,6.053125,5.66666666666667,7.44,6.41692307692308,56,32,9,10,78,12888,8170,4718,1442,2366,10522,6.50779648510242,6.750981124847,6.08668192242476,6.07532385575589,6.5180190194421,6.50549782360768,227
"229",2020,6,6.56166666666667,78,6.80019607843137,6.11111111111111,6.16666666666667,6.15,6.60871428571429,51,27,9,8,70,12966,8221,4745,1451,2374,10592,6.50812055375598,6.7512864359567,6.08682092939937,6.07589042039972,6.51677885425442,6.506179956571,228
"230",2020,7,6.27628865979381,97,6.3943661971831,5.95384615384615,5.98333333333333,6.10714285714286,6.30481927710843,71,26,12,14,83,13063,8292,4771,1463,2388,10675,6.50639907371967,6.74823031717318,6.08609627122197,6.07513123718387,6.51437730318258,6.50461434192038,229
"231",2020,8,6.5183908045977,87,6.67166666666667,6.17777777777778,5.625,6.28888888888889,6.54487179487179,60,27,8,9,78,13150,8352,4798,1471,2397,10753,6.50647841064639,6.74768029094828,6.08661219466444,6.07268320870156,6.51353066332916,6.50490636101553,230
"232",2020,9,6.37415730337079,89,6.7140350877193,5.76875,6.45454545454545,6.2,6.40945945945946,57,32,11,15,74,13239,8409,4830,1482,2412,10827,6.50558887378201,6.74745222856464,6.08450627536232,6.07551754385965,6.51158084577115,6.50425400387919,231
"233",2020,10,6.52381336,125,6.82469302631579,6.05714285714286,6.07692307692308,6.21,6.55110147826087,76,49,13,10,115,13364,8485,4879,1495,2422,10942,6.50575933627657,6.74814407307013,6.08423146341463,6.07552976588629,6.51033567299752,6.50474636903674,232
"234",2020,11,6.54307692307692,117,6.68691358024691,6.21944444444444,6.67777777777778,6.78125,6.52559633027523,81,36,9,8,109,13481,8566,4915,1504,2430,11051,6.50608321118612,6.74756507821621,6.08522183316378,6.07913364361702,6.51122757201646,6.50495201972672,233
"235",2020,12,6.69590551181102,127,6.90666666666667,6.2375,5.70833333333333,6.78571428571429,6.68477876106195,87,40,12,14,113,13608,8653,4955,1516,2444,11164,6.50785477439742,6.74916473592974,6.08645112209889,6.07619854881266,6.51279991816694,6.50677219365819,234
"236",2021,1,6.54945235714286,140,6.76530612244898,6.04579357142857,5.66238071428571,6.27777777777778,6.56811702290076,98,42,14,9,131,13748,8751,4997,1530,2453,11295,6.50827837503637,6.74934549880014,6.08610939363618,6.07241198039216,6.51193762739503,6.50748367419212,235
"237",2021,2,6.47403846153846,104,6.71857142857143,5.97058823529412,5.77777777777778,6.60416666666667,6.4570652173913,70,34,9,12,92,13852,8821,5031,1539,2465,11387,6.50802130378285,6.74910128783585,6.08532869012125,6.07068897335932,6.51238661257607,6.50707632387811,236
"238",2021,3,6.51909803921569,102,6.66118181818182,6.25861111111111,6.60909090909091,7.24253333333333,6.39436781609195,66,36,11,15,87,13954,8887,5067,1550,2480,11474,6.50810227175004,6.74844834702375,6.08655982632721,6.07450989032258,6.51680282258065,6.50622172738365,237
"239",2021,4,6.36233766233766,77,6.33846153846154,6.412,6.2,7.75,6.28630136986301,52,25,5,4,73,14031,8939,5092,1555,2484,11547,6.50730233768085,6.74606336950442,6.08815762765122,6.07491339549839,6.518788647343,6.50483139343552,238
"240",2021,5,6.6936170212766,94,6.88769230769231,6.25862068965517,6.3125,6.27777777777778,6.73764705882353,65,29,8,9,85,14125,9004,5121,1563,2493,11632,6.50854223716814,6.74708579075966,6.08912295254833,6.07612944977607,6.51791857200161,6.50653267709766,239
"241",2021,6,6.43728813559322,59,6.62,6.05263157894737,6.07142857142857,6.22222222222222,6.476,40,19,7,9,50,14184,9044,5140,1570,2502,11682,6.50824584743373,6.74652371295887,6.08898806225681,6.07610849044586,6.51685491606715,6.50640199452149,240
"242",2021,7,6.56171875,64,6.81447368421053,6.19230769230769,5.3125,7.33333333333333,6.43545454545455,38,26,4,9,55,14248,9082,5166,1574,2511,11737,6.50848604014599,6.74680802246202,6.08950806039489,6.07416793519695,6.51978136200717,6.50606953224845,241
"243",2021,8,6.50054945054945,91,6.70384615384615,5.99230769230769,6.12857142857143,6.225,6.53456790123457,65,26,7,10,81,14339,9147,5192,1581,2521,11818,6.50843567194365,6.74650272876353,6.08902130970724,6.07440881087919,6.51861205870686,6.50626485869013,242
"244",2021,9,6.74047058823529,85,6.90060606060606,6.18421052631579,6,5.35714285714286,6.86461538461538,66,19,4,7,78,14424,9213,5211,1585,2528,11896,6.50980304353855,6.74760669271682,6.08936838226828,6.07422102839117,6.51539596518988,6.5086145006725,243
"245",2021,10,6.60548780487805,82,6.8811320754717,6.10172413793103,5.75454545454545,7.35714285714286,6.53533333333333,53,29,11,7,75,14506,9266,5240,1596,2535,11971,6.51034393354474,6.74837043600259,6.08943676335878,6.07201775062657,6.51772031558186,6.50878189791997,244
"246",2021,11,6.75055555555556,90,6.92741935483871,6.35892857142857,6.05,6.82,6.741875,62,28,5,10,80,14596,9328,5268,1601,2545,12051,6.51182509591669,6.74956051243568,6.09086914198937,6.07194898813242,6.51890805500983,6.51032927557879,245
"247",2021,12,6.58477941176471,136,6.81583333333333,6.21153846153846,5.47,6.87222222222222,6.54093220338983,84,52,10,18,118,14732,9412,5320,1611,2563,12169,6.51249858131958,6.75015198257544,6.09204861654135,6.06821249534451,6.5213893874366,6.51062602514586,246
"248",2022,1,6.48415384615385,208,6.76376056338028,5.88257575757576,5.52083333333333,6.67857142857143,6.46232085561497,142,66,12,21,187,14940,9554,5386,1623,2584,12356,6.51210395582329,6.75035424534227,6.08948173783884,6.06416532963647,6.52266679566564,6.50989495791518,247
"249",2022,2,6.30868932038835,103,6.59690476190476,5.85475,5.72727272727273,7.50055555555556,6.19457446808511,63,40,11,9,94,15043,9617,5426,1634,2593,12450,6.51071116798511,6.74934901320578,6.08775131588647,6.06189738678091,6.52606093328192,6.5075142248996,248
"250",2022,3,6.55808080808081,99,6.77364864864865,5.92,6,6.54545454545455,6.55965909090909,74,25,7,11,88,15142,9691,5451,1641,2604,12538,6.51102087570995,6.74953456402848,6.08698195560448,6.06163335161487,6.52614285714286,6.50788021215505,249
"251",2022,4,6.83623762376238,101,7.07868421052632,6.0992,5.55555555555556,7.12153846153846,6.79409090909091,76,25,9,13,88,15243,9767,5476,1650,2617,12626,6.51317575936496,6.75209577761851,6.08703773557341,6.05887292727273,6.52910049675201,6.50987502772058,250
"252",2022,5,6.44166666666667,78,6.5054347826087,6.35,6.25,7.575,6.275,46,32,4,10,68,15321,9813,5508,1654,2627,12694,6.51281170289146,6.75093951492918,6.08856547567175,6.05933514510278,6.53308184240579,6.50861683472507,251
"253",2022,6,6.4521875,96,6.74153846153846,5.84548387096774,5.45714285714286,6.85714285714286,6.42033707865169,65,31,7,7,89,15417,9878,5539,1661,2634,12783,6.51243420250373,6.75087765337113,6.08720502617801,6.05679730885009,6.5339430523918,6.50800219823203,252
"254",2022,7,6.2867250877193,57,6.277745,6.3,5.5,5.16666666666667,6.34895055555556,34,23,2,3,54,15474,9912,5562,1663,2637,12837,6.51160278079359,6.74925472054076,6.08808497662711,6.05612767889357,6.53238756162306,6.50733313313079,253
"255",2022,8,6.36611111111111,90,6.49761904761905,6.05925925925926,5.74285714285714,6.175,6.39,63,27,7,10,80,15564,9975,5589,1670,2647,12917,6.51076146427654,6.74766544260652,6.08794572195384,6.05481456886227,6.53103740083113,6.50660644344662,254
"256",2022,9,6.49737704918033,61,6.62780487804878,6.23,6.75,6.87266666666667,6.375,41,20,4,15,46,15625,10016,5609,1674,2662,12963,6.51070921152,6.74717479932109,6.08845224460688,6.05647570489845,6.53296243425996,6.50613942991592,255
"257",2022,10,6.31414634146341,82,6.5862962962963,5.78928571428571,5.5,6.8625,6.25486486486486,54,28,4,8,74,15707,10070,5637,1678,2670,13037,6.50968303495257,6.74631209433962,6.08696623026433,6.05514918355185,6.53394981273409,6.50471315716806,256
"258",2022,11,6.29659090909091,88,6.51186440677966,5.85862068965517,5,5.75,6.32261904761905,59,29,8,4,84,15795,10129,5666,1686,2674,13121,6.50849581703071,6.7449464695429,6.08579750088246,6.05014254448399,6.53277711293942,6.50354739958845,257
"259",2022,12,6.54122222222222,90,6.71431034482759,6.2275,5.77777777777778,6.5625,6.53914634146341,58,32,9,8,82,15885,10187,5698,1695,2682,13203,6.50868123575701,6.744772041818,6.0865933029133,6.04869635988201,6.53286577181208,6.5037684942816,258
