"","year","month","avg_rating","no_ratings","avg_rating_owned","avg_rating_not_owned","avg_rating_prev_owned","avg_rating_comment","avg_rating_no_comment","no_ratings_owned","no_ratings_not_owned","no_ratings_prev_owned","no_ratings_comment","no_ratings_no_comment","cum_no_ratings","cum_no_ratings_owned","cum_no_ratings_not_owned","cum_no_ratings_prev_owned","cum_no_ratings_comment","cum_no_ratings_no_comment","cum_avg_rating","cum_avg_rating_owned","cum_avg_rating_not_owned","cum_avg_rating_prev_owned","cum_avg_rating_comment","cum_avg_rating_no_comment","month_after_release"
"1",2002,10,7.4,5,7.5,7,NA,7,8,4,1,0,3,2,5,4,1,0,3,2,7.4,7.5,7,NA,7,8,0
"2",2002,11,8.5,6,8.8,7,NA,10,8.2,5,1,0,1,5,11,9,2,0,4,7,8,8.22222222222222,7,NA,7.75,8.14285714285714,1
"3",2002,12,7.375,12,7.25,8,NA,7.33333333333333,7.38888888888889,10,2,0,3,9,23,19,4,0,7,16,7.67391304347826,7.71052631578947,7.5,NA,7.57142857142857,7.71875,2
"4",2003,1,8.08333333333333,9,8.08333333333333,NA,NA,8.75,7.25,9,0,0,5,4,32,28,4,0,12,20,7.7890625,7.83035714285714,7.5,NA,8.0625,7.625,3
"5",2003,2,7.4,10,7.4,NA,NA,7,7.5,10,0,0,2,8,42,38,4,0,14,28,7.69642857142857,7.71710526315789,7.5,NA,7.91071428571429,7.58928571428571,4
"6",2003,3,8.125,12,8.27777777777778,7.66666666666667,NA,8.1,8.14285714285714,9,3,0,5,7,54,47,7,0,19,35,7.79166666666667,7.82446808510638,7.57142857142857,NA,7.96052631578947,7.7,5
"7",2003,4,7.91666666666667,12,7.88888888888889,8,NA,7.75,8,9,3,0,4,8,66,56,10,0,23,43,7.81439393939394,7.83482142857143,7.7,NA,7.92391304347826,7.75581395348837,6
"8",2003,5,8.04464285714286,28,8.42045454545454,6.66666666666667,6,8.3125,7.84375,22,6,1,12,16,94,78,16,1,35,59,7.88297872340426,8,7.3125,6,8.05714285714286,7.77966101694915,7
"9",2003,6,7.52631578947368,19,7.65625,6.83333333333333,NA,7.77777777777778,7.3,16,3,0,9,10,113,94,19,1,44,69,7.82300884955752,7.94148936170213,7.23684210526316,6,8,7.71014492753623,8
"10",2003,7,7.42115384615385,52,7.58529411764706,7.11111111111111,NA,7.4,7.43055555555556,34,18,0,16,36,165,128,37,1,60,105,7.69636363636364,7.846875,7.17567567567568,6,7.84,7.61428571428571,9
"11",2003,8,7.52173913043478,23,7.92857142857143,6.88888888888889,9,7.2,7.61111111111111,14,9,1,5,18,188,142,46,2,65,123,7.675,7.85492957746479,7.1195652173913,7.5,7.79076923076923,7.61382113821138,10
"12",2003,9,7.47222222222222,18,8.125,6.16666666666667,NA,7.8,7.34615384615385,12,6,0,5,13,206,154,52,2,70,136,7.65728155339806,7.87597402597403,7.00961538461539,7.5,7.79142857142857,7.58823529411765,11
"13",2003,10,7.78571428571429,14,8,5,NA,8.33333333333333,7.63636363636364,13,1,0,3,11,220,167,53,2,73,147,7.66545454545455,7.88562874251497,6.97169811320755,7.5,7.81369863013699,7.59183673469388,12
"14",2003,11,7.83333333333333,12,7.77272727272727,8.5,8.5,8,7,11,1,1,10,2,232,178,54,3,83,149,7.67413793103448,7.87865168539326,7,7.83333333333333,7.83614457831325,7.58389261744966,13
"15",2003,12,7.44,20,7.88461538461539,6.61428571428571,5,7.41666666666667,7.45,13,7,1,6,14,252,191,61,4,89,163,7.65555555555556,7.87905759162304,6.95573770491803,7.125,7.80786516853933,7.57239263803681,14
"16",2004,1,7.76666666666667,30,7.72,8,8,7.75,7.77272727272727,25,5,3,8,22,282,216,66,7,97,185,7.66737588652482,7.86064814814815,7.03484848484849,7.5,7.80309278350515,7.59621621621622,15
"17",2004,2,7.37423076923077,26,7.61736842105263,6.71428571428571,NA,6.646,7.54761904761905,19,7,0,5,21,308,235,73,7,102,206,7.64262987012987,7.84097872340426,7.0041095890411,7.5,7.74637254901961,7.59126213592233,16
"18",2004,3,7.46666666666667,30,7.71428571428571,6.88888888888889,7.83333333333333,8,7.33333333333333,21,9,3,6,24,338,256,82,10,108,230,7.62701183431953,7.8305859375,6.99146341463415,7.6,7.76046296296296,7.56434782608696,17
"19",2004,4,7.6,21,8.09411764705882,5.5,7,8.1,7.05,17,4,1,11,10,359,273,86,11,119,240,7.62543175487465,7.84699633699634,6.92209302325581,7.54545454545455,7.7918487394958,7.54291666666667,18
"20",2004,5,6.93478260869565,23,7.15625,6.42857142857143,NA,7.07692307692308,6.75,16,7,0,13,10,382,289,93,11,132,250,7.58384816753927,7.80875432525952,6.88494623655914,7.54545454545455,7.72143939393939,7.5112,19
"21",2004,6,7.41304347826087,23,7.5,7.1,7,7.75,7.29411764705882,18,5,1,6,17,405,307,98,12,138,267,7.57414814814815,7.79065146579805,6.89591836734694,7.5,7.72268115942029,7.49737827715356,20
"22",2004,7,7.9375,24,8.25,6.375,NA,7.75,8.07142857142857,20,4,0,10,14,429,327,102,12,148,281,7.59447552447552,7.81874617737003,6.87549019607843,7.5,7.72452702702703,7.52597864768683,21
"23",2004,8,7.51923076923077,26,7.58695652173913,7,NA,7.65,7.4375,23,3,0,10,16,455,350,105,12,158,297,7.59017582417582,7.80351428571429,6.87904761904762,7.5,7.71981012658228,7.52121212121212,22
"24",2004,9,7.33333333333333,36,7.40740740740741,7.11111111111111,NA,7.42307692307692,7.28260869565217,27,9,0,13,23,491,377,114,12,171,320,7.57134419551935,7.77514588859416,6.89736842105263,7.5,7.6972514619883,7.5040625,23
"25",2004,10,7.125,38,7.57758620689655,5.66666666666667,7,6.8375,7.44444444444444,29,9,1,20,18,529,406,123,13,191,338,7.53928166351607,7.76103448275862,6.80731707317073,7.46153846153846,7.60722513089005,7.5008875739645,24
"26",2004,11,7.28214285714286,28,7.47272727272727,6.58333333333333,5,7.81428571428571,6.75,22,6,1,14,14,557,428,129,14,205,352,7.52635547576302,7.74621495327103,6.7968992248062,7.28571428571429,7.62136585365854,7.47102272727273,25
"27",2004,12,7.51851851851852,27,7.57894736842105,7.375,7.5,7.35,7.61764705882353,19,8,4,10,17,584,447,137,18,215,369,7.52599315068493,7.73910514541387,6.83065693430657,7.33333333333333,7.60874418604651,7.47777777777778,26
"28",2005,1,7.55851063829787,47,7.77777777777778,6.84090909090909,7,7.8,7.4453125,36,11,2,15,32,631,483,148,20,230,401,7.52841521394612,7.74198757763975,6.83141891891892,7.3,7.62121739130435,7.47518703241895,27
"29",2005,2,7.365,40,7.43333333333333,6.75,6.5,7.50769230769231,7.2962962962963,36,4,2,13,27,671,519,152,22,243,428,7.51867362146051,7.72057803468208,6.82927631578947,7.22727272727273,7.61514403292181,7.46390186915888,28
"30",2005,3,7.38695652173913,46,7.57575757575758,6.90769230769231,7.5,7.39473684210526,7.38148148148148,33,13,2,19,27,717,552,165,24,262,455,7.51022315202232,7.71192028985507,6.83545454545455,7.25,7.59916030534351,7.45901098901099,29
"31",2005,4,7.6625,40,7.82758620689655,7.22727272727273,6,7.78125,7.58333333333333,29,11,1,16,24,757,581,176,25,278,479,7.51826948480845,7.71769363166953,6.85994318181818,7.2,7.60964028776978,7.46524008350731,30
"32",2005,5,7.40588235294118,34,7.53076923076923,7,8,7.575,7.16428571428571,26,8,2,20,14,791,607,184,27,298,493,7.5134386852086,7.70968698517298,6.86603260869565,7.25925925925926,7.60731543624161,7.45669371196755,31
"33",2005,6,7.61290322580645,31,7.83333333333333,6.85714285714286,6,7.76470588235294,7.42857142857143,24,7,1,17,14,822,631,191,28,315,507,7.5171897810219,7.71438985736925,6.86570680628272,7.21428571428571,7.61580952380952,7.45591715976331,32
"34",2005,7,7.21891891891892,37,7.70740740740741,5.9,7.66666666666667,7.255,7.17647058823529,27,10,3,20,17,859,658,201,31,335,524,7.50434225844005,7.71410334346505,6.81766169154229,7.25806451612903,7.59426865671642,7.44685114503817,33
"35",2005,8,7.43181818181818,44,7.64285714285714,6.61111111111111,5,7.63157894736842,7.28,35,9,1,19,25,903,693,210,32,354,549,7.50080841638981,7.71050505050505,6.80880952380952,7.1875,7.59627118644068,7.43925318761384,34
"36",2005,9,7.43511111111111,45,7.43382352941176,7.43909090909091,7.25,7.68238095238095,7.21875,34,11,4,21,24,948,727,221,36,375,573,7.49768987341772,7.69756533700138,6.84018099547511,7.19444444444444,7.60109333333333,7.43001745200698,35
"37",2005,10,7.3125,40,7.53571428571429,6.79166666666667,6.25,7.11111111111111,7.47727272727273,28,12,4,18,22,988,755,233,40,393,595,7.49019230769231,7.69156291390729,6.83768240343348,7.1,7.57865139949109,7.43176470588235,36
"38",2005,11,7.40625,48,7.8,6.34615384615385,5.66666666666667,7.56666666666667,7.33333333333333,35,13,3,15,33,1036,790,246,43,408,628,7.48630308880309,7.6963670886076,6.81170731707317,7,7.57821078431373,7.4265923566879,37
"39",2005,12,7.15384615384615,65,7.52083333333333,6.11764705882353,6.5,7.1,7.1875,48,17,3,25,40,1101,838,263,46,433,668,7.4666757493188,7.68631264916468,6.76684410646388,6.96739130434783,7.55060046189376,7.4122754491018,38
"40",2006,1,7.38066037735849,53,7.53806818181818,6.61111111111111,NA,7.37159090909091,7.38709677419355,44,9,0,22,31,1154,882,272,46,455,699,7.46272530329289,7.67891723356009,6.76169117647059,6.96739130434783,7.54194505494505,7.41115879828326,39
"41",2006,2,7.24864864864865,37,7.52857142857143,6.37777777777778,5,7.42777777777778,7.07894736842105,28,9,1,18,19,1191,910,281,47,473,718,7.45607472712007,7.67429120879121,6.74939501779359,6.92553191489362,7.53760042283298,7.40236768802229,40
"42",2006,3,7.31730769230769,52,7.54054054054054,6.76666666666667,7.83333333333333,7.49333333333333,7.24594594594595,37,15,3,15,37,1243,947,296,50,488,755,7.45026950925181,7.66906546990496,6.75027027027027,6.98,7.53623975409836,7.39470198675497,41
"43",2006,4,7.27241379310345,29,7.52173913043478,6.31666666666667,6.83333333333333,7.02777777777778,7.67272727272727,23,6,3,18,11,1272,970,302,53,506,766,7.44621462264151,7.66557216494845,6.74165562913907,6.97169811320755,7.51815217391304,7.39869451697128,42
"44",2006,5,7.70689655172414,29,7.72916666666667,7.6,8,7.69230769230769,7.71875,24,5,1,13,16,1301,994,307,54,519,782,7.45202536510377,7.66710764587525,6.75563517915309,6.99074074074074,7.52251445086705,7.40524296675192,43
"45",2006,6,7.29411764705882,34,7.34782608695652,7.18181818181818,NA,7.41666666666667,7.22727272727273,23,11,0,12,22,1335,1017,318,54,531,804,7.44800374531835,7.65988692232055,6.77037735849057,6.99074074074074,7.52012241054614,7.40037313432836,44
"46",2006,7,7.16,55,7.20731707317073,7.02142857142857,7.5,7.19047619047619,7.14117647058824,41,14,5,21,34,1390,1058,332,59,552,838,7.43660791366907,7.64234877126654,6.78096385542169,7.03389830508475,7.50758152173913,7.38985680190931,45
"47",2006,8,7.3175,40,7.40967741935484,7,NA,7.4,7.268,31,9,0,15,25,1430,1089,341,59,567,863,7.43327622377622,7.63572543617998,6.78674486803519,7.03389830508475,7.50473544973545,7.38632676709154,46
"48",2006,9,7.23962264150943,53,7.62702702702703,6.34375,6.75,7.13333333333333,7.32758620689655,37,16,4,24,29,1483,1126,357,63,591,892,7.42635536075523,7.63543960923624,6.76689075630252,7.01587301587302,7.48965313028765,7.38441704035874,47
"49",2006,10,7.12775862068966,58,7.26078947368421,6.875,7,6.99571428571429,7.2027027027027,38,20,7,21,37,1541,1164,377,70,612,929,7.41511680726801,7.6232087628866,6.77262599469496,7.01428571428571,7.47270424836601,7.37717976318622,48
"50",2006,11,7.11224489795918,49,7.28235294117647,6.72666666666667,6.8,6.825,7.20540540540541,34,15,5,12,37,1590,1198,392,75,624,966,7.40578301886793,7.61353505843072,6.77086734693878,7,7.4602483974359,7.37060041407868,49
"51",2006,12,7.16492537313433,67,7.37857142857143,6.58333333333333,7,7.28409090909091,7.10666666666667,49,18,1,22,45,1657,1247,410,76,646,1011,7.39604405552203,7.6043023255814,6.76263414634146,7,7.45424922600619,7.35885262116716,50
"52",2007,1,7.16111111111111,72,7.23269230769231,6.975,7,7.12857142857143,7.18181818181818,52,20,3,28,44,1729,1299,430,79,674,1055,7.38626084441874,7.58942648190916,6.77251162790698,7,7.44071958456973,7.3514691943128,51
"53",2007,2,7.43053892307692,65,7.56666666666667,6.76227545454545,NA,7.54166666666667,7.36548853658537,54,11,0,24,41,1794,1353,441,79,698,1096,7.38786512263099,7.58851810790835,6.77225630385488,7,7.44419054441261,7.35199364051095,52
"54",2007,3,7.35791666666667,48,7.49935483870968,7.1,7.875,7.16842105263158,7.48206896551724,31,17,4,19,29,1842,1384,458,83,717,1125,7.38708470684039,7.58652095375723,6.7844214628821,7.04216867469879,7.43688284518828,7.35534669333333,53
"55",2007,4,7.27674418604651,43,7.471875,6.70909090909091,7.5,7.21818181818182,7.296875,32,11,2,11,32,1885,1416,469,85,728,1157,7.38456765517241,7.58393008474576,6.78265464818763,7.05294117647059,7.43357829670329,7.35372949870354,54
"56",2007,5,7.3265306122449,49,7.43243243243243,7,7.375,7.44642857142857,7.27857142857143,37,12,4,14,35,1934,1453,481,89,742,1192,7.38309722337125,7.5800722642808,6.78807698544699,7.06741573033708,7.43382075471698,7.3515226761745,55
"57",2007,6,7.54285714285714,56,7.61842105263158,7.38333333333333,7.5,7.775,7.41388888888889,38,18,2,20,36,1990,1491,499,91,762,1228,7.3875929798995,7.58104963112005,6.80954915831663,7.07692307692308,7.44277559055118,7.35335100162866,56
"58",2007,7,7.1695652173913,46,7.453125,6.52142857142857,7,7.25294117647059,7.12068965517241,32,14,1,17,29,2036,1523,513,92,779,1257,7.38266700884086,7.57836178594879,6.80168621832359,7.07608695652174,7.43863286264441,7.34798331742243,57
"59",2007,8,7.22363636363636,55,7.41578947368421,6.79411764705882,6.66666666666667,7.15789473684211,7.25833333333333,38,17,3,19,36,2091,1561,530,95,798,1293,7.37848399330464,7.57440422805894,6.80144345283019,7.06315789473684,7.43194862155388,7.34548726218097,58
"60",2007,9,7.05882352941176,51,7.22857142857143,6.6875,8,7,7.09375,35,16,2,19,32,2142,1596,546,97,817,1325,7.37087302987862,7.5668201754386,6.79810445054945,7.08247422680412,7.42190330477356,7.33940756981132,59
"61",2007,10,7.05932203389831,59,7.44186046511628,6.03125,5,7,7.0875,43,16,3,19,40,2201,1639,562,100,836,1365,7.36252159472967,7.56354179377669,6.77627229537367,7.02,7.41231459330143,7.33202566300366,60
"62",2007,11,7.104375,80,7.23723404255319,6.91515151515152,6.91666666666667,6.74782608695652,7.24824561403509,47,33,6,23,57,2281,1686,595,106,859,1422,7.35346779044279,7.55444543297746,6.78397484033613,7.01415094339623,7.3945227008149,7.32866739099859,61
"63",2007,12,7.11549295774648,71,7.46136363636364,6.55185185185185,6.83333333333333,7.08148148148148,7.13636363636364,44,27,6,27,44,2352,1730,622,112,886,1466,7.34628402636054,7.55207803468208,6.77389876205788,7.00446428571429,7.38498306997742,7.32289565484311,62
"64",2008,1,7.243875,80,7.60732142857143,6.39583333333333,5.75,6.86451612903226,7.48387755102041,56,24,2,31,49,2432,1786,646,114,917,1515,7.34291530838816,7.55381019036954,6.7598529876161,6.98245614035088,7.36738822246456,7.328102330033,63
"65",2008,2,7.59528301886792,53,7.82317073170732,6.81666666666667,7.43333333333333,7.51875,7.62837837837838,41,12,3,16,37,2485,1827,658,117,933,1552,7.34829779879276,7.55985495347564,6.76088910334347,6.99401709401709,7.36998392282958,7.33526097293814,64
"66",2008,3,6.84605263157895,76,7.40652173913043,5.98666666666667,6.61111111111111,7.35217391304348,6.62641509433962,46,30,9,23,53,2561,1873,688,126,956,1605,7.33339321749316,7.55608916177256,6.72712940406977,6.96666666666667,7.36955543933054,7.31185360124611,65
"67",2008,4,7.19353448275862,58,7.565,6.36805555555556,7,7.14615384615385,7.23203125,40,18,3,26,32,2619,1913,706,129,982,1637,7.33029592592592,7.55627548353372,6.71797454674221,6.96744186046512,7.36364052953157,7.31029323762981,66
"68",2008,5,7.35714285714286,42,7.43103448275862,7.19230769230769,6.875,7.35714285714286,7.35714285714286,29,13,4,14,28,2661,1942,719,133,996,1665,7.33071966553927,7.5544052523172,6.72655080667594,6.96466165413534,7.36354919678715,7.3110810990991,67
"69",2008,6,7.02142857142857,42,7.278125,6.2,6,7.14705882352941,6.936,32,10,1,17,25,2703,1974,729,134,1013,1690,7.32591381058083,7.54992654508612,6.71932788751715,6.95746268656716,7.35991609081935,7.30553256213018,68
"70",2008,7,7.38771929824561,57,7.53076923076923,7.07777777777778,7.03846153846154,7.47727272727273,7.33142857142857,39,18,13,22,35,2760,2013,747,147,1035,1725,7.32719022826087,7.54955538996523,6.72796523427041,6.96462585034014,7.36241062801932,7.3060579884058,69
"71",2008,8,6.81724137931035,58,7.11951219512195,6.08823529411765,5.6,6.5625,6.91428571428571,41,17,10,16,42,2818,2054,764,157,1051,1767,7.31669447480482,7.54097127555988,6.71373040575916,6.87770700636943,7.35023311132255,7.29674591397849,70
"72",2008,9,7.3078431372549,51,7.61724137931034,6.9,6.625,7.53529411764706,7.19411764705882,29,22,4,17,34,2869,2083,786,161,1068,1801,7.31653713140467,7.54203312530005,6.71894405852417,6.87142857142857,7.35317883895131,7.2948084564131,71
"73",2008,10,6.76136363636364,66,7.26704545454545,5.75,5.96428571428571,6.04761904761905,7.09444444444444,44,22,14,21,45,2935,2127,808,175,1089,1846,7.30405282112436,7.53634461683122,6.69256191831683,6.79885714285714,7.32800275482094,7.28992417659805,72
"74",2008,11,7.03088235294118,68,7.33170731707317,6.57407407407407,6.41666666666667,6.74,7.11320754716981,41,27,12,15,53,3003,2168,835,187,1104,1899,7.29786714285714,7.53247463099631,6.6887305748503,6.77433155080214,7.32001358695652,7.28499211690363,73
"75",2008,12,7.07054794520548,73,7.42619047619048,6.58870967741935,6.58928571428571,7.08833333333333,7.05813953488372,42,31,14,30,43,3076,2210,866,201,1134,1942,7.29247237646294,7.53045475113122,6.68515015011547,6.76144278606965,7.31388447971781,7.27996911946447,74
"76",2009,1,7.16075268817204,93,7.37181818181818,6.85526315789474,6.79444444444444,7.16315789473684,7.15909090909091,55,38,18,38,55,3169,2265,904,219,1172,1997,7.288606825497,7.52660264900662,6.69230091814159,6.76415525114155,7.30899744027304,7.27663997496244,75
"77",2009,2,6.92198275862069,116,7.2698275862069,6.57413793103448,6.14285714285714,6.6225,6.984375,58,58,14,20,96,3285,2323,962,233,1192,2093,7.27566058751902,7.52019156263453,6.68517674636175,6.72682403433476,7.29747902684564,7.26323460582895,76
"78",2009,3,6.91,95,7.30673076923077,6.43023255813953,7,7.5625,6.77784810126582,52,43,12,16,79,3380,2375,1005,245,1208,2172,7.26538314497041,7.51551789473684,6.67426868656716,6.74020408163265,7.3009892384106,7.24558012430939,77
"79",2009,4,7.03842105263158,95,7.5,6.67264150943396,6.25,7.396,6.91071428571429,42,53,12,25,70,3475,2417,1058,257,1233,2242,7.25917842589928,7.51524824162185,6.67418717391304,6.71731517509728,7.30291565287916,7.23512490187333,78
"80",2009,5,7.1325,80,7.4,6.89047619047619,6.7,7.36842105263158,7.05901639344262,38,42,10,19,61,3555,2455,1100,267,1252,2303,7.25632771589311,7.51346435845214,6.68244548181818,6.71666666666667,7.30390974440895,7.23046028224056,79
"81",2009,6,7.08881578947368,76,7.38452380952381,6.72352941176471,6.87142857142857,7.15217391304348,7.06132075471698,42,34,7,23,53,3631,2497,1134,274,1275,2356,7.25282154502892,7.5112955546656,6.68367727513228,6.7206204379562,7.30117254901961,7.22665536078098,80
"82",2009,7,6.80466666666667,75,7.32763157894737,6.26756756756757,6.15833333333333,7.05,6.71545454545455,38,37,12,20,55,3706,2535,1171,286,1295,2411,7.24375203184026,7.50854240631164,6.67052948761742,6.69702797202797,7.29729343629344,7.21499379095811,81
"83",2009,8,7.01125,72,7.4669696969697,6.62564102564103,6.77777777777778,7.024375,7.0075,33,39,9,16,56,3778,2568,1210,295,1311,2467,7.23932107728957,7.5080081775701,6.66908266942149,6.69949152542373,7.29396262395118,7.21028375760032,82
"84",2009,9,6.94573170731707,82,7.26632653061225,6.46969696969697,6.42307692307692,7.23333333333333,6.88134328358209,49,33,13,15,67,3860,2617,1243,308,1326,2534,7.23308420466321,7.50348299579672,6.66378924376508,6.68782467532467,7.29327677224736,7.20158643646409,83
"85",2009,10,6.97880434782609,92,7.36808510638298,6.57222222222222,6.84210526315789,7.208,6.89328358208955,47,45,19,25,67,3952,2664,1288,327,1351,2601,7.22716473431174,7.50109421921922,6.66059008540373,6.69678899082569,7.29169874167284,7.19364476355248,84
"86",2009,11,6.95637254901961,102,7.22818181818182,6.63829787234043,6.475,6.67708333333333,7.04230769230769,55,47,20,24,78,4054,2719,1335,347,1375,2679,7.22035151208683,7.49557374034572,6.6598052659176,6.68400576368876,7.28097090909091,7.18923853303471,85
"87",2009,12,6.93904761904762,105,7.3,6.4936170212766,6.52352941176471,7.22352941176471,6.88409090909091,58,47,17,17,88,4159,2777,1382,364,1392,2767,7.21324958643905,7.49148901692474,6.65415342257598,6.67651098901099,7.28026939655172,7.17953380195157,86
"88",2010,1,7.04277777777778,108,7.23234375,6.76704545454545,7.5,7.37037037037037,6.93358024691358,64,44,10,27,81,4267,2841,1426,374,1419,2848,7.20893485587063,7.48565117916227,6.65763676718093,6.6985294117647,7.2819837914024,7.17253863412921,87
"89",2010,2,7.09857142857143,70,7.64285714285714,6.55428571428571,6.3125,7.49166666666667,7.01724137931035,35,35,8,12,58,4337,2876,1461,382,1431,2906,7.20715356928752,7.48756432545202,6.65516086926762,6.69044502617801,7.28374213836478,7.16943910185822,88
"90",2010,3,6.78421052631579,57,7.33870967741935,6.12307692307692,6.2,6.75,6.7953488372093,31,26,5,14,43,4394,2907,1487,387,1445,2949,7.20166705279927,7.48597695218438,6.64585745124412,6.68410852713178,7.27857093425605,7.16398441166497,89
"91",2010,4,7.02017543859649,57,7.6030303030303,6.21875,6.14285714285714,7.25,6.93809523809524,33,24,7,15,42,4451,2940,1511,394,1460,2991,7.19934285104471,7.48729081632653,6.63907348113832,6.6744923857868,7.27827739726027,7.16081244734202,90
"92",2010,5,7.10769230769231,52,7.26785714285714,6.92083333333333,7.01111111111111,7.19230769230769,7.07948717948718,28,24,9,13,39,4503,2968,1535,403,1473,3030,7.19828448367755,7.48522068733154,6.64347884690554,6.68200992555831,7.27751866938221,7.15976568646864,91
"93",2010,6,7.15897435897436,39,7.45833333333333,6.68,7.1,7.8,6.93793103448276,24,15,2,10,29,4542,2992,1550,405,1483,3059,7.19794694627917,7.48500501336899,6.64383227741936,6.68407407407407,7.28104180714767,7.15766264465511,92
"94",2010,7,7.3,57,7.62903225806452,6.90769230769231,6.5,6.88888888888889,7.37708333333333,31,26,3,9,48,4599,3023,1576,408,1492,3107,7.19921179169385,7.48648197155144,6.64818529822335,6.68272058823529,7.27867627345845,7.16105247183778,93
"95",2010,8,6.85161290322581,62,6.99428571428571,6.66666666666667,6.71428571428571,7.04705882352941,6.77777777777778,35,27,7,17,45,4661,3058,1603,415,1509,3152,7.19458807766574,7.48084859385219,6.64849658764816,6.68325301204819,7.27606693174288,7.15558059327411,94
"96",2010,9,7.10283018867925,53,7.38235294117647,6.60263157894737,6.90833333333333,7,7.12111111111111,34,19,6,8,45,4714,3092,1622,421,1517,3197,7.1935564340263,7.47976552393273,6.64795932799014,6.68646080760095,7.27461107448912,7.15509541132311,95
"97",2010,10,6.94076923076923,65,7.26470588235294,6.58548387096774,6.65625,7.25833333333333,6.8688679245283,34,31,8,12,53,4779,3126,1653,429,1529,3250,7.19011823184767,7.47742642354447,6.646787676951,6.68589743589743,7.27448332243296,7.15042770153846,96
"98",2010,11,6.94977011494253,87,7.25375,6.57564102564103,6.85714285714286,6.74038461538461,7.03901639344262,48,39,14,26,61,4866,3174,1692,443,1555,3311,7.18582100904233,7.47404379332073,6.64514777186761,6.691309255079,7.26555305466238,7.14837512231954,97
"99",2010,12,7.15365853658537,82,7.71739130434783,6.43333333333333,6.54615384615385,7.24117647058824,7.13076923076923,46,36,13,17,65,4948,3220,1728,456,1572,3376,7.18528800121261,7.47752018633541,6.64073497106482,6.68717105263158,7.26528944020356,7.14803614632701,98
"100",2011,1,6.94318181818182,88,7.144,6.67894736842105,6.61111111111111,7.1,6.92077922077922,50,38,9,11,77,5036,3270,1766,465,1583,3453,7.18105739277204,7.47242048929664,6.64155720838052,6.68569892473118,7.26414087176248,7.14296844193455,99
"101",2011,2,7.08114754098361,61,7.38421052631579,6.5804347826087,5.7,7.25666666666667,7.02391304347826,38,23,5,15,46,5097,3308,1789,470,1598,3499,7.17986168922896,7.47140719467957,6.64077139742873,6.67521276595744,7.26407071339174,7.14140326664761,100
"102",2011,3,7.28030303030303,66,7.43863636363636,6.96363636363636,6.59090909090909,7.2,7.30392156862745,44,22,11,15,51,5163,3352,1811,481,1613,3550,7.18114565756343,7.47097702863962,6.64469355604639,6.67328482328482,7.26347489150651,7.14373803661972,101
"103",2011,4,7.37027027027027,37,7.84782608695652,6.58571428571429,6.55,7.52857142857143,7.33333333333333,23,14,4,7,30,5200,3375,1825,485,1620,3580,7.18249135192308,7.47354518518519,6.64424111232877,6.67226804123711,7.26462037037037,7.14532682402234,102
"104",2011,5,7.09636363636364,55,7.3,6.83333333333333,7.475,7.05,7.11538461538461,31,24,8,16,39,5255,3406,1849,493,1636,3619,7.18158992007612,7.47196564885496,6.64669552731206,6.68529411764706,7.26252139364303,7.14500415308096,103
"105",2011,6,7.278,45,7.53060606060606,6.58333333333333,6.33333333333333,7.414,7.21,33,12,3,15,30,5300,3439,1861,496,1651,3649,7.18240849622641,7.4725283512649,6.6462869586244,6.68316532258064,7.26389763779528,7.14553851192107,104
"106",2011,7,7.18829787234043,47,7.64565217391304,6.75,6.77777777777778,6.75,7.27820512820513,23,24,9,8,39,5347,3462,1885,505,1659,3688,7.18246026369927,7.47367850953206,6.64760744297082,6.68485148514851,7.26141952983725,7.14694143980477,105
"107",2011,8,7.18235294117647,51,7.53103448275862,6.72272727272727,5.66666666666667,7.28571428571429,7.14324324324324,29,22,6,14,37,5398,3491,1907,511,1673,3725,7.18245924972212,7.47415496992266,6.64847405873099,6.67289628180039,7.26162283323371,7.14690470604027,106
"108",2011,9,6.86666666666667,51,7.18571428571429,6.47826086956522,6.8,7.215,6.78170731707317,28,23,10,10,41,5449,3519,1930,521,1683,3766,7.17950358414388,7.47185990338164,6.64644561139897,6.67533589251439,7.26134581105169,7.1429288449283,107
"109",2011,10,7.07619047619048,42,7.268,6.79411764705882,6.22222222222222,7,7.08888888888889,25,17,9,6,36,5491,3544,1947,530,1689,3802,7.17871335458022,7.47042183972912,6.64773499229584,6.66764150943396,7.26041740674956,7.1424171567596,108
"110",2011,11,7.04083333333333,60,7.45921052631579,6.31818181818182,6.75,7.31428571428571,6.95760869565217,38,22,4,14,46,5551,3582,1969,534,1703,3848,7.17722302828319,7.47030290340592,6.64405283392585,6.66825842696629,7.26086024662361,7.14020790800415,109
"111",2011,12,7.11551724137931,58,7.31470588235294,6.83333333333333,6.25,7.16666666666667,7.09767441860465,34,24,4,15,43,5609,3616,1993,538,1718,3891,7.17658495810305,7.46883987831858,6.64633217762168,6.66514869888476,7.2600378346915,7.13973786430223,110
"112",2012,1,7.05349397590361,83,7.50652173913043,6.49027027027027,6.93181818181818,6.88235294117647,7.09757575757576,46,37,11,17,66,5692,3662,2030,549,1735,3957,7.17479006148981,7.46931321682141,6.64348769950739,6.67049180327869,7.25633717579251,7.13903462977003,111
"113",2012,2,7.20535714285714,56,7.55,6.90666666666667,6.7,7.03846153846154,7.25581395348837,26,30,11,13,43,5748,3688,2060,560,1748,4000,7.17508786186499,7.46988204989154,6.64732040291262,6.67107142857143,7.25471681922197,7.1402900075,112
"114",2012,3,7.34523809523809,63,7.67222222222222,6.90925925925926,7,7.64166666666667,7.27549019607843,36,27,6,12,51,5811,3724,2087,566,1760,4051,7.17693254689382,7.4718380773362,6.65070916626737,6.67455830388692,7.25735511363636,7.14199210812145,113
"115",2012,4,6.80163934426229,61,7.12758620689655,6.50625,6.9375,6.94117647058824,6.74772727272727,29,32,8,17,44,5872,3753,2119,574,1777,4095,7.17303389475477,7.46917799094058,6.64852762151959,6.67822299651568,7.25433033202026,7.1377558070818,114
"116",2012,5,7.00961538461539,52,7.46521739130435,6.64827586206897,6.9,6.74666666666667,7.11621621621622,23,29,10,15,37,5924,3776,2148,584,1792,4132,7.17159943112761,7.46915386652543,6.64852422253259,6.6820205479452,7.25008091517857,7.13756293078412,115
"117",2012,6,7.08260869565217,46,7.18965517241379,6.9,7,7,7.10555555555556,29,17,6,10,36,5970,3805,2165,590,1802,4168,7.17091374036851,7.46702365308804,6.6504988591224,6.68525423728813,7.24869311875694,7.13728647552783,116
"118",2012,7,7.0726,50,7.2015625,6.84333333333333,7.58333333333333,7.28636363636364,7.01230769230769,32,18,6,11,39,6020,3837,2183,596,1813,4207,7.17009718106312,7.46480974719833,6.6520888822721,6.69429530201342,7.24892167677882,7.13612788923223,117
"119",2012,8,7.495,40,7.90434782608696,6.94117647058824,7.875,7.5,7.49428571428571,23,17,4,5,35,6060,3860,2200,600,1818,4242,7.17224175412541,7.46742875647669,6.65432274090909,6.70216666666666,7.24961221122112,7.13908298679868,118
"120",2012,9,6.9962962962963,54,7.21935483870968,6.69565217391304,6.83333333333333,7.04,6.98636363636364,31,23,6,10,44,6114,3891,2223,606,1828,4286,7.17068777069022,7.46545232588024,6.65475035087719,6.70346534653465,7.24846553610503,7.13751517265515,119
"121",2012,10,6.85344827586207,58,7.11764705882353,6.47916666666667,6.78571428571429,6.29545454545455,6.98404255319149,34,24,7,11,47,6172,3925,2247,613,1839,4333,7.16770658295528,7.46243949044586,6.65287495772141,6.70440456769984,7.24276508972267,7.13585045695822,120
"122",2012,11,7.23846153846154,52,7.31621621621622,7.04666666666667,6.8125,7.27142857142857,7.22631578947368,37,15,8,14,38,6224,3962,2262,621,1853,4371,7.16829772332905,7.46107395254922,6.65548630857648,6.70579710144927,7.24298165137615,7.13663693205216,121
"123",2012,12,7.06491228070175,57,7.30789473684211,6.57894736842105,6.45,7.53571428571429,6.91162790697674,38,19,10,14,43,6281,4000,2281,631,1867,4414,7.16735950167171,7.45961875,6.65484876370013,6.70174326465927,7.24517675415104,7.13444495468962,122
"124",2013,1,7.09,75,7.19270833333333,6.90740740740741,7.1,7.93,6.91387096774194,48,27,10,13,62,6356,4048,2308,641,1880,4476,7.16644666928886,7.45645380434783,6.65780330589255,6.70795631825273,7.24991223404255,7.13138964030384,123
"125",2013,2,6.96216666666667,60,7.15151515151515,6.73074074074074,6.4375,6.775,7.00895833333333,33,27,8,12,48,6416,4081,2335,649,1892,4524,7.16453632013716,7.45398799313894,6.65864669379015,6.70462249614792,7.24690010570824,7.13009063439434,124
"126",2013,3,6.98808771929825,57,7.5625,6.25284,7.0035,7.23508333333333,6.92222222222222,32,25,6,12,45,6473,4113,2360,655,1904,4569,7.16298254750502,7.45483223924143,6.6543478940678,6.70736030534351,7.2468256302521,7.12804334208798,125
"127",2013,4,7.51395348837209,43,7.76206896551724,7,6.33333333333333,8.11428571428571,7.39722222222222,29,14,3,7,36,6516,4142,2374,658,1911,4605,7.16529865408226,7.45698334138098,6.65638628053918,6.70565501519757,7.25000313971742,7.13014767209555,126
"128",2013,5,7.13947368421053,38,7.08571428571429,7.20588235294118,6.4,6.88333333333333,7.1875,21,17,5,6,32,6554,4163,2391,663,1917,4637,7.16514892126945,7.45511049723757,6.66029319531577,6.70334992458522,7.24885550339071,7.13054346128962,127
"129",2013,6,7.22045454545455,44,7.58148148148148,6.64705882352941,6.625,7.39166666666667,7.15625,27,17,4,12,32,6598,4190,2408,667,1929,4669,7.16551773719309,7.45592482100239,6.66019976328904,6.70288005997001,7.24974390876101,7.13071964660527,128
"130",2013,7,7.18435897435897,39,7.48148148148148,6.51583333333333,6.74833333333333,7.9375,6.99,27,12,6,8,31,6637,4217,2420,673,1937,4700,7.16562845110743,7.45608845150581,6.65948389669422,6.7032852897474,7.25258440887971,7.12979149574468,129
"131",2013,8,6.89705882352941,51,7.44230769230769,6.33,6.4375,6.5,7.00625,26,25,8,11,40,6688,4243,2445,681,1948,4740,7.16358044706938,7.45600400659911,6.6561149406953,6.70016299559471,7.24833470225873,7.12874895147679,130
"132",2013,9,6.63095238095238,42,6.90909090909091,5.61111111111111,5.33333333333333,6.45454545454545,6.69354838709677,33,9,3,11,31,6730,4276,2454,684,1959,4771,7.16025646805349,7.45178320860617,6.65228240831296,6.69416812865497,7.24387748851455,7.12592119681408,131
"133",2013,10,6.99204545454545,44,7.57916666666667,6.2875,5.42857142857143,6.78846153846154,7.07741935483871,24,20,7,13,31,6774,4300,2474,691,1972,4802,7.15916386625332,7.45249418604651,6.64933348019402,6.68134732272069,7.24087525354969,7.12560808621408,132
"134",2013,11,6.99591836734694,49,7.5375,6.476,6.33333333333333,7.2,6.95609756097561,24,25,12,8,41,6823,4324,2499,703,1980,4843,7.15799150373736,7.45296600370028,6.64759945178072,6.67540682788051,7.2407101010101,7.12417303943836,133
"135",2013,12,7.03189655172414,58,7.18513513513513,6.76190476190476,7.175,7.346875,6.91190476190476,37,21,4,16,42,6881,4361,2520,707,1996,4885,7.15692864845226,7.45069364824582,6.64855199603175,6.6782333804809,7.24156112224449,7.12234801023541,134
"136",2014,1,6.97432432432432,74,7.41904761904762,6.390625,6.4,6.55555555555556,7.03230769230769,42,32,10,9,65,6955,4403,2552,717,2005,4950,7.15498576994968,7.45039177833296,6.64531780172414,6.67435285913528,7.23848179551122,7.12116566262626,135
"137",2014,2,7.14074074074074,54,7.321875,6.87727272727273,6.9,7.80769230769231,6.92926829268293,32,22,5,13,41,7009,4435,2574,722,2018,4991,7.15487602083036,7.44946448703495,6.64730032245533,6.67591551246537,7.24214866204162,7.11958926668002,136
"138",2014,3,7.66176470588235,34,7.84375,7.5,6.83333333333333,7.33333333333333,7.73214285714286,16,18,6,6,28,7043,4451,2592,728,2024,5019,7.15732302001988,7.45088182430915,6.65322184799383,6.67721291208791,7.24241897233201,7.12300658099223,137
"139",2014,4,7.1297619047619,42,7.39473684210526,6.91086956521739,6.305,6.8125,7.20441176470588,19,23,10,8,34,7085,4470,2615,738,2032,5053,7.15715963726182,7.45064317673378,6.65548796558318,6.67216937669377,7.24072637795275,7.12355433010093,138
"140",2014,5,7.0875,28,7.19230769230769,6.99666666666667,7.125,7.83333333333333,6.88409090909091,13,15,4,6,22,7113,4483,2630,742,2038,5075,7.15688542527766,7.44989404416685,6.65743385171103,6.67461051212938,7.24247105004907,7.12251626206896,139
"141",2014,6,7.1796875,32,7.26470588235294,7.08333333333333,6.75,7.60714285714286,7.06,17,15,3,7,25,7145,4500,2645,745,2045,5100,7.15698754793562,7.44919444444445,6.65984916068053,6.67491409395973,7.24371931540342,7.12220980980392,140
"142",2014,7,6.79772727272727,44,7.24,6.42916666666667,6.1875,7.35,6.675,20,24,8,8,36,7189,4520,2669,753,2053,5136,7.15478870913896,7.44826880530974,6.65777483327089,6.66973572377158,7.24413346322455,7.11907516160436,141
"143",2014,8,6.96744186046512,43,7.25555555555556,6.76,7.21428571428571,7.33333333333333,6.94,18,25,7,3,40,7232,4538,2694,760,2056,5176,7.15367478290929,7.44750440722786,6.65872347067558,6.67475131578947,7.24426361867704,7.11769127318392,142
"144",2014,9,7.05857142857143,35,7.27291666666667,6.59090909090909,7.66666666666667,7.375,6.99310344827586,24,11,3,6,29,7267,4562,2705,763,2062,5205,7.15321673730563,7.4465859272249,6.65844770055453,6.67865137614679,7.24464403491755,7.11699712391931,143
"145",2014,10,7.18604651162791,43,7.50740740740741,6.64375,6.54285714285714,7.1,7.20571428571429,27,16,7,8,35,7310,4589,2721,770,2070,5240,7.15340985362517,7.446943778601,6.65836127526645,6.67741688311688,7.24408502415459,7.11758970038168,144
"146",2014,11,7.13809523809524,63,7.35277777777778,6.85185185185185,6.125,6.90555555555556,7.23111111111111,36,27,8,18,45,7373,4625,2748,778,2088,5285,7.15327899498169,7.44621081081081,6.66026238355168,6.67173650385604,7.24116666666666,7.11855629706717,145
"147",2014,12,7.02378048780488,41,7.32053571428571,6.38461538461539,6.125,6.946875,7.04242424242424,28,13,4,8,33,7414,4653,2761,782,2096,5318,7.15256285810628,7.44545454545455,6.65896451647954,6.66893989769821,7.24004341603053,7.1180838717563,146
"148",2015,1,6.975,66,7.36621621621622,6.47586206896552,6,7.2875,6.93189655172414,37,29,7,8,58,7480,4690,2790,789,2104,5376,7.15099612700535,7.44482942430704,6.65706130107527,6.66300506970849,7.24022385931559,7.11607515438988,147
"149",2015,2,7.00652173913043,46,7.5,6.41904761904762,5.875,6.75,7.045,25,21,8,6,40,7526,4715,2811,797,2110,5416,7.15011307866064,7.44512195121951,6.65528318392032,6.65509535759097,7.2388298578199,7.11555022710487,148
"150",2015,3,6.69204545454545,44,6.97962962962963,6.23529411764706,7.5,7.57142857142857,6.52567567567568,27,17,4,7,37,7570,4742,2828,801,2117,5453,7.14745059841479,7.44247153099958,6.65275849717115,6.65931460674157,7.23992961738309,7.11154777737025,149
"151",2015,4,7.15789473684211,38,7.60869565217391,6.46666666666667,6.5,7.65,6.98214285714286,23,15,6,10,28,7608,4765,2843,807,2127,5481,7.14750276419558,7.44327387198321,6.65177665494197,6.65813011152416,7.24185754583921,7.11088670498084,150
"152",2015,5,7.13157894736842,38,7.545,6.67222222222222,6.8875,6,7.26470588235294,20,18,8,4,34,7646,4785,2861,815,2131,5515,7.14742362411718,7.44369905956113,6.65190528836072,6.66038159509202,7.239526513374,7.11183500090662,151
"153",2015,6,7.14594594594595,37,7.17,7.11764705882353,6.78571428571429,7.625,7.08787878787879,20,17,7,4,33,7683,4805,2878,822,2135,5548,7.14741650787453,7.44255983350677,6.65465636900626,6.66144890510949,7.24024871194379,7.1116925072098,152
"154",2015,7,7.26216216216216,37,7.23636363636364,7.3,7.18181818181818,7.8,7.178125,22,15,11,5,32,7720,4827,2893,833,2140,5580,7.14796645466321,7.44162005386368,6.65800243000346,6.66832052821128,7.24155654205607,7.11207348207885,153
"155",2015,8,6.98170731707317,41,7.33095238095238,6.615,6.16666666666667,7,6.97916666666667,21,20,6,5,36,7761,4848,2913,839,2145,5616,7.14708813683803,7.44114067656766,6.65770718503262,6.66473301549464,7.24099347319347,7.11122151531339,154
"156",2015,9,7.3525641025641,39,7.49038461538461,7.07692307692308,6.5,7,7.45833333333333,26,13,2,9,30,7800,4874,2926,841,2154,5646,7.14811551666666,7.44140336479278,6.65956973000684,6.66434126040428,7.23998653667595,7.11306589266737,155
"157",2015,10,7.21888888888889,45,7.34193548387097,6.94642857142857,6.75,7.4,7.17361111111111,31,14,4,9,36,7845,4905,2940,845,2163,5682,7.14852148247291,7.4407747196738,6.6609357244898,6.66474674556213,7.24065233472029,7.11344949489616,156
"158",2015,11,7.12368421052632,38,7.33269230769231,6.67083333333333,7,7.46428571428571,7.04677419354839,26,12,1,7,31,7883,4931,2952,846,2170,5713,7.14840175440822,7.44020482660718,6.66097595867209,6.66514302600473,7.24137373271889,7.11308769998249,157
"159",2015,12,6.82191780821918,73,7.1125,6.46969696969697,6.33333333333333,6.85833333333333,6.81475409836066,40,33,9,12,61,7956,4971,2985,855,2182,5774,7.14540611236802,7.43756789378395,6.65886131658292,6.66165029239766,7.23926718606782,7.10993592483547,158
"160",2016,1,7.11180555555556,72,7.53285714285714,6.71351351351351,6.35384615384615,7.35625,7.04196428571429,35,37,13,16,56,8028,5006,3022,868,2198,5830,7.14510476208271,7.43823411905713,6.65953045334216,6.65704032258065,7.24011874431301,7.10928302401372,159
"161",2016,2,7.26734693877551,49,7.36206896551724,7.13,6.8875,7.53,7.2,29,20,8,10,39,8077,5035,3042,876,2208,5869,7.1458463575585,7.43779543197617,6.66262361275477,6.65914497716895,7.24143161231884,7.10988584597035,160
"162",2016,3,6.908,50,7.24347826086957,6.62222222222222,6.78571428571429,7.14444444444444,6.85609756097561,23,27,7,9,41,8127,5058,3069,883,2217,5910,7.14438304786514,7.43691182285488,6.6622681753014,6.6601483578709,7.24103788903924,7.10812521658206,161
"163",2016,4,7.55555555555556,45,7.95,6.76666666666667,6.83333333333333,7.9375,7.47297297297297,30,15,6,8,37,8172,5088,3084,889,2225,5947,7.14664721365639,7.43993710691824,6.66277595006485,6.66131721034871,7.24354202247191,7.11039516226669,162
"164",2016,5,7.36555555555556,45,7.74642857142857,6.73823529411765,6.67857142857143,7.94444444444444,7.22083333333333,28,17,7,9,36,8217,5116,3101,896,2234,5983,7.14784605452111,7.44161454261142,6.66318962592712,6.66145200892857,7.24636571172784,7.11105967407655,163
"165",2016,6,6.9945652173913,46,7.5,6.39285714285714,6.85,6.28571428571429,7.12179487179487,25,21,5,7,39,8263,5141,3122,901,2241,6022,7.14699274234539,7.44189846333398,6.66137124599616,6.66249833518313,7.24336501561802,7.11112919794088,164
"166",2016,7,7.33823529411765,34,7.5,7.10714285714286,7.33333333333333,7.16666666666667,7.375,20,14,3,6,28,8297,5161,3136,904,2247,6050,7.1477764288297,7.44212361945359,6.66336129783163,6.66472455752212,7.24316021361815,7.11235041818182,165
"167",2016,8,6.79406779661017,59,6.96166666666667,6.62068965517241,6.76923076923077,6.475,6.87553191489362,30,29,13,12,47,8356,5191,3165,917,2259,6097,7.1452789648157,7.43934694663841,6.66297030963665,6.66620610687023,7.2390796812749,7.11052485320649,166
"168",2016,9,7.32826086956522,46,7.6,6.81875,6.9,7.75,7.21111111111111,30,16,5,10,36,8402,5221,3181,922,2269,6133,7.14628077005475,7.44027006320628,6.66375386042125,6.66747396963124,7.24133142353459,7.11111528289581,167
"169",2016,10,6.78245614035088,57,7.16515151515152,6.25625,6.01363636363636,6.89,6.75957446808511,33,24,11,10,47,8459,5254,3205,933,2279,6180,7.14382917957205,7.43854206318995,6.66070234945398,6.6597652733119,7.23978982009653,7.10844175242718,168
"170",2016,11,7.22785714285714,70,7.51595744680851,6.63913043478261,6.3125,7.05,7.2575,47,23,8,10,60,8529,5301,3228,941,2289,6240,7.14451882166725,7.43922844746274,6.66054864622057,6.65681296493092,7.23896068152031,7.10987500480769,169
"171",2016,12,7.20169491525424,59,7.1725,7.26315789473684,6.71428571428571,6.92857142857143,7.23846153846154,40,19,7,7,52,8588,5341,3247,948,2296,6292,7.14491162435957,7.43723085564501,6.66407484755159,6.65723734177215,7.2380143728223,7.11093770343293,170
"172",2017,1,7.00549295774648,71,7.26026315789474,6.71212121212121,6.9,7.53571428571429,6.87526315789474,38,33,10,14,57,8659,5379,3280,958,2310,6349,7.14376845247719,7.43598066555122,6.66455824085366,6.65977139874739,7.23981861471861,7.10882186643566,171
"173",2017,2,6.97258064516129,62,7.14545454545455,6.77586206896552,5.91666666666667,7.13636363636364,6.93725490196078,33,29,6,11,51,8721,5412,3309,964,2321,6400,7.14255143102855,7.43420916481892,6.66553370504684,6.65514626556017,7.23932830676432,7.1074546921875,172
"174",2017,3,6.98709090909091,55,7.35378378378378,6.23333333333333,7.16666666666667,7.2,6.93386363636364,37,18,3,11,44,8776,5449,3327,967,2332,6444,7.14157714562443,7.43366305744173,6.66319538022243,6.65673319544984,7.23914279588336,7.106269402545,173
"175",2017,4,7.20512820512821,39,7.37931034482759,6.7,6.375,7.57142857142857,7.125,29,10,4,7,32,8815,5478,3337,971,2339,6476,7.14185831310266,7.43337531945966,6.66330567275997,6.65557260556128,7.24013723813595,7.1063619564546,174
"176",2017,5,7.16536585365854,41,7.67083333333333,6.45176470588235,6.375,6.925,7.22363636363636,24,17,4,8,33,8856,5502,3354,975,2347,6509,7.14196714430894,7.43441112322792,6.66223346153846,6.65442153846154,7.23906305922454,7.10695652634813,175
"177",2017,6,7.28285714285714,35,7.625,6.82666666666667,7,7.25,7.28709677419355,20,15,2,4,31,8891,5522,3369,977,2351,6540,7.14252176695535,7.43510141253169,6.66296557732265,6.65512896622313,7.23908166737558,7.10781040214067,176
"178",2017,7,6.11607142857143,28,6.73684210526316,4.80555555555556,4,6.58333333333333,5.98863636363636,19,9,2,6,22,8919,5541,3378,979,2357,6562,7.13929936427851,7.43270709258257,6.65801688277087,6.64970480081716,7.23741238862961,7.10405821853093,177
"179",2017,8,6.96,35,7.55882352941176,6.39444444444444,6.25,7.125,6.93870967741935,17,18,4,4,31,8954,5558,3396,983,2361,6593,7.1385985068126,7.43309283915077,6.65661985571261,6.64807833163784,7.23722193985599,7.10328075686334,178
"180",2017,9,7.34566666666667,30,7.22764705882353,7.5,8,7,7.38407407407407,17,13,2,3,27,8984,5575,3409,985,2364,6620,7.13928996326803,7.432466367713,6.65983603109416,6.65082335025381,7.23692089678511,7.10442598640483,179
"181",2017,10,7.11818181818182,44,7.52,6.58947368421053,6.78571428571429,7.35714285714286,7.07297297297297,25,19,7,7,37,9028,5600,3428,992,2371,6657,7.1391870879486,7.43285714285714,6.65944604142357,6.6517752016129,7.23727583298186,7.1042511686946,180
"182",2017,11,7.02916666666667,48,7.588,6.42173913043478,6.33333333333333,7.22222222222222,6.98461538461538,25,23,6,9,39,9076,5625,3451,998,2380,6696,7.13860522587043,7.43354666666667,6.65786178788757,6.64986072144289,7.23721890756302,7.10355436529271,181
"183",2017,12,6.9703125,32,7.3775,6.29166666666667,6.3,7.26,6.91666666666667,20,12,5,5,27,9108,5645,3463,1003,2385,6723,7.13801394707949,7.43334809565988,6.65659284724228,6.64811665004985,7.23726666666666,7.10280381228618,182
"184",2018,1,7.10804545454545,44,7.35576923076923,6.75022222222222,6.91666666666667,7.525,6.98541176470588,26,18,6,10,34,9152,5671,3481,1009,2395,6757,7.13786986778846,7.43299241756304,6.65707699798909,6.6497135777998,7.23846805845511,7.10221311676779,183
"185",2018,2,7.09655172413793,29,7.30526315789474,6.7,7.375,6.91666666666667,7.14347826086957,19,10,4,6,23,9181,5690,3491,1013,2401,6780,7.13773935627927,7.43256590509666,6.65719995130335,6.65257749259625,7.23766389004581,7.10235310176991,184
"186",2018,3,7.17317073170732,41,7.55925925925926,6.42857142857143,6.91666666666667,7.57142857142857,7.09117647058823,27,14,6,7,34,9222,5717,3505,1019,2408,6814,7.13789688028627,7.43316424698268,6.65628674179743,6.6541324828263,7.23863413621262,7.10229733343117,185
"187",2018,4,7.04576923076923,52,7.47125,6.365,6.33333333333333,7.66666666666667,6.96478260869565,32,20,6,6,46,9274,5749,3525,1025,2414,6860,7.13738031378046,7.43337623934597,6.65463405106383,6.65225463414634,7.239698011599,7.10137522303207,186
"188",2018,5,7.40625,32,8.11764705882353,6.6,6.375,4,7.51612903225806,17,15,8,1,31,9306,5766,3540,1033,2415,6891,7.13830486030518,7.43539368713146,6.65440255084746,6.65010745401742,7.23835652173913,7.10324104338993,187
"189",2018,6,6.99655172413793,29,7.58235294117647,6.16666666666667,5.5,6.6,7.07916666666667,17,12,2,5,24,9335,5783,3552,1035,2420,6915,7.13786449169791,7.43582569600553,6.65275479448198,6.64788502415459,7.23703760330578,7.10315748806941,188
"190",2018,7,7.03529411764706,34,7.22105263157895,6.8,6.71428571428571,7.16666666666667,7.02258064516129,19,15,7,3,31,9369,5802,3567,1042,2423,6946,7.13749226491621,7.435122371596,6.65337399215027,6.6483310940499,7.23695047461824,7.10279787359631,189
"191",2018,8,7.08960526315789,38,7.16,7.01138888888889,7.47625,6.625,7.2135,20,18,4,8,30,9407,5822,3585,1046,2431,6976,7.13729882321675,7.434177258674,6.65517155648536,6.65149713193117,7.23493665158371,7.10327394352064,190
"192",2018,9,7.31029411764706,34,7.54565217391304,6.81818181818182,7.75,6.94444444444444,7.442,23,11,4,9,25,9441,5845,3596,1050,2440,7001,7.13792183349222,7.43461591103507,6.65567019744161,6.6556819047619,7.23386516393442,7.1044835066419,191
"193",2018,10,7.25925925925926,27,7.15625,7.40909090909091,8.25,7.41666666666667,7.21428571428571,16,11,2,6,21,9468,5861,3607,1052,2446,7022,7.13826785276722,7.43385599727009,6.65796784862767,6.65871292775665,7.2343135731807,7.10481188123042,192
"194",2018,11,6.77272727272727,44,6.81818181818182,6.72727272727273,6.45,6.35714285714286,6.85135135135135,22,22,10,7,37,9512,5883,3629,1062,2453,7059,7.13657695857864,7.4315536291008,6.65838799393773,6.65674764595104,7.23181043620057,7.10348335883269,193
"195",2018,12,7.09516129032258,31,7.33235294117647,6.80714285714286,6.6,7.56666666666667,6.982,17,14,5,6,25,9543,5900,3643,1067,2459,7084,7.13644242167033,7.43126779661017,6.6589596568762,6.65648172446111,7.23262749084994,7.10305463438735,194
"196",2019,1,7.04012351851852,54,7.11965820512821,6.83333333333333,6.78571428571429,6.9625,7.05362326086957,39,15,7,8,46,9597,5939,3658,1074,2467,7130,7.13590045847661,7.4292215305607,6.65967469382176,6.65732402234637,7.23175152006485,7.10273572230014,195
"197",2019,2,7.5078947368421,38,7.792,6.96153846153846,6.83333333333333,7.61428571428571,7.48387096774194,25,13,6,7,31,9635,5964,3671,1080,2474,7161,7.13736758692268,7.43074223172368,6.66074367474803,6.65830185185185,7.23283387227162,7.10438565842759,196
"198",2019,3,6.645,28,7.15,6.36444444444444,6.75,6.28571428571429,6.7647619047619,10,18,8,7,21,9663,5974,3689,1088,2481,7182,7.13594087757425,7.43027229159692,6.65929792084576,6.65897610294118,7.23016162837565,7.10339260651629,197
"199",2019,4,7.40909090909091,22,7.58333333333333,6.625,6.5,7.83333333333333,7.34210526315789,18,4,2,3,19,9685,5992,3693,1090,2484,7201,7.13656135260713,7.43073208778371,6.6592607717303,6.65868440366972,7.23089009661836,7.10402245521455,198
"200",2019,5,7.05416666666667,24,7.63076923076923,6.37272727272727,4.5,8.33333333333333,6.87142857142857,13,11,4,3,21,9709,6005,3704,1094,2487,7222,7.13635767844268,7.43116514071607,6.65840983531318,6.6507915904936,7.23221994370728,7.10334612295763,199
"201",2019,6,6.77586206896552,29,7.2,6.32142857142857,5.58333333333333,7.3,6.66666666666667,15,14,6,5,24,9738,6020,3718,1100,2492,7246,7.13528411378106,7.43058914784053,6.65714094405595,6.64496909090909,7.23235593900481,7.1018997653878,200
"202",2019,7,7.152,25,7.42941176470588,6.5625,6,8,6.99047619047619,17,8,1,4,21,9763,6037,3726,1101,2496,7267,7.13532691795555,7.43058583236707,6.65693774288782,6.64438328792007,7.23358613782051,7.10157777624879,201
"203",2019,8,7.08378378378378,37,7.244,6.75,6.33333333333333,6.77142857142857,7.15666666666667,25,12,6,7,30,9800,6062,3738,1107,2503,7297,7.13513231632653,7.42981634279116,6.65723649812734,6.64269738030714,7.23229364762285,7.10180426202549,202
"204",2019,9,7.04457142857143,35,7.04416666666667,7.04545454545455,7,7,7.04875,24,11,1,3,32,9835,6086,3749,1108,2506,7329,7.13481003558719,7.42829554222806,6.65837557481995,6.64301985559567,7.23201556264964,7.10157261563651,203
"205",2019,10,6.91621621621622,37,7.10869565217391,6.6,6.35714285714286,5.33333333333333,7.05588235294118,23,14,7,3,34,9872,6109,3763,1115,2509,7363,7.13399075162075,7.42709226878376,6.65815839224024,6.64122511210762,7.22974531685931,7.10136163248676,204
"206",2019,11,7.13125,32,7.45652173913043,6.3,5.33333333333333,8.16666666666667,7.02413793103448,23,9,3,3,29,9904,6132,3772,1118,2512,7392,7.13398189620356,7.42720265329419,6.65730382555674,6.63771556350626,7.23086425159236,7.10105867153679,205
"207",2019,12,7.18469387755102,49,7.56612903225806,6.52777777777778,6.3125,7.125,7.19,31,18,8,4,45,9953,6163,3790,1126,2516,7437,7.13423155832412,7.42790145546,6.65668866226913,6.63540497335702,7.23069594594594,7.1015968401237,206
"208",2020,1,6.9795,60,7.19172413793103,6.78096774193548,6.80111111111111,7.29166666666667,6.94481481481481,29,31,9,6,54,10013,6192,3821,1135,2522,7491,7.13330437431339,7.42679532784238,6.6576969458257,6.63671894273128,7.23084099920698,7.10046665331731,207
"209",2020,2,7.56505813953488,43,7.94435185185185,6.925,6.9,8.1,7.49467105263158,27,16,5,5,38,10056,6219,3837,1140,2527,7529,7.13515057677009,7.42904231709278,6.65881157935888,6.63787368421053,7.23256074396518,7.10245626245185,208
"210",2020,3,6.91666666666667,39,7.3804347826087,6.25,5.625,7.08333333333333,6.84259259259259,23,16,4,12,27,10095,6242,3853,1144,2539,7556,7.13430650817236,7.4288632121115,6.65711394497794,6.63433216783217,7.2318554549035,7.10152768660667,209
"211",2020,4,7.04454545454545,44,7.62869565217391,6.40476190476191,5.5,7.66666666666667,6.94631578947368,23,21,2,6,38,10139,6265,3874,1146,2545,7594,7.13391697406056,7.42959683479649,6.65574600671141,6.63235253054101,7.23288055009823,7.10075101395839,210
"212",2020,5,7.25625,40,7.91136363636364,6.45555555555556,6,7.66666666666667,7.22297297297297,22,18,4,3,37,10179,6287,3892,1150,2548,7631,7.13439770114943,7.43128267377127,6.65482015159301,6.63015304347826,7.23339128728414,7.10134362468877,211
"213",2020,6,6.75,38,7.44444444444444,6.125,6.5,7.16666666666667,6.671875,18,20,2,6,32,10217,6305,3912,1152,2554,7663,7.13296801409416,7.43132024900872,6.65211145961146,6.62992708333333,7.23323453406421,7.09955020227065,212
"214",2020,7,7.21290322580645,31,7.43636363636364,6.66666666666667,6,7.11666666666667,7.236,22,9,3,6,25,10248,6327,3921,1155,2560,7688,7.13320981654957,7.43133778568042,6.65214486865596,6.62829090909091,7.232961328125,7.09999391259105,213
"215",2020,8,7.31891891891892,37,7.54074074074074,6.72,7,7.11428571428571,7.36666666666667,27,10,4,7,30,10285,6354,3931,1159,2567,7718,7.13387789985416,7.43180267075858,6.65231748410074,6.6295737704918,7.23263770938839,7.10103047421611,214
"216",2020,9,7.045,40,7.82,6.27,5.975,7.28571428571429,6.99393939393939,20,20,8,7,33,10325,6374,3951,1167,2574,7751,7.1335335786925,7.43302073580169,6.65038218931916,6.62508654670094,7.23278205128205,7.10057453231841,215
"217",2020,10,7.19352112676056,71,7.60685714285714,6.79166666666667,6.83333333333333,7,7.21809523809524,35,36,6,8,63,10396,6409,3987,1173,2582,7814,7.13394326664102,7.43397006865346,6.6516578956609,6.62615174765558,7.23206080557707,7.10152203736882,216
"218",2020,11,7.14875,80,7.56,6.902,6.25,7.16666666666667,7.1472972972973,30,50,4,6,74,10476,6439,4037,1177,2588,7888,7.13405633829706,7.43455725578506,6.65475849145405,6.62487340696686,7.23190919629057,7.10195147058823,217
"219",2020,12,7.13560934210526,76,7.49638675675676,6.79333333333333,NA,6.8125,7.17362220588235,37,39,0,8,68,10552,6476,4076,1177,2596,7956,7.13406752369219,7.43491051266214,6.65608440382728,6.62487340696686,7.23061671802773,7.10256404097536,218
"220",2021,1,7.21203125,128,7.69345454545455,6.84931506849315,6.6,7.5,7.18495726495726,55,73,7,11,117,10680,6531,4149,1184,2607,8073,7.13500192041199,7.43708780891135,6.65948422029405,6.62472635135135,7.23175335634829,7.10375814567075,219
"221",2021,2,6.97882352941176,85,7.3,6.82105263157895,6.31666666666667,6.83333333333333,6.99605263157895,28,57,6,9,76,10765,6559,4206,1190,2616,8149,7.13376874222016,7.43650258880927,6.66167380646695,6.6231731092437,7.23038264525994,7.10275365198184,220
"222",2021,3,6.94651315789474,76,7.54,6.43987804878049,5.75875,7.14233333333333,6.89836065573771,35,41,4,15,61,10841,6594,4247,1194,2631,8210,7.1324560012914,7.43705193812557,6.65953261831882,6.62027721943049,7.22988065374382,7.10123501948843,221
"223",2021,4,6.8642619047619,84,7.39473684210526,6.42604347826087,6.16666666666667,6.6875,6.88286842105263,38,46,9,8,76,10925,6632,4293,1203,2639,8286,7.13039391395881,7.43680948130277,6.65703075471698,6.61688362427265,7.22823645320197,7.0992321397538,222
"224",2021,5,7.36958904109589,73,7.95263157894737,6.73657142857143,6.83,7.74166666666667,7.29639344262295,38,35,6,12,61,10998,6670,4328,1209,2651,8347,7.13198158847063,7.43974819790105,6.65767399029575,6.61794127377998,7.23056054319125,7.10067299748412,223
"225",2021,6,6.92089552238806,67,7.36857142857143,6.43125,7,7.48,6.82280701754386,35,32,7,10,57,11065,6705,4360,1216,2661,8404,7.1307034351559,7.4393766562267,6.65601216284404,6.620140625,7.23149793310785,7.09878837577344,224
"226",2021,7,7.23381637681159,69,7.3841269047619,7,7,7.6,7.1567250877193,42,27,3,12,57,11134,6747,4387,1219,2673,8461,7.13134245015269,7.43903272713799,6.65812925233645,6.62107547169811,7.23315226337448,7.09917868337076,225
"227",2021,8,7.05405405405405,74,7.33333333333333,6.62068965517241,6.33333333333333,6.66666666666667,7.08823529411765,45,29,3,6,68,11208,6792,4416,1222,2679,8529,7.13083215917202,7.43833242196702,6.65788338541667,6.62036906710311,7.23188353863382,7.09909143393129,226
"228",2021,9,7.17924528301887,53,7.5375,6.63333333333333,6.5,6.66666666666667,7.21,32,21,4,3,50,11261,6824,4437,1226,2682,8579,7.13106001598437,7.43879745164126,6.65776719179626,6.61997634584013,7.23125130499627,7.09973782958386,227
"229",2021,10,6.93472222222222,72,7.41333333333333,6.59285714285714,6.8,6.7,6.99649122807018,30,42,5,15,57,11333,6854,4479,1231,2697,8636,7.12981265684285,7.43868599503939,6.65715852422416,6.62070755483347,7.22829662588061,7.09905637332098,228
"230",2021,11,6.82953846153846,65,7.25548387096774,6.44117647058824,6,7,6.78692307692308,31,34,2,13,52,11398,6885,4513,1233,2710,8688,7.12810026671346,7.43786111982571,6.65553136051407,6.61970072992701,7.22720147601476,7.09718817219153,229
"231",2021,12,7.11402173913043,92,7.53930232558139,6.74081632653061,6.625,7.2875,7.0775,43,49,4,16,76,11490,6928,4562,1237,2726,8764,7.12798754046998,7.43849073469977,6.65644739807102,6.61971786580436,7.22755539251651,7.09701743952533,230
"232",2022,1,6.9640756302521,119,7.28546875,6.59009090909091,6.8125,7.17404761904762,6.91908163265306,64,55,8,21,98,11609,6992,4617,1245,2747,8862,7.12630733396503,7.43709007580091,6.6556569265757,6.62095662650602,7.22714634146341,7.09504974497856,231
"233",2022,2,7.05193689189189,74,7.44767441860465,6.50301064516129,6.25,7.33333333333333,7.01297430769231,43,31,4,9,65,11683,7035,4648,1249,2756,8927,7.12583627236155,7.43715477043355,6.65463884681584,6.61976861489191,7.22749310595065,7.09445213061499,232
"234",2022,3,7.362359375,64,7.49078947368421,7.17465384615385,6,7.10571428571429,7.39387719298246,38,26,3,7,57,11747,7073,4674,1252,2763,8984,7.12712489742062,7.43744292520854,6.65753152759949,6.61828354632588,7.22718458197611,7.09635186665182,233
"235",2022,4,7.15679012345679,81,7.54117647058824,6.87872340425532,7.6,6.96153846153846,7.19411764705882,34,47,5,13,68,11828,7107,4721,1257,2776,9052,7.12732804954346,7.43793918812438,6.6597336072866,6.62218854415274,7.22594056195965,7.09708629805568,234
"236",2022,5,7.09982142857143,56,7.46441176470588,6.53636363636364,5,7,7.1118,34,22,1,6,50,11884,7141,4743,1258,2782,9102,7.12719843234601,7.43806523035989,6.65916136622391,6.62089904610493,7.22545327102804,7.09716712480773,235
"237",2022,6,7.22966101694915,59,7.77878787878788,6.53269230769231,6.72,7.89285714285714,7.14038461538462,33,26,5,7,52,11943,7174,4769,1263,2789,9154,7.12770461106925,7.43963253554502,6.65847187250996,6.62129136975455,7.22712836141986,7.09741262508193,236
"238",2022,7,7.332,50,7.46666666666667,7.20769230769231,7.5,7.7,7.29111111111111,24,26,1,5,45,11993,7198,4795,1264,2794,9199,7.12855633869758,7.43972267435399,6.66144991866528,6.62198655063291,7.22797458840372,7.09836016632242,237
"239",2022,8,7.31469696969697,66,7.67416666666667,6.88333333333333,9,6.925,7.38428571428571,36,30,1,10,56,12059,7234,4825,1265,2804,9255,7.1295751032424,7.44088938484932,6.66282950466321,6.62386640316206,7.22689407988588,7.10009023987034,238
"240",2022,9,6.9041320754717,53,7.31396666666667,6.3695652173913,5.5,6.37975,6.9469387755102,30,23,2,4,49,12112,7264,4848,1267,2808,9304,7.12858860386394,7.44036519961454,6.66143819306931,6.62209234411997,7.22568732193732,7.09928365971625,239
"241",2022,10,7.16357492753623,69,7.45047619047619,6.71728407407407,7.33333333333333,7.51111111111111,7.1114445,42,27,3,9,60,12181,7306,4875,1270,2817,9364,7.12878678597817,7.44042332466466,6.66174749333334,6.62377244094488,7.22659921902733,7.09936158052114,240
"242",2022,11,7.1073417721519,79,7.46,6.56129032258065,6.125,7.91428571428571,7.02888888888889,48,31,4,7,72,12260,7354,4906,1274,2824,9436,7.12864860032627,7.4405511028012,6.66111272523441,6.62220643642072,7.22830382436261,7.09882384908859,241
"243",2022,12,7.130333375,80,7.43317837209302,6.77837837837838,5.71428571428571,6.66666666666667,7.23733338461538,43,37,7,15,65,12340,7397,4943,1281,2839,9501,7.12865952269044,7.44050824388265,6.66199049767348,6.61724512099922,7.22533638605143,7.09977144616356,242
