"","year","month","avg_rating","no_ratings","avg_rating_owned","avg_rating_not_owned","avg_rating_prev_owned","avg_rating_comment","avg_rating_no_comment","no_ratings_owned","no_ratings_not_owned","no_ratings_prev_owned","no_ratings_comment","no_ratings_no_comment","cum_no_ratings","cum_no_ratings_owned","cum_no_ratings_not_owned","cum_no_ratings_prev_owned","cum_no_ratings_comment","cum_no_ratings_no_comment","cum_avg_rating","cum_avg_rating_owned","cum_avg_rating_not_owned","cum_avg_rating_prev_owned","cum_avg_rating_comment","cum_avg_rating_no_comment","month_after_release"
"1",2002,10,8,1,8,NA,NA,8,NA,1,0,0,1,0,1,1,0,0,1,0,8,8,NA,NA,8,NA,-2
"2",2002,11,6,2,6,NA,NA,7,5,2,0,0,1,1,3,3,0,0,2,1,6.66666666666667,6.66666666666667,NA,NA,7.5,5,-1
"3",2002,12,7.33333333333333,3,7.5,7,7,8,7,2,1,1,1,2,6,5,1,1,3,3,7,7,7,7,7.66666666666667,6.33333333333333,0
"4",2003,1,7.75,4,8,7,NA,8.5,7,3,1,0,2,2,10,8,2,1,5,5,7.3,7.375,7,7,8,6.6,1
"5",2003,2,7.75,4,7.75,NA,NA,7.5,8,4,0,0,2,2,14,12,2,1,7,7,7.42857142857143,7.5,7,7,7.85714285714286,7,2
"6",2003,3,7.77777777777778,9,7.85714285714286,7.5,NA,8,7.5,7,2,0,5,4,23,19,4,1,12,11,7.56521739130435,7.63157894736842,7.25,7,7.91666666666667,7.18181818181818,3
"7",2003,4,8,7,8,NA,NA,8,NA,7,0,0,7,0,30,26,4,1,19,11,7.66666666666667,7.73076923076923,7.25,7,7.94736842105263,7.18181818181818,4
"8",2003,5,7.33333333333333,9,7.5,6.75,NA,7.75,7,7,2,0,4,5,39,33,6,1,23,16,7.58974358974359,7.68181818181818,7.08333333333333,7,7.91304347826087,7.125,5
"9",2003,6,6.92857142857143,7,7.08333333333333,6,NA,6.875,7,6,1,0,4,3,46,39,7,1,27,19,7.48913043478261,7.58974358974359,6.92857142857143,7,7.75925925925926,7.10526315789474,6
"10",2003,7,7.46428571428571,28,7.52173913043478,7.2,NA,7.75,7.41666666666667,23,5,0,4,24,74,62,12,1,31,43,7.47972972972973,7.56451612903226,7.04166666666667,7,7.75806451612903,7.27906976744186,7
"11",2003,8,7.30769230769231,13,7.5,7,8,7.5,7.22222222222222,8,5,1,4,9,87,70,17,2,35,52,7.45402298850575,7.55714285714286,7.02941176470588,7.5,7.72857142857143,7.26923076923077,8
"12",2003,9,8,1,8,NA,NA,NA,8,1,0,0,0,1,88,71,17,2,35,53,7.46022727272727,7.56338028169014,7.02941176470588,7.5,7.72857142857143,7.28301886792453,9
"13",2003,10,6.5,10,7.33333333333333,5.25,6,4,7.125,6,4,2,2,8,98,77,21,4,37,61,7.36224489795918,7.54545454545455,6.69047619047619,6.75,7.52702702702703,7.26229508196721,10
"14",2003,11,7.5,3,7.25,8,8,7.5,NA,2,1,1,3,0,101,79,22,5,40,61,7.36633663366337,7.5379746835443,6.75,7,7.525,7.26229508196721,11
"15",2003,12,6.22222222222222,9,6.5,5.66666666666667,NA,5.5,6.42857142857143,6,3,0,2,7,110,85,25,5,42,68,7.27272727272727,7.46470588235294,6.62,7,7.42857142857143,7.17647058823529,12
"16",2004,1,7.04545454545455,11,7.5,5,6,7.66666666666667,6.8125,9,2,1,3,8,121,94,27,6,45,76,7.25206611570248,7.46808510638298,6.5,6.83333333333333,7.44444444444444,7.13815789473684,13
"17",2004,2,6.65625,8,6.95,6.16666666666667,NA,7,6.60714285714286,5,3,0,1,7,129,99,30,6,46,83,7.21511627906977,7.44191919191919,6.46666666666667,6.83333333333333,7.43478260869565,7.0933734939759,14
"18",2004,3,6.81818181818182,11,6.85714285714286,6.75,7,6.5,6.88888888888889,7,4,1,2,9,140,106,34,7,48,92,7.18392857142857,7.40330188679245,6.5,6.85714285714286,7.39583333333333,7.07336956521739,15
"19",2004,4,7.52666666666667,15,7.56428571428571,7,7,7.65555555555556,7.33333333333333,14,1,1,9,6,155,120,35,8,57,98,7.21709677419355,7.42208333333333,6.51428571428571,6.875,7.43684210526316,7.08928571428571,16
"20",2004,5,6.72727272727273,11,6.88888888888889,6,5,6.5,7,9,2,1,6,5,166,129,37,9,63,103,7.18463855421687,7.38488372093023,6.48648648648649,6.66666666666667,7.34761904761905,7.08495145631068,17
"21",2004,6,7.23076923076923,13,7.5,6.33333333333333,8,8.33333333333333,6.9,10,3,1,3,10,179,139,40,10,66,113,7.18798882681564,7.3931654676259,6.475,6.8,7.39242424242424,7.06858407079646,18
"22",2004,7,7.34375,16,7.17857142857143,8.5,NA,7.5,7.27272727272727,14,2,0,5,11,195,153,42,10,71,124,7.20076923076923,7.37352941176471,6.57142857142857,6.8,7.4,7.0866935483871,19
"23",2004,8,6.5,13,6.0625,7.2,7.2,6.4,6.5625,8,5,5,5,8,208,161,47,15,76,132,7.15697115384615,7.3083850931677,6.63829787234043,6.93333333333333,7.33421052631579,7.05492424242424,20
"24",2004,9,7.125,8,7.14285714285714,7,NA,7.6,6.33333333333333,7,1,0,5,3,216,168,48,15,81,135,7.15578703703704,7.3014880952381,6.64583333333333,6.93333333333333,7.35061728395062,7.03888888888889,21
"25",2004,10,7.49333333333333,15,7.6,6,NA,8.06666666666667,7.11111111111111,14,1,0,6,9,231,182,49,15,87,144,7.17770562770563,7.32445054945055,6.63265306122449,6.93333333333333,7.4,7.04340277777778,22
"26",2004,11,6.65,15,6.72916666666667,6.33333333333333,6.33333333333333,6.96428571428571,6.375,12,3,3,7,8,246,194,52,18,94,152,7.14552845528455,7.28762886597938,6.61538461538461,6.83333333333333,7.36755319148936,7.00822368421053,23
"27",2004,12,7.16666666666667,15,7.61111111111111,6.5,6.375,7.04545454545455,7.5,9,6,4,11,4,261,203,58,22,105,156,7.14674329501916,7.30197044334975,6.60344827586207,6.75,7.33380952380952,7.02083333333333,24
"28",2005,1,6.97826086956522,23,7.67857142857143,5.88888888888889,7,6.6875,7.13333333333333,14,9,3,8,15,284,217,67,25,113,171,7.1330985915493,7.32626728110599,6.50746268656716,6.78,7.28805309734513,7.03070175438596,25
"29",2005,2,6.89583333333333,24,7.10526315789474,6.1,8,6.9,6.89285714285714,19,5,1,10,14,308,236,72,26,123,185,7.11461038961039,7.30847457627119,6.47916666666667,6.82692307692308,7.25650406504065,7.02027027027027,26
"30",2005,3,6.95238095238095,21,7.05555555555556,6.33333333333333,NA,7.29166666666667,6.5,18,3,0,12,9,329,254,75,26,135,194,7.10425531914894,7.29055118110236,6.47333333333333,6.82692307692308,7.25962962962963,6.99613402061856,27
"31",2005,4,6.85,20,7.15384615384615,6.28571428571429,NA,7.09090909090909,6.55555555555556,13,7,0,11,9,349,267,82,26,146,203,7.08968481375358,7.28389513108614,6.45731707317073,6.82692307692308,7.24691780821918,6.97660098522168,28
"32",2005,5,6.86363636363636,22,7.21875,5.91666666666667,7,6.57142857142857,7,16,6,1,7,15,371,283,88,27,153,218,7.07628032345014,7.28021201413428,6.42045454545455,6.83333333333333,7.21601307189542,6.97821100917431,29
"33",2005,6,6.9375,16,7.25,6,6,6.8125,7.0625,12,4,3,8,8,387,295,92,30,161,226,7.07054263565892,7.27898305084746,6.40217391304348,6.75,7.19596273291925,6.98119469026549,30
"34",2005,7,7.2,10,7.33333333333333,6,NA,7.8,6.6,9,1,0,5,5,397,304,93,30,166,231,7.07380352644836,7.28059210526316,6.39784946236559,6.75,7.21415662650602,6.97294372294372,31
"35",2005,8,7.30714285714286,28,7.444,6.16666666666667,8.5,7.22941176470588,7.42727272727273,25,3,1,17,11,425,329,96,31,183,242,7.08917647058824,7.29300911854103,6.390625,6.80645161290323,7.2155737704918,6.99359504132231,32
"36",2005,9,7.40625,16,7.45833333333333,7.25,7.66666666666667,7.33333333333333,7.5,12,4,3,9,7,441,341,100,34,192,249,7.10068027210884,7.29882697947214,6.425,6.88235294117647,7.22109375,7.00783132530121,33
"37",2005,10,6.94736842105263,19,7,6.85714285714286,7,7.4,6.44444444444444,12,7,1,10,9,460,353,107,35,202,258,7.09434782608696,7.28866855524079,6.45327102803738,6.88571428571429,7.22995049504951,6.98817829457364,34
"38",2005,11,6.38636363636364,22,6.73333333333333,5.64285714285714,4,6.4375,6.35714285714286,15,7,2,8,14,482,368,114,37,210,272,7.06203319502075,7.26603260869565,6.40350877192982,6.72972972972973,7.19976190476191,6.95569852941177,35
"39",2005,12,6.97619047619048,21,7.33333333333333,6.5,4.25,6.57692307692308,7.625,12,9,2,13,8,503,380,123,39,223,280,7.05844930417495,7.26815789473684,6.41056910569106,6.6025641025641,7.16345291479821,6.97482142857143,36
"40",2006,1,6.59090909090909,22,7.33333333333333,5,5.5,6.16666666666667,6.88461538461539,15,7,2,9,13,525,395,130,41,232,293,7.03885714285714,7.27063291139241,6.33461538461538,6.54878048780488,7.12478448275862,6.97081911262799,37
"41",2006,2,7.10714285714286,14,7.08333333333333,7.25,NA,7.5,5.66666666666667,12,2,0,11,3,539,407,132,41,243,296,7.04063079777366,7.26511056511057,6.34848484848485,6.54878048780488,7.1417695473251,6.95760135135135,38
"42",2006,3,6.88947368421053,19,7.10769230769231,6.41666666666667,6.75,6.62857142857143,7.04166666666667,13,6,4,7,12,558,420,138,45,250,308,7.03548387096774,7.2602380952381,6.35144927536232,6.56666666666667,7.1274,6.96087662337662,39
"43",2006,4,6.83076923076923,13,6.88,6.66666666666667,6,7.2,6.6,10,3,1,5,8,571,430,141,46,255,316,7.030823117338,7.25139534883721,6.35815602836879,6.55434782608696,7.12882352941177,6.95174050632911,40
"44",2006,5,6.9,20,7.25,6.375,8,6.63636363636364,7.22222222222222,12,8,1,11,9,591,442,149,47,266,325,7.02639593908629,7.25135746606335,6.35906040268456,6.58510638297872,7.10845864661654,6.95923076923077,41
"45",2006,6,6.85,28,7.1,6.4,6.8,6.65,7,18,10,5,12,16,619,460,159,52,278,341,7.01841680129241,7.2454347826087,6.36163522012579,6.60576923076923,7.0886690647482,6.96114369501466,42
"46",2006,7,7.08181818181818,22,7.06666666666667,7.11428571428571,6.5,7,7.16363636363636,15,7,2,11,11,641,475,166,54,289,352,7.02059282371295,7.23978947368421,6.3933734939759,6.60185185185185,7.08529411764706,6.96747159090909,43
"47",2006,8,6.83928571428571,14,7.625,6.25,6.5,7.4375,6.6,6,8,4,4,10,655,481,174,58,293,362,7.01671755725191,7.2445945945946,6.3867816091954,6.5948275862069,7.0901023890785,6.95732044198895,44
"48",2006,9,6.41176470588235,17,6.71428571428571,5,NA,7,6,14,3,0,7,10,672,495,177,58,300,372,7.00141369047619,7.22959595959596,6.36327683615819,6.5948275862069,7.088,6.93158602150538,45
"49",2006,10,6.46363636363636,22,6.6375,6,NA,6.8125,6.26428571428571,16,6,0,8,14,694,511,183,58,308,386,6.98436599423631,7.21105675146771,6.35136612021858,6.5948275862069,7.08084415584416,6.90738341968912,46
"50",2006,11,6.6325,20,6.85,6.125,NA,6.57142857142857,6.66538461538462,14,6,0,7,13,714,525,189,58,315,399,6.97450980392157,7.20142857142857,6.34417989417989,6.5948275862069,7.06952380952381,6.89949874686717,47
"51",2006,12,6.87037037037037,27,7,6.5625,7.16666666666667,6.61111111111111,7,19,8,3,9,18,741,544,197,61,324,417,6.97071524966262,7.19439338235294,6.35304568527919,6.62295081967213,7.05679012345679,6.90383693045564,48
"52",2007,1,6.875,48,7.22058823529412,6.03571428571429,6.83333333333333,6.87931034482759,6.86842105263158,34,14,3,29,19,789,578,211,64,353,436,6.96489226869455,7.19593425605536,6.33199052132701,6.6328125,7.04220963172805,6.90229357798165,49
"53",2007,2,6.84960458333333,24,7.23333333333333,6.21005666666667,7,6.875,6.836906875,15,9,2,8,16,813,593,220,66,361,452,6.96148894218942,7.1968802698145,6.32700231818182,6.64393939393939,7.03850415512465,6.89997900442478,50
"54",2007,3,6.80625,24,6.93611111111111,6.41666666666667,7.25,7.01,6.66071428571429,18,6,2,10,14,837,611,226,68,371,466,6.95703764635603,7.18919803600655,6.32938278761062,6.66176470588235,7.0377358490566,6.89279079399142,51
"55",2007,4,6.6,20,6.92307692307692,6,NA,6.25,6.6875,13,7,0,4,16,857,624,233,68,375,482,6.94870537922987,7.18365384615385,6.31948716738197,6.66176470588235,7.02933333333333,6.88597616182573,52
"56",2007,5,6.2304347826087,23,6.39375,5.85714285714286,6.25,6.44444444444444,6.09285714285714,16,7,4,9,14,880,640,240,72,384,496,6.92993239772727,7.16390625,6.306002125,6.63888888888889,7.015625,6.86358973790323,53
"57",2007,6,6.71153846153846,26,6.94736842105263,6.07142857142857,5.5,6.88888888888889,6.61764705882353,19,7,2,9,17,906,659,247,74,393,513,6.92366502207506,7.15766312594841,6.29935429149798,6.60810810810811,7.01272264631043,6.85543959064328,54
"58",2007,7,7.06842105263158,19,7.06666666666667,7.075,7.4,7.53333333333333,6.65,15,4,2,9,10,925,674,251,76,402,523,6.92663838918919,7.15563798219585,6.31171517928287,6.62894736842105,7.02437810945274,6.85151149139579,55
"59",2007,8,6.16666666666667,18,6.53333333333333,4.33333333333333,NA,5.75,6.5,15,3,0,8,10,943,689,254,76,410,533,6.91213203605514,7.14208998548621,6.28834846456693,6.62894736842105,6.99951219512195,6.84491652908068,56
"60",2007,9,6.5375,16,7.08571428571429,6.11111111111111,7,6.15,6.66666666666667,7,9,1,4,12,959,696,263,77,414,545,6.90588165797706,7.14152298850575,6.28228330798479,6.63376623376623,6.99130434782609,6.84099176146789,57
"61",2007,10,6.97,20,7.2,5.66666666666667,6,7.05,6.91666666666667,17,3,1,8,12,979,713,266,78,422,557,6.90719153217569,7.14291725105189,6.27534026315789,6.62564102564103,6.99241706161138,6.8426221005386,58
"62",2007,11,6.86,20,6.95,6.5,6,7.25,6.6,16,4,1,8,12,999,729,270,79,430,569,6.90624675675676,7.13868312757202,6.27866855555556,6.61772151898734,6.99720930232558,6.83750528998243,59
"63",2007,12,7.09090909090909,44,7.4,6.26666666666667,6.4,7.31111111111111,6.93846153846154,32,12,3,18,26,1043,761,282,82,448,595,6.91403692233941,7.14967148488831,6.27815783687943,6.60975609756098,7.00982142857143,6.84191682352941,60
"64",2008,1,6.33783783783784,37,6.675,5.94117647058824,5.86666666666667,6.4,6.30416666666667,20,17,6,13,24,1080,781,299,88,461,619,6.89429676851852,7.13751600512164,6.25899836120401,6.55909090909091,6.99262472885033,6.82106705977383,61
"65",2008,2,7.23947368421053,19,7.655,6.77777777777778,6.375,7.11363636363636,7.4125,10,9,4,11,8,1099,791,308,92,472,627,6.90026434030937,7.14405815423515,6.2741575,6.55108695652174,6.99544491525424,6.82861325358852,62
"66",2008,3,6.65121951219512,41,7.14545454545455,6.07894736842105,6.33333333333333,6.39333333333333,6.8,22,19,3,15,26,1140,813,327,95,487,653,6.89130746491228,7.14409594095941,6.26281501529052,6.54421052631579,6.97689938398357,6.82747398162328,63
"67",2008,4,7.29,25,7.40789473684211,6.91666666666667,7.125,7.39705882352941,7.0625,19,6,4,17,8,1165,832,333,99,504,661,6.89986309871245,7.15012019230769,6.27459612612613,6.56767676767677,6.99107142857143,6.8303184720121,64
"68",2008,5,6.56785714285714,28,6.88947368421053,5.88888888888889,6.8,5.92727272727273,6.98235294117647,19,9,5,11,17,1193,851,342,104,515,678,6.89207083822297,7.14430082256169,6.26444593567251,6.57884615384615,6.96834951456311,6.83413054572272,65
"69",2008,6,6.68965517241379,29,7.21428571428571,6.2,6,7,6.4,14,15,5,14,15,1222,865,357,109,529,693,6.88726719312602,7.14543352601156,6.2617381232493,6.55229357798165,6.96918714555766,6.82473378066378,66
"70",2008,7,6.09848484848485,33,6.55769230769231,5.8,5.94117647058824,5.97222222222222,6.25,13,20,17,18,15,1255,878,377,126,547,708,6.86652630278885,7.13673120728929,6.23724273209549,6.46984126984127,6.9363802559415,6.81255721751412,67
"71",2008,8,6.27241379310345,29,7.06666666666667,5.71176470588235,5.77692307692308,6.36666666666667,6.20588235294118,12,17,13,12,17,1284,890,394,139,559,725,6.85310787383178,7.13578651685393,6.21456982233502,6.40503597122302,6.92415026833631,6.79833173793104,68
"72",2008,9,6.38272727272727,22,7.3,6.11294117647059,6.13916666666667,6.275,6.4725,5,17,12,10,12,1306,895,411,151,569,737,6.84518415773354,7.13670391061453,6.21036620437956,6.38390728476821,6.91274165202109,6.79302647218453,69
"73",2008,10,6.46,25,6.65625,6.11111111111111,5.85714285714286,6.125,6.76923076923077,16,9,7,12,13,1331,911,420,158,581,750,6.83794929376409,7.12826564215148,6.20823930952381,6.36056962025316,6.89647160068847,6.79261401333333,70
"74",2008,11,6.58125,32,6.84736842105263,6.19230769230769,6.1,6.56666666666667,6.58461538461538,19,13,10,6,26,1363,930,433,168,587,776,6.83192260454879,7.12252688172043,6.20776099307159,6.34505952380952,6.89310051107325,6.7856449871134,71
"75",2008,12,6.44444444444444,27,6.57692307692308,6.32142857142857,6.31818181818182,6.5625,6.39473684210526,13,14,11,8,19,1390,943,447,179,595,795,6.82439605035971,7.11500530222694,6.21132105145414,6.34340782122905,6.88865546218487,6.77630252830189,72
"76",2009,1,6.79166666666667,42,7.00806451612903,6.18181818181818,6.2,7.09523809523809,6.48809523809524,31,11,10,21,21,1432,974,458,189,616,816,6.8234361103352,7.11160164271047,6.21061246724891,6.3358201058201,6.89569805194805,6.76888542892157,73
"77",2009,2,6.2375,40,6.64285714285714,5.78947368421053,5.4,6.5,6.18181818181818,21,19,5,7,33,1472,995,477,194,623,849,6.80751393342391,7.10170854271357,6.19383754716981,6.31170103092783,6.89125200642055,6.7460665606596,74
"78",2009,3,6.43157894736842,38,6.82,6,5.84615384615385,6.45833333333333,6.41923076923077,20,18,13,12,26,1510,1015,495,207,635,875,6.7980533178808,7.09615763546798,6.18678890909091,6.28246376811594,6.88307086614173,6.73635486857143,75
"79",2009,4,6.57872340425532,47,7.03333333333333,6.21153846153846,6.05555555555556,6.73333333333333,6.50625,21,26,9,15,32,1557,1036,521,216,650,907,6.79143256904303,7.09488416988417,6.18802401151631,6.27300925925926,6.87961538461538,6.72823650496141,76
"80",2009,5,6.46349024390244,41,6.46269375,6.464,6.54615384615385,6.02959411764706,6.77083333333333,16,25,13,17,24,1598,1052,546,229,667,931,6.78301852941177,7.08526910646388,6.20066027472527,6.28851528384279,6.85795067466267,6.7293345972073,77
"81",2009,6,6.21282051282051,39,6.96,5.42631578947368,5.32857142857143,6.61428571428571,5.988,20,19,14,14,25,1637,1072,565,243,681,956,6.76943409285278,7.08293199626866,6.17462037168142,6.23320987654321,6.85294140969163,6.70994823221757,78
"82",2009,7,6.596875,32,6.98095238095238,5.86363636363636,6.25,6.42857142857143,6.644,21,11,6,7,25,1669,1093,576,249,688,981,6.76612559017376,7.08097264409881,6.16868144097222,6.23361445783132,6.84862369186047,6.70826759429154,79
"83",2009,8,6.48148148148148,27,6.90625,5.86363636363636,6,7,6.22222222222222,16,11,4,9,18,1696,1109,587,253,697,999,6.76159410966981,7.07845184851217,6.16296509369676,6.2299209486166,6.85057833572453,6.69951002002002,80
"84",2009,9,6.22333333333333,30,7.10769230769231,5.54705882352941,5.48,7.3125,5.82727272727273,13,17,10,8,22,1726,1122,604,263,705,1021,6.75223847624566,7.07879064171123,6.14562998344371,6.20140684410646,6.85582,6.6807154848188,81
"85",2009,10,6.52205882352941,34,6.965625,6.12777777777778,6.15384615384615,6.21875,6.61538461538461,16,18,13,8,26,1760,1138,622,276,713,1047,6.74779182386364,7.07719956063269,6.14511336012862,6.19916666666666,6.84867194950912,6.67909313276027,82
"86",2009,11,6.5,37,6.96875,6.14285714285714,6.1875,6.41666666666667,6.54,16,21,8,12,25,1797,1154,643,284,725,1072,6.74268982192543,7.07569592720971,6.14503967340591,6.19883802816901,6.84152151724138,6.67584935634328,83
"87",2009,12,6.72962962962963,27,6.99090909090909,6.55,6.35,6.08,6.87727272727273,11,16,8,5,22,1824,1165,659,292,730,1094,6.74249649671053,7.07489536480687,6.15487179059181,6.20297945205479,6.83630561643836,6.67989991773309,84
"88",2010,1,6.36511627906977,43,6.73478260869565,5.94,6.06,6.76923076923077,6.19,23,20,10,13,30,1867,1188,679,302,743,1124,6.73380482592394,7.06831069023569,6.14854272459499,6.19824503311258,6.83513203230148,6.66682429715302,85
"89",2010,2,6.94666666666667,15,7.47272727272727,5.5,5.5,7.725,6.66363636363636,11,4,2,4,11,1882,1199,683,304,747,1135,6.73550138682253,7.07202093411176,6.14474452415813,6.19365131578947,6.83989705488621,6.66679340088106,86
"90",2010,3,6.52173913043478,23,7.46428571428571,5.05555555555556,4.78571428571429,6.88888888888889,6.28571428571429,14,9,7,9,14,1905,1213,692,311,756,1149,6.73292053018373,7.07654830997527,6.1305787716763,6.161961414791,6.84048029100529,6.66215013925152,87
"91",2010,4,6.48076923076923,26,6.80769230769231,6.15384615384615,6.125,7,6.28947368421053,13,13,4,7,19,1931,1226,705,315,763,1168,6.72952543241844,7.07369747145188,6.13100781560284,6.16149206349206,6.84194377457405,6.65608776541096,88
"92",2010,5,6.67631578947368,19,6.9,6.51363636363636,6.56666666666667,7,6.615625,8,11,6,3,16,1950,1234,716,321,766,1184,6.72900697948718,7.07257139384117,6.13688618715084,6.16906542056075,6.84256279373368,6.65554097128378,89
"93",2010,6,7.05,15,7.58333333333333,6.25,6.33333333333333,7.375,7,9,6,3,2,13,1965,1243,722,324,768,1197,6.73145730788804,7.07626958970233,6.13782619113573,6.17058641975308,6.84394934895833,6.65928196324144,90
"94",2010,7,6.04166666666667,12,6.6,5.64285714285714,5.5,7.33333333333333,5.61111111111111,5,7,5,3,9,1977,1248,729,329,771,1206,6.72727041476986,7.07436145833333,6.13307340192044,6.16039513677811,6.84585356679637,6.65145979270315,91
"95",2010,8,6.484375,16,7.05,5.54166666666667,6,6.65625,6.3125,10,6,3,8,8,1993,1258,735,332,779,1214,6.72532042649273,7.07416780604134,6.12824559183673,6.15894578313253,6.84390641848524,6.64922612026359,92
"96",2010,9,6.26153846153846,13,6.9,5.71428571428571,5.5,5.5,6.4,6,7,2,2,11,2006,1264,742,334,781,1225,6.72231486041875,7.07334106012658,6.12434030997305,6.155,6.84046491677337,6.64698817142857,93
"97",2010,10,6.78095238095238,21,7.3,5.9375,5.66666666666667,6.98571428571429,6.67857142857143,13,8,3,7,14,2027,1277,750,337,788,1239,6.72292235323138,7.07564847298356,6.12234734666667,6.1506528189911,6.84175520304568,6.64734504439064,94
"98",2010,11,6.078,25,6.49615384615385,5.625,4.78571428571429,6.03333333333333,6.09210526315789,13,12,7,6,19,2052,1290,762,344,794,1258,6.71506511208577,7.06980860465116,6.11451510498688,6.12287790697674,6.83564622166247,6.63895906995231,95
"99",2010,12,6.72380952380952,21,6.89166666666667,6.5,6.83333333333333,7.24285714285714,6.46428571428571,12,9,6,7,14,2073,1302,771,350,801,1272,6.71515369512784,7.06816674347158,6.11901492866407,6.13505714285714,6.83920486891386,6.63703656446541,96
"100",2011,1,6.76060606060606,33,7.06666666666667,5.94444444444444,5.6,6.54545454545455,6.86818181818182,24,9,5,11,22,2106,1326,780,355,812,1294,6.71586591168091,7.06813959276018,6.11700065384615,6.12752112676056,6.83522549261084,6.64096639103555,97
"101",2011,2,6.96315789473684,19,7.48461538461538,5.83333333333333,6.33333333333333,7.6,6.73571428571429,13,6,3,5,14,2125,1339,786,358,817,1308,6.71807699294118,7.07218304705004,6.11483525445293,6.12924581005586,6.839905875153,6.64198051223241,98
"102",2011,3,6.65333333333333,15,6.725,6.57142857142857,7,6.75,6.61818181818182,8,7,3,4,11,2140,1347,793,361,821,1319,6.71762318224299,7.07012108389013,6.11886571248424,6.13648199445983,6.83946784409257,6.6417820394238,99
"103",2011,4,6.77333333333333,15,6.84444444444444,6.66666666666667,6.25,7.25,6.7,9,6,2,2,13,2155,1356,799,363,823,1332,6.71801095591648,7.0686232300885,6.12297936170213,6.13710743801653,6.84046549210206,6.64235023273273,100
"104",2011,5,6.53571428571429,14,6.89285714285714,6.17857142857143,6.45,6.5,6.5625,7,7,5,6,8,2169,1363,806,368,829,1340,6.71683430613186,7.06772054292003,6.12346217121588,6.14135869565217,6.83800132689988,6.64187351492537,101
"105",2011,6,6.11111111111111,18,7,5.76923076923077,5.5,5.7,6.26923076923077,5,13,5,5,13,2187,1368,819,373,834,1353,6.71184893004115,7.06747302631579,6.11783945054945,6.13276139410188,6.83117877697842,6.63829305986696,102
"106",2011,7,6.49,5,8.125,5.4,4.5,NA,6.49,2,3,2,0,5,2192,1370,822,375,834,1358,6.71134288777372,7.06901686131387,6.11521959854015,6.12405333333333,6.83117877697842,6.63774706185567,103
"107",2011,8,6.64285714285714,14,7.07142857142857,6.21428571428571,6.125,6.25,6.8,7,7,4,4,10,2206,1377,829,379,838,1368,6.71090825475975,7.06902912127814,6.11605610373944,6.12406332453826,6.82840465393795,6.63893312134503,104
"108",2011,9,6.19444444444444,18,6.94444444444444,5.44444444444444,5.5,5.72727272727273,6.92857142857143,9,9,6,11,7,2224,1386,838,385,849,1375,6.70672824190648,7.06822012987013,6.10884309069212,6.11433766233766,6.81413792697291,6.64040764363636,105
"109",2011,10,6.49166666666667,12,7.31666666666667,5.66666666666667,5.6,6.41666666666667,6.56666666666667,6,6,5,6,6,2236,1392,844,390,855,1381,6.70557406529517,7.06929102011494,6.1056996563981,6.10774358974359,6.81134865497076,6.640087262853,106
"110",2011,11,6.725,20,7.05555555555556,6.45454545454545,6.375,6,6.85294117647059,9,11,4,3,17,2256,1401,855,394,858,1398,6.70574628102837,7.06920278372591,6.11018773099415,6.11045685279188,6.80851177156177,6.64267561516452,107
"111",2011,12,6.86111111111111,18,6.82142857142857,7,6.5,6.33333333333333,7.125,14,4,2,6,12,2274,1415,859,396,864,1410,6.7069760817942,7.0667513074205,6.11433121071013,6.11242424242424,6.8052119212963,6.6467805035461,108
"112",2012,1,6.75294117647059,17,6.72222222222222,6.7875,6.325,6.5,6.80714285714286,9,8,4,3,14,2291,1424,867,400,867,1424,6.7073171584461,7.06457380617978,6.12054268742791,6.11455,6.80415582468281,6.6483570997191,109
"113",2012,2,6.19285714285714,14,6.75,5.45,5.66666666666667,4.66666666666667,6.60909090909091,8,6,3,3,11,2305,1432,873,403,870,1435,6.70419245553146,7.06281641061453,6.11593414662085,6.1112158808933,6.79678517241379,6.64805610452962,110
"114",2012,3,6.28571428571429,14,6.41666666666667,6.1875,5.75,6.16666666666667,6.31818181818182,6,8,4,3,11,2319,1438,881,407,873,1446,6.70166606727038,7.06012037552156,6.11658400681044,6.10766584766585,6.79461981672394,6.64554668741355,111
"115",2012,4,6.75,12,6.875,6.5,6,7.25,6.5,8,4,2,4,8,2331,1446,885,409,877,1454,6.70191489060489,7.05909619640387,6.11831696045198,6.10713936430318,6.7966968072976,6.64474588033012,112
"116",2012,5,6.80555555555556,18,6.9,6.6875,7.33333333333333,7,6.76666666666667,10,8,3,3,15,2349,1456,893,412,880,1469,6.70270907194551,7.05800350274725,6.12341602463606,6.11606796116505,6.79738988636363,6.64599081688223,113
"117",2012,6,6.28571428571429,14,7,5.88888888888889,6,6,6.33333333333333,5,9,2,2,12,2363,1461,902,414,882,1481,6.70023851460009,7.05780499657769,6.12107595343681,6.11550724637681,6.79558174603174,6.64345746792708,114
"118",2012,7,7.18111111111111,9,7.15,7.24333333333333,6,7,7.20375,6,3,1,1,8,2372,1467,905,415,883,1489,6.70206307335582,7.05818207225631,6.12479614364641,6.11522891566265,6.79581325028312,6.64646777031565,115
"119",2012,8,6.95454545454545,11,7.0625,6.66666666666667,7,7.3,6.66666666666667,8,3,2,5,6,2383,1475,908,417,888,1495,6.7032285396559,7.05820549152542,6.12658646475771,6.11947242206235,6.79865213963964,6.6465488361204,116
"120",2012,9,6.45,10,6.25,6.58333333333333,6.75,7.16666666666667,6.14285714285714,4,6,2,3,7,2393,1479,914,419,891,1502,6.7021703343084,7.05601967545639,6.12958480306346,6.12248210023866,6.79989124579124,6.64420140479361,117
"121",2012,10,6,10,6.71428571428571,4.33333333333333,5,7.66666666666667,5.28571428571429,7,3,1,3,7,2403,1486,917,420,894,1509,6.69924827715356,7.0544098923284,6.12370829880044,6.11980952380952,6.80279988814318,6.63789960901259,118
"122",2012,11,6.65,8,6.95,5.75,6.75,7.06666666666667,6.4,6,2,2,3,5,2411,1492,919,422,897,1514,6.69908486520116,7.05399001340483,6.1228950054407,6.12279620853081,6.80368238573021,6.63711394319683,119
"123",2012,12,6.92380952380952,21,6.83333333333333,6.99166666666667,7.1,7.15,6.83333333333333,9,12,9,6,15,2432,1501,931,431,903,1529,6.70102533305921,7.05266695536309,6.13409292158969,6.14320185614849,6.80598349944629,6.63903892086331,120
"124",2013,1,6.21538461538462,13,6.2,6.25,6.5,6.4,6.1,9,4,2,5,8,2445,1510,935,433,908,1537,6.69844319427403,7.04758483443709,6.13458878074866,6.14484988452656,6.80374790748898,6.63623325309043,121
"125",2013,2,6.85454545454545,11,7.2,6.56666666666667,6.56666666666667,7.33333333333333,6.675,5,6,6,3,8,2456,1515,941,439,911,1545,6.69914234934854,7.04808785478548,6.13734379383634,6.15061503416857,6.80549187705818,6.63643398705501,122
"126",2013,3,6.61538461538461,13,7.08333333333333,6.21428571428571,6.375,NA,6.61538461538461,6,7,4,0,13,2469,1521,948,443,911,1558,6.69870134062374,7.04822689020381,6.13791193037975,6.15264108352144,6.80549187705818,6.63625835044929,123
"127",2013,4,6.53529411764706,17,6.72222222222222,6.325,6.5,6.25,6.69090909090909,9,8,5,6,11,2486,1530,956,448,917,1569,6.69758391391794,7.04630921568627,6.1394775209205,6.15651785714286,6.80185725190839,6.63664149776928,124
"128",2013,5,6.26666666666667,15,6.57142857142857,6,6.25,6.5,6.18181818181818,7,8,6,4,11,2501,1537,964,454,921,1580,6.69499944422231,7.04414645413143,6.13832003112033,6.15775330396476,6.80054625407166,6.63347500632911,125
"129",2013,6,6.96666666666667,18,7.28333333333333,6.33333333333333,6.66666666666667,6.7,7.13636363636364,12,6,3,7,11,2519,1549,970,457,928,1591,6.69694069472013,7.04599941897999,6.13952629896907,6.16109409190372,6.79978782327586,6.63695192331867,126
"130",2013,7,6.79545454545455,22,7.32142857142857,5.875,5.2,7.0625,6.64285714285714,14,8,5,8,14,2541,1563,978,462,936,1605,6.69779362849272,7.04846647472809,6.13736248466258,6.15069264069264,6.80203322649572,6.63700343302181,127
"131",2013,8,6.484375,16,6.86363636363636,5.65,5.875,6.75,6.36363636363636,11,5,2,5,11,2557,1574,983,464,941,1616,6.69645819710598,7.04717477763659,6.13488353001017,6.14950431034483,6.80175674814027,6.63514264232673,128
"132",2013,9,6.88,15,7.05555555555556,6.61666666666667,5.5,6.5,7.01818181818182,9,6,4,4,11,2572,1583,989,468,945,1627,6.69752861975117,7.04722242577385,6.137806380182,6.14395299145299,6.80047947089947,6.63773233558697,129
"133",2013,10,6.66666666666667,9,7,6,6,9,6,6,3,1,2,7,2581,1589,992,469,947,1634,6.69742100348702,7.0470441157961,6.13738962701613,6.1436460554371,6.80512470960929,6.6350003121175,130
"134",2013,11,6.36875,16,6.65,6.0875,7.25,6.66666666666667,6.3,8,8,4,3,13,2597,1597,1000,473,950,1647,6.69539607624182,7.04505516593613,6.13699051,6.1530021141649,6.80468747368421,6.63235610807529,131
"135",2013,12,6.64666666666667,15,7.35555555555556,5.58333333333333,5.66666666666667,6.08333333333333,7.02222222222222,9,6,3,6,9,2612,1606,1006,476,956,1656,6.69511623660031,7.04679520547945,6.13368837972167,6.14993697478992,6.80016014644351,6.63447494565217,132
"136",2014,1,6.66944444444444,18,7.305,5.875,6.4,6.875,6.61071428571429,10,8,5,4,14,2630,1616,1014,481,960,1670,6.69494053612167,7.04839300742574,6.13164744575937,6.15253638253638,6.80047197916666,6.63427575449102,133
"137",2014,2,6.7125,20,7.29166666666667,5.84375,5.79166666666667,6.60714285714286,6.76923076923077,12,8,6,7,13,2650,1628,1022,487,967,1683,6.69507306037736,7.05018617936118,6.12939384540117,6.14809034907598,6.79907249224405,6.63531818775995,134
"138",2014,3,6.87,10,7.9,5.84,6.675,NA,6.87,5,5,4,0,10,2660,1633,1027,491,967,1693,6.69573068045113,7.05278818126148,6.12798491723466,6.15238289205703,6.79907249224405,6.63670437684584,135
"139",2014,4,6.91111111111111,9,7.41666666666667,6.65833333333333,6.375,6,7.025,3,6,4,1,8,2669,1636,1033,495,968,1701,6.69645695391533,7.0534554400978,6.13106535333979,6.15418181818182,6.79824700413223,6.63853057613169,136
"140",2014,5,6.53357142857143,14,7.83,4.2,6.5,8,6.42076923076923,9,5,2,1,13,2683,1645,1038,497,969,1714,6.6956070108088,7.05770401215805,6.12176349710982,6.15557344064386,6.79948720330237,6.63687894399066,137
"141",2014,6,6.625,12,6.875,6.125,6,6.5,6.6875,8,4,2,4,8,2695,1653,1042,499,973,1722,6.69529261966605,7.05681978221416,6.12177592130518,6.1549498997996,6.79825601233299,6.63711411730546,138
"142",2014,7,6.34,10,6.73333333333333,5.75,6,6.25,6.3625,6,4,3,2,8,2705,1659,1046,502,975,1730,6.6939791534196,7.05564984930681,6.12035421606118,6.15402390438247,6.79713138461538,6.63584422543352,139
"143",2014,8,6.61111111111111,9,6.58333333333333,6.66666666666667,7,6.75,6.57142857142857,6,3,1,2,7,2714,1665,1049,503,977,1737,6.69370435151069,7.05394780780781,6.12191659675882,6.15570576540755,6.79703490276356,6.63558463442717,140
"144",2014,9,7.33333333333333,3,7.33333333333333,NA,NA,7,8,3,0,0,2,1,2717,1668,1049,503,979,1738,6.69441060360692,7.05445029976019,6.12191659675882,6.15570576540755,6.79744954034729,6.6363696835443,141
"145",2014,10,6.4375,8,6.9,5.66666666666667,5,5.75,6.66666666666667,5,3,1,2,6,2725,1673,1052,504,981,1744,6.69365637064221,7.05398870292887,6.12061835551331,6.1534126984127,6.79531406727829,6.6364739162844,142
"146",2014,11,6.43333333333333,9,6.38,6.5,6.66666666666667,7,6.15,5,4,3,3,6,2734,1678,1056,507,984,1750,6.69279941843453,7.05198039332539,6.12205540719697,6.15644970414201,6.7959381097561,6.63480600571428,143
"147",2014,12,6.91666666666667,12,7.9,6.21428571428571,6.83333333333333,7.5,6.72222222222222,5,7,3,3,9,2746,1683,1063,510,987,1759,6.69377771667881,7.05449976232917,6.12266275634995,6.16043137254902,6.79807811550152,6.63525327458783,144
"148",2015,1,6.375,12,6.5,6.2,5.5,6.83333333333333,6.22222222222222,7,5,2,3,9,2758,1690,1068,512,990,1768,6.69239072153735,7.05220301775148,6.12302482209738,6.1578515625,6.79818494949495,6.63315074095023,145
"149",2015,2,6.81071428571429,14,6.83888888888889,6.76,6.5,8.51666666666667,6.34545454545455,9,5,2,3,11,2772,1699,1073,514,993,1779,6.69298831529582,7.05107304296645,6.12599301957129,6.15918287937743,6.80337673716012,6.63137184373243,146
"150",2015,3,7.08333333333333,6,7.2,6.5,NA,6.66666666666667,7.5,5,1,0,3,3,2778,1704,1074,514,996,1782,6.69383139308856,7.05151003521127,6.12634125698324,6.15918287937743,6.80296495983936,6.63283418069585,147
"151",2015,4,6.65,10,7.08333333333333,6,5.66666666666667,7,6.61111111111111,6,4,3,1,9,2788,1710,1078,517,997,1791,6.69367417862267,7.05162169590643,6.12587245825603,6.1563249516441,6.80316258776329,6.63272501954215,148
"152",2015,5,6.7,5,6.625,7,7,NA,6.7,4,1,1,0,5,2793,1714,1079,518,997,1796,6.69368550304333,7.05062607934656,6.12668258572752,6.15795366795367,6.80316258776329,6.63291231069042,149
"153",2015,6,6.51666666666667,12,7.56,5.77142857142857,6,5,6.65454545454545,5,7,2,1,11,2805,1719,1086,520,998,1807,6.69292820320856,7.05210767888307,6.12439273480663,6.15734615384615,6.80135581162324,6.63304400110681,150
"154",2015,7,5.85714285714286,14,6,5.75,6,5,6.09090909090909,6,8,4,3,11,2819,1725,1094,524,1001,1818,6.68877744235545,7.04844817391304,6.12165494515539,6.15614503816794,6.79595714285714,6.62976375687569,151
"155",2015,8,7.13636363636364,11,7.64285714285714,6.25,6,6.33333333333333,7.4375,7,4,3,3,8,2830,1732,1098,527,1004,1826,6.69051717667845,7.05085051963048,6.12212250455373,6.15525616698292,6.79457480079681,6.63330257940854,152
"156",2015,9,7.20833333333333,12,7.16666666666667,7.33333333333333,7,7.5,7.11111111111111,9,3,1,3,9,2842,1741,1101,528,1007,1835,6.69270359254047,7.05144922458357,6.12542280653951,6.15685606060606,6.7966763654419,6.63564605449591,153
"157",2015,10,6.56842105263158,19,6.81666666666667,6.14285714285714,6.125,7,6.4875,12,7,4,3,16,2861,1753,1108,532,1010,1851,6.69187822789235,7.04984204221335,6.12553295126354,6.15661654135338,6.7972802970297,6.63436548352242,154
"158",2015,11,6.19444444444444,9,6.4375,6,6,NA,6.19444444444444,4,5,2,0,9,2870,1757,1113,534,1010,1860,6.69031833101046,7.04844797951053,6.12496901168014,6.15602996254682,6.7972802970297,6.63223683333333,155
"159",2015,12,6.925,8,7.1,6.63333333333333,7.45,7.75,6.65,5,3,2,2,6,2878,1762,1116,536,1012,1866,6.69097067755386,7.04859426787741,6.12633558243727,6.16085820895522,6.79916314229249,6.63229394962486,156
"160",2016,1,6.75,14,7.42857142857143,6.07142857142857,6.33333333333333,6.875,6.7,7,7,3,4,10,2892,1769,1123,539,1016,1876,6.69125643499309,7.05009785189372,6.12599333036509,6.16181818181818,6.79946171259842,6.63265485607676,157
"161",2016,2,6.86111111111111,9,6.82142857142857,7,7.5,6.25,7.16666666666667,7,2,1,3,6,2901,1776,1125,540,1019,1882,6.69178338848673,7.04919656531531,6.12754712,6.1642962962963,6.79784406280667,6.63435733793836,158
"162",2016,3,6.9125,16,7.25,6.575,5.5,5.66666666666667,7.2,8,8,2,3,13,2917,1784,1133,542,1022,1895,6.69299403839562,7.05009702914798,6.13070654015887,6.16184501845018,6.79452358121331,6.63823773614776,159
"163",2016,4,6.5,16,6.75,5.75,5.5,6.66666666666667,6.46153846153846,12,4,2,3,13,2933,1796,1137,544,1025,1908,6.69194122400273,7.04809192650334,6.12936720316622,6.15941176470588,6.79414936585366,6.63703381027254,160
"164",2016,5,7.08153846153846,13,7.91666666666667,6.36571428571429,6,9,6.92166666666667,6,7,1,1,12,2946,1802,1144,545,1026,1920,6.69366042430415,7.05098396226415,6.13081338286713,6.15911926605504,6.79629931773879,6.638812765625,161
"165",2016,6,6.60470588235294,17,7.0375,6.22,4.5,7.325,6.38307692307692,8,9,2,4,13,2963,1810,1153,547,1030,1933,6.69315005399933,7.05092436464088,6.1315095490026,6.15305301645338,6.79835252427184,6.63709286601138,162
"166",2016,7,5.95,10,6.4,5.5,5.33333333333333,5,6.1875,5,5,3,2,8,2973,1815,1158,550,1032,1941,6.69065039017827,7.049131184573,6.12878282383419,6.14858181818182,6.79486734496124,6.63523982998454,163
"167",2016,8,6.5,12,7,5.5,NA,6.75,6.25,8,4,0,6,6,2985,1823,1162,550,1038,1947,6.68988395644891,7.0489155787164,6.12661833907057,6.14858181818182,6.79460799614643,6.63405265023112,164
"168",2016,9,6.95833333333333,12,7.41666666666667,6.5,8,7,6.94444444444444,6,6,1,3,9,2997,1829,1168,551,1041,1956,6.69095882882883,7.05012197922362,6.12853639554794,6.15194192377495,6.79519990393852,6.63548083333333,165
"169",2016,10,6.5,5,6.625,6,NA,6.5,6.5,4,1,0,1,4,3002,1833,1169,551,1042,1960,6.69064077614924,7.04919427168576,6.12842644140291,6.15194192377495,6.79491660268714,6.63520434183673,166
"170",2016,11,6.17333333333333,15,6.45,5.85714285714286,4,5.125,6.55454545454545,8,7,2,4,11,3017,1841,1176,553,1046,1971,6.68806881339079,7.04659049429658,6.12681165816326,6.14415913200723,6.78853068833652,6.63475419076611,167
"171",2016,12,6.07142857142857,14,6.16666666666667,6,5,NA,6.07142857142857,6,8,1,0,14,3031,1847,1184,554,1046,1985,6.68522059056417,7.04373205197618,6.12595482263513,6.14209386281588,6.78853068833652,6.63078111335012,168
"172",2017,1,6.36666666666667,30,7.02777777777778,5.375,4.75,6.1875,6.43181818181818,18,12,4,8,22,3061,1865,1196,558,1054,2007,6.6820985331591,7.04357806970509,6.11842015886287,6.1321146953405,6.78396878557875,6.62860015445939,169
"173",2017,2,7,14,6.82142857142857,7.17857142857143,6.375,7.5,6.91666666666667,7,7,2,2,12,3075,1872,1203,560,1056,2019,6.6835458894309,7.04274738247863,6.12458895261845,6.13298214285714,6.78532490530303,6.63031228826151,170
"174",2017,3,6.05555555555556,9,6,6.1,5.83333333333333,6.5,6,4,5,3,1,8,3084,1876,1208,563,1057,2027,6.68171323281453,7.04052404051173,6.12448717715232,6.13138543516874,6.78505496688742,6.62782462259497,171
"175",2017,4,6.6,10,6.85714285714286,6,NA,NA,6.6,7,3,0,0,10,3094,1883,1211,563,1057,2037,6.68144913057531,7.03984232607541,6.12417878612717,6.13138543516874,6.78505496688742,6.62768802650957,172
"176",2017,5,6.73529411764706,17,7.75,6.025,5.55,6.25,6.83928571428571,7,10,4,3,14,3111,1890,1221,567,1060,2051,6.68174336547734,7.04247253968254,6.12336651105651,6.12728395061728,6.78354066037736,6.62913237932716,173
"177",2017,6,6.65833333333333,12,7.14285714285714,5.98,5,6.2,6.75,7,5,2,2,10,3123,1897,1226,569,1062,2061,6.68165341338457,7.04284296257248,6.12278181892333,6.1233216168717,6.78244171374764,6.62971883066472,174
"178",2017,7,6.21428571428571,14,7,6.08333333333333,6,6.1,6.27777777777778,2,12,4,5,9,3137,1899,1238,573,1067,2070,6.67956761555627,7.04279784096893,6.12239944264943,6.12246073298429,6.77924376757263,6.62818865217391,175
"179",2017,8,5.70833333333333,12,6.16666666666667,5.25,5,5.75,5.7,6,6,1,2,10,3149,1905,1244,574,1069,2080,6.67586650047634,7.04003837270341,6.11819172829582,6.12050522648083,6.77731814780168,6.62372620673077,176
"180",2017,9,6,10,6.8,5.2,3.5,5.33333333333333,6.28571428571429,5,5,2,3,7,3159,1910,1249,576,1072,2087,6.67372700538145,7.03941,6.11451602081665,6.11140625,6.77327714552239,6.62259248203162,177
"181",2017,10,7.35714285714286,7,8.5,6.9,6,7.25,7.4,2,5,1,2,5,3166,1912,1254,577,1074,2092,6.67523803221731,7.04093781380753,6.11764793460925,6.11121317157712,6.77416489757914,6.62445053059273,178
"182",2017,11,6.59375,16,6.75,6.5,6,NA,6.59375,6,10,1,0,16,3182,1918,1264,578,1074,2108,6.67482828724073,7.04002768508863,6.12067287183544,6.11102076124567,6.77416489757914,6.62421750948766,179
"183",2017,12,6.875,12,6.83333333333333,6.91666666666667,5.5,6,7.3125,6,6,2,4,8,3194,1924,1270,580,1078,2116,6.67558034126488,7.03938310810811,6.12443347244094,6.10891379310345,6.77129230055658,6.62681971172023,180
"184",2018,1,6.91875,16,7.125,6.3,NA,7,6.91333333333333,12,4,0,1,15,3210,1936,1274,580,1079,2131,6.67679240186916,7.03991379132231,6.12498470172684,6.10891379310345,6.77150426320667,6.62883646644768,181
"185",2018,2,6.54545454545455,11,6.85714285714286,6,6,6.5,6.55555555555556,7,4,4,2,9,3221,1943,1278,584,1081,2140,6.67634387146849,7.0392553268142,6.12459351330203,6.10816780821918,6.7710019426457,6.62852827570093,182
"186",2018,3,6.38888888888889,9,6.7,6,6.5,5.5,6.64285714285714,5,4,2,2,7,3230,1948,1282,586,1083,2147,6.6755429133127,7.03838454825462,6.12420476599064,6.10950511945392,6.76865475530932,6.62857499301351,183
"187",2018,4,6.495,10,7.125,6.075,6,NA,6.495,4,6,3,0,10,3240,1952,1288,589,1083,2157,6.67498568209877,7.03856203893442,6.12397555124223,6.10894736842105,6.76865475530932,6.62795573018081,184
"188",2018,5,7.35714285714286,7,8.375,6,5.5,6.75,7.6,4,3,2,2,5,3247,1956,1291,591,1085,2162,6.67645630120111,7.04129504089979,6.12368745933385,6.10688663282572,6.76862036866359,6.63020375115634,185
"189",2018,6,6.5,9,6.66666666666667,6.16666666666667,5,NA,6.5,6,3,1,0,9,3256,1962,1294,592,1085,2171,6.67596855343981,7.0401493883792,6.12378710200927,6.10501689189189,6.76862036866359,6.62966398433901,186
"190",2018,7,5.25,8,6.5,5.07142857142857,3.5,4.25,5.58333333333333,1,7,3,2,6,3264,1963,1301,595,1087,2177,6.67247353247549,7.03987422312786,6.11812491160645,6.09188235294117,6.7639862925483,6.62678020670648,187
"191",2018,8,6.1,5,6.83333333333333,5,6,6.83333333333333,5,3,2,1,3,2,3269,1966,1303,596,1090,2179,6.67159792291221,7.03955905391658,6.1164086799693,6.09172818791946,6.7641771559633,6.62528706287288,188
"192",2018,9,7.1,5,6.875,8,NA,8,6.875,4,1,0,1,4,3274,1970,1304,596,1091,2183,6.67225217165547,7.03922492385787,6.11785315184049,6.09172818791946,6.76530989917507,6.62574462207971,189
"193",2018,10,6.33333333333333,9,7.5,5.75,6.16666666666667,6.375,6.3,3,6,3,4,5,3283,1973,1310,599,1095,2188,6.67132306122449,7.03992554485555,6.11616832824427,6.09210350584307,6.76388410958904,6.62500023308958,190
"194",2018,11,5.96,10,6,5.8,6,5,6.06666666666667,8,2,1,1,9,3293,1981,1312,600,1096,2197,6.66916295475251,7.03572594649167,6.11568636432926,6.09195,6.76227472627737,6.62271302230314,191
"195",2018,12,6.83333333333333,9,7.07142857142857,6,6,7.25,6.71428571428571,7,2,2,2,7,3302,1988,1314,602,1098,2204,6.669610420957,7.03585165995976,6.11551028158295,6.09164451827242,6.7631631147541,6.62300386116152,192
"196",2019,1,6.53571428571429,14,7.5,5.8125,6.66666666666667,7,6.5,6,8,3,1,13,3316,1994,1322,605,1099,2217,6.66904511761158,7.03724829488465,6.11367663388805,6.09449586776859,6.76337861692447,6.62228259359495,193
"197",2019,2,5.5625,8,6.16666666666667,5.2,7,5.66666666666667,5.5,3,5,1,3,5,3324,1997,1327,606,1102,2222,6.66638195246691,7.03594046069103,6.11023399397136,6.0959900990099,6.76039301270417,6.61975720522052,194
"198",2019,3,6,9,7,5.71428571428571,5,5,6.125,2,7,3,1,8,3333,1999,1334,609,1103,2230,6.66458254125413,7.03590450225112,6.10815630434782,6.09059113300493,6.75879700815956,6.61798229147982,195
"199",2019,4,6.73076923076923,13,6.92857142857143,6.5,6,7,6.70833333333333,7,6,2,1,12,3346,2006,1340,611,1104,2242,6.66483969216976,7.03552996011964,6.10991082835821,6.090294599018,6.75901548913043,6.61846588314005,196
"200",2019,5,6.64285714285714,7,7.16666666666667,6.25,5,NA,6.64285714285714,3,4,1,0,7,3353,2009,1344,612,1104,2249,6.66479379958247,7.03572578397212,6.11032776041666,6.08851307189542,6.75901548913043,6.61854180080036,197
"201",2019,6,6.45,4,7,5.9,5,7,6.26666666666667,2,2,1,1,3,3357,2011,1346,613,1105,2252,6.66453786416444,7.03569025360517,6.11001523774145,6.08673735725938,6.75923357466063,6.61807305062167,198
"202",2019,7,6.92307692307692,13,7.125,6.6,5.5,6.5,7,8,5,1,2,11,3370,2019,1351,614,1107,2263,6.6655351958457,7.0360441307578,6.11182865284974,6.08578175895765,6.75876522131888,6.6199295227574,199
"203",2019,8,6.40333333333333,15,6.72142857142857,6.125,5.66666666666667,6.35,6.43,7,8,3,5,10,3385,2026,1359,617,1112,2273,6.66437329689808,7.03495710760118,6.1119061883738,6.08374392220421,6.75692724820144,6.61909393312802,200
"204",2019,9,6.125,8,6.3,5.83333333333333,6,5.75,6.25,5,3,1,2,6,3393,2031,1362,618,1114,2279,6.66310156498674,7.03314775972427,6.11129259177679,6.08360841423948,6.75511947935368,6.61812220710838,201
"205",2019,10,7.04,5,7,7.06666666666667,NA,NA,7.04,2,3,0,0,5,3398,2033,1365,618,1114,2284,6.66365615361978,7.03311515002459,6.11339231501831,6.08360841423948,6.75511947935368,6.61904575744308,202
"206",2019,11,6.1,5,5.66666666666667,6.75,5.5,5.5,6.25,3,2,1,1,4,3403,2036,1367,619,1115,2288,6.66282797825448,7.03110171905697,6.1143237088515,6.08266558966074,6.75399381165919,6.61840057255245,203
"207",2019,12,6.7875,8,7.2,6.1,NA,6.83333333333333,6.76,5,3,0,3,5,3411,2041,1370,619,1118,2293,6.66312037818822,7.03151548260656,6.11429234306569,6.08266558966074,6.75420670840787,6.61870933711295,204
"208",2020,1,6.57647058823529,17,6.52727272727273,6.66666666666667,7,7,6.55,11,6,2,1,16,3428,2052,1376,621,1119,2309,6.66269066802801,7.02881242690058,6.11670095203488,6.08561996779388,6.75442636282395,6.6182332221741,205
"209",2020,2,6.25263157894737,19,6.25,6.25555555555556,5.75,5.66666666666667,6.3625,10,9,4,3,16,3447,2062,1385,625,1122,2325,6.66043040615028,7.02503545101843,6.11760325631769,6.083472,6.7515179144385,6.61647333763441,206
"210",2020,3,6.55555555555556,9,6.33333333333333,7,6,7,6.42857142857143,6,3,1,2,7,3456,2068,1388,626,1124,2332,6.66015729456019,7.02302857833655,6.11951045389049,6.08333865814696,6.75196005338078,6.61590930960549,207
"211",2020,4,6.57,10,6.74444444444444,5,5,5,6.9625,9,1,1,2,8,3466,2077,1389,627,1126,2340,6.65989717541835,7.0218214251324,6.11870447084233,6.08161084529506,6.74884822380107,6.61709423504273,208
"212",2020,5,6.08333333333333,6,6.1,6,6,7,5.9,5,1,1,1,5,3472,2082,1390,628,1127,2345,6.6589008093318,7.01960763688761,6.11861907194244,6.08148089171975,6.74907107364685,6.61556524946695,209
"213",2020,6,6.31818181818182,11,6.75,5.16666666666667,6.5,6.5,6.27777777777778,8,3,1,2,9,3483,2090,1393,629,1129,2354,6.65782475165088,7.01857564593301,6.11656892318736,6.08214626391097,6.74862984942427,6.6142737935429,210
"214",2020,7,6.44666666666667,15,6.67,6,5,6.175,6.54545454545455,10,5,2,4,11,3498,2100,1398,631,1133,2365,6.65691927101201,7.01691576190476,6.1161520100143,6.07871632329636,6.74660467784643,6.61395370401691,211
"215",2020,8,6.05714285714286,14,6.725,5.16666666666667,5,5,6.13846153846154,8,6,2,1,13,3512,2108,1404,633,1134,2378,6.65452836275627,7.01580792220114,6.11209438034188,6.07530805687204,6.74506446208113,6.61135429352397,212
"216",2020,9,6.3,10,6.25,6.375,6.25,NA,6.3,6,4,2,0,10,3522,2114,1408,635,1134,2388,6.65352175184554,7.0136343897824,6.11284127130681,6.07585826771654,6.74506446208113,6.61005046482412,213
"217",2020,10,6.66666666666667,9,6.42857142857143,7.5,7,NA,6.66666666666667,7,2,1,0,9,3531,2121,1410,636,1134,2397,6.65355525630133,7.01170348892032,6.11480887234042,6.07731132075472,6.74506446208113,6.61026304130163,214
"218",2020,11,6.07818181818182,11,6.65111111111111,3.5,NA,6.14,6.055,9,2,0,3,8,3542,2130,1412,636,1137,2405,6.65176838226991,7.01017985915493,6.11110517705382,6.07731132075472,6.74346798592788,6.60841601247401,215
"219",2020,12,6.963498,10,6.58333333333333,7.533745,NA,6,7.07055333333333,6,4,0,1,9,3552,2136,1416,636,1138,2414,6.65264599943694,7.00898085205992,6.11512393361582,6.07731132075472,6.74281467486819,6.61013897680199,216
"220",2021,1,6.52727272727273,22,7.00625,5.25,5,6.2,6.57894736842105,16,6,5,3,19,3574,2152,1422,641,1141,2433,6.65187425573587,7.00896054832714,6.11147362165963,6.06890795631825,6.74138746713409,6.60989539251952,217
"221",2021,2,6.90666666666667,12,7.42857142857143,6.176,5.72,6.75,6.985,7,5,4,4,8,3586,2159,1427,645,1145,2441,6.65272687953151,7.01032102825382,6.11169971268395,6.06674418604651,6.74141755458515,6.61112473986071,218
"222",2021,3,7.11266666666667,9,7.28771428571429,6.5,NA,7.807,6.91428571428571,7,2,0,2,7,3595,2166,1429,645,1147,2448,6.65387832823366,7.0112174976916,6.11224317004898,6.06674418604651,6.74327558849172,6.61199162173202,219
"223",2021,4,6.44444444444444,9,7,5.33333333333333,NA,4.5,7,6,3,0,2,7,3604,2172,1432,645,1149,2455,6.65335532463929,7.01118651012891,6.11061137569832,6.06674418604651,6.73937084421236,6.6130979592668,220
"224",2021,5,7,11,7,7,NA,NA,7,9,2,0,0,11,3615,2181,1434,645,1149,2466,6.65441012171508,7.01114034846401,6.11185180613668,6.06674418604651,6.73937084421236,6.61482379967559,221
"225",2021,6,6.5,2,7,6,NA,NA,6.5,1,1,0,0,2,3617,2182,1435,645,1149,2468,6.65432474149848,7.01113524289642,6.11177386062717,6.06674418604651,6.73937084421236,6.61473074959481,222
"226",2021,7,6.66666666666667,6,6.8,6,NA,7.5,6.25,5,1,0,2,4,3623,2187,1436,645,1151,2472,6.6543451807894,7.01065253772291,6.11169602367688,6.06674418604651,6.74069252823632,6.61414057038835,223
"227",2021,8,5.94444444444444,9,6.375,5.6,7,5.75,6,4,5,1,2,7,3632,2191,1441,646,1153,2479,6.65258606552864,7.00949205842081,6.10992053435114,6.06818885448916,6.73897406764961,6.61240640984268,224
"228",2021,9,6.89,10,6.98571428571429,6.66666666666667,NA,8.4,6.72222222222222,7,3,0,1,9,3642,2198,1444,646,1154,2488,6.65323794343767,7.00941633303003,6.11107720914127,6.06818885448916,6.74041343154246,6.61280365353698,225
"229",2021,10,6,6,7.5,5.25,NA,4,6.4,2,4,0,1,5,3648,2200,1448,646,1155,2493,6.65216353892544,7.00986231818182,6.10869854281767,6.06818885448916,6.73804077922078,6.61237685118331,226
"230",2021,11,7.67857142857143,7,8.91666666666667,6.75,NA,10,7.29166666666667,3,4,0,1,6,3655,2203,1452,646,1156,2499,6.65412929958961,7.01245896504766,6.11046521349862,6.06818885448916,6.74086254325259,6.61400779911965,227
"231",2021,12,6.50909090909091,11,6.42857142857143,6.65,6.6,6.8,6.44444444444444,7,4,1,2,9,3666,2210,1456,647,1158,2508,6.65369410529187,7.01060954751131,6.11194745192307,6.06901081916538,6.74096468048359,6.61339931818182,228
"232",2022,1,6.19285714285714,14,6.625,6.02,5.74,5.94,6.33333333333333,4,10,5,5,9,3680,2214,1466,652,1163,2517,6.65194092119565,7.00991287262872,6.11132025238745,6.06648773006135,6.7375211521926,6.61239789034565,229
"233",2022,2,6.59846153846154,13,7.08666666666667,5.5,6,5.69,6.76363636363636,9,4,3,2,11,3693,2223,1470,655,1165,2528,6.65175266450041,7.01022361673414,6.10965679591836,6.06618320610687,6.73572283261802,6.61305596914557,230
"234",2022,3,7.01,2,8,6.02,NA,6.02,8,1,1,0,1,1,3695,2224,1471,655,1166,2529,6.65194657374831,7.01066866007194,6.10959584636301,6.06618320610687,6.7351090051458,6.61360438513246,231
"235",2022,4,7.04166666666667,12,6.78571428571429,7.4,NA,6,7.25,7,5,0,2,10,3707,2231,1476,655,1168,2539,6.6532081440518,7.00996284177499,6.11396713414634,6.06618320610687,6.73385025684931,6.61611086648287,232
"236",2022,5,7.06363636363636,11,7.53333333333333,6.5,5.5,NA,7.06363636363636,6,5,2,0,11,3718,2237,1481,657,1168,2550,6.65442242872512,7.01136660706303,6.11527041863605,6.06445966514459,6.73385025684931,6.61804136862745,233
"237",2022,6,6.28333333333333,12,6.60833333333333,5.95833333333333,7.95,9,6.03636363636364,6,6,1,1,11,3730,2243,1487,658,1169,2561,6.65322857640751,7.01028849754793,6.11463718224613,6.06732522796352,6.73578879384089,6.61554294806716,234
"238",2022,7,6.79857142857143,14,7.28,5.595,5.5,8,6.70615384615385,10,4,2,1,13,3744,2253,1491,660,1170,2574,6.65377205929487,7.01148561917443,6.11324311871227,6.06560606060606,6.73686931623932,6.61600057886558,235
"239",2022,8,6.6,7,6.4,7.1,7.7,5.25,7.14,5,2,1,2,5,3751,2258,1493,661,1172,2579,6.65367171154359,7.01013157661647,6.11456496316142,6.06807866868381,6.73433199658703,6.61701647537805,236
"240",2022,9,7.4,5,7.25,8,NA,NA,7.4,4,1,0,0,5,3756,2262,1494,661,1172,2584,6.65466522630458,7.01055574712644,6.11582696787148,6.06807866868381,6.73433199658703,6.61853153637771,237
"241",2022,10,7.4,10,8.08333333333333,6.375,6.75,5,7.66666666666667,6,4,2,1,9,3766,2268,1498,663,1173,2593,6.65664434147637,7.01339378306878,6.11651901869159,6.07013574660633,6.73285345268542,6.62216949093714,238
"242",2022,11,7.1875,8,7.58333333333333,6,NA,7.25,7.16666666666667,6,2,0,2,6,3774,2274,1500,663,1175,2599,6.65776963169052,7.01489758135444,6.11636366,6.07013574660633,6.73373370212766,6.6234265063486,239
"243",2022,12,5.85,8,6.75,4.95,5,5,6.13333333333333,4,4,2,2,6,3782,2278,1504,665,1177,2605,6.65606097038604,7.01443244073749,6.11326162898936,6.06691729323308,6.73078768054375,6.62229769289827,240
