"","year","month","avg_rating","no_ratings","avg_rating_owned","avg_rating_not_owned","avg_rating_prev_owned","avg_rating_comment","avg_rating_no_comment","no_ratings_owned","no_ratings_not_owned","no_ratings_prev_owned","no_ratings_comment","no_ratings_no_comment","cum_no_ratings","cum_no_ratings_owned","cum_no_ratings_not_owned","cum_no_ratings_prev_owned","cum_no_ratings_comment","cum_no_ratings_no_comment","cum_avg_rating","cum_avg_rating_owned","cum_avg_rating_not_owned","cum_avg_rating_prev_owned","cum_avg_rating_comment","cum_avg_rating_no_comment","month_after_release"
"1",2009,10,7.44155844155844,77,8.03030303030303,7,7.41666666666667,7.03846153846154,7.64705882352941,33,44,6,26,51,77,33,44,6,26,51,7.44155844155844,8.03030303030303,7,7.41666666666667,7.03846153846154,7.64705882352941,0
"2",2009,11,7.20921052631579,228,7.96190476190476,6.77013888888889,7.402,6.66052631578947,7.39210526315789,84,144,25,57,171,305,117,188,31,83,222,7.26786885245902,7.98119658119658,6.82393617021277,7.40483870967742,6.7789156626506,7.45067567567568,1
"3",2009,12,7.42962264150943,265,7.96165413533835,6.89356060606061,7.35185185185185,7.13591549295775,7.53711340206186,133,132,27,71,194,570,250,320,58,154,416,7.3430701754386,7.9708,6.85265625,7.3801724137931,6.94350649350649,7.49098557692308,2
"4",2010,1,7.3015873015873,252,7.78317757009346,6.94620689655172,6.75555555555556,7.12297297297297,7.37584269662921,107,145,27,74,178,822,357,465,85,228,594,7.33035279805353,7.91456582633053,6.88182795698925,7.18176470588235,7.00175438596491,7.45648148148148,3
"5",2010,2,7.21732026143791,153,7.77636363636364,6.90357142857143,6.515,6.875,7.28100775193798,55,98,20,24,129,975,412,563,105,252,723,7.31261538461538,7.89611650485437,6.88561278863233,7.0547619047619,6.98968253968254,7.42517289073306,4
"6",2010,3,7.2781045751634,153,7.57214285714286,7.03012048192771,7.25952380952381,7.22428571428571,7.29406779661017,70,83,21,35,118,1128,482,646,126,287,841,7.30793439716312,7.84906639004149,6.90417956656347,7.08888888888889,7.01829268292683,7.40677764565993,5
"7",2010,4,7.07378787878788,132,7.77150943396226,6.60569620253165,6.9375,6.68205128205128,7.23806451612903,53,79,24,39,93,1260,535,725,150,326,934,7.28340476190476,7.84138317757009,6.87165517241379,7.06466666666667,6.97806748466258,7.38997858672377,6
"8",2010,5,7.02478260869565,115,7.56447368421053,6.75844155844156,6.90434782608696,6.69375,7.15240963855422,38,77,23,32,83,1375,573,802,173,358,1017,7.26177454545455,7.82301919720768,6.8607855361596,7.04335260115607,6.95265363128492,7.37058997050147,7
"9",2010,6,6.80915492957747,71,7.40555555555556,6.44318181818182,6.22727272727273,6.13333333333333,6.99017857142857,27,44,11,15,56,1446,600,846,184,373,1073,7.23955048409405,7.80423333333333,6.83906619385343,6.9945652173913,6.91970509383378,7.35073625349487,8
"10",2010,7,6.96266666666667,75,7.59677419354839,6.51590909090909,6.92,7.25,6.90793650793651,31,44,10,12,63,1521,631,890,194,385,1136,7.22589743589744,7.7940412044374,6.82308988764045,6.99072164948454,6.93,7.32617957746479,9
"11",2010,8,6.77929292929293,99,7.33142857142857,6.47734375,7,6.2625,6.91012658227848,35,64,10,20,79,1620,666,954,204,405,1215,7.19860493827161,7.76972972972973,6.79989517819707,6.99117647058824,6.89703703703704,7.29912757201646,10
"12",2010,9,7.04545454545455,66,7.56818181818182,6.78409090909091,6.88181818181818,7.27777777777778,7.00877192982456,22,44,11,9,57,1686,688,998,215,414,1272,7.19260972716489,7.76328488372093,6.79919839679359,6.98558139534884,6.90531400966184,7.28611635220126,11
"13",2010,10,7.05245744680851,94,7.41874358974359,6.79272727272727,6.9,5.99061111111111,7.30394736842105,39,55,15,18,76,1780,727,1053,230,432,1348,7.18520842696629,7.74480192572215,6.7988603988604,6.98,6.86720138888889,7.28712166172107,12
"14",2010,11,6.72829545454545,88,7.56035714285714,6.34,6.56666666666667,6.2625,6.83180555555556,28,60,12,16,72,1868,755,1113,242,448,1420,7.16368361884368,7.73796158940397,6.77412398921833,6.95950413223141,6.84560491071429,7.2640352112676,13
"15",2010,12,6.69333333333333,105,7.27375,6.33615384615385,6.79444444444444,6.13478260869565,6.85,40,65,18,23,82,1973,795,1178,260,471,1502,7.13865230613279,7.71460503144654,6.74995755517827,6.94807692307692,6.81089384288747,7.24143142476698,14
"16",2011,1,6.94159292035398,113,7.39111111111111,6.64411764705882,6.40625,6.68,6.99784946236559,45,68,16,20,93,2086,840,1246,276,491,1595,7.12797746883989,7.697275,6.74418138041734,6.91666666666667,6.80556211812627,7.22722884012539,15
"17",2011,2,6.94588235294118,85,7.66923076923077,6.6271186440678,7.125,7.22307692307692,6.89583333333333,26,59,12,13,72,2171,866,1305,288,504,1667,7.12084799631506,7.69643302540416,6.73888888888889,6.92534722222222,6.81633134920635,7.21291541691662,16
"18",2011,3,7.08835820895522,67,7.29714285714286,6.93846153846154,6.4375,6.51764705882353,7.2824,28,39,8,17,50,2238,894,1344,296,521,1717,7.11987533512064,7.68392729306488,6.74468005952381,6.91216216216216,6.80658541266795,7.21493884682586,17
"19",2011,4,7.01136363636364,44,7.80555555555556,6.46153846153846,7.14285714285714,6.16666666666667,7.14473684210526,18,26,7,6,38,2282,912,1370,303,527,1755,7.11778308501315,7.68632785087719,6.73930656934307,6.91749174917492,6.79929981024668,7.2134188034188,18
"20",2011,5,6.91475409836066,61,7.56764705882353,6.09259259259259,5.55555555555556,6.36363636363636,7.036,34,27,9,11,50,2343,946,1397,312,538,1805,7.11249722577892,7.68206236786469,6.72680744452398,6.87820512820513,6.79039219330855,7.20850415512465,19
"21",2011,6,7.06382978723404,47,7.56190476190476,6.66153846153846,6.92,7.08181818181818,7.05833333333333,21,26,5,11,36,2390,967,1423,317,549,1841,7.11154016736402,7.67945294725957,6.7256148981026,6.8788643533123,6.79623132969035,7.20556762629006,20
"22",2011,7,6.73809523809524,63,7.48095238095238,6.36666666666667,6.3125,6.35294117647059,6.8804347826087,21,42,8,17,46,2453,988,1465,325,566,1887,7.1019490419894,7.67523380566802,6.71532423208191,6.86492307692308,6.78291696113074,7.19764175940646,21
"23",2011,8,6.86166666666667,60,7.41034482758621,6.34838709677419,6.53333333333333,6.19444444444444,7.14761904761905,29,31,12,18,42,2513,1017,1496,337,584,1929,7.09621209709511,7.66768043264503,6.70772058823529,6.85311572700297,6.76477910958904,7.19655261793675,22
"24",2011,9,6.463,50,7.47368421052632,5.84354838709677,6.375,6.11111111111111,6.54024390243902,19,31,8,9,41,2563,1036,1527,345,593,1970,7.08385914943426,7.66412258687259,6.6901768172888,6.84202898550725,6.75485834738617,7.18289340101523,23
"25",2011,10,6.6448275862069,58,6.88636363636364,6.49722222222222,6,6.75,6.628,22,36,8,8,50,2621,1058,1563,353,601,2020,7.07414383822969,7.64794990548204,6.68573256557901,6.82294617563739,6.75479367720466,7.16915841584158,24
"26",2011,11,6.81428571428571,77,7.33142857142857,6.38333333333333,6.39333333333333,6.9,6.796875,35,42,15,13,64,2698,1093,1605,368,614,2084,7.06672757598221,7.6378142726441,6.67781931464174,6.8054347826087,6.75786807817589,7.15772552783109,25
"27",2011,12,6.8859649122807,57,7.27884615384615,6.55645161290323,6.4,6.41666666666667,7.01111111111111,26,31,10,12,45,2755,1119,1636,378,626,2129,7.06298765880218,7.62947363717605,6.6755195599022,6.794708994709,6.75132747603834,7.15462658525129,26
"28",2012,1,6.67686567164179,67,7.58611111111111,6.34285714285714,6.27777777777778,7,6.66692307692308,18,49,9,2,65,2822,1137,1685,387,628,2194,7.05382034018427,7.62878715919085,6.66584569732938,6.78268733850129,6.75211942675159,7.14017775752051,27
"29",2012,2,7.06470588235294,51,7.35769230769231,6.76,7.75,6.22222222222222,7.2452380952381,26,25,4,9,42,2873,1163,1710,391,637,2236,7.05401357466063,7.62272656921754,6.66722222222222,6.7925831202046,6.74463265306122,7.1421511627907,28
"30",2012,3,6.721,50,7.30714285714286,6.29655172413793,6.65,6.9,6.69659090909091,21,29,6,6,44,2923,1184,1739,397,643,2280,7.04831713992474,7.61712922297297,6.6610408280621,6.7904282115869,6.74608242612753,7.13355263157895,29
"31",2012,4,6.93478260869565,46,7.30714285714286,6.35555555555556,6,6.65,6.96190476190476,28,18,2,4,42,2969,1212,1757,399,647,2322,7.0465581003705,7.60996782178218,6.65791121229368,6.78646616541353,6.74548840803709,7.13044788975021,30
"32",2012,5,6.73611111111111,36,7.2578947368421,6.15294117647059,5.9375,6.44444444444444,6.83333333333333,19,17,8,9,27,3005,1231,1774,407,656,2349,7.04283893510815,7.60453371242892,6.65307215332582,6.76977886977887,6.74135823170732,7.12703277990634,31
"33",2012,6,6.67441860465116,43,7.04666666666667,6.475,7.3,6.55555555555556,6.70588235294118,15,28,10,9,34,3048,1246,1802,417,665,2383,7.03764140419948,7.59781781701445,6.65030521642619,6.78249400479616,6.73884360902256,7.12102391942929,32
"34",2012,7,7.00848484848485,33,7.63076923076923,6.604,6.94285714285714,7.12,6.98857142857143,13,20,7,5,28,3081,1259,1822,424,670,2411,7.03732911392405,7.59815806195393,6.64979692645444,6.78514150943396,6.74168805970149,7.11948569058482,33
"35",2012,8,6.50185185185185,54,6.69473684210526,6.39714285714286,5.91666666666667,6.25,6.57380952380952,19,35,6,12,42,3135,1278,1857,430,682,2453,7.02810558213716,7.5847269170579,6.64503500269251,6.77302325581395,6.7330366568915,7.11014268242968,34
"36",2012,9,6.33823529411765,34,7.08333333333333,5.93181818181818,6,6.54545454545455,6.23913043478261,12,22,7,11,23,3169,1290,1879,437,693,2476,7.02070400757337,7.58006279069768,6.63668440659925,6.76064073226545,6.73005916305916,7.10205169628433,35
"37",2012,10,6.7195652173913,46,7.3304347826087,6.10869565217391,6.35,6.75,6.715,23,23,10,6,40,3215,1313,1902,447,699,2516,7.01639533437014,7.57569002284844,6.63029968454259,6.75145413870246,6.73023032904149,7.09589825119237,36
"38",2012,11,6.92282608695652,46,7.56136363636364,6.3375,6.31111111111111,6.81785714285714,6.96875,22,24,9,14,32,3261,1335,1926,456,713,2548,7.01507543698252,7.57545393258427,6.62665109034268,6.74276315789474,6.73195091164095,7.09430141287284,37
"39",2012,12,6.60232558139535,43,7.16842105263158,6.15416666666667,6.31428571428571,6.08076923076923,6.82833333333333,19,24,7,13,30,3304,1354,1950,463,726,2578,7.00970369249395,7.56974224519941,6.6208358974359,6.73628509719222,6.72029063360881,7.09120636152056,38
"40",2013,1,6.70535714285714,56,7.48125,6.1234375,6.525,6.625,6.72282608695652,24,32,10,10,46,3360,1378,1982,473,736,2624,7.00463125,7.56820101596517,6.61280524722503,6.73181818181818,6.71899592391304,7.08474847560975,39
"41",2013,2,6.87525,40,7.35357142857143,6.61769230769231,7.5,6.57,6.91885714285714,14,26,6,5,35,3400,1392,2008,479,741,2659,7.00310911764706,7.56604238505747,6.61286852589641,6.74144050104384,6.71799055330634,7.08256487401278,40
"42",2013,3,6.35,30,6.95454545454545,6,5.83333333333333,6.77777777777778,6.16666666666667,11,19,6,9,21,3430,1403,2027,485,750,2680,6.99739679300292,7.56124803991447,6.60712382831771,6.73020618556701,6.718708,7.07538805970149,41
"43",2013,4,6.33939393939394,33,7.15,5.7421052631579,5.9375,6.75,6.28275862068966,14,19,8,4,29,3463,1417,2046,493,754,2709,6.9911264799307,7.55718489767114,6.59909090909091,6.71734279918864,6.71887400530504,7.06690291620524,42
"44",2013,5,6.79888888888889,45,7.46666666666667,6.465,6.27777777777778,6.43636363636364,6.91617647058824,15,30,9,11,34,3508,1432,2076,502,765,2743,6.98866049030787,7.55623673184358,6.59715317919075,6.70946215139442,6.71481176470588,7.06503463361283,43
"45",2013,6,6.6106976744186,43,7.0025,6.11578947368421,5.8,7.25,6.57951219512195,24,19,6,2,41,3551,1456,2095,508,767,2784,6.98408363841171,7.5471092032967,6.59278758949881,6.69872047244095,6.7162073011734,7.05788433908046,44
"46",2013,7,6.71,25,7.29545454545455,6.25,6.05,6.43333333333333,6.79736842105263,11,14,2,6,19,3576,1467,2109,510,773,2803,6.98216750559284,7.54522222222222,6.59051209103841,6.69617647058824,6.71401164294955,7.05611844452372,45
"47",2013,8,6.69090909090909,33,7.34285714285714,6.21052631578947,5.8,6.01666666666667,6.84074074074074,14,19,5,6,27,3609,1481,2128,515,779,2830,6.97950429481851,7.54330925050642,6.58711936090226,6.68747572815534,6.7086405648267,7.05406360424028,46
"48",2013,9,6.45588235294118,34,7.36363636363636,6.02173913043478,6.25,5.71428571428571,6.64814814814815,11,23,8,7,27,3643,1492,2151,523,786,2857,6.97461734833928,7.5419845844504,6.58107391910739,6.68078393881453,6.69978498727736,7.05022751137557,47
"49",2013,10,7.02146428571429,28,7.18673333333333,6.83076923076923,7,4.5,7.21542307692308,15,13,1,2,26,3671,1507,2164,524,788,2883,6.97497466630346,7.53844857332449,6.58257393715342,6.68139312977099,6.69420177664975,7.05171730835935,48
"50",2013,11,6.68463414634146,41,7.15117647058824,6.35416666666667,6.25,7.25,6.58771428571429,17,24,6,6,35,3712,1524,2188,530,794,2918,6.97176778017241,7.53412860892388,6.58006855575868,6.67650943396226,6.69840176322418,7.04615181631254,49
"51",2013,12,6.26219512195122,41,6.75,5.84090909090909,5.8,6.66666666666667,6.23026315789474,19,22,5,3,38,3753,1543,2210,535,797,2956,6.96401598721023,7.52447310434219,6.57271040723982,6.66831775700935,6.69828230865747,7.03566339648173,50
"52",2014,1,6.69318181818182,44,7.21111111111111,6.33461538461538,6.92857142857143,6.8,6.67948717948718,18,26,7,5,39,3797,1561,2236,542,802,2995,6.96087753489597,7.5208597053171,6.56994186046512,6.67167896678967,6.69891645885287,7.03102537562604,51
"53",2014,2,7.05147058823529,34,7.265625,6.86111111111111,5.375,6.6,7.12931034482759,16,18,4,5,29,3831,1577,2254,546,807,3024,6.96168154528844,7.51827013316424,6.57226708074534,6.66217948717949,6.69830359355638,7.03196792328042,52
"54",2014,3,6.56551724137931,29,6.70625,6.39230769230769,6.16666666666667,7.33333333333333,6.47692307692308,16,13,6,3,26,3860,1593,2267,552,810,3050,6.95870518134715,7.51011424984306,6.57123511248346,6.65679347826087,6.70065555555556,7.02723639344262,53
"55",2014,4,6.77931034482759,29,7.74166666666667,6.1,6.7,6.38571428571429,6.90454545454545,12,17,6,7,22,3889,1605,2284,558,817,3072,6.95736744664438,7.51184548286604,6.56772767075307,6.65725806451613,6.69795716034272,7.02635774739583,54
"56",2014,5,6.7,29,6.86176470588235,6.47083333333333,5,5,6.76071428571429,17,12,4,1,28,3918,1622,2296,562,818,3100,6.95546248085758,7.50503205918619,6.5672212543554,6.64546263345196,6.69588141809291,7.02395838709677,55
"57",2014,6,6.88636363636364,22,7.25,6.45,7,6.3,7.05882352941176,12,10,2,5,17,3940,1634,2306,564,823,3117,6.95507664974619,7.50315911872705,6.56671292281006,6.64671985815603,6.69347630619684,7.02414854026307,56
"58",2014,7,6.43269230769231,26,6.625,6.34722222222222,6.5625,6.15,6.5,8,18,4,5,21,3966,1642,2324,568,828,3138,6.95165204236006,7.49888063337393,6.56501290877797,6.64612676056338,6.69019444444445,7.02064085404716,57
"59",2014,8,6.24090909090909,22,7.16666666666667,5.89375,4.66666666666667,5.5,6.40555555555556,6,16,3,4,18,3988,1648,2340,571,832,3156,6.94773119358074,7.49767111650485,6.56042307692308,6.63572679509632,6.68447235576923,7.01713276299113,58
"60",2014,9,6.50344827586207,29,6.96428571428571,6.07333333333333,6.5,6.8,6.44166666666667,14,15,6,5,24,4017,1662,2355,577,837,3180,6.94452377396067,7.49317809867629,6.55732059447983,6.63431542461005,6.68516248506571,7.01278962264151,59
"61",2014,10,6.488,25,7.12,6.06666666666667,6.64285714285714,6.05555555555556,6.73125,10,15,7,9,16,4042,1672,2370,584,846,3196,6.94170014844136,7.4909461722488,6.55421518987342,6.63441780821918,6.67846453900709,7.01138016270338,60
"62",2014,11,6.659375,32,7.20714285714286,6.23333333333333,6.9,6.42,6.7037037037037,14,18,3,5,27,4074,1686,2388,587,851,3223,6.93948257241041,7.48858956109134,6.55179648241206,6.63577512776831,6.67694594594595,7.00880266832144,61
"63",2014,12,6.4,28,7,6.11578947368421,5.87,5.86666666666667,6.54545454545455,9,19,10,6,22,4102,1695,2407,597,857,3245,6.93580009751341,7.48599528023599,6.54835479850436,6.62294807370184,6.67127304550759,7.00566132511556,62
"64",2015,1,6.47368421052632,38,6.85833333333333,6.29615384615385,6,5.7,6.59090909090909,12,26,4,5,33,4140,1707,2433,601,862,3278,6.93155845410628,7.48158289396602,6.54565967940814,6.61880199667221,6.66563921113689,7.00148596705308,63
"65",2015,2,6.70625,40,6.98461538461538,6.57222222222222,6.74545454545455,6.36666666666667,6.76617647058824,13,27,11,6,34,4180,1720,2460,612,868,3312,6.9294023923445,7.47782674418604,6.5459512195122,6.62107843137255,6.66357258064516,6.99907035024154,64
"66",2015,3,7.165625,16,7.70833333333333,6.84,7.63333333333333,7.4,7.15,6,10,3,1,15,4196,1726,2470,615,869,3327,6.93030314585319,7.47862804171495,6.54714170040486,6.6260162601626,6.66442002301496,6.99975082657048,65
"67",2015,4,6.686,25,7.64,6.05,6.25,5,6.75625,10,15,5,1,24,4221,1736,2485,620,870,3351,6.9288561952144,7.47955760368663,6.54414084507042,6.62298387096774,6.66250689655172,6.9980068636228,66
"68",2015,5,6.47777777777778,27,6.85,6.25882352941176,6.42857142857143,6.5,6.475,10,17,7,3,24,4248,1746,2502,627,873,3375,6.92598917137476,7.47595189003436,6.54220223820943,6.62081339712919,6.66194845360825,6.9942877037037,67
"69",2015,6,6.2500625,16,7.16666666666667,5.7001,5.8002,3.5005,6.64285714285714,6,10,5,2,14,4264,1752,2512,632,875,3389,6.92345286116323,7.47489269406393,6.53884992038217,6.61432120253165,6.65472228571429,6.99283593980525,68
"70",2015,7,6.56764705882353,17,6.69444444444444,6.425,7.2,3,6.790625,9,8,2,1,16,4281,1761,2520,634,876,3405,6.92203994393833,7.47090403180011,6.53848849206349,6.61616876971609,6.6505502283105,6.99188575624082,69
"71",2015,8,6.07777777777778,18,6.26,5.85,4.6,6.1,6.07333333333333,10,8,3,3,15,4299,1771,2528,637,879,3420,6.91850500116306,7.46406662902315,6.53630973101266,6.60667346938776,6.64867121729238,6.98785701754386,70
"72",2015,9,6.465,20,8.06,5.93333333333333,6,6.33333333333333,6.48823529411765,5,15,5,3,17,4319,1776,2543,642,882,3437,6.91640495485066,7.46574436936937,6.5327530475816,6.60194859813084,6.64759863945578,6.98538580157114,71
"73",2015,10,6.66666666666667,27,7.09090909090909,6.375,6.21428571428571,7.3,6.52272727272727,11,16,7,5,22,4346,1787,2559,649,887,3459,6.91485342843994,7.46343704532736,6.53176670574443,6.59776733436055,6.6512762119504,6.98244319167389,72
"74",2015,11,6.96969696969697,33,7.3,6.72631578947368,6.4,7.16666666666667,6.95,14,19,9,3,30,4379,1801,2578,658,890,3489,6.91526672756337,7.46216657412548,6.53320054305663,6.5950623100304,6.65301348314607,6.98216423043852,73
"75",2015,12,6.49757575757576,33,6.83333333333333,6.30571428571429,5.875,6.50666666666667,6.49666666666667,12,21,4,3,30,4412,1813,2599,662,893,3519,6.91214256572983,7.45800441257584,6.53136244709504,6.59071148036254,6.65252183650616,6.97802529127593,74
"76",2016,1,6.81538461538462,39,7.14,6.47368421052632,6.91666666666667,6.5,6.85142857142857,20,19,6,4,35,4451,1833,2618,668,897,3554,6.9112947652213,7.4545346426623,6.53094385026738,6.59363922155689,6.65184169453735,6.97677855936972,75
"77",2016,2,6.48636363636364,33,7.18333333333333,5.65,5.75,6.16666666666667,6.51833333333333,18,15,6,3,30,4484,1851,2633,674,900,3584,6.90816748438894,7.45189735278228,6.52592518040258,6.5861290801187,6.65022444444445,6.97294112723214,76
"78",2016,3,6.92272727272727,22,7.5,6.44166666666667,6.5,NA,6.92272727272727,10,12,3,0,22,4506,1861,2645,677,900,3606,6.9082385707945,7.45215583019882,6.52554291115312,6.58574741506647,6.65022444444445,6.97263477537437,77
"79",2016,4,6.86428571428571,28,7.65384615384615,6.18,6.02857142857143,6.83333333333333,6.868,13,15,7,3,25,4534,1874,2660,684,903,3631,6.90796713718571,7.45355496264674,6.52359436090225,6.58004532163743,6.65083277962348,6.97191434866428,78
"80",2016,5,6.58333333333333,12,5.66666666666667,6.88888888888889,6.98,NA,6.58333333333333,3,9,5,0,12,4546,1877,2669,689,903,3643,6.90711020677519,7.4506989877464,6.5248261521169,6.58294775036284,6.65083277962348,6.97063436727971,79
"81",2016,6,6.67272727272727,22,7.18181818181818,6.16363636363636,5.83333333333333,7.4,6.6,11,11,6,2,20,4568,1888,2680,695,905,3663,6.90598139229422,7.44913241525424,6.52334365671642,6.57647625899281,6.65248839779006,6.9686107016107,80
"82",2016,7,7.38125,16,7.76,6.75,5.5,7.5,7.37333333333333,10,6,1,1,15,4584,1898,2686,696,906,3678,6.90764027050611,7.45077028451001,6.52384996276992,6.57492959770115,6.6534238410596,6.97026128330614,81
"83",2016,8,6.60434782608696,23,6.95384615384615,6.15,5.91666666666667,5.6,6.88333333333333,13,10,6,5,18,4607,1911,2696,702,911,3696,6.9061261124376,7.44738984824699,6.52246327893175,6.56930341880342,6.64764215148189,6.96983793290043,82
"84",2016,9,7.02758620689655,29,7.15333333333333,6.89285714285714,7,5.7,7.24,15,14,6,4,25,4636,1926,2710,708,915,3721,6.90688589301122,7.44509968847352,6.52437675276753,6.57295338983051,6.64349945355191,6.97165305025531,83
"85",2016,10,6.6,35,7.09375,6.18421052631579,6.21428571428571,6.5,6.61290322580645,16,19,7,4,31,4671,1942,2729,715,919,3752,6.90458638407193,7.44220494335736,6.5220084279956,6.56944195804196,6.64287486398259,6.96868896588486,84
"86",2016,11,6.66363636363636,33,7.24,6.18333333333333,6.2875,6.625,6.66896551724138,15,18,8,4,29,4704,1957,2747,723,923,3781,6.90289604591837,7.44065508431272,6.51978922460866,6.56632226832642,6.64279739978332,6.96639010843692,85
"87",2016,12,6.47321428571429,28,6.91071428571429,6.03571428571429,5.28571428571429,5.4375,6.64583333333333,14,14,7,4,24,4732,1971,2761,730,927,3805,6.90035355029586,7.43689091831557,6.51733466135458,6.55404246575343,6.63759654800432,6.96436819973719,86
"88",2017,1,7.096875,32,7.23333333333333,6.97647058823529,6.68333333333333,7.275,7.07142857142857,15,17,6,4,28,4764,1986,2778,736,931,3833,6.90167359361881,7.43535347432024,6.52014434845212,6.55509646739131,6.6403351235231,6.96515027393686,87
"89",2017,2,6.6328,25,7.10416666666667,6.19769230769231,6.65285714285714,6.0175,6.75,12,13,7,4,21,4789,1998,2791,743,935,3854,6.90026999373564,7.43336436436436,6.51864242207094,6.55601749663526,6.6376705882353,6.96397794499222,88
"90",2017,3,6.26451612903226,31,6.77647058823529,5.64285714285714,6.35714285714286,8,6.20666666666667,17,14,7,1,30,4820,2015,2805,750,936,3884,6.89618112033195,7.4278223325062,6.51427130124777,6.55416133333333,6.63912606837607,6.95812847579815,89
"91",2017,4,6.67758620689655,29,7.41666666666667,6.15588235294118,6.35714285714286,6,6.70178571428571,12,17,7,1,28,4849,2027,2822,757,937,3912,6.89487378840998,7.42775629008387,6.51211233167966,6.55233949801849,6.6384439701174,6.95629371165644,90
"92",2017,5,6.58166666666667,30,6.625,6.56590909090909,6.14,6.90555555555556,6.44285714285714,8,22,5,9,21,4879,2035,2844,762,946,3933,6.89294794015167,7.42460049140049,6.51252848101266,6.54963385826772,6.64098520084567,6.95355225019069,91
"93",2017,6,6.8925,12,7.3,6.485,7,9,6.70090909090909,6,6,1,1,11,4891,2041,2850,763,947,3944,6.89294684113678,7.4242341989221,6.51247052631579,6.55022411533421,6.6434762407603,6.95284761663286,92
"94",2017,7,6.71296296296296,27,6.86818181818182,6.60625,6.83333333333333,NA,6.71296296296296,11,16,6,0,27,4918,2052,2866,769,947,3971,6.89195872305815,7.42125341130604,6.512994068388,6.55243302990897,6.6434762407603,6.95121657013347,93
"95",2017,8,7.01612903225806,31,7.64285714285714,6.5,6.125,7,7.01724137931035,14,17,4,2,29,4949,2066,2883,773,949,4000,6.89273651242675,7.42275508228461,6.51291744710371,6.5502212160414,6.64422760800843,6.95169525,94
"96",2017,9,6.4875,24,6.51,6.47142857142857,6.6,6,6.585,10,14,6,4,20,4973,2076,2897,779,953,4020,6.89078081640861,7.41835838150289,6.51271694856748,6.55060462130937,6.64152360965373,6.94987089552239,95
"97",2017,10,6.72121212121212,33,7.18181818181818,6.49090909090909,6.16666666666667,6.75,6.71724137931034,11,22,3,4,29,5006,2087,2919,782,957,4049,6.88966300439473,7.41711164350742,6.51255258650223,6.54913171355499,6.64197701149425,6.94820474191158,96
"98",2017,11,6.55384615384615,26,6.64166666666667,6.47857142857143,6.86666666666667,7.27142857142857,6.28947368421053,12,14,6,7,19,5032,2099,2933,788,964,4068,6.88792786168521,7.41267841829442,6.51239038527105,6.55154949238579,6.64654771784232,6.94512807276303,97
"99",2017,12,6.74347826086957,23,7.06875,6,7,6.375,6.82105263157895,16,7,2,4,19,5055,2115,2940,790,968,4087,6.8872706231454,7.41007659574468,6.51117040816326,6.55268481012658,6.64542561983471,6.94455126009298,98
"100",2018,1,5.6375,20,6.17857142857143,5.34615384615385,6.375,5,5.75,7,13,4,3,17,5075,2122,2953,794,971,4104,6.88234541871921,7.40601413760603,6.50604165255672,6.55178967254408,6.64034191555098,6.93960307017544,99
"101",2018,2,6.46875,16,7.21428571428571,5.88888888888889,5.2,6,6.625,7,9,5,4,12,5091,2129,2962,799,975,4116,6.88104557061481,7.40538374823861,6.50416644159352,6.54333041301627,6.63771487179487,6.93868586005831,100
"102",2018,3,6.86071428571429,14,7.28571428571429,6.43571428571429,7.25,6.43333333333333,6.97727272727273,7,7,1,3,11,5105,2136,2969,800,978,4127,6.88098981390793,7.40499157303371,6.50400505220613,6.54421375,6.63708793456033,6.93878870850497,101
"103",2018,4,7.15833333333333,12,7.77142857142857,6.3,6.125,8,7.08181818181818,7,5,4,1,11,5117,2143,2974,804,979,4138,6.88164021887825,7.40618852076528,6.50366207128446,6.54212810945274,6.63848008171604,6.93916892218463,102
"104",2018,5,6.40625,16,6.9,6.18181818181818,5.8,NA,6.40625,5,11,5,0,16,5133,2148,2985,809,979,4154,6.88015838690824,7.40501024208566,6.50247604690117,6.53754140914709,6.63848008171604,6.93711627347135,103
"105",2018,6,6.76769230769231,13,7.33333333333333,5.495,5.99333333333333,6.66666666666667,6.798,9,4,3,3,10,5146,2157,2989,812,982,4164,6.87987427127866,7.40471117292536,6.50112780194045,6.53553078817734,6.63856619144603,6.93678218059558,104
"106",2018,7,6.16153846153846,13,7.26666666666667,5.21428571428571,4,5,6.25833333333333,6,7,1,1,12,5159,2163,2996,813,983,4176,6.87806415972088,7.40432824780397,6.49812116154873,6.53241205412054,6.6368992878942,6.93483261494253,105
"107",2018,8,6.48275862068965,29,7.0875,6.25238095238095,6.75,6.16666666666667,6.51923076923077,8,21,4,3,26,5188,2171,3017,817,986,4202,6.87585447185814,7.40316075541225,6.49641067285383,6.53347735618115,6.63546855983773,6.93226106615897,106
"108",2018,9,6.74921666666667,24,6.96294285714286,6.45,6.375,6.2375,7.005075,14,10,4,8,16,5212,2185,3027,821,994,4218,6.87527133537989,7.40034013729977,6.49625735051206,6.53270523751523,6.63226559356137,6.93253726884779,107
"109",2018,10,6.86521739130435,23,7.45833333333333,6.21818181818182,4,6,6.94761904761905,12,11,1,2,21,5235,2197,3038,822,996,4239,6.87522716332378,7.40065689576695,6.49525049374588,6.52962408759124,6.63099598393574,6.93261198395848,108
"110",2018,11,6.76842105263158,19,7.26,6.22222222222222,NA,7.33333333333333,6.6625,10,9,0,3,16,5254,2207,3047,822,999,4255,6.87484092120289,7.40001957408246,6.4944440433213,6.52962408759124,6.63310510510511,6.9315962867215,109
"111",2018,12,6.52941176470588,17,6.72727272727273,6.16666666666667,6,7,6.5,11,6,1,1,16,5271,2218,3053,823,1000,4271,6.87372684500095,7.39668313796213,6.49379986898133,6.52898055893074,6.633472,6.92997944275345,110
"112",2019,1,6.90681818181818,22,7.11,6.7375,6.67,7.375,6.80277777777778,10,12,5,4,18,5293,2228,3065,828,1004,4289,6.87386438692613,7.39539640933572,6.49475399673736,6.52983212560386,6.63642629482072,6.92944560503614,111
"113",2019,2,6.45238095238095,21,6.9375,6.15384615384615,6,5.66666666666667,6.58333333333333,8,13,4,3,18,5314,2236,3078,832,1007,4307,6.87219875799774,7.39375813953488,6.49331416504223,6.52728485576923,6.63353723932473,6.92799911771535,112
"114",2019,3,6.73076923076923,13,6.625,6.77777777777778,6.5,6,6.79166666666667,4,9,1,1,12,5327,2240,3087,833,1008,4319,6.87185361366623,7.39238535714285,6.49414350502105,6.52725210084034,6.63290873015873,6.92762032877981,113
"115",2019,4,6.5,20,6.61111111111111,6.40909090909091,6,NA,6.5,9,11,3,0,20,5347,2249,3098,836,1008,4339,6.87046272676267,7.38925887060916,6.49384151065203,6.52536004784689,6.63290873015873,6.92564927402627,114
"116",2019,5,7.13636363636364,11,7.875,6.71428571428571,6.25,6.83333333333333,7.25,4,7,4,3,8,5358,2253,3105,840,1011,4347,6.87100862262038,7.3901212605415,6.4943384863124,6.52404880952381,6.63350346191889,6.92624619277663,115
"117",2019,6,6.83888888888889,18,7.04444444444444,6.63333333333333,6.5,6.66666666666667,6.87333333333333,9,9,2,3,15,5376,2262,3114,842,1014,4362,6.87090107886905,7.38874588859416,6.49474020552344,6.52399168646081,6.63360157790927,6.92606423658872,116
"118",2019,7,5.875,8,7.33333333333333,5,5.5,5,6,3,5,2,1,7,5384,2265,3119,844,1015,4369,6.86942128528975,7.38867249448123,6.4923440205194,6.52156516587678,6.6319921182266,6.92458049897002,117
"119",2019,8,6.75,14,7,6.61111111111111,3,5,7.04166666666667,5,9,1,2,12,5398,2270,3128,845,1017,4381,6.86911155983698,7.3878163876652,6.49268574168798,6.51739763313609,6.62878269419862,6.92490120976946,118
"120",2019,9,6.20294117647059,17,6.75,5.975,6,5.33333333333333,6.38928571428571,5,12,3,3,14,5415,2275,3140,848,1020,4395,6.86702016620499,7.38641459340659,6.49070732484076,6.51556721698113,6.62497254901961,6.92319503981797,119
"121",2019,10,6.33888888888889,18,6.56363636363636,5.98571428571429,7.2,5.5,6.38823529411765,11,7,1,1,17,5433,2286,3147,849,1021,4412,6.86527042149825,7.38245546806649,6.48958404829997,6.51637338044759,6.62387071498531,6.92113377153218,120
"122",2019,11,6.41428571428571,7,7.125,5.46666666666667,6,3.9,6.83333333333333,4,3,1,1,6,5440,2290,3150,850,1022,4418,6.86469011029412,7.38200576419214,6.48860984126984,6.51576588235294,6.62120547945205,6.9210145314622,121
"123",2019,12,6.75294117647059,17,6.88333333333333,6.44,6,NA,6.75294117647059,12,5,1,0,17,5457,2302,3155,851,1022,4435,6.86434198277442,7.37940625543006,6.48853280507132,6.5151598119859,6.62120547945205,6.92037028184893,122
"124",2020,1,6.64375,16,6.6625,6.625,NA,6.8,6.63333333333333,8,8,0,1,15,5473,2310,3163,851,1023,4450,6.86369709482916,7.37692346320346,6.48887796395827,6.5151598119859,6.62138025415445,6.91940274157303,123
"125",2020,2,6.98529411764706,17,7.0625,6.91666666666667,6,7.5,6.91666666666667,8,9,2,2,15,5490,2318,3172,853,1025,4465,6.86407362477231,7.37583830888697,6.49009174022699,6.51395193434935,6.62309463414634,6.91939354983203,124
"126",2020,3,6.5,11,6.75,6.35714285714286,6.5,NA,6.5,4,7,3,0,11,5501,2322,3179,856,1025,4476,6.86334560988911,7.37476020671834,6.48979899339415,6.51390303738318,6.62309463414634,6.91836286863271,125
"127",2020,4,6.4675,20,7.6625,5.67083333333333,6.11,5.94,6.64333333333333,8,12,5,5,15,5521,2330,3191,861,1030,4491,6.86191164644086,7.37574815450643,6.48671921027891,6.5115574912892,6.6197786407767,6.9174442663104,126
"128",2020,5,6.36363636363636,11,6.18571428571429,6.675,6.7,6,6.44444444444444,7,4,1,2,9,5532,2337,3195,862,1032,4500,6.8609208604483,7.37218365425759,6.48695492957746,6.51177610208817,6.61857751937985,6.91649826666667,127
"129",2020,6,7.05454545454545,22,7.425,6.61,6.625,7.16666666666667,7.03684210526316,12,10,4,3,19,5554,2349,3205,866,1035,4519,6.86168782859201,7.37245346956151,6.48733884555382,6.51229907621247,6.62016618357488,6.91700424872759,128
"130",2020,7,6.175,12,6.32,6.07142857142857,7,7.1,6.09090909090909,5,7,2,1,11,5566,2354,3212,868,1036,4530,6.86020736615164,7.37021801189464,6.48643244084682,6.51342281105991,6.62062934362935,6.91499827814569,129
"131",2020,8,6.8575,8,6.97666666666667,6.5,NA,7.5,6.64333333333333,6,2,0,2,6,5574,2360,3214,868,1038,4536,6.86020348044492,7.36921745762711,6.4864408836341,6.51342281105991,6.62232369942197,6.9146389329806,130
"132",2020,9,6.98823529411765,17,7.5,6.70909090909091,7.8,7.4,6.93333333333333,6,11,1,2,15,5591,2366,3225,869,1040,4551,6.86059277410123,7.36954911242603,6.48720031007752,6.51490333716916,6.62381923076923,6.91470054932982,131
"133",2020,10,6.79411764705882,17,7.25,6.38888888888889,5.75,6.5,6.83333333333333,8,9,4,2,15,5608,2374,3234,873,1042,4566,6.86039126248217,7.36914625105307,6.486926716141,6.51139862542955,6.62358157389636,6.9144332457293,132
"134",2020,11,6.47,20,7.03846153846154,5.41428571428571,3,8.5,6.24444444444444,13,7,1,2,18,5628,2387,3241,874,1044,4584,6.8590039445629,7.36734528697109,6.48460999691453,6.50738100686499,6.62717624521073,6.91180239965096,133
"135",2020,12,6.84090909090909,22,7.02941176470588,6.2,5,5.83333333333333,7,17,5,1,3,19,5650,2404,3246,875,1047,4603,6.85893348672566,7.36495557404326,6.48417159581023,6.50565828571429,6.62490162368673,6.9121664566587,134
"136",2021,1,6.05238095238095,21,6.4,5.67,7,NA,6.05238095238095,11,10,2,0,21,5671,2415,3256,877,1047,4624,6.85594678187269,7.36056033126294,6.48167106879607,6.50678563283922,6.62490162368673,6.90826172145329,135
"137",2021,2,6.86666666666667,15,7.05,6.65714285714286,5.5,7.5,6.82142857142857,8,7,3,1,14,5686,2423,3263,880,1048,4638,6.8559750615547,7.35953495666529,6.4820475022985,6.50335340909091,6.62573664122138,6.90799961190168,136
"138",2021,3,6.83333333333333,12,7.125,6.25,5,NA,6.83333333333333,8,4,2,0,12,5698,2431,3267,882,1048,4650,6.85592737802738,7.35876314273961,6.48176339149066,6.49994444444444,6.62573664122138,6.90780692473118,137
"139",2021,4,5.66666666666667,12,5.4,5.85714285714286,6.75,NA,5.66666666666667,5,7,2,0,12,5710,2436,3274,884,1048,4662,6.85342805604203,7.35474269293924,6.4804279169212,6.50051018099547,6.62573664122138,6.90461222651223,138
"140",2021,5,6.29166666666667,12,6.83333333333333,5.75,6,7,6.22727272727273,6,6,3,1,11,5722,2442,3280,887,1049,4673,6.85224994757078,7.35346158886159,6.47909176829268,6.49881736189402,6.62609342230696,6.9030178044083,139
"141",2021,6,7.25,12,7.66666666666667,6,6,7.5,7.22727272727273,9,3,2,1,11,5734,2451,3283,889,1050,4684,6.85308235088943,7.35461166870665,6.47865397502284,6.49769516310461,6.62692571428572,6.9037792912041,140
"142",2021,7,6.77142857142857,7,6.96666666666667,6.625,6,NA,6.77142857142857,3,4,1,0,7,5741,2454,3287,890,1050,4691,6.85298279045463,7.35413740831296,6.47883206571342,6.49713595505618,6.62692571428572,6.90358179492645,141
"143",2021,8,6.46428571428571,14,7.33333333333333,5.8125,6,5,6.57692307692308,6,8,1,1,13,5755,2460,3295,891,1051,4704,6.85203721980886,7.35408666666666,6.47721426403642,6.49657800224467,6.62537773549001,6.90267903911565,142
"144",2021,9,6.796,10,7.292,6.3,NA,NA,6.796,5,5,0,0,10,5765,2465,3300,891,1051,4714,6.85194001734605,7.35396073022312,6.47694575757576,6.49657800224467,6.62537773549001,6.90245273652949,143
"145",2021,10,6.46428571428571,14,7.57142857142857,5.35714285714286,5.66666666666667,6.66666666666667,6.40909090909091,7,7,3,3,11,5779,2472,3307,894,1054,4725,6.85100089980966,7.35457653721683,6.47457544602359,6.49379306487696,6.62549525616698,6.90130416931217,144
"146",2021,11,6.56923076923077,13,7,6.06666666666667,6.13333333333333,5,6.7,7,6,3,1,12,5792,2479,3313,897,1055,4737,6.85036847375691,7.35357531262606,6.47383670389375,6.49258751393534,6.62395450236967,6.90079421574836,145
"147",2021,12,6.04666666666667,15,6.52222222222222,5.33333333333333,5.66666666666667,6.9,5.83333333333333,9,6,3,3,12,5807,2488,3319,900,1058,4749,6.84829244015843,7.35056800643087,6.4717749322085,6.48983444444444,6.62473724007562,6.8980969046115,146
"148",2022,1,6.83684210526316,19,6.975,6.6,6.06666666666667,NA,6.83684210526316,12,7,3,0,19,5826,2500,3326,903,1058,4768,6.84825509783728,7.34876528,6.47204479855683,6.48842857142857,6.62473724007562,6.89785281040268,147
"149",2022,2,6.3,20,6.94444444444444,5.77272727272727,5.25,6,6.33333333333333,9,11,4,2,18,5846,2509,3337,907,1060,4786,6.8463794389326,7.3473149461937,6.4697395864549,6.48296692392503,6.62355849056604,6.89572966987046,148
"150",2022,3,6.78461538461538,13,6.91111111111111,6.5,7,NA,6.78461538461538,9,4,1,0,13,5859,2518,3341,908,1060,4799,6.84624239631336,7.34575583796664,6.46977581562406,6.48353634361233,6.62355849056604,6.89542867264013,149
"151",2022,4,6.72727272727273,11,7,5.5,NA,7.5,6.55555555555556,9,2,0,2,9,5870,2527,3343,908,1062,4808,6.8460194548552,7.34452441630392,6.46919563266527,6.48353634361233,6.62520903954802,6.89479247088186,150
"152",2022,5,6.61785714285714,14,6.565,6.75,7.5,NA,6.61785714285714,10,4,2,0,14,5884,2537,3347,910,1062,4822,6.84547658055744,7.34145179345684,6.46953122198984,6.48577032967033,6.62520903954802,6.89398842803816,151
"153",2022,6,6.5,12,6.83333333333333,6.38888888888889,5.75,6.5,6.5,3,9,2,1,11,5896,2540,3356,912,1063,4833,6.84477343962008,7.34085165354331,6.46931495828367,6.48415679824561,6.62509125117592,6.89309170287606,152
"154",2022,7,6.91666666666667,12,7.375,6,8,8.5,6.77272727272727,8,4,1,1,11,5908,2548,3360,913,1064,4844,6.84491946513202,7.34095886970173,6.46875625,6.48581708652793,6.62685338345865,6.89281837324525,153
"155",2022,8,6.7,14,6.85714285714286,6.54285714285714,5.825,NA,6.7,7,7,4,0,14,5922,2555,3367,917,1064,4858,6.84457686592367,7.33963334637965,6.46891030591031,6.48293456924755,6.62685338345865,6.89226270069988,154
"156",2022,9,7.34444444444444,9,7.26,7.45,7,6.76666666666667,7.63333333333333,5,4,1,3,6,5931,2560,3371,918,1067,4864,6.84533539032204,7.3394778125,6.47007445861762,6.48349782135076,6.62724648547329,6.89317685032895,155
"157",2022,10,6.05714285714286,7,6.8,4.2,NA,NA,6.05714285714286,5,2,0,0,7,5938,2565,3373,918,1067,4871,6.84440623105423,7.33842619883041,6.46872843166321,6.48349782135076,6.62724648547329,6.89197540546089,156
"158",2022,11,6.6,10,7,6.42857142857143,NA,NA,6.6,3,7,0,0,10,5948,2568,3380,918,1067,4881,6.84399532616006,7.33803084112149,6.46864526627219,6.48349782135076,6.62724648547329,6.89137721778324,157
"159",2022,12,6.74230769230769,13,7.525,6.07142857142857,7.33333333333333,7.5,6.67916666666667,6,7,3,1,12,5961,2574,3387,921,1068,4893,6.84377356148297,7.33846666666667,6.46782432831414,6.48626601520087,6.62806367041199,6.89085677498467,158
