"","year","month","avg_rating","no_ratings","avg_rating_owned","avg_rating_not_owned","avg_rating_prev_owned","avg_rating_comment","avg_rating_no_comment","no_ratings_owned","no_ratings_not_owned","no_ratings_prev_owned","no_ratings_comment","no_ratings_no_comment","cum_no_ratings","cum_no_ratings_owned","cum_no_ratings_not_owned","cum_no_ratings_prev_owned","cum_no_ratings_comment","cum_no_ratings_no_comment","cum_avg_rating","cum_avg_rating_owned","cum_avg_rating_not_owned","cum_avg_rating_prev_owned","cum_avg_rating_comment","cum_avg_rating_no_comment","month_after_release"
"1",2003,1,7.25,6,7.125,7.5,8,7.25,NA,4,2,1,6,0,6,4,2,1,6,0,7.25,7.125,7.5,8,7.25,NA,0
"2",2003,2,5.83333333333333,6,5.66666666666667,6,7,5.6,7,3,3,1,5,1,12,7,5,2,11,1,6.54166666666667,6.5,6.6,7.5,6.5,7,1
"3",2003,3,7,4,6.5,7.5,NA,7.33333333333333,6,2,2,0,3,1,16,9,7,2,14,2,6.65625,6.5,6.85714285714286,7.5,6.67857142857143,6.5,2
"4",2003,4,6.66666666666667,3,7.5,5,NA,7.5,5,2,1,0,2,1,19,11,8,2,16,3,6.65789473684211,6.68181818181818,6.625,7.5,6.78125,6,3
"5",2003,5,7.5,4,7.5,NA,NA,8,7,4,0,0,2,2,23,15,8,2,18,5,6.80434782608696,6.9,6.625,7.5,6.91666666666667,6.4,4
"6",2003,6,6,1,NA,6,NA,6,NA,0,1,0,1,0,24,15,9,2,19,5,6.77083333333333,6.9,6.55555555555556,7.5,6.86842105263158,6.4,5
"7",2003,7,6,13,6.28571428571429,5.66666666666667,NA,7,5.7,7,6,0,3,10,37,22,15,2,22,15,6.5,6.70454545454545,6.2,7.5,6.88636363636364,5.93333333333333,6
"8",2003,8,6.8,10,7.25,6.5,7,6.6,7,4,6,1,5,5,47,26,21,3,27,20,6.56382978723404,6.78846153846154,6.28571428571429,7.33333333333333,6.83333333333333,6.2,7
"9",2003,9,6.64444444444444,9,7.2,6.2,NA,6.33333333333333,6.8,4,5,0,3,6,56,30,26,3,30,26,6.57678571428571,6.84333333333333,6.26923076923077,7.33333333333333,6.78333333333333,6.33846153846154,8
"10",2003,10,6.21428571428571,7,7.5,5.25,NA,5.75,6.83333333333333,3,4,0,4,3,63,33,30,3,34,29,6.53650793650794,6.9030303030303,6.13333333333333,7.33333333333333,6.66176470588235,6.38965517241379,9
"11",2003,11,6,3,8,5,NA,6,NA,1,2,0,3,0,66,34,32,3,37,29,6.51212121212121,6.93529411764706,6.0625,7.33333333333333,6.60810810810811,6.38965517241379,10
"12",2003,12,6.1,10,7,5.875,NA,6.75,5.9375,2,8,0,2,8,76,36,40,3,39,37,6.45789473684211,6.93888888888889,6.025,7.33333333333333,6.61538461538461,6.29189189189189,11
"13",2004,1,7.4,5,7.33333333333333,7.5,NA,NA,7.4,3,2,0,0,5,81,39,42,3,39,42,6.51604938271605,6.96923076923077,6.09523809523809,7.33333333333333,6.61538461538461,6.42380952380952,12
"14",2004,2,6.66666666666667,9,6.875,5,NA,7,6.57142857142857,8,1,0,2,7,90,47,43,3,41,49,6.53111111111111,6.9531914893617,6.06976744186047,7.33333333333333,6.63414634146341,6.44489795918367,13
"15",2004,3,6.35,10,7.08333333333333,5.25,NA,6.4,6.3,6,4,0,5,5,100,53,47,3,46,54,6.513,6.96792452830189,6,7.33333333333333,6.60869565217391,6.43148148148148,14
"16",2004,4,7.16666666666667,6,7.16666666666667,NA,NA,6.5,7.5,6,0,0,2,4,106,59,47,3,48,58,6.55,6.98813559322034,6,7.33333333333333,6.60416666666667,6.5051724137931,15
"17",2004,5,5.68461538461538,13,6.2,3.96666666666667,2,5.9875,5.2,10,3,1,8,5,119,69,50,4,56,63,6.45546218487395,6.87391304347826,5.878,6,6.51607142857143,6.4015873015873,16
"18",2004,6,6.36363636363636,11,7,5.83333333333333,7,5,6.66666666666667,5,6,2,2,9,130,74,56,6,58,72,6.44769230769231,6.88243243243243,5.87321428571429,6.33333333333333,6.46379310344828,6.43472222222222,17
"19",2004,7,6.7,7,6.65,7,NA,7,6.475,6,1,0,3,4,137,80,57,6,61,76,6.46058394160584,6.865,5.89298245614035,6.33333333333333,6.49016393442623,6.43684210526316,18
"20",2004,8,6.16666666666667,6,6.66666666666667,5.66666666666667,NA,6.5,6,3,3,0,2,4,143,83,60,6,63,80,6.44825174825175,6.85783132530121,5.88166666666667,6.33333333333333,6.49047619047619,6.415,19
"21",2004,9,6,5,7,5.33333333333333,NA,6,6,2,3,0,4,1,148,85,63,6,67,81,6.43310810810811,6.86117647058824,5.85555555555556,6.33333333333333,6.46119402985075,6.40987654320988,20
"22",2004,10,5.79166666666667,12,6.6875,4,NA,5.5,6,8,4,0,5,7,160,93,67,6,72,88,6.385,6.84623655913979,5.74477611940299,6.33333333333333,6.39444444444444,6.37727272727273,21
"23",2004,11,5.91666666666667,6,7.5,4.33333333333333,NA,5.66666666666667,6.16666666666667,3,3,0,3,3,166,96,70,6,75,91,6.36807228915663,6.86666666666667,5.68428571428571,6.33333333333333,6.36533333333333,6.37032967032967,22
"24",2004,12,6.5,7,7,6.3,5,6,6.58333333333333,2,5,1,1,6,173,98,75,7,76,97,6.37341040462428,6.86938775510204,5.72533333333333,6.14285714285714,6.36052631578947,6.38350515463918,23
"25",2005,1,7.25,8,7.33333333333333,7,NA,8.5,6.83333333333333,6,2,0,2,6,181,104,77,7,78,103,6.4121546961326,6.89615384615385,5.75844155844156,6.14285714285714,6.41538461538462,6.40970873786408,24
"26",2005,2,5.625,8,6.66666666666667,5,7,4.5,6.75,3,5,1,4,4,189,107,82,8,82,107,6.37883597883598,6.88971962616822,5.71219512195122,6.25,6.3219512195122,6.42242990654206,25
"27",2005,3,5.95454545454545,11,5.78571428571429,6.25,NA,5.8,6.08333333333333,7,4,0,5,6,200,114,86,8,87,113,6.3555,6.8219298245614,5.73720930232558,6.25,6.29195402298851,6.40442477876106,26
"28",2005,4,6.0625,8,6.21428571428571,5,NA,5.125,7,7,1,0,4,4,208,121,87,8,91,117,6.34423076923077,6.78677685950413,5.72873563218391,6.25,6.24065934065934,6.42478632478633,27
"29",2005,5,5.44,10,6.5,4.73333333333333,NA,4.48,6.4,4,6,0,5,5,218,125,93,8,96,122,6.30275229357798,6.7776,5.66451612903226,6.25,6.14895833333333,6.42377049180328,28
"30",2005,6,5.90909090909091,11,6.4,5.5,NA,5.5,6.4,5,6,0,6,5,229,130,99,8,102,127,6.28384279475982,6.76307692307692,5.65454545454545,6.25,6.11078431372549,6.42283464566929,29
"31",2005,7,6.21428571428571,7,6.83333333333333,5.75,NA,6.16666666666667,6.25,3,4,0,3,4,236,133,103,8,105,131,6.28177966101695,6.76466165413534,5.65825242718447,6.25,6.11238095238095,6.4175572519084,30
"32",2005,8,6.33823529411765,17,6.34090909090909,6.33333333333333,7,6.575,6,11,6,1,10,7,253,144,109,9,115,138,6.28557312252964,6.73229166666667,5.6954128440367,6.33333333333333,6.15260869565217,6.3963768115942,31
"33",2005,9,5.8125,12,6.375,5.25,6,6.08333333333333,5.54166666666667,6,6,1,6,6,265,150,115,10,121,144,6.26415094339623,6.718,5.67217391304348,6.3,6.14917355371901,6.36076388888889,32
"34",2005,10,5.5,13,5.5,5.5,6.5,5.27777777777778,6,7,6,2,9,4,278,157,121,12,130,148,6.22841726618705,6.66369426751592,5.66363636363636,6.33333333333333,6.08884615384615,6.35101351351351,33
"35",2005,11,5.95,15,6.71875,5.07142857142857,4.83333333333333,6.9375,5.59090909090909,8,7,3,4,11,293,165,128,15,134,159,6.2141638225256,6.66636363636364,5.63125,6.03333333333333,6.11417910447761,6.29842767295597,34
"36",2005,12,5.33333333333333,15,6,4.33333333333333,6,4,6,9,6,2,5,10,308,174,134,17,139,169,6.17126623376623,6.63189655172414,5.57313432835821,6.02941176470588,6.03812949640288,6.28076923076923,35
"37",2006,1,6.59444444444444,18,7.13076923076923,5.2,NA,6.63333333333333,6.55555555555556,13,5,0,9,9,326,187,139,17,148,178,6.19463190184049,6.66657754010695,5.55971223021583,6.02941176470588,6.07432432432433,6.29466292134831,36
"38",2006,2,6.34666666666667,15,7.08333333333333,5.85555555555556,NA,6.525,6.14285714285714,6,9,0,8,7,341,193,148,17,156,185,6.20131964809384,6.67953367875648,5.5777027027027,6.02941176470588,6.0974358974359,6.28891891891892,37
"39",2006,3,6.375,16,6.72727272727273,5.6,NA,7.33333333333333,6.15384615384615,11,5,0,3,13,357,204,153,17,159,198,6.20910364145658,6.68210784313726,5.57843137254902,6.02941176470588,6.12075471698113,6.2800505050505,38
"40",2006,4,5.7,10,6.3,5.1,NA,5,6.16666666666667,5,5,0,4,6,367,209,158,17,163,204,6.19523160762943,6.67296650717703,5.56329113924051,6.02941176470588,6.09325153374233,6.27671568627451,39
"41",2006,5,5.72222222222222,9,6.1,5.25,NA,5.25,6.1,5,4,0,4,5,376,214,162,17,167,209,6.18390957446808,6.65957943925234,5.55555555555556,6.02941176470588,6.07305389221557,6.27248803827751,40
"42",2006,6,6.0625,16,6.45454545454545,5.2,NA,5.57142857142857,6.44444444444444,11,5,0,7,9,392,225,167,17,174,218,6.17895408163265,6.64955555555556,5.54491017964072,6.02941176470588,6.05287356321839,6.2795871559633,41
"43",2006,7,6.47272727272727,22,7.16666666666667,5.64,5.5,6.69333333333333,6,12,10,2,15,7,414,237,177,19,189,225,6.1945652173913,6.67573839662447,5.55028248587571,5.97368421052632,6.10370370370371,6.27088888888889,42
"44",2006,8,6.65,16,6.8125,6.4875,NA,6.41428571428571,6.83333333333333,8,8,0,7,9,430,245,185,19,196,234,6.21151162790698,6.68020408163265,5.59081081081081,5.97368421052632,6.11479591836735,6.29252136752137,43
"45",2006,9,6.13888888888889,18,6.5,5.95833333333333,8,5.83333333333333,6.29166666666667,6,12,1,6,12,448,251,197,20,202,246,6.20859375,6.67589641434263,5.61319796954315,6.075,6.10643564356436,6.29247967479675,44
"46",2006,10,6.08333333333333,12,6.78571428571429,5.1,NA,6,6.1,7,5,0,2,10,460,258,202,20,204,256,6.20532608695652,6.67887596899225,5.60049504950495,6.075,6.10539215686275,6.2849609375,45
"47",2006,11,6.50092307692308,13,6.168,7.25,7,6.6424,6.4125,9,4,1,5,8,473,267,206,21,209,264,6.21345031712474,6.66165543071161,5.63252427184466,6.11904761904762,6.11823923444976,6.28882575757576,46
"48",2006,12,6.52380952380952,21,6.90909090909091,6.1,5,6.5,6.53333333333333,11,10,1,6,15,494,278,216,22,215,279,6.22664372469636,6.67144604316547,5.65416666666667,6.06818181818182,6.12889302325582,6.30197132616487,47
"49",2007,1,6.07619047619048,21,5.9,6.23636363636364,7,6.22727272727273,5.91,10,11,3,11,10,515,288,227,25,226,289,6.22050873786408,6.64465972222222,5.68237885462555,6.18,6.13368141592921,6.28840830449827,48
"50",2007,2,6.99240538461538,13,7.3875,6.360254,NA,7.42,6.72515875,8,5,0,5,8,528,296,232,25,231,297,6.23951376893939,6.66473648648649,5.69698823275862,6.18,6.16152380952381,6.30017262626262,49
"51",2007,3,5.71052631578947,19,6.7,4.61111111111111,NA,5.8125,5.63636363636364,10,9,0,8,11,547,306,241,25,239,308,6.22113943327239,6.66588888888889,5.65643680497925,6.18,6.1498410041841,6.27646516233766,50
"52",2007,4,6.46875,16,7.22222222222222,5.5,6.25,6.83333333333333,6.25,9,7,2,6,10,563,315,248,27,245,318,6.22817632326821,6.68178412698413,5.65202125,6.18518518518519,6.16657959183674,6.2756329245283,51
"53",2007,5,5.7,10,4.6,6.8,8,7,4.4,5,5,2,5,5,573,320,253,29,250,323,6.21895858638744,6.64925625,5.6747085770751,6.31034482758621,6.183248,6.24659835913313,52
"54",2007,6,6.69230769230769,13,6.72727272727273,6.5,6,6.5,6.72727272727273,11,2,1,2,11,586,331,255,30,252,334,6.22945950511945,6.65184894259819,5.68118145098039,6.3,6.18576190476191,6.26242895209581,53
"55",2007,7,6.22222222222222,18,6.9375,5.65,7,6.58333333333333,6.04166666666667,8,10,1,6,12,604,339,265,31,258,346,6.22924382450331,6.65858997050147,5.68000479245283,6.32258064516129,6.19500775193799,6.2547724566474,54
"56",2007,8,6.35,10,6.625,6.16666666666667,6,6.5,6.25,4,6,1,4,6,614,343,271,32,262,352,6.23121053745928,6.65819825072886,5.69077959409594,6.3125,6.19966412213741,6.25469110795455,55
"57",2007,9,6.5,14,6.8125,6.08333333333333,6.83333333333333,6.8125,6.08333333333333,8,6,3,8,6,628,351,277,35,270,358,6.23720265923567,6.6617150997151,5.6992825631769,6.35714285714286,6.21782222222222,6.25181918994414,56
"58",2007,10,6.31363636363636,11,6.42857142857143,6.1125,6.45,6.83333333333333,6.11875,7,4,1,3,8,639,358,281,36,273,366,6.23851841940532,6.657156424581,5.70516466192171,6.35972222222222,6.22458608058608,6.24891057377049,57
"59",2007,11,6.16,15,7,5.425,6.7,6.4875,5.78571428571429,7,8,2,8,7,654,365,289,38,281,373,6.2367175382263,6.66373150684931,5.69740923875433,6.37763157894737,6.23207117437723,6.24021788203753,58
"60",2007,12,6.31153846153846,26,6.79285714285714,5.75,7,6.34615384615385,6.27692307692308,14,12,2,13,13,680,379,301,40,294,386,6.23957833823529,6.66850131926121,5.69950588039867,6.40875,6.2371156462585,6.24145406735751,59
"61",2008,1,6.0875,16,6.4,5.9,NA,5.92857142857143,6.21111111111111,6,10,0,7,9,696,385,311,40,301,395,6.23608228448276,6.66431688311688,5.70595263665595,6.40875,6.22994019933555,6.24076270886076,60
"62",2008,2,6.33125,16,6.8125,5.85,NA,6.42857142857143,6.25555555555556,8,8,0,7,9,712,393,319,40,308,404,6.23822088483146,6.66733333333333,5.70956510971787,6.40875,6.23445454545455,6.24109225247525,61
"63",2008,3,5.93055555555556,18,6.575,5.125,6,5.775,6.125,10,8,1,10,8,730,403,327,41,318,412,6.23063461643836,6.66504218362283,5.69526382262997,6.39878048780488,6.22000628930818,6.23883803398058,62
"64",2008,4,6.19047619047619,21,6.75,5.84615384615385,5,6.6,5.81818181818182,8,13,1,10,11,751,411,340,42,328,423,6.22951167776298,6.66669586374696,5.70103314705882,6.36547619047619,6.23159146341463,6.22789898345154,63
"65",2008,5,5.15333333333333,15,5.75,4.47142857142857,5.4,4.97777777777778,5.41666666666667,8,7,2,9,6,766,419,347,44,337,429,6.20843768929504,6.64919331742243,5.67622844380403,6.32159090909091,6.19810682492582,6.21655307692308,64
"66",2008,6,5.1,15,5.5,4.9,6.5,5.14285714285714,5.0625,5,10,1,7,8,781,424,357,45,344,437,6.18714887323944,6.63564150943396,5.65448535014006,6.32555555555556,6.17663372093023,6.19542624713959,65
"67",2008,7,5.5741935483871,31,6.84545454545455,4.875,4.875,5.23529411764706,5.98571428571429,11,20,16,17,14,812,435,377,61,361,451,6.16374786945813,6.64094712643678,5.61313334217507,5.94508196721311,6.13230470914128,6.18891634146342,66
"68",2008,8,5.86451612903226,31,6.93636363636364,5.275,5.125,5.17857142857143,6.42941176470588,11,20,12,14,17,843,446,397,73,375,468,6.15274409252669,6.6482331838565,5.59609891687657,5.81027397260274,6.09669866666667,6.19765228632479,67
"69",2008,9,5.60714285714286,14,6.6,5.05555555555556,5.5,5.83333333333333,5.54545454545455,5,9,3,3,11,857,451,406,76,378,479,6.1438311201867,6.64769844789357,5.58411642857143,5.79802631578947,6.09460846560847,6.18267488517745,68
"70",2008,10,6.475,20,6.72222222222222,6.27272727272727,5.33333333333333,6.16666666666667,6.60714285714286,9,11,3,6,14,877,460,417,79,384,493,6.15138343215507,6.64915652173913,5.60228122302158,5.78037974683544,6.095734375,6.19472874239351,69
"71",2008,11,6.74944444444444,18,7.12714285714286,6.50909090909091,6.53333333333333,5.92,7.06846153846154,7,11,3,5,13,895,467,428,82,389,506,6.16341147486034,6.65632119914347,5.62558707943925,5.80792682926829,6.09347557840617,6.2171764229249,70
"72",2008,12,6.08076923076923,26,7.14545454545455,5.3,5.6875,5.76153846153846,6.4,11,15,8,13,13,921,478,443,90,402,519,6.16107846905537,6.66757740585774,5.61456268623025,5.79722222222222,6.08274129353234,6.22175581888247,71
"73",2009,1,6.70588235294118,17,6.85714285714286,6.6,6.5,6.66666666666667,6.72727272727273,7,10,4,6,11,938,485,453,94,408,530,6.17095231343284,6.67031340206186,5.63631626931567,5.82712765957447,6.09132843137255,6.23224767924528,72
"74",2009,2,5.97758620689655,29,7.075,5.55952380952381,5.8,6.21666666666667,5.80882352941176,8,21,10,12,17,967,493,474,104,420,547,6.16515332988625,6.67688032454361,5.63291407172996,5.82451923076923,6.09490952380952,6.21908824497258,73
"75",2009,3,5.91290322580645,31,6.36923076923077,5.58333333333333,5.59090909090909,5.61111111111111,6.03636363636364,13,18,11,9,22,998,506,492,115,429,569,6.15731790581162,6.66897628458498,5.63110014227642,5.80217391304348,6.08475990675991,6.21202332161687,74
"76",2009,4,6.17391304347826,23,6.25,6.13333333333333,6,6,6.28571428571429,8,15,5,9,14,1021,514,507,120,438,583,6.15769174338884,6.66245525291829,5.64595911242604,5.81041666666667,6.08301826484018,6.21379291595198,75
"77",2009,5,6.62368421052632,19,6.675,6.53571428571429,6.33333333333333,6.33333333333333,6.75769230769231,12,7,3,6,13,1040,526,514,123,444,596,6.16620506730769,6.66274144486692,5.65807640077821,5.82317073170732,6.0864009009009,6.22565649328859,76
"78",2009,6,6.0125,8,6.16666666666667,5.92,6,6.025,6,3,5,1,4,4,1048,529,519,124,448,600,6.16503174618321,6.65992816635161,5.6605997495183,5.82459677419355,6.08585267857143,6.22415211666667,77
"79",2009,7,6.1375,16,6.5,5.775,5,6.9,5.79090909090909,8,8,1,5,11,1064,537,527,125,453,611,6.16461773496241,6.65754562383613,5.66233637571157,5.818,6.09483885209713,6.21635232405892,78
"80",2009,8,6.5,15,6.625,6.45454545454545,6.66666666666667,6.5,6.5,4,11,3,5,10,1079,541,538,128,458,621,6.16928013901761,6.65730499075786,5.67853395910781,5.837890625,6.09926200873362,6.2209199194847,79
"81",2009,9,6.56923076923077,13,7,6.3,6.33333333333333,6.85,6.44444444444444,5,8,3,4,9,1092,546,546,131,462,630,6.17404145604396,6.66044322344322,5.68763968864469,5.84923664122137,6.1057619047619,6.22411312698413,80
"82",2009,10,6.13888888888889,18,7.22222222222222,5.05555555555556,4.16666666666667,6.41666666666667,6,9,9,3,6,12,1110,555,555,134,468,642,6.17347141441442,6.66955315315315,5.67738967567568,5.8115671641791,6.10974786324786,6.21992409657321,81
"83",2009,11,6.42857142857143,21,6.6875,6.26923076923077,6.6875,6.72222222222222,6.20833333333333,8,13,8,9,12,1131,563,568,142,477,654,6.17820801945181,6.6698081705151,5.69093533450704,5.86091549295775,6.12130398322851,6.21971142201835,82
"84",2009,12,5.94117647058824,17,6.375,5.55555555555556,5.83333333333333,5.625,6.03846153846154,8,9,3,4,13,1148,571,577,145,481,667,6.17469797038328,6.66567775831874,5.6888236915078,5.86034482758621,6.11717671517671,6.21617881559221,83
"85",2010,1,5.6,14,6.33333333333333,5.05,5.68,5.25,5.74,6,8,5,4,10,1162,577,585,150,485,677,6.16777389845095,6.66222183708839,5.68008764102564,5.85433333333333,6.11002474226804,6.20914515509601,84
"86",2010,2,6.40909090909091,11,7,6.07142857142857,5,6.5,6.375,4,7,1,3,8,1173,581,592,151,488,685,6.17003688832055,6.66454733218589,5.68471498310811,5.84867549668874,6.11242213114754,6.2110821459854,85
"87",2010,3,5.80769230769231,13,6.21428571428571,5.33333333333333,6.5,6,5.72222222222222,7,6,2,4,9,1186,588,598,153,492,694,6.16606515177066,6.65918707482993,5.68118941471572,5.85718954248366,6.1115081300813,6.20474246397695,86
"88",2010,4,6.89285714285714,14,7,6.78571428571429,7,7.66666666666667,6.68181818181818,7,7,1,3,11,1200,595,605,154,495,705,6.17454439166667,6.66319663865546,5.69396904132231,5.86461038961039,6.12093333333333,6.21218619858156,87
"89",2010,5,5.89285714285714,14,5.91666666666667,5.875,5.83333333333333,5.9375,5.83333333333333,6,8,3,8,6,1214,601,613,157,503,711,6.17129593904448,6.65574376039933,5.69633159869494,5.8640127388535,6.11801590457257,6.20898912798875,88
"90",2010,6,6.19,10,6.4,5.98,4.95,5.63333333333333,6.42857142857143,5,5,2,3,7,1224,606,618,159,506,718,6.17144875,6.65363366336634,5.69862665048544,5.85251572327044,6.11514229249012,6.21112990250696,89
"91",2010,7,5.3,10,5.83333333333333,5.07142857142857,7,6.5,5,3,7,2,2,8,1234,609,625,161,508,726,6.16438676661264,6.64959277504105,5.691602032,5.8667701863354,6.11665748031496,6.1977841184573,90
"92",2010,8,4.7,8,7,3.93333333333333,4,4.25,5.15,2,6,3,4,4,1242,611,631,164,512,730,6.1549543236715,6.65073977086743,5.67488315372425,5.83262195121951,6.10207421875,6.19204283561644,91
"93",2010,9,6.025,12,6.33333333333333,5.92222222222222,5.66666666666667,6.1,6,3,9,3,3,9,1254,614,640,167,515,739,6.1537107416268,6.64918892508143,5.678361359375,5.82964071856287,6.10206213592233,6.18970401894452,92
"94",2010,10,6.225,12,7.36666666666667,5.08333333333333,5,5.05,6.8125,6,6,3,4,8,1266,620,646,170,519,747,6.15438646919432,6.65613225806452,5.67283478328173,5.815,6.09395375722543,6.19637385542169,93
"95",2010,11,5.87619047619048,21,8.08,5.1875,6,5,6.08235294117647,5,16,5,4,17,1287,625,662,175,523,764,6.14984714063714,6.6675232,5.66110463746224,5.82028571428571,6.08558699808795,6.1938367408377,94
"96",2010,12,6.33942857142857,7,6.594,6,6,NA,6.33942857142857,4,3,1,0,7,1294,629,665,176,523,771,6.15087269706337,6.66705564387917,5.6626334887218,5.82130681818182,6.08558699808795,6.19515858625162,95
"97",2011,1,6.7,13,7.32,6.3125,6.83333333333333,NA,6.7,5,8,3,0,13,1307,634,673,179,523,784,6.15633456006121,6.67220504731861,5.67035849925706,5.83826815642458,6.08558699808795,6.20352968112245,96
"98",2011,2,5.9,10,6.5,5.3,5.66666666666667,7,5.77777777777778,5,5,3,1,9,1317,639,678,182,524,793,6.1543882080486,6.67085758998435,5.66762724188791,5.83543956043956,6.0873320610687,6.19869769230769,97
"99",2011,3,6.24615384615385,13,7.125,4.84,6,5.5,6.57777777777778,8,5,1,4,9,1330,647,683,183,528,802,6.15528516541354,6.67647295208655,5.661568477306,5.83633879781421,6.08288257575758,6.20295170822943,98
"100",2011,4,5.9699,10,6.55,5.58316666666667,7,6.24,5.6998,4,6,2,5,5,1340,651,689,185,533,807,6.15390169402985,6.67569585253456,5.6608857329463,5.84891891891892,6.0843564727955,6.19983428748451,99
"101",2011,5,5.92307692307692,13,7.13333333333333,5.56,5.33333333333333,7,5.83333333333333,3,10,3,1,12,1353,654,699,188,534,819,6.15168386548411,6.67779510703364,5.65944244635193,5.8406914893617,6.08607116104869,6.19446431013431,100
"102",2011,6,6.5,3,7,6.25,6.5,6.5,6.5,1,2,1,1,2,1356,655,701,189,535,821,6.15245447640118,6.67828702290076,5.66112734664764,5.84417989417989,6.08684485981308,6.19520861144945,101
"103",2011,7,6.33333333333333,6,8,6,5,5.5,6.75,1,5,1,2,4,1362,656,706,190,537,825,6.15325129955947,6.68030182926829,5.66352729461756,5.83973684210526,6.0846592178771,6.19789850909091,102
"104",2011,8,6.2,8,6.43333333333333,5.5,NA,9,5.8,6,2,0,1,7,1370,662,708,190,538,832,6.15352428467154,6.67806344410876,5.66306535310734,5.83973684210526,6.0900780669145,6.19455080528846,103
"105",2011,9,5.9375,8,NA,5.9375,6,4,6.58333333333333,0,8,2,2,6,1378,662,716,192,540,838,6.15227015239478,6.67806344410876,5.66613166201117,5.84140625,6.08233703703704,6.19733445107399,104
"106",2011,10,6.29166666666667,12,6.7,6,6,6.375,6.25,5,7,2,4,8,1390,667,723,194,544,846,6.15347357553957,6.67822788605697,5.66936413554633,5.8430412371134,6.08448897058824,6.19783247044917,105
"107",2011,11,6.25,10,6.5,6,3,7,6.0625,5,5,1,2,8,1400,672,728,195,546,854,6.15416305,6.67690178571429,5.67163498626374,5.82846153846154,6.08784249084249,6.19656471896956,106
"108",2011,12,6.30555555555556,9,6,6.91666666666667,6.25,7,6.10714285714286,6,3,2,2,7,1409,678,731,197,548,861,6.15513007097232,6.67091150442478,5.67674455540356,5.83274111675127,6.09117153284671,6.19583771196284,107
"109",2012,1,7.41538461538462,13,7.46666666666667,7.3,NA,9.6,7.01818181818182,9,4,0,2,11,1422,687,735,197,550,872,6.16665138537272,6.68133624454148,5.68557859863945,5.83274111675127,6.10393090909091,6.20621131880734,108
"110",2012,2,6,10,7,5.33333333333333,6,6.33333333333333,5.85714285714286,4,6,4,3,7,1432,691,741,201,553,879,6.16548761871509,6.68318089725036,5.68272641025641,5.83606965174129,6.10517540687161,6.20343147895336,109
"111",2012,3,5.14285714285714,7,5.66666666666667,4.75,6,5,5.2,3,4,1,2,5,1439,694,745,202,555,884,6.1605130437804,6.67878674351585,5.67771848322148,5.83688118811881,6.10119279279279,6.19775596153846,110
"112",2012,4,6.78571428571429,7,6.66666666666667,6.875,6,6,6.91666666666667,3,4,1,1,6,1446,697,749,203,556,890,6.16353960580913,6.67873457675753,5.68411251001335,5.83768472906404,6.1010107913669,6.2026025505618,111
"113",2012,5,6.84166666666667,6,6.83333333333333,6.85,NA,7.5,6.71,3,3,0,1,5,1452,700,752,203,557,895,6.16634178374656,6.67939714285714,5.68876365691489,5.83768472906404,6.1035224416517,6.20543717318436,112
"114",2012,6,6.38888888888889,9,6.9,5.75,5.66666666666667,5.5,6.64285714285714,5,4,3,2,7,1461,705,756,206,559,902,6.16771271047228,6.68096170212766,5.68908765873016,5.83519417475728,6.10136314847943,6.2088317849224,113
"115",2012,7,6.555,4,6.5,6.61,NA,7,6.40666666666667,2,2,0,1,3,1465,707,758,206,560,905,6.16877015017065,6.68044978783593,5.69151750659631,5.83519417475728,6.10296785714286,6.20948759116022,114
"116",2012,8,5.86666666666667,3,NA,5.86666666666667,5,NA,5.86666666666667,0,3,1,0,3,1468,707,761,207,560,908,6.16815277247957,6.68044978783593,5.69220797634691,5.83115942028985,6.10296785714286,6.20835492290749,115
"117",2012,9,6.63333333333333,6,6.76666666666667,6.5,6.25,NA,6.63333333333333,3,3,2,0,6,1474,710,764,209,560,914,6.17004631614654,6.68081408450704,5.69537993455497,5.83516746411483,6.10296785714286,6.21114471553611,116
"118",2012,10,5.46875,16,6.33333333333333,5.26923076923077,5,5.33333333333333,5.5,3,13,6,3,13,1490,713,777,215,563,927,6.16251561744967,6.67935203366059,5.68825002574003,5.81186046511628,6.09886678507993,6.20117181229774,117
"119",2012,11,5.5,7,6.625,4,NA,5.5,5.5,4,3,0,2,5,1497,717,780,215,565,932,6.15941768203073,6.67904881450488,5.68175675641026,5.81186046511628,6.09674690265487,6.19741016094421,118
"120",2012,12,5.3,10,4.66666666666667,5.57142857142857,5.6,4,5.85714285714286,3,7,3,3,7,1507,720,787,218,568,939,6.15371484406105,6.67066388888889,5.68077543837357,5.80894495412844,6.08567253521127,6.19487355697551,119
"121",2013,1,5.45833333333333,12,5.8125,4.75,4.5,5.25,5.5625,8,4,2,4,8,1519,728,791,220,572,947,6.1482213759052,6.66123351648352,5.67606860935525,5.79704545454545,6.07982867132867,6.18953143611405,120
"122",2013,2,5.54166666666667,12,5.6,5.5,6,5.5,5.5625,5,7,2,4,8,1531,733,798,222,576,955,6.14346719137819,6.65399454297408,5.67452414786967,5.79887387387387,6.07580208333333,6.18427881675393,121
"123",2013,3,5.71428571428571,7,6.33333333333333,5.25,5,6,5.66666666666667,3,4,1,1,6,1538,736,802,223,577,961,6.1415138296489,6.6526875,5.67240682044888,5.79529147982063,6.07567071057192,6.18104710718002,122
"124",2013,4,6.34615384615385,13,6.5,6,6,6.125,6.44444444444444,9,4,4,4,9,1551,745,806,227,581,970,6.14322905867183,6.65084295302013,5.67403259305211,5.7988986784141,6.07601032702237,6.183491,123
"125",2013,5,5.41818181818182,11,7.06666666666667,4.8,2,4.2,5.68888888888889,3,8,1,2,9,1562,748,814,228,583,979,6.1381230921895,6.65251069518717,5.66544259213759,5.78223684210526,6.06957461406518,6.17894409601635,124
"126",2013,6,6.58333333333333,6,6.625,6.5,6,8,6.3,4,2,1,1,5,1568,752,816,229,584,984,6.13982670280612,6.65236436170213,5.66748807598039,5.78318777292576,6.0728801369863,6.17955921747968,125
"127",2013,7,5.81428571428571,7,NA,5.81428571428571,5.5,6.7,5.66666666666667,0,7,4,1,6,1575,752,823,233,585,990,6.13837985396826,6.65236436170213,5.66873665856622,5.77832618025751,6.07395213675214,6.17645077777778,126
"128",2013,8,5.55,5,NA,5.55,NA,5.5,5.58333333333333,0,5,0,2,3,1580,752,828,233,587,993,6.13651789240506,6.65236436170213,5.66801964975845,5.77832618025751,6.07199659284497,6.17465888217523,127
"129",2013,9,6.3,5,6.5,6,NA,NA,6.3,3,2,0,0,5,1585,755,830,233,587,998,6.13703360883281,6.65175894039735,5.66881960240964,5.77832618025751,6.07199659284497,6.17528684368738,128
"130",2013,10,7.5,3,6.5,8,8,8,7.25,1,2,1,1,2,1588,756,832,234,588,1000,6.13960848236776,6.6515582010582,5.67442340144231,5.78782051282051,6.07527551020408,6.17743627,129
"131",2013,11,7.15,5,7.15,NA,NA,8,6.9375,5,0,0,1,4,1593,761,832,234,589,1004,6.14277983050848,6.65483311432326,5.67442340144231,5.78782051282051,6.07854329371817,6.1804644123506,130
"132",2013,12,5.79,10,5.75,5.81666666666667,5.725,5,5.87777777777778,4,6,4,1,9,1603,765,838,238,590,1013,6.14057908296943,6.65010196078431,5.675441849642,5.78676470588235,6.07671525423729,6.17777519249753,131
"133",2014,1,6.35,10,7.5,6.0625,6.375,5.75,6.5,2,8,4,2,8,1613,767,846,242,592,1021,6.14187741475512,6.65231812255541,5.67910197399527,5.79648760330578,6.07561148648649,6.18029997061704,132
"134",2014,2,6.33333333333333,12,7.5,5.75,6,6,6.44444444444444,4,8,1,3,9,1625,771,854,243,595,1030,6.14329124307692,6.65671595330739,5.67976612412178,5.79732510288066,6.07523025210084,6.18260802912622,133
"135",2014,3,7.16666666666667,3,7.5,7,NA,7.5,7,1,2,0,1,2,1628,772,856,243,596,1032,6.14517707002457,6.65780829015544,5.68285078271028,5.79732510288066,6.07762080536913,6.18419212209302,134
"136",2014,4,5.86666666666667,9,7.225,4.78,4.9,5.6,6,4,5,1,3,6,1637,776,861,244,599,1038,6.14364585827734,6.66073195876289,5.67760774680604,5.79364754098361,6.07522871452421,6.18312742774567,135
"137",2014,5,6,7,6.75,5,6,6,6,4,3,1,3,4,1644,780,864,245,602,1042,6.14303422749392,6.66118974358974,5.67525494212963,5.79448979591837,6.07485382059801,6.18242444337812,136
"138",2014,6,5.9,5,5.5,6.5,6,NA,5.9,3,2,2,0,5,1649,783,866,247,602,1047,6.14229731352335,6.65674074074074,5.67715966512702,5.79615384615385,6.07485382059801,6.18107571155683,137
"139",2014,7,6.08333333333333,6,6.5,5.66666666666667,NA,6,6.1,3,3,0,1,5,1655,786,869,247,603,1052,6.1420835468278,6.65614249363868,5.67712344073648,5.79615384615385,6.07472968490879,6.18069037072244,138
"140",2014,8,6.33333333333333,3,6.5,6,NA,NA,6.33333333333333,2,1,0,0,3,1658,788,870,247,603,1055,6.14242959589867,6.6557461928934,5.67749456321839,5.79615384615385,6.07472968490879,6.18112442654029,139
"141",2014,9,7.54,5,7.9,7,5,8,7.425,3,2,1,1,4,1663,791,872,248,604,1059,6.14663155141311,6.66046523388116,5.68052783256881,5.7929435483871,6.07791721854305,6.18582272898961,140
"142",2014,10,5.625,4,NA,5.625,7,NA,5.625,0,4,1,0,4,1667,791,876,249,604,1063,6.1453798860228,6.66046523388116,5.68027428082192,5.79779116465863,6.07791721854305,6.18371238946378,141
"143",2014,11,7.5,2,7.5,NA,NA,8,7,2,0,0,1,1,1669,793,876,249,605,1064,6.14700315757939,6.66258259773014,5.68027428082192,5.79779116465863,6.08109421487603,6.18447957706767,142
"144",2014,12,6.33333333333333,6,7.33333333333333,5.33333333333333,6,6,6.66666666666667,3,3,1,3,3,1675,796,879,250,608,1067,6.14767060895523,6.66511055276382,5.67909018202503,5.7986,6.08069407894737,6.18583530459232,143
"145",2015,1,6.17272727272727,11,6.33333333333333,6.1125,5.875,5.25,6.37777777777778,3,8,4,2,9,1686,799,887,254,610,1076,6.14783408659549,6.6638648310388,5.68299917700113,5.7998031496063,6.07797049180328,6.18744077137547,144
"146",2015,2,6.75,2,8,5.5,5.5,8,5.5,1,1,1,1,1,1688,800,888,255,611,1077,6.14854755331754,6.665535,5.68279309684685,5.79862745098039,6.08111620294599,6.18680247910864,145
"147",2015,3,5.7,5,6.5,5.16666666666667,6.5,NA,5.7,2,3,1,0,5,1693,802,891,256,611,1082,6.14722284111046,6.66512219451371,5.68105529741863,5.8013671875,6.08111620294599,6.18455292975971,146
"148",2015,4,6.28571428571429,7,6.5,6.125,5.66666666666667,5,6.5,3,4,3,1,6,1700,805,895,259,612,1088,6.1477931,6.66450683229814,5.68303940782123,5.79980694980695,6.07934967320262,6.18629252757353,147
"149",2015,5,5.72222222222222,9,7.1,4,4.5,5.375,6,5,4,2,4,5,1709,810,899,261,616,1093,6.14555194265653,6.66719506172839,5.67555091212458,5.78984674329502,6.07477597402597,6.18544032021958,148
"150",2015,6,6.92857142857143,7,7.25,5,5,5.83333333333333,7.75,6,1,1,3,4,1716,816,900,262,619,1097,6.14874607808858,6.67148039215686,5.6748003,5.7868320610687,6.07360581583199,6.19114518687329,149
"151",2015,7,6.84,5,8.6,5.66666666666667,5,9,6.3,2,3,2,1,4,1721,818,903,264,620,1101,6.15075436955259,6.676195599022,5.67477327796235,5.78087121212121,6.07832580645161,6.19154066303361,150
"152",2015,8,6.57142857142857,7,6.5,7,7,NA,6.57142857142857,6,1,1,0,7,1728,824,904,265,620,1108,6.15245848958333,6.67491262135922,5.67623923672566,5.78547169811321,6.07832580645161,6.19394067689531,151
"153",2015,9,6.7,5,7.5,5.5,6,7,6.25,3,2,1,3,2,1733,827,906,266,623,1110,6.15403824004616,6.67790568319226,5.67585018763797,5.78627819548872,6.08276404494382,6.19404168468469,152
"154",2015,10,5.35,10,6.6,4.1,4.5,4,5.6875,5,5,2,2,8,1743,832,911,268,625,1118,6.14942528399312,6.6774375,5.66720117453348,5.77667910447761,6.0760992,6.19041705724508,153
"155",2015,11,5.4,5,6,4.5,4,6,5.25,3,2,1,1,4,1748,835,913,269,626,1122,6.14728161899314,6.67500359281437,5.66464432639649,5.77007434944238,6.07597763578275,6.18706441176471,154
"156",2015,12,6.5,4,7.5,5.5,5,6.5,6.5,2,2,1,2,2,1752,837,915,270,628,1124,6.14808691210046,6.67697491039426,5.66428444808743,5.76722222222222,6.07732802547771,6.18762123665481,155
"157",2016,1,5.64285714285714,7,5.875,5.33333333333333,NA,6.5,5,4,3,0,3,4,1759,841,918,270,631,1128,6.14607633314383,6.67316052318668,5.66320290849673,5.76722222222222,6.07933755942948,6.18340981382979,156
"158",2016,2,6.3125,8,5.75,6.875,6,5.5,6.58333333333333,4,4,2,2,6,1767,845,922,272,633,1134,6.14682980758348,6.66879053254438,5.6684601626898,5.76893382352941,6.07750710900474,6.18552581128748,157
"159",2016,3,5.98181818181818,11,6.9,4.375,4,4.2,7,7,4,1,4,7,1778,852,926,273,637,1141,6.14580892575928,6.67069014084507,5.66287286177106,5.76245421245421,6.06571742543171,6.19052258545136,158
"160",2016,4,6.375,8,6.2,6.66666666666667,7,NA,6.375,5,3,1,0,8,1786,857,929,274,637,1149,6.146835537514,6.66794399066511,5.66611439181916,5.76697080291971,6.06571742543171,6.1918070234987,159
"161",2016,5,6.75,4,7.25,6.25,7.5,7.5,6.5,2,2,1,1,3,1790,859,931,275,638,1152,6.14818339106145,6.66929918509895,5.66736871106337,5.77327272727273,6.06796551724138,6.192609609375,160
"162",2016,6,6.86363636363636,11,7.33333333333333,6.3,6.25,6.625,7,6,5,2,4,7,1801,865,936,277,642,1159,6.15255317601333,6.67390520231214,5.6707481517094,5.77671480144404,6.07143613707165,6.19748599654875,161
"163",2016,7,5.8,5,7.5,4.66666666666667,NA,9,5,2,3,0,1,4,1806,867,939,277,643,1163,6.15157711517165,6.67581084198385,5.66754022364217,5.77671480144404,6.07599066874028,6.19336738607051,162
"164",2016,8,6.57142857142857,7,6.75,6.33333333333333,6.5,NA,6.57142857142857,4,3,2,0,7,1813,871,942,279,643,1170,6.15319816326531,6.67615154994259,5.66966058386412,5.78189964157706,6.07599066874028,6.19562929059829,163
"165",2016,9,6.75,6,7.25,5.75,5.5,7,6.7,4,2,1,1,5,1819,875,944,280,644,1175,6.15516672347444,6.67877485714286,5.66983079449152,5.78089285714286,6.07742546583851,6.19777554893617,164
"166",2016,10,6.55,4,6.66666666666667,6.2,6.2,7,6.1,3,1,1,2,2,1823,878,945,281,646,1177,6.15603306088865,6.67873348519362,5.67039182010582,5.78238434163701,6.08028173374613,6.19760940526763,165
"167",2016,11,5.875,8,7,5.2,4.5,5,6,3,5,2,1,7,1831,881,950,283,647,1184,6.15480517203714,6.67982746878547,5.66791607368421,5.77332155477032,6.07861205564142,6.19644110641892,166
"168",2016,12,6.48888888888889,9,8.5,5.91428571428571,5.725,5.63333333333333,6.91666666666667,2,7,4,3,6,1840,883,957,287,650,1190,6.15643927717391,6.68395016987542,5.66971815047022,5.77264808362369,6.07655692307692,6.20007249579832,167
"169",2017,1,6.2,5,6.5,6,6,6,6.33333333333333,2,3,1,2,3,1845,885,960,288,652,1193,6.15655732791328,6.68353446327684,5.67075028125,5.7734375,6.07632208588957,6.20040760268232,168
"170",2017,2,6.2,10,7,5.85714285714286,4.5,7,6.11111111111111,3,7,2,1,9,1855,888,967,290,653,1202,6.15679152021563,6.6846036036036,5.67209955532575,5.76465517241379,6.07773660030628,6.19973899334443,169
"171",2017,3,6.75,2,7,6.5,6.5,NA,6.75,1,1,1,0,2,1857,889,968,291,653,1204,6.15743040926225,6.68495838020247,5.67295482438016,5.76718213058419,6.07773660030628,6.20065304817276,170
"172",2017,4,6.625,4,6.625,NA,NA,NA,6.625,4,0,0,0,4,1861,893,968,291,653,1208,6.15843539494895,6.68468980963046,5.67295482438016,5.76718213058419,6.07773660030628,6.2020581705298,171
"173",2017,5,5.6,10,5,6,6,6,5.55555555555556,4,6,1,1,9,1871,897,974,292,654,1217,6.15545070550508,6.67717725752508,5.67496947638603,5.76797945205479,6.07761773700306,6.19727713229253,172
"174",2017,6,7.5,5,6,7.875,7.16666666666667,7.5,7.5,1,4,3,1,4,1876,898,978,295,655,1221,6.15903425906184,6.67642316258352,5.68396755623722,5.78220338983051,6.0797893129771,6.20154485667486,173
"175",2017,7,6.2,5,6.125,6.5,6.5,NA,6.2,4,1,1,0,5,1881,902,979,296,655,1226,6.15914315257842,6.673977827051,5.68480109295199,5.78462837837838,6.0797893129771,6.20153855628059,174
"176",2017,8,6.1,5,6.125,6,NA,6.5,6,4,1,0,1,4,1886,906,980,296,656,1230,6.1589863573701,6.67155408388521,5.68512272448979,5.78462837837838,6.08042987804878,6.20088314634147,175
"177",2017,9,6.16666666666667,6,7.33333333333333,5,NA,7.5,5.9,3,3,0,1,5,1892,909,983,296,657,1235,6.15901071353066,6.67373817381738,5.68303181078331,5.78462837837838,6.08259056316591,6.19966499595142,176
"178",2017,10,6.35714285714286,7,7.75,5.8,6,7.5,6.16666666666667,2,5,1,1,6,1899,911,988,297,658,1241,6.15974105845182,6.67610098792536,5.68362375506073,5.78535353535354,6.08474468085107,6.199505455278,177
"179",2017,11,6.53111111111111,9,7.25,5.956,6,6.89,6.42857142857143,4,5,1,2,7,1908,915,993,298,660,1248,6.16149280398323,6.67860983606557,5.68499523665659,5.78607382550336,6.08718484848485,6.20079028044872,178
"180",2017,12,6,5,6.5,5.66666666666667,5.5,5,6.25,2,3,2,1,4,1913,917,996,300,661,1252,6.16107071092525,6.67822028353326,5.68494003012048,5.78416666666667,6.08554009077156,6.2009475,179
"181",2018,1,5.78571428571429,7,6.93333333333333,4.925,7,4.33333333333333,6.875,3,4,1,3,4,1920,920,1000,301,664,1256,6.15970222395833,6.67905217391304,5.68190027,5.78820598006645,6.07762349397591,6.20309416401274,180
"182",2018,2,6,6,8,5.6,5.33333333333333,8,5.6,1,5,3,1,5,1926,921,1005,304,665,1261,6.15920470924195,6.68048642779587,5.68149280597015,5.78371710526316,6.08051428571429,6.20070283108644,181
"183",2018,3,5.71428571428571,7,5,6.25,6.33333333333333,4.75,6.1,3,4,3,2,5,1933,924,1009,307,667,1266,6.15759351784791,6.6750303030303,5.68374655104063,5.78908794788274,6.07652473763119,6.20030511058452,182
"184",2018,4,6,1,NA,6,6,NA,6,0,1,1,0,1,1934,924,1010,308,667,1267,6.15751203205791,6.6750303030303,5.68405967326732,5.78977272727273,6.07652473763119,6.20014701657459,183
"185",2018,5,5.375,4,6.25,4.5,5,5.5,5,2,2,1,3,1,1938,926,1012,309,670,1268,6.15589694014448,6.67411231101512,5.68171963438735,5.78721682847896,6.07394328358209,6.19920052839117,184
"186",2018,6,6,1,NA,6,NA,NA,6,0,1,0,0,1,1939,926,1013,309,670,1269,6.15581653945333,6.67411231101512,5.6820338302073,5.78721682847896,6.07394328358209,6.19904355397951,185
"187",2018,7,5.5,2,6,5,NA,NA,5.5,1,1,0,0,2,1941,927,1014,309,670,1271,6.15514078825348,6.67338511326861,5.68136121301775,5.78721682847896,6.07394328358209,6.19794356412274,186
"188",2018,8,6.5,4,6.33333333333333,7,NA,4,7.33333333333333,3,1,0,1,3,1945,930,1015,309,671,1274,6.15585001028278,6.67228817204301,5.68266036453202,5.78721682847896,6.0708524590164,6.20061716640503,187
"189",2018,9,6.625,4,NA,6.625,6.25,6.25,7,0,4,2,2,2,1949,930,1019,311,673,1276,6.15681286300667,6.67228817204301,5.68635944062806,5.79019292604502,6.07138484398217,6.20187011755486,188
"190",2018,10,5.14285714285714,7,6.33333333333333,4.25,4.5,6.5,4.6,3,4,2,2,5,1956,933,1023,313,675,1281,6.15318418711657,6.67119828510182,5.68074317693059,5.78194888178914,6.07265481481482,6.19561769711163,189
"191",2018,11,6.6,5,9,6,NA,5.5,7.33333333333333,1,4,0,2,3,1961,934,1027,313,677,1284,6.15432344212137,6.67369164882227,5.68198663096397,5.78194888178914,6.07096307237814,6.19827591121496,190
"192",2018,12,5.78166625,8,6.650666,4.33333333333333,6,6,5.75047571428571,5,3,1,1,7,1969,939,1030,314,678,1291,6.1528093448451,6.67356904153355,5.6780585145631,5.78264331210191,6.07085840707965,6.19584786986832,191
"193",2019,1,5.05555555555556,9,5.5,4.7,3,NA,5.05555555555556,4,5,1,0,9,1978,943,1035,315,678,1300,6.14781678463094,6.66859101802757,5.6733335942029,5.77380952380952,6.07085840707965,6.18795353846154,192
"194",2019,2,6.375,8,6.33333333333333,6.5,NA,5,6.57142857142857,6,2,0,1,7,1986,949,1037,315,679,1307,6.14873192346425,6.66647136986301,5.67492793635487,5.77380952380952,6.06928129602357,6.19000734506504,193
"195",2019,3,7.2,5,7.66666666666667,6.5,NA,7.5,7,3,2,0,2,3,1991,952,1039,315,681,1310,6.15137197388247,6.66962324579832,5.67651614051973,5.77380952380952,6.07348311306902,6.19186229007634,194
"196",2019,4,3.875,4,4.25,3.5,NA,NA,3.875,2,2,0,0,4,1995,954,1041,315,681,1314,6.14680781954887,6.66455066037736,5.67233455331412,5.77380952380952,6.07348311306902,6.1848094368341,195
"197",2019,5,7.5,1,NA,7.5,7.5,NA,7.5,0,1,1,0,1,1996,954,1042,316,681,1315,6.14748577154309,6.66455066037736,5.67408855086372,5.77927215189873,6.07348311306902,6.18580958174905,196
"198",2019,6,5.33333333333333,3,5,5.5,NA,NA,5.33333333333333,1,2,0,0,3,1999,955,1044,316,681,1318,6.14626393196598,6.66280767539267,5.67375504789272,5.77927215189873,6.07348311306902,6.18386919575114,197
"199",2019,7,6.595,2,6.595,NA,NA,5.19,8,2,0,0,1,1,2001,957,1044,316,682,1319,6.14671244377811,6.66266596656217,5.67375504789272,5.77927215189873,6.07218768328446,6.18524609552692,198
"200",2019,8,6.5,6,8.5,6.1,6.125,7,6.4,1,5,4,1,5,2007,958,1049,320,683,1324,6.14776860986547,6.66458385177453,5.67578672068637,5.78359375,6.07354612005857,6.18605709969789,199
"201",2019,9,6,5,6,6,NA,NA,6,2,3,0,0,5,2012,960,1052,320,683,1329,6.1474013916501,6.66319930208333,5.67671128326996,5.78359375,6.07354612005857,6.18535711060948,200
"202",2019,10,6.75,4,NA,6.75,NA,6,7,0,4,0,1,3,2016,960,1056,320,684,1332,6.14859702380953,6.66319930208333,5.68077677083333,5.78359375,6.07343859649123,6.18719189189189,201
"203",2019,11,8,5,8.5,7.66666666666667,NA,8,8,2,3,0,1,4,2021,962,1059,320,685,1336,6.15317743691242,6.66701801455301,5.68640252124646,5.78359375,6.07625109489051,6.19261946107785,202
"204",2019,12,5.6,3,5.4,6,6,NA,5.6,2,1,1,0,3,2024,964,1060,321,685,1339,6.15235750988142,6.66438934647303,5.68669836792453,5.78426791277259,6.07625109489051,6.19129171023152,203
"205",2020,1,6.0625,8,6.66666666666667,5.7,5.875,5.5,6.4,3,5,4,3,5,2032,967,1065,325,688,1344,6.15200374015748,6.66439641158221,5.68676081690141,5.78538461538462,6.07373837209302,6.19206815476191,204
"206",2020,2,8.25,4,7.5,9,8,NA,8.25,2,2,1,0,4,2036,969,1067,326,688,1348,6.15612554027505,6.66612108359133,5.69297119962511,5.79217791411043,6.07373837209302,6.19817477744807,205
"207",2020,3,6,1,NA,6,NA,NA,6,0,1,0,0,1,2037,969,1068,326,688,1349,6.15604889543446,6.66612108359133,5.69325867977528,5.79217791411043,6.07373837209302,6.19802787249815,206
"208",2020,4,5.75,4,6,5.66666666666667,5,5.5,6,1,3,1,2,2,2041,970,1071,327,690,1351,6.15525311121999,6.66543436082474,5.6931841923436,5.78975535168196,6.07207536231884,6.19773471502591,207
"209",2020,5,6.75,4,7,6.5,6.5,7,6.66666666666667,2,2,2,1,3,2045,972,1073,329,691,1354,6.15641643031785,6.66612276748971,5.69468804287045,5.79407294832827,6.07341823444284,6.19877370753324,208
"210",2020,6,6.5,7,6.6,6.25,NA,8,6.25,5,2,0,1,6,2052,977,1075,329,692,1360,6.15758849902534,6.665784370522,5.69572118139535,5.79407294832827,6.07620231213873,6.19899970588235,209
"211",2020,7,6.475,4,7.2,5.75,5.75,6.5,6.46666666666667,2,2,2,1,3,2056,979,1077,331,693,1363,6.15820603112841,6.66687572012257,5.69582197771587,5.79380664652568,6.07681385281385,6.19958884812913,210
"212",2020,8,4.375,2,4.375,NA,NA,2.75,6,2,0,0,1,1,2058,981,1077,331,694,1364,6.15647308066084,6.66220319062181,5.69582197771587,5.79380664652568,6.07202017291066,6.19944252199414,211
"213",2020,9,5,1,NA,5,5,5,NA,0,1,1,1,0,2059,981,1078,332,695,1364,6.15591141330743,6.66220319062181,5.69517650278293,5.7914156626506,6.07047769784173,6.19944252199414,212
"214",2020,10,7,3,7,NA,NA,7,7,3,0,0,1,2,2062,984,1078,332,696,1366,6.15713947623666,6.66323305894309,5.69517650278293,5.7914156626506,6.07181321839081,6.20061464128843,213
"215",2020,11,6.75,4,7,6,NA,7,6.66666666666667,3,1,0,1,3,2066,987,1079,332,697,1369,6.15828731848984,6.66425666666666,5.69545900834105,5.7914156626506,6.07314490674319,6.20163593864135,214
"216",2020,12,6.5,5,6.5,NA,NA,9,5.875,5,0,0,1,4,2071,992,1079,332,698,1373,6.15911231289232,6.66342876008064,5.69545900834105,5.7914156626506,6.07733810888252,6.20068434085943,215
"217",2021,1,6.5,9,6.78571428571429,5.5,6,7.33333333333333,6.08333333333333,7,2,1,3,6,2080,999,1081,333,701,1379,6.16058730769231,6.66428561561561,5.69509738205365,5.79204204204204,6.08271326676177,6.20017374909355,216
"218",2021,2,5.975,4,NA,5.975,6.4,NA,5.975,0,4,2,0,4,2084,999,1085,335,701,1383,6.1602310940499,6.66428561561561,5.69612928110599,5.79567164179105,6.08271326676177,6.19952248734635,217
"219",2021,3,6,1,NA,6,6,NA,6,0,1,1,0,1,2085,999,1086,336,701,1384,6.16015424460432,6.66428561561561,5.69640908839779,5.79627976190476,6.08271326676177,6.19937832369942,218
"220",2021,4,5,1,NA,5,NA,NA,5,0,1,0,0,1,2086,999,1087,336,701,1385,6.15959808245446,6.66428561561561,5.69576841766329,5.79627976190476,6.08271326676177,6.1985123465704,219
"221",2021,5,6.875,4,6.83333333333333,7,7,NA,6.875,3,1,1,0,4,2090,1002,1088,337,701,1389,6.16096727272727,6.66479174650698,5.69696715992647,5.79985163204748,6.08271326676177,6.20046047516199,220
"222",2021,6,6,3,6.5,5,NA,5,6.5,2,1,0,1,2,2093,1004,1089,337,702,1391,6.16073655040612,6.66446347609562,5.6963271533517,5.79985163204748,6.08117094017094,6.20089115744069,221
"223",2021,7,6.33333333333333,3,6.33333333333333,NA,NA,NA,6.33333333333333,3,0,0,0,3,2096,1007,1089,337,702,1394,6.16098358778626,6.66347699106256,5.6963271533517,5.79985163204748,6.08117094017094,6.20117618364419,222
"224",2021,8,6.23333333333333,3,7,5.85,NA,NA,6.23333333333333,1,2,0,0,3,2099,1008,1091,337,702,1397,6.16108699380658,6.66381084325397,5.69660886342804,5.79985163204748,6.08117094017094,6.20124523979957,223
"225",2021,9,4.75,2,4.75,NA,NA,NA,4.75,2,0,0,0,2,2101,1010,1091,337,702,1399,6.15974374107568,6.66002111881188,5.69660886342804,5.79985163204748,6.08117094017094,6.19917055039314,224
"226",2021,10,5.4,5,6.33333333333333,4,6.5,2,6.25,3,2,2,1,4,2106,1013,1093,339,703,1403,6.15793998100665,6.65905363277394,5.6935043641354,5.80398230088496,6.07536557610242,6.19931546685674,225
"227",2021,11,5,6,5.33333333333333,4.66666666666667,5.5,3,5.4,3,3,2,1,5,2112,1016,1096,341,704,1408,6.15465037878788,6.65513910433071,5.6906936770073,5.80219941348974,6.07099715909091,6.19647698863637,226
"228",2021,12,5.56666666666667,3,NA,5.56666666666667,4,NA,5.56666666666667,0,3,1,0,3,2115,1016,1099,342,704,1411,6.15381635933806,6.65513910433071,5.69035511373976,5.79692982456141,6.07099715909091,6.19513791637137,227
"229",2022,1,6.25,4,6.5,6.16666666666667,NA,6,6.33333333333333,1,3,0,1,3,2119,1017,1102,342,705,1414,6.15399792354884,6.65498655850541,5.6916517876588,5.79692982456141,6.07089645390071,6.19543111739746,228
"230",2022,2,5,1,5,NA,NA,5,NA,1,0,0,1,0,2120,1018,1102,342,706,1414,6.15345358490566,6.65336083497053,5.6916517876588,5.79692982456141,6.06937960339943,6.19543111739746,229
"231",2022,3,7.16,5,7.5,6.93333333333333,NA,6.4,7.66666666666667,2,3,0,2,3,2125,1020,1105,342,708,1417,6.15582192941177,6.6550209117647,5.69502286877828,5.79692982456141,6.07031355932204,6.19854594213127,230
"232",2022,4,5,2,7,3,NA,NA,5,1,1,0,0,2,2127,1021,1106,342,708,1419,6.15473511988717,6.65535879529873,5.6925861392405,5.79692982456141,6.07031355932204,6.19685665961945,231
"233",2022,5,6.33333333333333,3,7,5,NA,NA,6.33333333333333,2,1,0,0,3,2130,1023,1107,342,708,1422,6.15498666666667,6.65603258064516,5.6919604968383,5.79692982456141,6.07031355932204,6.19714458509142,232
"234",2022,6,6.33333333333333,3,6.33333333333333,NA,NA,5,7,3,0,0,1,2,2133,1026,1107,342,709,1424,6.15523750586029,6.65508901559454,5.6919604968383,5.79692982456141,6.06880394922426,6.19827219101124,233
"235",2022,7,7,1,7,NA,NA,NA,7,1,0,0,0,1,2134,1027,1107,342,709,1425,6.15563336457357,6.65542485881207,5.6919604968383,5.79692982456141,6.06880394922426,6.19883480701755,234
"236",2022,8,6.875,4,6,7.16666666666667,7.5,7,6.83333333333333,1,3,1,1,3,2138,1028,1110,343,710,1428,6.15697923292797,6.65478728599222,5.69594618918919,5.80189504373178,6.07011549295775,6.20016778711485,235
"237",2022,9,5.5,2,NA,5.5,NA,NA,5.5,0,2,0,0,2,2140,1028,1112,343,710,1430,6.15636523364486,6.65478728599222,5.69559376798561,5.80189504373178,6.07011549295775,6.19918853146853,236
"238",2022,10,7,3,7,7,7,NA,7,1,2,1,0,3,2143,1029,1114,344,710,1433,6.15754624358376,6.6551227696793,5.69793561041292,5.80537790697675,6.07011549295775,6.20086503838102,237
"239",2022,11,5,4,6,4.66666666666667,5,6,4.66666666666667,1,3,1,1,3,2147,1030,1117,345,711,1436,6.15538965999069,6.65448672815534,5.69516586392121,5.80304347826087,6.07001687763713,6.19765988857939,238
"240",2022,12,6,1,NA,6,6,NA,6,0,1,1,0,1,2148,1030,1118,346,711,1437,6.15531731843576,6.65448672815534,5.69543852415026,5.80361271676301,6.07001687763713,6.1975223382046,239
