"","year","month","avg_rating","no_ratings","avg_rating_owned","avg_rating_not_owned","avg_rating_prev_owned","avg_rating_comment","avg_rating_no_comment","no_ratings_owned","no_ratings_not_owned","no_ratings_prev_owned","no_ratings_comment","no_ratings_no_comment","cum_no_ratings","cum_no_ratings_owned","cum_no_ratings_not_owned","cum_no_ratings_prev_owned","cum_no_ratings_comment","cum_no_ratings_no_comment","cum_avg_rating","cum_avg_rating_owned","cum_avg_rating_not_owned","cum_avg_rating_prev_owned","cum_avg_rating_comment","cum_avg_rating_no_comment","month_after_release"
"1",2003,2,7.4,5,7.4,NA,NA,8,7.25,5,0,0,1,4,5,5,0,0,1,4,7.4,7.4,NA,NA,8,7.25,0
"2",2003,3,6,5,5.5,6.33333333333333,6.5,5.5,6.33333333333333,2,3,2,2,3,10,7,3,2,3,7,6.7,6.85714285714286,6.33333333333333,6.5,6.33333333333333,6.85714285714286,1
"3",2003,4,6.5,4,6.5,NA,NA,8,6,4,0,0,1,3,14,11,3,2,4,10,6.64285714285714,6.72727272727273,6.33333333333333,6.5,6.75,6.6,2
"4",2003,5,7.07142857142857,7,6.91666666666667,8,NA,7.1,7,6,1,0,5,2,21,17,4,2,9,12,6.78571428571429,6.79411764705882,6.75,6.5,6.94444444444444,6.66666666666667,3
"5",2003,6,7.28571428571429,7,7.4,7,NA,7.4,7,5,2,0,5,2,28,22,6,2,14,14,6.91071428571429,6.93181818181818,6.83333333333333,6.5,7.10714285714286,6.71428571428571,4
"6",2003,7,6.67857142857143,14,7.3125,5.83333333333333,6,8,6.57692307692308,8,6,1,1,13,42,30,12,3,15,27,6.83333333333333,7.03333333333333,6.33333333333333,6.33333333333333,7.16666666666667,6.64814814814815,5
"7",2003,8,5.4,5,6,5,NA,3,6,2,3,0,1,4,47,32,15,3,16,31,6.68085106382979,6.96875,6.06666666666667,6.33333333333333,6.90625,6.56451612903226,6
"8",2003,9,6.71428571428571,7,7.25,6,6,7,6.33333333333333,4,3,1,4,3,54,36,18,4,20,34,6.68518518518519,7,6.05555555555556,6.25,6.925,6.54411764705882,7
"9",2003,10,5.875,8,6.08333333333333,5.25,NA,5.7,6.16666666666667,6,2,0,5,3,62,42,20,4,25,37,6.58064516129032,6.86904761904762,5.975,6.25,6.68,6.51351351351351,8
"10",2003,11,6.5,2,6.5,NA,NA,6,7,2,0,0,1,1,64,44,20,4,26,38,6.578125,6.85227272727273,5.975,6.25,6.65384615384615,6.52631578947368,9
"11",2003,12,6.25,4,5.5,7,7,5.5,7,2,2,1,2,2,68,46,22,5,28,40,6.55882352941176,6.79347826086957,6.06818181818182,6.4,6.57142857142857,6.55,10
"12",2004,1,6.57142857142857,7,6.75,6.33333333333333,NA,6.4,7,4,3,0,5,2,75,50,25,5,33,42,6.56,6.79,6.1,6.4,6.54545454545455,6.57142857142857,11
"13",2004,2,6.625,8,7,6,5,7,6.4,5,3,1,3,5,83,55,28,6,36,47,6.56626506024096,6.80909090909091,6.08928571428571,6.16666666666667,6.58333333333333,6.5531914893617,12
"14",2004,3,5.8,10,5.875,5.5,NA,6.33333333333333,5.57142857142857,8,2,0,3,7,93,63,30,6,39,54,6.48387096774194,6.69047619047619,6.05,6.16666666666667,6.56410256410256,6.42592592592593,13
"15",2004,4,5.5,2,5.5,NA,NA,7,4,2,0,0,1,1,95,65,30,6,40,55,6.46315789473684,6.65384615384615,6.05,6.16666666666667,6.575,6.38181818181818,14
"16",2004,5,5.25,4,5.25,NA,NA,5.25,NA,4,0,0,4,0,99,69,30,6,44,55,6.41414141414141,6.57246376811594,6.05,6.16666666666667,6.45454545454545,6.38181818181818,15
"17",2004,6,6,6,5.66666666666667,6.33333333333333,7,5.66666666666667,6.33333333333333,3,3,1,3,3,105,72,33,7,47,58,6.39047619047619,6.53472222222222,6.07575757575758,6.28571428571429,6.40425531914894,6.37931034482759,16
"18",2004,7,6.94444444444444,9,7,6.875,7,6.83333333333333,7,5,4,1,3,6,114,77,37,8,50,64,6.43421052631579,6.56493506493506,6.16216216216216,6.375,6.43,6.4375,17
"19",2004,8,7,4,7,7,7.5,7,7,1,3,1,3,1,118,78,40,9,53,65,6.45338983050847,6.57051282051282,6.225,6.5,6.4622641509434,6.44615384615385,18
"20",2004,9,6.4375,8,6.41666666666667,6.5,NA,6.5,6.25,6,2,0,6,2,126,84,42,9,59,67,6.45238095238095,6.55952380952381,6.23809523809524,6.5,6.46610169491525,6.44029850746269,19
"21",2004,10,6.5,6,7,5.5,NA,6.33333333333333,6.66666666666667,4,2,0,3,3,132,88,44,9,62,70,6.45454545454545,6.57954545454545,6.20454545454545,6.5,6.45967741935484,6.45,20
"22",2004,11,6.3,5,7.25,5.66666666666667,5,6.5,6.25,2,3,1,1,4,137,90,47,10,63,74,6.44890510948905,6.59444444444444,6.17021276595745,6.35,6.46031746031746,6.43918918918919,21
"23",2004,12,6,2,6,6,NA,NA,6,1,1,0,0,2,139,91,48,10,63,76,6.44244604316547,6.58791208791209,6.16666666666667,6.35,6.46031746031746,6.42763157894737,22
"24",2005,1,5.21428571428571,7,5.25,5,NA,4.83333333333333,5.5,6,1,0,3,4,146,97,49,10,66,80,6.38356164383562,6.50515463917526,6.14285714285714,6.35,6.38636363636364,6.38125,23
"25",2005,2,6.75,8,6.875,6.625,NA,6.5,7,4,4,0,4,4,154,101,53,10,70,84,6.4025974025974,6.51980198019802,6.17924528301887,6.35,6.39285714285714,6.41071428571429,24
"26",2005,3,6.55555555555556,9,6.625,6,NA,6.25,7.16666666666667,8,1,0,6,3,163,109,54,10,76,87,6.41104294478528,6.52752293577982,6.17592592592593,6.35,6.38157894736842,6.4367816091954,25
"27",2005,4,4,2,6,2,NA,2,6,1,1,0,1,1,165,110,55,10,77,88,6.38181818181818,6.52272727272727,6.1,6.35,6.32467532467532,6.43181818181818,26
"28",2005,5,5.66666666666667,3,NA,5.66666666666667,7,4,6.5,0,3,1,1,2,168,110,58,11,78,90,6.36904761904762,6.52272727272727,6.07758620689655,6.40909090909091,6.29487179487179,6.43333333333333,27
"29",2005,6,5.65,10,5.875,5.5,7,5.5,6,4,6,1,7,3,178,114,64,12,85,93,6.32865168539326,6.5,6.0234375,6.45833333333333,6.22941176470588,6.41935483870968,28
"30",2005,7,6.66666666666667,3,7,6.5,6,6,7,1,2,1,1,2,181,115,66,13,86,95,6.33425414364641,6.50434782608696,6.03787878787879,6.42307692307692,6.22674418604651,6.43157894736842,29
"31",2005,8,5.88888888888889,9,6.1,5.625,5.75,5.41666666666667,6.83333333333333,5,4,2,6,3,190,120,70,15,92,98,6.31315789473684,6.4875,6.01428571428571,6.33333333333333,6.17391304347826,6.44387755102041,30
"32",2005,9,5.25,4,4,5.66666666666667,6,4,5.66666666666667,1,3,1,1,3,194,121,73,16,93,101,6.29123711340206,6.46694214876033,6,6.3125,6.1505376344086,6.42079207920792,31
"33",2005,10,6.2,5,6,6.33333333333333,7,6.2,NA,2,3,1,5,0,199,123,76,17,98,101,6.28894472361809,6.45934959349593,6.01315789473684,6.35294117647059,6.1530612244898,6.42079207920792,32
"34",2005,11,6.55555555555556,9,6.71428571428571,6,NA,6.5,6.66666666666667,7,2,0,6,3,208,130,78,17,104,104,6.30048076923077,6.47307692307692,6.01282051282051,6.35294117647059,6.17307692307692,6.42788461538461,33
"35",2005,12,6.375,4,6.375,NA,NA,6,6.5,4,0,0,1,3,212,134,78,17,105,107,6.30188679245283,6.47014925373134,6.01282051282051,6.35294117647059,6.17142857142857,6.42990654205607,34
"36",2006,1,6.83333333333333,6,7.5,5.5,NA,8,5.66666666666667,4,2,0,3,3,218,138,80,17,108,110,6.31651376146789,6.5,6,6.35294117647059,6.22222222222222,6.40909090909091,35
"37",2006,2,6.22222222222222,9,6.8,5.5,6,5.33333333333333,6.66666666666667,5,4,1,3,6,227,143,84,18,111,116,6.31277533039648,6.51048951048951,5.97619047619048,6.33333333333333,6.1981981981982,6.42241379310345,36
"38",2006,3,6,3,6.5,5,NA,NA,6,2,1,0,0,3,230,145,85,18,111,119,6.30869565217391,6.51034482758621,5.96470588235294,6.33333333333333,6.1981981981982,6.41176470588235,37
"39",2006,4,5.83333333333333,6,6.1,4.5,NA,5.625,6.25,5,1,0,4,2,236,150,86,18,115,121,6.29661016949153,6.49666666666667,5.94767441860465,6.33333333333333,6.17826086956522,6.40909090909091,38
"40",2006,5,6.64285714285714,7,7.1,5.5,6,6.875,6.33333333333333,5,2,1,4,3,243,155,88,19,119,124,6.30658436213992,6.51612903225806,5.9375,6.31578947368421,6.20168067226891,6.40725806451613,39
"41",2006,6,6.33333333333333,6,6,8,NA,6.25,6.5,5,1,0,4,2,249,160,89,19,123,126,6.30722891566265,6.5,5.96067415730337,6.31578947368421,6.20325203252033,6.40873015873016,40
"42",2006,7,7,3,7.5,6,NA,7,7,2,1,0,1,2,252,162,90,19,124,128,6.31547619047619,6.51234567901235,5.96111111111111,6.31578947368421,6.20967741935484,6.41796875,41
"43",2006,8,4.875,2,NA,4.875,NA,5.75,4,0,2,0,1,1,254,162,92,19,125,129,6.30413385826772,6.51234567901235,5.9375,6.31578947368421,6.206,6.39922480620155,42
"44",2006,9,6.63333333333333,6,6.76,6,6,6.95,6,5,1,1,4,2,260,167,93,20,129,131,6.31173076923077,6.51976047904192,5.93817204301075,6.3,6.22906976744186,6.39312977099237,43
"45",2006,10,5.9,5,5,6.125,NA,6.25,5.66666666666667,1,4,0,2,3,265,168,97,20,131,134,6.30396226415094,6.51071428571429,5.94587628865979,6.3,6.2293893129771,6.37686567164179,44
"46",2006,11,5,1,5,NA,NA,NA,5,1,0,0,0,1,266,169,97,20,131,135,6.29906015037594,6.50177514792899,5.94587628865979,6.3,6.2293893129771,6.36666666666667,45
"47",2006,12,6.625,8,6.5,7,NA,6.75,6.5,6,2,0,4,4,274,175,99,20,135,139,6.30857664233577,6.50171428571429,5.96717171717172,6.3,6.24481481481481,6.3705035971223,46
"48",2007,1,6.35263157894737,19,6.18333333333333,6.64285714285714,6.5,6.61111111111111,6.12,12,7,4,9,10,293,187,106,24,144,149,6.31143344709898,6.48128342245989,6.01179245283019,6.33333333333333,6.26770833333333,6.35369127516779,47
"49",2007,2,6.59824516129032,31,7.47,6.18312380952381,6.25,6.5,6.65228,10,21,2,11,20,324,197,127,26,155,169,6.33887530864197,6.53147208121827,6.04012283464567,6.32692307692308,6.2841935483871,6.38902721893491,48
"50",2007,3,6.18,15,6.66666666666667,5.85555555555556,5.56666666666667,6.5,5.81428571428571,6,9,3,8,7,339,203,136,29,163,176,6.33184542772861,6.53546798029557,6.02790882352941,6.24827586206897,6.29478527607362,6.36616818181818,49
"51",2007,4,6.69444444444444,18,7.15,6.125,6.75,6.88888888888889,6.5,10,8,4,9,9,357,213,144,33,172,185,6.35012773109244,6.56431924882629,6.03330277777778,6.30909090909091,6.32587209302326,6.37267891891892,50
"52",2007,5,6.06,15,6.28571428571429,5.8625,6,5.28,6.45,7,8,1,5,10,372,220,152,34,177,195,6.33842903225806,6.55545454545455,6.02431315789474,6.3,6.29632768361582,6.3766441025641,51
"53",2007,6,6.65789473684211,19,7.05555555555556,6.3,6.66666666666667,6.16666666666667,6.88461538461539,9,10,3,6,13,391,229,162,37,183,208,6.35395294117647,6.57510917030568,6.04133086419753,6.32972972972973,6.29207650273224,6.40839230769231,52
"54",2007,7,7,12,7.125,6.75,8,6.78571428571429,7.3,8,4,1,7,5,403,237,166,38,190,213,6.37319007444169,6.59367088607595,6.05840722891566,6.37368421052632,6.31026315789474,6.4293220657277,53
"55",2007,8,7.05,14,7.11111111111111,6.94,7.2,7.625,6.82,9,5,1,4,10,417,246,171,39,194,223,6.39591270983213,6.61260162601626,6.08418479532164,6.39487179487179,6.33737113402062,6.44684125560538,54
"56",2007,9,5.5,9,5.91666666666667,4.66666666666667,5,5,7.25,6,3,2,7,2,426,252,174,41,201,225,6.37698497652582,6.59603174603175,6.05974482758621,6.32682926829268,6.2907960199005,6.45398044444444,55
"57",2007,10,6.16875,16,6.83333333333333,5.77,6,6,6.27,6,10,2,6,10,442,258,184,43,207,235,6.36944705882353,6.6015503875969,6.04399782608696,6.31162790697674,6.28236714975845,6.4461514893617,56
"58",2007,11,6.68888888888889,27,6.775,6.44285714285714,6.75,6.65,6.71176470588235,20,7,4,10,17,469,278,191,47,217,252,6.38783710021322,6.61402877697842,6.05861570680628,6.34893617021277,6.29930875576037,6.46406984126984,57
"59",2007,12,6.7037037037037,27,7.45,6.26470588235294,6.66666666666667,6.20833333333333,7.1,10,17,6,12,15,496,288,208,53,229,267,6.4050314516129,6.64305555555556,6.07545961538461,6.38490566037736,6.29454148471616,6.49979625468165,58
"60",2008,1,6.5,30,6.82105263157895,5.94545454545455,7,6.475,6.51666666666667,19,11,3,12,18,526,307,219,56,241,285,6.41044790874525,6.65407166123779,6.0689296803653,6.41785714285714,6.30352697095436,6.50086175438596,59
"61",2008,2,6.75,16,7.18181818181818,5.8,6.5,7.16666666666667,6.5,11,5,2,6,10,542,318,224,58,247,295,6.42047158671587,6.67232704402516,6.06292678571428,6.42068965517241,6.32449392712551,6.50083254237288,60
"62",2008,3,6.63181818181818,22,7.24166666666667,5.9,6.8,7.15833333333333,6,12,10,5,12,10,564,330,234,63,259,305,6.42871560283688,6.6930303030303,6.0559641025641,6.45079365079365,6.36312741312741,6.48441180327869,61
"63",2008,4,6.78333333333333,15,6.96875,6.57142857142857,6.66666666666667,7.15,6.6,8,7,3,5,10,579,338,241,66,264,315,6.43790259067357,6.69955621301775,6.07093609958506,6.46060606060606,6.3780303030303,6.48808126984127,62
"64",2008,5,6.56578947368421,19,6.47916666666667,6.71428571428571,8,6.41666666666667,6.63461538461539,12,7,1,6,13,598,350,248,67,270,328,6.44196588628762,6.692,6.08909516129032,6.48358208955224,6.37888888888889,6.49388902439024,63
"65",2008,6,6.40588235294118,17,6.65,6.05714285714286,7,6.61111111111111,6.175,10,7,2,9,8,615,360,255,69,279,336,6.44096845528455,6.69083333333333,6.08821803921569,6.49855072463768,6.38637992831541,6.48629642857143,64
"66",2008,7,6.275,20,6.44444444444444,6.13636363636364,5.5,5.2,6.63333333333333,9,11,7,5,15,635,369,266,76,284,351,6.4357411023622,6.68482384823848,6.09020902255639,6.40657894736842,6.36549295774648,6.49258005698006,65
"67",2008,8,6.565,22,7.74125,5.89285714285714,6.1,6.6,6.53583333333333,8,14,10,10,12,657,377,280,86,294,363,6.44006940639269,6.70724137931034,6.08034142857143,6.37093023255814,6.3734693877551,6.49400991735537,66
"68",2008,9,6.4575,20,6.95,5.965,6.53571428571429,6.28636363636364,6.66666666666667,10,10,7,11,9,677,387,290,93,305,372,6.44058434268833,6.7135142118863,6.07636413793103,6.38333333333333,6.37032786885246,6.49818709677419,67
"69",2008,10,6.25,17,6.33333333333333,6.20454545454545,5.875,4.91666666666667,6.53571428571429,6,11,4,3,14,694,393,301,97,308,386,6.43591585014409,6.70770992366412,6.08104850498339,6.36237113402062,6.35616883116883,6.4995481865285,68
"70",2008,11,6.34615384615385,13,6.66666666666667,6.25,6.1,5.91666666666667,6.71428571428571,3,10,5,6,7,707,396,311,102,314,393,6.43426534653465,6.70739898989899,6.08648102893891,6.34950980392157,6.34777070063694,6.50337302798982,69
"71",2008,12,6.41176470588235,17,7.1875,5.72222222222222,5.75,7.075,6.20769230769231,8,9,4,4,13,724,404,320,106,318,406,6.43373701657458,6.71690594059406,6.07623625,6.32688679245283,6.35691823899371,6.49390541871921,70
"72",2009,1,6.3625,32,6.67058823529412,6.01333333333333,5,6.30357142857143,6.40833333333333,17,15,7,14,18,756,421,335,113,332,424,6.43072169312169,6.71503562945368,6.07341970149254,6.24469026548673,6.35466867469879,6.49027264150943,71
"73",2009,2,6.16176470588235,17,6.67857142857143,5.8,5.83333333333333,6.65625,5.72222222222222,7,10,6,8,9,773,428,345,119,340,433,6.42480672703752,6.71443925233645,6.06549449275362,6.22394957983193,6.36176470588235,6.47430854503464,72
"74",2009,3,6.28947368421053,19,7.16666666666667,5.88461538461539,5.875,6.3125,6.27272727272727,6,13,8,8,11,792,434,358,127,348,444,6.4215601010101,6.72069124423963,6.05892625698324,6.20196850393701,6.36063218390805,6.46931441441441,73
"75",2009,4,6.36,25,6.77272727272727,6.03571428571429,6.66666666666667,6.25,6.38095238095238,11,14,6,4,21,817,445,372,133,352,465,6.41967637698898,6.72197752808989,6.05805268817204,6.22293233082707,6.359375,6.46532387096774,74
"76",2009,5,6.1125,20,6.83333333333333,5.52272727272727,5.45833333333333,6.125,6.1,9,11,6,10,10,837,454,383,139,362,475,6.41233643966547,6.72418502202643,6.04267780678851,6.18992805755396,6.35290055248619,6.45763284210526,75
"77",2009,6,5.79545454545455,22,6.07142857142857,5.66666666666667,6.15,6,5.7,7,15,10,7,15,859,461,398,149,369,490,6.39653736903376,6.71427331887202,6.02850653266332,6.18724832214765,6.34620596205962,6.43444,76
"78",2009,7,6.35384615384615,26,6.70555555555556,5.5625,5.25,6,6.51111111111111,18,8,4,8,18,885,479,406,153,377,508,6.39528316384181,6.71394572025052,6.01932413793103,6.16274509803922,6.33885941644562,6.43715669291339,77
"79",2009,8,6.948,25,7.3,6.71333333333333,6.61666666666667,6.92,6.96666666666667,10,15,6,10,15,910,489,421,159,387,523,6.41046769230769,6.72593047034765,6.0440513064133,6.17987421383648,6.35387596899225,6.45234340344168,78
"80",2009,9,6.385,20,7.2,6.11333333333333,6,6.9,6.04166666666667,5,15,6,8,12,930,494,436,165,395,535,6.40992,6.73072874493927,6.04643486238532,6.17333333333333,6.36493670886076,6.44313196261682,79
"81",2009,10,5.98,25,6.3375,5.81176470588235,5.82857142857143,5.95714285714286,5.98888888888889,8,17,7,7,18,955,502,453,172,402,553,6.39866554973822,6.72446215139442,6.03762825607064,6.15930232558139,6.35783582089552,6.42834647377938,80
"82",2009,11,6.41935483870968,31,6.6875,6.13333333333333,6.4,6.94444444444444,6.20454545454545,16,15,10,9,22,986,518,468,182,411,575,6.39931602434077,6.72332046332046,6.04069572649573,6.17252747252747,6.37068126520681,6.41978365217391,81
"83",2009,12,6.67291666666667,48,7.09259259259259,6.13333333333333,6.17857142857143,6.78571428571429,6.58518518518519,27,21,14,21,27,1034,545,489,196,432,602,6.4120170212766,6.74161467889908,6.04467402862986,6.17295918367347,6.39085648148148,6.42720199335548,82
"84",2010,1,6.23020833333333,48,6.88421052631579,5.80172413793103,5.61538461538461,6.35294117647059,6.16290322580645,19,29,13,17,31,1082,564,518,209,449,633,6.40395157116451,6.74641843971631,6.03107258687259,6.13827751196172,6.38942093541203,6.41425845181675,83
"85",2010,2,6.26607142857143,28,6.92857142857143,5.60357142857143,5.86875,6.81818181818182,5.90882352941177,14,14,8,11,17,1110,578,532,217,460,650,6.40047351351351,6.75083044982699,6.01982255639098,6.12834101382488,6.39967391304348,6.40103938461539,84
"86",2010,3,6.65392857142857,28,6.89166666666667,6.475625,6.53444444444444,7.21428571428571,6.46714285714286,12,16,9,7,21,1138,590,548,226,467,671,6.40670966608084,6.75369491525424,6.03313065693431,6.14451327433628,6.41188436830835,6.40310819672131,85
"87",2010,4,6.28076923076923,26,6.58125,5.8,5.25,6.71428571428571,6.12105263157895,16,10,2,7,19,1164,606,558,228,474,690,6.40389656357388,6.74914191419142,6.02895268817204,6.13666666666667,6.41635021097046,6.39534144927536,86
"88",2010,5,6.22368421052632,19,6.78125,5.81818181818182,5.64285714285714,6.5,6.125,8,11,7,5,14,1183,614,569,235,479,704,6.4010021978022,6.74956026058632,6.02487803163445,6.12195744680851,6.41722338204593,6.38996534090909,87
"89",2010,6,6.65625,24,6.83333333333333,6.36111111111111,6.58333333333333,6.88888888888889,6.51666666666667,15,9,3,9,15,1207,629,578,238,488,719,6.40607754763877,6.75155802861685,6.03011349480969,6.1277731092437,6.42592213114754,6.39260862308762,88
"90",2010,7,6.36607142857143,28,6.36666666666667,6.36538461538461,6.33333333333333,6.25,6.39772727272727,15,13,6,6,22,1235,644,591,244,494,741,6.40517052631579,6.74259316770186,6.0374883248731,6.13282786885246,6.42378542510121,6.39276059379217,89
"91",2010,8,6.6530303030303,33,7.41176470588235,5.846875,6.26,6.27777777777778,6.79375,17,16,5,9,24,1268,661,607,249,503,765,6.41162113564669,6.75980332829047,6.03246392092257,6.13538152610442,6.42117296222664,6.40534065359477,90
"92",2010,9,6.77083333333333,24,6.96153846153846,6.54545454545455,6.75,6.625,6.84375,13,11,8,8,16,1292,674,618,257,511,781,6.41829380804954,6.76369436201781,6.04159482200647,6.15451361867704,6.42436399217221,6.41432215108835,91
"93",2010,10,6.41739130434783,23,6.59090909090909,6.25833333333333,6.12,6.28571428571429,6.475,11,12,5,7,16,1315,685,630,262,518,797,6.41827802281369,6.7609197080292,6.04572317460318,6.15385496183206,6.42249034749035,6.41554027603513,92
"94",2010,11,6.632,25,7,5.85,6.5,7.475,6.23529411764706,17,8,2,8,17,1340,702,638,264,526,814,6.42226537313433,6.7667094017094,6.04326896551724,6.15647727272727,6.43849809885931,6.41177592137592,93
"95",2010,12,6.37692307692308,39,6.67368421052632,6.095,6.7375,6.24285714285714,6.452,19,20,8,14,25,1379,721,658,272,540,839,6.42098303118202,6.76425797503467,6.04484133738602,6.17356617647059,6.43342592592592,6.41297449344458,94
"96",2011,1,6.56666666666667,48,6.75,6.35,6.16666666666667,6.36666666666667,6.65757575757576,26,22,12,15,33,1427,747,680,284,555,872,6.42588339173091,6.76376171352075,6.05471411764706,6.17327464788732,6.43162162162162,6.42223119266055,95
"97",2011,2,6.17272727272727,22,6.65,5.6,6.5,6.66666666666667,5.9875,12,10,2,6,16,1449,759,690,286,561,888,6.4220397515528,6.76196310935442,6.04812405797102,6.17555944055944,6.43413547237077,6.4143981981982,96
"98",2011,3,6.45151515151515,33,7.12142857142857,5.95789473684211,5.7,5.81111111111111,6.69166666666667,14,19,9,9,24,1482,773,709,295,570,912,6.42269608636977,6.76847347994825,6.04570606488011,6.16105084745763,6.42429824561403,6.42169473684211,97
"99",2011,4,6.64705882352941,17,7.275,6.08888888888889,5.95,6.75,6.61538461538461,8,9,4,4,13,1499,781,718,299,574,925,6.42524056037358,6.77366197183099,6.04624735376045,6.15822742474916,6.42656794425087,6.42441686486487,98
"100",2011,5,6.51851851851852,27,6.85294117647059,5.95,6.64285714285714,7,6.45833333333333,17,10,7,3,24,1526,798,728,306,577,949,6.42689095674967,6.77535087719298,6.04492527472528,6.16931372549019,6.42954939341421,6.42527460484721,99
"101",2011,6,6.45238095238095,21,6.65625,5.8,6.66666666666667,6.75,6.38235294117647,16,5,3,4,17,1547,814,733,309,581,966,6.42723697478992,6.77300982800983,6.04325457025921,6.17414239482201,6.43175559380379,6.42451925465839,100
"102",2011,7,6.77272727272727,22,6.88461538461539,6.61111111111111,6.3,7.2,6.64705882352941,13,9,5,5,17,1569,827,742,314,586,983,6.43208132568515,6.77476420798065,6.0501423180593,6.17614649681529,6.43831058020478,6.42836785350967,101
"103",2011,8,6.56818181818182,22,6.5,6.66666666666667,6.5,6,6.73529411764706,13,9,4,5,17,1591,840,751,318,591,1000,6.43396329352608,6.77051190476191,6.05753075898802,6.18022012578616,6.43460236886633,6.4335856,102
"104",2011,9,6.21428571428571,21,6.9,5.59090909090909,5.5,6.92857142857143,5.85714285714286,10,11,4,7,14,1612,850,762,322,598,1014,6.43110148883375,6.77203529411765,6.05079475065617,6.1717701863354,6.44038461538461,6.4256268244576,103
"105",2011,10,6.41304347826087,23,6.73076923076923,6,5.5,6.3,6.5,13,10,3,10,13,1635,863,772,325,608,1027,6.4308474617737,6.77141367323291,6.05013678756477,6.16556923076923,6.43807565789474,6.4265682570594,104
"106",2011,11,5.71875,16,6.71428571428571,4.94444444444444,5.1,4.25,6.20833333333333,7,9,5,4,12,1651,870,781,330,612,1039,6.42394645669291,6.77095402298851,6.03739513444302,6.14942424242424,6.42377450980392,6.42404773820982,105
"107",2011,12,5.94117647058824,17,6.16666666666667,5.6875,6,5.78571428571429,6.05,9,8,2,7,10,1668,879,789,332,619,1049,6.41902613908873,6.76476678043231,6.0338474017744,6.14852409638554,6.41655896607431,6.4204819828408,106
"108",2012,1,6.146875,32,6.26,5.95833333333333,5.9,6.42857142857143,6.068,20,12,5,7,25,1700,899,801,337,626,1074,6.41390329411765,6.75353726362625,6.03271610486892,6.14483679525223,6.41669329073482,6.41227709497207,107
"109",2012,2,5.93793103448276,29,6.53684210526316,4.8,5.16666666666667,5.625,6.05714285714286,19,10,6,8,21,1729,918,811,343,634,1095,6.40591995373048,6.7490522875817,6.01751615289766,6.12772594752187,6.40670347003154,6.40546630136986,108
"110",2012,3,6.60588235294118,17,6.5,6.725,5.75,5,6.82,9,8,2,2,15,1746,927,819,345,636,1110,6.40786689576174,6.74663430420712,6.02442686202686,6.12553623188406,6.40227987421384,6.41106810810811,109
"111",2012,4,6.8125,16,6.8,6.83333333333333,7,7,6.8,10,6,2,1,15,1762,937,825,347,637,1125,6.41154120317821,6.74720384204909,6.03030981818182,6.13057636887608,6.40321821036107,6.41625386666667,110
"112",2012,5,6.21666666666667,12,6.24,6.2,6,5.5,6.28181818181818,5,7,3,1,11,1774,942,832,350,638,1136,6.41022299887261,6.74451167728238,6.0317375,6.12945714285714,6.40180250783699,6.41495211267606,111
"113",2012,6,5.76923076923077,13,5.875,5.6,5,5.16666666666667,5.95,8,5,1,3,10,1787,950,837,351,641,1146,6.40555993284835,6.73718947368421,6.02915842293907,6.12623931623932,6.39602184087364,6.41089493891798,112
"114",2012,7,6.88,17,7.36363636363636,5.99333333333333,5.83333333333333,6.42857142857143,7.196,11,6,3,7,10,1804,961,843,354,648,1156,6.41003082039911,6.74436004162331,6.0289034400949,6.12375706214689,6.39637345679012,6.41768650519031,113
"115",2012,8,6.22727272727273,11,6.27777777777778,6,NA,6,6.25,9,2,0,1,10,1815,970,845,354,649,1166,6.40892319559229,6.74003092783505,6.0288350295858,6.12375706214689,6.39576271186441,6.41624837049743,114
"116",2012,9,6.47333333333333,15,6.41428571428571,6.525,NA,5,6.57857142857143,7,8,0,1,14,1830,977,853,354,650,1180,6.40945114754098,6.73769703172978,6.03348839390387,6.12375706214689,6.39361538461539,6.41817423728814,115
"117",2012,10,6.96153846153846,13,7.33333333333333,6.125,6.25,7.14285714285714,6.75,9,4,2,7,6,1843,986,857,356,657,1186,6.4133454150841,6.74313387423935,6.03391551925321,6.12446629213483,6.40159817351598,6.41985295109612,116
"118",2012,11,6.175,22,6.54545454545455,5.80454545454545,6.12142857142857,6.0625,6.23928571428571,11,11,7,8,14,1865,997,868,363,665,1200,6.41053383378016,6.74095285857573,6.03100875576037,6.12440771349862,6.39751879699248,6.41774633333334,117
"119",2012,12,6.35714285714286,14,6.5,6.16666666666667,6.5,6,6.41666666666667,8,6,2,2,12,1879,1005,874,365,667,1212,6.41013602980309,6.73903482587065,6.03194004576659,6.12646575342466,6.39632683658171,6.41773564356436,118
"120",2013,1,6.35941176470588,17,6.716,5.85,5.9375,7.75,5.93153846153846,10,7,4,4,13,1896,1015,881,369,671,1225,6.40968122362869,6.7388078817734,6.03049443813848,6.12441734417344,6.40439642324888,6.412576,119
"121",2013,2,6.01153846153846,26,6.89,5.4625,5.4,6.62857142857143,5.78421052631579,10,16,5,7,19,1922,1025,897,374,678,1244,6.40429531737773,6.74028292682927,6.0203629877369,6.11473262032086,6.40671091445428,6.40297877813505,120
"122",2013,3,5.95,10,6.83333333333333,5.57142857142857,4.5,NA,5.95,3,7,2,0,10,1932,1028,904,376,678,1254,6.40194389233955,6.74055447470817,6.01688672566372,6.10614361702128,6.40671091445428,6.39936650717704,121
"123",2013,4,5.95833333333333,12,5.78571428571429,6.2,6,6.33333333333333,5.83333333333333,7,5,1,3,9,1944,1035,909,377,681,1263,6.39920555555556,6.73409661835749,6.01789394939494,6.10586206896552,6.40638766519824,6.39533301662708,122
"124",2013,5,6.17333333333333,9,6.5,5.912,5.66666666666667,5.75,6.29428571428571,4,5,3,2,7,1953,1039,914,380,683,1270,6.39816466973886,6.73319538017324,6.01731466083151,6.1023947368421,6.40446559297218,6.39477606299213,123
"125",2013,6,6.1,18,6.78571428571429,5.66363636363636,5.975,5.4,6.36923076923077,7,11,8,5,13,1971,1046,925,388,688,1283,6.39544170471842,6.73354684512428,6.01310875675676,6.09976804123711,6.39716569767442,6.39451722525332,124
"126",2013,7,6.29857142857143,14,6.02,6.41,6.1,6.4,6.258,4,10,5,4,10,1985,1050,935,393,692,1293,6.39475848866499,6.73082857142857,6.0173535828877,6.09977099236641,6.39718208092486,6.39346140757928,125
"127",2013,8,7.1,14,7.42,6.3,6.3,7,7.10769230769231,10,4,4,1,13,1999,1060,939,397,693,1306,6.39969764882441,6.73733018867924,6.01855761448349,6.10178841309824,6.39805194805195,6.40057090352221,126
"128",2013,9,6.23076923076923,13,6.33333333333333,6.14285714285714,6.5,6.5,6.18181818181818,6,7,4,2,11,2012,1066,946,401,695,1317,6.39860616302187,6.73505628517823,6.01947737843552,6.10576059850374,6.39834532374101,6.39874381169324,127
"129",2013,10,6.62222222222222,18,6.97272727272727,6.07142857142857,6,7.24,6.38461538461539,11,7,2,5,13,2030,1077,953,403,700,1330,6.40058896551724,6.73748375116063,6.01985897166842,6.10523573200993,6.40435714285714,6.39860571428572,128
"130",2013,11,6.225,8,6.375,6.075,6.1,6.575,5.875,4,4,3,4,4,2038,1081,957,406,704,1334,6.39989970559372,6.73614246068455,6.020089446186,6.10519704433498,6.40532670454546,6.39703568215892,129
"131",2013,12,6.52631578947368,19,6.82142857142857,5.7,5.375,6.33333333333333,6.61538461538461,14,5,4,6,13,2057,1095,962,410,710,1347,6.40106737967914,6.73723287671233,6.01842577962578,6.09807317073171,6.40471830985916,6.3991429844098,130
"132",2014,1,6.024,25,6.59166666666667,5.5,5.57142857142857,6.125,5.97647058823529,12,13,7,8,17,2082,1107,975,417,718,1364,6.39653967339097,6.7356549232159,6.01151343589744,6.08923261390887,6.40160167130919,6.39387507331379,131
"133",2014,2,6.44285714285714,14,6.66666666666667,6.275,6,5.8,6.8,6,8,4,5,9,2096,1113,983,421,723,1373,6.39684904580153,6.73528301886792,6.01365778229909,6.08838479809976,6.39744121715076,6.39653721777131,132
"134",2014,3,7.14285714285714,7,7.2,7,7,7,7.25,5,2,2,3,4,2103,1118,985,423,726,1377,6.39933219210651,6.73736135957066,6.01566050761421,6.09269503546099,6.39993112947658,6.39901641249093,133
"135",2014,4,6.22727272727273,11,7,5.78571428571429,5.83333333333333,6.875,5.85714285714286,4,7,3,4,7,2114,1122,992,426,730,1384,6.39843689687796,6.73829768270945,6.01403790322581,6.09086854460094,6.40253424657534,6.39627572254336,134
"136",2014,5,6.18,10,6.6,5.76,6.26666666666667,5.93333333333333,6.28571428571429,5,5,3,3,7,2124,1127,997,429,733,1391,6.39740847457627,6.73768411712511,6.01276389167503,6.0920979020979,6.4006139154161,6.39571933860532,135
"137",2014,6,6.51666666666667,18,6.85714285714286,6.3,6.16666666666667,6.33333333333333,6.55333333333333,7,11,6,3,15,2142,1134,1008,435,736,1406,6.3984106442577,6.73842151675485,6.01589841269841,6.09312643678161,6.40033967391304,6.39740085348507,136
"138",2014,7,5.83333333333333,9,5.83333333333333,5.83333333333333,6,NA,5.83333333333333,6,3,1,0,9,2151,1140,1011,436,736,1415,6.39604630404463,6.73365789473684,6.01535667655787,6.0929128440367,6.40033967391304,6.39381314487633,137
"139",2014,8,6.19230769230769,13,6.44444444444444,5.625,5.5,6,6.22727272727273,9,4,1,2,11,2164,1149,1015,437,738,1426,6.39482236598891,6.73139251523063,6.01381832512315,6.09155606407323,6.39925474254743,6.39252847124825,138
"140",2014,9,6.53846153846154,13,7.125,5.6,5,6,6.63636363636364,8,5,2,2,11,2177,1157,1020,439,740,1437,6.39568011024345,6.73411408815903,6.01178980392157,6.08658314350797,6.39817567567568,6.39439498956159,139
"141",2014,10,5.6875,8,6.5,4.875,3.75,5.75,5.66666666666667,4,4,2,2,6,2185,1161,1024,441,742,1443,6.39308723112128,6.73330749354005,6.00734921875,6.07598639455782,6.39642857142857,6.39136909216909,140
"142",2014,11,6.44285714285714,14,6.5625,6.28333333333333,9,5.5,6.82,8,6,1,4,10,2199,1169,1030,442,746,1453,6.39340409276944,6.73213857998289,6.00895689320388,6.08260180995475,6.39162198391421,6.39431906400551,141
"143",2014,12,6.16,10,6.58333333333333,5.525,5.7,6.36666666666667,6.07142857142857,6,4,3,3,7,2209,1175,1034,445,749,1460,6.39234748755093,6.73137872340425,6.00708471953579,6.08002247191011,6.3915220293725,6.39277095890411,142
"144",2015,1,6.61818181818182,11,6.97142857142857,6,NA,7.93333333333333,6.125,7,4,0,3,8,2220,1182,1038,445,752,1468,6.39346648648649,6.73280033840947,6.00705741811176,6.08002247191011,6.39767287234043,6.39131171662126,143
"145",2015,2,6.125,8,6.33333333333333,6,6.33333333333333,6.5,6,3,5,3,2,6,2228,1185,1043,448,754,1474,6.39250251346499,6.73178902953586,6.00702358581017,6.08171875,6.39794429708223,6.38971886024424,144
"146",2015,3,6.49230769230769,13,7.1,6.1125,6.475,NA,6.49230769230769,5,8,4,0,13,2241,1190,1051,452,754,1487,6.39308148148148,6.73333613445378,6.00782645099905,6.08519911504425,6.39794429708223,6.39061573638198,145
"147",2015,4,6.26785714285714,14,6.95714285714286,5.57857142857143,7.025,6,6.28846153846154,7,7,2,1,13,2255,1197,1058,454,755,1500,6.39230403547672,6.73464494569758,6.00498638941399,6.08933920704846,6.39741721854305,6.3897304,146
"148",2015,5,5.85714285714286,14,7.3,5.05555555555556,4.66666666666667,6.625,5.55,5,9,3,4,10,2269,1202,1067,457,759,1510,6.38900202732481,6.73699667221298,5.99697806935333,6.08,6.39861660079052,6.38416927152318,147
"149",2015,6,5.83333333333333,6,5.5,6.5,NA,7,5.6,4,2,0,1,5,2275,1206,1069,457,760,1515,6.38753652747253,6.73289386401327,5.99791917680075,6.08,6.39940789473684,6.38158125412542,148
"150",2015,7,6.45454545454545,11,6.92857142857143,5.625,5.5,5.75,6.61111111111111,7,4,3,2,9,2286,1213,1073,460,762,1524,6.38785896762905,6.73402308326463,5.99652898415657,6.07621739130435,6.39770341207349,6.38293674540683,149
"151",2015,8,6.28125,16,6.3,6.27272727272727,6,6.5,6.25,5,11,4,2,14,2302,1218,1084,464,764,1538,6.38711798436143,6.73224137931034,5.99933173431734,6.07556034482759,6.39797120418848,6.3817266579974,150
"152",2015,9,6.92727272727273,11,7.02857142857143,6.75,7.5,7.5,6.8,7,4,1,2,9,2313,1225,1088,465,766,1547,6.38968681366191,6.73393469387755,6.00209154411765,6.07862365591398,6.40084856396867,6.384160051713,151
"153",2015,10,6.03333333333333,15,6.5625,5.42857142857143,7,4.5,6.26923076923077,8,7,2,2,13,2328,1233,1095,467,768,1560,6.38739072164949,6.73282238442822,5.99842520547945,6.08256959314775,6.3958984375,6.38320230769231,152
"154",2015,11,6.10416666666667,24,6.6,5.75,4.4,5.375,6.25,10,14,5,4,20,2352,1243,1109,472,772,1580,6.38450068027211,6.73175382139984,5.99528908926961,6.06474576271187,6.39060880829016,6.38151620253165,153
"155",2015,12,6.45277777777778,18,6.86666666666667,6.24583333333333,5.15,6.4,6.46785714285714,6,12,4,4,14,2370,1249,1121,476,776,1594,6.38501924050633,6.73240192153723,5.99797109723461,6.05705882352941,6.39065721649485,6.38227452948557,154
"156",2016,1,6.72083333333333,24,6.72222222222222,6.71666666666667,7,6.2,6.825,18,6,1,4,20,2394,1267,1127,477,780,1614,6.3883857978279,6.73225730071034,6.00179733806566,6.059035639413,6.38967948717949,6.38776059479554,155
"157",2016,2,6.66666666666667,9,7.375,6.1,5.75,6,6.75,4,5,2,1,8,2403,1271,1132,479,781,1622,6.38942804827299,6.73428009441385,6.00223109540636,6.05774530271399,6.38918053777209,6.38954722564735,156
"158",2016,3,6.75,24,7.16666666666667,6.05555555555556,6.16666666666667,7.1,6.65789473684211,15,9,3,5,19,2427,1286,1141,482,786,1641,6.39299365471776,6.7393234836703,6.00265170902717,6.05842323651452,6.39370229007634,6.39265423522243,157
"159",2016,4,6.43333333333333,15,6.85714285714286,6.0625,6.375,6.75,6.38461538461539,7,8,4,2,13,2442,1293,1149,486,788,1654,6.39324144144144,6.73996133023975,6.00306840731071,6.06102880658436,6.39460659898477,6.39259105199517,158
"160",2016,5,6.39285714285714,14,6.33333333333333,6.5,6.75,NA,6.39285714285714,9,5,2,0,14,2456,1302,1154,488,788,1668,6.39323925081433,6.73715053763441,6.00522149046794,6.06385245901639,6.39460659898477,6.39259328537171,159
"161",2016,6,6.08333333333333,12,5.875,6.1875,6.33333333333333,6.41666666666667,5.75,4,8,3,6,6,2468,1306,1162,491,794,1674,6.39173241491086,6.73450995405819,6.00647641996558,6.06549898167006,6.39477329974811,6.39029008363202,160
"162",2016,7,6,15,6.5,5.5625,6,6,6,7,8,3,4,11,2483,1313,1170,494,798,1685,6.38936592831253,6.73325971058644,6.00344068376068,6.0651012145749,6.39279448621554,6.3877421958457,161
"163",2016,8,7.01578947368421,19,7.23076923076923,6.55,6.5,8,6.9,13,6,2,2,17,2502,1326,1176,496,800,1702,6.39412294164668,6.73813725490196,6.00622925170068,6.06685483870968,6.3968125,6.39285875440658,162
"164",2016,9,6.2875,24,6.5,6.16,5.625,5.83333333333333,6.43888888888889,9,15,8,6,18,2526,1335,1191,504,806,1720,6.39310989707047,6.73653183520599,6.00816591099916,6.05984126984127,6.39261786600497,6.39334046511628,163
"165",2016,10,6.55,22,6.88461538461539,6.06666666666667,6.125,6,6.63684210526316,13,9,4,3,19,2548,1348,1200,508,809,1739,6.39446452119309,6.73795994065282,6.00860466666667,6.06035433070866,6.39116192830655,6.39600092006901,164
"166",2016,11,6.55227272727273,22,7.03823529411765,4.9,5.25,7.5,6.34166666666667,17,5,2,4,18,2570,1365,1205,510,813,1757,6.39581540856031,6.74169963369963,6.0040046473029,6.05717647058824,6.39661746617466,6.39544428002277,165
"167",2016,12,6.556,25,6.70277777777778,6.17857142857143,6.16666666666667,7.09375,6.30294117647059,18,7,3,8,17,2595,1383,1212,513,821,1774,6.39735861271676,6.74119305856833,6.00501287128713,6.05781676413255,6.40341047503045,6.39455783540023,166
"168",2017,1,6.473,22,7.24285714285714,6.11373333333333,6.46514285714286,6.489,6.46944444444444,7,15,7,4,18,2617,1390,1227,520,825,1792,6.39799449751624,6.74371942446043,6.00634197229014,6.0633,6.40382545454546,6.39531004464286,167
"169",2017,2,6.8875,20,7.046875,6.25,6,7.75,6.79166666666667,16,4,2,2,18,2637,1406,1231,522,827,1810,6.40170709139173,6.7471692745377,6.00713371242892,6.06305747126437,6.40708101571947,6.39925171270718,168
"170",2017,3,6.84285714285714,21,6.94666666666667,6.58333333333333,6.5,7.2,6.73125,15,6,2,5,16,2658,1421,1237,524,832,1826,6.40519247554552,6.7492751583392,6.00992853678254,6.0647251908397,6.41184615384616,6.40216078860898,169
"171",2017,4,6.57222222222222,27,6.6,6.525,6.66666666666667,7.3,6.40681818181818,17,10,3,5,22,2685,1438,1247,527,837,1848,6.40687210428306,6.74751043115438,6.01405902165197,6.06815180265655,6.41715173237754,6.40221623376624,170
"172",2017,5,6.53857142857143,14,6.75,6.25666666666667,5.75,5.8,6.94888888888889,8,6,4,5,9,2699,1446,1253,531,842,1857,6.40755524268248,6.74752420470263,6.01522075019952,6.06575517890772,6.41348693586699,6.40486569736134,171
"173",2017,6,6.89473684210526,19,6.94444444444444,6.85,6.25,6.66666666666667,6.9375,9,10,4,3,16,2718,1455,1263,535,845,1873,6.4109608535688,6.74874226804124,6.02183024544735,6.06713271028037,6.41438579881657,6.4094156967432,172
"174",2017,7,5.995,20,6.6,5.5,6.5,5.75,6.02222222222222,9,11,2,2,18,2738,1464,1274,537,847,1891,6.40792242512783,6.74782786885246,6.01732464678179,6.06874487895717,6.41281700118064,6.40573008989953,173
"175",2017,8,6.288,25,6.33571428571429,6.22727272727273,6.1,7.16666666666667,6.16818181818182,14,11,5,3,22,2763,1478,1285,542,850,1913,6.40683735070576,6.74392422192152,6.01912186770428,6.0690332103321,6.41547764705883,6.40299822268688,174
"176",2017,9,5.75,12,6.375,4.5,4.33333333333333,7,5.63636363636364,8,4,3,1,11,2775,1486,1289,545,851,1924,6.40399697297298,6.74193808882907,6.0144077579519,6.05947889908257,6.41616451233843,6.39861517671518,175
"177",2017,10,6.23529411764706,17,6.77777777777778,5.625,5.2,7.66666666666667,5.92857142857143,9,8,5,3,14,2792,1495,1297,550,854,1938,6.40296977077364,6.74215384615385,6.01200585967617,6.05166545454545,6.42055737704918,6.39521960784314,176
"178",2017,11,6.72222222222222,18,6.79166666666667,6.58333333333333,6.9,7,6.70588235294118,12,6,5,1,17,2810,1507,1303,555,855,1955,6.40501480427046,6.74254810882548,6.01463668457406,6.05930810810811,6.4212350877193,6.39792102301791,177
"179",2017,12,6.41666666666667,18,6.59090909090909,6.14285714285714,7.5,6.75,6.375,11,7,1,2,16,2828,1518,1310,556,857,1971,6.40508896746818,6.74144927536232,6.01532183206107,6.06189928057554,6.42200233372229,6.39773495687469,178
"180",2018,1,6.74727272727273,22,6.94214285714286,6.40625,6.33333333333333,6.66666666666667,6.7775,14,8,3,6,16,2850,1532,1318,559,863,1987,6.40773038596491,6.74328328981723,6.01769468892261,6.06335599284437,6.4237033603708,6.40079295420232,179
"181",2018,2,6.45,20,6.57692307692308,6.21428571428571,6.16666666666667,6.4,6.46666666666667,13,7,3,5,15,2870,1545,1325,562,868,2002,6.40802494773519,6.74188349514563,6.01873328301887,6.06390747330961,6.4235668202765,6.40128651348652,180
"182",2018,3,6.53947368421053,19,6.55769230769231,6.5,7.33333333333333,6.875,6.45,13,6,3,4,15,2889,1558,1331,565,872,2017,6.40888944271374,6.74034659820283,6.02090277986476,6.07064778761062,6.4256376146789,6.40164878532474,181
"183",2018,4,5.79166666666667,12,6.5,5.4375,5.125,6.5,5.72727272727273,4,8,4,1,11,2901,1562,1339,569,873,2028,6.40633629782834,6.73973111395647,6.01741717699776,6.064,6.42572279495991,6.3979909270217,182
"184",2018,5,5.85714285714286,21,5.61538461538461,6.25,5.6,5.75,5.88235294117647,13,8,5,4,17,2922,1575,1347,574,877,2045,6.40238932238193,6.7304507936508,6.018798515219,6.05995818815331,6.42264082098062,6.39370444987775,183
"185",2018,6,6.55294117647059,17,6.6875,6.43333333333333,6.66666666666667,6.75,6.49230769230769,8,9,3,4,13,2939,1583,1356,577,881,2058,6.40326015651582,6.73023373341756,6.02154985250737,6.06311265164645,6.42412712826334,6.39432730806609,184
"186",2018,7,6.69230769230769,13,6.625,6.72222222222222,7,6.75,6.68181818181818,4,9,4,2,11,2952,1587,1365,581,883,2069,6.40453306233063,6.72996849401386,6.02616967032967,6.06956282271945,6.42486523216308,6.39585577573707,185
"187",2018,8,6.44583333333333,24,6.73333333333333,5.96666666666667,5.5,8,6.37826086956522,15,9,4,1,23,2976,1602,1374,585,884,2092,6.40486612903226,6.73,6.02577991266376,6.06566837606838,6.42664705882353,6.39566233269599,186
"188",2018,9,6.85714285714286,7,6.7,7.25,7.5,7.16666666666667,6.625,5,2,1,3,4,2983,1607,1376,586,887,2096,6.40592745558163,6.72990665836963,6.02755930232558,6.06811604095563,6.42914994363022,6.3961,187
"189",2018,10,6.60526315789474,19,6.5,6.7,6.5,NA,6.60526315789474,9,10,4,0,19,3002,1616,1386,590,887,2115,6.4071890739507,6.72862623762376,6.03241096681097,6.07104406779661,6.42914994363022,6.3979790070922,188
"190",2018,11,6.27045454545455,22,6.48,5.82142857142857,5.75,5.4375,6.45555555555556,15,7,5,4,18,3024,1631,1393,595,891,2133,6.40619431216932,6.72633966891478,6.03135075376885,6.0683462184874,6.42469809203143,6.39846488513831,189
"191",2018,12,6.20833333333333,12,7,5.1,3.5,7.83333333333333,5.66666666666667,7,5,2,3,9,3036,1638,1398,597,894,2142,6.40541225296443,6.72750915750916,6.02801974248927,6.05974204355109,6.42942505592841,6.39539010270775,190
"192",2019,1,6.712,25,7.03333333333333,6.23,5.6,6.5,6.765,15,10,6,5,20,3061,1653,1408,603,899,2162,6.40791623652401,6.73028433151845,6.02945426136364,6.05516749585406,6.42981757508343,6.39880925069381,191
"193",2019,2,6.16203666666667,12,6.32716,5.66666666666667,5,8,5.99494909090909,9,3,1,1,11,3073,1662,1411,604,900,2173,6.40695608200456,6.72810134777377,6.02868291991495,6.05342052980133,6.43156222222222,6.39676485964105,192
"194",2019,3,6.83875,24,7.242,6.16666666666667,6.58333333333333,7.66666666666667,6.72047619047619,15,9,6,3,21,3097,1677,1420,610,903,2194,6.41030224087827,6.73269793679189,6.02955746478873,6.05863278688525,6.43566555924696,6.3998632816773,193
"195",2019,4,6.44555555555556,18,6.74,5.68,5.8,7.5,6.38352941176471,13,5,3,1,17,3115,1690,1425,613,904,2211,6.41050595184591,6.73275410650888,6.02833094736842,6.05736704730832,6.43684292035398,6.39973769335143,194
"196",2019,5,6.20714285714286,14,6,6.48333333333333,5.5,6.85,5.95,8,6,2,4,10,3129,1698,1431,615,908,2221,6.40959604985619,6.72930179034158,6.03023871418588,6.05555447154472,6.43866299559471,6.39771276001801,195
"197",2019,6,6.14142857142857,14,6.21428571428571,6.06857142857143,5.5,6,6.15230769230769,7,7,2,1,13,3143,1705,1438,617,909,2234,6.40840153993001,6.72718735483871,6.03042531293463,6.05375364667747,6.43818041804181,6.39628470904208,196
"198",2019,7,6.24,20,7.06666666666667,5.56363636363636,5.15,5.75,6.3625,9,11,8,4,16,3163,1714,1449,625,913,2250,6.40733671830541,6.72896991831972,6.02688171152519,6.0421856,6.43516538882804,6.39604446222222,197
"199",2019,8,5.94347826086956,23,6.28571428571429,5.41111111111111,5.76,5.2,6.15,14,9,5,5,18,3186,1728,1458,630,918,2268,6.40398808537351,6.72537872685185,6.02308065843622,6.03994603174603,6.42843790849673,6.39409172839506,198
"200",2019,9,6.36698428571429,21,6.45904785714286,6.18285714285714,6.14,6.5,6.35298263157895,14,7,2,2,19,3207,1742,1465,632,920,2287,6.40374577798566,6.72323829506315,6.02384409556314,6.04026265822785,6.42859347826087,6.39375020113686,199
"201",2019,10,6.8,11,7.25714285714286,6,6,8.9,6.33333333333333,7,4,3,2,9,3218,1749,1469,635,922,2296,6.40510028278434,6.7253751343625,6.02377916950306,6.04007244094488,6.43395444685467,6.39351337543554,200
"202",2019,11,6.65277777777778,18,6.97916666666667,6,5.75,5.5,6.72058823529412,12,6,2,1,17,3236,1761,1475,637,923,2313,6.4064779697157,6.72710454855196,6.02368244067797,6.03916169544741,6.43294257854821,6.39591729788154,201
"203",2019,12,6.68828083333333,12,6.83993,6.23333333333333,6.2,7,6.65994272727273,9,3,1,1,11,3248,1770,1478,638,924,2324,6.40751911330049,6.72767823728814,6.02410798376184,6.03941379310345,6.43355627705628,6.39716698795181,202
"204",2020,1,6.28727272727273,22,6.46,5.7,5.5,5.4,6.376,17,5,2,2,20,3270,1787,1483,640,926,2344,6.40671011620795,6.72513177392278,6.02301523937964,6.037728125,6.43132397408208,6.39698638225256,203
"205",2020,2,6.40434782608696,23,6.7,5.94444444444444,5.7,6.5,6.38421052631579,14,9,5,4,19,3293,1801,1492,645,930,2363,6.40669361676283,6.72493641310383,6.02254128686327,6.03511007751938,6.43161935483871,6.39688365636902,204
"206",2020,3,6.26666666666667,18,6.40769230769231,5.9,6,5.5,6.31176470588235,13,5,2,1,17,3311,1814,1497,647,931,2380,6.40593237088493,6.72266288864388,6.02213199732799,6.03500154559505,6.4306186895811,6.39627566386555,205
"207",2020,4,6.01111111111111,18,6.01538461538462,6,6.25,4.99333333333333,6.21466666666667,13,5,2,3,15,3329,1827,1502,649,934,2395,6.40379756082908,6.71763025725233,6.02205832223702,6.03566409861325,6.42600214132762,6.39513823799583,206
"208",2020,5,6.341,20,6.38,6.25,5.5,6.04571428571429,6.5,14,6,4,7,13,3349,1841,1508,653,941,2408,6.40342253807107,6.71506272677893,6.02296525198939,6.03238284839204,6.42317321997875,6.39570435215947,207
"209",2020,6,6.46153846153846,13,6.88888888888889,5.5,5.5,7.5,6.375,9,4,2,1,12,3362,1850,1512,655,942,2420,6.40364725758477,6.71590836756757,6.02158174603175,6.0307572519084,6.42431634819533,6.39560168595042,208
"210",2020,7,5.85,10,5.75,6,8.5,6.5,5.6875,6,4,1,2,8,3372,1856,1516,656,944,2428,6.40200536180309,6.71278581896552,6.02152480211082,6.03452134146342,6.42447669491526,6.39326856672158,209
"211",2020,8,5.63333333333333,12,5.75714285714286,5.46,NA,5.75,5.61,7,5,0,2,10,3384,1863,1521,656,946,2438,6.39927957446809,6.70919510466989,6.01967889546351,6.03452134146342,6.42305073995772,6.39005581624282,210
"212",2020,9,6.37647058823529,17,6.41666666666667,6.28,5.75,6.16666666666667,6.49090909090909,12,5,2,6,11,3401,1875,1526,658,952,2449,6.39916556306969,6.70732292266667,6.02053184796855,6.03365653495441,6.42143487394958,6.3905088117599,211
"213",2020,10,6.58333333333333,12,7,6.28571428571429,6.5,6,6.63636363636364,5,7,2,1,11,3413,1880,1533,660,953,2460,6.39981309112218,6.70810131914894,6.02174272667971,6.0350696969697,6.4209926547744,6.39160816260163,212
"214",2020,11,6.32142857142857,21,6.80357142857143,5.35714285714286,4,7.33333333333333,6.15277777777778,14,7,1,3,18,3434,1894,1540,661,956,2478,6.3993337449039,6.70880701161563,6.01872181818182,6.03199092284418,6.42385564853557,6.38987331719128,213
"215",2020,12,6.10294117647059,17,6.22916666666667,5.8,5,6,6.109375,12,5,1,1,16,3451,1906,1545,662,957,2494,6.39787368299044,6.70578724029381,6.01801398058253,6.03043202416919,6.42341274817137,6.38807380914194,214
"216",2021,1,6.42708333333333,24,7,5.75,5.41666666666667,6.25,6.4625,13,11,3,4,20,3475,1919,1556,665,961,2514,6.39807541870504,6.70778034392913,6.01611928020566,6.02766315789474,6.42269094693028,6.38866590294352,215
"217",2021,2,6.9375,8,7,6.875,6,7.25,6.83333333333333,4,4,1,2,6,3483,1923,1560,666,963,2520,6.3993144071203,6.70838818512741,6.01832153846154,6.02762162162162,6.42440913811007,6.38972463492064,216
"218",2021,3,6.91818181818182,11,7.12222222222222,6,6,7,6.91,9,2,1,1,10,3494,1932,1562,667,964,2530,6.40094793360046,6.71031598343685,6.0182980793854,6.02758020989505,6.42500622406639,6.39178105928854,217
"219",2021,4,6.49285714285714,14,6.89,5.5,5.5,6.98,6.22222222222222,10,4,2,5,9,3508,1942,1566,669,969,2539,6.40131473204105,6.71124123583934,6.016974201788,6.02600298953662,6.42786996904025,6.39118002363135,218
"220",2021,5,6.74545454545455,11,6.9625,6.16666666666667,6.5,5,6.92,8,3,1,1,10,3519,1950,1569,670,970,2549,6.40239047456664,6.71227204102564,6.0172604206501,6.02671044776119,6.42639793814433,6.3932546410357,219
"221",2021,6,5.98333333333333,6,5.98333333333333,NA,NA,3.4,6.5,6,0,0,1,5,3525,1956,1569,670,971,2554,6.40167718581561,6.71003603271984,6.0172604206501,6.02671044776119,6.42328115345005,6.39346361785435,220
"222",2021,7,6.81818181818182,11,6.78571428571429,6.875,NA,NA,6.81818181818182,7,4,0,0,11,3536,1963,1573,670,971,2565,6.40297287330317,6.71030589913398,6.01944157660521,6.02671044776119,6.42328115345005,6.3952850214425,221
"223",2021,8,5.92315789473684,19,6.40909090909091,5.255,3.34666666666667,5.5,6.07428571428571,11,8,3,5,14,3555,1974,1581,673,976,2579,6.40040846132208,6.70862739614995,6.01557343453511,6.01476374442794,6.4185512295082,6.39354248933696,222
"224",2021,9,6.625,8,6.8,6.33333333333333,NA,5,6.85714285714286,5,3,0,1,7,3563,1979,1584,673,977,2586,6.40091273645804,6.70885825164225,6.01617525252525,6.01476374442794,6.41709928352098,6.39479740139211,223
"225",2021,10,6.36923076923077,13,6.725,5.8,5.5,7,6.31666666666667,8,5,2,1,12,3576,1987,1589,675,978,2598,6.40079756152126,6.70892324106694,6.0154950283197,6.01323851851852,6.41769529652352,6.39443652040031,224
"226",2021,11,6.78333333333333,12,6.98888888888889,6.16666666666667,NA,6.5,6.84,9,3,0,2,10,3588,1996,1592,675,980,2608,6.40207694537347,6.71018561122245,6.01577989949749,6.01323851851852,6.41786326530612,6.39614496932516,225
"227",2021,12,6.78125,16,7.375,5,4.66666666666667,6.66666666666667,6.80769230769231,12,4,3,3,13,3604,2008,1596,678,983,2621,6.40376028856826,6.71415860557769,6.01323408521303,6.0072802359882,6.41862258392675,6.39818621900038,226
"228",2022,1,5.6047619047619,21,6.39166666666667,4.55555555555556,4.66666666666667,5.41666666666667,5.68,12,9,3,6,15,3625,2020,1605,681,989,2636,6.39913160827586,6.71224281188119,6.00506018691589,6.00137444933921,6.41254398382204,6.39409942336874,227
"229",2022,2,6.77777777777778,9,7.16666666666667,6,5,7,6.75,6,3,2,1,8,3634,2026,1608,683,990,2644,6.40006936708861,6.71358858835143,6.00505074626866,5.99844216691069,6.41313737373737,6.39517627836612,228
"230",2022,3,6.26666666666667,15,6.57142857142857,6,5.75,7,6.21428571428571,7,8,4,1,14,3649,2033,1616,687,991,2658,6.39952098657167,6.71309910477127,6.00502574257426,5.99699563318777,6.41372956609485,6.39422350639579,229
"231",2022,4,5.916667,10,5.75,6.02777833333333,NA,6.5,5.77083375,4,6,0,2,8,3659,2037,1622,687,993,2666,6.39820135282864,6.71120789396171,6.00510990752158,5.99699563318777,6.41390332326284,6.39235286946737,230
"232",2022,5,6.41666666666667,12,6.55555555555556,6,6.5,6,6.45454545454545,9,3,2,1,11,3671,2046,1625,689,994,2677,6.39826171342959,6.71052320625611,6.00510047384616,5.9984557329463,6.41348692152918,6.39260842360852,231
"233",2022,6,6.66363636363636,11,7.21666666666667,6,6,7.5,6.47777777777778,6,5,1,2,9,3682,2052,1630,690,996,2686,6.39905452199892,6.71200315789474,6.00508482822086,5.99845797101449,6.4156686746988,6.39289380119137,232
"234",2022,7,7.37,10,7.4625,7,6,7.5,7.3375,8,2,1,2,8,3692,2060,1632,691,998,2694,6.4016843851571,6.71491770873786,6.00630408700981,5.99846020260492,6.41784168336673,6.39569886785449,233
"235",2022,8,6.91,10,7.18333333333333,6.5,5,NA,6.91,6,4,1,0,10,3702,2066,1636,692,998,2704,6.40305746893571,6.71627806389158,6.00751116748166,5.99701734104046,6.41784168336673,6.39760086908284,234
"236",2022,9,6.00433333333333,9,7.375,4.9078,4.33333333333333,8.539,5.6875,4,5,3,1,8,3711,2070,1641,695,999,2712,6.4020904742657,6.71755095652174,6.00416043266301,5.98983597122302,6.41996496496497,6.39550617625369,235
"237",2022,10,6.40833333333333,12,6.15,6.66666666666667,6.5,8,6.26363636363636,6,6,3,1,11,3723,2076,1647,698,1000,2723,6.40211059629331,6.71591063583815,6.00657393442623,5.99202865329513,6.421545,6.3949734667646,236
"238",2022,11,6.5,14,6.88888888888889,5.8,5.33333333333333,6.75,6.4,9,5,3,4,10,3737,2085,1652,701,1004,2733,6.40247732138079,6.71665730455636,6.00594871065376,5.98920970042796,6.42285358565737,6.39499185876327,237
"239",2022,12,6.63157894736842,19,6.96428571428571,5.7,5.66666666666667,8,6.47058823529412,14,5,3,2,17,3756,2099,1657,704,1006,2750,6.4036362486688,6.71830894711768,6.00502550995776,5.98783522727273,6.42598906560636,6.39545918181819,238
