"","year","month","avg_rating","no_ratings","avg_rating_owned","avg_rating_not_owned","avg_rating_prev_owned","avg_rating_comment","avg_rating_no_comment","no_ratings_owned","no_ratings_not_owned","no_ratings_prev_owned","no_ratings_comment","no_ratings_no_comment","cum_no_ratings","cum_no_ratings_owned","cum_no_ratings_not_owned","cum_no_ratings_prev_owned","cum_no_ratings_comment","cum_no_ratings_no_comment","cum_avg_rating","cum_avg_rating_owned","cum_avg_rating_not_owned","cum_avg_rating_prev_owned","cum_avg_rating_comment","cum_avg_rating_no_comment","month_after_release"
"1",2009,7,9,1,NA,9,NA,NA,9,0,1,0,0,1,1,0,1,0,0,1,9,NA,9,NA,NA,9,-3
"2",2009,8,10,2,NA,10,NA,NA,10,0,2,0,0,2,3,0,3,0,0,3,9.66666666666667,NA,9.66666666666667,NA,NA,9.66666666666667,-2
"3",2009,10,8.13676470588235,68,8.48372093023256,7.54,8.66666666666667,7.84375,8.22692307692308,43,25,3,16,52,71,43,28,3,16,55,8.20140845070422,8.48372093023256,7.76785714285714,8.66666666666667,7.84375,8.30545454545455,0
"4",2009,11,7.5979274611399,193,8.30696202531646,7.10657894736842,7.41153846153846,7.30416666666667,7.6951724137931,79,114,26,48,145,264,122,142,29,64,200,7.76022727272727,8.36926229508197,7.23697183098592,7.54137931034483,7.4390625,7.863,1
"5",2009,12,7.63153846153846,130,8.32203389830508,7.05774647887324,7.54166666666667,7.14871794871795,7.83846153846154,59,71,12,39,91,394,181,213,41,103,291,7.71776649746193,8.35386740331492,7.17723004694836,7.54146341463415,7.32912621359223,7.8553264604811,2
"6",2010,1,7.78652694610778,167,8.25867346938776,7.11594202898551,7.72222222222222,7.74772727272727,7.80040650406504,98,69,18,44,123,561,279,282,59,147,414,7.73823529411765,8.32043010752688,7.16223404255319,7.59661016949153,7.45442176870748,7.83900966183575,3
"7",2010,2,7.80058064516129,310,8.2888275862069,7.37151515151515,7.85857142857143,7.76904761904762,7.81230088495575,145,165,35,84,226,871,424,447,94,231,640,7.76042479908152,8.30962264150943,7.23948545861298,7.69414893617021,7.56883116883117,7.829578125,4
"8",2010,3,7.64176991150442,226,8.18294642857143,7.11008771929825,7.57142857142857,7.23958333333333,7.75022471910112,112,114,14,48,178,1097,536,561,108,279,818,7.73597994530538,8.28315298507463,7.21319073083779,7.67824074074074,7.51218637992832,7.81231051344743,5
"9",2010,4,7.60376404494382,178,8.03765957446809,7.11821428571429,7.32352941176471,7.4,7.65363636363636,94,84,17,35,143,1275,630,645,125,314,961,7.71752156862745,8.24652380952381,7.20082170542636,7.63,7.49968152866242,7.78869927159209,6
"10",2010,5,7.55549450549451,182,8.17294117647059,7.01443298969072,7.11904761904762,7.25,7.65,85,97,21,43,139,1457,715,742,146,357,1100,7.69728208647907,8.23777622377622,7.17645552560647,7.55650684931507,7.46960784313726,7.77117272727273,7
"11",2010,6,7.51506493506494,154,7.95470588235294,7.16744186046512,7.39772727272727,7.42731707317073,7.54690265486726,68,86,22,41,113,1611,783,828,168,398,1213,7.67986343885785,8.21319284802044,7.1755193236715,7.53571428571429,7.46525125628141,7.75028029678483,8
"12",2010,7,7.51793893129771,131,8.18387096774194,6.9195652173913,7.34615384615385,7.19565217391304,7.58657407407407,62,69,13,23,108,1742,845,897,181,421,1321,7.66768656716418,8.21104142011834,7.15583054626533,7.52209944751381,7.45052256532067,7.73689629068887,9
"13",2010,8,7.63617021276596,141,8.28142857142857,7,7.57142857142857,7.36551724137931,7.70625,70,71,14,29,112,1883,915,968,195,450,1433,7.66532660647902,8.2164262295082,7.14440082644628,7.52564102564103,7.44504444444444,7.73450104675506,10
"14",2010,9,7.36239669421488,121,8.12019230769231,6.79130434782609,7.559375,6.48684210526316,7.52549019607843,52,69,16,19,102,2004,967,1037,211,469,1535,7.64703592814371,8.2112512926577,7.12090646094503,7.5281990521327,7.40622601279318,7.72061237785016,11
"15",2010,10,7.30590277777778,144,8.05384615384615,6.69050632911392,7.23611111111111,7.03157894736842,7.40424528301887,65,79,18,38,106,2148,1032,1116,229,507,1641,7.62416666666667,8.20133720930232,7.09043906810036,7.50524017467249,7.37814595660749,7.70017672151127,12
"16",2010,11,7.65132978723404,188,8.02142857142857,7.30412371134021,7.60434782608696,7.4675,7.70101351351351,91,97,23,40,148,2336,1123,1213,252,547,1789,7.62635273972603,8.18675868210151,7.10752679307502,7.51428571428572,7.38468007312614,7.70024594745668,13
"17",2010,12,7.3991124260355,169,7.9640625,7.0547619047619,7.04583333333333,7.23026315789474,7.44809160305344,64,105,24,38,131,2505,1187,1318,276,585,1920,7.61102195608782,8.17475147430497,7.10332321699545,7.47355072463768,7.37464957264957,7.68304166666667,14
"18",2011,1,7.65338983050847,177,8.36111111111111,7.05625,6.86315789473684,7.1484375,7.7648275862069,81,96,19,32,145,2682,1268,1414,295,617,2065,7.61381804623415,8.18665615141956,7.10012729844413,7.43423728813559,7.36291734197731,7.68878450363196,15
"19",2011,2,7.584375,128,8.01911764705882,7.09166666666667,7.81666666666667,7.87666666666667,7.49489795918367,68,60,6,30,98,2810,1336,1474,301,647,2163,7.6124768683274,8.17812874251497,7.0997829036635,7.44186046511628,7.38673879443586,7.68,16
"20",2011,3,7.2875,128,7.96190476190476,6.95813953488372,6.43181818181818,7.21153846153846,7.30686274509804,42,86,22,26,102,2938,1378,1560,323,673,2265,7.5983185840708,8.17153846153846,7.09197435897436,7.37306501547988,7.37997028231798,7.66319646799117,17
"21",2011,4,7.27418032786885,122,8.01607142857143,6.64469696969697,6.625,6.91739130434783,7.35707070707071,56,66,16,23,99,3060,1434,1626,339,696,2364,7.5853954248366,8.16546722454672,7.07381918819188,7.3377581120944,7.36468390804598,7.65037648054145,18
"22",2011,5,7.39421487603306,121,8.08518518518519,6.83731343283582,6.74166666666667,7.42380952380952,7.388,54,67,12,21,100,3181,1488,1693,351,717,2464,7.57812323168815,8.16255376344086,7.06445953927938,7.31737891737892,7.36641562064156,7.63972808441558,19
"23",2011,6,7.50392156862745,102,8.07234042553191,7.01818181818182,7.19166666666667,7.30217391304348,7.5626582278481,47,55,12,23,79,3283,1535,1748,363,740,2543,7.57581784952787,8.15979153094463,7.06300343249428,7.31322314049587,7.36441891891892,7.63733385764845,20
"24",2011,7,7.4811320754717,106,8.11145833333333,6.95948275862069,6.58928571428571,6.71666666666667,7.60714285714286,48,58,14,15,91,3389,1583,1806,377,755,2634,7.57285629979345,8.15832596336071,7.0596788482835,7.28633952254642,7.35154966887417,7.63629081245254,21
"25",2011,8,7.49918699186992,123,7.93287671232877,6.866,7.45454545454545,7.21153846153846,7.57628865979381,73,50,11,26,97,3512,1656,1856,388,781,2731,7.57027619589977,8.14838768115942,7.05446120689655,7.29110824742268,7.34688860435339,7.63415964848041,22
"26",2011,9,7.5779381443299,97,8.12076923076923,7.21293103448276,6.46666666666667,7.38333333333333,7.64191780821918,39,58,9,24,73,3609,1695,1914,397,805,2804,7.5704821280133,8.14775221238938,7.05926332288401,7.27241813602015,7.3479751552795,7.63436162624822,23
"27",2011,10,7.29279661016949,118,7.91320754716981,6.78692307692308,7.4,7.16428571428571,7.31009615384615,53,65,13,14,104,3727,1748,1979,410,819,2908,7.56169036758787,8.14064073226545,7.05031834259727,7.27646341463415,7.34483516483516,7.62276478679505,24
"28",2011,11,7.48014184397163,141,8.24109589041096,6.66323529411765,6.29411764705882,7.704,7.43189655172414,73,68,17,25,116,3868,1821,2047,427,844,3024,7.5587176835574,8.14466776496431,7.03745969711773,7.23735362997658,7.35547393364929,7.61544312169312,25
"29",2011,12,7.27868852459016,122,7.83962264150943,6.84782608695652,6.68181818181818,6.8695652173913,7.37373737373737,53,69,11,23,99,3990,1874,2116,438,867,3123,7.55015538847118,8.13604055496265,7.03127599243856,7.22340182648402,7.34258362168397,7.60778097982709,26
"30",2012,1,7.33464052287582,153,7.88851351351351,6.81582278481013,6.92777777777778,6.78518518518518,7.45238095238095,74,79,18,27,126,4143,1948,2195,456,894,3249,7.54219647598359,8.12663757700205,7.02352164009112,7.21173245614035,7.32574944071588,7.60175438596491,27
"31",2012,2,7.37524752475248,101,8.075,6.74150943396226,6.5,7.3,7.39268292682927,48,53,10,19,82,4244,1996,2248,466,913,3331,7.53822337417531,8.12539579158317,7.01687277580071,7.19645922746781,7.32521358159912,7.59660762533774,28
"32",2012,3,7.49642857142857,98,7.837,7.14166666666667,7.375,7.25714285714286,7.53630952380952,50,48,8,14,84,4342,2046,2296,474,927,3415,7.53728005527407,8.11834799608993,7.01948170731707,7.19947257383966,7.32418554476807,7.59512445095168,29
"33",2012,4,7.48148148148148,108,7.95166666666667,6.89375,7.75,7.54545454545455,7.46511627906977,60,48,6,22,86,4450,2106,2344,480,949,3501,7.53592584269663,8.11359924026591,7.01690699658703,7.20635416666667,7.32931506849315,7.59193087689232,30
"34",2012,5,7.33035714285714,84,7.95,6.81847826086956,6.68181818181818,7.59333333333333,7.2731884057971,38,46,11,15,69,4534,2144,2390,491,964,3570,7.53211733568593,8.11069962686567,7.01308786610879,7.19460285132383,7.33342323651452,7.58577030812325,31
"35",2012,6,7.3,94,7.91304347826087,6.7125,6.75,7.53571428571429,7.25875,46,48,11,14,80,4628,2190,2438,502,978,3650,7.52740276577355,8.10654794520548,7.00716981132075,7.18486055776892,7.33631901840491,7.57860273972603,32
"36",2012,7,7.55315789473684,76,8.03888888888889,7.116,7.42857142857143,7.28571428571429,7.61354838709677,36,40,7,14,62,4704,2226,2478,509,992,3712,7.52781887755102,8.10545372866127,7.00892655367232,7.18821218074656,7.33560483870968,7.57918642241379,33
"37",2012,8,7.55714285714286,98,7.9125,7.216,7.25,7.3875,7.59024390243902,48,50,10,16,82,4802,2274,2528,519,1008,3794,7.52841732611412,8.10138082673703,7.01302215189873,7.18940269749518,7.33642857142857,7.5794254085398,34
"38",2012,9,7.43827160493827,81,7.85555555555556,7.10444444444444,6.8,6.77,7.59015151515151,36,45,10,15,66,4883,2310,2573,529,1023,3860,7.52692197419619,8.09754978354978,7.01462106490478,7.1820415879017,7.32812316715543,7.57960880829016,35
"39",2012,10,7.58390804597701,87,8.12843137254902,6.8125,6.91666666666667,7.69090909090909,7.54769230769231,51,36,6,22,65,4970,2361,2609,535,1045,3925,7.52791951710262,8.09821685726387,7.01183211958605,7.17906542056075,7.33576076555024,7.57908025477707,36
"40",2012,11,7.18037593984962,133,7.92448979591837,6.74630952380952,7.1525,7.2925,7.15047619047619,49,84,20,28,105,5103,2410,2693,555,1073,4030,7.51886145404664,8.0946846473029,7.00354994430004,7.17810810810811,7.33463187325256,7.56791315136476,37
"41",2012,12,7.19008928571429,112,7.84320754716981,6.60338983050847,6.4,7.23478260869565,7.1785393258427,53,59,19,23,89,5215,2463,2752,574,1096,4119,7.51180057526366,8.08927324401137,6.99497093023256,7.15235191637631,7.33253649635036,7.55949987861131,38
"42",2013,1,7.36311475409836,122,7.67013888888889,6.921,7.05,7.6,7.3020618556701,72,50,10,25,97,5337,2535,2802,584,1121,4216,7.50840172381488,8.07736883629191,6.99365096359743,7.15059931506849,7.33850133809099,7.55357685009488,39
"43",2013,2,7.23131868131868,91,7.88076923076923,6.74423076923077,7.23076923076923,7.24375,7.22866666666667,39,52,13,16,75,5428,2574,2854,597,1137,4291,7.50375644804717,8.07439005439005,6.98910651716888,7.15234505862647,7.33716798592788,7.5478979258914,40
"44",2013,3,7.30279310344828,87,8.11111111111111,6.73221568627451,6.1643,6.71869230769231,7.40540540540541,36,51,10,13,74,5515,2610,2905,607,1150,4365,7.50058621940163,8.07489655172414,6.98459655765921,7.13606754530478,7.33017652173913,7.54548224513173,41
"45",2013,4,7.47640449438202,89,7.92209302325581,7.05978260869565,7.29411764705882,7.53333333333333,7.46197183098592,43,46,17,18,71,5604,2653,2951,624,1168,4436,7.50020217701642,8.07241990199774,6.98576855303287,7.1403733974359,7.3333073630137,7.54414562669071,42
"46",2013,5,7.2525,80,7.77142857142857,6.84888888888889,7,7.2952380952381,7.23728813559322,35,45,11,21,59,5684,2688,2996,635,1189,4495,7.49671586910627,8.06850074404761,6.98371261682243,7.13794173228347,7.33263498738436,7.54011790878754,43
"47",2013,6,7.28732394366197,71,7.91212121212121,6.74473684210526,6.5,7.71428571428571,7.240625,33,38,7,7,64,5755,2721,3034,642,1196,4559,7.4941325803649,8.06660418963616,6.98071951219512,7.13098598130841,7.33486872909699,7.53591357753893,44
"48",2013,7,7.47576086956522,92,8.08069767441861,6.94489795918367,7.75,7.05882352941176,7.57026666666667,43,49,8,17,75,5847,2764,3083,650,1213,4634,7.49384350949205,8.06682344428364,6.98015017839766,7.13860461538462,7.331,7.53646957272335,45
"49",2013,8,7.04084507042254,71,7.9037037037037,6.51136363636364,6.55555555555556,6.55714285714286,7.09375,27,44,9,7,64,5918,2791,3127,659,1220,4698,7.48840875295708,8.06524543174489,6.97355388551327,7.13064188163885,7.32655983606557,7.53043848446147,46
"50",2013,9,7.19525773195876,97,7.81875,6.75771929824561,6.79647058823529,6.48666666666667,7.32487804878049,40,57,17,15,82,6015,2831,3184,676,1235,4780,7.48368129675811,8.06176262804663,6.96969001256281,7.12223816568047,7.31635870445344,7.52691213389121,47
"51",2013,10,7.65309278350515,97,8.11037735849057,7.10227272727273,7.73076923076923,7.68846153846154,7.64761904761905,53,44,13,13,84,6112,2884,3228,689,1248,4864,7.48636992801047,8.0626560332871,6.97149721189591,7.1337198838897,7.32023477564103,7.52899671052632,48
"52",2013,11,7.28117647058824,85,7.8671052631579,6.80744680851064,7.04545454545455,7.47692307692308,7.24583333333333,38,47,11,13,72,6197,2922,3275,700,1261,4936,7.4835554300468,8.06011293634497,6.96914290076336,7.13233285714286,7.32185011895321,7.52486628849271,49
"53",2013,12,7.25947368421053,95,7.93297872340426,6.6,6.25,6.20833333333333,7.50519480519481,47,48,12,18,77,6292,2969,3323,712,1279,5013,7.48017212333122,8.05810037049512,6.96381071321095,7.11746207865169,7.30617904612979,7.52456413325354,50
"54",2014,1,7.13527131782946,129,7.93775510204082,6.64375,6.12307692307692,6.66176470588235,7.20714285714286,49,80,13,17,112,6421,3018,3403,725,1296,5125,7.47324295281109,8.0561464546057,6.95628651190126,7.09963172413793,7.29772608024691,7.51762731707317,51
"55",2014,2,7.39222222222222,90,7.72692307692308,7.13627450980392,6.65625,6.38461538461539,7.56233766233766,39,51,8,13,77,6511,3057,3454,733,1309,5202,7.47212302257718,8.0519463526333,6.95894412275622,7.09479263301501,7.2886577540107,7.5182891195694,52
"56",2014,3,7.27446808510638,94,7.51590909090909,7.062,7.06666666666667,7.18181818181818,7.28674698795181,44,50,9,11,83,6605,3101,3504,742,1320,5285,7.46931006813021,8.04434053531119,6.96041466894977,7.09445148247979,7.28776742424242,7.51465279091769,53
"57",2014,4,7.45819672131148,61,8.2275,7.08292682926829,7.03571428571429,8,7.39909090909091,20,41,14,6,55,6666,3121,3545,756,1326,5340,7.46920837083709,8.04551425825056,6.96183159379408,7.09336375661376,7.29099019607843,7.51346254681648,54
"58",2014,5,7.32926829268293,82,7.97179487179487,6.74651162790698,6.8,7.18888888888889,7.36875,39,43,10,18,64,6748,3160,3588,766,1344,5404,7.46750785417902,8.04460443037975,6.9592511148272,7.08953394255875,7.28962276785714,7.51174870466321,55
"59",2014,6,7.15480769230769,52,7.80555555555556,6.81029411764706,6.68181818181818,6.88636363636364,7.22682926829268,18,34,11,11,41,6800,3178,3622,777,1355,5445,7.46511661764706,8.04325047199496,6.95785284373274,7.08376190476191,7.28634907749078,7.50960330578512,56
"60",2014,7,7.70759493670886,79,8.2390243902439,7.13421052631579,7.43076923076923,7.36111111111111,7.80983606557377,41,38,13,18,61,6879,3219,3660,790,1373,5506,7.46790129379271,8.04574401988195,6.95968387978142,7.08947215189874,7.28732920611799,7.51292953142027,57
"61",2014,8,7.45207792207792,77,7.82619047619048,7.00314285714286,7.1875,7.8825,7.40217391304348,42,35,8,8,69,6956,3261,3695,798,1381,5575,7.46772613571018,8.04291628334867,6.96009553450609,7.09045488721805,7.29077697320782,7.51155874439462,58
"62",2014,9,7.37098765432099,81,8.09285714285714,6.82173913043478,6.425,6.25,7.52887323943662,35,46,16,10,71,7037,3296,3741,814,1391,5646,7.46661261901379,8.04344660194175,6.95839427960438,7.0773746928747,7.283294751977,7.51177647892313,59
"63",2014,10,7.59551282051282,78,8.19857142857143,7.1046511627907,6.875,7.334375,7.66290322580645,35,43,8,16,62,7115,3331,3784,822,1407,5708,7.46802572030921,8.04507655358751,6.96005628964059,7.07540510948905,7.28387562189055,7.51341800981079,60
"64",2014,11,7.31826923076923,104,7.74404761904762,7.02983870967742,6.82608695652174,6.73809523809524,7.46506024096386,42,62,23,21,83,7219,3373,3846,845,1428,5791,7.46586826430254,8.04132819448562,6.96118122724909,7.06861893491125,7.27584943977591,7.51272491797617,61
"65",2014,12,7.30820895522388,67,7.51125,7.00740740740741,6.94285714285714,7.275,7.3140350877193,40,27,7,10,57,7286,3413,3873,852,1438,5848,7.46441847378534,8.0351157339584,6.96150348567002,7.06758568075118,7.27584353268428,7.51078830369357,62
"66",2015,1,7.44786324786325,117,7.98833333333333,6.87894736842105,6.94375,7.55,7.42680412371134,60,57,16,20,97,7403,3473,3930,868,1458,5945,7.46415682831285,8.03430751511662,6.96030610687023,7.06530299539171,7.27960425240055,7.50941799831792,63
"67",2015,2,7.59117647058823,68,7.75161290322581,7.45675675675676,7.45,8.36666666666667,7.4728813559322,31,37,4,9,59,7471,3504,3967,872,1467,6004,7.46531294338108,8.03180650684932,6.96493647592639,7.06706766055046,7.2862733469666,7.50905896069287,64
"68",2015,3,7.38798076923077,104,7.74883720930233,7.13360655737705,7.21428571428571,7.71578947368421,7.31470588235294,43,61,14,19,85,7575,3547,4028,886,1486,6089,7.46425122112211,8.02837609247251,6.9674908142999,7.06939390519188,7.29176514131898,7.50634586960092,65
"69",2015,4,7.28246753246753,77,7.95166666666667,6.85531914893617,6.87692307692308,7.4,7.25403225806452,30,47,13,15,62,7652,3577,4075,899,1501,6151,7.46242198118139,8.02773273693039,6.96619705521472,7.0666106785317,7.29284676882079,7.5038026337181,66
"70",2015,5,7.45316455696203,79,7.70487804878049,7.18157894736842,7.45454545454545,7.80769230769231,7.38333333333333,41,38,11,13,66,7731,3618,4113,910,1514,6217,7.46232738326219,8.02407407407408,6.96818696814977,7.0713,7.29726750330251,7.50252372526942,67
"71",2015,6,7.1,76,7.24666666666667,7.00434782608696,7.48181818181818,6.22222222222222,7.21791044776119,30,46,11,9,67,7807,3648,4159,921,1523,6284,7.45880017932625,8.01768092105264,6.96858691993268,7.07620304017373,7.29091464215364,7.49948917886697,68
"72",2015,7,7.50681818181818,66,7.97115384615385,7.205,7.22307692307692,7.77777777777778,7.4640350877193,26,40,13,9,57,7873,3674,4199,934,1532,6341,7.45920271815064,8.01735166031574,6.97083900928792,7.07824732334047,7.29377480417755,7.49917047784261,69
"73",2015,8,7.45129032258065,93,7.88490909090909,6.82368421052632,6.98333333333333,6.78,7.58038461538462,55,38,12,15,78,7966,3729,4237,946,1547,6419,7.45911034396184,8.0153982300885,6.969519235308,7.07704334038055,7.28879314802844,7.5001573453809,70
"74",2015,9,7.62338709677419,62,8.02142857142857,7.29558823529412,7.23571428571429,7.26363636363636,7.70098039215686,28,34,7,11,51,8028,3757,4271,953,1558,6470,7.46037904833084,8.01544317274421,6.97211496136736,7.07820881427073,7.28861553273428,7.50174034003091,71
"75",2015,10,7.4280303030303,66,8.08333333333333,6.77272727272727,7.32142857142857,7.26785714285714,7.47115384615385,33,33,7,14,52,8094,3790,4304,960,1572,6522,7.4601152705708,8.01603430079156,6.97058619888476,7.07998229166667,7.28843066157761,7.50149647347439,72
"76",2015,11,7.49669811320755,106,7.81739130434783,7.25083333333333,7.05555555555556,8,7.3867816091954,46,60,18,19,87,8200,3836,4364,978,1591,6609,7.46058817073171,8.01365224191867,6.97443927589367,7.0795327198364,7.2969283469516,7.49998638220608,73
"77",2015,12,7.5645,80,8.11525,7.01375,6.88,7.59285714285714,7.55848484848485,40,40,10,14,66,8280,3876,4404,988,1605,6675,7.46159214975846,8.01470072239422,6.97479632152588,7.07751315789474,7.29950965732087,7.50056479400749,74
"78",2016,1,7.58919587628866,97,7.95316666666667,7.23265306122449,7.52,6.54166666666667,7.82787341772152,48,49,10,18,79,8377,3924,4453,998,1623,6754,7.463069714695,8.01394801223242,6.97763373006961,7.08194689378758,7.29110474430068,7.50439324844537,75
"79",2016,2,7.316,75,7.86875,6.9046511627907,6.75,7.45833333333333,7.28888888888889,32,43,8,12,63,8452,3956,4496,1006,1635,6817,7.46176467108377,8.01277350859454,6.97693572064057,7.07930715705766,7.29233211009174,7.50240164295145,76
"80",2016,3,7.585,80,7.96666666666667,7.22195121951219,7.41666666666667,7.325,7.63088235294118,39,41,6,12,68,8532,3995,4537,1012,1647,6885,7.46292018284107,8.01232340425532,6.97914987877452,7.08130731225297,7.29257012750455,7.50367058823529,77
"81",2016,4,7.43150684931507,73,8.00588235294118,6.93076923076923,6.6875,7.78,7.37619047619048,34,39,8,10,63,8605,4029,4576,1020,1657,6948,7.46265368971528,8.01226904939191,6.97873754370629,7.07821862745098,7.29551176825588,7.50251468048359,78
"82",2016,5,7.33231707317073,82,7.76315789473684,6.96022727272727,6.61111111111111,6.05,7.51041666666667,38,44,9,10,72,8687,4067,4620,1029,1667,7020,7.46142339127432,8.00994148020654,6.97856125541125,7.07413313896988,7.28804019196161,7.50259572649573,79
"83",2016,6,7.27883116883117,77,7.9271875,6.81777777777778,7,6.93846153846154,7.34796875,32,45,11,13,64,8764,4099,4665,1040,1680,7084,7.45981914650845,8.00929543791168,6.97701028938907,7.07334903846154,7.28533511904762,7.50119875776397,80
"84",2016,7,6.99375,64,7.47931034482759,6.59142857142857,7.65,6.8875,7.00892857142857,29,35,6,8,56,8828,4128,4700,1046,1688,7140,7.45644030357952,8.00557218992248,6.97413893617021,7.07665678776291,7.28344964454976,7.49733781512605,81
"85",2016,8,7.15306930693069,101,7.68560975609756,6.78916666666667,6.77777777777778,6.58181818181818,7.22288888888889,41,60,18,11,90,8929,4169,4760,1064,1699,7230,7.4530087355807,8.00242552170784,6.97180735294118,7.07160056390978,7.27890700412007,7.4939214384509,82
"86",2016,9,7.14703125,64,7.70454545454545,6.855,7.04166666666667,7.12333333333333,7.15090909090909,22,42,12,9,55,8993,4191,4802,1076,1708,7285,7.45083120204604,8.0008618468146,6.97078571428571,7.07126672862454,7.27808723653396,7.49133177762526,83
"87",2016,10,6.99408602150538,93,7.2875,6.77264150943396,6.2125,6.77083333333333,7.02716049382716,40,53,8,12,81,9086,4231,4855,1084,1720,7366,7.44615617433414,7.99411770267076,6.96862265705458,7.06492896678967,7.27454825581395,7.48622753190334,84
"88",2016,11,7.31182795698925,93,7.78913043478261,6.84468085106383,7.21428571428571,6.95833333333333,7.3641975308642,46,47,14,12,81,9179,4277,4902,1098,1732,7447,7.44479518466064,7.99191302314706,6.9674343125255,7.06683333333334,7.27235739030023,7.48490022827984,85
"89",2016,12,7.3126582278481,79,7.79210526315789,6.86829268292683,7.44615384615385,7.95,7.22028985507246,38,41,13,10,69,9258,4315,4943,1111,1742,7516,7.44366763879888,7.99015341830823,6.96661197653247,7.07127182718272,7.27624741676234,7.48247099521022,86
"90",2017,1,7.24784946236559,93,7.80853658536585,6.80576923076923,7.02,7.2,7.25426829268293,41,52,10,11,82,9351,4356,4995,1121,1753,7598,7.44172013688376,7.98844398530762,6.96493753753754,7.0708144513827,7.27576896748431,7.48000816004212,87
"91",2017,2,7.51136363636364,88,8.29767441860465,6.76,6.62,6.77272727272727,7.61688311688312,43,45,10,11,77,9439,4399,5040,1131,1764,7675,7.4423694247272,7.99146669697659,6.96310773809524,7.0668284703802,7.2726320861678,7.48138136807817,88
"92",2017,3,7.7609375,64,8.27931034482759,7.33142857142857,7.45454545454545,7.3,7.80862068965517,29,35,11,6,58,9503,4428,5075,1142,1770,7733,7.44451489003473,7.99335185185185,6.9656478817734,7.07056304728547,7.27272485875706,7.48383576878314,89
"93",2017,4,7.41393442622951,61,7.77333333333333,7.06612903225806,6.71,6.6875,7.52358490566038,30,31,10,8,53,9564,4458,5106,1152,1778,7786,7.44431984525304,7.99187124270973,6.96625793184489,7.06743315972222,7.27009167604049,7.48410634472129,90
"94",2017,5,7.20650602409639,83,7.86882352941176,6.7469387755102,6.5,7.034,7.23013698630137,34,49,11,10,73,9647,4492,5155,1163,1788,7859,7.44227376386442,7.99093989314337,6.96417322987391,7.06206620808255,7.26877125279642,7.48174729609365,91
"95",2017,6,7.05857142857143,70,7.62272727272727,6.8,6.875,8.1,6.97846153846154,22,48,8,5,65,9717,4514,5203,1171,1793,7924,7.43950962231142,7.98914532565352,6.96265865846627,7.06078821520069,7.27108923591746,7.47761887935386,92
"96",2017,7,7.59453333333333,75,8.03714285714286,7.20725,6.83333333333333,7.34333333333333,7.605,35,40,9,3,72,9792,4549,5243,1180,1796,7996,7.44069699754902,7.98951461859749,6.96452469959946,7.05905338983051,7.27120991091314,7.47876588294147,93
"97",2017,8,7.32753623188406,69,7.55714285714286,7.09117647058823,6.9,7.65384615384615,7.25178571428571,35,34,5,13,56,9861,4584,5277,1185,1809,8052,7.43990518203022,7.98621335078534,6.96534072389615,7.05838227848102,7.27395964621338,7.47718728266269,94
"98",2017,9,7.41896551724138,87,7.88414634146341,7.00434782608696,6.975,6.94,7.51875,41,46,8,15,72,9948,4625,5323,1193,1824,8124,7.43972205468436,7.98530854054054,6.96567781326319,7.0578231349539,7.27121326754386,7.47755563761694,95
"99",2017,10,7.13950617283951,81,7.61935483870968,6.842,6.26470588235294,7.36923076923077,7.09558823529412,31,50,17,13,68,10029,4656,5373,1210,1837,8192,7.43729733772061,7.98287199312715,6.9645268937279,7.04668016528926,7.27190691344584,7.47438500976562,96
"100",2017,11,7.3467032967033,91,7.78,6.92282608695652,6.47916666666667,6.40625,7.43734939759036,45,46,12,8,83,10120,4701,5419,1222,1845,8275,7.43648270750989,7.98093001489045,6.96417291013102,7.04110720130933,7.26815338753388,7.4740135347432,97
"101",2017,12,7.42,60,7.88,6.96,7,7.8,7.38545454545455,30,30,3,5,55,10180,4731,5449,1225,1850,8330,7.43638555992142,7.98029000211372,6.96414993576803,7.04100653061225,7.26959081081081,7.47342881152461,98
"102",2018,1,7.11288659793814,97,7.56836734693878,6.64791666666667,6.35,6.50555555555556,7.25126582278481,49,48,10,18,79,10277,4780,5497,1235,1868,8409,7.43333219811229,7.97606736401673,6.96138857558668,7.03541133603239,7.26222858672377,7.47134165774765,99
"103",2018,2,7.18115942028986,69,7.765625,6.67567567567568,6,8,7.15671641791045,32,37,8,2,67,10346,4812,5534,1243,1870,8476,7.43165039628842,7.97466791354946,6.95947831586555,7.02874738535801,7.26301764705882,7.46885464841906,100
"104",2018,3,7.29352941176471,85,7.86034482758621,7,6.71428571428571,6.6,7.386,29,56,7,10,75,10431,4841,5590,1250,1880,8551,7.43052487776819,7.97398306135096,6.95988425760286,7.0269864,7.25949095744681,7.46812793825283,101
"105",2018,4,7.40789473684211,76,8.31111111111111,6.91020408163265,6.6,7.83333333333333,7.37142857142857,27,49,10,6,70,10507,4868,5639,1260,1886,8621,7.43036118777958,7.97585291700904,6.95945256251108,7.02359761904762,7.26131654294804,7.46734276766036,102
"106",2018,5,6.90761363636364,88,7.67833333333333,6.37403846153846,6.2,6.75,6.91317647058824,36,52,15,3,85,10595,4904,5691,1275,1889,8706,7.42601934874941,7.97366884176182,6.95410349674925,7.01390823529412,7.26050449973531,7.46193223064553,103
"107",2018,6,7.11803278688525,61,7.6125,6.87682926829268,6.9375,7.70555555555556,7.01634615384615,20,41,8,9,52,10656,4924,5732,1283,1898,8758,7.42425628753754,7.97220186839967,6.95355076762037,7.01343180046766,7.262614857745,7.45928659511304,104
"108",2018,7,7.53953488372093,43,7.924,7.00555555555556,6.91666666666667,7.9,7.4921052631579,25,18,6,5,38,10699,4949,5750,1289,1903,8796,7.42471959996262,7.97195837542938,6.95371356521739,7.01298138091544,7.26428954282712,7.45942837653479,105
"109",2018,8,6.940625,64,7.72307692307692,6.40526315789474,5.8125,5.8,7.03728813559322,26,38,8,5,59,10763,4975,5788,1297,1908,8855,7.42184102945276,7.97065768844221,6.95011281962681,7.0055767154973,7.26045230607967,7.45661569734613,106
"110",2018,9,7.16184210526316,38,7.93529411764706,6.53571428571429,4,6.28571428571429,7.35967741935484,17,21,1,7,31,10801,4992,5809,1298,1915,8886,7.42092630312008,7.97053725961538,6.94861473575486,7.00326117103236,7.25688929503916,7.45627751519243,107
"111",2018,10,7.20779220779221,77,7.90625,6.71111111111111,6.4,7.65,7.14179104477612,32,45,7,10,67,10878,5024,5854,1305,1925,8953,7.41941763191763,7.9701277866242,6.94678903313973,7.00002528735632,7.25893142857143,7.4539240478052,108
"112",2018,11,6.98720588235294,68,7.44805555555556,6.46875,6.75,7.4,6.91603448275862,36,32,6,10,58,10946,5060,5886,1311,1935,9011,7.41673259638224,7.96641343873518,6.94419011213047,6.99888100686499,7.25966046511628,7.45046187992453,109
"113",2018,12,7.45841583333333,60,7.82610925925926,7.15757575757576,7.9125,7.430825,7.46148148148148,27,33,8,6,54,11006,5087,5919,1319,1941,9065,7.41695983554425,7.96566875368586,6.9453797938841,7.00442228961334,7.26018956723339,7.45052752344181,110
"114",2019,1,7.32608108108108,74,7.76394736842105,6.86388888888889,6.96666666666667,7.81818181818182,7.24015873015873,38,36,12,11,63,11080,5125,5955,1331,1952,9128,7.41635288357401,7.96417306341463,6.94488715365239,7.0040818933133,7.26333399077869,7.44907559158633,111
"115",2019,2,7.27727272727273,55,7.8,6.97857142857143,6.6,7.73333333333333,7.22142857142857,20,35,5,6,49,11135,5145,5990,1336,1958,9177,7.41566591378536,7.96353487852284,6.94508397328881,7.00256961077844,7.26477423391216,7.44786008499509,112
"116",2019,3,7.32228070175439,57,7.9609375,6.5048,5.33333333333333,8,7.24254901960784,32,25,3,6,51,11192,5177,6015,1339,1964,9228,7.41519031004289,7.96351882364303,6.94325403158769,6.99882972367438,7.26702034114053,7.44672540095362,113
"117",2019,4,7.40224489795918,49,7.8,7.12793103448276,7.1,7.66666666666667,7.3653488372093,20,29,5,6,43,11241,5197,6044,1344,1970,9271,7.41513388043769,7.96288954204348,6.9441401389808,6.99920610119048,7.26823753807107,7.44634796677812,114
"118",2019,5,7.13854166666667,48,7.56315789473684,6.86034482758621,6.875,7.42857142857143,7.0890243902439,19,29,4,7,41,11289,5216,6073,1348,1977,9312,7.41395783063159,7.96143346434049,6.94373999670673,6.99883753709199,7.26880523520486,7.44477469931271,115
"119",2019,6,7.20348723076923,65,7.71126448275862,6.79444444444444,5.79,7.75,7.14790966101695,29,36,10,6,59,11354,5245,6109,1358,1983,9371,7.41275291703365,7.96005026120114,6.94286020625306,6.98993593519882,7.27026119515885,7.44290563120265,116
"120",2019,7,7.42315482142857,56,8.13053774193548,6.546,6.58333333333333,7.34166666666667,7.4329334,31,25,6,6,50,11410,5276,6134,1364,1989,9421,7.41280396932516,7.96105198824867,6.94124274535376,6.98814736070381,7.27047659627954,7.44285270565757,117
"121",2019,8,7.05342465753425,73,7.91481481481481,6.54782608695652,6.17,6.8,7.09365079365079,27,46,10,10,63,11483,5303,6180,1374,1999,9484,7.41051931463903,7.96081657363756,6.93831440129449,6.98219286754003,7.26812303651826,7.44053303880219,118
"122",2019,9,7.02622950819672,61,7.67586206896552,6.4375,6.71428571428571,7.5,6.96481481481482,29,32,7,7,54,11544,5332,6212,1381,2006,9538,7.40848867723493,7.95926674606151,6.93573454603992,6.98083490224475,7.26893217846461,7.43783972950304,119
"123",2019,10,7.13942647058824,68,7.4,6.84628125,7.8,7.4,7.11874603174603,36,32,3,5,63,11612,5368,6244,1384,2011,9601,7.40691304598691,7.95551607488822,6.93527610506085,6.98261054913295,7.26925805569368,7.43574589521925,120
"124",2019,11,7.32892307692308,65,7.75741935483871,6.93823529411765,6.78571428571429,7.18454545454545,7.35833333333333,31,34,7,11,54,11677,5399,6278,1391,2022,9655,7.40647891496104,7.95437864234117,6.93529213125199,6.98161969805895,7.26879720573689,7.43531293008804,121
"125",2019,12,6.76072463768116,69,7.51344827586207,6.215,6.11666666666667,7.1375,6.71131147540984,29,40,6,8,61,11746,5428,6318,1397,2030,9716,7.4026855346501,7.95202289793662,6.93073187717632,6.97790479599141,7.26827977832512,7.43076742898312,122
"126",2020,1,7.2,75,7.79411764705882,6.70731707317073,6.72222222222222,7.21538461538462,7.19677419354839,34,41,9,13,62,11821,5462,6359,1406,2043,9778,7.40139956771847,7.9510399652142,6.92929139801855,6.97626813655761,7.26794319627998,7.42928373286971,123
"127",2020,2,7.36031746031746,63,7.88484848484848,6.78333333333333,8.5,7.64285714285714,7.325,33,30,4,7,56,11884,5495,6389,1410,2050,9834,7.40118178138674,7.95064245495905,6.92860604163405,6.98059078014184,7.2692233902439,7.42868988610942,124
"128",2020,3,7.36847826086957,46,7.61607142857143,6.98333333333333,6.91666666666667,7.5,7.35595238095238,28,18,6,4,42,11930,5523,6407,1416,2054,9876,7.4010556823135,7.94894627738548,6.92875979397533,6.98031991525424,7.26967280915287,7.42838055285541,125
"129",2020,4,6.78108108108108,37,7.66666666666667,6.17727272727273,6.4,4.5,6.91142857142857,15,22,5,2,35,11967,5538,6429,1421,2056,9911,7.39913882259547,7.9481817063922,6.9261882096749,6.97827797325827,7.26697857490272,7.42655497326203,126
"130",2020,5,7.21477272727273,44,7.31818181818182,7.11136363636364,6.45833333333333,7.6875,7.1675,22,22,6,4,40,12011,5560,6451,1427,2060,9951,7.39846343268671,7.94568890107913,6.92681971787319,6.97609180098108,7.26779512135922,7.42551365088936,127
"131",2020,6,6.96774193548387,31,6.97272727272727,6.965,7.5,5,7.17857142857143,11,20,2,3,28,12042,5571,6471,1429,2063,9979,7.3973546163428,7.94376777777777,6.92693772214495,6.97682505248426,7.26449730974309,7.42482075759094,128
"132",2020,7,7.11862745098039,51,7.39347826086957,6.89285714285714,6.625,6.52777777777778,7.2452380952381,23,28,4,9,42,12093,5594,6499,1433,2072,10021,7.39617913586373,7.9415052359671,6.92679089090629,6.9758429867411,7.26129727316602,7.42406809100888,129
"133",2020,8,7.08947368421053,38,7.42380952380952,6.67647058823529,7,8.22857142857143,6.83225806451613,21,17,2,7,31,12131,5615,6516,1435,2079,10052,7.39521839007502,7.93956906322351,6.92613781461018,6.97587665505227,7.26455408850409,7.42224297055312,130
"134",2020,9,6.92777777777778,45,7.33695652173913,6.5,6.4,7.17857142857143,6.88157894736842,23,22,5,7,38,12176,5638,6538,1440,2086,10090,7.39349082539422,7.93711072898191,6.92470388498011,6.97387708333333,7.26426555608821,7.42020677304262,131
"135",2020,10,7.05803571428571,56,7.87368421052632,6.63918918918919,6.47727272727273,6.83333333333333,7.07075471698113,19,37,11,3,53,12232,5657,6575,1451,2089,10143,7.39195505967953,7.93689770019445,6.92309718631178,6.97011233631978,7.2636466969842,7.41838078872128,132
"136",2020,11,7.01818181818182,66,7.63333333333333,6.50555555555556,6.03846153846154,6.59090909090909,7.10363636363636,30,36,13,11,55,12298,5687,6611,1464,2100,10198,7.38994912099529,7.93529634077721,6.9208234760248,6.96183948087432,7.26012283333333,7.41668330456952,133
"137",2020,12,7.20178571428571,56,7.66071428571429,6.74285714285714,7.125,4.63333333333333,7.34716981132075,28,28,8,3,53,12354,5715,6639,1472,2103,10251,7.38909618666019,7.93395105686789,6.92007290254556,6.96272622282609,7.25637563005231,7.41632390400936,134
"138",2021,1,7.6008064516129,62,7.96142857142857,7.13333333333333,7.275,7.88181818181818,7.54019607843137,35,27,8,11,51,12416,5750,6666,1480,2114,10302,7.39015337387242,7.93411831130434,6.92093669366936,6.96441418918919,7.2596300614948,7.41693713259561,135
"139",2021,2,7.25396551724138,58,7.91785714285714,6.63433333333333,5.79125,6.32,7.44854166666667,28,30,8,10,48,12474,5778,6696,1488,2124,10350,7.38952014510181,7.93403951021114,6.91965262843488,6.95810685483871,7.25520619114878,7.41708370434782,136
"140",2021,3,7.52549019607843,51,8.14761904761905,7.09,6.2,5.5,7.60816326530612,21,30,8,2,49,12525,5799,6726,1496,2126,10399,7.39007379560878,7.93481294878427,6.92041242937853,6.95405280748663,7.25355500940734,7.41798406962208,137
"141",2021,4,7.64444444444444,45,7.92272727272727,7.37826086956522,7.21428571428571,8.44285714285714,7.49736842105263,22,23,7,7,38,12570,5821,6749,1503,2133,10437,7.39098443038982,7.9347672719464,6.92197273670173,6.95526480372588,7.25745801687764,7.41827309954968,138
"142",2021,5,7.13541666666667,48,7.46153846153846,6.75,6.85714285714286,7.42857142857143,7.08536585365854,26,22,7,7,41,12618,5847,6771,1510,2140,10478,7.39001222776985,7.93266295365144,6.92141397134839,6.95480993377484,7.25801773364486,7.41697044665012,139
"143",2021,6,7.67360351351351,37,8.12057956521739,6.93928571428571,7.75,7.16666666666667,7.71833323529412,23,14,2,3,34,12655,5870,6785,1512,2143,10512,7.39084137653102,7.93339925383305,6.92145084745762,6.95586177248677,7.25788985067662,7.41794517408676,140
"144",2021,7,7.1782325,40,7.201,7.155465,6.67881111111111,7.5136625,7.094375,20,20,9,8,32,12695,5890,6805,1521,2151,10544,7.39017147853486,7.93091232937181,6.92213861866274,6.95422241946088,7.25884112040911,7.41696317052352,141
"145",2021,8,7.04166666666667,42,7.69117647058824,6.6,6.75,7.25,7.01351351351351,17,25,4,5,37,12737,5907,6830,1525,2156,10581,7.38902229096334,7.93022238361266,6.9209594875549,6.95368675409836,7.25882061688312,7.41555237406672,142
"146",2021,9,6.9,41,7.56875,6.472,8.33333333333333,7,6.88918918918919,16,25,3,4,37,12778,5923,6855,1528,2160,10618,7.38745319455314,7.92924592605098,6.91932214442012,6.9563954842932,7.25834131944445,7.41371818327368,143
"147",2021,10,6.86734693877551,49,7.575,6.37931034482759,6.66666666666667,7.5,6.81111111111111,20,29,6,4,45,12827,5943,6884,1534,2164,10663,7.38546635378499,7.92805378091872,6.91704725450319,6.95526225554107,7.25878800831793,7.41117506048954,144
"148",2021,11,7.16301886792453,53,7.73,6.87142857142857,6.9375,7.33333333333333,7.14127659574468,18,35,8,6,47,12880,5961,6919,1542,2170,10710,7.38455100310559,7.92745573225968,6.91681649082237,6.95517010376135,7.25899412442396,7.40999063211951,145
"149",2021,12,6.95788532258064,62,7.79951695652174,6.46153846153846,5,6.125,7.01532568965517,23,39,6,4,58,12942,5984,6958,1548,2174,10768,7.38250701668985,7.92696398897058,6.91426463064098,6.9475919250646,7.25690765869365,7.40786483655275,146
"150",2022,1,7.21175077669903,103,7.69780295454545,6.84927118644068,6.75,6.35666666666667,7.29362053191489,44,59,10,9,94,13045,6028,7017,1558,2183,10862,7.38115876887697,7.92529128069011,6.91371815590708,6.94632368421053,7.25319617498855,7.40687616368993,147
"151",2022,2,6.98488888888889,45,7.51454545454545,6.47826086956522,6.5,6.375,7.04439024390244,22,23,4,4,41,13090,6050,7040,1562,2187,10903,7.37979649656226,7.92379765950413,6.91229549715908,6.94518072983355,7.25158996342021,7.40551305970834,148
"152",2022,3,7.32642857142857,42,7.91666666666667,6.88375,7.1,7.33333333333333,7.32589743589744,18,24,5,3,39,13132,6068,7064,1567,2190,10942,7.37962581023454,7.92377650626235,6.91219851359003,6.94567472878111,7.25170194063927,7.40522928989216,149
"153",2022,4,7.45,44,7.71875,7.29642857142857,7.66666666666667,7.5,7.44634146341463,16,28,3,3,41,13176,6084,7092,1570,2193,10983,7.37986081815422,7.92323731755424,6.91371549633389,6.94705242038217,7.25204160966712,7.40538276336156,150
"154",2022,5,7.10714285714286,56,7.52173913043478,6.81818181818182,6.5,6.8,7.13725490196078,23,33,6,5,51,13232,6107,7125,1576,2198,11034,7.3787066308948,7.92172520713934,6.9132730245614,6.94535044416244,7.25101330755232,7.40414345568244,151
"155",2022,6,7.113,50,7.79666666666667,6.82,6.83333333333333,8,7.07604166666667,15,35,6,2,48,13282,6122,7160,1582,2200,11082,7.37770638006325,7.92141879124469,6.91281708100558,6.94492560050569,7.25169420454546,7.40272233261144,152
"156",2022,7,7.46162162162162,37,8.31,6.65789473684211,6.83333333333333,8.09666666666667,7.33870967741935,18,19,6,6,31,13319,6140,7179,1588,2206,11113,7.37793949545762,7.92255795439739,6.91214240144866,6.94450396725441,7.25399240707162,7.4025437676595,153
"157",2022,8,7.00333333333333,60,7.56842105263158,6.74146341463415,6.54285714285714,6.58333333333333,7.05,19,41,7,6,54,13379,6159,7220,1595,2212,11167,7.37625952163839,7.92146547166747,6.91117317174515,6.9427412539185,7.25217325949367,7.40083898003045,154
"158",2022,9,6.95833333333333,24,7.1625,6.85625,7,7.375,6.875,8,16,2,4,20,13403,6167,7236,1597,2216,11187,7.37551116466463,7.92048092103129,6.91105172747374,6.94281296180338,7.25239496841155,7.39989889067668,155
"159",2022,10,7,1,7,NA,NA,7,NA,1,0,0,1,0,13404,6168,7236,1597,2217,11187,7.37548314980603,7.92033168612192,6.91105172747374,6.94281296180338,7.25228112313938,7.39989889067668,156
"160",2022,11,7.15,14,7.63333333333333,6.7875,5,9,7.00769230769231,6,8,1,1,13,13418,6174,7244,1598,2218,11200,7.37524788642123,7.92005277615808,6.91091528161236,6.94159718397998,7.25306909377818,7.39944365089286,157
"161",2022,12,7.17787272727273,55,8.005,6.43631034482759,5.8653,6.75883333333333,7.22918367346939,26,29,10,6,49,13473,6200,7273,1608,2224,11249,7.37444215393751,7.92040900645161,6.90902286539254,6.93490379353234,7.25173572392086,7.3987020081785,158
