"","year","month","avg_rating","no_ratings","avg_rating_owned","avg_rating_not_owned","avg_rating_prev_owned","avg_rating_comment","avg_rating_no_comment","no_ratings_owned","no_ratings_not_owned","no_ratings_prev_owned","no_ratings_comment","no_ratings_no_comment","cum_no_ratings","cum_no_ratings_owned","cum_no_ratings_not_owned","cum_no_ratings_prev_owned","cum_no_ratings_comment","cum_no_ratings_no_comment","cum_avg_rating","cum_avg_rating_owned","cum_avg_rating_not_owned","cum_avg_rating_prev_owned","cum_avg_rating_comment","cum_avg_rating_no_comment","month_after_release"
"1",2009,7,8,1,NA,8,NA,NA,8,0,1,0,0,1,1,0,1,0,0,1,8,NA,8,NA,NA,8,-2
"2",2009,9,8.16666666666667,3,NA,8.16666666666667,NA,NA,8.16666666666667,0,3,0,0,3,4,0,4,0,0,4,8.125,NA,8.125,NA,NA,8.125,0
"3",2009,10,8.12,25,8.6,7.4,7.5,7.875,8.16666666666667,15,10,2,4,21,29,15,14,2,4,25,8.12068965517241,8.6,7.60714285714286,7.5,7.875,8.16,1
"4",2009,11,7.78418367346939,98,8.38137254901961,7.13617021276596,6.57142857142857,7.58,7.89761904761905,51,47,14,35,63,127,66,61,16,39,88,7.86102362204724,8.43106060606061,7.24426229508197,6.6875,7.61025641025641,7.97215909090909,2
"5",2009,12,7.70984848484848,66,8.08103448275862,7.41891891891892,7.71428571428571,7.73529411764706,7.70102040816327,29,37,14,17,49,193,95,98,30,56,137,7.80932642487047,8.32421052631579,7.31020408163265,7.16666666666667,7.64821428571429,7.87518248175183,3
"6",2010,1,7.30633802816901,71,7.7421875,6.94871794871795,7.57692307692308,7.26470588235294,7.31944444444444,32,39,13,17,54,264,127,137,43,73,191,7.67405303030303,8.17755905511811,7.20729927007299,7.2906976744186,7.55890410958904,7.71806282722513,4
"7",2010,2,7.58333333333333,36,7.90625,7.325,7.66666666666667,7.875,7.5,16,20,3,8,28,300,143,157,46,81,219,7.66316666666667,8.1472027972028,7.22229299363057,7.31521739130435,7.59012345679012,7.69018264840183,5
"8",2010,3,7.225,44,7.78571428571429,6.71304347826087,6.8,6.25,7.44166666666667,21,23,9,8,36,344,164,180,55,89,255,7.60712209302326,8.10091463414634,7.15722222222222,7.23090909090909,7.46966292134831,7.65509803921569,6
"9",2010,4,7.359375,32,8.5,6.35294117647059,6.5,7.25,7.39583333333333,15,17,2,8,24,376,179,197,57,97,279,7.58603723404255,8.13435754189944,7.08781725888325,7.20526315789474,7.45154639175258,7.63279569892473,7
"10",2010,5,7.1969696969697,33,7.60714285714286,6.89473684210526,6.64285714285714,6.72727272727273,7.43181818181818,14,19,7,11,22,409,193,216,64,108,301,7.55464547677262,8.09611398963731,7.07083333333333,7.14375,7.37777777777778,7.61810631229236,8
"11",2010,6,6.875,16,7.5,6.5,7.16666666666667,6.6875,7.0625,6,10,3,8,8,425,199,226,67,116,309,7.52905882352941,8.07814070351759,7.04557522123894,7.14477611940298,7.3301724137931,7.6037216828479,9
"12",2010,7,7.075,20,8.14285714285714,6.5,6.83333333333333,5.83333333333333,7.60714285714286,7,13,3,6,14,445,206,239,70,122,323,7.50865168539326,8.08033980582524,7.01589958158996,7.13142857142857,7.25655737704918,7.60386996904025,10
"13",2010,8,7.50967741935484,31,8.39642857142857,6.77941176470588,7.9,7.5625,7.47631578947368,14,17,5,12,19,476,220,256,75,134,342,7.50871848739496,8.10045454545455,7.0001953125,7.18266666666667,7.2839552238806,7.596783625731,11
"14",2010,9,7.3969696969697,33,8.23846153846154,6.85,7.15,7.19411764705882,7.6125,13,20,12,17,16,509,233,276,87,151,358,7.50147347740668,8.10815450643777,6.9893115942029,7.17816091954023,7.27384105960265,7.59748603351955,12
"15",2010,10,6.9775,40,8.00714285714286,6.42307692307692,6.625,6,7.18484848484848,14,26,8,7,33,549,247,302,95,158,391,7.46329690346084,8.10242914979757,6.94056291390729,7.13157894736842,7.21740506329114,7.56265984654732,13
"16",2010,11,7.25566037735849,53,7.61666666666667,7.01875,6.93333333333333,6.81428571428571,7.32282608695652,21,32,6,7,46,602,268,334,101,165,437,7.44501661129568,8.06436567164179,6.94805389221557,7.11980198019802,7.20030303030303,7.53741418764302,14
"17",2010,12,7.07857142857143,28,7.91538461538462,6.35333333333333,7.175,6.4,7.35,13,15,4,8,20,630,281,349,105,173,457,7.42873015873016,8.05747330960854,6.92249283667622,7.12190476190476,7.16329479768786,7.52921225382932,15
"18",2011,1,6.83333333333333,27,7.725,6.45789473684211,5.77142857142857,7.48333333333333,6.64761904761905,8,19,7,6,21,657,289,368,112,179,478,7.40426179604262,8.04826989619377,6.89850543478261,7.0375,7.17402234636872,7.49048117154812,16
"19",2011,2,6.83636363636364,22,7.14285714285714,6.69333333333333,7.23333333333333,6.85,6.825,7,15,6,10,12,679,296,383,118,189,490,7.38586156111929,8.02685810810811,6.89046997389034,7.04745762711864,7.15687830687831,7.47418367346939,17
"20",2011,3,6.80897435897436,39,7.3775,6.21052631578947,6.4,7.14545454545455,6.67678571428571,20,19,10,11,28,718,316,402,128,200,518,7.35452646239554,7.98575949367089,6.85833333333333,6.996875,7.15625,7.43108108108108,18
"21",2011,4,7.72906976744186,43,7.95454545454545,7.49285714285714,7.775,7.67333333333333,7.75892857142857,22,21,10,15,28,761,338,423,138,215,546,7.37568988173456,7.98372781065089,6.88983451536643,7.05326086956522,7.19232558139535,7.44789377289377,19
"22",2011,5,7.42413793103448,29,8.04,6.76428571428571,6.5,7,7.53478260869565,15,14,4,6,23,790,353,437,142,221,569,7.37746835443038,7.98611898016997,6.8858123569794,7.03767605633803,7.18710407239819,7.45140597539543,20
"23",2011,6,7.7,32,8.10555555555556,7.17857142857143,6.78571428571429,7.25,7.76428571428571,18,14,7,4,28,822,371,451,149,225,597,7.39002433090024,7.99191374663073,6.89490022172949,7.0258389261745,7.18822222222222,7.46608040201005,21
"24",2011,7,6.94634146341463,41,7.8625,6.36,6.25,7.33333333333333,6.88,16,25,12,6,35,863,387,476,161,231,632,7.36894553881808,7.98656330749354,6.86680672268908,6.96801242236025,7.19199134199134,7.43362341772152,22
"25",2011,8,7.45185185185185,54,7.82586206896552,7.018,7.09090909090909,7.56363636363636,7.42325581395349,29,25,11,11,43,917,416,501,172,242,675,7.37382769901854,7.97536057692308,6.87435129740519,6.97587209302326,7.20888429752066,7.43296296296296,23
"26",2011,9,7.15344827586207,29,7.70416666666667,6.76470588235294,6.54545454545455,8.15625,6.77142857142857,12,17,11,8,21,946,428,518,183,250,696,7.36707188160677,7.9677570093458,6.8707528957529,6.95,7.2392,7.41300287356322,24
"27",2011,10,6.9390625,32,7.92857142857143,6.16944444444444,6.05,8.1,6.72407407407407,14,18,5,5,27,978,442,536,188,255,723,7.35306748466258,7.96651583710407,6.84720149253731,6.92606382978723,7.25607843137255,7.38727524204703,25
"28",2011,11,7.23648648648649,37,7.5225,6.9,7,6.74285714285714,7.35166666666667,20,17,8,7,30,1015,462,553,196,262,753,7.34881773399015,7.94729437229437,6.84882459312839,6.92908163265306,7.24236641221374,7.38585657370518,26
"29",2011,12,7.3051724137931,58,7.9625,6.49615384615385,6.14285714285714,7.29411764705882,7.30975609756098,32,26,14,17,41,1073,494,579,210,279,794,7.34645852749301,7.94827935222672,6.83298791018998,6.87666666666667,7.24551971326165,7.38192695214106,27
"30",2012,1,7.22340425531915,47,7.89473684210526,6.76785714285714,7.18181818181818,5.2,7.46428571428571,19,28,11,5,42,1120,513,607,221,284,836,7.34129464285714,7.9462962962963,6.82998352553542,6.89185520361991,7.20950704225352,7.38606459330144,28
"31",2012,2,7.29642857142857,28,7.8125,6.60833333333333,6.2,7.125,7.325,16,12,3,4,24,1148,529,619,224,288,860,7.34020034843206,7.94224952741021,6.82568659127625,6.88258928571429,7.20833333333333,7.38436046511628,29
"32",2012,3,7.30833333333333,30,7.33823529411765,7.26923076923077,7.58333333333333,8.33333333333333,7.19444444444444,17,13,6,3,27,1178,546,632,230,291,887,7.33938879456706,7.92344322344322,6.83481012658228,6.90086956521739,7.21993127147766,7.37857948139797,30
"33",2012,4,7.43235294117647,34,7.735,7,6.57142857142857,7.175,7.46666666666667,20,14,7,4,30,1212,566,646,237,295,917,7.34199669966997,7.91678445229682,6.83839009287926,6.89113924050633,7.2193220338983,7.3814612868048,31
"34",2012,5,7.285,20,8.10909090909091,6.27777777777778,6,7.16666666666667,7.30588235294118,11,9,1,3,17,1232,577,655,238,298,934,7.34107142857143,7.92045060658579,6.83068702290076,6.88739495798319,7.21879194630872,7.38008565310493,32
"35",2012,6,7.52173913043478,23,8.16666666666667,6.81818181818182,6.16666666666667,8,7.45,12,11,6,3,20,1255,589,666,244,301,954,7.34438247011952,7.92546689303905,6.83048048048048,6.86967213114754,7.2265780730897,7.38155136268344,33
"36",2012,7,7.15148148148148,27,7.78571428571429,6.9295,7.25,7.8,6.96619047619048,7,20,11,6,21,1282,596,686,255,307,975,7.34031981279251,7.92382550335571,6.83336734693878,6.88607843137255,7.23778501628664,7.37260512820513,34
"37",2012,8,6.98,25,7.16666666666667,6.7,7,6.66666666666667,7.02272727272727,15,10,2,3,22,1307,611,696,257,310,997,7.33342769701607,7.90523731587561,6.83145114942529,6.88696498054475,7.23225806451613,7.36488465396189,35
"38",2012,9,7.17083333333333,24,7.38333333333333,6.95833333333333,7.04,7.66666666666667,6.87333333333333,12,12,5,9,15,1331,623,708,262,319,1012,7.3304958677686,7.89518459069021,6.83360169491525,6.88988549618321,7.24451410658307,7.35759881422925,36
"39",2012,10,6.89259259259259,27,7.38888888888889,6.64444444444444,6.73846153846154,6.6,6.95909090909091,9,18,13,5,22,1358,632,726,275,324,1034,7.32178939617084,7.8879746835443,6.82891184573003,6.88272727272727,7.23456790123457,7.34911992263056,37
"40",2012,11,7.13571428571429,42,7.8875,6.67307692307692,6.33333333333333,6.74444444444444,7.24242424242424,16,26,12,9,33,1400,648,752,287,333,1067,7.31620714285714,7.88796296296296,6.82352393617021,6.85975609756098,7.22132132132132,7.34582005623243,38
"41",2012,12,6.89411764705882,34,7.13076923076923,6.74761904761905,7.2,6.7,6.94444444444444,13,21,12,7,27,1434,661,773,299,340,1094,7.30619944211995,7.87307110438729,6.82146183699871,6.87341137123746,7.21058823529412,7.33591407678245,39
"42",2013,1,7.19736842105263,38,7.83333333333333,6.41176470588235,7.5,7.4,7.125,21,17,6,10,28,1472,682,790,305,350,1122,7.30338994565218,7.87184750733138,6.81264556962025,6.88573770491803,7.216,7.33065062388592,40
"43",2013,2,7.25,34,7.84375,6.72222222222222,6.38888888888889,6.78571428571429,7.37037037037037,16,18,9,7,27,1506,698,808,314,357,1149,7.30218459495352,7.87120343839542,6.81063118811881,6.87149681528662,7.20756302521008,7.33158398607485,41
"44",2013,3,7.565625,32,8.11,7.31818181818182,7.35,8.18333333333333,7.42307692307692,10,22,10,6,26,1538,708,830,324,363,1175,7.30766579973992,7.87457627118644,6.8240843373494,6.88626543209877,7.2236914600551,7.3336085106383,42
"45",2013,4,7.488,25,8,7.08571428571429,7.38333333333333,7.1,7.54090909090909,11,14,6,3,22,1563,719,844,330,366,1197,7.31055022392835,7.87649513212796,6.82842417061611,6.89530303030303,7.22267759562842,7.33741854636592,43
"46",2013,5,7.35769230769231,26,7.94444444444444,7.04705882352941,6.47777777777778,7.0625,7.48888888888889,9,17,9,8,18,1589,728,861,339,374,1215,7.31132158590309,7.87733516483517,6.83274099883856,6.88421828908555,7.2192513368984,7.33966255144033,44
"47",2013,6,7.54782608695652,23,8.11111111111111,7.18571428571429,6.7,6.83333333333333,7.655,9,14,5,3,20,1612,737,875,344,377,1235,7.31469602977668,7.88018995929444,6.83838857142857,6.88154069767442,7.21618037135279,7.34476923076923,45
"48",2013,7,7.4875,32,7.68235294117647,7.26666666666667,7.42857142857143,7.27142857142857,7.548,17,15,7,7,25,1644,754,890,351,384,1260,7.3180596107056,7.87572944297082,6.84560674157304,6.89245014245014,7.2171875,7.34880158730159,46
"49",2013,8,7.74242424242424,33,8.01111111111111,7.42,7.6875,7.5,7.84782608695652,18,15,8,10,23,1677,772,905,359,394,1283,7.32641025641026,7.8788860103627,6.85512707182321,6.91016713091922,7.2243654822335,7.35774746687451,47
"50",2013,9,7.184,25,6.75,7.38823529411765,7.91666666666667,7.5,7.12380952380952,8,17,6,4,21,1702,780,922,365,398,1304,7.32431844888367,7.86730769230769,6.86495661605206,6.92671232876712,7.22713567839196,7.3539800613497,48
"51",2013,10,7.5,31,8.25,6.46153846153846,6.81818181818182,8,7.42592592592593,18,13,11,4,27,1733,798,935,376,402,1331,7.32746105020196,7.87593984962406,6.85934759358289,6.92353723404255,7.23482587064677,7.35543951915853,49
"52",2013,11,7.4030612244898,49,7.76923076923077,6.98913043478261,7.26785714285714,7.39285714285714,7.40714285714286,26,23,14,14,35,1782,824,958,390,416,1366,7.32953984287318,7.87257281553398,6.86246346555324,6.93589743589744,7.24014423076923,7.35676427525622,50
"53",2013,12,7.30606060606061,33,8.14375,6.51764705882353,5.97142857142857,7.66666666666667,7.22592592592593,16,17,7,6,27,1815,840,975,397,422,1393,7.3291129476584,7.8777380952381,6.85645128205128,6.91889168765743,7.24620853080569,7.35422828427854,51
"54",2014,1,7.25690909090909,55,7.4,7.10851851851852,7.01818181818182,7.33333333333333,7.24755102040816,28,27,11,6,49,1870,868,1002,408,428,1442,7.32698930481284,7.86232718894009,6.86324351297405,6.92156862745098,7.24742990654206,7.35060332871013,52
"55",2014,2,7.38571428571429,35,7.65384615384615,6.61111111111111,7.125,7.25,7.44,26,9,4,10,25,1905,894,1011,412,438,1467,7.32806824146982,7.85626398210291,6.86099901088032,6.92354368932039,7.24748858447489,7.35212678936605,53
"56",2014,3,6.8,25,7.59090909090909,6.17857142857143,6.75,7,6.77272727272727,11,14,4,3,22,1930,905,1025,416,441,1489,7.32122797927461,7.85303867403315,6.85167804878049,6.921875,7.24580498866213,7.34356615177972,54
"57",2014,4,7.5625,36,8.39333333333333,6.96904761904762,7.04444444444444,6.86,7.6758064516129,15,21,9,5,31,1966,920,1046,425,446,1520,7.32564598168871,7.86184782608696,6.85403441682601,6.9244705882353,7.2414798206278,7.35034210526316,55
"58",2014,5,7.52291666666667,24,8.06666666666667,6.97916666666667,7.39285714285714,7,7.57045454545455,12,12,7,2,22,1990,932,1058,432,448,1542,7.32802512562814,7.86448497854077,6.85545368620038,6.93206018518519,7.24040178571429,7.35348249027237,56
"59",2014,6,7.276,25,7.71428571428571,7.10555555555556,7,6.75,7.52352941176471,7,18,13,8,17,2015,939,1076,445,456,1559,7.32737965260546,7.86336528221512,6.8596375464684,6.93404494382023,7.23179824561404,7.3553367543297,57
"60",2014,7,7.284,25,7.32142857142857,7.23636363636364,7.375,7,7.41764705882353,14,11,4,8,17,2040,953,1087,449,464,1576,7.32684803921569,7.85540398740819,6.86344986200552,6.9379732739421,7.22780172413793,7.35600888324873,58
"61",2014,8,6.84115384615385,26,7.25,6.36416666666667,6.14285714285714,7.25,6.76681818181818,14,12,7,4,22,2066,967,1099,456,468,1598,7.32073572120039,7.84663908996898,6.85799818016379,6.92576754385965,7.22799145299145,7.34789737171464,59
"62",2014,9,7.46153846153846,26,7.81818181818182,7.2,7.45454545454545,7,7.48,11,15,11,1,25,2092,978,1114,467,469,1623,7.32248565965583,7.84631901840491,6.86260323159785,6.93822269807281,7.22750533049041,7.34993222427603,60
"63",2014,10,7.13333333333333,24,7.25,7.01666666666667,7.4,7.14,7.13157894736842,12,12,8,5,19,2116,990,1126,475,474,1642,7.32034026465029,7.83909090909091,6.86424511545293,6.946,7.22658227848101,7.34740560292327,61
"64",2014,11,7.00333333333333,30,7.59411764705882,6.23076923076923,6,7.3,6.91304347826087,17,13,2,7,23,2146,1007,1139,477,481,1665,7.31590866728798,7.83495531281033,6.85701492537314,6.94203354297694,7.22765072765073,7.34140540540541,62
"65",2014,12,6.815625,32,7.60909090909091,6.4,6.58888888888889,6.5,6.87407407407407,11,21,9,5,27,2178,1018,1160,486,486,1692,7.30855831037649,7.83251473477407,6.84874137931035,6.93549382716049,7.2201646090535,7.33394799054374,63
"66",2015,1,7.16794871794872,39,7.17105263157895,7.165,6.88888888888889,6.16666666666667,7.25138888888889,19,20,9,3,36,2217,1037,1180,495,489,1728,7.30608479927831,7.82039537126326,6.85410169491526,6.93464646464647,7.21370143149284,7.33222800925926,64
"67",2015,2,7.5,29,8.17857142857143,6.86666666666667,7.08333333333333,7,7.53703703703704,14,15,6,2,27,2246,1051,1195,501,491,1755,7.30858860195904,7.82516650808754,6.85425941422594,6.93642714570858,7.21283095723014,7.33537891737892,65
"68",2015,3,7.66346153846154,26,7.96153846153846,7.36538461538461,7.3,7.75,7.63157894736842,13,13,5,7,19,2272,1064,1208,506,498,1774,7.31264964788733,7.82683270676692,6.85975993377484,6.94001976284585,7.22038152610442,7.33855129650507,66
"69",2015,4,7.15,20,7,7.27272727272727,7.44444444444444,7.21428571428571,7.11538461538461,9,11,9,7,13,2292,1073,1219,515,505,1787,7.31123036649215,7.81989748369059,6.86348646431501,6.94883495145631,7.22029702970297,7.33692781197538,67
"70",2015,5,7.45714285714286,21,7.65,7.2,7,7.625,7.41764705882353,12,9,5,4,17,2313,1085,1228,520,509,1804,7.3125551232166,7.81801843317972,6.86595276872964,6.94932692307692,7.22347740667976,7.33768847006652,68
"71",2015,6,6.91578947368421,19,7.80714285714286,6.39583333333333,6.43,6.88333333333333,6.921875,7,12,5,3,16,2332,1092,1240,525,512,1820,7.30932246998285,7.81794871794872,6.86140322580645,6.94438095238095,7.221484375,7.33403296703297,69
"72",2015,7,7.22105263157895,19,8,6.86153846153846,6.83333333333333,7.1875,7.24545454545455,6,13,6,8,11,2351,1098,1253,531,520,1831,7.30860910250957,7.81894353369763,6.86140462889066,6.94312617702448,7.22096153846154,7.33350081922447,70
"73",2015,8,7.19047619047619,21,7.83333333333333,6.70833333333333,7.4,7.14285714285714,7.21428571428571,9,12,5,7,14,2372,1107,1265,536,527,1845,7.30756323777403,7.81906052393857,6.85995256916996,6.94738805970149,7.21992409867173,7.33259620596206,71
"74",2015,9,7.86769230769231,13,8.1,7.7225,7.75,8.32,7.66666666666667,5,8,2,4,9,2385,1112,1273,538,531,1854,7.31061635220126,7.82032374100719,6.86537313432836,6.9503717472119,7.22821092278719,7.33421790722762,72
"75",2015,10,7.43157894736842,19,7.67,7.16666666666667,7.1,8,7.36470588235294,10,9,5,2,17,2404,1122,1282,543,533,1871,7.31157237936772,7.81898395721925,6.86748829953198,6.95174953959484,7.23110694183865,7.33449492250134,73
"76",2015,11,7.1,33,7.63846153846154,6.75,6.33333333333333,6,7.29642857142857,13,20,9,5,28,2437,1135,1302,552,538,1899,7.30870742716455,7.81691629955947,6.86568356374808,6.94166666666667,7.21966542750929,7.3339336492891,74
"77",2015,12,6.86363636363636,33,7.86666666666667,6.29047619047619,6.50833333333333,6.71428571428571,6.90384615384615,12,21,12,7,26,2470,1147,1323,564,545,1925,7.30276113360324,7.81743679163034,6.85655328798186,6.93244680851064,7.21317431192661,7.32812467532468,75
"78",2016,1,7.092,25,7.81818181818182,6.52142857142857,7.25,6,7.1375,11,14,2,1,24,2495,1158,1337,566,546,1949,7.3006492985972,7.8174438687392,6.85304412864622,6.93356890459364,7.21095238095238,7.32577732170344,76
"79",2016,2,6.91666666666667,18,7.2,6.5625,6.5,7.83333333333333,6.73333333333333,10,8,4,3,15,2513,1168,1345,570,549,1964,7.29789892558695,7.81215753424657,6.85131598513011,6.93052631578947,7.21435336976321,7.32125254582485,77
"80",2016,3,6.9,15,7.33333333333333,6.61111111111111,6.66666666666667,6.5,6.96153846153846,6,9,3,2,13,2528,1174,1354,573,551,1977,7.29553797468354,7.80971039182283,6.84971935007386,6.92914485165794,7.21176043557169,7.31888720283258,78
"81",2016,4,6.3,15,7.4,5.75,5,8,6.17857142857143,5,10,3,1,14,2543,1179,1364,576,552,1991,7.28966574911522,7.80797285835454,6.8416568914956,6.91909722222222,7.2131884057971,7.31086891009543,79
"82",2016,5,6.490625,16,7.41666666666667,5.935,6.25,5.55,6.625,6,10,4,2,14,2559,1185,1374,580,554,2005,7.28466979288785,7.80599156118143,6.83505822416303,6.91448275862069,7.20718411552347,7.30607980049875,80
"83",2016,6,6.75,16,7.4375,6.0625,6.125,6.5,6.80769230769231,8,8,4,3,13,2575,1193,1382,584,557,2018,7.28134757281553,7.8035205364627,6.83058610709117,6.90907534246575,7.20337522441652,7.30286917740337,81
"84",2016,7,6.3725,20,6.85,6.21333333333333,6.44,9,6.23421052631579,5,15,5,1,19,2595,1198,1397,589,558,2037,7.2743429672447,7.7995409015025,6.82395848246242,6.90509337860781,7.20659498207885,7.29290132547865,82
"85",2016,8,6.875,20,7.125,6.70833333333333,6.41666666666667,7.4,6.7,8,12,6,5,15,2615,1206,1409,595,563,2052,7.27128871892925,7.79506633499171,6.82297374024131,6.90016806722689,7.20831261101243,7.28856725146199,83
"86",2016,9,6.63157894736842,19,7.1875,6.22727272727273,6.4,8,6.375,8,11,5,3,16,2634,1214,1420,600,566,2068,7.26667425968109,7.7910626029654,6.81835915492958,6.896,7.21250883392226,7.28149903288201,84
"87",2016,10,6.91071428571429,28,7.29166666666667,6.625,6.6875,7,6.89583333333333,12,16,8,4,24,2662,1226,1436,608,570,2092,7.26293012772352,7.78617455138662,6.81620473537605,6.89325657894737,7.21101754385965,7.27707456978968,85
"88",2016,11,6.9304347826087,23,7.1,6.74545454545455,6.7,7.33333333333333,6.87,12,11,5,3,20,2685,1238,1447,613,573,2112,7.26008193668529,7.77952342487884,6.81566689702834,6.89168026101142,7.21165794066318,7.2732196969697,86
"89",2016,12,7.21111111111111,18,8.32,6.78461538461538,7.04,9,7.10588235294118,5,13,5,1,17,2703,1243,1460,618,574,2129,7.25975582685905,7.78169750603379,6.81539041095891,6.89288025889968,7.21477351916376,7.27188351338657,87
"90",2017,1,6.47,20,6.91538461538462,5.64285714285714,5.66666666666667,7.25,6.38333333333333,13,7,3,2,18,2723,1256,1467,621,576,2147,7.25395519647448,7.77273089171974,6.8097955010225,6.88695652173913,7.21489583333333,7.26443409408477,88
"91",2017,2,7.50961538461539,26,7.9375,7.14285714285714,7,8.33333333333333,7.40217391304348,12,14,4,3,23,2749,1268,1481,625,579,2170,7.25637322662787,7.77429022082019,6.81294395678596,6.88768,7.2206908462867,7.26589400921659,89
"92",2017,3,6.4547619047619,21,7.65,5.85714285714286,5.55555555555556,7.85,6.22222222222222,7,14,9,3,18,2770,1275,1495,634,582,2188,7.25029602888087,7.77360784313725,6.80399331103679,6.86876971608833,7.22393470790378,7.25730804387569,90
"93",2017,4,7,12,7,7,6,6.25,7.15,4,8,2,2,10,2782,1279,1503,636,584,2198,7.24921639108555,7.77118842845973,6.80503659347971,6.86603773584906,7.22059931506849,7.25681983621474,91
"94",2017,5,6.69142857142857,14,6.676,6.7,6.91666666666667,6.38,6.71538461538462,5,9,6,1,13,2796,1284,1512,642,585,2211,7.2464234620887,7.76692367601246,6.80441137566138,6.86651090342679,7.21916239316239,7.25363636363636,92
"95",2017,6,7.06666666666667,6,7.75,6.725,6.75,6.7,7.25,2,4,2,2,4,2802,1286,1516,644,587,2215,7.24603854389722,7.76689735614308,6.8042018469657,6.86614906832298,7.21739352640545,7.25362979683973,93
"96",2017,7,7.16666666666667,9,7.5,6.9,8,7,7.21428571428571,4,5,1,2,7,2811,1290,1521,645,589,2222,7.24578441835646,7.76606976744186,6.804516765286,6.86790697674419,7.21665534804754,7.25350585058506,94
"97",2017,8,5.96153846153846,13,5.85714285714286,6.08333333333333,7,7.66666666666667,5.45,7,6,3,3,10,2824,1297,1527,648,592,2232,7.23987252124646,7.75576715497301,6.80168303863785,6.86851851851852,7.21893581081081,7.24542562724014,95
"98",2017,9,6.84666666666667,15,7.125,6.52857142857143,7.35,6,6.90714285714286,8,7,2,1,14,2839,1305,1534,650,593,2246,7.23779499823882,7.75190038314176,6.80043676662321,6.87,7.2168802698145,7.24331700801425,96
"99",2017,10,6.81136363636364,22,7.4375,6.45357142857143,6.68333333333333,6.5,6.8425,8,14,6,2,20,2861,1313,1548,656,595,2266,7.23451590353024,7.74998476770754,6.79729974160207,6.86829268292683,7.2144705882353,7.23977934686673,97
"100",2017,11,6.95133333333333,15,7.295,6.72222222222222,6.8,7.5,6.75181818181818,6,9,5,4,11,2876,1319,1557,661,599,2277,7.23303894297636,7.74791508718726,6.79686576750161,6.867776096823,7.21637729549249,7.23742204655248,98
"101",2017,12,6.65909090909091,11,7,6.375,6.08333333333333,7,6.625,5,6,3,1,10,2887,1324,1563,664,600,2287,7.23085209560097,7.74509063444109,6.79524632117723,6.86423192771084,7.21601666666667,7.23474420638391,99
"102",2018,1,6.33333333333333,18,6.9375,5.85,5.72222222222222,5.5,6.4375,8,10,9,2,16,2905,1332,1573,673,602,2303,7.2252908777969,7.74024024024024,6.78923712650986,6.84895988112927,7.21031561461794,7.22920538428137,100
"103",2018,2,6.22222222222222,9,7,6,5.625,3,6.625,2,7,4,1,8,2914,1334,1580,677,603,2311,7.2221928620453,7.73913043478261,6.78574050632912,6.8417282127031,7.20333333333333,7.22711380354825,101
"104",2018,3,7.11111111111111,9,8,6.85714285714286,7.5,7.5,7,2,7,2,2,7,2923,1336,1587,679,605,2318,7.22185083817995,7.73952095808383,6.7860554505356,6.84366715758468,7.20431404958678,7.22642795513374,102
"105",2018,4,6.66923076923077,13,6.6,6.7125,6.375,6.75,6.65454545454545,5,8,4,2,11,2936,1341,1595,683,607,2329,7.21940395095368,7.73527218493661,6.78568652037618,6.8409224011713,7.20281713344316,7.2237269214255,103
"106",2018,5,7.11111111111111,9,7.33333333333333,6.66666666666667,NA,9,6.875,6,3,0,1,8,2945,1347,1598,683,608,2337,7.21907300509338,7.73348181143281,6.78546307884856,6.8409224011713,7.20577302631579,7.22253316217373,104
"107",2018,6,6.14444444444444,9,6.06,6.25,6,7.5,5.975,5,4,2,1,8,2954,1352,1602,685,609,2345,7.21579891672309,7.72729289940828,6.78412609238452,6.83846715328467,7.20625615763547,7.21827718550107,105
"108",2018,7,6.65909090909091,11,7.58333333333333,6.3125,5.66666666666667,6.58333333333333,6.6875,3,8,3,3,8,2965,1355,1610,688,612,2353,7.21373355817875,7.7269741697417,6.78178260869566,6.83335755813954,7.20320261437909,7.2164725881853,106
"109",2018,8,5.75,12,6.5,5.6,5.5,5.5,5.8,2,10,2,2,10,2977,1357,1620,690,614,2363,7.20783338931811,7.72516580692704,6.77448765432099,6.82949275362319,7.19765472312704,7.21047820567076,107
"110",2018,9,6.93636363636364,11,7.875,6.4,6,7.75,6.75555555555556,4,7,3,2,9,2988,1361,1627,693,616,2372,7.20683400267738,7.7256061719324,6.77287645974186,6.82590187590188,7.19944805194805,7.2087521079258,108
"111",2018,10,6.77777777777778,9,6.6,7,7.5,NA,6.77777777777778,5,4,1,0,9,2997,1366,1631,694,616,2381,7.20554554554555,7.72148609077599,6.77343347639485,6.82687319884726,7.19944805194805,7.20712305753885,109
"112",2018,11,6.78571428571429,7,8,6.3,8,8,6.58333333333333,2,5,1,1,6,3004,1368,1636,695,617,2387,7.2045672436751,7.7218932748538,6.77198655256724,6.82856115107914,7.20074554294976,7.20555509007122,110
"113",2018,12,6.8,10,6.85714285714286,6.66666666666667,6.5,6.5,6.875,7,3,2,2,8,3014,1375,1639,697,619,2395,7.20322495023225,7.71749090909091,6.77179377669311,6.82761836441894,7.19848142164782,7.2044509394572,111
"114",2019,1,6.2068,15,6.24,6.18466666666667,6.4324,6.554,6.12,6,9,5,3,12,3029,1381,1648,702,622,2407,7.19829052492572,7.7110716871832,6.76858737864078,6.82480341880342,7.1953729903537,7.19904445367678,112
"115",2019,2,6.10375,8,8,5.83285714285714,4.165,7.5,5.63833333333333,1,7,2,2,6,3037,1382,1655,704,624,2413,7.19540730984524,7.71128075253256,6.76462960725076,6.81724715909091,7.19634935897436,7.19516369664318,113
"116",2019,3,7.58076923076923,13,8.04285714285714,7.04166666666667,7.625,7.5,7.61666666666667,7,6,2,4,9,3050,1389,1661,706,628,2422,7.19704983606557,7.71295176385889,6.76563034316677,6.81953541076487,7.19828343949045,7.19672997522709,114
"117",2019,4,6.975,12,7.67142857142857,6,6,8,6.88181818181818,7,5,5,1,11,3062,1396,1666,711,629,2433,7.19617962116264,7.71274355300859,6.76333253301321,6.81377215189873,7.19955802861685,7.19530620632963,115
"118",2019,5,7.65,6,7.78,7,7,9.9,7.2,5,1,1,1,5,3068,1401,1667,712,630,2438,7.19706714471969,7.71298358315489,6.76347450509898,6.81403370786517,7.20384444444444,7.19531583264971,116
"119",2019,6,6.2,7,6.88,4.5,4.5,5.63333333333333,6.625,5,2,2,3,4,3075,1406,1669,714,633,2442,7.19479739837399,7.7100213371266,6.76076213301378,6.80755182072829,7.19640126382306,7.19438165438165,117
"120",2019,7,7.04545454545455,11,7.78571428571429,5.75,5,7.75,6.88888888888889,7,4,1,2,9,3086,1413,1673,715,635,2451,7.19426506804926,7.71039631988676,6.75834548714884,6.80502377622378,7.19814488188976,7.19325989392085,118
"121",2019,8,6.85714285714286,14,7.16666666666667,6.3,6,6,6.92307692307692,9,5,1,1,13,3100,1422,1678,716,636,2464,7.19274258064516,7.70695499296765,6.75697973778308,6.80389944134078,7.19626100628931,7.19183441558442,119
"122",2019,9,6.81818181818182,11,8,6.14285714285714,5.5,NA,6.81818181818182,4,7,6,0,11,3111,1426,1685,722,636,2475,7.19141819350691,7.70777699859747,6.75442848664689,6.79306371191136,7.19626100628931,7.19017373737374,120
"123",2019,10,7.66666666666667,9,8.08333333333333,6.83333333333333,7,7,7.85714285714286,6,3,1,2,7,3120,1432,1688,723,638,2482,7.19278910256411,7.70935055865922,6.75456872037915,6.79334993084371,7.19564576802508,7.19205479452055,121
"124",2019,11,7.8,10,8.3,7.3,7,NA,7.8,5,5,2,0,10,3130,1437,1693,725,638,2492,7.19472907348243,7.71140570633264,6.75617956290609,6.79392,7.19564576802508,7.19449438202247,122
"125",2019,12,6.64285714285714,14,7.1,5.5,5,8,6.53846153846154,10,4,2,1,13,3144,1447,1697,727,639,2505,7.19227162849873,7.7071803731859,6.75321862109605,6.788984869326,7.19690453834116,7.19108982035928,123
"126",2020,1,6.92105263157895,19,6.9,6.92857142857143,6.875,6.75,6.94117647058824,5,14,4,2,17,3163,1452,1711,731,641,2522,7.19064242807462,7.70440082644628,6.75465341905319,6.78945554035568,7.19551014040562,7.18940523394132,124
"127",2020,2,6.33571428571429,14,7,6.15454545454545,5.5,5.16666666666667,6.65454545454545,3,11,6,3,11,3177,1455,1722,737,644,2533,7.1868750393453,7.70294845360825,6.7508199767712,6.7789579375848,7.18605900621118,7.18708251085669,125
"128",2020,3,6.17384615384615,13,6,6.2825,6.25,7,6.105,5,8,4,1,12,3190,1460,1730,741,645,2545,7.18274670846395,7.69711643835616,6.74865433526012,6.77610256410256,7.18577054263566,7.18198035363458,126
"129",2020,4,5.9,10,6.375,5.58333333333333,3,6.25,5.8125,4,6,1,2,8,3200,1464,1736,742,647,2553,7.178738125,7.69350409836065,6.7446267281106,6.77101347708895,7.18287789799073,7.17768899334117,127
"130",2020,5,6.9,10,7.5,6,5,9.5,6.61111111111111,6,4,1,1,9,3210,1470,1740,743,648,2562,7.17786978193147,7.69271428571428,6.74291494252874,6.76862987886945,7.1864537037037,7.17569867291179,128
"131",2020,6,7.1,5,7,7.16666666666667,7,NA,7.1,2,3,1,0,5,3215,1472,1743,744,648,2567,7.17774867807154,7.69177309782609,6.74364429145152,6.76894086021505,7.1864537037037,7.17555122711336,129
"132",2020,7,6.5625,8,7.75,6.16666666666667,6.5,NA,6.5625,2,6,4,0,8,3223,1474,1749,748,648,2575,7.17622153273348,7.69185210312076,6.7416649514008,6.76750267379679,7.1864537037037,7.17364660194175,130
"133",2020,8,6.9,5,7.5,6.5,6,9,6.375,2,3,1,1,4,3228,1476,1752,749,649,2579,7.1757936802974,7.69159214092141,6.74125114155251,6.7664779706275,7.18924807395994,7.17240791004265,131
"134",2020,9,6.54,5,6.425,7,7,NA,6.54,4,1,1,0,5,3233,1480,1753,750,649,2584,7.17481039282401,7.68816891891892,6.74139874500856,6.76678933333333,7.18924807395994,7.17118421052632,132
"135",2020,10,6.61666666666667,12,7.56666666666667,5.66666666666667,2,7,6.58181818181818,6,6,1,1,11,3245,1486,1759,751,650,2595,7.17274637904469,7.68767833109017,6.73773280272883,6.76044207723036,7.18895692307692,7.1686859344894,133
"136",2020,11,6.70769230769231,13,7.25,6.46666666666667,6.5,NA,6.70769230769231,4,9,2,0,13,3258,1490,1768,753,650,2608,7.17089073050952,7.6865033557047,6.73635294117647,6.75975033200531,7.18895692307692,7.16638803680982,134
"137",2020,12,6.125,16,6.33333333333333,5.85714285714286,5.5,5,6.2,9,7,4,1,15,3274,1499,1775,757,651,2623,7.16577947464875,7.67837891927952,6.73288563380282,6.75309379128137,7.18559447004608,7.16086160884483,135
"138",2021,1,6.57142857142857,7,5.66666666666667,7.25,7,7,6.5,3,4,2,1,6,3281,1502,1779,759,652,2629,7.16451142944225,7.67436085219707,6.73404834176504,6.75374440052701,7.18530981595092,7.15935336629897,136
"139",2021,2,6.57142857142857,14,6.65,6.375,6.5,7.5,6.5,10,4,2,1,13,3295,1512,1783,761,653,2642,7.16199150227618,7.66758597883598,6.73324284913068,6.75307752956636,7.18579173047473,7.15610900832703,137
"140",2021,3,6.14,5,6.85,5.66666666666667,5.66666666666667,NA,6.14,2,3,3,0,5,3300,1514,1786,764,653,2647,7.16044303030303,7.66650594451783,6.73145128779396,6.74881151832461,7.18579173047473,7.15418964865886,138
"141",2021,4,5.65,6,10,4.78,2,4.5,6.225,1,5,1,2,4,3306,1515,1791,765,655,2651,7.15770175438597,7.66804620462046,6.72600335008376,6.74260392156863,7.17759083969466,7.15278762731045,139
"142",2021,5,6.9875,8,7.475,6.5,6.5,NA,6.9875,4,4,4,0,8,3314,1519,1795,769,655,2659,7.15729088714545,7.66753785385122,6.72549972144847,6.74134200260078,7.17759083969466,7.1522903347123,140
"143",2021,6,7,2,8,6,NA,8,6,1,1,0,1,1,3316,1520,1796,769,656,2660,7.15719601930037,7.66775657894737,6.72509576837417,6.74134200260078,7.17884451219512,7.15185714285715,141
"144",2021,7,6.6,5,7,6,6,NA,6.6,3,2,1,0,5,3321,1523,1798,770,656,2665,7.156357121349,7.66644123440578,6.7242892102336,6.74037922077922,7.17884451219512,7.15082176360225,142
"145",2021,8,6.25,4,5,6.66666666666667,6,6,6.33333333333333,1,3,1,1,3,3325,1524,1801,771,657,2668,7.1552667669173,7.66469160104987,6.72419322598557,6.73941893644617,7.1770502283105,7.14990254872564,143
"146",2021,9,6.54545454545455,11,6.8,6.33333333333333,7,7.5,6.33333333333333,5,6,1,2,9,3336,1529,1807,772,659,2677,7.15325599520384,7.66186396337475,6.72289540675153,6.73975647668394,7.17803034901366,7.14715726559582,144
"147",2021,10,7.38,5,7.66666666666667,6.95,NA,7,7.475,3,2,0,1,4,3341,1532,1809,772,660,2681,7.1535953307393,7.66187336814621,6.72314648977336,6.73975647668394,7.17776060606061,7.14764640059679,145
"148",2021,11,7.4375,4,7,7.58333333333333,7.75,7.375,7.5,1,3,1,2,2,3345,1533,1812,773,662,2683,7.15393482810165,7.66144161774299,6.7245706401766,6.74106338939198,7.17835649546828,7.14790905702572,146
"149",2021,12,6.05,10,6.75,5.58333333333333,6.83333333333333,NA,6.05,4,6,3,0,10,3355,1537,1818,776,662,2693,7.15064441132638,7.65906961613533,6.72080418041805,6.74142010309278,7.17835649546828,7.14383215744523,147
"150",2022,1,6.82352941176471,17,6.77777777777778,6.875,7.5,7,6.78571428571429,9,8,2,3,14,3372,1546,1826,778,665,2707,7.14899525504152,7.65393919793014,6.72147973713034,6.74337017994859,7.17755187969925,7.14198005171777,148
"151",2022,2,6.92307692307692,13,6.875,7,6,7,6.91666666666667,8,5,1,1,12,3385,1554,1831,779,666,2719,7.14812762186116,7.64992921492921,6.7222403058438,6.74241591784339,7.17728528528529,7.14098565649136,149
"152",2022,3,5.125,4,6,4.83333333333333,NA,NA,5.125,1,3,0,0,4,3389,1555,1834,779,666,2723,7.14573974623783,7.64886816720257,6.71915049073065,6.74241591784339,7.17728528528529,7.13802423797283,150
"153",2022,4,6.83333333333333,6,7.33333333333333,6.33333333333333,6,NA,6.83333333333333,3,3,1,0,6,3395,1558,1837,780,666,2729,7.14518762886598,7.64826059050064,6.71852041371802,6.7414641025641,7.17728528528529,7.13735434224991,151
"154",2022,5,7.625,8,8.5,6.16666666666667,NA,NA,7.625,5,3,0,0,8,3403,1563,1840,780,666,2737,7.14631560387893,7.65098528470889,6.71762065217392,6.7414641025641,7.17728528528529,7.13877968578736,152
"155",2022,6,6.38333333333333,9,6.99,5.625,NA,NA,6.38333333333333,5,4,0,0,9,3412,1568,1844,780,666,2746,7.14430304806566,7.64887755102041,6.71525054229935,6.7414641025641,7.17728528528529,7.13630371449381,153
"156",2022,7,7.30666666666667,9,7.79333333333333,6.33333333333333,NA,7.69,7,6,3,0,4,5,3421,1574,1847,780,670,2751,7.14473019584917,7.64942820838628,6.71463021115322,6.7414641025641,7.18034626865672,7.13605597964377,154
"157",2022,8,6.46,5,6,6.575,6,NA,6.46,1,4,1,0,5,3426,1575,1851,781,670,2756,7.14373088149446,7.64838095238095,6.71432847109671,6.74051472471191,7.18034626865672,7.13482946298984,155
"158",2022,9,7.18333333333333,6,8.1,7,7,NA,7.18333333333333,1,5,1,0,6,3432,1576,1856,782,670,2762,7.14380011655012,7.64866751269035,6.71509806034483,6.74084654731458,7.18034626865672,7.13493482983346,156
"159",2022,10,8.0625,4,8,8.08333333333333,8.25,NA,8.0625,1,3,1,0,4,3436,1577,1859,783,670,2766,7.14486961583237,7.64889029803424,6.71730607853685,6.74277394636015,7.18034626865672,7.13627621113522,157
"160",2022,11,7.7,10,7.57142857142857,8,7,NA,7.7,7,3,1,0,10,3446,1584,1862,784,670,2776,7.14648055716773,7.64854797979798,6.71937271750806,6.74310204081633,7.18034626865672,7.13830691642652,158
"161",2022,12,6.35714285714286,7,6.66666666666667,6.125,3,6,6.41666666666667,3,4,1,1,6,3453,1587,1866,785,671,2782,7.14488039386042,7.64669187145558,6.71809860664523,6.73833375796178,7.17858718330849,7.13675053918045,159
