"","year","month","avg_rating","no_ratings","avg_rating_owned","avg_rating_not_owned","avg_rating_prev_owned","avg_rating_comment","avg_rating_no_comment","no_ratings_owned","no_ratings_not_owned","no_ratings_prev_owned","no_ratings_comment","no_ratings_no_comment","cum_no_ratings","cum_no_ratings_owned","cum_no_ratings_not_owned","cum_no_ratings_prev_owned","cum_no_ratings_comment","cum_no_ratings_no_comment","cum_avg_rating","cum_avg_rating_owned","cum_avg_rating_not_owned","cum_avg_rating_prev_owned","cum_avg_rating_comment","cum_avg_rating_no_comment","month_after_release"
"1",2001,8,7.66666666666667,3,7.5,8,NA,NA,7.66666666666667,2,1,0,0,3,3,2,1,0,0,3,7.66666666666667,7.5,8,NA,NA,7.66666666666667,3
"2",2001,9,6,1,NA,6,NA,6,NA,0,1,0,1,0,4,2,2,0,1,3,7.25,7.5,7,NA,6,7.66666666666667,4
"3",2001,11,7.5,4,7.5,7.5,NA,9,7,2,2,0,1,3,8,4,4,0,2,6,7.375,7.5,7.25,NA,7.5,7.33333333333333,6
"4",2001,12,5,2,5,NA,NA,3,7,2,0,0,1,1,10,6,4,0,3,7,6.9,6.66666666666667,7.25,NA,6,7.28571428571429,7
"5",2002,1,9,1,9,NA,NA,NA,9,1,0,0,0,1,11,7,4,0,3,8,7.09090909090909,7,7.25,NA,6,7.5,8
"6",2002,2,9,2,9,NA,NA,10,8,2,0,0,1,1,13,9,4,0,4,9,7.38461538461539,7.44444444444444,7.25,NA,7,7.55555555555556,9
"7",2002,3,8,1,8,NA,NA,NA,8,1,0,0,0,1,14,10,4,0,4,10,7.42857142857143,7.5,7.25,NA,7,7.6,10
"8",2002,5,8,2,8,NA,NA,6,10,2,0,0,1,1,16,12,4,0,5,11,7.5,7.58333333333333,7.25,NA,6.8,7.81818181818182,12
"9",2002,6,7,5,8.25,2,NA,2,8.25,4,1,0,1,4,21,16,5,0,6,15,7.38095238095238,7.75,6.2,NA,6,7.93333333333333,13
"10",2002,7,8.66666666666667,3,9,8,NA,8,9,2,1,0,1,2,24,18,6,0,7,17,7.54166666666667,7.88888888888889,6.5,NA,6.28571428571429,8.05882352941176,14
"11",2002,8,8,1,NA,8,NA,8,NA,0,1,0,1,0,25,18,7,0,8,17,7.56,7.88888888888889,6.71428571428571,NA,6.5,8.05882352941176,15
"12",2002,9,7.5,2,7.5,NA,NA,8,7,2,0,0,1,1,27,20,7,0,9,18,7.55555555555556,7.85,6.71428571428571,NA,6.66666666666667,8,16
"13",2002,10,6.5,2,9,4,NA,NA,6.5,1,1,0,0,2,29,21,8,0,9,20,7.48275862068965,7.90476190476191,6.375,NA,6.66666666666667,7.85,17
"14",2002,11,8.125,4,8,8.5,NA,8.16666666666667,8,3,1,0,3,1,33,24,9,0,12,21,7.56060606060606,7.91666666666667,6.61111111111111,NA,7.04166666666667,7.85714285714286,18
"15",2002,12,9,2,9,NA,NA,NA,9,2,0,0,0,2,35,26,9,0,12,23,7.64285714285714,8,6.61111111111111,NA,7.04166666666667,7.95652173913043,19
"16",2003,1,6.75,4,7.33333333333333,5,NA,7.5,6,3,1,0,2,2,39,29,10,0,14,25,7.55128205128205,7.93103448275862,6.45,NA,7.10714285714286,7.8,20
"17",2003,2,9,2,9,NA,NA,NA,9,2,0,0,0,2,41,31,10,0,14,27,7.6219512195122,8,6.45,NA,7.10714285714286,7.88888888888889,21
"18",2003,3,7,3,6.5,8,NA,8,6.5,2,1,0,1,2,44,33,11,0,15,29,7.57954545454545,7.90909090909091,6.59090909090909,NA,7.16666666666667,7.79310344827586,22
"19",2003,4,7.66666666666667,3,7.66666666666667,NA,NA,8,7.5,3,0,0,1,2,47,36,11,0,16,31,7.58510638297872,7.88888888888889,6.59090909090909,NA,7.21875,7.7741935483871,23
"20",2003,5,8.33333333333333,6,8.25,8.5,9,8.2,9,4,2,1,5,1,53,40,13,1,21,32,7.66981132075472,7.925,6.88461538461539,9,7.45238095238095,7.8125,24
"21",2003,6,7.57142857142857,7,7.5,8,NA,8,7,6,1,0,4,3,60,46,14,1,25,35,7.65833333333333,7.8695652173913,6.96428571428571,9,7.54,7.74285714285714,25
"22",2003,7,7.09285714285714,35,7.48684210526316,6.625,5.5,7.28571428571429,7.04464285714286,19,16,2,7,28,95,65,30,3,32,63,7.45,7.75769230769231,6.78333333333333,6.66666666666667,7.484375,7.43253968253968,26
"23",2003,8,7.76923076923077,13,8.1,6.66666666666667,NA,8.16666666666667,7.65,10,3,0,3,10,108,75,33,3,35,73,7.48842592592593,7.80333333333333,6.77272727272727,6.66666666666667,7.54285714285714,7.46232876712329,27
"24",2003,9,7.35714285714286,14,7.45454545454545,7,NA,7.66666666666667,7.27272727272727,11,3,0,3,11,122,86,36,3,38,84,7.4733606557377,7.75872093023256,6.79166666666667,6.66666666666667,7.55263157894737,7.4375,28
"25",2003,10,8,4,7.66666666666667,9,NA,NA,8,3,1,0,0,4,126,89,37,3,38,88,7.49007936507936,7.75561797752809,6.85135135135135,6.66666666666667,7.55263157894737,7.46306818181818,29
"26",2003,11,7.78571428571429,7,7.78571428571429,NA,NA,8,7.625,7,0,0,3,4,133,96,37,3,41,92,7.50563909774436,7.7578125,6.85135135135135,6.66666666666667,7.58536585365854,7.47010869565217,30
"27",2003,12,6.84615384615385,13,7.875,5.2,NA,5.66666666666667,7.2,8,5,0,3,10,146,104,42,3,44,102,7.44691780821918,7.76682692307692,6.65476190476191,6.66666666666667,7.45454545454545,7.44362745098039,31
"28",2004,1,7.21428571428571,14,7.5,6.5,NA,8.5,7,10,4,0,2,12,160,114,46,3,46,114,7.4265625,7.74342105263158,6.64130434782609,6.66666666666667,7.5,7.3969298245614,32
"29",2004,2,7.18181818181818,11,7.375,6.66666666666667,NA,7.5,7.11111111111111,8,3,0,2,9,171,122,49,3,48,123,7.41081871345029,7.71926229508197,6.64285714285714,6.66666666666667,7.5,7.3760162601626,33
"30",2004,3,7.30769230769231,13,7.3,7.33333333333333,NA,8.25,6.88888888888889,10,3,0,4,9,184,132,52,3,52,132,7.40353260869565,7.6875,6.68269230769231,6.66666666666667,7.55769230769231,7.34280303030303,34
"31",2004,4,6.80769230769231,13,6.77272727272727,7,6,7.33333333333333,6.65,11,2,1,3,10,197,143,54,4,55,142,7.36421319796954,7.61713286713287,6.69444444444444,6.5,7.54545454545455,7.29401408450704,35
"32",2004,5,6.5,6,7.33333333333333,5.66666666666667,NA,6.33333333333333,6.66666666666667,3,3,0,3,3,203,146,57,4,58,145,7.33866995073892,7.61130136986301,6.64035087719298,6.5,7.48275862068965,7.28103448275862,36
"33",2004,6,6.91666666666667,12,7.44444444444444,5.33333333333333,NA,9,6.5,9,3,0,2,10,215,155,60,4,60,155,7.31511627906977,7.60161290322581,6.575,6.5,7.53333333333333,7.23064516129032,37
"34",2004,7,7.5,8,7.66666666666667,7,7,7.75,7.25,6,2,1,4,4,223,161,62,5,64,159,7.32174887892377,7.60403726708075,6.58870967741935,6.6,7.546875,7.2311320754717,38
"35",2004,8,6.73076923076923,13,7.35,4.66666666666667,NA,5.375,7.33333333333333,10,3,0,4,9,236,171,65,5,68,168,7.28919491525424,7.58918128654971,6.5,6.6,7.41911764705882,7.23660714285714,39
"36",2004,9,7.36111111111111,9,7.53125,6,NA,7.04166666666667,8,8,1,0,6,3,245,179,66,5,74,171,7.29183673469388,7.58659217877095,6.49242424242424,6.6,7.38851351351351,7.25,40
"37",2004,10,7.03333333333333,15,7.5,6.5,8,6.78571428571429,7.25,8,7,1,7,8,260,187,73,6,81,179,7.27692307692308,7.58288770053476,6.49315068493151,6.83333333333333,7.33641975308642,7.25,41
"38",2004,11,7.125,16,7.29166666666667,6.625,7.75,7.5,6.75,12,4,2,8,8,276,199,77,8,89,187,7.26811594202899,7.56532663316583,6.5,7.0625,7.35112359550562,7.22860962566845,42
"39",2004,12,7.07692307692308,13,7.2,6.66666666666667,7,7.42857142857143,6.66666666666667,10,3,1,7,6,289,209,80,9,96,193,7.25951557093426,7.54784688995215,6.50625,7.05555555555556,7.35677083333333,7.21113989637306,43
"40",2005,1,7,19,7.3,5.875,NA,6.58333333333333,7.19230769230769,15,4,0,6,13,308,224,84,9,102,206,7.24350649350649,7.53125,6.47619047619048,7.05555555555556,7.31127450980392,7.20995145631068,44
"41",2005,2,6.92631578947368,19,7.3,6.28571428571429,NA,7.2,6.72727272727273,12,7,0,8,11,327,236,91,9,110,217,7.22507645259939,7.51949152542373,6.46153846153846,7.05555555555556,7.30318181818182,7.18548387096774,45
"42",2005,3,7.44695454545455,22,7.83330769230769,6.88888888888889,NA,7.02775,7.95,13,9,0,12,10,349,249,100,9,122,227,7.23906303724928,7.53587550200803,6.5,7.05555555555556,7.27609016393443,7.21916299559471,46
"43",2005,4,7.075,20,7.10714285714286,7,3,7.28571428571429,6.96153846153846,14,6,1,7,13,369,263,106,10,129,240,7.23017073170732,7.51305323193916,6.52830188679245,6.65,7.27661240310078,7.20520833333333,47
"44",2005,5,7.3875,16,7.70769230769231,6,NA,7.525,7.25,13,3,0,8,8,385,276,109,10,137,248,7.23670909090909,7.52222101449275,6.51376146788991,6.65,7.29111678832117,7.20665322580645,48
"45",2005,6,7.14777777777778,18,7.17733333333333,7,8,7.266,7,15,3,1,10,8,403,291,112,11,147,256,7.23273697270471,7.50444329896907,6.52678571428571,6.77272727272727,7.28940816326531,7.2001953125,49
"46",2005,7,7.62941176470588,17,7.69285714285714,7.33333333333333,NA,8.18888888888889,7,14,3,0,9,8,420,305,115,11,156,264,7.24879285714286,7.51309180327869,6.54782608695652,6.77272727272727,7.34130128205128,7.19412878787879,50
"47",2005,8,7.6,20,7.93333333333333,6.6,NA,7.57142857142857,7.66666666666667,15,5,0,14,6,440,320,120,11,170,270,7.26475681818182,7.532790625,6.55,6.77272727272727,7.36025294117647,7.20462962962963,51
"48",2005,9,7.52840909090909,22,7.61184210526316,7,NA,7.27272727272727,7.78409090909091,19,3,0,11,11,462,339,123,11,181,281,7.27731168831169,7.53722123893805,6.5609756097561,6.77272727272727,7.35493370165746,7.22731316725979,52
"49",2005,10,7.44047619047619,21,7.640625,6.8,NA,7.75,7.28571428571429,16,5,0,7,14,483,355,128,11,188,295,7.28440579710145,7.54188169014084,6.5703125,6.77272727272727,7.36964361702128,7.23008474576271,53
"50",2005,11,7.40909090909091,22,8,6.14285714285714,NA,7.30769230769231,7.55555555555556,15,7,0,13,9,505,370,135,11,201,304,7.28983762376238,7.56045405405405,6.54814814814815,6.77272727272727,7.3656368159204,7.23972039473684,54
"51",2005,12,7.24090909090909,22,7.45625,6.66666666666667,6,7.125,7.30714285714286,16,6,2,8,14,527,386,141,13,209,318,7.28779506641366,7.55613471502591,6.5531914893617,6.65384615384615,7.35642583732058,7.24268867924528,55
"52",2006,1,7.3962962962963,27,7.84285714285714,5.83333333333333,NA,7.53684210526316,7.0625,21,6,0,19,8,554,407,147,13,228,326,7.29308303249097,7.57092874692875,6.52380952380952,6.65384615384615,7.37146052631579,7.23826687116564,56
"53",2006,2,7.21666666666667,30,7.55263157894737,6.63636363636364,6,7.19444444444444,7.25,19,11,1,18,12,584,426,158,14,246,338,7.28915753424657,7.57011267605634,6.53164556962025,6.60714285714286,7.3585081300813,7.23868343195266,57
"54",2006,3,6.87058823529412,17,7.06666666666667,6.4,6,6.725,7,12,5,1,8,9,601,438,163,15,254,347,7.27731780366056,7.5563196347032,6.52760736196319,6.56666666666667,7.33855511811024,7.23249279538905,58
"55",2006,4,7.16818181818182,11,7.42777777777778,6,NA,7.15,7.18333333333333,9,2,0,5,6,612,447,165,15,259,353,7.27535620915033,7.55373154362416,6.52121212121212,6.56666666666667,7.33491505791506,7.23165722379603,59
"56",2006,5,7.06818181818182,22,7.65384615384615,6.22222222222222,6,6.45,7.58333333333333,13,9,1,10,12,634,460,174,16,269,365,7.26816719242902,7.55656086956522,6.50574712643678,6.53125,7.3020185873606,7.24321917808219,60
"57",2006,6,7.57692307692308,13,7.8,6.83333333333333,6,7.78571428571429,7.33333333333333,10,3,1,7,6,647,470,177,17,276,371,7.27437094281298,7.56174042553191,6.51129943502825,6.5,7.31428623188406,7.24467654986523,61
"58",2006,7,6.7,40,7.21739130434783,6,6.16666666666667,7.11764705882353,6.39130434782609,23,17,3,17,23,687,493,194,20,293,394,7.24092867540029,7.54567545638945,6.46649484536082,6.45,7.3028771331058,7.19486040609137,62
"59",2006,8,7.09090909090909,22,7.60714285714286,6.1875,8,6.81818181818182,7.36363636363636,14,8,1,11,11,709,507,202,21,304,405,7.2362736248237,7.54737278106509,6.45544554455446,6.52380952380952,7.28533881578948,7.19944444444444,63
"60",2006,9,7.22222222222222,27,7.70588235294118,6.4,NA,7.375,7.1,17,10,0,12,15,736,524,212,21,316,420,7.23575815217391,7.55251526717557,6.45283018867925,6.52380952380952,7.28874367088608,7.19589285714286,64
"61",2006,10,7.15333333333333,30,7.13478260869565,7.21428571428571,NA,7.1875,7.11428571428571,23,7,0,16,14,766,547,219,21,332,434,7.23253002610966,7.53495063985375,6.47716894977169,6.52380952380952,7.28386445783133,7.19326036866359,65
"62",2006,11,6.82608695652174,23,6.66666666666667,7.4,NA,6.75,6.88461538461539,18,5,0,10,13,789,565,224,21,342,447,7.22068187579214,7.50728849557522,6.49776785714286,6.52380952380952,7.26825438596491,7.1842841163311,66
"63",2006,12,7.35526315789474,38,7.41666666666667,7.125,NA,7.45833333333333,7.30769230769231,30,8,0,12,26,827,595,232,21,354,473,7.22686577992745,7.50271932773109,6.51939655172414,6.52380952380952,7.274697740113,7.19106765327696,67
"64",2007,1,7.22132352941177,68,7.38877551020408,6.78947368421053,5.5,7.5,7.07888888888889,49,19,2,23,45,895,644,251,23,377,518,7.22644469273743,7.49404968944099,6.5398406374502,6.43478260869565,7.28844297082228,7.18132239382239,68
"65",2007,2,7.06206581395349,43,7.42592592592593,6.448051875,NA,7.82142857142857,6.69547689655172,27,16,0,14,29,938,671,267,23,391,547,7.21890920042644,7.4913084947839,6.53434018726592,6.43478260869565,7.30752685421995,7.15556458866545,69
"66",2007,3,7.125,28,7.55882352941176,6.45454545454545,NA,6.6875,7.3,17,11,0,8,20,966,688,278,23,399,567,7.21618719461698,7.49297674418605,6.53118284172662,6.43478260869565,7.29509523809524,7.16065931216931,70
"67",2007,4,7.2530612244898,49,7.621875,6.55882352941176,7,7.495,7.08620689655172,32,17,2,20,29,1015,720,295,25,419,596,7.21796732019704,7.49870555555555,6.53277569491525,6.48,7.30463723150358,7.15703662751678,71
"68",2007,5,6.91333333333333,45,7.11481481481481,6.61111111111111,8,7.13,6.74,27,18,1,20,25,1060,747,313,26,439,621,7.20503474528302,7.48482998661312,6.53728060702875,6.53846153846154,7.29668109339408,7.14024771336554,72
"69",2007,6,7.36136363636364,44,7.60416666666667,7.07,7,6.75,7.64666666666667,24,20,3,14,30,1104,771,333,29,453,651,7.21126524456522,7.48854474708171,6.56927576576577,6.58620689655172,7.27978587196468,7.16358499231951,73
"70",2007,7,7.11111111111111,36,7.60416666666667,6.125,6,7.32142857142857,6.97727272727273,24,12,1,14,22,1140,795,345,30,467,673,7.20810248245614,7.49203522012579,6.55382269565217,6.56666666666667,7.28103426124197,7.15749454680535,74
"71",2007,8,7.08108108108108,37,7.34615384615385,6.45454545454545,7.5,6.67857142857143,7.32608695652174,26,11,1,14,23,1177,821,356,31,481,696,7.20410945624469,7.48741534713764,6.55075514044944,6.59677419354839,7.26349896049896,7.16306584770115,75
"72",2007,9,6.9375,40,7.04347826086957,6.79411764705882,5.75,6.71428571428571,7.05769230769231,23,17,4,14,26,1217,844,373,35,495,722,7.19534661462613,7.47531753554502,6.56184672922252,6.5,7.24796565656566,7.15927123268698,76
"73",2007,10,6.69488888888889,45,6.70607142857143,6.67647058823529,7,6.74857142857143,6.67064516129032,28,17,2,14,31,1262,872,390,37,509,753,7.17750145007924,7.45061697247706,6.56684315384615,6.52702702702703,7.23422986247544,7.13915515272244,77
"74",2007,11,6.8359375,64,7.19444444444444,6.375,7.375,6.80769230769231,6.85526315789474,36,28,2,26,38,1326,908,418,39,535,791,7.16101570889894,7.44046035242291,6.55399241626794,6.57051282051282,7.21350093457944,7.12551685208597,78
"75",2007,12,7.19493670886076,79,7.5188679245283,6.53461538461538,6.5,7.2,7.19047619047619,53,26,2,37,42,1405,961,444,41,572,833,7.16292301067616,7.44478459937565,6.55285772522523,6.56707317073171,7.21262762237762,7.12879211284514,79
"76",2008,1,7.18719512195122,82,7.49454545454545,6.56111111111111,5.83333333333333,7.35882352941176,7.065625,55,27,3,34,48,1487,1016,471,44,606,881,7.16426148621385,7.44747834645669,6.5533308492569,6.51704545454545,7.2208300330033,7.12535054483541,80
"77",2008,2,6.69305555555556,72,7.24736842105263,6.07352941176471,6.16666666666667,6.98181818181818,6.44871794871795,38,34,3,33,39,1559,1054,505,47,639,920,7.14249957023733,7.44026375711575,6.52102738613861,6.49468085106383,7.20848669796557,7.09666720652174,81
"78",2008,3,7.1125,56,7.46764705882353,6.56363636363636,6.5,7.37096774193548,6.792,34,22,2,31,25,1615,1088,527,49,670,945,7.1414593374613,7.44111948529412,6.52280612903226,6.49489795918367,7.21600447761194,7.08860722751323,82
"79",2008,4,7.08220338983051,59,7.32948717948718,6.6,7,7.104,7.06617647058824,39,20,1,25,34,1674,1127,547,50,695,979,7.13937086618877,7.43725643300798,6.52562857404022,6.505,7.21197553956835,7.0878282226762,83
"80",2008,5,7.01,47,7.35185185185185,6.5485,6,6.98037037037037,7.05,27,20,2,27,20,1721,1154,567,52,722,999,7.13583778617083,7.4352582322357,6.52643532627866,6.48557692307692,7.20331440443213,7.0870709009009,84
"81",2008,6,7.29761904761905,42,7.36458333333333,7.20833333333333,6.66666666666667,7.45833333333333,7.17708333333333,24,18,3,18,24,1763,1178,585,55,740,1023,7.13969190584231,7.43381833616299,6.5474168034188,6.49545454545455,7.20951756756757,7.08918262952102,85
"82",2008,7,6.97916666666667,48,7.56666666666667,6,6,7.14583333333333,6.8125,30,18,5,24,24,1811,1208,603,60,764,1047,7.13543723357261,7.43711754966887,6.53107600331675,6.45416666666667,7.20751701570681,7.08284033428844,86
"83",2008,8,6.975,40,7.43478260869565,6.35294117647059,8,8.1875,6.671875,23,17,1,8,32,1851,1231,620,61,772,1079,7.13197019448946,7.43707392363932,6.52619166129032,6.47950819672131,7.21767227979275,7.07065229842447,87
"84",2008,9,7.06829268292683,41,7.33913043478261,6.72222222222222,8,7.16842105263158,6.98181818181818,23,18,2,19,22,1892,1254,638,63,791,1101,7.13059029069767,7.43527751196172,6.53172230407524,6.52777777777778,7.21648925410872,7.0688772297911,88
"85",2008,10,7.33152173913043,46,7.4296875,7.10714285714286,6.625,7.625,7.175,32,14,4,16,30,1938,1286,652,67,807,1131,7.13535956140351,7.43513841368585,6.5440779601227,6.53358208955224,7.22458859975217,7.07169215738285,89
"86",2008,11,7.05,48,7.41785714285714,6.535,6.125,6.88,7.12727272727273,28,20,4,15,33,1986,1314,672,71,822,1164,7.13329649043303,7.4347701674277,6.54380778273809,6.51056338028169,7.218300486618,7.073267895189,90
"87",2008,12,7.05531914893617,47,7.446875,6.22,6.5,7.1625,6.94347826086956,32,15,2,24,23,2033,1346,687,73,846,1187,7.13149376783079,7.43505794947994,6.53673774381368,6.51027397260274,7.21671749408983,7.07075301600674,91
"88",2009,1,6.85456790123457,81,7.02115384615385,6.55586206896552,5.83333333333333,6.86060606060606,6.85041666666667,52,29,6,33,48,2114,1398,716,79,879,1235,7.1208830794702,7.41966237482117,6.53751233240224,6.45886075949367,7.20334812286689,7.06218933603239,92
"89",2009,2,6.84247311827957,93,7.22021276595745,6.45652173913043,6.5,6.80555555555556,6.85133333333333,47,46,2,18,75,2207,1445,762,81,897,1310,7.10915125962845,7.41317508650519,6.53262313648294,6.45987654320988,7.19536566332218,7.05011742748092,93
"90",2009,3,6.7883908045977,87,7.30227272727273,6.26255813953488,5.5,6.94545454545455,6.73523076923077,44,43,6,22,65,2294,1489,805,87,919,1375,7.09698641238012,7.40989791806581,6.51819730434783,6.39367816091954,7.1893830250272,7.03523187636364,94
"91",2009,4,6.7961038961039,77,7.18604651162791,6.30294117647059,6.5,6.75333333333333,6.80645161290323,43,34,2,15,62,2371,1532,839,89,934,1437,7.08721502741459,7.40361488250653,6.5094741716329,6.39606741573034,7.1823800856531,7.02536105080028,95
"92",2009,5,6.53671875,64,6.93103448275862,6.21,6.875,7.23,6.22159090909091,29,35,4,20,44,2435,1561,874,93,954,1481,7.07274613141684,7.39483536194747,6.49748149885584,6.41666666666667,7.1833784067086,7.00148131667792,96
"93",2009,6,6.78358208955224,67,7.09090909090909,6.19565217391304,NA,6.775,6.78723404255319,44,23,0,20,47,2502,1605,897,93,974,1528,7.06500272981615,7.38650342679128,6.48974228539576,6.41666666666667,7.17499281314168,6.99489125,97
"94",2009,7,6.66875,48,6.97708333333333,6.36041666666667,6,6.43571428571429,6.76470588235294,24,24,2,14,34,2550,1629,921,95,988,1562,7.05754385490196,7.38047145488029,6.48637223669924,6.40789473684211,7.16451720647773,6.98988081306018,98
"95",2009,8,6.60192307692308,52,6.90322580645161,6.15714285714286,6.3,6.6875,6.56388888888889,31,21,5,16,36,2602,1660,942,100,1004,1598,7.04843844350499,7.37155903614458,6.47903272823779,6.4025,7.15691533864542,6.98028399874844,99
"96",2009,9,6.76269841269841,63,7.46470588235294,5.93965517241379,6.33333333333333,6.47368421052632,6.8875,34,29,3,19,44,2665,1694,971,103,1023,1642,7.04168361350844,7.37342857142857,6.46292361483007,6.4004854368932,7.14422580645161,6.97779770401949,100
"97",2009,10,7.025,74,7.44625,6.52941176470588,6.38888888888889,6.91,7.08367346938776,40,34,9,25,49,2739,1734,1005,112,1048,1691,7.04123286966046,7.37510841983852,6.46517296517413,6.39955357142857,7.13863835877863,6.98086565937315,101
"98",2009,11,6.91666666666667,66,7.36842105263158,6.30357142857143,6,6.53947368421053,7.06914893617021,38,28,4,19,47,2805,1772,1033,116,1067,1738,7.03830190017825,7.37496501128668,6.46079267182962,6.38577586206897,7.12796907216495,6.98325306674338,102
"99",2009,12,6.92569444444444,72,7.5,6.07413793103448,6.5,7.26785714285714,6.70795454545455,43,29,8,28,44,2877,1815,1062,124,1095,1782,7.03548377824122,7.37792727272727,6.45023430320151,6.39314516129032,7.13154611872146,6.97645557239057,103
"100",2010,1,6.76959459459459,74,7.11219512195122,6.34393939393939,6.64285714285714,6.74411764705882,6.77719298245614,41,33,7,17,57,2951,1856,1095,131,1112,1839,7.0288162758387,7.37205711206896,6.44703089497717,6.40648854961832,7.12562320143885,6.97027940728657,104
"101",2010,2,7.0609756097561,41,7.20454545454545,6.89473684210526,7.46,7.1,7.05151515151515,22,19,5,8,33,2992,1878,1114,136,1120,1872,7.02925696189839,7.37009478168264,6.45466681328546,6.44522058823529,7.12544017857143,6.97171144764957,105
"102",2010,3,7.11627906976744,43,7.50909090909091,6.7047619047619,5.75,7.07142857142857,7.125,22,21,4,7,36,3035,1900,1135,140,1127,1908,7.03048989456342,7.37170421052632,6.45929412334802,6.42535714285714,7.12510470275066,6.97460368448637,106
"103",2010,4,6.892,45,7.42333333333333,6.42708333333333,7.66666666666667,7.4,6.74685714285714,21,24,3,10,35,3080,1921,1159,143,1137,1943,7.02846650324675,7.37226861009891,6.45862711820535,6.4513986013986,7.12752242744063,6.97050119917653,107
"104",2010,5,6.81630434782609,46,7.23913043478261,6.39347826086957,6,6.78125,6.835,23,23,3,16,30,3126,1944,1182,146,1153,1973,7.02534447536788,7.37069341563786,6.45735941624366,6.44212328767123,7.1227172593235,6.96844086670046,108
"105",2010,6,6.86842105263158,38,6.96296296296296,6.63636363636364,5.5,6.9,6.85714285714286,27,11,2,10,28,3164,1971,1193,148,1163,2001,7.02345980720607,7.36510806697108,6.4590099161777,6.42939189189189,7.12080223559759,6.96688347326337,109
"106",2010,7,6.6725,40,7.34347826086957,5.76470588235294,5.4,7.17142857142857,6.40384615384615,23,17,5,14,26,3204,1994,1210,153,1177,2027,7.01907828651685,7.36485857572718,6.44925523140496,6.39575163398693,7.12140441801189,6.95966148495313,110
"107",2010,8,7.02222222222222,54,7.38125,6.5,6,7.03888888888889,7.01388888888889,32,22,4,18,36,3258,2026,1232,157,1195,2063,7.01913039594843,7.36511747285291,6.45016138798701,6.38566878980892,7.12016150627615,6.96060777023752,111
"108",2010,9,6.74318181818182,44,6.91153846153846,6.5,5,6.5625,6.84642857142857,26,18,2,16,28,3302,2052,1250,159,1211,2091,7.01545331011508,7.35937037037037,6.450879064,6.36823899371069,7.11279355904211,6.95907882831181,112
"109",2010,10,6.82629032258065,62,7.03235294117647,6.57607142857143,5.8,6.43888888888889,6.98477272727273,34,28,5,18,44,3364,2086,1278,164,1229,2135,7.0119669530321,7.35404026845638,6.45362193270736,6.35091463414634,7.10292351505289,6.95960835128806,113
"110",2010,11,6.82948717948718,78,7.34545454545455,6.45111111111111,6.4375,7.09523809523809,6.73157894736842,33,45,8,21,57,3442,2119,1323,172,1250,2192,7.00783173445671,7.35390655969797,6.45353653061225,6.35494186046512,7.1027944,6.95367875456204,114
"111",2010,12,6.85070422535211,71,7.12692307692308,6.5140625,6.42857142857143,6.94117647058824,6.82222222222222,39,32,7,17,54,3513,2158,1355,179,1267,2246,7.00465608596641,7.34980444856348,6.45496592619926,6.35782122905028,7.10062588792423,6.95051817898486,115
"112",2011,1,6.84615384615385,78,7.12,6.55789473684211,6.3,6.59090909090909,6.88805970149254,40,38,5,11,67,3591,2198,1393,184,1278,2313,7.00121326371484,7.34562238398544,6.45777374730797,6.35625,7.0962386541471,6.94870896238651,116
"113",2011,2,6.84571428571429,70,7.18372093023256,6.30740740740741,6.625,7.06923076923077,6.71363636363636,43,27,4,26,44,3661,2241,1420,188,1304,2357,6.99824005189839,7.34251584114235,6.45491466901409,6.36196808510638,7.09570015337423,6.94432067458634,117
"114",2011,3,6.83460317460318,63,7.40486486486486,6.02307692307692,5.66666666666667,7.02142857142857,6.78122448979592,37,26,3,14,49,3724,2278,1446,191,1318,2406,6.99547175886144,7.34352853380158,6.4471499515906,6.35104712041885,7.09491122913505,6.94099909808811,118
"115",2011,4,6.86176470588235,34,7.51875,6.27777777777778,6.5,6.64,6.9,16,18,1,5,29,3758,2294,1464,192,1323,2435,6.99426206226716,7.34475065387969,6.4450675068306,6.35182291666667,7.09319198790627,6.94051081314168,119
"116",2011,5,6.91931818181818,44,7.10652173913043,6.71428571428571,5,7.09545454545455,6.86060606060606,23,21,1,11,33,3802,2317,1485,193,1334,2468,6.99339474750131,7.34238584376349,6.44887463299663,6.34481865284974,7.09321064467766,6.93944239465154,120
"117",2011,6,6.94125454545455,55,7.12936363636364,6.65909090909091,5.75,7.0846,6.8875,33,22,2,15,40,3857,2350,1507,195,1349,2508,6.99265123930516,7.33939446808511,6.45194348374254,6.33871794871795,7.09311489992587,6.93861396730462,121
"118",2011,7,7.08617021276596,47,7.295,6.71764705882353,6.33333333333333,7.22916666666667,7.03714285714286,30,17,3,12,35,3904,2380,1524,198,1361,2543,6.99377710809426,7.33883487394958,6.45490736876641,6.33863636363636,7.09431447465099,6.93997004718836,122
"119",2011,8,6.7089552238806,67,7.32142857142857,6.26923076923077,6.33333333333333,6.36666666666667,6.80769230769231,28,39,6,15,52,3971,2408,1563,204,1376,2595,6.98897150088139,7.33863247508306,6.45027436340371,6.33848039215686,7.08638226744186,6.93731939499037,123
"120",2011,9,6.85,48,7.49047619047619,6.35185185185185,6,6.66666666666667,6.91111111111111,21,27,6,12,36,4019,2429,1590,210,1388,2631,6.98731172679771,7.33994524495677,6.44860303773585,6.32880952380952,7.08275360230547,6.93696078677309,124
"121",2011,10,7.05169491525424,59,7.35441176470588,6.64,5,6.525,7.15918367346939,34,25,2,10,49,4078,2463,1615,212,1398,2680,6.98824321481118,7.34014494518879,6.45156583900929,6.31627358490566,7.07876394849785,6.94102381716418,125
"122",2011,11,6.77179487179487,78,7.33333333333333,6.21025641025641,5.5,6.9,6.74615384615385,39,39,5,13,65,4156,2502,1654,217,1411,2745,6.98418090230991,7.34003876898481,6.44587595525998,6.29746543778802,7.0771169383416,6.93640940983606,126
"123",2011,12,6.975,56,7.27073170731707,6.16666666666667,5,7,6.965,41,15,1,16,40,4212,2543,1669,218,1427,2785,6.98405883903134,7.33892135273299,6.44336658478131,6.29151376146789,7.07625227750525,6.93682004667863,127
"124",2012,1,6.89415584415584,77,7.35853658536585,6.36527777777778,6.71,6.93409090909091,6.87818181818182,41,36,5,22,55,4289,2584,1705,223,1449,2840,6.9824448193052,7.33923258513932,6.44171778885631,6.30089686098655,7.07409385783299,6.9356844471831,128
"125",2012,2,6.96666666666667,51,6.98275862068965,6.94545454545455,6,6.83333333333333,6.9952380952381,29,22,1,9,42,4340,2613,1727,224,1458,2882,6.9822594078341,7.33527631075392,6.44813481760278,6.29955357142857,7.07260768175583,6.9365523351839,129
"126",2012,3,6.67916666666667,48,6.87,6.36111111111111,7,6.46666666666667,6.75,30,18,1,12,36,4388,2643,1745,225,1470,2918,6.97894389927074,7.32999508134695,6.44723715186247,6.30266666666667,7.06766122448979,6.93425079849212,130
"127",2012,4,6.7047619047619,42,6.93809523809524,6.47142857142857,6.75,6.68888888888889,6.70909090909091,21,21,2,9,33,4430,2664,1766,227,1479,2951,6.97634443115124,7.32690578078078,6.44752481879955,6.30660792951542,7.06535632183908,6.93173291426635,131
"128",2012,5,6.64042553191489,47,6.89032258064516,6.15625,7,6.86363636363636,6.57222222222222,31,16,4,11,36,4477,2695,1782,231,1490,2987,6.97281792048246,7.32188385899814,6.44490955667789,6.31861471861472,7.06386711409396,6.92740001004352,132
"129",2012,6,7.16522727272727,44,7.28777777777778,6.97058823529412,NA,7.187,7.15882352941177,27,17,0,10,34,4521,2722,1799,231,1500,3021,6.9746905175846,7.32154555473916,6.44987705947749,6.31861471861472,7.064688,6.93000457795432,133
"130",2012,7,6.8325,44,7.13035714285714,6.31125,6.66666666666667,6.65882352941177,6.94185185185185,28,16,3,17,27,4565,2750,1815,234,1517,3048,6.97332000657174,7.31959890909091,6.44865500275482,6.32307692307692,7.0601397495056,6.93010952427821,134
"131",2012,8,6.70566037735849,53,7.153125,6.02380952380952,4.66666666666667,6.60714285714286,6.74102564102564,32,21,3,14,39,4618,2782,1836,237,1531,3087,6.97024812256388,7.31768404025881,6.4437956590414,6.30210970464135,7.05599738732854,6.92772070942663,135
"132",2012,9,6.89736842105263,38,7.71578947368421,6.07894736842105,6.6,7.25384615384615,6.712,19,19,5,13,25,4656,2801,1855,242,1544,3112,6.96965331400343,7.32038450553374,6.44005866846361,6.30826446280992,7.05766321243523,6.92598773457583,136
"133",2012,10,6.894,50,7.28260869565217,6.56296296296296,6.75,7.02,6.8625,23,27,4,10,40,4706,2824,1882,246,1554,3152,6.96884951763706,7.32007684135977,6.44182190754517,6.31544715447154,7.05742084942085,6.92518205266497,137
"134",2012,11,6.95217391304348,46,7.19666666666667,6.49375,7,6.75,7.00833333333333,30,16,4,10,36,4752,2854,1898,250,1564,3188,6.96868809553872,7.31877960756832,6.44225965753425,6.3264,7.05545524296675,6.92612102572145,138
"135",2012,12,6.94423076923077,52,7.48787878787879,6,5,6.36363636363636,7.1,33,19,5,11,41,4804,2887,1917,255,1575,3229,6.96842336178185,7.32071250432975,6.43787628064685,6.30039215686274,7.05062349206349,6.92832884174667,139
"136",2013,1,6.92615384615385,65,7.3030303030303,6.5375,6.5,6.83333333333333,6.96170212765957,33,32,4,18,47,4869,2920,1949,259,1593,3276,6.96785907373177,7.32051267123288,6.43951197024115,6.3034749034749,7.04816823603264,6.92880764041514,140
"137",2013,2,6.89137931034483,58,7.08928571428571,6.70666666666667,6.5,6.41666666666667,6.94615384615385,28,30,4,6,52,4927,2948,1979,263,1599,3328,6.96695876395372,7.31831648575305,6.4435618140475,6.306463878327,7.04579862414009,6.92907867487981,141
"138",2013,3,6.644,50,7.06818181818182,6.31071428571429,5.33333333333333,6.3,6.79142857142857,22,28,3,15,35,4977,2970,2007,266,1614,3363,6.96371425155716,7.31646363636364,6.44170843547584,6.29548872180451,7.03886741016109,6.92764609872138,142
"139",2013,4,6.87635135135135,74,7.3125,6.46315789473684,7.5,6.89772727272727,6.86730769230769,36,38,2,22,52,5051,3006,2045,268,1636,3415,6.96243433577509,7.31641616766467,6.44210700733497,6.3044776119403,7.03696943765281,6.92672732942899,143
"140",2013,5,6.91,50,7.22647058823529,6.2375,4,6.82307692307692,6.94054054054054,34,16,1,13,37,5101,3040,2061,269,1649,3452,6.96192037443638,7.31541019736842,6.44051859776808,6.29591078066914,7.03528320194057,6.92687538528389,144
"141",2013,6,6.78404255319149,47,6.91851851851852,6.6025,6,6.22307692307692,6.99852941176471,27,20,2,13,34,5148,3067,2081,271,1662,3486,6.96029639277389,7.31191620476035,6.44207536280634,6.29372693726937,7.0289302045728,6.92757424842226,145
"142",2013,7,6.86936170212766,47,7.18903225806452,6.25,7.25,6.85111111111111,6.87368421052632,31,16,2,9,38,5195,3098,2097,273,1671,3524,6.95947369201155,7.31068657198192,6.44060983786362,6.3007326007326,7.02797247157391,6.92699314131668,146
"143",2013,8,6.7152380952381,63,7.01647058823529,6.36206896551724,7.125,7.84555555555556,6.52685185185185,34,29,6,9,54,5258,3132,2126,279,1680,3578,6.95654732407759,7.30749265644955,6.4395384901223,6.31845878136201,7.03235238095238,6.92095411682504,147
"144",2013,9,6.82127659574468,47,7.31538461538462,6.20952380952381,5.5,6.78571428571429,6.83636363636364,26,21,2,14,33,5305,3158,2147,281,1694,3611,6.95534888407163,7.30755763141229,6.43728869585468,6.31263345195729,7.03031404958678,6.92018106618665,148
"145",2013,10,7.00576923076923,52,7.3551724137931,6.56521739130435,5.5,6.90909090909091,7.03170731707317,29,23,4,11,41,5357,3187,2170,285,1705,3652,6.95583831062161,7.30799090053342,6.43864462211982,6.30122807017544,7.02953196480938,6.9214331407448,149
"146",2013,11,7.1135593220339,59,7.35675675675676,6.70454545454545,6,7.28333333333333,7.07021276595745,37,22,2,12,47,5416,3224,2192,287,1717,3699,6.95755646787296,7.30855055831266,6.44131333485402,6.29912891986063,7.03130576587071,6.92332355501487,150
"147",2013,12,6.8125,60,7.13709677419355,6.46551724137931,6.35714285714286,6.78571428571429,6.81603773584906,31,29,7,7,53,5476,3255,2221,294,1724,3752,6.95596709824689,7.30691766513057,6.44162936965331,6.30051020408163,7.03030858468678,6.92180805703625,151
"148",2014,1,7.19533333333333,75,7.63076923076923,6.21086956521739,6.5,7.57894736842105,7.06517857142857,52,23,2,19,56,5551,3307,2244,296,1743,3808,6.95920119437939,7.31200997883278,6.43926418449198,6.30185810810811,7.03628915662651,6.92391644695378,152
"149",2014,2,6.91363636363636,66,7.01842105263158,6.77142857142857,7.11111111111111,7.27777777777778,6.85614035087719,38,28,9,9,57,5617,3345,2272,305,1752,3865,6.95866580559017,7.30867473841555,6.4433577596831,6.32573770491803,7.0375296803653,6.92291690297542,153
"150",2014,3,7.1,48,7.20322580645161,6.91176470588235,6.66666666666667,6.3125,7.2575,31,17,3,8,40,5665,3376,2289,308,1760,3905,6.95986334157105,7.30770645734597,6.44683653560507,6.32905844155844,7.03423409090909,6.92634413060179,154
"151",2014,4,6.65274576271186,59,7.03928571428571,6.30361290322581,5.825,6.83529411764706,6.57885714285714,28,31,4,17,42,5724,3404,2320,312,1777,3947,6.95669773410202,7.30549853113983,6.44492277155173,6.32259615384615,7.03233089476646,6.92264652394223,155
"152",2014,5,7.0805,60,7.29575,6.65,6.25,7.65384615384615,6.92191489361702,40,20,2,13,47,5784,3444,2340,314,1790,3994,6.95798198997234,7.30538530778165,6.44667556837607,6.32213375796178,7.03684469273743,6.92263791437156,156
"153",2014,6,6.84222222222222,45,7.30322580645161,5.82142857142857,4,6.75714285714286,6.85789473684211,31,14,1,7,38,5829,3475,2354,315,1797,4032,6.95708832218219,7.30536604316547,6.44295702209006,6.3147619047619,7.035755147468,6.92202773561508,157
"154",2014,7,7.01911764705882,68,7.35294117647059,6.68529411764706,7.07,6.57058823529412,7.16862745098039,34,34,10,17,51,5897,3509,2388,325,1814,4083,6.95780360013566,7.30582701624394,6.44640738274707,6.338,7.03139581036384,6.92510796718099,158
"155",2014,8,6.90013888888889,72,7.58809523809524,5.937,7,7.39333333333333,6.77035087719298,42,30,1,15,57,5969,3551,2418,326,1829,4140,6.95710802982074,7.30916558715855,6.44008719189413,6.34003067484662,7.03436413340623,6.92297725362319,159
"156",2014,9,6.45423728813559,59,6.94827586206897,5.97666666666667,7.075,6.20833333333333,6.51702127659574,29,30,4,12,47,6028,3580,2448,330,1841,4187,6.95218610318513,7.30624217877095,6.43440801879085,6.34893939393939,7.02897990222705,6.91842030809649,160
"157",2014,10,6.84567901234568,81,7.08235294117647,6.44333333333333,5.26666666666667,7.46666666666667,6.70454545454545,51,30,3,15,66,6109,3631,2478,333,1856,4253,6.9507739122606,7.30309749380336,6.43451607344633,6.33918918918919,7.03251724137931,6.91510130025864,161
"158",2014,11,6.71779411764706,68,6.86142857142857,6.56545454545455,7.36,7.41625,6.50288461538462,35,33,5,16,52,6177,3666,2511,338,1872,4305,6.94820913550267,7.29888079650846,6.43623688968539,6.3542899408284,7.03579700854701,6.91012214401858,162
"159",2014,12,7.02059701492537,67,7.32408163265306,6.19444444444444,5,6.86285714285714,7.0622641509434,49,18,5,14,53,6244,3715,2529,343,1886,4358,6.94898587924407,7.2992131897712,6.43451594701463,6.33454810495627,7.03451325556734,6.9119724254245,163
"160",2015,1,6.99890243902439,82,7.08647058823529,6.85483870967742,7.41666666666667,7.1,6.98486111111111,51,31,6,10,72,6326,3766,2560,349,1896,4430,6.94963291653493,7.2963321826872,6.43960579296875,6.35315186246418,7.03485864978903,6.91315707223476,164
"161",2015,2,6.82493150684931,73,7.4395652173913,5.77777777777778,6.27777777777778,7.54,6.59090909090909,46,27,9,18,55,6399,3812,2587,358,1914,4485,6.94821031879981,7.29806059811123,6.43269842674913,6.35125698324022,7.0396091954023,6.90920531326644,165
"162",2015,3,6.86935897435897,78,7.26666666666667,6.578,6.04166666666667,7.4125,6.77060606060606,33,45,6,12,66,6477,3845,2632,364,1926,4551,6.94726074262776,7.29779115734721,6.43518268617022,6.34615384615385,7.04193250259605,6.90719530432872,166
"163",2015,4,6.80972222222222,72,7.37073170731707,6.06774193548387,5.8,6.82727272727273,6.80655737704918,41,31,5,11,61,6549,3886,2663,369,1937,4612,6.94574863795999,7.29856073082862,6.43090530604581,6.33875338753388,7.04071347444502,6.90586423026886,167
"164",2015,5,6.565,60,7.215625,5.82142857142857,5.61666666666667,6.69166666666667,6.53333333333333,32,28,6,12,48,6609,3918,2691,375,1949,4660,6.94229200030262,7.29788335885656,6.4245636677815,6.3272,7.0385643919959,6.90202700214592,168
"165",2015,6,6.87134328358209,67,7.05972222222222,6.65258064516129,6.99,6.70928571428571,6.91415094339623,36,31,7,14,53,6676,3954,2722,382,1963,4713,6.94157996255243,7.29571497218007,6.42716048126378,6.33934554973822,7.03621599592461,6.9021633418205,169
"166",2015,7,6.51964285714286,56,7.1375,6.05625,6.16666666666667,6.97,6.42173913043478,24,32,6,10,46,6732,3978,2754,388,1973,4759,6.93807008764112,7.29476043237808,6.42285070079884,6.33667525773196,7.0358803852002,6.89751961126287,170
"167",2015,8,6.48253968253968,63,7.10689655172414,5.95,5.73333333333333,6.27272727272727,6.52692307692308,29,34,3,11,52,6795,4007,2788,391,1984,4811,6.93384662693157,7.29340079860245,6.41708422883788,6.33204603580563,7.03164919354839,6.89351399501143,171
"168",2015,9,6.6134328358209,67,6.875,6.30967741935484,5.375,6.16666666666667,6.68275862068965,36,31,4,9,58,6862,4043,2819,395,1993,4869,6.93071813319732,7.28967524115756,6.41590309684285,6.32235443037975,7.02774310085299,6.89100345656192,172
"169",2015,10,7.07903225806452,62,7.375,6.76333333333333,6,7.16666666666667,7.06964285714286,32,30,1,6,56,6924,4075,2849,396,1999,4925,6.9320461915078,7.29034527607362,6.41956154089154,6.3215404040404,7.02816008004002,6.89303468629442,173
"170",2015,11,7.02357142857143,70,7.46216216216216,6.53181818181818,7.1875,7.04705882352941,7.01603773584906,37,33,4,17,53,6994,4112,2882,400,2016,4978,6.93296222905347,7.29189129377432,6.4208469222762,6.3302,7.02831944444444,6.89434428083568,174
"171",2015,12,6.94175824175824,91,7.30196078431373,6.4825,6,8.1,6.71315789473684,51,40,5,15,76,7085,4163,2922,405,2031,5054,6.93307520536344,7.29201465289455,6.42169090691307,6.32612345679012,7.03623436730675,6.89161967352592,175
"172",2016,1,6.96923076923077,91,7.32622950819672,6.24333333333333,6.5,6.60714285714286,7.03506493506494,61,30,3,14,77,7176,4224,2952,408,2045,5131,6.93353369983277,7.2925087594697,6.4198783299458,6.32740196078431,7.03329682151589,6.89377233092964,176
"173",2016,2,6.61615384615385,65,7.32142857142857,5.79333333333333,5.97777777777778,6.93333333333333,6.54433962264151,35,30,9,12,53,7241,4259,2982,417,2057,5184,6.93068468857892,7.29274641934727,6.41357506036217,6.31985611510791,7.03271366067088,6.8901998128858,177
"174",2016,3,6.86164383561644,73,7.14722222222222,6.58378378378378,7,7.66666666666667,6.7484375,36,37,4,9,64,7314,4295,3019,421,2066,5248,6.929995601586,7.29152665890571,6.41566108976482,6.32631828978622,7.03547531461762,6.88847100419207,178
"175",2016,4,7.00044117647059,68,7.11765957446809,6.73809523809524,7.33333333333333,7.20833333333333,6.95589285714286,47,21,3,12,56,7382,4342,3040,424,2078,5304,6.93064451774587,7.28964463380931,6.41788843092105,6.33344339622641,7.03647353224254,6.88918284879336,179
"176",2016,5,6.85483870967742,62,7.34146341463415,5.90476190476191,6.75,7.5,6.77272727272727,41,21,2,7,55,7444,4383,3061,426,2085,5359,6.93001314212789,7.29012936344969,6.41436812479582,6.33539906103286,7.03802973621103,6.88798765254711,180
"177",2016,6,6.93857142857143,70,7.28157894736842,6.53125,6.2,7.24545454545455,6.88135593220339,38,32,5,11,59,7514,4421,3093,431,2096,5418,6.93009287064147,7.29005586971274,6.41557737795021,6.3338283062645,7.03911832061069,6.88791543558508,181
"178",2016,7,6.88114754098361,61,7.55434782608696,6.47368421052632,7,7.33333333333333,6.77040816326531,23,38,3,12,49,7575,4444,3131,434,2108,5467,6.92969872343234,7.29142371737174,6.41628260300224,6.3384331797235,7.04079316888046,6.8868622334004,182
"179",2016,8,6.78544303797468,79,7.08981481481482,6.128,2,6.76,6.79406779661017,54,25,1,20,59,7654,4498,3156,435,2128,5526,6.92820980271753,7.28900333481548,6.413998995564,6.32845977011494,7.03815413533835,6.88587148570394,183
"180",2016,9,6.6672131147541,61,6.968,6.45833333333333,6.24,6.41666666666667,6.72857142857143,25,36,5,12,49,7715,4523,3192,440,2140,5575,6.92614618664938,7.28722905151448,6.41449900689223,6.32745454545454,7.03466915887851,6.88448893811659,184
"181",2016,10,6.73516483516484,91,7.05909090909091,6.24027777777778,6.64285714285714,6.21052631578947,6.87361111111111,55,36,7,19,72,7806,4578,3228,447,2159,5647,6.92391978349987,7.2844882044561,6.41255601920694,6.3323937360179,7.02741639647985,6.88435024437754,185
"182",2016,11,6.62679487179487,78,7.02127659574468,6.02870967741935,7,7.03571428571429,6.53734375,47,31,2,14,64,7884,4625,3259,449,2173,5711,6.92098019152714,7.28181340540541,6.40890482663394,6.33536748329621,7.02746985734008,6.88046153563299,186
"183",2016,12,6.87623456790123,81,7.15196078431373,6.4075,6.7,7.31923076923077,6.79154411764706,51,30,5,13,68,7965,4676,3289,454,2186,5779,6.92052515128688,7.28039713430282,6.40889201276984,6.33938325991189,7.02920494053065,6.87941526734729,187
"184",2017,1,6.95181818181818,110,7.34571428571429,6.2625,6.66666666666667,7.1,6.92282608695652,70,40,3,18,92,8075,4746,3329,457,2204,5871,6.92095143405573,7.28136051411715,6.40713302192851,6.34153172866521,7.0297831215971,6.88009552546414,188
"185",2017,2,6.74550561797753,89,7.15283018867925,6.14583333333333,5.84444444444444,6.97142857142857,6.70333333333333,53,36,9,14,75,8164,4799,3365,466,2218,5946,6.91903880818226,7.27994102938112,6.4043375423477,6.3319313304721,7.02941478809738,6.8778659317188,189
"186",2017,3,6.8012987012987,77,7.17111111111111,6.28125,6.16666666666667,7.33333333333333,6.73088235294118,45,32,6,9,68,8241,4844,3397,472,2227,6014,6.91793870040043,7.27893001651528,6.40317804827789,6.32983050847457,7.03064301751235,6.87620399567675,190
"187",2017,4,6.86613636363636,88,7.16964285714286,6.335,6.125,7.68181818181818,6.74961038961039,56,32,4,11,77,8329,4900,3429,476,2238,6091,6.91739138311922,7.27768102040816,6.40254179935841,6.32810924369748,7.0338436103664,6.87460364964702,191
"188",2017,5,7.09388888888889,90,7.45566037735849,6.57567567567568,6,7.16363636363636,7.08417721518987,53,37,5,11,79,8419,4953,3466,481,2249,6170,6.91927816011403,7.27958550373511,6.40439002596653,6.32469854469854,7.03447843485994,6.87728700648298,192
"189",2017,6,7.01791044776119,67,7.41315789473684,6.5,6.5,6.72222222222222,7.06379310344828,38,29,2,9,58,8486,4991,3495,483,2258,6228,6.92005689724251,7.28060248447205,6.40518335622318,6.32542443064182,7.03323383525244,6.87902389691715,193
"190",2017,7,7.02714285714286,77,7.34239130434783,6.55935483870968,8,6.52083333333333,7.12061538461538,46,31,1,12,65,8563,5037,3526,484,2270,6293,6.92101983300245,7.2811667659321,6.40653880601248,6.32888429752066,7.03052511013216,6.88151928015255,194
"191",2017,8,6.88295454545455,88,7.10204081632653,6.60769230769231,5.83333333333333,6.75,6.89625,49,39,3,8,80,8651,5086,3565,487,2278,6373,6.9206326239741,7.27944101454974,6.40873936325386,6.32583162217659,7.02953994732221,6.88170419425702,195
"192",2017,9,6.79583333333333,72,7.05,6.54166666666667,6.38,5.95454545454545,6.94754098360656,36,36,5,11,61,8723,5122,3601,492,2289,6434,6.91960252550728,7.27782838734869,6.41006826714801,6.32638211382114,7.02437396242901,6.88232838514143,196
"193",2017,10,6.57926829268293,82,7.06666666666667,5.98648648648649,7,6.75,6.54411764705882,45,37,4,14,68,8805,5167,3638,496,2303,6502,6.91643303009653,7.27598935552545,6.40576026113249,6.33181451612903,7.02270603560573,6.87879126884035,197
"194",2017,11,6.75511363636364,88,7.04387755102041,6.39230769230769,6.83333333333333,7,6.70069444444444,49,39,3,16,72,8893,5216,3677,499,2319,6574,6.91483670639829,7.27380885736196,6.40561757682894,6.33482965931864,7.02254937473049,6.8768407103742,198
"195",2017,12,7.15740740740741,81,7.64090909090909,6.58243243243243,6.9,8.01666666666667,7.00797101449275,44,37,5,12,69,8974,5260,3714,504,2331,6643,6.91702616781814,7.27687965779468,6.40737906031233,6.34043650793651,7.0276670956671,6.87820274424206,199
"196",2018,1,6.82474782608696,115,7.19665789473684,6.1,7,6.64117647058824,6.85659183673469,76,39,4,17,98,9089,5336,3753,508,2348,6741,6.91585860160633,7.27573706896552,6.40418487343459,6.34562992125984,7.02486882453152,6.87788856697819,200
"197",2018,2,7.02195121951219,82,7.16938775510204,6.8030303030303,5.5,6.11111111111111,7.13424657534247,49,33,1,9,73,9171,5385,3786,509,2357,6814,6.91680719986915,7.27476935933148,6.40766133914422,6.34396856581532,7.02137971998303,6.8806349911946,201
"198",2018,3,6.84354838709677,62,7.43870967741935,6.24838709677419,6.33333333333333,8,6.78474576271186,31,31,3,3,59,9233,5416,3817,512,2360,6873,6.91631526372793,7.27570771787297,6.40636778359969,6.34390625,7.02262372881356,6.87981184781027,202
"199",2018,4,6.81621621621622,74,7.05897435897436,6.54571428571429,6.6,6.62666666666667,6.86440677966102,39,35,5,15,59,9307,5455,3852,517,2375,6932,6.91551937573869,7.27415820348304,6.40763391225337,6.3463829787234,7.02012294736842,6.87968073139065,203
"200",2018,5,7.02118552631579,76,7.40437708333333,6.36428571428571,7.66666666666667,6.44444444444444,7.09865820895522,48,28,3,9,67,9383,5503,3880,520,2384,6999,6.91637524565704,7.27529403961476,6.40732109020619,6.354,7.01794966442953,6.88177695813687,204
"201",2018,6,7.06372783333333,60,7.52839057142857,6.4132,6.5,7.74444444444444,6.94360137254902,35,25,2,9,51,9443,5538,3905,522,2393,7050,6.91731151117229,7.27689360238353,6.40735872727273,6.35455938697318,7.02068198913498,6.88222419858156,205
"202",2018,7,7.00819672131148,61,7.76666666666667,6.11428571428571,7.5,7.03333333333333,7,33,28,2,15,46,9504,5571,3933,524,2408,7096,6.91789484427609,7.27979478908634,6.40527226798881,6.35893129770992,7.02076079734219,6.8829876832018,206
"203",2018,8,6.65135135135135,74,7.34848484848485,6.09024390243902,6.08,6.33333333333333,6.69538461538462,33,41,5,9,65,9578,5604,3974,529,2417,7161,6.91583551889747,7.28019928087081,6.40202210115752,6.35629489603024,7.0182010757137,6.88128482055579,207
"204",2018,9,6.82432432432432,74,7.27272727272727,6.16666666666667,5,6.36363636363636,6.90476190476191,44,30,4,11,63,9652,5648,4004,533,2428,7224,6.915133920431,7.28014107117564,6.4002586988012,6.34611632270169,7.01523558484349,6.88148956256921,208
"205",2018,10,6.69146341463415,82,6.96170212765957,6.32857142857143,5,6.74615384615385,6.68115942028986,47,35,3,13,69,9734,5695,4039,536,2441,7293,6.9132497020752,7.27751304126427,6.39963749195345,6.33858208955224,7.01380253994265,6.87959421362951,209
"206",2018,11,7.15614457831325,83,7.46,6.52592592592593,6,7.38888888888889,7.12783783783784,56,27,4,9,74,9817,5751,4066,540,2450,7367,6.91530331058368,7.27928999652235,6.40047610181997,6.33607407407407,7.01518040816327,6.88208776978417,210
"207",2018,12,7.00152941176471,85,7.43938775510204,6.40555555555556,6.83333333333333,7.29285714285714,6.94408450704225,49,36,6,14,71,9902,5800,4102,546,2464,7438,6.91604348616441,7.28064254655173,6.40052068015602,6.34153846153846,7.01675811688312,6.88267956439903,211
"208",2019,1,6.86772357723577,123,7.03486111111111,6.63176470588235,6.21428571428571,7.12307692307692,6.79927835051546,72,51,7,26,97,10025,5872,4153,553,2490,7535,6.91545063341646,7.2776288777248,6.40336042138213,6.33992766726944,7.01786827309237,6.88160591904446,212
"209",2019,2,6.60757575757576,66,6.63939393939394,6.57575757575758,7,6.90909090909091,6.54727272727273,33,33,1,11,55,10091,5905,4186,554,2501,7590,6.9134369834506,7.27406211176969,6.40471950071668,6.34111913357401,7.01738984406238,6.87918321475626,213
"210",2019,3,6.87340909090909,88,6.951,6.70714285714286,6.66,7.11363636363636,6.83909090909091,60,28,5,11,77,10179,5965,4214,559,2512,7667,6.91309093231162,7.27081253478625,6.40672895823446,6.34397137745975,7.01781130573248,6.87878056606234,214
"211",2019,4,7.01176772727273,66,7.48488372093023,6.12724652173913,5.67555666666667,7.4875,6.94614948275862,43,23,3,8,58,10245,6008,4237,562,2520,7725,6.91372662469497,7.27234466877497,6.40521182440406,6.34040332740213,7.01930238095238,6.87928637799352,215
"212",2019,5,6.91071428571429,56,7.30645161290323,6.42,3,6.02857142857143,7.03673469387755,31,25,1,7,49,10301,6039,4262,563,2527,7774,6.91371024851956,7.2725197499586,6.40529856874707,6.33447010657194,7.01655797388208,6.88027878440957,216
"213",2019,6,6.98857142857143,70,7.34285714285714,6.63428571428571,6.16666666666667,7.03846153846154,6.97719298245614,35,35,6,13,57,10371,6074,4297,569,2540,7831,6.91421553080706,7.27292505268357,6.40716371887363,6.33270065026362,7.01667007874016,6.88098419997446,217
"214",2019,7,6.92542372881356,59,7.128125,6.68518518518519,7.75,6.45,6.97924528301887,32,27,2,6,53,10430,6106,4324,571,2546,7884,6.91427893288591,7.2721661922699,6.40889974560592,6.33766492119089,7.01533464257659,6.88164475773719,218
"215",2019,8,6.75708333333333,96,6.82590163934426,6.63714285714286,6.625,6.04545454545455,6.84917647058823,61,35,4,11,85,10526,6167,4359,575,2557,7969,6.91284526600798,7.26775203016053,6.41073239275063,6.33966377391304,7.01116229956981,6.88129844020579,219
"216",2019,9,7.09786666666667,75,7.39627906976744,6.696875,6,6.325,7.14140845070423,43,32,1,4,71,10601,6210,4391,576,2561,8040,6.91415425620224,7.26864199194847,6.41281769528581,6.33907407986111,7.01009058961343,6.88359543159204,220
"217",2019,10,6.92001298701299,77,7.25486486486486,6.610275,6.625,7.16428571428571,6.86573015873016,37,40,4,14,63,10678,6247,4431,580,2575,8103,6.91419650402697,7.26856039218825,6.41460020311442,6.34104598275862,7.01092893203884,6.88345653091447,221
"218",2019,11,6.88987341772152,79,7.38085106382979,6.16875,6,6.24285714285714,7.02923076923077,47,32,5,14,65,10757,6294,4463,585,2589,8168,6.91401787394255,7.26939891483953,6.41283744118306,6.33813105982906,7.00677558903052,6.88461658545543,222
"219",2019,12,6.68787878787879,66,7.06486486486487,6.20689655172414,6.18,6.6875,6.68793103448276,37,29,5,8,58,10823,6331,4492,590,2597,8226,6.91263884967199,7.26820356499763,6.41150790293856,6.3367909661017,7.00579206777051,6.88322979212254,223
"220",2020,1,6.7488407079646,113,7.24143548387097,6.15,6.225,7.2324375,6.66907216494845,62,51,10,16,97,10936,6393,4543,600,2613,8323,6.9109463487564,7.26794396527452,6.40857219898745,6.33492778333333,7.00717986988136,6.88073390243902,224
"221",2020,2,7.27908217391304,92,7.57113034482759,6.78088235294118,6,7.51785714285714,7.23622512820513,58,34,1,14,78,11028,6451,4577,601,2627,8401,6.91401748549147,7.27066986978763,6.41133788507756,6.33437049916805,7.00990140845071,6.88403449946435,225
"222",2020,3,6.84551282051282,78,7.00865384615385,6.51923076923077,5.75,6.60294117647059,6.91311475409836,52,26,2,17,61,11106,6503,4603,603,2644,8462,6.91353636142625,7.26857470859603,6.4119473169672,6.33243228855721,7.007284795764,6.88424413022926,226
"223",2020,4,6.73962966666667,90,7.30476196428571,5.80882352941176,6,6.60714285714286,6.76403513157895,56,34,4,14,76,11196,6559,4637,607,2658,8538,6.91213839764201,7.26888367129136,6.40752501617425,6.33024163097199,7.00517720090294,6.88317410400562,227
"224",2020,5,6.80125,80,7.36,6.2425,5,5.77,6.94857142857143,40,40,1,10,70,11276,6599,4677,608,2668,8608,6.91135167612629,7.26943597514775,6.40611364122301,6.32805373355263,7.0005476011994,6.88370591310409,228
"225",2020,6,6.96606577464789,71,7.32051282051282,6.5340834375,6,7.6875,6.87445507936508,39,32,1,8,63,11347,6638,4709,609,2676,8671,6.91169403102142,7.26973606507984,6.40698325971544,6.32751505747126,7.00260127055307,6.88363870026525,229
"226",2020,7,6.5847704,75,7.39891743589744,5.70277777777778,5.96,6.3,6.60953304347826,39,36,5,6,69,11422,6677,4745,614,2682,8740,6.90954736035721,7.27049060655983,6.40164049947313,6.32452226384365,7.00102945563013,6.88147470823798,230
"227",2020,8,6.7041095890411,73,6.97631578947368,6.40857142857143,5.46,6.54285714285714,6.74237288135593,38,35,5,14,59,11495,6715,4780,619,2696,8799,6.90824270987386,7.26882587937454,6.40169124895398,6.31753904684976,6.99865022255193,6.88054198772588,231
"228",2020,9,6.94881355932203,59,7.45090909090909,6.31153846153846,4.66666666666667,5.78571428571429,7.10538461538462,33,26,3,7,52,11554,6748,4806,622,2703,8851,6.90844988315735,7.26971632780083,6.40120353100291,6.30957663987138,6.99550906400296,6.88186294768953,232
"229",2020,10,6.84234693877551,98,7.268,6.39895833333333,6.6,6.28260869565217,7.014,50,48,5,23,75,11652,6798,4854,627,2726,8926,6.9078939194988,7.2697037040306,6.40118132880099,6.31189261562999,6.98949413059428,6.88297321868698,233
"230",2020,11,6.87393617021277,94,7.24363636363636,6.3525641025641,5.7125,7.375,6.81428571428571,55,39,8,10,84,11746,6853,4893,635,2736,9010,6.90762216499234,7.26949449584124,6.40079382178623,6.30434121259843,6.99090314327486,6.88233284683685,234
"231",2020,12,6.72060638297872,94,7.34534,6.01068181818182,6.8,6.99427272727273,6.68433734939759,50,44,4,11,83,11840,6903,4937,639,2747,9093,6.90613741131757,7.27004386208895,6.39731702855986,6.30744392801252,6.99091663633055,6.88052556362037,235
"232",2021,1,6.79641509433962,106,7.12382978723404,6.53559322033898,5.92857142857143,6.875,6.79,47,59,7,8,98,11946,6950,4996,646,2755,9191,6.9051638163402,7.26905507625899,6.3989499939952,6.30333849845201,6.99058003629764,6.87956032531825,236
"233",2021,2,6.92869158878505,107,7.24053571428571,6.58627450980392,5.65,7.517,6.8680412371134,56,51,4,10,97,12053,7006,5047,650,2765,9288,6.90537268314942,7.26882711675707,6.40084291063999,6.29931795384615,6.99248390596745,6.87944002476314,237
"234",2021,3,7.03809523809524,63,7.45714285714286,6.51428571428571,6.83333333333333,7.52,6.99655172413793,35,28,6,5,58,12116,7041,5075,656,2770,9346,6.90606280538131,7.26976321261185,6.40146880197045,6.30420224085366,6.99343610108303,6.88016680398031,238
"235",2021,4,6.98309523809524,84,7.338,6.46117647058824,NA,7.61111111111111,6.90773333333333,50,34,0,9,75,12200,7091,5109,656,2779,9421,6.90659319262295,7.27024436327739,6.40186615188883,6.30420224085366,6.99543648794531,6.88038625942044,239
"236",2021,5,6.98871794871795,78,7.23521739130435,6.634375,6.43333333333333,7.09230769230769,6.968,46,32,3,13,65,12278,7137,5141,659,2792,9486,6.90711491692458,7.27001860445565,6.40331339622642,6.30479009104704,6.99588753581662,6.88098660657811,240
"237",2021,6,6.71768623529412,85,6.96674066666667,6.4375,5,6.57142857142857,6.73081192307692,45,40,3,7,78,12363,7182,5181,662,2799,9564,6.90581252770363,7.26811836675021,6.40357733449141,6.29887714501511,6.99482600928903,6.87976184441656,241
"238",2021,7,7.07933333333333,75,7.54285714285714,6.48939393939394,6,7.8625,6.98582089552239,42,33,2,8,67,12438,7224,5214,664,2807,9631,6.9068588422576,7.26971568521595,6.40412047756042,6.2979769126506,6.9972988956181,6.88049966566296,242
"239",2021,8,6.63593406593407,91,7.3425,5.97446808510638,5.71428571428571,7.00714285714286,6.605,44,47,7,7,84,12529,7268,5261,671,2814,9715,6.90489107510575,7.27015631673088,6.40028210796427,6.29188773472429,6.99732338308458,6.87811757900154,243
"240",2021,9,6.89796743902439,82,7.196944375,6.47588235294118,6.2,6.85625,6.90808075757576,48,34,5,16,66,12611,7316,5295,676,2830,9781,6.90484605582428,7.26967597594314,6.40076754863079,6.29120809171598,6.99652579505301,6.87831976382783,244
"241",2021,10,6.79266666666667,75,7.61578947368421,5.9472972972973,5.08333333333333,6.68181818181818,6.81171875,38,37,3,11,64,12686,7354,5332,679,2841,9845,6.90418284802144,7.27146443296165,6.39762081207802,6.28587138438881,6.99530728616684,6.87788680650076,245
"242",2021,11,6.8650406097561,82,7.34863636363636,6.30508763157895,6,6.9375,6.85720716216216,44,38,2,8,74,12768,7398,5370,681,2849,9919,6.90393146459899,7.27192341713977,6.39696601489758,6.28503182085169,6.99514496314497,6.87773252747253,246
"243",2021,12,6.85642857142857,105,7.15772727272727,6.525,6.75,7.05,6.82416666666667,55,50,4,15,90,12873,7453,5420,685,2864,10009,6.90354400217509,7.27108069770562,6.39814714022141,6.28774696350365,6.99543226256983,6.8772508682186,247
"244",2022,1,7.04748525316456,158,7.27036306930693,6.65256140350877,7,7.60730769230769,6.9372171969697,101,57,4,26,132,13031,7554,5477,689,2890,10141,6.90528928017803,7.27107110272703,6.40079486945409,6.29188195936139,7.00093702422146,6.87803141800611,248
"245",2022,2,6.93434782608696,92,7.40133333333333,6.48723404255319,7.3125,7.04428571428571,6.92529411764706,45,47,8,7,85,13123,7599,5524,697,2897,10226,6.90549299779014,7.27184249374918,6.40153032223027,6.30359637015782,7.00104176734553,6.87842427244279,249
"246",2022,3,6.84177215189873,79,7.21521739130435,6.32121212121212,5.37142857142857,7.65714285714286,6.7625,46,33,7,7,72,13202,7645,5557,704,2904,10298,6.90511169595516,7.27150178024853,6.40105335612741,6.29432765625,7.00262327823692,6.87761377063507,250
"247",2022,4,7.24869565217391,92,7.45061224489796,7.01860465116279,8,6.4,7.32952380952381,49,43,3,8,84,13294,7694,5600,707,2912,10382,6.90748943959681,7.27264246295815,6.40579526785715,6.30156530410184,7.00096771978022,6.88127014159121,251
"248",2022,5,7.08928571428571,84,7.13085106382979,7.03648648648649,NA,6.78125,7.12171052631579,47,37,0,8,76,13378,7741,5637,707,2920,10458,6.90863093212737,7.27178156698101,6.40993498314707,6.30156530410184,7.00036575342466,6.88301746127366,252
"249",2022,6,7.03058823529412,85,7.34807692307692,6.53030303030303,6.5,6.46153846153846,7.13333333333333,52,33,1,13,72,13463,7793,5670,708,2933,10530,6.90940092178563,7.27229065956628,6.41063553791888,6.30184557909605,6.99797749744289,6.88472902279202,253
"250",2022,7,6.92253164556962,79,7.47268292682927,6.32894736842105,6.375,6.92857142857143,6.92123076923077,41,38,4,14,65,13542,7834,5708,712,2947,10595,6.90947752252252,7.27333943196324,6.41009171338473,6.30225655898876,6.99764777740075,6.88495295988674,254
"251",2022,8,6.89135802469136,81,7.1780487804878,6.5975,5.5,7.18,6.85070422535211,41,40,2,10,71,13623,7875,5748,714,2957,10666,6.90936978712471,7.27284331555556,6.41139587682673,6.3000093417367,6.99826445722016,6.88472497749859,255
"252",2022,9,6.498875,72,6.47705882352941,6.51839473684211,5.5,6.04444444444444,6.56379365079365,34,38,4,9,63,13695,7909,5786,718,2966,10729,6.90721165461847,7.26942231761285,6.41209860006914,6.29555246518106,6.99537019554956,6.88284048932799,256
"253",2022,10,6.82161290322581,93,7.31846153846154,6.19146341463415,6.25,8.125,6.69894117647059,52,41,4,8,85,13788,7961,5827,722,2974,10814,6.90663429141282,7.26974263409119,6.41054616440708,6.29530009695291,6.99840887693343,6.88139500739782,257
"254",2022,11,6.8104347826087,92,7.33826086956522,6.28260869565217,6.625,7.28,6.75317073170732,46,46,4,10,82,13880,8007,5873,726,2984,10896,6.90599665778098,7.27013626951418,6.4095441001192,6.29711662534435,6.99935254691689,6.88043003028634,258
"255",2022,12,7.098229140625,128,7.35973684210526,6.71602557692308,7.75,7.20823529411765,7.08138135135135,76,52,2,17,111,14008,8083,5925,728,3001,11007,6.90775320816676,7.2709787343808,6.41223389535866,6.30110806318681,7.00053582139287,6.88245652221314,259
