"","year","month","avg_rating","no_ratings","avg_rating_owned","avg_rating_not_owned","avg_rating_prev_owned","avg_rating_comment","avg_rating_no_comment","no_ratings_owned","no_ratings_not_owned","no_ratings_prev_owned","no_ratings_comment","no_ratings_no_comment","cum_no_ratings","cum_no_ratings_owned","cum_no_ratings_not_owned","cum_no_ratings_prev_owned","cum_no_ratings_comment","cum_no_ratings_no_comment","cum_avg_rating","cum_avg_rating_owned","cum_avg_rating_not_owned","cum_avg_rating_prev_owned","cum_avg_rating_comment","cum_avg_rating_no_comment","month_after_release"
"1",2009,11,10,1,10,NA,NA,10,NA,1,0,0,1,0,1,1,0,0,1,0,10,10,NA,NA,10,NA,-5
"2",2009,12,6,1,6,NA,NA,NA,6,1,0,0,0,1,2,2,0,0,1,1,8,8,NA,NA,10,6,-4
"3",2010,1,7.58333333333333,6,7.83333333333333,7.33333333333333,NA,7.66666666666667,7.5,3,3,0,3,3,8,5,3,0,4,4,7.6875,7.9,7.33333333333333,NA,8.25,7.125,-3
"4",2010,2,7,1,7,NA,NA,7,NA,1,0,0,1,0,9,6,3,0,5,4,7.61111111111111,7.75,7.33333333333333,NA,8,7.125,-2
"5",2010,3,7.5,1,7.5,NA,NA,7.5,NA,1,0,0,1,0,10,7,3,0,6,4,7.6,7.71428571428571,7.33333333333333,NA,7.91666666666667,7.125,-1
"6",2010,4,7.82105263157895,19,8.15666666666667,6.5625,7,8.5,6.65714285714286,15,4,1,12,7,29,22,7,1,18,11,7.7448275862069,8.01590909090909,6.89285714285714,7,8.30555555555556,6.82727272727273,0
"7",2010,5,6.84210526315789,19,7.25,6.14285714285714,NA,6.4,7,12,7,0,5,14,48,34,14,1,23,25,7.3875,7.74558823529412,6.51785714285714,7,7.89130434782609,6.924,1
"8",2010,6,7.60714285714286,14,7.5,7.6875,7.625,7.9,7.44444444444444,6,8,4,5,9,62,40,22,5,28,34,7.43709677419355,7.70875,6.94318181818182,7.5,7.89285714285714,7.06176470588235,2
"9",2010,7,7.61764705882353,17,7.90909090909091,7.08333333333333,NA,7.5,7.7,11,6,0,7,10,79,51,28,5,35,44,7.47594936708861,7.75196078431373,6.97321428571429,7.5,7.81428571428571,7.20681818181818,3
"10",2010,8,7.46428571428571,28,7.61111111111111,7.2,7,7.6,7.30769230769231,18,10,3,15,13,107,69,38,8,50,57,7.47289719626168,7.71521739130435,7.03289473684211,7.3125,7.75,7.22982456140351,4
"11",2010,9,7.30555555555556,18,8.125,6.65,6,7,7.36666666666667,8,10,1,3,15,125,77,48,9,53,72,7.4488,7.75779220779221,6.953125,7.16666666666667,7.70754716981132,7.25833333333333,5
"12",2010,10,6.77083333333333,12,7.75,6.07142857142857,9,5.5,7.40625,5,7,1,4,8,137,82,55,10,57,80,7.38941605839416,7.75731707317073,6.84090909090909,7.35,7.55263157894737,7.273125,6
"13",2010,11,7.02,20,7.57142857142857,5.73333333333333,7,7.6,6.82666666666667,14,6,1,5,15,157,96,61,11,62,95,7.34235668789809,7.73020833333333,6.73196721311475,7.31818181818182,7.55645161290323,7.20263157894737,7
"14",2010,12,7.5609756097561,41,7.67407407407407,7.34285714285714,8.5,7.6375,7.512,27,14,2,16,25,198,123,75,13,78,120,7.38762626262626,7.71788617886179,6.846,7.5,7.57307692307692,7.26708333333333,8
"15",2011,1,7.6925,40,7.73225806451613,7.55555555555556,6.75,7.85714285714286,7.60384615384615,31,9,2,14,26,238,154,84,15,92,146,7.43886554621849,7.72077922077922,6.92202380952381,7.4,7.61630434782609,7.32705479452055,9
"16",2011,2,7.4,30,7.775,6.65,7.25,7.6,7.3,20,10,4,10,20,268,174,94,19,102,166,7.43451492537313,7.72701149425287,6.89308510638298,7.36842105263158,7.61470588235294,7.32379518072289,10
"17",2011,3,7.8625,24,8.3875,6.8125,10,7.64,7.92105263157895,16,8,1,5,19,292,190,102,20,107,185,7.46969178082192,7.78263157894737,6.88676470588235,7.5,7.61588785046729,7.38513513513514,11
"18",2011,4,7.61379310344828,29,7.96111111111111,7.04545454545455,7,7.08333333333333,7.75217391304348,18,11,2,6,23,321,208,113,22,113,208,7.48271028037383,7.79807692307692,6.90221238938053,7.45454545454545,7.58761061946903,7.42572115384615,12
"19",2011,5,7.87272727272727,22,8.26428571428571,7.1875,NA,7.41666666666667,8.04375,14,8,0,6,16,343,222,121,22,119,224,7.50772594752187,7.82747747747748,6.92107438016529,7.45454545454545,7.57899159663866,7.46986607142857,13
"20",2011,6,7.64705882352941,17,7.85,7.35714285714286,NA,7.66666666666667,7.64285714285714,10,7,0,3,14,360,232,128,22,122,238,7.51430555555556,7.82844827586207,6.944921875,7.45454545454545,7.58114754098361,7.48004201680672,14
"21",2011,7,7.34166666666667,24,8.15384615384615,6.38181818181818,6.5,8,7.12222222222222,13,11,3,6,18,384,245,139,25,128,256,7.503515625,7.84571428571429,6.90035971223022,7.34,7.60078125,7.4548828125,15
"22",2011,8,7.692,25,8.20625,6.77777777777778,8.5,8,7.59473684210526,16,9,2,6,19,409,261,148,27,134,275,7.51503667481663,7.86781609195402,6.89290540540541,7.42592592592593,7.61865671641791,7.46454545454545,16
"23",2011,9,7.28703703703704,27,7.95,6.45833333333333,6.57142857142857,7.64285714285714,7.1625,15,12,7,7,20,436,276,160,34,141,295,7.50091743119266,7.87228260869565,6.8603125,7.25,7.61985815602837,7.44406779661017,17
"24",2011,10,8.19230769230769,13,8.55,7,7,9.5,7.61111111111111,10,3,2,4,9,449,286,163,36,145,304,7.52093541202673,7.89597902097902,6.86288343558282,7.23611111111111,7.67172413793103,7.44901315789474,18
"25",2011,11,7.82068965517241,29,7.72857142857143,8.0625,10,7.6,7.86666666666667,21,8,1,5,24,478,307,171,37,150,328,7.53912133891213,7.88452768729642,6.91900584795322,7.31081081081081,7.66933333333333,7.47957317073171,19
"26",2011,12,7.78,35,8.065,7.4,7.41666666666667,7.72727272727273,7.80416666666667,20,15,6,11,24,513,327,186,43,161,352,7.55555555555556,7.89556574923547,6.95779569892473,7.32558139534884,7.67329192546584,7.50170454545455,20
"27",2012,1,7.73404255319149,47,8.1,7.08823529411765,7.875,7.41666666666667,7.84285714285714,30,17,4,12,35,560,357,203,47,173,387,7.57053571428571,7.91274509803922,6.96871921182266,7.37234042553191,7.65549132947977,7.53255813953488,21
"28",2012,2,7.57142857142857,28,7.57894736842105,7.55555555555556,8.5,8.125,7.47916666666667,19,9,2,4,24,588,376,212,49,177,411,7.57057823129252,7.89587765957447,6.9936320754717,7.41836734693878,7.66610169491525,7.5294403892944,22
"29",2012,3,7.44705882352941,34,7.59166666666667,7.1,NA,8.05,7.31785714285714,24,10,0,6,28,622,400,222,49,183,439,7.56382636655949,7.877625,6.99842342342342,7.41836734693878,7.67868852459016,7.51594533029613,23
"30",2012,4,7.525,18,7.640625,6.6,NA,8.58333333333333,7.31333333333333,16,2,0,3,15,640,416,224,49,186,454,7.562734375,7.86850961538462,6.99486607142857,7.41836734693878,7.69327956989247,7.50925110132159,24
"31",2012,5,6.95454545454545,11,6.9,7,7.25,7.125,6.85714285714286,5,6,2,4,7,651,421,230,51,190,461,7.55245775729647,7.85700712589074,6.995,7.41176470588235,7.68131578947368,7.49934924078091,25
"32",2012,6,7.89130434782609,23,8.03571428571429,7.66666666666667,8,7.66666666666667,7.97058823529412,14,9,1,6,17,674,435,239,52,196,478,7.56402077151335,7.86275862068966,7.02029288702929,7.42307692307692,7.68086734693878,7.51610878661088,26
"33",2012,7,7.1171875,32,7.16666666666667,7.07352941176471,NA,6.78571428571429,7.21,15,17,0,7,25,706,450,256,52,203,503,7.54376770538244,7.83955555555556,7.023828125,7.42307692307692,7.65,7.50089463220676,27
"34",2012,8,7.50967741935484,31,7.65555555555556,7.30769230769231,8,6.5,7.65925925925926,18,13,3,4,27,737,468,269,55,207,530,7.54233378561737,7.83247863247863,7.03754646840149,7.45454545454545,7.62777777777778,7.50896226415094,28
"35",2012,9,7.925,16,8.15,7.55,7.5,7.56,8.09090909090909,10,6,2,5,11,753,478,275,57,212,541,7.55046480743692,7.83912133891213,7.04872727272727,7.45614035087719,7.62617924528302,7.52079482439926,29
"36",2012,10,7.56969696969697,33,7.73333333333333,6.83333333333333,8,6.78571428571429,7.78076923076923,27,6,1,7,26,786,505,281,58,219,567,7.55127226463104,7.83346534653465,7.044128113879,7.46551724137931,7.59931506849315,7.53271604938272,30
"37",2012,11,7.12765957446809,47,7.74285714285714,6.22105263157895,8.23333333333333,6.4,7.21428571428571,28,19,3,5,42,833,533,300,61,224,609,7.52737094837935,7.82870544090056,6.992,7.50327868852459,7.57254464285714,7.51075533661741,31
"38",2012,12,7.58385454545455,55,7.8978,6.74666666666667,8,7.57142857142857,7.58809756097561,40,15,1,14,41,888,573,315,62,238,650,7.53086936936937,7.83352879581152,6.98031746031746,7.51129032258064,7.57247899159664,7.51563384615385,32
"39",2013,1,7.11803278688525,61,7.61176470588235,6.4962962962963,6.35714285714286,6.87272727272727,7.172,34,27,7,11,50,949,607,342,69,249,700,7.50433298208641,7.82110708401977,6.94210526315789,7.39420289855072,7.54156626506024,7.49108857142857,33
"40",2013,2,7.62367346938776,49,7.77,7.39263157894737,6.25,7.4,7.68102564102564,30,19,4,10,39,998,637,361,73,259,739,7.51019238476954,7.81870015698587,6.96581717451523,7.33150684931507,7.53610038610039,7.50111231393775,34
"41",2013,3,7.53921568627451,51,7.97333333333333,6.91904761904762,7.4,8.13,7.39512195121951,30,21,2,10,41,1049,667,382,75,269,780,7.51160343183985,7.8256551724138,6.96324607329843,7.33333333333333,7.55817843866171,7.49554102564103,35
"42",2013,4,7.74901960784314,51,8.13548387096774,7.15,NA,7.69230769230769,7.76842105263158,31,20,0,13,38,1100,698,402,75,282,818,7.52261090909091,7.83941547277937,6.97253731343284,7.33333333333333,7.56436170212766,7.50821760391198,36
"43",2013,5,7.20588235294118,34,7.52083333333333,6.45,NA,6.92857142857143,7.27777777777778,24,10,0,7,27,1134,722,412,75,289,845,7.51311463844797,7.82882548476454,6.95985436893204,7.33333333333333,7.54896193771626,7.50085443786982,37
"44",2013,6,7.15555555555556,27,7.5125,6.63636363636364,6.75,8.5,6.9875,16,11,2,3,24,1161,738,423,77,292,869,7.50479931093885,7.8219674796748,6.95144208037825,7.31818181818182,7.55873287671233,7.48667663981588,38
"45",2013,7,7.7469387755102,49,7.82333333333333,7.62631578947368,8.33333333333333,7.5,7.81025641025641,30,19,3,10,39,1210,768,442,80,302,908,7.51460495867769,7.82202083333333,6.98045248868778,7.35625,7.5567880794702,7.50057488986784,39
"46",2013,8,7.56181818181818,55,7.8,7.02941176470588,6.66666666666667,8.11666666666667,7.40697674418605,38,17,3,12,43,1265,806,459,83,314,951,7.51665770750988,7.82098263027295,6.98226579520697,7.33132530120482,7.5781847133758,7.49634279705573,40
"47",2013,9,7.41444444444444,45,7.49583333333333,7.32142857142857,7.6,7.25,7.45,24,21,5,8,37,1310,830,480,88,322,988,7.5131465648855,7.81158072289157,6.99710416666667,7.34659090909091,7.57003105590062,7.49460728744939,41
"48",2013,10,7.45454545454545,44,7.78064516129032,6.67692307692308,6,8,7.31428571428571,31,13,2,9,35,1354,861,493,90,331,1023,7.51124224519941,7.8104668989547,6.98866125760649,7.31666666666667,7.58172205438066,7.48843792766373,42
"49",2013,11,7.502,50,7.765625,7.03333333333333,7,7.6,7.47435897435897,32,18,3,11,39,1404,893,511,93,342,1062,7.51091310541311,7.80886002239642,6.99023483365949,7.30645161290323,7.58230994152047,7.4879209039548,43
"50",2013,12,7.57578125,64,7.7406976744186,7.23809523809524,6.5,7.575,7.57592592592593,43,21,5,10,54,1468,936,532,98,352,1116,7.51374114441417,7.80572863247863,7.00001879699248,7.26530612244898,7.58210227272727,7.49217921146953,44
"51",2014,1,7.6156862745098,102,7.74714285714286,7.328125,7.7,7.60526315789474,7.61807228915663,70,32,5,19,83,1570,1006,564,103,371,1199,7.52036433121019,7.80165208747515,7.01863475177305,7.28640776699029,7.5832884097035,7.50089407839867,45
"52",2014,2,7.27328767123288,73,7.65657894736842,6.85714285714286,7.125,7.11111111111111,7.29609375,38,35,8,9,64,1643,1044,599,111,380,1263,7.50938648813147,7.79637164750958,7.00919866444073,7.27477477477477,7.57210526315789,7.49051623119557,46
"53",2014,3,7.52380952380952,63,7.60416666666667,7.26666666666667,6.91666666666667,8.04545454545454,7.41346153846154,48,15,6,11,52,1706,1092,614,117,391,1315,7.50991910902697,7.78792307692308,7.01548859934853,7.25641025641026,7.58542199488491,7.48746920152091,47
"54",2014,4,7.73529411764706,68,8,7.18181818181818,7.375,8,7.68965517241379,46,22,4,10,58,1774,1138,636,121,401,1373,7.51855806087937,7.79649560632689,7.02124213836478,7.2603305785124,7.59576059850374,7.49601019664967,48
"55",2014,5,7.644,65,7.76564102564103,7.46153846153846,6.75,7.88461538461539,7.58384615384615,39,26,6,13,52,1839,1177,662,127,414,1425,7.52299184339315,7.79547323704333,7.03853474320242,7.23622047244094,7.60483091787439,7.49921543859649,49
"56",2014,6,7.17403846153846,52,7.56891891891892,6.2,6,6.89285714285714,7.21777777777778,37,15,3,7,45,1891,1214,677,130,421,1470,7.5133960867266,7.78856836902801,7.01995568685377,7.20769230769231,7.59299287410926,7.4906,50
"57",2014,7,7.17328767123288,73,7.36071428571429,6.91935483870968,7,7.30416666666667,7.14754098360656,42,31,4,12,61,1964,1256,708,134,433,1531,7.50075458248473,7.77426114649681,7.01555084745763,7.20149253731343,7.58498845265589,7.47693141737427,51
"58",2014,8,7.196875,64,7.3725,6.90416666666667,7.14,7.76666666666667,7.06538461538462,40,24,5,12,52,2028,1296,732,139,445,1583,7.49116469428008,7.76186111111111,7.01189890710383,7.19928057553957,7.58988764044944,7.4634125078964,52
"59",2014,9,7.3137037037037,54,7.6356,7.03620689655172,7.3,6.375,7.58190476190476,25,29,6,12,42,2082,1321,761,145,457,1625,7.48656195965418,7.75947161241484,7.01282522996058,7.20344827586207,7.55798687089715,7.46647507692308,53
"60",2014,10,7.375,60,7.72258064516129,7.00344827586207,7.1,7.2,7.42340425531915,31,29,5,13,47,2142,1352,790,150,470,1672,7.48343697478992,7.75862573964497,7.01248101265823,7.2,7.54808510638298,7.46526435406699,54
"61",2014,11,7.35769230769231,78,7.85272727272727,6.17391304347826,5.5,7.26470588235294,7.38360655737705,55,23,6,17,61,2220,1407,813,156,487,1733,7.47901891891892,7.76230419331912,6.98875768757688,7.13461538461539,7.53819301848049,7.46239007501443,55
"62",2014,12,7.58237410071942,139,7.78105263157895,7.15340909090909,7.2,7.45645161290323,7.61851851851852,95,44,5,31,108,2359,1502,857,161,518,1841,7.485108944468,7.76349001331558,6.99721120186698,7.13664596273292,7.53330115830116,7.47154915806627,56
"63",2015,1,7.62215277777778,144,7.9504,6.87613636363636,5.16666666666667,7.70166666666667,7.60625,100,44,3,24,120,2503,1602,901,164,542,1961,7.49299320815022,7.77515730337079,6.99129855715871,7.10060975609756,7.54075645756457,7.47979194288628,57
"64",2015,2,7.18415841584158,101,7.45507246376812,6.6,6.33333333333333,7.1,7.19770114942529,69,32,6,14,87,2604,1671,933,170,556,2048,7.48101459293395,7.76194015559545,6.97787781350482,7.07352941176471,7.52965827338129,7.46780859375,58
"65",2015,3,7.60340909090909,88,7.80847457627119,7.18620689655172,NA,7.65625,7.59166666666667,59,29,0,16,72,2692,1730,962,170,572,2120,7.48501560178306,7.76352716763006,6.984158004158,7.07352941176471,7.5331993006993,7.47201509433962,59
"66",2015,4,7.37619047619048,105,7.62028985507246,6.90833333333333,6.64,7.59523809523809,7.32142857142857,69,36,5,21,84,2797,1799,998,175,593,2204,7.48093028244548,7.75803335186214,6.98142284569138,7.06114285714286,7.53539629005059,7.46627586206897,60
"67",2015,5,7.27272727272727,88,7.63981481481482,6.68970588235294,8,7.91428571428571,7.15135135135135,54,34,4,14,74,2885,1853,1032,179,607,2278,7.47457954939341,7.75458823529412,6.97181201550388,7.08212290502793,7.54413509060956,7.45604565408253,61
"68",2015,6,7.478125,80,7.74117647058824,7.01551724137931,7.07142857142857,7.9,7.38076923076923,51,29,7,15,65,2965,1904,1061,186,622,2343,7.47467521079258,7.75422899159664,6.97300659754948,7.08172043010753,7.55271704180064,7.45395731967563,62
"69",2015,7,7.55285714285714,70,7.99555555555556,6.756,7.28,7.66666666666667,7.53606557377049,45,25,5,9,61,3035,1949,1086,191,631,2404,7.4764784184514,7.75980092355054,6.96801104972376,7.0869109947644,7.55434231378764,7.45604076539102,63
"70",2015,8,7.47759615384615,104,7.74396825396825,7.06829268292683,7.57142857142857,7.18125,7.53147727272727,63,41,7,16,88,3139,2012,1127,198,647,2492,7.4765154507805,7.75930516898608,6.97165927240461,7.10404040404041,7.54511591962906,7.45870465489567,64
"71",2015,9,7.43904255319149,94,7.75637931034483,6.92777777777778,5.875,7.06,7.49451219512195,58,36,4,12,82,3233,2070,1163,202,659,2574,7.47542592019796,7.7592231884058,6.97030094582975,7.07970297029703,7.53628224582701,7.45984537684538,65
"72",2015,10,7.2974358974359,78,7.3,7.29487179487179,7.5,6.61538461538461,7.43384615384615,39,39,7,13,65,3311,2109,1202,209,672,2639,7.47123286016309,7.75073115220484,6.98083194675541,7.09377990430622,7.51846726190476,7.45920500189466,66
"73",2015,11,7.60961538461538,104,7.87213114754098,7.23720930232558,7.4,7.69230769230769,7.5978021978022,61,43,5,13,91,3415,2170,1245,214,685,2730,7.47544714494876,7.75414377880184,6.98968674698795,7.10093457943925,7.52176642335766,7.46382490842491,67
"74",2015,12,7.45411764705882,170,7.6955,7.10928571428571,7.2,7.8047619047619,7.40469798657718,100,70,6,21,149,3585,2270,1315,220,706,2879,7.47443570432357,7.75156035242291,6.99605323193916,7.10363636363636,7.53018413597734,7.46076484890587,68
"75",2016,1,7.45649038461538,208,7.68937007874016,7.09135802469136,6.671875,7.29444444444444,7.48066298342541,127,81,16,27,181,3793,2397,1396,236,733,3060,7.47345162140786,7.74826533166458,7.00158309455587,7.07436440677966,7.52150068212824,7.46194183006536,69
"76",2016,2,7.35,120,7.55416666666667,7.04375,7.25,7.10952380952381,7.4010101010101,72,48,2,21,99,3913,2469,1444,238,754,3159,7.46966572961922,7.74260510328068,7.00298476454294,7.07584033613445,7.51002652519894,7.46003228869896,70
"77",2016,3,7.18280373831776,107,7.37873015873016,6.90227272727273,6.79,7.06428571428571,7.20064516129032,63,44,10,14,93,4020,2532,1488,248,768,3252,7.46203034825871,7.73355134281201,7.00000672043011,7.06431451612903,7.50190104166667,7.45261439114391,71
"78",2016,4,7.37121739130435,115,7.57428571428571,7.05533333333333,7.3,6.96875,7.43626262626263,70,45,5,16,99,4135,2602,1533,253,784,3351,7.45950471584039,7.7292667179093,7.00163078930202,7.06897233201581,7.49102040816326,7.45213130408833,72
"79",2016,5,7.53577586206897,116,7.61971830985915,7.40333333333333,8.15,7.89285714285714,7.48676470588235,71,45,4,14,102,4251,2673,1578,257,798,3453,7.46158597976947,7.7263569023569,7.01308618504436,7.08579766536965,7.4980701754386,7.45315435852882,73
"80",2016,6,7.21367924528302,106,7.70849056603774,6.7188679245283,6.71428571428571,7.45882352941176,7.16685393258427,53,53,7,17,89,4357,2726,1631,264,815,3542,7.45555473949966,7.7260095377843,7.00352544451257,7.07594696969697,7.49725153374233,7.4459604743083,74
"81",2016,7,7.24131578947368,114,7.53140625,6.87,6.875,7.28125,7.23479591836735,64,50,8,16,98,4471,2790,1681,272,831,3640,7.45009214940729,7.72154551971326,6.99955383700178,7.07003676470588,7.49309265944645,7.44027527472527,75
"82",2016,8,7.37985074626866,134,7.77567567567568,6.89166666666667,6.8125,7.42857142857143,7.37079646017699,74,60,8,21,113,4605,2864,1741,280,852,3753,7.44804820846906,7.72294413407821,6.99583572659391,7.06267857142857,7.49150234741784,7.43818332001066,76
"83",2016,9,7.38708333333333,120,7.52132352941176,7.21153846153846,7.16666666666667,7.06818181818182,7.41926605504587,68,52,3,11,109,4725,2932,1793,283,863,3862,7.4464998941799,7.71826807639836,7.00209146681539,7.06378091872792,7.48610660486674,7.43764940445365,77
"84",2016,10,7.47638582677165,127,7.65171590909091,7.08076923076923,7.3,7.83611111111111,7.41698165137615,88,39,5,18,109,4852,3020,1832,288,881,3971,7.44728215169003,7.71632880794702,7.00376637554585,7.06788194444445,7.49325766174801,7.43708209519013,78
"85",2016,11,7.333984375,128,7.582,6.98301886792453,6.77142857142857,7.48863636363636,7.30188679245283,75,53,7,22,106,4980,3095,1885,295,903,4077,7.44437008032129,7.71307366720517,7.00318302387268,7.06084745762712,7.49314507198228,7.43356708363993,79
"86",2016,12,7.37891891891892,148,7.44588235294118,7.28857142857143,7.625,7.43478260869565,7.36864,85,63,4,23,125,5128,3180,1948,299,926,4202,7.44248108424337,7.70593176100629,7.01241273100616,7.06839464882943,7.49169546436285,7.43163564969062,80
"87",2017,1,7.446375,200,7.52162790697674,7.30964788732394,7.33333333333333,7.8775,7.38195402298851,129,71,6,26,174,5328,3309,2019,305,952,4376,7.44262725225225,7.69874675128438,7.02286527984151,7.07360655737705,7.50223214285714,7.42966019195612,81
"88",2017,2,7.38294573643411,129,7.47464788732394,7.27068965517241,7.83333333333333,7.27777777777778,7.4,71,58,9,18,111,5457,3380,2077,314,970,4487,7.44121641927799,7.69403934911243,7.02978574867598,7.0953821656051,7.49806701030928,7.42892645420102,82
"89",2017,3,7.5322695035461,141,7.77647058823529,7.16160714285714,7.25,7.50333333333333,7.53496124031008,85,56,4,12,129,5598,3465,2133,318,982,4616,7.44350982493748,7.69606147186147,7.03324660103141,7.09732704402516,7.49813136456212,7.43188973136915,83
"90",2017,4,7.28292307692308,130,7.48840579710145,7.05049180327869,8,7.70833333333333,7.21455357142857,69,61,4,18,112,5728,3534,2194,322,1000,4728,7.43986522346369,7.69200707413696,7.03372607110301,7.10854037267081,7.501915,7.42674132825719,84
"91",2017,5,7.37480916030534,131,7.53666666666667,7.15803571428571,7.40909090909091,7.54166666666667,7.35798319327731,75,56,11,12,119,5859,3609,2250,333,1012,4847,7.43841065028162,7.68877888611804,7.03682,7.11846846846847,7.50238636363636,7.42505322880132,85
"92",2017,6,7.49125,96,7.66548387096774,7.17352941176471,7.75,7.71818181818182,7.46188235294118,62,34,2,11,85,5955,3671,2284,335,1023,4932,7.43926246851386,7.68838545355489,7.03885507880911,7.12223880597015,7.50470674486803,7.42568795620438,86
"93",2017,7,7.34042553191489,141,7.67532467532468,6.9375,7.33333333333333,7.03125,7.38,77,64,6,16,125,6096,3748,2348,341,1039,5057,7.43697637795276,7.68811712913554,7.03609241908007,7.12595307917889,7.49741578440808,7.42455863159976,87
"94",2017,8,7.42746268656716,134,7.61618421052632,7.1801724137931,7.71428571428571,7.20588235294118,7.45965811965812,76,58,7,17,117,6230,3824,2406,348,1056,5174,7.43677174959872,7.6866875,7.03956566916043,7.13778735632184,7.49272253787879,7.42535233861616,88
"95",2017,9,7.20826446280992,121,7.53606557377049,6.875,5.54545454545455,7.08235294117647,7.22884615384615,61,60,11,17,104,6351,3885,2466,359,1073,5278,7.43241820185798,7.68432252252252,7.03556163828062,7.08899721448468,7.48622087604846,7.4214802955665,89
"96",2017,10,7.40676056338028,142,7.73927710843374,6.93898305084746,6.25,8.09090909090909,7.34931297709924,83,59,4,11,131,6493,3968,2525,363,1084,5409,7.431857076852,7.68547202620968,7.03330495049505,7.0797520661157,7.49235701107011,7.41973248289887,90
"97",2017,11,7.47832,125,7.94786666666667,6.774,8.5,7.71055555555556,7.4392523364486,75,50,4,18,107,6618,4043,2575,367,1102,5516,7.4327346630402,7.69033959930745,7.02826990291262,7.09523160762943,7.49592105263158,7.42011113125453,91
"98",2017,12,7.20530726256983,179,7.51136363636364,6.90934065934066,6.22857142857143,6.96666666666667,7.22713414634146,88,91,7,15,164,6797,4131,2666,374,1117,5680,7.42674532882154,7.68652699104333,7.0242104276069,7.07901069518717,7.48881378692927,7.41453926056338,92
"99",2018,1,7.36082949308756,217,7.50542635658915,7.14886363636364,7.76363636363636,6.86875,7.4,129,88,11,16,201,7014,4260,2754,385,1133,5881,7.42470601653835,7.68104295774648,7.02819353667393,7.09857142857143,7.48005736981465,7.41404233973814,93
"100",2018,2,7.0808,125,7.26470588235294,6.86140350877193,6.06666666666667,7.33333333333333,7.03831775700935,68,57,6,18,107,7139,4328,2811,391,1151,5988,7.41868440958118,7.67450161737523,7.02481145499822,7.08273657289003,7.47776281494353,7.40732849031396,94
"101",2018,3,7.59017355371901,121,7.839234375,7.31052631578947,8,7.5,7.60593203883495,64,57,6,18,103,7260,4392,2868,397,1169,6091,7.42154256198347,7.67690209471767,7.03048988842399,7.09659949622166,7.47810521813516,7.41068691512067,95
"102",2018,4,7.35084745762712,118,7.71492537313433,6.87254901960784,6,7.45,7.34166666666667,67,51,1,10,108,7378,4459,2919,398,1179,6199,7.42041190024397,7.67747342453465,7.02773038711888,7.09384422110553,7.47786683630195,7.40948443297306,96
"103",2018,5,7.17898305084746,118,7.44457142857143,6.79166666666667,7.33333333333333,7.44705882352941,7.13386138613861,70,48,3,17,101,7496,4529,2967,401,1196,6300,7.4166113927428,7.67387370280415,7.02391135827435,7.09563591022444,7.47742892976589,7.40506571428571,97
"104",2018,6,7.3883125,96,7.72832786885246,6.79571428571429,6.86666666666667,7.66538461538462,7.3449156626506,61,35,6,13,83,7592,4590,3002,407,1209,6383,7.41625355637513,7.67459738562092,7.02125083277815,7.09226044226044,7.47944995864351,7.40428356572145,98
"105",2018,7,7.47307692307692,104,7.84237288135593,6.98888888888889,7,8.35714285714286,7.40927835051546,59,45,5,7,97,7696,4649,3047,412,1216,6480,7.41702143970894,7.67672660787266,7.02077289136856,7.09114077669903,7.48450246710526,7.40435833333333,99
"106",2018,8,7.41990291262136,103,7.63888888888889,7.075,6.78571428571429,8.16875,7.35684210526316,63,40,7,8,95,7799,4712,3087,419,1224,6575,7.41705949480703,7.67622071307301,7.02147554259799,7.08603818615752,7.48897467320261,7.40367178707224,100
"107",2018,9,7.3495652173913,115,7.59016393442623,7.07777777777778,7.16666666666667,7.88888888888889,7.30377358490566,61,54,3,9,106,7914,4773,3141,422,1233,6681,7.41607872125348,7.67512088833019,7.02244348933461,7.08661137440758,7.49189375506894,7.40208681335129,101
"108",2018,10,7.102734375,128,7.20394736842105,6.95480769230769,5.9,7.09565217391304,7.10428571428571,76,52,3,23,105,8042,4849,3193,425,1256,6786,7.41109139517533,7.66773602804702,7.02134199812089,7.07823529411765,7.4846377388535,7.39747892720306,102
"109",2018,11,7.3719512195122,123,7.6875,7.07142857142857,7,7.52173913043478,7.3375,60,63,6,23,100,8165,4909,3256,431,1279,6886,7.41050177587263,7.66797759217763,7.02231111793612,7.07714617169374,7.48530492572322,7.39660790008713,103
"110",2018,12,7.42490921568627,153,7.60549580645161,7.145,6.5,7.23333333333333,7.44573268115942,93,60,2,15,138,8318,5002,3316,433,1294,7024,7.41076678408271,7.66681589564175,7.02453106151991,7.07448036951501,7.48238408037094,7.39757305096811,104
"111",2019,1,7.4577352631579,209,7.66273715447154,7.16453488372093,6.35555555555556,7.51,7.44758097142857,123,86,9,34,175,8527,5125,3402,442,1328,7199,7.41191799929635,7.66671800585366,7.02807025279248,7.05984162895928,7.48309111445783,7.39878869009585,105
"112",2019,2,7.4581679389313,131,7.655,7.1063829787234,6.66666666666667,7.06,7.47396825396825,84,47,3,5,126,8658,5209,3449,445,1333,7325,7.41261778470778,7.66652904204262,7.02913743113946,7.05719101123595,7.48150412603151,7.40008188122867,106
"113",2019,3,7.31687943262411,141,7.65173333333333,6.93636363636364,5.1,7.5,7.29507936507937,75,66,5,15,126,8799,5284,3515,450,1348,7451,7.41108362086601,7.6663190348221,7.02739544807966,7.03544444444444,7.48170994065282,7.39830623808885,107
"114",2019,4,7.12911,100,7.22905769230769,7.02083333333333,6.66666666666667,8.0511,7.02666666666667,52,48,3,10,90,8899,5336,3563,453,1358,7541,7.40791502191257,7.66205786731634,7.02730704462532,7.03300220750552,7.4859027982327,7.39387081023737,108
"115",2019,5,7.45133990196078,102,7.72011910714286,7.12413043478261,6.75,7.6875,7.43124117021277,56,46,4,8,94,9001,5392,3609,457,1366,7635,7.40840711587601,7.66266087722552,7.02854114713217,7.03052516411379,7.48708345534407,7.39433090373281,109
"116",2019,6,7.56102099099099,111,7.715215,7.36591836734694,6.30375,7.11363636363636,7.6102333,62,49,8,11,100,9112,5454,3658,465,1377,7735,7.41026621817384,7.66325830216355,7.03306041552761,7.01802150537634,7.48410021786492,7.39712214350356,110
"117",2019,7,7.28264,125,7.53240506329114,6.85369565217391,7,6.91176470588235,7.34101851851852,79,46,3,17,108,9237,5533,3704,468,1394,7843,7.40853911226589,7.66138998373396,7.03083288336933,7.01790598290598,7.47712051649928,7.3963495830677,111
"118",2019,8,7.43780141843972,141,7.497875,7.35901639344262,8.025,7.70833333333333,7.41263565891473,80,61,4,12,129,9378,5613,3765,472,1406,7972,7.40897907656217,7.65905946552646,7.03615006640106,7.0264406779661,7.47909388335704,7.39661311841445,112
"119",2019,9,7.37296610169492,118,7.56915492957746,7.07659574468085,5.5,7.61764705882353,7.33178217821782,71,47,2,17,101,9496,5684,3812,474,1423,8073,7.40853156908172,7.65793644968332,7.03664874081847,7.02,7.48074912157414,7.39580202898551,113
"120",2019,10,7.48532520325203,123,7.65533783783784,7.22857142857143,6.66666666666667,7.65625,7.45976635514019,74,49,3,16,107,9619,5758,3861,477,1439,8180,7.40951354402745,7.65790305314345,7.03908443408444,7.01777777777778,7.48270048644892,7.39663872616137,114
"121",2019,11,7.44926470588235,136,7.56438356164384,7.31587301587302,6.81428571428571,7.54117647058824,7.43613445378151,73,63,7,17,119,9755,5831,3924,484,1456,8299,7.41006773757048,7.65673225518779,7.04352828746178,7.0148347107438,7.48338324175824,7.39720505844078,115
"122",2019,12,7.51380487804878,205,7.71201680672269,7.23953488372093,7.72222222222222,7.258,7.54933333333333,119,86,9,25,180,9960,5950,4010,493,1481,8479,7.41220288955823,7.65783794621849,7.0477319201995,7.02774847870182,7.4795786630655,7.40043457719071,116
"123",2020,1,7.49846465454545,275,7.83206563758389,7.10396825396825,7.3,7.83928571428571,7.45982906882591,149,126,20,28,247,10235,6099,4136,513,1509,8726,7.41452062139717,7.66209436956878,7.04944511605416,7.03836257309941,7.48625314777999,7.40211581022233,117
"124",2020,2,7.2919209039548,177,7.76010638297872,6.76168674698795,6.41111111111111,7.95833333333333,7.21647798742138,94,83,9,18,159,10412,6193,4219,522,1527,8885,7.41243647330004,7.6635820377846,7.04378407205499,7.02754789272031,7.49181794368042,7.39879376027012,118
"125",2020,3,7.21811716981132,159,7.61753682352941,6.75932432432432,6.875,7.5,7.19716641891892,85,74,4,11,148,10571,6278,4293,526,1538,9033,7.40951368744679,7.66295861580121,7.038880736082,7.02638783269962,7.49187646293888,7.39549022362449,119
"126",2020,4,7.2741935483871,124,7.3304347826087,7.20363636363636,7.125,7.625,7.23660714285714,69,55,4,12,112,10695,6347,4348,530,1550,9145,7.40794475829827,7.65934365684576,7.04096481140754,7.0271320754717,7.49290709677419,7.39354436194642,120
"127",2020,5,7.38859649122807,114,7.56417910447761,7.13829787234043,5.08333333333333,7.96666666666667,7.32058823529412,67,47,6,12,102,10809,6414,4395,536,1562,9247,7.40774069664169,7.65834957748675,7.04200568828214,7.00537313432836,7.49654673495519,7.39273961176598,121
"128",2020,6,7.28226890756302,119,7.48366197183099,6.984375,5.66666666666667,7.81578947368421,7.1809,71,48,6,19,100,10928,6485,4443,542,1581,9347,7.40637437683016,7.65643703777949,7.04138307449921,6.99055350553505,7.50038330170778,7.39047322028458,122
"129",2020,7,7.40092727272727,110,7.70331147540984,7.02448979591837,6.07777777777778,7.13766666666667,7.43316326530612,61,49,9,12,98,11038,6546,4492,551,1593,9445,7.40632009331401,7.65687384509624,7.04119879786287,6.9756442831216,7.49765097300691,7.39091616622552,123
"130",2020,8,7.39370078740157,127,7.66266666666667,7.00576923076923,8.25,7.58333333333333,7.37391304347826,75,52,4,12,115,11165,6621,4544,555,1605,9560,7.40617655082848,7.65693946382722,7.04079335387324,6.98482882882883,7.49829158878505,7.39071163075314,124
"131",2020,9,7.23109243697479,119,7.47068965517241,7.00327868852459,7.21,7.91818181818182,7.16111111111111,58,61,10,11,108,11284,6679,4605,565,1616,9668,7.40433013027295,7.65532208264711,7.04029641693811,6.98881415929203,7.50114975247525,7.38814679251138,125
"132",2020,10,7.38702614379085,153,7.61383116883117,7.15723684210526,7,7.53321428571429,7.37230215827338,77,76,10,14,139,11437,6756,4681,575,1630,9807,7.40409864387514,7.65484919923032,7.04219504379406,6.98900869565217,7.50142515337423,7.38792221780361,126
"133",2020,11,7.46368300699301,143,7.63125451612903,7.152,8,7.625,7.45155390977444,93,50,2,10,133,11580,6849,4731,577,1640,9940,7.40483444386874,7.65452881588553,7.04335552737265,6.9925129982669,7.50217865853659,7.3887736277666,127
"134",2020,12,7.38010101010101,198,7.6283064516129,6.96418918918919,7,7.43055555555556,7.37505555555556,124,74,10,18,180,11778,6973,4805,587,1658,10120,7.40441865002547,7.65406250681199,7.04213631633715,6.9926405451448,7.50140108564536,7.38852963043478,128
"135",2021,1,7.36513636363636,220,7.6430081300813,7.01278350515464,6.59090909090909,7.65263157894737,7.33796019900497,123,97,11,19,201,11998,7096,4902,598,1677,10321,7.40369835472579,7.65387089346111,7.0415554875561,6.9852508361204,7.503114490161,7.38754479798469,129
"136",2021,2,7.32076529801324,151,7.49374206896552,7.085625,6.75,7.38888888888889,7.31154556390977,87,64,4,18,133,12149,7183,4966,602,1695,10454,7.40266757922463,7.65193142419602,7.04212343938784,6.9836877076412,7.50190147492625,7.38657790510809,130
"137",2021,3,7.29381860294118,136,7.45975609756098,7.04183944444444,7.10942857142857,7.26054545454545,7.29674664,82,54,7,11,125,12285,7265,5020,609,1706,10579,7.40146257631258,7.64976234273916,7.04212038446215,6.98513300492611,7.50034525205158,7.38551647131109,131
"138",2021,4,7.30810810810811,111,7.58382352941176,6.87209302325581,7.75,7.78571428571429,7.27596153846154,68,43,4,7,104,12396,7333,5063,613,1713,10683,7.40062663359148,7.64915088231283,7.04067634406479,6.99012398042414,7.50151138353765,7.384449943836,132
"139",2021,5,7.48035714285714,112,7.6271186440678,7.31698113207547,6.25,7.5,7.47821782178218,59,53,4,11,101,12508,7392,5116,617,1724,10784,7.4013405620403,7.64897502976191,7.04353876661454,6.98532576985413,7.50150174013921,7.38532814818249,133
"140",2021,6,7.15066666666667,120,7.59701492537313,6.58641509433962,7.16666666666667,7.4,7.11504761904762,67,53,3,15,105,12628,7459,5169,620,1739,10889,7.39895848511245,7.64850830138088,7.03885167924163,6.98620322580645,7.50062622196665,7.38272189824594,134
"141",2021,7,7.37230158730159,126,7.49813333333333,7.18725490196078,7.33333333333333,7.77142857142857,7.32241071428571,75,51,6,14,112,12754,7534,5220,626,1753,11001,7.39869513485965,7.6470113379347,7.04030159578544,6.9895303514377,7.50278893325727,7.38210787655668,135
"142",2021,8,7.35051851851852,135,7.73397590361446,6.73846153846154,7.35714285714286,6.75384615384615,7.41409836065574,83,52,7,13,122,12889,7617,5272,633,1766,11123,7.39819053068508,7.64795896284627,7.0373244176783,6.99359557661927,7.49727576443941,7.38245875663041,136
"143",2021,9,7.55044247787611,113,7.82946428571429,7.27631578947368,7.25,7.54545454545455,7.55098039215686,56,57,4,11,102,13002,7673,5329,637,1777,11225,7.39951374788494,7.64928364655285,7.0398807149559,6.99520565149136,7.49757400112549,7.38399008908686,137
"144",2021,10,7.36335616438356,146,7.60705882352941,7.02377049180328,6.72,7.30714285714286,7.36931818181818,85,61,10,14,132,13148,7758,5390,647,1791,11357,7.39911224140554,7.64882101314772,7.03969839146568,6.99095208655332,7.49608542713568,7.3838195606234,138
"145",2021,11,7.35867469879518,166,7.61239583333333,7.01071428571429,7.26,7.97692307692308,7.30614379084967,96,70,5,13,153,13314,7854,5460,652,1804,11510,7.39860806294127,7.64837578558696,7.0393268003663,6.99301533742331,7.49955044345898,7.38278703301477,139
"146",2021,12,7.28583690987124,233,7.40075187969925,7.133,6.74285714285714,7.76923076923077,7.25727272727273,133,100,7,13,220,13547,7987,5560,659,1817,11730,7.39666846903374,7.64425233754852,7.04101157014389,6.99035811836115,7.50147991194276,7.38043297101449,140
"147",2022,1,7.32870523415978,363,7.49419642857143,7.06201438848921,6.54133333333333,7.46888888888889,7.31327217125382,224,139,15,36,327,13910,8211,5699,674,1853,12057,7.39489487778577,7.64015874071368,7.04152383400597,6.9803649851632,7.50084673502429,7.3786114912499,141
"148",2022,2,7.43443260638298,188,7.75935894230769,7.03214285714286,7.8,7.50625,7.42775191860465,104,84,5,16,172,14098,8315,5783,679,1869,12229,7.39542212228685,7.64164963920625,7.04138757219437,6.98640058910162,7.50089299090423,7.3793026478044,142
"149",2022,3,7.27613259668508,181,7.42578431372549,7.08291139240506,7.5,7.675,7.23745454545455,102,79,9,16,165,14279,8417,5862,688,1885,12394,7.39391001330626,7.63903371153618,7.04194717331969,6.99311918604651,7.50237082228117,7.37741423914797,143
"150",2022,4,7.47115104166667,192,7.66239669421488,7.14522535211268,7.07142857142857,7.35652173913043,7.48675147928994,121,71,7,23,169,14471,8538,5933,695,1908,12563,7.39493484071592,7.63936481026002,7.04318309961234,6.99390791366906,7.50061268343816,7.37888506566903,144
"151",2022,5,7.17346153846154,169,7.39595505617978,6.9259375,7.1,7.2,7.1706862745098,89,80,5,16,153,14640,8627,6013,700,1924,12716,7.392378215847,7.63685368610177,7.0416232047231,6.99466571428571,7.49811278586279,7.37638,145
"152",2022,6,7.54845680555556,144,7.56539493975904,7.52540983606557,7.88333333333333,7.57,7.54498209677419,83,61,6,20,124,14784,8710,6074,706,1944,12840,7.39389846185065,7.63617273593571,7.04648177971683,7.00221813031161,7.49885236625514,7.37800824454829,146
"153",2022,7,7.35527607361963,163,7.52011111111111,7.15205479452055,7.75,7.375,7.35342281879195,90,73,2,14,149,14947,8800,6147,708,1958,12989,7.39347727704556,7.63498574204545,7.04773553440703,7.00433050847457,7.49796680286006,7.37772621910848,147
"154",2022,8,7.29883040935673,171,7.55535714285714,7.05114942528736,7.21428571428571,7.55,7.27467948717949,84,87,7,15,156,15118,8884,6234,715,1973,13145,7.39240672443445,7.63423283768573,7.047783177735,7.00638601398601,7.498362392296,7.37650329859262,148
"155",2022,9,7.28136690647482,139,7.56117647058824,7.01338028169014,6.875,7.48333333333333,7.25132231404959,68,71,4,18,121,15257,8952,6305,719,1991,13266,7.39139508815626,7.63367789655943,7.04739577002379,7.00565507649513,7.49822651933702,7.37536151515152,149
"156",2022,10,7.46933108843537,147,7.61793654761905,7.27119047619048,7.33333333333333,7.24285714285714,7.49317045112782,84,63,6,14,133,15404,9036,6368,725,2005,13399,7.3921388295248,7.63353156263833,7.04960981940955,7.00836689655172,7.4964433915212,7.37653090006717,150
"157",2022,11,7.35350877192982,171,7.73877551020408,6.83630136986301,6.1875,7.58333333333333,7.32647058823529,98,73,8,18,153,15575,9134,6441,733,2023,13552,7.39171470497593,7.63466074009196,7.04719225741345,6.99940791268758,7.49721651013347,7.37596572682999,151
"158",2022,12,7.46112727272727,275,7.64783439490446,7.21271186440678,6.5,7.11071428571429,7.50085020242915,157,118,4,28,247,15850,9291,6559,737,2051,13799,7.39291902397477,7.63488334947799,7.05017004573868,6.996697421981,7.49194002925402,7.37820113993768,152
