"","year","month","avg_rating","no_ratings","avg_rating_owned","avg_rating_not_owned","avg_rating_prev_owned","avg_rating_comment","avg_rating_no_comment","no_ratings_owned","no_ratings_not_owned","no_ratings_prev_owned","no_ratings_comment","no_ratings_no_comment","cum_no_ratings","cum_no_ratings_owned","cum_no_ratings_not_owned","cum_no_ratings_prev_owned","cum_no_ratings_comment","cum_no_ratings_no_comment","cum_avg_rating","cum_avg_rating_owned","cum_avg_rating_not_owned","cum_avg_rating_prev_owned","cum_avg_rating_comment","cum_avg_rating_no_comment","month_after_release"
"1",2009,7,7.5,2,8,7,NA,8,7,1,1,0,1,1,2,1,1,0,1,1,7.5,8,7,NA,8,7,-4
"2",2009,10,8.75,2,10,7.5,7.5,7.5,10,1,1,1,1,1,4,2,2,1,2,2,8.125,9,7.25,7.5,7.75,8.5,-1
"3",2009,11,7.17142857142857,7,8.06666666666667,6.5,NA,7.7,7.08333333333333,3,4,0,1,6,11,5,6,1,3,8,7.51818181818182,8.44,6.75,7.5,7.73333333333333,7.4375,0
"4",2009,12,7.525,12,7.9,7,7,7.76,7.35714285714286,7,5,1,5,7,23,12,11,2,8,15,7.52173913043478,8.125,6.86363636363636,7.25,7.75,7.4,1
"5",2010,1,7.86538461538461,26,8.425,7.515625,7.97222222222222,7.51666666666667,8.34090909090909,10,16,9,15,11,49,22,27,11,23,26,7.70408163265306,8.26136363636364,7.25,7.84090909090909,7.59782608695652,7.79807692307692,2
"6",2010,2,7.66129032258065,62,7.75757575757576,7.55172413793103,7.42307692307692,7.52272727272727,7.7375,33,29,13,22,40,111,55,56,24,45,66,7.68018018018018,7.95909090909091,7.40625,7.61458333333333,7.56111111111111,7.76136363636364,3
"7",2010,3,7.44166666666667,78,7.86805555555556,7.07619047619048,7.30769230769231,7.428,7.44811320754717,36,42,13,25,53,189,91,98,37,70,119,7.58174603174603,7.92307692307692,7.26479591836735,7.50675675675676,7.51357142857143,7.6218487394958,4
"8",2010,4,7.39,55,7.75,7.04285714285714,6.73076923076923,6.95833333333333,7.6,27,28,13,18,37,244,118,126,50,88,156,7.53852459016393,7.88347457627119,7.21547619047619,7.305,7.4,7.61666666666667,5
"9",2010,5,7.24730769230769,52,7.30526315789474,7.21393939393939,7.10333333333333,7.295,7.22205882352941,19,33,15,18,34,296,137,159,65,106,190,7.48736486486486,7.80328467153285,7.2151572327044,7.25846153846154,7.38216981132075,7.54605263157895,6
"10",2010,6,6.97592592592593,27,7.26153846153846,6.71071428571429,7.07857142857143,6.525,7.33666666666667,13,14,7,12,15,323,150,173,72,118,205,7.44461300309597,7.75633333333333,7.17433526011561,7.24097222222222,7.295,7.53073170731707,7
"11",2010,7,6.93875,40,7.21315789473684,6.69047619047619,6.83333333333333,6.58333333333333,7.09107142857143,19,21,9,12,28,363,169,194,81,130,233,7.38887052341598,7.69526627218935,7.1219587628866,7.19567901234568,7.22930769230769,7.47789699570815,8
"12",2010,8,7.12215909090909,44,7.49264705882353,6.88888888888889,6.56666666666667,6.86964285714286,7.24,17,27,12,14,30,407,186,221,93,144,263,7.36003685503685,7.67674731182796,7.09348416289593,7.11451612903226,7.19434027777778,7.45076045627376,9
"13",2010,9,6.909375,32,6.9,6.91578947368421,7.58,6.6875,6.98333333333333,13,19,5,8,24,439,199,240,98,152,287,7.3271867881549,7.62600502512563,7.07941666666667,7.13826530612245,7.16766447368421,7.4116724738676,10
"14",2010,10,6.717,50,6.98913043478261,6.48518518518518,6.80625,6.375,6.825,23,27,16,12,38,489,222,267,114,164,325,7.26479550102249,7.56002252252252,7.01932584269663,7.09166666666667,7.10966463414634,7.34307692307692,11
"15",2010,11,6.7828125,32,7.38,6.51136363636364,6.54545454545455,6.95,6.75185185185185,10,22,11,5,27,521,232,289,125,169,352,7.23519193857965,7.55226293103448,6.98065743944637,7.0436,7.10494082840237,7.29772727272727,12
"16",2010,12,6.71463414634146,41,7.3,6.1,6.5625,7.11111111111111,6.603125,21,20,8,9,32,562,253,309,133,178,384,7.1972153024911,7.53132411067194,6.9236569579288,7.01466165413534,7.10525280898876,7.23984375,13
"17",2011,1,6.80754716981132,53,7.08095238095238,6.628125,6.36666666666667,6.74285714285714,6.83076923076923,21,32,15,14,39,615,274,341,148,192,423,7.16363414634146,7.49680656934307,6.89592375366569,6.94898648648649,7.078828125,7.20212765957447,14
"18",2011,2,6.75185185185185,54,7.37368421052632,6.41428571428571,6.84375,6.34347826086957,7.05483870967742,19,35,16,23,31,669,293,376,164,215,454,7.13039611360239,7.48882252559727,6.85109042553191,6.93871951219512,7.00016279069767,7.1920704845815,15
"19",2011,3,6.9531914893617,47,7.27894736842105,6.73214285714286,6.75,7.14705882352941,6.84333333333333,19,28,14,17,30,716,312,404,178,232,484,7.11876396648045,7.47604166666667,6.84284653465346,6.92387640449438,7.01092672413793,7.17045454545455,16
"20",2011,4,6.92666666666667,30,7.25294117647059,6.5,6.4,6.68571428571429,7,17,13,5,7,23,746,329,417,183,239,507,7.11103887399464,7.46451367781155,6.83215827338129,6.90956284153005,7.00140167364017,7.16272189349112,17
"21",2011,5,6.88269230769231,26,7.21428571428571,6.76052631578947,7.375,6.30555555555556,7.18823529411765,7,19,6,9,17,772,336,436,189,248,524,7.10334844559586,7.4593005952381,6.82903669724771,6.92433862433862,6.97614919354839,7.16354961832061,18
"22",2011,6,6.19318181818182,22,6.63888888888889,5.88461538461539,5.25,5.625,6.51785714285714,9,13,4,8,14,794,345,449,193,256,538,7.07812972292191,7.43789855072464,6.80169265033407,6.88963730569948,6.93392578125,7.14674721189591,19
"23",2011,7,6.63970588235294,34,7.25,6.26190476190476,6.22727272727273,6.125,6.79807692307692,13,21,11,8,26,828,358,470,204,264,564,7.0601268115942,7.43107541899441,6.77757446808511,6.85392156862745,6.90941287878788,7.13067375886525,20
"24",2011,8,6.82352941176471,34,7.17647058823529,6.47058823529412,6.61111111111111,6.33333333333333,7,17,17,9,9,25,862,375,487,213,273,589,7.05079466357309,7.41953333333333,6.76685831622177,6.84366197183099,6.89042124542125,7.1251273344652,21
"25",2011,9,6.51666666666667,24,6.67,6.40714285714286,5.75,5.5,6.72,10,14,6,4,20,886,385,501,219,277,609,7.03632618510158,7.40006493506494,6.75680638722555,6.81369863013699,6.87034296028881,7.11182266009852,22
"26",2011,10,6.68428571428571,35,7.38461538461539,6.27045454545455,6.33333333333333,5.8,7.038,13,22,12,10,25,921,398,523,231,287,634,7.02294788273616,7.39956030150754,6.73634799235182,6.78874458874459,6.8330487804878,7.10891167192429,23
"27",2011,11,6.50857142857143,35,7.10833333333333,6.19565217391304,6.38636363636364,6.225,6.622,12,23,11,10,25,956,410,546,242,297,659,7.00411610878661,7.39103658536585,6.71357142857143,6.77045454545454,6.81257575757576,7.09044006069803,24
"28",2011,12,6.2,14,6.7875,5.41666666666667,5,6.8,5.86666666666667,8,6,4,5,9,970,418,552,246,302,668,6.99251030927835,7.37948564593302,6.69947463768116,6.74166666666667,6.81236754966887,7.07395209580838,25
"29",2012,1,6.43513513513513,37,7.17142857142857,5.98695652173913,6.30833333333333,5.94,6.61851851851852,14,23,12,10,27,1007,432,575,258,312,695,6.97203078450844,7.37274305555556,6.67097391304348,6.72151162790698,6.78440705128205,7.05625899280576,26
"30",2012,2,6.48181818181818,22,7.2,5.88333333333333,7.02,5.4,6.8,10,12,5,5,17,1029,442,587,263,317,712,6.96155004859087,7.36883484162896,6.65487223168654,6.72718631178707,6.76257097791798,7.0501404494382,27
"31",2012,3,6.70588235294118,17,7.25,6.40909090909091,6.25,6.28571428571429,7,6,11,4,7,10,1046,448,598,267,324,722,6.9573948374761,7.36724330357143,6.65035117056856,6.72003745318352,6.75226851851852,7.0494459833795,28
"32",2012,4,6.86,25,6.9,6.83333333333333,6.83333333333333,6.75,6.88095238095238,10,15,6,4,21,1071,458,613,273,328,743,6.95512138188609,7.35704148471616,6.65482871125612,6.72252747252747,6.75224085365854,7.04468371467026,29
"33",2012,5,6.11875,24,6.47727272727273,5.81538461538462,5.65,5.66,6.44642857142857,11,13,6,10,14,1095,469,626,279,338,757,6.9367899543379,7.33640724946695,6.63739616613418,6.6994623655914,6.71992603550296,7.03361955085865,30
"34",2012,6,6.34090909090909,22,7,5.79166666666667,5.83333333333333,6.27272727272727,6.40909090909091,10,12,6,11,11,1117,479,638,285,349,768,6.92505371530886,7.32938413361169,6.62148902821316,6.68122807017544,6.70583094555874,7.02467447916667,31
"35",2012,7,6.8156,25,6.99454545454545,6.675,6.72222222222222,6.92,6.775,11,14,9,7,18,1142,490,652,294,356,786,6.92265761821366,7.32186734693878,6.62263803680981,6.68248299319728,6.71004213483146,7.01895674300255,32
"36",2012,8,6.43333333333333,21,6.9375,6.12307692307692,5.35,6.7,6.35,8,13,6,5,16,1163,498,665,300,361,802,6.91382201203784,7.31569277108434,6.61287218045113,6.65583333333333,6.70990304709141,7.00561097256858,33
"37",2012,9,6.20714285714286,28,6.87857142857143,5.53571428571429,6.3,5.625,6.44,14,14,5,8,20,1191,512,679,305,369,822,6.89720822837952,7.303740234375,6.59066273932253,6.65,6.68638211382114,6.99184914841849,34
"38",2012,10,6.28571428571429,21,7.16666666666667,5.93333333333333,6.3,6.91666666666667,6.03333333333333,6,15,5,6,15,1212,518,694,310,375,837,6.88661303630363,7.30215250965251,6.5764553314121,6.64435483870968,6.69006666666667,6.97467144563919,35
"39",2012,11,6.15,25,6.83333333333333,5.51923076923077,6.35,5.29166666666667,6.42105263157895,12,13,5,6,19,1237,530,707,315,381,856,6.87172594987874,7.29153773584906,6.55701555869873,6.63968253968254,6.66804461942257,6.96238317757009,36
"40",2012,12,6.50666666666667,30,6.93333333333333,6.22222222222222,6.72222222222222,6.4625,6.52272727272727,12,18,9,8,22,1267,542,725,324,389,878,6.8630820836622,7.28360701107011,6.54870344827586,6.64197530864198,6.66381748071979,6.95136674259681,37
"41",2013,1,6.76086956521739,23,7.03846153846154,6.4,6,5.95,7.04705882352941,13,10,1,6,17,1290,555,735,325,395,895,6.86125968992248,7.27786486486487,6.54668027210884,6.64,6.6529746835443,6.9531843575419,38
"42",2013,2,6.41379310344828,29,7.1,6.05263157894737,5.85714285714286,5.7,6.5625,10,19,7,5,24,1319,565,754,332,400,919,6.85142153146323,7.27471681415929,6.53423076923077,6.62349397590361,6.6410625,6.94298150163221,39
"43",2013,3,6.86842105263158,19,7.07142857142857,6.75,7,6.75,6.88235294117647,7,12,3,2,17,1338,572,766,335,402,936,6.85166292974589,7.27222902097902,6.53761096605744,6.62686567164179,6.64160447761194,6.94188034188034,40
"44",2013,4,6.4375,16,6.75,6.33333333333333,6.125,5,6.53333333333333,4,12,4,1,15,1354,576,778,339,403,951,6.84676883308715,7.26860243055556,6.53446015424164,6.62094395280236,6.63753101736973,6.935436382755,41
"45",2013,5,6.77727272727273,22,7.46666666666667,5.95,5.78571428571429,6.85714285714286,6.74,12,10,7,7,15,1376,588,788,346,410,966,6.84565770348837,7.27264455782313,6.52704314720812,6.60404624277457,6.64128048780488,6.9324016563147,42
"46",2013,6,6.3,15,7.07142857142857,5.625,5,8,6.03846153846154,7,8,1,2,13,1391,595,796,347,412,979,6.8397735442128,7.27027731092437,6.51797738693467,6.59942363112392,6.64787621359223,6.92053115423902,43
"47",2013,7,7.01315789473684,19,7.09090909090909,6.90625,6.875,6.75,7.10714285714286,11,8,2,5,14,1410,606,804,349,417,993,6.84210992907802,7.26702145214522,6.5218407960199,6.60100286532951,6.64910071942446,6.92316213494461,44
"48",2013,8,6.6,10,6.75,6.5,6,6,6.75,4,6,1,2,8,1420,610,810,350,419,1001,6.84040492957747,7.26363114754098,6.52167901234568,6.59928571428571,6.64600238663484,6.92177822177822,45
"49",2013,9,6.4375,16,6.55,6.25,6.75,6.25,6.55,10,6,2,6,10,1436,620,816,352,425,1011,6.83591573816156,7.25212096774194,6.51968137254902,6.60014204545455,6.64041176470588,6.91810089020772,46
"50",2013,10,6.11904761904762,21,6.6875,5.76923076923077,5.83333333333333,5.83333333333333,6.23333333333333,8,13,6,6,15,1457,628,829,358,431,1026,6.82558339052849,7.24492834394905,6.50791314837153,6.5872905027933,6.62917633410673,6.90808966861599,47
"51",2013,11,6.48695652173913,23,6.16666666666667,6.6,6.16666666666667,7,6.43809523809524,6,17,6,2,21,1480,634,846,364,433,1047,6.82032094594595,7.23472397476341,6.50976359338061,6.58035714285714,6.63088914549654,6.89866284622732,48
"52",2013,12,6.15789473684211,19,7.28571428571429,5.5,5.85714285714286,5.66666666666667,6.6,7,12,7,9,10,1499,641,858,371,442,1057,6.81192461641094,7.23528081123245,6.49564102564102,6.5667115902965,6.6112556561086,6.89583727530748,49
"53",2014,1,5.91666666666667,24,5.81818181818182,6,6.23076923076923,5.91666666666667,5.91666666666667,11,13,13,6,18,1523,652,871,384,448,1075,6.79781680892975,7.2113726993865,6.48824339839265,6.55533854166667,6.601953125,6.87944186046512,50
"54",2014,2,5.9875,20,7.21428571428571,5.32692307692308,5.375,6.1,5.95,7,13,4,5,15,1543,659,884,388,453,1090,6.78731367465976,7.21140364188164,6.47116515837104,6.54317010309278,6.59641280353201,6.86665137614679,51
"55",2014,3,6.34615384615385,13,6.58333333333333,6.14285714285714,5,6.5,6.33333333333333,6,7,3,1,12,1556,665,891,391,454,1102,6.78362789203085,7.20573684210526,6.46858585858586,6.53132992327366,6.59620044052863,6.86084392014519,52
"56",2014,4,6.59460714285714,14,6.58333333333333,6.6030625,5.66666666666667,6,6.75677272727273,6,8,3,3,11,1570,671,899,394,457,1113,6.7819423566879,7.20017138599106,6.46978253615128,6.5247461928934,6.59228665207877,6.8598153638814,53
"57",2014,5,6.3,10,8,6.11111111111111,6.11111111111111,5.8,6.8,1,9,9,5,5,1580,672,908,403,462,1118,6.7788920886076,7.20136160714286,6.46622742290749,6.51550868486352,6.58371212121212,6.85954785330948,54
"58",2014,6,5.68928571428571,14,5.94285714285714,5.43571428571429,5,6.75,5.5125,7,7,3,2,12,1594,679,915,406,464,1130,6.7693221455458,7.18838733431517,6.45834371584699,6.50431034482759,6.58442887931034,6.84524292035398,55
"59",2014,7,6.19047619047619,21,6.14285714285714,6.21428571428571,6.3,6.25,6.16666666666667,7,14,5,6,15,1615,686,929,411,470,1145,6.76179535603715,7.17771865889213,6.45466576964478,6.50182481751825,6.58015957446808,6.83635327510917,56
"60",2014,8,5.99444444444444,18,6.48,5.80769230769231,6.75,7,5.79333333333333,5,13,4,3,15,1633,691,942,415,473,1160,6.75333710961421,7.17267004341534,6.4457372611465,6.50421686746988,6.58282241014799,6.82286594827586,57
"61",2014,9,6.64736842105263,19,7.475,6.04545454545455,5.41666666666667,6.83333333333333,6.6125,8,11,6,3,16,1652,699,953,421,476,1176,6.75211834140436,7.17613018597997,6.44111699895068,6.48871733966746,6.5844012605042,6.82000382653061,58
"62",2014,10,6.52941176470588,17,6.75,6.33333333333333,5.625,6.58333333333333,6.5,8,9,4,6,11,1669,707,962,425,482,1187,6.74984991012583,7.17130834512023,6.44010862785863,6.48058823529412,6.58438796680498,6.81703833192923,59
"63",2014,11,6.5,19,6.85555555555556,6.18,5.6,5.98333333333333,6.73846153846154,9,10,5,6,13,1688,716,972,430,488,1200,6.74703761848341,7.16733938547486,6.43743261316872,6.4703488372093,6.57699795081967,6.81618708333334,60
"64",2014,12,6.72352941176471,17,7.2,6.1875,6.33333333333333,7.66,6.33333333333333,9,8,3,5,12,1705,725,980,433,493,1212,6.74680322580645,7.16774482758621,6.43539234693877,6.46939953810624,6.58798174442191,6.81140635313531,61
"65",2015,1,6.80769230769231,13,7,6.64285714285714,6.625,7,6.75,6,7,4,3,10,1718,731,987,437,496,1222,6.74726396973225,7.16636798905609,6.43686372847011,6.470823798627,6.59047379032258,6.81090384615385,62
"66",2015,2,6.05333333333333,15,5.9125,6.21428571428571,5.5,6.575,5.86363636363636,8,7,2,4,11,1733,739,994,439,500,1233,6.7412576457011,7.15279431664411,6.435296277666,6.46640091116173,6.59035,6.80245296025953,63
"67",2015,3,6.57692307692308,13,6.9625,5.96,5.93333333333333,NA,6.57692307692308,8,5,3,0,13,1746,747,999,442,500,1246,6.74003407789233,7.15075635876841,6.43291741741742,6.46278280542986,6.59035,6.80009991974318,64
"68",2015,4,6.25454545454545,11,7.2,5.71428571428571,5,6.16,6.33333333333333,4,7,3,5,6,1757,751,1006,445,505,1252,6.73699459305635,7.15101864181092,6.42791699801193,6.45292134831461,6.58608910891089,6.79786301916933,65
"69",2015,5,6.77777777777778,9,7.1,6.375,NA,6.375,7.1,5,4,0,4,5,1766,756,1010,445,509,1257,6.73720243488109,7.15068121693122,6.42770742574257,6.45292134831461,6.58443025540275,6.79906483691329,66
"70",2015,6,6.94444444444444,9,8,6.41666666666667,6,7,6.91666666666667,3,6,4,3,6,1775,759,1016,449,512,1263,6.73825323943662,7.15403820816864,6.42764222440945,6.4488864142539,6.586865234375,6.79962351543943,67
"71",2015,7,6.92857142857143,14,7.3125,6.41666666666667,6,6.25,7.2,8,6,1,4,10,1789,767,1022,450,516,1273,6.73974259362773,7.15569100391134,6.42757778864971,6.44788888888889,6.58425387596899,6.80276865671642,68
"72",2015,8,6.225,20,7.0625,5.66666666666667,5,6.3,6.2,8,12,4,5,15,1809,775,1034,454,521,1288,6.73405168601437,7.15472903225807,6.41874709864603,6.43513215859031,6.58152591170825,6.79574883540373,69
"73",2015,9,6.83333333333333,9,7.33333333333333,6.58333333333333,6,6,7.07142857142857,3,6,4,2,7,1818,778,1040,458,523,1295,6.73454317931793,7.1554177377892,6.41969663461538,6.43133187772926,6.57930210325048,6.797238996139,70
"74",2015,10,6.28125,16,6.5,6.0625,6.16666666666667,5.66666666666667,6.42307692307692,8,8,3,3,13,1834,786,1048,461,526,1308,6.73058860414395,7.14874681933842,6.41696994274809,6.42960954446855,6.57409695817491,6.79352025993884,71
"75",2015,11,6.65,16,6.9875,6.3125,6.21428571428571,6.5,6.67142857142857,8,8,7,2,14,1850,794,1056,468,528,1322,6.72989162162162,7.14712216624685,6.41617850378788,6.42638888888889,6.57381628787879,6.79222730711044,72
"76",2015,12,6.26923076923077,13,6.5,6,6,5,6.65,7,6,6,3,10,1863,801,1062,474,531,1332,6.72667713365539,7.14146691635456,6.41382721280603,6.42099156118143,6.56492467043315,6.79115953453454,73
"77",2016,1,6.44142857142857,21,6.77285714285714,5.77857142857143,6.38333333333333,5.48,6.741875,14,7,3,5,16,1884,815,1069,477,536,1348,6.72349761146497,7.13513496932515,6.40966744621141,6.42075471698113,6.55480410447761,6.79057455489614,74
"78",2016,2,6.64285714285714,14,7.3,6.27777777777778,6.08333333333333,5.5,6.83333333333333,5,9,6,2,12,1898,820,1078,483,538,1360,6.72290279241307,7.13614024390244,6.40856632653061,6.41656314699793,6.55088289962825,6.7909518382353,75
"79",2016,3,6.52777777777778,18,6.76923076923077,5.9,5.83333333333333,6.33333333333333,6.56666666666667,13,5,3,3,15,1916,833,1083,486,541,1375,6.72106967640919,7.13041416566627,6.40621837488458,6.41296296296296,6.54967652495379,6.78850509090909,76
"80",2016,4,6.484375,16,6.77777777777778,6.10714285714286,5.95833333333333,5.475,6.62857142857143,9,7,6,2,14,1932,842,1090,492,543,1389,6.71910947204969,7.12664489311164,6.40429770642202,6.40741869918699,6.5457182320442,6.78689308855292,77
"81",2016,5,6.69615384615385,13,6.88333333333333,6.53571428571429,6.5,6.16666666666667,6.855,6,7,4,3,10,1945,848,1097,496,546,1399,6.71895604113111,7.1249233490566,6.40513628076572,6.40816532258065,6.54363553113553,6.78737991422445,78
"82",2016,6,6.534375,16,6.82142857142857,6.31111111111111,5.66666666666667,5.8,6.86818181818182,7,9,3,5,11,1961,855,1106,499,551,1410,6.71745002549719,7.12243859649123,6.40437115732369,6.40370741482966,6.53688747731397,6.78801028368794,79
"83",2016,7,6.61363636363636,11,7,6.46875,6.33333333333333,6.70833333333333,6.5,3,8,3,6,5,1972,858,1114,502,557,1415,6.71687094320487,7.12201048951049,6.40483348294434,6.40328685258964,6.53873429084381,6.7869925795053,80
"84",2016,8,6.40909090909091,33,6.98333333333333,6.08095238095238,6.01428571428571,5.26666666666667,6.52333333333333,12,21,7,3,30,2005,870,1135,509,560,1445,6.71180523690773,7.12009770114943,6.398840969163,6.39793713163065,6.53191964285714,6.78151868512111,81
"85",2016,9,5.97727272727273,11,7,5.59375,5.1875,7,5.875,3,8,4,1,10,2016,873,1143,513,561,1455,6.70779737103175,7.11968499427262,6.39320603674541,6.38849902534113,6.53275401069519,6.7752883161512,82
"86",2016,10,5.625,16,6.25,5,4,3.5,5.92857142857143,8,8,4,2,14,2032,881,1151,517,563,1469,6.69927140748031,7.11178774120318,6.383522589053,6.37001934235977,6.52198046181172,6.76721885636487,83
"87",2016,11,6.05434782608696,23,6.97727272727273,5.20833333333333,4.66666666666667,5.25,6.22368421052632,11,12,3,4,19,2055,892,1163,520,567,1488,6.69205328467153,7.11012892376682,6.37139681857266,6.36019230769231,6.51300705467372,6.76027856182796,84
"88",2016,12,6.68157894736842,19,7.08888888888889,6.315,5.92857142857143,5.125,7.09666666666667,9,10,7,4,15,2074,901,1173,527,571,1503,6.69195732883317,7.10991675915649,6.37091602728048,6.35445920303605,6.50328371278459,6.76363572854291,85
"89",2017,1,6.75,14,7.7,6.22222222222222,5.91666666666667,6.5,6.76923076923077,5,9,6,1,13,2088,906,1182,533,572,1516,6.69234650383142,7.11317328918322,6.36978384094755,6.34953095684803,6.50327797202797,6.76368370712401,86
"90",2017,2,6.66,20,7.5,5.97272727272727,6.12857142857143,6.91428571428571,6.52307692307692,9,11,7,7,13,2108,915,1193,540,579,1529,6.69203961100569,7.1169781420765,6.36612279966471,6.34666666666667,6.5082469775475,6.76163799869196,87
"91",2017,3,6.20134,10,6.8,5.60268,4.67113333333333,6,6.22371111111111,5,5,3,1,9,2118,920,1198,543,580,1538,6.68972280453258,7.11525543478261,6.36293647746244,6.33740957642726,6.50737068965517,6.75849018205462,88
"92",2017,4,6.06111111111111,9,6.5875,5.64,6.06666666666667,5.51,6.75,4,5,3,5,4,2127,924,1203,546,585,1542,6.68706295251528,7.11297077922078,6.35993175394846,6.33592197802198,6.49884615384615,6.75846815823606,89
"93",2017,5,6.31666666666667,12,6.76,6,5.66666666666667,2,6.70909090909091,5,7,6,1,11,2139,929,1210,552,586,1553,6.68498499298738,7.11107104413348,6.35784950413223,6.32864746376812,6.49116894197952,6.75811841596909,90
"94",2017,6,6.74545454545455,11,7.84,5.83333333333333,6,5,7.13333333333333,5,6,5,2,9,2150,934,1216,557,588,1562,6.68529437209302,7.11497323340471,6.35526143092105,6.3256973070018,6.48609693877551,6.76028034571063,91
"95",2017,7,6.71875,16,6.80769230769231,6.33333333333333,8,6.5,6.79166666666667,13,3,1,4,12,2166,947,1219,558,592,1574,6.68554150507849,7.11075501583949,6.35520746513536,6.32869784946237,6.48619087837838,6.76051963151207,92
"96",2017,8,6.87272727272727,11,6.95,6.66666666666667,6,6,6.96,8,3,1,1,10,2177,955,1222,559,593,1584,6.68648732200276,7.10940837696335,6.35597209492635,6.32810983899821,6.48537099494098,6.76177897727273,93
"97",2017,9,5.75,6,7,5.5,5.25,5,5.9,1,5,4,1,5,2183,956,1227,563,594,1589,6.68391337608795,7.10929393305439,6.35248402607987,6.32045008880995,6.48287037037037,6.75906727501573,94
"98",2017,10,7.11583333333333,12,7.4,6.5475,6.595,7,7.139,8,4,2,2,10,2195,964,1231,565,596,1599,6.68627466970387,7.11170643153527,6.35311770917953,6.32142194690265,6.48460570469799,6.76144333958724,95
"99",2017,11,6.148875,8,6.73033333333333,5.8,6,7,6.02728571428571,3,5,4,1,7,2203,967,1236,569,597,1606,6.68432315024966,7.11052326783868,6.35088017799353,6.31916239015817,6.48546901172529,6.75824339975093,96
"100",2017,12,6.13636363636364,11,6.33333333333333,5.9,4.66666666666667,5.5,6.27777777777778,6,5,3,2,9,2214,973,1241,572,599,1615,6.68160067750677,7.10573072970195,6.34906357775987,6.31049545454545,6.48217863105175,6.75556588235294,97
"101",2018,1,6.55,10,6.85714285714286,5.83333333333333,7,5.83333333333333,6.85714285714286,7,3,1,3,7,2224,980,1244,573,602,1622,6.68100894784173,7.10395510204082,6.34781985530546,6.31169877835951,6.47894518272425,6.7560042540074,98
"102",2018,2,6.55555555555556,9,6.9,5.86666666666667,6.3,6.15,6.67142857142857,6,3,1,2,7,2233,986,1247,574,604,1629,6.68050331392745,7.10271399594321,6.3466623095429,6.31167839721254,6.4778559602649,6.75564082259055,99
"103",2018,3,6.09230769230769,13,6.675,5.83333333333333,4.25,7.23333333333333,5.75,4,9,2,3,10,2246,990,1256,576,607,1639,6.67709879786287,7.10098585858586,6.34298399681529,6.30451979166667,6.48158978583196,6.74950512507627,100
"104",2018,4,6.5,4,6.5,NA,NA,NA,6.5,4,0,0,0,4,2250,994,1256,576,607,1643,6.67678395555556,7.09856740442656,6.34298399681529,6.30451979166667,6.48158978583196,6.74889768715764,101
"105",2018,5,6.34,10,6.48333333333333,6.125,5.83333333333333,5,6.48888888888889,6,4,3,1,9,2260,1000,1260,579,608,1652,6.67529376106195,7.094876,6.34229198412698,6.30207841105354,6.47915296052632,6.74748117433414,102
"106",2018,6,6.77,10,7.03333333333333,6.375,6.25,6.5,6.8375,6,4,2,2,8,2270,1006,1264,581,610,1660,6.675710969163,7.09450894632207,6.34239549050633,6.3018991394148,6.47922131147541,6.747915,103
"107",2018,7,6.27777777777778,9,6,6.3125,6.5,5.5,6.5,1,8,5,2,7,2279,1007,1272,586,612,1667,6.67413949100483,7.09342204568024,6.34220746855346,6.30358941979522,6.47602124183007,6.74687396520696,104
"108",2018,8,6.41428571428571,7,7.13333333333333,5.875,NA,NA,6.41428571428571,3,4,0,0,7,2286,1010,1276,586,612,1674,6.67334378827647,7.09354059405941,6.34074286833856,6.30358941979522,6.47602124183007,6.74548321385902,105
"109",2018,9,6.38888888888889,9,7.05,5.86,5,5,6.5625,4,5,3,1,8,2295,1014,1281,589,613,1682,6.6722282788671,7.09336883629191,6.33886643247463,6.29694974533107,6.47361337683524,6.74461290130797,106
"110",2018,10,6.72142857142857,7,7.41666666666667,6.2,NA,7,6.675,3,4,0,1,6,2302,1017,1285,589,614,1688,6.67237788879236,7.09432251720747,6.33843416342412,6.29694974533107,6.47447068403909,6.74436546208531,107
"111",2018,11,6.93571428571429,14,7.6375,6,6,7,6.93076923076923,8,6,1,1,13,2316,1025,1291,590,615,1701,6.67396973229706,7.09856195121951,6.33686127033307,6.29644644067797,6.47532520325203,6.74579006466784,108
"112",2018,12,6,7,6.5,5.33333333333333,8,7,5.6,4,3,1,2,5,2323,1029,1294,591,617,1706,6.6719388291003,7.0962351797862,6.33453469860896,6.29932893401015,6.47702593192869,6.74243194607268,109
"113",2019,1,6.375,8,6.6,6,6,7,6.28571428571429,5,3,3,1,7,2331,1034,1297,594,618,1713,6.67091973401973,7.09383558994197,6.33376090979183,6.29781717171717,6.47787216828479,6.74056561587858,110
"114",2019,2,7.25714285714286,7,7.36,7,NA,6.9,7.4,5,2,0,2,5,2338,1039,1299,594,620,1718,6.672674893071,7.09511645813282,6.33478668206312,6.29781717171717,6.47923387096774,6.74248480791618,111
"115",2019,3,6.16,10,6,6.22857142857143,6,4,6.4,3,7,2,1,9,2348,1042,1306,596,621,1727,6.670491439523,7.09196353166987,6.334217381317,6.2968177852349,6.47524154589372,6.7407,112
"116",2019,4,6.57142857142857,7,7.5,5.33333333333333,NA,6,6.66666666666667,4,3,0,1,6,2355,1046,1309,596,622,1733,6.670196985138,7.09352390057361,6.33192352941176,6.2968177852349,6.47447749196142,6.74044368147721,113
"117",2019,5,6.56,5,7.1,5.75,6,7,6.45,3,2,1,1,4,2360,1049,1311,597,623,1737,6.66996351694915,7.09354242135367,6.33103577421815,6.29632060301508,6.47532102728732,6.73977484168106,114
"118",2019,6,6.25,4,6.5,6,6,7,6,2,2,2,1,3,2364,1051,1313,599,624,1740,6.66925291878173,7.09241294005709,6.33053153084539,6.29533121869783,6.47616185897436,6.73849936781609,115
"119",2019,7,4.5,6,6,3.75,4.5,NA,4.5,2,4,2,0,6,2370,1053,1317,601,624,1746,6.66376113924051,7.09033808167142,6.32269392558846,6.28935673876872,6.47616185897436,6.730806930126,116
"120",2019,8,6.5,7,6.91666666666667,4,4,6,6.58333333333333,6,1,1,1,6,2377,1059,1318,602,625,1752,6.66327888094237,7.08935410764873,6.32093163884674,6.28555382059801,6.4754,6.73030188356164,117
"121",2019,9,6.66666666666667,9,7.75,5.8,5.5,7,6.57142857142857,4,5,2,2,7,2386,1063,1323,604,627,1759,6.66329165968148,7.0918400752587,6.31896288737717,6.28295264900663,6.47707336523126,6.72966964184196,118
"122",2019,10,6.61818181818182,11,6.7,6.55,6.33333333333333,6.75,6.58888888888889,5,6,3,2,9,2397,1068,1329,607,629,1768,6.66308464747601,7.09000561797753,6.32000594431903,6.28320164744646,6.47794117647059,6.72895299773756,119
"123",2019,11,6.04545454545455,11,6.28571428571429,5.625,5.75,6.66666666666667,5.8125,7,4,2,3,8,2408,1075,1333,609,632,1776,6.66026324750831,7.08476837209302,6.31792040510127,6.28145057471265,6.47883702531646,6.72482483108108,120
"124",2019,12,6.33333333333333,3,6,6.5,6,6,7,1,2,1,2,1,2411,1076,1335,610,634,1777,6.65985644960597,7.08376022304833,6.3181931835206,6.28098918032787,6.47732649842272,6.72497968486213,121
"125",2020,1,6.39285714285714,14,6.55,6,6,7,6.34615384615385,10,4,3,1,13,2425,1086,1339,613,635,1790,6.65831501030928,7.0788453038674,6.317242643764,6.27961402936379,6.47814960629922,6.72222843575419,122
"126",2020,2,6.91666666666667,6,7.5,6.33333333333333,6,7,6.9,3,3,2,1,5,2431,1089,1342,615,636,1795,6.65895265322912,7.08000550964187,6.31727861400894,6.27870471544716,6.47897012578617,6.72272362116992,123
"127",2020,3,6.0625,8,6.83333333333333,5.6,5.66666666666667,6.625,5.5,3,5,6,4,4,2439,1092,1347,621,640,1799,6.65699626896269,7.07932783882784,6.31461610987379,6.27279130434783,6.47988281250001,6.72000494719288,124
"128",2020,4,6.5625,8,6.66666666666667,6.5,5.83333333333333,5,6.78571428571429,3,5,3,1,7,2447,1095,1352,624,641,1806,6.65668733142624,7.07819726027397,6.31530170118343,6.27067852564103,6.47757410296412,6.72025963455149,125
"129",2020,5,6.3375,8,5.75,6.53333333333333,6.5,5.5,6.45714285714286,2,6,2,1,7,2455,1097,1358,626,642,1813,6.65564720977597,7.07577575205105,6.31626502209131,6.27141118210863,6.47605140186916,6.71924373965803,126
"130",2020,6,6.73333333333333,3,6.7,6.75,NA,7.5,6.35,1,2,0,1,2,2458,1098,1360,626,643,1815,6.65574202603743,7.0754335154827,6.31690286764706,6.27141118210863,6.47764385692069,6.71883685950413,127
"131",2020,7,7.21,10,7.44285714285714,6.66666666666667,6,7,7.2625,7,3,2,2,8,2468,1105,1363,628,645,1823,6.65798780388979,7.07776108597285,6.31767270726339,6.27054681528663,6.47926356589148,6.72122265496435,128
"132",2020,8,6.29166666666667,12,6.71428571428571,5.7,5,6.5,6.25,7,5,1,2,10,2480,1112,1368,629,647,1833,6.65621528225806,7.07547302158273,6.31541513157895,6.26852686804452,6.47932766615147,6.71865188216039,129
"133",2020,9,6.86666666666667,6,7.5,5.6,5.2,NA,6.86666666666667,4,2,1,0,6,2486,1116,1370,630,647,1839,6.65672320997586,7.07699462365591,6.31437072992701,6.26683079365079,6.47932766615147,6.71913480152257,130
"134",2020,10,7.22222222222222,9,7,7.33333333333333,NA,5,7.5,3,6,0,1,8,2495,1119,1376,630,648,1847,6.65876308617235,7.07678820375335,6.31881388081395,6.26683079365079,6.47704475308643,6.72251700054142,131
"135",2020,11,7.27090909090909,11,8.08,6.3,7,7.246,7.29166666666667,6,5,1,5,6,2506,1125,1381,631,653,1853,6.66145007980846,7.08213866666667,6.31874576393917,6.26799270998415,6.48293261868301,6.72435990286023,132
"136",2020,12,6.33823529411765,17,6.39583333333333,6.2,6,6.41666666666667,6.32142857142857,12,5,1,3,14,2523,1137,1386,632,656,1867,6.65927225525168,7.07489533861038,6.31831738816739,6.26756867088608,6.48262957317074,6.72133845741832,133
"137",2021,1,5.59375,8,7.16666666666667,4.65,6.75,6.33333333333333,5.15,3,5,1,3,5,2531,1140,1391,633,659,1872,6.65590434610826,7.07513684210526,6.31232056074766,6.2683308056872,6.48194992412747,6.71714150641026,134
"138",2021,2,6.75,8,7.25,6.25,NA,NA,6.75,4,4,0,0,8,2539,1144,1395,633,659,1880,6.65620082709728,7.07574825174825,6.31214186379928,6.2683308056872,6.48194992412747,6.71728132978724,135
"139",2021,3,7.36666666666667,6,7.73333333333333,7,NA,6,7.64,3,3,0,1,5,2545,1147,1398,633,660,1885,6.6578757956778,7.07746817785528,6.31361795422031,6.2683308056872,6.4812196969697,6.71972885941645,136
"140",2021,4,6.125,4,6.25,6,NA,6,6.16666666666667,2,2,0,1,3,2549,1149,1400,633,661,1888,6.65703958415065,7.07602785030461,6.31316992857143,6.2683308056872,6.48049167927383,6.7188500529661,137
"141",2021,5,6.09090909090909,11,6.8,5.5,5.25,5.33333333333333,6.375,5,6,4,3,8,2560,1154,1406,637,664,1896,6.6546069921875,7.07483188908146,6.30969978662873,6.26193626373626,6.47530873493976,6.71739920886076,138
"142",2021,6,7.4,5,7.33333333333333,7.5,NA,8,7.25,3,2,0,1,4,2565,1157,1408,637,665,1900,6.65606,7.07550216076059,6.31139055397727,6.26193626373626,6.4776015037594,6.71852047368421,139
"143",2021,7,5.6,5,7,5.25,5,NA,5.6,1,4,1,0,5,2570,1158,1412,638,665,1905,6.65400540856031,7.07543696027634,6.30838378186969,6.25995830721003,6.4776015037594,6.71558472440945,140
"144",2021,8,5.58333333333333,6,6,5.5,NA,1,6.5,1,5,0,1,5,2576,1159,1417,638,666,1910,6.65151160714286,7.07450905953408,6.30553133380381,6.25995830721003,6.46937687687688,6.71502036649215,141
"145",2021,9,7,5,7.25,6,NA,6.5,7.33333333333333,4,1,0,2,3,2581,1163,1418,638,668,1913,6.6521867105773,7.07511263972485,6.3053158674189,6.25995830721003,6.46946856287426,6.71599001568218,142
"146",2021,10,7.66666666666667,6,7.6,8,NA,8,7.6,5,1,0,1,5,2587,1168,1419,638,669,1918,6.65453958252802,7.0773595890411,6.30651014799154,6.25995830721003,6.47175635276533,6.71829452554745,143
"147",2021,11,6.25,4,7.33333333333333,3,NA,NA,6.25,3,1,0,0,4,2591,1171,1420,638,669,1922,6.65391505210343,7.07801537147737,6.30418161971831,6.25995830721003,6.47175635276533,6.71731992715921,144
"148",2021,12,5.85714285714286,7,5.75,6,6.5,6.66666666666667,5.25,4,3,2,3,4,2598,1175,1423,640,672,1926,6.6517682448037,7.07349446808511,6.30354033731553,6.2607084375,6.47262648809524,6.7142725337487,145
"149",2022,1,6.04166666666667,12,6.57142857142857,5.3,4.66666666666667,6.16666666666667,6,7,5,3,3,9,2610,1182,1428,643,675,1935,6.64896318007663,7.07052115059222,6.30002654061625,6.25327122861586,6.47126666666667,6.71095033591731,146
"150",2022,2,7,8,7.75,6.25,5.5,6,7.14285714285714,4,4,2,1,7,2618,1186,1432,645,676,1942,6.6500358670741,7.07281281618887,6.29988680167598,6.25093550387597,6.47056952662722,6.71250715756952,147
"151",2022,3,6.275,4,5.1,6.66666666666667,7,7,6.03333333333333,1,3,1,1,3,2622,1187,1435,646,677,1945,6.64946372997712,7.07115080033698,6.30065358885017,6.25209504643963,6.47135155096012,6.71145958868895,148
"152",2022,4,7,5,8,5.5,4,NA,7,3,2,1,0,5,2627,1190,1437,647,677,1950,6.65013090978302,7.07349243697479,6.29953924843424,6.2486142194745,6.47135155096012,6.71219943589744,149
"153",2022,5,6.9,9,7.5,6.42,6.75,8.5,6.44285714285714,4,5,2,2,7,2636,1194,1442,649,679,1957,6.65098402883156,7.07492127303183,6.29995693481276,6.2501593220339,6.47732695139912,6.71123602452734,150
"154",2022,6,6.75,10,6.6,6.9,7,7.25,6.625,5,5,1,2,8,2646,1199,1447,650,681,1965,6.6513582388511,7.07294078398666,6.30203033863165,6.25131292307692,6.47959618208517,6.71088493638677,151
"155",2022,7,6.25,4,6,7,NA,6,6.33333333333333,3,1,0,1,3,2650,1202,1448,650,682,1968,6.65075241509434,7.07026289517471,6.30251236187845,6.25131292307692,6.47889296187684,6.71030940040651,152
"156",2022,8,6.74545454545455,11,7.5,6.31428571428571,5.4,NA,6.74545454545455,4,7,3,0,11,2661,1206,1455,653,682,1979,6.6511438932732,7.07168822553897,6.30256900343643,6.24740183767228,6.47889296187684,6.71050474987368,153
"157",2022,9,6.137,10,6.15714285714286,6.09,6,6.5,6.04625,7,3,1,2,8,2671,1213,1458,654,684,1987,6.64921898165481,7.06641055234955,6.30213161865569,6.24702354740061,6.47895467836258,6.70783034725717,154
"158",2022,10,6.0625,8,6.07142857142857,6,NA,6.25,6,7,1,0,2,6,2679,1220,1459,654,686,1993,6.64746692795819,7.06070163934426,6.30192453735435,6.24702354740061,6.47828717201167,6.70569939789263,155
"159",2022,11,6.66666666666667,3,7.5,5,NA,NA,6.66666666666667,2,1,0,0,3,2682,1222,1460,654,686,1996,6.64748840417599,7.06142062193126,6.30103280821918,6.24702354740061,6.47828717201167,6.70564073146293,156
"160",2022,12,6.35714285714286,7,6.5,6.25,6.5,6,6.41666666666667,3,4,2,1,6,2689,1225,1464,656,687,2002,6.64673257716623,7.06004571428571,6.30089337431694,6.24779481707317,6.47759097525474,6.70477467532468,157
