"","year","month","avg_rating","no_ratings","avg_rating_owned","avg_rating_not_owned","avg_rating_prev_owned","avg_rating_comment","avg_rating_no_comment","no_ratings_owned","no_ratings_not_owned","no_ratings_prev_owned","no_ratings_comment","no_ratings_no_comment","cum_no_ratings","cum_no_ratings_owned","cum_no_ratings_not_owned","cum_no_ratings_prev_owned","cum_no_ratings_comment","cum_no_ratings_no_comment","cum_avg_rating","cum_avg_rating_owned","cum_avg_rating_not_owned","cum_avg_rating_prev_owned","cum_avg_rating_comment","cum_avg_rating_no_comment","month_after_release"
"1",2002,11,5,1,NA,5,NA,5,NA,0,1,0,1,0,1,0,1,0,1,0,5,NA,5,NA,5,NA,-4
"2",2002,12,5,1,5,NA,NA,5,NA,1,0,0,1,0,2,1,1,0,2,0,5,5,5,NA,5,NA,-3
"3",2003,1,9,1,9,NA,NA,NA,9,1,0,0,0,1,3,2,1,0,2,1,6.33333333333333,7,5,NA,5,9,-2
"4",2003,2,7,1,7,NA,NA,NA,7,1,0,0,0,1,4,3,1,0,2,2,6.5,7,5,NA,5,8,-1
"5",2003,3,6.91666666666667,6,6.5,7.33333333333333,8,7.33333333333333,6.5,3,3,1,3,3,10,6,4,1,5,5,6.75,6.75,6.75,8,6.4,7.1,0
"6",2003,4,6.8,10,7.83333333333333,5.25,4,6.75,6.83333333333333,6,4,1,4,6,20,12,8,2,9,11,6.775,7.29166666666667,6,6,6.55555555555556,6.95454545454545,1
"7",2003,5,7.5,7,7.9,6.5,NA,7.7,7,5,2,0,5,2,27,17,10,2,14,13,6.96296296296296,7.47058823529412,6.1,6,6.96428571428571,6.96153846153846,2
"8",2003,6,6.78571428571429,14,7.33333333333333,6.375,NA,7.44444444444444,5.6,6,8,0,9,5,41,23,18,2,23,18,6.90243902439024,7.43478260869565,6.22222222222222,6,7.15217391304348,6.58333333333333,3
"9",2003,7,6.78571428571429,28,7.02777777777778,6.35,6,7.05,6.63888888888889,18,10,1,10,18,69,41,28,3,33,36,6.85507246376812,7.25609756097561,6.26785714285714,6,7.12121212121212,6.61111111111111,4
"10",2003,8,7.25384615384615,13,7.85714285714286,6.55,6.3,5,7.44166666666667,7,6,1,1,12,82,48,34,4,34,48,6.91829268292683,7.34375,6.31764705882353,6.075,7.05882352941176,6.81875,5
"11",2003,9,6.71428571428571,7,7.16666666666667,6.375,NA,6.75,6.7,3,4,0,2,5,89,51,38,4,36,53,6.90224719101124,7.33333333333333,6.32368421052632,6.075,7.04166666666667,6.80754716981132,6
"12",2003,10,7,11,7.28571428571429,6.5,NA,6.66666666666667,7.4,7,4,0,6,5,100,58,42,4,42,58,6.913,7.32758620689655,6.34047619047619,6.075,6.98809523809524,6.85862068965517,7
"13",2003,11,7.6,10,7.75,7,NA,7,8,8,2,0,4,6,110,66,44,4,46,64,6.97545454545454,7.37878787878788,6.37045454545455,6.075,6.98913043478261,6.965625,8
"14",2003,12,6.82857142857143,7,7.83333333333333,6.075,NA,7.06666666666667,6.65,3,4,0,3,4,117,69,48,4,49,68,6.96666666666667,7.39855072463768,6.34583333333333,6.075,6.99387755102041,6.94705882352941,9
"15",2004,1,6.42307692307692,13,6.92857142857143,5.83333333333333,6,6.1,6.625,7,6,1,5,8,130,76,54,5,54,76,6.91230769230769,7.35526315789474,6.28888888888889,6.06,6.91111111111111,6.91315789473684,10
"16",2004,2,6.58823529411765,17,6.9,6.14285714285714,NA,6.88888888888889,6.25,10,7,0,9,8,147,86,61,5,63,84,6.87482993197279,7.30232558139535,6.27213114754098,6.06,6.90793650793651,6.85,11
"17",2004,3,6.73333333333333,24,7.05,6.41666666666667,7,6.2,6.87368421052632,12,12,1,5,19,171,98,73,6,68,103,6.85497076023392,7.27142857142857,6.2958904109589,6.21666666666667,6.85588235294118,6.85436893203884,12
"18",2004,4,6.84210526315789,19,7.35714285714286,5.4,9,7.11111111111111,6.6,14,5,1,9,10,190,112,78,7,77,113,6.85368421052631,7.28214285714286,6.23846153846154,6.61428571428571,6.88571428571429,6.83185840707965,13
"19",2004,5,6.69444444444444,18,7.05,6.25,NA,6.25,6.91666666666667,10,8,0,6,12,208,122,86,7,83,125,6.83990384615385,7.26311475409836,6.23953488372093,6.61428571428571,6.83975903614458,6.84,14
"20",2004,6,6.88235294117647,17,7.22222222222222,6.5,NA,6.42857142857143,7.2,9,8,0,7,10,225,131,94,7,90,135,6.84311111111111,7.26030534351145,6.26170212765958,6.61428571428571,6.80777777777778,6.86666666666667,15
"21",2004,7,7.09375,16,7.29166666666667,6.5,8,7.3125,6.875,12,4,1,8,8,241,143,98,8,98,143,6.8597510373444,7.26293706293706,6.27142857142857,6.7875,6.84897959183674,6.86713286713287,16
"22",2004,8,6.77272727272727,11,7.0625,6,6,6.64285714285714,7,8,3,1,7,4,252,151,101,9,105,147,6.85595238095238,7.2523178807947,6.26336633663366,6.7,6.8352380952381,6.87074829931973,17
"23",2004,9,6.53333333333333,15,7.15,5.3,7,7.5,6.38461538461539,10,5,2,2,13,267,161,106,11,107,160,6.8378277153558,7.24596273291925,6.21792452830189,6.75454545454546,6.84766355140187,6.83125,18
"24",2004,10,6.83125,16,7.475,6.1875,NA,7,6.73,8,8,0,6,10,283,169,114,11,113,170,6.83745583038869,7.25680473372781,6.21578947368421,6.75454545454546,6.85575221238938,6.82529411764706,19
"25",2004,11,6.7962962962963,27,7.30769230769231,6.32142857142857,7,6.88461538461539,6.71428571428571,13,14,2,13,14,310,182,128,13,126,184,6.83387096774194,7.26043956043956,6.22734375,6.79230769230769,6.85873015873016,6.81684782608696,20
"26",2004,12,6.93888888888889,18,7.325,6.16666666666667,7,7.23333333333333,6.79166666666667,12,6,2,6,12,328,194,134,15,132,196,6.83963414634146,7.26443298969072,6.22462686567164,6.82,6.87575757575758,6.81530612244898,21
"27",2005,1,6.33333333333333,21,6.92857142857143,5.14285714285714,6,6.15,6.5,14,7,1,10,11,349,208,141,16,142,207,6.80916905444126,7.24182692307692,6.1709219858156,6.76875,6.82464788732394,6.79855072463768,22
"28",2005,2,6.46296296296296,27,6.525,6.28571428571429,7,6.18181818181818,6.65625,20,7,1,11,16,376,228,148,17,153,223,6.7843085106383,7.17894736842105,6.17635135135135,6.78235294117647,6.77843137254902,6.78834080717489,23
"29",2005,3,6.45833333333333,24,6.84615384615385,6,6.5,6.4,6.5,13,11,2,10,14,400,241,159,19,163,237,6.76475,7.16099585062241,6.16415094339623,6.75263157894737,6.75521472392638,6.77130801687764,24
"30",2005,4,6.92727272727273,22,7.21428571428571,6.425,6,6.79,7.04166666666667,14,8,1,10,12,422,255,167,20,173,249,6.77322274881517,7.16392156862745,6.17664670658683,6.715,6.75722543352601,6.78433734939759,25
"31",2005,5,6.71875,16,7.25,6.1875,NA,6.66666666666667,6.73076923076923,8,8,0,3,13,438,263,175,20,176,262,6.77123287671233,7.16653992395437,6.17714285714286,6.715,6.75568181818182,6.78167938931298,26
"32",2005,6,6.58333333333333,12,7.14285714285714,5.8,3,6.33333333333333,6.83333333333333,7,5,1,6,6,450,270,180,21,182,268,6.76622222222222,7.16592592592593,6.16666666666667,6.53809523809524,6.74175824175824,6.78283582089552,27
"33",2005,7,6.9,15,7.21428571428571,6.625,7.5,6.78571428571429,7,7,8,2,7,8,465,277,188,23,189,276,6.7705376344086,7.16714801444043,6.18617021276596,6.62173913043478,6.74338624338624,6.78913043478261,28
"34",2005,8,6.77727272727273,22,6.88125,6.5,6.5,6.90666666666667,6.5,16,6,2,15,7,487,293,194,25,204,283,6.77084188911704,7.15153583617747,6.19587628865979,6.612,6.75539215686274,6.78197879858657,29
"35",2005,9,6.42333333333333,30,6.93076923076923,6.03529411764706,6.5,6.85714285714286,6.04375,13,17,8,14,16,517,306,211,33,218,299,6.75067698259188,7.1421568627451,6.18293838862559,6.58484848484848,6.76192660550459,6.74247491638796,30
"36",2005,10,6.678125,32,7,6.35625,6.66666666666667,6.68823529411765,6.66666666666667,16,16,6,17,15,549,322,227,39,235,314,6.74644808743169,7.13509316770186,6.19515418502203,6.5974358974359,6.75659574468085,6.73885350318471,31
"37",2005,11,7.10625,32,7.18421052631579,6.99230769230769,7.5,7.36875,6.84375,19,13,5,16,16,581,341,240,44,251,330,6.76626506024096,7.13782991202346,6.23833333333333,6.7,6.79561752988048,6.74393939393939,32
"38",2005,12,6.39677419354839,31,6.93333333333333,5.89375,6.6,5.77272727272727,6.74,15,16,5,11,20,612,356,256,49,262,350,6.74754901960784,7.12921348314607,6.216796875,6.68979591836735,6.75267175572519,6.74371428571429,33
"39",2006,1,6.484375,32,6.5,6.45454545454545,6.8,6.5625,6.45833333333333,21,11,5,8,24,644,377,267,54,270,374,6.73447204968944,7.09416445623342,6.22659176029963,6.7,6.74703703703704,6.72540106951872,34
"40",2006,2,6.76,25,6.95833333333333,6.57692307692308,6.83333333333333,6.86111111111111,6.5,12,13,3,18,7,669,389,280,57,288,381,6.73542600896861,7.08997429305913,6.24285714285714,6.70701754385965,6.75416666666667,6.72125984251969,35
"41",2006,3,6.72777777777778,18,6.93076923076923,6.2,6.5,7.6,6.39230769230769,13,5,1,5,13,687,402,285,58,293,394,6.73522561863173,7.08482587064677,6.2421052631579,6.70344827586207,6.76860068259386,6.71040609137056,36
"42",2006,4,6.375,16,7,5.88888888888889,6,6,6.6,7,9,1,6,10,703,409,294,59,299,404,6.72702702702703,7.08337408312958,6.2312925170068,6.69152542372881,6.75317725752508,6.70767326732673,37
"43",2006,5,7.02777777777778,18,7.16666666666667,6.75,NA,7.5,6.65,12,6,0,8,10,721,421,300,59,307,414,6.73453536754508,7.08574821852732,6.24166666666667,6.69152542372881,6.77263843648208,6.70628019323672,38
"44",2006,6,7.04357142857143,28,7.30105263157895,6.5,8,7.14705882352941,6.88363636363636,19,9,2,17,11,749,440,309,61,324,425,6.74608811748999,7.09504545454545,6.24919093851133,6.7344262295082,6.79228395061728,6.71087058823529,39
"45",2006,7,6.33333333333333,21,6.74285714285714,6.12857142857143,6.5,5.83333333333333,6.53333333333333,7,14,4,6,15,770,447,323,65,330,440,6.73483116883117,7.08953020134228,6.24396284829721,6.72,6.77484848484848,6.70481818181818,40
"46",2006,8,6.44444444444444,18,6.83333333333333,6.25,7,6.8,6.30769230769231,6,12,3,5,13,788,453,335,68,335,453,6.72819796954315,7.08613686534216,6.24417910447761,6.73235294117647,6.77522388059701,6.69342163355408,41
"47",2006,9,6.47222222222222,18,7.11111111111111,5.83333333333333,5.5,6.75,6.33333333333333,9,9,4,6,12,806,462,344,72,341,465,6.72248138957816,7.08662337662338,6.23343023255814,6.66388888888889,6.77478005865103,6.68412903225806,42
"48",2006,10,6.21363636363636,22,6.74545454545455,5.68181818181818,5.5,6.775,5.89285714285714,11,11,2,8,14,828,473,355,74,349,479,6.70896135265701,7.07868921775898,6.21633802816902,6.63243243243243,6.77478510028653,6.66100208768267,43
"49",2006,11,6.45196774193548,31,6.70616666666667,6.1,7.1,6.32392307692308,6.54444444444444,18,13,3,13,18,859,491,368,77,362,497,6.6996868451688,7.06503258655804,6.21222826086957,6.65064935064935,6.75859392265193,6.65678068410463,44
"50",2006,12,6.62857142857143,35,6.97391304347826,5.96666666666667,7,6.55,6.6695652173913,23,12,2,12,23,894,514,380,79,374,520,6.69690268456376,7.06095525291829,6.20447368421053,6.65949367088608,6.75190106951871,6.65734615384615,45
"51",2007,1,6.64285714285714,49,7.025,6.37931034482759,6.625,6.55882352941176,6.6875,20,29,4,17,32,943,534,409,83,391,552,6.69409437963945,7.05960861423221,6.21687041564792,6.65783132530121,6.74350639386189,6.65909420289855,46
"52",2007,2,6.45829828571429,35,6.9415,5.81402933333333,5.875,6.72529411764706,6.20613555555556,20,15,4,17,18,978,554,424,87,408,570,6.68565586912066,7.05534476534296,6.20261896226415,6.62183908045977,6.74274754901961,6.64479024561404,47
"53",2007,3,6.895,30,7.46666666666667,6.32333333333333,7.25,7.17647058823529,6.52692307692308,15,15,4,17,13,1008,569,439,91,425,583,6.69188634920635,7.06618804920914,6.20674359908884,6.64945054945055,6.76009647058823,6.6421619897084,48
"54",2007,4,6.49166666666667,30,6.5875,6.3,6.5,6.421875,6.57142857142857,20,10,2,16,14,1038,589,449,93,441,597,6.68609965317919,7.0499337860781,6.20882057906459,6.64623655913979,6.7478253968254,6.64050324958124,49
"55",2007,5,6.26470588235294,34,6.88461538461539,5.88095238095238,5.71428571428571,6.2,6.29166666666667,13,21,7,10,24,1072,602,470,100,451,621,6.67273455223881,7.04636378737541,6.19417114893617,6.581,6.73567849223947,6.62702164251208,50
"56",2007,6,6.72162162162162,37,7.22222222222222,6.24736842105263,6.65,7.15,6.516,18,19,4,12,25,1109,620,489,104,463,646,6.67436559062218,7.05146935483871,6.19623811860941,6.58365384615385,6.74641684665227,6.62272513931888,51
"57",2007,7,6.52058823529412,34,6.67647058823529,6.36470588235294,6.75,6.22727272727273,6.66086956521739,17,17,2,11,23,1143,637,506,106,474,669,6.66979128608924,7.04146153846154,6.2018981027668,6.58679245283019,6.73436919831224,6.62403653213752,52
"58",2007,8,6.3225,28,6.75,6.001875,6.75,6.4375,6.2765,12,16,4,8,20,1171,649,522,110,482,689,6.66148713919727,7.03607241910632,6.19576712643678,6.59272727272727,6.72944190871369,6.61394838896952,53
"59",2007,9,7.05576923076923,26,7.33571428571429,6.72916666666667,6.5,7.04090909090909,7.06666666666667,14,12,4,11,15,1197,663,534,114,493,704,6.6700513283208,7.04239969834087,6.2077536329588,6.58947368421053,6.73639148073022,6.623594375,54
"60",2007,10,6.54333333333333,30,6.8875,6.15,NA,6.87272727272727,6.35263157894737,16,14,0,11,19,1227,679,548,114,504,723,6.66695308883456,7.03874963181149,6.20627817518248,6.58947368421053,6.73936706349206,6.61647363762102,55
"61",2007,11,6.60735849056604,53,6.86851851851852,6.33615384615385,6.39,6.88333333333333,6.37896551724138,27,26,6,24,29,1280,706,574,120,528,752,6.6644855,7.03223937677054,6.21216104529617,6.5795,6.74591098484848,6.60731441489362,56
"62",2007,12,6.15666666666667,45,6.7375,5.692,7.2,6.575,5.822,20,25,5,20,25,1325,726,599,125,548,777,6.64723882264151,7.02411983471074,6.19045148580968,6.60432,6.73967335766423,6.5820468983269,57
"63",2008,1,6.48953488372093,43,6.86730769230769,5.91176470588235,5.9,5.921875,6.82592592592593,26,17,5,16,27,1368,752,616,130,564,804,6.64228175438596,7.01869813829787,6.18276045454546,6.57723076923077,6.71647340425532,6.59023686567164,58
"64",2008,2,6.59117647058823,34,6.88,6.17857142857143,6.66666666666667,6.72142857142857,6.5,20,14,3,14,20,1402,772,630,133,578,824,6.64104239657632,7.01510492227979,6.18266736507937,6.57924812030075,6.71659342560553,6.58804665048544,59
"65",2008,3,7,22,7.46153846153846,6.33333333333333,7,7.27777777777778,6.80769230769231,13,9,2,9,13,1424,785,639,135,587,837,6.64658808988764,7.02249808917197,6.18478942097027,6.58548148148148,6.72519761499148,6.59145811230585,60
"66",2008,4,6.61125,40,6.87272727272727,6.29166666666667,6.70833333333333,6.52105263157895,6.69285714285714,22,18,6,19,21,1464,807,657,141,606,858,6.64562256830601,7.01841511771995,6.18771756468798,6.59070921985816,6.71879702970297,6.59393990675991,61
"67",2008,5,6.75,28,7.13333333333333,6.30769230769231,NA,6.54545454545455,6.88235294117647,15,13,0,11,17,1492,822,670,141,617,875,6.64758139410188,7.02051216545012,6.19004543283582,6.59070921985816,6.71570664505672,6.59954336,62
"68",2008,6,6.95,24,7.02142857142857,6.85,8,7.31818181818182,6.63846153846154,14,10,1,11,13,1516,836,680,142,628,888,6.6523690237467,7.02052751196172,6.19975064705882,6.6006338028169,6.72625955414012,6.60011310810811,63
"69",2008,7,6.56486486486487,37,7.10714285714286,6.23478260869565,5.76153846153846,6.26190476190476,6.9625,14,23,13,21,16,1553,850,703,155,649,904,6.65028424983902,7.02195411764706,6.20089678520626,6.53025806451613,6.71123420647149,6.60652703539823,64
"70",2008,8,6.68103448275862,29,7.14285714285714,6.25,6.47222222222222,6.68333333333333,6.67857142857143,14,15,9,15,14,1582,864,718,164,664,918,6.65084793931732,7.02391319444444,6.2019226183844,6.52707317073171,6.71060391566265,6.60762575163399,65
"71",2008,9,6.21,40,6.91176470588235,5.69130434782609,5.53846153846154,6.13333333333333,6.256,17,23,13,15,25,1622,881,741,177,679,943,6.63997622688039,7.02174914869466,6.1860734682861,6.45446327683616,6.69785125184094,6.59830375397667,66
"72",2008,10,6.39533333333333,30,6.75,5.99,6.0275,6.19666666666667,6.52777777777778,16,14,4,12,18,1652,897,755,181,691,961,6.63553355932203,7.01690189520624,6.18243766887417,6.44502762430939,6.68914761215629,6.59698276795005,67
"73",2008,11,6.6328125,32,6.859375,6.40625,6.5,6.09375,6.8125,16,16,6,8,24,1684,913,771,187,699,985,6.63548185273159,7.0141412924425,6.18708228274968,6.44679144385027,6.68233333333333,6.60223394923858,68
"74",2008,12,6.44705882352941,34,6.41176470588235,6.48235294117647,6.72,6.55384615384615,6.38095238095238,17,17,10,13,21,1718,930,788,197,712,1006,6.63175287543655,7.00313010752688,6.19345233502538,6.46065989847716,6.67998735955056,6.59761475149105,69
"75",2009,1,6.58979591836735,49,7.148,6.00833333333333,6.23076923076923,6.60625,6.58181818181818,25,24,13,16,33,1767,955,812,210,728,1039,6.63058938313526,7.006922513089,6.18798083743842,6.44642857142857,6.67836675824176,6.59711303176131,70
"76",2009,2,6.39056603773585,53,7.1,6.22558139534884,6.21875,6.73636363636364,6.3,10,43,16,11,42,1820,965,855,226,739,1081,6.62359969230769,7.00788704663212,6.18987185964912,6.43030973451327,6.6792300405954,6.58556932469935,71
"77",2009,3,6.615,40,6.84375,6.4625,6,6.61111111111111,6.61612903225806,16,24,8,9,31,1860,981,879,234,748,1112,6.62341475268817,7.00520998980632,6.19731563139932,6.41559829059829,6.67841042780748,6.58642125899281,72
"78",2009,4,6.49491525423729,59,6.91666666666667,6.30975609756098,6.38461538461539,6.1,6.57551020408163,18,41,13,10,49,1919,999,920,247,758,1161,6.61946401250651,7.00361461461461,6.20232656521739,6.41396761133603,6.67077968337731,6.58596075796727,73
"79",2009,5,6.37065217391304,46,6.60416666666667,6.28823529411765,6.11111111111111,6.33846153846154,6.38333333333333,12,34,9,13,33,1965,1011,954,256,771,1194,6.61363940966921,6.99887339268051,6.20538830188679,6.4033203125,6.66517639429312,6.58036050251256,74
"80",2009,6,6.56585365853658,41,7.02941176470588,6.2375,6.66666666666667,6.65384615384615,6.525,17,24,9,13,28,2006,1028,978,265,784,1222,6.61266273180459,6.99937840466926,6.2061763190184,6.4122641509434,6.66498852040816,6.57909201309329,75
"81",2009,7,6.24545454545455,33,6.75,6.02608695652174,6.17777777777778,6.08333333333333,6.33809523809524,10,23,9,12,21,2039,1038,1001,274,796,1243,6.60671968612065,6.99697591522158,6.2020384015984,6.40456204379562,6.65621984924623,6.57502046661303,76
"82",2009,8,6.45833333333333,36,6.42307692307692,6.47826086956522,6.22727272727273,6.55,6.42307692307692,13,23,11,10,26,2075,1051,1024,285,806,1269,6.60414527228916,6.98987725975262,6.2082426171875,6.39771929824561,6.65490198511166,6.57190736012608,77
"83",2009,9,5.90178571428571,28,6.59615384615385,5.3,5.5,5.875,5.90625,13,15,5,4,24,2103,1064,1039,290,810,1293,6.59479383737518,6.98506672932331,6.19513035611165,6.38224137931034,6.65105061728395,6.55955177107502,78
"84",2009,10,6.56842105263158,38,6.75,6.31875,5.8875,6.10833333333333,6.78076923076923,22,16,8,12,26,2141,1086,1055,298,822,1319,6.59432575432041,6.98030478821363,6.1970051563981,6.36895973154362,6.64312773722628,6.56391238817286,79
"85",2009,11,6.03979591836735,49,6.43333333333333,5.81129032258065,6.06666666666667,6.52333333333333,5.82647058823529,18,31,12,15,34,2190,1104,1086,310,837,1353,6.58191846575343,6.97138677536232,6.18599488029466,6.35725806451613,6.64098088410991,6.54538096082779,80
"86",2009,12,6.66447368421053,38,7.08333333333333,6.14705882352941,6.14285714285714,6.8,6.61607142857143,21,17,7,10,28,2228,1125,1103,317,847,1381,6.58332649910234,6.97347644444444,6.18539477787851,6.35252365930599,6.64285832349469,6.54681422157857,81
"87",2010,1,6.52195121951219,41,7.03157894736842,6.08181818181818,6.55555555555556,6.16666666666667,6.621875,19,22,9,9,32,2269,1144,1125,326,856,1413,6.58221747025121,6.97444143356643,6.18336928,6.35812883435583,6.63785163551402,6.54851411181882,82
"88",2010,2,6.56666666666667,33,6.86666666666667,6.31666666666667,6.625,6.85714285714286,6.48846153846154,15,18,4,7,26,2302,1159,1143,330,863,1439,6.58199454387489,6.97304659188956,6.18546845144357,6.36136363636363,6.63963035921205,6.54742907574705,83
"89",2010,3,6.32413793103448,29,6.34615384615385,6.30625,6.2,6.33333333333333,6.32,13,16,5,9,20,2331,1172,1159,335,872,1459,6.57878654654655,6.96609300341297,6.18713584124245,6.3589552238806,6.63646903669725,6.54431147361206,84
"90",2010,4,6.6775,20,7,6.4625,7.16666666666667,7.1,6.60294117647059,8,12,3,3,17,2351,1180,1171,338,875,1476,6.57962630370055,6.96632288135593,6.18995767719897,6.36612426035503,6.63805828571428,6.54498674796748,85
"91",2010,5,6.52424242424242,33,6.75555555555556,6.24666666666667,5.95,6.31428571428571,6.58076923076923,18,15,4,7,26,2384,1198,1186,342,882,1502,6.57885966442953,6.96315609348915,6.19067490725126,6.36125730994152,6.63548866213152,6.5456061517976,86
"92",2010,6,6.39,25,6.90714285714286,5.73181818181818,6.01666666666667,6.7375,6.22647058823529,14,11,3,8,17,2409,1212,1197,345,890,1519,6.5768997260274,6.96250907590759,6.18645817878028,6.35826086956522,6.63640561797753,6.54203452271231,87
"93",2010,7,6.52380952380952,21,6.78571428571429,6.39285714285714,5.16666666666667,7.83333333333333,6.30555555555556,7,14,3,3,18,2430,1219,1211,348,893,1537,6.5764409218107,6.96149384741591,6.18884429397192,6.34798850574713,6.64042665173572,6.53926508783344,88
"94",2010,8,6.52884615384615,26,6.86666666666667,6.35,6.10714285714286,5.8,6.70238095238095,9,17,7,5,21,2456,1228,1228,355,898,1558,6.57593706840391,6.96079885993485,6.19107527687296,6.34323943661972,6.63574721603563,6.5414636970475,89
"95",2010,9,6.41730769230769,26,7.25769230769231,5.57692307692308,5.7,6.3,6.490625,13,13,5,10,16,2482,1241,1241,360,908,1574,6.57427535858179,6.96390894439968,6.1846417727639,6.33430555555555,6.63204955947136,6.54094691232529,90
"96",2010,10,6.47727272727273,22,6.6,6.375,5.8,5.9,6.64705882352941,10,12,5,5,17,2504,1251,1253,365,913,1591,6.57342309904154,6.961,6.18646483639266,6.32698630136986,6.62804052573932,6.54208072910119,91
"97",2010,11,6.87647058823529,34,7.41333333333333,6.45263157894737,6.25,6.68181818181818,6.9695652173913,15,19,4,11,23,2538,1266,1272,369,924,1614,6.57748283687943,6.96635939968404,6.19044059748428,6.32615176151761,6.62868073593073,6.54817251548947,92
"98",2010,12,6.24838709677419,31,7.28333333333333,5.59473684210526,5.21428571428571,5.46666666666667,6.436,12,19,7,6,25,2569,1278,1291,376,930,1639,6.57351165434021,6.96933568075117,6.18167346243222,6.30545212765957,6.62118387096774,6.54646152532032,93
"99",2011,1,6.73809523809524,21,6.55,6.90909090909091,8,6.625,6.76470588235294,10,11,1,4,17,2590,1288,1302,377,934,1656,6.57484611583012,6.9660799689441,6.18781907834101,6.30994694960212,6.62120021413276,6.54870195652174,94
"100",2011,2,6.66969696969697,33,7.01875,6.34117647058823,6.28571428571429,6.73,6.64347826086957,16,17,7,10,23,2623,1304,1319,384,944,1679,6.57603943576058,6.96672622699386,6.18979563305534,6.30950520833333,6.62235275423729,6.55000026206075,95
"101",2011,3,6.45,30,6.83,6.26,6.8,6.8,6.24736842105263,10,20,9,11,19,2653,1314,1339,393,955,1698,6.57461418771203,6.96568569254186,6.19084424197162,6.320737913486,6.62439895287958,6.54661392226148,96
"102",2011,4,6.39,25,6.675,6.2,5.75,6.05,6.61666666666667,10,15,4,10,15,2678,1324,1354,397,965,1713,6.57289075429425,6.96349018126888,6.19094567208272,6.31498740554156,6.61844663212435,6.54722734384121,97
"103",2011,5,6.90666666666667,15,7,6.84444444444444,7,6.75,6.96363636363636,6,9,1,4,11,2693,1330,1363,398,969,1724,6.57474988488674,6.96365488721804,6.19526077769626,6.31670854271357,6.61898968008256,6.54988424593968,98
"104",2011,6,6.53333333333333,15,6.875,6.14285714285714,5,6.33333333333333,6.58333333333333,8,7,2,3,12,2708,1338,1370,400,972,1736,6.57452047267356,6.96312481315396,6.19499302189781,6.310125,6.61810802469136,6.55011546082949,99
"105",2011,7,6.67272727272727,33,7.21052631578947,5.94285714285714,6.04,6.775,6.64,19,14,5,8,25,2741,1357,1384,405,980,1761,6.57570282378694,6.96658879882093,6.19244251445087,6.30679012345679,6.6193887755102,6.5513915048268,100
"106",2011,8,6.15263157894737,19,6.81666666666667,5.84615384615385,6,5.95,6.225,6,13,2,5,14,2760,1363,1397,407,985,1775,6.5727903768116,6.96592883345561,6.18922007158196,6.30528255528255,6.61599086294416,6.54881714929577,101
"107",2011,9,6.10578947368421,19,7.25,5.80066666666667,6,6.33333333333333,6.063125,4,15,5,3,16,2779,1367,1412,412,988,1791,6.56959749550198,6.96676005852231,6.1850923796034,6.30157766990291,6.61513259109312,6.54447819095477,102
"108",2011,10,6.71428571428571,14,6.85,6.375,6,6.75,6.70833333333333,10,4,1,2,12,2793,1377,1416,413,990,1803,6.57032274973147,6.96591212781409,6.18562884180791,6.30084745762712,6.61540505050505,6.54556874098724,103
"109",2011,11,5.89782608695652,23,6.36,5.54230769230769,5.6875,5.03333333333333,6.45357142857143,10,13,4,9,14,2816,1387,1429,417,999,1817,6.56483005681818,6.96154361932228,6.17977637508747,6.29496402877698,6.60115215215215,6.54485990093561,104
"110",2011,12,5.96774193548387,31,6.65,5.64285714285714,5.8,6.22222222222222,5.86363636363636,10,21,10,9,22,2847,1397,1450,427,1008,1839,6.55832857042501,6.95931352899069,6.17200030344828,6.28337236533958,6.59776884920635,6.53671040783034,105
"111",2012,1,6.44074074074074,27,6.83333333333333,5.95,6.28,6.9,6.30952380952381,15,12,5,6,21,2874,1412,1462,432,1014,1860,6.55722388308977,6.95797521246459,6.17017813953488,6.28333333333333,6.59955719921104,6.53414539784946,106
"112",2012,2,6.51153846153846,26,6.91111111111111,6.3,6.5,6.125,6.68333333333333,9,17,10,8,18,2900,1421,1479,442,1022,1878,6.55681428965517,6.95767839549613,6.17167034482759,6.28823529411765,6.59584246575342,6.535575314164,107
"113",2012,3,6.615,20,6.85714285714286,6.48461538461538,6,6,6.72352941176471,7,13,2,3,17,2920,1428,1492,444,1025,1895,6.55721282191781,6.95718557422969,6.17439707774799,6.28693693693694,6.59409853658536,6.53726144591029,108
"114",2012,4,6.27,30,6.57857142857143,6,6,6.58333333333333,6.19166666666667,14,16,4,6,24,2950,1442,1508,448,1031,1919,6.55429201355932,6.95350970873786,6.17254671087533,6.284375,6.59403588748787,6.53293926003127,109
"115",2012,5,6.73333333333333,15,7,6.5,6.6,6.5,6.88888888888889,7,8,5,6,9,2965,1449,1516,453,1037,1928,6.55519778752108,6.95373429951691,6.17427469656992,6.2878587196468,6.59349180327869,6.53460085062241,110
"116",2012,6,6.03571428571429,14,6.2,5.94444444444444,6,5.5,6.125,5,9,2,2,12,2979,1454,1525,455,1039,1940,6.55275644175898,6.95114236588721,6.17291832131147,6.28659340659341,6.59138691049086,6.5320672371134,111
"117",2012,7,6.98,16,7.26666666666667,6.61142857142857,7,7,6.97090909090909,9,7,2,5,11,2995,1463,1532,457,1044,1951,6.55503887813022,6.95308339029392,6.17492195822454,6.28971553610503,6.5933438697318,6.53454148641722,112
"118",2012,8,6.1825,20,7.3125,5.42916666666667,6.63,5.5625,6.3375,8,12,5,4,16,3015,1471,1544,462,1048,1967,6.55256764179105,6.95503806934058,6.16912593264249,6.29339826839827,6.58940935114504,6.53293870869344,113
"119",2012,9,6.74615384615385,13,7.36666666666667,6.21428571428571,5.83333333333333,5.75,6.92727272727273,6,7,3,2,11,3028,1477,1551,465,1050,1978,6.55339875825628,6.95671022342586,6.16932974854932,6.29043010752688,6.58781047619047,6.53513166835187,114
"120",2012,10,6.61739130434783,23,6.725,6.5,6.66666666666667,6.6875,6.58,12,11,3,8,15,3051,1489,1562,468,1058,1993,6.55388116683055,6.95484284754869,6.17165841229193,6.29284188034188,6.58856427221172,6.53546936276969,115
"121",2012,11,6.272,25,6.89090909090909,5.78571428571429,5.75,6.44444444444444,6.175,11,14,8,9,16,3076,1500,1576,476,1067,2009,6.55159019505852,6.954374,6.16822997461929,6.28371848739496,6.58734864104967,6.53259852663016,116
"122",2012,12,6.59107142857143,28,6.9,6.32333333333333,5.76666666666667,6.13333333333333,6.71590909090909,13,15,6,6,22,3104,1513,1591,482,1073,2031,6.55194634020619,6.95390680766689,6.16969229415462,6.27728215767635,6.58480987884436,6.53458416543575,117
"123",2013,1,6.35,28,6.83636363636364,6.03529411764706,6.55555555555556,7.66666666666667,6.192,11,17,9,3,25,3132,1524,1608,491,1076,2056,6.55014094508302,6.95305839895013,6.16827141791045,6.28238289205703,6.58782620817844,6.53041850194552,118
"124",2013,2,6.60454545454545,22,7.66,6.29411764705882,6.6875,6.63333333333333,6.59375,5,17,8,6,16,3154,1529,1625,499,1082,2072,6.55052043119848,6.955370176586,6.16958796307692,6.28887775551102,6.58807855822551,6.53090754826255,119
"125",2013,3,6.78947368421053,19,6.75,6.81818181818182,7,7,6.73333333333333,8,11,2,4,15,3173,1537,1636,501,1086,2087,6.55195128900095,6.95430123617437,6.17394892420538,6.29171656686627,6.58959576427256,6.53236245328222,120
"126",2013,4,6.53333333333333,21,6.86363636363636,6.17,6.83333333333333,7.4,6.38888888888889,11,10,3,3,18,3194,1548,1646,504,1089,2105,6.5518288791484,6.95365697674419,6.17392493317132,6.29494047619048,6.59182828282828,6.53113560095012,121
"127",2013,5,7.159375,16,7.63125,6.6875,6.46666666666667,6.875,7.25416666666667,8,8,3,4,12,3210,1556,1654,507,1093,2117,6.55485714641745,6.95714074550129,6.17640897218863,6.29595660749507,6.59286459286368,6.53523402928673,122
"128",2013,6,6.72055555555556,18,6.83083333333333,6.5,7.5,7.05875,6.45,12,6,2,8,10,3228,1568,1660,509,1101,2127,6.55578111524164,6.95617410714286,6.17757857831325,6.30068762278978,6.5962497729337,6.53483330512459,123
"129",2013,7,6.47619047619048,21,6.73333333333333,6.37333333333333,6.66666666666667,6.375,6.5,6,15,3,4,17,3249,1574,1675,512,1105,2144,6.55526667897815,6.95532465057179,6.17933160597015,6.30283203125,6.59544886877828,6.53455710820895,124
"130",2013,8,6.31818181818182,22,7.21428571428571,5.9,6.1,7,6.28571428571429,7,15,5,1,21,3271,1581,1690,517,1106,2165,6.55367210027515,6.95647122074636,6.17685233136095,6.30087040618955,6.59581464737794,6.53214339030023,125
"131",2013,9,6.30588235294118,17,7.36666666666667,5.72727272727273,5.85714285714286,5.75,6.38,6,11,7,2,15,3288,1587,1701,524,1108,2180,6.55239094890511,6.9580220541903,6.17394499706055,6.2949427480916,6.59428790613718,6.53109653211009,126
"132",2013,10,6.73157894736842,19,7.84,5.5,5,6,6.99285714285714,10,9,5,5,14,3307,1597,1710,529,1113,2194,6.55342045358331,6.96354477144646,6.17039791812866,6.28270321361059,6.59161814914645,6.53404304466727,127
"133",2013,11,6.22413793103448,29,6.42307692307692,6.0625,6,6.28571428571429,6.20454545454545,13,16,7,7,22,3336,1610,1726,536,1120,2216,6.55055798561151,6.95918074534161,6.16939770567787,6.27901119402985,6.58970625,6.53077185920578,128
"134",2013,12,6.06666666666667,15,7,5.6,6.75,7,5.83333333333333,5,10,2,3,12,3351,1615,1736,538,1123,2228,6.54839195464041,6.95930712074303,6.16611776497696,6.28076208178439,6.59080231522707,6.52701545780969,129
"135",2014,1,6.74444444444444,27,7.19230769230769,6.32857142857143,6.66666666666667,7.1,6.66363636363636,13,14,3,5,22,3378,1628,1750,541,1128,2250,6.54995898164595,6.96116769041769,6.16741739428571,6.28290203327172,6.59305939716312,6.52835130666667,130
"136",2014,2,6.81666666666667,18,6.85,6.79,6,6,6.86470588235294,8,10,1,1,17,3396,1636,1760,542,1129,2267,6.55137262661955,6.96062408312958,6.17095479545455,6.28238007380074,6.59253410097431,6.53087359505955,131
"137",2014,3,6.30588235294118,17,7.275,5.44444444444444,5.33333333333333,5.58333333333333,6.7,8,9,6,6,11,3413,1644,1769,548,1135,2278,6.55014985057135,6.96215389294404,6.16725858677219,6.27198905109489,6.58719911894273,6.53169027216857,132
"138",2014,4,6.025,14,6.71428571428571,5.33571428571429,5,6.25,5.935,7,7,5,4,10,3427,1651,1776,553,1139,2288,6.54800450539831,6.96110296789824,6.1639811036036,6.26048824593128,6.58601492537313,6.52908236013986,133
"139",2014,5,6.91923076923077,13,7.45,6.46428571428571,6,7.45,6.46428571428571,6,7,1,6,7,3440,1657,1783,554,1145,2295,6.54940739534884,6.96287326493663,6.1651600897364,6.26001805054152,6.5905423580786,6.52888472331155,134
"140",2014,6,6.23076923076923,13,7.2,5.625,5.83333333333333,6,6.5,5,8,6,7,6,3453,1662,1791,560,1152,2301,6.54820777295106,6.96358664259928,6.16274731434953,6.25544642857143,6.58695399305556,6.52880940460669,135
"141",2014,7,6.68571428571429,14,7.92,6,4,9.6,6.46153846153846,5,9,1,1,13,3467,1667,1800,561,1153,2314,6.54876303432362,6.96645530893821,6.16193357777778,6.25142602495544,6.58956721595837,6.52843147796024,136
"142",2014,8,6.47777777777778,9,6.875,6.16,6.43333333333333,5.93333333333333,6.75,4,5,3,3,6,3476,1671,1805,564,1156,2320,6.54857924050633,6.96623638539797,6.16192822160665,6.25239361702128,6.58786418685121,6.5290045,137
"143",2014,9,5.90769230769231,13,6.56,5.5,5.75,4.93333333333333,6.2,5,8,2,3,10,3489,1676,1813,566,1159,2330,6.54619129836629,6.96502446300716,6.15900741312741,6.2506183745583,6.58358153580673,6.52759246351931,138
"144",2014,10,6.98181818181818,11,7.63333333333333,6.2,6.5,7,6.97142857142857,6,5,2,4,7,3500,1682,1818,568,1163,2337,6.54756041142857,6.96740844233056,6.1591201540154,6.25149647887324,6.58501375752365,6.52892188275567,139
"145",2014,11,6.55961538461538,26,6.64090909090909,6.5,6.2,6.3875,6.70714285714286,11,15,6,12,14,3526,1693,1833,574,1175,2351,6.54764930232558,6.96528706438275,6.1619096781233,6.25095818815331,6.58299659574468,6.52998317311782,140
"146",2014,12,6.75555555555556,18,7.1,6.325,5,7.5,6.54285714285714,10,8,2,4,14,3544,1703,1841,576,1179,2365,6.54870525959368,6.96607809747504,6.1626183813145,6.24661458333333,6.58610771840543,6.53005938266385,141
"147",2015,1,6.35909090909091,22,6.31818181818182,6.4,6.5,7,6.2578947368421,11,11,4,3,19,3566,1714,1852,580,1182,2384,6.54753545709479,6.96192007001167,6.16402831533477,6.24836206896552,6.58715820642978,6.5278902852349,142
"148",2015,2,6.71111111111111,18,7.2875,6.25,5.8,7.1,6.56153846153846,8,10,5,5,13,3584,1722,1862,585,1187,2397,6.54835698660714,6.96343263646922,6.16449003222342,6.24452991452991,6.58931844987363,6.52807277430121,143
"149",2015,3,6.925,14,7.525,6.125,6,7.0625,6.87,8,6,1,4,10,3598,1730,1868,586,1191,2407,6.54982252362424,6.96602947976878,6.16436319057816,6.24411262798635,6.59090764063812,6.52949332779393,144
"150",2015,4,6.29333333333333,15,6.91428571428571,5.75,4.5,4.5,6.56923076923077,7,8,2,2,13,3613,1737,1876,588,1193,2420,6.54875766399114,6.9658209556707,6.16259618336887,6.23818027210884,6.58740234702431,6.52970679338843,145
"151",2015,5,7.31111111111111,27,7.62,6.42857142857143,6.66666666666667,7.64285714285714,7.195,20,7,3,7,20,3640,1757,1883,591,1200,2440,6.55441248351648,6.97326750142288,6.16358493892724,6.24035532994924,6.59355916666667,6.53516001639344,146
"152",2015,6,6.70769230769231,13,6.875,6.63333333333333,6.475,6.83333333333333,6.67,4,9,4,3,10,3653,1761,1892,595,1203,2450,6.55495796331782,6.97304429301533,6.16581947145877,6.24193277310924,6.59415710723192,6.53571038367347,147
"153",2015,7,6.22727272727273,11,7,6.05555555555556,5.75,6.5,6.16666666666667,2,9,6,2,9,3664,1763,1901,601,1205,2459,6.55397419213974,6.97307487237663,6.16529744345082,6.23702163061564,6.59400082987552,6.5343596746645,148
"154",2015,8,6.6875,12,7.7375,6.1625,5,5.125,7,4,8,1,2,10,3676,1767,1909,602,1207,2469,6.55441007616975,6.97480531975099,6.16528572027239,6.23496677740864,6.59156669428335,6.53624562170919,149
"155",2015,9,6.37727272727273,22,6.5,6.34117647058823,6.88333333333333,5.66666666666667,6.48947368421053,5,17,6,3,19,3698,1772,1926,608,1210,2488,6.55335625743645,6.97346557562077,6.16683823468328,6.24136513157895,6.58927355371901,6.53588844051447,150
"156",2015,10,6.77758620689655,29,7.00263157894737,6.35,7.33333333333333,6.25,6.91521739130435,19,10,3,6,23,3727,1791,1936,611,1216,2511,6.55510100348806,6.97377498604132,6.16778431818182,6.24672667757774,6.58759950657895,6.53936297889287,151
"157",2015,11,6.45,24,6.48461538461538,6.40909090909091,6.125,6.66666666666667,6.41904761904762,13,11,4,3,21,3751,1804,1947,615,1219,2532,6.5544285363903,6.97025,6.16914763225475,6.24593495934959,6.58779409351928,6.53836510268562,152
"158",2015,12,6.63333333333333,18,6.78181818181818,6.4,6.66666666666667,6.97142857142857,6.41818181818182,11,7,3,7,11,3769,1815,1954,618,1226,2543,6.5548053701247,6.96910798898071,6.16997463664278,6.24797734627832,6.58998450244698,6.53784523790798,153
"159",2016,1,6.71739130434783,23,7.2,6.34615384615385,5.75,6.375,6.78947368421053,10,13,4,4,19,3792,1825,1967,622,1230,2562,6.55579151898734,6.97037315068493,6.17113901372649,6.24477491961415,6.58928536585366,6.53971133489461,154
"160",2016,2,6.79411764705882,17,7,6.68181818181818,6.25,7,6.78125,6,11,4,1,16,3809,1831,1978,626,1231,2578,6.5568551955894,6.97047023484435,6.17397898887765,6.24480830670927,6.58961900893583,6.54121041117145,155
"161",2016,3,6.50894736842105,19,6.93,6.13,5.36,6.375,6.54466666666667,9,10,5,4,15,3828,1840,1988,631,1235,2593,6.55661740856844,6.97027228260869,6.1737577665996,6.2377971473851,6.58892388663968,6.54123040493637,156
"162",2016,4,6.12916666666667,12,6.5,5.94375,5.6375,7.75,5.805,4,8,4,2,10,3840,1844,1996,635,1237,2603,6.555281625,6.9692521691974,6.17283589178357,6.2340157480315,6.59080113177041,6.53840201306185,157
"163",2016,5,6.02666666666667,15,7.25,5.58181818181818,5.58,7,5.87692307692308,4,11,5,2,13,3855,1848,2007,640,1239,2616,6.55322475745785,6.96985984848485,6.16959663178874,6.22890625,6.59146166263116,6.5351148470948,158
"164",2016,6,6.54117647058824,17,7.0875,6.05555555555556,5.25,7,6.22,8,9,4,7,10,3872,1856,2016,644,1246,2626,6.55317185950413,6.97036691810345,6.16908751984127,6.22282608695652,6.59375682182986,6.53391486671744,159
"165",2016,7,6.69,10,7.2,6.18,8,7.5,6.4875,5,5,1,2,8,3882,1861,2021,645,1248,2634,6.55352432766615,6.9709838796346,6.16911451756556,6.22558139534884,6.59520913461539,6.5337738952164,160
"166",2016,8,6.48461538461538,13,6.58888888888889,6.25,6,6.33333333333333,6.53,9,4,1,3,10,3895,1870,2025,646,1251,2644,6.55329433632863,6.9691449197861,6.16927429135802,6.22523219814242,6.59458113509193,6.53375962178517,161
"167",2016,9,6.36666666666667,15,7.0625,5.57142857142857,5,7.875,5.81818181818182,8,7,1,4,11,3910,1878,2032,647,1255,2655,6.55257837340154,6.96954259850905,6.16721478346457,6.22333848531685,6.59866215139443,6.53079489265537,162
"168",2016,10,5.96,25,6.1875,5.85294117647059,6,5.875,5.97619047619048,8,17,1,4,21,3935,1886,2049,648,1259,2676,6.54881358068615,6.96622534464475,6.16460734016593,6.2229938271605,6.59636298649722,6.52644261584454,163
"169",2016,11,6.17391304347826,23,6.34615384615385,5.95,5.75,6.375,6.13157894736842,13,10,2,4,19,3958,1899,2059,650,1263,2695,6.54663502779182,6.96198051606108,6.16356505099563,6.22153846153846,6.59566191607284,6.5236587903525,164
"170",2016,12,6.56363636363636,11,7.28333333333333,5.7,5.66666666666667,NA,6.56363636363636,6,5,3,0,11,3969,1905,2064,653,1263,2706,6.54668214663643,6.96299265091863,6.16244207364341,6.21898928024503,6.59566191607284,6.52382130081301,165
"171",2017,1,6.71363636363636,22,7.01428571428571,6.1875,6.33333333333333,6.66666666666667,6.72105263157895,14,8,3,3,19,3991,1919,2072,656,1266,2725,6.54760246554748,6.96336685773841,6.16253882239382,6.21951219512195,6.59583017377567,6.52519649174312,166
"172",2017,2,6.45882352941176,17,7,5.68571428571429,5.93333333333333,7.33333333333333,6.27142857142857,10,7,3,3,14,4008,1929,2079,659,1269,2739,6.54722590818363,6.9635567651633,6.16093335257335,6.21820940819424,6.59757368006304,6.52389939393939,167
"173",2017,3,6.68666666666667,15,7.14444444444444,6,NA,4,7.1,9,6,0,2,13,4023,1938,2085,659,1271,2752,6.54774582152623,6.96439680082559,6.16047023501199,6.21820940819424,6.59348623131393,6.5266207994186,168
"174",2017,4,6.79181818181818,22,7.01111111111111,6.64,6.93333333333333,6.85,6.786,9,13,3,2,20,4045,1947,2098,662,1273,2772,6.5490732855377,6.96461273754494,6.16344158245948,6.2214501510574,6.59388923802043,6.52849222222222,169
"175",2017,5,6.721875,16,6.91363636363636,6.3,7,7,6.68214285714286,11,5,1,2,14,4061,1958,2103,663,1275,2786,6.54975410982517,6.96432635342186,6.16376625772705,6.22262443438914,6.59452627450981,6.52926433596554,170
"176",2017,6,6.73333333333333,15,7.2,6.5,6.5,6.6,6.8,5,10,6,5,10,4076,1963,2113,669,1280,2796,6.55042969578018,6.96492664289353,6.16535752011358,6.22511210762332,6.59454765625,6.5302326323319,171
"177",2017,7,6.15384615384615,13,7.3,5.4375,6,7.2,5.5,5,8,2,5,8,4089,1968,2121,671,1285,2804,6.5491688530203,6.96577794715447,6.16261218293258,6.22444113263786,6.59690350194553,6.52729330955777,172
"178",2017,8,6.77272727272727,11,6.5,6.875,7.33333333333333,7,6.64285714285714,3,8,3,4,7,4100,1971,2129,674,1289,2811,6.54976864390244,6.96506900050736,6.16528907468295,6.22937685459941,6.59815438324283,6.52758108858058,173
"179",2017,9,6.44666666666667,15,7.02857142857143,5.9375,NA,6.375,6.47272727272727,7,8,0,4,11,4115,1978,2137,674,1293,2822,6.54939281652491,6.96529373104146,6.16443633130557,6.22937685459941,6.59746403712297,6.5273672714387,174
"180",2017,10,6.52307692307692,13,6.96,6.25,NA,6.66666666666667,6.48,5,8,0,3,10,4128,1983,2145,674,1296,2832,6.54930994186047,6.96528038325769,6.16475544988345,6.22937685459941,6.59762422839507,6.52720001412429,175
"181",2017,11,6.37833333333333,24,6.96769230769231,5.68181818181818,5.8,6.5,6.36727272727273,13,11,5,2,22,4152,1996,2156,679,1298,2854,6.54832163776493,6.96529609218437,6.16229148423005,6.22621502209131,6.59747380585516,6.52596721793973,176
"182",2017,12,6.3469375,16,6.94,6.07736363636364,6.38366666666667,7.175,6.07091666666667,5,11,3,4,12,4168,2001,2167,682,1302,2866,6.54754857005758,6.96523288355822,6.16186037840332,6.22690762463343,6.59924807987712,6.52406191207257,177
"183",2018,1,6.75,18,7.01666666666667,6.21666666666667,6.5,8,6.5,12,6,2,3,15,4186,2013,2173,684,1305,2881,6.54841912087912,6.96553949329359,6.16201170731707,6.22770614035088,6.60246819923372,6.5239366331135,178
"184",2018,2,6.51481481481482,27,6.94210526315789,5.5,5.75,6.5,6.516,19,8,4,2,25,4213,2032,2181,688,1307,2906,6.54820375979112,6.96532037401575,6.15958342044933,6.22492877906977,6.60231140015303,6.52386835512732,179
"185",2018,3,7.02777777777778,18,7.29166666666667,6.5,4,6.2,7.34615384615385,12,6,1,5,13,4231,2044,2187,689,1312,2919,6.55024401796266,6.96723630136986,6.16051734796525,6.22169956458636,6.60077820121952,6.52753046933881,180
"186",2018,4,6.44761904761905,21,6.70833333333333,6.1,5.6,7,6.35555555555556,12,9,2,3,18,4252,2056,2196,691,1315,2937,6.54973716839135,6.96572519455253,6.16026932604736,6.2199001447178,6.60168897338403,6.52647648621042,181
"187",2018,5,6.3,15,6.875,6.09090909090909,6.5,7.25,5.95454545454545,4,11,2,4,11,4267,2060,2207,693,1319,2948,6.54885925474572,6.96554902912621,6.15992362483008,6.22070851370852,6.60365504169826,6.52434241519674,182
"188",2018,6,6.65384615384615,13,7.0625,6,5.33333333333333,7.16666666666667,6.5,8,5,3,3,10,4280,2068,2212,696,1322,2958,6.54917814018692,6.96592408123791,6.15956213381555,6.21688362068966,6.60493267776097,6.52426012170385,183
"189",2018,7,6.5,18,7.21428571428571,6.04545454545455,5.33333333333333,6.16666666666667,6.66666666666667,7,11,3,6,12,4298,2075,2223,699,1328,2970,6.54897218241043,6.96676192771084,6.15899749887539,6.21309155937053,6.60295256024097,6.5248355016835,184
"190",2018,8,7.25454545454545,11,7.6,6.65,6.8,7.925,6.87142857142857,7,4,2,4,7,4309,2082,2227,701,1332,2977,6.55077336737062,6.96889097022094,6.15987940727436,6.21476604850214,6.60692267267268,6.525650466913,185
"191",2018,9,5.95454545454545,11,5.64285714285714,6.5,6,5.16666666666667,6.25,7,4,1,3,8,4320,2089,2231,702,1335,2985,6.54925519444445,6.96444758257539,6.16048921559839,6.21446011396012,6.6036861423221,6.52491170519263,186
"192",2018,10,6.79444444444444,18,7.14444444444444,6.44444444444444,6.5,7.14285714285714,6.57272727272727,9,9,4,7,11,4338,2098,2240,706,1342,2996,6.55027257722453,6.96521973307912,6.16163010714286,6.21607790368272,6.60649850968704,6.52508726301736,187
"193",2018,11,6.4525,20,6.75,5.75833333333333,6,7,6.39166666666667,14,6,1,2,18,4358,2112,2246,707,1344,3014,6.5498238733364,6.96379308712121,6.16055273374889,6.21577227722773,6.60708407738096,6.5242904578633,188
"194",2018,12,7.16428571428571,14,7.27777777777778,6.96,7.1,7.5,6.97777777777778,9,5,3,5,9,4372,2121,2251,710,1349,3023,6.55179150045746,6.96512541254125,6.16232849400266,6.21950845070423,6.61039362490734,6.52564056897122,189
"195",2019,1,6,9,6.3,5.625,5.75,5.75,6.07142857142857,5,4,2,2,7,4381,2126,2255,712,1351,3030,6.55065794110934,6.9635611476952,6.16137536141907,6.21818960674158,6.60911991117691,6.52459123432343,190
"196",2019,2,6.32142857142857,14,7.5,6,5.5,5,6.54166666666667,3,11,4,2,12,4395,2129,2266,716,1353,3042,6.54992774516496,6.96431705025834,6.1605919858782,6.21417737430168,6.60674131559498,6.5246585930309,191
"197",2019,3,6.43125,16,7.31666666666667,5.9,5.73333333333333,5,6.76153846153846,6,10,6,3,13,4411,2135,2276,722,1356,3055,6.5494972659261,6.96530725995316,6.15944702987698,6.21018144044322,6.6031865781711,6.52566659247136,192
"198",2019,4,6.65555555555556,18,6.75,6.58,7.5,7,6.6125,8,10,2,2,16,4429,2143,2286,724,1358,3071,6.54992829984195,6.96450349976668,6.1612867191601,6.21374447513812,6.60377098674522,6.52611899706936,193
"199",2019,5,6.33333333333333,15,6.625,6,6.5,5.5,6.46153846153846,8,7,2,2,13,4444,2151,2293,726,1360,3084,6.54919721872187,6.96324081822408,6.1607943480157,6.21453305785124,6.60214779411765,6.52584677042802,194
"200",2019,6,6.65,14,6.91428571428571,6.38571428571429,5,6,6.7,7,7,1,1,13,4458,2158,2300,727,1361,3097,6.54951378196501,6.96308202038925,6.16147888695652,6.21286244841816,6.60170536370316,6.5265777978689,195
"201",2019,7,6.679375,16,6.73375,6.625,6.5,6.95666666666667,6.61538461538461,8,8,2,3,13,4474,2166,2308,729,1364,3110,6.54997819400984,6.96223499538319,6.16308554592721,6.21365020576132,6.60248607038124,6.52694901607717,196
"202",2019,8,6.87857142857143,14,7.1,6.58333333333333,6,8,6.57272727272727,8,6,1,3,11,4488,2174,2314,730,1367,3121,6.55100321746881,6.96274195032199,6.16417521175454,6.21335753424658,6.60555303584492,6.52711036206344,197
"203",2019,9,6.31428571428571,21,7.5,5.72142857142857,6,6.51428571428571,6.21428571428571,7,14,3,7,14,4509,2181,2328,733,1374,3135,6.54990074074074,6.96446629986245,6.16151264604811,6.21248431105048,6.60508806404658,6.52571337799043,198
"204",2019,10,6.48888888888889,18,6.75,6.28,NA,6.9,6.46470588235294,8,10,0,1,17,4527,2189,2338,733,1375,3152,6.54965814888447,6.96368250342622,6.16201943541488,6.21248431105048,6.60530254545455,6.52538434010152,199
"205",2019,11,6.52777777777778,18,7,6.15,5.66666666666667,7,6.43333333333333,8,10,3,3,15,4545,2197,2348,736,1378,3167,6.5495714939494,6.96381474738279,6.16196824531516,6.21025951086957,6.60616182873731,6.52494835491001,200
"206",2019,12,6.50909090909091,11,7,6.4,6.52,7,6.46,2,9,5,1,10,4556,2199,2357,741,1379,3177,6.54947375768218,6.96384765802638,6.16287714891812,6.21234952766532,6.60644742567078,6.52474392193893,201
"207",2020,1,7.23333333333333,12,7.5375,6.625,6.25,7,7.28,8,4,2,2,10,4568,2207,2361,743,1381,3187,6.55127023642732,6.96592705029452,6.16366007623888,6.21245087483177,6.60701737871108,6.5271137245058,202
"208",2020,2,6.69230769230769,13,7.6,6.125,4.5,6.5,6.72727272727273,5,8,2,2,11,4581,2212,2369,745,1383,3198,6.5516704736957,6.9673603074141,6.16352952300549,6.20785369127517,6.6068626174982,6.52780220137586,203
"209",2020,3,6.66,10,7.26666666666667,5.75,6,NA,6.66,6,4,1,0,10,4591,2218,2373,746,1383,3208,6.55190643432803,6.9681699729486,6.16283246523388,6.20757506702413,6.6068626174982,6.52821428927681,204
"210",2020,4,6.25,12,6.8,5.85714285714286,5.5,NA,6.25,5,7,1,0,12,4603,2223,2380,747,1383,3220,6.55111936563111,6.96779172289699,6.16193337815126,6.20662784471219,6.6068626174982,6.52717746583851,205
"211",2020,5,7.18181818181818,11,6.75,7.42857142857143,7,7,7.2,4,7,1,1,10,4614,2227,2387,748,1384,3230,6.552622982228,6.96740053884149,6.16564785923754,6.2076885026738,6.60714667630058,6.52926050773994,206
"212",2020,6,6.4375,16,6.90909090909091,5.4,3,7.5,6.28571428571429,11,5,1,2,14,4630,2238,2392,749,1386,3244,6.55222514902808,6.96711394101877,6.16404742474916,6.20340587449934,6.60843506493507,6.52820944512947,207
"213",2020,7,6.83333333333333,12,6.75,7,NA,6.5,6.94444444444444,8,4,0,3,9,4642,2246,2396,749,1389,3253,6.55295183972426,6.96634060552093,6.16544300500835,6.20340587449934,6.60820086393089,6.52936103289271,208
"214",2020,8,7.11111111111111,9,8,6.66666666666667,6,NA,7.11111111111111,3,6,2,0,9,4651,2249,2402,751,1389,3262,6.55403191571705,6.96771943085816,6.16669502081599,6.20286418109188,6.60820086393089,6.53096610668301,209
"215",2020,9,5.84615384615385,13,5.88571428571429,5.8,4.33333333333333,7.26666666666667,5.42,7,6,3,3,10,4664,2256,2408,754,1392,3272,6.55205884219554,6.96436214539007,6.16578132890365,6.19542572944297,6.60961997126437,6.52757073349633,210
"216",2020,10,6.595,20,7.21111111111111,6.09090909090909,5.33333333333333,6.8,6.52666666666667,9,11,3,5,15,4684,2265,2419,757,1397,3287,6.55224219470538,6.96534260485651,6.16544085985945,6.19200924702774,6.61030136005727,6.5275666078491,211
"217",2020,11,6.49545454545455,22,6.81428571428571,5.9375,NA,5.66666666666667,6.62631578947368,14,8,0,3,19,4706,2279,2427,757,1400,3306,6.55197671908202,6.96441465555068,6.16468950968274,6.19200924702774,6.60827928571429,6.52813413188143,212
"218",2020,12,6.55454545454545,22,6.94666666666667,5.71428571428571,5.5,6.2,6.65882352941177,15,7,2,5,17,4728,2294,2434,759,1405,3323,6.55198867174281,6.96429860505667,6.16339418241578,6.19018577075099,6.60682633451958,6.52880272043334,213
"219",2021,1,6.5735625,16,7.18633333333333,5.78571428571429,6.5,7.91925,6.125,9,7,5,4,12,4744,2303,2441,764,1409,3335,6.55206143338954,6.9651663048198,6.1623111183941,6.19221335078534,6.61055216465579,6.52734975712144,214
"220",2021,2,6.55,10,7.08333333333333,5.75,NA,6.83333333333333,6.42857142857143,6,4,0,3,7,4754,2309,2445,764,1412,3342,6.55205709718132,6.96547336509311,6.1616365807771,6.19221335078534,6.61102549575071,6.52714286056254,215
"221",2021,3,6.75,10,6.7,6.825,5.9,NA,6.75,6,4,2,0,10,4764,2315,2449,766,1412,3352,6.55247259445844,6.96478531317495,6.16272006533279,6.19145039164491,6.61102549575071,6.52780770883055,216
"222",2021,4,6.83333333333333,9,7.6,5.875,5.5,6.5,6.92857142857143,5,4,2,2,7,4773,2320,2453,768,1414,3359,6.55300218730358,6.96615431034483,6.16225089278435,6.18964973958334,6.6108684582744,6.52864288181006,217
"223",2021,5,6.89166666666667,12,7.2125,6.25,6.5,7.5,6.5875,8,4,2,4,8,4785,2328,2457,770,1418,3367,6.55385150261233,6.96700085910653,6.16239374847375,6.19045584415585,6.61337658674189,6.52878272646273,218
"224",2021,6,6.87,10,7.24285714285714,6,NA,NA,6.87,7,3,0,0,10,4795,2335,2460,770,1418,3377,6.55451083211679,6.9678278372591,6.16219570731707,6.19045584415585,6.61337658674189,6.52979314184187,219
"225",2021,7,7.1375,8,7.3,6,NA,NA,7.1375,7,1,0,0,8,4803,2342,2461,770,1418,3385,6.55548187382886,6.96882066609735,6.16212980089395,6.19045584415585,6.61337658674189,6.53122937666174,220
"226",2021,8,6.61566666666667,15,7.11555555555556,5.86583333333333,5.195,5,6.86423076923077,9,6,1,2,13,4818,2351,2467,771,1420,3398,6.55566924865089,6.96938239047214,6.16140917713822,6.18916472114138,6.61110422535212,6.53250336668629,221
"227",2021,9,6.23157894736842,19,6.73636363636364,5.5375,4,5.42,6.52142857142857,11,8,3,5,14,4837,2362,2475,774,1425,3412,6.55439620425884,6.96829720575783,6.1593925010101,6.18067958656331,6.60692491228071,6.53245792497069,222
"228",2021,10,6.865,10,7.5,5.9125,NA,8.16666666666667,6.30714285714286,6,4,0,3,7,4847,2368,2479,774,1428,3419,6.55503702083763,6.96964442567568,6.15899412666398,6.18067958656331,6.61020168067227,6.53199661889441,223
"229",2021,11,6.11428571428571,14,6.2,6,5.33333333333333,6,6.13333333333333,8,6,3,2,12,4861,2376,2485,777,1430,3431,6.55376762806007,6.96705303030303,6.15861023742455,6.17740797940798,6.60934825174826,6.53060228504809,224
"230",2021,12,7.5,10,8,7,7,8,7.28571428571429,5,5,1,3,7,4871,2381,2490,778,1433,3438,6.55571021145556,6.96922217555649,6.1602997751004,6.17846529562982,6.61225959525471,6.53213974403723,225
"231",2022,1,6.215,20,6.59230769230769,5.51428571428571,5.8,5.66666666666667,6.31176470588235,13,7,2,3,17,4891,2394,2497,780,1436,3455,6.5543169985688,6.96717543859649,6.15848876251502,6.17749487179487,6.61028412256268,6.53105540955137,226
"232",2022,2,7.17857142857143,14,7.42857142857143,6.92857142857143,7.25,6,7.26923076923077,7,7,2,1,13,4905,2401,2504,782,1437,3468,6.556098764526,6.96852061640983,6.16064154952077,6.18023785166241,6.60985942936674,6.53382250288351,227
"233",2022,3,6.4875,12,6.5,6.47857142857143,NA,6.7125,6.375,5,7,0,4,8,4917,2406,2511,782,1441,3476,6.55593134838316,6.96754696591854,6.16152785344484,6.18023785166241,6.61014434420542,6.5334569735328,228
"234",2022,4,7.425,12,7.3,7.6,NA,9.5,7.01,7,5,0,2,10,4929,2413,2516,782,1443,3486,6.55804715763847,6.96851139660174,6.16438650238474,6.18023785166241,6.61414968814969,6.53482399311532,229
"235",2022,5,6.2,10,7,5,5.5,5.33333333333333,6.57142857142857,6,4,2,3,7,4939,2419,2520,784,1446,3493,6.55732221907269,6.9685894997933,6.16253826984127,6.17850255102041,6.61149239280775,6.53489734898368,230
"236",2022,6,6.54,15,7.15714285714286,6,6,7.55,6.38461538461539,7,8,4,2,13,4954,2426,2528,788,1448,3506,6.55726976988292,6.96913355317395,6.16202390822785,6.17759644670051,6.61278867403315,6.53434011409013,231
"237",2022,7,7.11666666666667,12,7.34285714285714,6.8,6,7.46666666666667,7,7,5,2,3,9,4966,2433,2533,790,1451,3515,6.55862151429722,6.97020879572544,6.16328323726806,6.17714683544304,6.61455410062027,6.53553241536273,232
"238",2022,8,6.85294117647059,17,7.375,6.38888888888889,6.2,8,6.7,8,9,1,2,15,4983,2441,2542,791,1453,3530,6.55962561509131,6.9715354362966,6.16408199842644,6.17717572692794,6.61646111493462,6.53623128611898,233
"239",2022,9,7.05454545454545,11,6.9,7.14285714285714,7.5,7.3,7,4,7,4,2,9,4994,2445,2549,795,1455,3539,6.56071574689628,6.97141840490797,6.16676988622989,6.18383144654088,6.61740068728523,6.53741069228596,234
"240",2022,10,6.3,15,6.88888888888889,5.41666666666667,7,6,6.32142857142857,9,6,1,1,14,5009,2454,2555,796,1456,3553,6.55993500499102,6.97111572942135,6.16500839138943,6.1848567839196,6.61697664835165,6.53655965099915,235
"241",2022,11,6.72352941176471,17,6.61818181818182,6.91666666666667,7.5,7,6.68666666666667,11,6,1,2,15,5026,2465,2561,797,1458,3568,6.56048834858735,6.96954077079107,6.16676940257712,6.1865069008783,6.61750205761317,6.53719070627803,236
"242",2022,12,6.64705882352941,17,7.3,5.71428571428571,5,6.25,6.76923076923077,10,7,1,4,13,5043,2475,2568,798,1462,3581,6.5607801784652,6.97087595959596,6.16553599688473,6.18502005012532,6.61649658002736,6.53803307456018,237
