"","year","month","avg_rating","no_ratings","avg_rating_owned","avg_rating_not_owned","avg_rating_prev_owned","avg_rating_comment","avg_rating_no_comment","no_ratings_owned","no_ratings_not_owned","no_ratings_prev_owned","no_ratings_comment","no_ratings_no_comment","cum_no_ratings","cum_no_ratings_owned","cum_no_ratings_not_owned","cum_no_ratings_prev_owned","cum_no_ratings_comment","cum_no_ratings_no_comment","cum_avg_rating","cum_avg_rating_owned","cum_avg_rating_not_owned","cum_avg_rating_prev_owned","cum_avg_rating_comment","cum_avg_rating_no_comment","month_after_release"
"1",2001,6,7.4375,16,7.4375,NA,NA,9,7.07692307692308,16,0,0,3,13,16,16,0,0,3,13,7.4375,7.4375,NA,NA,9,7.07692307692308,1
"2",2001,7,9.5,2,9.5,NA,NA,9,10,2,0,0,1,1,18,18,0,0,4,14,7.66666666666667,7.66666666666667,NA,NA,9,7.28571428571429,2
"3",2001,8,5.6,10,6.66666666666667,4,5.5,6.66666666666667,5.14285714285714,6,4,2,3,7,28,24,4,2,7,21,6.92857142857143,7.41666666666667,4,5.5,8,6.57142857142857,3
"4",2001,9,6.83333333333333,6,6.8,7,NA,6,7.25,5,1,0,2,4,34,29,5,2,9,25,6.91176470588235,7.31034482758621,4.6,5.5,7.55555555555556,6.68,4
"5",2001,10,9.5,2,9.5,NA,NA,9,10,2,0,0,1,1,36,31,5,2,10,26,7.05555555555556,7.45161290322581,4.6,5.5,7.7,6.80769230769231,5
"6",2001,11,8.42857142857143,7,8.42857142857143,NA,NA,8.66666666666667,8.25,7,0,0,3,4,43,38,5,2,13,30,7.27906976744186,7.63157894736842,4.6,5.5,7.92307692307692,7,6
"7",2001,12,6,1,6,NA,NA,6,NA,1,0,0,1,0,44,39,5,2,14,30,7.25,7.58974358974359,4.6,5.5,7.78571428571429,7,7
"8",2002,1,6.66666666666667,6,8,5.33333333333333,NA,1,7.8,3,3,0,1,5,50,42,8,2,15,35,7.18,7.61904761904762,4.875,5.5,7.33333333333333,7.11428571428571,8
"9",2002,2,8.33333333333333,6,8.33333333333333,NA,NA,9.5,7.75,6,0,0,2,4,56,48,8,2,17,39,7.30357142857143,7.70833333333333,4.875,5.5,7.58823529411765,7.17948717948718,9
"10",2002,3,8.2,5,8.2,NA,NA,8.5,8,5,0,0,2,3,61,53,8,2,19,42,7.37704918032787,7.75471698113208,4.875,5.5,7.68421052631579,7.23809523809524,10
"11",2002,4,4,2,2,6,NA,2,6,1,1,0,1,1,63,54,9,2,20,43,7.26984126984127,7.64814814814815,5,5.5,7.4,7.2093023255814,11
"12",2002,5,6,2,8,4,NA,NA,6,1,1,0,0,2,65,55,10,2,20,45,7.23076923076923,7.65454545454545,4.9,5.5,7.4,7.15555555555556,12
"13",2002,6,8.83333333333333,6,8.6,10,NA,9,8.75,5,1,0,2,4,71,60,11,2,22,49,7.36619718309859,7.73333333333333,5.36363636363636,5.5,7.54545454545455,7.28571428571429,13
"14",2002,7,7.5,8,7.57142857142857,7,7,8,7.33333333333333,7,1,1,2,6,79,67,12,3,24,55,7.37974683544304,7.71641791044776,5.5,6,7.58333333333333,7.29090909090909,14
"15",2002,8,6.83333333333333,12,8.125,4.25,7,9,6.63636363636364,8,4,1,1,11,91,75,16,4,25,66,7.30769230769231,7.76,5.1875,6.25,7.64,7.18181818181818,15
"16",2002,9,7.09090909090909,11,7.25,6.66666666666667,NA,8.33333333333333,6.625,8,3,0,3,8,102,83,19,4,28,74,7.2843137254902,7.71084337349398,5.42105263157895,6.25,7.71428571428571,7.12162162162162,16
"17",2002,10,7.41666666666667,12,7.22222222222222,8,NA,6.75,7.75,9,3,0,4,8,114,92,22,4,32,82,7.29824561403509,7.66304347826087,5.77272727272727,6.25,7.59375,7.18292682926829,17
"18",2002,11,7.07142857142857,14,7.28571428571429,6.85714285714286,NA,6.33333333333333,7.27272727272727,7,7,0,3,11,128,99,29,4,35,93,7.2734375,7.63636363636364,6.03448275862069,6.25,7.48571428571429,7.19354838709677,18
"19",2002,12,7.66666666666667,6,7.75,7.5,NA,9.66666666666667,5.66666666666667,4,2,0,3,3,134,103,31,4,38,96,7.2910447761194,7.64077669902913,6.12903225806452,6.25,7.65789473684211,7.14583333333333,19
"20",2003,1,7.7,10,8.33333333333333,2,NA,9.33333333333333,7,9,1,0,3,7,144,112,32,4,41,103,7.31944444444444,7.69642857142857,6,6.25,7.78048780487805,7.13592233009709,20
"21",2003,2,6.88461538461539,13,7.125,4,4,8.5,5.875,12,1,1,5,8,157,124,33,5,46,111,7.28343949044586,7.64112903225806,5.93939393939394,5.8,7.85869565217391,7.04504504504505,21
"22",2003,3,7.25,10,7.3125,7,NA,7.08333333333333,7.5,8,2,0,6,4,167,132,35,5,52,115,7.2814371257485,7.62121212121212,6,5.8,7.76923076923077,7.06086956521739,22
"23",2003,4,8.25,8,8.66666666666667,7,7,10,8,6,2,1,1,7,175,138,37,6,53,122,7.32571428571429,7.66666666666667,6.05405405405405,6,7.81132075471698,7.11475409836066,23
"24",2003,5,7.61764705882353,17,8.55,6.28571428571429,6.33333333333333,7.55555555555556,7.6875,10,7,3,9,8,192,148,44,9,62,130,7.3515625,7.72635135135135,6.09090909090909,6.11111111111111,7.7741935483871,7.15,24
"25",2003,6,7.91666666666667,12,7.9,8,NA,8,7.8,10,2,0,7,5,204,158,46,9,69,135,7.38480392156863,7.7373417721519,6.17391304347826,6.11111111111111,7.79710144927536,7.17407407407407,25
"26",2003,7,7.3468253968254,63,8.03809523809524,5.96428571428571,6.65,7.208,7.43815789473684,42,21,5,25,38,267,200,67,14,94,173,7.37584269662921,7.8005,6.10820895522388,6.30357142857143,7.64042553191489,7.23208092485549,26
"27",2003,8,7.32692307692308,26,7.97222222222222,5.875,7,7.33333333333333,7.32352941176471,18,8,1,9,17,293,218,75,15,103,190,7.37150170648464,7.81467889908257,6.08333333333333,6.35,7.61359223300971,7.24026315789474,27
"28",2003,9,7.49130434782609,23,7.62105263157895,6.875,NA,7.7875,7.33333333333333,19,4,0,8,15,316,237,79,15,111,205,7.38022151898734,7.79915611814346,6.12341772151899,6.35,7.62612612612613,7.24707317073171,28
"29",2003,10,8.05,10,8.5,7,10,8.625,7.66666666666667,7,3,1,4,6,326,244,82,16,115,211,7.40076687116564,7.81926229508197,6.15548780487805,6.578125,7.66086956521739,7.25900473933649,29
"30",2003,11,7.71428571428571,7,7.71428571428571,NA,NA,9.33333333333333,6.5,7,0,0,3,4,333,251,82,16,118,215,7.40735735735736,7.81633466135458,6.15548780487805,6.578125,7.70338983050847,7.24488372093023,30
"31",2003,12,6.57894736842105,19,6.47058823529412,7.5,NA,6.125,6.90909090909091,17,2,0,8,11,352,268,84,16,126,226,7.36264204545455,7.73097014925373,6.1875,6.578125,7.6031746031746,7.22853982300885,31
"32",2004,1,7.18421052631579,19,7.02777777777778,10,NA,7.72222222222222,6.7,18,1,0,9,10,371,286,85,16,135,236,7.35350404312668,7.68671328671329,6.23235294117647,6.578125,7.61111111111111,7.20614406779661,32
"33",2004,2,6.88461538461539,26,7.08333333333333,4.5,NA,7.13333333333333,6.54545454545455,24,2,0,15,11,397,310,87,16,150,247,7.3227959697733,7.64,6.19252873563218,6.578125,7.56333333333333,7.17672064777328,33
"34",2004,3,7.55260869565217,23,7.74809523809524,5.5,NA,7.83333333333333,7.37214285714286,21,2,0,9,14,420,331,89,16,159,261,7.33538095238095,7.6468580060423,6.17696629213483,6.578125,7.57861635220126,7.1872030651341,34
"35",2004,4,7.92692307692308,26,8.28,6.75,5,7.62307692307692,8.23076923076923,20,6,1,13,13,446,351,95,17,172,274,7.36986547085202,7.68293447293447,6.21315789473684,6.48529411764706,7.58197674418605,7.23671532846715,35
"36",2004,5,7,19,7.57142857142857,5.4,6,7.4,6.55555555555556,14,5,1,10,9,465,365,100,18,182,283,7.35475268817204,7.67865753424657,6.1725,6.45833333333333,7.57197802197802,7.21505300353357,36
"37",2004,6,7.77586206896552,29,8.225,6.77777777777778,8,7.63636363636364,7.86111111111111,20,9,3,11,18,494,385,109,21,193,301,7.37947368421053,7.70703896103896,6.22247706422018,6.67857142857143,7.57564766839378,7.2536877076412,37
"38",2004,7,6.73684210526316,19,7.26666666666667,4.75,7,5.8,7.77777777777778,15,4,1,10,9,513,400,113,22,203,310,7.35567251461988,7.690525,6.17035398230088,6.69318181818182,7.48817733990148,7.26890322580645,38
"39",2004,8,7.67241379310345,29,8.06521739130435,6.16666666666667,3,7.75,7.57692307692308,23,6,1,16,13,542,423,119,23,219,323,7.37261992619926,7.71089834515366,6.17016806722689,6.53260869565217,7.50730593607306,7.28130030959752,39
"40",2004,9,7.515625,32,7.8125,6.625,7,7.9,6.875,24,8,1,20,12,574,447,127,24,239,335,7.38059233449477,7.71635346756152,6.1988188976378,6.55208333333333,7.54016736401674,7.26674626865672,40
"41",2004,10,7.34848484848485,33,7.41666666666667,6.66666666666667,6,7.17647058823529,7.53125,30,3,1,17,16,607,477,130,25,256,351,7.37884678747941,7.69750524109015,6.20961538461538,6.53,7.516015625,7.27880341880342,41
"42",2004,11,7.49333333333333,30,7.512,7.4,7,7,7.925,25,5,1,14,16,637,502,135,26,270,367,7.38423861852433,7.68826693227092,6.2537037037037,6.54807692307692,7.48925925925926,7.30697547683924,42
"43",2004,12,7.14285714285714,28,7.32,5.66666666666667,5,7.69230769230769,6.66666666666667,25,3,1,13,15,665,527,138,27,283,382,7.37407518796993,7.67079696394687,6.24094202898551,6.49074074074074,7.49858657243816,7.28183246073298,43
"44",2005,1,7.73684210526316,38,7.78125,7.5,8,8,7.61538461538461,32,6,1,12,26,703,559,144,28,295,408,7.39368421052632,7.6771198568873,6.29340277777778,6.54464285714286,7.51898305084746,7.30308823529412,44
"45",2005,2,7.13157894736842,38,7.56896551724138,5.72222222222222,7.5,7.07894736842105,7.18421052631579,29,9,1,19,19,741,588,153,29,314,427,7.38024291497976,7.67178571428571,6.25980392156863,6.57758620689655,7.49235668789809,7.29779859484778,45
"46",2005,3,7.03658536585366,41,7.671875,4.77777777777778,NA,6.25,7.54,32,9,0,16,25,782,620,162,29,330,452,7.36222506393862,7.67179032258065,6.17746913580247,6.57758620689655,7.43212121212121,7.31119469026549,46
"47",2005,4,7.66333333333333,30,7.85416666666667,6.9,6.4,7.28333333333333,7.91666666666667,24,6,1,12,18,812,644,168,30,342,470,7.37334975369458,7.67858695652174,6.20327380952381,6.57166666666667,7.42690058479532,7.33438297872341,47
"48",2005,5,7.47222222222222,36,7.93548387096774,4.6,8,7.44444444444444,7.5,31,5,1,18,18,848,675,173,31,360,488,7.37754716981132,7.69038518518519,6.15693641618497,6.61774193548387,7.42777777777778,7.34049180327869,48
"49",2005,6,6.64583333333333,24,6.97222222222222,5.66666666666667,5.5,6.125,7.16666666666667,18,6,2,12,12,872,693,179,33,372,500,7.35740825688073,7.6717316017316,6.14050279329609,6.55,7.38575268817204,7.33632,49
"50",2005,7,7.82285714285714,35,7.90357142857143,7.5,9.5,8.48571428571429,7.38095238095238,28,7,1,14,21,907,721,186,34,386,521,7.37536934950386,7.68073509015257,6.19166666666667,6.63676470588235,7.42564766839378,7.33811900191939,50
"51",2005,8,7.26162790697674,43,7.54487179487179,4.5,9,7.25892857142857,7.26666666666667,39,4,1,28,15,950,760,190,35,414,536,7.37022105263158,7.67376315789474,6.15605263157895,6.70428571428571,7.41437198067633,7.33611940298508,51
"52",2005,9,7.21931818181818,44,7.60138888888889,5.5,4,7.6,6.90208333333333,36,8,1,20,24,994,796,198,36,434,560,7.36354124748491,7.67048994974874,6.12954545454545,6.62916666666667,7.42292626728111,7.31751785714286,52
"53",2005,10,7.60769230769231,39,8.12727272727273,4.75,6.8,7.26,7.97368421052632,33,6,4,20,19,1033,829,204,40,454,579,7.37275895450145,7.68867310012063,6.08897058823529,6.64625,7.41574889867841,7.33905008635579,53
"54",2005,11,7.62317073170732,41,7.76527777777778,6.6,10,7.32045454545455,7.97368421052632,36,5,1,22,19,1074,865,209,41,476,598,7.38231843575419,7.6918612716763,6.1011961722488,6.7280487804878,7.41134453781513,7.35921404682274,54
"55",2005,12,7.33225806451613,62,7.77755102040816,5.65384615384615,6.375,7.63,7.19047619047619,49,13,4,20,42,1136,914,222,45,496,640,7.37958626760563,7.69645514223195,6.075,6.69666666666667,7.42016129032258,7.348140625,55
"56",2006,1,7.28846153846154,52,7.71794871794872,6,6.57142857142857,7.25,7.32142857142857,39,13,7,24,28,1188,953,235,52,520,668,7.37559764309764,7.69733473242392,6.07085106382979,6.67980769230769,7.41230769230769,7.34702095808383,56
"57",2006,2,7.38571428571429,35,7.59090909090909,4,NA,6.97058823529412,7.77777777777778,33,2,0,17,18,1223,986,237,52,537,686,7.37588716271464,7.69377281947262,6.05337552742616,6.67980769230769,7.39832402234637,7.35832361516035,57
"58",2006,3,6.99264705882353,34,7.225,5.25,6,6.77380952380952,7.34615384615385,30,4,2,21,13,1257,1016,241,54,558,699,7.36552108194113,7.6799311023622,6.04004149377593,6.65462962962963,7.37482078853047,7.35809728183119,58
"59",2006,4,7.43928571428571,28,7.72857142857143,6.57142857142857,5,6.96153846153846,7.85333333333333,21,7,2,13,15,1285,1037,248,56,571,714,7.36712840466926,7.68091610414658,6.05504032258065,6.59553571428571,7.365411558669,7.36850140056023,59
"60",2006,5,7.25,32,7.42857142857143,6,7,6.69230769230769,7.63157894736842,28,4,1,13,19,1317,1065,252,57,584,733,7.36428246013667,7.67428169014085,6.05416666666667,6.60263157894737,7.35042808219178,7.37532060027285,60
"61",2006,6,7.21428571428571,42,7.5,6,7,7.31578947368421,7.1304347826087,34,8,2,19,23,1359,1099,260,59,603,756,7.359646799117,7.66888989990901,6.0525,6.61610169491525,7.34933665008292,7.36787037037037,61
"62",2006,7,7.1948275862069,58,7.46304347826087,6.16666666666667,6.25,7.875,6.83684210526316,46,12,4,20,38,1417,1145,272,63,623,794,7.35290049400141,7.66062008733624,6.05753676470588,6.59285714285714,7.36621187800963,7.34245591939547,62
"63",2006,8,6.74047619047619,42,7.34827586206897,5.38461538461539,7,7.53571428571429,6.34285714285714,29,13,1,14,28,1459,1174,285,64,637,822,7.33527073337903,7.65290459965928,6.02684210526316,6.59921875,7.36993720565149,7.30840632603406,63
"64",2006,9,7.48518518518518,54,7.71052631578947,6.95,6.75,7.20869565217391,7.69032258064516,38,16,2,23,31,1513,1212,301,66,660,853,7.34062128222075,7.65471122112211,6.07591362126246,6.60378787878788,7.36431818181818,7.32228604923798,64
"65",2006,10,6.76585365853659,41,7.125,5.99230769230769,8,6.81052631578947,6.72727272727273,28,13,3,19,22,1554,1240,314,69,679,875,7.32545688545688,7.64275,6.07245222929936,6.66449275362319,7.34882179675994,7.30732571428572,65
"66",2006,11,7.63222222222222,45,7.92179487179487,5.75,5.83333333333333,7.42307692307692,7.7171875,39,6,3,13,32,1599,1279,320,72,692,907,7.33409005628518,7.65125879593432,6.06640625,6.62986111111111,7.35021676300578,7.32178610804851,66
"67",2006,12,7.53606557377049,61,7.76296296296296,5.78571428571429,6,7.23636363636364,7.70512820512821,54,7,2,22,39,1660,1333,327,74,714,946,7.34151204819277,7.6557839459865,6.06039755351682,6.61283783783784,7.34670868347339,7.33758985200846,67
"68",2007,1,7.25755102040816,98,7.59164556962025,5.86842105263158,5.6,7.42617647058823,7.16796875,79,19,5,34,64,1758,1412,346,79,748,1010,7.33683162684869,7.6521954674221,6.04985549132948,6.54873417721519,7.35032085561497,7.32684158415842,68
"69",2007,2,7.295786,50,7.60714285714286,5.6611625,5,7.73529411764706,7.06937272727273,42,8,1,17,33,1808,1454,354,80,765,1043,7.33569651548673,7.65089408528198,6.04107146892655,6.529375,7.35887581699346,7.3186953978907,69
"70",2007,3,7.20757575757576,66,7.51296296296296,5.83333333333333,7,6.71304347826087,7.47209302325581,54,12,3,23,43,1874,1508,366,83,788,1086,7.33118425827108,7.6459549071618,6.03426038251366,6.54638554216867,7.34002538071066,7.32476915285451,70
"71",2007,4,7.684375,48,7.9125,7,7,7.6,7.72272727272727,36,12,2,15,33,1922,1544,378,85,803,1119,7.34000483870968,7.65216968911917,6.06491878306878,6.55705882352941,7.34488169364882,7.33650518319929,71
"72",2007,5,7.09649122807018,57,7.34444444444444,6.16666666666667,7.2,6.82352941176471,7.2125,45,12,5,17,40,1979,1589,390,90,820,1159,7.33299105608893,7.64345500314663,6.06804948717949,6.59277777777778,7.33407317073171,7.3322254529767,72
"73",2007,6,7.290625,64,7.33220338983051,6.8,6,7.39642857142857,7.20833333333333,59,5,2,28,36,2043,1648,395,92,848,1195,7.33166387665198,7.63231189320389,6.0773146835443,6.57989130434783,7.3361320754717,7.32849313807531,73
"74",2007,7,7.01241935483871,62,7.34224489795918,5.76923076923077,4,7.0535,6.99285714285714,49,13,1,20,42,2105,1697,408,93,868,1237,7.32226095011877,7.62393635827932,6.06749828431373,6.55215053763441,7.3296198156682,7.31709725141471,74
"75",2007,8,7.22816901408451,71,7.38524590163934,6.27,7.5,7,7.38571428571429,61,10,3,29,42,2176,1758,418,96,897,1279,7.31919085477941,7.61565415244596,6.07234282296651,6.58177083333333,7.31896321070234,7.31935050820954,75
"76",2007,9,7.18688524590164,61,7.30888888888889,6.84375,9,6.98333333333333,7.31891891891892,45,16,1,24,37,2237,1803,434,97,921,1316,7.31558305766652,7.60799778147532,6.10078179723502,6.60670103092783,7.31021715526601,7.31933837386018,76
"77",2007,10,7.19307692307692,78,7.48196721311475,6.15647058823529,6.5,7.23166666666667,7.17592592592593,61,17,4,24,54,2315,1864,451,101,945,1370,7.31145542116631,7.60387339055794,6.10288093126386,6.60247524752475,7.30822222222222,7.31368562043796,77
"78",2007,11,7.6,83,8.0469696969697,5.86470588235294,7.25,7.75714285714286,7.48541666666667,66,17,2,35,48,2398,1930,468,103,980,1418,7.32144257714762,7.61902590673575,6.09422927350427,6.61504854368932,7.32425510204082,7.31949880112835,78
"79",2007,12,7.62045454545455,88,7.946875,6.75,5.83333333333333,7.78378378378378,7.50196078431373,64,24,6,37,51,2486,1994,492,109,1017,1469,7.33202707160097,7.62954864593782,6.12621808943089,6.57201834862385,7.34097345132743,7.32583342409803,79
"80",2008,1,7.853,100,8.06987951807229,6.79411764705882,7.16666666666667,8.17435897435897,7.64754098360656,83,17,3,39,61,2586,2077,509,112,1056,1530,7.35217296983759,7.6471449205585,6.14852514734774,6.58794642857143,7.37175189393939,7.33865967320262,80
"81",2008,2,7.51066666666667,75,7.87169811320755,6.64090909090909,6,7.38666666666667,7.59333333333333,53,22,3,30,45,2661,2130,531,115,1086,1575,7.35664009770763,7.6527323943662,6.1689252354049,6.57260869565217,7.37216390423573,7.34593606349206,81
"82",2008,3,7.02285714285714,70,7.64489795918367,5.57142857142857,7.33333333333333,6.6,7.25777777777778,49,21,3,25,45,2731,2179,552,118,1111,1620,7.34808469425119,7.65255621844883,6.14619438405797,6.59194915254237,7.35478847884789,7.34348722222222,82
"83",2008,4,7.871875,64,7.97692307692308,7.41666666666667,5.66666666666667,8.472,7.48717948717949,52,12,3,25,39,2795,2231,564,121,1136,1659,7.36007846153846,7.66011653966831,6.17322570921986,6.56900826446281,7.379375,7.34686515973478,83
"84",2008,5,7.63333333333333,60,7.85106382978723,6.84615384615385,6.33333333333333,7.70967741935484,7.55172413793103,47,13,3,31,29,2855,2278,577,124,1167,1688,7.36582112084063,7.66405618964004,6.1883870017331,6.5633064516129,7.38814910025707,7.35038465639811,84
"85",2008,6,7.36,70,7.64444444444444,6.4,7.5,7.7,7,54,16,2,36,34,2925,2332,593,126,1203,1722,7.36568181196581,7.66360205831904,6.19409662731872,6.5781746031746,7.39748129675811,7.34346649245064,85
"86",2008,7,7.23140845070423,71,7.80489361702128,6.10833333333333,5.84,6.93769230769231,7.40111111111111,47,24,15,26,45,2996,2379,617,141,1229,1767,7.36249976635514,7.66639344262295,6.19076061588331,6.49964539007092,7.38775427176566,7.34493452178834,86
"87",2008,8,7.54871794871795,78,7.77049180327869,6.75294117647059,7.42222222222222,7.75,7.45925925925926,61,17,9,24,54,3074,2440,634,150,1253,1821,7.36722488614183,7.66899590163935,6.20583485804416,6.555,7.39469273743017,7.34832471169687,87
"88",2008,9,6.85797101449275,69,7.49772727272727,5.732,5.80769230769231,7.09722222222222,6.5969696969697,44,25,13,36,33,3143,2484,659,163,1289,1854,7.35604495704741,7.66596215780999,6.1878593323217,6.49539877300613,7.38638479441427,7.33495107874865,88
"89",2008,10,7.22923076923077,65,7.66444444444444,6.25,6.375,7.66666666666667,7.06170212765957,45,20,8,18,47,3208,2529,679,171,1307,1901,7.35347546758105,7.66593515223409,6.18968969072165,6.48976608187134,7.39024483550115,7.32819531825355,89
"90",2008,11,7.34055555555556,90,7.72857142857143,6.43518518518519,6.13888888888889,7.04827586206897,7.47950819672131,63,27,18,29,61,3298,2592,706,189,1336,1962,7.35312289266222,7.6674575617284,6.1990783286119,6.4563492063492,7.38282185628742,7.332899745158,90
"91",2008,12,7.26989247311828,93,7.73389830508475,6.46470588235294,6.70625,7.53333333333333,7.14444444444444,59,34,16,30,63,3391,2651,740,205,1366,2025,7.3508402536125,7.66893625047152,6.21128283783784,6.47585365853658,7.38612737920937,7.32703669135803,91
"92",2009,1,7.16140350877193,114,7.54156626506024,6.14354838709677,6.2475,6.66463414634146,7.44041095890411,83,31,20,41,73,3505,2734,771,225,1407,2098,7.34467883024251,7.66506949524506,6.20855940337224,6.45555555555555,7.36510305614783,7.33098155386082,92
"93",2009,2,7.02091503267974,153,7.48987341772152,6.52027027027027,6.5875,7.81944444444444,6.77521367521368,79,74,20,36,117,3658,2813,845,245,1443,2215,7.33113704209951,7.66014930678991,6.23585715976331,6.46632653061224,7.37643797643798,7.30162496613996,93
"94",2009,3,7.35757575757576,132,8.17530864197531,6.05882352941176,6.26190476190476,7.61538461538461,7.29433962264151,81,51,21,26,106,3790,2894,896,266,1469,2321,7.33205786279683,7.67456807187284,6.22578046875,6.45018796992481,7.38066712049013,7.3012922447221,94
"95",2009,4,7.22920353982301,113,7.88965517241379,6.53272727272727,6.21052631578947,7.55,7.11325301204819,58,55,19,30,83,3903,2952,951,285,1499,2404,7.32908001537279,7.67879403794038,6.24353238696109,6.43421052631579,7.38405603735824,7.29480004159734,95
"96",2009,5,7.23510489510489,143,7.76153846153846,6.31384615384615,6.02083333333333,6.95714285714286,7.32518518518518,91,52,24,35,108,4046,3043,1003,309,1534,2512,7.32575860108749,7.68126848504765,6.2471777666999,6.40210355987055,7.37431551499348,7.29610640923567,96
"97",2009,6,7.25731707317073,123,7.77405063291139,6.32954545454545,6.23076923076923,7.20689655172414,7.27287234042553,79,44,13,29,94,4169,3122,1047,322,1563,2606,7.32373933797074,7.68361627162076,6.25063925501433,6.39518633540373,7.37120921305182,7.29526834228703,97
"98",2009,7,7.0125,116,7.72,6.25446428571429,6.52941176470588,6.75862068965517,7.09712643678161,60,56,17,29,87,4285,3182,1103,339,1592,2693,7.31531372228705,7.6843023255814,6.25083345421578,6.40191740412979,7.36005025125628,7.28886717415522,98
"99",2009,8,7.41412213740458,131,7.93518518518519,6.57,6.91052631578947,7.92058823529412,7.23659793814433,81,50,19,34,97,4416,3263,1153,358,1626,2790,7.31824485960145,7.69053018694453,6.26467415437988,6.42891061452514,7.37177121771218,7.28704992831541,99
"100",2009,9,7.56544715447154,123,7.8843023255814,6.82432432432432,6.44615384615385,7.275,7.66758241758242,86,37,13,32,91,4539,3349,1190,371,1658,2881,7.32494366600573,7.69550612123022,6.28207504201681,6.42951482479784,7.36990349819059,7.29906952447067,100
"101",2009,10,7.59518518518519,135,7.90128205128205,7.17631578947368,7.04761904761905,7.89880952380952,7.45806451612903,78,57,21,42,93,4674,3427,1247,392,1700,2974,7.33274910141207,7.70018967026554,6.322950521251,6.46262755102041,7.38297058823529,7.30404145931406,101
"102",2009,11,7.47327586206897,116,8.05416666666667,6.52272727272727,6.15,7.54193548387097,7.44823529411765,72,44,16,31,85,4790,3499,1291,408,1731,3059,7.33615225469729,7.7074735638754,6.32975933384973,6.45036764705882,7.38581744656268,7.30804815299117,102
"103",2009,12,7.34748603351955,179,8.06018518518519,6.26338028169014,6.33333333333333,7.42888888888889,7.32014925373134,108,71,21,45,134,4969,3607,1362,429,1776,3193,7.33656053531898,7.71803437759911,6.32629904552129,6.4446386946387,7.38690878378378,7.30855599749452,103
"104",2010,1,7.35,201,7.71439393939394,6.65289855072464,6.55263157894737,7.406,7.33145695364238,132,69,19,50,151,5170,3739,1431,448,1826,3344,7.33708303675048,7.71790585718107,6.34204703004892,6.44921875,7.38743154435925,7.30959010167464,104
"105",2010,2,7.3604347826087,115,7.82307692307692,6.759,6.94615384615385,6.772,7.52388888888889,65,50,13,25,90,5285,3804,1481,461,1851,3434,7.33759116367077,7.71970294426919,6.35612376772451,6.46323210412148,7.37911939492166,7.3152065521258,105
"106",2010,3,7.27959016393443,122,7.566,6.62162162162162,6.65,7.35789473684211,7.26514563106796,85,37,10,19,103,5407,3889,1518,471,1870,3537,7.33628246717218,7.71634353304191,6.36259505928854,6.4671974522293,7.3789037433155,7.31374874187164,106
"107",2010,4,7.30222222222222,90,7.87543859649123,6.31212121212121,6.18181818181818,7.78,7.06333333333333,57,33,11,30,60,5497,3946,1551,482,1900,3597,7.33572481353465,7.71864166244298,6.36152114764668,6.46068464730291,7.38523684210526,7.30957167083681,107
"108",2010,5,7.28453608247423,97,7.66810344827586,6.71410256410256,7.29166666666667,7.2675,7.28896103896104,58,39,12,20,77,5594,4004,1590,494,1920,3674,7.33483720057204,7.71790959040959,6.37016937106918,6.48087044534413,7.38401041666666,7.30913971148612,108
"109",2010,6,7.4735632183908,87,8.08245614035088,6.31666666666667,6.73076923076923,7.85714285714286,7.35151515151515,57,30,13,21,66,5681,4061,1620,507,1941,3740,7.33696167928182,7.7230263481901,6.36917858024691,6.48727810650888,7.38912931478619,7.30988751336898,109
"110",2010,7,7.45841584158416,101,7.63098591549296,7.05,6.67142857142857,8.19565217391304,7.24102564102564,71,30,7,23,78,5782,4132,1650,514,1964,3818,7.33908324109305,7.72144482090997,6.38155715151515,6.4897859922179,7.39857433808554,7.30848069669984,110
"111",2010,8,7.43143939393939,132,7.88988764044944,6.48255813953488,7,6.07083333333333,7.7337962962963,89,43,14,24,108,5914,4221,1693,528,1988,3926,7.34114462292864,7.72499644633973,6.38412244536326,6.50331439393939,7.38254527162978,7.3201806673459,111
"112",2010,9,7.17051282051282,117,7.61794871794872,6.27564102564103,5.89285714285714,6.5046875,7.42117647058824,78,39,14,32,85,6031,4299,1732,542,2020,4011,7.33783440557121,7.72305419865085,6.38167973441109,6.48754612546126,7.36863861386138,7.32232094240838,112
"113",2010,10,7.19045454545455,110,7.65073529411765,6.4452380952381,6.54117647058824,6.56363636363636,7.34715909090909,68,42,17,22,88,6141,4367,1774,559,2042,4099,7.33519447972643,7.72192809709183,6.38318449830891,6.4891771019678,7.35996571988247,7.3228541839473,113
"114",2010,11,7.22006578947368,152,7.86123595505618,6.31428571428571,6.38888888888889,7.2,7.22606837606838,89,63,18,35,117,6293,4456,1837,577,2077,4216,7.33241368186874,7.724710502693,6.38082161132281,6.48604852686308,7.35727010110736,7.32016824003795,114
"115",2010,12,7.44147651006711,149,8.01391304347826,6.51754385964912,6.71875,8.11212121212121,7.25068965517241,92,57,16,33,116,6442,4548,1894,593,2110,4332,7.33493624650729,7.73056068601583,6.38493627243928,6.49232715008432,7.36907582938388,7.31830777931671,115
"116",2011,1,7.27844311377245,167,7.75876288659794,6.61285714285714,6.715,7.39375,7.24212598425197,97,70,20,40,127,6609,4645,1964,613,2150,4459,7.33350874564987,7.73114962325081,6.39305972505092,6.49959216965742,7.36953488372093,7.31613799058085,116
"117",2011,2,7.42014925373134,134,8.12291666666667,6.60403225806452,6.34375,7.49193548387097,7.39854368932039,72,62,16,31,103,6743,4717,2026,629,2181,4562,7.33523050570962,7.73712953148188,6.39951594274432,6.4956279809221,7.37127464465841,7.3179985313459,117
"118",2011,3,7.11042372881356,118,8.02112676056338,5.73468085106383,6.32789473684211,7.1251724137931,7.10561797752809,71,47,19,29,89,6861,4788,2073,648,2210,4651,7.33136413059321,7.74134085213033,6.38444249879402,6.49070987654321,7.36804524886878,7.31393448720705,118
"119",2011,4,7.4623275862069,116,7.98313253012048,6.15242424242424,6.2,6.9009375,7.67619047619048,83,33,10,32,84,6977,4871,2106,658,2242,4735,7.33354153647699,7.74546089098748,6.38080688509022,6.48629179331307,7.36137823371989,7.32036099260824,119
"120",2011,5,7.14336283185841,113,7.49545454545455,6.64893617021277,6.29166666666667,6.5,7.30777777777778,66,47,12,23,90,7090,4937,2153,670,2265,4825,7.33051047954866,7.74211869556411,6.38666014862982,6.48280597014925,7.35263134657836,7.32012627979275,120
"121",2011,6,7.49009009009009,111,7.96521739130435,6.70952380952381,7,7.66666666666667,7.4625,69,42,11,15,96,7201,5006,2195,681,2280,4921,7.33297032356617,7.74519376747903,6.39283794988611,6.49116005873715,7.35469736842105,7.32290373907742,121
"122",2011,7,7.65402298850575,87,8.09818181818182,6.890625,6.1,8.05882352941176,7.55571428571429,55,32,5,17,70,7288,5061,2227,686,2297,4991,7.33680286772777,7.74902983600079,6.39999070498429,6.48830903790087,7.359908576404,7.32616896413545,122
"123",2011,8,7.62850272108844,147,7.93185463917526,7.04,7.34,7.25862068965517,7.71940593220339,97,50,20,29,118,7435,5158,2277,706,2326,5109,7.34257016812374,7.75246799146956,6.41404448836188,6.51243626062323,7.35864574376612,7.33525136034449,123
"124",2011,9,7.42458333333333,120,7.7355421686747,6.72702702702703,6.96,7.21212121212121,7.5051724137931,83,37,15,33,87,7555,5241,2314,721,2359,5196,7.34387282594308,7.75219994275902,6.41904896283492,6.52174757281553,7.3565960152607,7.33809645881447,124
"125",2011,10,7.43464285714286,140,7.80052083333333,6.63636363636364,6.525,7.51923076923077,7.41535087719298,96,44,20,26,114,7695,5337,2358,741,2385,5310,7.34552426250812,7.75306912122916,6.423104028838,6.52183535762483,7.35836897274633,7.33975502824859,125
"126",2011,11,7.2226582278481,158,7.70902173913043,6.54469696969697,6.5,7.3234375,7.19706349206349,92,66,17,32,126,7853,5429,2424,758,2417,5436,7.34305223481472,7.7523226929453,6.42641472772277,6.52134564643799,7.35790649565577,7.33644760853569,126
"127",2011,12,7.58544776119403,134,7.99408602150538,6.65853658536585,6.875,7.52608695652174,7.59774774774775,93,41,12,23,111,7987,5522,2465,770,2440,5547,7.34711896832352,7.75639440420138,6.43027557809331,6.52685714285714,7.35949180327869,7.34167643771408,127
"128",2012,1,7.51353591160221,181,8.02652173913043,6.61969696969697,6.25,7.78414634146341,7.43428571428571,115,66,18,41,140,8168,5637,2531,788,2481,5687,7.35080670910871,7.76190525102005,6.4352150533386,6.52053299492386,7.3665094719871,7.343956251099,128
"129",2012,2,7.55035211267606,142,7.98010752688172,6.73469387755102,6.47894736842105,6.795,7.67418032786885,93,49,19,20,122,8310,5730,2580,807,2501,5809,7.35421651022864,7.7654467539267,6.44090282945737,6.51955390334572,7.36193922431027,7.35089158202789,129
"130",2012,3,7.74669421487603,121,8.14277777777778,6.59677419354839,6.2,8.16891891891892,7.56071428571429,90,31,5,37,84,8431,5820,2611,812,2538,5893,7.35984927054916,7.77128176975945,6.44275346610494,6.51758620689655,7.3737037037037,7.35388243678941,130
"131",2012,4,7.41615267175573,131,7.73617021276596,6.60313513513514,6.416625,7.04664,7.50330188679245,94,37,16,25,106,8562,5914,2648,828,2563,5999,7.36071072179397,7.77072368955022,6.44499444864048,6.51563526570048,7.37051346078814,7.35652262043674,131
"132",2012,5,7.63828828828829,111,8.2731884057971,6.59523809523809,6.09375,7.71153846153846,7.61588235294118,69,42,16,26,85,8673,5983,2690,844,2589,6084,7.36426325377609,7.77651845228146,6.44734026022305,6.50763744075829,7.37393820007725,7.36014615384615,132
"133",2012,6,7.45666666666667,105,7.85347222222222,6.59090909090909,6.1,7.97,7.29625,72,33,10,25,80,8778,6055,2723,854,2614,6164,7.36536855775803,7.77743350949628,6.44908016893133,6.50286416861827,7.37963886763581,7.35931687216093,133
"134",2012,7,7.66830508474576,118,7.92361111111111,7.26869565217391,7.215,7.772,7.64043010752688,72,46,10,25,93,8896,6127,2769,864,2639,6257,7.36938682553957,7.7791512812143,6.46269602744673,6.51110648148148,7.38335581659719,7.36349515742369,134
"135",2012,8,7.52021276595745,141,7.84329268292683,7.07118644067797,7.04259259259259,6.9375,7.69128440366972,82,59,27,32,109,9037,6209,2828,891,2671,6366,7.37174009073808,7.77999837332904,6.47539084158416,6.52721212121212,7.37801422688132,7.36910763430726,135
"136",2012,9,7.57083333333333,132,8.05952380952381,6.715625,7.13529411764706,8.23181818181818,7.35050505050505,84,48,17,33,99,9169,6293,2876,908,2704,6465,7.37460630384993,7.7837295248689,6.47940031293463,6.53859691629956,7.38843417159763,7.36882276875483,136
"137",2012,10,7.37417218543046,151,7.80574712643678,6.7875,6.5625,7.14,7.42063492063492,87,64,16,25,126,9320,6380,2940,924,2729,6591,7.37459927038627,7.78402976489028,6.48610724489796,6.53901082251082,7.38615829974349,7.36981326050675,137
"138",2012,11,7.48848684210526,152,7.82956989247312,6.95084745762712,6.86190476190476,7.32926829268293,7.5472972972973,93,59,21,41,111,9472,6473,2999,945,2770,6702,7.37642685810811,7.78468405685154,6.49525018339447,6.54618624338624,7.38531624548736,7.37275279021188,138
"139",2012,12,7.67160555555556,180,8.12008547008547,6.83871428571429,6.53,7.7,7.66475172413793,117,63,20,35,145,9652,6590,3062,965,2805,6847,7.38193164111065,7.79063883156298,6.50231688438929,6.54585077720207,7.38924278074866,7.37893649773623,139
"140",2013,1,7.66155660377358,212,8.05647482014388,6.90958904109589,6.844,8.08095238095238,7.55794117647059,139,73,25,42,170,9864,6729,3135,990,2847,7017,7.38794142335766,7.79613016792986,6.51180041467305,6.5533797979798,7.39944713733755,7.38327322217472,140
"141",2013,2,7.68728571428571,140,8.18886363636364,6.83846153846154,6.62857142857143,7.6304347826087,7.69846153846154,88,52,14,23,117,10004,6817,3187,1004,2870,7134,7.39213056777289,7.80119992665395,6.51713031063696,6.55442828685259,7.40129825783972,7.38844241659658,141
"142",2013,3,7.56915714285714,140,7.81808510638298,7.06047826086956,6.77777777777778,6.77747826086957,7.72478632478632,94,46,9,23,117,10144,6911,3233,1013,2893,7251,7.39457375788643,7.80142959050789,6.52486121249613,6.55641263573544,7.39633874870377,7.39386956281892,142
"143",2013,4,7.62608695652174,138,8.04431818181818,6.89,6.65714285714286,7.05263157894737,7.71764705882353,88,50,14,19,119,10282,6999,3283,1027,2912,7370,7.39768101536666,7.80448348335477,6.53042226621992,6.55778578383642,7.39409615384615,7.39909744911805,143
"144",2013,5,7.61969696969697,132,8.12564102564103,6.88888888888889,7.47222222222222,7.47058823529412,7.64173913043478,78,54,18,17,115,10414,7077,3337,1045,2929,7485,7.40049512195122,7.80802315953088,6.53622304465088,6.57353684210526,7.39454011608057,7.40282541082164,144
"145",2013,6,7.48615384615385,130,8.21898734177215,6.35098039215686,6.03125,7.57352941176471,7.45520833333333,79,51,16,34,96,10544,7156,3388,1061,2963,7581,7.40155123292868,7.81256007546115,6.53343456316411,6.56535909519321,7.39659399257509,7.40348874818626,145
"146",2013,7,7.559375,192,8.0218487394958,6.80547945205479,6.20588235294118,7.06666666666667,7.67307692307692,119,73,17,36,156,10736,7275,3461,1078,2999,7737,7.40437371460507,7.81598349140894,6.53917258017914,6.55969016697588,7.39263354451484,7.40892441514799,146
"147",2013,8,7.45073298429319,191,7.81345864661654,6.61896551724138,6.21428571428571,7.25739130434783,7.51206896551724,133,58,21,46,145,10927,7408,3519,1099,3045,7882,7.40518405783838,7.81593816144709,6.54048772378517,6.55309008189263,7.39059047619048,7.41082189799543,147
"148",2013,9,7.27825301204819,166,7.455,7.02352941176471,6.875,7.11814814814815,7.30935251798561,98,68,8,27,139,11093,7506,3587,1107,3072,8021,7.40328461191742,7.8112256727951,6.54964491218288,6.55541644083107,7.38819596354167,7.40906348335619,148
"149",2013,10,7.69726775956284,183,7.97179487179487,7.21060606060606,6.575,7.56923076923077,7.73194444444444,117,66,20,39,144,11276,7623,3653,1127,3111,8165,7.40805571124512,7.81369013511741,6.56158672324117,6.55576397515528,7.39046544519447,7.41475789344764,149
"150",2013,11,7.58866995073892,203,7.84710144927536,7.04,7.5,7.86388888888889,7.52934131736527,138,65,15,36,167,11479,7761,3718,1142,3147,8332,7.41124977785521,7.81428422883649,6.56995059171598,6.56816637478109,7.39588115665713,7.41705451272204,150
"151",2013,12,7.54333333333333,195,7.7992,7.08642857142857,7.409375,8.00882352941177,7.44503105590062,125,70,16,34,161,11674,7886,3788,1158,3181,8493,7.41345607332534,7.81404513061121,6.57949479936642,6.57978929188256,7.40243256837472,7.41758485811845,151
"152",2014,1,7.44532203389831,295,7.89475935828877,6.66712962962963,6.68518518518519,7.05975609756098,7.50755905511811,187,108,27,41,254,11969,8073,3896,1185,3222,8747,7.41424147380733,7.81591476526694,6.58192410164271,6.58219071729958,7.39807200496586,7.42019757631188,152
"153",2014,2,7.6625,204,8.03671328671329,6.78524590163934,6.83333333333333,7.90243902439024,7.6021472392638,143,61,15,41,163,12173,8216,3957,1200,3263,8910,7.41840188942742,7.8197577775073,6.58505845337377,6.58533,7.40440943916641,7.42352617283951,153
"154",2014,3,7.45375722543353,173,7.98888888888889,6.73783783783784,6.245,6.96071428571429,7.54896551724138,99,74,20,28,145,12346,8315,4031,1220,3291,9055,7.41889731086991,7.82177148526759,6.58786313569834,6.57975081967213,7.40063445761167,7.42553486471563,154
"155",2014,4,7.3669696969697,165,7.80606060606061,6.70833333333333,6.36470588235294,7.144,7.40678571428571,99,66,17,25,140,12511,8414,4097,1237,3316,9195,7.41821246902725,7.82158662942715,6.58980383207225,6.57679547291835,7.39869963811821,7.42524939641109,155
"156",2014,5,7.61676258992806,139,8.16101123595506,6.648,6.76666666666667,7.50576923076923,7.64230088495575,89,50,15,26,113,12650,8503,4147,1252,3342,9308,7.4203941660079,7.82513935081736,6.59050549795033,6.57907028753994,7.39953261520048,7.42788442200258,156
"157",2014,6,7.69558823529412,136,8.13651685393258,6.86063829787234,6.625,7.96206896551724,7.62336448598131,89,47,16,29,107,12786,8592,4194,1268,3371,9415,7.42332130455185,7.82836474627561,6.59353273724368,6.57964984227129,7.40437199644023,7.43010602230483,157
"158",2014,7,7.43658536585366,164,7.84809523809524,6.70423728813559,6.37916666666667,7.36730769230769,7.44963768115942,105,59,12,26,138,12950,8697,4253,1280,3397,9553,7.42348928185328,7.82860295504197,6.59506849282859,6.5777703125,7.40408831321755,7.4303881712551,158
"159",2014,8,7.52787878787879,198,7.90769841269841,6.86319444444444,7.22222222222222,7.7803125,7.47921686746988,126,72,9,32,166,13148,8823,4325,1289,3429,9719,7.42506131731062,7.82973250595036,6.59953209248555,6.58226997672614,7.40759930008749,7.43122216277395,159
"160",2014,9,7.28592814371257,167,7.79635416666667,6.59577464788732,6.17307692307692,7.390625,7.26111111111111,96,71,26,32,135,13315,8919,4396,1315,3461,9854,7.42331627487796,7.82937323690997,6.59947140582348,6.57417946768061,7.40744235770009,7.42889163791354,160
"161",2014,10,7.67591623036649,191,8.0636,6.94166666666667,6.33,7.21710526315789,7.78986928104575,125,66,20,38,153,13506,9044,4462,1335,3499,10007,7.4268885088109,7.83261055948695,6.6045330121022,6.57052134831461,7.40537525007145,7.43441073248726,161
"162",2014,11,7.46947368421053,190,8.1378640776699,6.67816091954023,6.19444444444444,7.296875,7.50443037974684,103,87,18,32,158,13696,9147,4549,1353,3531,10165,7.42747927862149,7.83604787361977,6.60594115190152,6.56551810790835,7.40439195695271,7.43549908509592,162
"163",2014,12,7.54138888888889,180,7.89292452830189,7.03783783783784,6.725,7.2296875,7.60878378378378,106,74,20,32,148,13876,9253,4623,1373,3563,10313,7.42895691842029,7.8366994380201,6.61285448842743,6.56784122359796,7.40282290204884,7.43798586250364,163
"164",2015,1,7.50817204301075,279,7.93966850828729,6.71122448979592,6.36538461538461,7.57955555555556,7.49444444444444,181,98,26,45,234,14155,9434,4721,1399,3608,10547,7.43051827622748,7.83867499470002,6.61489648379581,6.56407862759114,7.40502716186253,7.43923847539585,164
"165",2015,2,7.40270935960591,203,7.78358208955224,6.66304347826087,6.8725,7.59032258064516,7.36889534883721,134,69,20,31,172,14358,9568,4790,1419,3639,10719,7.43012510098899,7.83790341764214,6.61559004175365,6.56842565186751,7.40660566089585,7.4381097303853,165
"166",2015,3,7.6207960199005,201,8.02165413533835,6.83676470588235,6.955,7.74137931034483,7.60046511627907,133,68,20,29,172,14559,9701,4858,1439,3668,10891,7.43275748334363,7.84042262653335,6.61868594071634,6.57379847116053,7.40925245365322,7.44067378569461,166
"167",2015,4,7.55975,192,8.02629310344828,6.84765789473684,7.01923076923077,7.284375,7.614825,116,76,26,32,160,14751,9817,4934,1465,3700,11051,7.43441042641177,7.84261891616583,6.62221286988245,6.58170375426621,7.40817243243243,7.44319520405393,167
"168",2015,5,7.57981927710843,166,7.9890350877193,6.68269230769231,5.91666666666667,7.125,7.68014705882353,114,52,12,30,136,14917,9931,4986,1477,3730,11187,7.43602857142857,7.8442996576377,6.622843622142,6.57630060934326,7.40589490616622,7.44607582014839,168
"169",2015,6,7.45970238095238,168,8.10752577319588,6.57464788732394,6.47727272727273,7.34375,7.47902777777778,97,71,22,24,144,15085,10028,5057,1499,3754,11331,7.43629222406364,7.84684582169924,6.62216695669369,6.57484723148766,7.40549760255727,7.44649459006266,169
"170",2015,7,7.25345911949686,159,7.87263157894737,6.334375,5.86875,7.41379310344828,7.21769230769231,95,64,16,29,130,15244,10123,5121,1515,3783,11461,7.43438521385463,7.84708780993776,6.6185702597149,6.5673900990099,7.40556119481893,7.44389932815636,170
"171",2015,8,7.39767326732673,202,7.78762962962963,6.61194029850746,6.67647058823529,7.2037037037037,7.4276,135,67,17,27,175,15446,10258,5188,1532,3810,11636,7.43390510164444,7.8463053129265,6.61848463762529,6.56860052219321,7.40413070866142,7.44365419388106,171
"172",2015,9,7.51627906976744,172,8.01683168316832,6.80422535211268,6.62222222222222,7.025,7.59594594594595,101,71,18,24,148,15618,10359,5259,1550,3834,11784,7.43481228070175,7.84796794092094,6.6209922608861,6.56922322580645,7.40175743348983,7.44556688730482,172
"173",2015,10,7.18057142857143,175,7.6843137254902,6.47671232876712,6.22222222222222,6.94827586206897,7.22671232876712,102,73,18,29,146,15793,10461,5332,1568,3863,11930,7.43199507376686,7.84637223018832,6.61901693548387,6.56523979591837,7.39835309345069,7.44288853310981,173
"174",2015,11,7.35189573459716,211,7.775,6.74885057471264,6.43571428571429,7.19074074074074,7.37554347826087,124,87,14,27,184,16004,10585,5419,1582,3890,12114,7.43093902774306,7.84553612659424,6.6211013655656,6.56409355246523,7.39691208226221,7.4418656265478,174
"175",2015,12,7.47966804979253,241,7.86027397260274,6.89473684210526,6.616,7.29871794871795,7.51460396039604,146,95,25,39,202,16245,10731,5514,1607,3929,12316,7.43166193905817,7.84573664150592,6.62581579615524,6.56490105787181,7.39593738864851,7.44305863916856,175
"176",2016,1,7.20857142857143,259,7.58955696202532,6.61257425742574,6.634375,7.08425531914894,7.2361320754717,158,101,32,47,212,16504,10889,5615,1639,3976,12528,7.42816094280175,7.84201946000551,6.62557761353518,6.56625747406955,7.39225301810865,7.43955700830141,176
"177",2016,2,7.53232323232323,198,8.0551724137931,6.79268292682927,6.584,7.70138888888889,7.49475308641975,116,82,25,36,162,16702,11005,5697,1664,4012,12690,7.42939577296132,7.84426623353021,6.62798285062314,6.56652403846154,7.39502691924227,7.44026163908589,177
"178",2016,3,7.31005291005291,189,7.86380952380952,6.61785714285714,6.43846153846154,7.36842105263158,7.30352941176471,105,84,26,19,170,16891,11110,5781,1690,4031,12860,7.42806039902907,7.84445093609361,6.62783572046359,6.56455384615385,7.39490151327214,7.43845413685848,178
"179",2016,4,7.56586341463415,205,8.00326829268293,6.90975609756098,6.495,8.25,7.46649162011173,123,82,20,26,179,17096,11233,5863,1710,4057,13039,7.42971281001404,7.84618996706134,6.63177866280062,6.56374035087719,7.40038156273108,7.43883903673595,179
"180",2016,5,7.24697674418605,215,7.69710144927536,6.44025974025974,5.80952380952381,6.43333333333333,7.39450549450549,138,77,21,33,182,17311,11371,5940,1731,4090,13221,7.42744325573335,7.84438060856565,6.62929601010101,6.55459041016753,7.39257897310513,7.43822874215264,180
"181",2016,6,7.49684263959391,197,8.05968181818182,6.35384615384615,7.13333333333333,7.70630303030303,7.45469512195122,132,65,15,33,164,17508,11503,6005,1746,4123,13385,7.42822413753713,7.84685124750065,6.62631445462115,6.55956242840779,7.39508998302207,7.4384304968248,181
"182",2016,7,7.55353535353535,198,7.87785714285714,6.77068965517241,7.07058823529412,7.78333333333333,7.50757575757576,140,58,17,33,165,17706,11643,6063,1763,4156,13550,7.42962544900034,7.84722407455123,6.627695579746,6.56449007373795,7.39817276227141,7.43927248708487,182
"183",2016,8,7.44426229508197,244,8.02337662337662,6.45333333333333,6.11111111111111,7.5025,7.4328431372549,154,90,27,40,204,17950,11797,6153,1790,4196,13754,7.42982441225627,7.84952359922014,6.62514518121242,6.55765139664804,7.39916730219256,7.43917712665407,183
"184",2016,9,7.57304347826087,230,8.01224489795918,6.79518072289157,6.58333333333333,7.74807692307692,7.55073529411765,147,83,24,26,204,18180,11944,6236,1814,4222,13958,7.43163631463146,7.8515262809779,6.62740832264272,6.55799117971334,7.4013159639981,7.44080757988251,184
"185",2016,10,7.3045,220,7.84257352941176,6.43333333333333,7.38076923076923,7.37142857142857,7.29473958333333,136,84,26,28,192,18400,12080,6320,1840,4250,14150,7.43011620652174,7.85142548841059,6.62482884493671,6.56961739130435,7.40111905882353,7.43882559717315,185
"186",2016,11,7.50706106870229,262,7.87415730337079,6.72916666666667,6.35,7.38095238095238,7.53113636363636,178,84,25,42,220,18662,12258,6404,1865,4292,14370,7.4311964526846,7.85175558002937,6.62619742348532,6.56667345844504,7.40092171481827,7.44023884481559,186
"187",2016,12,7.45105042016807,238,7.91824324324324,6.68277777777778,6.53636363636364,7.47142857142857,7.44753694581281,148,90,22,35,203,18900,12406,6494,1887,4327,14573,7.43144646560846,7.85254875866516,6.62698156760086,6.56632008479067,7.40149202680841,7.44034050641598,187
"188",2017,1,7.58592334494774,287,7.91739130434783,6.99378640776699,6.77909090909091,7.72205128205128,7.56451612903226,184,103,33,39,248,19187,12590,6597,1920,4366,14821,7.43375713764528,7.8534964177919,6.63270854934061,6.56997708333333,7.40435547411819,7.44241833884354,188
"189",2017,2,7.5479837944664,253,8.01583757225434,6.53625,6.575,7.6468085106383,7.52543640776699,173,80,20,47,206,19440,12763,6677,1940,4413,15027,7.43524372942387,7.85569692078665,6.63155283810095,6.57002886597938,7.40693768411511,7.44355640513742,189
"190",2017,3,7.63012605042017,238,8.13092105263158,6.745,6.85714285714286,7.37566666666667,7.66682692307692,152,86,21,30,208,19678,12915,6763,1961,4443,15235,7.43760077751804,7.85893610530391,6.63299546059441,6.57310351861295,7.40672653612424,7.44660466688546,190
"191",2017,4,7.78009708737864,206,8.19699248120301,7.02054794520548,7.52777777777778,7.75833333333333,7.78296703296703,133,73,18,24,182,19884,13048,6836,1979,4467,15417,7.4411490696037,7.86238195892091,6.63713404037449,6.5817867609904,7.40861562569957,7.45057547512486,191
"192",2017,5,7.58189573459716,211,8.08610687022901,6.75625,7.125,7.752,7.54210526315789,131,80,24,40,171,20095,13179,6916,2003,4507,15588,7.44262692709629,7.86460579710145,6.63851189994217,6.588295556665,7.41166319059241,7.45157955478573,192
"193",2017,6,7.5960396039604,202,8.22586206896552,6.74651162790698,6.66666666666667,8.25,7.49943181818182,116,86,27,26,176,20297,13295,7002,2030,4533,15764,7.44415372222496,7.86775778864234,6.63983837475007,6.58933793103448,7.41647165232738,7.45211380994672,193
"194",2017,7,7.69818181818182,220,8.21395348837209,6.96703296703297,6.69565217391304,8.59090909090909,7.5989898989899,129,91,23,22,198,20517,13424,7093,2053,4555,15962,7.44687761856022,7.87108460965435,6.64403613421684,6.59052898197759,7.42214401756312,7.45393572860544,194
"195",2017,8,7.52331932773109,238,7.95,6.83406593406593,6.39166666666667,7.30769230769231,7.5497641509434,147,91,24,26,212,20755,13571,7184,2077,4581,16174,7.44775418453385,7.87193941492889,6.64644324888642,6.58823110255176,7.4214944335298,7.45519179547422,195
"196",2017,9,7.68468899521531,209,8.3448,6.70238095238095,6.19047619047619,8.63142857142857,7.49425287356322,125,84,21,35,174,20964,13696,7268,2098,4616,16348,7.45011629937035,7.8762550963785,6.64708974958723,6.58424976167779,7.43066854419411,7.455607542207,196
"197",2017,10,7.5968,250,7.94423076923077,7.02021276595745,6.97619047619048,7.62727272727273,7.59216589861751,156,94,21,33,217,21214,13852,7362,2119,4649,16565,7.45184491845008,7.87702063239965,6.65185388481391,6.58813402548372,7.43206409980641,7.45739644431029,197
"198",2017,11,7.64144841269841,252,8.19585987261146,6.72521052631579,6.72916666666667,7.55,7.65870283018868,157,95,24,40,212,21466,14009,7457,2143,4689,16777,7.4540707677257,7.88059388964237,6.65278842698136,6.58971348576761,7.43307016421412,7.45994022173214,198
"199",2017,12,7.57482071713147,251,8.05761589403973,6.8458,7.09318181818182,7.43484848484848,7.59600917431193,151,100,22,33,218,21717,14160,7557,2165,4722,16995,7.45546636736197,7.88248162429378,6.65534250363901,6.59482956120092,7.43308259212198,7.4616856192998,199
"200",2018,1,7.60288524590164,305,8.1259067357513,6.70160714285714,6.441,7.64193548387097,7.59846715328467,193,112,30,31,274,22022,14353,7669,2195,4753,17269,7.45750808736718,7.88575488051278,6.65601816403704,6.5927271070615,7.43444477172312,7.46385587468875,200
"201",2018,2,7.42603603603604,222,7.9865671641791,6.5725,6.55384615384615,7.94347826086956,7.36623115577889,134,88,26,23,199,22244,14487,7757,2221,4776,17468,7.4571939893904,7.88668736108235,6.655070684543,6.59227194957226,7.43689614740368,7.46274370849554,201
"202",2018,3,7.80327102803738,214,8.2046875,7.20581395348837,6.525,7.51794871794872,7.86685714285714,128,86,20,39,175,22458,14615,7843,2241,4815,17643,7.46049172232612,7.889472446117,6.66110969016958,6.59167157518965,7.43755264797508,7.46675208864706,202
"203",2018,4,7.52482456140351,228,8.06229007633588,6.79896907216495,6.57692307692308,7.45483870967742,7.53583756345178,131,97,26,31,197,22686,14746,7940,2267,4846,17840,7.46113828352288,7.89100771734708,6.66279386649874,6.5915024261138,7.43766322740404,7.4675149719731,203
"204",2018,5,7.59940594059406,202,8.13685039370079,6.68933333333333,6.125,7.92666666666667,7.53550295857988,127,75,16,33,169,22888,14873,8015,2283,4879,18009,7.46235857654666,7.89310695891885,6.66304220835933,6.58823302671923,7.44097069071531,7.4681529846188,204
"205",2018,6,7.78327272727273,165,8.17101851851852,7.04859649122807,7.12642857142857,8.41761904761905,7.69076388888889,108,57,14,21,144,23053,14981,8072,2297,4900,18153,7.46465549386197,7.89511045991589,6.66576477948464,6.59151327818894,7.44515632653061,7.46991886189611,205
"206",2018,7,7.63198090909091,198,8.03332435483871,6.95945945945946,7,7.54347826086957,7.64361268571429,124,74,17,23,175,23251,15105,8146,2314,4923,18328,7.46608039740226,7.8962450857332,6.66843276454702,6.59451426101988,7.44561568149502,7.47157733085989,206
"207",2018,8,7.51093023255814,215,8.08208955223881,6.56604938271605,6.73392857142857,7.315625,7.54508196721311,134,81,28,32,183,23466,15239,8227,2342,4955,18511,7.46649132020796,7.89787925848153,6.6674247356266,6.59618104184458,7.44477618567104,7.47230399870348,207
"208",2018,9,7.69324324324324,185,8.19429824561404,6.8887323943662,7.30769230769231,7.66538461538462,7.69779874213836,114,71,13,26,159,23651,15353,8298,2355,4981,18670,7.4682649917551,7.90008024620595,6.66931830561581,6.60010870488323,7.44592772535635,7.4742243877879,208
"209",2018,10,7.36923193548387,217,7.80344170731707,6.80106382978723,6.87083333333333,7.41481481481481,7.36275436842105,123,94,24,27,190,23868,15476,8392,2379,5008,18860,7.46736461580358,7.89931218338072,6.67079400619638,6.60283984867591,7.44575998402556,7.47310141304348,209
"210",2018,11,7.63715953307393,257,8.17896551724138,6.93571428571429,6.82608695652174,7.33333333333333,7.68191964285714,145,112,23,33,224,24125,15621,8504,2402,5041,19084,7.46917341554404,7.9019080308559,6.67428307855127,6.60497751873439,7.44502400317397,7.47555243397611,210
"211",2018,12,7.68449579831933,238,8.02707006369427,7.02049382716049,6.815,7.78,7.66222797927461,157,81,24,45,193,24363,15778,8585,2426,5086,19277,7.47127688092599,7.90315346368361,6.67754959813629,6.60705523495466,7.44798780967361,7.47742141671422,211
"212",2019,1,7.58875757575758,330,8.08820276497696,6.62964601769912,7.00892857142857,7.37156862745098,7.62845878136201,217,113,28,51,279,24693,15995,8698,2454,5137,19556,7.47284690600575,7.90566397936855,6.67692725914003,6.61164058679706,7.44722912205567,7.47957622468808,212
"213",2019,2,7.77719298245614,228,8.03986013986014,7.33529411764706,7.14285714285714,7.59615384615385,7.80049504950495,143,85,21,26,202,24921,16138,8783,2475,5163,19758,7.47563134103768,7.90685310137563,6.68329879312308,6.61614787878788,7.44797908192911,7.48285720467659,213
"214",2019,3,7.76293034825871,201,8.17113821138211,7.11921794871795,7.73529411764706,8.31470588235294,7.65059281437126,123,78,17,34,167,25122,16261,8861,2492,5197,19925,7.47793000756309,7.90885218313757,6.68713602302223,6.62378250401284,7.45364941312295,7.48426306900879,214
"215",2019,4,7.89131707317073,205,8.30924242424242,7.13561643835616,6.53076923076923,8.0928,7.86333333333333,132,73,13,25,180,25327,16393,8934,2505,5222,20105,7.48127601571445,7.91207621240773,6.69080057085292,6.6232998003992,7.45670930677901,7.48765688385974,215
"216",2019,5,7.70237244897959,196,8.09928571428572,6.98792857142857,7.56666666666667,8.250625,7.62587209302326,126,70,15,24,172,25523,16519,9004,2520,5246,20277,7.48297389217568,7.91350416792784,6.69311053976011,6.62891507936508,7.46034140297369,7.48882929674015,216
"217",2019,6,7.39841584158416,202,7.93608333333333,6.61158536585366,6.70555555555556,7.485,7.3889010989011,120,82,18,20,182,25725,16639,9086,2538,5266,20459,7.48230991836735,7.91366700823367,6.69237478538411,6.62945862884161,7.46043505507026,7.48794035143458,217
"218",2019,7,7.58846153846154,208,7.7980487804878,7.28517647058823,6.722,7.73931034482759,7.56402234636872,123,85,20,29,179,25933,16762,9171,2558,5295,20638,7.48316132533837,7.91281859861591,6.69786907643659,6.6301821735731,7.46196241737488,7.48860023500339,218
"219",2019,8,7.64853383458647,266,8.17651612903226,6.91126126126126,6.55,7.65121951219512,7.64804444444444,155,111,26,41,225,26199,16917,9282,2584,5336,20863,7.48484036222757,7.91523469586806,6.70042095453566,6.6293753869969,7.4634166041979,7.49031978382783,219
"220",2019,9,7.71428571428571,210,8.18730158730159,7.0047619047619,7.02777777777778,7.60357142857143,7.73131868131868,126,84,18,28,182,26409,17043,9366,2602,5364,21045,7.48666487371729,7.9172461039723,6.70315046978433,6.63213143735588,7.46414821029082,7.49240397481587,220
"221",2019,10,7.73097337398374,246,8.16528677419355,6.99120879120879,7.04117647058824,7.04615384615385,7.81190659090909,155,91,17,26,220,26655,17198,9457,2619,5390,21265,7.48891960607766,7.91948161414118,6.70592231151528,6.63478655975563,7.46213191094619,7.49570943334117,221
"222",2019,11,7.69801687763713,237,8.22205479452055,6.85725274725275,7.11111111111111,7.767,7.6880193236715,146,91,18,30,207,26892,17344,9548,2637,5420,21472,7.49076238658337,7.92202864391144,6.70736461038961,6.63803792188092,7.46381937269372,7.49756338953055,222
"223",2019,12,7.87673397435897,312,8.26320197044335,7.15698165137615,7.2,8.05208333333333,7.84485227272727,203,109,29,48,264,27204,17547,9657,2666,5468,21736,7.49518905675636,7.92597565395794,6.71243950502226,6.64415078769692,7.46898335771763,7.50178147313213,223
"224",2020,1,7.64361646153846,390,8.29006004366812,6.72414080745342,6.68928571428571,7.13658536585366,7.70318171919771,229,161,28,41,349,27594,17776,9818,2694,5509,22085,7.49728685656302,7.930665985036,6.71263138826645,6.64461989606533,7.46650952986022,7.50496411682137,224
"225",2020,2,7.51239257839721,287,7.91520710059172,6.93548025423729,7.53448275862069,7.37931034482759,7.52735143410853,169,118,29,29,258,27881,17945,9936,2723,5538,22343,7.49744235106345,7.93052039843967,6.71527794283414,6.65409695189129,7.46605290718671,7.50522262856376,225
"226",2020,3,7.97454198473282,262,8.34358974358974,7.43141509433962,7.54227272727273,7.96,7.97663755458515,156,106,22,33,229,28143,18101,10042,2745,5571,22572,7.5018839565789,7.93408035743881,6.72283724756025,6.66121530054645,7.4689788188835,7.51000528043594,226
"227",2020,4,7.72759615384615,260,8.17342767295598,7.02574257425743,6.54193548387097,7.34891304347826,7.76434599156118,159,101,31,23,237,28403,18260,10143,2776,5594,22809,7.50395011759321,7.93616448795181,6.72585345952874,6.65988328530259,7.46848516267429,7.51264804200097,227
"228",2020,5,7.75423255813953,215,8.18582089552239,7.04024691358025,7.51529411764706,7.67692307692308,7.76486772486772,134,81,17,26,189,28618,18394,10224,2793,5620,22998,7.50583042805227,7.93798323094487,6.72834425273866,6.66508986752596,7.46944946619217,7.51472081007044,228
"229",2020,6,7.47133646226415,212,8.00669491525424,6.79929074468085,6.46052631578947,7.09,7.52231727272727,118,94,19,25,187,28830,18512,10318,2812,5645,23185,7.50557677835588,7.93842121596802,6.72899059604575,6.66370768136557,7.46776899911426,7.51478207979297,229
"230",2020,7,7.70966507177033,209,8.21282051282051,7.06978260869565,7.25,7.47666666666667,7.74871508379888,117,92,19,30,179,29039,18629,10410,2831,5675,23364,7.50704564619994,7.94014458908154,6.73200239865514,6.66764252914164,7.46781603524229,7.51657432460195,230
"231",2020,8,7.83243902439024,205,8.26615384615385,7.08066666666667,6.92105263157895,7.43333333333333,7.90901162790698,130,75,19,33,172,29244,18759,10485,2850,5708,23536,7.50932664888524,7.9424038354923,6.73449642060086,6.66933192982456,7.46761667834618,7.51944223827328,231
"232",2020,9,7.84385321100917,218,8.17484375,7.37311111111111,8.05,8.475,7.76577319587629,128,90,20,24,194,29462,18887,10575,2870,5732,23730,7.51180193198018,7.94397911526447,6.7399314392435,6.67895331010453,7.47183461270062,7.52145606911083,232
"233",2020,10,8.10411522633745,243,8.58888888888889,7.28,7.03125,8.390625,8.06066350710901,153,90,16,32,211,29705,19040,10665,2886,5764,23941,7.51664731594008,7.94916142594538,6.7444889798406,6.68090644490644,7.47693546148508,7.52620828369742,233
"234",2020,11,7.5962962962963,216,8.09398496240602,6.79879518072289,6.93529411764706,8.10869565217391,7.53523316062176,133,83,17,23,193,29921,19173,10748,2903,5787,24134,7.51722230273052,7.95016604339436,6.74490835225158,6.68239614192215,7.47944634525661,7.52628045578851,234
"235",2020,12,7.8498275862069,290,8.25307262569832,7.19954954954955,6.80952380952381,8.29634146341463,7.77630522088353,179,111,21,41,249,30211,19352,10859,2924,5828,24383,7.520415031611,7.95296783536585,6.74955566534672,6.68330916552667,7.48519320521619,7.52883371693393,235
"236",2021,1,7.59458598726115,314,7.91725888324873,7.05128205128205,6.91666666666667,7.48275862068965,7.6059649122807,197,117,30,29,285,30525,19549,10976,2954,5857,24668,7.5211780022932,7.95260798762085,6.75277195426385,6.68567907921462,7.48518115075977,7.52972484676504,236
"237",2021,2,7.71362869198312,237,8.10084967320261,7.00833333333333,6.46875,8,7.67526315789474,153,84,16,28,209,30762,19702,11060,2970,5885,24877,7.52266070216501,7.95375918942239,6.75471292676311,6.68451043771044,7.48763058623619,7.53094756280902,237
"238",2021,3,7.65637937238494,239,8.17075652482269,6.91630612244898,6.94993333333333,7.42406896551724,7.68846033333333,141,98,30,29,210,31001,19843,11158,3000,5914,25087,7.52369159672268,7.95530112482991,6.75613218946048,6.68716466666667,7.48731890429489,7.53226608163591,238
"239",2021,4,7.76182203389831,236,8.18704545454545,7.22211538461538,6.87916666666667,7.58038461538462,7.78428571428571,132,104,24,26,210,31237,19975,11262,3024,5940,25297,7.52549070621378,7.95683255168961,6.7604353551767,6.68868849206349,7.48772626262626,7.53435819227576,239
"240",2021,5,7.909827,230,8.21461141843972,7.42696629213483,6.6,7.69230769230769,7.93755004901961,141,89,20,26,204,31467,20116,11351,3044,5966,25501,7.52829991419582,7.95863941290515,6.76566143687781,6.68810578186596,7.4886178343949,7.53758360064311,240
"241",2021,6,7.69127875,232,8.2835224822695,6.77362637362637,6.645,7.60294117647059,7.70644782828283,141,91,20,34,198,31699,20257,11442,3064,6000,25699,7.52949273068551,7.96090077997729,6.76572478325468,6.68782441253264,7.48926566666666,7.53888462858477,241
"242",2021,7,7.74898130841122,214,8.165056,7.16460674157303,7,7.37841666666667,7.79578947368421,125,89,13,24,190,31913,20382,11531,3077,6024,25889,7.53096456209068,7.96215283583554,6.76880348365276,6.68914332141696,7.48882403718459,7.54077005948472,242
"243",2021,8,7.79967719367589,253,8.24294953947368,7.13257425742574,6.80428571428571,7.25051724137931,7.87077379464286,152,101,21,29,224,32166,20534,11632,3098,6053,26113,7.53307810731829,7.96423139329892,6.77196208476616,6.68992382182053,7.4876823062944,7.54360086546931,243
"244",2021,9,7.67444976076555,209,8.26363636363636,6.86431818181818,6.3,7.5625,7.68897297297297,121,88,25,24,185,32375,20655,11720,3123,6077,26298,7.53399074594595,7.96598535124667,6.77265554351536,6.68680243355748,7.48797778509133,7.54462352270135,244
"245",2021,10,7.70237903225806,248,8.26572368421053,6.81041666666667,6.03125,6.81333333333333,7.8247247706422,152,96,16,30,218,32623,20807,11816,3139,6107,26516,7.53527083346105,7.96817500985245,6.77296233666215,6.68346097483275,7.48466366464712,7.54692636144215,245
"246",2021,11,7.60279863481229,293,8.21736486486486,6.97551724137931,5.98076923076923,7.31,7.63619771863118,148,145,26,30,263,32916,20955,11961,3165,6137,26779,7.53587192854539,7.96993497637795,6.77541785553047,6.67768846761453,7.48380984194231,7.54780310691213,246
"247",2021,12,7.62009232686981,361,8.22928102941176,6.82853503184713,6.33333333333333,7.3875,7.6427152887538,204,157,30,32,329,33277,21159,12118,3195,6169,27108,7.5367855795294,7.97243540621013,6.7761060381251,6.67445508607199,7.48331026098233,7.54895502176479,247
"248",2022,1,7.73725815686274,510,8.08293675862069,7.28159090909091,7.2,7.48301886792453,7.76674323851203,290,220,32,53,457,33787,21449,12338,3227,6222,27565,7.53981162547725,7.97392943354003,6.78511938482736,6.67966656337155,7.48330777884924,7.55256573154363,248
"249",2022,2,7.78594405594406,286,8.0519298245614,7.3904347826087,7.16521739130435,7.87862068965517,7.77548638132296,171,115,23,29,257,34073,21620,12453,3250,6251,27822,7.54187759780471,7.97454636540241,6.79070930458524,6.68310276923077,7.48514173732203,7.55462491517504,249
"250",2022,3,7.61752851711027,263,8.0275625,6.98058252427184,6.23913043478261,7.43030303030303,7.64439130434783,160,103,23,33,230,34336,21780,12556,3273,6284,28052,7.54245705352982,7.97493583195592,6.79226688196878,6.67998289031469,7.4848537555697,7.55536091508627,250
"251",2022,4,7.67123505976096,251,8.11183098591549,7.09724770642202,6.98947368421053,7.596,7.67955752212389,142,109,19,25,226,34587,21922,12665,3292,6309,28278,7.54339160349264,7.97582257184564,6.79489166758784,6.68176913730255,7.4852941829133,7.55635350413749,251
"252",2022,5,7.83080701754386,285,8.25184210526316,7.34962406015038,6.07954545454545,7.2625,7.89272373540856,152,133,22,28,257,34872,22074,12798,3314,6337,28535,7.54574057668043,7.97772322279605,6.8006565846226,6.67777127338563,7.48430976802903,7.55938301699667,252
"253",2022,6,7.78094117647059,255,8.27949275362319,7.19290598290598,6.65290322580645,8.2895,7.73765957446809,138,117,31,20,235,35127,22212,12915,3345,6357,28770,7.54744798559513,7.97959807401405,6.80421006349206,6.67754080717489,7.48684300770804,7.56083922106361,253
"254",2022,7,7.53246575342466,219,8.08346774193548,6.81326315789474,6.65052631578947,8.01034482758621,7.45952631578947,124,95,19,29,190,35346,22336,13010,3364,6386,28960,7.5473551573021,7.98017471436247,6.80427616986933,6.67738822829964,7.48922032571249,7.56017453004144,254
"255",2022,8,7.82759805147059,272,8.35264648484848,7.01794392523365,6.76470588235294,7.92333333333333,7.81573004132231,165,107,17,30,242,35618,22501,13117,3381,6416,29202,7.54949525689258,7.98290605261989,6.80601913318594,6.67782727003845,7.49125015586035,7.56229234504486,255
"256",2022,9,7.9867233201581,253,8.32258041958042,7.55010909090909,8.0625,7.40908695652174,8.04448695652174,143,110,16,23,230,35871,22644,13227,3397,6439,29432,7.55257904881381,7.98505114334923,6.81220722537234,6.68434913158669,7.49095667029042,7.56606051440609,256
"257",2022,10,7.83568421052632,285,8.09994117647059,7.44504347826087,7.4,7.39318181818182,7.91647302904564,170,115,20,44,241,36156,22814,13342,3417,6483,29673,7.55481062783494,7.9859072538792,6.81766189251986,6.68853789874159,7.49029307419404,7.56890651636167,257
"258",2022,11,7.7528275862069,290,8.15916666666667,7.19327868852459,6.875,7.42413793103448,7.78934865900383,168,122,16,29,261,36446,22982,13464,3433,6512,29934,7.55638624430665,7.98717379209816,6.82106543152109,6.68940693271191,7.48999846437346,7.57082859156812,258
"259",2022,12,7.74915254237288,295,8.14011764705882,7.21744,7.16962962962963,7.39242424242424,7.79408396946565,170,125,27,33,262,36741,23152,13589,3460,6545,30196,7.5579339990746,7.98829682489634,6.82471152917801,6.69315433526012,7.48950649350649,7.57276569943039,259
