"","year","month","avg_rating","no_ratings","avg_rating_owned","avg_rating_not_owned","avg_rating_prev_owned","avg_rating_comment","avg_rating_no_comment","no_ratings_owned","no_ratings_not_owned","no_ratings_prev_owned","no_ratings_comment","no_ratings_no_comment","cum_no_ratings","cum_no_ratings_owned","cum_no_ratings_not_owned","cum_no_ratings_prev_owned","cum_no_ratings_comment","cum_no_ratings_no_comment","cum_avg_rating","cum_avg_rating_owned","cum_avg_rating_not_owned","cum_avg_rating_prev_owned","cum_avg_rating_comment","cum_avg_rating_no_comment","month_after_release"
"1",2001,6,7,5,7.66666666666667,6,NA,NA,7,3,2,0,0,5,5,3,2,0,0,5,7,7.66666666666667,6,NA,NA,7,0
"2",2001,7,6.5,2,6.5,NA,NA,NA,6.5,2,0,0,0,2,7,5,2,0,0,7,6.85714285714286,7.2,6,NA,NA,6.85714285714286,1
"3",2001,8,6.8,5,8,6,7,NA,6.8,2,3,1,0,5,12,7,5,1,0,12,6.83333333333333,7.42857142857143,6,7,NA,6.83333333333333,2
"4",2001,9,9,1,9,NA,NA,NA,9,1,0,0,0,1,13,8,5,1,0,13,7,7.625,6,7,NA,7,3
"5",2001,11,8.33333333333333,3,8.33333333333333,NA,NA,8,8.5,3,0,0,1,2,16,11,5,1,1,15,7.25,7.81818181818182,6,7,8,7.2,5
"6",2001,12,9,1,NA,9,NA,NA,9,0,1,0,0,1,17,11,6,1,1,16,7.35294117647059,7.81818181818182,6.5,7,8,7.3125,6
"7",2002,1,8.625,4,8.625,NA,NA,8,8.83333333333333,4,0,0,1,3,21,15,6,1,2,19,7.59523809523809,8.03333333333333,6.5,7,8,7.55263157894737,7
"8",2002,2,8,1,8,NA,NA,8,NA,1,0,0,1,0,22,16,6,1,3,19,7.61363636363636,8.03125,6.5,7,8,7.55263157894737,8
"9",2002,3,8.75,4,8.75,NA,NA,NA,8.75,4,0,0,0,4,26,20,6,1,3,23,7.78846153846154,8.175,6.5,7,8,7.76086956521739,9
"10",2002,4,8,2,8,NA,NA,8,NA,2,0,0,2,0,28,22,6,1,5,23,7.80357142857143,8.15909090909091,6.5,7,8,7.76086956521739,10
"11",2002,5,8.5,2,8.5,NA,NA,9,8,2,0,0,1,1,30,24,6,1,6,24,7.85,8.1875,6.5,7,8.16666666666667,7.77083333333333,11
"12",2002,6,7.625,4,7.83333333333333,7,NA,NA,7.625,3,1,0,0,4,34,27,7,1,6,28,7.82352941176471,8.14814814814815,6.57142857142857,7,8.16666666666667,7.75,12
"13",2002,7,6.88888888888889,9,7.33333333333333,6,NA,6.75,7,6,3,0,4,5,43,33,10,1,10,33,7.62790697674419,8,6.4,7,7.6,7.63636363636364,13
"14",2002,8,7.5,7,7.75,6,NA,8.5,7.33333333333333,6,1,0,1,6,50,39,11,1,11,39,7.61,7.96153846153846,6.36363636363636,7,7.68181818181818,7.58974358974359,14
"15",2002,9,8.2,5,9,7,NA,8.33333333333333,8,3,2,0,3,2,55,42,13,1,14,41,7.66363636363636,8.03571428571428,6.46153846153846,7,7.82142857142857,7.60975609756098,15
"16",2002,10,8,4,7.33333333333333,10,NA,7,8.33333333333333,3,1,0,1,3,59,45,14,1,15,44,7.6864406779661,7.98888888888889,6.71428571428571,7,7.76666666666667,7.65909090909091,16
"17",2002,11,8.5,6,7.75,10,NA,8,8.6,4,2,0,1,5,65,49,16,1,16,49,7.76153846153846,7.96938775510204,7.125,7,7.78125,7.75510204081633,17
"18",2002,12,8.78571428571429,7,9.08333333333333,7,7,8.16666666666667,9.25,6,1,1,3,4,72,55,17,2,19,53,7.86111111111111,8.09090909090909,7.11764705882353,7,7.84210526315789,7.86792452830189,18
"19",2003,1,8.41666666666667,6,8.6,7.5,NA,9.5,7.875,5,1,0,2,4,78,60,18,2,21,57,7.90384615384615,8.13333333333333,7.13888888888889,7,8,7.86842105263158,19
"20",2003,2,7.125,4,7.125,NA,NA,6,8.25,4,0,0,2,2,82,64,18,2,23,59,7.86585365853659,8.0703125,7.13888888888889,7,7.82608695652174,7.88135593220339,20
"21",2003,3,7.4,5,7.33333333333333,7.5,NA,7.33333333333333,7.5,3,2,0,3,2,87,67,20,2,26,61,7.83908045977012,8.03731343283582,7.175,7,7.76923076923077,7.86885245901639,21
"22",2003,4,6.98888888888889,9,7.375,6.68,NA,7.45,6.85714285714286,4,5,0,2,7,96,71,25,2,28,68,7.759375,8,7.076,7,7.74642857142857,7.76470588235294,22
"23",2003,5,7.95,10,8.57142857142857,6.5,NA,8.25,7.75,7,3,0,4,6,106,78,28,2,32,74,7.77735849056604,8.05128205128205,7.01428571428571,7,7.809375,7.76351351351351,23
"24",2003,6,8,4,8,8,NA,7,8.33333333333333,1,3,0,1,3,110,79,31,2,33,77,7.78545454545455,8.0506329113924,7.10967741935484,7,7.78484848484848,7.78571428571429,24
"25",2003,7,6.99375,32,7.675,6.3125,7,7.5,6.825,16,16,1,8,24,142,95,47,3,41,101,7.60704225352113,7.98736842105263,6.83829787234042,7,7.72926829268293,7.55742574257426,25
"26",2003,8,7.66666666666667,12,8.125,6.75,NA,7.5,7.75,8,4,0,4,8,154,103,51,3,45,109,7.61168831168831,7.99805825242718,6.83137254901961,7,7.70888888888889,7.57155963302752,26
"27",2003,9,7.2,15,8.11111111111111,5.83333333333333,8,6.6,7.5,9,6,1,5,10,169,112,57,4,50,119,7.57514792899408,8.00714285714286,6.72631578947368,7.25,7.598,7.56554621848739,27
"28",2003,10,7.33333333333333,6,7.2,8,NA,8,7,5,1,0,2,4,175,117,58,4,52,123,7.56685714285714,7.97264957264957,6.74827586206897,7.25,7.61346153846154,7.54715447154472,28
"29",2003,11,7.2,10,7.85714285714286,5.66666666666667,NA,7.14285714285714,7.33333333333333,7,3,0,7,3,185,124,61,4,59,126,7.54702702702703,7.96612903225806,6.69508196721311,7.25,7.55762711864407,7.54206349206349,29
"30",2003,12,7.1875,12,7.71875,6.125,NA,7.5,7.125,8,4,0,2,10,197,132,65,4,61,136,7.5251269035533,7.95113636363636,6.66,7.25,7.55573770491803,7.51139705882353,30
"31",2004,1,6.71428571428571,7,7,5,NA,6.5,7,6,1,0,4,3,204,138,66,4,65,139,7.49730392156863,7.90978260869565,6.63484848484848,7.25,7.49076923076923,7.50035971223022,31
"32",2004,2,7.3125,8,7.6,6.83333333333333,NA,7,7.41666666666667,5,3,0,2,6,212,143,69,4,67,145,7.49033018867925,7.89895104895105,6.64347826086957,7.25,7.47611940298507,7.49689655172414,32
"33",2004,3,8.22222222222222,9,8.4,8,9,9,8,5,4,1,2,7,221,148,73,5,69,152,7.52013574660633,7.91587837837838,6.71780821917808,7.6,7.52028985507246,7.52006578947368,33
"34",2004,4,7.35714285714286,14,7.38461538461539,7,NA,7,7.5,13,1,0,4,10,235,161,74,5,73,162,7.51042553191489,7.87298136645963,6.72162162162162,7.6,7.49178082191781,7.51882716049383,34
"35",2004,5,7.05625,16,7.55,6.23333333333333,7,6.875,7.11666666666667,10,6,1,4,12,251,171,80,6,77,174,7.48147410358566,7.85409356725146,6.685,7.5,7.45974025974026,7.49109195402299,35
"36",2004,6,7.11764705882353,17,8.36363636363636,4.83333333333333,NA,7.33333333333333,6.875,11,6,0,9,8,268,182,86,6,86,182,7.45839552238806,7.88489010989011,6.55581395348837,7.5,7.44651162790698,7.46401098901099,36
"37",2004,7,7.75,10,8,7.375,NA,7.75,7.75,6,4,0,4,6,278,188,90,6,90,188,7.46888489208633,7.88856382978723,6.59222222222222,7.5,7.46,7.47313829787234,37
"38",2004,8,7,7,7.8,5,NA,8,6.83333333333333,5,2,0,1,6,285,193,92,6,91,194,7.45736842105263,7.88626943005181,6.55760869565217,7.5,7.46593406593407,7.45335051546392,38
"39",2004,9,7.46428571428571,14,7.55555555555556,7.3,NA,7.71428571428571,7.21428571428571,9,5,0,7,7,299,202,97,6,98,201,7.45769230769231,7.87153465346535,6.59587628865979,7.5,7.48367346938775,7.44502487562189,39
"40",2004,10,7.42307692307692,13,7.64285714285714,7.16666666666667,7,7.5,7.33333333333333,7,6,1,7,6,312,209,103,7,105,207,7.45625,7.86387559808612,6.62912621359223,7.42857142857143,7.4847619047619,7.44178743961353,40
"41",2004,11,8.02777777777778,18,7.96875,8.5,9,8.4,7.88461538461539,16,2,1,5,13,330,225,105,8,110,220,7.48742424242424,7.87133333333333,6.6647619047619,7.625,7.52636363636364,7.46795454545455,41
"42",2004,12,6.63333333333333,15,7.6875,5.42857142857143,7,6.35,7.2,8,7,1,10,5,345,233,112,9,120,225,7.45028985507246,7.86502145922747,6.5875,7.55555555555556,7.42833333333333,7.462,42
"43",2005,1,6.90277777777778,18,7.65384615384615,4.95,7,6.95833333333333,6.875,13,5,1,6,12,363,246,117,10,126,237,7.42314049586777,7.85386178861789,6.51752136752137,7.5,7.40595238095238,7.43227848101266,43
"44",2005,2,7.45,20,8,5.8,NA,6.77777777777778,8,15,5,0,9,11,383,261,122,10,135,248,7.42454308093995,7.86226053639847,6.48811475409836,7.5,7.36407407407407,7.45745967741936,44
"45",2005,3,7.41666666666667,15,7.65,6.95,7,7.29166666666667,7.5,10,5,2,6,9,398,271,127,12,141,257,7.42424623115578,7.85442804428044,6.50629921259842,7.41666666666667,7.36099290780142,7.45894941634241,45
"46",2005,4,6.38461538461539,13,6.83333333333333,6,NA,7,6,6,7,0,5,8,411,277,134,12,146,265,7.39136253041363,7.83231046931408,6.47985074626866,7.41666666666667,7.3486301369863,7.41490566037736,46
"47",2005,5,7.28947368421053,19,7.4,7.16666666666667,6,7.35,7.22222222222222,10,9,1,10,9,430,287,143,13,156,274,7.38686046511628,7.81724738675958,6.52307692307692,7.30769230769231,7.34871794871795,7.40857664233577,47
"48",2005,6,7.55882352941176,17,7.625,7.4,8,8,7.31818181818182,12,5,1,6,11,447,299,148,14,162,285,7.39340044742729,7.80953177257525,6.5527027027027,7.35714285714286,7.37283950617284,7.40508771929825,48
"49",2005,7,7.4875,16,7.44615384615385,7.66666666666667,NA,7.85,6.88333333333333,13,3,0,10,6,463,312,151,14,172,291,7.39665226781858,7.79439102564103,6.57483443708609,7.35714285714286,7.40058139534884,7.39432989690722,49
"50",2005,8,7.44117647058824,17,8,6.64285714285714,NA,7.54166666666667,7.2,10,7,0,12,5,480,322,158,14,184,296,7.39822916666667,7.80077639751553,6.57784810126582,7.35714285714286,7.40978260869565,7.3910472972973,50
"51",2005,9,6.90476190476191,21,7.35,6.5,7,7.04545454545455,6.75,10,11,2,11,10,501,332,169,16,195,306,7.37754491017964,7.78719879518072,6.57278106508876,7.3125,7.38923076923077,7.37009803921569,51
"52",2005,10,7.34090909090909,22,7.53571428571429,7,NA,7.16666666666667,7.46153846153846,14,8,0,9,13,523,346,177,16,204,319,7.37600382409178,7.77702312138728,6.59209039548023,7.3125,7.37941176470588,7.37382445141066,52
"53",2005,11,7.36785714285714,28,7.69411764705882,6.86363636363636,10,7.48571428571429,7.25,17,11,1,14,14,551,363,188,17,218,333,7.37558983666062,7.77314049586777,6.60797872340425,7.47058823529412,7.38623853211009,7.36861861861862,53
"54",2005,12,7.4,25,8.14285714285714,6.45454545454545,6,7.46666666666667,7.3,14,11,1,15,10,576,377,199,18,233,343,7.37664930555556,7.7868700265252,6.59949748743719,7.38888888888889,7.39141630901288,7.36661807580175,54
"55",2006,1,7.43181818181818,22,8.03571428571429,6.375,7,7.6875,7.28571428571429,14,8,3,8,14,598,391,207,21,241,357,7.37867892976589,7.7957800511509,6.59082125603865,7.33333333333333,7.40124481327801,7.36344537815126,55
"56",2006,2,7.61538461538461,13,8.1,6,NA,7.125,7.83333333333333,10,3,0,4,9,611,401,210,21,245,366,7.38371522094926,7.80336658354115,6.58238095238095,7.33333333333333,7.39673469387755,7.375,56
"57",2006,3,6.72916666666667,12,7.34375,5.5,6,5.58333333333333,7.11111111111111,8,4,1,3,9,623,409,214,22,248,375,7.37110754414125,7.79437652811736,6.56214953271028,7.27272727272727,7.37479838709677,7.36866666666667,57
"58",2006,4,7.03666666666667,15,7.25,6.61,7.55,7.125,6.93571428571429,10,5,1,8,7,638,419,219,23,256,382,7.36324451410658,7.78138424821003,6.56324200913242,7.28478260869565,7.3669921875,7.3607329842932,58
"59",2006,5,6.65384615384615,13,7.0625,6,6,6.9,6.5,8,5,1,5,8,651,427,224,24,261,390,7.34907834101383,7.76791569086651,6.55066964285714,7.23125,7.35804597701149,7.34307692307693,59
"60",2006,6,7.16933333333333,15,7.0675,7.28571428571429,NA,6.875,7.50571428571429,8,7,0,8,7,666,435,231,24,269,397,7.34503003003003,7.75503448275862,6.57294372294372,7.23125,7.34368029739777,7.34594458438287,60
"61",2006,7,7.31153846153846,26,8.625,6.72777777777778,7.25,7.75,7.11666666666667,8,18,4,8,18,692,443,249,28,277,415,7.34377167630058,7.77074492099323,6.58413654618474,7.23392857142857,7.35541516245487,7.336,61
"62",2006,8,7.15,20,7.475,6.6625,7,6.67142857142857,7.40769230769231,12,8,2,7,13,712,455,257,30,284,428,7.3383286516854,7.76294505494506,6.58657587548638,7.21833333333333,7.33855633802817,7.33817757009346,62
"63",2006,9,7.66666666666667,12,8.21428571428571,6.9,6,7.58333333333333,7.75,7,5,1,6,6,724,462,262,31,290,434,7.34377071823205,7.76978354978355,6.5925572519084,7.17903225806452,7.34362068965517,7.34387096774194,63
"64",2006,10,7.27777777777778,18,7.5,7.13636363636364,7.66666666666667,6.77777777777778,7.77777777777778,7,11,3,9,9,742,469,273,34,299,443,7.34216981132076,7.76575692963753,6.61446886446886,7.22205882352941,7.32658862876254,7.35268623024831,64
"65",2006,11,7.59722222222222,18,8.125,7.175,6,7.46428571428571,7.68181818181818,8,10,1,7,11,760,477,283,35,306,454,7.34821052631579,7.7717819706499,6.63427561837456,7.18714285714286,7.3297385620915,7.36066079295154,65
"66",2006,12,6.85714285714286,21,7.16666666666667,6.625,7,6.80769230769231,6.9375,9,12,1,13,8,781,486,295,36,319,462,7.33500640204866,7.76057613168724,6.63389830508475,7.18194444444444,7.30846394984326,7.35333333333333,66
"67",2007,1,7.47666666666667,30,7.66666666666667,7.28666666666667,NA,7.44285714285714,7.48695652173913,15,15,0,7,23,811,501,310,36,326,485,7.34024660912454,7.75776447105789,6.66548387096774,7.18194444444444,7.31134969325153,7.35967010309278,67
"68",2007,2,6.95831055555556,36,7.20526315789474,6.68230470588235,6.34,6.97647058823529,6.94206210526316,19,17,5,17,19,847,520,327,41,343,504,7.32401319952775,7.73757692307692,6.66635834862385,7.07926829268293,7.29475218658892,7.34392694444445,68
"69",2007,3,7.375,36,7.975,6.625,8.5,7.44444444444444,7.30555555555556,20,16,2,18,18,883,540,343,43,361,522,7.32609193657984,7.74637037037037,6.66442909620991,7.1453488372093,7.30221606648199,7.34260379310345,69
"70",2007,4,7.27948717948718,39,7.37,7.18421052631579,8,7.21052631578947,7.345,20,19,1,19,20,922,560,362,44,380,542,7.3241205856833,7.73292857142857,6.69171044198895,7.16477272727273,7.29763157894737,7.34269221402214,70
"71",2007,5,7.36964285714286,28,7.75,6.98928571428571,7,7.425,7.328125,14,14,1,12,16,950,574,376,45,392,558,7.32546229473684,7.73334494773519,6.70279037234043,7.16111111111111,7.3015306122449,7.34227451612903,71
"72",2007,6,7.42424242424242,33,7.875,6.22222222222222,8,7.88461538461539,7.125,24,9,1,13,20,983,598,385,46,405,578,7.32877841302136,7.73903010033445,6.69155631168831,7.17934782608696,7.32024691358025,7.33475636678201,72
"73",2007,7,6.93035714285714,28,7.409375,6.29166666666667,6,6.68181818181818,7.09117647058823,16,12,1,11,17,1011,614,397,47,416,595,7.31774399604352,7.73043973941368,6.67946896725441,7.15425531914894,7.30336538461538,7.32779694117647,73
"74",2007,8,7.22727272727273,33,7.54761904761905,6.66666666666667,6,7.03571428571429,7.36842105263158,21,12,1,14,19,1044,635,409,48,430,614,7.31488427203065,7.7243937007874,6.67909334963325,7.13020833333333,7.2946511627907,7.32905403908795,74
"75",2007,9,7.36309523809524,42,7.54807692307692,7.0625,5,7.35294117647059,7.37,26,16,2,17,25,1086,661,425,50,447,639,7.31674878453039,7.71745839636914,6.69352748235294,7.045,7.29686800894854,7.33065599374022,75
"76",2007,10,7.15588235294118,34,7.64,6.46428571428571,6.25,7.425,6.91666666666667,20,14,4,16,18,1120,681,439,54,463,657,7.31186533928572,7.71518355359765,6.68621681093394,6.98611111111111,7.30129589632829,7.31931382039574,76
"77",2007,11,6.75490196078431,51,7.12,6.40384615384615,6.5,7.25,6.52857142857143,25,26,2,16,35,1171,706,465,56,479,692,7.28760818104185,7.69410764872521,6.67042834408602,6.96875,7.29958246346555,7.27931962427746,77
"78",2007,12,7.27868852459016,61,7.875,6.14285714285714,6,7.27083333333333,7.28378378378378,40,21,2,24,37,1232,746,486,58,503,729,7.28716654220779,7.70380697050938,6.64763205761317,6.93534482758621,7.29821073558648,7.27954620027435,78
"79",2008,1,7.19067796610169,59,7.94464285714286,6.50967741935484,6.5,7.072,7.27794117647059,28,31,2,25,34,1291,774,517,60,528,763,7.28275691711851,7.71251937984496,6.63936011605416,6.92083333333333,7.2875,7.27947467889908,79
"80",2008,2,7.22608695652174,46,7.5,6.75882352941176,7.7,7.35714285714286,7.16875,29,17,2,14,32,1337,803,534,62,542,795,7.28080716529544,7.70484433374844,6.64316325842697,6.94596774193548,7.28929889298893,7.27501783647799,80
"81",2008,3,7.53676470588235,34,7.57142857142857,7.48076923076923,8,7.75,7.47115384615385,21,13,3,8,26,1371,824,547,65,550,821,7.28715476294675,7.70144417475728,6.66306979890311,6.99461538461538,7.296,7.28122920828258,81
"82",2008,4,7.259375,32,7.46190476190476,6.87272727272727,7,7.125,7.30416666666667,21,11,1,8,24,1403,845,558,66,558,845,7.28652115466857,7.69549112426036,6.66720283154122,6.99469696969697,7.29354838709677,7.28188068639053,82
"83",2008,5,7.30517142857143,35,7.78125,6.90426315789474,8,7.397625,7.27777777777778,16,19,3,8,27,1438,861,577,69,566,872,7.28697509040334,7.69708478513357,6.67500897746967,7.03840579710145,7.29501943462897,7.28175364678899,83
"84",2008,6,7.28620689655172,29,8.00384615384615,6.703125,NA,7.71538461538462,6.9375,13,16,0,13,16,1467,874,593,69,579,888,7.28695990456714,7.70164759725401,6.67576758853288,7.03840579710145,7.30445768566494,7.27555087837838,84
"85",2008,7,7.2804347826087,46,7.54782608695652,7.01304347826087,6.925,7.57826086956522,6.98260869565217,23,23,4,23,23,1513,897,616,73,602,911,7.28676152015862,7.69770345596433,6.68836068181818,7.03219178082192,7.31491860465116,7.26815497255763,85
"86",2008,8,7.25,44,7.57142857142857,6.6875,6.7,7.56666666666667,7.08620689655172,28,16,5,15,29,1557,925,632,78,617,940,7.28572265895954,7.69388108108108,6.68833889240506,7.01089743589744,7.32103889789303,7.26254168085106,86
"87",2008,9,7.43289473684211,38,7.835,6.98611111111111,7.1875,7.83529411764706,7.10714285714286,20,18,4,17,21,1595,945,650,82,634,961,7.28922895297806,7.69686772486773,6.69658489230769,7.01951219512195,7.33482807570978,7.25914586888658,87
"88",2008,10,7.04545454545455,44,7.22,6.81578947368421,6.8,7.1,7,25,19,5,20,24,1639,970,669,87,654,985,7.28268467358145,7.68457731958763,6.69997037369208,7.00689655172414,7.32764678899083,7.25283165482234,88
"89",2008,11,7.06,30,7.375,6.7,6.7,7.16363636363636,7,16,14,5,11,19,1669,986,683,92,665,1004,7.27868195326543,7.6795537525355,6.69997098096633,6.99021739130435,7.32493383458647,7.24804699203187,89
"90",2008,12,7.14054054054054,37,7.62941176470588,6.725,7.25,7.28947368421053,6.98333333333333,17,20,8,19,18,1706,1003,703,100,684,1022,7.27568592028136,7.678703888335,6.70068304409673,7.011,7.32394883040936,7.24338471624266,90
"91",2009,1,7.17843137254902,51,7.4625,6.92592592592593,7,7.18181818181818,7.1775,24,27,3,11,40,1757,1027,730,103,695,1062,7.27286293682413,7.67365141187926,6.70901394520548,7.01067961165049,7.32169928057554,7.2409031826742,91
"92",2009,2,6.96166666666667,60,7.50961538461539,6.54264705882353,6.9,6.9375,6.97045454545455,26,34,5,16,44,1817,1053,764,108,711,1106,7.26258678040727,7.66960113960114,6.70161018324607,7.00555555555556,7.31305344585091,7.23014392405063,92
"93",2009,3,6.71454545454545,55,7.54666666666667,6.4025,6.4375,6.79166666666667,6.69302325581395,15,40,8,12,43,1872,1068,804,116,723,1149,7.24648513888889,7.66787453183521,6.68672907960199,6.96637931034483,7.30439972337483,7.2100428024369,93
"94",2009,4,7.42028985507246,69,7.72857142857143,7.20975609756098,6.16666666666667,6.98055555555556,7.57549019607843,28,41,9,18,51,1941,1096,845,125,741,1200,7.25266366821226,7.66942518248175,6.71210672189349,6.9088,7.2965330634278,7.22557431666667,94
"95",2009,5,7.21730769230769,52,7.83157894736842,6.86363636363636,7.0625,7.15789473684211,7.25151515151515,19,33,8,19,33,1993,1115,878,133,760,1233,7.25174118414451,7.67218834080717,6.71780202733485,6.91804511278195,7.29306710526316,7.22626859691809,95
"96",2009,6,7.025,44,7.55263157894737,6.624,6.57142857142857,6.90909090909091,7.06363636363636,19,25,7,11,33,2037,1134,903,140,771,1266,7.24684348551792,7.67018518518518,6.71520507198228,6.90071428571429,7.28758884565499,7.22202936808847,96
"97",2009,7,7.20490196078431,51,7.33392857142857,7.04782608695652,7,7.009375,7.29428571428571,28,23,4,16,35,2088,1162,926,144,787,1301,7.24581905172414,7.662082616179,6.72346671706264,6.90347222222222,7.28193265565438,7.22397323597233,97
"98",2009,8,7.14285714285714,35,7.39473684210526,6.84375,7.25,6.93,7.228,19,16,2,10,25,2123,1181,942,146,797,1326,7.24412161092793,7.65778154106689,6.72550974522293,6.90821917808219,7.27751693851945,7.22404915535445,98
"99",2009,9,6.8075,40,7.5,6.115,5.375,6.84615384615385,6.78888888888889,20,20,4,13,27,2163,1201,962,150,810,1353,7.23604723994452,7.65515403830142,6.71281723492724,6.86733333333333,7.27059382716049,7.21536524759793,99
"100",2009,10,7.12575757575758,33,7.96428571428571,6.5078947368421,5.5,7.975,6.75652173913043,14,19,2,10,23,2196,1215,981,152,820,1376,7.23438988160291,7.65871604938272,6.70884829765546,6.84934210526316,7.27918414634146,7.207695625,100
"101",2009,11,7.022,50,7.31666666666667,6.75,6.16666666666667,7.33333333333333,6.97954545454545,24,26,3,6,44,2246,1239,1007,155,826,1420,7.22966170080143,7.65209039548023,6.70991080436942,6.83612903225806,7.27957748184019,7.20062618309859,101
"102",2009,12,7.24651162790698,43,7.79166666666667,6.854,6.585,7.25,7.24571428571429,18,25,10,8,35,2289,1257,1032,165,834,1455,7.22997823503713,7.65408910103421,6.7134013372093,6.82090909090909,7.27929376498801,7.2017107766323,102
"103",2010,1,7.248,50,7.50909090909091,7.04285714285714,7.125,7.1,7.28974358974359,22,28,4,11,39,2339,1279,1060,169,845,1494,7.23036348011971,7.6515949960907,6.72210394339623,6.82810650887574,7.27695976331361,7.20400882195448,103
"104",2010,2,6.80645161290323,31,7.11111111111111,6.68181818181818,7.16666666666667,6.66666666666667,6.84,9,22,3,6,25,2370,1288,1082,172,851,1519,7.22481864135021,7.64781832298137,6.72128482439926,6.83401162790698,7.27265687426557,7.19801789335089,104
"105",2010,3,7.04677419354839,31,7.37941176470588,6.64285714285714,5.5,6.87222222222222,7.11818181818182,17,14,2,9,22,2401,1305,1096,174,860,1541,7.22251985839234,7.64432183908046,6.72028301094891,6.81867816091954,7.26846627906977,7.19687811810513,105
"106",2010,4,7.2741935483871,31,7.76666666666667,6.8125,7.83333333333333,7.625,7.15217391304348,15,16,3,8,23,2432,1320,1112,177,868,1564,7.22317852796053,7.64571212121212,6.72160987410072,6.83587570621469,7.27175230414747,7.19622070332481,106
"107",2010,5,7.38,25,7.88235294117647,6.3125,7,5.75,7.69047619047619,17,8,1,4,21,2457,1337,1120,178,872,1585,7.22477418803419,7.64872101720269,6.71868766071429,6.83679775280899,7.26477178899083,7.20276919873817,107
"108",2010,6,6.95833333333333,12,7.41666666666667,6.5,NA,7,6.94444444444444,6,6,0,3,9,2469,1343,1126,178,875,1594,7.22347921425678,7.64768428890544,6.71752236234458,6.83679775280899,7.263864,7.20131065244667,108
"109",2010,7,6.92857142857143,21,7.41666666666667,6.73333333333333,7,7,6.9,6,15,1,6,15,2490,1349,1141,179,881,1609,7.22099204016064,7.64665678280208,6.71773021910605,6.8377094972067,7.26206696935301,7.19850166563083,109
"110",2010,8,7.05625,32,7.57142857142857,6.65555555555556,5.9,6.83333333333333,7.10769230769231,14,18,5,6,26,2522,1363,1159,184,887,1635,7.21890173671689,7.64588407923698,6.71676460742019,6.81222826086956,7.25916685456595,7.19705760244648,110
"111",2010,9,6.532,25,7.18,6.1,NA,7.2,6.365,10,15,0,5,20,2547,1373,1174,184,892,1655,7.21215947389085,7.64249089584851,6.70888431005111,6.81222826086956,7.25883520179372,7.18700252567976,111
"112",2010,10,6.96666666666667,33,7.60769230769231,6.55,6.13333333333333,7.65555555555556,6.70833333333333,13,20,3,9,24,2580,1386,1194,187,901,1679,7.2090194496124,7.6421645021645,6.70622293132328,6.80133689839572,7.26279800221976,7.18016032162001,112
"113",2010,11,7.11380952380952,42,7.655,6.78076923076923,7.33333333333333,6.7,7.243125,16,26,3,10,32,2622,1402,1220,190,911,1711,7.20749434782609,7.64231098430813,6.70781162295082,6.80973684210526,7.25662019758507,7.18133791934541,113
"114",2010,12,6.85108695652174,46,7.66333333333333,6.45806451612903,5.91666666666667,6.75,6.8953125,15,31,6,14,32,2668,1417,1251,196,925,1743,7.2013493928036,7.64253352152435,6.70162284572342,6.78239795918367,7.24895243243243,7.17608673551348,114
"115",2011,1,7.00754716981132,53,7.56666666666667,6.5448275862069,6.75,7.3,6.9025641025641,24,29,8,14,39,2721,1441,1280,204,939,1782,7.19757448732084,7.64126995142262,6.698070453125,6.78112745098039,7.24971352502662,7.17010054994388,115
"116",2011,2,6.73777777777778,45,7.32352941176471,6.38214285714286,6,6.38888888888889,6.825,17,28,5,9,36,2766,1458,1308,209,948,1818,7.19009406362979,7.63756515775034,6.69130747706422,6.76244019138756,7.24154113924051,7.16326687568757,116
"117",2011,3,7.24,30,7.5,7.06666666666667,7,7.75,7.1125,12,18,1,6,24,2796,1470,1326,210,954,1842,7.19062953505007,7.63644217687075,6.69640285067874,6.76357142857143,7.24473899371069,7.16260541802389,117
"118",2011,4,6.73157894736842,38,7.03571428571429,6.55416666666667,5.8,6.5,6.79333333333333,14,24,5,8,30,2834,1484,1350,215,962,1872,7.18447430486944,7.63077493261456,6.69387420740741,6.74116279069767,7.23854573804574,7.15668759615385,118
"119",2011,5,7.24468085106383,47,8.04166666666667,6.97142857142857,6.08333333333333,6.23333333333333,7.39268292682927,12,35,6,6,41,2881,1496,1385,221,968,1913,7.18545650121486,7.63407085561497,6.7008882166065,6.72330316742081,7.23231508264463,7.16174552012546,119
"120",2011,6,7.0640625,32,7.42941176470588,6.65,7.275,7.46428571428571,6.952,17,15,2,7,25,2913,1513,1400,223,975,1938,7.18412295914865,7.63177131526768,6.70034298571429,6.72825112107623,7.23398051282051,7.1590398245614,120
"121",2011,7,7.21515151515151,33,7.54166666666667,7.02857142857143,7.6,6.94444444444444,7.31666666666667,12,21,6,9,24,2946,1525,1421,229,984,1962,7.18447052953157,7.63106229508197,6.7051936523575,6.75109170305677,7.23133231707317,7.16096798165138,121
"122",2011,8,6.67586206896552,29,7.04545454545455,6.45,6.5,7.14285714285714,6.52727272727273,11,18,2,7,22,2975,1536,1439,231,991,1984,7.17951266554622,7.62686848958333,6.70200151494093,6.74891774891775,7.23070736629667,7.15394111895161,122
"123",2011,9,6.88214285714286,28,7.79166666666667,6.2,6.66,6.66666666666667,6.908,12,16,5,3,25,3003,1548,1455,236,994,2009,7.17673998667999,7.62814599483204,6.6964812233677,6.74703389830508,7.22900503018109,7.1508806271777,123
"124",2011,10,7.05740740740741,27,7.61363636363636,6.675,6.375,7,7.07045454545455,11,16,4,5,22,3030,1559,1471,240,999,2031,7.17567662706271,7.62804361770366,6.69624757307954,6.74083333333333,7.22785885885886,7.15000944362383,124
"125",2011,11,6.95526315789474,38,7.69375,6.41818181818182,7.625,6.85,7.00384615384615,16,22,4,12,26,3068,1575,1493,244,1011,2057,7.17294660365059,7.62871111111111,6.69215015405225,6.75532786885246,7.22337388724036,7.14816197374818,125
"126",2011,12,7.16470588235294,34,7.67222222222222,6.59375,7,6.83333333333333,7.34545454545455,18,16,2,12,22,3102,1593,1509,246,1023,2079,7.17285627981947,7.62920276208412,6.69110681245858,6.75731707317073,7.21879863147605,7.15024972582973,126
"127",2012,1,7.34239130434783,46,7.51,7.14285714285714,7,7.35416666666667,7.33823529411765,25,21,2,12,34,3148,1618,1530,248,1035,2113,7.17533360228717,7.6273609394314,6.69730730718955,6.75927419354839,7.22036811594203,7.15327457643161,127
"128",2012,2,6.7,37,7.13636363636364,6.51538461538462,6.625,6.67142857142857,6.71739130434783,11,26,4,14,23,3185,1629,1556,252,1049,2136,7.16981167346939,7.62404542664211,6.69426746786633,6.75714285714286,7.21304194470925,7.14858107677903,128
"129",2012,3,7.30034285714286,35,7.55085714285714,7.13333333333333,6.5,7.83,7.08848,14,21,2,10,25,3220,1643,1577,254,1059,2161,7.17123049068323,7.62342178940962,6.7001142549144,6.75511811023622,7.21886779981114,7.14788578435909,129
"130",2012,4,6.88148148148148,27,7.08666666666667,6.625,7.25,6.6,6.94545454545455,15,12,2,5,22,3247,1658,1589,256,1064,2183,7.1688211210348,7.61856574185766,6.69954699811202,6.758984375,7.21595958646616,7.14584570774164,130
"131",2012,5,6.66935483870968,31,7.08333333333333,6.5,6,6.78125,6.6304347826087,9,22,3,8,23,3278,1667,1611,259,1072,2206,7.16409767541184,7.61567606478704,6.69682196151459,6.75019305019305,7.21271548507463,7.14047197642792,131
"132",2012,6,6.97307692307692,26,7.57692307692308,6.36923076923077,6.93333333333333,6.66666666666667,7.065,13,13,3,6,20,3304,1680,1624,262,1078,2226,7.16259448547215,7.61537619047619,6.6941996182266,6.75229007633588,7.20967625231911,7.13979388140162,132
"133",2012,7,6.71,37,7.31176470588235,6.1985,5.75,7.36,6.6084375,17,20,4,5,32,3341,1697,1644,266,1083,2258,7.15758221490572,7.61233470830878,6.68816920924574,6.73721804511278,7.2103702677747,7.13226358724535,133
"134",2012,8,6.91521739130435,23,7.14444444444444,6.76785714285714,7,7,6.9025,9,14,1,3,20,3364,1706,1658,267,1086,2278,7.15592514268728,7.60986635404455,6.68884208685163,6.73820224719101,7.2097891344383,7.1302463476734,134
"135",2012,9,7.11363636363636,22,7.45454545454545,6.77272727272727,7.5,6.6,7.26470588235294,11,11,1,5,17,3386,1717,1669,268,1091,2295,7.15565037802717,7.60887128712871,6.68939495506291,6.7410447761194,7.20699450045829,7.13124234422658,135
"136",2012,10,6.7727027027027,37,7.12666666666667,6.53136363636364,6.06666666666667,6.58,6.8028125,15,22,3,5,32,3423,1732,1691,271,1096,2327,7.15151100788782,7.60469515011547,6.68733895919574,6.73357933579336,7.20413412408759,7.12672590459819,136
"137",2012,11,6.94583333333333,24,7.35,6.54166666666667,5.66666666666667,7,6.91875,12,12,3,8,16,3447,1744,1703,274,1104,2343,7.15007896141572,7.60294266055046,6.68631249559601,6.72189781021898,7.20265489130435,7.12530566794707,137
"138",2012,12,7.08965517241379,29,7.70714285714286,6.51333333333333,6,7.825,6.80952380952381,14,15,3,8,21,3476,1758,1718,277,1112,2364,7.14957485040276,7.60377246871445,6.68480220023283,6.71407942238267,7.2071321942446,7.12250049915397,138
"139",2013,1,6.70125,40,7.24411764705882,6.3,NA,6.24166666666667,6.89821428571429,17,23,0,12,28,3516,1775,1741,277,1124,2392,7.14447445392491,7.60032788732394,6.67971865594486,6.71407942238267,7.19682473309609,7.11987507525084,139
"140",2013,2,6.61142857142857,35,7.11538461538461,6.31363636363636,5.83333333333333,6.58333333333333,6.61724137931034,13,22,3,6,29,3551,1788,1763,280,1130,2421,7.13922055195719,7.59680201342282,6.67515041406693,6.70464285714286,7.19356725663717,7.11385426683189,140
"141",2013,3,6.9,38,7.55882352941176,6.36666666666667,6.61666666666667,6.38181818181818,7.11111111111111,17,21,6,11,27,3589,1805,1784,286,1141,2448,7.13668770688214,7.59644432132964,6.67151915919283,6.7027972027972,7.18574145486415,7.11382401143791,141
"142",2013,4,6.86724137931034,29,7.33333333333333,6.74565217391304,7.5,6.90833333333333,6.85652173913043,6,23,4,6,23,3618,1811,1807,290,1147,2471,7.13452796572692,7.59557261181668,6.67246274488102,6.71379310344827,7.18429032258065,7.11142904896803,142
"143",2013,5,7.18421052631579,19,7.71428571428571,6.875,7,6.25,7.43333333333333,7,12,1,4,15,3637,1818,1819,291,1151,2486,7.13478751168546,7.5960297029703,6.67379888949973,6.7147766323024,7.18104344048653,7.11337135156878,143
"144",2013,6,7.10892857142857,28,7.55,6.82352941176471,6.73333333333333,8.0625,6.95,11,17,3,4,24,3665,1829,1836,294,1155,2510,7.13458995361528,7.59575287042099,6.6751852832244,6.71496598639456,7.18409610389611,7.11180923505976,144
"145",2013,7,6.82428571428571,21,7.85125,6.19230769230769,6,6.862,6.8125,8,13,1,5,16,3686,1837,1849,295,1160,2526,7.13282207813348,7.59686554164398,6.67179025419146,6.71254237288136,7.18270775862069,7.10991337292162,145
"146",2013,8,7.12241379310345,29,7.75384615384615,6.609375,7,7.725,7.026,13,16,4,4,25,3715,1850,1865,299,1164,2551,7.13274082907133,7.59796864864865,6.67125478820375,6.71638795986622,7.18457130584192,7.10909101528812,146
"147",2013,9,7.17916625,24,7.83076846153846,6.40909090909091,6,6.86666555555556,7.36666666666667,13,11,1,9,15,3739,1863,1876,300,1173,2566,7.13303882588928,7.59959312399356,6.66971757995736,6.714,7.1821321312873,7.11059671862821,147
"148",2013,10,6.64230769230769,26,7.275,6.36111111111111,5.875,6.1,6.77142857142857,8,18,4,5,21,3765,1871,1894,304,1178,2587,7.12964997875166,7.59820523249599,6.66678467793031,6.70296052631579,7.17753904074703,7.10784351758794,148
"149",2013,11,6.7375,24,7.36666666666667,6.52777777777778,6.4,7.5,6.66818181818182,6,18,5,2,22,3789,1877,1912,309,1180,2609,7.12716605172869,7.59746509856153,6.66547603556486,6.69805825242718,7.17808558474576,7.10413613645075,149
"150",2013,12,6.94230769230769,26,7.31818181818182,6.66666666666667,7,7,6.93478260869565,11,15,3,3,23,3815,1888,1927,312,1183,2632,7.12590620445609,7.5958379184322,6.6654853035807,6.70096153846154,7.17763397295013,7.10265622340426,150
"151",2014,1,6.79852941176471,34,7.48333333333333,6.2578947368421,5.75,6.68,6.81896551724138,15,19,4,5,29,3849,1903,1946,316,1188,2661,7.12301433359314,7.5949511245402,6.66150574511819,6.68892405063291,7.17553955387205,7.09956451709884,151
"152",2014,2,7.08518518518519,27,8.0625,6.67368421052632,6.2,7.2,7.01764705882353,8,19,5,10,17,3876,1911,1965,321,1198,2678,7.12275081785346,7.59690841967556,6.66162350127227,6.68130841121495,7.1757437312187,7.09904450336072,152
"153",2014,3,7.1537037037037,27,7.57,6.90882352941177,7,7.09375,7.17894736842105,10,17,1,8,19,3903,1921,1982,322,1206,2697,7.12296494235204,7.59676834461218,6.66374378405651,6.68229813664596,7.17519982587065,7.09960740823137,153
"154",2014,4,6.71379310344828,29,7.42,5.95714285714286,7.2,6.68,6.72083333333333,15,14,2,5,24,3932,1936,1996,324,1211,2721,7.1199471439471,7.59539875516529,6.65878766533066,6.68549382716049,7.17315523534269,7.09626651231165,154
"155",2014,5,7.59047619047619,21,8.03076923076923,6.875,NA,7.16666666666667,7.66111111111111,13,8,0,3,18,3953,1949,2004,324,1214,2739,7.12244679230964,7.59830271421241,6.65965078842315,6.68549382716049,7.17313920098847,7.09997852500913,155
"156",2014,6,6.89473684210526,19,7.0625,6.77272727272727,6.75,5.75,7.2,8,11,2,4,15,3972,1957,2015,326,1218,2754,7.12135754531722,7.59611241185488,6.66026807940447,6.68588957055215,7.1684655090312,7.10052330428468,156
"157",2014,7,7.16190476190476,21,8.03333333333333,6.81333333333333,7,6.33333333333333,7.49333333333333,6,15,2,6,15,3993,1963,2030,328,1224,2769,7.12157079138493,7.59744879775853,6.66139910344828,6.68780487804878,7.16437172385621,7.10265120260022,157
"158",2014,8,6.898,30,7.07692307692308,6.76117647058823,7.6,7.225,6.84769230769231,13,17,5,4,26,4023,1976,2047,333,1228,2795,7.1199035968183,7.59402428643725,6.6622277381534,6.7015015015015,7.16456921009772,7.10027949194991,158
"159",2014,9,7.23157894736842,19,7.82222222222222,6.7,6.75,7.48,7.14285714285714,9,10,4,5,14,4042,1985,2057,337,1233,2809,7.1204285428006,7.59505893702771,6.66241136606709,6.70207715133531,7.16584832927818,7.10049169811321,159
"160",2014,10,6.90833333333333,24,6.98,6.85714285714286,4,7.2,6.83157894736842,10,14,1,5,19,4066,1995,2071,338,1238,2828,7.11917662813576,7.59197593483709,6.66372775470787,6.69408284023669,7.16598626009693,7.098685,160
"161",2014,11,6.875,20,7.72727272727273,5.83333333333333,5.75,6.71428571428571,6.96153846153846,11,9,4,7,13,4086,2006,2080,342,1245,2841,7.11798144150759,7.59271784147557,6.66013470192308,6.68304093567251,7.16344657831325,7.098057437522,161
"162",2014,12,7.2625,24,7.79166666666667,6.73333333333333,7,7.54285714285714,7.14705882352941,12,12,5,7,17,4110,2018,2092,347,1252,2858,7.11882534549879,7.59390088701685,6.66055457934991,6.68760806916426,7.16556788338658,7.0983489083275,162
"163",2015,1,7.15833333333333,24,7.38333333333333,6.93333333333333,7.3,7.45,7.06111111111111,12,12,4,6,18,4134,2030,2104,351,1258,2876,7.11905470972424,7.59265615270936,6.66211035171103,6.69458689458689,7.16692447535771,7.09811584840056,163
"164",2015,2,6.52708333333333,24,6.8125,6.384375,6.525,6.875,6.41111111111111,8,16,6,6,18,4158,2038,2120,357,1264,2894,7.11563784752285,7.58959371442591,6.66001423584906,6.69173669467787,7.16553875791139,7.09384284035937,164
"165",2015,3,7.195,20,7.22727272727273,7.15555555555556,7,7.5,7.14117647058824,11,9,2,3,17,4178,2049,2129,359,1267,2911,7.11601775251317,7.58764860419717,6.66210905589479,6.69345403899721,7.16633069455406,7.09411926485744,165
"166",2015,4,7.252,25,7.625,7.07647058823529,6.5,7.6,7.165,8,17,1,5,20,4203,2057,2146,360,1272,2931,7.11682659290983,7.58779386971317,6.66539150978565,6.69291666666667,7.16803536949685,7.09460292732856,166
"167",2015,5,6.72916666666667,24,7.62222222222222,6.19333333333333,8,7,6.56666666666667,9,15,2,9,15,4227,2066,2161,362,1281,2946,7.11462554293826,7.58794384801549,6.66211484497918,6.70013812154696,7.16685479313037,7.09191486082824,167
"168",2015,6,6.94,15,7.5,6.56666666666667,7.5,7.5,6.85384615384615,6,9,2,2,13,4242,2072,2170,364,1283,2959,7.11400805516266,7.58768918436293,6.66171897695853,6.70453296703297,7.16737411535464,7.09086893545117,168
"169",2015,7,7.41,25,7.46363636363636,7.36785714285714,6.93333333333333,7.12,7.4825,11,14,6,5,20,4267,2083,2184,370,1288,2979,7.11574224748067,7.5870340806529,6.666245503663,6.70824324324324,7.16719020962733,7.09349821416583,169
"170",2015,8,7,19,7.58333333333333,6.73076923076923,6.5625,7.25,6.93333333333333,6,13,8,4,15,4286,2089,2197,378,1292,2994,7.11522915772282,7.58702345141216,6.66662730086482,6.70515873015873,7.16744658668731,7.09269578490314,170
"171",2015,9,7.09565217391304,23,8.09090909090909,6.18333333333333,7,5.33333333333333,7.36,11,12,1,3,20,4309,2100,2209,379,1295,3014,7.11512466233465,7.58966285238095,6.66400189225894,6.70593667546174,7.16319767567567,7.094469535501,171
"172",2015,10,6.83,10,7.13333333333333,6.7,7.2,6.65,6.875,3,7,2,2,8,4319,2103,2216,381,1297,3022,7.11446449872656,7.58901188302425,6.66411560469314,6.70853018372703,7.16240631457209,7.09388854401059,172
"173",2015,11,7.1,22,7.57777777777778,6.76923076923077,7,7,7.12222222222222,9,13,4,4,18,4341,2112,2229,385,1301,3040,7.11439119327344,7.58896401041667,6.6647286585913,6.71155844155844,7.16190698693313,7.09405630921053,173
"174",2015,12,6.94333333333333,27,7.89166666666667,6.18466666666667,6.8,6.91,6.955,12,15,5,7,20,4368,2124,2244,390,1308,3060,7.11333383012821,7.59067419491525,6.66151968805704,6.71269230769231,7.16055886085627,7.09314744444445,174
"175",2016,1,6.88793103448276,29,7.75,6.43421052631579,6.2,7.20454545454545,6.69444444444444,10,19,5,11,18,4397,2134,2263,395,1319,3078,7.11184720718672,7.59142080131209,6.65961121520106,6.70620253164557,7.16092569370735,7.09081584795322,175
"176",2016,2,7.23529411764706,17,7.58333333333333,7.04545454545455,7.41666666666667,8,7,6,11,6,4,13,4414,2140,2274,401,1323,3091,7.11232264839148,7.59139812616823,6.66147765171504,6.71683291770574,7.16346257747543,7.09043389841475,176
"177",2016,3,7.175,26,7.46333333333333,6.78181818181818,7,7.04166666666667,7.215,15,11,2,6,20,4440,2155,2285,403,1329,3111,7.11268967792793,7.59050672389791,6.66205697155361,6.7182382133995,7.16291270880361,7.09123470909675,177
"178",2016,4,6.90645161290323,31,7.16111111111111,6.55384615384615,6.42857142857143,7.05555555555556,6.84545454545455,18,13,7,9,22,4471,2173,2298,410,1338,3133,7.11125971147394,7.58694983433042,6.66144481288077,6.71329268292683,7.1621905754858,7.08950883498245,178
"179",2016,5,6.88,25,7.28571428571429,6.72222222222222,6.33333333333333,6.4,7,7,18,3,5,20,4496,2180,2316,413,1343,3153,7.10997379225979,7.58598256422018,6.66191717616581,6.71053268765133,7.15935293373045,7.08894106565176,179
"180",2016,6,7.08333333333333,18,7.35714285714286,6.90909090909091,7.5,7.375,7,7,11,1,4,14,4514,2187,2327,414,1347,3167,7.10986756092158,7.58525010973937,6.66308559518694,6.71243961352657,7.15999331106162,7.08854789390591,180
"181",2016,7,7.46212121212121,33,7.64285714285714,7.14583333333333,7,7.4375,7.47,21,12,1,8,25,4547,2208,2339,415,1355,3192,7.11242405322191,7.58579800271739,6.66556228302694,6.71313253012048,7.16163172693727,7.09153545739348,181
"182",2016,8,7.42461538461539,65,7.78787878787879,7.05,7.04166666666667,7.35,7.45777777777778,33,32,12,20,45,4612,2241,2371,427,1375,3237,7.11682397441457,7.58877375725123,6.67075081400253,6.72236533957845,7.16437162909091,7.09662687055916,182
"183",2016,9,7.275,56,7.57272727272727,6.84782608695652,6.5,7.04545454545455,7.33111111111111,33,23,2,11,45,4668,2274,2394,429,1386,3282,7.1187215445587,7.58854089270009,6.67245203842941,6.72132867132867,7.16342784271284,7.09984191956124,183
"184",2016,10,7.36507936507936,63,7.88461538461539,7,6.95833333333333,7.55882352941176,7.29347826086957,26,37,12,17,46,4731,2300,2431,441,1403,3328,7.12200214965124,7.59188782173913,6.67743734265734,6.72777777777778,7.16821880969351,7.10251838341346,184
"185",2016,11,7.32948717948718,78,7.69459459459459,7,6.98888888888889,7.54,7.29852941176471,37,41,9,10,68,4809,2337,2472,450,1413,3396,7.12536747140778,7.59351390243903,6.68278728964401,6.733,7.17084995753715,7.10644322143699,185
"186",2016,12,7.25223880597015,67,7.88414634146341,6.25576923076923,6.175,7.53421052631579,7.140625,41,26,8,19,48,4876,2378,2498,458,1432,3444,7.12711078137818,7.59852480656014,6.67834274619696,6.72325327510917,7.17567108240223,7.10691962253194,186
"187",2017,1,7.08933333333333,75,7.73157894736842,6.42972972972973,6.4,7.17857142857143,7.06885245901639,38,37,4,14,61,4951,2416,2535,462,1446,3505,7.12653851141184,7.6006175455298,6.67471407495069,6.72045454545455,7.17569916320885,7.10625711269615,187
"188",2017,2,7.19603174603175,63,7.66060606060606,6.685,6.4,6.9,7.28061224489796,33,30,5,14,49,5014,2449,2565,467,1460,3554,7.12741168129238,7.6014258840343,6.67483437816764,6.71702355460385,7.17305547260274,7.10866099606078,188
"189",2017,3,7.274,50,8.04545454545454,6.66785714285714,6.67142857142857,7.25,7.28333333333333,22,28,7,14,36,5064,2471,2593,474,1474,3590,7.12885903830964,7.60537919465803,6.6747590358658,6.71635021097046,7.1737862890095,7.11041258495822,189
"190",2017,4,7.35188679245283,53,7.86481481481481,6.81923076923077,7.26666666666667,7.94166666666667,7.17926829268293,27,26,9,12,41,5117,2498,2619,483,1486,3631,7.13116907758452,7.60818334267414,6.67619327224132,6.72660455486542,7.17998720726783,7.11119007986781,190
"191",2017,5,6.93490566037736,53,7.50263157894737,6.61764705882353,6.6,7.00454545454545,6.91666666666667,19,34,10,11,42,5170,2517,2653,493,1497,3673,7.12915709284333,7.60738656734207,6.67544296268376,6.72403651115619,7.17869805611222,7.10896574462292,191
"192",2017,6,7.32105263157895,38,8.03125,6.80454545454545,6.125,7.15882352941177,7.45238095238095,16,22,4,17,21,5208,2533,2675,497,1514,3694,7.13055725230415,7.61006395183577,6.67650474018692,6.7192152917505,7.17847489431968,7.11091802382242,192
"193",2017,7,7.20365853658537,41,7.67222222222222,6.83695652173913,6.375,7.04166666666667,7.27068965517241,18,23,4,12,29,5249,2551,2698,501,1526,3723,7.1311282472852,7.61050254410035,6.67787256486286,6.71646706586826,7.17739907601573,7.11216255170561,193
"194",2017,8,7.10972222222222,36,7.546875,6.76,7.86,7.33333333333333,7.065,16,20,5,6,30,5285,2567,2718,506,1532,3753,7.13098243519394,7.6101059563693,6.67847688741722,6.72776679841897,7.1780097845953,7.11178555289102,194
"195",2017,9,6.88745098039216,51,7.59,6.26296296296296,7.33333333333333,6.84615384615385,6.90157894736842,24,27,3,13,38,5336,2591,2745,509,1545,3791,7.12865482946027,7.6099197182555,6.67438986520947,6.73133595284872,7.17521746925566,7.10967849643893,195
"196",2017,10,7.07051162790698,43,7.33961904761905,6.81363636363636,6.425,7.09090909090909,7.0635,21,22,4,11,32,5379,2612,2767,513,1556,3823,7.12819002974531,7.60774655053599,6.67549699313336,6.72894736842105,7.17462145886889,7.10929196442584,196
"197",2017,11,7.16862745098039,51,7.83333333333333,6.42083333333333,7.5,6.90909090909091,7.24,27,24,3,11,40,5430,2639,2791,516,1567,3863,7.12856982872928,7.61005456233422,6.67330712289502,6.73343023255814,7.17275749202297,7.11064539994823,197
"198",2017,12,7.14,45,7.44565217391304,6.82045454545455,6.91666666666667,6.95,7.19428571428571,23,22,3,10,35,5475,2662,2813,519,1577,3898,7.12866377534247,7.60863410593539,6.67445793814433,6.73448940269749,7.17134495244134,7.11139640328373,198
"199",2018,1,6.98849056603774,53,7.27458333333333,6.75172413793103,6.25,6.66153846153846,7.09475,24,29,4,13,40,5528,2686,2842,523,1590,3938,7.12731985709117,7.60564928890544,6.6752463687544,6.73078393881453,7.16717672327044,7.11122731843575,199
"200",2018,2,7.39857142857143,35,7.80555555555556,6.96764705882353,6.2625,7.0625,7.49814814814815,18,17,4,8,27,5563,2704,2859,527,1598,3965,7.1290264551501,7.60698002588757,6.67698502273522,6.72722960151803,7.16665268460576,7.11386208827238,200
"201",2018,3,7.2625,48,7.39,7.05,7.12,6.825,7.35,30,18,5,8,40,5611,2734,2877,532,1606,4005,7.1301682712529,7.60459911850768,6.67931879735836,6.73092105263158,7.16495080323786,7.11622051935081,201
"202",2018,4,6.88888888888889,36,7.40625,6.475,7.16666666666667,6.66666666666667,6.93333333333333,16,20,3,6,30,5647,2750,2897,535,1612,4035,7.1286300991677,7.60344508727273,6.67790824301001,6.73336448598131,7.16309614764268,7.11486076332094,202
"203",2018,5,7.03725490196078,51,7.476,6.61538461538461,6,7.71111111111111,6.89285714285714,25,26,2,9,42,5698,2775,2923,537,1621,4077,7.12781224464724,7.60229693333334,6.67735209716045,6.73063314711359,7.16613879703886,7.1125737503066,203
"204",2018,6,7.17682926829268,41,7.73684210526316,6.69318181818182,6.46875,7.18888888888889,7.1734375,19,22,8,9,32,5739,2794,2945,545,1630,4109,7.12816242725213,7.60321187902649,6.67747034974533,6.72678899082569,7.16626441104294,7.11304774397664,204
"205",2018,7,7.188,25,7.44,7.02,7,6.8,7.24090909090909,10,15,2,3,22,5764,2804,2960,547,1633,4131,7.12842195870923,7.60262981098431,6.67920614189189,6.72778793418647,7.16559154317208,7.11372868070685,205
"206",2018,8,7.05121951219512,41,7.37222222222222,6.8,6.12857142857143,7.38333333333333,6.91379310344828,18,23,7,12,29,5805,2822,2983,554,1645,4160,7.1278766873385,7.60116016654855,6.68013750586658,6.72021660649819,7.1671799331307,7.11233489903846,206
"207",2018,9,7.25862068965517,29,7.91666666666667,6.79411764705882,6.71428571428571,7.33333333333333,7.225,12,17,7,9,20,5834,2834,3000,561,1654,4180,7.12852659753171,7.60249611503176,6.68078339333334,6.72014260249554,7.16808403264813,7.11287396650718,207
"208",2018,10,6.72142857142857,42,7.64444444444444,6.02916666666667,6.06,5.8125,6.93529411764706,18,24,5,8,34,5876,2852,3024,566,1662,4214,7.12561677501702,7.60276086605891,6.67561183201058,6.7143109540636,7.16155895908544,7.1114411912672,208
"209",2018,11,6.93517723404255,47,7.50416666666667,6.34144913043478,5.5,7.8,6.70144135135135,24,23,1,10,37,5923,2876,3047,567,1672,4251,7.1241056052676,7.60193810500695,6.67308943551034,6.71216931216931,7.16537738636364,7.10787262055987,209
"210",2018,12,7.50568181818182,44,7.89285714285714,7.15217391304348,7.25,7.05555555555556,7.62142857142857,21,23,4,9,35,5967,2897,3070,571,1681,4286,7.12691930618401,7.60404694166379,6.67667866775245,6.71593695271454,7.164789405116,7.11206638124125,210
"211",2019,1,7.11792452830189,53,7.58695652173913,6.75833333333333,7,7.61428571428571,7.04239130434783,23,30,2,7,46,6020,2920,3100,573,1688,4332,7.12684011627907,7.60391232534247,6.67746887419355,6.71692844677138,7.16665343009479,7.11132652585411,211
"212",2019,2,7.3169696969697,33,7.558,6.94615384615385,7.33333333333333,7.98,7.13846153846154,20,13,3,7,26,6053,2940,3113,576,1695,4358,7.12787667272427,7.60359999659864,6.67859091230325,6.72013888888889,7.17001238348083,7.11148841441028,212
"213",2019,3,7.33333333333333,36,7.69,6.8875,NA,8.08571428571429,7.15172413793103,20,16,0,7,29,6089,2960,3129,576,1702,4387,7.12909139431762,7.60418378040541,6.67965915947587,6.72013888888889,7.17377849001175,7.1117543902439,213
"214",2019,4,7.21555555555556,36,7.76625,6.775,8,7,7.23515151515152,16,20,3,3,33,6125,2976,3149,579,1705,4420,7.12959959183673,7.60505510416667,6.6802646903779,6.72677029360967,7.17347272140762,7.11267568099547,214
"215",2019,5,7.45121951219512,41,7.70588235294118,7.27083333333333,6.875,8,7.31818181818182,17,24,4,8,33,6166,2993,3173,583,1713,4453,7.13173816088226,7.60562779485466,6.68473164513079,6.72778730703259,7.17733274372446,7.11419863238266,215
"216",2019,6,6.975,34,7.54166666666667,6.66590909090909,5.91,7.62,6.86379310344828,12,22,5,5,29,6200,3005,3195,588,1718,4482,7.13087862903226,7.60537237603993,6.68460203755869,6.72083333333334,7.17862106519208,7.1125784270415,216
"217",2019,7,7.025,42,7.70652173913043,6.2,2,5.5,7.18552631578947,23,19,1,4,38,6242,3028,3214,589,1722,4520,7.13016621275232,7.60614068361955,6.68173724642191,6.71281833616299,7.17472182926829,7.11319170575221,217
"218",2019,8,7.23205128205128,39,7.6525,6.78947368421053,7,7.15,7.26034482758621,20,19,5,10,29,6281,3048,3233,594,1732,4549,7.13079883776469,7.60644487860892,6.68237040210331,6.71523569023569,7.17457909353349,7.11412981094746,218
"219",2019,9,7.25416666666667,24,7.87272727272727,6.73076923076923,6.83333333333333,6,7.505,11,13,3,4,20,6305,3059,3246,597,1736,4569,7.13126843774782,7.60740241582216,6.68256423598275,6.71582914572865,7.17187269009217,7.11584077697527,219
"220",2019,10,6.94814814814815,27,6.94,6.95294117647059,7,7,6.94166666666667,10,17,1,3,24,6332,3069,3263,598,1739,4593,7.13048760265319,7.60522775822744,6.68397288078456,6.71630434782609,7.17157618746406,7.11493065752232,220
"221",2019,11,7.74864864864865,37,7.94782608695652,7.42142857142857,6.83333333333333,8.26,7.66875,23,14,3,5,32,6369,3092,3277,601,1744,4625,7.13407874077563,7.60777619340233,6.68712343912115,6.71688851913478,7.17469666857798,7.11876248864865,221
"222",2019,12,7.56842105263158,38,8.2,7.10909090909091,6.5,7.5,7.57647058823529,16,22,2,4,34,6407,3108,3299,603,1748,4659,7.13665483065397,7.61082496460746,6.68993740830555,6.71616915422886,7.17544106979405,7.1221027065894,222
"223",2020,1,7.21169491525424,59,7.70454545454545,6.58615384615385,6.525,7.96923076923077,6.99760869565217,33,26,4,13,46,6466,3141,3325,607,1761,4705,7.13733954531395,7.61180961158867,6.68912586766918,6.71490939044481,7.181300959682,7.12088554941551,223
"224",2020,2,7.1796875,32,7.75769230769231,6.78421052631579,7.75,8,7.02777777777778,13,19,2,5,27,6498,3154,3344,609,1766,4732,7.13754809172053,7.61241090361446,6.68966612141149,6.71830870279146,7.18361890713477,7.1203542920541,224
"225",2020,3,7.2265625,32,7.68333333333333,6.82352941176471,8,8,7.11607142857143,15,17,1,4,28,6530,3169,3361,610,1770,4760,7.13798430321593,7.61274660460713,6.69034320440346,6.72040983606558,7.18546383615819,7.12032909873949,225
"226",2020,4,7.1,23,7.25294117647059,6.66666666666667,6,6.43333333333333,7.2,17,6,1,3,20,6553,3186,3367,611,1773,4780,7.13785098428201,7.6108267388575,6.69030101277102,6.71923076923077,7.18419119571348,7.12066244979079,226
"227",2020,5,7.30411764705882,34,7.62666666666667,7.04947368421053,7.185,5.2,7.50774193548387,15,19,4,3,31,6587,3201,3386,615,1776,4811,7.13870919993927,7.61090096532334,6.69231645304194,6.72226016260163,7.1808395213964,7.12315662232384,227
"228",2020,6,7.17857142857143,28,7.66666666666667,6.8125,6.5,6.7,7.28260869565217,12,16,2,5,23,6615,3213,3402,617,1781,4834,7.13887792894936,7.61110924058512,6.69288169018225,6.7215397082658,7.17948960696238,7.12391528961522,228
"229",2020,7,6.92741935483871,31,7.29166666666667,6.69736842105263,6.725,6.94,6.925,12,19,8,5,26,6646,3225,3421,625,1786,4860,7.13789158892567,7.60992061705426,6.69290660917861,6.721584,7.17881914333707,7.12285113374486,229
"230",2020,8,7.12896551724138,29,7.65277777777778,6.27181818181818,8,7.83333333333333,7.04769230769231,18,11,1,3,26,6675,3243,3432,626,1789,4886,7.13785280898876,7.61015849213691,6.69155696678322,6.72362619808307,7.17991670765791,7.12245118911175,230
"231",2020,9,7.33423684210526,38,7.81304347826087,6.60006666666667,4.5,8.15,7.1167,23,15,2,8,30,6713,3266,3447,628,1797,4916,7.13896447192015,7.61158725964483,6.69115883666957,6.71654458598726,7.1842353867557,7.1224160923515,231
"232",2020,10,7.50526315789474,38,7.88095238095238,7.04117647058824,7.75,8.1,7.41515151515152,21,17,2,5,33,6751,3287,3464,630,1802,4949,7.14102629240112,7.6133081807119,6.69287659064666,6.7198253968254,7.18677635405105,7.12436805617296,232
"233",2020,11,6.78483870967742,31,7.46666666666667,6.145625,6.61,7.5,6.761,15,16,3,1,30,6782,3302,3480,633,1803,4979,7.1393981863757,7.61264203210176,6.69036049137932,6.71930489731438,7.18695007764836,7.12217865233982,233
"234",2020,12,7.27179487179487,39,7.67142857142857,6.80555555555556,7,7.76666666666667,7.18181818181818,21,18,2,6,33,6821,3323,3498,635,1809,5012,7.14015518252455,7.61301353897081,6.69095326186393,6.72018897637795,7.18887285240464,7.12257133080606,234
"235",2021,1,7.53333333333333,30,7.83333333333333,7.23333333333333,7,6.83333333333333,7.70833333333333,15,15,3,6,24,6851,3338,3513,638,1815,5036,7.14187687928769,7.61400359197124,6.69326914602904,6.72150470219436,7.18769751515152,7.12536288919777,235
"236",2021,2,7.16704545454545,44,7.53478260869565,6.76428571428571,5.8,7,7.175,23,21,5,2,42,6895,3361,3534,643,1817,5078,7.14203749093546,7.61346146682535,6.69369114601019,6.71433903576983,7.18749091359384,7.12577343639228,236
"237",2021,3,7.51,32,7.916,6.83333333333333,6,8.455,7.375,20,12,1,4,28,6927,3381,3546,644,1821,5106,7.14373733217843,7.6152511061816,6.69416370840384,6.7132298136646,7.190275118067,7.12714013121817,237
"238",2021,4,7.18552631578947,38,7.63888888888889,6.7775,6.83333333333333,6.33333333333333,7.25857142857143,18,20,3,3,35,6965,3399,3566,647,1824,5141,7.14396532663316,7.61537628420123,6.69463110207516,6.71378670788254,7.18886567434211,7.12803491733126,238
"239",2021,5,7.39052631578947,38,7.88333333333333,6.947,6.16666666666667,7.85714285714286,7.28516129032258,18,20,3,7,31,7003,3417,3586,650,1831,5172,7.14530322718835,7.61678782265145,6.69603862520915,6.71126153846154,7.19142052976516,7.12897670340294,239
"240",2021,6,7.17876666666667,30,7.99691666666667,6.63333333333333,7.7,7.276625,7.14318181818182,12,18,5,8,22,7033,3429,3604,655,1839,5194,7.14544596900327,7.61811810731992,6.69572544672587,6.71880916030534,7.19179118542686,7.12903687139006,240
"241",2021,7,7.38,36,7.73238095238095,6.88666666666667,8,7.54285714285714,7.34068965517241,21,15,2,7,29,7069,3450,3619,657,1846,5223,7.1466404724855,7.61881362028986,6.69651685824814,6.72270928462709,7.19312242145179,7.13021204480184,241
"242",2021,8,7.15914720930233,43,7.68666652173913,6.5525,6.2,6.87857142857143,7.21370361111111,23,20,5,7,36,7112,3473,3639,662,1853,5259,7.14671608970753,7.6192629772531,6.69572533937896,6.71876132930514,7.19193415542364,7.13078357862711,242
"243",2021,9,7.54883720930233,43,7.884,7.08333333333333,7.5,7.84,7.51052631578947,25,18,3,5,38,7155,3498,3657,665,1858,5297,7.14913275052411,7.62115503716409,6.69763317199891,6.72228571428572,7.19367814316469,7.13350780441759,243
"244",2021,10,7.21,34,8.12266666666667,6.48947368421053,5.26666666666667,7,7.24620689655172,15,19,3,5,29,7189,3513,3676,668,1863,5326,7.14942061900125,7.62329641901509,6.69655726605006,6.71574850299401,7.19315834138486,7.13412144949305,244
"245",2021,11,7.55789473684211,38,7.85384615384615,6.91666666666667,6.66666666666667,7.90769230769231,7.376,26,12,3,13,25,7227,3539,3688,671,1876,5351,7.15156840044278,7.62499020062164,6.69727345715836,6.71552906110283,7.19810980277185,7.13525151186694,245
"246",2021,12,7.0504,50,7.29724137931034,6.70952380952381,6.5,7.33333333333333,7.01181818181818,29,21,2,6,44,7277,3568,3709,673,1882,5395,7.1508732760753,7.62232632286995,6.69734281747102,6.71488855869242,7.19854090860786,7.13424482669138,246
"247",2022,1,7.29401754385965,57,7.82636,6.878125,6.54,6.53333333333333,7.38350980392157,25,32,5,6,51,7334,3593,3741,678,1888,5446,7.15198579629124,7.6237459838575,6.69888920342155,6.713598820059,7.19642690148305,7.13657911127433,247
"248",2022,2,7.33026315789474,38,7.54375,6.96428571428571,6.66666666666667,7.6,7.2796875,24,14,3,6,32,7372,3617,3755,681,1894,5478,7.15290475176343,7.62321518385402,6.69987869773636,6.71339207048458,7.19770538014784,7.13741508579773,248
"249",2022,3,7.62302325581395,43,7.7,7.54954545454545,6.66666666666667,7.79916666666667,7.55483870967742,21,22,3,12,31,7415,3638,3777,684,1906,5509,7.15563099527984,7.62365841671248,6.70482777601271,6.71318713450292,7.20149212486884,7.13976399346524,249
"250",2022,4,7.21470588235294,51,7.57692307692308,6.838,6.5,8,7.08977272727273,26,25,1,7,44,7466,3664,3802,685,1913,5553,7.15603453388695,7.62332677947598,6.70570344818517,6.71287591240876,7.20441400418191,7.13936788042499,250
"251",2022,5,6.95313513513513,37,7.60790476190476,6.09375,6,8.25177777777778,6.53571428571429,21,16,6,9,28,7503,3685,3818,691,1922,5581,7.15503396374783,7.62323889280868,6.7031389497119,6.70668596237337,7.20931841311134,7.13633933703637,251
"252",2022,6,7.67272727272727,33,8.23529411764706,7.075,NA,8.16666666666667,7.56296296296296,17,16,0,6,27,7536,3702,3834,691,1928,5608,7.15730093285562,7.62604951917882,6.70469079551383,6.70668596237337,7.2122977126556,7.13839333808844,252
"253",2022,7,7.48809523809524,42,7.96428571428571,7.25,7.16666666666667,7.66666666666667,7.43939393939394,14,28,3,9,33,7578,3716,3862,694,1937,5641,7.15913431380311,7.62732382131324,6.70864435784568,6.70867435158502,7.21440887454827,7.14015419960999,253
"254",2022,8,7.42444444444444,45,7.64583333333333,7.17142857142857,5.6,7.27777777777778,7.46111111111111,24,21,2,9,36,7623,3740,3883,696,1946,5677,7.16070048930867,7.62744259893048,6.71114718259078,6.70548850574713,7.21470194758479,7.14218950854324,254
"255",2022,9,7.16857142857143,42,7.519,6.85,7.66666666666667,7.88888888888889,6.97212121212121,20,22,3,9,33,7665,3760,3905,699,1955,5710,7.16074361774298,7.62686577659574,6.71192945198464,6.70961373390558,7.21780562148338,7.14120662697022,255
"256",2022,10,7.18875,40,8.045,6.90333333333333,7.8125,7.35,7.135,10,30,4,10,30,7705,3770,3935,703,1965,5740,7.1608890110318,7.62797488594164,6.71338869377383,6.71588904694168,7.21847836641221,7.14117418815331,256
"257",2022,11,7.49567307692308,52,7.91634615384615,7.075,7.16666666666667,6.6875,7.64261363636364,26,26,3,8,44,7757,3796,3961,706,1973,5784,7.16313327704009,7.62995003161222,6.71576231002273,6.7178045325779,7.21632538773441,7.14498873443983,257
"258",2022,12,7.04146341463415,41,7.2047619047619,6.87,6.7,7.13333333333333,7.015625,21,20,5,9,32,7798,3817,3981,711,1982,5816,7.16249356629905,7.62761077285827,6.71653717910073,6.71767932489452,7.21594853178607,7.14427696698762,258
