"","year","month","avg_rating","no_ratings","avg_rating_owned","avg_rating_not_owned","avg_rating_prev_owned","avg_rating_comment","avg_rating_no_comment","no_ratings_owned","no_ratings_not_owned","no_ratings_prev_owned","no_ratings_comment","no_ratings_no_comment","cum_no_ratings","cum_no_ratings_owned","cum_no_ratings_not_owned","cum_no_ratings_prev_owned","cum_no_ratings_comment","cum_no_ratings_no_comment","cum_avg_rating","cum_avg_rating_owned","cum_avg_rating_not_owned","cum_avg_rating_prev_owned","cum_avg_rating_comment","cum_avg_rating_no_comment","month_after_release"
"1",2009,8,7.5625,8,7,7.75,NA,6.5,7.91666666666667,2,6,0,2,6,8,2,6,0,2,6,7.5625,7,7.75,NA,6.5,7.91666666666667,0
"2",2009,9,8.4,5,8.375,8.5,8.5,10,8,4,1,1,1,4,13,6,7,1,3,10,7.88461538461539,7.91666666666667,7.85714285714286,8.5,7.66666666666667,7.95,1
"3",2009,10,8.09275362318841,69,8.51315789473684,7.57741935483871,8.05454545454545,7.51904761904762,8.34375,38,31,11,21,48,82,44,38,12,24,58,8.05975609756097,8.43181818181818,7.62894736842105,8.09166666666667,7.5375,8.27586206896552,2
"4",2009,11,7.28253968253968,63,8.36666666666667,6.2969696969697,7.79166666666667,7,7.43414634146342,30,33,12,22,41,145,74,71,24,46,99,7.72206896551724,8.40540540540541,7.00985915492958,7.94166666666667,7.28043478260869,7.92727272727273,3
"5",2009,12,7.56578947368421,76,8.23404255319149,6.48275862068965,7.28571428571429,7.59090909090909,7.55555555555556,47,29,7,22,54,221,121,100,31,68,153,7.6683257918552,8.33884297520661,6.857,7.79354838709677,7.38088235294118,7.79607843137255,4
"6",2010,1,7.89264705882353,68,8.09090909090909,7.52916666666667,7.5,7.73076923076923,7.93090909090909,44,24,7,13,55,289,165,124,38,81,208,7.72110726643599,8.27272727272727,6.98709677419355,7.73947368421053,7.43703703703704,7.83173076923077,5
"7",2010,2,7.68257575757576,66,8.29411764705882,7.0328125,6.9,7.75,7.661,34,32,10,16,50,355,199,156,48,97,258,7.71394366197183,8.27638190954774,6.99647435897436,7.56458333333333,7.48865979381443,7.79864341085271,6
"8",2010,3,7.72164179104478,67,8.48289473684211,6.72413793103448,6.11111111111111,7.73529411764706,7.717,38,29,9,17,50,422,237,185,57,114,308,7.71516587677725,8.30949367088608,6.95378378378378,7.33508771929825,7.52543859649123,7.78538961038961,7
"9",2010,4,7.62054794520548,73,8.24444444444444,7.01351351351351,6.70833333333333,7.23076923076923,7.705,36,37,12,13,60,495,273,222,69,127,368,7.70121212121212,8.30091575091575,6.96373873873874,7.22608695652174,7.49527559055118,7.77228260869565,8
"10",2010,5,7.28591549295775,71,7.97666666666667,6.78048780487805,7.60714285714286,7.17857142857143,7.31228070175439,30,41,14,14,57,566,303,263,83,141,425,7.64911660777385,8.26881188118812,6.9351711026616,7.29036144578313,7.46382978723404,7.71058823529412,9
"11",2010,6,7.53260869565217,46,7.94444444444444,6.94736842105263,7.61111111111111,8.125,7.40789473684211,27,19,9,8,38,612,330,282,92,149,463,7.64035947712418,8.24227272727273,6.93599290780142,7.32173913043478,7.4993288590604,7.68574514038877,10
"12",2010,7,7.43888888888889,45,7.90217391304348,6.95454545454545,7.18181818181818,6.75,7.68939393939394,23,22,11,12,33,657,353,304,103,161,496,7.6265601217656,8.22011331444759,6.93733552631579,7.30679611650485,7.44347826086957,7.68598790322581,11
"13",2010,8,7.85932203389831,59,8.46666666666667,6.90869565217391,7.9,8.09285714285714,7.78666666666667,36,23,10,14,45,716,389,327,113,175,541,7.64574022346369,8.24293059125964,6.93532110091743,7.35929203539823,7.49542857142857,7.69436229205176,12
"14",2010,9,7.45983606557377,61,7.88125,6.9948275862069,7.04285714285714,7.22666666666667,7.53586956521739,32,29,14,15,46,777,421,356,127,190,587,7.63114543114543,8.21543942992874,6.94016853932584,7.3244094488189,7.47421052631579,7.68194207836456,13
"15",2010,10,7.49121621621622,74,7.85357142857143,7.015625,7.25,7.425,7.50403225806452,42,32,16,12,62,851,463,388,143,202,649,7.6189776733255,8.18261339092873,6.94639175257732,7.31608391608392,7.47128712871287,7.66494607087827,14
"16",2010,11,7.2275,80,7.6775,6.7775,7.48333333333333,7.71,7.15857142857143,40,40,12,10,70,931,503,428,155,212,719,7.58533834586466,8.14244532803181,6.93060747663551,7.32903225806452,7.48254716981132,7.61564673157163,15
"17",2010,12,7.47125,80,7.93023255813953,6.93783783783784,6.625,7.08333333333333,7.53970588235294,43,37,12,12,68,1011,546,465,167,224,787,7.57631058358061,8.1257326007326,6.93118279569892,7.27844311377245,7.46116071428571,7.60908513341804,16
"18",2011,1,7.62867469879518,83,8.05851063829787,7.0675,7.29411764705882,7.33,7.69455882352941,47,36,17,15,68,1094,593,501,184,239,855,7.58028336380256,8.1204047217538,6.94097804391217,7.27989130434783,7.45292887029289,7.61588304093567,17
"19",2011,2,7.49029850746269,67,8.26857142857143,6.6390625,6.38571428571429,7.55769230769231,7.47407407407407,35,32,14,13,54,1161,628,533,198,252,909,7.57509043927649,8.12866242038217,6.92285178236398,7.21666666666667,7.45833333333333,7.60745874587459,18
"20",2011,3,7.20403225806452,62,7.51176470588235,6.83035714285714,6.75,7.3125,7.18796296296296,34,28,8,8,54,1223,662,561,206,260,963,7.55627964022895,8.09697885196375,6.91823529411765,7.19854368932039,7.45384615384615,7.58393561786085,19
"21",2011,4,7.50486111111111,72,7.74390243902439,7.18870967741935,7.453125,7.59,7.49112903225806,41,31,16,10,62,1295,703,592,222,270,1025,7.55342084942085,8.07638691322902,6.93239864864865,7.21689189189189,7.45888888888889,7.57832195121951,20
"22",2011,5,6.98571428571429,70,7.66857142857143,6.30285714285714,6.475,6.61538461538461,7.07017543859649,35,35,12,13,57,1365,738,627,234,283,1082,7.52430769230769,8.05704607046071,6.89725677830941,7.17884615384615,7.42014134275618,7.55155268022181,21
"23",2011,6,7.36733333333333,75,7.73666666666667,6.81333333333333,6.83333333333333,6.81333333333333,7.50583333333333,45,30,12,15,60,1440,783,657,246,298,1142,7.51613194444444,8.03863346104725,6.89342465753425,7.1619918699187,7.38959731543624,7.54915061295972,22
"24",2011,7,7.34239130434783,46,8.14285714285714,6.67,7.625,7.78333333333333,7.27625,21,25,8,6,40,1486,804,682,254,304,1182,7.51075370121131,8.04135572139304,6.88523460410557,7.17657480314961,7.39736842105263,7.53991539763113,23
"25",2011,8,7.48831168831169,77,7.74318181818182,7.14848484848485,7.47058823529412,6.91666666666667,7.59384615384615,44,33,17,12,65,1563,848,715,271,316,1247,7.50964811260397,8.02588443396226,6.89738461538461,7.1950184501845,7.37911392405063,7.54272654370489,24
"26",2011,9,7.42727272727273,55,7.884375,6.79130434782609,6.72,7.16666666666667,7.45918367346939,32,23,10,6,49,1618,880,738,281,322,1296,7.50684796044499,8.02073863636364,6.89407859078591,7.17811387900356,7.3751552795031,7.53956790123457,25
"27",2011,10,7.35238095238095,84,7.7265306122449,6.82857142857143,7.16666666666667,7.88333333333333,7.26388888888889,49,35,18,12,72,1702,929,773,299,334,1368,7.49922444183314,8.00522066738429,6.89111254851229,7.17742474916388,7.39341317365269,7.52505847953216,26
"28",2011,11,7.07719298245614,57,7.5,6.57307692307692,7.37333333333333,7.1875,7.05918367346939,31,26,15,8,49,1759,960,799,314,342,1417,7.48554860716316,7.98890625,6.8807634543179,7.18678343949045,7.38859649122807,7.50894848270995,27
"29",2011,12,6.99615384615385,65,7.65243902439024,5.875,6.16666666666667,7.375,6.94298245614035,41,24,12,8,57,1824,1001,823,326,350,1474,7.46810855263158,7.97512487512488,6.85143377885784,7.14923312883436,7.38828571428571,7.48706241519674,28
"30",2012,1,7.25810810810811,74,7.89705882352941,6.715,6.95588235294118,7.28571428571429,7.25522388059701,34,40,17,7,67,1898,1035,863,343,357,1541,7.45992096944152,7.97256038647343,6.8451100811124,7.1396501457726,7.38627450980392,7.4769824789098,29
"31",2012,2,7.04891304347826,46,7.11730769230769,6.96,7.15,7.25,6.99305555555556,26,20,10,10,36,1944,1061,883,353,367,1577,7.45019547325103,7.95160226201697,6.84771234428086,7.1399433427762,7.38256130790191,7.46593532022828,30
"32",2012,3,7.35294117647059,51,7.7,6.815,7.27272727272727,7.68181818181818,7.2625,31,20,11,11,40,1995,1092,903,364,378,1617,7.44770927318296,7.94445970695971,6.84698781838317,7.14395604395604,7.39126984126984,7.46090290661719,31
"33",2012,4,7.20408163265306,49,7.36896551724138,6.965,7.11111111111111,6.8,7.25,29,20,9,5,44,2044,1121,923,373,383,1661,7.44186888454012,7.92957181088314,6.84954496208017,7.14316353887399,7.38355091383812,7.45531607465382,32
"34",2012,5,7.30813953488372,43,8.02777777777778,6.79,7.04545454545455,6.75,7.36538461538461,18,25,11,4,39,2087,1139,948,384,387,1700,7.43911356013416,7.9311237928007,6.8479746835443,7.14036458333333,7.37700258397933,7.45325294117647,33
"35",2012,6,7.45,52,8.08333333333333,6.58636363636364,6.87692307692308,8.1,7.38085106382979,30,22,13,5,47,2139,1169,970,397,392,1747,7.43937821411875,7.93502994011976,6.8420412371134,7.13173803526448,7.38622448979592,7.45130509444762,34
"36",2012,7,7.28933333333333,45,7.93684210526316,6.81615384615385,6.85,7.08333333333333,7.36424242424242,19,26,10,12,33,2184,1188,996,407,404,1780,7.43628663003663,7.93505892255892,6.84136546184739,7.12481572481573,7.37722772277228,7.44969101123595,35
"37",2012,8,6.92788461538461,52,7.47222222222222,6.34,5.91666666666667,6.75,6.95108695652174,27,25,12,6,46,2236,1215,1021,419,410,1826,7.4244633273703,7.92477366255144,6.82908912830558,7.09021479713604,7.3680487804878,7.43713033953998,36
"38",2012,9,7.17142857142857,56,7.66857142857143,6.34285714285714,6.6,6.575,7.33409090909091,35,21,10,12,44,2292,1250,1042,429,422,1870,7.41828097731239,7.9176,6.81928982725528,7.07878787878788,7.34549763033175,7.43470588235294,37
"39",2012,10,6.80294117647059,34,7.40909090909091,6.51304347826087,6.1875,8,6.76666666666667,11,23,8,1,33,2326,1261,1065,437,423,1903,7.40928632846088,7.9131641554322,6.81267605633803,7.06247139588101,7.34704491725768,7.42312138728324,38
"40",2012,11,7.26071428571429,56,7.39,7.11153846153846,7,6.85,7.35,30,26,10,10,46,2382,1291,1091,447,433,1949,7.40579345088161,7.90100697134005,6.81979835013749,7.06107382550336,7.33556581986143,7.42139558748076,39
"41",2012,12,7.47868852459016,61,7.755,6.95238095238095,7,7.3,7.51372549019608,40,21,12,10,51,2443,1331,1112,459,443,2000,7.40761358984854,7.89661908339595,6.82230215827338,7.05947712418301,7.33476297968397,7.42375,40
"42",2013,1,6.88545454545455,55,7.14193548387097,6.55416666666667,7.1,6.86,6.888,31,24,13,5,50,2498,1362,1136,472,448,2050,7.39611689351481,7.87944199706314,6.81663732394366,7.06059322033898,7.32946428571429,7.41068292682927,41
"43",2013,2,7.17115384615385,52,7.53333333333333,6.78,7.05,7.29,7.14285714285714,27,25,10,10,42,2550,1389,1161,482,458,2092,7.39152941176471,7.87271418286537,6.81584840654608,7.0603734439834,7.32860262008734,7.40530592734226,42
"44",2013,3,7.389,50,7.77037037037037,6.94130434782609,6.97,7.68181818181818,7.30641025641026,27,23,15,11,39,2600,1416,1184,497,469,2131,7.39148076923077,7.87076271186441,6.81828547297297,7.05764587525151,7.33688699360341,7.40349601126232,43
"45",2013,4,7.16111111111111,36,7.75714285714286,6.32666666666667,7.725,6.41666666666667,7.31,21,15,4,6,30,2636,1437,1199,501,475,2161,7.38833459787557,7.86910229645094,6.81213511259383,7.06297405189621,7.32526315789474,7.40219805645534,44
"46",2013,5,7.28048780487805,41,7.60869565217391,6.86111111111111,7.33333333333333,7.38888888888889,7.25,23,18,12,9,32,2677,1460,1217,513,484,2193,7.38668285394098,7.865,6.81285949055053,7.06929824561404,7.32644628099174,7.3999772001824,45
"47",2013,6,7.12777777777778,45,7.63269230769231,6.43684210526316,6.41666666666667,7.54,7.07625,26,19,6,5,40,2722,1486,1236,519,489,2233,7.38240264511389,7.86093539703903,6.80707928802589,7.06175337186898,7.32862985685072,7.39417823555755,46
"48",2013,7,7.31111111111111,45,7.85185185185185,6.5,6.5,7.28571428571429,7.31578947368421,27,18,10,7,38,2767,1513,1254,529,496,2271,7.38124322370799,7.86077329808328,6.80267145135566,7.05113421550095,7.32802419354839,7.39286657859974,47
"49",2013,8,7.07021276595745,47,7.47407407407407,6.525,6.5,6.9625,7.09230769230769,27,20,9,8,39,2814,1540,1274,538,504,2310,7.37604832977967,7.85399350649351,6.79831240188383,7.04191449814127,7.32222222222222,7.38779220779221,48
"50",2013,9,6.7986,50,7.18260869565217,6.47148148148148,6.55555555555556,6.7,6.80955555555556,23,27,9,5,45,2864,1563,1301,547,509,2355,7.36596717877095,7.84411388355726,6.79152959262106,7.03391224862889,7.31611001964636,7.37674309978769,49
"51",2013,10,7.05961538461538,52,7.55,6.56923076923077,6.57692307692308,7.16666666666667,7.0530612244898,26,26,13,3,49,2916,1589,1327,560,512,2404,7.36050411522634,7.83930144745123,6.78717407686511,7.02330357142857,7.315234375,7.3701455906822,50
"52",2013,11,6.92391304347826,46,7.52083333333333,6.27272727272727,7.66666666666667,7.1875,6.86842105263158,24,22,6,8,38,2962,1613,1349,566,520,2442,7.35372383524645,7.83456292622443,6.7787842846553,7.03012367491166,7.31326923076923,7.36233824733825,51
"53",2013,12,7.29661016949153,59,7.69354838709677,6.85714285714286,6.67857142857143,7.94444444444444,7.18,31,28,14,9,50,3021,1644,1377,580,529,2492,7.35260840781198,7.83190389294404,6.78037763253449,7.02163793103448,7.32400756143667,7.3586797752809,52
"54",2014,1,7.14071428571429,70,7.36029411764706,6.93333333333333,7.28125,7.17307692307692,7.13333333333333,34,36,16,13,57,3091,1678,1413,596,542,2549,7.34780977030087,7.82234803337306,6.7842745930644,7.02860738255034,7.32038745387454,7.35364064338956,53
"55",2014,2,7.1925,60,7.65921052631579,6.38636363636364,6,7,7.21792452830189,38,22,9,7,53,3151,1716,1435,605,549,2602,7.3448524278007,7.81873543123543,6.77817421602787,7.01330578512397,7.31630236794171,7.3508762490392,54
"56",2014,3,7.13125,32,7.385,6.70833333333333,7,8.56666666666667,6.98275862068965,20,12,4,3,29,3183,1736,1447,609,552,2631,7.34270499528746,7.81373847926267,6.77759502418797,7.0132183908046,7.32309782608696,7.34681870011402,55
"57",2014,4,7.33657142857143,35,7.71,6.94117647058824,6.71428571428571,7.38,7.32758620689655,18,17,7,6,29,3218,1754,1464,616,558,2660,7.34263828464885,7.81267388825542,6.77949453551912,7.00982142857143,7.32370967741935,7.34660902255639,56
"58",2014,5,7.44275862068965,29,8.256,6.57142857142857,7.6,8.75,7.34592592592593,15,14,5,2,27,3247,1769,1478,621,560,2687,7.34353249153064,7.8164330130017,6.77752368064952,7.0145732689211,7.32880357142857,7.34660215854112,57
"59",2014,6,7.15,30,7.8,6.5,7.375,7,7.18,15,15,4,5,25,3277,1784,1493,625,565,2712,7.34176075678974,7.81629484304933,6.77473543201607,7.01688,7.32589380530973,7.34506637168141,58
"60",2014,7,7.43571428571429,42,7.81923076923077,6.8125,6.64285714285714,7.22857142857143,7.47714285714286,26,16,7,7,35,3319,1810,1509,632,572,2747,7.34294968363965,7.81633701657459,6.77513585155732,7.01273734177215,7.3247027972028,7.34674918092464,59
"61",2014,8,7.13170731707317,41,7.33333333333333,6.74285714285714,6.4875,7.36,7.1,27,14,8,5,36,3360,1837,1523,640,577,2783,7.34037202380952,7.80923788786064,6.77483913328956,7.006171875,7.32500866551126,7.34355731225296,60
"62",2014,9,6.93829787234043,47,7.46153846153846,6.29047619047619,6.40909090909091,6.28,7.01666666666667,26,21,11,5,42,3407,1863,1544,651,582,2825,7.33482535955386,7.80438539989265,6.76825129533679,6.99608294930876,7.31603092783505,7.33869734513274,61
"63",2014,10,7.31538461538462,39,8.08421052631579,6.585,6.66153846153846,6.75,7.38,19,20,13,4,35,3446,1882,1564,664,586,2860,7.33460533952408,7.80721041445271,6.76590792838874,6.98953313253012,7.31216723549488,7.3392027972028,62
"64",2014,11,6.70897435897436,39,6.85238095238095,6.54166666666667,6.32142857142857,6,6.81323529411765,21,18,7,5,34,3485,1903,1582,671,591,2894,7.32760401721664,7.79667367314766,6.76335651074589,6.98256333830104,7.30106598984771,7.33302349689012,63
"65",2014,12,7.39583333333333,24,7.86666666666667,6.61111111111111,7.08333333333333,8,7.30952380952381,15,9,6,3,21,3509,1918,1591,677,594,2915,7.3280706754061,7.79722106360793,6.76249528598366,6.9834564254062,7.30459595959596,7.33285420240137,64
"66",2015,1,6.94117647058824,51,7.44230769230769,6.42,6.42857142857143,6.78571428571429,6.96590909090909,26,25,14,7,44,3560,1944,1616,691,601,2959,7.32252808988764,7.79247427983539,6.75719678217822,6.97221418234443,7.29855241264559,7.32739776951673,65
"67",2015,2,7.25975609756098,41,7.66190476190476,6.8375,6.97222222222222,6.44375,7.45757575757576,21,20,9,8,33,3601,1965,1636,700,609,2992,7.32181338517078,7.79107888040713,6.75817848410758,6.97221428571429,7.28732348111658,7.32883355614973,66
"68",2015,3,6.65,34,7.055,6.07142857142857,6.21428571428571,7.23636363636364,6.3695652173913,20,14,7,11,23,3635,1985,1650,707,620,3015,7.31552957359009,7.78366246851385,6.75235151515151,6.96471004243281,7.28641935483871,7.32151575456053,67
"69",2015,4,6.91764705882353,34,7.325,6.55555555555556,7.5,6,7.04,16,18,8,4,30,3669,2001,1668,715,624,3045,7.31184246388662,7.77999500249875,6.7502278177458,6.9706993006993,7.27817307692308,7.31874220032841,68
"70",2015,5,6.70967741935484,31,7.35294117647059,5.92857142857143,6.4,7.125,6.64814814814815,17,14,5,4,27,3700,2018,1682,720,628,3072,7.3067972972973,7.77639742319128,6.74338882282996,6.96673611111111,7.2771974522293,7.31284830729167,69
"71",2015,6,7.02272727272727,22,7.42,6.17142857142857,6,7.83333333333333,6.89473684210526,15,7,3,3,19,3722,2033,1689,723,631,3091,7.30511821601289,7.77376783079193,6.74101835405565,6.96272475795297,7.27984152139461,7.31027822711097,70
"72",2015,7,7.36538461538461,26,7.71176470588235,6.71111111111111,6.1,6.5,7.4375,17,9,5,2,24,3748,2050,1698,728,633,3115,7.30553628601921,7.77325365853659,6.74085983510012,6.95679945054945,7.2773775671406,7.31125842696629,71
"73",2015,8,7.1609756097561,41,7.14166666666667,7.18823529411765,7.5625,7.7,7.08611111111111,24,17,8,5,36,3789,2074,1715,736,638,3151,7.30397202428081,7.76594503375121,6.7452944606414,6.96338315217391,7.28068965517241,7.30868613138686,72
"74",2015,9,6.85416666666667,24,7.61538461538461,5.95454545454545,5.75,5.5,6.97727272727273,13,11,6,2,22,3813,2087,1726,742,640,3173,7.30114083398898,7.76500718735026,6.74025492468134,6.95357142857143,7.275125,7.30638827607942,73
"75",2015,10,6.82058823529412,34,6.93529411764706,6.70588235294118,7.2,7.75,6.69666666666667,17,17,5,4,30,3847,2104,1743,747,644,3203,7.29689368338965,7.75830323193916,6.73991967871486,6.95522088353414,7.27807453416149,7.30067748985326,74
"76",2015,11,7.18529411764706,34,7.79230769230769,6.80952380952381,6.70833333333333,7.5,7.13103448275862,13,21,12,5,29,3881,2117,1764,759,649,3232,7.29591600103066,7.75851204534719,6.74074829931973,6.95131752305665,7.2797842835131,7.29915532178218,75
"77",2015,12,7.22021276595745,47,7.44655172413793,6.85555555555556,6.4375,7.75,7.14268292682927,29,18,8,6,41,3928,2146,1782,767,655,3273,7.29501018329939,7.75429636533085,6.74190796857463,6.94595827900913,7.28409160305343,7.29719523373052,76
"78",2016,1,7.04275,40,7.42904761904762,6.61578947368421,6.57142857142857,7.33333333333333,6.99147058823529,21,19,7,6,34,3968,2167,1801,774,661,3307,7.29246723790322,7.75114443931703,6.74057745696835,6.94257105943152,7.28453857791225,7.294052010886,77
"79",2016,2,7.408,25,7.75333333333333,6.89,6.91666666666667,7.3,7.435,15,10,6,5,20,3993,2182,1811,780,666,3327,7.29319058352116,7.75115948670944,6.74140254003313,6.94237179487179,7.28465465465465,7.2948993086865,78
"80",2016,3,6.74137931034483,29,7.04166666666667,6.52941176470588,6.28571428571429,7.625,6.6,12,17,7,4,25,4022,2194,1828,787,670,3352,7.289211834908,7.74727894257065,6.73943107221007,6.93653113087675,7.28668656716418,7.28971658711217,79
"81",2016,4,7.07727272727273,33,7.43,6.53461538461538,7.29,7.28333333333333,7,20,13,5,9,24,4055,2214,1841,792,679,3376,7.28748705302096,7.74441282746161,6.73798479087452,6.93876262626263,7.28664212076583,7.28765699052133,80
"82",2016,5,7.63461538461539,26,7.73809523809524,7.2,7,6.83333333333333,7.73913043478261,21,5,3,3,23,4081,2235,1846,795,682,3399,7.28969860328351,7.74435346756152,6.73923618634886,6.93899371069182,7.28464809384164,7.29071197411003,81
"83",2016,6,7.45555555555556,27,7.80526315789474,6.625,6.83333333333333,7.75,7.432,19,8,3,2,25,4108,2254,1854,798,684,3424,7.29078870496592,7.74486690328305,6.73874325782093,6.93859649122807,7.28600877192982,7.29174357476635,82
"84",2016,7,6.81034482758621,29,7.1,6.4,5.91666666666667,7.7,6.668,17,12,6,4,25,4137,2271,1866,804,688,3449,7.28742083635484,7.74003963011889,6.73656484458735,6.93097014925373,7.28841569767442,7.2872223832995,83
"85",2016,8,6.85625,32,7.1,6.39090909090909,5.66666666666667,6.4,6.94074074074074,21,11,3,5,27,4169,2292,1877,807,693,3476,7.2841112976733,7.73417539267016,6.73453915823122,6.92627013630731,7.28200577200577,7.28453107019563,84
"86",2016,9,7.48555555555556,45,7.67962962962963,7.19444444444444,6.75,8.2,7.37564102564103,27,18,4,6,39,4214,2319,1895,811,699,3515,7.28626245847176,7.73354031910306,6.73890765171504,6.92540073982737,7.28988555078684,7.28554196301565,85
"87",2016,10,6.46190476190476,42,6.33333333333333,6.59047619047619,6.73076923076923,5,6.65945945945946,21,21,13,5,37,4256,2340,1916,824,704,3552,7.27812734962406,7.72097435897436,6.73728079331941,6.92233009708738,7.27362215909091,7.27902027027027,86
"88",2016,11,7.12857142857143,35,7.5,6.57142857142857,6.6,8,7.046875,21,14,5,3,32,4291,2361,1930,829,707,3584,7.27690748077371,7.71900889453621,6.73607772020725,6.92038600723764,7.27670438472419,7.27694754464286,87
"89",2016,12,7.18,30,7.68571428571429,6,6,6,7.22068965517241,21,9,3,1,29,4321,2382,1939,832,708,3613,7.27623466790095,7.71871536523929,6.73266116554925,6.91706730769231,7.2749011299435,7.27649598671464,88
"90",2017,1,7.05595238095238,42,7.5078947368421,6.68260869565217,6.72727272727273,6.75,7.08815789473684,19,23,11,4,38,4363,2401,1962,843,712,3651,7.27411414164566,7.71704706372345,6.7320744138634,6.91459074733096,7.27195224719101,7.27453574363188,89
"91",2017,2,7.03333333333333,27,7.32352941176471,6.54,7.1,7.91666666666667,6.78095238095238,17,10,5,6,21,4390,2418,1972,848,718,3672,7.27263325740319,7.71428039702233,6.73110040567951,6.91568396226415,7.27733983286908,7.27171296296296,90
"92",2017,3,6.93058823529412,34,7.21695652173913,6.33181818181818,6.25,6.89,6.93758620689655,23,11,2,5,29,4424,2441,1983,850,723,3701,7.27000452079566,7.70959442851291,6.72888552697932,6.91411764705882,7.27466113416321,7.26909483923264,91
"93",2017,4,6.96111111111111,27,7.16388888888889,6.55555555555556,6,6.625,7.0195652173913,18,9,1,4,23,4451,2459,1992,851,727,3724,7.26813075713323,7.70559983733225,6.72810240963855,6.91304347826087,7.27108665749656,7.2675537056928,92
"94",2017,5,7.13541666666667,24,7.5625,6.70833333333333,7.07142857142857,7.29166666666667,7.08333333333333,12,12,7,6,18,4475,2471,2004,858,733,3742,7.26741899441341,7.70490489680292,6.72798403193613,6.91433566433566,7.2712551159618,7.26666755745591,93
"95",2017,6,7.31666666666667,18,7.40909090909091,7.17142857142857,7.17142857142857,7.33333333333333,7.30833333333333,11,7,7,6,12,4493,2482,2011,865,739,3754,7.26761629200979,7.70359387590653,6.72952759820985,6.9164161849711,7.27175913396482,7.26680074587107,94
"96",2017,7,6.78571428571429,28,7.21428571428571,6.35714285714286,7.5,7,6.77777777777778,14,14,3,1,27,4521,2496,2025,868,740,3781,7.26463171864632,7.70084935897436,6.72695308641975,6.9184331797235,7.27139189189189,7.26330864850569,95
"97",2017,8,7.0195652173913,23,7.77222222222222,6.53571428571429,7,7.33333333333333,6.9725,9,14,6,3,20,4544,2505,2039,874,743,3801,7.26339128521127,7.70110578842316,6.72564001961746,6.91899313501144,7.27164199192463,7.26177847934754,96
"98",2017,9,6.54074074074074,27,7.65384615384615,5.50714285714286,5.75,8.16666666666667,6.3375,13,14,8,3,24,4571,2518,2053,882,746,3825,7.25912273025596,7.70086179507546,6.71733073550901,6.90839002267574,7.27524128686327,7.25597908496732,97
"99",2017,10,7.22058823529412,34,7.725,6.5,7.21428571428571,7.2,7.22413793103448,20,14,7,5,29,4605,2538,2067,889,751,3854,7.25883821932682,7.70105200945627,6.71585873246251,6.91079865016873,7.27474034620506,7.25573949143747,98
"100",2017,11,6.83513513513514,37,7.05,6.58235294117647,6.82222222222222,7.25,6.78484848484849,20,17,9,4,33,4642,2558,2084,898,755,3887,7.25546100818613,7.69596168881939,6.71476967370441,6.90991091314031,7.27460927152318,7.25174170311294,99
"101",2017,12,6.7109375,32,7.27173913043478,5.27777777777778,5.66666666666667,7,6.69166666666667,23,9,3,2,30,4674,2581,2093,901,757,3917,7.25173299101412,7.6921813250678,6.70859053989489,6.90577136514983,7.27388375165125,7.24745213173347,100
"102",2018,1,6.9,40,7.29166666666667,6.3125,6.72222222222222,6.8,6.91428571428571,24,16,9,5,35,4714,2605,2109,910,762,3952,7.24874840899448,7.68849136276392,6.70558558558558,6.90395604395604,7.27077427821522,7.24450151821862,101
"103",2018,2,7.01368421052632,19,7.41818181818182,6.4575,6,6.9,7.035,11,8,2,3,16,4733,2616,2117,912,765,3968,7.24780477498415,7.68735474006116,6.70464808691545,6.90197368421053,7.26932026143791,7.24365675403226,102
"104",2018,3,7.48148148148148,27,7.68421052631579,7,7.66666666666667,7,7.54166666666667,19,8,3,3,24,4760,2635,2125,915,768,3992,7.24913025210084,7.6873320683112,6.70576,6.90448087431694,7.26826822916667,7.24544839679359,103
"105",2018,4,6.73076923076923,26,7.16666666666667,6.13636363636364,5.875,7.1,6.64285714285714,15,11,4,5,21,4786,2650,2136,919,773,4013,7.24631424989553,7.68438490566038,6.7028277153558,6.9,7.26717981888745,7.24229504111637,104
"106",2018,5,6.7695652173913,23,7.59230769230769,5.7,5.85714285714286,NA,6.7695652173913,13,10,7,0,23,4809,2663,2146,926,773,4036,7.24403410272406,7.68393541119039,6.69815470643057,6.89211663066955,7.26717981888745,7.23960109018831,105
"107",2018,6,6.99411764705882,17,7.46153846153846,5.475,7,7.225,6.92307692307692,13,4,2,4,13,4826,2676,2150,928,777,4049,7.24315375051803,7.68285500747384,6.69587906976744,6.89234913793103,7.26696267696268,7.23858483576192,106
"108",2018,7,6.96666666666667,15,7.55,5.8,6,8,6.80769230769231,10,5,3,2,13,4841,2686,2155,931,779,4062,7.24229704606486,7.68236038719285,6.69380046403712,6.88947368421053,7.26884467265725,7.23720580994584,107
"109",2018,8,6.69166666666667,24,7.17333333333333,5.88888888888889,5.33333333333333,NA,6.69166666666667,15,9,3,0,24,4865,2701,2164,934,779,4086,7.23958067831449,7.67953350610885,6.6904528650647,6.88447537473233,7.26884467265725,7.23400146842878,108
"110",2018,9,6.60714285714286,14,7.3125,5.66666666666667,5.2,10,6.34615384615385,8,6,5,1,13,4879,2709,2170,939,780,4099,7.23776593564255,7.6784496124031,6.68762211981567,6.87550585729499,7.27234615384615,7.23118565503781,109
"111",2018,10,6.94230769230769,26,7.30769230769231,6.57692307692308,6.94444444444444,7,6.94,13,13,9,1,25,4905,2722,2183,948,781,4124,7.2361997961264,7.67667891256429,6.68696289509849,6.87616033755274,7.27199743918054,7.22942046556741,110
"112",2018,11,7.21666666666667,30,7.66666666666667,6.16666666666667,6.83333333333333,7.875,7.11538461538461,21,9,3,4,26,4935,2743,2192,951,785,4150,7.23608105369807,7.67660226029894,6.68482664233577,6.87602523659306,7.27507006369427,7.22870602409639,111
"113",2018,12,7.28526315789474,19,7.26545454545455,7.3125,6.5,6,7.35666666666667,11,8,2,1,18,4954,2754,2200,953,786,4168,7.2362696810658,7.67496005809731,6.68710909090909,6.87523609653725,7.27344783715013,7.22925863723608,112
"114",2019,1,7.17567567567568,37,7.98076923076923,5.27272727272727,4.6,6,7.20833333333333,26,11,5,1,36,4991,2780,2211,958,787,4204,7.23582047685834,7.67782014388489,6.6800723654455,6.8633611691023,7.27182973316391,7.22907944814462,113
"115",2019,2,7.08333333333333,24,7.47058823529412,6.14285714285714,6.33333333333333,7.375,7.025,17,7,3,4,20,5015,2797,2218,961,791,4224,7.23509072781655,7.67656060064355,6.67837691614067,6.86170655567118,7.27235145385588,7.22811316287879,114
"116",2019,3,7.445,20,7.75,6.9875,6.75,5.83333333333333,7.72941176470588,12,8,4,3,17,5035,2809,2226,965,794,4241,7.23592452830188,7.67687433250267,6.67948787061995,6.86124352331606,7.26691435768262,7.23012261259137,115
"117",2019,4,7.61111111111111,18,7.90909090909091,7.14285714285714,7.35714285714286,7.83333333333333,7.56666666666667,11,7,7,3,15,5053,2820,2233,972,797,4256,7.23726103304967,7.67778014184397,6.68094043887147,6.86481481481481,7.26904642409034,7.2313087406015,116
"118",2019,5,7.74090909090909,22,7.83333333333333,7.54285714285714,8,6.5,7.865,15,7,2,2,20,5075,2835,2240,974,799,4276,7.23944433497537,7.67860317460317,6.68363392857143,6.86714579055441,7.26712140175219,7.2342726847521,117
"119",2019,6,7.26842105263158,19,7.54615384615385,6.66666666666667,6.5,7.5,7.20666666666667,13,6,4,4,15,5094,2848,2246,978,803,4291,7.23955241460542,7.67799859550562,6.68358860195904,6.86564417177914,7.26828144458281,7.23417618270799,118
"120",2019,7,6.44117647058824,17,7.22727272727273,5,5.8,4.5,6.7,11,6,5,2,15,5111,2859,2252,983,805,4306,7.2368968890628,7.67626442812172,6.67910301953819,6.86022380467955,7.26140372670807,7.23231537389689,119
"121",2019,8,7.14074074074074,27,7.27777777777778,6.86666666666667,6.725,NA,7.14074074074074,18,9,8,0,27,5138,2877,2261,991,805,4333,7.23639159205917,7.67377128953771,6.67984962406015,6.85913218970737,7.26140372670807,7.23174474959612,120
"122",2019,9,7.375,16,7.5,7.21428571428571,6.75,7.3,7.40909090909091,9,7,4,5,11,5154,2886,2268,995,810,4344,7.23682188591385,7.67322938322938,6.68149911816578,6.85869346733668,7.26164197530864,7.2321938305709,121
"123",2019,10,6.7578947368421,19,7.17,6.3,5.66666666666667,6.25,6.81764705882353,10,9,3,2,17,5173,2896,2277,998,812,4361,7.23506282621303,7.67149171270718,6.67999121651296,6.85511022044088,7.25915024630542,7.23057784911718,122
"124",2019,11,7.00588235294118,17,7.41,6.42857142857143,6.5,7.75,6.90666666666667,10,7,4,2,15,5190,2906,2284,1002,814,4376,7.23431213872832,7.6705918788713,6.67922066549912,6.85369261477046,7.26035626535626,7.22946755027422,123
"125",2019,12,6.82352941176471,17,6.72727272727273,7,7,8,6.66666666666667,11,6,3,2,15,5207,2917,2290,1005,816,4391,7.23297100057615,7.66703462461433,6.68006113537118,6.85412935323383,7.26216911764706,7.22754497836484,124
"126",2020,1,7.23125,32,7.4037037037037,6.3,7.25,7.5,7.156,27,5,2,7,25,5239,2944,2295,1007,823,4416,7.23296048864287,7.66461956521739,6.67923311546841,6.85491559086395,7.26419198055893,7.22713994565217,125
"127",2020,2,7.78,20,8.40769230769231,6.61428571428571,6.6,6.93333333333333,7.92941176470588,13,7,3,3,17,5259,2957,2302,1010,826,4433,7.23504088229701,7.66788637132229,6.67903562119896,6.85415841584158,7.26299031476998,7.22983307015565,126
"128",2020,3,6.5,13,6.35714285714286,6.66666666666667,5,NA,6.5,7,6,1,0,13,5272,2964,2308,1011,826,4446,7.23322837632777,7.66479082321188,6.67900346620451,6.85232443125618,7.26299031476998,7.22769905533063,127
"129",2020,4,7.34090909090909,22,8.29166666666667,6.2,6,9,7.07894736842105,12,10,4,3,19,5294,2976,2318,1015,829,4465,7.23367585946354,7.6673185483871,6.67693701466782,6.84896551724138,7.26927623642943,7.22706606942889,128
"130",2020,5,6.53727272727273,22,7,5.982,6.7,NA,6.53727272727273,12,10,5,0,22,5316,2988,2328,1020,829,4487,7.23079382994733,7.66463855421687,6.67395189003436,6.84823529411765,7.26927623642943,7.22368397593047,129
"131",2020,6,7.18695652173913,23,7.63529411764706,5.91666666666667,6.625,7.33333333333333,7.165,17,6,4,3,20,5339,3005,2334,1024,832,4507,7.23060498220641,7.66447254575707,6.67200514138817,6.84736328125,7.26950721153846,7.22342356334591,130
"132",2020,7,6.98461538461538,26,7.86923076923077,6.1,6.66,6.88333333333333,7.015,13,13,5,6,20,5365,3018,2347,1029,838,4527,7.229412861137,7.66535453943009,6.6688368129527,6.84645286686103,7.26674224343675,7.22250276121051,131
"133",2020,8,7.14,15,8.01428571428571,6.375,6.1,8,7.07857142857143,7,8,5,1,14,5380,3025,2355,1034,839,4541,7.22916356877323,7.66616198347107,6.66783864118896,6.84284332688588,7.26761620977354,7.22205901783748,132
"134",2020,9,7.03333333333333,15,7.6875,6.28571428571429,6,NA,7.03333333333333,8,7,1,0,15,5395,3033,2362,1035,839,4556,7.22861909175162,7.66621826574349,6.66670618120237,6.84202898550725,7.26761620977354,7.22143766461809,133
"135",2020,10,6.825,20,7,6.61111111111111,7.5,5,6.92105263157895,11,9,1,1,19,5415,3044,2371,1036,840,4575,7.22712834718375,7.66381077529566,6.66649514972585,6.84266409266409,7.26491666666667,7.22019016393443,134
"136",2020,11,7.29259259259259,27,7.99375,6.27272727272727,6,5.4,7.72272727272727,16,11,5,5,22,5442,3060,2382,1041,845,4597,7.22745314222712,7.66553594771242,6.66467674223342,6.83861671469741,7.25388165680473,7.22259517076354,135
"137",2020,12,7.33,20,7.47142857142857,7,6.5,8.33333333333333,7.15294117647059,14,6,4,3,17,5462,3074,2388,1045,848,4614,7.22782863419993,7.66465191932336,6.66551926298157,6.83732057416268,7.25770047169811,7.2223385348938,136
"138",2021,1,6.908,25,7.39411764705882,5.875,6.5,8,6.8625,17,8,2,1,24,5487,3091,2396,1047,849,4638,7.22637142336431,7.66316402458751,6.66287979966611,6.83667621776504,7.25857479387515,7.22047649849073,137
"139",2021,2,7.19411764705882,17,7.46153846153846,6.325,6,7.25,7.18666666666667,13,4,2,2,15,5504,3104,2400,1049,851,4653,7.22627180232558,7.66231958762886,6.66231666666667,6.83508102955195,7.25855464159812,7.22036750483559,138
"140",2021,3,7.22,25,7.2625,7.14444444444444,7.5,6.5,7.28260869565217,16,9,5,2,23,5529,3120,2409,1054,853,4676,7.2262434436607,7.66026923076923,6.66411789124118,6.83823529411765,7.25677608440797,7.22067365269461,139
"141",2021,4,7.18095238095238,21,8.13846153846154,5.625,6,8,7.14,13,8,3,1,20,5550,3133,2417,1057,854,4696,7.22607207207207,7.66225343121609,6.66067852709971,6.83585619678335,7.25764637002342,7.2203300681431,140
"142",2021,5,7.61764705882353,17,8.05,7,8,7.5,7.63333333333333,10,7,3,2,15,5567,3143,2424,1060,856,4711,7.22726782827376,7.66348711422208,6.66165841584158,6.83915094339623,7.25821261682243,7.22164508596901,141
"143",2021,6,7.08333333333333,12,7.66666666666667,6.5,6,6,7.44444444444444,6,6,1,3,9,5579,3149,2430,1061,859,4720,7.22695823624305,7.66349317243569,6.66125925925926,6.83836003770028,7.25381839348079,7.22206991525424,142
"144",2021,7,7.27272727272727,11,7,8,6,6.5,7.44444444444444,8,3,1,2,9,5590,3157,2433,1062,861,4729,7.22704830053667,7.66181184668989,6.66290998766954,6.83757062146893,7.25206736353078,7.2224931275111,143
"145",2021,8,7.27142857142857,14,7.61818181818182,6,6.5,10,7.06153846153846,11,3,2,1,13,5604,3168,2436,1064,862,4742,7.22715917201999,7.66166035353535,6.66209359605911,6.83693609022556,7.25525522041763,7.22205187684521,144
"146",2021,9,6.61538461538461,13,7.75,4.8,3,10,6.33333333333333,8,5,1,1,12,5617,3176,2441,1065,863,4754,7.2257432793306,7.66188287153652,6.65827939369111,6.83333333333333,7.25843568945539,7.21980858224653,145
"147",2021,10,7.73133333333333,15,8.71571428571429,6.87,7.33333333333333,10,7.56928571428571,7,8,3,1,14,5632,3183,2449,1068,864,4768,7.22708984375,7.66420043983663,6.65897100857493,6.83473782771536,7.2616087962963,7.22083473154363,146
"148",2021,11,7.60434782608696,23,7.87647058823529,6.83333333333333,6.5,8.3625,7.2,17,6,2,8,15,5655,3200,2455,1070,872,4783,7.22862422634836,7.665328125,6.65939714867617,6.83411214953271,7.27170871559633,7.22076939159524,147
"149",2021,12,7.34782608695652,23,7.52631578947368,6.5,6.5,7,7.4,19,4,2,3,20,5678,3219,2459,1072,875,4803,7.22910707995773,7.66450761105933,6.65913786091907,6.83348880597015,7.27077714285714,7.22151571934208,148
"150",2022,1,6.78333333333333,30,7.15,6.05,6.4,4.33333333333333,7.05555555555556,20,10,5,3,27,5708,3239,2469,1077,878,4830,7.22676419060967,7.66133065761037,6.65667071688943,6.83147632311978,7.26074031890661,7.22058799171843,149
"151",2022,2,7.43958333333333,24,7.565625,7.1875,6.125,7.75,7.3775,16,8,4,4,20,5732,3255,2477,1081,882,4850,7.22765526866713,7.66086021505376,6.65838514331853,6.82886216466235,7.26295918367347,7.22123505154639,150
"152",2022,3,7.66190476190476,21,7.99411764705882,6.25,7,8,7.60555555555556,17,4,1,3,18,5753,3272,2481,1082,885,4868,7.22924039631497,7.66259168704156,6.65772672309553,6.82902033271719,7.26545762711864,7.22265612161052,151
"153",2022,4,7.14090909090909,22,7.61111111111111,6.81538461538462,7.5,7.5,7.105,9,13,3,2,20,5775,3281,2494,1085,887,4888,7.2289038961039,7.66245047241695,6.65854851643945,6.83087557603687,7.26598647125141,7.22217471358429,152
"154",2022,5,7.3,22,8.00769230769231,6.27777777777778,5,9.3,7.2047619047619,13,9,3,1,21,5797,3294,2503,1088,888,4909,7.22917371053993,7.66381299332119,6.65717938473831,6.82582720588235,7.26827702702703,7.22210022407823,153
"155",2022,6,6.35384615384615,13,7.33333333333333,5.51428571428571,6,7.05,6.22727272727273,6,7,1,2,11,5810,3300,2510,1089,890,4920,7.22721514629948,7.66321212121212,6.65399203187251,6.82506887052342,7.26778651685393,7.21987601626017,154
"156",2022,7,7.90769230769231,13,7.975,7.8,8,9.33333333333333,7.48,8,5,2,3,10,5823,3308,2515,1091,893,4930,7.22873432938348,7.6639661426844,6.6562703777336,6.82722273143905,7.27472564389698,7.22040365111562,155
"157",2022,8,7.35714285714286,14,7.125,7.66666666666667,6,8,7.30769230769231,8,6,1,1,13,5837,3316,2521,1092,894,4943,7.22904231625835,7.66266586248492,6.6586751289171,6.8264652014652,7.27553691275168,7.2206332186931,156
"158",2022,9,7.15555555555556,18,7.31111111111111,7,6.5,6,7.22352941176471,9,9,4,1,17,5855,3325,2530,1096,895,4960,7.22881639624253,7.66171428571428,6.65988932806324,6.82527372262774,7.27411173184358,7.22064314516129,157
"159",2022,10,6.85714285714286,21,7.18181818181818,6.5,7,6.2,7.0625,11,10,3,5,16,5876,3336,2540,1099,900,4976,7.22748808713411,7.66013189448441,6.65925984251968,6.82575068243858,7.26814444444444,7.22013464630226,158
"160",2022,11,7.625,16,8,7,7.5,6,7.73333333333333,10,6,2,1,15,5892,3346,2546,1101,901,4991,7.22856754921928,7.6611476389719,6.66006284367635,6.82697547683924,7.26673695893452,7.22167701863355,159
"161",2022,12,7.15384615384615,13,7.625,6.4,6.66666666666667,7.5,7.09090909090909,8,5,3,2,11,5905,3354,2551,1104,903,5002,7.22840304826418,7.66106141920095,6.65955311642493,6.82653985507246,7.26725359911406,7.22138944422232,160
