"","year","month","avg_rating","no_ratings","avg_rating_owned","avg_rating_not_owned","avg_rating_prev_owned","avg_rating_comment","avg_rating_no_comment","no_ratings_owned","no_ratings_not_owned","no_ratings_prev_owned","no_ratings_comment","no_ratings_no_comment","cum_no_ratings","cum_no_ratings_owned","cum_no_ratings_not_owned","cum_no_ratings_prev_owned","cum_no_ratings_comment","cum_no_ratings_no_comment","cum_avg_rating","cum_avg_rating_owned","cum_avg_rating_not_owned","cum_avg_rating_prev_owned","cum_avg_rating_comment","cum_avg_rating_no_comment","month_after_release"
"1",2001,6,7.325,8,8.12,6,NA,NA,7.325,5,3,0,0,8,8,5,3,0,0,8,7.325,8.12,6,NA,NA,7.325,1
"2",2001,7,7,1,7,NA,NA,NA,7,1,0,0,0,1,9,6,3,0,0,9,7.28888888888889,7.93333333333333,6,NA,NA,7.28888888888889,2
"3",2001,8,7.8,5,7.66666666666667,8,NA,7.5,8,3,2,0,2,3,14,9,5,0,2,12,7.47142857142857,7.84444444444444,6.8,NA,7.5,7.46666666666667,3
"4",2001,9,8.66666666666667,3,8.66666666666667,NA,NA,NA,8.66666666666667,3,0,0,0,3,17,12,5,0,2,15,7.68235294117647,8.05,6.8,NA,7.5,7.70666666666667,4
"5",2001,10,8,3,8,8,NA,8,8,2,1,0,2,1,20,14,6,0,4,16,7.73,8.04285714285714,7,NA,7.75,7.725,5
"6",2001,11,8,3,8,8,NA,NA,8,2,1,0,0,3,23,16,7,0,4,19,7.76521739130435,8.0375,7.14285714285714,NA,7.75,7.76842105263158,6
"7",2001,12,8,1,NA,8,NA,NA,8,0,1,0,0,1,24,16,8,0,4,20,7.775,8.0375,7.25,NA,7.75,7.78,7
"8",2002,1,8.25,2,8.25,NA,NA,NA,8.25,2,0,0,0,2,26,18,8,0,4,22,7.81153846153846,8.06111111111111,7.25,NA,7.75,7.82272727272727,8
"9",2002,2,8,2,8,NA,NA,NA,8,2,0,0,0,2,28,20,8,0,4,24,7.825,8.055,7.25,NA,7.75,7.8375,9
"10",2002,3,8,2,8,8,NA,NA,8,1,1,0,0,2,30,21,9,0,4,26,7.83666666666667,8.05238095238095,7.33333333333333,NA,7.75,7.85,10
"11",2002,5,7.6,5,8,7,NA,8,7.5,3,2,0,1,4,35,24,11,0,5,30,7.80285714285714,8.04583333333333,7.27272727272727,NA,7.8,7.80333333333333,12
"12",2002,6,7.88888888888889,9,8.42857142857143,6,NA,8,7.875,7,2,0,1,8,44,31,13,0,6,38,7.82045454545455,8.13225806451613,7.07692307692308,NA,7.83333333333333,7.81842105263158,13
"13",2002,7,7.8,5,8,7.5,NA,8.5,7.33333333333333,3,2,0,2,3,49,34,15,0,8,41,7.81836734693878,8.12058823529412,7.13333333333333,NA,8,7.78292682926829,14
"14",2002,8,7.41666666666667,12,7.71428571428571,7,7,7.75,7.25,7,5,1,4,8,61,41,20,1,12,49,7.73934426229508,8.05121951219512,7.1,7,7.91666666666667,7.69591836734694,15
"15",2002,9,8.4,5,8.5,8,8,9,8.25,4,1,1,1,4,66,45,21,2,13,53,7.78939393939394,8.09111111111111,7.14285714285714,7.5,8,7.7377358490566,16
"16",2002,10,8.64285714285714,7,8.7,8.5,9,NA,8.64285714285714,5,2,1,0,7,73,50,23,3,13,60,7.87123287671233,8.152,7.26086956521739,8,8,7.84333333333333,17
"17",2002,11,8.5,6,8.33333333333333,8.66666666666667,NA,8,8.75,3,3,0,2,4,79,53,26,3,15,64,7.91898734177215,8.1622641509434,7.42307692307692,8,8,7.9,18
"18",2002,12,8.22222222222222,9,8.25,8,NA,8,8.28571428571429,8,1,0,2,7,88,61,27,3,17,71,7.95,8.17377049180328,7.44444444444444,8,8,7.93802816901408,19
"19",2003,1,7.83333333333333,6,8.2,6,6,7.5,8,5,1,1,2,4,94,66,28,4,19,75,7.94255319148936,8.17575757575757,7.39285714285714,7.5,7.94736842105263,7.94133333333333,20
"20",2003,2,7.8,10,8.14285714285714,7,NA,7.25,8.16666666666667,7,3,0,4,6,104,73,31,4,23,81,7.92884615384615,8.17260273972603,7.35483870967742,7.5,7.82608695652174,7.95802469135803,21
"21",2003,3,8.66666666666667,3,9,8,NA,10,8,2,1,0,1,2,107,75,32,4,24,83,7.94953271028037,8.19466666666666,7.375,7.5,7.91666666666667,7.95903614457831,22
"22",2003,4,7.72727272727273,11,7.66666666666667,8,NA,8,7.66666666666667,9,2,0,2,9,118,84,34,4,26,92,7.92881355932203,8.13809523809524,7.41176470588235,7.5,7.92307692307692,7.9304347826087,23
"23",2003,5,7.22222222222222,9,7.57142857142857,6,NA,7,7.33333333333333,7,2,0,3,6,127,91,36,4,29,98,7.87874015748032,8.09450549450549,7.33333333333333,7.5,7.82758620689655,7.89387755102041,24
"24",2003,6,7.75,10,7.94444444444444,6,NA,7.58333333333333,8,9,1,0,6,4,137,100,37,4,35,102,7.86934306569343,8.081,7.2972972972973,7.5,7.78571428571429,7.89803921568627,25
"25",2003,7,8.0725,40,8.41071428571429,7.28333333333333,8.5,9.25,7.86470588235294,28,12,2,6,34,177,128,49,6,41,136,7.91525423728814,8.153125,7.29387755102041,7.83333333333333,8,7.88970588235294,26
"26",2003,8,7.78571428571429,14,8.57142857142857,7,8,7.5,7.9,7,7,1,4,10,191,135,56,7,45,146,7.90575916230366,8.17481481481481,7.25714285714286,7.85714285714286,7.95555555555556,7.89041095890411,27
"27",2003,9,7.56470588235294,17,7.96363636363636,6.83333333333333,8,7.375,7.62307692307692,11,6,1,4,13,208,146,62,8,49,159,7.87788461538462,8.15890410958904,7.21612903225806,7.875,7.90816326530612,7.8685534591195,28
"28",2003,10,7.16666666666667,6,7.5,6.5,NA,8,6.75,4,2,0,2,4,214,150,64,8,51,163,7.85794392523364,8.14133333333333,7.19375,7.875,7.91176470588235,7.84110429447853,29
"29",2003,11,7.925,8,8.2,6,NA,7.625,8.225,7,1,0,4,4,222,157,65,8,55,167,7.86036036036036,8.14394904458599,7.17538461538462,7.875,7.89090909090909,7.8502994011976,30
"30",2003,12,7.28571428571429,14,7.22222222222222,7.4,NA,7.5,7.125,9,5,0,6,8,236,166,70,8,61,175,7.82627118644068,8.09397590361446,7.19142857142857,7.875,7.85245901639344,7.81714285714286,31
"31",2004,1,7.25,10,8,6.125,NA,7.3,7.2,6,4,0,5,5,246,172,74,8,66,180,7.80284552845528,8.0906976744186,7.13378378378378,7.875,7.81060606060606,7.8,32
"32",2004,2,7.90909090909091,11,8,7.5,NA,7.6,8.16666666666667,9,2,0,5,6,257,181,76,8,71,186,7.80739299610895,8.08618784530387,7.14342105263158,7.875,7.79577464788732,7.81182795698925,33
"33",2004,3,7.70588235294118,17,7.64285714285714,8,9,8,7.64285714285714,14,3,1,3,14,274,195,79,9,74,200,7.80109489051095,8.05435897435897,7.17594936708861,8,7.80405405405405,7.8,34
"34",2004,4,7.68181818181818,11,8.16666666666667,5.5,NA,8.16666666666667,7.5,9,2,0,3,8,285,204,81,9,77,208,7.79649122807018,8.0593137254902,7.13456790123457,8,7.81818181818182,7.78846153846154,35
"35",2004,5,7.781,20,8.07692307692308,7.23142857142857,7,8.23142857142857,7.53846153846154,13,7,1,7,13,305,217,88,10,84,221,7.79547540983607,8.06036866359447,7.14227272727273,7.9,7.85261904761905,7.7737556561086,36
"36",2004,6,6.80769230769231,13,7.72222222222222,4.75,NA,6.42857142857143,7.25,9,4,0,7,6,318,226,92,10,91,227,7.75509433962264,8.04690265486726,7.03826086956522,7.9,7.74307692307692,7.75991189427313,37
"37",2004,7,7.703125,16,8.05769230769231,6.16666666666667,7.5,8.35714285714286,7.19444444444444,13,3,1,7,9,334,239,95,11,98,236,7.75260479041916,8.04748953974895,7.01073684210526,7.86363636363636,7.7869387755102,7.73834745762712,38
"38",2004,8,7.60714285714286,14,7.95,6.75,7,7.3,7.77777777777778,10,4,1,5,9,348,249,99,12,103,245,7.74675287356322,8.04357429718875,7.00020202020202,7.79166666666667,7.76330097087379,7.73979591836735,39
"39",2004,9,7.07142857142857,14,8.5,5.16666666666667,6.5,6.5,7.83333333333333,8,6,2,8,6,362,257,105,14,111,251,7.72063535911602,8.05778210116731,6.89542857142857,7.60714285714286,7.67225225225225,7.74203187250996,40
"40",2004,10,7.53333333333333,15,7.72727272727273,7,8,7,7.66666666666667,11,4,1,3,12,377,268,109,15,114,263,7.71318302387268,8.04421641791045,6.89926605504587,7.63333333333333,7.65456140350877,7.73859315589354,41
"41",2004,11,7.79545454545455,22,8.15625,6.83333333333333,5,7.85714285714286,7.76666666666667,16,6,1,7,15,399,284,115,16,121,278,7.71771929824561,8.05052816901408,6.89582608695652,7.46875,7.66628099173554,7.74010791366906,42
"42",2004,12,7.76304347826087,23,8.09375,7.00714285714286,NA,7.72727272727273,7.79583333333333,16,7,0,11,12,422,300,122,16,132,290,7.72018957345972,8.05283333333333,6.9022131147541,7.46875,7.67136363636364,7.74241379310345,43
"43",2005,1,7.57272727272727,33,7.55,7.60769230769231,9,7.81818181818182,7.45,20,13,1,11,22,455,320,135,17,143,312,7.70949450549451,8.02140625,6.97014814814815,7.55882352941176,7.68265734265734,7.72179487179487,44
"44",2005,2,8.03846153846154,13,7.95833333333333,9,NA,8.125,8,12,1,0,4,9,468,332,136,17,147,321,7.71863247863248,8.0191265060241,6.98507352941176,7.55882352941176,7.69469387755102,7.72959501557632,45
"45",2005,3,7.97058823529412,17,8.17857142857143,7,7,8.2,7.875,14,3,1,5,12,485,346,139,18,152,333,7.72746391752577,8.02557803468208,6.98539568345324,7.52777777777778,7.71131578947368,7.73483483483484,46
"46",2005,4,7.77777777777778,27,7.76315789473684,7.8125,9,7.5,7.94117647058824,19,8,2,10,17,512,365,147,20,162,350,7.7301171875,8.01191780821918,7.0304081632653,7.675,7.69827160493827,7.74485714285714,47
"47",2005,5,7.71333333333333,30,8.15263157894737,6.95454545454545,9,7.8625,7.65909090909091,19,11,1,8,22,542,384,158,21,170,372,7.72918819188192,8.01888020833333,7.02512658227848,7.73809523809524,7.706,7.73978494623656,48
"48",2005,6,7.59375,16,8.04545454545454,6.6,8,6.5,7.75,11,5,1,2,14,558,395,163,22,172,386,7.72530465949821,8.01962025316456,7.01208588957055,7.75,7.69197674418605,7.74015544041451,49
"49",2005,7,7.88095238095238,21,8.38235294117647,5.75,5.5,7.66666666666667,8.04166666666667,17,4,2,9,12,579,412,167,24,181,398,7.73094991364421,8.03458737864078,6.98185628742515,7.5625,7.6907182320442,7.74924623115578,50
"50",2005,8,7.73913043478261,23,8.30769230769231,7,NA,8.3,7.30769230769231,13,10,0,10,13,602,425,177,24,191,411,7.73126245847176,8.04294117647059,6.9828813559322,7.5625,7.72261780104712,7.7352798053528,51
"51",2005,9,7.79347826086957,23,7.95588235294118,7.33333333333333,7,8.25,7.5,17,6,2,9,14,625,442,183,26,200,425,7.733552,8.039592760181,6.99437158469945,7.51923076923077,7.74635,7.72752941176471,52
"52",2005,10,7.91935483870968,31,8.26086956521739,6.9375,8,8.15625,7.66666666666667,23,8,2,16,15,656,465,191,28,216,440,7.74233231707317,8.0505376344086,6.99198952879581,7.55357142857143,7.77671296296296,7.72545454545455,53
"53",2005,11,8.13225806451613,31,8.2125,7.85714285714286,8,8.25833333333333,8.05263157894737,24,7,2,12,19,687,489,198,30,228,459,7.75992721979622,8.05848670756646,7.02257575757576,7.58333333333333,7.80206140350877,7.73899782135076,54
"54",2005,12,7.84,25,8.03125,7.5,8,8.25,7.56666666666667,16,9,1,10,15,712,505,207,31,238,474,7.76273876404494,8.05762376237624,7.04333333333333,7.59677419354839,7.82088235294118,7.73354430379747,55
"55",2006,1,7.43928571428571,28,8.08333333333333,6.28,6.4,7.65,7.32222222222222,18,10,2,10,18,740,523,217,33,248,492,7.7505,8.0585086042065,7.00815668202765,7.52424242424242,7.81399193548387,7.71849593495935,56
"56",2006,2,8.07608695652174,23,8.35294117647059,7.29166666666667,8,8.05769230769231,8.1,17,6,1,13,10,763,540,223,34,261,502,7.76031454783748,8.06777777777778,7.01578475336323,7.53823529411765,7.82613026819923,7.72609561752988,57
"57",2006,3,7.70454545454545,22,8.06666666666667,6.92857142857143,NA,7.1,7.88235294117647,15,7,0,5,17,785,555,230,34,266,519,7.75875159235669,8.06774774774775,7.01313043478261,7.53823529411765,7.81248120300752,7.73121387283237,58
"58",2006,4,7.77631578947368,19,7.97727272727273,7.5,7,7.65,7.82142857142857,11,8,1,5,14,804,566,238,35,271,533,7.75916666666667,8.06598939929329,7.02949579831933,7.52285714285714,7.80948339483395,7.73358348968105,59
"59",2006,5,7.86363636363636,11,8.0625,7.33333333333333,NA,7.5,8.07142857142857,8,3,0,4,7,815,574,241,35,275,540,7.76057668711657,8.06594076655053,7.03327800829875,7.52285714285714,7.80498181818182,7.73796296296296,60
"60",2006,6,8,18,7.9375,8.5,NA,7.5,8.14285714285714,16,2,0,4,14,833,590,243,35,279,554,7.76575030012005,8.06245762711865,7.04534979423868,7.52285714285714,7.80060931899642,7.74819494584838,61
"61",2006,7,7.56666666666667,39,8.04545454545454,6.94705882352941,6,7.9,7.45172413793103,22,17,2,10,29,872,612,260,37,289,583,7.75684633027523,8.06184640522876,7.03892307692308,7.44054054054054,7.80404844290657,7.73344768439108,62
"62",2006,8,7.71,20,8.24615384615385,6.71428571428571,5,7.6875,7.725,13,7,1,8,12,892,625,267,38,297,595,7.75579596412556,8.06568,7.03041198501873,7.37631578947368,7.80090909090909,7.73327731092437,63
"63",2006,9,7.24166666666667,24,7.5,6.81111111111111,NA,7.25384615384615,7.22727272727273,15,9,0,13,11,916,640,276,38,310,606,7.74232532751092,8.052421875,7.02326086956522,7.37631578947368,7.77796774193548,7.72409240924092,64
"64",2006,10,7.96551724137931,29,8.33333333333333,7.36363636363636,8,8.5,7.68421052631579,18,11,1,10,19,945,658,287,39,320,625,7.7491746031746,8.06010638297873,7.03630662020906,7.39230769230769,7.80053125,7.72288,65
"65",2006,11,7.89667647058824,34,8.35948,6.61111111111111,8,7.7804375,8,25,9,1,16,18,979,683,296,40,336,643,7.75429724208376,8.07106442166911,7.02337837837838,7.4075,7.79957440476191,7.73063763608087,66
"66",2006,12,7.7344262295082,61,8.11315789473684,7.10869565217391,7.66666666666667,7.88421052631579,7.66666666666667,38,23,3,19,42,1040,721,319,43,355,685,7.75313173076923,8.07328294036062,7.02952978056426,7.42558139534884,7.80410422535211,7.72671532846715,67
"67",2007,1,7.75774647887324,71,8.05714285714286,7.09090909090909,8,7.65714285714286,7.8,49,22,2,21,50,1111,770,341,45,376,735,7.75342664266427,8.07225584415585,7.03348973607038,7.45111111111111,7.79589627659575,7.73170068027211,68
"68",2007,2,7.59122911111111,45,7.96363636363636,6.56710916666667,6.25,8.22631578947368,7.12712730769231,33,12,2,19,26,1156,803,353,47,395,761,7.7471127249135,8.06779202988792,7.01763543909348,7.4,7.8166,7.71104508541393,69
"69",2007,3,7.525,44,8.225,6.94166666666667,7.25,7.83333333333333,7.31153846153846,20,24,6,18,26,1200,823,377,53,413,787,7.73896859166667,8.07161239368166,7.01279923076923,7.38301886792453,7.81732929782082,7.6978466454892,70
"70",2007,4,7.56808510638298,47,7.81851851851852,7.23,7.8,7.74117647058824,7.47,27,20,2,17,30,1247,850,397,55,430,817,7.73252791499599,8.06357294117647,7.02374133501259,7.39818181818182,7.81431860465116,7.68948018359853,71
"71",2007,5,7.20714285714286,28,7.66666666666667,6.38,7.76666666666667,7,7.38666666666667,18,10,3,13,15,1275,868,407,58,443,832,7.72099004705882,8.05534216589862,7.00792459459459,7.41724137931035,7.79042212189616,7.68402080528846,72
"72",2007,6,7.65365853658537,41,7.84642857142857,7.23846153846154,8.5,7.66666666666667,7.64827586206897,28,13,2,12,29,1316,896,420,60,455,861,7.71889233282675,8.04881361607143,7.01506026190476,7.45333333333333,7.78715824175824,7.6828168524971,73
"73",2007,7,7.5125,36,7.82727272727273,7.01785714285714,7.33333333333333,7.57894736842105,7.43823529411765,22,14,3,19,17,1352,918,434,63,474,878,7.71339667899408,8.04350435729848,7.01515048387097,7.44761904761905,7.77881223628692,7.67808121867882,74
"74",2007,8,7.87567567567568,37,8.05,7.55384615384615,NA,8.23076923076923,7.68333333333333,24,13,0,13,24,1389,942,447,63,487,902,7.71771944564435,8.04366985138005,7.03081724832215,7.44761904761905,7.79087679671458,7.67822096452328,75
"75",2007,9,7.14864864864865,37,7.5875,6.81428571428571,4.66666666666667,7.08888888888889,7.16785714285714,16,21,3,9,28,1426,958,468,66,496,930,7.70295393408135,8.03605114822547,7.02110108974359,7.32121212121212,7.77813911290323,7.66285517204301,76
"76",2007,10,7.53529411764706,51,7.825,7.27777777777778,7.5,7.78947368421053,7.384375,24,27,3,19,32,1477,982,495,69,515,962,7.69716473256601,8.03089307535642,7.03510163636364,7.32898550724638,7.7785572815534,7.6535917983368,77
"77",2007,11,7.4609375,64,7.76923076923077,6.98,6.16666666666667,7.97826086956522,7.17073170731707,39,25,3,23,41,1541,1021,520,72,538,1003,7.68735386761843,8.02089813907934,7.03245251923077,7.28055555555556,7.78709479553903,7.63385374875374,78
"78",2007,12,7.19910714285714,56,7.90172413793103,6.44444444444444,7.33333333333333,7.22,7.1875,29,27,3,20,36,1597,1050,547,75,558,1039,7.67023313087038,8.01760666666667,7.00342835466179,7.28266666666667,7.7667688172043,7.61838817131858,79
"79",2008,1,7.44642857142857,70,7.84756097560976,6.87931034482759,7.5,7.60344827586207,7.33536585365854,41,29,7,29,41,1667,1091,576,82,587,1080,7.66083521895621,8.01121631530706,6.99717935763889,7.30121951219512,7.75870017035775,7.60764380555556,80
"80",2008,2,7.50416666666667,48,7.81071428571429,7.075,7.8,7.66136363636364,7.37115384615385,28,20,5,22,26,1715,1119,596,87,609,1106,7.65645032653061,8.00619928507596,6.9997907885906,7.32988505747127,7.75518390804598,7.60208436708861,81
"81",2008,3,7.38181818181818,33,7.82352941176471,6.9125,7.26666666666667,7.43076923076923,7.35,17,16,3,13,20,1748,1136,612,90,622,1126,7.6512656235698,8.00346566901409,6.99750867647059,7.32777777777778,7.74840353697749,7.59760684724689,82
"82",2008,4,7.71041666666667,48,7.83870967741935,7.47647058823529,NA,7.5,7.79705882352941,31,17,0,14,34,1796,1167,629,90,636,1160,7.65284649777283,7.99908911739503,7.01045359300477,7.32777777777778,7.7429355345912,7.60345285344828,83
"83",2008,5,7.07073170731707,41,8.15238095238095,5.935,6.65,7.26666666666667,6.98965517241379,21,20,2,12,29,1837,1188,649,92,648,1189,7.6398542787153,8.00179882154882,6.9773117257319,7.31304347826087,7.73411574074074,7.58848217830109,84
"84",2008,6,7.6171875,32,7.73684210526316,7.44230769230769,8.5,7.45454545454545,7.70238095238095,19,13,2,11,21,1869,1207,662,94,659,1210,7.63946619047619,7.997628003314,6.98644306646526,7.33829787234042,7.72944916540212,7.5904589338843,85
"85",2008,7,7.3625,40,7.69,6.81666666666667,7.25,7.59615384615385,7.25,25,15,5,13,27,1909,1232,677,99,672,1237,7.6336628129911,7.99138555194806,6.98268140324963,7.33383838383838,7.72687053571429,7.58302773645918,86
"86",2008,8,7.47708333333333,48,8.14166666666667,6.8125,6.5,7.85789473684211,7.22758620689655,24,24,6,19,29,1957,1256,701,105,691,1266,7.62982233520695,7.9942571656051,6.97685493580599,7.28619047619048,7.73047322720695,7.57488571090048,87
"87",2008,9,7.09117647058823,34,7.53529411764706,6.64705882352941,6.16666666666667,7.2,7.04583333333333,17,17,6,10,24,1991,1273,718,111,701,1290,7.62062396283275,7.98812804399058,6.96904639275766,7.22567567567568,7.72290584878745,7.56504287596899,88
"88",2008,10,7.56944444444444,36,8.16875,7.09,6.7,7.38,7.7047619047619,16,20,5,15,21,2027,1289,738,116,716,1311,7.6197150024667,7.99037005430567,6.97232426829268,7.20301724137931,7.71572206703911,7.5672809382151,89
"89",2008,11,7.20648148148148,54,7.65,6.79464285714286,6.25,7.23157894736842,7.19285714285714,26,28,2,19,35,2081,1315,766,118,735,1346,7.6089919798174,7.98364030418251,6.96582938642298,7.18686440677966,7.70320680272109,7.55754480683507,90
"90",2008,12,7.29166666666667,48,7.61111111111111,6.88095238095238,7.16666666666667,7.04545454545455,7.36486486486486,27,21,6,11,37,2129,1342,787,124,746,1383,7.60183762799436,7.97614530551416,6.96356456162643,7.18588709677419,7.69350804289544,7.55238995661605,91
"91",2009,1,7.43039215686275,51,8.22291666666667,6.72592592592593,7.16666666666667,8.025,7.20540540540541,24,27,6,14,37,2180,1366,814,130,760,1420,7.59782674770642,7.98048096632504,6.9556821990172,7.185,7.69961447368421,7.54334880985916,92
"92",2009,2,7.09072164948454,97,7.54883720930233,6.72592592592593,7,7.13333333333333,7.08292682926829,43,54,4,15,82,2277,1409,868,134,775,1502,7.57622411506368,7.96730801987225,6.94138860599078,7.1794776119403,7.68865419354839,7.51821258988016,93
"93",2009,3,7.31738556962025,79,7.57741935483871,7.14944708333333,7.22222222222222,7.62667571428571,7.25076923076923,31,48,9,14,65,2356,1440,916,143,789,1567,7.56754489388795,7.95891458333334,6.95229123362445,7.18216783216783,7.6875544486692,7.50711889597958,94
"94",2009,4,7.55511363636364,88,7.84166666666667,7.35673076923077,6.61111111111111,7.75,7.50845070422535,36,52,9,17,71,2444,1476,968,152,806,1638,7.56709728723404,7.95605487804878,6.97401732438017,7.14835526315789,7.68887153846154,7.50717662393162,95
"95",2009,5,7.275,84,7.61081081081081,7.01063829787234,7,7.07894736842105,7.33230769230769,37,47,7,19,65,2528,1513,1015,159,825,1703,7.55739152294304,7.9476120290813,6.97571307389163,7.14182389937107,7.6748248,7.50050223722842,96
"96",2009,6,7.40909090909091,77,7.91071428571429,7.12244897959184,6.9,7.32777777777778,7.43389830508475,28,49,12,18,59,2605,1541,1064,171,843,1762,7.5530079731286,7.946941596366,6.98247064849624,7.12485380116959,7.66741454329775,7.4982720261067,97
"97",2009,7,7.59298245614035,57,7.88181818181818,7.41142857142857,7.6875,7.77272727272727,7.55,22,35,8,11,46,2662,1563,1099,179,854,1808,7.55386392561983,7.94602495201536,6.9961317288444,7.15,7.66877103044497,7.49958811393805,98
"98",2009,8,7.23214285714286,56,7.32692307692308,7.15,7.41666666666667,7.35,7.1890243902439,26,30,6,15,41,2718,1589,1129,185,869,1849,7.54723538263429,7.93589490245438,7.00022034543844,7.15864864864865,7.66326865362486,7.49270162790698,99
"99",2009,9,7.24912280701754,57,7.944,6.70625,6.2,7.26,7.2468085106383,25,32,5,10,47,2775,1614,1161,190,879,1896,7.54111198918919,7.93602044609666,6.99211780361757,7.13342105263158,7.65868084186576,7.48660617616034,100
"100",2009,10,7.13292682926829,82,7.42777777777778,6.90217391304348,5.88888888888889,7.21428571428571,7.11617647058824,36,46,9,14,68,2857,1650,1207,199,893,1964,7.52939648932447,7.92493151515152,6.98868995028998,7.07713567839196,7.65171384098544,7.47378070773931,101
"101",2009,11,7.51408450704225,71,7.71875,7.34615384615385,7.23076923076923,7.61842105263158,7.47596153846154,32,39,13,19,52,2928,1682,1246,212,912,2016,7.52902519467213,7.92100891795482,6.99987862760835,7.08655660377358,7.65102024122807,7.4738369593254,102
"102",2009,12,6.9984375,64,7.576,6.62820512820513,7.42857142857143,6.84375,7.05,25,39,7,16,48,2992,1707,1285,219,928,2064,7.51767572526738,7.9159560632689,6.98859826459144,7.09748858447489,7.6371017887931,7.46398028585271,103
"103",2010,1,7.35379746835443,79,7.67820512820513,7.0375,7.05,7.36818181818182,7.34824561403509,39,40,10,22,57,3071,1746,1325,229,950,2121,7.51346003581895,7.91064547537228,6.99007454339623,7.09541484716157,7.63087416842105,7.46087001885903,104
"104",2010,2,7.49358974358974,39,7.9375,7.02631578947368,8,8.21875,7.30645161290323,20,19,1,8,31,3110,1766,1344,230,958,2152,7.5132108585209,7.91094960362401,6.99058688244048,7.09934782608696,7.6357833611691,7.4586455901487,105
"105",2010,3,7.006,50,7.89736842105263,6.45967741935484,6.83333333333333,7.505,6.88125,19,31,9,10,40,3160,1785,1375,239,968,2192,7.50518537025317,7.91080504201681,6.97861728727273,7.08933054393305,7.63443229338843,7.44810917427007,106
"106",2010,4,7.12,40,7.75,6.49,6.66666666666667,8,6.96470588235294,20,20,3,6,34,3200,1805,1395,242,974,2226,7.500370553125,7.90902326869806,6.97161202150538,7.08409090909091,7.63668425051335,7.440725655885,107
"107",2010,5,7.05483870967742,31,7.53571428571429,6.65882352941177,7.2,6.88461538461539,7.17777777777778,14,17,5,13,18,3231,1819,1412,247,987,2244,7.49609587434231,7.90615008246289,6.96784615439094,7.08643724696356,7.62677858156029,7.4386164483066,108
"108",2010,6,7.25833333333333,24,7.72857142857143,6.6,6.25,7.7,7.14210526315789,14,10,2,5,19,3255,1833,1422,249,992,2263,7.49434278648234,7.9047937806874,6.96525933192686,7.07971887550201,7.62714764112903,7.43612695978789,109
"109",2010,7,7.1953125,32,7.66666666666667,6.77941176470588,6.5,7.75,7.06730769230769,15,17,2,6,26,3287,1848,1439,251,998,2289,7.49143163066626,7.90286093073593,6.96306377345379,7.07509960159363,7.62788623246493,7.43193766273482,110
"110",2010,8,6.84666666666667,45,7.74285714285714,6.0625,6.875,6.45,6.96,21,24,4,10,35,3332,1869,1463,255,1008,2324,7.48272382052821,7.90106313536651,6.9482903417635,7.07196078431372,7.6162008531746,7.42483016781411,111
"111",2010,9,7.32903225806452,31,8.02727272727273,6.945,7.66666666666667,7.625,7.28518518518518,11,20,3,4,27,3363,1880,1483,258,1012,2351,7.48130709782932,7.90180159574468,6.94824596763318,7.07887596899225,7.61623563241107,7.4232264185453,112
"112",2010,10,7.31111111111111,36,7.77777777777778,6.84444444444444,6,7.1,7.39230769230769,18,18,3,10,26,3399,1898,1501,261,1022,2377,7.47950449249779,7.90062539515279,6.94700117921386,7.06647509578544,7.61118440313112,7.42288822465292,113
"113",2010,11,7.50767857142857,56,7.78846153846154,7.26433333333333,7.35,7.573,7.49347826086957,26,30,8,10,46,3455,1924,1531,269,1032,2423,7.47996114905933,7.89910966735967,6.95321931417374,7.07490706319703,7.61081439922481,7.42422835740817,114
"114",2010,12,7.2452380952381,42,7.94117647058824,6.772,6.625,7.52307692307692,7.12068965517241,17,25,4,13,29,3497,1941,1556,273,1045,2452,7.47714205604804,7.89947810407007,6.95030769280206,7.06831501831502,7.60972292822967,7.42063838091354,115
"115",2011,1,7.10185185185185,54,7.98636363636364,6.49375,7.71666666666667,7.02631578947368,7.14285714285714,22,32,6,19,35,3551,1963,1588,279,1064,2487,7.47143502393692,7.90045185939888,6.94110753778337,7.08225806451613,7.59930494360902,7.41672911540008,116
"116",2011,2,7.457625,48,7.72026086956522,7.216,6.33333333333333,7.7555,7.35833333333333,23,25,3,12,36,3599,1986,1613,282,1076,2523,7.47125083912198,7.89836505538772,6.94536811531308,7.07429078014184,7.60104689591078,7.41589588188664,117
"117",2011,3,7.02439024390244,41,7.47058823529412,6.70833333333333,6.9,7.27272727272727,6.93333333333333,17,24,5,11,30,3640,2003,1637,287,1087,2553,7.46621751923077,7.8947343984024,6.94189295662798,7.0712543554007,7.59772443422263,7.410225346651,118
"118",2011,4,7.30483870967742,31,8.05384615384615,6.76388888888889,7.75,7.67777777777778,7.15227272727273,13,18,2,9,22,3671,2016,1655,289,1096,2575,7.46485474530101,7.89576041666667,6.93995696072508,7.07595155709342,7.59838180656935,7.40802147961165,119
"119",2011,5,7.06578947368421,38,7.46470588235294,6.74285714285714,6.5,7.08181818181818,7.05925925925926,17,21,2,11,27,3709,2033,1676,291,1107,2602,7.46076618225937,7.89215592720118,6.93748733293556,7.07199312714777,7.59324883468835,7.4044025019216,120
"120",2011,6,7.16129032258065,31,7.82142857142857,6.61764705882353,6.75,7.4375,7.06521739130435,14,17,2,8,23,3740,2047,1693,293,1115,2625,7.45828389572193,7.89167220322423,6.93427570584761,7.069795221843,7.59213135426009,7.40143059428571,121
"121",2011,7,6.91621621621622,37,7.4425,6.29705882352941,6.5,6.91666666666667,6.91607142857143,20,17,5,9,28,3777,2067,1710,298,1124,2653,7.45297372782632,7.88732607643929,6.92794080116959,7.06023489932886,7.5867228291815,7.39630807010931,122
"122",2011,8,7.03970588235294,34,7.87272727272727,6.64130434782609,7,7.37142857142857,6.9537037037037,11,23,5,7,27,3811,2078,1733,303,1131,2680,7.44928674101286,7.88724879692012,6.92413662435084,7.05924092409241,7.58539032714412,7.39184899626866,123
"123",2011,9,6.89583333333333,24,7.40909090909091,6.46153846153846,6,7,6.88636363636364,11,13,4,2,22,3835,2089,1746,307,1133,2702,7.44582314732725,7.88473097175682,6.92069230813287,7.04543973941368,7.58435698146514,7.38773327535159,124
"124",2011,10,6.81547619047619,42,7.3675,6.31363636363636,6.13333333333333,7.85,6.57205882352941,20,22,3,8,34,3877,2109,1768,310,1141,2736,7.43899452411659,7.87982598387862,6.91313844457014,7.03661290322581,7.58621950920246,7.37759697002924,125
"125",2011,11,7.37560975609756,41,7.40952380952381,7.34,6.66666666666667,6.97142857142857,7.45882352941176,21,20,6,7,34,3918,2130,1788,316,1148,2770,7.43833123277182,7.87518920187794,6.91791318232662,7.02958860759494,7.58247078397213,7.37859397472924,126
"126",2011,12,7.18720930232558,43,7.52291666666667,6.76315789473684,7.25,6.33333333333333,7.32567567567568,24,19,4,6,37,3961,2154,1807,320,1154,2807,7.43560509214845,7.87126415970288,6.91628598229109,7.03234375,7.57597613518198,7.37789644104026,127
"127",2012,1,7.17625,40,7.86,6.4925,6.625,7.81818181818182,6.93275862068965,20,20,4,11,29,4001,2174,1827,324,1165,2836,7.43301218945264,7.87116053357866,6.91164683634373,7.02731481481481,7.57826305579399,7.37334460860367,128
"128",2012,2,7.17045454545455,44,7.73636363636364,6.60454545454545,5.83333333333333,7.19285714285714,7.16,22,22,3,14,30,4045,2196,1849,327,1179,2866,7.43015618541409,7.86981010928962,6.90799284478096,7.01636085626911,7.5736865648855,7.37111141311933,129
"129",2012,3,7.38333333333333,30,7.94117647058824,6.65384615384615,8.25,7.9375,7.18181818181818,17,13,2,8,22,4075,2213,1862,329,1187,2888,7.42981147730061,7.87035833709896,6.90621845864661,7.02386018237082,7.57613855096883,7.36966942867036,130
"130",2012,4,7.50645161290323,31,7.55882352941176,7.44285714285714,7,8.5,7.31538461538462,17,14,3,5,26,4106,2230,1876,332,1192,2914,7.43039010472479,7.86798340807175,6.91022322494669,7.02364457831325,7.58001380872483,7.3691850754976,131
"131",2012,5,7.27941176470588,34,8.04166666666667,6.86363636363636,6.75,7.1,7.35416666666667,12,22,4,10,24,4140,2242,1898,336,1202,2938,7.42915018599034,7.86891302408564,6.90968322971549,7.0203869047619,7.57602034941764,7.36906239278421,132
"132",2012,6,7.35666666666667,30,7.96666666666667,6.74666666666667,7.11666666666667,7.33636363636364,7.36842105263158,15,15,6,11,19,4170,2257,1913,342,1213,2957,7.42862872182254,7.86956269384138,6.9084050026137,7.02207602339181,7.57384704039571,7.36905827189719,133
"133",2012,7,6.822,20,6.9375,6.745,6.5,7,6.7775,8,12,3,4,16,4190,2265,1925,345,1217,2973,7.42573311933174,7.8662706401766,6.90738637402597,7.01753623188406,7.57196093672967,7.36587464177598,134
"134",2012,8,7.145,20,7.35714285714286,7.03076923076923,7.5,7.08,7.16666666666667,7,13,3,5,15,4210,2272,1938,348,1222,2988,7.42439947030879,7.86470202464789,6.90821401960784,7.02169540229885,7.56994800327332,7.36487460174029,135
"135",2012,9,6.73939393939394,33,7.325,6.40476190476191,6.33333333333333,7,6.656,12,21,3,8,25,4243,2284,1959,351,1230,3013,7.41907182889465,7.86186646234676,6.90281713629403,7.01581196581196,7.56624102439025,7.35899280119482,136
"136",2012,10,6.88571428571429,28,8.03333333333333,6.025,6,7.2,6.81739130434783,12,16,1,5,23,4271,2296,1975,352,1235,3036,7.41557522125966,7.86276263066202,6.89570570632911,7.01292613636364,7.56475826720648,7.35488975955204,137
"137",2012,11,6.8537037037037,27,7.60454545454545,6.3375,6.46666666666667,5.73333333333333,7.17380952380952,11,16,3,6,21,4298,2307,1991,355,1241,3057,7.4120455490926,7.8615314260945,6.89121987443496,7.00830985915493,7.55590367445608,7.35364583251554,138
"138",2012,12,7.03714285714286,35,7.7,6.25,6.44,7.75,6.88965517241379,19,16,5,6,29,4333,2326,2007,360,1247,3086,7.40901725594277,7.86021195184867,6.88610800697558,7.00041666666667,7.55683757818765,7.34928558327933,139
"139",2013,1,7.16428571428571,35,7.46875,6.90789473684211,7.09375,6.95,7.25,16,19,8,10,25,4368,2342,2026,368,1257,3111,7.40705626602564,7.85753757472246,6.88631232477789,7.00244565217391,7.55200991249006,7.34848772420444,140
"140",2013,2,7.3469696969697,33,7.55588235294118,7.125,7.7,6.9625,7.47,17,16,5,8,25,4401,2359,2042,373,1265,3136,7.40660571915474,7.8553637134379,6.88818255142018,7.01179624664879,7.54828178656127,7.34945641262755,141
"141",2013,3,7.47916666666667,36,8.05,6.765625,7.5,7.45833333333333,7.48958333333333,20,16,2,12,24,4437,2379,2058,375,1277,3160,7.407194448952,7.857,6.88722972303207,7.0144,7.54743653876273,7.35052066772152,142
"142",2013,4,7.25,16,7.75,6.41666666666667,5,7.33333333333333,7.23076923076923,10,6,1,3,13,4453,2389,2064,376,1280,3173,7.40662963620032,7.85655211385517,6.88586180717054,7.00904255319149,7.546934734375,7.3500300378191,143
"143",2013,5,7.01290322580645,31,7.725,6.25333333333333,6.98,7.33333333333333,6.936,16,15,5,6,25,4484,2405,2079,381,1286,3198,7.40390762042819,7.85567692307693,6.88129810966811,7.00866141732283,7.54593814930016,7.34679340525328,144
"144",2013,6,7.365,20,7.71,7.02,7,8,7.25294117647059,10,10,1,3,17,4504,2415,2089,382,1289,3215,7.40373485124334,7.85507370600414,6.88196207276209,7.0086387434555,7.54699492629946,7.34629714152411,145
"145",2013,7,7.05652173913044,23,7.73076923076923,6.18,7,7.13333333333333,7.02941176470588,13,10,2,6,17,4527,2428,2099,384,1295,3232,7.40197079081069,7.85440815485997,6.87861780371605,7.00859375,7.54507834749035,7.34463035581683,146
"146",2013,8,6.91304347826087,23,7.6875,6.5,6.3,7.25,6.79411764705882,8,15,5,6,17,4550,2436,2114,389,1301,3249,7.39949929010989,7.85386001642036,6.87593130085147,6.99948586118252,7.5437174942352,7.34174986457371,147
"147",2013,9,7.56818181818182,22,7.88461538461539,7.11111111111111,8,7.5,7.60714285714286,13,9,3,8,14,4572,2449,2123,392,1309,3263,7.40031097331584,7.85402327480605,6.87692829486576,7.00714285714286,7.5434503132162,7.34288854121974,148
"148",2013,10,6.85625,32,7.53125,6.18125,6.05,6.78,6.87037037037037,16,16,5,5,27,4604,2465,2139,397,1314,3290,7.39652948957429,7.85192819472617,6.87172453015428,6.99508816120907,7.54054525114155,7.3390107325228,149
"149",2013,11,6.46969696969697,33,7.22727272727273,6.09090909090909,7.25,6.5,6.46296296296296,11,22,2,6,27,4637,2476,2161,399,1320,3317,7.3899335281432,7.84915306946688,6.86377546043498,6.99636591478697,7.5358155,7.3318798040398,150
"150",2013,12,6.79375,32,7.49230769230769,6.31578947368421,5.66666666666667,5.7,6.95,13,19,3,4,28,4669,2489,2180,402,1324,3345,7.38584745555794,7.84728927280032,6.85899943577982,6.98644278606965,7.53026922960725,7.32868320179372,151
"151",2014,1,7.41428571428571,28,7.45454545454545,7.38823529411765,7.58333333333333,7.75,7.22777777777778,11,17,6,10,18,4697,2500,2197,408,1334,3363,7.38601698318076,7.8455612,6.863094569868,6.99522058823529,7.5319163868066,7.32814311923877,152
"152",2014,2,7.325,32,7.69333333333333,7,7,7.25,7.35909090909091,15,17,7,10,22,4729,2515,2214,415,1344,3385,7.38560409600339,7.84465328031809,6.86414578590786,6.99530120481928,7.52981879464286,7.32834425701625,153
"153",2014,3,7.37368421052632,19,8.18181818181818,6.2625,5.66666666666667,7.75,7.27333333333333,11,8,3,4,15,4748,2526,2222,418,1348,3400,7.38555639637742,7.84612153602534,6.86197964446445,6.98576555023923,7.53047215133531,7.32810156176471,154
"154",2014,4,7.23333333333333,24,7.48333333333333,7.15,6.5,6.15,7.59444444444444,6,18,5,6,18,4772,2532,2240,423,1354,3418,7.38479081517184,7.84526184834124,6.86429409375,6.98002364066194,7.52435484490399,7.32950418665886,155
"155",2014,5,7.125,20,7.38888888888889,6.90909090909091,6.5,7.33333333333333,7.08823529411765,9,11,3,3,17,4792,2541,2251,426,1357,3435,7.38370654632721,7.84364541519087,6.86451300310973,6.97664319248826,7.52393254237288,7.32831013391557,156
"156",2014,6,6.97647058823529,17,7.44285714285714,6.65,6.7,7.5,6.61,7,10,5,7,10,4809,2548,2261,431,1364,3445,7.38226695154918,7.84254434850864,6.86356425033171,6.97343387470998,7.52380972140762,7.32622505370102,157
"157",2014,7,7.29166666666667,12,7.975,6.95,7.2,6,7.40909090909091,4,8,3,1,11,4821,2552,2269,434,1365,3456,7.38204143746111,7.84275195924765,6.86386900396651,6.975,7.52269337728938,7.32648880497685,158
"158",2014,8,6.875,24,7.65,6.32142857142857,7,7.66666666666667,6.61111111111111,10,14,7,6,18,4845,2562,2283,441,1371,3474,7.37952977708979,7.84199960967994,6.86054260621989,6.97539682539682,7.52332345733042,7.32278218480138,159
"159",2014,9,7.05870967741935,31,7.62285714285714,6.59411764705882,6,7.43375,6.92826086956522,14,17,4,8,23,4876,2576,2300,445,1379,3497,7.37749010869565,7.84080861801243,6.85857337826087,6.96662921348315,7.52280381435823,7.32018739205033,160
"160",2014,10,7.12128205128205,39,7.61176470588235,6.74227272727273,7.146,7.74777777777778,6.93333333333333,17,22,5,9,30,4915,2593,2322,450,1388,3527,7.37545712512716,7.83930698033167,6.85747147717485,6.96862222222222,7.52426257925072,7.31689688403742,161
"161",2014,11,6.6037037037037,27,7.26923076923077,5.98571428571429,7,7.66666666666667,6.3,13,14,4,6,21,4942,2606,2336,454,1394,3548,7.37124074666127,7.836463161934,6.85224690496575,6.9688986784141,7.52487550932568,7.31087804678692,162
"162",2014,12,7.1125,24,7.375,6.85,6.58333333333333,6.16666666666667,7.24761904761905,12,12,6,3,21,4966,2618,2348,460,1397,3569,7.36999028795812,7.83434797555386,6.85223542163544,6.96386956521739,7.52195881173944,7.31050583076492,163
"163",2015,1,6.93809523809524,21,7.05555555555556,6.85,6.86666666666667,6.8,6.98125,9,12,6,5,16,4987,2627,2360,466,1402,3585,7.36817160016042,7.83167986296156,6.85222405508475,6.96261802575107,7.51938406562054,7.30903634867503,164
"164",2015,2,7.16,20,7.3,6.95,6.8,7.5,7.12222222222222,12,8,2,2,18,5007,2639,2368,468,1404,3603,7.36734007789095,7.82926222053809,6.85255437922297,6.96192307692308,7.51935645299145,7.30810305578684,165
"165",2015,3,7.03947368421053,38,7.5625,6.65909090909091,6.5,7.9375,6.8,16,22,6,8,30,5045,2655,2390,474,1412,3633,7.36487051932607,7.82765461393597,6.85077354393305,6.95607594936709,7.52172553824362,7.30390732452519,166
"166",2015,4,6.83333333333333,18,7.55555555555556,6.11111111111111,6.6,6.71428571428571,6.90909090909091,9,9,5,7,11,5063,2664,2399,479,1419,3644,7.36298079597077,7.82673536036036,6.84799865360567,6.95235908141962,7.51774239605356,7.30271550768386,167
"167",2015,5,7.09741935483871,31,7.50714285714286,6.76,6.884,7.38888888888889,6.97818181818182,14,17,5,9,22,5094,2678,2416,484,1428,3666,7.36136469768355,7.8250646004481,6.84737945778146,6.95165289256198,7.51693029411765,7.30076795144572,168
"168",2015,6,7.24923076923077,26,8.015,6.59285714285714,7,7.2225,7.26111111111111,12,14,1,8,18,5120,2690,2430,485,1436,3684,7.36079526757813,7.82591189591078,6.84591307407407,6.95175257731959,7.51529001392758,7.30057418838219,169
"169",2015,7,7.40403411764706,17,7.71873111111111,7.05,NA,7.83333333333333,7.16987090909091,9,8,0,6,11,5137,2699,2438,485,1442,3695,7.36093835896438,7.82555449425714,6.84658276045939,6.95175257731959,7.51661335644938,7.30018508525034,170
"170",2015,8,7.33277777777778,36,7.724,6.84375,6.85714285714286,7.45,7.27416666666667,20,16,7,12,24,5173,2719,2454,492,1454,3719,7.36074238352987,7.82480749540272,6.84656429095354,6.95040650406504,7.51606359009629,7.30001717934929,171
"171",2015,9,6.75217391304348,23,7.65,6.06153846153846,5,7.6875,6.25333333333333,10,13,2,8,15,5196,2729,2467,494,1462,3734,7.35804856620478,7.82416694027116,6.8424275516822,6.94251012145749,7.51700168262654,7.29581250401714,172
"172",2015,10,6.79,25,7.22222222222222,6.546875,5.83333333333333,6.66666666666667,6.80681818181818,9,16,6,3,22,5221,2738,2483,500,1465,3756,7.35532854817085,7.82218830533236,6.84052306484092,6.9292,7.51526038225256,7.2929483200213,173
"173",2015,11,5.624,25,6.6,5.38,5.36666666666667,6,5.50526315789474,5,20,3,6,19,5246,2743,2503,503,1471,3775,7.34707784025925,7.81996047393365,6.82885288453855,6.91988071570576,7.50907985044188,7.28395069933775,174
"174",2015,12,7.25892857142857,28,7.765625,6.58333333333333,6.66666666666667,7.58333333333333,7.17045454545455,16,12,3,6,22,5274,2759,2515,506,1477,3797,7.34660985020857,7.81964537151142,6.8276814194831,6.91837944664031,7.50938148950575,7.28329309718198,175
"175",2016,1,7.31052631578947,38,7.32,7.3,7.375,7.98333333333333,7.184375,20,18,4,6,32,5312,2779,2533,510,1483,3829,7.34635172251506,7.81604950701692,6.83103780892223,6.92196078431372,7.51129902899528,7.28246641159572,176
"176",2016,2,7.28787878787879,33,8.1578947368421,6.10714285714286,6,7.75,7.18518518518519,19,14,1,6,27,5345,2798,2547,511,1489,3856,7.34599071094481,7.81837082916369,6.82705880251276,6.92015655577299,7.51226088650101,7.28178524118257,177
"177",2016,3,7.02741935483871,31,8.10555555555556,6.58636363636364,6.38888888888889,7.34375,6.91739130434783,9,22,9,8,23,5376,2807,2569,520,1497,3879,7.3441537109375,7.81929162094763,6.82499757493188,6.91096153846154,7.51136036072144,7.27962461716937,178
"178",2016,4,6.93884615384615,26,7.691,6.46875,5,5.5,7.20045454545455,10,16,2,4,22,5402,2817,2585,522,1501,3901,7.34220295261015,7.81883620163295,6.82279256092843,6.90363984674329,7.50600030646236,7.2791781312484,179
"179",2016,5,7.1953125,32,7.828125,6.5625,5.5,5.83333333333333,7.33620689655172,16,16,4,3,29,5434,2833,2601,526,1504,3930,7.34133793706294,7.81888866219556,6.82119137639369,6.89296577946768,7.50266386968085,7.27959895419847,180
"180",2016,6,7.0875,20,7.44230769230769,6.42857142857143,6,8.125,6.97222222222222,13,7,1,2,18,5454,2846,2608,527,1506,3948,7.34040710487716,7.81716851018974,6.82013756518405,6.89127134724858,7.50349034528552,7.27819754052685,181
"181",2016,7,7.18,25,7.72727272727273,6.75,NA,7.625,6.97058823529412,11,14,0,8,17,5479,2857,2622,527,1514,3965,7.33967518707794,7.81682239411971,6.81976307017544,6.89127134724858,7.50413240422721,7.27687866078184,182
"182",2016,8,7.08,20,7.59090909090909,6.45555555555556,6.025,7.5,6.975,11,9,4,4,16,5499,2868,2631,531,1518,3981,7.33873074195309,7.8159559205021,6.8185172063854,6.88474576271186,7.50412151515151,7.27566538306958,183
"183",2016,9,6.61428571428571,21,7.3125,6.18461538461538,6,6.16666666666667,6.68888888888889,8,13,4,3,18,5520,2876,2644,535,1521,3999,7.33597470108696,7.81455548678721,6.81540044251135,6.87813084112149,7.50148353714661,7.27302422855714,184
"184",2016,10,7.00214285714286,28,7.55,6.64764705882353,7.402,7,7.0025,11,17,5,4,24,5548,2887,2661,540,1525,4023,7.33428989726028,7.81354748181504,6.8143287373168,6.88298148148148,7.5001681704918,7.27141036291325,185
"185",2016,11,6.95652173913043,23,7.16666666666667,6.82142857142857,6.4,7.41666666666667,6.79411764705882,9,14,5,6,17,5571,2896,2675,545,1531,4040,7.3327302728415,7.81153714779006,6.8143658953271,6.8785504587156,7.49984092749837,7.2694019529703,186
"186",2016,12,7.0575,20,7.675,6.44,6.16666666666667,7.875,6.853125,10,10,3,4,16,5591,2906,2685,548,1535,4056,7.33174572527276,7.81106730213352,6.81297160893855,6.87465328467153,7.50081854071661,7.26775983481262,187
"187",2017,1,6.80265217391304,23,7.87011111111111,6.11642857142857,7.25,6.785125,6.812,9,14,2,8,15,5614,2915,2699,550,1543,4071,7.32957808158176,7.81124959862779,6.80935856613561,6.87601818181818,7.49710788075178,7.26608054286416,188
"188",2017,2,7.272,25,7.96666666666667,6.23,5.66666666666667,7.75,7.12105263157895,15,10,3,6,19,5639,2930,2709,553,1549,4090,7.32932281432879,7.81204524914676,6.80721992248062,6.86945750452079,7.49808744996772,7.2654068190709,189
"189",2017,3,6.918,25,7.54545454545455,6.425,5,6.275,7.22058823529412,11,14,1,8,17,5664,2941,2723,554,1557,4107,7.32750730049435,7.81104814008841,6.805254781491,6.86608303249097,7.49180312138728,7.26522130265401,190
"190",2017,4,6.73076923076923,26,7.5625,6.36111111111111,6.21428571428571,7.05555555555556,6.55882352941176,8,18,7,9,17,5690,2949,2741,561,1566,4124,7.32478055360282,7.81037388267209,6.80233811382707,6.85795008912656,7.48929595146871,7.26230938166828,191
"191",2017,5,6.76,25,7.20833333333333,6.34615384615385,6.5,7.3,6.625,12,13,3,5,20,5715,2961,2754,564,1571,4144,7.32230994750657,7.80793400202635,6.80018473856209,6.85604609929078,7.48869348185869,7.25923356418919,192
"192",2017,6,7.23333333333333,15,7.66666666666667,6.94444444444444,6.5,8.5,7.03846153846154,6,9,3,2,13,5730,2967,2763,567,1573,4157,7.32207702443281,7.80764832490732,6.80065463988418,6.85416225749559,7.48997931341386,7.25854315371662,193
"193",2017,7,6.84,25,7.45454545454545,6.35714285714286,7,6.9,6.825,11,14,4,5,20,5755,2978,2777,571,1578,4177,7.31998285838402,7.80634404969779,6.79841871444004,6.85518388791594,7.48810992395437,7.25646729470912,194
"194",2017,8,7.01739130434783,23,7.71111111111111,6.57142857142857,6.75,6.2,7.09523809523809,9,14,2,2,21,5778,2987,2791,573,1580,4198,7.31877835756317,7.80605710746569,6.79728010390541,6.8548167539267,7.48647940506329,7.25566076464983,195
"195",2017,9,7.16666666666667,27,7.88636363636364,6.671875,6.39285714285714,7.29166666666667,7.13095238095238,11,16,7,6,21,5805,2998,2807,580,1586,4219,7.31807086132645,7.80635176117412,6.79656529034556,6.84924137931035,7.48574240857503,7.25504003081299,196
"196",2017,10,6.79,20,7.47777777777778,6.22727272727273,7.5,6.78333333333333,6.79285714285714,9,11,2,6,14,5825,3007,2818,582,1592,4233,7.31625774248927,7.8053683338876,6.79434306955288,6.85147766323024,7.48309513819096,7.25351143160879,197
"197",2017,11,6.92222222222222,18,7.33333333333333,6.84,6.68571428571429,7.25,6.82857142857143,3,15,7,4,14,5843,3010,2833,589,1596,4247,7.31504387301044,7.80489786710964,6.79458481115425,6.84950764006791,7.48251093984962,7.25211064045208,198
"198",2017,12,6.97619047619048,21,7.07142857142857,6.92857142857143,6.45,7.175,6.92941176470588,7,14,6,4,17,5864,3017,2847,595,1600,4264,7.3138303802865,7.80319608220086,6.79524368458026,6.84547899159664,7.4817421625,7.25082408302064,199
"199",2018,1,6.83333333333333,33,7.86666666666667,5.97222222222222,6,6.2,6.94642857142857,15,18,9,5,28,5897,3032,2865,604,1605,4292,7.31114148719688,7.80351008575198,6.79007286910995,6.83288079470199,7.47774919626168,7.24883827819198,200
"200",2018,2,7.06,20,7.6,6.76923076923077,6.33333333333333,6.75,7.1375,7,13,3,4,16,5917,3039,2878,607,1609,4308,7.31029260605037,7.80304132280356,6.7899787248089,6.8304118616145,7.47594,7.24842476555246,201
"201",2018,3,7.38333333333333,15,8.07142857142857,6.78125,8.125,8.16666666666667,7.1875,7,8,2,3,12,5932,3046,2886,609,1612,4320,7.3104773010789,7.80365810242942,6.78995452875953,6.83466338259442,7.47722547146402,7.24825553009259,202
"202",2018,4,6.9551724137931,29,7.59166666666667,6.50588235294118,6.94444444444444,6.91666666666667,6.96521739130435,12,17,9,6,23,5961,3058,2903,618,1618,4343,7.30874875859755,7.80282621975147,6.78829099896659,6.83626213592233,7.47514676143387,7.24675659451992,203
"203",2018,5,7.08888888888889,27,7.95833333333333,6.39333333333333,6.33333333333333,7.9,6.90454545454545,12,15,3,5,22,5988,3070,2918,621,1623,4365,7.30775740647963,7.80343406514658,6.786260716244,6.83383252818035,7.47645561306223,7.24503181901489,204
"204",2018,6,7.06521739130435,23,7.75,6.31818181818182,6.375,7.5,6.94444444444444,12,11,4,5,18,6011,3082,2929,625,1628,4383,7.30682937115289,7.8032260155743,6.78450282348925,6.830896,7.47652792383292,7.24379737394479,205
"205",2018,7,7.13272727272727,22,7.72,6.54545454545455,6.5,7.625,7.02333333333333,11,11,1,4,18,6033,3093,2940,626,1632,4401,7.30619448864578,7.80293002909797,6.78360842517007,6.83036741214057,7.47689182598039,7.24289568052715,206
"206",2018,8,7.25909090909091,22,7.725,6.7,6.66666666666667,7.425,7.22222222222222,12,10,3,4,18,6055,3105,2950,629,1636,4419,7.30602334434352,7.80262885024155,6.78332500677966,6.829586645469,7.47676495110025,7.24281147092102,207
"207",2018,9,7.1609375,32,7.86176470588235,6.36666666666667,7.5,8.22142857142857,6.864,17,15,5,7,25,6087,3122,2965,634,1643,4444,7.30526061278134,7.80295085842409,6.78121712310287,6.8348738170347,7.4799375897748,7.24068044329433,208
"208",2018,10,7.02592592592593,27,7.43846153846154,6.64285714285714,7,6.84,7.06818181818182,13,14,1,5,22,6114,3135,2979,635,1648,4466,7.30402704448806,7.80143941945774,6.78056689157435,6.83513385826772,7.4779960315534,7.23983069637259,209
"209",2018,11,7.052,25,7.48181818181818,6.71428571428571,6.83333333333333,6.61428571428571,7.22222222222222,11,14,6,7,18,6139,3146,2993,641,1655,4484,7.30300070858446,7.80032186268277,6.78025685599733,6.83511700468019,7.47434287613293,7.23976001115076,210
"210",2018,12,6.54838709677419,31,7.4,6.14285714285714,6.5,6.5,6.55769230769231,10,21,7,5,26,6170,3156,3014,648,1660,4510,7.29920929497569,7.7990534157161,6.77581578301261,6.83149691358025,7.47140810843374,7.2358279135255,211
"211",2019,1,7.35172413793103,29,7.30625,7.40769230769231,7,7.825,7.17142857142857,16,13,2,8,21,6199,3172,3027,650,1668,4531,7.29945496854332,7.7965676481715,6.77852949124546,6.83201538461538,7.47310399280576,7.23552943941735,212
"212",2019,2,7.09782608695652,23,7.39583333333333,6.77272727272727,7,7,7.11842105263158,12,11,1,4,19,6222,3184,3038,651,1672,4550,7.29870963516554,7.79505734296483,6.77850848255431,6.83227342549923,7.47197216507177,7.23504041538461,213
"213",2019,3,7.17068965517241,29,7.59230769230769,6.828125,7.5,8.2,6.95625,13,16,3,5,24,6251,3197,3054,654,1677,4574,7.2981157174852,7.79423289959337,6.77876842501637,6.83533639143731,7.47414279069768,7.23357758854394,214
"214",2019,4,7.3625,20,8.20454545454546,6.33333333333333,6.75,6.9,7.51666666666667,11,9,2,5,15,6271,3208,3063,656,1682,4589,7.29832105724765,7.79563983167083,6.77745960496245,6.83507621951219,7.47243606420928,7.23450291784702,215
"215",2019,5,7.09655172413793,29,7.85333333333333,6.28571428571429,6.9,6.95,7.17368421052632,15,14,5,10,19,6300,3223,3077,661,1692,4608,7.29739227777778,7.79590834005585,6.77522221969451,6.83556732223903,7.46934838061466,7.23425214626736,216
"216",2019,6,7.37857142857143,21,8.00454545454545,6.69,6.16666666666667,7.05,7.48125,11,10,3,5,16,6321,3234,3087,664,1697,4624,7.29766197595317,7.79661799010514,6.7749461516035,6.83254518072289,7.46811282262817,7.23510681012111,217
"217",2019,7,7.40645161290323,31,8.12352941176471,6.53571428571429,5.9,8.25,7.34827586206897,17,14,5,2,29,6352,3251,3101,669,1699,4653,7.29819290774559,7.79832746231929,6.77386609803289,6.8255754857997,7.46903323131254,7.23581214055448,218
"218",2019,8,7.1671875,32,7.69736842105263,6.39230769230769,6.4,6.96363636363636,7.27380952380952,19,13,5,11,21,6384,3270,3114,674,1710,4674,7.29753623903509,7.79774085015291,6.77227320809248,6.82241839762611,7.46578214035088,7.23598286050492,219
"219",2019,9,7.122,35,7.44277777777778,6.78235294117647,7,8.01428571428571,6.89892857142857,18,17,3,7,28,6419,3288,3131,677,1717,4702,7.29657911668484,7.7957976216545,6.77232793676142,6.82320531757755,7.4680183226558,7.23397573160357,220
"220",2019,10,7.30208333333333,24,7.925,6.85714285714286,5.5,6.75,7.4125,10,14,2,4,20,6443,3298,3145,679,1721,4722,7.29659961974236,7.7961893814433,6.77270549125596,6.81930780559646,7.4663494828588,7.23473186997035,221
"221",2019,11,6.99736842105263,38,7.43809523809524,6.45294117647059,5.84,8.13333333333333,6.784375,21,17,5,6,32,6481,3319,3162,684,1727,4754,7.29484513963895,7.79392364567641,6.77098632827324,6.81214912280702,7.46866674001158,7.23170043962978,222
"222",2019,12,7.10185185185185,27,7.69666666666667,6.35833333333333,6.325,8,6.98958333333333,15,12,4,3,24,6508,3334,3174,688,1730,4778,7.2940444606638,7.79348607678465,6.76942620352867,6.80931686046512,7.46958812716763,7.23048428003348,223
"223",2020,1,7.31944444444444,36,7.56818181818182,6.92857142857143,5.33333333333333,6.66666666666667,7.37878787878788,22,14,3,3,33,6544,3356,3188,691,1733,4811,7.29418419162592,7.79200911203814,6.7701250846926,6.80290882778582,7.4681981881131,7.23150153606319,224
"224",2020,2,7.22153846153846,39,7.64761904761905,6.72444444444444,6.93,7.71,7.05310344827586,21,18,8,10,29,6583,3377,3206,699,1743,4840,7.29375381285128,7.79111121705656,6.76986861197754,6.80436337625179,7.46958546184739,7.23043262190082,225
"225",2020,3,7.0295652173913,23,7.18705882352941,6.58333333333333,7,6.94444444444444,7.08428571428571,17,6,3,9,14,6606,3394,3212,702,1752,4854,7.29283399182561,7.78808561579258,6.76952016500623,6.80519943019943,7.4668878196347,7.23001110218376,226
"226",2020,4,7.45789473684211,19,7.7875,6.89285714285714,5.75,8.16666666666667,7.325,12,7,2,3,16,6625,3406,3219,704,1755,4870,7.29330737358491,7.78808355255432,6.76978837216527,6.80220170454545,7.46808402279202,7.23032318069815,227
"227",2020,5,6.87142857142857,28,7.48,6.53333333333333,6.86666666666667,7.55,6.68636363636364,10,18,6,6,22,6653,3416,3237,710,1761,4892,7.29153184277769,7.78718166861827,6.76847351560086,6.80274647887324,7.46836312322544,7.22787691946034,228
"228",2020,6,7.375,20,8,5.91666666666667,5.625,7.5,7.34375,14,6,4,4,16,6673,3430,3243,714,1765,4908,7.29178200959089,7.78805031486881,6.76689755473327,6.79614845938375,7.46843482152975,7.22825466381418,229
"229",2020,7,7.1304347826087,23,7.02307692307692,7.27,6.4,6.76666666666667,7.185,13,10,3,3,20,6696,3443,3253,717,1768,4928,7.29122780017921,7.78516194597735,6.76844413464494,6.79449093444909,7.46724403846154,7.22807911728896,230
"230",2020,8,6.77058823529412,17,7.6,5.25,NA,4.75,7.04,11,6,0,2,15,6713,3454,3259,717,1770,4943,7.28990933263816,7.7845722582513,6.76564859466094,6.79449093444909,7.46417370621469,7.22750837345741,231
"231",2020,9,7.33939393939394,33,7.775,6.92941176470588,6,7.85714285714286,7.2,16,17,2,7,26,6746,3470,3276,719,1777,4969,7.29015140083012,7.78452812103747,6.7664984035409,6.792280945758,7.46572169949353,7.22736443751257,232
"232",2020,10,7.14464285714286,28,7.20333333333333,7.07692307692308,6.6,7.26,7.1195652173913,15,13,5,5,23,6774,3485,3289,724,1782,4992,7.28954994833186,7.78202656527977,6.76772537853451,6.79095303867403,7.46514447811448,7.22686776642628,233
"233",2020,11,6.86724137931034,29,7.421875,6.18461538461538,7,7,6.83958333333333,16,13,1,5,24,6803,3501,3302,725,1787,5016,7.28774972071145,7.78038062839189,6.76542966989703,6.79124137931034,7.46384301063234,7.22501473086124,234
"234",2020,12,6.43235294117647,34,7.14705882352941,5.71764705882353,5.4,6,6.50689655172414,17,17,5,5,29,6837,3518,3319,730,1792,5045,7.28349588269709,7.77732023308698,6.76006290147635,6.78171232876712,7.45975862723214,7.22088679682854,235
"235",2021,1,6.93846153846154,26,7.25,6.67142857142857,5.8,7.33333333333333,6.82,12,14,5,6,20,6863,3530,3333,735,1798,5065,7.28218874398951,7.77552764305949,6.75969060006001,6.77503401360544,7.45933674082314,7.21930382823297,236
"236",2021,2,6.80909090909091,22,7.98333333333333,5.4,6,7.13333333333333,6.6875,12,10,4,6,16,6885,3542,3343,739,1804,5081,7.28067702977487,7.77623167137211,6.75562332336225,6.77083897158322,7.45825247228381,7.21762918519976,237
"237",2021,3,7.24594736842105,19,7.65209090909091,6.6875,5,7.29325,7.23333333333333,11,8,1,4,15,6904,3553,3351,740,1808,5096,7.280581452781,7.77584733464678,6.75546068934646,6.76844594594594,7.45788742256637,7.21767541012558,238
"238",2021,4,7.19565217391304,23,7.96666666666667,5.75,5.5,7.8,7.02777777777778,15,8,2,5,18,6927,3568,3359,742,1813,5114,7.2802994586401,7.77664954596413,6.75306602262578,6.7650269541779,7.45883092112521,7.21700701798983,239
"239",2021,5,7.35714285714286,21,8.125,6.33333333333333,6.75,7.1,7.4375,12,9,4,5,16,6948,3580,3368,746,1818,5130,7.28053171416235,7.77781720111732,6.75194440914489,6.76494638069705,7.45784403740374,7.21769471539961,240
"240",2021,6,7.15666666666667,15,7.585,6.3,7,9.5,6.98928571428571,10,5,1,1,14,6963,3590,3373,747,1819,5144,7.28026487864426,7.77728010584958,6.75127446486807,6.7652610441767,7.45896671797691,7.21707307348367,241
"241",2021,7,6.42173913043478,23,7.22727272727273,5.68333333333333,6.17142857142857,7.16666666666667,6.15882352941177,11,12,7,6,17,6986,3601,3385,754,1825,5161,7.27743835528199,7.77559999444599,6.74748855834564,6.75974801061008,7.45800573150685,7.21358726797132,242
"242",2021,8,7.05137931034483,29,7.2075,6.94117647058824,7.4,6.418,7.18333333333333,12,17,5,5,24,7015,3613,3402,759,1830,5185,7.27650382751247,7.77371314143371,6.74845642857143,6.76396574440053,7.45516418579235,7.21344723047251,243
"243",2021,9,7.38095238095238,21,7.83333333333333,6.77777777777778,6,6.83333333333333,7.47222222222222,12,9,4,3,18,7036,3625,3411,763,1833,5203,7.27681556992609,7.77391050482759,6.74853379360891,6.75996068152031,7.45414645935625,7.21434247357293,244
"244",2021,10,7.37894736842105,19,7.39166666666667,7.35714285714286,NA,7,7.42352941176471,12,7,0,2,17,7055,3637,3418,763,1835,5220,7.27709062367116,7.77264932086885,6.74978021357519,6.75996068152031,7.45365147683924,7.21502373371647,245
"245",2021,11,7.071875,32,7.59285714285714,6.66666666666667,6.85714285714286,6.5,7.15357142857143,14,18,7,4,28,7087,3651,3436,770,1839,5248,7.27616401157048,7.77195989591893,6.74934481082654,6.76084415584415,7.45157719412724,7.21469586318597,246
"246",2021,12,6.69117647058824,34,6.85,6.46428571428571,6,6.66666666666667,6.69642857142857,20,14,4,6,28,7121,3671,3450,774,1845,5276,7.27337092402752,7.76693695995642,6.74818804927536,6.75691214470284,7.4490246395664,7.21194539234268,247
"247",2022,1,7.12222222222222,45,7.68,6.425,6.5,6.92857142857143,7.15789473684211,25,20,4,7,38,7166,3696,3470,778,1852,5314,7.27242176248953,7.76634891233766,6.74632529394813,6.7555912596401,7.4470574838013,7.21155888031614,248
"248",2022,2,7.38829787234043,47,7.75925925925926,6.8875,7.0625,7.68181818181818,7.29861111111111,27,20,4,11,36,7213,3723,3490,782,1863,5350,7.27317681269929,7.76629749664249,6.74713431805158,6.75716112531969,7.44844361782072,7.21214465233644,249
"249",2022,3,7.15451612903226,31,7.82111111111111,6.88181818181818,6.75,7.55714285714286,7.03708333333333,9,22,6,7,24,7244,3732,3512,788,1870,5374,7.27266901573716,7.76642968381565,6.74797800968109,6.75710659898477,7.44885051336898,7.21136283773725,250
"250",2022,4,7.41851851851852,27,8.01333333333333,6.675,6.625,7.25,7.46666666666667,15,12,4,6,21,7271,3747,3524,792,1876,5395,7.27321061064503,7.76741808913798,6.74772950340522,6.75643939393939,7.44821453091684,7.21235660611677,251
"251",2022,5,6.94646428571429,28,7.52941176470588,6.04554545454545,5.625,8,6.86542307692308,17,11,4,2,26,7299,3764,3535,796,1878,5421,7.27195716536512,7.7663431402763,6.7455444893918,6.75075376884422,7.44880216187433,7.21069265633646,252
"252",2022,6,6.95535714285714,28,7.328125,6.45833333333333,6.33333333333333,6.475,7.22222222222222,16,12,3,10,18,7327,3780,3547,799,1888,5439,7.27074728401802,7.76448824867725,6.74457281364533,6.74918648310388,7.44364431144068,7.21073081264938,253
"253",2022,7,7.007,30,7.46409090909091,5.75,NA,5.87333333333333,7.49285714285714,22,8,0,9,21,7357,3802,3555,799,1897,5460,7.2696717887726,7.76275002104156,6.74233467510549,6.74918648310388,7.43619423299947,7.21181591391941,254
"254",2022,8,7.13546875,32,7.755,6.43333333333333,6.5,7.16214285714286,7.128,17,15,1,7,25,7389,3819,3570,800,1904,5485,7.26909058735959,7.76271552238806,6.74103635014006,6.748875,7.43518669117647,7.21143389061075,255
"255",2022,9,6.82666666666667,30,7.58666666666667,6.06666666666667,5.5,6.47142857142857,6.93478260869565,15,15,4,7,23,7419,3834,3585,804,1911,5508,7.26730157029249,7.7620267553469,6.73821471966527,6.74266169154229,7.43165644165358,7.21027866557734,256
"256",2022,10,7.26666666666667,30,7.69444444444444,6.625,7,8.2,7.08,18,12,1,5,25,7449,3852,3597,805,1916,5533,7.26729901329037,7.76171095015576,6.73783702251877,6.74298136645963,7.43366151356994,7.20969002168805,257
"257",2022,11,6.9563,30,7.65817647058824,6.03846153846154,6.38333333333333,6.66666666666667,7.02870833333333,17,13,6,6,24,7479,3869,3610,811,1922,5557,7.26605152426795,7.76125602998191,6.73531849584488,6.7403205918619,7.43126714880333,7.20890838402015,258
"258",2022,12,7.32,35,7.91818181818182,6.30769230769231,6.75,7,7.37333333333333,22,13,4,5,30,7514,3891,3623,815,1927,5587,7.26630281474581,7.7621432999229,6.73378409329285,6.74036809815951,7.43014813700052,7.20979128154644,259
