"","year","month","avg_rating","no_ratings","avg_rating_owned","avg_rating_not_owned","avg_rating_prev_owned","avg_rating_comment","avg_rating_no_comment","no_ratings_owned","no_ratings_not_owned","no_ratings_prev_owned","no_ratings_comment","no_ratings_no_comment","cum_no_ratings","cum_no_ratings_owned","cum_no_ratings_not_owned","cum_no_ratings_prev_owned","cum_no_ratings_comment","cum_no_ratings_no_comment","cum_avg_rating","cum_avg_rating_owned","cum_avg_rating_not_owned","cum_avg_rating_prev_owned","cum_avg_rating_comment","cum_avg_rating_no_comment","month_after_release"
"1",2001,6,7.88,5,8.35,6,NA,10,7.35,4,1,0,1,4,5,4,1,0,1,4,7.88,8.35,6,NA,10,7.35,0
"2",2001,7,6,1,6,NA,NA,NA,6,1,0,0,0,1,6,5,1,0,1,5,7.56666666666667,7.88,6,NA,10,7.08,1
"3",2001,8,7.77777777777778,9,8,6,6,8,7.66666666666667,8,1,1,3,6,15,13,2,1,4,11,7.69333333333333,7.95384615384615,6,6,8.5,7.4,2
"4",2001,9,7.6,5,7.6,NA,NA,NA,7.6,5,0,0,0,5,20,18,2,1,4,16,7.67,7.85555555555556,6,6,8.5,7.4625,3
"5",2001,10,4,1,4,NA,NA,4,NA,1,0,0,1,0,21,19,2,1,5,16,7.4952380952381,7.65263157894737,6,6,7.6,7.4625,4
"6",2001,11,8,2,8,NA,NA,NA,8,2,0,0,0,2,23,21,2,1,5,18,7.53913043478261,7.68571428571429,6,6,7.6,7.52222222222222,5
"7",2001,12,8,2,8,NA,NA,8,8,2,0,0,1,1,25,23,2,1,6,19,7.576,7.71304347826087,6,6,7.66666666666667,7.54736842105263,6
"8",2002,1,9,2,9,NA,NA,9,9,2,0,0,1,1,27,25,2,1,7,20,7.68148148148148,7.816,6,6,7.85714285714286,7.62,7
"9",2002,2,8,1,8,NA,NA,NA,8,1,0,0,0,1,28,26,2,1,7,21,7.69285714285714,7.82307692307692,6,6,7.85714285714286,7.63809523809524,8
"10",2002,3,8,3,8,NA,NA,8.5,7,3,0,0,2,1,31,29,2,1,9,22,7.72258064516129,7.84137931034483,6,6,8,7.60909090909091,9
"11",2002,4,8,1,8,NA,NA,8,NA,1,0,0,1,0,32,30,2,1,10,22,7.73125,7.84666666666667,6,6,8,7.60909090909091,10
"12",2002,5,8,3,9,7.5,NA,9,7.5,1,2,0,1,2,35,31,4,1,11,24,7.75428571428571,7.88387096774194,6.75,6,8.09090909090909,7.6,11
"13",2002,6,7.77777777777778,9,7.71428571428571,8,NA,9,7.625,7,2,0,1,8,44,38,6,1,12,32,7.75909090909091,7.85263157894737,7.16666666666667,6,8.16666666666667,7.60625,12
"14",2002,7,8.25,4,8.25,NA,NA,10,7.66666666666667,4,0,0,1,3,48,42,6,1,13,35,7.8,7.89047619047619,7.16666666666667,6,8.30769230769231,7.61142857142857,13
"15",2002,8,7.5,10,7.55555555555556,7,NA,8,7.28571428571429,9,1,0,3,7,58,51,7,1,16,42,7.74827586206897,7.83137254901961,7.14285714285714,6,8.25,7.55714285714286,14
"16",2002,9,7.66666666666667,3,7.66666666666667,NA,NA,6,8.5,3,0,0,1,2,61,54,7,1,17,44,7.74426229508197,7.82222222222222,7.14285714285714,6,8.11764705882353,7.6,15
"17",2002,10,8.66666666666667,3,8.5,9,NA,NA,8.66666666666667,2,1,0,0,3,64,56,8,1,17,47,7.7875,7.84642857142857,7.375,6,8.11764705882353,7.66808510638298,16
"18",2002,11,7.61538461538461,13,7.18181818181818,10,NA,7.25,7.77777777777778,11,2,0,4,9,77,67,10,1,21,56,7.75844155844156,7.73731343283582,7.9,6,7.95238095238095,7.68571428571429,17
"19",2002,12,7.8,10,7.8,NA,NA,10,7.55555555555556,10,0,0,1,9,87,77,10,1,22,65,7.7632183908046,7.74545454545455,7.9,6,8.04545454545454,7.66769230769231,18
"20",2003,1,8.04545454545454,11,8.04545454545454,NA,NA,7.125,8.57142857142857,11,0,0,4,7,98,88,10,1,26,72,7.79489795918367,7.78295454545454,7.9,6,7.90384615384615,7.75555555555556,19
"21",2003,2,8.3,10,8.38888888888889,7.5,NA,8.25,8.375,9,1,0,6,4,108,97,11,1,32,76,7.84166666666667,7.83917525773196,7.86363636363636,6,7.96875,7.78815789473684,20
"22",2003,3,7.88461538461539,13,7.9,7.83333333333333,NA,8.58333333333333,7.28571428571429,10,3,0,6,7,121,107,14,1,38,83,7.84628099173554,7.84485981308411,7.85714285714286,6,8.06578947368421,7.74578313253012,21
"23",2003,4,7.4375,16,7.91666666666667,6,8,8.1,7.13636363636364,12,4,1,5,11,137,119,18,2,43,94,7.7985401459854,7.85210084033613,7.44444444444444,7,8.06976744186047,7.67446808510638,22
"24",2003,5,6.95652173913043,23,7.625,5.42857142857143,4.5,7,6.92307692307692,16,7,2,10,13,160,135,25,4,53,107,7.6775,7.82518518518519,6.88,5.75,7.86792452830189,7.58317757009346,23
"25",2003,6,7.54761904761905,21,8.15625,5.6,NA,7.95454545454545,7.1,16,5,0,11,10,181,151,30,4,64,117,7.66243093922652,7.86026490066225,6.66666666666667,5.75,7.8828125,7.54188034188034,24
"26",2003,7,7.46491228070175,57,7.74418604651163,6.60714285714286,NA,7.97058823529412,7.25,43,14,0,17,40,238,194,44,4,81,157,7.61512605042017,7.83453608247423,6.64772727272727,5.75,7.90123456790123,7.46751592356688,25
"27",2003,8,7.63793103448276,29,7.95238095238095,6.8125,NA,7.9,7.5,21,8,0,10,19,267,215,52,4,91,176,7.61760299625468,7.84604651162791,6.67307692307692,5.75,7.9010989010989,7.47102272727273,26
"28",2003,9,7.84615384615385,26,7.97826086956522,6.83333333333333,NA,8,7.78947368421053,23,3,0,7,19,293,238,55,4,98,195,7.63788395904437,7.85882352941177,6.68181818181818,5.75,7.90816326530612,7.50205128205128,27
"29",2003,10,7.15909090909091,22,7.28947368421053,6.33333333333333,NA,8,6.97222222222222,19,3,0,4,18,315,257,58,4,102,213,7.60444444444444,7.81673151750973,6.66379310344828,5.75,7.91176470588235,7.45727699530516,28
"30",2003,11,8.1,10,8.55555555555556,4,9,5.5,8.75,9,1,1,2,8,325,266,59,5,104,221,7.61969230769231,7.84172932330827,6.61864406779661,6.4,7.86538461538461,7.50407239819005,29
"31",2003,12,7.52586206896552,29,7.96428571428571,6.375,7,7.5,7.54411764705882,21,8,2,12,17,354,287,67,7,116,238,7.61200564971751,7.8506968641115,6.58955223880597,6.57142857142857,7.82758620689655,7.50693277310924,30
"32",2004,1,7.40243902439024,41,7.51666666666667,7.09090909090909,8,7.60714285714286,7.2962962962963,30,11,1,14,27,395,317,78,8,130,265,7.59025316455696,7.81908517350158,6.66025641025641,6.75,7.80384615384615,7.48547169811321,31
"33",2004,2,7.83333333333333,30,7.88461538461539,7.5,NA,7.875,7.81818181818182,26,4,0,8,22,425,343,82,8,138,287,7.60741176470588,7.82405247813411,6.70121951219512,6.75,7.80797101449275,7.5109756097561,32
"34",2004,3,7.57021276595745,47,7.85,6.38888888888889,6.83333333333333,7.46666666666667,7.61875,38,9,3,15,32,472,381,91,11,153,319,7.60370762711865,7.82664041994751,6.67032967032967,6.77272727272727,7.77450980392157,7.5217868338558,33
"35",2004,4,7.67647058823529,34,7.66666666666667,8,NA,7,7.82142857142857,33,1,0,6,28,506,414,92,11,159,347,7.60859683794466,7.81388888888889,6.68478260869565,6.77272727272727,7.74528301886792,7.54596541786744,34
"36",2004,5,7.7248,25,7.86363636363636,6.70666666666667,NA,7.635,7.80769230769231,22,3,0,12,13,531,436,95,11,171,360,7.61406779661017,7.81639908256881,6.68547368421053,6.77272727272727,7.73754385964912,7.55541666666667,35
"37",2004,6,7.51515151515152,33,7.5,7.6,8,7.66666666666667,7.45833333333333,28,5,1,9,24,564,464,100,12,180,384,7.60828014184397,7.79730603448276,6.7312,6.875,7.734,7.54934895833333,36
"38",2004,7,7.51470588235294,34,7.53448275862069,7.4,8,7.58333333333333,7.47727272727273,29,5,1,12,22,598,493,105,13,192,406,7.60295986622074,7.78184584178499,6.76304761904762,6.96153846153846,7.72458333333333,7.5454433497537,37
"39",2004,8,7.56818181818182,22,7.80555555555556,6.5,7,7.83333333333333,7.46875,18,4,1,6,16,620,511,109,14,198,422,7.60172580645161,7.78268101761252,6.75339449541284,6.96428571428571,7.72787878787879,7.5425355450237,38
"40",2004,9,7.46279069767442,43,7.51142857142857,7.25,8,7.76315789473684,7.225,35,8,1,19,24,663,546,117,15,217,446,7.5927149321267,7.76529304029304,6.78735042735043,7.03333333333333,7.73096774193548,7.52544843049327,39
"41",2004,10,7.55882352941176,51,7.68888888888889,6.58333333333333,9,7.42857142857143,7.65,45,6,1,21,30,714,591,123,16,238,476,7.59029411764706,7.75947546531303,6.77739837398374,7.15625,7.70428571428571,7.53329831932773,40
"42",2004,11,7.47777777777778,45,7.9375,6.34615384615385,5.66666666666667,7.09523809523809,7.8125,32,13,3,21,24,759,623,136,19,259,500,7.5836231884058,7.76861958266453,6.73617647058824,6.92105263157895,7.65490347490347,7.5467,41
"43",2004,12,7.16666666666667,36,7.72727272727273,6.28571428571429,5.75,7.25,7.1,22,14,4,16,20,795,645,150,23,275,520,7.56474213836478,7.76720930232558,6.69413333333333,6.71739130434783,7.63134545454545,7.52951923076923,42
"44",2005,1,7.45116279069767,86,7.66691176470588,6.63611111111111,7.25,7.25333333333333,7.55714285714286,68,18,1,30,56,881,713,168,24,305,576,7.55365493757094,7.75764375876578,6.68791666666667,6.73958333333333,7.59416393442623,7.53220486111111,43
"45",2005,2,7.27413793103448,58,7.7,6.32777777777778,5.5,7.4962962962963,7.08064516129032,40,18,4,27,31,939,753,186,28,332,607,7.53638977635783,7.75458167330677,6.65306451612903,6.5625,7.58620481927711,7.50914332784185,44
"46",2005,3,7.18926470588235,68,7.32803571428571,6.54166666666667,6.75,7.06032258064516,7.2972972972973,56,12,4,31,37,1007,809,198,32,363,644,7.51294935451837,7.72505562422744,6.64631313131313,6.5859375,7.54129476584022,7.49697204968944,45
"47",2005,4,7.36363636363636,55,7.61904761904762,6.53846153846154,7.4,7.47619047619048,7.29411764705882,42,13,5,21,34,1062,851,211,37,384,678,7.50521657250471,7.71982373678026,6.6396682464455,6.69594594594595,7.537734375,7.4867994100295,46
"48",2005,5,7.40957446808511,47,7.77857142857143,6.33333333333333,6.75,7.49,7.31818181818182,35,12,2,25,22,1109,886,223,39,409,700,7.50116321009919,7.72214446952596,6.62318385650224,6.69871794871795,7.53481662591687,7.4815,47
"49",2005,6,7.31481481481481,54,7.54054054054054,6.82352941176471,6.33333333333333,7.06,7.53448275862069,37,17,3,25,29,1163,923,240,42,434,729,7.49251074806535,7.71486457204767,6.637375,6.67261904761905,7.50746543778802,7.48360768175583,48
"50",2005,7,7.28888888888889,45,7.40540540540541,6.75,7.5,7.25,7.32608695652174,37,8,3,22,23,1208,960,248,45,456,752,7.48492549668874,7.7029375,6.64100806451613,6.72777777777778,7.49504385964912,7.47878989361702,49
"51",2005,8,7.35507246376812,69,7.49090909090909,6.82142857142857,8,7.54838709677419,7.19736842105263,55,14,1,31,38,1277,1015,262,46,487,790,7.47790916209867,7.69144827586207,6.65064885496183,6.7554347826087,7.49843942505133,7.46525316455696,50
"52",2005,9,7.08461538461538,65,7.17857142857143,6.796875,6.5,7.00925925925926,7.13815789473684,49,16,2,27,38,1342,1064,278,48,514,828,7.45885991058122,7.66782894736842,6.65906474820144,6.74479166666667,7.47274319066148,7.45024154589372,51
"53",2005,10,7.73373134328358,67,7.88037735849057,7.17857142857143,7,7.86730769230769,7.6490243902439,53,14,2,26,41,1409,1117,292,50,540,869,7.47193044712562,7.67791405550582,6.68397260273973,6.755,7.49174074074074,7.45962025316456,52
"54",2005,11,7.25588235294118,68,7.43148148148148,6.57857142857143,7.16666666666667,7.225,7.27272727272727,54,14,3,24,44,1477,1171,306,53,564,913,7.46198375084631,7.66654995730145,6.67915032679739,6.77830188679245,7.48039007092199,7.45061336254107,53
"55",2005,12,7.41881188118812,101,7.46582278481013,7.25,6.71428571428571,7.28571428571429,7.48939393939394,79,22,7,35,66,1578,1250,328,60,599,979,7.45922053231939,7.653864,6.71743902439024,6.77083333333333,7.46901502504174,7.4532277834525,54
"56",2006,1,7.40272727272727,110,7.68024691358025,6.62758620689655,7,7.35106382978723,7.44126984126984,81,29,4,47,63,1688,1331,357,64,646,1042,7.45553909952606,7.65546957175056,6.71014005602241,6.78515625,7.46043343653251,7.45250479846449,55
"57",2006,2,7.09661016949153,59,7.3675,6.52631578947368,7.25,6.95185185185185,7.21875,40,19,4,27,32,1747,1371,376,68,673,1074,7.44341728677733,7.64706783369803,6.70085106382979,6.8125,7.44002971768202,7.44554003724395,56
"58",2006,3,7.2632183908046,87,7.38533333333333,6.5,7.66666666666667,7.12857142857143,7.35384615384615,75,12,3,35,52,1834,1446,388,71,708,1126,7.43486913849509,7.63349239280775,6.69463917525773,6.84859154929577,7.42463276836158,7.4413055062167,57
"59",2006,4,7.27592592592593,54,7.5,6.69333333333333,6.8,7.59090909090909,7.059375,39,15,5,22,32,1888,1485,403,76,730,1158,7.43032309322034,7.62998653198653,6.6945905707196,6.84539473684211,7.42964383561644,7.43075129533679,58
"60",2006,5,7.32238805970149,67,7.39152542372881,6.8125,7,7.05652173913044,7.46136363636364,59,8,1,23,44,1955,1544,411,77,753,1202,7.42662404092072,7.62087435233161,6.69688564476886,6.8474025974026,7.41824701195219,7.43187188019967,59
"61",2006,6,7.16071428571429,56,7.27380952380952,6.82142857142857,7.1,7.22916666666667,7.109375,42,14,5,24,32,2011,1586,425,82,777,1234,7.41921929388364,7.61168348045397,6.70098823529412,6.86280487804878,7.41240669240669,7.42350891410049,60
"62",2006,7,7.23392857142857,84,7.33333333333333,6.77666666666667,7.66666666666667,7.35,7.1875,69,15,3,24,60,2095,1655,440,85,801,1294,7.41178997613365,7.60007854984894,6.70356818181818,6.89117647058824,7.41053682896379,7.4125656877898,61
"63",2006,8,7.09345238095238,84,7.51229508196721,5.98260869565217,6.6,6.97592592592593,7.14912280701754,61,23,1,27,57,2179,1716,463,86,828,1351,7.39951812758146,7.59695804195804,6.66775377969762,6.88779069767442,7.39636473429952,7.40145077720207,62
"64",2006,9,7.15145555555556,90,7.33180597014925,6.62608695652174,6.73333333333333,7.04530555555556,7.22222222222222,67,23,6,36,54,2269,1783,486,92,864,1405,7.38967871308947,7.58699439147504,6.66578189300412,6.87771739130435,7.38173726851852,7.39456227758007,63
"65",2006,10,7.32291666666667,96,7.56666666666667,6.45238095238095,6.66666666666667,7.32903225806452,7.32,75,21,3,31,65,2365,1858,507,95,895,1470,7.38696871035941,7.58617384284177,6.65694280078895,6.87105263157895,7.37991173184357,7.39126530612245,64
"66",2006,11,7.12530120481928,83,7.40588235294118,5.85333333333333,6.4,7.03846153846154,7.16491228070175,68,15,2,26,57,2448,1926,522,97,921,1527,7.37809681372549,7.57980841121495,6.63385057471264,6.86134020618557,7.37027252985885,7.38281597904388,65
"67",2006,12,7.38274647887324,142,7.43616071428571,7.18333333333333,7.875,7.5,7.33514851485149,112,30,4,41,101,2590,2038,552,101,962,1628,7.37835173745174,7.57191413150147,6.66371376811594,6.90148514851485,7.37580145530146,7.37985872235872,66
"68",2007,1,7.32033333333333,150,7.55091743119266,6.70731707317073,6.5,7.28916666666667,7.34111111111111,109,41,6,60,90,2740,2147,593,107,1022,1718,7.37517554744525,7.57084816022357,6.66672849915683,6.87897196261682,7.37071526418787,7.37782887077998,67
"69",2007,2,7.20619754545455,110,7.47066666666667,6.639478,7.07142857142857,7.09677419354839,7.24913582278481,75,35,7,31,79,2850,2222,628,114,1053,1797,7.36865358947368,7.56746669666967,6.6652097611465,6.89078947368421,7.36265052231719,7.37217124652198,68
"70",2007,3,7.27863247863248,117,7.40574712643678,6.91,7.16666666666667,7.18620689655172,7.30909090909091,87,30,9,29,88,2967,2309,658,123,1082,1885,7.36510371755982,7.56137332178432,6.67637041033435,6.9109756097561,7.35792144177449,7.36922638196286,69
"71",2007,4,7.3427868852459,122,7.62714285714286,6.50806451612903,7,7.08333333333333,7.479,91,31,9,42,80,3089,2400,689,132,1124,1965,7.36422231466494,7.56386708333333,6.66879786647315,6.91704545454545,7.34766103202847,7.37369553689567,70
"72",2007,5,7.20726495726496,117,7.46646341463415,6.6,6.77777777777778,7.28235294117647,7.17650602409639,82,35,9,34,83,3206,2482,724,141,1158,2048,7.35849430131004,7.56064907332796,6.66547200276243,6.90815602836879,7.34574352331606,7.36570396972656,71
"73",2007,6,7.32626262626263,99,7.62368421052632,6.34347826086957,6.7,7.26363636363636,7.35757575757576,76,23,7,33,66,3305,2558,747,148,1191,2114,7.3575288139183,7.56252189210321,6.65555787148594,6.89831081081081,7.34346851385391,7.36545020340587,72
"74",2007,7,7.46410256410256,117,7.6,7.05172413793103,7.27777777777778,7.165625,7.57647058823529,88,29,9,32,85,3422,2646,776,157,1223,2199,7.36117262711864,7.56376832955404,6.67036305412371,6.92006369426751,7.33881520850368,7.37360697135061,73
"75",2007,8,7.428125,128,7.58315789473684,6.98181818181818,7.07142857142857,7.09302325581395,7.59764705882353,95,33,7,43,85,3550,2741,809,164,1266,2284,7.36358668450704,7.56444035023714,6.68306765142151,6.9265243902439,7.33046682464455,7.38194471541156,74
"76",2007,9,7.44027777777778,108,7.60235294117647,6.84130434782609,6.48571428571429,7.43620689655172,7.44177215189873,85,23,7,29,79,3658,2826,832,171,1295,2363,7.36585093767086,7.56558067940552,6.68744198317308,6.90847953216374,7.33283474903475,7.38394487092679,75
"77",2007,10,7.51211267605634,142,7.67333333333333,7,6.85714285714286,7.2419512195122,7.62178217821782,108,34,7,41,101,3800,2934,866,178,1336,2464,7.37131650789474,7.56954703476483,6.69971331408776,6.9064606741573,7.33004565868264,7.39369388392857,76
"78",2007,11,7.29360248447205,161,7.40886363636364,6.76896551724138,7,7.0625,7.41685714285714,132,29,2,56,105,3961,3066,895,180,1392,2569,7.36815772027266,7.56262915851272,6.70195724022346,6.9075,7.31928232758621,7.39464061113274,77
"79",2007,12,7.35753012048193,166,7.57903225806452,6.70357142857143,6,7.10089285714286,7.48818181818182,124,42,8,56,110,4127,3190,937,188,1448,2679,7.36773024715289,7.56326677115988,6.70202959445037,6.8688829787234,7.31083632596685,7.39848142217245,78
"80",2008,1,7.33928571428571,203,7.47583333333333,6.95283018867925,7.14615384615385,7.1546875,7.42428057553957,150,53,13,64,139,4330,3340,990,201,1512,2818,7.36639670438799,7.55934011976048,6.71545629292929,6.88681592039801,7.30422685185185,7.39975398509581,79
"81",2008,2,7.54109589041096,146,7.65593220338983,7.05714285714286,7.15,7.49111111111111,7.56336633663366,118,28,10,45,101,4476,3458,1018,211,1557,2919,7.37209511394102,7.56263620589937,6.72485435166994,6.89928909952607,7.30962813102119,7.40541511819116,80
"82",2008,3,7.3123417721519,158,7.47418032786885,6.76388888888889,7.04545454545455,7.17678571428571,7.38676470588235,122,36,11,56,102,4634,3580,1054,222,1613,3021,7.37005777514026,7.5596217877095,6.72618759962049,6.90653153153153,7.30501611903286,7.40478541211519,81
"83",2008,4,7.33391812865497,171,7.63801652892562,6.598,6.86923076923077,7.33770491803279,7.33181818181818,121,50,13,61,110,4805,3701,1104,235,1674,3131,7.36877163995837,7.56218481491489,6.72038200181159,6.90446808510638,7.30620728793309,7.40222188757586,82
"84",2008,5,7.07303125,128,7.26534090909091,6.64995,6.75,7.13669387755102,7.03354430379747,88,40,10,49,79,4933,3789,1144,245,1723,3210,7.36109785728765,7.55529057798892,6.71791934440559,6.89816326530612,7.30138653511318,7.39314851401869,83
"85",2008,6,7.11130136986301,146,7.3625,6.56521739130435,7,7.2787037037037,7.01304347826087,100,46,14,54,92,5079,3889,1190,259,1777,3302,7.35391725339633,7.5503332476215,6.71201657983193,6.90366795366795,7.30069724254361,7.38255806480921,84
"86",2008,7,7.22691489361702,188,7.51941605839416,6.44117647058824,6.06,7.04865671641791,7.32561983471074,137,51,25,67,121,5267,4026,1241,284,1844,3423,7.349384038352,7.54928117237953,6.70088616438356,6.8294014084507,7.29153958785249,7.38054534910897,85
"87",2008,8,7.33005988023952,167,7.53541666666667,6.80574468085106,6.38888888888889,6.93611111111111,7.43832061068702,120,47,18,36,131,5434,4146,1288,302,1880,3554,7.34879016010305,7.54887988422576,6.70471252329193,6.80314569536424,7.2847335106383,7.38267493809792,86
"88",2008,9,7.27323232323232,99,7.53358208955224,6.728125,5.9,7.25483870967742,7.28161764705882,67,32,12,31,68,5533,4213,1320,314,1911,3622,7.3474382306163,7.54863660099691,6.70528009848485,6.76863057324841,7.28424856096285,7.3807776725566,87
"89",2008,10,7.43965517241379,145,7.59517543859649,6.86774193548387,6.69230769230769,7.2452380952381,7.51893203883495,114,31,13,42,103,5678,4327,1351,327,1953,3725,7.34979318950334,7.54986272244049,6.70900794226499,6.76559633027523,7.28340962621608,7.38459777986577,88
"90",2008,11,7.31115384615385,156,7.45312,6.73870967741935,7.03636363636364,7.09866666666667,7.3972972972973,125,31,11,45,111,5834,4452,1382,338,1998,3836,7.34875998114501,7.54714645103324,6.70967418958032,6.77440828402367,7.27924874874875,7.38496525808134,89
"91",2008,12,7.10736196319018,163,7.43025210084034,6.23409090909091,5.82666666666667,6.82959183673469,7.22675438596491,119,44,15,49,114,5997,4571,1426,353,2047,3950,7.34219872102718,7.54410325968059,6.69499981065918,6.73413597733711,7.26848510014656,7.3803991721519,90
"92",2009,1,7.04405286343612,227,7.31491228070175,6.21696428571429,6.20526315789474,7.08173076923077,7.03285714285714,171,56,19,52,175,6224,4742,1482,372,2099,4125,7.33132482808483,7.53583846478279,6.67693639001349,6.70712365591398,7.26385850404955,7.36565496484849,91
"93",2009,2,7.02786561264822,253,7.37962962962963,6.62542372881356,6.67741935483871,6.555,7.14433497536946,135,118,31,50,203,6477,4877,1600,403,2149,4328,7.31947131851166,7.53151445560795,6.67313733125,6.70483870967742,7.24736575151233,7.35527419824399,92
"94",2009,3,7.25965250965251,259,7.46041666666667,6.88901098901099,6.88333333333333,7.198,7.2744019138756,168,91,30,50,209,6736,5045,1691,433,2199,4537,7.31717127820665,7.52914687809712,6.68475442341809,6.71720554272517,7.24624329240564,7.35154876129601,93
"95",2009,4,7.15501858736059,269,7.39858156028369,6.88671875,6.11666666666667,6.78508771929825,7.25448113207547,141,128,24,57,212,7005,5186,1819,457,2256,4749,7.31094442969308,7.52559699190127,6.6989663166575,6.68566739606127,7.23459175531915,7.34721556748789,94
"96",2009,5,7.42893617021277,235,7.59568345323741,7.1875,6.86666666666667,7.26777777777778,7.46710526315789,139,96,15,45,190,7240,5325,1915,472,2301,4939,7.31477427209945,7.52742647887324,6.72345677806788,6.69141949152542,7.23524076488483,7.35182764324762,95
"97",2009,6,7.05691244239631,217,7.34303278688525,6.68947368421053,6.64423076923077,6.92843137254902,7.09638554216868,122,95,26,51,166,7457,5447,2010,498,2352,5105,7.3072704479013,7.52329649348265,6.7218506119403,6.68895582329317,7.22858801020408,7.34352139666993,96
"98",2009,7,7.20726495726496,234,7.63154362416107,6.46352941176471,6.20454545454545,7.24186046511628,7.19947643979058,149,85,22,43,191,7691,5596,2095,520,2395,5296,7.30422776361981,7.52617869907076,6.71136979952267,6.66846153846154,7.22882630480167,7.33832642182779,97
"99",2009,8,7.21866666666667,225,7.37071428571429,6.96823529411765,6.6195652173913,6.855,7.35090909090909,140,85,23,60,165,7916,5736,2180,543,2455,5461,7.30179582238504,7.52238423988842,6.7213851972477,6.66639042357274,7.2196900203666,7.33870659769273,98
"100",2009,9,7.295,234,7.5239375,6.8,7.03478260869565,7.40178571428571,7.26140449438202,160,74,23,56,178,8150,5896,2254,566,2511,5639,7.30160070306748,7.52242639077341,6.72396616237799,6.68136042402827,7.2237510951812,7.33626648873914,99
"101",2009,10,7.16918819188192,271,7.37335164835165,6.75168539325843,6.80434782608696,7.17166666666667,7.16848341232228,182,89,23,60,211,8421,6078,2343,589,2571,5850,7.29733947630923,7.51796248766041,6.72501909090909,6.68616298811545,7.22253558926488,7.33021482564103,100
"102",2009,11,7.20612244897959,294,7.49779005524862,6.73893805309735,6.38295454545455,6.99295774647887,7.27399103139013,181,113,44,71,223,8715,6259,2456,633,2642,6073,7.29426227538726,7.51737913404697,6.72565949918567,6.6650868878357,7.21636601059803,7.32815029310061,101
"103",2009,12,7.14254237288136,295,7.56329479768786,6.54590163934426,6.36904761904762,6.87846153846154,7.21717391304348,173,122,42,65,230,9010,6432,2578,675,2707,6303,7.2892947536071,7.51861411691542,6.71715272692009,6.64666666666667,7.20825230882896,7.32410070283992,102
"104",2010,1,7.17198795180723,332,7.42372093023256,6.70940170940171,6.646875,6.83916666666667,7.24540441176471,215,117,32,60,272,9342,6647,2695,707,2767,6575,7.28512585420681,7.51554475703325,6.71681622634508,6.64667609618105,7.20024900614384,7.32084513003802,103
"105",2010,2,7.30414937759336,241,7.65540540540541,6.74516129032258,6.53333333333333,7.33068181818182,7.29822335025381,148,93,15,44,197,9583,6795,2788,722,2811,6772,7.28560427110508,7.51859102281089,6.71776173959828,6.64432132963989,7.20229064389897,7.32018705404607,104
"106",2010,3,7.36955555555556,225,7.70979020979021,6.77621951219512,6.73518518518518,7.3375,7.37824858757062,143,82,27,48,177,9808,6938,2870,749,2859,6949,7.2875301519168,7.5225318535601,6.71943196167247,6.64759679572764,7.20456068555439,7.3216659562527,105
"107",2010,4,7.2105527638191,199,7.4368,6.82837837837838,6.35294117647059,6.97619047619048,7.27324840764331,125,74,17,42,157,10007,7063,2944,766,2901,7106,7.28599937343859,7.52101458303837,6.72217042459239,6.64105744125327,7.20125439503619,7.32059621868843,106
"108",2010,5,7.23882352941177,170,7.47363636363636,6.80833333333333,6.82142857142857,6.85384615384615,7.30833333333333,110,60,14,26,144,10177,7173,3004,780,2927,7250,7.28521133241623,7.52028802453645,6.72389138814913,6.64429487179487,7.19816843184147,7.32035265241379,107
"109",2010,6,7.18289308176101,159,7.45027777777778,6.61666666666667,6.74411764705882,7.0875,7.20692913385827,108,51,17,32,127,10336,7281,3055,797,2959,7377,7.28363735777864,7.51924955363274,6.72210138461538,6.64642409033877,7.19697161203109,7.31839999051105,108
"110",2010,7,7.16851851851852,189,7.50887096774194,6.51923076923077,6.69047619047619,6.67631578947368,7.29238410596026,124,65,21,38,151,10525,7405,3120,818,2997,7528,7.28157014061758,7.51907575962187,6.71787491346154,6.64755501222494,7.19037003670337,7.31787815223167,109
"111",2010,8,7.14234449760766,209,7.44685314685315,6.48257575757576,5.67857142857143,6.78333333333333,7.23263473053892,143,66,14,42,167,10734,7548,3186,832,3039,7695,7.27885930035401,7.51770747217806,6.71300054300063,6.63125,7.18474465284633,7.31602816504223,110
"112",2010,9,7.18197916666667,192,7.48311475409836,6.65714285714286,6.4375,6.9425,7.245,122,70,16,40,152,10926,7670,3256,848,3079,7847,7.27715684880102,7.51715723598435,6.71179967137592,6.62759433962264,7.18159759662228,7.31465231680897,111
"113",2010,10,7.05940860215054,186,7.3025641025641,6.64710144927536,6.45666666666667,6.94428571428571,7.08609271523179,117,69,15,35,151,11112,7787,3325,863,3114,7998,7.27351203473722,7.51393296519841,6.71045706165413,6.62462340672074,7.17893031470777,7.31033717554388,112
"114",2010,11,7.01736641221374,262,7.31964285714286,6.47712765957447,6.45185185185185,6.84537037037037,7.06201923076923,168,94,27,54,208,11374,7955,3419,890,3168,8206,7.26761172234922,7.50982979258328,6.70404203860778,6.61938202247191,7.17324463383838,7.30404298440166,113
"115",2010,12,7.25353535353535,297,7.54682926829268,6.6,6.65,7.16,7.27974137931034,205,92,25,65,232,11671,8160,3511,915,3233,8438,7.26725351126724,7.51075931372549,6.70131578752492,6.62021857923497,7.17297834828333,7.30337481986253,114
"116",2011,1,7.2291958041958,286,7.4625,6.80833333333333,6.615,7.006,7.27648305084746,184,102,30,50,236,11957,8344,3613,945,3283,8674,7.26634320732625,7.50969511025887,6.70433704123997,6.62005291005291,7.17043527261651,7.30264315540696,115
"117",2011,2,7.15428679245283,265,7.42992222222222,6.57058823529412,6.35185185185185,6.73677777777778,7.26113744075829,180,85,27,54,211,12222,8524,3698,972,3337,8885,7.26391357633775,7.50801055842327,6.70126277176852,6.61260288065844,7.16341774048547,7.30165748227349,116
"118",2011,3,7.12644230769231,208,7.5491935483871,6.50238095238095,6.55961538461538,7.03214285714286,7.15030120481928,124,84,26,42,166,12430,8648,3782,998,3379,9051,7.26161317216412,7.50860106382978,6.69684551295611,6.61122244488978,7.16178603137023,7.29888153021765,117
"119",2011,4,7.13364485981308,214,7.35167785234899,6.63384615384615,6.46521739130435,7.05714285714286,7.15232558139535,149,65,23,42,172,12644,8797,3847,1021,3421,9223,7.25944730544132,7.50594316244174,6.69578105796725,6.6079333986288,7.16050131540485,7.29614840399002,118
"120",2011,5,7.01252432432432,185,7.45059821428571,6.34041095890411,6.40909090909091,6.98571428571429,7.01878,112,73,22,35,150,12829,8909,3920,1043,3456,9373,7.25588656403461,7.50524739027949,6.68916319642857,6.60373921380633,7.15873119212963,7.29170956257335,119
"121",2011,6,7.04791666666667,192,7.38636363636364,6.47112676056338,5.84090909090909,6.81184210526316,7.10616883116883,121,71,22,38,154,13021,9030,3991,1065,3494,9527,7.25281996236848,7.50365437430786,6.68528432222501,6.58798122065728,7.15495850028621,7.28871037367482,120
"122",2011,7,7.0520320855615,187,7.42991452991453,6.42042857142857,6.58333333333333,6.83538461538462,7.10912162162162,117,70,15,39,148,13208,9147,4061,1080,3533,9675,7.24997719033919,7.50271116212966,6.68071896823442,6.58791666666667,7.15143079535805,7.28596317622739,121
"123",2011,8,7.27272727272727,231,7.52348993288591,6.81707317073171,6.71785714285714,7.27659574468085,7.27173913043478,149,82,28,47,184,13439,9296,4143,1108,3580,9859,7.25036823647593,7.50304421256454,6.68341774800869,6.59120036101083,7.15307402234637,7.28569771072117,122
"124",2011,9,7.16763157894737,190,7.4776,6.57153846153846,6.6125,7.05641025641026,7.19635761589404,125,65,28,39,151,13629,9421,4208,1136,3619,10010,7.24921481620075,7.5027066128861,6.68168957461977,6.59172535211268,7.15203232937276,7.28435002297702,123
"125",2011,10,7.14887892376682,223,7.44671052631579,6.5112676056338,6.22916666666667,6.80882352941176,7.21005291005291,152,71,24,34,189,13852,9573,4279,1160,3653,10199,7.24759953291943,7.50181750757338,6.67886182051881,6.58422413793104,7.14883794141801,7.28297320619668,124
"126",2011,11,7.24779411764706,272,7.44213483146067,6.87978723404255,6.28,7.30568181818182,7.23662280701754,178,94,25,44,228,14124,9751,4373,1185,3697,10427,7.24760328023223,7.50072802789457,6.68318082094672,6.577805907173,7.15070462537192,7.28195969406349,125
"127",2011,12,7.04891304347826,230,7.27229299363057,6.56849315068493,6.375,6.78490566037736,7.12796610169492,157,73,20,53,177,14354,9908,4446,1205,3750,10604,7.2444195854814,7.4971082963262,6.68129773504273,6.5744398340249,7.14553466666667,7.27938926159939,126
"128",2012,1,7.21616766467066,334,7.44260089686099,6.76126126126126,6.55147058823529,7.12142857142857,7.23819188191882,223,111,34,63,271,14688,10131,4557,1239,3813,10875,7.24377714665033,7.49590849866745,6.68324549703752,6.57380952380952,7.1451363755573,7.27836264183908,127
"129",2012,2,7.00308,250,7.27872928176796,6.28,5.95789473684211,6.94318181818182,7.01587378640777,181,69,19,44,206,14938,10312,4626,1258,3857,11081,7.23974887735975,7.49209648952676,6.67723081063554,6.56450715421304,7.14283251231527,7.27348287428932,128
"130",2012,3,7.26072340425532,235,7.46935897435897,6.84873417721519,6.20238095238095,7.14342857142857,7.28125,156,79,21,35,200,15173,10468,4705,1279,3892,11281,7.24007373162855,7.49175764233855,6.68011046333688,6.55856137607506,7.1428378725591,7.2736205770765,129
"131",2012,4,7.16982378854626,227,7.31625,6.82014925373134,6.75,7.25,7.1537037037037,160,67,20,38,189,15400,10628,4772,1299,3930,11470,7.23903822922078,7.48911544975536,6.68207664082146,6.56150885296382,7.14387404580153,7.2716446146469,130
"132",2012,5,7.13935643564356,202,7.37952755905512,6.73266666666667,6.66538461538462,6.50967741935484,7.25350877192982,127,75,26,31,171,15602,10755,4847,1325,3961,11641,7.23774764325087,7.48782138540214,6.68285944501754,6.56354716981132,7.13891062862913,7.27137820891676,131
"133",2012,6,7.22884816753927,191,7.46307692307692,6.72967213114754,6.87190476190476,7.34227272727273,7.19489795918367,130,61,21,44,147,15793,10885,4908,1346,4005,11788,7.23764001329703,7.48752586127698,6.68344126528117,6.56835809806835,7.14114481897628,7.27042447658636,132
"134",2012,7,7.19854838709677,186,7.43781512605042,6.77358208955224,6.65263157894737,6.86363636363636,7.27078431372549,119,67,19,33,153,15979,11004,4975,1365,4038,11941,7.23718497590588,7.48698827699018,6.68465522211055,6.56953113553113,7.13887691926696,7.27042908717863,133
"135",2012,8,7.18024193548387,248,7.29590643274854,6.92337662337662,6.76521739130435,6.69230769230769,7.27129186602871,171,77,23,39,209,16227,11175,5052,1388,4077,12150,7.23631470573735,7.48406434004474,6.68829369160728,6.57277377521614,7.13460510179053,7.27044392839506,134
"136",2012,9,7.13915343915344,189,7.34736842105263,6.64464285714286,6.42105263157895,7.04615384615385,7.16333333333333,133,56,19,39,150,16416,11308,5108,1407,4116,12300,7.23519607273392,7.4824565794128,6.68781513899765,6.57072494669509,7.13376700680272,7.26913770162601,135
"137",2012,10,7.11488888888889,225,7.24139072847682,6.85675675675676,6.81153846153846,6.97857142857143,7.15284090909091,151,74,26,49,176,16641,11459,5182,1433,4165,12476,7.23356942070789,7.47927995462082,6.69022765920494,6.57509420795534,7.13194117647059,7.26749709281821,136
"138",2012,11,7.15326086956522,276,7.42131147540984,6.6258064516129,6.44,6.818,7.22743362831858,183,93,25,50,226,16917,11642,5275,1458,4215,12702,7.23225919075486,7.4783687510737,6.68909189194313,6.57277777777778,7.12821708185053,7.26678426468272,137
"139",2012,12,7.11616161616162,297,7.30334928229665,6.67159090909091,6.52647058823529,6.99909090909091,7.14276859504132,209,88,34,55,242,17214,11851,5363,1492,4270,12944,7.23025611304752,7.47528217028099,6.68880472310274,6.57172252010724,7.12655386416862,7.26446567753399,138
"140",2013,1,7.23848024316109,329,7.42987654320988,6.69767441860465,6.6551724137931,7.30555555555556,7.22530909090909,243,86,29,54,275,17543,12094,5449,1521,4324,13219,7.23041034771704,7.47436985281958,6.68894471095614,6.57331360946745,7.12878931544866,7.26365108782812,139
"141",2013,2,7.01585820895522,268,7.23333333333333,6.6505,6.21666666666667,6.80897435897436,7.05109170305677,168,100,27,39,229,17811,12262,5549,1548,4363,13448,7.22718200718657,7.47106744413635,6.68825188862858,6.56709302325581,7.12593055237222,7.26003150877454,140
"142",2013,3,7.11426037735849,265,7.34005847953216,6.7035,6.66666666666667,6.67974418604651,7.19842342342342,171,94,30,43,222,18076,12433,5643,1578,4406,13670,7.22552653961053,7.46926558352771,6.68850588871168,6.56898605830165,7.12157603268271,7.25903099707388,141
"143",2013,4,7.04707024793388,242,7.26068098159509,6.60632911392405,6.70909090909091,7.06481481481481,7.04484186046512,163,79,22,27,215,18318,12596,5722,1600,4433,13885,7.22316894475379,7.46656637027628,6.68737132645928,6.5709125,7.12123031806903,7.25571442059776,142
"144",2013,5,7.0904296875,256,7.3185393258427,6.5698717948718,6.16,6.98235294117647,7.10698198198198,178,78,25,34,222,18574,12774,5800,1625,4467,14107,7.22133943846237,7.46450367934867,6.68579116034483,6.56459076923077,7.12017327065145,7.25337383781101,143
"145",2013,6,7.18723636363636,220,7.40285714285714,6.8099,6.55483870967742,6.82692307692308,7.2648729281768,140,80,31,39,181,18794,12914,5880,1656,4506,14288,7.22094023252102,7.46383537246399,6.68747971598639,6.56440821256039,7.11763515312916,7.25351950797872,144
"146",2013,7,7.06975806451613,248,7.26547619047619,6.65875,6.87857142857143,7.32111111111111,7.01403940886699,168,80,28,45,203,19042,13082,5960,1684,4551,14491,7.21897125984665,7.46128802935331,6.68709408221476,6.56963182897862,7.11964711052516,7.25016470429922,145
"147",2013,8,7.09503968253968,252,7.30684523809524,6.67142857142857,6.57142857142857,6.875,7.14158653846154,168,84,28,44,208,19294,13250,6044,1712,4595,14699,7.21735258266819,7.45932981132075,6.686876361681,6.56966121495327,7.11730446137106,7.24862825566365,146
"148",2013,9,7.13890909090909,275,7.35539772727273,6.7540404040404,6.48333333333333,6.92424242424242,7.16818181818182,176,99,30,33,242,19569,13426,6143,1742,4628,14941,7.21625022893352,7.45796737673171,6.68795877095881,6.56817451205511,7.11592783059637,7.24732526136135,147
"149",2013,10,7.07859922178988,257,7.39502923976608,6.44941860465116,6.17272727272727,6.67435897435897,7.15091743119266,171,86,33,39,218,19826,13597,6229,1775,4667,15159,7.21446588974075,7.45717584761344,6.68466539251886,6.56082253521127,7.11223784015428,7.24593883039778,148
"150",2013,11,7.06980830670927,313,7.38300492610837,6.49181818181818,6.34615384615385,7.05,7.07304832713755,203,110,39,44,269,20139,13800,6339,1814,4711,15428,7.21221762401311,7.45608478260869,6.68131893516327,6.55620727673649,7.1116565485035,7.24292434080892,149
"151",2013,12,7.18441780821918,292,7.38413978494624,6.83396226415094,6.91739130434783,6.8125,7.25758196721311,186,106,23,48,244,20431,13986,6445,1837,4759,15672,7.21182030884441,7.45512798512798,6.68382943832428,6.56072945019053,7.10863920991805,7.24315254785605,150
"152",2014,1,7.13637362637363,455,7.365,6.64758620689655,6.23111111111111,6.89253731343284,7.1784793814433,310,145,45,67,388,20886,14296,6590,1882,4826,16060,7.21017670832136,7.4531736149972,6.68303197723824,6.55284803400638,7.10563903854124,7.24159008281444,151
"153",2014,2,7.10197452229299,314,7.34575471698113,6.59529411764706,6.46285714285714,6.99385964912281,7.125953307393,212,102,35,57,257,21200,14508,6692,1917,4883,16317,7.20857409103774,7.45160394265233,6.68169466975493,6.55120500782473,7.10433422076593,7.23976875222161,152
"154",2014,3,7.20188,250,7.48766233766234,6.7434375,6.74454545454545,7.09425,7.22238095238095,154,96,33,40,210,21450,14662,6788,1950,4923,16527,7.20849607132867,7.4519826763061,6.68256787418975,6.55447692307692,7.10425228519196,7.23954781448538,153
"155",2014,4,6.99501694915254,295,7.29242424242424,6.3879381443299,5.948,6.498,7.09644897959184,198,97,25,50,245,21745,14860,6885,1975,4973,16772,7.20559994159577,7.44985666218035,6.67841695424837,6.5468,7.09815684697366,7.23745747257333,154
"156",2014,5,7.15646153846154,260,7.35409638554217,6.80744680851064,6.40526315789474,6.83478260869565,7.22560747663551,166,94,38,46,214,22005,15026,6979,2013,5019,16986,7.2050193469666,7.44879874883535,6.68015485456369,6.54412816691505,7.09574297668859,7.23730817908866,155
"157",2014,6,7.15473451327434,226,7.41478873239437,6.71511904761905,6.60233333333333,6.99208333333333,7.19859550561798,142,84,30,48,178,22231,15168,7063,2043,5067,17164,7.20450815212991,7.44848035337552,6.68057068242956,6.54498286833089,7.09476100256562,7.2369067076439,156
"158",2014,7,6.84034749034749,259,7.13766233766234,6.40428571428571,6.38333333333333,6.47738095238095,6.91059907834101,154,105,30,42,217,22490,15322,7168,2073,5109,17381,7.20031439439751,7.4453563503459,6.67652353934152,6.54264351181862,7.08968565276963,7.23283279040331,157
"159",2014,8,7.05434262948207,251,7.325875,6.57692307692308,6.7,6.74594594594595,7.10766355140187,160,91,31,37,214,22741,15482,7259,2104,5146,17595,7.19870325535377,7.44412156052189,6.67527493180879,6.54496197718631,7.08721414691022,7.2313104137539,158
"160",2014,9,6.81388888888889,270,7.27075471698113,6.15945945945946,6.23414634146341,6.32978723404255,6.91591928251121,159,111,41,47,223,23011,15641,7370,2145,5193,17818,7.19418802876885,7.44235918419538,6.66750620488467,6.53902097902098,7.0803589447333,7.22736315691997,159
"161",2014,10,6.92638655462185,238,7.1216149068323,6.51818181818182,6.22424242424242,6.73928571428571,6.96647959183673,161,77,33,42,196,23249,15802,7447,2178,5235,18014,7.19144654522775,7.43909125427161,6.66596223042836,6.53425160697888,7.07762254059217,7.22452463250805,160
"162",2014,11,6.97508591065292,291,7.2061170212766,6.55339805825243,6.47916666666667,6.43921568627451,7.08895833333333,188,103,24,51,240,23540,15990,7550,2202,5286,18254,7.1887719086661,7.43635209505941,6.66442658675497,6.53365122615804,7.07146311010216,7.22274223348307,161
"163",2014,12,7.15674342105263,304,7.29414634146341,6.87222222222222,6.13928571428571,6.96521739130435,7.19089147286822,205,99,28,46,258,23844,16195,7649,2230,5332,18512,7.1883635602248,7.43455202222908,6.66711605830828,6.52869955156951,7.07054651162791,7.22229833243301,162
"164",2015,1,7.16638554216867,415,7.33432835820896,6.86020408163265,6.66527777777778,7.0640350877193,7.18268156424581,268,147,36,57,358,24259,16463,7796,2266,5389,18870,7.18798758110392,7.43292048836785,6.67075689199589,6.5308693733451,7.0704776396363,7.22154672655008,163
"165",2015,2,7.07147540983607,305,7.29468085106383,6.71282051282051,6.50340909090909,6.79857142857143,7.10685185185185,188,117,44,35,270,24564,16651,7913,2310,5424,19140,7.1865409025403,7.43135967809741,6.67137883609251,6.53034632034632,7.06872308259587,7.2199287737722,164
"166",2015,3,6.91860465116279,301,7.18203125,6.4545871559633,6.25625,6.49625,6.98333333333333,192,109,40,40,261,24865,16843,8022,2350,5464,19401,7.18329743535089,7.42851748500861,6.66843315008726,6.52568085106383,7.06453221083456,7.21674587547033,165
"167",2015,4,7.04,275,7.35593220338983,6.46938775510204,6.34444444444444,6.64255319148936,7.1219298245614,177,98,27,47,228,25140,17020,8120,2377,5511,19629,7.18172994152745,7.42776263219741,6.66603087807882,6.52362221287337,7.06093340591544,7.21564454276835,166
"168",2015,5,7.00554212454212,273,7.11575263157895,6.75325301204819,6.81666666666667,6.6609375,7.05129875518672,190,83,27,32,241,25413,17210,8203,2404,5543,19870,7.17983723802778,7.42431801278326,6.66691341338535,6.52691347753744,7.05862421071622,7.21365121942627,167
"169",2015,6,6.9398406374502,251,7.30087209302326,6.15379746835443,6.0962962962963,6.7,6.9787037037037,172,79,27,35,216,25664,17382,8282,2431,5578,20086,7.17749001441708,7.42309647911633,6.6620189241729,6.5221308103661,7.05637396916458,7.21112465050283,168
"170",2015,7,7.0260153256705,261,7.25529411764706,6.59769230769231,6.4,6.69315789473684,7.08273542600897,170,91,33,38,223,25925,17552,8373,2464,5616,20309,7.17596504262295,7.42147122835004,6.66131980532664,6.52049512987013,7.05391631054131,7.20971489142744,169
"171",2015,8,7.05278546712803,289,7.30751336898396,6.58578431372549,6.61527777777778,6.955,7.06895161290323,187,102,36,41,248,26214,17739,8475,2500,5657,20557,7.17460703173877,7.42026991374936,6.66041070560472,6.52186,7.05319939897472,7.20801672082502,170
"172",2015,9,6.85816176470588,272,7.21482352941177,6.26372549019608,6.35441176470588,6.66775,6.89099137931034,170,102,34,40,232,26486,17909,8577,2534,5697,20789,7.17135727289889,7.4183197275113,6.65569321790836,6.51961325966851,7.05049306652624,7.20447879792197,171
"173",2015,10,7.07588888888889,315,7.28537209302326,6.6255,6.69852941176471,6.91127272727273,7.11071153846154,215,100,34,55,260,26801,18124,8677,2568,5752,21049,7.17023520502966,7.41674260648863,6.6553452495102,6.52198208722742,7.04916185674548,7.20332057247375,172
"174",2015,11,6.9235632183908,348,7.23558139534884,6.41917293233083,6.18157894736842,6.83163265306122,6.93862876254181,215,133,38,49,299,27149,18339,8810,2606,5801,21348,7.16707332608936,7.41461873602704,6.6517798785471,6.517018419033,7.04732442682296,7.19961330007494,173
"175",2015,12,6.97625,360,7.24041666666667,6.44791666666667,6.30625,7.21862745098039,6.93624595469256,240,120,48,51,309,27509,18579,8930,2654,5852,21657,7.16457609255153,7.41236842671834,6.64904039529675,6.51320648078373,7.04881732740944,7.19585560003694,174
"176",2016,1,7.0158041958042,429,7.23269896193772,6.56807142857143,6.485,6.94905660377358,7.02521276595745,289,140,40,53,376,27938,18868,9070,2694,5905,22033,7.16229163612284,7.40961644053424,6.64779059867696,6.51278767631775,7.04792193056732,7.19294352698225,175
"177",2016,2,6.91535483870968,310,7.17421875,6.49415254237288,6.30684210526316,6.69189189189189,6.94564102564103,192,118,38,37,273,28248,19060,9188,2732,5942,22306,7.15958169534126,7.40724517313746,6.6458174499347,6.50992313323573,7.04570498148772,7.18991682641441,176
"178",2016,3,6.91746376811594,276,7.09628571428571,6.60762376237624,6.19863636363636,6.92222222222222,6.91675,175,101,22,36,240,28524,19235,9289,2754,5978,22546,7.15723894720236,7.40441606446582,6.64540216707934,6.50743645606391,7.04496135831382,7.1870089918389,177
"179",2016,4,6.95927083333333,288,7.17613402061856,6.51170212765957,6.3875,7.375,6.92147727272727,194,94,32,24,264,28812,19429,9383,2786,6002,22810,7.15526009058726,7.4021366513974,6.64406274432484,6.50605886575736,7.04628107297568,7.18393576194651,178
"180",2016,5,7.01507462686567,335,7.24588744588745,6.50240384615385,6.30483870967742,6.57916666666667,7.08797909407665,231,104,31,48,287,29147,19660,9487,2817,6050,23097,7.1536488739836,7.4003007629705,6.64250982713186,6.50384451544196,7.04257504132232,7.18274341819283,179
"181",2016,6,7.07595155709343,289,7.20024875621891,6.79204545454545,6.74772727272727,6.91666666666667,7.10303643724696,201,88,22,42,247,29436,19861,9575,2839,6092,23344,7.15288604871586,7.39827616937717,6.64388414934726,6.50573441352589,7.04170699277742,7.18190004840644,180
"182",2016,7,6.97293313069909,329,7.355625,6.37961240310077,6.29210526315789,6.52045454545455,7.04278947368421,200,129,38,44,285,29765,20061,9704,2877,6136,23629,7.15089698404166,7.3978509545885,6.64037105626546,6.50291275634342,7.03796919817471,7.18022217317703,181
"183",2016,8,7.04973890339426,383,7.28836431226766,6.48666666666667,6.15096774193548,6.97142857142857,7.06122754491018,269,114,31,49,334,30148,20330,9818,2908,6185,23963,7.14961187242935,7.39640226266601,6.63858634446934,6.49916093535076,7.03744203718675,7.17856360764512,182
"184",2016,9,6.95996056338028,355,7.32987288135593,6.22635294117647,5.96125,6.82358490566038,6.9838940397351,236,119,40,53,302,30503,20566,9937,2948,6238,24265,7.14740467265515,7.39563882135563,6.63364966589514,6.49186227951154,7.03562504007695,7.17614076777251,183
"185",2016,10,7.02363387978142,366,7.31297872340425,6.50458015267176,6.1925,6.71071428571429,7.08016129032258,235,131,40,56,310,30869,20801,10068,2988,6294,24575,7.14593717742719,7.3947049661074,6.63197027512912,6.48785475234271,7.0327341912933,7.17493003987792,184
"186",2016,11,6.94371638141809,409,7.21848484848485,6.44344827586207,6.38571428571429,7.14387755102041,6.91647222222222,264,145,35,49,360,31278,21065,10213,3023,6343,24935,7.14329288093868,7.39249646332779,6.62929371683149,6.48667217995369,7.03359277944191,7.17119854541808,185
"187",2016,12,6.94581005586592,358,7.1793991416309,6.5104,6.29393939393939,7.0188679245283,6.93311475409836,233,125,33,53,305,31636,21298,10338,3056,6396,25240,7.14105812144393,7.39016517982909,6.62785613561617,6.48459096858639,7.03347076297687,7.16832154239302,186
"188",2017,1,7.00521090534979,486,7.27218558282209,6.46125,6.38951612903226,6.716375,7.04589201877934,326,160,62,60,426,32122,21624,10498,3118,6456,25666,7.13900277784696,7.38838653810581,6.62531689178891,6.48270044900578,7.0305237763321,7.16628947751889,187
"189",2017,2,7.07123626373626,364,7.36362869198312,6.5255905511811,6.33714285714286,6.55813953488372,7.13996884735202,237,127,35,43,321,32486,21861,10625,3153,6499,25987,7.13824346580065,7.38811813274781,6.62412486870588,6.48108468125595,7.02739829204493,7.16596435640897,188
"190",2017,3,7.09665706051873,347,7.35057613168724,6.50336538461538,6.23541666666667,7.03690476190476,7.10488524590164,243,104,24,42,305,32833,22104,10729,3177,6541,26292,7.13780395425334,7.38770541530944,6.6229543042222,6.47922883223167,7.02745933343526,7.16525580899132,189
"191",2017,4,7.06379710144928,345,7.38900432900433,6.40482456140351,6.08846153846154,6.9109756097561,7.08440789473684,231,114,39,41,304,33178,22335,10843,3216,6582,26596,7.13703439719091,7.3877188493396,6.62066095453288,6.47449004975125,7.026733743543,7.16433169386374,190
"192",2017,5,6.95243076923077,325,7.22601895734597,6.44605263157895,6.52741935483871,6.66636363636364,6.9847602739726,211,114,31,33,292,33503,22546,10957,3247,6615,26888,7.13524362683939,7.38620555752683,6.61884427580542,6.4749953803511,7.02493597883598,7.16238157282059,191
"193",2017,6,7.00084175084175,297,7.19630681818182,6.71652892561983,6.36571428571429,7.12592592592593,6.98833333333333,176,121,35,27,270,33800,22722,11078,3282,6642,27158,7.13406263994083,7.38473464043658,6.61991124119877,6.47382998171847,7.02534650707619,7.16065121621621,192
"194",2017,7,6.95412912912913,333,7.25634146341463,6.4701171875,6.30530303030303,6.92857142857143,6.95781786941581,205,128,33,42,291,34133,22927,11206,3315,6684,27449,7.1323072167697,7.38358662275919,6.61820022577191,6.47215233785822,7.02473840514662,7.15850088272797,193
"195",2017,8,6.94198895027624,362,7.24304932735426,6.4589928057554,6.42647058823529,6.63720930232558,6.98307210031348,223,139,34,43,319,34495,23150,11345,3349,6727,27768,7.13030996463256,7.38223285097192,6.6162496015866,6.47168856375038,7.02226126059165,7.15648554919331,194
"196",2017,9,6.939,300,7.19675,6.4235,6.21739130434783,6.79875,6.96057692307692,200,100,23,40,260,34795,23350,11445,3372,6767,28028,7.12866050380802,7.38064413276231,6.61456546352119,6.46995403321471,7.02094007684351,7.15466821499928,195
"197",2017,10,6.94131578947368,342,7.31344827586207,6.39784172661871,6.01666666666667,6.79714285714286,6.95775244299674,203,139,36,35,307,35137,23553,11584,3408,6802,28335,7.12683701596608,7.38006498110644,6.61196492834945,6.46516578638498,7.01978851808292,7.1525347001941,196
"198",2017,11,6.75413612565445,382,6.96398268398268,6.43311258278146,5.6969696969697,6.50849056603774,6.79370820668693,231,151,33,53,329,35519,23784,11735,3441,6855,28664,7.12282868971536,7.37602381853347,6.60966354750746,6.45779860505667,7.01583537563822,7.14841615720067,197
"199",2017,12,6.94726443768997,329,7.27734375,6.48467153284672,5.9875,6.93627450980392,6.94928057553957,192,137,40,51,278,35848,23976,11872,3481,6906,28942,7.12121742440303,7.37523358775442,6.60822116997979,6.45239442688883,7.01524782797568,7.1465033767535,198
"200",2018,1,6.89623376623377,462,7.07580327868852,6.54738853503185,6.29404761904762,6.58545454545455,6.93823095823096,305,157,42,55,407,36310,24281,12029,3523,6961,29349,7.11835478463233,7.37147236522383,6.60742719511181,6.45050667045132,7.01185196092516,7.14361513952775,199
"201",2018,2,6.99752136752137,351,7.18238532110092,6.69451127819549,6.6027027027027,6.80769230769231,7.02125,218,133,37,39,312,36661,24499,12162,3560,7000,29661,7.11719790049371,7.36978980774725,6.60837952063805,6.45208848314607,7.0107145,7.14232799737028,200
"202",2018,3,7.0013475177305,282,7.25719101123596,6.56346153846154,6.5,6.784375,7.02912,178,104,26,32,250,36943,24677,12266,3586,7032,29911,7.11631357036516,7.36897761073064,6.60799867356922,6.45243586168433,7.00968451365188,7.14138179031125,201
"203",2018,4,7.02332142857143,280,7.24546875,6.53863636363636,6.21481481481482,6.55454545454545,7.08595141700405,192,88,27,33,247,37223,24869,12354,3613,7065,30158,7.11561406200467,7.3680240661064,6.60750459203497,6.45066011624689,7.00755859872612,7.14092780456263,202
"204",2018,5,6.78044631799163,239,7.15834517730496,6.23673469387755,6.70526315789474,6.62222222222222,6.8005975,141,98,19,27,212,37462,25010,12452,3632,7092,30370,7.11347575943623,7.36684195001999,6.6045865507549,6.4519920154185,7.0060915820643,7.13855210405005,203
"205",2018,6,6.79775330396476,227,7.20068965517241,6.08524390243902,5.52,6.61128205128205,6.83643617021277,145,82,25,39,188,37689,25155,12534,3657,7131,30558,7.11157417018228,7.36588420473067,6.60118890457954,6.44562072737217,7.00393233768055,7.13669341579946,204
"206",2018,7,6.95139344262295,244,7.22123456790123,6.41829268292683,6.24230769230769,6.8,6.97759615384615,162,82,26,36,208,37933,25317,12616,3683,7167,30766,7.11054382463818,7.36495861160485,6.60000013712746,6.44418544664676,7.00290798102414,7.13561780536956,205
"207",2018,8,6.93687050359712,278,7.24915730337079,6.381,5.89655172413793,6.93857142857143,6.93662551440329,178,100,29,35,243,38211,25495,12716,3712,7202,31009,7.10928028316453,7.36415011453226,6.59827789635106,6.43990705818966,7.00259532074424,7.13405841529878,206
"208",2018,9,6.91225,240,7.22671428571429,6.472,6.1875,6.84516129032258,6.9222009569378,140,100,24,31,209,38451,25635,12816,3736,7233,31218,7.10805047723076,7.36339953852155,6.59729258192884,6.43828559957174,7.00192057237661,7.13264006022166,207
"209",2018,10,6.88155629139073,302,7.10661290322581,6.52068965517241,6.48666666666667,7.27441860465116,6.81633204633205,186,116,30,43,259,38753,25821,12932,3766,7276,31477,7.10628542048358,7.36154979164246,6.59660545391278,6.43867100371747,7.00353099230347,7.13003740508943,208
"210",2018,11,7.01147260273973,292,7.19502762430939,6.71216216216216,6.59545454545455,7.05263157894737,7.00531496062992,181,111,22,38,254,39045,26002,13043,3788,7314,31731,7.10557635804841,7.36039063033613,6.59758887755884,6.43958157338965,7.00378609515997,7.12903902807979,209
"211",2018,12,6.83783333333333,240,7.05660256410256,6.43154761904762,6.15909090909091,6.78,6.84455813953488,156,84,22,25,215,39285,26158,13127,3810,7339,31946,7.10394066183022,7.35857891161403,6.59652637540946,6.43796194225722,7.00302377708135,7.1271244412446,210
"212",2019,1,6.96323318309859,355,7.1742646473029,6.51710526315789,6.33714285714286,6.67051282051282,6.99936006329114,241,114,35,39,316,39640,26399,13241,3845,7378,32262,7.10268054187689,7.35689628205614,6.59584258968356,6.43704421326398,7.00126612903226,7.12587301407228,211
"213",2019,2,6.88035971223022,278,7.26849710982659,6.24085714285714,5.7,6.50740740740741,6.9204780876494,173,105,25,27,251,39918,26572,13346,3870,7405,32513,7.10113223808808,7.35632074928496,6.59304973250412,6.43228294573644,6.99946542876435,7.12428736751453,212
"214",2019,3,6.87107692307692,260,7.24802469135803,6.24795918367347,5.94736842105263,6.70216216216216,6.89910313901345,162,98,19,37,223,40178,26734,13444,3889,7442,32736,7.09964350340983,7.35566450774295,6.59053419592383,6.42991385960401,6.99798730180059,7.12275339626099,213
"215",2019,4,6.9434126984127,252,7.24949044585987,6.43757894736842,6.19,6.75769230769231,6.96477876106195,157,95,20,26,226,40430,26891,13539,3909,7468,32962,7.09866971753648,7.35504462273623,6.58946094467834,6.42868636479918,6.9971507096947,7.12167026212001,214
"216",2019,5,6.95004273504273,234,7.22602836879433,6.53161290322581,6.05555555555556,7.03035714285714,6.93912621359223,141,93,18,28,206,40664,27032,13632,3927,7496,33168,7.09781444717686,7.35437166876295,6.58906629474765,6.42697606315253,6.99727474653149,7.12053651652195,215
"217",2019,6,6.88603887892377,223,7.14990198529412,6.4735632183908,6.39655172413793,6.68346153846154,6.91277497461929,136,87,29,26,197,40887,27168,13719,3956,7522,33365,7.09665941130433,7.35334811616608,6.58833382389387,6.42675303336704,6.99619004254188,7.11930981117938,216
"218",2019,7,6.88612534188034,234,7.1152252027027,6.49186046511628,6.125,6.44285714285714,6.92982784037559,148,86,20,21,213,41121,27316,13805,3976,7543,33578,7.09546136232095,7.35205794955337,6.58773283085839,6.4252351609658,6.9946495426223,7.11810784382631,217
"219",2019,8,7.02983108108108,296,7.3768156424581,6.49897435897436,6.23529411764706,6.42785714285714,7.09272388059702,179,117,34,28,268,41417,27495,13922,4010,7571,33846,7.09499231426709,7.35221912893253,6.58698690777187,6.4236246882793,6.99255336151103,7.11790684807658,218
"220",2019,9,6.87317164179104,268,7.22366459627329,6.34579439252336,6.43928571428571,6.81290322580645,6.88105485232068,161,107,28,31,237,41685,27656,14029,4038,7602,34083,7.09356619119587,7.35147074595024,6.58514731841186,6.42373328380386,6.99182077084978,7.11625987090338,219
"221",2019,10,6.97302464788732,284,7.23485380116959,6.57680530973451,6.83333333333333,6.99848484848485,6.96967729083665,171,113,21,33,251,41969,27827,14142,4059,7635,34334,7.09275049870142,7.350754121896,6.58508066256541,6.42585242670609,6.99184957432875,7.11518827343158,220
"222",2019,11,7.00599290780142,282,7.3416091954023,6.46527777777778,6.37777777777778,6.85625,7.02516,174,108,27,32,250,42251,28001,14250,4086,7667,34584,7.09217144398949,7.35069729473947,6.58417268280702,6.42553475281449,6.99128361810356,7.11453747918112,221
"223",2019,12,7.00097682779456,331,7.21564339534884,6.60310344827586,6.46666666666667,6.97307692307692,7.00335518032787,215,116,21,26,305,42582,28216,14366,4107,7693,34889,7.09146256657743,7.34966821236178,6.58432554155645,6.42574506939372,6.99122208501235,7.11356552237095,222
"224",2020,1,6.86857808857809,429,7.25492063492063,6.31853107344633,5.85595238095238,6.39285714285714,6.92020671834625,252,177,42,42,387,43011,28468,14543,4149,7735,35276,7.08923947385552,7.34882950259941,6.58109060922781,6.41997710291637,6.98797304460246,7.11144425416714,223
"225",2020,2,6.9336225308642,324,7.18183588516746,6.48252173913043,6.19655172413793,6.22727272727273,6.98507847682119,209,115,29,22,302,43335,28677,14658,4178,7757,35578,7.08807598269297,7.34761244132929,6.58031728271251,6.41842628051699,6.9858155859224,7.1103716119512,224
"226",2020,3,6.98579150579151,259,7.26909722222222,6.63104347826087,6.28571428571429,6.472,7.04068376068376,144,115,21,25,234,43594,28821,14773,4199,7782,35812,7.08746829173739,7.34722015127858,6.58071215934475,6.41776256251489,6.98416493189412,7.10991626298447,225
"227",2020,4,7.01629068965517,261,7.28371837078652,6.44277108433735,5.74117647058824,6.704,7.04937233050847,178,83,17,25,236,43855,28999,14856,4216,7807,36048,7.08704468316041,7.34683036828856,6.57994148694131,6.41503439278937,6.98326777251185,7.10951989236573,226
"228",2020,5,7.06215841085271,258,7.21270038043478,6.68783783783784,6.1,7.03225806451613,7.06624171806167,184,74,15,31,227,44113,29183,14930,4231,7838,36275,7.08689913290866,7.34598467326868,6.58047627126591,6.41391751359017,6.98346153355448,7.1092490682288,227
"229",2020,6,6.97679629166667,240,7.24230975757576,6.39266666666667,6.85882352941176,6.89166666666667,6.98625513888889,165,75,17,24,216,44353,29348,15005,4248,7862,36491,7.08630335174622,7.34540179330789,6.57953753615462,6.41569797551789,6.98318131518698,7.10852103422762,228
"230",2020,7,6.92940425531915,235,7.21047297297297,6.45126436781609,5.97407407407407,6.640625,6.97492610837438,148,87,27,32,203,44588,29496,15092,4275,7894,36694,7.08547641876738,7.34472477047735,6.578798087066,6.41290877192982,6.98179269065113,7.10778195508802,229
"231",2020,8,6.92464185950413,242,7.20451244897959,6.49157894736842,6.70952380952381,6.38888888888889,6.99192246511628,147,95,21,27,215,44830,29643,15187,4296,7921,36909,7.08460820633504,7.34402945585804,6.57825250082307,6.41435870577281,6.97977168286833,7.10710705762822,230
"232",2020,9,6.89749090909091,275,7.24763736263736,6.21225806451613,6.14583333333333,6.696,6.91764,182,93,24,25,250,45105,29825,15280,4320,7946,37159,7.08346737368363,7.34344124593462,6.57602491688482,6.41286689814815,6.97887886987164,7.10583235259291,231
"233",2020,10,6.96833992094862,253,7.25025974025974,6.52979797979798,5.65625,6.545,7.00467811158798,154,99,16,20,233,45358,29979,15379,4336,7966,37392,7.08282521032673,7.34296257913873,6.57572733792835,6.41007495387454,6.977789543058,7.10520203225289,232
"234",2020,11,6.92346449180328,305,7.17744565217391,6.53724520661157,5.91954545454545,6.60481481481481,6.95441248201439,184,121,22,27,278,45663,30163,15500,4358,7993,37670,7.0817607813766,7.34195289460597,6.57542692903226,6.40759866911427,6.97652965094458,7.1040892237855,233
"235",2020,12,7.07299772413793,290,7.34388259067357,6.5340206185567,5.9,7.02202576923077,7.07801768939394,193,97,18,26,264,45953,30356,15597,4376,8019,37934,7.08170547951167,7.34196516339439,6.57516941719562,6.40551074040219,6.97667716298791,7.10390778009174,234
"236",2021,1,7.09215025906736,386,7.2982156133829,6.61837606837607,6.12,7.25605263157895,7.07425287356322,269,117,30,38,348,46339,30625,15714,4406,8057,38282,7.08179248365308,7.34158088163265,6.57549111620212,6.4035667271902,6.97799480824129,7.10363820411682,235
"237",2021,2,6.86337742063492,252,7.26237901840491,6.13262168539326,5.7465,6.70535714285714,6.88312995535714,163,89,20,28,224,46591,30788,15803,4426,8085,38506,7.08061112682707,7.34116156554502,6.57299694551668,6.400597605061,6.97705060853433,7.10235544694333,236
"238",2021,3,7.08842181415929,226,7.27314222929936,6.66811594202899,6.13125,6.95454545454545,7.10285946078431,157,69,16,22,204,46817,30945,15872,4442,8107,38710,7.08064883140739,7.34081646825012,6.57341045425907,6.39962742008104,6.97698953620328,7.10235810307414,237
"239",2021,4,7.0032542687747,253,7.34273660493827,6.3989010989011,6.13333333333333,6.95909090909091,7.0074603030303,162,91,15,22,231,47070,31107,15963,4457,8129,38941,7.08023283768855,7.34082646799756,6.57241563177348,6.39873120933363,6.97694109607578,7.1017951644796,238
"240",2021,5,7.02837209302326,215,7.2593984962406,6.65365853658537,6.58333333333333,6.78125,7.04824120603015,133,82,18,16,199,47285,31240,16045,4475,8145,39140,7.07999703225124,7.34047979961588,6.57283083390465,6.39947374301676,6.97655668139964,7.10152287940725,239
"241",2021,6,7.11756613756614,189,7.32220472440945,6.69838709677419,6.21428571428571,6.9,7.14046783625731,127,62,14,18,171,47474,31367,16107,4489,8163,39311,7.08014659961242,7.34040580673957,6.57331413236481,6.39889619068835,6.97638786843073,7.10169228714609,240
"242",2021,7,6.90964285714286,224,7.13856115107914,6.53529411764706,6.17307692307692,6.24347826086957,6.98587064676617,139,85,26,23,201,47698,31506,16192,4515,8186,39512,7.07934587760493,7.33951529676887,6.57311454607214,6.39759579180509,6.97432863058881,7.1011030952622,241
"243",2021,8,7.05809322033898,236,7.34837837837838,6.56988636363636,6.57142857142857,6.79473684210526,7.08115207373272,148,88,21,19,217,47934,31654,16280,4536,8205,39729,7.07924124149873,7.33955673658937,6.57309709643735,6.39840057319224,6.97391275685558,7.10099412268116,242
"244",2021,9,7.11927043859649,228,7.32461184931507,6.75366256097561,6.40476190476191,6.48076923076923,7.20145376237624,146,82,21,26,202,48162,31800,16362,4557,8231,39931,7.07943074062539,7.33948812169811,6.57400202053539,6.39842988808427,6.97235502004617,7.10150232050287,243
"245",2021,10,6.92441101503759,266,7.20488505747126,6.39394923913043,5.65789473684211,6.72592592592593,6.9468340167364,174,92,19,27,239,48428,31974,16454,4576,8258,40170,7.07857926530106,7.33875562238068,6.57299528321381,6.39535511363636,6.97154930612739,7.10058208837441,244
"246",2021,11,6.86810106557377,244,7.15729843137255,6.38186813186813,6.0925,7.59090909090909,6.83397708154506,153,91,20,11,233,48672,32127,16545,4596,8269,40403,7.07752410667324,7.33789145983129,6.57194405500151,6.39403720626632,6.97237322167131,7.09904460436106,245
"247",2021,12,7.05166668639053,338,7.28962604878049,6.68488721804511,5.906,7.025,7.05484549668874,205,133,25,36,302,49010,32332,16678,4621,8305,40705,7.07734577963681,7.337585434554,6.57284472898429,6.39139688379139,6.97260134497291,7.09871668075175,246
"248",2022,1,7.04802099078341,434,7.22170692028986,6.74462025316456,6.24259259259259,6.95,7.05529977722772,276,158,27,30,404,49444,32608,16836,4648,8335,41109,7.07708837816519,7.33660461788518,6.5744567824899,6.39053248709122,6.97251999640072,7.09828999975674,247
"249",2022,2,7.11201782608696,299,7.31828968586387,6.74722222222222,5.93636363636364,7.27777777777778,7.10139975088968,191,108,22,18,281,49743,32799,16944,4670,8353,41390,7.07729833544418,7.33649796365743,6.57555797863551,6.38839293361884,6.97317780079014,7.09831111210437,248
"250",2022,3,6.93256593220339,236,7.29714167938931,6.47771428571429,5.91904761904762,5.845,7.02236495412844,131,105,21,18,218,49979,32930,17049,4691,8371,41608,7.07661491146281,7.33634139902824,6.57495538682621,6.38629183542955,6.97075190180385,7.09791320154778,249
"251",2022,4,6.95427175675676,222,7.1937676056338,6.529166625,5.83636363636364,6.55263157894737,6.99186369458128,142,80,11,19,203,50201,33072,17129,4702,8390,41811,7.07607388279118,7.33572923530479,6.57474153307257,6.38500531688643,6.9698050262217,7.09739831192748,250
"252",2022,5,7.02885635983264,239,7.25971863636364,6.61058823529412,6.13636363636364,6.80263157894737,7.04839395454545,154,85,11,19,220,50440,33226,17214,4713,8409,42031,7.0758501518636,7.33537693192078,6.57491853839898,6.38442499469552,6.96942730051136,7.09714181175799,251
"253",2022,6,6.89552427230047,213,7.23857845588235,6.28961038961039,6.16125,5.9,6.99302407216495,136,77,16,19,194,50653,33362,17291,4729,8428,42225,7.07509186681934,7.33498233349319,6.5736480087907,6.38366990907169,6.96701639416232,7.09666344961516,252
"254",2022,7,7.05159663865546,238,7.35333333333333,6.58936170212766,6,6.83333333333333,7.08307692307692,144,94,15,30,208,50891,33506,17385,4744,8458,42433,7.0749819875813,7.33506120127738,6.57373297210239,6.38245678752108,6.96654222865926,7.09659685056442,253
"255",2022,8,6.93614787769784,278,7.17172491891892,6.46752688172043,6.17777777777778,6.411,6.97250426923077,185,93,18,18,260,51169,33691,17478,4762,8476,42693,7.07422770505579,7.33416430856905,6.573167852157,6.38168311633767,6.96536245516753,7.09584112781955,254
"256",2022,9,6.827568,250,7.13284671532847,6.45745132743363,6.0196,6.61730769230769,6.85197321428571,137,113,20,26,224,51419,33828,17591,4782,8502,42917,7.07302844162663,7.33334899255055,6.57242451935649,6.38016875784191,6.96429806751353,7.094568289256,255
"257",2022,10,6.8725,212,7.14774193548387,6.48465909090909,6.13928571428571,7.11190476190476,6.8461780104712,124,88,14,21,191,51631,33952,17679,4796,8523,43108,7.07220505975092,7.33267111569274,6.5719876531478,6.37946559633028,6.96466175877039,7.09346773847082,256
"258",2022,11,6.90899628252788,269,7.14640718562874,6.52029411764706,6.22857142857143,6.62214285714286,6.94232365145228,167,102,28,28,241,51900,34119,17781,4824,8551,43349,7.07135914142582,7.33175942202292,6.57169111523536,6.37858975953566,6.96354019062098,7.09262744861473,257
"259",2022,12,6.84586055555556,306,7.08994897959184,6.41093936363636,5.60384615384615,6.38103448275862,6.89452465703971,196,110,26,29,277,52206,34315,17891,4850,8580,43626,7.07003740508754,7.33037825207635,6.57070275837013,6.37443649484536,6.96157134848485,7.09136960986567,258
