"","year","month","avg_rating","no_ratings","avg_rating_owned","avg_rating_not_owned","avg_rating_prev_owned","avg_rating_comment","avg_rating_no_comment","no_ratings_owned","no_ratings_not_owned","no_ratings_prev_owned","no_ratings_comment","no_ratings_no_comment","cum_no_ratings","cum_no_ratings_owned","cum_no_ratings_not_owned","cum_no_ratings_prev_owned","cum_no_ratings_comment","cum_no_ratings_no_comment","cum_avg_rating","cum_avg_rating_owned","cum_avg_rating_not_owned","cum_avg_rating_prev_owned","cum_avg_rating_comment","cum_avg_rating_no_comment","month_after_release"
"1",2001,5,8,1,8,NA,NA,8,NA,1,0,0,1,0,1,1,0,0,1,0,8,8,NA,NA,8,NA,0
"2",2001,6,7.5,2,9,6,NA,9,6,1,1,0,1,1,3,2,1,0,2,1,7.66666666666667,8.5,6,NA,8.5,6,1
"3",2001,7,8,1,8,NA,NA,NA,8,1,0,0,0,1,4,3,1,0,2,2,7.75,8.33333333333333,6,NA,8.5,7,2
"4",2001,8,7,1,NA,7,NA,7,NA,0,1,0,1,0,5,3,2,0,3,2,7.6,8.33333333333333,6.5,NA,8,7,3
"5",2001,9,7.66666666666667,3,7.66666666666667,NA,NA,7,8,3,0,0,1,2,8,6,2,0,4,4,7.625,8,6.5,NA,7.75,7.5,4
"6",2001,10,8,1,8,NA,NA,NA,8,1,0,0,0,1,9,7,2,0,4,5,7.66666666666667,8,6.5,NA,7.75,7.6,5
"7",2001,11,6.5,2,8,5,NA,5,8,1,1,0,1,1,11,8,3,0,5,6,7.45454545454545,8,6,NA,7.2,7.66666666666667,6
"8",2001,12,8.5,2,NA,8.5,NA,NA,8.5,0,2,0,0,2,13,8,5,0,5,8,7.61538461538461,8,7,NA,7.2,7.875,7
"9",2002,2,4,1,NA,4,4,4,NA,0,1,1,1,0,14,8,6,1,6,8,7.35714285714286,8,6.5,4,6.66666666666667,7.875,9
"10",2002,3,7,2,7,NA,7,NA,7,2,0,1,0,2,16,10,6,2,6,10,7.3125,7.8,6.5,5.5,6.66666666666667,7.7,10
"11",2002,4,9,1,9,NA,NA,NA,9,1,0,0,0,1,17,11,6,2,6,11,7.41176470588235,7.90909090909091,6.5,5.5,6.66666666666667,7.81818181818182,11
"12",2002,5,5.5,2,8,3,NA,NA,5.5,1,1,0,0,2,19,12,7,2,6,13,7.21052631578947,7.91666666666667,6,5.5,6.66666666666667,7.46153846153846,12
"13",2002,6,7.16666666666667,3,7.16666666666667,NA,NA,NA,7.16666666666667,3,0,0,0,3,22,15,7,2,6,16,7.20454545454545,7.76666666666667,6,5.5,6.66666666666667,7.40625,13
"14",2002,7,5.5,2,8,3,NA,3,8,1,1,0,1,1,24,16,8,2,7,17,7.0625,7.78125,5.625,5.5,6.14285714285714,7.44117647058824,14
"15",2002,8,7.75,4,7.75,NA,NA,NA,7.75,4,0,0,0,4,28,20,8,2,7,21,7.16071428571429,7.775,5.625,5.5,6.14285714285714,7.5,15
"16",2002,9,6.5,2,8,5,5,5,8,1,1,1,1,1,30,21,9,3,8,22,7.11666666666667,7.78571428571429,5.55555555555556,5.33333333333333,6,7.52272727272727,16
"17",2002,10,7,2,7,NA,NA,NA,7,2,0,0,0,2,32,23,9,3,8,24,7.109375,7.71739130434783,5.55555555555556,5.33333333333333,6,7.47916666666667,17
"18",2002,11,5.33333333333333,3,7,4.5,7,2,7,1,2,1,1,2,35,24,11,4,9,26,6.95714285714286,7.6875,5.36363636363636,5.75,5.55555555555556,7.44230769230769,18
"19",2003,1,8.3125,4,8.75,7,NA,NA,8.3125,3,1,0,0,4,39,27,12,4,9,30,7.09615384615385,7.80555555555556,5.5,5.75,5.55555555555556,7.55833333333333,20
"20",2003,2,7.75,4,7.75,NA,NA,NA,7.75,4,0,0,0,4,43,31,12,4,9,34,7.15697674418605,7.79838709677419,5.5,5.75,5.55555555555556,7.58088235294118,21
"21",2003,3,7.4,5,7.25,8,NA,6.75,10,4,1,0,4,1,48,35,13,4,13,35,7.18229166666667,7.73571428571429,5.69230769230769,5.75,5.92307692307692,7.65,22
"22",2003,4,7.25,8,7.42857142857143,6,6,7.75,7.08333333333333,7,1,1,2,6,56,42,14,5,15,41,7.19196428571429,7.68452380952381,5.71428571428571,5.8,6.16666666666667,7.56707317073171,23
"23",2003,5,7.1,5,7.83333333333333,6,NA,NA,7.1,3,2,0,0,5,61,45,16,5,15,46,7.1844262295082,7.69444444444444,5.75,5.8,6.16666666666667,7.51630434782609,24
"24",2003,6,8,5,7.5,10,NA,8.5,6,4,1,0,4,1,66,49,17,5,19,47,7.24621212121212,7.67857142857143,6,5.8,6.65789473684211,7.48404255319149,25
"25",2003,7,7.26470588235294,17,7.64285714285714,7,7,7.4,7.20833333333333,7,10,1,5,12,83,56,27,6,24,59,7.25,7.67410714285714,6.37037037037037,6,6.8125,7.42796610169492,26
"26",2003,8,7,5,7,7,NA,8,6.75,3,2,0,1,4,88,59,29,6,25,63,7.23579545454545,7.63983050847458,6.41379310344828,6,6.86,7.38492063492064,27
"27",2003,9,5.875,4,6.5,5.25,5,5.25,6.5,2,2,1,2,2,92,61,31,7,27,65,7.17663043478261,7.60245901639344,6.33870967741935,5.85714285714286,6.74074074074074,7.35769230769231,28
"28",2003,10,7.125,4,7.5,6,NA,8.5,6.66666666666667,3,1,0,1,3,96,64,32,7,28,68,7.17447916666667,7.59765625,6.328125,5.85714285714286,6.80357142857143,7.32720588235294,29
"29",2003,11,7,1,NA,7,7,NA,7,0,1,1,0,1,97,64,33,8,28,69,7.17268041237113,7.59765625,6.34848484848485,6,6.80357142857143,7.32246376811594,30
"30",2003,12,7.2,5,7,8,NA,6,7.5,4,1,0,1,4,102,68,34,8,29,73,7.17401960784314,7.5625,6.39705882352941,6,6.77586206896552,7.33219178082192,31
"31",2004,1,7.8,5,7.75,8,NA,7,8,4,1,0,1,4,107,72,35,8,30,77,7.20327102803738,7.57291666666667,6.44285714285714,6,6.78333333333333,7.36688311688312,32
"32",2004,2,7.28571428571429,7,7.5,6,6,5.5,8,6,1,1,2,5,114,78,36,9,32,82,7.20833333333333,7.56730769230769,6.43055555555556,6,6.703125,7.40548780487805,33
"33",2004,3,8.06666666666667,12,8.36666666666667,7.16666666666667,8,8.6,7.68571428571429,9,3,1,5,7,126,87,39,10,37,89,7.29007936507936,7.65,6.48717948717949,6.2,6.95945945945946,7.42752808988764,34
"34",2004,4,5.6875,4,6.875,4.5,NA,7,5.25,2,2,0,1,3,130,89,41,10,38,92,7.24076923076923,7.63258426966292,6.39024390243902,6.2,6.96052631578947,7.35652173913043,35
"35",2004,5,8.07142857142857,7,7.66666666666667,8.375,NA,8.25,8,3,4,0,2,5,137,92,45,10,40,97,7.28321167883212,7.63369565217391,6.56666666666667,6.2,7.025,7.38969072164948,36
"36",2004,6,7.3,5,7.375,7,NA,7.83333333333333,6.5,4,1,0,3,2,142,96,46,10,43,99,7.28380281690141,7.62291666666667,6.57608695652174,6.2,7.08139534883721,7.37171717171717,37
"37",2004,7,6.21428571428571,7,7,5.625,6.5,4.83333333333333,7.25,3,4,1,3,4,149,99,50,11,46,103,7.23355704697987,7.6040404040404,6.5,6.22727272727273,6.93478260869565,7.36699029126214,38
"38",2004,8,8.08333333333333,6,8.125,8,NA,5,8.7,4,2,0,1,5,155,103,52,11,47,108,7.26645161290323,7.62427184466019,6.55769230769231,6.22727272727273,6.8936170212766,7.4287037037037,39
"39",2004,9,6.5,2,NA,6.5,8,NA,6.5,0,2,1,0,2,157,103,54,12,47,110,7.25668789808917,7.62427184466019,6.55555555555556,6.375,6.8936170212766,7.41181818181818,40
"40",2004,10,6.81818181818182,11,6.66666666666667,7.5,7,7.5,6.42857142857143,9,2,1,4,7,168,112,56,13,51,117,7.22797619047619,7.54732142857143,6.58928571428571,6.42307692307692,6.94117647058824,7.35299145299145,41
"41",2004,11,7.75,4,8,7,NA,7,8,3,1,0,1,3,172,115,57,13,52,120,7.24011627906977,7.55913043478261,6.59649122807018,6.42307692307692,6.94230769230769,7.36916666666667,42
"42",2004,12,6.66666666666667,3,6.66666666666667,NA,NA,6.5,7,3,0,0,2,1,175,118,57,13,54,121,7.23028571428571,7.5364406779661,6.59649122807018,6.42307692307692,6.92592592592593,7.36611570247934,43
"43",2005,1,7.54545454545455,11,8.57142857142857,5.75,NA,8,7.16666666666667,7,4,0,5,6,186,125,61,13,59,127,7.2489247311828,7.5944,6.54098360655738,6.42307692307692,7.01694915254237,7.35669291338583,44
"44",2005,2,7.42,5,7.03333333333333,8,NA,NA,7.42,3,2,0,0,5,191,128,63,13,59,132,7.25340314136126,7.58125,6.58730158730159,6.42307692307692,7.01694915254237,7.35909090909091,45
"45",2005,3,7.83333333333333,12,8.33333333333333,7.33333333333333,7.33333333333333,8.66666666666667,7.55555555555556,6,6,3,3,9,203,134,69,16,62,141,7.28768472906404,7.61492537313433,6.65217391304348,6.59375,7.09677419354839,7.37163120567376,46
"46",2005,4,7.1,5,7.375,6,NA,8.5,6.16666666666667,4,1,0,2,3,208,138,70,16,64,144,7.28317307692308,7.60797101449275,6.64285714285714,6.59375,7.140625,7.34652777777778,47
"47",2005,5,7.98333333333333,6,8.38,6,NA,7.975,8,5,1,0,4,2,214,143,71,16,68,146,7.30280373831776,7.63496503496504,6.63380281690141,6.59375,7.18970588235294,7.3554794520548,48
"48",2005,6,7.15384615384615,13,7.7,5.33333333333333,NA,7.33333333333333,7,10,3,0,6,7,227,153,74,16,74,153,7.2942731277533,7.63921568627451,6.58108108108108,6.59375,7.20135135135135,7.33921568627451,49
"49",2005,7,7,5,7.5,6.66666666666667,NA,NA,7,2,3,0,0,5,232,155,77,16,74,158,7.28793103448276,7.63741935483871,6.58441558441558,6.59375,7.20135135135135,7.32848101265823,50
"50",2005,8,7.41666666666667,6,7,7.5,NA,7,7.5,1,5,0,1,5,238,156,82,16,75,163,7.29117647058824,7.63333333333333,6.64024390243902,6.59375,7.19866666666667,7.33374233128834,51
"51",2005,9,7.27272727272727,11,7.66666666666667,5.5,NA,8,6.66666666666667,9,2,0,5,6,249,165,84,16,80,169,7.29036144578313,7.63515151515152,6.61309523809524,6.59375,7.24875,7.31005917159763,52
"52",2005,10,6.66666666666667,6,7.66666666666667,5.66666666666667,NA,6.5,7,3,3,0,4,2,255,168,87,16,84,171,7.2756862745098,7.63571428571429,6.58045977011494,6.59375,7.21309523809524,7.30643274853801,53
"53",2005,11,7.08333333333333,6,7.5,6.66666666666667,8,6.83333333333333,7.33333333333333,3,3,1,3,3,261,171,90,17,87,174,7.27126436781609,7.63333333333333,6.58333333333333,6.67647058823529,7.2,7.30689655172414,54
"54",2005,12,7.2125,8,8.2,5.56666666666667,NA,8.33333333333333,6.54,5,3,0,3,5,269,176,93,17,90,179,7.26951672862454,7.64943181818182,6.5505376344086,6.67647058823529,7.23777777777778,7.2854748603352,55
"55",2006,1,7.39285714285714,14,7.85,6.25,7,7.6,7.27777777777778,10,4,2,5,9,283,186,97,19,95,188,7.2756183745583,7.66021505376344,6.53814432989691,6.71052631578947,7.25684210526316,7.28510638297872,56
"56",2006,2,7.10714285714286,14,7.44444444444444,6.5,7,6.92857142857143,7.28571428571429,9,5,1,7,7,297,195,102,20,102,195,7.26767676767677,7.65025641025641,6.53627450980392,6.725,7.2343137254902,7.28512820512821,57
"57",2006,3,7.05555555555556,9,7.7,6.25,NA,6.33333333333333,7.41666666666667,5,4,0,3,6,306,200,106,20,105,201,7.26143790849673,7.6515,6.52547169811321,6.725,7.20857142857143,7.28905472636816,58
"58",2006,4,7.3,5,7.3,NA,NA,7.5,7,5,0,0,3,2,311,205,106,20,108,203,7.2620578778135,7.64292682926829,6.52547169811321,6.725,7.21666666666667,7.28620689655172,59
"59",2006,5,8,7,7.8,8.5,NA,10,7.66666666666667,5,2,0,1,6,318,210,108,20,109,209,7.27830188679245,7.64666666666667,6.56203703703704,6.725,7.24220183486239,7.29712918660287,60
"60",2006,6,7.6875,8,8,7.16666666666667,8,7.91666666666667,7,5,3,1,6,2,326,215,111,21,115,211,7.28834355828221,7.65488372093023,6.57837837837838,6.78571428571429,7.27739130434783,7.29431279620853,61
"61",2006,7,8.16666666666667,9,8.1875,8,NA,8.5,8.07142857142857,8,1,0,2,7,335,223,112,21,117,218,7.31194029850746,7.67399103139013,6.59107142857143,6.78571428571429,7.2982905982906,7.31926605504587,62
"62",2006,8,7.33333333333333,6,8,6.66666666666667,NA,5,7.8,3,3,0,1,5,341,226,115,21,118,223,7.31231671554252,7.6783185840708,6.59304347826087,6.78571428571429,7.27881355932203,7.33004484304933,63
"63",2006,9,6.44444444444444,9,6.8,6,NA,6.2,6.75,5,4,0,5,4,350,231,119,21,123,227,7.29,7.65930735930736,6.57310924369748,6.78571428571429,7.2349593495935,7.31982378854626,64
"64",2006,10,6.975,12,7.58333333333333,6.36666666666667,8,6.875,7.025,6,6,1,4,8,362,237,125,22,127,235,7.27955801104972,7.65738396624473,6.5632,6.84090909090909,7.22362204724409,7.30978723404255,65
"65",2006,11,7.72222222222222,9,7.57142857142857,8.25,NA,7.5,7.83333333333333,7,2,0,3,6,371,244,127,22,130,241,7.29029649595687,7.65491803278689,6.58976377952756,6.84090909090909,7.23,7.32282157676349,66
"66",2006,12,7.43333333333333,12,7.525,7.25,NA,7.5,7.42,8,4,0,2,10,383,252,131,22,132,251,7.29477806788512,7.65079365079365,6.60992366412214,6.84090909090909,7.23409090909091,7.32669322709163,67
"67",2007,1,7.32105263157895,19,7.72222222222222,6.96,7,7.21,7.44444444444444,9,10,3,10,9,402,261,141,25,142,260,7.29601990049751,7.65325670498084,6.63475177304965,6.86,7.23239436619718,7.33076923076923,68
"68",2007,2,6.89908333333333,12,7.5,6.0578,NA,6.75,6.973625,7,5,0,4,8,414,268,146,25,146,268,7.28451449275362,7.64925373134328,6.61499315068493,6.86,7.21917808219178,7.32010820895522,69
"69",2007,3,7.61538461538461,13,7.75,7.4,NA,8,7.44444444444444,8,5,0,4,9,427,276,151,25,150,277,7.29458782201405,7.65217391304348,6.64098675496689,6.86,7.24,7.32414801444043,70
"70",2007,4,8.08333333333333,6,8.3,7,NA,8,8.125,5,1,0,2,4,433,281,152,25,152,281,7.30551732101617,7.66370106761566,6.64334868421053,6.86,7.25,7.33554804270463,71
"71",2007,5,7.92857142857143,7,9.25,7.4,NA,8.375,7.33333333333333,2,5,0,4,3,440,283,157,25,156,284,7.31542954545454,7.67491166077739,6.66744585987261,6.86,7.27884615384615,7.33552464788732,72
"72",2007,6,7.38888888888889,9,7.35714285714286,7.5,NA,7,7.58333333333333,7,2,0,3,6,449,290,159,25,159,290,7.31690200445434,7.66724137931034,6.67791823899371,6.86,7.27358490566038,7.34065172413793,73
"73",2007,7,7.27777777777778,9,7,7.5,8,7.21428571428571,7.5,4,5,1,7,2,458,294,164,26,166,292,7.31613318777292,7.65816326530612,6.70298170731707,6.90384615384615,7.2710843373494,7.34174315068493,74
"74",2007,8,7.21428571428571,7,8,6.625,5,NA,7.21428571428571,3,4,1,0,7,465,297,168,27,166,299,7.3146,7.66161616161616,6.701125,6.83333333333333,7.2710843373494,7.33875919732442,75
"75",2007,9,7.6,7,8.73333333333333,6.75,7,7.66666666666667,7.55,3,4,2,3,4,472,300,172,29,169,303,7.31883262711864,7.67233333333333,6.70226162790698,6.8448275862069,7.27810650887574,7.34154785478548,76
"76",2007,10,7.30769230769231,13,7.83333333333333,6.125,6,7.25,7.35714285714286,9,4,1,6,7,485,309,176,30,175,310,7.31853402061856,7.67702265372168,6.68914204545455,6.81666666666667,7.27714285714286,7.3419,77
"77",2007,11,7.39294117647059,17,7.75,6.88285714285714,5,7.5,7.29777777777778,10,7,1,8,9,502,319,183,31,183,319,7.32105378486056,7.67931034482759,6.69655191256831,6.75806451612903,7.28688524590164,7.34065517241379,78
"78",2007,12,6.72727272727273,11,7,6.4,NA,6.33333333333333,6.875,6,5,0,3,8,513,325,188,31,186,327,7.3083216374269,7.66676923076923,6.68866489361702,6.75806451612903,7.27150537634409,7.3292629969419,79
"79",2008,1,7.19230769230769,13,7.05555555555556,7.5,NA,7.6,6.9375,9,4,0,5,8,526,334,192,31,191,335,7.30545437262357,7.6502994011976,6.70556770833333,6.75806451612903,7.28010471204188,7.31990746268657,80
"80",2008,2,7.28888888888889,9,7.52,7,8,7.6,6.66666666666667,5,4,1,6,3,535,339,196,32,197,338,7.30517570093458,7.64837758112094,6.71157653061225,6.796875,7.28984771573604,7.31410946745562,81
"81",2008,3,6.88,5,7.3,6.25,NA,7.7,6.675,3,2,0,1,4,540,342,198,32,198,342,7.30123888888889,7.6453216374269,6.70691414141414,6.796875,7.29191919191919,7.30663450292398,82
"82",2008,4,6.92307692307692,13,7.14285714285714,6.66666666666667,7,7.16666666666667,6.375,7,6,1,9,4,553,349,204,33,207,346,7.29234900542495,7.6352435530086,6.70573039215686,6.8030303030303,7.28647342995169,7.29586416184971,83
"83",2008,5,7.48588235294118,17,7.8125,7.19555555555556,8.5,7.91666666666667,7.25090909090909,8,9,2,6,11,570,357,213,35,213,357,7.29812105263158,7.63921568627451,6.72642723004695,6.9,7.30422535211268,7.29447899159664,84
"84",2008,6,7.25,23,8.3,6.44230769230769,7.33333333333333,7.45454545454545,7.0625,10,13,3,11,12,593,367,226,38,224,369,7.29625463743676,7.65722070844687,6.71008407079646,6.93421052631579,7.31160714285714,7.28693495934959,85
"85",2008,7,6.3695652173913,23,7.4,6.08333333333333,5.27777777777778,6.11538461538461,6.7,5,18,9,13,10,616,372,244,47,237,379,7.26165422077922,7.65376344086021,6.66384836065574,6.61702127659574,7.24599156118143,7.27144854881267,86
"86",2008,8,7.275,20,8,6.55,7,7.5,7.09090909090909,10,10,1,9,11,636,382,254,48,246,390,7.26207389937107,7.66282722513089,6.65936614173228,6.625,7.25528455284553,7.26635641025641,87
"87",2008,9,7.63125,16,8.21,6.66666666666667,6.75,7.66666666666667,7.62307692307692,10,6,2,3,13,652,392,260,50,249,403,7.27113343558282,7.67678571428571,6.65953461538462,6.63,7.26024096385542,7.2778635235732,88
"88",2008,10,7.51428571428571,35,7.94736842105263,7,6.5,7.4375,7.57894736842105,19,16,5,16,19,687,411,276,55,265,422,7.2835211062591,7.68929440389294,6.67927173913044,6.61818181818182,7.27094339622642,7.29141943127962,89
"89",2008,11,7.4436170212766,47,7.67916666666667,7.19782608695652,7.875,7.08611111111111,7.66551724137931,24,23,4,18,29,734,435,299,59,283,451,7.29377247956403,7.68873563218391,6.71916053511706,6.70338983050847,7.25918727915194,7.31547450110865,90
"90",2008,12,7.33055555555556,36,7.68888888888889,6.97222222222222,7.5,7.4,7.3,18,18,3,11,25,770,453,317,62,294,476,7.29549220779221,7.6887417218543,6.73352996845426,6.74193548387097,7.26445578231293,7.31466176470588,91
"91",2009,1,7.172,50,7.975,6.63666666666667,6.2,7.21304347826087,7.13703703703704,20,30,5,23,27,820,473,347,67,317,503,7.28796219512195,7.70084566596195,6.72515561959654,6.70149253731343,7.26072555205047,7.30512723658052,92
"92",2009,2,7.36517857142857,56,7.78275862068966,6.91666666666667,8.5,7.68333333333333,7.24878048780488,29,27,1,15,41,876,502,374,68,332,544,7.29289840182648,7.70557768924303,6.73898128342246,6.72794117647059,7.27981927710843,7.30088051470588,93
"93",2009,3,7.29385964912281,57,7.63275862068966,6.94285714285714,7.14285714285714,6.89705882352941,7.4625,29,28,7,17,40,933,531,402,75,349,584,7.29295712754555,7.70160075329567,6.7531815920398,6.76666666666667,7.26117478510029,7.31195034246575,94
"94",2009,4,7.22672413793103,58,7.65344827586207,6.8,7.21666666666667,7.01875,7.30595238095238,29,29,6,16,42,991,560,431,81,365,626,7.28908072653885,7.69910714285714,6.75633178654292,6.8,7.25054794520548,7.31154792332268,95
"95",2009,5,7.08,56,7.67692307692308,6.56266666666667,7,7.35,6.972,26,30,3,16,40,1047,586,461,84,381,666,7.27789780324737,7.6981228668942,6.74372885032538,6.80714285714286,7.25472440944882,7.29115465465466,96
"96",2009,6,7.14907407407407,54,7.57931034482759,6.65,6.08333333333333,7.34166666666667,7.05277777777778,29,25,6,18,36,1101,615,486,90,399,702,7.27157947320618,7.69252032520325,6.73890740740741,6.75888888888889,7.25864661654135,7.2789301994302,97
"97",2009,7,7.44634146341463,41,7.90476190476191,6.965,6.75,7.3125,7.532,21,20,4,16,25,1142,636,506,94,415,727,7.27785376532399,7.69952830188679,6.74784387351779,6.75851063829787,7.26072289156627,7.28763273727648,98
"98",2009,8,7.3051724137931,58,7.73846153846154,6.953125,6.16666666666667,7.56363636363636,7.24468085106383,26,32,6,11,47,1200,662,538,100,426,774,7.27917416666667,7.70105740181269,6.76005390334573,6.723,7.26854460093897,7.28502454780362,99
"99",2009,9,7.26162790697674,43,7.67,6.69444444444444,7.125,7.0625,7.30714285714286,25,18,4,8,35,1243,687,556,104,434,809,7.27856717618665,7.69992721979622,6.75792985611511,6.73846153846154,7.2647465437788,7.28598145859085,100
"100",2009,10,7.18044117647059,68,7.65864864864865,6.60967741935484,7.15,7.33,7.13811320754717,37,31,6,15,53,1311,724,587,110,449,862,7.27347749809306,7.69781767955801,6.75010051107325,6.76090909090909,7.26692650334076,7.27688979118329,101
"101",2009,11,7.28985507246377,69,7.51388888888889,7.04545454545455,7.04545454545455,7.4375,7.24528301886792,36,33,11,16,53,1380,760,620,121,465,915,7.27429637681159,7.6891052631579,6.76582096774194,6.78677685950413,7.27279569892473,7.27505901639344,102
"102",2009,12,7.27662337662338,77,7.69761904761905,6.77142857142857,6.9,7.27894736842105,7.27586206896552,42,35,10,19,58,1457,802,655,131,484,973,7.27441935483871,7.68955112219451,6.76612061068702,6.79541984732824,7.27303719008265,7.27510688591984,103
"103",2010,1,6.86419230769231,78,7.60281578947368,6.1625,6.42857142857143,6.70316666666667,6.9125,38,40,7,18,60,1535,840,695,138,502,1033,7.25357394136808,7.68562738095238,6.73137985611511,6.7768115942029,7.25260358565737,7.25404549854792,104
"104",2010,2,7.40111111111111,45,7.65217391304348,7.13863636363636,7.0625,7.3125,7.42027027027027,23,22,4,8,37,1580,863,717,142,510,1070,7.25777594936709,7.68473580533024,6.74387587168759,6.78485915492958,7.2535431372549,7.25979345794393,105
"105",2010,3,7.39880952380952,42,7.714,6.93529411764706,6.75,7.61428571428571,7.35571428571429,25,17,4,7,35,1622,888,734,146,517,1105,7.26142786683107,7.68555968468469,6.74830926430518,6.78390410958904,7.25842746615087,7.26283167420814,106
"106",2010,4,7.19342105263158,38,7.25,7.13055555555556,7,7.25,7.17833333333333,20,18,4,8,30,1660,908,752,150,525,1135,7.25987108433735,7.67596585903084,6.75745877659575,6.78966666666667,7.25829904761905,7.26059823788546,107
"107",2010,5,6.99565217391304,46,7.20384615384615,6.725,7.83333333333333,7.5,6.7969696969697,26,20,3,13,33,1706,934,772,153,538,1168,7.25274677608441,7.66282334047109,6.75661787564767,6.81013071895425,7.26413940520446,7.24749914383562,108
"108",2010,6,7.16153846153846,39,7.65555555555556,6.73809523809524,7.125,7.13636363636364,7.17142857142857,18,21,8,11,28,1745,952,793,161,549,1196,7.25070830945559,7.66268592436975,6.75612736443884,6.82577639751553,7.26157923497268,7.24571822742475,109
"109",2010,7,7.16122448979592,49,7.64615384615385,6.98611111111111,6.66666666666667,6.86666666666667,7.25675675675676,13,36,9,12,37,1794,965,829,170,561,1233,7.24826421404682,7.66246321243523,6.76611459589867,6.81735294117647,7.25313190730838,7.24604947283049,110
"110",2010,8,7.25188679245283,53,7.80178571428571,6.636,6.8,7.32666666666667,7.22236842105263,28,25,5,15,38,1847,993,854,175,576,1271,7.24836816459123,7.66639174219537,6.7623056206089,6.81685714285714,7.255046875,7.24534146341463,111
"111",2010,9,6.83421052631579,38,7.51666666666667,6.51923076923077,6.35714285714286,5.92857142857143,7.03870967741936,12,26,7,7,31,1885,1005,880,182,583,1302,7.24001909814324,7.6646039800995,6.75512386363636,6.79917582417582,7.23912006861064,7.24042165898618,112
"112",2010,10,7.14418604651163,43,7.785,6.58695652173913,7.375,6.58333333333333,7.36129032258065,20,23,4,12,31,1928,1025,903,186,595,1333,7.23788174273859,7.66695317073171,6.75084053156146,6.81155913978495,7.22589411764706,7.24323255813954,113
"113",2010,11,7.0048,50,7.43653846153846,6.53708333333333,5.5,6.43333333333333,7.24971428571429,26,24,8,15,35,1978,1051,927,194,610,1368,7.23198988877654,7.66125309229306,6.74530636461705,6.75747422680412,7.20640491803279,7.24339839181287,114
"114",2010,12,6.82868852459016,61,7.37727272727273,6.51923076923077,6.875,7.02941176470588,6.75113636363636,22,39,4,17,44,2039,1073,966,198,627,1412,7.21992447278077,7.65543056849953,6.73617908902692,6.75984848484848,7.20160606060606,7.22805878186969,115
"115",2011,1,7.25078125,64,7.51034482758621,7.03571428571429,7.63333333333333,7.96153846153846,7.06960784313725,29,35,12,13,51,2103,1102,1001,210,640,1463,7.22086352829291,7.65161252268603,6.74665234765235,6.8097619047619,7.2170421875,7.22253520164046,116
"116",2011,2,6.52,45,7.16428571428571,6.22903225806452,6.6375,6.34285714285714,6.55263157894737,14,31,8,7,38,2148,1116,1032,218,647,1501,7.20618063314711,7.64549910394265,6.73110368217054,6.80344036697248,7.20758423493045,7.20557561625583,117
"117",2011,3,6.7578947368421,38,7.32647058823529,6.29761904761905,6.1,6.39285714285714,6.97083333333333,17,21,5,14,24,2186,1133,1053,223,661,1525,7.1983879231473,7.64071226831421,6.72245868945869,6.78766816143498,7.19032829046899,7.20188131147541,118
"118",2011,4,7.05166666666667,30,7.96818181818182,6.52105263157895,6.9,7.5,6.88863636363636,11,19,5,8,22,2216,1144,1072,228,669,1547,7.19640162454873,7.64386101398601,6.71888899253731,6.79013157894737,7.19403139013453,7.19742663219134,119
"119",2011,5,7.06395348837209,43,7.78529411764706,6.59230769230769,6.76666666666667,7.015625,7.09259259259259,17,26,6,16,27,2259,1161,1098,234,685,1574,7.19388047808765,7.64593195521102,6.71589162112933,6.78952991452991,7.18986423357664,7.19562833545108,120
"120",2011,6,6.79310344827586,29,7.24545454545455,6.51666666666667,6.125,6.66666666666667,6.82608695652174,11,18,4,6,23,2288,1172,1116,238,691,1597,7.1888006993007,7.64217320819113,6.71267831541219,6.77836134453781,7.18532127351664,7.19030619912335,121
"121",2011,7,6.88888888888889,27,7.8125,6.5,5.33333333333333,6.81818181818182,6.9375,8,19,3,11,16,2315,1180,1135,241,702,1613,7.18530280777538,7.64332796610169,6.70911806167401,6.7603734439834,7.17956837606838,7.18779851208927,122
"122",2011,8,6.95882352941176,34,7.54545454545455,6.67826086956522,7.52,6.75,7.04583333333333,11,23,5,10,24,2349,1191,1158,246,712,1637,7.18202469135802,7.64242401343409,6.70850518134715,6.77581300813008,7.17353511235955,7.18571716554673,123
"123",2011,9,7.09259259259259,27,7.6,6.79411764705882,7.08333333333333,7.41666666666667,7,10,17,6,6,21,2376,1201,1175,252,718,1658,7.18100841750841,7.6420707743547,6.70974382978723,6.78313492063492,7.17556685236769,7.18336489746683,124
"124",2011,10,7.31951219512195,41,7.97368421052632,6.75454545454545,6.68333333333333,6.96,7.43548387096774,19,22,6,10,31,2417,1220,1197,258,728,1689,7.18335788167149,7.64723524590164,6.71056725146199,6.78081395348837,7.17260576923077,7.18799230313795,125
"125",2011,11,7.14818181818182,55,7.62083333333333,6.78225806451613,6.80555555555556,6.75357142857143,7.28292682926829,24,31,9,14,41,2472,1244,1228,267,742,1730,7.18257524271844,7.64672588424437,6.71237703583062,6.7816479400749,7.16469946091644,7.19024219653179,126
"126",2011,12,6.93103448275862,29,7.65384615384615,6.34375,6.625,6.5,7.09523809523809,13,16,4,8,21,2501,1257,1244,271,750,1751,7.17965853658536,7.64679952267303,6.70763585209003,6.77933579335793,7.15760933333333,7.18910279840091,127
"127",2012,1,7.09,50,7.55555555555556,6.828125,7.08333333333333,6.68181818181818,7.20512820512821,18,32,12,11,39,2551,1275,1276,283,761,1790,7.17790121520972,7.64551137254902,6.71065752351097,6.79222614840989,7.15073193166886,7.18945195530726,128
"128",2012,2,7.35875,40,7.67058823529412,7.12826086956522,7.225,7.0625,7.4328125,17,23,6,8,32,2591,1292,1299,289,769,1822,7.18069316866075,7.64584133126935,6.71805157813703,6.80121107266436,7.14981404421326,7.19372612513721,129
"129",2012,3,7.02333333333333,30,7.28823529411765,6.67692307692308,7.25,7.0625,7.00909090909091,17,13,2,8,22,2621,1309,1312,291,777,1844,7.17889202594429,7.64119709702062,6.71764405487805,6.80429553264605,7.14891505791506,7.19152331887202,130
"130",2012,4,6.984375,32,7.75,6.21875,6.16666666666667,7,6.98,16,16,6,7,25,2653,1325,1328,297,784,1869,7.1765457972107,7.64251094339622,6.71163328313253,6.79141414141414,7.14758545918367,7.18869395398609,131
"131",2012,5,7.1,26,7.76363636363636,6.61333333333333,7.04,6.98,7.12857142857143,11,15,5,5,21,2679,1336,1343,302,789,1890,7.17580291153415,7.64350823353293,6.71053536857781,6.7955298013245,7.14652344740177,7.18802592592593,132
"132",2012,6,7.044,25,7.875,6.65294117647059,7.125,7.2875,6.92941176470588,8,17,4,8,17,2704,1344,1360,306,797,1907,7.17458431952662,7.64488616071428,6.70981544117647,6.79983660130719,7.14793851944793,7.1857205034085,133
"133",2012,7,7.32612903225806,31,7.78823529411765,6.765,7,7.1875,7.37434782608696,17,14,1,8,23,2735,1361,1374,307,805,1930,7.17630201096892,7.64667670830272,6.71037772925764,6.80048859934853,7.14833167701863,7.18796839378238,134
"134",2012,8,6.58275862068966,29,6.45,6.63333333333333,6.66666666666667,7.01428571428571,6.44545454545455,8,21,6,7,22,2764,1369,1395,313,812,1952,7.17007452966715,7.63968371073776,6.70921792114695,6.7979233226837,7.14717610837438,7.17959989754098,135
"135",2012,9,6.82962962962963,27,7.38666666666667,6.13333333333333,5.76666666666667,6.28,7.15294117647059,15,12,3,10,17,2791,1384,1407,316,822,1969,7.16678108204944,7.63694147398844,6.70430632551528,6.7881329113924,7.13662652068127,7.17936973082783,136
"136",2012,10,6.70689655172414,29,7.05714285714286,6.38,6.425,6.95714285714286,6.62727272727273,14,15,4,7,22,2820,1398,1422,320,829,1991,7.16205177304964,7.63113519313304,6.70088537271449,6.78359375,7.13511097708082,7.17326921145153,137
"137",2012,11,6.79553191489362,47,7.29090909090909,6.3596,5.71428571428571,6.42222222222222,6.88394736842105,22,25,7,9,38,2867,1420,1447,327,838,2029,7.15604325078479,7.62586408450704,6.69498894263995,6.76070336391437,7.12745465393795,7.16785066535239,138
"138",2012,12,6.825,32,7.23846153846154,6.54210526315789,6.75714285714286,7.3,6.73703703703704,13,19,7,5,27,2899,1433,1466,334,843,2056,7.15238909968955,7.62234961618981,6.69300750341064,6.76062874251497,7.12847805456702,7.16219309338521,139
"139",2013,1,6.84347826086957,46,7.515,6.32692307692308,6.16666666666667,6.6375,6.95333333333333,20,26,15,16,30,2945,1453,1492,349,859,2086,7.14756400679117,7.6208719889883,6.68662801608579,6.73510028653295,7.11933294528522,7.15918935762224,140
"140",2013,2,7.29285714285714,28,7.84,6.98888888888889,7.04285714285714,7.93333333333333,7.11818181818182,10,18,7,6,22,2973,1463,1510,356,865,2108,7.14893239152371,7.62236978810663,6.69023112582782,6.74115168539326,7.12497919075145,7.15876138519924,141
"141",2013,3,7.04347826086957,46,7.87727272727273,6.27916666666667,5.75,7.86363636363636,6.78571428571429,22,24,4,11,35,3019,1485,1534,360,876,2143,7.1473256045048,7.62614612794612,6.6837998696219,6.73013888888889,7.13425456621005,7.15266868875408,142
"142",2013,4,6.76789473684211,38,6.94909090909091,6.51875,6,6.6725,6.79333333333333,22,16,5,8,30,3057,1507,1550,365,884,2173,7.14260909388289,7.61626211015262,6.68209612903226,6.72013698630137,7.13007579185521,7.14770777726645,143
"143",2013,5,6.69382978723404,47,7.68411764705882,6.13266666666667,6.45833333333333,6.93,6.62166666666667,17,30,12,11,36,3104,1524,1580,377,895,2209,7.13581378865979,7.61701902887139,6.67166392405063,6.71180371352785,7.12761675977654,7.13913490267089,144
"144",2013,6,6.42083333333333,24,7.525,5.31666666666667,5.83333333333333,6.0375,6.6125,12,12,3,8,16,3128,1536,1592,380,903,2225,7.13032800511509,7.61630013020833,6.66145037688442,6.70486842105263,7.11795902547065,7.13534786516854,145
"145",2013,7,6.96333333333333,30,7.55,6.67,7.14285714285714,7.33333333333333,6.8047619047619,10,20,7,9,21,3158,1546,1612,387,912,2246,7.12874160861305,7.61587128072444,6.6615564516129,6.71279069767442,7.12008442982456,7.13225690115761,146
"146",2013,8,6.90434782608696,23,7.29583333333333,6.47727272727273,7,6.61666666666667,7.08928571428571,12,11,1,9,14,3181,1558,1623,388,921,2260,7.12711914492298,7.61340629011553,6.66030745532964,6.71353092783505,7.11516503800217,7.1319907079646,147
"147",2013,9,6.79285714285714,28,7.68181818181818,6.21764705882353,5.33333333333333,6.12,7.16666666666667,11,17,3,10,18,3209,1569,1640,391,931,2278,7.12420255531318,7.61388591459528,6.65571890243903,6.70294117647059,7.10447583243824,7.13226470588235,148
"148",2013,10,7.05416666666667,24,7.53636363636364,6.64615384615385,6,7.725,6.92,11,13,3,4,20,3233,1580,1653,394,935,2298,7.12368264769564,7.61334620253164,6.65564367816092,6.69758883248731,7.10713048128342,7.13041731940818,149
"149",2013,11,6.95227272727273,44,7.30625,6.75,6.35,6.94444444444444,6.95428571428571,16,28,8,9,35,3277,1596,1681,402,944,2333,7.12138114128776,7.61026754385964,6.65721534800714,6.69067164179104,7.10557944915254,7.12777496785255,150
"150",2013,12,6.90526315789474,38,7.49411764705882,6.42857142857143,6.74,6.125,6.99705882352941,17,21,5,4,34,3315,1613,1702,407,948,2367,7.11890377073906,7.60904339739615,6.65439424206816,6.69127764127764,7.10144198312236,7.12589733840304,151
"151",2014,1,7.09047619047619,42,8.25,6.22083333333333,6.6,7.55,6.946875,18,24,5,10,32,3357,1631,1726,412,958,2399,7.11854810843015,7.61611710606989,6.64836558516802,6.69016990291262,7.106124217119,7.12350937890788,152
"152",2014,2,7.29423076923077,26,7.31153846153846,7.27692307692308,7.05,8.125,7.045,13,13,4,6,20,3383,1644,1739,416,964,2419,7.11989831510494,7.61370863746958,6.65306440483036,6.69362980769231,7.11246576763486,7.12286027284002,153
"153",2014,3,6.84827586206897,29,7.59166666666667,6.32352941176471,6,6.725,6.868,12,17,1,4,25,3412,1656,1756,417,968,2444,7.1175896834701,7.61354891304347,6.64987414578588,6.69196642685851,7.11086466942149,7.12025327332242,154
"154",2014,4,6.98571428571429,14,7.5,6.7,7.3,6.575,7.15,5,9,2,4,10,3426,1661,1765,419,972,2454,7.11705078809107,7.61320710415412,6.65012974504249,6.69486873508353,7.10865946502058,7.12037449062755,155
"155",2014,5,7.30757575757576,33,7.86875,6.77941176470588,5.5,7.33333333333333,7.305,16,17,2,3,30,3459,1677,1782,421,975,2484,7.11886845909222,7.61564519976147,6.65136307519641,6.68919239904988,7.10935076923077,7.12260426731079,156
"156",2014,6,7.30588235294118,17,7.57777777777778,7,7.5,7.36666666666667,7.27272727272727,9,8,4,6,11,3476,1686,1790,425,981,2495,7.1197830840046,7.61544306049821,6.65292122905028,6.69682352941176,7.1109245667686,7.12326613226453,157
"157",2014,7,7.45,31,8.02619047619048,6.24,5.83333333333333,6.87857142857143,7.61666666666667,21,10,3,7,24,3507,1707,1800,428,988,2519,7.12270202452238,7.62049619214996,6.65062722222222,6.69077102803738,7.10927834008097,7.12796705041683,158
"158",2014,8,6.74736842105263,19,7.11666666666667,6.57692307692308,4.75,6.64285714285714,6.80833333333333,6,13,2,7,12,3526,1713,1813,430,995,2531,7.12067952353942,7.61873146526561,6.65009873138445,6.68174418604651,7.10599698492462,7.12645160015804,159
"159",2014,9,7.32608695652174,23,7.99333333333333,6.075,5,7.11428571428571,7.41875,15,8,2,7,16,3549,1728,1821,432,1002,2547,7.12201070724148,7.62198321759259,6.64757221306974,6.67395833333333,7.10605489021956,7.12828778955634,160
"160",2014,10,7.36341463414634,41,7.7125,6.87058823529412,8,7.95,7.1741935483871,24,17,4,10,31,3590,1752,1838,436,1012,2578,7.12476768802228,7.62322317351598,6.64963492927095,6.68612385321101,7.1143942687747,7.12883979829325,161
"161",2014,11,7.67543859649123,57,8.13030303030303,7.05,6.83333333333333,7.7,7.66744186046512,33,24,3,14,43,3647,1785,1862,439,1026,2621,7.13337428023033,7.63259775910364,6.65479538131042,6.6871298405467,7.12238499025341,7.13767607783289,162
"162",2014,12,7.64318181818182,44,8.10952380952381,7.21739130434783,6.91666666666667,7.14285714285714,7.73783783783784,21,23,6,7,37,3691,1806,1885,445,1033,2658,7.13945163912219,7.63814341085271,6.6616599469496,6.69022471910112,7.12252371732817,7.14603047404063,163
"163",2015,1,7.4291935483871,62,8.05636363636364,6.71551724137931,7.08333333333333,7.29375,7.47630434782609,33,29,9,16,46,3753,1839,1914,454,1049,2704,7.14423820943245,7.6456481783578,6.66247596656217,6.69801762114537,7.12513536701621,7.15164903846154,164
"164",2015,2,7.36632653061224,49,7.88703703703704,6.72727272727273,7.42857142857143,7.5,7.34024390243902,27,22,7,8,41,3802,1866,1936,461,1057,2745,7.14710047343503,7.64914094319399,6.66321229338843,6.70911062906724,7.12797256385998,7.15446593806922,165
"165",2015,3,7.54210526315789,38,8.36428571428571,7.0625,6.92857142857143,7.66,7.5,14,24,7,10,28,3840,1880,1960,468,1067,2773,7.151009375,7.6544664893617,6.66810153061224,6.71239316239316,7.1329587628866,7.15795492246664,166
"166",2015,4,7.48648648648649,37,8.03636363636364,6.68,6.16666666666667,7.2,7.53125,22,15,6,5,32,3877,1902,1975,474,1072,2805,7.15421098787722,7.65888380651945,6.66819189873418,6.70548523206751,7.13327145522388,7.16221354723708,167
"167",2015,5,7.62,35,8.4125,6.95263157894737,7.25,8.1,7.47777777777778,16,19,4,8,27,3912,1918,1994,478,1080,2832,7.15837832310838,7.66517049009384,6.67090220661986,6.71004184100418,7.14043240740741,7.16522210451978,168
"168",2015,6,7.51176470588235,34,7.81,7.08571428571429,7.2,7.65,7.46923076923077,20,14,5,8,26,3946,1938,2008,483,1088,2858,7.16142321338064,7.66666511867905,6.67379432270916,6.71511387163561,7.14417922794118,7.1679877536739,169
"169",2015,7,7.33979591836735,49,7.8640625,6.35294117647059,5,8.19166666666667,7.22093023255814,32,17,2,6,43,3995,1970,2025,485,1094,2901,7.16361101376721,7.66987157360406,6.67110074074074,6.7080412371134,7.14992413162706,7.16877249224406,170
"170",2015,8,7.1,55,7.60666666666667,6.492,6.625,7.27777777777778,7.06521739130435,30,25,4,9,46,4050,2000,2050,489,1103,2947,7.16274716049383,7.6689235,6.66891658536585,6.70736196319018,7.15096736174071,7.16715609093994,171
"171",2015,9,7.1,39,7.87619047619048,6.19444444444444,6.8,6.77777777777778,7.19666666666667,21,18,5,9,30,4089,2021,2068,494,1112,2977,7.16214869161164,7.67107718951014,6.66478675048356,6.7082995951417,7.14794694244604,7.16745347665435,172
"172",2015,10,7.6296875,32,7.8,7.19444444444444,6.75,8.14285714285714,7.486,23,9,2,7,25,4121,2044,2077,496,1119,3002,7.16577917981073,7.67252788649706,6.66708184882041,6.70846774193548,7.15417068811439,7.17010626249168,173
"173",2015,11,7.10588235294118,68,7.52432432432432,6.60645161290323,7.17777777777778,7.53636363636364,7.02280701754386,37,31,9,11,57,4189,2081,2108,505,1130,3059,7.1648068751492,7.66989283998077,6.66619022770398,6.71683168316831,7.15789115044248,7.16736155606408,174
"174",2015,12,7.39202898550725,69,7.70833333333333,7.0469696969697,6.94545454545455,7.665625,7.30943396226415,36,33,11,16,53,4258,2117,2141,516,1146,3112,7.16848896195397,7.67054652810581,6.67205931807567,6.72170542635659,7.16497993019197,7.16978116966581,175
"175",2016,1,7.38805970149254,67,7.83255813953488,6.59166666666667,6.94,7.78461538461538,7.29259259259259,43,24,5,13,54,4325,2160,2165,521,1159,3166,7.17189040462428,7.67377175925925,6.67116812933025,6.72380038387716,7.17193011216566,7.17187586860392,176
"176",2016,2,7.65294117647059,51,8.15344827586207,6.99318181818182,7.33333333333333,7.6875,7.64651162790698,29,22,3,8,43,4376,2189,2187,524,1167,3209,7.17749680073126,7.6801265417999,6.67440740740741,6.72729007633588,7.17546443873179,7.17823589903397,177
"177",2016,3,7.48509433962264,53,7.75214285714286,7.186,7,7.41363636363636,7.50380952380952,28,25,4,11,42,4429,2217,2212,528,1178,3251,7.18117769248137,7.68103608479927,6.68018942133815,6.72935606060606,7.17768845500849,7.18244201784067,178
"178",2016,4,7.16041666666667,48,7.39655172413793,6.8,6.75,6.71428571428571,7.23658536585366,29,19,4,7,41,4477,2246,2231,532,1185,3292,7.1809551038642,7.67736286731968,6.68120977140296,6.72951127819549,7.17495105485232,7.18311634264885,179
"179",2016,5,7.50102040816327,49,7.7734375,6.98823529411765,5.5,8.1,7.43295454545455,32,17,2,5,44,4526,2278,2248,534,1190,3336,7.1844202386213,7.67871246707638,6.68353158362989,6.7249063670412,7.17883781512605,7.18641157074341,180
"180",2016,6,7.5,44,7.99130434782609,6.96190476190476,5.5,7.7,7.47435897435897,23,21,2,5,39,4570,2301,2269,536,1195,3375,7.18745864332604,7.6818370273794,6.68610797708241,6.72033582089552,7.18101841004184,7.18973896296297,181
"181",2016,7,7.52854166666667,48,8.50714285714286,6.76740740740741,6.79166666666667,7.475,7.55058823529412,21,27,6,14,34,4618,2322,2296,542,1209,3409,7.19100389779125,7.68930103359173,6.68706402439024,6.72112546125461,7.18442266335815,7.19333792901144,182
"182",2016,8,7.29444444444444,45,8,6.6195652173913,6.875,6.63636363636364,7.50735294117647,22,23,4,11,34,4663,2344,2319,546,1220,3443,7.19200214454214,7.69221715017065,6.68639456662354,6.72225274725275,7.17948114754098,7.19643886145803,183
"183",2016,9,7.04166666666667,48,7.825,6.48214285714286,5.33333333333333,6.85,7.09210526315789,20,28,3,10,38,4711,2364,2347,549,1230,3481,7.19047038845256,7.69334052453468,6.68395781849169,6.71466302367942,7.17680243902439,7.19529991381787,184
"184",2016,10,7.32241379310345,58,8.08260869565217,6.82285714285714,7.6,7.15555555555556,7.3530612244898,23,35,5,9,49,4769,2387,2382,554,1239,3530,7.19207506814846,7.69709132802681,6.68599874055416,6.72265342960289,7.17664810330912,7.19748980169972,185
"185",2016,11,7.19830508474576,59,7.73428571428571,6.41666666666667,6.9375,7.53333333333333,7.138,35,24,8,9,50,4828,2422,2406,562,1248,3580,7.1921512013256,7.69762881915772,6.68331213632585,6.72571174377224,7.1792203525641,7.19665893854749,186
"186",2016,12,7.19245283018868,53,7.90833333333333,6.6,7.06666666666667,7.34,7.15813953488372,24,29,9,10,43,4881,2446,2435,571,1258,3623,7.19215447654169,7.69969623875715,6.68231991786448,6.73108581436077,7.18049841017488,7.19620176649186,187
"187",2017,1,7.23058139534884,86,7.577,6.74944444444444,6.6125,6.19,7.3675,50,36,8,10,76,4967,2496,2471,579,1268,3699,7.19281981075096,7.69723838141025,6.68329785511938,6.72944732297064,7.17268690851735,7.19972127602055,188
"188",2017,2,7.48354166666667,72,8.12472972972973,6.80571428571429,7.16666666666667,7.77038461538462,7.42033898305085,37,35,6,13,59,5039,2533,2506,585,1281,3758,7.19697380432626,7.70348282668772,6.68500758180367,6.73393162393162,7.1787525370804,7.20318493879724,189
"189",2017,3,7.46857142857143,70,7.795,7.03333333333333,7.33333333333333,7.4,7.47741935483871,40,30,3,8,62,5109,2573,2536,588,1289,3820,7.20069504795459,7.70490555771473,6.68912815457413,6.73698979591836,7.18012567882079,7.20763586387435,190
"190",2017,4,7.41170212765957,47,7.89,6.86818181818182,7.3,8.95,7.22857142857143,25,22,5,5,42,5156,2598,2558,593,1294,3862,7.20261850271528,7.70668668206312,6.69066810007819,6.74173693086003,7.18696445131375,7.20786354220611,191
"191",2017,5,7.69363636363636,55,8.21166666666667,7.072,6.5,7.64642857142857,7.70975609756098,30,25,6,14,41,5211,2628,2583,599,1308,3903,7.20780099788908,7.71245129375951,6.69435888501742,6.73931552587646,7.19188226299694,7.21313579297976,192
"192",2017,6,7.53157894736842,38,8.2,6.78888888888889,6.8,6.74285714285714,7.70967741935484,20,18,5,7,31,5249,2648,2601,604,1315,3934,7.21014497999619,7.7161336858006,6.69501307189542,6.7398178807947,7.18949201520912,7.21704855109304,193
"193",2017,7,7.66170212765957,47,8.17777777777778,6.965,7.1,7.71666666666667,7.65365853658537,27,20,5,6,41,5296,2675,2621,609,1321,3975,7.21415237915408,7.72079327102803,6.69707325448302,6.7427750410509,7.19188644965935,7.22155194968554,194
"194",2017,8,7.128,50,7.81904761904762,6.62758620689655,6,7.44444444444444,7.05853658536585,21,29,8,9,41,5346,2696,2650,617,1330,4016,7.21334661429106,7.72155860534124,6.69631283018868,6.73314424635332,7.1935954887218,7.21988769920319,195
"195",2017,9,7.11851851851852,54,7.64583333333333,6.69666666666667,7.38888888888889,7.14285714285714,7.11,24,30,9,14,40,5400,2720,2680,626,1344,4056,7.21239833333333,7.72089044117647,6.69631679104478,6.74257188498402,7.19306696428571,7.21880399408284,196
"196",2017,10,7.26746031746032,63,7.81166666666667,6.77272727272727,6.08333333333333,6.33333333333333,7.36578947368421,30,33,6,6,57,5463,2750,2713,632,1350,4113,7.21303331502837,7.72188072727272,6.69724622189458,6.73631329113924,7.18924592592592,7.22084099197666,197
"197",2017,11,7.69444444444444,63,8,7.23,7.14285714285714,8.375,7.59545454545455,38,25,7,8,55,5526,2788,2738,639,1358,4168,7.2185217155266,7.72567144906743,6.70211066471877,6.74076682316119,7.19623122238586,7.22578430902111,198
"198",2017,12,7.23534482758621,58,7.48846153846154,7.0296875,6.96666666666667,7.8125,7.143,26,32,9,8,50,5584,2814,2770,648,1366,4218,7.21869645415473,7.72347974413646,6.70589494584838,6.74390432098765,7.19984040995607,7.22480298719773,199
"199",2018,1,7.71438356164384,73,8.26162790697674,6.93,6.83333333333333,7.55882352941176,7.76160714285714,43,30,6,17,56,5657,2857,2800,654,1383,4274,7.22509298214601,7.73157927896395,6.70829607142857,6.7447247706422,7.20425307302964,7.23183645297146,200
"200",2018,2,7.13867924528302,53,7.56730769230769,6.72592592592593,6.1875,7.35714285714286,7.1054347826087,26,27,8,7,46,5710,2883,2827,662,1390,4320,7.22429089316988,7.73009781477627,6.70846444994694,6.73799093655589,7.20502302158273,7.23049050925926,201
"201",2018,3,7.11264150943396,53,8.33190476190476,6.3125,6.75,6.125,7.28822222222222,21,32,6,8,45,5763,2904,2859,668,1398,4365,7.22326409855978,7.7344497245179,6.70403252885624,6.73809880239521,7.1988426323319,7.23108568155785,202
"202",2018,4,7.12826086956522,46,7.45,6.77727272727273,7.55,7.2,7.11951219512195,24,22,2,5,41,5809,2928,2881,670,1403,4406,7.22251179204682,7.7321181693989,6.70459180839986,6.7405223880597,7.19884675694939,7.23004743531548,203
"203",2018,5,7.29149264150943,53,7.86625,6.81583137931035,6.16666666666667,8.42273,7.11934782608696,24,29,6,7,46,5862,2952,2910,676,1410,4452,7.22313546741726,7.73320867208672,6.7057003814433,6.73542899408284,7.20492277304964,7.22890363881402,204
"204",2018,6,7.125,36,7.28888888888889,6.96111111111111,6.5,7.05714285714286,7.14137931034483,18,18,3,7,29,5898,2970,2928,679,1417,4481,7.22253647168532,7.73051582491582,6.70727052937159,6.73438880706922,7.20419273817925,7.22833720151752,205
"205",2018,7,7.3625,32,8.36923076923077,6.67368421052632,6.8,7.53,7.28636363636364,13,19,5,10,22,5930,2983,2947,684,1427,4503,7.22329175548061,7.73329936305732,6.70705399049881,6.73486842105263,7.20647590049054,7.2286206973129,206
"206",2018,8,7.74342105263158,38,8.1578947368421,7.32894736842105,7.66666666666667,7.7,7.75,19,19,3,5,33,5968,3002,2966,687,1432,4536,7.22660357071046,7.73598667554963,6.71103779838166,6.73893740902474,7.20819909916201,7.23241380070547,207
"207",2018,9,7.73469387755102,49,8.388,7.05416666666667,7.14285714285714,7.22222222222222,7.85,25,24,7,9,40,6017,3027,2990,694,1441,4576,7.23074125145421,7.74137165510406,6.71379201003344,6.74301152737752,7.20828668285912,7.23781228146853,208
"208",2018,10,7.17439024390244,41,7.78913043478261,6.38888888888889,6.5,7.38888888888889,7.1140625,23,18,3,9,32,6058,3050,3008,697,1450,4608,7.23035987289535,7.74173180327869,6.71184777593085,6.74196556671449,7.20940766206896,7.23695290798611,209
"209",2018,11,7.01305555555556,36,7.62347826086957,5.93307692307692,3.665,7.45,6.98735294117647,23,13,2,2,34,6094,3073,3021,699,1452,4642,7.22907615851658,7.74084672958021,6.70849656074148,6.73316165951359,7.20973905647383,7.23512473071952,210
"210",2018,12,7.71914893617021,47,7.96666666666667,7.28235294117647,7,8.25714285714286,7.625,30,17,3,7,40,6141,3103,3038,702,1459,4682,7.23282691906856,7.74302997099581,6.71170773864384,6.73430199430199,7.21476429746401,7.2384555745408,211
"211",2019,1,7.28359375,64,7.69310344827586,6.94428571428571,6.46428571428571,7.41666666666667,7.25288461538462,29,35,7,12,52,6205,3132,3073,709,1471,4734,7.23335054149879,7.74256768837803,6.71435669053043,6.73163610719323,7.2164113596193,7.23861406844107,212
"212",2019,2,7.36063829787234,47,7.965,6.91296296296296,6.7,7.08888888888889,7.425,20,27,5,9,38,6252,3152,3100,714,1480,4772,7.23430743921945,7.7439790609137,6.71608648709677,6.73141456582633,7.21563588513513,7.24009828164292,213
"213",2019,3,7.64527272727273,55,8.40375,7.05806451612903,7.21428571428571,7.80666666666667,7.58475,24,31,7,15,40,6307,3176,3131,721,1495,4812,7.23789124940542,7.74896473551637,6.7194724081763,6.73610263522885,7.22156595986622,7.24296321695761,214
"214",2019,4,7.54099571428571,77,8.09144934782609,6.7241935483871,6.375,7.02857142857143,7.59223814285714,46,31,4,7,70,6384,3222,3162,725,1502,4882,7.24154711466165,7.75385433581626,6.71951869386464,6.73411034482758,7.22066651797603,7.24797125563294,215
"215",2019,5,7.77,90,8.33272727272727,6.88571428571429,7,7.6875,7.77804878048781,55,35,4,8,82,6474,3277,3197,729,1510,4964,7.24889354031511,7.76356993286542,6.72133816390366,6.73556927297668,7.22313980794702,7.25672757252216,216
"216",2019,6,7.33688524590164,61,8.00142857142857,6.44230769230769,6.5,8.17222222222222,7.19230769230769,35,26,3,9,52,6535,3312,3223,732,1519,5016,7.24971488599847,7.76608353562802,6.71908721998138,6.73460382513661,7.22876307439104,7.25605974282297,217
"217",2019,7,7.69712643678161,87,8.28645833333333,6.97179487179487,7,7.96153846153846,7.65067567567568,48,39,1,13,74,6622,3360,3262,733,1532,5090,7.25559299003322,7.77351746130952,6.72210855610055,6.73496589358799,7.23498114229765,7.26179679174853,218
"218",2019,8,7.76267605633803,71,8.18125,7.22258064516129,7.26666666666667,7.79166666666667,7.75677966101695,40,31,3,12,59,6693,3400,3293,736,1544,5149,7.26097217690124,7.77831431470588,6.72681995444883,6.73713315217391,7.23930771373057,7.26746857059624,219
"219",2019,9,7.43979803030303,66,8.24149131578947,6.35178571428571,5.64285714285714,7.11538461538461,7.51937113207547,38,28,7,13,53,6759,3438,3321,743,1557,5202,7.26271836810179,7.78343378126818,6.72365796747968,6.72682368775235,7.23827303147077,7.27003505190312,220
"220",2019,10,7.62295081967213,61,8.00833333333333,7.068,6.16666666666667,7.9,7.53260869565217,36,25,3,15,46,6820,3474,3346,746,1572,5248,7.26594038856305,7.78576434657455,6.72623075612672,6.7245710455764,7.24458722010178,7.27233657393293,221
"221",2019,11,7.45074626865672,67,8.04358974358974,6.625,6.66666666666667,7.62,7.42105263157895,39,28,3,10,57,6887,3513,3374,749,1582,5305,7.26773826775084,7.78862662681469,6.72539066686426,6.7243391188251,7.24696024652338,7.27393446559849,222
"222",2019,12,7.45594202898551,69,7.97263157894737,6.82258064516129,7.5,7.25454545454545,7.49413793103448,38,31,2,11,58,6956,3551,3405,751,1593,5363,7.26960515382404,7.79059570261898,6.72627550954479,6.72640479360852,7.24701262397991,7.27631593138169,223
"223",2020,1,7.75764705882353,102,8.16524590163935,7.15121951219512,7.54,7.86764705882353,7.73564705882353,61,41,10,17,85,7058,3612,3446,761,1610,5448,7.27665818220459,7.79692285160576,6.73133143064423,6.73709592641261,7.25356590683229,7.28348244126285,224
"224",2020,2,7.33863636363636,88,7.98888888888889,6.65813953488372,6.2875,7.525,7.30921052631579,45,43,8,12,76,7146,3657,3489,769,1622,5524,7.27742141757627,7.79928502597758,6.73042938091144,6.73241872561768,7.25557405055487,7.28383641202028,225
"225",2020,3,7.743148375,80,8.22846803921569,6.88965517241379,6.9375,7.37012466666667,7.82923076923077,51,29,8,15,65,7226,3708,3518,777,1637,5589,7.28257754220869,7.80518802858684,6.73174193007391,6.73453024453024,7.25662368967623,7.29017934156379,226
"226",2020,4,7.58285714285714,49,8.075,6.65647058823529,6,7.86363636363636,7.50157894736842,32,17,5,11,38,7275,3740,3535,782,1648,5627,7.28460004398625,7.8074965802139,6.73137994625177,6.72983375959079,7.26067535194174,7.29160695574907,227
"227",2020,5,7.79255319148936,47,8.25833333333333,6.97058823529412,7,8,7.74342105263158,30,17,1,9,38,7322,3770,3552,783,1657,5665,7.28786060092871,7.81108414058355,6.73252480574324,6.73017879948914,7.26469099577549,7.29463765931157,228
"228",2020,6,7.59067796610169,59,7.77820512820513,7.225,6.375,7.635,7.58163265306122,39,20,4,10,49,7381,3809,3572,787,1667,5714,7.29028117057309,7.81074749540562,6.7352822256439,6.72837357052096,7.26691240551889,7.29709876443822,229
"229",2020,7,7.55850724637681,69,8.02597674418605,6.78538461538462,5.7,7.14725,7.64508771929825,43,26,5,12,57,7450,3852,3598,792,1679,5771,7.29276541208054,7.81315010643821,6.73564427737632,6.72188131313131,7.26605716497915,7.30053584127534,230
"230",2020,8,7.57159208955224,67,7.96375893617021,6.65,7.5,8.19230769230769,7.42216055555556,47,20,2,13,54,7517,3899,3618,794,1692,5825,7.29525063057071,7.81496560143626,6.73517084300719,6.72384130982367,7.27317374704491,7.30166334935623,231
"231",2020,9,7.6089156626506,83,8.21304347826087,6.85783783783784,6.92857142857143,6.85714285714286,7.67815789473684,46,37,7,7,76,7600,3945,3655,801,1699,5901,7.29867618289474,7.81960732065906,6.73641261559507,6.72563046192259,7.27145967039435,7.30651228774784,232
"232",2020,10,7.68888888888889,81,8.11636363636364,6.78461538461538,7.5,8.09090909090909,7.62571428571429,55,26,2,11,70,7681,4000,3681,803,1710,5971,7.30279117172243,7.82368772,6.7367530861179,6.72755915317559,7.27673098245614,7.3102543979233,233
"233",2020,11,7.67,82,7.99894736842105,6.92,8,8.30555555555556,7.59164383561644,57,25,3,9,73,7763,4057,3706,806,1719,6044,7.30666997166044,7.82615008134089,6.73798923637345,6.7322952853598,7.28211749854566,7.31365304599603,234
"234",2020,12,7.65366972477064,109,8.29428571428571,6.50384615384615,7.10714285714286,7.2,7.74944444444444,70,39,7,19,90,7872,4127,3745,813,1738,6134,7.31147471925813,7.8340903513448,6.73555089719626,6.73552275522755,7.28121978135788,7.32004711607434,235
"235",2021,1,7.4922619047619,84,7.86636363636364,6.78275862068966,5.66666666666667,6.95,7.60071428571429,55,29,6,14,70,7956,4182,3774,819,1752,6204,7.31338348290598,7.83451479674796,6.73591364864865,6.7276923076923,7.2785730479452,7.32321389587363,236
"236",2021,2,7.62971014492754,69,8.1945652173913,6.5,5.5,8,7.56694915254237,46,23,4,10,59,8025,4228,3797,823,1762,6263,7.31610330093458,7.83843209082308,6.73448462207006,6.72172539489672,7.28266741203178,7.32550998083986,237
"237",2021,3,7.43584507042253,71,7.88961538461538,6.8828125,6.46666666666667,7.42088235294118,7.44055555555556,39,32,6,17,54,8096,4267,3829,829,1779,6317,7.31715340785573,7.83889990157019,6.73572423870462,6.71987937273824,7.28398818437324,7.32649343200887,238
"238",2021,4,7.5480701754386,57,7.87470588235294,7.06521739130435,7,7.55,7.54775510204082,34,23,3,8,49,8153,4301,3852,832,1787,6366,7.31876781430148,7.83918295280167,6.73769161734164,6.72088942307692,7.28517905987688,7.32819651429469,239
"239",2021,5,7.36323943661972,71,7.79,6.78,6.75,7.45714285714286,7.35296875,41,30,6,7,64,8224,4342,3882,838,1794,6430,7.31915174975681,7.83871853523722,6.73801857547656,6.72109785202864,7.28585004459308,7.32844308087092,240
"240",2021,6,7.85591403225806,62,8.29421052631579,7.16194458333333,6.625,7.84285714285714,7.85972229166667,38,24,4,14,48,8286,4380,3906,842,1808,6478,7.32316807385952,7.84267029223744,6.74062334357399,6.72064133016627,7.29016315265486,7.33237969743748,241
"241",2021,7,7.41488589041096,73,7.65125,6.9610668,6.33333333333333,7.8,7.38656867647059,48,25,3,5,68,8359,4428,3931,845,1813,6546,7.32396905491087,7.84059527551942,6.74202529890613,6.71926627218935,7.29156921125206,7.33294261380996,242
"242",2021,8,7.74828571428571,70,7.96659574468085,7.30217391304348,7.36666666666667,7.87,7.728,47,23,6,10,60,8429,4475,3954,851,1823,6606,7.32749286154941,7.84191863240223,6.74528362417805,6.72383078730905,7.29474217224355,7.33653078262186,243
"243",2021,9,7.77157894736842,95,8.23859649122807,7.07105263157895,7.75,7.76363636363636,7.77261904761905,57,38,2,11,84,8524,4532,3992,853,1834,6690,7.33244220201783,7.84690774051191,6.74838463176353,6.72623681125439,7.29755451472191,7.3420063303438,244
"244",2021,10,7.6625,56,7.95625,7.27083333333333,7.5,7.44444444444444,7.70425531914894,32,24,3,9,47,8580,4564,4016,856,1843,6737,7.33459642540793,7.84767438212094,6.75150683515936,6.72894859813084,7.29827182854042,7.34453352382366,245
"245",2021,11,7.64222222222222,90,7.90377358490566,7.26756756756757,6.3625,7.15384615384615,7.72467532467532,53,37,8,13,77,8670,4617,4053,864,1856,6814,7.3377897727797,7.8483183625731,6.75621797434,6.72555555555555,7.2972602262931,7.34882922659231,246
"246",2021,12,7.53563829787234,94,8.06320754716981,6.85365853658537,6.5,7.01785714285714,7.62625,53,41,4,14,80,8764,4670,4094,868,1870,6894,7.33991183591967,7.8507571477516,6.75719380801173,6.72451612903226,7.29516843850267,7.35204849869452,247
"247",2022,1,7.64428571428571,140,8.11176470588235,6.92181818181818,7.1,8.02272727272727,7.57372881355932,85,55,5,22,118,8904,4755,4149,873,1892,7012,7.34469758872417,7.8554228980021,6.75937610267535,6.72666666666666,7.30362842494714,7.35577900028523,248
"248",2022,2,7.7452427184466,103,8.17666666666667,6.97567567567568,5.625,8.375,7.6621978021978,66,37,4,12,91,9007,4821,4186,877,1904,7103,7.34927804263351,7.85982075917859,6.7612879718108,6.72164196123147,7.31038076680672,7.35970468112065,249
"249",2022,3,7.87252631578947,95,8.21766666666667,7.28085714285714,6.85714285714286,8.42388888888889,7.74363636363636,60,35,7,18,77,9102,4881,4221,884,1922,7180,7.35473932432432,7.86421960254046,6.76559617389244,6.72271493212669,7.32080904266389,7.36382205431755,250
"250",2022,4,7.80454545454545,110,8.25507246376812,7.04634146341463,6.625,7.67647058823529,7.82795698924731,69,41,4,17,93,9212,4950,4262,888,1939,7273,7.36011043530178,7.86966785454545,6.76829691459409,6.72227477477477,7.32392727178958,7.36975695723911,251
"251",2022,5,7.73170731707317,123,8.18888888888889,7.08627450980392,7.005,7.75892857142857,7.72368421052632,72,51,8,28,95,9335,5022,4313,896,1967,7368,7.36500667702196,7.87424450019912,6.77205690934385,6.72479910714285,7.33011946110828,7.37432035152009,252
"252",2022,6,7.6770141509434,106,8.18559322033898,7.03858510638298,7.92725,7.69736842105263,7.67256896551724,59,47,6,19,87,9441,5081,4360,902,1986,7455,7.36850977968435,7.87785984648691,6.77493003440367,6.73279767184035,7.3336329204431,7.37780091884641,253
"253",2022,7,7.79909090909091,110,8.1695652173913,7.17560975609756,6.5,8.16363636363636,7.75858585858586,69,41,4,11,99,9551,5150,4401,906,1997,7554,7.37346883362999,7.88176813203883,6.77866279254715,6.73176986754967,7.33820479719579,7.3827913489542,254
"254",2022,8,7.89124137931034,116,8.278,7.09736842105263,8.04,7.71052631578947,7.92663917525773,78,38,5,19,97,9667,5228,4439,911,2016,7651,7.37968188993483,7.88767977811782,6.78139106780807,6.73895005488474,7.3417137797619,7.38968629590903,255
"255",2022,9,7.83253012048193,83,7.96603773584906,7.59666666666667,7.075,7.6,7.85733333333333,53,30,4,8,75,9750,5281,4469,915,2024,7726,7.38353690564103,7.88846617686044,6.78686394047886,6.74041912568306,7.34273467391304,7.39422597074813,256
"256",2022,10,7.58252427184466,103,8.090625,6.74871794871795,6.45,7.35,7.61910112359551,64,39,6,14,89,9853,5345,4508,921,2038,7815,7.38561705368923,7.89088678765201,6.78653392857143,6.73852714440825,7.34278458292443,7.39678692898273,257
"257",2022,11,7.84322033898305,118,8.22666666666667,7.17441860465116,6.375,7.72105263157895,7.86666666666667,75,43,4,19,99,9971,5420,4551,925,2057,7914,7.39103247718383,7.89553318819188,6.79019884640739,6.73695513513513,7.34627855128828,7.40266487869598,258
"258",2022,12,7.85396666666667,150,8.22017045454546,7.3341935483871,6.96666666666667,7.90789473684211,7.84614503816794,88,62,6,19,131,10121,5508,4613,931,2076,8045,7.39789347198893,7.90071984023239,6.79751028614785,6.73843555316863,7.35141858381502,7.4098862461156,259
