"","year","month","avg_rating","no_ratings","avg_rating_owned","avg_rating_not_owned","avg_rating_prev_owned","avg_rating_comment","avg_rating_no_comment","no_ratings_owned","no_ratings_not_owned","no_ratings_prev_owned","no_ratings_comment","no_ratings_no_comment","cum_no_ratings","cum_no_ratings_owned","cum_no_ratings_not_owned","cum_no_ratings_prev_owned","cum_no_ratings_comment","cum_no_ratings_no_comment","cum_avg_rating","cum_avg_rating_owned","cum_avg_rating_not_owned","cum_avg_rating_prev_owned","cum_avg_rating_comment","cum_avg_rating_no_comment","month_after_release"
"1",2001,5,5,1,5,NA,NA,NA,5,1,0,0,0,1,1,1,0,0,0,1,5,5,NA,NA,NA,5,0
"2",2001,6,7,3,7,7,7,8,6.5,2,1,1,1,2,4,3,1,1,1,3,6.5,6.33333333333333,7,7,8,6,1
"3",2001,8,7.2,5,7.25,7,7,8,6.66666666666667,4,1,1,2,3,9,7,2,2,3,6,6.88888888888889,6.85714285714286,7,7,8,6.33333333333333,3
"4",2001,9,7.5,4,7.5,NA,NA,7,8,4,0,0,2,2,13,11,2,2,5,8,7.07692307692308,7.09090909090909,7,7,7.6,6.75,4
"5",2001,11,5.66666666666667,3,6,5,NA,5,6,2,1,0,1,2,16,13,3,2,6,10,6.8125,6.92307692307692,6.33333333333333,7,7.16666666666667,6.6,6
"6",2001,12,6.5,4,8,6,NA,NA,6.5,1,3,0,0,4,20,14,6,2,6,14,6.75,7,6.16666666666667,7,7.16666666666667,6.57142857142857,7
"7",2002,1,7,1,7,NA,NA,NA,7,1,0,0,0,1,21,15,6,2,6,15,6.76190476190476,7,6.16666666666667,7,7.16666666666667,6.6,8
"8",2002,2,6.66666666666667,3,8,4,NA,6.66666666666667,NA,2,1,0,3,0,24,17,7,2,9,15,6.75,7.11764705882353,5.85714285714286,7,7,6.6,9
"9",2002,3,7,2,7,NA,NA,NA,7,2,0,0,0,2,26,19,7,2,9,17,6.76923076923077,7.10526315789474,5.85714285714286,7,7,6.64705882352941,10
"10",2002,4,8,1,8,NA,NA,8,NA,1,0,0,1,0,27,20,7,2,10,17,6.81481481481481,7.15,5.85714285714286,7,7.1,6.64705882352941,11
"11",2002,5,7,2,NA,7,NA,6,8,0,2,0,1,1,29,20,9,2,11,18,6.82758620689655,7.15,6.11111111111111,7,7,6.72222222222222,12
"12",2002,6,6.25,6,5.9,8,8,NA,6.25,5,1,1,0,6,35,25,10,3,11,24,6.72857142857143,6.9,6.3,7.33333333333333,7,6.60416666666667,13
"13",2002,8,7.5,5,7.5,NA,NA,10,6.875,5,0,0,1,4,40,30,10,3,12,28,6.825,7,6.3,7.33333333333333,7.25,6.64285714285714,15
"14",2002,9,7,3,7,NA,NA,7,7,3,0,0,1,2,43,33,10,3,13,30,6.83720930232558,7,6.3,7.33333333333333,7.23076923076923,6.66666666666667,16
"15",2002,10,6.8,5,7.66666666666667,5.5,NA,6,7,3,2,0,1,4,48,36,12,3,14,34,6.83333333333333,7.05555555555556,6.16666666666667,7.33333333333333,7.14285714285714,6.70588235294118,17
"16",2002,11,7.6,5,7.5,8,8,7.33333333333333,8,4,1,1,3,2,53,40,13,4,17,36,6.90566037735849,7.1,6.30769230769231,7.5,7.17647058823529,6.77777777777778,18
"17",2002,12,6.33333333333333,3,6.5,6,NA,NA,6.33333333333333,2,1,0,0,3,56,42,14,4,17,39,6.875,7.07142857142857,6.28571428571429,7.5,7.17647058823529,6.74358974358974,19
"18",2003,1,7.35714285714286,7,7.5,6.5,NA,8,7.1,6,1,0,2,5,63,48,15,4,19,44,6.92857142857143,7.125,6.3,7.5,7.26315789473684,6.78409090909091,20
"19",2003,2,7.22222222222222,9,7.25,7,NA,6.5,7.42857142857143,8,1,0,2,7,72,56,16,4,21,51,6.96527777777778,7.14285714285714,6.34375,7.5,7.19047619047619,6.87254901960784,21
"20",2003,3,6.125,4,7.75,4.5,NA,6.25,6,2,2,0,2,2,76,58,18,4,23,53,6.92105263157895,7.16379310344828,6.13888888888889,7.5,7.10869565217391,6.83962264150943,22
"21",2003,4,7.4,5,7.5,7,NA,7,7.5,4,1,0,1,4,81,62,19,4,24,57,6.95061728395062,7.18548387096774,6.18421052631579,7.5,7.10416666666667,6.8859649122807,23
"22",2003,5,6.72222222222222,9,8.125,5.6,NA,7.375,6.2,4,5,0,4,5,90,66,24,4,28,62,6.92777777777778,7.24242424242424,6.0625,7.5,7.14285714285714,6.83064516129032,24
"23",2003,6,7.29166666666667,12,7.72222222222222,6,NA,7.78571428571429,6.6,9,3,0,7,5,102,75,27,4,35,67,6.97058823529412,7.3,6.05555555555556,7.5,7.27142857142857,6.8134328358209,25
"24",2003,7,6.88235294117647,17,7.07142857142857,6,9,7,6.875,14,3,1,1,16,119,89,30,5,36,83,6.95798319327731,7.26404494382022,6.05,7.8,7.26388888888889,6.82530120481928,26
"25",2003,8,6.90625,16,7.57142857142857,6.38888888888889,NA,7.75,6.4,7,9,0,6,10,135,96,39,5,42,93,6.95185185185185,7.28645833333333,6.12820512820513,7.8,7.33333333333333,6.77956989247312,27
"26",2003,9,7.35714285714286,7,8.125,6.33333333333333,NA,7,7.5,4,3,0,2,5,142,100,42,5,44,98,6.97183098591549,7.32,6.14285714285714,7.8,7.31818181818182,6.81632653061224,28
"27",2003,10,6.5,2,6.5,NA,NA,NA,6.5,2,0,0,0,2,144,102,42,5,44,100,6.96527777777778,7.30392156862745,6.14285714285714,7.8,7.31818181818182,6.81,29
"28",2003,11,9,2,9,9,NA,9,9,1,1,0,1,1,146,103,43,5,45,101,6.99315068493151,7.32038834951456,6.2093023255814,7.8,7.35555555555556,6.83168316831683,30
"29",2003,12,7.28571428571429,7,7.4,7,NA,NA,7.28571428571429,5,2,0,0,7,153,108,45,5,45,108,7.00653594771242,7.32407407407407,6.24444444444444,7.8,7.35555555555556,6.86111111111111,31
"30",2004,1,7.92307692307692,13,7.83333333333333,9,NA,7.75,8,12,1,0,4,9,166,120,46,5,49,117,7.07831325301205,7.375,6.30434782608696,7.8,7.38775510204082,6.94871794871795,32
"31",2004,2,6.75,8,7.75,5.75,6,7,6.6,4,4,1,3,5,174,124,50,6,52,122,7.0632183908046,7.38709677419355,6.26,7.5,7.36538461538461,6.9344262295082,33
"32",2004,3,6.95833333333333,12,7.22727272727273,4,NA,7.5,6.85,11,1,0,2,10,186,135,51,6,54,132,7.05645161290323,7.37407407407407,6.2156862745098,7.5,7.37037037037037,6.9280303030303,34
"33",2004,4,7.08333333333333,12,7.4,6.85714285714286,7.33333333333333,7.875,6.6875,5,7,3,4,8,198,140,58,9,58,140,7.05808080808081,7.375,6.29310344827586,7.44444444444444,7.4051724137931,6.91428571428571,35
"34",2004,5,7.75,11,8.03125,7,NA,8.33333333333333,7.53125,8,3,0,3,8,209,148,61,9,61,148,7.0944976076555,7.41047297297297,6.32786885245902,7.44444444444444,7.45081967213115,6.94763513513514,36
"35",2004,6,7.9375,8,8.07142857142857,7,NA,8.5,7.75,7,1,0,2,6,217,155,62,9,63,154,7.12557603686636,7.44032258064516,6.33870967741935,7.44444444444444,7.48412698412698,6.9788961038961,37
"36",2004,7,6.92857142857143,7,8.33333333333333,5.875,6.25,7,6.91666666666667,3,4,2,1,6,224,158,66,11,64,160,7.11941964285714,7.45727848101266,6.31060606060606,7.22727272727273,7.4765625,6.9765625,38
"37",2004,8,7.75,10,7.64285714285714,8,NA,9,7.4375,7,3,0,2,8,234,165,69,11,66,168,7.14636752136752,7.46515151515151,6.38405797101449,7.22727272727273,7.52272727272727,6.99851190476191,39
"38",2004,9,7.25,14,7.27777777777778,7.2,8,8,6.6875,9,5,2,6,8,248,174,74,13,72,176,7.15221774193548,7.45545977011494,6.43918918918919,7.34615384615385,7.5625,6.984375,40
"39",2004,10,7.625,8,7.85714285714286,6,NA,9,7.42857142857143,7,1,0,1,7,256,181,75,13,73,183,7.1669921875,7.47099447513812,6.43333333333333,7.34615384615385,7.58219178082192,7.00136612021858,41
"40",2004,11,6.75,12,6.88888888888889,6.33333333333333,6,NA,6.75,9,3,2,0,12,268,190,78,15,73,195,7.14832089552239,7.44342105263158,6.42948717948718,7.16666666666667,7.58219178082192,6.98589743589744,42
"41",2004,12,7.25,8,7.33333333333333,7,NA,7.75,6.75,6,2,0,4,4,276,196,80,15,77,199,7.15126811594203,7.44005102040816,6.44375,7.16666666666667,7.59090909090909,6.98115577889447,43
"42",2005,1,6.98,10,6.91666666666667,7.075,NA,6.2,7.5,6,4,0,4,6,286,202,84,15,81,205,7.14527972027972,7.42450495049505,6.47380952380952,7.16666666666667,7.52222222222222,6.99634146341463,44
"43",2005,2,6.58333333333333,12,7.16666666666667,6,NA,6,6.77777777777778,6,6,0,3,9,298,208,90,15,84,214,7.12265100671141,7.41706730769231,6.44222222222222,7.16666666666667,7.46785714285714,6.98714953271028,45
"44",2005,3,7.67857142857143,14,8,6.5,NA,7.78571428571429,7.57142857142857,11,3,0,7,7,312,219,93,15,91,221,7.14759615384615,7.44634703196347,6.44408602150538,7.16666666666667,7.49230769230769,7.00565610859729,46
"45",2005,4,7.5625,8,7.64285714285714,7,NA,7.5,7.57142857142857,7,1,0,1,7,320,226,94,15,92,228,7.15796875,7.45243362831858,6.45,7.16666666666667,7.49239130434783,7.02302631578947,47
"46",2005,5,6.63333333333333,15,7.5,5.33333333333333,6,6.8,6.55,9,6,1,5,10,335,235,100,16,97,238,7.1344776119403,7.45425531914894,6.383,7.09375,7.45670103092783,7.0031512605042,48
"47",2005,6,6.8,5,7.66666666666667,5.5,NA,8,6.5,3,2,0,1,4,340,238,102,16,98,242,7.12955882352941,7.45693277310924,6.3656862745098,7.09375,7.46224489795918,6.9948347107438,49
"48",2005,7,7.2,11,7.44444444444444,6.1,NA,7.3,7.11666666666667,9,2,0,5,6,351,247,104,16,103,248,7.13176638176638,7.45647773279352,6.36057692307692,7.09375,7.45436893203883,6.99778225806452,50
"49",2005,8,7.5125,16,7.8,6.88,7,7.54,7.46666666666667,11,5,1,10,6,367,258,109,17,113,254,7.1483651226158,7.47112403100775,6.38440366972477,7.08823529411765,7.46194690265487,7.00885826771654,51
"50",2005,9,6.421875,16,7.20833333333333,5.95,7.83333333333333,6.75,5.7,6,10,3,11,5,383,264,119,20,124,259,7.11801566579634,7.46515151515151,6.34789915966387,7.2,7.39879032258064,6.98359073359073,52
"51",2005,10,7.13571428571429,14,7.28571428571429,6.98571428571429,5.5,7.21111111111111,7,7,7,2,9,5,397,271,126,22,133,264,7.11863979848866,7.46051660516605,6.38333333333333,7.04545454545455,7.38609022556391,6.98390151515152,53
"52",2005,11,7.03125,16,7.15,6.83333333333333,7.5,7,7.03846153846154,10,6,2,3,13,413,281,132,24,136,277,7.11525423728814,7.44946619217082,6.40378787878788,7.08333333333333,7.37757352941176,6.98646209386282,54
"53",2005,12,6.52941176470588,17,6.9,6,7.75,7.1,6.29166666666667,10,7,2,5,12,430,291,139,26,141,289,7.09209302325581,7.43058419243986,6.38345323741007,7.13461538461539,7.3677304964539,6.9576124567474,55
"54",2006,1,6.65454545454545,11,7.125,6.38571428571429,5,6.3,6.95,4,7,1,5,6,441,295,146,27,146,295,7.08117913832199,7.4264406779661,6.38356164383562,7.05555555555556,7.33116438356164,6.95745762711864,56
"55",2006,2,6.47142857142857,7,6.75,6.36,8,6.625,6.26666666666667,2,5,1,4,3,448,297,151,28,150,298,7.07165178571429,7.42188552188552,6.38278145695364,7.08928571428571,7.31233333333333,6.9505033557047,57
"56",2006,3,7.11304347826087,23,7.55,6.11428571428571,7,7.61818181818182,6.65,16,7,1,11,12,471,313,158,29,161,310,7.07367303609342,7.42843450479233,6.37088607594937,7.08620689655172,7.3332298136646,6.93887096774194,58
"57",2006,4,7.20555555555556,18,7.2,7.25,NA,7.5,7.05833333333333,16,2,0,6,12,489,329,160,29,167,322,7.07852760736196,7.41732522796353,6.381875,7.08620689655172,7.33922155688623,6.94332298136646,59
"58",2006,5,6.61538461538461,13,7.3125,5.5,NA,6.78571428571429,6.41666666666667,8,5,0,7,6,502,337,165,29,174,328,7.06653386454183,7.41483679525223,6.35515151515151,7.08620689655172,7.31695402298851,6.93368902439024,60
"59",2006,6,7.01153846153846,13,7.6,6.64375,NA,7.35714285714286,6.60833333333333,5,8,0,7,6,515,342,173,29,181,334,7.06514563106796,7.41754385964912,6.36849710982659,7.08620689655172,7.31850828729282,6.92784431137725,61
"60",2006,7,7.3,16,8.05555555555556,6.32857142857143,NA,7.75,6.85,9,7,0,8,8,531,351,180,29,189,342,7.07222222222222,7.43390313390313,6.36694444444444,7.08620689655172,7.33677248677249,6.92602339181287,62
"61",2006,8,7.01388888888889,18,7.22916666666667,6.58333333333333,6.5,6.61111111111111,7.41666666666667,12,6,3,9,9,549,363,186,32,198,351,7.07030965391621,7.4271349862259,6.3739247311828,7.03125,7.30378787878788,6.93860398860399,63
"62",2006,9,6.80629411764706,17,6.6707,7,8,6.38671428571429,7.1,10,7,1,7,10,566,373,193,33,205,361,7.06237985865724,7.40685522788204,6.39663212435233,7.06060606060606,7.27247317073171,6.94307479224377,64
"63",2006,10,6.72222222222222,18,7.6,5.625,8,6.5,6.78571428571429,10,8,1,4,14,584,383,201,34,209,375,7.0518955479452,7.41189817232376,6.36592039800995,7.08823529411765,7.25768899521531,6.9372,65
"64",2006,11,6.96875,16,7.6,6.68181818181818,7,7.1875,6.75,5,11,2,8,8,600,388,212,36,217,383,7.04967833333333,7.41432216494845,6.38231132075472,7.08333333333333,7.25510138248848,6.93328981723238,66
"65",2006,12,7.38095238095238,21,7.78571428571429,6.57142857142857,7.25,7.22222222222222,7.5,14,7,4,9,12,621,402,219,40,226,395,7.0608808373591,7.42725621890547,6.38835616438356,7.1,7.25379203539823,6.95050632911392,67
"66",2007,1,7.30833333333333,24,7.65625,6.6125,8,7.17272727272727,7.42307692307692,16,8,1,11,13,645,418,227,41,237,408,7.07008837209302,7.43602153110048,6.39625550660793,7.1219512195122,7.25002953586498,6.9655637254902,68
"67",2007,2,6.95032611111111,18,7.5,6.40065222222222,6,6.7,7.04660538461538,9,9,2,5,13,663,427,236,43,242,421,7.06683690799397,7.4373700234192,6.3964231779661,7.06976744186047,7.2386652892562,6.96806619952494,69
"68",2007,3,7.18409090909091,22,7.66666666666667,6.605,7.5,7.14285714285714,7.20333333333333,12,10,2,7,15,685,439,246,45,249,436,7.07060272992701,7.44363781321185,6.40490191056911,7.08888888888889,7.2359718875502,6.97616025229358,70
"69",2007,4,7.16666666666667,9,7.14285714285714,7.25,7.5,7.7,6.5,7,2,1,5,4,694,446,248,46,254,440,7.07184851585014,7.43891704035874,6.41171721774194,7.09782608695652,7.2451062992126,6.97183152272727,71
"70",2007,5,7.10714285714286,14,7.22222222222222,6.9,7.5,7,7.1875,9,5,2,6,8,708,455,253,48,260,448,7.07254642655367,7.43463076923077,6.42136707509881,7.11458333333333,7.23945,6.97568274553571,72
"71",2007,6,6.53636363636364,11,7.6,5.65,7,6.33333333333333,6.6125,5,6,1,3,8,719,460,259,49,263,456,7.06434335187761,7.43642826086957,6.40349756756757,7.11224489795918,7.22911406844107,6.96931111842105,73
"72",2007,7,6.91294117647059,17,7.48181818181818,5.87,3,5.81714285714286,7.68,11,6,1,7,10,736,471,265,50,270,466,7.06084629076087,7.43748832271762,6.39141837735849,7.03,7.19250740740741,6.9845619527897,74
"73",2007,8,6.80526315789474,19,7.11428571428571,6.625,7,6.66666666666667,6.86923076923077,7,12,1,6,13,755,478,277,51,276,479,7.05441439735099,7.43275523012552,6.40153743682311,7.02941176470588,7.18107608695652,6.98143187891441,75
"74",2007,9,7.16428571428571,14,7.2625,7.03333333333333,7,7.32,7.07777777777778,8,6,1,5,9,769,486,283,52,281,488,7.05641465539662,7.42995267489712,6.41493240282686,7.02884615384615,7.18354804270463,6.98320875,76
"75",2007,10,6.69473684210526,19,7.08571428571429,5.6,NA,7.175,6.56666666666667,14,5,0,4,15,788,500,288,52,285,503,7.04769399746193,7.420314,6.40078427083333,7.02884615384615,7.18342807017544,6.97078701789265,77
"76",2007,11,6.78064516129032,31,7.485,5.5,8,7.30555555555556,6.56590909090909,20,11,2,9,22,819,520,299,54,294,525,7.03758592185592,7.42280192307692,6.36764505016722,7.06481481481481,7.18716666666667,6.95382070476191,78
"77",2007,12,6.982,30,7.42,6.325,6.81666666666667,7.25,6.7475,18,12,6,14,16,849,538,311,60,308,541,7.03562175500589,7.42270817843866,6.36599958199357,7.04,7.19002272727273,6.94771879852126,79
"78",2008,1,7.15151515151515,33,7.70588235294118,6.5625,7,7.18333333333333,7.13333333333333,17,16,3,12,21,882,555,327,63,320,562,7.03995790249433,7.43138198198198,6.37561428134557,7.03809523809524,7.189771875,6.95465457295374,80
"79",2008,2,7.03846153846154,13,7.35714285714286,6.66666666666667,6,7.1,7,7,6,1,5,8,895,562,333,64,325,570,7.03993616759776,7.43045729537366,6.38085846846847,7.021875,7.18839076923077,6.955291,81
"80",2008,3,6.62857142857143,21,6.91333333333333,5.91666666666667,NA,6.83333333333333,6.54666666666667,15,6,0,6,15,916,577,339,64,331,585,7.03050531659389,7.41701386481802,6.37264268436578,7.021875,7.18195468277946,6.94481345299145,82
"81",2008,4,7.23684210526316,19,7.38461538461539,6.91666666666667,8,7,7.32142857142857,13,6,2,5,14,935,590,345,66,336,599,7.03469825668449,7.4163,6.38210397101449,7.05151515151515,7.17924702380952,6.9536158096828,83
"82",2008,5,7.15384615384615,13,7.625,6.4,NA,6.9,7.3125,8,5,0,5,8,948,598,350,66,341,607,7.03633214135021,7.41909197324415,6.38235962857143,7.05151515151515,7.17515249266862,6.95834574958814,84
"83",2008,6,6.42857142857143,21,6.8125,6.19230769230769,7.66666666666667,6.72222222222222,6.20833333333333,8,13,3,9,12,969,606,363,69,350,619,7.02316085655315,7.41108415841584,6.37555336088154,7.07826086956522,7.16350571428571,6.94380592891761,85
"84",2008,7,6.68095238095238,21,7.48,5.95454545454545,5.5,6.39090909090909,7,10,11,6,11,10,990,616,374,75,361,629,7.01590188888889,7.41220292207792,6.36317077540107,6.952,7.13996398891967,6.9446993163752,86
"85",2008,8,6.60869565217391,23,7.45,5.96153846153846,6.375,6.57142857142857,6.625,10,13,4,7,16,1013,626,387,79,368,645,7.00665633761106,7.41280670926518,6.349679250646,6.92278481012658,7.12914945652174,6.93676879069767,87
"86",2008,9,6.23076923076923,13,6.6,6,6.33333333333333,6.5,6,5,8,3,6,7,1026,631,395,82,374,652,6.99682540935672,7.40636608557845,6.34259713924051,6.90121951219512,7.11905614973262,6.92671145705522,88
"87",2008,10,7.01818181818182,22,7.63,6.50833333333333,6.8,7,7.02666666666667,10,12,7,7,15,1048,641,407,89,381,667,6.99727373091603,7.40985491419657,6.34748371007371,6.89325842696629,7.1168687664042,6.92895932533733,89
"88",2008,11,7.08695652173913,23,7.66666666666667,6.45454545454545,5.75,7,7.15384615384615,12,11,4,10,13,1071,653,418,93,391,680,6.99919969187675,7.41457427258805,6.35030112440192,6.84408602150538,7.11387979539642,6.93325863235294,90
"89",2008,12,6.5875,20,6.55555555555556,6.61363636363636,6.41666666666667,6.46666666666667,6.63928571428571,9,11,6,6,14,1091,662,429,99,397,694,6.99165249312557,7.40289577039275,6.35705331002331,6.81818181818182,7.10409823677582,6.92732834293948,91
"90",2009,1,6.58333333333333,30,6.85714285714286,6.34375,6.3125,6.54166666666667,6.61111111111111,14,16,8,12,18,1121,676,445,107,409,712,6.9807251293488,7.39159319526627,6.35657498876405,6.7803738317757,7.08759657701712,6.91933408707865,92
"91",2009,2,6.40588235294118,34,7.16363636363636,6.04347826086957,5.61818181818182,5.94444444444444,6.572,11,23,11,9,25,1155,687,468,118,418,737,6.96380335064935,7.38794323144105,6.34118775641026,6.67203389830508,7.06298325358852,6.9075520624152,93
"92",2009,3,6.66724137931034,29,7.08461538461538,6.328125,6.175,6.60714285714286,6.68636363636364,13,16,10,7,22,1184,700,484,128,425,759,6.95653958614865,7.38231,6.34075592975207,6.633203125,7.05547529411765,6.90114080368906,94
"93",2009,4,6.84117647058823,34,7.23636363636364,6.65217391304348,6.42857142857143,7,6.79230769230769,11,23,7,8,26,1218,711,507,135,433,785,6.95331926929393,7.38005203938115,6.35488337278107,6.62259259259259,7.05445034642032,6.89753614012739,95
"94",2009,5,6.88026315789474,38,7.36578947368421,6.39473684210526,6.94444444444444,6.02222222222222,7.14655172413793,19,19,9,9,29,1256,730,526,144,442,814,6.95110897292994,7.37968082191781,6.35632294676806,6.64270833333333,7.03343212669683,6.9064077027027,96
"95",2009,6,6.48484848484848,33,7.125,5.88235294117647,5.78571428571429,6.33333333333333,6.54166666666667,16,17,7,9,24,1289,746,543,151,451,838,6.93917212567882,7.37421849865952,6.341484106814,6.60298013245033,7.01946119733925,6.89596165871122,97
"96",2009,7,7.10416666666667,24,7.5,6.82142857142857,7.52857142857143,7.7,6.94736842105263,10,14,7,5,19,1313,756,557,158,456,857,6.94218801980198,7.37588227513228,6.35354734290844,6.64398734177215,7.02692324561403,6.89710136522754,98
"97",2009,8,6.84444444444444,27,6.92307692307692,6.77142857142857,6.82857142857143,6.4,6.97142857142857,13,14,7,6,21,1340,769,571,165,462,878,6.94021855970149,7.36822756827048,6.363793117338,6.65181818181818,7.01878138528139,6.89887912300683,99
"98",2009,9,6.96,25,7.20833333333333,6.73076923076923,6.8125,6.64285714285714,7.08333333333333,12,13,8,7,18,1365,781,584,173,469,896,6.94058085714286,7.36577080665813,6.37196210616438,6.65924855491329,7.01317057569296,6.90258467633929,100
"99",2009,10,6.99310344827586,29,7.775,6.44117647058824,6.25,6.66666666666667,7.07826086956522,12,17,10,6,23,1394,793,601,183,475,919,6.94167350789096,7.37196343001261,6.37391991680533,6.63688524590164,7.00879368421053,6.9069813601741,101
"100",2009,11,6.21463414634146,41,7.025,5.87931034482759,6.85,6.27777777777778,6.196875,12,29,10,9,32,1435,805,630,193,484,951,6.92090095470383,7.36679130434783,6.35115217460318,6.6479274611399,6.99520041322314,6.88308713985279,102
"101",2009,12,6.48214285714286,28,7.16666666666667,6.15789473684211,5.78571428571429,6.45,6.5,9,19,7,10,18,1463,814,649,200,494,969,6.91250367053999,7.36457862407863,6.34549440677966,6.61775,6.98416396761134,6.87597097007224,103
"102",2010,1,6.51538461538462,26,6.96,6.2375,6.22222222222222,7.12,6.37142857142857,10,16,9,5,21,1489,824,665,209,499,990,6.90556942243116,7.35966868932039,6.34289604511278,6.60071770334928,6.9855250501002,6.86526855555556,104
"103",2010,2,7.6125,20,7.7,7.50555555555556,7.25,7.76666666666667,7.58529411764706,11,9,4,3,17,1509,835,674,213,502,1007,6.91493894632207,7.36415209580838,6.35842117210683,6.61291079812207,6.99019322709163,6.87742390268123,105
"104",2010,3,6.25384615384615,13,7.66,5.375,5,5.65,6.36363636363636,5,8,3,2,11,1522,840,682,216,504,1018,6.90929229303548,7.3659130952381,6.3468854398827,6.59050925925926,6.984875,6.87187217092338,106
"105",2010,4,6.95294117647059,17,8.07857142857143,6.165,5.6,9,6.825,7,10,4,1,16,1539,847,692,220,505,1034,6.90977444444444,7.37180283353011,6.34425703757225,6.5725,6.98886534653465,6.8711468762089,107
"106",2010,5,6.73684210526316,19,7.16666666666667,6,6.5,7,6.64285714285714,12,7,4,5,14,1558,859,699,224,510,1048,6.90766551347882,7.36893713620489,6.34080954220315,6.57120535714286,6.98897450980392,6.86809720419847,108
"107",2010,6,6.28846153846154,13,7.75,5.375,4.8,6.45833333333333,6.14285714285714,5,8,5,6,7,1571,864,707,229,516,1055,6.90254161043921,7.37114236111111,6.32988100424328,6.5325327510917,6.98280426356589,6.86328518483412,109
"108",2010,7,6.81428571428571,14,7.25,6.64,6.58333333333333,7,6.74,4,10,6,4,10,1585,868,717,235,520,1065,6.90176206309148,7.37058410138249,6.33420623430962,6.53382978723404,6.98293653846154,6.86212757746479,110
"109",2010,8,6.51666666666667,18,7.75,5.9,5.875,5.6,6.86923076923077,6,12,4,5,13,1603,874,729,239,525,1078,6.8974378477854,7.37318878718536,6.32705880658436,6.52280334728033,6.96976571428571,6.86221323747681,111
"110",2010,9,6.66666666666667,12,7,6.33333333333333,7,5,6.81818181818182,6,6,1,1,11,1615,880,735,240,526,1089,6.89572313931888,7.37064431818182,6.32711002721088,6.52479166666667,6.96602091254753,6.86176847566575,112
"111",2010,10,6.56666666666667,15,7.3125,5.71428571428571,6.33333333333333,6.25,6.61538461538461,8,7,3,2,13,1630,888,742,243,528,1102,6.89269501226994,7.3701204954955,6.32132866576819,6.5224279835391,6.96330871212121,6.85886195099819,113
"112",2010,11,6.52777777777778,27,7.02083333333333,6.13333333333333,6.9,4.75,6.83695652173913,12,15,5,4,23,1657,900,757,248,532,1125,6.88674886541943,7.36546333333333,6.31760352708058,6.53004032258065,6.94666729323308,6.85841410666667,114
"113",2010,12,6.86666666666667,24,6.70833333333333,7.025,6.26666666666667,6.16666666666667,7.1,12,12,3,6,18,1681,912,769,251,538,1143,6.88646214753123,7.35681688596491,6.3286422236671,6.52689243027888,6.93796840148699,6.86221860892389,115
"114",2011,1,6.62916666666667,24,7.78,5.80714285714286,5.16666666666667,6.5,6.64761904761905,10,14,6,3,21,1705,922,783,257,541,1164,6.88284039296188,7.36140672451193,6.31931784163474,6.49513618677043,6.93553974121996,6.85834696735395,116
"115",2011,2,7.29545454545454,22,7.67857142857143,6.625,7.25,7.79166666666667,7.109375,14,8,2,6,16,1727,936,791,259,547,1180,6.88809662420382,7.36615064102564,6.3224094437421,6.50096525096525,6.94493053016453,6.86175073728814,117
"116",2011,3,7.052,25,7.7,6.62,6.85,6.64285714285714,7.21111111111111,10,15,8,7,18,1752,946,806,267,554,1198,6.89043542808219,7.36967970401691,6.32794772952854,6.51142322097378,6.94111371841155,6.86699989148581,118
"117",2011,4,6.7245,22,7,6.56707142857143,6.9925,6.97,6.69995,8,14,8,2,20,1774,954,820,275,556,1218,6.8883776042841,7.36657966457023,6.33203032926829,6.52541818181818,6.94121762589928,6.86425687192118,119
"118",2011,5,6.58888888888889,18,6.42857142857143,6.69090909090909,6.66666666666667,5.66666666666667,6.77333333333333,7,11,3,3,15,1792,961,831,278,559,1233,6.88536934709821,7.3597471383975,6.33678083032491,6.52694244604317,6.93437745974955,6.86315074614761,120
"119",2011,6,6.70454545454545,22,7.26923076923077,5.88888888888889,5.83333333333333,6.6,6.73529411764706,13,9,6,5,17,1814,974,840,284,564,1250,6.88317633406836,7.35853901437372,6.33198198809524,6.51228873239437,6.93141312056738,6.861411896,121
"120",2011,7,7,20,7.25,6.75,6.66666666666667,7.1875,6.875,10,10,6,8,12,1834,984,850,290,572,1262,6.88445031079607,7.35743597560976,6.33689984705882,6.51548275862069,6.93499475524476,6.86154110142631,122
"121",2011,8,6.78,15,6.96666666666667,6.65555555555556,7.75,7.33333333333333,6.64166666666667,6,9,2,3,12,1849,990,859,292,575,1274,6.88360295835587,7.35506767676768,6.34023849825378,6.52393835616438,6.93707304347826,6.85947007064364,123
"122",2011,9,5.9625,8,7.5,5.45,7.06666666666667,6,5.95714285714286,2,6,3,1,7,1857,992,865,295,576,1281,6.87963482498654,7.35535987903226,6.33406343352601,6.52945762711864,6.93544618055556,6.85453932084309,124
"123",2011,10,6.92857142857143,7,7.125,6.66666666666667,NA,6.5,7,4,3,0,1,6,1864,996,868,295,577,1287,6.87981859978541,7.35443473895582,6.33521298387097,6.52945762711864,6.93469150779896,6.85521745920746,125
"124",2011,11,6.67575757575758,33,7.03333333333333,6.37777777777778,6.5,7.16666666666667,6.56666666666667,15,18,6,6,27,1897,1011,886,301,583,1314,6.87626877701634,7.3496706231454,6.33607773137698,6.52887043189369,6.93707890222985,6.84928833333333,126
"125",2011,12,6.99615384615385,26,7.375,6.67142857142857,7.12857142857143,6.25,7.22,12,14,7,6,20,1923,1023,900,308,589,1334,6.87788968798752,7.34996774193549,6.3412943,6.5425,6.93007979626486,6.85484622938531,127
"126",2012,1,6.21176470588235,34,7.36363636363636,5.66086956521739,6.07142857142857,7.14,6.05172413793103,11,23,7,5,29,1957,1034,923,315,594,1363,6.86631674501788,7.35011315280464,6.32433897074756,6.53203174603174,6.9318468013468,6.83775852531181,128
"127",2012,2,6.65476190476191,21,6.63888888888889,6.66666666666667,6.5,7.17857142857143,6.39285714285714,9,12,6,7,14,1978,1043,935,321,601,1377,6.86407071284125,7.34397603068073,6.32873248128342,6.53143302180685,6.93472046589018,6.83323519970951,129
"128",2012,3,6.9,15,7.58333333333333,6.44444444444444,6.25,7,6.89285714285714,6,9,4,1,14,1993,1049,944,325,602,1391,6.86434112895133,7.34534509056244,6.32983566737288,6.52796923076923,6.93482890365449,6.8338352767793,130
"129",2012,4,7.37,20,7.83333333333333,6.675,6,7.63333333333333,7.32352941176471,12,8,3,3,17,2013,1061,952,328,605,1408,6.86936506209637,7.35086427898209,6.33273620798319,6.52314024390244,6.93829256198347,6.83974777698864,131
"130",2012,5,7.52222222222222,9,8.04,6.875,6.5,8,7.4625,5,4,3,1,8,2022,1066,956,331,606,1416,6.87227095450049,7.35409662288931,6.33500509414226,6.52293051359517,6.94004455445544,6.84326615112994,132
"131",2012,6,6.65,12,7.2,6.25714285714286,6.33333333333333,7,6.58,5,7,3,2,10,2034,1071,963,334,608,1426,6.87095962143559,7.35337721755369,6.33443911734164,6.52122754491018,6.94024177631579,6.84141996493689,133
"132",2012,7,6.66,12,6.875,6.5525,5.66666666666667,6.66666666666667,6.65777777777778,4,8,3,3,9,2046,1075,971,337,611,1435,6.86972232160313,7.35159720930233,6.33623570545829,6.51362017804154,6.93889852700491,6.84026820209059,134
"133",2012,8,7.22727272727273,11,8,6.58333333333333,6.25,7.5,7.07142857142857,5,6,2,4,7,2057,1080,977,339,615,1442,6.87163435585805,7.35459907407407,6.33775319344933,6.51206489675516,6.94254796747967,6.84139033980583,135
"134",2012,9,7.02222222222222,9,7.55,6.6,6.33333333333333,7,7.04,4,5,3,4,5,2066,1084,982,342,619,1447,6.87229035333979,7.35532011070111,6.33908846232179,6.51049707602339,6.94291922455573,6.84207662059433,136
"135",2012,10,6.81875,16,7.48571428571429,6.3,6.64,7.01428571428571,6.66666666666667,7,9,5,7,9,2082,1091,991,347,626,1456,6.87187890009606,7.35615673693859,6.33873347124117,6.51236311239193,6.94371725239617,6.84099235576923,137
"136",2012,11,7.10869565217391,23,7.35,6.92307692307692,6.5,7,7.13157894736842,10,13,4,4,19,2105,1101,1004,351,630,1475,6.87446644655582,7.35610081743869,6.34629967131474,6.51222222222222,6.9440746031746,6.84473550508475,138
"137",2012,12,6.18181818181818,11,8,5.77777777777778,6.5,6,6.28571428571429,2,9,2,4,7,2116,1103,1013,353,634,1482,6.87086572306238,7.35726835902085,6.34124863770977,6.51215297450425,6.93811829652997,6.84209505398111,139
"138",2013,1,6.70526315789474,19,7.3,6.27272727272727,7.1,7.78,6.32142857142857,8,11,5,5,14,2135,1111,1024,358,639,1496,6.8693919765808,7.35685598559856,6.34051256835938,6.52036312849162,6.94470579029734,6.83722250668449,140
"139",2013,2,7,12,7.4,6.71428571428571,7,7.5,6.83333333333333,5,7,1,3,9,2147,1116,1031,359,642,1505,6.87012197019096,7.35704928315412,6.34305031037827,6.5216991643454,6.94730062305296,6.83719924916944,141
"140",2013,3,6.53571428571429,14,7.75,5.625,6.33333333333333,7,6.35,6,8,3,4,10,2161,1122,1039,362,646,1515,6.86795551596483,7.35915062388592,6.33752153031761,6.52013812154696,6.94762693498452,6.83398341254126,142
"141",2013,4,6.63571428571429,14,7,6.49,6.06,6.86666666666667,6.57272727272727,4,10,5,3,11,2175,1126,1049,367,649,1526,6.86646062988506,7.35787477797513,6.33897509056244,6.51386920980926,6.94725269645609,6.83210017693316,143
"142",2013,5,6.5,10,6.25,6.66666666666667,NA,6,6.55555555555556,4,6,0,1,9,2185,1130,1055,367,650,1535,6.86478346453089,7.35395309734513,6.34083873933649,6.51386920980926,6.94579538461538,6.83047874267101,144
"143",2013,6,6.87469230769231,13,7.33333333333333,6.48157142857143,6.79033333333333,7.29033333333333,6.75,6,7,3,3,10,2198,1136,1062,370,653,1545,6.86484207006369,7.35384419014085,6.3417663559322,6.51611081081081,6.94737825421133,6.8299578446602,145
"144",2013,7,6.48333333333333,15,6.99375,5.9,4,5.74,6.855,8,7,1,5,10,2213,1144,1069,371,658,1555,6.86225615454135,7.35132604895105,6.33887359214219,6.50932884097035,6.93820364741641,6.83011888745981,146
"145",2013,8,7.03571428571429,14,7.66666666666667,6.5625,6.5,7.6,6.72222222222222,6,8,5,5,9,2227,1150,1077,376,663,1564,6.86334659631792,7.35297130434783,6.34053469823584,6.50920478723404,6.94319457013575,6.82949799872123,147
"146",2013,9,6.946875,16,7.125,6.76875,6.79166666666667,7.06666666666667,6.875,8,8,6,6,10,2243,1158,1085,382,669,1574,6.86394242978154,7.351396373057,6.34369204608295,6.51364136125654,6.9443019431988,6.82978708386277,148
"147",2013,10,7.41666666666667,12,7.61111111111111,6.83333333333333,7,7,7.45454545454545,9,3,1,1,11,2255,1167,1088,383,670,1585,6.86688375609756,7.35339931448158,6.34504215992647,6.51491122715405,6.94438507462687,6.83412294637224,149
"148",2013,11,6.25952380952381,21,7.06428571428571,5.85714285714286,5.64285714285714,6,6.32058823529412,7,14,7,4,17,2276,1174,1102,390,674,1602,6.8612798198594,7.35167546848382,6.33884380217786,6.49925897435897,6.93878041543027,6.82867345193508,150
"149",2013,12,6.60714285714286,21,7.2,6.06818181818182,NA,7.16666666666667,6.51388888888889,10,11,0,3,18,2297,1184,1113,390,677,1620,6.85895640835873,7.35039442567568,6.33616879604672,6.49925897435897,6.93979025110783,6.82517584567901,151
"150",2014,1,6.80882352941176,17,7.45,5.89285714285714,5,8.1875,6.38461538461539,10,7,3,4,13,2314,1194,1120,393,681,1633,6.8585881028522,7.35122864321608,6.33339809821429,6.48781424936387,6.94711894273128,6.82166862829149,152
"151",2014,2,6.87368421052632,19,7.65,6.01111111111111,6,7,6.85882352941176,10,9,3,2,17,2333,1204,1129,396,683,1650,6.85871104586369,7.35371013289037,6.33082893711249,6.48411868686869,6.9472737920937,6.82205143636364,153
"152",2014,3,6.75,4,8.5,5,NA,3,8,2,2,0,1,3,2337,1206,1131,396,684,1653,6.85852497646555,7.35561111111111,6.32847557029178,6.48411868686869,6.94150292397661,6.82418927404719,154
"153",2014,4,6.49333333333333,15,6.875,6.05714285714286,6,6.83333333333333,6.26666666666667,8,7,4,6,9,2352,1214,1138,400,690,1662,6.85619594812925,7.35244398682043,6.32680656414763,6.4792775,6.94056231884058,6.82117019855596,155
"154",2014,5,6.67916666666667,12,6.6,6.73571428571429,6.96666666666667,7,6.65,5,7,3,1,11,2364,1219,1145,403,691,1673,6.85529732233502,7.34935767022149,6.32930643668122,6.48290570719603,6.9406483357453,6.82004475194262,156
"155",2014,6,6.91666666666667,12,7.25,6.75,6.375,8.5,6.77272727272727,4,8,4,1,11,2376,1223,1153,407,692,1684,6.85560726851852,7.34903270645953,6.3322253859497,6.48184520884521,6.94290173410405,6.81973567102138,157
"156",2014,7,7.09642857142857,14,6.94375,7.3,7,7.5,6.935,8,6,1,4,10,2390,1231,1159,408,696,1694,6.85701793723849,7.34639886271324,6.33723543572045,6.48311519607843,6.94610344827586,6.82041609799292,158
"157",2014,8,6.8,9,8.175,5.7,5.66666666666667,7.75,6.52857142857143,4,5,3,2,7,2399,1235,1164,411,698,1701,6.85680403084618,7.34908259109312,6.33449817010309,6.47715571776156,6.94840687679083,6.81921509112287,159
"158",2014,9,7.06153846153846,13,7.78571428571429,6.21666666666667,6.6,5.76666666666667,7.45,7,6,3,3,10,2412,1242,1170,414,701,1711,6.85790749170812,7.35154347826087,6.33389390598291,6.47804589371981,6.94334950071327,6.822901735827,160
"159",2014,10,6.5,16,6.78571428571429,6.27777777777778,7.125,6.25,6.65,7,9,4,6,10,2428,1249,1179,418,707,1721,6.85554895799011,7.34837229783827,6.33346553859203,6.48423684210526,6.93746534653465,6.82189707728065,161
"160",2014,11,6.1875,16,6.71428571428571,5.77777777777778,6.25,6.6,6,7,9,4,5,11,2444,1256,1188,422,712,1732,6.8511754787234,7.34483837579618,6.32925578282828,6.48201658767772,6.93509550561798,6.81667717667437,162
"161",2014,12,7.01666666666667,21,7.15,6.89545454545455,6.92,7.42,6.890625,10,11,5,5,16,2465,1266,1199,427,717,1748,6.85258534279919,7.34329936808847,6.33445026688907,6.48714519906323,6.9384769874477,6.81735404462243,163
"162",2015,1,6.875,16,7.33333333333333,6.28571428571429,6.33333333333333,8,6.71428571428571,9,7,3,2,14,2481,1275,1206,430,719,1762,6.85272989520355,7.34322901960785,6.3341673880597,6.48607209302326,6.9414297635605,6.81653511350738,164
"163",2015,2,6.71052631578947,19,7.4,5.94444444444444,5.3,8,6.55882352941176,10,9,5,2,17,2500,1285,1215,435,721,1779,6.851649148,7.34367081712062,6.33128055144033,6.47243908045977,6.94436615811373,6.81407243957279,165
"164",2015,3,6.48,15,6.85555555555556,5.91666666666667,6.33333333333333,6.9,6.27,9,6,3,5,10,2515,1294,1221,438,726,1789,6.8494325526839,7.34027588871716,6.32924313677314,6.47148630136986,6.94406060606061,6.81103122973729,166
"165",2015,4,6.17647058823529,17,7.14285714285714,5.5,6,6.5,6.13333333333333,7,10,5,2,15,2532,1301,1231,443,728,1804,6.84491424565561,7.33921368178325,6.32250679935012,6.46616478555305,6.94284065934066,6.80539626940133,167
"166",2015,5,6.94444444444444,9,7.7,6,5,7,6.91666666666667,5,4,1,3,6,2541,1306,1235,444,731,1810,6.84526677292404,7.34059494640123,6.32146224291498,6.46286261261261,6.94307523939808,6.80576512154696,168
"167",2015,6,6.68333333333333,15,7.1,6.475,4.5,6.5,6.84375,5,10,2,7,8,2556,1311,1245,446,738,1818,6.84431645931142,7.33967734553776,6.32269547791165,6.45406053811659,6.93887262872629,6.80593227172717,169
"168",2015,7,5.77777777777778,9,6,5.66666666666667,4.66666666666667,4,6.28571428571429,3,6,3,2,7,2565,1314,1251,449,740,1825,6.84057421832359,7.33661872146119,6.3195490567546,6.44211804008909,6.93092972972973,6.80393691506849,170
"169",2015,8,6.79375,16,7.18571428571429,6.48888888888889,6.5,6.66666666666667,6.82307692307692,7,9,4,3,13,2581,1321,1260,453,743,1838,6.84028394808214,7.33581907645723,6.32075862698413,6.44262913907285,6.92986271870794,6.80407229053319,171
"170",2015,9,6.08888888888889,9,7,5.975,6.5,5,6.225,1,8,2,1,8,2590,1322,1268,455,744,1846,6.83767292277992,7.33556505295008,6.31857718454259,6.44288131868132,6.9272688172043,6.80156276814735,172
"171",2015,10,7.72222222222222,9,8.08333333333333,7,7.5,8.75,7.42857142857143,6,3,1,2,7,2599,1328,1271,456,746,1853,6.84073600230858,7.33894352409639,6.32018557828482,6.44519956140351,6.93215549597855,6.80393139233675,173
"172",2015,11,6.35384615384615,13,7.44285714285714,5.08333333333333,7.5,6.125,6.45555555555556,7,6,2,4,9,2612,1335,1277,458,750,1862,6.838312737366,7.33948838951311,6.31437421299922,6.4498056768559,6.92785066666667,6.80224751342643,174
"173",2015,12,7.44545454545455,11,7.48888888888889,7.25,7,7.7,7.38888888888889,9,2,1,2,9,2623,1344,1279,459,752,1871,6.8408588905833,7.34048883928572,6.31583727130571,6.45100435729847,6.92990425531915,6.8050694120791,175
"174",2016,1,6.375,20,7.5,5.625,6.42857142857143,7.33333333333333,6.20588235294118,8,12,7,3,17,2643,1352,1291,466,755,1888,6.83733366250473,7.34143269230769,6.30941585592564,6.45066738197425,6.93150728476821,6.79967418961865,176
"175",2016,2,6.57142857142857,14,8,5.5,5.75,6.5,6.61111111111111,6,8,4,5,9,2657,1358,1299,470,760,1897,6.83593258185924,7.34434241531664,6.30443100076982,6.44470425531915,6.92866842105263,6.79877958355298,177
"176",2016,3,6.86666666666667,9,7.5,6.55,8,6.8,6.875,3,6,1,1,8,2666,1361,1305,471,761,1905,6.83603633533383,7.34468552534901,6.30556005363985,6.44800636942675,6.92849934296978,6.79909966929134,178
"177",2016,4,6.6875,8,7.5,6.2,6,NA,6.6875,3,5,1,0,8,2674,1364,1310,472,761,1913,6.83559194839192,7.34502712609971,6.30515715267176,6.44705720338983,6.92849934296978,6.79863296915839,179
"178",2016,5,7.34545454545455,11,7.78571428571429,6.575,6.33333333333333,7,7.42222222222222,7,4,3,2,9,2685,1371,1314,475,763,1922,6.83768077094972,7.34727716994894,6.30597859208524,6.44633894736842,6.92868676277851,6.80155300208117,180
"179",2016,6,7.875,6,8,7.75,7.25,7.25,8,3,3,1,1,5,2691,1374,1317,476,764,1927,6.83999363433668,7.34870232896652,6.30926793470008,6.44802731092437,6.92910732984293,6.80466262065387,181
"180",2016,7,6.33333333333333,12,7,6,5.33333333333333,5.5,6.5,4,8,3,2,10,2703,1378,1325,479,766,1937,6.8377443100259,7.34769013062409,6.30740065660377,6.44104592901879,6.92537597911227,6.80308976251936,182
"181",2016,8,7.159375,16,7.3375,6.98125,6.16666666666667,7,7.2125,8,8,3,4,12,2719,1386,1333,482,770,1949,6.83963695108496,7.34763131313132,6.31144476369092,6.43933817427386,6.92576363636364,6.80561050282196,183
"182",2016,9,6.175,10,6.39285714285714,5.66666666666667,4,6.58333333333333,6,7,3,1,3,7,2729,1393,1336,483,773,1956,6.83720149138879,7.34283345297918,6.30999690868263,6.43428778467909,6.92443467011643,6.80272743865031,184
"183",2016,10,6.4125,16,7.0625,5.7625,5.75,6.75,6.3,8,8,4,4,12,2745,1401,1344,487,777,1968,6.834726,7.34123269093505,6.30673799851191,6.42866735112936,6.92353667953668,6.79966202743903,185
"184",2016,11,6.58333333333333,15,7,6.43181818181818,6.66666666666667,7,6.51923076923077,4,11,3,2,13,2760,1405,1355,490,779,1981,6.83335973550724,7.34026120996441,6.3077534095941,6.43012448979592,6.92373299101412,6.79782174154468,186
"185",2016,12,6.35,10,6.7,6,8,NA,6.35,5,5,1,0,10,2770,1410,1360,491,779,1991,6.83161475451263,7.33799078014185,6.30662196323529,6.43332179226069,6.92373299101412,6.79557251130085,187
"186",2017,1,6.91428571428571,14,7.27777777777778,6.26,5.93333333333333,7.45,6.7,9,5,3,4,10,2784,1419,1365,494,783,2001,6.83203048491379,7.3376088794926,6.30645118681319,6.43028542510122,6.9264214559387,6.79509488755622,188
"187",2017,2,7.32142857142857,14,8.22222222222222,5.7,6,7.5,7.27272727272727,9,5,1,3,11,2798,1428,1370,495,786,2012,6.83447922444603,7.34318417366947,6.30423786131387,6.42941616161616,6.9286106870229,6.79770619781312,189
"188",2017,3,7.1,6,7.65,6,6,6.5,7.4,4,2,2,2,4,2804,1432,1372,497,788,2016,6.83504738587731,7.34404120111732,6.30379436588921,6.42768812877264,6.92752284263959,6.79890122519841,190
"189",2017,4,6.42857142857143,14,7.625,5.95,6,6.33333333333333,6.45454545454545,4,10,7,3,11,2818,1436,1382,504,791,2027,6.8330279879347,7.34482381615599,6.3012343487699,6.42174801587302,6.92526927939317,6.79703249629995,191
"190",2017,5,6.76666666666667,12,7.18888888888889,5.5,6.25,6.56666666666667,6.83333333333333,9,3,2,3,9,2830,1445,1385,506,794,2036,6.83274659717314,7.34385259515571,6.29949882310469,6.42106916996047,6.92391435768262,6.79719296168959,192
"191",2017,6,6.975,12,7.7,6.45714285714286,4,5.83333333333333,7.35555555555556,5,7,2,3,9,2842,1450,1392,508,797,2045,6.83334724489796,7.34508068965518,6.30029157327586,6.4115374015748,6.91980928481807,6.79965030317849,193
"192",2017,7,7.37272727272727,11,8,6.85,6.5,9,7.21,5,6,1,1,10,2853,1455,1398,509,798,2055,6.83542687346652,7.34733127147767,6.30265083690987,6.41171119842829,6.92241604010025,6.80164713868613,194
"193",2017,8,6.83333333333333,9,6.75,6.9,6.83333333333333,NA,6.83333333333333,4,5,3,0,9,2862,1459,1403,512,798,2064,6.83542029000698,7.34569362577108,6.30477966500357,6.414181640625,6.92241604010025,6.80178530523256,195
"194",2017,9,6.85,10,7.08333333333333,6.5,7,NA,6.85,6,4,1,0,10,2872,1465,1407,513,798,2074,6.83547105501392,7.34461911262799,6.30533466240228,6.41532358674464,6.92241604010025,6.80201777724205,196
"195",2017,10,5.75333333333333,12,7.04666666666667,5.32222222222222,5.46666666666667,NA,5.75333333333333,3,9,3,0,12,2884,1468,1416,516,798,2086,6.83096840152566,7.34401021798365,6.29908606638418,6.40980813953488,6.92241604010025,6.79598507670182,197
"196",2017,11,6.95454545454545,11,6.78571428571429,7.25,6,7.25,6.88888888888889,7,4,1,2,9,2895,1475,1420,517,800,2095,6.83143795164076,7.3413606779661,6.3017646971831,6.40901547388781,6.923235,6.79638418615752,198
"197",2017,12,6.94,10,7.08333333333333,6.725,6.66666666666667,9,6.71111111111111,6,4,3,1,9,2905,1481,1424,520,801,2104,6.83181165920826,7.34031532748143,6.30295356039326,6.41050192307692,6.9258277153558,6.79601942490495,199
"198",2018,1,6.31052631578947,19,6.85714285714286,5.99166666666667,4.33333333333333,4.83333333333333,6.99230769230769,7,12,3,6,13,2924,1488,1436,523,807,2117,6.828424374145,7.33804233870968,6.30035227715877,6.39858699808795,6.91027013630731,6.79722478507322,200
"199",2018,2,6.8,10,7.5,6.5,6.75,8,6.66666666666667,3,7,2,1,9,2934,1491,1443,525,808,2126,6.82832749488752,7.33836820925554,6.30132076923077,6.39992571428571,6.91161881188119,6.79667209313264,201
"200",2018,3,6.13,8,6.35714285714286,4.54,NA,5.77,6.25,7,1,0,2,6,2942,1498,1444,525,810,2132,6.82642857579877,7.33378304405875,6.30010101800554,6.39992571428571,6.9088,6.7951336163227,202
"201",2018,4,6.25,8,6.9,5.16666666666667,5.5,5.5,6.5,5,3,1,2,6,2950,1503,1447,526,812,2138,6.82486537966102,7.33233998669328,6.29775111955771,6.39821482889734,6.90533004926108,6.79430536482694,203
"202",2018,5,7.06,10,7,7.075,6,6,7.17777777777778,2,8,3,1,9,2960,1505,1455,529,813,2147,6.82565975337838,7.33189833887043,6.30202465292096,6.39595652173913,6.90421648216482,6.79591284117373,204
"203",2018,6,6.48888888888889,9,7.85,5.4,6,6.33333333333333,6.56666666666667,4,5,1,3,6,2969,1509,1460,530,816,2153,6.82463889188279,7.33327170311465,6.29893552739726,6.39520943396226,6.90211764705882,6.79527397584766,205
"204",2018,7,6.9375,8,7.875,6,7,8,6.58333333333333,4,4,2,2,6,2977,1513,1464,532,818,2159,6.82494218004703,7.33470389953735,6.2981187636612,6.39748308270677,6.90480195599022,6.79468497915702,206
"205",2018,8,6.85714285714286,7,7,6.66666666666667,6.66666666666667,NA,6.85714285714286,4,3,3,0,7,2984,1517,1467,535,818,2166,6.82501771782842,7.33382135794331,6.29887244035447,6.39899252336449,6.90480195599022,6.79488682825485,207
"206",2018,9,6.85,10,7,6.7,6,6,7.0625,5,5,1,2,8,2994,1522,1472,536,820,2174,6.82510115898463,7.3327247043364,6.30023496603261,6.39824813432836,6.90259512195122,6.79587160533579,208
"207",2018,10,7.02,14,7.3,6.86444444444444,7.66666666666667,8,6.94461538461538,5,9,3,1,13,3008,1527,1481,539,821,2187,6.82600826795213,7.33261755075311,6.30366365293721,6.40530797773655,6.90393179049939,6.79675577046182,209
"208",2018,11,7.1875,8,7.41666666666667,6.5,NA,NA,7.1875,6,2,0,0,8,3016,1533,1483,539,821,2195,6.82696713196286,7.3329465101109,6.30392843560351,6.40530797773655,6.90393179049939,6.7981798952164,210
"209",2018,12,6.88461538461539,13,7.33333333333333,5.875,6.5,6.5,7,9,4,1,3,10,3029,1542,1487,540,824,2205,6.82721454935622,7.33294876783398,6.3027746267653,6.40548333333333,6.90246116504854,6.79909517913832,211
"210",2019,1,6.61538461538461,13,7.16666666666667,6.14285714285714,6.33333333333333,NA,6.61538461538461,6,7,3,0,13,3042,1548,1494,543,824,2218,6.82630929322814,7.33230426356589,6.3020253480589,6.4050847145488,6.90246116504854,6.79801842651037,212
"211",2019,2,5.88666666666667,15,6.5,5.79230769230769,5.84285714285714,4.6,6.35454545454545,2,13,7,4,11,3057,1550,1507,550,828,2229,6.8216986817141,7.33123032258065,6.29762831453218,6.39792909090909,6.89133816425121,6.79582991027367,213
"212",2019,3,7.08888888888889,9,7.825,6.5,7.3,7,7.13333333333333,4,5,1,3,6,3066,1554,1512,551,831,2235,6.82248299739073,7.33250128700129,6.29829753306878,6.39956624319419,6.89173044524669,6.79673595973154,214
"213",2019,4,7.17083333333333,12,8,6.75625,7.375,NA,7.17083333333333,4,8,2,0,12,3078,1558,1520,553,831,2247,6.82384108836907,7.33421501925546,6.30070780921053,6.40309403254973,6.89173044524669,6.79873380952381,215
"214",2019,5,7.6175,8,7.288,8.16666666666667,NA,6.04,7.84285714285714,5,3,0,1,7,3086,1563,1523,553,832,2254,6.82589853208036,7.33406717850288,6.30438336835194,6.40309403254973,6.89070673076923,6.80197642857143,216
"215",2019,6,6.69166666666667,12,6.51428571428571,6.94,6.85,6.56666666666667,6.73333333333333,7,5,2,3,9,3098,1570,1528,555,835,2263,6.82537858941252,7.33041210191083,6.30646326570681,6.4047045045045,6.88954251497006,6.80170343349536,217
"216",2019,7,5.375,4,NA,5.375,6,NA,5.375,0,4,1,0,4,3102,1570,1532,556,835,2267,6.82350833978078,7.33041210191083,6.30403124673629,6.40397661870504,6.88954251497006,6.79918609175121,218
"217",2019,8,6.54545454545455,11,7.07142857142857,5.625,4.5,5.5,6.9375,7,4,1,3,8,3113,1577,1536,557,838,2275,6.82252581753935,7.32926252377933,6.30226293619792,6.40055834829443,6.88456801909308,6.79967247032967,219
"218",2019,9,6.6625,8,7.66,5,NA,6,7.06,5,3,0,3,5,3121,1582,1539,557,841,2280,6.82211562640179,7.33030783817952,6.29972441195582,6.40055834829443,6.88141260404281,6.80024336403509,220
"219",2019,10,6.81666666666667,12,7.35714285714286,6.06,5.5,6.66666666666667,6.86666666666667,7,5,2,3,9,3133,1589,1544,559,844,2289,6.82209475582508,7.33042605412209,6.29894810233161,6.39733631484794,6.88064928909952,6.8005045303626,221
"220",2019,11,6.82222222222222,9,7,6.73333333333333,6.33333333333333,6.5,6.91428571428571,3,6,3,2,7,3142,1592,1550,562,846,2296,6.82209512094207,7.3298033919598,6.30062959354839,6.39699466192171,6.87974940898345,6.80085142421603,222
"221",2019,12,6.84,10,7.75,6.23333333333333,7,8,6.55,4,6,2,2,8,3152,1596,1556,564,848,2304,6.82215192576142,7.33085651629073,6.30037009640103,6.3991329787234,6.88239150943396,6.79998041232639,223
"222",2020,1,5.625,8,5.66666666666667,5.5,6,NA,5.625,6,2,1,0,8,3160,1602,1558,565,848,2312,6.8191211613924,7.32462359550562,6.29934266367137,6.39842654867257,6.88239150943396,6.79591473615917,224
"223",2020,2,7.075,16,7.16666666666667,6.95714285714286,7.5,7.625,6.89166666666667,9,7,2,4,12,3176,1611,1565,567,852,2324,6.82041022355163,7.32374115456239,6.30228490095847,6.40231216931217,6.8858779342723,6.79640915232358,225
"224",2020,3,6.72,10,7.58333333333333,5.425,NA,7.85,6.4375,6,4,0,2,8,3186,1617,1569,567,854,2332,6.82009506277464,7.32470439084725,6.30004835564054,6.40231216931217,6.88813583138173,6.79517790308748,226
"225",2020,4,6.75,16,7.0625,6.4375,6,6.375,6.875,8,8,4,4,12,3202,1625,1577,571,858,2344,6.81974480637102,7.32341353846154,6.30074563728599,6.3994938704028,6.88574358974359,6.79558654863481,227
"226",2020,5,6.55555555555556,9,6.66666666666667,6.5,6,6.25,6.8,3,6,2,4,5,3211,1628,1583,573,862,2349,6.81900431952663,7.32220331695332,6.30150086544536,6.39809947643979,6.88279350348028,6.79559594295445,228
"227",2020,6,6.22222222222222,9,7.125,5.5,3,6.75,5.8,4,5,1,4,5,3220,1632,1588,574,866,2354,6.81733629503105,7.3217199754902,6.29897724811083,6.39217944250871,6.88218013856813,6.79348125318607,229
"228",2020,7,6.775,12,6.78,6.75,NA,6.43333333333333,6.88888888888889,10,2,0,3,9,3232,1642,1590,574,869,2363,6.81717910581683,7.31842082825822,6.29954457232704,6.39217944250871,6.88063060989643,6.79384463393991,230
"229",2020,8,6.6875,12,6.79166666666667,6.58333333333333,7,6.35,6.92857142857143,6,6,3,5,7,3244,1648,1596,577,874,2370,6.81669940505548,7.31650303398058,6.30061144736842,6.39533968804159,6.87759496567506,6.79424256118144,231
"230",2020,9,7.96875,16,8.15,7.66666666666667,9,8.08333333333333,7.9,10,6,1,6,10,3260,1658,1602,578,880,2380,6.82235364110429,7.32153015681544,6.30572775905119,6.39984602076124,6.88581590909091,6.79888860084034,232
"231",2020,10,6.87142857142857,14,7.8,6.5,6.33333333333333,6.25,7.12,4,10,3,4,10,3274,1662,1612,581,884,2390,6.82256349114233,7.3226817087846,6.30693292183623,6.39950258175559,6.88293891402715,6.80023216317992,233
"232",2020,11,6.68529411764706,17,7.4375,6.01666666666667,6.58333333333333,7.16666666666667,6.58214285714286,8,9,3,3,14,3291,1670,1621,584,887,2404,6.82185441203282,7.32323173652695,6.30532132634177,6.40044691780822,6.88389853438557,6.79896209234609,234
"233",2020,12,7.51111111111111,9,7.575,7,NA,8.33333333333333,7.1,8,1,0,3,6,3300,1678,1622,584,890,2410,6.8237342030303,7.32443206197855,6.30574961159063,6.40044691780822,6.88878426966292,6.79971156431535,235
"234",2021,1,6.95882352941176,17,8.05555555555556,5.725,6,10,6.76875,9,8,2,1,16,3317,1687,1630,586,891,2426,6.82442655110039,7.3283325429757,6.30289930674847,6.39908020477816,6.89227609427609,6.79950736603462,236
"235",2021,2,6.71875,8,7.625,6.41666666666667,6.5,NA,6.71875,2,6,3,0,8,3325,1689,1636,589,891,2434,6.82417229172932,7.3286838365897,6.30331654645477,6.39959422750424,6.89227609427609,6.79924193508628,237
"236",2021,3,6.79545454545455,11,6.875,6.75,NA,7.375,6.66666666666667,4,7,0,2,9,3336,1693,1643,589,893,2443,6.82407759892086,7.32761193148258,6.30521964090079,6.39959422750424,6.89335722284434,6.79875352844863,238
"237",2021,4,6.16666666666667,12,7.08333333333333,5.25,5.75,7.75,5.375,6,6,2,4,8,3348,1699,1649,591,897,2451,6.82172128733572,7.3267492642731,6.30138015160703,6.39739593908629,6.89717725752508,6.79410643410853,239
"238",2021,5,5.91666666666667,6,6.5,5.625,5.75,NA,5.91666666666667,2,4,2,0,6,3354,1701,1653,593,897,2457,6.82010222719141,7.3257771898883,6.29974341802783,6.39521247892074,6.89717725752508,6.79196372405372,240
"239",2021,6,6.71875,8,6.75,6.6875,6,6.5,6.79166666666667,4,4,1,2,6,3362,1705,1657,594,899,2463,6.81986105591909,7.32442639296188,6.30067946288473,6.39454713804714,6.8962936596218,6.79196300040601,241
"240",2021,7,7.13333333333333,6,7.6,6.66666666666667,NA,6.66666666666667,7.6,3,3,0,3,3,3368,1708,1660,594,902,2466,6.82041949821852,7.32491042154567,6.30134088554217,6.39454713804714,6.89552993348115,6.79294601378751,242
"241",2021,8,6.55,10,7.33333333333333,5.375,6.5,5,7.21428571428571,6,4,1,3,7,3378,1714,1664,595,905,2473,6.81961896684428,7.32493990665111,6.29911410456731,6.3947243697479,6.88924640883978,6.79413864537,243
"242",2021,9,6.28,10,5.96,6.6,6.5,5,6.82857142857143,5,5,2,3,7,3388,1719,1669,597,908,2480,6.81802623081464,7.32096974985457,6.30001550029958,6.3950770519263,6.88300440528634,6.79423583467742,244
"243",2021,10,7.08333333333333,6,8,6.625,6.16666666666667,7,7.1,2,4,3,1,5,3394,1721,1673,600,909,2485,6.81849524749558,7.32175886112725,6.30079251046025,6.393935,6.88313311331133,6.79485105432595,245
"244",2021,11,7.61111111111111,9,7.66666666666667,7.5,NA,8,7.5625,6,3,0,1,8,3403,1727,1676,600,910,2493,6.82059149867763,7.32295715112913,6.30293906324582,6.393935,6.88436043956044,6.79731442839952,246
"245",2021,12,7.2625,16,7.95454545454545,5.74,7,7,7.28,11,5,1,1,15,3419,1738,1681,601,911,2508,6.82265951155308,7.32695454545455,6.30126464604402,6.39494342762063,6.88448737650933,6.80020130382775,247
"246",2022,1,6.695,20,6.81818181818182,6.54444444444444,6.45,7,6.67894736842105,11,9,2,1,19,3439,1749,1690,603,912,2527,6.82191708927013,7.32375471698113,6.30255968639053,6.39512603648425,6.88461403508772,6.79928962010289,248
"247",2022,2,7.16666666666667,12,7,7.33333333333333,NA,7.5,7,6,6,0,4,8,3451,1755,1696,603,916,2535,6.8231158707621,7.32264786324786,6.30620629127359,6.39512603648425,6.88730131004367,6.79992302564103,249
"248",2022,3,6.62111111111111,9,7.26,5.8225,NA,7.09666666666667,6.38333333333333,5,4,0,3,6,3460,1760,1700,603,919,2541,6.82259042485549,7.32246988636364,6.30506815882353,6.39512603648425,6.88798476605005,6.79893934277843,250
"249",2022,4,7.16153846153846,13,7.06666666666667,7.24285714285714,7,7,7.19090909090909,6,7,2,2,11,3473,1766,1707,605,921,2552,6.82385916210769,7.32160079275198,6.30891380785003,6.39712561983471,6.88822801302932,6.80062886755486,251
"250",2022,5,6.90384615384615,13,7.70833333333333,6.21428571428571,7.5,6.85,6.9375,6,7,1,5,8,3486,1772,1714,606,926,2560,6.82415744979919,7.32291027088036,6.3085273453909,6.39894554455446,6.88802159827214,6.80105658984375,252
"251",2022,6,6.4375,8,8.16666666666667,5.4,4.5,7.5,6.28571428571429,3,5,2,1,7,3494,1775,1719,608,927,2567,6.82327214367487,7.32433633802817,6.30588474112856,6.39269901315789,6.88868176914779,6.79965129333853,253
"252",2022,7,8.04636363636364,11,7.902,8.16666666666667,8,NA,8.04636363636364,5,6,2,0,11,3505,1780,1725,610,927,2578,6.82711066191155,7.32595898876404,6.31235702608696,6.39796885245902,6.88868176914779,6.80497085725368,254
"253",2022,8,7.59333333333333,15,7.72857142857143,7.475,6.65,8.16666666666667,7.45,7,8,2,3,12,3520,1787,1733,612,930,2590,6.83037581534091,7.32753609401231,6.31772410271206,6.39879248366013,6.89280430107527,6.80795940926641,255
"254",2022,9,7.07142857142857,7,8.25,6.6,7,NA,7.07142857142857,2,5,1,0,7,3527,1789,1738,613,930,2597,6.83085423022398,7.32856735606484,6.31853617376295,6.39977324632953,6.89280430107527,6.80866956873315,256
"255",2022,10,7,8,7.4,6.33333333333333,6,6.33333333333333,7.4,5,3,2,3,5,3535,1794,1741,615,933,2602,6.83123702121641,7.32876644370123,6.31856167145319,6.39847317073171,6.89100535905681,6.80980586856264,257
"256",2022,11,6.45,10,7.5,5.75,6,6,6.5,4,6,1,1,9,3545,1798,1747,616,934,2611,6.83016159943582,7.32914738598443,6.31660896966228,6.3978262987013,6.89005139186295,6.80873798161624,258
"257",2022,12,6.183,10,6.875,5.72166666666667,4.165,6.3325,6.08333333333333,4,6,2,4,6,3555,1802,1753,618,938,2617,6.82834117299578,7.32813928967814,6.31457265830006,6.3906003236246,6.88767377398721,6.80707484524264,259
