"","year","month","avg_rating","no_ratings","avg_rating_owned","avg_rating_not_owned","avg_rating_prev_owned","avg_rating_comment","avg_rating_no_comment","no_ratings_owned","no_ratings_not_owned","no_ratings_prev_owned","no_ratings_comment","no_ratings_no_comment","cum_no_ratings","cum_no_ratings_owned","cum_no_ratings_not_owned","cum_no_ratings_prev_owned","cum_no_ratings_comment","cum_no_ratings_no_comment","cum_avg_rating","cum_avg_rating_owned","cum_avg_rating_not_owned","cum_avg_rating_prev_owned","cum_avg_rating_comment","cum_avg_rating_no_comment","month_after_release"
"1",2001,6,7.23,10,7.75714285714286,6,6,6.75,7.55,7,3,1,4,6,10,7,3,1,4,6,7.23,7.75714285714286,6,6,6.75,7.55,1
"2",2001,7,6.5,2,6.5,NA,NA,NA,6.5,2,0,0,0,2,12,9,3,1,4,8,7.10833333333333,7.47777777777778,6,6,6.75,7.2875,2
"3",2001,8,7.76923076923077,13,8,7,6,8.75,7.33333333333333,10,3,1,4,9,25,19,6,2,8,17,7.452,7.75263157894737,6.5,6,7.75,7.31176470588235,3
"4",2001,9,7.3,5,7.5,7.16666666666667,NA,NA,7.3,2,3,0,0,5,30,21,9,2,8,22,7.42666666666667,7.72857142857143,6.72222222222222,6,7.75,7.30909090909091,4
"5",2001,10,6.61111111111111,9,6.57142857142857,6.75,NA,7,6.3,7,2,0,4,5,39,28,11,2,12,27,7.23846153846154,7.43928571428571,6.72727272727273,6,7.5,7.12222222222222,5
"6",2001,11,6.71428571428571,7,6.33333333333333,7,NA,6,6.83333333333333,3,4,0,1,6,46,31,15,2,13,33,7.15869565217391,7.33225806451613,6.8,6,7.38461538461539,7.06969696969697,6
"7",2001,12,8.5,2,8.5,NA,NA,NA,8.5,2,0,0,0,2,48,33,15,2,13,35,7.21458333333333,7.4030303030303,6.8,6,7.38461538461539,7.15142857142857,7
"8",2002,1,8.66666666666667,6,9,8,NA,9.5,8.25,4,2,0,2,4,54,37,17,2,15,39,7.37592592592593,7.57567567567568,6.94117647058824,6,7.66666666666667,7.26410256410256,8
"9",2002,2,8.66666666666667,3,8.66666666666667,NA,NA,9,8.5,3,0,0,1,2,57,40,17,2,16,41,7.44385964912281,7.6575,6.94117647058824,6,7.75,7.32439024390244,9
"10",2002,3,8,2,8,NA,NA,9,7,2,0,0,1,1,59,42,17,2,17,42,7.46271186440678,7.67380952380952,6.94117647058824,6,7.82352941176471,7.31666666666667,10
"11",2002,4,7,3,6,9,NA,NA,7,2,1,0,0,3,62,44,18,2,17,45,7.44032258064516,7.59772727272727,7.05555555555556,6,7.82352941176471,7.29555555555556,11
"12",2002,5,7,3,9,6,NA,7,7,1,2,0,1,2,65,45,20,2,18,47,7.42,7.62888888888889,6.95,6,7.77777777777778,7.28297872340426,12
"13",2002,6,7.31818181818182,11,7.625,6.5,NA,8.33333333333333,6.9375,8,3,0,3,8,76,53,23,2,21,55,7.40526315789474,7.62830188679245,6.89130434782609,6,7.85714285714286,7.23272727272727,13
"14",2002,7,8.22222222222222,9,8.5,6,NA,8,8.25,8,1,0,1,8,85,61,24,2,22,63,7.49176470588235,7.74262295081967,6.85416666666667,6,7.86363636363636,7.36190476190476,14
"15",2002,8,8.38461538461539,13,8.66666666666667,7.75,NA,8,8.71428571428571,9,4,0,6,7,98,70,28,2,28,70,7.61020408163265,7.86142857142857,6.98214285714286,6,7.89285714285714,7.49714285714286,15
"16",2002,9,8.1,10,8.77777777777778,2,NA,9,7.71428571428571,9,1,0,3,7,108,79,29,2,31,77,7.65555555555556,7.96582278481013,6.81034482758621,6,8,7.51688311688312,16
"17",2002,10,6.66666666666667,9,7.33333333333333,5.33333333333333,NA,6.25,7,6,3,0,4,5,117,85,32,2,35,82,7.57948717948718,7.92117647058824,6.671875,6,7.8,7.48536585365854,17
"18",2002,11,7.64285714285714,14,7.45454545454545,8.33333333333333,7,6,8.09090909090909,11,3,1,3,11,131,96,35,3,38,93,7.58625954198473,7.86770833333333,6.81428571428571,6.33333333333333,7.65789473684211,7.55698924731183,18
"19",2002,12,7.41666666666667,12,8,4.5,NA,7,7.71428571428571,10,2,0,5,7,143,106,37,3,43,100,7.57202797202797,7.88018867924528,6.68918918918919,6.33333333333333,7.58139534883721,7.568,19
"20",2003,1,6.725,20,7.32142857142857,5.33333333333333,6,6.1,6.93333333333333,14,6,2,5,15,163,120,43,5,48,115,7.4680981595092,7.815,6.5,6.2,7.42708333333333,7.48521739130435,20
"21",2003,2,6.97368421052632,19,7.53125,4,NA,7,6.95833333333333,16,3,0,7,12,182,136,46,5,55,127,7.41648351648352,7.78161764705882,6.33695652173913,6.2,7.37272727272727,7.43543307086614,21
"22",2003,3,6.88888888888889,9,7.5,5.66666666666667,4,6.5,7.2,6,3,1,4,5,191,142,49,6,59,132,7.39162303664921,7.76971830985915,6.29591836734694,5.83333333333333,7.3135593220339,7.42651515151515,22
"23",2003,4,7.63636363636364,11,7.6875,7.5,8.5,8.5,7.44444444444444,8,3,1,2,9,202,150,52,7,61,141,7.4049504950495,7.76533333333333,6.36538461538461,6.21428571428571,7.35245901639344,7.42765957446808,23
"24",2003,5,6.88461538461539,26,7.68421052631579,4.71428571428571,9,6.4,7.1875,19,7,1,10,16,228,169,59,8,71,157,7.34561403508772,7.75621301775148,6.16949152542373,6.5625,7.21830985915493,7.4031847133758,24
"25",2003,6,7.73076923076923,13,8.11111111111111,6.875,NA,7.66666666666667,7.875,9,4,0,9,4,241,178,63,8,80,161,7.36639004149378,7.77415730337079,6.21428571428571,6.5625,7.26875,7.41490683229814,25
"26",2003,7,6.63888888888889,54,7.16666666666667,5.58333333333333,8,6.65625,6.63157894736842,36,18,1,16,38,295,214,81,9,96,199,7.23322033898305,7.67196261682243,6.07407407407407,6.72222222222222,7.16666666666667,7.26532663316583,26
"27",2003,8,7.52,25,7.77777777777778,6.85714285714286,NA,7,7.86666666666667,18,7,0,10,15,320,232,88,9,106,214,7.255625,7.6801724137931,6.13636363636364,6.72222222222222,7.15094339622642,7.30747663551402,27
"28",2003,9,7.83333333333333,21,7.875,7.77777777777778,7.5,7.82142857142857,7.85714285714286,12,9,2,14,7,341,244,97,11,120,221,7.29120234604106,7.68975409836066,6.28865979381443,6.86363636363636,7.22916666666667,7.32488687782805,28
"29",2003,10,7,21,7.375,5.8,NA,7.13636363636364,6.85,16,5,0,11,10,362,260,102,11,131,231,7.27430939226519,7.67038461538462,6.26470588235294,6.86363636363636,7.22137404580153,7.304329004329,29
"30",2003,11,6.88888888888889,9,6.88888888888889,NA,NA,6.2,7.75,9,0,0,5,4,371,269,102,11,136,235,7.26495956873315,7.64423791821561,6.26470588235294,6.86363636363636,7.18382352941176,7.31191489361702,30
"31",2003,12,7.125,16,7.72727272727273,5.8,9,7.16666666666667,7.1,11,5,1,6,10,387,280,107,12,142,245,7.25917312661499,7.6475,6.24299065420561,7.04166666666667,7.1830985915493,7.30326530612245,31
"32",2004,1,7.46296296296296,27,7.97058823529412,6.6,NA,8.27777777777778,7.05555555555556,17,10,0,9,18,414,297,117,12,151,263,7.27246376811594,7.66599326599327,6.27350427350427,7.04166666666667,7.24834437086093,7.28631178707224,32
"33",2004,2,7.4,10,7.4,NA,NA,7.25,7.5,10,0,0,4,6,424,307,117,12,155,269,7.27547169811321,7.65732899022801,6.27350427350427,7.04166666666667,7.24838709677419,7.2910780669145,33
"34",2004,3,6.825,24,7.12,6.33333333333333,6.5,6.14285714285714,7.10588235294118,15,9,2,7,17,448,322,126,14,162,286,7.25133928571429,7.63229813664596,6.27777777777778,6.96428571428571,7.20061728395062,7.28006993006993,34
"35",2004,4,7.6,25,7.57894736842105,7.66666666666667,5,7.33333333333333,7.75,19,6,1,9,16,473,341,132,15,171,302,7.26976744186047,7.62932551319648,6.34090909090909,6.83333333333333,7.20760233918129,7.30496688741722,35
"36",2004,5,6.96428571428571,28,7.15,6.5,6,6.30769230769231,7.53333333333333,20,8,2,13,15,501,361,140,17,184,317,7.25269461077844,7.60277008310249,6.35,6.73529411764706,7.14402173913043,7.31577287066246,36
"37",2004,6,7.49666666666667,30,7.49545454545455,7.5,7,7.23076923076923,7.7,22,8,1,13,17,531,383,148,18,197,334,7.26647834274953,7.59660574412533,6.41216216216216,6.75,7.1497461928934,7.33532934131737,37
"38",2004,7,7.58,25,8.35714285714286,3.5,NA,7.03571428571429,8.27272727272727,21,4,0,14,11,556,404,152,18,211,345,7.28057553956835,7.63613861386139,6.33552631578947,6.75,7.14218009478673,7.36521739130435,38
"39",2004,8,7.21052631578947,19,7.84615384615385,5.83333333333333,7.5,7.28571428571429,7.16666666666667,13,6,2,7,12,575,417,158,20,218,357,7.27826086956522,7.64268585131895,6.31645569620253,6.825,7.14678899082569,7.35854341736695,39
"40",2004,9,7.425,20,7.5,7,NA,7.92857142857143,7.15384615384615,17,3,0,7,13,595,434,161,20,225,370,7.28319327731092,7.63709677419355,6.32919254658385,6.825,7.17111111111111,7.35135135135135,40
"41",2004,10,7.48,25,7.95238095238095,5,NA,7.5,7.46428571428571,21,4,0,11,14,620,455,165,20,236,384,7.29112903225806,7.65164835164835,6.2969696969697,6.825,7.1864406779661,7.35546875,41
"42",2004,11,7.51063829787234,47,8.20588235294118,5.69230769230769,5.5,7.575,7.46296296296296,34,13,2,20,27,667,489,178,22,256,411,7.30659670164918,7.69018404907976,6.25280898876404,6.70454545454545,7.216796875,7.3625304136253,42
"43",2004,12,7.23913043478261,23,7.73529411764706,5.83333333333333,6,7.57142857142857,7.09375,17,6,1,7,16,690,506,184,23,263,427,7.30434782608696,7.69169960474308,6.23913043478261,6.67391304347826,7.22623574144487,7.35245901639344,43
"44",2005,1,7.1219512195122,41,7.58333333333333,5.86363636363636,6.33333333333333,6.93181818181818,7.34210526315789,30,11,3,22,19,731,536,195,26,285,446,7.29411764705882,7.68563432835821,6.21794871794872,6.63461538461539,7.20350877192982,7.35201793721973,44
"45",2005,2,7.03225806451613,31,7.61111111111111,6.23076923076923,7.66666666666667,6.8,7.25,18,13,3,15,16,762,554,208,29,300,462,7.28346456692913,7.68321299638989,6.21875,6.74137931034483,7.18333333333333,7.34848484848485,45
"46",2005,3,6.87111111111111,45,8.048,5.4,7.33333333333333,6.65217391304348,7.1,25,20,3,23,22,807,579,228,32,323,484,7.26047087980173,7.69896373056995,6.1469298245614,6.796875,7.14551083591331,7.33719008264463,46
"47",2005,4,7.1375,28,7.85666666666667,6.30769230769231,6.5,6.83333333333333,7.365625,15,13,2,12,16,835,594,241,34,335,500,7.25634730538922,7.70294612794613,6.15560165975104,6.77941176470588,7.13432835820895,7.3381,47
"48",2005,5,6.89516129032258,31,7.67045454545455,5,4,6.88157894736842,6.91666666666667,22,9,1,19,12,866,616,250,35,354,512,7.24341801385681,7.70178571428571,6.114,6.7,7.12076271186441,7.32822265625,48
"49",2005,6,7.875,20,8.21875,6.5,6.5,7.75,8.0625,16,4,2,12,8,886,632,254,37,366,520,7.25767494356659,7.71487341772152,6.12007874015748,6.68918918918919,7.14139344262295,7.33951923076923,49
"50",2005,7,6.98214285714286,28,7.07142857142857,6.71428571428571,NA,6.9,7.02777777777778,21,7,0,10,18,914,653,261,37,376,538,7.2492341356674,7.69418070444104,6.1360153256705,6.68918918918919,7.13497340425532,7.32908921933085,50
"51",2005,8,7.10454545454545,44,7.55,5.91666666666667,NA,6.81481481481481,7.56470588235294,32,12,0,27,17,958,685,273,37,403,555,7.24258872651357,7.68744525547445,6.12637362637363,6.68918918918919,7.11352357320099,7.33630630630631,51
"52",2005,9,8.10322580645161,31,8.18181818181818,7.91111111111111,NA,8.29166666666667,7.98421052631579,22,9,0,12,19,989,707,282,37,415,574,7.26956521739131,7.702828854314,6.18333333333333,6.68918918918919,7.14759036144578,7.35775261324042,52
"53",2005,10,7.08275862068966,29,7.49473684210526,6.3,6.33333333333333,6.88888888888889,7.17,19,10,3,9,20,1018,726,292,40,424,594,7.26424361493124,7.69738292011019,6.18732876712329,6.6625,7.14209905660377,7.35143097643098,53
"54",2005,11,6.31451612903226,31,6.67105263157895,5.75,6,6.27941176470588,6.35714285714286,19,12,3,17,14,1049,745,304,43,441,608,7.23617731172545,7.67120805369128,6.17006578947368,6.61627906976744,7.10884353741497,7.32853618421053,54
"55",2005,12,7.62647058823529,34,7.79642857142857,6.83333333333333,6,8.60714285714286,6.94,28,6,3,14,20,1083,773,310,46,455,628,7.24843028624192,7.67574385510996,6.18290322580645,6.57608695652174,7.15494505494506,7.31616242038217,55
"56",2006,1,7.72,50,7.9,7,8,8.42857142857143,7.20689655172414,40,10,1,21,29,1133,813,320,47,476,657,7.26924095322154,7.68677736777368,6.2084375,6.6063829787234,7.21113445378151,7.31133942161339,56
"57",2006,2,7.00277777777778,36,7.08387096774194,6.5,NA,6.94117647058824,7.05789473684211,31,5,0,17,19,1169,844,325,47,493,676,7.26103507271172,7.6646327014218,6.21292307692308,6.6063829787234,7.20182555780933,7.30421597633136,57
"58",2006,3,7.27551020408163,49,7.79761904761905,4.14285714285714,1,7,7.45,42,7,1,19,30,1218,886,332,48,512,706,7.26161740558292,7.67093679458239,6.16927710843374,6.48958333333333,7.1943359375,7.31041076487252,58
"59",2006,4,6.82,25,7.23684210526316,5.5,NA,6.625,7,19,6,0,12,13,1243,905,338,48,524,719,7.25273531777957,7.66182320441989,6.15739644970414,6.48958333333333,7.18129770992366,7.3047983310153,59
"60",2006,5,7.1875,24,7.47222222222222,6.33333333333333,7,5.94444444444444,7.93333333333333,18,6,1,9,15,1267,923,344,49,533,734,7.25149960536701,7.65812567713976,6.16046511627907,6.5,7.16041275797373,7.31764305177112,60
"61",2006,6,6.69130434782609,23,6.97142857142857,3.75,NA,6.19,7.07692307692308,21,2,0,10,13,1290,944,346,49,543,747,7.24151162790698,7.64284957627119,6.14653179190752,6.5,7.14254143646409,7.31345381526105,61
"62",2006,7,7.87962962962963,27,8.05,7.39285714285714,6,8.15,7.72058823529412,20,7,1,10,17,1317,964,353,50,553,764,7.25459377372817,7.65129668049793,6.17124645892351,6.49,7.16075949367089,7.32251308900524,62
"63",2006,8,7.20191428571429,35,7.63719230769231,5.94444444444444,6.375,7.51192857142857,6.9952380952381,26,9,4,14,21,1352,990,362,54,567,785,7.2532300295858,7.65092626262626,6.16560773480663,6.48148148148148,7.169430335097,7.31375796178344,63
"64",2006,9,6.92906976744186,43,7.63620689655172,5.46428571428571,8,6.790625,7.01111111111111,29,14,1,16,27,1395,1019,376,55,583,812,7.24323799283154,7.65050736015702,6.13949468085106,6.50909090909091,7.15903430531733,7.30369458128079,64
"65",2006,10,7.45027027027027,37,8.09615384615385,5.92363636363636,6,6.97384615384615,7.70833333333333,26,11,1,13,24,1432,1045,387,56,596,836,7.24858729050279,7.661595215311,6.13335917312662,6.5,7.15499496644295,7.31531100478469,65
"66",2006,11,7.0046511627907,43,7.31875,6.09090909090909,7,6.39285714285714,7.3,32,11,2,14,29,1475,1077,398,58,610,865,7.24147593220339,7.65140854224698,6.13218592964824,6.51724137931035,7.13750327868853,7.31479768786127,66
"67",2006,12,7.12586206896552,58,7.62222222222222,5.40769230769231,5.075,6.87777777777778,7.2375,45,13,4,18,40,1533,1122,411,62,628,905,7.23710176125245,7.65023796791444,6.1092700729927,6.4241935483871,7.13005891719745,7.31138121546961,67
"68",2007,1,7.35507246376812,69,7.56938775510204,6.83,6,7.36538461538461,7.34883720930233,49,20,1,26,43,1602,1171,431,63,654,948,7.24218289637952,7.64685482493595,6.14271461716937,6.41746031746032,7.13941437308869,7.31308016877637,68
"69",2007,2,7.30693020408163,49,7.56969696969697,6.76497375,6.5,7.22352941176471,7.351236875,33,16,2,17,32,1651,1204,447,65,671,980,7.24410453058752,7.64474003322259,6.16498787472036,6.42,7.14154545454546,7.31432610204082,69
"70",2007,3,7.41878048780488,41,7.46103448275862,7.31666666666667,7.6,7.04545454545455,7.85105263157895,29,12,5,22,19,1692,1233,459,70,693,999,7.24833722222222,7.64041930251419,6.19509712418301,6.50428571428571,7.13849494949495,7.32453411411411,70
"71",2007,4,7.51818181818182,44,8.15483870967742,6,5.66666666666667,6.71428571428571,7.89333333333333,31,13,3,14,30,1736,1264,472,73,707,1029,7.25517660138249,7.65303560126582,6.18972368644068,6.46986301369863,7.13009476661952,7.34111718172984,71
"72",2007,5,6.97659574468085,47,7.27647058823529,6.19230769230769,6.25,7.27727272727273,6.712,34,13,4,22,25,1783,1298,485,77,729,1054,7.2478331912507,7.6431718027735,6.18979294845361,6.45844155844156,7.13453635116598,7.32619504743833,72
"73",2007,6,7.34146341463415,41,7.41428571428571,6.91666666666667,8,6.97368421052632,7.65909090909091,35,6,1,19,22,1824,1333,491,78,748,1076,7.24993781798246,7.63716204051013,6.19867531568228,6.47820512820513,7.13045053475936,7.33300146840149,73
"74",2007,7,6.93095238095238,42,7.304,6.38235294117647,7.5,7.06470588235294,6.84,25,17,3,17,25,1866,1358,508,81,765,1101,7.24275808145766,7.63102871870398,6.20482200787402,6.51604938271605,7.12898954248366,7.32180706630336,74
"75",2007,8,6.925,48,7.6030303030303,5.43333333333333,7,6.425,7.28214285714286,33,15,1,20,28,1914,1391,523,82,785,1129,7.23478922675026,7.63036448598131,6.18269518164436,6.52195121951219,7.11105350318472,7.32082336581045,75
"76",2007,9,7.375,40,7.95,5.65,5.75,7.2,7.48,30,10,2,15,25,1954,1421,533,84,800,1154,7.23765945752303,7.63711259676284,6.17270090056285,6.50357142857143,7.11272125,7.32427173310225,76
"77",2007,10,7.55584905660377,53,7.99882352941176,6.76315789473684,7.66666666666667,7.4775,7.62068965517241,34,19,3,24,29,2007,1455,552,87,824,1183,7.24606207274539,7.64556494845361,6.19302460144928,6.54367816091954,7.12334587378641,7.33153810650888,77
"78",2007,11,7.28461538461538,65,7.69565217391304,6.28947368421053,8.33333333333333,6.63888888888889,7.53191489361702,46,19,3,18,47,2072,1501,571,90,842,1230,7.24727151544401,7.64709993337775,6.19623394045534,6.60333333333333,7.1129893111639,7.33919478048781,78
"79",2007,12,7.04285714285714,77,7.6921568627451,5.76923076923077,NA,6.58214285714286,7.30612244897959,51,26,0,28,49,2149,1552,597,90,870,1279,7.2399472219637,7.64858054123711,6.17763748743719,6.60333333333333,7.09590459770115,7.3379277404222,79
"80",2008,1,7,74,7.36607142857143,5.86111111111111,7,6.875,7.09523809523809,56,18,4,32,42,2223,1608,615,94,902,1321,7.23195977507872,7.63874191542288,6.16837330081301,6.62021276595745,7.08806762749446,7.33021164269493,80
"81",2008,2,7.49508196721311,61,8.01666666666667,6.34210526315789,7.33333333333333,7.34074074074074,7.61764705882353,42,19,6,27,34,2284,1650,634,100,929,1355,7.23898711908932,7.64836181818182,6.17357977917981,6.663,7.09541119483316,7.33742404428044,81
"82",2008,3,7.06666666666667,63,7.62051282051282,6.16666666666667,3.5,6.66,7.25581395348837,39,24,2,20,43,2347,1689,658,102,949,1398,7.23436155943758,7.64771876850207,6.17332762917933,6.60098039215686,7.08623498419389,7.33491386266094,82
"83",2008,4,6.98188405797101,69,7.53191489361702,5.80681818181818,6.5,7.13461538461539,6.88953488372093,47,22,4,26,43,2416,1736,680,106,975,1441,7.22715090231788,7.64458352534562,6.16146997058824,6.59716981132075,7.08752512820513,7.32162358084663,83
"84",2008,5,7.4,45,7.875,5.5,6.5,8.1,6.975,36,9,2,17,28,2461,1772,689,108,992,1469,7.23031149126371,7.64926467268623,6.15282957910015,6.59537037037037,7.10487600806452,7.31501673247107,84
"85",2008,6,6.98076923076923,52,7.30555555555556,6.25,7,6.64285714285714,7.20967741935484,36,16,1,21,31,2513,1808,705,109,1013,1500,7.22514786311182,7.64242090707965,6.15503486524823,6.59908256880734,7.09529812438302,7.31283972,85
"86",2008,7,6.93565217391304,69,7.43090909090909,6.064,5.56666666666667,6.64171428571429,7.23823529411765,44,25,15,35,34,2582,1852,730,124,1048,1534,7.21741153369481,7.63739578833693,6.15191723287671,6.4741935483871,7.08014980916031,7.31118616688396,86
"87",2008,8,7.18367346938776,49,7.64090909090909,6.81111111111111,6.11666666666667,6.97333333333333,7.27647058823529,22,27,12,15,34,2631,1874,757,136,1063,1568,7.21678319270239,7.63743703308431,6.17542877146632,6.44264705882353,7.07864252116651,7.31043340561224,87
"88",2008,9,7.00555555555556,54,8.17307692307692,5.92142857142857,5.8125,6.36363636363636,7.446875,26,28,16,22,32,2685,1900,785,152,1085,1600,7.21253503910614,7.64476684210526,6.16636889171975,6.37631578947368,7.06414470046083,7.3131622375,88
"89",2008,10,7.08,50,7.65294117647059,5.8625,5.7,6.875,7.21666666666667,34,16,5,20,30,2735,1934,801,157,1105,1630,7.21011209506398,7.64491054808687,6.1602991011236,6.35477707006369,7.06072126696833,7.31138624539877,89
"90",2008,11,7.60625,64,7.88095238095238,7.08181818181818,6.35,7.54827586206897,7.65428571428571,42,22,10,29,35,2799,1976,823,167,1134,1665,7.21916991068239,7.64992763157895,6.18493266099636,6.35449101796407,7.07318959435626,7.31859434234234,90
"91",2008,12,6.84117647058823,51,7.37575757575758,5.86111111111111,5.2,6.66666666666667,6.91388888888889,33,18,5,15,36,2850,2009,841,172,1149,1701,7.21240581754386,7.64542409158785,6.17800187871582,6.32093023255814,7.06788250652742,7.31002914756026,91
"92",2009,1,7.20733333333333,75,7.32333333333333,7.03333333333333,7.17857142857143,6.98035714285714,7.34255319148936,45,30,14,28,47,2925,2054,871,186,1177,1748,7.21227575384615,7.63836757546251,6.2074622043628,6.38548387096774,7.06580033984707,7.31090364988558,92
"93",2009,2,6.67460317460317,126,7.46969696969697,5.8,5.8125,6.64814814814815,6.68181818181818,66,60,16,27,99,3051,2120,931,202,1204,1847,7.19007098656178,7.63311650943396,6.18120255639098,6.34009900990099,7.05643438538206,7.27718439631835,93
"94",2009,3,7.13975903614458,83,7.51960784313725,6.534375,5.14285714285714,6.53571428571429,7.26231884057971,51,32,7,14,69,3134,2171,963,209,1218,1916,7.18873853860881,7.63045002303086,6.19293829698858,6.3,7.05044909688013,7.27664905010438,94
"95",2009,4,7.21306818181818,88,7.38625,7.06875,6.88888888888889,7.01363636363636,7.27954545454545,40,48,9,22,66,3222,2211,1011,218,1240,1982,7.18940303538175,7.62603211216644,6.23451986152325,6.3243119266055,7.04979596774194,7.27674549949546,95
"96",2009,5,6.8474358974359,78,7.4063829787234,6,6.66666666666667,7.34782608695652,6.63818181818182,47,31,6,23,55,3300,2258,1042,224,1263,2037,7.18132017575757,7.62146014171833,6.22754278310941,6.33348214285714,7.05522327790974,7.25950396661757,96
"97",2009,6,6.59736842105263,76,7.19565217391304,5.68,4.85714285714286,5.8,6.79344262295082,46,30,7,15,61,3376,2304,1072,231,1278,2098,7.16817434241706,7.61295876736111,6.21221975746269,6.28874458874459,7.04049061032864,7.24595308865586,97
"98",2009,7,6.88037974683544,79,7.23679245283019,6.15384615384615,6.8,7.00357142857143,6.81274509803922,53,26,5,28,51,3455,2357,1098,236,1306,2149,7.16159380028943,7.60450021213407,6.21083750455374,6.29957627118644,7.03969908116386,7.23567221033039,98
"99",2009,8,6.94626865671642,67,7.27777777777778,6.56129032258065,5.95454545454545,6.70454545454545,7.06444444444444,36,31,11,22,45,3522,2393,1129,247,1328,2194,7.15749760931289,7.59958503969912,6.2204602125775,6.28421052631579,7.0341468373494,7.2321602461258,99
"100",2009,9,7.05625,88,7.76590909090909,6.34659090909091,6.1,6.75862068965517,7.20254237288136,44,44,10,29,59,3610,2437,1173,257,1357,2253,7.15502952354571,7.60258801805498,6.22519145780051,6.27704280155642,7.02825865880619,7.23138463382157,100
"101",2009,10,6.96959459459459,74,7.40483870967742,6.65581395348837,6.51785714285714,6.44117647058824,7.12719298245614,31,43,14,17,57,3684,2468,1216,271,1374,2310,7.15130471769815,7.60010413290113,6.2404190625,6.28948339483395,7.02099490538574,7.22881367099567,101
"102",2009,11,6.88194444444444,72,7.34146341463415,6.2741935483871,6,6.64814814814815,7.02222222222222,41,31,11,27,45,3756,2509,1247,282,1401,2355,7.14614126198083,7.59587764049422,6.24125868484363,6.2781914893617,7.01380942184154,7.22486606369427,102
"103",2009,12,7.07532467532468,77,7.46808510638298,6.46,5.33333333333333,7.575,6.9,47,30,9,20,57,3833,2556,1277,291,1421,2412,7.14471864857814,7.59352777777778,6.24639747846515,6.24896907216495,7.02170795214638,7.21718888059702,103
"104",2010,1,7.23489583333333,96,7.86979166666667,6.6,6.84615384615385,7.71304347826087,7.08424657534247,48,48,13,23,73,3929,2604,1325,304,1444,2485,7.14692201068974,7.59862019969278,6.25920723018868,6.27450657894737,7.03271952908587,7.2132835331992,104
"105",2010,2,6.81506849315068,73,7.48684210526316,6.08571428571429,6.14285714285714,6.725,6.84905660377358,38,35,7,20,53,4002,2642,1360,311,1464,2538,7.14086871064468,7.59701249053747,6.2547423382353,6.27154340836013,7.02851571038251,7.20567753349094,105
"106",2010,3,7.16860465116279,43,7.63095238095238,6.72727272727273,6.5,6.74642857142857,7.37241379310345,21,22,2,14,29,4045,2663,1382,313,1478,2567,7.14116355500618,7.59728013518588,6.26226452966715,6.27300319488818,7.02584370771313,7.20756119205298,106
"107",2010,4,7,50,7.65625,5.83333333333333,6.55555555555556,6.375,7.11904761904762,32,18,9,8,42,4095,2695,1400,322,1486,2609,7.13943994627595,7.59798033395176,6.2567497,6.28090062111801,7.0223398384926,7.20613628976619,107
"108",2010,5,7.11363636363636,44,7.62,6.44736842105263,4.91666666666667,6.6875,7.35714285714286,25,19,6,16,28,4139,2720,1419,328,1502,2637,7.13916563904325,7.59818272058823,6.25930202959831,6.25594512195122,7.01877296937417,7.20773969662495,108
"109",2010,6,7.38780487804878,41,7.73157894736842,7.09090909090909,6.25,7,7.46764705882353,19,22,6,7,34,4180,2739,1441,334,1509,2671,7.14160444497608,7.59910806863819,6.27199832061069,6.25583832335329,7.01868588469185,7.21104813927368,109
"110",2010,7,6.66468085106383,47,7.135,6.3162962962963,6.16666666666667,7.13636363636364,6.52055555555556,20,27,6,11,36,4227,2759,1468,340,1520,2707,7.13630153300213,7.59574374773469,6.2728130653951,6.25426470588235,7.0195375,7.20186537864795,110
"111",2010,8,6.72115384615385,52,7.54166666666667,6.01785714285714,6.21428571428571,5.72,6.95952380952381,24,28,7,10,42,4279,2783,1496,347,1530,2749,7.13125650385604,7.59527739849084,6.26804116310161,6.25345821325648,7.01104379084967,7.1981628155693,111
"112",2010,9,6.545,40,7.08,5.65333333333333,5.325,5.75,6.74375,25,15,4,8,32,4319,2808,1511,351,1538,2781,7.12582694605233,7.59068981481481,6.26193883520847,6.24287749287749,7.0044843953186,7.19293404530744,112
"113",2010,10,6.84067796610169,59,7.64642857142857,6.11290322580645,6.11111111111111,6.96315789473684,6.7825,28,31,9,19,40,4378,2836,1542,360,1557,2821,7.12198414344449,7.59124012693935,6.25894265888457,6.23958333333333,7.00398008991651,7.18711434952145,113
"114",2010,11,7.04411764705882,68,7.51282051282051,6.41379310344828,5.6,7.03333333333333,7.04716981132075,39,29,5,15,53,4446,2875,1571,365,1572,2874,7.12079320287899,7.59017634782609,6.26180113303628,6.23082191780822,7.00426017811705,7.18453360473208,114
"115",2010,12,7.4,80,7.71,6.88333333333333,6.75,7.70833333333333,7.26785714285714,50,30,4,24,56,4526,2925,1601,369,1596,2930,7.12572836500221,7.59222461538461,6.27344758276078,6.23644986449865,7.0148477443609,7.18612613651877,115
"116",2011,1,7.19493670886076,79,7.68125,6.44193548387097,7.42857142857143,7.33333333333333,7.15409836065574,48,31,7,18,61,4605,2973,1632,376,1614,2991,7.12691565255157,7.59366195761857,6.27664802696079,6.25864361702128,7.01839962825279,7.18547294550318,116
"117",2011,2,6.81481481481481,54,7.47916666666667,6.28333333333333,7.16666666666667,6.53636363636364,6.88604651162791,24,30,6,11,43,4659,2997,1662,382,1625,3034,7.12329825713672,7.59274507841174,6.27676870036101,6.27290575916231,7.01513661538462,7.18122926170073,117
"118",2011,3,6.79365079365079,63,7.22222222222222,6.22222222222222,6.16666666666667,6.86111111111111,6.76666666666667,36,27,6,18,45,4722,3033,1689,388,1643,3079,7.11890016518424,7.5883471810089,6.27589673179396,6.27126288659794,7.01344917833232,7.17517037349789,118
"119",2011,4,6.78461538461538,39,7.29583333333333,5.96666666666667,4.33333333333333,7,6.72,24,15,3,9,30,4761,3057,1704,391,1652,3109,7.11616185255198,7.58605070330389,6.27317463615024,6.25639386189258,7.01337590799032,7.17077825024124,119
"120",2011,5,7.11862745098039,51,7.70735294117647,5.94117647058824,5.91666666666667,6.55882352941176,7.39852941176471,34,17,6,17,34,4812,3091,1721,397,1669,3143,7.11618798420615,7.5873849886768,6.2698951656014,6.25125944584383,7.00874595566207,7.17324199172765,120
"121",2011,6,6.65568181818182,44,6.91481481481481,6.24411764705882,5.725,6.54166666666667,6.6984375,27,17,6,12,32,4856,3118,1738,403,1681,3175,7.1120153583196,7.58156093649775,6.26964302646721,6.24342431761787,7.00541165972635,7.16845656062992,121
"122",2011,7,7.17105263157895,57,8.02205882352941,5.91304347826087,6.6,7.28076923076923,7.13863636363636,34,23,9,13,44,4913,3152,1761,412,1694,3219,7.1127003012416,7.5863125,6.26498556501988,6.25121359223301,7.00752479338843,7.16804895309102,122
"123",2011,8,7.12666666666667,36,7.30695652173913,6.80769230769231,5.33333333333333,6.87,7.2,23,13,3,8,28,4949,3175,1774,415,1702,3247,7.11280189533239,7.58428881889764,6.26896255918828,6.24457831325301,7.00687837837838,7.16832447797967,123
"124",2011,9,7.26829268292683,41,7.65384615384615,6.6,6.75,7.46153846153846,7.17857142857143,26,15,4,13,28,4990,3201,1789,419,1715,3275,7.1140794749499,7.58485379568885,6.27173816657351,6.24940334128878,7.01032478134111,7.16841208549618,124
"125",2011,10,7.13303571428571,56,7.803125,6.23958333333333,7.33333333333333,7.81818181818182,6.96555555555556,32,24,3,11,45,5046,3233,1813,422,1726,3320,7.11428984938565,7.58701422827096,6.27131250965251,6.25710900473934,7.01547334878331,7.16566252409638,125
"126",2011,11,7.19464285714286,56,7.88387096774194,6.34,6,8.01428571428571,6.92142857142857,31,25,2,14,42,5102,3264,1838,424,1740,3362,7.11517181105449,7.58983363970588,6.27224677910773,6.2558962264151,7.02350977011494,7.16261141582391,126
"127",2011,12,6.8716049382716,81,7.57380952380952,6.11538461538461,6.14285714285714,6.87894736842105,6.86935483870968,42,39,7,19,62,5183,3306,1877,431,1759,3424,7.11136534439514,7.58963006654567,6.26898752264252,6.25406032482599,7.02194826606026,7.15730127920561,127
"128",2012,1,6.89883720930233,86,7.58421052631579,5.55172413793103,4.8,7.06521739130435,6.83809523809524,57,29,5,23,63,5269,3363,1906,436,1782,3487,7.10789648510154,7.58953820993161,6.25807428121721,6.23738532110092,7.02250673400674,7.15153414969888,128
"129",2012,2,7.2287037037037,54,8.00172413793103,6.332,4.66666666666667,7.45333333333333,7.14230769230769,29,25,6,15,39,5323,3392,1931,442,1797,3526,7.10912203268833,7.59306220518868,6.25903137234594,6.21606334841629,7.02610294936005,7.1514320986954,129
"130",2012,3,7.66666666666667,48,8.01612903225806,7.02941176470588,8.75,6.5,7.93589743589744,31,17,2,9,39,5371,3423,1948,444,1806,3565,7.11410474399553,7.5968936605317,6.26575440451745,6.22747747747748,7.0234811738649,7.16001390743338,130
"131",2012,4,7.19767441860465,43,8,6.5,6.28571428571429,6.9375,7.25714285714286,20,23,7,8,35,5414,3443,1971,451,1814,3600,7.1147684854082,7.59923525994772,6.26848786402841,6.22838137472284,7.0231019845645,7.16095821666667,131
"132",2012,5,7.2063829787234,47,7.60869565217391,6.82083333333333,5.7,7.125,7.21395348837209,23,24,5,4,43,5461,3466,1995,456,1818,3643,7.11555696392602,7.59929803808425,6.27513262155389,6.22258771929825,7.02332618261826,7.16158374416689,132
"133",2012,6,7.11224489795918,49,7.64074074074074,6.46363636363636,6.05714285714286,7.98571428571429,6.76285714285714,27,22,7,14,35,5510,3493,2017,463,1832,3678,7.11552750998185,7.59961837961637,6.27718868616758,6.22008639308855,7.0306806768559,7.15778944535073,133
"134",2012,7,7.63179487179487,39,7.78,7.36714285714286,7,7.875,7.604,25,14,2,4,35,5549,3518,2031,465,1836,3713,7.11915598846639,7.60090022740193,6.28470191038897,6.22344086021505,7.03252015250545,7.16199557769997,134
"135",2012,8,7.57083333333333,48,7.76785714285714,7.295,6.2,6.22222222222222,7.88205128205128,28,20,5,9,39,5597,3546,2051,470,1845,3752,7.12302958370555,7.60221855611957,6.29455367137982,6.2231914893617,7.0285674796748,7.1694801652452,135
"136",2012,9,6.9645652173913,46,7.2396875,6.33571428571429,6.1,6.797,7.01111111111111,32,14,5,10,36,5643,3578,2065,475,1855,3788,7.12173783094099,7.59897624371157,6.29483272639225,6.22189473684211,7.02731913746631,7.16797507391763,136
"137",2012,10,6.85609756097561,41,7.324,6.125,5,5.84444444444444,7.140625,25,16,2,9,32,5684,3603,2081,477,1864,3820,7.11982170654468,7.5970682764363,6.29352694858241,6.2167714884696,7.02160783261803,7.16774596335079,137
"138",2012,11,7.10625,48,7.73461538461538,6.36363636363636,6.625,6.81818181818182,7.19189189189189,26,22,4,11,37,5732,3629,2103,481,1875,3857,7.11970805652477,7.59805373381097,6.29426038040894,6.22016632016632,7.0204144,7.16797759398496,138
"139",2012,12,7.34185507246377,69,7.72291666666667,6.47085714285714,6.5,7.53571428571429,7.29250909090909,48,21,8,14,55,5801,3677,2124,489,1889,3912,7.12235038441648,7.59968370954582,6.29600639359699,6.22474437627812,7.02423345685548,7.1697284202454,139
"140",2013,1,7.42466666666667,75,7.89777777777778,6.715,6.92142857142857,7.43333333333333,7.4225,45,30,7,15,60,5876,3722,2154,496,1904,3972,7.12620908441116,7.6032877485223,6.30184195914578,6.23457661290323,7.02745640756303,7.17354672205438,140
"141",2013,2,6.67727272727273,66,7.63636363636364,5.71818181818182,5.2,6.77272727272727,6.65818181818182,33,33,11,11,55,5942,3755,2187,507,1915,4027,7.12122258162235,7.60357842876165,6.29303501600366,6.21213017751479,7.02599321148825,7.16650796622796,141
"142",2013,3,6.83141666666667,60,7.61290322580645,5.99603448275862,6.235625,5.94875,7.05208333333333,31,29,8,12,48,6002,3786,2216,515,1927,4075,7.11832548817061,7.60365478077126,6.28914827617329,6.21249514563107,7.01928489880644,7.16516014233129,142
"143",2013,4,6.98125,40,7.72222222222222,6.375,7.125,6.13636363636364,7.30172413793103,18,22,8,11,29,6042,3804,2238,523,1938,4104,7.11741800397219,7.6042158254469,6.28999221626452,6.22645315487572,7.01427347781218,7.16612514132554,143
"144",2013,5,7.36,50,8.04838709677419,6.23684210526316,6.21428571428571,6.40909090909091,7.62820512820513,31,19,7,11,39,6092,3835,2257,530,1949,4143,7.11940899212081,7.60780625814863,6.28954478511298,6.22629245283019,7.01085787583376,7.17047491672701,144
"145",2013,6,6.7406779661017,59,7.21052631578947,5.89047619047619,4.85714285714286,6.49333333333333,6.825,38,21,7,15,44,6151,3873,2278,537,1964,4187,7.11577622825557,7.60390833978828,6.2858659262511,6.20844506517691,7.00690529531568,7.16684441843802,145
"146",2013,7,6.79473684210526,57,7.72413793103448,5.83214285714286,6.71428571428571,6.43333333333333,6.92380952380952,29,28,7,15,42,6208,3902,2306,544,1979,4229,7.11282854059278,7.60480189646335,6.28035671292281,6.21495404411765,7.00255785750379,7.16443073539844,146
"147",2013,8,7.53879310344828,58,8.07142857142857,6.72826086956522,7.15,7.57352941176471,7.52439024390244,35,23,5,17,41,6266,3937,2329,549,1996,4270,7.11677139802106,7.60895021590043,6.28477998282525,6.22346994535519,7.00742084168337,7.16788702107728,147
"148",2013,9,6.75454545454545,55,6.98,6.56666666666667,5.33333333333333,6.84615384615385,6.72619047619048,25,30,3,13,42,6321,3962,2359,552,2009,4312,7.11361961398513,7.60498157496214,6.28836480712166,6.21863224637681,7.00637730214037,7.16358478200371,148
"149",2013,10,6.91551724137931,58,7.66969696969697,5.92,6.61111111111111,7.5,6.80816326530612,33,25,9,9,49,6379,3995,2384,561,2018,4361,7.11181840100329,7.60551614518148,6.28450192114094,6.22492869875223,7.00857879088206,7.1595912818161,149
"150",2013,11,7.11944444444444,72,7.63658536585366,6.43548387096774,6.75,7.375,7.0875,41,31,4,8,64,6451,4036,2415,565,2026,4425,7.11190351573399,7.60583176412289,6.28643999171843,6.22864601769912,7.01002566633761,7.15854860564972,150
"151",2013,12,6.922,50,7.53939393939394,5.72352941176471,5,6.16666666666667,7.08780487804878,33,17,2,9,41,6501,4069,2432,567,2035,4466,7.11044294416243,7.60529294666994,6.28250517269737,6.22431216931217,7.00629582309582,7.15789914464845,151
"152",2014,1,6.904,75,7.57954545454545,5.94516129032258,5.77777777777778,7.25,6.85076923076923,44,31,9,10,65,6576,4113,2463,576,2045,4531,7.10808843978102,7.60501750547046,6.27825926918392,6.21733506944445,7.00748753056235,7.15349317589936,152
"153",2014,2,6.65760869565217,46,7.84782608695652,5.46739130434783,5.36111111111111,6.83333333333333,6.61486486486486,23,23,9,9,37,6622,4136,2486,585,2054,4568,7.10495916339474,7.60636774661508,6.27075727272727,6.20416239316239,7.00672444011685,7.14913038091068,153
"154",2014,3,7.34464285714286,56,7.44642857142857,7.24285714285714,6.5,7.2,7.37608695652174,28,28,6,10,46,6678,4164,2514,591,2064,4614,7.10696908954777,7.60529226705091,6.28158416070008,6.20716582064298,7.00766085271318,7.15139306025141,154
"155",2014,4,6.53103448275862,58,7.23823529411765,5.52916666666667,4.8125,5.8,6.72173913043478,34,24,8,12,46,6736,4198,2538,599,2076,4660,7.10201003266033,7.60231943782753,6.27446910165485,6.18853923205342,7.00068015414258,7.14715184120171,155
"156",2014,5,6.60714285714286,56,7.33333333333333,5.93103448275862,6,6.20833333333333,6.71590909090909,27,29,8,12,44,6792,4225,2567,607,2088,4704,7.0979298557126,7.60060047337278,6.27058924035839,6.18605436573311,6.99612643678161,7.1431181079932,156
"157",2014,6,6.87916666666667,48,7.62,6.07391304347826,7.2375,7.49090909090909,6.6972972972973,25,23,8,11,37,6840,4250,2590,615,2099,4741,7.0963946754386,7.60071458823529,6.26884269498069,6.19973170731707,6.9987193901858,7.13963880615904,157
"158",2014,7,6.6,54,7.25,6.08,7.15,6.96666666666667,6.57843137254902,24,30,6,3,51,6894,4274,2620,621,2102,4792,7.0925064664926,7.59874520355639,6.2666803740458,6.20891304347826,6.99867364414843,7.13366602253756,158
"159",2014,8,6.82063492063492,63,7.21666666666667,6.46060606060606,6.9,6.66666666666667,6.8462962962963,30,33,5,9,54,6957,4304,2653,626,2111,4846,7.09004449906569,7.59608201672862,6.26909256690539,6.21443290734824,6.99725817148271,7.13046380107305,159
"160",2014,9,6.82448979591837,49,7.20833333333333,6.456,5,5.5,7.0452380952381,24,25,4,7,42,7006,4328,2678,630,2118,4888,7.08818720810734,7.59393183918669,6.27083740851382,6.20672222222222,6.99230972615675,7.12973150163666,160
"161",2014,10,7.04545454545455,66,7.75588235294118,6.290625,5.16666666666667,6.9,7.10425531914894,34,32,6,19,47,7072,4362,2710,636,2137,4935,7.08778840214932,7.59519417698303,6.27107106273063,6.19691037735849,6.99148900327562,7.12948887132725,161
"162",2014,11,7.38095238095238,42,8.23913043478261,6.34210526315789,5,7,7.51612903225806,23,19,3,11,31,7114,4385,2729,639,2148,4966,7.089519198763,7.59857172177879,6.27156562110663,6.19129107981221,6.99153258845438,7.13190245267821,162
"163",2014,12,6.81940298507463,67,7.2936170212766,5.705,6.36666666666667,6.78181818181818,6.82678571428571,47,20,3,11,56,7181,4432,2749,642,2159,5022,7.08699896671773,7.59533777075812,6.2674436449618,6.19211059190031,6.99046410375174,7.12850011549184,163
"164",2015,1,6.92916666666667,72,7.64390243902439,5.98387096774194,6.16666666666667,6.81818181818182,6.94918032786885,41,31,9,11,61,7253,4473,2780,651,2170,5083,7.08543217703019,7.59578291974066,6.26428150359712,6.19175883256528,6.98959078341014,7.12634813692701,164
"165",2015,2,7.25,62,7.62857142857143,6.75925925925926,7.91666666666667,7.715,7.16057692307692,35,27,6,10,52,7315,4508,2807,657,2180,5135,7.0868270102529,7.59603748890861,6.26904260064125,6.20751141552511,6.99291834862385,7.12669475754625,165
"166",2015,3,7.23704918032787,61,8.08102564102564,5.74090909090909,5.16666666666667,5.444,7.82173913043478,39,22,3,15,46,7376,4547,2829,660,2195,5181,7.08806935737527,7.6001972729272,6.26493551785083,6.2027803030303,6.98233348519362,7.13286577494692,166
"167",2015,4,7.42156862745098,51,7.96875,6.5,6.75,8.4375,6.95714285714286,32,19,2,16,35,7427,4579,2848,662,2211,5216,7.09035944257439,7.60277287617384,6.26650371488764,6.2044335347432,6.99286386250565,7.13168665260736,167
"168",2015,5,6.59186046511628,43,7.24827586206897,5.23214285714286,5.1,6.875,6.52714285714286,29,14,5,8,35,7470,4608,2862,667,2219,5251,7.08748990361446,7.60054188368055,6.26144394828791,6.19615442278861,6.99243893645786,7.12765712816606,168
"169",2015,6,7.21454545454545,55,7.76363636363636,6.39090909090909,6.2,7.2,7.21777777777778,33,22,10,10,45,7525,4641,2884,677,2229,5296,7.08841854883721,7.60170157293686,6.26243154646324,6.19621122599705,6.99337012113055,7.12842288141994,169
"170",2015,7,7.30627222222222,54,7.65,6.8766125,6.35833333333333,7.81,7.11253076923077,30,24,6,15,39,7579,4671,2908,683,2244,5335,7.08997074548093,7.60201177478056,6.26750044016506,6.19763543191801,6.99882887700535,7.12830670665417,170
"171",2015,8,7.27090909090909,55,7.82777777777778,6.21578947368421,5.375,7.4,7.25208333333333,36,19,4,7,48,7634,4707,2927,687,2251,5383,7.09127433586586,7.60373847461228,6.26716476938845,6.19284570596798,7.00007641048423,7.12941041798254,171
"172",2015,9,7.1241935483871,31,7.60789473684211,6.35833333333333,6,NA,7.1241935483871,19,12,4,0,31,7665,4726,2939,691,2251,5414,7.0914074729289,7.60375518408802,6.26753701258932,6.19172937771346,7.00007641048423,7.1293805467307,172
"173",2015,10,6.92153846153846,65,7.24285714285714,6.54666666666667,6,7.08333333333333,6.88490566037736,35,30,6,12,53,7730,4761,2969,697,2263,5467,7.08997907891332,7.60110207939508,6.27035745368811,6.19007890961262,7.00051789659744,7.12701047740991,173
"174",2015,11,6.955,60,7.29705882352941,6.50769230769231,7,7.26666666666667,6.9,34,26,7,9,51,7790,4795,2995,704,2272,5518,7.08893944544288,7.59894619395203,6.27241778964942,6.19813210227273,7.00157218309859,7.12491233780355,174
"175",2015,12,7.01617647058824,68,7.46190476190476,6.29615384615385,6.77142857142857,6.90625,7.05,42,26,7,16,52,7858,4837,3021,711,2288,5570,7.08830978365996,7.59775625387637,6.27262207216154,6.20377637130802,7.00090559440559,7.12421297666068,175
"176",2016,1,6.82547945205479,73,7.55488372093023,5.78,4.63333333333333,6.23529411764706,7.00464285714286,43,30,3,17,56,7931,4880,3051,714,2305,5626,7.0858905913504,7.59737848360656,6.26777819731236,6.19717787114846,6.9952590021692,7.12302280127977,176
"177",2016,2,6.56865671641791,67,7.05681818181818,5.63478260869565,5.33333333333333,6.55,6.5719298245614,44,23,6,10,57,7998,4924,3074,720,2315,5683,7.0815576744186,7.59254813160032,6.26304205595316,6.18997916666667,6.99333563714903,7.11749538623966,177
"178",2016,3,6.61492537313433,67,7.34864864864865,5.71,5.625,5.78947368421053,6.94166666666667,37,30,8,19,48,8065,4961,3104,728,2334,5731,7.07768112585245,7.59072908687765,6.25769693298969,6.1837706043956,6.98353556126821,7.11602273250742,178
"179",2016,4,6.75211267605634,71,7.51081081081081,5.92647058823529,5.11111111111111,5.5,6.93387096774194,37,34,9,9,62,8136,4998,3138,737,2343,5793,7.07484000491642,7.59013745498199,6.25410811982154,6.17067164179104,6.9778369611609,7.11407324011738,179
"180",2016,5,7.12962962962963,54,7.83225806451613,6.18260869565217,4.91666666666667,6.22222222222222,7.31111111111111,31,23,6,9,45,8190,5029,3161,743,2352,5838,7.07520125518925,7.59162994631139,6.25358787725403,6.16054508748318,6.97494557823129,7.11559203151764,180
"181",2016,6,6.56294117647059,51,7.27083333333333,5.9337037037037,5.335,6.95833333333333,6.44128205128205,24,27,6,12,39,8241,5053,3188,749,2364,5877,7.0720310981677,7.59010627350089,6.25087869510665,6.15393190921228,6.97486125211506,7.11111728432874,181
"182",2016,7,7.03857142857143,70,7.4175,6.53333333333333,6,6.26875,7.26666666666667,40,30,6,16,54,8311,5093,3218,755,2380,5931,7.07174928167489,7.58875063813077,6.25351189558732,6.15270860927152,6.97011428571428,7.11253351542742,182
"183",2016,8,7.11369047619048,84,7.59056603773585,6.29838709677419,6.7,8.73076923076923,6.81760563380282,53,31,10,13,71,8395,5146,3249,765,2393,6002,7.0721689434187,7.58876933540614,6.25394006771314,6.15986274509804,6.97967906393648,7.10904469843386,183
"184",2016,9,6.99285714285714,56,7.31666666666667,6.61923076923077,7.175,6.9375,7.00208333333333,30,26,4,8,48,8451,5176,3275,769,2401,6050,7.07164338894805,7.58719223338485,6.25684008549618,6.16514304291287,6.97953852561433,7.10819607933884,184
"185",2016,10,7.01833333333333,60,7.33170731707317,6.34210526315789,6.44285714285714,6.41666666666667,7.27619047619048,41,19,7,18,42,8511,5217,3294,776,2419,6092,7.07126756902831,7.58518439716312,6.25733190042501,6.16764819587629,6.97535014468789,7.10935428102429,185
"186",2016,11,7.04285714285714,77,7.87833333333333,6.04028571428571,6.61666666666667,6.88833333333333,7.09,42,35,9,18,59,8588,5259,3329,785,2437,6151,7.07101284117373,7.58752557520441,6.25504994893361,6.17279617834395,6.97470742716455,7.10916863599415,186
"187",2016,12,6.67536231884058,69,7.68139534883721,5.01153846153846,6.21428571428571,6.3,6.8078431372549,43,26,7,18,51,8657,5302,3355,792,2455,6202,7.06785933695275,7.58828687287816,6.24541319821162,6.17316287878788,6.96976048879837,7.10669079006772,187
"188",2017,1,6.94310344827586,116,7.74615384615385,5.91960784313726,5.94761904761905,6.67307692307692,7.02111111111111,65,51,21,26,90,8773,5367,3406,813,2481,6292,7.06620976632851,7.59019880752748,6.24053472695244,6.16733702337023,6.96665135026199,7.10546666878576,188
"189",2017,2,6.47692307692308,65,7.38888888888889,5.82894736842105,4.6,5.9,6.65,27,38,7,15,50,8838,5394,3444,820,2496,6342,7.06187579542883,7.58919113830182,6.23599340301974,6.15395731707317,6.96024118589744,7.1018757931252,189
"190",2017,3,6.90422535211268,71,7.375,6.42,7,6.74545454545455,6.93333333333333,36,35,11,11,60,8909,5430,3479,831,2507,6402,7.06061940509597,7.58777108655617,6.23784457602759,6.16515643802647,6.95929876346231,7.10029620118713,190
"191",2017,4,6.7531914893617,47,7.4037037037037,5.875,6.08333333333333,6.28571428571429,6.835,27,20,6,7,40,8956,5457,3499,837,2514,6442,7.0590060607414,7.58686036283672,6.23577058588168,6.16456989247312,6.95742322991249,7.09864891027631,191
"192",2017,5,7.19365079365079,63,7.64418604651163,6.225,5,6.5,7.32452830188679,43,20,8,10,53,9019,5500,3519,845,2524,6495,7.05994658831356,7.58730854545455,6.23570937198068,6.15354437869822,6.95561093502377,7.10049211393379,192
"193",2017,6,7.08,45,7.52,6.2,5,7.42857142857143,7.01578947368421,30,15,2,7,38,9064,5530,3534,847,2531,6533,7.06004614739629,7.58694339963834,6.23555780418789,6.15082054309327,6.95691900434611,7.09999943058319,193
"194",2017,7,6.49275362318841,69,7.18421052631579,5.64516129032258,5.63636363636364,7.45454545454545,6.31034482758621,38,31,11,11,58,9133,5568,3565,858,2542,6591,7.0557602408847,7.58419486350575,6.23042392145863,6.14422494172494,6.95907238394965,7.09305056592323,194
"195",2017,8,7.10333333333333,81,7.57555555555556,6.51305555555556,7.03333333333333,7.20833333333333,7.08507246376812,45,36,6,12,69,9214,5613,3601,864,2554,6660,7.05617845452572,7.58412560128274,6.23324945292974,6.15039930555555,6.96024353954581,7.09296790990991,195
"196",2017,9,7.17230769230769,65,7.425,6.64285714285714,7.16666666666667,7.32307692307692,7.13461538461539,44,21,6,13,52,9279,5657,3622,870,2567,6712,7.05699194740812,7.58288792646279,6.23562431805632,6.15740804597701,6.96208102843786,7.09329056615018,196
"197",2017,10,6.65184615384615,65,7.60921052631579,5.30444444444444,5.944,6.42,6.72755102040816,38,27,5,16,49,9344,5695,3649,875,2583,6761,7.05417361729452,7.58306356453029,6.22873425047958,6.15618857142857,6.95872319008904,7.09063988759059,197
"198",2017,11,6.53225806451613,93,7.41914893617021,5.62608695652174,5.56666666666667,7.2125,6.39090909090909,47,46,9,16,77,9437,5742,3695,884,2599,6838,7.04903022994596,7.58172187391153,6.22123174018945,6.15018665158371,6.96028549442093,7.08276049722141,198
"199",2017,12,7.07445679012346,81,7.72846666666667,6.25694444444444,6.2,6.63636363636364,7.1433,45,36,5,11,70,9518,5787,3731,889,2610,6908,7.04924661483505,7.582862968723,6.22157632806218,6.15046681664792,6.95892030651341,7.08337395483497,199
"200",2018,1,7.17715909090909,88,7.69425925925926,6.35588235294118,6.5,7.30833333333333,7.12796875,54,34,6,24,64,9606,5841,3765,895,2634,6972,7.05041841349157,7.58389282657079,6.22278918459495,6.15281005586592,6.96210402429765,7.08378331612163,200
"201",2018,2,6.99830508474576,59,7.18055555555556,6.71304347826087,6,6.65,7.06938775510204,36,23,4,10,49,9665,5877,3788,899,2644,7021,7.0501002876358,7.58142215416029,6.22576591341077,6.15213014460512,6.96092360060515,7.08368284859707,201
"202",2018,3,7.05188679245283,53,7.94807692307692,6.18888888888889,6,6.0375,7.13469387755102,26,27,5,4,49,9718,5903,3815,904,2648,7070,7.05011003087055,7.58303709977977,6.22550492267366,6.15128871681416,6.95952870090635,7.0840363903819,202
"203",2018,4,7.190625,64,7.71470588235294,6.59666666666667,7.1875,6.6875,7.2625,34,30,8,8,56,9782,5937,3845,912,2656,7126,7.05102936822735,7.58379114030655,6.22840085305592,6.16037828947368,6.9587093373494,7.08543885489756,203
"204",2018,5,6.91846153846154,52,7.4675,6.04,6.8,5.76363636363636,7.22829268292683,32,20,6,11,41,9834,5969,3865,918,2667,7167,7.05032837909294,7.58316769978221,6.22742594566624,6.16455882352941,6.95378027746532,7.08625607367099,204
"205",2018,6,6.81923076923077,52,7.43125,5.84,6.6,7.20909090909091,6.71463414634146,32,20,5,11,41,9886,6001,3885,923,2678,7208,7.04911281408052,7.58235760706549,6.22543147490348,6.16691765980498,6.9548289768484,7.08414224195339,205
"206",2018,7,6.90454545454545,44,7.56923076923077,5.94444444444444,6.4,7.33333333333333,6.87317073170732,26,18,5,3,41,9930,6027,3903,928,2681,7249,7.04847223363545,7.58230097892816,6.22413560850628,6.16817349137931,6.95525251771727,7.08294899710305,206
"207",2018,8,7.45296875,64,7.74975,6.95833333333333,6.28571428571429,7.87375,7.39285714285714,40,24,7,8,56,9994,6067,3927,935,2689,7305,7.05106256553932,7.58340497774848,6.22862268398268,6.16905347593583,6.95798512458163,7.08532474743327,207
"208",2018,9,7.01595744680851,47,7.29347826086957,6.75,5.71428571428571,6.41071428571429,7.27272727272727,23,24,7,14,33,10041,6090,3951,942,2703,7338,7.0508982451947,7.58231001642036,6.23178974436851,6.16567409766454,6.95515057343693,7.08616752248569,208
"209",2018,10,7.14754098360656,61,7.18378378378378,7.09166666666667,6.8,6.97777777777778,7.17692307692308,37,24,5,9,52,10102,6127,3975,947,2712,7390,7.05148181350228,7.57990337848866,6.23698145408805,6.1690232312566,6.95522566371682,7.08680612719892,209
"210",2018,11,6.93350649350649,77,7.24228571428571,6.67619047619048,6.3375,7.33333333333333,6.85969230769231,35,42,8,12,65,10179,6162,4017,955,2724,7455,7.05058937813145,7.57798571892243,6.24157363206373,6.17043455497382,6.95689133627019,7.08482592622401,210
"211",2018,12,6.87896963636364,55,7.34981972972973,5.91111111111111,6.44,7.545333,6.73088888888889,37,18,5,10,45,10234,6199,4035,960,2734,7500,7.04966705198358,7.57662386352638,6.24009944981413,6.17183854166667,6.95904364667155,7.082702304,211
"212",2019,1,7.08571428571429,77,7.15681818181818,6.99090909090909,6.97142857142857,7.77777777777778,6.99411764705882,44,33,7,9,68,10311,6243,4068,967,2743,7568,7.04993624381728,7.57366511773186,6.24619008849558,6.17762668045502,6.96172997812614,7.08190635306554,212
"213",2019,2,7.15254237288136,59,7.48809523809524,6.32352941176471,7.2,7.25,7.12765957446809,42,17,5,12,47,10370,6285,4085,972,2755,7615,7.05052002025072,7.57309329037391,6.24651194124847,6.18288580246914,6.96298560072596,7.08218874326986,213
"214",2019,3,7.06666666666667,51,7.37878787878788,6.49444444444444,7.5,7.35555555555556,7.0047619047619,33,18,2,9,42,10421,6318,4103,974,2764,7657,7.05059904135879,7.57207839981007,6.24759962953936,6.18559034907597,6.96426386758322,7.08176404335902,214
"215",2019,4,7.06484375,64,7.73026315789474,6.09230769230769,4.975,8.05555555555556,6.90272727272727,38,26,4,9,55,10485,6356,4129,978,2773,7712,7.05068599046256,7.57302412366268,6.24662176798256,6.1806390593047,6.96780574468085,7.08048719917012,215
"216",2019,5,6.86666666666667,45,7.025,6.74,7.07142857142857,7.7,6.7625,20,25,7,5,40,10530,6376,4154,985,2778,7752,7.04989958309591,7.5713051019448,6.24959106403467,6.18696954314721,6.96912358891289,7.07884639834881,216
"217",2019,6,6.72803921568627,51,7.03030303030303,6.17388888888889,5.25,6.963,6.67073170731707,33,18,4,10,41,10581,6409,4172,989,2788,7793,7.04834822890086,7.56851947729755,6.24926444870566,6.18317997977755,6.96910162482066,7.07669925317593,217
"218",2019,7,7.61190476190476,42,8,6.83571428571429,7.4,7.13333333333333,7.74242424242424,28,14,5,9,33,10623,6437,4186,994,2797,7826,7.05057635413725,7.57039635389157,6.251225819398,6.18930080482897,6.96963007865571,7.07950642473805,218
"219",2019,8,7.04733333333333,60,7.46428571428571,6.6825,7.7,7.09142857142857,7.04150943396226,28,32,5,7,53,10683,6465,4218,999,2804,7879,7.05055814003557,7.56993678731632,6.25449769559033,6.19686186186186,6.96993414051356,7.07925082878538,219
"220",2019,9,7.2459649122807,57,7.94714285714286,6.56896551724138,5.83333333333333,7.625,7.14488888888889,28,29,6,12,45,10740,6493,4247,1005,2816,7924,7.0515952150838,7.57156342676729,6.25664499175889,6.19469154228856,6.97272561434659,7.07962358404846,220
"221",2019,10,6.90937254901961,51,7.376,6.34130434782609,7,7.625,6.77623255813953,28,23,3,8,43,10791,6521,4270,1008,2824,7967,7.05092304791029,7.57072371262077,6.25710100234192,6.19708829365079,6.97457341713881,7.07798610267353,221
"222",2019,11,7.19692307692308,52,7.773125,6.275,5.75,6.81,7.22916666666667,32,20,4,4,48,10843,6553,4290,1012,2828,8015,7.05162322327769,7.57171209064551,6.25718444755245,6.19532114624506,6.97434064002829,7.07889148845914,222
"223",2019,12,6.59294871794872,78,6.91794871794872,6.26794871794872,7.2,5.73,6.71985294117647,39,39,9,10,68,10921,6592,4329,1021,2838,8083,7.04834727680615,7.56784425515777,6.25728142296142,6.20417727717924,6.96995607117689,7.07587099839168,223
"224",2020,1,6.98379025316456,79,7.54937612244898,6.06,6.28571428571429,6.38996833333333,7.15901639344262,49,30,7,18,61,11000,6641,4359,1028,2856,8144,7.04788364,7.56770798976058,6.25592367056665,6.20473249027237,6.96630068627451,7.07649377210216,224
"225",2020,2,7.35824561403509,57,7.41625,7.284,7.75,6.75,7.42980392156863,32,25,4,6,51,11057,6673,4384,1032,2862,8195,7.04948358867686,7.56698168140267,6.26178633211679,6.21072189922481,6.96584722571629,7.07869252959121,225
"226",2020,3,7.54,55,7.41724137931034,7.67692307692308,7.66666666666667,8,7.51346153846154,29,26,3,3,52,11112,6702,4410,1035,2865,8247,7.05191145068394,7.5663337451507,6.27012954195011,6.21494202898551,6.96693010820245,7.08143388868679,226
"227",2020,4,7.51443359375,64,8.24775735294118,6.68333333333333,6.64285714285714,7.95454545454545,7.42308962264151,34,30,7,11,53,11176,6736,4440,1042,2876,8300,7.05456011005726,7.56977323485748,6.27292145945946,6.21781669865643,6.97070749652295,7.08361554578313,227
"228",2020,5,6.62931034482759,58,7.62068965517241,5.63793103448276,5.71428571428571,6.5,6.65957446808511,29,29,7,11,47,11234,6765,4469,1049,2887,8347,7.05236458874844,7.56999150184775,6.26880091295592,6.21445662535748,6.96891401454798,7.08122786989337,228
"229",2020,6,7.23557692307692,52,7.85714285714286,6.51041666666667,8,6.875,7.30113636363636,28,24,7,8,44,11286,6793,4493,1056,2895,8391,7.05320873560163,7.57117510819962,6.27009153794792,6.22629261363636,6.9686544939551,7.08238100703134,229
"230",2020,7,6.39145833333333,48,7.17821428571429,5.29,4.97142857142857,6.5625,6.33444444444444,28,20,7,12,36,11334,6821,4513,1063,2907,8427,7.05040619287101,7.56956201583346,6.26574812319965,6.21802916274694,6.96697790161679,7.07918583481666,230
"231",2020,8,6.73870967741935,62,7.21875,6.22666666666667,4.81666666666667,6.63,6.75961538461539,32,30,6,10,52,11396,6853,4543,1069,2917,8479,7.0487104062829,7.56792390339997,6.26549004622496,6.21016370439663,6.96582268083648,7.07722597358179,231
"232",2020,9,6.0625,48,6.66,5.41304347826087,5.88888888888889,5.33333333333333,6.16666666666667,25,23,9,6,42,11444,6878,4566,1078,2923,8521,7.04457390685075,7.56462380197732,6.26119607533947,6.2074814471243,6.96247169346562,7.07273782771975,232
"233",2020,10,7.00208333333333,48,7.33846153846154,6.60454545454545,6.75,7.03,6.99473684210526,26,22,6,10,38,11492,6904,4588,1084,2933,8559,7.04439643143056,7.5637720900927,6.26284247602441,6.21048431734317,6.96270192976475,7.07239152120575,233
"234",2020,11,6.9765625,64,7.48108108108108,6.28518518518518,6.1,7.90909090909091,6.78301886792453,37,27,5,11,53,11556,6941,4615,1089,2944,8612,7.0440207502596,7.56333129376171,6.26297319176598,6.20997704315886,6.96623802989131,7.07061066302833,234
"235",2020,12,6.85,55,7.32692307692308,6.42241379310345,5.625,6.125,7.05232558139535,26,29,4,12,43,11611,6967,4644,1093,2956,8655,7.0431016958057,7.56244904693556,6.2639688372093,6.2078362305581,6.96282299052774,7.07051981860196,235
"236",2021,1,7.33965363636364,77,7.71855065217391,6.77741935483871,6.01666666666667,7.8,7.26292924242424,46,31,6,11,66,11688,7013,4675,1099,2967,8721,7.04505536618754,7.56347295593897,6.26737353582888,6.20679253867152,6.96592678126053,7.07197596147231,236
"237",2021,2,6.6344262295082,61,7.34074074074074,6.07352941176471,5.5,7.05833333333333,6.53061224489796,27,34,6,12,49,11749,7040,4709,1105,2979,8770,7.04292340794961,7.56261872727273,6.26597393926524,6.20295475113122,6.96629901309164,7.06895123831243,237
"238",2021,3,7.28947368421053,57,8.09444444444444,5.90952380952381,6.12,7.93333333333333,7.16875,36,21,5,9,48,11806,7076,4730,1110,2988,8818,7.04411376588175,7.56532445449407,6.26439139112051,6.20258108108108,6.96921176706828,7.06949448400998,238
"239",2021,4,7.07608695652174,46,7.58333333333333,6.125,3.5,7.4,7.03658536585366,30,16,2,5,41,11852,7106,4746,1112,2993,8859,7.04423786027674,7.56540048409795,6.2639214664981,6.19772032374101,6.96993142666222,7.06934217857546,239
"240",2021,5,7.10791666666667,48,7.37071428571429,6.74,6.35714285714286,8.2,6.98093023255814,28,20,7,5,43,11900,7134,4766,1119,2998,8902,7.04449471596638,7.5646363666947,6.26591927822073,6.19871760500447,6.97198290860574,7.06891511570433,240
"241",2021,6,7.08297872340426,47,8.00416666666667,6.12173913043478,6,6.45,7.21282051282051,24,23,6,8,39,11947,7158,4789,1125,3006,8941,7.0446461136687,7.56611006426376,6.26522682814784,6.19765777777778,6.97059373253493,7.06954282071356,241
"242",2021,7,6.605,40,7.02916666666667,5.96875,5.5,7.35555555555556,6.38709677419355,24,16,2,9,31,11987,7182,4805,1127,3015,8972,7.0431790372904,7.56431576719577,6.26423960041623,6.19641969831411,6.97174287230514,7.06718483727151,242
"243",2021,8,7,37,7.06538461538462,6.84545454545455,9,5.5,7.35,26,11,1,7,30,12024,7208,4816,1128,3022,9002,7.04304616766467,7.56251607103219,6.26556712624585,6.19890514184397,6.96833380542687,7.06812734503444,243
"244",2021,9,6.72972972972973,37,7.38095238095238,5.875,5.75,6,6.84375,21,16,4,5,32,12061,7229,4832,1132,3027,9034,7.04208499461073,7.56198863466593,6.26427385761589,6.19731890459364,6.96673431119921,7.06733256143458,244
"245",2021,10,6.78360975609756,41,7.69283333333333,5.5,6.25,7.004,6.73823529411765,24,17,6,7,34,12102,7253,4849,1138,3034,9068,7.04120931416295,7.56242159658073,6.26159440709425,6.19759666080844,6.96682029004615,7.06609862814292,245
"246",2021,11,7.42372881355932,59,7.62,7.1375,6,7.4,7.42745098039216,35,24,1,8,51,12161,7288,4873,1139,3042,9119,7.04306513609078,7.56269811196487,6.26590832751898,6.19742317822651,6.96795948717949,7.0681195701283,246
"247",2021,12,6.88712121212121,66,7.27878787878788,6.49545454545455,5.2,6.10625,6.9948275862069,33,33,8,8,58,12227,7321,4906,1147,3050,9177,7.04222336795616,7.56141836361153,6.26745236037505,6.19046643417611,6.96569926557377,7.0676563539283,247
"248",2022,1,6.75,72,7.38571428571429,6.14864864864865,5.85714285714286,5.16666666666667,6.97619047619048,35,37,7,9,63,12299,7356,4943,1154,3059,9240,7.04051265306122,7.56058235997825,6.26656307505563,6.1884445407279,6.9604062634848,7.06703272294372,248
"249",2022,2,7.51551724137931,58,7.63333333333333,7.20625,6,7.06666666666667,7.56730769230769,42,16,1,6,52,12357,7398,4959,1155,3065,9292,7.04274218014081,7.56099538253582,6.26959493446259,6.18828138528139,6.96061427732464,7.06983236762807,249
"250",2022,3,6.71666666666667,48,7.4,5.47058823529412,5.5,6.15,6.83,31,17,3,8,40,12405,7429,4976,1158,3073,9332,7.04148046110439,7.56032357517836,6.26686520900321,6.18649827288428,6.95850398958673,7.06880436776682,250
"251",2022,4,6.75227272727273,44,7.034375,6,6.33333333333333,6.19444444444444,6.89571428571429,32,12,6,9,35,12449,7461,4988,1164,3082,9367,7.04045827937987,7.55806779788232,6.26622319165998,6.18725515463918,6.95627279688514,7.06815761289634,251
"252",2022,5,6.7619696969697,66,7.02702702702703,6.42379310344828,6.25,7.37692307692308,6.6111320754717,37,29,4,13,53,12515,7498,5017,1168,3095,9420,7.03898962205353,7.55544729794612,6.26713400039864,6.18747003424658,6.95803966397416,7.06558623779193,252
"253",2022,6,7.3390243902439,41,7.63870967741935,6.41,6.75,6.73,7.53548387096774,31,10,4,10,31,12556,7529,5027,1172,3105,9451,7.03996934692577,7.55579012352238,6.26741819773224,6.18938993174061,6.95730523671498,7.06712753782668,253
"254",2022,7,7.07962962962963,27,7.55357142857143,6.56923076923077,5.5,9,7.00576923076923,14,13,2,1,26,12583,7543,5040,1174,3106,9477,7.04005444806485,7.55578600556808,6.26819668253968,6.18821550255537,6.95796289761752,7.0669592022792,254
"255",2022,8,6.62631578947368,38,6.75,6.53636363636364,7.1,7.5,6.49393939393939,16,22,3,5,33,12621,7559,5062,1177,3111,9510,7.03880874098724,7.55408041275301,6.26936216515211,6.19053950722175,6.95883405978785,7.06497080546793,255
"256",2022,9,6.94444444444444,45,7.55172413793103,5.84375,NA,7.31818181818182,6.82352941176471,29,16,0,11,34,12666,7588,5078,1177,3122,9544,7.03847348176219,7.5540714074855,6.26802112642773,6.19053950722175,6.9601001793722,7.06411068315172,256
"257",2022,10,7.26363636363636,33,7.65625,6.89411764705882,7.64,7.25,7.26666666666667,16,17,5,6,27,12699,7604,5095,1182,3128,9571,7.0390585967399,7.55428640715413,6.27011016290481,6.19667089678511,6.96065625319693,7.06468209800439,257
"258",2022,11,7.03566037735849,53,7.40322580645161,6.51772727272727,5.5,7.45,6.9393023255814,31,22,2,10,43,12752,7635,5117,1184,3138,9614,7.03904447302383,7.55367306352325,6.27117476646472,6.19549408783784,6.96221566602932,7.06412131890992,258
"259",2022,12,6.89375,64,7.32903225806452,6.48484848484848,6.3,7.5625,6.79821428571429,31,33,5,8,56,12816,7666,5150,1189,3146,9670,7.03831890761548,7.55276465431777,6.27254393786408,6.19593355761144,6.96374213604578,7.0625814229576,259
