"","year","month","avg_rating","no_ratings","avg_rating_owned","avg_rating_not_owned","avg_rating_prev_owned","avg_rating_comment","avg_rating_no_comment","no_ratings_owned","no_ratings_not_owned","no_ratings_prev_owned","no_ratings_comment","no_ratings_no_comment","cum_no_ratings","cum_no_ratings_owned","cum_no_ratings_not_owned","cum_no_ratings_prev_owned","cum_no_ratings_comment","cum_no_ratings_no_comment","cum_avg_rating","cum_avg_rating_owned","cum_avg_rating_not_owned","cum_avg_rating_prev_owned","cum_avg_rating_comment","cum_avg_rating_no_comment","month_after_release"
"1",2001,5,6,1,NA,6,NA,NA,6,0,1,0,0,1,1,0,1,0,0,1,6,NA,6,NA,NA,6,0
"2",2001,6,6.66666666666667,3,6.66666666666667,NA,NA,NA,6.66666666666667,3,0,0,0,3,4,3,1,0,0,4,6.5,6.66666666666667,6,NA,NA,6.5,1
"3",2001,7,9,1,9,NA,NA,9,NA,1,0,0,1,0,5,4,1,0,1,4,7,7.25,6,NA,9,6.5,2
"4",2001,8,7,3,8.5,4,NA,6,9,2,1,0,2,1,8,6,2,0,3,5,7,7.66666666666667,5,NA,7,7,3
"5",2001,9,6.5,2,NA,6.5,NA,7,6,0,2,0,1,1,10,6,4,0,4,6,6.9,7.66666666666667,5.75,NA,7,6.83333333333333,4
"6",2001,10,7,1,NA,7,NA,NA,7,0,1,0,0,1,11,6,5,0,4,7,6.90909090909091,7.66666666666667,6,NA,7,6.85714285714286,5
"7",2001,11,7,3,8,6.5,NA,7,7,1,2,0,1,2,14,7,7,0,5,9,6.92857142857143,7.71428571428571,6.14285714285714,NA,7,6.88888888888889,6
"8",2002,1,9,1,9,NA,NA,NA,9,1,0,0,0,1,15,8,7,0,5,10,7.06666666666667,7.875,6.14285714285714,NA,7,7.1,8
"9",2002,2,7.5,2,7.5,NA,NA,8,7,2,0,0,1,1,17,10,7,0,6,11,7.11764705882353,7.8,6.14285714285714,NA,7.16666666666667,7.09090909090909,9
"10",2002,3,6.5,2,8,5,NA,NA,6.5,1,1,0,0,2,19,11,8,0,6,13,7.05263157894737,7.81818181818182,6,NA,7.16666666666667,7,10
"11",2002,4,8,4,8,8,NA,8,8,2,2,0,2,2,23,13,10,0,8,15,7.21739130434783,7.84615384615385,6.4,NA,7.375,7.13333333333333,11
"12",2002,5,8,3,8,8,NA,8,8,2,1,0,1,2,26,15,11,0,9,17,7.30769230769231,7.86666666666667,6.54545454545455,NA,7.44444444444444,7.23529411764706,12
"13",2002,6,9.25,2,9.25,NA,NA,NA,9.25,2,0,0,0,2,28,17,11,0,9,19,7.44642857142857,8.02941176470588,6.54545454545455,NA,7.44444444444444,7.44736842105263,13
"14",2002,7,7.33333333333333,6,7,7.66666666666667,NA,7,7.5,3,3,0,2,4,34,20,14,0,11,23,7.42647058823529,7.875,6.78571428571429,NA,7.36363636363636,7.45652173913043,14
"15",2002,8,8.16666666666667,6,8.6,6,NA,8.5,8,5,1,0,2,4,40,25,15,0,13,27,7.5375,8.02,6.73333333333333,NA,7.53846153846154,7.53703703703704,15
"16",2002,9,7.8,5,8.33333333333333,7,NA,7.5,8,3,2,0,2,3,45,28,17,0,15,30,7.56666666666667,8.05357142857143,6.76470588235294,NA,7.53333333333333,7.58333333333333,16
"17",2002,10,7.6,5,6.5,8.33333333333333,7,8,7.5,2,3,1,1,4,50,30,20,1,16,34,7.57,7.95,7,7,7.5625,7.57352941176471,17
"18",2002,11,7.8,5,8.5,7.33333333333333,6,8,7.5,2,3,1,3,2,55,32,23,2,19,36,7.59090909090909,7.984375,7.04347826086957,6.5,7.63157894736842,7.56944444444444,18
"19",2002,12,8.25714285714286,7,8.3,8,NA,NA,8.25714285714286,6,1,0,0,7,62,38,24,2,19,43,7.66612903225806,8.03421052631579,7.08333333333333,6.5,7.63157894736842,7.68139534883721,19
"20",2003,1,8.16666666666667,6,8.16666666666667,NA,NA,8.5,8,6,0,0,2,4,68,44,24,2,21,47,7.71029411764706,8.05227272727273,7.08333333333333,6.5,7.71428571428571,7.70851063829787,20
"21",2003,2,7.72222222222222,9,8.2,7.125,7.5,8.08333333333333,7,5,4,1,6,3,77,49,28,3,27,50,7.71168831168831,8.06734693877551,7.08928571428571,6.83333333333333,7.7962962962963,7.666,21
"22",2003,3,7.25,4,7.66666666666667,6,NA,8,7,3,1,0,1,3,81,52,29,3,28,53,7.68888888888889,8.04423076923077,7.05172413793103,6.83333333333333,7.80357142857143,7.62830188679245,22
"23",2003,4,7.8,5,8,7.66666666666667,NA,9,7.5,2,3,0,1,4,86,54,32,3,29,57,7.6953488372093,8.04259259259259,7.109375,6.83333333333333,7.8448275862069,7.61929824561404,23
"24",2003,5,7.83333333333333,9,7.83333333333333,NA,NA,7.875,7.8,9,0,0,4,5,95,63,32,3,33,62,7.70842105263158,8.01269841269841,7.109375,6.83333333333333,7.84848484848485,7.63387096774194,24
"25",2003,6,7.23076923076923,13,7.5625,6.7,NA,6.66666666666667,7.71428571428571,8,5,0,6,7,108,71,37,3,39,69,7.65092592592593,7.96197183098591,7.05405405405405,6.83333333333333,7.66666666666667,7.64202898550725,25
"26",2003,7,7.46052631578947,38,8.02173913043478,6.6,NA,7.27272727272727,7.53703703703704,23,15,0,11,27,146,94,52,3,50,96,7.6013698630137,7.97659574468085,6.92307692307692,6.83333333333333,7.58,7.6125,26
"27",2003,8,7,14,7.83333333333333,6.375,NA,6.66666666666667,7.09090909090909,6,8,0,3,11,160,100,60,3,53,107,7.54875,7.968,6.85,6.83333333333333,7.52830188679245,7.5588785046729,27
"28",2003,9,7.78125,16,8.1,7.25,NA,8,7.65,10,6,0,6,10,176,110,66,3,59,117,7.56988636363636,7.98,6.88636363636364,6.83333333333333,7.57627118644068,7.56666666666667,28
"29",2003,10,8.33333333333333,6,8.5,8,NA,8.66666666666667,8,4,2,0,3,3,182,114,68,3,62,120,7.59505494505494,7.99824561403509,6.91911764705882,6.83333333333333,7.62903225806452,7.5775,29
"30",2003,11,7.5,2,7.5,NA,NA,7,8,2,0,0,1,1,184,116,68,3,63,121,7.59402173913043,7.98965517241379,6.91911764705882,6.83333333333333,7.61904761904762,7.58099173553719,30
"31",2003,12,7.625,12,7.86363636363636,5,NA,7.125,7.875,11,1,0,4,8,196,127,69,3,67,129,7.59591836734694,7.97874015748031,6.89130434782609,6.83333333333333,7.58955223880597,7.59922480620155,31
"32",2004,1,7.18181818181818,11,7.85714285714286,6,NA,6.5,7.57142857142857,7,4,0,4,7,207,134,73,3,71,136,7.57391304347826,7.97238805970149,6.84246575342466,6.83333333333333,7.52816901408451,7.59779411764706,32
"33",2004,2,6.9,12,7.1,6.5,NA,6.9,6.9,8,4,0,5,7,219,142,77,3,76,143,7.53698630136986,7.92323943661972,6.82467532467532,6.83333333333333,7.48684210526316,7.56363636363636,33
"34",2004,3,7.28571428571429,14,7.8,6,NA,6.66666666666667,7.75,10,4,0,6,8,233,152,81,3,82,151,7.52188841201717,7.91513157894737,6.78395061728395,6.83333333333333,7.42682926829268,7.57350993377483,34
"35",2004,4,8.05,10,8.21428571428571,7.66666666666667,7,8.75,7.58333333333333,7,3,1,4,6,243,159,84,4,86,157,7.54362139917695,7.92830188679245,6.81547619047619,6.875,7.48837209302326,7.57388535031847,35
"36",2004,5,7.78333333333333,6,10,7.34,7,7.66666666666667,7.9,1,5,1,3,3,249,160,89,5,89,160,7.54939759036145,7.94125,6.84494382022472,6.9,7.49438202247191,7.58,36
"37",2004,6,7.45833333333333,12,7.9375,6.5,NA,7.4,7.5,8,4,0,5,7,261,168,93,5,94,167,7.54521072796935,7.94107142857143,6.83010752688172,6.9,7.48936170212766,7.57664670658683,37
"38",2004,7,8.05,10,8.0625,8,9,9.66666666666667,7.35714285714286,8,2,1,3,7,271,176,95,6,97,174,7.56383763837638,7.94659090909091,6.85473684210526,7.25,7.55670103092783,7.56781609195402,38
"39",2004,8,7.59090909090909,11,7.5,7.7,10,8,7.5,6,5,1,2,9,282,182,100,7,99,183,7.56489361702128,7.93186813186813,6.897,7.64285714285714,7.56565656565657,7.56448087431694,39
"40",2004,9,7.68181818181818,11,8.25,7,7.33333333333333,8,7.5,6,5,3,4,7,293,188,105,10,103,190,7.56928327645051,7.94202127659574,6.90190476190476,7.55,7.58252427184466,7.56210526315789,40
"41",2004,10,7.63636363636364,11,8,4,4,7.5,7.71428571428571,10,1,1,4,7,304,198,106,11,107,197,7.57171052631579,7.94494949494949,6.87452830188679,7.22727272727273,7.57943925233645,7.56751269035533,41
"42",2004,11,7.36111111111111,18,7.76666666666667,5.33333333333333,9,7.07142857142857,7.54545454545455,15,3,1,7,11,322,213,109,12,114,208,7.55993788819876,7.93239436619718,6.83211009174312,7.375,7.54824561403509,7.56634615384615,42
"43",2004,12,7.25,12,8.4,6.42857142857143,8,7.5,7.125,5,7,2,4,8,334,218,116,14,118,216,7.54880239520958,7.94311926605505,6.80775862068966,7.46428571428571,7.54661016949153,7.55,43
"44",2005,1,7.26315789473684,19,7.55555555555556,7,7,6.66666666666667,7.375,9,10,2,3,16,353,227,126,16,121,232,7.53342776203966,7.92775330396476,6.82301587301587,7.40625,7.52479338842975,7.53793103448276,44
"45",2005,2,7.39473684210526,19,7.54166666666667,7.14285714285714,NA,7.75,7.23076923076923,12,7,0,6,13,372,239,133,16,127,245,7.52634408602151,7.90836820083682,6.83984962406015,7.40625,7.53543307086614,7.52163265306122,45
"46",2005,3,7.21052631578947,19,8.2,6.11111111111111,NA,7.71428571428571,6.91666666666667,10,9,0,7,12,391,249,142,16,134,257,7.51099744245524,7.92008032128514,6.79366197183099,7.40625,7.54477611940298,7.49338521400778,46
"47",2005,4,7.46666666666667,15,7.81818181818182,6.5,NA,8.33333333333333,7.25,11,4,0,3,12,406,260,146,16,137,269,7.50935960591133,7.91576923076923,6.78561643835616,7.40625,7.56204379562044,7.48252788104089,47
"48",2005,5,7.92105263157895,19,8.34615384615385,7,NA,8.5,7.5,13,6,0,8,11,425,273,152,16,145,280,7.52776470588235,7.93626373626374,6.79407894736842,7.40625,7.61379310344828,7.48321428571429,48
"49",2005,6,7.52941176470588,17,7.875,7.22222222222222,8,6.33333333333333,7.78571428571429,8,9,1,3,14,442,281,161,17,148,294,7.52782805429864,7.93451957295374,6.81801242236025,7.44117647058824,7.58783783783784,7.49761904761905,49
"50",2005,7,7.34285714285714,14,7.68571428571429,7,8,6.6,7.75555555555556,7,7,1,5,9,456,288,168,18,153,303,7.52214912280702,7.92847222222222,6.82559523809524,7.47222222222222,7.55555555555556,7.50528052805281,50
"51",2005,8,7.38260869565217,23,7.55333333333333,7.0625,NA,8.09090909090909,6.73333333333333,15,8,0,11,12,479,303,176,18,164,315,7.51544885177453,7.90990099009901,6.83636363636364,7.47222222222222,7.59146341463415,7.47587301587302,51
"52",2005,9,7.12272727272727,22,7.89166666666667,6.2,6,7.06363636363636,7.18181818181818,12,10,2,11,11,501,315,186,20,175,326,7.49820359281437,7.90920634920635,6.80215053763441,7.325,7.55828571428571,7.4659509202454,52
"53",2005,10,7.76086956521739,23,8.23529411764706,6.41666666666667,7,7.82142857142857,7.66666666666667,17,6,1,14,9,524,332,192,21,189,335,7.50973282442748,7.92590361445783,6.79010416666667,7.30952380952381,7.57777777777778,7.47134328358209,53
"54",2005,11,7.5,24,7.96153846153846,6.95454545454545,5.5,7.83333333333333,7.16666666666667,13,11,2,12,12,548,345,203,23,201,347,7.50930656934307,7.92724637681159,6.79901477832512,7.15217391304348,7.59303482587065,7.46080691642651,54
"55",2005,12,7.7,15,7.9,7.3,NA,7.57142857142857,7.8125,10,5,0,7,8,563,355,208,23,208,355,7.51438721136767,7.92647887323944,6.81105769230769,7.15217391304348,7.59230769230769,7.4687323943662,55
"56",2006,1,7.23529411764706,17,7.85,6.35714285714286,8,7.65,6.64285714285714,10,7,1,10,7,580,365,215,24,218,362,7.50620689655173,7.92438356164384,6.79627906976744,7.1875,7.59495412844037,7.45276243093923,56
"57",2006,2,7.88461538461539,13,8,7.75,NA,8.16666666666667,7.64285714285714,7,6,0,6,7,593,372,221,24,224,369,7.51450252951096,7.9258064516129,6.82217194570136,7.1875,7.61026785714286,7.45636856368564,57
"58",2006,3,7.60526315789474,19,8.27272727272727,6.6875,6,7.78571428571429,7.5,11,8,1,7,12,612,383,229,25,231,381,7.51732026143791,7.93577023498695,6.8174672489083,7.14,7.61558441558442,7.45774278215223,58
"59",2006,4,6.9,10,7,6.8,6.5,7,6.875,5,5,2,2,8,622,388,234,27,233,389,7.50739549839228,7.92371134020619,6.81709401709402,7.09259259259259,7.61030042918455,7.44575835475579,59
"60",2006,5,7.19444444444444,18,7.44444444444444,6.94444444444444,7,6.9,7.30769230769231,9,9,1,5,13,640,397,243,28,238,402,7.49859375,7.91284634760705,6.82181069958848,7.08928571428571,7.5953781512605,7.44129353233831,60
"61",2006,6,7.65714285714286,7,7.92,7,NA,8.4,6.66666666666667,5,2,0,4,3,647,402,245,28,242,405,7.50030911901082,7.91293532338308,6.82326530612245,7.08928571428571,7.60867768595041,7.43555555555556,61
"62",2006,7,6.90526315789474,19,7.9375,6.15454545454545,7.1,6.45714285714286,7.16666666666667,8,11,2,7,12,666,410,256,30,249,417,7.48333333333333,7.91341463414634,6.79453125,7.09,7.57630522088353,7.42781774580336,62
"63",2006,8,7.10833333333333,24,7.84166666666667,6.375,NA,8,6.81111111111111,12,12,0,6,18,690,422,268,30,255,435,7.47028985507247,7.91137440758294,6.77574626865672,7.09,7.58627450980392,7.40229885057471,63
"64",2006,9,7.38888888888889,27,7.92307692307692,6.89285714285714,NA,6.81818181818182,7.78125,13,14,0,11,16,717,435,282,30,266,451,7.46722454672246,7.91172413793103,6.78156028368794,7.09,7.55451127819549,7.41574279379158,64
"65",2006,10,7.8125,16,8.44444444444444,7,7,8.5,7.71428571428571,9,7,1,2,14,733,444,289,31,268,465,7.47476125511596,7.92252252252252,6.78685121107266,7.08709677419355,7.5615671641791,7.4247311827957,65
"66",2006,11,7.40882352941177,17,7.61875,7.22222222222222,NA,7.4,7.4125,8,9,0,5,12,750,452,298,31,273,477,7.47326666666667,7.91714601769911,6.8,7.08709677419355,7.55860805860806,7.42442348008386,66
"67",2006,12,7.52272727272727,22,7.72727272727273,7.31818181818182,8,7.57142857142857,7.5,11,11,1,7,15,772,463,309,32,280,492,7.47467616580311,7.91263498920086,6.81844660194175,7.115625,7.55892857142857,7.42672764227642,67
"68",2007,1,7.22142857142857,28,7.84615384615385,6.68,NA,7.125,7.26,13,15,0,8,20,800,476,324,32,288,512,7.4658125,7.91081932773109,6.81203703703704,7.115625,7.546875,7.42021484375,68
"69",2007,2,7.63504653846154,26,7.97058823529412,7.00124555555556,7,7.95,7.438200625,17,9,1,10,16,826,493,333,33,298,528,7.47113947941889,7.91288032454361,6.81715078078078,7.11212121212121,7.56040268456376,7.42075986742424,69
"70",2007,3,7.15,16,8.1,6.71818181818182,NA,7,7.26666666666667,5,11,0,7,9,842,498,344,33,305,537,7.46503706650831,7.91475903614458,6.81398607558139,7.11212121212121,7.54754098360656,7.41817729981378,70
"71",2007,4,7.06666666666667,15,7.75,6.61111111111111,4,7.375,6.71428571428571,6,9,1,8,7,857,504,353,34,313,544,7.45806442240373,7.91279761904762,6.80881362606232,7.02058823529412,7.54313099041534,7.40911987132353,71
"72",2007,5,7.65714285714286,21,8.04166666666667,7.14444444444444,6,7.38333333333333,7.76666666666667,12,9,1,6,15,878,516,362,35,319,559,7.46282597949886,7.91579457364341,6.81715803867403,6.99142857142857,7.54012539184953,7.41871415026834,72
"73",2007,6,7.27272727272727,22,8.18181818181818,6.36363636363636,8.5,6.125,7.52777777777778,11,11,1,4,18,900,527,373,36,323,577,7.45817912222222,7.92134724857685,6.80378340482574,7.03333333333333,7.52260061919505,7.42211648180243,73
"74",2007,7,8.03666666666667,15,7.98,8.15,NA,8.28571428571429,7.81875,10,5,0,7,8,915,537,378,36,330,585,7.46766252459016,7.92243947858473,6.8215905026455,7.03333333333333,7.53878787878788,7.42754052991453,74
"75",2007,8,7.82,25,8.27272727272727,7.46428571428571,6.5,7.75,7.90909090909091,11,14,2,14,11,940,548,392,38,344,596,7.47703320212766,7.92947080291971,6.84454390306122,7.00526315789474,7.54738372093023,7.43642820469799,75
"76",2007,9,7.5125,24,8.28571428571429,6.43,5,8.55555555555556,6.88666666666667,14,10,2,9,15,964,562,402,40,353,611,7.47791619294606,7.93834519572954,6.83423186567164,6.905,7.57308781869688,7.42293160392799,76
"77",2007,10,6.71739130434783,23,7.3,6.26923076923077,8,6.64285714285714,6.75,10,13,1,7,16,987,572,415,41,360,627,7.46019372847011,7.92718531468531,6.81653303614458,6.93170731707317,7.555,7.40575950558214,77
"78",2007,11,7.01081081081081,37,7.53076923076923,6.72916666666667,7.5,7.5,6.74583333333333,13,24,1,13,24,1024,585,439,42,373,651,7.44395625976563,7.91837606837607,6.81175674259681,6.94523809523809,7.55308310991957,7.38143043010753,78
"79",2007,12,7.12571428571429,35,7.52222222222222,6.70588235294118,6.66666666666667,7.05,7.16521739130435,18,17,3,12,23,1059,603,456,45,385,674,7.43343834749764,7.90655058043118,6.80780967105263,6.92666666666667,7.5374025974026,7.37405224035608,79
"80",2008,1,7.4265625,32,8.15625,6.696875,7.75,7.78333333333333,7.11176470588235,16,16,2,15,17,1091,619,472,47,400,691,7.43323667277727,7.91300484652665,6.80404917372881,6.96170212765957,7.546625,7.36759943560058,80
"81",2008,2,7.26666666666667,24,7.33333333333333,7.2,NA,7.45,7.08333333333333,12,12,0,12,12,1115,631,484,47,412,703,7.42965130941704,7.90198098256735,6.81386613636364,6.96170212765957,7.54381067961165,7.36274709815078,81
"82",2008,3,6.9828125,32,7.43823529411765,6.46666666666667,7.5,6.7625,7.115,17,15,1,12,20,1147,648,499,48,424,723,7.41718501307759,7.88981481481481,6.80342927855711,6.97291666666667,7.52169811320755,7.35589378976487,82
"83",2008,4,7.39473684210526,19,7.94444444444444,6.9,NA,7.22727272727273,7.625,9,10,0,11,8,1166,657,509,48,435,731,7.41681921955403,7.89056316590563,6.80532654223969,6.97291666666667,7.51425287356322,7.35883886456908,83
"84",2008,5,6.78571428571429,14,7.28571428571429,6.28571428571429,NA,8.25,6.2,7,7,0,4,10,1180,664,516,48,439,741,7.40933153389831,7.88418674698795,6.79827753875969,6.97291666666667,7.52095671981777,7.34320001349528,84
"85",2008,6,7.0625,16,8.16666666666667,6.80769230769231,NA,7.16666666666667,7,3,13,0,6,10,1196,667,529,48,445,751,7.40469164715719,7.88545727136432,6.79850890359168,6.97291666666667,7.5161797752809,7.33863010652463,85
"86",2008,7,7.2371,20,7.8742,6.6,6.5,7.0242,7.45,10,10,6,10,10,1216,677,539,54,455,761,7.40193520559211,7.88529098966026,6.79482599257885,6.92037037037037,7.50536703296703,7.34009357424442,86
"87",2008,8,7.19259259259259,27,7.7,6.89411764705882,7.0625,7.23076923076923,7.15714285714286,10,17,8,13,14,1243,687,556,62,468,775,7.39738794046661,7.88259388646288,6.79786188848921,6.93870967741935,7.49773931623932,7.33678865806452,87
"88",2008,9,7.25,20,7.72222222222222,6.86363636363636,6.33333333333333,6.5,7.33333333333333,9,11,3,2,18,1263,696,567,65,470,793,7.39505400633413,7.88052011494253,6.79913793650794,6.91076923076923,7.49349361702128,7.33671022698613,88
"89",2008,10,7.73413333333333,15,7.502,7.88888888888889,7,8.003,7.63636363636364,6,9,1,4,11,1278,702,576,66,474,804,7.39903381064163,7.8772849002849,6.81616529513889,6.91212121212121,7.49779324894515,7.34080996268657,89
"90",2008,11,7.39541666666667,24,7.86363636363636,6.99923076923077,7.5,7.49909090909091,7.30769230769231,11,13,2,11,13,1302,713,589,68,485,817,7.39896713517665,7.87707433380084,6.82020578947369,6.92941176470588,7.49782268041237,7.34028299877601,90
"91",2008,12,7.26086956521739,23,8.28571428571429,6.8125,6.5,7.64285714285714,7.09375,7,16,3,7,16,1325,720,605,71,492,833,7.39656996981132,7.88104722222222,6.820002,6.9112676056338,7.49988617886179,7.33554767106843,91
"92",2009,1,6.9,20,7.19230769230769,6.35714285714286,7.25,6.57142857142857,7.07692307692308,13,7,2,7,13,1345,733,612,73,499,846,7.38918602973978,7.86883219645293,6.81470785947713,6.92054794520548,7.48686172344689,7.33157353427896,92
"93",2009,2,7.10697674418605,43,7.4,6.95,5.96,7.13333333333333,7.1027027027027,15,28,5,6,37,1388,748,640,78,505,883,7.38044323487032,7.85943048128342,6.820626890625,6.85897435897436,7.48266138613861,7.32198325028313,93
"94",2009,3,7.13214285714286,28,7.7,6.76470588235294,6,7.1875,7.11,11,17,3,8,20,1416,759,657,81,513,903,7.37553334039548,7.85711989459815,6.8191799238965,6.82716049382716,7.47805847953216,7.31728816168328,94
"95",2009,4,7.1,40,6.90909090909091,7.17241379310345,6.125,5.58333333333333,7.36764705882353,11,29,4,6,34,1456,770,686,85,519,937,7.36796374313187,7.84357662337662,6.83411255102041,6.79411764705882,7.45615414258189,7.31911548559232,95
"96",2009,5,7.21293103448276,58,7.52777777777778,7.07125,6.19444444444444,6.953125,7.31190476190476,18,40,9,16,42,1514,788,726,94,535,979,7.36202457727873,7.83636294416243,6.84717797520661,6.73670212765957,7.44111028037383,7.31880613891726,96
"97",2009,6,7.63714285714286,35,7.3,7.70689655172414,6.57142857142857,6.2,7.87666666666667,6,29,7,5,30,1549,794,755,101,540,1009,7.3682409360878,7.83230982367758,6.8802002781457,6.72524752475248,7.42961851851852,7.33539267591675,97
"98",2009,7,7.62903225806452,31,7.89285714285714,7.41176470588235,6.33333333333333,7.16666666666667,7.81818181818182,14,17,3,9,22,1580,808,772,104,549,1031,7.3733577278481,7.83335891089109,6.89190571243523,6.71394230769231,7.42530783242259,7.34569467507275,98
"99",2009,8,8.12037037037037,27,8.1875,8.06666666666667,7.4,7.83333333333333,8.20238095238095,12,15,5,6,21,1607,820,787,109,555,1052,7.38590865588052,7.83854146341463,6.91429632782719,6.7454128440367,7.42971891891892,7.3627958269962,99
"100",2009,9,7.27826086956522,23,7.25,7.28823529411765,7.625,7.07142857142857,7.36875,6,17,4,7,16,1630,826,804,113,562,1068,7.3843896993865,7.83426634382566,6.92220299751244,6.77654867256637,7.42525622775801,7.36288502808989,100
"101",2009,10,7.408,25,7.98,6.55,6,8,7.22105263157895,15,10,4,6,19,1655,841,814,117,568,1087,7.38474635045317,7.83686563614744,6.91763047911548,6.75,7.43132746478873,7.36040589696412,101
"102",2009,11,7.565625,32,7.96428571428571,7.25555555555556,8,7.75,7.48181818181818,14,18,4,10,22,1687,855,832,121,578,1109,7.38817736218139,7.83895204678362,6.92494135817308,6.79132231404959,7.43684083044983,7.36281443642922,102
"103",2009,12,7.26086956521739,23,7.775,6.98666666666667,6,7.1,7.30555555555556,8,15,4,5,18,1710,863,847,125,583,1127,7.38646503508772,7.83835921205098,6.92603448642267,6.766,7.43395197255575,7.36189992014197,103
"104",2010,1,7.14423076923077,26,7.60909090909091,6.80333333333333,7,7.61666666666667,7.0025,11,15,3,6,20,1736,874,862,128,589,1147,7.38283710253456,7.83547368421052,6.92389931554525,6.771484375,7.43581324278438,7.35563313862249,104
"105",2010,2,7.41176470588235,17,7.65,7.07142857142857,7,7,7.5,10,7,1,3,14,1753,884,869,129,592,1161,7.38311763262978,7.83337556561086,6.92508769850403,6.77325581395349,7.43360472972973,7.35737399655469,105
"106",2010,3,7.28260869565217,23,8.14285714285714,6.90625,6,8.4,6.97222222222222,7,16,1,5,18,1776,891,885,130,597,1179,7.38181599662162,7.83580695847362,6.9247471299435,6.76730769230769,7.44169849246231,7.35149381679389,106
"107",2010,4,7.37045454545455,22,8.61666666666667,6.903125,7.75,7.13333333333333,7.40789473684211,6,16,1,3,19,1798,897,901,131,600,1198,7.38167697997775,7.84103010033445,6.92436316315206,6.77480916030534,7.44015666666667,7.35238832220367,107
"108",2010,5,7.34615384615385,13,8,6.3,7.5,8.125,7,8,5,2,4,9,1811,905,906,133,604,1207,7.38142198233021,7.84243535911602,6.92091745033113,6.78571428571429,7.44469205298013,7.34976073736537,108
"109",2010,6,7.67142857142857,14,8.5,7.34,7.5,7.7,7.66,4,10,2,4,10,1825,909,916,135,608,1217,7.38364669041096,7.84532893289329,6.92549258733625,6.7962962962963,7.44637171052632,7.35230995069844,109
"110",2010,7,7.19230769230769,13,8.25,6.72222222222222,6,8.5,6.8,4,9,1,3,10,1838,913,925,136,611,1227,7.38229336779108,7.84710186199343,6.92351482162162,6.79044117647059,7.45154500818331,7.34780864710676,110
"111",2010,8,7.29444444444444,18,7.64444444444444,6.94444444444444,7,6.33333333333333,7.48666666666667,9,9,1,3,15,1856,922,934,137,614,1242,7.38144138469828,7.84512364425162,6.92371649892934,6.79197080291971,7.44608143322476,7.3494856763285,111
"112",2010,9,7.27777777777778,18,7.66666666666667,7.2,7,6.83333333333333,7.5,3,15,1,6,12,1874,925,949,138,620,1254,7.38044568303095,7.84454486486486,6.92808346680717,6.79347826086957,7.44015161290323,7.35092600478469,112
"113",2010,10,7.14285714285714,14,7.7,6.83333333333333,7,6,7.23076923076923,5,9,2,1,13,1888,930,958,140,621,1267,7.3786839036017,7.84376774193548,6.92719332985386,6.79642857142857,7.43783252818035,7.34969314127861,113
"114",2010,11,7.67631578947368,38,7.63333333333333,7.70434782608696,7.125,7.39583333333333,7.80576923076923,15,23,4,12,26,1926,945,981,144,633,1293,7.38455618380062,7.84042751322751,6.94541407747197,6.80555555555556,7.43703633491311,7.35886404485692,114
"115",2010,12,7.05789473684211,19,7.66666666666667,6.94375,7.5,6.75,7.14,3,16,2,4,15,1945,948,997,146,637,1308,7.38136514652956,7.8398776371308,6.94538737211635,6.81506849315069,7.43272213500785,7.35635413608563,115
"116",2011,1,7.30588235294118,17,7.72,6.71428571428571,7,7.6,7.26666666666667,10,7,1,2,15,1962,958,1004,147,639,1323,7.38071111620795,7.83862630480167,6.94377610557769,6.81632653061225,7.43324569640063,7.35533727135298,116
"117",2011,2,7.06896551724138,29,6.88461538461539,7.21875,9,8.5,6.96296296296296,13,16,1,2,27,1991,971,1020,148,641,1350,7.37617037167253,7.82585375901133,6.94808942156863,6.83108108108108,7.43657410296412,7.34748978518518,117
"118",2011,3,7.56666666666667,12,7.91666666666667,7.21666666666667,7.5,8.075,7.3125,6,6,1,4,8,2003,977,1026,149,645,1358,7.37731163754369,7.82641146366428,6.94966004873295,6.83557046979866,7.44053333333333,7.34728365979381,118
"119",2011,4,7.04158333333333,12,7.75,6.687375,7,7,7.0499,4,8,1,2,10,2015,981,1034,150,647,1368,7.3753122630273,7.8260998980632,6.94763076402321,6.83666666666667,7.439171561051,7.34510980263158,119
"120",2011,5,7.70833333333333,12,7.8,7.64285714285714,9,7.875,7.625,5,7,1,4,8,2027,986,1041,151,651,1376,7.37728377405032,7.82596754563894,6.95230567723343,6.85099337748344,7.44184946236559,7.34673707122093,120
"121",2011,6,7.37142857142857,14,7.25,7.4625,NA,7.75,7.30833333333333,6,8,0,2,12,2041,992,1049,151,653,1388,7.37724361097501,7.82248387096774,6.95619657769304,6.85099337748344,7.4427932618683,7.34640505043228,121
"122",2011,7,7.3,15,8.66666666666667,6.95833333333333,7,10,7.10714285714286,3,12,2,1,14,2056,995,1061,153,654,1402,7.37668006322957,7.82502914572864,6.95622074458059,6.85294117647059,7.44670336391437,7.34401584165478,122
"123",2011,8,7.06944444444444,18,7.65,6.84615384615385,6,7.83333333333333,6.91666666666667,5,13,1,3,15,2074,1000,1074,154,657,1417,7.37401360173578,7.824154,6.95488846368715,6.8474025974026,7.44846879756469,7.33949203246295,123
"124",2011,9,7.35714285714286,14,7.91666666666667,6.9375,6.5,7.16666666666667,7.40909090909091,6,8,1,3,11,2088,1006,1082,155,660,1428,7.37390048371648,7.82470576540755,6.95475989833642,6.84516129032258,7.44718787878788,7.3400281582633,124
"125",2011,10,7.26666666666667,15,7.375,7.14285714285714,NA,6.5,7.38461538461539,8,7,0,2,13,2103,1014,1089,155,662,1441,7.37313562054208,7.82115779092702,6.95596897153352,6.84516129032258,7.44432628398792,7.34043040249826,125
"126",2011,11,7.4,16,8.425,6.375,5,7,7.58181818181818,8,8,2,5,11,2119,1022,1097,157,667,1452,7.37333846625767,7.82588454011741,6.95173218778487,6.82165605095541,7.44099550224888,7.34225909779614,126
"127",2011,12,7.40333333333333,15,7.32142857142857,7.475,6.93333333333333,7.71,7.25,7,8,3,5,10,2134,1029,1105,160,672,1462,7.37354930178069,7.82245286686103,6.9555205520362,6.82375,7.44299702380952,7.34162805061559,127
"128",2012,1,6.35789473684211,19,6.33333333333333,6.3625,NA,6.5,6.30714285714286,3,16,0,5,14,2153,1032,1121,160,677,1476,7.36458625638644,7.81812403100775,6.94705638715433,6.82375,7.43603249630724,7.3318158604336,128
"129",2012,2,7.30769230769231,13,7.625,7.16666666666667,6.75,7.4,7.25,4,9,2,5,8,2166,1036,1130,162,682,1484,7.36424478762696,7.81737837837838,6.94880549557522,6.82283950617284,7.43576832844575,7.33137480458221,129
"130",2012,3,7.7625,12,8,7.64375,7.5,7.4125,7.9375,4,8,2,4,8,2178,1040,1138,164,686,1492,7.3664390312213,7.81808076923077,6.95369086994728,6.83109756097561,7.43563265306122,7.33462480563003,130
"131",2012,4,7.271875,16,7.91666666666667,6.885,7,6.8375,7.41666666666667,6,10,1,4,12,2194,1046,1148,165,690,1504,7.36574941203282,7.81864627151051,6.9530925174216,6.83212121212121,7.43216521739131,7.33527939494681,131
"132",2012,5,7.77647058823529,17,8.02,7.42857142857143,NA,8.33333333333333,7.47272727272727,10,7,0,6,11,2211,1056,1155,165,696,1515,7.3689073767526,7.82055303030303,6.95597420779221,6.83212121212121,7.43993390804598,7.33627736633663,132
"133",2012,6,6.75,10,7.25,6.625,6,6.375,7,2,8,1,4,6,2221,1058,1163,166,700,1521,7.36612076091851,7.81947448015123,6.95369751504729,6.82710843373494,7.43384857142857,7.33495082840237,133
"134",2012,7,7.591875,16,7.81,7.22833333333333,NA,7.8,7.43,10,6,0,7,9,2237,1068,1169,166,707,1530,7.36773545373268,7.81938576779026,6.95510710863986,6.82710843373494,7.4374738330976,7.33550994117647,134
"135",2012,8,6.55555555555556,9,7.5,6.4375,7.5,4,7.28571428571429,1,8,2,2,7,2246,1069,1177,168,709,1537,7.36448094835263,7.81908699719364,6.95158896346644,6.83511904761905,7.42777715091679,7.33528315549772,135
"136",2012,9,6.85,10,7.25,6.58333333333333,6,7,6.8125,4,6,1,2,8,2256,1073,1183,169,711,1545,7.36220044769504,7.81696551724138,6.94972122569738,6.8301775147929,7.42657383966245,7.33257618770227,136
"137",2012,10,7.07692307692308,13,8.08333333333333,6.21428571428571,4.75,8,7,6,7,2,1,12,2269,1079,1190,171,712,1557,7.3605659806082,7.81844670991659,6.94539513445378,6.80584795321637,7.42737921348315,7.33001298008992,137
"138",2012,11,7.0875,16,8.25,6.7,6.5,7.33333333333333,7.03076923076923,4,12,2,3,13,2285,1083,1202,173,715,1570,7.35865392122538,7.8200406278855,6.94294526622296,6.80231213872832,7.42698461538462,7.3275351656051,138
"139",2012,12,6.58333333333333,12,7.25,6.25,7,6.33333333333333,6.66666666666667,4,8,1,3,9,2297,1087,1210,174,718,1579,7.35460348715716,7.81794296228151,6.93836380991736,6.80344827586207,7.42241504178273,7.32376834072198,139
"140",2013,1,7.28888888888889,18,7.94444444444444,6.63333333333333,5,8,7.08571428571429,9,9,1,4,14,2315,1096,1219,175,722,1593,7.3540925313175,7.81898175182482,6.93611173913044,6.79314285714286,7.42561495844875,7.32167621468927,140
"141",2013,2,7.595,20,8.08333333333333,7.38571428571429,6.66666666666667,6.33333333333333,7.81764705882353,6,14,3,3,17,2335,1102,1233,178,725,1610,7.35615597858673,7.82042105263158,6.94121671532847,6.79101123595506,7.42109517241379,7.32691317391304,141
"142",2013,3,7.30769230769231,13,7.9,6.9375,6,8.16666666666667,6.57142857142857,5,8,1,6,7,2348,1107,1241,179,731,1617,7.35588765332198,7.82078048780488,6.94119275584206,6.78659217877095,7.42721477428181,7.32364267779839,142
"143",2013,4,7.1,6,7,7.15,6.5,6,7.32,2,4,2,1,5,2354,1109,1245,181,732,1622,7.35523543330501,7.81930027051397,6.94186362248996,6.78342541436464,7.42526502732241,7.32363144882861,143
"144",2013,5,7.16,15,8.1,6.69,7.4,7.21666666666667,7.12222222222222,5,10,5,6,9,2369,1114,1255,186,738,1631,7.35399924440692,7.82056014362657,6.93985674103586,6.8,7.42356910569106,7.32252005518087,144
"145",2013,6,6.8,10,7.16666666666667,6.25,NA,8,6.66666666666667,6,4,0,1,9,2379,1120,1259,186,739,1640,7.3516705380412,7.81705714285714,6.93766498014297,6.8,7.42434912043302,7.3189208597561,145
"146",2013,7,7.43,10,7.66666666666667,7.32857142857143,NA,7.2,7.58333333333333,3,7,0,4,6,2389,1123,1266,186,743,1646,7.35199841356216,7.8166553873553,6.93982639020537,6.8,7.42314131897712,7.31988469623329,146
"147",2013,8,7.05833333333333,6,7.3,6.9375,6.375,NA,7.05833333333333,2,4,2,0,6,2395,1125,1270,188,743,1652,7.35126271816284,7.81573688888889,6.93981906299213,6.79547872340425,7.42314131897712,7.31893475181598,147
"148",2013,9,6.57777777777778,9,6.55,6.6,7,4.5,6.8375,4,5,1,1,8,2404,1129,1275,189,744,1660,7.34836697587355,7.81125243578388,6.93848643921569,6.79656084656085,7.4192123655914,7.31661458433735,148
"149",2013,10,6.98636363636364,11,7.33571428571429,6.375,6.5,6.25,7.15,7,4,2,2,9,2415,1136,1279,191,746,1669,7.34671809937888,7.80832218309859,6.93672416731822,6.7934554973822,7.41607774798928,7.3157161234272,149
"150",2013,11,6.859375,16,7.79166666666667,6.3,7.5,7,6.85,6,10,3,1,15,2431,1142,1289,194,747,1684,7.34351057589469,7.808234676007,6.93178449185415,6.80438144329897,7.41552074966533,7.31156782066508,150
"151",2013,12,8.0625,8,8.5,7.625,9,NA,8.0625,4,4,2,0,8,2439,1146,1293,196,747,1692,7.34586888478885,7.81064921465969,6.93392901005414,6.82678571428571,7.41552074966533,7.31511832742317,151
"152",2014,1,7.0625,8,7.66666666666667,6.7,NA,9.3,6.74285714285714,3,5,0,1,7,2447,1149,1298,196,748,1699,7.34494246424193,7.81027328111401,6.93302789676425,6.82678571428571,7.41804010695187,7.31276057092408,152
"153",2014,2,7.33846153846154,13,7.5,7.2375,8,7.125,7.43333333333333,5,8,1,4,9,2460,1154,1306,197,752,1708,7.34490821544716,7.80892894280762,6.93489296324655,6.83274111675127,7.41648138297873,7.31339590749415,153
"154",2014,3,7.15625,16,7.5625,6.75,6.375,6.33333333333333,7.34615384615385,8,8,4,3,13,2476,1162,1314,201,755,1721,7.3436890993538,7.80723235800344,6.93376728310502,6.82363184079602,7.41217748344371,7.31364335270192,154
"155",2014,4,7,5,6.5,7.33333333333333,NA,6.5,7.33333333333333,2,3,0,2,3,2481,1164,1317,201,757,1724,7.34299645707376,7.80498625429553,6.93467745634017,6.82363184079602,7.40976750330251,7.31367761600928,155
"156",2014,5,6.92857142857143,7,7.4,5.75,NA,7.75,6.6,5,2,0,2,5,2488,1169,1319,201,759,1729,7.34183047025724,7.80325406330197,6.93288112964367,6.82363184079602,7.41066403162055,7.31161377096588,156
"157",2014,6,7.75,6,7.5,8,7.5,NA,7.75,3,3,1,0,6,2494,1172,1322,202,759,1735,7.34281243384122,7.80247781569966,6.93530273071104,6.8269801980198,7.41066403162055,7.31312980403458,157
"158",2014,7,7.13333333333333,9,NA,7.13333333333333,7,7.1,7.14285714285714,0,9,2,2,7,2503,1172,1331,204,761,1742,7.34205921294447,7.80247781569966,6.93664178061608,6.82867647058823,7.40984756898817,7.31244558553387,158
"159",2014,8,7.3125,8,8.125,6.5,7,7.25,7.33333333333333,4,4,1,2,6,2511,1176,1335,205,763,1748,7.34196503783353,7.80357482993197,6.9353334906367,6.82951219512195,7.40942857142857,7.3125172826087,159
"160",2014,9,6.54285714285714,7,7,6.36,8,4,6.96666666666667,2,5,1,1,6,2518,1178,1340,206,764,1754,7.33974353057983,7.80221052631579,6.9331867238806,6.83519417475728,7.40496596858639,7.31133421322691,160
"161",2014,10,7.13846153846154,13,7.42222222222222,6.5,7,7.2,7.1,9,4,1,5,8,2531,1187,1344,207,769,1762,7.3387096839194,7.79932940185341,6.93189747767857,6.83599033816425,7.403633289987,7.31037469353008,161
"162",2014,11,7.29285714285714,14,7.3125,7.26666666666667,6.6,5.33333333333333,7.82727272727273,8,6,1,3,11,2545,1195,1350,208,772,1773,7.33845744990177,7.79607029288703,6.93338534074074,6.83485576923077,7.39558808290156,7.31358161872533,162
"163",2014,12,7.75,18,8,7.35714285714286,7,8.33333333333333,7.63333333333333,11,7,1,3,15,2563,1206,1357,209,775,1788,7.34134772142021,7.79793034825871,6.93557126750184,6.83564593301435,7.39921806451613,7.31626409955257,163
"164",2015,1,7.1,4,8.5,5.7,NA,NA,7.1,2,2,0,0,4,2567,1208,1359,209,775,1792,7.34097164394235,7.79909271523179,6.93375291390728,6.83564593301435,7.39921806451613,7.3157813671875,164
"165",2015,2,6.43076923076923,13,7.02,6.0625,6.16666666666667,7.66666666666667,6.06,5,8,3,3,10,2580,1213,1367,212,778,1802,7.33638535271318,7.7958812860676,6.92865414045355,6.82617924528302,7.40024935732648,7.30881254716981,165
"166",2015,3,7.25,10,7.5,6.875,8,7.5,7.1875,6,4,1,2,8,2590,1219,1371,213,780,1810,7.33605181853282,7.79442493847416,6.92849760029176,6.83169014084507,7.40050512820513,7.30827635911602,166
"167",2015,4,7,3,8,6.5,NA,6,7.5,1,2,0,1,2,2593,1220,1373,213,781,1812,7.33566301966834,7.79459344262295,6.92787342316096,6.83169014084507,7.3987119078105,7.30848797461369,167
"168",2015,5,7.25,4,8,7,NA,6,7.66666666666667,1,3,0,1,3,2597,1221,1376,213,782,1815,7.33553107816712,7.79476167076167,6.92803067587209,6.83169014084507,7.39692327365729,7.30908000550964,168
"169",2015,6,5.975,8,7,5.63333333333333,NA,NA,5.975,2,6,0,0,8,2605,1223,1382,213,782,1823,7.33135286372361,7.7934619787408,6.92240970332851,6.83169014084507,7.39692327365729,7.30322556774547,169
"170",2015,7,7.28571428571429,7,7.5,7.2,7,7.5,7.2,2,5,1,2,5,2612,1225,1387,214,784,1828,7.33123055513017,7.79298285714286,6.92341038932949,6.83247663551402,7.3971862244898,7.30294322210066,170
"171",2015,8,6.88888888888889,9,7.16666666666667,6.33333333333333,6.5,5,7.125,6,3,2,1,8,2621,1231,1390,216,785,1836,7.32971164059519,7.78993013809911,6.92213684172662,6.82939814814815,7.39413248407643,7.30216787037037,171
"172",2015,9,6.6,10,8.75,6.0625,7,6,7,2,8,1,4,6,2631,1233,1398,217,789,1842,7.32693812618776,7.79148742903487,6.9172176037196,6.83018433179723,7.38706463878327,7.3011836102063,172
"173",2015,10,6.85714285714286,7,8,5.33333333333333,NA,6.33333333333333,7.25,4,3,0,3,4,2638,1237,1401,217,792,1846,7.32569151250948,7.79216168148747,6.91382598857959,6.83018433179723,7.38307323232323,7.30107270314193,173
"174",2015,11,7.5,2,8,7,NA,8,7,1,1,0,1,1,2640,1238,1402,217,793,1847,7.32582356439394,7.7923295638126,6.91388745363766,6.83018433179723,7.38385119798235,7.30090969680563,174
"175",2015,12,7.15384615384615,13,6.83333333333333,7.42857142857143,7.4,5.5,7.45454545454545,6,7,5,2,11,2653,1244,1409,222,795,1858,7.32498085563513,7.78770418006431,6.91644443577005,6.84301801801802,7.37911194968554,7.30181927341227,175
"176",2016,1,7.56428571428571,14,8.4,6.9375,7.66666666666667,6.33333333333333,7.9,6,8,3,3,11,2667,1250,1417,225,798,1869,7.32623704911886,7.7906432,6.91656330980946,6.854,7.37518045112782,7.30533986623863,176
"177",2016,2,7,6,7.5,6,8,NA,7,4,2,1,0,6,2673,1254,1419,226,798,1875,7.32550475495698,7.78971610845295,6.915271465821,6.85907079646018,7.37518045112782,7.30436277866667,177
"178",2016,3,6.93461538461538,13,7.3125,6.76666666666667,7.33333333333333,7.5,6.83181818181818,4,9,3,2,11,2686,1258,1428,229,800,1886,7.32361288533135,7.7881987281399,6.91433488095238,6.86528384279476,7.3754925,7.30160668610817,178
"179",2016,4,6.81111111111111,9,6.7,6.86666666666667,6.5,6,6.9125,3,6,2,1,8,2695,1261,1434,231,801,1894,7.32190137662338,7.7856098334655,6.91413543235704,6.86212121212121,7.37377528089888,7.29996315205913,179
"180",2016,5,7.36,5,8,6.93333333333333,NA,9,6.95,2,3,0,1,4,2700,1263,1437,231,802,1898,7.32197192962963,7.78594932699921,6.91417551148225,6.86212121212121,7.3758029925187,7.29922561116965,180
"181",2016,6,6.69230769230769,13,6.64285714285714,6.75,6.5,6,6.9,7,6,3,3,10,2713,1270,1443,234,805,1908,7.31895474014007,7.77964881889764,6.91349286902287,6.85747863247863,7.37067577639752,7.29713323375262,181
"182",2016,7,6.46666666666667,15,6.71428571428571,6.25,NA,6.16666666666667,6.66666666666667,7,8,0,6,9,2728,1277,1451,234,811,1917,7.31426840542522,7.77380892717306,6.90983474155755,6.85747863247863,7.36176818742294,7.29417329681794,182
"183",2016,8,6.95454545454545,11,7.4,6.58333333333333,NA,8,6.85,5,6,0,1,10,2739,1282,1457,234,812,1927,7.31282373493976,7.77235101404056,6.9084901921757,6.85747863247863,7.36255418719212,7.29186829787234,183
"184",2016,9,7.25,8,7.83333333333333,6.9,7,7.5,7.21428571428571,3,5,1,1,7,2747,1285,1462,235,813,1934,7.31264077539134,7.77249338521401,6.90846115595075,6.85808510638298,7.36272324723247,7.29158749224405,184
"185",2016,10,7.5,7,7.5,7.5,7,7,7.58333333333333,2,5,1,1,6,2754,1287,1467,236,814,1940,7.31311699709514,7.77206993006993,6.91047730743013,6.85868644067797,7.36227764127764,7.29248979896907,185
"186",2016,11,7.15625,16,7.94444444444444,6.14285714285714,6,7.75,6.95833333333333,9,7,1,4,12,2770,1296,1474,237,818,1952,7.31221090613719,7.77326697530864,6.90683189280868,6.85506329113924,7.36417359413203,7.29043555840164,186
"187",2016,12,7.29,10,7.84285714285714,6,NA,8,6.98571428571429,7,3,0,3,7,2780,1303,1477,237,821,1959,7.31213101079137,7.77364082885648,6.90498998645904,6.85506329113924,7.36649695493301,7.28934671260847,187
"188",2017,1,7.7,10,8.5,6.5,NA,10,7.44444444444444,6,4,0,1,9,2790,1309,1481,237,822,1968,7.31352122222222,7.77697020626432,6.90389615800135,6.85506329113924,7.36970072992701,7.29005600101626,188
"189",2017,2,6.61,10,6.93333333333333,6.125,NA,NA,6.61,6,4,0,0,10,2800,1315,1485,237,822,1978,7.31100864642857,7.77312091254753,6.90179812121212,6.85506329113924,7.36970072992701,7.28661790192113,189
"190",2017,3,7.72727272727273,11,7.925,7.2,7.6,8.5,7.55555555555556,8,3,1,2,9,2811,1323,1488,238,824,1987,7.3126375702597,7.77403930461073,6.90239933467742,6.85819327731092,7.37244417475728,7.28783603925516,190
"191",2017,4,7.35,8,6.66666666666667,7.76,9,7,7.46666666666667,3,5,1,2,6,2819,1326,1493,239,826,1993,7.31274360056758,7.77153393665158,6.90527140656396,6.86715481171548,7.37154237288136,7.28837441545409,191
"192",2017,5,7.11111111111111,9,7.75,6.6,5,7.5,7,4,5,1,2,7,2828,1330,1498,240,828,2000,7.31210191301273,7.77146917293233,6.90425247663551,6.859375,7.37185265700483,7.287365105,192
"193",2017,6,6.66666666666667,6,7,6.33333333333333,NA,5,7,3,3,0,1,5,2834,1333,1501,240,829,2005,7.31073543048694,7.76973293323331,6.90311139906729,6.859375,7.36899155609168,7.28664848379052,193
"194",2017,7,7.1875,8,7.5,7.08333333333333,6.66666666666667,6.25,7.5,2,6,3,2,6,2842,1335,1507,243,831,2011,7.31038853272343,7.76932883895131,6.90382893828799,6.85699588477366,7.36629843561974,7.28728503729488,194
"195",2017,8,7.44444444444444,9,7.875,7.1,7.75,7.75,7.35714285714286,4,5,2,2,7,2851,1339,1512,245,833,2018,7.3108117186952,7.76964451082898,6.9044776521164,6.86428571428571,7.36721968787515,7.28752735877106,195
"196",2017,9,6.55,10,8.125,5.5,6,6,6.61111111111111,4,6,1,1,9,2861,1343,1518,246,834,2027,7.30815246766865,7.77070290394639,6.89892635704875,6.86077235772358,7.36558033573142,7.28452403058707,196
"197",2017,10,6.9,15,7.42857142857143,6.4375,5,6.5,6.96153846153846,7,8,1,2,13,2876,1350,1526,247,836,2040,7.30602371696801,7.76892888888889,6.89650734600262,6.85323886639676,7.36350956937799,7.28246578921568,197
"198",2017,11,7.57142857142857,14,8,7.14285714285714,7,8,7.53846153846154,7,7,2,1,13,2890,1357,1533,249,837,2053,7.30730941522491,7.77012085482682,6.89763223091976,6.85441767068273,7.36427001194743,7.28408680467608,198
"199",2017,12,6.83333333333333,6,6.75,7,7,7,6.75,4,2,2,2,4,2896,1361,1535,251,839,2057,7.30632742058011,7.76712270389419,6.89776560912052,6.85557768924303,7.36340166865316,7.28304823043267,199
"200",2018,1,7.21428571428571,14,7.57142857142857,6.85714285714286,7,7.33333333333333,7.18181818181818,7,7,2,3,11,2910,1368,1542,253,842,2068,7.30588460824742,7.76612134502924,6.8975811997406,6.85671936758893,7.3632945368171,7.28250977272727,200
"201",2018,2,7.16666666666667,9,7.5,6.75,NA,7.375,7,5,4,0,4,5,2919,1373,1546,253,846,2073,7.30545536485098,7.76515222141296,6.89719935963777,6.85671936758893,7.36334988179669,7.28182836951278,201
"202",2018,3,7.15,10,7.33333333333333,6.875,8,7,7.25,6,4,1,4,6,2929,1379,1550,254,850,2079,7.304924619324,7.76327338651196,6.89714207096774,6.86122047244094,7.36164,7.28173651274651,202
"203",2018,4,7.07142857142857,14,7.77777777777778,5.8,5.5,9,6.75,9,5,2,2,12,2943,1388,1555,256,852,2091,7.30381386680258,7.7633674351585,6.8936142829582,6.8505859375,7.36548591549296,7.27868494021999,203
"204",2018,5,7.2,10,8.4,6,NA,6.25,7.83333333333333,5,5,0,4,6,2953,1393,1560,256,856,2097,7.30346231290213,7.76565254845657,6.89075013461538,6.8505859375,7.36027336448598,7.28027191702432,204
"205",2018,6,7.25,4,8.5,6,NA,8.5,6,2,2,0,2,2,2957,1395,1562,256,858,2099,7.30338999323639,7.76670537634408,6.88960960947503,6.8505859375,7.36293006993007,7.27905202953787,205
"206",2018,7,7.0625,8,7.5,6.625,6,7.5,7,4,4,1,1,7,2965,1399,1566,257,859,2106,7.3027400370995,7.76594281629735,6.88893372286079,6.84727626459144,7.36308963911525,7.27812450617284,206
"207",2018,8,7.88888888888889,9,8.2,7.5,NA,8,7.66666666666667,5,4,0,6,3,2974,1404,1570,257,865,2109,7.30451385675858,7.7674886039886,6.89049057961783,6.84727626459144,7.36750751445087,7.27867719772404,207
"208",2018,9,6.85,10,7.1,6.6,6.66666666666667,8,6.72222222222222,5,5,3,1,9,2984,1409,1575,260,866,2118,7.30299068699732,7.76511994322214,6.88956838730159,6.84519230769231,7.36823787528868,7.27631265816808,208
"209",2018,10,7.4,5,7.75,6,NA,7,7.66666666666667,4,1,0,2,3,2989,1413,1576,260,868,2121,7.30315296420207,7.7650771408351,6.88900394035533,6.84519230769231,7.36738940092166,7.27686478547855,209
"210",2018,11,7.375,12,8.5,6.25,6,8.5,6.8125,6,6,2,4,8,3001,1419,1582,262,872,2129,7.30344025658114,7.76818463706836,6.88658041087231,6.83874045801527,7.37258486238532,7.2751198731799,210
"211",2018,12,7.11111111111111,9,7.33333333333333,7,6.66666666666667,6.66666666666667,7.33333333333333,3,6,3,3,6,3010,1422,1588,265,875,2135,7.30286518604651,7.76726722925457,6.88700894836272,6.83679245283019,7.37016457142857,7.27528347072599,211
"212",2019,1,7.35833333333333,12,7.7,7.11428571428571,NA,7.25,7.38,5,7,0,2,10,3022,1427,1595,265,877,2145,7.30308544341496,7.76703153468816,6.88800640125392,6.83679245283019,7.3698905359179,7.27577165967366,212
"213",2019,2,6.94642857142857,14,8,6.36111111111111,6.125,8,6.77083333333333,5,9,2,2,12,3036,1432,1604,267,879,2157,7.30144078063241,7.76784497206704,6.88505000623441,6.8314606741573,7.37132423208191,7.27296254520167,213
"214",2019,3,8.01111111111111,18,7.33333333333333,8.35,5.7,6.75,8.37142857142857,6,12,2,4,14,3054,1438,1616,269,883,2171,7.30562351342502,7.76603198887343,6.89592834777228,6.82304832713755,7.36850962627407,7.28004615845233,214
"215",2019,4,7.6875,8,7.8,7.5,NA,7.5,7.75,5,3,0,2,6,3062,1443,1619,269,885,2177,7.30662123122142,7.76614968814969,6.89704768993206,6.82304832713755,7.36880677966102,7.28134139182361,215
"216",2019,5,7.42857142857143,7,7.75,7,NA,8.5,7,4,3,0,2,5,3069,1447,1622,269,887,2182,7.30689938416422,7.76610504492052,6.89723810727497,6.82304832713755,7.37135738444194,7.28069670485793,216
"217",2019,6,7.5,10,7.57142857142857,7.33333333333333,NA,10,7.22222222222222,7,3,0,1,9,3079,1454,1625,269,888,2191,7.30752653783696,7.76516781292985,6.89804320615384,6.82304832713755,7.37431756756757,7.28045650844363,217
"218",2019,7,7.48142857142857,7,6.5,7.874,7.87,NA,7.48142857142857,2,5,1,0,7,3086,1456,1630,270,888,2198,7.30792100129618,7.76342994505494,6.90103693865031,6.82692592592593,7.37431756756757,7.28109654686078,218
"219",2019,8,7.71428571428571,7,7.83333333333333,7,NA,8,7.66666666666667,6,1,0,1,6,3093,1462,1631,270,889,2204,7.30884067571937,7.76371682626539,6.90109761496015,6.82692592592593,7.37502137232846,7.28214619328494,219
"220",2019,9,7.83333333333333,6,7.33333333333333,8.33333333333333,8,8,7.8,3,3,1,1,5,3099,1465,1634,271,890,2209,7.30985615037109,7.76283549488054,6.90372717870257,6.83125461254613,7.37572359550562,7.28331833861476,220
"221",2019,10,6.9375,8,7.5,6.375,6,9,6.64285714285714,4,4,2,1,7,3107,1469,1638,273,891,2216,7.30889739620212,7.76211980939414,6.90243602564103,6.82516483516484,7.37754657687991,7.28129522111913,221
"222",2019,11,7,11,7.5,6.4,6,7,7,6,5,2,2,9,3118,1475,1643,275,893,2225,7.30780763630532,7.76105355932203,6.90090700547778,6.81916363636364,7.37670100783875,7.28015739775281,222
"223",2019,12,7.90769230769231,13,8.25,7.61428571428571,NA,8,7.9,6,7,0,1,12,3131,1481,1650,275,894,2237,7.3102983743213,7.76303443619176,6.90393346060606,6.81916363636364,7.37739821029083,7.28348243629861,223
"224",2020,1,7.31818181818182,11,7.07142857142857,7.75,8,8,7.25,7,4,1,1,10,3142,1488,1654,276,895,2247,7.31032597390197,7.75978091397849,6.90597957073761,6.82344202898551,7.37809385474861,7.28333342679128,224
"225",2020,2,7.78125,8,8,7.5625,NA,6,8.03571428571429,4,4,0,1,7,3150,1492,1658,276,896,2254,7.31152197142857,7.76042493297587,6.90756345597105,6.82344202898551,7.37655580357143,7.28567001330967,225
"226",2020,3,6.75,4,7,6.5,6.5,NA,6.75,2,2,1,0,4,3154,1494,1660,277,896,2258,7.31080983195942,7.75940696117804,6.90707241566265,6.82227436823105,7.37655580357143,7.284721085031,226
"227",2020,4,7.1,10,7.625,6.75,7,8.5,6.75,4,6,1,2,8,3164,1498,1666,278,898,2266,7.31014355562579,7.75904806408545,6.90650672869148,6.82291366906475,7.3790579064588,7.28283327890556,227
"228",2020,5,6.86363636363636,11,7.64285714285714,5.5,7,7,6.83333333333333,7,4,1,2,9,3175,1505,1670,279,900,2275,7.3085966015748,7.75850764119601,6.9031378502994,6.82354838709677,7.37821555555556,7.28105503736264,228
"229",2020,6,6.54545454545455,11,7,6.375,6.66666666666667,8,6.22222222222222,3,8,3,2,9,3186,1508,1678,282,902,2284,7.30596177338355,7.75699867374005,6.90061991060787,6.82187943262411,7.37959423503326,7.27688275394045,229
"230",2020,7,7.71428571428571,7,7.71428571428571,NA,NA,7,7.83333333333333,7,0,0,1,6,3193,1515,1678,282,903,2290,7.30685694018165,7.75680132013201,6.90061991060787,6.82187943262411,7.3791738648948,7.27834070305677,230
"231",2020,8,8,6,8.2,7,NA,NA,8,5,1,0,0,6,3199,1520,1679,282,903,2296,7.30815698968428,7.75825921052631,6.90067910065515,6.82187943262411,7.3791738648948,7.28022657229965,231
"232",2020,9,7.22,5,7.36666666666667,7,7,NA,7.22,3,2,1,0,5,3204,1523,1681,283,903,2301,7.30801941635456,7.75748785292186,6.90079726948245,6.82250883392226,7.3791738648948,7.28009570186875,232
"233",2020,10,7.33333333333333,9,7.5,7.2,7,10,7,4,5,2,1,8,3213,1527,1686,285,904,2309,7.30809032368503,7.75681335952849,6.90168458481613,6.82375438596491,7.38207300884956,7.27912525335643,233
"234",2020,11,7.48181818181818,11,7.75,7.32857142857143,7,7.46666666666667,7.4875,4,7,1,3,8,3224,1531,1693,286,907,2317,7.30868306761787,7.75679555845852,6.90344962197283,6.82437062937063,7.38235281146637,7.27984471730686,234
"235",2020,12,7.41666666666667,12,7.625,7.3125,9,7.66666666666667,7.33333333333333,4,8,1,3,9,3236,1535,1701,287,910,2326,7.30908350123609,7.75645211726384,6.90537343327454,6.8319512195122,7.38329010989011,7.28005168099742,235
"236",2021,1,6.90666666666667,15,6.91,6.9,6,6,7.04615384615385,10,5,2,2,13,3251,1545,1706,289,912,2339,7.30722676407259,7.75097346278317,6.90535768464244,6.8261937716263,7.38025657894737,7.27875169303121,236
"237",2021,2,6.16,10,6.7,5.92857142857143,5.16666666666667,NA,6.16,3,7,3,0,10,3261,1548,1713,292,912,2349,7.30370874271696,7.74893669250646,6.90136614711033,6.80914383561644,7.38025657894737,7.27398902085994,237
"238",2021,3,7.81875,8,8.1375,7.5,8,9.95,7.51428571428571,4,4,1,1,7,3269,1552,1717,293,913,2356,7.30496916794126,7.7499381443299,6.90276075131042,6.81320819112628,7.38307119386638,7.274702975382,238
"239",2021,4,6.7875,8,7.1,6.6,10,8,6.38333333333333,3,5,1,2,6,3277,1555,1722,294,915,2362,7.30370589258468,7.74868424437299,6.90188165505226,6.82404761904762,7.38441967213115,7.27243870025402,239
"240",2021,5,7.39375,8,8.4,6.3875,8,8,7.30714285714286,4,4,2,1,7,3285,1559,1726,296,916,2369,7.30392517808219,7.75035535599743,6.90068957705678,6.83199324324324,7.38509170305677,7.27254124525116,240
"241",2021,6,6.93636363636364,11,7.33333333333333,6.46,6.25,6.16666666666667,7.225,6,5,2,3,8,3296,1565,1731,298,919,2377,7.30269848604369,7.74875654952077,6.89941664355863,6.82808724832215,7.38111425462459,7.27238124106016,241
"242",2021,7,7.49857142857143,7,8.25,7.198,NA,8,7.415,2,5,0,1,6,3303,1567,1736,298,920,2383,7.30311359673024,7.74939629865986,6.90027661866359,6.82808724832215,7.38178695652174,7.27274033151489,242
"243",2021,8,7.905,10,8.2,7.70833333333333,NA,6.5,8.06111111111111,4,6,0,1,9,3313,1571,1742,298,921,2392,7.30493033806218,7.75054360280076,6.90305982204363,6.82808724832215,7.38082953311618,7.27570660953177,243
"244",2021,9,7.52857142857143,7,7.675,7.33333333333333,8,7.85,7.4,4,3,1,2,5,3320,1575,1745,299,923,2397,7.30540187048193,7.75035174603175,6.90379954727793,6.83200668896321,7.38184615384615,7.27596587818106,244
"245",2021,10,7.525,8,7.7,7,NA,NA,7.525,6,2,0,0,8,3328,1581,1747,299,923,2405,7.30592975060096,7.75016065781151,6.90390967945048,6.83200668896321,7.38184615384615,7.27679426611226,245
"246",2021,11,7.44444444444444,9,8,7.28571428571429,NA,6,7.625,2,7,0,1,8,3337,1583,1754,299,924,2413,7.30630332933773,7.75047631080227,6.90543341505131,6.83200668896321,7.38035064935065,7.27794869871529,246
"247",2021,12,6.79166666666667,12,7,6.64285714285714,8,7,6.75,5,7,1,2,10,3349,1588,1761,300,926,2423,7.30445930426993,7.74811335012594,6.90438967064168,6.8359,7.37952915766739,7.27576979364424,247
"248",2022,1,6.78835294117647,17,7.33333333333333,6.67157142857143,6,6,6.837625,3,14,2,1,16,3366,1591,1775,302,927,2439,7.30185270647653,7.74733123821496,6.90255335774648,6.8303642384106,7.37804099244876,7.27289553505535,248
"249",2022,2,7.08333333333333,12,6.71428571428571,7.6,7.5,6,7.18181818181818,7,5,2,1,11,3378,1598,1780,304,928,2450,7.30107643872114,7.74280600750939,6.90451247752809,6.83476973684211,7.37655603448276,7.27248661632653,249
"250",2022,3,7.65875,8,7.57142857142857,8.27,NA,7.75666666666667,7.6,7,1,0,3,5,3386,1605,1781,304,931,2455,7.30192150324867,7.74205856697819,6.905279174621,6.83476973684211,7.37778088077336,7.2731536496945,250
"251",2022,4,6.7,5,9.25,5,NA,8,5.83333333333333,2,3,0,2,3,3391,1607,1784,304,933,2458,7.30103397522854,7.74393528313628,6.90207522982063,6.83476973684211,7.37911468381565,7.27139634255492,251
"252",2022,5,7.59090909090909,11,7.25,7.78571428571429,NA,6.5,7.83333333333333,4,7,0,2,9,3402,1611,1791,304,935,2467,7.30197125514403,7.74270887647424,6.90552887213847,6.83476973684211,7.37723422459893,7.27344637616538,252
"253",2022,6,7.5,8,7.33333333333333,7.6,NA,7,7.57142857142857,3,5,0,1,7,3410,1614,1796,304,936,2474,7.30243583870968,7.74194795539033,6.90746225501113,6.83476973684211,7.3768311965812,7.27428949474535,253
"254",2022,7,7.79166666666667,12,7.85714285714286,7.7,7.5,9,7.55,7,5,1,2,10,3422,1621,1801,305,938,2484,7.30415143483343,7.74244540407156,6.90966252637423,6.83695081967213,7.3802921108742,7.27539944041868,254
"255",2022,8,7.15454545454545,11,7.2,7.11666666666667,6,6.66666666666667,7.3375,5,6,1,3,8,3433,1626,1807,306,941,2492,7.30367206816196,7.74077736777368,6.91034986718318,6.83421568627451,7.3780170031881,7.27559880016051,255
"256",2022,9,7.85714285714286,7,7.75,8,NA,9.5,7.2,4,3,0,2,5,3440,1630,1810,306,943,2497,7.30479831686046,7.7408,6.91215591712707,6.83421568627451,7.38251749734889,7.27544742090508,256
"257",2022,10,6.75,4,6.5,7,6,8,6.33333333333333,2,2,1,1,3,3444,1632,1812,307,944,2500,7.30415395180023,7.73927941176471,6.91225287527594,6.83149837133551,7.38317161016949,7.274316884,257
"258",2022,11,7.50363636363636,11,7.88,6.5,7,7.68,7.4375,8,3,1,3,8,3455,1640,1815,308,947,2508,7.30478906222865,7.73996585365854,6.91157146556474,6.83204545454546,7.38411193241816,7.27483740430622,258
"259",2022,12,6.65384615384615,13,7.1875,5.8,5.33333333333333,6.25,6.83333333333333,8,5,3,4,9,3468,1648,1820,311,951,2517,7.30234896482122,7.73728398058252,6.9085176978022,6.8175884244373,7.37934174553102,7.27325872467223,259
