"","year","month","avg_rating","no_ratings","avg_rating_owned","avg_rating_not_owned","avg_rating_prev_owned","avg_rating_comment","avg_rating_no_comment","no_ratings_owned","no_ratings_not_owned","no_ratings_prev_owned","no_ratings_comment","no_ratings_no_comment","cum_no_ratings","cum_no_ratings_owned","cum_no_ratings_not_owned","cum_no_ratings_prev_owned","cum_no_ratings_comment","cum_no_ratings_no_comment","cum_avg_rating","cum_avg_rating_owned","cum_avg_rating_not_owned","cum_avg_rating_prev_owned","cum_avg_rating_comment","cum_avg_rating_no_comment","month_after_release"
"1",2001,5,7.5,2,7.5,NA,NA,7,8,2,0,0,1,1,2,2,0,0,1,1,7.5,7.5,NA,NA,7,8,0
"2",2001,6,7,3,8,6.5,NA,NA,7,1,2,0,0,3,5,3,2,0,1,4,7.2,7.66666666666667,6.5,NA,7,7.25,1
"3",2001,7,6.66666666666667,3,7.5,5,NA,8,6,2,1,0,1,2,8,5,3,0,2,6,7,7.6,6,NA,7.5,6.83333333333333,2
"4",2001,8,7.66666666666667,3,7,8,9,9,7,1,2,1,1,2,11,6,5,1,3,8,7.18181818181818,7.5,6.8,9,8,6.875,3
"5",2001,9,7,1,7,NA,NA,NA,7,1,0,0,0,1,12,7,5,1,3,9,7.16666666666667,7.42857142857143,6.8,9,8,6.88888888888889,4
"6",2001,10,8,1,8,NA,NA,NA,8,1,0,0,0,1,13,8,5,1,3,10,7.23076923076923,7.5,6.8,9,8,7,5
"7",2001,11,7.83333333333333,6,7.8,8,NA,NA,7.83333333333333,5,1,0,0,6,19,13,6,1,3,16,7.42105263157895,7.61538461538461,7,9,8,7.3125,6
"8",2001,12,7.25,4,8,5,NA,9,6.66666666666667,3,1,0,1,3,23,16,7,1,4,19,7.39130434782609,7.6875,6.71428571428571,9,8.25,7.21052631578947,7
"9",2002,1,6.5,2,NA,6.5,NA,7,6,0,2,0,1,1,25,16,9,1,5,20,7.32,7.6875,6.66666666666667,9,8,7.15,8
"10",2002,2,7.66666666666667,3,9,5,NA,8,7.5,2,1,0,1,2,28,18,10,1,6,22,7.35714285714286,7.83333333333333,6.5,9,8,7.18181818181818,9
"11",2002,3,9,2,9,NA,NA,NA,9,2,0,0,0,2,30,20,10,1,6,24,7.46666666666667,7.95,6.5,9,8,7.33333333333333,10
"12",2002,4,7.75,4,8.33333333333333,6,6,7,8.5,3,1,1,2,2,34,23,11,2,8,26,7.5,8,6.45454545454545,7.5,7.75,7.42307692307692,11
"13",2002,5,6.33333333333333,3,7.5,4,NA,NA,6.33333333333333,2,1,0,0,3,37,25,12,2,8,29,7.40540540540541,7.96,6.25,7.5,7.75,7.31034482758621,12
"14",2002,6,7.875,4,7.875,NA,NA,NA,7.875,4,0,0,0,4,41,29,12,2,8,33,7.45121951219512,7.94827586206897,6.25,7.5,7.75,7.37878787878788,13
"15",2002,7,5.33333333333333,3,7,4.5,NA,5.33333333333333,NA,1,2,0,3,0,44,30,14,2,11,33,7.30681818181818,7.91666666666667,6,7.5,7.09090909090909,7.37878787878788,14
"16",2002,8,7.16666666666667,6,8,6.33333333333333,NA,NA,7.16666666666667,3,3,0,0,6,50,33,17,2,11,39,7.29,7.92424242424242,6.05882352941176,7.5,7.09090909090909,7.34615384615385,15
"17",2002,9,7,3,7,NA,NA,NA,7,3,0,0,0,3,53,36,17,2,11,42,7.27358490566038,7.84722222222222,6.05882352941176,7.5,7.09090909090909,7.32142857142857,16
"18",2002,10,7.33333333333333,3,7.33333333333333,NA,NA,9,6.5,3,0,0,1,2,56,39,17,2,12,44,7.27678571428571,7.80769230769231,6.05882352941176,7.5,7.25,7.28409090909091,17
"19",2002,11,7,1,7,NA,NA,7,NA,1,0,0,1,0,57,40,17,2,13,44,7.2719298245614,7.7875,6.05882352941176,7.5,7.23076923076923,7.28409090909091,18
"20",2002,12,6.33333333333333,3,7.5,4,NA,4,7.5,2,1,0,1,2,60,42,18,2,14,46,7.225,7.77380952380952,5.94444444444444,7.5,7,7.29347826086957,19
"21",2003,1,7.58333333333333,6,8.33333333333333,6.83333333333333,8,9,7.3,3,3,1,1,5,66,45,21,3,15,51,7.25757575757576,7.81111111111111,6.07142857142857,7.66666666666667,7.13333333333333,7.29411764705882,20
"22",2003,2,7,3,7.5,6,NA,6,7.5,2,1,0,1,2,69,47,22,3,16,53,7.2463768115942,7.79787234042553,6.06818181818182,7.66666666666667,7.0625,7.30188679245283,21
"23",2003,3,7,8,7.8,5.66666666666667,NA,6.4,8,5,3,0,5,3,77,52,25,3,21,56,7.22077922077922,7.79807692307692,6.02,7.66666666666667,6.90476190476191,7.33928571428571,22
"24",2003,4,7.64285714285714,7,8,6.75,NA,7,8.5,5,2,0,4,3,84,57,27,3,25,59,7.25595238095238,7.81578947368421,6.07407407407407,7.66666666666667,6.92,7.39830508474576,23
"25",2003,5,6.52727272727273,11,7.3,5.6,NA,5,7.1,6,5,0,3,8,95,63,32,3,28,67,7.17157894736842,7.76666666666667,6,7.66666666666667,6.71428571428571,7.36268656716418,24
"26",2003,6,7.46428571428571,14,7.59090909090909,7,NA,7.21428571428571,7.71428571428571,11,3,0,7,7,109,74,35,3,35,74,7.20917431192661,7.74054054054054,6.08571428571429,7.66666666666667,6.81428571428571,7.39594594594594,25
"27",2003,7,6.95454545454545,33,7.30952380952381,6.33333333333333,7.875,6.5,7.15217391304348,21,12,4,10,23,142,95,47,7,45,97,7.15,7.64526315789474,6.14893617021277,7.78571428571429,6.74444444444444,7.33814432989691,26
"28",2003,8,7.15555555555556,18,7.16666666666667,7.13333333333333,7,7.54285714285714,6.90909090909091,12,6,1,7,11,160,107,53,8,52,108,7.150625,7.59158878504673,6.26037735849057,7.6875,6.85192307692308,7.29444444444444,27
"29",2003,9,7.56,10,8.775,6.75,6.5,7.66666666666667,7.51428571428571,4,6,2,3,7,170,111,59,10,55,115,7.17470588235294,7.63423423423423,6.31016949152542,7.45,6.89636363636364,7.30782608695652,28
"30",2003,10,6.25,8,7.66666666666667,5.4,5.33333333333333,6.66666666666667,6,3,5,3,3,5,178,114,64,13,58,120,7.13314606741573,7.63508771929825,6.2390625,6.96153846153846,6.88448275862069,7.25333333333333,29
"31",2003,11,7,8,7.16666666666667,6.5,NA,6,7.14285714285714,6,2,0,1,7,186,120,66,13,59,127,7.12741935483871,7.61166666666667,6.2469696969697,6.96153846153846,6.86949152542373,7.24724409448819,30
"32",2003,12,7.125,12,7.3125,6.75,7.5,7.6,6.78571428571429,8,4,2,5,7,198,128,70,15,64,134,7.12727272727273,7.59296875,6.27571428571429,7.03333333333333,6.9265625,7.22313432835821,31
"33",2004,1,7.15789473684211,19,7.4375,5.66666666666667,NA,7,7.23076923076923,16,3,0,6,13,217,144,73,15,70,147,7.12995391705069,7.57569444444445,6.25068493150685,7.03333333333333,6.93285714285714,7.22380952380952,32
"34",2004,2,7.40909090909091,11,7.40909090909091,NA,NA,7.25,7.5,11,0,0,4,7,228,155,73,15,74,154,7.14342105263158,7.56387096774194,6.25068493150685,7.03333333333333,6.95,7.23636363636364,33
"35",2004,3,7.25,16,7.77777777777778,6.57142857142857,8,6.25,7.58333333333333,9,7,1,4,12,244,164,80,16,78,166,7.15040983606557,7.57560975609756,6.27875,7.09375,6.91410256410256,7.26144578313253,34
"36",2004,4,7.5625,8,7.92857142857143,5,NA,8.66666666666667,6.9,7,1,0,3,5,252,171,81,16,81,171,7.16349206349206,7.59005847953216,6.26296296296296,7.09375,6.97901234567901,7.25087719298246,35
"37",2004,5,6.5125,16,7.15,5.45,NA,6.775,6.25,10,6,0,8,8,268,181,87,16,89,179,7.12462686567164,7.56574585635359,6.20689655172414,7.09375,6.96067415730337,7.20614525139665,36
"38",2004,6,7.40909090909091,11,7.5,7,NA,7.625,7.28571428571429,9,2,0,4,7,279,190,89,16,93,186,7.13584229390681,7.56263157894737,6.2247191011236,7.09375,6.98924731182796,7.20913978494624,37
"39",2004,7,6.88888888888889,9,7.28571428571429,5.5,5,7,6.85714285714286,7,2,1,2,7,288,197,91,17,95,193,7.128125,7.55279187817259,6.20879120879121,6.97058823529412,6.98947368421053,7.19637305699482,38
"40",2004,8,7.2,5,7,8,8,NA,7.2,4,1,1,0,5,293,201,92,18,95,198,7.12935153583618,7.54179104477612,6.22826086956522,7.02777777777778,6.98947368421053,7.19646464646465,39
"41",2004,9,6.16666666666667,12,6.85714285714286,5.2,5.5,4.6,7.28571428571429,7,5,2,5,7,305,208,97,20,100,205,7.09147540983606,7.51875,6.17525773195876,6.875,6.87,7.19951219512195,40
"42",2004,10,7.4625,16,7.53571428571429,6.95,NA,7.7,7.35454545454545,14,2,0,5,11,321,222,99,20,105,216,7.10996884735202,7.51981981981982,6.19090909090909,6.875,6.90952380952381,7.20740740740741,41
"43",2004,11,7.20588235294118,17,7.40909090909091,6.83333333333333,6,7.125,7.27777777777778,11,6,2,8,9,338,233,105,22,113,225,7.11479289940828,7.51459227467811,6.22761904761905,6.79545454545455,6.92477876106195,7.21022222222222,42
"44",2004,12,6.55555555555556,9,7.66666666666667,6,NA,7,6.2,3,6,0,4,5,347,236,111,22,117,230,7.10028818443804,7.51652542372881,6.21531531531532,6.79545454545455,6.92735042735043,7.18826086956522,43
"45",2005,1,6.92857142857143,14,7.66666666666667,5.6,6.5,5.25,7.20833333333333,9,5,2,2,12,361,245,116,24,119,242,7.09362880886427,7.52204081632653,6.18879310344828,6.77083333333333,6.89915966386555,7.18925619834711,44
"46",2005,2,6.71875,16,7.61111111111111,5.57142857142857,7.5,6.5625,6.875,9,7,1,8,8,377,254,123,25,127,250,7.07771883289125,7.5251968503937,6.15365853658537,6.8,6.87795275590551,7.1792,45
"47",2005,3,6.53846153846154,13,6.4,6.625,6.5,6.5,6.54545454545455,5,8,2,2,11,390,259,131,27,129,261,7.05974358974359,7.5034749034749,6.1824427480916,6.77777777777778,6.87209302325581,7.15249042145594,46
"48",2005,4,7.5,16,7.5,7.5,7.5,7.375,7.54166666666667,10,6,2,4,12,406,269,137,29,133,273,7.07709359605911,7.50334572490706,6.24014598540146,6.82758620689655,6.88721804511278,7.16959706959707,47
"49",2005,5,6.67894736842105,19,7.075,6,6,6.4,6.80769230769231,12,7,1,6,13,425,281,144,30,139,286,7.05929411764706,7.48505338078292,6.22847222222222,6.8,6.86618705035971,7.15314685314685,48
"50",2005,6,6.81818181818182,11,7.66666666666667,5.8,NA,6.6,7,6,5,0,5,6,436,287,149,30,144,292,7.05321100917431,7.48885017421603,6.21409395973154,6.8,6.85694444444444,7.15,49
"51",2005,7,7.1,10,7.4,6.8,NA,7.25,6.875,5,5,0,6,4,446,292,154,30,150,296,7.0542600896861,7.48732876712329,6.23311688311688,6.8,6.87266666666667,7.14628378378378,50
"52",2005,8,7.05263157894737,19,7.5,6.28571428571429,8,7.27272727272727,6.75,12,7,1,11,8,465,304,161,31,161,304,7.0541935483871,7.48782894736842,6.23540372670807,6.83870967741935,6.9,7.1358552631579,51
"53",2005,9,7.26923076923077,13,7.38888888888889,7,7,7.14285714285714,7.41666666666667,9,4,2,7,6,478,313,165,33,168,310,7.06004184100418,7.48498402555911,6.25393939393939,6.84848484848485,6.91011904761905,7.14129032258065,52
"54",2005,10,7.31176470588235,17,7.81666666666667,6.1,NA,7.53333333333333,7.0625,12,5,0,9,8,495,325,170,33,177,318,7.06868686868687,7.49723076923077,6.24941176470588,6.84848484848485,6.94180790960452,7.13930817610063,53
"55",2005,11,7.39655172413793,29,7.59090909090909,6.78571428571429,7,7.57692307692308,7.25,22,7,1,13,16,524,347,177,34,190,334,7.0868320610687,7.50317002881844,6.27062146892655,6.85294117647059,6.98526315789474,7.14461077844311,54
"56",2005,12,6.92105263157895,19,7.125,6.57142857142857,6,7.83333333333333,6.75,12,7,1,3,16,543,359,184,35,193,350,7.08103130755064,7.49052924791086,6.28206521739131,6.82857142857143,6.99844559585492,7.12657142857143,55
"57",2006,1,7.5,19,7.4,7.61111111111111,7,7.65,7.33333333333333,10,9,1,10,9,562,369,193,36,203,359,7.09519572953737,7.48807588075881,6.3440414507772,6.83333333333333,7.03054187192118,7.13175487465181,56
"58",2006,2,7.17857142857143,14,7.5,6.6,6.75,7,7.3125,9,5,2,6,8,576,378,198,38,209,367,7.09722222222222,7.48835978835979,6.35050505050505,6.82894736842105,7.02966507177034,7.13569482288828,57
"59",2006,3,7.08333333333333,18,7.27777777777778,6.88888888888889,7,7.25,6.875,9,9,2,10,8,594,387,207,40,219,375,7.09680134680135,7.48346253229974,6.37391304347826,6.8375,7.03972602739726,7.13013333333333,58
"60",2006,4,7.3,20,7.275,7.4,6.5,7.26363636363636,7.34444444444444,16,4,1,11,9,614,403,211,41,230,384,7.10342019543974,7.47518610421836,6.39336492890995,6.82926829268293,7.0504347826087,7.13515625,59
"61",2006,5,7.025,20,7.16666666666667,6.6,7,7.125,6.95833333333333,15,5,2,8,12,634,418,216,43,238,396,7.10094637223975,7.46411483253589,6.39814814814815,6.83720930232558,7.05294117647059,7.12979797979798,60
"62",2006,6,7.03181818181818,22,7.43846153846154,6.44444444444444,5,7,7.07777777777778,13,9,2,13,9,656,431,225,45,251,405,7.09862804878049,7.46334106728538,6.4,6.75555555555556,7.05019920318725,7.12864197530864,61
"63",2006,7,7.04166666666667,24,7.14285714285714,6.9,6.5,6.57142857142857,7.23529411764706,14,10,4,7,17,680,445,235,49,258,422,7.09661764705882,7.45325842696629,6.42127659574468,6.73469387755102,7.03720930232558,7.13293838862559,62
"64",2006,8,6.93478260869565,23,7.19285714285714,6.53333333333333,6.7,6.65,7.15384615384615,14,9,4,10,13,703,459,244,53,268,435,7.09132290184922,7.44531590413943,6.42540983606557,6.73207547169811,7.02276119402985,7.1335632183908,63
"65",2006,9,6.97058823529412,17,7.5625,6.44444444444444,7.33333333333333,6.95454545454545,7,8,9,3,11,6,720,467,253,56,279,441,7.08847222222222,7.44732334047109,6.42608695652174,6.76428571428571,7.02007168458781,7.13174603174603,64
"66",2006,10,7.48529411764706,17,7.56818181818182,7.33333333333333,NA,7.65,7.25,11,6,0,10,7,737,478,259,56,289,448,7.09762550881954,7.45010460251046,6.44710424710425,6.76428571428571,7.04186851211073,7.13359375,65
"67",2006,11,7.255,20,7.46363636363636,7,7,7.16153846153846,7.42857142857143,11,9,3,13,7,757,489,268,59,302,455,7.10178335535007,7.45040899795501,6.46567164179104,6.77627118644068,7.04701986754967,7.13813186813187,66
"68",2006,12,7.44642857142857,28,7.38636363636364,7.66666666666667,NA,8.42857142857143,7.11904761904762,22,6,0,7,21,785,511,274,59,309,476,7.11407643312102,7.44765166340509,6.49197080291971,6.77627118644068,7.07831715210356,7.13728991596639,67
"69",2007,1,7.18148148148148,27,7.375,6.62857142857143,8,7.42857142857143,7.095,20,7,1,7,20,812,531,281,60,316,496,7.11631773399015,7.44491525423729,6.49537366548043,6.79666666666667,7.08607594936709,7.13558467741935,68
"70",2007,2,7.10405363636364,11,7,7.190765,NA,7,7.190765,5,6,0,5,6,823,536,287,60,321,502,7.11615381530984,7.44076492537313,6.50991146341463,6.79666666666667,7.08473520249221,7.13624420318725,69
"71",2007,3,7.06818181818182,22,7,7.21428571428571,NA,6.71428571428571,7.23333333333333,15,7,0,7,15,845,551,294,60,328,517,7.11490484023669,7.42876588021779,6.52668227891157,6.79666666666667,7.07682926829268,7.13906110251451,70
"72",2007,4,7.27916666666667,24,7.64666666666667,6.66666666666667,8,6.28571428571429,7.68823529411765,15,9,1,7,17,869,566,303,61,335,534,7.11944141542002,7.4345406360424,6.5308402310231,6.81639344262295,7.06029850746269,7.15654417602996,71
"73",2007,5,7.34666666666667,15,7.5,7.2125,7,7.64285714285714,7.0875,7,8,1,7,8,884,573,311,62,342,542,7.12329704751131,7.43534031413613,6.54837488745981,6.81935483870968,7.07222222222222,7.15552507380074,72
"74",2007,6,7.1375,16,7.375,6.425,NA,7.15,7.125,12,4,0,8,8,900,585,315,62,350,550,7.12354954444444,7.43410256410256,6.54680822222222,6.81935483870968,7.074,7.15508107272727,73
"75",2007,7,6.96153846153846,13,8,6.3125,NA,6.5,7.25,5,8,0,5,8,913,590,323,62,355,558,7.12124270536692,7.43889830508475,6.54100492260062,6.81935483870968,7.06591549295775,7.15644191756272,74
"76",2007,8,7.44285714285714,21,7.85333333333333,6.41666666666667,7.5,7.08333333333333,7.58666666666667,15,6,2,6,15,934,605,329,64,361,573,7.12847386509636,7.44917355371901,6.5387373556231,6.840625,7.06620498614959,7.16770434554974,75
"77",2007,9,7.44117647058824,17,7.85714285714286,5.5,4,7.57142857142857,7.35,14,3,1,7,10,951,619,332,65,368,583,7.13406371188223,7.45840064620355,6.52935117469879,6.79692307692308,7.0758152173913,7.17083120068611,76
"78",2007,10,6.75,10,7,6.6875,6,7,6.72222222222222,2,8,1,1,9,961,621,340,66,369,592,7.13006721123829,7.45692431561997,6.53307232352941,6.78484848484849,7.07560975609756,7.16401113175676,77
"79",2007,11,6.51303225806452,31,7.1202,5.40909090909091,NA,7.31485714285714,6.27916666666667,20,11,0,7,24,992,641,351,66,376,616,7.11078486895161,7.44641809672387,6.49784783475783,6.78484848484849,7.08006382978723,7.12953667207792,78
"80",2007,12,7.07142857142857,21,7.54545454545455,6.55,7,6.77777777777778,7.29166666666667,11,10,2,9,12,1013,652,361,68,385,628,7.10996899308983,7.44808895705522,6.49929249307479,6.79117647058824,7.0729974025974,7.13263469745223,79
"81",2008,1,6.78260869565217,23,6.85714285714286,6.66666666666667,NA,7.42857142857143,6.5,14,9,0,7,16,1036,666,370,68,392,644,7.10270134169884,7.43566666666667,6.50336375675676,6.79117647058824,7.07934693877551,7.11691706521739,80
"82",2008,2,7.2304347826087,23,7.52,6.6875,NA,6.9,7.48461538461538,15,8,0,10,13,1059,681,378,68,402,657,7.10547553352219,7.43752422907489,6.50726082010582,6.79117647058824,7.0748855721393,7.12419267884323,81
"83",2008,3,6.52777777777778,18,7.5625,5.7,NA,6.66666666666667,6.45833333333333,8,10,0,6,12,1077,689,388,68,408,669,7.0958204178273,7.43897532656023,6.48645512886598,6.79117647058824,7.06888235294118,7.11224901345291,82
"84",2008,4,7.44736842105263,19,7.83333333333333,6.78571428571429,6,7.125,7.68181818181818,12,7,1,8,11,1096,701,395,69,416,680,7.10191477189781,7.44572610556348,6.4917584556962,6.77971014492754,7.06996153846154,7.12146263235294,83
"85",2008,5,6.855,20,7.12307692307692,6.35714285714286,7,6.71428571428571,6.93076923076923,13,7,1,7,13,1116,714,402,70,423,693,7.09748977598566,7.43985154061625,6.48941440298507,6.78285714285714,7.0640756501182,7.11788541125541,84
"86",2008,6,6.58333333333333,12,7.57142857142857,5.2,NA,7.33333333333333,6.33333333333333,7,5,0,3,9,1128,721,407,70,426,702,7.09202002659574,7.44112898751734,6.47357393120393,6.78285714285714,7.06597183098592,7.10782705128205,85
"87",2008,7,6.71071428571429,28,7.49285714285714,5.92857142857143,5.71428571428571,6.33333333333333,6.99375,14,14,7,12,16,1156,735,421,77,438,718,7.08278424740484,7.44211428571429,6.45545033254157,6.68571428571429,7.045899543379,7.10528494428969,86
"88",2008,8,6.76041666666667,24,7.325,6.35714285714286,5.25,6.525,6.92857142857143,10,14,4,10,14,1180,745,435,81,448,732,7.07622761864407,7.4405422818792,6.4522864137931,6.61481481481481,7.03427232142857,7.10190517759563,87
"89",2008,9,6.5,11,7.2,5.91666666666667,6,5.375,7.14285714285714,5,6,1,4,7,1191,750,441,82,452,739,7.07090561712846,7.43893866666667,6.44499907029478,6.60731707317073,7.01958849557522,7.10229308525034,88
"90",2008,10,7.33333333333333,21,7.59090909090909,7.05,7.33333333333333,7.28571428571429,7.35714285714286,11,10,3,7,14,1212,761,451,85,459,753,7.0754526320132,7.44113534822602,6.45841372505543,6.63294117647059,7.02364705882353,7.10703132802125,89
"91",2008,11,7.12857142857143,21,7,7.3375,7,7.125,7.12941176470588,13,8,4,4,17,1233,774,459,89,463,770,7.07635733171127,7.43372609819122,6.47373549019608,6.64943820224719,7.02452267818575,7.10752544155844,90
"92",2008,12,6.90625,16,7.5,6.55,6.2,5.9,7.13846153846154,6,10,5,3,13,1249,780,469,94,466,783,7.07417821457166,7.4342358974359,6.47536159914712,6.62553191489362,7.01728326180258,7.10803906768838,91
"93",2009,1,6.93225806451613,31,7.40833333333333,6.63157894736842,5.2,6.81428571428571,6.96666666666667,12,19,5,7,24,1280,792,488,99,473,807,7.0707410859375,7.43384343434343,6.48144383196721,6.55353535353535,7.01427906976744,7.10383468401487,92
"94",2009,2,6.90238095238095,42,7.445,6.40909090909091,6.75,7.63333333333333,6.61,20,22,6,12,30,1322,812,510,105,485,837,7.06539227685325,7.43411822660098,6.4783227254902,6.5647619047619,7.02959587628866,7.08613451612903,93
"95",2009,3,7.06451612903226,31,7.61538461538461,6.66666666666667,7.75,7.70833333333333,6.65789473684211,13,18,4,12,19,1353,825,528,109,497,856,7.06537220251293,7.43697454545455,6.48474354166667,6.60825688073394,7.04598390342052,7.07662919392523,94
"96",2009,4,6.71951219512195,41,7.25,6.54838709677419,6.0625,6.44444444444444,6.796875,10,31,8,9,32,1394,835,559,117,506,888,7.05519984935438,7.43473532934132,6.48827296958855,6.57094017094017,7.03528458498024,7.06654796171171,95
"97",2009,5,6.91052631578947,19,7.55555555555556,6.33,6.5,6.47142857142857,7.16666666666667,9,10,2,7,12,1413,844,569,119,513,900,7.05325448690729,7.43602369668246,6.48549137082601,6.56974789915966,7.02759064327485,7.06788287777778,96
"98",2009,6,6.38518518518519,27,6.62857142857143,6.3,6.7,6.83333333333333,6.32916666666667,7,20,5,3,24,1440,851,589,124,516,924,7.0407281875,7.42938190364277,6.47919285229202,6.575,7.02646124031008,7.04869544372294,97
"99",2009,7,6.75925925925926,27,7.25,6.55263157894737,6.14285714285714,6.83333333333333,6.73809523809524,8,19,7,6,21,1467,859,608,131,522,945,7.03554777777778,7.42771129220023,6.4814878125,6.55190839694656,7.02424137931034,7.04179321693122,98
"100",2009,8,6.82173913043478,23,7.36363636363636,6.325,6.4,6.94,6.73076923076923,11,12,6,10,13,1490,870,620,137,532,958,7.03224737583893,7.42690114942529,6.47845901612903,6.54525547445255,7.02265789473684,7.03757264091858,99
"101",2009,9,6.38888888888889,27,7,6.02941176470588,6.125,6.45833333333333,6.33333333333333,10,17,8,12,15,1517,880,637,145,544,973,7.02079669742914,7.42205,6.46647502354788,6.52206896551724,7.01020955882353,7.02671591983556,100
"102",2009,10,7.27407407407407,27,7.67142857142857,6.84615384615385,6.7,7.14285714285714,7.32,14,13,10,7,20,1544,894,650,155,551,993,7.02522577072539,7.42595525727069,6.4740686,6.53354838709677,7.01189473684211,7.03262295065458,101
"103",2009,11,6.78928571428571,28,7.1125,6.35833333333333,6.25,6.28571428571429,6.95714285714286,16,12,4,7,21,1572,910,662,159,558,1014,7.02102327608142,7.42044395604396,6.47197067975831,6.52641509433962,7.00278494623656,7.03105975345168,102
"104",2009,12,6.95,25,7.48214285714286,6.27272727272727,6.33333333333333,6.5625,7.30769230769231,14,11,3,12,13,1597,924,673,162,570,1027,7.01991145272386,7.42137878787879,6.46871410104012,6.52283950617284,6.99351578947368,7.03456143135346,103
"105",2010,1,6.90897435897436,39,7.14375,6.74565217391304,6.5625,6.31428571428571,7.0390625,16,23,4,7,32,1636,940,696,166,577,1059,7.01726686430318,7.41665319148936,6.47786579022988,6.52379518072289,6.98527556325823,7.03469744098206,104
"106",2010,2,7.136,25,7.72142857142857,6.39090909090909,6.33333333333333,7.73333333333333,6.94736842105263,14,11,3,6,19,1661,954,707,169,583,1078,7.01905393738712,7.42112578616352,6.47651285714286,6.52041420118343,6.99297427101201,7.03315824675325,105
"107",2010,3,6.95263157894737,19,7.46666666666667,6.49,6.96666666666667,7.6,6.65384615384615,9,10,3,6,13,1680,963,717,172,589,1091,7.01830273214286,7.42155140186916,6.4767009623431,6.5281976744186,6.99915789473684,7.02863848762603,106
"108",2010,4,6.8,16,7.37142857142857,6.35555555555556,6,5.66666666666667,7.06153846153846,7,9,1,3,13,1696,970,726,173,592,1104,7.01624327240566,7.42118969072165,6.47519915977961,6.52514450867052,6.99240540540541,7.02902589673913,107
"109",2010,5,6.85555555555556,18,7.19,6.4375,6,6.8,6.87692307692308,10,8,1,5,13,1714,980,734,174,597,1117,7.01455577012835,7.4188306122449,6.47478826975477,6.52212643678161,6.99079396984925,7.02725567591764,108
"110",2010,6,6.92,10,7.2,6.64,7.1,7,6.86666666666667,5,5,2,4,6,1724,985,739,176,601,1123,7.01400730278422,7.41771979695431,6.47590607577808,6.52869318181818,6.99085524126456,7.02639767586821,109
"111",2010,7,7.67272727272727,11,7.84,6,6,6.9,7.9625,10,1,1,3,8,1735,995,740,177,604,1131,7.01818362536023,7.42196381909548,6.47526295945946,6.52570621468927,6.99040397350993,7.0330190893015,110
"112",2010,8,6.15833333333333,24,7.13333333333333,5.57333333333333,6.51666666666667,6.01428571428571,6.21764705882353,9,15,6,7,17,1759,1004,755,183,611,1148,7.00645172825469,7.4193764940239,6.45734382781457,6.52540983606557,6.9792209492635,7.02094476480836,111
"113",2010,9,6.59545454545455,11,7.36,5.95833333333333,NA,6.20833333333333,7.06,5,6,0,6,5,1770,1009,761,183,617,1153,7.00389750847457,7.41908225966303,6.45340944809461,6.52540983606557,6.9717244732577,7.0211141283608,112
"114",2010,10,6.35294117647059,17,7.1,5.68888888888889,5.75,5.32857142857143,7.07,8,9,2,7,10,1787,1017,770,185,624,1163,6.99770486289871,7.41657227138643,6.44447349350649,6.51702702702703,6.95329166666667,7.02153447119518,113
"115",2010,11,6.62058823529412,17,7.20714285714286,6.21,6,7.07,6.43333333333333,7,10,1,5,12,1804,1024,780,186,629,1175,6.99415110310421,7.415140625,6.44146742307692,6.51424731182796,6.95421939586646,7.0155273106383,114
"116",2010,12,6.425,22,7.44444444444444,5.71923076923077,7,7.125,6.1625,9,13,1,6,16,1826,1033,793,187,635,1191,6.98729386089814,7.41539593417231,6.4296274779319,6.5168449197861,6.95583307086614,7.00406766582704,115
"117",2011,1,6.84375,16,7.71428571428571,6.16666666666667,6,5.4,7.5,7,9,1,5,11,1842,1040,802,188,640,1202,6.98604700868621,7.41740769230769,6.42667654613466,6.51409574468085,6.943678125,7.00860614808652,116
"118",2011,2,6.54705882352941,17,7,6.3,6.42857142857143,6.125,6.67692307692308,6,11,7,4,13,1859,1046,813,195,644,1215,6.98203259279182,7.41501338432122,6.42496259532595,6.51102564102564,6.93859316770186,7.00505727572016,117
"119",2011,3,6.35294117647059,17,7.14285714285714,5.8,7,6.875,6.19230769230769,7,10,1,4,13,1876,1053,823,196,648,1228,6.97633187100213,7.41320417853751,6.41736888213852,6.51352040816326,6.93820061728395,6.99645324918567,118
"120",2011,4,6.23838461538462,13,7.15,5.83322222222222,6.25,6,6.34433333333333,4,9,2,4,9,1889,1057,832,198,652,1237,6.97125335627316,7.41220813623463,6.41104998798077,6.51085858585859,6.93244478527607,6.9917086418755,119
"121",2011,5,6.655,14,7.58333333333333,5.95875,6,6.7,6.63,6,8,1,5,9,1903,1063,840,199,657,1246,6.96892674198634,7.41317403574788,6.40674236904762,6.50829145728643,6.93067579908676,6.98909597913323,120
"122",2011,6,6.76923076923077,13,6.78571428571429,6.75,7,6.6,6.875,7,6,1,5,8,1916,1070,846,200,662,1254,6.96757181106472,7.4090691588785,6.40917682033097,6.51075,6.92817824773414,6.98836809409888,121
"123",2011,7,7.26923076923077,13,7.3,7.16666666666667,7.5,7,7.31818181818182,10,3,1,2,11,1929,1080,849,201,664,1265,6.96960476412649,7.40805925925926,6.41185346289753,6.51567164179104,6.92839457831325,6.99123603952569,122
"124",2011,8,6.9,11,7.66666666666667,5.98,5,7.3,6.75,6,5,2,3,8,1940,1086,854,203,667,1273,6.96921009793814,7.40948802946593,6.40932504683841,6.50073891625616,6.93006596701649,6.98972002356638,123
"125",2011,9,6.47058823529412,17,7.22222222222222,5.625,6.25,7.1,6.20833333333333,9,8,2,5,12,1957,1095,862,205,672,1285,6.96487868676545,7.40794885844749,6.40204592807425,6.49829268292683,6.93133035714286,6.98242302723735,124
"126",2011,10,7.05,11,7.055,7,NA,7.75,6.98,10,1,0,1,10,1968,1105,863,205,673,1295,6.96535446646341,7.40475475113122,6.40273880648899,6.49829268292683,6.93254680534918,6.98240431660231,125
"127",2011,11,6.16,15,6.56666666666667,5.88888888888889,6,5.66666666666667,6.48888888888889,6,9,2,6,9,1983,1111,872,207,679,1304,6.95926252647503,7.40022862286229,6.39743530963303,6.49347826086956,6.92136082474227,6.97899815184049,126
"128",2011,12,7.5625,8,7.5625,NA,NA,7.875,7.25,8,0,0,4,4,1991,1119,872,207,683,1308,6.96168638372677,7.40138873994638,6.39743530963303,6.49347826086956,6.9269458272328,6.97982690366972,127
"129",2012,1,6.87352941176471,17,6.82727272727273,6.95833333333333,6,7.91666666666667,6.65,11,6,1,3,14,2008,1130,878,208,686,1322,6.96094003486056,7.3958,6.40126832574032,6.49110576923077,6.93127405247813,6.97633403177004,128
"130",2012,2,6.95,14,7.03333333333333,6.8,7,7.075,6.9,9,5,3,4,10,2022,1139,883,211,690,1332,6.96086428783383,7.39293590869184,6.40352614949037,6.49834123222749,6.93210724637681,6.97576095345345,129
"131",2012,3,6.65384615384615,13,6.7,6.625,7.625,7.16666666666667,6.5,5,8,4,3,10,2035,1144,891,215,693,1342,6.95890299262899,7.38990734265734,6.40551469135802,6.51930232558139,6.93312265512266,6.97221578986587,130
"132",2012,4,6.52222222222222,9,7.54,5.25,4,8.25,6.02857142857143,5,4,1,2,7,2044,1149,895,216,695,1349,6.95698022994129,7.39056048738033,6.40035037988827,6.50763888888889,6.93691223021583,6.96731919199407,131
"133",2012,5,7.523,10,7.87166666666667,7,NA,7.24333333333333,7.64285714285714,6,4,0,3,7,2054,1155,899,216,698,1356,6.95973592502434,7.39305974025974,6.4030184538376,6.50763888888889,6.93822922636103,6.97080648230088,132
"134",2012,6,6.57142857142857,7,6.6,6.5,NA,NA,6.57142857142857,5,2,0,0,7,2061,1160,901,216,698,1363,6.9584170742358,7.38964137931035,6.40323372918979,6.50763888888889,6.93822922636103,6.96875538517975,133
"135",2012,7,7.12,4,7,7.16,6.5,6.5,7.32666666666667,1,3,1,1,3,2065,1161,904,217,699,1366,6.95873006779661,7.38930577088717,6.40574512168141,6.50760368663594,6.93760228898426,6.96954142752562,134
"136",2012,8,7.11666666666667,9,8,6.41,6,6,7.25625,4,5,1,1,8,2074,1165,909,218,700,1374,6.95941542430086,7.3914025751073,6.40576852585258,6.5052752293578,6.93626285714286,6.97121076419214,135
"137",2012,9,7.40909090909091,11,7.9,7,8,8,7.27777777777778,5,6,1,2,9,2085,1170,915,219,702,1383,6.96178781294964,7.39357606837607,6.40966512568306,6.512100456621,6.93929344729345,6.97320577729573,136
"138",2012,10,6.15384615384615,13,7.25,5.66666666666667,6,4.5,6.45454545454545,4,9,3,2,11,2098,1174,924,222,704,1394,6.95678150142993,7.39308688245315,6.40242812770563,6.50518018018018,6.93236363636364,6.96911304878049,137
"139",2012,11,7.02,10,7.6,6.44,6,6.33333333333333,7.31428571428571,5,5,2,3,7,2108,1179,929,224,707,1401,6.95708139943074,7.39396437659033,6.4026303444564,6.50066964285714,6.92982178217822,6.97083768022841,138
"140",2012,12,6.45333333333333,15,7.0375,5.78571428571429,7,6.625,6.39090909090909,8,7,1,4,11,2123,1187,936,225,711,1412,6.95352218087612,7.39156192080876,6.39801665598291,6.50288888888889,6.92810689170183,6.96631982294617,139
"141",2013,1,7.036,25,7,7.09,7.13333333333333,6.91666666666667,7.07368421052632,15,10,3,6,19,2148,1202,946,228,717,1431,6.95448211824953,7.38667554076539,6.40533149048626,6.51118421052632,6.92801115760112,6.96774534591195,140
"142",2013,2,7.1,5,7.83333333333333,6,NA,7,7.16666666666667,3,2,0,2,3,2153,1205,948,228,719,1434,6.95482006038086,7.38778755186722,6.40447636075949,6.51118421052632,6.92821140472879,6.96816149930265,141
"143",2013,3,6.48125,16,7.24,6.13636363636364,5.6,6.6,6.42727272727273,5,11,5,5,11,2169,1210,959,233,724,1445,6.95132668971876,7.38717685950413,6.40140103232534,6.49163090128755,6.92594475138122,6.96404400692041,142
"144",2013,4,6.95,10,7,6.91666666666667,5.83333333333333,5.75,7.25,4,6,3,2,8,2179,1214,965,236,726,1453,6.95132060119321,7.38590115321252,6.40460475647668,6.48326271186441,6.92270523415978,6.96561843771507,143
"145",2013,5,6.6125,16,7.23,5.58333333333333,5.16666666666667,6.16666666666667,6.88,10,6,3,6,10,2195,1224,971,239,732,1463,6.94885083826879,7.38462745098039,6.39952995880535,6.46673640167364,6.91650819672131,6.96503321257689,144
"146",2013,6,6.78571428571429,14,6.94444444444444,6.5,NA,7,6.72727272727273,9,5,0,3,11,2209,1233,976,239,735,1474,6.94781692621095,7.38141443633414,6.40004466188524,6.46673640167364,6.91684897959184,6.96325888059701,145
"147",2013,7,6.76,10,7.1,6.25,7,7,6.73333333333333,6,4,1,1,9,2219,1239,980,240,736,1483,6.946970522758,7.38005165456013,6.39943223469388,6.46895833333333,6.91696195652174,6.96186351314902,146
"148",2013,8,6.53333333333333,9,6.7,6.4,5,7,6.475,4,5,2,1,8,2228,1243,985,242,737,1491,6.94529963644524,7.37786323411102,6.39943511675127,6.45681818181818,6.91707462686567,6.95925123407109,147
"149",2013,9,6.1875,12,6.75,5.4,4.66666666666667,5.8,6.46428571428571,7,5,3,5,7,2240,1250,990,245,742,1498,6.94123999553571,7.3743472,6.39438746464646,6.43489795918367,6.90954716981132,6.95693831108144,148
"150",2013,10,7.725,8,8.36,6.66666666666667,6.5,7.45,8,5,3,2,4,4,2248,1255,993,247,746,1502,6.94402917704626,7.37827410358566,6.39521006042296,6.43542510121457,6.91244504021448,6.95971610519307,149
"151",2013,11,6.66666666666667,12,7.625,4.75,6,7.75,6.125,8,4,1,4,8,2260,1263,997,248,750,1510,6.94255645575221,7.3798368962787,6.38860941825476,6.43366935483871,6.916912,6.95529376821192,150
"152",2013,12,6.9,5,7.5,6.75,NA,7.5,6.75,1,4,0,1,4,2265,1264,1001,248,751,1514,6.94246251214128,7.37993196202532,6.39005353646354,6.43366935483871,6.91768841544607,6.95475138044914,151
"153",2014,1,6.96428571428571,14,7.07142857142857,6.85714285714286,7,7,6.95454545454545,7,7,5,3,11,2279,1271,1008,253,754,1525,6.94259657305836,7.37823288749016,6.39329721230159,6.44486166007905,6.91801591511936,6.95474989508196,152
"154",2014,2,7.04444444444444,18,7.41666666666667,6.85833333333333,6.64285714285714,6.625,7.16428571428571,6,12,7,4,14,2297,1277,1020,260,758,1539,6.94339468437092,7.37841346906813,6.39876822549019,6.45019230769231,6.91646965699208,6.95665600389863,153
"155",2014,3,7.16,5,7.4,7,7,7,7.2,2,3,1,1,4,2302,1279,1023,261,759,1543,6.94386515638575,7.37844722439406,6.40053136852395,6.45229885057471,6.91657971014493,6.95728683732987,154
"156",2014,4,6.80363636363636,11,7.14285714285714,6.21,6.5,6.25,7.12,7,4,2,4,7,2313,1286,1027,263,763,1550,6.94319826632079,7.37716485225505,6.39978927945472,6.45266159695817,6.91308519003932,6.95802167096774,155
"157",2014,5,7.1875,8,7.375,7,7,7,7.21428571428571,4,4,1,1,7,2321,1290,1031,264,764,1557,6.94404032313658,7.37715813953488,6.40211793404462,6.45473484848485,6.91319895287958,6.95917378933847,156
"158",2014,6,6.8,6,7.25,6.575,6,6.83333333333333,6.76666666666667,2,4,1,3,3,2327,1292,1035,265,767,1560,6.94366892565535,7.3769613003096,6.40278607729469,6.45301886792453,6.91288657105606,6.95880358333333,157
"159",2014,7,6.55,8,7,6.48571428571429,5.625,6.16666666666667,6.78,1,7,4,3,5,2335,1293,1042,269,770,1565,6.94232016702355,7.37666976024749,6.40334317658349,6.4407063197026,6.90997922077922,6.95823232587859,158
"160",2014,8,7.17857142857143,7,7.45,6.5,6.5,7.05,7.5,5,2,2,5,2,2342,1298,1044,271,775,1567,6.94302629803586,7.37695223420647,6.40352834291188,6.44114391143911,6.91088258064516,6.95892379706445,159
"161",2014,9,6.63333333333333,12,6.68333333333333,6.58333333333333,6.5,7.33333333333333,6.4,6,6,2,3,9,2354,1304,1050,273,778,1576,6.94144757434154,7.37376073619632,6.4045558,6.44157509157509,6.91251156812339,6.95573197335025,160
"162",2014,10,6.42857142857143,7,6,6.5,6.5,6,6.6,1,6,2,2,5,2361,1305,1056,275,780,1581,6.93992697585768,7.37270804597701,6.40509809659091,6.442,6.9101717948718,6.95460695129664,161
"163",2014,11,6.66666666666667,12,7.66666666666667,6.33333333333333,6.33333333333333,7,6.6,3,9,3,2,10,2373,1308,1065,278,782,1591,6.93854512852928,7.37338226299694,6.40449163380282,6.4408273381295,6.91040153452685,6.95237812067881,162
"164",2014,12,6.68571428571429,14,6.9375,6.35,6.36666666666667,6.93333333333333,6.5,8,6,3,6,8,2387,1316,1071,281,788,1599,6.93706224968579,7.37073252279635,6.40418635854342,6.44003558718861,6.91057614213198,6.95011481550969,163
"165",2015,1,6.6,12,6.77777777777778,6.06666666666667,7.2,7,6.52,9,3,1,2,10,2399,1325,1074,282,790,1609,6.93537623593163,7.36670490566038,6.40324356610801,6.4427304964539,6.91080253164557,6.94744163455562,164
"166",2015,2,6.41666666666667,6,8.5,5.375,6.5,7.66666666666667,5.16666666666667,2,4,2,3,3,2405,1327,1078,284,793,1612,6.93408215800415,7.36841296156744,6.39942819109462,6.4431338028169,6.91366204287516,6.94412753722084,165
"167",2015,3,6.71666666666667,12,7.04285714285714,6.26,6.325,6.76,6.68571428571429,7,5,4,5,7,2417,1334,1083,288,798,1619,6.93300272652048,7.36670464767616,6.39878447830101,6.44149305555555,6.9126992481203,6.94301024706609,166
"168",2015,4,6.63076923076923,13,6.86666666666667,6.42857142857143,5.5,6.56666666666667,6.65,6,7,2,3,10,2430,1340,1090,290,801,1629,6.93138583950617,7.36446567164179,6.3989757706422,6.435,6.91140324594257,6.94121153468385,167
"169",2015,5,6.95,10,7.6,6.51666666666667,7,6.275,7.4,4,6,3,4,6,2440,1344,1096,293,805,1635,6.93146212704918,7.36516666666667,6.39962006386861,6.44078498293515,6.90824099378882,6.94289516207951,168
"170",2015,6,7.25,8,8,6.5,6,9,7,4,4,1,1,7,2448,1348,1100,294,806,1642,6.93250310049019,7.36705044510386,6.39998508181818,6.43928571428571,6.91083622828784,6.94313860535931,169
"171",2015,7,7.46666666666667,9,7.67142857142857,6.75,NA,8,7.31428571428571,7,2,0,2,7,2457,1355,1102,294,808,1649,6.93445974358974,7.36862287822878,6.40062031760436,6.43928571428571,6.91353217821782,6.94471412371134,170
"172",2015,8,7.24545454545455,11,7.5625,6.4,NA,7,7.38571428571429,8,3,0,4,7,2468,1363,1105,294,812,1656,6.935845863047,7.3697608217168,6.40061863348416,6.43928571428571,6.91395812807882,6.94657825483092,171
"173",2015,9,6.7,5,8.25,5.66666666666667,6.5,4,7.375,2,3,2,1,4,2473,1365,1108,296,813,1660,6.93536902143146,7.37105054945055,6.39863139891697,6.43969594594595,6.91037392373924,6.94761059638554,172
"174",2015,10,6.625,8,7.25,4.75,NA,6.375,6.875,6,2,0,4,4,2481,1371,1110,296,817,1664,6.93436823458283,7.37052078774617,6.39566089189189,6.43969594594595,6.90775275397797,6.94743605168269,173
"175",2015,11,6.83333333333333,6,7.5,6.16666666666667,NA,NA,6.83333333333333,3,3,0,0,6,2487,1374,1113,296,817,1670,6.93412448331322,7.37080349344978,6.39504365678347,6.43969594594595,6.90775275397797,6.9470261017964,174
"176",2015,12,6.35714285714286,7,7.5,5.5,5.33333333333333,NA,6.35714285714286,3,4,3,0,7,2494,1377,1117,299,817,1677,6.93250504811547,7.37108496732026,6.3918384870188,6.42859531772575,6.90775275397797,6.9445638580799,175
"177",2016,1,7.475,12,8.41666666666667,6.53333333333333,7.5,6.75,7.62,6,6,2,2,10,2506,1383,1123,301,819,1687,6.93510278930566,7.37562111352133,6.39259447016919,6.43571428571428,6.90736752136752,6.94856762892709,176
"178",2016,2,5,4,NA,5,5,6,4,0,4,2,2,2,2510,1383,1127,303,821,1689,6.93201896015936,7.37562111352133,6.38765181011535,6.42623762376237,6.90515712545676,6.94507613380698,177
"179",2016,3,6.94210526315789,19,7.29,6.55555555555556,6.25,6.33333333333333,7.05625,10,9,4,3,16,2529,1393,1136,307,824,1705,6.93209473705021,7.37500646087581,6.3889820334507,6.42394136807817,6.90307524271845,6.94611940762463,178
"180",2016,4,6.25,6,6.5,6,6.5,5,6.875,3,3,2,2,4,2535,1396,1139,309,826,1709,6.93048031163708,7.37312607449857,6.38795749780509,6.42443365695793,6.89846731234867,6.94595294909303,179
"181",2016,5,7.08333333333333,6,7.375,6.5,6.5,6.9,8,4,2,2,5,1,2541,1400,1141,311,831,1710,6.93084123966942,7.37313142857143,6.3881538913234,6.42491961414791,6.89847653429603,6.94656935087719,180
"182",2016,6,6.42142857142857,14,6.9875,5.66666666666667,6.33333333333333,6.625,6.34,8,6,3,4,10,2555,1408,1147,314,835,1720,6.92804993737769,7.37094034090909,6.38437976460331,6.42404458598726,6.89716646706587,6.94304278488372,181
"183",2016,7,6.3875,8,7.1,6.28571428571429,NA,6,6.44285714285714,1,7,0,1,7,2563,1409,1154,314,836,1727,6.9263626960593,7.37074804826118,6.38378127383016,6.42404458598726,6.89609330143541,6.94101539664157,182
"184",2016,8,6.7,10,7.625,6.08333333333333,6,5,6.88888888888889,4,6,3,1,9,2573,1413,1160,317,837,1736,6.92548293431791,7.3714677990092,6.38222723275862,6.42003154574132,6.89382795698925,6.94074515552995,183
"185",2016,9,6.75,10,7.16666666666667,6.125,6.75,6.5,6.85714285714286,6,4,2,3,7,2583,1419,1164,319,840,1743,6.92480355787843,7.37060183227625,6.38134329037801,6.42210031347962,6.89242142857143,6.94040940332759,184
"186",2016,10,6.67777777777778,9,7.55,6.42857142857143,6.33333333333333,7,6.58571428571429,2,7,3,2,7,2592,1421,1171,322,842,1750,6.92394582947531,7.37085432793807,6.38162561058924,6.42127329192546,6.89267695961995,6.93899062285714,185
"187",2016,11,7.425,10,8,7.04166666666667,6.5,7,7.70833333333333,4,6,2,4,6,2602,1425,1177,324,846,1756,6.92587147963105,7.37262035087719,6.38499030586236,6.42175925925926,6.89318439716312,6.94161935649203,186
"188",2016,12,6.5,9,7,6.1,6.5,6,6.5625,4,5,3,1,8,2611,1429,1182,327,847,1764,6.92440351972424,7.37157732680196,6.38378476311337,6.42247706422018,6.89212987012987,6.93989999433106,187
"189",2017,1,6.55714285714286,7,6.58,6.5,NA,7,6.48333333333333,5,2,0,1,6,2618,1434,1184,327,848,1770,6.92342153934301,7.36881729428173,6.38398107263513,6.42247706422018,6.8922570754717,6.93835231073446,188
"190",2017,2,6.71428571428571,7,7,6.5,5.5,6,6.83333333333333,3,4,2,1,6,2625,1437,1188,329,849,1776,6.92286384380952,7.36804732080724,6.38437170875421,6.41686930091185,6.89120612485277,6.93799751689189,189
"191",2017,3,6.97666666666667,9,7.29833333333333,6.33333333333333,NA,7,6.97375,6,3,0,1,8,2634,1443,1191,329,850,1784,6.92304768033409,7.36775744975745,6.38424314861461,6.41686930091185,6.89133411764706,6.93815784192825,190
"192",2017,4,6.5,11,7.125,4.83333333333333,5.25,7.25,6.33333333333333,8,3,2,2,9,2645,1451,1194,331,852,1793,6.92128831379962,7.36641902136458,6.38034639028476,6.40981873111782,6.89217605633803,6.93512191299498,191
"193",2017,5,6.95,10,7.375,6.66666666666667,4,6.91666666666667,7,4,6,1,6,4,2655,1455,1200,332,858,1797,6.92139645574388,7.36644261168385,6.38177799166666,6.40256024096385,6.89234731934732,6.93526632721202,192
"194",2017,6,6.88888888888889,9,6.6,7.25,5,7,6.875,5,4,1,1,8,2664,1460,1204,333,859,1805,6.92128663288288,7.36381780821918,6.38466245016611,6.39834834834834,6.89247264260768,6.93499921883656,193
"195",2017,7,6.5625,8,8,5.7,6.75,6,6.64285714285714,3,5,2,1,7,2672,1463,1209,335,860,1812,6.92021242140718,7.36512235133288,6.38183092638544,6.40044776119403,6.89143488372093,6.93387063465783,194
"196",2017,8,6.31111111111111,9,8,6.1,5.9,6.5,6.25714285714286,1,8,2,2,7,2681,1464,1217,337,862,1819,6.91816769488996,7.36555601092896,6.37997829909614,6.39747774480712,6.89052668213457,6.93126640461792,195
"197",2017,9,6.78,10,7.3,6,5.5,5,7.225,6,4,2,2,8,2691,1470,1221,339,864,1827,6.91765425120773,7.36528843537415,6.37873348894349,6.39218289085545,6.88615046296296,6.93255259441707,196
"198",2017,10,7.24,5,7.35,7.16666666666667,NA,7,7.4,2,3,0,2,3,2696,1472,1224,339,866,1830,6.91825207344213,7.36526766304348,6.38066469771242,6.39218289085545,6.88641339491917,6.93331890163934,197
"199",2017,11,6.375,10,6.375,6.375,7,4.5,6.84375,4,6,1,2,8,2706,1476,1230,340,868,1838,6.91624449002217,7.36258401084011,6.38063706504065,6.39397058823529,6.88091474654378,6.93292904787813,198
"200",2017,12,8.075,4,8.43333333333333,7,7,8.3,8,3,1,1,1,3,2710,1479,1231,341,869,1841,6.9179548302583,7.36475591615957,6.38114020308692,6.39574780058651,6.88254775604143,6.93466789244975,199
"201",2018,1,6.63,20,7.78571428571429,6.00769230769231,6,8,6.55789473684211,7,13,3,1,19,2730,1486,1244,344,870,1860,6.91584527106227,7.36673889636608,6.37723761254019,6.3922965116279,6.88383218390805,6.9308191344086,200
"202",2018,2,7.2,5,8,6.66666666666667,6,6,8,2,3,2,2,3,2735,1488,1247,346,872,1863,6.91636474954296,7.36759005376344,6.37793391339214,6.3900289017341,6.88180504587156,6.93254084272678,201
"203",2018,3,6.07692307692308,13,7.07142857142857,4.91666666666667,6.5,5.5,6.25,7,6,3,3,10,2748,1495,1253,349,875,1873,6.91239359170305,7.3662033444816,6.37093662410215,6.39097421203438,6.87706742857143,6.92889673785371,202
"204",2018,4,6.7,9,8,6.5375,6.26666666666667,6,6.7875,1,8,3,1,8,2757,1496,1261,352,876,1881,6.91170025027203,7.36662700534759,6.37199333068993,6.38991477272727,6.87606621004566,6.92829536948431,203
"205",2018,5,6.5,11,7,6.08333333333333,5,6.33333333333333,6.5625,5,6,1,3,8,2768,1501,1267,353,879,1889,6.91006415823699,7.36540572951366,6.37062635359116,6.38597733711048,6.87421387940842,6.92674620963473,204
"206",2018,6,6.4,5,7,6.25,6.33333333333333,6,6.5,1,4,3,1,4,2773,1502,1271,356,880,1893,6.9091444608727,7.36516245006658,6.37024672698662,6.38553370786517,6.87322045454546,6.92584447437929,205
"207",2018,7,6.68333333333333,3,7.525,5,NA,NA,6.68333333333333,2,1,0,0,3,2776,1504,1272,356,880,1896,6.90890042867435,7.365375,6.36916948899371,6.38553370786517,6.87322045454546,6.92546075421941,206
"208",2018,8,6.41666666666667,6,7.5,5.33333333333333,NA,8,6.1,3,3,0,1,5,2782,1507,1275,356,881,1901,6.90783881739755,7.36564299933643,6.36673222745098,6.38553370786517,6.87449943246311,6.92328963177275,207
"209",2018,9,7.18,8,7.75,6.61,6,8,7.06285714285714,4,4,1,1,7,2790,1511,1279,357,882,1908,6.9086192078853,7.36666048974189,6.36749303362001,6.3844537815126,6.87577551020408,6.92380167190775,208
"210",2018,10,6.78571428571429,7,7,6.5,6.75,6,6.91666666666667,4,3,2,1,6,2797,1515,1282,359,883,1914,6.90831161601716,7.36569240924092,6.36780311232449,6.38649025069638,6.87478369195923,6.92377930512016,209
"211",2018,11,6.825,4,7.25,6.4,5,7.8,6.5,2,2,1,1,3,2801,1517,1284,360,884,1917,6.9081926419136,7.36553988134476,6.36785326323987,6.38263888888889,6.87583031674208,6.92311611371935,210
"212",2018,12,6.44125,8,6.8825,6,6,8,6.21857142857143,4,4,1,1,7,2809,1521,1288,361,885,1924,6.90686279458882,7.36426955950033,6.36671086180124,6.38157894736842,6.87710056497175,6.9205528014553,211
"213",2019,1,6.285,4,7.71333333333333,2,NA,2,7.71333333333333,3,1,0,1,3,2813,1524,1289,361,886,1927,6.90597852470671,7.36495669291338,6.36332318851823,6.38157894736842,6.87159593679458,6.92178702127659,212
"214",2019,2,7.21428571428571,7,7.66666666666667,6.875,7,7.66666666666667,6.875,3,4,1,3,4,2820,1527,1293,362,889,1931,6.90674382624113,7.36554944335298,6.36490610208817,6.38328729281768,6.87427896512936,6.92169010357328,213
"215",2019,3,5.4,5,7,4.33333333333333,NA,3,6,2,3,0,1,4,2825,1529,1296,362,890,1935,6.90407702300884,7.36507128842381,6.36020338734568,6.38328729281768,6.86992584269663,6.91978480103359,214
"216",2019,4,5.97272727272727,11,6.33333333333333,5.8375,6.33333333333333,6.55,5.84444444444444,3,8,3,2,9,2836,1532,1304,365,892,1944,6.90046459449929,7.36305091383812,6.35699661809816,6.38287671232876,6.86920852017937,6.91480637345679,215
"217",2019,5,6.5,4,6.66666666666667,6,NA,6.5,6.5,3,1,0,2,2,2840,1535,1305,365,894,1946,6.89990055985915,7.36168990228013,6.35672305747126,6.38287671232876,6.86838255033557,6.91438005652621,216
"218",2019,6,7.07142857142857,7,7.33333333333333,6.875,6.5,7,7.1,3,4,2,2,5,2847,1538,1309,367,896,1951,6.90032230066736,7.36163459037711,6.35830679144385,6.38351498637602,6.86867633928572,6.91485576114813,217
"219",2019,7,6.99878818181818,11,7.24777833333333,6.7,6.5,NA,6.99878818181818,6,5,2,0,11,2858,1544,1314,369,896,1962,6.90070128061581,7.36119214378238,6.35960699391172,6.38414634146341,6.86867633928572,6.91532633027523,218
"220",2019,8,6.86363636363636,11,7,6.78571428571429,6.5,NA,6.86363636363636,4,7,3,0,11,2869,1548,1321,372,896,1973,6.90055917044266,7.36025883074935,6.36186494322483,6.38508064516129,6.86867633928572,6.91503814495692,219
"221",2019,9,7.33333333333333,9,7.66666666666667,6.66666666666667,NA,NA,7.33333333333333,6,3,0,0,9,2878,1554,1324,372,896,1982,6.90191252953439,7.36144187258687,6.362555581571,6.38508064516129,6.86867633928572,6.91693756811302,220
"222",2019,10,7.57777777777778,9,7.78333333333333,7.16666666666667,NA,7.06666666666667,7.83333333333333,6,3,0,3,6,2887,1560,1327,372,899,1988,6.90401948735711,7.36306453205128,6.36437346646571,6.38508064516129,6.86933704115684,6.9197033501006,221
"223",2019,11,7.4,11,7.62857142857143,7,NA,9,7.24,7,4,0,1,10,2898,1567,1331,372,900,1998,6.9059020910973,7.36425058710913,6.36628368895567,6.38508064516129,6.87170444444445,6.92130643643643,222
"224",2019,12,6.2,5,6,6.25,6,6.2,NA,1,4,3,5,0,2903,1568,1335,375,905,1998,6.90468627626593,7.36338052933673,6.36593527340824,6.382,6.86799337016575,6.92130643643643,223
"225",2020,1,6.74285714285714,14,7.48333333333333,6.1875,6,6.5,6.80909090909091,6,8,2,3,11,2917,1574,1343,377,908,2009,6.90390958519026,7.36383778271919,6.36487236783321,6.37997347480106,6.86677753303965,6.92069201592832,224
"226",2020,2,6.829375,16,7.25555555555556,6.28142857142857,7,7,6.818,9,7,1,1,15,2933,1583,1350,378,909,2024,6.90350298670303,7.36322215413771,6.3644396962963,6.38161375661375,6.86692409240924,6.91993095849802,225
"227",2020,3,6.52142857142857,7,6.25,6.63,7,6.125,6.68,2,5,1,2,5,2940,1585,1355,379,911,2029,6.90259328571428,7.36181745741325,6.36541962361624,6.38324538258575,6.86529527991219,6.91933970428782,226
"228",2020,4,7.28125,8,8.05,6,6.5,8,7.17857142857143,5,3,2,1,7,2948,1590,1358,381,912,2036,6.90362084803256,7.36398155345912,6.36461236377025,6.38385826771653,6.86653947368421,6.92023097249509,227
"229",2020,5,7.08571428571429,7,7.26666666666667,6,NA,NA,7.08571428571429,6,1,0,0,7,2955,1596,1359,381,912,2043,6.90405220304568,7.36361570802005,6.36434406916851,6.38385826771653,6.86653947368421,6.92079797356828,228
"230",2020,6,6.22666666666667,9,6.25666666666667,6.16666666666667,6.25,6.25,6.22,6,3,2,2,7,2964,1602,1362,383,914,2050,6.90199536437247,7.35946983146067,6.36390865638766,6.3831592689295,6.86519037199125,6.91840500487805,229
"231",2020,7,6.72222222222222,9,6.91666666666667,6.33333333333333,NA,6.66666666666667,6.75,6,3,0,3,6,2973,1608,1365,383,917,2056,6.90145114698957,7.35781758084577,6.36384145787546,6.3831592689295,6.86454089422029,6.91791355058366,230
"232",2020,8,6.4375,4,8,5.91666666666667,5,NA,6.4375,1,3,1,0,4,2977,1609,1368,384,917,2060,6.90082776620759,7.35821669981355,6.36286081140351,6.37955729166666,6.86454089422029,6.91698070873786,231
"233",2020,9,7.78,2,7.78,NA,NA,NA,7.78,2,0,0,0,2,2979,1611,1368,384,917,2062,6.90141801275596,7.3587403289882,6.36286081140351,6.37955729166666,6.86454089422029,6.91781777885548,232
"234",2020,10,6.75,8,6.71428571428571,7,NA,6.5,6.83333333333333,7,1,0,2,6,2987,1618,1369,384,919,2068,6.90101247405423,7.35595220642769,6.36332621621622,6.37955729166666,6.86374755168662,6.91757265957447,233
"235",2020,11,6.77777777777778,9,7.25,6.4,7,6.25,6.92857142857143,4,5,1,2,7,2996,1622,1374,385,921,2075,6.90064227636849,7.35569091861899,6.36345967248908,6.38116883116883,6.86241476655809,6.91760976385542,234
"236",2020,12,6.25,6,7.66666666666667,4.83333333333333,4,NA,6.25,3,3,2,0,6,3002,1625,1377,387,921,2081,6.89934185876082,7.35626502769231,6.36012606390704,6.36886304909561,6.86241476655809,6.9156848918789,235
"237",2021,1,6.72222222222222,9,7.25,5.66666666666667,6,6.25,6.85714285714286,6,3,1,2,7,3011,1631,1380,388,923,2088,6.89881244104948,7.35587410790926,6.35861854347826,6.36791237113402,6.86108775731311,6.9154886302682,236
"238",2021,2,7.27272727272727,11,7.42857142857143,7,6.66666666666667,7.33333333333333,7.25,7,4,3,3,8,3022,1638,1384,391,926,2096,6.90017348113832,7.35618478021978,6.36047224710983,6.37020460358056,6.86261771058316,6.91676539122137,237
"239",2021,3,7,6,7.2,6,NA,8,6.8,5,1,0,1,5,3028,1643,1385,391,927,2101,6.90037128797886,7.35570947656725,6.36021197833935,6.37020460358056,6.86384466019418,6.91648751070918,238
"240",2021,4,6.74444444444444,9,7.11666666666667,6,6,NA,6.74444444444444,6,3,1,0,9,3037,1649,1388,392,927,2110,6.89990920645373,7.35483970285021,6.3594334221902,6.36926020408163,6.86384466019418,6.91575367772512,239
"241",2021,5,6.9,5,7.25,6.66666666666667,6.5,7.5,6.5,2,3,2,2,3,3042,1651,1391,394,929,2113,6.89990935568705,7.35471270139309,6.36009603882099,6.36992385786802,6.8652142088267,6.9151633980123,240
"242",2021,6,7.33333333333333,6,8,6.66666666666667,6,6,7.6,3,3,1,1,5,3048,1654,1394,395,930,2118,6.90076255249344,7.35588311366384,6.36075580344333,6.36898734177215,6.86428387096774,6.91678010387158,241
"243",2021,7,6.8,5,7.66666666666667,5.5,NA,NA,6.8,3,2,0,0,5,3053,1657,1396,395,930,2123,6.90059753029806,7.35644578756789,6.35952262893983,6.36898734177215,6.86428387096774,6.91650506829958,242
"244",2021,8,6.28666666666667,9,6.93,5,NA,3,6.6975,6,3,0,1,8,3062,1663,1399,395,931,2131,6.89879303069889,7.35490719783524,6.35660728377412,6.36898734177215,6.86013319011815,6.91568290004693,243
"245",2021,9,6.8,5,7,6.66666666666667,NA,NA,6.8,2,3,0,0,5,3067,1665,1402,395,931,2136,6.89863197261167,7.35448088288288,6.3572707489301,6.36898734177215,6.86013319011815,6.91541210674157,244
"246",2021,10,8.5,2,9,8,NA,9,8,1,1,0,1,1,3069,1666,1403,395,932,2137,6.89967554903877,7.35546858943577,6.35844161796151,6.36898734177215,6.86242918454936,6.91591963500234,245
"247",2021,11,7.12,5,6.83333333333333,7.55,NA,7.55,6.83333333333333,3,2,0,2,3,3074,1669,1405,395,934,2140,6.90003391672088,7.35453005991612,6.36013778647687,6.36898734177215,6.86390149892934,6.91580385981308,246
"248",2021,12,7.625,4,7,8.25,NA,NA,7.625,2,2,0,0,4,3078,1671,1407,395,934,2144,6.90097604288499,7.35410572710951,6.36282415778252,6.36898734177215,6.86390149892934,6.9171269869403,247
"249",2022,1,6.0875,16,6.05,6.125,5,6.8,5.92307692307692,8,8,1,3,13,3094,1679,1415,396,937,2157,6.89676931480284,7.34789200119118,6.36147956890459,6.3655303030303,6.86369690501601,6.91113595734817,248
"250",2022,2,6.565,10,6.58125,6.5,NA,7.31666666666667,6.24285714285714,8,2,0,3,7,3104,1687,1417,396,940,2164,6.89570047036082,7.34425647302904,6.36167508115738,6.3655303030303,6.86514255319149,6.90897424214418,249
"251",2022,3,6.9,7,7,6.88333333333333,5.5,6.3,7,1,6,2,1,6,3111,1688,1423,398,941,2170,6.89571014464802,7.34405252962085,6.36387462403373,6.36118090452261,6.86454197662062,6.90922592626728,250
"252",2022,4,7.8,5,7.66666666666667,8,7.5,7.83333333333333,7.75,3,2,1,3,2,3116,1691,1425,399,944,2172,6.89716118741977,7.34462487876996,6.36617094035088,6.3640350877193,6.86762076271187,6.91000011970534,251
"253",2022,5,6.5,3,8,3.5,3.5,7,6.25,2,1,1,1,2,3119,1693,1426,400,945,2174,6.89677917922411,7.34539909627879,6.36416100280505,6.356875,6.86776084656085,6.90939294388225,252
"254",2022,6,6.67777777777778,9,6.4,7.025,8,NA,6.67777777777778,5,4,1,0,9,3128,1698,1430,401,945,2183,6.8961490601023,7.34261523557126,6.3660095034965,6.36097256857855,6.86776084656085,6.90843804855703,253
"255",2022,7,6.61111111111111,9,7.125,6.2,NA,NA,6.61111111111111,4,5,0,0,9,3137,1702,1435,401,945,2192,6.89533129104239,7.3421038014101,6.36543107317073,6.36097256857855,6.86776084656085,6.90721727189781,254
"256",2022,8,7.5,10,7.375,7.58333333333333,NA,8.75,7.1875,4,6,0,2,8,3147,1706,1441,401,947,2200,6.89725270416269,7.34218093200469,6.37050214434421,6.36097256857855,6.87173600844773,6.90823648181818,255
"257",2022,9,6.55714285714286,7,7,5.96666666666667,6.5,6.3,6.75,4,3,1,3,4,3154,1710,1444,402,950,2204,6.89649786303107,7.34138050877193,6.36966315096953,6.3613184079602,6.86993052631579,6.90794930127042,256
"258",2022,10,6.947,9,7.9,5.75575,5,6,7.21757142857143,5,4,2,2,7,3163,1715,1448,404,952,2211,6.89664156180841,7.34300913702624,6.36796725828729,6.35457920792079,6.86810294117647,6.90892956128449,257
"259",2022,11,6.75625,8,5.6375,7.875,NA,3.5,7.84166666666667,4,4,0,2,6,3171,1719,1452,404,954,2217,6.89628737306843,7.33904052937754,6.37211886363636,6.35457920792079,6.86104192872117,6.91145388362652,258
"260",2022,12,7.58909090909091,11,7.83,7.3,7.5,8,7.49777777777778,6,5,1,2,9,3182,1725,1457,405,956,2226,6.89868235700817,7.34074821449275,6.37530308167467,6.3574074074074,6.86342468619247,6.91382446540881,259
