"","year","month","avg_rating","no_ratings","avg_rating_owned","avg_rating_not_owned","avg_rating_prev_owned","avg_rating_comment","avg_rating_no_comment","no_ratings_owned","no_ratings_not_owned","no_ratings_prev_owned","no_ratings_comment","no_ratings_no_comment","cum_no_ratings","cum_no_ratings_owned","cum_no_ratings_not_owned","cum_no_ratings_prev_owned","cum_no_ratings_comment","cum_no_ratings_no_comment","cum_avg_rating","cum_avg_rating_owned","cum_avg_rating_not_owned","cum_avg_rating_prev_owned","cum_avg_rating_comment","cum_avg_rating_no_comment","month_after_release"
"1",2001,6,6.33333333333333,3,6.33333333333333,NA,NA,8,5.5,3,0,0,1,2,3,3,0,0,1,2,6.33333333333333,6.33333333333333,NA,NA,8,5.5,1
"2",2001,8,8,3,9,7.5,7.5,NA,8,1,2,2,0,3,6,4,2,2,1,5,7.16666666666667,7,7.5,7.5,8,7,3
"3",2001,9,8,2,8,8,NA,8,8,1,1,0,1,1,8,5,3,2,2,6,7.375,7.2,7.66666666666667,7.5,8,7.16666666666667,4
"4",2001,10,7.66666666666667,3,7.66666666666667,NA,NA,7,8,3,0,0,1,2,11,8,3,2,3,8,7.45454545454545,7.375,7.66666666666667,7.5,7.66666666666667,7.375,5
"5",2001,11,6,1,6,NA,NA,NA,6,1,0,0,0,1,12,9,3,2,3,9,7.33333333333333,7.22222222222222,7.66666666666667,7.5,7.66666666666667,7.22222222222222,6
"6",2001,12,9,1,9,NA,NA,NA,9,1,0,0,0,1,13,10,3,2,3,10,7.46153846153846,7.4,7.66666666666667,7.5,7.66666666666667,7.4,7
"7",2002,1,7.83333333333333,3,7.83333333333333,NA,NA,8,7.75,3,0,0,1,2,16,13,3,2,4,12,7.53125,7.5,7.66666666666667,7.5,7.75,7.45833333333333,8
"8",2002,2,6.75,4,6.66666666666667,7,7,7,6.66666666666667,3,1,1,1,3,20,16,4,3,5,15,7.375,7.34375,7.5,7.33333333333333,7.6,7.3,9
"9",2002,3,6,1,6,NA,NA,6,NA,1,0,0,1,0,21,17,4,3,6,15,7.30952380952381,7.26470588235294,7.5,7.33333333333333,7.33333333333333,7.3,10
"10",2002,4,6,2,6,6,6,6,NA,1,1,1,2,0,23,18,5,4,8,15,7.19565217391304,7.19444444444444,7.2,7,7,7.3,11
"11",2002,5,6.33333333333333,3,7.5,4,NA,NA,6.33333333333333,2,1,0,0,3,26,20,6,4,8,18,7.09615384615385,7.225,6.66666666666667,7,7,7.13888888888889,12
"12",2002,6,6.92857142857143,7,7.3,6,7,6,7.3,5,2,1,2,5,33,25,8,5,10,23,7.06060606060606,7.24,6.5,7,6.8,7.17391304347826,13
"13",2002,7,6.9,5,7.375,5,5,6,7.125,4,1,1,1,4,38,29,9,6,11,27,7.03947368421053,7.25862068965517,6.33333333333333,6.66666666666667,6.72727272727273,7.16666666666667,14
"14",2002,8,6.71428571428571,7,6.71428571428571,NA,NA,6,7,7,0,0,2,5,45,36,9,6,13,32,6.98888888888889,7.15277777777778,6.33333333333333,6.66666666666667,6.61538461538461,7.140625,15
"15",2002,9,5.66666666666667,3,NA,5.66666666666667,7,NA,5.66666666666667,0,3,1,0,3,48,36,12,7,13,35,6.90625,7.15277777777778,6.16666666666667,6.71428571428571,6.61538461538461,7.01428571428571,16
"16",2002,10,6.9,10,7.375,5,5,7.25,6.66666666666667,8,2,1,4,6,58,44,14,8,17,41,6.9051724137931,7.19318181818182,6,6.5,6.76470588235294,6.96341463414634,17
"17",2002,11,6.4,5,6.5,6,NA,6.5,6.33333333333333,4,1,0,2,3,63,48,15,8,19,44,6.86507936507936,7.13541666666667,6,6.5,6.73684210526316,6.92045454545455,18
"18",2002,12,6,3,6.5,5,NA,NA,6,2,1,0,0,3,66,50,16,8,19,47,6.82575757575758,7.11,5.9375,6.5,6.73684210526316,6.86170212765957,19
"19",2003,1,6.71428571428571,7,6.66666666666667,7,NA,8,6.5,6,1,0,1,6,73,56,17,8,20,53,6.81506849315068,7.0625,6,6.5,6.8,6.82075471698113,20
"20",2003,2,6.57142857142857,7,6.57142857142857,NA,NA,6.5,6.6,7,0,0,2,5,80,63,17,8,22,58,6.79375,7.00793650793651,6,6.5,6.77272727272727,6.80172413793103,21
"21",2003,3,6.5,4,6.33333333333333,7,NA,6,6.66666666666667,3,1,0,1,3,84,66,18,8,23,61,6.77976190476191,6.97727272727273,6.05555555555556,6.5,6.73913043478261,6.79508196721311,22
"22",2003,4,6.58333333333333,6,7.25,5.25,NA,7.5,6.125,4,2,0,2,4,90,70,20,8,25,65,6.76666666666667,6.99285714285714,5.975,6.5,6.8,6.75384615384615,23
"23",2003,5,7,8,8.33333333333333,6.2,6,7.4,6.33333333333333,3,5,1,5,3,98,73,25,9,30,68,6.78571428571429,7.04794520547945,6.02,6.44444444444444,6.9,6.73529411764706,24
"24",2003,6,7.22222222222222,9,7.25,7,NA,7.75,6.8,8,1,0,4,5,107,81,26,9,34,73,6.82242990654206,7.0679012345679,6.05769230769231,6.44444444444444,7,6.73972602739726,25
"25",2003,7,6.74193548387097,31,6.83333333333333,6.125,6,7.0625,6.6304347826087,27,4,1,8,23,138,108,30,10,42,96,6.80434782608696,7.00925925925926,6.06666666666667,6.4,7.01190476190476,6.71354166666667,26
"26",2003,8,6.58823529411765,17,6.92307692307692,5.5,NA,7.66666666666667,6.35714285714286,13,4,0,3,14,155,121,34,10,45,110,6.78064516129032,7,6,6.4,7.05555555555556,6.66818181818182,27
"27",2003,9,6.575,20,6.96875,5,NA,5.6,6.9,16,4,0,5,15,175,137,38,10,50,125,6.75714285714286,6.9963503649635,5.89473684210526,6.4,6.91,6.696,28
"28",2003,10,7,5,7.25,6,NA,8,6.75,4,1,0,1,4,180,141,39,10,51,129,6.76388888888889,7.00354609929078,5.8974358974359,6.4,6.93137254901961,6.69767441860465,29
"29",2003,11,6.77777777777778,9,6.66666666666667,7,NA,7.14285714285714,5.5,6,3,0,7,2,189,147,42,10,58,131,6.76455026455026,6.98979591836735,5.97619047619048,6.4,6.95689655172414,6.6793893129771,30
"30",2003,12,6.875,16,6.92307692307692,6.66666666666667,NA,6.5,7,13,3,0,4,12,205,160,45,10,62,143,6.77317073170732,6.984375,6.02222222222222,6.4,6.92741935483871,6.70629370629371,31
"31",2004,1,6.70833333333333,12,7.05,5,NA,6.625,6.75,10,2,0,4,8,217,170,47,10,66,151,6.76958525345622,6.98823529411765,5.97872340425532,6.4,6.90909090909091,6.70860927152318,32
"32",2004,2,6.61764705882353,17,6.875,6,NA,5.5,6.76666666666667,12,5,0,2,15,234,182,52,10,68,166,6.75854700854701,6.98076923076923,5.98076923076923,6.4,6.86764705882353,6.71385542168675,33
"33",2004,3,6.71428571428571,14,6.61111111111111,6.9,8,6.9,6.61111111111111,9,5,2,5,9,248,191,57,12,73,175,6.75604838709677,6.96335078534031,6.06140350877193,6.66666666666667,6.86986301369863,6.70857142857143,34
"34",2004,4,6.79411764705882,17,6.85714285714286,6.5,7,6.5,7,14,3,1,7,10,265,205,60,13,80,185,6.75849056603774,6.95609756097561,6.08333333333333,6.69230769230769,6.8375,6.72432432432432,35
"35",2004,5,6.79,10,7.3625,4.5,NA,7.475,6.33333333333333,8,2,0,4,6,275,213,62,13,84,191,6.75963636363636,6.97136150234742,6.03225806451613,6.69230769230769,6.86785714285714,6.71204188481675,36
"36",2004,6,6.85714285714286,14,7,6.33333333333333,6,7.5,6.75,11,3,2,2,12,289,224,65,15,86,203,6.7643598615917,6.97276785714286,6.04615384615385,6.6,6.88255813953488,6.71428571428571,37
"37",2004,7,7.27307692307692,13,7.3125,6.8,6.8,7.33333333333333,7.255,12,1,1,3,10,302,236,66,16,89,213,6.7862582781457,6.99004237288136,6.05757575757576,6.6125,6.89775280898876,6.73967136150235,38
"38",2004,8,6.78571428571429,7,7,6.25,7.5,7.25,6.6,5,2,1,2,5,309,241,68,17,91,218,6.78624595469256,6.9902489626556,6.06323529411765,6.66470588235294,6.9054945054945,6.73646788990826,39
"39",2004,9,6.69047619047619,21,7.02941176470588,5.25,NA,6.95454545454545,6.4,17,4,0,11,10,330,258,72,17,102,228,6.78015151515152,6.99282945736434,6.01805555555556,6.66470588235294,6.91078431372549,6.72171052631579,40
"40",2004,10,6.775,20,6.61111111111111,8.25,8,6.5625,6.91666666666667,18,2,1,8,12,350,276,74,18,110,240,6.77985714285714,6.9679347826087,6.07837837837838,6.73888888888889,6.88545454545454,6.73145833333333,41
"41",2004,11,7.03125,16,7.28571428571429,5.25,NA,7.2,6.95454545454545,14,2,0,5,11,366,290,76,18,115,251,6.79084699453552,6.98327586206897,6.05657894736842,6.73888888888889,6.89913043478261,6.74123505976096,42
"42",2004,12,6.58333333333333,12,6.75,6.25,NA,6.8,6.42857142857143,8,4,0,5,7,378,298,80,18,120,258,6.78425925925926,6.97701342281879,6.06625,6.73888888888889,6.895,6.7327519379845,43
"43",2005,1,6.71052631578947,19,6.86363636363636,6.5,NA,6.64285714285714,6.75,11,8,0,7,12,397,309,88,18,127,270,6.78073047858942,6.97297734627832,6.10568181818182,6.73888888888889,6.88110236220472,6.73351851851852,44
"44",2005,2,6.73529411764706,17,7.03846153846154,5.75,NA,6.92857142857143,6.6,13,4,0,7,10,414,322,92,18,134,280,6.77886473429952,6.97562111801242,6.09021739130435,6.73888888888889,6.88358208955224,6.72875,45
"45",2005,3,6.38888888888889,18,6.64285714285714,5.5,8,6.25,6.42857142857143,14,4,1,4,14,432,336,96,19,138,294,6.76261574074074,6.96175595238095,6.065625,6.80526315789474,6.86521739130435,6.71445578231292,46
"46",2005,4,6.72727272727273,11,6.77777777777778,6.5,NA,6.16666666666667,6.9375,9,2,0,3,8,443,345,98,19,141,302,6.7617381489842,6.95695652173913,6.07448979591837,6.80526315789474,6.85035460992908,6.7203642384106,47
"47",2005,5,6.53125,16,6.96153846153846,4.66666666666667,NA,6.33333333333333,6.65,13,3,0,6,10,459,358,101,19,147,312,6.7537037037037,6.95712290502793,6.03267326732673,6.80526315789474,6.82925170068027,6.71810897435897,48
"48",2005,6,6.575,20,6.96875,5,5,7,6.29166666666667,16,4,2,8,12,479,374,105,21,155,324,6.74624217118998,6.95762032085562,5.99333333333333,6.63333333333333,6.83806451612903,6.70231481481482,49
"49",2005,7,6.82608695652174,23,6.83333333333333,6.8,7,6.76666666666667,6.84705882352941,18,5,1,6,17,502,392,110,22,161,341,6.74990039840637,6.95191326530612,6.03,6.65,6.83540372670807,6.70953079178886,50
"50",2005,8,6.28260869565217,23,6.59375,5.57142857142857,5.75,6.11538461538461,6.5,16,7,2,13,10,525,408,117,24,174,351,6.72942857142857,6.93786764705882,6.0025641025641,6.575,6.7816091954023,6.70356125356125,51
"51",2005,9,7,21,7,7,NA,7.09375,6.94230769230769,17,4,0,8,13,546,425,121,24,182,364,6.73983516483517,6.94035294117647,6.03553719008264,6.575,6.79532967032967,6.71208791208791,52
"52",2005,10,6.75,18,6.79411764705882,6,6,6.83333333333333,6.66666666666667,17,1,1,9,9,564,442,122,25,191,373,6.74015957446809,6.93472850678733,6.03524590163934,6.552,6.79712041884817,6.71099195710456,53
"53",2005,11,6.67586206896552,29,6.94166666666667,5.4,NA,6.13333333333333,7.05882352941176,24,5,0,12,17,593,466,127,25,203,390,6.73701517706577,6.93508583690987,6.01023622047244,6.552,6.75788177339901,6.72615384615385,54
"54",2005,12,6.44347826086956,23,7.09375,4.95714285714286,NA,5,6.95294117647059,16,7,0,6,17,616,482,134,25,209,407,6.72605519480519,6.94035269709544,5.95522388059702,6.552,6.70741626794258,6.73562653562654,55
"55",2006,1,6.64285714285714,21,6.61111111111111,6.83333333333333,NA,NA,6.64285714285714,18,3,0,0,21,637,500,137,25,209,428,6.72331240188383,6.9285,5.97445255474453,6.552,6.70741626794258,6.73107476635514,56
"56",2006,2,5.95833333333333,12,6.375,5.125,NA,5.8125,6.25,8,4,0,8,4,649,508,141,25,217,432,6.70916795069337,6.91978346456693,5.95035460992908,6.552,6.67442396313364,6.72662037037037,57
"57",2006,3,6.14285714285714,21,6.47058823529412,4.75,NA,5.65,6.59090909090909,17,4,0,10,11,670,525,145,25,227,443,6.69141791044776,6.9052380952381,5.91724137931034,6.552,6.62929515418502,6.72325056433409,58
"58",2006,4,6.57894736842105,19,7,5.85714285714286,7,6.33333333333333,6.8,12,7,1,9,10,689,537,152,26,236,453,6.68831640058055,6.90735567970205,5.91447368421053,6.56923076923077,6.61800847457627,6.72494481236203,59
"59",2006,5,6.56666666666667,18,6.71764705882353,4,NA,6.16666666666667,6.76666666666667,17,1,0,6,12,707,554,153,26,242,465,6.68521923620933,6.90153429602888,5.90196078431373,6.56923076923077,6.60681818181818,6.72602150537634,60
"60",2006,6,6.134,25,6.82333333333333,5.1,5.5,6.3,6.02333333333333,15,10,2,10,15,732,569,163,28,252,480,6.66639344262295,6.89947275922671,5.85276073619632,6.49285714285714,6.59464285714286,6.7040625,61
"61",2006,7,6.71428571428571,28,7.11764705882353,6.09090909090909,6.5,6,6.95238095238095,17,11,4,7,21,760,586,174,32,259,501,6.66815789473684,6.90580204778157,5.86781609195402,6.49375,6.57857142857143,6.71447105788423,62
"62",2006,8,6.37407407407407,27,6.68,5.5,6,6.38888888888889,6.36666666666667,20,7,2,9,18,787,606,181,34,268,519,6.65806861499365,6.8983498349835,5.85359116022099,6.46470588235294,6.57220149253731,6.702408477842,63
"63",2006,9,6.76,25,7,6.4,6.5,6.84615384615385,6.66666666666667,15,10,2,13,12,812,621,191,36,281,531,6.66120689655172,6.90080515297907,5.88219895287958,6.46666666666667,6.58487544483986,6.70160075329567,64
"64",2006,10,6.80833333333333,24,6.85555555555556,6.66666666666667,6,7.35,6.62777777777778,18,6,1,6,18,836,639,197,37,287,549,6.66543062200957,6.89953051643192,5.90609137055838,6.45405405405405,6.60087108013937,6.69918032786885,65
"65",2006,11,7.008,25,7.25,6.7,6.25,6.74545454545455,7.21428571428571,14,11,2,11,14,861,653,208,39,298,563,6.6753774680604,6.90704441041347,5.94807692307692,6.44358974358974,6.60620805369128,6.71198934280639,66
"66",2006,12,6.34166666666667,36,6.68461538461538,5.45,6,6.4,6.31923076923077,26,10,1,10,26,897,679,218,40,308,589,6.66198439241917,6.89852724594993,5.92522935779817,6.4325,6.59951298701299,6.6946519524618,67
"67",2007,1,6.46290322580645,31,6.77380952380952,5.81,6.35,6.445,6.47142857142857,21,10,2,10,21,928,700,228,42,318,610,6.65533405172414,6.89478571428571,5.92017543859649,6.42857142857143,6.59465408805031,6.68696721311475,68
"68",2007,2,6.41362888888889,27,6.71052631578947,5.7084975,NA,6.8125,6.24568315789474,19,8,0,8,19,955,719,236,42,326,629,6.6485005026178,6.88991655076495,5.91299991525424,6.42857142857143,6.6,6.67363748807631,69
"69",2007,3,6.57035714285714,28,6.960625,6.05,7,6.19166666666667,6.854375,16,12,2,12,16,983,735,248,44,338,645,6.64627464903357,6.89145578231292,5.9196289516129,6.45454545454545,6.58550295857988,6.67812089922481,70
"70",2007,4,6.71153846153846,26,6.725,6.66666666666667,6.5,7.71428571428571,6.34210526315789,20,6,2,7,19,1009,755,254,46,345,664,6.64795637264619,6.88704635761589,5.93727551181102,6.45652173913043,6.60840579710145,6.6685059939759,71
"71",2007,5,6.64705882352941,17,7.25,5.2,6,6.75,6.59090909090909,12,5,1,6,11,1026,767,259,47,351,675,6.64794150097466,6.89272490221643,5.92304239382239,6.4468085106383,6.61082621082621,6.66724145185185,72
"72",2007,6,7.03030303030303,33,7.16666666666667,5.66666666666667,NA,7.125,7,30,3,0,8,25,1059,797,262,47,359,700,6.65985644948064,6.90303638644918,5.92010679389313,6.4468085106383,6.62228412256267,6.67912568571429,73
"73",2007,7,6.89130434782609,23,7.05882352941176,6.41666666666667,10,6.83333333333333,6.91176470588235,17,6,1,6,17,1082,814,268,48,365,717,6.66477632162662,6.90628992628993,5.93122380597015,6.52083333333333,6.62575342465753,6.68464153417015,74
"74",2007,8,6.52962962962963,27,6.375,6.75454545454545,7.2,6.8125,6.41052631578947,16,11,5,8,19,1109,830,279,53,373,736,6.66148600541028,6.89604819277108,5.96368451612903,6.58490566037736,6.62975871313673,6.67756519021739,75
"75",2007,9,6.61538461538461,26,6.625,6.6,6,7,6.47368421052632,16,10,1,7,19,1135,846,289,54,380,755,6.66042993832599,6.8909219858156,5.98570235294118,6.57407407407407,6.63657894736842,6.67243441059603,76
"76",2007,10,7.02483870967742,31,7.23722222222222,6.73076923076923,NA,7.19625,6.96521739130435,18,13,0,8,23,1166,864,302,54,388,778,6.67011833619211,6.89813657407407,6.01777476821192,6.57407407407407,6.64811855670103,6.68108994858612,77
"77",2007,11,6.475,40,6.91153846153846,5.66428571428571,7,6.60526315789474,6.35714285714286,26,14,2,19,21,1206,890,316,56,407,799,6.66364674958541,6.89852808988764,6.00211386075949,6.58928571428571,6.64611793611794,6.67257569461827,78
"78",2007,12,6.19230769230769,52,6.51612903225806,5.71428571428571,4,5.8,6.35135135135135,31,21,1,15,37,1258,921,337,57,422,836,6.64416373608903,6.8856568946797,5.98417798219584,6.54385964912281,6.61604265402844,6.6583588277512,79
"79",2008,1,6.68148148148148,54,6.90882352941177,6.295,5.13333333333333,6.63571428571429,6.6975,34,20,3,14,40,1312,955,357,60,436,876,6.64569967987805,6.88648167539267,6.00159098039216,6.47333333333333,6.61667431192661,6.66014609589041,80
"80",2008,2,6.96176470588235,34,7.18,6.35555555555556,6.5,6.85555555555556,7,25,9,2,9,25,1346,980,366,62,445,901,6.65368349182764,6.8939693877551,6.0102950273224,6.4741935483871,6.62150561797753,6.66957600443951,81
"81",2008,3,6.53333333333333,24,6.625,6.35,7,6.7875,6.40625,16,8,1,8,16,1370,996,374,63,453,917,6.65157516788321,6.88964859437751,6.01756144385027,6.48253968253968,6.62443708609272,6.66498143947655,82
"82",2008,4,6.4578125,32,6.53518518518518,6.04,NA,6.26,6.54772727272727,27,5,0,10,22,1402,1023,379,63,463,939,6.64715262482169,6.88029325513196,6.01785746701847,6.48253968253968,6.61656587473002,6.66223427050053,83
"83",2008,5,6.37791304347826,23,6.78571428571429,5.74355555555556,5.25,6.3692,6.38461538461539,14,9,2,10,13,1425,1037,388,65,473,952,6.64280700350877,6.87901639344262,6.01149479381443,6.44461538461538,6.61133615221987,6.65844325630252,84
"84",2008,6,6.38095238095238,21,6.96428571428571,5.21428571428571,7.25,5.625,6.84615384615385,14,7,2,8,13,1446,1051,395,67,481,965,6.63900413554634,6.88015223596575,5.99736703797468,6.46865671641791,6.59493139293139,6.660972,85
"85",2008,7,5.7027027027027,37,6.61111111111111,4.84210526315789,5.66666666666667,5.32142857142857,5.93478260869565,18,19,9,14,23,1483,1069,414,76,495,988,6.61564395144977,6.8756220767072,5.94434777777778,6.37368421052631,6.55891313131313,6.64406678137652,86
"86",2008,8,6.60185185185185,27,6.740625,6.4,6.33333333333333,6.65,6.59347826086957,16,11,3,4,23,1510,1085,425,79,499,1011,6.61539733774835,6.87363133640553,5.95614112941176,6.37215189873418,6.55964328657315,6.64291590504451,87
"87",2008,9,6.50441176470588,34,6.74545454545455,6.0625,5.83333333333333,6.09615384615385,6.75714285714286,22,12,6,13,21,1544,1107,437,85,512,1032,6.61295335492228,6.87108401084011,5.95906173913043,6.33411764705882,6.547875,6.64524029069767,88
"88",2008,10,6.33913043478261,23,6.83076923076923,5.7,6,6.36,6.33333333333333,13,10,4,5,18,1567,1120,447,89,517,1050,6.60893425654116,6.87061607142857,5.95326617449664,6.3191011235955,6.5460580270793,6.63989331428571,89
"89",2008,11,6.42233333333333,30,6.61125,5.66666666666667,7,5.01666666666667,6.77375,24,6,1,6,24,1597,1144,453,90,523,1074,6.60542891671885,6.86517482517482,5.94947015452538,6.32666666666667,6.52851242829828,6.64288452513966,90
"90",2008,12,6.50961538461539,26,6.453125,6.6,6.83333333333333,6.72222222222222,6.39705882352941,16,10,6,9,17,1623,1160,463,96,532,1091,6.60389401109057,6.85949137931034,5.96352047516199,6.35833333333333,6.53178947368421,6.63905406049496,91
"91",2009,1,6.81888888888889,45,7.09444444444444,5.71666666666667,4.25,6.67105263157895,6.92692307692308,36,9,2,19,26,1668,1196,472,98,551,1117,6.60969423261391,6.8665635451505,5.95881351694915,6.31530612244898,6.53659165154265,6.64575468218442,92
"92",2009,2,6.48076923076923,52,7.06,5.94444444444444,6,7,6.38636363636364,25,27,9,8,44,1720,1221,499,107,559,1161,6.6057965,6.87052416052416,5.95803603206413,6.28878504672897,6.54322361359571,6.63592418604651,93
"93",2009,3,6.585,50,6.69791666666667,6.48076923076923,5.76,6.41,6.66,24,26,10,15,35,1770,1245,525,117,574,1196,6.60520902824859,6.86719678714859,5.98392377142857,6.24358974358974,6.53974216027875,6.6366287458194,94
"94",2009,4,6.5,40,6.64285714285714,6.42307692307692,6,6.11111111111111,6.61290322580645,14,26,3,9,31,1810,1259,551,120,583,1227,6.60288396685083,6.86470214455917,6.00464606170599,6.2375,6.53312521440823,6.63602932355338,95
"95",2009,5,6.49268292682927,41,6.65909090909091,6.3,6.14285714285714,6.1875,6.688,22,19,7,16,25,1851,1281,570,127,599,1252,6.60044299297677,6.86117096018735,6.01449119298245,6.23228346456693,6.52389315525876,6.63706707667732,96
"96",2009,6,6.48478260869565,46,6.61785714285714,6.27777777777778,6.5,6.33333333333333,6.52162162162162,28,18,4,9,37,1897,1309,588,131,608,1289,6.5976383658408,6.85596638655462,6.02255098639456,6.24045801526717,6.52107236842105,6.63375328161366,97
"97",2009,7,6.56388888888889,36,6.89,6.15625,5.83333333333333,6.05555555555556,6.73333333333333,20,16,9,9,27,1933,1329,604,140,617,1316,6.5970098189343,6.85647855530474,6.0260926821192,6.21428571428571,6.51428200972447,6.63579633738602,98
"98",2009,8,6.99166666666667,24,6.875,7.225,6,6.25,7.14,16,8,1,4,20,1957,1345,612,141,621,1336,6.60184975983648,6.85669888475836,6.04176467320261,6.21276595744681,6.51257971014493,6.64334429640719,99
"99",2009,9,6.18125,32,6.64736842105263,5.5,5.5,6.42857142857143,6.112,19,13,3,7,25,1989,1364,625,144,628,1361,6.59508294620412,6.85378299120234,6.030495968,6.19791666666667,6.51164331210191,6.6335841146216,100
"100",2009,10,6.4,40,6.97727272727273,5.69444444444444,6.25,7,6.2258064516129,22,18,4,9,31,2029,1386,643,148,637,1392,6.59123705273534,6.85574314574314,6.02108861586314,6.19932432432432,6.5185431711146,6.6245028591954,101
"101",2009,11,6.01086956521739,46,6.45833333333333,5.52272727272727,4.7,5.1875,6.18421052631579,24,22,10,8,38,2075,1410,665,158,645,1430,6.5783710746988,6.84897872340425,6.00460147368421,6.10443037974683,6.50203410852713,6.61280278321678,102
"102",2009,12,6.38157894736842,38,6.65909090909091,6,5.25,5.87,6.56428571428571,22,16,4,10,28,2113,1432,681,162,655,1458,6.57483198296261,6.84606145251396,6.00449336270191,6.08333333333333,6.49238473282443,6.611871042524,103
"103",2010,1,6.50892857142857,56,6.82413793103448,6.17037037037037,5.75555555555556,5.95454545454545,6.64444444444444,29,27,9,11,45,2169,1461,708,171,666,1503,6.57313046565237,6.84562628336755,6.01081918079096,6.06608187134503,6.4835015015015,6.61284629407851,104
"104",2010,2,6.87631578947368,38,7.10769230769231,6.375,6,6.54444444444444,6.97931034482759,26,12,2,9,29,2207,1487,720,173,675,1532,6.57835069324875,6.85020847343645,6.01688886111111,6.06531791907514,6.48431407407407,6.6197832767624,105
"105",2010,3,6.00192307692308,26,5.97916666666667,6.02142857142857,6,6.0625,5.975,12,14,1,8,18,2233,1499,734,174,683,1550,6.57163904164801,6.84323549032688,6.01697544959128,6.06494252873563,6.47937335285505,6.61229547096774,106
"106",2010,4,6.43461538461538,26,6.57857142857143,6.26666666666667,5.73333333333333,6.51111111111111,6.39411764705882,14,12,3,9,17,2259,1513,746,177,692,1567,6.57006196547145,6.84078651685393,6.02099193029491,6.0593220338983,6.47978612716763,6.60992851308232,107
"107",2010,5,6.405,20,6.58181818181818,6.18888888888889,5.875,6.6,6.32142857142857,11,9,4,6,14,2279,1524,755,181,698,1581,6.56861341816586,6.83891732283464,6.02299335099338,6.05524861878453,6.48081948424069,6.60737380139152,108
"108",2010,6,6,20,6.66363636363636,5.18888888888889,5,5.33333333333333,6.11764705882353,11,9,2,3,17,2299,1535,764,183,701,1598,6.56366680295781,6.83766123778501,6.013167513089,6.04371584699453,6.47590870185449,6.60216394242803,109
"109",2010,7,6.21115384615385,26,7.04285714285714,5.24083333333333,5.33333333333333,6.93333333333333,5.9945,14,12,3,6,20,2325,1549,776,186,707,1618,6.55972472258064,6.8395158166559,6.00122420103093,6.03225806451613,6.47979066478076,6.59465264524104,110
"110",2010,8,6.208,25,6.51818181818182,5.96428571428571,5,6.375,6.17619047619048,11,14,2,4,21,2350,1560,790,188,711,1639,6.55598297021276,6.83725,6.00056959493671,6.02127659574468,6.47920112517581,6.58929101891397,111
"111",2010,9,6.04782608695652,23,6.26666666666667,5.80909090909091,6.5,6.1,6.03333333333333,12,11,3,5,18,2373,1572,801,191,716,1657,6.55105772439949,6.83289440203562,5.99794004993758,6.02879581151832,6.4765530726257,6.58325164755582,112
"112",2010,10,6.51612903225806,31,6.92857142857143,6.17647058823529,6.16666666666667,6.25,6.58,14,17,6,6,25,2404,1586,818,197,722,1682,6.55060731281198,6.83373896595208,6.00165034229829,6.03299492385787,6.4746703601108,6.58320331747919,113
"113",2010,11,6.24473684210526,38,6.825,5.25,6,6.91666666666667,6.11875,24,14,3,6,32,2442,1610,832,200,728,1714,6.54584765765765,6.83360869565217,5.98900237980769,6.0325,6.47831318681319,6.57453207701283,114
"114",2010,12,6.6093023255814,43,6.95925925925926,6.01875,5.5,6.125,6.72,27,16,6,8,35,2485,1637,848,206,736,1749,6.54694566599597,6.83568112400733,5.98956365566038,6.01699029126214,6.47447282608696,6.57744309891366,115
"115",2011,1,6.25294117647059,34,6.66666666666667,5.58461538461538,5.64,5.9375,6.35,21,13,5,8,26,2519,1658,861,211,744,1775,6.54297736403334,6.83354041013269,5.98344945412311,6.00805687203791,6.46869892473118,6.57411153802817,116
"116",2011,2,6.777,29,7.1875,6.27176923076923,6,6.6866,6.79583333333333,16,13,1,5,24,2548,1674,874,212,749,1799,6.54564088697017,6.83692353643966,5.98773796338673,6.00801886792453,6.47015353805073,6.57706947192885,117
"117",2011,3,6.47560975609756,41,6.69565217391304,6.19444444444444,5.5,5.78571428571429,6.61764705882353,23,18,4,7,34,2589,1697,892,216,756,1833,6.54453185786017,6.83500883912787,5.99190917040359,5.99861111111111,6.46381613756614,6.57782213857065,118
"118",2011,4,6.57996,25,6.9,6.0999,5.83333333333333,6.25,6.64280952380952,15,10,3,4,21,2614,1712,902,219,760,1854,6.54487068859984,6.83557827102803,5.99310640798226,5.99634703196347,6.46269078947368,6.5785582416397,119
"119",2011,5,6.14545454545455,22,6.58571428571429,5.375,5.33333333333333,5.625,6.26111111111111,14,8,3,4,18,2636,1726,910,222,764,1872,6.54153716995447,6.83355156431054,5.9876725054945,5.98738738738739,6.45830497382199,6.57550586538462,120
"120",2011,6,6.38421052631579,19,6.48,6.27777777777778,5.83333333333333,6,6.45625,10,9,3,3,16,2655,1736,919,225,767,1888,6.54041129190207,6.83151497695852,5.99051357997824,5.98533333333333,6.45651238591917,6.57449522245763,121
"121",2011,7,6.359,20,6.868,5.85,5,6.16666666666667,6.44142857142857,10,10,4,6,14,2675,1746,929,229,773,1902,6.53905494579439,6.83172394043528,5.98900105489774,5.96812227074236,6.45426261319534,6.57351576235542,122
"122",2011,8,6.44,30,6.8,5.96923076923077,5.7,6.75714285714286,6.34347826086957,17,13,5,7,23,2705,1763,942,234,780,1925,6.53795636968576,6.83141803743619,5.98872821656051,5.96239316239316,6.45698076923077,6.57076726233766,123
"123",2011,9,6.32692307692308,26,6.53571428571429,6.08333333333333,7,6.41666666666667,6.3,14,12,2,6,20,2731,1777,954,236,786,1945,6.53594726473819,6.82908835115363,5.98991821802935,5.97118644067797,6.45667302798982,6.56798302313625,124
"124",2011,10,6.58275862068966,29,6.66923076923077,6.5125,7,5,6.7,13,16,3,2,27,2760,1790,970,239,788,1972,6.5364391231884,6.82792737430167,5.99853812371134,5.98410041841004,6.45297588832487,6.56979055780933,125
"125",2011,11,5.94814814814815,27,6.56666666666667,5.175,4.5,6,5.944,15,12,2,2,25,2787,1805,982,241,790,1997,6.53073985647649,6.82575623268698,5.98847452138493,5.97178423236514,6.45182911392405,6.56195642463696,126
"126",2011,12,6.08333333333333,30,6.66666666666667,5.69444444444444,6.41666666666667,6.4,6.02,12,18,6,5,25,2817,1817,1000,247,795,2022,6.52597514376997,6.8247055586131,5.98318198,5.98259109311741,6.45150314465409,6.55525567754698,127
"127",2012,1,5.9537037037037,27,6.43333333333333,5.35416666666667,5.66666666666667,6.6,5.80681818181818,15,12,3,5,22,2844,1832,1012,250,800,2044,6.52054218706048,6.82150109170305,5.97572330039526,5.9788,6.45243125,6.54720008806262,128
"128",2012,2,6.36538461538461,26,6.75,6.03571428571429,6.5,6.25,6.38636363636364,12,14,2,4,22,2870,1844,1026,252,804,2066,6.51913657839721,6.82103579175705,5.97654189083821,5.98293650793651,6.45142412935323,6.54548740561471,129
"129",2012,3,6.71428571428571,21,7.22727272727273,6.15,6,7.5,6.63157894736842,11,10,1,2,19,2891,1855,1036,253,806,2085,6.52055412659979,6.82344474393531,5.9782161969112,5.98300395256917,6.45402605459057,6.54627193285372,130
"130",2012,4,6.139,20,6.40571428571429,5.51666666666667,6.55,6.66666666666667,6.04588235294118,14,6,2,3,17,2911,1869,1042,255,809,2102,6.51793266231535,6.82031567683253,5.97555852207294,5.98745098039216,6.45481458590853,6.54222501427212,131
"131",2012,5,6.37058823529412,17,6.89090909090909,5.41666666666667,6,5,6.66428571428571,11,6,2,3,14,2928,1880,1048,257,812,2116,6.51707717896175,6.82072872340425,5.97235875954199,5.98754863813229,6.44943965517241,6.54303259924386,132
"132",2012,6,6.48461538461538,26,7.3,5.975,6,7.925,6.22272727272727,10,16,3,4,22,2954,1890,1064,260,816,2138,6.51679146242383,6.82326455026455,5.97239847744361,5.98769230769231,6.45667279411765,6.53973666043031,133
"133",2012,7,6.53666666666667,21,6.45833333333333,6.64111111111111,6.25,6.2,6.641875,12,9,3,5,16,2975,1902,1073,263,821,2154,6.51693175798319,6.82096214511041,5.97800743709227,5.99068441064639,6.45510962241169,6.54049534818941,134
"134",2012,8,6.52777777777778,27,6.875,6.25,5.875,5.75,6.59,12,15,4,2,25,3002,1914,1088,267,823,2179,6.51702930712858,6.82130094043887,5.98175733455883,5.98895131086142,6.45339611178615,6.54106332262506,135
"135",2012,9,6.35,20,6.63636363636364,6,6.25,6.5,6.3,11,9,4,5,15,3022,1925,1097,271,828,2194,6.51592388484447,6.82024415584415,5.98190700091158,5.99280442804428,6.45367753623188,6.5394152142206,136
"136",2012,10,6.50576923076923,26,6.94722222222222,5.5125,5.4,6.62777777777778,6.44117647058824,18,8,5,9,17,3048,1943,1105,276,837,2211,6.51583726377952,6.82142048378795,5.97850857918552,5.9820652173913,6.4555495818399,6.53865987336047,137
"137",2012,11,6.32424242424242,33,6.84285714285714,5.94210526315789,5.1,6.08,6.36785714285714,14,19,5,5,28,3081,1957,1124,281,842,2239,6.51378512820513,6.82157383750638,5.97789322064057,5.96637010676156,6.45331947743468,6.53652388566324,138
"138",2012,12,6.51315789473684,19,7.83333333333333,5.90384615384615,5.29166666666667,10,6.31944444444444,6,13,6,1,18,3100,1963,1137,287,843,2257,6.51378128387096,6.82466632705043,5.97704659630607,5.95226480836237,6.45752669039146,6.5347926362428,139
"139",2013,1,6.44166666666667,36,6.60526315789474,6.25882352941176,6.66666666666667,6.33333333333333,6.47777777777778,19,17,3,9,27,3136,1982,1154,290,852,2284,6.5129534375,6.82256306760847,5.98119755632582,5.95965517241379,6.45621478873239,6.53411864273205,140
"140",2013,2,6.24285714285714,28,6.56190476190476,5.28571428571429,5,5,6.33846153846154,21,7,1,2,26,3164,2003,1161,291,854,2310,6.51056320480404,6.81983025461807,5.97700428940569,5.95635738831615,6.45280444964871,6.53191644155844,141
"141",2013,3,6.03809523809524,21,6.20909090909091,5.85,6,7,5.7375,11,10,2,5,16,3185,2014,1171,293,859,2326,6.50744803139717,6.81649453823237,5.97591970964987,5.95665529010239,6.45598952270081,6.52645184006878,142
"142",2013,4,6.63,20,6.96,6.3,6.33333333333333,6.125,6.75625,10,10,3,4,16,3205,2024,1181,296,863,2342,6.50821278627145,6.81720355731225,5.97866382726503,5.96047297297297,6.45445538818076,6.52802176771989,143
"143",2013,5,6.28125,16,6.5,5.91666666666667,6.5,6.35714285714286,6.22222222222222,10,6,2,7,9,3221,2034,1187,298,870,2351,6.50708537100279,6.81564405113077,5.97835044650379,5.96409395973154,6.4536724137931,6.5268511186729,144
"144",2013,6,6.25,20,6.42307692307692,5.92857142857143,NA,6.64285714285714,6.03846153846154,13,7,0,7,13,3241,2047,1194,298,877,2364,6.50549891391545,6.81315095261358,5.97805860971524,5.96409395973154,6.45518244013683,6.52416538917089,145
"145",2013,7,5.9,17,6.57272727272727,4.66666666666667,3.5,4.66666666666667,6.16428571428571,11,6,2,3,14,3258,2058,1200,300,880,2378,6.50233946593001,6.81186588921282,5.97150165,5.94766666666666,6.44908522727273,6.52204666947014,146
"146",2013,8,6.68333333333333,15,6.63636363636364,6.8125,7.25,6.85,6.6,11,4,1,5,10,3273,2069,1204,301,885,2388,6.50316895203177,6.81093281778637,5.97429566445183,5.95199335548172,6.45135028248588,6.52237310720268,147
"147",2013,9,5.8695652173913,23,6.1,5.69230769230769,5.4,5.625,5.92105263157895,10,13,5,4,19,3296,2079,1217,306,889,2407,6.49874756674757,6.80751322751322,5.97128346754314,5.94297385620915,6.44763217097863,6.517626497715,148
"148",2013,10,6.26923076923077,13,7.07142857142857,5.33333333333333,5,5.75,6.71428571428571,7,6,2,6,7,3309,2086,1223,308,895,2414,6.49784586884255,6.80839884947267,5.96815370400654,5.93685064935065,6.44295530726257,6.51819676056338,149
"149",2013,11,6.49358974358974,39,6.82291666666667,5.96666666666667,5,6.78571428571429,6.4296875,24,15,2,7,32,3348,2110,1238,310,902,2446,6.49779629032258,6.80856398104265,5.96813568659128,5.9308064516129,6.44561529933481,6.51703883074407,150
"150",2013,12,6.5,24,6.83333333333333,5.94444444444444,5.33333333333333,6.4,6.52631578947368,15,9,3,5,19,3372,2125,1247,313,907,2465,6.49781197508896,6.80873882352941,5.96796469927827,5.92507987220447,6.4453638368247,6.51711033671399,151
"151",2014,1,6.55571428571429,35,6.68035714285714,6.05714285714286,7,6.475,6.57962962962963,28,7,2,8,27,3407,2153,1254,315,915,2492,6.49840680363956,6.8070692057594,5.96846250398724,5.93190476190476,6.44562295081967,6.51778771268058,152
"152",2014,2,6.31785714285714,28,6.4875,6.09166666666667,4.5,6.05,6.33846153846154,16,12,1,2,26,3435,2169,1266,316,917,2518,6.49693507423581,6.80471184877823,5.96963031595577,5.92737341772152,6.444760087241,6.51593605242256,153
"153",2014,3,6.68181818181818,22,6.6,6.8,7,7.1,6.61578947368421,13,9,1,3,19,3457,2182,1275,317,920,2537,6.49811165172114,6.80349220898258,5.97549174901961,5.9307570977918,6.44689673913043,6.51668387071344,154
"154",2014,4,6.27894736842105,19,6.56666666666667,5.78571428571429,6.125,6.14285714285714,6.35833333333333,12,7,4,7,12,3476,2194,1282,321,927,2549,6.49691368814729,6.8021969006381,5.9744555226209,5.93317757009346,6.44460086299892,6.5159383993723,155
"155",2014,5,6.67692307692308,26,7.08888888888889,5.75,6.5,7.275,6.56818181818182,18,8,3,4,22,3502,2212,1290,324,931,2571,6.49825013706453,6.80452983725135,5.9730635503876,5.93842592592592,6.4481686358754,6.516385445352,156
"156",2014,6,6.31739130434783,23,6.57272727272727,6.08333333333333,6,5.825,6.42105263157895,11,12,3,4,19,3525,2223,1302,327,935,2590,6.49707006524822,6.80338281601439,5.97407986175115,5.93899082568807,6.44550267379679,6.51568609266409,157
"157",2014,7,6.675,28,6.7875,6.525,6.5,7,6.66296296296296,16,12,3,1,27,3553,2239,1314,330,936,2617,6.49847227132001,6.80326931665922,5.97911109589041,5.94409090909091,6.44609508547009,6.5172055712648,158
"158",2014,8,6.14666666666667,27,6.6875,5.36,6.5,5.58333333333333,6.30761904761905,16,11,2,6,21,3580,2255,1325,332,942,2638,6.49581898882681,6.80244789356984,5.97397130566038,5.94743975903614,6.44059978768578,6.51553714177407,159
"159",2014,9,6.18461538461538,26,7.08666666666667,4.95454545454545,5.16666666666667,6,6.2,15,11,3,2,24,3606,2270,1336,335,944,2662,6.49357514697726,6.80432599118942,5.96557782934132,5.94044776119403,6.43966631355932,6.51269232907588,160
"160",2014,10,6.2,22,5.9,6.40769230769231,6.08,5.85714285714286,6.36,9,13,5,7,15,3628,2279,1349,340,951,2677,6.49179492282249,6.80075471698113,5.96983838398814,5.9425,6.4353785488959,6.51183675009339,161
"161",2014,11,6.47558823529412,34,6.71428571428571,6.3085,6.1,7.06714285714286,6.32222222222222,14,20,5,7,27,3662,2293,1369,345,958,2704,6.4916444511196,6.80022677714784,5.97478596055515,5.94478260869565,6.43999478079332,6.50994340976331,162
"162",2014,12,6.58125,24,6.85833333333333,5.75,5.33333333333333,6.925,6.5125,18,6,3,4,20,3686,2311,1375,348,962,2724,6.49222788388497,6.80067935958459,5.97380507636364,5.93951149425287,6.44201143451144,6.50996218061674,163
"163",2015,1,6.06111111111111,36,6.475,5.54375,4.77777777777778,5.84,6.09677419354839,20,16,9,5,31,3722,2331,1391,357,967,2755,6.48805802794196,6.79788502788502,5.96885836089145,5.91022408963585,6.43889865563599,6.5053128784029,164
"164",2015,2,6.425,36,6.69,6.09375,6.75,7,6.353125,20,16,2,4,32,3758,2351,1407,359,971,2787,6.48745395955295,6.79696724797958,5.97027859275053,5.91490250696379,6.44121009268795,6.5035654754216,165
"165",2015,3,6.45217391304348,23,6.58235294117647,6.08333333333333,6.25,6.675,6.40526315789474,17,6,2,4,19,3781,2368,1413,361,975,2806,6.48723934937847,6.79542652027027,5.97075865534324,5.91675900277008,6.44216923076923,6.50289985032074,166
"166",2015,4,6.4037037037037,27,6.75714285714286,5.16666666666667,5,6,6.47391304347826,21,6,1,4,23,3808,2389,1419,362,979,2829,6.48664705357143,6.79508999581414,5.96735868921776,5.91422651933701,6.44036261491318,6.50266418522446,167
"167",2015,5,6.11111111111111,18,6.20833333333333,5.91666666666667,5.75,5.375,6.32142857142857,12,6,2,4,14,3826,2401,1425,364,983,2843,6.48488028750653,6.79215743440233,5.96714524912281,5.91332417582417,6.43602746693795,6.50177171297925,168
"168",2015,6,6.725,28,7.17692307692308,6.33333333333333,6.5,6.125,6.825,13,15,8,4,24,3854,2414,1440,372,987,2867,6.48662480020757,6.79422949461474,5.97095970833333,5.92594086021505,6.43476697061804,6.50447749564004,169
"169",2015,7,6.28571428571429,21,6.46428571428571,5.92857142857143,6,7.5,6.15789473684211,14,7,2,2,19,3875,2428,1447,374,989,2886,6.48553599483871,6.79232701812191,5.97075465100207,5.92633689839572,6.43692113245703,6.50219576576576,170
"170",2015,8,6.48724137931034,29,6.74285714285714,6.24866666666667,6.625,7.0625,6.3952,14,15,2,4,25,3904,2442,1462,376,993,2911,6.48554866290983,6.7920434070434,5.97360600547196,5.93005319148936,6.43944108761329,6.50127687392648,171
"171",2015,9,6.32894736842105,19,6.80555555555556,5.9,6.66666666666667,6.75,6.21666666666667,9,10,3,4,15,3923,2451,1472,379,997,2926,6.48479020647463,6.79209302325581,5.97310596467391,5.93588390501319,6.44068706118355,6.49981783321941,172
"172",2015,10,6.5375,36,6.81944444444444,6.25555555555556,5.2,5.92,6.63709677419355,18,18,3,5,31,3959,2469,1490,382,1002,2957,6.48526950745137,6.79229242608343,5.97651810738255,5.93010471204188,6.43808882235529,6.5012570104836,173
"173",2015,11,5.91351351351351,37,6.72105263157895,5.06111111111111,5.43333333333333,6,5.90588235294118,19,18,6,3,34,3996,2488,1508,388,1005,2991,6.47997547047047,6.79174839228295,5.96559149867374,5.92242268041237,6.43678109452736,6.49448912738215,174
"174",2015,12,6.628,25,7.14666666666667,5.85,5.83333333333333,7.83333333333333,6.46363636363636,15,10,3,3,22,4021,2503,1518,391,1008,3013,6.48089579209152,6.7938753495805,5.96483002635046,5.92173913043478,6.4409375,6.4942638499834,175
"175",2016,1,6.40882352941177,34,6.55652173913044,6.1,5.66666666666667,6.2,6.4448275862069,23,11,3,5,29,4055,2526,1529,394,1013,3042,6.48029148705302,6.79171417260491,5.96580247220406,5.91979695431472,6.43974827245805,6.49379256410256,176
"176",2016,2,6.52,25,6.63636363636364,6.42857142857143,6.33333333333333,5,6.58333333333333,11,14,3,1,24,4080,2537,1543,397,1014,3066,6.48053479901961,6.79104059913283,5.97000128321452,5.92292191435768,6.43832840236686,6.49449347031963,177
"177",2016,3,6.71724137931034,29,7.15625,6.17692307692308,6,5.71428571428571,7.03636363636364,16,13,1,7,22,4109,2553,1556,398,1021,3088,6.48220539790703,6.79332941637289,5.97173006426735,5.92311557788944,6.43336434867777,6.49835394430052,178
"178",2016,4,6.47777777777778,36,6.615,6.30625,6.9,6.25,6.49117647058824,20,16,5,2,34,4145,2573,1572,403,1023,3122,6.48216694330519,6.79194325689856,5.97513484732824,5.93523573200992,6.43300586510264,6.49827577834721,179
"179",2016,5,6.3975,20,6.95769230769231,5.35714285714286,2,5.5,6.55588235294118,13,7,1,3,17,4165,2586,1579,404,1026,3139,6.48176037935174,6.79277648878577,5.97239517416086,5.92549504950495,6.43027777777778,6.49858776043326,180
"180",2016,6,6.3644,25,6.788125,5.61111111111111,6,6,6.39608695652174,16,9,1,2,23,4190,2602,1588,405,1028,3162,6.48106013842482,6.79274788624135,5.97034759445844,5.92567901234568,6.4294406614786,6.49784218216319,181
"181",2016,7,6.325,20,6.65,6,5.33333333333333,7.5,6.26315789473684,10,10,3,1,19,4210,2612,1598,408,1029,3181,6.48031876009501,6.79220137825421,5.97053315394243,5.92132352941176,6.43048104956268,6.49644042125118,182
"182",2016,8,6.17111111111111,36,6.76636363636364,5.23571428571429,6,6.5,6.13,22,14,1,4,32,4246,2634,1612,409,1033,3213,6.47769712199717,6.79198557327259,5.96415135235732,5.92151589242054,6.43075024201355,6.49279084344849,183
"183",2016,9,6.50344827586207,29,6.85,6.07692307692308,6.125,6.28571428571429,6.57272727272727,16,13,4,7,22,4275,2650,1625,413,1040,3235,6.47787180818713,6.7923358490566,5.96505352615385,5.92348668280871,6.42977403846154,6.49333446058733,184
"184",2016,10,6.23571428571429,28,6.71176470588235,5.5,5.26666666666667,6.2,6.24,17,11,6,3,25,4303,2667,1636,419,1043,3260,6.47629606785963,6.79182227221597,5.96192663814181,5.91408114558472,6.42911313518696,6.49139171165644,185
"185",2016,11,6.42738095238095,42,6.59423076923077,6.15625,7.83333333333333,7.33333333333333,6.35769230769231,26,16,3,3,39,4345,2693,1652,422,1046,3299,6.47582324050633,6.78991459339027,5.96380870460048,5.92772511848341,6.43170650095602,6.48981114883298,186
"186",2016,12,6.72222222222222,27,6.84375,6.54545454545455,6,7.66666666666667,6.60416666666667,16,11,1,3,24,4372,2709,1663,423,1049,3323,6.47734491765782,6.79023255813953,5.96765603126879,5.92789598108747,6.43523832221163,6.49063706891363,187
"187",2017,1,6.59583333333333,24,6.85,5.83333333333333,5,6.93333333333333,6.54761904761905,18,6,1,3,21,4396,2727,1669,424,1052,3344,6.47799180618744,6.79062706270627,5.96717314559617,5.92570754716981,6.43665874524715,6.49099491028708,188
"188",2017,2,6.16080952380952,21,6.81264285714286,4.85714285714286,6,6.4814,6.060625,14,7,2,5,16,4417,2741,1676,426,1057,3360,6.47648380801449,6.79073951112732,5.96253698090692,5.92605633802817,6.43687038789026,6.4889455297619,189
"189",2017,3,6.14761904761905,21,6.13076923076923,6.175,5.83333333333333,NA,6.14761904761905,13,8,3,0,21,4438,2754,1684,429,1057,3381,6.47492766561514,6.78762418300653,5.9635463064133,5.92540792540792,6.43687038789026,6.48682548950015,190
"190",2017,4,6.47777777777778,27,6.61764705882353,6.24,6,6.5,6.476,17,10,2,2,25,4465,2771,1694,431,1059,3406,6.47494490033594,6.78658137856369,5.96517826446281,5.92575406032482,6.43698961284231,6.48674603053435,191
"191",2017,5,6.66666666666667,24,6.86842105263158,5.9,5.375,6,6.84210526315789,19,5,4,5,19,4489,2790,1699,435,1064,3425,6.47596992203163,6.78713870967742,5.96498645085344,5.92068965517241,6.43493609022557,6.48871736642336,192
"192",2017,6,6.58333333333333,18,6.88461538461539,5.8,5,7.5,6.52941176470588,13,5,1,1,17,4507,2803,1704,436,1065,3442,6.47639870867539,6.78759079557617,5.96450233568075,5.91857798165137,6.43593615023474,6.4889183556072,193
"193",2017,7,6.52,25,6.5,6.55,6.5,6.375,6.54761904761905,15,10,2,4,21,4532,2818,1714,438,1069,3463,6.47663922771403,6.78605997161107,5.96791830805134,5.92123287671233,6.43570813844715,6.48927432284147,194
"194",2017,8,6.3,20,6.64285714285714,5.5,5,6.5,6.25,14,6,1,4,16,4552,2832,1720,439,1073,3479,6.47586313268893,6.7853520480226,5.96628603488372,5.91913439635535,6.43594780987885,6.48817389479736,195
"195",2017,9,6.62083333333333,24,6.91538461538462,6.27272727272727,7,7,6.56666666666667,13,11,4,3,21,4576,2845,1731,443,1076,3500,6.47662346590909,6.78594622144112,5.96823337954939,5.92889390519187,6.43752044609666,6.48864485142857,196
"196",2017,10,6.59523809523809,21,7.25,5.72222222222222,5.16666666666667,6.66666666666667,6.58333333333333,12,9,3,3,18,4597,2857,1740,446,1079,3518,6.47716532086143,6.78789534476724,5.96696090804598,5.9237668161435,6.43815755329009,6.4891293291643,197
"197",2017,11,6.54785714285714,28,6.572,6.4875,7,6.708,6.51304347826087,20,8,2,5,23,4625,2877,1748,448,1084,3541,6.47759329297297,6.78639450816823,5.96934323798627,5.92857142857143,6.43940221402214,6.48928465970065,198
"198",2017,12,5.675,20,5.85,5.55833333333333,6.75,4.925,5.8625,8,12,2,4,16,4645,2885,1760,450,1088,3557,6.47413756297093,6.78379792027729,5.96654089772727,5.93222222222222,6.43383455882353,6.48646527410739,199
"199",2018,1,6.22322580645161,31,6.703125,5.71133333333333,6.06666666666667,6.625,6.19551724137931,16,15,6,2,29,4676,2901,1775,456,1090,3586,6.47247411890504,6.78335298173043,5.96438421408451,5.93399122807017,6.43418532110092,6.4841123759063,200
"200",2018,2,6.10869565217391,23,6.56666666666667,5.25,5.16666666666667,6.75,5.76666666666667,15,8,6,8,15,4699,2916,1783,462,1098,3601,6.47069354756331,6.78223834019204,5.96117890072911,5.92402597402597,6.43648633879782,6.48112384893085,201
"201",2018,3,6.77931034482759,29,7.065,6.14444444444444,6,8.375,6.524,20,9,4,4,25,4728,2936,1792,466,1102,3626,6.47258650169204,6.78416450953678,5.96209931919643,5.92467811158798,6.44352268602541,6.48141946497518,202
"202",2018,4,6.2,18,6.21428571428571,6.19090909090909,6,4,6.32941176470588,7,11,1,1,17,4746,2943,1803,467,1103,3643,6.47155267172355,6.78280903839619,5.96349527454243,5.92483940042826,6.44130734360834,6.48071012352457,203
"203",2018,5,6.61904761904762,21,6.72222222222222,6.54166666666667,6.9,6.61666666666667,6.62,9,12,3,6,15,4767,2952,1815,470,1109,3658,6.47220242920075,6.78262432249322,5.9673178953168,5.93106382978723,6.44225608656447,6.48128129579005,204
"204",2018,6,6.29473684210526,19,6.55,5.85714285714286,NA,6.075,6.35333333333333,12,7,0,4,15,4786,2964,1822,470,1113,3673,6.47149790639364,6.78168252361673,5.96689461031833,5.93106382978723,6.44093620844564,6.48075877484345,205
"205",2018,7,6.22857142857143,21,6.52,5.5,6.4,6,6.24,15,6,2,1,20,4807,2979,1828,472,1114,3693,6.4704366507177,6.78036488754615,5.96536213347921,5.93305084745763,6.44054039497307,6.47945490928784,206
"206",2018,8,6.72727272727273,22,7.13333333333333,5.85714285714286,7,6.6,6.76470588235294,15,7,1,5,17,4829,2994,1835,473,1119,3710,6.47160674673845,6.78213326653306,5.96494930790191,5.9353065539112,6.44125290437891,6.48076198921833,207
"207",2018,9,5.8995,20,6.219,5.58,5.5,5.5,5.92052631578947,10,10,1,1,19,4849,3004,1845,474,1120,3729,6.46924705712518,6.78025865512649,5.96286286178862,5.93438818565401,6.4404125,6.47790747653526,208
"208",2018,10,6.24666666666667,30,6.44210526315789,5.90909090909091,4.5,5.25,6.4,19,11,2,4,26,4879,3023,1856,476,1124,3755,6.46787845460135,6.77813331128018,5.96254417025862,5.92836134453781,6.43617615658363,6.47736803728362,209
"209",2018,11,7.19806451612903,31,7.41090909090909,6.67777777777778,6.6,7.76666666666667,7.0616,22,9,3,6,25,4910,3045,1865,479,1130,3780,6.47248859063136,6.78270509031198,5.9659956997319,5.93256784968685,6.4432407079646,6.481232005291,210
"210",2018,12,6.13913043478261,23,6.70714285714286,5.25555555555556,5.125,6.475,6.06842105263158,14,9,4,4,19,4933,3059,1874,483,1134,3799,6.47093431583215,6.78235926773455,5.96258376734258,5.92587991718426,6.44335273368607,6.47916740721242,211
"211",2019,1,6.62648648648649,37,7.05363636363636,6,5.83333333333333,6.25,6.69935483870968,22,15,3,6,31,4970,3081,1889,486,1140,3830,6.4720923501006,6.78429633235962,5.96288087877184,5.92530864197531,6.4423350877193,6.48094960313316,212
"212",2019,2,6.49230769230769,26,6.48947368421053,6.5,6.33333333333333,6.38333333333333,6.525,19,7,3,6,20,4996,3100,1896,489,1146,3850,6.47219755404323,6.78248935483871,5.96486391350211,5.92781186094069,6.44202617801047,6.48117843636364,213
"213",2019,3,6.51818181818182,22,6.99230769230769,5.83333333333333,5.7,6.33333333333333,6.54736842105263,13,9,2,3,19,5018,3113,1905,491,1149,3869,6.4723991590275,6.78336556376485,5.96424250918635,5.92688391038696,6.44174238468233,6.48150348410442,214
"214",2019,4,6.45833333333333,18,7.21428571428571,5.97727272727273,6.5,5.75,6.546875,7,11,2,2,16,5036,3120,1916,493,1151,3885,6.47234888403495,6.78433237179487,5.96431731732777,5.92920892494929,6.44054039965248,6.48177271042471,215
"215",2019,5,6.4128,25,6.9575,5.44444444444444,5.33333333333333,7.16666666666667,6.31,16,9,3,3,22,5061,3136,1925,496,1154,3907,6.47205472831456,6.78521588010204,5.96188674285714,5.92560483870968,6.4424280762565,6.48080547222933,216
"216",2019,6,6.8030625,16,7.2849,6,6,8.66633333333333,6.37307692307692,10,6,1,3,13,5077,3146,1931,497,1157,3920,6.47309788851684,6.78680419580419,5.96200516830658,5.92575452716298,6.4481944684529,6.48044820918367,217
"217",2019,7,6.74705882352941,17,6.83636363636364,6.58333333333333,6,NA,6.74705882352941,11,6,3,0,17,5094,3157,1937,500,1157,3937,6.47401216725559,6.78697687678175,5.96392977800723,5.9262,6.4481944684529,6.48159943611887,218
"218",2019,8,6.15909090909091,22,6.42307692307692,5.77777777777778,5.33333333333333,6.21428571428571,6.13333333333333,13,9,3,7,15,5116,3170,1946,503,1164,3952,6.4726579319781,6.78548454258675,5.96306884892086,5.92266401590457,6.44678780068729,6.48027757591093,219
"219",2019,9,7.03534380952381,21,7.45263875,5.7,NA,7.875,6.83777764705882,16,5,0,4,17,5137,3186,1951,503,1168,3969,6.4749581857115,6.78883497175141,5.96239465914915,5.92266401590457,6.45167893835617,6.48180881834215,220
"220",2019,10,6.3551724137931,29,6.715,5.55555555555556,6,6.75,6.292,20,9,2,4,25,5166,3206,1960,505,1172,3994,6.47428575300038,6.78837436681222,5.96052652040816,5.9229702970297,6.45269709897611,6.48062073109664,221
"221",2019,11,6.10384615384615,26,6.55,5.58333333333333,5.2,5.33333333333333,6.20434782608696,14,12,5,3,23,5192,3220,1972,510,1175,4017,6.47243070107858,6.78733795652174,5.95823122718053,5.91588235294118,6.44983914893617,6.47903888473985,222
"222",2019,12,6.7492752173913,23,7.37380928571429,5.77777777777778,4.25,NA,6.7492752173913,14,9,2,0,23,5215,3234,1981,512,1175,4040,6.47365168360498,6.78987679344465,5.95741139828369,5.909375,6.44983914893617,6.48057735891089,223
"223",2020,1,6.15806451612903,31,6.60666666666667,5.7375,6.13333333333333,4.5,6.27241379310345,15,16,6,2,29,5246,3249,1997,518,1177,4069,6.47178679565383,6.78903094798399,5.95564946419629,5.91196911196911,6.446525913339,6.47909376505284,224
"224",2020,2,6.504,25,6.97647058823529,5.5,5,6.975,6.41428571428571,17,8,1,4,21,5271,3266,2005,519,1181,4090,6.47193958072472,6.79000659828536,5.95383141147132,5.9102119460501,6.44831583403895,6.47876100977995,225
"225",2020,3,6.01666666666667,24,6.13571428571429,5.85,5.875,6.6,5.86315789473684,14,10,4,5,19,5295,3280,2015,523,1186,4109,6.46987602077431,6.78721388719512,5.9533161191067,5.90994263862333,6.44895531197302,6.47591446337308,226
"226",2020,4,6.64444444444444,27,6.745,6.35714285714286,6.5,6,6.696,20,7,3,2,25,5322,3300,2022,526,1188,4134,6.47076165539271,6.78695804545454,5.95471413452028,5.91330798479087,6.4481994949495,6.477245411224,227
"227",2020,5,6.21875,16,6.45,5.83333333333333,5.33333333333333,NA,6.21875,10,6,3,0,16,5338,3310,2028,529,1188,4150,6.47000628137879,6.78594004531722,5.95435501972386,5.91001890359168,6.4481994949495,6.47624880240964,228
"228",2020,6,6.30263157894737,19,6.33333333333333,6.275,5,7,6.11666666666667,9,10,1,4,15,5357,3319,2038,530,1192,4165,6.46941264327049,6.78471272973787,5.95592835132483,5.90830188679245,6.45005117449664,6.47495378871549,229
"229",2020,7,6.79411764705882,17,6.86363636363636,6.66666666666667,6,6,6.84375,11,6,2,1,16,5374,3330,2044,532,1193,4181,6.47043980833643,6.78497343843843,5.95801466731898,5.90864661654135,6.44967393126572,6.47636511121741,230
"230",2020,8,6.31818181818182,22,6.76470588235294,4.8,4.33333333333333,7.25,6.11111111111111,17,5,3,4,18,5396,3347,2049,535,1197,4199,6.46981903817642,6.78487049596653,5.95518886285993,5.89981308411215,6.45234837092732,6.47479936413432,231
"231",2020,9,6.54375,16,6.7,6.2,NA,6.5,6.55,11,5,0,2,14,5412,3358,2054,535,1199,4213,6.47003760716925,6.78459248064324,5.95578480038948,5.89981308411215,6.45242785654712,6.47504925943508,232
"232",2020,10,6.34642857142857,28,6.5,6.19285714285714,5.5,6.625,6.3,14,14,2,4,24,5440,3372,2068,537,1203,4237,6.46940138419117,6.78341089857651,5.95738973887814,5.89832402234637,6.45300166251039,6.47405771300448,233
"233",2020,11,6.484,25,7,5.15714285714286,NA,7,6.4625,18,7,0,1,24,5465,3390,2075,537,1204,4261,6.46946816651418,6.78456092920354,5.95469011084337,5.89832402234637,6.45345598006645,6.47399261440976,234
"234",2020,12,6.3695652173913,23,6.57692307692308,6.1,5,5,6.5,13,10,2,2,21,5488,3403,2085,539,1206,4282,6.46904947704081,6.78376771965912,5.95538704076739,5.89499072356215,6.4510456053068,6.47412016113965,235
"235",2021,1,5.7962962962963,27,6.23333333333333,5.25,5,4.2,6.15909090909091,15,12,5,5,22,5515,3418,2097,544,1211,4304,6.46575585312783,6.78135212112346,5.95135049117787,5.88676470588235,6.44175144508671,6.47250988150558,236
"236",2021,2,6.4,17,6.83,5.78571428571429,4,NA,6.4,10,7,1,0,17,5532,3428,2104,545,1211,4321,6.46555378344179,6.7814940344224,5.95079942015209,5.88330275229358,6.44175144508671,6.47222460772969,237
"237",2021,3,6.25,28,6.53333333333333,5.92307692307692,5.33333333333333,6.8,6.1304347826087,15,13,3,5,23,5560,3443,2117,548,1216,4344,6.46446826079136,6.78041288120825,5.95062918280586,5.88029197080292,6.44322450657895,6.47041494705341,238
"238",2021,4,6.21875,24,6.36764705882353,5.85714285714286,5,5,6.27173913043478,17,7,1,1,23,5584,3460,2124,549,1217,4367,6.46341216511461,6.77838484104046,5.95032108286252,5.87868852459016,6.44203861955629,6.46936856652164,239
"239",2021,5,6.45454545454545,11,6.5,6,NA,6.5,6.44444444444444,10,1,0,2,9,5595,3470,2125,549,1219,4376,6.46339473279714,6.77758257925072,5.95034446117647,5.87868852459016,6.44213371616079,6.46931730575868,240
"240",2021,6,6.36,15,6.94545454545455,4.75,5,6.325,6.37272727272727,11,4,2,4,11,5610,3481,2129,551,1223,4387,6.46311827629233,6.77811305659293,5.94808923438234,5.87549909255898,6.44175061324612,6.46907511511283,241
"241",2021,7,7.13421052631579,19,7.38461538461539,6.59166666666667,NA,7.275,7.11764705882353,13,6,0,2,17,5629,3494,2135,551,1225,4404,6.46538346597975,6.78036964796794,5.94989788290398,5.87549909255898,6.44311102040816,6.4715786852861,242
"242",2021,8,6.41458333333333,24,6.996875,5.25,5,6.39166666666667,6.42222222222222,16,8,2,6,18,5653,3510,2143,553,1231,4422,6.46516779232266,6.78135656695156,5.947285104993,5.87233273056058,6.44286027619821,6.47137777702397,243
"243",2021,9,6.74545454545455,22,6.93888888888889,5.875,NA,7,6.73333333333333,18,4,0,1,21,5675,3528,2147,553,1232,4443,6.46625436651982,6.78216030328798,5.94715043316255,5.87233273056058,6.4433125,6.47261591942381,244
"244",2021,10,6.28125,16,6.29166666666667,6.25,6.5,7,6.23333333333333,12,4,2,1,15,5691,3540,2151,555,1233,4458,6.46573423475663,6.78049761299435,5.94771361227336,5.87459459459459,6.44376399026764,6.47181079632122,245
"245",2021,11,6.72,15,6.93,6.3,NA,7,6.7,10,5,0,1,14,5706,3550,2156,555,1234,4472,6.46640265159481,6.78091874647887,5.94853060296846,5.87459459459459,6.44421474878444,6.47252516323792,246
"246",2021,12,6.49128192307692,26,6.58666647058824,6.31111111111111,5.65,6.03333333333333,6.55101434782609,17,9,2,3,23,5732,3567,2165,557,1237,4495,6.46651550244243,6.77999295766751,5.95003786605081,5.8737881508079,6.44321827000809,6.47292677641824,247
"247",2022,1,6.43620689655172,29,6.73947368421053,5.86,5.5,7,6.39444444444444,19,10,2,2,27,5761,3586,2175,559,1239,4522,6.46636293351848,6.7797782710541,5.94962389885057,5.87245080500894,6.4441170298628,6.47245817337461,248
"248",2022,2,6.6304347826087,23,6.70666666666667,6.4875,5,6,6.69047619047619,15,8,1,2,21,5784,3601,2183,560,1241,4543,6.46701536307054,6.77947372396556,5.95159504351809,5.87089285714286,6.44340128928284,6.47346596081884,249
"249",2022,3,6.20151212121212,33,6.48571428571429,5.70415833333333,6.5,6.55,6.16666333333333,21,12,2,3,30,5817,3622,2195,562,1244,4573,6.46550915592229,6.77777053561568,5.9502423143508,5.87313167259786,6.44365836012862,6.47145326044172,250
"250",2022,4,5.91666666666667,18,5.95833333333333,5.83333333333333,5,6,5.88461538461539,12,6,1,5,13,5835,3634,2201,563,1249,4586,6.46381606855184,6.77506463401211,5.94992361653794,5.87158081705151,6.44188230584468,6.46978974269516,251
"251",2022,5,7.04545454545455,11,7.27777777777778,6,5,6.83333333333333,7.125,9,2,1,3,8,5846,3643,2203,564,1252,4594,6.46491049606568,6.77630658248696,5.94996907852928,5.87003546099291,6.44282028753994,6.47093072703526,252
"252",2022,6,6.49090909090909,22,6.675,6.27,5,NA,6.49090909090909,12,10,1,0,22,5868,3655,2213,565,1252,4616,6.46500796864349,6.77597397537619,5.95141521915951,5.86849557522124,6.44282028753994,6.47102594454073,253
"253",2022,7,6.90666666666667,15,6.94444444444444,6.85,NA,7.5,6.86428571428571,9,6,0,1,14,5883,3664,2219,565,1253,4630,6.46613407445181,6.77638779475982,5.95384492113565,5.86849557522124,6.44366400638468,6.47221506695464,254
"254",2022,8,7.352,25,7.32857142857143,7.38181818181818,7.1,8,7.22857142857143,14,11,1,4,21,5908,3678,2230,566,1257,4651,6.46988266079892,6.77848963567156,5.96088873542601,5.87067137809187,6.44861654733493,6.47563013545474,255
"255",2022,9,6.66615384615385,26,6.96571428571429,6.31666666666667,NA,5.955,6.79545454545455,14,12,0,4,22,5934,3692,2242,566,1261,4673,6.4707426289181,6.77919958829902,5.96279298840321,5.87067137809187,6.44705075337034,6.47713583565162,256
"256",2022,10,6.45652173913043,23,6.79411764705882,5.5,5,6.66666666666667,6.425,17,6,1,3,20,5957,3709,2248,567,1264,4693,6.47068772200772,6.77926796441089,5.96155777580071,5.86913580246914,6.44757199367089,6.4769136501172,257
"257",2022,11,6.18823529411765,17,5.91111111111111,6.5,5.66666666666667,5.66666666666667,6.3,9,8,3,3,14,5974,3718,2256,570,1267,4707,6.46988395714764,6.77716645508338,5.96346714539007,5.8680701754386,6.4457229676401,6.47638745697897,258
"258",2022,12,6.37692307692308,26,6.3125,6.48,6,7.25,6.30416666666667,16,10,1,2,24,6000,3734,2266,571,1269,4731,6.46948112666667,6.77517538296732,5.96574663724625,5.86830122591944,6.44699054373523,6.47551379412386,259
