"","year","month","avg_rating","no_ratings","avg_rating_owned","avg_rating_not_owned","avg_rating_prev_owned","avg_rating_comment","avg_rating_no_comment","no_ratings_owned","no_ratings_not_owned","no_ratings_prev_owned","no_ratings_comment","no_ratings_no_comment","cum_no_ratings","cum_no_ratings_owned","cum_no_ratings_not_owned","cum_no_ratings_prev_owned","cum_no_ratings_comment","cum_no_ratings_no_comment","cum_avg_rating","cum_avg_rating_owned","cum_avg_rating_not_owned","cum_avg_rating_prev_owned","cum_avg_rating_comment","cum_avg_rating_no_comment","month_after_release"
"1",2009,10,10,1,10,NA,NA,NA,10,1,0,0,0,1,1,1,0,0,0,1,10,10,NA,NA,NA,10,-20
"2",2010,1,10,1,10,NA,NA,NA,10,1,0,0,0,1,2,2,0,0,0,2,10,10,NA,NA,NA,10,-17
"3",2010,5,7,1,NA,7,NA,7,NA,0,1,0,1,0,3,2,1,0,1,2,9,10,7,NA,7,10,-13
"4",2010,7,6,1,NA,6,NA,NA,6,0,1,0,0,1,4,2,2,0,1,3,8.25,10,6.5,NA,7,8.66666666666667,-11
"5",2010,12,10,1,10,NA,NA,NA,10,1,0,0,0,1,5,3,2,0,1,4,8.6,10,6.5,NA,7,9,-6
"6",2011,4,6,1,6,NA,NA,6,NA,1,0,0,1,0,6,4,2,0,2,4,8.16666666666667,9,6.5,NA,6.5,9,-2
"7",2011,5,6,1,NA,6,NA,6,NA,0,1,0,1,0,7,4,3,0,3,4,7.85714285714286,9,6.33333333333333,NA,6.33333333333333,9,-1
"8",2011,6,7.58333333333333,6,8.375,6,NA,8,7.375,4,2,0,2,4,13,8,5,0,5,8,7.73076923076923,8.6875,6.2,NA,7,8.1875,0
"9",2011,7,8.3,3,8.3,NA,NA,9,7.95,3,0,0,1,2,16,11,5,0,6,10,7.8375,8.58181818181818,6.2,NA,7.33333333333333,8.14,1
"10",2011,8,7.28571428571429,7,7.75,6.66666666666667,NA,7,7.4,4,3,0,2,5,23,15,8,0,8,15,7.6695652173913,8.36,6.375,NA,7.25,7.89333333333333,2
"11",2011,9,8,3,8,NA,NA,8,8,3,0,0,2,1,26,18,8,0,10,16,7.70769230769231,8.3,6.375,NA,7.4,7.9,3
"12",2011,10,7.475,4,9.9,6.66666666666667,NA,3,8.96666666666667,1,3,0,1,3,30,19,11,0,11,19,7.67666666666667,8.38421052631579,6.45454545454545,NA,7,8.06842105263158,4
"13",2011,11,7.09090909090909,11,7,7.16666666666667,NA,6.8,7.33333333333333,5,6,0,5,6,41,24,17,0,16,25,7.51951219512195,8.09583333333333,6.70588235294118,NA,6.9375,7.892,5
"14",2011,12,6.9,10,8.6,5.2,NA,4,8.14285714285714,5,5,0,3,7,51,29,22,0,19,32,7.39803921568627,8.18275862068966,6.36363636363636,NA,6.47368421052632,7.946875,6
"15",2012,1,7.3,16,7.40769230769231,6.83333333333333,NA,7,7.43636363636364,13,3,0,5,11,67,42,25,0,24,43,7.37462686567164,7.94285714285714,6.42,NA,6.58333333333333,7.81627906976744,7
"16",2012,2,6.15,10,7.625,5.16666666666667,NA,5.7,6.6,4,6,0,5,5,77,46,31,0,29,48,7.21558441558442,7.91521739130435,6.17741935483871,NA,6.43103448275862,7.68958333333333,8
"17",2012,3,7.82758620689655,29,8.36190476190476,6.425,6,7.15,8.08571428571429,21,8,1,8,21,106,67,39,1,37,69,7.38301886792453,8.05522388059702,6.22820512820513,6,6.58648648648649,7.81014492753623,9
"18",2012,4,8.2551724137931,29,8.4952380952381,7.625,8.5,8.33333333333333,8.24615384615385,21,8,2,3,26,135,88,47,3,40,95,7.57037037037037,8.16022727272727,6.46595744680851,7.66666666666667,6.7175,7.92947368421053,10
"19",2012,5,7.35227272727273,44,7.81666666666667,6.35714285714286,7.75,6.83333333333333,7.546875,30,14,2,12,32,179,118,61,5,52,127,7.51675977653631,8.0728813559322,6.44098360655738,7.7,6.74423076923077,7.83307086614173,11
"20",2012,6,7.52765957446809,47,8.25862068965517,6.35,8,6.92307692307692,7.75882352941176,29,18,2,13,34,226,147,79,7,65,161,7.51902654867257,8.10952380952381,6.42025316455696,7.78571428571429,6.78,7.81739130434783,12
"21",2012,7,7.56137931034483,58,7.89024390243902,6.76823529411765,5.555,7.14066666666667,7.70813953488372,41,17,2,15,43,284,188,96,9,80,204,7.52767605633803,8.06170212765957,6.481875,7.29,6.847625,7.79436274509804,13
"22",2012,8,7.46296296296296,54,7.98484848484848,6.64285714285714,9.5,6.42857142857143,7.61702127659574,33,21,2,7,47,338,221,117,11,87,251,7.51733727810651,8.05022624434389,6.51076923076923,7.69181818181818,6.81390804597701,7.76115537848606,14
"23",2012,9,7.52109375,64,8.0974358974359,6.622,6.3,6.75,7.737,39,25,6,14,50,402,260,142,17,101,301,7.51793532338308,8.05730769230769,6.53035211267606,7.20058823529412,6.80504950495049,7.75714285714286,15
"24",2012,10,7.36929824561404,57,7.89142857142857,6.53863636363636,8.25,6.925,7.54268292682927,35,22,3,16,41,459,295,164,20,117,342,7.49947712418301,8.03762711864407,6.53146341463415,7.358,6.82145299145299,7.73143274853801,16
"25",2012,11,6.96646341463415,82,8,5.175,7,6.32954545454545,7.2,52,30,2,22,60,541,347,194,22,139,402,7.4186876155268,8.03198847262248,6.32170103092783,7.32545454545455,6.74359712230216,7.6521144278607,17
"26",2012,12,7.25717948717949,117,8.24921052631579,5.41829268292683,6.33333333333333,6.07321428571429,7.62966292134831,76,41,3,28,89,658,423,235,25,167,491,7.38996960486322,8.07101654846336,6.16408510638298,7.2064,6.63119760479042,7.64804480651731,18
"27",2013,1,7.16890243902439,164,7.78636363636364,5.91111111111111,7.23333333333333,6.18064516129032,7.39924812030075,110,54,6,31,133,822,533,289,31,198,624,7.34586374695864,8.01227016885553,6.11681660899654,7.21161290322581,6.56065656565656,7.59501602564103,19
"28",2013,2,7.02712264150943,106,7.52715517241379,6.42291666666667,6.45,6.71578947368421,7.09511494252874,58,48,6,19,87,928,591,337,37,217,711,7.30945581896552,7.96466159052453,6.16041543026706,7.08810810810811,6.5742396313364,7.53384669479606,20
"29",2013,3,6.97891304347826,92,7.6843137254902,6.10146341463415,6.33333333333333,6.313,7.16388888888889,51,41,3,20,72,1020,642,378,40,237,783,7.27964215686275,7.94239096573209,6.15402116402116,7.0315,6.552194092827,7.4998275862069,21
"30",2013,4,7.16138686131387,137,8.01764705882353,5.76173076923077,5.8,6.45454545454545,7.29660869565217,85,52,5,22,115,1157,727,430,45,259,898,7.26563958513397,7.95118982118294,6.10658139534884,6.89466666666667,6.54389961389961,7.47380289532294,22
"31",2013,5,7.32522123893805,113,7.85202702702703,6.32564102564103,6.25,6.695,7.46075268817204,74,39,4,20,93,1270,801,469,49,279,991,7.27094094488189,7.94202871410736,6.12479744136461,6.84204081632653,6.5547311827957,7.47257820383451,23
"32",2013,6,6.86481481481481,108,7.60882352941176,5.6,6.91666666666667,6.375,6.97613636363636,68,40,6,20,88,1378,869,509,55,299,1079,7.23911103047896,7.91595512082854,6.08355599214145,6.85018181818182,6.54270903010033,7.43208989805375,24
"33",2013,7,6.8633064516129,124,7.53910256410256,5.71739130434783,5.6,6.725,6.88990384615385,78,46,5,20,104,1502,947,555,60,319,1183,7.20808588548602,7.88491552270327,6.05320720720721,6.746,6.55413793103448,7.38442519019442,25
"34",2013,8,6.92314814814815,162,7.55969387755102,5.9484375,5.88888888888889,7.07142857142857,6.90106382978723,98,64,9,21,141,1664,1045,619,69,340,1324,7.18034555288462,7.85441626794258,6.04237479806139,6.63420289855072,6.58608823529412,7.33294939577039,26
"35",2013,9,6.88424657534247,146,7.44886363636364,6.02758620689655,7.11111111111111,6.58928571428571,6.95423728813559,88,58,9,28,118,1810,1133,677,78,368,1442,7.15646132596685,7.82291703442189,6.04110782865583,6.68923076923077,6.58633152173913,7.30195908460472,27
"36",2013,10,7.03658536585366,123,7.85915492957746,5.91346153846154,6.5,6.98387096774194,7.05434782608696,71,52,8,31,92,1933,1204,729,86,399,1534,7.1488334195551,7.82505398671096,6.03200274348422,6.67162790697674,6.61721804511278,7.28710886571056,28
"37",2013,11,6.54281045751634,153,7.19540229885058,5.68257575757576,6.3125,5.62241379310345,6.75806451612903,87,66,16,29,124,2086,1291,795,102,428,1658,7.10438398849473,7.78262199845081,6.00299371069182,6.61529411764706,6.54981308411215,7.24754221954162,29
"38",2013,12,6.67842639593909,197,7.39642857142857,5.73235294117647,6.59615384615385,6.15116279069767,6.82564935064935,112,85,13,43,154,2283,1403,880,115,471,1812,7.06762812089356,7.7517925873129,5.97685227272727,6.61313043478261,6.51341825902335,7.21168598233996,30
"39",2014,1,6.67854166666667,240,7.56654929577465,5.39183673469388,6.80909090909091,6.00243902439024,6.8178391959799,142,98,11,41,199,2523,1545,978,126,512,2011,7.03061632976615,7.73476699029126,5.91823108384458,6.6302380952381,6.4725,7.17271258080557,31
"40",2014,2,6.44152941176471,170,7.34386363636364,5.47317073170732,4.83333333333333,5.3969696969697,6.69313868613139,88,82,12,33,137,2693,1633,1060,138,545,2148,6.99342926104716,7.71370177587263,5.88380188679245,6.47398550724638,6.40737614678899,7.14212523277467,32
"41",2014,3,6.5040243902439,164,7.10063829787234,5.70285714285714,6.0625,5.83333333333333,6.69265625,94,70,8,36,128,2857,1727,1130,146,581,2276,6.96533601680084,7.68033294730747,5.87259292035398,6.45143835616438,6.37180722891566,7.11684753954306,33
"42",2014,4,6.56506024096385,166,7.26881720430108,5.66849315068493,6.53,5.85185185185185,6.70359712230216,93,73,10,27,139,3023,1820,1203,156,608,2415,6.94335593781012,7.65930494505495,5.86020781379884,6.45647435897436,6.34871710526316,7.09306211180124,34
"43",2014,5,6.62152777777778,144,7.2093023255814,5.75,6.25,5.945,6.88173076923077,86,58,6,40,104,3167,1906,1261,162,648,2519,6.92872276602463,7.63900052465897,5.85513877874703,6.44882716049383,6.3237962962963,7.08433703850734,35
"44",2014,6,6.51935483870968,124,7.26081081081081,5.422,5.08333333333333,6.06521739130435,6.62277227722772,74,50,6,23,101,3291,1980,1311,168,671,2620,6.91329838954725,7.62486616161616,5.83861937452326,6.40005952380952,6.31493293591654,7.06654389312977,36
"45",2014,7,6.37015706806283,191,7.05274725274725,5.749,5.4,5.6027027027027,6.55454545454545,91,100,11,37,154,3482,2071,1411,179,708,2774,6.88350516944285,7.59972718493481,5.83226789510985,6.33860335195531,6.27771186440678,7.03812004325883,37
"46",2014,8,6.41969696969697,198,6.94661654135338,5.34153846153846,5.675,5.68571428571429,6.57730061349693,133,65,16,35,163,3680,2204,1476,195,743,2937,6.85855027173913,7.56031533575317,5.81065718157182,6.28415384615385,6.24982503364738,7.01254511406197,38
"47",2014,9,6.06164383561644,146,6.695,5.29393939393939,5.125,5.23913043478261,6.21544715447155,80,66,8,23,123,3826,2284,1542,203,766,3060,6.82814035546262,7.53000656742557,5.78854085603113,6.23847290640394,6.21947780678851,6.98050490196078,39
"48",2014,10,6.33685897435897,156,6.97183908045977,5.53623188405797,5.59230769230769,5.92297297297297,6.4655462184874,87,69,13,37,119,3982,2371,1611,216,803,3179,6.80889377197388,7.50952551665964,5.77773432650528,6.19958333333333,6.20581569115816,6.96122837370242,40
"49",2014,11,6.5318493902439,164,7.08062058823529,5.62903225806452,5.91666666666667,6.53873448275862,6.53037037037037,102,62,18,29,135,4146,2473,1673,234,832,3314,6.79793494934877,7.49183513950667,5.77222355050807,6.17782051282051,6.21741983173077,6.94367682558841,41
"50",2014,12,6.47770833333333,240,7.18660130718954,5.23103448275862,5.65217391304348,6.26326530612245,6.53272251308901,153,87,23,49,191,4386,2626,1760,257,881,3505,6.78041228910169,7.47405114242193,5.74547159090909,6.13077821011673,6.21996969353008,6.92128245363766,42
"51",2015,1,6.20279683377309,379,6.83774590163934,5.05518518518519,5.49047619047619,5.28984375,6.38828571428571,244,135,21,64,315,4765,2870,1895,278,945,3820,6.73446973767051,7.41995411149826,5.69629551451187,6.08241007194245,6.15697703703704,6.87733115183246,43
"52",2015,2,6.15363829787234,235,6.85986394557823,4.97392045454545,4.73214285714286,5.55384615384615,6.27298469387755,147,88,14,39,196,5000,3017,1983,292,984,4016,6.70717066,7.39266433543255,5.66423852748361,6.01767123287671,6.13307245934959,6.84783615537849,44
"53",2015,3,6.20436893203884,206,6.94876033057851,5.14470588235294,6.1875,4.98780487804878,6.50666666666667,121,85,16,41,165,5206,3138,2068,308,1025,4181,6.68727493276988,7.37554757807521,5.64288442940039,6.02649350649351,6.08726175609756,6.83437215977039,45
"54",2015,4,6.23058823529412,204,6.85308270676692,5.06450704225352,6.78571428571429,5.45939393939394,6.37941520467836,133,71,7,33,171,5410,3271,2139,315,1058,4352,6.67005421441775,7.35430397431978,5.62368630201029,6.04336507936508,6.06767797731569,6.81649586397059,46
"55",2015,5,5.74591836734694,196,6.64732142857143,4.54404761904762,4.02777777777778,5.27027027027027,5.85660377358491,112,84,18,37,159,5606,3383,2223,333,1095,4511,6.63774407777381,7.330898108188,5.58289023841655,5.93441441441442,6.04073360730594,6.78266238084682,47
"56",2015,6,5.86482412060302,199,6.5944,4.63243243243243,5.22727272727273,5.4125,5.97861635220126,125,74,11,40,159,5805,3508,2297,344,1135,4670,6.61124776916451,7.30465458950969,5.55227035263387,5.9118023255814,6.01859321585903,6.7552869379015,48
"57",2015,7,5.89238578680203,197,6.60714285714286,4.95058823529412,5.44,4.81891891891892,6.140625,112,85,25,37,160,6002,3620,2382,369,1172,4830,6.58765299900033,7.2830741160221,5.53079974811083,5.87983739837398,5.98071953924915,6.73492546583851,49
"58",2015,8,5.74312252964427,253,6.59177631578947,4.46594059405941,4.46,5.13829787234043,5.88111650485437,152,101,25,47,206,6255,3772,2483,394,1219,5036,6.55349373301359,7.25521694061506,5.48748489730165,5.7897461928934,5.94823896636587,6.7,50
"59",2015,9,5.71940639269406,219,6.41,4.88232323232323,5.13235294117647,5.23255813953488,5.83835227272727,120,99,17,43,176,6474,3892,2582,411,1262,5212,6.52527854494903,7.22915680883864,5.46428156467854,5.76255474452555,5.92385364500792,6.6709036838066,51
"60",2015,10,5.61966019417476,206,6.32689075630252,4.65229885057471,5.26666666666667,4.82446808510638,5.85471698113208,119,87,15,47,159,6680,4011,2669,426,1309,5371,6.49735079341318,7.20238800797806,5.43781378793556,5.74509389671362,5.88437990832697,6.64674176131074,52
"61",2015,11,5.94162037037037,216,6.63975609756098,5.01827956989247,4.81578947368421,5.59114285714286,6.00939226519337,123,93,19,35,181,6896,4134,2762,445,1344,5552,6.47994392401392,7.18564787131108,5.42368754525706,5.70541573033708,5.87674352678571,6.6259636167147,53
"62",2015,12,5.66757246376812,276,6.23858024691358,4.85614035087719,5.34,5.27,5.77800925925926,162,114,25,60,216,7172,4296,2876,470,1404,5768,6.44868144171779,7.1499344273743,5.40119089012517,5.68597872340426,5.85081431623932,6.59420943134536,54
"63",2016,1,5.89881305637982,337,6.41846846846847,4.89565217391304,5.59523809523809,5.1125,6.06913357400722,222,115,21,60,277,7509,4518,2991,491,1464,6045,6.42400363563724,7.11399254094732,5.38175359411568,5.68209775967413,5.82055553278688,6.57014888337469,55
"64",2016,2,5.76136170212766,235,6.48165467625899,4.7184375,4.89863636363636,5.289,5.88902702702703,139,96,22,50,185,7744,4657,3087,513,1514,6230,6.40389505423554,7.09511881039296,5.36112568837059,5.64849902534113,5.80300085865258,6.54992295345104,56
"65",2016,3,5.66910377358491,212,6.32286821705426,4.65301204819277,4.8,5.334375,5.72861111111111,129,83,20,32,180,7956,4786,3170,533,1546,6410,6.38431539718452,7.07430386544087,5.34258517350158,5.61666041275797,5.7933009702458,6.52685959438378,57
"66",2016,4,5.7108407079646,226,6.5492125984252,4.63535353535354,4.77826086956522,5.07833333333333,5.9394578313253,127,99,23,60,166,8182,4913,3269,556,1606,6576,6.36571294304571,7.06073036841034,5.32116702355461,5.58197841726619,5.7665898505604,6.51203163017032,58
"67",2016,5,6.19858870967742,248,6.86288343558282,4.92470588235294,4.90909090909091,5.72972972972973,6.28080568720379,163,85,22,37,211,8430,5076,3354,578,1643,6787,6.36079635824437,7.05437712765958,5.31111955873584,5.55636678200692,5.76575976871576,6.50484308236334,59
"68",2016,6,6.22142857142857,224,6.82702702702703,5.04210526315789,5.55,5.73714285714286,6.31111111111111,148,76,16,35,189,8654,5224,3430,594,1678,6976,6.35718896464063,7.04793612174579,5.30515889212828,5.55619528619529,5.76516287246722,6.4995943233945,60
"69",2016,7,5.74515555555556,225,6.21361111111111,4.91234567901235,4.47058823529412,4.905,5.92681081081081,144,81,17,40,185,8879,5368,3511,611,1718,7161,6.34167961482149,7.02555482488823,5.29609655368841,5.52599018003273,5.74513579743888,6.48479681608714,61
"70",2016,8,5.82616822429907,321,6.4378640776699,4.7304347826087,5.3125,5.33333333333333,5.92584269662921,206,115,24,54,267,9200,5574,3626,635,1772,7428,6.32369275,7.0038353606028,5.27815637065637,5.51792125984252,5.73258651241535,6.46470516962843,62
"71",2016,9,5.8103196347032,219,6.53678321678322,4.44342105263158,5,4.97352941176471,5.96410810810811,143,76,13,34,185,9419,5717,3702,648,1806,7613,6.3117563754114,6.99215292985832,5.26101971907077,5.50753086419753,5.71829640088594,6.4525403914357,63
"72",2016,10,5.67600732600733,273,6.27225609756098,4.77889908256881,4.8,4.8,5.81765957446809,164,109,20,38,235,9692,5881,3811,668,1844,7848,6.29384887536112,6.97207758884544,5.24723038572553,5.48634730538922,5.69937272234273,6.43352956167177,64
"73",2016,11,5.71734317343173,271,6.33157894736842,4.667,4.66923076923077,5.10833333333333,5.81063829787234,171,100,26,36,235,9963,6052,3911,694,1880,8083,6.27816754993476,6.95398022141441,5.23239452825365,5.455734870317,5.68805494680851,6.4154200173203,65
"74",2016,12,6.11540594059406,303,6.81478350515464,4.87064220183486,4.25,5.51190476190476,6.21252107279693,194,109,20,42,261,10266,6246,4020,714,1922,8344,6.27336365673096,6.94965678834454,5.22258582089552,5.42196078431373,5.68420567117586,6.40907334611697,66
"75",2017,1,5.73199004975124,402,6.25776515151515,4.72615942028986,5.10344827586207,5.12596774193548,5.8425,264,138,29,62,340,10668,6510,4158,743,1984,8684,6.25296318897638,6.92159850998464,5.20610990860991,5.40952893674293,5.6667607358871,6.38689060340857,67
"76",2017,2,5.75455782312925,294,6.33010471204188,4.68728155339806,4.55882352941176,5.34,5.82947791164659,191,103,17,45,249,10962,6701,4261,760,2029,8933,6.23959599525634,6.90473903894941,5.19356841117109,5.3905,5.65951370133071,6.37135318482033,68
"77",2017,3,6.0018905109489,274,6.49786666666667,5.05214893617021,5.02083333333333,5.31022222222222,6.13780786026201,180,94,24,45,229,11236,6881,4355,784,2074,9162,6.23379933250267,6.89409566923412,5.1905159586682,5.37918367346939,5.65193505303761,6.36551582623881,69
"78",2017,4,5.91186770428016,257,6.58447204968944,4.78385416666667,5.1,5.31627906976744,6.03154205607477,161,96,15,43,214,11493,7042,4451,799,2117,9376,6.22660047855216,6.88701679920477,5.18174500112334,5.37394242803504,5.64511728861597,6.35789313139932,70
"79",2017,5,5.8637037037037,270,6.45549132947977,4.80824742268041,4.53571428571429,5.705,5.89130434782609,173,97,14,40,230,11763,7215,4548,813,2157,9606,6.21827078976452,6.87666975744976,5.1737790237467,5.35950799507995,5.646227770051,6.34672142410993,71
"80",2017,6,5.67093495934959,246,6.54068965517241,4.42227722772277,4.83333333333333,4.8936170212766,5.85452261306533,145,101,24,47,199,12009,7360,4649,837,2204,9805,6.20705881422267,6.87005058423913,5.15745257044526,5.34442054958184,5.63017844827586,6.33673187149414,72
"81",2017,7,5.70703539823009,226,6.376484375,4.83265306122449,4.58823529411765,4.83783783783784,5.87719576719577,128,98,17,37,189,12235,7488,4747,854,2241,9994,6.19782258275439,6.86161355502137,5.15074720876343,5.32936768149883,5.61709651941098,6.32804142485491,73
"82",2017,8,5.82656603773585,265,6.4567701863354,4.85096153846154,4.85294117647059,4.859375,5.9593991416309,161,104,17,32,233,12500,7649,4851,871,2273,10227,6.189951944,6.85309220813178,5.14432014017728,5.32006888633754,5.60642908051034,6.31964271047228,74
"83",2017,9,5.76897872340426,235,6.54935251798561,4.6390625,4.375,5.4772972972973,5.82348484848485,139,96,20,37,198,12735,7788,4947,891,2310,10425,6.18218369061641,6.84767107087828,5.13451526177481,5.29885521885522,5.60436073593074,6.31021928057554,75
"84",2017,10,5.67637450199203,251,6.21178343949045,4.78212765957447,4.4125,5.03333333333333,5.79466981132075,157,94,24,39,212,12986,7945,5041,915,2349,10637,6.172407153858,6.83510538703587,5.12794425709185,5.27560655737705,5.59488007662835,6.29994415718718,76
"85",2017,11,5.55287769784173,278,6.34528301886792,4.49411764705882,4.75,5.01219512195122,5.6464135021097,159,119,22,41,237,13264,8104,5160,937,2390,10874,6.15942244420989,6.8254951011846,5.1133269379845,5.26326574172892,5.58488422594142,6.28570038624241,77
"86",2017,12,5.61828947368421,304,6.21492146596859,4.60982300884956,4.90833333333333,4.86923076923077,5.72852830188679,191,113,24,39,265,13568,8295,5273,961,2429,11139,6.1472980026533,6.8114360819771,5.10253688602314,5.25440166493236,5.57339370111157,6.27244510279199,78
"87",2018,1,5.61477163461538,416,6.21840384615385,4.60871794871795,4.64210526315789,4.94642857142857,5.71873611111111,260,156,19,56,360,13984,8555,5429,980,2485,11499,6.13145625715103,6.79341289304501,5.08834720943084,5.2425306122449,5.55926490945674,6.25511009653013,79
"88",2018,2,5.56287449392713,247,6.21006578947368,4.52736842105263,4,5.2547619047619,5.626,152,95,20,42,205,14231,8707,5524,1000,2527,11704,6.12158768182138,6.78322927529574,5.07869967414917,5.21768,5.55420391768896,6.24409099453178,80
"89",2018,3,5.72513888888889,216,6.34635658914729,4.80402298850575,5,5.101875,5.83353260869565,129,87,18,32,184,14447,8836,5611,1018,2559,11888,6.11566029625528,6.77685121095519,5.07444074140082,5.21383104125737,5.54854759671747,6.23773645693136,81
"90",2018,4,6.09149869767442,215,6.81942808823529,4.83835443037975,5,5.81911764705882,6.14266419889503,136,79,19,34,181,14662,8972,5690,1037,2593,12069,6.11530599645342,6.77749660276416,5.07116291739895,5.20991321118611,5.5520953721558,6.23631064876957,82
"91",2018,5,5.78854166666667,192,6.246875,4.871875,4.82142857142857,5.68181818181818,5.81069182389937,128,64,14,33,159,14854,9100,5754,1051,2626,12228,6.11108230241012,6.77003291428572,5.06894629822732,5.20473834443387,5.5537255521706,6.23077635099771,83
"92",2018,6,5.73628712871287,202,6.42704,4.61493506493507,4.77941176470588,5.53448275862069,5.77011560693642,125,77,17,29,173,15056,9225,5831,1068,2655,12401,6.10605383368757,6.76538531382114,5.0629509518093,5.19796816479401,5.55351536723164,6.22434990887831,84
"93",2018,7,5.7389,200,6.36702022727273,4.51960779411765,4.552083125,5.7037037037037,5.74439306358382,132,68,16,27,173,15256,9357,5899,1084,2682,12574,6.10124059517567,6.75976554344341,5.0566876301068,5.18843480627306,5.55502733035049,6.2177463989184,85
"94",2018,8,5.7478813559322,236,6.35192307692308,4.57,4.57692307692308,5.125,5.84558823529412,156,80,13,32,204,15492,9513,5979,1097,2714,12778,6.09585763749032,6.75307749290445,5.05017566984446,5.18118808568824,5.54995700073692,6.21180491626232,86
"95",2018,9,5.52364077669903,206,6.18142857142857,4.62390804597701,4.76086956521739,4.48214285714286,5.68747191011236,119,87,23,28,178,15698,9632,6066,1120,2742,12956,6.08834861256211,6.74601496989203,5.04406203923508,5.17255654464286,5.53905299051787,6.20460120561902,87
"96",2018,10,5.35455445544554,202,5.99063492063492,4.3,4.59090909090909,4.425,5.52952941176471,126,76,11,32,170,15900,9758,6142,1131,2774,13126,6.07902619622641,6.73626113855298,5.03485514978834,5.16689949602122,5.5262016222062,6.19585808471735,88
"97",2018,11,5.55954773869347,199,6.1172268907563,4.73,5.14615384615385,6.04354838709677,5.47023809523809,119,80,13,31,168,16099,9877,6222,1144,2805,13294,6.07260491459097,6.72880289460362,5.03093544358727,5.16666375,5.53191918003565,6.18668822175417,89
"98",2018,12,5.55422907488987,227,6.32877697841727,4.33079545454545,4.00941176470588,5.07,5.65780748663102,139,88,17,40,187,16326,10016,6310,1161,2845,13481,6.06539731226265,6.72325141673323,5.02117120919176,5.14971863049096,5.52542471001758,6.17935191899711,90
"99",2019,1,5.61795847750865,289,6.15637362637363,4.70214953271028,4.59821428571429,5.125,5.70178137651822,182,107,28,42,247,16615,10198,6417,1189,2887,13728,6.05761459644899,6.71313455481467,5.01585169549634,5.13673114381834,5.51959934187738,6.17075926719114,91
"100",2019,2,5.62037914691943,211,6.43234375,4.36819277108434,3.56818181818182,4.23958333333333,5.7975935828877,128,83,11,24,187,16826,10326,6500,1200,2911,13915,6.05213161297991,6.70965390180128,5.00758158923077,5.122352775,5.50904613534868,6.16574439238232,92
"101",2019,3,5.68853881278539,219,6.13362962962963,4.97321428571429,4.92647058823529,4.85,5.8759217877095,135,84,17,40,179,17045,10461,6584,1217,2951,14094,6.04746004810795,6.70222026479304,5.00714312424058,5.11961654067379,5.50011294476449,6.16206351780899,93
"102",2019,4,5.6550618556701,194,6.19178761061947,4.9062962962963,5.02380952380952,5.16060606060606,5.7564099378882,113,81,21,33,161,17239,10574,6665,1238,2984,14255,6.04304417425605,6.69676548042368,5.00591752888222,5.1179913812601,5.49635834450402,6.15748195159593,94
"103",2019,5,5.45416666666667,168,6.17157894736842,4.52054794520548,4.6875,4.75,5.53866666666667,95,73,16,18,150,17407,10669,6738,1254,3002,14405,6.03736074682599,6.69208906083044,5.00065899821906,5.11249866826156,5.49188317788141,6.15103819645956,95
"104",2019,6,5.88965317919075,173,6.32792792792793,5.105,5,5.46551724137931,5.97506944444444,111,62,10,29,144,17580,10780,6800,1264,3031,14549,6.03590719681456,6.68833934972171,5.00161034264706,5.1116086471519,5.49163091388981,6.14929653034573,96
"105",2019,7,5.84096153846154,156,6.28263636363636,4.78478260869565,4.1875,5.34615384615385,5.93992307692308,110,46,8,26,130,17736,10890,6846,1272,3057,14679,6.03419251917005,6.68424133976125,5.00015342243646,5.10579664308176,5.49039362119725,6.14744227944683,97
"106",2019,8,5.57370212765957,235,6.27503875968992,4.72018867924528,4.47619047619048,5.46055555555556,5.59417085427136,129,106,21,36,199,17971,11019,6952,1293,3093,14878,6.02817085971843,6.67945078410019,4.99588468498274,5.09557102088167,5.49004633042354,6.14004202312139,98
"107",2019,9,5.48670520231214,173,6.07789473684211,4.76666666666667,4.82,5.15151515151515,5.56571428571429,95,78,15,33,140,18144,11114,7030,1308,3126,15018,6.02300807539682,6.67430881680763,4.99334144096728,5.09241080275229,5.48647258477287,6.13468805566653,99
"108",2019,10,5.75759803921569,204,6.48185483870968,4.635,5.14285714285714,5.03260869565217,5.84972375690608,124,80,14,23,181,18348,11238,7110,1322,3149,15199,6.02005714628297,6.67218528118882,4.9893094697609,5.09294503025719,5.48315760558908,6.13129450753339,100
"109",2019,11,5.77497125,232,6.14482453947368,5.07225,4.9,5.15625,5.87396665,152,80,15,32,200,18580,11390,7190,1337,3181,15399,6.01699687029063,6.66514763125549,4.99023231293463,5.09078035153328,5.47986900345803,6.12795237028378,101
"110",2019,12,5.52053336,250,6.11917215686274,4.57628865979381,4.05263157894737,4.6077084375,5.65452600917431,153,97,19,32,218,18830,11543,7287,1356,3213,15617,6.01040548008497,6.65791084293511,4.98472215314945,5.07623401917404,5.47118268596328,6.12134374207594,102
"111",2020,1,5.43533150127226,393,6.05731672131148,4.41677852348993,4.33333333333333,5.02307692307692,5.49819730205279,244,149,27,52,341,19223,11787,7436,1383,3265,15958,5.99864851844145,6.64547808093662,4.97334189483594,5.06173053506869,5.46404593261868,6.1080279796967,103
"112",2020,2,5.65799273858921,241,6.18309253246753,4.72850574712644,4.30769230769231,5.16666666666667,5.73594350961538,154,87,13,33,208,19464,11941,7523,1396,3298,16166,5.99443057542129,6.6395148136672,4.9705104785325,5.05470868911175,5.46107033656762,6.10324055115675,104
"113",2020,3,5.57946051886792,212,6.26330166666667,4.30418918918919,4.25,5.2,5.62563825396825,138,74,14,23,189,19676,12079,7597,1410,3321,16355,5.98995946076438,6.6352166586638,4.96402005133606,5.04671867375887,5.45926226136706,6.09772133170284,105
"114",2020,4,5.65031824120603,199,6.18791325203252,4.78026315789474,4.6875,5.34,5.70540431952663,123,76,16,30,169,19875,12202,7673,1426,3351,16524,5.9865587763522,6.63070769955745,4.96219996481168,5.04268816970547,5.45819455983289,6.09370889070443,106
"115",2020,5,5.73293269230769,208,6.33140495867769,4.90057471264368,5.35789473684211,5.11538461538461,5.82115384615385,121,87,19,26,182,20083,12323,7760,1445,3377,16706,5.98393196633969,6.62776883469934,4.96150906314433,5.04683275432526,5.4555552176488,6.09073959715072,107
"116",2020,6,5.14021739130435,184,6.24823529411765,4.18888888888889,3.19473684210526,4.18181818181818,5.34966887417219,85,99,19,33,151,20267,12408,7859,1464,3410,16857,5.9762720521044,6.62516887088975,4.95177634940832,5.02279599043716,5.44322873020528,6.08410130568903,108
"117",2020,7,5.4521875,192,6.17454545454545,4.22112676056338,4.875,5.14666666666667,5.50876543209877,121,71,12,30,162,20459,12529,7930,1476,3440,17019,5.97135371621291,6.6208169327161,4.94523459394704,5.02159439701897,5.44064243313954,6.07862481403138,109
"118",2020,8,5.31384615384615,195,5.72706766917293,4.42741935483871,3.95833333333333,4.65625,5.44294478527607,133,62,12,32,163,20654,12662,7992,1488,3472,17182,5.96514600948968,6.61142910677618,4.94121750875876,5.01301971102151,5.43341300979263,6.07259432603888,110
"119",2020,9,5.21112451807229,166,6.07555555555556,4.18745618421053,3.63215705882353,5.7037037037037,5.11544366906475,90,76,17,27,139,20820,12752,8068,1505,3499,17321,5.95913411863592,6.60764706320577,4.9341171294001,4.9974219269103,5.43549870534439,6.0649132486577,111
"120",2020,10,5.16752873563218,174,5.8935,4.18648648648649,4.44444444444444,4.58636363636364,5.25164473684211,100,74,18,22,152,20994,12852,8142,1523,3521,17473,5.95257322806516,6.60209036336757,4.92732215671825,4.99088640840447,5.43019311843227,6.0578385154238,112
"121",2020,11,5.242378,205,5.68176348837209,4.49657894736842,4.77272727272727,4.49642857142857,5.36038129943503,129,76,11,28,177,21199,12981,8218,1534,3549,17650,5.94570545025708,6.59294452199368,4.92333864687272,4.98932203389831,5.42282613975768,6.05084418526912,113
"122",2020,12,5.43159836065574,244,6.12769230769231,4.4460396039604,4.61739130434783,4.98913043478261,5.53439393939394,143,101,23,46,198,21443,13124,8319,1557,3595,17848,5.93985542321503,6.58787510210302,4.91754381536242,4.98382787411689,5.41727676495132,6.04511485152398,114
"123",2021,1,5.33135932624113,282,5.82266664864865,4.39432989690722,4.65789473684211,4.54722222222222,5.44611109756098,185,97,19,36,246,21725,13309,8416,1576,3631,18094,5.93195687779056,6.57723842287174,4.91151342680608,4.97989847715736,5.40865050123933,6.03697099591025,115
"124",2021,2,5.30926829268293,205,5.87372881355932,4.54367816091954,3.9375,5.01794871794872,5.37771084337349,118,87,24,39,166,21930,13427,8503,1600,3670,18260,5.92613603146374,6.57105579578461,4.90774985299306,4.9642625,5.4044986294278,6.03097772179627,116
"125",2021,3,5.37613333333333,180,6.03556140350877,4.23712121212121,3.88888888888889,5.08696,5.42277419354839,114,66,9,25,155,22110,13541,8569,1609,3695,18415,5.92165839755766,6.56654753489402,4.90258454895554,4.95824735860783,5.40235019485792,6.02585844148792,117
"126",2021,4,5.26795454545455,176,5.9592380952381,4.2456338028169,4.672,4.825,5.32474358974359,105,71,20,20,156,22286,13646,8640,1629,3715,18571,5.9164958794759,6.56187455444819,4.89718599537037,4.95473296500921,5.39924198384926,6.01996894082171,118
"127",2021,5,5.05124183006536,153,5.75741935483871,3.95666666666667,3.14285714285714,4.11764705882353,5.16794117647059,93,60,7,17,136,22439,13739,8700,1636,3732,18707,5.91059615713712,6.55642915568819,4.89069965517242,4.9469804400978,5.39340406484459,6.01377469396482,119
"128",2021,6,5.13149551351351,185,5.77202282051282,4.02941176470588,4.11111111111111,4.25,5.23834345454545,117,68,9,20,165,22624,13856,8768,1645,3752,18872,5.90422532885431,6.54980563221709,4.88401995894161,4.94240729483283,5.38730916044776,6.00699501218736,120
"129",2021,7,5.16022727272727,176,5.8375,4.18194444444444,3.57692307692308,4.92592592592593,5.20268456375839,104,72,13,27,149,22800,13960,8840,1658,3779,19021,5.89848218596491,6.54449905730659,4.87830169683258,4.93170084439083,5.38401269383435,6.00069448872299,121
"130",2021,8,5.40935828877005,187,5.90286885245902,4.48307692307692,4.09166666666667,4.59807692307692,5.54037267080745,122,65,12,26,161,22987,14082,8905,1670,3805,19182,5.89450314699612,6.53894026700753,4.8754168444694,4.92566467065868,5.37864230486203,5.9968308763424,122
"131",2021,9,5.0487573964497,169,6.10326086956522,3.78883116883117,3.47222222222222,4.58275862068966,5.14528571428571,92,77,18,29,140,23156,14174,8982,1688,3834,19322,5.88833062014164,6.53611237759277,4.86610187040748,4.91016587677725,5.37262231872718,5.99066089794017,123
"132",2021,10,5.04198410714286,168,5.73032048076923,3.9234375,3.43333333333333,4.75,5.08144141891892,104,64,15,20,148,23324,14278,9046,1703,3854,19470,5.88223448679471,6.5302430431433,4.85943256688039,4.89715795654727,5.36939127400104,5.98374952234206,124
"133",2021,11,5.35666666666667,168,5.89714285714286,4.6,3.77777777777778,4.2,5.47006535947712,98,70,9,15,153,23492,14376,9116,1712,3869,19623,5.87847595649582,6.52592725166945,4.85744043440105,4.89127336448598,5.36485757818558,5.97974434082454,125
"134",2021,12,5.21313432835821,268,5.7,4.35484536082474,3.99375,3.72,5.36674897119342,171,97,16,25,243,23760,14547,9213,1728,3894,19866,5.87097126136363,6.51621847597443,4.85214881146206,4.88296296296296,5.35429737288136,5.97224620960434,126
"135",2022,1,5.09309899182561,367,5.5695807860262,4.30241543478261,4.62666666666667,4.58325581395349,5.16076336419753,229,138,21,43,324,24127,14776,9351,1749,3937,20190,5.85913891076387,6.50154738562534,4.84403596727623,4.87988564894225,5.34587604013208,5.95922389945517,127
"136",2022,2,5.27541871921182,203,5.79201612903226,4.46455696202532,5.1875,5.27837837837838,5.27475903614458,124,79,16,37,166,24330,14900,9430,1765,3974,20356,5.85426857788738,6.49564256174497,4.84085687486744,4.88267422096317,5.34524760191243,5.95364219542149,128
"137",2022,3,5.52727859903382,207,6.10157336,4.65182926829268,4.25,5.16923076923077,5.5787108839779,125,82,16,26,181,24537,15025,9512,1781,4000,20537,5.85151001222643,6.49236411580699,4.8392273265349,4.87699045480067,5.3441034925,5.95033779032965,129
"138",2022,4,4.99781420765027,183,5.53898305084746,4.01538461538462,3.825,4.40909090909091,5.07826086956522,118,65,8,22,161,24720,15143,9577,1789,4022,20698,5.84519017677993,6.48493500891501,4.83363582854756,4.87228619340414,5.3389890527101,5.94355431442651,130
"139",2022,5,5.1171270718232,181,5.74766355140187,4.20540540540541,3.44444444444444,4.47727272727273,5.20566037735849,107,74,9,22,159,24901,15250,9651,1798,4044,20857,5.83989804305048,6.47976202229508,4.8288188094498,4.86513904338153,5.33430117952523,5.9379290981445,131
"140",2022,6,5.1331843575419,179,5.69517457142857,4.33576581081081,3.58666666666667,4.80454545454545,5.17923566878981,105,74,15,22,157,25080,15355,9725,1813,4066,21014,5.83485411363636,6.47439688505373,4.8250670437018,4.85456150027578,5.33143481800295,5.93226074045874,132
"141",2022,7,5.04878048780488,164,5.56960784313725,4.19193548387097,3.77272727272727,4.6,5.1294964028777,102,62,11,25,139,25244,15457,9787,1824,4091,21153,5.82974731302487,6.46842622565828,4.82105619699601,4.84803728070175,5.32696503788805,5.92698563797097,133
"142",2022,8,5.19908212560386,207,5.69048,4.45,3.66666666666667,4.7325,5.27206703910614,125,82,12,28,179,25451,15582,9869,1836,4119,21332,5.82461793917724,6.46218548132461,4.81797314824197,4.84031590413943,5.32292400339889,5.92149011813238,134
"143",2022,9,5.12117283950617,162,5.60147058823529,4.30466666666667,2.85714285714286,5.1,5.12503649635036,102,60,7,25,137,25613,15684,9929,1843,4144,21469,5.82016871003006,6.45658787107881,4.81487128613153,4.83278350515464,5.32157914333977,5.91640771344729,135
"144",2022,10,5.39037055837563,197,5.93032786885246,4.51204,4.6503,5.4448275862069,5.38097023809524,122,75,10,29,168,25810,15806,10004,1853,4173,21637,5.81688818946144,6.45252588700494,4.81260095961615,4.83179870480302,5.32243565061107,5.91225032120904,136
"145",2022,11,5.20564814814815,216,5.75725806451613,4.46217391304348,3.77666666666667,4.64347826086957,5.27264248704663,124,92,12,23,193,26026,15930,10096,1865,4196,21830,5.81181526819334,6.44711388386692,4.80940768621236,4.82500965147453,5.31871400619638,5.9065955199267,137
"146",2022,12,5.07882352941176,255,5.75416666666667,4.2027027027027,4,4.76774193548387,5.121875,144,111,15,31,224,26281,16074,10207,1880,4227,22054,5.80470317605875,6.44090607005101,4.80280983638679,4.81842712765957,5.31467328365271,5.89862520177745,138
