"","year","month","avg_rating","no_ratings","avg_rating_owned","avg_rating_not_owned","avg_rating_prev_owned","avg_rating_comment","avg_rating_no_comment","no_ratings_owned","no_ratings_not_owned","no_ratings_prev_owned","no_ratings_comment","no_ratings_no_comment","cum_no_ratings","cum_no_ratings_owned","cum_no_ratings_not_owned","cum_no_ratings_prev_owned","cum_no_ratings_comment","cum_no_ratings_no_comment","cum_avg_rating","cum_avg_rating_owned","cum_avg_rating_not_owned","cum_avg_rating_prev_owned","cum_avg_rating_comment","cum_avg_rating_no_comment","month_after_release"
"1",2001,6,7.5,4,7.5,NA,NA,9,7,4,0,0,1,3,4,4,0,0,1,3,7.5,7.5,NA,NA,9,7,0
"2",2001,7,7,1,7,NA,NA,NA,7,1,0,0,0,1,5,5,0,0,1,4,7.4,7.4,NA,NA,9,7,1
"3",2001,8,8,1,8,NA,NA,NA,8,1,0,0,0,1,6,6,0,0,1,5,7.5,7.5,NA,NA,9,7.2,2
"4",2001,9,10,1,10,NA,NA,10,NA,1,0,0,1,0,7,7,0,0,2,5,7.85714285714286,7.85714285714286,NA,NA,9.5,7.2,3
"5",2001,10,8,4,8.33333333333333,7,NA,8,8,3,1,0,2,2,11,10,1,0,4,7,7.90909090909091,8,7,NA,8.75,7.42857142857143,4
"6",2001,11,6,2,6,NA,NA,7,5,2,0,0,1,1,13,12,1,0,5,8,7.61538461538461,7.66666666666667,7,NA,8.4,7.125,5
"7",2001,12,9,1,NA,9,NA,NA,9,0,1,0,0,1,14,12,2,0,5,9,7.71428571428571,7.66666666666667,8,NA,8.4,7.33333333333333,6
"8",2002,1,8.25,4,8.33333333333333,8,8,8,8.33333333333333,3,1,1,1,3,18,15,3,1,6,12,7.83333333333333,7.8,8,8,8.33333333333333,7.58333333333333,7
"9",2002,2,8,1,8,NA,NA,8,NA,1,0,0,1,0,19,16,3,1,7,12,7.84210526315789,7.8125,8,8,8.28571428571429,7.58333333333333,8
"10",2002,3,7,2,6,8,NA,NA,7,1,1,0,0,2,21,17,4,1,7,14,7.76190476190476,7.70588235294118,8,8,8.28571428571429,7.5,9
"11",2002,4,8,2,8,NA,NA,8,8,2,0,0,1,1,23,19,4,1,8,15,7.78260869565217,7.73684210526316,8,8,8.25,7.53333333333333,10
"12",2002,5,7.33333333333333,3,7.33333333333333,NA,NA,8.5,5,3,0,0,2,1,26,22,4,1,10,16,7.73076923076923,7.68181818181818,8,8,8.3,7.375,11
"13",2002,6,7.58333333333333,6,7.7,7,7,7.33333333333333,7.83333333333333,5,1,1,3,3,32,27,5,2,13,19,7.703125,7.68518518518519,7.8,7.5,8.07692307692308,7.44736842105263,12
"14",2002,7,6.33333333333333,3,6.33333333333333,NA,NA,7,6,3,0,0,1,2,35,30,5,2,14,21,7.58571428571429,7.55,7.8,7.5,8,7.30952380952381,13
"15",2002,8,7.78571428571429,7,8.6,5.75,NA,8,7.7,5,2,0,2,5,42,35,7,2,16,26,7.61904761904762,7.7,7.21428571428571,7.5,8,7.38461538461539,14
"16",2002,9,7.2,5,7,7.5,NA,NA,7.2,3,2,0,0,5,47,38,9,2,16,31,7.57446808510638,7.64473684210526,7.27777777777778,7.5,8,7.35483870967742,15
"17",2002,10,7.5,8,7.33333333333333,7.6,6,7.5,7.5,3,5,1,2,6,55,41,14,3,18,37,7.56363636363636,7.6219512195122,7.39285714285714,7,7.94444444444444,7.37837837837838,16
"18",2002,11,9,3,8,9.5,NA,8,9.5,1,2,0,1,2,58,42,16,3,19,39,7.63793103448276,7.63095238095238,7.65625,7,7.94736842105263,7.48717948717949,17
"19",2002,12,7.5,6,7.6,7,NA,8,7.4,5,1,0,1,5,64,47,17,3,20,44,7.625,7.62765957446809,7.61764705882353,7,7.95,7.47727272727273,18
"20",2003,1,8,3,8,NA,NA,8,8,3,0,0,1,2,67,50,17,3,21,46,7.64179104477612,7.65,7.61764705882353,7,7.95238095238095,7.5,19
"21",2003,2,7.2,5,8,6,NA,8,7,3,2,0,1,4,72,53,19,3,22,50,7.61111111111111,7.66981132075472,7.44736842105263,7,7.95454545454545,7.46,20
"22",2003,3,8.06666666666667,6,8.28,7,NA,8.2,8,5,1,0,2,4,78,58,20,3,24,54,7.64615384615385,7.72241379310345,7.425,7,7.975,7.5,21
"23",2003,4,7.35,10,7.4375,7,NA,8.66666666666667,6.78571428571429,8,2,0,3,7,88,66,22,3,27,61,7.6125,7.68787878787879,7.38636363636364,7,8.05185185185185,7.41803278688525,22
"24",2003,5,7.38461538461539,13,8.11111111111111,5.75,NA,7.42857142857143,7.33333333333333,9,4,0,7,6,101,75,26,3,34,67,7.58316831683168,7.73866666666667,7.13461538461539,7,7.92352941176471,7.41044776119403,23
"25",2003,6,7.91666666666667,12,8.33333333333333,6.66666666666667,NA,8.33333333333333,7.77777777777778,9,3,0,3,9,113,84,29,3,37,76,7.61858407079646,7.80238095238095,7.08620689655172,7,7.95675675675676,7.45394736842105,24
"26",2003,7,7.40625,40,7.58333333333333,7.03846153846154,7.5,7.6,7.37857142857143,27,13,2,5,35,153,111,42,5,42,111,7.56307189542484,7.7490990990991,7.07142857142857,7.2,7.91428571428571,7.43018018018018,25
"27",2003,8,8.03571428571429,14,8.20833333333333,7,NA,9.25,7.83333333333333,12,2,0,2,12,167,123,44,5,44,123,7.60269461077844,7.79390243902439,7.06818181818182,7.2,7.975,7.46951219512195,26
"28",2003,9,7.97777777777778,9,8.4,6.5,NA,8,7.97142857142857,7,2,0,2,7,176,130,46,5,46,130,7.621875,7.82653846153846,7.04347826086957,7.2,7.97608695652174,7.49653846153846,27
"29",2003,10,7.55555555555556,9,8,7.2,7,7.5,7.6,4,5,1,4,5,185,134,51,6,50,135,7.61864864864865,7.83171641791045,7.05882352941176,7.16666666666667,7.938,7.50037037037037,28
"30",2003,11,7.14285714285714,7,7.4,6.5,6,NA,7.14285714285714,5,2,1,0,7,192,139,53,7,50,142,7.60130208333333,7.81618705035971,7.0377358490566,7,7.938,7.48274647887324,29
"31",2003,12,7.1,10,7.57142857142857,6,NA,6.5,7.25,7,3,0,2,8,202,146,56,7,52,150,7.57648514851485,7.80445205479452,6.98214285714286,7,7.88269230769231,7.47033333333333,30
"32",2004,1,7.46428571428571,14,7.45833333333333,7.5,NA,7.5,7.44444444444444,12,2,0,5,9,216,158,58,7,57,159,7.56921296296296,7.77816455696202,7,7,7.84912280701754,7.4688679245283,31
"33",2004,2,8.03571428571429,14,8.55555555555556,7.1,7,7.92857142857143,8.14285714285714,9,5,1,7,7,230,167,63,8,64,166,7.59760869565217,7.82005988023952,7.00793650793651,7,7.8578125,7.49728915662651,32
"34",2004,3,7.5,10,7.14285714285714,8.33333333333333,NA,6.75,7.6875,7,3,0,2,8,240,174,66,8,66,174,7.59354166666667,7.79281609195402,7.06818181818182,7,7.82424242424242,7.50603448275862,33
"35",2004,4,7.5,18,7.9,5.5,NA,7.75,7.3,15,3,0,8,10,258,189,69,8,74,184,7.58701550387597,7.80132275132275,7,7,7.81621621621622,7.49483695652174,34
"36",2004,5,7.03571428571429,14,8.0625,5.66666666666667,NA,7.21428571428571,6.85714285714286,8,6,0,7,7,272,197,75,8,81,191,7.55863970588235,7.81192893401015,6.89333333333333,7,7.7641975308642,7.47146596858639,35
"37",2004,6,7.08,15,7.55555555555556,6.36666666666667,NA,5.8,7.54545454545455,9,6,0,4,11,287,206,81,8,85,202,7.53362369337979,7.80072815533981,6.85432098765432,7,7.67176470588235,7.47549504950495,36
"38",2004,7,7.76666666666667,12,7.79090909090909,7.5,7.5,9,7.65454545454545,11,1,1,1,11,299,217,82,9,86,213,7.54297658862876,7.80023041474654,6.86219512195122,7.05555555555556,7.68720930232558,7.48474178403756,37
"39",2004,8,7.56666666666667,15,8.03846153846154,4.5,NA,6.75,8.11111111111111,13,2,0,6,9,314,230,84,9,92,222,7.54410828025478,7.81369565217391,6.80595238095238,7.05555555555556,7.62608695652174,7.51013513513514,38
"40",2004,9,7.66666666666667,15,7.75,7.33333333333333,NA,8,7.5,12,3,0,5,10,329,242,87,9,97,232,7.54969604863222,7.81053719008264,6.82413793103448,7.05555555555556,7.64536082474227,7.50969827586207,39
"41",2004,10,7.97037037037037,27,8.39047619047619,6.5,7.66666666666667,8.41111111111111,7.75,21,6,3,9,18,356,263,93,12,106,250,7.5816011235955,7.85684410646388,6.80322580645161,7.20833333333333,7.71037735849057,7.527,40
"42",2004,11,7.28571428571429,28,8.10526315789474,5.55555555555556,7.66666666666667,7.45833333333333,7.15625,19,9,3,12,16,384,282,102,15,118,266,7.56002604166666,7.87358156028369,6.69313725490196,7.3,7.68474576271186,7.5046992481203,41
"43",2004,12,6.93333333333333,15,7.5,5.8,NA,7,6.88888888888889,10,5,0,6,9,399,292,107,15,124,275,7.53646616541353,7.86078767123288,6.65140186915888,7.3,7.65161290322581,7.48454545454545,42
"44",2005,1,7.78333333333333,30,7.89583333333333,7.33333333333333,9,8.08333333333333,7.58333333333333,24,6,1,12,18,429,316,113,16,136,293,7.5537296037296,7.86344936708861,6.68761061946903,7.40625,7.68970588235294,7.49061433447099,43
"45",2005,2,7.30416666666667,36,7.49814814814815,6.72222222222222,7,7.01470588235294,7.56315789473684,27,9,1,17,19,465,343,122,17,153,312,7.53440860215054,7.83469387755102,6.69016393442623,7.38235294117647,7.61470588235294,7.49503205128205,44
"46",2005,3,8.03703703703704,27,8.43478260869565,5.75,10,8.03846153846154,8.03571428571429,23,4,1,13,14,492,366,126,18,166,326,7.5619918699187,7.8724043715847,6.66031746031746,7.52777777777778,7.64789156626506,7.51825153374233,45
"47",2005,4,7.63333333333333,30,7.95833333333333,6.33333333333333,7.5,8.10714285714286,7.21875,24,6,2,14,16,522,390,132,20,180,342,7.56609195402299,7.87769230769231,6.64545454545455,7.525,7.68361111111111,7.50423976608187,46
"48",2005,5,7,22,7.84615384615385,5.77777777777778,8.5,7.08333333333333,6.9,13,9,2,12,10,544,403,141,22,192,352,7.54319852941176,7.87667493796526,6.59007092198582,7.61363636363636,7.64609375,7.48707386363636,47
"49",2005,6,7.42,25,7.85294117647059,6.5,6.5,7.20833333333333,7.61538461538461,17,8,2,12,13,569,420,149,24,204,365,7.53778558875219,7.87571428571429,6.58523489932886,7.52083333333333,7.6203431372549,7.49164383561644,48
"50",2005,7,7.86962264150943,53,8.02302325581395,7.21,7.8,7.85185185185185,7.88807692307692,43,10,2,27,26,622,463,159,26,231,391,7.56606109324759,7.88939524838013,6.62452830188679,7.54230769230769,7.6474025974026,7.51800511508951,49
"51",2005,8,7.8304347826087,69,7.97407407407407,7.31333333333333,7.55,7.85526315789474,7.8,54,15,4,38,31,691,517,174,30,269,422,7.59246020260492,7.89823984526112,6.68390804597701,7.54333333333333,7.67676579925651,7.53872037914692,50
"52",2005,9,7.59777777777778,45,7.88285714285714,6.6,6,7.52857142857143,7.62903225806452,35,10,1,14,31,736,552,184,31,283,453,7.59278532608695,7.89726449275362,6.67934782608696,7.49354838709677,7.66943462897527,7.54490066225166,51
"53",2005,10,7.42164179104478,67,7.71195652173913,6.78571428571429,6.83333333333333,7.24264705882353,7.60606060606061,46,21,3,34,33,803,598,205,34,317,486,7.57850560398505,7.88301003344482,6.69024390243902,7.43529411764706,7.62365930599369,7.54905349794239,52
"54",2005,11,7.69484126984127,63,7.87864583333333,7.10666666666667,7.16,7.67314814814815,7.71111111111111,48,15,5,27,36,866,646,220,39,344,522,7.5869688221709,7.88268575851393,6.71863636363636,7.4,7.62754360465116,7.56022988505747,53
"55",2005,12,7.49824561403509,57,7.70487804878049,6.96875,7,7.67142857142857,7.39722222222222,41,16,1,21,36,923,687,236,40,365,558,7.58148970747562,7.87207423580786,6.73559322033898,7.39,7.63006849315069,7.54971326164875,54
"56",2006,1,7.76832,75,7.71292857142857,7.93157894736842,7.84,7.65497142857143,7.8675,56,19,5,35,40,998,743,255,45,400,598,7.59553006012024,7.86007940780619,6.82470588235294,7.44,7.6322475,7.57096989966555,55
"57",2006,2,7.3575,40,7.65,6.48,6,7.43684210526316,7.28571428571429,30,10,1,19,21,1038,773,265,46,419,619,7.58635741811175,7.85192626131953,6.81169811320755,7.40869565217391,7.62338663484487,7.56129240710824,56
"58",2006,3,7.4265,60,7.55869565217391,6.99214285714286,7.33333333333333,7.46428571428571,7.3934375,46,14,3,28,32,1098,819,279,49,447,651,7.57762204007286,7.83545665445665,6.82075268817204,7.40408163265306,7.61342058165548,7.55304147465438,57
"59",2006,4,7.28048780487805,41,7.58333333333333,6.45454545454545,6.375,7,7.44230769230769,30,11,4,15,26,1139,849,290,53,462,677,7.56692625109745,7.82654770318021,6.80686206896552,7.32641509433962,7.59350432900433,7.54878877400295,58
"60",2006,5,7.55106382978723,47,7.80277777777778,6.72727272727273,6.625,7.78095238095238,7.36538461538461,36,11,4,21,26,1186,885,301,57,483,703,7.5662976391231,7.82558079096045,6.80395348837209,7.27719298245614,7.60165424430642,7.54200568990043,59
"61",2006,6,7.62061224489796,49,7.73560975609756,7.03125,7.5,7.51388888888889,7.68258064516129,41,8,2,18,31,1235,926,309,59,501,734,7.56845263157895,7.82159719222462,6.80983818770226,7.28474576271186,7.59850099800399,7.54794277929155,60
"62",2006,7,7.33012048192771,83,7.6421875,6.27894736842105,6.5,7.24102564102564,7.40909090909091,64,19,7,39,44,1318,990,328,66,540,778,7.55344385432473,7.80999898989899,6.77908536585366,7.20151515151515,7.57268333333333,7.54008997429306,61
"63",2006,8,6.97615384615385,65,7.37934782608696,6,7,7.12777777777778,6.86842105263158,46,19,1,27,38,1383,1036,347,67,567,816,7.52631164135936,7.79087741312741,6.7364265129683,7.19850746268657,7.55149735449736,7.5088112745098,62
"64",2006,9,7.37426470588235,68,7.679,6.52777777777778,7.4,7.375,7.37352941176471,50,18,5,34,34,1451,1086,365,72,601,850,7.5191860785665,7.78572651933702,6.72613698630137,7.2125,7.54151247920133,7.5034,63
"65",2006,10,7.30327868852459,61,7.54255319148936,6.5,8,7.44444444444444,7.24418604651163,47,14,1,18,43,1512,1133,379,73,619,893,7.51047552910053,7.77563901147396,6.71778364116095,7.22328767123288,7.53868982229402,7.49091825307951,64
"66",2006,11,7.41428571428571,56,7.62380952380952,6.78571428571429,7.625,7.625,7.29722222222222,42,14,4,20,36,1568,1175,393,77,639,929,7.50704017857143,7.77021191489362,6.72020356234097,7.24415584415584,7.54139123630673,7.48341227125942,65
"67",2006,12,7.28777777777778,90,7.70701754385965,6.56363636363636,7.05714285714286,7.3975,7.2,57,33,7,40,50,1658,1232,426,84,679,979,7.49513811821472,7.76728814935065,6.70807511737089,7.22857142857143,7.5329145802651,7.46893769152196,66
"68",2007,1,7.30578947368421,95,7.62575757575758,6.57758620689655,6.85,7.57407407407407,7.19926470588235,66,29,10,27,68,1753,1298,455,94,706,1047,7.4848767826583,7.76009167950693,6.69975824175824,7.18829787234043,7.53448866855524,7.45142311365807,67
"69",2007,2,7.38137730769231,78,7.758,6.70883678571429,6.71428571428571,7.27142857142857,7.47087046511628,50,28,7,35,43,1831,1348,483,101,741,1090,7.48046773894047,7.76001409495549,6.70028453416149,7.15544554455446,7.52206342780027,7.45219030275229,68
"70",2007,3,7.0961038961039,77,7.33541666666667,6.7,7,6.96296296296296,7.168,48,29,7,27,50,1908,1396,512,108,768,1140,7.46495620020964,7.74541475644699,6.70026841796875,7.14537037037037,7.50240755208333,7.43972581578947,69
"71",2007,4,7.41688311688312,77,7.61551724137931,6.81052631578947,6.97142857142857,7.79047619047619,7.27678571428571,58,19,7,21,56,1985,1454,531,115,789,1196,7.46309140050378,7.74023314993122,6.70421361581921,7.13478260869565,7.51007477820025,7.43209651337793,70
"72",2007,5,7.18767123287671,73,7.544,6.41304347826087,6.91666666666667,7.01,7.31162790697674,50,23,12,30,43,2058,1504,554,127,819,1239,7.45332188046647,7.73370944148936,6.69212532490975,7.11417322834646,7.49175702075702,7.42791560129136,71
"73",2007,6,7.30260869565217,69,7.49733333333333,6.9375,7,7.33928571428571,7.27756097560976,45,24,9,28,41,2127,1549,578,136,847,1280,7.44843273624824,7.72684247901872,6.70231389273356,7.10661764705882,7.48671664698938,7.4230995546875,72
"74",2007,7,6.93943661971831,71,7.29019607843137,6.045,4.75,6.79642857142857,7.03255813953488,51,20,4,28,43,2198,1600,598,140,875,1323,7.43199109645132,7.712924375,6.68033015050167,7.03928571428571,7.46462742857143,7.41040622071051,73
"75",2007,8,7.44027777777778,72,7.604,7.06818181818182,7.5,7.54285714285714,7.375,50,22,6,28,44,2270,1650,620,146,903,1367,7.4322539339207,7.70962363636364,6.69409262903226,7.05821917808219,7.46705315614618,7.40926659107535,74
"76",2007,9,7.28888888888889,72,7.44772727272727,7.03928571428571,6.8125,7.39565217391304,7.23877551020408,44,28,8,23,49,2342,1694,648,154,926,1416,7.42784646883006,7.70282113341204,6.70900837962963,7.04545454545455,7.46527969762419,7.40336682909605,75
"77",2007,10,7.21890243902439,82,7.595,6.63125,6.6,7.10151515151515,7.29795918367347,50,32,5,33,49,2424,1744,680,159,959,1465,7.42077823019802,7.69972993119266,6.70534916176471,7.0314465408805,7.4527622523462,7.39984124914676,76
"78",2007,11,7.20428571428571,105,7.30833333333333,7.02820512820513,7.7625,7.1972972972973,7.20808823529412,66,39,8,37,68,2529,1810,719,167,996,1533,7.41178981020166,7.68545801104972,6.72286151599444,7.06646706586826,7.44327208835342,7.39133557077626,77
"79",2007,12,7.41923076923077,104,7.61818181818182,6.85185185185185,7.3,7.47555555555556,7.37627118644068,77,27,10,45,59,2633,1887,746,177,1041,1592,7.41208371819218,7.68271277159513,6.72753006702413,7.07966101694915,7.44466762728146,7.39077728015075,78
"80",2008,1,7.19583333333333,108,7.38611111111111,6.81527777777778,7.22916666666667,7.25595238095238,7.15757575757576,72,36,12,42,66,2741,1959,782,189,1083,1658,7.4035630901131,7.67181163859112,6.73156960358056,7.08915343915344,7.43734903047091,7.38149422798552,79
"81",2008,2,7.34827586206897,87,7.5515625,6.78260869565217,6.16666666666667,7.54324324324324,7.204,64,23,6,37,50,2828,2023,805,195,1120,1708,7.40186224540311,7.6680074147306,6.73302786335404,7.06076923076923,7.44084732142857,7.37629826112412,80
"82",2008,3,7.03417721518987,79,7.36818181818182,6.61428571428571,7,7.07096774193548,7.01041666666667,44,35,8,31,48,2907,2067,840,203,1151,1756,7.39187011695906,7.66162506047412,6.72808027380952,7.05837438423645,7.43088531711555,7.36629694191344,81
"83",2008,4,7.29540322580645,62,7.72719512195122,6.45238095238095,7.08333333333333,7.94075,6.98809523809524,41,21,6,20,42,2969,2108,861,209,1171,1798,7.38985565173459,7.66290037950664,6.72135590011614,7.05909090909091,7.43959350982067,7.35746241935484,82
"84",2008,5,7.27692307692308,65,7.45652173913043,6.84210526315789,7.25,7.640625,6.92424242424242,46,19,6,32,33,3034,2154,880,215,1203,1831,7.38743619973632,7.6584930362117,6.72396298863636,7.06441860465116,7.44494098088113,7.34965452211906,83
"85",2008,6,7.2910447761194,67,7.54146341463415,6.89615384615385,6.65,7.04444444444444,7.38163265306122,41,26,6,18,49,3101,2195,906,221,1221,1880,7.38535357304095,7.65630706150342,6.72890444812362,7.05316742081448,7.43903685503686,7.35048799468085,84
"86",2008,7,7.06315789473684,95,7.25862068965517,6.75675675675676,6.97368421052632,7.01086956521739,7.11224489795918,58,37,19,46,49,3196,2253,943,240,1267,1929,7.37577641739674,7.64606924101198,6.72999727465536,7.046875,7.42349171270718,7.34443620010368,85
"87",2008,8,7.18595238095238,84,7.55208333333333,6.69777777777778,6.7,6.43478260869565,7.46918032786885,48,36,10,23,61,3280,2301,979,250,1290,1990,7.37091507012195,7.64410864841373,6.72881249233912,7.033,7.40586356589147,7.34826001507538,86
"88",2008,9,7.25754716981132,53,7.65,6.55526315789474,6.565,6.98409090909091,7.45161290322581,34,19,10,22,31,3333,2335,998,260,1312,2021,7.36911234023402,7.64419443254818,6.72550844689379,7.015,7.39879115853659,7.34984533894112,87
"89",2008,10,7.09473684210526,76,7.11875,7.05357142857143,7,7.35263157894737,7.00877192982456,48,28,10,19,57,3409,2383,1026,270,1331,2078,7.3629954326782,7.63361057490558,6.73446143274854,7.01444444444444,7.39813223140496,7.34048961982676,88
"90",2008,11,7.01881355932203,59,7.26783783783784,6.6,6,7,7.02522727272727,37,22,5,15,44,3468,2420,1048,275,1346,2122,7.35713997404844,7.62801818181818,6.73163876908397,6.996,7.39369539375929,7.33395260603205,89
"91",2008,12,6.95128205128205,78,7.342,6.25357142857143,6.38125,7.31935483870968,6.70851063829787,50,28,16,31,47,3546,2470,1076,291,1377,2169,7.34821247320925,7.62222834008097,6.71919835501859,6.96219931271478,7.39202178649238,7.32039992162287,90
"92",2009,1,7.0801724137931,116,7.40147058823529,6.625,6.55,7.15217391304348,7.03285714285714,68,48,20,46,70,3662,2538,1124,311,1423,2239,7.33972185417804,7.61631363278172,6.71517564946619,6.93569131832797,7.38426844694308,7.3114101965163,91
"93",2009,2,6.88630573248408,157,7.234,6.56829268292683,6.92307692307692,6.94848484848485,6.86975806451613,75,82,13,33,124,3819,2613,1206,324,1456,2363,7.32108180937418,7.60534022196709,6.70518858208955,6.93518518518519,7.37439148351648,7.28823420651714,92
"94",2009,3,6.9219512195122,123,7.30545454545455,6.61176470588235,6.85,7.128125,6.84945054945055,55,68,20,32,91,3942,2668,1274,344,1488,2454,7.30862796296296,7.59915817091454,6.70020206436421,6.93023255813953,7.36909543010753,7.27196309290954,93
"95",2009,4,6.76865671641791,134,7.01935483870968,6.55277777777778,6.47222222222222,7.04473684210526,6.659375,62,72,18,38,96,4076,2730,1346,362,1526,2550,7.29087620951914,7.58599047619048,6.69231606983655,6.90745856353591,7.36101834862385,7.24890095294118,94
"96",2009,5,6.80438596491228,114,7.37358490566038,6.30983606557377,6.1,7.2125,6.64512195121951,53,61,15,32,82,4190,2783,1407,377,1558,2632,7.27763995942721,7.58194538268056,6.67573378109453,6.87533156498674,7.35796790757381,7.23009020896657,95
"97",2009,6,6.96703296703297,91,7.59883720930233,6.40104166666667,6.42105263157895,7,6.95238095238095,43,48,19,28,63,4281,2826,1455,396,1586,2695,7.27103747488905,7.58220240622788,6.66667177319588,6.85353535353535,7.35164817150063,7.22359830426716,96
"98",2009,7,7.02205882352941,85,7.49038461538461,6.625,7.20833333333333,7.30603448275862,6.875,39,46,15,29,56,4366,2865,1501,411,1615,2751,7.26619020384792,7.58095253054101,6.66539469020653,6.86648418491484,7.35082910216718,7.21650215557979,97
"99",2009,8,7.05649350649351,77,7.56029411764706,6.65813953488372,6.84615384615385,7.23823529411765,7.005,34,43,13,17,60,4443,2899,1544,424,1632,2811,7.26255602745892,7.58071024491204,6.66519263601036,6.8658608490566,7.34965625,7.21198770188545,98
"100",2009,9,6.94807692307692,78,7.48333333333333,6.48928571428571,6.5,7.136,6.85943396226415,36,42,21,25,53,4521,2935,1586,445,1657,2864,7.257130376023,7.57951584327087,6.66053431904161,6.84859550561798,7.34643270971636,7.20546348812849,99
"101",2009,10,6.69893617021277,94,7.124,6.21590909090909,6.04761904761905,6.9,6.63380281690141,50,44,21,23,71,4615,2985,1630,466,1680,2935,7.24576087323944,7.57188576214405,6.64853216564417,6.8125,7.34032083333333,7.19163455877342,100
"102",2009,11,6.71727272727273,110,7.41632653061224,6.15573770491803,6.47619047619048,6.51923076923077,6.77857142857143,49,61,21,26,84,4725,3034,1691,487,1706,3019,7.23345744550265,7.56937343441002,6.63075542874039,6.79799794661191,7.32780715123095,7.18014157999338,101
"103",2009,12,6.82542553191489,94,7.32833333333333,6.41923076923077,6.31578947368421,6.984,6.76797101449275,42,52,19,25,69,4819,3076,1743,506,1731,3088,7.22549832537871,7.5660822496749,6.62444488238669,6.77989130434783,7.32284170999422,7.17093181023316,102
"104",2010,1,6.79416666666667,120,7.09322033898305,6.50491803278689,6.07916666666667,6.675,6.82395833333333,59,61,24,24,96,4939,3135,1804,530,1755,3184,7.2150185118445,7.55718309409888,6.62040323170732,6.74816037735849,7.31398233618234,7.16047029836683,103
"105",2010,2,6.73947368421053,57,7.3,6.36029411764706,6.27777777777778,6.18181818181818,6.87282608695652,23,34,9,11,46,4996,3158,1838,539,1766,3230,7.20959296036829,7.55531000633312,6.61559163764962,6.74030612244898,7.30693035107588,7.15637381733746,104
"106",2010,3,6.85536231884058,69,7.35212121212121,6.4,6.78,7.42941176470588,6.66769230769231,33,36,10,17,52,5065,3191,1874,549,1783,3282,7.20476731095755,7.55320871200251,6.61145006937033,6.741029143898,7.30809814918676,7.14863114868982,105
"107",2010,4,6.95555555555556,72,7.31944444444444,6.59166666666667,6.8,6.55882352941176,7.07818181818182,36,36,10,17,55,5137,3227,1910,559,1800,3337,7.20127436830835,7.55060086767896,6.61107718848167,6.74208407871199,7.30102166666667,7.14747001198682,106
"108",2010,5,6.63690476190476,42,6.83,6.35294117647059,6.28571428571429,6.64285714285714,6.63571428571429,25,17,7,7,35,5179,3252,1927,566,1807,3372,7.19669751496428,7.54506119311193,6.60879991177997,6.73643992932862,7.29847205312673,7.14215819395018,107
"109",2010,6,6.93541666666667,48,7.37083333333333,6.5,5.83333333333333,7.15384615384615,6.85428571428571,24,24,12,13,35,5227,3276,1951,578,1820,3407,7.19429814999043,7.5437847985348,6.60746152229626,6.71769031141869,7.29743901098901,7.13920088934547,108
"110",2010,7,7.14272727272727,55,7.56851851851852,6.73214285714286,6.26923076923077,7.16666666666667,7.13375,27,28,13,15,40,5282,3303,1979,591,1835,3447,7.1937611567588,7.54398698153194,6.60922558362809,6.70782571912014,7.29637002724796,7.13913763562518,109
"111",2010,8,7.04418604651163,43,7.23703703703704,6.71875,6.83333333333333,7.25,6.98181818181818,27,16,6,10,33,5325,3330,1995,597,1845,3480,7.19255332018779,7.5414981981982,6.61010397493734,6.70908710217755,7.29611869918699,7.13764581321839,110
"112",2010,9,7.18730158730159,63,7.60555555555556,6.62962962962963,6.9375,7.39285714285714,7.12857142857143,36,27,8,14,49,5388,3366,2022,605,1859,3529,7.19249191351151,7.54218330362448,6.61036470326409,6.71210743801653,7.29684722969338,7.13751981581185,111
"113",2010,10,6.79423076923077,52,7.09615384615385,6.49230769230769,6.21111111111111,6.725,6.81071428571429,26,26,9,10,42,5440,3392,2048,614,1869,3571,7.18868500551471,7.53876444575472,6.60886593261719,6.70476384364821,7.29378758694489,7.13367612153459,112
"114",2010,11,6.89101123595506,89,7.25102040816327,6.45,6.76666666666667,7.33333333333333,6.75441176470588,49,40,15,21,68,5529,3441,2088,629,1890,3639,7.1838933676976,7.53466695727986,6.60582252394636,6.70624006359301,7.29422698412699,7.12658901621325,113
"115",2010,12,7.1102,100,7.38310344827586,6.73333333333333,6.35833333333333,6.97888888888889,7.1390243902439,58,42,12,18,82,5629,3499,2130,641,1908,3721,7.18258419435068,7.53215461560446,6.60833682159624,6.69972698907956,7.29125209643606,7.12686305563021,114
"116",2011,1,7.07628865979381,97,7.39491525423729,6.58157894736842,6.29166666666667,7.32380952380952,7.0078947368421,59,38,12,21,76,5726,3558,2168,653,1929,3797,7.18078351903598,7.52987886453064,6.60786781826568,6.69222817764165,7.29160653188181,7.12448180932315,115
"117",2011,2,6.80802816901408,71,7.4271875,6.3,6.675,6.785625,6.81454545454545,32,39,8,16,55,5797,3590,2207,661,1945,3852,7.17621811799207,7.5289635097493,6.60242747168101,6.69201966717095,7.2874442159383,7.12005644600208,116
"118",2011,3,6.93533333333333,75,7.44714285714286,6.4875,6.33333333333333,6.90263157894737,6.94642857142857,35,40,15,19,56,5872,3625,2247,676,1964,3908,7.17314142200273,7.52817351724138,6.60038158878504,6.68406065088757,7.28372148676171,7.11756843142272,117
"119",2011,4,7.01203703703704,54,7.36153846153846,6.6875,6.55,6.89375,7.06184210526316,26,28,11,16,38,5926,3651,2275,687,1980,3946,7.17167337664529,7.52698685291701,6.60145381538461,6.68191411935953,7.2805702020202,7.11703178661936,118
"120",2011,5,6.79545454545455,66,7.64333333333333,6.08888888888889,6.25,7.38571428571429,6.63653846153846,30,36,16,14,52,5992,3681,2311,703,1994,3998,7.16752944425901,7.52793507199131,6.59346924707918,6.67208392603129,7.28130842527583,7.11078224862431,119
"121",2011,6,6.84166666666667,66,7.27051282051282,6.22222222222222,5.66666666666667,6.91304347826087,6.80348837209302,39,27,6,23,43,6058,3720,2338,709,2017,4041,7.16397927203698,7.52523629032258,6.58918196321642,6.6635754583921,7.27710907288052,7.10751235585251,120
"122",2011,7,6.74576271186441,59,7.03888888888889,6.28695652173913,7.0625,7.5,6.5531914893617,36,23,8,12,47,6117,3756,2361,717,2029,4088,7.15994546836685,7.52057481363152,6.58623779330792,6.66802649930265,7.27842730409068,7.10113929305284,121
"123",2011,8,6.94603174603175,63,7.11714285714286,6.73214285714286,6.40909090909091,7.05882352941176,6.90434782608696,35,28,11,17,46,6180,3791,2389,728,2046,4134,7.15776479449838,7.51685017145872,6.58794785684387,6.66411401098901,7.27660263929619,7.0989495476536,122
"124",2011,9,7.01230769230769,65,7.42777777777778,6.49655172413793,6.39285714285714,6.85714285714286,7.08636363636364,36,29,14,21,44,6245,3827,2418,742,2067,4178,7.15625082946357,7.51601228116018,6.58685170802316,6.65899595687332,7.27234107402032,7.0988170009574,123
"125",2011,10,6.85546875,64,7.26176470588235,6.395,6.45357142857143,6.29615384615385,6.99803921568627,34,30,14,13,51,6309,3861,2448,756,2080,4229,7.15319962434617,7.51377337477338,6.58450058415033,6.6551917989418,7.26623990384615,7.09760166233152,124
"126",2011,11,7,80,7.3,6.75454545454545,6.45,6.56842105263158,7.1344262295082,36,44,10,19,61,6389,3897,2492,766,2099,4290,7.15128133197684,7.51179856299718,6.58750298154093,6.65251305483029,7.259923296808,7.09812527505827,125
"127",2011,12,6.695,70,7.04264705882353,6.36666666666667,6.35714285714286,6.98125,6.61018518518518,34,36,14,16,54,6459,3931,2528,780,2115,4344,7.14633634153894,7.50774077842788,6.58435816060126,6.64721153846154,7.25781513002364,7.09205972145488,126
"128",2012,1,6.82055555555556,90,7.27857142857143,6.41979166666667,6.32647058823529,6.775,6.84112903225806,42,48,17,28,62,6549,3973,2576,797,2143,4406,7.14185928080623,7.5053181474956,6.58129170419255,6.64037013801757,7.25150676621559,7.08852869496142,127
"129",2012,2,6.91551724137931,58,7.14347826086957,6.76571428571429,7,6.86363636363636,6.92765957446808,23,35,9,11,47,6607,3996,2611,806,2154,4453,7.13987232177993,7.50323548548549,6.58376385675986,6.64438585607941,7.24952599814299,7.08683077251291,128
"130",2012,3,6.93306451612903,62,7.50833333333333,6.39375,6.98,7.38666666666667,6.78829787234043,30,32,10,15,47,6669,4026,2643,816,2169,4500,7.13794968211126,7.50327347242921,6.58146327279606,6.64849877450981,7.25047441217151,7.08371276222222,129
"131",2012,4,6.78666666666667,45,7.45217391304348,6.09090909090909,6,6.91666666666667,6.76666666666667,23,22,6,6,39,6714,4049,2665,822,2175,4539,7.13559523830802,7.50298320572981,6.57741366979362,6.64376520681265,7.24955356321839,7.08098863846662,130
"132",2012,5,6.85142857142857,70,7.41515151515152,6.34864864864865,6.65,6.39,6.92833333333333,33,37,14,10,60,6784,4082,2702,836,2185,4599,7.13266309404481,7.50227315041646,6.57428106217617,6.64386961722488,7.24561967963387,7.07899704935856,131
"133",2012,6,7.17539682539683,63,7.54583333333333,6.68148148148148,6.88888888888889,7.40625,7.0968085106383,36,27,9,16,47,6847,4118,2729,845,2201,4646,7.13305629180663,7.50265395823215,6.57534167460608,6.64647928994083,7.24678736937756,7.07917723417994,132
"134",2012,7,7.03048780487805,41,7.36666666666667,6.6775,6.4375,7.16666666666667,7.00714285714286,21,20,8,6,35,6888,4139,2749,853,2207,4681,7.13244576509872,7.50196400096642,6.57608491451437,6.64451934349355,7.24656955142728,7.07863863063448,133
"135",2012,8,7.0093023255814,43,7.27894736842105,6.79583333333333,7.0625,6.53333333333333,7.08648648648649,19,24,8,6,37,6931,4158,2773,861,2213,4718,7.13168178184966,7.50094492544493,6.57798681211684,6.64840301974449,7.24463578852237,7.078700175922,134
"136",2012,9,6.75625,48,7.07222222222222,6.56666666666667,6.71428571428571,6.13571428571429,7.01176470588235,18,30,7,14,34,6979,4176,2803,868,2227,4752,7.1290996460811,7.49909698275862,6.57786565465573,6.64893433179724,7.23766457117198,7.07822126052189,135
"137",2012,10,7.20909090909091,55,7.4258064516129,6.92916666666667,6.64285714285714,7.60714285714286,7.07317073170732,31,24,7,14,41,7034,4207,2827,875,2241,4793,7.12972511088997,7.49855692892798,6.58084804740007,6.64888571428572,7.23997278000892,7.07817805758398,136
"138",2012,11,6.52076923076923,65,6.77833333333333,6.3,6.44444444444444,6.8,6.47,30,35,9,10,55,7099,4237,2862,884,2251,4848,7.1241493773771,7.49345739910314,6.57741349755416,6.64680429864254,7.23801821412706,7.07127834777228,137
"139",2012,12,6.96776315789474,76,7.39024390243902,6.47285714285714,6.79615384615385,6.86923076923077,7.019,41,35,13,26,50,7175,4278,2897,897,2277,4898,7.12249288222997,7.49246820944367,6.57615030376251,6.64896878483835,7.23380720245938,7.07074467741935,138
"140",2013,1,6.57954545454545,66,6.86363636363636,6.4375,6.03333333333333,6.17857142857143,6.6875,22,44,15,14,52,7241,4300,2941,912,2291,4950,7.11754404502141,7.48925093023256,6.57407597075824,6.63884320175439,7.2273587952859,7.06671867272727,139
"141",2013,2,6.80506329113924,79,7.21111111111111,6.46511627906977,5.81,6.78461538461538,6.80909090909091,36,43,10,13,66,7320,4336,2984,922,2304,5016,7.11417164344263,7.48694165129151,6.57250584115281,6.62985357917571,7.22486067708333,7.06332883373206,140
"142",2013,3,6.95486111111111,72,7.1125,6.7578125,6.3,7.31578947368421,6.82547169811321,40,32,5,19,53,7392,4376,3016,927,2323,5069,7.11261991747836,7.48351896709324,6.57447195954907,6.62807443365696,7.22560439087387,7.06084186821858,141
"143",2013,4,6.63461538461539,52,6.48260869565217,6.7551724137931,7,7.18181818181818,6.48780487804878,23,29,9,11,41,7444,4399,3045,936,2334,5110,7.10928082079527,7.47828574676063,6.57619291625616,6.63165064102564,7.22539802913453,7.05624411545988,142
"144",2013,5,7.15666666666667,42,7.40692307692308,6.75,5.75,7.76444444444444,6.99090909090909,26,16,4,9,33,7486,4425,3061,940,2343,5143,7.10954667779856,7.47786644067797,6.5771014145704,6.62789893617022,7.22746862996159,7.05582489403072,143
"145",2013,6,6.88,60,7.30769230769231,6.55294117647059,6.41111111111111,6.83333333333333,6.88823529411765,26,34,9,9,51,7546,4451,3095,949,2352,5194,7.10772149880732,7.47687238822737,6.57683600323102,6.62584299262382,7.22596045918367,7.05417932807085,144
"146",2013,7,6.88389830508475,59,7.35322580645161,6.36428571428571,6.38,7.20454545454545,6.81041666666667,31,28,10,11,48,7605,4482,3123,959,2363,5242,7.10598506640368,7.47601717983043,6.57493033301313,6.62327945776851,7.22586077020736,7.05194723960321,145
"147",2013,8,7.15098039215686,51,7.46153846153846,6.828,6.88,8,6.82972972972973,26,25,10,14,37,7656,4508,3148,969,2377,5279,7.10628480015674,7.47593367346939,6.57694009847522,6.62592879256966,7.23042027766092,7.05038973858685,146
"148",2013,9,6.54814814814815,54,6.92105263157895,6.34571428571429,6.08333333333333,6.3875,6.61578947368421,19,35,12,16,38,7710,4527,3183,981,2393,5317,7.10237567185474,7.47360481555114,6.57439755890669,6.61929153924567,7.22478437108232,7.04728369945458,147
"149",2013,10,6.89339622641509,53,7.2,6.61964285714286,6.5125,6.68333333333333,6.95487804878049,25,28,12,12,41,7763,4552,3211,993,2405,5358,7.10094891536777,7.47210215289983,6.57479209903457,6.61800100704935,7.22208274428275,7.04657660134379,148
"150",2013,11,6.71507936507937,63,7.07272727272727,6.32166666666667,5.58333333333333,7.08461538461538,6.619,33,30,12,13,50,7826,4585,3241,1005,2418,5408,7.09784263097368,7.46922769901854,6.57244906818883,6.60564676616916,7.22134367245658,7.04262341531065,149
"151",2013,12,6.91194029850746,67,7.22702702702703,6.52333333333333,6.6375,7.4125,6.80272727272727,37,30,12,12,55,7893,4622,3271,1017,2430,5463,7.09626459267706,7.46728883600173,6.57199860287374,6.60602261553589,7.22228765432099,7.04020820611386,150
"152",2014,1,6.84393939393939,66,7.0258064516129,6.68285714285714,7.25,6.94705882352941,6.80816326530612,31,35,12,17,49,7959,4653,3306,1029,2447,5512,7.0941721862043,7.4643475177305,6.57317224137931,6.6135325558795,7.22037556191255,7.03814539731495,151
"153",2014,2,6.77307692307692,52,7.63913043478261,6.08620689655172,6.92857142857143,7.37333333333333,6.52972972972973,23,29,7,15,37,8011,4676,3335,1036,2462,5549,7.09208793284234,7.46520722840034,6.56893776011994,6.6156611969112,7.2213074735987,7.03475534871148,152
"154",2014,3,6.77115384615385,52,6.8,6.74230769230769,7.27777777777778,7.45454545454545,6.58780487804878,26,26,9,11,41,8063,4702,3361,1045,2473,5590,7.09001816073422,7.46152892386219,6.57027891401369,6.62136363636364,7.22234492519207,7.03147717889088,153
"155",2014,4,6.83921568627451,51,7.0475,6.70483870967742,6.85714285714286,7.09230769230769,6.75263157894737,20,31,7,13,38,8114,4722,3392,1052,2486,5628,7.08844175868869,7.45977530707328,6.57150867629717,6.6229325095057,7.221664923572,7.02959442608387,154
"156",2014,5,6.51973684210526,38,7.13333333333333,6.1195652173913,6.45833333333333,6.83333333333333,6.4609375,15,23,6,6,32,8152,4737,3415,1058,2492,5660,7.08579077894995,7.45874160861305,6.56846484040996,6.62199905482042,7.22072993579454,7.02637940459364,155
"157",2014,6,6.77741935483871,31,7.125,6.55789473684211,6.72,6.3,6.892,12,19,10,6,25,8183,4749,3434,1068,2498,5685,7.08462256262984,7.45789829437777,6.56840635701805,6.62291666666667,7.21851841473179,7.02578846613896,156
"158",2014,7,7.28823529411765,34,7.84705882352941,6.72941176470588,6.66,7.5625,7.20384615384615,17,17,5,8,26,8217,4766,3451,1073,2506,5711,7.08546506389193,7.45928640369283,6.56919948710519,6.62308946877913,7.21961652035116,7.02659909472947,157
"159",2014,8,6.87435897435897,39,7.53333333333333,6.4625,6.2,7.2,6.76206896551724,15,24,5,10,29,8256,4781,3475,1078,2516,5740,7.08446783309109,7.45951871993307,6.56846256978417,6.62112708719852,7.21953855325914,7.0252626184669,158
"160",2014,9,6.88888888888889,36,7.39285714285714,6.56818181818182,6.68571428571429,7.55555555555556,6.66666666666667,14,22,7,9,27,8292,4795,3497,1085,2525,5767,7.08361872045345,7.45932408759124,6.5684608035459,6.62154377880185,7.22073623762376,7.02358374024623,159
"161",2014,10,6.9,50,7.46129032258064,5.98421052631579,5.91666666666667,7.12,6.80571428571429,31,19,6,15,35,8342,4826,3516,1091,2540,5802,7.08251815272117,7.4593367177787,6.56530359215017,6.61766727772686,7.22014133858268,7.02226946397794,160
"162",2014,11,6.87510204081633,49,7.13157894736842,6.71266666666667,6.60833333333333,6.84461538461538,6.88611111111111,19,30,12,13,36,8391,4845,3546,1103,2553,5838,7.08130692766059,7.45805139318886,6.56655031866892,6.61756572982774,7.21822914218566,7.0214298441247,161
"163",2014,12,6.63333333333333,39,7.38666666666667,6.1625,5.92857142857143,6.75,6.59310344827586,15,24,7,10,29,8430,4860,3570,1110,2563,5867,7.0792344519573,7.45783106995885,6.5638340140056,6.61322072072072,7.21640226297308,7.01931266916652,162
"164",2015,1,6.80288461538461,52,7.04545454545455,6.625,6.35714285714286,7,6.78191489361702,22,30,7,5,47,8482,4882,3600,1117,2568,5914,7.07754025347796,7.45597275706678,6.56434373055556,6.61161593554163,7.21598091900311,7.01742601115996,163
"165",2015,2,6.70267857142857,56,6.74193548387097,6.654,6.395,7.22222222222222,6.6031914893617,31,25,10,9,47,8538,4913,3625,1127,2577,5961,7.07508156828297,7.45146733156931,6.56496204965517,6.60969387755102,7.21600271633683,7.01415994464016,164
"166",2015,3,6.712,50,7.21739130434783,6.28148148148148,6.25,6.96111111111111,6.65731707317073,23,27,8,9,41,8588,4936,3652,1135,2586,6002,7.07296767931998,7.45037662074555,6.5628662185104,6.60715859030837,7.21511562258314,7.0117223308897,165
"167",2015,4,6.86521739130435,46,7.7,6.27777777777778,6.075,6.75,6.91060606060606,19,27,10,13,33,8634,4955,3679,1145,2599,6035,7.07186083275423,7.45133380423815,6.56077396846969,6.60251091703057,7.21278914967295,7.01116941673571,166
"168",2015,5,6.6448275862069,29,7.10625,6.07692307692308,5.5,6.95,6.56521739130435,16,13,4,6,23,8663,4971,3692,1149,2605,6058,7.07043130901535,7.45022309394488,6.55907026814734,6.5986727589208,7.21218387715931,7.00947630075933,167
"169",2015,6,6.68888888888889,36,7.60714285714286,6.10454545454545,6.5,5.625,6.821875,14,22,10,4,32,8699,4985,3714,1159,2609,6090,7.06885233130245,7.45066379137413,6.55637787560581,6.59782139775669,7.20975047911077,7.00849054679803,168
"170",2015,7,7.03409090909091,44,7.38888888888889,6.47058823529412,6.91666666666667,6.8125,7.16071428571429,27,17,6,16,28,8743,5012,3731,1165,2625,6118,7.0686773910557,7.4503310055866,6.55598698204235,6.59946351931331,7.20732914285714,7.00918722294868,169
"171",2015,8,6.79111111111111,45,7.36842105263158,6.36923076923077,6.33333333333333,6.375,6.94242424242424,19,26,9,12,33,8788,5031,3757,1174,2637,6151,7.06725607988166,7.45002166567283,6.55469455150386,6.59742333901193,7.20354152445961,7.00882904080637,170
"172",2015,9,6.92424242424242,33,7.30555555555556,6.46666666666667,7.125,7,6.90384615384615,18,15,4,7,26,8821,5049,3772,1178,2644,6177,7.06672105543589,7.44950663497723,6.55434449363733,6.59921477079796,7.20300264750378,7.00838715072041,171
"173",2015,10,6.77159090909091,44,7,6.4975,6.7,7.22727272727273,6.61969696969697,24,20,5,11,33,8865,5073,3792,1183,2655,6210,7.06525622447829,7.44738005125173,6.55404468090717,6.59964074387152,7.20310320150659,7.00632164734299,172
"174",2015,11,6.7,50,7.35,6.1,5.57272727272727,6.41666666666667,6.78947368421053,24,26,11,12,38,8915,5097,3818,1194,2667,6248,7.06320767582726,7.4469215224642,6.55095270560503,6.59018006700168,7.19956467941507,7.0050027896927,173
"175",2015,12,6.81666666666667,51,7.37826086956522,6.35535714285714,7,6.9375,6.79418604651163,23,28,6,8,43,8966,5120,3846,1200,2675,6291,7.06180531229088,7.4466130859375,6.54952871294852,6.59222916666667,7.19878093457944,7.00356182323955,174
"176",2016,1,6.80701754385965,57,7.08333333333333,6.60606060606061,6.5625,7.05555555555556,6.76041666666667,24,33,8,9,48,9023,5144,3879,1208,2684,6339,7.06019576969966,7.44491815707621,6.55000964939417,6.59203228476821,7.19830067064084,7.00172068622811,175
"177",2016,2,6.91025641025641,39,7.80952380952381,5.86111111111111,6.6,7.625,6.7258064516129,21,18,5,8,31,9062,5165,3897,1213,2692,6370,7.05955047781947,7.44640058083253,6.54682767000256,6.59206512778236,7.19956872213967,7.00037793249607,176
"178",2016,3,6.74042553191489,47,7.00416666666667,6.46521739130435,6.31428571428571,7.33333333333333,6.65365853658537,24,23,7,6,41,9109,5189,3920,1220,2698,6411,7.05790387858162,7.4443551744074,6.54634883418367,6.59047131147541,7.1998661971831,6.99816057245359,177
"179",2016,4,7.16071428571429,28,7.4375,6.79166666666667,6.7,7.16666666666667,7.15909090909091,16,12,5,6,22,9137,5205,3932,1225,2704,6433,7.05821893728795,7.44433410182517,6.54709751525941,6.59091836734694,7.1997925295858,6.99871093269081,178
"180",2016,5,6.92714285714286,35,7.53846153846154,6.56590909090909,6.41666666666667,7.19444444444444,6.83461538461538,13,22,6,9,26,9172,5218,3954,1231,2713,6459,7.05771875599651,7.44456860866233,6.5472021825999,6.59006904955321,7.1997747880575,6.99805038396036,179
"181",2016,6,6.4625,32,7.10666666666667,5.89411764705882,6.55,5.33333333333333,6.57931034482759,15,17,4,3,29,9204,5233,3971,1235,2716,6488,7.05564932963929,7.443600038219,6.54440630319819,6.58993927125506,7.19771318114875,6.99617870376079,180
"182",2016,7,7.01621621621622,37,7.585,6.34705882352941,6.5,8.54,6.778125,20,17,2,5,32,9241,5253,3988,1237,2721,6520,7.05549144356672,7.44413839710642,6.54356505265797,6.58979385610348,7.20017971334068,6.99510850153374,181
"183",2016,8,6.52702702702703,37,7.02941176470588,6.1,6.8,6.85,6.40740740740741,17,20,5,10,27,9278,5270,4008,1242,2731,6547,7.05338396529425,7.44280056925996,6.54135165419162,6.59064009661836,7.19889747345295,6.99268480678173,182
"184",2016,9,6.46829268292683,41,7.01176470588235,6.08333333333333,6.35,7.14285714285714,6.32941176470588,17,24,10,7,34,9319,5287,4032,1252,2738,6581,7.05080978967701,7.4414146018536,6.5386253546627,6.58871805111821,7.19875420014609,6.98925808083878,183
"185",2016,10,6.84148936170213,47,7.15192307692308,6.45714285714286,6.4,7.05555555555556,6.79078947368421,26,21,8,9,38,9366,5313,4053,1260,2747,6619,7.04975938821269,7.43999792960663,6.53820316555638,6.58751984126984,7.19828503822352,6.98811866294002,184
"186",2016,11,6.78372093023256,43,7.01,6.58695652173913,6.75,6.9,6.76842105263158,20,23,8,5,38,9409,5333,4076,1268,2752,6657,7.04854356786056,7.43838533658354,6.5384782703631,6.58854495268139,7.19774309593023,6.98686456812378,185
"187",2016,12,6.67647058823529,34,6.83333333333333,6.59090909090909,6.7,6.6,6.68965517241379,12,22,5,5,29,9443,5345,4098,1273,2757,6686,7.04720390024357,7.43702694106642,6.53875974377745,6.588982717989,7.19665904969169,6.98557544570745,186
"188",2017,1,6.88403846153846,52,7.2888,6.50925925925926,6.8,7.16214285714286,6.78157894736842,25,27,5,14,38,9495,5370,4125,1278,2771,6724,7.0463103138494,7.43633687150838,6.53856664969697,6.5898082942097,7.19648466257669,6.98442258030934,187
"189",2017,2,6.96063829787234,47,7.40172413793103,6.25,6.33333333333333,6.92222222222222,6.96973684210526,29,18,3,9,38,9542,5399,4143,1281,2780,6762,7.04588832844268,7.43615095388035,6.53731292058894,6.58920765027323,7.19559676258993,6.98434005175983,188
"190",2017,3,7.01355555555556,45,7.34208333333333,6.63809523809524,6.68,7.21111111111111,6.96416666666667,24,21,5,9,36,9587,5423,4164,1286,2789,6798,7.04573656305414,7.43573464871842,6.53782118876081,6.58956065318818,7.19564682681965,6.98423322006472,189
"191",2017,4,7.06857142857143,35,7.32142857142857,6.9,7,7.06666666666667,7.06896551724138,14,21,4,6,29,9622,5437,4185,1290,2795,6827,7.04581962481813,7.43544031635093,6.5396385734767,6.59083333333333,7.19536994633274,6.98459314926029,190
"192",2017,5,7.19545454545455,44,7.69545454545455,6.69545454545455,6.35714285714286,7.7,7.1,22,22,7,7,37,9666,5459,4207,1297,2802,6864,7.0465007686737,7.4364881846492,6.54045339434276,6.58957208943716,7.19663062098501,6.98521524329837,191
"193",2017,6,6.82236842105263,38,7.0275,6.59444444444444,7,6.4,6.84583333333333,20,18,3,2,36,9704,5479,4225,1300,2804,6900,7.04562308635614,7.43499525460851,6.54068341538462,6.59051923076923,7.19606241084166,6.98448803333333,192
"194",2017,7,6.4,42,7.51428571428571,5.84285714285714,5.94444444444444,6.59090909090909,6.33225806451613,14,28,9,11,31,9746,5493,4253,1309,2815,6931,7.04284079930228,7.43519734207173,6.536089214672,6.58607715813598,7.19369769094139,6.98157083104891,193
"195",2017,8,6.63478260869565,46,7.27619047619048,6.096,6.33333333333333,6.96666666666667,6.51764705882353,21,25,9,12,34,9792,5514,4278,1318,2827,6965,7.04092385927288,7.43459176641277,6.53351739831697,6.58435128983308,7.19273399363283,6.97930616367552,194
"196",2017,9,7.01341463414634,41,7.64473684210526,6.46818181818182,6.8,7.96,6.88194444444444,19,22,6,5,36,9833,5533,4300,1324,2832,7001,7.04080915590359,7.43531339237304,6.53318312325581,6.58532854984894,7.1940886299435,6.97880551778317,195
"197",2017,10,6.99352941176471,34,7.68222222222222,6.21875,6.91666666666667,7.25,6.93857142857143,18,16,6,6,28,9867,5551,4316,1330,2838,7029,7.04064623796493,7.43611403350748,6.5320174768304,6.58682330827068,7.19420683579986,6.97864524541186,196
"198",2017,11,6.90196078431373,51,7.55,6.48387096774194,6.6875,6.63636363636364,6.975,20,31,8,11,40,9918,5571,4347,1338,2849,7069,7.03993309437387,7.43652288637588,6.53167412698413,6.58742526158446,7.192053001053,6.97862461875796,197
"199",2017,12,7.30428571428571,70,7.76578947368421,6.75625,7.45555555555556,7.20615384615385,7.32666666666667,38,32,9,13,57,9988,5609,4379,1347,2862,7126,7.04178578594313,7.43875361026921,6.53331523863896,6.59322568671121,7.19211705101328,6.98140856441201,198
"200",2018,1,7.21867469879518,83,7.73152173913043,6.58108108108108,6.22222222222222,7.65,7.15958904109589,46,37,9,10,73,10071,5655,4416,1356,2872,7199,7.04324361334525,7.44113510167993,6.53371545063406,6.59076327433628,7.19371135097493,6.98321536741214,199
"201",2018,2,7.13389830508475,59,7.44848484848485,6.73461538461538,6.86363636363636,7.48461538461538,7.03478260869565,33,26,11,13,46,10130,5688,4442,1367,2885,7245,7.04377161204344,7.44117774261604,6.5348913619991,6.59295903438186,7.19502218370884,6.98354277846791,200
"202",2018,3,7.23076923076923,65,7.4775,6.836,7.33333333333333,7.81538461538462,7.08461538461538,40,25,6,13,52,10195,5728,4467,1373,2898,7297,7.04496384796469,7.44143138966481,6.53657654578017,6.59619446467589,7.19780503795721,6.98426304371659,201
"203",2018,4,7.07542857142857,70,7.64272727272727,6.11538461538461,7.3,7.11538461538461,7.06631578947368,44,26,5,13,57,10265,5772,4493,1378,2911,7354,7.04517159571359,7.44296586971587,6.5341392009793,6.59874818577649,7.19743696324287,6.9848990250204,202
"204",2018,5,7.07692307692308,65,7.47058823529412,6.64516129032258,6.9375,7.97777777777778,6.93214285714286,34,31,12,9,56,10330,5806,4524,1390,2920,7410,7.04537138722168,7.44312762659318,6.53489996242263,6.6016726618705,7.19984212328767,6.98450032793522,203
"205",2018,6,7.38688524590164,61,7.846875,6.87931034482759,6.91666666666667,7.2,7.43265306122449,32,29,6,12,49,10391,5838,4553,1396,2932,7459,7.04737623231643,7.44534069886948,6.53709365912585,6.603026504298,7.19984276944066,6.98744435313044,204
"206",2018,7,7.23632653061224,49,7.59571428571429,6.75714285714286,6.84,6.58333333333333,7.32744186046512,28,21,5,6,43,10440,5866,4574,1401,2938,7502,7.04826306800766,7.4460584725537,6.53810394184521,6.60387223411849,7.19858373042886,6.98939315249267,205
"207",2018,8,6.93857142857143,70,7.578125,6.4,6.66923076923077,7.12142857142857,6.89285714285714,32,38,13,14,56,10510,5898,4612,1414,2952,7558,7.04753248620362,7.44677500847745,6.53696605160451,6.60447312588402,7.19821781842819,6.98867788171474,206
"208",2018,9,7.05562098039216,51,7.48166678571429,6.53695652173913,5.90625,7.10416666666667,7.04068384615385,28,23,8,12,39,10561,5926,4635,1422,2964,7597,7.04757154625509,7.44693987006413,6.53696600431499,6.60054500703235,7.19783704453441,6.98894485981308,207
"209",2018,10,7.21597222222222,72,7.69390243902439,6.58387096774194,7.64444444444444,7.96666666666667,7.14772727272727,41,31,9,6,66,10633,5967,4666,1431,2970,7663,7.04871184990125,7.44863678062678,6.53727763180454,6.60711041229909,7.19939023569024,6.9903124233329,208
"210",2018,11,7.1234375,64,7.57837837837838,6.5,6.1875,7.68181818181818,7.00754716981132,37,27,8,11,53,10697,6004,4693,1439,2981,7716,7.04915893241096,7.44943632078614,6.53706316428723,6.60477762334955,7.20117041261322,6.99043080611716,209
"211",2018,12,7.11296296296296,54,7.30645161290323,6.85217391304348,6.3,6.76923076923077,7.22195121951219,31,23,5,13,41,10751,6035,4716,1444,2994,7757,7.04947940656683,7.44870185086993,6.5385999639525,6.60372229916898,7.19929492317969,6.99165451849942,210
"212",2019,1,7.16219138888889,72,7.40661380952381,6.82,6.965,7.09411764705882,7.18323236363636,42,30,10,17,55,10823,6077,4746,1454,3011,7812,7.05022922295112,7.44841096758269,6.54037872524231,6.60620701513067,7.1987010959814,6.99300331285202,211
"213",2019,2,7.22313432835821,67,7.39146341463415,6.95769230769231,6.9,6.90833333333333,7.29181818181818,41,26,10,12,55,10890,6118,4772,1464,3023,7867,7.05129301010101,7.44802933148088,6.54265243713327,6.60821379781421,7.19754846179292,6.99509239608491,212
"214",2019,3,7.15480769230769,52,7.59814814814815,6.676,6.25,7.45,7.05641025641026,27,25,8,13,39,10942,6145,4797,1472,3036,7906,7.05178494607933,7.44868892595606,6.54334739003544,6.60626698369565,7.19862944664032,6.99539487477865,213
"215",2019,4,6.90652173913043,46,7.20434782608696,6.60869565217391,6.66666666666667,6.76666666666667,6.94054054054054,23,23,6,9,37,10988,6168,4820,1478,3045,7943,7.05117681834729,7.44777779669261,6.54365921784232,6.60651217861976,7.19735270935961,6.99513935288933,214
"216",2019,5,7.05211538461538,52,7.335,6.76923076923077,6.44444444444444,8.1,6.80261904761905,26,26,9,10,42,11040,6194,4846,1487,3055,7985,7.05118123913044,7.44730439941879,6.54486946553858,6.60553127101547,7.20030736497545,6.99412672260488,215
"217",2019,6,7.18986104166667,48,7.6125,6.76722208333333,7.375,7.51111111111111,7.11572641025641,24,24,4,9,39,11088,6218,4870,1491,3064,8024,7.05178158459596,7.4479420151174,6.54596524845996,6.60759557344064,7.2012203002611,6.99471774800598,216
"218",2019,7,7.186,50,7.62592592592593,6.6695652173913,6.80833333333333,7.28571428571429,7.14722222222222,27,23,12,14,36,11138,6245,4893,1503,3078,8060,7.05238410935536,7.44871152121697,6.54654624156959,6.60919827012641,7.20160461338532,6.99539890942928,217
"219",2019,8,7.06044776119403,67,7.47105263157895,6.52241379310345,6.76363636363636,7.25384615384615,7.01388888888889,38,29,11,13,54,11205,6283,4922,1514,3091,8114,7.05243232574744,7.44884664173166,6.54640405526209,6.61032034346103,7.20182432869621,6.99552196327335,218
"220",2019,9,7.06132075471698,53,7.71964285714286,6.324,5.85714285714286,7.3,7.00581395348837,28,25,7,10,43,11258,6311,4947,1521,3101,8157,7.05247417036774,7.45004808271272,6.54528012128562,6.60685404339251,7.20214092228313,6.99557621797229,219
"221",2019,10,7.11001666666667,60,7.53125,6.62860714285714,7,7.04545454545455,7.12451020408163,32,28,8,11,49,11318,6343,4975,1529,3112,8206,7.05277921982683,7.45045774081665,6.54574909748743,6.6089110529758,7.20158708226221,6.99634611381915,220
"222",2019,11,7.21841830985916,71,7.64122307692308,6.703125,7,7.04166666666667,7.25436779661017,39,32,10,12,59,11389,6382,5007,1539,3124,8265,7.05381182807973,7.45162349576935,6.54675489514679,6.6114522417154,7.20097279129321,6.99818801088929,221
"223",2019,12,7.09732142857143,56,7.31551724137931,6.86296296296296,7.4,7.25,7.079,29,27,3,6,50,11445,6411,5034,1542,3130,8315,7.05402471909131,7.45100782249259,6.54845088597536,6.61298638132296,7.20106677316294,6.99867395189417,222
"224",2020,1,7.27721518987342,79,7.64977272727273,6.80885714285714,6.375,7.54166666666667,7.22985074626866,44,35,10,12,67,11524,6455,5069,1552,3142,8382,7.05555474748351,7.45236268783889,6.55024891694614,6.61145296391753,7.20236760025461,7.00052182176091,223
"225",2020,2,7.14122807017544,57,7.49583333333333,6.88333333333333,6.51363636363636,7.66818181818182,7.01521739130435,24,33,11,11,46,11581,6479,5102,1563,3153,8428,7.05597641913479,7.45252371507949,6.55240332418659,6.61076455534229,7.20399270535997,7.00060203013763,224
"226",2020,3,7.07901960784314,51,7.17027777777778,6.86,6,7.09,7.07564102564103,36,15,3,12,39,11632,6515,5117,1566,3165,8467,7.05607745099725,7.45096410590944,6.55330501465702,6.60959450830141,7.20356050552923,7.00094766859572,225
"227",2020,4,7.54716981132075,53,7.74722222222222,7.12352941176471,6.73333333333333,7.2,7.62790697674419,36,17,9,10,43,11685,6551,5134,1575,3175,8510,7.0583049131365,7.45259214623722,6.55519317491235,6.61030158730159,7.20354929133858,7.00411561809636,226
"228",2020,5,6.98558139534884,43,7.23379310344828,6.47142857142857,6.45,6.98636363636364,6.9853125,29,14,5,11,32,11728,6580,5148,1580,3186,8542,7.05803827677353,7.4516278343465,6.55496537684537,6.60979430379747,7.20279943502825,7.00404517794427,227
"229",2020,6,6.9848,50,7.198,6.665,7.05,7.17,6.92631578947368,30,20,10,12,38,11778,6610,5168,1590,3198,8580,7.05772736542707,7.45047672465961,6.55539120743034,6.61256289308176,7.20267636022514,7.00370092191142,228
"230",2020,7,7.22162162162162,37,7.82727272727273,6.33333333333333,6.28571428571429,7.16666666666667,7.248,22,15,7,12,25,11815,6632,5183,1597,3210,8605,7.05824061870504,7.45172665108565,6.55474855489099,6.61113024420789,7.20254174454829,7.00441068099942,229
"231",2020,8,7.42708333333333,48,7.56388888888889,7.01666666666667,7,7.25,7.49285714285714,36,12,2,13,35,11863,6668,5195,1599,3223,8640,7.05973302790188,7.45233220605879,6.55581554571703,6.61161663539712,7.20273316785603,7.00638934143518,230
"232",2020,9,7.03125,64,7.44285714285714,6.53448275862069,6.59090909090909,7.2,6.97959183673469,35,29,11,15,49,11927,6703,5224,1610,3238,8689,7.05958018864761,7.45228273161271,6.55569712098009,6.6114751552795,7.20272050648548,7.00623822188974,231
"233",2020,10,7.40298507462687,67,7.6969696969697,7.11764705882353,6.76666666666667,7.18666666666667,7.46538461538462,33,34,12,15,52,11994,6736,5258,1622,3253,8741,7.06149849174587,7.45348146526128,6.55933087866108,6.61262330456227,7.20264648017215,7.00896967280631,232
"234",2020,11,7.23791044776119,67,7.44666666666667,6.71052631578947,6.6,6.47142857142857,7.32733333333333,48,19,5,7,60,12061,6784,5277,1627,3260,8801,7.06247847690905,7.4534332473467,6.55987526245973,6.61258451137062,7.2010763803681,7.01114008749005,233
"235",2020,12,7.10886075949367,79,7.61794871794872,6.6125,6.73333333333333,6.76,7.190625,39,40,15,15,64,12140,6823,5317,1642,3275,8865,7.06278030560132,7.45437361131467,6.56027116042881,6.61368757612668,7.19905618320611,7.01243586125211,234
"236",2021,1,7.16861538461538,65,7.2375,7.0584,6.6825,7.1,7.18109090909091,40,25,8,10,55,12205,6863,5342,1650,3285,8920,7.06334395002049,7.45310959492933,6.56260235117933,6.61402121212121,7.19875464231355,7.01347577466367,235
"237",2021,2,7.24229166666667,48,7.55107142857143,6.81,6.33333333333333,6.14285714285714,7.43,28,20,9,7,41,12253,6891,5362,1659,3292,8961,7.06404496123399,7.45350764040052,6.56352513241328,6.61249849306811,7.19650941676792,7.01538153219506,236
"238",2021,3,7.29498039215686,51,7.58907142857143,6.93695652173913,6.475,7.48266666666667,7.2547619047619,28,23,4,9,42,12304,6919,5385,1663,3301,9003,7.06500218709363,7.45405624367683,6.56512010399257,6.612167769092,7.19728960920933,7.01649826835499,237
"239",2021,4,7.232606,55,7.34838709677419,7.08305541666667,6.75,7.18461538461538,7.24746023809524,31,24,6,13,42,12359,6950,5409,1669,3314,9045,7.06574805728619,7.45358491366907,6.56741820854132,6.61266327142001,7.19723989136995,7.01757072857932,238
"240",2021,5,7.274,50,7.55,6.6875,6.7,7.54545454545455,7.1974358974359,34,16,10,11,39,12409,6984,5425,1679,3325,9084,7.06658717382545,7.45405428837343,6.56777236682027,6.61318344252531,7.19839187969925,7.01834293703214,239
"241",2021,6,7.274,50,7.66666666666667,6.685,6.32,7.59090909090909,7.18461538461538,30,20,10,11,39,12459,7014,5445,1689,3336,9123,7.06741955534152,7.45496366552609,6.56820295500459,6.61144760213144,7.19968615107914,7.01905373670941,240
"242",2021,7,7.05238095238095,42,7.40961538461538,6.471875,4.83333333333333,7.5,6.99189189189189,26,16,3,5,37,12501,7040,5461,1692,3341,9160,7.06736902967763,7.45479618607955,6.56792072697308,6.60829491725768,7.20013558814726,7.01894402183406,241
"243",2021,8,7.24615384615385,52,7.284375,7.185,7.04,7.25,7.24545454545455,32,20,5,8,44,12553,7072,5481,1697,3349,9204,7.06810963435036,7.45402504949095,6.57017243021346,6.60956688273424,7.20025470289639,7.02002686223381,242
"244",2021,9,7.39166666666667,48,7.7515625,6.671875,6.6,7.42777777777778,7.38333333333333,32,16,8,9,39,12601,7104,5497,1705,3358,9243,7.06934213475121,7.45536530827703,6.57046845370202,6.6095219941349,7.20086450268017,7.02155980093043,243
"245",2021,10,7.16912280701754,57,7.76393939393939,6.35125,5.9375,7.53333333333333,7.03904761904762,33,24,8,15,42,12658,7137,5521,1713,3373,9285,7.0697914552062,7.45679209051422,6.56951550262633,6.60638353765324,7.20234301808479,7.02163890576198,244
"246",2021,11,7.33125,72,7.4609756097561,7.15967741935484,6.95454545454545,7.63095238095238,7.2078431372549,41,31,11,21,51,12730,7178,5552,1724,3394,9336,7.07127024666143,7.45681598634717,6.57281071505763,6.60860498839907,7.20499499116087,7.02265608826049,245
"247",2021,12,7.11142857142857,70,7.42093023255814,6.61851851851852,6.6,6.77777777777778,7.16065573770492,43,27,7,9,61,12800,7221,5579,1731,3403,9397,7.0714898625,7.45660229192633,6.5730319214913,6.60857019064125,7.20386511901264,7.02355190379908,246
"248",2022,1,7.09545454545455,88,7.65555555555556,6.5093023255814,6.5,7.30833333333333,7.04071428571429,45,43,9,18,70,12888,7266,5622,1740,3421,9467,7.07165349472378,7.45783445499587,6.57254448416933,6.60800862068966,7.20441479099678,7.02367880426745,247
"249",2022,2,7.18979591836735,49,7.26451612903226,7.06111111111111,6.9,6.875,7.25121951219512,31,18,5,8,41,12937,7297,5640,1745,3429,9508,7.07210096931283,7.45701317664794,6.5741037393617,6.60884527220631,7.20364625255176,7.02465999579301,248
"250",2022,3,7.05769230769231,39,7.52272727272727,6.45588235294118,5.83333333333333,6.91153846153846,7.13076923076923,22,17,6,13,26,12976,7319,5657,1751,3442,9534,7.07205766337855,7.45721070501435,6.57374846915326,6.60618789263278,7.20254299825683,7.02494936438011,249
"251",2022,4,7.37868852459016,61,7.66923076923077,6.86363636363636,6.5,7.70833333333333,7.29795918367347,39,22,2,12,49,13037,7358,5679,1753,3454,9583,7.07349238628519,7.45833448627344,6.57487147209015,6.60606674272676,7.20430023161552,7.02634532401127,250
"252",2022,5,7.57537931034483,58,7.8968,6.86111111111111,6.85,8.106,7.43695652173913,40,18,6,12,46,13095,7398,5697,1759,3466,9629,7.07571532951509,7.4607052108678,6.57577586273477,6.60689880613985,7.20742210040392,7.02830691037491,251
"253",2022,6,7.33454545454545,55,7.75757575757576,6.7,6,7.375,7.32765957446809,33,22,4,8,47,13150,7431,5719,1763,3474,9676,7.07679788897339,7.46202357017898,6.57625373142157,6.60552183777652,7.20780800230282,7.02976097974369,252
"254",2022,7,7.614,45,7.84333333333333,7.41333333333333,6.504,7.94636363636364,7.50647058823529,21,24,5,11,34,13195,7452,5743,1768,3485,9710,7.07862995377037,7.46309811460011,6.57975188751523,6.60523472850679,7.21013916786227,7.03143019979403,253
"255",2022,8,7.4914,50,7.80166666666667,7.026,5,8.045,7.353,30,20,1,10,40,13245,7482,5763,1769,3495,9750,7.08018816459041,7.46445564688586,6.58130055353114,6.60432730356134,7.21252789699571,7.03274946051282,254
"256",2022,9,7.44145161290323,62,8.06861111111111,6.57307692307692,5.25,7.75,7.3674,36,26,2,12,50,13307,7518,5789,1771,3507,9800,7.08187136394379,7.46734864990689,6.58126361893245,6.6027978543196,7.21436698032506,7.03445686122449,255
"257",2022,10,7.39090909090909,55,7.5,7.23913043478261,7,8.2,7.18863636363636,32,23,7,11,44,13362,7550,5812,1778,3518,9844,7.08314340966921,7.4674870397351,6.58386701479697,6.60436164229472,7.21744883456509,7.03514600162535,256
"258",2022,11,7.12063492063492,63,7.27045454545455,6.77368421052632,5.9,7.14285714285714,7.11785714285714,44,19,5,7,56,13425,7594,5831,1783,3525,9900,7.08331934748604,7.46634542401896,6.58448552392385,6.6023864273696,7.21730070921986,7.03561386262626,257
"259",2022,12,7.2578947368421,57,7.65,6.71875,6.59090909090909,6.8125,7.33061224489796,33,24,11,8,49,13482,7627,5855,1794,3533,9949,7.08405742768136,7.46714004851187,6.585035882152,6.60231605351171,7.21638409283895,7.03706676449894,258
