"","year","month","avg_rating","no_ratings","avg_rating_owned","avg_rating_not_owned","avg_rating_prev_owned","avg_rating_comment","avg_rating_no_comment","no_ratings_owned","no_ratings_not_owned","no_ratings_prev_owned","no_ratings_comment","no_ratings_no_comment","cum_no_ratings","cum_no_ratings_owned","cum_no_ratings_not_owned","cum_no_ratings_prev_owned","cum_no_ratings_comment","cum_no_ratings_no_comment","cum_avg_rating","cum_avg_rating_owned","cum_avg_rating_not_owned","cum_avg_rating_prev_owned","cum_avg_rating_comment","cum_avg_rating_no_comment","month_after_release"
"1",2002,12,7,1,7,NA,NA,7,NA,1,0,0,1,0,1,1,0,0,1,0,7,7,NA,NA,7,NA,19
"2",2003,2,5,1,5,NA,NA,5,NA,1,0,0,1,0,2,2,0,0,2,0,6,6,NA,NA,6,NA,21
"3",2003,4,2.33333333333333,3,3,1,NA,2.5,2,2,1,0,2,1,5,4,1,0,4,1,3.8,4.5,1,NA,4.25,2,23
"4",2003,5,5.75,4,6.5,5,NA,6.66666666666667,3,2,2,0,3,1,9,6,3,0,7,2,4.66666666666667,5.16666666666667,3.66666666666667,NA,5.28571428571429,2.5,24
"5",2003,6,3.5,2,5,2,NA,5,2,1,1,0,1,1,11,7,4,0,8,3,4.45454545454545,5.14285714285714,3.25,NA,5.25,2.33333333333333,25
"6",2003,7,2.58695652173913,23,2.8,2.52777777777778,1.66666666666667,3.2,2.11538461538462,5,18,3,10,13,34,12,22,3,18,16,3.19117647058824,4.16666666666667,2.65909090909091,1.66666666666667,4.11111111111111,2.15625,26
"7",2003,8,2.64285714285714,7,3.375,1.66666666666667,NA,2.25,2.8,4,3,0,2,5,41,16,25,3,20,21,3.09756097560976,3.96875,2.54,1.66666666666667,3.925,2.30952380952381,27
"8",2003,9,2.25,4,NA,2.25,1,2.66666666666667,1,0,4,1,3,1,45,16,29,4,23,22,3.02222222222222,3.96875,2.5,1.5,3.76086956521739,2.25,28
"9",2003,10,4.5,4,5.5,3.5,NA,3,6,2,2,0,2,2,49,18,31,4,25,24,3.14285714285714,4.13888888888889,2.56451612903226,1.5,3.7,2.5625,29
"10",2003,11,3,1,NA,3,NA,3,NA,0,1,0,1,0,50,18,32,4,26,24,3.14,4.13888888888889,2.578125,1.5,3.67307692307692,2.5625,30
"11",2003,12,3.6,5,NA,3.6,NA,4.5,3,0,5,0,2,3,55,18,37,4,28,27,3.18181818181818,4.13888888888889,2.71621621621622,1.5,3.73214285714286,2.61111111111111,31
"12",2004,1,2.75,6,1,3.1,NA,2.5,2.875,1,5,0,2,4,61,19,42,4,30,31,3.13934426229508,3.97368421052632,2.76190476190476,1.5,3.65,2.64516129032258,32
"13",2004,2,3.625,8,3.8,3.33333333333333,NA,4.6,2,5,3,0,5,3,69,24,45,4,35,34,3.19565217391304,3.9375,2.8,1.5,3.78571428571429,2.58823529411765,33
"14",2004,3,4,1,NA,4,NA,NA,4,0,1,0,0,1,70,24,46,4,35,35,3.20714285714286,3.9375,2.82608695652174,1.5,3.78571428571429,2.62857142857143,34
"15",2004,4,2.2,5,NA,2.2,1,2.5,1,0,5,1,4,1,75,24,51,5,39,36,3.14,3.9375,2.76470588235294,1.4,3.65384615384615,2.58333333333333,35
"16",2004,5,3.875,8,5,2.75,NA,4.16666666666667,3,4,4,0,6,2,83,28,55,5,45,38,3.21084337349398,4.08928571428571,2.76363636363636,1.4,3.72222222222222,2.60526315789474,36
"17",2004,6,3.2,5,NA,3.2,4,3.33333333333333,3,0,5,1,3,2,88,28,60,6,48,40,3.21022727272727,4.08928571428571,2.8,1.83333333333333,3.69791666666667,2.625,37
"18",2004,7,2.4,5,3,1.5,NA,1.66666666666667,3.5,3,2,0,3,2,93,31,62,6,51,42,3.16666666666667,3.98387096774194,2.75806451612903,1.83333333333333,3.57843137254902,2.66666666666667,38
"19",2004,8,4.16666666666667,6,5.5,1.5,NA,6,2.33333333333333,4,2,0,3,3,99,35,64,6,54,45,3.22727272727273,4.15714285714286,2.71875,1.83333333333333,3.71296296296296,2.64444444444444,39
"20",2004,9,4,7,6.5,3,4,3.6,5,2,5,1,5,2,106,37,69,7,59,47,3.27830188679245,4.28378378378378,2.73913043478261,2.14285714285714,3.70338983050847,2.74468085106383,40
"21",2004,10,3,3,4,2.5,2.5,3,NA,1,2,2,3,0,109,38,71,9,62,47,3.27064220183486,4.27631578947368,2.73239436619718,2.22222222222222,3.66935483870968,2.74468085106383,41
"22",2004,11,3.55555555555556,9,3.6,3.5,6,3,5.5,5,4,1,7,2,118,43,75,10,69,49,3.29237288135593,4.19767441860465,2.77333333333333,2.6,3.60144927536232,2.85714285714286,42
"23",2004,12,4.1,5,4.5,4,4,4.875,1,1,4,1,4,1,123,44,79,11,73,50,3.32520325203252,4.20454545454546,2.83544303797468,2.72727272727273,3.67123287671233,2.82,43
"24",2005,1,2.8625,20,3.28571428571429,2.63461538461538,5,3.23076923076923,2.17857142857143,7,13,1,13,7,143,51,92,12,86,57,3.26048951048951,4.07843137254902,2.8070652173913,2.91666666666667,3.6046511627907,2.74122807017544,44
"25",2005,2,3.407,10,4.345,2,NA,3.29571428571429,3.66666666666667,6,4,0,7,3,153,57,96,12,93,60,3.27006535947712,4.10649122807018,2.7734375,2.91666666666667,3.58139784946237,2.7875,45
"26",2005,3,2.83333333333333,6,2.33333333333333,3.33333333333333,NA,2.8,3,3,3,0,5,1,159,60,99,12,98,61,3.25358490566038,4.01783333333333,2.79040404040404,2.91666666666667,3.5415306122449,2.79098360655738,46
"27",2005,4,1.51666666666667,6,1,1.62,3,1.62,1,1,5,1,5,1,165,61,104,13,103,62,3.19042424242424,3.96836065573771,2.73413461538462,2.92307692307692,3.44825242718447,2.76209677419355,47
"28",2005,5,1.9375,8,2.3,1.33333333333333,NA,2.08333333333333,1.5,5,3,0,6,2,173,66,107,13,109,64,3.13248554913295,3.8419696969697,2.69485981308411,2.92307692307692,3.37311926605505,2.72265625,48
"29",2005,6,3.2,5,3.5,2,NA,3.5,2,4,1,0,4,1,178,70,108,13,113,65,3.13438202247191,3.82242857142857,2.68842592592593,2.92307692307692,3.37761061946903,2.71153846153846,49
"30",2005,7,3.38888888888889,9,4.66666666666667,2.75,NA,3.875,3,3,6,0,4,5,187,73,114,13,117,70,3.14663101604278,3.85712328767123,2.69166666666667,2.92307692307692,3.39461538461538,2.73214285714286,50
"31",2005,8,1.88888888888889,9,3,1.75,1,1.85714285714286,2,1,8,1,7,2,196,74,122,14,124,72,3.08887755102041,3.84554054054054,2.62991803278689,2.78571428571429,3.30782258064516,2.71180555555556,51
"32",2005,9,4.47222222222222,9,6.5625,2.8,NA,4.8,4.0625,4,5,0,5,4,205,78,127,14,129,76,3.14960975609756,3.9848717948718,2.63661417322835,2.78571428571429,3.36565891472868,2.78289473684211,52
"33",2005,10,3.16666666666667,12,4,2.57142857142857,2,3.4,2,5,7,2,10,2,217,83,134,16,139,78,3.1505529953917,3.98578313253012,2.63320895522388,2.6875,3.36812949640288,2.76282051282051,53
"34",2005,11,3,10,2.6,3.4,3,3.4,2.6,5,5,1,5,5,227,88,139,17,144,83,3.14392070484581,3.90704545454546,2.66079136690648,2.70588235294118,3.36923611111111,2.75301204819277,54
"35",2005,12,3.29166666666667,12,3.6,1.75,NA,3.75,3.0625,10,2,0,4,8,239,98,141,17,148,91,3.15133891213389,3.87571428571429,2.64787234042553,2.70588235294118,3.37952702702703,2.78021978021978,55
"36",2006,1,3.27777777777778,18,3.4,3.125,4,3.75,2.9,10,8,1,8,10,257,108,149,18,156,101,3.16019455252918,3.83166666666667,2.67348993288591,2.77777777777778,3.39852564102564,2.79207920792079,56
"37",2006,2,3.59090909090909,11,3.35714285714286,4,NA,3.8,3.41666666666667,7,4,0,5,6,268,115,153,18,161,107,3.17787313432836,3.80278260869565,2.70816993464052,2.77777777777778,3.41099378881988,2.82710280373832,57
"38",2006,3,3,12,3.33333333333333,2.66666666666667,NA,2.42857142857143,3.8,6,6,0,7,5,280,121,159,18,168,112,3.17025,3.77950413223141,2.70660377358491,2.77777777777778,3.37005952380952,2.87053571428571,58
"39",2006,4,3.0625,8,3.6,2.16666666666667,NA,3.125,3,5,3,0,4,4,288,126,162,18,172,116,3.16725694444444,3.77238095238095,2.69660493827161,2.77777777777778,3.36436046511628,2.875,59
"40",2006,5,2.55555555555556,9,2.66666666666667,2.5,3,2.71428571428571,2,3,6,1,7,2,297,129,168,19,179,118,3.14872053872054,3.74666666666667,2.68958333333333,2.78947368421053,3.33893854748603,2.86016949152542,60
"41",2006,6,4.33333333333333,6,4.8,2,NA,4.8,2,5,1,0,5,1,303,134,169,19,184,119,3.17217821782178,3.78597014925373,2.68550295857988,2.78947368421053,3.37864130434783,2.85294117647059,61
"42",2006,7,3.66666666666667,12,4.14285714285714,3,NA,3.5,3.75,7,5,0,4,8,315,141,174,19,188,127,3.19101587301587,3.80368794326241,2.69454022988506,2.78947368421053,3.38122340425532,2.90944881889764,62
"43",2006,8,2.19230769230769,13,2.75,1.71428571428571,NA,2.40909090909091,1,6,7,0,11,2,328,147,181,19,199,129,3.15143292682927,3.76068027210884,2.65662983425414,2.78947368421053,3.32748743718593,2.87984496124031,63
"44",2006,9,3.8125,8,4.1,3.33333333333333,NA,4.5,3.125,5,3,0,4,4,336,152,184,19,203,133,3.16717261904762,3.77184210526316,2.66766304347826,2.78947368421053,3.35059113300493,2.88721804511278,64
"45",2006,10,2.35,10,2.9,1.8,NA,5,1.6875,5,5,0,2,8,346,157,189,19,205,141,3.1435549132948,3.74407643312102,2.64470899470899,2.78947368421053,3.36668292682927,2.81914893617021,65
"46",2006,11,2.45454545454545,11,3.16666666666667,1.6,NA,2.6,2.33333333333333,6,5,0,5,6,357,163,194,19,210,147,3.12232492997199,3.72282208588957,2.61778350515464,2.78947368421053,3.34842857142857,2.79931972789116,66
"47",2006,12,3.45454545454545,22,4.27272727272727,2.63636363636364,2.5,4,3.25,11,11,2,6,16,379,174,205,21,216,163,3.14160949868074,3.75758620689655,2.61878048780488,2.76190476190476,3.36652777777778,2.84355828220859,67
"48",2007,1,3.32692307692308,26,3.67857142857143,2.91666666666667,2,3.22727272727273,3.4,14,12,1,11,15,405,188,217,22,227,178,3.15350617283951,3.75170212765957,2.6352534562212,2.72727272727273,3.35977973568282,2.89044943820225,68
"49",2007,2,4.33333333333333,15,4.875,3.71428571428571,3.66666666666667,5.83333333333333,3.33333333333333,8,7,3,6,9,420,196,224,25,233,187,3.19564285714286,3.79755102040816,2.66897321428571,2.84,3.42347639484979,2.91176470588235,69
"50",2007,3,3.13333333333333,15,3.71428571428571,2.625,2,3.57142857142857,2.75,7,8,1,7,8,435,203,232,26,240,195,3.19349425287356,3.79467980295567,2.66745689655172,2.80769230769231,3.42779166666667,2.90512820512821,70
"51",2007,4,2.9,15,3.375,1,1,3.04166666666667,2.33333333333333,12,3,1,12,3,450,215,235,27,252,198,3.18371111111111,3.77125581395349,2.64617021276596,2.74074074074074,3.40940476190476,2.89646464646465,71
"52",2007,5,2.75384615384615,13,2.83333333333333,2.68571428571429,3.33333333333333,2.6,2.85,6,7,3,5,8,463,221,242,30,257,206,3.17164146868251,3.74579185520362,2.64731404958678,2.8,3.39365758754864,2.89466019417476,72
"53",2007,6,3.42857142857143,7,4,3,NA,3.16666666666667,5,3,4,0,6,1,470,224,246,30,263,207,3.17546808510638,3.74919642857143,2.6530487804878,2.8,3.38847908745247,2.9048309178744,73
"54",2007,7,3.96153846153846,13,3.3,4.375,4,2.91666666666667,4.85714285714286,5,8,2,6,7,483,229,254,32,269,214,3.19662525879917,3.73938864628821,2.70728346456693,2.875,3.37795539033457,2.96869158878505,74
"55",2007,8,4.94444444444444,9,5.21428571428571,4,6,5.75,4.3,7,2,1,4,5,492,236,256,33,273,219,3.22859756097561,3.78313559322034,2.7173828125,2.96969696969697,3.41271062271062,2.99908675799087,75
"56",2007,9,1.72222222222222,9,2.375,1.2,2,1.75,1.7,4,5,1,4,5,501,240,261,34,277,224,3.2015369261477,3.75966666666667,2.68831417624521,2.94117647058824,3.38870036101083,2.97008928571429,76
"57",2007,10,2.75,14,2.71428571428571,2.78571428571429,2.5,2.25,2.95,7,7,3,4,10,515,247,268,37,281,234,3.18926213592233,3.73004048582996,2.69085820895522,2.90540540540541,3.37249110320285,2.96923076923077,77
"58",2007,11,3.355,20,3.44444444444444,3.28181818181818,5,3.25,3.5125,9,11,3,12,8,535,256,279,40,293,242,3.19545794392523,3.72,2.71415770609319,3.0625,3.36747440273038,2.98719008264463,78
"59",2007,12,2.60869565217391,23,2.9375,2.43333333333333,3.75,2.5,2.70833333333333,8,15,4,11,12,558,264,294,44,304,254,3.17127240143369,3.69628787878788,2.69982993197279,3.125,3.33608552631579,2.9740157480315,79
"60",2008,1,3.51923076923077,26,3.57142857142857,3.45833333333333,9,4,3.30555555555556,14,12,1,8,18,584,278,306,45,312,272,3.18676369863014,3.69,2.72957516339869,3.25555555555556,3.35310897435897,2.99595588235294,80
"61",2008,2,3.63333333333333,15,4.66666666666667,2.94444444444444,3,3.25,4.4,6,9,2,10,5,599,284,315,47,322,277,3.19794657762938,3.7106338028169,2.73571428571429,3.24468085106383,3.34990683229814,3.02129963898917,81
"62",2008,3,2.85714285714286,21,3.83333333333333,2.46666666666667,3.5,2.63636363636364,3.1,6,15,2,11,10,620,290,330,49,333,287,3.18640322580645,3.7131724137931,2.72348484848485,3.25510204081633,3.32633633633634,3.02404181184669,82
"63",2008,4,3.08333333333333,12,3.78571428571429,2.1,2,3,3.25,7,5,2,8,4,632,297,335,51,341,291,3.18444620253165,3.71488215488216,2.71417910447761,3.20588235294118,3.31868035190616,3.02714776632302,83
"64",2008,5,3,10,4,2.88888888888889,3.33333333333333,2.88888888888889,4,1,9,3,9,1,642,298,344,54,350,292,3.18157320872274,3.7158389261745,2.71875,3.21296296296296,3.30762857142857,3.03047945205479,84
"65",2008,6,3.70833333333333,12,4.5,3.55,2.5,4.33333333333333,3.5,2,10,3,3,9,654,300,354,57,353,301,3.19123853211009,3.72106666666667,2.74223163841808,3.17543859649123,3.31634560906516,3.04451827242525,85
"66",2008,7,2.95238095238095,21,3.5,2.61538461538462,2,3.0625,2.88461538461538,8,13,5,8,13,675,308,367,62,361,314,3.18380740740741,3.71532467532468,2.73773841961853,3.08064516129032,3.31072022160665,3.03789808917197,86
"67",2008,8,3.55555555555556,9,4,3.33333333333333,3.33333333333333,4,3.33333333333333,3,6,3,3,6,684,311,373,65,364,320,3.18869883040936,3.71807073954984,2.74731903485255,3.09230769230769,3.3164010989011,3.0434375,87
"68",2008,9,3.13157894736842,19,3.83333333333333,2.5,2.66666666666667,3.25,3.04545454545455,9,10,6,8,11,703,320,383,71,372,331,3.18715504978663,3.7213125,2.74086161879896,3.05633802816901,3.31497311827957,3.04350453172205,88
"69",2008,10,3.15,10,2.66666666666667,3.35714285714286,2,2.66666666666667,3.875,3,7,2,6,4,713,323,390,73,378,335,3.18663394109397,3.71151702786378,2.75192307692308,3.02739726027397,3.30468253968254,3.0534328358209,89
"70",2008,11,3.15384615384615,13,4,2.42857142857143,2.5,2.6,3.5,6,7,2,5,8,726,329,397,75,383,343,3.18604683195592,3.71677811550152,2.74622166246851,3.01333333333333,3.29548302872063,3.06384839650146,90
"71",2008,12,3.20588235294118,17,4.33333333333333,2.59090909090909,2.92857142857143,3.11111111111111,3.3125,6,11,7,9,8,743,335,408,82,392,351,3.18650067294751,3.72782089552239,2.74203431372549,3.00609756097561,3.29125,3.06951566951567,91
"72",2009,1,2.92857142857143,28,3.875,2.55,2.63636363636364,2.84615384615385,3,8,20,11,13,15,771,343,428,93,405,366,3.17713359273671,3.73125364431487,2.73306074766355,2.96236559139785,3.27696296296296,3.06666666666667,92
"73",2009,2,2.788,25,3.6875,2.36470588235294,2.8,3.625,2.39411764705882,8,17,10,8,17,796,351,445,103,413,383,3.16491206030151,3.73025641025641,2.71898876404494,2.94660194174757,3.28370460048426,3.03681462140992,93
"74",2009,3,3.28125,16,3.91666666666667,2.9,4,4.5,2.55,6,10,4,6,10,812,357,455,107,419,393,3.16720443349754,3.7333893557423,2.72296703296703,2.98598130841122,3.30112171837709,3.02442748091603,94
"75",2009,4,3.39473684210526,19,4,3.23333333333333,3.91666666666667,4.25,3,4,15,6,6,13,831,361,470,113,425,406,3.17240673886883,3.73634349030471,2.73925531914894,3.0353982300885,3.31451764705882,3.02364532019704,95
"76",2009,5,2.83333333333333,15,NA,2.83333333333333,2.78571428571429,2.5,3.125,0,15,7,7,8,846,361,485,120,432,414,3.16639479905437,3.73634349030471,2.74216494845361,3.02083333333333,3.30131944444444,3.0256038647343,96
"77",2009,6,2.6875,16,3.83333333333333,2,2,3.66666666666667,2.1,6,10,4,6,10,862,367,495,124,438,424,3.15750580046404,3.73792915531335,2.72717171717172,2.98790322580645,3.30632420091324,3.00377358490566,97
"78",2009,7,3.125,24,3.875,2.75,2.64285714285714,3.55,2.82142857142857,8,16,7,10,14,886,375,511,131,448,438,3.15662528216704,3.74085333333333,2.72788649706458,2.96946564885496,3.31176339285714,2.99794520547945,98
"79",2009,8,3.45,10,4.125,3,3.5,2.33333333333333,3.92857142857143,4,6,2,3,7,896,379,517,133,451,445,3.15989955357143,3.74490765171504,2.73104448742747,2.97744360902256,3.30525498891353,3.01258426966292,99
"80",2009,9,3.08333333333333,12,4,2.16666666666667,2.66666666666667,2.85714285714286,3.4,6,6,3,7,5,908,385,523,136,458,450,3.15888766519824,3.74888311688312,2.72456978967495,2.97058823529412,3.29840611353712,3.01688888888889,100
"81",2009,10,3.16304347826087,23,3.3,3.05769230769231,3.41666666666667,3.36111111111111,3.03571428571429,10,13,3,9,14,931,395,536,139,467,464,3.1589903329753,3.73751898734177,2.73264925373134,2.98021582733813,3.29961456102784,3.01745689655172,101
"82",2009,11,3.41176470588235,17,5,2.54545454545455,2.33333333333333,3.44444444444444,3.375,6,11,3,9,8,948,401,547,142,476,472,3.16352320675106,3.75640897755611,2.72888482632541,2.96654929577465,3.30235294117647,3.02351694915254,102
"83",2009,12,3.47272727272727,22,3.14285714285714,3.62666666666667,4.3,3.5,3.44545454545455,7,15,5,11,11,970,408,562,147,487,483,3.17053608247423,3.74588235294118,2.75284697508897,3.01190476190476,3.30681724845996,3.03312629399586,103
"84",2010,1,3.36458333333333,24,3.89583333333333,2.83333333333333,3,2.85714285714286,3.57352941176471,12,12,6,7,17,994,420,574,153,494,500,3.17522132796781,3.75016666666667,2.75452961672474,3.01143790849673,3.30044534412955,3.0515,104
"85",2010,2,3.0625,8,2.66666666666667,3.3,3.5,3,3.1,3,5,2,3,5,1002,423,579,155,497,505,3.17432135728543,3.74248226950355,2.75924006908463,3.01774193548387,3.29863179074447,3.0519801980198,105
"86",2010,3,3.10714285714286,14,3.61111111111111,2.2,1.5,4,2.75,9,5,2,4,10,1016,432,584,157,501,515,3.17339566929134,3.73974537037037,2.75445205479452,2.9984076433121,3.30423153692615,3.04611650485437,106
"87",2010,4,3.16666666666667,12,3.66666666666667,2.66666666666667,4,3.33333333333333,3.11111111111111,6,6,1,3,9,1028,438,590,158,504,524,3.17331712062257,3.73874429223744,2.7535593220339,3.00474683544304,3.30440476190476,3.04723282442748,107
"88",2010,5,2.84615384615385,13,4.66666666666667,2.3,2.75,2.83333333333333,2.85714285714286,3,10,4,6,7,1041,441,600,162,510,531,3.16923150816523,3.7450566893424,2.746,2.99845679012346,3.29886274509804,3.04472693032015,108
"89",2010,6,3.03846153846154,13,4.875,2.22222222222222,2.75,3,3.05,4,9,4,3,10,1054,445,609,166,513,541,3.16761859582543,3.75521348314607,2.73825944170772,2.99246987951807,3.29711500974659,3.04482439926063,109
"90",2010,7,3.5,8,3.6,3.33333333333333,4.5,NA,3.5,5,3,2,0,8,1062,450,612,168,513,549,3.17012241054614,3.75348888888889,2.74117647058824,3.01041666666667,3.29711500974659,3.05145719489982,110
"91",2010,8,4.02727272727273,11,5.76666666666667,3.375,3,4.96,3.25,3,8,1,5,6,1073,453,620,169,518,555,3.17890959925443,3.76682119205298,2.74935483870968,3.0103550295858,3.31316602316602,3.0536036036036,111
"92",2010,9,2.58333333333333,6,1,2.9,3.25,2.5,2.66666666666667,1,5,2,3,3,1079,454,625,171,521,558,3.17559777571826,3.7607268722467,2.75056,3.01315789473684,3.30848368522073,3.05152329749104,112
"93",2010,10,2.79166666666667,12,2.75,2.83333333333333,3.33333333333333,2.875,2.625,6,6,3,8,4,1091,460,631,174,529,562,3.17137488542621,3.74754347826087,2.7513470681458,3.01867816091954,3.30192816635161,3.04848754448399,113
"94",2010,11,2.65384615384615,13,3.625,2.22222222222222,3.5,3,2.625,4,9,2,1,12,1104,464,640,176,530,574,3.16528079710145,3.74648706896552,2.74390625,3.02414772727273,3.30135849056604,3.03963414634146,114
"95",2010,12,2.35,20,3.1,1.6,1.83333333333333,2.125,2.5,10,10,3,8,12,1124,474,650,179,538,586,3.15077402135231,3.73284810126582,2.72630769230769,3.00418994413408,3.28386617100372,3.02858361774744,115
"96",2011,1,3.62,25,4.09090909090909,3.25,3.6,3.40909090909091,3.78571428571429,11,14,5,11,14,1149,485,664,184,549,600,3.16098346388164,3.74096907216495,2.73734939759036,3.02038043478261,3.2863752276867,3.04625,116
"97",2011,2,3.12380952380952,21,3.5,2.93571428571429,3.75,3.625,2.81538461538462,7,14,4,8,13,1170,492,678,188,557,613,3.16031623931624,3.7375406504065,2.74144542772861,3.03590425531915,3.29123877917415,3.04135399673736,117
"98",2011,3,2.88888888888889,18,3.42857142857143,2.54545454545455,3.5,3.42857142857143,2.54545454545455,7,11,2,7,11,1188,499,689,190,564,624,3.1562037037037,3.73320641282565,2.73831640058055,3.04078947368421,3.29294326241135,3.03261217948718,118
"99",2011,4,3.125,8,4,2.6,3,2,3.8,3,5,1,3,5,1196,502,694,191,567,629,3.15599498327759,3.73480079681275,2.73731988472623,3.04057591623037,3.28610229276896,3.03871224165342,119
"100",2011,5,3.52941176470588,17,3.75,3.33333333333333,3.8,3.5,3.55555555555556,8,9,5,8,9,1213,510,703,196,575,638,3.16122835943941,3.73503921568627,2.74495021337127,3.05994897959184,3.28907826086957,3.04600313479624,120
"101",2011,6,3,12,3,3,3.2,3.33333333333333,2.88888888888889,4,8,5,3,9,1225,514,711,201,578,647,3.15964897959184,3.72931906614786,2.7478199718706,3.0634328358209,3.28930795847751,3.04381761978362,121
"102",2011,7,4.03571428571429,14,4.1875,3.83333333333333,3.5,4.25,3.875,8,6,2,6,8,1239,522,717,203,584,655,3.16954802259887,3.73634099616858,2.75690376569038,3.06773399014778,3.29917808219178,3.05396946564886,122
"103",2011,8,3,10,3.5,2.66666666666667,2.6,3.5,2.25,4,6,5,6,4,1249,526,723,208,590,659,3.16819055244195,3.73454372623574,2.75615491009682,3.05649038461538,3.30122033898305,3.04908952959029,123
"104",2011,9,3.22222222222222,9,4,2.6,5,4,3,4,5,1,2,7,1258,530,728,209,592,666,3.16857710651828,3.73654716981132,2.75508241758242,3.06578947368421,3.30358108108108,3.04857357357357,124
"105",2011,10,2.91666666666667,12,3.83333333333333,2,3,3.33333333333333,1.66666666666667,6,6,1,9,3,1270,536,734,210,601,669,3.1661968503937,3.73763059701493,2.74891008174387,3.06547619047619,3.30402662229617,3.04237668161435,125
"106",2011,11,3.05263157894737,19,3.66666666666667,2.5,4,4.2,2.64285714285714,9,10,3,5,14,1289,545,744,213,606,683,3.16452288595811,3.73645871559633,2.74556451612903,3.07863849765258,3.31141914191419,3.03418740849195,126
"107",2011,12,3,17,3.06666666666667,2.5,3,2.66666666666667,3.18181818181818,15,2,1,6,11,1306,560,746,214,612,694,3.16238131699847,3.71851785714286,2.74490616621984,3.07827102803738,3.30509803921569,3.03652737752161,127
"108",2012,1,3.36142857142857,21,4.334,2.47727272727273,2.8,3.934,2.84090909090909,10,11,5,10,11,1327,570,757,219,622,705,3.16553127354936,3.72931578947368,2.74101717305152,3.07191780821918,3.31520900321543,3.03347517730497,128
"109",2012,2,2.83333333333333,9,3.1,2.5,1.5,3.5,2.64285714285714,5,4,2,2,7,1336,575,761,221,624,712,3.16329341317365,3.72384347826087,2.73975032851511,3.05769230769231,3.31580128205128,3.02963483146067,129
"110",2012,3,2.69375,16,3.21428571428571,2.28888888888889,3,2.275,2.83333333333333,7,9,1,4,12,1352,582,770,222,628,724,3.15773668639053,3.7177147766323,2.73448051948052,3.05743243243243,3.30917197452229,3.02638121546961,130
"111",2012,4,2.57857142857143,14,2.83333333333333,2.3875,2.4,3.03333333333333,2.45454545454545,6,8,5,3,11,1366,588,778,227,631,735,3.15180087847731,3.70869047619048,2.73091259640103,3.04295154185022,3.30786053882726,3.0178231292517,131
"112",2012,5,2.65679058823529,17,3.10594909090909,1.83333333333333,3,2.86090666666667,2.54545454545455,11,6,2,6,11,1383,599,784,229,637,746,3.14571615328995,3.69762176961603,2.72404336734694,3.04257641921397,3.3036506122449,3.01085790884719,132
"113",2012,6,3.625,16,3.76923076923077,3,NA,3.6,3.63636363636364,13,3,0,5,11,1399,612,787,229,642,757,3.15119759828449,3.69914287581699,2.72509529860229,3.04257641921397,3.30595862928349,3.01994715984148,133
"114",2012,7,4.408,15,4.4,4.424,NA,4.5,4.39384615384615,10,5,0,2,13,1414,622,792,229,644,770,3.16453001414427,3.71041067524116,2.73582070707071,3.04257641921397,3.30966683229814,3.04314285714286,134
"115",2012,8,4,10,5,3.33333333333333,3.33333333333333,4,4,4,6,3,5,5,1424,626,798,232,649,775,3.17039707865169,3.71865086261981,2.74031328320802,3.04633620689655,3.31498526964561,3.04931612903226,135
"116",2012,9,2.91176470588235,17,4,2.31818181818182,2.5,2.08333333333333,3.36363636363636,6,11,3,6,11,1441,632,809,235,655,786,3.16734589868147,3.72132189873418,2.73457354758962,3.03936170212766,3.30370296183206,3.05371501272265,136
"117",2012,10,2.9,10,3.75,2.33333333333333,1.66666666666667,3,2.85714285714286,4,6,3,3,7,1451,636,815,238,658,793,3.16550340454859,3.72150226415094,2.73161963190184,3.02205882352941,3.30231829787234,3.05197982345523,137
"118",2012,11,3.625,16,3.8,3.33333333333333,2.5,4.33333333333333,3.2,10,6,2,6,10,1467,646,821,240,664,803,3.17051495569189,3.72271739938081,2.73601705237515,3.01770833333333,3.31163469879518,3.05382316313823,138
"119",2012,12,3.43181818181818,22,4.59090909090909,2.27272727272727,2.25,3.33333333333333,3.46875,11,11,4,6,16,1489,657,832,244,670,819,3.17437571524513,3.73725333333333,2.72989182692308,3.00512295081967,3.31182901492537,3.06192918192918,139
"120",2013,1,3.30555555555556,18,4.38888888888889,2.22222222222222,3,2.66666666666667,3.625,9,9,4,6,12,1507,666,841,248,676,831,3.17594256138023,3.74605921921922,2.72445897740785,3.00504032258065,3.30610272189349,3.07006016847172,140
"121",2013,2,2.68333333333333,24,3.25,2.27857142857143,3.15,2.25,2.9,10,14,6,8,16,1531,676,855,254,684,847,3.16822040496408,3.73872106508876,2.71715789473684,3.00846456692913,3.29375064327485,3.06684769775679,141
"122",2013,3,3.15384615384615,13,3.33333333333333,3.1,3.5,4,2.9,3,10,2,3,10,1544,679,865,256,687,857,3.16809937823834,3.73692995581738,2.7215838150289,3.0123046875,3.29683470160117,3.0649008168028,142
"123",2013,4,3.09090909090909,11,3.33333333333333,2.8,3,2.85714285714286,3.5,6,5,4,7,4,1555,685,870,260,694,861,3.16755333762058,3.73339480291971,2.72203448275862,3.01211538461538,3.29239976945245,3.06692218350755,143
"124",2013,5,3.90909090909091,11,4.7,3.25,3.25,3.375,4.21428571428571,5,6,2,4,7,1566,690,876,262,698,868,3.1727620945083,3.7403991884058,2.72565068493151,3.01393129770992,3.29287312320917,3.07617511520737,144
"125",2013,6,3.51666666666667,6,3.36666666666667,3.66666666666667,4.5,5,3.22,3,3,2,1,5,1572,693,879,264,699,873,3.17407470737913,3.7387812987013,2.72886234357224,3.02518939393939,3.29531536480687,3.07699885452463,145
"126",2013,7,3.57142857142857,14,4.33333333333333,2.2,2,2.5,4,9,5,1,4,10,1586,702,884,265,703,883,3.17758224464061,3.74640376068376,2.72587104072398,3.02132075471698,3.29079009957326,3.08745186862967,146
"127",2013,8,2.5,16,3,1.85714285714286,2.5,2.5,2.5,9,7,2,4,12,1602,711,891,267,707,895,3.17081488139825,3.73695561181435,2.71904601571268,3.01741573033708,3.28631603960396,3.07957541899441,147
"128",2013,9,2.63333333333333,15,3.2,2.35,2.5,2.78571428571429,2.5,5,10,3,7,8,1617,716,901,270,714,903,3.16582896722325,3.73320592178771,2.71495005549389,3.01166666666667,3.28140817927171,3.0744407530454,148
"129",2013,10,3.40909090909091,11,4.08333333333333,2.6,3.25,2.875,3.71428571428571,6,5,4,4,7,1628,722,906,274,718,910,3.16747262899263,3.73611556786704,2.71431567328918,3.01514598540146,3.27914406685237,3.07936263736264,149
"130",2013,11,3.5375,24,4.7,2.70714285714286,3.625,4.875,3.27,10,14,4,4,20,1652,732,920,278,722,930,3.17284832929782,3.74928338797814,2.71420652173913,3.02392086330935,3.28798537396122,3.0834623655914,150
"131",2013,12,3.02272727272727,22,3.6,2.54166666666667,2.92857142857143,3.3,2.94117647058824,10,12,7,5,17,1674,742,932,285,727,947,3.17087541218638,3.74727148247978,2.71198497854077,3.02157894736842,3.28806800550206,3.08090813093981,151
"132",2014,1,3.10344827586207,29,3.10714285714286,3.1,3.25,3.31818181818182,2.97222222222222,14,15,6,11,18,1703,756,947,291,738,965,3.16972721080446,3.73541724867725,2.71813093980993,3.02628865979381,3.28851685636856,3.07888082901554,152
"133",2014,2,3.13333333333333,33,3.125,3.14117647058824,3.26363636363636,3.25,3.11724137931034,16,17,11,4,29,1736,772,964,302,742,994,3.16903539170507,3.72276611398964,2.72559128630705,3.03493377483444,3.28830921832884,3.08,153
"134",2014,3,3.31111111111111,18,3.35384615384615,3.2,NA,2.6,3.58461538461538,13,5,0,5,13,1754,785,969,302,747,1007,3.17049340935006,3.71665661146497,2.72803921568627,3.03493377483444,3.28370206157965,3.08651439920556,154
"135",2014,4,4.94444444444444,18,5.45454545454545,4.14285714285714,5,4.875,5,11,7,5,8,10,1772,796,976,307,755,1017,3.18851322799097,3.74067266331658,2.73818647540984,3.06693811074919,3.30056349668874,3.10532940019666,155
"136",2014,5,2.98055555555556,18,3.17857142857143,2.85454545454545,3.1,2.5,3.11785714285714,7,11,5,4,14,1790,803,987,312,759,1031,3.18642203351955,3.73577265255293,2.73948328267477,3.06746794871795,3.29634445322793,3.10549951503395,156
"137",2014,6,3.625,10,4.03571428571429,2.66666666666667,2.5,5.5,3.15625,7,3,2,2,8,1800,810,990,314,761,1039,3.18885857777778,3.73836474074074,2.73926262626263,3.06385350318471,3.30213592641262,3.10589027911453,157
"138",2014,7,2.44,29,3.06777777777778,2.1575,4.25,3.45,2.11863636363636,9,20,4,7,22,1829,819,1010,318,768,1061,3.17698493165664,3.73099565323565,2.72774257425743,3.07877358490566,3.30348364583333,3.08541941564562,158
"139",2014,8,3.45652173913043,23,3.71428571428571,3.05555555555556,3.3,5.33333333333333,3.175,14,9,5,3,20,1852,833,1019,323,771,1081,3.18045650107991,3.73071481392557,2.73063788027478,3.08219814241486,3.31138189364462,3.08707678075856,159
"140",2014,9,3.09090909090909,11,2.33333333333333,3.375,3.2,3.6,2.66666666666667,3,8,5,5,6,1863,836,1027,328,776,1087,3.17992777241009,3.72570028708134,2.73565725413827,3.08399390243902,3.31324154639175,3.08475620975161,160
"141",2014,10,3.04166666666667,12,4,2.08333333333333,2.5,2.25,3.2,6,6,4,2,10,1875,842,1033,332,778,1097,3.17904290133333,3.72765491686461,2.7318683446273,3.0769578313253,3.31050827763496,3.08580674567001,161
"142",2014,11,3.0625,16,3.375,2.75,3.66666666666667,4.25,2.66666666666667,8,8,3,4,12,1891,850,1041,335,782,1109,3.17805681649921,3.72433581176471,2.73200768491835,3.08223880597015,3.31531386189258,3.08127141568981,162
"143",2014,12,2.67647058823529,17,2.77272727272727,2.5,3.33333333333333,2.71428571428571,2.65,11,6,3,7,10,1908,861,1047,338,789,1119,3.17358775681342,3.71217821138211,2.73067812798472,3.0844674556213,3.30998154626109,3.07741733690795,163
"144",2015,1,3.25862068965517,29,3.61764705882353,2.75,3,3.3125,3.23809523809524,17,12,5,8,21,1937,878,1059,343,797,1140,3.17486083634486,3.71034788154898,2.7308970727101,3.0832361516035,3.31000682559599,3.08037719298246,164
"145",2015,2,2.69166666666667,24,3.38181818181818,2.10769230769231,2.65,2.82,2.65789473684211,11,13,4,5,19,1961,889,1072,347,802,1159,3.16894719020908,3.70628283464567,2.72333955223881,3.07824207492795,3.3069519201995,3.07345125107852,165
"146",2015,3,2.81481481481481,27,3.36363636363636,2.4375,2.9,2.66666666666667,2.83333333333333,11,16,5,3,24,1988,900,1088,352,805,1183,3.16413754527163,3.70209493333333,2.71913602941176,3.07571022727273,3.30456576397516,3.06857988165681,166
"147",2015,4,3.02222222222222,27,3.25714285714286,2.76923076923077,2.75,2.86,3.11764705882353,14,13,4,10,17,2015,914,1101,356,815,1200,3.16223595037221,3.69527947483589,2.71972752043597,3.07205056179775,3.29911096932515,3.069275,167
"148",2015,5,3.13684210526316,19,3.8875,2.59090909090909,3.2,3.33333333333333,3.1,8,11,5,3,16,2034,922,1112,361,818,1216,3.16199874139626,3.6969473318872,2.71845323741007,3.07382271468144,3.2992364792176,3.06967927631579,168
"149",2015,6,2.71122238095238,21,3.41812846153846,1.5625,2,3.2339175,2.58823529411765,13,8,2,4,17,2055,935,1120,363,822,1233,3.1573922676399,3.69307070588235,2.71019642857143,3.06790633608815,3.29891862530414,3.06304136253041,169
"150",2015,7,3.1,23,3.62857142857143,2.27777777777778,3.33333333333333,2.56,3.25,14,9,3,5,18,2078,949,1129,366,827,1251,3.15675703079885,3.6921191886196,2.7067493356953,3.07008196721311,3.29445116082225,3.06573141486811,170
"151",2015,8,2.6875,16,2.75,2.625,3.5,3,2.58333333333333,8,8,4,4,12,2094,957,1137,370,831,1263,3.1531714947469,3.68424358411703,2.70617414248021,3.07472972972973,3.2930338267148,3.06114806017419,171
"152",2015,9,3.46111111111111,18,3.81818181818182,2.9,2.75,2,3.54705882352941,11,7,2,1,17,2112,968,1144,372,832,1280,3.15579598011364,3.68576560950413,2.70736013986014,3.07298387096774,3.29147969951923,3.0676015625,172
"153",2015,10,3.16666666666667,12,3.66666666666667,2.66666666666667,3,5,3,6,6,2,1,11,2124,974,1150,374,833,1291,3.15585739642185,3.68564795687885,2.70714782608696,3.0725935828877,3.29353074429772,3.06702556158017,173
"154",2015,11,3.10526315789474,38,3.92857142857143,2.08823529411765,3,3.6,2.92857142857143,21,17,6,10,28,2162,995,1167,380,843,1319,3.1549681359852,3.69077498492462,2.69813196229649,3.07144736842105,3.29716620403322,3.06408642911296,174
"155",2015,12,3.0625,24,3.15384615384615,2.95454545454545,2,4.6,2.65789473684211,13,11,4,5,19,2186,1008,1178,384,848,1338,3.15395293229643,3.68385030753968,2.70052631578947,3.06028645833333,3.30484800707547,3.05831838565022,175
"156",2016,1,3.15151515151515,33,3.36842105263158,2.85714285714286,3.1875,3.57142857142857,3.03846153846154,19,14,8,7,26,2219,1027,1192,392,855,1364,3.15391667868409,3.6780147127556,2.70236577181208,3.06288265306122,3.3070305380117,3.05793988269795,176
"157",2016,2,2.85714285714286,21,3.28571428571429,2.64285714285714,2.6,2.66666666666667,2.93333333333333,7,14,5,6,15,2240,1034,1206,397,861,1379,3.15113442410714,3.67535890715667,2.70167495854063,3.05705289672544,3.30256807200929,3.05658448150834,177
"158",2016,3,3.26923076923077,13,3.8125,2.4,2.66666666666667,3.08333333333333,3.42857142857143,8,5,3,6,7,2253,1042,1211,400,867,1386,3.15181584997781,3.67641181381958,2.7004293971924,3.054125,3.30105087658593,3.0584632034632,178
"159",2016,4,3.44347826086957,23,3.78571428571429,2.91111111111111,3.5,3.86666666666667,3.29411764705882,14,9,3,6,17,2276,1056,1220,403,873,1403,3.15476322934974,3.67786089962121,2.70198360655738,3.05744416873449,3.30493827033219,3.06131860299359,179
"160",2016,5,2.84210526315789,19,3.25,2.65384615384615,2.4,3,2.8,6,13,5,4,15,2295,1062,1233,408,877,1418,3.15217477559913,3.67544360640301,2.70147607461476,3.04938725490196,3.30354744583808,3.05855430183357,180
"161",2016,6,3.61071428571429,28,3.8,3.50555555555556,3.5,4.35,3.40909090909091,10,18,4,6,22,2323,1072,1251,412,883,1440,3.1577017262161,3.6766055130597,2.71304556354916,3.05376213592233,3.31065810872027,3.06390972222222,181
"162",2016,7,2.68571428571429,14,3.37142857142857,2,2,3,2.56,7,7,2,4,10,2337,1079,1258,414,887,1450,3.15487424475824,3.67462568118628,2.70907790143084,3.04867149758454,3.30925717023675,3.06043448275862,182
"163",2016,8,2.96,25,3.6,2.53333333333333,3.57142857142857,3.28571428571429,2.83333333333333,10,15,7,7,18,2362,1089,1273,421,894,1468,3.1528116469094,3.67394041322314,2.70700706991359,3.05736342042755,3.30907282997763,3.05764986376022,183
"164",2016,9,3.08333333333333,12,3.66666666666667,2.5,4,5,2.90909090909091,6,6,1,1,11,2374,1095,1279,422,895,1479,3.15246045071609,3.67390055707763,2.70603596559812,3.0595971563981,3.31096213407821,3.05654496281271,184
"165",2016,10,3.24285714285714,14,3.06666666666667,3.375,4.66666666666667,4.66666666666667,2.85454545454545,6,8,3,3,11,2388,1101,1287,425,898,1490,3.15299041457287,3.67059138056312,2.71019425019425,3.07094117647059,3.31549121380846,3.05505369127517,185
"166",2016,11,3.14285714285714,21,4,2.36363636363636,2,2.85714285714286,3.28571428571429,10,11,2,7,14,2409,1111,1298,427,905,1504,3.15290207970112,3.67355635463546,2.70725731895223,3.06592505854801,3.31194597790055,3.05720079787234,186
"167",2016,12,3.47878787878788,33,3.63157894736842,3.27142857142857,4.1625,4.14285714285714,3.3,19,14,8,7,26,2442,1130,1312,435,912,1530,3.15730594185094,3.67285053982301,2.71327743902439,3.08609195402299,3.31832358552632,3.06132679738562,187
"168",2017,1,2.88,35,2.8125,2.93684210526316,3.5,3.11538461538462,2.74090909090909,16,19,6,13,22,2477,1146,1331,441,925,1552,3.15338761001211,3.66083866492147,2.71646882043576,3.09172335600907,3.31547147027027,3.05678479381443,188
"169",2017,2,2.95652173913043,23,3.18181818181818,2.75,2,2.66666666666667,3.05882352941176,11,12,4,6,17,2500,1157,1343,445,931,1569,3.151576444,3.65628445116681,2.71676842889054,3.08191011235955,3.31129012889366,3.0568068833652,189
"170",2017,3,3.29166666666667,24,3.9,2.27777777777778,2.16666666666667,3,3.33333333333333,15,9,3,3,21,2524,1172,1352,448,934,1590,3.15290852218701,3.6594036774744,2.71384615384615,3.07578125,3.31029026766595,3.06045911949686,190
"171",2017,4,3.52631578947368,19,4.33333333333333,2.8,3.5,4.33333333333333,3.375,9,10,4,3,16,2543,1181,1362,452,937,1606,3.15569843098702,3.66453946655377,2.71447870778267,3.07953539823009,3.31356575240128,3.06359277708593,191
"172",2017,5,2.88095238095238,21,2.66666666666667,2.96666666666667,4.66666666666667,3,2.85294117647059,6,15,6,4,17,2564,1187,1377,458,941,1623,3.15344817082683,3.65949545914069,2.71722585330428,3.10032751091703,3.31223284803401,3.06138632162662,192
"173",2017,6,2.8695652173913,23,4,2.26666666666667,3,3,2.83333333333333,8,15,4,5,18,2587,1195,1392,462,946,1641,3.15092427908775,3.6617749874477,2.71237068965517,3.09945887445887,3.31058256871036,3.05888482632541,193
"174",2017,7,3.03846153846154,26,3.47058823529412,2.22222222222222,3,2.8,3.1875,17,9,3,10,16,2613,1212,1401,465,956,1657,3.14980524684271,3.65909332508251,2.70922198429693,3.09881720430107,3.30524174686192,3.06012673506337,194
"175",2017,8,3.54411764705882,34,4.33333333333333,2.26923076923077,2.4,4.6875,3.19230769230769,21,13,5,8,26,2647,1233,1414,470,964,1683,3.15487008311296,3.67057673154907,2.70517680339462,3.0913829787234,3.31671276970954,3.06216874628639,195
"176",2017,9,3.43478260869565,23,4.4,2.69230769230769,2.5,3.2,3.5,10,13,6,5,18,2670,1243,1427,476,969,1701,3.15728131460674,3.67644497988737,2.70505956552207,3.08392857142857,3.31611053663571,3.06680188124633,196
"177",2017,10,3.11225806451613,31,5.44222222222222,2.15909090909091,1.5,2.62,3.18518518518519,9,22,5,4,27,2701,1252,1449,481,973,1728,3.1567645723806,3.68913826677316,2.6967701863354,3.06746361746362,3.31324882836588,3.06865162037037,197
"178",2017,11,3.46666666666667,30,3.8125,3.07142857142857,4,4.2,3.32,16,14,3,5,25,2731,1268,1463,484,978,1753,3.16016884291468,3.69069488170347,2.70035543403964,3.07324380165289,3.31778232106339,3.07223616657159,198
"179",2017,12,3.29032258064516,31,3.58823529411765,2.92857142857143,2.75,2.85714285714286,3.41666666666667,17,14,4,7,24,2762,1285,1477,488,985,1777,3.16162965604634,3.68933938521401,2.70251861882194,3.07059426229508,3.31450874111675,3.07688801350591,199
"180",2018,1,3.07371428571429,35,3.28947368421053,2.8175,3,3.625,3.00258064516129,19,16,6,4,31,2797,1304,1493,494,989,1808,3.1605295352163,3.68351312116564,2.70375083724046,3.06973684210526,3.31576451971689,3.0756139380531,200
"181",2018,2,3.25,20,3,3.625,3.5,3.5,3.1875,12,8,2,4,16,2817,1316,1501,496,993,1824,3.16116475328364,3.6772804787234,2.70866089273817,3.07147177419355,3.31650665659617,3.07659539473684,201
"182",2018,3,2.63636363636364,22,3.125,2.35714285714286,3.14285714285714,4,2.33333333333333,8,14,7,4,18,2839,1324,1515,503,997,1842,3.15709796054949,3.67394343655589,2.70541254125412,3.07246520874751,3.31924885656971,3.069332247557,202
"183",2018,4,3.25555555555556,27,3.74285714285714,2.73076923076923,3.5,3,3.2875,14,13,4,3,24,2866,1338,1528,507,1000,1866,3.1580255094208,3.67466450672646,2.70562827225131,3.0758382642998,3.31829111,3.07213826366559,203
"184",2018,5,2.9824,25,3.16,2.66666666666667,2.75,2.5,3.07428571428571,16,9,4,4,21,2891,1354,1537,511,1004,1887,3.15650678312003,3.66858279911374,2.70540013012362,3.07328767123288,3.31503098605578,3.07216216216216,204
"185",2018,6,3.01666666666667,24,3.20714285714286,2.75,3,3.96,2.76842105263158,14,10,5,5,19,2915,1368,1547,516,1009,1906,3.15535544082333,3.66386046052631,2.70568842921784,3.07257751937984,3.31822706640238,3.06913431269675,205
"186",2018,7,2.76470588235294,17,3.85714285714286,2,2,2.66666666666667,2.78571428571429,7,10,3,3,14,2932,1375,1557,519,1012,1920,3.15309041950887,3.66484444363636,2.70115606936416,3.06637764932563,3.31629556324111,3.06706770833333,206
"187",2018,8,3.19444444444444,27,3.4,2.9375,3.16666666666667,4.9,2.80681818181818,15,12,3,5,22,2959,1390,1569,522,1017,1942,3.15346776275769,3.66198641007194,2.70296367112811,3.0669540229885,3.3240817207473,3.06411946446962,207
"188",2018,9,3.21684210526316,19,3.92,2.25,3,2,3.54133333333333,11,8,2,4,15,2978,1401,1577,524,1021,1957,3.15387209872398,3.66401221270521,2.70066582117945,3.06669847328244,3.31889432908913,3.06777721001533,208
"189",2018,10,3.13636363636364,22,3.9375,2.67857142857143,3,2.75,3.22222222222222,8,14,3,4,18,3000,1409,1591,527,1025,1975,3.15374370333333,3.66556501774308,2.70047140163419,3.06631878557875,3.31667425365854,3.06918481012658,209
"190",2018,11,2.90869565217391,23,4,2.20714285714286,2.8,3.48333333333333,2.70588235294118,9,14,5,6,17,3023,1418,1605,532,1031,1992,3.15187929540192,3.66768766572637,2.69616822429906,3.06381578947368,3.31764414161009,3.0660843373494,210
"191",2018,12,2.8140475,28,3.355185,1.84,3,3,2.76333318181818,18,10,2,6,22,3051,1436,1615,534,1037,2014,3.14877890527696,3.66377050139276,2.69086687306501,3.06357677902622,3.3158062777242,3.062777224429,211
"192",2019,1,3.54545454545455,33,3.90909090909091,2.81818181818182,2,4.4,3.17391304347826,22,11,2,10,23,3084,1458,1626,536,1047,2037,3.15302348897536,3.66747218106996,2.69172816728167,3.05960820895522,3.32616151862464,3.06403207167403,212
"193",2019,2,3.63076923076923,26,3.6,3.65,4.25,3.5,3.67,10,16,4,6,20,3110,1468,1642,540,1053,2057,3.15701750482315,3.6670125613079,2.70106577344701,3.06842592592593,3.32715205128205,3.06992383568303,213
"194",2019,3,3.25862068965517,29,4,2.86842105263158,3.14285714285714,3.16666666666667,3.28260869565217,10,19,7,6,23,3139,1478,1661,547,1059,2080,3.15795617712647,3.66926552097429,2.70298013245033,3.06937842778793,3.32624278564684,3.07227563942308,214
"195",2019,4,2.64285714285714,14,2.8,2.25,2.5,3,2.5,10,4,2,4,10,3153,1488,1665,549,1063,2090,3.15566902632414,3.6634236827957,2.70189189189189,3.06730418943534,3.32501515522107,3.0695374784689,215
"196",2019,5,2.675,16,3.4,2.11111111111111,2.5,2,2.9,7,9,2,4,12,3169,1495,1674,551,1067,2102,3.15324217103187,3.66219026086956,2.698715651135,3.06524500907441,3.32004790065605,3.06856961465271,216
"197",2019,6,3.8,15,4.08333333333333,2.66666666666667,NA,5,3.61538461538462,12,3,0,2,13,3184,1507,1677,551,1069,2115,3.15628908291457,3.66554375580624,2.69865831842576,3.06524500907441,3.3231909354537,3.07193065248227,217
"198",2019,7,3.53076923076923,26,3.53125,3.53,2.5,2.96,3.66666666666667,16,10,4,5,21,3210,1523,1687,555,1074,2136,3.15932225545171,3.66413292186474,2.70358624777712,3.06117117117117,3.32150010242086,3.07777777621723,218
"199",2019,8,3.15357142857143,28,3.53125,2.65,1.83333333333333,2,3.24230769230769,16,12,3,2,26,3238,1539,1699,558,1076,2162,3.15927252625077,3.66275142300195,2.70320776927604,3.05456989247312,3.31904378252788,3.07975639685476,219
"200",2019,9,2.84090909090909,22,3.59090909090909,2.09090909090909,2.4,2.71428571428571,2.9,11,11,5,7,15,3260,1550,1710,563,1083,2177,3.15712406134969,3.66224157419355,2.69926900584795,3.048756660746,3.3151349122807,3.07851783647221,220
"201",2019,10,4.3,20,4.63636363636364,3.88888888888889,3,5.5,4,11,9,2,4,16,3280,1561,1719,565,1087,2193,3.16409281707317,3.66910598334401,2.70549738219895,3.04858407079646,3.32317489420423,3.08524091655267,221
"202",2019,11,4.1104347826087,23,4.08142857142857,4.15555555555556,5.5,6.66666666666667,3.727,14,9,2,3,20,3303,1575,1728,567,1090,2213,3.1706825431426,3.67277107301587,2.71304976851852,3.05723104056437,3.33237716513762,3.09104081789426,222
"203",2019,12,3.13235294117647,34,3.63888888888889,2.5625,2.66666666666667,3.1,3.13793103448276,18,16,6,5,29,3337,1593,1744,573,1095,2242,3.17029201078813,3.67238822347771,2.71166857798165,3.05314136125654,3.33131608219178,3.09164733719893,223
"204",2020,1,3.84272727272727,55,4.45285714285714,2.775,3.42857142857143,4.45,3.70777777777778,35,20,7,10,45,3392,1628,1764,580,1105,2287,3.18119529481132,3.68916734643735,2.71238662131519,3.0576724137931,3.34143991855204,3.10377058592042,224
"205",2020,2,3.27803045454545,22,3.63589769230769,2.76111111111111,1.5,2.83333333333333,3.444791875,13,9,2,6,16,3414,1641,1773,582,1111,2303,3.18181930579965,3.68874534430225,2.7126339537507,3.05231958762887,3.33869586858686,3.10613981762918,225
"206",2020,3,2.62962962962963,27,3,2.09090909090909,3.5,3.25,2.52173913043478,16,11,2,4,23,3441,1657,1784,584,1115,2326,3.17748651845394,3.68209481593241,2.70880044843049,3.05385273972603,3.33837767713005,3.1003611349957,226
"207",2020,4,3.56451612903226,31,3.43333333333333,3.6875,3.71428571428571,3.7,3.5,15,16,14,10,21,3472,1672,1800,598,1125,2347,3.18094213997696,3.67986310406699,2.7175,3.0693143812709,3.34159209777778,3.10393694077546,227
"208",2020,5,3.12121212121212,33,3.5625,2.70588235294118,2.66666666666667,4.33333333333333,2.85185185185185,16,17,6,6,27,3505,1688,1817,604,1131,2374,3.1803797746077,3.67875065758294,2.71739130434783,3.06531456953642,3.3468533244916,3.1010699241786,228
"209",2020,6,2.74074074074074,27,3.22222222222222,2.5,3,2.71428571428571,2.75,9,18,6,7,20,3532,1697,1835,610,1138,2394,3.17701900056625,3.67632946965233,2.71525885558583,3.06467213114754,3.34296231107206,3.09813700918964,229
"210",2020,7,2.80357142857143,28,3.03333333333333,2.53846153846154,6,3.5,2.6875,15,13,1,4,24,3560,1712,1848,611,1142,2418,3.17408177247191,3.67069574182243,2.71401515151515,3.06947626841244,3.34351235551664,3.0940612076096,230
"211",2020,8,3.22,25,3.53333333333333,2.75,3,4.3,2.95,15,10,5,5,20,3585,1727,1858,616,1147,2438,3.1744019832636,3.66950266936885,2.71420882669537,3.06891233766234,3.3476818744551,3.09287940935193,231
"212",2020,9,3.36153846153846,39,3.52631578947368,3.205,3.22,3.8125,3.04782608695652,19,20,5,16,23,3624,1746,1878,621,1163,2461,3.1764158692053,3.66794450744559,2.71943556975506,3.07012882447665,3.35407662080826,3.09245835026412,232
"213",2020,10,3.225,20,3.375,3,3,3,3.25,12,8,3,2,18,3644,1758,1886,624,1165,2479,3.1766825219539,3.66594488623436,2.72062566277837,3.06979166666667,3.3534687639485,3.09360225897539,233
"214",2020,11,3.36551724137931,29,3.6875,2.96923076923077,2.52,2.5,3.59130434782609,16,13,5,6,23,3673,1774,1899,629,1171,2502,3.17817345766403,3.66613929537768,2.72232754081095,3.0654213036566,3.34909573868489,3.09817745803357,234
"215",2020,12,2.72535211267606,71,3.54545454545455,2.35714285714286,2.33333333333333,2.75,2.72222222222222,22,49,15,8,63,3744,1796,1948,644,1179,2565,3.16958630074786,3.66466097438753,2.71314168377823,3.04836956521739,3.34503062765055,3.08894346978558,235
"216",2021,1,3.15704545454545,44,3.76863636363636,2.54545454545455,3.2,2.18181818181818,3.48212121212121,22,22,5,11,33,3788,1818,1970,649,1190,2598,3.16944063093981,3.66591920242024,2.71126903553299,3.04953775038521,3.33427824369748,3.0939376443418,236
"217",2021,2,3.43243243243243,37,4,3,4.14285714285714,3.4375,3.42857142857143,16,21,7,16,21,3825,1834,1991,656,1206,2619,3.17198460392157,3.6688337568157,2.7143144148669,3.06120426829268,3.33564768656717,3.09662084765178,237
"218",2021,3,3.21365625,32,3.46,2.99629411764706,3.10925,3.6837,3,15,17,4,10,22,3857,1849,2008,660,1216,2641,3.17233033704952,3.66713959437534,2.71670169322709,3.06149545454545,3.33850995888158,3.09581597879591,238
"219",2021,4,3.26086956521739,23,3.8,2.25,2.5,3.5,3.23809523809524,15,8,2,2,21,3880,1864,2016,662,1218,2662,3.17285518298969,3.66820875,2.71484970238095,3.05979909365559,3.33877513136289,3.09693839218633,239
"220",2021,5,3.14285714285714,28,3.9,2.72222222222222,1.85714285714286,4.11111111111111,2.68421052631579,10,18,7,9,19,3908,1874,2034,669,1227,2681,3.17264025332651,3.66944562966916,2.71491494591937,3.04721524663677,3.34444018744906,3.09401342782544,240
"221",2021,6,3.52592592592593,27,4.01538461538462,3.07142857142857,2.5,4.66666666666667,3.38333333333333,13,14,4,3,24,3935,1887,2048,673,1230,2705,3.1750643227446,3.67182888712242,2.71735205078125,3.04396285289747,3.3476651300813,3.09658040665434,241
"222",2021,7,2.63461538461538,26,3.22222222222222,2.32352941176471,2.25,2,2.71739130434783,9,17,4,3,23,3961,1896,2065,677,1233,2728,3.17151681646049,3.66969467827004,2.71410992736077,3.0392717872969,3.34438613949716,3.09338343108504,242
"223",2021,8,3.78421052631579,19,3.99333333333333,3,NA,4.4,3.425,15,4,0,7,12,3980,1911,2069,677,1240,2740,3.1744417361809,3.67223501308216,2.71466263895602,3.0392717872969,3.35034525,3.09483576642336,243
"224",2021,9,3.69090909090909,33,3.5,3.92,4,3.26,3.76785714285714,18,15,3,5,28,4013,1929,2084,680,1245,2768,3.17868878893596,3.6706278434422,2.72333829174664,3.04351029411765,3.34998241767068,3.10164378612717,244
"225",2021,10,3.375,28,4.66666666666667,2.40625,2.71428571428571,4.42857142857143,3.02380952380952,12,16,7,7,21,4041,1941,2100,687,1252,2789,3.18004902499381,3.67678573415765,2.72092238095238,3.0401557496361,3.35601286741214,3.10105772678379,245
"226",2021,11,3.74678571428571,28,4.363125,2.925,3.3,3.875,3.72541666666667,16,12,5,4,24,4069,1957,2112,692,1256,2813,3.18394890882281,3.6823970924885,2.72208191287879,3.04203323699422,3.35766569267516,3.10638464273018,246
"227",2021,12,3.19512195121951,41,3.81818181818182,2.47368421052632,2.5,2.08333333333333,3.38571428571429,22,19,6,6,35,4110,1979,2131,698,1262,2848,3.18406036739659,3.68390657402729,2.71986719849836,3.03737392550143,3.35160706022187,3.10981741573034,247
"228",2022,1,3.28701298701299,77,3.97954545454545,2.36363636363636,2.9,3.60666666666667,3.20967741935484,44,33,10,15,62,4187,2023,2164,708,1277,2910,3.18595369238118,3.69033668314385,2.71443484288355,3.03543361581921,3.35460306186374,3.11194501718213,248
"229",2022,2,2.93939393939394,33,3.15384615384615,2.8,2.75,4.5,2.72413793103448,13,20,8,4,29,4220,2036,2184,716,1281,2939,3.18402561848341,3.68691115422397,2.71521840659341,3.03224441340782,3.35817963309914,3.10811840762164,249
"230",2022,3,3.22555566666667,30,4.06941176470588,2.12205153846154,1.5,2.33333333333333,3.32469148148148,17,13,6,3,27,4250,2053,2197,722,1284,2966,3.18431877176471,3.69007847540185,2.71170854346837,3.01951108033241,3.35578513239876,3.11008990896831,250
"231",2022,4,4.08333333333333,33,4.53125,2.88888888888889,3.5,4.08333333333333,4.08333333333333,24,9,2,6,27,4283,2077,2206,724,1290,2993,3.19124557086155,3.69979831969186,2.71243140072529,3.02083839779005,3.35916907751938,3.11886958569997,251
"232",2022,5,3.54,35,4.18461538461538,3.15909090909091,4.5,2.92857142857143,3.69285714285714,13,22,4,7,28,4318,2090,2228,728,1297,3021,3.19407243631311,3.70281392822966,2.71684186265709,3.02896565934066,3.35684511179646,3.12418956305859,252
"233",2022,6,3.75,22,3.5625,3.85714285714286,3.8,4.5,3.58333333333333,8,14,5,4,18,4340,2098,2242,733,1301,3039,3.19689050230415,3.70227888941849,2.72396238626227,3.03422510231924,3.36035980784012,3.12690907206318,253
"234",2022,7,3.24193548387097,31,3.75,2.82352941176471,3.4,2.9375,3.34782608695652,14,17,5,8,23,4371,2112,2259,738,1309,3062,3.19720997025852,3.70259522253788,2.72471167330677,3.03670325203252,3.35777548510313,3.12856847485304,254
"235",2022,8,3.60810810810811,37,4,3.19444444444444,3.1,4.25,3.43103448275862,19,18,5,8,29,4408,2131,2277,743,1317,3091,3.20065897912886,3.70524688409198,2.72842497584541,3.03712920592194,3.36319522399393,3.13140623422841,255
"236",2022,9,3.08,25,4.71428571428571,2.44444444444444,3.66666666666667,4.14285714285714,2.66666666666667,7,18,3,7,18,4433,2138,2295,746,1324,3109,3.19997852018949,3.70855056594949,2.72619767755991,3.03966085790885,3.36731730362538,3.12871555805725,256
"237",2022,10,2.93478260869565,23,2.54545454545455,3.29166666666667,2,4,2.71052631578947,11,12,3,4,19,4456,2149,2307,749,1328,3128,3.19860969030521,3.70259707305724,2.72913899869961,3.03549666221629,3.36922297439759,3.12617540601023,257
"238",2022,11,3.02914285714286,35,3.31294117647059,2.76111111111111,3.06666666666667,4.04,2.86066666666667,17,18,3,5,30,4491,2166,2325,752,1333,3158,3.19728897350256,3.69953883194829,2.72938652473118,3.0356210106383,3.37173901725432,3.12365315706143,258
"239",2022,12,3.29111111111111,45,3.95,2.85185185185185,3.6,4.76666666666667,3.06410256410256,18,27,5,6,39,4536,2184,2352,757,1339,3197,3.19821974867725,3.70160307234432,2.73079237670068,3.03934874504623,3.37798962658701,3.12292670315921,259
