"","year","month","avg_rating","no_ratings","avg_rating_owned","avg_rating_not_owned","avg_rating_prev_owned","avg_rating_comment","avg_rating_no_comment","no_ratings_owned","no_ratings_not_owned","no_ratings_prev_owned","no_ratings_comment","no_ratings_no_comment","cum_no_ratings","cum_no_ratings_owned","cum_no_ratings_not_owned","cum_no_ratings_prev_owned","cum_no_ratings_comment","cum_no_ratings_no_comment","cum_avg_rating","cum_avg_rating_owned","cum_avg_rating_not_owned","cum_avg_rating_prev_owned","cum_avg_rating_comment","cum_avg_rating_no_comment","month_after_release"
"1",2009,8,9,1,9,NA,NA,9,NA,1,0,0,1,0,1,1,0,0,1,0,9,9,NA,NA,9,NA,-25
"2",2010,2,10,1,10,NA,NA,10,NA,1,0,0,1,0,2,2,0,0,2,0,9.5,9.5,NA,NA,9.5,NA,-19
"3",2010,6,7,1,NA,7,NA,NA,7,0,1,0,0,1,3,2,1,0,2,1,8.66666666666667,9.5,7,NA,9.5,7,-15
"4",2010,12,8,1,8,NA,NA,NA,8,1,0,0,0,1,4,3,1,0,2,2,8.5,9,7,NA,9.5,7.5,-9
"5",2011,6,7,1,NA,7,NA,7,NA,0,1,0,1,0,5,3,2,0,3,2,8.2,9,7,NA,8.66666666666667,7.5,-3
"6",2011,7,7,1,7,NA,NA,NA,7,1,0,0,0,1,6,4,2,0,3,3,8,8.5,7,NA,8.66666666666667,7.33333333333333,-2
"7",2011,8,7.6,6,8.86666666666667,6.33333333333333,NA,6.86666666666667,8.33333333333333,3,3,0,3,3,12,7,5,0,6,6,7.8,8.65714285714286,6.6,NA,7.76666666666667,7.83333333333333,-1
"8",2011,9,7.375,12,9.5,6.3125,7,9.25,6.4375,4,8,2,4,8,24,11,13,2,10,14,7.5875,8.96363636363636,6.42307692307692,7,8.36,7.03571428571429,0
"9",2011,10,7.35833333333333,36,7.92307692307692,7.03913043478261,7.16666666666667,7.62307692307692,7.20869565217391,13,23,6,13,23,60,24,36,8,23,37,7.45,8.4,6.81666666666667,7.125,7.94347826086956,7.14324324324324,1
"10",2011,11,7.45538461538462,130,8.12033898305085,6.90281690140845,7.36666666666667,6.93414634146342,7.69550561797753,59,71,12,41,89,190,83,107,20,64,126,7.45368421052632,8.20120481927711,6.87383177570093,7.27,7.296875,7.53333333333333,2
"11",2011,12,7.28142857142857,105,7.76777777777778,6.91666666666667,6.92857142857143,7.11612903225806,7.35067567567568,45,60,7,31,74,295,128,167,27,95,200,7.39237288135593,8.048828125,6.88922155688623,7.18148148148148,7.23789473684211,7.46575,3
"12",2012,1,7.35882352941176,85,8.046875,6.94339622641509,7.45454545454545,6.96607142857143,7.55175438596491,32,53,11,28,57,380,160,220,38,123,257,7.38486842105263,8.0484375,6.90227272727273,7.26052631578947,7.1760162601626,7.48482490272374,4
"13",2012,2,7.44850746268657,67,7.87857142857143,6.978125,6.85,7.04,7.62234042553191,35,32,10,20,47,447,195,252,48,143,304,7.39440715883669,8.01794871794872,6.91190476190476,7.175,7.15699300699301,7.50608552631579,5
"14",2012,3,7.278,50,7.644,6.912,7,6.65,7.435,25,25,8,10,40,497,220,277,56,153,344,7.38269617706237,7.97545454545454,6.91191335740072,7.15,7.12385620915033,7.49781976744186,6
"15",2012,4,7.19818181818182,55,8.028125,6.85769230769231,6.91666666666667,6.92941176470588,7.31842105263158,16,39,12,17,38,552,236,316,68,170,382,7.3643115942029,7.97902542372881,6.90522151898734,7.10882352941176,7.10441176470588,7.47997382198953,7
"16",2012,5,7.3875,42,8.1,6.99166666666667,6.57142857142857,7.20454545454545,7.45241935483871,15,27,7,11,31,594,251,343,75,181,413,7.36595117845118,7.98625498007968,6.91202623906706,7.05866666666667,7.11049723756906,7.47790556900727,8
"17",2012,6,7.81341463414634,41,8.31041666666667,7.11176470588235,7.16666666666667,7.525,7.998,24,17,3,16,25,635,275,360,78,197,438,7.39484251968504,8.01454545454545,6.92145833333333,7.06282051282051,7.14416243654822,7.50759132420091,9
"18",2012,7,7.4332,50,8.19380952380952,6.88241379310345,7.1875,7.21692307692308,7.50918918918919,21,29,4,13,37,685,296,389,82,210,475,7.39764233576642,8.02726351351351,6.91854755784062,7.06890243902439,7.14866666666667,7.50771578947368,10
"19",2012,8,7.49710144927536,69,8.13939393939394,6.90833333333333,7,7.8,7.382,33,36,9,19,50,754,329,425,91,229,525,7.40674403183024,8.03851063829787,6.91768235294118,7.06208791208791,7.20270742358079,7.49574285714286,11
"20",2012,9,7.25833333333333,48,7.80555555555556,6.93,7.5,7.21428571428571,7.27647058823529,18,30,8,14,34,802,347,455,99,243,559,7.39786159600998,8.0264265129683,6.91849450549451,7.09747474747475,7.20337448559671,7.4824060822898,12
"21",2012,10,7.09359375,64,7.71111111111111,6.64297297297297,6.8,6.80294117647059,7.19872340425532,27,37,5,17,47,866,374,492,104,260,606,7.3753752886836,8.00366310160428,6.8977743902439,7.08317307692308,7.17719230769231,7.46040429042904,13
"22",2012,11,7.41111111111111,63,7.816,7.14473684210526,7.25,7.73684210526316,7.27045454545455,25,38,6,19,44,929,399,530,110,279,650,7.37779870828848,7.99190476190476,6.91548113207547,7.09227272727273,7.21530465949821,7.44754615384615,14
"23",2012,12,6.86666666666667,57,7.91176470588235,6.4225,7.09090909090909,7,6.82325581395349,17,40,11,14,43,986,416,570,121,293,693,7.34825050709939,7.98862980769231,6.88088596491228,7.09214876033058,7.20501706484642,7.40880952380952,15
"24",2013,1,7.306,75,7.98589743589744,6.56944444444444,7.2125,7.39285714285714,7.28606557377049,39,36,8,14,61,1061,455,606,129,307,754,7.34526390197926,7.9883956043956,6.86238448844884,7.09961240310078,7.21358306188925,7.39887931034483,16
"25",2013,2,7.50972222222222,72,8.00285714285714,7.04324324324324,7.27272727272727,7.32941176470588,7.56545454545455,35,37,11,17,55,1133,490,643,140,324,809,7.35571491615181,7.98942857142857,6.87279160186625,7.11321428571429,7.21966049382716,7.41020395550062,17
"26",2013,3,7.529375,80,8.04024390243903,6.99230769230769,6.67857142857143,7.09615384615385,7.6134328358209,41,39,14,13,67,1213,531,682,154,337,876,7.3671681780709,7.99335216572505,6.87962609970674,7.0737012987013,7.21489614243323,7.42574771689498,18
"27",2013,4,7.32285714285714,70,7.70967741935484,7.01538461538462,7.5,7.2,7.35636363636364,31,39,12,15,55,1283,562,721,166,352,931,7.36475058456742,7.97770462633452,6.88696948682386,7.10451807228916,7.21426136363636,7.42164876476907,19
"28",2013,5,7.55120481927711,83,7.92763157894737,7.23333333333333,7.27857142857143,7.55625,7.55,38,45,14,16,67,1366,600,766,180,368,998,7.37607979502196,7.97453333333333,6.90731723237598,7.11805555555556,7.22913043478261,7.43026553106213,20
"29",2013,6,7.30357142857143,70,8.17903225806452,6.60769230769231,6.975,7.15227272727273,7.37291666666667,31,39,12,22,48,1436,631,805,192,390,1046,7.37254526462396,7.98458003169572,6.89280124223602,7.10911458333333,7.22479487179487,7.42763384321224,21
"30",2013,7,7.34760240963855,83,8.15,6.79083673469388,6.5,6.97505,7.46587301587302,34,49,9,20,63,1519,665,854,201,410,1109,7.37118235681369,7.99303759398496,6.88695081967213,7.0818407960199,7.21261219512195,7.42980613165014,22
"31",2013,8,7.68641975308642,81,8.05909090909091,7.24324324324324,7.16666666666667,7.56,7.70422535211268,44,37,15,10,71,1600,709,891,216,420,1180,7.38714125,7.99713681241185,6.90174635241302,7.08773148148148,7.22088333333333,7.44631779661017,23
"32",2013,9,7.3277027027027,74,7.68529411764706,7.02375,7.1,6.7,7.48728813559322,34,40,10,15,59,1674,743,931,226,435,1239,7.384513739546,7.982866756393,6.90698818474758,7.08827433628319,7.20292183908046,7.44826876513317,24
"33",2013,10,7.39072727272727,55,7.80769230769231,7.01689655172414,7.384,7.475,7.3619512195122,26,29,10,14,41,1729,769,960,236,449,1280,7.38471139386929,7.97694408322497,6.91030833333333,7.10080508474576,7.21140534521158,7.44550390625,25
"34",2013,11,7.29677419354839,62,7.74705882352941,6.75,7.24,7.16666666666667,7.33829787234043,34,28,5,15,47,1791,803,988,241,464,1327,7.38166722501396,7.9672104607721,6.90576518218623,7.10369294605809,7.20995905172414,7.44170685757347,26
"35",2013,12,7.12132352941176,68,7.67272727272727,6.60142857142857,6.71153846153846,7.23529411764706,7.08333333333333,33,35,13,17,51,1859,836,1023,254,481,1378,7.37214416352878,7.95558612440191,6.89535288367546,7.08362204724409,7.21085446985447,7.42844339622642,27
"36",2014,1,7.43232323232323,99,7.92727272727273,7.03636363636364,7.275,8.02307692307692,7.34302325581395,44,55,12,13,86,1958,880,1078,266,494,1464,7.37518692543412,7.95417045454546,6.90254730983302,7.09225563909774,7.23222874493927,7.42342554644809,28
"37",2014,2,7.40625,72,8.06323529411765,6.81842105263158,7.03333333333333,6.97058823529412,7.54090909090909,34,38,12,17,55,2030,914,1116,278,511,1519,7.37628866995074,7.95822757111597,6.89968279569892,7.08971223021583,7.22352446183953,7.42767939433838,29
"38",2014,3,7.44452054794521,73,8.06857142857143,6.86973684210526,7.16923076923077,7.6,7.40087719298246,35,38,13,16,57,2103,949,1154,291,527,1576,7.37865715644318,7.96229715489989,6.89869670710572,7.093264604811,7.23495445920304,7.42671002538071,30
"39",2014,4,7.48863636363636,66,7.87931034482759,7.18243243243243,7.3125,7.71111111111111,7.45350877192982,29,37,8,9,57,2169,978,1191,299,536,1633,7.38200368833564,7.95983640081799,6.9075113350126,7.09913043478261,7.24294962686567,7.42764543784446,31
"40",2014,5,7.53,60,8.04310344827586,7.05,7.63,7.5,7.53829787234043,29,31,10,13,47,2229,1007,1222,309,549,1680,7.38598743831315,7.96223435948361,6.91112602291326,7.11631067961165,7.2490364298725,7.43074107142857,32
"41",2014,6,7.35636363636364,55,7.72413793103448,6.94615384615385,7.22222222222222,7.21818181818182,7.39090909090909,29,26,9,11,44,2284,1036,1248,318,560,1724,7.38527408056042,7.9555694980695,6.91185576923077,7.11930817610063,7.24843035714286,7.42972447795824,33
"42",2014,7,7.44590163934426,61,8.2,7.02051282051282,6.85,7.03333333333333,7.51730769230769,22,39,10,9,52,2345,1058,1287,328,569,1776,7.38685117270789,7.96065217391304,6.91514840714841,7.11109756097561,7.24502811950791,7.43228885135135,34
"43",2014,8,7.44285714285714,56,7.92666666666667,6.88461538461539,6.77777777777778,7.36666666666667,7.47073170731707,30,26,9,15,41,2401,1088,1313,337,584,1817,7.38815743440233,7.95971507352941,6.91454379284082,7.10219584569733,7.24815239726027,7.43315630159604,35
"44",2014,9,7.28859649122807,57,7.97115384615385,6.71612903225806,7.12,6.9875,7.33775510204082,26,31,10,8,49,2458,1114,1344,347,592,1866,7.38584865744508,7.95998204667863,6.90996726190476,7.10270893371758,7.24463006756757,7.43065112540193,36
"45",2014,10,7.04264705882353,68,7.33928571428571,6.835,6.91818181818182,6.2,7.18793103448276,28,40,11,10,58,2526,1142,1384,358,602,1924,7.37660965954078,7.94476357267951,6.90780057803468,7.09703910614525,7.22727740863787,7.4233341995842,37
"46",2014,11,7.25681818181818,66,7.95535714285714,6.7421052631579,6.97142857142857,7.36666666666667,7.22450980392157,28,38,7,15,51,2592,1170,1422,365,617,1975,7.37355941358025,7.94501709401709,6.90337271448664,7.0946301369863,7.23066612641815,7.4182,38
"47",2014,12,7.33333333333333,69,7.72857142857143,6.92647058823529,7.275,7.2375,7.35350877192982,35,34,10,12,57,2661,1205,1456,375,629,2032,7.37251634723788,7.93873029045643,6.90391208791209,7.09944,7.23079650238474,7.41638533464567,39
"48",2015,1,7.46730769230769,78,7.62333333333333,7.25454545454545,7.59545454545455,7.65,7.44044117647059,45,33,11,10,68,2739,1250,1489,386,639,2100,7.37521577217963,7.927376,6.91168300873069,7.11357512953368,7.23735680751174,7.41716428571429,40
"49",2015,2,7.24932432432432,74,7.97058823529412,6.63625,6.99375,6.95384615384615,7.31229508196721,34,40,16,13,61,2813,1284,1529,402,652,2161,7.37190401706363,7.92852024922118,6.90447743623283,7.10880597014925,7.23170398773006,7.4142040721888,41
"50",2015,3,7.36521126760563,71,8.13323529411765,6.65945945945946,6.67,7.54615384615385,7.32465517241379,34,37,10,13,58,2884,1318,1566,412,665,2219,7.37173925104022,7.93380121396055,6.89868837803321,7.09815533980583,7.23785112781955,7.41186345200541,42
"51",2015,4,7.44244444444444,45,7.67045454545455,7.22434782608696,7.50142857142857,7.101,7.54,22,23,7,10,35,2929,1340,1589,419,675,2254,7.37282553772619,7.9294776119403,6.90340213971051,7.10489260143198,7.2358237037037,7.41385314995564,43
"52",2015,5,7.41612903225806,62,7.76896551724138,7.10606060606061,7.25,7.65,7.37115384615385,29,33,12,10,52,2991,1369,1622,431,685,2306,7.37372316950853,7.92607742878013,6.90752527743527,7.10893271461717,7.2418700729927,7.41289028620989,44
"53",2015,6,7.21442307692308,52,7.9452380952381,6.71935483870968,6.8,6.94,7.32567567567568,21,31,10,15,37,3043,1390,1653,441,700,2343,7.37100098586921,7.92636690647482,6.90399637023593,7.10192743764172,7.23540142857143,7.41151301749893,45
"54",2015,7,7.36057692307692,52,7.71481481481482,6.978,7,7.53333333333333,7.32441860465116,27,25,9,9,43,3095,1417,1678,450,709,2386,7.37082584814217,7.92233592095977,6.9050989272944,7.09988888888889,7.23918335684062,7.40994341994971,46
"55",2015,8,6.99722222222222,54,7.40833333333333,6.66833333333333,6.88666666666667,6.58333333333333,7.11547619047619,24,30,15,12,42,3149,1441,1708,465,721,2428,7.36441918069228,7.91377515614157,6.90094028103045,7.09301075268817,7.22826768377254,7.40484967051071,47
"56",2015,9,7.23507462686567,67,7.87,6.540625,6.355,7.28333333333333,7.22115384615385,35,32,10,15,52,3216,1476,1740,475,736,2480,7.36172450248756,7.91273712737127,6.89431379310345,7.07747368421053,7.22938994565218,7.40099798387097,48
"57",2015,10,7.1031884057971,69,7.74566666666667,6.60897435897436,7.2,7.2325,7.06415094339623,30,39,21,16,53,3285,1506,1779,496,752,2533,7.35629406392694,7.90940903054449,6.88805845980888,7.08266129032258,7.22945611702128,7.39394986182392,49
"58",2015,11,7.15522388059702,67,7.7875,6.57714285714286,6.95,6,7.33448275862069,32,35,10,9,58,3352,1538,1814,506,761,2591,7.35227505966587,7.90687256176853,6.88205953693495,7.0800395256917,7.21491590013141,7.39261868004631,50
"59",2015,12,7.18518518518519,81,7.82,6.56585365853658,7.13333333333333,6.83333333333333,7.2463768115942,40,41,15,12,69,3433,1578,1855,521,773,2660,7.3483326536557,7.90467046894803,6.87507061994609,7.08157389635317,7.20899223803364,7.38882518796993,51
"60",2016,1,7.25890410958904,73,7.825,6.57272727272727,6.46153846153846,6.43333333333333,7.375,40,33,13,9,64,3506,1618,1888,534,782,2724,7.34647062179122,7.90270086526576,6.86978601694915,7.06647940074906,7.20006521739131,7.3885003671072,52
"61",2016,2,7.36842105263158,57,7.92857142857143,7.04166666666667,7.08,7.06,7.43404255319149,21,36,10,10,47,3563,1639,1924,544,792,2771,7.34682177939938,7.90303233679072,6.87300207900208,7.06672794117647,7.19829671717172,7.3892728256947,53
"62",2016,3,7.28660714285714,56,7.78448275862069,6.75185185185185,6.61111111111111,7.2,7.297,29,27,9,6,50,3619,1668,1951,553,798,2821,7.34589002486875,7.90097122302158,6.87132547411584,7.05931283905968,7.19830952380953,7.38763736263736,54
"63",2016,4,6.89591836734694,49,7.78333333333333,6.23035714285714,6.7,6.375,6.96860465116279,21,28,11,6,43,3668,1689,1979,564,804,2864,7.33987895310796,7.89950858496151,6.86225669530066,7.05230496453901,7.19216542288557,7.38134601955307,55
"64",2016,5,7.38048780487805,41,7.83913043478261,6.79444444444444,6.66666666666667,7.125,7.40810810810811,23,18,6,4,37,3709,1712,1997,570,808,2901,7.34032785117282,7.89869742990654,6.8616454682023,7.04824561403509,7.19183292079208,7.38168734918994,56
"65",2016,6,7.43815789473684,38,7.85238095238095,6.92647058823529,7,7.7,7.39848484848485,21,17,2,5,33,3747,1733,2014,572,813,2934,7.34131998932479,7.89813618003462,6.86219265143992,7.04807692307692,7.1949581795818,7.38187627811861,57
"66",2016,7,6.885,70,7.81935483870968,6.14230769230769,5.9375,6.04,7.02583333333333,31,39,12,10,60,3817,1764,2053,584,823,2994,7.33295153261724,7.89675170068027,6.84851729176814,7.02525684931507,7.18092466585662,7.3747411489646,58
"67",2016,8,7.3875,48,7.66071428571429,7.005,7.28,6.65,7.535,28,20,5,8,40,3865,1792,2073,589,831,3034,7.33362897800776,7.89306361607143,6.85002701398939,7.02741935483871,7.17581347773767,7.37685398813448,59
"68",2016,9,7.1926,50,7.7852,6.6,6.25,7,7.22395348837209,25,25,6,7,43,3915,1817,2098,595,838,3077,7.33182784163474,7.89157952669235,6.84704766444233,7.01957983193277,7.17434486873508,7.37471725706857,60
"69",2016,10,6.53958333333333,48,7.5,6.18285714285714,7.06666666666667,6.51,6.54736842105263,13,35,9,10,38,3963,1830,2133,604,848,3115,7.32223214736311,7.88879781420765,6.83614908579465,7.02028145695364,7.16651061320755,7.36462439807384,61
"70",2016,11,6.93666666666667,60,7.8,6.47179487179487,6.54545454545455,6.14285714285714,7.04150943396226,21,39,11,7,53,4023,1851,2172,615,855,3168,7.3164817300522,7.88779038357644,6.82960681399632,7.01178861788618,7.1581298245614,7.35921875,62
"71",2016,12,6.97826086956522,46,7.67647058823529,6.56896551724138,6.5625,6,7.04651162790698,17,29,8,3,43,4069,1868,2201,623,858,3211,7.31265814696486,7.88586723768736,6.826172648796,7.00601926163724,7.15408041958042,7.35503114294612,63
"72",2017,1,7.09591836734694,49,7.75,6.71612903225806,7.24444444444444,8,6.9452380952381,18,31,9,7,42,4118,1886,2232,632,865,3253,7.31007916464303,7.88457051961824,6.82464426523297,7.00941455696203,7.16092601156069,7.34974023977867,64
"73",2017,2,7.08589285714286,56,7.58333333333333,6.7128125,7.07142857142857,7.5,7.0362,24,32,7,6,50,4174,1910,2264,639,871,3303,7.30707139434595,7.88078534031413,6.82306360424028,7.01009389671361,7.16326176808266,7.34499394489858,65
"74",2017,3,7.1875,48,7.68518518518519,6.54761904761905,5.5,6.8,7.23255813953488,27,21,4,5,43,4222,1937,2285,643,876,3346,7.30571198484131,7.87805885389778,6.82053216630197,7.000699844479,7.16118835616438,7.34354901374776,66
"75",2017,4,6.89024390243902,41,7.56666666666667,6.36086956521739,6.75,7.42857142857143,6.77941176470588,18,23,8,7,34,4263,1955,2308,651,883,3380,7.301716162327,7.87519181585678,6.81595147313691,6.99761904761905,7.1633080407701,7.33787426035503,67
"76",2017,5,6.93777777777778,36,7.485,6.5,6.18181818181818,7.14,6.90516129032258,16,20,11,5,31,4299,1971,2328,662,888,3411,7.29866852756455,7.87202435312024,6.81323711340206,6.98406344410876,7.1631768018018,7.33394165933744,68
"77",2017,6,6.72037037037037,27,7.99583333333333,5.7,5.4,5.04,7.10227272727273,12,15,5,5,22,4326,1983,2343,667,893,3433,7.29505917706889,7.87277357539082,6.80611011523688,6.97218890554723,7.1512889137738,7.33245703466356,69
"78",2017,7,7.09722222222222,36,7.36666666666667,6.90476190476191,7.375,7,7.11290322580645,15,21,8,5,31,4362,1998,2364,675,898,3464,7.29342640990372,7.86897397397397,6.80698646362098,6.97696296296296,7.15044654788419,7.33049220554273,70
"79",2017,8,7.35344827586207,29,7.55909090909091,7.22777777777778,7.03333333333333,7.9,7.29038461538462,11,18,3,3,26,4391,2009,2382,678,901,3490,7.29382281940333,7.86727725236436,6.81016624685139,6.97721238938053,7.1529422863485,7.33019340974212,71
"80",2017,9,7.239409375,32,7.56450555555556,6.82142857142857,6.75,6.66666666666667,7.29865862068965,18,14,4,3,29,4423,2027,2396,682,904,3519,7.29342914311554,7.86458860384805,6.81023205342237,6.9758797653959,7.15132853982301,7.32993353225348,72
"81",2017,10,7.24128205128205,39,7.82941176470588,6.78681818181818,7.452,6.345,7.47258064516129,17,22,5,8,31,4462,2044,2418,687,912,3550,7.29297335275661,7.86429603718199,6.81001902398677,6.97934497816594,7.14425548245614,7.33117918309859,73
"82",2017,11,7.31756756756757,37,8.18125,6.65952380952381,6.64285714285714,7.05,7.35,16,21,7,4,33,4499,2060,2439,694,916,3583,7.29317561680374,7.86675781553398,6.80872324723247,6.97595100864553,7.14384388646288,7.33135252581636,74
"83",2017,12,6.88333333333333,39,7.28571428571429,6.41388888888889,5.66666666666667,6.375,7.01451612903226,21,18,3,8,31,4538,2081,2457,697,924,3614,7.28965339356545,7.86089432964921,6.80583068783069,6.9703156384505,7.13718722943723,7.32863478140565,75
"84",2018,1,6.946,50,7.40833333333333,6.51923076923077,6.38888888888889,6.72,6.97111111111111,24,26,9,5,45,4588,2105,2483,706,929,3659,7.28590826068004,7.85573448931116,6.80282964156263,6.96290368271955,7.1349418729817,7.32423779721236,76
"85",2018,2,7.08333333333333,24,7.75,6.60714285714286,6.33333333333333,7.25,7.02777777777778,10,14,3,6,18,4612,2115,2497,709,935,3677,7.28485409800521,7.85523456264775,6.80173247897477,6.96023977433004,7.13568021390374,7.32278653793854,77
"86",2018,3,7.29888888888889,45,7.84736842105263,6.89807692307692,7.04166666666667,7.25,7.30238095238095,19,26,6,3,42,4657,2134,2523,715,938,3719,7.28498971440842,7.8551645267104,6.80272532699168,6.96092307692308,7.13604584221749,7.32255609034687,78
"87",2018,4,7.23103448275862,29,7.78,6.64285714285714,7.16666666666667,7.56666666666667,7.19230769230769,15,14,3,3,26,4686,2149,2537,718,941,3745,7.28465580452411,7.85463987901349,6.8018431217974,6.96178272980501,7.13741870350691,7.32165182910548,79
"88",2018,5,6.988,25,8.06666666666667,6.64736842105263,7.0375,7.825,6.82857142857143,6,19,8,4,21,4711,2155,2556,726,945,3766,7.28308153258332,7.8552302088167,6.80069483568075,6.96261707988981,7.1403291005291,7.31890231014339,80
"89",2018,6,7.05,25,7.41666666666667,6.5,6.5,6.25,7.20238095238095,15,10,2,4,21,4736,2170,2566,728,949,3787,7.28185116131757,7.85219866359447,6.79952299298519,6.96134615384615,7.13657639620653,7.31825616583048,81
"90",2018,7,6.9925,28,7.939,6.46666666666667,6.27142857142857,6.875,7.02454545454545,10,18,7,6,22,4764,2180,2584,735,955,3809,7.2801505247691,7.85259683486238,6.79720433436532,6.95477551020408,7.13493298429319,7.31655975321607,82
"91",2018,8,6.81304347826087,46,7.69666666666667,6.38548387096774,6.45,7.21428571428571,6.74102564102564,15,31,8,7,39,4810,2195,2615,743,962,3848,7.27568338877339,7.85153125284738,6.79232351816444,6.94934051144011,7.1355103950104,7.31072663721414,83
"92",2018,9,7.31538461538462,26,7.78571428571429,6.76666666666667,7.16666666666667,7.875,7.21363636363636,14,12,3,4,22,4836,2209,2627,746,966,3870,7.27589683622829,7.85111412403803,6.79220631899505,6.9502144772118,7.13857246376812,7.31017470284238,84
"93",2018,10,6.73947727272727,44,7.60284615384615,6.37741935483871,5.93744444444444,6.08333333333333,6.98553125,13,31,9,12,32,4880,2222,2658,755,978,3902,7.27106026639344,7.84966161116111,6.78736869826938,6.93814172185431,7.12562474437628,7.30751232701179,85
"94",2018,11,6.911,50,7.43055555555556,6.61875,5.45,5.95,7.15125,18,32,8,10,40,4930,2240,2690,763,988,3942,7.26740853955375,7.84629379464286,6.78536282527881,6.92253866317169,7.11372570850202,7.30592671232877,86
"95",2018,12,7.26368421052632,38,7.841,6.62222222222222,6.83333333333333,7.44,7.21666666666667,20,18,6,8,30,4968,2260,2708,769,996,3972,7.26738005233494,7.84624694690265,6.78427843426883,6.92184265279584,7.11634638554217,7.3052525427996,87
"96",2019,1,7.17631578947368,38,7.8125,6.71363636363636,6.25,5.33333333333333,7.33428571428571,16,22,8,3,35,5006,2276,2730,777,999,4007,7.26668879344786,7.84600971001757,6.78370915750916,6.91492535392536,7.11099199199199,7.30550613925631,88
"97",2019,2,6.95542857142857,35,7.15,6.696,6.625,7.125,6.93354838709677,20,15,4,4,31,5041,2296,2745,781,1003,4038,7.26452769291807,7.8399469076655,6.78322987249545,6.9134404609475,7.11104785643071,7.30265059435364,89
"98",2019,3,7.29333333333333,36,7.83882352941176,6.80526315789474,6.66666666666667,7.91666666666667,7.16866666666667,17,19,6,6,30,5077,2313,2764,787,1009,4068,7.26473194800079,7.83993865110246,6.78338133140376,6.91155908513342,7.11583845391477,7.30166251229106,90
"99",2019,4,7.22142857142857,28,7.35,7.15,7.25,7.16666666666667,7.228,10,18,4,3,25,5105,2323,2782,791,1012,4093,7.26449443682664,7.83782957382695,6.78575341480949,6.91327054361568,7.11598913043478,7.30121258245786,91
"100",2019,5,6.65805541666667,24,7.625,6.174583125,5.28571428571429,6.28571428571429,6.81137235294118,8,16,7,7,17,5129,2331,2798,798,1019,4110,7.26165674205498,7.83709914199914,6.78225851679771,6.89899373433584,7.11028557409225,7.29918647931874,92
"101",2019,6,6.69583333333333,24,7.4,6.19285714285714,6.9625,7.375,6.56,10,14,8,4,20,5153,2341,2812,806,1023,4130,7.25902143023481,7.83523199487398,6.77932408605974,6.89962406947891,7.11132062561095,7.29560688377724,93
"102",2019,7,7.18,25,7.45833333333333,6.92307692307692,6.66666666666667,6.16666666666667,7.31818181818182,12,13,3,3,22,5178,2353,2825,809,1026,4152,7.25863990536887,7.8333098597535,6.77998560353982,6.89876019777503,7.10855847953216,7.2957265004817,94
"103",2019,8,6.63958333333333,24,6.89285714285714,6.53529411764706,6.43333333333333,6.3125,6.705,7,17,9,4,20,5202,2360,2842,818,1030,4172,7.25578381968473,7.83052038135593,6.77852193173821,6.89363936430318,7.10546699029126,7.29289463806328,95
"104",2019,9,6.81578947368421,19,7,6.61111111111111,6.675,6.75,6.83333333333333,10,9,4,4,15,5221,2370,2851,822,1034,4187,7.25418261444167,7.82701607594937,6.77799345142055,6.89257542579075,7.1040918762089,7.29124825173155,96
"105",2019,10,7.39,28,8.17307692307692,6.71133333333333,6.77,7.524,7.36086956521739,13,15,6,5,23,5249,2383,2866,828,1039,4210,7.25490711183082,7.82890394460764,6.77764456734124,6.89168719806763,7.10611260827719,7.29162860570072,97
"106",2019,11,7.03720930232558,43,7.65,6.596,6.66666666666667,7,7.04102564102564,18,25,6,4,39,5292,2401,2891,834,1043,4249,7.25313821428571,7.82756272386505,6.77607379107575,6.89006834532374,7.10570565675935,7.28932841374441,98
"107",2019,12,7.03571428571429,28,7.29666666666667,6.73461538461538,6.575,6.05,7.30454545454545,15,13,4,6,22,5320,2416,2904,838,1049,4271,7.25199387781955,7.82426659768212,6.77588819903581,6.88856443914081,7.09966730219257,7.28940679700305,99
"108",2020,1,7.06571428571429,35,7.89285714285714,6.51428571428571,7.06,7.41666666666667,6.99310344827586,14,21,5,6,29,5355,2430,2925,843,1055,4300,7.25077636414566,7.82466176954732,6.77401002735043,6.889581257414,7.1014701421801,7.28740847209303,100
"109",2020,2,7.20833333333333,24,7.69230769230769,6.63636363636364,6,6,7.31818181818182,13,11,4,2,22,5379,2443,2936,847,1057,4322,7.25058699200595,7.82395747032337,6.77349432220708,6.88538016528926,7.09938599810785,7.28756511568719,101
"110",2020,3,6.7828,25,7.317,6.42666666666667,6.5,7.125,6.71761904761905,10,15,6,4,21,5404,2453,2951,853,1061,4343,7.24842291450777,7.82189078679168,6.77173138935954,6.8826694021102,7.09948256361923,7.28480921713102,102
"111",2020,4,6.93636363636364,22,7.3,6.63333333333333,6.76666666666667,7.76666666666667,6.80526315789474,10,12,6,3,19,5426,2463,2963,859,1064,4362,7.24715765388868,7.819771863581,6.77117088423895,6.88185913853318,7.10136372180451,7.28272041036222,103
"112",2020,5,7.15862068965517,29,7.54705882352941,6.60833333333333,7.33333333333333,7.16666666666667,7.15769230769231,17,12,6,3,26,5455,2480,2975,865,1067,4388,7.2466869715857,7.81790245967742,6.7705140605042,6.88499075144509,7.1015473289597,7.2819795875114,104
"113",2020,6,7.06928571428571,28,7.30769230769231,6.86266666666667,6.625,7.4,6.99739130434783,13,15,4,5,23,5483,2493,2990,869,1072,4411,7.24578103775305,7.81524191736863,6.77097636454849,6.88379401611047,7.10293936567164,7.2804956767173,105
"114",2020,7,7.38709677419355,31,7.73333333333333,7.0625,7.16666666666667,7.625,7.35185185185185,15,16,6,4,27,5514,2508,3006,875,1076,4438,7.24657552230685,7.81475203349282,6.77252805389221,6.88573371428572,7.10488011152416,7.28092979495268,106
"115",2020,8,7.1,19,7.67272727272727,6.3125,6,8.5,6.93529411764706,11,8,3,2,17,5533,2519,3014,878,1078,4455,7.2460721904934,7.81413183803096,6.77130701061712,6.88270728929385,7.10746846011132,7.27961087093154,107
"116",2020,9,7.03783783783784,37,7.41764705882353,6.715,6.66666666666667,6.68333333333333,7.10645161290323,17,20,6,6,31,5570,2536,3034,884,1084,4486,7.24468894614003,7.81147401419558,6.77093583717864,6.88124095022625,7.10512084870849,7.2784142732947,108
"117",2020,10,7.16515151515152,33,7.75,6.67777777777778,7.6,7.6,7.06851851851852,15,18,3,6,27,5603,2551,3052,887,1090,4513,7.24422049437801,7.81111254410035,6.77038641218873,6.88367192784668,7.10784495412844,7.27715852647906,109
"118",2020,11,7.39166666666667,36,7.70833333333333,6.75833333333333,7.125,7.125,7.425,24,12,4,4,32,5639,2575,3064,891,1094,4545,7.24516180705799,7.81015460194175,6.77033920691906,6.88475533108867,7.10790767824497,7.27819943454346,110
"119",2020,12,6.76588235294118,34,7.16611111111111,6.315625,6.1875,5.9375,6.87633333333333,18,16,4,4,30,5673,2593,3080,895,1098,4575,7.24228934073682,7.80568380254531,6.7679770551948,6.88163910614525,7.10364389799636,7.27556424699454,111
"120",2021,1,6.96206896551724,29,7.4,6.49285714285714,6.33333333333333,7,6.94761904761905,15,14,3,8,21,5702,2608,3094,898,1106,4596,7.24086415819011,7.80335049846626,6.76673216871364,6.87980734966593,7.10289421338156,7.27406580287207,112
"121",2021,2,7.19575757575758,33,7.48619047619048,6.6875,6.41666666666667,6.95,7.23964285714286,21,12,6,5,28,5735,2629,3106,904,1111,4624,7.24060460854403,7.80081707873716,6.7664260560206,6.87673340707965,7.10220612061206,7.27385735942907,113
"122",2021,3,6.20917391304348,23,7,5.70078571428571,6.125,6.3622,6.16666666666667,9,14,4,5,18,5758,2638,3120,908,1116,4642,7.23648461792289,7.79808495072024,6.76164433653846,6.8734218061674,7.09889068100359,7.26956407367514,114
"123",2021,4,7.04391304347826,23,7.72333333333333,6.60714285714286,NA,7,7.04809523809524,9,14,0,2,21,5781,2647,3134,908,1118,4663,7.23571846220377,7.7978307895731,6.76095415762604,6.8734218061674,7.0987137745975,7.26856668024877,115
"124",2021,5,6.85757575757576,33,7.63636363636364,6.46818181818182,6.33333333333333,6.5,6.88064516129032,11,22,9,2,31,5814,2658,3156,917,1120,4694,7.23357214138287,7.79716256583897,6.75891328580482,6.86812104689204,7.09764464285714,7.26600477844057,116
"125",2021,6,7.178333125,16,6.77904714285714,7.48888888888889,7,7.1,7.21393909090909,7,9,1,5,11,5830,2665,3165,918,1125,4705,7.23342054202401,7.79448834146341,6.76098904581359,6.86826470588235,7.09765511111111,7.26588305207227,117
"126",2021,7,6.61588235294118,17,7.5,5.997,5.25,6.5,6.64071428571429,7,10,2,3,14,5847,2672,3175,920,1128,4719,7.23162506584573,7.79371685254491,6.75858278110236,6.86474673913044,7.09606560283688,7.26402834498835,118
"127",2021,8,7.33333333333333,15,7.58333333333333,6.33333333333333,6,NA,7.33333333333333,12,3,1,0,15,5862,2684,3178,921,1128,4734,7.23188532241556,7.79277624068554,6.7581813499056,6.86380781758958,7.09606560283688,7.26424794254331,119
"128",2021,9,7.34507952380952,21,7.74205153846154,6.7,NA,NA,7.34507952380952,13,8,0,0,21,5883,2697,3186,921,1128,4755,7.23228938126806,7.79253173896922,6.75803525737602,6.86380781758958,7.09606560283688,7.2646049274448,120
"129",2021,10,7.13333333333333,15,7.82142857142857,6.53125,6.25,6,7.30769230769231,7,8,4,2,13,5898,2704,3194,925,1130,4768,7.23203771278399,7.79260654585799,6.75746722917971,6.86115351351351,7.09412566371682,7.26472240562081,121
"130",2021,11,7.254,30,7.80111111111111,6.43333333333333,7,7,7.3048,18,12,3,5,25,5928,2722,3206,928,1135,4793,7.23214885796221,7.79266278471712,6.75625400187149,6.86160237068966,7.09371101321586,7.26493144794492,122
"131",2021,12,6.825,28,7.37333333333333,6.19230769230769,6.2,5.525,7.04166666666667,15,13,5,4,24,5956,2737,3219,933,1139,4817,7.23023479348556,7.790364669346,6.7539764926996,6.85805680600214,7.08820193151888,7.26381906373262,123
"132",2022,1,7.08541666666667,48,7.44615384615385,6.65909090909091,6.35714285714286,7.2125,7.06,26,22,7,8,40,6004,2763,3241,940,1147,4857,7.22907702031979,7.78712562432139,6.75333240666461,6.85432659574468,7.08906887532694,7.2621405044266,124
"133",2022,2,7.38515151515151,33,7.625625,7.15882352941177,6.74,7.925,7.31068965517241,16,17,5,4,29,6037,2779,3258,945,1151,4886,7.22993016895809,7.78619578985246,6.75544822897483,6.85372169312169,7.09197393570808,7.26242865943513,125
"134",2022,3,7.20277777777778,18,7.54642857142857,6,NA,7.875,7.01071428571429,14,4,0,4,14,6055,2793,3262,945,1155,4900,7.22984945169281,7.78499394915861,6.75452186695279,6.85372169312169,7.09468571428572,7.26170947551021,126
"135",2022,4,6.996,25,7.33846153846154,6.625,7,7.33333333333333,6.88947368421053,13,12,2,6,19,6080,2806,3274,947,1161,4919,7.22888789967105,7.78292519600855,6.75404713805742,6.85403062302006,7.09591903531438,7.26027168733483,127
"136",2022,5,7.21666666666667,18,7.45,6.75,NA,6.06666666666667,7.44666666666667,12,6,0,3,15,6098,2818,3280,947,1164,4934,7.22885182518859,7.78150748757984,6.7540397347561,6.85403062302006,7.09326632302406,7.2608383522497,128
"137",2022,6,6.14625,24,7.2125,5.613125,5.75,NA,6.14625,8,16,4,0,24,6122,2826,3296,951,1164,4958,7.22460771479908,7.77989670912951,6.74850131371359,6.84938696109359,7.09326632302406,7.255443007261,129
"138",2022,7,7.50434782608696,23,7.91818181818182,7.125,7,7.36666666666667,7.525,11,12,3,3,20,6145,2837,3308,954,1167,4978,7.22565474857608,7.78043288685231,6.74986708887545,6.8498605870021,7.09396915167095,7.25652600040177,130
"139",2022,8,7.3083335,20,7.644445,7.16428571428571,7.15,8,7.23148166666667,6,14,2,2,18,6165,2843,3322,956,1169,4996,7.22592296836983,7.78014589166373,6.75161358518965,6.85048849372385,7.09551924721985,7.2564357686149,131
"140",2022,9,6.77142857142857,14,7.8,6,6,5,6.90769230769231,6,8,1,1,13,6179,2849,3330,957,1170,5009,7.22489320278362,7.7801877044577,6.74980790690691,6.84959979101358,7.09372820512821,7.25553066480336,132
"141",2022,10,6.76470588235294,17,7.1875,6.38888888888889,3,3,7,8,9,1,1,16,6196,2857,3339,958,1171,5025,7.2236305842479,7.77852809590479,6.74883507936508,6.84558141962422,7.09023228010248,7.25471703482588,133
"142",2022,11,7.26944444444444,18,7.885,6.5,6.5,7.75,7.13214285714286,10,8,2,4,14,6214,2867,3347,960,1175,5039,7.22376329256517,7.77889946634112,6.74824031371377,6.84486145833333,7.09247829787234,7.25437648342926,134
"143",2022,12,7.00454545454545,22,7.84444444444444,6.42307692307692,5,8.6,6.92857142857143,9,13,1,1,21,6236,2876,3360,961,1176,5060,7.22298991340603,7.77910457927677,6.74698224107143,6.84294172736733,7.09376020408163,7.25302432806325,135
