"","year","month","avg_rating","no_ratings","avg_rating_owned","avg_rating_not_owned","avg_rating_prev_owned","avg_rating_comment","avg_rating_no_comment","no_ratings_owned","no_ratings_not_owned","no_ratings_prev_owned","no_ratings_comment","no_ratings_no_comment","cum_no_ratings","cum_no_ratings_owned","cum_no_ratings_not_owned","cum_no_ratings_prev_owned","cum_no_ratings_comment","cum_no_ratings_no_comment","cum_avg_rating","cum_avg_rating_owned","cum_avg_rating_not_owned","cum_avg_rating_prev_owned","cum_avg_rating_comment","cum_avg_rating_no_comment","month_after_release"
"1",2001,6,7.39285714285714,14,7.57692307692308,5,NA,7.5,7.35,13,1,0,4,10,14,13,1,0,4,10,7.39285714285714,7.57692307692308,5,NA,7.5,7.35,1
"2",2001,7,7.83333333333333,3,7.83333333333333,NA,NA,NA,7.83333333333333,3,0,0,0,3,17,16,1,0,4,13,7.47058823529412,7.625,5,NA,7.5,7.46153846153846,2
"3",2001,8,7.18181818181818,11,7.3,6,6,6.66666666666667,7.375,10,1,1,3,8,28,26,2,1,7,21,7.35714285714286,7.5,5.5,6,7.14285714285714,7.42857142857143,3
"4",2001,9,7,6,7,NA,NA,6,7.2,6,0,0,1,5,34,32,2,1,8,26,7.29411764705882,7.40625,5.5,6,7,7.38461538461539,4
"5",2001,10,8.5,4,8.5,NA,NA,7,9,4,0,0,1,3,38,36,2,1,9,29,7.42105263157895,7.52777777777778,5.5,6,7,7.55172413793103,5
"6",2001,11,7.72727272727273,11,7.875,7.33333333333333,NA,9,7.6,8,3,0,1,10,49,44,5,1,10,39,7.48979591836735,7.59090909090909,6.6,6,7.2,7.56410256410256,6
"7",2001,12,8,5,8.5,6,NA,6,8.5,4,1,0,1,4,54,48,6,1,11,43,7.53703703703704,7.66666666666667,6.5,6,7.09090909090909,7.65116279069767,7
"8",2002,1,8.625,4,8.625,NA,NA,NA,8.625,4,0,0,0,4,58,52,6,1,11,47,7.61206896551724,7.74038461538461,6.5,6,7.09090909090909,7.73404255319149,8
"9",2002,2,7.5,6,7.75,7,6,NA,7.5,4,2,1,0,6,64,56,8,2,11,53,7.6015625,7.74107142857143,6.625,6,7.09090909090909,7.70754716981132,9
"10",2002,3,7.42857142857143,7,7.42857142857143,NA,NA,8.33333333333333,6.75,7,0,0,3,4,71,63,8,2,14,57,7.58450704225352,7.70634920634921,6.625,6,7.35714285714286,7.64035087719298,10
"11",2002,4,7.55555555555556,9,7.625,7,NA,8,7,8,1,0,5,4,80,71,9,2,19,61,7.58125,7.69718309859155,6.66666666666667,6,7.52631578947368,7.5983606557377,11
"12",2002,5,7.33333333333333,6,7.5,7,NA,7,7.5,4,2,0,2,4,86,75,11,2,21,65,7.56395348837209,7.68666666666667,6.72727272727273,6,7.47619047619048,7.59230769230769,12
"13",2002,6,8,9,8.1875,6.5,NA,8.75,7.4,8,1,0,4,5,95,83,12,2,25,70,7.60526315789474,7.73493975903614,6.70833333333333,6,7.68,7.57857142857143,13
"14",2002,7,7.6,10,7.55555555555556,8,NA,7.33333333333333,7.71428571428571,9,1,0,3,7,105,92,13,2,28,77,7.6047619047619,7.71739130434783,6.80769230769231,6,7.64285714285714,7.59090909090909,14
"15",2002,8,7.73333333333333,15,8,6.66666666666667,NA,8.2,7.5,12,3,0,5,10,120,104,16,2,33,87,7.62083333333333,7.75,6.78125,6,7.72727272727273,7.58045977011494,15
"16",2002,9,7.6875,8,7.71428571428571,7.5,NA,7,7.91666666666667,7,1,0,2,6,128,111,17,2,35,93,7.625,7.74774774774775,6.82352941176471,6,7.68571428571429,7.60215053763441,16
"17",2002,10,8.2,10,8.11111111111111,9,NA,7.5,8.66666666666667,9,1,0,4,6,138,120,18,2,39,99,7.66666666666667,7.775,6.94444444444444,6,7.66666666666667,7.66666666666667,17
"18",2002,11,8.21428571428571,14,8,8.75,8,8.42857142857143,8,10,4,1,7,7,152,130,22,3,46,106,7.71710526315789,7.79230769230769,7.27272727272727,6.66666666666667,7.78260869565217,7.68867924528302,18
"19",2002,12,7.70588235294118,17,7.70588235294118,NA,NA,8.2,7.5,17,0,0,5,12,169,147,22,3,51,118,7.71597633136095,7.78231292517007,7.27272727272727,6.66666666666667,7.82352941176471,7.66949152542373,19
"20",2003,1,7.80555555555556,18,7.78125,8,8,7.33333333333333,8.04166666666667,16,2,1,6,12,187,163,24,4,57,130,7.72459893048128,7.78220858895706,7.33333333333333,7,7.7719298245614,7.70384615384615,20
"21",2003,2,7.5,11,7.55,7,NA,6.83333333333333,7.75,10,1,0,3,8,198,173,25,4,60,138,7.71212121212121,7.76878612716763,7.32,7,7.725,7.70652173913043,21
"22",2003,3,7.06666666666667,15,7,7.33333333333333,NA,6.8125,7.35714285714286,12,3,0,8,7,213,185,28,4,68,145,7.66666666666667,7.71891891891892,7.32142857142857,7,7.61764705882353,7.68965517241379,22
"23",2003,4,8.09090909090909,11,8.09090909090909,NA,NA,8.5,8,11,0,0,2,9,224,196,28,4,70,154,7.6875,7.73979591836735,7.32142857142857,7,7.64285714285714,7.70779220779221,23
"24",2003,5,7.7,20,7.76470588235294,7.33333333333333,6,8.4,7,17,3,1,10,10,244,213,31,5,80,164,7.68852459016393,7.74178403755869,7.32258064516129,6.8,7.7375,7.66463414634146,24
"25",2003,6,7.56521739130435,23,7.66666666666667,6.5,NA,7.38461538461539,7.8,21,2,0,13,10,267,234,33,5,93,174,7.67790262172285,7.73504273504274,7.27272727272727,6.8,7.68817204301075,7.67241379310345,25
"26",2003,7,7.34754098360656,61,7.65714285714286,6.08333333333333,4,7.31818181818182,7.36410256410256,49,12,1,22,39,328,283,45,6,115,213,7.61646341463415,7.72155477031802,6.95555555555556,6.33333333333333,7.61739130434783,7.61596244131455,26
"27",2003,8,7.21666666666667,30,7.39130434782609,6.64285714285714,NA,7.64285714285714,7.08695652173913,23,7,0,7,23,358,306,52,6,122,236,7.58296089385475,7.69673202614379,6.91346153846154,6.33333333333333,7.61885245901639,7.56440677966102,27
"28",2003,9,7.688,25,7.80454545454545,6.83333333333333,NA,8.2,7.34666666666667,22,3,0,10,15,383,328,55,6,132,251,7.58981723237598,7.70396341463415,6.90909090909091,6.33333333333333,7.66287878787879,7.55139442231076,28
"29",2003,10,7.75,24,7.77272727272727,7.5,NA,7.92857142857143,7.67647058823529,22,2,0,7,17,407,350,57,6,139,268,7.5992628992629,7.70828571428571,6.92982456140351,6.33333333333333,7.67625899280576,7.55932835820896,29
"30",2003,11,7.17307692307692,26,7.40476190476191,6.2,5.5,6.85,7.375,21,5,2,10,16,433,371,62,8,149,284,7.57367205542725,7.6911051212938,6.87096774193548,6.125,7.62080536912752,7.54894366197183,30
"31",2003,12,7.69230769230769,26,7.69565217391304,7.66666666666667,NA,7.85714285714286,7.63157894736842,23,3,0,7,19,459,394,65,8,156,303,7.58039215686274,7.69137055837563,6.90769230769231,6.125,7.63141025641026,7.55412541254125,31
"32",2004,1,7.62162162162162,37,7.8,6.85714285714286,8,7.42857142857143,7.73913043478261,30,7,2,14,23,496,424,72,10,170,326,7.58346774193548,7.69905660377358,6.90277777777778,6.5,7.61470588235294,7.56717791411043,32
"33",2004,2,7.553125,32,7.65555555555556,7,NA,7.36363636363636,7.65238095238095,27,5,0,11,21,528,451,77,10,181,347,7.58162878787879,7.69645232815964,6.90909090909091,6.5,7.59944751381216,7.57233429394813,33
"34",2004,3,7.49393939393939,33,7.59655172413793,6.75,NA,7.44166666666667,7.52380952380952,29,4,0,12,21,561,480,81,10,193,368,7.57647058823529,7.69041666666667,6.90123456790123,6.5,7.58963730569948,7.5695652173913,34
"35",2004,4,7.77840909090909,44,7.77564102564103,7.8,8,7.96052631578947,7.64,39,5,1,19,25,605,519,86,11,212,393,7.59115702479339,7.69682080924855,6.95348837209302,6.63636363636364,7.62287735849057,7.57404580152672,35
"36",2004,5,7.28823529411765,34,7.5,6.06,7,7.75,6.87777777777778,29,5,1,16,18,639,548,91,12,228,411,7.57503912363067,7.68640510948905,6.9043956043956,6.66666666666667,7.63179824561403,7.54355231143552,36
"37",2004,6,7.67741935483871,31,7.7962962962963,6.875,7.5,8,7.56521739130435,27,4,1,8,23,670,575,95,13,236,434,7.57977611940299,7.6915652173913,6.90315789473684,6.73076923076923,7.64427966101695,7.54470046082949,37
"38",2004,7,7.69444444444444,36,7.82352941176471,5.5,5.5,7.92857142857143,7.54545454545455,34,2,2,14,22,706,609,97,15,250,456,7.58562322946176,7.69893267651888,6.87422680412371,6.56666666666667,7.6602,7.54473684210526,38
"39",2004,8,7.42105263157895,19,7.42105263157895,NA,NA,7.42857142857143,7.41666666666667,19,0,0,7,12,725,628,97,15,257,468,7.58131034482759,7.69052547770701,6.87422680412371,6.56666666666667,7.65389105058366,7.54145299145299,39
"40",2004,9,7.5,38,7.66176470588235,6.125,7,7.47058823529412,7.52380952380952,34,4,2,17,21,763,662,101,17,274,489,7.57726081258191,7.68904833836858,6.84455445544554,6.61764705882353,7.64251824817518,7.54069529652352,40
"41",2004,10,6.86111111111111,36,7.14285714285714,5.875,7,6.73913043478261,7.07692307692308,28,8,1,23,13,799,690,109,18,297,502,7.54499374217772,7.66688405797101,6.77339449541284,6.63888888888889,7.57255892255892,7.52868525896414,41
"42",2004,11,7.46590909090909,44,7.5,7.28571428571429,NA,7.75,7.33333333333333,37,7,0,14,30,843,727,116,18,311,532,7.54086595492289,7.65839064649243,6.80431034482759,6.63888888888889,7.58054662379421,7.51766917293233,42
"43",2004,12,7.27333333333333,45,7.4325,6,NA,7.15909090909091,7.38260869565217,40,5,0,22,23,888,767,121,18,333,555,7.52730855855856,7.64661016949153,6.77107438016529,6.63888888888889,7.5527027027027,7.51207207207207,43
"44",2005,1,7.19921875,64,7.46153846153846,6.0625,4,7.09821428571429,7.27777777777778,52,12,1,28,36,952,819,133,19,361,591,7.50525210084034,7.63485958485958,6.70714285714286,6.5,7.51745152354571,7.49780033840948,44
"45",2005,2,7.53448275862069,58,7.66666666666667,6.57142857142857,7,7.54,7.53030303030303,51,7,1,25,33,1010,870,140,20,386,624,7.50693069306931,7.63672413793103,6.70035714285714,6.525,7.51891191709845,7.49951923076923,45
"46",2005,3,7.45087719298246,57,7.50425531914894,7.2,8,7.44090909090909,7.45714285714286,47,10,2,22,35,1067,917,150,22,408,659,7.50393626991565,7.62993456924755,6.73366666666667,6.65909090909091,7.51470588235294,7.49726858877086,46
"47",2005,4,7.15909090909091,44,7.35897435897436,5.6,7,7.02380952380952,7.28260869565217,39,5,1,21,23,1111,956,155,23,429,682,7.49027902790279,7.61888075313808,6.69709677419355,6.67391304347826,7.49067599067599,7.4900293255132,47
"48",2005,5,7.66071428571429,56,7.83333333333333,6.625,6.5,7.72727272727273,7.56521739130435,48,8,2,33,23,1167,1004,163,25,462,705,7.49845758354756,7.62913346613546,6.69355828220859,6.66,7.50757575757576,7.49248226950355,48
"49",2005,6,7.3921568627451,51,7.31818181818182,7.85714285714286,10,7.58695652173913,7.23214285714286,44,7,1,23,28,1218,1048,170,26,485,733,7.4940065681445,7.61607824427481,6.74147058823529,6.78846153846154,7.51134020618557,7.48253751705321,49
"50",2005,7,7.38552631578947,76,7.67758620689655,6.44444444444444,6.92857142857143,7.32972972972973,7.43846153846154,58,18,7,37,39,1294,1106,188,33,522,772,7.48763523956723,7.61930379746835,6.71303191489362,6.81818181818182,7.49846743295019,7.48031088082902,50
"51",2005,8,7.58072289156626,83,7.67397260273973,6.9,5,7.72777777777778,7.46808510638298,73,10,1,36,47,1377,1179,198,34,558,819,7.49324618736383,7.6226887192536,6.72247474747475,6.76470588235294,7.51326164874552,7.47960927960928,51
"52",2005,9,7.3625,72,7.52037037037037,6.88888888888889,6.9,7.41176470588235,7.31842105263158,54,18,5,34,38,1449,1233,216,39,592,857,7.48674948240166,7.61820762368208,6.73634259259259,6.78205128205128,7.50743243243243,7.47246207701284,52
"53",2005,10,7.37301587301587,63,7.39473684210526,7.16666666666667,NA,7.24074074074074,7.47222222222222,57,6,0,27,36,1512,1290,222,39,619,893,7.48201058201058,7.60833333333333,6.74797297297297,6.78205128205128,7.49579967689822,7.47245240761478,53
"54",2005,11,7.33482142857143,56,7.5,6.78846153846154,7.2,7.25,7.38571428571429,43,13,5,21,35,1568,1333,235,44,640,928,7.47675382653061,7.60483870967742,6.75021276595745,6.82954545454545,7.487734375,7.46918103448276,54
"55",2005,12,7.374,75,7.51209677419355,6.71538461538462,NA,7.575,7.20731707317073,62,13,0,34,41,1643,1395,248,44,674,969,7.47206329884358,7.60071684587814,6.74838709677419,6.82954545454545,7.49213649851632,7.45810113519092,55
"56",2006,1,7.52196261682243,107,7.815,5.97058823529412,3,7.41530612244898,7.61206896551724,90,17,1,49,58,1750,1485,265,45,723,1027,7.47511428571429,7.6137037037037,6.69849056603774,6.74444444444444,7.48692946058091,7.4667964946446,56
"57",2006,2,7.633125,80,7.8,6.6875,6.5,7.45434782608696,7.875,68,12,2,46,34,1830,1553,277,47,769,1061,7.4820218579235,7.6218609143593,6.69801444043321,6.73404255319149,7.48498049414824,7.47987747408106,57
"58",2006,3,7.65875,80,7.7,7.46428571428571,7.5,7.73611111111111,7.59545454545455,66,14,4,36,44,1910,1619,291,51,805,1105,7.48942408376963,7.62504632489191,6.73487972508591,6.79411764705882,7.49621118012422,7.48447963800905,58
"59",2006,4,7.31290322580645,62,7.59347826086957,6.50625,7,7.12258064516129,7.50322580645161,46,16,3,31,31,1972,1665,307,54,836,1136,7.48387423935091,7.62417417417417,6.72296416938111,6.80555555555556,7.48235645933014,7.4849911971831,59
"60",2006,5,7.43181818181818,66,7.44230769230769,7.39285714285714,6.83333333333333,7.48148148148148,7.3974358974359,52,14,3,27,39,2038,1717,321,57,863,1175,7.48218842001963,7.61866627839254,6.75218068535825,6.80701754385965,7.48232908458864,7.48208510638298,60
"61",2006,6,7.45070422535211,71,7.58064516129032,6.55555555555556,6,7.23809523809524,7.54,62,9,1,21,50,2109,1779,330,58,884,1225,7.48112849691797,7.61734120292299,6.74681818181818,6.79310344827586,7.47652714932127,7.48444897959184,61
"62",2006,7,7.33425925925926,108,7.45632183908046,6.82857142857143,6.91666666666667,7.46511627906977,7.24769230769231,87,21,6,43,65,2217,1866,351,64,927,1290,7.47397383852052,7.60983386923901,6.7517094017094,6.8046875,7.4759978425027,7.47251937984496,62
"63",2006,8,7.43010752688172,93,7.5,7,7.66666666666667,7.2972972972973,7.51785714285714,80,13,3,37,56,2310,1946,364,67,964,1346,7.47220779220779,7.60531860226105,6.76057692307692,6.84328358208955,7.46913900414938,7.47440564635958,63
"64",2006,9,7.46559139784946,93,7.60263157894737,6.85294117647059,7.33333333333333,7.640625,7.37377049180328,76,17,3,32,61,2403,2022,381,70,996,1407,7.47195172700791,7.60521760633037,6.76469816272966,6.86428571428571,7.47464859437751,7.47004264392324,64
"65",2006,10,7.2320987654321,81,7.25070422535211,7.1,7.5,7.11538461538461,7.28727272727273,71,10,2,26,55,2484,2093,391,72,1022,1462,7.46413043478261,7.59319159101768,6.773273657289,6.88194444444444,7.46550880626223,7.46316689466484,65
"66",2006,11,7.361,100,7.46470588235294,6.77333333333333,7,7.11714285714286,7.49230769230769,85,15,3,35,65,2584,2178,406,75,1057,1527,7.46013931888545,7.58817722681359,6.77327586206897,6.88666666666667,7.45397350993378,7.46440733464309,66
"67",2006,12,7.38786764705882,136,7.48883928571429,6.91666666666667,7,7.46739130434783,7.34722222222222,112,24,7,46,90,2720,2290,430,82,1103,1617,7.45652573529412,7.58331877729258,6.78127906976744,6.89634146341463,7.45453309156845,7.45788497217069,67
"68",2007,1,7.32668539325843,178,7.46360544217687,6.67741935483871,7,7.30472972972973,7.34230769230769,147,31,4,74,104,2898,2437,461,86,1177,1721,7.44855072463768,7.57609766105868,6.77429501084599,6.90116279069767,7.44511469838573,7.45090063916328,68
"69",2007,2,7.35513091666667,120,7.39238095238095,7.09438066666667,NA,7.08205128205128,7.4866137037037,105,15,0,39,81,3018,2542,476,86,1216,1802,7.44483621935056,7.56850904799371,6.78438174369748,6.90116279069767,7.43347039473684,7.45250594339623,69
"70",2007,3,7.28018018018018,111,7.42142857142857,6.84074074074074,6.88888888888889,7.14,7.35915492957746,84,27,9,40,71,3129,2626,503,95,1256,1873,7.43899511345478,7.56380426504189,6.78740697813121,6.9,7.42412420382166,7.44896727709557,70
"71",2007,4,7.37747747747748,111,7.46521739130435,6.95263157894737,7.71428571428571,7.11315789473684,7.51506849315069,92,19,7,38,73,3240,2718,522,102,1294,1946,7.43688756481481,7.56046725533481,6.79342090038314,6.95588235294118,7.41499227202473,7.45144692189106,71
"72",2007,5,7.16973684210526,114,7.3948275862069,6.44444444444444,5.8,6.9671875,7.24878048780488,87,27,5,32,82,3354,2805,549,107,1326,2028,7.42780730769231,7.55532976827095,6.77625812386157,6.9018691588785,7.40418552036199,7.44325232248521,72
"73",2007,6,7.375,100,7.46279069767442,6.83571428571429,8,7.52857142857143,7.31527777777778,86,14,1,28,72,3454,2891,563,108,1354,2100,7.42627843370006,7.55257696298859,6.77773660746004,6.91203703703704,7.40675775480059,7.43886462380952,73
"74",2007,7,7.04469026548673,113,7.16902173913043,6.5,5.66666666666667,6.90196078431373,7.16209677419355,92,21,3,51,62,3567,2983,584,111,1405,2162,7.41418999439305,7.54074756956084,6.76774950342466,6.87837837837838,7.38843416370107,7.43092771045328,74
"75",2007,8,7.24727272727273,110,7.37052631578947,6.46666666666667,6.33333333333333,7.08888888888889,7.35692307692308,95,15,3,45,65,3677,3078,599,114,1450,2227,7.40919654881697,7.53549382716049,6.76020986644407,6.8640350877193,7.37913793103448,7.42876771890436,75
"76",2007,9,7.29698275862069,116,7.5543956043956,6.36,5.77777777777778,7.43125,7.22631578947368,91,25,9,40,76,3793,3169,624,123,1490,2303,7.40576475349328,7.53603660460713,6.74417581730769,6.78455284552845,7.38053691275168,7.42208671732523,76
"77",2007,10,7.32504424778761,113,7.47647727272727,6.792,7.3125,7.36047619047619,7.30408450704225,88,25,8,42,71,3906,3257,649,131,1532,2374,7.40342952124936,7.5344273871661,6.7460180431433,6.81679389312977,7.37998694516971,7.41855758635215,77
"78",2007,11,7.2620253164557,158,7.54837398373984,6.25571428571429,7.025,7.08362068965517,7.3655,123,35,8,58,100,4064,3380,684,139,1590,2474,7.39793201525591,7.5349349112426,6.7209294005848,6.82877697841727,7.36917610062893,7.41641297898141,78
"79",2007,12,7.41789772727273,176,7.52074829931973,6.89655172413793,6.2,7.22569444444444,7.55096153846154,147,29,5,72,104,4240,3527,713,144,1662,2578,7.39876078066038,7.53434363481713,6.72807252454418,6.80694444444444,7.36296028880867,7.42184084949573,79
"80",2008,1,7.39867724867725,189,7.49774193548387,6.94705882352941,6.72222222222222,7.16538461538462,7.52096774193548,155,34,9,65,124,4429,3682,747,153,1727,2702,7.39875721607586,7.53280282455187,6.73803977242303,6.80196078431373,7.35552403011002,7.42638997409326,80
"81",2008,2,7.26555555555556,135,7.54081632653061,6.53648648648649,7.16666666666667,7.24090909090909,7.27747252747253,98,37,6,44,91,4564,3780,784,159,1771,2793,7.39481720201578,7.53301058201058,6.72852769132653,6.81572327044025,7.3526764539808,7.42153802721088,81
"82",2008,3,7.04181818181818,110,7.24216867469879,6.42592592592593,6.33333333333333,7.17435897435897,6.96901408450704,83,27,6,39,71,4674,3863,811,165,1810,2864,7.3865095656825,7.52676158426094,6.71845340320592,6.79818181818182,7.34883425414365,7.41031973114525,82
"83",2008,4,7.20839160839161,143,7.35789473684211,6.62068965517241,6.83333333333333,7.21224489795918,7.2063829787234,114,29,6,49,94,4817,3977,840,171,1859,2958,7.38122186215487,7.52192104601458,6.71507822619048,6.79941520467836,7.34523399677246,7.40383898242055,83
"84",2008,5,7.20932,125,7.24856382978723,7.09032258064516,6.83333333333333,7.20675925925926,7.2112676056338,94,31,9,54,71,4942,4071,871,180,1913,3029,7.37687387899636,7.51560918693196,6.72843365097589,6.80111111111111,7.34132514375327,7.39932509409046,84
"85",2008,6,7.09785714285714,112,7.36,5.96190476190476,6.925,6.86652173913043,7.25909090909091,91,21,4,46,66,5054,4162,892,184,1959,3095,7.37069068262762,7.5122068716963,6.71038756726457,6.80380434782609,7.33017611026034,7.39633463974152,85
"86",2008,7,7.11657608695652,184,7.37374100719424,6.32222222222222,6.17647058823529,6.71071428571429,7.294140625,139,45,17,56,128,5238,4301,937,201,2015,3223,7.36176416762123,7.50773192280865,6.69174568836713,6.75074626865672,7.31296029776675,7.39227605026373,86
"87",2008,8,7.19853146853147,143,7.30789915966387,6.65625,5.875,7.36224489795918,7.1131914893617,119,24,8,49,94,5381,4420,961,209,2064,3317,7.35742626091804,7.50235180995475,6.69085921956296,6.71722488038278,7.31413032945736,7.38436711184805,87
"88",2008,9,7.0475,120,7.48488372093023,5.94117647058824,6,6.93,7.10625,86,34,10,40,80,5501,4506,995,219,2104,3397,7.35066546264316,7.5020184198846,6.66524191959799,6.68447488584475,7.30682747148289,7.37781740064763,88
"89",2008,10,7.03861788617886,123,7.35459770114943,6.275,5.80769230769231,7.04852941176471,7.03483146067416,87,36,13,34,89,5624,4593,1031,232,2138,3486,7.34384080903272,7.49922599608099,6.65161562560621,6.63534482758621,7.30271983161834,7.36906073149742,89
"90",2008,11,7.04274193548387,124,7.31354166666667,6.11428571428571,5.69230769230769,7.23823529411765,6.96888888888889,96,28,13,34,90,5748,4689,1059,245,2172,3576,7.33734528705637,7.49542439752612,6.63740860245515,6.58530612244898,7.30171040515654,7.35898929250559,90
"91",2008,12,7.11214285714286,140,7.26619047619048,6.65,6.33333333333333,7.22872340425532,7.05322580645161,105,35,12,47,93,5888,4794,1094,257,2219,3669,7.33199060971467,7.49040362953692,6.63781143510055,6.57354085603113,7.30016448850834,7.35123895066776,91
"92",2009,1,7.18325581395349,215,7.34942857142857,6.45625,6.56944444444444,7.05083333333333,7.23451612903226,175,40,18,60,155,6103,4969,1134,275,2279,3824,7.32675089464198,7.4854387200644,6.63140715167548,6.57327272727273,7.29360026327337,7.34650776935146,92
"93",2009,2,6.8833984375,256,7.12844311377246,6.42359550561798,5.79411764705882,6.66981132075472,6.93916256157635,167,89,17,53,203,6359,5136,1223,292,2332,4027,7.30890245478849,7.47383080218068,6.61628430907604,6.52791095890411,7.27942324185249,7.32597360566178,93
"94",2009,3,6.86257918552036,221,7.2430612244898,6.10675675675676,5.79166666666667,6.71458333333333,6.90364161849711,147,74,24,48,173,6580,5283,1297,316,2380,4200,7.29391196200608,7.46740961574863,6.5872133461835,6.47199367088608,7.26803151260504,7.30857755,94
"95",2009,4,6.99746192893401,197,7.45514018691589,6.45333333333333,6.2,6.76315789473684,7.05345911949686,107,90,20,38,159,6777,5390,1387,336,2418,4359,7.2852944828095,7.46716604823748,6.57852610670512,6.45580357142857,7.26009718775848,7.29927178481303,95
"96",2009,5,7.04705882352941,221,7.25888888888889,6.71453488372093,5.5,6.54705882352941,7.19705882352941,135,86,16,51,170,6998,5525,1473,352,2469,4529,7.27777089311232,7.46207692307692,6.58646687712152,6.41235795454546,7.24536857027137,7.29543513137558,96
"97",2009,6,7.01050314465409,159,7.37191919191919,6.41416666666667,6.38235294117647,7.12564102564103,6.97308333333333,99,60,17,39,120,7157,5624,1533,369,2508,4649,7.27183326952634,7.46048986486486,6.57972322896282,6.4109756097561,7.24350677830941,7.28711458593246,97
"98",2009,7,6.87275420118343,169,7.17427184466019,6.40220393939394,6.41666666666667,6.8518865,6.87922480620155,103,66,18,40,129,7326,5727,1599,387,2548,4778,7.2626271048321,7.45534223851929,6.57239597873671,6.41124031007752,7.23735889324961,7.27610207408958,98
"99",2009,8,7.21086092715232,151,7.48630434782609,6.78135593220339,6.79411764705882,7.26571428571429,7.19431034482759,92,59,17,35,116,7477,5819,1658,404,2583,4894,7.26158167313093,7.45583175803402,6.57983182750301,6.42735148514851,7.2377431126597,7.27416340621169,99
"100",2009,9,6.93216374269006,171,7.2712962962963,6.35079365079365,5.8,6.5,7.05563909774436,108,63,20,38,133,7648,5927,1721,424,2621,5027,7.25421628791841,7.45246920870592,6.57144751307379,6.39775943396226,7.22704710415872,7.26838187984881,100
"101",2009,10,6.87933673469388,196,7.24193548387097,6.25486111111111,6.51,6.81083333333333,6.90955882352941,124,72,25,60,136,7844,6051,1793,449,2681,5163,7.24484907827639,7.44815485043794,6.55873461795873,6.40400890868597,7.21773236105931,7.2589300232423,101
"102",2009,11,6.93333333333333,201,7.27881355932203,6.4421686746988,6.59230769230769,6.97906976744186,6.92088607594937,118,83,26,43,158,8045,6169,1876,475,2724,5321,7.23706602486016,7.44491570757011,6.55357738272921,6.41431578947368,7.21396492657856,7.24889225897387,102
"103",2009,12,7.14090909090909,231,7.45308219178082,6.60470588235294,6.816,7.21328125,7.11317365269461,146,85,25,64,167,8276,6315,1961,500,2788,5488,7.23438208917351,7.44510451306413,6.55579355940846,6.4344,7.21394923242468,7.24476233782799,103
"104",2010,1,6.94360465116279,258,7.17735294117647,6.49204545454545,6.49285714285714,7.08507462686567,6.89397905759162,170,88,28,67,191,8534,6485,2049,528,2855,5679,7.22559130185142,7.43808558211257,6.55305571986335,6.4375,7.21092485464098,7.23296455537947,104
"105",2010,2,6.95350877192982,171,7.28009259259259,6.39365079365079,6.14090909090909,6.90641025641026,6.96742424242424,108,63,22,39,132,8705,6593,2112,550,2894,5811,7.22024654451465,7.43549749734567,6.54830074337121,6.42563636363636,7.20682116793366,7.22693266391327,105
"106",2010,3,7.20032051282051,156,7.39207920792079,6.84818181818182,6.52083333333333,7.24242424242424,7.1890243902439,101,55,12,33,123,8861,6694,2167,562,2927,5934,7.21989574201557,7.43484239617568,6.55591193816336,6.42766903914591,7.20722256918347,7.22614690091001,106
"107",2010,4,6.98492063492063,126,7.24510869565217,6.28088235294118,5.80769230769231,6.7,7.07395833333333,92,34,13,30,96,8987,6786,2201,575,2957,6030,7.21660133192389,7.43227011494253,6.55166341208541,6.41365217391304,7.20207658437606,7.22372399834162,107
"108",2010,5,7.06150793650794,126,7.26206896551724,6.61410256410256,7.55,6.96774193548387,7.09210526315789,87,39,10,31,95,9113,6873,2240,585,2988,6125,7.21445694831559,7.43011567001309,6.55275052232143,6.43307692307692,7.19964540160643,7.22168256489796,108
"109",2010,6,7.0252380952381,105,7.2474025974026,6.41428571428571,6.14285714285714,7.38636363636364,6.92951807228916,77,28,7,22,83,9218,6950,2268,592,3010,6208,7.21230160229984,7.42809136690648,6.55104108024691,6.42964527027027,7.20101011960133,7.21777637081185,109
"110",2010,7,7.13490566037736,106,7.3375,6.70588235294118,6.51666666666667,7.26818181818182,7.07465753424658,72,34,12,33,73,9324,7022,2302,604,3043,6281,7.21142172565422,7.42716248931928,6.55332804952215,6.43137417218543,7.20173856720342,7.21611299315395,110
"111",2010,8,7.01594827586207,116,7.43223684210526,6.225,6.83333333333333,6.75925925925926,7.0938202247191,76,40,9,27,89,9440,7098,2342,613,3070,6370,7.2090197213983,7.4272168216399,6.5477203970965,6.43727569331158,7.19784705537459,7.21440435007849,111
"112",2010,9,6.85325203252033,123,7.22272727272727,6.23478260869565,5.69230769230769,6.86666666666667,6.84947916666667,77,46,13,27,96,9563,7175,2388,626,3097,6466,7.20444381156541,7.42502229965157,6.54169228224456,6.42180511182109,7.19495978689054,7.20898634549953,112
"113",2010,10,6.93333333333333,123,7.29880952380952,6.14615384615385,6.15333333333333,6.95555555555556,6.92413793103448,84,39,15,36,87,9686,7259,2427,641,3133,6553,7.20100104996903,7.42356178536989,6.53533628759786,6.41552262090484,7.19220889243537,7.20520459484205,113
"114",2010,11,6.99855617977528,178,7.24784033613445,6.49576271186441,6.33823529411765,6.62222222222222,7.12588721804511,119,59,17,45,133,9864,7378,2486,658,3178,6686,7.19734784772911,7.42072756844673,6.5343970917136,6.41352583586626,7.18413796727502,7.20362678881244,114
"115",2010,12,6.88768844221106,199,7.14595588235294,6.33015873015873,6.46666666666667,6.93469387755102,6.87233333333333,136,63,21,49,150,10063,7514,2549,679,3227,6836,7.19122420451157,7.41575432525952,6.52934922322479,6.41516936671576,7.1803503129842,7.19635733031012,115
"116",2011,1,7.05577777777778,225,7.24420731707317,6.54918032786885,6.33333333333333,6.69333333333333,7.14638888888889,164,61,21,45,180,10288,7678,2610,700,3272,7016,7.18826197220062,7.41209012763741,6.52981270881226,6.41271428571429,7.1736523410758,7.1950753577537,116
"117",2011,2,6.96147435897436,156,7.22726495726496,6.16410256410256,6.5,7.00368421052632,6.9478813559322,117,39,11,38,118,10444,7795,2649,711,3310,7134,7.18487448965913,7.40931597177678,6.52442852774632,6.414064697609,7.17170104531722,7.19098664283712,117
"118",2011,3,6.86627450980392,153,7.23617021276596,6.27694915254237,6.30833333333333,6.53975,6.98185840707965,94,59,18,40,113,10597,7889,2708,729,3350,7247,7.18027452769652,7.4072528837622,6.5190366211226,6.41145404663923,7.16415536119403,7.18772577756313,118
"119",2011,4,6.9465701754386,114,7.32164556962025,6.09997142857143,6.33,7.40576923076923,6.81089772727273,79,35,10,26,88,10711,7968,2743,739,3376,7335,7.17778715059285,7.40640411646586,6.51368945315348,6.41035182679296,7.16601613151659,7.18320486843899,119
"120",2011,5,6.82556390977444,133,7.18372093023256,6.17021276595745,5.63333333333333,6.7,6.867,86,47,15,33,100,10844,8054,2790,754,3409,7435,7.17346718646256,7.40402632232431,6.50790328673835,6.39489389920424,7.161504975066,7.17895194485541,120
"121",2011,6,6.86299212598425,127,7.15394736842105,6.42941176470588,6,6.63793103448276,6.92959183673469,76,51,16,29,98,10971,8130,2841,770,3438,7533,7.16987313553915,7.40168856088561,6.50649425202394,6.38668831168831,7.15708855730076,7.175707913182,121
"122",2011,7,6.95747014925373,134,7.29671428571429,6.23953488372093,6.17857142857143,7.28333333333333,6.83776530612245,91,43,14,36,98,11105,8221,2884,784,3474,7631,7.16731014588023,7.40052657827515,6.50251392857143,6.38297193877551,7.15839679332182,7.17136793473987,122
"123",2011,8,6.86432748538012,171,7.0344,6.40217391304348,6.19444444444444,6.79591836734694,6.89180327868852,125,46,18,49,122,11276,8346,2930,802,3523,7753,7.16271542834338,7.39504301461778,6.50093862457338,6.37874064837905,7.15335522565995,7.1669687488714,123
"124",2011,9,6.92520661157025,121,7.42012195121951,5.88461538461539,5.35294117647059,7.02758620689655,6.8929347826087,82,39,17,29,92,11397,8428,2969,819,3552,7845,7.16019383785207,7.39528701945895,6.49284276524082,6.35744810744811,7.15232839527027,7.16375509369025,124
"125",2011,10,7.03191176470588,136,7.35585106382979,6.30690476190476,6.15384615384615,6.77076923076923,7.09363636363636,94,42,13,26,110,11533,8522,3011,832,3578,7955,7.15868110378913,7.3948520300399,6.49024914314181,6.35426682692308,7.14955574622694,7.16278550722816,125
"126",2011,11,6.98543046357616,151,7.15978260869565,6.7135593220339,6.03333333333333,6.81315789473684,7.04336283185841,92,59,15,38,113,11684,8614,3070,847,3616,8068,7.15644207206436,7.39234142094265,6.49454077198697,6.34858323494687,7.14602059181416,7.16111287927615,126
"127",2011,12,7.0840490797546,163,7.33252032520325,6.32,5.94285714285714,7.05428571428571,7.0921875,123,40,14,35,128,11847,8737,3110,861,3651,8196,7.1554460344391,7.39149925603754,6.49229587459807,6.34198606271777,7.14514118323747,7.16003644582723,127
"128",2012,1,7.0979057591623,191,7.42977099236641,6.37333333333333,6.315,7.04777777777778,7.11335616438356,131,60,20,45,146,12038,8868,3170,881,3696,8342,7.15453307609237,7.39206461434371,6.49004421766561,6.34137343927355,7.1439557521645,7.15921945696476,128
"129",2012,2,7.18510344827586,145,7.37798165137615,6.60111111111111,6.55,7.08666666666667,7.21078260869565,109,36,10,30,115,12183,8977,3206,891,3726,8457,7.15489691947796,7.39189361702128,6.49129138178415,6.34371492704826,7.14349448738594,7.15992062315242,129
"130",2012,3,6.82640845070423,142,7.17254901960784,5.94375,5.93928571428571,6.64857142857143,6.88457943925234,102,40,14,35,107,12325,9079,3246,905,3761,8564,7.15111230588235,7.38942934243859,6.48454410659273,6.33745856353591,7.13888871576709,7.15648046590378,130
"131",2012,4,7.09031007751938,129,7.4115,5.98275862068965,5.5,7.1,7.08774509803922,100,29,9,27,102,12454,9179,3275,914,3788,8666,7.15048250923398,7.38966978973744,6.48010081526717,6.32921225382932,7.13861152587117,7.15567144126471,131
"132",2012,5,6.97111111111111,135,7.29340659340659,6.30454545454545,6.04166666666667,7.15526315789474,6.89896907216495,91,44,12,38,97,12589,9270,3319,926,3826,8763,7.14855899356581,7.38872481121899,6.47777347695089,6.32548596112311,7.13877691061161,7.15282993381262,132
"133",2012,6,7.0037037037037,135,7.301,6.15428571428571,5.45,6.98076923076923,7.00917431192661,100,35,10,26,109,12724,9370,3354,936,3852,8872,7.14702209761081,7.38778858057631,6.47439778473465,6.31613247863248,7.13771039979232,7.15106500338142,133
"134",2012,7,7.15830769230769,130,7.47833333333333,6.43825,6.58,7.18333333333333,7.1508,90,40,15,30,100,12854,9460,3394,951,3882,8972,7.1471362354131,7.38865,6.4739717648792,6.32029442691903,7.13806297269449,7.15106204971021,134
"135",2012,8,7.13721804511278,133,7.384375,6.49594594594595,6.34444444444444,6.87068965517241,7.21153846153846,96,37,9,29,104,12987,9556,3431,960,3911,9076,7.14703466312466,7.38860705316032,6.47420873506266,6.32052083333333,7.13608040398875,7.15175503635963,135
"136",2012,9,6.95491071428571,112,7.11282051282051,6.59264705882353,6.8,7.03846153846154,6.94393939393939,78,34,9,13,99,13099,9634,3465,969,3924,9175,7.14539195129399,7.3863741955574,6.4753709004329,6.3249742002064,7.13575699796127,7.14951266594005,136
"137",2012,10,7.17288590604027,149,7.44808080808081,6.628,6.91666666666667,7.42916666666667,7.12368,99,50,12,24,125,13248,9733,3515,981,3948,9300,7.14570117527174,7.3870018493784,6.4775420113798,6.3322120285423,7.13754064336373,7.14916545268817,137
"138",2012,11,7.09348101265823,158,7.35304761904762,6.57924528301887,6.62142857142857,7.07567567567568,7.09892561983471,105,53,14,37,121,13406,9838,3568,995,3985,9421,7.14508572057288,7.38663945923968,6.4790527382287,6.33628140703517,7.13696623839398,7.14852019000106,138
"139",2012,12,7.2344385026738,187,7.56970802919708,6.3158,6,7.15322580645161,7.25057692307692,137,50,14,31,156,13593,9975,3618,1009,4016,9577,7.14631495402045,7.38915378446115,6.47679661967938,6.33161546085233,7.13709174800797,7.15018259475827,139
"140",2013,1,7.187899543379,219,7.44145569620253,6.53114754098361,5.93478260869565,7.07261904761905,7.21525423728814,158,61,23,42,177,13812,10133,3679,1032,4058,9754,7.14697431002027,7.38996930820093,6.47769779016037,6.32277131782946,7.13642446032529,7.15136341090834,140
"141",2013,2,7.04833333333333,168,7.1987619047619,6.79761904761905,6.54705882352941,6.89848484848485,7.08496296296296,105,63,17,33,135,13980,10238,3742,1049,4091,9889,7.1457889248927,7.38800830240281,6.48308395777659,6.32640610104862,7.1345051234417,7.15045694306805,141
"142",2013,3,7.04546583850932,161,7.27035087719298,6.5,6.17647058823529,7.2919512195122,6.96125,114,47,17,41,120,14141,10352,3789,1066,4132,10009,7.14464671310374,7.38671261591963,6.48329378991818,6.32401500938086,7.1360673910939,7.14818850134879,142
"143",2013,4,7.13806060606061,165,7.28520325203252,6.70714285714286,6.38888888888889,7.06571428571429,7.15753846153846,123,42,18,35,130,14306,10475,3831,1084,4167,10139,7.14457075143296,7.38552066825776,6.48574789089011,6.32509225092251,7.13547647228222,7.14830838445606,143
"144",2013,5,7.04666666666667,126,7.26488372093023,6.5775,5.5,7.13705882352941,7.03256880733945,86,40,9,17,109,14432,10561,3871,1093,4184,10248,7.14371599016075,7.38453830129723,6.48669598811677,6.31829826166514,7.13548290152964,7.14707735265418,144
"145",2013,6,7.23098159509202,163,7.42568807339449,6.83796296296296,7,7.24074074074074,7.22904411764706,109,54,14,27,136,14595,10670,3925,1107,4211,10384,7.14469059061322,7.38495866916589,6.49152870573248,6.32691960252936,7.13615779149846,7.14815087731125,145
"146",2013,7,7.065625,144,7.27549019607843,6.55595238095238,6.675,7.09393939393939,7.05720720720721,102,42,10,33,111,14739,10772,3967,1117,4244,10495,7.14391811995386,7.38392211288526,6.49221078144694,6.33003581020591,7.13582951460886,7.14718901476894,146
"147",2013,8,7.07666666666667,165,7.3172268907563,6.45434782608696,6.5,7.14189189189189,7.0578125,119,46,14,37,128,14904,10891,4013,1131,4281,10623,7.1431735889694,7.38319337067303,6.49177676800399,6.33213969938108,7.13588191076851,7.14611208792243,147
"148",2013,9,7.19530201342282,149,7.42783018867925,6.62209302325581,6.23214285714286,6.86904761904762,7.248828125,106,43,14,21,128,15053,10997,4056,1145,4302,10751,7.14368957483558,7.3836236246249,6.49315832593688,6.33091703056769,7.13457937238494,7.14733501162683,148
"149",2013,10,7.04895833333333,144,7.33009708737864,6.34268292682927,6,6.71296296296296,7.12649572649573,103,41,13,27,117,15197,11100,4097,1158,4329,10868,7.1427919438047,7.38312693693694,6.49165247010007,6.32720207253886,7.13194974820975,7.1471106652558,149
"150",2013,11,6.91824644549763,211,7.23724832214765,6.15161290322581,6.45526315789474,6.88666666666667,6.92680722891566,149,62,19,45,166,15408,11249,4159,1177,4374,11034,7.1397169762461,7.38119468397191,6.48658335417168,6.32926932880204,7.12942625971651,7.14379633043321,150
"151",2013,12,6.95253807106599,197,7.16892857142857,6.42105263157895,5.64705882352941,7.07352941176471,6.92730061349693,140,57,17,34,163,15605,11389,4216,1194,4408,11197,7.137354,7.37858538941084,6.48569738377609,6.31955611390285,7.12899511343013,7.14064470036617,151
"152",2014,1,7.05654320987654,243,7.29414364640884,6.36290322580645,6.43809523809524,7.03636363636364,7.05971428571429,181,62,21,33,210,15848,11570,4278,1215,4441,11407,7.13611491481575,7.37726439066552,6.48391775829827,6.3216049382716,7.12830679126323,7.13915479179451,152
"153",2014,2,7.15765027322404,183,7.40948905109489,6.40760869565217,6.60714285714286,7.30196078431373,7.10189393939394,137,46,14,51,132,16031,11707,4324,1229,4492,11539,7.13636074917348,7.37764149654053,6.48310595975948,6.32485760781123,7.13027837488869,7.13872854753445,153
"154",2014,3,7.39012578616352,159,7.69324561403509,6.62222222222222,6.06666666666667,7.26129032258065,7.421328125,114,45,15,31,128,16190,11821,4369,1244,4523,11667,7.13885294441013,7.38068513662127,6.48453883497368,6.32174437299035,7.13117631218218,7.14182898002914,154
"155",2014,4,7.11019867549669,151,7.30594059405941,6.7148,6.35625,6.85142857142857,7.18827586206897,101,50,16,35,116,16341,11922,4419,1260,4558,11783,7.13858816290313,7.38005192081866,6.48714418873048,6.32218253968254,7.12902818341378,7.14228623525418,155
"156",2014,5,7.1463503649635,137,7.43585858585859,6.39210526315789,6.54285714285714,7.11515151515152,7.15625,99,38,14,33,104,16478,12021,4457,1274,4591,11887,7.13865269874985,7.38051152150404,6.48633389499664,6.32460753532182,7.12892843824875,7.14240840498023,156
"157",2014,6,7.13971631205674,141,7.34264705882353,6.60897435897436,6.45833333333333,7.10192307692308,7.14826086956522,102,39,12,26,115,16619,12123,4496,1286,4617,12002,7.138661722727,7.38019293904149,6.48739772464413,6.32585536547434,7.12877636127356,7.14246448175304,157
"158",2014,7,6.88174603174603,126,7.1425,6.42826086956522,6.38235294117647,6.68214285714286,6.93877551020408,80,46,17,28,98,16745,12203,4542,1303,4645,12100,7.1367285261272,7.37863467999672,6.48679880449142,6.32659247889486,7.12608406027987,7.14081476942149,158
"159",2014,8,7.03432624113475,141,7.39942307692308,6.00810810810811,5.95,7.278125,6.96275229357798,104,37,10,32,109,16886,12307,4579,1313,4677,12209,7.13587345552529,7.37881035183229,6.48293080803669,6.32372429550647,7.12712432328416,7.13922505610615,159
"160",2014,9,7.14166666666667,132,7.39186046511628,6.67391304347826,6.14,7.00384615384615,7.17547169811321,86,46,10,26,106,17018,12393,4625,1323,4703,12315,7.13591839052768,7.37890091180505,6.48483030702703,6.32233560090703,7.1264427939613,7.13953704506699,160
"161",2014,10,7.06601307189542,153,7.25398230088496,6.535,6.27222222222222,6.95161290322581,7.09508196721311,113,40,18,31,122,17171,12506,4665,1341,4734,12437,7.13529550812416,7.37777218934911,6.48526048660236,6.32166293810589,7.12529794254331,7.13910096566696,161
"162",2014,11,6.94279220779221,154,7.25979166666667,6.41810344827586,6.565,7.19333333333333,6.85782608695652,96,58,20,39,115,17325,12602,4723,1361,4773,12552,7.13358436767677,7.37687343278845,6.48443577598984,6.32523879500367,7.12585385711293,7.1365239571383,162
"163",2014,12,7.17843137254902,153,7.52941176470588,6.47647058823529,6.57692307692308,7.40625,7.13604651162791,102,51,13,24,129,17478,12704,4774,1374,4797,12681,7.13397695216844,7.37809815806045,6.4843506849602,6.32762008733624,7.1272567146133,7.13651910022869,163
"164",2015,1,7.14802631578947,228,7.32279761904762,6.65866666666667,6.61222222222222,6.61315789473684,7.255,168,60,18,38,190,17706,12872,4834,1392,4835,12871,7.13415786569524,7.37737639838409,6.48651430906082,6.33130028735632,7.12321622750776,7.13826809960376,164
"165",2015,2,6.91986486486486,148,7.23699029126214,6.194,6.46153846153846,7.20913043478261,6.86664,103,45,13,23,125,17854,12975,4879,1405,4858,12996,7.13238149266271,7.37626196531792,6.48381639065382,6.33250533807829,7.1236229847674,7.13565548707295,165
"166",2015,3,7.02119205298013,151,7.2607476635514,6.43863636363636,6.3625,6.925,7.04308943089431,107,44,16,28,123,18005,13082,4923,1421,4886,13119,7.13144899583449,7.37531715334047,6.48341258785294,6.33284306826179,7.12248474416701,7.13478761414742,166
"167",2015,4,7.01574074074074,162,7.41902654867257,6.08571428571429,5.525,6.77407407407407,7.06407407407407,113,49,16,27,135,18167,13195,4972,1437,4913,13254,7.1304171943634,7.3756914740432,6.47949319589702,6.32384829505915,7.12057001017708,7.13406735400634,167
"168",2015,5,7.25874125874126,143,7.52904761904762,6.51184210526316,6.42,7.09615384615385,7.29487179487179,105,38,15,26,117,18310,13300,5010,1452,4939,13371,7.13141939759694,7.37690218045113,6.47973855688623,6.32484159779614,7.12044147803199,7.13547443796275,168
"169",2015,6,7.13507042253521,142,7.46773195876289,6.418,6.881875,7.16413793103448,7.12761061946903,97,45,16,29,113,18452,13397,5055,1468,4968,13484,7.13144749458053,7.3775598268269,6.47918895548962,6.33091280653951,7.12069654991949,7.13540853678434,169
"170",2015,7,7.24897727272727,176,7.4036231884058,6.68736842105263,6.68181818181818,7.56235294117647,7.17394366197183,138,38,22,34,142,18628,13535,5093,1490,5002,13626,7.13255793268198,7.37782556335427,6.48074222854899,6.33609395973154,7.12369861255498,7.13581012109203,170
"171",2015,8,7.16384615384615,195,7.32564935064935,6.55609756097561,6.5,7.17058823529412,7.16242236024845,154,41,11,34,161,18823,13689,5134,1501,5036,13787,7.13288206821442,7.37723858572576,6.48134401441372,6.33729513657561,7.12401518268468,7.13612088996881,171
"172",2015,9,6.76804733727811,169,7.05661157024793,6.040625,6.49583333333333,6.94342105263158,6.71717557251908,121,48,12,38,131,18992,13810,5182,1513,5074,13918,7.12963559235467,7.37442932657494,6.47726170783482,6.33855254461335,7.12266268427277,7.1321776627389,172
"173",2015,10,7.17573964497041,169,7.4218487394958,6.59,6.55,7.36764705882353,7.12740740740741,119,50,16,34,135,19161,13929,5232,1529,5108,14053,7.13004223005062,7.37483444611961,6.47833909977064,6.340765206017,7.12429335552076,7.13213183733011,173
"174",2015,11,7.04901477832512,203,7.38832116788321,6.34469696969697,6.1875,7.04375,7.05030674846626,137,66,20,40,163,19364,14066,5298,1549,5148,14216,7.12919278919645,7.37496580406654,6.47667424877312,6.3387863137508,7.12366753302254,7.13119363463703,174
"175",2015,12,7.05916334661355,251,7.33511235955056,6.38630136986301,6.5,6.96444444444444,7.07985436893204,178,73,26,45,206,19615,14244,5371,1575,5193,14422,7.12829666938567,7.37446777590564,6.47544594488922,6.34144761904762,7.12228778355479,7.13046031826376,175
"176",2016,1,7.20325670498084,261,7.44685863874346,6.53857142857143,6.15909090909091,7.27727272727273,7.18824884792627,191,70,22,44,217,19876,14435,5441,1597,5237,14639,7.12928100070437,7.37542563214409,6.47625807204558,6.33893550407013,7.12358992934887,7.13131694173099,176
"177",2016,2,7.27675879396985,199,7.53899253731343,6.73615384615385,6.446875,7.18518518518519,7.29113372093023,134,65,16,27,172,20075,14569,5506,1613,5264,14811,7.13074292254047,7.37693005697028,6.47932622048674,6.34000619962802,7.12390586246201,7.1331728924448,177
"178",2016,3,7.04206572769953,213,7.26360902255639,6.67375,6.36,7.02585365853658,7.04593023255814,133,80,15,41,172,20288,14702,5586,1628,5305,14983,7.12981191689669,7.37590491089648,6.4821106641604,6.34019041769042,7.12314806032046,7.13217137489154,178
"179",2016,4,7.2475845410628,207,7.48469387755102,6.66666666666667,6.17368421052632,7.69375,7.166,147,60,19,32,175,20495,14849,5646,1647,5337,15158,7.13100142327397,7.37698188430197,6.48407193942614,6.33826958105646,7.12656931984261,7.13256192835466,179
"180",2016,5,7.19341666666667,240,7.33381502890173,6.83089552238806,6.3,7.15444444444444,7.19835680751174,173,67,16,27,213,20735,15022,5713,1663,5364,15371,7.13172385676393,7.37648475569165,6.48813936110625,6.33790138304269,7.12670963087249,7.13347366534383,180
"181",2016,6,7.28653846153846,208,7.53717105263158,6.60625,6.2,7.17142857142857,7.30444444444444,152,56,15,28,180,20943,15174,5769,1678,5392,15551,7.13326143198205,7.37809437195202,6.48928586756804,6.33666865315852,7.12694185089021,7.13545262105331,181
"182",2016,7,7.41093117408907,247,7.63513513513514,6.74193548387097,6.5125,7.57105263157895,7.38181818181818,185,62,16,38,209,21190,15359,5831,1694,5430,15760,7.13649807314771,7.38119044208607,6.49197224661293,6.33832939787485,7.13004980847146,7.1387197785533,182
"183",2016,8,7.30435319148936,235,7.57204812834225,6.26145833333333,6.29333333333333,7.38166666666667,7.29303902439024,187,48,15,30,205,21425,15546,5879,1709,5460,15965,7.13833919113186,7.38348623440113,6.49009018030277,6.33793446459918,7.13143231868132,7.14070132853116,183
"184",2016,9,7.26848739495798,238,7.52971428571429,6.54285714285714,6.62857142857143,7.3075,7.26060606060606,175,63,21,40,198,21663,15721,5942,1730,5500,16163,7.13976906107187,7.38511398765982,6.49064964153484,6.34146242774566,7.13271281090909,7.14217018560911,184
"185",2016,10,7.18333464566929,254,7.38603783783784,6.63985507246377,6.02941176470588,7.16923076923077,7.18589302325581,185,69,17,39,215,21917,15906,6011,1747,5539,16378,7.14027395035817,7.38512473280523,6.49236236399933,6.33842587292501,7.13296993320094,7.14274415130052,185
"186",2016,11,7.24204460966543,269,7.50707865168539,6.72362637362637,6.15909090909091,7.17857142857143,7.25153846153846,178,91,22,35,234,22186,16084,6102,1769,5574,16612,7.1415078955197,7.38647438448147,6.49581123729925,6.33619559072922,7.13325627197704,7.14427665001204,186
"187",2016,12,7.15910714285714,280,7.50666666666667,6.11642857142857,5.99130434782609,6.96,7.20239130434783,210,70,23,50,230,22466,16294,6172,1792,5624,16842,7.14172723982907,7.38802344421259,6.49150845268957,6.33176897321428,7.13171594238976,7.14507028322052,187
"188",2017,1,7.28911854103343,329,7.51346456692913,6.52933333333333,6.48333333333333,7.35208333333333,7.27836298932384,254,75,24,48,281,22795,16548,6247,1816,5672,17123,7.14385453695986,7.3899488759971,6.49196256923323,6.33377202643172,7.13358082863188,7.14725770659347,188
"189",2017,2,7.26236434108527,258,7.50363157894737,6.58823529411765,6.15277777777778,7.56071428571429,7.20435185185185,190,68,18,42,216,23053,16738,6315,1834,5714,17339,7.14518085151607,7.39123933564344,6.49299923515439,6.33199563794983,7.13672041652083,7.14796895495703,189
"190",2017,3,7.26996183206107,262,7.50527638190955,6.52666666666667,6.47619047619048,7.53947368421053,7.22424107142857,199,63,21,38,224,23315,16937,6378,1855,5752,17563,7.14658306540854,7.39257920529019,6.49333179209784,6.33362803234501,7.13938116481224,7.14894173603598,190
"191",2017,4,7.36856540084388,237,7.59748603351955,6.66206896551724,6.64375,7.67857142857143,7.30179487179487,179,58,16,42,195,23552,17116,6436,1871,5794,17758,7.14881683806046,7.3947221313391,6.49485241920448,6.33628006413682,7.1432896893338,7.15062021117243,191
"192",2017,5,7.23167355371901,242,7.49837142857143,6.53507462686567,6.19473684210526,7.56875,7.18030952380952,175,67,19,32,210,23794,17291,6503,1890,5826,17968,7.14965954316214,7.39577115262275,6.49526682608027,6.33485714285714,7.14562658084449,7.15096720336153,192
"193",2017,6,7.17412935323383,201,7.47410071942446,6.50161290322581,6.13636363636364,7.19285714285714,7.17109826589595,139,62,22,28,173,23995,17430,6565,1912,5854,18141,7.14986452052511,7.3963958118187,6.49532675856816,6.33257322175732,7.14585248718825,7.15115918141227,193
"194",2017,7,7.33693693693694,222,7.54813664596273,6.77950819672131,6.45588235294118,7.09416666666667,7.3839247311828,161,61,17,36,186,24217,17591,6626,1929,5890,18327,7.15157943469464,7.39778460576431,6.49794297766375,6.33365992742353,7.14553658064516,7.15352150979429,194
"195",2017,8,7.10889830508475,236,7.4325,6.42763157894737,6.62380952380952,7.33611111111111,7.068,160,76,21,36,200,24453,17751,6702,1950,5926,18527,7.15116751196172,7.39809751563292,6.49714565353626,6.33678461538461,7.14669430644617,7.15259830031845,195
"196",2017,9,7.1967094017094,234,7.46947976878613,6.42311475409836,5.99090909090909,6.79771428571429,7.26688442211055,173,61,11,35,199,24687,17924,6763,1961,5961,18726,7.15159918864179,7.39878648739121,6.49647791956232,6.33484446710862,7.1446452709277,7.15381281159885,196
"197",2017,10,7.05591517857143,224,7.23678343949045,6.63208955223881,6.79333333333333,7.03691176470588,7.05931578947368,157,67,15,34,190,24911,18081,6830,1976,5995,18916,7.15073879691702,7.39737979094076,6.49780822401171,6.33832489878542,7.14403427189325,7.15286364506238,197
"198",2017,11,7.16190871369295,241,7.39940828402367,6.60444444444444,6.36363636363636,7.22222222222222,7.15131707317073,169,72,11,36,205,25152,18250,6902,1987,6031,19121,7.15084582418893,7.39739857534246,6.49892062735439,6.3384650226472,7.14450098822749,7.15284706396109,198
"199",2017,12,7.0851012145749,247,7.33333333333333,6.55721518987342,6.18421052631579,7.52,7.00106280193237,168,79,19,40,207,25399,18418,6981,2006,6071,19328,7.15020647151463,7.39681420349658,6.49958031370864,6.33700398803589,7.14697503870862,7.15122147713162,199
"200",2018,1,7.20511077844311,334,7.43610878661088,6.62396842105263,6.55608695652174,7.09811320754717,7.22529181494662,239,95,23,53,281,25733,18657,7076,2029,6124,19609,7.15091909882252,7.39731757517286,6.50125030667043,6.33948743223262,7.14655216525147,7.15228291651792,200
"201",2018,2,7.17445414847162,229,7.44587878787879,6.4746875,6.70526315789474,7.4515625,7.12944162436548,165,64,19,32,197,25962,18822,7140,2048,6156,19806,7.15112669170326,7.39774327914143,6.50101220868347,6.342880859375,7.14813766406758,7.15205572604261,201
"202",2018,3,7.18341563786008,243,7.43207100591716,6.61554054054054,6.60294117647059,7.67432432432432,7.0952427184466,169,74,17,37,206,26205,18991,7214,2065,6193,20012,7.15142610837626,7.39804875993892,6.50218702107014,6.34502179176755,7.15128135959955,7.15147090295822,202
"203",2018,4,7.22123981900453,221,7.43186503067485,6.62931034482759,6.47058823529412,7.33823529411765,7.1999679144385,163,58,17,34,187,26426,19154,7272,2082,6227,20199,7.15200995875274,7.39833653544951,6.5032009309681,6.34604707012488,7.15230214549542,7.15191988266746,203
"204",2018,5,7.32074432038835,206,7.61074338129496,6.71910447761194,6.61555555555556,7.39444444444444,7.30513723529412,139,67,18,36,170,26632,19293,7339,2100,6263,20369,7.15331512841694,7.39986686000103,6.50517198119635,6.34835714285714,7.15369399010059,7.15319863714468,204
"205",2018,6,7.03137362637363,182,7.22078125,6.58240740740741,6.57083333333333,7.22346153846154,6.99935897435897,128,54,12,26,156,26814,19421,7393,2112,6289,20525,7.15248745058552,7.39868654188764,6.50573612471256,6.34962121212121,7.15398242327874,7.15202938075518,205
"206",2018,7,7.22574179190751,173,7.59169587719298,6.51864406779661,6.26666666666667,7.65,7.14381606896552,114,59,9,28,145,26987,19535,7452,2121,6317,20670,7.15295704709675,7.39981288251855,6.50583832125604,6.34926921263555,7.15618101313915,7.15197176439284,206
"207",2018,8,7.26761061946903,226,7.46295454545455,6.58,6.44444444444444,7.66842105263158,7.18659574468085,176,50,18,38,188,27213,19711,7502,2139,6355,20858,7.15390922831,7.40037667596773,6.50633260063983,6.35007012622721,7.15924397482297,7.15228384169144,207
"208",2018,9,7.24943661971831,213,7.61565517241379,6.46852941176471,6.33111111111111,7.72173913043478,7.19226315789474,145,68,18,23,190,27426,19856,7570,2157,6378,21048,7.15465112776198,7.40194876410153,6.50599302113606,6.34991191469634,7.16127241455002,7.15264473441657,208
"209",2018,10,7.39467213114754,244,7.5171511627907,7.10208333333333,6.84318181818182,7.40833333333333,7.39230769230769,172,72,22,36,208,27670,20028,7642,2179,6414,21256,7.15676768449584,7.40293811963251,6.51160915598011,6.35489215236347,7.16265909884627,7.15498994966127,209
"210",2018,11,7.14664583333333,240,7.43432960893855,6.30245901639344,6.04411764705882,6.84264705882353,7.19682038834951,179,61,17,34,206,27910,20207,7703,2196,6448,21462,7.15668064600502,7.40321619537784,6.50995289757237,6.35248633879781,7.16097169044665,7.15539145326624,210
"211",2018,12,7.30621834061135,229,7.62230769230769,6.6307397260274,6.44615384615385,6.92333333333333,7.36393969849246,156,73,26,30,199,28139,20363,7776,2222,6478,21661,7.15789760936778,7.4048946451898,6.51108682741769,6.35358235823582,7.1598711732016,7.15730738977886,211
"212",2019,1,7.1612962962963,324,7.3544298245614,6.70260416666667,6.38695652173913,7.38172413793103,7.11323308270677,228,96,23,58,266,28463,20591,7872,2245,6536,21927,7.15793629729825,7.40433585838473,6.51342240472561,6.35392427616926,7.16183988066095,7.15677271719797,212
"213",2019,2,7.11458333333333,216,7.43172413793103,6.4669014084507,5.95454545454545,7.04848484848485,7.12650273224044,145,71,11,33,183,28679,20736,7943,2256,6569,22110,7.15760977823495,7.4045273755787,6.51300656804734,6.35197695035461,7.16127043081139,7.15652217865219,213
"214",2019,3,7.30872787439614,207,7.4693778,6.8859649122807,6.90625,7.32272727272727,7.30607281609195,150,57,16,33,174,28886,20886,8000,2272,6602,22284,7.15869270580904,7.40499312122953,6.51566389625,6.35588028169014,7.16207747046349,7.15768991383953,214
"215",2019,4,6.94431472081218,197,7.34623188405797,6.00423728813559,6.14157894736842,6.79034482758621,6.97089285714286,138,59,19,29,168,29083,21024,8059,2291,6631,22452,7.15724057009249,7.40460741676179,6.51191973818091,6.35410301178524,7.16045173578646,7.15629218065206,215
"216",2019,5,7.26019911504425,226,7.44400602409639,6.75166666666667,6.30769230769231,7.44285714285714,7.23436868686869,166,60,13,28,198,29309,21190,8119,2304,6659,22650,7.15803447746426,7.40491606087777,6.5136914854046,6.35384114583333,7.1616392040847,7.15697470375276,216
"217",2019,6,7.23084604060914,197,7.5470188028169,6.41454545454545,6.04545454545455,7.545,7.18307994152047,142,55,11,26,171,29506,21332,8174,2315,6685,22821,7.15852061173999,7.40586199137446,6.51302436628334,6.3523758099352,7.16313021091997,7.15717031286972,217
"218",2019,7,7.32408244343891,221,7.5242394047619,6.68962264150943,6.67647058823529,7.50625,7.29323925925926,168,53,17,32,189,29727,21500,8227,2332,6717,23010,7.15975145120597,7.40678698697674,6.51416204813419,6.3547384219554,7.16476484442459,7.1582879587136,218
"219",2019,8,7.22056737588652,282,7.50585858585859,6.54809523809524,6.4304347826087,7.3,7.20819672131148,198,84,23,38,244,30009,21698,8311,2355,6755,23254,7.1603229494485,7.40769104157065,6.51450501383708,6.35547770700637,7.16552560473723,7.1588116422981,219
"220",2019,9,7.34454166666667,240,7.60101796407186,6.75780821917808,6.465625,7.526875,7.31649038461538,167,73,16,32,208,30249,21865,8384,2371,6787,23462,7.16178456775431,7.40916762954493,6.5166234697042,6.35622100379586,7.16722932960071,7.16020952732077,220
"221",2019,10,7.25724894514768,237,7.53063953488372,6.53381538461538,6.63333333333333,6.97027027027027,7.31034,172,65,15,37,200,30486,22037,8449,2386,6824,23662,7.16252671357344,7.4101157244634,6.51675573085572,6.35796311818944,7.16616140973036,7.16147848575775,221
"222",2019,11,7.26849657039711,277,7.5585002617801,6.62441860465116,6.40178571428571,7.525,7.22520485232068,191,86,28,40,237,30763,22228,8535,2414,6864,23899,7.16348090043234,7.4113907580529,6.51784055887522,6.35847141673571,7.16825254370629,7.16211044311477,222
"223",2019,12,7.34685513157895,304,7.52231840707965,6.83846153846154,6.76666666666667,7.53405405405405,7.32091370786517,226,78,18,37,267,31067,22454,8613,2432,6901,24166,7.1652752727975,7.41250724726106,6.52074412748171,6.36149259868421,7.17021380379655,7.16386499379293,223
"224",2020,1,7.31908541436464,362,7.58434870588235,6.68691588785047,6.54444444444444,6.94218181818182,7.37123559748428,255,107,27,44,318,31429,22709,8720,2459,6945,24484,7.16704686181552,7.4144368598353,6.52278316169725,6.36350142334282,7.1687691087113,7.16655833850678,224
"225",2020,2,7.2458041958042,286,7.52579207920792,6.5725,5.73529411764706,7.72421052631579,7.1725,202,84,17,38,248,31715,22911,8804,2476,6983,24732,7.16775708087656,7.41541864824756,6.52325751590186,6.35918820678513,7.17179170270657,7.16661791848617,225
"226",2020,3,6.96379597826087,276,7.18168055865922,6.56172030927835,6.53747,7.06275,6.94702411016949,179,97,21,40,236,31991,23090,8901,2497,7023,24968,7.16599742146229,7.41360664660026,6.52367667003707,6.3606875730877,7.17117064787128,7.16454229613905,226
"227",2020,4,7.23100701807229,332,7.48735668224299,6.76610169491525,6.025,7.27040816326531,7.22418491166078,214,118,20,49,283,32323,23304,9019,2517,7072,25251,7.16666515608081,7.41428389117748,6.526848435525,6.35802021056813,7.17185823812217,7.16521073937665,227
"228",2020,5,7.39351673139159,309,7.60472465217391,6.77860759493671,6.7325,7.51487804878049,7.37495026119403,230,79,20,41,268,32632,23534,9098,2537,7113,25519,7.16881326642559,7.41614508668309,6.52903451747637,6.3609723571147,7.17383543652467,7.16741341941298,228
"229",2020,6,7.33200819672131,244,7.60094674556213,6.726,6.23529411764706,7.61787878787879,7.28729857819905,169,75,17,33,211,32876,23703,9173,2554,7146,25730,7.17002447104271,7.41746270387714,6.5306449405865,6.36013581440877,7.17588601455359,7.16839654294597,229
"230",2020,7,7.22913978494624,279,7.48679144385027,6.7054347826087,6.3952380952381,7.29857142857143,7.21918032786885,187,92,21,35,244,33155,23890,9265,2575,7181,25974,7.17052192761273,7.41800537756383,6.53238057636265,6.36042208543689,7.17648397994708,7.1688736062986,230
"231",2020,8,7.31762845849802,253,7.61005555555556,6.59657534246575,7.103125,7.56295454545455,7.26598086124402,180,73,16,44,209,33408,24070,9338,2591,7225,26183,7.17163597072557,7.41944156501869,6.53288242021846,6.36500844075646,7.17883757231834,7.16964874345949,231
"232",2020,9,7.21254416961131,283,7.38487179487179,6.83068181818182,6.28125,6.88333333333333,7.256,195,88,16,33,250,33691,24265,9426,2607,7258,26433,7.17197959425366,7.41916375314238,6.53566263950774,6.36449438818565,7.17749400110223,7.17046544281769,232
"233",2020,10,7.2772909540636,283,7.44537523560209,6.92833336956522,7.245,7.58064516129032,7.23997357142857,191,92,20,31,252,33974,24456,9518,2627,7289,26685,7.17285682727968,7.41936846336277,6.53945815402395,6.37119789493719,7.17920859651529,7.17112184335769,233
"234",2020,11,7.19817365269461,334,7.4635593220339,6.55908163265306,6.66625,7.05916666666667,7.21496644295302,236,98,16,36,298,34308,24692,9616,2643,7325,26983,7.17310329514982,7.41979082860845,6.5396581437188,6.37298405978055,7.17861862935153,7.17160606270614,234
"235",2020,12,7.34359383753501,357,7.54061445783133,6.88935185185185,6.30882352941176,7.443,7.33069620253165,249,108,17,41,316,34665,24941,9724,2660,7366,27299,7.17485910428386,7.42099707870574,6.54354203105718,6.37257401127819,7.18009020635351,7.17344761309938,235
"236",2021,1,7.24654411764706,408,7.45162790697674,6.6696261682243,6.47916666666667,7.09583333333333,7.26663888888889,301,107,24,48,360,35073,25242,9831,2684,7414,27659,7.17569300744162,7.42136233816654,6.54491432305971,6.37352714977645,7.17954470731049,7.17466055858852,236
"237",2021,2,7.2267335451505,299,7.46714528205128,6.77596153846154,6.54545454545455,7.33541666666667,7.20594952191235,195,104,22,48,251,35372,25437,9935,2706,7462,27910,7.17612445380527,7.42171331013877,6.54733293507801,6.37492493348115,7.18054736799785,7.17494194625582,237
"238",2021,3,7.19,270,7.40289473684211,6.684375,5.77777777777778,7.40806451612903,7.16171548117155,190,80,9,31,239,35642,25627,10015,2715,7493,28149,7.17622956568094,7.42157378819214,6.54842762955567,6.37294544014733,7.18148865074069,7.17482964652385,238
"239",2021,4,7.33865671641791,268,7.48567251461988,7.07948453608247,7.30071428571429,7.39027777777778,7.33064655172414,171,97,14,36,232,35910,25798,10112,2729,7529,28381,7.17744177610693,7.42199866152414,6.55352182654272,6.3777049725174,7.18248697835038,7.17610336915542,239
"240",2021,5,7.25135416666667,288,7.46151832460733,6.83752577319588,6.55,7.21282051282051,7.25738955823293,191,97,18,39,249,36198,25989,10209,2747,7568,28630,7.17802984087519,7.42228910192773,6.55622026741111,6.37883395340371,7.18264329545454,7.17681032902549,240
"241",2021,6,7.30834123222749,211,7.54455172413793,6.78939393939394,6.37142857142857,7.49137931034483,7.27917582417582,145,66,14,29,182,36409,26134,10275,2761,7597,28812,7.1787850306243,7.42296745503941,6.55771802530414,6.378796403477,7.18382183230222,7.17745695265861,241
"242",2021,7,7.29844631355932,236,7.4818640131579,6.96654761904762,6.58235294117647,7.3962962962963,7.28580540669856,152,84,17,27,209,36645,26286,10359,2778,7624,29021,7.17955566953199,7.42330802708666,6.56103317984362,6.38004206983441,7.18457429958027,7.17823724372006,242
"243",2021,8,7.40582116788321,274,7.57341836734694,6.98467948717949,6.69230769230769,7.80810810810811,7.34301687763713,196,78,13,37,237,36919,26482,10437,2791,7661,29258,7.18123493350307,7.42441903179518,6.56419926319824,6.38149654962379,7.18758575381804,7.17957201620069,243
"244",2021,9,7.35626602230483,269,7.58324127071823,6.88941920454545,6.9,7.44186046511628,7.3399803539823,181,88,16,43,226,37188,26663,10525,2807,7704,29484,7.18250102371733,7.42549718598807,6.56691844180523,6.38445203776274,7.18900499221184,7.18080157407407,244
"245",2021,10,7.37693083018868,265,7.59655555555556,6.91184317647059,6.34705882352941,7.35151515151515,7.38054599137931,180,85,17,33,232,37453,26843,10610,2824,7737,29716,7.18387671855392,7.42664424505457,6.56968174081056,6.38422693696884,7.18969813364353,7.18236102705613,245
"246",2021,11,7.48080808080808,297,7.68483412322275,6.98023255813953,6.875,7.78717948717949,7.43449612403101,211,86,16,39,258,37750,27054,10696,2840,7776,29974,7.1862128407947,7.42865792378206,6.57298272905759,6.3869918556338,7.19269476080247,7.18453126976713,246
"247",2021,12,7.35697888607595,395,7.56283038596491,6.82363636363636,5.73529411764706,7.00510204081633,7.40681115606936,285,110,17,49,346,38145,27339,10806,2857,7825,30320,7.18798116135797,7.43005662716266,6.57553426522303,6.38311406020301,7.19152005878594,7.18706784102902,247
"248",2022,1,7.39985425266904,562,7.61099267002519,6.89184242424242,6.67272727272727,7.45232835820896,7.3927516969697,397,165,33,67,495,38707,27736,10971,2890,7892,30815,7.19105741829643,7.43264646019613,6.5802914292225,6.38642106228374,7.19373421946274,7.19037186532533,248
"249",2022,2,7.48594214876033,363,7.73632510288066,6.97891666666667,6.03571428571429,7.82139024390244,7.4432298136646,243,120,14,41,322,39070,27979,11091,2904,7933,31137,7.19379719708216,7.43528393509417,6.58460438824272,6.38473032713499,7.19697812429093,7.19298676911712,249
"250",2022,3,7.41867146974063,347,7.62958943089431,6.9049504950495,5.91666666666667,7.68555555555556,7.37890397350993,246,101,12,45,302,39417,28225,11192,2916,7978,31439,7.1957768346145,7.43697743914969,6.587495288599,6.38280413923183,7.19973395086488,7.19477267184071,250
"251",2022,4,7.3533729281768,362,7.53271374045802,6.8835,6.63636363636364,7.35358928571429,7.35333333333333,262,100,11,56,306,39779,28487,11292,2927,8034,31745,7.1972110030418,7.43785794292133,6.59011665515409,6.38375704475572,7.20080638038337,7.19630108773035,251
"252",2022,5,7.30202242690059,342,7.57989451476793,6.67482542857143,6.26666666666667,7.2008064516129,7.31211147909968,237,105,15,31,311,40121,28724,11397,2942,8065,32056,7.19810443807482,7.43902987815067,6.59089707291393,6.38316005098573,7.20080638065716,7.19742465373097,252
"253",2022,6,7.42335570469799,298,7.58287878787879,7.1075,6.875,7.47702702702703,7.41574712643678,198,100,12,37,261,40419,28922,11497,2954,8102,32317,7.19976516390806,7.44001466772699,6.59539044446378,6.38515804671632,7.20206781782276,7.19918787944425,253
"254",2022,7,7.36347506802721,294,7.60611112676056,6.72543209876543,6.34,7.07529411764706,7.40116026923077,213,81,14,34,260,40713,29135,11578,2968,8136,32577,7.20094735907449,7.44122896481894,6.59630021938159,6.384945037062,7.20153803588987,7.20079983945728,254
"255",2022,8,7.3977207977208,351,7.62949790794979,6.903125,6.50714285714286,7.83314285714286,7.34949367088608,239,112,14,35,316,41064,29374,11690,2982,8171,32893,7.20262930620494,7.44276080513379,6.59923985799829,6.38551873574782,7.20424347815445,7.20222832730368,255
"256",2022,9,7.41758755932203,295,7.61491946859903,6.95340909090909,6.35,7.2109756097561,7.45093830708661,207,88,10,41,254,41359,29581,11778,2992,8212,33147,7.20416253197611,7.44396552584429,6.60188605365937,6.38540002339572,7.20427708962494,7.20413415090355,256
"257",2022,10,7.36490322580645,310,7.62407239819005,6.72134831460674,6.14,7.6025,7.3297037037037,221,89,15,40,270,41669,29802,11867,3007,8252,33417,7.20535837577095,7.4453011281122,6.60278199544957,6.38417587961423,7.20620739941832,7.20514871771852,257
"258",2022,11,7.42122807017544,342,7.83352422907489,6.60739130434783,5.94772727272727,7.19468085106383,7.45732203389831,227,115,22,47,295,42011,30029,11982,3029,8299,33712,7.20711571159934,7.44823584601551,6.60282623435153,6.38100589963684,7.20614212073744,7.20735538383958,258
"259",2022,12,7.42381283062645,431,7.60080572847682,7.00945736434109,6.2,7.22795454545455,7.44608095607235,302,129,23,44,387,42442,30331,12111,3052,8343,34099,7.20931627845059,7.44975495532623,6.60715745520601,6.37964183158584,7.206257156898,7.21006475351183,259
