"","year","month","avg_rating","no_ratings","avg_rating_owned","avg_rating_not_owned","avg_rating_prev_owned","avg_rating_comment","avg_rating_no_comment","no_ratings_owned","no_ratings_not_owned","no_ratings_prev_owned","no_ratings_comment","no_ratings_no_comment","cum_no_ratings","cum_no_ratings_owned","cum_no_ratings_not_owned","cum_no_ratings_prev_owned","cum_no_ratings_comment","cum_no_ratings_no_comment","cum_avg_rating","cum_avg_rating_owned","cum_avg_rating_not_owned","cum_avg_rating_prev_owned","cum_avg_rating_comment","cum_avg_rating_no_comment","month_after_release"
"1",2001,5,3,1,NA,3,NA,NA,3,0,1,0,0,1,1,0,1,0,0,1,3,NA,3,NA,NA,3,0
"2",2001,6,5.33333333333333,3,7.5,1,NA,NA,5.33333333333333,2,1,0,0,3,4,2,2,0,0,4,4.75,7.5,2,NA,NA,4.75,1
"3",2001,7,8,1,8,NA,NA,NA,8,1,0,0,0,1,5,3,2,0,0,5,5.4,7.66666666666667,2,NA,NA,5.4,2
"4",2001,8,7,1,7,NA,NA,NA,7,1,0,0,0,1,6,4,2,0,0,6,5.66666666666667,7.5,2,NA,NA,5.66666666666667,3
"5",2001,10,8.33333333333333,3,8.33333333333333,NA,NA,6,9.5,3,0,0,1,2,9,7,2,0,1,8,6.55555555555556,7.85714285714286,2,NA,6,6.625,5
"6",2001,11,7.2,5,7.5,6,6,8,7,4,1,1,1,4,14,11,3,1,2,12,6.78571428571429,7.72727272727273,3.33333333333333,6,7,6.75,6
"7",2001,12,8,1,8,NA,NA,NA,8,1,0,0,0,1,15,12,3,1,2,13,6.86666666666667,7.75,3.33333333333333,6,7,6.84615384615385,7
"8",2002,1,6.25,4,7.5,5,4,4,7,2,2,1,1,3,19,14,5,2,3,16,6.73684210526316,7.71428571428571,4,5,6,6.875,8
"9",2002,2,9.33333333333333,3,9.33333333333333,NA,NA,10,8,3,0,0,2,1,22,17,5,2,5,17,7.09090909090909,8,4,5,7.6,6.94117647058824,9
"10",2002,3,6.66666666666667,3,8,4,NA,4,8,2,1,0,1,2,25,19,6,2,6,19,7.04,8,4,5,7,7.05263157894737,10
"11",2002,4,5.8,5,6.25,4,4,5,6,4,1,1,1,4,30,23,7,3,7,23,6.83333333333333,7.69565217391304,4,4.66666666666667,6.71428571428571,6.8695652173913,11
"12",2002,5,8,1,8,NA,NA,NA,8,1,0,0,0,1,31,24,7,3,7,24,6.87096774193548,7.70833333333333,4,4.66666666666667,6.71428571428571,6.91666666666667,12
"13",2002,6,7.33333333333333,3,8.5,5,NA,10,6,2,1,0,1,2,34,26,8,3,8,26,6.91176470588235,7.76923076923077,4.125,4.66666666666667,7.125,6.84615384615385,13
"14",2002,7,7.16666666666667,6,6.75,8,NA,8,6.75,4,2,0,2,4,40,30,10,3,10,30,6.95,7.63333333333333,4.9,4.66666666666667,7.3,6.83333333333333,14
"15",2002,8,7.16666666666667,6,7.25,7,NA,6.5,7.5,4,2,0,2,4,46,34,12,3,12,34,6.97826086956522,7.58823529411765,5.25,4.66666666666667,7.16666666666667,6.91176470588235,15
"16",2002,9,8.33333333333333,3,8.33333333333333,NA,NA,9.5,6,3,0,0,2,1,49,37,12,3,14,35,7.06122448979592,7.64864864864865,5.25,4.66666666666667,7.5,6.88571428571429,16
"17",2002,10,5,1,NA,5,5,NA,5,0,1,1,0,1,50,37,13,4,14,36,7.02,7.64864864864865,5.23076923076923,4.75,7.5,6.83333333333333,17
"18",2002,11,7,4,8.5,5.5,NA,7,7,2,2,0,1,3,54,39,15,4,15,39,7.01851851851852,7.69230769230769,5.26666666666667,4.75,7.46666666666667,6.84615384615385,18
"19",2002,12,7,6,7,NA,NA,6,7.5,6,0,0,2,4,60,45,15,4,17,43,7.01666666666667,7.6,5.26666666666667,4.75,7.29411764705882,6.90697674418605,19
"20",2003,1,6.58333333333333,6,6.58333333333333,NA,NA,3.75,8,6,0,0,2,4,66,51,15,4,19,47,6.97727272727273,7.48039215686275,5.26666666666667,4.75,6.92105263157895,7,20
"21",2003,3,8,3,10,7,8,9,6,1,2,1,2,1,69,52,17,5,21,48,7.02173913043478,7.52884615384615,5.47058823529412,5.4,7.11904761904762,6.97916666666667,22
"22",2003,4,6.625,8,7.6,5,NA,NA,6.625,5,3,0,0,8,77,57,20,5,21,56,6.98051948051948,7.53508771929825,5.4,5.4,7.11904761904762,6.92857142857143,23
"23",2003,5,8.5,6,8.8,7,NA,9.33333333333333,7.66666666666667,5,1,0,3,3,83,62,21,5,24,59,7.09036144578313,7.63709677419355,5.47619047619048,5.4,7.39583333333333,6.96610169491525,24
"24",2003,6,7.75,10,7.92857142857143,7.33333333333333,NA,7.75,7.75,7,3,0,2,8,93,69,24,5,26,67,7.16129032258065,7.66666666666667,5.70833333333333,5.4,7.42307692307692,7.05970149253731,25
"25",2003,7,7.11111111111111,18,7.58333333333333,6.16666666666667,NA,7.2,7.07692307692308,12,6,0,5,13,111,81,30,5,31,80,7.15315315315315,7.65432098765432,5.8,5.4,7.38709677419355,7.0625,26
"26",2003,8,7.55555555555556,9,7.85714285714286,6.5,NA,7.5,7.57142857142857,7,2,0,2,7,120,88,32,5,33,87,7.18333333333333,7.67045454545455,5.84375,5.4,7.39393939393939,7.10344827586207,27
"27",2003,9,6.64285714285714,7,7.5,6.3,NA,8,6.41666666666667,2,5,0,1,6,127,90,37,5,34,93,7.15354330708661,7.66666666666667,5.90540540540541,5.4,7.41176470588235,7.05913978494624,28
"28",2003,10,7,5,8.66666666666667,4.5,3,6,7.66666666666667,3,2,1,2,3,132,93,39,6,36,96,7.14772727272727,7.6989247311828,5.83333333333333,5,7.33333333333333,7.078125,29
"29",2003,11,8,1,8,NA,NA,NA,8,1,0,0,0,1,133,94,39,6,36,97,7.15413533834586,7.70212765957447,5.83333333333333,5,7.33333333333333,7.08762886597938,30
"30",2003,12,7.75,6,8.3,5,NA,8.5,7.375,5,1,0,2,4,139,99,40,6,38,101,7.17985611510791,7.73232323232323,5.8125,5,7.39473684210526,7.0990099009901,31
"31",2004,1,7.5,7,7.58333333333333,7,NA,7.25,7.6,6,1,0,2,5,146,105,41,6,40,106,7.19520547945205,7.72380952380952,5.84146341463415,5,7.3875,7.12264150943396,32
"32",2004,2,7.5,16,8.41666666666667,4.75,7,7.57142857142857,7.44444444444444,12,4,1,7,9,162,117,45,7,47,115,7.22530864197531,7.79487179487179,5.74444444444444,5.28571428571429,7.41489361702128,7.14782608695652,33
"33",2004,3,7.52941176470588,17,7.61538461538461,7.25,NA,7.5,7.53846153846154,13,4,0,4,13,179,130,49,7,51,128,7.25418994413408,7.77692307692308,5.86734693877551,5.28571428571429,7.42156862745098,7.1875,34
"34",2004,4,7.03571428571429,14,7.25,6.5,8,6.21428571428571,7.85714285714286,10,4,2,7,7,193,140,53,9,58,135,7.23834196891192,7.73928571428571,5.91509433962264,5.88888888888889,7.27586206896552,7.22222222222222,35
"35",2004,5,7.72222222222222,9,8.1,7.25,NA,7.92857142857143,7,5,4,0,7,2,202,145,57,9,65,137,7.25990099009901,7.75172413793103,6.00877192982456,5.88888888888889,7.34615384615385,7.21897810218978,36
"36",2004,6,6.57692307692308,13,7.7,5.875,NA,6.5,6.61111111111111,5,8,0,4,9,215,150,65,9,69,146,7.21860465116279,7.75,5.99230769230769,5.88888888888889,7.29710144927536,7.18150684931507,37
"37",2004,7,7.36363636363636,11,7.8,3,NA,7.5,7.28571428571429,10,1,0,4,7,226,160,66,9,73,153,7.22566371681416,7.753125,5.9469696969697,5.88888888888889,7.30821917808219,7.18627450980392,38
"38",2004,8,7.05555555555556,9,7.83333333333333,5.5,NA,7.25,7,6,3,0,2,7,235,166,69,9,75,160,7.21914893617021,7.75602409638554,5.92753623188406,5.88888888888889,7.30666666666667,7.178125,39
"39",2004,9,7.2,15,7.16666666666667,7.33333333333333,NA,7.4,7.1,12,3,0,5,10,250,178,72,9,80,170,7.218,7.71629213483146,5.98611111111111,5.88888888888889,7.3125,7.17352941176471,40
"40",2004,10,6.70833333333333,12,7.9375,4.25,NA,6.66666666666667,6.75,8,4,0,6,6,262,186,76,9,86,176,7.19465648854962,7.7258064516129,5.89473684210526,5.88888888888889,7.26744186046512,7.15909090909091,41
"41",2004,11,7.1,10,8.28571428571429,4.33333333333333,5,5,7.33333333333333,7,3,1,1,9,272,193,79,10,87,185,7.19117647058824,7.74611398963731,5.83544303797468,5.8,7.24137931034483,7.16756756756757,42
"42",2004,12,7.42857142857143,7,7.25,7.66666666666667,8,7.5,7.4,4,3,1,2,5,279,197,82,11,89,190,7.19713261648746,7.73604060913706,5.90243902439024,6,7.24719101123596,7.17368421052632,43
"43",2005,1,7.46739130434783,23,7.83333333333333,6.78125,6.5,7.375,7.53846153846154,15,8,2,10,13,302,212,90,13,99,203,7.21771523178808,7.74292452830189,5.98055555555556,6.07692307692308,7.26010101010101,7.19704433497537,44
"44",2005,2,6.6875,16,7.5,6.05555555555556,8,6.375,7,7,9,2,8,8,318,219,99,15,107,211,7.19103773584906,7.7351598173516,5.98737373737374,6.33333333333333,7.19392523364486,7.18957345971564,45
"45",2005,3,7.67857142857143,14,7.75,7.58333333333333,7,7.4375,8,8,6,2,8,6,332,227,105,17,115,217,7.21159638554217,7.73568281938326,6.07857142857143,6.41176470588235,7.21086956521739,7.21198156682028,46
"46",2005,4,6.75,18,7.03846153846154,6,NA,6.55555555555556,6.94444444444444,13,5,0,9,9,350,240,110,17,124,226,7.18785714285714,7.69791666666667,6.075,6.41176470588235,7.1633064516129,7.20132743362832,47
"47",2005,5,6.94117647058824,17,7.66666666666667,5.2,NA,6.9,7,12,5,0,10,7,367,252,115,17,134,233,7.17643051771117,7.69642857142857,6.03695652173913,6.41176470588235,7.14365671641791,7.19527896995708,48
"48",2005,6,6.58823529411765,17,7.59090909090909,4.75,NA,6.28571428571429,6.8,11,6,0,7,10,384,263,121,17,141,243,7.150390625,7.69201520912548,5.97314049586777,6.41176470588235,7.10106382978723,7.17901234567901,49
"49",2005,7,6.75,18,7.63636363636364,5.35714285714286,7.33333333333333,6.28571428571429,7.04545454545455,11,7,3,7,11,402,274,128,20,148,254,7.13246268656716,7.68978102189781,5.939453125,6.55,7.0625,7.17322834645669,50
"50",2005,8,7.36363636363636,11,7.625,6.66666666666667,NA,7.14285714285714,7.75,8,3,0,7,4,413,282,131,20,155,258,7.13861985472155,7.68794326241135,5.95610687022901,6.55,7.06612903225806,7.18217054263566,51
"51",2005,9,6.70769230769231,13,7.775,5,NA,7.2125,5.9,8,5,0,8,5,426,290,136,20,163,263,7.12546948356807,7.69034482758621,5.92095588235294,6.55,7.07331288343558,7.15779467680608,52
"52",2005,10,7.35,20,7.53571428571429,6.91666666666667,NA,7.14285714285714,7.46153846153846,14,6,0,7,13,446,304,142,20,170,276,7.13553811659193,7.68322368421053,5.96302816901408,6.55,7.07617647058824,7.17210144927536,53
"53",2005,11,7.28571428571429,14,7.4375,7.08333333333333,8,7.5,7.07142857142857,8,6,2,7,7,460,312,148,22,177,283,7.14010869565217,7.67692307692308,6.00844594594595,6.68181818181818,7.09293785310734,7.1696113074205,54
"54",2005,12,7.43913043478261,23,7.77058823529412,6.5,6,7.25,7.58461538461538,17,6,1,10,13,483,329,154,23,187,296,7.15434782608696,7.68176291793313,6.0275974025974,6.65217391304348,7.10133689839572,7.18783783783784,55
"55",2006,1,7.02777777777778,18,7.61538461538461,5.5,NA,7.61111111111111,6.44444444444444,13,5,0,9,9,501,342,159,23,196,305,7.1498003992016,7.67923976608187,6.01100628930818,6.65217391304348,7.12474489795918,7.16590163934426,56
"56",2006,2,7.14705882352941,17,7.28571428571429,6.5,NA,6.58333333333333,7.45454545454545,14,3,0,6,11,518,356,162,23,202,316,7.14971042471042,7.66376404494382,6.02006172839506,6.65217391304348,7.10866336633663,7.17594936708861,57
"57",2006,3,6.275,20,7.625,5.375,NA,5.9375,6.5,8,12,0,8,12,538,364,174,23,210,328,7.11719330855019,7.66291208791209,5.97557471264368,6.65217391304348,7.06404761904762,7.15121951219512,58
"58",2006,4,7.05294117647059,17,8.42857142857143,6.09,7.16666666666667,6.58,7.25,7,10,3,5,12,555,371,184,26,215,340,7.11522522522522,7.67735849056604,5.98179347826087,6.71153846153846,7.05279069767442,7.15470588235294,59
"59",2006,5,6.92857142857143,14,7,6.88888888888889,NA,7,6.88888888888889,5,9,0,5,9,569,376,193,26,220,349,7.11063268892794,7.66835106382979,6.02409326424871,6.71153846153846,7.05159090909091,7.14785100286533,60
"60",2006,6,6.75294117647059,17,7.20909090909091,5.91666666666667,6,6.45,7.18571428571429,11,6,1,10,7,586,387,199,27,230,356,7.10025597269625,7.65529715762274,6.02085427135678,6.68518518518519,7.0254347826087,7.14859550561798,61
"61",2006,7,6.97368421052632,19,7.53571428571429,5.4,7,6.80769230769231,7.33333333333333,14,5,3,13,6,605,401,204,30,243,362,7.09628099173554,7.65112219451372,6.00563725490196,6.71666666666667,7.01378600823045,7.15165745856354,62
"62",2006,8,7.15384615384615,13,7.4,6.33333333333333,NA,7.5,6.85714285714286,10,3,0,6,7,618,411,207,30,249,369,7.09749190938511,7.64501216545012,6.01038647342995,6.71666666666667,7.02550200803213,7.14607046070461,63
"63",2006,9,7.44117647058824,17,7.58333333333333,7.1,NA,7.5,7.41666666666667,12,5,0,5,12,635,423,212,30,254,381,7.10669291338583,7.64326241134752,6.03608490566038,6.71666666666667,7.03484251968504,7.15459317585302,64
"64",2006,10,7.06,25,7.6875,5.94444444444444,NA,6.28571428571429,7.36111111111111,16,9,0,7,18,660,439,221,30,261,399,7.10492424242424,7.64487471526196,6.03235294117647,6.71666666666667,7.01475095785441,7.16390977443609,65
"65",2006,11,7.175,24,7.44444444444444,6.36666666666667,NA,6.875,7.325,18,6,0,8,16,684,457,227,30,269,415,7.10738304093567,7.63698030634573,6.04118942731278,6.71666666666667,7.01059479553903,7.17012048192771,66
"66",2006,12,6.86363636363636,33,7.34090909090909,5.90909090909091,7.5,6.875,6.86,22,11,2,8,25,717,479,238,32,277,440,7.09616457461646,7.62338204592902,6.03508403361345,6.765625,7.00667870036101,7.1525,67
"67",2007,1,6.609375,32,7.61111111111111,5.32142857142857,NA,6.28571428571429,6.86111111111111,18,14,0,14,18,749,497,252,32,291,458,7.07536715620828,7.62293762575453,5.99543650793651,6.765625,6.97199312714777,7.1410480349345,68
"68",2007,2,6.79541541666667,24,7.82142857142857,5.358997,NA,6.5,6.91705705882353,14,10,0,7,17,773,511,262,32,298,475,7.06667525226391,7.62837573385519,5.97114492366412,6.765625,6.96090604026846,7.13303151578947,69
"69",2007,3,6.92857142857143,35,7.65,5.96666666666667,7,6.57692307692308,7.13636363636364,20,15,1,13,22,808,531,277,33,311,497,7.06069303217822,7.62919020715631,5.97090241877256,6.77272727272727,6.94485530546624,7.13317901408451,70
"70",2007,4,7.2684,25,8.10058823529412,5.5,8,7.07272727272727,7.42214285714286,17,8,2,11,14,833,548,285,35,322,511,7.06692673469388,7.64381386861314,5.95768410526316,6.84285714285714,6.94922360248447,7.14109583170254,71
"71",2007,5,7.07692307692308,26,7.33333333333333,6.5,8,6.44444444444444,7.41176470588235,18,8,1,9,17,859,566,293,36,331,528,7.06722930151339,7.63393992932862,5.97249136518771,6.875,6.93549848942598,7.14981054924242,72
"72",2007,6,6.12173913043478,23,7.3,5.21538461538462,10,6.6,5.86666666666667,10,13,1,8,15,882,576,306,37,339,543,7.04257366213152,7.62814236111111,5.94032669934641,6.95945945945946,6.92758112094396,7.11436458563536,73
"73",2007,7,6.92307692307692,26,7.38235294117647,6.05555555555556,7,6.46153846153846,7.38461538461539,17,9,1,13,13,908,593,315,38,352,556,7.03915194933921,7.62109612141653,5.94361895238095,6.96052631578947,6.91036931818182,7.12068339928058,74
"74",2007,8,6.94444444444444,18,7.9,5.75,7,6.75,7.1,10,8,1,8,10,926,603,323,39,360,566,7.03731098272138,7.62572139303482,5.93882343653251,6.96153846153846,6.90680555555556,7.12031796819788,75
"75",2007,9,6.88565217391304,23,7.25,6.69133333333333,NA,7.26714285714286,6.71875,8,15,0,7,16,949,611,338,39,367,582,7.03363537407798,7.62080196399345,5.97221884615385,6.96153846153846,6.91367847411444,7.10927829896907,76
"76",2007,10,6.62903225806452,31,7.42307692307692,6.05555555555556,6.75,6.88888888888889,6.52272727272727,13,18,4,9,22,980,624,356,43,376,604,7.02083670408163,7.61668269230769,5.9764325,6.94186046511628,6.91308510638298,7.08791385761589,77
"77",2007,11,6.65142857142857,35,7.85294117647059,5.51666666666667,5.4,6.73076923076923,6.60454545454545,17,18,2,13,22,1015,641,374,45,389,626,7.00809849261084,7.62294851794072,5.95430473262032,6.87333333333333,6.90699228791774,7.07092646964856,78
"78",2007,12,7.28088235294118,34,7.88888888888889,6.596875,6,7.13,7.34375,18,16,2,10,24,1049,659,390,47,399,650,7.016939914204,7.6302124430956,5.98066658974359,6.83617021276596,6.91258145363409,7.08099995384615,79
"79",2008,1,7.01315789473684,38,7.51,6.46111111111111,6,6.31818181818182,7.2962962962963,20,18,3,11,27,1087,679,408,50,410,677,7.016807700092,7.62667157584683,6.00186267156863,6.786,6.89663414634147,7.08958636632201,80
"80",2008,2,7.04324324324324,37,7.63636363636364,6.17333333333333,7,6.88571428571429,7.13913043478261,22,15,1,14,23,1124,701,423,51,424,700,7.01767790925267,7.6269757489301,6.00794319148936,6.79019607843137,6.89627358490566,7.09121424285714,81
"81",2008,3,6.97903225806452,31,8.084375,5.8,8,7.2875,6.78421052631579,16,15,1,12,19,1155,717,438,52,436,719,7.01664066666667,7.63718270571827,6.00082184931507,6.81346153846154,6.90704128440367,7.08310148817802,82
"82",2008,4,7.40357142857143,28,7.625,7.10833333333333,7,7,7.75333333333333,16,12,1,13,15,1183,733,450,53,449,734,7.02579879120879,7.63691678035471,6.03035548888889,6.81698113207547,6.90973273942094,7.09679832425068,83
"83",2008,5,7.57,30,8.03181818181818,6.3,NA,7.5,7.63125,22,8,0,14,16,1213,755,458,53,463,750,7.03925801319044,7.6484238410596,6.03506543668122,6.81698113207547,6.92758099352052,7.10819996,84
"84",2008,6,7.30769230769231,26,7.75,6.3125,6.5,8,7.1,18,8,2,6,20,1239,773,466,55,469,770,7.04489101694915,7.65078913324709,6.03982826180258,6.80545454545455,6.94130063965885,7.10798697402597,85
"85",2008,7,7.28333333333333,30,8,6.34615384615385,6.4,7.175,7.40714285714286,17,13,5,16,14,1269,790,479,60,485,784,7.05052795114263,7.65830379746835,6.04814189979123,6.77166666666667,6.94901030927835,7.11332904336735,86
"86",2008,8,6.6625,24,7.20833333333333,6.11666666666667,5.9,5.8,7.09375,12,12,6,8,16,1293,802,491,66,493,800,7.04332557617943,7.6515710723192,6.0498166395112,6.69242424242424,6.93036511156187,7.1129374625,87
"87",2008,9,7.375,20,7.75,6.8125,7.125,7.28571428571429,7.42307692307692,12,8,4,7,13,1313,814,499,70,500,813,7.04837773800457,7.65302211302211,6.06204402805611,6.71714285714286,6.93534,7.11789664206642,88
"88",2008,10,6.925,20,7.30666666666667,5.78,4,6.75,6.96875,15,5,1,4,16,1333,829,504,71,504,829,7.04652660915229,7.64675512665862,6.05924597222222,6.67887323943662,6.93386904761905,7.11501805790108,89
"89",2008,11,6.97228571428571,35,7.5,6.18071428571429,5.906,6.42857142857143,7.10821428571429,21,14,5,7,28,1368,850,518,76,511,857,7.04462717105263,7.64312941176471,6.0625288996139,6.62802631578947,6.92694716242662,7.11479576429405,90
"90",2008,12,7.06666666666667,30,7.32142857142857,6.84375,6.4375,7.07142857142857,7.06521739130435,14,16,8,7,23,1398,864,534,84,518,880,7.04510012160229,7.63791666666667,6.08593627340824,6.60988095238095,6.92889961389962,7.11349996590909,91
"91",2009,1,6.63636363636364,33,7.38235294117647,5.84375,6.14285714285714,5.75,6.92,17,16,7,8,25,1431,881,550,91,526,905,7.03567433263452,7.63298524404086,6.07889085454546,6.57395604395604,6.91096958174905,7.10815466298342,92
"92",2009,2,6.92592592592593,54,7.4125,6.53666666666667,6.8,6.64285714285714,7.025,24,30,5,14,40,1485,905,580,96,540,945,7.03168348148148,7.62713812154696,6.1025689137931,6.58572916666667,6.90401851851852,7.10463488888889,93
"93",2009,3,6.80204081632653,49,7.51428571428571,6.26785714285714,6.25,6.70909090909091,6.82894736842105,21,28,4,11,38,1534,926,608,100,551,983,7.02434808996089,7.6245788336933,6.11018087171053,6.5723,6.90012704174229,7.09397758901322,94
"94",2009,4,7.00762711864407,59,7.58653846153846,6.55151515151515,6,7.42307692307692,6.89021739130435,26,33,1,13,46,1593,952,641,101,564,1029,7.02372879472693,7.62353991596639,6.13290166926677,6.56663366336634,6.91218085106383,7.0848687755102,95
"95",2009,5,6.97826086956522,46,7.40476190476191,6.62,7.125,6.78125,7.08333333333333,21,25,4,16,30,1639,973,666,105,580,1059,7.02245269676632,7.61881808838643,6.15118614114114,6.58790476190476,6.90856896551724,7.08482527856468,96
"96",2009,6,6.95897435897436,39,7.52142857142857,6.644,5.66666666666667,7.11111111111111,6.91333333333333,14,25,3,9,30,1678,987,691,108,589,1089,7.02097733611442,7.61743667679838,6.16901587554269,6.56231481481482,6.91166383701189,7.0801009825528,97
"97",2009,7,6.61160714285714,56,7.41818181818182,6.08970588235294,5.42857142857143,5.61538461538461,6.91279069767442,22,34,7,13,43,1734,1009,725,115,602,1132,7.00775661476355,7.61309217046581,6.16529651034483,6.49330434782609,6.88367109634552,7.0737455565371,98
"98",2009,8,6.91555555555556,45,7.58333333333333,6.67272727272727,6.33333333333333,6.82,6.94285714285714,12,33,3,10,35,1779,1021,758,118,612,1167,7.00542437886453,7.61274240940255,6.187387823219,6.48923728813559,6.88263071895425,7.06982002570694,99
"99",2009,9,6.96,45,7.97058823529412,6.34642857142857,5.25,6.71428571428571,7.00526315789474,17,28,4,7,38,1824,1038,786,122,619,1205,7.00430371162281,7.61860308285164,6.19305339694657,6.44860655737705,6.88072697899839,7.06778420746888,100
"100",2009,10,6.85526315789474,38,7.70833333333333,6.46153846153846,6.66666666666667,6.22727272727273,7.11111111111111,12,26,3,11,27,1862,1050,812,125,630,1232,7.00126206766917,7.61962857142857,6.20165020935961,6.45384,6.86931746031746,7.06873374188312,101
"101",2009,11,6.7234375,64,7.90384615384615,5.91578947368421,6.57142857142857,7.20833333333333,6.61153846153846,26,38,7,12,52,1926,1076,850,132,642,1284,6.99203009865005,7.62649628252788,6.18887055294118,6.46007575757576,6.87565420560748,7.05021804517134,102
"102",2009,12,7.22596153846154,52,7.94782608695652,6.65344827586207,6.2,7.33333333333333,7.18243243243243,23,29,5,15,37,1978,1099,879,137,657,1321,6.99817996461072,7.63322111010009,6.20419791808874,6.45058394160584,6.88610350076104,7.05392124905375,103
"103",2010,1,7.15612244897959,49,7.75192307692308,6.48260869565217,6.5,7.21666666666667,7.12941176470588,26,23,5,15,34,2027,1125,902,142,672,1355,7.00199801184016,7.63596444444444,6.21129708425721,6.45232394366197,6.89348214285714,7.05581547601476,104
"104",2010,2,7.18571428571429,28,7.95294117647059,6,5,7.58333333333333,7.07727272727273,17,11,1,6,22,2055,1142,913,143,678,1377,7.00450120194647,7.64068301225919,6.20875133625411,6.44216783216783,6.89958702064897,7.05615829339143,105
"105",2010,3,7.06129032258065,31,7.6875,6.39333333333333,3,6.75,7.10740740740741,16,15,1,4,27,2086,1158,928,144,682,1404,7.00534514381592,7.6413298791019,6.21173488146552,6.41826388888889,6.89870967741936,7.05714385327635,106
"106",2010,4,7.36571428571429,35,7.56666666666667,7.15294117647059,7.5,6.77,7.604,18,17,2,10,25,2121,1176,945,146,692,1429,7.01129182932579,7.64018707482993,6.22866663492064,6.43308219178082,6.89684971098266,7.06671096571029,107
"107",2010,5,6.95333333333333,30,8.06,6.4,6.3125,6.68181818181818,7.11052631578947,10,20,8,11,19,2151,1186,965,154,703,1448,7.01048348210135,7.64372681281619,6.23221758549223,6.42681818181818,6.89348506401138,7.06728589088398,108
"108",2010,6,7.00666666666667,30,7.73333333333333,5.91666666666667,5.875,7.61111111111111,6.74761904761905,18,12,4,9,21,2181,1204,977,158,712,1469,7.01043098120129,7.64506644518273,6.2283418321392,6.41284810126582,6.90255617977528,7.06271611300204,109
"109",2010,7,6.76551724137931,29,7.90833333333333,5.95882352941176,6.25,6.05555555555556,7.085,12,17,4,9,20,2210,1216,994,162,721,1489,7.00721718099548,7.64766447368421,6.22373236418511,6.40882716049383,6.89198335644938,7.06301542646071,110
"110",2010,8,6.79310344827586,29,7.53571428571429,6.1,7.25,6.3,7.05263157894737,14,15,2,10,19,2239,1230,1009,164,731,1508,7.00444393479232,7.64639024390244,6.22189293359762,6.41908536585366,6.88388508891929,7.06288459549072,111
"111",2010,9,7.3,24,8.12857142857143,6.14,6.5,7.83333333333333,7.12222222222222,14,10,2,6,18,2263,1244,1019,166,737,1526,7.00757842244808,7.65181672025724,6.22108927379784,6.42006024096386,6.89161465400271,7.06358451507209,112
"112",2010,10,6.51923076923077,26,6.91666666666667,6.4,6,5,6.88095238095238,6,20,1,5,21,2289,1250,1039,167,742,1547,7.00203144167759,7.648288,6.2245331761309,6.41754491017964,6.8788679245283,7.06110534583064,113
"113",2010,11,7.09245283018868,53,7.66333333333333,6.34782608695652,6.75,7.1,7.0906976744186,30,23,4,10,43,2342,1280,1062,171,752,1590,7.00407769854825,7.648640625,6.22720336158192,6.4253216374269,6.8818085106383,7.06190564150943,114
"114",2010,12,6.82104166666667,48,7.57217391304348,6.13,6.6,7,6.78525,23,25,5,8,40,2390,1303,1087,176,760,1630,7.00040166108787,7.64729086722947,6.22496777368905,6.43028409090909,6.88305263157895,7.05511654601227,115
"115",2011,1,7.01666666666667,51,7.7537037037037,6.1875,5.16666666666667,6.1875,7.17093023255814,27,24,6,8,43,2441,1330,1111,182,768,1673,7.00074148709545,7.64945112781955,6.22415838883888,6.38862637362637,6.87580729166667,7.05809322773461,116
"116",2011,2,6.83269230769231,52,7.63,6.334375,4.33333333333333,7.175,6.80416666666667,20,32,3,4,48,2493,1350,1143,185,772,1721,6.9972362494986,7.64916296296296,6.22724406824147,6.3552972972973,6.87735751295337,7.05101102266124,117
"117",2011,3,6.77380952380952,42,7.56666666666667,6.33333333333333,6.25,7,6.68333333333333,15,27,4,12,30,2535,1365,1170,189,784,1751,6.99353450493097,7.64825641025641,6.22969228205128,6.35306878306878,6.87923469387755,7.04471157624215,118
"118",2011,4,6.85,32,7.75333333333333,6.05294117647059,6.38,7.08333333333333,6.79615384615385,15,17,5,6,26,2567,1380,1187,194,790,1777,6.99174521620569,7.64939855072464,6.22716088458298,6.35376288659794,6.88078481012658,7.04107482836241,119
"119",2011,5,6.55121951219512,41,7.42307692307692,6.14642857142857,6.83333333333333,6.77777777777778,6.4875,13,28,6,9,32,2608,1393,1215,200,799,1809,6.98481977377301,7.6472864321608,6.22530038683128,6.36815,6.87962453066333,7.03128245992261,120
"120",2011,6,6.4,33,8,5.888,5.8,5.66,6.53214285714286,8,25,5,5,28,2641,1401,1240,205,804,1837,6.97751229458538,7.64930049964311,6.21849997580645,6.35429268292683,6.87203980099503,7.02367445291236,121
"121",2011,7,7.03875,40,7.61666666666667,6.56590909090909,6.8,7.105,7.01666666666667,18,22,7,10,30,2681,1419,1262,212,814,1867,6.97842594927266,7.64888653981677,6.22455623613312,6.36900943396226,6.87490171990172,7.02356184788431,122
"122",2011,8,7.28787878787879,33,7.68421052631579,6.75,6.5,7.66666666666667,7.14583333333333,19,14,1,9,24,2714,1438,1276,213,823,1891,6.9821886403832,7.64935326842837,6.23032129310345,6.36962441314554,6.88356014580802,7.02511368059228,123
"123",2011,9,7.20172413793103,29,7.85769230769231,6.66875,7,7.35,7.12368421052632,13,16,1,10,19,2743,1451,1292,214,833,1910,6.98450965001823,7.65121984838043,6.23575075077399,6.37257009345794,6.88915966386555,7.02609422513089,124
"124",2011,10,6.85862068965517,29,7.68571428571429,6.08666666666667,NA,6.71,6.93684210526316,14,15,0,10,19,2772,1465,1307,214,843,1929,6.98319262987013,7.65154948805461,6.23403976281561,6.37257009345794,6.88703440094899,7.02521512182478,125
"125",2011,11,6.83478260869565,46,7.56666666666667,6.36428571428571,7.2,6.1,7.09411764705882,18,28,4,12,34,2818,1483,1335,218,855,1963,6.98077003903478,7.65051921780175,6.23677151310862,6.38775229357798,6.87598830409357,7.02640854304636,126
"126",2011,12,7.12368421052632,38,7.55263157894737,6.69473684210526,7.23333333333333,7.25,7.09,19,19,3,8,30,2856,1502,1354,221,863,1993,6.98267155812325,7.6492809587217,6.2431979098966,6.39923076923077,6.87945538818077,7.02736576517812,127
"127",2012,1,6.80217391304348,46,7.62631578947368,6.22222222222222,5,6.7,6.81463414634146,19,27,2,5,41,2902,1521,1381,223,868,2034,6.97981046519642,7.64899408284024,6.24278781317886,6.38668161434978,6.87842165898618,7.0230776647001,128
"128",2012,2,7.44038461538462,52,8.075,6.7,4.6,7,7.5725,28,24,3,12,40,2954,1549,1405,226,880,2074,6.98791806702776,7.65669464170433,6.25059784341637,6.36296460176991,6.88007954545455,7.03367404532305,129
"129",2012,3,7.1484375,32,7.73125,6.565625,7,7.13571428571429,7.152,16,16,2,7,25,2986,1565,1421,228,887,2099,6.98963830207636,7.65745686900959,6.25414494722027,6.36855263157895,6.88209695603157,7.03508335874226,130
"130",2012,4,6.93720930232558,43,7.68571428571429,6.22272727272727,7.5,5.54444444444444,7.30588235294118,21,22,4,9,34,3029,1586,1443,232,896,2133,6.98889401452625,7.65783102143758,6.25366595287595,6.38806034482759,6.86866071428572,7.03939989217065,131
"131",2012,5,6.875,32,8.13636363636364,6.21428571428571,6,7.14285714285714,6.8,11,21,3,7,25,3061,1597,1464,235,903,2158,6.98770335511271,7.66112711333751,6.25310107240437,6.38310638297872,6.87078626799557,7.03662649212234,132
"132",2012,6,7.31111111111111,36,8.4,6.53333333333333,NA,6.33333333333333,7.4,15,21,0,3,33,3097,1612,1485,235,906,2191,6.99146269615757,7.66800248138958,6.25706395286195,6.38310638297872,6.86900662251656,7.04209948425377,133
"133",2012,7,7.55357142857143,28,7.94117647058824,6.95454545454545,NA,7.4,7.58695652173913,17,11,0,5,23,3125,1629,1496,235,911,2214,6.9964991904,7.67085328422345,6.26219249331551,6.38310638297872,6.87192096597146,7.04775969738031,134
"134",2012,8,6.63125,32,7.41875,5.84375,7.5,6.8125,6.57083333333333,16,16,1,8,24,3157,1645,1512,236,919,2238,6.99279694963573,7.66840121580547,6.25776453042328,6.38783898305085,6.87140369967356,7.04264520554066,135
"135",2012,9,6.65277777777778,36,7.21333333333333,6.25238095238095,6.3,6.85714285714286,6.60344827586207,15,21,5,7,29,3193,1660,1533,241,926,2267,6.98896334794864,7.66428915662651,6.25769078277887,6.38601659751037,6.87129589632829,7.03702689457433,136
"136",2012,10,6.94390243902439,41,7.67826086956522,6.00555555555556,7.33333333333333,6.15,7.2,23,18,3,10,31,3234,1683,1551,244,936,2298,6.98839207482993,7.66448009506833,6.2547646486138,6.39766393442623,6.86358974358974,7.03922540034813,137
"137",2012,11,6.8974358974359,39,7.5,6.325,7,7.07142857142857,6.859375,19,20,2,7,32,3273,1702,1571,246,943,2330,6.98730827069967,7.66264394829612,6.25565879694462,6.40256097560976,6.86513255567338,7.03675535193133,138
"138",2012,12,7.29868421052632,38,7.53636363636364,6.971875,9,7.35714285714286,7.28548387096774,22,16,1,7,31,3311,1724,1587,247,950,2361,6.99088189972818,7.66103248259861,6.26287962822936,6.41307692307692,6.86875789473684,7.0400211647607,139
"139",2013,1,6.61296296296296,54,7.23888888888889,6.3,6.75,5.4625,6.81304347826087,18,36,4,8,46,3365,1742,1623,251,958,2407,6.98481722734027,7.65667049368542,6.26370300061614,6.41844621513944,6.85701461377871,7.03568341088492,140
"140",2013,2,6.96212121212121,33,7.51470588235294,6.375,6.41666666666667,7,6.95833333333333,17,16,3,3,30,3398,1759,1639,254,961,2437,6.98459681283108,7.65529846503695,6.26478948749237,6.41842519685039,6.85746097814776,7.03473121460813,141
"141",2013,3,6.90810810810811,37,7.06333333333333,6.80227272727273,6.9375,6.3125,7.07241379310345,15,22,4,8,29,3435,1774,1661,258,969,2466,6.98377291703057,7.65029312288613,6.27190847080072,6.42647286821705,6.85296181630547,7.03517435928629,142
"142",2013,4,7.37435897435897,39,7.98095238095238,6.66666666666667,7.6,7.00833333333333,7.53703703703704,21,18,5,12,27,3474,1795,1679,263,981,2493,6.98815773459989,7.65416155988858,6.27614054198928,6.44878326996198,6.8548623853211,7.04060969514641,143
"143",2013,5,7.1,31,7.77142857142857,6.54705882352941,7.25,6.8,7.15769230769231,14,17,4,5,26,3505,1809,1696,267,986,2519,6.98914692439372,7.6550690989497,6.27885611438679,6.46078651685393,6.85458417849899,7.04181816990869,144
"144",2013,6,6.76923076923077,39,7.67647058823529,6.06818181818182,5.66666666666667,4.2,7.14705882352941,17,22,3,5,34,3544,1826,1718,270,991,2553,6.98672685383747,7.65526834611172,6.27615830616996,6.45196296296296,6.84119071644803,7.04321972972973,145
"145",2013,7,6.32051282051282,39,7.96153846153846,5.5,NA,8.25,6.1,13,26,0,4,35,3583,1839,1744,270,995,2588,6.97947529165504,7.65743338771071,6.26458713876147,6.45196296296296,6.84685427135678,7.03046366692427,146
"146",2013,8,7.2625,32,7.88947368421053,6.34615384615385,NA,8.2,7.08888888888889,19,13,0,5,27,3615,1858,1757,270,1000,2615,6.98198062793914,7.65980624327234,6.26519064883324,6.45196296296296,6.85362,7.03106691013384,147
"147",2013,9,7.06975,40,7.61857142857143,6.46315789473684,6.7,7.16666666666667,7.05264705882353,21,19,5,6,34,3655,1879,1776,275,1006,2649,6.98294116826265,7.65934539648749,6.26730854166667,6.45647272727273,6.85548707753479,7.03134389203473,148
"148",2013,10,7.16222222222222,45,7.91904761904762,6.5,6.6,6.3125,7.34594594594595,21,24,5,8,37,3700,1900,1800,280,1014,2686,6.98512161351351,7.66221578947368,6.27041109444444,6.45903571428571,6.85120315581854,7.03567757632167,149
"149",2013,11,7.03,50,8.01904761904762,6.31379310344828,6.44444444444444,5.6,7.18888888888889,21,29,9,5,45,3750,1921,1829,289,1019,2731,6.985719992,7.66611660593441,6.27109894477857,6.45858131487889,6.84506378802748,7.0382021127792,150
"150",2013,12,7.33854166666667,48,8.10416666666667,6.57291666666667,7,7.02272727272727,7.43243243243243,24,24,4,11,37,3798,1945,1853,293,1030,2768,6.99017903370195,7.67152185089974,6.27500807879115,6.46597269624573,6.84696116504854,7.0434718099711,151
"151",2014,1,7.059,50,7.5275,6.74666666666667,7.95,7.8,6.95795454545455,20,30,4,6,44,3848,1965,1883,297,1036,2812,6.99107327702703,7.67005597964377,6.28252255443441,6.4859595959596,6.8524806949807,7.04213370199147,152
"152",2014,2,6.90212765957447,47,7.74347826086957,6.09583333333333,6.71428571428571,7.45714285714286,6.805,23,24,7,7,40,3895,1988,1907,304,1043,2852,6.98999999229782,7.67090543259557,6.28017303093864,6.49121710526316,6.85653883029722,7.03880784361851,153
"153",2014,3,6.78095238095238,42,7.66470588235294,6.18,6,5.91666666666667,6.925,17,25,5,6,36,3937,2005,1932,309,1049,2888,6.98776986791974,7.67085286783042,6.27887679606625,6.48326860841424,6.85116301239275,7.03738918628809,154
"154",2014,4,6.875,36,7.61538461538461,6.45652173913043,8,6,7.125,13,23,1,8,28,3973,2018,1955,310,1057,2916,6.98674804178203,7.67049554013875,6.28096673657289,6.48816129032258,6.84472090823084,7.03823044238683,155
"155",2014,5,6.99782608695652,46,7.63636363636364,6.4125,5.7,7.15833333333333,6.94117647058824,22,24,2,12,34,4019,2040,1979,312,1069,2950,6.98687483702414,7.67012745098039,6.2825618847903,6.48310897435898,6.84824134705332,7.03711185423729,156
"156",2014,6,6.98055555555556,36,7.91052631578947,5.94117647058824,5,8.4,6.75161290322581,19,17,2,5,31,4055,2059,1996,314,1074,2981,6.98681873489519,7.67234579893152,6.27965429358717,6.47366242038217,6.85546554934823,7.03414289500168,157
"157",2014,7,7.03214285714286,42,7.65,6.47045454545455,7.5,7.67142857142857,6.90428571428571,20,22,1,7,35,4097,2079,2018,315,1081,3016,6.98728337075909,7.67213083213083,6.28173437561942,6.47692063492064,6.86074930619796,7.03263593169761,158
"158",2014,8,6.84173913043478,46,7.45739130434783,6.22608695652174,4.96666666666667,6.33555555555556,6.96486486486486,23,23,3,9,37,4143,2102,2041,318,1090,3053,6.9856673835385,7.66978116079924,6.28110728564429,6.46267295597484,6.8564128440367,7.03181459875532,159
"159",2014,9,6.875,44,7.65909090909091,6.09090909090909,5.5,7.22222222222222,6.78571428571429,22,22,3,9,35,4187,2124,2063,321,1099,3088,6.98450441127299,7.66967043314501,6.27907899660688,6.45367601246106,6.85940855323021,7.02902524935233,160
"160",2014,10,6.90581395348837,43,7.8875,6.32407407407407,5,7.01538461538462,6.85833333333333,16,27,4,13,30,4230,2140,2090,325,1112,3118,6.98370448463357,7.67129906542056,6.27966027272727,6.43578461538462,6.86123201438849,7.02738292815908,161
"161",2014,11,7.1219512195122,41,8.24782608695652,5.68333333333333,4.5,5.5625,7.5,23,18,2,8,33,4271,2163,2108,327,1120,3151,6.98503160149848,7.67742949607027,6.27456829696395,6.42394495412844,6.85195535714286,7.03233258330689,162
"162",2014,12,6.32794871794872,39,7.68,5.86172413793103,6,6.58333333333333,6.28151515151515,10,29,6,6,33,4310,2173,2137,333,1126,3184,6.97908583990719,7.67744132535665,6.26896582592419,6.41630630630631,6.85052397868561,7.02455086997488,163
"163",2015,1,6.93287671232877,73,7.51063829787234,5.88846153846154,6.17142857142857,7.07,6.91111111111111,47,26,7,10,63,4383,2220,2163,340,1136,3247,6.97831621492129,7.67390990990991,6.26439203421174,6.41126470588235,6.85245598591549,7.02234985217124,164
"164",2015,2,7.08148148148148,54,7.525,6.72666666666667,6.75,5.875,7.29130434782609,24,30,2,8,46,4437,2244,2193,342,1144,3293,6.97957177597476,7.67231729055258,6.27071590059279,6.41324561403509,6.84562062937063,7.02610688430003,165
"165",2015,3,7.00736842105263,57,7.66516129032258,6.22307692307692,7.2,6.9375,7.01877551020408,31,26,5,8,49,4494,2275,2219,347,1152,3342,6.97992433689364,7.67221978021978,6.27015771518702,6.42458213256484,6.84625868055555,7.0259993925793,166
"166",2015,4,7.08837209302326,43,7.99375,6.55185185185185,8,6.4,7.17894736842105,16,27,3,5,38,4537,2291,2246,350,1157,3380,6.98095216442583,7.67446529899607,6.27354406500445,6.43808571428571,6.8443301642178,7.02771892603551,167
"167",2015,5,7.44880952380952,42,7.95238095238095,6.9452380952381,7.5,7.1,7.49594594594595,21,21,4,5,37,4579,2312,2267,354,1162,3417,6.98524349639659,7.67698961937716,6.279766197618,6.45008474576271,6.84543029259897,7.03278898741586,168
"168",2015,6,7.1046875,32,7.52142857142857,6.78055555555556,6.33333333333333,6.825,7.14464285714286,14,18,3,4,28,4611,2326,2285,357,1166,3445,6.98607242897419,7.67605331040413,6.28371114660831,6.44910364145658,6.8453602058319,7.03369810449928,169
"169",2015,7,6.57878787878788,33,7.46666666666667,5.83888888888889,7.2,6.1,6.66428571428571,15,18,2,5,28,4644,2341,2303,359,1171,3473,6.98317828811369,7.67471166168304,6.28023446374294,6.45328690807799,6.84217762596072,7.03071983011805,170
"170",2015,8,6.8047619047619,42,7.51666666666667,6.27083333333333,6.5,7.25,6.7578947368421,18,24,1,4,38,4686,2359,2327,360,1175,3511,6.98157916559966,7.67350572276388,6.28013750322303,6.45341666666667,6.84356595744681,7.02776700939903,171
"171",2015,9,6.86153846153846,39,6.82142857142857,6.884,7.5,6.5,6.91470588235294,14,25,2,5,34,4725,2373,2352,362,1180,3545,6.98058835343915,7.66847871892119,6.28655610969388,6.45919889502762,6.84211016949153,7.02668264315938,172
"172",2015,10,7.14489795918367,49,7.65238095238095,6.76428571428571,8.06666666666667,7.05,7.15333333333333,21,28,3,4,45,4774,2394,2380,365,1184,3590,6.9822748156682,7.66833751044277,6.29217645798319,6.47241095890411,6.8428125,7.02827018662953,173
"173",2015,11,7.206,50,7.63846153846154,6.7375,NA,7.15,7.22,26,24,0,10,40,4824,2420,2404,365,1194,3630,6.98459369195688,7.66801652892562,6.29662228369384,6.47241095890411,6.84538525963149,7.03038291184573,174
"174",2015,12,6.92213114754098,61,8.18809523809524,6.2575,5.975,8.16666666666667,6.78636363636364,21,40,4,6,55,4885,2441,2444,369,1200,3685,6.98381370931423,7.6724907824662,6.29598198445172,6.4670189701897,6.85199166666667,7.02674083310719,175
"175",2016,1,7.11194029850746,67,7.81142857142857,6.346875,6.44444444444444,7.24,7.08947368421053,35,32,9,10,57,4952,2476,2476,378,1210,3742,6.98554724757674,7.67445476575121,6.29663972940226,6.46648148148148,6.85519834710744,7.02769641101016,176
"176",2016,2,6.58205128205128,39,7.39473684210526,5.81,7,5.48333333333333,6.78181818181818,19,20,2,6,33,4991,2495,2496,380,1216,3775,6.98239430374674,7.6723246492986,6.29274037259615,6.46928947368421,6.84842927631579,7.02554701192053,177
"177",2016,3,6.67555555555556,45,7.78947368421053,5.86153846153846,6.7,6.76363636363636,6.64705882352941,19,26,2,11,34,5036,2514,2522,382,1227,3809,6.97965249602859,7.67321002386635,6.28829499206979,6.47049738219895,6.84766911165444,7.02216854029929,178
"178",2016,4,6.77966101694915,59,7.725,6.29487179487179,6.75,6.66666666666667,6.78571428571429,20,39,6,3,56,5095,2534,2561,388,1230,3865,6.9773365986261,7.67361878453039,6.28839514642718,6.47481958762887,6.84722764227642,7.01874255368693,179
"179",2016,5,7.02307692307692,65,7.58333333333333,6.54285714285714,6.9,7.5,6.90384615384615,30,35,5,13,52,5160,2564,2596,393,1243,3917,6.97791278488372,7.6725624024961,6.29182587442219,6.48022900763359,6.85405470635559,7.01721725044677,180
"180",2016,6,7.42555555555556,45,8.09791666666667,6.65714285714286,6.33333333333333,7.21875,7.47027027027027,24,21,3,8,37,5205,2588,2617,396,1251,3954,6.98178289529299,7.67650695517774,6.29475734428735,6.47911616161616,6.85638689048761,7.02145674506829,181
"181",2016,7,7.07659574468085,47,7.56363636363636,6.648,NA,7.2,7.06511627906977,22,25,0,4,43,5252,2610,2642,396,1255,3997,6.98263137281036,7.67555555555555,6.29809991294474,6.47911616161616,6.85748207171315,7.021926437328,182
"182",2016,8,6.81111111111111,45,7.475,6.28,7,5.875,7.01351351351351,20,25,1,8,37,5297,2630,2667,397,1263,4034,6.98117424391165,7.67403041825095,6.29793024746906,6.4804282115869,6.85125890736342,7.02184927367377,183
"183",2016,9,7.17755102040816,49,7.88571428571429,6.64642857142857,5,7.11,7.1948717948718,21,28,2,10,39,5346,2651,2695,399,1273,4073,6.98297418069585,7.67570728027159,6.30155100927644,6.47300751879699,6.8532914375491,7.02350600785662,184
"184",2016,10,7.09791666666667,48,7.77916666666667,6.41666666666667,NA,6.7,7.1775,24,24,0,8,40,5394,2675,2719,399,1281,4113,6.98399702817946,7.67663551401869,6.30256710923133,6.47300751879699,6.85233411397346,7.02500363967907,185
"185",2016,11,6.95322580645161,62,7.625,6.63333333333333,7.16666666666667,7.33333333333333,6.88867924528302,20,42,6,9,53,5456,2695,2761,405,1290,4166,6.98364735520528,7.67625231910946,6.30759868525896,6.48328395061728,6.85568992248062,7.02326931589054,186
"186",2016,12,7.03333333333333,57,7.46428571428571,6.61724137931034,5,6.65384615384615,7.14545454545455,28,29,1,13,44,5513,2723,2790,406,1303,4210,6.98416106838382,7.67407271391847,6.31081719354838,6.47963054187192,6.85367613200307,7.02454631116389,187
"187",2017,1,7.1876,75,8.04485714285714,6.4375,7,6.5,7.30578125,35,40,6,11,64,5588,2758,2830,412,1314,4274,6.98689154795991,7.67877810007252,6.31260776325088,6.48720873786408,6.85071537290715,7.02875759709874,188
"188",2017,2,6.61923076923077,52,7.73809523809524,5.86129032258065,6.9,6.1,6.68695652173913,21,31,4,6,46,5640,2779,2861,416,1320,4320,6.9835017677305,7.67922634041022,6.30771757077945,6.49117788461538,6.84730303030303,7.02511804861111,189
"189",2017,3,7.226,50,7.86190476190476,6.76551724137931,7,7,7.23541666666667,21,29,2,2,48,5690,2800,2890,418,1322,4368,6.98563268365554,7.68059642857143,6.3123114083045,6.49361244019139,6.84753403933434,7.0274290224359,190
"190",2017,4,7.01702127659574,47,7.75238095238095,6.42307692307692,6.66666666666667,6.66666666666667,7.04090909090909,21,26,3,3,44,5737,2821,2916,421,1325,4412,6.98588983266516,7.68113080467919,6.31329902949245,6.49484560570071,6.84712452830189,7.02756345648232,191
"191",2017,5,7.0156862745098,51,7.876,6.18846153846154,6.35,6.71428571428571,7.06363636363636,25,26,10,7,44,5788,2846,2942,431,1332,4456,6.98615237906013,7.68284258608573,6.312195774983,6.4914849187935,6.84642642642643,7.0279196521544,192
"192",2017,6,7.19488888888889,45,7.91666666666667,6.7137037037037,6.33333333333333,6.64285714285714,7.29657894736842,18,27,3,7,38,5833,2864,2969,434,1339,4494,6.98776272415567,7.68431215083799,6.31584707645672,6.49039170506912,6.84536221060493,7.03019135959056,193
"193",2017,7,7.15238095238095,42,7.58333333333333,6.82916666666667,7.25,7,7.16842105263158,18,24,4,4,38,5875,2882,2993,438,1343,4532,6.9889395693617,7.68368147120055,6.31996323755429,6.49732876712329,6.84582278481013,7.03135039055605,194
"194",2017,8,7.12,50,8.11904761904762,6.39655172413793,2,8.3,6.98888888888889,21,29,1,5,45,5925,2903,3022,439,1348,4577,6.99004556455696,7.6868308646228,6.3206982031767,6.48708428246014,6.85121661721068,7.03093291894254,195
"195",2017,9,7.64339622641509,53,7.97857142857143,7.268,7,7.83333333333333,7.61914893617021,28,25,2,6,47,5978,2931,3047,441,1354,4624,6.99583806791569,7.68961787785739,6.32847061700033,6.489410430839,6.85556868537666,7.03691175821799,196
"196",2017,10,6.89302325581395,43,7.57,6.30434782608696,7,7.58333333333333,6.78108108108108,20,23,2,6,37,6021,2951,3070,443,1360,4661,6.99510379837236,7.68880718400542,6.32828989250814,6.49171557562077,6.85877941176471,7.03488092040334,197
"197",2017,11,7.10254545454545,55,7.94444444444444,6.69297297297297,6.6,7.9,7.04,18,37,5,4,51,6076,2969,3107,448,1364,4712,6.99607636109282,7.69035702256652,6.3326327550692,6.49292410714286,6.86183284457478,7.03493632640068,198
"198",2017,12,6.78823529411765,34,7.74705882352941,5.82941176470588,8,6.66666666666667,6.81428571428571,17,17,2,6,28,6110,2986,3124,450,1370,4740,6.99491979869067,7.69067983924983,6.32989435659411,6.49962222222222,6.86097810218978,7.03363290506329,199
"199",2018,1,7.5935,60,7.76666666666667,7.42033333333333,7.25,7.92857142857143,7.54924528301887,30,30,4,7,53,6170,3016,3154,454,1377,4793,7.00074067585089,7.69143567639257,6.34026631896005,6.50623348017621,6.86640522875817,7.03933443980805,200
"200",2018,2,6.52702702702703,37,7.625,5.23529411764706,4.5,7,6.41666666666667,20,17,2,7,30,6207,3036,3171,456,1384,4823,6.99791686321895,7.69099802371541,6.3343424692526,6.49743421052632,6.86708092485549,7.03546132490151,201
"201",2018,3,6.898,45,7.73333333333333,6.48033333333333,6.30857142857143,6.31428571428571,7.00552631578947,15,30,7,7,38,6252,3051,3201,463,1391,4861,6.99719769193858,7.69120616191413,6.33571070602937,6.4945788336933,6.86429906542056,7.03522731331002,202
"202",2018,4,6.88139534883721,43,7.875,6.29259259259259,8,2.5,7.09512195121951,16,27,1,2,41,6295,3067,3228,464,1393,4902,6.99640666719619,7.69216498206717,6.33535005266419,6.49782327586207,6.85803302225413,7.03572826805385,203
"203",2018,5,6.47931818181818,44,7.074375,6.13928571428571,6,5.75,6.55225,16,28,2,4,40,6339,3083,3256,466,1397,4942,6.99281747436504,7.68895880635744,6.33366399570025,6.49568669527897,6.85486041517538,7.03181504856333,204
"204",2018,6,7.22413793103448,29,7.77142857142857,6.71333333333333,4,5.96,7.4875,14,15,1,5,24,6368,3097,3271,467,1402,4966,6.99387091237437,7.68933161123668,6.33540506572914,6.4903426124197,6.85166904422254,7.03401731171969,205
"205",2018,7,6.98974358974359,39,7.74736842105263,6.27,7,7.4,6.92941176470588,19,20,2,5,34,6407,3116,3291,469,1407,5000,6.9938457889808,7.68968549422336,6.33500758735947,6.49251599147121,6.85361762615494,7.033305994,206
"206",2018,8,7.08139534883721,43,7.6875,6.72222222222222,7,6.875,7.12857142857143,16,27,2,8,35,6450,3132,3318,471,1415,5035,6.99442945271318,7.68967432950191,6.33815852019289,6.49467091295117,6.85373851590106,7.03396821648461,207
"207",2018,9,7.02055555555556,36,7.6025,6.555,5.66666666666667,6.5,7.05117647058823,16,20,3,2,34,6486,3148,3338,474,1417,5069,6.99457446345976,7.68923125794155,6.33945775014979,6.48943037974684,6.85323923782639,7.03408363977116,208
"208",2018,10,7.1925,40,8.06315789473684,6.40476190476191,8,7.88571428571429,7.04545454545455,19,21,1,7,33,6526,3167,3359,475,1424,5102,6.99578761415875,7.69147458162299,6.33986602262578,6.49261052631579,6.85831460674157,7.0341571873775,209
"209",2018,11,7.30869565217391,46,8.036,6.44285714285714,NA,7.4875,7.27105263157895,25,21,0,8,38,6572,3192,3380,475,1432,5140,6.99797777997565,7.69417293233083,6.34050590828402,6.49261052631579,6.86182960893855,7.03590855447471,210
"210",2018,12,7.11707317073171,41,8.10869565217391,5.85,6,9,7.07,23,18,3,1,40,6613,3215,3398,478,1433,5180,6.99871616059277,7.69713841368585,6.33790758387287,6.48951882845188,6.86332170272156,7.03617180888031,211
"211",2019,1,6.74615384615385,52,6.97,6.60625,7,8,6.66938775510204,20,32,3,3,49,6665,3235,3430,481,1436,5229,6.99674568192048,7.6926429675425,6.34041106997085,6.4927027027027,6.86569637883008,7.03273474278065,212
"212",2019,2,6.96333333333333,45,7.66153846153846,6.6796875,6.95,5.84285714285714,7.16973684210526,13,32,4,7,38,6710,3248,3462,485,1443,5267,6.99652160506706,7.6925184729064,6.3435470739457,6.49647422680412,6.86073458073458,7.03372317638124,213
"213",2019,3,7.48240740740741,54,8.08225806451613,6.67391304347826,6.58333333333333,7.4375,7.49021739130435,31,23,6,8,46,6764,3279,3485,491,1451,5313,7.00040064606742,7.69620311070448,6.34572739454806,6.49753564154786,6.86391454169538,7.03767550724638,214
"214",2019,4,6.84634146341463,41,7.61428571428571,6.44814814814815,6,5.83333333333333,6.92631578947368,14,27,1,3,38,6805,3293,3512,492,1454,5351,6.99947244232182,7.69585484360765,6.34651479783599,6.4965243902439,6.86178817056396,7.03688468884321,215
"215",2019,5,6.93953488372093,43,7.48095238095238,6.42272727272727,6.83333333333333,5.8,7.08947368421053,21,22,3,5,38,6848,3314,3534,495,1459,5389,6.99909608206776,7.69449305974653,6.34698923882286,6.49856565656566,6.85814941740918,7.03725551493784,216
"216",2019,6,6.67904761904762,42,7.57157894736842,5.94173913043478,5.48,5.58333333333333,6.86166666666667,19,23,7,6,36,6890,3333,3557,502,1465,5425,6.99714513352685,7.69379237923792,6.34436884172055,6.4843625498008,6.85292832764505,7.03609031705069,217
"217",2019,7,7,38,8.43333333333333,6.06521739130435,6.33333333333333,5.5,7.17647058823529,15,23,3,4,34,6928,3348,3580,505,1469,5459,6.99716079243649,7.69710573476702,6.34257541061452,6.48346534653465,6.84924438393465,7.03696464004396,218
"218",2019,8,7.15121951219512,41,7.88,6.45714285714286,6.66666666666667,7.96666666666667,7.01142857142857,20,21,3,6,35,6969,3368,3601,508,1475,5494,6.99806715023676,7.69819180522565,6.34324353512913,6.48454724409449,6.85378983050847,7.03680196032035,219
"219",2019,9,7.0530612244898,49,7.69047619047619,6.575,7,7.05555555555556,7.0525,21,28,3,9,40,7018,3389,3629,511,1484,5534,6.99845112140211,7.69814399527884,6.34503168090383,6.48757338551859,6.85501347708895,7.03691542645464,220
"220",2019,10,7.093,50,7.79107142857143,6.20454545454545,5.5,7.31666666666667,7.0625,28,22,2,6,44,7068,3417,3651,513,1490,5578,6.99911997311828,7.69890547263681,6.3441851465352,6.48372319688109,6.85687248322148,7.03711724094657,221
"221",2019,11,7.13809523809524,42,7.75,6.58181818181818,5,NA,7.13809523809524,20,22,1,0,42,7110,3437,3673,514,1490,5620,6.99994092405063,7.69920279313355,6.34560848625102,6.48083657587549,6.85687248322148,7.03787188078292,222
"222",2019,12,7.06770833333333,48,7.84,6.51607142857143,7,7.68888888888889,6.92435897435897,20,28,4,9,39,7158,3457,3701,518,1499,5659,7.0003953576418,7.70001735608909,6.3468981275331,6.48484555984556,6.86186791194129,7.03708958649938,223
"223",2020,1,7.31984615384615,65,7.98594594594595,6.43964285714286,4.25,7.25,7.32964912280702,37,28,4,8,57,7223,3494,3729,522,1507,5716,7.00327010521944,7.70304522037779,6.34759452131939,6.46772030651341,6.86392833443928,7.0400069926522,224
"224",2020,2,6.90444444444444,45,7.89473684210526,6.18076923076923,6.83333333333333,7.25,6.87073170731707,19,26,3,4,41,7268,3513,3755,525,1511,5757,7.00265822372042,7.70408198121264,6.34643940612517,6.46980952380952,6.86495036399735,7.03880145388223,225
"225",2020,3,7.00080578947368,38,7.59230090909091,6.1875,7,7.5,6.907206875,22,16,1,6,32,7306,3535,3771,526,1517,5789,7.0026485888311,7.70338631400283,6.34576504110315,6.4708174904943,6.86746209624258,7.03807403523925,226
"226",2020,4,6.83333333333333,36,7.38888888888889,6.27777777777778,5.5,8,6.72727272727273,18,18,2,3,33,7342,3553,3789,528,1520,5822,7.00181838599836,7.70179302561216,6.34544206122988,6.46714015151515,6.86969736842105,7.03631236516661,227
"227",2020,5,6.61621621621622,37,7.73809523809524,5.14375,6,6.1,6.696875,21,16,1,5,32,7379,3574,3805,529,1525,5854,6.99988488819623,7.70200632904309,6.34038895400788,6.46625708884688,6.8671737704918,7.03445688247352,228
"228",2020,6,6.98255813953488,43,7.65625,6.58333333333333,NA,6.4375,7.10714285714286,16,27,0,8,35,7422,3590,3832,529,1533,5889,6.99978450417677,7.7018024011142,6.34210072286012,6.46625708884688,6.86493150684931,7.03488887587027,229
"229",2020,7,7.2890625,32,7.8,6.4375,7,6.8,7.37962962962963,20,12,1,5,27,7454,3610,3844,530,1538,5916,7.00102637375906,7.70234643213296,6.34239853537981,6.4672641509434,6.86472041612484,7.03646223630832,230
"230",2020,8,7.20283018867925,53,7.79166666666667,6.43478260869565,6,10,7.09313725490196,30,23,1,2,51,7507,3640,3867,531,1540,5967,7.002451124284,7.70308258791209,6.34294801396431,6.46638418079096,6.86879220779221,7.03694663817664,231
"231",2020,9,6.85789473684211,38,7.62380952380952,5.91176470588235,10,8.16666666666667,6.74571428571429,21,17,1,3,35,7545,3661,3884,532,1543,6002,7.00172307355865,7.70262786670308,6.34106075437693,6.47302631578947,6.87131561892417,7.0352483488837,232
"232",2020,10,7.02031738095238,42,7.7376665,6.36818181818182,5.75,5.5,7.09633325,20,22,4,2,40,7587,3681,3906,536,1545,6042,7.00182600764465,7.70281824232545,6.34121350998464,6.46763059701493,6.86954045307443,7.03565275074479,233
"233",2020,11,7.32454545454545,66,7.89095238095238,6.33333333333333,6.875,6.77777777777778,7.41087719298246,42,24,4,9,57,7653,3723,3930,540,1554,6099,7.00460916241996,7.70494062583937,6.34116538676845,6.47064814814815,6.86900900900901,7.03915952123299,234
"234",2020,12,7.26521739130435,46,7.82307692307692,6.54,5,9.75,7.15227272727273,26,20,1,2,44,7699,3749,3950,541,1556,6143,7.00616624496688,7.70575992264604,6.3421721443038,6.46792975970425,6.87271208226221,7.03996970861143,235
"235",2021,1,7.1031914893617,47,7.99761904761905,6.38076923076923,6.5,7.14285714285714,7.09625,21,26,2,7,40,7746,3770,3976,543,1563,6183,7.00675495997934,7.70738566312997,6.34242453973843,6.46804788213628,6.87392194497761,7.04033380559599,236
"236",2021,2,7.14428571428571,42,8.05578947368421,6.39130434782609,5.2,5.33333333333333,7.28358974358974,19,23,5,3,39,7788,3789,3999,548,1566,6222,7.00749665125834,7.7091327395091,6.34270566891723,6.45647810218978,6.87097062579821,7.04185855351977,237
"237",2021,3,7.19,32,8.29333333333333,5.77142857142857,9,8.34285714285714,6.8672,18,14,1,7,25,7820,3807,4013,549,1573,6247,7.00824346803069,7.71189491725768,6.34071267630202,6.46111111111111,6.87752066115702,7.04115958380022,238
"238",2021,4,7.30526315789474,38,7.95625,6.83181818181818,6.675,6.74,7.39090909090909,16,22,4,5,33,7858,3823,4035,553,1578,6280,7.00967980656655,7.7129175908972,6.34339032713754,6.4626582278481,6.87708491761724,7.04299743949044,239
"239",2021,5,7.20857142857143,35,7.99333333333333,6.62,8,7.66666666666667,7.165625,15,20,1,3,32,7893,3838,4055,554,1581,6312,7.01056175345242,7.71401353569567,6.34475461652281,6.46543321299639,6.87858317520557,7.04361912547528,240
"240",2021,6,7.21538461538462,26,8.1,5.8,7.5,4.25,7.4625,16,10,2,2,24,7919,3854,4065,556,1583,6336,7.01123423664604,7.71561597042034,6.34341450676507,6.46915467625899,6.87526216045483,7.04520579545454,241
"241",2021,7,7.21455882352941,34,7.89970588235294,6.52941176470588,NA,7.485,7.14444444444444,17,17,0,7,27,7953,3871,4082,556,1590,6363,7.0121034729033,7.71642442521312,6.34418911562959,6.46915467625899,6.8779465408805,7.04562689297501,242
"242",2021,8,7.3625,44,7.5,7.26730769230769,7.35,7.125,7.38625,18,26,2,4,40,7997,3889,4108,558,1594,6403,7.01403137676628,7.71542271792234,6.3500316382668,6.47231182795699,6.87856649937265,7.04775478994221,243
"243",2021,9,7.41323529411765,34,8.14117647058823,6.68529411764706,5,5,7.48636363636364,17,17,1,1,33,8031,3906,4125,559,1595,6436,7.01572144440294,7.71727571684588,6.35141332606061,6.46967799642218,6.87738871473354,7.05000371659416,244
"244",2021,10,6.9,28,7.65714285714286,6.14285714285714,NA,5.75,7.09166666666667,14,14,0,4,24,8059,3920,4139,559,1599,6460,7.01531938453902,7.71706095663265,6.35070789321092,6.46967799642218,6.87456848030019,7.05015850154799,245
"245",2021,11,7.01081081081081,37,7.275,6.80952380952381,6.16666666666667,6.91666666666667,7.02903225806452,16,21,3,6,31,8096,3936,4160,562,1605,6491,7.01529877964427,7.71526396087398,6.35302403125,6.46806049822064,6.87472585669782,7.05005760591588,246
"246",2021,12,7.06428571428571,56,7.752,6.50967741935484,5.75,6.66666666666667,7.112,25,31,4,6,50,8152,3961,4191,566,1611,6541,7.01563529440628,7.71549582176218,6.35418276544977,6.46298586572438,6.87395096213532,7.0505310992203,247
"247",2022,1,7.34029850746269,67,7.74833333333333,7.00945945945946,8.35,7.4,7.33548387096774,30,37,2,5,62,8219,3991,4228,568,1616,6603,7.01828189804112,7.71574265848158,6.35991721144749,6.46963028169014,6.87557858910891,7.05320671210056,248
"248",2022,2,7.49622641509434,53,7.86,7.02173913043478,5.75,8.25,7.43469387755102,30,23,2,4,49,8272,4021,4251,570,1620,6652,7.02134416344294,7.7168189380751,6.36349799341331,6.46710526315789,6.87897222222222,7.05601682501503,249
"249",2022,3,6.67285714285714,35,7.95454545454545,6.08541666666667,6.5,6.5875,6.68387096774194,11,24,2,4,31,8307,4032,4275,572,1624,6683,7.01987587817503,7.71746749751984,6.36193683508772,6.46722027972028,6.87825431034483,7.05429057608858,250
"250",2022,4,6.5,45,7.33333333333333,5.77083333333333,6.16666666666667,5.625,6.68918918918919,21,24,3,8,37,8352,4053,4299,575,1632,6720,7.01707482279693,7.71547716506292,6.35863688532217,6.46565217391304,6.87211090686275,7.05228034523809,251
"251",2022,5,7.47857142857143,42,7.88636363636364,7.03,8,8.2,7.38108108108108,22,20,1,5,37,8394,4075,4319,576,1637,6757,7.0193839552061,7.71639974233129,6.36174576753878,6.46831597222222,6.87616676847892,7.05408079325144,252
"252",2022,6,7.07666666666667,30,7.48,6.875,8,8.375,6.87692307692308,10,20,1,4,26,8424,4085,4339,577,1641,6783,7.01958795346629,7.71582104039168,6.36411153952523,6.4709705372617,6.87982023156612,7.05340172784903,253
"253",2022,7,7.25132075471698,53,8.125,6.72181818181818,6.5,7.8,7.19416666666667,20,33,1,5,48,8477,4105,4372,578,1646,6831,7.02103679603633,7.71781460414129,6.366811521043,6.47102076124567,6.88261543134872,7.05439085346216,254
"254",2022,8,7.2425,40,8.4625,6.42916666666667,6.25,7.75,7.18611111111111,16,24,2,4,36,8517,4121,4396,580,1650,6867,7.02207689562052,7.72070588449405,6.36715194949954,6.47025862068965,6.88471818181818,7.05508139216543,255
"255",2022,9,7.27965625,32,7.66666666666667,6.93817647058824,6,7.36225,7.26785714285714,15,17,1,4,28,8549,4136,4413,581,1654,6895,7.0230410480758,7.72050990087041,6.36935168139587,6.46944922547332,6.88587303506651,7.05594545612763,256
"256",2022,10,6.33815789473684,38,7.62105263157895,5.05526315789474,7,6.6875,6.29705882352941,19,19,1,4,34,8587,4155,4432,582,1658,6929,7.02001023873297,7.7200551022864,6.36371817915162,6.47036082474227,6.88539445114596,7.05222166546399,257
"257",2022,11,6.96666666666667,42,7.8125,6.44615384615385,4.5,5.68,7.14054054054054,16,26,2,5,37,8629,4171,4458,584,1663,6966,7.01975059914242,7.72040972188923,6.36419896141767,6.46361301369863,6.88177029464823,7.05269077232271,258
"258",2022,12,6.9025641025641,39,7.76111111111111,6.16666666666667,3,5.41666666666667,7.17272727272727,18,21,2,6,33,8668,4189,4479,586,1669,6999,7.01922334102446,7.72058461446646,6.36327282205849,6.45179180887372,6.87650329538646,7.05325673953422,259
