"","year","month","avg_rating","no_ratings","avg_rating_owned","avg_rating_not_owned","avg_rating_prev_owned","avg_rating_comment","avg_rating_no_comment","no_ratings_owned","no_ratings_not_owned","no_ratings_prev_owned","no_ratings_comment","no_ratings_no_comment","cum_no_ratings","cum_no_ratings_owned","cum_no_ratings_not_owned","cum_no_ratings_prev_owned","cum_no_ratings_comment","cum_no_ratings_no_comment","cum_avg_rating","cum_avg_rating_owned","cum_avg_rating_not_owned","cum_avg_rating_prev_owned","cum_avg_rating_comment","cum_avg_rating_no_comment","month_after_release"
"1",2003,1,6.5,6,6.6,6,NA,8,6.2,5,1,0,1,5,6,5,1,0,1,5,6.5,6.6,6,NA,8,6.2,20
"2",2003,2,6,5,6,6,NA,6,6,4,1,0,2,3,11,9,2,0,3,8,6.27272727272727,6.33333333333333,6,NA,6.66666666666667,6.125,21
"3",2003,3,7.375,4,7.83333333333333,6,NA,7.16666666666667,8,3,1,0,3,1,15,12,3,0,6,9,6.56666666666667,6.70833333333333,6,NA,6.91666666666667,6.33333333333333,22
"4",2003,4,6.91666666666667,6,7.5,4,NA,7.75,6.5,5,1,0,2,4,21,17,4,0,8,13,6.66666666666667,6.94117647058824,5.5,NA,7.125,6.38461538461539,23
"5",2003,5,5.6,5,5.33333333333333,6,NA,5.75,5,3,2,0,4,1,26,20,6,0,12,14,6.46153846153846,6.7,5.66666666666667,NA,6.66666666666667,6.28571428571429,24
"6",2003,6,7,2,7,7,7,7,7,1,1,1,1,1,28,21,7,1,13,15,6.5,6.71428571428571,5.85714285714286,7,6.69230769230769,6.33333333333333,25
"7",2003,7,7,17,7.07142857142857,6.66666666666667,NA,7.5,6.84615384615385,14,3,0,4,13,45,35,10,1,17,28,6.68888888888889,6.85714285714286,6.1,7,6.88235294117647,6.57142857142857,26
"8",2003,8,6.55,10,6.78571428571429,6,NA,6.625,6.5,7,3,0,4,6,55,42,13,1,21,34,6.66363636363636,6.84523809523809,6.07692307692308,7,6.83333333333333,6.55882352941176,27
"9",2003,9,5.25,4,5.5,5,NA,NA,5.25,2,2,0,0,4,59,44,15,1,21,38,6.56779661016949,6.78409090909091,5.93333333333333,7,6.83333333333333,6.42105263157895,28
"10",2003,10,7.33333333333333,3,7,8,NA,NA,7.33333333333333,2,1,0,0,3,62,46,16,1,21,41,6.60483870967742,6.79347826086957,6.0625,7,6.83333333333333,6.48780487804878,29
"11",2003,11,5.66666666666667,3,5.5,6,6,6,5,2,1,1,2,1,65,48,17,2,23,42,6.56153846153846,6.73958333333333,6.05882352941176,6.5,6.76086956521739,6.45238095238095,30
"12",2003,12,4.66666666666667,3,6,2,NA,5,4.5,2,1,0,1,2,68,50,18,2,24,44,6.47794117647059,6.71,5.83333333333333,6.5,6.6875,6.36363636363636,31
"13",2004,1,6.83333333333333,6,6.8,7,NA,9,6.4,5,1,0,1,5,74,55,19,2,25,49,6.50675675675676,6.71818181818182,5.89473684210526,6.5,6.78,6.36734693877551,32
"14",2004,2,6.83333333333333,6,6.83333333333333,NA,NA,5.5,7.5,6,0,0,2,4,80,61,19,2,27,53,6.53125,6.72950819672131,5.89473684210526,6.5,6.68518518518519,6.45283018867925,33
"15",2004,3,7.29,10,7.87777777777778,2,NA,7.98,6.6,9,1,0,5,5,90,70,20,2,32,58,6.61555555555555,6.87714285714286,5.7,6.5,6.8875,6.46551724137931,34
"16",2004,4,6.83333333333333,6,7,6,NA,8,5.66666666666667,5,1,0,3,3,96,75,21,2,35,61,6.62916666666667,6.88533333333333,5.71428571428571,6.5,6.98285714285714,6.42622950819672,35
"17",2004,5,7,7,6.91666666666667,7.5,NA,6.625,7.5,6,1,0,4,3,103,81,22,2,39,64,6.65436893203883,6.88765432098765,5.79545454545455,6.5,6.94615384615385,6.4765625,36
"18",2004,6,9,1,9,NA,NA,NA,9,1,0,0,0,1,104,82,22,2,39,65,6.67692307692308,6.91341463414634,5.79545454545455,6.5,6.94615384615385,6.51538461538462,37
"19",2004,7,6.3,5,6.375,6,NA,6.5,6,4,1,0,3,2,109,86,23,2,42,67,6.65963302752294,6.88837209302326,5.80434782608696,6.5,6.91428571428571,6.5,38
"20",2004,8,7.14285714285714,7,7.14285714285714,NA,NA,7,7.5,7,0,0,5,2,116,93,23,2,47,69,6.68879310344828,6.90752688172043,5.80434782608696,6.5,6.92340425531915,6.52898550724638,39
"21",2004,9,7.65,10,7.72222222222222,7,NA,8.375,7.16666666666667,9,1,0,4,6,126,102,24,2,51,75,6.76507936507937,6.97941176470588,5.85416666666667,6.5,7.03725490196078,6.58,40
"22",2004,10,6.77777777777778,9,7.16666666666667,6,NA,6.8,6.75,6,3,0,5,4,135,108,27,2,56,79,6.76592592592593,6.98981481481481,5.87037037037037,6.5,7.01607142857143,6.58860759493671,41
"23",2004,11,6.83333333333333,6,7,6.66666666666667,NA,6.5,7,3,3,0,2,4,141,111,30,2,58,83,6.76879432624113,6.99009009009009,5.95,6.5,6.99827586206897,6.60843373493976,42
"24",2004,12,7,6,7,NA,NA,7,7,6,0,0,5,1,147,117,30,2,63,84,6.77823129251701,6.99059829059829,5.95,6.5,6.9984126984127,6.61309523809524,43
"25",2005,1,7.8,13,7.94545454545455,7,7,8.625,7.43333333333333,11,2,1,4,9,160,128,32,3,67,93,6.86125,7.07265625,6.015625,6.66666666666667,7.0955223880597,6.69247311827957,44
"26",2005,2,4.33333333333333,3,NA,4.33333333333333,5,4.33333333333333,NA,0,3,2,3,0,163,128,35,5,70,93,6.81472392638037,7.07265625,5.87142857142857,6,6.97714285714286,6.69247311827957,45
"27",2005,3,7.4,5,7.75,6,6,6.66666666666667,8.5,4,1,1,3,2,168,132,36,6,73,95,6.83214285714286,7.09318181818182,5.875,6,6.96438356164384,6.73052631578947,46
"28",2005,4,6.6,5,6.75,6,6,6.5,6.66666666666667,4,1,1,2,3,173,136,37,7,75,98,6.82543352601156,7.08308823529412,5.87837837837838,6,6.952,6.72857142857143,47
"29",2005,5,5.11111111111111,9,5.28571428571429,4.5,NA,4.25,5.8,7,2,0,4,5,182,143,39,7,79,103,6.74065934065934,6.99510489510489,5.80769230769231,6,6.81518987341772,6.68349514563107,48
"30",2005,6,7,7,7,NA,NA,8.5,6.4,7,0,0,2,5,189,150,39,7,81,108,6.75026455026455,6.99533333333333,5.80769230769231,6,6.85679012345679,6.67037037037037,49
"31",2005,7,8.21428571428571,7,8.1,8.5,8,9,7.16666666666667,5,2,1,4,3,196,155,41,8,85,111,6.80255102040816,7.03096774193548,5.9390243902439,6.25,6.95764705882353,6.68378378378378,50
"32",2005,8,6.35714285714286,7,7.1,4.5,5,6.9,5,5,2,1,5,2,203,160,43,9,90,113,6.7871921182266,7.033125,5.87209302325581,6.11111111111111,6.95444444444445,6.65398230088496,51
"33",2005,9,6.92307692307692,13,7.27272727272727,5,NA,7.42857142857143,6.33333333333333,11,2,0,7,6,216,171,45,9,97,119,6.79537037037037,7.04853801169591,5.83333333333333,6.11111111111111,6.98865979381443,6.63781512605042,52
"34",2005,10,7.08333333333333,12,7.2,6.5,NA,7.8,6.57142857142857,10,2,0,5,7,228,181,47,9,102,126,6.81052631578947,7.05690607734807,5.86170212765957,6.11111111111111,7.02843137254902,6.63412698412698,53
"35",2005,11,6.66666666666667,9,7,4,NA,7,6.25,8,1,0,5,4,237,189,48,9,107,130,6.80506329113924,7.05449735449735,5.82291666666667,6.11111111111111,7.02710280373832,6.62230769230769,54
"36",2005,12,6.60769230769231,13,6.95,5.46666666666667,NA,5.375,7.15555555555556,10,3,0,4,9,250,199,51,9,111,139,6.7948,7.04924623115578,5.80196078431372,6.11111111111111,6.96756756756757,6.6568345323741,55
"37",2006,1,7.27,10,7.5875,6,7,6.74,7.8,8,2,1,5,5,260,207,53,10,116,144,6.81307692307692,7.07004830917874,5.80943396226415,6.2,6.95775862068966,6.69652777777778,56
"38",2006,2,6.5,6,6.25,7,NA,6.33333333333333,6.66666666666667,4,2,0,3,3,266,211,55,10,119,147,6.80601503759399,7.05450236966825,5.85272727272727,6.2,6.94201680672269,6.69591836734694,57
"39",2006,3,6.94444444444444,9,6.94444444444444,NA,NA,7.625,6.4,9,0,0,4,5,275,220,55,10,123,152,6.81054545454545,7.05,5.85272727272727,6.2,6.96422764227642,6.68618421052632,58
"40",2006,4,6.5,3,7.25,5,NA,5,7.25,2,1,0,1,2,278,222,56,10,124,154,6.80719424460432,7.0518018018018,5.8375,6.2,6.94838709677419,6.69350649350649,59
"41",2006,5,7.5,5,7.5,NA,NA,9,6.5,5,0,0,2,3,283,227,56,10,126,157,6.81943462897526,7.06167400881057,5.8375,6.2,6.98095238095238,6.68980891719745,60
"42",2006,6,7,7,7.6,5.5,NA,7.5,6.8,5,2,0,2,5,290,232,58,10,128,162,6.82379310344828,7.07327586206897,5.82586206896552,6.2,6.9890625,6.69320987654321,61
"43",2006,7,6.3,5,7.25,5.66666666666667,7,7,6.125,2,3,1,1,4,295,234,61,11,129,166,6.81491525423729,7.07478632478632,5.81803278688524,6.27272727272727,6.98914728682171,6.67951807228916,62
"44",2006,8,7.16666666666667,12,7.09090909090909,8,NA,7,7.25,11,1,0,4,8,307,245,62,11,133,174,6.82866449511401,7.07551020408163,5.85322580645161,6.27272727272727,6.98947368421053,6.70574712643678,63
"45",2006,9,6.5,16,6.72727272727273,6,6,5.25,6.91666666666667,11,5,2,4,12,323,256,67,13,137,186,6.81238390092879,7.060546875,5.86417910447761,6.23076923076923,6.93868613138686,6.71935483870968,64
"46",2006,10,5.85714285714286,7,6.25,5.33333333333333,NA,6,5.83333333333333,4,3,0,1,6,330,260,70,13,138,192,6.79212121212121,7.04807692307692,5.84142857142857,6.23076923076923,6.93188405797102,6.69166666666667,65
"47",2006,11,6,8,6.16666666666667,5.5,NA,6,6,6,2,0,3,5,338,266,72,13,141,197,6.77337278106509,7.0281954887218,5.83194444444444,6.23076923076923,6.91205673758865,6.6741116751269,66
"48",2006,12,7.37272727272727,11,7.41,7,7,7.5,7.3,10,1,1,4,7,349,276,73,14,145,204,6.79226361031519,7.04202898550725,5.84794520547945,6.28571428571429,6.92827586206897,6.69558823529412,67
"49",2007,1,6.73684210526316,19,6.6875,7,NA,6.4,6.85714285714286,16,3,0,5,14,368,292,76,14,150,218,6.78940217391304,7.02260273972603,5.89342105263158,6.28571428571429,6.91066666666667,6.70596330275229,68
"50",2007,2,6.53461,14,6.74444444444444,6.156908,7,6.2,6.72050444444444,9,5,1,5,9,382,301,81,15,155,227,6.7800642408377,7.01428571428571,5.90968567901234,6.33333333333333,6.88774193548387,6.70653982378855,69
"51",2007,3,6.9,5,6.375,9,9,9,5.5,4,1,1,2,3,387,305,82,16,157,230,6.78161379844961,7.00590163934426,5.94737243902439,6.5,6.91464968152866,6.69080234782609,70
"52",2007,4,7.08333333333333,12,7.18181818181818,6,6,7.14285714285714,7,11,1,1,7,5,399,316,83,17,164,235,6.79068807017544,7.01202531645569,5.94800650602409,6.47058823529412,6.92439024390244,6.69738102127659,71
"53",2007,5,7.11111111111111,9,7.375,5,NA,7.5,7,8,1,0,2,7,408,324,84,17,166,242,6.7977562254902,7.02098765432099,5.93672071428571,6.47058823529412,6.93132530120482,6.70613446280992,72
"54",2007,6,7.3,14,7.62727272727273,6.1,6,7.84285714285714,6.75714285714286,11,3,1,7,7,422,335,87,18,173,249,6.81441834123223,7.04089552238806,5.94235103448276,6.44444444444444,6.96820809248555,6.70756843373494,73
"55",2007,7,4.66666666666667,3,7,3.5,NA,2,6,1,2,0,1,2,425,336,89,18,174,251,6.79925774117647,7.04077380952381,5.88746674157303,6.44444444444444,6.93965517241379,6.70193043824701,74
"56",2007,8,7.65384615384615,13,7.63636363636364,7.75,NA,7.875,7.55555555555556,11,2,0,4,9,438,347,91,18,178,260,6.82462223744292,7.05965417867435,5.92840153846154,6.44444444444444,6.96067415730337,6.731479,75
"57",2007,9,7.42857142857143,7,7.42857142857143,NA,NA,8,7.33333333333333,7,0,0,1,6,445,354,91,18,179,266,6.83412256179775,7.06694915254237,5.92840153846154,6.44444444444444,6.96648044692737,6.74505466165413,76
"58",2007,10,6.86333333333333,9,7.39571428571429,5,5,6.75666666666667,6.91666666666667,7,2,1,3,6,454,361,93,19,182,272,6.83470162995595,7.07332409972299,5.90843591397849,6.36842105263158,6.96302197802198,6.74884022058823,77
"59",2007,11,7.06666666666667,15,7.07142857142857,7,NA,7.4,6.9,14,1,0,5,10,469,375,94,19,187,282,6.842120554371,7.07325333333333,5.92004829787234,6.36842105263158,6.97470588235294,6.7542004964539,78
"60",2007,12,7.09090909090909,22,7.05555555555556,7.25,7.5,6.84615384615385,7.44444444444444,18,4,2,13,9,491,393,98,21,200,291,6.85326790224032,7.0724427480916,5.97433204081632,6.47619047619048,6.96635,6.77554824742268,79
"61",2008,1,7.28571428571429,21,7.53125,6.5,NA,7.33333333333333,7.22222222222222,16,5,0,12,9,512,409,103,21,212,300,6.8710049609375,7.09039119804401,5.99984990291262,6.47619047619048,6.98712264150943,6.78894846666667,80
"62",2008,2,7.32142857142857,14,7.32142857142857,NA,NA,7.33333333333333,7.3125,14,0,0,6,8,526,423,103,21,218,308,6.88299342205323,7.0980378250591,5.99984990291262,6.47619047619048,6.99665137614679,6.80254720779221,81
"63",2008,3,6.61538461538461,13,6.8,6,5,7.4,6.125,10,3,2,5,8,539,433,106,23,223,316,6.87653903525046,7.09115473441109,5.99985415094339,6.34782608695652,7.00569506726457,6.78539411392405,82
"64",2008,4,7.52222222222222,9,7.5,7.7,NA,7.35,7.57142857142857,8,1,0,2,7,548,441,107,23,225,323,6.88714332116788,7.09857142857143,6.01574336448598,6.34782608695652,7.00875555555556,6.80242891640867,83
"65",2008,5,6.20454545454545,11,6.9375,4.25,NA,6.6875,5.92857142857143,8,3,0,4,7,559,449,110,23,229,330,6.8737111627907,7.09570155902004,5.96758672727273,6.34782608695652,7.00314410480349,6.78389254545454,84
"66",2008,6,7.26923076923077,13,7.375,6,NA,6.75,7.36363636363636,12,1,0,2,11,572,461,111,23,231,341,6.88270024475524,7.10297180043384,5.96787873873874,6.34782608695652,7.00095238095238,6.80259395894428,85
"67",2008,7,6.82142857142857,14,7.05,6.25,5.5,7.2,6.67,10,4,2,4,10,586,471,115,25,235,351,6.88123641638225,7.10184713375796,5.97769165217391,6.28,7.00434042553191,6.79881635327635,86
"68",2008,8,6.95,15,7.11363636363636,6.5,5,5.5,7.47727272727273,11,4,2,4,11,601,482,119,27,239,362,6.88295264559068,7.10211618257261,5.99524823529412,6.18518518518519,6.97916317991632,6.81943243093923,87
"69",2008,9,6.75,10,7.3,6.2,5.5,6.5,6.91666666666667,5,5,2,4,6,611,487,124,29,243,368,6.88077666121113,7.1041478439425,6.00350435483871,6.13793103448276,6.97127572016461,6.82101777173913,88
"70",2008,10,6.72727272727273,11,7.57142857142857,5.25,5,7,6.625,7,4,2,3,8,622,494,128,31,246,376,6.87806196141479,7.11076923076923,5.97995734375,6.06451612903226,6.97162601626016,6.81684718085106,89
"71",2008,11,6.27272727272727,11,7.28571428571429,4.5,5.5,6.66666666666667,6.125,7,4,2,3,8,633,501,132,33,249,384,6.86754271721959,7.11321357285429,5.93511015151515,6.03030303030303,6.96795180722892,6.80243369791667,90
"72",2008,12,7.08333333333333,6,7.08333333333333,NA,NA,7.5,6.875,6,0,0,2,4,639,507,132,33,251,388,6.86956892018779,7.11285996055227,5.93511015151515,6.03030303030303,6.97219123505976,6.80318180412371,91
"73",2009,1,6.66666666666667,12,6.54545454545455,8,8,6.33333333333333,6.77777777777778,11,1,1,3,9,651,518,133,34,254,397,6.86582878648233,7.10081081081081,5.95063563909774,6.08823529411765,6.96464566929134,6.80260589420655,92
"74",2009,2,6.33333333333333,18,6.59090909090909,5.92857142857143,6,6.75,6.125,11,7,2,6,12,669,529,140,36,260,409,6.85150155455904,7.09020793950851,5.94953242857143,6.08333333333333,6.95969230769231,6.78272503667482,93
"75",2009,3,6.90476190476191,21,7.03333333333333,6.58333333333333,6.5,7.64285714285714,6.53571428571429,15,6,1,7,14,690,544,146,37,267,423,6.85312252173913,7.08863970588235,5.97557904109589,6.09459459459459,6.97760299625468,6.77454973995272,94
"76",2009,4,7.40476190476191,21,7.6,6.91666666666667,6.75,7.55555555555556,7.29166666666667,15,6,4,9,12,711,559,152,41,276,435,6.86941566807314,7.10236135957066,6.0127272368421,6.15853658536585,6.99644927536232,6.78881503448276,95
"77",2009,5,6.40909090909091,22,6.67857142857143,5.9375,6.5,6.68181818181818,6.13636363636364,14,8,6,11,11,733,573,160,47,287,446,6.85559964529331,7.09200698080279,6.008965875,6.20212765957447,6.98439024390244,6.7727231838565,96
"78",2009,6,6.53846153846154,13,7,6,5.5,7.3,6.0625,7,6,2,5,8,746,580,166,49,292,454,6.85007310991957,7.09089655172414,6.00864180722891,6.1734693877551,6.98979452054795,6.76020823788546,97
"79",2009,7,7.21875,16,7.65384615384615,5.33333333333333,5.66666666666667,6.9375,7.5,13,3,3,8,8,762,593,169,52,300,462,6.85781435695538,7.10323777403035,5.99665408284024,6.14423076923077,6.9884,6.77301848484848,98
"80",2009,8,7.125,12,7.6,6.78571428571429,6.33333333333333,7.5,6.9375,5,7,3,4,8,774,598,176,55,304,470,6.86195677002584,7.10739130434782,6.02803715909091,6.15454545454545,6.99513157894737,6.77581817021276,99
"81",2009,9,6.54545454545455,11,7,5.33333333333333,5.33333333333333,5.66666666666667,6.875,8,3,3,3,8,785,606,179,58,307,478,6.85752170700637,7.10597359735973,6.01639407821229,6.11206896551724,6.98214983713355,6.77747811715481,100
"82",2009,10,6.83333333333333,12,7,6.66666666666667,6.5,6.33333333333333,7,6,6,4,3,9,797,612,185,62,310,487,6.85715751568381,7.10493464052287,6.037484,6.13709677419355,6.97587096774194,6.7815904312115,101
"83",2009,11,6.82,10,6.64,7,10,5.85,7.0625,5,5,1,2,8,807,617,190,63,312,495,6.8566970755886,7.10116693679092,6.06281336842105,6.1984126984127,6.96865384615385,6.78613038383838,102
"84",2009,12,7.48,10,7.725,6.5,7,9,7.31111111111111,8,2,1,1,9,817,625,192,64,313,504,6.86432624235006,7.109152,6.06736739583333,6.2109375,6.97514376996805,6.79550503968254,103
"85",2010,1,6.9,10,7.5,6.3,6.16666666666667,7.5,6,5,5,3,6,4,827,630,197,67,319,508,6.86475760580411,7.11225396825397,6.07327177664974,6.2089552238806,6.98501567398119,6.78924122047244,104
"86",2010,2,7.5,4,7.5,7.5,7,8,7.33333333333333,2,2,1,1,3,831,632,199,68,320,511,6.86781533092659,7.11348101265823,6.08761075376884,6.22058823529412,6.9881875,6.79243549902153,105
"87",2010,3,7.83333333333333,9,7.83333333333333,7.83333333333333,8.25,NA,7.83333333333333,6,3,2,0,9,840,638,202,70,320,520,6.87816016666667,7.12025078369906,6.11353732673267,6.27857142857143,6.9881875,6.81045103846154,106
"88",2010,4,7.75,2,7.75,NA,NA,9.5,6,2,0,0,1,1,842,640,202,70,321,521,6.88023104513064,7.12221875,6.11353732673267,6.27857142857143,6.99601246105919,6.80889547024952,107
"89",2010,5,6.625,4,7,6.25,6,6,7.25,2,2,1,2,2,846,642,204,71,323,523,6.87902427895981,7.12183800623053,6.11487519607843,6.27464788732394,6.98984520123839,6.81058229445507,108
"90",2010,6,7.66666666666667,3,9,7,7,8,7,1,2,1,2,1,849,643,206,72,325,524,6.88180746760895,7.12475894245723,6.1234686407767,6.28472222222222,6.99606153846154,6.81094377862595,109
"91",2010,7,6.15384615384615,13,6.875,5,5.75,4.5,6.45454545454545,8,5,2,2,11,862,651,211,74,327,535,6.87082893271462,7.12168970814132,6.09684616113744,6.27027027027027,6.98079510703364,6.80361596261682,110
"92",2010,8,7.63636363636364,11,8.25,6,8,8.33333333333333,7.375,8,3,1,3,8,873,659,214,75,330,543,6.88047484536082,7.13538694992413,6.0954885046729,6.29333333333333,6.99309090909091,6.81203414364641,111
"93",2010,9,7.33333333333333,3,9,6.5,6.5,6,8,1,2,2,1,2,876,660,216,77,331,545,6.88202573059361,7.13821212121212,6.09923398148148,6.2987012987013,6.99009063444109,6.81639365137615,112
"94",2010,10,6.2,5,6.2,NA,4,8,5.75,5,0,1,1,4,881,665,216,78,332,549,6.87815498297389,7.13115789473684,6.09923398148148,6.26923076923077,6.99313253012048,6.80862393442623,113
"95",2010,11,6,8,6.8,4.66666666666667,4,7,5.4,5,3,2,3,5,889,670,219,80,335,554,6.87025257592801,7.12868656716418,6.0796097716895,6.2125,6.99319402985075,6.79591072202166,114
"96",2010,12,6.2,10,7,5.66666666666667,NA,6.66666666666667,6,4,6,0,3,7,899,674,225,80,338,561,6.86279704115684,7.12792284866469,6.06859795555555,6.2125,6.99029585798816,6.78597957219251,115
"97",2011,1,7,7,6.8,7.5,NA,7,7,5,2,0,1,6,906,679,227,80,339,567,6.86385710816777,7.12550810014727,6.08120942731277,6.2125,6.99032448377581,6.78824433862434,116
"98",2011,2,6.375,10,6.59375,5.5,5,6.58333333333333,6.28571428571429,8,2,1,3,7,916,687,229,81,342,574,6.85852024017467,7.11931586608442,6.07613336244541,6.19753086419753,6.98675438596491,6.78211592334495,117
"99",2011,3,6.875,8,6.83333333333333,7,NA,7,6.8,6,2,0,3,5,924,693,231,81,345,579,6.85866292207792,7.11683982683983,6.08413220779221,6.19753086419753,6.98686956521739,6.7822703626943,118
"100",2011,4,7.28571428571429,7,8,6.75,6.75,6.5,7.6,3,4,4,2,5,931,696,235,85,347,584,6.86187383458647,7.12064655172414,6.09546612765957,6.22352941176471,6.98406340057637,6.78927147260274,119
"101",2011,5,6.33333333333333,6,6.66666666666667,6,6,NA,6.33333333333333,3,3,1,0,6,937,699,238,86,347,590,6.85848937033084,7.11869814020029,6.09426277310924,6.22093023255814,6.98406340057637,6.78463481355932,120
"102",2011,6,7.25,8,7.35714285714286,6.5,NA,6,7.42857142857143,7,1,0,1,7,945,706,239,86,348,597,6.86180374603175,7.12106232294617,6.09596041841004,6.22093023255814,6.98123563218391,6.79218515912898,121
"103",2011,7,6.1875,8,6.875,5.5,4.5,5,6.9,4,4,2,3,5,953,710,243,88,351,602,6.85614327387198,7.11967605633803,6.08615037037037,6.18181818181818,6.96430199430199,6.79308063122924,122
"104",2011,8,7.6,5,8,7.33333333333333,7.5,8.5,7,2,3,2,2,3,958,712,246,90,353,605,6.86002561586639,7.12214887640449,6.10135991869919,6.21111111111111,6.97300283286119,6.79410667768595,123
"105",2011,9,6.48333333333333,6,6.75,5.95,5.95,8.5,6.08,4,2,2,1,5,964,716,248,92,354,610,6.85768105809129,7.12006983240223,6.10013927419355,6.2054347826087,6.97731638418079,6.7882533442623,124
"106",2011,10,8,5,8,NA,NA,7,8.25,5,0,0,1,4,969,721,248,92,355,614,6.86357537667699,7.12617198335645,6.10013927419355,6.2054347826087,6.97738028169014,6.7977761237785,125
"107",2011,11,6.225,12,7.08333333333333,5.36666666666667,5,7,6.15454545454545,6,6,3,1,11,981,727,254,95,356,625,6.85576405708461,7.12581843191197,6.0828131496063,6.16736842105263,6.97744382022472,6.786455264,126
"108",2011,12,6.55,10,6.38888888888889,8,NA,7.16666666666667,6.28571428571429,9,1,0,3,7,991,736,255,95,359,632,6.85267864783047,7.11680706521739,6.09033152941176,6.16736842105263,6.97902506963788,6.78090908227848,127
"109",2012,1,7.14166666666667,12,7.57,5,NA,8.66666666666667,6.63333333333333,10,2,0,3,9,1003,746,257,95,362,641,6.85613613160518,7.12288203753351,6.08184645914397,6.16736842105263,6.99301104972376,6.77883703588143,128
"110",2012,2,7.4,10,7.5,7,8,8,6.8,8,2,1,5,5,1013,754,259,96,367,646,6.86150497532083,7.12688328912467,6.08893644787645,6.18645833333333,7.00673024523161,6.77900083591331,129
"111",2012,3,7.16666666666667,6,7,7.5,6,7,7.33333333333333,4,2,1,3,3,1019,758,261,97,370,649,6.86330180569185,7.12621372031662,6.0997491954023,6.18453608247423,7.00667567567567,6.7815632357473,130
"112",2012,4,7.38571428571429,14,8.24,5.25,5.8,8.5,6.94,10,4,5,4,10,1033,768,265,102,374,659,6.87038193610842,7.14071614583333,6.08692279245283,6.1656862745098,7.02264705882353,6.78396743550834,131
"113",2012,5,7.9,10,8.42857142857143,6.66666666666667,7,7.33333333333333,8.14285714285714,7,3,1,3,7,1043,775,268,103,377,666,6.8802536337488,7.15234838709677,6.09341246268657,6.17378640776699,7.02511936339523,6.79825006006006,132
"114",2012,6,6.66666666666667,6,7,5,5,7,6.5,5,1,1,2,4,1049,780,269,104,379,670,6.87903197330791,7.15137179487179,6.08934773234201,6.1625,7.02498680738786,6.79646946268657,133
"115",2012,7,6.45272727272727,11,6.64285714285714,6.12,6.1,NA,6.45272727272727,7,4,1,0,11,1060,787,273,105,379,681,6.87460805660377,7.14684879288437,6.08979684981685,6.16190476190476,7.02498680738786,6.79091709251101,134
"116",2012,8,7,3,8,5,NA,9,6,2,1,0,1,2,1063,789,274,105,380,683,6.87496193791157,7.1490114068441,6.08581948905109,6.16190476190476,7.03018421052632,6.78860108345534,135
"117",2012,9,6.8125,8,7.3,6,7,9,6.5,5,3,2,1,7,1071,794,277,107,381,690,6.87449536881419,7.14996221662468,6.08489003610108,6.17757009345794,7.03535433070866,6.78567324637681,136
"118",2012,10,7.15625,8,7.875,5,7,5.58333333333333,8.1,6,2,1,3,5,1079,800,279,108,384,695,6.87658437442076,7.1554,6.07711304659498,6.18518518518519,7.02401041666667,6.79512883453237,137
"119",2012,11,6.27777777777778,9,7,4.83333333333333,NA,6.5,6.1,6,3,0,4,5,1088,806,282,108,388,700,6.87163101102941,7.15424317617866,6.06388134751773,6.18518518518519,7.01860824742268,6.79016362857143,138
"120",2012,12,7.6,5,7.75,7,7,NA,7.6,4,1,1,0,5,1093,810,283,109,388,705,6.87496298261665,7.15718518518518,6.06718918727915,6.19266055045872,7.01860824742268,6.79590714893617,139
"121",2013,1,7.16666666666667,9,8.25,5,6,6,7.3125,6,3,2,1,8,1102,816,286,111,389,713,6.87734531760435,7.16522058823529,6.05599489510489,6.18918918918919,7.01598971722365,6.80170342215989,140
"122",2013,2,8.33333333333333,6,8.33333333333333,NA,NA,9,8.2,6,0,0,1,5,1108,822,286,111,390,718,6.88522972924188,7.17374695863747,6.05599489510489,6.18918918918919,7.02107692307692,6.81144086350975,141
"123",2013,3,5.5,4,NA,5.5,NA,NA,5.5,0,4,0,0,4,1112,822,290,111,390,722,6.88024688848921,7.17374695863747,6.048326,6.18918918918919,7.02107692307692,6.80417526315789,142
"124",2013,4,7.91666666666667,6,8.2,6.5,6.5,7.91666666666667,NA,5,1,1,6,0,1118,827,291,112,396,722,6.88580906976744,7.17995163240629,6.0498781443299,6.19196428571429,7.03464646464646,6.80417526315789,143
"125",2013,5,7,1,7,NA,NA,NA,7,1,0,0,0,1,1119,828,291,112,396,723,6.88591111706881,7.17973429951691,6.0498781443299,6.19196428571429,7.03464646464646,6.80444611341632,144
"126",2013,6,7.25,4,8,6.5,6,NA,7.25,2,2,1,0,4,1123,830,293,113,396,727,6.88720796081923,7.18171084337349,6.05295064846416,6.19026548672566,7.03464646464646,6.80689757909216,145
"127",2013,7,7.6,5,8,6,8,7.5,7.66666666666667,4,1,1,2,3,1128,834,294,114,398,730,6.8903675,7.18563549160671,6.05277054421769,6.20614035087719,7.03698492462312,6.81043087671233,146
"128",2013,8,6.97727272727273,11,8.2,5.95833333333333,6.375,6.58333333333333,7.125,5,6,2,3,8,1139,839,300,116,401,738,6.89120679543459,7.19168057210965,6.0508818,6.20905172413793,7.03359102244389,6.8138408401084,147
"129",2013,9,7.4625,8,7.83333333333333,6.35,NA,7,7.52857142857143,6,2,0,1,7,1147,845,302,116,402,745,6.89519140366172,7.19623668639053,6.05286271523179,6.20905172413793,7.03350746268657,6.8205564295302,148
"130",2013,10,7.33333333333333,9,7.33333333333333,NA,NA,6.5,7.4375,9,0,0,1,8,1156,854,302,116,403,753,6.89860254325259,7.19768149882904,6.05286271523179,6.20905172413793,7.03218362282878,6.82711094289508,149
"131",2013,11,7.6225,40,7.80588235294118,6.58333333333333,6,7.80555555555556,7.47272727272727,34,6,2,18,22,1196,888,308,118,421,775,6.92281316053512,7.22096846846847,6.06319655844156,6.20550847457627,7.06524940617577,6.84543811612903,150
"132",2013,12,7.6197619047619,42,7.97147058823529,6.125,6,7.29166666666667,7.751,34,8,2,12,30,1238,922,316,120,433,805,6.94645762520194,7.2486442516269,6.06476120253164,6.20208333333333,7.07152424942263,6.87918576397515,151
"133",2014,1,7.49387755102041,49,7.83939393939394,6.78125,7,7.15384615384615,7.61666666666667,33,16,6,13,36,1287,955,332,126,446,841,6.96729956487957,7.26905759162303,6.09929078313253,6.24007936507936,7.07392376681614,6.91075450653983,152
"134",2014,2,7.4,32,7.70869565217391,6.61111111111111,6.33333333333333,7.6,7.36296296296296,23,9,3,5,27,1319,978,341,129,451,868,6.97779722517058,7.27939672801636,6.11279923753666,6.2422480620155,7.07975609756098,6.92482089861751,153
"135",2014,3,7.61764705882353,17,8,5.83333333333333,6,7.5,7.68181818181818,14,3,1,6,11,1336,992,344,130,457,879,6.98593902694611,7.28956653225806,6.11036203488372,6.24038461538461,7.08527352297593,6.93429412969283,154
"136",2014,4,6.88888888888889,18,6.84615384615385,7,7,6.9,6.88461538461539,13,5,4,5,13,1354,1005,349,134,462,892,6.9846488478582,7.28383084577114,6.12310756446991,6.26305970149254,7.0832683982684,6.93357011210762,155
"137",2014,5,7.0625,16,7.54166666666667,5.625,5,7,7.07142857142857,12,4,3,2,14,1370,1017,353,137,464,906,6.98555805839416,7.28687315634218,6.11746328611898,6.23540145985401,7.08290948275862,6.93570037527594,156
"138",2014,6,6.79411764705882,17,6.90625,5,NA,7,6.65,16,1,0,7,10,1387,1033,354,137,471,916,6.98321163662581,7.28097773475314,6.11430661016949,6.23540145985401,7.08167728237792,6.93258137554585,157
"139",2014,7,7.64,20,7.68333333333333,7.25,7.25,8.4,7.23076923076923,18,2,2,7,13,1407,1051,356,139,478,929,6.9925476474769,7.28786869647954,6.12068691011236,6.25,7.10098326359833,6.93675407965554,158
"140",2014,8,6.23913043478261,23,7.2,4.4375,5.125,6.66666666666667,6.175,15,8,4,3,20,1430,1066,364,143,481,949,6.98042974825175,7.28663227016885,6.08369379120879,6.21853146853147,7.09827442827443,6.92070025289778,159
"141",2014,9,6.83529411764706,17,7.01333333333333,5.5,5.5,5.425,7.26923076923077,15,2,2,4,13,1447,1081,366,145,485,962,6.97872463026952,7.28283996299722,6.08050420765027,6.20862068965517,7.08447422680412,6.92541012474012,160
"142",2014,10,6.94736842105263,19,6.9,7.125,7.125,6.8,7,15,4,4,5,14,1466,1096,370,149,490,976,6.97831824010914,7.2776003649635,6.09179605405405,6.23322147651007,7.08157142857143,6.92648006147541,161
"143",2014,11,6.81716666666667,30,6.83333333333333,6.7525,7,6.41666666666667,7.08416666666667,24,6,3,12,18,1496,1120,376,152,502,994,6.97508659090909,7.26808035714286,6.10233920212766,6.24835526315789,7.06567729083665,6.92933555331992,162
"144",2014,12,7.61538461538461,26,8.15,5.83333333333333,6.33333333333333,8.28571428571429,7.36842105263158,20,6,3,7,19,1522,1140,382,155,509,1013,6.98602466491459,7.28355263157895,6.09811397905759,6.25,7.0824557956778,6.93757111549852,163
"145",2015,1,6.3046875,32,6.67,5,5.33333333333333,6,6.325,25,7,3,2,30,1554,1165,389,158,511,1043,6.97199455598455,7.27038626609442,6.07835357326478,6.23259493670886,7.07821917808219,6.91995162032598,164
"146",2015,2,6.92608695652174,23,7.17368421052632,5.75,5.66666666666667,6.85,6.96666666666667,19,4,3,8,15,1577,1184,393,161,519,1058,6.97132500951173,7.26883445945946,6.07501155216285,6.22204968944099,7.07470134874759,6.92061393194707,165
"147",2015,3,6.83333333333333,24,7.11764705882353,6.14285714285714,6,6.625,6.9375,17,7,6,8,16,1601,1201,400,167,527,1074,6.96925642723298,7.26669442131557,6.07619885,6.21407185628743,7.06787476280835,6.92086549348231,166
"148",2015,4,7.07142857142857,21,7.21176470588235,6.475,5.95,7.25,7.02941176470588,17,4,2,4,17,1622,1218,404,169,531,1091,6.97057924784217,7.26592775041051,6.08014737623762,6.21094674556213,7.06924670433145,6.92255686526123,167
"149",2015,5,5.975,16,6.36363636363636,5.12,6,7.66666666666667,5.58461538461538,11,5,1,3,13,1638,1229,409,170,534,1104,6.96085442002442,7.25785191212368,6.06840963325183,6.20970588235294,7.07260299625468,6.90680211956522,168
"150",2015,6,7.32608695652174,23,7.45,6.5,NA,6.78571428571429,7.5625,20,3,0,7,16,1661,1249,412,170,541,1120,6.96591182420229,7.26092874299439,6.0715522815534,6.20970588235294,7.06889094269871,6.91616923214286,169
"151",2015,7,6.38,20,6.48181818181818,6.25555555555556,7,6.66666666666667,6.32941176470588,11,9,4,3,17,1681,1260,421,174,544,1137,6.9589408328376,7.25412698412698,6.0754858432304,6.22787356321839,7.06667279411765,6.90739625329815,170
"152",2015,8,6.55952380952381,21,6.82894736842105,4,6.5,6.71428571428571,6.48214285714286,19,2,2,7,14,1702,1279,423,176,551,1151,6.95401265569918,7.24781078967944,6.0656726713948,6.23096590909091,7.06219600725953,6.90222375325803,171
"153",2015,9,7.63636363636364,11,7.63636363636364,NA,NA,7.125,7.92857142857143,11,0,0,4,7,1713,1290,423,176,555,1158,6.95839436077058,7.25112403100775,6.0656726713948,6.23096590909091,7.06264864864865,6.90842792746114,172
"154",2015,10,6.76176470588235,17,6.8125,6.64,6.66666666666667,6.66666666666667,6.78214285714286,12,5,3,3,14,1730,1302,428,179,558,1172,6.95646216184971,7.24708141321044,6.07238210280374,6.23826815642458,7.06051971326165,6.90691940273037,173
"155",2015,11,7.16315789473684,19,7.60666666666667,5.5,8.21666666666667,6.5,7.24117647058824,15,4,3,2,17,1749,1317,432,182,560,1189,6.95870757004002,7.25117691723614,6.06708226851852,6.27087912087912,7.05851785714286,6.91169851976451,174
"156",2015,12,7,14,7,NA,NA,6.42857142857143,7.57142857142857,14,0,0,7,7,1763,1331,432,182,567,1196,6.9590354736245,7.24853493613824,6.06708226851852,6.27087912087912,7.05074074074074,6.91555981605351,175
"157",2016,1,6.59,30,6.65555555555556,6,6.5,6.5,6.62272727272727,27,3,2,8,22,1793,1358,435,184,575,1218,6.9528608700502,7.23674521354934,6.06661963218391,6.27336956521739,7.04307826086957,6.91027055829228,176
"158",2016,2,8,10,8,8,NA,7.5,8.125,8,2,0,2,8,1803,1366,437,184,577,1226,6.95866863006101,7.24121522693997,6.07546805491991,6.27336956521739,7.04466204506066,6.91819701468189,177
"159",2016,3,6.77272727272727,11,7.08333333333333,6.4,6.5,6,6.94444444444444,6,5,4,2,9,1814,1372,442,188,579,1235,6.95754109151047,7.24052478134111,6.07913923076923,6.2781914893617,7.04105354058722,6.91838829149797,178
"160",2016,4,6.81578947368421,19,6.85714285714286,6.7,7,7.25,6.7,14,5,2,4,15,1833,1386,447,190,583,1250,6.95607176213857,7.23665223665224,6.08608398210291,6.28578947368421,7.042487135506,6.915767632,179
"161",2016,5,7.21052631578947,19,7.1875,7.33333333333333,8,7.33333333333333,7.1875,16,3,1,3,16,1852,1402,450,191,586,1266,6.95868225701944,7.2360912981455,6.09439897777778,6.29476439790576,7.04397610921502,6.91920184834123,180
"162",2016,6,7,20,7.26666666666667,6.2,5.66666666666667,7.5,6.94444444444444,15,5,3,2,18,1872,1417,455,194,588,1284,6.95912368589744,7.2364149611856,6.09555942857143,6.28505154639175,7.04552721088435,6.9195557165109,181
"163",2016,7,6.16666666666667,12,6.28571428571429,6,6.16666666666667,7.125,5.6875,7,5,3,4,8,1884,1424,460,197,592,1292,6.95407618895966,7.23174157303371,6.09452073913043,6.28324873096447,7.04606418918919,6.91192688854489,182
"164",2016,8,7.02,15,6.98333333333333,7.16666666666667,7,7.125,6.98181818181818,12,3,2,4,11,1899,1436,463,199,596,1303,6.95459691416535,7.22966573816156,6.10146768898488,6.29045226130653,7.04659395973154,6.91251691481197,183
"165",2016,9,7,17,7.33333333333333,4.5,NA,6.66666666666667,7.18181818181818,15,2,0,6,11,1916,1451,465,199,602,1314,6.95499975991649,7.23073742246726,6.09457965591398,6.29045226130653,7.0428073089701,6.91477133942161,184
"166",2016,10,6.83076923076923,13,7.48,4.66666666666667,5.5,4.5,7.25454545454545,10,3,2,2,11,1929,1461,468,201,604,1325,6.95416254017626,7.23244353182751,6.08542636752137,6.28258706467662,7.03438741721854,6.91759210566037,185
"167",2016,11,7.19230769230769,13,7.16666666666667,7.5,NA,7.5,6.92857142857143,12,1,0,6,7,1942,1473,469,201,610,1332,6.95575671472708,7.23190767141887,6.08844251599147,6.28258706467662,7.03896721311475,6.9176498048048,186
"168",2016,12,7.04736842105263,19,7.575,6.14285714285714,5.5,6.85,7.1,12,7,2,4,15,1961,1485,476,203,614,1347,6.9566443345232,7.23468013468013,6.08924273109244,6.27487684729064,7.03773615635179,6.91968043058649,187
"169",2017,1,7.055,20,7.42307692307692,6.37142857142857,7.12,8.375,6.725,13,7,5,4,16,1981,1498,483,208,618,1363,6.95763732458354,7.23631508678237,6.09333238095238,6.29519230769231,7.04639158576052,6.91739511371973,188
"170",2017,2,7.42857142857143,14,8.875,5.5,5.25,NA,7.42857142857143,8,6,4,0,14,1995,1506,489,212,618,1377,6.96094212531328,7.24501992031872,6.08605222903885,6.27547169811321,7.04639158576052,6.92259225853304,189
"171",2017,3,7.26666666666667,15,7.9,6,6,7,7.36363636363636,10,5,3,4,11,2010,1516,494,215,622,1388,6.96322365174129,7.24934036939314,6.08518125506073,6.27162790697674,7.04609324758842,6.9260875648415,190
"172",2017,4,7.52941176470588,17,8.07692307692308,5.75,NA,8.33333333333333,7.09090909090909,13,4,0,6,11,2027,1529,498,215,628,1399,6.96797214602861,7.25637671680837,6.08248903614458,6.27162790697674,7.05839171974522,6.92738351679771,191
"173",2017,5,6.04545454545455,11,6.64285714285714,5,5.5,6.6,5.58333333333333,7,4,2,5,6,2038,1536,502,217,633,1405,6.96299290480863,7.25358072916666,6.07386362549801,6.26451612903226,7.05477093206951,6.92164380071174,192
"174",2017,6,6.825,20,7.03125,6,5.5,6.7,6.86666666666667,16,4,2,5,15,2058,1552,506,219,638,1420,6.96165186588921,7.25128865979381,6.07327972332016,6.25753424657534,7.05199059561129,6.92106305633803,193
"175",2017,7,7.125,8,7.16666666666667,7,7,7.5,7,6,2,2,2,6,2066,1558,508,221,640,1426,6.96228438528558,7.25096277278562,6.07692822834646,6.26425339366516,7.053390625,6.92139518934081,194
"176",2017,8,6.21428571428571,21,6.46875,5.4,6,7.3,5.875,16,5,3,5,16,2087,1574,513,224,645,1442,6.95475780546239,7.24301143583227,6.07033048732943,6.26071428571429,7.0553023255814,6.90978470180305,195
"177",2017,9,7.21428571428571,21,7.46428571428571,6.71428571428571,7,8,6.9,14,7,3,6,15,2108,1588,520,227,651,1457,6.95734323529412,7.24496221662468,6.07899911538462,6.2704845814978,7.06400921658986,6.90968396705559,196
"178",2017,10,6.72727272727273,11,7.2,6.33333333333333,7,8.33333333333333,6.125,5,6,2,3,8,2119,1593,526,229,654,1465,6.95614890986314,7.24482109227872,6.0819002661597,6.27685589519651,7.06983180428135,6.90539900341297,197
"179",2017,11,6.73333333333333,15,6.90909090909091,6.25,6,6.9375,6.5,11,4,2,8,7,2134,1604,530,231,662,1472,6.95458272727273,7.24251870324189,6.08316894339623,6.27445887445888,7.06823262839879,6.9034711548913,198
"180",2017,12,6.5,10,6.75,5.5,6,5.5,6.75,8,2,1,2,8,2144,1612,532,232,664,1480,6.95246247201492,7.24007444168734,6.08097657894737,6.27327586206897,7.06350903614458,6.90264158108108,199
"181",2018,1,6.875,16,7.4,6,6.5,7.4,6.63636363636364,10,6,4,5,11,2160,1622,538,236,669,1491,6.95188867592593,7.24106041923551,6.08007349442379,6.2771186440678,7.06602391629297,6.90067708920188,200
"182",2018,2,6.82352941176471,17,7.33333333333333,5.6,5.6,7.5,6.35,12,5,5,7,10,2177,1634,543,241,676,1501,6.95088632981167,7.24173806609547,6.07565292817679,6.26307053941909,7.07051775147929,6.89700835443038,201
"183",2018,3,6.53846153846154,13,7.83333333333333,5.42857142857143,6,7.66666666666667,6.2,6,7,2,3,10,2190,1640,550,243,679,1511,6.94843814611872,7.24390243902439,6.06741734545454,6.26090534979424,7.07315169366716,6.89239545996029,202
"184",2018,4,6.95769230769231,13,7.35714285714286,6.49166666666667,5.98333333333333,10,6.70416666666667,7,6,3,1,12,2203,1647,556,246,680,1523,6.94849275533364,7.24438372799028,6.07199557553957,6.25752032520325,7.07745588235294,6.89091237032173,203
"185",2018,5,6.52384615384615,13,6.75666666666667,6,8,6.33333333333333,6.581,9,4,1,3,10,2216,1656,560,247,683,1533,6.94600159747292,7.24173309178744,6.07148132142857,6.26457489878543,7.07418740849195,6.88889076320939,204
"186",2018,6,6.54545454545455,11,7,5.33333333333333,5,6.33333333333333,6.8,8,3,1,6,5,2227,1664,563,248,689,1538,6.94402314324203,7.24057091346154,6.06754802841918,6.25947580645161,7.0677358490566,6.88860178153446,205
"187",2018,7,6.77083333333333,12,7.11428571428571,6.29,6.29,6,6.84090909090909,7,5,5,1,11,2239,1671,568,253,690,1549,6.94309492630639,7.24004189108318,6.06950623239436,6.2600790513834,7.0661884057971,6.8882630987734,206
"188",2018,8,7.42307692307692,13,7.5,6.5,NA,6.75,7.72222222222222,12,1,0,4,9,2252,1683,569,253,694,1558,6.94586569271758,7.2418954248366,6.07026281195079,6.2600790513834,7.06436599423631,6.89308057766367,207
"189",2018,9,5.84090909090909,11,6.54166666666667,5,4.33333333333333,4.5,6.13888888888889,6,5,3,2,9,2263,1689,574,256,696,1567,6.94049471498011,7.23940793368857,6.06093996515679,6.2375,7.05699712643678,6.88874890874282,208
"190",2018,10,7.1,10,8,6.2,6.25,8.33333333333333,6.57142857142857,5,5,4,3,7,2273,1694,579,260,699,1574,6.94119645402552,7.24165289256198,6.06214082901554,6.23769230769231,7.06247496423462,6.88733770012706,209
"191",2018,11,6.94444444444444,9,7.08333333333333,6.66666666666667,7,7.16666666666667,6.83333333333333,6,3,1,3,6,2282,1700,582,261,702,1580,6.94120926380368,7.24109411764706,6.06525694158076,6.24061302681992,7.06292022792023,6.88713262025316,210
"192",2018,12,7.60058823529412,17,7.96230769230769,6.425,6.4,6.61833333333333,8.13636363636364,13,4,3,6,11,2299,1713,586,264,708,1591,6.94608505437146,7.24656742556917,6.06771252559727,6.24242424242424,7.05915254237288,6.89576966687618,211
"193",2019,1,7.20588235294118,17,7.5,5,6,7.5,7.08333333333333,15,2,1,5,12,2316,1728,588,265,713,1603,6.94799202936097,7.24876736111111,6.06408085034014,6.24150943396226,7.06224403927069,6.89717376169682,212
"194",2019,2,7.96666666666667,15,8.5,6.9,8.5,7.875,8,10,5,2,4,11,2331,1738,593,267,717,1614,6.95454720720721,7.2559666283084,6.07112907251265,6.25842696629214,7.06677824267782,6.90468992565056,213
"195",2019,3,7.5,7,8.66666666666667,6.625,5,7,7.58333333333333,3,4,2,1,6,2338,1741,597,269,718,1620,6.9561802994012,7.25839747271683,6.07484010050251,6.24907063197026,7.0666852367688,6.90720341975308,214
"196",2019,4,6.66666666666667,9,6.6,6.75,7,6.66666666666667,6.66666666666667,5,4,1,3,6,2347,1746,601,270,721,1626,6.95507010651896,7.25651202749141,6.07933367720466,6.25185185185185,7.06502080443828,6.9063158302583,215
"197",2019,5,6.75,14,7.22727272727273,5,5,6.33333333333333,6.86363636363636,11,3,3,3,11,2361,1757,604,273,724,1637,6.95385410419314,7.25632896983494,6.07397274834437,6.23809523809524,7.06198895027624,6.90602904092853,216
"198",2019,6,6.96428571428571,14,7.27777777777778,6.4,6,7.1,6.88888888888889,9,5,2,5,9,2375,1766,609,275,729,1646,6.95391559578947,7.25643827859569,6.0766494909688,6.23636363636364,7.06224965706447,6.90593532199271,217
"199",2019,7,7.88769230769231,13,8.14,6.5,NA,8.885,7.44444444444444,11,2,0,4,9,2388,1777,611,275,733,1655,6.95899896984925,7.26190770962296,6.07803525368249,6.23636363636364,7.07219645293315,6.90886377039275,218
"200",2019,8,7.6,15,7.81818181818182,7,7,8.2,7.3,11,4,2,5,10,2403,1788,615,277,738,1665,6.9630002247191,7.26532997762863,6.08403177235772,6.24187725631769,7.07983739837398,6.91121293693694,219
"201",2019,9,6.1,8,6.33333333333333,5.4,6.75,6.5,5.7,6,2,2,4,4,2411,1794,617,279,742,1669,6.96013668187474,7.26221293199554,6.08181448946515,6.24551971326165,7.0767115902965,6.90831008987417,220
"202",2019,10,7.45833333333333,12,8.05555555555556,5.66666666666667,7,8,7.35,9,3,1,2,10,2423,1803,620,280,744,1679,6.96260401981015,7.26617304492512,6.07980570967742,6.24821428571429,7.0791935483871,6.91094076235854,221
"203",2019,11,6.1,10,6.66666666666667,1,NA,3.5,6.75,9,1,0,2,8,2433,1812,621,280,746,1687,6.95905858610769,7.26319536423841,6.07162566827697,6.24821428571429,7.06959785522788,6.9101775577949,222
"204",2019,12,6.90909090909091,11,6.85,7.5,6.25,7,6.88888888888889,10,1,2,2,9,2444,1822,622,282,748,1696,6.95883369067103,7.2609275521405,6.07392209003215,6.24822695035461,7.06941176470588,6.91006458726415,223
"205",2020,1,6.16666666666667,12,6.27272727272727,5,NA,6,6.25,11,1,0,4,8,2456,1833,623,282,752,1704,6.95496316775244,7.25499727223131,6.07219829855538,6.24822695035461,7.06372340425532,6.90696569248826,224
"206",2020,2,7.10588235294118,17,7.18666666666667,6.5,NA,7.5,7.05333333333333,15,2,0,2,15,2473,1848,625,282,754,1719,6.95600062272543,7.25444264069264,6.073567264,6.24822695035461,7.06488063660477,6.90824289703316,225
"207",2020,3,6.37384615384615,13,6.76222222222222,5.5,6,7,6.32166666666667,9,4,3,1,12,2486,1857,629,285,755,1731,6.95295637168142,7.25205708131395,6.06991977742448,6.24561403508772,7.06479470198675,6.90417651068746,226
"208",2020,4,7.91071428571429,14,8.29545454545454,6.5,7,7.8,7.97222222222222,11,3,3,5,9,2500,1868,632,288,760,1740,6.958319816,7.25820128479657,6.07196129746835,6.25347222222222,7.06963157894737,6.90970088505747,227
"209",2020,5,7.7,10,8.375,5,5,7.75,7.66666666666667,8,2,2,4,6,2510,1876,634,290,764,1746,6.96127471713147,7.26296375266524,6.06857971608833,6.2448275862069,7.07319371727749,6.91230214203894,228
"210",2020,6,7.57142857142857,7,8.2,6,NA,9,7.33333333333333,5,2,0,1,6,2517,1881,636,290,765,1752,6.9629716090584,7.26545454545454,6.06836405660377,6.2448275862069,7.07571241830065,6.91374402968036,229
"211",2020,7,7.125,8,7.42857142857143,5,6,7.5,6.75,7,1,2,4,4,2525,1888,637,292,769,1756,6.96348496633663,7.2660593220339,6.06668687598116,6.24315068493151,7.07791937581274,6.91337103644647,230
"212",2020,8,5.75,10,6.41666666666667,4.75,4.66666666666667,7.25,5.375,6,4,3,2,8,2535,1894,641,295,771,1764,6.9586980433925,7.26336853220697,6.05847042121685,6.2271186440678,7.07836575875486,6.90639429705215,231
"213",2020,9,6.75,8,7.33333333333333,5,NA,7,6.71428571428571,6,2,0,1,7,2543,1900,643,295,772,1771,6.9580415021628,7.26358947368421,6.05517813374805,6.2271186440678,7.07826424870466,6.90563497459062,232
"214",2020,10,7.25,8,7.2,7.33333333333333,7,7.5,7.16666666666667,5,3,2,2,6,2551,1905,646,297,774,1777,6.95895709133673,7.26342257217848,6.06111383900929,6.23232323232323,7.07935400516796,6.90651634214969,233
"215",2020,11,6.39285714285714,14,6.88888888888889,5.5,NA,7,6.29166666666667,9,5,0,2,12,2565,1914,651,297,776,1789,6.95586726705653,7.26166144200627,6.05680420890937,6.23232323232323,7.07914948453608,6.90239214086081,234
"216",2020,12,6.86875,16,7,6.58,6.63333333333333,8.4,6.76666666666667,11,5,3,1,15,2581,1925,656,300,777,1804,6.95532721425804,7.26016623376623,6.06079198170731,6.23633333333333,7.08084942084942,6.90126360310421,235
"217",2021,1,6.964583125,16,7.36944416666667,5.75,5,7,6.962222,12,4,3,1,15,2597,1937,660,303,778,1819,6.95538423950712,7.26084322663913,6.05890839393939,6.22409240924093,7.08074550128535,6.90176628367235,236
"218",2021,2,7.03076923076923,13,7.19,6.5,7,7.5,6.94545454545455,10,3,1,2,11,2610,1947,663,304,780,1830,6.95575972030651,7.26047936825886,6.06090428355958,6.22664473684211,7.08182051282051,6.90202889071038,237
"219",2021,3,7.64808333333333,12,7.5777,8,8,8.3885,7.5,10,2,2,2,10,2622,1957,665,306,782,1840,6.95892824942792,7.26210032192131,6.06673615037594,6.23823529411765,7.08516240409207,6.90527873369565,238
"220",2021,4,7.2875,8,7.47142857142857,6,6,7.3,7.28571428571429,7,1,1,1,7,2630,1964,666,307,783,1847,6.95992770722433,7.26284640020366,6.06663594594594,6.23745928338762,7.0854367816092,6.90672055766107,239
"221",2021,5,7,6,8,5,5,6,7.2,4,2,2,1,5,2636,1968,668,309,784,1852,6.96001891881639,7.26434467987805,6.0634424251497,6.2294498381877,7.08405229591837,6.90751234881209,240
"222",2021,6,6.66666666666667,6,6.75,6.5,NA,3,7.4,4,2,0,1,5,2642,1972,670,309,785,1857,6.95935271385314,7.26330138438134,6.06474558208955,6.2294498381877,7.07884968152866,6.90883837910608,241
"223",2021,7,6.6,5,6.6,NA,NA,NA,6.6,5,0,0,0,5,2647,1977,670,309,785,1862,6.95867392142048,7.26162383915023,6.06474558208955,6.2294498381877,7.07884968152866,6.90800906015037,242
"224",2021,8,6.38,5,7.475,2,NA,2,7.475,4,1,0,1,4,2652,1981,671,309,786,1866,6.95758290723982,7.26205468450277,6.0586878390462,6.2294498381877,7.07238804071247,6.90922447481243,243
"225",2021,9,7.18333333333333,6,7.42,6,NA,NA,7.18333333333333,5,1,0,0,6,2658,1986,672,309,786,1872,6.95809250188111,7.26245233131923,6.05860050595238,6.2294498381877,7.07238804071247,6.91010302884615,244
"226",2021,10,7.21428571428571,7,6.91666666666667,9,NA,7,7.25,6,1,0,1,6,2665,1992,673,309,787,1878,6.95876542964353,7.26141080823293,6.06297108469539,6.2294498381877,7.07229606099111,6.91118896166134,245
"227",2021,11,7.08181818181818,11,7.08181818181818,NA,NA,6.96666666666667,7.125,11,0,0,3,8,2676,2003,673,309,790,1886,6.95927125186846,7.26042452820769,6.06297108469539,6.2294498381877,7.07189493670886,6.91209590137858,246
"228",2021,12,6.53333333333333,12,6.64,6,7.5,7.23333333333333,5.83333333333333,10,2,2,6,6,2688,2013,675,311,796,1892,6.95736974330357,7.25734243914555,6.0627845037037,6.23762057877814,7.07311180904523,6.90867487843552,247
"229",2022,1,7.00769230769231,13,7.00909090909091,7,7,5.8,7.7625,11,2,1,5,8,2701,2024,677,312,801,1900,6.95761194742688,7.25599324604743,6.06555323485967,6.2400641025641,7.06516479400749,6.91226993157895,248
"230",2022,2,7.31538461538462,13,7.87142857142857,6.66666666666667,6.5,7.83333333333333,7.16,7,6,2,3,10,2714,2031,683,314,804,1910,6.9593256705969,7.25811439192516,6.07083387994143,6.24171974522293,7.06803109452736,6.91356694764398,249
"231",2022,3,6.84666666666667,15,6.975,6.33333333333333,6.33333333333333,6.8,6.86363636363636,12,3,3,4,11,2729,2043,686,317,808,1921,6.95870643825577,7.25645145863925,6.07198183673469,6.24258675078865,7.06670420792079,6.91328103591879,250
"232",2022,4,6.22857142857143,7,6.1,7,7,6.5,6.025,6,1,1,3,4,2736,2049,687,318,811,1925,6.95683840277778,7.25306507076623,6.07333266375546,6.24496855345912,7.06460789149198,6.91143525714286,251
"233",2022,5,6.5,8,7,5.66666666666667,5,NA,6.5,5,3,1,0,8,2744,2054,690,319,811,1933,6.95550651239067,7.25244904089581,6.07156455072464,6.24106583072101,7.06460789149198,6.90973247284014,252
"234",2022,6,6.37222222222222,9,6.55833333333333,6,NA,6,6.41875,6,3,0,1,8,2753,2060,693,319,812,1941,6.95359966218671,7.25042734466019,6.07125474747474,6.24106583072101,7.06329679802956,6.90770884595569,253
"235",2022,7,6.1,10,6.6,5.6,5,7,5.71428571428571,5,5,1,3,7,2763,2065,698,320,815,1948,6.95051026782483,7.24885246004842,6.06787899713467,6.2371875,7.06306380368098,6.90342036447638,254
"236",2022,8,6.46153846153846,13,6.85714285714286,6,6,6,6.5,7,6,1,1,12,2776,2072,704,321,816,1960,6.94822041426513,7.24752911679536,6.06730048295454,6.23644859813084,7.06176102941176,6.90095044387755,255
"237",2022,9,6.625,12,6.92857142857143,6.2,5.5,6.6,6.64285714285714,7,5,2,5,7,2788,2079,709,323,821,1967,6.94682922166427,7.24645518518518,6.06823630465444,6.23188854489164,7.05894884287454,6.90003196237926,256
"238",2022,10,7.42857142857143,7,7.2,8,NA,8,7,5,2,0,3,4,2795,2084,711,323,824,1971,6.94803573166368,7.24634372840691,6.07367023909986,6.23188854489164,7.062375,6.90023484018265,257
"239",2022,11,5.83333333333333,6,7,3.5,NA,NA,5.83333333333333,4,2,0,0,6,2801,2088,713,323,824,1977,6.94564793645127,7.24587180555555,6.06645096774193,6.23188854489164,7.062375,6.89699689934244,258
"240",2022,12,6.85,10,6.71428571428571,7.16666666666667,7,6,7.21428571428571,7,3,1,3,7,2811,2095,716,324,827,1984,6.94530767342583,7.24409562291169,6.07106081005586,6.23425925925926,7.05852116082225,6.89811636592742,259
