"","year","month","avg_rating","no_ratings","avg_rating_owned","avg_rating_not_owned","avg_rating_prev_owned","avg_rating_comment","avg_rating_no_comment","no_ratings_owned","no_ratings_not_owned","no_ratings_prev_owned","no_ratings_comment","no_ratings_no_comment","cum_no_ratings","cum_no_ratings_owned","cum_no_ratings_not_owned","cum_no_ratings_prev_owned","cum_no_ratings_comment","cum_no_ratings_no_comment","cum_avg_rating","cum_avg_rating_owned","cum_avg_rating_not_owned","cum_avg_rating_prev_owned","cum_avg_rating_comment","cum_avg_rating_no_comment","month_after_release"
"1",2001,7,5,1,5,NA,NA,NA,5,1,0,0,0,1,1,1,0,0,0,1,5,5,NA,NA,NA,5,2
"2",2001,8,6.25,4,6.33333333333333,6,NA,NA,6.25,3,1,0,0,4,5,4,1,0,0,5,6,6,6,NA,NA,6,3
"3",2001,9,7,2,8,6,NA,8,6,1,1,0,1,1,7,5,2,0,1,6,6.28571428571429,6.4,6,NA,8,6,4
"4",2001,11,7,1,7,NA,NA,NA,7,1,0,0,0,1,8,6,2,0,1,7,6.375,6.5,6,NA,8,6.14285714285714,6
"5",2001,12,8,1,8,NA,NA,NA,8,1,0,0,0,1,9,7,2,0,1,8,6.55555555555556,6.71428571428571,6,NA,8,6.375,7
"6",2002,1,7.25,4,7.25,NA,NA,7.5,7,4,0,0,2,2,13,11,2,0,3,10,6.76923076923077,6.90909090909091,6,NA,7.66666666666667,6.5,8
"7",2002,2,7,1,NA,7,7,NA,7,0,1,1,0,1,14,11,3,1,3,11,6.78571428571429,6.90909090909091,6.33333333333333,7,7.66666666666667,6.54545454545455,9
"8",2002,3,7.66666666666667,3,7.66666666666667,NA,NA,8,7.5,3,0,0,1,2,17,14,3,1,4,13,6.94117647058824,7.07142857142857,6.33333333333333,7,7.75,6.69230769230769,10
"9",2002,4,6,2,6,NA,NA,5,7,2,0,0,1,1,19,16,3,1,5,14,6.84210526315789,6.9375,6.33333333333333,7,7.2,6.71428571428571,11
"10",2002,6,7.33333333333333,3,7.33333333333333,NA,NA,6,8,3,0,0,1,2,22,19,3,1,6,16,6.90909090909091,7,6.33333333333333,7,7,6.875,13
"11",2002,7,7.625,4,7.625,NA,NA,7.5,7.66666666666667,4,0,0,1,3,26,23,3,1,7,19,7.01923076923077,7.10869565217391,6.33333333333333,7,7.07142857142857,7,14
"12",2002,8,7.25,4,7.25,NA,NA,7,7.33333333333333,4,0,0,1,3,30,27,3,1,8,22,7.05,7.12962962962963,6.33333333333333,7,7.0625,7.04545454545455,15
"13",2002,9,7.875,4,8.33333333333333,6.5,NA,8,7.83333333333333,3,1,0,1,3,34,30,4,1,9,25,7.14705882352941,7.25,6.375,7,7.16666666666667,7.14,16
"14",2002,10,6.5,4,7,6,NA,6,6.66666666666667,2,2,0,1,3,38,32,6,1,10,28,7.07894736842105,7.234375,6.25,7,7.05,7.08928571428571,17
"15",2002,11,6.7,5,6.7,NA,NA,6.75,6.66666666666667,5,0,0,2,3,43,37,6,1,12,31,7.03488372093023,7.16216216216216,6.25,7,7,7.04838709677419,18
"16",2002,12,7.5,4,7.5,NA,NA,10,6.66666666666667,4,0,0,1,3,47,41,6,1,13,34,7.07446808510638,7.19512195121951,6.25,7,7.23076923076923,7.01470588235294,19
"17",2003,1,7.85,4,8,7.4,NA,7.4,8,3,1,0,1,3,51,44,7,1,14,37,7.13529411764706,7.25,6.41428571428571,7,7.24285714285714,7.09459459459459,20
"18",2003,2,6.16666666666667,6,6.2,6,6,6,6.2,5,1,1,1,5,57,49,8,2,15,42,7.03333333333333,7.14285714285714,6.3625,6.5,7.16,6.98809523809524,21
"19",2003,3,6.57142857142857,7,7.6,4,6,7.33333333333333,6,5,2,1,3,4,64,54,10,3,18,46,6.9828125,7.18518518518519,5.89,6.33333333333333,7.18888888888889,6.90217391304348,22
"20",2003,4,6.5,2,7,6,NA,NA,6.5,1,1,0,0,2,66,55,11,3,18,48,6.96818181818182,7.18181818181818,5.9,6.33333333333333,7.18888888888889,6.88541666666667,23
"21",2003,5,6.6,5,7,5,NA,6,7,4,1,0,2,3,71,59,12,3,20,51,6.94225352112676,7.16949152542373,5.825,6.33333333333333,7.07,6.8921568627451,24
"22",2003,6,6.2,5,6.5,6,NA,4.66666666666667,8.5,2,3,0,3,2,76,61,15,3,23,53,6.89342105263158,7.14754098360656,5.86,6.33333333333333,6.75652173913044,6.95283018867925,25
"23",2003,7,6.82,15,6.98333333333333,6.16666666666667,NA,7.56,6.45,12,3,0,5,10,91,73,18,3,28,63,6.88131868131868,7.12054794520548,5.91111111111111,6.33333333333333,6.9,6.87301587301587,26
"24",2003,8,7.35714285714286,7,7.41666666666667,7,NA,7,7.41666666666667,6,1,0,1,6,98,79,19,3,29,69,6.91530612244898,7.14303797468354,5.96842105263158,6.33333333333333,6.90344827586207,6.92028985507246,27
"25",2003,9,7.44444444444444,9,8,6.75,6,7.2,7.64,5,4,1,4,5,107,84,23,4,33,74,6.95981308411215,7.19404761904762,6.10434782608696,6.25,6.93939393939394,6.96891891891892,28
"26",2003,10,7.66666666666667,6,7.8,7,NA,7.5,7.75,5,1,0,2,4,113,89,24,4,35,78,6.99734513274336,7.22808988764045,6.14166666666667,6.25,6.97142857142857,7.00897435897436,29
"27",2003,11,5.5,2,7,4,NA,4,7,1,1,0,1,1,115,90,25,4,36,79,6.97130434782609,7.22555555555556,6.056,6.25,6.88888888888889,7.00886075949367,30
"28",2003,12,7.125,8,7.14285714285714,7,NA,7,7.2,7,1,0,3,5,123,97,26,4,39,84,6.98130081300813,7.21958762886598,6.09230769230769,6.25,6.8974358974359,7.0202380952381,31
"29",2004,1,6.4,10,6.71428571428571,5.66666666666667,7,5.5,6.625,7,3,1,2,8,133,104,29,5,41,92,6.93759398496241,7.18557692307692,6.04827586206897,6.4,6.82926829268293,6.98586956521739,32
"30",2004,2,5.95833333333333,12,5.95833333333333,NA,NA,5.25,6.66666666666667,12,0,0,6,6,145,116,29,5,47,98,6.85655172413793,7.05862068965517,6.04827586206897,6.4,6.62765957446809,6.96632653061225,33
"31",2004,3,6.375,4,6.375,NA,NA,NA,6.375,4,0,0,0,4,149,120,29,5,47,102,6.84362416107383,7.03583333333333,6.04827586206897,6.4,6.62765957446809,6.94313725490196,34
"32",2004,4,7.53333333333333,9,7.6,7,NA,7.5,7.54285714285714,8,1,0,2,7,158,128,30,5,49,109,6.88291139240506,7.07109375,6.08,6.4,6.66326530612245,6.98165137614679,35
"33",2004,5,6.6,15,6.58333333333333,6.66666666666667,6,6.5,6.61538461538461,12,3,1,2,13,173,140,33,6,51,122,6.85838150289017,7.02928571428571,6.13333333333333,6.33333333333333,6.65686274509804,6.94262295081967,36
"34",2004,6,6.475,8,6.4,7,NA,6.4,6.5,7,1,0,2,6,181,147,34,6,53,128,6.8414364640884,6.99931972789116,6.15882352941177,6.33333333333333,6.64716981132076,6.921875,37
"35",2004,7,6.20833333333333,12,6.11111111111111,6.5,6,5.66666666666667,6.75,9,3,1,6,6,193,156,37,7,59,134,6.8020725388601,6.94807692307692,6.18648648648649,6.28571428571429,6.54745762711864,6.91417910447761,38
"36",2004,8,8.16666666666667,6,7.5,9.5,NA,8,8.25,4,2,0,2,4,199,160,39,7,61,138,6.84321608040201,6.961875,6.35641025641026,6.28571428571429,6.59508196721312,6.95289855072464,39
"37",2004,9,7.33333333333333,9,7.71428571428571,6,NA,7.66666666666667,7.16666666666667,7,2,0,3,6,208,167,41,7,64,144,6.86442307692308,6.99341317365269,6.3390243902439,6.28571428571429,6.6453125,6.96180555555556,40
"38",2004,10,6.49411764705882,17,6.88461538461539,5.225,4,6.25,6.52666666666667,13,4,1,2,15,225,180,45,8,66,159,6.83644444444444,6.98555555555556,6.24,6,6.63333333333333,6.92075471698113,41
"39",2004,11,6.88888888888889,9,6.88888888888889,NA,NA,6.66666666666667,7,9,0,0,3,6,234,189,45,8,69,165,6.83846153846154,6.98095238095238,6.24,6,6.63478260869565,6.92363636363636,42
"40",2004,12,6.72222222222222,9,6.71428571428571,6.75,NA,7.75,5.9,7,2,0,4,5,243,196,47,8,73,170,6.83415637860082,6.97142857142857,6.26170212765958,6,6.6958904109589,6.89352941176471,43
"41",2005,1,7.125,12,7.66666666666667,6.58333333333333,7.5,7.16666666666667,7.08333333333333,6,6,2,6,6,255,202,53,10,79,176,6.8478431372549,6.99207920792079,6.29811320754717,6.3,6.73164556962025,6.9,44
"42",2005,2,7.06666666666667,9,7.08571428571429,7,NA,5,7.325,7,2,0,1,8,264,209,55,10,80,184,6.85530303030303,6.99521531100478,6.32363636363636,6.3,6.71,6.91847826086957,45
"43",2005,3,6.4,15,6.61538461538461,5,NA,6.16666666666667,6.45833333333333,13,2,0,3,12,279,222,57,10,83,196,6.83082437275986,6.97297297297297,6.27719298245614,6.3,6.69036144578313,6.89030612244898,46
"44",2005,4,6.875,8,6.83333333333333,7,NA,6.75,7,6,2,0,4,4,287,228,59,10,87,200,6.83205574912892,6.96929824561403,6.30169491525424,6.3,6.69310344827586,6.8925,47
"45",2005,5,6.8,10,6.88888888888889,6,NA,6.5,7,9,1,0,4,6,297,237,60,10,91,206,6.83097643097643,6.9662447257384,6.29666666666667,6.3,6.68461538461538,6.89563106796117,48
"46",2005,6,6.85,10,6.75,7,6.5,7.3,6.4,6,4,2,5,5,307,243,64,12,96,211,6.83159609120521,6.96090534979424,6.340625,6.33333333333333,6.71666666666667,6.88388625592417,49
"47",2005,7,6.48333333333333,15,6.56818181818182,6.25,NA,5.8,6.825,11,4,0,5,10,322,254,68,12,101,221,6.81537267080745,6.94389763779528,6.33529411764706,6.33333333333333,6.67128712871287,6.88122171945701,50
"48",2005,8,6.4,10,6.33333333333333,7,NA,6.33333333333333,6.42857142857143,9,1,0,3,7,332,263,69,12,104,228,6.80286144578313,6.92300380228137,6.34492753623188,6.33333333333333,6.66153846153846,6.86732456140351,51
"49",2005,9,6.72727272727273,11,6.16666666666667,7.4,7.66666666666667,6.33333333333333,7.2,6,5,3,6,5,343,269,74,15,110,233,6.80043731778426,6.90613382899628,6.41621621621622,6.6,6.64363636363636,6.8744635193133,52
"50",2005,10,6.78571428571429,7,6.91666666666667,6,NA,7.75,6.4,6,1,0,2,5,350,275,75,15,112,238,6.80014285714286,6.90636363636364,6.41066666666667,6.6,6.66339285714286,6.86449579831933,53
"51",2005,11,6.39285714285714,14,6.42307692307692,6,NA,6,6.5,13,1,0,3,11,364,288,76,15,115,249,6.78447802197802,6.88454861111111,6.40526315789474,6.6,6.64608695652174,6.84839357429719,54
"52",2005,12,6.47058823529412,17,7.25,5.77777777777778,6,5.75,6.69230769230769,8,9,3,4,13,381,296,85,18,119,262,6.77047244094488,6.89442567567568,6.33882352941177,6.5,6.61596638655462,6.84064885496183,55
"53",2006,1,6.7,15,6.77272727272727,6.5,7,6.5,6.875,11,4,1,7,8,396,307,89,19,126,270,6.76780303030303,6.8900651465798,6.34606741573034,6.52631578947368,6.60952380952381,6.84166666666667,56
"54",2006,2,6.5625,8,6.64285714285714,6,NA,6,6.75,7,1,0,2,6,404,314,90,19,128,276,6.76373762376238,6.88455414012739,6.34222222222222,6.52631578947368,6.6,6.83967391304348,57
"55",2006,3,6.8,17,6.57333333333333,8.5,NA,7.12,6.66666666666667,15,2,0,5,12,421,329,92,19,133,288,6.76520190023753,6.87036474164134,6.38913043478261,6.52631578947368,6.61954887218045,6.83246527777778,58
"56",2006,4,6.66666666666667,3,6.66666666666667,NA,NA,7,6,3,0,0,2,1,424,332,92,19,135,289,6.76450471698113,6.86852409638554,6.38913043478261,6.52631578947368,6.62518518518518,6.8295847750865,59
"57",2006,5,7.42307692307692,13,7.40909090909091,7.5,7.5,7,7.55,11,2,2,3,10,437,343,94,21,138,299,6.78409610983982,6.88586005830904,6.41276595744681,6.61904761904762,6.63333333333333,6.85367892976589,60
"58",2006,6,6.55,10,6.91666666666667,6,7,7,6.35714285714286,6,4,1,3,7,447,349,98,22,141,306,6.77885906040268,6.88638968481375,6.39591836734694,6.63636363636364,6.64113475177305,6.84232026143791,61
"59",2006,7,7.14285714285714,7,7.5,6.66666666666667,7,7,7.16666666666667,4,3,1,1,6,454,353,101,23,142,312,6.78447136563877,6.89334277620397,6.4039603960396,6.65217391304348,6.64366197183098,6.84855769230769,62
"60",2006,8,5.6,10,5.78571428571429,5.16666666666667,NA,5,6.2,7,3,0,5,5,464,360,104,23,147,317,6.75894396551724,6.87180555555556,6.36826923076923,6.65217391304348,6.58775510204081,6.83832807570978,63
"61",2006,9,7.05,16,7.08666666666667,6.5,NA,6.85,7.25,15,1,0,8,8,480,375,105,23,155,325,6.76864583333333,6.8804,6.36952380952381,6.65217391304348,6.60129032258064,6.84846153846154,64
"62",2006,10,6.26923076923077,13,6.72222222222222,5.25,6,6.4,6.1875,9,4,1,5,8,493,384,109,24,160,333,6.75547667342799,6.87669270833333,6.32844036697248,6.625,6.595,6.83258258258258,65
"63",2006,11,6.96428571428571,14,7.04545454545455,6.66666666666667,6.5,6.25,7.08333333333333,11,3,2,2,12,507,395,112,26,162,345,6.7612426035503,6.88139240506329,6.3375,6.61538461538461,6.59074074074074,6.84130434782609,66
"64",2006,12,6.77631578947368,19,7.01923076923077,6.25,6.3,6.75,6.78333333333333,13,6,5,4,15,526,408,118,31,166,360,6.76178707224335,6.88578431372549,6.33305084745763,6.56451612903226,6.59457831325301,6.83888888888889,67
"65",2007,1,6.30769230769231,13,6.4,6,6,6,6.44444444444444,10,3,1,4,9,539,418,121,32,170,369,6.75083487940631,6.87416267942584,6.32479338842975,6.546875,6.58058823529412,6.82926829268293,68
"66",2007,2,6.45135764705882,17,6.76923076923077,5.41827,NA,6.85714285714286,6.167308,13,4,0,7,10,556,431,125,32,177,379,6.74167820143885,6.87099767981439,6.29578464,6.546875,6.59152542372881,6.81180232189974,69
"67",2007,3,6.13944444444444,18,6.61615384615385,4.9,5,5.75,6.25071428571429,13,5,2,4,14,574,444,130,34,181,393,6.72279282229965,6.86353603603604,6.24210061538462,6.45588235294118,6.57292817679558,6.79181445292621,70
"68",2007,4,6.35294117647059,17,6.63636363636364,5.83333333333333,5.5,5.4,6.75,11,6,2,5,12,591,455,136,36,186,405,6.71215411167513,6.85804395604396,6.22406676470588,6.40277777777778,6.54139784946236,6.79057550617284,71
"69",2007,5,6.44444444444444,9,6.6,6.25,6.33333333333333,6.6,6.25,5,4,3,5,4,600,460,140,39,191,409,6.70813846666667,6.85523913043478,6.22480771428572,6.3974358974359,6.54293193717277,6.78528870415648,72
"70",2007,6,6.51666666666667,12,6.72,5.5,NA,6,6.88571428571429,10,2,0,5,7,612,470,142,39,196,416,6.70438411764706,6.85236170212766,6.21459915492958,6.3974358974359,6.52908163265306,6.78697855769231,73
"71",2007,7,7.41538461538462,13,7.93333333333333,6.25,5,7.08333333333333,7.7,9,4,1,6,7,625,479,146,40,202,423,6.719172928,6.87267223382046,6.21556904109589,6.3625,6.54554455445544,6.80208765957447,74
"72",2007,8,6.83333333333333,15,7.3,5.9,6,6.58333333333333,7,10,5,1,6,9,640,489,151,41,208,432,6.7218485625,6.88141104294479,6.20511973509934,6.35365853658537,6.54663461538461,6.80621083333333,75
"73",2007,9,6.88461538461539,13,7.22222222222222,6.125,6.75,7.75,6.72727272727273,9,4,2,2,11,653,498,155,43,210,443,6.72508894333844,6.8875702811245,6.20305212903226,6.37209302325581,6.55809523809524,6.80425074492099,76
"74",2007,10,7.3,15,7.3,NA,NA,6.25,7.46153846153846,15,0,0,2,13,668,513,155,43,212,456,6.73799862275449,6.89962962962963,6.20305212903226,6.37209302325581,6.55518867924528,6.82298921052632,77
"75",2007,11,6.43181818181818,22,6.375,6.58333333333333,6,6.16666666666667,6.61538461538461,16,6,2,9,13,690,529,161,45,221,469,6.72823634782609,6.8837618147448,6.21722409937888,6.35555555555556,6.5393665158371,6.81723471215352,78
"76",2007,12,6.3125,16,6.83333333333333,5.64285714285714,5,6.25,6.33333333333333,9,7,1,4,12,706,538,168,46,225,481,6.71881456090652,6.88291821561338,6.19329214285714,6.32608695652174,6.53422222222222,6.80516232848233,79
"77",2008,1,6.03571428571429,28,6.34210526315789,5.38888888888889,6.125,5.4,6.38888888888889,19,9,4,10,18,734,557,177,50,235,499,6.69275623978202,6.86447037701975,6.15239028248588,6.31,6.48595744680851,6.79014645290581,80
"78",2008,2,7,9,7,7,NA,7.25,6.92857142857143,7,2,0,2,7,743,564,179,50,237,506,6.69647790040377,6.8661524822695,6.16186078212291,6.31,6.49240506329114,6.7920614229249,81
"79",2008,3,6.57368421052632,19,6.99333333333333,5,5.5,6.66666666666667,6.53076923076923,15,4,2,6,13,762,579,183,52,243,519,6.69341611548556,6.86944732297064,6.13646491803279,6.27884615384615,6.49670781893004,6.78551653179191,82
"80",2008,4,6.83684210526316,19,7.45,5.78571428571429,6,7.375,6.69333333333333,12,7,2,4,15,781,591,190,54,247,534,6.69690535211268,6.88123519458545,6.12354252631579,6.26851851851852,6.51093117408907,6.78292711610487,83
"81",2008,5,6.96363636363636,11,7.075,6.66666666666667,7,7.66666666666667,6.7,8,3,2,3,8,792,599,193,56,250,542,6.70060994949495,6.88382303839733,6.13198487046632,6.29464285714286,6.5248,6.781703099631,84
"82",2008,6,6.39285714285714,14,6.54545454545455,5.83333333333333,NA,6,6.55,11,3,0,4,10,806,610,196,56,254,552,6.69526436724566,6.87772131147541,6.12741367346939,6.29464285714286,6.51653543307086,6.77750557971014,85
"83",2008,7,7.11111111111111,9,7.6,6.5,6,6,7.42857142857143,5,4,2,2,7,815,615,200,58,256,559,6.6998565398773,6.88359349593496,6.1348654,6.28448275862069,6.5125,6.78565846153846,86
"84",2008,8,6.15384615384615,13,6,6.5,6.5,6.5,6.09090909090909,9,4,4,2,11,828,624,204,62,258,570,6.69128391304348,6.87084935897436,6.14202490196079,6.29838709677419,6.51240310077519,6.77225101754386,87
"85",2008,9,5.83333333333333,15,7,5.65384615384615,5.71428571428571,6,5.58333333333333,2,13,7,9,6,843,626,217,69,267,576,6.67601788849348,6.87126198083067,6.11277917050691,6.23913043478261,6.49513108614232,6.75986645833333,88
"86",2008,10,5.671875,16,6.42857142857143,5.08333333333333,5.8125,6.375,5.25,7,9,4,6,10,859,633,226,73,273,586,6.6573144121071,6.86636650868878,6.07178353982301,6.21575342465753,6.49249084249084,6.73410081911263,89
"87",2008,11,7,12,7.44444444444444,5.66666666666667,3,6.25,7.375,9,3,1,4,8,871,642,229,74,277,594,6.66203568312285,6.87447040498442,6.06647633187773,6.1722972972973,6.48898916967509,6.74273245791246,90
"88",2008,12,6.675,20,6.96666666666667,5.8,5.5,6.625,6.70833333333333,15,5,4,8,12,891,657,234,78,285,606,6.66232668911336,6.87657534246575,6.06078239316239,6.13782051282051,6.49280701754386,6.74205128712871,91
"89",2009,1,6.62941176470588,17,6.95,5.86,6.93333333333333,6.5,6.65714285714286,12,5,3,3,14,908,669,239,81,288,620,6.66171044052863,6.87789237668161,6.05658192468619,6.16728395061728,6.49288194444444,6.740134,92
"90",2009,2,6.49047619047619,21,6.72,5.91666666666667,6,5.94,6.6625,15,6,1,5,16,929,684,245,82,293,636,6.65783969860065,6.8744298245614,6.05315542857143,6.16524390243902,6.48344709897611,6.73818094339623,93
"91",2009,3,6.6952380952381,21,6.62222222222222,6.75,5.9,6.875,6.65294117647059,9,12,5,4,17,950,693,257,87,297,653,6.6586664,6.8711544011544,6.08569291828794,6.15,6.48872053872054,6.73596183767228,94
"92",2009,4,6.58823529411765,17,7.3,5.57142857142857,5.83333333333333,6,6.71428571428571,10,7,6,3,14,967,703,264,93,300,667,6.65742821096174,6.8772546230441,6.07205712121212,6.12956989247312,6.48383333333333,6.73550686656672,95
"93",2009,5,6.575,22,6.89615384615385,6.11111111111111,5.2,6.06428571428571,6.81333333333333,13,9,5,7,15,989,716,273,98,307,682,6.65559462082912,6.87759776536313,6.07334461538462,6.08214285714286,6.4742671009772,6.73721859237537,96
"94",2009,6,6.85,14,6.88,6.83333333333333,6.5,7,6.83846153846154,5,9,4,1,13,1003,721,282,102,308,695,6.6583081555334,6.87761442441054,6.09759957446809,6.09852941176471,6.47597402597403,6.73911234532374,97
"95",2009,7,6.3525,20,6.575,5.83333333333333,5.66666666666667,4.9,6.83666666666667,14,6,3,5,15,1023,735,288,105,313,710,6.65232950146627,6.87185034013605,6.09209402777778,6.08619047619048,6.45079872204473,6.74117335211268,98
"96",2009,8,6.88888888888889,18,7.11538461538461,6.3,7.5,6.7,6.96153846153846,13,5,1,5,13,1041,748,293,106,318,723,6.65641986551393,6.87608288770053,6.0956419112628,6.09952830188679,6.45471698113208,6.74513565698479,99
"97",2009,9,6.45,18,7.16666666666667,5.73333333333333,5.91666666666667,6.3,6.50769230769231,9,9,6,5,13,1059,757,302,112,323,736,6.65291131255902,6.87953764861295,6.08484463576159,6.08973214285714,6.45232198142415,6.74094168478261,100
"98",2009,10,6.36,25,6.57142857142857,6.09090909090909,6.4,6.75,6.23684210526316,14,11,5,6,19,1084,771,313,117,329,755,6.64615597785978,6.87394293125811,6.08505776357828,6.10299145299145,6.45775075987842,6.72825573509934,101
"99",2009,11,5.77777777777778,18,5.81818181818182,5.71428571428571,6,3.5,6.42857142857143,11,7,2,4,14,1102,782,320,119,333,769,6.63197194192377,6.85909207161125,6.076947125,6.10126050420168,6.42222222222222,6.72279984395319,102
"100",2009,12,6.55,29,6.71333333333333,6.375,6.25,5.41666666666667,6.84565217391304,15,14,4,6,23,1131,797,334,123,339,792,6.62987009725906,6.85634880803011,6.08944035928144,6.10609756097561,6.40442477876106,6.72636752525253,103
"101",2010,1,6.05208333333333,24,6.65909090909091,5.53846153846154,5.33333333333333,5.21428571428571,6.39705882352941,11,13,6,7,17,1155,808,347,129,346,809,6.61786413852814,6.85366336633663,6.06879850144092,6.07015503875969,6.38034682080925,6.71944756489493,104
"102",2010,2,6.73333333333333,15,6.77272727272727,6.625,6.25,6,6.91666666666667,11,4,2,3,12,1170,819,351,131,349,821,6.61934451282051,6.85257631257631,6.07513698005698,6.07290076335878,6.37707736389685,6.72233018270402,105
"103",2010,3,6.36363636363636,11,6.75,5.33333333333333,7,5.75,6.71428571428571,8,3,1,4,7,1181,827,354,132,353,828,6.61696281117697,6.85158403869407,6.06885050847458,6.07992424242424,6.3699716713881,6.72226217391304,106
"104",2010,4,6.25,14,6.77777777777778,5.3,4.33333333333333,4.5,6.54166666666667,9,5,3,2,12,1195,836,359,135,355,840,6.61266366527197,6.85078947368421,6.05814228412256,6.04111111111111,6.35943661971831,6.71968223809524,107
"105",2010,5,6.07142857142857,7,6.625,5.33333333333333,4.5,6,6.08333333333333,4,3,2,1,6,1202,840,362,137,356,846,6.60951171381032,6.84971428571428,6.0521355801105,6.01861313868613,6.35842696629213,6.71516912529551,108
"106",2010,6,6.34666666666667,15,6.4375,6.24285714285714,4.5,5.375,6.7,8,7,2,4,11,1217,848,369,139,360,857,6.60627204601479,6.84582547169811,6.05575360433604,5.99676258992806,6.3475,6.71497442240373,109
"107",2010,7,7.0625,16,7.13636363636364,6.9,7.75,6.75,7.10714285714286,11,5,2,2,14,1233,859,374,141,362,871,6.61219227899432,6.84954598370198,6.06704032085562,6.02163120567376,6.34972375690608,6.72127793340987,110
"108",2010,8,5.98636363636364,22,6.54375,4.5,4,5.83333333333333,6.04375,16,6,2,6,16,1255,875,380,143,368,887,6.60122157768924,6.84395428571428,6.04229757894737,5.99335664335664,6.34130434782609,6.70905645997745,111
"109",2010,9,5.93636363636364,11,6.25714285714286,5.375,6.5,6.33333333333333,5.7875,7,4,2,3,8,1266,882,384,145,371,895,6.59544477093207,6.83929705215419,6.0353465625,6.00034482758621,6.34123989218329,6.70081908379888,112
"110",2010,10,6.31818181818182,11,6.38888888888889,6,NA,5,6.61111111111111,9,2,0,2,9,1277,891,386,145,373,904,6.59305644479248,6.83474747474747,6.03516341968912,6.00034482758621,6.33404825737265,6.69992597345133,113
"111",2010,11,6.55769230769231,13,6.57142857142857,6.54166666666667,5,6.33333333333333,6.625,7,6,1,3,10,1290,898,392,146,376,914,6.5927000620155,6.83269487750557,6.04291602040816,5.99349315068493,6.33404255319149,6.69910621444201,114
"112",2010,12,6.75,14,7,6.3,6.25,6.625,6.8,9,5,2,4,10,1304,907,397,148,380,924,6.59438886503067,6.83435501653804,6.04615385390428,5.99695945945946,6.33710526315789,6.70019813852814,115
"113",2011,1,6.35294117647059,17,6.46153846153846,6,5.5,5,6.4375,13,4,2,1,16,1321,920,401,150,381,940,6.591281665405,6.82908695652174,6.04569346633417,5.99033333333333,6.33359580052493,6.69572668085106,116
"114",2011,2,6.13333333333333,15,6.5,1,1,6.75,5.90909090909091,14,1,1,4,11,1336,934,402,151,385,951,6.58614002994012,6.82415417558886,6.03314199004975,5.95728476821192,6.33792207792208,6.68662784437434,117
"115",2011,3,6.55,10,6.16666666666667,10,NA,7,6.5,9,1,0,1,9,1346,943,403,151,386,960,6.58587153046062,6.81787910922587,6.0429853101737,5.95728476821192,6.33963730569948,6.68487820833333,118
"116",2011,4,6.15,10,6.16666666666667,6,NA,NA,6.15,9,1,0,0,10,1356,952,404,151,386,970,6.58265713864307,6.81172268907563,6.04287891089109,5.95728476821192,6.33963730569948,6.679364,119
"117",2011,5,6.625,12,6.64285714285714,6.6,6.75,6.66666666666667,6.61111111111111,7,5,4,3,9,1368,959,409,155,389,979,6.58302856725146,6.81049009384776,6.04968968215159,5.97774193548387,6.34215938303342,6.67873654749745,120
"118",2011,6,6.82307692307692,13,6.75,6.94,6.73333333333333,6.25,7.07777777777778,8,5,3,4,9,1381,967,414,158,393,988,6.58528825488776,6.80998965873837,6.06044222222222,5.99208860759494,6.3412213740458,6.68237153846154,121
"119",2011,7,5.59090909090909,11,6.2,5.08333333333333,6.16666666666667,4.5,5.83333333333333,5,6,3,2,9,1392,972,420,161,395,997,6.57743037356322,6.80685185185185,6.04648352380952,5.99534161490683,6.33189873417721,6.67470720160481,122
"120",2011,8,6.38333333333333,15,6.53125,6.21428571428571,7.75,8,6.13461538461539,8,7,2,2,13,1407,980,427,163,397,1010,6.575361108742,6.80460204081633,6.0492343793911,6.01687116564417,6.34030226700252,6.66775552475247,123
"121",2011,9,6.33333333333333,6,6.25,6.5,6.5,5.5,6.75,4,2,2,2,4,1413,984,429,165,399,1014,6.57433338995046,6.80234756097561,6.05133585081585,6.02272727272727,6.33609022556391,6.66807996055227,124
"122",2011,10,6.54,15,6.82727272727273,5.75,5.33333333333333,5.66666666666667,6.75833333333333,11,4,3,3,12,1428,995,433,168,402,1026,6.57397274509804,6.80262311557789,6.048552147806,6.01041666666667,6.33109452736318,6.66913555555556,125
"123",2011,11,6.425,20,6.81818181818182,5.94444444444444,4.66666666666667,5,6.78125,11,9,3,4,16,1448,1006,442,171,406,1042,6.57191511049724,6.80279324055666,6.04643230769231,5.98684210526316,6.3179802955665,6.67085708253359,126
"124",2011,12,5.74285714285714,7,6,5.64,5.3,5.1,6,2,5,4,2,5,1455,1008,447,175,408,1047,6.56792651546392,6.8012003968254,6.04188608501119,5.97114285714286,6.31200980392157,6.66765337153773,127
"125",2012,1,6.28,15,6.5,5.95,10,6.5,6.24615384615385,9,6,1,2,13,1470,1017,453,176,410,1060,6.56498848979592,6.798534906588,6.04066905077263,5.99403409090909,6.31292682926829,6.66248403773585,128
"126",2012,2,6.64615384615385,13,6.6,6.8,6.8,6.475,6.72222222222222,10,3,3,4,9,1483,1027,456,179,414,1069,6.56569998651382,6.7966017526777,6.04566464912281,6.00754189944134,6.31449275362319,6.66298697848456,129
"127",2012,3,7.31818181818182,11,7.375,7.16666666666667,7.16666666666667,8,7.16666666666667,8,3,3,2,9,1494,1035,459,182,416,1078,6.5712403480589,6.80107246376812,6.05299145969499,6.02664835164835,6.32259615384615,6.66719209647495,130
"128",2012,4,7.39285714285714,14,7.27777777777778,7.6,7,7,7.5,9,5,3,3,11,1508,1044,464,185,419,1089,6.57886809018568,6.80518199233716,6.06966181034483,6.04243243243243,6.32744630071599,6.67560429752066,131
"129",2012,5,7,6,8,6,5.5,NA,7,3,3,2,0,6,1514,1047,467,187,419,1095,6.58053704095112,6.80860553963706,6.06921430406852,6.03663101604278,6.32744630071599,6.67738180821918,132
"130",2012,6,6.625,12,6.68181818181818,6,6,6,6.68181818181818,11,1,1,1,11,1526,1058,468,188,420,1106,6.58088668414155,6.80728733459357,6.06906641025641,6.03643617021277,6.32666666666667,6.67742593128391,133
"131",2012,7,6.916,5,7,6.86,7,NA,6.916,2,3,2,0,5,1531,1060,471,190,420,1111,6.58198111038537,6.80765094339623,6.07410420382165,6.04657894736842,6.32666666666667,6.6784996219622,134
"132",2012,8,6.54545454545455,11,6.88888888888889,5,3,7.5,6.33333333333333,9,2,1,2,9,1542,1069,473,191,422,1120,6.58172054474708,6.80833489242282,6.06956253699788,6.03062827225131,6.33222748815166,6.67572596428571,135
"133",2012,9,5.875,4,5.875,NA,NA,6.5,5.66666666666667,4,0,0,1,3,1546,1073,473,191,423,1123,6.57989203104787,6.80485554520037,6.06956253699788,6.03062827225131,6.33262411347518,6.67303034728406,136
"134",2012,10,6.5,5,6.625,6,NA,NA,6.5,4,1,0,0,5,1551,1077,474,191,423,1128,6.57963448098001,6.80418755803157,6.06941578059072,6.03062827225131,6.33262411347518,6.67226336879432,137
"135",2012,11,5.5,6,6.66666666666667,4.33333333333333,4.5,6.25,5.125,3,3,1,2,4,1557,1080,477,192,425,1132,6.57547403982017,6.80380555555555,6.0584970230608,6.02265625,6.33223529411765,6.66679600706714,138
"136",2012,12,6.4,10,6.5,6,NA,7,6.33333333333333,8,2,0,1,9,1567,1088,479,192,426,1141,6.57435423101468,6.80157169117647,6.05825277661795,6.02265625,6.33380281690141,6.66416571428571,139
"137",2013,1,6.25,16,6,6.66666666666667,6.8,7,6.2,10,6,5,1,15,1583,1098,485,197,427,1156,6.57107585596968,6.79427140255009,6.06577954639175,6.04238578680203,6.33536299765808,6.65814280276816,140
"138",2013,2,6.39583333333333,12,6.63888888888889,5.66666666666667,6,5,6.52272727272727,9,3,1,1,11,1595,1107,488,198,428,1167,6.5697574169279,6.7930081300813,6.06332598360656,6.04217171717172,6.3322429906542,6.6568663924593,141
"139",2013,3,6,11,6.41666666666667,5.5,7,6.375,5.78571428571429,6,5,1,4,7,1606,1113,493,199,432,1174,6.56585496886675,6.79097933513028,6.05761273833671,6.04698492462312,6.33263888888889,6.65167212947189,142
"140",2013,4,7.3,5,6.5,8.5,7,6,7.625,3,2,1,1,4,1611,1116,495,200,433,1178,6.56813350713842,6.79019713261649,6.06748096969697,6.05175,6.33187066974596,6.65497714770798,143
"141",2013,5,6.92307692307692,13,6.92857142857143,6.91666666666667,6.875,6.5,7.11111111111111,7,6,4,4,9,1624,1123,501,204,437,1187,6.57097480295567,6.79105966162066,6.07765085828343,6.06789215686274,6.33340961098398,6.65843561920809,144
"142",2013,6,6.26153846153846,13,6.77142857142857,5.66666666666667,6,5,6.49090909090909,7,6,4,2,11,1637,1130,507,208,439,1198,6.56851745876604,6.79093805309734,6.07278714003945,6.06658653846154,6.32733485193622,6.65689739565943,145
"143",2013,7,4.875,12,5.07142857142857,4.6,4,2.5,5.35,7,5,1,2,10,1649,1137,512,209,441,1208,6.55619349909036,6.78035180299032,6.058404453125,6.0566985645933,6.30997732426304,6.64607870860927,146
"144",2013,8,6.36666666666667,9,6.0375,9,NA,5.75,6.54285714285714,8,1,0,2,7,1658,1145,513,209,443,1215,6.55516470446321,6.7751615720524,6.06413855750487,6.0566985645933,6.30744920993228,6.6454840164609,147
"145",2013,9,6.72727272727273,11,6.85714285714286,6.5,6,9,6.5,7,4,1,1,10,1669,1152,517,210,444,1225,6.5562990293589,6.77565972222222,6.06751079303675,6.05642857142857,6.31351351351351,6.64429639183673,148
"146",2013,10,5.44444444444444,9,6,3.5,5,8,5.125,7,2,1,1,8,1678,1159,519,211,445,1233,6.55033556615018,6.77097497842968,6.05761672447013,6.05142180094787,6.31730337078652,6.63443883211679,149
"147",2013,11,6.24444444444444,9,6.6,5.8,5.33333333333333,5.25,7.04,5,4,3,4,5,1687,1164,523,214,449,1238,6.54870366330765,6.77024054982818,6.05564642447419,6.04135514018692,6.30779510022272,6.6360768012924,150
"148",2013,12,5.88888888888889,9,5.875,6,6,4.5,6.28571428571429,8,1,1,2,7,1696,1172,524,215,451,1245,6.54520228773585,6.76412969283276,6.05554022900763,6.04116279069767,6.29977827050998,6.63410689156626,151
"149",2014,1,6.48076923076923,13,6.69444444444444,6,6,7.33333333333333,6.225,9,4,2,3,10,1709,1181,528,217,454,1255,6.5447121591574,6.76359864521592,6.05511946969697,6.04078341013825,6.30660792951542,6.63084707569721,152
"150",2014,2,5.91818181818182,11,6.44285714285714,5,6,6,5.91,7,4,1,1,10,1720,1188,532,218,455,1265,6.54070527906977,6.76170875420875,6.0471862406015,6.04059633027523,6.30593406593407,6.6251486798419,153
"151",2014,3,6.64285714285714,7,6.5,7,8,NA,6.64285714285714,5,2,1,0,7,1727,1193,534,219,455,1272,6.541119328315,6.76061190276614,6.05075483146067,6.04954337899543,6.30593406593407,6.62524613207547,154
"152",2014,4,6.41666666666667,6,6.25,6.75,6.75,6.5,6.4,4,2,2,1,5,1733,1197,536,221,456,1277,6.54068844777842,6.75890559732665,6.05336395522388,6.05588235294118,6.30635964912281,6.62436419733751,155
"153",2014,5,7.5,9,7.8,7.125,NA,NA,7.5,5,4,0,0,9,1742,1202,540,221,456,1286,6.54564470723307,6.76323627287854,6.061302,6.05588235294118,6.30635964912281,6.63049228615863,156
"154",2014,6,6.66666666666667,6,6.75,6.5,NA,6,7,4,2,0,2,4,1748,1206,542,221,458,1290,6.54606011441648,6.76319237147595,6.06292081180812,6.05588235294118,6.30502183406113,6.63163804651163,157
"155",2014,7,6.58333333333333,6,6.875,6,6,7.5,6.4,4,2,1,1,5,1754,1210,544,222,459,1295,6.54618761687571,6.76356198347107,6.06268948529412,6.05563063063063,6.30762527233115,6.63074369111969,158
"156",2014,8,5.5,5,7.16666666666667,3,3,3,7.16666666666667,3,2,1,2,3,1759,1213,546,223,461,1298,6.54321380329733,6.76455894476504,6.05147084249084,6.04192825112108,6.29327548806941,6.63198234206471,159
"157",2014,9,5.83333333333333,9,6.33333333333333,5.58333333333333,6.75,6,5.8125,3,6,2,1,8,1768,1216,552,225,462,1306,6.53960015837104,6.76349506578947,6.04638239130435,6.04822222222222,6.29264069264069,6.62696254211332,160
"158",2014,10,5.78571428571429,7,6.375,5,6,6.75,5.4,4,3,1,2,5,1775,1220,555,226,464,1311,6.53662708732394,6.76222131147541,6.04072627027027,6.04800884955752,6.29461206896552,6.62228305110602,161
"159",2014,11,6.6,10,8.33333333333333,5.85714285714286,5,5.75,7.16666666666667,3,7,3,4,6,1785,1223,562,229,468,1317,6.53698211764706,6.76607522485691,6.03843964412811,6.03427947598253,6.28995726495726,6.624763158694,162
"160",2014,12,5.72857142857143,7,7.75,3.03333333333333,3.03333333333333,2.55,7,4,3,3,2,5,1792,1227,565,232,470,1322,6.53382426339286,6.76928280358598,6.02248332743363,5.99547413793103,6.27404255319149,6.62618236006051,163
"161",2015,1,6.64285714285714,14,6.6875,6.58333333333333,8.25,NA,6.64285714285714,8,6,2,0,14,1806,1235,571,234,470,1336,6.53466947951274,6.76875303643725,6.02837667250438,6.01474358974359,6.27404255319149,6.62635709580838,164
"162",2015,2,6.39,10,6.16,6.62,6,6.5,6.37777777777778,5,5,3,1,9,1816,1240,576,237,471,1345,6.53387284140969,6.76629838709677,6.03351229166667,6.01455696202532,6.27452229299363,6.62469373977695,165
"163",2015,3,6.56153846153846,13,6.64285714285714,6.46666666666667,6.6,7.75,6.34545454545455,7,6,5,2,11,1829,1247,582,242,473,1356,6.53406948059049,6.76560545308741,6.03797780068728,6.02665289256198,6.28076109936575,6.62242852507374,166
"164",2015,4,6.74285714285714,7,7.23333333333333,6.375,6.25,6,6.86666666666667,3,4,2,1,6,1836,1250,586,244,474,1362,6.53486551198257,6.766728,6.04027829351536,6.02848360655738,6.28016877637131,6.62350446402349,167
"165",2015,5,7,6,7.5,6,5,NA,7,4,2,1,0,6,1842,1254,588,245,474,1368,6.53638060803475,6.76906698564593,6.04014129251701,6.02428571428571,6.28016877637131,6.62515576023392,168
"166",2015,6,7.1,10,7.42857142857143,6.33333333333333,6,NA,7.1,7,3,2,0,10,1852,1261,591,247,474,1378,6.53942390928726,6.77272799365583,6.04162957698815,6.02408906882591,6.28016877637131,6.62860165457184,169
"167",2015,7,6.5,2,6.5,NA,NA,NA,6.5,2,0,0,0,2,1854,1263,591,247,474,1380,6.53938138079827,6.77229612034838,6.04162957698815,6.02408906882591,6.28016877637131,6.62841527536232,170
"168",2015,8,6.77,10,6.7125,7,5,6,6.85555555555556,8,2,1,1,9,1864,1271,593,248,475,1389,6.54061860515022,6.77191974822974,6.0448618549747,6.01995967741935,6.27957894736842,6.62988702663787,171
"169",2015,9,6.86,10,6.72,7,NA,6,7.075,5,5,0,2,8,1874,1276,598,248,477,1397,6.54232288153682,6.77171630094044,6.05284795986622,6.01995967741935,6.27840670859539,6.63243599141016,172
"170",2015,10,5.6625,8,6.1,5.4,5.5,5.33333333333333,5.86,3,5,2,3,5,1882,1279,603,250,480,1402,6.53858293304995,6.77014073494918,6.04743462686567,6.0158,6.2725,6.62968122681883,173
"171",2015,11,6.14285714285714,7,6.25,6,6.5,6,6.16666666666667,4,3,2,1,6,1889,1283,606,252,481,1408,6.53711650608788,6.76851909586906,6.0471998019802,6.01964285714286,6.27193347193347,6.62770815340909,174
"172",2015,12,6.51818181818182,11,7.16666666666667,5.74,5.5,8,6.37,6,5,1,1,10,1900,1289,611,253,482,1418,6.53700688421053,6.77037238169123,6.04468589198036,6.01758893280632,6.27551867219917,6.62589074753173,175
"173",2016,1,6.15,14,6.62222222222222,5.3,6.83333333333333,7,6.08461538461538,9,5,3,1,13,1914,1298,616,256,483,1431,6.53417611285267,6.76934514637905,6.03864136363636,6.0271484375,6.27701863354037,6.62097350104822,176
"174",2016,2,5.78571428571429,7,6.5,4.83333333333333,5,5,6.1,4,3,2,2,5,1921,1302,619,258,485,1436,6.53144876626757,6.76851766513057,6.03279980613893,6.01918604651163,6.27175257731959,6.6191595264624,177
"175",2016,3,6.4,5,7.5,5.66666666666667,5,8,6,2,3,2,1,4,1926,1304,622,260,486,1440,6.53110751817238,6.76963957055215,6.03103389067524,6.01134615384615,6.27530864197531,6.61743963888889,178
"176",2016,4,6.5,5,6.5,NA,NA,6.5,6.5,5,0,0,2,3,1931,1309,622,260,488,1443,6.53102697048162,6.76860962566845,6.03103389067524,6.01134615384615,6.27622950819672,6.61719548163548,179
"177",2016,5,6.83333333333333,9,6.8125,7,NA,7.5,6.75,8,1,0,1,8,1940,1317,623,260,489,1451,6.53242942268041,6.76887623386484,6.03258921348315,6.01134615384615,6.27873210633947,6.61792769124741,180
"178",2016,6,7,7,7,NA,NA,7,7,7,0,0,3,4,1947,1324,623,260,492,1455,6.53411046738572,6.77009818731118,6.03258921348315,6.01134615384615,6.28313008130081,6.61897806185567,181
"179",2016,7,6.27272727272727,11,6.3,6.25,7,5,6.55555555555556,5,6,3,2,9,1958,1329,629,263,494,1464,6.53264202247191,6.7683295711061,6.03466308426073,6.02262357414449,6.27793522267206,6.61858816939891,182
"180",2016,8,5.94444444444444,18,6,5.66666666666667,5.66666666666667,5.75,6,15,3,3,4,14,1976,1344,632,266,498,1478,6.52728394736842,6.75975446428571,6.03291626582278,6.01860902255639,6.27369477911647,6.61272874154262,183
"181",2016,9,6.38888888888889,9,6.16666666666667,6.83333333333333,NA,6,6.58333333333333,6,3,0,3,6,1985,1350,635,266,501,1484,6.52665646347607,6.75711851851852,6.03669776377953,6.01860902255639,6.27205588822355,6.61260989218329,184
"182",2016,10,7.03333333333333,9,7.05,7,6,10,6.6625,6,3,1,1,8,1994,1356,638,267,502,1492,6.52894337011033,6.75841445427729,6.04122739811912,6.0185393258427,6.27948207171315,6.61287739946381,185
"183",2016,11,5.625,12,6.125,4.625,4.16666666666667,3.75,6,8,4,3,2,10,2006,1364,642,270,504,1502,6.52353593220339,6.75469941348974,6.03240355140187,5.99796296296296,6.26944444444444,6.60879699067909,186
"184",2016,12,6.31818181818182,11,6.9375,4.66666666666667,5,6.33333333333333,6.3125,8,3,2,3,8,2017,1372,645,272,507,1510,6.52241600396629,6.75576530612245,6.0260512868217,5.990625,6.2698224852071,6.60722720529801,187
"185",2017,1,6.56666666666667,15,6.57692307692308,6.5,5,5,6.67857142857143,13,2,1,1,14,2032,1385,647,273,508,1524,6.52274265748032,6.75408664259928,6.02751635239567,5.98699633699634,6.26732283464567,6.6078825984252,188
"186",2017,2,6.26923076923077,13,6.18181818181818,6.75,NA,NA,6.26923076923077,11,2,0,0,13,2045,1396,649,273,508,1537,6.52113109046455,6.74957736389685,6.02974280431433,5.98699633699634,6.26732283464567,6.60501826935589,189
"187",2017,3,6.92857142857143,7,6.625,7.33333333333333,7.33333333333333,NA,6.92857142857143,4,3,3,0,7,2052,1400,652,276,508,1544,6.52252099415205,6.74922142857143,6.0357409202454,6.00163043478261,6.26732283464567,6.60648515544041,190
"188",2017,4,5.35714285714286,7,5.5,5,6,4.83333333333333,5.75,5,2,1,3,4,2059,1405,654,277,511,1548,6.51855904808159,6.74477580071174,6.03257351681957,6.00162454873646,6.25890410958904,6.60427201550387,191
"189",2017,5,6.7,10,6.88888888888889,5,5,5,6.88888888888889,9,1,1,1,9,2069,1414,655,278,512,1557,6.5194359980667,6.74569306930693,6.03099706870229,5.99802158273381,6.2564453125,6.60591719974309,192
"190",2017,6,6.30125,8,5.985,7.25,7.25,NA,6.30125,6,2,2,0,8,2077,1420,657,280,512,1565,6.51859560905152,6.74247887323944,6.03470788432268,6.00696428571429,6.2564453125,6.60435979552716,193
"191",2017,7,6.75,6,6.875,6.5,5,6.5,6.875,4,2,1,2,4,2083,1424,659,281,514,1569,6.51926216034566,6.74285112359551,6.03612,6.00338078291815,6.25739299610895,6.60504976418101,194
"192",2017,8,6.5,10,6.83333333333333,6,3,6,6.71428571428571,6,4,1,3,7,2093,1430,663,282,517,1576,6.51917012900143,6.74323076923077,6.03590208144796,5.9927304964539,6.25589941972921,6.60553494923858,195
"193",2017,9,6.9375,8,7.16666666666667,6.25,4,7,6.92857142857143,6,2,1,1,7,2101,1436,665,283,518,1583,6.52076300809139,6.745,6.03654598496241,5.98568904593639,6.25733590733591,6.60696341124447,196
"194",2017,10,6.19,10,6.6125,4.5,3,5.3,6.57142857142857,8,2,1,3,7,2111,1444,667,284,521,1590,6.51919615348176,6.74426592797784,6.03193865067466,5.97517605633803,6.25182341650672,6.60680696855346,197
"195",2017,11,6.15909090909091,11,6.71428571428571,5.1875,4.875,5.375,6.33333333333333,7,4,2,2,9,2122,1451,671,286,523,1599,6.51732944392083,6.74412129565817,6.02690473919523,5.96748251748252,6.24847036328872,6.60526771732333,198
"196",2017,12,7.5125,8,8,7.22,6.05,NA,7.5125,3,5,2,0,8,2130,1454,676,288,523,1607,6.52106717370892,6.74671251719395,6.03572940828402,5.96805555555556,6.24847036328872,6.60978411947729,199
"197",2018,1,7.08333333333333,12,7.42857142857143,6.6,7,NA,7.08333333333333,7,5,3,0,12,2142,1461,681,291,523,1619,6.52421712418301,6.7499794661191,6.03987236417034,5.9786941580756,6.24847036328872,6.61329405806053,200
"198",2018,2,6.53846153846154,13,6.77777777777778,6,5.5,7,6.5,9,4,2,1,12,2155,1470,685,293,524,1631,6.52430305336427,6.75014965986395,6.03963953284672,5.97542662116041,6.24990458015267,6.61246050275904,201
"199",2018,3,6,4,6.66666666666667,4,NA,NA,6,3,1,0,0,4,2159,1473,686,293,524,1635,6.5233316720704,6.74997963340122,6.03666629737609,5.97542662116041,6.24990458015267,6.61096212844037,202
"200",2018,4,6.33333333333333,3,7,5,NA,8,5.5,2,1,0,1,2,2162,1475,687,293,525,1637,6.52306802960222,6.7503186440678,6.0351573216885,5.97542662116041,6.2532380952381,6.60960481368357,203
"201",2018,5,6.42857142857143,7,6.75,6,8,6,6.5,4,3,1,1,6,2169,1479,690,294,526,1643,6.52276306131858,6.75031778228533,6.03500446376812,5.98231292517007,6.2527566539924,6.6092045526476,204
"202",2018,6,7.85714285714286,7,8,7.5,NA,10,7.5,5,2,0,1,6,2176,1484,692,294,527,1649,6.52705564338235,6.75452830188679,6.03923855491329,5.98231292517007,6.25986717267552,6.61244577319588,205
"203",2018,7,6.85714285714286,7,7,6.5,6.5,7,6.83333333333333,5,2,2,1,6,2183,1489,694,296,528,1655,6.52811409986257,6.75535258562794,6.04056639769452,5.98581081081081,6.26126893939394,6.61324657401813,206
"204",2018,8,5.64285714285714,7,6.375,4.66666666666667,4.66666666666667,7.5,5.33333333333333,4,3,3,1,6,2190,1493,697,299,529,1661,6.52528451141553,6.75433355659745,6.03465291248207,5.97257525083612,6.26361058601134,6.60862316676701,207
"205",2018,9,7,1,7,NA,NA,NA,7,1,0,0,0,1,2191,1494,697,299,529,1662,6.5255011775445,6.75449799196787,6.03465291248207,5.97257525083612,6.26361058601134,6.60885865222623,208
"206",2018,10,7.33333333333333,6,7.75,6.5,7,8.5,7.1,4,2,1,1,5,2197,1498,699,300,530,1667,6.52770736458807,6.7571562082777,6.0359843776824,5.976,6.26783018867924,6.61033178164367,209
"207",2018,11,6.8,5,7.25,5,NA,5,7.25,4,1,0,1,4,2202,1502,700,300,531,1671,6.52832564940963,6.75846870838881,6.0345044,5.976,6.26544256120527,6.61186300418911,210
"208",2018,12,5.04166666666667,6,5.75,4.33333333333333,5,4.08333333333333,6,3,3,2,3,3,2208,1505,703,302,534,1674,6.52428581521739,6.7564584717608,6.02724477951636,5.96953642384106,6.25318352059925,6.61076647550776,211
"209",2019,1,7.07142857142857,14,6.77272727272727,8.16666666666667,8,6.5,7.16666666666667,11,3,1,2,12,2222,1516,706,303,536,1686,6.52773315931593,6.7565765171504,6.03633580736544,5.97623762376237,6.25410447761194,6.61472306049822,212
"210",2019,2,6.13,6,6.195,6,6,NA,6.13,4,2,2,0,6,2228,1520,708,305,536,1692,6.52666206463196,6.75509868421053,6.03623316384181,5.97639344262295,6.25410447761194,6.61300418439716,213
"211",2019,3,5.83333333333333,6,6.33333333333333,5.33333333333333,6,NA,5.83333333333333,3,3,3,0,6,2234,1523,711,308,536,1698,6.52479994628469,6.75426789231779,6.03326734177215,5.97662337662337,6.25410447761194,6.61024916372203,214
"212",2019,4,6,4,6,6,6,6,6,2,2,1,1,3,2238,1525,713,309,537,1701,6.52386196604111,6.75327868852459,6.03317402524544,5.97669902912621,6.2536312849162,6.60917288653733,215
"213",2019,5,5.83333333333333,3,6.5,5.5,4,6.5,5.5,1,2,1,1,2,2241,1526,715,310,538,1703,6.52293756358768,6.7531127129751,6.03168262937063,5.97032258064516,6.25408921933085,6.60787027598356,216
"214",2019,6,7.71428571428571,7,7.71428571428571,NA,NA,NA,7.71428571428571,7,0,0,0,7,2248,1533,715,310,538,1710,6.52664727758007,6.7575016307893,6.03168262937063,5.97032258064516,6.25408921933085,6.6123994619883,217
"215",2019,7,5.75,2,5.75,NA,NA,NA,5.75,2,0,0,0,2,2250,1535,715,310,538,1712,6.52595692444445,6.75618892508143,6.03168262937063,5.97032258064516,6.25408921933085,6.61139198598131,218
"216",2019,8,6.5,9,6.4375,7,NA,5,6.6875,8,1,0,1,8,2259,1543,716,310,539,1720,6.52585351040283,6.75453661697991,6.03303502793296,5.97032258064516,6.25176252319109,6.61174597674419,219
"217",2019,9,5.75,6,6,5.25,NA,5,6.125,4,2,0,2,4,2265,1547,718,310,541,1724,6.52379826931567,6.75258564964447,6.0308538718663,5.97032258064516,6.24713493530499,6.61061663573086,220
"218",2019,10,6.005,4,6.00666666666667,6,6,NA,6.005,3,1,1,0,4,2269,1550,719,311,541,1728,6.52288368444249,6.75114193548387,6.0308109596662,5.97041800643087,6.24713493530499,6.60921474537037,221
"219",2019,11,6.2125,8,6.925,5.5,3.5,5.06666666666667,6.9,4,4,2,3,5,2277,1554,723,313,544,1733,6.52179318401406,6.75158944658945,6.0278742461964,5.95463258785942,6.240625,6.61005371032891,222
"220",2019,12,6.54208333333333,6,7.1505,3.5,NA,3.5,7.1505,5,1,0,1,5,2283,1559,724,313,545,1738,6.52184650897941,6.75286882617062,6.02438270718232,5.95463258785942,6.23559633027523,6.61160850402762,223
"221",2020,1,5.73944444444444,18,6.29307692307692,4.3,3,5.625,5.77214285714286,13,5,1,4,14,2301,1572,729,314,549,1752,6.51572602346806,6.74906647582697,6.01255566529492,5.94522292993631,6.23114754098361,6.60490044520548,224
"222",2020,2,6.53846153846154,13,6.55555555555556,6.5,6,5,6.66666666666667,9,4,2,1,12,2314,1581,733,316,550,1764,6.51585375108038,6.74796489563567,6.01521566166439,5.94556962025316,6.22890909090909,6.60532062358277,225
"223",2020,3,7.125,8,7.14285714285714,7,7,NA,7.125,7,1,1,0,8,2322,1588,734,317,550,1772,6.5179524461671,6.74970560453401,6.01655732970027,5.94889589905363,6.22890909090909,6.60766680586907,226
"224",2020,4,6.8,5,5,7.25,6.5,6,7,1,4,2,1,4,2327,1589,738,319,551,1776,6.51855847872798,6.74860446821901,6.02324265582656,5.95235109717868,6.22849364791289,6.60855043918919,227
"225",2020,5,6.4,12,6.85,5.5,5,4.76666666666667,6.94444444444444,8,4,2,3,9,2339,1597,742,321,554,1785,6.51795022659256,6.74911239824671,6.02042194070081,5.94641744548286,6.22057761732852,6.61024402240896,228
"226",2020,6,6.75,4,6.75,NA,NA,NA,6.75,4,0,0,0,4,2343,1601,742,321,554,1789,6.51834638497653,6.74911461586508,6.02042194070081,5.94641744548286,6.22057761732852,6.61055650083846,229
"227",2020,7,7.52,5,7.52,NA,NA,9.1,7.125,5,0,0,1,4,2348,1606,742,321,555,1793,6.52047937819421,6.75151463262765,6.02042194070081,5.94641744548286,6.22576576576577,6.61170417177914,230
"228",2020,8,7.12,8,7.56571428571429,4,NA,7,7.13714285714286,7,1,0,1,7,2356,1613,743,321,556,1800,6.52251510186757,6.75504804711717,6.01770266487214,5.94641744548286,6.22715827338129,6.61374754444444,231
"229",2020,9,5.53333333333333,6,5.8,5,NA,NA,5.53333333333333,4,2,0,0,6,2362,1617,745,321,556,1806,6.52000236240474,6.75268552875696,6.01497057718121,5.94641744548286,6.22715827338129,6.61015812846069,232
"230",2020,10,6.9375,8,7.4,6.16666666666667,6,8,6.78571428571429,5,3,1,1,7,2370,1622,748,322,557,1813,6.5214116371308,6.75468094944513,6.01557898395722,5.94658385093168,6.23034111310592,6.61083595146167,233
"231",2020,11,5.83333333333333,6,6.25,5,6.5,6.5,5.7,4,2,1,1,5,2376,1626,750,323,558,1818,6.51967406565656,6.75343942189422,6.01287077333333,5.94829721362229,6.23082437275986,6.60833090209021,234
"232",2020,12,6.6,5,6.66666666666667,6.5,6.5,7,6.5,3,2,2,1,4,2381,1629,752,325,559,1822,6.51984274674506,6.7532796193984,6.01416632978723,5.95169230769231,6.23220035778175,6.60809307354555,235
"233",2021,1,6.5,7,6.75,5,NA,5,6.75,6,1,0,1,6,2388,1635,753,325,560,1828,6.51978458123953,6.75326758409786,6.01281949535193,5.95169230769231,6.23,6.6085588512035,236
"234",2021,2,6.25,4,5,6.66666666666667,6,6,6.33333333333333,1,3,1,1,3,2392,1636,756,326,561,1831,6.51933343645485,6.75219590464548,6.01541412698413,5.95184049079754,6.22959001782531,6.60810790824686,237
"235",2021,3,6.6,5,6.6,NA,NA,7.5,6,5,0,0,2,3,2397,1641,756,326,563,1834,6.51950170212766,6.75173217550274,6.01541412698413,5.95184049079754,6.23410301953819,6.60711318429662,238
"236",2021,4,5.73888888888889,9,6.52142857142857,3,NA,7.65,5.5,7,2,0,1,8,2406,1648,758,326,564,1842,6.51658170407315,6.75075394417476,6.00745788918206,5.95184049079754,6.2366134751773,6.60230487513572,239
"237",2021,5,7.1,3,7.1,NA,NA,NA,7.1,3,0,0,0,3,2409,1651,758,326,564,1845,6.51730825238688,6.75138855239249,6.00745788918206,5.95184049079754,6.2366134751773,6.60311413550135,240
"238",2021,6,7.44444444444444,9,7.375,8,NA,NA,7.44444444444444,8,1,0,0,9,2418,1659,759,326,564,1854,6.52075913151365,6.75439572031344,6.01008310935441,5.95184049079754,6.2366134751773,6.60719826321467,241
"239",2021,7,6,1,6,NA,NA,NA,6,1,0,0,0,1,2419,1660,759,326,564,1855,6.52054385283175,6.75394126506024,6.01008310935441,5.95184049079754,6.2366134751773,6.60687093261455,242
"240",2021,8,6.6875,8,7.16666666666667,5.25,4,NA,6.6875,6,2,1,0,8,2427,1666,761,327,564,1863,6.52109418211784,6.75542767106843,6.00808551905388,5.94587155963303,6.2366134751773,6.60721716586151,243
"241",2021,9,6.1,5,7,4.75,NA,3,6.875,3,2,0,1,4,2432,1669,763,327,565,1867,6.52022844572368,6.75586728579988,6.00478778505898,5.94587155963303,6.23088495575221,6.60779088377075,244
"242",2021,10,5.91666666666667,6,7.16666666666667,4.66666666666667,4.66666666666667,9,5.3,3,3,3,1,5,2438,1672,766,330,566,1872,6.51874305988515,6.75660436602871,5.99954710182768,5.93424242424242,6.23577738515901,6.6042978525641,245
"243",2021,11,5.22222222222222,9,5.42857142857143,4.5,4.5,6,5,7,2,2,2,7,2447,1679,768,332,568,1879,6.51397449121373,6.75106759976176,5.99564203125,5.92560240963855,6.23494718309859,6.59832122405535,246
"244",2021,12,6.26230769230769,13,6.64285714285714,5.81833333333333,6.1025,6.875,5.99,7,6,4,4,9,2460,1686,774,336,572,1888,6.51264454471545,6.75061832740213,5.99426754521964,5.92770833333333,6.23942307692308,6.59542138771186,247
"245",2022,1,7.05,10,7,7.25,7.25,NA,7.05,8,2,2,0,10,2470,1694,776,338,572,1898,6.51482007287449,6.75179604486423,5.99750396907216,5.9355325443787,6.23942307692308,6.59781642781876,248
"246",2022,2,7,9,7,NA,NA,8.5,6.57142857142857,9,0,0,2,7,2479,1703,776,338,574,1905,6.51658151674062,6.7531077510276,5.99750396907216,5.9355325443787,6.24729965156794,6.59771946456693,249
"247",2022,3,5.66666666666667,6,6,4,NA,NA,5.66666666666667,5,1,0,0,6,2485,1708,777,338,574,1911,6.5145294084507,6.7509031030445,5.99493317889318,5.9355325443787,6.24729965156794,6.59479622187336,250
"248",2022,4,6.57142857142857,7,6.5,6.66666666666667,6,8,6.33333333333333,4,3,2,1,6,2492,1712,780,340,575,1917,6.51468923756019,6.75031688084112,5.99751676923077,5.93591176470588,6.25034782608696,6.59397787167449,251
"249",2022,5,4.2,5,5.5,3.33333333333333,NA,2.5,5.33333333333333,2,3,0,2,3,2497,1714,783,340,577,1920,6.51005429715659,6.74885793465578,5.98730916985951,5.93591176470588,6.23734835355286,6.59200811458333,252
"250",2022,6,3.5,2,3.5,NA,NA,NA,3.5,2,0,0,0,2,2499,1716,783,340,577,1922,6.50764529011604,6.74507138694639,5.98730916985951,5.93591176470588,6.23734835355286,6.58879062434964,253
"251",2022,7,5.58333333333333,6,5.25,6.25,8.5,NA,5.58333333333333,4,2,1,0,6,2505,1720,785,341,577,1928,6.50543136926147,6.74159447674419,5.98797844585987,5.94343108504399,6.23734835355286,6.58566160788382,254
"252",2022,8,6.14444444444444,9,6,6.43333333333333,7.8,5,6.2875,6,3,1,1,8,2514,1726,788,342,578,1936,6.50413905330151,6.73901651216686,5.98967395939086,5.9488596491228,6.23520761245675,6.58442953512397,255
"253",2022,9,4.66666666666667,3,5.5,3,NA,4,5,2,1,0,1,2,2517,1728,789,342,579,1938,6.50194897894318,6.73758246527778,5.98588476552598,5.9488596491228,6.23134715025907,6.58279441692466,256
"254",2022,10,5.91666666666667,6,6.375,5,6,NA,5.91666666666667,4,2,1,0,6,2523,1732,791,343,579,1944,6.5005571066191,6.73674509237875,5.98339201011378,5.94900874635568,6.23134715025907,6.58073846707819,257
"255",2022,11,7.4,5,7,7.66666666666667,6.5,7,7.5,2,3,2,1,4,2528,1734,794,345,580,1948,6.50233606803797,6.73704873125721,5.98975198992443,5.95220289855072,6.2326724137931,6.58262606776181,258
"256",2022,12,6.25,8,7,5,NA,4,6.57142857142857,5,3,0,1,7,2536,1739,797,345,581,1955,6.50154005520504,6.73780477285796,5.98602644918444,5.95220289855072,6.22882960413081,6.58258597442455,259
