"","year","month","avg_rating","no_ratings","avg_rating_owned","avg_rating_not_owned","avg_rating_prev_owned","avg_rating_comment","avg_rating_no_comment","no_ratings_owned","no_ratings_not_owned","no_ratings_prev_owned","no_ratings_comment","no_ratings_no_comment","cum_no_ratings","cum_no_ratings_owned","cum_no_ratings_not_owned","cum_no_ratings_prev_owned","cum_no_ratings_comment","cum_no_ratings_no_comment","cum_avg_rating","cum_avg_rating_owned","cum_avg_rating_not_owned","cum_avg_rating_prev_owned","cum_avg_rating_comment","cum_avg_rating_no_comment","month_after_release"
"1",2001,8,8,1,NA,8,NA,8,NA,0,1,0,1,0,1,0,1,0,1,0,8,NA,8,NA,8,NA,3
"2",2001,12,10,1,10,NA,NA,10,NA,1,0,0,1,0,2,1,1,0,2,0,9,10,8,NA,9,NA,7
"3",2002,3,10,1,10,NA,NA,NA,10,1,0,0,0,1,3,2,1,0,2,1,9.33333333333333,10,8,NA,9,10,10
"4",2002,4,9,2,9,NA,NA,10,8,2,0,0,1,1,5,4,1,0,3,2,9.2,9.5,8,NA,9.33333333333333,9,11
"5",2002,5,8,1,8,NA,NA,8,NA,1,0,0,1,0,6,5,1,0,4,2,9,9.2,8,NA,9,9,12
"6",2002,6,5.66666666666667,3,6,5.5,NA,6,5.5,1,2,0,1,2,9,6,3,0,5,4,7.88888888888889,8.66666666666667,6.33333333333333,NA,8.4,7.25,13
"7",2002,8,7,1,7,NA,NA,NA,7,1,0,0,0,1,10,7,3,0,5,5,7.8,8.42857142857143,6.33333333333333,NA,8.4,7.2,15
"8",2002,9,8.5,2,10,7,NA,NA,8.5,1,1,0,0,2,12,8,4,0,5,7,7.91666666666667,8.625,6.5,NA,8.4,7.57142857142857,16
"9",2002,10,7.66666666666667,3,10,3,NA,10,6.5,2,1,0,1,2,15,10,5,0,6,9,7.86666666666667,8.9,5.8,NA,8.66666666666667,7.33333333333333,17
"10",2002,11,5.5,2,NA,5.5,NA,NA,5.5,0,2,0,0,2,17,10,7,0,6,11,7.58823529411765,8.9,5.71428571428571,NA,8.66666666666667,7,18
"11",2002,12,7,3,8.5,4,NA,NA,7,2,1,0,0,3,20,12,8,0,6,14,7.5,8.83333333333333,5.5,NA,8.66666666666667,7,19
"12",2003,1,8.5,2,8.5,NA,NA,10,7,2,0,0,1,1,22,14,8,0,7,15,7.59090909090909,8.78571428571429,5.5,NA,8.85714285714286,7,20
"13",2003,2,7.33333333333333,3,7.33333333333333,NA,NA,8,7,3,0,0,1,2,25,17,8,0,8,17,7.56,8.52941176470588,5.5,NA,8.75,7,21
"14",2003,3,7.5,3,7.25,8,NA,8,6.5,2,1,0,2,1,28,19,9,0,10,18,7.55357142857143,8.39473684210526,5.77777777777778,NA,8.6,6.97222222222222,22
"15",2003,4,8.5,4,8.5,NA,NA,8.33333333333333,9,4,0,0,3,1,32,23,9,0,13,19,7.671875,8.41304347826087,5.77777777777778,NA,8.53846153846154,7.07894736842105,23
"16",2003,5,7,2,8,6,NA,NA,7,1,1,0,0,2,34,24,10,0,13,21,7.63235294117647,8.39583333333333,5.8,NA,8.53846153846154,7.07142857142857,24
"17",2003,6,7.25,4,7.66666666666667,6,NA,7,7.33333333333333,3,1,0,1,3,38,27,11,0,14,24,7.59210526315789,8.31481481481481,5.81818181818182,NA,8.42857142857143,7.10416666666667,25
"18",2003,7,7.925,20,8.81818181818182,6.83333333333333,NA,7.66666666666667,7.97058823529412,11,9,0,3,17,58,38,20,0,17,41,7.70689655172414,8.46052631578947,6.275,NA,8.29411764705882,7.46341463414634,26
"19",2003,8,8.42857142857143,7,8.4,8.5,NA,8.75,8,5,2,0,4,3,65,43,22,0,21,44,7.78461538461538,8.45348837209302,6.47727272727273,NA,8.38095238095238,7.5,27
"20",2003,9,8.91666666666667,6,9.5,8.625,10,9,8.875,2,4,1,2,4,71,45,26,1,23,48,7.88028169014085,8.5,6.80769230769231,10,8.43478260869565,7.61458333333333,28
"21",2003,10,8.25,4,9,7.5,NA,10,7.66666666666667,2,2,0,1,3,75,47,28,1,24,51,7.9,8.52127659574468,6.85714285714286,10,8.5,7.61764705882353,29
"22",2003,11,8.2,5,9,7,NA,9,7,3,2,0,3,2,80,50,30,1,27,53,7.91875,8.55,6.86666666666667,10,8.55555555555556,7.59433962264151,30
"23",2003,12,7.57142857142857,7,8,6.5,NA,8.5,7.2,5,2,0,2,5,87,55,32,1,29,58,7.89080459770115,8.5,6.84375,10,8.55172413793103,7.56034482758621,31
"24",2004,1,9,1,9,NA,NA,9,NA,1,0,0,1,0,88,56,32,1,30,58,7.90340909090909,8.50892857142857,6.84375,10,8.56666666666667,7.56034482758621,32
"25",2004,2,7.72222222222222,9,8.21428571428571,6,NA,8.875,6.8,7,2,0,4,5,97,63,34,1,34,63,7.88659793814433,8.47619047619048,6.79411764705882,10,8.60294117647059,7.5,33
"26",2004,3,8.33333333333333,6,8.25,8.5,NA,NA,8.33333333333333,4,2,0,0,6,103,67,36,1,34,69,7.9126213592233,8.46268656716418,6.88888888888889,10,8.60294117647059,7.57246376811594,34
"27",2004,4,7.2,5,7.5,7,NA,7.66666666666667,6.5,2,3,0,3,2,108,69,39,1,37,71,7.87962962962963,8.43478260869565,6.8974358974359,10,8.52702702702703,7.54225352112676,35
"28",2004,5,7.5,4,7.5,7.5,10,7.33333333333333,8,2,2,1,3,1,112,71,41,2,40,72,7.86607142857143,8.40845070422535,6.92682926829268,10,8.4375,7.54861111111111,36
"29",2004,6,6.25,4,9,3.5,NA,8,5.66666666666667,2,2,0,1,3,116,73,43,2,41,75,7.81034482758621,8.42465753424658,6.76744186046512,10,8.42682926829268,7.47333333333333,37
"30",2004,7,7.8,5,9,7,NA,7.5,8,2,3,0,2,3,121,75,46,2,43,78,7.8099173553719,8.44,6.78260869565217,10,8.38372093023256,7.49358974358974,38
"31",2004,8,6.5,2,6,7,NA,NA,6.5,1,1,0,0,2,123,76,47,2,43,80,7.78861788617886,8.40789473684211,6.78723404255319,10,8.38372093023256,7.46875,39
"32",2004,9,7.25,4,7,7.33333333333333,NA,6.5,8,1,3,0,2,2,127,77,50,2,45,82,7.77165354330709,8.38961038961039,6.82,10,8.3,7.48170731707317,40
"33",2004,10,8.33333333333333,3,8,9,NA,8.33333333333333,NA,2,1,0,3,0,130,79,51,2,48,82,7.78461538461538,8.37974683544304,6.86274509803922,10,8.30208333333333,7.48170731707317,41
"34",2004,11,8.4,5,8.4,NA,NA,8.33333333333333,8.5,5,0,0,3,2,135,84,51,2,51,84,7.80740740740741,8.38095238095238,6.86274509803922,10,8.30392156862745,7.50595238095238,42
"35",2004,12,7.33333333333333,6,8.33333333333333,6.33333333333333,NA,6.66666666666667,8,3,3,0,3,3,141,87,54,2,54,87,7.78723404255319,8.37931034482759,6.83333333333333,10,8.21296296296296,7.52298850574713,43
"36",2005,1,7.08888888888889,9,7.13333333333333,7,NA,6.82857142857143,8,6,3,0,7,2,150,93,57,2,61,89,7.74533333333333,8.2989247311828,6.84210526315789,10,8.05409836065574,7.53370786516854,44
"37",2005,2,7.76666666666667,9,8.4,6.975,NA,7.75,7.78,5,4,0,4,5,159,98,61,2,65,94,7.74654088050314,8.30408163265306,6.85081967213115,10,8.03538461538462,7.5468085106383,45
"38",2005,3,8.25,6,8.875,7,NA,8,8.5,4,2,0,3,3,165,102,63,2,68,97,7.76484848484849,8.3264705882353,6.85555555555556,10,8.03382352941177,7.57628865979381,46
"39",2005,4,8.73333333333333,9,9.1,8,NA,8.6,9,6,3,0,6,3,174,108,66,2,74,100,7.81494252873563,8.36944444444445,6.90757575757576,10,8.07972972972973,7.619,47
"40",2005,5,6.33333333333333,3,7,6,NA,5.5,8,1,2,0,2,1,177,109,68,2,76,101,7.78983050847458,8.35688073394496,6.88088235294118,10,8.01184210526316,7.62277227722772,48
"41",2005,7,8.35714285714286,7,8.5,7.5,NA,9,8.1,6,1,0,2,5,184,115,69,2,78,106,7.81141304347826,8.36434782608696,6.88985507246377,10,8.03717948717949,7.64528301886792,50
"42",2005,8,8,6,9.33333333333333,6.66666666666667,7,9,7.5,3,3,1,2,4,190,118,72,3,80,110,7.81736842105263,8.38898305084746,6.88055555555556,9,8.06125,7.64,51
"43",2005,9,7.07142857142857,7,7.33333333333333,6.875,NA,6.625,7.66666666666667,3,4,0,4,3,197,121,76,3,84,113,7.79086294416244,8.36280991735538,6.88026315789474,9,7.99285714285715,7.64070796460177,52
"44",2005,10,6.90909090909091,11,7.5,6.57142857142857,NA,7.85714285714286,5.25,4,7,0,7,4,208,125,83,3,91,117,7.74423076923077,8.3352,6.85421686746988,9,7.98241758241759,7.55897435897436,53
"45",2005,11,8.23214285714286,14,8.75,7.71428571428571,NA,7.975,8.875,7,7,0,10,4,222,132,90,3,101,121,7.775,8.35719696969697,6.92111111111111,9,7.98168316831683,7.60247933884297,54
"46",2005,12,6.85,10,7.25,6.75,9,6.66666666666667,7.125,2,8,1,6,4,232,134,98,4,107,125,7.73512931034483,8.34067164179105,6.90714285714286,9,7.90794392523365,7.5872,55
"47",2006,1,7.61538461538461,13,8.5,6.2,NA,7.83333333333333,7.42857142857143,8,5,0,6,7,245,142,103,4,113,132,7.72877551020408,8.34964788732395,6.87281553398058,9,7.90398230088496,7.57878787878788,56
"48",2006,2,7.66666666666667,12,8.25,7.08333333333333,NA,7.5,7.75,6,6,0,4,8,257,148,109,4,117,140,7.72587548638132,8.34560810810811,6.88440366972477,9,7.89017094017094,7.58857142857143,57
"49",2006,3,7.70833333333333,12,8.08333333333333,7.33333333333333,NA,8.16666666666667,7.55555555555556,6,6,0,3,9,269,154,115,4,120,149,7.72509293680297,8.33538961038961,6.90782608695652,9,7.89708333333334,7.58657718120805,58
"50",2006,4,8.33333333333333,6,8.6,7,NA,8.75,7.5,5,1,0,4,2,275,159,116,4,124,151,7.73836363636364,8.3437106918239,6.90862068965517,9,7.92459677419355,7.58543046357616,59
"51",2006,5,7.6875,8,8.7,6,NA,6.5,8.4,5,3,0,3,5,283,164,119,4,127,156,7.736925795053,8.35457317073171,6.88571428571429,9,7.89094488188977,7.61153846153846,60
"52",2006,6,8,8,8.25,7.75,NA,7.75,8.25,4,4,0,4,4,291,168,123,4,131,160,7.74415807560138,8.35208333333333,6.91382113821138,9,7.88664122137405,7.6275,61
"53",2006,7,6.90909090909091,11,9,6.44444444444444,8,7.8,6.16666666666667,2,9,1,5,6,302,170,132,5,136,166,7.7137417218543,8.35970588235294,6.88181818181818,8.8,7.88345588235294,7.57469879518072,62
"54",2006,8,7.57916666666667,12,7.88333333333333,6.66666666666667,NA,7.5,7.61875,9,3,0,4,8,314,179,135,5,140,174,7.70859872611465,8.33575418994414,6.87703703703704,8.8,7.8725,7.57672413793103,63
"55",2006,9,8.25,20,8.66666666666667,7.90909090909091,NA,7.72222222222222,8.68181818181818,9,11,0,9,11,334,188,146,5,149,185,7.74101796407186,8.35159574468085,6.95479452054794,8.8,7.86342281879195,7.64243243243243,64
"56",2006,10,8.11363636363636,11,8.75,7.58333333333333,NA,8.9,7.45833333333333,5,6,0,5,6,345,193,152,5,154,191,7.75289855072464,8.3619170984456,6.9796052631579,8.8,7.89707792207792,7.63664921465969,65
"57",2006,11,7.44736842105263,19,8.6,6.16666666666667,10,8.5,6.5,10,9,1,9,10,364,203,161,6,163,201,7.73695054945055,8.37364532019705,6.93416149068323,9,7.93036809815951,7.58009950248756,66
"58",2006,12,8.01666666666667,24,8.72307692307692,7.18181818181818,7,8.125,7.90833333333333,13,11,1,12,12,388,216,172,7,175,213,7.75425257731959,8.39467592592593,6.95,8.71428571428571,7.94371428571429,7.59859154929577,67
"59",2007,1,8.18620689655172,29,8.4625,7.84615384615385,NA,7.95384615384615,8.375,16,13,0,13,16,417,232,185,7,188,229,7.78429256594724,8.39935344827587,7.01297297297297,8.71428571428571,7.94441489361702,7.6528384279476,68
"60",2007,2,7.464009375,16,8.33333333333333,6.942415,NA,7.27142857142857,7.61379444444444,6,10,0,7,9,433,238,195,7,195,238,7.77245762124711,8.39768907563026,7.00935461538462,8.71428571428571,7.92025641025641,7.65136197478992,69
"61",2007,3,8.07954545454546,22,8.171875,7.83333333333333,NA,8.08333333333333,8.075,16,6,0,12,10,455,254,201,7,207,248,7.78730582417582,8.38346456692914,7.03395099502488,8.71428571428571,7.92971014492754,7.66844415322581,70
"62",2007,4,7.625,12,8.0625,6.75,6,7.75,7.5,8,4,1,6,6,467,262,205,8,213,254,7.7831352248394,8.37366412213741,7.02841048780488,8.375,7.92464788732395,7.66446515748031,71
"63",2007,5,8.28125,16,9.05555555555556,7.28571428571429,8,8.33333333333333,8.25,9,7,1,6,10,483,271,212,9,219,264,7.79963592132505,8.39630996309963,7.03690636792453,8.33333333333333,7.93584474885845,7.68664450757576,72
"64",2007,6,7.53125,16,8.55555555555556,6.21428571428571,NA,8,7.16666666666667,9,7,0,7,9,499,280,219,9,226,273,7.79103036072144,8.40142857142857,7.01061255707763,8.33333333333333,7.93783185840708,7.66950238095238,73
"65",2007,7,7.825,20,8.15,7.5,8.5,8.3,7.35,10,10,1,10,10,519,290,229,10,236,283,7.7923394026975,8.39275862068966,7.03198318777293,8.35,7.9531779661017,7.65821254416961,74
"66",2007,8,8.38888888888889,18,8.69230769230769,7.6,NA,8.75,8.1,13,5,0,8,10,537,303,234,10,244,293,7.81233547486034,8.40561056105611,7.0441202991453,8.35,7.97930327868853,7.67329061433447,75
"67",2007,9,8.42307692307692,13,8.78571428571429,8,NA,8.7,8.25,7,6,0,5,8,550,310,240,10,249,301,7.82677118181818,8.4141935483871,7.06801729166667,8.35,7.99377510040161,7.68861843853821,76
"68",2007,10,8.11388888888889,18,8.67083333333333,7,NA,8.00384615384615,8.4,12,6,0,13,5,568,322,246,10,262,306,7.83586998239437,8.42375776397516,7.06635833333333,8.35,7.99427480916031,7.70024232026144,77
"69",2007,11,7.68777777777778,45,8.80555555555556,6.94259259259259,7.5,7.77631578947368,7.62307692307692,18,27,2,19,26,613,340,273,12,281,332,7.82499861337684,8.4439705882353,7.05411776556777,8.20833333333333,7.97953736654804,7.69419924698795,78
"70",2007,12,7.47272727272727,55,7.94444444444444,7.01785714285714,8,7.6551724137931,7.26923076923077,27,28,1,29,26,668,367,301,13,310,358,7.79599423652695,8.40722070844687,7.05074468438538,8.19230769230769,7.9491935483871,7.66333561452514,79
"71",2008,1,7.7,30,9,6.83333333333333,NA,7.5625,7.85714285714286,12,18,0,16,14,698,379,319,13,326,372,7.79186840974212,8.42598944591029,7.03847695924765,8.19230769230769,7.93021472392638,7.67062943548387,80
"72",2008,2,7.84848484848485,33,8.42857142857143,7.42105263157895,9,7.8,7.88888888888889,14,19,1,15,18,731,393,338,14,341,390,7.79442428180575,8.42608142493639,7.05998269230769,8.25,7.92448680351906,7.68070294871795,81
"73",2008,3,7.34310344827586,29,7.78,6.875,7.33333333333333,7.465625,7.19230769230769,15,14,3,16,13,760,408,352,17,357,403,7.77720282894737,8.40232843137255,7.05262542613636,8.08823529411764,7.90392156862745,7.66494826302729,82
"74",2008,4,7.48421052631579,19,8.42857142857143,6.93333333333333,8,7.96666666666667,7.05,7,12,1,9,10,779,415,364,18,366,413,7.77005667522465,8.40277108433735,7.04869271978022,8.08333333333333,7.90546448087432,7.65005847457627,83
"75",2008,5,8.62804761904762,21,8.88461538461539,8.211125,NA,8.717,8.25,13,8,0,17,4,800,428,372,18,383,417,7.7925789375,8.41740654205608,7.07369126344086,8.08333333333333,7.94148563968668,7.65581330935252,84
"76",2008,6,7.67708333333333,24,7.96666666666667,7.19444444444444,NA,7.98611111111111,6.75,15,9,0,18,6,824,443,381,18,401,423,7.78921498786408,8.40214446952596,7.0765437007874,8.08333333333333,7.94348877805486,7.64296489361702,85
"77",2008,7,8.42307692307692,26,8.83333333333333,7.86363636363636,7.5,8.5,8.35714285714286,15,11,1,12,14,850,458,392,19,413,437,7.80860370588235,8.41626637554585,7.09863048469388,8.05263157894737,7.95965859564165,7.66584473684211,86
"78",2008,8,7.96296296296296,27,8.6875,6.90909090909091,NA,8.04166666666667,7.9,16,11,0,12,15,877,474,403,19,425,452,7.81335592930445,8.42542194092827,7.09345694789082,8.05263157894737,7.96197411764706,7.67361537610619,87
"79",2008,9,7.55952380952381,21,8.35,6.84090909090909,7.65,8.02727272727273,7.045,10,11,2,11,10,898,484,414,21,436,462,7.80741998886414,8.42386363636364,7.08674673913043,8.01428571428571,7.96362155963303,7.66000898268398,88
"80",2008,10,8.79545454545454,22,8.92857142857143,8.5625,8.66666666666667,8.68181818181818,8.90909090909091,14,8,3,11,11,920,498,422,24,447,473,7.83104690217391,8.43805220883534,7.1147231042654,8.09583333333333,7.98129530201342,7.68905739957717,89
"81",2008,11,7.84615384615385,26,8.03846153846154,7.65384615384615,7.25,8,7.75,13,13,2,10,16,946,511,435,26,457,489,7.83146210359408,8.42788649706458,7.13083482758621,8.03076923076923,7.981704595186,7.69105143149284,90
"82",2008,12,8.04545454545454,22,8.22222222222222,7.25,7,7.77777777777778,8.23076923076923,18,4,1,9,13,968,529,439,27,466,502,7.83632556818182,8.42088846880907,7.13192061503417,7.99259259259259,7.9777660944206,7.705028187251,91
"83",2009,1,7.61341463414634,41,8.40476190476191,6.7825,NA,7.97619047619048,7.2325,21,20,0,21,20,1009,550,459,27,487,522,7.82726774033697,8.42027272727273,7.11669531590414,7.99259259259259,7.97769815195072,7.68692365900383,92
"84",2009,2,7.45104166666667,48,8.5375,6.675,NA,8.06818181818182,7.26756756756757,20,28,0,11,37,1057,570,487,27,498,559,7.81018273415326,8.42438596491228,7.0913001026694,7.99259259259259,7.97969678714859,7.65916663685152,93
"85",2009,3,7.59375,32,8.34375,6.84375,8,7.66666666666667,7.57692307692308,16,16,1,6,26,1089,586,503,28,504,585,7.80382291092746,8.4221843003413,7.08342574552684,7.99285714285714,7.97597023809524,7.65551136752137,94
"86",2009,4,7.47837837837838,37,8.33333333333333,7.20357142857143,NA,7.98571428571429,7.1695652173913,9,28,0,14,23,1126,595,531,28,518,608,7.79312890763766,8.42084033613445,7.08976111111111,7.99285714285714,7.97623359073359,7.63712853618421,95
"87",2009,5,7.51814814814815,27,8.25,6.93266666666667,9,7.9375,7.34157894736842,12,15,1,8,19,1153,607,546,29,526,627,7.78668963573287,8.4174629324547,7.08544532967033,8.02758620689655,7.97564448669202,7.62817248803828,96
"88",2009,6,8.04242424242424,33,8.625,7.70952380952381,7.9,8.3,7.96,12,21,1,8,25,1186,619,567,30,534,652,7.79380535413153,8.42148626817447,7.10855934744268,8.02333333333334,7.98050374531835,7.64089593558282,97
"89",2009,7,8.22368421052632,38,8.83333333333333,7.82608695652174,NA,8.5,8.11111111111111,15,23,0,11,27,1224,634,590,30,545,679,7.80715126633987,8.43123028391167,7.13653076271186,8.02333333333334,7.99098899082569,7.65959374079529,98
"90",2009,8,7.91176470588235,34,8.625,7.27777777777778,6,8.88888888888889,7.56,16,18,2,9,25,1258,650,608,32,554,704,7.80997865659777,8.436,7.14071241776316,7.896875,8.00557581227437,7.65605703125,99
"91",2009,9,8.03414634146341,41,8.81904761904762,7.21,NA,8.42857142857143,7.82962962962963,21,20,0,14,27,1299,671,628,32,568,731,7.81705400307929,8.44798807749628,7.14291902866242,7.896875,8.01600176056338,7.66246805745554,100
"92",2009,10,7.89242424242424,33,8.91176470588235,6.809375,NA,9.20769230769231,7.0375,17,16,0,13,20,1332,688,644,32,581,751,7.81892128378378,8.45944767441861,7.13463222049689,7.896875,8.0426660929432,7.64582443408788,101
"93",2009,11,7.48571428571429,56,7.91666666666667,7.1625,7.75,7.91875,7.3125,24,32,2,16,40,1388,712,676,34,597,791,7.80547777377522,8.44115168539326,7.13595140532544,7.88823529411765,8.03934505862647,7.6289685840708,102
"94",2009,12,8.04878048780488,41,8.735,7.3952380952381,NA,9.25,7.55172413793103,20,21,0,12,29,1429,732,697,34,609,820,7.81245846745976,8.44918032786885,7.14376348637016,7.88823529411765,8.06320032840723,7.62623676829268,103
"95",2010,1,7.96041666666667,48,8.55555555555556,7.1952380952381,NA,8.34285714285714,7.80294117647059,27,21,0,14,34,1477,759,718,34,623,854,7.81726685849695,8.45296442687747,7.14526901114206,7.88823529411765,8.06948475120385,7.63327183840749,104
"96",2010,2,7.74255319148936,47,8.42105263157895,7.28214285714286,4,7.64285714285714,7.76,19,28,1,7,40,1524,778,746,35,630,894,7.81496269685039,8.45218508997429,7.15040636729222,7.77714285714286,8.06474444444444,7.63894200223714,105
"97",2010,3,7.18529411764706,34,8.16666666666667,6.08125,NA,7.54166666666667,6.99090909090909,18,16,0,12,22,1558,796,762,35,642,916,7.80122153401797,8.44572864321608,7.12795688976378,7.77714285714286,8.05496728971963,7.6233778930131,106
"98",2010,4,7.73095238095238,21,8.68,6.86818181818182,NA,8.26666666666667,7.64166666666667,10,11,0,3,18,1579,806,773,35,645,934,7.80028698543382,8.44863523573201,7.12426021992238,7.77714285714286,8.0559519379845,7.62373035331906,107
"99",2010,5,7.21470588235294,34,7.8,6.75263157894737,6,8.33333333333333,6.975,15,19,1,6,28,1613,821,792,36,651,962,7.78794367637942,8.436784409257,7.11534488636364,7.72777777777778,8.05850844854071,7.60484838877339,108
"100",2010,6,7.875,28,8,7.65,NA,9,7.425,18,10,0,8,20,1641,839,802,36,659,982,7.78942909811091,8.42741358760429,7.12201140897756,7.72777777777778,8.069937784522,7.60118548879837,109
"101",2010,7,7.71153846153846,26,8.46428571428571,6.83333333333333,6,7.9375,7.61111111111111,14,12,1,8,18,1667,853,814,37,667,1000,7.78821424715057,8.42801875732708,7.11775571253071,7.68108108108108,8.06834932533733,7.60136415,110
"102",2010,8,7.40853658536585,41,8.45454545454546,7.025,7.5,8.06818181818182,7.16666666666667,11,30,1,11,30,1708,864,844,38,678,1030,7.77910020491803,8.42835648148148,7.11445870853081,7.67631578947369,8.06834660766962,7.58870305825243,111
"103",2010,9,7.98611111111111,36,8.83333333333333,6.8,7,8.11764705882353,7.86842105263158,21,15,2,17,19,1744,885,859,40,695,1049,7.78337336582569,8.43796610169492,7.10896757857974,7.6425,8.06955251798561,7.59376944709247,112
"104",2010,10,7.73666666666667,45,8.06538461538462,7.28684210526316,9,8.28055555555556,7.37407407407407,26,19,1,18,27,1789,911,878,41,713,1076,7.78219851872554,8.42733260153677,7.11281679954442,7.67560975609756,8.0748793828892,7.58825664498141,113
"105",2010,11,7.55479452054795,73,8.51875,6.80243902439024,7,8.1,7.41379310344828,32,41,3,15,58,1862,943,919,44,728,1134,7.77328310955961,8.4304347826087,7.098969695321,7.62954545454546,8.07539697802198,7.57933346560847,114
"106",2010,12,8.05307575757576,66,8.48725641025641,7.42592592592593,8,8.25011538461538,7.925,39,27,2,26,40,1928,982,946,46,754,1174,7.78286107365145,8.43269144602852,7.10830142706131,7.64565217391304,8.08142175066313,7.59111086030664,115
"107",2011,1,8.00390625,64,8.52678571428571,7.59722222222222,8,8.29166666666667,7.9375,28,36,1,12,52,1992,1010,982,47,766,1226,7.78996292670683,8.4353,7.12622520366599,7.6531914893617,8.08471540469974,7.6058027324633,116
"108",2011,2,7.95263157894737,38,8.30588235294118,7.66666666666667,7.75,8.27777777777778,7.85172413793103,17,21,4,9,29,2030,1027,1003,51,775,1255,7.79300795566502,8.43315774099319,7.13754052841476,7.66078431372549,8.08695741935484,7.61148537848606,117
"109",2011,3,7.94017857142857,56,8.63518518518518,7.29310344827586,7.75,8.29736842105263,7.75675675675676,27,29,2,19,37,2086,1054,1032,53,794,1292,7.79695884467881,8.4383330170778,7.14191196705426,7.66415094339623,8.09199244332494,7.61564562693498,118
"110",2011,4,7.50232558139535,43,8.76666666666667,6.29545454545455,7,8.00666666666667,7.23214285714286,21,22,4,15,28,2129,1075,1054,57,809,1320,7.79100805542508,8.44474697674419,7.12424397533207,7.61754385964912,8.09041038318912,7.60751071969697,119
"111",2011,5,8.25333333333333,45,8.79130434782609,7.69090909090909,NA,8.85,8.08285714285714,23,22,0,10,35,2174,1098,1076,57,819,1355,7.80057780588777,8.45200637522769,7.13583006505576,7.61754385964912,8.09968498168498,7.61978904059041,120
"112",2011,6,7.9,52,8.86363636363636,7.19333333333333,5,7.83333333333333,7.92702702702703,22,30,2,15,37,2226,1120,1106,59,834,1392,7.80290033692722,8.46009196428572,7.13738982820976,7.52881355932203,8.09489448441247,7.62795556752874,121
"113",2011,7,8.19833333333333,60,8.60857142857143,7.624,NA,9.22666666666667,7.85555555555556,35,25,0,15,45,2286,1155,1131,59,849,1437,7.81327915573053,8.46459134199134,7.14814602122016,7.52881355932203,8.11489045936396,7.6350829157968,122
"114",2011,8,7.86481481481481,54,8.615625,6.77272727272727,9,8.77777777777778,7.68222222222222,32,22,2,9,45,2340,1187,1153,61,858,1482,7.81446844017094,8.46866301600674,7.14098278404163,7.57704918032787,8.12184382284382,7.63651427125506,123
"115",2011,9,8.12105263157895,38,8.67857142857143,7.79583333333333,8,8.4,8.03448275862069,14,24,2,9,29,2378,1201,1177,63,867,1511,7.81936759882254,8.47110990840966,7.15433572642311,7.59047619047619,8.12473125720877,7.64415231634679,124
"116",2011,10,7.36545454545455,55,8.7,6.60285714285714,6.64285714285714,7.875,7.15641025641026,20,35,7,16,39,2433,1221,1212,70,883,1550,7.80910651459104,8.47485913185914,7.13841018976898,7.49571428571429,8.12020611551529,7.63188009677419,125
"117",2011,11,7.81283783783784,74,8.45151515151515,7.29878048780488,NA,8.3125,7.675,33,41,0,16,58,2507,1254,1253,70,899,1608,7.80921665337056,8.47424481658693,7.14365774142059,7.49571428571429,8.12362847608454,7.63343541666667,126
"118",2011,12,8.20417910447761,67,8.648,7.71875,NA,8.60615384615385,8.10740740740741,35,32,0,13,54,2574,1289,1285,70,912,1662,7.81949733877234,8.47896276183088,7.15797910505837,7.49571428571429,8.13050657894737,7.64883522864019,127
"119",2012,1,7.7421875,64,8.61764705882353,6.75,8,8.18666666666667,7.60612244897959,34,30,2,15,49,2638,1323,1315,72,927,1711,7.81762173995451,8.48252683295541,7.14867159695818,7.50972222222222,8.13141531823085,7.64761201052016,128
"120",2012,2,8.01136363636364,44,9.14545454545454,6.87727272727273,8,8.2,7.91379310344828,22,22,1,15,29,2682,1345,1337,73,942,1740,7.82080020507084,8.49337026022305,7.14420579655946,7.51643835616438,8.13250743099788,7.65204836206897,129
"121",2012,3,8.07387021276596,47,8.618876,7.45454545454545,7,8.2,8.014746875,25,22,1,15,32,2729,1370,1359,74,957,1772,7.82515868449982,8.49566051094891,7.14922969094923,7.50945945945946,8.13356530825496,7.65859822234763,130
"122",2012,4,7.8416,50,8.545,7.19230769230769,7.5,7.91111111111111,7.82634146341463,24,26,2,9,41,2779,1394,1385,76,966,1813,7.82545449802087,8.4965099713056,7.15003837545126,7.50921052631579,8.13149275362319,7.6623916436845,131
"123",2012,5,7.666,50,8.42916666666667,6.96153846153846,NA,8.05,7.57,24,26,0,10,40,2829,1418,1411,76,976,1853,7.82263628490633,8.49537016925247,7.14656495393338,7.50921052631579,8.13065778688525,7.66039722072315,132
"124",2012,6,7.64655172413793,58,8.325,7.28947368421053,7.5,7.7,7.63404255319149,20,38,1,11,47,2887,1438,1449,77,987,1900,7.81909873571181,8.49300062586927,7.15031273291925,7.50909090909091,8.12585815602837,7.65974528947368,133
"125",2012,7,7.77666666666667,45,8.39473684210526,7.325,NA,8.4,7.59857142857143,19,26,0,10,35,2932,1457,1475,77,997,1935,7.81844749317872,8.49171921757035,7.1533919661017,7.50909090909091,8.12860782347041,7.65863878552971,134
"126",2012,8,7.93636363636364,44,9.01333333333333,7.37931034482759,9,7.3,8,15,29,2,4,40,2976,1472,1504,79,1001,1975,7.82019087701613,8.49703457880435,7.15774810505319,7.54683544303797,8.1252967032967,7.66555243037975,135
"127",2012,9,7.68125,32,8.60714285714286,6.96111111111111,7,8.6,7.51111111111111,14,18,1,5,27,3008,1486,1522,80,1006,2002,7.81871278257979,8.49807193808883,7.15542256898817,7.54,8.12765606361829,7.66346955544455,136
"128",2012,10,7.62142857142857,56,8.5,6.80344827586207,NA,7.86363636363636,7.56222222222222,27,29,0,11,45,3064,1513,1551,80,1017,2047,7.81510706592689,8.49810634500992,7.1488414893617,7.54,8.12480039331367,7.66124379579873,137
"129",2012,11,7.68235294117647,51,8.65625,7.23714285714286,7.66666666666667,8.5,7.37297297297297,16,35,3,14,37,3115,1529,1586,83,1031,2084,7.81293356340289,8.49976121648136,7.15079013240857,7.54457831325301,8.12989524733269,7.65612574376199,138
"130",2012,12,8.33362068965517,58,9.15972222222222,6.98181818181818,NA,8.38157894736842,8.31025641025641,36,22,0,19,39,3173,1565,1608,83,1050,2123,7.82245132366845,8.51494242811502,7.14847832711443,7.54457831325301,8.13444952380952,7.66814227508243,139
"131",2013,1,7.89305555555556,72,8.56052631578947,7.14705882352941,7,7.83333333333333,7.91296296296296,38,34,1,18,54,3245,1603,1642,84,1068,2177,7.82401788906009,8.51602301933874,7.14844893422655,7.53809523809524,8.12937453183521,7.67421499770326,140
"132",2013,2,8.13285714285714,49,9.0324,7.19583333333333,8.16666666666667,8.5,8.05025,25,24,3,9,40,3294,1628,1666,87,1077,2217,7.82861203703704,8.52395264127764,7.14913154261705,7.55977011494253,8.13247168059424,7.68099957149301,141
"133",2013,3,8.31854794520548,73,8.75918367346939,7.41891666666667,8,8.1836,8.35344827586207,49,24,3,15,58,3367,1677,1690,90,1092,2275,7.83923434808435,8.53082581991652,7.15296281065089,7.57444444444444,8.13317399267399,7.69814331868132,142
"134",2013,4,7.46224489795918,49,8.27,6.62083333333333,7.16666666666667,7.94444444444444,7.35375,25,24,3,9,40,3416,1702,1714,93,1101,2315,7.83382671252927,8.52699465334901,7.14551175612602,7.56129032258065,8.13163124432334,7.69219267818574,143
"135",2013,5,7.97016949152542,59,8.62466666666667,7.29310344827586,6,7.439,8.07857142857143,30,29,1,10,49,3475,1732,1743,94,1111,2364,7.8361415971223,8.52868643187067,7.147967383821,7.54468085106383,8.12539693969397,7.70020137478849,144
"136",2013,6,7.82363636363636,55,8.76190476190476,7.24411764705882,9,7.5625,7.86808510638298,21,34,1,8,47,3530,1753,1777,95,1119,2411,7.83594675637394,8.53148026240731,7.14980706246483,7.56,8.1213726541555,7.70347409788469,145
"137",2013,7,7.63818181818182,55,8.46086956521739,7.046875,NA,7.88888888888889,7.58913043478261,23,32,0,9,46,3585,1776,1809,95,1128,2457,7.83291270571827,8.53056582207208,7.1479862631288,7.56,8.11951773049645,7.70133335368335,146
"138",2013,8,7.90384615384615,52,8.74090909090909,7.29,8,8.88,7.67142857142857,22,30,1,10,42,3637,1798,1839,96,1138,2499,7.8339268765466,8.53313954393771,7.15030296356716,7.56458333333333,8.12620035149385,7.70083075230092,147
"139",2013,9,7.64035087719298,57,8.57142857142857,7.09722222222222,7.5,8.0625,7.57142857142857,21,36,2,8,49,3694,1819,1875,98,1146,2548,7.83093991608013,8.53358158328752,7.14928381333333,7.56326530612245,8.12575567190227,7.6983422488226,148
"140",2013,10,7.93648648648649,74,8.65909090909091,7.35487804878049,7,8.30357142857143,7.85083333333333,33,41,3,14,60,3768,1852,1916,101,1160,2608,7.83301275212314,8.53581798056156,7.15368327244259,7.54653465346535,8.12790172413793,7.70185047929448,149
"141",2013,11,7.60548780487805,82,7.94473684210526,7.3125,7,7.94545454545455,7.55281690140845,38,44,1,11,71,3850,1890,1960,102,1171,2679,7.82816676623377,8.52393380952381,7.15724854591837,7.54117647058824,8.1261878736123,7.69790072788354,150
"142",2013,12,7.82597402597403,77,8.82352941176471,7.03720930232558,8,7.92857142857143,7.8031746031746,34,43,2,14,63,3927,1924,2003,104,1185,2742,7.82812377132671,8.52922811850312,7.15467156764853,7.55,8.12385316455696,7.70031949307075,151
"143",2014,1,7.69137931034483,87,8.56571428571429,7.10288461538462,7,7.73333333333333,7.68263888888889,35,52,3,15,72,4014,1959,2055,107,1200,2814,7.82515995266567,8.52987998979071,7.15336114355231,7.53457943925234,8.11897166666667,7.6998671108742,152
"144",2014,2,8.02077922077922,77,8.5875,7.40810810810811,7,8.91666666666667,7.74745762711864,40,37,3,18,59,4091,1999,2092,110,1218,2873,7.82884186018088,8.53103296648325,7.15786670650096,7.52,8.13076026272578,7.70084443090846,153
"145",2014,3,7.96615384615385,65,8.375,7.65675675675676,9,8.22222222222222,7.925,28,37,2,9,56,4156,2027,2129,112,1227,2929,7.83098942492782,8.52887760236803,7.1665369422264,7.54642857142857,8.13143113284434,7.70513009559576,154
"146",2014,4,7.8875,64,8.81153846153846,7.25526315789474,5.33333333333333,8.3125,7.82678571428571,26,38,3,8,56,4220,2053,2167,115,1235,2985,7.83184645734597,8.53245733073551,7.16809282418089,7.48869565217391,8.132604048583,7.7074124120603,155
"147",2014,5,8.22321428571429,56,8.76,7.79032258064516,8.5,8.66666666666667,8.0609756097561,25,31,1,15,41,4276,2078,2198,116,1250,3026,7.83697194808232,8.5351948508181,7.17686858507734,7.49741379310345,8.1390128,7.712202924653,156
"148",2014,6,8.20689655172414,58,8.60606060606061,7.68,9.5,8.77777777777778,8.10204081632653,33,25,1,9,49,4334,2111,2223,117,1259,3075,7.84192248500231,8.5363026527712,7.18252683310841,7.51452991452991,8.14357903097697,7.71841497560975,157
"149",2014,7,8.10181818181818,55,8.81379310344828,7.30769230769231,5,8.09090909090909,8.10454545454546,29,26,1,11,44,4389,2140,2249,118,1270,3119,7.84517932330827,8.54006303738318,7.18397383281458,7.49322033898305,8.14312283464567,7.72386215133055,158
"150",2014,8,7.61810344827586,58,8.26875,7.15882352941177,7.5,8.5,7.51634615384615,24,34,2,6,52,4447,2164,2283,120,1276,3171,7.8422176860805,8.53705402033272,7.18359927726675,7.49333333333333,8.14480094043887,7.7204591769158,159
"151",2014,9,7.9375,44,7.94166666666667,7.93461538461538,7.5,8.45,7.76666666666667,18,26,3,11,33,4491,2182,2309,123,1287,3204,7.84315120240481,8.53214248395967,7.19205593330446,7.49349593495935,8.14740947940948,7.72093509675405,160
"152",2014,10,7.41132075471698,53,8.21052631578947,6.96470588235294,7,7.15,7.47209302325581,19,34,1,10,43,4544,2201,2343,124,1297,3247,7.83811444762324,8.5293661517492,7.18875678617157,7.48951612903226,8.13971935235158,7.7176396827841,161
"153",2014,11,7.60422535211268,71,8.37714285714286,6.85277777777778,7,8.05,7.47454545454545,35,36,1,16,55,4615,2236,2379,125,1313,3302,7.83451615384615,8.5269834078712,7.18367261454393,7.4856,8.13862604722011,7.71359056632344,162
"154",2014,12,7.94545454545455,77,8.3025,7.55945945945946,7.24,7.71764705882353,8.01,40,37,5,17,60,4692,2276,2416,130,1330,3362,7.83633675404945,8.52303818101933,7.18942762831126,7.47615384615385,8.13324511278195,7.71888044318857,163
"155",2015,1,7.8625,80,8.51111111111111,7.02857142857143,6,8.33333333333333,7.77941176470588,45,35,2,12,68,4772,2321,2451,132,1342,3430,7.83677536672255,8.52280693666523,7.18713062015504,7.45378787878788,8.13503427719821,7.72008048104956,164
"156",2015,2,7.47651515151515,66,8.38148148148148,6.85,10,8.125,7.38706896551724,27,39,1,8,58,4838,2348,2490,133,1350,3488,7.83186069656883,8.52118181431005,7.18185026104418,7.47293233082707,8.13497481481481,7.71454301892201,165
"157",2015,3,7.85746268656716,67,8.526,7.45952380952381,NA,7.15555555555556,7.96637931034483,25,42,0,9,58,4905,2373,2532,133,1359,3546,7.8322104077472,8.52123257479983,7.18645622037915,7.47293233082707,8.12848859455482,7.71866216864072,166
"158",2015,4,7.45816326530612,49,8.48947368421053,6.805,7.5,7.8375,7.38414634146341,19,30,2,8,41,4954,2392,2562,135,1367,3587,7.82851070851837,8.52098030936455,7.18198951990632,7.47333333333333,8.12678566203365,7.71483859771396,167
"159",2015,5,7.68630136986301,73,8.62,7.2,8.5,8.04545454545454,7.62258064516129,25,48,2,11,62,5027,2417,2610,137,1378,3649,7.8264456037398,8.5220045097228,7.18232074712644,7.48832116788321,8.12613642960813,7.71327104686215,168
"160",2015,6,7.7519298245614,57,8.378,7.2628125,9,8.53333333333333,7.66,25,32,1,6,51,5084,2442,2642,138,1384,3700,7.82561015932337,8.52053026208026,7.183295666162,7.49927536231884,8.12790173410405,7.71253677027027,169
"161",2015,7,7.80333333333333,60,8.83793103448276,6.83548387096774,5.33333333333333,7.27272727272727,7.92244897959184,29,31,3,11,49,5144,2471,2673,141,1395,3749,7.82535032076205,8.52425532173209,7.17926193415638,7.4531914893617,8.12115842293907,7.71528035476127,170
"162",2015,8,7.47391304347826,69,8.30208333333333,7.03222222222222,7,7,7.57368421052632,24,45,1,12,57,5213,2495,2718,142,1407,3806,7.82069864761174,8.52211819639279,7.17682750183959,7.45,8.11159630419332,7.71315976090383,171
"163",2015,9,7.88867924528302,53,8.96363636363636,7.1258064516129,NA,7.8,7.9093023255814,22,31,0,10,43,5266,2517,2749,142,1417,3849,7.8213828427649,8.52597731426301,7.176252146235,7.45,8.10939731827805,7.71535101325019,172
"164",2015,10,7.764,75,8.11666666666667,7.52888888888889,NA,8.10714285714286,7.68524590163934,30,45,0,14,61,5341,2547,2794,142,1431,3910,7.82057705485864,8.52115622300746,7.18193169291339,7.45,8.10937526205451,7.71488134271099,173
"165",2015,11,7.73333333333333,87,8.28095238095238,7.22222222222222,8.25,8.45,7.5958904109589,42,45,2,14,73,5428,2589,2839,144,1445,3983,7.81917871223287,8.5172595210506,7.18257032405777,7.46111111111111,8.11267543252595,7.71270048958071,174
"166",2015,12,7.97713043478261,115,8.49242424242424,7.2830612244898,8,8.08260869565217,7.95076086956522,66,49,1,23,92,5543,2655,2888,145,1468,4075,7.82245571892477,8.51664214689266,7.18427532894737,7.4648275862069,8.11220435967303,7.71807510429447,175
"167",2016,1,7.77758928571429,112,8.30851063829787,7.39369230769231,10,7.98611111111111,7.73765957446809,47,65,1,18,94,5655,2702,2953,146,1486,4169,7.82156711759505,8.51302179866766,7.18888491364714,7.48219178082192,8.11067698519516,7.71851668265771,176
"168",2016,2,7.74112903225806,62,8.61551724137931,6.97272727272727,7.16666666666667,8.05555555555556,7.6877358490566,29,33,3,9,53,5717,2731,2986,149,1495,4222,7.8206947787301,8.51411017942146,7.18649603148024,7.4758389261745,8.11034515050168,7.71813028185694,177
"169",2016,3,7.64366197183099,71,8.59615384615385,7.09333333333333,8.15,7.71428571428571,7.62631578947368,26,45,4,14,57,5788,2757,3031,153,1509,4279,7.81852315998618,8.51488389553863,7.18511288353679,7.49346405228758,8.10667064280981,7.71690723299836,178
"170",2016,4,7.66984126984127,63,8.44090909090909,7.25609756097561,7.5,8.11111111111111,7.5962962962963,22,41,2,9,54,5851,2779,3072,155,1518,4333,7.81692224406084,8.51429827275999,7.18606027018229,7.49354838709677,8.10669696969697,7.71540411954765,179
"171",2016,5,7.91904761904762,63,8.50185185185185,7.48194444444444,8.125,8.42307692307692,7.788,27,36,2,13,50,5914,2806,3108,157,1531,4383,7.81801015387217,8.514178510335,7.1894875,7.5015923566879,8.10938340953625,7.71623227241615,180
"172",2016,6,7.89637931034483,58,8.6676,7.31212121212121,9,8.05,7.8475,25,33,1,14,44,5972,2831,3141,158,1545,4427,7.81877127427997,8.51553334510774,7.19077591531359,7.51107594936709,8.10884530744337,7.71753694375423,181
"173",2016,7,7.59423076923077,52,8.36363636363636,7.03,6,9.33333333333333,7.36739130434783,22,30,1,6,46,6024,2853,3171,159,1551,4473,7.81683300962815,8.51436203995794,7.18925485651214,7.50157232704403,8.11358220502902,7.71393607198748,182
"174",2016,8,7.6,62,8.56153846153846,6.90555555555556,4,9,7.45,26,36,1,6,56,6086,2879,3207,160,1557,4529,7.81462406342425,8.51478808614103,7.18607020579981,7.4796875,8.11699807321773,7.71067256568779,183
"175",2016,9,7.81764705882353,68,8.275,7.4975,6.5,8.35,7.70357142857143,28,40,2,12,56,6154,2907,3247,162,1569,4585,7.81465746668833,8.51247846577228,7.18990672928857,7.46759259259259,8.11878011472276,7.71058583424209,184
"176",2016,10,7.48241935483871,62,8.0084,7.12702702702703,NA,8.28571428571429,7.38018181818182,25,37,0,7,55,6216,2932,3284,162,1576,4640,7.81134363738739,8.5081803888131,7.18919827953715,7.46759259259259,8.11952157360406,7.70666940732758,185
"177",2016,11,8.15588888888889,90,8.431,7.812,NA,8,8.16702380952381,50,40,0,6,84,6306,2982,3324,162,1582,4724,7.81626102917856,8.50688628437291,7.19669288507822,7.46759259259259,8.11906826801517,7.71485521803556,186
"178",2016,12,7.84383561643836,73,8.6027027027027,7.06388888888889,7,8.59090909090909,7.71129032258064,37,36,2,11,62,6379,3019,3360,164,1593,4786,7.81657658723938,8.5080605829745,7.19526998511905,7.46189024390244,8.12232642812304,7.71480903677392,187
"179",2017,1,7.84505494505494,91,8.58444444444445,7.12173913043478,8.33333333333333,7.93333333333333,7.82763157894737,45,46,3,15,76,6470,3064,3406,167,1608,4862,7.81697713292117,8.50918240861619,7.19427690839695,7.47754491017964,8.12056343283582,7.71657261415055,188
"180",2017,2,7.96133333333333,90,8.42741935483871,6.92928571428571,7,7.9375,7.96648648648649,62,28,1,16,74,6560,3126,3434,168,1624,4936,7.81895762957317,8.50756074856046,7.19211623471171,7.47470238095238,8.11875985221675,7.72031929700162,189
"181",2017,3,7.64634146341463,82,8.78529411764706,6.83958333333333,9,8.16,7.575,34,48,1,10,72,6642,3160,3482,169,1634,5008,7.81682656579343,8.51054901898735,7.18725650488225,7.48372781065089,8.11901223990209,7.7182300419329,190
"182",2017,4,7.98987341772152,79,8.68888888888889,7.06470588235294,NA,8.94444444444444,7.70819672131148,45,34,0,18,61,6721,3205,3516,169,1652,5069,7.81886059366165,8.51305301092044,7.18607143060296,7.48372781065089,8.12800605326877,7.7181093016374,191
"183",2017,5,7.77139240506329,79,8.45291666666667,6.71612903225806,7.5,8.56923076923077,7.61424242424242,48,31,2,13,66,6800,3253,3547,171,1665,5135,7.818309125,8.51216566246542,7.1819642373837,7.48391812865497,8.13145105105106,7.71677430379746,192
"184",2017,6,7.64340659340659,91,8.39722222222222,7.15,7.5,8.23611111111111,7.4972602739726,36,55,2,18,73,6891,3289,3602,173,1683,5208,7.81599942678856,8.5109075402858,7.18147616601888,7.48410404624277,8.13257040998218,7.71369739823348,193
"185",2017,7,7.95,78,8.49130434782609,7.171875,7,8.58333333333333,7.83484848484848,46,32,1,12,66,6969,3335,3634,174,1695,5274,7.81749921796527,8.51063715142429,7.18139162080352,7.48132183908046,8.13576165191741,7.71521350967008,194
"186",2017,8,7.51788235294118,85,8.24428571428571,7.0094,6,7.95,7.490875,35,50,3,5,80,7054,3370,3684,177,1700,5354,7.81388886447405,8.50787089020772,7.17905731541802,7.45621468926554,8.13521529411765,7.7118614213672,195
"187",2017,9,7.76492537313433,67,8.35344827586207,7.31578947368421,6.5,7.8,7.75877192982456,29,38,1,10,57,7121,3399,3722,178,1710,5411,7.8134281772223,8.50655336863784,7.18045329124127,7.45084269662921,8.13325497076024,7.71235558122343,196
"188",2017,10,7.82976470588235,85,8.48511111111111,7.0925,6.7,8.56666666666667,7.67185714285714,45,40,1,15,70,7206,3444,3762,179,1725,5481,7.81362087843463,8.50627319976772,7.17951811536417,7.44664804469274,8.13702376811595,7.71183835978836,197
"189",2017,11,7.35847457627119,118,8.36666666666667,6.73698630136986,6.9,7.90625,7.27254901960784,45,73,1,16,102,7324,3489,3835,180,1741,5583,7.80628782768978,8.50447259959874,7.17109443285528,7.44361111111111,8.13490292935095,7.70381265448683,198
"190",2017,12,7.7058152173913,92,8.38986111111111,7.26607142857143,7.16666666666667,7.83333333333333,7.69691860465116,36,56,3,6,86,7416,3525,3891,183,1747,5669,7.80504140372168,8.50330209929078,7.17246135954767,7.43907103825137,8.13386720091586,7.70370807020638,199
"191",2018,1,7.9152380952381,126,8.48230769230769,7.31098360655738,7,8.50961538461539,7.7607,65,61,2,26,100,7542,3590,3952,185,1773,5769,7.80688239856802,8.50292197771588,7.1745994812753,7.43432432432432,8.13937732656515,7.70469596983879,200
"192",2018,2,7.75928571428571,70,8.140625,7.43815789473684,7.25,7.5,7.8025,32,38,2,10,60,7612,3622,3990,187,1783,5829,7.80644469915922,8.49972112092767,7.17710956140351,7.43235294117647,8.13579136287157,7.7057027020072,201
"193",2018,3,7.9075,76,8.87787878787879,7.16279069767442,6,8.19,7.84920634920635,33,43,1,13,63,7688,3655,4033,188,1796,5892,7.80744368496358,8.50313540355677,7.17695689313167,7.42473404255319,8.13618374164811,7.70723710964019,202
"194",2018,4,8.17570043478261,69,8.72793103448276,7.77533325,8.75,8.811,8.06802254237288,29,40,2,10,59,7757,3684,4073,190,1806,5951,7.81071939925229,8.50490496742671,7.18283341026271,7.43868421052632,8.13992026578073,7.71081404469837,203
"195",2018,5,7.77439393939394,66,8.3471875,7.23529411764706,NA,7.6875,7.78637931034483,32,34,0,8,58,7823,3716,4107,190,1814,6009,7.81041293365716,8.50354679763186,7.18326770878987,7.43868421052632,8.1379250275634,7.71154341487768,204
"196",2018,6,7.38059701492537,67,8.06,6.82972972972973,7.125,8.28571428571429,7.275,30,37,4,7,60,7890,3746,4144,194,1821,6069,7.80676303929024,8.49999463427656,7.18011111969112,7.43221649484536,8.13849313563976,7.70722761245674,205
"197",2018,7,7.85217391304348,46,8.46666666666667,7.45714285714286,7.25,5,7.91555555555556,18,28,2,1,45,7936,3764,4172,196,1822,6114,7.80702625756048,8.49983525504783,7.18197039309684,7.43035714285714,8.13677058177827,7.70876093882891,206
"198",2018,8,7.44537313432836,67,8.62903225806452,6.42611111111111,7,8.33333333333333,7.35803278688525,31,36,1,6,61,8003,3795,4208,197,1828,6175,7.80399854804448,8.50089061923584,7.17550391634981,7.42817258883249,8.13741575492342,7.70529625587044,207
"199",2018,9,7.53448275862069,58,8.23214285714286,6.88333333333333,5,7.2375,7.582,28,30,1,8,50,8061,3823,4238,198,1836,6225,7.80205934499442,8.4989222861627,7.17343569608306,7.41590909090909,8.13349455337691,7.70430592449799,208
"200",2018,10,7.71517857142857,56,8.61111111111111,7.29078947368421,6.75,8.5,7.50113636363636,18,38,4,12,44,8117,3841,4276,202,1848,6269,7.80145994579278,8.49944803436605,7.17447859681946,7.40272277227723,8.13587445887446,7.70287994576487,209
"201",2018,11,7.74905882352941,85,8.58738095238095,6.93023255813953,8,8.64285714285714,7.66884615384615,42,43,2,7,78,8202,3883,4319,204,1855,6347,7.80091689587905,8.50039915014165,7.17204688122251,7.40857843137255,8.13778760107817,7.70246169528911,210
"202",2018,12,8.05285714285714,77,8.46236842105263,7.65384615384615,7.25,8.0225,8.05846153846154,38,39,4,12,65,8279,3921,4358,208,1867,6412,7.80326010146153,8.50003057893395,7.17635853143644,7.40552884615385,8.13704659882164,7.70607055208983,211
"203",2019,1,7.8242735042735,117,8.52233333333333,7.08947368421053,6.28571428571429,8.17857142857143,7.77611650485437,60,57,7,14,103,8396,3981,4415,215,1881,6515,7.80355292758456,8.5003667169053,7.17523680181201,7.36906976744186,8.13735566188198,7.70717795548733,212
"204",2019,2,8.14,70,8.5974358974359,7.56451612903226,NA,7.27272727272727,8.30169491525424,39,31,0,11,59,8466,4020,4446,215,1892,6574,7.8063347956532,8.50130843283582,7.17795107512371,7.36906976744186,8.13232875264271,7.71251359598418,213
"205",2019,3,7.95,68,8.43939393939394,7.48857142857143,6.875,7.71428571428571,7.97704918032787,33,35,4,7,61,8534,4053,4481,219,1899,6635,7.80747953831732,8.50080431778929,7.18037725507699,7.36004566210046,8.13078778304371,7.71494564883195,214
"206",2019,4,7.90862068965517,58,8.69230769230769,7.271875,9,8.35714285714286,7.84705882352941,26,32,1,7,51,8592,4079,4513,220,1906,6686,7.80816228817504,8.50202498161314,7.18102603146466,7.3675,8.13161909758657,7.71595339216272,215
"207",2019,5,7.87692307692308,52,8.61363636363636,7.33666666666667,9,7.9,7.87142857142857,22,30,2,10,42,8644,4101,4543,222,1916,6728,7.80857593475243,8.50262372592051,7.18205381465992,7.38220720720721,8.1304102296451,7.71692395659928,216
"208",2019,6,8.06038461538462,78,8.85171428571429,7.41627906976744,7.5,8.75083333333333,7.93484848484848,35,43,2,12,66,8722,4136,4586,224,1928,6794,7.81082783535886,8.50557782882012,7.1842499956389,7.38325892857143,8.13427178423237,7.71904097438916,217
"209",2019,7,8.22623762376238,101,8.92307692307692,7.48673469387755,6.575,8.55882352941176,8.15892857142857,52,49,2,17,84,8823,4188,4635,226,1945,6878,7.81558317805735,8.51076167621777,7.18744778425027,7.37610619469027,8.13798251928021,7.72441325676068,218
"210",2019,8,8.26424836601307,153,8.875625,7.59424657534247,8.13333333333333,8.13461538461539,8.27628571428571,80,73,3,13,140,8976,4268,4708,229,1958,7018,7.82323088012478,8.51760072633552,7.19375541206457,7.38602620087336,8.13796016343208,7.73542239669421,219
"211",2019,9,8.10899159663866,119,8.69,7.18695652173913,7,8.55263157894737,8.0247,73,46,1,19,100,9095,4341,4754,230,1977,7118,7.82696980538757,8.520499861783,7.19368962557846,7.38434782608696,8.14194537177542,7.73948642596234,220
"212",2019,10,8.16813953488372,129,8.68868421052631,7.42169811320755,7,8.908,7.99028846153846,76,53,1,25,104,9224,4417,4807,231,2002,7222,7.83174115134432,8.52339368349559,7.19620355315165,7.38268398268398,8.15151148851149,7.74309808640265,221
"213",2019,11,7.89699248120301,133,8.65428571428571,7.05555555555556,7.5,8.19444444444444,7.8504347826087,70,63,2,18,115,9357,4487,4870,233,2020,7337,7.83266863097147,8.52543568085581,7.19438408213552,7.38369098712446,8.15189405940595,7.74478047976012,222
"214",2019,12,8.14058838028169,142,8.67066111111111,7.43672131147541,NA,7.83214285714286,8.174324609375,81,61,0,14,128,9499,4568,4931,233,2034,7465,7.83727170544268,8.52801082530648,7.19738196714662,7.38369098712446,8.14969321533924,7.75214573744139,223
"215",2020,1,8.088156424581,179,8.76989690721649,7.28170731707317,4,8.77272727272727,7.99222929936306,97,82,2,22,157,9678,4665,5013,235,2056,7622,7.84191195804918,8.53304039657021,7.1987613165769,7.35489361702128,8.15635992217899,7.75709104303332,224
"216",2020,2,8.23385714285714,161,8.95954117647059,7.42223684210526,8.3125,8.9362380952381,8.1285,85,76,4,21,140,9839,4750,5089,239,2077,7762,7.84832553409899,8.54067251578948,7.20209873845549,7.37092050209205,8.1642450649976,7.76378999355836,225
"217",2020,3,8.04111842105263,152,8.75,7.16544117647059,8.6,8.88636363636364,7.89807692307692,84,68,5,22,130,9991,4834,5157,244,2099,7892,7.85125862576319,8.54430998138188,7.20161537327904,7.39610655737705,8.17181372081944,7.76600201849974,226
"218",2020,4,8.147,100,8.95689655172414,7.02857142857143,8,8.93571428571429,8.01860465116279,58,42,2,14,86,10091,4892,5199,246,2113,7978,7.85418936973541,8.54920164554375,7.20021744181573,7.4010162601626,8.1768750591576,7.76872498495863,227
"219",2020,5,8.3075,100,8.88482142857143,7.57272727272727,6.35,8.70588235294118,8.22590361445783,56,44,2,17,83,10191,4948,5243,248,2130,8061,7.85863751643607,8.55300009094584,7.20334359717719,7.39254032258065,8.1810971830986,7.77343231981143,228
"220",2020,6,8.20757858490566,106,9.08416659090909,7.58548387096774,9.6,9.13333333333333,8.05498164835165,44,62,5,15,91,10297,4992,5305,253,2145,8152,7.86222960668156,8.55768184695513,7.20780970405278,7.43616600790514,8.18775617715618,7.77657522816486,229
"221",2020,7,8.17363636363636,110,8.6984126984127,7.47021276595745,7,8.18055555555556,8.17228260869565,63,47,2,18,92,10407,5055,5352,255,2163,8244,7.86552111655616,8.55943576261128,7.2101140657698,7.43274509803922,8.18769625520111,7.78099117661329,230
"222",2020,8,8.2723125,160,8.90275510204082,7.2758064516129,6.25,9.13636363636364,8.13456521739131,98,62,4,22,138,10567,5153,5414,259,2185,8382,7.87168053941516,8.56596502619834,7.21086636128555,7.41447876447877,8.19724805491991,7.78681236697685,231
"223",2020,9,8.45670967741935,155,8.85732673267327,7.70740740740741,8.33333333333333,8.97619047619048,8.37529850746269,101,54,3,21,134,10722,5254,5468,262,2206,8516,7.88013787166573,8.5715660030453,7.21577002194586,7.425,8.20466319129647,7.79607224753405,232
"224",2020,10,8.23723404255319,141,8.84551282051282,7.48412698412698,7.33333333333333,8.96470588235294,8.1375,78,63,6,17,124,10863,5332,5531,268,2223,8640,7.88477292276535,8.57557347711928,7.21882670041583,7.42294776119403,8.21047548358075,7.80097236805555,233
"225",2020,11,8.07582064516129,155,8.64944418604651,7.36086956521739,4,7.71238095238095,8.1327776119403,86,69,2,21,134,11018,5418,5600,270,2244,8774,7.88746056090035,8.57674602805464,7.22057687142857,7.39759259259259,8.205814171123,7.80603982904034,234
"226",2020,12,8.22321844444444,180,8.76435745454545,7.37285714285714,6.75,8.89130434782609,8.12534598726115,110,70,4,23,157,11198,5528,5670,274,2267,8931,7.89285763350598,8.58047925108539,7.22245687477954,7.38813868613139,8.21276885752095,7.81165298174896,235
"227",2021,1,8.30740196078431,204,8.73248275862069,7.26271186440678,5.75,8.578125,8.25703488372093,145,59,2,32,172,11402,5673,5729,276,2299,9103,7.90027449394843,8.58436441036489,7.22287144004189,7.37626811594203,8.21785428447151,7.8200684148083,236
"228",2021,2,8.5575974025974,154,8.95460784313726,7.77884615384615,5.5,8.47692307692308,8.573984375,102,52,2,26,128,11556,5775,5781,278,2325,9231,7.90903424887504,8.59090377489178,7.22787242345615,7.36276978417266,8.22075139784947,7.83052245477196,237
"229",2021,3,8.14622068027211,147,8.60044888888889,7.209375,7.25,7.603125,8.21255297709924,99,48,2,16,131,11703,5874,5829,280,2341,9362,7.91201351961036,8.59106464759959,7.22772010293361,7.36196428571429,8.21653011533533,7.83586810724204,238
"230",2021,4,8.40971962616822,107,8.90227272727273,7.61682926829268,7.5,9.11,8.34540816326531,66,41,2,9,98,11810,5940,5870,282,2350,9460,7.91652279593565,8.59452251515152,7.2304379011925,7.36294326241135,8.21995191489362,7.84114664059196,239
"231",2021,5,8.47506849315069,146,8.78534090909091,8.00431034482759,9,8.17904761904762,8.5248,88,58,1,21,125,11956,6028,5928,283,2371,9585,7.92334344429575,8.59730818513603,7.23800952766531,7.36872791519435,8.21958962463096,7.85006230777256,240
"232",2021,6,8.17679389312977,131,8.80666666666667,7.4758064516129,8.5,8.62222222222222,8.1058407079646,69,62,2,18,113,12087,6097,5990,285,2389,9698,7.92609036320013,8.59967750369034,7.24047086477462,7.37666666666667,8.22262327333613,7.85304260878531,241
"233",2021,7,8.28164213235294,136,8.80271106666667,7.64098360655738,8,8.45222222222222,8.25562144067797,75,61,2,18,118,12223,6172,6051,287,2407,9816,7.93004643295427,8.6021446970188,7.24450842505371,7.38101045296167,8.22434025758206,7.85788208537082,242
"234",2021,8,8.23959316176471,136,8.63603178571429,7.59919230769231,8,8.7775,8.16787225,84,52,2,16,120,12359,6256,6103,289,2423,9936,7.93345272433045,8.60259970268542,7.2475304735376,7.38529411764706,8.22799298390425,7.86162592793881,243
"235",2021,9,8.36764860465116,129,8.82995784810127,7.6372,7.5,9.264,8.24970763157895,79,50,2,15,114,12488,6335,6153,291,2438,10050,7.93793793161435,8.60543495027625,7.2506969738339,7.38608247422681,8.23436710418376,7.86602804875622,244
"236",2021,10,8.26846153846154,130,8.61625,7.712,9,8.43125,8.24561403508772,80,50,1,16,114,12618,6415,6203,292,2454,10164,7.94134323109843,8.60556982229151,7.25441536030953,7.3916095890411,8.23565077424613,7.87028550669028,245
"237",2021,11,8.05875333333333,150,8.68643055555555,7.47935897435897,8.75,8.61592857142857,8.00139705882353,72,78,4,14,136,12768,6487,6281,296,2468,10300,7.94272257910401,8.60646730537999,7.25720880114631,7.40996621621622,8.23780794165316,7.87201668834951,246
"238",2021,12,8.06939393939394,231,8.82348214285714,7.35966386554622,7.85,8.53846153846154,8.04142201834862,112,119,4,13,218,12999,6599,6400,300,2481,10518,7.94497360489268,8.61015053947568,7.259113825,7.41583333333334,8.23938331318017,7.87552784654877,247
"239",2022,1,8.39309701492537,268,8.7974025974026,7.8469298245614,5.5,9.045,8.34052419354839,154,114,2,20,248,13267,6753,6514,302,2501,10766,7.95402592070551,8.61442076262402,7.26940105618667,7.40314569536424,8.24582566973211,7.88623926156418,248
"240",2022,2,8.25544910179641,167,8.66428571428571,7.67478260869565,7.75,8.03888888888889,8.28161073825503,98,69,4,18,149,13434,6851,6583,306,2519,10915,7.95777295593271,8.6151340548825,7.2736500805104,7.40767973856209,8.24434696308059,7.89163645350435,249
"241",2022,3,8.24838172043011,186,8.99181720430107,7.50494623655914,7.5,8.89882352941176,8.18295266272189,93,93,1,17,169,13620,6944,6676,307,2536,11084,7.96174162187959,8.62017891849079,7.27687215098861,7.40798045602606,8.24873422712934,7.89607821093468,250
"242",2022,4,8.30547368421053,190,8.92679245283019,7.52142857142857,7.33333333333333,8.38823529411765,8.29734104046243,106,84,3,17,173,13810,7050,6760,310,2553,11257,7.96647073787111,8.62478899432624,7.27991101775148,7.40725806451613,8.24966314140227,7.90224490450386,251
"243",2022,5,8.23272727272727,165,8.68974358974359,7.82298850574713,6,8.6,8.19328859060403,78,87,1,16,149,13975,7128,6847,311,2569,11406,7.96961437495527,8.62549977693603,7.28681152037388,7.40273311897106,8.25184507590502,7.9060468954936,252
"244",2022,6,8.079,150,8.695,7.62058139534884,6.1,8.32692307692308,8.05547445255474,64,86,5,13,137,14125,7192,6933,316,2582,11543,7.97077599221239,8.62611824388209,7.29095174960335,7.38212025316456,8.25222308288149,7.9078204011089,253
"245",2022,7,8.422,205,8.82365853658537,7.81951219512195,NA,8.95363636363636,8.35808743169399,123,82,0,22,183,14330,7315,7015,316,2604,11726,7.97723104605722,8.62943983732058,7.29713021810406,7.38212025316456,8.2581490015361,7.91484742367389,254
"246",2022,8,8.03479591836735,245,8.62362385321101,7.56286764705882,8.86666666666667,7.945,8.04277777777778,109,136,3,20,225,14575,7424,7151,319,2624,11951,7.97819868885077,8.62935444639009,7.30218409732904,7.3960815047022,8.25576219512195,7.91725595263994,255
"247",2022,9,8.2393667,100,8.92612127272727,7.4,NA,8.87,8.14513413793103,55,45,0,13,87,14675,7479,7196,319,2637,12038,7.97997836865417,8.63153684717208,7.30279578654808,7.3960815047022,8.25879029199849,7.91890285429473,256
"248",2022,11,8.5,1,8.5,NA,NA,8.5,NA,1,0,0,1,0,14676,7480,7196,319,2638,12038,7.98001380212592,8.63151926203209,7.30279578654808,7.3960815047022,8.25888172858226,7.91890285429473,258
"249",2022,12,8.09018404907975,163,8.71919191919192,7.1171875,6.75,8.32,8.05804195804196,99,64,2,20,143,14839,7579,7260,321,2658,12181,7.98122397466136,8.63266447816335,7.30115957024793,7.39205607476636,8.25934161023326,7.92053629094491,259
