"","year","month","avg_rating","no_ratings","avg_rating_owned","avg_rating_not_owned","avg_rating_prev_owned","avg_rating_comment","avg_rating_no_comment","no_ratings_owned","no_ratings_not_owned","no_ratings_prev_owned","no_ratings_comment","no_ratings_no_comment","cum_no_ratings","cum_no_ratings_owned","cum_no_ratings_not_owned","cum_no_ratings_prev_owned","cum_no_ratings_comment","cum_no_ratings_no_comment","cum_avg_rating","cum_avg_rating_owned","cum_avg_rating_not_owned","cum_avg_rating_prev_owned","cum_avg_rating_comment","cum_avg_rating_no_comment","month_after_release"
"1",2009,10,7.17647058823529,17,8,6.92307692307692,7.5,7.08333333333333,7.22727272727273,4,13,3,6,11,17,4,13,3,6,11,7.17647058823529,8,6.92307692307692,7.5,7.08333333333333,7.22727272727273,0
"2",2009,11,7.36136363636364,44,7.96666666666667,7.20571428571429,8.25,6.78125,7.69285714285714,9,35,4,16,28,61,13,48,7,22,39,7.30983606557377,7.97692307692308,7.12916666666667,7.92857142857143,6.86363636363636,7.56153846153846,1
"3",2009,12,7.014,25,7.87142857142857,6.68055555555556,8,7.20454545454545,6.86428571428571,7,18,1,11,14,86,20,66,8,33,53,7.22383720930233,7.94,7.00681818181818,7.9375,6.97727272727273,7.37735849056604,2
"4",2010,1,7.40756302521008,119,7.94375,6.93095238095238,7.53235294117647,7.15813953488372,7.54868421052632,56,63,17,43,76,205,76,129,25,76,129,7.33048780487805,7.94276315789474,6.96976744186047,7.662,7.07960526315789,7.47829457364341,3
"5",2010,2,7.42130681818182,176,8.09294871794872,6.88673469387755,7.75535714285714,7.31727272727273,7.46859504132231,78,98,28,55,121,381,154,227,53,131,250,7.37244094488189,8.01883116883117,6.93392070484582,7.71132075471698,7.1793893129771,7.4736,4
"6",2010,3,7.20743243243243,148,7.98793103448276,6.70444444444444,7.47619047619048,6.98404255319149,7.31138613861386,58,90,21,47,101,529,212,317,74,178,351,7.32627599243856,8.01037735849057,6.86876971608833,7.6445945945946,7.12780898876404,7.42692307692308,5
"7",2010,4,7.24077669902913,103,8.02,6.92054794520548,7.385,6.84583333333333,7.36075949367089,30,73,20,24,79,632,242,390,94,202,430,7.3123417721519,8.01157024793388,6.87846153846154,7.58936170212766,7.09430693069307,7.41476744186047,6
"8",2010,5,7.00060240963855,83,7.90925925925926,6.5625,7.02,6.70208333333333,7.12203389830508,27,56,20,24,59,715,269,446,114,226,489,7.27615384615385,8.00130111524163,6.83878923766816,7.48947368421053,7.05265486725664,7.37944785276074,7
"9",2010,6,7.27432432432432,74,8.03387096774193,6.72674418604651,6.65,7.10294117647059,7.32543859649123,31,43,5,17,57,789,300,489,119,243,546,7.27598225602028,8.00466666666667,6.82893660531697,7.45420168067227,7.05617283950617,7.37380952380952,8
"10",2010,7,7.07878787878788,99,7.86911764705882,6.66538461538462,6.36666666666667,6.59642857142857,7.26901408450704,34,65,15,28,71,888,334,554,134,271,617,7.25399774774775,7.99086826347305,6.80974729241877,7.33246268656716,7.00867158671587,7.36175040518639,9
"11",2010,8,7.12863636363636,110,8.27045454545454,6.36742424242424,7.35714285714286,7.01911764705882,7.17763157894737,44,66,14,34,76,998,378,620,148,305,693,7.24018036072144,8.0234126984127,6.76266129032258,7.3347972972973,7.00983606557377,7.34155844155844,10
"12",2010,9,7.09033613445378,119,8.014,6.42101449275362,7.46153846153846,6.53787878787879,7.30232558139535,50,69,13,33,86,1117,428,689,161,338,779,7.22421665174575,8.02231308411215,6.72844702467344,7.34503105590062,6.9637573964497,7.33722721437741,11
"13",2010,10,7.17857142857143,140,7.66363636363636,6.74594594594595,7.13333333333333,6.72571428571429,7.32952380952381,66,74,15,35,105,1257,494,763,176,373,884,7.21913285600636,7.97439271255061,6.73014416775885,7.32698863636364,6.94142091152815,7.33631221719457,12
"14",2010,11,7.2,149,7.87391304347826,6.61875,7.125,7.18108108108108,7.20625,69,80,16,37,112,1406,563,843,192,410,996,7.21710526315789,7.96207815275311,6.71957295373666,7.31015625,6.9630487804878,7.32168674698795,13
"15",2010,12,7.23993710691824,159,7.75723684210526,6.76626506024096,7.35526315789474,7.675,7.11260162601626,76,83,19,36,123,1565,639,926,211,446,1119,7.2194249201278,7.9377151799687,6.72375809935205,7.31421800947867,7.02051569506726,7.29870420017873,14
"16",2011,1,7.47380952380952,168,8.07816091954023,6.82469135802469,7.575,7.20263157894737,7.55307692307692,87,81,24,38,130,1733,726,1007,235,484,1249,7.24408540103866,7.95454545454546,6.73187686196624,7.34085106382979,7.03481404958678,7.32518014411529,15
"17",2011,2,7.11823899371069,159,7.58333333333333,6.78817204301075,7.66538461538462,7.22,7.08951612903226,66,93,26,35,124,1892,792,1100,261,519,1373,7.23350951374207,7.92361111111111,6.73663636363636,7.37318007662835,7.04730250481696,7.30389657683904,16
"18",2011,3,7.26830508474576,177,7.87819277108434,6.72978723404255,6.88333333333333,7.095,7.32222222222222,83,94,30,42,135,2069,875,1194,291,561,1508,7.23648622522958,7.91930285714286,6.73609715242881,7.32268041237113,7.0508734402852,7.30553713527852,17
"19",2011,4,7.27873134328358,134,7.89153846153846,6.70144927536232,7.35652173913043,7.26296296296296,7.28271028037383,65,69,23,27,107,2203,940,1263,314,588,1615,7.23905583295506,7.91738297872341,6.73420427553444,7.32515923566879,7.06061224489796,7.30402476780186,18
"20",2011,5,7.08724770642202,109,8.11555555555556,6.36421875,6.51235294117647,6.73,7.20487804878049,45,64,17,27,82,2312,985,1327,331,615,1697,7.23189878892733,7.92643654822335,6.71636021100226,7.28341389728097,7.04609756097561,7.29923394225103,19
"21",2011,6,7.28522058823529,136,7.84985714285714,6.68636363636364,7.5,7.14230769230769,7.319,70,66,14,26,110,2448,1055,1393,345,641,1807,7.23486111111111,7.92135545023697,6.71493898061737,7.29220289855072,7.05,7.30043718871057,20
"22",2011,7,7.26775362318841,138,7.86969696969697,6.71597222222222,7.22727272727273,6.46590909090909,7.4198275862069,66,72,22,22,116,2586,1121,1465,367,663,1923,7.23661639597834,7.91831400535236,6.71498976109215,7.288310626703,7.03061840120664,7.30763910556422,21
"23",2011,8,7.0465034965035,143,7.84259259259259,6.56348314606742,6.76923076923077,6.15714285714286,7.33472222222222,54,89,26,35,108,2729,1175,1554,393,698,2031,7.22665445218029,7.91483404255319,6.70631274131274,7.25396946564886,6.98681948424069,7.30907927129493,22
"24",2011,9,7.29703389830508,118,7.87745098039216,6.85522388059702,6.9875,7.24736842105263,7.30656565656566,51,67,24,19,99,2847,1226,1621,417,717,2130,7.22957147874956,7.91327895595432,6.71246761258482,7.23863309352518,6.99372384937239,7.30896244131455,23
"25",2011,10,7.05671140939597,149,7.62924528301887,6.740625,6.86470588235294,6.91607142857143,7.08925619834711,53,96,34,28,121,2996,1279,1717,451,745,2251,7.22097463284379,7.90150899139953,6.71404193360512,7.21044345898004,6.99080536912752,7.29715237672146,24
"26",2011,11,7.07563507462687,134,7.87264150943396,6.55413703703704,6.61739130434783,6.88019615384615,7.12268518518519,53,81,23,26,108,3130,1332,1798,474,771,2359,7.21475242811502,7.90036036036036,6.70683820912125,7.18166666666667,6.98707535667964,7.28916490038152,25
"27",2011,12,6.92964285714286,140,7.5859375,6.37697368421053,6.84347826086957,6.76142857142857,6.98571428571429,64,76,23,35,105,3270,1396,1874,497,806,2464,7.20254590214067,7.88594555873926,6.693460565635,7.16601609657948,6.97727679900744,7.27623376623377,26
"28",2012,1,7.19403973509934,151,7.78928571428571,6.67962962962963,6.68958333333333,7.00769230769231,7.2328,70,81,24,26,125,3421,1466,1955,521,832,2589,7.20217044723765,7.88133015006821,6.69288751918158,7.14406909788868,6.97822728365385,7.27413673232908,27
"29",2012,2,7.28569863013699,146,7.81703896103896,6.69275362318841,6.28235294117647,7.125,7.31731147540984,77,69,17,24,122,3567,1543,2024,538,856,2711,7.20558931875526,7.87812184057032,6.69288295454545,7.11684014869889,6.98234240654206,7.27607967539653,28
"30",2012,3,6.69015267175573,131,7.29641509433962,6.27820512820513,6.59583333333333,6.646875,6.70414141414141,53,78,24,32,99,3698,1596,2102,562,888,2810,7.1873302055165,7.8588045112782,6.67749529019981,7.09459074733096,6.97025349099099,7.25592953736655,29
"31",2012,4,6.95121951219512,123,7.49649122807018,6.48030303030303,6.85714285714286,6.38421052631579,7.05480769230769,57,66,14,19,104,3821,1653,2168,576,907,2914,7.17972967809474,7.84631094978826,6.67149220479705,7.08881944444444,6.9579769570011,7.24875154426905,30
"32",2012,5,7.08148514851485,101,7.63134615384615,6.49795918367347,6.57142857142857,6.80952380952381,7.152875,52,49,14,21,80,3922,1705,2217,590,928,2994,7.17719966853646,7.83975483870968,6.66765678845286,7.07654237288136,6.95461756465517,7.24618971275885,31
"33",2012,6,6.83009708737864,103,7.33243243243243,6.54848484848485,7.15882352941177,6.6,6.86931818181818,37,66,17,15,88,4025,1742,2283,607,943,3082,7.16831729192547,7.82897933409874,6.66421160753395,7.07884678747941,6.94897677624602,7.2354289422453,32
"34",2012,7,6.75051948051948,77,7.5,6.18840909090909,6.61818181818182,6.27368421052632,6.90672413793103,33,44,11,19,58,4102,1775,2327,618,962,3140,7.16047467089225,7.82286309859155,6.65521491190374,7.07064724919094,6.9356393970894,7.22935732484076,33
"35",2012,8,7.17373737373737,99,7.50217391304348,6.88867924528302,7.18666666666667,7.17647058823529,7.17317073170732,46,53,15,17,82,4201,1821,2380,633,979,3222,7.16078721732921,7.81476221856123,6.66041390756302,7.07339652448657,6.93982134831461,7.22792737430168,34
"36",2012,9,7.005,90,7.45689655172414,6.79016393442623,6.96666666666667,6.85,7.036,29,61,15,15,75,4291,1850,2441,648,994,3297,7.15751971568399,7.80915243243243,6.66365632937321,7.07092592592593,6.93846589537223,7.22356141947225,35
"37",2012,10,6.98865979381443,97,7.66666666666667,6.53275862068966,6.62941176470588,6.54090909090909,7.12,39,58,17,22,75,4388,1889,2499,665,1016,3372,7.15378694165907,7.80621069348862,6.66061828731493,7.05963909774436,6.92985738188976,7.22125800711744,36
"38",2012,11,7.1659793814433,97,7.53469387755102,6.78958333333333,6.95454545454545,7.15652173913043,7.16891891891892,49,48,11,23,74,4485,1938,2547,676,1039,3446,7.15405063545151,7.79934571723426,6.66304872398901,7.05792899408284,6.9348749759384,7.2201340684852,37
"39",2012,12,6.96651515151515,132,7.58035714285714,6.51421052631579,6.86,6.30434782608696,7.10623853211009,56,76,30,23,109,4617,1994,2623,706,1062,3555,7.14868899718432,7.79319558676028,6.65873621807091,7.04951841359773,6.92121949152542,7.21664191279888,38
"40",2013,1,7.00526315789474,133,7.51290322580645,6.56197183098592,6.70833333333333,7.0875,6.99401709401709,62,71,12,16,117,4750,2056,2694,718,1078,3672,7.14467307368421,7.78474319066148,6.65618600593913,7.04381615598886,6.9236874768089,7.20954847494553,39
"41",2013,2,6.76359223300971,103,7.32702702702703,6.44772727272727,6.225,6.43333333333333,6.84817073170732,37,66,20,21,82,4853,2093,2760,738,1099,3754,7.13658501957552,7.77665169612996,6.65120112318841,7.02162601626016,6.91431765241128,7.2016547682472,40
"42",2013,3,6.57631182795699,93,7.384375,6.15240983606557,6.14485,6.39985,6.62465753424657,32,61,20,20,73,4946,2125,2821,758,1119,3827,7.12605016174687,7.77074447058824,6.64041549096065,6.99849208443272,6.90512252010724,7.19064854977789,41
"43",2013,4,6.78736263736264,91,7.27435897435897,6.42211538461538,6.70294117647059,6.3,6.88355263157895,39,52,17,15,76,5037,2164,2873,775,1134,3903,7.11993132817153,7.76179852125693,6.63646435781413,6.99200903225806,6.89711825396825,7.18466871637202,42
"44",2013,5,7.01802325581395,86,7.81578947368421,6.38645833333333,6.66785714285714,7.31333333333333,6.9556338028169,38,48,14,15,71,5123,2202,2921,789,1149,3974,7.1182205934023,7.76273024523161,6.63235607668607,6.98625728770596,6.90255187119234,7.18057674886764,43
"45",2013,6,7.09684,75,7.38170731707317,6.75332352941177,7.5,6.825,7.13866153846154,41,34,10,10,65,5198,2243,2955,799,1159,4039,7.117912100808,7.75576549264378,6.63374791878173,6.99268710888611,6.90188274374461,7.17990220351572,44
"46",2013,7,6.66091954022988,87,7.37878787878788,6.22222222222222,6.25,6.26190476190476,6.78787878787879,33,54,18,21,66,5285,2276,3009,817,1180,4105,7.11038923368023,7.75029964850615,6.62636261216351,6.97632435740514,6.89049330508474,7.17359926918392,45
"47",2013,8,6.88319444444444,72,7.2076,6.71063829787234,6.21666666666667,6.37615384615385,6.99491525423729,25,47,9,13,59,5357,2301,3056,826,1193,4164,7.10733565428411,7.74440330291178,6.627658736911,6.96804721549637,6.88488860016764,7.17106748318924,46
"48",2013,9,6.8835,100,7.15,6.72016129032258,6.37272727272727,6.8,6.89597701149425,38,62,22,13,87,5457,2339,3118,848,1206,4251,7.10323384643577,7.73474647285165,6.62949810776139,6.95260259433962,6.88397354892205,7.16543754410727,47
"49",2013,10,6.55,80,7.08333333333333,6.11363636363636,6.13888888888889,6.37692307692308,6.58358208955224,36,44,18,13,67,5537,2375,3162,866,1219,4318,7.09524058154235,7.72487242105263,6.62231976597091,6.93568937644342,6.8785661197703,7.1564092172302,48
"50",2013,11,6.8875,96,7.61428571428571,6.32222222222222,5.96666666666667,6.34545454545455,6.95764705882353,42,54,15,11,85,5633,2417,3216,881,1230,4403,7.0917001775253,7.72295076541167,6.61728081467662,6.91919069239501,6.87379845528455,7.15257210992505,49
"51",2013,12,7.04909090909091,110,7.396,6.76,6.58695652173913,6.76818181818182,7.11931818181818,50,60,23,22,88,5743,2467,3276,904,1252,4491,7.09088405014801,7.71632428050264,6.61989471916972,6.91073783185841,6.87194257188498,7.15192050768203,50
"52",2014,1,6.83688073394495,109,7.36607843137255,6.37155172413793,6.61904761904762,6.54875,6.91823529411765,51,58,21,24,85,5852,2518,3334,925,1276,4576,7.08615295625427,7.70923034154091,6.61557441511698,6.90411567567568,6.86586371473354,7.14757976398601,51
"53",2014,2,6.69653333333333,75,7.45625,6.33901960784314,6.41428571428571,6.6375,6.71254237288136,24,51,21,16,59,5927,2542,3385,946,1292,4635,7.08122272650582,7.70684185680567,6.61140771048745,6.89324207188161,6.86303568111455,7.14204207119741,52
"54",2014,3,6.66184210526316,76,6.67567567567568,6.64871794871795,6.46153846153846,7,6.60461538461538,37,39,13,11,65,6003,2579,3424,959,1303,4700,7.07591322671997,7.69204808065142,6.61183268107477,6.88738998957247,6.86419194167306,7.13460957446808,53
"55",2014,4,6.80887096774194,62,7.66,6.40357142857143,6.42307692307692,6.58181818181818,6.8578431372549,20,42,13,11,51,6065,2599,3466,972,1314,4751,7.07318336356142,7.69180146210081,6.60930903058281,6.88118004115226,6.86182808219178,7.1316386023995,54
"56",2014,5,6.62241379310345,58,7.2875,6.15294117647059,6.12941176470588,6.40833333333333,6.67826086956522,24,34,17,12,46,6123,2623,3500,989,1326,4797,7.0689134574555,7.68810217308426,6.60487574285714,6.86825783619818,6.85772405731523,7.12729101521784,55
"57",2014,6,6.92672413793103,58,7.4537037037037,6.46774193548387,6.4375,6.16666666666667,7.01442307692308,27,31,8,6,52,6181,2650,3531,997,1332,4849,7.06757921048374,7.68571396226415,6.60367179269329,6.86480140421264,6.85461118618618,7.12608063518251,56
"58",2014,7,6.90092592592593,54,7.31818181818182,6.6140625,6.91,6.58333333333333,6.940625,22,32,10,6,48,6235,2672,3563,1007,1338,4897,7.06613586206897,7.6826878742515,6.60376511366826,6.86525024826216,6.85339469357249,7.12426281396773,57
"59",2014,8,6.81290322580645,62,7.16875,6.43333333333333,6.23076923076923,7.02857142857143,6.75,32,30,13,14,48,6297,2704,3593,1020,1352,4945,7.0636425440686,7.67660576923077,6.60234208182577,6.8571637254902,6.85520865384615,7.12062992922144,58
"60",2014,9,6.62875,56,7.515,6.13638888888889,5.90909090909091,6.77363636363636,6.59333333333333,20,36,11,11,45,6353,2724,3629,1031,1363,4990,7.05980908232331,7.67541923641704,6.59771978506476,6.84704849660524,6.85455033015407,7.115874749499,59
"61",2014,10,6.7125,56,7.43076923076923,6.09,5.87142857142857,6.35,6.83333333333333,26,30,14,14,42,6409,2750,3659,1045,1377,5032,7.0567743953815,7.67310618181818,6.59355701011205,6.83397799043062,6.84942055192447,7.11351649443561,60
"62",2014,11,6.92708333333333,72,7.28823529411765,6.60394736842105,7.00909090909091,6.88571428571429,6.93153846153846,34,38,11,7,65,6481,2784,3697,1056,1384,5097,7.05533360592501,7.6684058908046,6.59366380849338,6.83580208333333,6.84960411849711,7.11119580145183,61
"63",2014,12,6.40583333333333,60,6.78095238095238,6.20384615384615,6.5,6.94,6.299,21,39,9,10,50,6541,2805,3736,1065,1394,5147,7.04937579880752,7.66176185383244,6.58959451284797,6.83296431924883,6.85025258249641,7.10330580920925,62
"64",2015,1,6.96268817204301,93,7.41739130434783,6.51765957446808,6.5,7.3875,6.87441558441558,46,47,18,16,77,6634,2851,3783,1083,1410,5224,7.04816055170335,7.65781901087338,6.58870079302141,6.82743028624192,6.8563490070922,7.09993204441041,63
"65",2015,2,6.905,60,7.87142857142857,6.38461538461539,6.11111111111111,7.96666666666667,6.78703703703704,21,39,9,6,54,6694,2872,3822,1092,1416,5278,7.04687736779205,7.65938091922006,6.58661828885401,6.82152655677656,6.86105374293785,7.09673076923077,64
"66",2015,3,6.854,45,7.77761904761905,6.04583333333333,6,7.28142857142857,6.77526315789474,21,24,4,7,38,6739,2893,3846,1096,1423,5316,7.04558941979522,7.6602391980643,6.58324365574623,6.81852828467153,6.86312164441321,7.09443284424379,65
"67",2015,4,6.85897435897436,39,7.35882352941176,6.47272727272727,6.5,6,6.98529411764706,17,22,6,5,34,6778,2910,3868,1102,1428,5350,7.04451565358513,7.65847835051547,6.58261507238884,6.81679401088929,6.86009950980392,7.09373925233645,66
"68",2015,5,6.91171875,64,7.68676470588235,6.03333333333333,6.18181818181818,7.31111111111111,6.84636363636364,34,30,11,9,55,6842,2944,3898,1113,1437,5405,7.04327347266881,7.65880502717391,6.57838766033864,6.81051841868823,6.86292421711899,7.09122201665125,67
"69",2015,6,6.40441176470588,34,7,6.19,6.425,5.7,6.52586206896552,9,25,10,5,29,6876,2953,3923,1123,1442,5434,7.04011447062246,7.65679715543515,6.57591259240378,6.80708548530721,6.85889188626907,7.08820482149429,68
"70",2015,7,7.18448275862069,58,7.41612903225806,6.91851851851852,6.94444444444444,7.3125,7.164,31,27,9,8,50,6934,2984,3950,1132,1450,5484,7.04132205076435,7.65429691689008,6.57825445569621,6.80817756183746,6.86139455172413,7.0888958789205,69
"71",2015,8,6.63888888888889,63,7.03409090909091,6.42682926829268,6.3,6.32857142857143,6.67767857142857,22,41,15,7,56,6997,3006,3991,1147,1457,5540,7.03769859939974,7.64975781769794,6.57669884740667,6.80153182214472,6.85883466026081,7.08473916967509,70
"72",2015,9,6.23142857142857,42,6.80769230769231,5.97310344827586,7.19444444444444,6.1,6.2725,13,29,9,10,32,7039,3019,4020,1156,1467,5572,7.03288778235545,7.64613183173236,6.57234455223881,6.80459083044983,6.85366196319018,7.08007447954056,71
"73",2015,10,6.67578125,64,7.0859375,6.265625,6.58333333333333,6.625,6.68303571428571,32,32,12,8,56,7103,3051,4052,1168,1475,5628,7.02967015345629,7.64025630940675,6.56992228529122,6.8023176369863,6.85242176271186,7.07612384506041,72
"74",2015,11,6.57290322580645,62,7.02791666666667,6.28552631578947,6.625,6.75,6.54666666666667,24,38,8,8,54,7165,3075,4090,1176,1483,5682,7.0257176692254,7.63547707317073,6.56727997555013,6.80111139455782,6.85186925151719,7.07109204505456,73
"75",2015,12,6.86938461538462,65,7.50032258064516,6.29411764705882,6.28571428571429,6.88294117647059,6.86458333333333,31,34,7,17,48,7230,3106,4124,1183,1500,5730,7.02431218533887,7.63412813908564,6.56502790979632,6.79806170752325,6.8522214,7.06936212914485,74
"76",2016,1,6.6258904109589,73,7.28275862068966,6.19295454545455,6,6.29,6.68548387096774,29,44,16,11,62,7303,3135,4168,1199,1511,5792,7.02032960427222,7.63087783094099,6.56110007197697,6.78741201000834,6.84812845797485,7.06525293508287,75
"77",2016,2,6.65603448275862,58,6.79565217391304,6.56428571428571,6.96428571428571,6.64090909090909,6.65957446808511,23,35,14,11,47,7361,3158,4203,1213,1522,5839,7.0174591903274,7.62479480683977,6.56112660004759,6.78945342126958,6.84663081471747,7.06198749785922,76
"78",2016,3,6.911,50,7.48809523809524,6.49310344827586,6.7,6.875,6.91413043478261,21,29,5,4,46,7411,3179,4232,1218,1526,5885,7.01674093914452,7.62389178987103,6.5606604678639,6.78908620689655,6.84670517693315,7.06083177570093,77
"79",2016,4,6.725,56,7.00384615384615,6.48333333333333,7,6.64285714285714,6.73673469387755,26,30,10,7,49,7467,3205,4262,1228,1533,5934,7.01455297977769,7.61886177847114,6.5601161661192,6.79080374592834,6.84577436399217,7.05815554432086,78
"80",2016,5,6.87560975609756,41,7.19444444444444,6.62608695652174,6.57142857142857,6.92857142857143,6.86470588235294,18,23,7,7,34,7508,3223,4285,1235,1540,5968,7.01379423281833,7.61649146757679,6.56047026837807,6.78956032388664,6.84615071428571,7.05705345174263,79
"81",2016,6,6.52340425531915,47,6.525,6.52222222222222,6.68181818181818,6.94285714285714,6.45,20,27,11,7,40,7555,3243,4312,1246,1547,6008,7.01074349437459,7.60976009867407,6.56023077458256,6.78860914927769,6.84658829993536,7.05301181757656,80
"82",2016,7,6.88488372093023,43,7.07391304347826,6.6675,6.5,7.125,6.83,23,20,7,8,35,7598,3266,4332,1253,1555,6043,7.01003120558042,7.60598652786283,6.56072601569714,6.78699680766161,6.84802064308681,7.05172017209995,81
"83",2016,8,6.34461538461538,65,7.28947368421053,5.95434782608696,6.125,6.125,6.37543859649123,19,46,16,8,57,7663,3285,4378,1269,1563,6100,7.00438693723085,7.60415585996956,6.55435475102787,6.77865011820331,6.84431996161228,7.04540081967213,82
"84",2016,9,6.41694915254237,59,7,6.11794871794872,6.42307692307692,5.72727272727273,6.575,20,39,13,11,48,7722,3305,4417,1282,1574,6148,6.99989861434862,7.60049984871407,6.55050149422685,6.77504446177847,6.83651340533672,7.04172820429408,83
"85",2016,10,6.98793103448276,58,7.4,6.54642857142857,6.61428571428571,7.41,6.9,30,28,7,10,48,7780,3335,4445,1289,1584,6196,6.99980939588689,7.59869625187406,6.55047583802025,6.774171450737,6.84013390151515,7.04063024531956,84
"86",2016,11,6.75625,48,7.17777777777778,6.50333333333333,6.75,7.75,6.66590909090909,18,30,6,4,44,7828,3353,4475,1295,1588,6240,6.99831592999489,7.59643662391888,6.55015979888268,6.77405945945946,6.8424257556675,7.03798798076923,85
"87",2016,12,6.5551724137931,58,7.205,6.21315789473684,6.45833333333333,6.84166666666667,6.4804347826087,20,38,12,12,46,7886,3373,4513,1307,1600,6286,6.99505669540959,7.59411562407353,6.54732220252604,6.77116067329763,6.8424200625,7.03390789055043,86
"88",2017,1,6.84193548387097,62,7.45555555555556,6.36857142857143,6.55,7.0875,6.80555555555556,27,35,10,8,54,7948,3400,4548,1317,1608,6340,6.99386224207348,7.59301529411765,6.54594659190853,6.76948139711465,6.84363936567164,7.03196293375394,87
"89",2017,2,6.88541666666667,48,7.2,6.66071428571429,6.2,6,6.96590909090909,20,28,5,4,44,7996,3420,4576,1322,1612,6384,6.99321124312156,7.59071695906433,6.54664884178322,6.76732753403933,6.84154596774193,7.0315076754386,88
"90",2017,3,6.5326,50,6.94285714285714,6.23551724137931,6.55,6.136,6.57666666666667,21,29,6,5,45,8046,3441,4605,1328,1617,6429,6.99034888143177,7.58676315024702,6.54468948968513,6.76634563253012,6.83936431663574,7.02832400062218,89
"91",2017,4,6.88203125,64,7.17096774193548,6.61060606060606,6.40357142857143,7,6.86517857142857,31,33,14,8,56,8110,3472,4638,1342,1625,6485,6.98949409371147,7.58305069124424,6.54515849504097,6.76256110283159,6.84015513846154,7.02691518889745,90
"92",2017,5,6.77447368421053,38,7.369,6.11388888888889,5.66666666666667,5.99666666666667,6.9203125,20,18,3,6,32,8148,3492,4656,1345,1631,6517,6.98849129847815,7.58182474226804,6.54349121563574,6.76011672862453,6.83705217657878,7.02639174466779,91
"93",2017,6,6.90285714285714,35,7.53571428571429,6.48095238095238,6,6.33333333333333,7.02068965517241,14,21,5,6,29,8183,3506,4677,1350,1637,6546,6.98812502749603,7.58164061608671,6.54321041265769,6.75730148148148,6.83520592547342,7.02636648334861,92
"94",2017,7,6.72857142857143,49,7.42105263157895,6.29,5.71428571428571,7.02,6.65384615384615,19,30,7,10,39,8232,3525,4707,1357,1647,6585,6.98658006559767,7.58077503546099,6.54159657956236,6.75192114959469,6.83632792956891,7.0241602126044,93
"95",2017,8,6.88125,48,7.555,6.4,6.1,6.73333333333333,6.91538461538462,20,28,12,9,39,8280,3545,4735,1369,1656,6624,6.98596945652174,7.58062961918195,6.54075926082366,6.74620672023375,6.8357681763285,7.02351977657005,94
"96",2017,9,6.48,45,6.6,6.384,6.56666666666667,6.58333333333333,6.46410256410256,20,25,9,6,39,8325,3565,4760,1378,1662,6663,6.98323448648649,7.57512819074334,6.53993594537815,6.74503410740203,6.83485685920577,7.02024538496173,95
"97",2017,10,6.97372881355932,59,7.46379310344828,6.5,7.625,7.375,6.94454545454545,29,30,8,4,55,8384,3594,4790,1386,1666,6718,6.98316759303435,7.57422982749026,6.53968582463466,6.75011327561328,6.83615372148859,7.01962563262876,96
"98",2017,11,6.86739130434783,46,7.03333333333333,6.63157894736842,7,7.375,6.76052631578947,27,19,8,8,38,8430,3621,4809,1394,1674,6756,6.98253583629893,7.57019663076498,6.5400488875026,6.75154734576757,6.83872885304659,7.01816829484902,97
"99",2017,12,7.02708333333333,48,7.73529411764706,6.63870967741935,7.27777777777778,7.21428571428571,6.99512195121951,17,31,9,7,41,8478,3638,4840,1403,1681,6797,6.98278805142722,7.57096811434854,6.54068080578513,6.75492302209551,6.84029274241523,7.01802927762248,98
"100",2018,1,6.78046875,64,7.175,6.3859375,6.66666666666667,6.5,6.78951612903226,32,32,6,2,62,8542,3670,4872,1409,1683,6859,6.98127219620698,7.56751553133515,6.53966442939245,6.75454719659333,6.83988835412953,7.01596369733197,99
"101",2018,2,7.098,40,7.416,6.78,6.64285714285714,7.11714285714286,7.09393939393939,20,20,7,7,33,8582,3690,4892,1416,1690,6892,6.98181625495222,7.56669430894309,6.54064699509403,6.75399505649717,6.84103674556213,7.01633705745792,100
"102",2018,3,6.903125,32,7.77571428571429,6.22444444444444,6.5,7.08571428571429,6.852,14,18,3,7,25,8614,3704,4910,1419,1697,6917,6.98152392616671,7.5674843412527,6.53948780040733,6.75345806906272,6.84204602239246,7.01574309671823,101
"103",2018,4,6.70857142857143,35,6.91875,6.53157894736842,6.76666666666667,6.36,6.848,16,19,6,10,25,8649,3720,4929,1425,1707,6942,6.98041936640074,7.56469408602151,6.53945731385677,6.75351368421053,6.83922208553017,7.01513900893114,102
"104",2018,5,6.93030303030303,33,7.54545454545455,6.62272727272727,6.75,7,6.92068965517241,11,22,4,4,29,8682,3731,4951,1429,1711,6971,6.98022887583506,7.56463736263736,6.53982732781257,6.75350384884535,6.83959795441262,7.01474609094821,103
"105",2018,6,6.625,28,6.91666666666667,6.40625,6.375,6.5,6.64583333333333,12,16,4,4,24,8710,3743,4967,1433,1715,6995,6.97908692307692,7.56255997862677,6.53939704046708,6.75244731332868,6.83880588921283,7.01348034310221,104
"106",2018,7,6.35384615384615,26,6.77272727272727,6.04666666666667,6,6,6.43809523809524,11,15,4,5,21,8736,3754,4982,1437,1720,7016,6.97722608745421,7.56024560468833,6.53791350863107,6.75035281837161,6.8363675,7.01175812428734,105
"107",2018,8,6.62352941176471,34,7,6.32631578947368,6.92857142857143,7.25,6.43076923076923,15,19,7,8,26,8770,3769,5001,1444,1728,7042,6.97585485746864,7.558015919342,6.53710959808039,6.75121675900277,6.83828246527778,7.00961303606929,106
"108",2018,9,7.19333333333333,30,7.67222222222222,6.475,6.9,6.63333333333333,7.25555555555556,18,12,3,3,27,8800,3787,5013,1447,1731,7069,6.97659626136364,7.55855875363084,6.53696092160383,6.75152522460263,6.83792726747545,7.01055241193945,107
"109",2018,10,6.88888888888889,45,7.60416666666667,6.07142857142857,6.83333333333333,7.6,6.8,24,21,6,5,40,8845,3811,5034,1453,1736,7109,6.97615003957038,7.55884597218578,6.53501889153755,6.75186304198211,6.84012217741935,7.0093677029118,108
"110",2018,11,6.53243243243243,37,6.86875,6.27619047619048,6.21428571428571,5.66666666666667,6.60882352941176,16,21,7,3,34,8882,3827,5055,1460,1739,7143,6.9743016325152,7.55596080480794,6.53394363996044,6.74928561643836,6.83809781483611,7.00746115077698,109
"111",2018,12,6.81666666666667,42,7.3,6.33333333333333,6.17142857142857,7.575,6.73684210526316,21,21,7,4,38,8924,3848,5076,1467,1743,7181,6.97355973778575,7.55456392931393,6.53311369188337,6.74652828902522,6.83978892713712,7.00602910458153,110
"112",2019,1,6.9531914893617,47,7.4037037037037,6.345,7,7,6.945,27,20,5,7,40,8971,3875,5096,1472,1750,7221,6.97345302641846,7.55351277419355,6.53237541208791,6.74738926630435,6.84042977142857,7.00569104002215,111
"113",2019,2,6.445,40,6.3875,6.48333333333333,6.3,6.92857142857143,6.34242424242424,16,24,5,7,33,9011,3891,5120,1477,1757,7254,6.97110721340584,7.54871806733488,6.53214552734375,6.74587474610697,6.84078093340922,7.00267369727047,112
"114",2019,3,6.59210526315789,38,7.23076923076923,6.26,6.375,6,6.68181818181818,13,25,8,5,33,9049,3904,5145,1485,1762,7287,6.96951564813792,7.54765932377049,6.53082314868805,6.74387676767677,6.83839506242906,7.00122066694112,113
"115",2019,4,6.41655172413793,29,7.12153846153846,5.84375,5.71428571428571,5.8,6.545,13,16,7,5,24,9078,3917,5161,1492,1767,7311,6.96774918484248,7.54624508552464,6.528693102112,6.73904624664879,6.83545676287493,6.99972302010669,114
"116",2019,5,6.74621621621622,37,6.54176470588235,6.92,6.76,6.875,6.73060606060606,17,20,5,4,33,9115,3934,5181,1497,1771,7344,6.96684992868897,7.54190442297916,6.53020364794441,6.73911623246493,6.83554607566346,6.99851375272331,115
"117",2019,6,6.80714285714286,28,6.72727272727273,6.85882352941176,6.78,7.2,6.79259259259259,11,17,5,1,27,9143,3945,5198,1502,1772,7371,6.96636083342448,7.5396329531052,6.53127839553675,6.73925233022636,6.83575174943566,6.99775946275946,116
"118",2019,7,6.6672672972973,37,7.08758176470588,6.31,6.42857142857143,6.3,6.7246528125,17,20,7,5,32,9180,3962,5218,1509,1777,7403,6.96515533660131,7.53769330893488,6.53043026063626,6.7378111332008,6.83424428812605,6.99657893961907,117
"119",2019,8,6.124,45,6.6295652173913,5.59545454545455,6.75,5.5,6.202,23,22,2,5,40,9225,3985,5240,1511,1782,7443,6.9610521398374,7.53245191718946,6.52650479007634,6.73782726671079,6.83050061728395,6.99230873169421,118
"120",2019,9,6.18181818181818,33,7.04166666666667,5.69047619047619,5.57142857142857,5.5,6.2258064516129,12,21,7,2,31,9258,3997,5261,1518,1784,7474,6.95827457226183,7.53097845634226,6.52316766774378,6.73244861660079,6.82900902466368,6.98912950093658,119
"121",2019,10,6.39189189189189,37,6.93333333333333,6.02272727272727,6.3125,6.56666666666667,6.35806451612903,15,22,8,6,31,9295,4012,5283,1526,1790,7505,6.95602000968262,7.52874399052842,6.52108368351316,6.73024705111402,6.82812966480447,6.98652283677548,120
"122",2019,11,6.31578947368421,38,7.4,5.60869565217391,6,5.83333333333333,6.40625,15,23,6,6,32,9333,4027,5306,1532,1796,7537,6.95341326368799,7.52826443754656,6.51712874104787,6.72738707571802,6.82480629175946,6.98405916014329,121
"123",2019,12,6.75128205128205,39,7.57619047619048,5.78888888888889,5.66666666666667,7.83333333333333,6.66111111111111,21,18,6,3,36,9372,4048,5324,1538,1799,7573,6.95257212868118,7.52851306571146,6.51466662283997,6.72324902470741,6.8264881045025,6.9825239521986,122
"124",2020,1,6.71984962962963,54,7.33963090909091,6.29375,6.20833333333333,6.33333333333333,6.76816416666667,22,32,12,6,48,9426,4070,5356,1550,1805,7621,6.95123889985147,7.52749208108108,6.5133467326363,6.71926258064516,6.82484880886426,6.98117383151817,123
"125",2020,2,6.42,40,6.675,6.165,5,6.75,6.38333333333333,20,20,4,4,36,9466,4090,5376,1554,1809,7657,6.94899407035707,7.52332341564792,6.51205079985119,6.71483719433719,6.82468330569375,6.97836303643724,124
"126",2020,3,6.80777777777778,27,6.56615384615385,7.03214285714286,6.5,6.5,6.8324,13,14,6,2,25,9493,4103,5390,1560,1811,7682,6.94859242283788,7.5202907067999,6.51340168831169,6.7140108974359,6.82432473771397,6.97788802004686,125
"127",2020,4,6.7578125,32,7.66176470588235,5.73333333333333,5.66666666666667,6.625,6.77678571428571,17,15,3,4,28,9525,4120,5405,1563,1815,7710,6.9479514824147,7.52087445873786,6.51123683626272,6.71200063979527,6.82388545454545,6.97715768741893,126
"128",2020,5,6.834375,32,7.225,6.6,6.375,6.5,6.84516129032258,12,20,4,1,31,9557,4132,5425,1567,1816,7741,6.94757119075023,7.52001519119071,6.51156407373272,6.7111403956605,6.82370710352423,6.97662908797313,127
"129",2020,6,5.99,20,6.64285714285714,5.63846153846154,5,NA,5.99,7,13,1,0,20,9577,4139,5438,1568,1816,7761,6.94557145974731,7.51853171539019,6.50947684810592,6.71004910714286,6.82370710352423,6.9740865571447,128
"130",2020,7,6.746875,32,7.24375,6.25,6.5,6.66666666666667,6.76538461538462,16,16,4,6,26,9609,4155,5454,1572,1822,7787,6.94490975855968,7.51747359085439,6.50871563989732,6.70951463104326,6.8231899560922,6.97338972261461,129
"131",2020,8,6.44,25,7.5,5.94117647058824,6.75,4.5,6.52083333333333,8,17,4,1,24,9634,4163,5471,1576,1823,7811,6.94359952979032,7.51744001201057,6.50695212940962,6.7096173857868,6.8219155787164,6.97199920240686,130
"132",2020,9,6.32866675,40,6.7,6.16952392857143,6.5,7.4,6.17561914285714,12,28,9,5,35,9674,4175,5499,1585,1828,7846,6.94105690924126,7.51509048383234,6.50523400072741,6.70842712933754,6.82349677242888,6.96844665307163,131
"133",2020,10,6.40434782608696,23,7.08,5.88461538461539,5,7.5,6.17368421052632,10,13,1,4,19,9697,4185,5512,1586,1832,7865,6.93978390636279,7.51405084109916,6.5037702775762,6.7073499369483,6.82497385371179,6.96652669294342,132
"134",2020,11,6.7875,32,7.41538461538462,6.35789473684211,7,5.66666666666667,6.90344827586207,13,19,1,3,29,9729,4198,5531,1587,1835,7894,6.93928302394902,7.51374530014293,6.50326916832399,6.70753434152489,6.82308016348774,6.96629496326324,133
"135",2020,12,7.31111111111111,45,7.76,6.75,6.25,7.21428571428571,7.32894736842105,25,20,4,7,38,9774,4223,5551,1591,1842,7932,6.94099493963577,7.51520311863604,6.50415812826518,6.70638403519799,6.82456682953311,6.96803232980333,134
"136",2021,1,6.81129032258065,31,7.071875,6.53333333333333,5.8,NA,6.81129032258065,16,15,5,0,31,9805,4239,5566,1596,1842,7963,6.94058485874554,7.51352978768578,6.50423675350342,6.70354448621554,6.82456682953311,6.96742213236217,135
"137",2021,2,6.88703703703704,27,7.39285714285714,6.34230769230769,5.3,7.5,6.838,14,13,4,2,25,9832,4253,5579,1600,1844,7988,6.94043780919446,7.51313255819422,6.50385943179781,6.700035625,6.82529940347071,6.96701708062093,136
"138",2021,3,6.93414634146342,41,7.088,6.69375,6.7,6.125,7.02162162162162,25,16,2,4,37,9873,4278,5595,1602,1848,8025,6.94041168236605,7.51064814633006,6.50440246112601,6.70003558052434,6.8237836038961,6.96726883987539,137
"139",2021,4,6.35,30,7.31818181818182,5.78947368421053,5.75,6,6.38888888888889,11,19,4,3,27,9903,4289,5614,1606,1851,8052,6.93862309805109,7.51015452786198,6.50198285892412,6.69766936488169,6.82244846029173,6.96532941381023,138
"140",2021,5,6.87714285714286,35,7.33333333333333,6.39411764705882,6.25,7.7,6.74,18,17,6,5,30,9938,4307,5631,1612,1856,8082,6.93840657476353,7.50941554910611,6.50165721363879,6.69600310173697,6.82481255387931,6.96449300173224,139
"141",2021,6,6.95652173913043,23,7.29166666666667,6.59090909090909,6.33333333333333,5.33333333333333,7.2,12,11,3,3,20,9961,4319,5642,1615,1859,8102,6.9384484027708,7.50881055105349,6.501831224743,6.69532941176471,6.82240564819795,6.9650743569489,140
"142",2021,7,6.7,25,6.875,6.61764705882353,5,8.3,6.56086956521739,8,17,2,2,23,9986,4327,5659,1617,1861,8125,6.93785144602443,7.50763872660042,6.50217914295812,6.69323252937539,6.82399360558839,6.96393014646154,141
"143",2021,8,6.57692307692308,26,6.86666666666667,6.18181818181818,5.6,6.5,6.59090909090909,15,11,5,4,22,10012,4342,5670,1622,1865,8147,6.93691415701158,7.50542440580378,6.5015576313933,6.68986251541307,6.82329871313673,6.96292284767399,142
"144",2021,9,6.83333333333333,24,7.83333333333333,5.83333333333333,6,8.5,6.76086956521739,12,12,3,1,23,10036,4354,5682,1625,1866,8170,6.93666645476285,7.5063281511254,6.50014638683562,6.68858892307692,6.82419726688103,6.96235403182374,143
"145",2021,10,6.41875,16,6.95,5.53333333333333,6.1,NA,6.41875,10,6,2,0,16,10052,4364,5688,1627,1866,8186,6.93584207520891,7.50505333868011,6.49912654184248,6.68786539643516,6.82419726688103,6.96129152699731,144
"146",2021,11,6.6641935483871,31,8.13,5.60555555555556,5.48333333333333,7.2,6.56115384615385,13,18,6,5,26,10083,4377,5706,1633,1871,8212,6.93500689675691,7.50690947452593,6.49630770592359,6.68343968156767,6.82520154997327,6.96002465172917,145
"147",2021,12,6.16536217391304,23,6.58875,5.93955533333333,4.75,6.33333333333333,6.1401665,8,15,6,3,20,10106,4385,5721,1639,1874,8232,6.93325528102117,7.50523438312429,6.49484794616326,6.67636180597926,6.82441414087513,6.95803277089407,146
"148",2022,1,6.6,37,7.32352941176471,5.985,5.63333333333333,5.46,6.778125,17,20,6,5,32,10143,4402,5741,1645,1879,8264,6.93203962042788,7.50453266015448,6.49307178191953,6.67255744680851,6.82078344864289,6.95733612899322,147
"149",2022,2,6.82291666666667,24,6.44444444444444,7.05,7.16666666666667,6.91666666666667,6.80952380952381,9,15,6,3,21,10167,4411,5756,1651,1882,8285,6.93178202714665,7.50236970528225,6.49452312369701,6.67435311932162,6.82093629117959,6.95696146891973,148
"150",2022,3,6.59196428571429,28,6.97166666666667,6.15384615384615,6.2,6.125,6.648,15,13,5,3,25,10195,4426,5769,1656,1885,8310,6.9308487366356,7.50057111839133,6.49375543421737,6.67292089371981,6.81982870026525,6.95603198194946,149
"151",2022,4,6.728,25,6.9,6.28571428571429,6,10,6.59166666666667,18,7,1,1,24,10220,4444,5776,1657,1886,8334,6.93035253131115,7.49813856210621,6.4935033067867,6.67251478575739,6.82151489925769,6.95498269378449,150
"152",2022,5,6.11538461538461,26,6.75,5.57142857142857,6.625,7,6,12,14,4,3,23,10246,4456,5790,1661,1889,8357,6.92828448858091,7.49612382630162,6.49127376511226,6.67240036122818,6.82179835892006,6.95235440588728,151
"153",2022,6,6.03055555555556,18,6.67,5.23125,5,6.85,5.928125,10,8,1,2,16,10264,4466,5798,1662,1891,8373,6.9267101393219,7.49427401925661,6.48953520179372,6.67139410348977,6.8218281861449,6.95039720171981,152
"154",2022,7,5.9065,20,7.1,5.50866666666667,6.25,5.3,6.10866666666667,5,15,4,5,15,10284,4471,5813,1666,1896,8388,6.92472606670556,7.49383309550436,6.48700414587992,6.67038235294118,6.81781492616034,6.94889196113495,153
"155",2022,8,6.75,17,7.29166666666667,6.45454545454545,5,5,6.859375,6,11,2,1,16,10301,4477,5824,1668,1897,8404,6.92443771187263,7.49356215546125,6.48694283997253,6.66837949640288,6.81685666842383,6.94872153379343,154
"156",2022,9,6.17272727272727,22,6.65,5.775,5,6,6.19,10,12,4,2,20,10323,4487,5836,1672,1899,8424,6.92283569408117,7.49168214174281,6.48547894105552,6.66438815789474,6.81599636650869,6.94692020061728,155
"157",2022,10,6.48947368421053,19,6.63,6.33333333333333,7,6.96666666666667,6.26923076923077,10,9,2,6,13,10342,4497,5845,1674,1905,8437,6.9220395349062,7.48976601512119,6.48524467065868,6.66478912783751,6.81647091863517,6.94587599502192,156
"158",2022,11,6.01896551724138,29,6.6,5.71315789473684,2,3,6.24259259259259,10,19,2,2,27,10371,4507,5864,1676,1907,8464,6.91951430623855,7.48779182826714,6.48274302523875,6.65922255369928,6.81246832721552,6.94363253426276,157
"159",2022,12,6.65212121212121,33,7.33058823529412,5.93125,6.45,6.884,6.61071428571429,17,16,2,5,28,10404,4524,5880,1678,1912,8492,6.91866617358708,7.48720109858532,6.48124236394558,6.65897318235995,6.81265538702929,6.94253482925106,158
