"","year","month","avg_rating","no_ratings","avg_rating_owned","avg_rating_not_owned","avg_rating_prev_owned","avg_rating_comment","avg_rating_no_comment","no_ratings_owned","no_ratings_not_owned","no_ratings_prev_owned","no_ratings_comment","no_ratings_no_comment","cum_no_ratings","cum_no_ratings_owned","cum_no_ratings_not_owned","cum_no_ratings_prev_owned","cum_no_ratings_comment","cum_no_ratings_no_comment","cum_avg_rating","cum_avg_rating_owned","cum_avg_rating_not_owned","cum_avg_rating_prev_owned","cum_avg_rating_comment","cum_avg_rating_no_comment","month_after_release"
"1",2003,4,7.5,4,8,6,NA,7.33333333333333,8,3,1,0,3,1,4,3,1,0,3,1,7.5,8,6,NA,7.33333333333333,8,0
"2",2003,5,7.30769230769231,13,7.83333333333333,6.85714285714286,NA,7.5,6.875,6,7,0,9,4,17,9,8,0,12,5,7.35294117647059,7.88888888888889,6.75,NA,7.45833333333333,7.1,1
"3",2003,6,7.875,12,8.38888888888889,6.33333333333333,8,8.07142857142857,7.6,9,3,1,7,5,29,18,11,1,19,10,7.56896551724138,8.13888888888889,6.63636363636364,8,7.68421052631579,7.35,2
"4",2003,7,7.68709677419355,31,8.05909090909091,6.77777777777778,NA,7.44444444444444,7.78636363636364,22,9,0,9,22,60,40,20,1,28,32,7.63,8.095,6.7,8,7.60714285714286,7.65,3
"5",2003,8,7.8,13,7.9875,7.5,NA,7,7.94545454545455,8,5,0,2,11,73,48,25,1,30,43,7.66027397260274,8.07708333333333,6.86,8,7.56666666666667,7.72558139534884,4
"6",2003,9,7.59375,16,7.95454545454545,6.8,NA,7.8,7.5,11,5,0,5,11,89,59,30,1,35,54,7.64831460674157,8.05423728813559,6.85,8,7.6,7.67962962962963,5
"7",2003,10,8.07894736842105,19,8.29166666666667,7.71428571428571,7,8.8,7.82142857142857,12,7,1,5,14,108,71,37,2,40,68,7.72407407407407,8.0943661971831,7.01351351351351,7.5,7.75,7.70882352941177,6
"8",2003,11,6.75,12,7.75,4.75,NA,6.14285714285714,7.6,8,4,0,7,5,120,79,41,2,47,73,7.62666666666667,8.05949367088608,6.79268292682927,7.5,7.51063829787234,7.7013698630137,7
"9",2003,12,7.83333333333333,21,7.79166666666667,7.88888888888889,10,8.07142857142857,7.71428571428571,12,9,1,7,14,141,91,50,3,54,87,7.65744680851064,8.02417582417582,6.99,8.33333333333333,7.58333333333333,7.70344827586207,8
"10",2004,1,7.90476190476191,21,8.05882352941176,7.25,NA,8.57142857142857,7.57142857142857,17,4,0,7,14,162,108,54,3,61,101,7.68950617283951,8.02962962962963,7.00925925925926,8.33333333333333,7.69672131147541,7.68514851485149,9
"11",2004,2,7.71052631578947,19,8.15384615384615,6.75,NA,8.375,7.22727272727273,13,6,0,8,11,181,121,60,3,69,112,7.69171270718232,8.04297520661157,6.98333333333333,8.33333333333333,7.77536231884058,7.64017857142857,10
"12",2004,3,7.5,19,7.5,7.5,8,6.75,7.7,13,6,2,4,15,200,134,66,5,73,127,7.6735,7.99029850746269,7.03030303030303,8.2,7.71917808219178,7.64724409448819,11
"13",2004,4,8,13,8.125,7.8,8.5,7,8.08333333333333,8,5,1,1,12,213,142,71,6,74,139,7.69342723004695,7.99788732394366,7.08450704225352,8.25,7.70945945945946,7.68489208633094,12
"14",2004,5,7.80952380952381,21,8.46153846153846,6.75,9,7.85714285714286,7.78571428571429,13,8,1,7,14,234,155,79,7,81,153,7.70384615384615,8.03677419354839,7.05063291139241,8.35714285714286,7.72222222222222,7.69411764705882,13
"15",2004,6,7.47222222222222,18,7.57142857142857,7.125,5,7.33333333333333,7.54166666666667,14,4,1,6,12,252,169,83,8,87,165,7.68730158730159,7.99822485207101,7.05421686746988,7.9375,7.69540229885058,7.6830303030303,14
"16",2004,7,7.92857142857143,21,8,7.78571428571429,8.25,8.6,7.71875,14,7,2,5,16,273,183,90,10,92,181,7.70586080586081,7.9983606557377,7.11111111111111,8,7.7445652173913,7.68618784530387,15
"17",2004,8,7.94444444444444,18,8.38461538461539,6.8,NA,8,7.90909090909091,13,5,0,7,11,291,196,95,10,99,192,7.72061855670103,8.02397959183673,7.09473684210526,8,7.76262626262626,7.69895833333333,16
"18",2004,9,7.64705882352941,17,7.84615384615385,7,NA,7.5,7.75,13,4,0,7,10,308,209,99,10,106,202,7.71655844155844,8.01291866028708,7.09090909090909,8,7.74528301886792,7.70148514851485,17
"19",2004,10,7.40384615384615,26,7.83333333333333,6.4375,NA,7.65384615384615,7.15384615384615,18,8,0,13,13,334,227,107,10,119,215,7.69221556886227,7.99867841409692,7.04205607476636,8,7.73529411764706,7.66837209302326,18
"20",2004,11,7.80952380952381,21,8.15384615384615,7.25,8.5,7.95,7.68181818181818,13,8,1,10,11,355,240,115,11,129,226,7.69915492957746,8.00708333333333,7.05652173913044,8.04545454545454,7.75193798449612,7.66902654867257,19
"21",2004,12,7.56666666666667,18,7.91666666666667,6.86666666666667,NA,7.66666666666667,7.46666666666667,12,6,0,9,9,373,252,121,11,138,235,7.69276139410188,8.00277777777778,7.04710743801653,8.04545454545454,7.7463768115942,7.66127659574468,20
"22",2005,1,7.73636363636364,33,7.9,7.225,5.8,7.83333333333333,7.62,25,8,1,18,15,406,277,129,12,156,250,7.69630541871921,7.99350180505415,7.05813953488372,7.85833333333333,7.75641025641026,7.6588,21
"23",2005,2,7.21227272727273,22,7.29785714285714,7.0625,6.75,7.125,7.26214285714286,14,8,4,8,14,428,291,137,16,164,264,7.67142523364486,7.96003436426117,7.05839416058394,7.58125,7.72560975609756,7.63776515151515,22
"24",2005,3,7.71739130434783,23,7.84705882352941,7.35,NA,8.25,7.43333333333333,17,6,0,8,15,451,308,143,16,172,279,7.67376940133038,7.9537987012987,7.07062937062937,7.58125,7.75,7.62677419354839,23
"25",2005,4,7.54411764705882,34,7.65384615384615,7.1875,8,7.9,7.39583333333333,26,8,3,10,24,485,334,151,19,182,303,7.66468041237113,7.93044910179641,7.07682119205298,7.64736842105263,7.75824175824176,7.60848184818482,24
"26",2005,5,6.69642857142857,28,7.375,6.1875,6.33333333333333,7.16666666666667,6.47368421052632,12,16,3,9,19,513,346,167,22,191,322,7.61183235867446,7.91118497109827,6.99161676646707,7.46818181818182,7.7303664921466,7.54152173913043,25
"27",2005,6,7.52941176470588,17,7.70833333333333,7.1,NA,8.16666666666667,7.18181818181818,12,5,0,6,11,530,358,172,22,197,333,7.60918867924528,7.90438547486034,6.99476744186046,7.46818181818182,7.74365482233503,7.52963963963964,26
"28",2005,7,7.79411764705882,17,8.375,6.4,8,8.3,7.07142857142857,12,5,1,10,7,547,370,177,23,207,340,7.61493601462523,7.91964864864865,6.97796610169492,7.49130434782609,7.77053140096618,7.52020588235294,27
"29",2005,8,7.47,25,7.68055555555556,6.92857142857143,6,7.33333333333333,7.546875,18,7,1,9,16,572,388,184,24,216,356,7.6086013986014,7.90855670103093,6.97608695652174,7.42916666666667,7.75231481481481,7.52140449438202,28
"30",2005,9,7.42,25,7.47222222222222,7.28571428571429,7,7.5,7.35714285714286,18,7,1,11,14,597,406,191,25,227,370,7.60070351758794,7.8892118226601,6.98743455497382,7.412,7.74008810572687,7.51518918918919,29
"31",2005,10,7.5,29,7.78947368421053,6.95,7,7.32142857142857,7.66666666666667,19,10,1,14,15,626,425,201,26,241,385,7.59603833865815,7.88475294117647,6.98557213930348,7.39615384615385,7.71576763485477,7.52109090909091,30
"32",2005,11,7.59761904761905,42,7.88846153846154,7.125,6,7.4,7.732,26,16,1,17,25,668,451,217,27,258,410,7.5961377245509,7.8849667405765,6.99585253456221,7.34444444444444,7.69496124031008,7.5339512195122,31
"33",2005,12,7.7,39,7.83928571428571,7.34545454545455,8.5,7.7,7.7,28,11,1,15,24,707,479,228,28,273,434,7.60186704384724,7.88229645093946,7.01271929824561,7.38571428571429,7.6952380952381,7.543133640553,32
"34",2006,1,7.75,42,8.07692307692308,7.21875,7,8.23529411764706,7.42,26,16,1,17,25,749,505,244,29,290,459,7.610173564753,7.89231683168317,7.02622950819672,7.37241379310345,7.72689655172414,7.53642701525055,33
"35",2006,2,7.93939393939394,33,8.52173913043478,6.6,NA,7.88888888888889,7.95833333333333,23,10,0,9,24,782,528,254,29,299,483,7.62406649616368,7.91973484848485,7.00944881889764,7.37241379310345,7.73177257525084,7.55739130434783,34
"36",2006,3,7.85285294117647,34,8.2617619047619,7.19230769230769,NA,7.92835714285714,7.8,21,13,0,14,20,816,549,267,29,313,503,7.63359926470588,7.93281785063752,7.01835205992509,7.37241379310345,7.74056549520767,7.56703777335984,35
"37",2006,4,7.32508433333333,30,7.45238095238095,7.02805888888889,NA,7.775253,7.1,21,9,0,10,20,846,570,276,29,323,523,7.62265901891253,7.91511754385965,7.01866858695652,7.37241379310345,7.74163941176471,7.54917782026769,36
"38",2006,5,7.80882352941176,34,8.08823529411765,7.52941176470588,7.5,8,7.72916666666667,17,17,3,10,24,880,587,293,32,333,547,7.62985173863636,7.92013117546848,7.04830215017065,7.384375,7.74939798798799,7.55707495429616,37
"39",2006,6,7.63103448275862,29,7.76086956521739,7.13333333333333,7,7.54444444444444,7.77272727272727,23,6,1,18,11,909,610,299,33,351,558,7.6298894719472,7.9141262295082,7.05000846153846,7.37272727272727,7.73888754985755,7.56132616487455,38
"40",2006,7,7.66176470588235,34,7.95,7.25,8.25,7.41666666666667,7.79545454545455,20,14,2,12,22,943,630,313,35,363,580,7.63103873806999,7.91526507936508,7.05895376996805,7.42285714285714,7.72823561983471,7.57020689655172,39
"41",2006,8,7.7,39,8.01904761904762,7.32777777777778,7.5,7.72352941176471,7.68181818181818,21,18,3,17,22,982,651,331,38,380,602,7.63377752545825,7.91861290322581,7.07357259818731,7.42894736842105,7.72802507894737,7.57428571428571,40
"42",2006,9,7.73076923076923,39,7.86666666666667,7.51333333333333,NA,7.60625,7.81739130434783,24,15,0,16,23,1021,675,346,38,396,625,7.63748239960823,7.91676592592593,7.0926373699422,7.42894736842105,7.72310487373738,7.583232,41
"43",2006,10,7.01142857142857,35,7.75,5.76153846153846,8,7.24166666666667,6.89130434782609,22,13,1,12,23,1056,697,359,39,408,648,7.6167325094697,7.91150215208034,7.04443601671309,7.44358974358974,7.70894492647059,7.55867283950617,42
"44",2006,11,7.57714285714286,35,7.76190476190476,7.3,8.33333333333333,7.08333333333333,7.83478260869565,21,14,3,12,23,1091,718,373,42,420,671,7.61546244729606,7.90712674094708,7.054028230563,7.50714285714286,7.69107030952381,7.56813710879285,43
"45",2006,12,7.53728813559322,59,7.83,6.92105263157895,6.5,7.60416666666667,7.49142857142857,40,19,3,24,35,1150,758,392,45,444,706,7.61145176521739,7.90305672823219,7.04758298469388,7.44,7.68637281531532,7.5643342776204,44
"46",2007,1,7.31285714285714,70,7.84210526315789,6.684375,7,7.75,7.1125,38,32,1,22,48,1220,796,424,46,466,754,7.59431928688525,7.90014698492462,7.02017106132075,7.4304347826087,7.68937667381974,7.53557029177719,45
"47",2007,2,8.08810891891892,37,8.25862068965517,7.47000375,8,8.4875,7.78381095238095,29,8,1,16,21,1257,825,432,47,482,775,7.60885406523469,7.91274787878788,7.0285012962963,7.44255319148936,7.71587039419087,7.54229681290323,46
"48",2007,3,7.615,40,7.95909090909091,7.19444444444444,8,7.19230769230769,7.81851851851852,22,18,1,13,27,1297,847,450,48,495,802,7.60904360832691,7.91395159386069,7.03513902222222,7.45416666666667,7.70212026262626,7.55159604738155,47
"49",2007,4,7.37555555555556,45,7.975,6.896,7.26666666666667,7.27777777777778,7.44074074074074,20,25,3,18,27,1342,867,475,51,513,829,7.60121427719821,7.9153598615917,7.02781591578947,7.44313725490196,7.68723105263158,7.54798556091677,48
"50",2007,5,7.63191489361702,47,7.97307692307692,7.20952380952381,7,7.685,7.59259259259259,26,21,2,20,27,1389,893,496,53,533,856,7.60225310295176,7.91704031354983,7.03550919354839,7.42641509433962,7.6871473358349,7.54939255841122,49
"51",2007,6,7.51136363636364,44,7.90740740740741,6.88235294117647,7.33333333333333,7.73333333333333,7.39655172413793,27,17,3,15,29,1433,920,513,56,548,885,7.59946235868807,7.91675760869565,7.03043384015595,7.42142857142857,7.68841155109489,7.54438421468927,50
"52",2007,7,7.42551020408163,49,7.6828125,6.94117647058824,7.66666666666667,7.34615384615385,7.45416666666667,32,17,3,13,36,1482,952,530,59,561,921,7.59371090418354,7.90889390756303,7.02757086792453,7.43389830508475,7.6804804456328,7.54085779587405,51
"53",2007,8,7.43055555555556,36,8.03157894736842,6.75882352941176,8,7.73571428571429,7.23636363636364,19,17,1,14,22,1518,971,547,60,575,943,7.58984160737813,7.91129454170958,7.01921857404022,7.44333333333333,7.68182526956522,7.53375400848356,52
"54",2007,9,7.60810810810811,37,7.79166666666667,7.26923076923077,5.5,7.57894736842105,7.63888888888889,24,13,2,19,18,1555,995,560,62,594,961,7.59027624437299,7.90840904522613,7.02502242857143,7.38064516129032,7.67853456228956,7.53572323621228,53
"55",2007,10,7.49253731343284,67,7.79545454545455,6.91304347826087,7.33333333333333,7.58695652173913,7.44318181818182,44,23,3,23,44,1622,1039,583,65,617,1005,7.58623893958077,7.90362560153994,7.02060473413379,7.37846153846154,7.67512079416532,7.53167167164179,54
"56",2007,11,7.62980769230769,52,7.81212121212121,7.31315789473684,7.55,7.74705882352941,7.57285714285714,33,19,4,17,35,1674,1072,602,69,634,1040,7.5875923297491,7.90080876865672,7.02983813953488,7.38840579710145,7.6770497318612,7.53305772115385,55
"57",2007,12,7.245,80,7.72021276595745,6.56818181818182,6.1,7.14838709677419,7.30612244897959,47,33,5,31,49,1754,1119,635,74,665,1089,7.57196668187001,7.89322341376229,7.0058465511811,7.30135135135135,7.65240530827068,7.5228466758494,56
"58",2008,1,7.48432835820896,67,7.77702702702703,7.12333333333333,6.375,7.44642857142857,7.51153846153846,37,30,4,28,39,1821,1156,665,78,693,1128,7.56874220757826,7.88950432525952,7.01114670676692,7.25384615384615,7.64408301587302,7.52245570035461,57
"59",2008,2,7.78636363636364,44,8.04137931034483,7.29333333333333,7,7.6047619047619,7.95217391304348,29,15,3,21,23,1865,1185,680,81,714,1151,7.57387643967829,7.89322109704642,7.0173714117647,7.24444444444444,7.64292651260504,7.5310425977411,58
"60",2008,3,7.51132075471698,53,7.97083333333333,7.13103448275862,8,7.995,7.21818181818182,24,29,2,20,33,1918,1209,709,83,734,1184,7.57214784150157,7.8947617866005,7.02202053596615,7.26265060240964,7.65251979564033,7.52232266047297,59
"61",2008,4,7.59814814814815,54,8.17241379310345,6.932,7.875,7.515,7.64705882352941,29,25,4,20,34,1972,1238,734,87,754,1218,7.57285981744422,7.90126575121163,7.01895444141689,7.29080459770115,7.64887205570292,7.52580462233169,60
"62",2008,5,7.39081632653061,49,7.88157894736842,7.08,7.2,6.73260869565217,7.97307692307692,19,30,5,23,26,2021,1257,764,92,777,1244,7.56844609599208,7.90096817820207,7.02135151832461,7.28586956521739,7.62174971685972,7.53515275723473,61
"63",2008,6,7.37818181818182,55,7.78181818181818,6.77272727272727,6.9,7.34583333333333,7.40322580645161,33,22,2,24,31,2076,1290,786,94,801,1275,7.56340537572254,7.89792015503876,7.01439256997455,7.27765957446808,7.61348255930088,7.53194512156863,62
"64",2008,7,7.30677966101695,59,7.54864864864865,6.9,6.5375,7.33333333333333,7.284375,37,22,8,27,32,2135,1327,808,102,828,1307,7.55631361124122,7.88818161266014,7.01127792079208,7.21960784313725,7.60434725845411,7.52588372609028,63
"65",2008,8,7.71590909090909,44,7.96296296296296,7.32352941176471,7,7.9,7.62068965517241,27,17,5,15,29,2179,1354,825,107,843,1336,7.55953628269849,7.88967282127031,7.01771219393939,7.20934579439252,7.60960798339265,7.52794163922156,64
"66",2008,9,7.19308510638298,47,7.748,6.5625,6.7875,6.85416666666667,7.40344827586207,25,22,10,18,29,2226,1379,847,117,861,1365,7.55179899371069,7.88710442349529,7.00588850059032,7.1732905982906,7.59381478513357,7.52529672527473,65
"67",2008,10,7.39911904761905,42,7.50869565217391,7.26647368421053,NA,7.157875,7.45588235294118,23,19,0,8,34,2268,1402,866,117,869,1399,7.54897158730159,7.88089657631954,7.01160572748268,7.1732905982906,7.58980153049482,7.52360974267334,66
"68",2008,11,7.56190476190476,42,7.824,7.17647058823529,6.3,7.67142857142857,7.45238095238095,25,17,5,21,21,2310,1427,883,122,890,1420,7.54920673593073,7.87989978976875,7.01477979614949,7.1375,7.59172756179775,7.52255635915493,67
"69",2008,12,7.23695652173913,46,7.73333333333333,6.69545454545455,6.5,7.48,7.05,24,22,9,20,26,2356,1451,905,131,910,1446,7.54311016977929,7.87747553411441,7.00701719337017,7.09370229007633,7.58927201098901,7.51405949515906,68
"70",2009,1,7.31907894736842,76,7.58181818181818,7.11744186046512,7.45454545454545,7.44571428571429,7.2109756097561,33,43,11,35,41,2432,1484,948,142,945,1487,7.53610919407895,7.87090094339623,7.012025907173,7.12165492957746,7.58395505820106,7.50570277740417,69
"71",2009,2,7.42058823529412,102,7.662,7.18846153846154,7.14285714285714,7.82962962962963,7.27333333333333,50,52,7,27,75,2534,1534,1000,149,972,1562,7.53145917916338,7.86409191655802,7.02120056,7.12265100671141,7.59077935185185,7.4945454737516,70
"72",2009,3,7.42028985507246,69,7.8125,7.08108108108108,6.97777777777778,7.31923076923077,7.48139534883721,32,37,9,26,43,2603,1566,1037,158,998,1605,7.52851231655782,7.86303767560664,7.02333708775313,7.11439873417722,7.58370493987976,7.49419316510903,71
"73",2009,4,7.61504854368932,103,7.78048780487805,7.50564516129032,7.15,7.59285714285714,7.62333333333333,41,62,10,28,75,2706,1607,1099,168,1026,1680,7.53180619364375,7.86093154947107,7.05054646041856,7.11651785714286,7.58395470760234,7.49995835119048,72
"74",2009,5,7.73292682926829,82,7.88214285714286,7.65555555555556,7.31818181818182,7.51052631578947,7.8,28,54,11,19,63,2788,1635,1153,179,1045,1743,7.53772150645624,7.86129480122324,7.07888166522116,7.12891061452514,7.58261964593302,7.51080323006311,73
"75",2009,6,7.37733333333333,75,7.84102564102564,6.875,6.125,7.57142857142857,7.3327868852459,39,36,8,14,61,2863,1674,1189,187,1059,1804,7.53351993014321,7.86082258064516,7.07270862910009,7.08596256684492,7.58247169971672,7.50478383037694,74
"76",2009,7,7.61234567901235,81,7.79333333333333,7.50588235294118,7.8,8.01578947368421,7.48870967741935,30,51,5,19,62,2944,1704,1240,192,1078,1866,7.53568870923913,7.85963438967136,7.09052464516129,7.10455729166667,7.59010902597403,7.50424974812433,75
"77",2009,8,7.38888888888889,72,7.71428571428571,7.08108108108108,6.75,7,7.54901960784314,35,37,8,21,51,3016,1739,1277,200,1099,1917,7.53218420424403,7.85670902817712,7.09025102584182,7.090375,7.57883305732484,7.50544080855503,76
"78",2009,9,7.44338235294118,68,7.85384615384615,7.18928571428571,7.25,7.59090909090909,7.41491228070175,26,42,4,11,57,3084,1765,1319,204,1110,1974,7.53022618677043,7.85666685552408,7.09340451857468,7.09350490196078,7.57895272972973,7.50282676291793,77
"79",2009,10,7.44,70,7.74,7.215,6.875,8.1,7.24444444444444,30,40,12,16,54,3154,1795,1359,216,1126,2028,7.52822370323399,7.85471699164346,7.09698348785872,7.08136574074074,7.58635659857904,7.49594676035503,78
"80",2009,11,7.29935064935065,77,7.4969696969697,7.15113636363636,7.715,7.425,7.26639344262295,33,44,10,16,61,3231,1828,1403,226,1142,2089,7.52276928505107,7.84825875273523,7.09868179615111,7.10940265486726,7.58409591068301,7.48924367161321,79
"81",2009,12,7.32837837837838,74,7.68,7.14897959183673,7.43,7.16111111111111,7.38214285714286,25,49,10,18,56,3305,1853,1452,236,1160,2145,7.51841681089259,7.84598866702645,7.10037917355372,7.12298728813559,7.57753235344828,7.48644756643357,80
"82",2010,1,7.36219512195122,82,7.745,6.99761904761905,6.66,7.22777777777778,7.4,40,42,10,18,64,3387,1893,1494,246,1178,2209,7.51463465013286,7.84385472794506,7.09749033467202,7.10416666666667,7.57218805602717,7.48394297419647,81
"83",2010,2,7.088,50,7.44583333333333,6.75769230769231,7.66666666666667,7.30909090909091,7.02564102564103,24,26,3,11,39,3437,1917,1520,249,1189,2248,7.50842815245854,7.83887167449139,7.091678,7.1109437751004,7.56975402018503,7.47599200622776,82
"84",2010,3,7.36875,64,7.84615384615385,7.04210526315789,7.01428571428571,7.76666666666667,7.2469387755102,26,38,14,15,49,3501,1943,1558,263,1204,2297,7.50587476720937,7.83896911991765,7.09046890885751,7.10579847908745,7.57220725083057,7.47110580322159,83
"85",2010,4,7.28333333333333,48,7.91176470588235,6.93870967741935,6,7.21428571428571,7.29512195121951,17,31,3,7,41,3549,1960,1589,266,1211,2338,7.50286490842491,7.83960051020408,7.08750821900566,7.09332706766917,7.5701383402147,7.46801968776732,84
"86",2010,5,7.34358974358974,39,7.72727272727273,7.19285714285714,6.875,6.85833333333333,7.43181818181818,11,28,4,6,33,3588,1971,1617,270,1217,2371,7.50113365663322,7.83897361745307,7.0893324427953,7.09009259259259,7.56662903040263,7.46751582876423,85
"87",2010,6,7.11257142857143,35,7.12384615384615,7.10590909090909,6.966,7.83333333333333,6.96344827586207,13,22,5,6,29,3623,1984,1639,275,1223,2400,7.49737995031742,7.83428780241936,7.08955494813911,7.08783636363636,7.567937473426,7.4614250125,86
"88",2010,7,7.23604651162791,43,7.43684210526316,7.07708333333333,5,7.54166666666667,7.11774193548387,19,24,2,12,31,3666,2003,1663,277,1235,2431,7.49431466448445,7.83051772341488,7.08937496091401,7.07276173285199,7.56768221052632,7.45704238173591,87
"89",2010,8,7.22717391304348,46,7.63333333333333,6.78409090909091,7.2,7.15,7.24861111111111,24,22,5,10,36,3712,2027,1685,282,1245,2467,7.49100419181034,7.82818302910706,7.08538905637982,7.07501773049645,7.56432733333334,7.45400082286177,88
"90",2010,9,7.21836734693878,49,7.56666666666667,7.01612903225806,6.6,7.19230769230769,7.22777777777778,18,31,5,13,36,3761,2045,1716,287,1258,2503,7.4874521563414,7.82588117359413,7.08413785547786,7.06674216027875,7.56048293322735,7.45074711546144,89
"91",2010,10,7.23557692307692,52,7.532,6.96111111111111,6.79166666666667,7.35714285714286,7.19078947368421,25,27,6,14,38,3813,2070,1743,293,1272,2541,7.48401719381065,7.82233188405797,7.08223210556512,7.06110921501706,7.55824491352201,7.44685951593861,90
"92",2010,11,7.60220588235294,68,7.89864864864865,7.24838709677419,7.25,7.83928571428571,7.54074074074074,37,31,6,14,54,3881,2107,1774,299,1286,2595,7.4860880082453,7.82367204556241,7.08513560315671,7.06489966555184,7.56130445567652,7.44881311368015,91
"93",2010,12,7.16293103448276,58,7.52592592592593,6.84677419354839,7.1875,7.39583333333333,7.10217391304348,27,31,4,12,46,3939,2134,1805,303,1298,2641,7.48132966742828,7.81990487347704,7.08104186149585,7.06651815181518,7.55977467642527,7.44277547519879,92
"94",2011,1,6.94754098360656,61,7.85714285714286,6.47,5.775,6.78,7.00217391304348,21,40,8,15,46,4000,2155,1845,311,1313,2687,7.47318939,7.82026774941996,7.06779434146342,7.03329581993569,7.5508663594821,7.43523261257908,93
"95",2011,2,7.09883720930233,43,7.40882352941177,6.89615384615385,5.66666666666667,7.525,7.00142857142857,17,26,3,8,35,4043,2172,1871,314,1321,2722,7.46920790502102,7.81704742173113,7.06540917156601,7.02023885350318,7.55070971233914,7.4296546767083,94
"96",2011,3,7.2640625,64,7.64193548387097,6.90909090909091,6.8,7.05,7.33541666666667,31,33,5,16,48,4107,2203,1904,319,1337,2770,7.46601109325542,7.81458329550613,7.06269987394958,7.0167868338558,7.54471767389679,7.42802167148014,95
"97",2011,4,7.51775555555556,45,7.84761904761905,7.229125,6.875,7.92,7.40282857142857,21,24,4,10,35,4152,2224,1928,323,1347,2805,7.46657190751445,7.81489523381295,7.0647715560166,7.01503095975232,7.5475037342242,7.42770731907308,96
"98",2011,5,7.07391304347826,46,7.88461538461539,6.75454545454545,6.925,7.5625,6.81333333333333,13,33,8,16,30,4198,2237,1961,331,1363,2835,7.46226930919485,7.81530040232455,7.05955102498725,7.01285498489426,7.54767977256053,7.42120600705467,97
"99",2011,6,7.4711320754717,53,7.93653846153846,7.02296296296296,6.83333333333333,7.4925,7.45818181818182,26,27,9,20,33,4251,2263,1988,340,1383,2868,7.46237980710421,7.81669332744145,7.05905410462777,7.00810294117647,7.54688180043384,7.42163146094839,98
"100",2011,7,7.5,46,7.77777777777778,7.32142857142857,7.125,7.72727272727273,7.42857142857143,18,28,4,11,35,4297,2281,2016,344,1394,2903,7.46278253665348,7.81638623410785,7.06269819444445,7.00946220930232,7.54830525824964,7.42171513262142,99
"101",2011,8,6.92564102564103,39,7.585,6.69827586206897,6.625,7.0125,6.90322580645161,10,29,4,8,31,4336,2291,2045,348,1402,2934,7.45795123616236,7.81537625491052,7.05753034718826,7.00504310344827,7.54524788159772,7.41623688820722,100
"102",2011,9,7.16428571428571,42,7.66428571428571,6.91428571428571,7.21428571428571,7.14444444444444,7.16969696969697,14,28,7,9,33,4378,2305,2073,355,1411,2967,7.45513397898584,7.81445856832972,7.05559554269175,7.00916901408451,7.54269137491141,7.4134947859791,101
"103",2011,10,7.48137254901961,51,7.925,7.08703703703704,7.5,7.27272727272727,7.53875,24,27,6,11,40,4429,2329,2100,361,1422,3007,7.45543611650486,7.81559768140833,7.05599979047619,7.01732686980609,7.54060304500704,7.41516096774193,102
"104",2011,11,7.26119402985075,67,7.43548387096774,7.11111111111111,7.33333333333333,7.375,7.22549019607843,31,36,3,16,51,4496,2360,2136,364,1438,3058,7.45254149466192,7.81060466101695,7.0569286329588,7.01993131868132,7.53876045201669,7.4119977207325,103
"105",2011,12,7.21034482758621,58,7.68387096774194,6.66666666666667,6.3,6.84375,7.35,31,27,10,16,42,4554,2391,2163,374,1454,3100,7.44945686429513,7.80896152237558,7.05205712436431,7.00068181818182,7.5311124690509,7.4111577516129,104
"106",2012,1,7.25,53,7.95681818181818,6.74838709677419,6.92857142857143,7.37272727272727,7.21785714285714,22,31,7,11,42,4607,2413,2194,381,1465,3142,7.44716226611678,7.81030957314546,7.04776643573382,6.99935695538058,7.52992322866895,7.4085738478676,105
"107",2012,2,7.08583333333333,60,7.52916666666667,6.79027777777778,6.84642857142857,7.01190476190476,7.12564102564103,24,36,14,21,39,4667,2437,2230,395,1486,3181,7.44251694021856,7.80754082888798,7.04360966816144,6.99393670886076,7.52260264468372,7.40510500785916,106
"108",2012,3,7.30571428571429,35,7.94375,6.76842105263158,6.92,7.11111111111111,7.37307692307692,16,19,5,9,26,4702,2453,2249,400,1495,3207,7.44149863037005,7.80842927028129,7.04128481991997,6.9930125,7.52012543812709,7.40484534767696,107
"109",2012,4,7.45,41,7.58333333333333,7.34565217391304,7.45833333333333,6.92857142857143,7.55735294117647,18,23,6,7,34,4743,2471,2272,406,1502,3241,7.44157211891208,7.80678955888304,7.04436600352113,6.99988916256158,7.5173685286285,7.40644524220919,108
"110",2012,5,6.79677419354839,31,7.61363636363636,6.3475,6.83333333333333,7.25,6.70961538461538,11,20,3,5,26,4774,2482,2292,409,1507,3267,7.43738511939673,7.80593352135375,7.03828514834206,6.99866748166259,7.51648143994692,7.40089961126416,109
"111",2012,6,7.23166666666667,30,7.61470588235294,6.73076923076923,6.33333333333333,7.58333333333333,7.19259259259259,17,13,3,3,27,4804,2499,2305,412,1510,3294,7.43610044962531,7.80463265306123,7.03655078524946,6.99382281553398,7.51661425827815,7.39919217668488,110
"112",2012,7,7.06,34,7.27777777777778,6.815,6,6.92857142857143,7.09407407407407,18,16,3,7,27,4838,2517,2321,415,1517,3321,7.43345732947499,7.80086491855384,7.03502350710901,6.98663855421687,7.51390081081081,7.39671154170431,111
"113",2012,8,7.53684210526316,19,7.775,7.36363636363636,7.5,8,7.45,8,11,2,3,16,4857,2525,2332,417,1520,3337,7.43386175828701,7.80078297029703,7.036573567753,6.98910071942446,7.51486021710527,7.39696704525022,112
"114",2012,9,7.20512820512821,39,7.52777777777778,6.92857142857143,6.25,7.29166666666667,7.16666666666667,18,21,6,12,27,4896,2543,2353,423,1532,3364,7.43203973856209,7.79885057019269,7.03560967275818,6.97861702127659,7.51311196475196,7.395118617717,113
"115",2012,10,7.35612903225806,31,8.05833333333333,6.91263157894737,6.66666666666667,7.5,7.32846153846154,12,19,3,5,26,4927,2555,2372,426,1537,3390,7.43156211893647,7.80006927592955,7.03462460370995,6.97642018779343,7.51306931034483,7.39460738348083,114
"116",2012,11,7.00212765957447,47,7.51363636363636,6.552,7.02727272727273,7.11333333333333,6.95,22,25,11,15,32,4974,2577,2397,437,1552,3422,7.4275043345396,7.79762398137369,7.0295909720484,6.97770022883295,7.50920588273196,7.39044974576271,115
"117",2012,12,7.29651162790698,43,7.45333333333333,7.2125,7.3125,7.26923076923077,7.30833333333333,15,28,8,13,30,5017,2592,2425,445,1565,3452,7.42638161451066,7.79563155864198,7.03170291134021,6.98371910112359,7.50721247923323,7.389736103708,116
"118",2013,1,7.11477272727273,44,7.60909090909091,6.62045454545455,6.6,6.64285714285714,7.20405405405405,22,22,7,7,37,5061,2614,2447,452,1572,3489,7.4236725074096,7.79406159143076,7.02800554147936,6.97777654867257,7.50336356870229,7.3877669905417,117
"119",2013,2,6.65151515151515,33,6.83333333333333,6.61111111111111,6.83333333333333,6.39,6.76521739130435,6,27,12,10,23,5094,2620,2474,464,1582,3512,7.41867031016882,7.79186145038168,7.02345576394503,6.97404094827586,7.49632587231353,7.38368992881549,118
"120",2013,3,7.26379310344828,29,7.34,7.22368421052632,7.45,7.7,7.15,10,19,4,6,23,5123,2630,2493,468,1588,3535,7.41779358969354,7.79014334600761,7.0249817729643,6.97810897435897,7.49709542191436,7.38216945685997,119
"121",2013,4,7.196875,32,7.42857142857143,7.01666666666667,7.1625,6.63333333333333,7.32692307692308,14,18,8,6,26,5155,2644,2511,476,1594,3561,7.41642222308438,7.78822881996975,7.02492216646754,6.98120798319328,7.4938441217064,7.38176608536928,120
"122",2013,5,7.01346153846154,26,7.4125,6.375,5.5,5.88333333333333,7.3525,16,10,2,6,20,5181,2660,2521,478,1600,3581,7.41440003088207,7.78596879699248,7.02234413328045,6.97501046025105,7.48780470625,7.38160263334264,121
"123",2013,6,7.098125,32,7.34375,6.8525,6.96666666666667,6.7175,7.225,16,16,3,8,24,5213,2676,2537,481,1608,3605,7.41245857663533,7.78332473841555,7.02127298383918,6.97495841995842,7.48397234452737,7.38056006380028,122
"124",2013,7,7.46857142857143,35,7.88,6.92,6.45,7.65,7.396,20,15,2,10,25,5248,2696,2552,483,1618,3630,7.41283280487805,7.78404191394659,7.02067772727273,6.97278467908903,7.48499847342398,7.38066639944904,123
"125",2013,8,7.03421052631579,38,7.72352941176471,6.47619047619048,6.33333333333333,7.2,7.00909090909091,17,21,3,5,33,5286,2713,2573,486,1623,3663,7.41011096481271,7.78366273497973,7.01623379712398,6.96883744855967,7.48412047443007,7.37731887250887,124
"126",2013,9,6.98076923076923,26,7.46666666666667,6.31818181818182,6,6.8,7.09375,15,11,4,10,16,5312,2728,2584,490,1633,3679,7.40800951807229,7.78191972140763,7.01326221362229,6.96092857142857,7.47993112676057,7.37608562924708,125
"127",2013,10,7.07592592592593,27,7.64583333333333,6.62,7.05,6.86666666666667,7.13571428571429,12,15,6,6,21,5339,2740,2599,496,1639,3700,7.40633012923769,7.78132372262774,7.01099252020008,6.9620060483871,7.47768610738255,7.37472135945946,126
"128",2013,11,7.01710526315789,38,7.725,6.04375,7.5,7.4,6.95909090909091,22,16,2,5,33,5377,2762,2615,498,1644,3733,7.40357942347034,7.78087509051412,7.00507440152964,6.96416666666667,7.47744983576643,7.37104715510313,127
"129",2013,12,7.1390243902439,41,7.23809523809524,7.035,7.16666666666667,7.4,7.10277777777778,21,20,6,5,36,5418,2783,2635,504,1649,3769,7.40157743816907,7.77677937477542,7.00530154079697,6.96657738095238,7.47721499696786,7.36848475192359,128
"130",2014,1,7.21891891891892,37,7.45882352941176,7.015,7.5,7.46,7.18125,17,20,6,5,32,5455,2800,2655,510,1654,3801,7.40033850779102,7.77484892857143,7.00537459887006,6.97285294117647,7.47716295646917,7.36690845303867,129
"131",2014,2,7.1590243902439,41,7.80705882352941,6.7,5.97142857142857,7,7.18628571428571,17,24,7,6,35,5496,2817,2679,517,1660,3836,7.39853831149927,7.77504330848421,7.00263888017917,6.95929400386847,7.47543827108434,7.36526043534932,130
"132",2014,3,7.05,22,7.57272727272727,6.52727272727273,7,7.66666666666667,6.95263157894737,11,11,1,3,19,5518,2828,2690,518,1663,3855,7.39714870605292,7.77425636492221,7.00069500371747,6.95937258687259,7.47578324113049,7.36322672632944,131
"133",2014,4,7.05979166666667,24,7.6,6.83735294117647,6.33333333333333,7.375,6.99675,7,17,3,4,20,5542,2835,2707,521,1667,3875,7.39568775893179,7.77382610229277,6.99966921315109,6.95576775431862,7.47554140971806,7.36133523354839,132
"134",2014,5,7.09583333333333,24,7.89090909090909,6.42307692307692,6.6,7.42857142857143,6.95882352941176,11,13,5,7,17,5566,2846,2720,526,1674,3892,7.39439481854114,7.77427863668307,6.99691344117647,6.95238593155894,7.475345,7.35957708890031,133
"135",2014,6,6.65384615384615,13,8,6.40909090909091,5.33333333333333,6,6.94444444444444,2,11,3,4,9,5579,2848,2731,529,1678,3901,7.3926692167055,7.77443714887641,6.99454579274991,6.94320415879017,7.47182808700835,7.35861933606768,134
"136",2014,7,7.37692307692308,26,7.92307692307692,6.83076923076923,6.5,7.88333333333333,7.225,13,13,4,6,20,5605,2861,2744,533,1684,3921,7.39259617484389,7.77511254806012,6.99376988338193,6.93987804878049,7.47329425771972,7.3579377786279,135
"137",2014,8,6.91666666666667,21,7.45454545454545,6.325,6.16666666666667,7.5,6.85526315789474,11,10,3,2,19,5626,2872,2754,536,1686,3940,7.39081968716673,7.77388474930362,6.99134152505447,6.93555037313433,7.4733259371293,7.35551371319797,136
"138",2014,9,7.13055555555556,18,6.97222222222222,7.28888888888889,6,6.65,7.31538461538462,9,9,1,5,13,5644,2881,2763,537,1691,3953,7.38998964564139,7.77138042346408,6.99231073470865,6.93380819366853,7.47089150206978,7.35538174298001,137
"139",2014,10,7.09310344827586,29,7.575,6.75294117647059,6.075,7.225,7.04285714285714,12,17,4,8,21,5673,2893,2780,541,1699,3974,7.38847198307774,7.77056584860007,6.99084696402878,6.9274584103512,7.46973368452031,7.35373025415199,138
"140",2014,11,7.21052631578947,38,7.73157894736842,6.68947368421053,6.66666666666667,7.45,7.14666666666667,19,19,6,8,30,5711,2912,2799,547,1707,4004,7.38728796357906,7.77031146978022,6.98880120042872,6.92459780621572,7.46964120093732,7.35217882867133,139
"141",2014,12,7.15,22,7.56666666666667,6.65,6.75,6.8125,7.34285714285714,12,10,2,8,14,5733,2924,2809,549,1715,4018,7.38637738705739,7.76947571819426,6.98759507297971,6.92396174863388,7.46657581924198,7.35214634892982,140
"142",2015,1,7.02314285714286,35,7.025625,7.02105263157895,7.5,6.87777777777778,7.07346153846154,16,19,2,9,26,5768,2940,2828,551,1724,4044,7.38417329403606,7.76542755102041,6.98781985855728,6.92605263157895,7.46350204756381,7.35035460682493,141
"143",2015,2,6.67391304347826,23,8,6.20588235294118,6.66666666666667,8,6.54761904761905,6,17,3,2,21,5791,2946,2845,554,1726,4065,7.38135236746676,7.76590529531568,6.98314747275923,6.92464801444043,7.46412371378911,7.34620763345634,142
"144",2015,3,7.27354838709677,31,7.72714285714286,6.9,6.1,7.46533333333333,7.09375,14,17,5,15,16,5822,2960,2862,559,1741,4081,7.3807783510821,7.76572195945946,6.98265358490566,6.91727191413238,7.46413413555428,7.34521784611615,143
"145",2015,4,7.29285714285714,28,7.7,7.06666666666667,7.1375,7.66666666666667,7.11578947368421,10,18,8,9,19,5850,2970,2880,567,1750,4100,7.38035753162393,7.76550067340068,6.98317866666667,6.92037918871252,7.46517573142857,7.34415464146342,144
"146",2015,5,7.26071428571429,28,7.87083333333333,6.803125,6,7.375,7.22954545454545,12,16,3,6,22,5878,2982,2896,570,1756,4122,7.37978760802994,7.7659245472837,6.98218389502762,6.9155350877193,7.46486761389522,7.34354294759825,145
"147",2015,6,7.03225806451613,31,7.92307692307692,6.38888888888889,6,7.375,6.91304347826087,13,18,2,8,23,5909,2995,2914,572,1764,4145,7.37796438652902,7.76660667779633,6.97851906657515,6.91233391608392,7.46446005102041,7.34115416887817,146
"148",2015,7,7.40714285714286,28,8.02857142857143,6.78571428571429,6.6,7.575,7.28125,14,14,5,12,16,5937,3009,2928,577,1776,4161,7.37810199764191,7.76782552342971,6.97759718579235,6.9096273830156,7.46520694256757,7.3409238236001,147
"149",2015,8,7.228,25,7.86153846153846,6.54166666666667,6.33333333333333,7.58333333333333,7.11578947368421,13,12,3,6,19,5962,3022,2940,580,1782,4180,7.37747258638041,7.76822865651886,6.97581787755102,6.90664655172414,7.46560467452301,7.33990048564593,148
"150",2015,9,6.878125,16,7.43333333333333,6.75,6.41666666666667,7.16666666666667,6.81153846153846,3,13,3,3,13,5978,3025,2953,583,1785,4193,7.37613609233857,7.76789652892562,6.97482375888926,6.90412521440823,7.46510225770308,7.33826234915335,149
"151",2015,10,7.23181818181818,22,7.0625,7.32857142857143,6.9,7.25,7.23,8,14,5,2,20,6000,3033,2967,588,1787,4213,7.37560692666667,7.76603593801517,6.97649294236603,6.90409013605442,7.46486151650812,7.3377484049371,150
"152",2015,11,6.95142857142857,35,7.64285714285714,6.49047619047619,6.2,7.16,6.91666666666667,14,21,5,5,30,6035,3047,2988,593,1792,4243,7.37314690306545,7.76546997046275,6.97307716198126,6.89815345699831,7.4640108984375,7.33477115955692,151
"153",2015,12,7.20125,40,7.54736842105263,6.88809523809524,6.98333333333333,7.425,7.12666666666667,19,21,6,10,30,6075,3066,3009,599,1802,4273,7.37201507160494,7.76411839530333,6.97248406779661,6.89900667779633,7.46379441176471,7.33331009361105,152
"154",2016,1,7.41511627906977,43,7.52,7.32391304347826,7.5,7.83333333333333,7.30441176470588,20,23,7,9,34,6118,3086,3032,606,1811,4307,7.37231800588428,7.76253629293584,6.97514992084433,6.90594884488449,7.46563088348979,7.33308196656605,153
"155",2016,2,7.73125,24,8.20833333333333,7.25416666666667,6.7,8.05,7.625,12,12,4,6,18,6142,3098,3044,610,1817,4325,7.37372054054054,7.76426307295029,6.97624985545335,6.90459836065574,7.46756055586131,7.33429688554913,154
"156",2016,3,7.36470588235294,34,7.64117647058824,7.08823529411765,7.7,7.48333333333333,7.33928571428571,17,17,5,6,28,6176,3115,3061,615,1823,4353,7.37367091321244,7.76359133226325,6.97687179353152,6.91106504065041,7.46761246845858,7.33432897541925,155
"157",2016,4,7.80344827586207,29,7.59473684210526,8.2,9,7.8,7.80416666666667,19,10,1,5,24,6205,3134,3071,616,1828,4377,7.37567954230459,7.76256764518188,6.98085462715728,6.91445616883117,7.46852162472648,7.3369051930546,156
"158",2016,5,7.2946875,32,7.72941176470588,6.802,6.66666666666667,7.21428571428571,7.3172,17,15,6,7,25,6237,3151,3086,622,1835,4402,7.37526399871733,7.76238876547128,6.97998527543746,6.91206591639871,7.46755178746594,7.33679328259882,157
"159",2016,6,7.12931034482759,29,7.7375,6.7,7,7.14285714285714,7.125,12,17,1,7,22,6266,3163,3103,623,1842,4424,7.37412568783913,7.76229434081569,6.97845135675153,6.91220706260032,7.46631787730727,7.33574006103074,158
"160",2016,7,7.11333333333333,30,7.74285714285714,6.5625,6.125,7.3,7.076,14,16,4,5,25,6296,3177,3119,627,1847,4449,7.37288303049555,7.76220868744099,6.97631758897082,6.90718500797448,7.46586763941527,7.3342805192178,159
"161",2016,8,7.30571428571429,35,7.63333333333333,7.06,7,6.64285714285714,7.47142857142857,15,20,3,7,28,6331,3192,3139,630,1854,4477,7.372511697994,7.76160307017544,6.97685076776043,6.90762698412698,7.46276026429342,7.33513826893009,160
"162",2016,9,7.15555555555556,27,8.1,6.4,6,7.2,7.14545454545455,12,15,3,5,22,6358,3204,3154,633,1859,4499,7.37159036804027,7.762870474407,6.97410734305644,6.90332543443918,7.46205353953739,7.33421072016004,161
"163",2016,10,7.43928571428571,28,7.77058823529412,6.92727272727273,7.35,7.46428571428571,7.43095238095238,17,11,5,7,21,6386,3221,3165,638,1866,4520,7.37188718446602,7.76291120769948,6.97394456872038,6.90682601880878,7.46206191318328,7.33466018362832,162
"164",2016,11,7.28214285714286,28,7.53333333333333,6.99230769230769,7.1,7.57142857142857,7.18571428571429,15,13,3,7,21,6414,3236,3178,641,1873,4541,7.37149541004054,7.76184703337454,6.97401968533669,6.90773010920437,7.46247065136145,7.33397137855098,163
"165",2016,12,6.65151515151515,33,7.07142857142857,6.34210526315789,6.16666666666667,6.33333333333333,6.77083333333333,14,19,6,9,24,6447,3250,3197,647,1882,4565,7.36781007600434,7.75887292307693,6.97026417266187,6.90085780525502,7.45707095111583,7.33101074041621,164
"166",2017,1,7.38529411764706,34,8.20454545454546,6.99347826086957,7.4,7.75714285714286,7.28888888888889,11,23,5,7,27,6481,3261,3220,652,1889,4592,7.36790179910508,7.76037626494941,6.97042998757764,6.90468558282209,7.45818291688724,7.33076307273519,165
"167",2017,2,6.99625714285714,35,7.78666666666667,6.40345,5.66666666666667,7.825,6.88932258064516,15,20,3,4,31,6516,3276,3240,655,1893,4623,7.36590554941682,7.76049664224665,6.96693011111111,6.89901526717557,7.45895801901743,7.32780294830197,166
"168",2017,3,6.91617647058824,34,7.45588235294118,6.37647058823529,6,7.05555555555556,6.866,17,17,4,9,25,6550,3293,3257,659,1902,4648,7.3635710778626,7.75892408138476,6.96384819158735,6.89355842185129,7.4570491745531,7.32531906841653,167
"169",2017,4,6.86666666666667,42,7.24666666666667,6.65555555555556,7.05,6.6875,6.90882352941177,15,27,4,8,34,6592,3308,3284,663,1910,4682,7.36040512135922,7.75660126964934,6.96131350791717,6.89450226244344,7.45382593193717,7.32229453865869,168
"170",2017,5,6.86923076923077,39,7.35714285714286,6.596,6.5,6.71875,6.90806451612903,14,25,8,8,31,6631,3322,3309,671,1918,4713,7.35751629618459,7.75491782059001,6.95855350861287,6.88979880774963,7.45075992179353,7.31956991937195,169
"171",2017,6,7.28611111111111,36,7.79,6.65625,6,7.5,7.24333333333333,20,16,3,6,30,6667,3342,3325,674,1924,4743,7.35713072746363,7.75512776780371,6.95709881503759,6.88583827893175,7.45091347713098,7.31908771452667,170
"172",2017,7,7.27340425531915,47,7.698,6.79090909090909,5.6,7.56363636363636,7.18472222222222,25,22,2,11,36,6714,3367,3347,676,1935,4779,7.35654461721776,7.7547035937036,6.95600644158948,6.88203402366864,7.45155427906977,7.31807554509312,171
"173",2017,8,7.2972972972973,37,7.375,7.20588235294118,7.375,7,7.35483870967742,20,17,4,6,31,6751,3387,3364,680,1941,4810,7.35621990223671,7.75246147032773,6.95726919143876,6.88493382352941,7.45015843894899,7.31831248024948,172
"174",2017,9,6.875,32,7.41428571428571,6.45555555555556,6.78571428571429,6.28571428571429,7.04,14,18,7,7,25,6783,3401,3382,687,1948,4835,7.35394966239127,7.75106939135549,6.95459892371378,6.88392285298399,7.44597409137577,7.31687342916236,173
"175",2017,10,7.26024390243902,41,7.86444444444444,6.78739130434783,7.375,7.71428571428571,7.16676470588235,18,23,4,7,34,6824,3419,3405,691,1955,4869,7.35338665885112,7.75166627668909,6.9534694743025,6.88676555716353,7.44693479795396,7.31582522694599,174
"176",2017,11,7.12924528301887,53,7.79375,6.57931034482759,6.86363636363636,7.86923076923077,6.88875,24,29,11,13,40,6877,3443,3434,702,1968,4909,7.3516592351316,7.7519596282312,6.95030971461852,6.88640313390313,7.4497243546748,7.31234529028316,175
"177",2017,12,7.15957446808511,47,7.425,6.96296296296296,6.83333333333333,6.375,7.23255813953488,20,27,6,4,43,6924,3463,3461,708,1972,4952,7.35035536683998,7.75007132544037,6.95040842531061,6.88595338983051,7.44754438640974,7.31165246970921,176
"178",2018,1,7.07717391304348,46,7.475,6.56,6,6.95833333333333,7.095,26,20,2,6,40,6970,3489,3481,710,1978,4992,7.34855244763271,7.7480214961307,6.94816534329216,6.88345774647887,7.446060429727,7.30991647235577,177
"179",2018,2,7.066875,32,7.67272727272727,6.74952380952381,6.7,7.15666666666667,7.04615384615385,11,21,10,6,26,7002,3500,3502,720,1984,5018,7.34726514710083,7.74778485714286,6.94697417475728,6.88090972222222,7.44518524697581,7.30854982662416,178
"180",2018,3,6.73133333333333,45,7.575625,6.26551724137931,6.85,7.101,6.62571428571429,16,29,8,10,35,7047,3516,3531,728,1994,5053,7.34333199375621,7.74700142207054,6.94137738884169,6.88057005494506,7.44345914242728,7.30382011280428,179
"181",2018,4,7.222,50,7.30434782608696,7.15185185185185,6.87777777777778,7.4,7.1775,23,27,9,10,40,7097,3539,3558,737,2004,5093,7.34247718190785,7.74412461147217,6.94297458122541,6.88053595658073,7.44324228043912,7.30282800510505,180
"182",2018,5,7.35128205128205,39,8.23076923076923,6.91153846153846,7.25,7.375,7.34516129032258,13,26,8,8,31,7136,3552,3584,745,2012,5124,7.34252530269058,7.74590568693694,6.94274652901786,6.8845033557047,7.44297093936382,7.30308411982826,181
"183",2018,6,6.94886363636364,44,7.77142857142857,6.565,6.83333333333333,7.21666666666667,6.90657894736842,14,30,6,6,38,7180,3566,3614,751,2018,5162,7.3401128913649,7.74600588895121,6.93961083563918,6.88409454061252,7.44229808225966,7.30016525184037,182
"184",2018,7,7.34054054054054,37,7.495,7.15882352941177,6.875,7.1,7.39666666666667,20,17,4,7,30,7217,3586,3631,755,2025,5192,7.34011508382985,7.74460596765198,6.94063716882402,6.88404635761589,7.44111482962963,7.30072284861325,183
"185",2018,8,7.16486486486486,37,7.605,6.64705882352941,7,7.15384615384615,7.17083333333333,20,17,4,13,24,7254,3606,3648,759,2038,5216,7.3392211965812,7.74383166943983,6.93926906798246,6.88465744400527,7.43928239941119,7.30012519746933,184
"186",2018,9,6.80175,40,7.45105263157895,6.21428571428571,6.5,7.38375,6.65625,19,21,6,8,32,7294,3625,3669,765,2046,5248,7.33627372635043,7.74229710344828,6.93511953120742,6.88164052287582,7.43906526392962,7.29619912919208,185
"187",2018,10,7.30568181818182,44,7.80681818181818,6.80454545454545,6.4375,7.04166666666667,7.34736842105263,22,22,8,6,38,7338,3647,3691,773,2052,5286,7.3360902916326,7.74268631752125,6.93434125169331,6.87704398447607,7.4379032797271,7.29656697502838,186
"188",2018,11,7.336675,40,7.81545454545455,6.7515,7.16,7.82142857142857,7.07565384615385,22,18,5,14,26,7378,3669,3709,778,2066,5312,7.33609346164272,7.74312264922322,6.93345391210569,6.87886246786632,7.44050219264279,7.29548569841868,187
"189",2018,12,7.34705882352941,34,7.27222222222222,7.43125,8.25,7.5,7.32666666666667,18,16,2,4,30,7412,3687,3725,780,2070,5342,7.33614376146789,7.74082370490914,6.9355920966443,6.88237820512821,7.44061716425121,7.29566080681393,188
"190",2019,1,7.01510204081633,49,7.23214285714286,6.72571428571429,6.77777777777778,6.64285714285714,7.07714285714286,28,21,9,7,42,7461,3715,3746,789,2077,5384,7.33403532502346,7.73698977119785,6.93441552589429,6.88118504435995,7.43792851709196,7.29395617199109,189
"191",2019,2,7.45416666666667,36,7.9,6.896875,7.69285714285714,6.42857142857143,7.70172413793103,20,16,7,7,29,7497,3735,3762,796,2084,5413,7.33461218620782,7.73786265060241,6.93425586390218,6.88832286432161,7.4345381621881,7.29614077775725,190
"192",2019,3,6.8498,50,7.55111111111111,6.4553125,5.965,6.90333333333333,6.8425,18,32,8,6,44,7547,3753,3794,804,2090,5457,7.33140023320525,7.73696695976552,6.93021627833421,6.8791355721393,7.4330131722488,7.29248305479201,191
"193",2019,4,6.9078125,32,7.49615384615385,6.50526315789474,6.58333333333333,6.79090909090909,6.96904761904762,13,19,6,11,21,7579,3766,3813,810,2101,5478,7.32961176408497,7.73613568773234,6.92809875688434,6.87694444444445,7.42965137077582,7.29124315991238,192
"194",2019,5,7.01515151515152,33,7.76470588235294,6.21875,6,6.25,7.18518518518519,17,16,3,6,27,7612,3783,3829,813,2107,5505,7.32824849710983,7.73626407613006,6.9251346461217,6.87370848708487,7.42629213573802,7.29072298455949,193
"195",2019,6,7.51428571428571,35,7.90952380952381,6.92142857142857,6.73333333333333,7.1,7.53939393939394,21,14,3,2,33,7647,3804,3843,816,2109,5538,7.32909998169217,7.7372205573081,6.92512114493885,6.87319240196079,7.42598270744429,7.29220477248104,194
"196",2019,7,7.2952380952381,42,7.65555555555556,7.025,7.25,7.125,7.33529411764706,18,24,4,8,34,7689,3822,3867,820,2117,5572,7.32891501625699,7.73683594976452,6.92574102922162,6.87503048780488,7.42484531412376,7.29246770100503,195
"197",2019,8,7.15294117647059,51,7.60869565217391,6.77857142857143,6.7,6.4875,7.27674418604651,23,28,5,8,43,7740,3845,3895,825,2125,5615,7.32775549870801,7.73606944083225,6.92468307060334,6.8739696969697,7.42131648470588,7.29234728940339,196
"198",2019,9,6.95789473684211,19,7.64285714285714,6.55833333333333,7.23333333333333,7.65,6.87647058823529,7,12,3,2,17,7759,3852,3907,828,2127,5632,7.32684979507669,7.73590005192108,6.92355786025083,6.87527173913044,7.4215315138693,7.29109197975852,197
"199",2019,10,7.40625,32,7.94444444444444,6.71428571428571,7.3,7.1,7.46296296296296,18,14,5,5,27,7791,3870,3921,833,2132,5659,7.32717591580028,7.7368700258398,6.9228106503443,6.87782112845138,7.42077745309568,7.29191200388761,198
"200",2019,11,7.36637044444444,45,7.94583333333333,6.70412714285714,7.025,7.15714285714286,7.40491236842105,24,21,4,7,38,7836,3894,3942,837,2139,5697,7.3274009992343,7.73815793528506,6.92164566971081,6.87852449223417,7.41991469378214,7.29266573635247,199
"201",2019,12,7.28333333333333,36,7.71428571428571,6.68,6.83333333333333,7,7.32903225806452,21,15,3,5,31,7872,3915,3957,840,2144,5728,7.32719947027439,7.73802988505747,6.92072965125095,6.8783630952381,7.41893541511194,7.2928625523743,200
"202",2020,1,7.0825,40,7.49,6.675,5.85,6.14285714285714,7.28181818181818,20,20,10,7,33,7912,3935,3977,850,2151,5761,7.32596236476239,7.73676925031766,6.91949389741011,6.86626470588235,7.41478267317527,7.292799288318,201
"203",2020,2,7.24558823529412,34,7.41363636363636,6.9375,7,7.325,7.22115384615385,22,12,3,8,26,7946,3957,3989,853,2159,5787,7.32561845330984,7.73497270659591,6.91954806467787,6.86673505275498,7.41444999073645,7.29247739761535,202
"204",2020,3,7.13390322580645,31,7.828125,6.3934,6.35,9,7.00520689655172,16,15,4,2,29,7977,3973,4004,857,2161,5816,7.3248734148176,7.73534784797383,6.91757698051948,6.86432322053676,7.41591741323461,7.29104499656121,203
"205",2020,4,7.25102576923077,26,7.551905,6.9,7,6.83333333333333,7.30550739130435,14,12,1,3,23,8003,3987,4016,858,2164,5839,7.32463349993752,7.73470370453976,6.91752445966136,6.86448135198135,7.41510976432532,7.29110196437746,204
"206",2020,5,6.62916666666667,24,6.91818181818182,6.38461538461539,6.7,7.02,6.52631578947368,11,13,5,5,19,8027,3998,4029,863,2169,5858,7.32255411735393,7.73245714607304,6.91580497145694,6.86352838933951,7.41419895343476,7.28862143564357,205
"207",2020,6,7.48459459459459,37,7.7215,7.20588235294118,6.83333333333333,7.125,7.52818181818182,20,17,3,4,33,8064,4018,4046,866,2173,5891,7.32329760664682,7.73240260577402,6.91702378398418,6.86342378752887,7.41366660377359,7.28996339670684,206
"208",2020,7,7.0462962962963,27,7.11666666666667,6.95833333333333,7.6,7,7.05208333333333,15,12,5,3,24,8091,4033,4058,871,2176,5915,7.32237324187369,7.73011248946194,6.91714594135042,6.86765212399541,7.4130962913603,7.28899820287405,207
"209",2020,8,7.30769230769231,26,7.24666666666667,7.39090909090909,6.6,7.3,7.30833333333333,15,11,5,2,24,8117,4048,4069,876,2178,5939,7.32232621658248,7.72832106472332,6.91842669697715,6.86612442922374,7.41299243801653,7.2890763377673,208
"210",2020,9,7.25185185185185,27,7.52,6.91666666666667,6,7.7,7.15,15,12,2,5,22,8144,4063,4081,878,2183,5961,7.32209257121807,7.7275519739109,6.91842152168586,6.86415148063781,7.41364980760422,7.28856305485657,209
"211",2020,10,7.39705882352941,34,7.97333333333333,6.94210526315789,6.66666666666667,8.04285714285714,7.22962962962963,15,19,3,7,27,8178,4078,4100,881,2190,5988,7.32240424309122,7.72845602501226,6.91853127560976,6.86347900113507,7.41566097260274,7.28829732297929,210
"212",2020,11,6.72738095238095,42,7.37173913043478,5.94736842105263,6.625,6.3,6.78513513513514,23,19,4,5,37,8220,4101,4119,885,2195,6025,7.31936397810219,7.72645541819069,6.91405152464191,6.8624011299435,7.41311960364465,7.28520736431535,211
"213",2020,12,7.025,32,7.73571428571429,6.47222222222222,6.2,6.5,7.12222222222222,14,18,5,5,27,8252,4115,4137,890,2200,6052,7.31822247939893,7.72648691859052,6.91212913463863,6.8586797752809,7.41104433181818,7.28448023298083,212
"214",2021,1,7.22692307692308,26,7.36875,7,6.8,7.64,7.12857142857143,16,10,5,5,21,8278,4131,4147,895,2205,6073,7.31793572118869,7.72510134834181,6.91234102483723,6.85835195530726,7.41156350566894,7.28394111147703,213
"215",2021,2,7,19,7.625,6.54545454545455,5.25,5,7.11111111111111,8,11,4,1,18,8297,4139,4158,899,2206,6091,7.31720765336869,7.7249078690505,6.91137042568543,6.8511957730812,7.4104703218495,7.28343036775571,214
"216",2021,3,7.488,25,7.74375,7.03333333333333,NA,7.6,7.46,16,9,0,5,20,8322,4155,4167,899,2211,6111,7.31772072819034,7.72498042599278,6.91163384449244,6.8511957730812,7.41089892808684,7.2840082425135,215
"217",2021,4,7.17727272727273,22,7.15833333333333,7.2,7.5,8,7.095,12,10,4,2,20,8344,4167,4177,903,2213,6131,7.31735041946309,7.72334861291097,6.91232421115633,6.85406976744186,7.41143132851333,7.28339167672484,216
"218",2021,5,6.86222222222222,36,7.25307692307692,6.64130434782609,7,6.89857142857143,6.85344827586207,13,23,2,7,29,8380,4180,4200,905,2220,6160,7.31539521479714,7.72188604545455,6.91084005476191,6.85439226519337,7.4098142027027,7.28136759253247,217
"219",2021,6,6.86041666666667,24,7.15,6.65357142857143,6,7.25,6.7825,10,14,1,4,20,8404,4190,4214,906,2224,6180,7.314095894812,7.72052116229117,6.90998534171809,6.85344922737307,7.40952676708633,7.27975313430421,218
"220",2021,7,6.92631578947368,19,6.96666666666667,6.85714285714286,6.8,7.1375,6.77272727272727,12,7,5,8,11,8423,4202,4221,911,2232,6191,7.31322116822985,7.71836831746787,6.90989770907368,6.8531558726674,7.40855176075269,7.27885226457761,219
"221",2021,8,7.22621621621622,37,7.585,6.7,6.375,7.52625,7.14344827586207,22,15,4,8,29,8460,4224,4236,915,2240,6220,7.3128406501182,7.7176736908144,6.90915444523135,6.85106557377049,7.40897211160714,7.27822095980708,220
"222",2021,9,7.24193548387097,31,7.36666666666667,7.125,6,7,7.26785714285714,15,16,2,3,28,8491,4239,4252,917,2243,6248,7.31258178070899,7.71643162774239,6.90996665804328,6.84920937840785,7.40842511368703,7.27817451504482,221
"223",2021,10,6.95454545454545,22,7.625,6.57142857142857,5,6.5,7,8,14,1,2,20,8513,4247,4266,918,2245,6268,7.31165651356749,7.71625939957617,6.90885565635256,6.84719498910675,7.40761582628062,7.27728691289088,222
"224",2021,11,6.84827586206897,29,7.29230769230769,6.4875,6.8,7.25,6.74347826086957,13,16,5,6,23,8542,4260,4282,923,2251,6291,7.31008334113791,7.71496565023474,6.9072812307333,6.84693932827736,7.4071957041315,7.2753352996344,223
"225",2021,12,7.50925925925926,27,7.95,6.95833333333333,5,8.75,7.29347826086957,15,12,1,4,23,8569,4275,4294,924,2255,6314,7.31071092309488,7.71579033216374,6.90742390079181,6.84494047619048,7.40957761862528,7.27540138897688,224
"226",2022,1,6.9075,40,7.41304347826087,6.22352941176471,6,6.77777777777778,6.94516129032258,23,17,2,9,31,8609,4298,4311,926,2264,6345,7.30883748402834,7.71417023499302,6.90472703085131,6.84311555075594,7.40706604681979,7.27378792277384,225
"227",2022,2,6.875,32,7.12846153846154,6.70157894736842,5.59222222222222,6.266,6.98777777777778,13,19,9,5,27,8641,4311,4330,935,2269,6372,7.30723086448328,7.71240400603108,6.90383561893765,6.83107486631016,7.40455157778757,7.27257601537979,226
"228",2022,3,7.19666666666667,24,8.48571428571429,6.66588235294118,5.5,7.73,7.09,7,17,2,4,20,8665,4318,4347,937,2273,6392,7.30692462781304,7.71365763547939,6.90290504485853,6.82823372465315,7.40512429828421,7.27200475125157,227
"229",2022,4,7.22666666666667,30,7.9,6.55333333333333,6.5,7.25,7.22307692307692,15,15,5,4,26,8695,4333,4362,942,2277,6418,7.30664771707878,7.7143027163628,6.90170294131133,6.826491507431,7.40485179183136,7.27180653942038,228
"230",2022,5,6.8925,38,7.12977272727273,6.56625,7.9175,7.30166666666667,6.81578125,22,16,4,6,32,8733,4355,4378,946,2283,6450,7.30484563151265,7.71134986681975,6.90047698264048,6.83110465116279,7.40458060884801,7.2695440883721,229
"231",2022,6,6.733,30,7.24533333333333,6.22066666666667,6.9,7.4,6.5996,15,15,5,5,25,8763,4370,4393,951,2288,6475,7.30288792650919,7.70975026773456,6.89815575460961,6.83146687697161,7.40457059877622,7.26695743166024,230
"232",2022,7,7.42777777777778,36,7.51666666666667,7.33888888888889,7.66666666666667,7.4125,7.43214285714286,18,18,3,8,28,8799,4388,4411,954,2296,6503,7.303398897602,7.70895822014586,6.89995425753798,6.83409329140461,7.40459822735192,7.26766867138244,231
"233",2022,8,7.33333333333333,30,7.78,6.88666666666667,8,7.38333333333333,7.32083333333333,15,15,1,6,24,8829,4403,4426,955,2302,6527,7.3035006116208,7.70920024301613,6.89990922503389,6.83531413612566,7.40454280191138,7.26786415964456,232
"234",2022,9,7.015625,32,7.39375,6.6375,6.6,7.6,6.82083333333333,16,16,4,8,24,8861,4419,4442,959,2310,6551,7.30246099763007,7.70805808327676,6.89896403196758,6.83433263816475,7.40521970995671,7.2662264341322,233
"235",2022,10,7.01379310344828,29,7.57,5.77777777777778,5,6.5,7.14782608695652,20,9,3,6,23,8890,4439,4451,962,2316,6574,7.30151933633296,7.70743605992341,6.89669697371377,6.82861226611227,7.40287458117444,7.26581219501065,234
"236",2022,11,7.08553212121212,33,7.24014222222222,6.9,6,6.625,7.14905379310345,18,15,1,4,29,8923,4457,4466,963,2320,6603,7.30072054914267,7.70554885124524,6.89670806762204,6.8277518172378,7.40153341810345,7.26529939875814,235
"237",2022,12,6.64074074074074,27,7.5625,6.25263157894737,5.44,6.36,6.80588235294118,8,19,5,10,17,8950,4465,4485,968,2330,6620,7.29872954860335,7.70529254871221,6.89397953846154,6.82058367768595,7.39706331759657,7.26411962688822,236
