"","year","month","avg_rating","no_ratings","avg_rating_owned","avg_rating_not_owned","avg_rating_prev_owned","avg_rating_comment","avg_rating_no_comment","no_ratings_owned","no_ratings_not_owned","no_ratings_prev_owned","no_ratings_comment","no_ratings_no_comment","cum_no_ratings","cum_no_ratings_owned","cum_no_ratings_not_owned","cum_no_ratings_prev_owned","cum_no_ratings_comment","cum_no_ratings_no_comment","cum_avg_rating","cum_avg_rating_owned","cum_avg_rating_not_owned","cum_avg_rating_prev_owned","cum_avg_rating_comment","cum_avg_rating_no_comment","month_after_release"
"1",2009,10,7.66666666666667,9,8,7,8.5,7.5,7.875,6,3,1,5,4,9,6,3,1,5,4,7.66666666666667,8,7,8.5,7.5,7.875,0
"2",2009,11,7.15217391304348,23,7.73076923076923,6.4,7.5,6.72222222222222,7.42857142857143,13,10,1,9,14,32,19,13,2,14,18,7.296875,7.81578947368421,6.53846153846154,8,7,7.52777777777778,1
"3",2009,12,7.31481481481481,27,7.725,6.14285714285714,4,6.9375,7.47368421052632,20,7,1,8,19,59,39,20,3,22,37,7.30508474576271,7.76923076923077,6.4,6.66666666666667,6.97727272727273,7.5,2
"4",2010,1,7.31282051282051,39,7.53448275862069,6.67,7.7,7.16666666666667,7.37777777777778,29,10,1,12,27,98,68,30,4,34,64,7.30816326530612,7.66911764705882,6.49,6.925,7.04411764705882,7.4484375,3
"5",2010,2,7.51764705882353,51,7.76857142857143,6.96875,6.83333333333333,7.30952380952381,7.66333333333333,35,16,6,21,30,149,103,46,10,55,94,7.37986577181208,7.70291262135922,6.65652173913043,6.87,7.14545454545455,7.51702127659575,4
"6",2010,3,7.3527027027027,37,7.40166666666667,7.14285714285714,7,7.07727272727273,7.46923076923077,30,7,4,11,26,186,133,53,14,66,120,7.3744623655914,7.63496240601504,6.72075471698113,6.90714285714286,7.13409090909091,7.50666666666667,5
"7",2010,4,7.25135135135135,37,7.55714285714286,6.85,7.36,7.56,7.13703703703704,21,16,5,10,27,223,154,69,19,76,147,7.35403587443946,7.62435064935065,6.75072463768116,7.02631578947368,7.19013157894737,7.43877551020408,6
"8",2010,5,7.59268292682927,41,7.72586206896552,7.27083333333333,6.95833333333333,7.64583333333333,7.57068965517241,29,12,6,12,29,264,183,81,25,88,176,7.39109848484848,7.64043715846994,6.82777777777778,7.01,7.25227272727273,7.46051136363636,7
"9",2010,6,7.38292682926829,41,7.65,7.00588235294118,7.125,7.09166666666667,7.50344827586207,24,17,4,12,29,305,207,98,29,100,205,7.39,7.64154589371981,6.85867346938775,7.02586206896552,7.233,7.46658536585366,8
"10",2010,7,7.28448275862069,58,7.55813953488372,6.5,6.85714285714286,7.43269230769231,7.1640625,43,15,7,26,32,363,250,113,36,126,237,7.37314049586777,7.6272,6.81106194690265,6.99305555555556,7.27420634920635,7.42573839662447,9
"11",2010,8,7.28690476190476,42,7.425,6.94166666666667,7.6,7.6,7.21323529411765,30,12,3,8,34,405,280,125,39,134,271,7.3641975308642,7.60553571428571,6.8236,7.03974358974359,7.29365671641791,7.39907749077491,10
"12",2010,9,7.74431485714286,35,7.92307692307692,7.22789111111111,7.25,7.33900222222222,7.88461538461539,26,9,2,9,26,440,306,134,41,143,297,7.39443413636364,7.63251633986928,6.85075388059701,7.05,7.29651062937063,7.44158249158249,11
"13",2010,10,7.38589743589744,39,7.55384615384615,7.05,6.85,7.68181818181818,7.26964285714286,26,13,5,11,28,479,332,147,46,154,325,7.39373908141962,7.62635542168675,6.86837428571429,7.02826086956522,7.3240325974026,7.42676923076923,12
"14",2010,11,7.3875,60,7.67179487179487,6.85952380952381,7.16666666666667,7.00384615384615,7.4936170212766,39,21,3,13,47,539,371,168,49,167,372,7.39304456400742,7.6311320754717,6.86726797619048,7.03673469387755,7.29910790419162,7.43521505376344,13
"15",2010,12,7.45806451612903,62,7.81538461538462,6.85217391304348,6.75,7.375,7.48695652173913,39,23,6,16,46,601,410,191,55,183,418,7.39975211314476,7.64865853658537,6.86545036649215,7.00545454545455,7.30574327868852,7.44090909090909,14
"16",2011,1,7.55406976744186,86,7.85491803278688,6.82,7.11111111111111,7.58620689655172,7.53771929824561,61,25,9,29,57,687,471,216,64,212,475,7.41906989810771,7.67537154989384,6.86018990740741,7.0203125,7.34410858490566,7.45252631578947,15
"17",2011,2,7.80222222222222,45,7.87631578947368,7.4,7.33333333333333,7.36363636363636,7.94411764705882,38,7,3,11,34,732,509,223,67,223,509,7.44262434426229,7.69037328094303,6.87713461883408,7.03432835820896,7.34507183856502,7.48536345776031,16
"18",2011,3,7.51391304347826,69,7.82764705882353,6.625,6.1,7.76388888888889,7.4256862745098,51,18,5,18,51,801,560,241,72,241,560,7.44876531835206,7.702875,6.85830298755187,6.96944444444444,7.37635278008299,7.47992857142857,17
"19",2011,4,7.43846153846154,39,7.85384615384615,6.60769230769231,7,7.03636363636364,7.59642857142857,26,13,1,11,28,840,586,254,73,252,588,7.44828692857143,7.70957337883959,6.84547645669291,6.96986301369863,7.36151198412698,7.48547619047619,18
"20",2011,5,7.32053571428571,56,7.65,6.56470588235294,6.85714285714286,7.13666666666667,7.38780487804878,39,17,7,15,41,896,625,271,80,267,629,7.44030247767857,7.705856,6.82786354243542,6.96,7.3488802247191,7.47910969793323,19
"21",2011,6,7.37049180327869,61,7.72432432432432,6.825,7.18571428571429,7.56818181818182,7.25897435897436,37,24,7,22,39,957,662,295,87,289,668,7.43585268547544,7.70688821752266,6.82763057627119,6.97816091954023,7.36557446366782,7.46625748502994,20
"22",2011,7,7.51451612903226,62,7.67111111111111,7.1,6.91111111111111,7.388,7.6,45,17,9,25,37,1019,707,312,96,314,705,7.44063888125613,7.70461103253182,6.84247121794872,6.971875,7.36735993630573,7.47327659574468,21
"23",2011,8,7.70808823529412,68,7.95480769230769,6.90625,7.1875,7.9921052631579,7.59795918367347,52,16,8,19,49,1087,759,328,104,333,754,7.45736984360625,7.72175230566535,6.84558237804878,6.98846153846154,7.40300606606607,7.48137931034483,22
"24",2011,9,7.6,67,7.96071428571429,6.994,6.1875,7.74736842105263,7.54166666666667,42,25,4,19,48,1154,801,353,108,352,802,7.46565079722704,7.73428214731585,6.85609354107649,6.9587962962963,7.42159380681818,7.48498753117207,23
"25",2011,10,7.34925373134328,67,7.52692307692308,6.73333333333333,6.8,7.203125,7.39509803921569,52,15,10,16,51,1221,853,368,118,368,853,7.45926373464373,7.72164126611958,6.85108972826087,6.94533898305085,7.41209516304348,7.47961313012896,24
"26",2011,11,7.42631578947368,95,7.80970149253731,6.50892857142857,6.41428571428571,7.34615384615385,7.45652173913043,67,28,7,26,69,1316,920,396,125,394,922,7.45688527355623,7.72805434782609,6.82689651515151,6.9156,7.40774370558376,7.47788503253796,25
"27",2011,12,7.55909090909091,88,7.62222222222222,7.4,7.63636363636364,7.35,7.66724137931034,63,25,11,30,58,1404,983,421,136,424,980,7.46329132478632,7.72127161749746,6.86092878859857,6.97389705882353,7.40365806603774,7.48909183673469,26
"28",2012,1,7.42117647058824,85,7.71694915254237,6.75,6.9,7.525,7.38923076923077,59,26,10,20,65,1489,1042,447,146,444,1045,7.46088718603089,7.72102687140115,6.85447655480984,6.96883561643836,7.40912391891892,7.48288038277512,27
"29",2012,2,7.29485294117647,68,7.40098039215686,6.97647058823529,7.3,7.44230769230769,7.26,51,17,5,13,55,1557,1093,464,151,457,1100,7.4536358509955,7.70609332113449,6.8589461637931,6.97980132450331,7.41006787746171,7.47173636363636,28
"30",2012,3,7.25522388059701,67,7.51176470588235,6.4375,6.75,7.39642857142857,7.21792452830189,51,16,6,14,53,1624,1144,480,157,471,1153,7.44545013546798,7.69743006993007,6.84489795833333,6.97101910828026,7.40966246284501,7.46006938421509,29
"31",2012,4,7.61119402985075,67,7.88222222222222,7.05681818181818,6.71875,7.89333333333333,7.52980769230769,45,22,8,15,52,1691,1189,502,165,486,1205,7.45201716144293,7.70442388561817,6.85418529880478,6.95878787878788,7.42459057613169,7.46307883817427,30
"32",2012,5,7.45169491525424,59,7.82105263157895,6.78333333333333,7,7.57272727272727,7.42395833333333,38,21,1,11,48,1750,1227,523,166,497,1253,7.45200629714286,7.7080358598207,6.85134038240918,6.95903614457831,7.4278692555332,7.46158020750199,31
"33",2012,6,7.55327868852459,61,7.71590909090909,7.13235294117647,7.32142857142857,8.03846153846154,7.421875,44,17,7,13,48,1811,1271,540,173,510,1301,7.45541745996687,7.70830841856806,6.86018707407407,6.97369942196532,7.44343337254902,7.46011529592621,32
"34",2012,7,7.38936170212766,47,7.78666666666667,6.68823529411765,6.75,7.30769230769231,7.42058823529412,30,17,6,13,34,1858,1301,557,179,523,1335,7.4537465123789,7.71011529592621,6.854938994614,6.96620111731844,7.44005931166348,7.45910861423221,33
"35",2012,8,7.55588235294118,51,7.90135135135135,6.64285714285714,6.9,7.22222222222222,7.62738095238095,37,14,5,9,42,1909,1338,571,184,532,1377,7.45647512833944,7.71540358744395,6.84973908931699,6.96440217391304,7.43637409774436,7.46424110384894,34
"36",2012,9,7.42017543859649,57,7.74857142857143,6.89772727272727,6.82142857142857,7.40384615384615,7.425,35,22,7,13,44,1966,1373,593,191,545,1421,7.45542269582909,7.71624908958485,6.85151942664418,6.95916230366492,7.43559820183486,7.46302603800141,35
"37",2012,10,7.62380952380952,84,7.93,6.85833333333333,6.92727272727273,7.98571428571429,7.5031746031746,60,24,11,21,63,2050,1433,617,202,566,1484,7.46232244878049,7.72519888346127,6.8517844732577,6.95742574257426,7.45600886925795,7.46473045822102,36
"38",2012,11,7.52476744186047,86,7.84913793103448,6.85285714285714,7.33,7.634375,7.49971428571429,58,28,5,16,70,2136,1491,645,207,582,1554,7.46483661985019,7.73002012072435,6.85183103875969,6.96642512077295,7.46091240549828,7.46630630630631,37
"39",2012,12,7.52181818181818,110,7.7609756097561,6.82142857142857,6.77083333333333,7.44444444444444,7.54698795180723,82,28,12,27,83,2246,1573,673,219,609,1637,7.46762734639359,7.73163382072473,6.85056615156018,6.95570776255708,7.46018229885057,7.47039706780696,38
"40",2013,1,7.7,114,7.83139534883721,7.29642857142857,7.6,7.62121212121212,7.7320987654321,86,28,5,33,81,2360,1659,701,224,642,1718,7.47885212711864,7.73680530440024,6.86837520684736,6.97008928571429,7.46845953271028,7.48273573923166,39
"41",2013,2,7.49271844660194,103,7.78712121212121,6.96756756756757,7.07692307692308,7.47368421052632,7.49702380952381,66,37,13,19,84,2463,1725,738,237,661,1802,7.47943200162404,7.73873043478261,6.87334826558266,6.97594936708861,7.46860971255673,7.48340177580466,40
"42",2013,3,7.55760869565217,92,7.73623188405797,7.02173913043478,7,8.11764705882353,7.43066666666667,69,23,7,17,75,2555,1794,761,244,678,1877,7.48224697455969,7.73863433667782,6.87783314060447,6.9766393442623,7.48488351032448,7.48129461907299,41
"43",2013,4,7.4547619047619,105,7.63428571428571,7.09571428571429,7.5,7.79285714285714,7.40274725274725,70,35,4,14,91,2660,1864,796,248,692,1968,7.48116203759398,7.73471566523605,6.88741334170854,6.98508064516129,7.49111419075145,7.47766260162601,42
"44",2013,5,7.44691666666667,120,7.82757142857143,6.914,7.18461538461538,7.6696875,7.36590909090909,70,50,13,32,88,2780,1934,846,261,724,2056,7.47968382014388,7.73807652533609,6.8889846572104,6.99501915708812,7.49900693370166,7.47287937743191,43
"45",2013,6,7.50235294117647,85,7.54609375,7.36904761904762,8,7.65277777777778,7.46194029850746,64,21,4,18,67,2865,1998,867,265,742,2123,7.48035637696335,7.73192692692693,6.90061247981546,7.01018867924528,7.50273722371968,7.47253414978803,44
"46",2013,7,7.43636363636364,132,7.73837209302326,6.87173913043478,6.79166666666667,7.54090909090909,7.41545454545455,86,46,12,22,110,2997,2084,913,277,764,2233,7.47841875875876,7.73219289827255,6.89915774370208,7.00072202166065,7.50383641361257,7.4697223466189,45
"47",2013,8,7.59810606060606,132,7.75,7.17714285714286,7.05555555555556,7.68269230769231,7.57735849056604,97,35,9,26,106,3129,2181,948,286,790,2339,7.48346788750399,7.732984869326,6.909420907173,7.00244755244755,7.50972281012658,7.47460025651988,46
"48",2013,9,7.27474747474747,99,7.675,6.54285714285714,6.75,7.21041666666667,7.29533333333333,64,35,10,24,75,3228,2245,983,296,814,2414,7.47706661090459,7.73133184855234,6.89636929806714,6.99391891891892,7.50089805896806,7.46903065451533,47
"49",2013,10,7.32347826086956,115,7.46705882352941,6.91666666666667,6.82727272727273,7.34705882352941,7.31938775510204,85,30,11,17,98,3343,2330,1013,307,831,2512,7.47178313490877,7.72169098712447,6.8969704047384,6.98794788273616,7.49775092659446,7.46319267515923,48
"50",2013,11,7.47666666666667,150,7.76730769230769,6.8195652173913,6.99583333333333,7.3625,7.4984126984127,104,46,12,24,126,3493,2434,1059,319,855,2638,7.47199284855425,7.72364009860312,6.89360813975448,6.98824451410658,7.49395440935672,7.46487490523123,49
"51",2013,12,7.57576923076923,130,7.79076086956522,7.05526315789474,6.9375,7.63333333333333,7.5627358490566,92,38,8,24,106,3623,2526,1097,327,879,2744,7.47571653878002,7.7260847189232,6.89920785779398,6.98700305810398,7.49775997724687,7.46865524781341,50
"52",2014,1,7.58176470588235,170,7.87685950413223,6.8530612244898,6.59615384615385,7.4,7.63233082706767,121,49,13,37,133,3793,2647,1146,340,916,2877,7.48046955444239,7.73297695504345,6.8972347469459,6.97205882352941,7.49381115720524,7.4762217587765,51
"53",2014,2,7.65981595092025,163,7.81958333333333,7.21395348837209,6.91666666666667,7.80810810810811,7.61626984126984,120,43,12,37,126,3956,2767,1189,352,953,3003,7.48785920626896,7.73673292374413,6.90868883095038,6.97017045454545,7.50601366211962,7.4820979020979,52
"54",2014,3,7.45194029850746,134,7.66955555555556,7.00681818181818,7.25,7.23,7.49087719298246,90,44,10,20,114,4090,2857,1233,362,973,3117,7.486682400978,7.73461673083654,6.91219060827251,6.97790055248619,7.50034020554985,7.48241899262111,53
"55",2014,4,7.58154362416107,149,7.75245098039216,7.21063829787234,7.625,7.69423076923077,7.55772357723577,102,47,8,26,123,4239,2959,1280,370,999,3240,7.4900167539514,7.73523149712741,6.923149234375,6.99189189189189,7.50538640640641,7.48527777777778,54
"56",2014,5,7.69183006535948,153,7.80204918032787,7.25806451612903,6.68181818181818,7.63214285714286,7.7052,122,31,11,28,125,4392,3081,1311,381,1027,3365,7.49704713570128,7.73787731256086,6.93106866514111,6.98293963254593,7.50884227848101,7.49344725111441,55
"57",2014,6,7.70787671232877,146,7.775,7.46875,7.16666666666667,7.62,7.72603305785124,114,32,12,25,121,4538,3195,1343,393,1052,3486,7.50383010577347,7.73920187793427,6.94388013402829,6.98854961832061,7.51148385931559,7.50152036718302,56
"58",2014,7,7.40080213903743,187,7.64358974358974,6.995,7.12142857142857,7.24333333333333,7.43089171974522,117,70,21,30,157,4725,3312,1413,414,1082,3643,7.4997525968254,7.73582427536232,6.94641261146497,6.99528985507246,7.50404900184843,7.49847653033214,57
"59",2014,8,7.50546511627907,172,7.73952,6.88297872340426,7.15625,7.59542857142857,7.48248175182482,125,47,16,35,137,4897,3437,1460,430,1117,3780,7.49995324075965,7.73595868489962,6.94437056164383,7.00127906976744,7.50691228290063,7.49789682539682,58
"60",2014,9,7.56068421052632,190,7.81097744360902,6.97666666666667,6.58083333333333,7.381,7.594375,133,57,12,30,160,5087,3570,1517,442,1147,3940,7.50222154904659,7.73875350140056,6.94558406064601,6.98986425339367,7.50361902353967,7.50181472081218,59
"61",2014,10,7.54922680412371,194,7.82593984962406,6.94590163934426,6.97,7.471875,7.56450617283951,133,61,20,32,162,5281,3703,1578,462,1179,4102,7.50394830903238,7.74188495814205,6.94559633713561,6.98900432900433,7.50275743850721,7.50429058995612,60
"62",2014,11,7.50261111111111,180,7.79201550387597,6.77058823529412,6.30909090909091,7.66727272727273,7.4656462585034,129,51,11,33,147,5461,3832,1629,473,1212,4249,7.50390423365684,7.74357254697286,6.940117262124,6.97319238900634,7.50723681518152,7.50295363614968,61
"63",2014,12,7.57407843137255,255,7.73589189189189,7.14642857142857,7.05882352941176,7.45394736842105,7.59511520737327,185,70,17,38,217,5716,4017,1699,490,1250,4466,7.50703481805458,7.74321882001493,6.94861743378458,6.97616326530612,7.505616816,7.50743170622481,62
"64",2015,1,7.66590163934426,305,7.87370689655172,7.00547945205479,6.905,7.69594594594595,7.66175373134328,232,73,20,37,268,6021,4249,1772,510,1287,4734,7.51508238166418,7.75034361026124,6.95095994356659,6.97337254901961,7.51108859362859,7.51616814533164,63
"65",2015,2,7.38153846153846,221,7.69549668874172,6.70428571428571,6.74814814814815,7.18918918918919,7.42021739130435,151,70,27,37,184,6242,4400,1842,537,1324,4918,7.51035421659724,7.74846136363636,6.94158578718784,6.96204841713222,7.50209291540786,7.51257828385522,64
"66",2015,3,7.66919431279621,211,7.88924050632911,7.01320754716981,6.84375,7.67333333333333,7.66850828729282,158,53,16,30,181,6453,4558,1895,553,1354,5099,7.51554796528746,7.75334137779728,6.94358892875989,6.95862567811935,7.50588701624815,7.51811335555991,65
"67",2015,4,7.53062200956938,209,7.69907407407407,6.95,7.25,7.4025,7.56094674556213,162,47,10,40,169,6662,4720,1942,563,1394,5268,7.51602086760732,7.75147881355932,6.94374408856848,6.96380106571936,7.50292038737446,7.51948747152619,66
"68",2015,5,7.54859813084112,214,7.73841463414634,6.926,6.95,7.42209302325581,7.58040935672515,164,50,10,43,171,6876,4884,1992,573,1437,5439,7.51703476148924,7.75104013104013,6.94329870481928,6.96356020942408,7.50050175365345,7.52140283140283,67
"69",2015,6,7.60597701149425,261,7.80463917525773,7.03074626865672,7.26352941176471,7.96545454545455,7.53308755760369,194,67,17,44,217,7137,5078,2059,590,1481,5656,7.52028737845033,7.75308782985427,6.94614425449247,6.97220338983051,7.51431534098582,7.52185113154172,68
"70",2015,7,7.58492366412214,262,7.81424870466321,6.94347826086956,6.8,7.56888888888889,7.58824884792627,193,69,16,45,217,7399,5271,2128,606,1526,5873,7.52257616164347,7.75532726237905,6.94605781015037,6.96765676567657,7.51592465268676,7.52430444406606,69
"71",2015,8,7.61641447368421,304,7.76831223628692,7.07910447761194,6.85263157894737,7.72674418604651,7.59823754789272,237,67,19,43,261,7703,5508,2195,625,1569,6134,7.52627950408932,7.75588598402324,6.95011891571754,6.96416,7.5217023709369,7.52745027714379,70
"72",2015,9,7.48026923076923,286,7.67052195121951,6.99876543209877,6.648,7.44532692307692,7.48803418803419,205,81,25,52,234,7989,5713,2276,650,1621,6368,7.52463237201152,7.75282286014353,6.95185018453427,6.952,7.51925232572486,7.52600188442211,71
"73",2015,10,7.50003246753247,308,7.72489539748954,6.72115942028986,7.01722222222222,7.61914893617021,7.47858237547893,239,69,18,47,261,8297,5952,2345,668,1668,6629,7.52371917801615,7.75170144489247,6.94506226865671,6.95375748502994,7.52206715827338,7.52413486197013,72
"74",2015,11,7.42492711370262,343,7.68577235772358,6.76340206185567,6.51730769230769,7.50948275862069,7.40771929824561,246,97,26,58,285,8640,6198,2442,694,1726,6914,7.51979722453704,7.74908470474346,6.93784644553644,6.93740634005764,7.52164427578215,7.51933612959213,73
"75",2015,12,7.52414084507042,355,7.80148148148148,6.64317647058824,6.44736842105263,7.42081081081081,7.53616352201258,270,85,19,37,318,8995,6468,2527,713,1763,7232,7.51996865147304,7.75127195423624,6.92793471309853,6.92434782608696,7.51952808848554,7.52007605088496,74
"76",2016,1,7.51064965197216,431,7.66952681388013,7.06885964912281,6.95,7.61666666666667,7.4992030848329,317,114,20,42,389,9426,6785,2641,733,1805,7621,7.51954254402716,7.74745276344878,6.93401780386217,6.92504774897681,7.5217883767313,7.51901062852644,75
"77",2016,2,7.61395973154362,298,7.84082524271845,7.10597826086957,7.05789473684211,7.64651162790698,7.60847058823529,206,92,19,43,255,9724,6991,2733,752,1848,7876,7.52243603661045,7.75020411958232,6.9398064471277,6.92840425531915,7.52469048701299,7.52190705942103,76
"78",2016,3,7.58113846153846,325,7.81269230769231,6.98571428571429,6.84074074074074,7.6695652173913,7.56655913978495,234,91,27,46,279,10049,7225,2824,779,1894,8155,7.52433456264305,7.75222795847751,6.94128577195467,6.92536585365854,7.52820909186906,7.52343470263642,77
"79",2016,4,7.49530612244898,343,7.67358870967742,7.02989473684211,6.92307692307692,7.64318181818182,7.47354515050167,248,95,26,44,299,10392,7473,2919,805,1938,8454,7.52337644534257,7.7496182256122,6.94416958547448,6.92529192546584,7.5308194117647,7.52167021528271,78
"80",2016,5,7.65308139534884,344,7.81511450381679,7.13536585365854,6.99285714285714,7.74428571428571,7.64275080906149,262,82,14,35,309,10736,7735,3001,819,1973,8763,7.5275324161699,7.75183671622495,6.94939387537487,6.92644688644689,7.53460619361378,7.5259397466621,79
"81",2016,6,7.64784615384615,325,7.88389830508475,7.02191011235955,6.8,7.61666666666667,7.6520979020979,236,89,25,39,286,11061,7971,3090,844,2012,9049,7.53106753638912,7.75574670681219,6.95148253074434,6.92270142180095,7.53619682902584,7.52992706376395,80
"82",2016,7,7.73044827586207,290,7.90982142857143,7.12166666666667,7.22368421052632,7.76304347826087,7.72430327868852,224,66,19,46,244,11351,8195,3156,863,2058,9293,7.53616139723372,7.75995814521049,6.95504151457541,6.92932792584009,7.54126725947522,7.53503066824491,81
"83",2016,8,7.60137362637363,364,7.78483146067416,7.09639175257732,6.95,7.5,7.61789137380192,267,97,20,51,313,11715,8462,3253,883,2109,9606,7.53818762441315,7.76074296856535,6.9592563848755,6.92979614949037,7.5402693314367,7.53773058505101,82
"84",2016,9,7.52252159763314,338,7.7395474789916,7.006,7.02272727272727,7.51395348837209,7.52377050847458,238,100,22,43,295,12053,8700,3353,905,2152,9901,7.53774830498631,7.76016313793103,6.9606504682374,6.93205524861878,7.53974350371747,7.53731464498535,83
"85",2016,10,7.45298484848485,330,7.75793981481482,6.87517543859649,6.72142857142857,7.58571428571429,7.42983985765125,216,114,28,49,281,12383,8916,3467,933,2201,10182,7.53548940644432,7.76010927545985,6.95783992500721,6.92573419078242,7.54076693321217,7.53434858573954,84
"86",2016,11,7.54482843137255,408,7.77020905923345,7.0102479338843,6.75652173913043,7.4875,7.55320224719101,287,121,23,52,356,12791,9203,3588,956,2253,10538,7.53578729731843,7.76042424209497,6.95960730769231,6.92166317991632,7.53953751442521,7.53498550958436,85
"87",2016,12,7.60103174603175,378,7.80658088235294,7.07358490566038,6.81304347826087,7.41105263157895,7.63476635514019,272,106,23,57,321,13169,9475,3694,979,2310,10859,7.53766005923001,7.76174926649076,6.96287791553871,6.9191113381001,7.53636710822511,7.53793510452159,86
"88",2017,1,7.55596986817326,531,7.79075067024129,7.00170886075949,7.14333333333333,7.67063492063492,7.54053418803419,373,158,30,63,468,13700,9848,3852,1009,2373,11327,7.53836973138686,7.76284771527213,6.96447066978193,6.92577799801784,7.53993174041298,7.53804249139225,87
"89",2017,2,7.58837016574586,362,7.85095419847328,6.9004,6.81,7.64838235294118,7.57448979591837,262,100,19,68,294,14062,10110,3952,1028,2441,11621,7.53965689944531,7.76513098911968,6.96284944838056,6.92363813229572,7.54295289635395,7.53896457275622,88
"90",2017,3,7.53302211302211,407,7.75013605442177,6.96814159292035,6.85862068965517,7.66125,7.51904632152589,294,113,29,40,367,14469,10404,4065,1057,2481,11988,7.53947026885065,7.76470725682429,6.96299656088561,6.92185430463576,7.54486014510278,7.53835479646313,89
"91",2017,4,7.48280213903743,374,7.7214,6.86336538461538,6.7,7.58816,7.46654320987654,270,104,21,50,324,14843,10674,4169,1078,2531,12312,7.53804239843697,7.76361179501592,6.96051115855121,6.91753246753247,7.54571553536151,7.53646501786875,90
"92",2017,5,7.60594360086768,461,7.77479750778816,7.21878571428571,7.17826086956522,7.8369387755102,7.57847087378641,321,140,23,49,412,15304,10995,4309,1101,2580,12724,7.5400877757449,7.76393836289222,6.96890253423068,6.92297910990009,7.55124651937984,7.53782515718328,91
"93",2017,6,7.5833164556962,395,7.82537037037037,7.06048,7.171875,7.45472727272727,7.60411764705882,270,125,16,55,340,15699,11265,4434,1117,2635,13064,7.54117544556978,7.76541076786507,6.97148421741092,6.92654431512981,7.549231886148,7.53955046693203,92
"94",2017,7,7.60426433915212,401,7.74514184397163,7.27042016806723,6.90476190476191,7.32857142857143,7.64901449275362,282,119,21,56,345,16100,11547,4553,1138,2691,13409,7.54274679006211,7.7649157616697,6.97929739073139,6.92614235500879,7.544639918246,7.54236686553807,93
"95",2017,8,7.44926315789474,380,7.69250936329588,6.87451327433628,6.552,7.77236842105263,7.41336257309942,267,113,25,38,342,16480,11814,4666,1163,2729,13751,7.54059122087379,7.76327935500254,6.97675975567938,6.91809974204643,7.54781092707951,7.53915841029743,94
"96",2017,9,7.49852864583333,384,7.75378486055777,7.0168045112782,7.0375,7.48169642857143,7.50140243902439,251,133,26,56,328,16864,12065,4799,1189,2785,14079,7.53963343927894,7.76308183174471,6.97786956032507,6.92071068124474,7.54648151526032,7.53827880531288,95
"97",2017,10,7.42257270693512,447,7.65645569620253,6.85839694656489,6.64423076923077,7.70918367346939,7.3872864321608,316,131,26,49,398,17311,12381,4930,1215,2834,14477,7.53661072843857,7.76036041515225,6.97469493306288,6.91479423868313,7.54929464361326,7.53412774055398,96
"98",2017,11,7.43387447698745,478,7.69956790123457,6.87488311688312,6.79269565217391,7.42338709677419,7.4354375,324,154,23,62,416,17789,12705,5084,1238,2896,14893,7.53385015009275,7.75881009838646,6.97167152242329,6.91252584814216,7.54659910911602,7.5313710669442,97
"99",2017,12,7.43514563106796,515,7.64335227272727,6.98552147239264,6.85172413793103,7.51206896551724,7.4253829321663,352,163,29,58,457,18304,13057,5247,1267,2954,15350,7.53107300699301,7.75569750325496,6.9721017762531,6.91113417521705,7.54592113067027,7.52821558957655,98
"100",2018,1,7.43676818040435,643,7.65437709251101,6.91404624338624,6.86039837837838,7.45138888888889,7.43492458844133,454,189,37,72,571,18947,13511,5436,1304,3026,15921,7.52787260568956,7.75229290948116,6.97008328918322,6.90969458588957,7.54367185062789,7.5248697468752,99
"101",2018,2,7.53576407506702,373,7.78323943661972,6.74606741573034,7.03214285714286,7.7046511627907,7.51375757575758,284,89,14,43,330,19320,13795,5525,1318,3069,16251,7.52802496169772,7.7529300108735,6.96647470769231,6.91099525037936,7.54592734441186,7.52464409820934,100
"102",2018,3,7.41734096692112,393,7.6258152173913,6.92555555555556,7.05384615384615,7.58061224489796,7.39408430232558,276,117,26,49,344,19713,14071,5642,1344,3118,16595,7.52581835641455,7.75043667827446,6.96562615384615,6.91375873511905,7.54647242463117,7.52193770653811,101
"103",2018,4,7.63455502427184,412,7.86795481355932,7.04606837606838,6.794,7.79489795918367,7.61291093663912,295,117,25,49,363,20125,14366,5759,1369,3167,16958,7.52804441888199,7.75284986565502,6.96726042021184,6.91157176040906,7.55031607830754,7.52388506368675,102
"104",2018,5,7.50797872340426,376,7.71387755102041,7.12290076335878,6.92608695652174,7.74418604651163,7.47747747747748,245,131,23,43,333,20501,14611,5890,1392,3210,17291,7.52767640261451,7.75219637054274,6.97072203056027,6.91181159482759,7.55291309034268,7.52299131976172,103
"105",2018,6,7.49081929292929,297,7.68992099526066,7.00232558139535,6.94666666666667,7.9225,7.43869181132075,211,86,15,32,265,20798,14822,5976,1407,3242,17556,7.52715007500721,7.75130984347591,6.97117683400268,6.9121831840796,7.5565610795805,7.52171885623149,104
"106",2018,7,7.46042168674699,332,7.65610878661088,6.95752688172043,6.65,7.36195652173913,7.47625874125874,239,93,20,46,286,21130,15061,6069,1427,3288,17842,7.52610162139139,7.74979911692451,6.97096766518372,6.90850857743518,7.55383850973236,7.52099014908642,105
"107",2018,8,7.31555882352941,340,7.61495652173913,6.68954545454545,6.37619047619048,7.425,7.30418831168831,230,110,21,32,308,21470,15291,6179,1448,3320,18150,7.52276745505356,7.74777087829442,6.96595772131413,6.90078849447514,7.55259669277108,7.5173110876033,106
"108",2018,9,7.46705705705706,333,7.69553191489362,6.91918367346939,6.692,7.37702127659574,7.48185314685315,235,98,15,47,286,21803,15526,6277,1463,3367,18436,7.52191658303903,7.74698019451243,6.96522745897722,6.89864780587833,7.55014583308583,7.51676102408331,107
"109",2018,10,7.42400523560209,382,7.60292857142857,6.9328431372549,6,7.49555555555556,7.41445103857567,280,102,16,45,337,22185,15806,6379,1479,3412,18773,7.52023066306063,7.74442834999367,6.96470963473899,6.88892612576065,7.54942585580305,7.51492442550471,108
"110",2018,11,7.47080939947781,383,7.71027559055118,6.9993023255814,6.72178571428571,7.47787234042553,7.46982142857143,254,129,28,47,336,22568,16060,6508,1507,3459,19109,7.5193919381425,7.74388820049813,6.96539532267978,6.88582066357,7.54845360508817,7.51413136427861,109
"111",2018,12,7.45938287153652,397,7.65019642857143,7.00273504273504,6.576,7.50686274509804,7.45238439306358,280,117,20,51,346,22965,16340,6625,1527,3510,19455,7.51835455083823,7.74228271113831,6.96605475622641,6.88176276358874,7.54784929344729,7.51303321716782,110
"112",2019,1,7.46903524390244,492,7.63566667597765,7.02385574626866,6.965,7.49253125,7.46552182242991,358,134,30,64,428,23457,16698,6759,1557,3574,19883,7.51732010060963,7.73999689603545,6.96720068501257,6.88336656390494,7.54685870733072,7.51201049036865,111
"113",2019,2,7.58871085635359,362,7.75541505747126,7.15792079207921,6.44642857142857,7.13117647058824,7.63613820121951,261,101,14,34,328,23819,16959,6860,1571,3608,20211,7.51840509383266,7.74023418244,6.9700086632653,6.87947278166773,7.54294152439024,7.51402493246252,112
"114",2019,3,7.46193548387097,372,7.64417624521073,7.03342342342342,6.91739130434783,7.42075471698113,7.46877742946708,261,111,23,53,319,24191,17220,6971,1594,3661,20530,7.51753672564177,7.73877825203252,6.97101842346865,6.88001991217064,7.54117263589183,7.51332186604968,113
"115",2019,4,7.49483582089552,335,7.7301968503937,6.75679012345679,6.54761904761905,7.48333333333333,7.49675958188153,254,81,21,48,287,24526,17474,7052,1615,3709,20817,7.51722665457066,7.73865351379192,6.96855777509926,6.87569767182663,7.54042410892424,7.5130935250036,114
"116",2019,5,7.31287037037037,324,7.54627118644068,6.68693181818182,6.535,7.56666666666667,7.27814035087719,236,88,20,39,285,24850,17710,7140,1635,3748,21102,7.51456221046278,7.73608986448334,6.96508675490196,6.87153011620795,7.54069717716115,7.50992028765046,115
"117",2019,6,7.5096825297619,336,7.69048021186441,7.083,6.34285714285714,7.25044444444444,7.54977089347079,236,100,14,45,291,25186,17946,7240,1649,3793,21393,7.51449711188756,7.73549007188231,6.96671539088398,6.86704168587022,7.53725363037173,7.51046235871546,116
"118",2019,7,7.61228323699422,346,7.72490196078431,7.2967032967033,7.01481481481482,7.66304347826087,7.6045,255,91,27,46,300,25532,18201,7331,1676,3839,21693,7.51582227244243,7.73534173012472,6.97081154412768,6.86942227923628,7.53876088043761,7.51176283778177,117
"119",2019,8,7.47253711981567,434,7.67869364217252,6.93925619834711,6.655,7.54333333333333,7.46434732647815,313,121,20,45,389,25966,18514,7452,1696,3884,22082,7.51509879727336,7.73438403046343,6.97029917203435,6.86689371462264,7.53881385684861,7.51092755864505,118
"120",2019,9,7.54499628062361,449,7.74897737463127,6.91636363636364,6.94090909090909,7.5672131147541,7.54150342783505,339,110,22,61,388,26415,18853,7562,1718,3945,22470,7.51560699223926,7.73464643664138,6.96951460327956,6.8678415250291,7.53925298352344,7.51145552647975,119
"121",2019,10,7.38031698529412,408,7.54527115755627,6.85144329896907,6.3505,7.28863636363636,7.39139925824176,311,97,20,44,364,26823,19164,7659,1738,3989,22834,7.51354911941244,7.7315731893133,6.96801924924925,6.8618882278481,7.53648859864627,7.50954169265131,120
"122",2019,11,7.49184482758621,406,7.65655067567568,7.04863636363636,6.75192307692308,7.92063043478261,7.43705555555556,296,110,26,46,360,27229,19460,7769,1764,4035,23194,7.51322549597855,7.73043204522097,6.96916069378298,6.86026742630385,7.54086791078067,7.50841661679744,121
"123",2019,12,7.64204487551867,482,7.80771985465116,7.22905797101449,6.74,7.54056603773585,7.65458188811189,344,138,30,53,429,27711,19804,7907,1794,4088,23623,7.51546615639999,7.73177455211069,6.97369665233337,6.85825626532887,7.54086399706458,7.51107101722897,122
"124",2020,1,7.47196503782148,661,7.62250676829268,7.03370153846154,6.73398705882353,7.66720588235294,7.44957654300169,492,169,34,68,593,28372,20296,8076,1828,4156,24216,7.51445268398421,7.72912576665353,6.97495232664685,6.85594491247265,7.54293118864292,7.50956514411959,123
"125",2020,2,7.51145299145299,468,7.70429411764706,6.99921875,7.01052631578947,7.83828125,7.45967821782178,340,128,19,64,404,28840,20636,8204,1847,4220,24620,7.51440400658807,7.72871663888351,6.9753309349098,6.85753508391987,7.54741043127962,7.50874652843217,124
"126",2020,3,7.4400717578125,512,7.66425696629214,6.92846961538462,6.76332607142857,7.44633333333333,7.43924057522124,356,156,28,60,452,29352,20992,8360,1875,4280,25072,7.51310739608885,7.72762347751524,6.97445648923445,6.85612822933333,7.54599346261682,7.50749346960753,125
"127",2020,4,7.52162392504931,507,7.74647274238227,6.96566212328767,6.86363636363636,7.49257575757576,7.52597126984127,361,146,22,66,441,29859,21353,8506,1897,4346,25513,7.51325200509059,7.72794214864422,6.97430553961909,6.85621530311017,7.54518224114128,7.5078128640301,126
"128",2020,5,7.55481311059908,434,7.75280406940063,7.01837606837607,7.07222222222222,7.76372549019608,7.52699449086162,317,117,18,51,383,30293,21670,8623,1915,4397,25896,7.51384744033275,7.72830584171666,6.97490350458077,6.85824565535248,7.54771708437571,7.50809655892802,127
"129",2020,6,7.51349299065421,428,7.73008196721312,6.97642276422764,6.46041666666667,7.57878787878788,7.50803797468354,305,123,24,33,395,30721,21975,8746,1939,4430,26291,7.51384250219719,7.72833049328783,6.97492487079808,6.85332152140279,7.54794853724605,7.50809567874938,128
"130",2020,7,7.53798927613941,373,7.71328671328671,6.96172413793103,6.70666666666667,7.49454545454545,7.54550314465409,286,87,15,55,318,31094,22261,8833,1954,4485,26609,7.5141321640831,7.72813721710615,6.97479485112646,6.85219571647902,7.54729364994425,7.5085427295276,129
"131",2020,8,7.44296595982143,448,7.68447884012539,6.84573643410853,6.49354838709677,7.34351851851852,7.45659581218274,319,129,31,54,394,31542,22580,8962,1985,4539,27003,7.51312137023651,7.72752043135518,6.97293717027449,6.84659467506297,7.54486935888962,7.50778477354368,130
"132",2020,9,7.50601670644391,419,7.671003125,6.97272727272727,6.54166666666667,7.38491836734694,7.52205405405405,320,99,12,49,370,31961,22900,9061,1997,4588,27373,7.51302823003035,7.72673066986899,6.97293487694515,6.84476235853781,7.54316107672188,7.50797765096993,131
"133",2020,10,7.5243258110883,487,7.78309523809524,6.94852099337748,6.74714285714286,7.76484375,7.48793539007092,336,151,35,64,423,32448,23236,9212,2032,4652,27796,7.51319779123521,7.72754571957308,6.97253469279201,6.84308092027559,7.54621088134135,7.50767264750323,132
"134",2020,11,7.46439579684764,571,7.67704761904762,6.87291390728477,6.53870967741936,7.49137931034483,7.46134502923977,420,151,31,58,513,33019,23656,9363,2063,4710,28309,7.5123538547503,7.72664915201217,6.97092807753925,6.83850723703345,7.54553567303609,7.50683312409481,133
"135",2020,12,7.47732512323944,568,7.69944739759036,6.87483660130719,6.90454545454545,7.5207358490566,7.47285761165049,415,153,22,53,515,33587,24071,9516,2085,4763,28824,7.51176147318903,7.72618017573013,6.9693831010929,6.83920404316547,7.54525971446567,7.50622608173744,134
"136",2021,1,7.51503317715959,683,7.65096185404339,7.12346590909091,6.88764705882353,7.46717567567568,7.52084837438424,507,176,34,74,609,34270,24578,9692,2119,4837,29433,7.51182667814415,7.72462855683945,6.972181138052,6.83998132609722,7.54406512714492,7.50652863248734,135
"137",2021,2,7.49340779541446,567,7.68824073529412,6.99345911949686,6.42,7.40779661016949,7.50335082677165,408,159,25,59,508,34837,24986,9851,2144,4896,29941,7.5115268961162,7.72403437484992,6.97252457517003,6.83508415578358,7.54242300245098,7.50647471560736,136
"138",2021,3,7.47711462450593,506,7.6316621253406,7.06906474820144,6.645,7.49603174603175,7.47442437923251,367,139,20,63,443,35343,25353,9990,2164,4959,30384,7.51103422120363,7.72269723070248,6.97386782682683,6.83332737060998,7.54183363984674,7.50600742035281,137
"139",2021,4,7.4662987012987,462,7.66427795107034,6.98674896296296,6.80571428571429,7.31078431372549,7.48559610705596,327,135,35,51,411,35805,25680,10125,2199,5010,30795,7.51045698868873,7.72195334034268,6.97403957530864,6.83288787175989,7.53948164071856,7.50573500438383,138
"140",2021,5,7.37541577006508,461,7.59031386363636,6.94281045751634,6.73870967741935,7.23854166666667,7.39132365617433,308,153,31,48,413,36266,25988,10278,2230,5058,31208,7.50874039458446,7.72039319878405,6.97357469352014,6.83157866816143,7.53662574535389,7.50422090906178,139
"141",2021,6,7.53206781637717,403,7.67087776666667,7.12776699029126,6.61111111111111,7.46046511627907,7.54062036111111,300,103,18,43,360,36669,26288,10381,2248,5101,31568,7.50899676784205,7.7198281261412,6.97510458530007,6.82981335854093,7.53598373260145,7.50463600671566,140
"142",2021,7,7.57964912280702,399,7.69145762711864,7.2625,6.6875,7.46578947368421,7.59163434903047,295,104,8,38,361,37068,26583,10485,2256,5139,31929,7.50975726988238,7.71951328969642,6.97795524082022,6.82930870124113,7.53546468573652,7.50561963919947,141
"143",2021,8,7.47514332622601,469,7.65793103448276,6.94943983471074,6.6925,7.43074074074074,7.48092101204819,348,121,24,54,415,37537,26931,10606,2280,5193,32344,7.50932479153902,7.71871752924139,6.97762991891382,6.82786860964912,7.53437570190641,7.50530273559238,142
"144",2021,9,7.44796748780488,410,7.68168434628975,6.92716535433071,6.71136363636364,7.35869565217391,7.45924909340659,283,127,22,46,364,37947,27214,10733,2302,5239,32708,7.5086618539015,7.71833241897553,6.97703278859592,6.82675518245004,7.53283317808742,7.50479021493212,143
"145",2021,10,7.4046131670282,461,7.64502110759494,6.88068965517241,6.62121212121212,7.46944444444444,7.39912157647059,316,145,33,36,425,38408,27530,10878,2335,5275,33133,7.50741298791919,7.71749092335634,6.97574856775143,6.82385029122056,7.53240057251184,7.50343479371019,144
"146",2021,11,7.35273440643863,497,7.50991483516484,6.92255639097744,6.50769230769231,7.31333333333333,7.35814416475973,364,133,26,60,437,38905,27894,11011,2361,5335,33570,7.50543701426552,7.71478217968022,6.97510606847698,6.82036867005506,7.52993683598875,7.50154346201966,145
"147",2021,12,7.45554632890365,602,7.62848723004695,7.03695073863636,6.62,7.19042553191489,7.477998,426,176,28,47,555,39507,28320,11187,2389,5382,34125,7.50467678968284,7.71348409887006,6.97607904263878,6.81802027208037,7.52697194723151,7.50116052483516,146
"148",2022,1,7.42600124161074,894,7.58074903177005,6.98699570815451,6.63571428571429,7.36666666666667,7.43264317164179,661,233,35,90,804,40401,28981,11420,2424,5472,34929,7.50293584416227,7.71045667126738,6.97630177320491,6.81538796617162,7.52433534722222,7.49958338400755,147
"149",2022,2,7.41934930018416,543,7.61810026385224,6.96004067073171,6.185,7.39036363636364,7.42261612704918,379,164,20,55,488,40944,29360,11584,2444,5527,35417,7.50182731804416,7.70926446832425,6.97607155732044,6.81022930851064,7.52300217477836,7.49852287573764,148
"150",2022,3,7.45399126637555,458,7.6279156626506,6.99571428571429,6.75238095238095,7.4778,7.45107352941177,332,126,21,50,408,41402,29692,11710,2465,5577,35825,7.50129814284334,7.70835486966186,6.97628291374894,6.80973648275862,7.52259691949076,7.49798248960223,149
"151",2022,4,7.44397740041929,477,7.62585614730878,6.92620967741935,7.02941176470588,7.07372340425532,7.48444702325581,353,124,17,47,430,41879,30045,11834,2482,5624,36255,7.50064526206452,7.70738558861707,6.97575823221227,6.81124110797744,7.51884566500711,7.49782195310991,150
"152",2022,5,7.42679987315011,473,7.67605924698795,6.83989127659574,6.235,7.568,7.40783774580336,332,141,20,56,417,42352,30377,11975,2502,5680,36672,7.49982053433132,7.70704321295717,6.97415846263048,6.80663486410871,7.51933028521126,7.49679873609293,151
"153",2022,6,7.54566824228028,421,7.77418321192053,6.96573949579832,6.22727272727273,7.68947368421053,7.53140033942559,302,119,11,38,383,42773,30679,12094,2513,5718,37055,7.50027179762935,7.70770413018677,6.97407562344965,6.80409885793872,7.52046100384749,7.49715637781676,152
"154",2022,7,7.5025321888412,466,7.70317073170732,7.02565217391304,6.905,7.18333333333333,7.54175903614458,328,138,20,51,415,43239,31007,12232,2533,5769,37470,7.50029615856056,7.70765617473474,6.97465750408764,6.80489555073036,7.51748067602704,7.49765037576728,153
"155",2022,8,7.46654509803922,510,7.66855434782609,6.94302816901408,6.465,7.68721568627451,7.44202614379085,368,142,20,51,459,43749,31375,12374,2553,5820,37929,7.49990270863334,7.70719754613546,6.97429453612413,6.80223283587936,7.51896804467353,7.4969772358881,154
"156",2022,9,7.28966515981735,219,7.49414870503597,6.934375,6.84285714285714,7.32380952380952,7.28604378787879,139,80,7,21,198,43968,31514,12454,2560,5841,38127,7.49885553743632,7.70625784349813,6.97403810743536,6.80234391796875,7.51826639616504,7.49588182259291,155
"157",2022,10,7.38033333333333,3,7.38033333333333,NA,NA,7.38033333333333,NA,3,0,0,3,0,43971,31517,12454,2560,5844,38127,7.49884745104728,7.70622681981153,6.97403810743536,6.80234391796875,7.51819558863792,7.49588182259291,156
"158",2022,11,7.33442093541203,449,7.54548013245033,6.90081632653061,6.28923076923077,7.37925531914894,7.32917910447761,302,147,26,47,402,44420,31819,12601,2586,5891,38529,7.49718541805493,7.70470114334203,6.97318392111737,6.79718500773395,7.51708708538448,7.49414249656103,157
"159",2022,12,7.41909346283784,592,7.65178256594724,6.86462857142857,6.62384615384615,7.39649711864407,7.4215947467167,417,175,26,59,533,45012,32236,12776,2612,5950,39062,7.49615834888474,7.70401659666212,6.97169697792737,6.79545958269525,7.51589131932773,7.49315258435308,158
