"","year","month","avg_rating","no_ratings","avg_rating_owned","avg_rating_not_owned","avg_rating_prev_owned","avg_rating_comment","avg_rating_no_comment","no_ratings_owned","no_ratings_not_owned","no_ratings_prev_owned","no_ratings_comment","no_ratings_no_comment","cum_no_ratings","cum_no_ratings_owned","cum_no_ratings_not_owned","cum_no_ratings_prev_owned","cum_no_ratings_comment","cum_no_ratings_no_comment","cum_avg_rating","cum_avg_rating_owned","cum_avg_rating_not_owned","cum_avg_rating_prev_owned","cum_avg_rating_comment","cum_avg_rating_no_comment","month_after_release"
"1",2009,8,9.66666666666667,9,9.66666666666667,NA,NA,10,9.625,9,0,0,1,8,9,9,0,0,1,8,9.66666666666667,9.66666666666667,NA,NA,10,9.625,0
"2",2009,9,8.72017543859649,513,9.17397820163488,7.57945205479452,8.62352941176471,8.7376,8.7145618556701,367,146,34,125,388,522,376,146,34,126,396,8.73649425287356,9.18577127659574,7.57945205479452,8.62352941176471,8.74761904761905,8.73295454545454,1
"3",2009,10,7.87679324894515,237,8.58354838709677,6.54085365853659,8.16666666666667,7.96160714285714,7.85055248618785,155,82,12,56,181,759,531,228,46,182,577,8.46805006587615,9.00998116760829,7.20592105263158,8.50434782608696,8.50576923076923,8.45615251299827,2
"4",2009,11,5.86238938053097,226,7.51047619047619,4.43223140495868,6.5,5.04477611940298,6.20691823899371,105,121,22,67,159,985,636,349,68,249,736,7.87020304568528,8.7624213836478,6.24426934097421,7.85588235294118,7.57449799196787,7.97024456521739,3
"5",2009,12,6.12297297297297,222,7.57610619469027,4.61651376146789,5.44210526315789,6.31518987341772,6.01678321678322,113,109,19,79,143,1207,749,458,87,328,879,7.54884009942005,8.58344459279039,5.85687772925764,7.32873563218391,7.27118902439025,7.65244596131968,4
"6",2010,1,7.63333333333333,108,8.44848484848485,6.35238095238095,6.80714285714286,7.7525,7.60625,66,42,14,20,88,1315,815,500,101,348,967,7.55577946768061,8.57251533742331,5.8985,7.25643564356436,7.29885057471265,7.64824198552223,5
"7",2010,2,7.9013698630137,73,8.51219512195122,7.11875,7.18181818181818,7.63888888888889,7.98727272727273,41,32,11,18,55,1388,856,532,112,366,1022,7.5739553314121,8.5696261682243,5.9718984962406,7.24910714285714,7.3155737704918,7.66648727984344,6
"8",2010,3,7.92682926829268,82,8.32456140350877,7.02,7.275,8.29411764705882,7.83076923076923,57,25,8,17,65,1470,913,557,120,383,1087,7.59363945578231,8.55432639649507,6.0189407540395,7.25083333333333,7.35900783289817,7.6763109475621,7
"9",2010,4,7.43478260869565,69,8.3,6.16785714285714,6.125,7.47333333333333,7.42407407407407,41,28,8,15,54,1539,954,585,128,398,1141,7.58651721897336,8.54339622641509,6.02606837606838,7.18046875,7.36331658291457,7.66437335670465,8
"10",2010,5,8.17132352941177,68,8.59666666666667,7.33913043478261,7.26666666666667,8.425,8.065625,45,23,9,20,48,1607,999,608,137,418,1189,7.61126322339763,8.5457957957958,6.07574013157895,7.18613138686131,7.41411483253589,7.68057190916737,9
"11",2010,6,7.979,60,8.32363636363636,7.03125,7.58333333333333,8.46428571428571,7.83130434782609,44,16,6,14,46,1667,1043,624,143,432,1235,7.62449910017996,8.53642377756472,6.10024038461539,7.2027972027972,7.44814814814815,7.68618623481781,10
"12",2010,7,7.70526315789474,57,8.38823529411765,6.69565217391304,7.33333333333333,7.91875,7.6219512195122,34,23,9,16,41,1724,1077,647,152,448,1276,7.62716937354988,8.53174558960074,6.12140649149923,7.21052631578947,7.46495535714286,7.68412225705329,11
"13",2010,8,7.77890625,64,8.10568181818182,7.06,7.52857142857143,7.55,7.84897959183674,44,20,7,15,49,1788,1121,667,159,463,1325,7.63260067114094,8.5150223015165,6.14955022488756,7.22452830188679,7.46771058315335,7.69021886792453,12
"14",2010,9,8.1796875,64,8.38695652173913,7.65,6.8,8.24615384615385,8.16274509803922,46,18,4,13,51,1852,1167,685,163,476,1376,7.65150647948164,8.50997429305913,6.18897810218978,7.21411042944785,7.48897058823529,7.70773255813953,13
"15",2010,10,7.80746268656716,67,8.2974358974359,7.125,8.2,7.98181818181818,7.72222222222222,39,28,5,22,45,1919,1206,713,168,498,1421,7.65695153725899,8.50310116086236,6.22573632538569,7.24345238095238,7.51074297188755,7.70819141449683,14
"16",2010,11,7.37164179104478,67,7.80263157894737,6.80689655172414,7.4375,7,7.45272727272727,38,29,8,12,55,1986,1244,742,176,510,1476,7.64732628398792,8.48170418006431,6.24845013477089,7.25227272727273,7.49872549019608,7.69867208672087,15
"17",2010,12,7.72597402597403,77,8.45897435897436,6.97368421052632,7.5625,8.12857142857143,7.63650793650794,39,38,8,14,63,2063,1283,780,184,524,1539,7.65026175472613,8.48101325019486,6.28378205128205,7.26576086956522,7.5155534351145,7.6961273554256,16
"18",2011,1,7.56451612903226,62,8.01282051282051,6.80434782608696,7,6.70833333333333,7.77,39,23,5,12,50,2125,1322,803,189,536,1589,7.64776,8.46720121028744,6.29869240348692,7.25873015873016,7.49748134328358,7.69845185651353,17
"19",2011,2,7.94385964912281,57,8.35714285714286,7.28636363636364,6.5,7.66363636363636,8.01086956521739,35,22,2,11,46,2182,1357,825,191,547,1635,7.65549495875344,8.46436256448047,6.3250303030303,7.25078534031414,7.5008226691042,7.70724159021407,18
"20",2011,3,7.43028169014084,71,8.05795454545455,6.40740740740741,7.42857142857143,8.1,7.25089285714286,44,27,7,15,56,2253,1401,852,198,562,1691,7.64839769196627,8.4515988579586,6.32764084507042,7.25707070707071,7.51681494661922,7.69212891780012,19
"21",2011,4,7.4936170212766,47,7.79166666666667,7.18260869565217,7,7.3125,7.53076923076923,24,23,3,8,39,2300,1425,875,201,570,1730,7.6452347826087,8.44048421052632,6.35011428571428,7.25323383084577,7.51394736842105,7.68849132947977,20
"22",2011,5,7.68947368421053,38,8.0304347826087,7.16666666666667,9,7,7.79393939393939,23,15,1,5,33,2338,1448,890,202,575,1763,7.64595380667237,8.43397099447514,6.36387640449438,7.26188118811881,7.50947826086956,7.69046511627907,21
"23",2011,6,7.7974358974359,39,8.21379310344828,6.59,6.75,8,7.753125,29,10,4,7,32,2377,1477,900,206,582,1795,7.64843920908708,8.42964793500339,6.36638888888889,7.25194174757282,7.51537800687285,7.69158217270195,22
"24",2011,7,7.35789473684211,38,7.69473684210526,7.02105263157895,6.83333333333333,7.78571428571429,7.26129032258065,19,19,6,7,31,2415,1496,919,212,589,1826,7.64386749482402,8.420314171123,6.37992383025027,7.24009433962264,7.51859083191851,7.68427710843374,23
"25",2011,8,7.78955223880597,67,8.16486486486487,7.32666666666667,6.92857142857143,8.16071428571429,7.69150943396226,37,30,7,14,53,2482,1533,949,219,603,1879,7.64780016116035,8.41414872798435,6.40985247629083,7.23013698630137,7.5334991708126,7.68448110697179,24
"26",2011,9,7.70957446808511,47,8.29821428571429,6.84210526315789,6.08333333333333,6.71428571428571,7.88375,28,19,6,7,40,2529,1561,968,225,610,1919,7.64894820086991,8.41206918641896,6.4183367768595,7.19955555555556,7.52409836065574,7.68863470557582,25
"27",2011,10,7.99411764705882,51,8.50151515151515,7.06388888888889,7.65,8.03666666666667,7.97638888888889,33,18,6,15,36,2580,1594,986,231,625,1955,7.65577131782946,8.41392095357591,6.43012170385395,7.21125541125541,7.5364,7.69393350383632,26
"28",2011,11,7.45,57,8.01029411764706,6.62173913043478,6.33333333333333,7.12307692307692,7.54659090909091,34,23,3,13,44,2637,1628,1009,234,638,1999,7.65132347364429,8.4054914004914,6.43448959365709,7.2,7.52797805642633,7.69069034517259,27
"29",2011,12,7.82,50,8.171875,7.19444444444444,7.625,8.22727272727273,7.70512820512821,32,18,4,11,39,2687,1660,1027,238,649,2038,7.65446222553033,8.40098795180723,6.44780915287244,7.20714285714286,7.53983050847458,7.69096663395486,28
"30",2012,1,7.54788732394366,71,8.22894736842105,6.76363636363636,7.25,8.5,7.40967741935484,38,33,6,9,62,2758,1698,1060,244,658,2100,7.65171863669326,8.39713780918728,6.45764150943396,7.20819672131148,7.55296352583587,7.6826619047619,29
"31",2012,2,7.70483870967742,62,8.13611111111111,7.10769230769231,8.04285714285714,8.38666666666667,7.48723404255319,36,26,7,15,47,2820,1734,1086,251,673,2147,7.6528865248227,8.39171856978085,6.4732044198895,7.23147410358566,7.57154531946508,7.67838379133675,30
"32",2012,3,7.48088235294118,34,8.17105263157895,6.60666666666667,7.41666666666667,7.5,7.47045454545455,19,15,6,12,22,2854,1753,1101,257,685,2169,7.65083742116328,8.3893268682259,6.47502270663034,7.23579766536965,7.57029197080292,7.67627478100507,31
"33",2012,4,7.38888888888889,45,8.15909090909091,6.65217391304348,7.42857142857143,7.3,7.41428571428571,22,23,7,10,35,2899,1775,1124,264,695,2204,7.64677130044843,8.38647323943662,6.47864768683274,7.24090909090909,7.56640287769784,7.67211433756806,32
"34",2012,5,7.82575757575758,33,8.18478260869565,7,7.25,7.71,7.84642857142857,23,10,4,5,28,2932,1798,1134,268,700,2232,7.64878581173261,8.38389321468298,6.48324514991182,7.2410447761194,7.56742857142857,7.67430107526882,33
"35",2012,6,7.20833333333333,36,7.73913043478261,6.26923076923077,5.75,6.54545454545455,7.5,23,13,4,11,25,2968,1821,1147,272,711,2257,7.64344339622642,8.37574958813838,6.48081952920663,7.21911764705882,7.55161744022504,7.67237040319008,34
"36",2012,7,7.40378378378378,37,7.82608695652174,6.71,6.75,6.85,7.55655172413793,23,14,6,8,29,3005,1844,1161,278,719,2286,7.6404925124792,8.36889370932755,6.48358311800172,7.2089928057554,7.54381084840056,7.67090113735783,35
"37",2012,8,8.05813953488372,43,8.21666666666667,7.69230769230769,7,8.75,7.94594594594595,30,13,1,6,37,3048,1874,1174,279,725,2323,7.6463845144357,8.3664567769477,6.49696763202726,7.20824372759857,7.55379310344828,7.67528196297891,36
"38",2012,9,7.49375,56,8.27121212121212,6.37826086956522,5,6.90625,7.59166666666667,33,23,2,8,48,3104,1907,1197,281,733,2371,7.64363079896907,8.36480859989512,6.49468671679198,7.19252669039146,7.54672578444748,7.67358920286799,37
"39",2012,10,7.54344827586207,29,8.45846153846154,6.8,7.25,7.96666666666667,7.43304347826087,13,16,4,6,23,3133,1920,1213,285,739,2394,7.64270347909352,8.36544270833333,6.49871393239901,7.19333333333333,7.5501353179973,7.67127819548872,38
"40",2012,11,7.62857142857143,42,8.36521739130435,6.73684210526316,7.33333333333333,8.05555555555556,7.51212121212121,23,19,3,9,33,3175,1943,1232,288,748,2427,7.64251653543307,8.36544004117344,6.50238636363636,7.19479166666667,7.55621657754011,7.66911413267408,39
"41",2012,12,7.55714285714286,42,8.22608695652174,6.74736842105263,7.4,7.5,7.57741935483871,23,19,5,11,31,3217,1966,1251,293,759,2458,7.64140192726142,8.36380976602238,6.50610711430855,7.19829351535836,7.55540184453228,7.66795768917819,40
"42",2013,1,7.64146341463415,41,8.052,7,6,8.075,7.53636363636364,25,16,2,8,33,3258,1991,1267,295,767,2491,7.64140270104359,8.35989452536414,6.51234411996843,7.19016949152542,7.56082138200782,7.66621437173826,41
"43",2013,2,7.85428571428571,35,8.2,7.39333333333333,6.25,5,8.22258064516129,20,15,4,4,31,3293,2011,1282,299,771,2522,7.643665350744,8.35830432620586,6.52265210608424,7.17759197324415,7.54753566796369,7.67305313243458,42
"44",2013,3,7.66847826086957,46,8.13888888888889,7,7.14285714285714,7.9375,7.61184210526316,27,19,7,8,38,3339,2038,1301,306,779,2560,7.64400718778077,8.3553974484789,6.52962336664104,7.17679738562092,7.551540436457,7.67214453125,43
"45",2013,4,8.08157894736842,38,8.47407407407407,7.11818181818182,8.5,8.54285714285714,7.97741935483871,27,11,1,7,31,3377,2065,1312,307,786,2591,7.64893100384957,8.35694915254237,6.53455792682927,7.18110749185668,7.560368956743,7.67579698957932,44
"46",2013,5,7.70851063829787,47,8.13461538461539,7.18095238095238,7.66666666666667,7.4,7.79189189189189,26,21,3,10,37,3424,2091,1333,310,796,2628,7.6497488317757,8.35418460066953,6.54474118529632,7.1858064516129,7.55835427135679,7.67743150684932,45
"47",2013,6,7.625,32,7.88888888888889,7.28571428571429,7.6,8,7.6,18,14,5,2,30,3456,2109,1347,315,798,2658,7.64951967592593,8.350213371266,6.55244246473645,7.19238095238095,7.55946115288221,7.67655756207675,46
"48",2013,7,7.81395348837209,43,8.05357142857143,7.36666666666667,7.92857142857143,8.0625,7.75714285714286,28,15,7,8,35,3499,2137,1362,322,806,2693,7.65154044012575,8.34632662611137,6.56140969162995,7.2083850931677,7.56445409429281,7.67760490159673,47
"49",2013,8,7.67948717948718,39,8.06,7,7.5,7.875,7.62903225806452,25,14,4,8,31,3538,2162,1376,326,814,2724,7.65184850197852,8.34301572617946,6.56587209302325,7.21196319018405,7.56750614250614,7.67705212922173,48
"50",2013,9,7.94285714285714,35,8.08695652173913,7.66666666666667,8,9,7.80645161290323,23,12,1,4,31,3573,2185,1388,327,818,2755,7.65469913238175,8.34032036613272,6.57538904899135,7.21437308868502,7.57451100244499,7.67850816696915,49
"51",2013,10,7.76875,48,8.17142857142857,7.205,7.57142857142857,8.65714285714286,7.61707317073171,28,20,7,7,41,3621,2213,1408,334,825,2796,7.65621099143883,8.33818346136466,6.58433238636364,7.22185628742515,7.58369696969697,7.67760729613734,50
"52",2013,11,7.475,44,8.212,6.50526315789474,7.5,6.4,7.61282051282051,25,19,4,5,39,3665,2238,1427,338,830,2835,7.65403547066849,8.33677390527256,6.58327960756832,7.22514792899408,7.57656626506024,7.67671604938272,51
"53",2013,12,7.2375,40,7.71739130434783,6.58823529411765,5.5,6.5,7.34285714285714,23,17,2,5,35,3705,2261,1444,340,835,2870,7.64953846153846,8.33047324192835,6.5833379501385,7.215,7.57011976047904,7.67264459930314,52
"54",2014,1,7.61125,64,8.03951219512195,6.84782608695652,7.33333333333333,6.44,7.66885245901639,41,23,9,3,61,3769,2302,1467,349,838,2931,7.64888829928363,8.32529105125977,6.58748466257669,7.21805157593123,7.56607398568019,7.67256567724326,53
"55",2014,2,7.90810810810811,37,8.264,7.16666666666667,8.66666666666667,8.375,7.77931034482759,25,12,3,8,29,3806,2327,1479,352,846,2960,7.65140830267998,8.32463257412978,6.59218390804598,7.23039772727273,7.57372340425532,7.67361148648649,54
"56",2014,3,7.95428571428571,35,7.94210526315789,7.96875,9,7.85,7.96774193548387,19,16,4,4,31,3841,2346,1495,356,850,2991,7.65416818536839,8.32153452685422,6.60691638795987,7.25028089887641,7.57502352941177,7.67665997993982,55
"57",2014,4,8.07941176470588,34,8.2475,7.83928571428571,7.5,7.42857142857143,8.24814814814815,20,14,2,7,27,3875,2366,1509,358,857,3018,7.65789935483871,8.32090870667793,6.61834990059642,7.25167597765363,7.57382730455076,7.68177269715043,56
"58",2014,5,7.11944444444444,36,7.54,6.59375,6.83333333333333,7.625,7.05625,20,16,3,4,32,3911,2386,1525,361,861,3050,7.6529429813347,8.31436295054484,6.61809180327869,7.24819944598338,7.57406504065041,7.67520983606557,57
"59",2014,6,7.18333333333333,24,7.35294117647059,6.77142857142857,7,8,7.02,17,7,1,4,20,3935,2403,1532,362,865,3070,7.65007878017789,8.30756138160632,6.61879242819843,7.2475138121547,7.57603468208093,7.67094136807818,58
"60",2014,7,7.25,24,7.625,6.875,7.75,6.5,7.31818181818182,12,12,4,2,22,3959,2415,1544,366,867,3092,7.64765344784036,8.30416977225672,6.62078367875648,7.25300546448088,7.57355247981546,7.66843143596378,59
"61",2014,8,6.96857142857143,35,8.33571428571429,6.05714285714286,6.61428571428571,9.16666666666667,6.7625,14,21,7,3,32,3994,2429,1565,373,870,3124,7.64170255383075,8.30435158501441,6.61322044728434,7.24101876675603,7.5790459770115,7.65915172855314,60
"62",2014,9,7.33730158730159,63,7.83783783783784,6.625,7.25,6.5,7.5343137254902,37,26,4,12,51,4057,2466,1591,377,882,3175,7.63697559773232,8.29735198702352,6.61341294783155,7.24111405835544,7.56436507936508,7.65714645669292,61
"63",2014,10,7.175,40,8,6.42857142857143,6.66666666666667,7.42857142857143,7.12121212121212,19,21,3,7,33,4097,2485,1612,380,889,3208,7.63246521845253,8.29507847082495,6.61100496277916,7.23657894736842,7.56329583802025,7.65163341645885,62
"64",2014,11,7.38571428571429,35,7.66666666666667,7.08823529411765,7.8,8,7.17307692307692,18,17,5,9,26,4132,2503,1629,385,898,3234,7.63037512100678,8.29055932880543,6.61598526703499,7.24389610389611,7.56767260579065,7.64778602350031,63
"65",2014,12,7.45,38,7.71481481481482,6.8,7.5,8,7.36666666666667,27,11,2,5,33,4170,2530,1640,387,903,3267,7.62873141486811,8.28441501976284,6.61721951219512,7.2452196382429,7.57006644518273,7.64494643403734,64
"66",2015,1,7.68269230769231,52,8.078125,7.05,6.6,7.40909090909091,7.75609756097561,32,20,5,11,41,4222,2562,1660,392,914,3308,7.6293960208432,8.28183840749414,6.62243373493976,7.23698979591837,7.56812910284464,7.64632406287787,65
"67",2015,2,7.26808510638298,47,7.87083333333333,6.63913043478261,6.3,7.91666666666667,7.17317073170732,24,23,5,6,41,4269,2586,1683,397,920,3349,7.62541813070977,8.27802397525135,6.62266191325015,7.22518891687658,7.57040217391305,7.64053150194088,66
"68",2015,3,7.4609375,32,7.76590909090909,6.79,7.125,7.15,7.51851851851852,22,10,4,5,27,4301,2608,1693,401,925,3376,7.62419437340154,8.27370398773006,6.6236503248671,7.22418952618454,7.56812972972973,7.63955568720379,67
"69",2015,4,6.92285714285714,35,7.38636363636364,6.13846153846154,6,6.33333333333333,7.0448275862069,22,13,2,6,29,4336,2630,1706,403,931,3405,7.6185332103321,8.26628136882129,6.6199531066823,7.2181141439206,7.56017185821697,7.63449045521292,68
"70",2015,5,7.20862068965517,29,8.30333333333333,6.03571428571429,6.75,8.4,6.96041666666667,15,14,6,5,24,4365,2645,1720,409,936,3429,7.6158098510882,8.26649149338374,6.6151976744186,7.21124694376528,7.56465811965812,7.62977252843395,69
"71",2015,6,7.11818181818182,22,7.83333333333333,6.85,6,9,6.82105263157895,6,16,3,3,19,4387,2651,1736,412,939,3448,7.61331433781628,8.26551112787627,6.61736175115207,7.20242718446602,7.56924387646433,7.62531612529002,70
"72",2015,7,7.245,20,7.4,7.09,6,7,7.2578947368421,10,10,1,1,19,4407,2661,1746,413,940,3467,7.61164284093488,8.26225854941751,6.62006872852234,7.19951573849879,7.56863829787234,7.62330256706086,71
"73",2015,8,7.140625,32,8,6.03571428571429,4.75,8.16666666666667,6.90384615384615,18,14,2,6,26,4439,2679,1760,415,946,3493,7.60824735300744,8.26049645390071,6.61542045454545,7.1877108433735,7.57243128964059,7.61794732321786,72
"74",2015,9,7.01481481481482,27,7.97142857142857,5.98461538461538,5.875,7.18333333333333,6.96666666666667,14,13,4,6,21,4466,2693,1773,419,952,3514,7.60465965069414,8.25899368733754,6.61079526226734,7.17517899761337,7.56997899159664,7.61405520774047,73
"75",2015,10,7.34285714285714,35,7.89130434782609,6.29166666666667,7,7.8125,7.2037037037037,23,12,1,8,27,4501,2716,1785,420,960,3541,7.60262386136414,8.25587997054492,6.60864985994398,7.17476190476191,7.572,7.61092629200791,74
"76",2015,11,7.175,40,7.51818181818182,6.75555555555556,7.06,7.75,7.07352941176471,22,18,5,6,34,4541,2738,1803,425,966,3575,7.59885707993834,8.24995252008766,6.61011647254576,7.17341176470588,7.57310559006211,7.60581538461538,75
"77",2015,12,7.07678571428571,56,7.36944444444444,6.55,6.8,7.5625,6.99583333333333,36,20,5,8,48,4597,2774,1823,430,974,3623,7.59249728083533,8.23852559480894,6.60945693911135,7.16906976744186,7.57301848049281,7.59773392216395,76
"78",2016,1,7.19090909090909,55,7.56071428571429,6.80740740740741,7.07777777777778,7.375,7.17647058823529,28,27,9,4,51,4652,2802,1850,439,978,3674,7.58774935511608,8.23175231977159,6.61234594594594,7.16719817767654,7.57220858895706,7.59188622754491,77
"79",2016,2,7.31818181818182,33,7.95238095238095,6.20833333333333,6.5,8.5,7.1551724137931,21,12,3,4,29,4685,2823,1862,442,982,3703,7.58585058697973,8.22967410556146,6.60974221267454,7.16266968325792,7.57598778004073,7.58846610856063,78
"80",2016,3,7.3030303030303,33,7.725,6.65384615384615,6.4375,7.5,7.27586206896552,20,13,8,4,29,4718,2843,1875,450,986,3732,7.58387240356083,8.22612381287373,6.610048,7.14977777777778,7.57567951318459,7.58603697749196,79
"81",2016,4,7.28484848484849,33,8.2,6.52222222222222,5.66666666666667,8,7.18620689655172,15,18,3,4,29,4751,2858,1893,453,990,3761,7.58179541149232,8.2259867039888,6.60921288959324,7.13995584988963,7.57739393939394,7.58295400159532,80
"82",2016,5,7.90540540540541,37,8.26315789473684,7.52777777777778,8,7.6,7.953125,19,18,3,5,32,4788,2877,1911,456,995,3793,7.58429615705932,8.22623218630518,6.6178649921507,7.14561403508772,7.57750753768844,7.58607698391774,81
"83",2016,6,7.16666666666667,24,7.6875,6.125,7,7.83333333333333,6.94444444444444,16,8,1,6,18,4812,2893,1919,457,1001,3811,7.58221321695761,8.22325267888005,6.61581031787389,7.14529540481401,7.57904095904096,7.58304644450276,82
"84",2016,7,7.51515151515152,33,7.73913043478261,7,8,8.2,7.39285714285714,23,10,1,5,28,4845,2916,1929,458,1006,3839,7.5817564499484,8.2194341563786,6.61780196993261,7.1471615720524,7.58212723658052,7.58165928627247,83
"85",2016,8,7.09756097560976,41,7.38461538461539,6.6,7,6.5,7.18055555555556,26,15,2,5,36,4886,2942,1944,460,1011,3875,7.57769340974212,8.21205642420122,6.6176646090535,7.14652173913044,7.57677546983185,7.57793290322581,84
"86",2016,9,7.29411764705882,34,7.71428571428571,7,7.5,7.2,7.31034482758621,14,20,5,5,29,4920,2956,1964,465,1016,3904,7.5757337398374,8.20969891745602,6.62155804480652,7.15032258064516,7.57492125984252,7.57594518442623,85
"87",2016,10,7.42924528301887,53,7.87037037037037,6.97115384615385,6.86111111111111,7.28571428571429,7.45108695652174,27,26,9,7,46,4973,2983,1990,474,1023,3950,7.57417253167103,8.20662755615152,6.6261256281407,7.14483122362869,7.57294232649072,7.57449113924051,86
"88",2016,11,7.39791666666667,48,7.61875,6.95625,7.325,8,7.2775,32,16,4,8,40,5021,3015,2006,478,1031,3990,7.57248755228042,8.20038805970149,6.62875872382851,7.14633891213389,7.57625606207566,7.57151378446115,87
"89",2016,12,7.65,42,7.946875,6.7,6,7.75555555555556,7.62121212121212,32,10,3,9,33,5063,3047,2016,481,1040,4023,7.57313055500692,8.19772563176895,6.6291121031746,7.13918918918919,7.57780769230769,7.571921451653,88
"90",2017,1,7.39423076923077,52,7.7962962962963,6.96,7.09090909090909,8,7.38235294117647,27,25,11,1,51,5115,3074,2041,492,1041,4074,7.57131182795699,8.19419973975276,6.63316511513964,7.13810975609756,7.57821325648415,7.56954835542464,89
"91",2017,2,7.62439024390244,41,7.90689655172414,6.94166666666667,6.5,8.66666666666667,7.54210526315789,29,12,1,3,38,5156,3103,2053,493,1044,4112,7.57173390224981,8.19151466322913,6.63496833901607,7.1368154158215,7.58134099616858,7.56929474708171,90
"92",2017,3,7.253125,32,7.55555555555556,6.86428571428571,7,7.25,7.25333333333333,18,14,2,2,30,5188,3121,2067,495,1046,4142,7.56976869699306,8.18784684396027,6.63652152878568,7.13626262626263,7.58070745697897,7.56700627716079,91
"93",2017,4,7.71458333333333,48,8.15357142857143,7.1,7.5,8.2,7.65813953488372,28,20,6,5,43,5236,3149,2087,501,1051,4185,7.57109625668449,8.18754207684979,6.64096310493531,7.14061876247505,7.58365366317793,7.56794265232975,92
"94",2017,5,7.66666666666667,36,7.82608695652174,7.38461538461539,6.5,6.5,7.8125,23,13,4,4,32,5272,3172,2100,505,1055,4217,7.57174886191199,8.184921185372,6.64556666666666,7.13554455445545,7.57954502369668,7.56979843490633,93
"95",2017,6,7.2764,25,7.35071428571429,7.18181818181818,6.66666666666667,6.085,7.65263157894737,14,11,3,6,19,5297,3186,2111,508,1061,4236,7.57035491787805,8.18125549278091,6.64836096636665,7.13277559055118,7.57109330819981,7.57016997167139,94
"96",2017,7,6.73913043478261,23,7.5,6.15384615384615,7.25,6.66666666666667,6.75,10,13,4,3,20,5320,3196,2124,512,1064,4256,7.56676127819549,8.1791239048811,6.64533427495292,7.13369140625,7.56854323308271,7.56631578947368,95
"97",2017,8,7.59583333333333,48,7.86551724137931,7.18421052631579,6.375,8.05555555555556,7.48974358974359,29,19,4,9,39,5368,3225,2143,516,1073,4295,7.56702123695977,8.17630387596899,6.65011199253383,7.12781007751938,7.57262814538677,7.56562048894063,96
"98",2017,9,7.44,25,7.78947368421053,6.33333333333333,5,6.75,7.57142857142857,19,6,2,4,21,5393,3244,2149,518,1077,4316,7.56643241238643,8.1740382244143,6.6492275476966,7.1195945945946,7.56957288765088,7.56564874884152,97
"99",2017,10,7.15384615384615,39,7.55263157894737,6.775,6.66666666666667,6.6,7.23529411764706,19,20,6,5,34,5432,3263,2169,524,1082,4350,7.56347017673049,8.17041985902543,6.65038727524204,7.11440839694657,7.56509242144178,7.56306666666667,98
"100",2017,11,7.11627906976744,43,7.55769230769231,6.44117647058824,5.33333333333333,7.25,7.1025641025641,26,17,3,4,39,5475,3289,2186,527,1086,4389,7.55995799086758,8.16557616296746,6.64876029277218,7.10426944971537,7.56393186003683,7.55897470950102,99
"101",2017,12,7.524,50,7.8,6.9375,8.33333333333333,7.71111111111111,7.48292682926829,34,16,6,9,41,5525,3323,2202,533,1095,4430,7.55963257918552,8.16183569064098,6.6508583106267,7.11810506566604,7.56514155251142,7.55827088036117,100
"102",2018,1,7.04255319148936,47,7.44285714285714,5.875,6.5,8,6.92857142857143,35,12,2,5,42,5572,3358,2214,535,1100,4472,7.55527099784638,8.1543418701608,6.64665311653116,7.11579439252337,7.56711818181818,7.55235688729875,101
"103",2018,2,7.36923076923077,26,7.74117647058824,6.66666666666667,6.4,7.2,7.40952380952381,17,9,5,5,21,5598,3375,2223,540,1105,4493,7.55440693104681,8.15226074074073,6.64673414304993,7.10916666666667,7.56545701357466,7.55168929445805,102
"104",2018,3,6.92785714285714,28,7.4,6.38307692307692,5.74666666666667,6.49333333333333,6.98,15,13,6,3,25,5626,3390,2236,546,1108,4518,7.55128865979382,8.14893215339232,6.64520125223613,7.09419413919414,7.56255415162455,7.54852589641434,103
"105",2018,4,7.35178571428571,28,7.54722222222222,7,7,7.7,7.27608695652174,18,10,3,5,23,5654,3408,2246,549,1113,4541,7.55030067209056,8.14575410798122,6.64678094390026,7.09367941712204,7.56317160826595,7.54714600308302,104
"106",2018,5,7.55434782608696,23,7.65625,7.32142857142857,8,8.5,7.46428571428571,16,7,1,2,21,5677,3424,2253,550,1115,4562,7.55031706887441,8.14346670560747,6.64887705281846,7.09532727272727,7.56485201793722,7.54676457693994,105
"107",2018,6,7.12857142857143,28,7.43,6.375,NA,6.82,7.19565217391304,20,8,0,5,23,5705,3444,2261,550,1120,4585,7.54824715162139,8.13932346109175,6.64790800530738,7.09532727272727,7.56152678571429,7.54500327153762,106
"108",2018,7,7.26111111111111,18,8.2,6.0875,5.75,8.75,6.83571428571429,10,8,4,4,14,5723,3454,2269,554,1124,4599,7.54734405032326,8.1394991314418,6.64593212869105,7.08561371841155,7.56575622775801,7.54284409654273,107
"109",2018,8,7.21734375,32,7.925,6.03791666666667,6.191,6.185,7.32413793103448,20,12,5,3,29,5755,3474,2281,559,1127,4628,7.54550912250217,8.13826424870466,6.64273345024112,7.07761180679785,7.56208074534162,7.54147363872083,108
"110",2018,9,7.19166666666667,24,7.875,5.825,6.775,7.66666666666667,7.12380952380952,16,8,4,3,21,5779,3490,2289,563,1130,4649,7.54403962623291,8.13705730659025,6.63987549148099,7.07546181172291,7.56235840707965,7.5395870079587,109
"111",2018,10,7.52173913043478,23,7.46875,7.64285714285714,7.5,7,7.54545454545455,16,7,3,1,22,5802,3506,2296,566,1131,4671,7.54395122371596,8.13400741585852,6.64293336236934,7.07771201413428,7.56186118479222,7.53961464354528,110
"112",2018,11,7.78088235294118,34,8.109375,7.48888888888889,6.66666666666667,7.33333333333333,7.87678571428571,16,18,3,6,28,5836,3522,2314,569,1137,4699,7.54533156271419,8.13389551391255,6.64951382886776,7.07554481546573,7.56065523306948,7.54162374973399,111
"113",2018,12,7.60333333333333,33,7.81521739130435,7.116,8,8.14285714285714,7.45807692307692,23,10,1,7,26,5869,3545,2324,570,1144,4725,7.54565769296303,8.13182792665726,6.65152108433735,7.07716666666667,7.56421765734266,7.54116402116402,112
"114",2019,1,7.46333333333333,30,7.81363636363636,6.5,NA,8.2,7.316,22,8,0,5,25,5899,3567,2332,570,1149,4750,7.54523902356332,8.12986543313709,6.6510012864494,7.07716666666667,7.56698433420366,7.53997894736842,113
"115",2019,2,7.69,20,7.69411764705882,7.66666666666667,6,6,7.77894736842105,17,3,1,1,19,5919,3584,2335,571,1150,4769,7.54572816354114,8.12779854910714,6.65230620985011,7.07528021015762,7.56562173913044,7.54093101279094,114
"116",2019,3,7.064,20,7.64285714285714,5.71333333333333,7,8,6.96,14,6,1,2,18,5939,3598,2341,572,1152,4787,7.54410591008588,8.12591161756531,6.64989961554891,7.0751486013986,7.56637586805556,7.5387466053896,115
"117",2019,4,7.40625,16,7.77272727272727,6.6,6,8,7.26923076923077,11,5,1,3,13,5955,3609,2346,573,1155,4800,7.5437355163728,8.12483513438625,6.64979326513214,7.0732722513089,7.56750216450217,7.53801666666667,116
"118",2019,5,7.921875,16,8.09090909090909,7.55,9.25,8,7.91071428571429,11,5,1,2,14,5971,3620,2351,574,1157,4814,7.54474878579803,8.12473204419889,6.65170778392173,7.07706445993032,7.56824978392394,7.5391005400914,117
"119",2019,6,7.55142857142857,21,7.79142857142857,7.07142857142857,8,8.5,7.32823529411765,14,7,2,4,17,5992,3634,2358,576,1161,4831,7.54477219626169,8.12344799119427,6.65295377438507,7.08026909722222,7.57145994832042,7.5383585179052,118
"120",2019,7,7.3047619047619,21,7.38235294117647,6.975,NA,6,7.44210526315789,17,4,0,2,19,6013,3651,2362,576,1163,4850,7.5439339763845,8.11999726102437,6.65349915325995,7.08026909722222,7.56875752364575,7.53798144329897,119
"121",2019,8,7.56818181818182,22,7.71428571428571,7.3125,7,7,7.625,14,8,1,2,20,6035,3665,2370,577,1165,4870,7.54402236951119,8.11844747612551,6.65572362869198,7.08012998266898,7.56778111587983,7.53833880903491,120
"122",2019,9,7.26666666666667,18,7.7,6.725,7,6.43333333333333,7.43333333333333,10,8,1,3,15,6053,3675,2378,578,1168,4885,7.54319758797291,8.11730884353741,6.655956686291,7.07999134948097,7.56486729452055,7.53801637666326,121
"123",2019,10,7.1548275862069,29,7.29263157894737,6.893,7.14333333333333,7.405,7.0895652173913,19,10,3,6,23,6082,3694,2388,581,1174,4908,7.54134577441631,8.11306713589605,6.65694932998325,7.08031841652324,7.56405025553663,7.53591483292584,122
"124",2019,11,7.05733333333333,30,7.50105263157895,6.29090909090909,6.9,7.26888888888889,6.96666666666667,19,11,3,9,21,6112,3713,2399,584,1183,4929,7.53897005890053,8.10993536224077,6.65527094622759,7.07939212328767,7.56180473372781,7.53348955163319,123
"125",2019,12,7.28148148148148,27,7.38571428571429,6.91666666666667,8,6.94285714285714,7.4,21,6,1,7,20,6139,3734,2405,585,1190,4949,7.53783759569963,8.10586234600964,6.65592307692308,7.08096581196581,7.55816386554622,7.53295009092746,124
"126",2020,1,7.34210526315789,38,7.7,6.94444444444444,7.66666666666667,7.05555555555556,7.43103448275862,20,18,3,9,29,6177,3754,2423,588,1199,4978,7.53663347903513,8.1037000532765,6.65806644655386,7.08395408163266,7.55439115929942,7.53235636801929,125
"127",2020,2,7.47931034482759,29,7.86,7.07142857142857,6.875,7.5,7.47857142857143,15,14,4,1,28,6206,3769,2437,592,1200,5006,7.53636561392202,8.10273016715309,6.66044111612638,7.08254222972973,7.55434583333334,7.53205553335997,126
"128",2020,3,6.52777777777778,18,7.5,5.3125,6.5,5,6.61764705882353,10,8,2,1,17,6224,3779,2445,594,1201,5023,7.53344874678664,8.10113522095792,6.65603067484663,7.08058080808081,7.55221898417985,7.52896078041011,127
"129",2020,4,7.748,25,8.35,7.19230769230769,9,8,7.7,12,13,1,4,21,6249,3791,2458,595,1205,5044,7.53430708913427,8.10192297546821,6.6588669650122,7.08380672268908,7.55370539419087,7.52967287866772,128
"130",2020,5,7.11142857142857,35,8,6.36315789473684,7.1125,6.8,7.16333333333333,16,19,8,5,30,6284,3807,2477,603,1210,5074,7.53195178230427,8.10149461518255,6.65659870811465,7.08418739635158,7.55059090909091,7.52750689791092,129
"131",2020,6,7.1,15,8.1875,5.85714285714286,6,5.8,7.75,8,7,3,5,10,6299,3815,2484,606,1215,5084,7.53092316240674,8.10167496723459,6.65434581320451,7.0788201320132,7.54338683127572,7.52794453186467,130
"132",2020,7,7.98095238095238,21,8.34615384615385,7.3875,7.15,7.86,8.01875,13,8,2,5,16,6320,3828,2492,608,1220,5100,7.53241851265823,8.10250522466039,6.65669943820225,7.07905427631579,7.54468442622951,7.52948431372549,131
"133",2020,8,7.716,25,7.99375,7.22222222222222,8,7.3,7.77272727272727,16,9,2,3,22,6345,3844,2501,610,1223,5122,7.53314184397164,8.10205254942767,6.65873450619752,7.08207377049181,7.54408421913328,7.53052909019914,132
"134",2020,9,8.36842105263158,19,9.18181818181818,7.25,7.7,8.3,8.39285714285714,11,8,5,5,14,6364,3855,2509,615,1228,5136,7.53563560653677,8.1051335927367,6.6606197688322,7.08709756097561,7.54716205211726,7.5328796728972,133
"135",2020,10,6.8,25,7,6.61538461538461,6,5,6.95652173913043,12,13,5,2,23,6389,3867,2522,620,1230,5159,7.53275708248553,8.10170416343418,6.66038659793814,7.07833064516129,7.54302032520325,7.53031013762357,134
"136",2020,11,7.14516129032258,31,8.07142857142857,5.2,5.4,9,7.08333333333333,21,10,5,1,30,6420,3888,2532,625,1231,5189,7.5308855140187,8.10154063786008,6.65461887835703,7.064904,7.54420389926889,7.52772595875892,135
"137",2020,12,7.46833333333333,24,7.77,7.16666666666667,7.3,7.5,7.46545454545455,12,12,5,2,22,6444,3900,2544,630,1233,5211,7.53065254500311,8.10052051282051,6.65703419811321,7.06676984126984,7.54413219789132,7.52746305891384,136
"138",2021,1,7.60714285714286,28,7.76190476190476,7.14285714285714,5.5,7.33333333333333,7.64,21,7,2,3,25,6472,3921,2551,632,1236,5236,7.53098346724351,8.09870696250956,6.65836730693846,7.06181170886076,7.54362055016181,7.52800038197097,137
"139",2021,2,7.40333333333333,30,7.60526315789474,7.05454545454545,6.75,7.25,7.41428571428571,19,11,2,2,28,6502,3940,2562,634,1238,5264,7.53039449400185,8.09632741116751,6.66006830601093,7.06082807570978,7.54314620355412,7.52739551671733,138
"140",2021,3,7.42144913043478,23,7.94117647058824,5.94888833333333,7,8.16666666666667,7.3096665,17,6,1,3,20,6525,3957,2568,635,1241,5284,7.53001047203066,8.09566085418246,6.65840667056075,7.06073228346457,7.54465350523771,7.52657140991673,139
"141",2021,4,7.58695652173913,23,8.03333333333333,6.75,7.5,7,7.675,15,8,2,3,20,6548,3972,2576,637,1244,5304,7.53021049633476,8.09542547834844,6.65869112189441,7.06211145996861,7.54334003215434,7.5271310953997,140
"142",2021,5,7.52916666666667,24,8.06363636363636,7.07692307692308,8,7,7.635,11,13,2,4,20,6572,3983,2589,639,1248,5324,7.53020668441875,8.09533768516193,6.66079116647354,7.06504694835681,7.54159855769231,7.52753631292262,141
"143",2021,6,7.5186665,20,8.03393909090909,6.88888888888889,7,7.5,7.52074055555556,11,9,3,2,18,6592,3994,2598,642,1250,5342,7.5301716717233,8.09516858537806,6.66158134334103,7.06474299065421,7.541532,7.52751341445152,142
"144",2021,7,7.53117647058824,17,7.62714285714286,7.08333333333333,NA,7,7.602,14,3,0,2,15,6609,4008,2601,642,1252,5357,7.53017425631715,8.09353376497006,6.66206779315648,7.06474299065421,7.54066693290735,7.52772198245287,143
"145",2021,8,7.21304347826087,23,7.74285714285714,6.38888888888889,7.5,7.5,7.18571428571429,14,9,2,2,21,6632,4022,2610,644,1254,5378,7.52907443606755,8.09231311039284,6.66112579693486,7.0660947204969,7.54060207336523,7.52638651171439,144
"146",2021,9,7.1875,16,7.125,7.25,5.66666666666667,6.4,7.54545454545455,8,8,3,5,11,6648,4030,2618,647,1259,5389,7.52825235559567,8.09039288585608,6.66292525974026,7.05960587326121,7.53607227958697,7.52642543329004,145
"147",2021,10,7.40909090909091,11,8,6.375,7.5,9,7.25,7,4,3,1,10,6659,4037,2622,650,1260,5399,7.52805551283977,8.0902361481298,6.66248601449275,7.06163846153846,7.53723412698413,7.52591343952584,146
"148",2021,11,7.63151515151515,33,7.917,7.19230769230769,7.5,8.15,7.56,20,13,1,4,29,6692,4057,2635,651,1264,5428,7.5285656993425,8.08938213704708,6.66509993548387,7.06231182795699,7.53917325949367,7.52609555268976,147
"149",2021,12,7.51481481481482,27,8.40588235294118,6,NA,8.45,7.44,17,10,0,2,25,6719,4074,2645,651,1266,5453,7.52851044203007,8.09070283014236,6.66258537996219,7.06231182795699,7.540612164297,7.52570083623693,148
"150",2022,1,7.508,50,8.125,6.72272727272727,7.2,8.41666666666667,7.38409090909091,28,22,5,6,44,6769,4102,2667,656,1272,5497,7.52835893928202,8.09093694051682,6.66308148856393,7.06336128048781,7.54474449685535,7.5245673385483,149
"151",2022,2,7.73913043478261,23,8.04545454545454,7.45833333333333,6,7.66666666666667,7.75,11,12,4,3,20,6792,4113,2679,660,1275,5517,7.52907268256773,8.09081530026744,6.66664364688316,7.05691666666667,7.54503137254902,7.52538456769984,150
"152",2022,3,7.04545454545455,11,7.92857142857143,5.5,7,8.5,6.72222222222222,7,4,1,2,9,6803,4120,2683,661,1277,5526,7.52829070410113,8.09053964320388,6.66490433469996,7.05683055975794,7.54652701644479,7.52407648570395,151
"153",2022,4,7.23333333333333,15,7.9375,6.42857142857143,NA,9,6.79166666666667,8,7,0,3,12,6818,4128,2690,661,1280,5538,7.52764178058082,8.09024305474806,6.66428934200743,7.05683055975794,7.54993359375,7.52248946551102,152
"154",2022,5,6.88095238095238,21,7.73333333333333,4.75,NA,8,6.69444444444444,15,6,0,3,18,6839,4143,2696,661,1283,5556,7.52565604035678,8.08895083997103,6.6600290541543,7.05683055975794,7.55098597038192,7.51980681425486,153
"155",2022,6,7.02153846153846,13,7.61333333333333,6.51428571428571,6.3,NA,7.02153846153846,6,7,2,0,13,6852,4149,2703,663,1283,5569,7.52469960011676,8.08826303446613,6.65965162042175,7.05454751131222,7.55098597038192,7.51864368109176,154
"156",2022,7,8.05555555555556,18,8.21428571428571,7.5,6,7.6,8.23076923076923,14,4,1,5,13,6870,4163,2707,664,1288,5582,7.52609048908297,8.08868684362239,6.66089336165497,7.0529593373494,7.55117624223603,7.52030216051595,155
"157",2022,8,7.85,22,8.24545454545455,7.45454545454545,7.16666666666667,8.35,7.8,11,11,3,2,20,6892,4174,2718,667,1290,5602,7.52712444283227,8.08909998322951,6.66410534584253,7.05347076461769,7.55241472868217,7.52130072474116,156
"158",2022,9,7.30454545454545,22,7.3125,7.3,7.66666666666667,7.25,7.31666666666667,8,14,3,4,18,6914,4182,2732,670,1294,5620,7.52641620769453,8.0876143782879,6.6673639568082,7.05621641791045,7.5514799072643,7.52064531316726,157
"159",2022,10,7.925,16,8.06666666666667,7.5,8,9,7.85333333333333,12,4,1,1,15,6930,4194,2736,671,1295,5635,7.52733645887446,8.08755444206008,6.66858126096491,7.05762295081967,7.55259845559846,7.5215309068323,158
"160",2022,11,7.07368421052632,19,8.03333333333333,5.42857142857143,6,5,7.31764705882353,12,7,1,2,17,6949,4206,2743,672,1297,5652,7.52609608001152,8.08739974560152,6.66541681735326,7.05604910714286,7.54866229760987,7.5209176680821,159
"161",2022,12,7.61442307692308,26,7.67678571428571,7.54166666666667,7.91666666666667,7.33333333333333,7.65108695652174,14,12,6,3,23,6975,4220,2755,678,1300,5675,7.52642532759857,8.08603751895734,6.66923351361161,7.06366519174042,7.54816538461539,7.52144522643172,160
