"","year","month","avg_rating","no_ratings","avg_rating_owned","avg_rating_not_owned","avg_rating_prev_owned","avg_rating_comment","avg_rating_no_comment","no_ratings_owned","no_ratings_not_owned","no_ratings_prev_owned","no_ratings_comment","no_ratings_no_comment","cum_no_ratings","cum_no_ratings_owned","cum_no_ratings_not_owned","cum_no_ratings_prev_owned","cum_no_ratings_comment","cum_no_ratings_no_comment","cum_avg_rating","cum_avg_rating_owned","cum_avg_rating_not_owned","cum_avg_rating_prev_owned","cum_avg_rating_comment","cum_avg_rating_no_comment","month_after_release"
"1",2009,10,6.85714285714286,7,9,6,NA,6,7,2,5,0,1,6,7,2,5,0,1,6,6.85714285714286,9,6,NA,6,7,0
"2",2009,11,6.95232558139535,43,7.94666666666667,6.41964285714286,7.33333333333333,6.13636363636364,7.2328125,15,28,3,11,32,50,17,33,3,12,38,6.939,8.07058823529412,6.35606060606061,7.33333333333333,6.125,7.19605263157895,1
"3",2009,12,7.90625,16,8.66666666666667,6.92857142857143,6.75,9,7.65384615384615,9,7,2,3,13,66,26,40,5,15,51,7.17348484848485,8.27692307692308,6.45625,7.1,6.7,7.31274509803922,2
"4",2010,1,7.744,25,8.33333333333333,7.2,6,7.22857142857143,7.94444444444444,12,13,1,7,18,91,38,53,6,22,69,7.33021978021978,8.29473684210526,6.63867924528302,6.91666666666667,6.86818181818182,7.47753623188406,3
"5",2010,2,7.53529411764706,34,8,7.16842105263158,7.375,7.375,7.58461538461538,15,19,4,8,26,125,53,72,10,30,95,7.386,8.21132075471698,6.77847222222222,7.1,7.00333333333333,7.50684210526316,4
"6",2010,3,7.4984375,32,8.43333333333333,6.9375,8,7.74444444444444,7.40217391304348,12,20,2,9,23,157,65,92,12,39,118,7.40891719745223,8.25230769230769,6.81304347826087,7.25,7.17435897435897,7.4864406779661,5
"7",2010,4,7.40483870967742,93,8.34756097560976,6.66153846153846,7.5,7.36875,7.42377049180328,41,52,8,32,61,250,106,144,20,71,179,7.4074,8.28915094339623,6.75833333333333,7.35,7.26197183098592,7.46508379888268,6
"8",2010,5,7.7325,120,8.3468253968254,7.05350877192982,7.275,6.95322580645161,8.00393258426966,63,57,10,31,89,370,169,201,30,102,268,7.51283783783784,8.31065088757397,6.84203980099502,7.325,7.16813725490196,7.64402985074627,7
"9",2010,6,7.48491304347826,115,8.1042,7.00853846153846,7.20588235294118,7.2242,7.55733333333333,50,65,17,25,90,485,219,266,47,127,358,7.50621649484536,8.26351598173516,6.88272556390977,7.28191489361702,7.17917322834646,7.62223463687151,8
"10",2010,7,7.46398936170213,94,8.16279069767442,6.87480392156863,6.94708333333333,7.32642857142857,7.52234848484848,43,51,12,28,66,579,262,317,59,155,424,7.4993609671848,8.24698473282443,6.88145110410095,7.21381355932203,7.20577419354839,7.60668632075472,9
"11",2010,8,7.51388888888889,90,8.11739130434783,6.88295454545455,7.3,7.56346153846154,7.49375,46,44,10,26,64,669,308,361,69,181,488,7.5013153961136,8.22762987012987,6.88163434903047,7.22630434782609,7.2571546961326,7.591875,10
"12",2010,9,7.63882352941176,85,8.13414634146342,7.17727272727273,7.29166666666667,7.3125,7.7672131147541,41,44,12,24,61,754,349,405,81,205,549,7.51681697612732,8.21664756446991,6.91375308641975,7.23598765432099,7.26363414634146,7.61135701275045,11
"13",2010,10,7.88095604395604,91,8.64895833333333,7.0236511627907,7.83333333333333,7.94230769230769,7.85641538461539,48,43,6,26,65,845,397,448,87,231,614,7.55603195266272,8.26891687657431,6.92430133928571,7.27718390804598,7.34002164502165,7.6372996742671,12
"14",2010,11,7.48977272727273,88,8.04047619047619,6.98695652173913,7.9,7.77272727272727,7.44935064935065,42,46,5,11,77,933,439,494,92,242,691,7.54978242229368,8.24706150341686,6.93013562753036,7.31103260869565,7.35969008264463,7.61635600578871,13
"15",2010,12,7.26818897637795,127,7.9140350877193,6.74228571428571,7.01666666666667,7.56107142857143,7.18535353535353,57,70,15,28,99,1060,496,564,107,270,790,7.51604433962264,8.20879032258065,6.90682092198582,7.26976635514019,7.38057407407407,7.56234430379747,14
"16",2011,1,7.31390728476821,151,8.13548387096774,6.74157303370786,6.35625,7.08888888888889,7.36290322580645,62,89,16,27,124,1211,558,653,123,297,914,7.49083980181668,8.20064516129032,6.88429862174579,7.15093495934959,7.35405723905724,7.53528665207878,15
"17",2011,2,7.37916666666667,120,8.10377358490566,6.80597014925373,7.22727272727273,7.33636363636364,7.38877551020408,53,67,11,22,98,1331,611,720,134,319,1012,7.48077160030053,8.19224222585925,6.87700972222222,7.15720149253731,7.35283699059561,7.52109881422925,16
"18",2011,3,7.33418367346939,98,8.03488372093023,6.78636363636364,6.95833333333333,6.72777777777778,7.470625,43,55,12,18,80,1429,654,775,146,337,1092,7.47071868439468,8.18189602446483,6.87057677419355,7.14085616438356,7.31945103857567,7.5174010989011,17
"19",2011,4,7.38,84,7.84722222222222,7.02958333333333,7.26875,7.39666666666667,7.37333333333333,36,48,16,24,60,1513,690,823,162,361,1152,7.46568208856576,8.1644347826087,6.87985054678007,7.15348765432099,7.32458448753463,7.50989756944444,18
"20",2011,5,7.52925531914894,94,8.18857142857143,7.13813559322034,7.74,7.13863636363636,7.64861111111111,35,59,15,22,72,1607,725,882,177,383,1224,7.46940074673304,8.1656,6.89712811791383,7.20319209039548,7.31390339425588,7.51805718954248,19
"21",2011,6,7.3,83,8.04864864864865,6.69782608695652,7,7,7.40161290322581,37,46,16,21,62,1690,762,928,193,404,1286,7.46108106508876,8.15992125984252,6.88724892241379,7.18634715025907,7.29758663366337,7.5124432348367,20
"22",2011,7,7.19444444444444,72,8.02083333333333,6.78125,6.875,6.84117647058823,7.30363636363636,24,48,8,17,55,1762,786,976,201,421,1341,7.450185584563,8.15567430025446,6.88203586065574,7.1739552238806,7.2791567695962,7.50387919463087,21
"23",2011,8,7.40348837209302,86,8.18780487804878,6.68888888888889,6.33333333333333,7.44285714285714,7.38448275862069,41,45,12,28,58,1848,827,1021,213,449,1399,7.44801244588745,8.15726723095526,6.87352301665034,7.12659624413145,7.28936525612472,7.49892923516798,22
"24",2011,9,7.26,100,7.80975609756098,6.87796610169492,6.875,6.39411764705882,7.43734939759036,41,59,8,17,83,1948,868,1080,221,466,1482,7.43836088295688,8.14085253456221,6.87376574074074,7.1174886877828,7.25670600858369,7.49548043184885,23
"25",2011,10,7.6063829787234,94,8.3972972972973,7.09298245614035,7.09090909090909,7.72727272727273,7.56944444444444,37,57,11,22,72,2042,905,1137,232,488,1554,7.44609549461313,8.15133701657459,6.88475549692172,7.11622844827586,7.27792008196721,7.49890733590734,24
"26",2011,11,7.3625,124,7.91842105263158,6.88955223880597,6.85,7.76,7.26212121212121,57,67,16,25,99,2166,962,1204,248,513,1653,7.44130978762696,8.13753638253638,6.88502242524917,7.09905241935484,7.30141325536062,7.48472595281307,25
"27",2011,12,7.7,103,8.00625,7.33510638297872,7.45,7.66190476190476,7.70975609756098,56,47,10,21,82,2269,1018,1251,258,534,1735,7.45305288673425,8.13031434184676,6.90193205435652,7.11265503875969,7.31558988764045,7.4953613832853,26
"28",2012,1,7.72325581395349,129,8.33055555555556,6.95614035087719,6.625,8.01428571428571,7.64257425742574,72,57,16,28,101,2398,1090,1308,274,562,1836,7.46758840700584,8.14354128440367,6.90429434250765,7.08417883211679,7.35040035587189,7.50345969498911,27
"29",2012,2,7.42079207920792,101,8.21145833333333,6.70471698113208,6.55769230769231,7.25,7.46296296296296,48,53,13,20,81,2499,1138,1361,287,582,1917,7.46569707883153,8.14640597539543,6.89652240999265,7.06033101045296,7.34695017182131,7.50174856546688,28
"30",2012,3,7.62277777777778,108,7.98576923076923,7.28571428571429,6.625,7.69411764705882,7.60945054945055,52,56,8,17,91,2607,1190,1417,295,599,2008,7.47220444955888,8.13938655462185,6.91190331686662,7.04852542372881,7.35680300500835,7.50662948207171,29
"31",2012,4,7.46891666666667,120,7.93934426229508,6.98254237288136,7.17272727272727,7.606,7.4415,61,59,11,20,100,2727,1251,1476,306,619,2108,7.47205977264393,8.12963229416467,6.91472696476965,7.05299019607843,7.36485460420032,7.50353984819734,30
"32",2012,5,7.47383177570093,107,8.29,6.7578947368421,6.68333333333333,7.75,7.42166666666667,50,57,12,17,90,2834,1301,1533,318,636,2198,7.47212667607622,8.13579554189085,6.90889562948467,7.03904088050314,7.37514937106918,7.50018744313012,31
"33",2012,6,7.48761904761905,105,8.27777777777778,6.895,7.25,7.39545454545455,7.51204819277108,45,60,12,22,83,2939,1346,1593,330,658,2281,7.47268016332086,8.14054234769688,6.90837225360954,7.04671212121212,7.3758282674772,7.50061902674266,32
"34",2012,7,7.39285714285714,105,7.98717948717949,7.04166666666667,7.43846153846154,7.575,7.35,39,66,13,20,85,3044,1385,1659,343,678,2366,7.46992674113009,8.1362238267148,6.91367510548523,7.06155976676385,7.38170353982301,7.49520794590025,33
"35",2012,8,7.70426829268293,82,8.20106382978723,7.03714285714286,6.08333333333333,7.609375,7.72727272727273,47,35,6,16,66,3126,1432,1694,349,694,2432,7.47607389635317,8.13835195530726,6.91622609208973,7.04474212034384,7.38695244956772,7.50150575657895,34
"36",2012,9,7.19278846153846,104,8.1625,6.67941176470588,6.8,7.02857142857143,7.23433734939759,36,68,15,21,83,3230,1468,1762,364,715,2515,7.46695263157895,8.13894414168937,6.90708683314416,7.03465659340659,7.37642657342657,7.49268866799205,35
"37",2012,10,7.50510204081633,98,8.03333333333333,7.05660377358491,7.11538461538461,7.81666666666667,7.435,45,53,13,18,80,3328,1513,1815,377,733,2595,7.46807602163462,8.13580304031725,6.91145289256198,7.03744031830239,7.38723738062756,7.49091021194605,36
"38",2012,11,7.31904761904762,126,7.90384615384615,6.90810810810811,6.93333333333333,7.26296296296296,7.33434343434343,52,74,18,27,99,3454,1565,1889,395,760,2694,7.46263954834974,8.12809584664537,6.9113218634198,7.03269620253164,7.38282236842105,7.48515664439495,37
"39",2012,12,7.34121212121212,132,7.9078431372549,6.98444444444444,6.93076923076923,7.535,7.30660714285714,51,81,13,20,112,3586,1616,1970,408,780,2806,7.45816982710541,8.1211448019802,6.91432842639594,7.02944852941176,7.38672435897436,7.47802993585175,38
"40",2013,1,7.68784172661871,139,8.13454545454545,7.28397260273973,7.70722222222222,7.67772727272727,7.68974358974359,66,73,18,22,117,3725,1682,2043,426,802,2923,7.46674013422819,8.12167063020214,6.9275364659814,7.05808685446009,7.39470698254364,7.48650427642833,39
"41",2013,2,7.51725663716814,113,8.05087719298246,6.97410714285714,7.03846153846154,7.34,7.56761363636364,57,56,13,25,88,3838,1739,2099,439,827,3011,7.46822746221991,8.11935020126509,6.9287789423535,7.05750569476082,7.39305320435308,7.48887479242777,40
"42",2013,3,7.50756302521008,119,8.22352941176471,6.97058823529412,6.90625,7.5695652173913,7.49270833333333,51,68,16,23,96,3957,1790,2167,455,850,3107,7.46941041192823,8.12231843575419,6.93009090909091,7.05218681318681,7.39782941176471,7.48899324106856,41
"43",2013,4,7.47608695652174,92,7.8925,7.15576923076923,7.64545454545455,7.26666666666667,7.49879518072289,40,52,11,9,83,4049,1830,2219,466,859,3190,7.46956211410225,8.11729508196721,6.9353794502028,7.06619098712446,7.39645518044238,7.48924827586207,42
"44",2013,5,7.67578947368421,95,8.13137254901961,7.14772727272727,6.96153846153846,7.73529411764706,7.66282051282051,51,44,13,17,78,4144,1881,2263,479,876,3268,7.47428981660232,8.11767676767677,6.93950817498895,7.06335073068893,7.40303082191781,7.49339106487148,43
"45",2013,6,7.40210526315789,95,7.76170212765957,7.05,7.44444444444444,7.49411764705882,7.38205128205128,47,48,9,17,78,4239,1928,2311,488,893,3346,7.47267209247464,8.1089989626556,6.9418031155344,7.07037909836065,7.40476483762598,7.49079557680813,44
"46",2013,7,7.54725274725275,91,8.1188679245283,6.75,6.6,8.17692307692308,7.44230769230769,53,38,5,13,78,4330,1981,2349,493,906,3424,7.47423949191686,8.10926299848562,6.93870029799915,7.06560851926978,7.41584437086093,7.4896910046729,45
"47",2013,8,7.39414414414414,111,7.98936170212766,6.95703125,6.97105263157895,6.69444444444444,7.52956989247312,47,64,19,18,93,4441,2028,2413,512,924,3517,7.47223755910831,8.1064842209073,6.93918648984666,7.062099609375,7.40179112554113,7.49074552175149,46
"48",2013,9,7.2529,100,8.00606060606061,6.88194029850746,7.280625,7.13,7.28961038961039,33,67,16,23,77,4541,2061,2480,528,947,3594,7.46740739925127,8.10487627365357,6.93763991935484,7.06872159090909,7.39519007391763,7.48643628269338,47
"49",2013,10,7.53010752688172,93,7.954,7.03720930232558,7.525,7.79444444444444,7.46666666666667,50,43,8,18,75,4634,2111,2523,536,965,3669,7.46866573154942,8.10130270014212,6.93933690051526,7.07553171641791,7.40263730569948,7.48603216135187,48
"50",2013,11,7.35043103448276,116,8.06022727272727,6.91666666666667,7.24,7.192,7.39395604395604,44,72,15,25,91,4750,2155,2595,551,990,3760,7.46577831578948,8.10046403712297,6.93870789980732,7.08000907441016,7.39731818181818,7.48380372340425,49
"51",2013,12,7.33151260504202,119,8.07636363636364,6.69140625,6.63888888888889,7.25,7.34417475728155,55,64,18,16,103,4869,2210,2659,569,1006,3863,7.46249681659479,8.09986425339367,6.93275554719819,7.06605448154657,7.39497514910537,7.48008076624385,50
"52",2014,1,7.55341614906832,161,8.09675324675325,7.05535714285714,7.27777777777778,7.55714285714286,7.55285714285714,77,84,18,21,140,5030,2287,2743,587,1027,4003,7.4654069582505,8.09975951027547,6.9365100255195,7.0725468483816,7.39829113924051,7.48262603047714,51
"53",2014,2,7.4156,125,8.0296875,6.77131147540984,6.64473684210526,6.97826086956522,7.51421568627451,64,61,19,23,102,5155,2351,2804,606,1050,4105,7.46419922405432,8.09785197788176,6.93291619115549,7.05913366336634,7.38909047619048,7.48341096224117,52
"54",2014,3,7.60685483870968,124,8.09285714285714,7.10491803278688,7.12857142857143,8.125,7.50721153846154,63,61,14,20,104,5279,2414,2865,620,1070,4209,7.4675501041864,8.09772162386082,6.93657835951134,7.06070161290322,7.40284579439252,7.4839990496555,53
"55",2014,4,7.55366972477064,109,8.13490566037736,7.00357142857143,6.66666666666667,6.24285714285714,7.74684210526316,53,56,9,14,95,5388,2467,2921,629,1084,4304,7.46929231625835,8.09852047020673,6.93786271824718,7.05506359300477,7.38786439114391,7.48980065055762,54
"56",2014,5,7.51137931034483,87,8.18918918918919,7.0098,7.15625,7.27777777777778,7.57231884057971,37,50,8,18,69,5475,2504,2971,637,1102,4373,7.46996109589041,8.09986022364218,6.93907337596769,7.05633437990581,7.38606624319419,7.49110267550881,55
"57",2014,6,7.44,80,8.21,6.67,6.13,7.04117647058824,7.54761904761905,40,40,10,17,63,5555,2544,3011,647,1119,4436,7.4695296129613,8.10159198113208,6.93549883759548,7.04201700154559,7.38082663092047,7.49190532010821,56
"58",2014,7,7.53571428571429,84,8.15581395348837,6.88536585365854,6.55,7.03125,7.65441176470588,43,41,10,16,68,5639,2587,3052,657,1135,4504,7.47051551693563,8.10249323540781,6.9348253604194,7.03452815829528,7.3758986784141,7.49435879218473,57
"59",2014,8,7.35049019607843,102,7.61304347826087,7.13482142857143,7.07692307692308,7.29411764705882,7.36176470588235,46,56,13,17,85,5741,2633,3108,670,1152,4589,7.46838303431458,8.09394227117357,6.93842889317889,7.03535074626866,7.37469184027778,7.49190281106995,58
"60",2014,9,7.42733333333333,90,8.10212765957447,6.68976744186047,7.075,6.79166666666667,7.52512820512821,47,43,10,12,78,5831,2680,3151,680,1164,4667,7.4677494426342,8.09408582089553,6.93503554427166,7.03593382352941,7.36868127147766,7.49245811013499,59
"61",2014,10,7.38055118110236,127,8.07913793103448,6.79333333333333,7.34153846153846,6.99565217391304,7.46567307692308,58,69,13,23,104,5958,2738,3220,693,1187,4771,7.46589073514602,8.09376917457999,6.93199906832298,7.04166666666667,7.36145324347093,7.49187424020122,60
"62",2014,11,7.5616,125,7.85076923076923,7.24833333333333,7.1,7.62941176470588,7.55092592592593,65,60,15,17,108,6083,2803,3280,708,1204,4879,7.46785747164228,8.08813414199073,6.93778567073171,7.04290254237288,7.36523671096346,7.49318138962902,61
"63",2014,12,7.74622641509434,106,8.1728813559322,7.21063829787234,7.15263157894737,8.42,7.58953488372093,59,47,19,20,86,6189,2862,3327,727,1224,4965,7.47262514137987,8.08988120195668,6.94164021641118,7.04577028885832,7.38247140522876,7.49485035246727,62
"64",2015,1,7.4757225433526,173,8.16585365853659,6.85384615384615,7.045,7.47068965517241,7.47673611111111,82,91,20,29,144,6362,2944,3418,747,1253,5109,7.47270936812323,8.0919972826087,6.93930280866004,7.04574966532798,7.38451316839585,7.494339792523,63
"65",2015,2,7.58949579831933,119,8.03898305084746,7.1475,7.425,7.50333333333333,7.60192307692308,59,60,10,15,104,6481,3003,3478,757,1268,5213,7.47485372627681,8.09095571095571,6.94289447958597,7.05075957727873,7.38591876971609,7.49648609246116,64
"66",2015,3,7.64484126984127,126,8.04761904761905,7.24206349206349,7.06764705882353,8.05333333333333,7.58963963963964,63,63,17,15,111,6607,3066,3541,774,1283,5324,7.47809550476767,8.09006523157208,6.94821717029088,7.05113049095607,7.39372174590803,7.49842824943651,65
"67",2015,4,7.60201612903226,124,8.07846153846154,7.0771186440678,6.99375,7.32777777777778,7.64858490566038,65,59,16,18,106,6731,3131,3600,790,1301,5430,7.48037839845491,8.08982433727244,6.95032972222222,7.04996835443038,7.392809377402,7.50135948434622,66
"68",2015,5,7.63095238095238,105,8.09,7.126,7.47142857142857,7.66470588235294,7.62443181818182,55,50,14,17,88,6836,3186,3650,804,1318,5518,7.48269119368052,8.08982736974263,6.95273616438356,7.05730721393035,7.39631638846737,7.503322218195,67
"69",2015,6,7.57849462365591,93,8.28333333333333,6.99803921568627,7.425,7.97058823529412,7.49078947368421,42,51,12,17,76,6929,3228,3701,816,1335,5594,7.4839770529658,8.09234510532838,6.95336044312348,7.06271446078431,7.40362921348314,7.50315194851627,68
"70",2015,7,7.60614754098361,122,8.03897058823529,7.06111111111111,7.25,8.36111111111111,7.47548076923077,68,54,10,18,104,7051,3296,3755,826,1353,5698,7.48609090909091,8.09124393203884,6.95490998668442,7.0649818401937,7.41636733185513,7.50264689364689,69
"71",2015,8,7.45234710743802,121,8.07748148148148,6.94850746268657,7.6,7.0695652173913,7.54218367346939,54,67,11,23,98,7172,3350,3822,837,1376,5796,7.48552161182376,8.09102208955224,6.95479774986918,7.07201314217443,7.41057049418604,7.50331538992408,70
"72",2015,9,7.47416666666667,120,8.10625,6.92109375,7.32,8.18461538461538,7.38785046728972,56,64,10,13,107,7292,3406,3886,847,1389,5903,7.48533475041141,8.09127246036407,6.95424266598044,7.07494096812278,7.41781497480201,7.50122242927325,71
"73",2015,10,7.36837606837607,117,7.97033898305085,6.75603448275862,6.84375,7.22826086956522,7.40265957446809,59,58,8,23,94,7409,3465,3944,855,1412,5997,7.4834877851262,8.08921327561328,6.95132783975659,7.07277777777778,7.41472733711048,7.49967750541937,72
"74",2015,11,7.48307692307692,169,8.207375,6.83202247191011,6.45294117647059,7.4416,7.49027777777778,80,89,17,25,144,7578,3545,4033,872,1437,6141,7.48347862232779,8.09187983074754,6.94869501611703,7.06069380733945,7.41519485038274,7.49945709167888,73
"75",2015,12,7.51812080536913,149,7.92926829268293,7.01492537313433,7.53846153846154,7.52941176470588,7.51666666666667,82,67,13,17,132,7727,3627,4100,885,1454,6273,7.48414662870454,8.08820347394541,6.94977731707317,7.06771186440678,7.416530261348,7.49981922525107,74
"76",2016,1,7.56375,152,8.1846835443038,6.89178082191781,7.05,7.63333333333333,7.550703125,79,73,14,24,128,7879,3706,4173,899,1478,6401,7.48568232009138,8.09026011872639,6.94876276060388,7.06743604004449,7.42005074424898,7.50083674425871,75
"77",2016,2,7.53534351145038,131,8.02384615384615,7.05424242424242,7.475,7.37714285714286,7.5542735042735,65,66,20,14,117,8010,3771,4239,919,1492,6518,7.48649450686642,8.08911535401751,6.95040504836046,7.07630576713819,7.4196481233244,7.50179594967781,76
"78",2016,3,7.48089171974522,157,7.78382352941177,7.24943820224719,7.12173913043478,7.3,7.50729927007299,68,89,23,20,137,8167,3839,4328,942,1512,6655,7.48638680053875,8.08370773638969,6.95655429759704,7.07741507430998,7.41806547619048,7.50190924117205,77
"79",2016,4,7.39407407407407,135,8.10373134328358,6.69485294117647,7.5,7.71111111111111,7.34529914529914,67,68,12,18,117,8302,3906,4396,954,1530,6772,7.48488569019513,8.08405120327701,6.95250614194723,7.08273060796646,7.42151307189542,7.49920348493798,78
"80",2016,5,7.542,150,8.11014492753623,7.05802469135802,7.17857142857143,6.96923076923077,7.5963503649635,69,81,14,13,137,8452,3975,4477,968,1543,6909,7.48589931377189,8.0845041509434,6.95441523341523,7.08411673553719,7.41770252754375,7.50112983065566,79
"81",2016,6,7.68563025210084,119,8.21348484848485,7.02830188679245,8.025,7.59166666666667,7.69616822429907,66,53,8,12,107,8571,4041,4530,976,1555,7016,7.48867238361918,8.08661073991586,6.95527969094923,7.09182889344262,7.41904501607717,7.50410433295325,80
"82",2016,7,7.44448275862069,116,8.18189655172414,6.70706896551724,7.04733333333333,6.95454545454545,7.49580952380952,58,58,15,11,105,8687,4099,4588,991,1566,7121,7.48808230689536,8.08795901439376,6.95214189189189,7.09115539858728,7.41578224776501,7.50398202499649,81
"83",2016,8,7.62380116959064,171,8.13626373626374,7.040875,6.94117647058824,8.06904761904762,7.56146666666667,91,80,17,21,150,8858,4190,4668,1008,1587,7271,7.49070230300293,8.08900811455847,6.95366259640103,7.08862599206349,7.4244265910523,7.50516792738275,82
"84",2016,9,7.40110429447853,163,8.12228915662651,6.652875,6.91137931034483,7.522,7.37920289855072,83,80,29,25,138,9021,4273,4748,1037,1612,7409,7.48908336104645,8.08965457523988,6.94859456613311,7.08366923818708,7.42593982630273,7.50282170333378,83
"85",2016,10,7.63759036144578,166,8.20752941176471,7.03950617283951,6.6175,7.85185185185185,7.59597122302158,85,81,20,27,139,9187,4358,4829,1057,1639,7548,7.49176673560466,8.0919536484626,6.95011948643612,7.074848628193,7.43295607077486,7.50453709591945,84
"86",2016,11,7.60473684210526,190,8.11686746987952,7.20747663551402,7.39411764705882,8.24,7.53,83,107,17,20,170,9377,4441,4936,1074,1659,7718,7.49405577476805,8.09241927493808,6.95569833873582,7.07990223463687,7.44268535262206,7.50509795283752,85
"87",2016,12,7.44383561643836,146,8.21384615384615,6.82592592592593,7.15384615384615,7.22727272727273,7.48225806451613,65,81,13,22,124,9523,4506,5017,1087,1681,7842,7.49328583429591,8.09417088326676,6.95360314929241,7.08078656853726,7.43986615110054,7.50473680183626,86
"88",2017,1,7.62809278350515,194,8.06652542372881,6.94736842105263,6.5875,7.8695652173913,7.59561403508772,118,76,16,23,171,9717,4624,5093,1103,1704,8013,7.49597725635484,8.09346539792388,6.95351011191832,7.07363100634633,7.44566607981221,7.50667615125421,87
"89",2017,2,7.46768817204301,186,8.20988372093023,6.8294,6.975,7.94210526315789,7.4137125748503,86,100,20,19,167,9903,4710,5193,1123,1723,8180,7.49544592547713,8.09559108280255,6.95112016175621,7.07187444345503,7.45114045269878,7.5047782396088,88
"90",2017,3,7.74491017964072,167,8.20473684210526,7.13819444444444,7.58333333333333,7.54210526315789,7.77094594594595,95,72,15,19,148,10070,4805,5265,1138,1742,8328,7.49958301886792,8.09774901144641,6.95367844254511,7.07861599297012,7.45213260619977,7.50950840537944,89
"91",2017,4,7.46146496815287,157,8.06582278481013,6.84935897435897,6.96428571428571,7.575,7.45034965034965,79,78,14,14,143,10227,4884,5343,1152,1756,8471,7.49899784883152,8.0972325962326,6.95215553060079,7.0772265625,7.45311218678815,7.5085097391099,90
"92",2017,5,7.42925170068027,147,8.05281690140845,6.84671052631579,6.7625,6.66666666666667,7.51590909090909,71,76,16,15,132,10374,4955,5419,1168,1771,8603,7.49800954308849,8.09659616548941,6.95067669311681,7.07291523972603,7.44645115753811,7.50862327095199,91
"93",2017,6,7.38308823529412,136,7.86065573770492,6.99466666666667,6.96153846153846,7.91333333333333,7.31735537190083,61,75,13,15,121,10510,5016,5494,1181,1786,8724,7.49652245480495,8.09372687400319,6.95127721150346,7.07168924640135,7.45037234042553,7.5059704264099,92
"94",2017,7,7.75367741935484,155,8.32916666666667,7.2544578313253,7.065,7.65454545454545,7.77007518796993,72,83,20,22,133,10665,5088,5577,1201,1808,8857,7.50025982184716,8.09705856918239,6.95578931325085,7.07157785179017,7.45285674778761,7.50993632155357,93
"95",2017,8,7.65652173913043,161,7.99666666666667,7.22535211267606,6.84545454545455,7.87142857142857,7.63605442176871,90,71,11,14,147,10826,5178,5648,1212,1822,9004,7.50258368741918,8.09531363460795,6.95917793909348,7.06952557755775,7.45607299670691,7.51199533540649,94
"96",2017,9,7.59766917293233,133,7.96617647058823,7.21215384615385,7.2075,8.3125,7.49991452991453,68,65,12,16,117,10959,5246,5713,1224,1838,9121,7.50373765854549,8.09363972550515,6.96205618764222,7.07087826797385,7.46352829162133,7.51184036838066,95
"97",2017,10,7.49456953642384,151,8.15277777777778,6.8946835443038,7.05,7.56521739130435,7.481875,72,79,20,23,128,11110,5318,5792,1244,1861,9249,7.50361305130513,8.09444039112448,6.96113725828729,7.07054260450161,7.46478506179473,7.51142566763974,96
"98",2017,11,7.45217391304348,184,7.97882352941176,7,7.121875,7.49821428571429,7.44391025641026,85,99,16,28,156,11294,5403,5891,1260,1889,9405,7.50277501328139,8.09262150657042,6.96179035817349,7.07119444444444,7.46528057173107,7.51030579479,97
"99",2017,12,7.52307692307692,143,8.01971830985915,7.03333333333333,7.05,8.3,7.46466165413534,71,72,10,10,133,11437,5474,5963,1270,1899,9538,7.50302885372038,8.09167592254293,6.96265420090558,7.07102755905512,7.46967614533965,7.50966932270916,98
"100",2018,1,7.54799086757991,219,8.11540983606557,6.83432989690722,6.98214285714286,7.49259259259259,7.55578125,122,97,14,27,192,11656,5596,6060,1284,1926,9730,7.5038736273164,8.09219335239456,6.9606001650165,7.07005841121495,7.469997403946,7.51057923946557,99
"101",2018,2,7.56407482993197,147,8.17245205479452,6.96391891891892,6.69285714285714,7.40625,7.58335114503817,73,74,14,16,131,11803,5669,6134,1298,1942,9861,7.5046234008303,8.09322684776856,6.96064020215194,7.06598998459168,7.46947219361483,7.51154598925058,100
"102",2018,3,7.43742878205128,156,8.14027777777778,6.83498678571429,6.96,7.546875,7.42492064285714,72,84,25,16,140,11959,5741,6218,1323,1958,10001,7.50374687599297,8.09381693084828,6.95894272917337,7.06398715041572,7.47010469867211,7.51033335566443,101
"103",2018,4,7.61308219178082,146,8.20904109589041,7.01712328767123,6.88,7.572,7.62157024793388,73,73,20,25,121,12105,5814,6291,1343,1983,10122,7.50506558364312,8.0952636738906,6.95961784930854,7.06124720774386,7.47138930912758,7.51166309918988,102
"104",2018,5,7.51680087248322,149,8.12043855263158,6.88835616438356,6.61538461538461,7.55333333333333,7.51271141791045,76,73,13,15,134,12254,5890,6364,1356,1998,10256,7.50520827648115,8.09558851103565,6.95880042269013,7.05697271386431,7.4720045045045,7.51167679602184,103
"105",2018,6,7.41318181818182,110,7.96875,6.98306451612903,7.02222222222222,7.92307692307692,7.34484536082474,48,62,9,13,97,12364,5938,6426,1365,2011,10353,7.50438953574895,8.09456320815089,6.95903453003424,7.05674358974359,7.47492043759324,7.51011370810393,104
"106",2018,7,7.25391304347826,115,7.94716981132076,6.66129032258065,6.35909090909091,7.11842105263158,7.28072916666667,53,62,11,19,96,12479,5991,6488,1376,2030,10449,7.50208127414055,8.0932592772492,6.95618925554871,7.05116642441861,7.47158374384236,7.50800624174562,105
"107",2018,8,7.39044444444444,135,7.98256756756757,6.67213114754098,6.95454545454545,7.94736842105263,7.29922413793103,74,61,11,19,116,12614,6065,6549,1387,2049,10565,7.50088649278579,8.09190871063478,6.95354342495037,7.05040014419611,7.47599560761347,7.50571388736394,106
"108",2018,9,7.37846153846154,130,7.96791044776119,6.7515873015873,7.265625,7.62142857142857,7.36463414634146,67,63,16,7,123,12744,6132,6612,1403,2056,10688,7.49963765065913,8.09055386986301,6.95161916061706,7.05285459729152,7.47649075875486,7.50409030875749,107
"109",2018,10,7.42839160839161,143,7.7358024691358,7.02677419354839,7.11666666666667,7.65,7.39024590163934,81,62,12,21,122,12887,6213,6674,1415,2077,10810,7.49884707224334,8.08592891195879,6.95231733443213,7.05339575971731,7.47824506499759,7.50280547826087,108
"110",2018,11,7.48895833333333,144,8.06041095890411,6.90140845070423,6.71428571428571,7.84692307692308,7.45343511450382,73,71,14,13,131,13031,6286,6745,1429,2090,10941,7.49873779602486,8.08563256920139,6.95178145144552,7.05007347795661,7.48053827751196,7.5022143515218,109
"111",2018,12,7.63489208633094,139,8.10753424657534,7.11212121212121,6.57692307692308,7.57352941176471,7.64344262295082,73,66,13,17,122,13170,6359,6811,1442,2107,11063,7.50017480789673,8.0858839959113,6.95333517691969,7.04580790568655,7.4812885619364,7.50377178161439,110
"112",2019,1,7.5525,180,8.10459183673469,6.89268292682927,6.13888888888889,7.675,7.54375,98,82,18,12,168,13350,6457,6893,1460,2119,11231,7.50088031610487,8.08616793092767,6.95261365007979,7.03462671232877,7.48238555922605,7.50436979966165,111
"113",2019,2,7.57665478571429,140,8.02092597222222,7.10625,7.48772727272727,7.59230769230769,7.57505251968504,72,68,11,13,127,13490,6529,6961,1471,2132,11358,7.5016667079318,8.08544846071374,6.95411447924149,7.03801495581237,7.48305581613508,7.50516014175031,112
"114",2019,3,7.53304878048781,164,7.8975,7.24782608695652,7.34,7.96153846153846,7.49615894039735,72,92,20,13,151,13654,6601,7053,1491,2145,11509,7.50204364215614,8.08339842448114,6.95794568127038,7.04206572769953,7.48595571095571,7.50504204448692,113
"115",2019,4,7.49290076335878,131,8.18593220338983,6.925,7.13846153846154,7.75333333333333,7.45922413793103,59,72,13,15,116,13785,6660,7125,1504,2160,11625,7.50195675661951,8.08430675675675,6.95761275649123,7.04289893617021,7.4878125,7.50458485075269,114
"116",2019,5,7.28959016393443,122,7.9746,6.81388888888889,6.52,6.75,7.34306306306306,50,72,15,11,111,13907,6710,7197,1519,2171,11736,7.5000937578198,8.08348926974664,6.95617491871613,7.0377353522054,7.48407415937356,7.50305716513293,115
"117",2019,6,7.53416666666667,120,8.09615384615385,6.87,6.87857142857143,7.45833333333333,7.54259259259259,65,55,14,12,108,14027,6775,7252,1533,2183,11844,7.50038524916233,8.08361077490775,6.955521358246,7.03628180039139,7.48393266147503,7.50341767055049,116
"118",2019,7,7.69660965811966,117,8.08068777777778,7.24851851851852,6.73076923076923,8.116,7.63493460784314,63,54,13,15,102,14144,6838,7306,1546,2198,11946,7.50200842901584,8.08358384469143,6.9576869545579,7.0337128072445,7.48824613284804,7.50454061778001,117
"119",2019,8,7.65792452830189,159,8.18067415730337,6.99328571428571,6.76666666666667,7.63,7.66338345864662,89,70,15,26,133,14303,6927,7376,1561,2224,12079,7.50374167796966,8.08483128771474,6.95802479528199,7.0311467008328,7.48990332733813,7.50628961172283,118
"120",2019,9,7.6821686746988,166,8.14615384615385,7.1192,6.94,7.82962962962963,7.65352517985612,91,75,15,27,139,14469,7018,7451,1576,2251,12218,7.50578873591817,8.08562643630664,6.95964714669172,7.03027918781726,7.49397823189693,7.50796466033721,119
"121",2019,10,7.56587086666667,150,8.2527397260274,6.91468350649351,7.025,7.25,7.61729170542636,73,77,20,21,129,14619,7091,7528,1596,2272,12347,7.50640521581504,8.08734682414328,6.95918723698193,7.03021303258145,7.49172315140845,7.50910689641208,120
"122",2019,11,7.58987179487179,156,8.05340909090909,6.99,7.40923076923077,7.74705882352941,7.57064748201439,88,68,13,17,139,14775,7179,7596,1609,2289,12486,7.50728648730964,8.08693081626967,6.95946307530279,7.03327532628962,7.49361948449104,7.50979199503444,121
"123",2019,12,7.33412070866142,127,7.90364578125,6.75555555555556,6.86,8.11538461538461,7.24502921052632,64,63,15,13,114,14902,7243,7659,1624,2302,12600,7.50581070862971,8.08531128814027,6.95778581015798,7.03167487684729,7.49713075586447,7.50739652222222,122
"124",2020,1,7.42590310344828,203,7.98693936363636,6.76231182795699,6.6,7.51896551724138,7.41039270114943,110,93,16,29,174,15105,7353,7752,1640,2331,12774,7.50473680966567,8.08383965592275,6.95544072755418,7.02746341463414,7.4974024024024,7.50607519257868,123
"125",2020,2,7.64792737179487,156,8.14666670731707,7.09527027027027,6.87142857142857,7.935,7.60571080882353,82,74,7,20,136,15261,7435,7826,1647,2351,12910,7.50620052290151,8.08453257027572,6.95676290825454,7.02680024286582,7.50112505316886,7.50712480092951,124
"126",2020,3,7.56398550724638,138,7.89127906976744,7.02269230769231,5.75,7.67105263157895,7.54689075630252,86,52,4,19,119,15399,7521,7878,1651,2370,13029,7.50671837002403,8.08232278420423,6.95719808580858,7.02370684433676,7.50248734177215,7.50748800214905,125
"127",2020,4,7.30979,127,7.6632444,6.8,7.1,8.11666666666667,7.22559417391304,75,52,5,12,115,15526,7596,7930,1656,2382,13144,7.50510752994976,8.07818496445498,6.95616727868852,7.02393719806763,7.50558144416457,7.50502164561777,126
"128",2020,5,7.48873873873874,111,8.16818181818182,6.82142857142857,6.80714285714286,7.80714285714286,7.44278350515464,55,56,14,14,97,15637,7651,7986,1670,2396,13241,7.50499133529449,8.0788319160894,6.95522245429502,7.02211976047904,7.50734348914858,7.50456570576241,127
"129",2020,6,7.64268292682927,123,8.35241935483871,6.92131147540984,6.77777777777778,8.36842105263158,7.51009615384615,62,61,9,19,104,15760,7713,8047,1679,2415,13345,7.50606595875634,8.08103111500065,6.95496539331428,7.02081000595592,7.51411801242236,7.50460880554515,128
"130",2020,7,7.5625,120,8.05915492957747,6.84285714285714,6.55454545454545,7.18571428571429,7.6122641509434,71,49,11,14,106,15880,7784,8096,1690,2429,13451,7.50649241246851,8.08083157631038,6.95428687252964,7.01777514792899,7.51222519555373,7.50545717864843,129
"131",2020,8,7.54121212121212,132,7.94083333333333,7.06166666666667,7.57142857142857,7.71933333333333,7.51837606837607,72,60,7,15,117,16012,7856,8156,1697,2444,13568,7.50677863539845,8.07954849669043,6.95507681706719,7.02005892751915,7.51349631751228,7.50556858122052,130
"132",2020,9,7.58637795275591,127,8.11445945945946,6.84905660377358,6.22727272727273,8.10625,7.51144144144144,74,53,11,16,111,16139,7930,8209,1708,2460,13679,7.50740501332177,8.07987427364439,6.954392315751,7.0149531615925,7.51735162601626,7.50561623729805,131
"133",2020,10,7.56706766917293,133,8.17227272727273,6.97089552238806,7.37272727272727,8.33363636363636,7.49795081967213,66,67,11,11,122,16272,7996,8276,1719,2471,13801,7.50789266900197,8.08063694222111,6.95452592073465,7.01724258289703,7.52098543099959,7.50554847547279,132
"134",2020,11,7.45377483443709,151,7.89441860465116,6.87076923076923,6.32105263157895,7.09615384615385,7.48746376811594,86,65,19,13,138,16423,8082,8341,1738,2484,13939,7.50739508676856,8.07865540584014,6.95387321903848,7.00963176064442,7.51876207729469,7.50536943181003,133
"135",2020,12,7.53562091503268,153,7.85975609756098,7.1612676056338,7.21666666666667,7.67222222222222,7.51740740740741,82,71,15,18,135,16576,8164,8412,1753,2502,14074,7.50765561715734,8.07645676016659,6.95562369472183,7.0114033086138,7.51986610711431,7.50548490194685,134
"136",2021,1,7.61674117318436,179,8.04458784946237,7.15406976744186,7.03333333333333,8.02941176470588,7.5734362345679,93,86,18,17,162,16755,8257,8498,1771,2519,14236,7.5088210193972,8.07609781518712,6.95763197458225,7.01162619988707,7.52330488289004,7.50625816100028,135
"137",2021,2,7.68073807142857,140,8.07568371794872,7.18387096774194,7.5,7.32,7.72082007936508,78,62,11,14,126,16895,8335,8560,1782,2533,14362,7.51024560580053,8.076093940012,6.95927062149533,7.01464085297419,7.52218120805369,7.50814054518869,136
"138",2021,3,7.697578125,128,8.03985714285714,7.28448275862069,7.16666666666667,7.88823529411765,7.66837837837838,70,58,9,17,111,17023,8405,8618,1791,2550,14473,7.51165420372437,8.07579214634147,6.96145933163147,7.01540480178671,7.52462156862745,7.50936948179369,137
"139",2021,4,7.44075187969925,133,8.05820895522388,6.81393939393939,6.88571428571429,7.05714285714286,7.48588235294118,67,66,14,14,119,17156,8472,8684,1805,2564,14592,7.51110454126836,8.07565309135977,6.96033815292492,7.01439889196676,7.52206903276131,7.50917794065241,138
"140",2021,5,7.50507932773109,119,8.04683753846154,6.85296296296296,6.83333333333333,7.7875,7.46120815533981,65,54,9,16,103,17275,8537,8738,1814,2580,14695,7.51106303617945,8.07543369216352,6.95967458457313,7.01350055126792,7.52371511627907,7.50884171146649,139
"141",2021,6,7.58795918367347,98,7.99033333333333,6.95263157894737,6.85,7.13916666666667,7.65058139534884,60,38,10,12,86,17373,8597,8776,1824,2592,14781,7.51149680250964,8.07483976154472,6.95964408842297,7.01260416666667,7.52193479938271,7.50966639266626,140
"142",2021,7,7.43545454545455,121,7.96234375,6.84385964912281,7.02727272727273,8.226,7.32358490566038,64,57,11,15,106,17494,8661,8833,1835,2607,14887,7.51097084428947,8.07400847823577,6.95889692290275,7.01269209809264,7.5259858074415,7.50834143548062,141
"143",2021,8,7.62657258064516,124,7.996875,6.95329545454545,7.12857142857143,7.97428571428571,7.58231818181818,80,44,7,14,110,17618,8741,8877,1842,2621,14997,7.51178447894199,8.07330253174694,6.95886915849949,7.01313246471227,7.52838038916444,7.50888404014136,142
"144",2021,9,7.41428571428571,119,7.92115384615385,7.02089552238806,7,7.39473684210526,7.418,52,67,14,19,100,17737,8793,8944,1856,2640,15097,7.51113034616902,8.07240275560105,6.95933380143113,7.01303340517241,7.52741856060606,7.50828203947804,143
"145",2021,10,7.51846153846154,143,7.9716049382716,6.92645161290323,7.255625,7.825,7.47984251968504,81,62,16,16,127,17880,8874,9006,1872,2656,15224,7.51118897930649,8.0714826943881,6.95910743060182,7.01510683760684,7.52921121987951,7.50804479440357,144
"146",2021,11,7.5041726618705,139,8.15577464788732,6.82382352941177,6.36882352941176,6.875,7.60991596638655,71,68,17,20,119,18019,8945,9074,1889,2676,15343,7.51113485487541,8.0721517529346,6.95809362133568,7.00929062996294,7.52432174887892,7.50883490516848,145
"147",2021,12,7.58600370165746,181,8.0706667,6.98765432098765,7.03571428571429,8.21428571428571,7.5035416875,100,81,14,21,160,18200,9045,9155,1903,2697,15503,7.51187942967033,8.07213533443892,6.95835516329874,7.00948502364687,7.52969410456062,7.5087802760756,146
"148",2022,1,7.41895161290323,248,7.95416666666667,6.80991379310345,7.15925925925926,7.71304347826087,7.38888888888889,132,116,27,23,225,18448,9177,9271,1930,2720,15728,7.51063018321769,8.07043849841996,6.95649784489267,7.01158031088083,7.53124448529412,7.50706514623601,147
"149",2022,2,7.6305625,160,8.18876404494382,6.93084507042254,6.42857142857143,8.17857142857143,7.57801369863014,89,71,14,14,146,18608,9266,9342,1944,2734,15874,7.51166141552021,8.07157501618821,6.95630288160993,7.0073816872428,7.53455925384052,7.50771769056319,148
"150",2022,3,7.57519537931034,145,7.90657142857143,7.26591106666667,7.32222222222222,7.83333333333333,7.54541023076923,70,75,18,15,130,18753,9336,9417,1962,2749,16004,7.51215266624007,8.07033784275921,6.958768700223,7.01027013251784,7.53618952346307,7.50802386590852,149
"151",2022,4,7.38929092105263,152,8.07987012987013,6.68029626666667,6.41176470588235,7.63333333333333,7.36257094890511,77,75,17,15,137,18905,9413,9492,1979,2764,16141,7.51116483311293,8.07041581854881,6.95656838074168,7.00512885295604,7.53671671490593,7.50678930487578,150
"152",2022,5,7.5978164556962,158,8.18760638297872,6.7315625,6.66666666666667,8.25323529411765,7.51879432624114,94,64,9,17,141,19063,9507,9556,1988,2781,16282,7.51188302837958,8.07157453455348,6.95506143470071,7.00359657947686,7.54109672779575,7.50689326679769,151
"153",2022,6,7.59519230769231,130,7.98142857142857,7.03405660377358,7.06666666666667,7.811,7.55595454545455,77,53,6,20,110,19193,9584,9609,1994,2801,16392,7.51244730735164,8.07085028171953,6.95549714538453,7.00378635907723,7.54302392002856,7.50722249694973,152
"154",2022,7,7.48363043478261,138,7.76293333333333,7.15112698412698,7.21428571428571,8.362,7.4150078125,75,63,7,10,128,19331,9659,9672,2001,2811,16520,7.51224158967461,8.06845937467647,6.9567714092225,7.00452273863068,7.5459373888296,7.50650800060533,153
"155",2022,8,7.53310160427807,187,7.89774193548387,7.17234042553191,7.28125,7.644,7.51598765432099,93,94,16,25,162,19518,9752,9766,2017,2836,16682,7.5124414473819,8.0668313269073,6.95884631066967,7.00671789786812,7.5468018335684,7.50660005814651,154
"156",2022,9,7.58276595744681,141,7.98486842105263,7.11261538461538,6.75111111111111,7.37285714285714,7.60590551181102,76,65,9,14,127,19659,9828,9831,2026,2850,16809,7.51294583498652,8.06619750712251,6.95986299155732,7.0055824284304,7.54594736842105,7.50735035814147,155
"157",2022,10,7.68337837837838,148,8.09666666666667,7.22285714285714,5.925,7.91666666666667,7.67352112676056,78,70,4,6,142,19807,9906,9901,2030,2856,16951,7.51421932498612,8.06643742176459,6.96172235834764,7.00345320197044,7.54672619047619,7.50874238511002,156
"158",2022,11,7.63863945578231,147,7.98785714285714,7.17301587301587,7.15,7.66666666666667,7.63614814814815,84,63,8,12,135,19954,9990,9964,2038,2868,17086,7.51513592111857,8.06577668668669,6.96305831694099,7.0040284592738,7.5472280334728,7.50974904424675,157
"159",2022,12,7.38335403726708,161,7.89962962962963,6.860625,6.57142857142857,7.69230769230769,7.35621621621622,81,80,7,13,148,20115,10071,10044,2045,2881,17234,7.51408114193388,8.06444038327872,6.96224244026284,7.00254767726161,7.54788267962513,7.50843055413717,158
