"","year","month","avg_rating","no_ratings","avg_rating_owned","avg_rating_not_owned","avg_rating_prev_owned","avg_rating_comment","avg_rating_no_comment","no_ratings_owned","no_ratings_not_owned","no_ratings_prev_owned","no_ratings_comment","no_ratings_no_comment","cum_no_ratings","cum_no_ratings_owned","cum_no_ratings_not_owned","cum_no_ratings_prev_owned","cum_no_ratings_comment","cum_no_ratings_no_comment","cum_avg_rating","cum_avg_rating_owned","cum_avg_rating_not_owned","cum_avg_rating_prev_owned","cum_avg_rating_comment","cum_avg_rating_no_comment","month_after_release"
"1",2001,5,9.3,1,9.3,NA,NA,NA,9.3,1,0,0,0,1,1,1,0,0,0,1,9.3,9.3,NA,NA,NA,9.3,0
"2",2001,6,7.57142857142857,7,7.57142857142857,NA,NA,NA,7.57142857142857,7,0,0,0,7,8,8,0,0,0,8,7.7875,7.7875,NA,NA,NA,7.7875,1
"3",2001,7,7.66666666666667,3,7.5,8,NA,NA,7.66666666666667,2,1,0,0,3,11,10,1,0,0,11,7.75454545454545,7.73,8,NA,NA,7.75454545454545,2
"4",2001,8,7.19230769230769,13,7.22727272727273,7,NA,7.8,6.8125,11,2,0,5,8,24,21,3,0,5,19,7.45,7.46666666666667,7.33333333333333,NA,7.8,7.35789473684211,3
"5",2001,9,7.33333333333333,6,7.75,6.5,6.5,NA,7.33333333333333,4,2,2,0,6,30,25,5,2,5,25,7.42666666666667,7.512,7,6.5,7.8,7.352,4
"6",2001,10,7,5,7,7,NA,8,6.75,4,1,0,1,4,35,29,6,2,6,29,7.36571428571429,7.44137931034483,7,6.5,7.83333333333333,7.26896551724138,5
"7",2001,11,7,4,6.66666666666667,8,NA,7,7,3,1,0,1,3,39,32,7,2,7,32,7.32820512820513,7.36875,7.14285714285714,6.5,7.71428571428571,7.24375,6
"8",2001,12,7.4,5,7.66666666666667,7,NA,6,7.75,3,2,0,1,4,44,35,9,2,8,36,7.33636363636364,7.39428571428572,7.11111111111111,6.5,7.5,7.3,7
"9",2002,1,7.3125,8,7.3125,NA,NA,NA,7.3125,8,0,0,0,8,52,43,9,2,8,44,7.33269230769231,7.37906976744186,7.11111111111111,6.5,7.5,7.30227272727273,8
"10",2002,2,7.1,5,7.25,6.5,NA,NA,7.1,4,1,0,0,5,57,47,10,2,8,49,7.31228070175439,7.36808510638298,7.05,6.5,7.5,7.28163265306122,9
"11",2002,3,8,4,8,NA,NA,NA,8,4,0,0,0,4,61,51,10,2,8,53,7.35737704918033,7.41764705882353,7.05,6.5,7.5,7.33584905660377,10
"12",2002,4,8,3,8,8,NA,8,8,2,1,0,2,1,64,53,11,2,10,54,7.3875,7.43962264150943,7.13636363636364,6.5,7.6,7.34814814814815,11
"13",2002,5,6.77777777777778,9,8,5.25,NA,6,7,5,4,0,2,7,73,58,15,2,12,61,7.31232876712329,7.48793103448276,6.63333333333333,6.5,7.33333333333333,7.30819672131148,12
"14",2002,6,7.79166666666667,12,7.81818181818182,7.5,NA,8.66666666666667,7.5,11,1,0,3,9,85,69,16,2,15,70,7.38,7.54057971014493,6.6875,6.5,7.6,7.33285714285714,13
"15",2002,7,7.72727272727273,11,7.77777777777778,7.5,NA,8,7.66666666666667,9,2,0,2,9,96,78,18,2,17,79,7.41979166666667,7.56794871794872,6.77777777777778,6.5,7.64705882352941,7.37088607594937,14
"16",2002,8,7.73684210526316,19,8.03571428571429,6.9,NA,7.91666666666667,7.65384615384615,14,5,0,6,13,115,92,23,2,23,92,7.47217391304348,7.63913043478261,6.80434782608696,6.5,7.71739130434783,7.41086956521739,15
"17",2002,9,7.65,10,7.72222222222222,7,7,7.5,7.71428571428571,9,1,1,3,7,125,101,24,3,26,99,7.4864,7.64653465346535,6.8125,6.66666666666667,7.69230769230769,7.43232323232323,16
"18",2002,10,7.58333333333333,12,7.5,7.75,6,6,7.72727272727273,8,4,1,1,11,137,109,28,4,27,110,7.4948905109489,7.63577981651376,6.94642857142857,6.5,7.62962962962963,7.46181818181818,17
"19",2002,11,7.6,15,7.91666666666667,6.33333333333333,NA,7.41666666666667,7.72222222222222,12,3,0,6,9,152,121,31,4,33,119,7.50526315789474,7.66363636363636,6.88709677419355,6.5,7.59090909090909,7.48151260504202,18
"20",2002,12,7.07692307692308,13,7.31818181818182,5.75,7.5,7.2,7,11,2,1,5,8,165,132,33,5,38,127,7.47151515151515,7.63484848484848,6.81818181818182,6.7,7.53947368421053,7.4511811023622,19
"21",2003,1,7.475,20,7.73076923076923,7,8,8,7.34375,13,7,1,4,16,185,145,40,6,42,143,7.47189189189189,7.64344827586207,6.85,6.91666666666667,7.58333333333333,7.43916083916084,20
"22",2003,2,7.9,15,7.95454545454545,7.75,9,8.66666666666667,7.70833333333333,11,4,1,3,12,200,156,44,7,45,155,7.504,7.66538461538461,6.93181818181818,7.21428571428571,7.65555555555556,7.46,21
"23",2003,3,7.28125,16,7.40909090909091,7,NA,8.16666666666667,7.07692307692308,11,5,0,3,13,216,167,49,7,48,168,7.4875,7.64850299401198,6.93877551020408,7.21428571428571,7.6875,7.43035714285714,22
"24",2003,4,7.73076923076923,13,7.90909090909091,6.75,NA,8.125,7.55555555555556,11,2,0,4,9,229,178,51,7,52,177,7.50131004366812,7.66460674157303,6.93137254901961,7.21428571428571,7.72115384615385,7.43672316384181,23
"25",2003,5,7.5,14,7.77272727272727,6.5,NA,7.2,7.66666666666667,11,3,0,5,9,243,189,54,7,57,186,7.50123456790123,7.67089947089947,6.90740740740741,7.21428571428571,7.67543859649123,7.44784946236559,24
"26",2003,6,7.72222222222222,18,7.8125,7,NA,7.75,7.70833333333333,16,2,0,6,12,261,205,56,7,63,198,7.51647509578544,7.68195121951219,6.91071428571429,7.21428571428571,7.68253968253968,7.46363636363636,25
"27",2003,7,7.25,52,7.48285714285714,6.77058823529412,6.625,7.23076923076923,7.25641025641026,35,17,4,13,39,313,240,73,11,76,237,7.47220447284345,7.65291666666667,6.87808219178082,7,7.60526315789474,7.4295358649789,26
"28",2003,8,7.25925925925926,27,7.61111111111111,6.55555555555556,NA,7.5,7.19047619047619,18,9,0,6,21,340,258,82,11,82,258,7.45529411764706,7.65,6.84268292682927,7,7.59756097560976,7.41007751937985,27
"29",2003,9,7.50526315789474,19,8.11428571428571,5.8,5,7.71428571428571,7.38333333333333,14,5,1,7,12,359,272,87,12,89,270,7.45793871866295,7.67389705882353,6.78275862068966,6.83333333333333,7.60674157303371,7.40888888888889,28
"30",2003,10,7.60714285714286,14,7.57692307692308,8,NA,6.75,7.95,13,1,0,4,10,373,285,88,12,93,280,7.46353887399464,7.66947368421053,6.79659090909091,6.83333333333333,7.56989247311828,7.42821428571428,29
"31",2003,11,7.52941176470588,17,7.75,6.5,8,7.40909090909091,7.75,14,3,1,11,6,390,299,91,13,104,286,7.46641025641026,7.67324414715719,6.78681318681319,6.92307692307692,7.55288461538461,7.43496503496503,30
"32",2003,12,7.02173913043478,23,7.25,6.2,4,6.3125,7.4,18,5,1,8,15,413,317,96,14,112,301,7.44164648910412,7.64921135646688,6.75625,6.71428571428571,7.46428571428571,7.43322259136213,31
"33",2004,1,7.395,20,7.51333333333333,7.04,7.5,7.04,7.51333333333333,15,5,2,5,15,433,332,101,16,117,316,7.43949191685912,7.64307228915663,6.77029702970297,6.8125,7.44615384615385,7.43702531645569,32
"34",2004,2,7.43181818181818,22,7.52941176470588,7.1,NA,7.5,7.4,17,5,0,7,15,455,349,106,16,124,331,7.43912087912088,7.63753581661891,6.78584905660377,6.8125,7.4491935483871,7.43534743202417,33
"35",2004,3,7.22222222222222,18,7,8,NA,7.57142857142857,7,14,4,0,7,11,473,363,110,16,131,342,7.43086680761099,7.6129476584022,6.83,6.8125,7.4557251908397,7.42134502923976,34
"36",2004,4,7.62380952380952,21,7.69375,7.4,7.5,7.66,7.59090909090909,16,5,2,10,11,494,379,115,18,141,353,7.43906882591093,7.61635883905013,6.85478260869565,6.88888888888889,7.47021276595745,7.42662889518413,35
"37",2004,5,7.64285714285714,21,7.86111111111111,6.33333333333333,NA,8.07142857142857,7.42857142857143,18,3,0,7,14,515,397,118,18,148,367,7.4473786407767,7.62745591939547,6.84152542372881,6.88888888888889,7.49864864864865,7.4267029972752,36
"38",2004,6,7.65384615384615,26,7.60869565217391,8,NA,7.8,7.61904761904762,23,3,0,5,21,541,420,121,18,153,388,7.45730129390019,7.62642857142857,6.8702479338843,6.88888888888889,7.50849673202614,7.43711340206185,37
"39",2004,7,7.67391304347826,23,7.70588235294118,7.58333333333333,8.16666666666667,7.42857142857143,7.78125,17,6,3,7,16,564,437,127,21,160,404,7.46613475177305,7.62951945080091,6.90393700787402,7.07142857142857,7.505,7.45074257425742,38
"40",2004,8,7.46666666666667,15,7.66666666666667,6.66666666666667,7,7.83333333333333,7.22222222222222,12,3,1,6,9,579,449,130,22,166,413,7.46614853195164,7.63051224944321,6.89846153846154,7.06818181818182,7.51686746987952,7.44576271186441,39
"41",2004,9,7.14347826086957,23,7.25263157894737,6.625,5.5,6.83,7.38461538461539,19,4,2,10,13,602,468,134,24,176,426,7.45382059800664,7.61517094017094,6.89029850746269,6.9375,7.47784090909091,7.44389671361502,40
"42",2004,10,7.375,24,7.47368421052632,7,8,7.375,7.375,19,5,1,8,16,626,487,139,25,184,442,7.45079872204473,7.60965092402464,6.89424460431655,6.98,7.47336956521739,7.44140271493213,41
"43",2004,11,6.96052631578947,38,7.17241379310345,6.27777777777778,6.9,7.17857142857143,6.83333333333333,29,9,5,14,24,664,516,148,30,198,466,7.42274096385542,7.58507751937984,6.85675675675676,6.96666666666667,7.45252525252525,7.41008583690987,42
"44",2004,12,7.572,25,7.665,7.2,NA,7.79166666666667,7.36923076923077,20,5,0,12,13,689,536,153,30,210,479,7.42815674891147,7.58805970149254,6.86797385620915,6.96666666666667,7.47190476190476,7.4089770354906,43
"45",2005,1,7.23076923076923,39,7.55769230769231,6.57692307692308,7,7.21875,7.23913043478261,26,13,2,16,23,728,562,166,32,226,502,7.41758241758242,7.58665480427046,6.84518072289157,6.96875,7.45398230088496,7.40119521912351,44
"46",2005,2,7.4275,40,7.8448275862069,6.32727272727273,5.75,7.11428571428571,7.59615384615385,29,11,4,14,26,768,591,177,36,240,528,7.41809895833333,7.59932318104907,6.81299435028249,6.83333333333333,7.43416666666667,7.41079545454545,45
"47",2005,3,7.12903225806452,31,7.41304347826087,6.3125,6,7.5,6.97727272727273,23,8,1,9,22,799,614,185,37,249,550,7.40688360450563,7.59234527687297,6.79135135135135,6.81081081081081,7.43654618473895,7.39345454545454,46
"48",2005,4,7.32608695652174,23,7.75,6.66666666666667,4,7.4,7.30555555555556,14,9,1,5,18,822,628,194,38,254,568,7.40462287104623,7.59585987261147,6.78556701030928,6.73684210526316,7.43582677165354,7.39066901408451,47
"49",2005,5,7.47,25,7.71428571428571,6.1875,8,7.59375,7.41176470588235,21,4,1,8,17,847,649,198,39,262,585,7.40655253837072,7.59969183359014,6.77348484848485,6.76923076923077,7.44064885496183,7.39128205128205,48
"50",2005,6,7.45652173913043,23,7.7,7,8,7.44444444444444,7.46428571428571,15,8,4,9,14,870,664,206,43,271,599,7.40787356321839,7.6019578313253,6.78228155339806,6.88372093023256,7.44077490774908,7.39298831385643,49
"51",2005,7,7.41,30,7.53478260869565,7,6.5,7.55555555555556,7.34761904761905,23,7,3,9,21,900,687,213,46,280,620,7.40794444444445,7.59970887918486,6.78943661971831,6.85869565217391,7.44446428571429,7.39145161290323,50
"52",2005,8,7.66666666666667,45,7.69444444444444,7.55555555555556,7.25,7.74,7.575,36,9,4,25,20,945,723,222,50,305,640,7.42026455026455,7.60442600276625,6.8204954954955,6.89,7.46868852459016,7.3971875,51
"53",2005,9,7.59459459459459,37,7.85714285714286,6.77777777777778,7.33333333333333,7.66666666666667,7.54545454545455,28,9,3,15,22,982,751,231,53,320,662,7.42683299389002,7.61384820239681,6.81883116883117,6.91509433962264,7.47796875,7.40211480362538,52
"54",2005,10,7.67788461538461,52,7.81410256410256,7.26923076923077,7.75,8.01190476190476,7.45161290322581,39,13,4,21,31,1034,790,244,57,341,693,7.4394584139265,7.62373417721519,6.84282786885246,6.97368421052632,7.5108504398827,7.404329004329,53
"55",2005,11,7.66810344827586,58,7.859375,6.75,7.33333333333333,7.6875,7.65789473684211,48,10,3,20,38,1092,838,254,60,361,731,7.45160256410256,7.63723150357995,6.83917322834646,6.99166666666667,7.52063711911357,7.41751025991792,54
"56",2005,12,7.44318181818182,44,7.54166666666667,7,6,7.78125,7.25,36,8,2,16,28,1136,874,262,62,377,759,7.45127640845071,7.63329519450801,6.84408396946565,6.95967741935484,7.53169761273209,7.41133069828722,55
"57",2006,1,7.64402985074627,67,7.765,7.28823529411765,7.16666666666667,7.56521739130435,7.68522727272727,50,17,3,23,44,1203,924,279,65,400,803,7.46201163757274,7.64042207792208,6.87114695340502,6.96923076923077,7.533625,7.42633872976339,56
"58",2006,2,7.49512195121951,41,7.82666666666667,6.59090909090909,6.25,7.28235294117647,7.64583333333333,30,11,2,17,24,1244,954,290,67,417,827,7.46310289389068,7.64627882599581,6.86051724137931,6.94776119402985,7.52338129496403,7.43270858524788,57
"59",2006,3,7.50595238095238,42,7.87121212121212,6.16666666666667,7,7.58823529411765,7.45,33,9,2,17,25,1286,987,299,69,434,852,7.46450233281493,7.65379939209727,6.83963210702341,6.94927536231884,7.52592165898618,7.43321596244131,58
"60",2006,4,7.34838709677419,31,7.575,6.93636363636364,7,7.2375,7.46666666666667,20,11,2,16,15,1317,1007,310,71,450,867,7.46176917236143,7.65223435948362,6.84306451612903,6.95070422535211,7.51566666666667,7.43379469434833,59
"61",2006,5,7.56794871794872,39,8,6.59583333333333,NA,7.47916666666667,7.60740740740741,27,12,0,12,27,1356,1034,322,71,462,894,7.46482300884956,7.66131528046422,6.83385093167702,6.95070422535211,7.51471861471861,7.43903803131991,60
"62",2006,6,7.53571428571429,42,7.7741935483871,6.86363636363636,6.5,7.53125,7.53846153846154,31,11,2,16,26,1398,1065,333,73,478,920,7.46695278969957,7.66460093896714,6.83483483483484,6.93835616438356,7.5152719665272,7.44184782608696,61
"63",2006,7,7.3943661971831,71,7.75098039215686,6.485,7.2,7.84444444444444,7.11818181818182,51,20,5,27,44,1469,1116,353,78,505,964,7.46344452008169,7.66854838709677,6.81501416430595,6.95512820512821,7.53287128712871,7.42707468879668,62
"64",2006,8,7.46458333333333,48,7.52424242424242,7.33333333333333,8.4,7.01176470588235,7.71290322580645,33,15,5,17,31,1517,1149,368,83,522,995,7.46348055372446,7.66440382941688,6.83614130434783,7.04216867469879,7.51590038314176,7.43597989949749,63
"65",2006,9,7.48478260869565,46,7.64722222222222,6.9,NA,7.57692307692308,7.44848484848485,36,10,0,13,33,1563,1185,378,83,535,1028,7.4641074856046,7.66388185654008,6.83783068783069,7.04216867469879,7.51738317757009,7.4363813229572,64
"66",2006,10,7.07317073170732,41,7.45454545454545,6.63157894736842,7.5,7.375,6.88,22,19,4,16,25,1604,1207,397,87,551,1053,7.45411471321696,7.66006628003314,6.827959697733,7.0632183908046,7.51324863883848,7.42317188983856,65
"67",2006,11,7.50612244897959,49,7.73636363636364,7.03125,6.66666666666667,7.95833333333333,7.35945945945946,33,16,3,12,37,1653,1240,413,90,563,1090,7.45565638233515,7.66209677419355,6.83583535108959,7.05,7.52273534635879,7.42100917431193,66
"68",2006,12,7.54609375,64,7.76413043478261,6.98888888888889,8,7.64090909090909,7.49642857142857,46,18,1,22,42,1717,1286,431,91,585,1132,7.45902737332557,7.6657465007776,6.84222737819026,7.06043956043956,7.52717948717949,7.4238074204947,67
"69",2007,1,7.6,83,7.875,6.88260869565217,6.75,8.1,7.39661016949153,60,23,4,24,59,1800,1346,454,95,609,1191,7.46552777777778,7.67507429420505,6.84427312775331,7.04736842105263,7.54975369458128,7.42246011754828,68
"70",2007,2,7.52789347826087,46,7.75882352941176,6.87359166666667,6.33333333333333,7.52142857142857,7.530721875,34,12,3,14,32,1846,1380,466,98,623,1223,7.46708185265439,7.67713768115942,6.84502811158798,7.02551020408163,7.54911717495987,7.4252928045789,69
"71",2007,3,7.54554285714286,70,7.72147826086957,7.20833333333333,7.85,7.32218181818182,7.64791666666667,46,24,4,22,48,1916,1426,490,102,645,1271,7.46994838204593,7.67856802244039,6.86282265306123,7.0578431372549,7.54137674418605,7.43370031471282,70
"72",2007,4,7.5,58,7.63243243243243,7.26666666666667,7.325,8.04,7.21578947368421,37,21,4,20,38,1974,1463,511,106,665,1309,7.47083135764944,7.6774012303486,6.87941898238748,7.06792452830189,7.55637293233083,7.427374407945,71
"73",2007,5,6.88039215686275,51,7.19666666666667,6.42857142857143,8,6.52105263157895,7.09375,30,21,2,19,32,2025,1493,532,108,684,1341,7.45596103703704,7.66774146014735,6.86162236842105,7.08518518518518,7.52761403508772,7.41941319910515,72
"74",2007,6,7.38986486486487,74,7.595,6.9625,6.81428571428571,7.25,7.43482142857143,50,24,7,18,56,2099,1543,556,115,702,1397,7.453630824202,7.66538431626701,6.86597679856115,7.06869565217391,7.52049572649573,7.42003085182534,73
"75",2007,7,7.43857142857143,70,7.44285714285714,7.42857142857143,7.58333333333333,7.60454545454545,7.3625,49,21,6,22,48,2169,1592,577,121,724,1445,7.45314481327801,7.6585351758794,6.88645251299827,7.09421487603306,7.52304972375691,7.41811979238754,74
"76",2007,8,7.40645161290323,62,7.61190476190476,6.975,7,7.36111111111111,7.425,42,20,3,18,44,2231,1634,597,124,742,1489,7.45184719856566,7.65733659730722,6.8894189279732,7.09193548387097,7.51912129380054,7.41832310275353,75
"77",2007,9,7.47727272727273,66,7.76595744680851,6.76315789473684,7.16666666666667,7.38181818181818,7.525,47,19,6,22,44,2297,1681,616,130,764,1533,7.45257775359164,7.6603735871505,6.88552451298701,7.09538461538462,7.51516753926701,7.42138493150685,76
"78",2007,10,7.66853333333333,75,7.7919298245614,7.27777777777778,7.66666666666667,7.9625,7.56163636363636,57,18,3,20,55,2372,1738,634,133,784,1588,7.45940602866779,7.66468814729574,6.89666104100947,7.10827067669173,7.52657908163265,7.42624250629723,77
"79",2007,11,7.37835051546392,97,7.6640625,6.82424242424242,6.975,7.54545454545455,7.2921875,64,33,8,33,64,2469,1802,667,141,817,1652,7.45622158768732,7.66466592674806,6.89307811094453,7.10070921985816,7.52734149326805,7.42104909200969,78
"80",2007,12,7.44571428571429,84,7.66610169491525,6.9256,7.59142857142857,7.748,7.31762711864407,59,25,7,25,59,2553,1861,692,148,842,1711,7.4558758715237,7.66471144545943,6.89425303468208,7.12391891891892,7.53389311163895,7.41748281706604,79
"81",2008,1,7.33142857142857,105,7.50384615384615,6.83333333333333,7.2,7.39666666666667,7.30533333333333,78,27,5,30,75,2658,1939,719,153,872,1786,7.45095978179082,7.65824033006704,6.89196536856746,7.12640522875817,7.52917201834862,7.41277329227324,80
"82",2008,2,7.32916666666667,72,7.65116279069767,6.85172413793103,6.5,7.42777777777778,7.2962962962963,43,29,4,18,54,2730,1982,748,157,890,1840,7.44774765567765,7.65808678102926,6.89040521390374,7.11044585987261,7.52712134831461,7.40935494565217,81
"83",2008,3,7.27230769230769,65,7.3972972972973,7.10714285714286,7.16666666666667,7.36,7.23333333333333,37,28,6,20,45,2795,2019,776,163,910,1885,7.44366765652952,7.65330757800891,6.8982256443299,7.11251533742331,7.52344835164835,7.40515283819629,82
"84",2008,4,7.5359649122807,57,7.60384615384615,7.38888888888889,7.57142857142857,7.60625,7.48484848484848,39,18,7,24,33,2852,2058,794,170,934,1918,7.44551230715287,7.65237026239067,6.90934899244333,7.13141176470588,7.52557601713062,7.4065240354536,83
"85",2008,5,7.51818181818182,66,7.82325581395349,6.94782608695652,7.25,7.51,7.52173913043478,43,23,2,20,46,2918,2101,817,172,954,1964,7.44715596298835,7.65586768205616,6.91043219094247,7.13279069767442,7.52524947589098,7.40922255600815,84
"86",2008,6,7.45153846153846,65,7.60921052631579,7.22962962962963,7.31818181818182,7.616,7.34875,38,27,11,25,40,2983,2139,844,183,979,2004,7.44725145826349,7.65503880317905,6.92064348341232,7.14393442622951,7.52756690500511,7.40801551896208,85
"87",2008,7,7.24055555555556,90,7.69905660377358,6.58378378378378,6.605,7.24571428571429,7.23727272727273,53,37,20,35,55,3073,2192,881,203,1014,2059,7.44119788480312,7.65610310218978,6.90649614074915,7.09083743842365,7.5178382642998,7.40345463817387,86
"88",2008,8,7.08626506024096,83,7.66326530612245,6.25470588235294,6.22727272727273,6.89041666666667,7.16593220338983,49,34,11,24,59,3156,2241,915,214,1038,2118,7.43186346641318,7.65625970548862,6.88227661202186,7.04644859813084,7.50333140655106,7.396838101983,87
"89",2008,9,7.60327868852459,61,7.98684210526316,6.9695652173913,6.4,7.66842105263158,7.57380952380952,38,23,7,19,42,3217,2279,938,221,1057,2160,7.43511380167858,7.66177182974989,6.88441695095949,7.02597285067873,7.50629895931883,7.40027921296296,88
"90",2008,10,7.46617647058823,68,7.92105263157895,6.89,6.79090909090909,7.35,7.51458333333333,38,30,11,20,48,3285,2317,968,232,1077,2208,7.43575680365297,7.66602416918429,6.88458997933884,7.0148275862069,7.50339647168059,7.40276408514493,89
"91",2008,11,7.33783783783784,74,7.39130434782609,7.25,6.91666666666667,7.325,7.34259259259259,46,28,12,20,54,3359,2363,996,244,1097,2262,7.43359961298005,7.6606762589928,6.8948625502008,7.01,7.50014402917046,7.40132763041556,90
"92",2008,12,7.41333333333333,60,7.72222222222222,6.95,6.5,7.41904761904762,7.41025641025641,36,24,10,21,39,3419,2399,1020,254,1118,2301,7.43324396022229,7.66159983326386,6.89615990196079,6.98992125984252,7.49862075134168,7.4014789656671,91
"93",2009,1,7.28970588235294,102,7.57089552238806,6.75142857142857,7.29166666666667,7.23529411764706,7.31691176470588,67,35,12,34,68,3521,2466,1055,266,1152,2369,7.42908579948878,7.65913544201135,6.89135838862559,7.00353383458647,7.49084895833333,7.39905154073449,92
"94",2009,2,7.29503311258278,151,7.53076923076923,6.9375,6.8125,7.30909090909091,7.29263565891473,91,60,12,22,129,3672,2557,1115,278,1174,2498,7.42357328431372,7.65456707078608,6.89384134529148,6.99528776978417,7.48744293015332,7.3935560848679,93
"95",2009,3,7.30798319327731,119,7.56269841269841,7.02142857142857,6.671875,7.24130434782609,7.32395833333333,63,56,16,23,96,3791,2620,1171,294,1197,2594,7.41994489580586,7.65235801526717,6.89994286934244,6.97768707482993,7.4827134502924,7.39098037779491,94
"96",2009,4,7.33046357615894,151,7.59538461538462,7.13023255813953,6.45238095238095,6.953125,7.43193277310924,65,86,21,32,119,3942,2685,1257,315,1229,2713,7.41651727549467,7.65097877094972,6.91569856801909,6.94266666666667,7.46892432872254,7.39277666789532,95
"97",2009,5,7.28076923076923,117,7.41203703703704,7.16825396825397,6.66666666666667,7.32058823529412,7.274,54,63,9,17,100,4059,2739,1320,324,1246,2813,7.41260436067997,7.64626798101497,6.92775234848485,6.935,7.46690048154093,7.38855424813367,96
"98",2009,6,7.24526315789474,95,7.37884615384615,7.08372093023256,6.44444444444444,6.94736842105263,7.31973684210526,52,43,9,19,76,4154,2791,1363,333,1265,2889,7.40877734713529,7.64128556073092,6.93267285399854,6.92174174174174,7.45909723320158,7.38674389061959,97
"99",2009,7,7.21294642857143,112,7.7311320754717,6.74745762711864,6.88636363636364,7.18392857142857,7.22261904761905,53,59,22,28,84,4266,2844,1422,355,1293,2973,7.40363598218472,7.64295991561181,6.92498811533052,6.91954929577465,7.45313843774168,7.38210665993946,98
"100",2009,8,7.20967741935484,93,7.50092592592593,6.80641025641026,7.1625,6.74705882352941,7.31315789473684,54,39,12,17,76,4359,2898,1461,367,1310,3049,7.3994978435421,7.64031331953071,6.92182279260781,6.9274931880109,7.44397557251908,7.38038802886192,99
"101",2009,9,7.19823008849557,113,7.55344827586207,6.82363636363636,7.1,7.28571428571429,7.16941176470588,58,55,20,28,85,4472,2956,1516,387,1338,3134,7.39441214221825,7.63860893098782,6.91826062005277,6.93640826873385,7.44066367713004,7.37466595405233,100
"102",2009,10,7.41741803278688,122,7.83254716981132,7.09855072463768,6.96363636363636,7.465,7.40808823529412,53,69,22,20,102,4594,3009,1585,409,1358,3236,7.39502309534175,7.64202492522433,6.92610921135647,6.9378728606357,7.44102209131075,7.37571943757726,101
"103",2009,11,7.19571428571429,140,7.5265625,6.91710526315789,6.59130434782609,7.394,7.15260869565217,64,76,23,25,115,4734,3073,1661,432,1383,3351,7.38912887621462,7.63962024080703,6.92569723058399,6.9194212962963,7.44017208966016,7.36806269770218,102
"104",2009,12,7.3260162601626,123,7.56190476190476,7.07833333333333,7.26470588235294,7.07142857142857,7.37843137254902,63,60,17,21,102,4857,3136,1721,449,1404,3453,7.3875305950175,7.63805899234694,6.93101865194655,6.93249443207127,7.43465669515669,7.36836898349262,103
"105",2010,1,7.405625,160,7.69611111111111,7.03214285714286,6.88,7.396,7.40740740740741,90,70,25,25,135,5017,3226,1791,474,1429,3588,7.38810765397648,7.63967854928704,6.93497102177555,6.92972573839662,7.43398040587824,7.36983782051282,104
"106",2010,2,7.52673255813953,86,7.93721276595745,7.03205128205128,6.812375,7.46428571428571,7.538875,47,39,8,14,72,5103,3273,1830,482,1443,3660,7.39044387615128,7.64395111518485,6.93703994535519,6.92777800829875,7.43427442827443,7.3731631420765,105
"107",2010,3,7.23327102803738,107,7.7112962962963,6.74622641509434,7.06538461538462,7.0375,7.27827586206897,54,53,13,20,87,5210,3327,1883,495,1463,3747,7.38721595009597,7.6450441839495,6.93166919808816,6.93139191919192,7.42885030758715,7.3709599946624,106
"108",2010,4,7.43223684210526,76,7.56666666666667,7.29054054054054,7.05555555555556,7.82666666666667,7.33524590163934,39,37,9,15,61,5286,3366,1920,504,1478,3808,7.38786324252743,7.64413606654783,6.93858494791667,6.93360912698413,7.43288768606224,7.37038789390756,107
"109",2010,5,7.30977011494253,87,7.54479166666667,7.02051282051282,6,7.5,7.26357142857143,48,39,7,17,70,5373,3414,1959,511,1495,3878,7.38659875302438,7.64273930872876,6.94021597753956,6.92081996086106,7.4336508361204,7.3684597988654,108
"110",2010,6,7.25141176470588,51,7.580375,6.69736842105263,7.35714285714286,7.617,7.08428571428571,32,19,7,16,35,5424,3446,1978,518,1511,3913,7.38532763643068,7.64216018572258,6.93788326592518,6.92671621621621,7.43559232296492,7.36591799131102,109
"111",2010,7,7.29736842105263,76,7.62380952380952,6.89411764705882,6.9,7.35333333333333,7.28360655737705,42,34,10,15,61,5500,3488,2012,528,1526,3974,7.3841122,7.64193922018349,6.93714368787276,6.92621022727273,7.43478374836173,7.36465452944137,110
"112",2010,8,7.37875,80,7.60588235294118,6.97931034482759,6.16666666666667,7.43125,7.365625,51,29,6,16,64,5580,3539,2041,534,1542,4038,7.38403532258064,7.64141961005934,6.93774282214601,6.91767602996255,7.43474708171206,7.36466991084696,111
"113",2010,9,7.55144927536232,69,8.025,6.89827586206897,8.19166666666667,7.68125,7.5122641509434,40,29,6,16,53,5649,3579,2070,540,1558,4091,7.38608020888653,7.64570662196144,6.93718990338164,6.93183148148148,7.4372785622593,7.36658203373258,112
"114",2010,10,7.23516483516484,91,7.826,6.51463414634146,6.28181818181818,7.64705882352941,7.14054054054054,50,41,11,17,74,5740,3629,2111,551,1575,4165,7.38368764808362,7.64819068613943,6.92898299384178,6.91885480943739,7.43954285714285,7.36256593037215,113
"115",2010,11,7.29107142857143,112,7.52358490566038,7.08220338983051,6.51,7.44791666666667,7.24829545454545,53,59,10,24,88,5852,3682,2170,561,1599,4253,7.38191508885851,7.64639706681152,6.93314889400922,6.91156684491978,7.43966854283927,7.36020152833294,114
"116",2010,12,7.34125,120,7.63382352941176,6.95865384615385,6.84375,7.06428571428571,7.42554347826087,68,52,16,28,92,5972,3750,2222,577,1627,4345,7.3810979738781,7.64616906666667,6.93374576957696,6.9096863084922,7.43320835894284,7.36158506329114,115
"117",2011,1,7.39280303030303,132,7.73455882352941,7.0296875,6.89411764705882,7.13913043478261,7.44633027522936,68,64,17,23,109,6104,3818,2286,594,1650,4454,7.38135109764089,7.64774332111053,6.93643180227472,6.90924074074074,7.42910909090909,7.36365898069151,116
"118",2011,2,7.20602409638554,83,7.61081081081081,6.8804347826087,7.08333333333333,7.6,7.11911764705882,37,46,12,15,68,6187,3855,2332,606,1665,4522,7.37899904638758,7.64738884565499,6.93532722984563,6.91268811881188,7.43064864864865,7.3599816674038,117
"119",2011,3,7.276,75,7.51666666666667,6.96969696969697,7.41176470588235,7.75333333333333,7.15666666666667,42,33,17,15,60,6262,3897,2365,623,1680,4582,7.37776542638135,7.64597998460354,6.93580680761099,6.92630658105939,7.43352976190476,7.35731931470974,118
"120",2011,4,7.42461194029851,67,7.93392857142857,7.05894871794872,6.85,7.38,7.43748076923077,28,39,10,15,52,6329,3925,2404,633,1695,4634,7.37826135250434,7.64803414012739,6.93780453410982,6.92510110584518,7.43305604719764,7.35821883901597,119
"121",2011,5,7.13172043010753,93,7.55333333333333,6.73645833333333,6.76666666666667,7.26315789473684,7.09797297297297,45,48,9,19,74,6422,3970,2452,642,1714,4708,7.37469107754593,7.64696070528967,6.93386300978793,6.92288006230529,7.43117269544924,7.35412831350892,120
"122",2011,6,7.44333333333333,90,7.84468085106383,7.0046511627907,6.13636363636364,7.17916666666667,7.53939393939394,47,43,11,24,66,6512,4017,2495,653,1738,4774,7.37563975737101,7.64927408513816,6.93508300601202,6.90963093415007,7.42769275028768,7.35668958944282,121
"123",2011,7,7.38555555555556,90,7.49363636363636,7.21571428571429,6.75,6.95,7.46578947368421,55,35,8,14,76,6602,4072,2530,661,1752,4850,7.37577493183883,7.64717190569745,6.938965256917,6.90769894099849,7.42387557077625,7.35839919587629,122
"124",2011,8,7.12626262626263,99,7.30877192982456,6.87857142857143,7.45833333333333,7.26190476190476,7.08974358974359,57,42,12,21,78,6701,4129,2572,673,1773,4928,7.37208865840919,7.64250036328409,6.93797904354588,6.91751708766716,7.42195713479977,7.35414693587663,123
"125",2011,9,7.33483146067416,89,7.63877551020408,6.9625,7.04210526315789,7.43333333333333,7.31486486486487,49,40,19,15,74,6790,4178,2612,692,1788,5002,7.37160030927835,7.64245667783629,6.93835455589587,6.92093786127167,7.42205257270693,7.35356579368253,124
"126",2011,10,7.32921348314607,89,7.69375,6.90243902439024,6.77777777777778,7.16666666666667,7.36216216216216,48,41,9,15,74,6879,4226,2653,701,1803,5076,7.37105191161506,7.64303928064363,6.93779950998869,6.91909985734665,7.41992789794786,7.35369111505122,125
"127",2011,11,7.00619047619048,105,7.503,6.55454545454545,6.30833333333333,7.16666666666667,6.96607142857143,50,55,12,21,84,6984,4276,2708,713,1824,5160,7.36556645189003,7.64140177736202,6.9300155465288,6.90882047685834,7.41701206140351,7.34738102713179,126
"128",2011,12,7.35945054945055,91,7.67355555555556,7.05217391304348,6.80909090909091,7.63888888888889,7.29054794520548,45,46,11,18,73,7075,4321,2754,724,1842,5233,7.36548778798586,7.64173663503819,6.93205595497458,6.90730524861878,7.41918023887079,7.34658820944009,127
"129",2012,1,7.1475,80,7.70612244897959,6.26451612903226,6.125,7.29166666666667,7.12205882352941,49,31,8,12,68,7155,4370,2785,732,1854,5301,7.36305046820405,7.6424585812357,6.92462552962298,6.89875546448087,7.41835490830636,7.34370799849085,128
"130",2012,2,7.20897959183673,98,7.77142857142857,6.6465306122449,6.5,7.15625,7.21926829268293,49,49,15,16,82,7253,4419,2834,747,1870,5383,7.36096871639322,7.64388866259335,6.91981725476359,6.89074832663989,7.41611229946524,7.34181239086012,129
"131",2012,3,7.54882352941176,68,7.75285714285714,7.21923076923077,7.1875,7.75,7.49188679245283,42,26,8,15,53,7321,4461,2860,755,1885,5436,7.36271357738014,7.64491459314055,6.9225391958042,6.89389271523179,7.41876923076923,7.34327558866814,130
"132",2012,4,7.14126984126984,63,7.76,6.57878787878788,6.82307692307692,7.61875,6.97872340425532,30,33,13,16,47,7384,4491,2893,768,1901,5483,7.36082422806067,7.64568336673347,6.9186180781196,6.89269401041666,7.42045239347711,7.34015066569397,131
"133",2012,5,7.26159420289855,69,7.54512195121951,6.84642857142857,7.7125,8.06818181818182,7.10862068965517,41,28,8,11,58,7453,4532,2921,776,1912,5541,7.35990555481014,7.64477360988526,6.91792608695652,6.9011456185567,7.42417887029288,7.33772714311497,132
"134",2012,6,7.22539682539683,63,7.41764705882353,7,7.25,7.4,7.18,34,29,4,13,50,7516,4566,2950,780,1925,5591,7.35877808674827,7.643082347788,6.91873291525424,6.90293461538461,7.42401558441558,7.3363165981041,133
"135",2012,7,7.11426829268293,82,7.45076923076923,6.80906976744186,6.70833333333333,6.76923076923077,7.17927536231884,39,43,12,13,69,7598,4605,2993,792,1938,5660,7.35613926033167,7.64145363735071,6.9171574006014,6.89998611111111,7.41962332301341,7.33440213780919,134
"136",2012,8,7.31184210526316,76,7.86,6.70277777777778,6.45454545454545,5.83333333333333,7.43857142857143,40,36,11,6,70,7674,4645,3029,803,1944,5730,7.35570056033359,7.64333562970937,6.91460947507428,6.89388418430884,7.41472736625514,7.33567471204189,135
"137",2012,9,7.27272727272727,66,7.71081081081081,6.71379310344828,6.5,6.96153846153846,7.34905660377358,37,29,8,13,53,7740,4682,3058,811,1957,5783,7.35499303617571,7.64386885946177,6.91270506867234,6.88999876695437,7.41171691364333,7.33579735431437,136
"138",2012,10,7.26130434782609,92,7.65681818181818,6.89875,6.85,7.05,7.29923076923077,44,48,12,14,78,7832,4726,3106,823,1971,5861,7.35389250510725,7.64398942022853,6.9124894075982,6.8894155528554,7.40914764079147,7.33531071489507,137
"139",2012,11,7.23833333333333,90,7.73181818181818,6.76630434782609,6.80882352941176,7.34210526315789,7.21056338028169,44,46,17,19,71,7922,4770,3152,840,1990,5932,7.35257966422621,7.64479958071279,6.91035599619289,6.88778452380952,7.40850753768844,7.33381761631828,138
"140",2012,12,7.03453608247423,97,7.2375,6.75731707317073,7.05,7.5,6.96882352941176,56,41,10,12,85,8019,4826,3193,850,2002,6017,7.34873252275845,7.64007335267302,6.90839088631381,6.88969294117647,7.40905594405594,7.32866147581852,139
"141",2013,1,7.05626262626263,99,7.37,6.55263157894737,6.72466666666667,6.89041666666667,7.10933333333333,61,38,15,24,75,8118,4887,3231,865,2026,6092,7.34516581670362,7.63670227133211,6.90420677808728,6.88683121387283,7.40291214215202,7.3259612770847,140
"142",2013,2,7.3875,88,7.89565217391304,6.83095238095238,6.4,8.10625,7.22777777777778,46,42,13,16,72,8206,4933,3273,878,2042,6164,7.34561980258347,7.63911696736266,6.9032667583257,6.87962300683371,7.40842311459353,7.32481442245296,141
"143",2013,3,7.24067777777778,90,7.58269642857143,6.67735294117647,6.76923076923077,7.74405,7.09685714285714,56,34,13,20,70,8296,4989,3307,891,2062,6234,7.34448132835101,7.63848366406094,6.90094408829755,6.87801234567901,7.41167846750727,7.32225474815528,142
"144",2013,4,7.23953125,64,7.50081081081081,6.88148148148148,7.20833333333333,7.72222222222222,7.16054545454545,37,27,12,9,55,8360,5026,3334,903,2071,6289,7.34367788277512,7.637470155193,6.90078647270546,6.88240199335548,7.4130280057943,7.32084053108603,143
"145",2013,5,7.25128205128205,78,7.32647058823529,7.19318181818182,7.38888888888889,6.9,7.33492063492063,34,44,9,15,63,8438,5060,3378,912,2086,6352,7.34282378525717,7.63538043478261,6.9045950562463,6.88740021929824,7.40933892617449,7.32098017947103,144
"146",2013,6,7.10606060606061,66,7.21785714285714,7.02368421052632,6.58333333333333,7.22307692307692,7.07735849056604,28,38,12,13,53,8504,5088,3416,924,2099,6405,7.34098625352775,7.63308274371069,6.90591981850117,6.8834512987013,7.40818532634588,7.31896426229508,145
"147",2013,7,7.30492957746479,71,7.69354838709677,7.00375,6.95909090909091,7.39375,7.27909090909091,31,40,11,16,55,8575,5119,3456,935,2115,6460,7.34068770845481,7.63344891580387,6.90705211226852,6.88434117647059,7.40807612293144,7.31862478328174,146
"148",2013,8,7.51866666666667,75,7.76122448979592,7.06153846153846,6.725,7.87857142857143,7.43606557377049,49,26,8,14,61,8650,5168,3482,943,2129,6521,7.34223087861272,7.63466041021672,6.90820565766801,6.88298939554613,7.41117003287928,7.31972337064868,147
"149",2013,9,7.16197183098592,71,7.35161290322581,7.015,7.15,6.88461538461539,7.22413793103448,31,40,10,13,58,8721,5199,3522,953,2142,6579,7.34076334135993,7.63297268705521,6.90941854060193,6.88579118572927,7.40797432306256,7.31888069615443,148
"150",2013,10,7.056,75,7.4175,6.64285714285714,6.31875,7.40833333333333,6.98888888888889,40,35,8,12,63,8796,5239,3557,961,2154,6642,7.33833527739882,7.63132754342432,6.90679564239528,6.88107075962539,7.40797632311977,7.31575069256248,149
"151",2013,11,7.11538461538461,78,7.73488372093023,6.35428571428571,6.64285714285714,7.625,6.98387096774194,43,35,7,16,62,8874,5282,3592,968,2170,6704,7.33637560288483,7.63217057932601,6.9014120545657,6.87934814049587,7.40957649769585,7.31268139916468,150
"152",2013,12,7.23582089552239,67,7.70625,6.53888888888889,6.42857142857143,6.885,7.29736842105263,40,27,7,10,57,8941,5322,3619,975,2180,6761,7.33562208925176,7.63272735813604,6.8987074053606,6.87611179487179,7.40717018348624,7.31255229995563,151
"153",2014,1,7.34411764705882,102,7.7719298245614,6.80222222222222,7,7.17857142857143,7.37045454545455,57,45,11,14,88,9043,5379,3664,986,2194,6849,7.33571791440893,7.63420245398773,6.89752240720524,6.8774939148073,7.40571148587055,7.31329626222806,152
"154",2014,2,7.44158536585366,82,7.67272727272727,7.17394736842105,6.85333333333333,7.33125,7.46833333333333,44,38,15,16,66,9125,5423,3702,1001,2210,6915,7.33666927123288,7.63451502858197,6.90035983252296,6.87713186813187,7.40517239819004,7.31477600867679,153
"155",2014,3,7.26231884057971,69,7.52972972972973,6.953125,6.89285714285714,7.02941176470588,7.33846153846154,37,32,14,17,52,9194,5460,3734,1015,2227,6967,7.33611127909506,7.63380494505495,6.90081202463846,6.8773487684729,7.40230399640772,7.31495279173245,154
"156",2014,4,6.8825,60,7.05,6.69107142857143,7.14285714285714,7.11,6.837,32,28,7,10,50,9254,5492,3762,1022,2237,7017,7.33317020747785,7.63040331391114,6.8992509569378,6.87916731898239,7.40099731783639,7.31154711415135,155
"157",2014,5,7.55069444444444,72,7.81046511627907,7.16551724137931,6.9375,7.34444444444444,7.58015873015873,43,29,8,9,63,9326,5535,3791,1030,2246,7080,7.33484957109157,7.63180216802168,6.90128781324189,6.87962038834951,7.40077070347284,7.31393730225989,156
"158",2014,6,7.50980392156863,51,7.73235294117647,7.06470588235294,6.33333333333333,7.70833333333333,7.44871794871795,34,17,3,12,39,9377,5569,3808,1033,2258,7119,7.33580111976112,7.63241605315137,6.90201735819328,6.87803388189738,7.40240522586359,7.31467567074027,157
"159",2014,7,7.39710144927536,69,7.50714285714286,7.22592592592593,7.15,7.36923076923077,7.40357142857143,42,27,12,13,56,9446,5611,3835,1045,2271,7175,7.33624889900487,7.63147834610586,6.90429780964798,6.88115693779904,7.40221532364597,7.3153694912892,158
"160",2014,8,7.52452830188679,53,7.78076923076923,7.27777777777778,7.5,8.625,7.32888888888889,26,27,6,8,45,9499,5637,3862,1051,2279,7220,7.33729941046426,7.63216693276566,6.9069088814086,6.88468981921979,7.40650767880649,7.31545375346261,159
"161",2014,9,7.225,64,7.796875,6.653125,7.73333333333333,7.5,7.18571428571429,32,32,3,8,56,9563,5669,3894,1054,2287,7276,7.33654785109275,7.63309666607867,6.90482334360555,6.88710531309298,7.40683471797114,7.31445520890599,160
"162",2014,10,7.07602564102564,78,7.34511111111111,6.70909090909091,6.47142857142857,7.458125,6.97741935483871,45,33,7,16,62,9641,5714,3927,1061,2303,7338,7.3344401099471,7.63082866643332,6.90317853323147,6.88436286522149,7.40719105514546,7.31160753611338,161
"163",2014,11,7.17616279069767,86,7.64081632653061,6.56081081081081,6.5,7.52142857142857,7.10902777777778,49,37,8,14,72,9727,5763,3964,1069,2317,7410,7.33304072170247,7.63091358667361,6.89998287083754,6.88148643592142,7.40788131204143,7.30963914979757,162
"164",2014,12,7.31882352941176,68,7.81842105263158,6.686,7.23076923076923,7.08333333333333,7.36928571428571,38,30,13,12,56,9795,5801,3994,1082,2329,7466,7.33294202143951,7.63214187209102,6.89837558838257,6.88568299445471,7.40620910261915,7.3100865389767,163
"165",2015,1,7.41082474226804,97,7.80163934426229,6.74861111111111,6.84285714285714,7.64411764705882,7.36125,61,36,7,17,80,9892,5862,4030,1089,2346,7546,7.33370573190457,7.63390566359604,6.89703774193548,6.88540771349862,7.40793307757886,7.31062895573814,164
"166",2015,2,7.44157894736842,76,7.915,6.91555555555556,7.21111111111111,7.68823529411765,7.37050847457627,40,36,9,17,59,9968,5902,4066,1098,2363,7605,7.33452820024077,7.63581074212132,6.89720169699951,6.88807741347905,7.40994964028777,7.31109350427351,165
"167",2015,3,7.30316455696203,79,7.72674418604651,6.79722222222222,6.12666666666667,7.46153846153846,7.2719696969697,43,36,15,13,66,10047,5945,4102,1113,2376,7671,7.33428158654324,7.63646846089151,6.89632425646026,6.8778158131177,7.4102319023569,7.31075688958415,166
"168",2015,4,7.35616438356164,73,7.68604651162791,6.88333333333333,6.59090909090909,7.32352941176471,7.36607142857143,43,30,11,17,56,10120,5988,4132,1124,2393,7727,7.33443943675889,7.63682448229793,6.89622993707648,6.87500800711744,7.40961596322607,7.31115777145076,167
"169",2015,5,7.356875,80,7.74081632653061,6.75,7.3,7.28333333333333,7.36985294117647,49,31,8,12,68,10200,6037,4163,1132,2405,7795,7.33461540196078,7.6376685439788,6.89514102810473,6.87801148409894,7.40898586278586,7.31166980115459,168
"170",2015,6,7.26642857142857,70,7.71857142857143,6.81428571428571,6.9,6.855,7.335,35,35,10,10,60,10270,6072,4198,1142,2415,7855,7.33415064264849,7.63813488142293,6.89446691281563,6.87820402802101,7.40669192546584,7.31184800763845,169
"171",2015,7,7.36567164179105,67,7.75142857142857,6.94375,6.81666666666667,7.63636363636364,7.3125,35,32,12,11,56,10337,6107,4230,1154,2426,7911,7.33435494824417,7.63878418208613,6.89483973995272,6.87756412478336,7.40773330585326,7.3118526229301,170
"172",2015,8,7.01891891891892,74,7.47777777777778,6.58421052631579,6.75,7.23,6.9859375,36,38,14,10,64,10411,6143,4268,1168,2436,7975,7.33211287100182,7.63784063161322,6.89207406279288,6.87603510273972,7.40700369458128,7.30923712852665,171
"173",2015,9,7.14256756756757,74,7.3,6.9359375,7.0625,7.28,7.12109375,42,32,12,10,64,10485,6185,4300,1180,2446,8039,7.33077511683357,7.63554648342765,6.89240048837209,6.8779313559322,7.40648446443172,7.30773928349297,172
"174",2015,10,7.22215909090909,88,7.64659090909091,6.79772727272727,6.84545454545455,6.88235294117647,7.30352112676056,44,44,11,17,71,10573,6229,4344,1191,2463,8110,7.3298710961884,7.63562449831434,6.89144155156538,6.87763140218304,7.40286682907024,7.30770235511714,173
"175",2015,11,7.11650943396226,106,7.425,6.79615384615385,6.54166666666667,7.09615384615385,7.11935483870968,54,52,12,13,93,10679,6283,4396,1203,2476,8203,7.32775326341417,7.63381426070349,6.89031439945405,6.87428013300083,7.40125646203554,7.30556699987809,174
"176",2015,12,7.4125,100,7.66727272727273,7.10111111111111,6.778125,7.22142857142857,7.44360465116279,55,45,16,14,86,10779,6338,4441,1219,2490,8289,7.3285394841822,7.63410460713159,6.89245037153794,6.87301804757998,7.4002453815261,7.30699916757148,175
"177",2016,1,7.1922480620155,129,7.76810344827586,6.72183098591549,6.67857142857143,7,7.22962962962963,58,71,14,21,108,10908,6396,4512,1233,2511,8397,7.32692767693436,7.63531973108193,6.88976553634752,6.8708102189781,7.39689804858622,7.30600406097416,176
"178",2016,2,7.13484848484848,66,7.55625,6.73823529411765,6.16666666666667,6.4375,7.23103448275862,32,34,6,8,58,10974,6428,4546,1239,2519,8455,7.32577247129579,7.63492610454263,6.88863222613286,6.867400322841,7.39385113140135,7.30548978119456,177
"179",2016,3,7.3362962962963,81,7.66710526315789,7.04395348837209,7.45,7.62222222222222,7.30055555555556,38,43,12,9,72,11055,6466,4589,1251,2528,8527,7.32584957937584,7.63511521806372,6.89008762257572,6.87298880895284,7.3946641613924,7.30544811774364,178
"180",2016,4,7.18232323232323,99,7.67254901960784,6.66145833333333,7.44,7.55,7.15,51,48,5,8,91,11154,6517,4637,1256,2536,8618,7.32457567688721,7.63540816326531,6.88772096182877,6.87524601910828,7.39515417981072,7.30380669528893,179
"181",2016,5,7.63176470588235,85,7.71052631578947,7.47142857142857,7.65,7.86666666666667,7.60394736842105,57,28,7,9,76,11239,6574,4665,1263,2545,8694,7.32689893228935,7.6360594767265,6.89122445873526,6.87953998416469,7.39682161100196,7.30643042328043,180
"182",2016,6,7.10422535211268,71,7.22567567567568,6.97205882352941,6.83333333333333,6.73333333333333,7.17966101694915,37,34,6,12,59,11310,6611,4699,1269,2557,8753,7.32550106984969,7.63376266828014,6.89180934241328,6.87932151300236,7.39370786077434,7.30557592825317,181
"183",2016,7,7.25406976744186,86,7.61847826086957,6.835,7.08,7.72916666666667,7.17702702702703,46,40,10,12,74,11396,6657,4739,1279,2569,8827,7.32496201298701,7.63365705272645,6.89132983751846,6.88089053948397,7.39527481510315,7.3044982553529,182
"184",2016,8,7.319,100,7.73461538461538,6.86875,6.80909090909091,7.55,7.29333333333333,52,48,11,10,90,11496,6709,4787,1290,2579,8917,7.32491015135699,7.63443955880161,6.89110342594527,6.88027829457364,7.395874757658,7.3043855668947,183
"185",2016,9,7.23798076923077,104,7.63727272727273,6.78979591836735,6.71176470588235,7.36875,7.21420454545455,55,49,17,16,88,11600,6764,4836,1307,2595,9005,7.32413078448276,7.63446259609698,6.89007694375517,6.87808645753634,7.39570751445086,7.3035042865075,184
"186",2016,10,7.24095744680851,94,7.3015625,7.11166666666667,7.28,7.1,7.26772151898734,64,30,10,15,79,11694,6828,4866,1317,2610,9084,7.32346221139045,7.63134226713533,6.89144309494451,6.88113819286256,7.39400804597701,7.30319309775429,185
"187",2016,11,7.20722222222222,90,7.39489795918367,6.98292682926829,6.98333333333333,7.33333333333333,7.182,49,41,12,15,75,11784,6877,4907,1329,2625,9159,7.32257443143245,7.62965755416606,6.89220747911147,6.88206094808126,7.39366133333333,7.30220068784802,186
"188",2016,12,7.29480519480519,77,7.91555555555556,6.421875,6.27777777777778,7.57142857142857,7.26714285714286,45,32,9,7,70,11861,6922,4939,1338,2632,9229,7.32239415732231,7.63151618029471,6.88916017412432,6.87799626307922,7.39413411854103,7.30193478166649,187
"189",2017,1,7.44964539007092,141,7.73395061728395,7.06583333333333,6.90588235294118,7.28823529411765,7.47177419354839,81,60,17,17,124,12002,7003,4999,1355,2649,9353,7.3238891101483,7.63270098529202,6.89128067613523,6.87834612546125,7.39345451113628,7.30418647492783,188
"190",2017,2,7.28194174757282,103,7.65166666666667,6.76604651162791,6.96428571428571,7.24117647058824,7.29,60,43,14,17,86,12105,7063,5042,1369,2666,9439,7.3235321850475,7.63286209825853,6.89021263387545,6.87922498173849,7.39248349587397,7.3040572200445,189
"191",2017,3,7.56647727272727,88,7.83396226415094,7.16142857142857,6.92333333333333,7.621875,7.55416666666667,53,35,15,16,72,12193,7116,5077,1384,2682,9511,7.32528558189124,7.63435989319843,6.89208235178255,6.87970303468208,7.39385197613721,7.305950594049,190
"192",2017,4,7.35688073394495,109,7.78030303030303,6.70697674418605,6.21111111111111,7.35714285714286,7.35684210526316,66,43,9,14,95,12302,7182,5120,1393,2696,9606,7.32556552593074,7.63570105820106,6.89052775390625,6.87538334529791,7.39366135014837,7.30645389339996,191
"193",2017,5,7.47202127659574,94,7.71918032786885,7.01515151515152,7.27777777777778,7.625,7.43578947368421,61,33,9,18,76,12396,7243,5153,1402,2714,9682,7.32667611326234,7.63640411431727,6.89132584901999,6.87796647646219,7.39519565217391,7.30746912827928,192
"194",2017,6,7.37333333333333,75,7.50555555555556,7.25128205128205,7.55555555555556,7.64166666666667,7.32222222222222,36,39,9,12,63,12471,7279,5192,1411,2726,9745,7.32695670756154,7.63575697211155,6.89402968027735,6.88228844790928,7.39628063096111,7.30756450487429,193
"195",2017,7,7.42471544715447,123,8.02769230769231,6.74896551724138,6.97333333333333,7.42857142857143,7.42422018348624,65,58,15,14,109,12594,7344,5250,1426,2740,9854,7.32791147371764,7.63922589869281,6.89242706666667,6.8832461430575,7.39644562043795,7.30885489141465,194
"196",2017,8,7.45912,125,7.81513888888889,6.97547169811321,6.98421052631579,7.48076923076923,7.45660714285714,72,53,19,13,112,12719,7416,5303,1445,2753,9966,7.32920096705715,7.64093379180151,6.8932570431831,6.88457370242214,7.39684380675626,7.31051536223159,195
"197",2017,9,7.30095238095238,105,7.73787878787879,6.56153846153846,6.76428571428571,6.9,7.39529411764706,66,39,14,20,85,12824,7482,5342,1459,2773,10051,7.32896967404865,7.64178896017108,6.89083528640958,6.88341946538725,7.39326036783267,7.31123232514178,196
"198",2017,10,7.219675,120,7.61882089552239,6.71509433962264,6.46428571428571,6.98125,7.25635576923077,67,53,14,16,104,12944,7549,5395,1473,2789,10155,7.32795643541409,7.64158511061068,6.88910882298425,6.87943584521385,7.39089673718178,7.31067032003939,197
"199",2017,11,7.26193548387097,155,7.59156626506024,6.88194444444444,6.84117647058823,7.57142857142857,7.23120567375887,83,72,17,14,141,13099,7632,5467,1490,2803,10296,7.32717521184823,7.64104114255765,6.88901446862996,6.87899932885906,7.3917984302533,7.30958208041958,198
"200",2017,12,7.41919191919192,99,7.9,6.57777777777778,6.33,7.20909090909091,7.44545454545455,63,36,10,11,88,13198,7695,5503,1500,2814,10384,7.32786544173359,7.64316127355426,6.88697839360349,6.87533933333333,7.3910842217484,7.31073354198767,199
"201",2018,1,7.297,170,7.5759375,6.93513513513513,6.87826086956522,7.68125,7.25707792207792,96,74,23,16,154,13368,7791,5577,1523,2830,10538,7.32747292788749,7.64233294827365,6.88761737493276,6.87538345370978,7.39272473498233,7.309949430632,200
"202",2018,2,7.29162601626016,123,7.63779411764706,6.86363636363636,6.82,7.7,7.23490740740741,68,55,10,15,108,13491,7859,5632,1533,2845,10646,7.32714610481061,7.64229367604021,6.88738318536932,6.87502217873451,7.39434481546573,7.30918815517565,201
"203",2018,3,7.54336416666667,108,7.88411453125,7.04772727272727,7.41666666666667,7.56785714285714,7.53971627659574,64,44,6,14,94,13599,7923,5676,1539,2859,10740,7.32886325685712,7.64424704404897,6.8886261627907,6.8771338531514,7.39519447359216,7.31120581284916,202
"204",2018,4,7.54978640776699,103,7.88796666666667,7.07790697674419,7.03909090909091,7.8125,7.52766315789474,60,43,11,8,95,13702,7983,5719,1550,2867,10835,7.3305239694935,7.64607883377176,6.89004932680539,6.87828322580645,7.39635891175445,7.31310368527919,203
"205",2018,5,7.32019417475728,103,7.78466666666667,6.9598275862069,6.70882352941176,7.6875,7.27175824175824,45,58,17,12,91,13805,8028,5777,1567,2879,10926,7.33044689822528,7.6468556714001,6.89074988748485,6.87644479897894,7.39757242097951,7.31275932912319,204
"206",2018,6,7.44722222222222,90,7.725,7.03055555555556,7.585,7.4875,7.44329268292683,54,36,10,8,82,13895,8082,5813,1577,2887,11008,7.33120326952141,7.6473777938629,6.89161570617581,6.88093785668992,7.39782161413232,7.3137316887718,205
"207",2018,7,7.47872340425532,94,7.77407407407407,7.08,6.36363636363636,7.24375,7.52692307692308,54,40,11,16,78,13989,8136,5853,1588,2903,11086,7.33219454071055,7.64821869837758,6.892903143687,6.87735453400504,7.39697244230107,7.315231682302,206
"208",2018,8,7.4019387755102,98,7.63203389830508,7.05384615384615,6.27777777777778,7.14583333333333,7.43767441860465,59,39,9,12,86,14087,8195,5892,1597,2915,11172,7.33267973521686,7.6481021757169,6.89396844874406,6.87397557921102,7.39593859348199,7.31617422395274,207
"209",2018,9,7.43809523809524,84,7.764,6.95882352941176,6.86,7.29,7.45810810810811,50,34,10,10,74,14171,8245,5926,1607,2925,11246,7.33330459600592,7.64880501273499,6.89434055011812,6.87388861232109,7.39557641025641,7.31710816556998,208
"210",2018,10,7.32157894736842,95,7.58571428571429,6.94230769230769,6.85,6.44444444444444,7.41337209302326,56,39,10,9,86,14266,8301,5965,1617,2934,11332,7.33322651268751,7.64837939163956,6.89465416596815,6.87374087816945,7.3926588275392,7.31783872484998,209
"211",2018,11,7.16699152542373,118,7.36222222222222,6.86141304347826,7.07142857142857,7.31,7.14616504854369,72,46,14,15,103,14384,8373,6011,1631,2949,11435,7.33186279407675,7.64591870655679,6.89439978372983,6.87543776824034,7.39223838589352,7.31629238565807,210
"212",2018,12,7.63576086956522,92,7.93,7.0840625,7,7.05,7.70719512195122,60,32,7,10,82,14476,8433,6043,1638,2959,11517,7.33379417173252,7.64793991817858,6.89540412046996,6.87597008547008,7.39108178438662,7.31907557784145,211
"213",2019,1,7.30648771812081,149,7.60866670588235,6.90515625,6.87409090909091,7.075,7.3423772868217,85,64,22,20,129,14625,8518,6107,1660,2979,11646,7.33351597264957,7.64754801596619,6.89550632061569,6.87594518072289,7.38895971802618,7.31933368538554,212
"214",2019,2,7.25023806122449,98,7.47083333333333,6.90192973684211,6.94285714285714,7.38461538461539,7.22968623529412,60,38,7,13,85,14723,8578,6145,1667,2992,11731,7.33296165387489,7.64631196083003,6.89554604231082,6.87622615476904,7.38894084224599,7.31868412155826,213
"215",2019,3,7.32766990291262,103,7.72547169811321,6.906,6.26666666666667,7.26944444444444,7.34,53,50,9,18,85,14826,8631,6195,1676,3010,11816,7.33292489073249,7.64679805352798,6.89563041646489,6.87295286396181,7.38822624584718,7.31883746022342,214
"216",2019,4,7.37186046511628,86,7.78884615384615,6.73411764705882,6.5,7.425,7.36324324324324,52,34,8,12,74,14912,8683,6229,1684,3022,11890,7.33314943870708,7.64764873891512,6.8947488248515,6.87118111638955,7.38837227001985,7.31911382926829,215
"217",2019,5,7.34675324675325,77,7.84651162790698,6.71470588235294,6.6,7.42857142857143,7.33857142857143,43,34,5,7,70,14989,8726,6263,1689,3029,11960,7.33321932283674,7.64862869585148,6.89377142423758,6.870378330373,7.38846517002311,7.31922771153846,216
"218",2019,6,7.17819277108434,83,7.50886363636364,6.8051282051282,5.75,7,7.20830985915493,44,39,4,12,71,15072,8770,6302,1693,3041,12031,7.33236560708598,7.64792748004561,6.89322285464932,6.86773124630833,7.38693225912529,7.31857313855872,217
"219",2019,7,7.38031914893617,94,7.57916666666667,7.02941176470588,6.33333333333333,7.45769230769231,7.3679012345679,60,34,6,13,81,15166,8830,6336,1699,3054,12112,7.33266282671765,7.64746024915062,6.89395366635101,6.86584402589759,7.3872334643091,7.31890302427345,218
"220",2019,8,7.25743801652893,121,7.36111111111111,7.10510204081633,6.52083333333333,7.625,7.23141592920354,72,49,12,8,113,15287,8902,6385,1711,3062,12225,7.33206740563877,7.64514423725006,6.89557406891151,6.86342431326709,7.38785467015023,7.31809435010225,219
"221",2019,9,7.2861320754717,106,7.71166666666667,6.73108695652174,6.49285714285714,7.665,7.23776595744681,60,46,14,12,94,15393,8962,6431,1725,3074,12319,7.33175108360943,7.6455896005356,6.89439751671591,6.8604168115942,7.3889365647365,7.31748140514652,220
"222",2019,10,7.16584905660377,106,7.56787878787879,6.5025,6.04545454545455,6.45,7.24041666666667,66,40,11,10,96,15499,9028,6471,1736,3084,12415,7.33061645460997,7.64502148870182,6.8919750316798,6.85525288018433,7.3858920233463,7.31688549577124,221
"223",2019,11,7.36264516129032,124,7.73131707317073,6.64285714285714,6.07142857142857,7.33223529411765,7.36747663551402,82,42,14,17,107,15623,9110,6513,1750,3101,12522,7.33087066696537,7.64579824368825,6.89036855980347,6.84898228571428,7.38559787165431,7.31731779508066,222
"224",2019,12,7.28925619834711,121,7.6538961038961,6.65113636363636,6.64285714285714,7.51666666666667,7.26422018348624,77,44,14,12,109,15744,9187,6557,1764,3113,12631,7.33055084032012,7.64586611516273,6.88876321946012,6.84734637188209,7.38610311596531,7.31685958593936,223
"225",2020,1,7.32779277027027,148,7.56491865853659,7.03318181818182,7.485,7.47368421052632,7.30630488372093,82,66,10,19,129,15892,9269,6623,1774,3132,12760,7.33052515479486,7.64514999784227,6.89020239015552,6.85094081172491,7.38663441890166,7.31675288087774,224
"226",2020,2,7.21,110,7.44264705882353,6.83333333333333,6.33846153846154,7.28333333333333,7.20102040816327,68,42,13,12,98,16002,9337,6665,1787,3144,12858,7.32969664791901,7.64367519867195,6.88984402550638,6.84721264689423,7.38624013994911,7.31587080105771,225
"227",2020,3,7.40258426966292,89,7.47509803921569,7.30526315789474,7.41111111111111,7.57142857142857,7.37106666666667,51,38,9,14,75,16091,9388,6703,1796,3158,12933,7.33009979243055,7.64275940881977,6.89219907951663,6.85003841870824,7.38706111462951,7.31619088842496,226
"228",2020,4,7.35082927835052,97,7.51891176470588,6.95670482758621,6.9375,7.66666666666667,7.30624047058823,68,29,8,12,85,16188,9456,6732,1804,3170,13018,7.33022400543612,7.64186879547377,6.89247695632799,6.85042627494457,7.38811955835962,7.31612591795975,227
"229",2020,5,7.08717647058824,85,7.44063829787234,6.65,7.14444444444444,7.0625,7.08974025974026,47,38,9,8,77,16273,9503,6770,1813,3178,13095,7.32895447674061,7.64087354835315,6.89111593353028,6.85188582460011,7.38729987413468,7.31479474608629,228
"230",2020,6,7.55364583333333,96,7.76693548387097,7.16470588235294,6.6,7.81666666666667,7.53611111111111,62,34,10,6,90,16369,9565,6804,1823,3184,13185,7.33027223410104,7.64169067746994,6.89248307907113,6.85050411409764,7.38810898241206,7.31630543799773,229
"231",2020,7,7.29948979591837,98,7.74051724137931,6.66,6.66,6.54375,7.4469512195122,58,40,15,16,82,16467,9623,6844,1838,3200,13267,7.33008903868342,7.64228632754858,6.89112432349503,6.84894940152339,7.3838871875,7.31711292681088,230
"232",2020,8,7.40090909090909,99,7.79642857142857,6.88581395348837,6.64090909090909,7.8,7.35606741573034,56,43,11,10,89,16566,9679,6887,1849,3210,13356,7.33051226608716,7.64317815166856,6.89109116741687,6.84771173607355,7.38518348909658,7.31737250673854,231
"233",2020,9,7.38988764044944,89,7.67636363636364,6.92647058823529,6.4,7.41538461538462,7.38552631578947,55,34,8,13,76,16655,9734,6921,1857,3223,13432,7.33082955268688,7.64336565954387,6.89126497182488,6.84578298330641,7.38530530561589,7.31775812983919,232
"234",2020,10,7.33476186813187,91,7.61228388888889,6.92972972972973,6.96363636363636,7.57916666666667,7.29763708860759,54,37,11,12,79,16746,9788,6958,1868,3235,13511,7.33085092141407,7.64319418267266,6.89146951279103,6.84647698072805,7.38602442040186,7.31764048034935,233
"235",2020,11,7.20398230088496,113,7.5,6.66375,6.36363636363636,7.14,7.21019417475728,73,40,11,10,103,16859,9861,6998,1879,3245,13614,7.3300005652767,7.64213413041274,6.89016788653901,6.84365034592868,7.38526625577812,7.31682756941384,234
"236",2020,12,7.16416666666667,96,7.41967213114754,6.71885714285714,6.25714285714286,6.67454545454545,7.22752941176471,61,35,7,11,85,16955,9922,7033,1886,3256,13699,7.32906160601592,7.64076644426527,6.88931535191241,6.84147348886532,7.38286517199017,7.31627348930579,235
"237",2021,1,7.31813953488372,129,7.44758620689655,7.05,6.64,7.77333333333333,7.25824561403509,87,42,10,15,114,17084,10009,7075,1896,3271,13813,7.32897913427768,7.6390872874413,6.89026923957597,6.8404108649789,7.38465576276368,7.31579457974372,236
"238",2021,2,7.28382352941177,102,7.5484126984127,6.85641025641026,7.16666666666667,7.6,7.25322580645161,63,39,9,9,93,17186,10072,7114,1905,3280,13906,7.32871113289887,7.63852012112788,6.89008361962328,6.84195223097113,7.38524664634147,7.31537613476197,237
"239",2021,3,7.37534653465347,101,7.60903225806452,7.00384615384615,6.90416666666667,7.1875,7.39150537634409,62,39,12,8,93,17287,10134,7153,1917,3288,13999,7.32898360212876,7.63833971383462,6.89070388228715,6.84234167970788,7.38476551094891,7.31588188656333,238
"240",2021,4,7.28793103448276,87,7.52333333333333,6.76481481481482,6.5,6.68333333333333,7.33271604938272,60,27,6,6,81,17374,10194,7180,1923,3294,14080,7.32877803211695,7.63766280753384,6.89023048328691,6.84127353094124,7.38348785670917,7.31597873082386,239
"241",2021,5,7.36296296296296,81,7.65510204081633,6.915625,5.8,7.79,7.30281690140845,49,32,5,10,71,17455,10243,7212,1928,3304,14151,7.32893666743053,7.63774623254906,6.89034316001109,6.83857313278008,7.38471822033899,7.31591269380256,240
"242",2021,6,7.07536231884058,69,7.58461538461538,6.41333333333333,6.35714285714286,6.8,7.096875,39,30,7,5,64,17524,10282,7242,1935,3309,14215,7.32793822928555,7.63754470531025,6.88836714581607,6.8368315245478,7.38383469326081,7.31492652339078,241
"243",2021,7,7.42305555555556,72,7.6295652173913,7.05769230769231,5.91666666666667,7.56,7.41283582089552,46,26,6,5,67,17596,10328,7268,1941,3314,14282,7.32832743407592,7.63750916537568,6.88897287699505,6.83398712004121,7.38410048280024,7.31538583741773,242
"244",2021,8,7.38423913043478,92,7.56052631578947,7.09714285714286,7,7.27777777777778,7.39578313253012,57,35,7,9,83,17688,10385,7303,1948,3323,14365,7.3286182457033,7.63708663071738,6.88997054224292,6.83458367556468,7.38381251880831,7.31585036756004,243
"245",2021,9,7.05819277108434,83,7.33326530612245,6.66176470588235,6.55,7.08076923076923,7.054,49,34,10,13,70,17771,10434,7337,1958,3336,14435,7.32735521523831,7.63565982940387,6.88891302575985,6.8331302349336,7.38263159472422,7.31458057014202,244
"246",2021,10,7.29032608695652,92,7.63389830508475,6.67606060606061,6.30166666666667,7.975,7.187625,59,33,6,12,80,17863,10493,7370,1964,3348,14515,7.32716450372278,7.63564992471171,6.88795995522388,6.8315066191446,7.38475477897252,7.31388084946607,245
"247",2021,11,7.20188679245283,106,7.47619047619048,6.8,7.15,7.48333333333333,7.16595744680851,63,43,8,12,94,17969,10556,7413,1972,3360,14609,7.32642548444543,7.6346982436529,6.88744973290166,6.83279868154158,7.3851068452381,7.31292905263878,246
"248",2021,12,7.215,118,7.29226666666667,7.08023255813954,6,7.46875,7.17519607843137,75,43,6,16,102,18087,10631,7456,1978,3376,14711,7.32569854204677,7.63228244379645,6.88856154372318,6.83027249747219,7.38550325829384,7.31197406906397,247
"249",2022,1,7.31369186046512,172,7.54655,6.99027777777778,6.97222222222222,7.61458333333333,7.26489864864865,100,72,18,24,148,18259,10731,7528,1996,3400,14859,7.3255854389616,7.63148352064113,6.88953438761955,6.83155260521042,7.38712029411765,7.31150518406353,248
"250",2022,2,7.3181862745098,102,7.65038461538462,6.73459459459459,6.55555555555556,7.91923076923077,7.23039325842697,65,37,9,13,89,18361,10796,7565,2005,3413,14948,7.32554433473122,7.63159731937755,6.88877658559154,6.83031371571072,7.38914708467624,7.31102224578539,249
"251",2022,3,7.34284210526316,95,7.80263157894737,6.65315789473684,6.745,7.84529411764706,7.23333333333333,57,38,10,17,78,18456,10853,7603,2015,3430,15026,7.32563337288686,7.63249559200221,6.88759895699066,6.82989032258064,7.39140787172012,7.31061896246506,250
"252",2022,4,7.44585365853659,82,7.63290909090909,7.06481481481481,7.0125,7.67222222222222,7.41794520547945,55,27,8,9,73,18538,10908,7630,2023,3439,15099,7.32616514888337,7.63249767693436,6.88822606422018,6.8306124567474,7.39214277406223,7.3111378587986,251
"253",2022,5,7.25530487804878,82,7.69561224489796,6.60151515151515,6.07142857142857,7.33928571428571,7.23801470588235,49,33,7,14,68,18620,10957,7663,2030,3453,15167,7.3258530896885,7.63277992698731,6.88699137022054,6.82799458128079,7.39192846799884,7.31081001714248,252
"254",2022,6,7.36578947368421,76,7.58854166666667,6.98392857142857,7.125,7.31666666666667,7.37,48,28,4,6,70,18696,11005,7691,2034,3459,15237,7.32601543271288,7.63258697501136,6.88734428162788,6.82857866273353,7.39179791847355,7.31108194067073,253
"255",2022,7,7.26106796116505,103,7.5883606557377,6.78571428571429,6.78571428571429,7.5,7.23537634408602,61,42,7,10,93,18799,11066,7733,2041,3469,15330,7.32565958455237,7.63234318272185,6.88679230182336,6.8284316511514,7.39210982992217,7.31062266992824,254
"256",2022,8,7.47208333333333,96,7.67241379310345,7.16631578947368,7.0625,7.77846153846154,7.42409638554217,58,38,8,13,83,18895,11124,7771,2049,3482,15413,7.32640352103731,7.63255210895361,6.88815916484365,6.82934553440703,7.39355226881103,7.31123373321222,255
"257",2022,9,7.45768292682927,82,7.58214285714286,7.18961538461538,6.36666666666667,7.98333333333333,7.30984375,56,26,6,18,64,18977,11180,7797,2055,3500,15477,7.32697078199926,7.6322996118068,6.88916440554059,6.82799464720195,7.39658542857143,7.31122798539769,256
"258",2022,10,7.53795180722892,83,7.6962962962963,7.24310344827586,7.5,7.955,7.48082191780822,54,29,6,10,73,19060,11234,7826,2061,3510,15550,7.32788953462749,7.63260723339861,6.89047596089957,6.82995099466278,7.39817635327636,7.31202414983923,257
"259",2022,11,7.45135135135135,111,7.72045454545455,7.05666666666667,6.66666666666667,7.86,7.41089108910891,66,45,9,10,101,19171,11300,7871,2070,3520,15651,7.32860437796672,7.63312032389381,6.8914261046881,6.82924106280193,7.39948835227273,7.31266216407897,258
"260",2022,12,7.33779279279279,111,7.51634328358209,7.06590909090909,6.725,8.37083333333333,7.2787619047619,67,44,8,6,105,19282,11367,7915,2078,3526,15756,7.32865727258583,7.63243201020498,6.89239606696147,6.82883974975938,7.40114123652865,7.3124362484133,259
