"","year","month","avg_rating","no_ratings","avg_rating_owned","avg_rating_not_owned","avg_rating_prev_owned","avg_rating_comment","avg_rating_no_comment","no_ratings_owned","no_ratings_not_owned","no_ratings_prev_owned","no_ratings_comment","no_ratings_no_comment","cum_no_ratings","cum_no_ratings_owned","cum_no_ratings_not_owned","cum_no_ratings_prev_owned","cum_no_ratings_comment","cum_no_ratings_no_comment","cum_avg_rating","cum_avg_rating_owned","cum_avg_rating_not_owned","cum_avg_rating_prev_owned","cum_avg_rating_comment","cum_avg_rating_no_comment","month_after_release"
"1",2001,6,7.875,4,7.875,NA,NA,NA,7.875,4,0,0,0,4,4,4,0,0,0,4,7.875,7.875,NA,NA,NA,7.875,1
"2",2001,7,6.5,1,6.5,NA,NA,NA,6.5,1,0,0,0,1,5,5,0,0,0,5,7.6,7.6,NA,NA,NA,7.6,2
"3",2001,8,6.25,4,6.66666666666667,5,NA,NA,6.25,3,1,0,0,4,9,8,1,0,0,9,7,7.25,5,NA,NA,7,3
"4",2001,10,8,3,8,NA,NA,10,7,3,0,0,1,2,12,11,1,0,1,11,7.25,7.45454545454545,5,NA,10,7,5
"5",2001,11,7,4,7.66666666666667,5,NA,NA,7,3,1,0,0,4,16,14,2,0,1,15,7.1875,7.5,5,NA,10,7,6
"6",2001,12,6.5,2,7,6,NA,NA,6.5,1,1,0,0,2,18,15,3,0,1,17,7.11111111111111,7.46666666666667,5.33333333333333,NA,10,6.94117647058824,7
"7",2002,1,7.5,2,7.5,NA,NA,7,8,2,0,0,1,1,20,17,3,0,2,18,7.15,7.47058823529412,5.33333333333333,NA,8.5,7,8
"8",2002,2,8.125,4,8.16666666666667,8,NA,8.75,7.5,3,1,0,2,2,24,20,4,0,4,20,7.3125,7.575,6,NA,8.625,7.05,9
"9",2002,3,9,3,9,NA,NA,NA,9,3,0,0,0,3,27,23,4,0,4,23,7.5,7.76086956521739,6,NA,8.625,7.30434782608696,10
"10",2002,5,7,1,NA,7,NA,NA,7,0,1,0,0,1,28,23,5,0,4,24,7.48214285714286,7.76086956521739,6.2,NA,8.625,7.29166666666667,12
"11",2002,6,7.4,5,7.4,NA,NA,8,7.25,5,0,0,1,4,33,28,5,0,5,28,7.46969696969697,7.69642857142857,6.2,NA,8.5,7.28571428571429,13
"12",2002,7,10,1,10,NA,NA,NA,10,1,0,0,0,1,34,29,5,0,5,29,7.54411764705882,7.77586206896552,6.2,NA,8.5,7.37931034482759,14
"13",2002,8,6.8,5,6.8,NA,NA,6.33333333333333,7.5,5,0,0,3,2,39,34,5,0,8,31,7.44871794871795,7.63235294117647,6.2,NA,7.6875,7.38709677419355,15
"14",2002,9,8.3125,8,8.5,7.75,NA,9.25,8,6,2,0,2,6,47,40,7,0,10,37,7.59574468085106,7.7625,6.64285714285714,NA,8,7.48648648648649,16
"15",2002,10,6.66666666666667,3,7,6.5,7,6,7,1,2,1,1,2,50,41,9,1,11,39,7.54,7.74390243902439,6.61111111111111,7,7.81818181818182,7.46153846153846,17
"16",2002,11,7.8125,8,8.5,6.66666666666667,7,8.25,6.5,5,3,1,6,2,58,46,12,2,17,41,7.57758620689655,7.82608695652174,6.625,7,7.97058823529412,7.41463414634146,18
"17",2002,12,7.71428571428571,7,7.71428571428571,NA,NA,8,7.6,7,0,0,2,5,65,53,12,2,19,46,7.59230769230769,7.81132075471698,6.625,7,7.97368421052632,7.43478260869565,19
"18",2003,1,7.55555555555556,9,8.5,5.66666666666667,7,8.75,6.6,6,3,1,4,5,74,59,15,3,23,51,7.58783783783784,7.88135593220339,6.43333333333333,7,8.10869565217391,7.35294117647059,20
"19",2003,2,7.77777777777778,9,7.5,10,10,8.2,7.25,8,1,1,5,4,83,67,16,4,28,55,7.60843373493976,7.83582089552239,6.65625,7.75,8.125,7.34545454545455,21
"20",2003,3,7,6,7.25,6.5,NA,7.33333333333333,6.66666666666667,4,2,0,3,3,89,71,18,4,31,58,7.56741573033708,7.80281690140845,6.63888888888889,7.75,8.04838709677419,7.31034482758621,22
"21",2003,4,6.83333333333333,6,6.8,7,7,8,6.6,5,1,1,1,5,95,76,19,5,32,63,7.52105263157895,7.73684210526316,6.65789473684211,7.6,8.046875,7.25396825396825,23
"22",2003,5,7.6,15,7.75,7,7,7.2,7.8,12,3,3,5,10,110,88,22,8,37,73,7.53181818181818,7.73863636363636,6.70454545454545,7.375,7.93243243243243,7.32876712328767,24
"23",2003,6,8.09090909090909,11,8.625,6.66666666666667,8,8.14285714285714,8,8,3,2,7,4,121,96,25,10,44,77,7.58264462809917,7.8125,6.7,7.5,7.96590909090909,7.36363636363636,25
"24",2003,7,7.27142857142857,35,7.47916666666667,6.81818181818182,9,7.625,7.16666666666667,24,11,1,8,27,156,120,36,11,52,104,7.51282051282051,7.74583333333333,6.73611111111111,7.63636363636364,7.91346153846154,7.3125,26
"25",2003,8,7.66666666666667,9,7.625,8,8,6.33333333333333,8.33333333333333,8,1,1,3,6,165,128,37,12,55,110,7.52121212121212,7.73828125,6.77027027027027,7.66666666666667,7.82727272727273,7.36818181818182,27
"26",2003,9,7.33333333333333,12,7.66666666666667,6.33333333333333,7,7.66666666666667,7,9,3,1,6,6,177,137,40,13,61,116,7.50847457627119,7.73357664233577,6.7375,7.61538461538461,7.81147540983606,7.34913793103448,28
"27",2003,10,8.07692307692308,13,8.08333333333333,8,NA,9,7.8,12,1,0,3,10,190,149,41,13,64,126,7.54736842105263,7.76174496644295,6.76829268292683,7.61538461538461,7.8671875,7.38492063492064,29
"28",2003,11,7.9,5,7.9,NA,NA,8.5,7,5,0,0,3,2,195,154,41,13,67,128,7.55641025641026,7.76623376623377,6.76829268292683,7.61538461538461,7.8955223880597,7.37890625,30
"29",2003,12,7.08333333333333,12,7.44444444444444,6,NA,7,7.125,9,3,0,4,8,207,163,44,13,71,136,7.52898550724638,7.74846625766871,6.71590909090909,7.61538461538461,7.84507042253521,7.36397058823529,31
"30",2004,1,7.45454545454545,11,7.66666666666667,6.5,NA,6.66666666666667,7.75,9,2,0,3,8,218,172,46,13,74,144,7.52522935779816,7.74418604651163,6.70652173913043,7.61538461538461,7.7972972972973,7.38541666666667,32
"31",2004,2,8.07692307692308,13,8.3,7.33333333333333,NA,8,8.14285714285714,10,3,0,6,7,231,182,49,13,80,151,7.55627705627706,7.77472527472527,6.74489795918367,7.61538461538461,7.8125,7.4205298013245,33
"32",2004,3,6.88888888888889,9,6.875,7,NA,7,6.83333333333333,8,1,0,3,6,240,190,50,13,83,157,7.53125,7.73684210526316,6.75,7.61538461538461,7.78313253012048,7.39808917197452,34
"33",2004,4,7.53846153846154,13,7.72727272727273,6.5,NA,7.61111111111111,7.375,11,2,0,9,4,253,201,52,13,92,161,7.53162055335968,7.7363184079602,6.74038461538461,7.61538461538461,7.76630434782609,7.39751552795031,35
"34",2004,5,7.66666666666667,9,7.71428571428571,7.5,NA,7.5,7.875,7,2,0,5,4,262,208,54,13,97,165,7.53625954198473,7.73557692307692,6.76851851851852,7.61538461538461,7.75257731958763,7.40909090909091,36
"35",2004,6,7.71666666666667,18,8.14615384615385,6.6,6.5,7.825,7.5,13,5,2,12,6,280,221,59,15,109,171,7.54785714285714,7.75972850678733,6.75423728813559,7.46666666666667,7.7605504587156,7.41228070175439,37
"36",2004,7,7.75,16,7.71428571428571,8,10,7.72222222222222,7.78571428571429,14,2,1,9,7,296,235,61,16,118,178,7.55878378378378,7.75702127659575,6.79508196721311,7.625,7.75762711864407,7.42696629213483,38
"37",2004,8,7,10,7.71428571428571,5.33333333333333,8,6.66666666666667,7.5,7,3,1,6,4,306,242,64,17,124,182,7.54052287581699,7.75578512396694,6.7265625,7.64705882352941,7.70483870967742,7.42857142857143,39
"38",2004,9,7,6,7.2,6,NA,7,7,5,1,0,5,1,312,247,65,17,129,183,7.53012820512821,7.74453441295547,6.71538461538462,7.64705882352941,7.67751937984496,7.42622950819672,40
"39",2004,10,7.36083333333333,12,7.92555555555556,5.66666666666667,6.5,5.33333333333333,8.03666666666667,9,3,2,3,9,324,256,68,19,132,192,7.52385802469136,7.7508984375,6.66911764705882,7.52631578947368,7.62424242424242,7.45484375,41
"40",2004,11,7.29166666666667,24,8.30769230769231,6.09090909090909,7.2,8,6.86666666666667,13,11,5,9,15,348,269,79,24,141,207,7.50784482758621,7.77780669144981,6.58860759493671,7.45833333333333,7.64822695035461,7.41222222222222,42
"41",2004,12,7.95238095238095,21,8.08823529411765,7.375,NA,8.1,7.81818181818182,17,4,0,10,11,369,286,83,24,151,218,7.53314363143631,7.79625874125874,6.62650602409639,7.45833333333333,7.67814569536424,7.43270642201835,43
"42",2005,1,7.95263157894737,19,8.23846153846154,7.33333333333333,7,7.38,8.15714285714286,13,6,1,5,14,388,299,89,25,156,232,7.55368556701031,7.81548494983278,6.67415730337079,7.44,7.66858974358974,7.4764224137931,44
"43",2005,2,7.82352941176471,17,8.45833333333333,6.3,6.5,7.73333333333333,8.5,12,5,2,15,2,405,311,94,27,171,234,7.56501234567901,7.84028938906752,6.65425531914894,7.37037037037037,7.67426900584795,7.48517094017094,45
"44",2005,3,7.21052631578947,19,7.8125,6.77272727272727,7,7,7.57142857142857,8,11,1,12,7,424,319,105,28,183,241,7.54912735849057,7.83959247648903,6.66666666666667,7.35714285714286,7.63005464480874,7.48767634854772,46
"45",2005,4,7.85714285714286,7,7.6,8.5,8.5,8,7.83333333333333,5,2,2,1,6,431,324,107,30,184,247,7.55412993039443,7.83589506172839,6.70093457943925,7.43333333333333,7.63206521739131,7.49607287449393,47
"46",2005,5,7.95454545454545,11,8,7.5,NA,8.4,7.58333333333333,10,1,0,5,6,442,334,108,30,189,253,7.56409502262443,7.84080838323353,6.70833333333333,7.43333333333333,7.65238095238095,7.49814229249012,48
"47",2005,6,7.73076923076923,13,8.05,6.66666666666667,7,7.4375,8.2,10,3,1,8,5,455,344,111,31,197,258,7.56885714285714,7.84688953488372,6.70720720720721,7.41935483870968,7.64365482233503,7.51174418604651,49
"48",2005,7,7.875,16,8.1,7.5,7,7.95,7.75,10,6,1,10,6,471,354,117,32,207,264,7.57925690021231,7.8540395480226,6.74786324786325,7.40625,7.65845410628019,7.51715909090909,50
"49",2005,8,7.33235294117647,17,7.62692307692308,6.375,7,7.225,7.48571428571429,13,4,1,10,7,488,367,121,33,217,271,7.57065573770492,7.84599455040872,6.73553719008264,7.39393939393939,7.63847926267281,7.51634686346863,51
"50",2005,9,7.55263157894737,19,7.85,7.22222222222222,7.5,7.70833333333333,7.28571428571429,10,9,2,12,7,507,377,130,35,229,278,7.56998027613412,7.84610079575597,6.76923076923077,7.4,7.64213973799127,7.51053956834533,52
"51",2005,10,7.4,20,7.66666666666667,6.6,6.5,7.55555555555556,7.27272727272727,15,5,2,9,11,527,392,135,37,238,289,7.56352941176471,7.83923469387755,6.76296296296296,7.35135135135135,7.63886554621849,7.50148788927336,53
"52",2005,11,7.23809523809524,21,7.71428571428571,6.28571428571429,6.66666666666667,7,7.71428571428571,14,7,3,14,7,548,406,142,40,252,296,7.55105839416058,7.83492610837438,6.73943661971831,7.3,7.60337301587302,7.50652027027027,54
"53",2005,12,7.5,18,7.6,7,7,8,7.25,15,3,1,6,12,566,421,145,41,258,308,7.54943462897526,7.82655581947743,6.7448275862069,7.29268292682927,7.61259689922481,7.49652597402597,55
"54",2006,1,7.70714285714286,28,7.952,5.66666666666667,NA,7.66666666666667,7.7375,25,3,0,12,16,594,446,148,41,270,324,7.55686868686869,7.83358744394619,6.72297297297297,7.29268292682927,7.615,7.50842592592593,56
"55",2006,2,7.19230769230769,13,7.20833333333333,7,NA,7.5,6.5,12,1,0,9,4,607,458,149,41,279,328,7.54906095551895,7.81720524017467,6.7248322147651,7.29268292682927,7.61129032258065,7.49612804878049,57
"56",2006,3,7.45833333333333,12,7.66666666666667,6.83333333333333,6.83333333333333,7.5,7.4,9,3,3,7,5,619,467,152,44,286,333,7.54730210016155,7.81430406852248,6.72697368421053,7.26136363636364,7.60856643356643,7.49468468468469,58
"57",2006,4,7.52777777777778,18,7.65384615384615,7.2,8,7.8125,7.3,13,5,1,8,10,637,480,157,45,294,343,7.54675039246468,7.80995833333333,6.74203821656051,7.27777777777778,7.6141156462585,7.48900874635569,59
"58",2006,5,7.65714285714286,14,8.32,6,8,7.91428571428571,7.4,10,4,1,7,7,651,490,161,46,301,350,7.54912442396313,7.82036734693878,6.72360248447205,7.29347826086957,7.62109634551495,7.48722857142857,60
"59",2006,6,7.31470588235294,17,7.30454545454545,7.33333333333333,7,8.17857142857143,6.71,11,6,2,7,10,668,501,167,48,308,360,7.54315868263473,7.80904191616766,6.74550898203593,7.28125,7.63376623376623,7.46563888888889,61
"60",2006,7,7.52777777777778,18,7.65384615384615,7.2,8,7,8.05555555555556,13,5,2,9,9,686,514,172,50,317,369,7.54275510204082,7.80511673151751,6.75872093023256,7.31,7.61577287066246,7.480027100271,62
"61",2006,8,7.83333333333333,18,7.92857142857143,7.5,7.5,7.83333333333333,7.83333333333333,14,4,2,9,9,704,528,176,52,326,378,7.55018465909091,7.80839015151515,6.77556818181818,7.31730769230769,7.6217791411043,7.48843915343916,63
"62",2006,9,7.17,10,7.0875,7.5,NA,6.9,7.28571428571429,8,2,0,3,7,714,536,178,52,329,385,7.54485994397759,7.79763059701493,6.78370786516854,7.31730769230769,7.61519756838906,7.48475324675325,64
"63",2006,10,7.16666666666667,21,7.73076923076923,6.25,6,6.75,7.42307692307692,13,8,1,8,13,735,549,186,53,337,398,7.53405442176871,7.79604735883424,6.76075268817204,7.29245283018868,7.5946587537092,7.48273869346734,65
"64",2006,11,7.46666666666667,15,7.875,7,7,7,7.77777777777778,8,7,5,6,9,750,557,193,58,343,407,7.53270666666667,7.79718132854578,6.76943005181347,7.26724137931035,7.58425655976676,7.4892628992629,66
"65",2006,12,7.125,19,7.15625,7.07142857142857,6.33333333333333,7.48611111111111,6.8,12,7,3,9,10,769,569,200,61,352,417,7.522633289987,7.78366432337434,6.78,7.22131147540984,7.58174715909091,7.47273381294964,67
"66",2007,1,7.45833333333333,36,7.74230769230769,6.72,7.16666666666667,7.23125,7.64,26,10,3,16,20,805,595,210,64,368,437,7.51975776397516,7.78185714285714,6.77714285714286,7.21875,7.56650815217391,7.48038901601831,68
"67",2007,2,7.13792434782609,23,7.2,6.99603714285714,7.75,7.19333333333333,7.0340325,16,7,2,15,8,828,611,217,66,383,445,7.50915128019324,7.76662029459902,6.78420396313364,7.23484848484848,7.55189295039164,7.47236462921349,69
"68",2007,3,7.06521739130435,23,7.26315789473684,6.125,8,7.61111111111111,6.71428571428571,19,4,1,9,14,851,630,221,67,392,459,7.49715306698002,7.75143650793651,6.77227266968326,7.24626865671642,7.55325255102041,7.44924239651416,70
"69",2007,4,7.16964285714286,28,7.33695652173913,6.4,NA,7.19642857142857,7.14285714285714,23,5,0,14,14,879,653,226,67,406,473,7.48672043230944,7.73683767228178,6.76403654867257,7.24626865671642,7.54094827586207,7.44017391120508,71
"70",2007,5,7.08333333333333,21,7.51666666666667,6,7,6.52777777777778,7.5,15,6,1,9,12,900,668,232,68,415,485,7.47730806666667,7.73189371257485,6.74427698275862,7.24264705882353,7.51897590361446,7.4416541443299,72
"71",2007,6,6.9695,20,6.96666666666667,6.978,NA,6.7825,7.25,15,5,0,12,8,920,683,237,68,427,493,7.46626876086957,7.7150878477306,6.74920784810127,7.24264705882353,7.49827868852459,7.43854413793104,73
"72",2007,7,7.43333333333333,24,7.68571428571429,5.66666666666667,NA,7.6,7.26666666666667,21,3,0,12,12,944,704,240,68,439,505,7.46543141949153,7.71421164772727,6.73567608333333,7.24264705882353,7.50105922551253,7.43445992079208,74
"73",2007,8,7.34047368421053,19,7.44793333333333,6.9375,6,7.433625,7.27272727272727,15,4,1,8,11,963,719,244,69,447,516,7.46296600207684,7.70865646731572,6.73898467213115,7.22463768115942,7.49985234899329,7.43101213178295,75
"74",2007,9,7.70833333333333,12,7.65,8,8,8,7.3,10,2,2,7,5,975,729,246,71,454,521,7.46598590769231,7.70785185185185,6.74923682926829,7.24647887323944,7.50756387665198,7.42975481765835,76
"75",2007,10,7.66111111111111,18,8.075,6.83333333333333,7,7.33333333333333,7.825,12,6,3,6,12,993,741,252,74,460,533,7.4695229204431,7.7137975708502,6.75123912698413,7.23648648648649,7.50529130434783,7.43865339587242,77
"76",2007,11,7.04166666666667,24,7.45454545454545,6.69230769230769,8,7.23076923076923,6.81818181818182,11,13,3,13,11,1017,752,265,77,473,544,7.45942601769911,7.71000531914893,6.7483481509434,7.26623376623377,7.49774630021142,7.42610709558824,78
"77",2007,12,7.18648648648649,37,7.48,6.575,6.66666666666667,6.99375,7.33333333333333,25,12,3,16,21,1054,777,277,80,489,565,7.44984464895636,7.70260489060489,6.74083848375451,7.24375,7.48125562372188,7.42265886725664,79
"78",2008,1,6.94333333333333,30,7.58125,6.21428571428571,5.75,6.35,7.24,16,14,4,10,20,1084,793,291,84,499,585,7.43582680811808,7.70015636822194,6.71550604810997,7.17261904761905,7.45858517034068,7.41641411965812,80
"79",2008,2,7.06818181818182,22,7.54166666666667,6.5,6.5,7.03846153846154,7.11111111111111,12,10,4,13,9,1106,805,301,88,512,594,7.42851379746835,7.69779378881988,6.70834637873754,7.14204545454545,7.44791796875,7.41178831649832,81
"80",2008,3,7.5,27,7.78333333333333,6.93333333333333,NA,7.76363636363636,7.31875,18,9,0,11,16,1133,823,310,88,523,610,7.4302173521624,7.69966464155528,6.71487825806452,7.14204545454545,7.45455831739962,7.40934796721312,82
"81",2008,4,7.14545363636364,11,7.325,6.66666333333333,8,6.9999975,7.22857142857143,8,3,1,4,7,1144,831,313,89,527,617,7.42747923951049,7.69605776173285,6.7144161341853,7.15168539325843,7.45110814041746,7.4072970178282,83
"82",2008,5,7.71538461538462,13,8,7.075,NA,7.58888888888889,8,9,4,0,9,4,1157,840,317,89,536,621,7.43071413137424,7.69931428571429,6.71896608832808,7.15168539325843,7.45342162313433,7.41111475040258,84
"83",2008,6,7.05769230769231,13,6.875,7.35,7,6.75,7.25,8,5,1,5,8,1170,848,322,90,541,629,7.42656944444444,7.69153773584906,6.7287647515528,7.15,7.44692049907579,7.40906559618442,85
"84",2008,7,6.636,25,7.2,6.11538461538461,6.11538461538461,6.42142857142857,6.90909090909091,12,13,13,14,11,1195,860,335,103,555,640,7.41003033472803,7.68467906976744,6.70496194029851,7.01941747572816,7.42105223423423,7.40047228125,86
"85",2008,8,6.946,25,7.38333333333333,6.54230769230769,6.46875,6.50833333333333,7.35,12,13,8,12,13,1220,872,348,111,567,653,7.40052151639344,7.68053211009174,6.69888577586207,6.97972972972973,7.40173543209877,7.39946747320062,87
"86",2008,9,6.91,30,7.31666666666667,6.63888888888889,6.60714285714286,6.8,7.02,12,18,14,15,15,1250,884,366,125,582,668,7.388749,7.675592760181,6.69593510928962,6.938,7.38622678694158,7.39094649700599,88
"87",2008,10,7.32608695652174,23,7.4,7.1875,7.1,7.45454545454545,7.20833333333333,15,8,5,11,12,1273,899,374,130,593,680,7.38761684996072,7.67099443826474,6.70644986631016,6.94423076923077,7.38749408094435,7.38772391176471,89
"88",2008,11,7.25,20,7.44444444444444,7.09090909090909,6.83333333333333,7.15,7.35,9,11,6,10,10,1293,908,385,136,603,690,7.38548820572312,7.66874889867841,6.71743441558442,6.93933823529412,7.38355553897181,7.3871771884058,90
"89",2008,12,7.05833333333333,24,7.3,6.72,7.55,6.89166666666667,7.225,14,10,4,12,12,1317,922,395,140,615,702,7.37952638572513,7.66314967462039,6.71749936708861,6.95678571428572,7.37395770731707,7.38440492877493,91
"90",2009,1,7.14615384615385,26,7.8,6.1,6.14285714285714,7.22222222222222,7.10588235294118,16,10,7,9,17,1343,938,405,147,624,719,7.37500837676843,7.66548400852878,6.7022524691358,6.91802721088435,7.37176921474359,7.37781955493742,92
"91",2009,2,7.0047619047619,42,7.41428571428571,6.59523809523809,6.2,7.06666666666667,6.97037037037037,21,21,10,15,27,1385,959,426,157,639,746,7.36378068592057,7.65998331595412,6.69697711267606,6.87229299363057,7.36460718309859,7.36307273458445,93
"92",2009,3,7.13947368421053,38,7.532,6.38461538461539,6.4,7.09375,7.17272727272727,25,13,5,16,22,1423,984,439,162,655,768,7.35779075895994,7.65673170731707,6.68772722095672,6.85771604938272,7.35799082442748,7.35762013020834,94
"93",2009,4,7.07894736842105,38,7.58333333333333,6.21428571428571,6.5,7.13571428571429,7.04583333333333,24,14,4,14,24,1461,1008,453,166,669,792,7.35053815879534,7.65498412698413,6.67309547461369,6.84909638554217,7.35333929745889,7.34817204545455,95
"94",2009,5,6.77931034482759,29,7.20833333333333,6.47647058823529,6.875,6.5,6.97647058823529,12,17,8,12,17,1490,1020,470,174,681,809,7.33942030201342,7.64972941176471,6.6659835106383,6.85028735632184,7.33830248164464,7.34036126081582,96
"95",2009,6,6.83870967741935,31,7.29166666666667,6.55263157894737,6.5,6.59090909090909,6.975,12,19,7,11,20,1521,1032,489,181,692,829,7.32921515450361,7.64556589147287,6.66157924335378,6.83674033149171,7.32642195086705,7.33154675512666,97
"96",2009,7,7.05652173913044,23,7.07333333333333,7.025,6,6.52,7.20555555555556,15,8,2,5,18,1544,1047,497,183,697,847,7.32515301165803,7.63736771728749,6.66742907444668,6.8275956284153,7.32063700143472,7.32886925619835,98
"97",2009,8,6.92413793103448,29,7.57142857142857,6.32,6.33333333333333,5.8125,7.34761904761905,14,15,6,8,21,1573,1061,512,189,705,868,7.31775985378258,7.63649764373233,6.65725048828125,6.81190476190476,7.30352339007092,7.32932288018433,99
"98",2009,9,6.92307692307692,26,7.15,6.61363636363636,6.66666666666667,6.5,7.05,15,11,3,6,20,1599,1076,523,192,711,888,7.31134224515322,7.6297156133829,6.65633317399618,6.80963541666667,7.29674260196906,7.32303182432433,100
"99",2009,10,6.9,30,6.90909090909091,6.89473684210526,6.92857142857143,6.68181818181818,7.02631578947368,11,19,7,11,19,1629,1087,542,199,722,907,7.3037668815224,7.62242318307268,6.66469049815498,6.81381909547739,7.28737394736842,7.31681616317531,101
"100",2009,11,7.27073170731707,41,7.71904761904762,6.8,6.75,6.82352941176471,7.5875,21,20,8,17,24,1670,1108,562,207,739,931,7.30295583832335,7.62425451263538,6.66950578291815,6.81135265700483,7.27670364005413,7.32379404940924,102
"101",2009,12,7.03034482758621,29,7.49142857142857,6.6,6.6875,6.615,7.32352941176471,14,15,8,12,17,1699,1122,577,215,751,948,7.29830267804591,7.62259714795009,6.66769887348354,6.80674418604651,7.26613047936085,7.32378930379747,103
"102",2010,1,7.4625,40,7.67307692307692,7.07142857142857,5.8,7.14285714285714,7.53030303030303,26,14,5,7,33,1739,1148,591,220,758,981,7.30207949971247,7.62374041811847,6.67726269035533,6.78386363636364,7.26499207124011,7.33073624872579,104
"103",2010,2,6.97222222222222,18,7.66666666666667,6.625,6.75,6,7.25,6,12,6,4,14,1757,1154,603,226,762,995,7.29870019920318,7.62396360485269,6.67622263681592,6.78296460176991,7.25835169291339,7.32960026130654,105
"104",2010,3,6.94,20,7.14444444444444,6.77272727272727,7,7.46,6.76666666666667,9,11,4,5,15,1777,1163,614,230,767,1010,7.29466305571187,7.62025279449699,6.67795154723127,6.78673913043478,7.2596662190352,7.32123986138614,106
"105",2010,4,7.275,20,7.46153846153846,6.92857142857143,7.5,6.7,7.46666666666667,13,7,3,5,15,1797,1176,621,233,772,1025,7.29444421257651,7.61849829931973,6.68077657004831,6.79592274678112,7.25604143782383,7.32336805853659,107
"106",2010,5,7,16,7.1,6.83333333333333,7,7.5,6.88461538461539,10,6,5,3,13,1813,1186,627,238,775,1038,7.29184569773855,7.61412647554806,6.68223644338118,6.80021008403361,7.25698579354839,7.31787308285164,108
"107",2010,6,6.49230769230769,13,6.6,6.425,4,3.66666666666667,7.34,5,8,1,3,10,1826,1191,635,239,778,1048,7.28615347754655,7.60986901763224,6.67899566929134,6.78849372384937,7.24314137532134,7.31808421755725,109
"108",2010,7,6.640625,16,7.32142857142857,6.11111111111111,5.25,7.32142857142857,6.11111111111111,7,9,4,7,9,1842,1198,644,243,785,1057,7.28054628121607,7.608183639399,6.67105939440994,6.76316872427984,7.24383947770701,7.30780724692526,110
"109",2010,8,7.31538461538462,26,7.81333333333333,6.63636363636364,7.66666666666667,8.13333333333333,6.88235294117647,15,11,3,9,17,1868,1213,655,246,794,1074,7.28103118308351,7.61072052761748,6.67047671755725,6.77418699186992,7.25392190176322,7.30107286778399,111
"110",2010,9,7.21333333333333,15,7.4,7,7.33333333333333,7.5,7.10909090909091,8,7,3,4,11,1883,1221,662,249,798,1085,7.28049190122145,7.60933988533989,6.67396110271903,6.78092369477912,7.25515537593985,7.29912650691244,112
"111",2010,10,6.85714285714286,7,6.75,7,7,6,7.5,4,3,3,3,4,1890,1225,665,252,801,1089,7.27892394179894,7.60653387755102,6.67543195488722,6.78353174603175,7.25045441947566,7.29986433425161,113
"112",2010,11,6.96153846153846,26,7.07142857142857,6.83333333333333,6.16666666666667,7.16666666666667,6.85294117647059,14,12,3,9,17,1916,1239,677,255,810,1106,7.27461704070981,7.60048748991122,6.67823079763663,6.77627450980392,7.24952344444444,7.29299481012658,114
"113",2010,12,7.30024390243902,41,7.5405,7.07142857142857,7.0625,6.93125,7.5364,20,21,8,16,25,1957,1259,698,263,826,1131,7.27515393459376,7.59953455123114,6.69006053008596,6.78498098859316,7.24335834140436,7.2983751193634,115
"114",2011,1,7.27083333333333,24,7.71428571428571,6.65,7.07142857142857,7.91666666666667,7.05555555555556,14,10,7,6,18,1981,1273,708,270,832,1149,7.275101590106,7.6007965435978,6.68949470338983,6.79240740740741,7.24821393028846,7.29457115752829,116
"115",2011,2,7.30555555555556,18,8.05555555555556,6.55555555555556,6.16666666666667,6.64285714285714,7.72727272727273,9,9,6,7,11,1999,1282,717,276,839,1160,7.27537581290645,7.60398907956318,6.68781345885635,6.77880434782609,7.24316327771156,7.29867436206897,117
"116",2011,3,7.009375,16,7.3125,6.70625,6.83,6.6625,7.125,8,8,5,4,12,2015,1290,725,281,843,1172,7.27326364764268,7.60218139534884,6.68801689655172,6.7797153024911,7.24040805456702,7.29689612627987,118
"117",2011,4,7.38333333333333,24,7.56875,7.0125,6,7.23333333333333,7.47333333333333,16,8,3,9,15,2039,1306,733,284,852,1187,7.27455922020598,7.60177182235835,6.69155832196453,6.77147887323944,7.24033332159624,7.29912574557709,119
"118",2011,5,7.13888888888889,18,7.39285714285714,6.25,7,7.38888888888889,6.88888888888889,14,4,1,9,9,2057,1320,737,285,861,1196,7.27337202236266,7.59955606060606,6.6891618046133,6.77228070175439,7.24188616724739,7.29603867892977,120
"119",2011,6,7.51538461538462,13,7.57,7.33333333333333,NA,8,7.37,10,3,0,3,10,2070,1330,740,285,864,1206,7.27489190821256,7.59933383458647,6.69177331081081,6.77228070175439,7.24451850694444,7.29665195688226,121
"120",2011,7,6.58333333333333,18,6.78571428571429,6.45454545454545,5.5,5.83333333333333,6.95833333333333,7,11,2,6,12,2088,1337,751,287,870,1218,7.26893019636015,7.59507404637248,6.68829860186418,6.76341463414634,7.2347861954023,7.29331876847291,122
"121",2011,8,7.34615384615385,13,7.07142857142857,7.66666666666667,7.875,7.125,7.44444444444444,7,6,4,4,9,2101,1344,757,291,874,1227,7.26940801999048,7.59234672619048,6.69605317040951,6.7786941580756,7.23428374141876,7.29442726976365,123
"122",2011,9,7.04166666666667,12,7.08333333333333,7,NA,7.1,7,6,6,0,5,7,2113,1350,763,291,879,1234,7.26811464742073,7.59008444444445,6.69844331585845,6.7786941580756,7.23351989761092,7.29275709886548,124
"123",2011,10,7.34210526315789,19,7.76923076923077,6.41666666666667,7,7.25,7.36666666666667,13,6,1,4,15,2132,1363,769,292,883,1249,7.26877403846154,7.59179310344828,6.69624479843953,6.77945205479452,7.23359455266138,7.29364472377903,125
"124",2011,11,6.99761904761905,21,7.5125,6.31111111111111,6.6,7.46,6.853125,12,9,4,5,16,2153,1375,778,296,888,1265,7.26612923827218,7.59110109090909,6.69178952442159,6.77702702702703,7.23486935810811,7.28807293280633,126
"125",2011,12,7.15384615384615,13,7.14285714285714,7.16666666666667,NA,6.66666666666667,7.3,7,6,0,3,10,2166,1382,784,296,891,1275,7.26545533240997,7.58883068017366,6.69542378826531,6.77702702702703,7.23295621773288,7.28816647843137,127
"126",2012,1,6.63703703703704,27,7.03846153846154,6.26428571428571,6.5,7.15555555555556,6.37777777777778,13,14,6,9,18,2193,1395,798,302,900,1293,7.25771830825353,7.5837017921147,6.68785996240602,6.77152317880795,7.23218221111111,7.27549285382831,128
"127",2012,2,6.95263157894737,19,7.34615384615385,6.1,6.9,6.5125,7.27272727272727,13,6,4,8,11,2212,1408,804,306,908,1304,7.25509776220615,7.58150852272727,6.68347294776119,6.77320261437909,7.22584139867841,7.27546952453988,129
"128",2012,3,7.46153846153846,13,7.28571428571429,7.66666666666667,9,8,7.3,7,6,1,3,10,2225,1415,810,307,911,1314,7.25630393258427,7.58004522968198,6.69075586419753,6.78045602605863,7.22839076838639,7.27565621004566,130
"129",2012,4,6.25,16,6.64285714285714,5.94444444444444,5.75,6.66666666666667,6.15384615384615,7,9,4,3,13,2241,1422,819,311,914,1327,7.24911925479696,7.5754317862166,6.68255463980464,6.76720257234727,7.22654703501094,7.264666360211,131
"130",2012,5,6.33333333333333,9,6.4,6.25,6,6.66666666666667,6.16666666666667,5,4,2,3,6,2250,1427,823,313,917,1333,7.24545611111111,7.57131324456903,6.68045230862698,6.76230031948882,7.2247153653217,7.25972412603151,132
"131",2012,6,6.88461538461539,13,7.4375,6,5.5,8,6.79166666666667,8,5,2,1,12,2263,1435,828,315,918,1345,7.24338323022536,7.57056724738676,6.67634329710145,6.75428571428572,7.22555990196078,7.25554814869889,133
"132",2012,7,6.875,10,6.7,7.05,NA,6,7.25,5,5,0,3,7,2273,1440,833,315,921,1352,7.24176253849538,7.56754444444445,6.67858613445378,6.75428571428572,7.22156785016287,7.25551942307692,134
"133",2012,8,7.52272727272727,11,7.625,7.4,7.5,6.41666666666667,7.9375,6,5,2,3,8,2284,1446,838,317,924,1360,7.24311569614711,7.56778284923928,6.68289051312649,6.7589905362776,7.21895453463203,7.25953107352941,135
"134",2012,9,6.96,10,7.175,6.1,NA,7.5,6.825,8,2,0,2,8,2294,1454,840,317,926,1368,7.24188153879686,7.56562173314993,6.68150267857143,6.7589905362776,7.21956154427646,7.25698995614035,136
"135",2012,10,6.92857142857143,14,7.85714285714286,6,NA,6.125,7.25,7,7,0,4,10,2308,1461,847,317,930,1378,7.2399810441941,7.56701848049281,6.67587042502952,6.7589905362776,7.21485375268817,7.25693923076923,137
"136",2012,11,5.59090909090909,11,6.25,5.21428571428571,6,5,5.8125,4,7,2,3,8,2319,1465,854,319,933,1386,7.23215879689521,7.56342252559727,6.66389022248244,6.75423197492163,7.20773203644159,7.24860191919192,138
"137",2012,12,6.5,14,7.83333333333333,5.5,5.25,6.5,6.5,6,8,4,4,10,2333,1471,862,323,937,1396,7.22776521645949,7.56452345343304,6.65308845707657,6.73560371517028,7.20471076840982,7.24323944126075,139
"138",2013,1,7.09692307692308,13,6.57142857142857,7.71,NA,6.33666666666667,7.325,7,6,0,3,10,2346,1478,868,323,940,1406,7.22704017476556,7.5598200270636,6.66039429723502,6.73560371517028,7.20194041489362,7.24382095305832,140
"139",2013,2,7.06470588235294,17,7.36363636363636,6.51666666666667,6.16666666666667,7.33333333333333,6.91818181818182,11,6,3,6,11,2363,1489,874,326,946,1417,7.22587230215827,7.55837071860309,6.65940760869565,6.73036809815951,7.20277377378436,7.24129305575159,141
"140",2013,3,7.48333333333333,15,7.4375,7.66666666666667,NA,7.95,7.25,12,3,0,5,10,2378,1501,877,326,951,1427,7.22749632043734,7.55740439706862,6.6628531927024,6.73036809815951,7.20670240799159,7.24135407147863,142
"141",2013,4,6.8125,16,7.22222222222222,6.28571428571429,NA,6,6.86666666666667,9,7,0,1,15,2394,1510,884,326,952,1442,7.2247227443609,7.55540662251656,6.65986679864254,6.73036809815951,7.20543486344538,7.23745649098475,143
"142",2013,5,7.27666666666667,15,7.535,6.76,7,5.825,7.80454545454545,10,5,1,4,11,2409,1520,889,327,956,1453,7.22504618098796,7.55527236842105,6.66042997750281,6.73119266055046,7.19965898535565,7.24174966276669,144
"143",2013,6,6.95454545454545,11,6.91666666666667,7,6.33333333333333,6,7.3125,6,5,3,3,8,2420,1526,894,330,959,1461,7.2238166322314,7.55276146788991,6.66232913870246,6.72757575757576,7.19590614181439,7.24213707049966,145
"144",2013,7,6.61,10,6.525,6.95,NA,7,6.35,8,2,0,4,6,2430,1534,896,330,963,1467,7.22129063786008,7.54740156453716,6.66297126116072,6.72757575757576,7.19509240913811,7.23848824812543,146
"145",2013,8,6.19230769230769,13,6.94444444444444,4.5,NA,5.875,6.33333333333333,9,4,0,4,9,2443,1543,900,330,967,1476,7.21581508391322,7.54388464031108,6.65335805555556,6.72757575757576,7.18963184074457,7.23296901084011,147
"146",2013,9,6.972,10,7.03666666666667,6.875,6,8,6.85777777777778,6,4,1,1,9,2453,1549,904,331,968,1485,7.21482113738279,7.54191994835378,6.65433877212389,6.72537764350453,7.19046899793388,7.23069512457913,148
"147",2013,10,6.91666666666667,12,7.375,6.6875,6,6.5,7.05555555555556,4,8,1,3,9,2465,1553,912,332,971,1494,7.21336967545639,7.54149001931745,6.65462966008772,6.72319277108434,7.18833572605561,7.22964006693441,149
"148",2013,11,6.5,14,7.4,6,6.125,7.83333333333333,6.13636363636364,5,9,4,3,11,2479,1558,921,336,974,1505,7.20934096409842,7.54103594351733,6.64823262757872,6.71607142857143,7.19032237166324,7.22164934219269,150
"149",2013,12,6.73333333333333,15,6.88888888888889,6.5,7.33333333333333,7.33333333333333,6.58333333333333,9,6,3,3,12,2494,1567,927,339,977,1517,7.20647804731355,7.53729036375239,6.64727319309601,6.72153392330384,7.19076150460594,7.21660003955175,151
"150",2014,1,7.10227272727273,22,7.5,6.625,7.33333333333333,7.40625,6.92857142857143,12,10,3,8,14,2516,1579,937,342,985,1531,7.20556687201907,7.53700696643445,6.64703548559232,6.72690058479532,7.19251166497462,7.21396620509471,152
"151",2014,2,6.64736842105263,19,6.81111111111111,6.5,5.83333333333333,6.13333333333333,6.88461538461539,9,10,3,6,13,2535,1588,947,345,991,1544,7.20138313609467,7.53289294710327,6.6454828405491,6.71913043478261,7.18609887991927,7.21119317357513,153
"152",2014,3,6.55294117647059,17,6.68461538461538,6.125,6.125,6.5,6.55625,13,4,4,1,16,2552,1601,951,349,992,1560,7.1970635775862,7.52600499687695,6.6432936382755,6.71232091690544,7.18540724798387,7.20447580769231,154
"153",2014,4,6.75,12,6.71428571428571,6.8,7.25,6.33333333333333,6.88888888888889,7,5,2,3,9,2564,1608,956,351,995,1569,7.19497123634945,7.52247139303483,6.64411323221757,6.71538461538462,7.18283818090452,7.20266555768005,155
"154",2014,5,6.55555555555556,9,7.5,5.8,5.33333333333333,5,7,4,5,3,2,7,2573,1612,961,354,997,1576,7.1927346482705,7.52241563275434,6.63972138397503,6.70367231638418,7.17845936810431,7.20176539340102,156
"155",2014,6,6.8125,8,7.25,6.375,NA,8,6.64285714285714,4,4,0,1,7,2581,1616,965,354,998,1583,7.1915560829136,7.52174133663366,6.63862409326425,6.70367231638418,7.17928255511022,7.19929391029691,157
"156",2014,7,6.66666666666667,3,9,5.5,5.5,6.66666666666667,NA,1,2,2,3,0,2584,1617,967,356,1001,1583,7.19094669117647,7.52265553494125,6.63626913133402,6.69691011235955,7.17774624375624,7.19929391029691,158
"157",2014,8,6.79166666666667,6,7.625,6.375,6.5,NA,6.79166666666667,2,4,1,0,6,2590,1619,971,357,1001,1589,7.19002171814672,7.52278196417542,6.63519284243049,6.69635854341737,7.17774624375624,7.19775472624292,159
"158",2014,9,6.77777777777778,9,8.33333333333333,6,6,8,6.625,3,6,3,1,8,2599,1622,977,360,1002,1597,7.18859417083493,7.52428113440197,6.63129196519959,6.69055555555556,7.17856685628742,7.19488557294928,160
"159",2014,10,6.91666666666667,6,8.5,5.33333333333333,4.5,4,7.5,3,3,2,1,5,2605,1625,980,362,1003,1602,7.18796785028791,7.52608246153846,6.62731862244898,6.67845303867403,7.17539779661017,7.19583786516854,161
"160",2014,11,6.7,9,6.75,6.68571428571429,6.9,5.9,6.92857142857143,2,7,2,2,7,2614,1627,987,364,1005,1609,7.18628777735271,7.52512845728334,6.62773277608916,6.67967032967033,7.17285969154229,7.19467511497825,162
"161",2014,12,7.23125,8,8.4,6.84166666666667,6.325,7.43333333333333,7.11,2,6,4,3,5,2622,1629,993,368,1008,1614,7.18642496186117,7.52620257826888,6.62902542799597,6.67581521739131,7.17363491071429,7.19441280049566,163
"162",2015,1,7.32222222222222,9,8,6.475,6.66666666666667,7,7.41428571428571,5,4,3,2,7,2631,1634,997,371,1010,1621,7.18688949068795,7.52765238678091,6.62840747241725,6.67574123989219,7.17329107920792,7.19536228254164,164
"163",2015,2,5.9,10,6.66666666666667,5.57142857142857,6,7,5.42857142857143,3,7,2,3,7,2641,1637,1004,373,1013,1628,7.18201675501704,7.526074526573,6.62103809760956,6.67211796246649,7.17277787759131,7.18776551597052,165
"164",2015,3,6.81818181818182,11,8,6.14285714285714,6.25,7.25,6.72222222222222,4,7,2,2,9,2652,1641,1011,375,1015,1637,7.1805076357466,7.52722973796465,6.61772725024728,6.66986666666667,7.17293003940887,7.1852060232132,166
"165",2015,4,6.81818181818182,11,7,6.33333333333333,8,6.5,6.88888888888889,8,3,1,2,9,2663,1649,1014,376,1017,1646,7.17901098385279,7.5246719223772,6.61688584812623,6.67340425531915,7.17160667649951,7.18358582017011,167
"166",2015,5,6.8125,8,7.375,6.25,6.66666666666667,7.25,6.66666666666667,4,4,3,2,6,2671,1653,1018,379,1019,1652,7.17791323474354,7.52430973986691,6.61544425343812,6.67335092348285,7.17176053974485,7.18170838983051,168
"167",2015,6,6.70909090909091,11,7.56,6,5,7.2,6.3,5,6,2,5,6,2682,1658,1024,381,1024,1658,7.175990398956,7.52441737032569,6.61183813476563,6.66456692913386,7.17189842773438,7.1785176477684,169
"168",2015,7,6.05555555555556,9,5.8,6.375,5.75,8,5.8125,5,4,2,1,8,2691,1663,1028,383,1025,1666,7.17224312523225,7.51923271196632,6.61091658560311,6.65979112271541,7.17270633170732,7.1719581392557,170
"169",2015,8,6.57,10,7.425,6,6,6.94,6.2,4,6,2,5,5,2701,1667,1034,385,1030,1671,7.1700134209552,7.51900659868026,6.60737161508704,6.65636363636364,7.17157668932039,7.16904982645123,171
"170",2015,9,7.71428571428571,7,8.125,7.16666666666667,7.5,7.875,7.5,4,3,1,4,3,2708,1671,1037,386,1034,1674,7.17142032865583,7.52045721125075,6.60898963355834,6.65854922279793,7.17429786266925,7.16964292712067,172
"171",2015,10,7,8,7.5,5.5,4,6.91666666666667,7.25,6,2,1,6,2,2716,1677,1039,387,1040,1676,7.17091540868925,7.52038401908169,6.60685490856593,6.65167958656331,7.17281152884615,7.16973881861575,173
"172",2015,11,6.76666666666667,21,7.27272727272727,6.21,6.51666666666667,6,6.89444444444444,11,10,6,3,18,2737,1688,1049,393,1043,1694,7.16781375593715,7.51877014218009,6.6030717349857,6.64961832061069,7.16943814956855,7.16681361275089,174
"173",2015,12,7.35,12,8.16666666666667,6.53333333333333,6,7.84,7,6,6,1,5,7,2749,1694,1055,394,1048,1701,7.16860903965078,7.52106493506493,6.60267511848341,6.64796954314721,7.17263739503817,7.16612713697825,175
"174",2016,1,7,10,7.5,5.83333333333333,NA,7,7,7,3,0,3,7,2759,1701,1058,394,1051,1708,7.16799791591156,7.52097824808936,6.60049362003781,6.64796954314721,7.17214461465271,7.16544628805621,176
"175",2016,2,7.78571428571429,7,8.2,6.75,NA,NA,7.78571428571429,5,2,0,0,7,2766,1706,1060,394,1051,1715,7.16956118944324,7.52296834701055,6.60077570754717,6.64796954314721,7.17214461465271,7.1679779941691,177
"176",2016,3,7.08333333333333,12,7.64285714285714,6.3,6.5,6.5,7.375,7,5,2,4,8,2778,1713,1065,396,1055,1723,7.1691887149028,7.52345826036194,6.59936361502348,6.64722222222222,7.16959619905213,7.16893921067905,178
"177",2016,4,7.22727272727273,11,7.83333333333333,6.5,6.83333333333333,6.66666666666667,7.4375,6,5,3,3,8,2789,1719,1070,399,1058,1731,7.16941780207959,7.52453984874927,6.59889929906542,6.64862155388471,7.16817012287335,7.17018039283651,179
"178",2016,5,7.11363636363636,11,7.39285714285714,6.625,8.5,8.25,6.86111111111111,7,4,1,2,9,2800,1726,1074,400,1060,1740,7.16919866071428,7.52400579374276,6.59899650837989,6.65325,7.17021131132076,7.16858175862069,180
"179",2016,6,7.25,12,7.54545454545455,4,NA,6.5,8,11,1,0,6,6,2812,1737,1075,400,1066,1746,7.16954347439544,7.52414162348877,6.5965788372093,6.65325,7.16643901500938,7.17143886597938,181
"180",2016,7,6.40909090909091,11,7,6.1875,5.66666666666667,6.16666666666667,6.5,3,8,3,3,8,2823,1740,1083,403,1069,1754,7.1665803223521,7.52323793103448,6.59355701754386,6.64590570719603,7.16363329279701,7.16837643101482,182
"181",2016,8,7.28461538461538,13,7.24545454545455,7.5,7,8,7.07,11,2,1,3,10,2836,1751,1085,404,1072,1764,7.16712138575458,7.52149286122216,6.59522788018433,6.64678217821782,7.16597387126866,7.1678187414966,183
"182",2016,9,6.49411764705882,17,6.57142857142857,6.44,5.5,6.5,6.49285714285714,7,10,2,3,14,2853,1758,1095,406,1075,1778,7.16311119873817,7.51770989761092,6.5938102739726,6.64113300492611,7.16411533953488,7.1625040832396,184
"183",2016,10,7,7,7.75,6,6,7.5,6.8,4,3,1,2,5,2860,1762,1098,407,1077,1783,7.16271197552447,7.51823723041998,6.59218784153006,6.63955773955774,7.16473908077995,7.16148752664049,185
"184",2016,11,7.60909090909091,11,7.95714285714286,7,5,9.1,7.27777777777778,7,4,1,2,9,2871,1769,1102,408,1079,1792,7.16442223963776,7.51997399660825,6.59366810344828,6.63553921568628,7.16832621872104,7.16207157366072,186
"185",2016,12,6.90909090909091,11,7.25,6,5.5,8,6.66666666666667,8,3,2,2,9,2882,1777,1105,410,1081,1801,7.1634476925746,7.51875858187957,6.59205633484163,6.63,7.1698649306198,7.1595959244864,187
"186",2017,1,6.84722222222222,18,7.16666666666667,6.52777777777778,6.66666666666667,7.21428571428571,6.61363636363636,9,9,3,7,11,2900,1786,1114,413,1088,1812,7.1614849137931,7.5169843225084,6.59153702872532,6.63026634382567,7.17015072610294,7.1562816004415,188
"187",2017,2,6,9,5.8,6.25,7,3,6.375,5,4,1,1,8,2909,1791,1118,414,1089,1820,7.15789145754555,7.51219095477387,6.59031507155635,6.63115942028986,7.16632138659321,7.1528473956044,189
"188",2017,3,7.65384615384615,13,8.5,6.66666666666667,6,7.3,7.875,7,6,2,5,8,2922,1798,1124,416,1094,1828,7.16009796372347,7.51603670745273,6.59072264234876,6.628125,7.16693234917733,7.15600780087527,190
"189",2017,4,7.14285714285714,7,7.66666666666667,6.75,6,10,6.66666666666667,3,4,1,1,6,2929,1801,1128,417,1095,1834,7.16005675998634,7.51628761799001,6.59128745567376,6.62661870503597,7.16951962557078,7.15440690294438,191
"190",2017,5,8.65,5,8.65,NA,NA,NA,8.65,5,0,0,0,5,2934,1806,1128,417,1095,1839,7.1625958588957,7.51942635658915,6.59128745567376,6.62661870503597,7.16951962557078,7.15847322457858,192
"191",2017,6,6.5,5,6.5,6.5,NA,NA,6.5,3,2,0,0,5,2939,1809,1130,417,1095,1844,7.16146861177271,7.51773576561636,6.59112588495575,6.62661870503597,7.16951962557078,7.15668777657267,193
"192",2017,7,6.625,8,8,4.33333333333333,NA,6.66666666666667,6.6,5,3,0,3,5,2947,1814,1133,417,1098,1849,7.16001230064472,7.51906504961411,6.58514761694616,6.62661870503597,7.16814571038251,7.155182401298,194
"193",2017,8,7.3,10,7.33333333333333,7,NA,7,7.33333333333333,9,1,0,1,9,2957,1823,1134,417,1099,1858,7.16048571187014,7.51814810751509,6.58551344797178,6.62661870503597,7.16799271155596,7.15604534983854,195
"194",2017,9,7.14285714285714,14,7.2,7,NA,7.66666666666667,7,10,4,0,3,11,2971,1833,1138,417,1102,1869,7.16040264220801,7.51641243862521,6.5869703427065,6.62661870503597,7.1693502631579,7.15512694489032,196
"195",2017,10,7.88888888888889,9,8.75,7.2,7,7,8.33333333333333,4,5,1,3,6,2980,1837,1143,418,1105,1875,7.16260276845637,7.5190985302123,6.58965201224847,6.62751196172249,7.16889048868778,7.15889720533333,197
"196",2017,11,6.5,8,7,5.66666666666667,NA,7.5,6.16666666666667,5,3,0,2,6,2988,1842,1146,418,1107,1881,7.16082873159304,7.5176894679696,6.58723582024433,6.62751196172249,7.16948869918699,7.15573219564062,198
"197",2017,12,7.07142857142857,14,7.45,6.125,5.5,6.6,7.33333333333333,10,4,2,5,9,3002,1852,1150,420,1112,1890,7.16041180879414,7.51732397408207,6.58562804347826,6.62214285714286,7.16692804856115,7.15657791534392,199
"198",2018,1,7.11111111111111,9,7.25,7,9,NA,7.11111111111111,4,5,1,0,9,3011,1856,1155,421,1112,1899,7.16026444702756,7.51674784482759,6.58742186147186,6.62779097387174,7.16692804856115,7.1563624328594,200
"199",2018,2,6.6,10,6.875,5.5,NA,5.5,6.875,8,2,0,2,8,3021,1864,1157,421,1114,1907,7.15840988083416,7.51399356223176,6.58554213483146,6.62779097387174,7.16393535906643,7.1551820975354,201
"200",2018,3,6.95,10,7.83333333333333,5.625,6,6.625,7.16666666666667,6,4,1,4,6,3031,1870,1161,422,1118,1913,7.15772228637413,7.51501818181818,6.58223277347115,6.62630331753555,7.16200714669052,7.15521811813905,202
"201",2018,4,6.875,12,7.25,6.125,7,7,6.8125,8,4,2,4,8,3043,1878,1165,424,1122,1921,7.15660737758791,7.51388924387646,6.58066287553648,6.62806603773585,7.16142958110517,7.15379086933889,203
"202",2018,5,5.66666666666667,9,5.5,5.8,5.5,5,5.75,4,5,1,1,8,3052,1882,1170,425,1123,1929,7.15221371231979,7.50960892667375,6.57732670940171,6.62541176470588,7.15950488869101,7.1479690305858,204
"203",2018,6,8.1,10,9.2,7,NA,10,7.88888888888889,5,5,0,1,9,3062,1887,1175,425,1124,1938,7.15530903004572,7.51408797032327,6.57912531914894,6.62541176470588,7.16203201957295,7.15140983488132,205
"204",2018,7,7.5625,8,7.875,7.25,8,8,7.5,4,4,1,1,7,3070,1891,1179,426,1125,1945,7.15637011400651,7.51485140137493,6.58140139949109,6.62863849765258,7.16277688,7.15266440102828,206
"205",2018,8,7.66666666666667,3,7.5,8,NA,8,7.5,2,1,0,1,2,3073,1893,1180,426,1126,1947,7.1568682883176,7.51483571051241,6.58260360169491,6.62863849765258,7.16352041740675,7.15302119157679,207
"206",2018,9,7.72727272727273,11,7.72727272727273,NA,NA,7.5,8,11,0,0,6,5,3084,1904,1180,426,1132,1952,7.15890280479896,7.51606302521008,6.58260360169491,6.62863849765258,7.16530387809187,7.15519070696721,208
"207",2018,10,6.13333333333333,9,6.75,5.64,7,6,6.2,4,5,2,3,6,3093,1908,1185,428,1135,1958,7.15591860653087,7.5144570230608,6.57862637130802,6.6303738317757,7.16222377973568,7.15226366700715,209
"208",2018,11,7.16666666666667,6,7.66666666666667,6.66666666666667,7,NA,7.16666666666667,3,3,2,0,6,3099,1911,1188,430,1135,1964,7.15593941594062,7.51469597069597,6.57884869528619,6.63209302325582,7.16222377973568,7.15230766802444,210
"209",2018,12,6.9,5,7,6.83333333333333,6,NA,6.9,2,3,2,0,5,3104,1913,1191,432,1135,1969,7.15552714239691,7.51415786722426,6.57948971452561,6.62916666666667,7.16222377973568,7.15166696800406,211
"210",2019,1,7.82,10,8.85714285714286,5.4,NA,8.5,7.74444444444444,7,3,0,1,9,3114,1920,1194,432,1136,1978,7.15766096660244,7.51905416666667,6.57652617252931,6.62916666666667,7.16340139964789,7.1543641354904,212
"211",2019,2,7.2,10,7.21428571428571,7.16666666666667,NA,8,7.11111111111111,7,3,0,1,9,3124,1927,1197,432,1137,1987,7.15779649487836,7.51794706798132,6.5780052213868,6.62916666666667,7.16413719437115,7.15416822345244,213
"212",2019,3,7.6,10,7.4,7.8,7,10,7.33333333333333,5,5,1,1,9,3134,1932,1202,433,1138,1996,7.15920748245054,7.51764182194617,6.58308839434276,6.63002309468822,7.16662916520211,7.15497608216433,214
"213",2019,4,7.09444444444444,9,7.51666666666667,6.25,6.75,10,6.73125,6,3,1,1,8,3143,1938,1205,434,1139,2004,7.1590220330894,7.51763880288958,6.5822591286307,6.63029953917051,7.16911676031607,7.15328456087825,215
"214",2019,5,7.3,5,7.375,7,7,8,6.83333333333333,4,1,1,2,3,3148,1942,1206,435,1141,2007,7.1592459498094,7.51734500514933,6.58260551409618,6.63114942528736,7.17057317265556,7.15280630792227,216
"215",2019,6,7.94222222222222,9,8.06,7,NA,NA,7.94222222222222,8,1,0,0,9,3157,1950,1207,435,1141,2016,7.16147806461831,7.51957128205128,6.58295132560066,6.63114942528736,7.17057317265556,7.15633048611111,217
"216",2019,7,7.28571428571429,7,7.4,7,NA,7,7.4,5,2,0,2,5,3164,1955,1209,435,1143,2021,7.16175292351454,7.51926547314578,6.58364123242349,6.63114942528736,7.17027470691163,7.15693333003464,218
"217",2019,8,6.65,10,7.33333333333333,6.35714285714286,6.125,NA,6.65,3,7,4,0,10,3174,1958,1216,439,1143,2031,7.16014059546314,7.51898059244127,6.58233737664474,6.62653758542141,7.17027470691163,7.15443735105859,219
"218",2019,9,6.9,5,7.75,6.33333333333333,3,10,6.125,2,3,1,1,4,3179,1960,1219,440,1144,2035,7.15973144070462,7.51921632653061,6.58172456931911,6.61829545454546,7.17274824300699,7.15241388697789,220
"219",2019,10,8.66666666666667,3,9.5,7,NA,8.5,9,2,1,0,2,1,3182,1962,1220,440,1146,2036,7.1611521841609,7.52123547400612,6.58206741803279,6.61829545454546,7.17506456369982,7.15332134577603,221
"220",2019,11,7.85714285714286,7,7.375,8.5,8.75,7.33333333333333,8.25,4,3,2,3,4,3189,1966,1223,442,1149,2040,7.16267991533396,7.52093794506612,6.58677207686018,6.62794117647059,7.17547779808529,7.15547169607843,222
"221",2019,12,6.92916666666667,12,7.66428571428571,5.9,6,4.5,7.415,7,5,1,2,10,3201,1973,1228,443,1151,2050,7.16180451421431,7.52144652812975,6.58397577361563,6.6265237020316,7.17082883579496,7.15673768780488,223
"222",2020,1,8.09090909090909,11,8.25,7.66666666666667,8,8.33333333333333,8,8,3,2,3,8,3212,1981,1231,445,1154,2058,7.16498637920299,7.52438869257951,6.58661433793664,6.63269662921349,7.17385094454073,7.16001567541302,224
"223",2020,2,7.63636363636364,11,8.16666666666667,7,6.75,7.4,7.83333333333333,6,5,4,5,6,3223,1987,1236,449,1159,2064,7.16659517530251,7.52632813286361,6.58828661003236,6.63374164810691,7.17482656600518,7.16197299418605,225
"224",2020,3,6.7,5,7,6.5,7.5,7.16666666666667,6,2,3,1,3,2,3228,1989,1239,450,1162,2066,7.16587244423792,7.52579889391654,6.58807284100081,6.63566666666667,7.17480549913941,7.16084814133592,226
"225",2020,4,5.4,5,5.66666666666667,5,7,4.5,6,3,2,1,2,3,3233,1992,1241,451,1164,2069,7.1631414321064,7.52299899598394,6.58551349717969,6.63647450110865,7.17020961340206,7.15916493958434,227
"226",2020,5,6.3125,8,7.66666666666667,5.5,5.5,7,6.21428571428571,3,5,2,1,7,3241,1995,1246,453,1165,2076,7.16104173094724,7.52321503759399,6.58115750401284,6.63145695364239,7.17006351072961,7.15597893063584,228
"227",2020,6,7.56666666666667,6,7.56666666666667,NA,NA,NA,7.56666666666667,6,0,0,0,6,3247,2001,1246,453,1165,2082,7.16179126886357,7.52334532733633,6.58115750401284,6.63145695364239,7.17006351072961,7.15716246878002,229
"228",2020,7,6.83333333333333,9,6.83333333333333,6.83333333333333,8,7,6.8125,6,3,1,1,8,3256,2007,1249,454,1166,2090,7.16088336916462,7.52128251121076,6.58176321056845,6.63447136563877,7.16991765866209,7.15584318660287,230
"229",2020,8,8.2,5,8.5,8,NA,8.5,8,2,3,0,2,3,3261,2009,1252,454,1168,2093,7.16247661760196,7.5222568442011,6.58516154153355,6.63447136563877,7.17219519691781,7.1570531581462,231
"230",2020,9,6.48,10,7.25714285714286,4.66666666666667,3,7.6,6,7,3,1,3,7,3271,2016,1255,455,1171,2100,7.16039017120147,7.52133630952381,6.58057549800797,6.62648351648352,7.17329119555935,7.15319631428572,232
"231",2020,10,7,9,7,7,6,7,7,6,3,1,2,7,3280,2022,1258,456,1173,2107,7.15995007621951,7.51978931750742,6.5815757154213,6.62510964912281,7.17299572890025,7.15268735643095,233
"232",2020,11,6.76666666666667,15,7.14285714285714,6.4375,6,NA,6.76666666666667,7,8,1,0,15,3295,2029,1266,457,1173,2122,7.15815971168437,7.51848891079349,6.58066528436019,6.62374179431072,7.17299572890025,7.14995865221489,234
"233",2020,12,6.5,7,6.83333333333333,6.25,5.5,6.5,6.5,3,4,2,1,6,3302,2032,1270,459,1174,2128,7.15676446093277,7.51747736220472,6.57962381889764,6.61884531590414,7.17242247870528,7.14812606203008,235
"234",2021,1,8.05,10,8.35714285714286,7.33333333333333,NA,8.5,7.9375,7,3,0,2,8,3312,2039,1273,459,1176,2136,7.1594614281401,7.52035998038254,6.5814000392773,6.61884531590414,7.17468026360544,7.15108251872659,236
"235",2021,2,7.31818181818182,11,7.9,6.83333333333333,6.5,7.16666666666667,7.375,5,6,2,3,8,3323,2044,1279,461,1179,2144,7.15998683418598,7.52128864970646,6.58258189992181,6.61832971800434,7.17465987277353,7.15191803171642,237
"236",2021,3,7.1,5,7.83333333333333,6,4,7,7.125,3,2,1,1,4,3328,2047,1281,462,1180,2148,7.15989670973558,7.52174596971177,6.58167232630757,6.61266233766234,7.1745118559322,7.15186790502793,238
"237",2021,4,5.63636363636364,11,7.33333333333333,3.6,5,6.66666666666667,5.25,6,5,2,3,8,3339,2053,1286,464,1183,2156,7.15487758310871,7.52119532391622,6.57007951010886,6.60571120689655,7.17322399830938,7.1448108812616,239
"238",2021,5,6.35,6,6.775,5.5,NA,7.5,6.12,4,2,0,1,5,3345,2057,1288,464,1184,2161,7.15343385650224,7.51974428779776,6.56841789596273,6.60571120689655,7.17349999155405,7.14243973160574,240
"239",2021,6,6.8,5,6.8,NA,NA,NA,6.8,5,0,0,0,5,3350,2062,1288,464,1184,2166,7.15290634328358,7.5179990300679,6.56841789596273,6.60571120689655,7.17349999155405,7.14164924284395,241
"240",2021,7,7.25625,16,7.62307692307692,5.66666666666667,6,7.25,7.2625,13,3,1,8,8,3366,2075,1291,465,1192,2174,7.15339757872846,7.51865734939759,6.56632242447715,6.60440860215054,7.17401341442953,7.14209395584177,242
"241",2021,8,7.92857142857143,7,7.92857142857143,NA,NA,8.5,7.7,7,0,0,2,5,3373,2082,1291,465,1194,2179,7.15500630002964,7.52003554274736,6.56632242447715,6.60440860215054,7.17623449748744,7.1433741441028,243
"242",2021,9,7.13333333333333,9,7.53333333333333,6.33333333333333,6,6,7.275,6,3,1,1,8,3382,2088,1294,466,1195,2187,7.15494862507392,7.52007375478927,6.56578226429675,6.60311158798283,7.17525020083682,7.14385562871514,244
"243",2021,10,6.32727272727273,11,7.43333333333333,5,3.5,5.33333333333333,6.7,6,5,2,3,8,3393,2094,1299,468,1198,2195,7.1522653256705,7.51982521489971,6.55975538876058,6.58985042735043,7.170637721202,7.14223793166287,245
"244",2021,11,5.66666666666667,9,4,5.875,5,5,5.75,1,8,2,1,8,3402,2095,1307,470,1199,2203,7.14833517048795,7.51814510739857,6.55556407804132,6.58308510638298,7.16882734778982,7.13718214253291,246
"245",2021,12,7.45777833333333,6,7.66666666666667,7.24889,NA,7.33333333333333,7.58222333333333,3,3,0,3,3,3408,2098,1310,470,1202,2206,7.14887996478873,7.51835748331745,6.55715184732824,6.58308510638298,7.16923792845258,7.1377873662738,247
"246",2022,1,7.15333333333333,15,7.5625,6.68571428571429,5.875,7.5,6.98,8,7,4,5,10,3423,2106,1317,474,1207,2216,7.14889947998831,7.51852516619183,6.55783517084282,6.57710970464135,7.17060811101905,7.13707532942238,248
"247",2022,2,7.59090909090909,11,7.64285714285714,7.5,6,8,7.55,7,4,1,1,10,3434,2113,1321,475,1208,2226,7.15031535235876,7.51893705631803,6.56068805450416,6.57589473684211,7.17129469370861,7.13893033692722,249
"248",2022,3,6.375,4,7.5,6,5.5,7.5,6,1,3,2,1,3,3438,2114,1324,477,1209,2229,7.14941329842932,7.51892809839168,6.55941761329305,6.57138364779874,7.17156657568238,7.13739745625841,250
"249",2022,4,7,8,7.16666666666667,6.5,7,NA,7,6,2,1,0,8,3446,2120,1326,478,1209,2237,7.14906643064422,7.51793113207547,6.55932799396682,6.57228033472803,7.17156657568238,7.13690609298167,251
"250",2022,5,6.84285714285714,7,6.84285714285714,NA,NA,8,6.38,7,0,0,2,5,3453,2127,1326,478,1211,2242,7.14844567622357,7.51570944992948,6.55932799396682,6.57228033472803,7.17293475639967,7.13521807760928,252
"251",2022,6,6.32,5,8.5,4.86666666666667,4,8.2,3.5,2,3,1,3,2,3458,2129,1329,479,1214,2244,7.14724780798149,7.51663410051667,6.55550708803612,6.56691022964509,7.17547280889621,7.13197813279857,253
"252",2022,7,8.22222222222222,9,8.33333333333333,8,7,7.33333333333333,8.66666666666667,6,3,1,3,6,3467,2135,1332,480,1217,2250,7.15003833862128,7.51892927400468,6.55876045045045,6.5678125,7.17586194741167,7.13607063555556,254
"253",2022,8,8.01785714285714,14,8.25,7.6,8,9.1,7.41666666666667,9,5,2,5,9,3481,2144,1337,482,1222,2259,7.1535285607584,7.52199813432836,6.56265439042633,6.57375518672199,7.18373485270049,7.1371885480301,255
"254",2022,9,7.7225,4,8.25,7.195,NA,NA,7.7225,2,2,0,0,4,3485,2146,1339,482,1222,2263,7.15418161262554,7.52267660764212,6.56359889469753,6.57375518672199,7.18373485270049,7.13822312417145,256
"255",2022,10,5.6,5,7,3.5,3,5,8,3,2,1,4,1,3490,2149,1341,483,1226,2264,7.15195499140401,7.52194695207073,6.55902976882923,6.56635610766046,7.17661010603589,7.13860376766784,257
"256",2022,11,7.85,5,8.33333333333333,7.125,7,NA,7.85,3,2,1,0,5,3495,2152,1343,484,1226,2269,7.15295362517882,7.5230780669145,6.55987261355175,6.5672520661157,7.17661010603589,7.14017141031291,258
"257",2022,12,5.90909090909091,11,6,5.83333333333333,5.5,4.5,6.71428571428571,5,6,2,4,7,3506,2157,1349,486,1230,2276,7.14905103251569,7.51954751970329,6.55664115641216,6.56286008230453,7.16790568292683,7.1388615685413,259
