"","year","month","avg_rating","no_ratings","avg_rating_owned","avg_rating_not_owned","avg_rating_prev_owned","avg_rating_comment","avg_rating_no_comment","no_ratings_owned","no_ratings_not_owned","no_ratings_prev_owned","no_ratings_comment","no_ratings_no_comment","cum_no_ratings","cum_no_ratings_owned","cum_no_ratings_not_owned","cum_no_ratings_prev_owned","cum_no_ratings_comment","cum_no_ratings_no_comment","cum_avg_rating","cum_avg_rating_owned","cum_avg_rating_not_owned","cum_avg_rating_prev_owned","cum_avg_rating_comment","cum_avg_rating_no_comment","month_after_release"
"1",2001,6,7.3,5,7.5,6.5,NA,NA,7.3,4,1,0,0,5,5,4,1,0,0,5,7.3,7.5,6.5,NA,NA,7.3,0
"2",2001,7,8,1,NA,8,NA,NA,8,0,1,0,0,1,6,4,2,0,0,6,7.41666666666667,7.5,7.25,NA,NA,7.41666666666667,1
"3",2001,8,7.625,8,8,6.5,7,8,7.5,6,2,1,2,6,14,10,4,1,2,12,7.53571428571429,7.8,6.875,7,8,7.45833333333333,2
"4",2001,9,8.5,4,8.5,NA,NA,NA,8.5,4,0,0,0,4,18,14,4,1,2,16,7.75,8,6.875,7,8,7.71875,3
"5",2001,10,6.75,2,7,6.5,NA,NA,6.75,1,1,0,0,2,20,15,5,1,2,18,7.65,7.93333333333333,6.8,7,8,7.61111111111111,4
"6",2001,11,7.8,5,8,7,7,9,7.5,4,1,1,1,4,25,19,6,2,3,22,7.68,7.94736842105263,6.83333333333333,7,8.33333333333333,7.59090909090909,5
"7",2001,12,7.16666666666667,6,7.25,7,NA,9,6.8,4,2,0,1,5,31,23,8,2,4,27,7.58064516129032,7.82608695652174,6.875,7,8.5,7.44444444444444,6
"8",2002,1,8,2,8,8,NA,8,8,1,1,0,1,1,33,24,9,2,5,28,7.60606060606061,7.83333333333333,7,7,8.4,7.46428571428571,7
"9",2002,3,8,3,8,NA,NA,7.5,9,3,0,0,2,1,36,27,9,2,7,29,7.63888888888889,7.85185185185185,7,7,8.14285714285714,7.51724137931035,9
"10",2002,4,8.5,4,8.5,NA,NA,8,9,4,0,0,2,2,40,31,9,2,9,31,7.725,7.93548387096774,7,7,8.11111111111111,7.61290322580645,10
"11",2002,5,7,2,NA,7,8,6,8,0,2,1,1,1,42,31,11,3,10,32,7.69047619047619,7.93548387096774,7,7.33333333333333,7.9,7.625,11
"12",2002,6,7.625,8,7.9,7.16666666666667,NA,7,7.71428571428571,5,3,0,1,7,50,36,14,3,11,39,7.68,7.93055555555556,7.03571428571429,7.33333333333333,7.81818181818182,7.64102564102564,12
"13",2002,7,7.4,5,7.25,8,NA,7.33333333333333,7.5,4,1,0,3,2,55,40,15,3,14,41,7.65454545454545,7.8625,7.1,7.33333333333333,7.71428571428571,7.63414634146341,13
"14",2002,8,7.71428571428571,7,7.8,7.5,NA,8.33333333333333,7.25,5,2,0,3,4,62,45,17,3,17,45,7.66129032258065,7.85555555555556,7.14705882352941,7.33333333333333,7.82352941176471,7.6,14
"15",2002,9,7,1,7,NA,NA,NA,7,1,0,0,0,1,63,46,17,3,17,46,7.65079365079365,7.83695652173913,7.14705882352941,7.33333333333333,7.82352941176471,7.58695652173913,15
"16",2002,10,7.42857142857143,7,7.5,7.4,NA,NA,7.42857142857143,2,5,0,0,7,70,48,22,3,17,53,7.62857142857143,7.82291666666667,7.20454545454545,7.33333333333333,7.82352941176471,7.56603773584906,16
"17",2002,11,8.2,5,8,8.5,NA,7,8.5,3,2,0,1,4,75,51,24,3,18,57,7.66666666666667,7.83333333333333,7.3125,7.33333333333333,7.77777777777778,7.63157894736842,17
"18",2002,12,7.6,5,7.75,7,NA,10,7,4,1,0,1,4,80,55,25,3,19,61,7.6625,7.82727272727273,7.3,7.33333333333333,7.89473684210526,7.59016393442623,18
"19",2003,1,7.27777777777778,9,7.64285714285714,6,NA,7.5,7.16666666666667,7,2,0,3,6,89,62,27,3,22,67,7.62359550561798,7.80645161290323,7.2037037037037,7.33333333333333,7.84090909090909,7.55223880597015,19
"20",2003,2,7.71428571428571,7,7.71428571428571,NA,NA,8.33333333333333,7.25,7,0,0,3,4,96,69,27,3,25,71,7.63020833333333,7.79710144927536,7.2037037037037,7.33333333333333,7.9,7.53521126760563,20
"21",2003,3,8.875,4,8.875,NA,NA,8.75,9,4,0,0,2,2,100,73,27,3,27,73,7.68,7.85616438356164,7.2037037037037,7.33333333333333,7.96296296296296,7.57534246575342,21
"22",2003,4,7.7,10,7.64285714285714,7.83333333333333,NA,7.83333333333333,7.64285714285714,7,3,0,3,7,110,80,30,3,30,80,7.68181818181818,7.8375,7.26666666666667,7.33333333333333,7.95,7.58125,22
"23",2003,5,7.38888888888889,9,7.75,6.66666666666667,NA,7.66666666666667,7.25,6,3,0,3,6,119,86,33,3,33,86,7.65966386554622,7.83139534883721,7.21212121212121,7.33333333333333,7.92424242424242,7.55813953488372,23
"24",2003,6,6.6875,8,7.16666666666667,6.4,NA,7.25,6.5,3,5,0,2,6,127,89,38,3,35,92,7.59842519685039,7.80898876404494,7.10526315789474,7.33333333333333,7.88571428571429,7.48913043478261,24
"25",2003,7,7.596875,32,8.02941176470588,7.10666666666667,8,7.625,7.5875,17,15,1,8,24,159,106,53,4,43,116,7.59811320754717,7.84433962264151,7.10566037735849,7.5,7.83720930232558,7.50948275862069,25
"26",2003,8,7.26470588235294,17,7.45,7,8,7.5,7.16666666666667,10,7,1,5,12,176,116,60,5,48,128,7.56590909090909,7.81034482758621,7.09333333333333,7.6,7.80208333333333,7.47734375,26
"27",2003,9,7.60263157894737,19,7.99583333333333,6.92857142857143,6.5,7.9375,7.35909090909091,12,7,2,8,11,195,128,67,7,56,139,7.56948717948718,7.827734375,7.07611940298507,7.28571428571429,7.82142857142857,7.46798561151079,27
"28",2003,10,7.42307692307692,13,7.65,6.66666666666667,NA,7.5,7.40909090909091,10,3,0,2,11,208,138,70,7,58,150,7.56033653846154,7.81485507246377,7.05857142857143,7.28571428571429,7.81034482758621,7.46366666666667,28
"29",2003,11,8.21428571428571,7,8.3,8,9,8.5,7.5,5,2,1,5,2,215,143,72,8,63,152,7.58162790697674,7.83181818181818,7.08472222222222,7.5,7.86507936507936,7.4641447368421,29
"30",2003,12,8.15,10,8.42857142857143,7.5,7,7.875,8.33333333333333,7,3,1,4,6,225,150,75,9,67,158,7.60688888888889,7.85966666666667,7.10133333333333,7.44444444444444,7.86567164179105,7.49715189873418,30
"31",2004,1,7.625,12,7.68181818181818,7,7,8,7.4375,11,1,1,4,8,237,161,76,10,71,166,7.607805907173,7.84751552795031,7.1,7.4,7.87323943661972,7.49427710843373,31
"32",2004,2,8.42307692307692,13,8.54166666666667,7,NA,8.66666666666667,8.35,12,1,0,3,10,250,173,77,10,74,176,7.6502,7.89566473988439,7.0987012987013,7.4,7.90540540540541,7.54289772727273,32
"33",2004,3,7.55555555555556,9,7.83333333333333,7,7,7.66666666666667,7.5,6,3,2,3,6,259,179,80,12,77,182,7.6469111969112,7.89357541899441,7.095,7.33333333333333,7.8961038961039,7.54148351648352,33
"34",2004,4,7.55,20,7.86666666666667,6.6,NA,7.75,7.5,15,5,0,4,16,279,194,85,12,81,198,7.63996415770609,7.89149484536082,7.06588235294118,7.33333333333333,7.88888888888889,7.53813131313131,34
"35",2004,5,7.7821052631579,19,8.1,6.59,NA,7.49555555555556,8.04,15,4,0,9,10,298,209,89,12,90,208,7.64902684563758,7.90645933014354,7.04449438202247,7.33333333333333,7.84955555555556,7.56225961538462,35
"36",2004,6,7.61111111111111,18,7.66666666666667,7.33333333333333,7,7.5,7.7,15,3,1,8,10,316,224,92,13,98,218,7.6468670886076,7.89040178571429,7.05391304347826,7.30769230769231,7.82102040816327,7.56857798165138,36
"37",2004,7,7.375,12,8.1875,5.75,NA,8,7.25,8,4,0,2,10,328,232,96,13,100,228,7.63692073170732,7.90064655172414,6.99958333333333,7.30769230769231,7.8246,7.5546052631579,37
"38",2004,8,7.33333333333333,12,7.77777777777778,6,3,3,7.72727272727273,9,3,1,1,11,340,241,99,14,101,239,7.62620588235294,7.89605809128631,6.96929292929293,7,7.77683168316832,7.56255230125523,38
"39",2004,9,7.875,12,8.16666666666667,7,7,7.85714285714286,7.9,9,3,1,7,5,352,250,102,15,108,244,7.6346875,7.9058,6.97019607843137,7,7.78203703703704,7.56946721311475,39
"40",2004,10,7.6,10,7.85714285714286,7,8,7,7.75,7,3,1,2,8,362,257,105,16,110,252,7.63372928176796,7.90447470817121,6.97104761904762,7.0625,7.76781818181818,7.57519841269841,40
"41",2004,11,6.98611111111111,18,7.55769230769231,5.5,NA,6.4375,7.425,13,5,0,8,10,380,270,110,16,118,262,7.60305263157895,7.88777777777778,6.90418181818182,7.0625,7.67762711864407,7.56946564885496,41
"42",2004,12,7.15625,16,7.55555555555556,6.64285714285714,5,6.25,7.7,9,7,1,6,10,396,279,117,17,124,272,7.585,7.87706093189964,6.88854700854701,6.94117647058824,7.60854838709677,7.57426470588235,42
"43",2005,1,7.65833333333333,24,7.61176470588235,7.77142857142857,8.25,7.41428571428571,7.75882352941176,17,7,2,7,17,420,296,124,19,131,289,7.58919047619048,7.86182432432432,6.93838709677419,7.07894736842105,7.5981679389313,7.58512110726644,43
"44",2005,2,7.2,20,7.625,6.5625,6.66666666666667,6.95454545454545,7.5,12,8,3,11,9,440,308,132,22,142,298,7.5715,7.8525974025974,6.91560606060606,7.02272727272727,7.54830985915493,7.58255033557047,44
"45",2005,3,7.04444444444444,18,7.10588235294118,6,NA,6,7.44615384615385,17,1,0,5,13,458,325,133,22,147,311,7.55078602620087,7.81353846153846,6.90872180451128,7.02272727272727,7.4956462585034,7.57684887459807,45
"46",2005,4,7.5,18,7.72222222222222,7.27777777777778,5.5,7.7,7.42307692307692,9,9,2,5,13,476,334,142,24,152,324,7.54886554621849,7.81107784431138,6.93211267605634,6.89583333333333,7.50236842105263,7.57067901234568,46
"47",2005,5,7.08928571428571,14,7.8125,6.125,3,6.95,7.16666666666667,8,6,1,5,9,490,342,148,25,157,333,7.53573469387755,7.81111111111111,6.89939189189189,6.74,7.48477707006369,7.55975975975976,47
"48",2005,6,7.55882352941176,17,8.1,6.78571428571429,7,7.57142857142857,7.55,10,7,2,7,10,507,352,155,27,164,343,7.53650887573965,7.81931818181818,6.89425806451613,6.75925925925926,7.4884756097561,7.55947521865889,48
"49",2005,7,7.23076923076923,13,7.375,7,9,7.16666666666667,7.28571428571429,8,5,1,6,7,520,360,160,28,170,350,7.52886538461539,7.80944444444444,6.8975625,6.83928571428571,7.47711764705882,7.554,49
"50",2005,8,7.46153846153846,13,7.55,7.16666666666667,NA,7.6,7.375,10,3,0,5,8,533,370,163,28,175,358,7.52722326454034,7.80243243243243,6.90251533742331,6.83928571428571,7.48062857142857,7.55,50
"51",2005,9,7.49142857142857,35,7.71,7.2,7.75,7.66842105263158,7.28125,20,15,2,19,16,568,390,178,30,194,374,7.5250176056338,7.79769230769231,6.92758426966292,6.9,7.4990206185567,7.53850267379679,51
"52",2005,10,7.33333333333333,27,8,6.61538461538461,7.75,6.375,7.73684210526316,14,13,4,8,19,595,404,191,34,202,393,7.51631932773109,7.80470297029703,6.90633507853403,7,7.45450495049505,7.54809160305344,52
"53",2005,11,7.625,16,7.90909090909091,7,8.25,7.41666666666667,7.75,11,5,2,6,10,611,415,196,36,208,403,7.51916530278233,7.80746987951807,6.90872448979592,7.06944444444444,7.45341346153846,7.5531017369727,53
"54",2005,12,7,23,7.76923076923077,6,6.5,7.3,6.76923076923077,13,10,1,10,13,634,428,206,37,218,416,7.50033123028391,7.80630841121495,6.86461165048544,7.05405405405405,7.44637614678899,7.52860576923077,54
"55",2006,1,7.76,25,8.25,7.13636363636364,8,8.22727272727273,7.39285714285714,14,11,1,11,14,659,442,217,38,229,430,7.51018209408194,7.82036199095023,6.87838709677419,7.07894736842105,7.4838864628821,7.52418604651163,55
"56",2006,2,7.59473684210526,19,7.96666666666667,6.2,NA,7.5,7.7,15,4,0,10,9,678,457,221,38,239,439,7.51255162241888,7.82516411378556,6.86610859728507,7.07894736842105,7.48456066945607,7.52779043280182,56
"57",2006,3,7.225,20,7.96428571428571,5.5,6,7.3,7.2,14,6,1,5,15,698,471,227,39,244,454,7.50431232091691,7.82929936305732,6.83,7.05128205128205,7.48077868852459,7.51696035242291,57
"58",2006,4,7.3625,16,7.41666666666667,7.2,7.8,7.2,7.57142857142857,12,4,1,9,7,714,483,231,40,253,461,7.50113445378151,7.81904761904762,6.83640692640693,7.07,7.47079051383399,7.5177874186551,58
"59",2006,5,7.73333333333333,15,7.75,7.66666666666667,7,8,7.42857142857143,12,3,1,8,7,729,495,234,41,261,468,7.5059122085048,7.81737373737374,6.84705128205128,7.06829268292683,7.48701149425287,7.51645299145299,59
"60",2006,6,7.27272727272727,11,7.8125,5.83333333333333,NA,6.5,7.5625,8,3,0,3,8,740,503,237,41,264,476,7.50244594594595,7.81729622266402,6.8342194092827,7.06829268292683,7.47579545454546,7.5172268907563,60
"61",2006,7,7.27777777777778,27,7.64285714285714,6.88461538461539,7,7.88888888888889,6.97222222222222,14,13,1,9,18,767,517,250,42,273,494,7.4945371577575,7.81257253384913,6.83684,7.06666666666667,7.48941391941392,7.49736842105263,61
"62",2006,8,8.125,8,8.2,8,NA,8.66666666666667,7.8,5,3,0,3,5,775,522,253,42,276,499,7.50104516129032,7.81628352490421,6.85063241106719,7.06666666666667,7.50221014492754,7.50040080160321,62
"63",2006,9,7.32352941176471,17,7.65,6.85714285714286,7,7.41666666666667,7.27272727272727,10,7,2,6,11,792,532,260,44,282,510,7.49723484848485,7.81315789473684,6.85080769230769,7.06363636363636,7.50039007092199,7.49549019607843,63
"64",2006,10,7.5,24,7.6,7.33333333333333,8,7.75,7.375,15,9,1,8,16,816,547,269,45,290,526,7.49731617647059,7.8073126142596,6.86695167286245,7.08444444444444,7.50727586206897,7.49182509505703,64
"65",2006,11,7.82608695652174,23,8.28571428571429,7.11111111111111,7.5,7.76923076923077,7.9,14,9,2,13,10,839,561,278,47,303,536,7.50632896305125,7.8192513368984,6.87485611510791,7.10212765957447,7.51851485148515,7.49944029850746,65
"66",2006,12,7.53958333333333,24,8.01428571428571,6.875,7.5,7.71875,7.45,14,10,1,8,16,863,575,288,48,311,552,7.50725376593279,7.824,6.87486111111111,7.11041666666667,7.52366559485531,7.49800724637681,66
"67",2007,1,7.59285714285714,28,7.74736842105263,7.26666666666667,NA,8,7.36666666666667,19,9,0,10,18,891,594,297,48,321,570,7.50994388327722,7.82154882154882,6.88673400673401,7.11041666666667,7.5385046728972,7.49385964912281,67
"68",2007,2,6.9492425,24,7.25,6.59380181818182,6.625,7.25,6.768788,13,11,4,9,15,915,607,308,52,330,585,7.49523696174864,7.80930807248764,6.87627214285714,7.07307692307692,7.53063636363636,7.47526806837607,68
"69",2007,3,7.29677419354839,31,7.67647058823529,6.83571428571429,7.5,7.45555555555556,7.07692307692308,17,14,2,18,13,946,624,322,54,348,598,7.48873342494715,7.8056891025641,6.87450875776398,7.08888888888889,7.52675287356322,7.46660839464883,69
"70",2007,4,7.74074074074074,27,8.1875,7.09090909090909,6,7.25,7.82608695652174,16,11,2,4,23,973,640,333,56,352,621,7.49572643371018,7.815234375,6.88165711711712,7.05,7.52360795454545,7.47992241545894,70
"71",2007,5,7.45,32,7.85555555555556,6.92857142857143,7,7.46153846153846,7.44210526315789,18,14,3,13,19,1005,658,347,59,365,640,7.49427046766169,7.81633738601824,6.88354991354467,7.04745762711864,7.52139726027397,7.47879971875,71
"72",2007,6,7.34,15,7.9,6.7,7.5,6.7,7.66,8,7,2,5,10,1020,666,354,61,370,650,7.49200178431373,7.81734234234234,6.87992039548023,7.06229508196721,7.5102972972973,7.48158741538462,72
"73",2007,7,7.10714285714286,28,7.56666666666667,6.57692307692308,6.5,6.5625,7.325,15,13,4,8,20,1048,681,367,65,378,670,7.48171929389313,7.81182085168869,6.86918752043597,7.02769230769231,7.4902380952381,7.47691316417911,73
"74",2007,8,7.575,20,7.63636363636364,7.5,9.5,7.66666666666667,7.55882352941176,11,9,2,3,17,1068,692,376,67,381,687,7.48346612359551,7.80903179190751,6.88428675531915,7.10149253731343,7.49162729658793,7.47894005822416,74
"75",2007,9,7.4,21,7.23125,7.94,8.5,7.83333333333333,7.22666666666667,16,5,2,6,15,1089,708,381,69,387,702,7.48185658402204,7.79597457627119,6.89814125984252,7.14202898550725,7.49692506459948,7.4735496011396,75
"76",2007,10,6.8695652173913,23,7.45,6.42307692307692,5.5,6.61111111111111,7.03571428571429,10,13,2,9,14,1112,718,394,71,396,716,7.46919228417266,7.79115598885794,6.88246654822335,7.09577464788732,7.47679292929293,7.464988575419,76
"77",2007,11,7.51707317073171,41,7.524,7.50625,8,7.28461538461538,7.625,25,16,2,13,28,1153,743,410,73,409,744,7.47089490026019,7.7821668909825,6.90680931707317,7.12054794520548,7.47068459657702,7.47101051075269,77
"78",2007,12,7.37073170731707,41,7.39130434782609,7.34444444444444,7.75,7.51111111111111,7.26086956521739,23,18,4,18,23,1194,766,428,77,427,767,7.46745546063652,7.77043080939948,6.92521453271028,7.15324675324675,7.4723887587822,7.46470902216428,78
"79",2008,1,6.71304347826087,46,7.19166666666667,6.19090909090909,7.66666666666667,6.3,6.93333333333333,24,22,3,16,30,1240,790,450,80,443,797,7.43946920967742,7.75284810126582,6.88931515555555,7.1725,7.43004514672686,7.44470742785446,79
"80",2008,2,7.37638888888889,36,8.00238095238095,6.5,6.25,7.39166666666667,7.36111111111111,21,15,6,18,18,1276,811,465,86,461,815,7.43768951410658,7.7593094944513,6.87675660215054,7.10813953488372,7.42854663774403,7.44286112883436,80
"81",2008,3,7.45405405405405,37,7.735,7.12352941176471,7.95,7.72857142857143,7.28695652173913,20,17,4,14,23,1313,831,482,90,475,838,7.43815066260472,7.75872442839952,6.88546020746888,7.14555555555555,7.43738947368421,7.43858212410501,81
"82",2008,4,7.63142857142857,35,7.92,7.24666666666667,7.5,7.8,7.505,20,15,4,15,20,1348,851,497,94,490,858,7.44316900593472,7.76251468860164,6.89636181086519,7.16063829787234,7.44848979591837,7.44013032634033,82
"83",2008,5,7.47826086956522,23,8,6.90909090909091,7,7.35714285714286,7.53125,12,11,2,7,16,1371,863,508,96,497,874,7.44375770970095,7.76581691772885,6.89663744094488,7.15729166666667,7.4472032193159,7.44179842105263,83
"84",2008,6,7.35454545454545,33,7.62777777777778,7.02666666666667,NA,7.31666666666667,7.37619047619048,18,15,0,12,21,1404,881,523,96,509,895,7.44166084045584,7.76299659477866,6.90036676864245,7.15729166666667,7.4441257367387,7.44025901675978,84
"85",2008,7,6.84634146341463,41,7.59411764705882,6.31666666666667,6.08333333333333,6.46,7.21428571428571,17,24,12,20,21,1445,898,547,108,529,916,7.42476942560554,7.7597995545657,6.87475652650823,7.03796296296296,7.40691871455576,7.43507840611354,85
"86",2008,8,7.33214285714286,28,8.16666666666667,6.70625,6.96,7.07272727272727,7.5,12,16,5,11,17,1473,910,563,113,540,933,7.42300870332655,7.76516483516484,6.86996770870337,7.03451327433628,7.40011111111111,7.43626132904609,86
"87",2008,9,6.58823529411765,17,7.55555555555556,5.5,5.33333333333333,6.58333333333333,6.59090909090909,9,8,3,6,11,1490,919,571,116,546,944,7.41348444295302,7.76311207834603,6.85077376532399,6.99051724137931,7.39113553113553,7.42641082627119,87
"88",2008,10,7.37638888888889,36,7.79,6.859375,6.91666666666667,7.60714285714286,7.22954545454545,20,16,6,14,22,1526,939,587,122,560,966,7.41260931847969,7.76368477103301,6.85100821124361,6.98688524590164,7.39653571428571,7.42192734989648,88
"89",2008,11,6.62926829268293,41,7.665,5.64285714285714,5.8,5.6,7.35833333333333,20,21,10,17,24,1567,959,608,132,577,990,7.39211347798341,7.76162669447341,6.80927930921053,6.8969696969697,7.34360485268631,7.42038567676768,89
"90",2008,12,7.31535,40,7.45652173913043,7.12435294117647,7.5,7.101,7.43076923076923,23,17,4,14,26,1607,982,625,136,591,1016,7.39020275046671,7.75448065173116,6.817849312,6.91470588235294,7.3378578680203,7.4206513976378,90
"91",2009,1,6.94075,40,7.125,6.7565,6.38833333333333,6.7775,7.01071428571429,20,20,6,12,28,1647,1002,645,142,603,1044,7.37928707953855,7.74191616766467,6.81594700775194,6.89246478873239,7.32670646766169,7.40965691570881,91
"92",2009,2,6.87777777777778,72,7.42857142857143,6.35675675675676,6.81818181818182,6.70833333333333,6.91166666666667,35,37,11,12,60,1719,1037,682,153,615,1104,7.35828145433391,7.73134040501446,6.79103492668622,6.88712418300654,7.3146406504065,7.38259222826087,92
"93",2009,3,6.88518518518519,54,7.34130434782609,6.54677419354839,6.69230769230769,6.74722222222222,6.95416666666667,23,31,13,18,36,1773,1060,713,166,633,1140,7.34387243090806,7.72287735849057,6.78041489481066,6.87186746987952,7.29850552922591,7.369063,93
"94",2009,4,7.29830508474576,59,7.38695652173913,7.24166666666667,7.07142857142857,7,7.39111111111111,23,36,7,14,45,1832,1083,749,173,647,1185,7.34240492358079,7.7157433056325,6.80258453938585,6.87994219653179,7.29204636785162,7.3699002700422,94
"95",2009,5,7.0515,60,7.60375,6.68333333333333,6.7,7.26923076923077,6.99127659574468,24,36,10,13,47,1892,1107,785,183,660,1232,7.33317960887949,7.713315266486,6.79711569426751,6.87010928961749,7.29159696969697,7.35545602272727,95
"96",2009,6,7.08207547169811,53,7.51666666666667,6.72241379310345,7,7.3125,7.04111111111111,24,29,8,8,45,1945,1131,814,191,668,1277,7.32633718251928,7.70914235190097,6.79445432432432,6.8755497382199,7.29184730538922,7.34437887235709,96
"97",2009,7,6.88974358974359,39,8,6.33461538461538,6.4,6,7.15666666666667,13,26,10,9,30,1984,1144,840,201,677,1307,7.31775494959677,7.71244755244755,6.78022121428571,6.85189054726368,7.27467355982275,7.34007025248661,97
"98",2009,8,7.44857142857143,35,7.91666666666667,6.95294117647059,7,7.85,7.39677419354839,18,17,7,4,31,2019,1162,857,208,681,1338,7.32002269440317,7.71561101549053,6.78364739789965,6.856875,7.27805286343612,7.34138402092676,98
"99",2009,9,7.1219512195122,41,7.575,6.69047619047619,7,7.7,6.78846153846154,20,21,8,15,26,2060,1182,878,216,696,1364,7.31608049514563,7.71323181049069,6.78141892938496,6.86217592592593,7.28714655172414,7.33084444281525,99
"100",2009,10,7.24479166666667,48,7.83333333333333,6.89166666666667,6.98571428571429,7.5,7.16891891891892,18,30,14,11,37,2108,1200,908,230,707,1401,7.31445722011385,7.71503333333333,6.78506147577092,6.86969565217391,7.29045827439887,7.32656803711635,100
"101",2009,11,6.84210526315789,57,7.356,6.440625,6.5,6.94,6.80714285714286,25,32,8,15,42,2165,1225,940,238,722,1443,7.30202116397229,7.70770612244898,6.7733359787234,6.85726890756303,7.28317728531856,7.31144963270963,101
"102",2009,12,6.93762711864407,59,7.06807692307692,6.83484848484848,7.02083333333333,6.90555555555556,6.95170731707317,26,33,12,18,41,2224,1251,973,250,740,1484,7.29235423561151,7.69441247002398,6.77542221993833,6.86512,7.27399189189189,7.30151066037736,102
"103",2010,1,7.13846153846154,52,7.47115384615385,6.80576923076923,7.25,7.33636363636364,7.08536585365854,26,26,8,11,41,2276,1277,999,258,751,1525,7.28883823374341,7.68986687548943,6.77621203203203,6.87705426356589,7.27490545938748,7.29569955409836,103
"104",2010,2,7.40625,24,7.95833333333333,6.85416666666667,7.1875,7.25,7.4375,12,12,4,4,20,2300,1289,1011,262,755,1545,7.2900634,7.69236617532971,6.77713730959446,6.88179389312977,7.27477350993377,7.29753515857605,104
"105",2010,3,7.22,25,7.66666666666667,6.55,7.5,9,7.06521739130435,15,10,2,2,23,2325,1304,1021,264,757,1568,7.28931003010753,7.69207055214724,6.77491265426053,6.88647727272727,7.27933157199471,7.29412743622449,105
"106",2010,4,7.20833333333333,36,7.65714285714286,6.58,6.67142857142857,7.13333333333333,7.22333333333333,21,15,7,6,30,2361,1325,1036,271,763,1598,7.28807531554426,7.69151698113208,6.77209055984556,6.88092250922509,7.27818348623853,7.29279838548185,106
"107",2010,5,6.85925925925926,27,7.25384615384615,6.49285714285714,6.85,6.66666666666667,6.95555555555556,13,14,4,9,18,2388,1338,1050,275,772,1616,7.28322689279732,7.68726457399103,6.76836744761905,6.88047272727273,7.27105440414508,7.28904196782178,107
"108",2010,6,6.92142857142857,28,7.64444444444444,6.57894736842105,6.75,6.21428571428571,7.15714285714286,9,19,6,7,21,2416,1347,1069,281,779,1637,7.27903386589404,7.68697847067557,6.76500076707203,6.87768683274021,7.26155840821566,7.28734992058644,108
"109",2010,7,6.69259259259259,27,6.975,6.46666666666667,6.5,7.2,6.54761904761905,12,15,6,6,21,2443,1359,1084,287,785,1658,7.2725525255833,7.68069168506255,6.76087252767528,6.86979094076655,7.26108789808917,7.27798059107358,109
"110",2010,8,6.98055555555556,36,7.54705882352941,6.47368421052632,6.85714285714286,6.83333333333333,7.01,17,19,7,6,30,2479,1376,1103,294,791,1688,7.26831215006051,7.67904069767442,6.75592549410698,6.86948979591837,7.25784323640961,7.2732179028436,110
"111",2010,9,7.36607142857143,28,7.5,7.21153846153846,7.25,7.27777777777778,7.40789473684211,15,13,2,9,19,2507,1391,1116,296,800,1707,7.26940399680894,7.67710999281093,6.76123281362007,6.87206081081081,7.2580675,7.27471694200352,111
"112",2010,10,7.03103448275862,29,7.16666666666667,6.88571428571429,6.375,7.5,6.90869565217391,15,14,4,6,23,2536,1406,1130,300,806,1730,7.26667816246057,7.67166429587482,6.7627750619469,6.86543333333333,7.25986848635236,7.26985076300578,112
"113",2010,11,7.11136363636364,44,7.665,6.65,6.775,6.975,7.14166666666667,20,24,4,8,36,2580,1426,1154,304,814,1766,7.2640293875969,7.67157082748948,6.76042965337955,6.86424342105263,7.2570687960688,7.26723772366931,113
"114",2010,12,7.0078947368421,38,7.39,6.58333333333333,6.54,7.1,6.975,20,18,5,10,28,2618,1446,1172,309,824,1794,7.26031161955691,7.66767634854772,6.7577097440273,6.85899676375405,7.25516262135922,7.26267659977704,114
"115",2011,1,7.07777777777778,45,7.36363636363636,6.80434782608696,7.16666666666667,7,7.08536585365854,22,23,6,4,41,2663,1468,1195,315,828,1835,7.25722711978971,7.66311989100817,6.75860738075314,6.86485714285714,7.25392995169082,7.25871488828338,115
"116",2011,2,6.78928571428571,28,7.1,6.55625,6.5,6.44285714285714,7.13571428571429,12,16,4,14,14,2691,1480,1211,319,842,1849,7.25235816425121,7.65855405405405,6.75593379025598,6.86028213166144,7.24044418052256,7.25778356949703,116
"117",2011,3,7.13392857142857,28,7.31666666666667,6.92307692307692,6.625,7.375,7.09375,15,13,8,4,24,2719,1495,1224,327,846,1873,7.25113858771607,7.6551237458194,6.75770900326797,6.85452599388379,7.24108037825059,7.255681697811,117
"118",2011,4,7.25257894736842,19,8.16666666666667,6.83069230769231,6.33333333333333,5,7.6749375,6,13,3,3,16,2738,1501,1237,330,849,1889,7.25114858290723,7.65716855429713,6.75847600646726,6.84978787878788,7.23316136631331,7.25923283218634,118
"119",2011,5,6.61904761904762,21,6.78571428571429,6.53571428571429,6.4,5.6,6.9375,7,14,5,5,16,2759,1508,1251,335,854,1905,7.24633737586082,7.65312334217507,6.75598306954436,6.84307462686567,7.22359953161592,7.25653061417323,119
"120",2011,6,7.09375,16,7.4,6.58333333333333,6.5,8.5,6.76923076923077,10,6,4,3,13,2775,1518,1257,339,857,1918,7.24545759279279,7.6514558629776,6.75515896579157,6.83902654867257,7.22806767794632,7.25322774765381,120
"121",2011,7,6.82878787878788,33,7.55333333333333,6.225,6.1625,7.88333333333333,6.59444444444444,15,18,8,6,27,2808,1533,1275,347,863,1945,7.24056083333333,7.65049575994781,6.74767436862745,6.82342939481268,7.23262340672074,7.24408268380463,121
"122",2011,8,7.31964285714286,28,7.91538461538462,6.80333333333333,7.06,7.005,7.49444444444444,13,15,5,10,18,2836,1546,1290,352,873,1963,7.24134161495063,7.65272315653299,6.74832156589147,6.82678977272727,7.23001603665521,7.24637841059603,122
"123",2011,9,6.53333333333333,21,7.2,6.325,6.75,6.33333333333333,6.61333333333333,5,16,6,6,15,2857,1551,1306,358,879,1978,7.23613749387469,7.65126370083817,6.74313539050536,6.82550279329609,7.22389533560865,7.24157776541962,123
"124",2011,10,7.20384615384615,26,7.3125,7.03,6.43333333333333,7.625,7.12727272727273,16,10,3,4,22,2883,1567,1316,361,883,2000,7.23584627818245,7.64780472239949,6.74531521276595,6.82224376731302,7.22571234428086,7.24032041,124
"125",2011,11,6.63026315789474,38,7.645,6.26785714285714,6.66666666666667,7.22,6.41964285714286,10,28,9,10,28,2921,1577,1344,370,893,2028,7.22796809996577,7.64778693722257,6.73536816964285,6.81845945945946,7.2256483762598,7.22898955621302,125
"126",2011,12,6.9125,32,7.47222222222222,6.19285714285714,6.4,7.07142857142857,6.868,18,14,8,7,25,2953,1595,1358,378,900,2053,7.22454954961057,7.64580564263323,6.7297752724595,6.80960317460318,7.22444888888889,7.22459367754506,126
"127",2012,1,6.76904761904762,42,7.30952380952381,6.22857142857143,6.92857142857143,6.82,6.74074074074074,21,21,7,15,27,2995,1616,1379,385,915,2080,7.21816187646077,7.64143564356436,6.72214272661349,6.81176623376623,7.21781857923497,7.21831289423077,127
"128",2012,2,6.97875,40,7.28157894736842,6.7047619047619,6.525,7,6.97068965517241,19,21,12,11,29,3035,1635,1400,397,926,2109,7.21500653047776,7.63725382262997,6.72188201428571,6.80309823677582,7.21523110151188,7.21490792792793,128
"129",2012,3,6.80344827586207,29,6.95,6.72631578947368,6.7,6.55,6.8695652173913,10,19,9,6,23,3064,1645,1419,406,932,2132,7.21111123368146,7.63307598784194,6.7219413812544,6.80081280788177,7.21094849785408,7.21118237335835,129
"130",2012,4,6.625,20,6.58333333333333,6.64285714285714,7.3,6.3,6.73333333333333,6,14,5,5,15,3084,1651,1433,411,937,2147,7.20731025291829,7.62926105390672,6.72116875087229,6.80688564476886,7.20608751334045,7.20784388448999,130
"131",2012,5,6.506,25,7.49,5.85,7.1875,6.64375,6.44117647058824,10,15,4,8,17,3109,1661,1448,415,945,2164,7.20167089739466,7.62842263696568,6.71214421270718,6.81055421686747,7.20132698412698,7.20182108133087,131
"132",2012,6,7.2,19,7.48181818181818,6.8125,7.75,7,7.21111111111111,11,8,4,1,18,3128,1672,1456,419,946,2182,7.20166074808184,7.62745813397129,6.71269561813186,6.81952267303103,7.20111416490486,7.20189771769019,132
"133",2012,7,6.71307692307692,26,7.02307692307692,6.40307692307692,6.5,6.5375,6.79111111111111,13,13,4,8,18,3154,1685,1469,423,954,2200,7.19763310716551,7.62279525222552,6.70995562968005,6.8165011820331,7.19554926624738,7.19853673636364,133
"134",2012,8,6.13157894736842,19,6.5,5.72222222222222,7,5.3125,6.72727272727273,10,9,1,8,11,3173,1695,1478,424,962,2211,7.19124954932241,7.61617109144543,6.70394101488498,6.81693396226415,7.17988981288981,7.19619213930348,134
"135",2012,9,6.56190476190476,21,7.14285714285714,6.27142857142857,6.1,6.66666666666667,6.52,7,14,5,6,15,3194,1702,1492,429,968,2226,7.18711171571697,7.61422444183314,6.69988258713136,6.80857808857809,7.17670867768595,7.19163558849955,135
"136",2012,10,7.068,25,7.68181818181818,6.58571428571429,5.75,7.7,6.91,11,14,4,5,20,3219,1713,1506,433,973,2246,7.18618664802734,7.6146584938704,6.69882126162018,6.79879907621247,7.1793977389517,7.18912770258237,136
"137",2012,11,6.94230769230769,26,7.14285714285714,6.70833333333333,6.6,7.35714285714286,6.78947368421053,14,12,5,7,19,3245,1727,1518,438,980,2265,7.18423261016949,7.61083381586566,6.69889645586297,6.7965296803653,7.18066734693877,7.18577519646799,137
"138",2012,12,6.99,30,7.61538461538461,6.51176470588235,6.5,6.55,7.21,13,17,9,10,20,3275,1740,1535,447,990,2285,7.18245338015267,7.61086781609195,6.69682398697068,6.79055928411633,7.17429696969697,7.1859872297593,138
"139",2013,1,6.71388888888889,36,7.32307692307692,6.3695652173913,6.30769230769231,6.26666666666667,7.03333333333333,13,23,13,15,21,3311,1753,1558,460,1005,2306,7.17735874962247,7.60873359954364,6.6919928241335,6.77691304347826,7.16075024875622,7.18459705984389,139
"140",2013,2,7.36111111111111,18,7.58333333333333,7.25,7,8,7.23333333333333,6,12,5,3,15,3329,1759,1570,465,1008,2321,7.1783523039952,7.60864695849915,6.69625784713376,6.77931182795699,7.16324801587302,7.18491202929772,140
"141",2013,3,6.375,24,6.68,6.15714285714286,6.24,6.66666666666667,6.27777777777778,10,14,5,6,18,3353,1769,1584,470,1014,2339,7.17260209364748,7.60339739966082,6.69149294191919,6.77357446808511,7.16030966469428,7.17793109020949,141
"142",2013,4,7.20588235294118,17,7.375,6.8,7,6.5,7.42307692307692,12,5,1,4,13,3370,1781,1589,471,1018,2352,7.17276997626113,7.60185850645704,6.69183437382001,6.77405520169851,7.15771512770137,7.17928606292517,142
"143",2013,5,6.935,20,7.75,6.58571428571429,6.2,7.5,6.87222222222222,6,14,5,2,18,3390,1787,1603,476,1020,2370,7.17136720353983,7.6023559037493,6.69090756082345,6.76802521008403,7.1583862745098,7.17695393248945,143
"144",2013,6,6.375,16,6.875,5.875,7,7.5,6.21428571428571,8,8,1,2,14,3406,1795,1611,477,1022,2384,7.16762619495009,7.59911420612813,6.68685587833644,6.76851153039832,7.15905479452055,7.1713006795302,144
"145",2013,7,7.1,22,7.44285714285714,6.5,5.5,6.78571428571429,7.24666666666667,14,8,2,7,15,3428,1809,1619,479,1029,2399,7.16719218786465,7.59790491984522,6.68593256331068,6.76321503131524,7.15651506316812,7.17177191329721,145
"146",2013,8,6.64,20,7.1,6.07777777777778,6.33333333333333,6.375,6.70625,11,9,3,4,16,3448,1820,1628,482,1033,2415,7.16413422853828,7.5948956043956,6.68257052825553,6.76053941908714,7.15348886737657,7.16868771014493,146
"147",2013,9,6,17,6,6,5.9,5.875,6.11111111111111,6,11,5,8,9,3465,1826,1639,487,1041,2424,7.15842274747475,7.58965498357064,6.67798951799878,6.75170431211499,7.14366378482229,7.16476106435644,147
"148",2013,10,6.86153846153846,26,7.525,6.56666666666667,6.75,6.5,6.90869565217391,8,18,8,3,23,3491,1834,1657,495,1044,2447,7.15621163563449,7.58937295528898,6.67678021726011,6.75167676767677,7.14181417624521,7.16235423784226,148
"149",2013,11,6.67575757575758,33,6.86111111111111,6.45333333333333,7.1,6.875,6.64827586206897,18,15,5,4,29,3524,1852,1672,500,1048,2476,7.15171249148695,7.58229481641469,6.67477561004785,6.75516,7.14079580152672,7.15633312600969,149
"150",2013,12,6.712,25,7.48666666666667,5.55,4,6.21666666666667,6.86842105263158,15,10,2,6,19,3549,1867,1682,502,1054,2495,7.14861505212736,7.58152651312265,6.66808847800238,6.74418326693227,7.13553510436433,7.15414060921844,150
"151",2014,1,6.768,25,7.42857142857143,6.51111111111111,7.02222222222222,6.76,6.77,7,18,9,5,20,3574,1874,1700,511,1059,2515,7.14595266368215,7.58095517609391,6.66642636470588,6.74908023483366,7.13376203966006,7.15108581312127,151
"152",2014,2,6.85769230769231,26,7.18571428571429,6.475,6,8.25,6.74166666666667,14,12,5,2,24,3600,1888,1712,516,1061,2539,7.14387078333333,7.57802436440678,6.6650845911215,6.74182170542636,7.13586616399623,7.14721576211107,152
"153",2014,3,7.17964285714286,28,7.58333333333333,6.876875,6.65714285714286,7.05454545454545,7.26058823529412,12,16,7,11,17,3628,1900,1728,523,1072,2556,7.14414686328556,7.57805789473684,6.66704561342593,6.74068833652008,7.13503171641791,7.14796980438185,153
"154",2014,4,6.82307692307692,13,7.8,6.2125,7.175,7,6.79090909090909,5,8,4,2,11,3641,1905,1736,527,1074,2567,7.14300049986268,7.57864041994751,6.66495093317972,6.74398481973435,7.13478026070764,7.14643974289054,154
"155",2014,5,7,14,7.33333333333333,6.75,6.75,6.6875,7.125,6,8,6,4,10,3655,1911,1744,533,1078,2577,7.14245275512996,7.57787022501308,6.66534106651376,6.74405253283302,7.13312059369202,7.14635654637175,155
"156",2014,6,6.7,17,6.97142857142857,6.51,5.7,6.95,6.62307692307692,7,10,5,4,13,3672,1918,1754,538,1082,2590,7.1404043627451,7.57565693430657,6.66445542759407,6.73434944237918,7.13244362292052,7.14373004633205,156
"157",2014,7,7.40666666666667,15,7.85714285714286,7.0125,6.83333333333333,7,7.43571428571429,7,8,3,1,14,3687,1925,1762,541,1083,2604,7.14148761052346,7.57668051948052,6.66603565266742,6.73489833641405,7.13232132963989,7.14529985407066,157
"158",2014,8,7.42857142857143,14,8.45,7.02,6.84,6.5,7.58333333333333,4,10,5,2,12,3701,1929,1772,546,1085,2616,7.14257358011348,7.57849144634525,6.66803319413093,6.73586080586081,7.13115576036867,7.14730918195719,158
"159",2014,9,6.8125,20,7.39583333333333,5.9375,5.83333333333333,7.33333333333333,6.72058823529412,12,8,3,3,17,3721,1941,1780,549,1088,2633,7.14079946788498,7.57736218444101,6.66474989887641,6.73092896174863,7.13171323529412,7.1445540524117,159
"160",2014,10,6.93333333333333,24,7.32142857142857,6.39,6.65,5.98,7.18421052631579,14,10,6,5,19,3745,1955,1790,555,1093,2652,7.13946991188251,7.5755294117647,6.66321498324022,6.73005405405405,7.12644464775846,7.14483816742082,160
"161",2014,11,6.68,25,6.79166666666667,6.57692307692308,5.91666666666667,6.2,6.8,12,13,6,5,20,3770,1967,1803,561,1098,2672,7.13642302917772,7.57074733096085,6.66259280088741,6.72135472370766,7.12222586520947,7.14225704341317,161
"162",2014,12,6.64782608695652,23,7.31818181818182,6.03333333333333,6.34285714285714,7.05714285714286,6.46875,11,12,7,7,16,3793,1978,1815,568,1105,2688,7.1334602741893,7.56934277047523,6.6584324077135,6.71669014084507,7.12181357466063,7.13824807291667,162
"163",2015,1,6.67105263157895,19,7.05555555555556,6.325,4.5,6.875,6.64705882352941,9,10,2,2,17,3812,1987,1825,570,1107,2705,7.13115551416579,7.56701560140916,6.65660538082192,6.70891228070175,7.12136766034327,7.13516111645102,163
"164",2015,2,7.08571428571429,21,7.41,6.79090909090909,6.425,7.95,6.99473684210526,10,11,4,2,19,3833,1997,1836,574,1109,2724,7.13090655361336,7.56622934401602,6.65741003267974,6.70693379790941,7.12286203787196,7.13418165198238,164
"165",2015,3,7,16,7.57142857142857,6.55555555555556,6.08333333333333,8,6.93333333333333,7,9,6,1,15,3849,2004,1845,580,1110,2739,7.13036238503508,7.56624750499002,6.65691318157182,6.70048275862069,7.12365225225225,7.13308171595473,165
"166",2015,4,6.83636363636364,11,6.8,6.86666666666667,7.3,6.66666666666667,6.9,5,6,3,3,8,3860,2009,1851,583,1113,2747,7.12952456476684,7.56434046789447,6.65759309562399,6.70356775300171,7.1224204851752,7.1324029195486,166
"167",2015,5,6.83703703703704,27,7.15833333333333,6.58,6.5,6.84285714285714,6.835,12,15,8,7,20,3887,2021,1866,591,1120,2767,7.12749287882686,7.56192973775359,6.65696935691319,6.70081218274112,7.12067321428571,7.13025327791832,167
"168",2015,6,6.77222222222222,18,6.98888888888889,6.55555555555556,6.25,6,6.86875,9,9,2,2,16,3905,2030,1875,593,1122,2783,7.12585526760564,7.55938916256157,6.65648257066667,6.69929173693086,7.11867557932264,7.12874984549048,168
"169",2015,7,6.275,12,7.5,5.6625,6.43333333333333,5.5,6.43,4,8,3,2,10,3917,2034,1883,596,1124,2793,7.123248613735,7.55927236971485,6.65225959638874,6.69795302013423,7.11579537366548,7.12624805585392,169
"170",2015,8,6.96428571428571,14,7.31428571428571,6.61428571428571,7,7,6.95454545454545,7,7,2,3,11,3931,2041,1890,598,1127,2804,7.12268247774103,7.5584321411073,6.65211895238095,6.69896321070234,7.11548713398403,7.1255744721826,170
"171",2015,9,6.73333333333333,12,7.26666666666667,6.55555555555556,6.8,7.25,6.63,3,9,5,2,10,3943,2044,1899,603,1129,2814,7.12149754501649,7.55800391389432,6.6516613059505,6.69980099502488,7.11572542072631,7.12381336886994,171
"172",2015,10,6.6,15,7.75,6.18181818181818,5,4,7,4,11,1,2,13,3958,2048,1910,604,1131,2827,7.11952117736231,7.55837890625,6.64895540314136,6.69698675496689,7.1102157382847,7.12324401131942,172
"173",2015,11,7.1,15,7.71428571428571,6.5625,6.7,8,6.875,7,8,5,3,12,3973,2055,1918,609,1134,2839,7.11944747545935,7.5589099756691,6.64859479666319,6.69701149425287,7.112569664903,7.12219472349419,173
"174",2015,12,6.86428571428571,21,6.9,6.825,5.83333333333333,6.65555555555556,7.02083333333333,11,10,3,9,12,3994,2066,1928,612,1143,2851,7.1181058637957,7.55540174249758,6.64950976141079,6.69277777777778,7.10897112860892,7.12176808839004,174
"175",2016,1,6.8625,24,7.40714285714286,6.1,5.6,5.5,6.98636363636364,14,10,5,2,22,4018,2080,1938,617,1145,2873,7.11657909905426,7.55440384615384,6.64667431372549,6.68392220421394,7.10616069868995,7.12073122868082,175
"176",2016,2,6.35714285714286,14,6.875,5.66666666666667,5.5,6.2,6.44444444444444,8,6,2,5,9,4032,2088,1944,619,1150,2882,7.11394216765873,7.55180076628352,6.64364959876543,6.68009693053312,7.10222086956522,7.11861929909785,176
"177",2016,3,6.9,18,7,6.83636363636364,7.125,8.05,6.57142857142857,7,11,4,4,14,4050,2095,1955,623,1154,2896,7.11299131358025,7.54995704057279,6.64473392327366,6.68295345104334,7.10550606585788,7.11597404005525,177
"178",2016,4,6.6375,20,7.05,6.225,6.35,5,6.92647058823529,10,10,5,3,17,4070,2105,1965,628,1157,2913,7.11065474692875,7.54758194774347,6.64259787277354,6.6803025477707,7.10004667242869,7.11486811534501,178
"179",2016,5,7,11,7.92857142857143,5.375,4.5,7.66666666666667,6.75,7,4,2,3,8,4081,2112,1969,630,1160,2921,7.11035648615536,7.5488446969697,6.64002276282377,6.67338095238095,7.10151206896552,7.11386881889764,179
"180",2016,6,6.32222222222222,18,6.68181818181818,5.75714285714286,6.125,6.83333333333333,6.22,11,7,4,3,15,4099,2123,1976,634,1163,2936,7.1068955403757,7.54435233160622,6.63689515182186,6.66992113564669,7.10082029234738,7.10930205040872,180
"181",2016,7,6.60714285714286,14,6.375,6.91666666666667,7.25,7.16666666666667,6.45454545454545,8,6,2,3,11,4113,2131,1982,636,1166,2947,7.10519446146365,7.53996245893946,6.63774208879919,6.67174528301887,7.1009897084048,7.10685809976247,181
"182",2016,8,6.57,20,7.28571428571429,6.18461538461538,6.68,5,6.74444444444444,7,13,5,2,18,4133,2138,1995,641,1168,2965,7.10260460198403,7.53913002806361,6.63478938345865,6.6718096723869,7.09739212328767,7.10465794940978,182
"183",2016,9,6.93333333333333,15,7.44444444444444,6.16666666666667,4,6.5,7,9,6,1,2,13,4148,2147,2001,642,1170,2978,7.1019924831244,7.53873311597578,6.63338571714143,6.66764797507788,7.09637094017094,7.10420108126259,183
"184",2016,10,6.55,18,6.74166666666667,6.16666666666667,6.5,4.5,6.67058823529412,12,6,3,1,17,4166,2159,2007,645,1171,2995,7.09960749399904,7.5343029180176,6.63199044344793,6.66686821705426,7.0941537147737,7.10173983973289,184
"185",2016,11,6.89,20,7.55,6.23,6.25,6.5,7.15,10,10,4,8,12,4186,2169,2017,649,1179,3007,7.09860602484472,7.53437528815122,6.62999743182945,6.66429892141757,7.09012213740458,7.10193243099435,185
"186",2016,12,6.46451612903226,31,6.63529411764706,6.25714285714286,6.375,6,6.55384615384615,17,14,4,5,26,4217,2186,2031,653,1184,3033,7.09394470476642,7.52738334858188,6.62742728705071,6.66252679938744,7.08551858108108,7.09723403231125,186
"187",2017,1,6.24444444444444,18,7.15555555555556,5.33333333333333,4.75,4.6,6.87692307692308,9,9,4,5,13,4235,2195,2040,657,1189,3046,7.09033407792208,7.52585876993166,6.62171804901961,6.65088280060883,7.07506644238856,7.09629376887722,187
"188",2017,2,6.25,16,6.83333333333333,5.9,6.5,3,6.46666666666667,6,10,3,1,15,4251,2201,2050,660,1190,3061,7.08717121147965,7.52397092230804,6.61819747317073,6.65019696969697,7.07164201680672,7.09320836981379,188
"189",2017,3,6.28333333333333,24,7.19090909090909,5.51538461538462,6.16666666666667,7,6.25217391304348,11,13,3,1,23,4275,2212,2063,663,1191,3084,7.0826584374269,7.52231464737794,6.61124809500727,6.64800904977376,7.07158186397985,7.08693606355383,189
"190",2017,4,6.77272727272727,11,6.71428571428571,6.875,6,6.5,6.83333333333333,7,4,2,2,9,4286,2219,2067,665,1193,3093,7.08186300046664,7.5197656602073,6.6117585002419,6.64606015037594,7.07062363788768,7.08619813126415,190
"191",2017,5,6.94375,24,7.18928571428571,6.6,7,7.2,6.83823529411765,14,10,3,7,17,4310,2233,2077,668,1200,3110,7.08109392575406,7.51769368562472,6.61170188733751,6.6476497005988,7.07137833333333,7.0848427073955,191
"192",2017,6,6.79166666666667,12,6.75,6.83333333333333,7,6,6.86363636363636,6,6,2,1,11,4322,2239,2083,670,1201,3121,7.08029033317909,7.51563644484145,6.61234028804609,6.64870149253731,7.07048626144879,7.0840630631208,192
"193",2017,7,6.89166666666667,12,6.64,7.07142857142857,7.5,6,6.97272727272727,5,7,1,1,11,4334,2244,2090,671,1202,3132,7.07976807106599,7.51368538324421,6.61387790430622,6.64997019374069,7.06959567387687,7.08367203703704,193
"194",2017,8,7.08888888888889,18,7.55,6.16666666666667,6,8.26666666666667,6.85333333333333,12,6,1,3,15,4352,2256,2096,672,1205,3147,7.07980579503677,7.51387854609929,6.61259771946565,6.64900297619048,7.07257593360996,7.08257414045123,194
"195",2017,9,7.60909090909091,11,7.67142857142857,7.5,7.5,7.5,7.63333333333333,7,4,2,2,9,4363,2263,2100,674,1207,3156,7.0811402292001,7.51436588599205,6.61428800952381,6.65152818991098,7.07328417564209,7.08414474651458,195
"196",2017,10,6.81666666666667,18,7.41666666666667,6.51666666666667,6.125,7.375,6.65714285714286,6,12,4,4,14,4381,2269,2112,678,1211,3170,7.08005359963479,7.51410753635963,6.61373334280303,6.64842182890856,7.07428075970272,7.08225893375395,196
"197",2017,11,6.72631578947368,19,7.2,6.2,6.25,6.66666666666667,6.7375,10,9,6,3,16,4400,2279,2121,684,1214,3186,7.07852609545455,7.51272926722247,6.61197775577558,6.6449269005848,7.07327347611202,7.08052756434401,197
"198",2017,12,6.84782608695652,23,7.04166666666667,6.63636363636364,6.66666666666667,6,6.975,12,11,3,3,20,4423,2291,2132,687,1217,3206,7.07732643454669,7.51026189436927,6.61210357410882,6.64502183406114,7.07062777321282,7.07986925140362,198
"199",2018,1,6.75,24,7.13636363636364,6.42307692307692,6,7.2,6.63157894736842,11,13,4,5,19,4447,2302,2145,691,1222,3225,7.07555988756466,7.50847523892268,6.61095795804196,6.64128798842258,7.07115711947627,7.07722816124031,199
"200",2018,2,6.60642857142857,14,7,6.38777777777778,6.33333333333333,7,6.54083333333333,5,9,3,2,12,4461,2307,2154,694,1224,3237,7.07408760815961,7.50737321196359,6.61002545032497,6.63995677233429,7.0710408496732,7.0752396725363,200
"201",2018,3,7.4625,16,7.94,6.66666666666667,6,7.9,7.4,10,6,2,2,14,4477,2317,2160,696,1226,3251,7.07547572481573,7.50924039706517,6.61018278703703,6.63811781609195,7.07239314845024,7.07663820978161,201
"202",2018,4,6.275,10,7.3,5.25,7,6.875,6.125,5,5,1,2,8,4487,2322,2165,697,1228,3259,7.07369173612659,7.50878983634798,6.60704148729792,6.63863701578192,7.07207166123778,7.07430218471924,202
"203",2018,5,6.34285714285714,14,7.8,5.53333333333333,4.5,5.45,6.7,5,9,4,4,10,4501,2327,2174,701,1232,3269,7.07141853365919,7.50941555651053,6.60259651333946,6.62643366619116,7.06680519480519,7.07315717956562,203
"204",2018,6,6.28571428571429,14,6.66666666666667,6.18181818181818,6.33333333333333,NA,6.28571428571429,3,11,3,0,14,4515,2330,2185,704,1232,3283,7.0689822414175,7.508330472103,6.6004781784897,6.62518465909091,7.06680519480519,7.06979921413342,204
"205",2018,7,6.54545454545455,11,7,6,6,6.5,6.55555555555556,6,5,3,2,9,4526,2336,2190,707,1234,3292,7.06770985859479,7.50702482876712,6.59910722374429,6.62253182461103,7.06588654781199,7.06839332320778,205
"206",2018,8,6.64705882352941,17,6.95833333333333,5.9,6,7,6.57142857142857,12,5,1,3,14,4543,2348,2195,708,1237,3306,7.06613577371781,7.5042206132879,6.59751472437357,6.62165254237288,7.06572675828617,7.06628881427708,206
"207",2018,9,7.5,19,7.7,7.15714285714286,6.5,7.55,7.49411764705882,12,7,2,2,17,4562,2360,2202,710,1239,3323,7.06794274879439,7.50521610169492,6.59929374205268,6.62130985915493,7.06650847457627,7.06847752633163,207
"208",2018,10,7.09166666666667,12,7.46,5.25,5.25,7.03333333333333,7.11111111111111,10,2,2,3,9,4574,2370,2204,712,1242,3332,7.06800498906865,7.5050253164557,6.59806933756805,6.61745786516854,7.06642834138486,7.06859268307323,208
"209",2018,11,6.52857142857143,14,7.48333333333333,5.8125,6,6.66666666666667,6.49090909090909,6,8,4,3,11,4588,2376,2212,716,1245,3343,7.06635894071491,7.50497053872054,6.59522821880651,6.61400837988827,7.06546506024096,7.06669183966498,209
"210",2018,12,6.46315789473684,19,7.02727272727273,5.6875,4.75,6.175,6.54,11,8,2,4,15,4607,2387,2220,718,1249,3358,7.0638712437595,7.50276916631755,6.59195712612612,6.60881615598886,7.0626132906325,7.06433913639071,210
"211",2019,1,6.59477117647059,17,6.67901222222222,6.5,6,6,6.631944375,9,8,1,1,16,4624,2396,2228,719,1250,3374,7.06214661115918,7.49967492070117,6.5916269389587,6.60796940194715,7.0617632,7.06228865737997,211
"212",2019,2,6.73333333333333,15,7.1,6,6,5.66666666666667,7,10,5,5,3,12,4639,2406,2233,724,1253,3386,7.06108340806209,7.49801376142976,6.59030220331392,6.60377071823204,7.05842298483639,7.06206790608388,212
"213",2019,3,5.94444444444444,9,7,5.8125,6.25,NA,5.94444444444444,1,8,4,0,9,4648,2407,2241,728,1253,3395,7.05892124139415,7.49780685916078,6.58752557786702,6.60182692307692,7.05842298483639,7.05910513402062,213
"214",2019,4,6.48181818181818,11,6.91666666666667,5.96,6.9,6.66666666666667,6.4125,6,5,2,3,8,4659,2413,2246,730,1256,3403,7.05755868855978,7.49636183588894,6.58612859305431,6.60264383561644,7.05748726114649,7.05758505142522,214
"215",2019,5,6.77272727272727,11,7.1,6.5,7,7.33333333333333,6.5625,5,6,3,3,8,4670,2418,2252,733,1259,3411,7.05688777944326,7.49554222911497,6.58589912078152,6.60427012278308,7.05814455917395,7.0564239020815,215
"216",2019,6,6.87142857142857,7,7.125,6.53333333333333,NA,NA,6.87142857142857,4,3,0,0,7,4677,2422,2255,733,1259,3418,7.05661020525979,7.49493026837325,6.58582918847006,6.60427012278308,7.05814455917395,7.05604503510825,216
"217",2019,7,6.55,8,6,6.88,6.95,7,6.48571428571429,3,5,2,1,7,4685,2425,2260,735,1260,3425,7.05574512913555,7.49308087010309,6.58648000884955,6.60521088435374,7.05809841269841,7.05487939562044,217
"218",2019,8,6.35,20,6.81818181818182,5.77777777777778,5.33333333333333,6.5,6.28571428571429,11,9,3,6,14,4705,2436,2269,738,1266,3439,7.0527451498406,7.49003329638752,6.58327228735125,6.6000406504065,7.05545339652449,7.05174816225647,218
"219",2019,9,6.52777777777778,18,6.8,6.1875,6.5,5.83333333333333,6.875,10,8,3,6,12,4723,2446,2277,741,1272,3451,7.05074442727081,7.48721222812756,6.58188178304787,6.59963562753036,7.04968867924528,7.0511335641843,219
"220",2019,10,7.3,19,7.63636363636364,6.8375,6.66666666666667,7.4,7.26428571428571,11,8,3,5,14,4742,2457,2285,744,1277,3465,7.05174313159005,7.48787997964998,6.58277672647702,6.59990591397849,7.05106029757243,7.05199478499279,220
"221",2019,11,6.33,18,6.994,5.5,5,6.33333333333333,6.32933333333333,10,8,2,3,15,4760,2467,2293,746,1280,3480,7.04901385084034,7.48587803404945,6.57899904928041,6.59561662198391,7.049378125,7.04887986494253,221
"222",2019,12,7.0625,8,7.1,7,6,NA,7.0625,5,3,1,0,8,4768,2472,2296,747,1280,3488,7.04903647860739,7.48509753640777,6.57954913763066,6.59481927710843,7.049378125,7.04891110378441,222
"223",2020,1,6.84,20,7.02,6.3,6,7.9,6.72222222222222,15,5,1,2,18,4788,2487,2301,748,1282,3506,7.04816331035924,7.48229236429433,6.57894168622338,6.59402406417112,7.05070514820593,7.0472338648032,223
"224",2020,2,6.5,12,8,6.2,6.16666666666667,5.5,6.59090909090909,2,10,6,1,11,4800,2489,2311,754,1283,3517,7.04679290208334,7.48270836078746,6.57730195586326,6.59062334217507,7.04949649259548,7.04580663349446,224
"225",2020,3,6.245,8,6.692,5.5,5,6.66,5,5,3,2,6,2,4808,2494,2314,756,1289,3519,7.04545880407655,7.48112313953488,6.57590528089887,6.58641534391534,7.04768347556245,7.04464391304348,225
"226",2020,4,6.5,8,6.7,6.16666666666667,6.75,7,6.42857142857143,5,3,2,1,7,4816,2499,2317,758,1290,3526,7.04455272632891,7.47956026810724,6.57537540785498,6.58684696569921,7.0476465116279,7.04342085365854,226
"227",2020,5,7.08333333333333,12,7.33333333333333,6.33333333333333,7,7.25,7,9,3,2,4,8,4828,2508,2320,760,1294,3534,7.04464911557581,7.47903553030303,6.57506242241379,6.58793421052632,7.04827202472952,7.04332256083758,227
"228",2020,6,7.13636363636364,11,7.25,6.83333333333333,6.75,6.66666666666667,7.3125,8,3,2,3,8,4839,2516,2323,762,1297,3542,7.04485760074396,7.47830727742448,6.57539596211795,6.58835958005249,7.04738936006168,7.04393052795031,228
"229",2020,7,7.42222222222222,9,7.5,7.36,6.9,6.9,7.57142857142857,4,5,2,2,7,4848,2520,2328,764,1299,3549,7.0455581538779,7.47834171031746,6.57708110824742,6.58917539267016,7.04716243264049,7.04497095801635,229
"230",2020,8,6.71333333333333,12,6.72285714285714,6.7,6,5.5,6.956,7,5,1,2,10,4860,2527,2333,765,1301,3559,7.04473784567902,7.47624895528294,6.57734454350621,6.58840522875817,7.04478401229823,7.04472096937342,230
"231",2020,9,7.19090909090909,11,7.34444444444444,6.5,NA,7.66666666666667,7.0125,9,2,0,3,8,4871,2536,2335,765,1304,3567,7.0450679388216,7.47578119479495,6.57727829550321,6.58840522875817,7.04621472392638,7.04464870479395,231
"232",2020,10,6.75833333333333,18,7.25,6.365,5.5,8,6.68529411764706,8,10,2,1,17,4889,2544,2345,767,1305,3584,7.0440122581305,7.47507119103774,6.57637305756929,6.58556714471969,7.04694559386973,7.04294417689732,232
"233",2020,11,7.28333333333333,21,7.6375,6.81111111111111,6.35,6.875,7.37941176470588,12,9,2,4,17,4910,2556,2354,769,1309,3601,7.04503583095724,7.47583376760563,6.57727052676295,6.5849544863459,7.04642016806722,7.04453261038601,233
"234",2020,12,6.77058823529412,17,7.06,6.35714285714286,6.25,8.45,6.54666666666667,10,7,2,2,15,4927,2566,2361,771,1311,3616,7.04408888370206,7.47421321512081,6.57661788225328,6.58408560311284,7.04856140350877,7.04246734789823,234
"235",2021,1,6.5,21,6.53571428571429,6.42857142857143,6.75,6.375,6.52941176470588,14,7,4,4,17,4948,2580,2368,775,1315,3633,7.0417796948262,7.46912058527132,6.57618024493243,6.58494193548387,7.04651254752851,7.04006659234793,235
"236",2021,2,6.5,15,7.44,6.03,5.5,NA,6.5,5,10,4,0,15,4963,2585,2378,779,1315,3648,7.04014223856539,7.46906425918762,6.57388343986543,6.57937098844673,7.04651254752851,7.03784592379386,236
"237",2021,3,7.11111111111111,9,7.5,6.625,7.5,6.5,7.28571428571429,5,4,1,2,7,4972,2590,2382,780,1317,3655,7.04027070193082,7.46912398069498,6.57396927791771,6.58055128205128,7.04568261199696,7.0383206374829,237
"238",2021,4,6.27272727272727,11,6.5,6.14285714285714,6.6,6.5,6.25,4,7,5,1,10,4983,2594,2389,785,1318,3665,7.03857634557496,7.46762957208944,6.57270607785684,6.58067515923567,7.04526858877086,7.03616969440655,238
"239",2021,5,6.55384615384615,13,6.81428571428571,6.25,6.16666666666667,7,6.47272727272727,7,6,3,2,11,4996,2601,2395,788,1320,3676,7.03731503803043,7.46587124567474,6.57189762839248,6.57909898477157,7.0452,7.03448365886834,239
"240",2021,6,7.5625,8,8.125,7,NA,8.75,7.16666666666667,4,4,0,2,6,5004,2605,2399,788,1322,3682,7.03815466227019,7.46688334357006,6.5726114297624,6.57909898477157,7.0477791225416,7.03469905757741,240
"241",2021,7,5.86,10,7.2,5.28571428571429,4.5,5.5,5.95,3,7,2,2,8,5014,2608,2406,790,1324,3690,7.03580493218987,7.4665763458589,6.56886733998337,6.57383544303797,7.04544108761329,7.03234740650407,241
"242",2021,8,6.71875,16,6.72222222222222,6.71428571428571,5.5,6.875,6.66666666666667,9,7,3,4,12,5030,2617,2413,793,1328,3702,7.03479640755468,7.46401647306076,6.56928919187733,6.56977301387137,7.04492771084337,7.0311620556456,242
"243",2021,9,7.05,5,7.5625,5,NA,7.75,6.875,4,1,0,1,4,5035,2621,2414,793,1329,3706,7.03481150546177,7.46416677222434,6.56863911350455,6.56977301387137,7.04545823927765,7.03099350512683,243
"244",2021,10,6.54444444444444,9,6.7,6,5,6,6.6125,7,2,1,1,8,5044,2628,2416,794,1330,3714,7.0339365444092,7.46213132039574,6.56816838576159,6.5677959697733,7.04467218045112,7.03009206515886,244
"245",2021,11,6.53333333333333,15,6.75,6.1,6,7.5,6.38461538461539,10,5,2,2,13,5059,2638,2421,796,1332,3727,7.03245224945642,7.45943180818802,6.56720149524989,6.56636934673367,7.04535585585585,7.02784060370271,245
"246",2021,12,6.86307692307692,13,7.24666666666667,6,5,7,6.85166666666667,9,4,1,1,12,5072,2647,2425,797,1333,3739,7.03201812500001,7.4587083906309,6.56626590515464,6.56440401505646,7.04532183045761,7.02727518855309,246
"247",2022,1,7.00625,16,7.37272727272727,6.2,NA,8.5,6.90666666666667,11,5,0,1,15,5088,2658,2430,797,1334,3754,7.03193709316038,7.45835256207675,6.56551227160493,6.56440401505646,7.04641229385307,7.02679326851359,247
"248",2022,2,6.76153846153846,13,7,6.48333333333333,NA,6.4,6.79166666666667,7,6,0,1,12,5101,2665,2436,797,1335,3766,7.03124797686729,7.45714863414634,6.56530986042693,6.56440401505646,7.04592808988764,7.02604406001063,248
"249",2022,3,6.76642857142857,14,7.16363636363636,5.31,6.25,6.486,6.92222222222222,11,3,2,5,9,5115,2676,2439,799,1340,3775,7.03052315347019,7.45594211883408,6.56376581385813,6.5636170212766,7.04383880597015,7.02579653774835,249
"250",2022,4,7.5,2,7.5,NA,NA,NA,7.5,2,0,0,0,2,5117,2678,2439,799,1340,3777,7.03070665038109,7.45597502240478,6.56376581385813,6.5636170212766,7.04383880597015,7.02604763833731,250
"251",2022,5,5.45833333333333,12,6.625,4.875,6,5.66666666666667,5.38888888888889,4,8,2,3,9,5129,2682,2447,801,1343,3786,7.02702786703062,7.45473568605518,6.55824471597875,6.56220973782772,7.04076247207743,7.02215581880613,251
"252",2022,6,5.4,13,7.75,4.35555555555556,3.6,NA,5.4,4,9,2,0,13,5142,2686,2456,803,1343,3799,7.02291441656943,7.45517539463887,6.5501729723127,6.55483188044832,7.04076247207743,7.01660487759937,252
"253",2022,7,7.3,10,7.33333333333333,7.25,6,7,7.42857142857143,6,4,1,3,7,5152,2692,2460,804,1346,3806,7.02345223796584,7.45490382986627,6.55131090243902,6.55414179104478,7.04067161961367,7.01736256699948,253
"254",2022,8,7.68181818181818,11,7.5,7.9,6,8.075,7.45714285714286,6,5,1,4,7,5163,2698,2465,805,1350,3813,7.02485491574666,7.45500411786509,6.5540465801217,6.55345341614907,7.04373629629629,7.01816992656701,254
"255",2022,9,6.025,8,6.44,5.33333333333333,7,6.5,5.86666666666667,5,3,1,2,6,5171,2703,2468,806,1352,3819,7.02330805066719,7.45312656677765,6.55256273095624,6.55400744416873,7.04293195266272,7.01636080911234,255
"256",2022,10,7.125,12,7.5,6.6,NA,7.75,6.8125,7,5,0,4,8,5183,2710,2473,806,1356,3827,7.02354349411538,7.45324764206642,6.55265864132632,6.55400744416873,7.04501769911504,7.01593465638882,256
"257",2022,11,7.01,10,7.1375,6.5,5,6,7.12222222222222,8,2,1,1,9,5193,2718,2475,807,1357,3836,7.02351741382631,7.45231828918322,6.55261608888889,6.55208178438662,7.04424760501105,7.01618402763295,257
"258",2022,12,6.19230769230769,13,6.6875,5.4,6,7.5,6.08333333333333,8,5,1,1,12,5206,2726,2480,808,1358,3848,7.02144178447945,7.45007377476156,6.55029226612903,6.55139851485148,7.04458321060383,7.01327492983368,258
