"","year","month","avg_rating","no_ratings","avg_rating_owned","avg_rating_not_owned","avg_rating_prev_owned","avg_rating_comment","avg_rating_no_comment","no_ratings_owned","no_ratings_not_owned","no_ratings_prev_owned","no_ratings_comment","no_ratings_no_comment","cum_no_ratings","cum_no_ratings_owned","cum_no_ratings_not_owned","cum_no_ratings_prev_owned","cum_no_ratings_comment","cum_no_ratings_no_comment","cum_avg_rating","cum_avg_rating_owned","cum_avg_rating_not_owned","cum_avg_rating_prev_owned","cum_avg_rating_comment","cum_avg_rating_no_comment","month_after_release"
"1",2001,6,7,3,7.5,6,NA,NA,7,2,1,0,0,3,3,2,1,0,0,3,7,7.5,6,NA,NA,7,1
"2",2001,7,9,4,9,9,NA,NA,9,3,1,0,0,4,7,5,2,0,0,7,8.14285714285714,8.4,7.5,NA,NA,8.14285714285714,2
"3",2001,8,8,5,8.25,7,7,9,7.75,4,1,1,1,4,12,9,3,1,1,11,8.08333333333333,8.33333333333333,7.33333333333333,7,9,8,3
"4",2001,9,8.875,8,8.875,NA,NA,9,8.83333333333333,8,0,0,2,6,20,17,3,1,3,17,8.4,8.58823529411765,7.33333333333333,7,9,8.29411764705882,4
"5",2001,10,7.7,5,8.16666666666667,7,NA,6.5,8.5,3,2,0,2,3,25,20,5,1,5,20,8.26,8.525,7.2,7,8,8.325,5
"6",2001,11,8.6,5,8.6,NA,NA,8.5,8.66666666666667,5,0,0,2,3,30,25,5,1,7,23,8.31666666666667,8.54,7.2,7,8.14285714285714,8.3695652173913,6
"7",2002,1,6.5,2,NA,6.5,NA,6,7,0,2,0,1,1,32,25,7,1,8,24,8.203125,8.54,7,7,7.875,8.3125,8
"8",2002,2,8,4,8.66666666666667,6,NA,7.5,8.5,3,1,0,2,2,36,28,8,1,10,26,8.18055555555556,8.55357142857143,6.875,7,7.8,8.32692307692308,9
"9",2002,3,9,3,9,NA,NA,NA,9,3,0,0,0,3,39,31,8,1,10,29,8.24358974358974,8.59677419354839,6.875,7,7.8,8.39655172413793,10
"10",2002,4,8.5,3,8.5,NA,NA,8.5,NA,3,0,0,3,0,42,34,8,1,13,29,8.26190476190476,8.58823529411764,6.875,7,7.96153846153846,8.39655172413793,11
"11",2002,5,8.5,6,8.75,8,NA,NA,8.5,4,2,0,0,6,48,38,10,1,13,35,8.29166666666667,8.60526315789473,7.1,7,7.96153846153846,8.41428571428571,12
"12",2002,6,8.85,10,9,8.25,8,8.5,8.9375,8,2,1,2,8,58,46,12,2,15,43,8.38793103448276,8.67391304347826,7.29166666666667,7.5,8.03333333333333,8.51162790697674,13
"13",2002,7,9.05555555555556,9,9.07142857142857,9,9,9.375,8.8,7,2,1,4,5,67,53,14,3,19,48,8.47761194029851,8.72641509433962,7.53571428571429,8,8.31578947368421,8.54166666666667,14
"14",2002,8,8.16666666666667,6,9.25,6,NA,9,7.33333333333333,4,2,0,3,3,73,57,16,3,22,51,8.45205479452055,8.76315789473684,7.34375,8,8.40909090909091,8.47058823529412,15
"15",2002,9,8.27777777777778,9,8.5,7.83333333333333,9,8.16666666666667,8.33333333333333,6,3,1,3,6,82,63,19,4,25,57,8.43292682926829,8.73809523809523,7.42105263157895,8.25,8.38,8.45614035087719,16
"16",2002,10,8.5,4,8.5,8.5,NA,7,9,2,2,0,1,3,86,65,21,4,26,60,8.43604651162791,8.73076923076923,7.52380952380952,8.25,8.32692307692308,8.48333333333333,17
"17",2002,11,8.25,8,8,9,NA,8,8.28571428571429,6,2,0,1,7,94,71,23,4,27,67,8.42021276595745,8.66901408450704,7.65217391304348,8.25,8.31481481481481,8.46268656716418,18
"18",2002,12,7.85714285714286,7,8,7,NA,7.66666666666667,8,6,1,0,3,4,101,77,24,4,30,71,8.38118811881188,8.61688311688311,7.625,8.25,8.25,8.43661971830986,19
"19",2003,1,8.7,5,8.7,NA,NA,9,8.5,5,0,0,2,3,106,82,24,4,32,74,8.39622641509434,8.62195121951219,7.625,8.25,8.296875,8.43918918918919,20
"20",2003,2,7.5,6,8,5,NA,5,8,5,1,0,1,5,112,87,25,4,33,79,8.34821428571428,8.58620689655172,7.52,8.25,8.1969696969697,8.41139240506329,21
"21",2003,3,8.42857142857143,7,8.6,8,NA,8.25,8.66666666666667,5,2,0,4,3,119,92,27,4,37,82,8.35294117647059,8.58695652173913,7.55555555555556,8.25,8.2027027027027,8.42073170731707,22
"22",2003,4,8.01666666666667,15,8.02083333333333,8,7,7.9375,8.04545454545454,12,3,1,4,11,134,104,30,5,41,93,8.31529850746269,8.52163461538461,7.6,8,8.17682926829268,8.3763440860215,23
"23",2003,5,8.22727272727273,11,8.21428571428571,8.25,NA,9.66666666666667,7.6875,7,4,0,3,8,145,111,34,5,44,101,8.30862068965517,8.50225225225225,7.67647058823529,8,8.27840909090909,8.32178217821782,24
"24",2003,6,7.83571428571429,14,7.82307692307692,8,NA,7.24285714285714,8.42857142857143,13,1,0,7,7,159,124,35,5,51,108,8.26698113207547,8.43104838709677,7.68571428571429,8,8.13627450980392,8.3287037037037,25
"25",2003,7,8.46341463414634,41,8.70588235294118,7.28571428571429,NA,8.66666666666667,8.42857142857143,34,7,0,6,35,200,158,42,5,57,143,8.30725,8.49018987341772,7.61904761904762,8,8.1921052631579,8.35314685314685,26
"26",2003,8,8.09444444444444,18,8.45833333333333,7.36666666666667,NA,8,8.13076923076923,12,6,0,5,13,218,170,48,5,62,156,8.28967889908257,8.48794117647058,7.5875,8,8.17661290322581,8.33461538461538,27
"27",2003,9,8,21,8.1875,7.4,NA,7.91666666666667,8.03333333333333,16,5,0,6,15,239,186,53,5,68,171,8.26422594142259,8.46209677419355,7.56981132075472,8,8.15367647058824,8.30818713450292,28
"28",2003,10,7.86428571428571,7,7.85,7.9,NA,9,7.675,5,2,0,1,6,246,191,55,5,69,177,8.25284552845529,8.44607329842932,7.58181818181818,8,8.16594202898551,8.28672316384181,29
"29",2003,11,7.85625,16,8.225,6.75,5,7.08333333333333,8.32,12,4,1,6,10,262,203,59,6,75,187,8.22862595419847,8.43300492610837,7.52542372881356,7.5,8.07933333333333,8.28850267379679,30
"30",2003,12,8.02631578947368,19,7.78125,9.33333333333333,10,8.0625,8,16,3,1,8,11,281,219,62,7,83,198,8.21494661921708,8.38538812785388,7.61290322580645,7.85714285714286,8.0777108433735,8.27247474747475,31
"31",2004,1,8.5125,16,9.225,6.375,NA,8.15,8.875,12,4,0,8,8,297,231,66,7,91,206,8.23097643097643,8.42900432900433,7.53787878787879,7.85714285714286,8.08406593406593,8.29587378640777,32
"32",2004,2,8.1551724137931,29,8.2,7.875,NA,8.5,8.02380952380952,25,4,0,8,21,326,256,70,7,99,227,8.22423312883436,8.406640625,7.55714285714286,7.85714285714286,8.11767676767677,8.27070484581498,33
"33",2004,3,8.73913043478261,23,8.85714285714286,7.5,NA,9,8.45454545454546,21,2,0,12,11,349,277,72,7,111,238,8.25816618911175,8.44079422382671,7.55555555555556,7.85714285714286,8.21306306306306,8.27920168067227,34
"34",2004,4,8.30555555555556,18,8.40909090909091,8.14285714285714,7,8.42857142857143,8.22727272727273,11,7,2,7,11,367,288,79,9,118,249,8.26049046321526,8.43958333333333,7.60759493670886,7.66666666666667,8.22584745762712,8.27690763052209,35
"35",2004,5,8.10526315789474,19,8.30769230769231,7.66666666666667,NA,7.75,8.36363636363636,13,6,0,8,11,386,301,85,9,126,260,8.25284974093264,8.43388704318937,7.61176470588235,7.66666666666667,8.19563492063492,8.28057692307692,36
"36",2004,6,8.48,30,8.88695652173913,7.14285714285714,NA,8.8625,8.34090909090909,23,7,0,8,22,416,324,92,9,134,282,8.26923076923077,8.46604938271605,7.57608695652174,7.66666666666667,8.23544776119403,8.28528368794326,37
"37",2004,7,8.11470588235294,34,8.4037037037037,7,10,8.76666666666667,7.88,27,7,1,9,25,450,351,99,10,143,307,8.25755555555556,8.46125356125356,7.53535353535354,7.9,8.26888111888112,8.25228013029316,38
"38",2004,8,8.48,25,8.7,7.6,NA,8,8.75,20,5,0,9,16,475,371,104,10,152,323,8.26926315789474,8.47412398921833,7.53846153846154,7.9,8.25296052631579,8.27693498452012,39
"39",2004,9,8.41071428571429,28,8.47916666666667,8,8,8.2,8.52777777777778,24,4,1,10,18,503,395,108,11,162,341,8.27713717693837,8.47443037974683,7.55555555555556,7.90909090909091,8.24969135802469,8.29017595307918,40
"40",2004,10,7.928125,32,8.288,6.64285714285714,7,8.03571428571429,7.84444444444444,25,7,1,14,18,535,420,115,12,176,359,8.25626168224299,8.46333333333333,7.5,7.83333333333333,8.23267045454546,8.26782729805014,41
"41",2004,11,8.08823529411765,34,8.18518518518519,7.71428571428571,NA,8.45,7.9375,27,7,0,10,24,569,447,122,12,186,383,8.24622144112478,8.44653243847874,7.51229508196721,7.83333333333333,8.24435483870968,8.24712793733681,42
"42",2004,12,8.29411764705882,34,8.80434782608696,7.22727272727273,8.25,8.03846153846154,8.45238095238095,23,11,2,13,21,603,470,133,14,199,404,8.24892205638474,8.46404255319149,7.48872180451128,7.89285714285714,8.23090452261307,8.25779702970297,43
"43",2005,1,8.08448275862069,58,8.30853658536585,7.54411764705882,8,8.540625,7.91071428571429,41,17,2,16,42,661,511,150,16,215,446,8.23449319213313,8.45156555772994,7.495,7.90625,8.25395348837209,8.22511210762332,44
"44",2005,2,8.06060606060606,33,8.40476190476191,7.45833333333333,8,8.25,7.97826086956522,21,12,1,10,23,694,532,162,17,225,469,8.22622478386167,8.44971804511278,7.49228395061728,7.91176470588235,8.25377777777778,8.21300639658848,45
"45",2005,3,7.9,31,8.33684210526316,7.20833333333333,7,7.46923076923077,8.21111111111111,19,12,3,13,18,725,551,174,20,238,487,8.21227586206897,8.44582577132486,7.47270114942529,7.775,8.2109243697479,8.2129363449692,46
"46",2005,4,8.07954545454546,44,8.3125,7.45833333333333,8.5,8.1,8.0625,32,12,2,20,24,769,583,186,22,258,511,8.20468140442133,8.43850771869639,7.47177419354839,7.84090909090909,8.20232558139535,8.20587084148728,47
"47",2005,5,7.7311320754717,53,8.39705882352941,6.53947368421053,9,7.796875,7.7027027027027,34,19,1,16,37,822,617,205,23,274,548,8.17414841849148,8.43622366288492,7.38536585365854,7.89130434782609,8.1786496350365,8.17189781021898,48
"48",2005,6,8.07317073170732,41,8.375,7.42307692307692,8,8.29166666666667,7.98275862068965,28,13,1,12,29,863,645,218,24,286,577,8.16935110081112,8.43356589147287,7.38761467889908,7.89583333333333,8.18339160839161,8.16239168110918,49
"49",2005,7,8.05405405405405,37,8.14814814814815,7.8,7,8.16666666666667,7.97727272727273,27,10,1,15,22,900,672,228,25,301,599,8.16461111111111,8.42209821428571,7.40570175438596,7.86,8.18255813953488,8.15559265442404,50
"50",2005,8,8.23148148148148,54,8.675,6.96428571428571,5.75,8.44230769230769,8.03571428571429,40,14,2,26,28,954,712,242,27,327,627,8.16839622641509,8.43630617977528,7.3801652892562,7.7037037037037,8.20321100917431,8.15023923444976,51
"51",2005,9,8.4,49,8.74594594594595,7.33333333333333,8.9,8.15,8.57241379310345,37,12,5,20,29,1003,749,254,32,347,656,8.17971086739781,8.45160213618157,7.37795275590551,7.890625,8.20014409221902,8.16890243902439,52
"52",2005,10,8.23769230769231,65,8.48404255319149,7.59444444444444,8.16666666666667,8.28166666666667,8.2,47,18,6,30,35,1068,796,272,38,377,691,8.18323970037453,8.4535175879397,7.39227941176471,7.93421052631579,8.20663129973475,8.17047756874095,53
"53",2005,11,8.225,52,8.625,7.325,5,8.18181818181818,8.25666666666667,36,16,1,22,30,1120,832,288,39,399,721,8.18517857142857,8.4609375,7.38854166666667,7.85897435897436,8.20526315789474,8.17406380027739,54
"54",2005,12,7.81111111111111,72,8.05208333333333,7.32916666666667,7.33333333333333,7.31818181818182,8.028,48,24,3,22,50,1192,880,312,42,421,771,8.16258389261745,8.43863636363636,7.38397435897436,7.82142857142857,8.15890736342043,8.16459143968871,55
"55",2006,1,7.74561403508772,57,8.02,7.30909090909091,8.16666666666667,7.4,7.88048780487805,35,22,3,16,41,1249,915,334,45,437,812,8.1435548438751,8.42262295081967,7.37904191616767,7.84444444444444,8.13112128146453,8.15024630541872,56
"56",2006,2,8.28353658536585,41,8.59375,7.61538461538461,7,8.125,8.39583333333333,28,13,1,17,24,1290,943,347,46,454,836,8.14800387596899,8.42770413573701,7.38789625360231,7.82608695652174,8.13089207048458,8.1572966507177,57
"57",2006,3,8.26803571428571,56,8.69230769230769,7.29470588235294,7.5,8.19642857142857,8.33964285714286,39,17,2,28,28,1346,982,364,48,482,864,8.15299777117385,8.43821283095723,7.38354395604396,7.8125,8.13469917012448,8.16320601851852,58
"58",2006,4,8.02409523809524,42,8.462,7.3125,6,8.55263157894737,7.58747826086957,26,16,1,19,23,1388,1008,380,49,501,887,8.14909726224784,8.43882638888889,7.38055263157895,7.77551020408163,8.15054890219561,8.14827733934611,59
"59",2006,5,7.48965517241379,29,7.6875,7.24615384615385,8,7.44666666666667,7.53571428571429,16,13,1,15,14,1417,1024,393,50,516,901,8.13560127028935,8.4270869140625,7.37610687022901,7.78,8.13008720930232,8.13875915649278,60
"60",2006,6,7.7384375,32,8.30176470588235,7.1,3,7.31818181818182,7.95857142857143,17,15,1,11,21,1449,1041,408,51,527,922,8.12683022774327,8.42504034582132,7.36595588235294,7.68627450980392,8.1131404174573,8.13465509761388,61
"61",2006,7,8.11785714285714,56,8.34285714285714,7.74285714285714,8.33333333333333,8.15833333333333,8.0875,35,21,3,24,32,1505,1076,429,54,551,954,8.12649634551495,8.42236710037174,7.3844055944056,7.72222222222222,8.11510889292196,8.13307337526205,62
"62",2006,8,7.87045454545455,44,8.16060606060606,7,9,7.68636363636364,8.05454545454545,33,11,1,22,22,1549,1109,440,55,573,976,8.11922336991608,8.41457799819657,7.37479545454546,7.74545454545455,8.09864746945899,8.13130327868852,63
"63",2006,9,8.15116279069767,43,8.49333333333333,7.36153846153846,8,8,8.24074074074074,30,13,2,16,27,1592,1139,453,57,589,1003,8.12008605527638,8.41665232660228,7.37441501103753,7.75438596491228,8.09596774193548,8.13424925224327,64
"64",2006,10,7.86440677966102,59,8.37142857142857,7.125,5,8.10869565217391,7.70833333333333,35,24,1,23,36,1651,1174,477,58,612,1039,8.1109491217444,8.41530408858603,7.36186582809224,7.70689655172414,8.09644607843137,8.11949181905678,65
"65",2006,11,8.07719298245614,57,8.40769230769231,7.36111111111111,7.83333333333333,7.875,8.15609756097561,39,18,3,16,41,1708,1213,495,61,628,1080,8.10982259953161,8.41505935696619,7.36183838383838,7.71311475409836,8.09080414012739,8.12088148148148,66
"66",2006,12,8.04588235294118,85,8.271875,7.35714285714286,7,7.75555555555556,8.18103448275862,64,21,1,27,58,1793,1277,516,62,655,1138,8.10679141104294,8.40788332028191,7.36164728682171,7.70161290322581,8.07698473282443,8.12394727592267,67
"67",2007,1,7.97866666666667,75,8.25576923076923,7.35217391304348,8.36666666666667,7.78,8.078,52,23,3,25,50,1868,1329,539,65,680,1188,8.10164721627409,8.40193152746425,7.36124304267161,7.73230769230769,8.06606617647059,8.12201346801347,68
"68",2007,2,7.82077351351351,37,8.08380952380952,7.47553875,10,7.92363636363636,7.77725461538462,21,16,1,11,26,1905,1350,555,66,691,1214,8.09619192650919,8.39698296296296,7.36453805405405,7.76666666666667,8.0637988422576,8.11462983525535,69
"69",2007,3,7.73962264150943,53,8.13125,7.14285714285714,7,7.43333333333333,7.86052631578947,32,21,2,15,38,1958,1382,576,68,706,1252,8.08654015321757,8.39082995658466,7.3564559375,7.74411764705882,8.05040368271955,8.10691742811501,70
"70",2007,4,8.165625,64,8.55581395348837,7.36666666666667,7.06666666666667,8.45454545454546,8.01428571428571,43,21,3,22,42,2022,1425,597,71,728,1294,8.08904333333333,8.39580842105263,7.35681510887772,7.71549295774648,8.06261675824176,8.10391083462133,71
"71",2007,5,7.58636363636364,66,7.90277777777778,7.20666666666667,8.03333333333333,7.52857142857143,7.61333333333333,36,30,3,21,45,2088,1461,627,74,749,1339,8.07315403256705,8.38365982203969,7.34963097288676,7.72837837837838,8.0476435246996,8.08742391336818,72
"72",2007,6,8.0328947368421,76,8.18269230769231,7.70833333333333,8.66666666666667,8,8.05434782608696,52,24,3,30,46,2164,1513,651,77,779,1385,8.07174012014787,8.37675280898876,7.36285502304147,7.76493506493507,8.04580872913992,8.08632535740072,73
"73",2007,7,7.8268115942029,69,8.12,7.27708333333333,7.4,7.47857142857143,7.97916666666667,45,24,5,21,48,2233,1558,675,82,800,1433,8.06417179579041,8.36933697047496,7.35980536296296,7.74268292682927,8.03091875,8.0827359525471,74
"74",2007,8,7.91578947368421,76,8.02830188679245,7.65652173913043,7.75,7.91304347826087,7.91698113207547,53,23,4,23,53,2309,1611,698,86,823,1486,8.05928783889129,8.35811731843575,7.36958255014327,7.74302325581395,8.02762454434994,8.07682410497981,75
"75",2007,9,7.85483870967742,62,8.07619047619048,7.39,8,7.74736842105263,7.90232558139535,42,20,3,19,43,2371,1653,718,89,842,1529,8.05394163644032,8.35095402298851,7.37015128133705,7.75168539325843,8.02130047505938,8.07191669064748,76
"76",2007,10,7.83529411764706,68,8.3,6.86363636363636,6,7.56842105263158,7.93877551020408,46,22,2,19,49,2439,1699,740,91,861,1578,8.04784568265682,8.34957445556209,7.35509272972973,7.71318681318681,8.01130662020906,8.06778239543726,77
"77",2007,11,7.78854166666667,96,8.1344262295082,7.18571428571429,8.3,7.4,7.97384615384615,61,35,5,31,65,2535,1760,775,96,892,1643,8.03802588560158,8.34211761363636,7.34744338064516,7.74375,7.99006165919282,8.06406611077298,78
"78",2007,12,7.78366141732283,127,8.055,6.978125,7.66666666666667,7.61689189189189,7.85222222222222,95,32,3,37,90,2662,1855,807,99,929,1733,8.02589054094665,8.32741347708895,7.33279878562577,7.74141414141414,7.97519913885899,8.0530644085401,79
"79",2008,1,7.86203703703704,108,8.19420289855072,7.27435897435897,7.24444444444444,7.66666666666667,7.98636363636364,69,39,9,42,66,2770,1924,846,108,971,1799,8.01950202888086,8.32263617463617,7.33010475177305,7.7,7.96185375901133,8.0506173540856,80
"80",2008,2,7.7620253164557,79,8.04910714285714,7.06304347826087,7,7.74838709677419,7.77083333333333,56,23,2,31,48,2849,1980,869,110,1002,1847,8.01236244998245,8.3149,7.32303638665132,7.68727272727273,7.955249500998,8.04334630211153,81
"81",2008,3,7.63875,80,8.28936170212766,6.71212121212121,6,7,7.96415094339623,47,33,2,27,53,2929,2027,902,112,1029,1900,8.00215794469102,8.31430784410459,7.30068583148559,7.65714285714286,7.93018464528669,8.04113716842105,82
"82",2008,4,7.96063829787234,94,8.32741935483871,7.25,7.08333333333333,7.80625,8.04032258064516,62,32,6,32,62,3023,2089,934,118,1061,1962,8.00086689381409,8.31469698420297,7.29894927194861,7.62796610169492,7.92644674835061,8.04111142711519,83
"83",2008,5,7.7,72,8.17441860465116,6.99655172413793,7.2,7.38571428571429,7.9,43,29,5,28,44,3095,2132,963,123,1089,2006,7.99386772859451,8.31186772983114,7.28984280373832,7.61056910569106,7.91254361799816,8.03801626121635,84
"84",2008,6,7.91585365853659,82,8.52619047619048,7.275,7.7,8.07142857142857,7.83518518518519,42,40,5,28,54,3177,2174,1003,128,1117,2060,7.99185414542021,8.31600827966881,7.28925086739781,7.6140625,7.91652641002686,8.03269933009709,85
"85",2008,7,7.66763440860215,93,7.97526315789474,7.18055555555556,6.63333333333333,7.58333333333333,7.70777777777778,57,36,15,30,63,3270,2231,1039,143,1147,2123,7.98263321712538,8.30730255490811,7.28548471607315,7.51118881118881,7.90781168265039,8.02305728685822,86
"86",2008,8,7.3818085106383,94,7.88260869565217,6.901875,7.06785714285714,7.28333333333333,7.42796875,46,48,14,30,64,3364,2277,1087,157,1177,2187,7.96584441736028,8.29872288098375,7.26854518859246,7.47165605095542,7.89189464740867,8.00564271604938,87
"87",2008,9,7.8508064516129,62,8.00952380952381,7.5175,6.375,7.6125,7.96428571428571,42,20,2,20,42,3426,2319,1107,159,1197,2229,7.96376258610624,8.2934851228978,7.2730430171635,7.45786163522013,7.88722639933166,8.00486344549125,88
"88",2008,10,7.52226941176471,85,7.95869565217391,7.00751025641026,6.55555555555556,7.32309666666667,7.63090909090909,46,39,9,30,55,3511,2365,1146,168,1227,2284,7.95307420108231,8.28697336152219,7.26400656195462,7.40952380952381,7.87343349633252,7.9958584150613,89
"89",2008,11,7.86179775280899,89,8.13076923076923,7.48378378378378,7.21428571428571,7.84642857142857,7.86885245901639,52,37,7,28,61,3600,2417,1183,175,1255,2345,7.95081764444444,8.28361274306991,7.2708804057481,7.40171428571429,7.87283099601594,7.99255463539446,90
"90",2008,12,7.58192771084337,83,8.036,6.89393939393939,6.5,7.375,7.63134328358209,50,33,6,16,67,3683,2467,1216,181,1271,2412,7.9425043497149,8.27859424402107,7.26065092105263,7.37182320441989,7.86656404405979,7.982520986733,91
"91",2009,1,7.49708771929825,114,7.9479375,6.92,6.625,7.62780952380952,7.42083333333333,64,50,16,42,72,3797,2531,1266,197,1313,2484,7.92913129312615,8.2702331094429,7.24719709320695,7.31116751269036,7.85892680883473,7.96624018518518,92
"92",2009,2,7.68221621621622,185,8.1646875,7.16179775280899,7.25,7.90833333333333,7.63845161290323,96,89,16,30,155,3982,2627,1355,213,1343,2639,7.91765984932195,8.26637609440426,7.24158783763838,7.30657276995305,7.860030454207,7.94698773020083,93
"93",2009,3,7.42151898734177,158,7.79024390243902,7.02368421052632,7.40666666666667,7.65961538461538,7.37462121212121,82,76,15,26,132,4140,2709,1431,228,1369,2771,7.89872500483092,8.2519638242894,7.23001503843466,7.31315789473684,7.85622417823229,7.91972234572356,94
"94",2009,4,7.60681818181818,154,7.98897058823529,7.3046511627907,6.91176470588235,7.24791666666667,7.67307692307692,68,86,17,24,130,4294,2777,1517,245,1393,2901,7.88825605961807,8.24552394670507,7.23424622280817,7.28530612244898,7.84574364680546,7.90866963805584,95
"95",2009,5,7.66020408163265,147,7.87,7.51551724137931,7.275,7.76,7.63461538461539,60,87,20,30,117,4441,2837,1604,265,1423,3018,7.88070739022742,8.237581952767,7.24950219451372,7.28452830188679,7.84393598032326,7.89804526838966,96
"96",2009,6,7.83543307086614,127,8.03088235294118,7.61016949152542,7.27777777777778,7.73478260869565,7.85769230769231,68,59,9,23,104,4568,2905,1663,274,1446,3122,7.87944866900175,8.23274354561101,7.26229796752856,7.28430656934307,7.84219979253112,7.89670103139013,97
"97",2009,7,7.55793650793651,126,8.04761904761905,7.06825396825397,7.03333333333333,7.18965517241379,7.6680412371134,63,63,15,29,97,4694,2968,1726,289,1475,3219,7.87081838943332,8.2288140161725,7.25521524913094,7.27128027681661,7.82937010169491,7.88981069276173,98
"98",2009,8,7.44083333333333,120,8.12962962962963,6.87727272727273,7.2,7.7475,7.3795,54,66,10,20,100,4814,3022,1792,299,1495,3319,7.86010002492729,8.22704169424222,7.24129549107143,7.26889632107023,7.82827484949833,7.87443525760771,99
"99",2009,9,7.28047619047619,126,7.72075471698113,6.96082191780822,6.83529411764706,6.95227272727273,7.34990384615385,53,73,17,22,104,4940,3075,1865,316,1517,3423,7.84531609716599,8.21831544715447,7.2303171689008,7.24556962025316,7.8155707976269,7.85849857434999,100
"100",2009,10,7.39285714285714,140,7.9015625,6.96447368421053,6.58823529411765,7.41923076923077,7.38684210526316,64,76,17,26,114,5080,3139,1941,333,1543,3537,7.83284675590551,8.21185727938833,7.21990804739825,7.21201201201201,7.80889235255995,7.84329675431156,101
"101",2009,11,7.44111842105263,152,8.01644736842105,6.86578947368421,7.06818181818182,7.622,7.40551181102362,76,76,22,25,127,5232,3215,2017,355,1568,3664,7.82146626911315,8.20723794712286,7.2065649578582,7.2030985915493,7.80591256377551,7.82812243995633,102
"102",2009,12,7.38006993006993,143,7.76639344262295,7.09268292682927,7.27962962962963,7.5796875,7.32252252252252,61,82,27,32,111,5375,3276,2099,382,1600,3775,7.80972307348837,8.1990293040293,7.20211601715102,7.20850785340314,7.8013880625,7.81325579337748,103
"103",2010,1,7.60073529411765,136,8.08169014084507,7.07538461538461,6.71428571428571,7.94545454545455,7.53421052631579,71,65,7,22,114,5511,3347,2164,389,1622,3889,7.80456569043731,8.19654018524051,7.19830939001848,7.19961439588689,7.80334210850801,7.80507601439959,104
"104",2010,2,7.406,100,7.83942307692308,6.93645833333333,7.04444444444444,7.61428571428571,7.35063291139241,52,48,9,21,79,5611,3399,2212,398,1643,3968,7.79746239885938,8.19107678729037,7.19262726943942,7.19610552763819,7.80092568472307,7.79602838205645,105
"105",2010,3,7.44358974358974,78,7.96125,6.89868421052632,6.33333333333333,6.66666666666667,7.54492753623188,40,38,6,9,69,5689,3439,2250,404,1652,4037,7.79261056776235,8.18840360569933,7.18766289777778,7.18329207920792,7.79474630750605,7.79173659152836,106
"106",2010,4,7.7203125,96,8.2469387755102,7.17127659574468,7.08333333333333,7.79761904761905,7.69866666666667,49,47,12,21,75,5785,3488,2297,416,1673,4112,7.79141080726015,8.18922591743119,7.18732760992599,7.18040865384615,7.79478236700538,7.79003906128405,107
"107",2010,5,7.37260273972603,73,7.83815789473684,6.86714285714286,7.07142857142857,7.184375,7.42543859649123,38,35,7,16,57,5858,3526,2332,423,1689,4169,7.78619179242062,8.18544242768009,7.18252209262435,7.17860520094563,7.78899994079337,7.78505411849364,108
"108",2010,6,7.62213114754098,61,8.09558823529412,7.02592592592593,6.94285714285714,7.63333333333333,7.61938775510204,34,27,7,12,49,5919,3560,2359,430,1701,4218,7.78450101706369,8.18458426966292,7.18072976685036,7.17476744186047,7.78790176366843,7.7831295922238,109
"109",2010,7,7.58461538461538,52,8.17777777777778,6.944,7.06666666666667,7.575,7.58636363636364,27,25,9,8,44,5971,3587,2384,439,1709,4262,7.78276026126277,8.18453303596319,7.17824728187919,7.17255125284738,7.78690514921006,7.78109822149226,110
"110",2010,8,7.30514705882353,68,8.03,6.73289473684211,7.83333333333333,7.225,7.31583333333333,30,38,3,8,60,6039,3617,2422,442,1717,4322,7.77738226858751,8.18325131324301,7.17125991742361,7.17703619909502,7.78428707047175,7.7746391994447,111
"111",2010,9,7.48544776119403,67,8.009,7.17380952380952,7.15,7.1575,7.54298245614035,25,42,10,10,57,6106,3642,2464,452,1727,4379,7.7741789256469,8.18205518945634,7.17130337662337,7.17643805309735,7.78065773016792,7.77162379995433,112
"112",2010,10,7.35493827160494,81,7.76216216216216,7.0125,6.67,7.61428571428571,7.30074626865672,37,44,10,14,67,6187,3679,2508,462,1741,4446,7.76869024082754,8.17783229138352,7.16851735247209,7.16547619047619,7.77931987363584,7.76452780476833,113
"113",2010,11,7.44922330097087,103,7.89254901960784,7.01442307692308,6.42857142857143,7.20833333333333,7.52240506329114,51,52,7,24,79,6290,3730,2560,469,1765,4525,7.76345890620031,8.17393163538873,7.1653873125,7.1544776119403,7.77155575070821,7.76030068950276,114
"114",2010,12,7.69715447154472,123,7.95833333333333,7.39473684210526,6.72727272727273,8.16363636363636,7.59554455445545,66,57,11,22,101,6413,3796,2617,480,1787,4626,7.76218720099797,8.17018308746048,7.17038269774551,7.1446875,7.77638270844992,7.75670354950281,115
"115",2011,1,7.59252336448598,107,7.80862068965517,7.33673469387755,7.6,7.36041666666667,7.65963855421687,58,49,10,24,83,6520,3854,2666,490,1811,4709,7.75940284049079,8.16474182667358,7.17344018004501,7.15397959183673,7.77087018221977,7.75499269908685,116
"116",2011,2,7.44288235294118,85,7.72208333333333,7.23775510204082,5.95833333333333,7.82975,7.32384615384615,36,49,6,20,65,6605,3890,2715,496,1831,4774,7.75532952611658,8.16064524421593,7.17460092817679,7.13951612903226,7.77151332605134,7.74912245915375,117
"117",2011,3,7.58837604395604,91,8.40315789473684,7.00419283018868,6.375,7.23444444444444,7.67564684931507,38,53,8,18,73,6696,3928,2768,504,1849,4847,7.7530605943847,8.16299134419551,7.17133805635838,7.12738095238095,7.76628496484586,7.74801585310501,118
"118",2011,4,7.50053191489362,94,7.925,7.09375,7.15384615384615,8.13636363636364,7.41626506024096,46,48,13,11,83,6790,3974,2816,517,1860,4930,7.74956461561119,8.1602365374937,7.17001553267045,7.12804642166344,7.76847360215054,7.74243059634888,119
"119",2011,5,7.68684210526316,76,8.33421052631579,7.03947368421053,6,7.90625,7.66102941176471,38,38,4,8,68,6866,4012,2854,521,1868,4998,7.74887033789688,8.16188434695911,7.16827741415557,7.1193857965451,7.7690636509636,7.7413230972389,120
"120",2011,6,7.56923076923077,65,7.80740740740741,7.4,7.1,7.94444444444444,7.50892857142857,27,38,10,9,56,6931,4039,2892,531,1877,5054,7.74718564997836,8.15951473136914,7.17132217842323,7.11902071563089,7.76990458177943,7.73874808864266,121
"121",2011,7,7.57651515151515,66,8.084,7.26707317073171,7.35,7.96538461538462,7.4811320754717,25,41,13,13,53,6997,4064,2933,544,1890,5107,7.74557578104902,8.15905019685038,7.17266066825775,7.12454044117647,7.77124915343915,7.73607457215586,122
"122",2011,8,7.52746478873239,71,8.28030303030303,6.87368421052632,6.75,7.78823529411765,7.44537037037037,33,38,8,17,54,7068,4097,2971,552,1907,5161,7.74338479626485,8.16002684891383,7.16883666778862,7.11911231884058,7.77140057682223,7.7330329083511,123
"123",2011,9,7.44705882352941,68,7.86486486486486,6.94838709677419,7.16666666666667,7.42142857142857,7.4537037037037,37,31,9,14,54,7136,4134,3002,561,1921,5215,7.74056106221973,8.15738509917754,7.16656020652898,7.1198752228164,7.76885002602811,7.73014052540748,124
"124",2011,10,7.60731707317073,82,7.94146341463415,7.27317073170732,7.41,7.89473684210526,7.52063492063492,41,41,10,19,63,7218,4175,3043,571,1940,5278,7.73904734552507,8.15526467065867,7.16799662832731,7.12495621716287,7.77008293814433,7.72763979537704,125
"125",2011,11,7.65102040816326,98,8.198,7.08125,6.93,7.825,7.59459459459459,50,48,10,24,74,7316,4225,3091,581,1964,5352,7.73786819846911,8.15577041420117,7.16664954383694,7.12160068846816,7.77075402240326,7.72580023168909,126
"126",2011,12,7.4468085106383,94,7.8622641509434,6.90975609756098,6.3,7.46,7.44202898550725,53,41,10,25,69,7410,4278,3132,591,1989,5421,7.73417594331984,8.15213417484805,7.16328663473818,7.10769881556684,7.76684811463047,7.72218831211954,127
"127",2012,1,7.44387755102041,98,7.99148936170213,6.93921568627451,6.8125,7.175,7.51282051282051,47,51,8,20,78,7508,4325,3183,599,2009,5499,7.73038675279702,8.15038843930635,7.1596964310399,7.10375626043406,7.76095614733698,7.71921855610111,128
"128",2012,2,7.43333333333333,87,7.54186046511628,7.32727272727273,6.8,6.66363636363636,7.54473684210526,43,44,10,11,76,7595,4368,3227,609,2020,5575,7.72698403423305,8.14439789377288,7.16198132630927,7.0987684729064,7.75498064356435,7.71683997130045,129
"129",2012,3,7.73581081081081,74,8.1175,7.28676470588235,7.25625,8.5,7.5575,40,34,8,14,60,7669,4408,3261,617,2034,5635,7.72706920589386,8.14415381125226,7.16328234897271,7.10081037277147,7.76010860373648,7.71514336113576,130
"130",2012,4,7.64754098360656,61,7.9741935483871,7.31,7.4,7.975,7.56734693877551,31,30,15,12,49,7730,4439,3291,632,2046,5684,7.72644162225097,8.14296688443342,7.16461979337587,7.10791139240506,7.76136896383187,7.71386925404645,131
"131",2012,5,7.54240506329114,79,7.91744186046512,7.09444444444444,7.44444444444444,7.52222222222222,7.5483606557377,43,36,9,18,61,7809,4482,3327,641,2064,5745,7.72457981047509,8.14080321285139,7.16386045686805,7.11263650546022,7.75928338178294,7.71211189556136,132
"132",2012,6,7.756,50,7.87241379310345,7.59523809523809,7.5,8.3125,7.65,29,21,4,8,42,7859,4511,3348,645,2072,5787,7.72477970988675,8.13907780979826,7.16656623058542,7.11503875968992,7.76141935328185,7.7116611093831,133
"133",2012,7,7.61861111111111,72,8.10368421052632,7.07647058823529,7.25,7.5,7.64982456140351,38,34,14,15,57,7931,4549,3382,659,2087,5844,7.72381587946034,8.13878214992305,7.1656604790065,7.11790591805766,7.75954044082415,7.71105798083505,134
"134",2012,8,7.32642857142857,70,7.88,6.91125,6.88571428571429,7.91666666666667,7.20431034482759,30,40,14,12,58,8001,4579,3422,673,2099,5902,7.72033917510311,8.13708670015286,7.16268665692577,7.11307578008915,7.76043873272987,7.7060780820061,135
"135",2012,9,7.29298245614035,57,7.83478260869565,6.92647058823529,6.85714285714286,6.96923076923077,7.38863636363636,23,34,7,13,44,8058,4602,3456,680,2112,5946,7.71731617522958,8.13557583659277,7.16036277199074,7.11044117647059,7.75556860795454,7.70372903464514,136
"136",2012,10,7.56438356164384,73,7.9,7.15757575757576,7.22,7.71428571428571,7.52881355932203,40,33,10,14,59,8131,4642,3489,690,2126,6005,7.71594314844422,8.13354588539421,7.16033641157925,7.11202898550725,7.75529675446848,7.70201046461282,137
"137",2012,11,7.49740740740741,81,7.73863636363636,7.21054054054054,7.11111111111111,8.08764705882353,7.340625,44,37,9,17,64,8212,4686,3526,699,2143,6069,7.71378759620068,8.12983781476738,7.1608632274532,7.11201716738197,7.7579332244517,7.6981995122755,138
"138",2012,12,7.35875,80,7.75111111111111,6.85428571428571,6.27272727272727,7.35,7.36,45,35,11,10,70,8292,4731,3561,710,2153,6139,7.71036224553787,8.12623546818853,7.1578499691098,7.09901408450704,7.75603850441245,7.69434318944453,139
"139",2013,1,7.44845360824742,97,7.82142857142857,6.9390243902439,6.86666666666667,7.45,7.44802631578947,56,41,9,21,76,8389,4787,3602,719,2174,6215,7.70733385862439,8.12266973052015,7.15535917268184,7.09610570236439,7.75308229070837,7.69133110860821,140
"140",2013,2,7.28157894736842,95,7.78589743589744,6.93035714285714,6.54,7.46818181818182,7.22534246575342,39,56,20,22,73,8484,4826,3658,739,2196,6288,7.70256644743045,8.11994819726481,7.15191463641334,7.08105548037889,7.75022809653916,7.68592125318066,141
"141",2013,3,7.53853333333333,75,8.21666666666667,6.9125641025641,6.99333333333333,7.03764705882353,7.68534482758621,36,39,9,17,58,8559,4862,3697,748,2213,6346,7.70112907348989,8.12066433566433,7.14938970516635,7.08,7.74475413465883,7.68591598487236,142
"142",2013,4,7.42524590163934,61,7.70612903225806,7.135,6.975,6.9375,7.4988679245283,31,30,10,8,53,8620,4893,3727,758,2221,6399,7.69917676798144,8.11803801348865,7.14927387711296,7.07861477572559,7.74184642053129,7.68436675105485,143
"143",2013,5,7.40648148148148,54,7.86136363636364,7.09375,7.38888888888889,6.82692307692308,7.59024390243902,22,32,9,13,41,8674,4915,3759,767,2234,6440,7.69735459303666,8.11688911495421,7.14880120776802,7.0822555410691,7.73652233661594,7.68376752173913,144
"144",2013,6,7.63507462686567,67,7.77205882352941,7.49393939393939,8.14,7.46428571428571,7.68018867924528,34,33,5,14,53,8741,4949,3792,772,2248,6493,7.69687721542157,8.11452010507172,7.15180478375527,7.08910621761658,7.73482691281139,7.6837383089481,145
"145",2013,7,7.21038961038961,77,7.775,6.76395348837209,5.96153846153846,7.51944444444444,7.11610169491525,34,43,13,18,59,8818,4983,3835,785,2266,6552,7.69262913812656,8.11220349187236,7.14745599478488,7.07043312101911,7.73311601941747,7.67862680708181,146
"146",2013,8,7.4921052631579,57,7.64333333333333,7.32407407407407,7.33333333333333,7.1875,7.54183673469388,30,27,9,8,49,8875,5013,3862,794,2274,6601,7.69134126647887,8.10939756632754,7.14869076644226,7.07341309823677,7.73119652594547,7.67761139827299,147
"147",2013,9,7.05724637681159,69,7.6030303030303,6.55694444444444,6.4625,7.07692307692308,7.05267857142857,33,36,8,13,56,8944,5046,3898,802,2287,6657,7.6864494342576,8.10608600871977,7.14322569009749,7.06731920199501,7.7274774376913,7.6723543397927,148
"148",2013,10,7.2625,72,7.6,6.97692307692308,6.7,7.3,7.25645161290323,33,39,15,10,62,9016,5079,3937,817,2297,6719,7.68306385758651,8.1027977948415,7.14157829311659,7.0605752753978,7.72561641271223,7.66851657091829,149
"149",2013,11,7.30588235294118,102,7.74418604651163,6.9864406779661,7,7.31052631578947,7.30481927710843,43,59,12,19,83,9118,5122,3996,829,2316,6802,7.67884445492432,8.09978719250292,7.13928772272272,7.0596984318456,7.72221109671848,7.66407862981476,150
"150",2013,12,7.48827160493827,81,8.0025,6.98658536585366,7.25,7.89285714285714,7.40373134328358,40,41,10,14,67,9199,5162,4037,839,2330,6869,7.67716640286987,8.09903332041843,7.1377368689621,7.06196662693683,7.72323643776824,7.66153921094774,151
"151",2014,1,7.31296610169492,118,7.68912280701754,6.96147540983607,6.78333333333333,7.42,7.29112244897959,57,61,12,20,98,9317,5219,4098,851,2350,6967,7.67255379843297,8.09455642843456,7.1351131625183,7.05803760282021,7.72065570212766,7.65632881297546,152
"152",2014,2,7.37424242424242,66,7.63548387096774,7.14285714285714,7.28571428571429,7.44285714285714,7.35576923076923,31,35,7,14,52,9383,5250,4133,858,2364,7019,7.67045547692635,8.09184571428571,7.13517874183402,7.0598951048951,7.71901053299492,7.65410212850834,153
"153",2014,3,7.38720930232558,86,7.67045454545455,7.09047619047619,6.82727272727273,7.32777777777778,7.40294117647059,44,42,11,18,68,9469,5294,4175,869,2382,7087,7.66788295912979,8.08834340763127,7.13472903952096,7.05695051783659,7.71605411418976,7.65169223084521,154
"154",2014,4,7.42688235294118,68,7.7171875,7.16883333333333,7.16666666666667,7.1,7.47046666666667,32,36,9,8,60,9537,5326,4211,878,2390,7147,7.66616459473629,8.08611340593315,7.13502059843268,7.05807517084282,7.7139920083682,7.65017081852526,155
"155",2014,5,7.50327868852459,61,7.85,7.24571428571429,6.975,7.075,7.60816326530612,26,35,14,12,49,9598,5352,4246,892,2402,7196,7.66512937486976,8.08496636771299,7.1359330522845,7.05677130044843,7.71079970857619,7.64988477487493,156
"156",2014,6,6.83269230769231,52,7.73888888888889,6.35294117647059,6.21428571428571,5.54545454545455,7.1780487804878,18,34,7,11,41,9650,5370,4280,899,2413,7237,7.66064370362694,8.08380633147113,7.12971302336449,7.05021134593993,7.7009286779942,7.64721166781816,157
"157",2014,7,7.47454545454545,55,7.95833333333333,7.1,7.5625,7.8,7.43469387755102,24,31,8,6,49,9705,5394,4311,907,2419,7286,7.65958905100463,8.08324805339265,7.12949935977731,7.05472987872106,7.7011744109136,7.64578243755147,158
"158",2014,8,7.20983606557377,61,7.59848484848485,6.75178571428571,6.4,7.3125,7.18469387755102,33,28,5,12,49,9766,5427,4339,912,2431,7335,7.65677982183084,8.08030035010134,7.12706193592994,7.05114035087719,7.69925582064994,7.64270222767553,159
"159",2014,9,7.075,56,7.63571428571429,6.51428571428571,7,6.83333333333333,7.16341463414634,28,28,9,15,41,9822,5455,4367,921,2446,7376,7.65346281205457,8.07801833180567,7.1231329837417,7.05064060803474,7.69394558462796,7.64003807483731,160
"160",2014,10,7.44848484848485,66,7.85645161290323,7.08714285714286,6.84,7.90833333333333,7.3462962962963,31,35,10,12,54,9888,5486,4402,931,2458,7430,7.65209463389967,8.07676631425446,7.12284682871422,7.04837808807733,7.69499222945484,7.63790320861373,161
"161",2014,11,7.17205128205128,78,7.58974358974359,6.75435897435897,6.78571428571429,7.67857142857143,7.06125,39,39,7,14,64,9966,5525,4441,938,2472,7494,7.64833752157335,8.07332850678732,7.11961083990092,7.04641791044776,7.69489923139159,7.63297849479584,162
"162",2014,12,7.64347826086957,69,7.92647058823529,7.36857142857143,7.75833333333333,7.96428571428571,7.56181818181818,34,35,12,14,55,10035,5559,4476,950,2486,7549,7.64830410961634,8.0724302932182,7.12155758266309,7.05541052631579,7.69641629123089,7.63246003974037,163
"163",2015,1,7.24139784946237,93,7.57391304347826,6.91595744680851,6.8,7.81333333333333,7.13141025641026,46,47,12,15,78,10128,5605,4523,962,2501,7627,7.64456770734597,8.06833898305084,7.11942112314835,7.05222453222453,7.6971175129948,7.62733589091386,164
"164",2015,2,7.17584269662921,89,7.72272727272727,6.64111111111111,6.20769230769231,7.51315789473684,7.08428571428571,44,45,13,19,70,10217,5649,4568,975,2520,7697,7.64048465694431,8.06564701717117,7.11470922504378,7.0409641025641,7.69573051587302,7.62239714694037,165
"165",2015,3,7.32934426229508,61,7.47605263157895,7.08695652173913,7,7.80555555555556,7.24692307692308,38,23,3,9,52,10278,5687,4591,978,2529,7749,7.63863803658299,8.06170740284859,7.1145701895012,7.04083844580777,7.69612135231317,7.61987751193703,166
"166",2015,4,6.88846153846154,52,7.428,6.38888888888889,6.42857142857143,6.5,6.94888888888889,25,27,7,7,45,10330,5712,4618,985,2536,7794,7.63486173668925,8.0589338235294,7.11032735816371,7.03648730964467,7.69281975552051,7.61600344367462,167
"167",2015,5,6.99186440677966,59,7.735,6.40636363636364,6.4425,7.77214285714286,6.74911111111111,26,33,12,14,45,10389,5738,4651,997,2550,7839,7.63121010106843,8.05746601603345,7.10533256073963,7.02933801404213,7.69325525490196,7.61102702385509,168
"168",2015,6,7.26916666666667,60,8.00379310344828,6.58193548387097,6.79333333333333,7.89615384615385,7.09574468085106,29,31,15,13,47,10449,5767,4682,1012,2563,7886,7.62913118384534,8.05719611583144,7.10186709525844,7.02583992094862,7.69428439328912,7.60795597768197,169
"169",2015,7,7.31484375,64,7.68243243243243,6.81111111111111,7.2,7.25,7.33137254901961,37,27,5,13,51,10513,5804,4709,1017,2576,7937,7.62721789593836,8.05480702963472,7.10019998725844,7.02669616519174,7.69204227484472,7.60617876275671,170
"170",2015,8,7.5046875,64,8.33225806451613,6.72727272727273,6.625,8.40909090909091,7.31698113207547,31,33,12,11,53,10577,5835,4742,1029,2587,7990,7.62647648104377,8.05628106255354,7.09760475326866,7.02201166180758,7.69509118670275,7.60426043053817,171
"171",2015,9,7.36,60,7.75172413793103,6.99354838709677,7.61818181818182,7.38888888888889,7.35490196078431,29,31,11,9,51,10637,5864,4773,1040,2596,8041,7.62497337031117,8.05477489768075,7.09692892101404,7.02831730769231,7.69402962249615,7.60267887576172,172
"172",2015,10,7.52452830188679,53,7.67142857142857,7.36,6.5,7.83375,7.46955555555556,28,25,4,8,45,10690,5892,4798,1044,2604,8086,7.62447537324602,8.0529531568228,7.09829965402251,7.02629310344827,7.69445887096774,7.60193802127133,173
"173",2015,11,7.13233766233766,77,7.89038461538462,6.74588235294118,6.49916666666667,6.1,7.28641791044776,26,51,12,10,67,10767,5918,4849,1056,2614,8153,7.62095585957091,8.05223893207164,7.09459305836255,7.02030303030303,7.6883591813313,7.59934512940022,174
"174",2015,12,7.25315789473684,95,7.85,6.87241379310345,6.395,6.75238095238095,7.39527027027027,37,58,20,21,74,10862,5955,4907,1076,2635,8227,7.61773906647026,8.05098236775818,7.09196693295293,7.00868029739777,7.68089977229602,7.59750952230461,175
"175",2016,1,7.11288888888889,90,7.83545454545455,6.42173913043478,5.57,6.875,7.14948717948718,44,46,10,12,78,10952,5999,4953,1086,2647,8305,7.61359037070854,8.04940156692781,7.08574232586311,6.99543278084714,7.6772462788062,7.59330172667068,176
"176",2016,2,7.2172131147541,61,7.71153846153846,6.85,6.91666666666667,7.16666666666667,7.22272727272727,26,35,9,6,55,11013,6025,4988,1095,2653,8360,7.61139487333151,8.04794356846472,7.084088159583,6.99478538812785,7.67609155672823,7.59086373684211,177
"177",2016,3,7.43362068965517,58,8.18214285714286,6.735,7.48333333333333,8,7.35588235294118,28,30,6,7,51,11071,6053,5018,1101,2660,8411,7.61046352994309,8.04856434825705,7.08200114388203,6.99744777475023,7.67694394736842,7.58943892997266,178
"178",2016,4,7.39179104477612,67,7.88205128205128,6.70892857142857,6.96666666666667,7.03888888888889,7.44655172413793,39,28,12,9,58,11138,6092,5046,1113,2669,8469,7.60914811815406,8.04749835850295,7.0799309829568,6.99711590296496,7.67479239415512,7.58846036604086,179
"179",2016,5,7.33207547169811,53,7.58666666666667,7,6.5,8,7.2468085106383,30,23,6,6,47,11191,6122,5069,1119,2675,8516,7.60783591636136,8.04524011760861,7.07956830538568,6.99445040214477,7.6755218317757,7.5865747815876,180
"180",2016,6,7.38518518518519,54,7.996875,6.49545454545455,7.85,7.3875,7.38478260869565,32,22,4,8,46,11245,6154,5091,1123,2683,8562,7.60676671765229,8.04498862528436,7.07704414456885,6.99749777382012,7.67466302646292,7.58549063770147,181
"181",2016,7,7.38627450980392,51,8.025,6.9741935483871,7.025,7.85714285714286,7.31136363636364,20,31,8,7,44,11296,6174,5122,1131,2690,8606,7.60577122344192,8.04492387431162,7.07642165950801,6.99769230769231,7.67513788104089,7.58408910527539,182
"182",2016,8,7.38450704225352,71,7.74848484848485,7.06842105263158,7.34166666666667,7.25,7.4015873015873,33,38,12,8,63,11367,6207,5160,1143,2698,8669,7.60438917392452,8.04334783309166,7.07636274031008,7.00130358705162,7.67387727946627,7.58276281462683,183
"183",2016,9,7.14237288135593,59,7.54230769230769,6.82727272727273,6.67857142857143,7.06,7.15,26,33,7,5,54,11426,6233,5193,1150,2703,8723,7.60200347803255,8.04125782127385,7.07477984594647,6.99933913043478,7.67274173140955,7.58008378310215,184
"184",2016,10,7.37153846153846,65,7.805,7,7.33333333333333,7.54285714285714,7.35086206896552,30,35,12,7,58,11491,6263,5228,1162,2710,8781,7.60069982943173,8.04012613763371,7.07427921576129,7.00278829604131,7.67240623616236,7.57856973465437,185
"185",2016,11,7.20735294117647,68,7.76363636363636,6.68285714285714,6.26363636363636,6.85,7.26896551724138,33,35,11,10,58,11559,6296,5263,1173,2720,8839,7.59838582403322,8.03867693773824,7.07167618088543,6.9958567774936,7.66938268382353,7.57653816495079,186
"186",2016,12,7.06818181818182,66,7.73541666666667,6.68690476190476,6.71428571428571,6.6,7.15178571428571,24,42,7,10,56,11625,6320,5305,1180,2730,8895,7.59537563354838,8.03752531645569,7.06862992271442,6.99418644067796,7.66546553113553,7.57386406295672,187
"187",2017,1,7.42376404494382,89,8.1096511627907,6.78260869565217,7.02857142857143,7.67147058823529,7.36527777777778,43,46,7,17,72,11714,6363,5351,1187,2747,8967,7.59407177223834,8.0380127298444,7.06617113436741,6.99438921651221,7.66550269384783,7.57218923162708,188
"188",2017,2,7.32492063492063,63,7.94379310344828,6.79705882352941,6.14285714285714,7.31916666666667,7.32627450980392,29,34,7,12,51,11777,6392,5385,1194,2759,9018,7.59263197248875,8.03758526282853,7.06447200371402,6.98939698492462,7.66399633925335,7.57079849634066,189
"189",2017,3,7.21012345679012,81,7.72925,6.70365853658537,6.4875,8.185,7.07281690140845,40,41,12,10,71,11858,6432,5426,1206,2769,9089,7.59001912126834,8.03566775497512,7.06174562108367,6.98440298507463,7.66587789815818,7.56690844317307,190
"190",2017,4,7.035,50,7.93260869565217,6.27037037037037,6.41666666666667,8.06666666666667,6.96914893617021,23,27,6,3,47,11908,6455,5453,1212,2772,9136,7.58768867484044,8.03530054221533,7.05782720337429,6.98159240924092,7.66631165223665,7.5638332793345,191
"191",2017,5,7.14814516129032,62,7.63568965517241,6.71969696969697,6.575,6.84615384615385,7.22826530612245,29,33,10,13,49,11970,6484,5486,1222,2785,9185,7.58541200835422,8.03351326341763,7.05579324462268,6.9782651391162,7.66248326750449,7.56204309635275,192
"192",2017,6,7.17727272727273,55,7.724,6.72166666666667,6.525,6.8,7.26111111111111,25,30,4,10,45,12025,6509,5516,1226,2795,9230,7.58354525904366,8.03232447380549,7.05397602248006,6.97678629690049,7.65939745974955,7.56057593066089,193
"193",2017,7,7.13524590163934,61,7.94,6.57638888888889,7.25,7.75,7.06818181818182,25,36,9,6,55,12086,6534,5552,1235,2801,9285,7.58128261955982,8.03197122742576,7.0508792759366,6.97877732793522,7.65959153873617,7.5576592180937,194
"194",2017,8,7.16590909090909,88,7.67894736842105,6.776,6.57857142857143,6.84,7.23287671232877,38,50,14,15,73,12174,6572,5602,1249,2816,9358,7.57828008378511,8.02993000608642,7.04842587290254,6.97429143314652,7.65522581676136,7.55512565078008,195
"195",2017,9,7.44907407407407,54,8.07758620689655,6.72,7,6.78571428571429,7.54787234042553,29,25,8,7,47,12228,6601,5627,1257,2823,9405,7.57770949787373,8.03013937282229,7.04696672116581,6.97445505171042,7.65306974849451,7.55508940350877,196
"196",2017,10,7.22131147540984,61,7.75,6.96341463414634,6.55555555555556,7.41666666666667,7.2,20,41,9,6,55,12289,6621,5668,1266,2829,9460,7.57594041337782,8.0292931581332,7.04636233944954,6.97147709320695,7.65256836337929,7.55302493023256,197
"197",2017,11,6.75892857142857,70,7.63189655172414,6.14146341463415,6.34285714285714,7.34285714285714,6.61294642857143,29,41,14,14,56,12359,6650,5709,1280,2843,9516,7.57131294926774,8.02756015037593,7.03986367840252,6.9646015625,7.65104322898347,7.54749273224044,198
"198",2017,12,7.51274509803922,51,7.82,7.21730769230769,7.38888888888889,7.85714285714286,7.45795454545455,25,26,9,7,44,12410,6675,5735,1289,2850,9560,7.57107225946817,8.02678277153557,7.04066813251962,6.96756400310318,7.65154943859649,7.54708063179917,199
"199",2018,1,7.13046875,64,7.75333333333333,6.58088235294118,6.5,7.575,7.02788461538462,30,34,8,12,52,12474,6705,5769,1297,2862,9612,7.56881166746833,8.02555928411632,7.03795835326747,6.9646800308404,7.6512284765898,7.54427183104453,200
"200",2018,2,7.26407407407407,54,7.72,6.87103448275862,6.78571428571429,7.4125,7.23826086956522,25,29,7,8,46,12528,6730,5798,1304,2870,9658,7.56749814335887,8.02442421991084,7.03712344601587,6.96371932515337,7.65056303135889,7.54281433423069,201
"201",2018,3,7.37255223880597,67,8,7.0223488372093,6.6875,6.98392307692308,7.46611111111111,24,43,8,13,54,12595,6754,5841,1312,2883,9712,7.56646111472806,8.0243374296713,7.03701467899333,6.96203506097561,7.6475570239334,7.54238785420099,202
"202",2018,4,7.28181818181818,55,8.076,6.62,6.68181818181818,8.68333333333333,7.11020408163265,25,30,11,6,49,12650,6779,5871,1323,2889,9761,7.56522353675889,8.0245279539755,7.03488379151763,6.9597052154195,7.64970816891658,7.54021830140355,203
"203",2018,5,6.96190476190476,63,7.76818181818182,6.52926829268293,6.56666666666667,7.31,6.89622641509434,22,41,6,10,53,12713,6801,5912,1329,2899,9814,7.5622337559978,8.02369872077635,7.03137732408661,6.95793077501881,7.64853635736461,7.53674045649073,204
"204",2018,6,7.21042553191489,47,7.961875,6.82258064516129,7.07142857142857,7.0625,7.24076923076923,16,31,7,8,39,12760,6817,5943,1336,2907,9853,7.56093791065831,8.02355361596009,7.03028819451456,6.95852544910179,7.64692359821121,7.53556894752867,205
"205",2018,7,7.42053571428571,42,8.09836956521739,6.6,5.4,7.25,7.44895833333333,23,19,5,6,36,12802,6840,5962,1341,2913,9889,7.56047728792376,8.02380519005847,7.02891693056022,6.95271439224459,7.64610604188122,7.53525364950956,206
"206",2018,8,7.37368421052632,57,7.80344827586207,6.92857142857143,7.15,7.52857142857143,7.32325581395349,29,28,10,14,43,12859,6869,5990,1351,2927,9932,7.55964929154677,8.02287487261609,7.02844786978298,6.95417468541821,7.64554386744107,7.53433581755941,207
"207",2018,9,7.1,46,7.54230769230769,6.525,5.83333333333333,7.77272727272727,6.88857142857143,26,20,6,11,35,12905,6895,6010,1357,2938,9967,7.55801086710577,8.02106272661348,7.02677250249584,6.9492188651437,7.64602004765146,7.53206815892445,208
"208",2018,10,7.26052631578947,38,7.316,7.15384615384615,7.33333333333333,7.65,7.1875,25,13,3,6,32,12943,6920,6023,1360,2944,9999,7.55713746735687,8.01851553468207,7.02704677735348,6.95006617647059,7.64602815896739,7.53096543054306,209
"209",2018,11,7.43414634146342,41,7.83703703703704,6.65714285714286,5.94,7.94444444444444,7.290625,27,14,5,9,32,12984,6947,6037,1365,2953,10031,7.55674909426987,8.01781020584424,7.02618895809177,6.9463663003663,7.64693765662039,7.53019871797428,210
"210",2018,12,7.1684,50,7.80416666666667,6.58153846153846,6.1425,6.56875,7.28261904761905,24,26,4,8,42,13034,6971,6063,1369,2961,10073,7.5552593401872,8.01707466647539,7.02428216064655,6.94401753104456,7.64402462006079,7.52916641914028,211
"211",2019,1,7.12276923076923,65,7.44375,6.81151515151515,6.9625,7,7.14509090909091,32,33,8,10,55,13099,7003,6096,1377,2971,10128,7.55311323307123,8.0144548764815,7.02313037073491,6.94412490922295,7.64185691686301,7.52708070102686,212
"212",2019,2,7.31224489795918,49,7.952,6.64583333333333,6.8,6.725,7.42682926829268,25,24,5,8,41,13148,7028,6120,1382,2979,10169,7.55221556434438,8.0142327120091,7.02165077450981,6.94360347322721,7.63939472977509,7.52667650113089,213
"213",2019,3,7.22981818181818,55,7.77548387096774,6.525,6.61,7.40833333333333,7.18,31,24,10,12,43,13203,7059,6144,1392,2991,10212,7.55087254714837,8.01318423289417,7.01971073242188,6.94120689655172,7.63846770310933,7.52521673913044,214
"214",2019,4,6.9,28,7.76153846153846,6.15333333333333,7.26,6.25,7.16,13,15,5,8,20,13231,7072,6159,1397,2999,10232,7.54949514322424,8.01272164875565,7.01760070465985,6.94234788833214,7.63476388796265,7.52450286747459,215
"215",2019,5,7.21480769230769,52,7.6248,6.83518518518519,6.8,7.5,7.17044444444444,25,27,5,7,45,13283,7097,6186,1402,3006,10277,7.54818491605812,8.0113551500634,7.01680451665051,6.94184022824536,7.6344500665336,7.52295254840907,216
"216",2019,6,7.69305555555556,36,7.92826086956522,7.27692307692308,6.25,8.48125,7.46785714285714,23,13,2,8,28,13319,7120,6199,1404,3014,10305,7.5485764877243,8.01108672752808,7.01735001451847,6.9408547008547,7.63669771068348,7.52280284716157,217
"217",2019,7,7.19545454545455,44,7.81578947368421,6.724,7.5,6.83333333333333,7.25263157894737,19,25,8,6,38,13363,7139,6224,1412,3020,10343,7.5474137723565,8.01056695615632,7.01617171272494,6.94402266288952,7.63510162251656,7.52181024267621,218
"218",2019,8,7.29162790697674,43,7.672,6.76333333333333,7.34666666666667,6.8,7.35631578947368,25,18,3,5,38,13406,7164,6242,1415,3025,10381,7.54659333432791,8.00938546901172,7.01544260493432,6.94487632508834,7.6337212892562,7.52120444465851,219
"219",2019,9,6.9945652173913,46,7.68333333333333,6.55178571428571,6.75555555555556,6.93333333333333,7.00945945945946,18,28,9,9,37,13452,7182,6270,1424,3034,10418,7.54470563782337,8.00856829573934,7.01337204784689,6.9436797752809,7.6316436717205,7.51938695910924,220
"220",2019,10,7.6972972972973,37,7.75,7.6,6.85,7.46666666666667,7.77142857142857,24,13,2,9,28,13489,7206,6283,1426,3043,10446,7.54512419304618,8.00770711906744,7.01458582524272,6.94354838709677,7.63115573447256,7.52006254451465,221
"221",2019,11,7.4271186440678,59,7.77096774193548,7.04642857142857,6.71428571428571,7.06666666666667,7.492,31,28,7,9,50,13548,7237,6311,1433,3052,10496,7.54461029229406,8.00669303578831,7.0147271018856,6.94242847173761,7.62949112057667,7.51992886242378,222
"222",2019,12,7.27142857142857,49,7.26875,7.27272727272727,7.11111111111111,7.45,7.22564102564103,16,33,9,10,39,13597,7253,6344,1442,3062,10535,7.54362581745973,8.00506514545705,7.01606915825978,6.94348127600555,7.62890493141737,7.51883942477456,223
"223",2020,1,7.13648648648649,74,7.52571428571429,6.78717948717949,6.925,6.94545454545455,7.16984126984127,35,39,8,11,63,13671,7288,6383,1450,3073,10598,7.54142200570551,8.00276310373216,7.01467064703118,6.94337931034483,7.62645847705825,7.51676479901869,224
"224",2020,2,7.06907407407407,54,7.61777777777778,6.52037037037037,6.21428571428571,6.76666666666667,7.15547619047619,27,27,7,12,42,13725,7315,6410,1457,3085,10640,7.53956358761384,8.00134210526316,7.01258857098284,6.93987645847632,7.62311406807131,7.51533865977444,225
"225",2020,3,7.22875,40,7.27894736842105,7.18333333333333,7,7.28333333333333,7.21911764705882,19,21,3,6,34,13765,7334,6431,1460,3091,10674,7.53866038794043,7.99947061630761,7.01314612657441,6.94,7.62245451310256,7.51439510399101,226
"226",2020,4,7.41206896551724,29,7.9625,6.73461538461538,7.375,6.96666666666667,7.46346153846154,16,13,4,3,26,13794,7350,6444,1464,3094,10700,7.53839424677396,7.99939013605442,7.01258422408442,6.94118852459016,7.62181864899806,7.51427134018692,227
"227",2020,5,7.13392857142857,28,7.71153846153846,6.63333333333333,6.4,6.95833333333333,7.18181818181818,13,15,5,6,22,13822,7363,6459,1469,3100,10722,7.53757489798871,7.99888190954774,7.01170347422202,6.93934649421375,7.62053448387097,7.51358919418019,228
"228",2020,6,7.11764705882353,34,7.33333333333333,6.94736842105263,6.58333333333333,7.66666666666667,7.06451612903226,15,19,6,3,31,13856,7378,6478,1475,3103,10753,7.53654447459584,7.99752880184332,7.01151477925286,6.93789830508475,7.62057908475669,7.51229455407794,229
"229",2020,7,7.4076,25,7.81538461538462,6.96583333333333,7.63,7.15571428571429,7.50555555555556,13,12,3,7,18,13881,7391,6490,1478,3110,10771,7.53631224263381,7.99720842917061,7.01143031432974,6.93930311231394,7.61953276527331,7.51228329217343,230
"230",2020,8,7.05694444444444,36,7.53478260869565,6.21153846153846,6.125,6.25,7.32592592592593,23,13,6,9,27,13917,7414,6503,1484,3119,10798,7.53507223108428,7.99577387375236,7.00983126864524,6.93601078167116,7.61558092337288,7.51181731246528,231
"231",2020,9,7.32631578947368,38,7.91904761904762,6.59411764705882,6.65714285714286,7.75714285714286,7.22903225806452,21,17,7,7,31,13955,7435,6520,1491,3126,10829,7.53450377929057,7.99555716207128,7.00874735276074,6.93470154258887,7.61589792066539,7.51100778834611,232
"232",2020,10,7.43611111111111,36,7.93333333333333,6.93888888888889,6,7.55,7.421875,18,18,3,4,32,13991,7453,6538,1494,3130,10861,7.53425060681867,7.99540688313431,7.0085550229428,6.93282463186078,7.61581370607029,7.51074517447749,233
"233",2020,11,7.34,45,7.44137931034483,7.15625,6.375,6.33333333333333,7.41190476190476,29,16,4,3,42,14036,7482,6554,1498,3133,10903,7.53362783129096,7.99325948944133,7.00891558437596,6.93133511348465,7.61458566868816,7.51036442630469,234
"234",2020,12,7.41447368421053,38,7.6625,7.13888888888889,7.33333333333333,7.28571428571429,7.44354838709677,20,18,3,7,31,14074,7502,6572,1501,3140,10934,7.53330611340059,7.99237769928019,7.00927156725502,6.93213857428381,7.61385251592357,7.51017498993964,235
"235",2021,1,7.38684210526316,38,7.86086956521739,6.66,5.8,7.5,7.36969696969697,23,15,5,5,33,14112,7525,6587,1506,3145,10967,7.53291172335601,7.99197574750831,7.00847620160923,6.92837981407702,7.61367151033387,7.50975228777241,236
"236",2021,2,7.29393939393939,33,7.54736842105263,6.95,5.625,6.71428571428571,7.45,19,14,4,7,26,14145,7544,6601,1510,3152,10993,7.5323542057264,7.99085597826087,7.00835217997273,6.92492715231788,7.61167414340102,7.50961096515965,237
"237",2021,3,7.23142857142857,35,7.73529411764706,6.75555555555556,6.5,7.6,7.17,17,18,4,5,30,14180,7561,6619,1514,3157,11023,7.53161144146685,7.99028137812459,7.00766471370298,6.92380449141347,7.611655654102,7.50868668602014,238
"238",2021,4,6.98333333333333,39,7.8525,6.06842105263158,5.97142857142857,7.01666666666667,6.98055555555556,20,19,7,3,36,14219,7581,6638,1521,3160,11059,7.53010761938251,7.98991788682232,7.00497630912926,6.91942143326759,7.61109079113924,7.50696747807216,239
"239",2021,5,7.24705882352941,34,7.90714285714286,6.785,6.44444444444444,8.4,7.04827586206897,14,20,9,5,29,14253,7595,6658,1530,3165,11088,7.52943241703501,7.98976530612245,7.00431552117753,6.91662745098039,7.61233709320695,7.50576779761905,240
"240",2021,6,7.30428571428571,35,7.9825,6.4,7,6.5,7.3796875,20,15,1,3,32,14288,7615,6673,1531,3168,11120,7.52888089585666,7.9897462245568,7.00295710175334,6.91668190725016,7.61128374368687,7.50540497661871,241
"241",2021,7,7.14285714285714,28,7.2,7.07692307692308,6.33333333333333,7.25,7.125,15,13,3,4,24,14316,7630,6686,1534,3172,11144,7.52812588991338,7.98819364351245,7.00310091833683,6.91554106910039,7.61082815258512,7.50458572684853,242
"242",2021,8,7.62222222222222,36,7.70869565217391,7.46923076923077,7.4,7.61,7.62692307692308,23,13,5,10,26,14352,7653,6699,1539,3182,11170,7.52836191750278,7.98735365216255,7.00400548440066,6.91711500974659,7.61082554996857,7.5048704870188,243
"243",2021,9,7.46578947368421,38,7.95555555555556,7.025,6.58333333333333,7.375,7.47647058823529,18,20,6,4,34,14390,7671,6719,1545,3186,11204,7.52819668102849,7.98727903793508,7.00406797737759,6.91581877022654,7.61052947269303,7.50478430382007,244
"244",2021,10,7.4,38,7.71875,7.16818181818182,6.56666666666667,8,7.32941176470588,16,22,3,4,34,14428,7687,6741,1548,3190,11238,7.52785904075409,7.9867201118772,7.00460358107106,6.91514211886305,7.6110178369906,7.5042537230824,245
"245",2021,11,7.17090909090909,55,7.675,6.78064516129032,6.87777777777778,7.11666666666667,7.18604651162791,24,31,9,12,43,14483,7711,6772,1557,3202,11281,7.5265035034178,7.98574990273635,7.00357837271117,6.91492614001284,7.60916517801374,7.50304080666608,246
"246",2021,12,7.31083333333333,48,7.87142857142857,6.87481481481481,6.33333333333333,7.80333333333333,7.24047619047619,21,27,3,6,42,14531,7732,6799,1560,3208,11323,7.52579108388961,7.98543940765649,7.00306703044566,6.91380769230769,7.60952833541147,7.50206688510113,247
"247",2022,1,7.35431034482759,58,7.6796875,6.95384615384615,7,6.75,7.42403846153846,32,26,6,6,52,14589,7764,6825,1566,3214,11375,7.52510934539721,7.98417922462648,7.00287952234433,6.91413793103448,7.60792373988799,7.50171018373627,248
"248",2022,2,7.24047619047619,42,7.73181818181818,6.7,6.4,6.4,7.35405405405405,22,20,5,5,37,14631,7786,6845,1571,3219,11412,7.52429227257193,7.98346615720524,7.00199455661067,6.91250159134309,7.60604749922336,7.50123145285665,249
"249",2022,3,7.39674804878049,41,7.98855086956522,6.64055555555556,6.26666666666667,8.36714285714286,7.19696088235294,23,18,3,7,34,14672,7809,6863,1574,3226,11446,7.52393585809705,7.98348113330772,7.00104658895527,6.91127064803049,7.60769897706138,7.50032762624498,250
"250",2022,4,7.20975609756098,41,7.78518518518518,6.1,5.9,7.3625,7.17272727272727,27,14,5,8,33,14713,7836,6877,1579,3234,11479,7.52306034867124,7.98279787774375,6.99921226406864,6.90806839772007,7.60709242424243,7.49938583587421,251
"251",2022,5,7.05285714285714,35,7.2725,6.76,6.8,6.85714285714286,7.10178571428571,20,15,5,7,28,14748,7856,6892,1584,3241,11507,7.52194446094385,7.98098958375764,6.9986916337783,6.90772727272727,7.60547266275841,7.49841835491441,252
"252",2022,6,7.090625,32,7.73571428571429,6.58888888888889,6,7.1875,7.05833333333333,14,18,4,8,24,14780,7870,6910,1588,3249,11531,7.52101061637347,7.98055326175349,6.99762413024602,6.90544080604534,7.60444349030471,7.49750238574279,253
"253",2022,7,7.455,40,8.04375,7.0625,7.25,7.25,7.47777777777778,16,24,6,4,36,14820,7886,6934,1594,3253,11567,7.52083245006747,7.98068148237383,6.99784867897318,6.90673776662484,7.6040076544728,7.49744099680125,254
"254",2022,8,7.07222222222222,45,7.64318181818182,6.52608695652174,7.33333333333333,6.53571428571429,7.17105263157895,22,23,6,7,38,14865,7908,6957,1600,3260,11605,7.51947439690548,7.97974256069803,6.9962890240046,6.9083375,7.60171377300614,7.49637225420078,255
"255",2022,9,7.55280487804878,41,7.70282608695652,7.36111111111111,7.25,8.08,7.47958333333333,23,18,2,5,36,14906,7931,6975,1602,3265,11641,7.519566074735,7.97893949943261,6.99723050035843,6.90876404494382,7.60244621745789,7.49632033416374,256
"256",2022,10,7.38,45,7.71851851851852,6.87222222222222,6.61666666666667,7.6,7.34615384615385,27,18,6,6,39,14951,7958,6993,1608,3271,11680,7.51914600428065,7.97805593993466,6.99690872872873,6.90767412935323,7.60244173035769,7.49581892208905,257
"257",2022,11,7.28136363636364,44,7.98117647058824,6.84074074074074,7.3,7.78,7.2174358974359,17,27,6,5,39,14995,7975,7020,1614,3276,11719,7.51844827675892,7.97806259184953,6.99630808262108,6.90913258983891,7.60271272893773,7.49489248314703,258
"258",2022,12,7.11066666666667,45,7.3592,6.8,6.71428571428571,7.225,7.09951219512195,25,20,7,4,41,15040,8000,7040,1621,3280,11760,7.51722818550532,7.97612864625,6.99575038920455,6.90829117828501,7.60225210365854,7.49351403146259,259
