"","year","month","avg_rating","no_ratings","avg_rating_owned","avg_rating_not_owned","avg_rating_prev_owned","avg_rating_comment","avg_rating_no_comment","no_ratings_owned","no_ratings_not_owned","no_ratings_prev_owned","no_ratings_comment","no_ratings_no_comment","cum_no_ratings","cum_no_ratings_owned","cum_no_ratings_not_owned","cum_no_ratings_prev_owned","cum_no_ratings_comment","cum_no_ratings_no_comment","cum_avg_rating","cum_avg_rating_owned","cum_avg_rating_not_owned","cum_avg_rating_prev_owned","cum_avg_rating_comment","cum_avg_rating_no_comment","month_after_release"
"1",2003,2,8,1,8,NA,NA,8,NA,1,0,0,1,0,1,1,0,0,1,0,8,8,NA,NA,8,NA,-1
"2",2003,3,7.725,4,8.3,6,NA,8.3,6,3,1,0,3,1,5,4,1,0,4,1,7.78,8.225,6,NA,8.225,6,0
"3",2003,4,6.83333333333333,6,6.33333333333333,7.33333333333333,NA,7.2,5,3,3,0,5,1,11,7,4,0,9,2,7.26363636363636,7.41428571428572,7,NA,7.65555555555556,5.5,1
"4",2003,5,7.07142857142857,7,6.7,8,NA,7.25,6,5,2,0,6,1,18,12,6,0,15,3,7.18888888888889,7.11666666666667,7.33333333333333,NA,7.49333333333333,5.66666666666667,2
"5",2003,6,7.83333333333333,3,7.75,8,8,7.75,8,2,1,1,2,1,21,14,7,1,17,4,7.28095238095238,7.20714285714286,7.42857142857143,8,7.52352941176471,6.25,3
"6",2003,7,7.16666666666667,12,7.4,6,NA,8.5,6.5,10,2,0,4,8,33,24,9,1,21,12,7.23939393939394,7.2875,7.11111111111111,8,7.70952380952381,6.41666666666667,4
"7",2003,8,7.25,4,7,7.5,NA,9,6.66666666666667,2,2,0,1,3,37,26,11,1,22,15,7.24054054054054,7.26538461538462,7.18181818181818,8,7.76818181818182,6.46666666666667,5
"8",2003,9,5.83333333333333,6,6.25,5,NA,5.66666666666667,6,4,2,0,3,3,43,30,13,1,25,18,7.04418604651163,7.13,6.84615384615385,8,7.516,6.38888888888889,6
"9",2003,10,5,1,NA,5,NA,NA,5,0,1,0,0,1,44,30,14,1,25,19,6.99772727272727,7.13,6.71428571428571,8,7.516,6.31578947368421,7
"10",2003,11,6,1,6,NA,NA,NA,6,1,0,0,0,1,45,31,14,1,25,20,6.97555555555556,7.09354838709677,6.71428571428571,8,7.516,6.3,8
"11",2003,12,6.41666666666667,6,6.66666666666667,6.16666666666667,6,5.25,7,3,3,1,2,4,51,34,17,2,27,24,6.90980392156863,7.05588235294118,6.61764705882353,7,7.34814814814815,6.41666666666667,9
"12",2004,1,6.625,8,7,5.5,NA,7.66666666666667,6,6,2,0,3,5,59,40,19,2,30,29,6.87118644067797,7.0475,6.5,7,7.38,6.3448275862069,10
"13",2004,2,7.2375,8,7.27142857142857,7,NA,8.15,4.5,7,1,0,6,2,67,47,20,2,36,31,6.91492537313433,7.08085106382979,6.525,7,7.50833333333333,6.2258064516129,11
"14",2004,3,7.125,12,7,7.75,8,8,6.95,10,2,1,2,10,79,57,22,3,38,41,6.94683544303797,7.06666666666667,6.63636363636364,7.33333333333333,7.53421052631579,6.40243902439024,12
"15",2004,4,5.3,5,5.125,6,NA,7,4.875,4,1,0,1,4,84,61,23,3,39,45,6.84880952380952,6.93934426229508,6.60869565217391,7.33333333333333,7.52051282051282,6.26666666666667,13
"16",2004,5,6.75,4,7,6.5,7,7.33333333333333,5,2,2,1,3,1,88,63,25,4,42,46,6.84431818181818,6.94126984126984,6.6,7.25,7.50714285714286,6.23913043478261,14
"17",2004,6,6.7,5,6.625,7,NA,6.5,7,4,1,0,3,2,93,67,26,4,45,48,6.83655913978495,6.92238805970149,6.61538461538461,7.25,7.44,6.27083333333333,15
"18",2004,7,6.84285714285714,7,6.84285714285714,NA,NA,6.975,6.66666666666667,7,0,0,4,3,100,74,26,4,49,51,6.837,6.91486486486486,6.61538461538461,7.25,7.40204081632653,6.29411764705882,16
"19",2004,8,7.65,5,8,6.25,NA,7,7.8125,4,1,0,1,4,105,78,27,4,50,55,6.87571428571429,6.97051282051282,6.60185185185185,7.25,7.394,6.40454545454545,17
"20",2004,9,6.45,10,6.92857142857143,5.33333333333333,6,5.92857142857143,7.66666666666667,7,3,1,7,3,115,85,30,5,57,58,6.83869565217391,6.96705882352941,6.475,7,7.2140350877193,6.4698275862069,18
"21",2004,10,6.39285714285714,14,6.45833333333333,6,6,6.33333333333333,6.5,12,2,1,9,5,129,97,32,6,66,63,6.79031007751938,6.90412371134021,6.4453125,6.83333333333333,7.09393939393939,6.47222222222222,19
"22",2004,11,5.85714285714286,7,5.6,6.5,7,5,6.5,5,2,1,3,4,136,102,34,7,69,67,6.74227941176471,6.84019607843137,6.44852941176471,6.85714285714286,7.00289855072464,6.47388059701493,20
"23",2004,12,6.75,12,7.14285714285714,6.2,7,7,6.57142857142857,7,5,1,5,7,148,109,39,8,74,74,6.74290540540541,6.85963302752294,6.41666666666667,6.875,7.0027027027027,6.48310810810811,21
"24",2005,1,6.38461538461539,13,7,5.66666666666667,6.5,6,7,7,6,2,8,5,161,116,45,10,82,79,6.7139751552795,6.86810344827586,6.31666666666667,6.8,6.90487804878049,6.51582278481013,22
"25",2005,2,6.23333333333333,6,6.875,4.95,5.9,5.58,9.5,4,2,1,5,1,167,120,47,11,87,80,6.69670658682635,6.86833333333333,6.25851063829787,6.71818181818182,6.82873563218391,6.553125,23
"26",2005,3,6.65,10,6.78571428571429,6.33333333333333,NA,6.8,6.5,7,3,0,5,5,177,127,50,11,92,85,6.69406779661017,6.86377952755905,6.263,6.71818181818182,6.82717391304348,6.55,24
"27",2005,4,5.55555555555556,9,5.85714285714286,4.5,5,6.33333333333333,5.16666666666667,7,2,1,3,6,186,134,52,12,95,91,6.63897849462366,6.81119402985075,6.19519230769231,6.575,6.81157894736842,6.45879120879121,25
"28",2005,5,6.4,5,7,5.5,6,6.25,7,3,2,1,4,1,191,137,54,13,99,92,6.63272251308901,6.81532846715328,6.16944444444444,6.53076923076923,6.78888888888889,6.46467391304348,26
"29",2005,6,6.4,10,6.875,4.5,NA,5,7,8,2,0,3,7,201,145,56,13,102,99,6.62114427860697,6.81862068965517,6.10982142857143,6.53076923076923,6.73627450980392,6.50252525252525,27
"30",2005,7,6.27272727272727,11,6.91666666666667,5.5,7,5.83333333333333,6.8,6,5,1,6,5,212,151,61,14,108,104,6.60306603773585,6.82251655629139,6.05983606557377,6.56428571428571,6.68611111111111,6.51682692307692,28
"31",2005,8,6.45,10,6.71428571428571,5.83333333333333,5.5,6.58333333333333,6.25,7,3,1,6,4,222,158,64,15,114,108,6.59617117117117,6.81772151898734,6.04921875,6.49333333333333,6.68070175438597,6.50694444444444,29
"32",2005,9,5.64285714285714,7,6.625,4.33333333333333,NA,5.625,5.66666666666667,4,3,0,4,3,229,162,67,15,118,111,6.56703056768559,6.81296296296296,5.97238805970149,6.49333333333333,6.64491525423729,6.48423423423423,30
"33",2005,10,6.25,8,7.2,4.66666666666667,NA,5.83333333333333,6.5,5,3,0,3,5,237,167,70,15,121,116,6.55632911392405,6.82455089820359,5.91642857142857,6.49333333333333,6.62479338842975,6.48491379310345,31
"34",2005,11,6.46153846153846,13,7.125,5.4,7,6.57142857142857,6.33333333333333,8,5,1,7,6,250,175,75,16,128,122,6.5514,6.83828571428571,5.882,6.525,6.621875,6.47745901639344,32
"35",2005,12,6.35,20,6.47368421052632,4,NA,6.625,6.16666666666667,19,1,0,8,12,270,194,76,16,136,134,6.53648148148148,6.80257731958763,5.85723684210526,6.525,6.62205882352941,6.44962686567164,33
"36",2006,1,6.5,14,6.8,5.75,6,7,6.22222222222222,10,4,2,5,9,284,204,80,18,141,143,6.53468309859155,6.80245098039216,5.851875,6.46666666666667,6.6354609929078,6.43531468531469,34
"37",2006,2,6.75454545454545,11,6.57142857142857,7.075,7.33333333333333,6.66,6.83333333333333,7,4,3,5,6,295,211,84,21,146,149,6.5428813559322,6.79478672985782,5.91011904761905,6.59047619047619,6.63630136986301,6.4513422818792,35
"38",2006,3,6.5,10,7.16666666666667,5.5,5.5,6,6.625,6,4,2,2,8,305,217,88,23,148,157,6.54147540983607,6.80506912442396,5.89147727272727,6.49565217391304,6.6277027027027,6.46019108280255,36
"39",2006,4,6.33333333333333,3,6,7,NA,NA,6.33333333333333,2,1,0,0,3,308,219,89,23,148,160,6.53944805194805,6.79771689497717,5.90393258426966,6.49565217391304,6.6277027027027,6.4578125,37
"40",2006,5,6,14,6.16666666666667,5.7,6.5,5.57142857142857,6.42857142857143,9,5,3,7,7,322,228,94,26,155,167,6.51599378881988,6.77280701754386,5.89308510638298,6.49615384615385,6.58,6.4565868263473,38
"41",2006,6,5.98857142857143,14,6.684,4.25,5,5.625,6.134,10,4,1,4,10,336,238,98,27,159,177,6.49401785714286,6.7690756302521,5.82602040816327,6.44074074074074,6.5559748427673,6.4383615819209,39
"42",2006,7,6.97619047619048,21,7.09375,6.6,7,7.1,6.86363636363636,16,5,1,10,11,357,254,103,28,169,188,6.52238095238095,6.78952755905512,5.86359223300971,6.46071428571429,6.58816568047337,6.46324468085106,40
"43",2006,8,6.31538461538462,13,6.56666666666667,5.75,6,6.42857142857143,6.18333333333333,9,4,2,7,6,370,263,107,30,176,194,6.51510810810811,6.78190114068441,5.85934579439252,6.43,6.58181818181818,6.45458762886598,41
"44",2006,9,6.5625,8,6.7,6.33333333333333,6,6,6.75,5,3,2,2,6,378,268,110,32,178,200,6.51611111111111,6.78037313432836,5.87227272727273,6.403125,6.5752808988764,6.46345,42
"45",2006,10,6.68181818181818,11,6.5625,7,6,7,6.61111111111111,8,3,1,2,9,389,276,113,33,180,209,6.5207969151671,6.77405797101449,5.90221238938053,6.39090909090909,6.58,6.46980861244019,43
"46",2006,11,7,9,7,NA,NA,6.5,7.0625,9,0,0,1,8,398,285,113,33,181,217,6.53163316582915,6.78119298245614,5.90221238938053,6.39090909090909,6.57955801104972,6.49165898617511,44
"47",2006,12,5.94736842105263,19,5.95,5.94444444444444,6.1,6,5.93333333333333,10,9,5,4,15,417,295,122,38,185,232,6.50501199040768,6.75301694915254,5.90532786885246,6.35263157894737,6.56702702702703,6.45556034482759,45
"48",2007,1,6.28333333333333,24,6.75,5.81666666666667,6,6.22727272727273,6.33076923076923,12,12,4,11,13,441,307,134,42,196,245,6.49294784580499,6.7528990228013,5.89738805970149,6.31904761904762,6.54795918367347,6.4489387755102,46
"49",2007,2,6.21126315789474,19,6.34615384615385,5.919,5,6.16666666666667,6.23184615384615,13,6,1,6,13,460,320,140,43,202,258,6.48131304347826,6.736375,5.89831428571429,6.28837209302326,6.53663366336634,6.438,47
"50",2007,3,6.375,16,6.58333333333333,5.75,NA,6,6.6,12,4,0,6,10,476,332,144,43,208,268,6.47773949579832,6.73084337349398,5.89419444444444,6.28837209302326,6.52115384615385,6.4440447761194,48
"51",2007,4,6.6875,16,7.11111111111111,6.14285714285714,7,7,6.61538461538461,9,7,3,3,13,492,341,151,46,211,281,6.48456097560976,6.7408797653959,5.90572185430464,6.33478260869565,6.52796208530806,6.45197153024911,49
"52",2007,5,6.125,12,6.15,6,7,6,6.13636363636364,10,2,1,1,11,504,351,153,47,212,292,6.476,6.72404558404558,5.90695424836601,6.34893617021277,6.52547169811321,6.44008219178082,50
"53",2007,6,6.40909090909091,11,6.55,5,NA,6.75,6,10,1,0,6,5,515,361,154,47,218,297,6.47457087378641,6.7192243767313,5.90106493506494,6.34893617021277,6.53165137614679,6.4326734006734,51
"54",2007,7,5.90588235294118,17,6.2,5.2,NA,5,6.18461538461538,12,5,0,4,13,532,373,159,47,222,310,6.4563984962406,6.70252010723861,5.87901886792453,6.34893617021277,6.50405405405405,6.42227096774193,52
"55",2007,8,6.19230769230769,26,6.4375,5.8,7,5.6,6.33333333333333,16,10,5,5,21,558,389,169,52,227,331,6.44409318996416,6.69161953727507,5.87434319526627,6.41153846153846,6.484140969163,6.41662839879154,53
"56",2007,9,6.13333333333333,15,6.0625,6.21428571428571,6.25,6.0625,6.21428571428571,8,7,2,8,7,573,397,176,54,235,338,6.43595811518325,6.67894206549119,5.88786363636364,6.40555555555556,6.46978723404255,6.41243786982248,54
"57",2007,10,6.515625,32,6.85652173913043,5.64444444444444,7,6.85454545454545,6.33809523809524,23,9,4,11,21,605,420,185,58,246,359,6.44017190082645,6.68866666666667,5.87602162162162,6.44655172413793,6.4869918699187,6.40808913649025,55
"58",2007,11,6.50625,16,6.81818181818182,5.82,7.05,6.25,6.59166666666667,11,5,2,4,12,621,431,190,60,250,371,6.44187439613527,6.69197215777262,5.87454736842105,6.46666666666667,6.4832,6.4140269541779,56
"59",2007,12,6.3,25,6.55555555555556,5.64285714285714,5.66666666666667,6.14285714285714,6.5,18,7,3,14,11,646,449,197,63,264,382,6.43638390092879,6.68650334075724,5.86631472081218,6.42857142857143,6.46515151515152,6.41650261780105,57
"60",2008,1,6.42777777777778,27,6.59,5.96428571428571,6,6.4,6.4375,20,7,3,7,20,673,469,204,66,271,402,6.43603863298663,6.68238805970149,5.86967647058824,6.40909090909091,6.46346863468635,6.41754726368159,58
"61",2008,2,6.09285714285714,14,6.38181818181818,5.03333333333333,4.5,5.7,6.31111111111111,11,3,2,5,9,687,480,207,68,276,411,6.42904512372635,6.6755,5.85755555555555,6.35294117647059,6.44963768115942,6.41521654501216,59
"62",2008,3,4.77272727272727,11,5.38888888888889,2,2,3.5,5.05555555555556,9,2,1,2,9,698,489,209,69,278,420,6.40294269340974,6.6518200408998,5.82064114832536,6.28985507246377,6.42841726618705,6.38608095238095,60
"63",2008,4,5.55,10,6.3,4.8,4.66666666666667,5,5.78571428571429,5,5,3,3,7,708,494,214,72,281,427,6.39089548022599,6.64825910931174,5.79679439252336,6.22222222222222,6.41316725978648,6.37623887587822,61
"64",2008,5,6.2,15,6.66666666666667,4.33333333333333,NA,6.42857142857143,6,12,3,0,7,8,723,506,217,72,288,435,6.38693499308437,6.64869565217391,5.77656221198157,6.22222222222222,6.41354166666667,6.36931954022988,62
"65",2008,6,6.07058823529412,17,6.33,5.7,6.45,6.66666666666667,5.94285714285714,10,7,2,3,14,740,516,224,74,291,449,6.37966756756757,6.64251937984496,5.77416964285714,6.22837837837838,6.41615120274914,6.35602227171492,63
"66",2008,7,6.01190476190476,21,6.5,5.64583333333333,5.6,5.75,6.17307692307692,9,12,10,8,13,761,525,236,84,299,462,6.36951905387648,6.64007619047619,5.76764406779661,6.15357142857143,6.39832775919732,6.35087445887446,64
"67",2008,8,5.94444444444444,27,6.125,5.8,5.7,5.36363636363636,6.34375,12,15,10,11,16,788,537,251,94,310,478,6.35495431472081,6.62856610800745,5.76957768924303,6.10531914893617,6.36161290322581,6.3506359832636,65
"68",2008,9,6.02777777777778,18,7,5.65384615384615,5.9,5.625,6.14285714285714,5,13,10,4,14,806,542,264,104,314,492,6.3476476426799,6.6319926199262,5.76387878787879,6.08557692307692,6.35222929936306,6.34472357723577,66
"69",2008,10,5.72222222222222,9,5.83333333333333,5.66666666666667,5.25,5.91666666666667,5.33333333333333,3,6,4,6,3,815,545,270,108,320,495,6.34074110429448,6.62759633027523,5.76171851851852,6.05462962962963,6.3440625,6.33859393939394,67
"70",2008,11,6,17,6.12727272727273,5.76666666666667,6,5.5,6.06666666666667,11,6,1,2,15,832,556,276,109,322,510,6.33377884615385,6.61769784172662,5.76182608695652,6.05412844036697,6.3388198757764,6.33059607843137,68
"71",2008,12,6.07142857142857,21,6.08333333333333,6.05555555555556,5.8125,6.5,5.97058823529412,12,9,8,4,17,853,568,285,117,326,527,6.32732004689332,6.60640845070423,5.77110175438597,6.03760683760684,6.34079754601227,6.31898292220114,69
"72",2009,1,5.62166666666667,30,5.71842105263158,5.45454545454545,4.75,4,6.02708333333333,19,11,8,6,24,883,587,296,125,332,551,6.30334541336353,6.5776660988075,5.75933783783784,5.9552,6.29849397590361,6.30626860254083,70
"73",2009,2,6.02222222222222,27,5.93333333333333,6.33333333333333,6.33333333333333,6.5,5.88571428571429,21,6,6,6,21,910,608,302,131,338,572,6.2950043956044,6.55541118421053,5.77074172185431,5.97251908396947,6.30207100591716,6.29082867132867,71
"74",2009,3,5.58235294117647,17,5.99166666666667,4.6,4.6,3.7,5.98571428571429,12,5,5,3,14,927,620,307,136,341,586,6.28193527508091,6.5445,5.75167426710098,5.92205882352941,6.2791788856305,6.28353924914676,72
"75",2009,4,5.54166666666667,24,5.3125,5.65625,4.85714285714286,4.66666666666667,5.83333333333333,8,16,7,6,18,951,628,323,143,347,604,6.26325341745531,6.52880573248408,5.74694736842105,5.86993006993007,6.25129682997118,6.27012251655629,73
"76",2009,5,5.99285714285714,14,6.71428571428571,5.27142857142857,4.98,5.84285714285714,6.14285714285714,7,7,5,7,7,965,635,330,148,354,611,6.25933056994819,6.53085039370079,5.73686060606061,5.83986486486486,6.24322033898305,6.26866448445172,74
"77",2009,6,5.95833333333333,12,5.78571428571429,6.2,6,6.1,5.85714285714286,7,5,4,5,7,977,642,335,152,359,618,6.25563357215967,6.52272585669782,5.74377313432836,5.84407894736842,6.24122562674095,6.26400323624595,75
"78",2009,7,5.47058823529412,17,5.8,5,5,5.33333333333333,5.54545454545455,10,7,7,6,11,994,652,342,159,365,629,6.24220724346076,6.51164110429448,5.72854970760234,5.80691823899371,6.22630136986301,6.25143720190779,76
"79",2009,8,6.08823529411765,17,6.6,5.35714285714286,4.33333333333333,4.75,6.5,10,7,3,4,13,1011,662,349,162,369,642,6.23961819980218,6.51297583081571,5.72110028653295,5.77962962962963,6.21029810298103,6.25647040498442,77
"80",2009,9,5.9537037037037,27,6.375,5.5,5.61111111111111,5.8,5.98863636363636,14,13,9,5,22,1038,676,362,171,374,664,6.23218111753372,6.51011834319527,5.71316022099448,5.77076023391813,6.2048128342246,6.24759638554217,78
"81",2009,10,6.77307692307692,13,7.305,5,4.5,5.75,7.08,10,3,2,3,10,1051,686,365,173,377,674,6.2388715509039,6.5217055393586,5.70729863013699,5.75606936416185,6.20119363395225,6.25994658753709,79
"82",2009,11,6.35,18,6.64090909090909,5.89285714285714,5.70833333333333,5.84166666666667,6.60416666666667,11,7,6,6,12,1069,697,372,179,383,686,6.24074275023386,6.52358680057389,5.71079032258065,5.75446927374302,6.19556135770235,6.26596793002915,80
"83",2009,12,5.8125,24,5.93333333333333,5.61111111111111,4.8,5.4,5.92105263157895,15,9,5,5,19,1093,712,381,184,388,705,6.23133943275389,6.51115168539326,5.70843569553806,5.72853260869565,6.18530927835052,6.25667234042553,81
"84",2010,1,6.172,25,6.42,5.8,5.6,6.3,6.14,15,10,5,5,20,1118,727,391,189,393,725,6.23001252236136,6.50927097661623,5.71077749360614,5.72513227513227,6.18676844783715,6.25345379310345,82
"85",2010,2,6.4375,16,6.41666666666667,6.5,5,7,6.30769230769231,12,4,2,3,13,1134,739,395,191,396,738,6.23294003527337,6.50776725304466,5.71876962025317,5.71753926701571,6.19292929292929,6.25440921409214,83
"86",2010,3,5.08333333333333,12,5.9,4.5,3.83333333333333,5.75,4.75,5,7,3,4,8,1146,744,402,194,400,746,6.22090226876091,6.50368279569893,5.69754726368159,5.68840206185567,6.1885,6.23827613941019,84
"87",2010,4,5.95588235294118,17,6.30769230769231,4.8125,5.625,6.8,5.60416666666667,13,4,2,5,12,1163,757,406,196,405,758,6.21702837489252,6.50031704095112,5.6888275862069,5.68775510204082,6.19604938271605,6.22823746701847,85
"88",2010,5,5.90625,16,6.27272727272727,5.1,5.75,5.3,6.18181818181818,11,5,2,5,11,1179,768,411,198,410,769,6.21281085665818,6.49705729166667,5.68166423357664,5.68838383838384,6.18512195121951,6.22757347204161,86
"89",2010,6,5.7,10,6,5.25,4.5,5.8,5.6,6,4,2,5,5,1189,774,415,200,415,774,6.20849789739277,6.49320413436693,5.67750361445783,5.6765,6.18048192771084,6.22351937984496,87
"90",2010,7,5.5,13,5.8,5.3125,4.75,8,5.29166666666667,5,8,4,1,12,1202,779,423,204,416,786,6.20083527454243,6.48875481386393,5.67060047281324,5.65833333333333,6.18485576923077,6.20929262086514,88
"91",2010,8,6,12,6.66666666666667,5.33333333333333,4,NA,6,6,6,2,0,12,1214,785,429,206,416,798,6.19885008237232,6.49011464968153,5.66588344988345,5.64223300970874,6.18485576923077,6.20614536340852,89
"92",2010,9,6.33333333333333,18,6.5,6,6.5,6.25,6.35714285714286,12,6,3,4,14,1232,797,435,209,420,812,6.20081493506494,6.4902634880803,5.67049195402299,5.65454545454545,6.18547619047619,6.2087487684729,90
"93",2010,10,6.525,20,6.57692307692308,6.42857142857143,5.33333333333333,6.16666666666667,6.67857142857143,13,7,3,6,14,1252,810,442,212,426,826,6.20599361022364,6.49165432098766,5.68249773755656,5.65,6.18521126760563,6.21671186440678,91
"94",2010,11,5.42857142857143,14,7.125,4.75,4.33333333333333,3.5,5.75,4,10,3,2,12,1266,814,452,215,428,838,6.19739652448657,6.49476658476659,5.66186725663717,5.63162790697674,6.17266355140187,6.21002863961814,92
"95",2010,12,6.10526315789474,19,6.45833333333333,5.5,5,6,6.125,12,7,2,3,16,1285,826,459,217,431,854,6.19603424124514,6.49423728813559,5.65939869281046,5.6258064516129,6.17146171693736,6.20843559718969,93
"96",2011,1,6.00666666666667,15,6.56666666666667,5.16666666666667,5.66666666666667,6.25,5.91818181818182,9,6,3,4,11,1300,835,465,220,435,865,6.19384923076923,6.49501796407186,5.65304086021505,5.62636363636364,6.17218390804598,6.20474450867052,94
"97",2011,2,6.57692307692308,13,6.86363636363636,5,5,6.5,6.6,11,2,2,3,10,1313,846,467,222,438,875,6.19764204112719,6.49981087470449,5.65024411134904,5.62072072072072,6.17442922374429,6.20926171428571,95
"98",2011,3,6.00636363636364,11,6.42428571428571,5.275,5.05,NA,6.00636363636364,7,4,2,0,11,1324,853,471,224,438,886,6.19605287009063,6.49919109026964,5.64705732484076,5.615625,6.17442922374429,6.20674266365688,96
"99",2011,4,6.52307692307692,13,6.81111111111111,5.875,5,6.8,6.5,9,4,1,1,12,1337,862,475,225,439,898,6.19923261032162,6.50244779582367,5.64897684210526,5.61288888888889,6.17585421412301,6.21066146993318,97
"100",2011,5,6.33241666666667,12,6.3315,6.33333333333333,6.5,6.75,6.2489,6,6,5,2,10,1349,868,481,230,441,908,6.20041734618236,6.50126612903226,5.65751351351351,5.63217391304348,6.17845804988662,6.21108259911894,98
"101",2011,6,6.11818181818182,11,6.86,5.5,5.5,6.125,6.11428571428571,5,6,6,4,7,1360,873,487,236,445,915,6.19975220588235,6.50332073310424,5.65557289527721,5.62881355932203,6.17797752808989,6.21034207650273,99
"102",2011,7,5.85,10,6.4,5.3,5.83333333333333,6,5.8125,5,5,3,2,8,1370,878,492,239,447,923,6.19719927007299,6.50273234624146,5.6519593495935,5.63138075313807,6.17718120805369,6.20689382448537,100
"103",2011,8,6.58333333333333,12,6.57142857142857,6.6,6,6.5,6.6,7,5,1,2,10,1382,885,497,240,449,933,6.2005520984081,6.50327570621469,5.66149698189135,5.63291666666667,6.17861915367483,6.21110718113612,101
"104",2011,9,6.225,12,6.74285714285714,5.5,5.375,6.75,6.12,7,5,4,2,10,1394,892,502,244,451,943,6.20076255380201,6.50515582959641,5.65988844621514,5.62868852459016,6.18115299334812,6.21014103923648,102
"105",2011,10,6.575,20,6.71875,6,5.66666666666667,7.875,6.25,16,4,3,4,16,1414,908,506,247,455,959,6.2060558698727,6.50891960352423,5.66257707509881,5.62914979757085,6.19604395604396,6.21080604796663,103
"106",2011,11,5.85,22,6.08333333333333,5.57,5.33333333333333,4.375,6.17777777777778,12,10,6,4,18,1436,920,516,253,459,977,6.20060097493036,6.50336847826087,5.66078294573643,5.62213438735178,6.180174291939,6.21019754350051,104
"107",2011,12,6.40909090909091,11,6.5,6,6,6,6.45,9,2,1,1,10,1447,929,518,254,460,987,6.20218590186593,6.50333584499462,5.66209266409266,5.62362204724409,6.17978260869565,6.21262715298885,105
"108",2012,1,5.74761904761905,21,5.76470588235294,5.675,NA,7.5,5.66,17,4,0,1,20,1468,946,522,254,461,1007,6.19568324250681,6.49006236786469,5.66219157088123,5.62362204724409,6.1826464208243,6.20165143992055,106
"109",2012,2,5.64615384615385,13,6,5.23333333333333,5.3,6.3,5.2375,7,6,5,5,8,1481,953,528,259,466,1015,6.19085955435517,6.48646274921301,5.65731818181818,5.61737451737452,6.18390557939914,6.19405221674877,107
"110",2012,3,5.9,15,6.22727272727273,5,6,5.75,5.92307692307692,11,4,2,2,13,1496,964,532,261,468,1028,6.18794318181818,6.48350518672199,5.65237593984962,5.62030651340996,6.18205128205128,6.19062548638132,108
"111",2012,4,6.5,14,6.66666666666667,5.5,5,6.66666666666667,6.45454545454545,12,2,1,3,11,1510,976,534,262,471,1039,6.19083642384106,6.48575717213115,5.65180524344569,5.61793893129771,6.18513800424629,6.19341963426371,109
"112",2012,5,5.82857142857143,14,5.25,6.06,5.825,6.53333333333333,5.63636363636364,4,10,8,3,11,1524,980,544,270,474,1050,6.18750853018373,6.48071326530612,5.65930882352941,5.62407407407407,6.1873417721519,6.18758380952381,110
"113",2012,6,5.875,4,5.83333333333333,6,6,6.5,5.66666666666667,3,1,1,1,3,1528,983,545,271,475,1053,6.18669044502618,6.47873753814853,5.65993394495413,5.62546125461254,6.188,6.18609971509971,111
"114",2012,7,5.92583333333333,12,6.41666666666667,5.435,5.28,5,6.01,6,6,5,1,11,1540,989,551,276,476,1064,6.18465779220779,6.47836097067745,5.65748457350272,5.61920289855072,6.18550420168067,6.18427913533834,112
"115",2012,8,5.96875,16,6.6875,5.25,5,7,5.73076923076923,8,8,4,3,13,1556,997,559,280,479,1077,6.18243766066838,6.48003911735206,5.65165295169946,5.61035714285714,6.19060542797495,6.17880501392757,113
"116",2012,9,6,10,5.85714285714286,6.33333333333333,6.5,5.33333333333333,6.28571428571429,7,3,2,3,7,1566,1004,562,282,482,1084,6.18127266922095,6.47569621513944,5.65529181494662,5.61666666666667,6.18526970954357,6.17949538745387,114
"117",2012,10,6.3,10,6.25,6.33333333333333,6,6,6.33333333333333,4,6,3,1,9,1576,1008,568,285,483,1093,6.18202601522843,6.4748005952381,5.66245422535211,5.62070175438596,6.18488612836439,6.18076212259835,115
"118",2012,11,6.14444444444444,9,7.075,5.4,5.33333333333333,7,6.0375,4,5,3,1,8,1585,1012,573,288,484,1101,6.18181261829653,6.47717292490119,5.66016404886562,5.61770833333333,6.18657024793388,6.17972116257947,116
"119",2012,12,5.5,15,6.4,3.7,3.75,5.75,5.46153846153846,10,5,2,2,13,1600,1022,578,290,486,1114,6.175420625,6.47641780821918,5.64320761245675,5.6048275862069,6.18477366255144,6.17134021543985,117
"120",2013,1,6.18588235294118,17,6.59666666666667,5.2,7,NA,6.18588235294118,12,5,1,0,17,1617,1034,583,291,486,1131,6.1755306122449,6.47781334622824,5.63940651801029,5.60962199312715,6.18477366255144,6.17155879752431,118
"121",2013,2,5.56666666666667,12,5.75555555555556,5,5.25,5,5.68,9,3,4,2,10,1629,1043,586,295,488,1141,6.17104542664211,6.47158101629914,5.63613310580205,5.60474576271186,6.17991803278689,6.16725065731814,119
"122",2013,3,6.35714285714286,7,6.5,6.25,6.25,7,5.5,3,4,4,4,3,1636,1046,590,299,492,1144,6.17184168704156,6.47166252390057,5.64029491525424,5.6133779264214,6.18658536585366,6.16550087412587,120
"123",2013,4,6.8625,8,7.08333333333333,6.2,6.2,NA,6.8625,6,2,2,0,8,1644,1052,592,301,492,1152,6.17520255474453,6.47515114068441,5.64218581081081,5.61727574750831,6.18658536585366,6.17034114583333,121
"124",2013,5,6.4875,8,6.65,6,6,NA,6.4875,6,2,2,0,8,1652,1058,594,303,492,1160,6.17671489104116,6.4761427221172,5.64339057239057,5.61980198019802,6.18658536585366,6.17252844827586,122
"125",2013,6,6.76923076923077,13,7,6.25,5.33333333333333,6.4,7,9,4,3,5,8,1665,1067,598,306,497,1168,6.18134114114114,6.48056138706654,5.64744816053512,5.61699346405229,6.1887323943662,6.17819606164383,123
"126",2013,7,5.925,10,5.9,5.95,5.9375,NA,5.925,5,5,4,0,10,1675,1072,603,310,497,1178,6.17981074626866,6.47785354477612,5.64995688225539,5.62112903225806,6.1887323943662,6.1760466893039,124
"127",2013,8,6.16666666666667,12,7.2,5.42857142857143,5.5,6,6.25,5,7,4,4,8,1687,1077,610,314,501,1186,6.17971724955542,6.48120612813371,5.64741639344262,5.61958598726115,6.1872255489022,6.1765455311973,125
"128",2013,9,5.86818181818182,11,5.79285714285714,6,6,5,5.955,7,4,2,1,10,1698,1084,614,316,502,1196,6.17769905771496,6.4767610701107,5.64971335504886,5.62199367088608,6.18486055776892,6.17469314381271,126
"129",2013,10,6.25,14,6.45454545454545,5.5,5.25,7,5.95,11,3,2,4,10,1712,1095,617,318,506,1206,6.17829030373832,6.47653789954338,5.64898541329011,5.61965408805031,6.19130434782609,6.17283001658375,127
"130",2013,11,5.81666666666667,12,6.8,4.83333333333333,5,6.33333333333333,5.64444444444444,6,6,4,3,9,1724,1101,623,322,509,1215,6.17577320185615,6.47830063578565,5.64113001605137,5.61195652173913,6.19214145383104,6.16891604938271,128
"131",2013,12,5.67647058823529,17,6,4.625,NA,6,5.57692307692308,13,4,0,4,13,1741,1114,627,322,513,1228,6.1708977599081,6.47271903052065,5.63464752791069,5.61195652173913,6.1906432748538,6.1626490228013,129
"132",2014,1,5.7075,24,6.452,4.46666666666667,4.9,5.276,5.82105263157895,15,9,3,5,19,1765,1129,636,325,518,1247,6.16459660056657,6.47244375553587,5.61811949685535,5.60538461538461,6.18181467181467,6.15744426623897,130
"133",2014,2,6.14285714285714,14,6.45454545454545,5,5,8,6,11,3,2,1,13,1779,1140,639,327,519,1260,6.16442551995503,6.47227105263158,5.61521752738654,5.60168195718654,6.18531791907515,6.15581984126984,131
"134",2014,3,6,7,5.91666666666667,6.5,6.5,8,5.66666666666667,6,1,1,1,6,1786,1146,640,328,520,1266,6.16378107502799,6.46936212914485,5.6166,5.60442073170732,6.18880769230769,6.15350157977883,132
"135",2014,4,6.27777777777778,9,6.4375,5,5,NA,6.27777777777778,8,1,1,0,9,1795,1154,641,329,520,1275,6.16435264623955,6.46914124783362,5.61563806552262,5.60258358662614,6.18880769230769,6.15437882352941,133
"136",2014,5,5.5625,8,6.33333333333333,5.1,5.16666666666667,5,5.64285714285714,3,5,3,1,7,1803,1157,646,332,521,1282,6.16168219633943,6.46878910976664,5.61164705882353,5.59864457831325,6.18652591170825,6.15158580343213,134
"137",2014,6,5.85222222222222,9,6,5.335,5,NA,5.85222222222222,7,2,1,0,9,1812,1164,648,333,521,1291,6.16014514348786,6.46596993127148,5.61079320987654,5.59684684684685,6.18652591170825,6.14949883810999,135
"138",2014,7,5.66666666666667,6,5.6,6,6,NA,5.66666666666667,5,1,1,0,6,1818,1169,649,334,521,1297,6.15851650165016,6.46226603934987,5.61139291217257,5.59805389221557,6.18652591170825,6.14726522744795,136
"139",2014,8,6.19333333333333,9,6.62,5.66,6,7.2,5.69,5,4,1,3,6,1827,1174,653,335,524,1303,6.15868801313629,6.46293781942078,5.61169065849923,5.59925373134328,6.19232824427481,6.14515963161934,137
"140",2014,9,6.6,5,8,5.66666666666667,5.5,NA,6.6,2,3,2,0,5,1832,1176,656,337,524,1308,6.15989246724891,6.4655518707483,5.61194207317073,5.5986646884273,6.19232824427481,6.14689831804281,138
"141",2014,10,6.3,5,6.3,NA,NA,6.16666666666667,6.5,5,0,0,3,2,1837,1181,656,337,527,1310,6.16027381600435,6.46485097375106,5.61194207317073,5.5986646884273,6.19218216318786,6.14743740458015,139
"142",2014,11,6.92307692307692,13,7.6875,5.7,6.125,5.5,7.35,8,5,4,3,10,1850,1189,661,341,530,1320,6.16563405405405,6.47307737594617,5.61260816944024,5.60483870967742,6.1882641509434,6.15654772727272,140
"143",2014,12,6,11,6.1875,5.5,5,NA,6,8,3,1,0,11,1861,1197,664,342,530,1331,6.16465502418055,6.47116875522139,5.61209939759036,5.60307017543859,6.1882641509434,6.1552539444027,141
"144",2015,1,5.9,5,6.25,4.5,NA,7,5.625,4,1,0,1,4,1866,1201,665,342,531,1335,6.16394587352626,6.47043213988343,5.61042706766917,5.60307017543859,6.18979284369115,6.15366516853932,142
"145",2015,2,4.75,9,5.2,4.1875,2.5,NA,4.75,5,4,2,0,9,1875,1206,669,344,531,1344,6.15715893333333,6.46516500829188,5.60191928251121,5.58502906976744,6.18979284369115,6.144265625,143
"146",2015,3,5.5,11,6,5.21428571428571,5,4.75,5.92857142857143,4,7,2,4,7,1886,1210,676,346,535,1351,6.15332608695652,6.46362727272727,5.59790532544379,5.58164739884393,6.17902803738318,6.14314803849001,144
"147",2015,4,6.2,10,7.25,5.5,6,5,6.71428571428571,4,6,3,3,7,1896,1214,682,349,538,1358,6.15357225738396,6.46621828665568,5.5970439882698,5.5852435530086,6.17245353159851,6.14609204712813,145
"148",2015,5,6.1725,8,6.625,5.72,5.62666666666667,6,6.19714285714286,4,4,3,1,7,1904,1218,686,352,539,1365,6.15365178571428,6.46673973727422,5.59776093294461,5.58559659090909,6.17213358070501,6.14635384615384,146
"149",2015,6,5.84615384615385,13,6.375,5,5.33333333333333,6,5.81818181818182,8,5,3,2,11,1917,1226,691,355,541,1376,6.15156651017214,6.46614110929853,5.59343560057887,5.58346478873239,6.17149722735675,6.14373037790697,147
"150",2015,7,5.86363636363636,11,6.5,5.1,5.33333333333333,6.5,5.72222222222222,6,5,3,2,9,1928,1232,696,358,543,1385,6.14992375518672,6.46630600649351,5.5898908045977,5.5813687150838,6.17270718232044,6.14099133574007,148
"151",2015,8,5.20454545454545,11,5.75,4.25,4.33333333333333,3,5.425,7,4,3,1,10,1939,1239,700,361,544,1395,6.14456059824652,6.46225907990315,5.58223428571429,5.5709972299169,6.166875,6.135858781362,149
"152",2015,9,5.6,5,5.66666666666667,5.5,NA,NA,5.6,3,2,0,0,5,1944,1242,702,361,544,1400,6.14315997942387,6.46033735909823,5.582,5.5709972299169,6.166875,6.133945,150
"153",2015,10,5.08181818181818,11,5.975,4.57142857142857,4.75,4.5,5.21111111111111,4,7,4,2,9,1955,1246,709,365,546,1409,6.13718823529412,6.45877929373997,5.57202256699577,5.562,6.16076923076923,6.12805039034776,151
"154",2015,11,5.52,5,6,5.2,4.8,5.6,5.5,2,3,2,1,4,1960,1248,712,367,547,1413,6.1356137755102,6.45804407051282,5.57045505617978,5.55784741144414,6.15974405850091,6.12627246992215,152
"155",2015,12,6,8,6.5,5.5,4,5,6.33333333333333,4,4,2,2,6,1968,1252,716,369,549,1419,6.1350625,6.45817811501597,5.57006145251397,5.54940379403794,6.15551912568306,6.12714799154334,153
"156",2016,1,5.8,10,6,5.33333333333333,5,4.33333333333333,6.42857142857143,7,3,2,3,7,1978,1259,719,371,552,1426,6.13336855409504,6.45563065925337,5.56907371349096,5.54644204851752,6.14561594202898,6.12862762973352,154
"157",2016,2,6.75,4,6.75,NA,NA,NA,6.75,4,0,0,0,4,1982,1263,719,371,552,1430,6.13461301715439,6.45656294536817,5.56907371349096,5.54644204851752,6.14561594202898,6.13036573426573,155
"158",2016,3,7,9,7.33333333333333,6.33333333333333,7,NA,7,6,3,1,0,9,1991,1269,722,372,552,1439,6.13852486187845,6.46070843183609,5.57224930747923,5.55034946236559,6.14561594202898,6.13580472550382,156
"159",2016,4,5.05,10,5.25,4.75,4.33333333333333,5,5.0625,6,4,3,2,8,2001,1275,726,375,554,1447,6.13308495752124,6.45501098039216,5.56771900826446,5.54061333333333,6.14148014440433,6.12987076710435,157
"160",2016,5,5.6,5,5.6,NA,NA,NA,5.6,5,0,0,0,5,2006,1280,726,375,554,1452,6.13175623130608,6.45167109375,5.56771900826446,5.54061333333333,6.14148014440433,6.12804614325069,158
"161",2016,6,6.65,7,6.5,6.85,6.85,7,6.59166666666667,4,3,3,1,6,2013,1284,729,378,555,1458,6.13355837059115,6.45182165109034,5.57299588477366,5.55100529100529,6.14302702702703,6.12995404663923,159
"162",2016,7,5.61764705882353,17,5.7,5.5,4.75,6,5.59375,10,7,4,1,16,2030,1294,736,382,556,1474,6.12923793103448,6.4460115919629,5.57230163043478,5.54261780104712,6.14276978417266,6.12413364993215,160
"163",2016,8,5.65555555555556,9,5.58,5.75,6,6,5.55714285714286,5,4,3,2,7,2039,1299,740,385,558,1481,6.12714713094654,6.44267821401078,5.57326216216216,5.54618181818182,6.14225806451613,6.12145374746792,161
"164",2016,9,6.00769230769231,13,6.83333333333333,5.3,4.7,6,6.00833333333333,6,7,3,1,12,2052,1305,747,388,559,1493,6.12639035087719,6.44447432950192,5.5707014725569,5.53963917525773,6.14200357781753,6.12054454119223,162
"165",2016,10,5.89285714285714,14,6.1875,5.5,5,NA,5.89285714285714,8,6,3,0,14,2066,1313,753,391,559,1507,6.12480784123911,6.44290860624524,5.57013811420983,5.53549872122762,6.14200357781753,6.11842932979429,163
"166",2016,11,6.25,12,6.5,5.75,5.66666666666667,5.33333333333333,6.55555555555556,8,4,3,3,9,2078,1321,757,394,562,1516,6.12553079884504,6.44325435276306,5.57108850726552,5.53649746192893,6.13768683274021,6.12102440633245,164
"167",2016,12,5.88888888888889,9,6.16666666666667,5.33333333333333,5.5,9,5.5,6,3,2,1,8,2087,1327,760,396,563,1524,6.12451030186871,6.44200376789751,5.57015,5.53631313131313,6.14277087033748,6.11776443569553,165
"168",2017,1,6.98205555555556,18,7.23076923076923,6.3354,6.559,6.22566666666667,7.13333333333333,13,5,3,3,15,2105,1340,765,399,566,1539,6.1318432304038,6.44965597014925,5.57515163398693,5.54400250626566,6.14321024734982,6.12766276803119,166
"169",2017,2,5.5,6,5.4,6,6,NA,5.5,5,1,1,0,6,2111,1345,766,400,566,1545,6.13004737091426,6.44575390334572,5.57570626631854,5.5451425,6.14321024734982,6.12522524271844,167
"170",2017,3,5.83333333333333,6,7.25,3,3,3,6.4,4,2,2,1,5,2117,1349,768,402,567,1550,6.12920642418517,6.44813862120089,5.56899869791667,5.53248009950249,6.13766666666667,6.12611161290322,168
"171",2017,4,5.75,4,5.75,NA,NA,NA,5.75,4,0,0,0,4,2121,1353,768,402,567,1554,6.1284912776992,6.44607464892831,5.56899869791667,5.53248009950249,6.13766666666667,6.1251435006435,169
"172",2017,5,5.85714285714286,7,6.75,4.66666666666667,6,NA,5.85714285714286,4,3,1,0,7,2128,1357,771,403,567,1561,6.12759868421052,6.44697052321297,5.56548767833982,5.53364019851117,6.13766666666667,6.12394170403587,170
"173",2017,6,6.66666666666667,3,6.66666666666667,NA,NA,NA,6.66666666666667,3,0,0,0,3,2131,1360,771,403,567,1564,6.12835757860159,6.44745514705882,5.56548767833982,5.53364019851117,6.13766666666667,6.12498273657289,171
"174",2017,7,5.33333333333333,6,6.33333333333333,4.33333333333333,4.33333333333333,4.5,5.75,3,3,3,2,4,2137,1363,774,406,569,1568,6.1261254094525,6.44720396184886,5.56071188630491,5.52477093596059,6.13191036906854,6.12402614795918,172
"175",2017,8,6.36363636363636,11,6.44444444444444,6,NA,NA,6.36363636363636,9,2,0,0,11,2148,1372,776,406,569,1579,6.1273417132216,6.44718586005831,5.56184407216495,5.52477093596059,6.13191036906854,6.12569537682077,173
"176",2017,9,6.08333333333333,9,6.09375,6,NA,7,5.82142857142857,8,1,0,2,7,2157,1380,777,406,571,1586,6.12715808993973,6.44513695652174,5.56240797940798,5.52477093596059,6.13495096322241,6.12435245901639,174
"177",2017,10,5.42857142857143,7,5.33333333333333,5.5,5,NA,5.42857142857143,3,4,2,0,7,2164,1383,781,408,571,1593,6.12489833641405,6.44272523499638,5.56208834827145,5.52219852941176,6.13495096322241,6.12129504080351,175
"178",2017,11,6.06666666666667,15,6.72727272727273,4.25,4.66666666666667,NA,6.06666666666667,11,4,3,0,15,2179,1394,785,411,571,1608,6.12449747590638,6.44497058823529,5.5554025477707,5.51595377128954,6.13495096322241,6.12078544776119,176
"179",2017,12,6.75,8,6.83333333333333,6.5,7,NA,6.75,6,2,1,0,8,2187,1400,787,412,571,1616,6.12678555098308,6.446635,5.55780304955528,5.51955582524272,6.13495096322241,6.12390037128713,177
"180",2018,1,6.03846153846154,13,6.3,5.16666666666667,5,5.5,6.27777777777778,10,3,1,4,9,2200,1410,790,413,575,1625,6.12626363636363,6.44559503546099,5.55631772151899,5.51829782082324,6.13053391304348,6.12475261538461,178
"181",2018,2,5.8,10,6.2,5.4,4.83333333333333,5.5,5.83333333333333,5,5,3,1,9,2210,1415,795,416,576,1634,6.12478733031674,6.44472720848056,5.55533459119497,5.51335817307692,6.12943923611111,6.12314749082007,179
"182",2018,3,5.625,8,5.5,6,6,6,5.57142857142857,6,2,2,1,7,2218,1421,797,418,577,1641,6.12298467087466,6.44073821252639,5.5564504391468,5.51568660287081,6.12921490467937,6.12079402803168,180
"183",2018,4,6,9,6.71428571428571,3.5,2,2,6.5,7,2,1,1,8,2227,1428,799,419,578,1649,6.12248765154917,6.44207913165266,5.55130287859825,5.50729594272076,6.12207093425605,6.12263371740448,181
"184",2018,5,4.75,4,6,3.5,3.5,NA,4.75,2,2,2,0,4,2231,1430,801,421,578,1653,6.12002689376961,6.44146083916084,5.54618102372035,5.49776009501188,6.12207093425605,6.11931215970962,182
"185",2018,6,5.8,5,6.25,4,4,4,6.25,4,1,1,1,4,2236,1434,802,422,579,1657,6.11931127012522,6.44092677824268,5.54425311720698,5.49421090047393,6.11840587219343,6.11962764031382,183
"186",2018,7,5.25,4,5.66666666666667,4,NA,4,5.66666666666667,3,1,0,1,3,2240,1437,803,422,580,1660,6.11775892857143,6.43931036882394,5.5423300124533,5.49421090047393,6.11475344827586,6.11880903614458,184
"187",2018,8,5.66666666666667,6,5.5,5.75,6,NA,5.66666666666667,2,4,2,0,6,2246,1439,807,424,580,1666,6.11655387355298,6.43800486448923,5.54335935563817,5.49659669811321,6.11475344827586,6.1171806722689,185
"188",2018,9,6.4375,8,6.1,7,6,6,6.7,5,3,1,3,5,2254,1444,810,425,583,1671,6.11769299023957,6.43683448753463,5.54875432098766,5.49778117647059,6.11416295025729,6.11892459605027,186
"189",2018,10,5.88333333333333,12,5.7,6.25,6.5,7.5,5.56,8,4,2,2,10,2266,1452,814,427,585,1681,6.11645189761694,6.43277479338843,5.55220024570025,5.50247540983607,6.11890085470085,6.1155996430696,187
"190",2018,11,6.66666666666667,6,6.66666666666667,NA,NA,8,6,6,0,0,2,4,2272,1458,814,427,587,1685,6.11790492957746,6.43373731138546,5.55220024570025,5.50247540983607,6.12531005110732,6.11532522255193,188
"191",2018,12,6.75,6,6.75,NA,NA,7.25,6.5,6,0,0,2,4,2278,1464,814,427,589,1689,6.11956979806848,6.43503346994535,5.55220024570025,5.50247540983607,6.12912903225806,6.11623623445826,189
"192",2019,1,6,6,7,5,5,NA,6,3,3,2,0,6,2284,1467,817,429,589,1695,6.11925569176883,6.43618882072256,5.55017258261934,5.50013286713287,6.12912903225806,6.11582477876106,190
"193",2019,2,6.38571428571429,7,6.61666666666667,5,5,6,6.45,6,1,1,1,6,2291,1473,818,430,590,1701,6.12006983849847,6.4369239646979,5.5495,5.49896976744186,6.12891016949152,6.11700352733686,191
"194",2019,3,5.90909090909091,11,5.66666666666667,7,7,NA,5.90909090909091,9,2,1,0,11,2302,1482,820,431,590,1712,6.11906168549088,6.43224628879892,5.55303780487805,5.5024524361949,6.12891016949152,6.11566764018691,192
"195",2019,4,5.5,2,5.5,NA,NA,7,4,2,0,0,1,1,2304,1484,820,431,591,1713,6.11852430555555,6.43098989218329,5.55303780487805,5.5024524361949,6.13038409475465,6.11443257443082,193
"196",2019,5,5.1,5,5.83333333333333,4,2,2,5.875,3,2,1,1,4,2309,1487,822,432,592,1717,6.1163187527068,6.42978412911903,5.54925912408759,5.49434490740741,6.12340709459459,6.1138747815958,194
"197",2019,6,6.55,6,6.86,5,NA,7.3,6.4,5,1,0,1,5,2315,1492,823,432,593,1722,6.11744276457883,6.43122587131367,5.54859173754557,5.49434490740741,6.12539123102867,6.11470557491289,195
"198",2019,7,5.46428571428571,7,5.375,6,6,7.75,5.08333333333333,6,1,1,1,6,2322,1498,824,433,594,1728,6.1154737295435,6.4269953271028,5.5491395631068,5.49551270207852,6.12812626262626,6.11112442129629,196
"199",2019,8,6,9,6.28571428571429,5,5,5,6.125,7,2,2,1,8,2331,1505,826,435,595,1736,6.11502788502788,6.42633820598007,5.54780992736078,5.49323448275862,6.12623025210084,6.1111883640553,197
"200",2019,9,5.88888888888889,9,6.5,4.66666666666667,5,NA,5.88888888888889,6,3,2,0,9,2340,1511,829,437,595,1745,6.11415811965812,6.4266307081403,5.54462123039807,5.4909771167048,6.12623025210084,6.11004183381089,198
"201",2019,10,5.3125,8,5.83333333333333,5,5.33333333333333,NA,5.3125,3,5,3,0,8,2348,1514,834,440,595,1753,6.11142674616695,6.42545508586526,5.54135611510792,5.48990227272727,6.12623025210084,6.10640216771249,199
"202",2019,11,8,2,8,NA,NA,7,9,2,0,0,1,1,2350,1516,834,440,596,1754,6.11303404255319,6.42753232189974,5.54135611510792,5.48990227272727,6.12769630872483,6.10805188141391,200
"203",2019,12,6.25,9,6.28571428571429,6.125,5.75,5.375,6.5,7,2,1,2,7,2359,1523,836,441,598,1761,6.11355659177618,6.4268804990151,5.5427523923445,5.49049206349206,6.12517892976589,6.10960988074957,201
"204",2020,1,6.53571428571429,14,6.92857142857143,6.14285714285714,5.7,7,6.40909090909091,7,7,5,3,11,2373,1530,843,446,601,1772,6.11604719764012,6.42917581699346,5.54773546856465,5.49284080717489,6.12954575707155,6.11146896162528,202
"205",2020,2,5.43333333333333,15,5.46428571428571,5,5,6,5.34615384615385,14,1,1,2,13,2388,1544,844,447,603,1785,6.11175879396985,6.4204268134715,5.547086492891,5.49173825503356,6.12911608623549,6.10589523809524,203
"206",2020,3,5.02,10,5.45714285714286,4,3,4.33333333333333,5.31428571428571,7,3,2,3,7,2398,1551,847,449,606,1792,6.10720600500417,6.41607930367505,5.54160684769776,5.48063919821826,6.12022607260726,6.10280301339286,204
"207",2020,4,6,15,6.25,5.5,4.33333333333333,5.25,6.11538461538461,10,5,3,2,13,2413,1561,852,452,608,1805,6.10653957728968,6.41501537475977,5.54136267605634,5.47302433628318,6.11736348684211,6.10289362880886,205
"208",2020,5,5.71428571428571,7,6.2,4.5,6,6,5.6,5,2,1,2,5,2420,1566,854,453,610,1810,6.10540495867768,6.41432886334611,5.53892388758782,5.47418763796909,6.11697868852459,6.1015044198895,206
"209",2020,6,6.79166666666667,6,6.75,7,NA,NA,6.79166666666667,5,1,0,0,6,2426,1571,855,453,610,1816,6.10710222588623,6.41539719923616,5.54063274853801,5.47418763796909,6.11697868852459,6.10378469162995,207
"210",2020,7,5.70909090909091,11,5.5625,6.1,6.1,6.43333333333333,5.4375,8,3,3,3,8,2437,1579,858,456,613,1824,6.1053057037341,6.41107599746675,5.54258857808858,5.4783048245614,6.11852691680261,6.10086239035088,208
"211",2020,8,7.01111111111111,9,6.92857142857143,7.3,NA,6.8,7.07142857142857,7,2,0,2,7,2446,1586,860,456,615,1831,6.10863859362224,6.41336002522068,5.54667558139535,5.4783048245614,6.12074308943089,6.10457291097761,209
"212",2020,9,6.79166666666667,12,6.8125,6.75,8,NA,6.79166666666667,8,4,2,0,12,2458,1594,864,458,615,1843,6.11197314890155,6.41536323713927,5.55224652777778,5.48931659388646,6.12074308943089,6.10904666304937,210
"213",2020,10,5.375,4,6.83333333333333,1,1,NA,5.375,3,1,1,0,4,2462,1597,865,459,615,1847,6.11077579203899,6.41614840325611,5.5469838150289,5.47953594771242,6.12074308943089,6.10745695722794,211
"214",2020,11,5.96428571428571,14,6.28571428571429,5.64285714285714,5.33333333333333,5.5,6.04166666666667,7,7,3,2,12,2476,1604,872,462,617,1859,6.10994749596123,6.41557917705736,5.54775344036698,5.47858658008658,6.11873095623987,6.10703227541689,212
"215",2020,12,6.41666666666667,6,6.75,5.75,5.75,NA,6.41666666666667,4,2,2,0,6,2482,1608,874,464,617,1865,6.11068896051571,6.41641106965174,5.54821624713959,5.47975646551724,6.11873095623987,6.10802841823056,213
"216",2021,1,5.8408335,20,6.04047642857143,5.375,6.16666666666667,7,5.77982473684211,14,6,3,1,19,2502,1622,880,467,618,1884,6.10853184252598,6.41316625770654,5.54703522727273,5.48416916488223,6.1201569579288,6.10471850849257,214
"217",2021,2,5.6125,8,6.15,4,4,4,6.15,6,2,2,2,6,2510,1628,882,469,620,1890,6.10695086454183,6.41219635749386,5.54352721088436,5.47784008528785,6.11331774193548,6.10486225925926,215
"218",2021,3,5.821333,10,6.942666,4.7,5,7,5.69037,5,5,2,1,9,2520,1633,887,471,621,1899,6.10581746031746,6.41382057562768,5.53877226606539,5.4758110403397,6.11474557165861,6.10289784096893,216
"219",2021,4,7.25,4,7.25,NA,NA,NA,7.25,4,0,0,0,4,2524,1637,887,471,621,1903,6.10763074484944,6.41586377519853,5.53877226606539,5.4758110403397,6.11474557165861,6.10530898581187,217
"220",2021,5,6.1,5,6.1,NA,NA,NA,6.1,5,0,0,0,5,2529,1642,887,471,621,1908,6.10761565836299,6.41490194884287,5.53877226606539,5.4758110403397,6.11474557165861,6.10529507337526,218
"221",2021,6,6.4375,8,7.08333333333333,4.5,4.5,6.75,6.33333333333333,6,2,2,2,6,2537,1648,889,473,623,1914,6.10865589278675,6.41733555825243,5.53643532058493,5.47168498942918,6.1167849117175,6.10600992685475,219
"222",2021,7,5.5625,8,6.41666666666667,3,5,NA,5.5625,6,2,1,0,8,2545,1654,891,474,623,1922,6.10693909626719,6.41733313180169,5.5307418630752,5.47068987341772,6.1167849117175,6.10374765868886,220
"223",2021,8,5.93166666666667,12,6.33333333333333,5.53,4.8,8,5.518,6,6,4,2,10,2557,1660,897,478,625,1932,6.10611654282362,6.41702951807229,5.53073690078038,5.46507740585774,6.1228112,6.10071583850932,221
"224",2021,9,4.93333333333333,12,4.95,4.91666666666667,4.91666666666667,5,4.91111111111111,6,6,6,3,9,2569,1666,903,484,628,1941,6.10063838069288,6.41174609843938,5.52665669988926,5.45827892561983,6.1174474522293,6.09519989696033,222
"225",2021,10,5.75,8,6.16666666666667,4.5,3,6,5.71428571428571,6,2,1,1,7,2577,1672,905,485,629,1948,6.09954986418316,6.41086662679426,5.52438784530387,5.45321030927835,6.11726073131955,6.09383110882957,223
"226",2021,11,5.70833333333333,6,5.70833333333333,NA,NA,NA,5.70833333333333,6,0,0,0,6,2583,1678,905,485,629,1954,6.09864111498258,6.40835458879619,5.52438784530387,5.45321030927835,6.11726073131955,6.09264738996929,224
"227",2021,12,6.68761857142857,7,6.9533325,6.33333333333333,7,NA,6.68761857142857,4,3,1,0,7,2590,1682,908,486,629,1961,6.10023294594595,6.40965061236623,5.52706057268723,5.45639300411523,6.11726073131955,6.09477120346762,225
"228",2022,1,5.54545454545455,11,6,5,4.75,6,5.375,6,5,4,3,8,2601,1688,913,490,632,1969,6.09788670895809,6.40819450829384,5.52417415115006,5.45062653061224,6.11670411392405,6.09184679024886,226
"229",2022,2,6.22222222222222,9,6.25,6,NA,6,6.28571428571429,8,1,0,2,7,2610,1696,914,490,634,1976,6.09831545210728,6.40744830778302,5.52469474835886,5.45062653061224,6.11633596214511,6.09253356781376,227
"230",2022,3,5.16666666666667,3,5.5,5,5,3,6.25,1,2,2,1,2,2613,1697,916,492,635,1978,6.09724582089552,6.40691357100766,5.52354912663756,5.44879471544715,6.11142834645669,6.09269278564206,228
"231",2022,4,5.14285714285714,7,5.14285714285714,NA,NA,NA,5.14285714285714,7,0,0,0,7,2620,1704,916,492,635,1985,6.09469592748092,6.40172085093897,5.52354912663756,5.44879471544715,6.11142834645669,6.08934323929471,229
"232",2022,5,6.20909090909091,11,7.0375,4,4,6.25,6.2,8,3,3,2,9,2631,1712,919,495,637,1994,6.09517420372482,6.40469178154206,5.51857562568009,5.44001414141414,6.11186342229199,6.08984269307924,230
"233",2022,6,7.0625,8,7,7.16666666666667,5.5,8,6.75,5,3,1,2,6,2639,1717,922,496,639,2000,6.09810660477454,6.40642535235877,5.52393817787419,5.44013508064516,6.1177730829421,6.091823165,231
"234",2022,7,6.14285714285714,7,7,5,4,6.5,6,4,3,2,2,5,2646,1721,925,498,641,2005,6.09822499244142,6.40780495642069,5.52223891891892,5.43435140562249,6.11896567862714,6.09159417955112,232
"235",2022,8,6.75,6,7,6.25,6.25,7,6.7,4,2,2,1,5,2652,1725,927,500,642,2010,6.09969959653092,6.40917816231884,5.52380906148868,5.437614,6.12033800623053,6.09310762686567,233
"236",2022,9,5.6,5,7,4.66666666666667,4,3,6.25,2,3,2,1,4,2657,1727,930,502,643,2014,6.098759251035,6.40986237984945,5.52104408602151,5.43188645418327,6.11548522550544,6.09341923038729,234
"237",2022,10,6.66666666666667,6,7,6.33333333333333,4.5,NA,6.66666666666667,3,3,2,0,6,2663,1730,933,504,643,2020,6.10003880210289,6.41088573988439,5.52365594855306,5.42818849206349,6.11548522550544,6.09512194554455,235
"238",2022,11,6.06666666666667,9,6.12,6,4.5,4,6.325,5,4,2,1,8,2672,1735,937,506,644,2028,6.09992639595808,6.41004745244957,5.525689434365,5.42451976284585,6.112200310559,6.09602876232741,236
"239",2022,12,5.56153846153846,13,6.18571428571429,4.83333333333333,5.5,8,5.35833333333333,7,6,2,1,12,2685,1742,943,508,645,2040,6.09731967597765,6.4091459988519,5.52128419936374,5.42481692913386,6.11512713178294,6.09168937745098,237
