"","year","month","avg_rating","no_ratings","avg_rating_owned","avg_rating_not_owned","avg_rating_prev_owned","avg_rating_comment","avg_rating_no_comment","no_ratings_owned","no_ratings_not_owned","no_ratings_prev_owned","no_ratings_comment","no_ratings_no_comment","cum_no_ratings","cum_no_ratings_owned","cum_no_ratings_not_owned","cum_no_ratings_prev_owned","cum_no_ratings_comment","cum_no_ratings_no_comment","cum_avg_rating","cum_avg_rating_owned","cum_avg_rating_not_owned","cum_avg_rating_prev_owned","cum_avg_rating_comment","cum_avg_rating_no_comment","month_after_release"
"1",2001,5,6.5,1,6.5,NA,NA,NA,6.5,1,0,0,0,1,1,1,0,0,0,1,6.5,6.5,NA,NA,NA,6.5,0
"2",2001,6,7,4,7.5,6.5,NA,NA,7,2,2,0,0,4,5,3,2,0,0,5,6.9,7.16666666666667,6.5,NA,NA,6.9,1
"3",2001,8,8,1,8,NA,NA,8,NA,1,0,0,1,0,6,4,2,0,1,5,7.08333333333333,7.375,6.5,NA,8,6.9,3
"4",2001,9,7.33333333333333,3,7.5,7,NA,8,6,2,1,0,2,1,9,6,3,0,3,6,7.16666666666667,7.41666666666667,6.66666666666667,NA,8,6.75,4
"5",2001,10,7,1,7,NA,NA,7,NA,1,0,0,1,0,10,7,3,0,4,6,7.15,7.35714285714286,6.66666666666667,NA,7.75,6.75,5
"6",2001,11,6.66666666666667,3,6.66666666666667,NA,NA,7,6,3,0,0,2,1,13,10,3,0,6,7,7.03846153846154,7.15,6.66666666666667,NA,7.5,6.64285714285714,6
"7",2002,1,7,1,NA,7,NA,NA,7,0,1,0,0,1,14,10,4,0,6,8,7.03571428571429,7.15,6.75,NA,7.5,6.6875,8
"8",2002,2,7.5,4,7,8,8,7.5,7.5,2,2,1,2,2,18,12,6,1,8,10,7.13888888888889,7.125,7.16666666666667,8,7.5,6.85,9
"9",2002,3,7.66666666666667,3,7.5,8,NA,NA,7.66666666666667,2,1,0,0,3,21,14,7,1,8,13,7.21428571428571,7.17857142857143,7.28571428571429,8,7.5,7.03846153846154,10
"10",2002,4,8,1,NA,8,8,8,NA,0,1,1,1,0,22,14,8,2,9,13,7.25,7.17857142857143,7.375,8,7.55555555555556,7.03846153846154,11
"11",2002,5,7,3,7.5,6,NA,7,7,2,1,0,2,1,25,16,9,2,11,14,7.22,7.21875,7.22222222222222,8,7.45454545454545,7.03571428571429,12
"12",2002,6,6,1,6,NA,NA,NA,6,1,0,0,0,1,26,17,9,2,11,15,7.17307692307692,7.14705882352941,7.22222222222222,8,7.45454545454545,6.96666666666667,13
"13",2002,7,8.33333333333333,3,8.5,8,8,NA,8.33333333333333,2,1,1,0,3,29,19,10,3,11,18,7.29310344827586,7.28947368421053,7.3,8,7.45454545454545,7.19444444444444,14
"14",2002,9,5.66666666666667,3,NA,5.66666666666667,8,4,6.5,0,3,1,1,2,32,19,13,4,12,20,7.140625,7.28947368421053,6.92307692307692,8,7.16666666666667,7.125,16
"15",2002,10,8,6,8.33333333333333,7.66666666666667,8,7,8.2,3,3,1,1,5,38,22,16,5,13,25,7.27631578947368,7.43181818181818,7.0625,8,7.15384615384615,7.34,17
"16",2002,11,6.125,8,7,5.25,NA,5.8,6.66666666666667,4,4,0,5,3,46,26,20,5,18,28,7.07608695652174,7.36538461538461,6.7,8,6.77777777777778,7.26785714285714,18
"17",2002,12,8,1,8,NA,NA,NA,8,1,0,0,0,1,47,27,20,5,18,29,7.09574468085106,7.38888888888889,6.7,8,6.77777777777778,7.29310344827586,19
"18",2003,1,8.16666666666667,3,8.5,7.5,NA,8.5,7.5,2,1,0,2,1,50,29,21,5,20,30,7.16,7.46551724137931,6.73809523809524,8,6.95,7.3,20
"19",2003,2,6,1,6,NA,NA,6,NA,1,0,0,1,0,51,30,21,5,21,30,7.13725490196078,7.41666666666667,6.73809523809524,8,6.90476190476191,7.3,21
"20",2003,3,7.6,5,7.6,NA,NA,7.5,7.66666666666667,5,0,0,2,3,56,35,21,5,23,33,7.17857142857143,7.44285714285714,6.73809523809524,8,6.95652173913043,7.33333333333333,22
"21",2003,4,7.5,1,7.5,NA,NA,NA,7.5,1,0,0,0,1,57,36,21,5,23,34,7.18421052631579,7.44444444444444,6.73809523809524,8,6.95652173913043,7.33823529411765,23
"22",2003,5,7.75,10,7.71428571428571,7.83333333333333,8,8,7.375,7,3,1,6,4,67,43,24,6,29,38,7.26865671641791,7.48837209302326,6.875,8,7.17241379310345,7.34210526315789,24
"23",2003,6,6.83333333333333,6,7,6,NA,6,7.66666666666667,5,1,0,3,3,73,48,25,6,32,41,7.23287671232877,7.4375,6.84,8,7.0625,7.36585365853659,25
"24",2003,7,6.69444444444444,27,7.45,5.75,7,6,6.98684210526316,15,12,1,8,19,100,63,37,7,40,60,7.0875,7.44047619047619,6.48648648648649,7.85714285714286,6.85,7.24583333333333,26
"25",2003,8,6.65,10,7.1875,4.5,NA,7,6.5,8,2,0,3,7,110,71,39,7,43,67,7.04772727272727,7.41197183098592,6.38461538461539,7.85714285714286,6.86046511627907,7.16791044776119,27
"26",2003,9,6.875,8,8.25,5.5,NA,8.5,6.64285714285714,4,4,0,1,7,118,75,43,7,44,74,7.03601694915254,7.45666666666667,6.30232558139535,7.85714285714286,6.89772727272727,7.11824324324324,28
"27",2003,10,7.75,2,8,7.5,NA,NA,7.75,1,1,0,0,2,120,76,44,7,44,76,7.04791666666667,7.46381578947368,6.32954545454545,7.85714285714286,6.89772727272727,7.13486842105263,29
"28",2003,11,7.14285714285714,7,7.2,7,NA,7.125,7.16666666666667,5,2,0,4,3,127,81,46,7,48,79,7.05314960629921,7.44753086419753,6.35869565217391,7.85714285714286,6.91666666666667,7.13607594936709,30
"29",2003,12,6.96428571428571,14,7.14285714285714,6.78571428571429,NA,7,6.95,7,7,0,4,10,141,88,53,7,52,89,7.04432624113475,7.42329545454545,6.41509433962264,7.85714285714286,6.92307692307692,7.11516853932584,31
"30",2004,1,7.23076923076923,13,7.5,6.8,7,7.6,7,8,5,1,5,8,154,96,58,8,57,97,7.06006493506494,7.4296875,6.44827586206897,7.75,6.98245614035088,7.10567010309278,32
"31",2004,2,7.1,5,7.25,7,NA,7.5,7,2,3,0,1,4,159,98,61,8,58,101,7.06132075471698,7.42602040816327,6.47540983606557,7.75,6.99137931034483,7.10148514851485,33
"32",2004,3,6.83333333333333,9,6.91666666666667,6.66666666666667,6,7,6.78571428571429,6,3,1,2,7,168,104,64,9,60,108,7.04910714285714,7.39663461538461,6.484375,7.55555555555556,6.99166666666667,7.08101851851852,34
"33",2004,4,7.27333333333333,15,8.08571428571429,6.5625,NA,6.95,7.64285714285714,7,8,0,8,7,183,111,72,9,68,115,7.06748633879781,7.44009009009009,6.49305555555556,7.55555555555556,6.98676470588235,7.11521739130435,35
"34",2004,5,6.296875,16,6.625,5.75,6.25,6.0625,6.53125,10,6,2,8,8,199,121,78,11,76,123,7.00552763819095,7.37272727272727,6.43589743589744,7.31818181818182,6.88947368421053,7.07723577235772,36
"35",2004,6,6.69444444444444,18,7.125,5.83333333333333,7,7.1,6.53846153846154,12,6,1,5,13,217,133,84,12,81,136,6.97972350230415,7.35037593984962,6.39285714285714,7.29166666666667,6.90246913580247,7.02573529411765,37
"36",2004,7,6.82352941176471,17,7.41666666666667,5.4,NA,6.57142857142857,7,12,5,0,7,10,234,145,89,12,88,146,6.96837606837607,7.35586206896552,6.33707865168539,7.29166666666667,6.87613636363636,7.02397260273973,38
"37",2004,8,7.04545454545455,11,7.5,6.25,NA,7.33333333333333,6.9375,7,4,0,3,8,245,152,93,12,91,154,6.97183673469388,7.3625,6.33333333333333,7.29166666666667,6.89120879120879,7.01948051948052,39
"38",2004,9,7.07142857142857,14,7.36363636363636,6,NA,6.5,7.3,11,3,0,4,10,259,163,96,12,95,164,6.97722007722008,7.36257668711656,6.32291666666667,7.29166666666667,6.87473684210526,7.03658536585366,40
"39",2004,10,6.83333333333333,9,7.21428571428571,5.5,NA,7,6.625,7,2,0,5,4,268,170,98,12,100,168,6.97238805970149,7.35647058823529,6.30612244897959,7.29166666666667,6.881,7.02678571428571,41
"40",2004,11,6.63888888888889,18,7.09090909090909,5.92857142857143,6.16666666666667,6.9,6.53846153846154,11,7,3,5,13,286,181,105,15,105,181,6.9513986013986,7.34033149171271,6.28095238095238,7.06666666666667,6.88190476190476,6.99171270718232,42
"41",2004,12,7.3125,8,7.58333333333333,6.5,NA,7.4,7.16666666666667,6,2,0,5,3,294,187,107,15,110,184,6.96122448979592,7.34812834224599,6.28504672897196,7.06666666666667,6.90545454545455,6.9945652173913,43
"42",2005,1,6.58620689655172,29,6.76470588235294,6.33333333333333,6,6.3,6.73684210526316,17,12,1,10,19,323,204,119,16,120,203,6.92755417956656,7.29950980392157,6.28991596638655,7,6.855,6.97044334975369,44
"43",2005,2,6.42857142857143,14,7.25,5.33333333333333,6,6.38888888888889,6.5,8,6,1,9,5,337,212,125,17,129,208,6.90682492581602,7.29764150943396,6.244,6.94117647058824,6.82248062015504,6.95913461538461,45
"44",2005,3,6.7,15,7.125,5,NA,6.125,6.90909090909091,12,3,0,4,11,352,224,128,17,133,219,6.89801136363636,7.28839285714286,6.21484375,6.94117647058824,6.8015037593985,6.95662100456621,46
"45",2005,4,6.42857142857143,14,7.08333333333333,5.9375,6,6.75,6.375,6,8,2,2,12,366,230,136,19,135,231,6.88005464480874,7.28304347826087,6.19852941176471,6.84210526315789,6.80074074074074,6.92640692640693,47
"46",2005,5,6.28235294117647,17,7.11428571428571,5.7,5,5.92857142857143,6.53,7,10,1,7,10,383,237,146,20,142,241,6.85352480417755,7.27805907172996,6.16438356164384,6.75,6.75774647887324,6.90995850622407,48
"47",2005,6,6.46153846153846,13,6.5,6.33333333333333,7,5.8,6.875,10,3,1,5,8,396,247,149,21,147,249,6.84065656565657,7.24655870445344,6.16778523489933,6.76190476190476,6.72517006802721,6.90883534136546,49
"48",2005,7,7.13333333333333,15,7.375,6.85714285714286,8,7.5,7,8,7,1,4,11,411,255,156,22,151,260,6.85133819951338,7.25058823529412,6.19871794871795,6.81818181818182,6.74569536423841,6.91269230769231,50
"49",2005,8,6.692,25,7.36923076923077,5.95833333333333,NA,6.73684210526316,6.55,13,12,0,19,6,436,268,168,22,170,266,6.84220183486239,7.25634328358209,6.18154761904762,6.81818181818182,6.74470588235294,6.90451127819549,51
"50",2005,9,6.025,20,6.55,5.5,7,6.0625,6,10,10,1,8,12,456,278,178,23,178,278,6.80635964912281,7.23093525179856,6.14325842696629,6.82608695652174,6.71404494382022,6.86546762589928,52
"51",2005,10,6.63904761904762,21,6.87,5.9,7,6.38916666666667,6.97222222222222,16,5,1,12,9,477,294,183,24,190,287,6.79899371069182,7.2112925170068,6.13661202185792,6.83333333333333,6.69352631578947,6.86881533101045,53
"52",2005,11,6.23484848484848,33,6.65,5.59615384615385,5.5,6.46428571428571,6.06578947368421,20,13,2,14,19,510,314,196,26,204,306,6.76249019607843,7.17554140127389,6.10076530612245,6.73076923076923,6.67779411764706,6.81895424836601,54
"53",2005,12,6.64130434782609,23,7,6.25,6.875,6.39583333333333,6.90909090909091,12,11,2,12,11,533,326,207,28,216,317,6.7572607879925,7.16907975460123,6.10869565217391,6.74107142857143,6.66212962962963,6.82208201892744,55
"54",2006,1,6.31666666666667,36,6.82777777777778,5.80555555555556,6.75,6.12727272727273,6.4,18,18,2,11,25,569,344,225,30,227,342,6.7293848857645,7.15122093023256,6.08444444444444,6.74166666666667,6.63621145374449,6.79122807017544,56
"55",2006,2,6.4375,24,7.03846153846154,5.72727272727273,6,6.22222222222222,6.56666666666667,13,11,3,9,15,593,357,236,33,236,357,6.71757166947723,7.14711484593838,6.06779661016949,6.67424242424242,6.62042372881356,6.78179271708683,57
"56",2006,3,6.39375,16,6.75454545454545,5.6,5.5,7,6.30714285714286,11,5,2,2,14,609,368,241,35,238,371,6.70906403940887,7.13538043478261,6.05809128630705,6.60714285714286,6.62361344537815,6.76388140161725,58
"57",2006,4,6.8,21,7.025,6.5,7,7.09090909090909,6.48,12,9,1,11,10,630,380,250,36,249,381,6.71209523809524,7.13189473684211,6.074,6.61805555555556,6.64425702811245,6.75643044619423,59
"58",2006,5,6.36206896551724,29,6.59375,6.07692307692308,6.66666666666667,5.92307692307692,6.71875,16,13,3,13,16,659,396,263,39,262,397,6.69669195751138,7.11015151515152,6.07414448669202,6.62179487179487,6.60847328244275,6.75491183879093,60
"59",2006,6,6.15625,16,6.31818181818182,5.8,NA,6.5,5.88888888888889,11,5,0,7,9,675,407,268,39,269,406,6.68388148148148,7.08874692874693,6.06902985074627,6.62179487179487,6.60565055762082,6.73571428571429,61
"60",2006,7,6.25454545454545,33,6.39473684210526,6.06428571428571,4,6.26666666666667,6.24444444444444,19,14,2,15,18,708,426,282,41,284,424,6.66387005649718,7.05779342723005,6.06879432624114,6.49390243902439,6.58774647887324,6.71485849056604,62
"61",2006,8,6.41739130434783,23,6.89285714285714,5.67777777777778,6,5.87142857142857,6.65625,14,9,3,7,16,731,440,291,44,291,440,6.65611491108071,7.05254545454545,6.05670103092783,6.46022727272727,6.57051546391753,6.71272727272727,63
"62",2006,9,5.89473684210526,19,6.59090909090909,4.9375,6.5,5.6,6,11,8,2,5,14,750,451,299,46,296,454,6.63682666666667,7.04128603104213,6.02675585284281,6.46195652173913,6.55412162162162,6.69074889867841,64
"63",2006,10,6.03548387096774,31,6.9,5.225,4.2,5.29166666666667,6.50526315789474,15,16,5,12,19,781,466,315,51,308,473,6.61295774647887,7.03673819742489,5.98603174603175,6.24019607843137,6.50493506493506,6.68329809725159,65
"64",2006,11,6.28960714285714,28,7.03992857142857,5.53928571428571,7.26666666666667,5.75064285714286,6.82857142857143,14,14,3,14,14,809,480,329,54,322,487,6.60176637824475,7.03683125,5.96702127659574,6.29722222222222,6.47213975155279,6.68747433264887,66
"65",2006,12,6.71428571428571,42,7.1,6.14705882352941,8,7.14285714285714,6.5,25,17,1,14,28,851,505,346,55,336,515,6.6073196239718,7.03995841584159,5.97586705202312,6.32818181818182,6.50008630952381,6.67728155339806,67
"66",2007,1,6.33690476190476,42,6.925,5.80227272727273,6.63,6.46153846153846,6.28103448275862,20,22,5,13,29,893,525,368,60,349,544,6.594601343785,7.03557904761905,5.96548913043478,6.35333333333333,6.49865042979943,6.65615808823529,68
"67",2007,2,6.27775707317073,41,6.74,5.83752571428571,6.5,5.6875,6.4208496969697,20,21,6,8,33,934,545,389,66,357,577,6.58069276231264,7.02473211009174,5.95858107969152,6.36666666666667,6.48047338935574,6.64270024263431,69
"68",2007,3,6.13214285714286,28,6.81333333333333,5.34615384615385,NA,5.70833333333333,6.45,15,13,0,12,16,962,560,402,66,369,593,6.56763725571726,7.01906964285714,5.93877621890547,6.36666666666667,6.45536314363143,6.63750091062395,70
"69",2007,4,6.35454545454545,33,6.80526315789474,5.74285714285714,6,6,6.50869565217391,19,14,3,10,23,995,579,416,69,379,616,6.56056988944724,7.01205354058722,5.93218278846154,6.35072463768116,6.44334828496042,6.63269162337662,71
"70",2007,5,6.8,20,7.22222222222222,6.45454545454545,6.25,6.5,7.25,9,11,4,12,8,1015,588,427,73,391,624,6.56528772413793,7.01527040816327,5.94563943793911,6.34520547945205,6.44508695652174,6.64060583333333,72
"71",2007,6,6.65714285714286,28,6.91333333333333,6.36153846153846,6.85,6.74444444444444,6.61578947368421,15,13,2,9,19,1043,603,440,75,400,643,6.5677536337488,7.01273466003317,5.95792736363636,6.35866666666667,6.4518225,6.63987253499222,73
"72",2007,7,6.12222222222222,27,6.10588235294118,6.15,8,5.63636363636364,6.45625,17,10,1,11,16,1070,620,450,76,411,659,6.55651125233645,6.98786935483871,5.96219564444444,6.38026315789474,6.42999756690997,6.63541432473444,74
"73",2007,8,6.36904761904762,21,6.58333333333333,6.08333333333333,6.4375,6.33333333333333,6.38333333333333,12,9,4,6,15,1091,632,459,80,417,674,6.55290287809349,6.98018829113924,5.96457089324619,6.383125,6.4286067146283,6.62980421364985,75
"74",2007,9,6.28054054054054,37,7.05555555555556,5.54631578947368,6.33333333333333,5.84,6.492,18,19,3,12,25,1128,650,478,83,429,699,6.5439690070922,6.98227538461539,5.94794569037657,6.38132530120482,6.41214219114219,6.62487559370529,76
"75",2007,10,6.24038461538461,26,6.82142857142857,5.5625,7.125,5.875,6.35,14,12,2,6,20,1154,664,490,85,435,719,6.5371291507799,6.97888403614458,5.93850620408163,6.39882352941176,6.40473333333333,6.61722954102921,77
"76",2007,11,6.44444444444444,36,6.76428571428571,6.24090909090909,6,6.25,6.51923076923077,14,22,2,10,26,1190,678,512,87,445,745,6.53432524369748,6.97445280235988,5.951500078125,6.38965517241379,6.40125617977528,6.61380944966443,78
"77",2007,12,6.46875,48,6.76,6.15217391304348,6.25,6.44117647058824,6.48387096774194,25,23,4,17,31,1238,703,535,91,462,776,6.5317827463651,6.96682645803698,5.96012717757009,6.38351648351648,6.40272510822511,6.60861860824742,79
"78",2008,1,6.19615384615385,52,6.54285714285714,5.79166666666667,5,6,6.32903225806452,28,24,1,21,31,1290,731,559,92,483,807,6.51825351937984,6.95058686730506,5.95289452593918,6.36847826086956,6.38521532091097,6.59787861214374,80
"79",2008,2,6.33333333333333,36,6.5,6.03846153846154,7,6.30769230769231,6.34782608695652,23,13,2,13,23,1326,754,572,94,496,830,6.51323306184012,6.93684217506631,5.95483923076923,6.38191489361702,6.38318346774193,6.59094944578313,81
"80",2008,3,6.58235294117647,34,7.05882352941176,6.10588235294118,5.33333333333333,6.25,6.76363636363636,17,17,3,12,22,1360,771,589,97,508,852,6.51496105882353,6.9395317769131,5.95919870967742,6.34948453608247,6.3800374015748,6.59540849765258,82
"81",2008,4,6.50285714285714,35,6.93157894736842,5.99375,5.75,7,6.33076923076923,19,16,2,9,26,1395,790,605,99,517,878,6.51465737634409,6.93934050632911,5.96011246280992,6.33737373737374,6.39082978723404,6.58757179954442,83
"82",2008,5,6.32228571428571,35,6.79875,5.92105263157895,5.875,6.33052631578947,6.3125,16,19,4,19,16,1430,806,624,103,536,894,6.50994897902098,6.93654962779156,5.95892314102564,6.31941747572816,6.3886921641791,6.58264881431767,84
"83",2008,6,6.13333333333333,30,6.34375,5.89285714285714,6.125,5.72222222222222,6.30952380952381,16,14,4,9,21,1460,822,638,107,545,915,6.50221030136986,6.92501094890511,5.9574734169279,6.31214953271028,6.37768623853211,6.5763803715847,85
"84",2008,7,6.23863636363636,44,6.66666666666667,5.94230769230769,5.52777777777778,5.84,6.76315789473684,18,26,18,25,19,1504,840,664,125,570,934,6.49449936170213,6.919475,5.95687957831325,6.1992,6.35410350877193,6.58017991434689,86
"85",2008,8,6.05555555555556,27,6.40625,5.54545454545455,5.16666666666667,6.16666666666667,6.02380952380952,16,11,6,6,21,1531,856,675,131,576,955,6.48675835401698,6.90988200934579,5.95017487407407,6.15190839694657,6.35215104166667,6.56794559162304,87
"86",2008,9,6.26486486486487,37,7.15555555555556,5.42105263157895,4.66666666666667,5.27272727272727,6.68461538461538,18,19,6,11,26,1568,874,694,137,587,981,6.48152234693877,6.91494164759725,5.9356888184438,6.08686131386861,6.33192333901192,6.57103775739042,88
"87",2008,10,6.50689655172414,29,6.97692307692308,6.125,5.8125,6.33333333333333,6.585,13,16,8,9,20,1597,887,710,145,596,1001,6.4819831183469,6.91585005636979,5.93995498591549,6.07172413793103,6.33194463087248,6.57131672327672,89
"88",2008,11,6.4625,40,6.72,6.03333333333333,6.0625,6.15384615384615,6.61111111111111,25,15,8,13,27,1637,912,725,153,609,1028,6.48150704948076,6.91048135964912,5.94188695172414,6.07124183006536,6.32814285714286,6.57236190661478,90
"89",2008,12,6.3974358974359,39,6.43333333333333,6.375,6.5,6.33333333333333,6.4375,15,24,12,15,24,1676,927,749,165,624,1052,6.4795507398568,6.90276051779935,5.95576507343124,6.10242424242424,6.32826762820513,6.56928520912547,91
"90",2009,1,6.23396226415094,53,6.56551724137931,5.83333333333333,5.9,5.9125,6.37297297297297,29,24,10,16,37,1729,956,773,175,640,1089,6.47202257952574,6.89253033472803,5.95196382923674,6.09085714285714,6.3178734375,6.56261528007346,92
"91",2009,2,6.195,50,6.64705882352941,5.96212121212121,5.85,5.91666666666667,6.28289473684211,17,33,10,12,38,1779,973,806,185,652,1127,6.4642366722878,6.88824152106886,5.95237970223325,6.07783783783784,6.31048926380368,6.55318370896184,93
"92",2009,3,6.19285714285714,42,6.54444444444444,5.92916666666667,5.25,6.525,6.06,18,24,4,12,30,1821,991,830,189,664,1157,6.45797750686436,6.88199697275479,5.95170848192771,6.06031746031746,6.31436596385542,6.54039588591184,94
"93",2009,4,6.425,64,6.7225,6.28977272727273,6.34615384615385,6.659375,6.346875,20,44,13,16,48,1885,1011,874,202,680,1205,6.45685784615385,6.87884174085064,5.96872773455378,6.07871287128713,6.32248382352941,6.53268717012448,95
"94",2009,5,6.50625,32,7.3125,6.2375,5.46666666666667,5.74285714285714,6.72,8,24,9,7,25,1917,1019,898,211,687,1230,6.45768233698487,6.88224631992149,5.97591095768374,6.05260663507109,6.31657787481805,6.53649434146341,96
"95",2009,6,6.12878787878788,33,6.69230769230769,5.7625,5.57142857142857,5.975,6.19565217391304,13,20,7,10,23,1950,1032,918,218,697,1253,6.45211643076923,6.87985368217054,5.97126148148148,6.03715596330275,6.31167718794835,6.53023786113328,97
"96",2009,7,6.15476190476191,42,6.28571428571429,6.08928571428571,5.45,5.56666666666667,6.48148148148148,14,28,10,15,27,1992,1046,946,228,712,1280,6.44584690763052,6.87190152963671,5.97475479915433,6.01140350877193,6.29598174157303,6.52920940625,98
"97",2009,8,5.88888888888889,36,5.90625,5.875,6.5,5.6,6,16,20,2,10,26,2028,1062,966,230,722,1306,6.43596007889546,6.85735310734463,5.97268948240166,6.01565217391304,6.28634210526316,6.51867384379786,99
"98",2009,9,6.24840909090909,44,6.86363636363636,5.63318181818182,5.75,5.58333333333333,6.4978125,22,22,6,12,32,2072,1084,988,236,734,1338,6.43197733590734,6.85748062730627,5.9651295951417,6.00889830508475,6.27484877384196,6.51817491778774,100
"99",2009,10,6.43541666666667,48,6.7,6.31515151515152,6.69,6.40833333333333,6.44444444444444,15,33,10,12,36,2120,1099,1021,246,746,1374,6.43205520754717,6.85533121019108,5.9764427424094,6.03658536585366,6.27699597855228,6.51624311499272,101
"100",2009,11,6.25079365079365,63,6.472,6.10526315789474,6.35714285714286,6.45,6.21320754716981,25,38,14,10,53,2183,1124,1059,260,756,1427,6.42682411360513,6.84680516014235,5.98106519357885,6.05384615384615,6.27928439153439,6.50498811492642,102
"101",2009,12,5.93666666666667,30,6.36153846153846,5.61176470588235,7.2,5.65,6.00833333333333,13,17,2,6,24,2213,1137,1076,262,762,1451,6.42017941256213,6.84125681618294,5.9752305204461,6.06259541984733,6.27432939632546,6.49677328738801,103
"102",2010,1,6.31444444444444,45,6.4875,6.176,6.3125,5.83333333333333,6.34880952380952,20,25,8,3,42,2258,1157,1101,270,765,1493,6.41807220549159,6.83514174589455,5.97978931880109,6.07,6.2726,6.492610877428,104
"103",2010,2,6.38548387096774,31,6.703125,6.04666666666667,5.52857142857143,5.86111111111111,6.6,16,15,7,9,22,2289,1173,1116,277,774,1515,6.41763086063783,6.8333410059676,5.9806882078853,6.05631768953069,6.26781524547803,6.49417032343234,105
"104",2010,3,6.54210526315789,19,7.01428571428571,6.26666666666667,6,5.75,6.75333333333333,7,12,1,4,15,2308,1180,1128,278,778,1530,6.41865556325823,6.83441440677966,5.98373053191489,6.05611510791367,6.2651529562982,6.4967111372549,106
"105",2010,4,6.31739130434783,23,6.83333333333333,5.98571428571429,6.5,5.5,6.3952380952381,9,14,4,2,21,2331,1189,1142,282,780,1551,6.41765638781639,6.83440622371741,5.98375485113835,6.06241134751773,6.26319102564102,6.4953372275951,107
"106",2010,5,6.34838709677419,31,7,5.93684210526316,6.42222222222222,5.70833333333333,6.75263157894737,12,19,9,12,19,2362,1201,1161,291,792,1570,6.41674726502964,6.8360607826811,5.98298711455642,6.07353951890035,6.25478409090909,6.49845098089172,108
"107",2010,6,6.2,18,6.31,6.0625,6,4.5,6.4125,10,8,1,2,16,2380,1211,1169,292,794,1586,6.415108,6.83171676300578,5.98353125748503,6.07328767123288,6.25036397984887,6.49758388398487,109
"108",2010,7,6.41481481481481,27,6.6,6.26666666666667,6.75,6.33333333333333,6.43809523809524,12,15,1,6,21,2407,1223,1184,293,800,1607,6.41510471125883,6.82944317252658,5.98711827702703,6.07559726962458,6.25098625,6.49680649657747,110
"109",2010,8,6.49130434782609,23,7.1,6.02307692307692,6,6.06,6.61111111111111,10,13,5,5,18,2430,1233,1197,298,805,1625,6.41582594238683,6.83163746958638,5.9875088053467,6.0743288590604,6.2498,6.49807264,111
"110",2010,9,6.56896551724138,29,7.29166666666667,6.05882352941176,6,5.6,6.77083333333333,12,17,1,5,24,2459,1245,1214,299,810,1649,6.41763198047987,6.83607148594378,5.98850744645799,6.07408026755853,6.24578888888889,6.5020424742268,112
"111",2010,10,5.75757575757576,33,6.61538461538461,5.2,5.58333333333333,4.5,5.98214285714286,13,20,6,5,28,2492,1258,1234,305,815,1677,6.40889126805778,6.83379093799682,5.9757277471637,6.0644262295082,6.23507852760736,6.4933619797257,113
"112",2010,11,6.22631578947368,38,6.88888888888889,6.02068965517241,6.3125,5.71428571428571,6.34193548387097,9,29,8,7,31,2530,1267,1263,313,822,1708,6.40614902766798,6.83418232044199,5.9767601266825,6.07076677316294,6.23064355231143,6.49061360655738,114
"113",2010,12,6.29268292682927,41,6.72272727272727,5.79473684210526,6.0625,6.125,6.31081081081081,22,19,4,4,37,2571,1289,1282,317,826,1745,6.40433957215091,6.83228006206362,5.97406243369735,6.07066246056782,6.23013196125908,6.48680116905444,115
"114",2011,1,6.35217391304348,46,6.71052631578947,6.1,6.3375,5.72727272727273,6.54857142857143,19,27,8,11,35,2617,1308,1309,325,837,1780,6.4034226366068,6.83051146788991,5.97666007639419,6.07723076923077,6.22352329749104,6.48801575280899,116
"115",2011,2,6.29615384615385,26,6.8125,6.06666666666667,6.54285714285714,5.5,6.48571428571429,8,18,7,5,21,2643,1316,1327,332,842,1801,6.40236740068104,6.83040197568389,5.97788096458176,6.08704819277109,6.21922684085511,6.48798891726818,117
"116",2011,3,6.34545454545455,33,6.35555555555556,6.33333333333333,5.83333333333333,5.66666666666667,6.4962962962963,18,15,9,6,27,2676,1334,1342,341,848,1828,6.40166556053812,6.82399475262369,5.98185397913562,6.08035190615836,6.21531721698113,6.48811161925602,118
"117",2011,4,6.39545454545455,22,6.91666666666667,5.77,6.4,6.52857142857143,6.33333333333333,12,10,3,7,15,2698,1346,1352,344,855,1843,6.40161491475167,6.82482095096583,5.98028701183432,6.08313953488372,6.21788187134503,6.48685189365166,119
"118",2011,5,6.42333333333333,30,6.84666666666667,6,6,6,6.508,15,15,4,5,25,2728,1361,1367,348,860,1868,6.40185375366569,6.82506171932403,5.98050332114119,6.08218390804598,6.21661511627907,6.48713492505353,120
"119",2011,6,6.5,21,6.61111111111111,6.41666666666667,7,6.25,6.55882352941176,9,12,1,4,17,2749,1370,1379,349,864,1885,6.40260350672972,6.82365620437956,5.98429879622915,6.08481375358166,6.21676967592592,6.4877814535809,121
"120",2011,7,6.37142857142857,14,6.53333333333333,6.25,6.4,6,6.4,6,8,5,1,13,2763,1376,1387,354,865,1898,6.40244554469779,6.82239026162791,5.98583131939438,6.08926553672316,6.21651907514451,6.48718021074816,122
"121",2011,8,6.25925925925926,27,6.90909090909091,5.8125,6,6.5,6.24,11,16,1,2,25,2790,1387,1403,355,867,1923,6.40105987096774,6.82307786589762,5.98385462580185,6.08901408450704,6.21717301038062,6.48396673946958,123
"122",2011,9,5.5,18,6.33333333333333,5.08333333333333,5,4.33333333333333,5.73333333333333,6,12,4,3,15,2808,1393,1415,359,870,1938,6.39528384615385,6.82096841349605,5.97621769611307,6.07688022284123,6.21067701149425,6.47815688338493,124
"123",2011,10,6.09756097560976,41,6.275,6.02413793103448,6.625,6.25,6.08108108108108,12,29,8,4,37,2849,1405,1444,367,874,1975,6.39099931203931,6.81630533807829,5.97718008310249,6.08882833787466,6.21085697940503,6.47071799493671,125
"124",2011,11,5.94651162790698,43,6.33333333333333,5.73928571428571,6.175,5.56363636363636,6.078125,15,28,4,11,32,2892,1420,1472,371,885,2007,6.3843904011065,6.81120352112676,5.97265491847826,6.08975741239892,6.20281242937853,6.46445841554559,126
"125",2011,12,6.36458333333333,24,6.65,6.16071428571429,5.92857142857143,6.33333333333333,6.375,10,14,7,6,18,2916,1430,1486,378,891,2025,6.38422737997257,6.81007622377622,5.9744266756393,6.08677248677249,6.20369135802469,6.46366322962963,127
"126",2012,1,5.9125,24,5.95833333333333,5.86666666666667,5.5,5,6.095,12,12,2,4,20,2940,1442,1498,380,895,2045,6.38037654421769,6.80298821081831,5.97356344459279,6.08368421052632,6.19831173184357,6.46005772127139,128
"127",2012,2,6,22,6.5,5.5,5.625,6.33333333333333,5.875,11,11,4,6,16,2962,1453,1509,384,901,2061,6.37755133018231,6.80069442532691,5.97011135851557,6.07890625,6.19921087680355,6.45551578845221,129
"128",2012,3,6.33809523809524,21,7.16666666666667,6.00666666666667,5.775,6.02,6.4375,6,15,4,5,16,2983,1459,1524,388,906,2077,6.37727356352665,6.80219945167923,5.97047115485564,6.07577319587629,6.19822185430463,6.4553770052961,130
"129",2012,4,6.11,20,6.64285714285714,5.82307692307692,5.5,6.5,6.06666666666667,7,13,6,2,18,3003,1466,1537,394,908,2095,6.37549351981352,6.80143860845839,5.9692244892648,6.06700507614213,6.19888656387665,6.45203725059666,131
"130",2012,5,6.36818181818182,22,6.7625,6.14285714285714,6,5.875,6.47777777777778,8,14,1,4,18,3025,1474,1551,395,912,2113,6.37544034380165,6.80122727272727,5.97079177304965,6.06683544303797,6.19746600877193,6.45225652626597,132
"131",2012,6,6.28888888888889,18,6.67142857142857,6.04545454545455,5,9,6.12941176470588,7,11,1,1,17,3043,1481,1562,396,913,2130,6.37492837331581,6.80061377447671,5.97131756722151,6.06414141414141,6.20053559693319,6.44967983098592,133
"132",2012,7,6.10904761904762,21,6.62857142857143,5.84928571428571,6.2,4.8,6.518125,7,14,5,5,16,3064,1488,1576,401,918,2146,6.37310608355092,6.79980443548387,5.97023352791878,6.06583541147132,6.19290740740741,6.45019013979497,134
"133",2012,8,6.68888888888889,18,6.93333333333333,6.44444444444444,5.5,NA,6.68888888888889,9,9,2,0,18,3082,1497,1585,403,918,2164,6.37495036988968,6.80060721442886,5.97292620820189,6.06302729528536,6.19290740740741,6.45217561922366,135
"134",2012,9,6.52307692307692,13,6.6625,6.3,5,6.5,6.53333333333333,8,5,1,4,9,3095,1505,1590,404,922,2173,6.37557254927302,6.799873089701,5.97395474213837,6.06039603960396,6.19423969631236,6.4525117533364,136
"135",2012,10,6.1,17,6.28,5.84285714285714,5.5,6.7,5.85,10,7,2,5,12,3112,1515,1597,406,927,2185,6.37406717223651,6.79644158415842,5.97338011271134,6.0576354679803,6.19696763754045,6.44920276430206,137
"136",2012,11,6.59807692307692,26,7.07692307692308,6.11923076923077,6.15,7.00833333333333,6.475,13,13,2,6,20,3138,1528,1610,408,933,2205,6.3759232122371,6.79882787958115,5.97455778881988,6.05808823529412,6.20218542336549,6.44943675283447,138
"137",2012,12,6.36206896551724,29,6.71428571428571,5.4375,5,6.6,6.3125,21,8,3,5,24,3167,1549,1618,411,938,2229,6.37579634985791,6.79768173014848,5.97190237330037,6.05036496350365,6.20430597014925,6.4479623328847,139
"138",2013,1,6.23611111111111,36,6.34615384615385,5.95,6,6.42857142857143,6.18965517241379,26,10,2,7,29,3203,1575,1628,413,945,2258,6.37422636278489,6.79022793650794,5.97176783783784,6.0501210653753,6.20596719576719,6.44464483613818,140
"139",2013,2,6.36428571428571,14,7,6.01111111111111,6.33333333333333,6.4,6.34444444444444,5,9,3,5,9,3217,1580,1637,416,950,2267,6.3741831022692,6.7908917721519,5.97198414172266,6.05216346153846,6.20698842105263,6.44424704014116,141
"140",2013,3,5.81363636363636,22,6.04444444444444,5.65384615384615,5.75,6.25,5.71666666666667,9,13,4,4,18,3239,1589,1650,420,954,2285,6.3703757456005,6.78666393958464,5.9694776,6.04928571428572,6.20716876310272,6.4385155536105,142
"141",2013,4,6.5425,20,6.55,6.535,6.5,7.38,6.333125,10,10,2,4,16,3259,1599,1660,422,958,2301,6.37143204664008,6.78518386491557,5.97288436144578,6.05142180094787,6.21206576200418,6.43778272055628,143
"142",2013,5,6.19318181818182,22,6.46111111111111,6.00769230769231,5.66666666666667,6.23333333333333,6.178125,9,13,3,6,16,3281,1608,1673,425,964,2317,6.37023683023469,6.78337002487562,5.97315483562463,6.04870588235294,6.21219813278008,6.43598965904187,144
"143",2013,6,6.2875,20,6.525,5.93125,6.33333333333333,5.8,6.45,12,8,3,5,15,3301,1620,1681,428,969,2332,6.369735546804,6.78145617283951,5.97295540749554,6.05070093457944,6.21007120743034,6.43607977701544,145
"144",2013,7,6.31666666666667,12,6.2,6.4,6,7.5,6.08,5,7,1,2,10,3313,1625,1688,429,971,2342,6.36954332629037,6.77966707692308,5.97472632701422,6.05058275058275,6.212728115345,6.43455936806149,146
"145",2013,8,5.85227272727273,22,6.27777777777778,5.55769230769231,6.125,5.33333333333333,5.93421052631579,9,13,2,3,19,3335,1634,1701,431,974,2361,6.36613104647676,6.77690269277846,5.97153911816579,6.05092807424594,6.21001950718686,6.4305328420161,147
"146",2013,9,5.9125,16,6.76666666666667,5.4,4.66666666666667,6,5.88333333333333,6,10,3,4,12,3351,1640,1711,434,978,2373,6.36396509698598,6.77686524390244,5.96819873758036,6.04135944700461,6.20916053169734,6.42776571428572,148
"147",2013,10,6.365,20,6.45454545454545,6.25555555555556,5.86,4.76666666666667,6.64705882352941,11,9,5,3,17,3371,1651,1720,439,981,2390,6.36397123702166,6.77471774682011,5.96970234883721,6.03929384965832,6.20474923547401,6.42932553974896,149
"148",2013,11,6.35714285714286,21,6.63636363636364,6.05,5.5,6.75,6.26470588235294,11,10,5,4,17,3392,1662,1730,444,985,2407,6.36392896226415,6.77380204572804,5.97016649710983,6.03322072072072,6.20696345177665,6.42816287494807,150
"149",2013,12,6.00055,20,6.05,5.9511,7.16666666666667,6.375,5.9069375,10,10,3,4,16,3412,1672,1740,447,989,2423,6.36179895662368,6.7694730861244,5.97005691954023,6.04082774049217,6.20764307381193,6.42472102352456,151
"150",2014,1,6.385,20,6.91111111111111,5.95454545454545,6.2,4.75,6.79375,9,11,5,4,16,3432,1681,1751,452,993,2439,6.36193416083916,6.77023140987507,5.96995947458595,6.04258849557522,6.20177139979859,6.42714187781878,152
"151",2014,2,6.145,20,6.58333333333333,5.95714285714286,6.375,6,6.15263157894737,6,14,4,1,19,3452,1687,1765,456,994,2458,6.36067730011588,6.76956668642561,5.96985781303116,6.04550438596491,6.20156841046278,6.42501995117982,153
"152",2014,3,6.69318181818182,22,7.25909090909091,6.12727272727273,6.3,6.475,6.74166666666667,11,11,3,4,18,3474,1698,1776,459,998,2476,6.36278297063903,6.77273792697291,5.97083279279279,6.04716775599129,6.20266432865731,6.42732190630049,154
"153",2014,4,6.456,25,6.63571428571429,6.22727272727273,6.5,7.35,6.28571428571429,14,11,2,4,21,3499,1712,1787,461,1002,2497,6.36344899685625,6.77161740654206,5.9724113262451,6.04913232104122,6.20724451097804,6.4261309731678,155
"154",2014,5,6.13055555555556,18,6.525,5.6375,5.4,5.9,6.21923076923077,10,8,5,5,13,3517,1722,1795,466,1007,2510,6.36225704862099,6.77018524970964,5.97091868523677,6.04216738197425,6.20571896722939,6.42505937848606,156
"155",2014,6,6.29333333333333,15,6.5,6.05714285714286,5.25,6.33333333333333,6.26666666666667,8,7,2,6,9,3532,1730,1802,468,1013,2519,6.36196433748585,6.76893583815029,5.97125362930078,6.03878205128205,6.2064748272458,6.42449346566098,157
"156",2014,7,6.9875,20,7.38461538461539,6.25,6.75,6.5,7.19642857142857,13,7,1,6,14,3552,1743,1809,469,1019,2533,6.36548649774775,6.77352782558807,5.9723322498618,6.04029850746269,6.20820314033366,6.42875998420845,158
"157",2014,8,6.61538461538461,26,7,6.33333333333333,6.25,6.96,6.53333333333333,11,15,4,5,21,3578,1754,1824,473,1024,2554,6.36730241475685,6.77494811858609,5.97530100877193,6.04207188160677,6.2118740234375,6.42961982772122,159
"158",2014,9,6.628,20,7.64,6.375,6.2,8.02,6.38235294117647,4,16,5,3,17,3598,1758,1840,478,1027,2571,6.3687515397443,6.77691638225256,5.97877665217391,6.04372384937239,6.21715579357351,6.42930728899261,160
"159",2014,10,6.1241935483871,31,6.88888888888889,5.81136363636364,5.9,4.66666666666667,6.474,9,22,7,6,25,3629,1767,1862,485,1033,2596,6.36666245246625,6.77748670062252,5.97679862513426,6.04164948453608,6.20815004840271,6.42973768875193,161
"160",2014,11,6.23478260869565,23,6.38,6.19444444444444,6,5.8,6.3,5,18,3,3,20,3652,1772,1880,488,1036,2616,6.36583188389923,6.7763651241535,5.97888246808511,6.04139344262295,6.20696814671815,6.42874581039755,162
"161",2014,12,6.69583333333333,24,7.16923076923077,6.13636363636364,4,7.25,6.585,13,11,1,4,20,3676,1785,1891,489,1040,2636,6.36798640914037,6.77922633053221,5.97979854045479,6.03721881390593,6.21097980769231,6.42993135053111,163
"162",2015,1,6.37931034482759,29,6.21052631578947,6.7,7,5.33333333333333,6.5,19,10,4,3,26,3705,1804,1901,493,1043,2662,6.36807504453441,6.7732366962306,5.98358708048396,6.04503042596349,6.20845541706615,6.43061571750564,164
"163",2015,2,6.44444444444444,18,6.73333333333333,6.15555555555556,6.6,5,6.73333333333333,9,9,3,3,15,3723,1813,1910,496,1046,2677,6.36844427612141,6.77303861003861,5.98439740314136,6.0483870967742,6.20498948374761,6.43231193126634,165
"164",2015,3,6.20952380952381,21,6.94444444444444,5.65833333333333,6.66666666666667,5.325,6.41764705882353,9,12,3,4,17,3744,1822,1922,499,1050,2694,6.36755289529915,6.77388529088913,5.98236162330905,6.05210420841684,6.20163714285714,6.43221939123979,166
"165",2015,4,6.36842105263158,19,6.85714285714286,6.08333333333333,6.4,6,6.38888888888889,7,12,5,1,18,3763,1829,1934,504,1051,2712,6.36755727876694,6.77420393657736,5.98298812823164,6.05555555555556,6.20144529019981,6.43193179941003,167
"166",2015,5,6.75294117647059,17,6.92727272727273,6.43333333333333,7.55,6.36666666666667,6.83571428571429,11,6,2,3,14,3780,1840,1940,506,1054,2726,6.36929048677249,6.77511902173913,5.98438094845361,6.06146245059289,6.2019155597723,6.43400551724138,168
"167",2015,6,6.48823529411765,17,6.55,6.45454545454545,6.75,6.5,6.48461538461538,6,11,4,4,13,3797,1846,1951,510,1058,2739,6.36982302870688,6.77438732394366,5.9870317990774,6.06686274509804,6.20304253308129,6.43424572471705,169
"168",2015,7,6.31612903225806,31,6.51818181818182,6.205,6,6.04,6.36923076923077,11,20,9,5,26,3828,1857,1971,519,1063,2765,6.36938820271683,6.77286968228325,5.9892435514967,6.06570327552987,6.2022756349953,6.43363437251356,170
"169",2015,8,6.71428571428571,21,6.93571428571429,6.27142857142857,6.5,7,6.6,14,7,2,6,15,3849,1871,1978,521,1069,2780,6.37126995063653,6.77408818813469,5.99024218402427,6.06737044145873,6.20675304022451,6.43453202877698,171
"170",2015,9,6.25714285714286,21,6.56923076923077,5.75,6,5.625,6.40588235294118,13,8,2,4,17,3870,1884,1986,523,1073,2797,6.37065065633075,6.77267462845011,5.98927444108761,6.06711281070746,6.20458434296365,6.43435789774759,172
"171",2015,10,5.80434782608696,23,6.26923076923077,5.2,4.33333333333333,3.66666666666667,6.125,13,10,3,3,20,3893,1897,1996,526,1076,2817,6.36730491651683,6.76922456510279,5.98532016032064,6.05722433460076,6.19750836431227,6.43216153354633,173
"172",2015,11,6.1242962962963,27,6.39166666666667,5.9104,4.81766666666667,4.81766666666667,6.49761904761905,12,15,6,6,21,3920,1909,2011,532,1082,2838,6.36563113265306,6.766851231011,5.98476133267031,6.04324436090226,6.18985674676525,6.43264589147287,174
"173",2015,12,6.10740740740741,27,6.25882352941176,5.85,7,5.675,6.28947368421053,17,10,2,8,19,3947,1926,2021,534,1090,2857,6.36386471750697,6.76236708203531,5.98409452746165,6.04682771535581,6.18607798165138,6.43169374868743,175
"174",2016,1,6.15294117647059,34,6.68823529411765,5.61764705882353,5.5,7.5,6.06875,17,17,3,2,32,3981,1943,2038,537,1092,2889,6.36206331072595,6.76171847658261,5.98103780176644,6.04377281191806,6.18848443223443,6.42767360332295,176
"175",2016,2,6.14807692307692,26,6.54166666666667,5.81071428571429,6.08333333333333,8.5,6.054,12,14,3,1,25,4007,1955,2052,540,1093,2914,6.36067482904917,6.76036777493606,5.97987575048733,6.04399259259259,6.19059926806953,6.42446775566232,177
"176",2016,3,5.94545454545455,22,6.3,5.65,5.6,4.66666666666667,6.14736842105263,10,12,5,3,19,4029,1965,2064,545,1096,2933,6.35840755522462,6.75802493638677,5.97795786821706,6.03991926605505,6.18642791970803,6.42267270371633,178
"177",2016,4,6.63157894736842,19,6.80769230769231,6.25,NA,6,6.70588235294118,13,6,0,2,17,4048,1978,2070,545,1098,2950,6.35968973320158,6.75835136501517,5.97874639613527,6.03991926605505,6.1860883424408,6.42430475932203,179
"178",2016,5,6.46428571428571,14,6.59090909090909,6,NA,6,6.5,11,3,0,1,13,4062,1989,2073,545,1099,2963,6.3600502314131,6.75742533936652,5.97877715388326,6.03991926605505,6.18591901728844,6.42463686803915,180
"179",2016,6,6.4,28,6.63333333333333,6.13076923076923,3.66666666666667,6.34,6.41304347826087,15,13,3,5,23,4090,2004,2086,548,1104,2986,6.36032372616137,6.75649650698603,5.97972437200384,6.02692700729927,6.18661684782609,6.42454756865372,181
"180",2016,7,6.61666666666667,15,6.925,6,5,7,6.58928571428571,10,5,1,1,14,4105,2014,2091,549,1105,3000,6.36126042387333,6.75733316782522,5.97977285509326,6.02505646630237,6.18735294117647,6.42531634666667,182
"181",2016,8,6.515625,16,6.77777777777778,6.17857142857143,7,6.66666666666667,6.48076923076923,9,7,1,3,13,4121,2023,2098,550,1108,3013,6.36185975248726,6.75742412259021,5.98043614871306,6.02682909090909,6.18865072202166,6.4255556057086,183
"182",2016,9,6.25,14,7.2,5.72222222222222,4.75,6.5,6.23076923076923,5,9,2,1,13,4135,2028,2107,552,1109,3026,6.36148102539299,6.75851528599606,5.97933319411486,6.02220289855073,6.1889314697926,6.4247187838731,184
"183",2016,10,6.17307692307692,26,6.46875,5.7,5.66666666666667,6.83333333333333,5.975,16,10,3,6,20,4161,2044,2117,555,1115,3046,6.36030378274453,6.75624706457926,5.9780137175248,6.02028108108108,6.19239910313901,6.42176593565332,185
"184",2016,11,6.3527027027027,37,6.75,6.08181818181818,5.6,6.83333333333333,6.31029411764706,15,22,5,3,34,4198,2059,2139,560,1118,3080,6.36023678894712,6.7562015541525,5.97908136512389,6.01652857142857,6.19411896243292,6.4205354025974,186
"185",2016,12,5.99,20,6.60833333333333,5.0625,NA,8,5.88421052631579,12,8,0,1,19,4218,2071,2147,560,1119,3099,6.3584812802276,6.75534476098503,5.97566606427573,6.01652857142857,6.1957327971403,6.41724718941594,187
"186",2017,1,6.25,34,6.925,5.28571428571429,5.42857142857143,5.66666666666667,6.375,20,14,7,6,28,4252,2091,2161,567,1125,3127,6.35761383819379,6.7569674796748,5.97119622397039,6.00926984126984,6.19291111111111,6.41686889670611,188
"187",2017,2,6.071875,32,6.42307692307692,5.83157894736842,6.2,6.16666666666667,6.06206896551724,13,19,5,3,29,4284,2104,2180,572,1128,3156,6.35547946778712,6.75490446768061,5.96997937614679,6.01093706293706,6.19284131205674,6.41360869455006,189
"188",2017,3,5.85714285714286,14,6.75,4.66666666666667,4.66666666666667,6.33333333333333,5.72727272727273,8,6,3,3,11,4298,2112,2186,575,1131,3167,6.35385622149837,6.75488589015152,5.96640212259835,6.00392347826087,6.19321396993811,6.41122483107041,190
"189",2017,4,6.74705882352941,17,7.0625,6.46666666666667,5.85,6.25,6.9,8,9,4,4,13,4315,2120,2195,579,1135,3180,6.35540533951333,6.75604669811321,5.96845332118451,6.00286010362694,6.1934140969163,6.41322296855346,191
"190",2017,5,6.52777777777778,18,6.85,6.125,5.5,6.5,6.53571428571429,10,8,2,4,14,4333,2130,2203,581,1139,3194,6.35612140318486,6.75648779342723,5.96902180662733,6.00112908777969,6.19449078138718,6.41375987476518,192
"191",2017,6,7.0768,25,6.85166666666667,7.28461538461538,6.375,NA,7.0768,12,13,4,0,25,4358,2142,2216,585,1139,3219,6.36025563102341,6.75702100840336,5.97673963898917,6.00368547008547,6.19449078138718,6.41890930102516,193
"192",2017,7,6.54090909090909,22,6.99285714285714,5.75,4.5,6.63333333333333,6.52631578947368,14,8,2,3,19,4380,2156,2224,587,1142,3238,6.36116302283105,6.75855241187384,5.97592402877698,5.99856218057922,6.19564360770578,6.41953954292773,194
"193",2017,8,6.5625,32,6.7,6.33333333333333,6.91666666666667,6.78571428571429,6.5,20,12,6,7,25,4412,2176,2236,593,1149,3263,6.36262330915685,6.75801424632353,5.97784214669052,6.00785160202361,6.19923846823325,6.4201560036776,195
"194",2017,9,6.61538461538461,26,6.83333333333333,6.125,6,6,6.69565217391304,18,8,1,3,23,4438,2194,2244,594,1152,3286,6.36410410995944,6.7586321786691,5.97836677361854,6.00783838383839,6.19871961805555,6.4220843091905,196
"195",2017,10,6.72814814814815,27,6.54181818181818,6.85625,6.75,7,6.71769230769231,11,16,2,1,26,4465,2205,2260,596,1153,3312,6.36630549608063,6.75755056689342,5.9845818761062,6.0103288590604,6.19941457068517,6.42440490338164,197
"196",2017,11,6.45897435897436,39,7.25,6.10740740740741,5.33333333333333,6.5,6.45428571428571,12,27,6,4,35,4504,2217,2287,602,1157,3347,6.36710791296625,6.76021605773568,5.98603193703542,6.00358139534884,6.20045375972342,6.4247173707798,198
"197",2017,12,6.68260869565217,46,7.52045454545455,5.91458333333333,6.1,6.7875,6.66052631578947,22,24,10,8,38,4550,2239,2311,612,1165,3385,6.37029759120879,6.76768602054489,5.98528993509303,6.0051568627451,6.20448497854077,6.42736456129985,199
"198",2018,1,6.47375,40,6.65625,6.2,6.5,5.66666666666667,6.53918918918919,24,16,4,3,37,4590,2263,2327,616,1168,3422,6.3711991372549,6.7665041979673,5.98676623979373,6.00837012987013,6.20310359589041,6.4285736528346,200
"199",2018,2,5.725,24,5.75,5.71666666666667,5.4,5,5.75652173913043,6,18,5,1,23,4614,2269,2345,621,1169,3445,6.36783789336801,6.7638162185985,5.98469298081024,6.00347181964573,6.2020744225834,6.42408680406386,201
"200",2018,3,6.83142857142857,35,7.31666666666667,5.77272727272727,5,6.875,6.8258064516129,24,11,3,4,31,4649,2293,2356,624,1173,3476,6.37132803613681,6.76960270388138,5.98370332767403,5.99864743589744,6.20436913895993,6.42766945914845,202
"201",2018,4,6.54851851851852,27,7.31,6.025,6.33333333333333,6.73714285714286,6.4825,11,16,3,7,20,4676,2304,2372,627,1180,3496,6.37235116338751,6.77218272569444,5.98398188870152,6.00024880382775,6.20752966101695,6.42798313501144,203
"202",2018,5,6.52405675675676,37,6.809375,6.30667142857143,6.58333333333333,6.64285714285714,6.49633666666667,16,21,6,7,30,4713,2320,2393,633,1187,3526,6.37354214725228,6.77243922413793,5.98681368157125,6.005775671406,6.21009688289806,6.42856470221214,204
"203",2018,6,6.40740740740741,27,6.9,5.79166666666667,6,6.83333333333333,6.35416666666667,15,12,4,3,24,4740,2335,2405,637,1190,3550,6.37373505063291,6.77325867237687,5.98583997505198,6.00573940345369,6.21166806722689,6.42806172957746,205
"204",2018,7,6.3245,20,6.5,5.99857142857143,6,6.5,6.305,13,7,1,2,18,4760,2348,2412,638,1192,3568,6.37352818067227,6.77174574105622,5.98587692371476,6.00573040752351,6.21215184563758,6.42744090246637,206
"205",2018,8,6.185,20,6.52,5.85,6.16666666666667,6.925,6,10,10,3,4,16,4780,2358,2422,641,1196,3584,6.37273935983264,6.77067811704835,5.98531591246904,6.00648361934477,6.21453595317726,6.42553268415179,207
"206",2018,9,6.4125,24,6.56,6.16666666666667,6,6.25,6.445,15,9,1,4,20,4804,2373,2431,642,1200,3604,6.37293799750209,6.76934639696587,5.98598730563554,6.00647352024922,6.21465416666667,6.42564071587125,208
"207",2018,10,6.17391304347826,23,6.5,5.75,6.16666666666667,6.75,6.05263157894737,13,10,3,4,19,4827,2386,2441,645,1204,3623,6.37198967060286,6.76787887678122,5.98502054076198,6.00721860465116,6.21643272425249,6.42368455423682,209
"208",2018,11,6.33793103448276,29,6.71428571428571,5.98666666666667,6.06,7.3,6.30357142857143,14,15,5,1,28,4856,2400,2456,650,1205,3651,6.37178627265239,6.76756625,5.98503059446254,6.00762461538462,6.21733195020747,6.42276339085182,210
"209",2018,12,6.29310344827586,29,6.52,6.05,6.625,5.64285714285714,6.5,15,14,4,7,22,4885,2415,2470,654,1212,3673,6.37131916888434,6.76602857142857,5.98539884210527,6.0114006116208,6.21401402640264,6.42322601143479,211
"210",2019,1,6.29393939393939,33,6.50625,6.09411764705882,6.57142857142857,7.1,6.11481481481481,16,17,7,6,27,4918,2431,2487,661,1218,3700,6.37079994713298,6.76431879884821,5.98614199437073,6.0173313161876,6.21837848932677,6.42097544324324,212
"211",2019,2,6.5,24,6.78571428571429,6.1,6.25,6.3,6.55263157894737,14,10,4,5,19,4942,2445,2497,665,1223,3719,6.37142738567382,6.76444130879346,5.98659797356828,6.01873082706767,6.21871218315617,6.4216480613068,213
"212",2019,3,6.582,25,7.45,6.00333333333333,5.5,NA,6.582,10,15,5,0,25,4967,2455,2512,670,1223,3744,6.37248724380914,6.76723380855397,5.98669790605096,6.01485970149254,6.21871218315617,6.42271878739316,214
"213",2019,4,6.71764705882353,17,6.94444444444444,6.4625,6,7,6.68,9,8,1,2,15,4984,2464,2520,671,1225,3759,6.37366455457464,6.76788108766234,5.98820838888889,6.01483755588674,6.21998775510204,6.42374544825752,215
"214",2019,5,6.2,21,6.57777777777778,5.91666666666667,6,6.33333333333333,6.17777777777778,9,12,3,3,18,5005,2473,2532,674,1228,3777,6.3729358921079,6.7671892438334,5.987869328594,6.01477151335312,6.22026465798046,6.4225732433148,216
"215",2019,6,5.84210526315789,19,6.375,5.45454545454545,3.33333333333333,3.33333333333333,6.3125,8,11,3,3,16,5024,2481,2543,677,1231,3793,6.37092837181529,6.76592462716647,5.98556238301219,6.00288921713442,6.21322908204711,6.42210892169786,217
"216",2019,7,6.76041666666667,24,7.13333333333333,6.13888888888889,4.875,6.95,6.71052631578947,15,9,2,5,19,5048,2496,2552,679,1236,3812,6.37278013866878,6.76813261217949,5.98610311128527,5.99956701030928,6.21620954692557,6.42354646904512,218
"217",2019,8,6.16818181818182,22,5.90909090909091,6.42727272727273,6.375,6.5,6.07058823529412,11,11,4,5,17,5070,2507,2563,683,1241,3829,6.37189233530572,6.76436338252892,5.98799654311354,6.00176573938507,6.21735294117647,6.42197940454427,219
"218",2019,9,6.425,20,6.7,6.15,5.5,7,6.32352941176471,10,10,4,3,17,5090,2517,2573,687,1244,3846,6.37210100982319,6.76410766785856,5.98862617178391,5.9988442503639,6.21924035369775,6.42154423816953,220
"219",2019,10,6.31174193548387,31,6.66847058823529,5.87857142857143,4.91666666666667,5.5,6.432,17,14,6,4,27,5121,2534,2587,693,1248,3873,6.37173562585433,6.76346606156275,5.98803059141863,5.98947474747475,6.21693509615384,6.42161712884069,221
"220",2019,11,6.51304347826087,23,6.86,6.24615384615385,NA,5.83333333333333,6.615,10,13,0,3,20,5144,2544,2600,693,1251,3893,6.37236744556766,6.76384551886793,5.98932120769231,5.98947474747475,6.21601518784972,6.42261061905985,222
"221",2019,12,6.47083333333333,24,6.675,6.26666666666667,6.5,5.66666666666667,6.58571428571429,12,12,2,3,21,5168,2556,2612,695,1254,3914,6.37282471749227,6.76342840375587,5.99059538284839,5.99094388489209,6.2147009569378,6.42348572815534,223
"222",2020,1,6.371875,32,6.80625,5.9375,5.75,6.75,6.31785714285714,16,16,2,4,28,5200,2572,2628,697,1258,3942,6.37281887307693,6.76369479004666,5.99027212328767,5.9902525107604,6.21640302066772,6.42273544901065,224
"223",2020,2,6.612,25,7.45,6.05333333333333,6.5,6.06,6.75,10,15,3,5,20,5225,2582,2643,700,1263,3962,6.37396328038278,6.76635282726569,5.9906300189179,5.99243714285714,6.215783847981,6.4243874659263,225
"224",2020,3,6.17586206896552,29,6.35384615384615,6.03125,4.75,6.33333333333333,6.15769230769231,13,16,4,3,26,5254,2595,2659,704,1266,3988,6.37286984012182,6.76428631984586,5.99087444151937,5.98537784090909,6.21606240126382,6.42264873119358,226
"225",2020,4,6.37931034482759,29,6.80952380952381,5.25,7,5.91666666666667,6.5,21,8,1,6,23,5283,2616,2667,705,1272,4011,6.37290519401856,6.7646494648318,5.988652095988,5.9868170212766,6.2146501572327,6.42309228122663,227
"226",2020,5,7.125,16,7.19230769230769,6.83333333333333,NA,NA,7.125,13,3,0,0,16,5299,2629,2670,705,1272,4027,6.37517609737687,6.76676416888551,5.98960117602996,5.9868170212766,6.2146501572327,6.42588108765831,228
"227",2020,6,5.92307692307692,26,6.64705882352941,4.55555555555556,3.5,4.5,5.98,17,9,2,1,25,5325,2646,2679,707,1273,4052,6.37296866478874,6.76599508692366,5.98478355356476,5.97978217821782,6.21330322073841,6.42313009378085,229
"228",2020,7,6.40526315789474,19,6.82,5.94444444444444,6.125,5.66666666666667,6.54375,10,9,4,3,16,5344,2656,2688,711,1276,4068,6.37308348428144,6.7661984186747,5.98464848958333,5.98059915611814,6.21201802507837,6.42360450835792,230
"229",2020,8,5.84210526315789,19,6.125,5.35714285714286,5.5,5.75,5.85294117647059,12,7,1,2,17,5363,2668,2695,712,1278,4085,6.37120233824353,6.76331446776612,5.98301860482375,5.97992415730337,6.21129499217527,6.42122965483476,231
"230",2020,9,6.55555555555556,18,6.88888888888889,6.22222222222222,5.16666666666667,6,6.66666666666667,9,9,3,3,15,5381,2677,2704,715,1281,4100,6.37181901876975,6.76373664549869,5.98381477071006,5.97651188811189,6.21080015612802,6.42212759512195,232
"231",2020,10,5.99962966666667,30,6.45817,5.4,5.66666666666667,5.5,6.0353175,17,13,3,2,28,5411,2694,2717,718,1283,4128,6.36975550360378,6.76180842242019,5.9810213986014,5.97521727019499,6.20969212782541,6.41950388323643,233
"232",2020,11,5.97241379310345,29,6.53846153846154,5.5125,4.25,4.66666666666667,6.12307692307692,13,16,4,3,26,5440,2707,2733,722,1286,4154,6.36763732169118,6.76073582933136,5.97827849981705,5.96565927977839,6.20609253499222,6.41764853875782,234
"233",2020,12,6.48857142857143,35,6.82105263157895,6.09375,5.83333333333333,5.75,6.53333333333333,19,16,3,2,33,5475,2726,2749,725,1288,4187,6.36841041643836,6.7611562325752,5.97895057839215,5.96511172413793,6.20538431677018,6.41856031287318,235
"234",2021,1,6.43636363636364,33,6.80952380952381,5.78333333333333,6.48,7.5,6.36774193548387,21,12,5,2,31,5508,2747,2761,730,1290,4218,6.36881754357299,6.76152598835093,5.97810037667512,5.96863835616438,6.20739147286821,6.41818682550972,236
"235",2021,2,6.53333333333333,30,6.825,5.95,5.16666666666667,5.4,6.76,20,10,3,5,25,5538,2767,2771,733,1295,4243,6.36970874503431,6.76198478135164,5.97799896788163,5.96535607094134,6.20427413127413,6.42020080839029,237
"236",2021,3,5.9575652173913,23,5.8816,6.1,6.33333333333333,7.056,5.72631578947368,15,8,3,4,19,5561,2782,2779,736,1299,4262,6.36800414134149,6.75723791876348,5.97835017632242,5.96685597826087,6.20689684372594,6.41710746832473,238
"237",2021,4,6.46428571428571,14,6.75,6.08333333333333,6.5,7,6.42307692307692,8,6,2,1,13,5575,2790,2785,738,1300,4275,6.36824592466368,6.75721716487455,5.9785763518851,5.96830081300813,6.20750692307692,6.41712562105263,239
"238",2021,5,6.75,18,6.69230769230769,6.9,5,6,6.79411764705882,13,5,1,1,17,5593,2803,2790,739,1301,4292,6.36947452708743,6.75691612201213,5.98022764874552,5.96699052774019,6.20734742505764,6.41861883271202,240
"239",2021,6,6.66666666666667,15,6.75,6.57142857142857,7,7,6.61538461538461,8,7,1,2,13,5608,2811,2797,740,1303,4305,6.37026944186876,6.75689643898968,5.98170723632464,5.96838648648649,6.20856408288564,6.41921301509872,241
"240",2021,7,6.43259259259259,27,6.64285714285714,6.20615384615385,6.23333333333333,5.56666666666667,6.54083333333333,14,13,3,3,24,5635,2825,2810,743,1306,4329,6.37056806211181,6.75633128849557,5.98274560142349,5.96945625841184,6.20708958652373,6.41988727881728,242
"241",2021,8,6.17857142857143,14,6.5,5.6,5,4.83333333333333,6.54545454545455,9,5,1,3,11,5649,2834,2815,744,1309,4340,6.37009223402373,6.755517251235,5.98206576909414,5.96815322580645,6.20394117647058,6.42020553686636,243
"242",2021,9,5.69230769230769,13,6,4.66666666666667,4,3,5.91666666666667,10,3,2,1,12,5662,2844,2818,746,1310,4352,6.36853603496998,6.75286072081575,5.98066541518808,5.96287667560322,6.20149541984732,6.41881710248162,244
"243",2021,10,7.162222,15,7.613333,6.26,6,9,6.7027775,10,5,1,3,12,5677,2854,2823,747,1313,4364,6.37063314426634,6.75587569025928,5.98116016294722,5.96292637215529,6.20788956587966,6.41959792850596,245
"244",2021,11,6.399,20,6.72545454545455,6,6.25,6,6.46941176470588,11,9,4,3,17,5697,2865,2832,751,1316,4381,6.37073272950676,6.75575889005236,5.98122003531074,5.96445539280959,6.20741565349544,6.41979122574755,246
"245",2021,12,6.44464285714286,28,7.028125,5.66666666666667,4.5,6.5,6.44259259259259,16,12,2,1,27,5725,2881,2844,753,1317,4408,6.37109421135372,6.7572715098924,5.97989280590718,5.96056573705179,6.20763781321184,6.4199308892922,247
"246",2022,1,6.57857142857143,28,6.83529411764706,6.18181818181818,6.5,3,6.71111111111111,17,11,2,1,27,5753,2898,2855,755,1318,4435,6.37210400834348,6.75772919944789,5.98067080210158,5.96199470198675,6.20520409711684,6.42170357609921,248
"247",2022,2,6.59444433333333,30,6.89206333333333,5.9,6.36666666666667,5.72,6.7693332,21,9,3,5,25,5783,2919,2864,758,1323,4460,6.37325742521183,6.75869563206578,5.98041729748604,5.9635963060686,6.20337037037037,6.42365217264574,249
"248",2022,3,6.01809523809524,21,6.15,5.89818181818182,7,6.11,6.00277777777778,10,11,1,3,18,5804,2929,2875,759,1326,4478,6.37197237939353,6.75661746329805,5.98010265739131,5.96496179183136,6.20315912518853,6.4219604041983,250
"249",2022,4,6.36785714285714,28,6.73571428571429,6,NA,8.25,6.22307692307692,14,14,0,2,26,5832,2943,2889,759,1328,4504,6.37195262174212,6.75651802582399,5.98019907926618,5.96496179183136,6.20624171686747,6.42081232015986,251
"250",2022,5,6.41346153846154,26,6.86363636363636,6.08333333333333,6,5.5,6.45,11,15,2,1,25,5858,2954,2904,761,1329,4529,6.37213685387505,6.75691690927556,5.98073179752066,5.96505387647832,6.20571030850263,6.42097343563701,252
"251",2022,6,6.29166666666667,12,6.66666666666667,6.16666666666667,6,6,6.31818181818182,3,9,3,1,11,5870,2957,2913,764,1330,4540,6.37197234923339,6.7568253466351,5.981306261586,5.96519109947644,6.20555563909774,6.42072438105727,253
"252",2022,7,6.9067619047619,21,7.39355555555556,6.54166666666667,5.33333333333333,8.042,6.85,9,12,3,1,20,5891,2966,2925,767,1331,4560,6.37387874554405,6.75875743425489,5.98360517606838,5.96271968709257,6.20693538692712,6.42260716885965,254
"253",2022,8,6.56782608695652,23,6.95833333333333,6.14181818181818,6.175,8.16,6.49545454545455,12,11,4,1,22,5914,2978,2936,771,1332,4582,6.37463302164356,6.75956163532572,5.9841979359673,5.96382101167315,6.20840165165165,6.42295693801833,255
"254",2022,9,6.39166666666667,12,6.5,6.24,7,7.4,6.05555555555556,7,5,1,3,9,5926,2985,2941,772,1335,4591,6.37466751434357,6.7589529480737,5.98463282556954,5.96516321243523,6.21107940074906,6.42223670006535,256
"255",2022,10,6.74193548387097,31,6.96875,6.5,6,6.5,6.8125,16,15,1,7,24,5957,3001,2956,773,1342,4615,6.37657876280007,6.76007149283572,5.98724801759134,5.96520827943079,6.21258643815201,6.4242662383532,257
"256",2022,11,5.96451612903226,31,6.39333333333333,5.5625,4.5,7,5.89310344827586,15,16,2,2,29,5988,3016,2972,775,1344,4644,6.37444550601203,6.75824752984085,5.9849613526245,5.96142709677419,6.21375818452381,6.42094933031869,258
"257",2022,12,6.492,30,7.0475,5.85714285714286,5.75,6.552,6.48,16,14,2,5,25,6018,3032,2986,777,1349,4669,6.37503152043869,6.75977392810026,5.98436206965841,5.96088288288288,6.21501186063751,6.4212655150996,259
