"","year","month","avg_rating","no_ratings","avg_rating_owned","avg_rating_not_owned","avg_rating_prev_owned","avg_rating_comment","avg_rating_no_comment","no_ratings_owned","no_ratings_not_owned","no_ratings_prev_owned","no_ratings_comment","no_ratings_no_comment","cum_no_ratings","cum_no_ratings_owned","cum_no_ratings_not_owned","cum_no_ratings_prev_owned","cum_no_ratings_comment","cum_no_ratings_no_comment","cum_avg_rating","cum_avg_rating_owned","cum_avg_rating_not_owned","cum_avg_rating_prev_owned","cum_avg_rating_comment","cum_avg_rating_no_comment","month_after_release"
"1",2009,9,7,1,7,NA,NA,NA,7,1,0,0,0,1,1,1,0,0,0,1,7,7,NA,NA,NA,7,-1
"2",2009,10,7.14285714285714,7,7.66666666666667,6.75,NA,7.33333333333333,7,3,4,0,3,4,8,4,4,0,3,5,7.125,7.5,6.75,NA,7.33333333333333,7,0
"3",2009,11,6.74193548387097,31,7.16666666666667,6.47368421052632,7,6.61538461538461,6.83333333333333,12,19,1,13,18,39,16,23,1,16,23,6.82051282051282,7.25,6.52173913043478,7,6.75,6.8695652173913,1
"4",2009,12,6.65,10,7.08333333333333,6,NA,7.75,6.375,6,4,0,2,8,49,22,27,1,18,31,6.78571428571429,7.20454545454545,6.44444444444444,7,6.86111111111111,6.74193548387097,2
"5",2010,1,7.5,13,7.875,6.9,NA,7.41666666666667,7.57142857142857,8,5,0,6,7,62,30,32,1,24,38,6.93548387096774,7.38333333333333,6.515625,7,7,6.89473684210526,3
"6",2010,2,5.36,5,6.9,4.33333333333333,NA,NA,5.36,2,3,0,0,5,67,32,35,1,24,43,6.81791044776119,7.353125,6.32857142857143,7,7,6.71627906976744,4
"7",2010,3,7.4375,8,7.625,7.25,NA,7.625,7.25,4,4,0,4,4,75,36,39,1,28,47,6.884,7.38333333333333,6.42307692307692,7,7.08928571428571,6.76170212765958,5
"8",2010,4,6.2,10,7.5,5.875,6,6,6.33333333333333,2,8,1,4,6,85,38,47,2,32,53,6.80352941176471,7.38947368421053,6.32978723404255,6.5,6.953125,6.71320754716981,6
"9",2010,5,5.08333333333333,6,6,4.9,NA,6.16666666666667,4,1,5,0,3,3,91,39,52,2,35,56,6.69010989010989,7.35384615384615,6.19230769230769,6.5,6.88571428571429,6.56785714285714,7
"10",2010,6,6.78,5,7.25,4.9,NA,6.3,7.5,4,1,0,3,2,96,43,53,2,38,58,6.69479166666667,7.34418604651163,6.16792452830189,6.5,6.83947368421053,6.6,8
"11",2010,7,6.5,5,7.125,4,NA,6.5,6.5,4,1,0,3,2,101,47,54,2,41,60,6.68514851485148,7.32553191489362,6.12777777777778,6.5,6.81463414634146,6.59666666666667,9
"12",2010,8,6.755,20,7.2625,6.41666666666667,7.75,7,6.59166666666667,8,12,2,8,12,121,55,66,4,49,72,6.69669421487603,7.31636363636364,6.18030303030303,7.125,6.84489795918367,6.59583333333333,10
"13",2010,9,7.18,35,7.64736842105263,6.625,7.5,6.90909090909091,7.30416666666667,19,16,2,11,24,156,74,82,6,60,96,6.8051282051282,7.40135135135135,6.26707317073171,7.25,6.85666666666667,6.77291666666667,11
"14",2010,10,6.74358974358974,39,7.025,6.44736842105263,6.33333333333333,6.88461538461539,6.67307692307692,20,19,3,13,26,195,94,101,9,73,122,6.79282051282051,7.32127659574468,6.3009900990099,6.94444444444444,6.86164383561644,6.75163934426229,12
"15",2010,11,7.01555555555556,45,7.52692307692308,6.31578947368421,7,7.075,6.968,26,19,3,20,25,240,120,120,12,93,147,6.83458333333333,7.36583333333333,6.30333333333333,6.95833333333333,6.90752688172043,6.78843537414966,13
"16",2010,12,6.88235294117647,34,7.26666666666667,6.57894736842105,6.57142857142857,6.88461538461539,6.88095238095238,15,19,7,13,21,274,135,139,19,106,168,6.84051094890511,7.35481481481482,6.3410071942446,6.81578947368421,6.90471698113208,6.8,14
"17",2011,1,6.70471698113208,53,7.05925925925926,6.33653846153846,6.5,6.9,6.62763157894737,27,26,2,15,38,327,162,165,21,121,206,6.81850152905199,7.30555555555556,6.34030303030303,6.78571428571429,6.90413223140496,6.76820388349514,15
"18",2011,2,6.88181818181818,33,7.35,6.32,7.25,7,6.85555555555556,18,15,2,6,27,360,180,180,23,127,233,6.82430555555556,7.31,6.33861111111111,6.82608695652174,6.90866141732283,6.77832618025751,16
"19",2011,3,7.08545161290323,31,7.45745,6.40909090909091,NA,6.6899,7.27380952380952,20,11,0,10,21,391,200,191,23,137,254,6.84501023017903,7.324745,6.34267015706806,6.82608695652174,6.89269343065693,6.81929133858268,17
"20",2011,4,6.79032258064516,31,7.38235294117647,6.07142857142857,7,7,6.71739130434783,17,14,3,8,23,422,217,205,26,145,277,6.84099289099526,7.32925806451613,6.32414634146341,6.84615384615385,6.89861379310345,6.81083032490975,18
"21",2011,5,6.61125,40,7.25,5.90526315789474,7.25,6.19230769230769,6.81296296296296,21,19,2,13,27,462,238,224,28,158,304,6.82110173160173,7.32226470588235,6.28861607142857,6.875,6.8405,6.8110197368421,19
"22",2011,6,6.97413793103448,29,7.21875,6.67307692307692,6.66666666666667,7.06818181818182,6.91666666666667,16,13,3,11,18,491,254,237,31,169,322,6.83014052953157,7.31574409448819,6.30970464135021,6.85483870967742,6.85531952662722,6.81692546583851,20
"23",2011,7,6.5,26,6.79166666666667,6.25,7,6.7,6.44,12,14,1,6,20,517,266,251,32,175,342,6.81353771760155,7.2921015037594,6.30637450199203,6.859375,6.84999428571429,6.79488304093567,21
"24",2011,8,6.80208333333333,24,7.22727272727273,6.44230769230769,5.75,6.78125,6.8125,11,13,4,8,16,541,277,264,36,183,358,6.81302957486137,7.28952707581227,6.31306818181818,6.73611111111111,6.84698907103825,6.79567039106145,22
"25",2011,9,6.675,20,7.625,6.04166666666667,6,6.625,6.6875,8,12,3,4,16,561,285,276,39,187,374,6.80810873440285,7.29894385964912,6.30126811594203,6.67948717948718,6.84224064171123,6.79104278074866,23
"26",2011,10,6.85,24,7.40909090909091,6.37692307692308,7,6.6,6.91578947368421,11,13,2,5,19,585,296,289,41,192,393,6.80982735042735,7.30303716216216,6.30467128027682,6.69512195121951,6.83593229166667,6.7970737913486,24
"27",2011,11,6.6695652173913,23,7.18461538461538,6,6.45,6.27777777777778,6.92142857142857,13,10,2,9,14,608,309,299,43,201,407,6.80452138157895,7.29805501618123,6.29448160535117,6.68372093023256,6.81094029850746,6.80135135135135,25
"28",2011,12,6.58648648648649,37,6.84444444444444,6.34210526315789,6.33333333333333,6.42857142857143,6.62333333333333,18,19,3,7,30,645,327,318,46,208,437,6.79201395348837,7.27308562691131,6.29732704402516,6.66086956521739,6.79807211538462,6.78913043478261,26
"29",2012,1,6.35869565217391,23,6.77272727272727,5.97916666666667,6,6.4375,6.31666666666667,11,12,4,8,15,668,338,330,50,216,452,6.77709431137724,7.25680177514793,6.28575757575758,6.608,6.78471759259259,6.77345132743363,27
"30",2012,2,7.57692307692308,13,7.71428571428571,7.41666666666667,7.5,7.6,7.5625,7,6,2,5,8,681,345,336,52,221,460,6.79236270190896,7.26608405797101,6.30595238095238,6.64230769230769,6.8031628959276,6.78717391304348,28
"31",2012,3,6.84375,16,7.5,5.75,7,8.25,6.375,10,6,1,4,12,697,355,342,53,225,472,6.79354232424677,7.27267323943662,6.29619883040936,6.64905660377358,6.82888444444444,6.77669491525424,29
"32",2012,4,7.60625,16,7.92727272727273,6.9,NA,8,7.55,11,5,0,2,14,713,366,347,53,227,486,6.81177980364656,7.29234699453552,6.30489913544669,6.64905660377358,6.83920264317181,6.79897119341564,30
"33",2012,5,7.14375,16,7.2,7.0875,9.5,7.55,6.9,8,8,1,6,10,729,374,355,54,233,496,6.8190658436214,7.29037165775401,6.32253521126761,6.70185185185185,6.85750643776824,6.80100806451613,31
"34",2012,6,6.73571428571429,21,7.225,6.08333333333333,6.5,6.5,6.79117647058824,12,9,2,4,17,750,386,364,56,237,513,6.816732,7.28833937823834,6.31662087912088,6.69464285714286,6.85147257383966,6.80068226120858,32
"35",2012,7,7.02181818181818,11,7.28571428571429,6.56,7,7,7.03428571428571,7,4,1,4,7,761,393,368,57,241,520,6.81969645203679,7.28829262086514,6.31926630434783,6.7,6.8539377593361,6.80382692307692,33
"36",2012,8,6.67647058823529,17,7.17857142857143,6.325,6.625,6.33333333333333,6.86363636363636,7,10,4,6,11,778,400,378,61,247,531,6.81656683804627,7.2863725,6.31941798941799,6.69508196721311,6.84129149797571,6.805065913371,34
"37",2012,9,6.5,11,6.66666666666667,6.3,5.75,6,6.78571428571429,6,5,2,4,7,789,406,383,63,251,538,6.81215335868187,7.27721428571428,6.31916449086162,6.66507936507936,6.82788446215139,6.80481412639405,35
"38",2012,10,7.34,15,7.79,6.44,7,7.75714285714286,6.975,10,5,1,7,8,804,416,388,64,258,546,6.82200124378109,7.28954086538461,6.32072164948454,6.6703125,6.85309689922481,6.80730769230769,36
"39",2012,11,6.775,8,7.925,5.625,7.25,7.63333333333333,6.26,4,4,2,3,5,812,420,392,66,261,551,6.8215381773399,7.29559285714286,6.31362244897959,6.68787878787879,6.86206513409962,6.80234119782214,37
"40",2012,12,6.365,20,6.75454545454545,5.88888888888889,5,6.33333333333333,6.37058823529412,11,9,1,3,17,832,431,401,67,264,568,6.81056370192308,7.28178422273782,6.3040897755611,6.66268656716418,6.85605681818182,6.78941901408451,38
"41",2013,1,7.26666666666667,15,7.54545454545455,6.5,NA,7.64285714285714,6.9375,11,4,0,7,8,847,442,405,67,271,576,6.81864108618654,7.28834615384615,6.30602469135802,6.66268656716418,6.87638007380074,6.79147569444445,39
"42",2013,2,5.98888888888889,9,5.58,6.5,7,6.45,5.85714285714286,5,4,1,2,7,856,447,409,68,273,583,6.80991705607476,7.26923713646532,6.3079217603912,6.66764705882353,6.87325641025641,6.78025728987993,40
"43",2013,3,6.5,8,7.25,5.75,5,6.75,6.41666666666667,4,4,1,2,6,864,451,413,69,275,589,6.8070474537037,7.26906651884701,6.30251815980629,6.64347826086957,6.87236,6.77655348047538,41
"44",2013,4,6.77142857142857,7,7,6.2,NA,7.33333333333333,6.35,5,2,0,3,4,871,456,415,69,278,593,6.80676119402985,7.26611622807017,6.30202409638554,6.64347826086957,6.8773345323741,6.77367622259696,42
"45",2013,5,7.5,9,7.66666666666667,7.16666666666667,NA,7.5,7.5,6,3,0,2,7,880,462,418,69,280,600,6.81385113636363,7.27131818181818,6.30822966507177,6.64347826086957,6.88178214285714,6.78215,43
"46",2013,6,6.91666666666667,12,7.33333333333333,6.5,NA,7.66666666666667,6.66666666666667,6,6,0,3,9,892,468,424,69,283,609,6.81523430493273,7.27211324786325,6.31094339622641,6.64347826086957,6.89010247349823,6.78044334975369,44
"47",2013,7,6.45,10,6.7,6.2,NA,6.5,6.4,5,5,0,5,5,902,473,429,69,288,614,6.81118514412417,7.26606553911205,6.30965034965035,6.64347826086957,6.88332986111111,6.77734527687296,45
"48",2013,8,6.56944444444444,18,7.25,6.22916666666667,6.125,6.91666666666667,6.39583333333333,6,12,2,6,12,920,479,441,71,294,626,6.80645543478261,7.2658643006263,6.30746031746032,6.62887323943662,6.88401020408163,6.77003194888179,46
"49",2013,9,7.04807692307692,26,7.46666666666667,6.47727272727273,NA,7,7.05434782608696,15,11,0,3,23,946,494,452,71,297,649,6.81309619450317,7.27196153846154,6.31159292035398,6.62887323943662,6.88518181818182,6.78010785824345,47
"50",2013,10,7.05588235294118,34,7.11904761904762,6.95384615384615,7.5,7.84,6.72916666666667,21,13,1,10,24,980,515,465,72,307,673,6.8215193877551,7.26572621359223,6.32954838709677,6.64097222222222,6.91628338762215,6.7782912332838,48
"51",2013,11,7.12159090909091,44,7.604,6.48684210526316,6.53125,7.64285714285714,7.02297297297297,25,19,8,7,37,1024,540,484,80,314,710,6.8344130859375,7.28138703703704,6.33572314049587,6.63,6.93248089171975,6.79104225352113,49
"52",2013,12,7.01642941176471,51,7.41071428571429,6.53643043478261,6.65,7,7.02539090909091,28,23,5,18,33,1075,568,507,85,332,743,6.84304827906977,7.28776232394366,6.3448282051282,6.63117647058824,6.93614156626506,6.80145074024226,50
"53",2014,1,7.23636363636364,55,7.61764705882353,6.61904761904762,7.58333333333333,7.25,7.23170731707317,34,21,6,14,41,1130,602,528,91,346,784,6.86219194690265,7.30639368770764,6.35573465909091,6.69395604395604,6.94884104046243,6.82395140306122,51
"54",2014,2,6.97368421052632,38,7.34090909090909,6.46875,6.58333333333333,7.07692307692308,6.92,22,16,6,13,25,1168,624,544,97,359,809,6.86581926369863,7.30761057692308,6.35905863970588,6.68711340206186,6.9534791086351,6.8269195302843,52
"55",2014,3,6.81944444444444,36,7.16086956521739,6.21538461538462,6,6.8375,6.81428571428571,23,13,1,8,28,1204,647,557,98,367,837,6.86443264119601,7.30239412673879,6.35570538599641,6.68010204081633,6.95095095367847,6.82649689366786,53
"56",2014,4,6.50732558139535,43,6.99047619047619,6.04613636363636,6.75,5.27777777777778,6.83279411764706,21,22,5,9,34,1247,668,579,103,376,871,6.85211860465116,7.29258832335329,6.34394283246978,6.68349514563107,6.91090159574468,6.82674270952928,54
"57",2014,5,7.47647058823529,34,7.66153846153846,6.875,6,7.26666666666667,7.59090909090909,26,8,2,12,22,1281,694,587,105,388,893,6.8686900078064,7.30641066282421,6.3511804088586,6.67047619047619,6.92190463917526,6.84556875699888,55
"58",2014,6,6.82906976744186,43,7.15,6.33823529411765,6.3,6.75,6.84189189189189,26,17,5,6,37,1324,720,604,110,394,930,6.86740324773414,7.3007625,6.35081605960265,6.65363636363636,6.91928680203046,6.84542247311828,56
"59",2014,7,6.89821428571429,56,7.27352941176471,6.31818181818182,7.3,6.8,6.92222222222222,34,22,5,11,45,1380,754,626,115,405,975,6.86865355072464,7.29953448275862,6.34966916932907,6.68173913043478,6.91604691358025,6.84896707692308,57
"60",2014,8,6.81363636363636,33,7.04047619047619,6.41666666666667,6.5,6.95833333333333,6.78148148148148,21,12,4,6,27,1413,775,638,119,411,1002,6.8673686482661,7.29251483870968,6.35092931034483,6.67563025210084,6.91666423357664,6.84714860279441,58
"61",2014,9,6.75135135135135,37,7.15714285714286,6.21875,6,7.16666666666667,6.67096774193548,21,16,2,6,31,1450,796,654,121,417,1033,6.86440820689655,7.28894346733668,6.34769556574923,6.66446280991735,6.92026139088729,6.8418614714424,59
"62",2014,10,6.732,50,7.27391304347826,6.27037037037037,6.6,6.94285714285714,6.65,23,27,5,14,36,1500,819,681,126,431,1069,6.8599946,7.28852136752137,6.34462980910426,6.66190476190476,6.92099535962877,6.83540028063611,60
"63",2014,11,6.81764705882353,51,7.234375,6.11578947368421,6.6,6.74545454545455,6.8375,32,19,2,11,40,1551,851,700,128,442,1109,6.85860212765957,7.28648531139835,6.33841842857143,6.6609375,6.91662669683258,6.83547601442741,61
"64",2014,12,7.396875,32,7.5547619047619,7.09545454545455,7.3,7.77142857142857,7.292,21,11,5,7,25,1583,872,711,133,449,1134,6.86948319646241,7.29294610091743,6.35013066104079,6.68496240601504,6.92995322939866,6.84554047619048,62
"65",2015,1,6.95056603773585,53,7.3,6.374,7.375,7.20833333333333,6.87512195121951,33,20,4,12,41,1636,905,731,137,461,1175,6.87210996332518,7.29320331491713,6.35078372093023,6.70510948905109,6.93719956616052,6.84657268085106,63
"66",2015,2,6.93333333333333,36,7.2695652173913,6.33846153846154,5,7.0625,6.89642857142857,23,13,2,8,28,1672,928,744,139,469,1203,6.87342816985646,7.29261745689655,6.35056841397849,6.68057553956835,6.9393368869936,6.84773308395678,64
"67",2015,3,6.71666666666667,39,7.034,6.15,5.5,6.51666666666667,6.7530303030303,25,14,2,6,33,1711,953,758,141,475,1236,6.86985499707773,7.28583315844701,6.34686398416886,6.66382978723404,6.93399789473684,6.84520461165049,65
"68",2015,4,6.66282608695652,46,7.08142857142857,6.3112,7.16666666666667,6.55,6.67975,21,25,3,6,40,1757,974,783,144,481,1276,6.86443477518498,7.28142607802875,6.34572528735632,6.67430555555556,6.9292079002079,6.84001794670847,66
"69",2015,5,7.00875,40,7.24782608695652,6.68529411764706,6.05,6.8875,7.0390625,23,17,2,8,32,1797,997,800,146,489,1308,6.86764713411241,7.28065095285857,6.352941125,6.66575342465753,6.92852556237219,6.8448875382263,67
"70",2015,6,7.15441176470588,34,7.54166666666667,6.71875,7.08333333333333,7.60714285714286,7.03703703703704,18,16,6,7,27,1831,1015,816,152,496,1335,6.87297209175314,7.28527980295566,6.36011384803921,6.68223684210526,6.93810282258064,6.84877370786517,68
"71",2015,7,6.83522727272727,44,7.17833333333333,6.1,6.8,7.13636363636364,6.73484848484848,30,14,5,11,33,1875,1045,830,157,507,1368,6.87208634666667,7.28220956937799,6.35572638554217,6.6859872611465,6.94240433925049,6.84602551169591,69
"72",2015,8,6.46547619047619,42,6.6375,6.35961538461538,7,5.33333333333333,6.65416666666667,16,26,1,6,36,1917,1061,856,158,513,1404,6.86317782994262,7.27248727615457,6.35584450934579,6.6879746835443,6.92358479532164,6.84110605413106,70
"73",2015,9,6.81,50,7.23076923076923,6.35416666666667,7.16666666666667,7.54444444444444,6.64878048780488,26,24,3,9,41,1967,1087,880,161,522,1445,6.86182608032537,7.27148942042318,6.35579875,6.69689440993789,6.93428927203065,6.83564906574395,71
"74",2015,10,7.10731707317073,41,7.60357142857143,6.03846153846154,4.5,5.71428571428571,7.39411764705882,28,13,2,7,34,2008,1115,893,163,529,1479,6.86683859561753,7.27982869955157,6.3511790593505,6.66993865030675,6.91814555765596,6.84848742393509,72
"75",2015,11,6.78174603174603,63,7.26447368421053,6.048,6.07142857142857,6.17857142857143,6.95408163265306,38,25,7,14,49,2071,1153,918,170,543,1528,6.86425007242878,7.27932263660017,6.34292254901961,6.64529411764706,6.8990773480663,6.85187362565445,73
"76",2015,12,6.81428571428571,42,7.01111111111111,6.46,5.9,7.21428571428571,6.73428571428571,27,15,9,7,35,2113,1180,933,179,550,1563,6.86325693327023,7.27318559322034,6.34480482315112,6.60782122905028,6.90308909090909,6.84924049904031,74
"77",2016,1,6.8125,48,6.96969696969697,6.46666666666667,6.16666666666667,6.5,6.875,33,15,3,8,40,2161,1213,948,182,558,1603,6.86212952336881,7.26492910140148,6.34673301687763,6.60054945054945,6.89731003584229,6.84988328134747,75
"78",2016,2,6.67037037037037,54,7.11206896551724,6.158,6.19,6.94444444444444,6.61555555555556,29,25,5,9,45,2215,1242,973,187,567,1648,6.85745458239278,7.26135990338164,6.34188376156218,6.58957219251337,6.8980582010582,6.84348476941748,76
"79",2016,3,7.06607142857143,56,7.49864864864865,6.22368421052632,6.33333333333333,7.29545454545455,7.01,37,19,3,11,45,2271,1279,992,190,578,1693,6.86259881109643,7.26822439405786,6.33961985887097,6.58552631578947,6.90562110726644,6.84791075014767,77
"80",2016,4,7.21567164179104,67,7.50113636363636,6.6695652173913,7.4,7.64666666666667,7.09134615384615,44,23,3,15,52,2338,1323,1015,193,593,1745,6.87271680923867,7.27597052154195,6.34709645320197,6.59818652849741,6.92436593591906,6.85516498567335,78
"81",2016,5,7.22,55,7.66,6.45,6.5,6.9,7.29111111111111,35,20,3,10,45,2393,1358,1035,196,603,1790,6.8806986627664,7.28586818851252,6.34908492753623,6.59668367346939,6.92396185737977,6.86612452513967,79
"82",2016,6,7.02421875,64,7.43076923076923,6.39,6.30714285714286,7.02272727272727,7.02452830188679,39,25,7,11,53,2457,1397,1060,203,614,1843,6.88443707773708,7.28991338582677,6.35004990566037,6.58669950738916,6.92573127035831,6.87067981551818,80
"83",2016,7,6.99206349206349,63,7.49054054054054,6.28269230769231,6,7.2,6.95283018867925,37,26,5,10,53,2520,1434,1086,208,624,1896,6.88712773809524,7.29508995815899,6.34843729281768,6.57259615384615,6.9301266025641,6.87297621308017,81
"84",2016,8,7.05389830508475,59,7.44486486486486,6.39636363636364,6.4,7.225,7.01897959183674,37,22,5,10,49,2579,1471,1108,213,634,1945,6.89094296238852,7.29885723997281,6.34938889891697,6.56854460093897,6.93477760252366,6.87665444730077,82
"85",2016,9,6.9734375,64,7.32307692307692,6.428,6.23333333333333,7.04666666666667,6.95102040816327,39,25,3,15,49,2643,1510,1133,216,649,1994,6.89294055996973,7.29948278145695,6.35112347749338,6.56388888888889,6.93736363636364,6.87848189568706,83
"86",2016,10,6.86370967741935,62,7.25,6.20869565217391,6.33333333333333,6.9,6.85673076923077,39,23,3,10,52,2705,1549,1156,219,659,2046,6.89227057301294,7.29823692704971,6.34828970588235,6.56073059360731,6.9367966616085,6.87792908113392,84
"87",2016,11,7.0709375,64,7.326,6.64583333333333,6.75,7,7.08254545454545,40,24,6,9,55,2769,1589,1180,225,668,2101,6.89640010834236,7.29893580868471,6.35434144067796,6.56577777777778,6.93764820359281,6.88328553069967,85
"88",2016,12,6.93385416666667,96,7.19830508474576,6.51216216216216,6.91666666666667,7.15384615384615,6.89939759036145,59,37,6,13,83,2865,1648,1217,231,681,2184,6.89765511343805,7.29533313106796,6.35913960558751,6.57489177489178,6.94177533039648,6.88389784798535,86
"89",2017,1,7.03357798165138,109,7.42821917808219,6.23333333333333,7.40625,7.24157894736842,6.98966666666667,73,36,8,19,90,2974,1721,1253,239,700,2274,6.90263681909886,7.30096978500872,6.35552505985634,6.60271966527197,6.94991285714286,6.88808394898857,87
"90",2017,2,7.00802197802198,91,7.38882352941176,6.5225,6.8,7.21071428571429,6.97116883116883,51,40,10,14,77,3065,1772,1293,249,714,2351,6.9057657096248,7.30349830699774,6.3606905645785,6.61064257028112,6.95502661064426,6.89080514674607,88
"91",2017,3,6.99565217391304,69,7.44583333333333,5.96666666666667,5.5,7.125,6.97372881355932,48,21,3,10,59,3134,1820,1314,252,724,2410,6.90774470325463,7.3072521978022,6.35439337899543,6.59742063492064,6.95737430939227,6.89283522821577,89
"92",2017,4,7.06102941176471,68,7.46969696969697,6.67571428571429,6.2,7.17857142857143,7.03055555555556,33,35,5,14,54,3202,1853,1349,257,738,2464,6.91099996876952,7.3101451699946,6.36273009636768,6.58968871595331,6.96157046070461,6.89585344967533,90
"93",2017,5,6.88405405405405,74,7.30238095238095,6.335,7,6.26428571428571,7.02866666666667,42,32,3,14,60,3276,1895,1381,260,752,2524,6.9103913003663,7.30997308707124,6.36208754525706,6.59442307692308,6.94858909574468,6.89901065768621,91
"94",2017,6,7.09051724137931,58,7.32741935483871,6.81851851851852,7,7.2125,7.071,31,27,2,8,50,3334,1926,1408,262,760,2574,6.91352486502699,7.310253894081,6.37084012784091,6.59751908396947,6.95136710526316,6.90235155400156,92
"95",2017,7,7.00972222222222,72,7.33958333333333,6.35,6.86666666666667,7.56666666666667,6.93015873015873,48,24,3,9,63,3406,1974,1432,265,769,2637,6.91555839694657,7.31096707193516,6.3704908519553,6.60056603773585,6.95856827048114,6.90301588926811,93
"96",2017,8,7.11052631578947,76,7.486,6.38846153846154,6.5,6.4875,7.18382352941176,50,26,4,8,68,3482,2024,1458,269,777,2705,6.91981387133831,7.31529100790514,6.37081131687242,6.59907063197026,6.95371814671815,6.91007500924215,94
"97",2017,9,7.28403846153846,52,7.45322580645161,7.03428571428571,NA,7.33333333333333,7.28102040816327,31,21,0,3,49,3534,2055,1479,269,780,2754,6.92517314657612,7.31737177615572,6.38023184584178,6.59907063197026,6.95517820512821,6.91667498184459,95
"98",2017,10,6.76549295774648,71,7.27666666666667,5.88076923076923,5.66666666666667,7.5,6.65887096774194,45,26,3,9,62,3605,2100,1505,272,789,2816,6.92202826629681,7.31649952380952,6.37160325581395,6.58878676470588,6.96139290240811,6.91099889914773,96
"99",2017,11,6.87155172413793,58,7.30714285714286,6.20869565217391,6.63333333333333,6.875,6.87065217391304,35,23,6,12,46,3663,2135,1528,278,801,2862,6.92122901992902,7.31634613583138,6.36915111256544,6.58974820143885,6.9600986267166,6.91035041928721,97
"100",2017,12,7.20532258064516,62,7.57894736842105,6.61375,6.6,6.54166666666667,7.3646,38,24,5,12,50,3725,2173,1552,283,813,2912,6.92595755704698,7.32093833410032,6.37293356958762,6.58992932862191,6.95392250922509,6.91815003434066,98
"101",2018,1,6.91341772151899,79,7.22736842105263,6.1,5.65,6.94444444444444,6.90942857142857,57,22,6,9,70,3804,2230,1574,289,822,2982,6.92569713459516,7.3185466367713,6.36911874205845,6.5704152249135,6.95381873479319,6.91794530516432,99
"102",2018,2,7.06444444444444,45,7.68181818181818,6.47391304347826,NA,6.925,7.0780487804878,22,23,0,4,41,3849,2252,1597,289,826,3023,6.92731927773448,7.32209547069272,6.37062798998121,6.5704152249135,6.95367917675545,6.9201167383394,100
"103",2018,3,6.705,56,7.30285714285714,6.10714285714286,5.8125,6.64285714285714,6.71387755102041,28,28,8,7,49,3905,2280,1625,297,833,3072,6.92413108834827,7.32185921052631,6.36608793846153,6.55,6.95106722689076,6.91682711588542,101
"104",2018,4,6.81926829268293,41,7.26153846153846,6.05266666666667,8,8,6.69162162162162,26,15,1,4,37,3946,2306,1640,298,837,3109,6.92304153573239,7.3211790980052,6.3632212804878,6.55486577181208,6.95608004778973,6.91414696043744,102
"105",2018,5,6.87547169811321,53,7.508,6.31071428571429,6.875,6.83333333333333,6.88085106382979,25,28,4,6,47,3999,2331,1668,302,843,3156,6.92241107776944,7.32318275418275,6.36233986810551,6.5591059602649,6.95520640569395,6.91365110899873,103
"106",2018,6,6.92614026315789,38,7.48181818181818,6.162083125,5.75,7.66666666666667,6.7872915625,22,16,2,6,32,4037,2353,1684,304,849,3188,6.92244618033193,7.32466595835104,6.3604371912114,6.55378289473684,6.960234393404,6.91238275721456,104
"107",2018,7,6.96104588235294,34,7.39893739130435,6.04545454545455,6.5,6.76666666666667,7.00269857142857,23,11,4,6,28,4071,2376,1695,308,855,3216,6.92276855563744,7.32538491582491,6.35839305604719,6.55308441558442,6.95887602339181,6.91316908893035,105
"108",2018,8,6.59523809523809,42,6.87857142857143,6.45357142857143,6,7.33333333333333,6.53846153846154,14,28,6,3,39,4113,2390,1723,314,858,3255,6.91942397033795,7.32276759832636,6.35993977365061,6.54251592356688,6.96018531468531,6.90867950537634,106
"109",2018,9,6.88285714285714,35,7.23809523809524,6.35,6.16666666666667,7.66666666666667,6.809375,21,14,3,3,32,4148,2411,1737,317,861,3287,6.91911542671167,7.3220300953961,6.35985966033391,6.53895899053628,6.96264692218351,6.9077127441436,107
"110",2018,10,6.99435483870968,62,7.34634146341463,6.30714285714286,6.4625,7.3,6.96754385964912,41,21,4,5,57,4210,2452,1758,321,866,3344,6.9202234655582,7.32243660685155,6.35922993742889,6.5380062305296,6.96459468822171,6.90873259270335,108
"111",2018,11,7.10779661016949,59,7.54368421052632,6.31904761904762,6.06666666666667,7.2,7.09925925925926,38,21,3,5,54,4269,2490,1779,324,871,3398,6.92281583274772,7.32581307630522,6.3587556098932,6.53364197530864,6.96594603903559,6.9117603855209,109
"112",2018,12,7.30065217391304,46,7.66766666666667,6.6125,6,6.9,7.3725641025641,30,16,2,7,39,4315,2520,1795,326,878,3437,6.92684375202781,7.32988276190476,6.36101739832869,6.53036809815951,6.96542027334852,6.91698917369799,110
"113",2019,1,7.09142161764706,68,7.29370377777778,6.69565217391304,7.375,7.37083333333333,7.03154767857143,45,23,4,12,56,4383,2565,1818,330,890,3493,6.92939709331508,7.32924804288499,6.36525095159516,6.54060606060606,6.97088651685393,6.91882578299456,111
"114",2019,2,7.11951612903226,62,7.765625,6.43033333333333,5.375,6.80272727272727,7.1878431372549,32,30,4,11,51,4445,2597,1848,334,901,3544,6.9320489223847,7.33462504043126,6.36630748376623,6.52664670658683,6.96883351831299,6.92269708239278,112
"115",2019,3,7.23534482758621,58,7.51323529411765,6.84166666666667,7.25,7.88076923076923,7.04888888888889,34,24,4,13,45,4503,2631,1872,338,914,3589,6.93595546524539,7.33693319270239,6.37240183226496,6.53520710059172,6.98180415754923,6.92427931457231,113
"116",2019,4,6.595,40,6.81578947368421,6.3952380952381,6.2,6.2,6.65142857142857,19,21,5,5,35,4543,2650,1893,343,919,3624,6.93295343605547,7.33319669056604,6.37265516640253,6.53032069970846,6.97755059847661,6.92164416666667,114
"117",2019,5,6.9102,50,7.40034482758621,6.23333333333333,5.6,7,6.90022222222222,29,21,5,5,45,4593,2679,1914,348,924,3669,6.9327057391683,7.33392356476297,6.3711265569488,6.51695402298851,6.97767207792208,6.92138142818207,115
"118",2019,6,6.9125,40,7.4375,6.125,6.5,6.75,6.92105263157895,24,16,3,2,38,4633,2703,1930,351,926,3707,6.93253128858191,7.33484322234554,6.36908612953368,6.51680911680912,6.97718034557235,6.92137805772862,116
"119",2019,7,7.25196078431373,51,7.77307692307692,6.71,6.9375,6.57142857142857,7.36022727272727,26,25,4,7,44,4684,2729,1955,355,933,3751,6.93600927839454,7.33901840600952,6.37344564194373,6.52154929577465,6.97413612004287,6.92652584910691,117
"120",2019,8,7.05537037037037,54,7.45625,6.47227272727273,4,7.5,6.94162790697674,32,22,1,11,43,4738,2761,1977,356,944,3794,6.93736966230477,7.34037712060847,6.37454538694992,6.51446629213483,6.98026377118644,6.92669701107011,118
"121",2019,9,7.25377358490566,53,7.73787878787879,6.455,6.75,7.08333333333333,7.27553191489362,33,20,4,6,47,4791,2794,1997,360,950,3841,6.94086985180547,7.34507202219041,6.37535114171257,6.51708333333333,6.9809147368421,6.93096549336111,119
"122",2019,10,6.93061224489796,49,7.09230769230769,6.74782608695652,5.75,6.64285714285714,6.97857142857143,26,23,2,7,42,4840,2820,2020,362,957,3883,6.94076600413223,7.34274157092198,6.37959219306931,6.5128453038674,6.97844200626959,6.93148041720319,120
"123",2019,11,6.85102040816327,49,7.39259259259259,6.18636363636364,5.25,6.02857142857143,6.98809523809524,27,22,4,7,42,4889,2847,2042,366,964,3925,6.93986652894252,7.34321434141201,6.37751039666993,6.49904371584699,6.97154460580913,6.93208623184714,121
"124",2019,12,6.86168203703704,54,7.37230942857143,5.92105263157895,5.57142857142857,6.77777777777778,6.87846288888889,35,19,7,9,45,4943,2882,2061,373,973,3970,6.93901239935262,7.34356768216516,6.3733023920427,6.48163538873995,6.96975231243576,6.93147841057935,122
"125",2020,1,6.85833333333333,72,7.38139534883721,6.08275862068966,6.23333333333333,6.65555555555556,6.88730158730159,43,29,6,9,63,5015,2925,2090,379,982,4033,6.93785409571286,7.34412378119658,6.36927092344497,6.47770448548813,6.96687270875764,6.93078831886933,123
"126",2020,2,6.9037037037037,54,7.41153846153846,6.43214285714286,5.83333333333333,6.66363636363636,6.96511627906977,26,28,3,11,43,5069,2951,2118,382,993,4076,6.9374902919708,7.34471774313792,6.37010209159584,6.47264397905759,6.96351359516616,6.93115046368989,124
"127",2020,3,7.02,45,7.14583333333333,6.87619047619048,6.13333333333333,7,7.0225,24,21,3,5,40,5114,2975,2139,385,998,4116,6.93821632577239,7.34311329747899,6.37507070126227,6.47,6.96369639278557,6.93203821428572,125
"128",2020,4,6.97333333333333,36,7.00173913043478,6.92307692307692,6.75,8,6.88,23,13,4,3,33,5150,2998,2152,389,1001,4149,6.9384618038835,7.34049434956638,6.37838114776951,6.47287917737789,6.9668021978022,6.93162431670282,126
"129",2020,5,7.05117647058823,34,7.44666666666667,6.60625,5,7.08,7.04620689655172,18,16,1,5,29,5184,3016,2168,390,1006,4178,6.93920105902778,7.34112800397878,6.38006283671587,6.46910256410257,6.9673648111332,6.93241964815701,127
"130",2020,6,6.95217391304348,23,7.23076923076923,6.59,6,9,6.85909090909091,13,10,2,1,22,5207,3029,2178,392,1007,4200,6.93925836182063,7.3406543611753,6.38102673553719,6.46670918367347,6.96938331678252,6.9320355452381,128
"131",2020,7,7.03571428571429,42,7.35,6.25,5.33333333333333,6.91666666666667,7.05555555555556,30,12,3,6,36,5249,3059,2190,395,1013,4236,6.94003015622023,7.34074601503759,6.38030878082191,6.45810126582279,6.96907107601185,6.93308529036827,129
"132",2020,8,7.03461538461538,52,7.36666666666667,6.58181818181818,6.25,7.53,6.91666666666667,30,22,4,10,42,5301,3089,2212,399,1023,4278,6.94095798717223,7.34099775331822,6.38231294303797,6.45601503759399,6.97455425219941,6.93292409770921,130
"133",2020,9,7.04761904761905,42,7.43548387096774,5.95454545454545,5.5,4.9,7.33783783783784,31,11,1,5,37,5343,3120,2223,400,1028,4315,6.94179642335767,7.34193655769231,6.38019623481781,6.453625,6.9644640077821,6.93639612746234,131
"134",2020,10,6.97751785714286,56,7.248525,6.3,4.5,7.42222222222222,6.89236170212766,40,16,2,9,47,5399,3160,2239,402,1037,4362,6.94216693646972,7.34075413291139,6.37962314872711,6.44390547263682,6.96843683702989,6.93592166208162,132
"135",2020,11,6.95218181818182,55,7.379,6.44,6.5,6.85555555555556,6.97108695652174,30,25,2,9,46,5454,3190,2264,404,1046,4408,6.94226792995967,7.34111381191222,6.38028985424028,6.44418316831683,6.967465583174,6.93628863203267,133
"136",2020,12,7.14037037037037,54,7.65,6.20157894736842,6.7,7.1875,7.1366,35,19,5,4,50,5508,3225,2283,409,1050,4458,6.94421011074801,7.34446606511628,6.37880255365747,6.44731051344743,6.96830380952381,6.93853528263796,134
"137",2021,1,7.03741935483871,62,7.46512195121951,6.20238095238095,5.94444444444444,7.585,6.906,41,21,9,12,50,5570,3266,2304,418,1062,4508,6.94524762836625,7.34598072872014,6.37719454427083,6.43648325358852,6.97527212806026,6.93817442102928,135
"138",2021,2,7.33510638297872,47,7.5625,6.85,6.94,8.02857142857143,7.21375,32,15,5,7,40,5617,3298,2319,423,1069,4548,6.94850975431725,7.34808158277744,6.38025279430789,6.44243498817967,6.9821693171188,6.94059812884785,136
"139",2021,3,6.94245283018868,53,7.32763157894737,5.96666666666667,5.91666666666667,5.33333333333333,7.039,38,15,6,3,50,5670,3336,2334,429,1072,4598,6.94845313756614,7.34784863908873,6.37759478577549,6.43508158508159,6.97755503731343,6.94166817964333,137
"140",2021,4,6.99021739130435,46,7.3948275862069,6.3,7,7.25,6.96547619047619,29,17,2,4,42,5716,3365,2351,431,1076,4640,6.94878923897831,7.34825350965825,6.37703370055295,6.4377030162413,6.97856784386617,6.94188368318966,138
"141",2021,5,7.12708333333333,48,7.65185185185185,6.45238095238095,5.83333333333333,7.6,7.07209302325581,27,21,3,5,43,5764,3392,2372,434,1081,4683,6.95027399201943,7.35067012382075,6.37770077150084,6.43352534562212,6.98144218316374,6.9430792846466,139
"142",2021,6,6.69772727272727,44,7.29615384615385,5.83333333333333,5.6,5.4,6.86410256410256,26,18,5,5,39,5808,3418,2390,439,1086,4722,6.94836075929752,7.35025543007607,6.37360093305439,6.42403189066059,6.97416114180479,6.9424269991529,140
"143",2021,7,7.185,40,7.84814814814815,5.80769230769231,5,7.25,7.17121212121212,27,13,1,7,33,5848,3445,2403,440,1093,4755,6.94997935875513,7.3541576371553,6.37053942155639,6.42079545454545,6.97592772186642,6.94401478233439,141
"144",2021,8,7.312,50,7.56428571428571,6.99090909090909,6.7,7.81428571428571,7.23023255813953,28,22,3,7,43,5898,3473,2425,443,1100,4798,6.95304837063411,7.35585173049237,6.37616751752577,6.42268623024831,6.98126272727273,6.94657988536891,142
"145",2021,9,7.27925925925926,54,7.65090909090909,6.6952380952381,6.5,7.65714285714286,7.22297872340426,33,21,2,7,47,5952,3506,2446,445,1107,4845,6.9560079452285,7.35862893896178,6.37890688062142,6.42303370786517,6.98553658536585,6.94926115376677,143
"146",2021,10,7.16274509803922,51,7.26764705882353,6.95294117647059,6.06666666666667,6.99090909090909,7.21,34,17,3,11,40,6003,3540,2463,448,1118,4885,6.95776433283359,7.35775510169491,6.38286895249695,6.42064732142857,6.98558944543828,6.95139616990789,144
"147",2021,11,7.30870967741935,62,7.62292682926829,6.6952380952381,6.16666666666667,7.18181818181818,7.33607843137255,41,21,3,11,51,6065,3581,2484,451,1129,4936,6.96135190272053,7.36079113655403,6.38550975442834,6.4189578713969,6.98750132860939,6.95537080429498,145
"148",2021,12,6.84127906976744,86,7.04423076923077,6.53088235294118,5.67142857142857,6.99444444444444,6.82337662337662,52,34,7,9,77,6151,3633,2518,458,1138,5013,6.95967310843765,7.35626013212221,6.38747268864178,6.4075327510917,6.98755623901582,6.95334336525035,146
"149",2022,1,7.22024691358025,81,7.57263157894737,6.38333333333333,6.35714285714286,7.42857142857143,7.20054054054054,57,24,7,7,74,6232,3690,2542,465,1145,5087,6.96305989890886,7.35960245528455,6.38743360739575,6.40677419354839,6.99025240174672,6.95693931393749,147
"150",2022,2,7.44692973684211,76,7.57883587301587,6.80769230769231,NA,7.725,7.41421558823529,63,13,0,8,68,6308,3753,2555,465,1153,5155,6.96888965599239,7.36328263256062,6.38957190998043,6.40677419354839,6.99535039028621,6.96297128031038,148
"151",2022,3,7.09803448275862,87,7.41315789473684,6.4993,6.21428571428571,7.10176470588235,7.09712857142857,57,30,7,17,70,6395,3810,2585,472,1170,5225,6.97064659108679,7.36402879790026,6.39084535009671,6.40391949152542,6.99689658119658,6.96476860287082,149
"152",2022,4,7.22869565217391,69,7.8146511627907,6.25961538461539,5.625,7.46428571428571,7.20209677419355,43,26,4,7,62,6464,3853,2611,476,1177,5287,6.97340113706683,7.36905780430833,6.38953857908847,6.39737394957983,6.99967629566695,6.96755172120295,150
"153",2022,5,7.40178571428571,84,7.41517857142857,7.375,7.375,7.70833333333333,7.37820512820513,56,28,4,6,78,6548,3909,2639,480,1183,5365,6.97889660201588,7.36971852647736,6.39999440318302,6.40552083333333,7.00327049873204,6.97352207828518,151
"154",2022,6,7.01186440677966,59,7.31388888888889,6.53913043478261,7.09333333333333,6.875,7.02181818181818,36,23,3,4,55,6607,3945,2662,483,1187,5420,6.97919100196761,7.36920905449936,6.40119655522164,6.40979296066253,7.00283824768323,6.97401216789668,152
"155",2022,7,7.32297297297297,74,7.6,6.86785714285714,4.5,7.34615384615385,7.31803278688525,46,28,2,13,61,6681,3991,2690,485,1200,5481,6.98299879509056,7.371869135555,6.40605398884758,6.4019175257732,7.0065575,6.97784089582193,153
"156",2022,8,6.92184,75,7.26386956521739,6.37931034482759,5.16666666666667,6.85072727272727,6.9340625,46,29,3,11,64,6756,4037,2719,488,1211,5545,6.98231985642392,7.37063852365618,6.40576874954027,6.3943237704918,7.00514203137902,6.97733560865645,154
"157",2022,9,7.09216936507937,63,7.40625,6.76795709677419,6.18,7.13333333333333,7.08783631578947,32,31,5,6,57,6819,4069,2750,493,1217,5602,6.98333474409737,7.37091858441877,6.4098516,6.39215010141988,7.00577403451109,6.9784599464477,155
"158",2022,10,7.22666666666667,72,7.4664,6.68181818181818,5,7.1,7.2447619047619,50,22,1,9,63,6891,4119,2772,494,1226,5665,6.9858771760267,7.37207762078174,6.41201006493506,6.38933198380567,7.00646574225122,6.98142146866726,156
"159",2022,11,7.00855263157895,76,7.50365853658537,6.42857142857143,6.91666666666667,7.3,6.97426470588235,41,35,6,8,68,6967,4160,2807,500,1234,5733,6.98612453279747,7.37337445192307,6.41221656572854,6.39566,7.00836871961102,6.98133658119658,157
"160",2022,12,7.00653409090909,88,7.51008771929825,6.08064516129032,6.2,7.17884615384615,6.97666666666667,57,31,3,13,75,7055,4217,2838,503,1247,5808,6.98637910985117,7.37522236661133,6.40859474982382,6.3944930417495,7.01014595028067,6.98127627754821,158
