"","year","month","avg_rating","no_ratings","avg_rating_owned","avg_rating_not_owned","avg_rating_prev_owned","avg_rating_comment","avg_rating_no_comment","no_ratings_owned","no_ratings_not_owned","no_ratings_prev_owned","no_ratings_comment","no_ratings_no_comment","cum_no_ratings","cum_no_ratings_owned","cum_no_ratings_not_owned","cum_no_ratings_prev_owned","cum_no_ratings_comment","cum_no_ratings_no_comment","cum_avg_rating","cum_avg_rating_owned","cum_avg_rating_not_owned","cum_avg_rating_prev_owned","cum_avg_rating_comment","cum_avg_rating_no_comment","month_after_release"
"1",2009,10,8.05555555555556,9,8.25,7.66666666666667,NA,7.75,8.14285714285714,6,3,0,2,7,9,6,3,0,2,7,8.05555555555556,8.25,7.66666666666667,NA,7.75,8.14285714285714,0
"2",2009,11,7.2,15,7.75,6.83333333333333,8,6.83333333333333,7.44444444444444,6,9,3,6,9,24,12,12,3,8,16,7.52083333333333,8,7.04166666666667,8,7.0625,7.75,1
"3",2009,12,7.44782608695652,23,8.13333333333333,6.1625,5.5,6.85714285714286,7.70625,15,8,2,7,16,47,27,20,5,15,32,7.48510638297872,8.07407407407407,6.69,7,6.96666666666667,7.728125,2
"4",2010,1,7.41764705882353,34,7.86111111111111,6.91875,7.28333333333333,7.58571428571429,7.3,18,16,6,14,20,81,45,36,11,29,52,7.45679012345679,7.98888888888889,6.79166666666667,7.15454545454546,7.26551724137931,7.56346153846154,3
"5",2010,2,7.33695652173913,23,7.81111111111111,7.03214285714286,6.4,7.09375,7.46666666666667,9,14,5,8,15,104,54,50,16,37,67,7.43028846153846,7.95925925925926,6.859,6.91875,7.22837837837838,7.54179104477612,4
"6",2010,3,6.93055555555556,18,7.29545454545455,6.35714285714286,5,6.6,7.05769230769231,11,7,1,5,13,122,65,57,17,42,80,7.35655737704918,7.84692307692308,6.79736842105263,6.80588235294118,7.15357142857143,7.463125,5
"7",2010,4,7.41428571428571,14,7.475,7.33333333333333,7.5,7.3,7.47777777777778,8,6,2,5,9,136,73,63,19,47,89,7.3625,7.80616438356164,6.8484126984127,6.87894736842105,7.16914893617021,7.46460674157303,6
"8",2010,5,7.41666666666667,18,8.16666666666667,7.04166666666667,7.14285714285714,7.08333333333333,7.58333333333333,6,12,7,6,12,154,79,75,26,53,101,7.36883116883117,7.83354430379747,6.87933333333333,6.95,7.15943396226415,7.47871287128713,7
"9",2010,6,7.34,15,7.84166666666667,5.33333333333333,5,7,7.56666666666667,12,3,2,6,9,169,91,78,28,59,110,7.36627218934911,7.83461538461539,6.8198717948718,6.81071428571429,7.14322033898305,7.48590909090909,8
"10",2010,7,7.63888888888889,18,8.45454545454546,6.35714285714286,6,7.94444444444444,7.33333333333333,11,7,1,9,9,187,102,85,29,68,119,7.39251336898396,7.90147058823529,6.78176470588235,6.78275862068965,7.24926470588235,7.47436974789916,9
"11",2010,8,7.36666666666667,15,7.55,7,6.66666666666667,7.78571428571429,7,10,5,3,7,8,202,112,90,32,75,127,7.39059405940594,7.87008928571429,6.79388888888889,6.771875,7.29933333333333,7.44448818897638,10
"12",2010,9,6.25,20,6.54166666666667,5.8125,4.75,5.78571428571429,6.5,12,8,4,7,13,222,124,98,36,82,140,7.28783783783784,7.74153225806452,6.71377551020408,6.54722222222222,7.17012195121951,7.35678571428571,11
"13",2010,10,7.48,15,7.74545454545455,6.75,6,7.24444444444444,7.83333333333333,11,4,2,9,6,237,135,102,38,91,146,7.3,7.74185185185185,6.71519607843137,6.51842105263158,7.17747252747253,7.3763698630137,12
"14",2010,11,7.313264,25,7.38596666666667,7.24615384615385,7.28571428571429,7.62594285714286,7.19166666666667,12,13,7,7,18,262,147,115,45,98,164,7.30126564885496,7.7128,6.77521739130435,6.63777777777778,7.20950612244898,7.35609756097561,13
"15",2010,12,7.12352941176471,17,7.8,6.65,6.875,7.33333333333333,7.00909090909091,7,10,4,6,11,279,154,125,49,104,175,7.29043584229391,7.71676363636364,6.7652,6.65714285714286,7.21665,7.33428571428571,14
"16",2011,1,7.1875,16,7.4,6.83333333333333,7.5,7.75,7.10714285714286,10,6,2,2,14,295,164,131,51,106,189,7.28485288135593,7.6974487804878,6.76832061068702,6.69019607843137,7.22671320754717,7.31746031746032,15
"17",2011,2,7,17,7.31818181818182,6.41666666666667,6.375,6.75,7.13636363636364,11,6,4,6,11,312,175,137,55,112,200,7.26933205128205,7.67360914285714,6.7529197080292,6.66727272727273,7.201175,7.3075,16
"18",2011,3,7.34210526315789,19,7.46666666666667,6.875,7,7.58333333333333,7.23076923076923,15,4,1,6,13,331,190,141,56,118,213,7.27350936555891,7.65727157894737,6.7563829787234,6.67321428571428,7.22060677966102,7.30281690140845,17
"19",2011,4,7.2725,20,7.69615384615385,6.48571428571429,6.25,7.26,7.27666666666667,13,7,2,5,15,351,203,148,58,123,228,7.27345185185185,7.65976157635468,6.74358108108108,6.65862068965517,7.2222081300813,7.30109649122807,18
"20",2011,5,6.76923076923077,13,7.75,5.92857142857143,6.375,6.6,6.875,6,7,4,5,8,364,209,155,62,128,236,7.25544395604395,7.66235215311005,6.70677419354839,6.64032258064516,7.197903125,7.28665254237288,19
"21",2011,6,6.25,10,7,5.75,5.5,6,6.3125,4,6,2,2,8,374,213,161,64,130,244,7.22856042780749,7.64991361502347,6.67111801242236,6.6046875,7.17947384615385,7.2547131147541,20
"22",2011,7,7.19,10,6.98,7.4,8.5,5,7.43333333333333,5,5,2,1,9,384,218,166,66,131,253,7.22755625,7.63454862385321,6.69307228915663,6.66212121212121,7.16283664122138,7.26106719367589,21
"23",2011,8,7.08333333333333,12,7.07142857142857,7.1,6.25,NA,7.08333333333333,7,5,2,0,12,396,225,171,68,131,265,7.22318585858586,7.61702933333333,6.70497076023392,6.65,7.16283664122138,7.25301886792453,22
"24",2011,9,7.45333333333333,15,7.48,7.4,7,7,7.52307692307692,10,5,2,2,13,411,235,176,70,133,278,7.23158540145985,7.61119829787234,6.72471590909091,6.66,7.16038796992481,7.26564748201439,23
"25",2011,10,6.45714285714286,14,7.475,6.05,6.25,6.75,6.34,4,10,6,4,10,425,239,186,76,137,288,7.20607435294118,7.60891882845188,6.68844086021505,6.62763157894737,7.14840583941606,7.23350694444444,24
"26",2011,11,6.87083333333333,24,7.08333333333333,6.65833333333333,7.08333333333333,7.4,6.69444444444444,12,12,6,6,18,449,251,198,82,143,306,7.18815501113586,7.58379123505976,6.68661616161616,6.6609756097561,7.15896223776224,7.20179738562091,25
"27",2011,12,6.878125,16,7.29285714285714,6.55555555555556,6.1,6.5,6.93214285714286,7,9,5,2,14,465,258,207,87,145,320,7.17748731182796,7.5758976744186,6.68091787439614,6.62873563218391,7.14987310344828,7.19,26
"28",2012,1,6.73333333333333,12,7.33333333333333,6.13333333333333,5.8,7.5,6.58,6,6,1,2,10,477,264,213,88,147,330,7.16631362683438,7.57038484848485,6.66549295774648,6.61931818181818,7.15463673469388,7.17151515151515,27
"29",2012,2,6.86923076923077,13,7.325,6.66666666666667,6.66666666666667,7.375,6.64444444444444,4,9,3,4,9,490,268,222,91,151,339,7.1584318367347,7.5667223880597,6.66554054054054,6.62087912087912,7.16047417218543,7.15752212389381,28
"30",2012,3,7.76538461538462,13,7.95,6.75,7.5,7.83333333333333,7.745,11,2,1,3,10,503,279,224,92,154,349,7.17411848906561,7.58183369175627,6.66629464285714,6.63043478260869,7.17358181818182,7.1743553008596,29
"31",2012,4,6.83333333333333,6,7,6,6,6.6,6.95,5,1,1,2,4,509,284,225,93,156,353,7.17010137524558,7.57159014084507,6.66333333333333,6.62365591397849,7.16622820512821,7.17181303116147,30
"32",2012,5,7.05666666666667,30,6.94090909090909,7.375,7.5,6.77777777777778,7.17619047619048,22,8,4,9,21,539,306,233,97,165,374,7.16378775510204,7.52624705882353,6.68776824034335,6.65979381443299,7.14504,7.17205882352941,31
"33",2012,6,6.48333333333333,18,7.28571428571429,5.97272727272727,6.2125,7,6.38,7,11,8,3,15,557,313,244,105,168,389,7.14179820466786,7.52086773162939,6.65553278688525,6.62571428571429,7.14245,7.14151670951157,32
"34",2012,7,7.13384615384615,13,7.75,6.86,7.125,7.25,7.08222222222222,4,9,4,4,9,570,317,253,109,172,398,7.14161684210526,7.52375899053628,6.66280632411067,6.64403669724771,7.1449511627907,7.14017587939698,33
"35",2012,8,6.875,12,7.08333333333333,6.66666666666667,6,7.5,6.75,6,6,2,2,10,582,323,259,111,174,408,7.13611958762887,7.51557770897833,6.66289575289575,6.63243243243243,7.14903218390805,7.13061274509804,34
"36",2012,9,7.14705882352941,17,7.3125,7,7.25,7.2,7.125,8,9,4,5,12,599,331,268,115,179,420,7.13643005008347,7.51066948640483,6.67421641791045,6.65391304347826,7.15045586592179,7.13045238095238,35
"37",2012,10,6.05555555555556,9,6.5,5.92857142857143,5.7,5.66666666666667,6.25,2,7,5,3,6,608,333,275,120,182,426,7.12043026315789,7.5045993993994,6.65523636363636,6.61416666666667,7.1259978021978,7.11805164319249,36
"38",2012,11,7.57352941176471,17,7.8,7.47916666666667,7.39285714285714,7.25,7.67307692307692,5,12,7,4,13,625,338,287,127,186,439,7.13275456,7.50896923076923,6.68968641114983,6.65708661417323,7.12866451612903,7.1344874715262,37
"39",2012,12,7.23809523809524,21,7.83333333333333,6.44444444444444,6.75,7.41666666666667,7.16666666666667,12,9,4,6,15,646,350,296,131,192,454,7.13617894736842,7.52009028571428,6.68222972972973,6.65992366412214,7.13766458333333,7.13555066079295,38
"40",2013,1,6.656,25,7.20714285714286,5.95454545454545,6.57142857142857,6.68,6.64,14,11,7,10,15,671,364,307,138,202,469,7.11828852459016,7.50805384615385,6.65615635179153,6.65543478260869,7.11500792079208,7.11970149253731,39
"41",2013,2,6.855,10,7.36428571428571,5.66666666666667,5.5,8.15,6.53125,7,3,2,2,8,681,371,310,140,204,477,7.11442232011747,7.50534123989218,6.64658064516129,6.63892857142857,7.12515490196078,7.1098322851153,40
"42",2013,3,6.68260869565217,23,7.24615384615385,5.95,6.08333333333333,6.54285714285714,6.74375,13,10,6,7,16,704,384,320,146,211,493,7.10031477272727,7.49656666666667,6.6248125,6.61609589041096,7.10583696682464,7.09795131845842,41
"43",2013,4,6.73125,16,6.3,7.45,7.675,6.8,6.72666666666667,10,6,4,1,15,720,394,326,150,212,508,7.09211333333333,7.46619695431472,6.64,6.64433333333333,7.10439433962264,7.08698818897638,42
"44",2013,5,6.80882352941176,17,7.25,6,5.875,6.58333333333333,6.93181818181818,11,6,4,6,11,737,405,332,154,218,519,7.08557883310719,7.4603249382716,6.62843373493976,6.62435064935065,7.09005321100917,7.08369942196532,43
"45",2013,6,6.81739130434783,23,7.3,5.71428571428571,6,6.07142857142857,7.14375,16,7,5,7,16,760,421,339,159,225,535,7.07746263157895,7.45423182897862,6.60955752212389,6.60471698113208,7.05836266666667,7.0854953271028,44
"46",2013,7,7.02105263157895,19,7.3,6.41666666666667,6.33333333333333,7.25,6.85454545454545,13,6,3,8,11,779,434,345,162,233,546,7.07608677792041,7.44961198156682,6.60620289855073,6.59969135802469,7.06494248927039,7.08084249084249,45
"47",2013,8,7,14,7.71428571428571,6.28571428571429,6,7.25,6.66666666666667,7,7,2,8,6,793,441,352,164,241,552,7.07474350567465,7.45381315192744,6.59982954545455,6.59237804878049,7.07108547717842,7.07634057971015,46
"48",2013,9,7.3,9,7.83333333333333,7.03333333333333,7,7.4,7.25,3,6,1,3,6,802,444,358,165,244,558,7.07727132169576,7.45637747747748,6.60709497206704,6.59484848484849,7.07512950819672,7.07820788530466,47
"49",2013,10,6.85714285714286,7,7,6.66666666666667,7,6,7,4,3,2,1,6,809,448,361,167,245,564,7.07536662546353,7.45230267857143,6.60759002770083,6.5997005988024,7.0707412244898,7.07737588652482,48
"50",2013,11,6.83333333333333,24,7.42307692307692,6.13636363636364,6.14285714285714,7,6.75,13,11,7,8,16,833,461,372,174,253,580,7.06839327731092,7.45147852494577,6.59365591397849,6.58132183908046,7.06850434782609,7.06834482758621,49
"51",2013,12,6.7,21,7.64,6.40625,6.38888888888889,6.34,6.8125,5,16,9,5,16,854,466,388,183,258,596,7.05933442622951,7.45350128755365,6.58592783505155,6.57185792349727,7.05438604651163,7.06147651006711,50
"52",2014,1,6.99242424242424,33,7.5,6.38333333333333,6.45454545454545,6.70454545454545,7.13636363636364,18,15,11,11,22,887,484,403,194,269,618,7.05684509582863,7.4552305785124,6.57838709677419,6.56520618556701,7.04008029739777,7.06414239482201,51
"53",2014,2,7,16,7.23636363636364,6.48,6.33333333333333,7.08571428571429,6.93333333333333,11,5,3,7,9,903,495,408,197,276,627,7.05583787375415,7.45036686868687,6.57718137254902,6.56167512690355,7.04123768115942,7.06226475279107,52
"54",2014,3,6.5625,16,7.25,6.15,6,6.625,6.54166666666667,6,10,5,4,12,919,501,418,202,280,639,7.04724874863982,7.44796726546906,6.56696172248804,6.54777227722772,7.03529142857143,7.0524882629108,53
"55",2014,4,6.6375,16,7.14285714285714,6.24444444444444,7.5,6.33333333333333,6.70769230769231,7,9,2,3,13,935,508,427,204,283,652,7.04023700534759,7.44376299212598,6.56016393442623,6.55710784313726,7.02785017667845,7.04561349693252,54
"56",2014,5,7.20833333333333,12,7.6,6.92857142857143,6.9,7.25,7.2,5,7,5,2,10,947,513,434,209,285,662,7.04236705385428,7.44528576998051,6.56610599078341,6.56531100478469,7.02940912280702,7.04794561933535,55
"57",2014,6,7.34176470588235,17,7.531,7.07142857142857,6.94,7.74,7.17583333333333,10,7,5,5,12,964,523,441,214,290,674,7.0476468879668,7.44692466539197,6.57412698412698,6.57406542056075,7.04166068965517,7.05022255192878,56
"58",2014,7,6.88461538461539,13,7.57142857142857,6.08333333333333,6.16666666666667,7.1,6.75,7,6,3,5,8,977,530,447,217,295,682,7.04547758444217,7.44856905660377,6.56753914988814,6.5684331797235,7.04264949152542,7.0467008797654,57
"59",2014,8,6.60714285714286,21,7,6.41071428571429,6.78571428571429,7.625,6.36764705882353,7,14,7,4,17,998,537,461,224,299,699,7.03625410821643,7.4427217877095,6.56277657266811,6.57522321428571,7.05044013377926,7.03018597997139,58
"60",2014,9,6.89210526315789,19,7.495,6.22222222222222,5.8,6.42857142857143,7.1625,10,9,5,7,12,1017,547,470,229,306,711,7.0335610619469,7.44367751371115,6.55625531914894,6.55829694323144,7.03621437908497,7.03241912798875,59
"61",2014,10,6.60869565217391,23,7.09090909090909,6.16666666666667,5.78571428571429,7,6.47058823529412,11,12,7,6,17,1040,558,482,236,312,728,7.024165,7.43672329749104,6.54655601659751,6.5353813559322,7.03551794871795,7.01929945054945,60
"62",2014,11,6.77619047619048,21,7.25555555555556,6.41666666666667,5.9,6.6,6.83125,9,12,5,5,16,1061,567,494,241,317,744,7.01925692742696,7.43384761904762,6.5434008097166,6.52219917012448,7.02864858044164,7.01525537634409,61
"63",2014,12,7.12888888888889,18,7.4,6.85777777777778,6.76,7.6,7.03466666666667,9,9,5,3,15,1079,576,503,246,320,759,7.02108582020389,7.43331875,6.54902584493042,6.5270325203252,7.034005,7.01563899868248,62
"64",2015,1,6.723,20,6.84375,6.6425,6.95166666666667,7.33333333333333,6.61529411764706,8,12,6,3,17,1099,584,515,252,323,776,7.01566114649682,7.42524246575343,6.55120388349515,6.53714285714286,7.03678513931889,7.00686855670103,63
"65",2015,2,6.8804347826087,23,7.65909090909091,6.16666666666667,5.85714285714286,6.25,7.21666666666667,11,12,7,8,15,1122,595,527,259,331,791,7.01288912655971,7.42956571428572,6.54244781783681,6.51876447876448,7.01776918429003,7.01084702907712,64
"66",2015,3,6.65909090909091,22,7.1,5.71428571428571,4.5,8,6.525,15,7,2,2,20,1144,610,534,261,333,811,7.00608531468531,7.42146163934426,6.53159176029963,6.50329501915709,7.02366846846847,6.99886559802713,65
"67",2015,4,6.6047619047619,21,7.57142857142857,6.12142857142857,6.05384615384615,6.5,6.6375,7,14,13,5,16,1165,617,548,274,338,827,6.99885115879828,7.42316304700162,6.52111313868613,6.48197080291971,7.01592189349113,6.99187424425635,66
"68",2015,5,7.06666666666667,15,7.31818181818182,6.375,6.5,6.625,7.22727272727273,11,4,3,4,11,1180,628,552,277,342,838,6.99971322033898,7.42132420382166,6.52005434782609,6.48216606498195,7.01134970760234,6.99496420047733,67
"69",2015,6,6.81666666666667,18,6.99,6.6,6.56,6.85,6.79,10,8,5,8,10,1198,638,560,282,350,848,6.99696293823038,7.41456363636364,6.52119642857143,6.48354609929078,7.00766171428572,6.99254716981132,68
"70",2015,7,6.13333333333333,9,6.8,5.6,4.66666666666667,6.1,6.14285714285714,4,5,3,2,7,1207,642,565,285,352,855,6.99052328086164,7.41073457943925,6.51304424778761,6.46442105263158,7.00250454545455,6.98559064327485,69
"71",2015,8,6.675,16,7.35,6,6.8,8,6.58666666666667,8,8,5,1,15,1223,650,573,290,353,870,6.98639542109567,7.40998707692308,6.50588132635253,6.47020689655172,7.00533031161473,6.97871264367816,70
"72",2015,9,6.86066666666667,15,7.23875,6.42857142857143,6.875,6.3525,7.04545454545455,8,7,4,4,11,1238,658,580,294,357,881,6.98487205169628,7.40790516717325,6.50494827586207,6.47571428571429,6.99801568627451,6.97954597048808,71
"73",2015,10,6.80555555555556,18,7.05,6.5,6.85714285714286,7,6.76666666666667,10,8,7,3,15,1256,668,588,301,360,896,6.98230222929936,7.40254730538922,6.50488095238095,6.48458471760797,6.99803222222222,6.97598214285714,72
"74",2015,11,6.92631578947368,19,7.81428571428571,6.40833333333333,6.27142857142857,6.5,7.175,7,12,7,7,12,1275,675,600,308,367,908,6.98146792156863,7.40681718518518,6.50295,6.47974025974026,6.98853297002725,6.97861233480176,73
"75",2015,12,6.52941176470588,17,6.95454545454545,5.75,5.5,6.5,6.55,11,6,3,7,10,1292,686,606,311,374,918,6.97551981424149,7.39956501457726,6.49549504950495,6.47028938906752,6.97938930481283,6.97394335511983,74
"76",2016,1,6.85277777777778,18,7.41,6.15625,5.85,7.1875,6.75714285714286,10,8,5,4,14,1310,696,614,316,378,932,6.97383328244275,7.39971494252874,6.49107491856677,6.4604746835443,6.98159153439153,6.97068669527897,75
"77",2016,2,7.17,10,8.25,6.45,6.7,8.06666666666667,6.78571428571429,4,6,1,3,7,1320,700,620,317,381,939,6.97531939393939,7.40457371428572,6.49067741935484,6.46123028391167,6.99013543307087,6.9693077742279,76
"78",2016,3,5.9,10,6.5,5.64285714285714,5.125,3,6.625,3,7,4,2,8,1330,703,627,321,383,947,6.96723428571429,7.40071351351351,6.48121212121212,6.44457943925234,6.96929921671018,6.96639915522703,77
"79",2016,4,7.16470588235294,17,7.31818181818182,6.88333333333333,6.5,7.25,7.13846153846154,11,6,2,4,13,1347,714,633,323,387,960,6.96972650334076,7.39944201680672,6.48502369668246,6.4449226006192,6.97220051679587,6.96872916666667,78
"80",2016,5,7.1,13,7.36666666666667,6.5,6,6.4,7.22727272727273,9,4,1,2,11,1360,723,637,324,389,971,6.97097176470588,7.39903402489627,6.48511773940345,6.44354938271605,6.96925861182519,6.97165808444902,79
"81",2016,6,7,14,7.5,6.33333333333333,6.66666666666667,6.5,7.08333333333333,8,6,3,2,12,1374,731,643,327,391,983,6.97126754002911,7.4001389876881,6.48370139968896,6.44559633027523,6.96685831202046,6.97302136317396,80
"82",2016,7,6.26,15,7.08333333333333,5.71111111111111,5.9,1,6.63571428571429,6,9,5,1,14,1389,737,652,332,392,997,6.96358646508279,7.39755983717775,6.47303680981595,6.43737951807229,6.95163673469388,6.96828485456369,81
"83",2016,8,6.92857142857143,7,9,6.58333333333333,6.16666666666667,NA,6.92857142857143,1,6,3,0,7,1396,738,658,335,392,1004,6.96341088825215,7.39973116531165,6.47404255319149,6.4349552238806,6.95163673469388,6.96800796812749,82
"84",2016,9,5.9375,8,6.25,5.625,5.625,5,6.875,4,4,4,4,4,1404,742,662,339,396,1008,6.95756524216524,7.39353315363882,6.46891238670695,6.4253982300885,6.93192323232323,6.96763888888889,83
"85",2016,10,7,9,7.14285714285714,6.5,6.5,6.66666666666667,7.16666666666667,7,2,2,3,6,1413,749,664,341,399,1014,6.95783552724699,7.39119038718291,6.46900602409638,6.4258357771261,6.92992882205514,6.96881656804734,84
"86",2016,11,6.71333333333333,15,7.275,6.07142857142857,5.5,5.5,6.9,8,7,4,2,13,1428,757,671,345,401,1027,6.95526722689076,7.38996248348745,6.46485842026826,6.41510144927536,6.9227970074813,6.96794547224927,85
"87",2016,12,6.69090909090909,22,7.07692307692308,6.13333333333333,5.875,6.57142857142857,6.74666666666667,13,9,4,7,15,1450,770,680,349,408,1042,6.95125627586207,7.3846774025974,6.46047058823529,6.4089111747851,6.91676862745098,6.96476007677543,86
"88",2017,1,6.8,21,7.30714285714286,5.78571428571429,7,7.25,6.62,14,7,4,6,15,1471,784,687,353,414,1057,6.94909694085656,7.38329285714286,6.45359534206696,6.41560906515581,6.92159806763285,6.95986754966887,87
"89",2017,2,6.52777777777778,18,6.75,6.25,7,7.33333333333333,6.36666666666667,10,8,5,3,15,1489,794,695,358,417,1072,6.94400376091336,7.37531687657431,6.45125179856115,6.42377094972067,6.92456019184652,6.9515671641791,88
"90",2017,3,7,14,7.22222222222222,6.6,6,NA,7,9,5,3,0,14,1503,803,700,361,417,1086,6.9445253493014,7.37360099626401,6.45231428571428,6.42024930747922,6.92456019184652,6.95219152854512,89
"91",2017,4,7.01538461538462,13,7.1875,6.74,4,7.56666666666667,6.85,8,5,1,3,10,1516,811,705,362,420,1096,6.94513298153034,7.37176522811344,6.45435460992908,6.4135635359116,6.92914666666667,6.95125912408759,90
"92",2017,5,7.2,8,8.5,5.9,6.5,NA,7.2,4,4,1,0,8,1524,815,709,363,420,1104,6.94647086614173,7.37730257668712,6.45122708039492,6.41380165289256,6.92914666666667,6.9530615942029,91
"93",2017,6,6.79166666666667,12,6.9,6.71428571428571,6,7.5,6.72727272727273,5,7,2,1,11,1536,820,716,365,421,1115,6.94526145833333,7.37439219512195,6.45379888268156,6.41153424657534,6.9305026128266,6.95083408071749,92
"94",2017,7,6.75533333333333,15,6.8225,6.67857142857143,6,7.5,6.56916666666667,8,7,3,3,12,1551,828,723,368,424,1127,6.94342462927144,7.36905990338164,6.45597510373444,6.40817934782609,6.9345320754717,6.9467701863354,93
"95",2017,8,6.475,8,6.96666666666667,5,NA,7.1,6.1,6,2,0,3,5,1559,834,725,368,427,1132,6.94102091084028,7.36616498800959,6.45195862068965,6.40817934782609,6.93569461358314,6.94303003533569,94
"96",2017,9,7.025,10,7.41666666666667,6.4375,5.75,7.16666666666667,6.96428571428571,6,4,2,3,7,1569,840,729,370,430,1139,6.94155615041428,7.36652571428572,6.4518792866941,6.40462162162162,6.93730604651163,6.94316066725198,95
"97",2017,10,6.43846153846154,13,6.74444444444444,5.75,5.75,7,6.33636363636364,9,4,4,2,11,1582,849,733,374,432,1150,6.93742199747156,7.35993121319199,6.44804911323329,6.39762032085561,6.9375962962963,6.93735652173913,96
"98",2017,11,6.63636363636364,11,7,6,6,NA,6.63636363636364,7,4,3,0,11,1593,856,737,377,432,1161,6.93534312617703,7.35698785046729,6.44561736770692,6.39445623342175,6.9375962962963,6.93450473729543,97
"99",2017,12,6.43333333333333,9,6.875,6.08,6.9,5.16666666666667,7.06666666666667,4,5,1,3,6,1602,860,742,378,435,1167,6.93252284644195,7.35474604651163,6.44315363881401,6.39579365079365,6.92538298850575,6.93518423307626,98
"100",2018,1,6.17857142857143,14,7.41666666666667,5.25,4.5,6,6.20833333333333,6,8,2,2,12,1616,866,750,380,437,1179,6.92599108910891,7.35517505773672,6.43042666666666,6.38581578947368,6.92114782608696,6.92778625954198,99
"101",2018,2,7.125,6,8.25,6,5.5,8.375,6.5,3,3,2,2,4,1622,869,753,382,439,1183,6.92672725030826,7.35826421173763,6.42871181938911,6.3811780104712,6.92777129840547,6.92633981403212,100
"102",2018,3,7.09090909090909,11,7.71428571428571,6,NA,8,6.75,7,4,0,3,8,1633,876,757,382,442,1191,6.92783319044703,7.36110913242009,6.4264464993395,6.3811780104712,6.93504886877828,6.92515533165407,101
"103",2018,4,6.72105263157895,19,7.28333333333333,6.46153846153846,6.16666666666667,6.66666666666667,6.73125,6,13,9,3,16,1652,882,770,391,445,1207,6.92545496368039,7.36058004535147,6.42703896103896,6.37624040920716,6.9332395505618,6.92258492129246,102
"104",2018,5,6.72,10,7.3,6.14,4.25,5,7.15,5,5,2,2,8,1662,887,775,393,447,1215,6.92421877256318,7.36023855693348,6.42518709677419,6.36541984732824,6.92458970917226,6.92408230452675,103
"105",2018,6,7.05,8,7.05,NA,NA,7.33333333333333,6.88,8,0,0,3,5,1670,895,775,393,450,1220,6.92482131736527,7.35746547486034,6.42518709677419,6.36541984732824,6.92731466666667,6.92390163934426,104
"106",2018,7,6.95833333333333,12,7.58333333333333,6.33333333333333,6.83333333333333,6.6,7.21428571428571,6,6,3,5,7,1682,901,781,396,455,1227,6.92506040428062,7.35896958934517,6.4244814340589,6.36896464646465,6.9237178021978,6.92555827220864,105
"107",2018,8,5.7,5,7,4.83333333333333,4.83333333333333,4.5,6.5,2,3,3,2,3,1687,903,784,399,457,1230,6.92142951985774,7.35817452934662,6.41839285714286,6.35741854636592,6.91311072210066,6.92452032520325,106
"108",2018,9,7.45,6,7.8,6.75,6.75,7.6,7.375,4,2,2,2,4,1693,907,786,401,459,1234,6.92330277613704,7.3601230429989,6.41923664122137,6.35937655860349,6.9161037037037,6.92598055105349,107
"109",2018,10,6.875,8,7.16666666666667,6,5,8,6.5,6,2,1,2,6,1701,913,788,402,461,1240,6.92307560258672,7.35885169769989,6.41817258883249,6.35599502487562,6.92080607375271,6.92391935483871,108
"110",2018,11,6.5625,8,6.91666666666667,5.5,5.5,6.66666666666667,6.5,6,2,2,3,5,1709,919,790,404,464,1245,6.92138771211235,7.35596474428727,6.41584810126582,6.35175742574257,6.91916293103448,6.92221686746988,109
"111",2018,12,7.28571428571429,14,7.54545454545455,6.33333333333333,7,7,7.33333333333333,11,3,1,2,12,1723,930,793,405,466,1257,6.92434799767847,7.35820602150538,6.41553593947036,6.35335802469136,6.91950987124464,6.9261416070008,110
"112",2019,1,6.38066666666667,15,6.40125,6.35714285714286,5.33333333333333,6.73666666666667,6.29166666666667,8,7,3,3,12,1738,938,800,408,469,1269,6.91965569620253,7.35004434968017,6.415025,6.34585784313726,6.91834029850746,6.92014184397163,111
"113",2019,2,5.76142857142857,7,6.5,4.77666666666667,4.165,6,5.72166666666667,4,3,2,1,6,1745,942,803,410,470,1275,6.91500951289398,7.34643481953291,6.40890410958904,6.33521951219512,6.91638638297872,6.91450196078431,112
"114",2019,3,6.92090909090909,11,7.26857142857143,6.3125,5.5,6.625,6.98666666666667,7,4,2,2,9,1756,949,807,412,472,1284,6.91504646924829,7.34586048472076,6.40842627013631,6.33116504854369,6.91515169491525,6.91500778816199,113
"115",2019,4,6.16666666666667,3,6,6.25,6.25,6,6.25,1,2,2,1,2,1759,950,809,414,473,1286,6.91377009664582,7.34444378947368,6.40803461063041,6.3307729468599,6.91321691331924,6.91397356143079,114
"116",2019,5,6.5,8,7.16666666666667,4.5,3,5.33333333333333,7.2,6,2,1,3,5,1767,956,811,415,476,1291,6.91189677419355,7.3433280334728,6.40332922318126,6.32274698795181,6.90325966386555,6.91508133230054,115
"117",2019,6,6.5625,4,NA,6.5625,6,NA,6.5625,0,4,1,0,4,1771,956,815,416,476,1295,6.91110762281197,7.3433280334728,6.40411042944785,6.32197115384615,6.90325966386555,6.91399227799228,116
"118",2019,7,6.91666666666667,6,7.625,5.5,5,5,7.3,4,2,1,1,5,1777,960,817,417,477,1300,6.91112639279685,7.34450166666667,6.40189718482252,6.31880095923261,6.89926960167715,6.91547692307692,117
"119",2019,8,6.475,8,7.25714285714286,1,NA,NA,6.475,7,1,0,0,8,1785,967,818,417,477,1308,6.90917176470588,7.34386928645295,6.39529339853301,6.31880095923261,6.89926960167715,6.91278287461774,118
"120",2019,9,7.42857142857143,7,8.25,6.33333333333333,6.5,6.5,7.8,4,3,2,2,5,1792,971,821,419,479,1313,6.91120066964286,7.34760205973223,6.39506699147381,6.31966587112172,6.89760250521921,6.91616146230008,119
"121",2019,10,6.1125,8,6.83333333333333,5.68,5.3,5.63333333333333,6.4,3,5,3,3,5,1800,974,826,422,482,1318,6.90765088888889,7.3460180698152,6.39073849878934,6.31241706161137,6.88973360995851,6.9142033383915,120
"122",2019,11,6.75,6,7.66666666666667,5.83333333333333,5.83333333333333,5.5,7.375,3,3,3,2,4,1806,977,829,425,484,1322,6.90712713178295,7.34700266120778,6.38872135102533,6.30903529411765,6.88399090909091,6.91559757942511,121
"123",2019,12,6.833335,2,6.8,6.86667,6.86667,6.8,6.86667,1,1,1,1,1,1808,978,830,426,485,1323,6.90704550331858,7.34644335378323,6.38929719277108,6.31034429577465,6.88381773195876,6.91556059712774,122
"124",2020,1,6.45891666666667,12,7.41783333333333,5.5,5.875,6.7014,6.28571428571429,6,6,4,5,7,1820,984,836,430,490,1330,6.90409080769231,7.34687865853659,6.38291467703349,6.30629458139535,6.88195632653061,6.91224561654135,123
"125",2020,2,5.75,8,6,5.6,5,6,5.71428571428571,3,5,3,1,7,1828,987,841,433,491,1337,6.89904008205689,7.34278480243161,6.3782600118906,6.29724404157044,6.8801600814664,6.90597357516829,124
"126",2020,3,5.44444444444444,9,5.5,5.375,NA,5.8,5,5,4,0,5,4,1837,992,845,433,496,1341,6.89191359281437,7.33349657258065,6.373510852071,6.29724404157044,6.86927137096774,6.90028834451901,125
"127",2020,4,7.19375,8,6.86,7.75,7.5,6.6,7.27857142857143,5,3,2,1,7,1845,997,848,435,497,1348,6.89322236856369,7.33112196589769,6.37838050707547,6.30277395402299,6.86872957746479,6.90225272255193,126
"128",2020,5,6.60769230769231,13,7.2375,5.6,5.75,6,6.79,8,5,4,3,10,1858,1005,853,439,500,1358,6.89122458019376,7.33037671641791,6.37381790152403,6.29773728929385,6.8635172,6.90142611929308,127
"129",2020,6,7.545,6,8.054,5,5,9.485,6.575,5,1,1,2,4,1864,1010,854,440,502,1362,6.89332900751073,7.33395900990099,6.37220921545667,6.29478788636364,6.87396135458167,6.90046745227606,128
"130",2020,7,7.2,5,7.25,7,NA,10,6.5,4,1,0,1,4,1869,1014,855,440,503,1366,6.89414942215088,7.33362781065089,6.37294347368421,6.29478788636364,6.88017614314115,6.89929478038067,129
"131",2020,8,6.84545454545455,11,7.075,6.71428571428571,6.5,NA,6.84545454545455,4,7,4,0,11,1880,1018,862,444,503,1377,6.89386450531915,7.3326115913556,6.37571539443155,6.29663664414414,6.88017614314115,6.89886468409586,130
"132",2020,9,7.125,4,7,7.16666666666667,8,7.16666666666667,7,1,3,2,3,1,1884,1019,865,446,506,1378,6.8943552388535,7.33228518155054,6.37845857803468,6.30427504484305,6.88187470355731,6.89893807692308,131
"133",2020,10,6.69166666666667,12,7,6.5375,6.83333333333333,7.5,6.61818181818182,4,8,3,1,11,1896,1023,873,449,507,1389,6.89307239978903,7.33098592375367,6.37991600229095,6.30780995545657,6.88309388560158,6.89671466522678,132
"134",2020,11,6.37857142857143,14,7.2875,5.16666666666667,5.5,NA,6.37857142857143,8,6,2,0,14,1910,1031,879,451,507,1403,6.88930118848167,7.33064849660524,6.37163443686007,6.30422764966741,6.88309388560158,6.89154431218817,133
"135",2020,12,7.2,10,6.88888888888889,10,NA,6,7.33333333333333,9,1,0,1,9,1920,1040,880,451,508,1412,6.89091941145833,7.32682557692308,6.37575757954545,6.30422764966741,6.88135551181102,6.89436024787535,134
"136",2021,1,7.475,10,7.39285714285714,7.66666666666667,7.25,NA,7.475,7,3,2,0,10,1930,1047,883,453,508,1422,6.89394573575129,7.3272670487106,6.38014345413363,6.30840324503311,6.88135551181102,6.89844350914205,135
"137",2021,2,6.63,10,6.68571428571429,6.5,6,6.75,6.6,7,3,2,2,8,1940,1054,886,455,510,1430,6.89258519072165,7.32300626185958,6.38054928893905,6.30704762637363,6.88084039215686,6.89677389510489,136
"138",2021,3,6.14375,8,7,5.85833333333333,5.25,5.91666666666667,6.28,2,6,4,3,5,1948,1056,892,459,513,1435,6.88950989219712,7.32239450757576,6.37703662556054,6.29783588235294,6.87520194931774,6.89462485714285,137
"139",2021,4,6.77777777777778,9,7.2,6.25,6.5,6.5,6.85714285714286,5,4,2,2,7,1957,1061,896,461,515,1442,6.88899605007665,7.32181771913289,6.37646949776786,6.29871295010846,6.87374485436893,6.89444290568654,138
"140",2021,5,4.88333333333333,6,2.3,5.4,4.43333333333333,5.33333333333333,4.43333333333333,1,5,3,3,3,1963,1062,901,464,518,1445,6.88286564951604,7.31708907721281,6.3710506881243,6.28665230603448,6.86482355212355,6.88933333564013,139
"141",2021,6,7.5,3,7.5,NA,NA,7.5,7.5,3,0,0,1,2,1966,1065,901,464,519,1447,6.88380736012207,7.31760431924883,6.3710506881243,6.28665230603448,6.86604739884393,6.89017738078783,140
"142",2021,7,7.16666666666667,9,7.875,6.6,5,NA,7.16666666666667,4,5,1,0,9,1975,1069,906,465,519,1456,6.8850963392405,7.31968999064546,6.37231420529801,6.28388531182796,6.86604739884393,6.89188644917582,141
"143",2021,8,6.43833333333333,12,6.42857142857143,6.452,6.58666666666667,6.19,6.5625,7,5,3,4,8,1987,1076,911,468,523,1464,6.88239822345244,7.31389275092937,6.37275155872667,6.28582621794872,6.86087686424474,6.89008652322404,142
"144",2021,9,7.13047571428571,7,7.382666,6.5,6,7,7.15222166666667,5,2,1,1,6,1994,1081,913,469,524,1470,6.88326910732196,7.31421085106383,6.37303030668127,6.2852167803838,6.86114236641221,6.89115646258503,143
"145",2021,10,6.5,8,6.66666666666667,6.4,6,NA,6.5,3,5,1,0,8,2002,1084,918,470,524,1478,6.88173756243756,7.31241875461255,6.37317720043573,6.28460993617021,6.86114236641221,6.88903924221921,144
"146",2021,11,6.525,10,6.79166666666667,6.125,6,5,6.69444444444444,6,4,1,1,9,2012,1090,922,471,525,1487,6.87996451292246,7.3095522293578,6.37210050976139,6.28400566878981,6.85759733333333,6.887861466039,145
"147",2021,12,6.53333333333333,15,7,5.6,5.25,7,6.36363636363636,10,5,4,4,11,2027,1100,927,475,529,1498,6.8773994079921,7.30673811818182,6.3679359978425,6.27529825263158,6.8586741020794,6.88401201602136,146
"148",2022,1,6.81666666666667,12,7.31111111111111,5.33333333333333,4,8.4,6.28888888888889,9,3,1,3,9,2039,1109,930,476,532,1507,6.87704198136341,7.30677360685302,6.36459856989247,6.27051821428572,6.86736578947368,6.88045786330458,147
"149",2022,2,7.11111111111111,9,7.75,5.83333333333333,7,8,7,6,3,1,1,8,2048,1115,933,477,533,1515,6.87807060546875,7.30915868161435,6.36289032154341,6.27204752620545,6.86949080675422,6.88108910891089,148
"150",2022,3,7.03125,8,8.375,5.6875,6,5.625,7.5,4,4,3,2,6,2056,1119,937,480,535,1521,6.87866663424124,7.31296865951743,6.36000711846318,6.27034722916667,6.8648385046729,6.88353057199211,149
"151",2022,4,6.64285714285714,7,6.33333333333333,6.875,6.25,7,6.58333333333333,3,4,2,1,6,2063,1122,941,482,536,1527,6.87786650508967,7.31034931372549,6.36219624867162,6.27026280082988,6.86509067164179,6.88235101506221,150
"152",2022,5,7.54,5,7.7,7.3,NA,NA,7.54,3,2,0,0,5,2068,1125,943,482,536,1532,6.87946740812379,7.31138838222222,6.36418522799576,6.27026280082988,6.86509067164179,6.88449738903394,151
"153",2022,6,7,7,7.3,6.25,6.25,6,7.16666666666667,5,2,2,1,6,2075,1130,945,484,537,1538,6.87987402409638,7.31133799115044,6.36394356613757,6.27017907024794,6.86347970204842,6.88559817945383,152
"154",2022,7,6.91666666666667,6,6.25,7.25,6,6,7.1,2,4,1,1,5,2081,1132,949,485,538,1543,6.8799801057184,7.30946283568905,6.36767826132771,6.269622,6.86187472118959,6.88629293583927,153
"155",2022,8,7.89444444444444,9,8.35,7.325,6.65,7.33333333333333,8.175,5,4,2,3,6,2090,1137,953,487,541,1549,6.88434861244019,7.31403863676341,6.37169640083945,6.27118412731006,6.86448909426987,6.89128469980632,154
"156",2022,9,6.6,5,6.5,6.66666666666667,6.5,NA,6.6,2,3,1,0,5,2095,1139,956,488,541,1554,6.88366997613365,7.31260924495171,6.37262203974895,6.27165301229508,6.86448909426987,6.89034749034749,155
"157",2022,10,6.625,8,6.82,6.3,6.3,6,6.83333333333333,5,3,3,2,6,2103,1144,959,491,543,1560,6.88268597242035,7.31045623251748,6.37239485922836,6.27182621181263,6.86130497237569,6.8901282051282,156
"158",2022,11,6.6,3,6.8,6.5,6,6.5,6.8,1,2,1,2,1,2106,1145,961,492,545,1561,6.88228328584995,7.31001041921397,6.37266042663892,6.2712737195122,6.85997908256881,6.89007046764894,157
"159",2022,12,6.9125,8,8.4,6.41666666666667,5,7.26666666666667,6.7,2,6,1,3,5,2114,1147,967,493,548,1566,6.88239763481551,7.31191101133392,6.37293347466391,6.26869507099392,6.86220547445255,6.88946360153256,158
