"","year","month","avg_rating","no_ratings","avg_rating_owned","avg_rating_not_owned","avg_rating_prev_owned","avg_rating_comment","avg_rating_no_comment","no_ratings_owned","no_ratings_not_owned","no_ratings_prev_owned","no_ratings_comment","no_ratings_no_comment","cum_no_ratings","cum_no_ratings_owned","cum_no_ratings_not_owned","cum_no_ratings_prev_owned","cum_no_ratings_comment","cum_no_ratings_no_comment","cum_avg_rating","cum_avg_rating_owned","cum_avg_rating_not_owned","cum_avg_rating_prev_owned","cum_avg_rating_comment","cum_avg_rating_no_comment","month_after_release"
"1",2003,4,9,1,9,NA,NA,9,NA,1,0,0,1,0,1,1,0,0,1,0,9,9,NA,NA,9,NA,-1
"2",2003,5,8.66666666666667,3,8.66666666666667,NA,NA,10,8,3,0,0,1,2,4,4,0,0,2,2,8.75,8.75,NA,NA,9.5,8,0
"3",2003,6,6.55,10,6.66666666666667,6.375,NA,6.41666666666667,6.75,6,4,0,6,4,14,10,4,0,8,6,7.17857142857143,7.5,6.375,NA,7.1875,7.16666666666667,1
"4",2003,7,7.08064516129032,31,7.23913043478261,6.625,7.5,6.83333333333333,7.18181818181818,23,8,2,9,22,45,33,12,2,17,28,7.11111111111111,7.31818181818182,6.54166666666667,7.5,7,7.17857142857143,2
"5",2003,8,7.5,7,7.5,7.5,NA,7.25,7.6,4,3,0,2,5,52,37,15,2,19,33,7.16346153846154,7.33783783783784,6.73333333333333,7.5,7.02631578947368,7.24242424242424,3
"6",2003,9,7.93,10,7.9125,8,NA,7.4,8.46,8,2,0,5,5,62,45,17,2,24,38,7.28709677419355,7.44,6.88235294117647,7.5,7.10416666666667,7.40263157894737,4
"7",2003,10,7.53333333333333,15,7.71428571428571,5,NA,7.66666666666667,7.5,14,1,0,3,12,77,59,18,2,27,50,7.33506493506493,7.50508474576271,6.77777777777778,7.5,7.16666666666667,7.426,5
"8",2003,11,6.16666666666667,6,7,6,6.5,5.33333333333333,7,1,5,2,3,3,83,60,23,4,30,53,7.25060240963855,7.49666666666667,6.60869565217391,7,6.98333333333333,7.40188679245283,6
"9",2003,12,7.14705882352941,17,7.35,6.85714285714286,NA,6.16666666666667,7.68181818181818,10,7,0,6,11,100,70,30,4,36,64,7.233,7.47571428571429,6.66666666666667,7,6.84722222222222,7.45,7
"10",2004,1,7.30769230769231,13,7.81818181818182,4.5,NA,7,7.66666666666667,11,2,0,7,6,113,81,32,4,43,70,7.24159292035398,7.52222222222222,6.53125,7,6.87209302325581,7.46857142857143,8
"11",2004,2,7.44444444444444,9,7.44444444444444,NA,NA,7,7.57142857142857,9,0,0,2,7,122,90,32,4,45,77,7.25655737704918,7.51444444444444,6.53125,7,6.87777777777778,7.47792207792208,9
"12",2004,3,6.93793103448276,29,7.13157894736842,6.57,7,7.25,6.81904761904762,19,10,1,8,21,151,109,42,5,53,98,7.1953642384106,7.44770642201835,6.54047619047619,7,6.93396226415094,7.33673469387755,10
"13",2004,4,6.88888888888889,18,6.89285714285714,6.875,6,6.66666666666667,7.11111111111111,14,4,1,9,9,169,123,46,6,62,107,7.16272189349112,7.38455284552845,6.5695652173913,6.83333333333333,6.89516129032258,7.31775700934579,11
"14",2004,5,6.9,15,7.04545454545455,6.5,NA,7.61111111111111,5.83333333333333,11,4,0,9,6,184,134,50,6,71,113,7.14130434782609,7.35671641791045,6.564,6.83333333333333,6.98591549295775,7.23893805309735,12
"15",2004,6,7.125,16,7.6,6.33333333333333,7,7.625,6.625,10,6,2,8,8,200,144,56,8,79,121,7.14,7.37361111111111,6.53928571428571,6.875,7.05063291139241,7.19834710743802,13
"16",2004,7,7.28461538461538,13,7.39166666666667,6,6,7.4,7.2125,12,1,1,5,8,213,156,57,9,84,129,7.14882629107981,7.375,6.52982456140351,6.77777777777778,7.07142857142857,7.19922480620155,14
"17",2004,8,6.86363636363636,11,7.5625,5,4.5,6.1,7.5,8,3,2,5,6,224,164,60,11,89,135,7.13482142857143,7.38414634146341,6.45333333333333,6.36363636363636,7.01685393258427,7.21259259259259,15
"18",2004,9,6.80769230769231,13,6.94444444444444,6.5,NA,6.75,6.83333333333333,9,4,0,4,9,237,173,64,11,93,144,7.1168776371308,7.36127167630058,6.45625,6.36363636363636,7.00537634408602,7.18888888888889,16
"19",2004,10,7.375,16,7.42307692307692,7.16666666666667,7,7,7.46153846153846,13,3,1,3,13,253,186,67,12,96,157,7.13320158102767,7.36559139784946,6.48805970149254,6.41666666666667,7.00520833333333,7.21146496815287,17
"20",2004,11,7.04761904761905,21,6.9375,7.4,7.5,7.36363636363636,6.7,16,5,2,11,10,274,202,72,14,107,167,7.12664233576642,7.33168316831683,6.55138888888889,6.57142857142857,7.04205607476636,7.18083832335329,18
"21",2004,12,6.42857142857143,14,6.875,5.83333333333333,4,6.6,6.33333333333333,8,6,2,5,9,288,210,78,16,112,176,7.09270833333333,7.31428571428571,6.49615384615385,6.25,7.02232142857143,7.1375,19
"22",2005,1,6.70555555555556,27,6.93695652173913,5.375,NA,6.5375,6.77631578947368,23,4,0,8,19,315,233,82,16,120,195,7.05952380952381,7.27703862660944,6.44146341463415,6.25,6.99,7.10230769230769,20
"23",2005,2,6.76190476190476,21,6.82142857142857,6.64285714285714,7,6.625,6.94444444444444,14,7,2,12,9,336,247,89,18,132,204,7.04092261904762,7.25121457489879,6.45730337078652,6.33333333333333,6.95681818181818,7.0953431372549,21
"24",2005,3,7.41545454545455,22,7.48285714285714,6,NA,7.66461538461538,7.05555555555556,21,1,0,13,9,358,268,90,18,145,213,7.06393854748603,7.26936567164179,6.45222222222222,6.33333333333333,7.02027586206897,7.09366197183099,22
"25",2005,4,6.96875,16,7.11538461538461,6.33333333333333,NA,7,6.92857142857143,13,3,0,9,7,374,281,93,18,154,220,7.05986631016043,7.26224199288256,6.44838709677419,6.33333333333333,7.01909090909091,7.08840909090909,23
"26",2005,5,6.75,10,7.42857142857143,5.16666666666667,6.5,7.5,6.25,7,3,1,4,6,384,288,96,19,158,226,7.051796875,7.26628472222222,6.40833333333333,6.34210526315789,7.03126582278481,7.06615044247788,24
"27",2005,6,6.94117647058824,17,7,6.8,6.66666666666667,7.28571428571429,6.7,12,5,3,7,10,401,300,101,22,165,236,7.0471072319202,7.25563333333333,6.42772277227723,6.38636363636364,7.04206060606061,7.05063559322034,25
"28",2005,7,6.80555555555556,18,6.96153846153846,6.4,7,6.78571428571429,6.81818181818182,13,5,1,7,11,419,313,106,23,172,247,7.03673031026253,7.24341853035144,6.42641509433962,6.41304347826087,7.03162790697674,7.04028340080972,26
"29",2005,8,7.08148148148148,27,7.39473684210526,6.3375,7.56666666666667,7.09444444444444,7.05555555555556,19,8,3,18,9,446,332,114,26,190,256,7.03943946188341,7.25207831325301,6.42017543859649,6.54615384615385,7.03757894736842,7.0408203125,27
"30",2005,9,6.82962962962963,27,7.33684210526316,5.625,6.175,6.99411764705882,6.55,19,8,4,17,10,473,351,122,30,207,266,7.02746300211416,7.25666666666667,6.36803278688525,6.49666666666667,7.03400966183575,7.02236842105263,28
"31",2005,10,6.77037037037037,27,7.09,5.85714285714286,6.5,6.62,6.95833333333333,20,7,2,15,12,500,371,129,32,222,278,7.01358,7.24768194070081,6.34031007751938,6.496875,7.00603603603604,7.01960431654676,29
"32",2005,11,6.67666666666667,30,6.9,6.0625,NA,6.70833333333333,6.65555555555556,22,8,0,12,18,530,393,137,32,234,296,6.99450943396226,7.22821882951654,6.32408759124088,6.496875,6.99076923076923,6.99746621621622,30
"33",2005,12,6.83870967741935,31,6.97826086956522,6.4375,NA,7,6.64285714285714,23,8,0,17,14,561,416,145,32,251,310,6.98590017825312,7.21439903846154,6.33034482758621,6.496875,6.99139442231076,6.98145161290323,31
"34",2006,1,6.94027777777778,36,7.145,5.91666666666667,6,7.15833333333333,6.72222222222222,30,6,1,18,18,597,446,151,33,269,328,6.98314907872697,7.20973094170404,6.31390728476821,6.48181818181818,7.00256505576208,6.9672256097561,32
"35",2006,2,6.97777777777778,18,7.25833333333333,6.41666666666667,NA,6.8,7.2,12,6,0,10,8,615,458,157,33,279,336,6.9829918699187,7.21100436681223,6.31783439490446,6.48181818181818,6.99530465949821,6.97276785714286,33
"36",2006,3,6.97619047619048,21,7.26666666666667,6.25,NA,6.65,7.27272727272727,15,6,0,10,11,636,473,163,33,289,347,6.98276729559749,7.21276955602537,6.31533742331288,6.48181818181818,6.98335640138408,6.98227665706052,34
"37",2006,4,6.97916666666667,24,6.975,7,NA,6.90909090909091,7.03846153846154,20,4,0,11,13,660,493,167,33,300,360,6.98263636363636,7.20312373225152,6.33173652694611,6.48181818181818,6.98063333333333,6.98430555555556,35
"38",2006,5,7.11,30,7.20869565217391,6.78571428571429,8,7.23571428571429,7,23,7,1,14,16,690,516,174,34,314,376,6.98817391304348,7.20337209302326,6.35,6.52647058823529,6.99200636942675,6.98497340425532,36
"39",2006,6,6.38095238095238,21,6.61764705882353,5.375,5.5,6.5,6.32142857142857,17,4,3,7,14,711,533,178,37,321,390,6.97023909985935,7.1846904315197,6.32808988764045,6.44324324324324,6.98127725856698,6.96115384615385,37
"40",2006,7,6.55882352941176,34,6.79166666666667,6,6.66666666666667,6.6,6.53333333333333,24,10,3,13,21,745,557,188,40,334,411,6.95146308724832,7.16775583482944,6.31063829787234,6.46,6.9664371257485,6.93929440389294,38
"41",2006,8,6.50862068965517,29,6.80681818181818,5.57142857142857,6,6.390625,6.65384615384615,22,7,1,16,13,774,579,195,41,350,424,6.93487080103359,7.1540414507772,6.28410256410256,6.44878048780488,6.94011428571429,6.93054245283019,39
"42",2006,9,6.73961538461538,26,7.01277777777778,6.125,5.5,6.72727272727273,6.74866666666667,18,8,2,11,15,800,597,203,43,361,439,6.928525,7.14978224455611,6.27783251231527,6.4046511627907,6.93362880886427,6.92432801822323,40
"43",2006,10,6.59848484848485,33,6.71875,6.27777777777778,7,6.95833333333333,6.39285714285714,24,9,3,12,21,833,621,212,46,373,460,6.91545018007203,7.13312399355878,6.27783018867925,6.44347826086956,6.9344235924933,6.9000652173913,41
"44",2006,11,6.63157894736842,19,6.83333333333333,6.28571428571429,6,6.28571428571429,6.83333333333333,12,7,4,7,12,852,633,219,50,380,472,6.90911971830986,7.12744075829384,6.27808219178082,6.408,6.92247368421053,6.8983686440678,42
"45",2006,12,7.14666666666667,30,7.24545454545455,6.875,7,7.17857142857143,7.11875,22,8,2,14,16,882,655,227,52,394,488,6.91719954648526,7.13140458015267,6.29911894273128,6.43076923076923,6.93157360406091,6.90559426229508,43
"46",2007,1,6.61891891891892,37,6.78333333333333,6.31538461538462,5.33333333333333,6.52941176470588,6.695,24,13,3,17,20,919,679,240,55,411,508,6.90519042437432,7.11910162002946,6.3,6.37090909090909,6.91493917274939,6.8973031496063,44
"47",2007,2,7.16013423076923,26,7.26666666666667,7.01486272727273,7.21666666666667,6.66666666666667,7.42138176470588,15,11,6,9,17,945,694,251,61,420,525,6.91220475132275,7.12229106628242,6.33132864541833,6.45409836065574,6.90961904761905,6.91427331428571,45
"48",2007,3,6.77777777777778,27,6.90625,6.59090909090909,6.83333333333333,6.58333333333333,6.93333333333333,16,11,3,12,15,972,710,262,64,432,540,6.90847066872428,7.11742253521127,6.3422270610687,6.471875,6.90055555555556,6.91480275925926,46
"49",2007,4,6.57857142857143,28,6.98,6.11538461538461,6.16666666666667,6.59375,6.55833333333333,15,13,6,16,12,1000,725,275,70,448,552,6.89923349,7.11457931034483,6.3315036,6.44571428571429,6.88959821428571,6.90705342391304,47
"50",2007,5,6.46875,32,6.86111111111111,5.96428571428571,7,6.34615384615385,6.55263157894737,18,14,2,13,19,1032,743,289,72,461,571,6.88588516472868,7.10843876177658,6.3137144982699,6.46111111111111,6.87427331887202,6.8952600525394,48
"51",2007,6,6.65862068965517,29,6.86111111111111,6.32727272727273,7.1,6.36363636363636,6.83888888888889,18,11,2,11,18,1061,761,300,74,472,589,6.87967341187559,7.10258869908016,6.31421163333333,6.47837837837838,6.86237288135593,6.89353733446519,49
"52",2007,7,6.71323529411765,34,6.9625,6.35714285714286,6,6.78125,6.65277777777778,20,14,3,16,18,1095,781,314,77,488,607,6.87450547031963,7.09900128040973,6.31612576433121,6.45974025974026,6.8597131147541,6.88639784184514,50
"53",2007,8,6.69444444444444,36,6.93103448275862,5.71428571428571,6.33333333333333,6.19230769230769,6.97826086956522,29,7,3,13,23,1131,810,321,80,501,630,6.86877408488064,7.09298765432099,6.30300152647975,6.455,6.84239520958084,6.88975157142857,51
"54",2007,9,6.76,25,7.02777777777778,6.07142857142857,NA,6.64285714285714,6.90909090909091,18,7,0,14,11,1156,828,328,80,515,641,6.86642170415225,7.09157004830918,6.29805942073171,6.455,6.83697087378641,6.89008344773791,52
"55",2007,10,7.42307692307692,26,7.47727272727273,7.125,7.5,7.66666666666667,7.21428571428571,22,4,3,12,14,1182,850,332,83,527,655,6.87866623519459,7.10155294117647,6.30802256024096,6.49277108433735,6.85586337760911,6.89701296183206,53
"56",2007,11,7.11818181818182,33,7.25555555555556,6.5,6,6.75,7.27826086956522,27,6,2,10,23,1215,877,338,85,537,678,6.88517159670782,7.10629418472064,6.31143044378698,6.48117647058823,6.85389199255121,6.90994615044248,54
"57",2007,12,6.8,50,7.13636363636364,6.14705882352941,6.625,6.84210526315789,6.7741935483871,33,17,4,19,31,1265,910,355,89,556,709,6.88180513043478,7.10738461538461,6.30355912676056,6.4876404494382,6.85348920863309,6.90401056417489,55
"58",2008,1,7,60,7.12608695652174,6.58571428571429,6.4,6.90833333333333,7.06111111111111,46,14,5,24,36,1325,956,369,94,580,745,6.8871573509434,7.10828451882845,6.314264200542,6.48297872340425,6.85575862068966,6.911602,56
"59",2008,2,6.57179487179487,39,6.75185185185185,6.16666666666667,6.5,6.57894736842105,6.565,27,12,6,19,20,1364,983,381,100,599,765,6.87814038856305,7.09849440488301,6.30961545931758,6.484,6.84697829716194,6.90254050980392,57
"60",2008,3,6.65217391304348,46,7.16071428571429,5.86111111111111,6,6.5,6.74137931034483,28,18,5,17,29,1410,1011,399,105,616,794,6.87076843262411,7.10021760633037,6.28938218045113,6.46095238095238,6.8374025974026,6.89665426952141,58
"61",2008,4,6.72727272727273,33,6.93478260869565,6.25,7,7,6.5,23,10,3,15,18,1443,1034,409,108,631,812,6.86748682605683,7.09653771760155,6.28841929095354,6.47592592592593,6.84126782884311,6.8878614408867,59
"62",2008,5,6.84848484848485,33,7.14285714285714,6.33333333333333,6.33333333333333,6.56666666666667,7.08333333333333,21,12,3,15,18,1476,1055,421,111,646,830,6.86706198509485,7.09745971563981,6.28969950118765,6.47207207207207,6.83489164086687,6.89210059036145,60
"63",2008,6,6.78823529411765,34,7.35454545454545,5.75,6.66666666666667,6.83157894736842,6.73333333333333,22,12,3,19,15,1510,1077,433,114,665,845,6.8652870794702,7.10271123491179,6.27474247113164,6.47719298245614,6.8347969924812,6.88928223668639,61
"64",2008,7,6.45416666666667,48,6.992,5.8695652173913,5.8,6.22222222222222,6.75238095238095,25,23,15,27,21,1558,1102,456,129,692,866,6.85262098202824,7.10019963702359,6.25430589912281,6.3984496124031,6.81089595375723,6.8859624595843,62
"65",2008,8,6.78285714285714,35,7.1,6.09090909090909,5.42857142857143,6.36428571428571,7.06190476190476,24,11,7,14,21,1593,1126,467,136,706,887,6.85108819209039,7.10019538188277,6.25045715203426,6.34852941176471,6.80203966005666,6.8901279481398,63
"66",2008,9,6.69210526315789,38,6.972,6.15384615384615,5.75,6.41428571428571,6.85416666666667,25,13,8,14,24,1631,1151,480,144,720,911,6.84738411404046,7.09741094700261,6.24784060416667,6.31527777777778,6.7945,6.88918055982437,64
"67",2008,10,6.45714285714286,35,7.05,5.66666666666667,5.08333333333333,6,6.88888888888889,20,15,6,17,18,1666,1171,495,150,737,929,6.83918576830732,7.09660119555935,6.23022927272727,6.266,6.7761736770692,6.88917490850377,65
"68",2008,11,6.73777777777778,45,6.9037037037037,6.48888888888889,5.86666666666667,7.03333333333333,6.63030303030303,27,18,9,12,33,1711,1198,513,159,749,962,6.83651869666861,7.09225375626043,6.23930504873294,6.24339622641509,6.78029372496662,6.88029468814969,66
"69",2008,12,6.69302325581395,43,6.91034482758621,6.24285714285714,5.58,6.14117647058824,7.05384615384615,29,14,5,17,26,1754,1227,527,164,766,988,6.83300084948689,7.0879543602282,6.23939941176471,6.22317073170732,6.76610966057441,6.88486183198381,67
"70",2009,1,6.80245901639344,61,7.09189189189189,6.35625,6.315625,6.52142857142857,6.95,37,24,16,21,40,1815,1264,551,180,787,1028,6.83197437465565,7.08806962025316,6.24448909255898,6.23138888888889,6.75958068614994,6.88739639105058,68
"71",2009,2,6.446875,64,6.95428571428571,5.83448275862069,5.25,6.4,6.46976744186046,35,29,10,21,43,1879,1299,580,190,808,1071,6.818857631719,7.0844649730562,6.22398877586207,6.17973684210526,6.75023514851485,6.87062884220355,69
"72",2009,3,6.53913043478261,46,7.05909090909091,6.0625,6.03846153846154,6.1,6.82142857142857,22,24,13,18,28,1925,1321,604,203,826,1099,6.81217324155844,7.08404239212717,6.21757200331126,6.17068965517241,6.73606537530266,6.86937533212011,70
"73",2009,4,6.47053571428571,56,6.84259259259259,6.12413793103448,5.175,5.9,6.565625,27,29,4,8,48,1981,1348,633,207,834,1147,6.80251564361433,7.079206231454,6.21329145339652,6.15144927536232,6.72804556354916,6.85666389712293,71
"74",2009,5,6.50925925925926,54,6.98,6.10344827586207,6.72222222222222,6.35714285714286,6.5625,25,29,9,14,40,2035,1373,662,216,848,1187,6.7947339017199,7.07739985433357,6.20847959214501,6.17523148148148,6.72192216981132,6.84675104465038,72
"75",2009,6,6.48048780487805,41,6.93157894736842,6.09090909090909,5.49,6.03846153846154,6.68571428571429,19,22,10,13,28,2076,1392,684,226,861,1215,6.78852769267823,7.07540948275862,6.20469808479532,6.14491150442478,6.71160278745645,6.84303990946502,73
"76",2009,7,6.54354838709677,31,6.71666666666667,6.38125,6.2,6.32142857142857,6.60833333333333,15,16,5,7,24,2107,1407,700,231,868,1239,6.78492334598956,7.07158493248045,6.20873355714286,6.1461038961039,6.70845622119816,6.83849353510896,74
"77",2009,8,6.628,25,7.125,6.16923076923077,6,6.875,6.51176470588235,12,13,3,8,17,2132,1419,713,234,876,1256,6.78308325046904,7.07203664552502,6.20801330995792,6.14423076923077,6.70997716894977,6.83407125,75
"78",2009,9,6.78888888888889,45,6.88636363636364,6.69565217391304,6.6875,6.85,6.77142857142857,22,23,8,10,35,2177,1441,736,242,886,1291,6.78320325677538,7.06920194309507,6.22325202445652,6.16219008264463,6.71155756207675,6.83237295894655,76
"79",2009,10,6.65090909090909,55,6.88666666666667,6.368,6.67272727272727,6.6875,6.63589743589744,30,25,11,16,39,2232,1471,761,253,902,1330,6.77994331989247,7.06547926580557,6.22800721419185,6.18438735177866,6.71113082039911,6.82661164661654,77
"80",2009,11,6.54107142857143,56,7.06296296296296,6.0551724137931,7.01428571428571,6.57857142857143,6.52857142857143,27,29,7,14,42,2288,1498,790,260,916,1372,6.77409680506993,7.06543391188251,6.22166264556962,6.20673076923077,6.70910480349345,6.8174879664723,78
"81",2009,12,6.536,50,6.60625,6.47115384615385,6.36363636363636,6.090625,6.74558823529412,24,26,11,16,34,2338,1522,816,271,932,1406,6.7690049144568,7.05819316688568,6.22961212009804,6.21309963099631,6.69848712446352,6.81574928165007,79
"82",2010,1,6.48909090909091,55,6.48076923076923,6.49655172413793,6.42727272727273,6.35,6.52790697674419,26,29,11,12,43,2393,1548,845,282,944,1449,6.76257145424154,7.04849483204134,6.23877336094674,6.22145390070922,6.69405720338983,6.80720737750173,80
"83",2010,2,6.5468085106383,47,6.708,6.36363636363636,6.57142857142857,6.24545454545455,6.63888888888889,25,22,7,11,36,2440,1573,867,289,955,1485,6.7584153647541,7.04308328035601,6.24194174163783,6.22993079584775,6.68889005235602,6.80312692929293,81
"84",2010,3,6.75,37,6.66304347826087,6.89285714285714,7,7.0625,6.66379310344828,23,14,1,8,29,2477,1596,881,290,963,1514,6.75828966088009,7.03760651629073,6.25228545970488,6.23258620689655,6.6919937694704,6.80045805151916,82
"85",2010,4,6.48076923076923,26,6.3125,6.55555555555556,6.8,5.33333333333333,6.6304347826087,8,18,10,3,23,2503,1604,899,300,966,1537,6.75540690771074,7.03399002493765,6.25835760845384,6.2515,6.68777432712215,6.79791378659727,83
"86",2010,5,6.68269230769231,26,7.34545454545455,6.19666666666667,5.4,5.40625,7.25,11,15,5,8,18,2529,1615,914,305,974,1555,6.75465934756821,7.03611145510836,6.2573451750547,6.23754098360656,6.67724845995893,6.80314693890675,84
"87",2010,6,6.60454545454545,22,6.45454545454545,6.75454545454545,6.18571428571429,6.3,6.71875,11,11,7,6,16,2551,1626,925,312,980,1571,6.75336475499804,7.03217712177122,6.26325782702703,6.23637820512821,6.6749387755102,6.80228739019733,85
"88",2010,7,6.71034482758621,29,7.13333333333333,6.01818181818182,5.5,6.77777777777778,6.68,18,11,4,9,20,2580,1644,936,316,989,1591,6.75288119767442,7.03328467153285,6.26037766025641,6.22705696202532,6.67587462082912,6.80075015084852,86
"89",2010,8,6.79677419354839,31,7.44666666666667,6.1875,6.3,6.61111111111111,6.87272727272727,15,16,5,9,22,2611,1659,952,321,998,1613,6.75340233243968,7.03702230259192,6.25915282563025,6.22819314641745,6.67529058116232,6.80173185988841,87
"90",2010,9,6.25714285714286,28,6.8,5.63076923076923,5.77777777777778,5.7125,6.475,15,13,9,8,20,2639,1674,965,330,1006,1633,6.74813697991663,7.03489844683393,6.25068755440414,6.21590909090909,6.66763419483101,6.79773024494795,88
"91",2010,10,6.84838709677419,31,7.265,6.09090909090909,6.42857142857143,6.8875,6.83478260869565,20,11,7,8,23,2670,1694,976,337,1014,1656,6.74930093258427,7.03761511216057,6.24888677254098,6.22032640949555,6.66936883629191,6.79824486111111,89
"92",2010,11,6.50338461538462,39,6.78834782608696,6.09375,6.66666666666667,6.92307692307692,6.29353846153846,23,16,3,13,26,2709,1717,992,340,1027,1682,6.74576060908084,7.03427606290041,6.24638456653226,6.22426470588235,6.67258033106134,6.79044321640904,90
"93",2010,12,6.45,36,6.615,6.24375,5.925,6.45,6.45,20,16,8,8,28,2745,1737,1008,348,1035,1710,6.74188178142076,7.02944847438112,6.24634274801587,6.21738505747126,6.67085990338164,6.78486870760234,91
"94",2011,1,6.81935483870968,31,7.05,6.4,6.75,6.25,7.01739130434783,20,11,4,8,23,2776,1757,1019,352,1043,1733,6.74274693443804,7.02968241320432,6.24800146221786,6.2234375,6.66763183125599,6.78795469705713,92
"95",2011,2,6.18064516129032,31,6.16666666666667,6.18947368421053,6.55555555555556,6.56923076923077,5.9,12,19,9,13,18,2807,1769,1038,361,1056,1751,6.7365391841824,7.02382815149802,6.24693014450867,6.23171745152355,6.66642045454545,6.778826664763,93
"96",2011,3,6.97826086956522,23,6.75,7.15384615384615,6.25,6.8,7.02777777777778,10,13,2,5,18,2830,1779,1051,363,1061,1769,6.73850370671378,7.02228892636312,6.25814794481446,6.23181818181818,6.66704995287465,6.78135980214811,94
"97",2011,4,6.425,20,6.5,6.36363636363636,4.7,4.66666666666667,7.17857142857143,9,11,5,6,14,2850,1788,1062,368,1067,1783,6.73630368070175,7.01965995525727,6.25924057438795,6.21100543478261,6.65580131208997,6.78447868199664,95
"98",2011,5,6.81428571428571,28,7.56363636363636,6.32941176470588,6.54285714285714,6.72222222222222,6.85789473684211,11,17,7,9,19,2878,1799,1079,375,1076,1802,6.73706236622654,7.02298610339077,6.26034614457831,6.2172,6.65635687732342,6.7852527691454,96
"99",2011,6,6.78333333333333,18,6.93076923076923,6.4,8,7.5,6.57857142857143,13,5,1,4,14,2896,1812,1084,376,1080,1816,6.73734996201657,7.02232450331126,6.26099030442804,6.2219414893617,6.65948148148148,6.78365941079295,97
"100",2011,7,6.95869565217391,23,7.09285714285714,6.75,6.8,6.79583333333333,7.13636363636364,14,9,5,12,11,2919,1826,1093,381,1092,1827,6.73909403562864,7.02286527929901,6.26501691674291,6.22952755905512,6.66097985347985,6.78578297208539,98
"101",2011,8,6.74074074074074,27,6.96428571428571,6.5,7.125,7.07142857142857,6.625,14,13,4,7,20,2946,1840,1106,385,1099,1847,6.73910912763068,7.02241956521739,6.26777892405063,6.23883116883117,6.66359417652411,6.78404195452085,99
"102",2011,9,6.59375,32,7.03846153846154,6.28947368421053,6.07142857142857,7.09090909090909,6.33333333333333,13,19,7,11,21,2978,1853,1125,392,1110,1868,6.73754717595702,7.02253211009174,6.26814532444444,6.23584183673469,6.66782882882883,6.77897510171306,100
"103",2011,10,6.47037037037037,27,7.025,6.02666666666667,5.7,6.0375,6.65263157894737,12,15,5,8,19,3005,1865,1140,397,1118,1887,6.73514658569051,7.02254798927614,6.26496797368421,6.22909319899244,6.66331842576029,6.77770296237414,101
"104",2011,11,6.59512195121951,41,7.03157894736842,6.21818181818182,6.17142857142857,5.83333333333333,6.65526315789474,19,22,7,3,38,3046,1884,1162,404,1121,1925,6.73326181549573,7.02263906581741,6.26408217728055,6.22809405940594,6.66109723461195,6.77528596883117,102
"105",2011,12,6.5,35,6.82352941176471,6.19444444444444,6.125,6.1875,6.59259259259259,17,18,8,8,27,3081,1901,1180,412,1129,1952,6.73061197338526,7.02085849552867,6.26301990677966,6.22609223300971,6.65774136403897,6.77275896004098,103
"106",2012,1,6.69767441860465,43,6.96,6.33333333333333,6.75,6.79166666666667,6.66129032258065,25,18,6,12,31,3124,1926,1198,418,1141,1983,6.73015860755442,7.02006853582554,6.26407636894825,6.23361244019139,6.65914986853637,6.77101638426626,104
"107",2012,2,6.54285714285714,35,6.8,6.2,6.4,6.77272727272727,6.4375,20,15,5,11,24,3159,1946,1213,423,1152,2007,6.72808340930674,7.01780678314491,6.26328399835119,6.23557919621749,6.660234375,6.7670281464873,105
"108",2012,3,6.56896551724138,29,7.21428571428571,5.96666666666667,5.71428571428571,6.4,6.63333333333333,14,15,7,8,21,3188,1960,1228,430,1160,2028,6.72663597553325,7.01921020408163,6.25966082247557,6.22709302325581,6.65843965517241,6.76564373274162,106
"109",2012,4,6.66666666666667,27,7,6,6.5,6.5,6.68,18,9,2,2,25,3215,1978,1237,432,1162,2053,6.72613234525661,7.0190353892821,6.25777161681487,6.22835648148148,6.6581669535284,6.76460082318558,107
"110",2012,5,6.7875,20,7.16875,6.53333333333333,5.86666666666667,7.375,6.640625,8,12,3,4,16,3235,1986,1249,435,1166,2069,6.72651174343122,7.01963846928499,6.26041912730184,6.22586206896552,6.66062607204117,6.76364209279845,108
"111",2012,6,6.70357142857143,28,7.41538461538462,6.08666666666667,6.08333333333333,6.81666666666667,6.67272727272727,13,15,6,6,22,3263,1999,1264,441,1172,2091,6.72631489120441,7.02221210605302,6.2583571914557,6.22392290249433,6.66142491467577,6.76268555236729,109
"112",2012,7,6.83761904761905,21,7.21666666666667,6.33222222222222,5.5,6.7,6.92230769230769,12,9,2,8,13,3284,2011,1273,443,1180,2104,6.72702664129111,7.02337245151666,6.25887941084053,6.2206546275395,6.66168644067797,6.7636718108365,110
"113",2012,8,6.97833333333333,30,7.27333333333333,6.68333333333333,5.75,7.25555555555556,6.85952380952381,15,15,4,9,21,3314,2026,1288,447,1189,2125,6.7293015962583,7.02522309970385,6.26382258540372,6.21644295302013,6.66618166526493,6.76461905411765,111
"114",2012,9,6.6,20,7.55,5.65,5,5.75,7.45,10,10,3,10,10,3334,2036,1298,450,1199,2135,6.72852594181164,7.02780058939096,6.25909359784283,6.20833333333333,6.65854045037531,6.76782926932084,112
"115",2012,10,6.67,25,7.25,6.13461538461539,6.33333333333333,6.4,6.7375,12,13,6,5,20,3359,2048,1311,456,1204,2155,6.72809035129503,7.0291025390625,6.25785926010679,6.20997807017544,6.65746677740864,6.7675477911833,113
"116",2012,11,6.84545454545455,33,7.01111111111111,6.64666666666667,6.33333333333333,6.75714285714286,6.86923076923077,18,15,3,7,26,3392,2066,1326,459,1211,2181,6.72923216096698,7.02894578896418,6.26225753393665,6.21078431372549,6.65804293971924,6.76875996790463,114
"117",2012,12,6.58620689655172,29,7.29411764705882,5.58333333333333,5,6.45,6.65789473684211,17,12,3,10,19,3421,2083,1338,462,1221,2200,6.72801972814966,7.03110993759001,6.25616852765321,6.20292207792208,6.65633906633907,6.76780249545455,115
"118",2013,1,6.99875,40,7.59565217391304,6.19117647058824,6.83333333333333,7.01666666666667,6.99107142857143,23,17,3,12,28,3461,2106,1355,465,1233,2228,6.73114865356833,7.03727540360874,6.25535312915129,6.20698924731183,6.65984590429846,6.77060838868941,116
"119",2013,2,6.65483870967742,31,7.05,6.23333333333333,5.8,7.20833333333333,6.30526315789474,16,15,5,12,19,3492,2122,1370,470,1245,2247,6.73047121706758,7.03737134778511,6.25511203649635,6.20265957446809,6.66513253012048,6.76667356030263,117
"120",2013,3,6.56521739130435,23,7.03846153846154,5.95,5.75,6.625,6.53333333333333,13,10,2,8,15,3515,2135,1380,472,1253,2262,6.72938989758179,7.03737798594848,6.25290107971014,6.20074152542373,6.66487629688747,6.76512621131742,118
"121",2013,4,6.68620689655172,29,7.3,6.02857142857143,5.77142857142857,6.92857142857143,6.60909090909091,15,14,7,7,22,3544,2150,1394,479,1260,2284,6.72903653781038,7.03921023255814,6.2506481276901,6.19446764091858,6.66634126984127,6.76362324430823,119
"122",2013,5,6.3531875,32,6.78947368421053,5.71553846153846,5.33333333333333,5.77525,6.54583333333333,19,13,3,8,24,3576,2169,1407,482,1268,2308,6.72567323545861,7.03702259105579,6.24570397299218,6.18910788381743,6.66071924290221,6.76135853119584,120
"123",2013,6,7.07894736842105,19,6.75,7.44444444444444,8,7.25,7.03333333333333,10,9,3,4,15,3595,2179,1416,485,1272,2323,6.7275403310153,7.03570536943552,6.25332308615819,6.20030927835052,6.66257232704402,6.76311471803702,121
"124",2013,7,6.45454545454545,22,6.96428571428571,5.5625,7,6.11111111111111,6.69230769230769,14,8,1,9,13,3617,2193,1424,486,1281,2336,6.72587987005806,7.03524943000456,6.24944205758427,6.20195473251029,6.65869789227166,6.76272067208904,122
"125",2013,8,6.53103448275862,29,7.18571428571429,5.92,6,6.3125,6.61428571428571,14,15,5,8,21,3646,2207,1439,491,1289,2357,6.72433008502468,7.03620389669234,6.2460079847116,6.19989816700611,6.65654926299457,6.76139817140433,123
"126",2013,9,6.275,20,6.40909090909091,6.11111111111111,6,4.78571428571429,7.07692307692308,11,9,3,7,13,3666,2218,1448,494,1296,2370,6.72187874795417,7.03309377817854,6.24516953729282,6.19868421052632,6.64644444444444,6.76312889873418,124
"127",2013,10,6.762,25,7.79166666666667,5.81153846153846,5.75,6.03571428571429,7.04444444444444,12,13,4,7,18,3691,2230,1461,498,1303,2388,6.72215049850989,7.03717578475336,6.24131108145106,6.19508032128514,6.64316346891788,6.76524936767169,125
"128",2013,11,6.76875,40,7.16,6.11666666666667,6.33333333333333,6.79166666666667,6.75892857142857,25,15,3,12,28,3731,2255,1476,501,1315,2416,6.72265009112838,7.03853747228381,6.2400443699187,6.19590818363273,6.64451863117871,6.76517611341059,126
"129",2013,12,6.70333333333333,33,7.12066666666667,6.35555555555556,6.25,7.03875,6.596,15,18,8,8,25,3764,2270,1494,509,1323,2441,6.72248073591923,7.03908017621145,6.24143607095047,6.1967583497053,6.64690249433106,6.76344346169603,127
"130",2014,1,6.82575757575758,33,7.50666666666667,6.25833333333333,6.40555555555556,6.51363636363636,6.98181818181818,15,18,9,11,22,3797,2285,1512,518,1334,2463,6.72337832235976,7.04214967177243,6.24163722883598,6.2003861003861,6.6458035982009,6.76539402760861,128
"131",2014,2,6.5625,32,6.94736842105263,6,7,6.08333333333333,6.85,19,13,1,12,20,3829,2304,1525,519,1346,2483,6.7220338182293,7.04136805555556,6.2395773704918,6.2019267822736,6.64078900445765,6.76607550946436,129
"132",2014,3,6.736,25,7.16666666666667,6.49375,5.875,6.875,6.70952380952381,9,16,4,4,21,3854,2313,1541,523,1350,2504,6.72212441359626,7.04185559878945,6.24221641142115,6.19942638623327,6.64148296296296,6.76560123402556,130
"133",2014,4,6.45952380952381,21,7.0625,6.08846153846154,5.5,6,6.74230769230769,8,13,3,8,13,3875,2321,1554,526,1358,2517,6.72070128774194,7.04192675570875,6.24093017374517,6.19543726235741,6.63770397643593,6.7654809257052,131
"134",2014,5,6.46818181818182,22,7.04545454545455,5.89090909090909,5.16666666666667,5.96666666666667,6.65625,11,11,3,6,16,3897,2332,1565,529,1364,2533,6.71927572235053,7.04194339622641,6.23846996166134,6.18960302457467,6.63475219941349,6.76479095538887,132
"135",2014,6,6.79166666666667,12,6.58333333333333,7,NA,7,6.77272727272727,6,6,0,1,11,3909,2338,1571,529,1365,2544,6.71949795088258,7.04076646706587,6.24137841502228,6.18960302457467,6.63501978021978,6.76482527122641,133
"136",2014,7,7.0675,20,7.64444444444444,6.59545454545455,7.16666666666667,7.97142857142857,6.58076923076923,9,11,3,7,13,3929,2347,1582,532,1372,2557,6.72126940442861,7.04308138048573,6.24384038558786,6.19511278195489,6.64183819241982,6.76388951505671,134
"137",2014,8,6.65217391304348,23,7.4,6.07692307692308,5.5,7.57142857142857,6.25,10,13,3,7,16,3952,2357,1595,535,1379,2573,6.7208672798583,7.044595672465,6.24247993103448,6.19121495327103,6.64655692530819,6.76069393315196,135
"138",2014,9,6.21428571428571,21,6.79166666666667,5.44444444444444,5,6.14285714285714,6.25,12,9,2,7,14,3973,2369,1604,537,1386,2587,6.71818965265542,7.04331447868299,6.23800217581047,6.18677839851024,6.64401298701299,6.75793022419791,136
"139",2014,10,7.00606060606061,33,7.15882352941177,6.84375,7.16666666666667,7.33333333333333,6.93333333333333,17,16,3,6,27,4006,2386,1620,540,1392,2614,6.72056103095357,7.04413746856664,6.24398487037037,6.19222222222222,6.6469841954023,6.75974196250956,137
"140",2014,11,6.61785714285714,28,7.06666666666667,6.28125,6.125,6.46,6.65217391304348,12,16,4,5,23,4034,2398,1636,544,1397,2637,6.71984816311353,7.04425020850709,6.24434932151589,6.19172794117647,6.64631496062992,6.75880375047402,138
"141",2014,12,6.75,30,6.9375,6.53571428571429,7,6.83333333333333,6.72916666666667,16,14,2,6,24,4064,2414,1650,546,1403,2661,6.72007074064961,7.04354266777133,6.24682150909091,6.19468864468864,6.64711475409836,6.75853644870349,139
"142",2015,1,7.25,26,7.60714285714286,6.83333333333333,6.68,7,7.34210526315789,14,12,5,7,19,4090,2428,1662,551,1410,2680,6.72343948410758,7.04679242174629,6.25105625150421,6.19909255898367,6.64886666666666,6.76267369029851,140
"143",2015,2,6.93838709677419,31,7.14058823529412,6.69285714285714,7.08333333333333,6.7125,7.01695652173913,17,14,6,8,23,4121,2445,1676,557,1418,2703,6.72505641591847,7.04744458077709,6.2547467124105,6.20861759425494,6.64922566995769,6.76483739918609,141
"144",2015,3,6.33333333333333,27,6.77777777777778,5.44444444444444,5,6.63333333333333,6.24761904761905,18,9,3,6,21,4148,2463,1685,560,1424,2724,6.72250662729026,7.04547381242387,6.2504186884273,6.20214285714286,6.64915870786517,6.76085003303965,142
"145",2015,4,6.81304347826087,23,7.3875,5.5,6,7,6.785,16,7,2,3,20,4171,2479,1692,562,1427,2744,6.72300587149365,7.04768132311416,6.24731411938534,6.20142348754448,6.6498962859145,6.761026053207,143
"146",2015,5,6.725,16,7.17777777777778,6.14285714285714,6,6.64285714285714,6.78888888888889,9,7,1,7,9,4187,2488,1699,563,1434,2753,6.72301349176021,7.04815192926045,6.24688374926427,6.20106571936057,6.64986192468619,6.7611171413004,144
"147",2015,6,6.31181818181818,11,6.5,6.24125,6,6.186,6.41666666666667,3,8,2,5,6,4198,2491,1707,565,1439,2759,6.7219360385898,7.04749177037334,6.24685734622144,6.20035398230089,6.64825017373176,6.76036806451613,145
"148",2015,7,6.76521739130435,23,7.4,6.18333333333333,5.84,6.52857142857143,6.86875,11,12,5,7,16,4221,2502,1719,570,1446,2775,6.72217187633262,7.0490415667466,6.24641389761489,6.19719298245614,6.64767081604426,6.76099296936937,146
"149",2015,8,6.71666666666667,24,7.1,6.44285714285714,6.71428571428571,6.06,6.88947368421053,10,14,7,5,19,4245,2512,1733,577,1451,2794,6.72214075147232,7.04924442675159,6.24800085978073,6.20346620450607,6.64564576154376,6.7618666750179,147
"150",2015,9,6.59761904761905,21,7.00909090909091,6.145,6.25,7.29,6.38125,11,10,3,5,16,4266,2523,1743,580,1456,2810,6.72152777543366,7.04906936187079,6.24740991967871,6.20370689655172,6.64785851648351,6.75969946263345,148
"151",2015,10,6.93181818181818,22,7.22727272727273,6.63636363636364,6.5,6.42857142857143,7.16666666666667,11,11,2,7,15,4288,2534,1754,582,1463,2825,6.72260669076492,7.04984293606945,6.24984919612315,6.20472508591065,6.64680929596719,6.76186035044248,149
"152",2015,11,6.63214285714286,28,7.125,6.435,7,7.375,6.50833333333333,8,20,3,4,24,4316,2542,1774,585,1467,2849,6.72201980769231,7.0500794649882,6.251936578354,6.20880341880342,6.64879481935924,6.75972463671464,150
"153",2015,12,6.36875,32,6.89473684210526,5.6,4.66666666666667,6.36,6.37037037037037,19,13,3,5,27,4348,2561,1787,588,1472,2876,6.71941984590616,7.04892698164779,6.24719389479575,6.20093537414966,6.64781385869565,6.75606936369958,151
"154",2016,1,6.41551724137931,29,6.76875,5.98076923076923,6.5,6.32857142857143,6.44318181818182,16,13,4,7,22,4377,2577,1800,592,1479,2898,6.71740632625086,7.04718742724098,6.24526971666667,6.20295608108108,6.64630290736984,6.75369409592823,152
"155",2016,2,6.38095238095238,21,6.63636363636364,6.1,6.6,5.4,6.6875,11,10,5,5,16,4398,2588,1810,597,1484,2914,6.71579979308777,7.04544126738794,6.24446712154696,6.20628140703518,6.6421037735849,6.75333064172958,153
"156",2016,3,7.07692307692308,26,7.08888888888889,7.05,6.75,6.64285714285714,7.23684210526316,18,8,2,7,19,4424,2606,1818,599,1491,2933,6.71792212703436,7.04574136607828,6.24801182068207,6.20809682804675,6.64210731052984,6.75646283327651,154
"157",2016,4,6.46086956521739,23,6.83333333333333,6.22142857142857,5.1,5.9,6.61666666666667,9,14,5,5,18,4447,2615,1832,604,1496,2951,6.71659264447942,7.0450103250478,6.24780867358078,6.1989238410596,6.63962700534759,6.75561012876991,155
"158",2016,5,6.87368421052632,19,7.32727272727273,6.25,6,6.71,7.05555555555556,11,8,1,10,9,4466,2626,1840,605,1506,2960,6.71726096954769,7.04619268849962,6.24781820108695,6.19859504132231,6.64009428950863,6.756522125,156
"159",2016,6,7.11875,24,7.059375,7.2375,7,7.07857142857143,7.13529411764706,16,8,1,7,17,4490,2642,1848,606,1513,2977,6.71940701336303,7.04627252081756,6.25210253787879,6.19991749174917,6.64212293456708,6.75868508229761,157
"160",2016,7,6.64705882352941,17,7.2,5.85714285714286,NA,6.33333333333333,6.71428571428571,10,7,0,3,14,4507,2652,1855,606,1516,2991,6.71913412247615,7.04685218702866,6.25061212398922,6.19991749174917,6.64151187335092,6.75847726178536,158
"161",2016,8,6.42307692307692,13,6.33333333333333,6.45,5.5,6.125,6.55555555555556,3,10,3,4,9,4520,2655,1865,609,1520,3000,6.71828263053097,7.04604595103578,6.25168122788204,6.19646962233169,6.64015263157894,6.75786849666667,159
"162",2016,9,6.30714285714286,14,6.825,6.1,6,7,6.19166666666667,4,10,6,2,12,4534,2659,1875,615,1522,3012,6.71701312086458,7.04571342610003,6.25087226133333,6.19455284552846,6.64062549277266,6.7556127124834,160
"163",2016,10,6.37777777777778,18,7,5.6,7,6.5,6.31666666666667,10,8,2,6,12,4552,2669,1883,617,1528,3024,6.71567168057996,7.04554215061821,6.24810700477961,6.19716369529984,6.64007329842932,6.75387086309524,161
"164",2016,11,6.98076923076923,26,6.84615384615385,7.11538461538461,7,6.7,7.04761904761905,13,13,3,5,21,4578,2682,1896,620,1533,3045,6.71717725862822,7.04457568978374,6.25405352848101,6.20104838709677,6.64026875407697,6.75589671264368,162
"165",2016,12,6.46818181818182,22,6.66666666666667,6.33076923076923,5.3,6.4,6.48823529411765,9,13,5,5,17,4600,2691,1909,625,1538,3062,6.71598641086956,7.04331178000743,6.25457595075956,6.19384,6.63948764629388,6.75441067602874,163
"166",2017,1,6.975,20,7.20833333333333,6.625,6.25,7,6.96666666666667,12,8,2,5,15,4620,2703,1917,627,1543,3077,6.71710768181818,7.04404439511653,6.25612179968701,6.19401913875598,6.64065586519766,6.75544539811505,164
"167",2017,2,6.15789473684211,19,6.25,6.13333333333333,5.91666666666667,5.875,6.23333333333333,4,15,6,4,15,4639,2707,1932,633,1547,3092,6.7148173076094,7.04287107499076,6.25516847308488,6.19139020537125,6.63867614738203,6.75291251293661,165
"168",2017,3,6.73064516129032,31,7.17857142857143,6.36176470588235,5.98333333333333,6.64285714285714,6.75625,14,17,6,7,24,4670,2721,1949,639,1554,3116,6.71492237473233,7.04356927600147,6.25609825038481,6.18943661971831,6.63869498069498,6.75293821887035,166
"169",2017,4,6.56842105263158,19,7.775,5.69090909090909,4.5,7.25,6.38666666666667,8,11,2,4,15,4689,2729,1960,641,1558,3131,6.71432874600128,7.0457134481495,6.25292627040816,6.18416536661466,6.64026444159178,6.75118348450974,167
"170",2017,5,6.5,11,7.5,5.66666666666667,4.66666666666667,4.25,7,5,6,3,2,9,4700,2734,1966,644,1560,3140,6.71382712553191,7.04654425749817,6.25113707527975,6.17709627329193,6.6372,6.75189665286624,168
"171",2017,6,6.56923076923077,13,6.6,6.55555555555556,6.66666666666667,6.75,6.48888888888889,4,9,3,4,9,4713,2738,1975,647,1564,3149,6.71342828134946,7.04589189189189,6.25252429873418,6.17936630602782,6.63748849104859,6.75114496348047,169
"172",2017,7,6.29647058823529,17,6.65714285714286,6.044,6,5.5,6.40266666666667,7,10,3,2,15,4730,2745,1985,650,1566,3164,6.71192970190275,7.04490054644809,6.25147379848866,6.17853846153846,6.63603575989783,6.74949288558786,170
"173",2017,8,6.256,25,6.5,6.03076923076923,5.83333333333333,5.7,6.395,12,13,3,5,20,4755,2757,1998,653,1571,3184,6.70953259516298,7.04252883569097,6.25003778278278,6.17695252679939,6.63305665181413,6.74726617148241,171
"174",2017,9,6.82608695652174,23,7.125,6.5,5.75,6.875,6.8,12,11,4,8,15,4778,2769,2009,657,1579,3199,6.71009365634156,7.04288624052004,6.25140641612742,6.17435312024353,6.63428245725142,6.74751343857455,172
"175",2017,10,6.51272727272727,22,7,6.28533333333333,6.75,6.5,6.5175,7,15,4,6,16,4800,2776,2024,661,1585,3215,6.70918906041666,7.04277809798271,6.25165785079051,6.17783661119516,6.63377413249211,6.74636873716952,173
"176",2017,11,6.6047619047619,21,7.08181818181818,6.08,6.36,7.25,6.45294117647059,11,10,5,4,17,4821,2787,2034,666,1589,3232,6.70873418170504,7.04293218514532,6.25081390855457,6.17920420420421,6.6353253618628,6.74482533725248,174
"177",2017,12,6.14347826086957,23,7.0625,5.65333333333333,7,5.66666666666667,6.215,8,15,2,3,20,4844,2795,2049,668,1592,3252,6.70605026630883,7.04298819320215,6.24643996583699,6.18166167664671,6.6335,6.74156687884379,175
"178",2018,1,6.2375,24,6.62,5.96428571428571,6.43333333333333,6.76,6.1,10,14,3,5,19,4868,2805,2063,671,1597,3271,6.70374024034511,7.04148021390374,6.24452520116335,6.1827868852459,6.63389605510332,6.73784025985937,176
"179",2018,2,6.52117647058824,17,7,6.09555555555556,5.33333333333333,6.5,6.52769230769231,8,9,3,4,13,4885,2813,2072,674,1601,3284,6.70310491095189,7.04136224671169,6.24387813223938,6.1790059347181,6.63356152404747,6.73700837088916,177
"180",2018,3,6.59411764705882,17,7.66666666666667,6.00909090909091,6,6.71428571428571,6.51,6,11,1,7,10,4902,2819,2083,675,1608,3294,6.70272694614443,7.04269315360057,6.24263825732117,6.17874074074074,6.63391293532338,6.73631921372192,178
"181",2018,4,6.15454545454545,11,7.25,5.52857142857143,5.175,7.5,5.85555555555556,4,7,4,2,9,4913,2823,2090,679,1610,3303,6.70149959088133,7.04298689337584,6.24024664593301,6.17282768777614,6.63498881987577,6.73391931274599,179
"182",2018,5,6.2375,16,6.54285714285714,6,6.4,7.12,5.83636363636364,7,9,2,5,11,4929,2830,2099,681,1615,3314,6.69999340434165,7.04174982332155,6.23921652691758,6.17349486049927,6.63649040247678,6.73094009957755,180
"183",2018,6,6.71428571428571,7,7.33333333333333,6.25,7,NA,6.71428571428571,3,4,1,0,7,4936,2833,2103,682,1615,3321,6.70001367301459,7.04205859512884,6.23923703756538,6.17470674486804,6.63649040247678,6.73090499548329,181
"184",2018,7,6.69230769230769,13,6.92857142857143,6.41666666666667,6,6,6.81818181818182,7,6,1,2,11,4949,2840,2109,683,1617,3332,6.69999343099616,7.04177887323943,6.23974181602655,6.17445095168375,6.63570315398887,6.7311931242497,182
"185",2018,8,6.175,16,6.14285714285714,6.2,NA,4.5,6.41428571428571,7,9,0,2,14,4965,2847,2118,683,1619,3346,6.69830160926485,7.03956866877415,6.2395729414542,6.17445095168375,6.63306485484867,6.72986715182307,183
"186",2018,9,6.10714285714286,14,6.5,5.4,5.5,6.1,6.11111111111111,9,5,2,5,9,4979,2856,2123,685,1624,3355,6.69663938341032,7.03786834733893,6.23759561469618,6.17248175182482,6.63142364532019,6.72820729955291,184
"187",2018,10,6.78666666666667,15,7.25454545454545,5.5,6,6,6.84285714285714,11,4,1,1,14,4994,2867,2127,686,1625,3369,6.6969097897477,7.03869968608301,6.23620850493653,6.17223032069971,6.63103507692307,6.72868373107747,185
"188",2018,11,6.75454545454545,11,6.76666666666667,6.75,6,5.5,7.03333333333333,3,8,4,2,9,5005,2870,2135,690,1627,3378,6.69703646153846,7.03841533101045,6.23813371896955,6.17123188405797,6.62964474492931,6.72949540852575,186
"189",2018,12,6.37619047619048,21,6.42307692307692,6.3,6.5,6.8,6.24375,13,8,2,5,16,5026,2883,2143,692,1632,3394,6.69569587942698,7.03564065209851,6.23836467102193,6.17218208092486,6.63016666666666,6.72720550677666,187
"190",2019,1,6.73428571428571,14,7.34125,5.925,5.91666666666667,6,6.79076923076923,8,6,3,1,13,5040,2891,2149,695,1633,3407,6.6958030734127,7.03648633690764,6.23748975802699,6.17107913669065,6.62978077158604,6.72744804520106,188
"191",2019,2,6.4,12,6.25,6.475,5,9,6.16363636363636,4,8,1,1,11,5052,2895,2157,696,1634,3418,6.69510045328583,7.03539965457685,6.2383706490496,6.16939655172414,6.63123133414932,6.72563355471036,189
"192",2019,3,6.7,20,7.22222222222222,6.27272727272727,6,6.07142857142857,7.03846153846154,9,11,3,7,13,5072,2904,2168,699,1641,3431,6.69511977326499,7.03597865013774,6.23854496771218,6.168669527897,6.62884338817794,6.72681885456135,190
"193",2019,4,7.1,20,7.3,6.9,6.5,8,7.05263157894737,10,10,2,1,19,5092,2914,2178,701,1642,3450,6.69671003338571,7.0368846945779,6.24158195133149,6.16961483594865,6.6296784409257,6.72861318550725,191
"194",2019,5,6.86190476190476,21,7.62222222222222,6.29166666666667,6.16666666666667,6.125,7.03529411764706,9,12,3,4,17,5113,2923,2190,704,1646,3467,6.6973885175044,7.03868696544646,6.24185638812785,6.16960227272727,6.62845200486026,6.73011695702336,192
"195",2019,6,6.60526315789474,19,7.28571428571429,6.20833333333333,7,5.66666666666667,6.78125,7,12,2,3,16,5132,2930,2202,706,1649,3483,6.69704744544038,7.0392771331058,6.24167370118074,6.17195467422096,6.62670224378411,6.73035184898076,193
"196",2019,7,6.8875,20,7.68181818181818,5.91666666666667,6.33333333333333,6,7.109375,11,9,3,4,16,5152,2941,2211,709,1653,3499,6.69778677989131,7.04168038082285,6.24035074174582,6.17263751763047,6.62518572292801,6.73208502143469,194
"197",2019,8,7.19090909090909,22,7.13333333333333,7.26,6.94,7.25,7.185,12,10,5,2,20,5174,2953,2221,714,1655,3519,6.69988355044453,7.04205282763291,6.24494168842863,6.17801120448179,6.62594078549849,6.7346591332765,195
"198",2019,9,6.84375,16,6.66666666666667,7.07142857142857,7,7,6.77272727272727,9,7,1,5,11,5190,2962,2228,715,1660,3530,6.70032706936416,7.04091222147197,6.24753837073608,6.17916083916084,6.62706746987952,6.7347777592068,196
"199",2019,10,6.40769230769231,13,7.11666666666667,5.8,5.86666666666667,6.06666666666667,6.51,6,7,3,3,10,5203,2968,2235,718,1663,3540,6.69959590428599,7.0410653638814,6.24613668456376,6.17785515320334,6.62605652435358,6.73414279378531,197
"200",2019,11,6.74,25,7.16666666666667,6.1,6.5,6,6.80434782608696,15,10,2,2,23,5228,2983,2245,720,1665,3563,6.69978911438409,7.04169694937982,6.24548574164811,6.17875,6.6253045045045,6.73459598372158,198
"201",2019,12,6.26153846153846,13,6.9,5.71428571428571,5.5,7.4,6.16666666666667,6,7,2,1,12,5241,2989,2252,722,1666,3575,6.69870205876741,7.041412512546,6.24383458703375,6.17686980609418,6.62576950780312,6.73268964755245,199
"202",2020,1,6.55833333333333,24,6.9,5.98888888888889,5.5,6.88571428571429,6.42352941176471,15,9,5,7,17,5265,3004,2261,727,1673,3592,6.69806220132954,7.04070639147803,6.24281976559045,6.17221458046768,6.62685714285714,6.73122647271715,200
"203",2020,2,6.475,24,6.82,5.9,6.16666666666667,5.76666666666667,6.71111111111111,15,9,3,6,18,5289,3019,2270,730,1679,3610,6.69705000756287,7.03960980457105,6.24146056828194,6.17219178082192,6.62378320428826,6.73112617451523,201
"204",2020,3,6.76304347826087,23,7.21785714285714,6.05555555555556,5.75,6.16666666666667,6.97352941176471,14,9,2,6,17,5312,3033,2279,732,1685,3627,6.69733574736446,7.04043257500824,6.24072641070645,6.17103825136612,6.62215548961424,6.7322623352633,202
"205",2020,4,6.33064516129032,31,7.10714285714286,5.69117647058824,5.67857142857143,5.67857142857143,6.52083333333333,14,17,7,7,24,5343,3047,2296,739,1692,3651,6.69520821448625,7.04073908762717,6.23665744337979,6.16637347767253,6.61825177304964,6.73087249794577,203
"206",2020,5,6.74705882352941,17,6.82,6.64285714285714,7,7,6.73125,10,7,2,1,16,5360,3057,2303,741,1693,3667,6.69537266604478,7.04001701014066,6.23789209292227,6.16862348178138,6.61847725930301,6.73087414507772,204
"207",2020,6,6.62045454545455,22,7.04333333333333,5.71428571428571,NA,6.80714285714286,6.53333333333333,15,7,0,7,15,5382,3072,2310,741,1700,3682,6.69506642326273,7.040033203125,6.2363054069264,6.16862348178138,6.61925411764706,6.73006938891906,205
"208",2020,7,6.81490176470588,17,6.9027775,6.604,6.84,6.35,6.87688866666667,12,5,3,2,15,5399,3084,2315,744,1702,3697,6.69544375254677,7.03949913424124,6.2370995637149,6.17133064516129,6.61893772032902,6.73066508520422,206
"209",2020,8,6.15217391304348,23,7.35714285714286,5.625,5.33333333333333,5.4,6.36111111111111,7,16,3,5,18,5422,3091,2331,747,1707,3715,6.69313921431206,7.04021848269168,6.23289810810811,6.16796519410977,6.61536731107205,6.7288745141319,207
"210",2020,9,6.47083333333333,24,7.33,5.85714285714286,4.5,NA,6.47083333333333,10,14,1,0,24,5446,3101,2345,748,1707,3739,6.69215953360265,7.04115296033537,6.23065479317697,6.16573529411765,6.61536731107205,6.72721819202995,208
"211",2020,10,6.76923076923077,26,7.44615384615385,6.09230769230769,5.4,6.5,6.81818181818182,13,13,5,4,22,5472,3114,2358,753,1711,3761,6.69252573464913,7.04284371547848,6.22989206530958,6.16065073041169,6.6150976037405,6.7277502844988,209
"212",2020,11,6.6,30,7.09375,6.03571428571429,9,6.4,6.64,16,14,1,5,25,5502,3130,2372,754,1716,3786,6.69202123227917,7.04310393929712,6.22874599072512,6.16441644562334,6.61447086247086,6.72717084521923,210
"213",2020,12,7.05357142857143,28,7.57142857142857,6.53571428571429,6.33333333333333,7.7,6.91304347826087,14,14,3,5,23,5530,3144,2386,757,1721,3809,6.69385186618445,7.04545652989822,6.23054714585079,6.1650858652576,6.61762463683905,6.72829320556576,211
"214",2021,1,6.53333333333333,30,7.26315789473684,5.27272727272727,7,7,6.51724137931035,19,11,1,1,29,5560,3163,2397,758,1722,3838,6.69298575899281,7.04676425229213,6.22615164372132,6.16618733509235,6.61784668989547,6.72669849400729,212
"215",2021,2,6.38347826086957,23,6.5,6.3325,5.964,5.875,6.49052631578947,7,16,5,4,19,5583,3170,2413,763,1726,3857,6.69171069675802,7.04555688643533,6.22685681309573,6.1648623853211,6.61612514484357,6.72553508426238,213
"216",2021,3,7.05,22,7.325,6.82083333333333,7,7.25,7.01842105263158,10,12,1,3,19,5605,3180,2425,764,1729,3876,6.69311700624443,7.04643563836478,6.22979607835051,6.1659554973822,6.61722498554077,6.7269707997936,214
"217",2021,4,6.45454545454545,11,7.2,5.83333333333333,5,5,6.77777777777778,5,6,1,2,9,5616,3185,2431,765,1731,3885,6.69264971866097,7.04667671271585,6.22881756067462,6.16443137254902,6.61535644136337,6.7270884993565,215
"218",2021,5,6.50526315789474,19,7.01428571428571,6.20833333333333,NA,6.33333333333333,6.5375,7,12,0,3,16,5635,3192,2443,765,1734,3901,6.69201789174801,7.04660567982456,6.22871694228407,6.16443137254902,6.61486851211072,6.72631089976929,216
"219",2021,6,6.11666666666667,18,6.37333333333333,4.83333333333333,NA,5.75,6.1625,15,3,0,2,16,5653,3207,2446,765,1736,3917,6.69018588713957,7.04345660430308,6.22700551512674,6.16443137254902,6.61387211981567,6.72400786826653,217
"220",2021,7,6.67985714285714,14,7.25225,5.91666666666667,5,7,6.6265,8,6,1,2,12,5667,3215,2452,766,1738,3929,6.69016037056644,7.04397615241057,6.22624612153344,6.16291122715405,6.6143164556962,6.72371005853907,218
"221",2021,8,6.464,15,7.192,6.1,6,6,6.58,5,10,1,3,12,5682,3220,2462,767,1741,3941,6.68956332629356,7.04420600310559,6.22573334281072,6.16269882659713,6.61325789775991,6.72327247399137,219
"222",2021,9,5.83333333333333,15,6,5.5,5,4.375,6.36363636363636,10,5,2,4,11,5697,3230,2467,769,1745,3952,6.68730890293137,7.04097316718266,6.22426246047831,6.15967490247074,6.60812722063037,6.72227146255061,220
"223",2021,10,6.5,11,7.28571428571429,5.125,7.5,8,5.9375,7,4,1,3,8,5708,3237,2471,770,1748,3960,6.68694793622985,7.04150241890639,6.22248299878591,6.16141558441559,6.61051601830663,6.72068606565656,221
"224",2021,11,6.87916666666667,12,7.055,6,6,6.8,6.91875,10,2,1,4,8,5720,3247,2473,771,1752,3968,6.68735119230769,7.04154398829689,6.22230306914678,6.16120622568094,6.61094863013698,6.72108538810484,222
"225",2021,12,6.54,18,7.0275,6.15,6,NA,6.54,8,10,1,0,18,5738,3255,2483,772,1752,3986,6.68688895433949,7.04150947158218,6.22201187676198,6.16099740932643,6.61094863013698,6.72026764174611,223
"226",2022,1,6.66142857142857,35,6.78809523809524,6.47142857142857,6,10,6.56323529411765,21,14,1,1,34,5773,3276,2497,773,1753,4020,6.68673459553092,7.03988502136752,6.22341028834601,6.16078913324709,6.6128819167142,6.71893950746268,224
"227",2022,2,6.42,15,6.71666666666667,6.22222222222222,NA,6.66666666666667,6.35833333333333,6,9,0,3,12,5788,3282,2506,773,1756,4032,6.68604333448514,7.03929412858013,6.22340602154828,6.16078913324709,6.61297380410023,6.71786627480158,225
"228",2022,3,6.37444444444444,9,6.6,6.0925,NA,6.5925,6.2,5,4,0,4,5,5797,3287,2510,773,1760,4037,6.68555956874246,7.03862589899604,6.2231974063745,6.16078913324709,6.61292727272727,6.71722487490711,226
"229",2022,4,6.61538461538461,13,6.5,6.8,6.5,6.625,6.61111111111111,8,5,2,4,9,5810,3295,2515,775,1764,4046,6.68540255077453,7.03731815781487,6.22434413121272,6.16166451612903,6.61295464852608,6.71698883341572,227
"230",2022,5,6.05,20,6.27272727272727,5.77777777777778,2.5,5.125,6.28125,11,9,2,4,16,5830,3306,2524,777,1768,4062,6.68322278216124,7.03477414700544,6.22275177892234,6.15223938223938,6.60958823529412,6.71527248153619,228
"231",2022,6,6.77777777777778,18,7.14444444444444,6.41111111111111,6,6.425,6.87857142857143,9,9,2,4,14,5848,3315,2533,779,1772,4076,6.68351382010944,7.0350718944193,6.22342103829451,6.1518485237484,6.60917155756208,6.71583337095191,229
"232",2022,7,6.77740722222222,18,6.96380928571429,6.125,NA,NA,6.77740722222222,14,4,0,0,18,5866,3329,2537,779,1772,4094,6.68380193487897,7.03477220186242,6.22326586125345,6.1518485237484,6.60917155756208,6.7161040913532,230
"233",2022,8,6.14,15,6.62857142857143,5.7125,5,6.5,6.08461538461538,7,8,1,2,13,5881,3336,2545,780,1774,4107,6.68241492093182,7.03391986211031,6.22166031041257,6.1503717948718,6.60904847801578,6.71410522279036,231
"234",2022,9,6.71176470588235,17,6.99090909090909,6.2,NA,6.25,6.85384615384615,11,6,0,4,13,5898,3347,2551,780,1778,4120,6.68249951678535,7.03377850612488,6.22160936495492,6.1503717948718,6.60824071991001,6.71454615291262,232
"235",2022,10,5.93846153846154,13,7.24,5.125,5,5.34,6.3125,5,8,2,5,8,5911,3352,2559,782,1783,4128,6.68086316190154,7.03408611575179,6.21818112153185,6.14742966751918,6.60468424004487,6.71376699370155,233
"236",2022,11,7.23666666666667,15,7.3,7.19444444444444,6,7.8,7.19642857142857,6,9,1,1,14,5926,3358,2568,783,1784,4142,6.68227002193723,7.03456124478856,6.22160260514018,6.14724137931035,6.60535426008969,6.71539839449541,234
"237",2022,12,6.76470588235294,17,6.91666666666667,6.4,5,4.75,7.03333333333333,12,5,2,2,15,5943,3370,2573,785,1786,4157,6.68250583038869,7.0341414421365,6.22194927710843,6.14431847133758,6.60327659574468,6.71654562184267,235
