"","year","month","avg_rating","no_ratings","avg_rating_owned","avg_rating_not_owned","avg_rating_prev_owned","avg_rating_comment","avg_rating_no_comment","no_ratings_owned","no_ratings_not_owned","no_ratings_prev_owned","no_ratings_comment","no_ratings_no_comment","cum_no_ratings","cum_no_ratings_owned","cum_no_ratings_not_owned","cum_no_ratings_prev_owned","cum_no_ratings_comment","cum_no_ratings_no_comment","cum_avg_rating","cum_avg_rating_owned","cum_avg_rating_not_owned","cum_avg_rating_prev_owned","cum_avg_rating_comment","cum_avg_rating_no_comment","month_after_release"
"1",2003,5,9,1,9,NA,NA,NA,9,1,0,0,0,1,1,1,0,0,0,1,9,9,NA,NA,NA,9,-1
"2",2003,6,8.5,7,8.9,7.5,NA,8.75,8.16666666666667,5,2,0,4,3,8,6,2,0,4,4,8.5625,8.91666666666667,7.5,NA,8.75,8.375,0
"3",2003,7,7.64285714285714,14,8.33333333333333,7.45454545454545,NA,7.71428571428571,7.57142857142857,3,11,0,7,7,22,9,13,0,11,11,7.97727272727273,8.72222222222222,7.46153846153846,NA,8.09090909090909,7.86363636363636,1
"4",2003,8,7.625,12,8.16666666666667,7.44444444444444,7.66666666666667,7.75,7.5625,3,9,3,4,8,34,12,22,3,15,19,7.85294117647059,8.58333333333333,7.45454545454545,7.66666666666667,8,7.73684210526316,2
"5",2003,9,7.53846153846154,13,8.18181818181818,4,NA,8.16666666666667,7,11,2,0,6,7,47,23,24,3,21,26,7.76595744680851,8.39130434782609,7.16666666666667,7.66666666666667,8.04761904761905,7.53846153846154,3
"6",2003,10,7.66666666666667,9,7.7,7.625,NA,7.66666666666667,7.66666666666667,5,4,0,6,3,56,28,28,3,27,29,7.75,8.26785714285714,7.23214285714286,7.66666666666667,7.96296296296296,7.55172413793103,4
"7",2003,11,8,5,8,8,NA,8,8,4,1,0,4,1,61,32,29,3,31,30,7.77049180327869,8.234375,7.25862068965517,7.66666666666667,7.96774193548387,7.56666666666667,5
"8",2003,12,7.1875,8,7.25,7,7,6,7.58333333333333,6,2,1,2,6,69,38,31,4,33,36,7.70289855072464,8.07894736842105,7.24193548387097,7.5,7.84848484848485,7.56944444444444,6
"9",2004,1,7.85,10,7.7,8,8,8.1,7.6,5,5,1,5,5,79,43,36,5,38,41,7.72151898734177,8.03488372093023,7.34722222222222,7.6,7.88157894736842,7.57317073170732,7
"10",2004,2,6.95454545454545,11,7.58333333333333,6.2,NA,6.83333333333333,7.1,6,5,0,6,5,90,49,41,5,44,46,7.62777777777778,7.97959183673469,7.20731707317073,7.6,7.73863636363636,7.52173913043478,8
"11",2004,3,7.56428571428571,14,7.60769230769231,7,NA,6.98333333333333,8,13,1,0,6,8,104,62,42,5,50,54,7.61923076923077,7.90161290322581,7.20238095238095,7.6,7.648,7.59259259259259,9
"12",2004,4,6.95833333333333,12,6.85,7.5,NA,7,6.9375,10,2,0,4,8,116,72,44,5,54,62,7.55086206896552,7.75555555555555,7.21590909090909,7.6,7.6,7.50806451612903,10
"13",2004,5,7.54545454545455,11,7.5,7.66666666666667,8,7.75,7.42857142857143,8,3,1,4,7,127,80,47,6,58,69,7.5503937007874,7.73,7.24468085106383,7.66666666666667,7.61034482758621,7.5,11
"14",2004,6,7,12,7.42857142857143,6.4,NA,6.33333333333333,7.22222222222222,7,5,0,3,9,139,87,52,6,61,78,7.50287769784173,7.70574712643678,7.16346153846154,7.66666666666667,7.54754098360656,7.46794871794872,12
"15",2004,7,7.67307692307692,13,7.75,7.25,NA,7.625,7.69444444444444,11,2,0,4,9,152,98,54,6,65,87,7.51743421052632,7.71071428571428,7.16666666666667,7.66666666666667,7.55230769230769,7.49137931034483,13
"16",2004,8,6.88461538461539,13,7.16666666666667,6.25,NA,6,7.4375,9,4,0,5,8,165,107,58,6,70,95,7.46757575757576,7.66495327102804,7.10344827586207,7.66666666666667,7.44142857142857,7.48684210526316,14
"17",2004,9,7,9,7.125,6,NA,6.25,7.6,8,1,0,4,5,174,115,59,6,74,100,7.4433908045977,7.62739130434782,7.08474576271186,7.66666666666667,7.37702702702703,7.4925,15
"18",2004,10,7.26923076923077,13,7.44444444444444,6.875,7,7.91666666666667,6.71428571428571,9,4,1,6,7,187,124,63,7,80,107,7.43128342245989,7.61411290322581,7.07142857142857,7.57142857142857,7.4175,7.44158878504673,16
"19",2004,11,7.25,16,7.5,7,8,7.75,6.95,8,8,1,6,10,203,132,71,8,86,117,7.41699507389163,7.60719696969697,7.06338028169014,7.625,7.4406976744186,7.39957264957265,17
"20",2004,12,7.34615384615385,13,7.66666666666667,6.625,NA,7.64285714285714,7,9,4,0,7,6,216,141,75,8,93,123,7.41273148148148,7.61099290780142,7.04,7.625,7.45591397849462,7.38008130081301,18
"21",2005,1,7.55882352941176,17,7.8,7.21428571428571,8,7.75,7.38888888888889,10,7,1,8,9,233,151,82,9,101,132,7.42339055793991,7.62350993377483,7.05487804878049,7.66666666666667,7.47920792079208,7.38068181818182,19
"22",2005,2,6.85714285714286,14,7.71428571428571,6,6.66666666666667,7.5,6.5,7,7,3,5,9,247,158,89,12,106,141,7.3912955465587,7.62753164556962,6.97191011235955,7.41666666666667,7.48018867924528,7.32446808510638,20
"23",2005,3,7.54347826086957,23,7.57142857142857,7.5,9,7.325,7.71153846153846,14,9,1,10,13,270,172,98,13,116,154,7.40425925925926,7.62296511627907,7.02040816326531,7.53846153846154,7.46681034482759,7.35714285714286,21
"24",2005,4,7.53846153846154,13,8,7,NA,7.75,7.44444444444444,7,6,0,4,9,283,179,104,13,120,163,7.41042402826855,7.6377094972067,7.01923076923077,7.53846153846154,7.47625,7.36196319018405,22
"25",2005,5,7.58333333333333,18,7.88461538461539,6.8,NA,7.9,7.46153846153846,13,5,0,5,13,301,192,109,13,125,176,7.42076411960133,7.65442708333333,7.00917431192661,7.53846153846154,7.4932,7.36931818181818,23
"26",2005,6,7.63333333333333,15,8.3125,6.85714285714286,NA,7,7.95,8,7,0,5,10,316,200,116,13,130,186,7.43085443037975,7.68075,7,7.53846153846154,7.47423076923077,7.4005376344086,24
"27",2005,7,7.47058823529412,17,7.80769230769231,6.375,NA,7.71428571428571,7.3,13,4,0,7,10,333,213,120,13,137,196,7.43288288288288,7.68849765258216,6.97916666666667,7.53846153846154,7.48649635036496,7.39540816326531,25
"28",2005,8,6.8125,16,7.4,5.83333333333333,8,7.5,6.27777777777778,10,6,1,7,9,349,223,126,14,144,205,7.40444126074499,7.67556053811659,6.92460317460317,7.57142857142857,7.48715277777778,7.34634146341463,26
"29",2005,9,7.27727272727273,22,7.53571428571429,6.825,8.275,7.65,6.96666666666667,14,8,4,10,12,371,237,134,18,154,217,7.39690026954178,7.66729957805907,6.91865671641791,7.72777777777778,7.49772727272727,7.32534562211982,27
"30",2005,10,7.40176470588235,17,8,6.305,3,6.90428571428571,7.75,11,6,1,7,10,388,248,140,19,161,227,7.39711340206186,7.6820564516129,6.89235714285714,7.47894736842105,7.47192546583851,7.34405286343612,28
"31",2005,11,7.2,15,7.4,6.8,7,7,7.27272727272727,10,5,2,4,11,403,258,145,21,165,238,7.38977667493797,7.67112403100775,6.8891724137931,7.43333333333333,7.46048484848485,7.34075630252101,29
"32",2005,12,7.46666666666667,15,7.66666666666667,6.66666666666667,6,7.25,7.54545454545455,12,3,1,4,11,418,270,148,22,169,249,7.39253588516746,7.67092592592592,6.88466216216216,7.36818181818182,7.45550295857988,7.34979919678715,30
"33",2006,1,6.93103448275862,29,7.66666666666667,6.41176470588235,7,6.33333333333333,7.35294117647059,12,17,4,12,17,447,282,165,26,181,266,7.36259507829978,7.67074468085106,6.83593939393939,7.31153846153846,7.38110497237569,7.35,31
"34",2006,2,7.5,18,8.25,6,5.33333333333333,7.5,7.5,12,6,3,8,10,465,294,171,29,189,276,7.36791397849462,7.69438775510204,6.8066081871345,7.10689655172414,7.38613756613757,7.35543478260869,32
"35",2006,3,7.86363636363636,11,8.1875,7,6,7.66666666666667,8.1,8,3,1,6,5,476,302,174,30,195,281,7.37936974789916,7.70745033112583,6.80994252873563,7.07,7.39476923076923,7.36868327402135,33
"36",2006,4,7.5,18,7.81818181818182,7,8,7,7.81818181818182,11,7,1,7,11,494,313,181,31,202,292,7.38376518218623,7.71134185303514,6.81729281767956,7.1,7.38108910891089,7.38561643835616,34
"37",2006,5,7.175,20,7.36363636363636,6.94444444444444,7,7.16666666666667,7.17857142857143,11,9,1,6,14,514,324,190,32,208,306,7.3756420233463,7.69953703703704,6.82331578947368,7.096875,7.37490384615385,7.37614379084967,35
"38",2006,6,7.23333333333333,15,7.44444444444444,6.91666666666667,7,7,7.26923076923077,9,6,1,2,13,529,333,196,33,210,319,7.37160680529301,7.69264264264264,6.82617346938776,7.09393939393939,7.37133333333333,7.3717868338558,36
"39",2006,7,6.78636363636364,22,7.34545454545455,6.22727272727273,5.5,6.75454545454545,6.81818181818182,11,11,1,11,11,551,344,207,34,221,330,7.34823956442831,7.68154069767442,6.79434782608696,7.04705882352941,7.3406334841629,7.35333333333333,37
"40",2006,8,7.47727272727273,22,8.3,6.79166666666667,6.33333333333333,7.04545454545455,7.90909090909091,10,12,3,11,11,573,354,219,37,232,341,7.35319371727749,7.69901129943503,6.79420091324201,6.98918918918919,7.32663793103448,7.37126099706745,38
"41",2006,9,7.41,25,7.75,7.04166666666667,NA,7.48076923076923,7.33333333333333,13,12,0,13,12,598,367,231,37,245,353,7.35556856187291,7.7008174386921,6.80705627705628,6.98918918918919,7.33481632653061,7.3699716713881,39
"42",2006,10,7.46363636363636,22,7.72857142857143,7,8,7.94444444444444,7.13076923076923,14,8,2,9,13,620,381,239,39,254,366,7.35940322580645,7.70183727034121,6.81351464435147,7.04102564102564,7.35641732283465,7.36147540983607,40
"43",2006,11,7.28846153846154,26,7.67647058823529,6.55555555555556,10,7.85,6.9375,17,9,1,10,16,646,398,248,40,264,382,7.3565479876161,7.70075376884422,6.80415322580645,7.115,7.37511363636364,7.34371727748691,41
"44",2006,12,6.66153846153846,26,7.21333333333333,5.90909090909091,5.83333333333333,6.5,6.71,15,11,3,6,20,672,413,259,43,270,402,7.32965773809524,7.68305084745763,6.766138996139,7.02558139534884,7.35566666666667,7.31218905472637,42
"45",2007,1,7.21481481481482,27,7.29411764705882,7.08,7,7.375,7.08666666666667,17,10,2,12,15,699,430,269,45,282,417,7.3252217453505,7.66767441860465,6.77780669144981,7.02444444444444,7.35648936170213,7.30407673860911,43
"46",2007,2,7.745117,20,7.85294117647059,7.13411333333333,7,8,7.660156,17,3,2,5,15,719,447,272,47,287,432,7.33690172461752,7.67472035794183,6.78173654411765,7.02340425531915,7.36770034843205,7.31644060185185,44
"47",2007,3,7.21153846153846,26,7.35714285714286,7.04166666666667,7.33333333333333,7.83333333333333,7.025,14,12,3,6,20,745,461,284,50,293,452,7.33252663087248,7.66507592190889,6.79271950704225,7.042,7.37723549488055,7.303545,45
"48",2007,4,6.67894736842105,19,7.1,6.21111111111111,4.5,6.21428571428571,6.95,10,9,2,7,12,764,471,293,52,300,464,7.31627269633508,7.65307855626327,6.77485440273038,6.94423076923077,7.3501,7.29440159482759,46
"49",2007,5,7.40882352941177,34,7.495,7.28571428571429,8.5,7.28125,7.52222222222222,20,14,2,16,18,798,491,307,54,316,482,7.32021596491228,7.64663951120163,6.79815094462541,7.00185185185185,7.34661392405063,7.30290941908714,47
"50",2007,6,7.448,25,7.45,7.44545454545455,7.5,7.70909090909091,7.24285714285714,14,11,3,11,14,823,505,318,57,327,496,7.32409761846901,7.64118811881188,6.82054194968553,7.0280701754386,7.35880733944954,7.30121439516129,48
"51",2007,7,7.05652173913044,23,7.32,6.5625,7,6.64285714285714,7.2375,15,8,1,7,16,846,520,326,58,334,512,7.31682309692671,7.63192307692308,6.81420963190184,7.02758620689655,7.34380239520958,7.2992233203125,49
"52",2007,8,7.33333333333333,21,7.64285714285714,7.17857142857143,7.5,7,7.41176470588235,7,14,5,4,17,867,527,340,63,338,529,7.3172229988466,7.63206831119545,6.82921276470588,7.06507936507937,7.33973372781065,7.30283996219282,50
"53",2007,9,7.30833333333333,24,7.52857142857143,7,7.25,7,7.35238095238095,14,10,4,3,21,891,541,350,67,341,550,7.31698354657688,7.62939001848429,6.8340924,7.07611940298507,7.33674486803519,7.30473152727273,51
"54",2007,10,7.35,22,7.38461538461539,7.3,8,7.45714285714286,7.3,13,9,1,7,15,913,554,359,68,348,565,7.3177791237678,7.62364620938628,6.84577253481894,7.08970588235294,7.33916666666667,7.30460591150443,52
"55",2007,11,7.00348837209302,43,7.99565217391304,5.8625,7.4375,7.7825,6.32608695652174,23,20,4,20,23,956,577,379,72,368,588,7.30364261506276,7.63847487001733,6.79388480211082,7.10902777777778,7.36326086956522,7.26633051020408,53
"56",2007,12,6.975,40,7.47222222222222,6.56818181818182,7.16666666666667,6.70588235294118,7.17391304347826,18,22,6,17,23,996,595,401,78,385,611,7.29044411646586,7.63344537815126,6.78150209476309,7.11346153846154,7.33423376623377,7.2628516202946,54
"57",2008,1,7.32,35,7.54,7.02666666666667,7.05,6.92307692307692,7.55454545454545,20,15,2,13,22,1031,615,416,80,398,633,7.2914474684772,7.63040650406504,6.79034216346154,7.111875,7.3208040201005,7.27298947867299,55
"58",2008,2,6.98333333333333,30,7.33333333333333,6.63333333333333,7.25,6.85714285714286,7.02173913043478,15,15,4,7,23,1061,630,431,84,405,656,7.28273547596607,7.62333333333333,6.78487781902552,7.11845238095238,7.31279012345679,7.26418039634146,56
"59",2008,3,7.14827586206897,29,7.62,6.64285714285714,7.5,6.83125,7.53846153846154,15,14,2,16,13,1090,645,445,86,421,669,7.27915811009174,7.62325581395349,6.78040975280899,7.12732558139535,7.2944893111639,7.26951022421525,57
"60",2008,4,7.10769230769231,26,7.01764705882353,7.27777777777778,6,7.35714285714286,7.01578947368421,17,9,1,7,19,1116,662,454,87,428,688,7.27516338709677,7.60770392749245,6.79026947136564,7.11436781609195,7.29551401869159,7.26250340116279,58
"61",2008,5,7.34210526315789,19,7.34375,7.33333333333333,NA,7.16666666666667,7.42307692307692,16,3,0,6,13,1135,678,457,87,434,701,7.276284,7.60147492625369,6.79383444201313,7.11436781609195,7.29373271889401,7.26548122681883,59
"62",2008,6,6.922,25,7.275,6.68666666666667,7.325,6.625,7.01578947368421,10,15,4,6,19,1160,688,472,91,440,720,7.26864856896551,7.59672965116279,6.79042868644068,7.12362637362637,7.28461363636364,7.25889213888889,60
"63",2008,7,6.83833333333333,30,7.5625,6.575,6.46666666666667,6.43333333333333,7.24333333333333,8,22,15,15,15,1190,696,494,106,455,735,7.25780028571428,7.59633620689655,6.78083469635628,7.03066037735849,7.25654945054945,7.2585746122449,61
"64",2008,8,6.90166666666667,30,7.70769230769231,6.28529411764706,5.85,6.2,7.2525,13,17,5,10,20,1220,709,511,111,465,755,7.24904290163934,7.59837799717913,6.76434900195695,6.97747747747748,7.23382795698925,7.25841369536424,62
"65",2008,9,6.88095238095238,21,7.25,6.54545454545455,7,6.90909090909091,6.85,10,11,7,11,10,1241,719,522,118,476,765,7.24281413376309,7.59353268428373,6.7597362835249,6.97881355932203,7.22632352941176,7.25307495424837,63
"66",2008,10,6.95,22,7.18461538461538,6.61111111111111,7,6.9875,6.92857142857143,13,9,3,8,14,1263,732,531,121,484,779,7.23771365003958,7.58627049180328,6.75721721280603,6.97933884297521,7.22237603305785,7.24724305519897,64
"67",2008,11,7.07826086956522,23,7.73076923076923,6.23,6.33333333333333,6.9,7.12777777777778,13,10,3,5,18,1286,745,541,124,489,797,7.23486185069984,7.58879194630872,6.74747197781885,6.96370967741935,7.21907975460123,7.24454496863237,65
"68",2008,12,6.88695652173913,23,6.65384615384615,7.19,7.26666666666667,6.3,7.14375,13,10,3,7,16,1309,758,551,127,496,813,7.22874892284186,7.57275725593667,6.75550333938294,6.97086614173228,7.20610887096774,7.24256130381304,66
"69",2009,1,7.01571428571429,35,7.16470588235294,6.875,6.89285714285714,6.85714285714286,7.05535714285714,17,18,7,7,28,1344,775,569,134,503,841,7.22320114583333,7.5638064516129,6.75928355008787,6.96679104477612,7.20125248508946,7.23632858501784,67
"70",2009,2,7.24487179487179,39,7.51052631578947,6.9925,6.9,7.3,7.22586206896552,19,20,5,10,29,1383,794,589,139,513,870,7.22381224873463,7.56253148614609,6.76720261460102,6.96438848920863,7.20317738791423,7.23597970114943,68
"71",2009,3,6.71415094339623,53,7.05,6.55555555555556,6.29090909090909,6.83333333333333,6.67926829268293,17,36,11,12,41,1436,811,625,150,525,911,7.20500162952646,7.5517879161529,6.755011744,6.915,7.19472380952381,7.21092463227223,69
"72",2009,4,7.222,50,7.40625,7.13529411764706,7.33333333333333,7.38888888888889,7.18536585365854,16,34,3,9,41,1486,827,659,153,534,952,7.20557358008075,7.54897218863362,6.7746317754173,6.92320261437909,7.19799625468165,7.20982388655462,70
"73",2009,5,6.94358974358974,39,7.35294117647059,6.62727272727273,6.07142857142857,6.72727272727273,7.02857142857143,17,22,7,11,28,1525,844,681,160,545,980,7.19887366557377,7.54502369668246,6.76987127753304,6.8859375,7.18849541284404,7.20464524489796,71
"74",2009,6,7.10294117647059,34,7.47,6.95,7.625,7.5,6.98076923076923,10,24,8,8,26,1559,854,705,168,553,1006,7.19678148813341,7.54414519906323,6.77600331914894,6.92113095238095,7.19300180831826,7.19885918489066,72
"75",2009,7,6.84722222222222,36,6.96153846153846,6.78260869565217,6.2,7,6.82258064516129,13,23,5,5,31,1595,867,728,173,558,1037,7.1888917492163,7.53540945790081,6.77621200549451,6.90028901734104,7.19127240143369,7.18761074252652,73
"76",2009,8,6.88333333333333,30,6.77272727272727,6.94736842105263,6.7,6.85714285714286,6.89130434782609,11,19,5,7,23,1625,878,747,178,565,1060,7.18325067076923,7.52585421412301,6.78056538152611,6.89466292134831,7.18713274336283,7.18118145283019,74
"77",2009,9,7.075,28,7.35,6.92222222222222,7.125,7,7.11666666666667,10,18,8,10,18,1653,888,765,186,575,1078,7.18141702359346,7.52387387387387,6.78389848366013,6.90456989247312,7.18387826086956,7.18010421150279,75
"78",2009,10,7.0328125,32,7.11428571428571,7.01,7.15,7.43571428571429,6.92,7,25,5,7,25,1685,895,790,191,582,1103,7.17859486053412,7.52067039106145,6.79105359493671,6.91099476439791,7.18690721649484,7.17420883046238,76
"79",2009,11,6.93536585365854,41,7.1425,6.73809523809524,6.90909090909091,7.0625,6.90454545454545,20,21,11,8,33,1726,915,811,202,590,1136,7.1728171147161,7.5124043715847,6.78968229346486,6.91089108910891,7.18522033898305,7.16637529929578,77
"80",2009,12,6.99605263157895,38,7.27272727272727,6.88333333333333,6.85,7.325,6.87857142857143,11,27,5,10,28,1764,926,838,207,600,1164,7.16900926303854,7.50955723542117,6.79269968973747,6.90942028985507,7.18755,7.15945218213059,78
"81",2010,1,7.05622222222222,45,7.24681818181818,6.87391304347826,6.58333333333333,7.58454545454545,6.88529411764706,22,23,6,11,34,1809,948,861,213,611,1198,7.16620361525704,7.50345991561182,6.79486915214867,6.90023474178404,7.19469721767594,7.15167140233723,79
"82",2010,2,6.91621621621622,37,7.32666666666667,6.63636363636364,6.57142857142857,7.2,6.871875,15,22,7,5,32,1846,963,883,220,616,1230,7.16119303358613,7.50070612668744,6.79091997734995,6.88977272727273,7.19474025974026,7.14439214634147,80
"83",2010,3,6.95833333333333,36,7.65384615384615,6.56521739130435,6.9,7.35714285714286,6.86206896551724,13,23,5,7,29,1882,976,906,225,623,1259,7.15731261424017,7.50274590163934,6.78519022075055,6.89,7.19656500802568,7.13788907069103,81
"84",2010,4,7.22,25,7.91111111111111,6.83125,7.3,6.34,7.44,9,16,6,5,20,1907,985,922,231,628,1279,7.15813442055584,7.50647715736041,6.78598952277657,6.90064935064935,7.18974522292994,7.14261324472244,82
"85",2010,5,6.915,20,7.33333333333333,6.57272727272727,5,7.0375,6.83333333333333,9,11,1,8,12,1927,994,933,232,636,1291,7.15561097042034,7.50490945674044,6.78347517684888,6.89245689655172,7.18783018867925,7.13973845081332,83
"86",2010,6,6.6,23,6.94444444444444,6.37857142857143,6.66666666666667,4.66666666666667,6.89,9,14,3,3,20,1950,1003,947,235,639,1311,7.14905761025641,7.49988035892323,6.77748927138332,6.88957446808511,7.17599374021909,7.1359285583524,84
"87",2010,7,7.13333333333333,15,7.33333333333333,7,6.33333333333333,6,7.54545454545455,6,9,3,4,11,1965,1009,956,238,643,1322,7.14893757760814,7.4988899900892,6.77958403765691,6.88256302521008,7.16867807153966,7.13933611195159,85
"88",2010,8,7.07575757575758,33,7.43333333333333,6.77777777777778,7.33333333333333,7.18181818181818,7.02272727272727,15,18,6,11,22,1998,1024,974,244,654,1344,7.14772889889889,7.4979296875,6.77955065708419,6.89364754098361,7.16889908256881,7.13742733630952,86
"89",2010,9,7.02586206896552,29,7.125,6.90384615384615,6,7.5,6.92708333333333,16,13,3,5,24,2027,1040,987,247,659,1368,7.14598536753823,7.49219230769231,6.78118778115502,6.88279352226721,7.17141122913505,7.13373709064328,87
"90",2010,10,6.63,20,6.94285714285714,6.46153846153846,6.33333333333333,6.625,6.63125,7,13,6,4,16,2047,1047,1000,253,663,1384,7.14094398632144,7.48851957975167,6.77703234,6.8697628458498,7.16811463046757,7.12792799132948,88
"91",2010,11,6.63513513513514,37,7.025,6.17647058823529,5.9,6.66666666666667,6.625,20,17,5,9,28,2084,1067,1017,258,672,1412,7.13196369481765,7.4798313027179,6.76699345132744,6.85096899224806,7.16139880952381,7.11795491501417,89
"92",2010,12,6.95862068965517,29,7.32,6.57142857142857,6.66666666666667,6.9375,6.96666666666667,15,14,6,8,21,2113,1082,1031,264,680,1433,7.12958463795551,7.47761552680222,6.76433786614937,6.8467803030303,7.15876470588235,7.11573785066295,90
"93",2011,1,7.20416666666667,24,7.20833333333333,7.2,6.66666666666667,7.9,7.02105263157895,12,12,3,5,19,2137,1094,1043,267,685,1452,7.13042224613944,7.47466179159049,6.76935027804411,6.84475655430712,7.16417518248175,7.11449885674931,91
"94",2011,2,6.98928571428571,28,7.05555555555556,6.95789473684211,6.875,7.2,6.94347826086956,9,19,4,5,23,2165,1103,1062,271,690,1475,7.12859692378752,7.47124206708976,6.77272348399247,6.84520295202952,7.1644347826087,7.11183209491525,92
"95",2011,3,6.925,24,7.01428571428571,6.8,5.5,6.9,6.92608695652174,14,10,2,1,23,2189,1117,1072,273,691,1498,7.1263647053449,7.46551477170994,6.77297792910448,6.83534798534799,7.1640520984081,7.10898020026702,93
"96",2011,4,6.645,20,6.8,6.57857142857143,7.33333333333333,6,6.80625,6,14,3,4,16,2209,1123,1086,276,695,1514,7.12200649162517,7.46195903829029,6.7704717679558,6.84076086956522,7.15735251798561,7.10578093791281,94
"97",2011,5,6.8125,20,7.27272727272727,6.25,6.4375,6.03571428571429,7.23076923076923,11,9,4,7,13,2229,1134,1095,280,702,1527,7.11922940331987,7.46012345679012,6.76619391780822,6.835,7.14616809116809,7.10684501637197,95
"98",2011,6,6.96315789473684,19,6.875,7.02727272727273,7.5,6.66666666666667,7.01875,8,11,2,3,16,2248,1142,1106,282,705,1543,7.1179102935943,7.45602451838879,6.76879054249548,6.83971631205674,7.14412765957447,7.10593152300713,96
"99",2011,7,6.99444444444444,18,7.5,6.48888888888889,6.33333333333333,6.5,7.18461538461538,9,9,3,5,13,2266,1151,1115,285,710,1556,7.11692954104148,7.4563683753258,6.76653124663677,6.83438596491228,7.13959154929577,7.10658890745501,97
"100",2011,8,6.47916666666667,24,7.16666666666667,6.38095238095238,6.35714285714286,6.6875,6.375,3,21,7,8,16,2290,1154,1136,292,718,1572,7.11024556331877,7.45561525129983,6.75940346830986,6.82294520547945,7.13455431754875,7.09914270992366,98
"101",2011,9,7.484375,16,8.21875,6.75,6.75,6,7.58333333333333,8,8,4,1,15,2306,1162,1144,296,719,1587,7.11284143104943,7.46086919104991,6.75933770979021,6.82195945945946,7.13297635605007,7.10371918084436,99
"102",2011,10,6.875,16,7.33333333333333,6.76923076923077,7,6.33333333333333,7,3,13,2,3,13,2322,1165,1157,298,722,1600,7.11120255813953,7.46054077253219,6.75944886776145,6.82315436241611,7.12965373961219,7.1028764625,100
"103",2011,11,6.97307692307692,39,7.59705882352941,6.49090909090909,6.875,6.325,7.14032258064516,17,22,4,8,31,2361,1182,1179,302,730,1631,7.10892094027954,7.46250423011844,6.75443794741306,6.82384105960265,7.12083561643836,7.10358819129369,101
"104",2011,12,6.378,25,7.28461538461538,5.39583333333333,5.75,6.2,6.4225,13,12,2,5,20,2386,1195,1191,304,735,1651,7.10126250628667,7.4605690376569,6.74074923593619,6.81677631578947,7.11457142857143,7.09533757722592,102
"105",2012,1,7.04242424242424,33,7.1875,6.90588235294118,6.67142857142857,7.45,6.86521739130435,16,17,7,10,23,2419,1211,1208,311,745,1674,7.10045983464241,7.45696118909992,6.74307312913907,6.81350482315113,7.11907382550336,7.09217583034648,103
"106",2012,2,6.64705882352941,17,7.125,6.22222222222222,6.16666666666667,4,6.8125,8,9,3,1,16,2436,1219,1217,314,746,1690,7.09729570607553,7.45478260869565,6.7392213147083,6.80732484076433,7.1148927613941,7.08952801183432,104
"107",2012,3,6.52307692307692,13,7.54285714285714,5.33333333333333,6,6.5,6.52727272727273,7,6,1,2,11,2449,1226,1223,315,748,1701,7.09424758677011,7.4552854812398,6.73232407195421,6.8047619047619,7.1132486631016,7.08589202821869,105
"108",2012,4,6.84375,16,7.57142857142857,6.27777777777778,6,7.66666666666667,6.65384615384615,7,9,4,3,13,2465,1233,1232,319,751,1714,7.09262163894523,7.45594484995945,6.72900352272727,6.79467084639498,7.11545938748336,7.08261513418903,106
"109",2012,5,7.64285714285714,14,8.5,6.5,6,8.5,7.40909090909091,8,6,1,3,11,2479,1241,1238,320,754,1725,7.09572906010488,7.46267526188558,6.72789365105008,6.7921875,7.12096816976127,7.08469700869565,107
"110",2012,6,6.62307692307692,13,7.2,6.2625,6.4,6.36,6.7875,5,8,2,5,8,2492,1246,1246,322,759,1733,7.0932633788122,7.46162118780096,6.72490556982344,6.78975155279503,7.11595520421607,7.08332506635891,108
"111",2012,7,6.8808,25,7.24285714285714,6.42,7,6.7,6.93789473684211,14,11,3,6,19,2517,1260,1257,325,765,1752,7.09115309495431,7.45919047619048,6.72223734287988,6.79169230769231,7.11269281045752,7.0817479109589,109
"112",2012,8,6.90625,16,6.98333333333333,6.80714285714286,6,7.42,6.67272727272727,9,7,2,5,11,2533,1269,1264,327,770,1763,7.08998513225424,7.45581560283688,6.72270754746836,6.7868501529052,7.11468831168831,7.07919588201928,110
"113",2012,9,6.52727272727273,11,7.21666666666667,5.7,5,7,6.35,6,5,1,3,8,2544,1275,1269,328,773,1771,7.08755202044025,7.45469019607843,6.71867796690308,6.78140243902439,7.11424320827943,7.07590194240542,111
"114",2012,10,6.66129032258065,31,7.06666666666667,6.28125,6.25,6.07142857142857,6.83333333333333,15,16,2,7,24,2575,1290,1285,330,780,1795,7.08242032621359,7.45017829457364,6.71323139299611,6.77818181818182,7.10488461538462,7.07265868523677,112
"115",2012,11,6.84913043478261,23,7.19857142857143,6.30555555555556,6,7,6.8265,14,9,3,3,20,2598,1304,1294,333,783,1815,7.08035501924557,7.44747699386503,6.71039593508501,6.77117117117117,7.10448275862069,7.06994619283746,113
"116",2012,12,7.26875,24,7.36388888888889,6.98333333333333,6.625,6.59,7.44736842105263,18,6,4,5,19,2622,1322,1300,337,788,1834,7.08207945842868,7.44633888048411,6.71165564615385,6.76943620178042,7.10121827411168,7.07385623773173,114
"117",2013,1,6.96785714285714,28,7.21578947368421,6.44444444444444,6.66666666666667,6.66666666666667,7.05,19,9,3,6,22,2650,1341,1309,340,794,1856,7.08087258113207,7.44307233407905,6.70981844155844,6.76852941176471,7.09793450881612,7.07357345905172,115
"118",2013,2,6.71428571428571,21,7.1875,6.42307692307692,7,5,7,8,13,2,3,18,2671,1349,1322,342,797,1874,7.07799039311119,7.44155670867309,6.70699874432678,6.76988304093567,7.09003764115433,7.0728667769477,116
"119",2013,3,7.24814814814815,27,7.66666666666667,7.03888888888889,7.9,7.4,7.18421052631579,9,18,5,8,19,2698,1358,1340,347,805,1893,7.07969323202372,7.44304860088365,6.71145697014926,6.78616714697406,7.09311801242236,7.07398433174855,117
"120",2013,4,7.09090909090909,11,6.875,7.21428571428571,7.5,7.5,7.05,4,7,1,1,10,2709,1362,1347,348,806,1903,7.07973877445551,7.44138032305433,6.71407003711953,6.7882183908046,7.09362282878412,7.07385829742512,118
"121",2013,5,6.7125,8,6.94,6.33333333333333,7,7.06666666666667,6.5,5,3,1,3,5,2717,1367,1350,349,809,1908,7.07865746779536,7.43954645208486,6.71322395555556,6.78882521489971,7.09352286773795,7.07235447589098,119
"122",2013,6,6.73076923076923,13,7.58333333333333,6,NA,8.5,6.40909090909091,6,7,0,2,11,2730,1373,1357,349,811,1919,7.07700085714285,7.44017479970867,6.70954483419308,6.78882521489971,7.09699136868064,7.06855254820219,120
"123",2013,7,7.20625,16,7.39090909090909,6.8,NA,6.75,7.35833333333333,11,5,0,4,12,2746,1384,1362,349,815,1931,7.07775394756008,7.43978323699422,6.70987690161527,6.78882521489971,7.09528834355828,7.07035336095287,121
"124",2013,8,6.94117647058824,17,8.125,6.57692307692308,7.16666666666667,6.75,6.96666666666667,4,13,3,2,15,2763,1388,1375,352,817,1946,7.07691362287368,7.44175792507205,6.70861988363637,6.79204545454546,7.09444308445532,7.0695541315519,122
"125",2013,9,6.375,20,7.2,6.1,7.16666666666667,6.2,6.43333333333333,5,15,3,5,15,2783,1393,1390,355,822,1961,7.07186932806324,7.44089016511127,6.70205204316547,6.79521126760563,7.08900243309002,7.06468757776644,123
"126",2013,10,6.83333333333333,21,7.07142857142857,6.71428571428571,6.8125,6.07142857142857,7.21428571428571,7,14,8,7,14,2804,1400,1404,363,829,1975,7.07008286019971,7.43904285714286,6.70217403133903,6.79559228650138,7.08041013268999,7.06574802025316,124
"127",2013,11,6.40625,16,7.2,6.04545454545455,6,6.75,6.29166666666667,5,11,3,4,12,2820,1405,1415,366,833,1987,7.06631643262411,7.43819217081851,6.69706879151944,6.78907103825137,7.07882352941176,7.06107314544539,125
"128",2013,12,6.94736842105263,19,7.22222222222222,6.7,6.5,6,7.05882352941176,9,10,4,2,17,2839,1414,1425,370,835,2004,7.0655203733709,7.43681753889675,6.69708936140351,6.78594594594595,7.07623952095808,7.06105406187625,126
"129",2014,1,6.84807692307692,26,7.4125,6.59722222222222,7.15625,6.4,6.9547619047619,8,18,8,5,21,2865,1422,1443,378,840,2025,7.06354706457242,7.43668073136427,6.69584361746362,6.79378306878307,7.07221428571429,7.0599517728395,127
"130",2014,2,6.71153846153846,26,6.85714285714286,6.65789473684211,6.85714285714286,7.5,6.60869565217391,7,19,7,3,23,2891,1429,1462,385,843,2048,7.06038130058803,7.43384184744577,6.6953504377565,6.79493506493507,7.07373665480427,7.05488395507812,128
"131",2014,3,6.875,12,7.58333333333333,6.16666666666667,6.25,7.125,6.75,6,6,4,4,8,2903,1435,1468,389,847,2056,7.05961499827764,7.4344668989547,6.69318960490463,6.78933161953728,7.0739787485242,7.05369763618677,129
"132",2014,4,6.68461538461538,13,7.96666666666667,6.3,6.71428571428571,6,6.80909090909091,3,10,7,2,11,2916,1438,1478,396,849,2067,7.05794318930041,7.43557719054242,6.69052932341002,6.78800505050505,7.07144876325088,7.05239590711175,130
"133",2014,5,6.64285714285714,21,7.2,6.225,5.95,6.93333333333333,6.59444444444444,9,12,6,3,18,2937,1447,1490,402,852,2085,7.05497526046986,7.43411195577056,6.68678009395973,6.77549751243781,7.07096244131455,7.04844236930456,131
"134",2014,6,5.96875,16,6.875,5.66666666666667,6.25,6.25,5.8,4,12,4,6,10,2953,1451,1502,406,858,2095,7.04908985438537,7.43257064093728,6.67863005326232,6.77032019704434,7.06522144522145,7.04248321718377,132
"135",2014,7,7.08333333333333,18,7.58333333333333,6.83333333333333,7,6.08333333333333,7.58333333333333,6,12,8,6,12,2971,1457,1514,414,864,2107,7.04929732076742,7.4331914893617,6.67985623513871,6.77475845410628,7.05840277777778,7.04556352159468,133
"136",2014,8,7.49047619047619,21,7.72,6.91666666666667,7,7.5,7.48947368421053,15,6,2,2,19,2992,1472,1520,416,866,2126,7.0523938302139,7.43611413043478,6.6807910131579,6.77584134615385,7.05942263279446,7.04953073377234,134
"137",2014,9,6.77142857142857,14,8,6.43636363636364,6.33333333333333,6.625,6.83,3,11,3,4,10,3006,1475,1531,419,870,2136,7.05108527611443,7.43726101694915,6.67903483997388,6.77267303102625,7.05742528735632,7.04850296816479,135
"138",2014,10,7.00238095238095,21,7.7,6.57307692307692,6,8.11,6.65625,8,13,6,5,16,3027,1483,1544,425,875,2152,7.05074738685166,7.43867835468645,6.67814270725389,6.76176470588235,7.06344,7.04558658921933,136
"139",2014,11,6.445,26,7.2,5.973125,5,4.375,6.82136363636364,10,16,2,4,22,3053,1493,1560,427,879,2174,7.04558871274156,7.43707970529136,6.67091175641026,6.75351288056206,7.05120591581342,7.04331754369825,137
"140",2014,12,6.76666666666667,15,7.85,6.04444444444444,6.8,7.1,6.475,6,9,5,7,8,3068,1499,1569,432,886,2182,7.04422501303781,7.43873248832555,6.66731825366476,6.75405092592593,7.0515914221219,7.0412338863428,138
"141",2015,1,7.32954545454546,22,8.03636363636364,6.62272727272727,6.51,8,7.29761904761905,11,11,5,1,21,3090,1510,1580,437,887,2203,7.04625642071197,7.44308609271523,6.66700781012658,6.7512585812357,7.05266065388952,7.04367786654562,139
"142",2015,2,7.21907142857143,14,7.5,7.008375,7.46666666666667,7.66,6.97411111111111,6,8,3,5,9,3104,1516,1588,440,892,2212,7.04703586984536,7.44331134564644,6.66872754408061,6.75613636363636,7.05606502242153,7.04339481916817,140
"143",2015,3,7.19761904761905,21,7.1,7.39285714285714,6.75,7.16666666666667,7.20277777777778,14,7,2,3,18,3125,1530,1595,442,895,2230,7.0480477888,7.44016993464052,6.67190554231975,6.75610859728507,7.05643575418994,7.04468131838565,141
"144",2015,4,7.05555555555556,18,7.86363636363636,5.78571428571429,6.375,8,6.86666666666667,11,7,4,3,15,3143,1541,1602,446,898,2245,7.04809078587337,7.44319273199221,6.66803329588015,6.75269058295964,7.05958797327394,7.04349191091314,142
"145",2015,5,7.1125,16,7.16363636363636,7,6,7.8,7.06666666666667,11,5,1,1,15,3159,1552,1607,447,899,2260,7.04841701171256,7.44121134020618,6.66906617299316,6.7510067114094,7.06041156840934,7.04364572566372,143
"146",2015,6,7.13125,16,7.65714285714286,6.72222222222222,7.5,9,6.86428571428571,7,9,3,2,14,3175,1559,1616,450,901,2274,7.04883443779527,7.44218088518281,6.66936221534654,6.756,7.06471698113208,7.04254148636763,144
"147",2015,7,6.95,14,7.14285714285714,6.75714285714286,6.25,6.33333333333333,7.11818181818182,7,7,2,3,11,3189,1566,1623,452,904,2285,7.04840054562558,7.44084291187739,6.66974081330869,6.7537610619469,7.06228982300885,7.04290561925602,145
"148",2015,8,6.99375,16,7.73333333333333,6.55,5.66666666666667,6,7.22307692307692,6,10,3,3,13,3205,1572,1633,455,907,2298,7.04812771918876,7.4419592875318,6.66900755664421,6.74659340659341,7.05877618522602,7.04392486510009,146
"149",2015,9,6.25,12,6.7,5.92857142857143,6.75,6.125,6.3125,5,7,2,4,8,3217,1577,1640,457,911,2306,7.04515055641902,7.43960684844641,6.66584715853659,6.74660831509847,7.05467618002195,7.04138739809193,147
"150",2015,10,7.04166666666667,12,7.71428571428571,6.1,NA,4,7.31818181818182,7,5,0,1,11,3229,1584,1645,457,912,2317,7.04513760916692,7.4408207070707,6.66412725835866,6.74660831509847,7.05132675438597,7.04270148467846,148
"151",2015,11,6.42307692307692,13,6.83333333333333,6.07142857142857,6.75,7.16666666666667,6.2,6,7,2,3,10,3242,1590,1652,459,915,2327,7.04264322640345,7.43852830188679,6.66161582324455,6.74662309368192,7.05170491803279,7.03908007735281,149
"152",2015,12,6.78,20,7.37142857142857,6.46153846153846,6.83333333333333,6.35714285714286,7.00769230769231,7,13,6,7,13,3262,1597,1665,465,922,2340,7.04103290619252,7.43823418910457,6.66005365765766,6.74774193548387,7.046431670282,7.0389057008547,150
"153",2016,1,6.81521739130435,23,7.04444444444444,6.66785714285714,5.86666666666667,7,6.7875,9,14,3,3,20,3285,1606,1679,468,925,2360,7.03945185388127,7.43602739726027,6.66011872543181,6.74209401709402,7.04628108108108,7.03677514406779,151
"154",2016,2,6,9,6.75,5.4,1,6.66666666666667,5.66666666666667,4,5,1,3,6,3294,1610,1684,469,928,2366,7.03661182149362,7.43432298136646,6.65637728028504,6.72985074626866,7.04505387931035,7.03330065088757,152
"155",2016,3,6.85714285714286,21,7.33333333333333,6.66666666666667,7.35714285714286,3.5,7.21052631578947,6,15,7,2,19,3315,1616,1699,476,930,2385,7.03547491402715,7.43394801980198,6.65646812242496,6.7390756302521,7.03743010752688,7.03471251153039,153
"156",2016,4,7.24166666666667,12,7.3125,7.1,6.7,7.33333333333333,7.21111111111111,8,4,2,3,9,3327,1624,1703,478,933,2394,7.03621861737301,7.43334975369458,6.65750988843218,6.73891213389121,7.03838156484459,7.0353756641604,154
"157",2016,5,6.66666666666667,9,6.9,6.375,5.5,6,6.75,5,4,2,1,8,3336,1629,1707,480,934,2402,7.03522162470024,7.43171270718232,6.65684788517868,6.73375,7.03726980728051,7.03442520399667,155
"158",2016,6,7.02777777777778,18,7.11111111111111,6.94444444444444,6.5,6.66666666666667,7.1,9,9,2,3,15,3354,1638,1716,482,937,2417,7.03518167561121,7.42995115995116,6.65835625874126,6.73278008298755,7.03608324439701,7.03483216383947,156
"159",2016,7,6.98888888888889,18,7.04285714285714,6.95454545454545,6.83333333333333,7.83333333333333,6.82,7,11,3,3,15,3372,1645,1727,485,940,2432,7.03493456109134,7.42830395136778,6.66024281412855,6.73340206185567,7.03862765957447,7.03350712993421,157
"160",2016,8,6.92647058823529,17,7.0625,6.80555555555556,NA,7,6.921875,8,9,0,1,16,3389,1653,1736,485,941,2448,7.03439048096783,7.4265335753176,6.66099616359447,6.73340206185567,7.03858660998937,7.03277750816993,158
"161",2016,9,6.38888888888889,9,5.75,6.57142857142857,6,6.33333333333333,6.41666666666667,2,7,1,3,6,3398,1655,1743,486,944,2454,7.03268079458505,7.42450755287009,6.66063645438899,6.73189300411523,7.03634533898305,7.03127112469437,159
"162",2016,10,7.12916666666667,24,7.16666666666667,7.09166666666667,6.66666666666667,NA,7.12916666666667,12,12,3,0,24,3422,1667,1755,489,944,2478,7.03335749269433,7.42265146970606,6.66358366951567,6.73149284253579,7.03634533898305,7.03221926553672,160
"163",2016,11,7.2,14,7.5,6.9,6.76666666666667,7,7.21538461538462,7,7,3,1,13,3436,1674,1762,492,945,2491,7.03403647846333,7.42297491039426,6.66452289443814,6.73170731707317,7.03630687830688,7.03317516659976,161
"164",2016,12,6.78571428571429,14,7.5,6.59090909090909,6.25,6,7,3,11,2,3,11,3450,1677,1773,494,948,2502,7.03302879420289,7.42311270125223,6.66406618161309,6.72975708502024,7.03302742616034,7.03302931254996,162
"165",2017,1,6.59375,16,6.83333333333333,6.28571428571429,7,4,6.76666666666667,9,7,1,1,15,3466,1686,1780,495,949,2517,7.03100096364685,7.41996441281139,6.66257828089888,6.73030303030303,7.02983140147524,7.03144193087008,163
"166",2017,2,6.50909090909091,22,6.65714285714286,6.25,6,5.875,6.65,14,8,3,4,18,3488,1700,1788,498,953,2535,7.02770909977064,7.41368235294117,6.66073229306488,6.72590361445783,7.02498426023085,7.02873346745562,164
"167",2017,3,6.5,14,7.07142857142857,5.92857142857143,5.125,8,6.38461538461539,7,7,4,1,13,3502,1707,1795,502,954,2548,7.02559946887492,7.41227885178676,6.65787706963788,6.71314741035857,7.02600628930818,7.02544715070643,165
"168",2017,4,6.325,12,6.91666666666667,5.73333333333333,5.96666666666667,5.75,6.44,6,6,3,2,10,3514,1713,1801,505,956,2558,7.02320698349459,7.41054290718038,6.65479696835092,6.70871287128713,7.02333682008368,7.02315845973416,166
"169",2017,5,6.725,14,6.78636363636364,6.5,6,6.5,6.7625,11,3,1,2,12,3528,1724,1804,506,958,2570,7.02202362244898,7.40656032482598,6.65453954545455,6.70731225296443,7.02224425887265,7.0219413774319,167
"170",2017,6,6.92857142857143,14,7.25,6.5,6.66666666666667,7,6.90909090909091,8,6,3,3,11,3542,1732,1810,509,961,2581,7.02165424618859,7.40583718244803,6.65402725966851,6.70707269155206,7.02217481789802,7.02146041844246,168
"171",2017,7,6.65625,16,7.5,6.27272727272727,6.42857142857143,6.91666666666667,6.5,5,11,7,6,10,3558,1737,1821,516,967,2591,7.02001105677347,7.40610823258491,6.65172396485448,6.70329457364341,7.02152016546019,7.01944783481281,169
"172",2017,8,6.45,10,7.1,5.8,5.5,6.5,6.4375,5,5,1,2,8,3568,1742,1826,517,969,2599,7.01841349215246,7.40522962112514,6.6493917524644,6.7009671179884,7.02044375644995,7.01765653712966,170
"173",2017,9,6.68823809523809,21,6.99638461538462,6.1875,5.75,5.5,6.81331578947368,13,8,2,2,19,3589,1755,1834,519,971,2618,7.01648156589579,7.40220113960114,6.64737695747001,6.69730250481696,7.01731204943357,7.0161735446906,171
"174",2017,10,7.01071428571429,28,7.73571428571429,6.28571428571429,6,6.75,7.05416666666667,14,14,3,4,24,3617,1769,1848,522,975,2642,7.01643692009953,7.40484058790277,6.64463708874459,6.69329501915709,7.01621538461538,7.01651867524602,172
"175",2017,11,6.18823529411765,17,7.0625,5.41111111111111,6.125,6.66666666666667,6.08571428571429,8,9,4,3,14,3634,1777,1857,526,978,2656,7.01256255916345,7.40329938097918,6.63865877221325,6.68897338403042,7.01514314928425,7.01161232680723,173
"176",2017,12,6.51923076923077,13,7.375,5.78571428571429,6.625,7,6.47916666666667,6,7,4,1,12,3647,1783,1864,530,979,2668,7.01080404167809,7.40320415030847,6.63545565450644,6.68849056603774,7.01512768130746,7.00921751874063,174
"177",2018,1,6.355,20,6.71,6,6.33333333333333,6.625,6.2875,10,10,6,4,16,3667,1793,1874,536,983,2684,7.00722725388601,7.39933798103737,6.63206474919957,6.68451492537314,7.01354018311292,7.00491517883755,175
"178",2018,2,7.05294117647059,17,7.45,6.1,NA,7.8,6.89285714285714,12,5,0,3,14,3684,1805,1879,536,986,2698,7.00743820304017,7.39967479224376,6.63064893028207,6.68451492537314,7.01593306288032,7.00433370644922,176
"179",2018,3,6.82105263157895,19,7.13333333333333,6.28571428571429,8,6.4,6.97142857142857,12,7,1,5,14,3703,1817,1886,537,991,2712,7.00648186335403,7.39791579526692,6.62936868504772,6.68696461824954,7.01282542885974,7.00416384218289,177
"180",2018,4,6.77727272727273,11,7.3875,6.42857142857143,6,6,6.855,4,7,2,1,10,3714,1821,1893,539,992,2722,7.00580299946149,7.39789291598023,6.62862617010037,6.68441558441559,7.01180443548387,7.0036158486407,178
"181",2018,5,6.65384615384615,13,7.4,6.1875,5.875,5,6.79166666666667,5,8,4,1,12,3727,1826,1901,543,993,2734,7.00457535283069,7.3978986856517,6.62676977380326,6.67845303867403,7.00977844914401,7.00268556693489,179
"182",2018,6,7.15384615384615,13,7.75,6.88888888888889,7,8,7,4,9,2,2,11,3740,1830,1910,545,995,2745,7.00509420855615,7.39866830601093,6.62800489005236,6.67963302752294,7.01176884422111,7.00267480510018,180
"183",2018,7,6.5,13,7,6.07142857142857,5.625,6,6.54166666666667,6,7,4,1,12,3753,1836,1917,549,996,2757,7.00334461497468,7.39736546840958,6.62597252999478,6.67194899817851,7.01075301204819,7.00066824084149,181
"184",2018,8,6.95454545454545,11,7.91666666666667,5.8,5.5,8,6.85,6,5,4,1,10,3764,1842,1922,553,997,2767,7.00320200318809,7.39905700325733,6.62382379812695,6.66347197106691,7.01174523570712,7.00012372244308,182
"185",2018,9,6.67692307692308,13,7.08888888888889,5.75,NA,8,6.56666666666667,9,4,0,1,12,3777,1851,1926,553,998,2779,7.0020789886153,7.39754889249054,6.62200900311527,6.66347197106691,7.01273547094188,6.99825201151493,183
"186",2018,10,7.07058823529412,17,7.27777777777778,6.8375,6.66666666666667,8,7.0125,9,8,3,1,16,3794,1860,1934,556,999,2795,7.00238596204533,7.39696935483871,6.62290038262668,6.66348920863309,7.01372372372372,6.99833357423971,184
"187",2018,11,6.9,10,7.2,6.6,7,6.5,7,5,5,1,2,8,3804,1865,1939,557,1001,2803,7.0021168086225,7.39644128686327,6.62284133058278,6.6640933572711,7.0126973026973,6.99833833036033,185
"188",2018,12,7.54545454545455,11,8.375,5.33333333333333,5,8,7.28571428571429,8,3,2,4,7,3815,1873,1942,559,1005,2810,7.00368344429882,7.40062092899092,6.62084929969104,6.65813953488372,7.01662686567164,6.99905421352313,186
"189",2019,1,6.998222,15,7.08148111111111,6.87333333333333,6.33333333333333,7.45,6.92871769230769,9,6,3,2,13,3830,1882,1948,562,1007,2823,7.00366205483028,7.39909475557917,6.62162697125257,6.65640569395018,7.01748758689176,6.99873031172511,187
"190",2019,2,6.70055555555556,18,7.08333333333333,6.31777777777778,6.09,6,6.788125,9,9,4,2,16,3848,1891,1957,566,1009,2839,7.00224419698544,7.39759192490745,6.62022960654062,6.65240282685513,7.01547076313181,6.99754338499471,188
"191",2019,3,6.66428571428571,14,7.2,6.36666666666667,6.16,6.66666666666667,6.66363636363636,5,9,5,3,11,3862,1896,1966,571,1012,2850,7.00101907560849,7.39707084915611,6.61906884028484,6.64809106830123,7.01443675889328,6.99625462105263,189
"192",2019,4,6.91666666666667,12,7.0625,6.625,7,NA,6.91666666666667,8,4,1,0,12,3874,1904,1970,572,1012,2862,7.00075778781621,7.39566508928571,6.61908088324873,6.6487062937063,7.01443675889328,6.9959209189378,190
"193",2019,5,6.27777777777778,9,7.83333333333333,5.5,7,4,6.92857142857143,3,6,1,2,7,3883,1907,1976,573,1014,2869,6.99908206798867,7.39635360776088,6.61568286437247,6.64931937172775,7.00849112426036,6.99575659463227,191
"194",2019,6,6.81333375,8,7.501334,5.66666666666667,NA,NA,6.81333375,5,3,0,0,8,3891,1912,1979,573,1014,2877,6.99870016448213,7.39662813807531,6.61424423446185,6.64931937172775,7.00849112426036,6.995249336114,192
"195",2019,7,7.66666666666667,21,7.92857142857143,7.14285714285714,7,8.5,7.52777777777778,14,7,1,3,18,3912,1926,1986,574,1017,2895,7.00228587423313,7.400494807892,6.61610742195368,6.64993031358885,7.01289085545723,6.99856039378238,193
"196",2019,8,6.73333333333333,15,7.41666666666667,6.27777777777778,6.33333333333333,6.5,6.81818181818182,6,9,3,4,11,3927,1932,1995,577,1021,2906,7.00125855360326,7.4005450310559,6.61458112280702,6.6482842287695,7.01088148873653,6.99787761183757,194
"197",2019,9,6.65294117647059,17,7.04545454545455,5.93333333333333,6.25,8,6.56875,11,6,2,1,16,3944,1943,2001,579,1022,2922,6.99975718559837,7.39853474009264,6.6125384007996,6.64690846286701,7.01184931506849,6.99552783709787,195
"198",2019,10,7.22222222222222,9,8.23333333333333,6.71666666666667,6,6.5,7.3125,3,6,1,1,8,3953,1946,2007,580,1023,2930,7.00026368327852,7.39982168550873,6.61284969606378,6.64579310344828,7.01134897360704,6.99639329010239,196
"199",2019,11,6.99166666666667,12,7.83333333333333,6.15,5.66666666666667,6.5,7.09,6,6,3,2,10,3965,1952,2013,583,1025,2940,7.00023766456494,7.40115420081967,6.61147011425733,6.64075471698113,7.0103512195122,6.99671168027211,197
"200",2019,12,7.40909090909091,11,7.7,7.16666666666667,7.33333333333333,NA,7.40909090909091,5,6,3,0,11,3976,1957,2019,586,1025,2951,7.00136879778672,7.40191773122125,6.61312002971768,6.64430034129693,7.0103512195122,6.9982488444595,198
"201",2020,1,6.58888888888889,18,6.83333333333333,6.34444444444444,6.3,6.75,6.56875,9,9,2,2,16,3994,1966,2028,588,1027,2967,6.99950984977466,7.39931485249237,6.61192768244576,6.64312925170068,7.00984420642648,6.99593270643748,199
"202",2020,2,7.20769230769231,13,7.25,7.14,NA,NA,7.20769230769231,8,5,0,0,13,4007,1974,2033,588,1027,2980,7.00018526079361,7.39870972644377,6.61322643384161,6.64312925170068,7.00984420642648,6.99685648993288,200
"203",2020,3,6.95,5,5,7.4375,7,6.5,7.0625,1,4,1,1,4,4012,1975,2037,589,1028,2984,7.00012271684945,7.39749518987341,6.61484503681885,6.64373514431239,7.00934824902724,6.99694448391421,201
"204",2020,4,6.82666666666667,15,6.86666666666667,6.66666666666667,6,NA,6.82666666666667,12,3,2,0,15,4027,1987,2040,591,1028,2999,6.99947661782965,7.39428938097634,6.61492124509804,6.64155668358714,7.00934824902724,6.99609281093698,202
"205",2020,5,6.7,10,7.6,5.8,5.66666666666667,7,6.66666666666667,5,5,3,1,9,4037,1992,2045,594,1029,3008,6.99873478820906,7.39480572289156,6.61292877261614,6.636632996633,7.00933916423712,6.99510716090425,203
"206",2020,6,6.82142857142857,14,6.66666666666667,6.9375,6.75,6,6.88461538461539,6,8,2,1,13,4051,1998,2053,596,1030,3021,6.99812202912861,7.39261911911912,6.61419354115928,6.63701342281879,7.00835922330097,6.99463169149288,204
"207",2020,7,6.90909090909091,11,7.91666666666667,5.7,5,NA,6.90909090909091,6,5,2,0,11,4062,2004,2058,598,1030,3032,6.99788093057607,7.39418812375249,6.61197246841594,6.63153846153846,7.00835922330097,6.99432135224274,205
"208",2020,8,6.86666666666667,12,7.1,6.16666666666667,7,8,6.64,9,3,1,2,10,4074,2013,2061,599,1032,3042,6.99749443789887,7.39287282662692,6.61132427947598,6.63215358931553,7.01028100775194,6.9931565877712,206
"209",2020,9,6.67857142857143,14,7.5,6.0625,5.83333333333333,NA,6.67857142857143,6,8,3,0,14,4088,2019,2069,602,1032,3056,6.99640223581213,7.39319118375433,6.60920219429676,6.62817275747508,7.01028100775194,6.99171542539267,207
"210",2020,10,6.76875,16,7.25,6.48,7.2,7.5,6.66428571428571,6,10,2,2,14,4104,2025,2079,604,1034,3070,6.99551470272904,7.39276691358024,6.60858073112073,6.63006622516556,7.01122823984526,6.99022226058632,208
"211",2020,11,6.775,12,7.4125,5.5,NA,NA,6.775,8,4,0,0,12,4116,2033,2083,604,1034,3082,6.99487180272108,7.39284456468273,6.60645191550648,6.63006622516556,7.01122823984526,6.98938427644386,209
"212",2020,12,6.67857142857143,14,6.85714285714286,6.5,6,7.25,6.45,7,7,3,4,10,4130,2040,2090,607,1038,3092,6.99379959806295,7.39100637254902,6.60609537799043,6.62695222405272,7.01214836223507,6.98763982535575,210
"213",2021,1,6.86363636363636,11,7.75,6.66666666666667,6.5,NA,6.86363636363636,2,9,2,0,11,4141,2042,2099,609,1038,3103,6.99345383723738,7.39135798237022,6.60635509290138,6.62653530377668,7.01214836223507,6.98720023847889,211
"214",2021,2,6.5,10,6.875,6.25,6.25,6,6.55555555555556,4,6,2,1,9,4151,2046,2105,611,1039,3112,6.99226507829438,7.39034848484848,6.60533935391924,6.62530278232406,7.01117420596728,6.98595190874036,212
"215",2021,3,7.33333333333333,12,8.33333333333333,6.33333333333333,5.75,7.5,7.31818181818182,6,6,4,1,11,4163,2052,2111,615,1040,3123,6.99324822003363,7.39310575048733,6.6045662434865,6.61960975609756,7.01164423076923,6.98712210694844,213
"216",2021,4,6.5,11,6.9375,5.33333333333333,NA,NA,6.5,8,3,0,0,11,4174,2060,2114,615,1040,3134,6.99194833253474,7.39133640776699,6.60276222327342,6.61960975609756,7.01164423076923,6.98541236119974,214
"217",2021,5,6.05555555555556,9,6,6.08333333333333,NA,NA,6.05555555555556,3,6,0,0,9,4183,2063,2120,615,1040,3143,6.98993362180253,7.3893131362094,6.60129214150944,6.61960975609756,7.01164423076923,6.9827497104677,215
"218",2021,6,6.75,12,7.5,6,5.5,NA,6.75,6,6,2,0,12,4195,2069,2126,617,1040,3155,6.98924728009535,7.38963412276462,6.59959517403575,6.61598055105349,7.01164423076923,6.98186445007924,216
"219",2021,7,6.5,6,7.5,6,NA,7,6.4,2,4,0,1,5,4201,2071,2130,617,1041,3160,6.98854852178053,7.38974070497344,6.59846917370892,6.61598055105349,7.0116330451489,6.98094377848101,217
"220",2021,8,7.20625,16,7.1275,7.285,7,7,7.23571428571429,8,8,2,2,14,4217,2079,2138,619,1043,3174,6.98937451742945,7.3887316017316,6.60103804490178,6.61722132471729,7.01161073825503,6.98206752993068,218
"221",2021,9,7,11,7,7,NA,7.5,6.88888888888889,10,1,0,2,9,4228,2089,2139,619,1045,3183,6.98940216177862,7.38687075155577,6.60122456287985,6.61722132471729,7.01254545454545,6.98180406534715,219
"222",2021,10,6,6,8,5,6,10,5.2,2,4,1,1,5,4234,2091,2143,620,1046,3188,6.98800008030231,7.38745719751315,6.59823580961269,6.61622580645161,7.01540152963671,6.97900951693852,220
"223",2021,11,6.77777777777778,9,7,6,5,8.5,6.28571428571429,7,2,1,2,7,4243,2098,2145,621,1048,3195,6.98755416921989,7.38616444232602,6.59767801398602,6.6136231884058,7.01823473282443,6.97749056025039,221
"224",2021,12,6.34666666666667,15,6.375,6.31428571428571,5.64,8,5.93333333333333,8,7,5,3,12,4258,2106,2152,626,1051,3207,6.98529646312823,7.38232336182336,6.59675619888476,6.60584664536741,7.02103710751665,6.97358351730589,222
"225",2022,1,7.01724137931035,29,7.91666666666667,6.38235294117647,6.5,5.9,7.25,12,17,8,5,24,4287,2118,2169,634,1056,3231,6.98551255889899,7.385350802644,6.59507576763486,6.60451104100946,7.01572916666667,6.97563675023212,223
"226",2022,2,7,11,7.25,6.85714285714286,7,6.5,7.11111111111111,4,7,1,2,9,4298,2122,2176,635,1058,3240,6.98554963704048,7.38509566446748,6.59591881433824,6.60513385826772,7.01475425330813,6.97601306790123,224
"227",2022,3,6.76,8,8,6.34666666666667,6,6.78,6.75714285714286,2,6,2,1,7,4306,2124,2182,637,1059,3247,6.98513059451927,7.38567467043314,6.59523342804766,6.6032339089482,7.01453257790368,6.97554121958731,225
"228",2022,4,6.52,10,7.9,5.92857142857143,5.5,7.06666666666667,6.28571428571429,3,7,2,3,7,4316,2127,2189,639,1062,3254,6.98405290546802,7.38640009402915,6.59310157149383,6.59978090766823,7.01467984934087,6.97405726490473,226
"229",2022,5,6.91176470588235,17,7.5,6.38888888888889,7.5,7,6.89285714285714,8,9,2,3,14,4333,2135,2198,641,1065,3268,6.98376929148396,7.38682576112412,6.59226539581438,6.60258970358814,7.01463849765258,6.97370940636475,227
"230",2022,6,6.57285714285714,14,7.25,6.19666666666667,6,7.25,6.52076923076923,5,9,1,1,13,4347,2140,2207,642,1066,3281,6.98244590292155,7.38650607476635,6.59065217036702,6.60165109034268,7.01485928705441,6.97191476379152,228
"231",2022,7,7,7,7.5,6.8,4,4,7.5,2,5,1,1,6,4354,2142,2212,643,1067,3287,6.98247412494258,7.38661204481792,6.59112537974684,6.59760497667185,7.01203373945642,6.97287871615455,229
"232",2022,8,7.25833333333333,12,7.82857142857143,6.46,4,7.33333333333333,7.23333333333333,7,5,1,3,9,4366,2149,2217,644,1070,3296,6.98323232707283,7.38805165193113,6.59082965268381,6.59357142857143,7.01293457943925,6.97358990898058,230
"233",2022,9,6.38571428571429,7,5.9,6.75,NA,NA,6.38571428571429,3,4,0,0,7,4373,2152,2221,644,1070,3303,6.98227586096501,7.38597723048327,6.59111631697434,6.59357142857143,7.01293457943925,6.97234403269754,231
"234",2022,10,6.53545454545455,11,6.64833333333333,6.4,6.5,8,6.389,6,5,2,1,10,4384,2158,2226,646,1071,3313,6.98115473083941,7.38392632066728,6.59068703504043,6.59328173374613,7.01385620915033,6.9705832598853,232
"235",2022,11,7.11,11,7.61833333333333,6.5,6.5,5,7.321,6,5,1,1,10,4395,2164,2231,647,1072,3323,6.98147721046644,7.38457624768946,6.59048379202152,6.59313755795981,7.0119776119403,6.97163777911525,233
"236",2022,12,6.23230769230769,13,7.03142857142857,5.3,NA,7.57333333333333,5.83,7,6,0,3,10,4408,2171,2237,647,1075,3333,6.9792677722323,7.38343758636573,6.58702250335271,6.59313755795981,7.01354418604651,6.96821252325232,234
