"","year","month","avg_rating","no_ratings","avg_rating_owned","avg_rating_not_owned","avg_rating_prev_owned","avg_rating_comment","avg_rating_no_comment","no_ratings_owned","no_ratings_not_owned","no_ratings_prev_owned","no_ratings_comment","no_ratings_no_comment","cum_no_ratings","cum_no_ratings_owned","cum_no_ratings_not_owned","cum_no_ratings_prev_owned","cum_no_ratings_comment","cum_no_ratings_no_comment","cum_avg_rating","cum_avg_rating_owned","cum_avg_rating_not_owned","cum_avg_rating_prev_owned","cum_avg_rating_comment","cum_avg_rating_no_comment","month_after_release"
"1",2003,4,6.5,2,8,5,NA,8,5,1,1,0,1,1,2,1,1,0,1,1,6.5,8,5,NA,8,5,-1
"2",2003,5,8,5,8,NA,NA,7,8.66666666666667,5,0,0,2,3,7,6,1,0,3,4,7.57142857142857,8,5,NA,7.33333333333333,7.75,0
"3",2003,6,7.34615384615385,13,7.55555555555556,6.875,NA,7.25,7.36363636363636,9,4,0,2,11,20,15,5,0,5,15,7.425,7.73333333333333,6.5,NA,7.3,7.46666666666667,1
"4",2003,7,7.28947368421053,19,7.57692307692308,6.66666666666667,7,7.58333333333333,7.15384615384615,13,6,1,6,13,39,28,11,1,11,28,7.35897435897436,7.66071428571429,6.59090909090909,7,7.45454545454545,7.32142857142857,2
"5",2003,8,6.77272727272727,11,6.94444444444444,6,6,7,6.6875,9,2,1,3,8,50,37,13,2,14,36,7.23,7.48648648648649,6.5,6.5,7.35714285714286,7.18055555555556,3
"6",2003,9,7.45454545454545,11,7.78571428571429,6.875,7,6.875,7.78571428571429,7,4,1,4,7,61,44,17,3,18,43,7.27049180327869,7.53409090909091,6.58823529411765,6.66666666666667,7.25,7.27906976744186,4
"7",2003,10,7.72727272727273,11,7.77777777777778,7.5,NA,8.33333333333333,7.5,9,2,0,3,8,72,53,19,3,21,51,7.34027777777778,7.57547169811321,6.68421052631579,6.66666666666667,7.40476190476191,7.31372549019608,5
"8",2003,11,7.4375,8,7.4375,NA,NA,7.875,7,8,0,0,4,4,80,61,19,3,25,55,7.35,7.55737704918033,6.68421052631579,6.66666666666667,7.48,7.29090909090909,6
"9",2003,12,7.66666666666667,15,7.60714285714286,8.5,NA,7.4375,7.92857142857143,14,1,0,8,7,95,75,20,3,33,62,7.4,7.56666666666667,6.775,6.66666666666667,7.46969696969697,7.36290322580645,7
"10",2004,1,7.14473684210526,19,7.36538461538461,6.66666666666667,NA,7.1,7.19444444444444,13,6,0,10,9,114,88,26,3,43,71,7.35745614035088,7.53693181818182,6.75,6.66666666666667,7.38372093023256,7.34154929577465,8
"11",2004,2,7.40384615384615,26,7.59090909090909,6.375,NA,7.35,7.4375,22,4,0,10,16,140,110,30,3,53,87,7.36607142857143,7.54772727272727,6.7,6.66666666666667,7.37735849056604,7.35919540229885,9
"12",2004,3,7.125,20,7.23333333333333,6.8,NA,7.16666666666667,7.0625,15,5,0,12,8,160,125,35,3,65,95,7.3359375,7.51,6.71428571428571,6.66666666666667,7.33846153846154,7.33421052631579,10
"13",2004,4,7.02941176470588,17,7.1,6.5,NA,6.77777777777778,7.3125,15,2,0,9,8,177,140,37,3,74,103,7.30649717514124,7.46607142857143,6.7027027027027,6.66666666666667,7.27027027027027,7.33252427184466,11
"14",2004,5,7.0625,20,7.5,6.04166666666667,7,7.17307692307692,6.85714285714286,14,6,1,13,7,197,154,43,4,87,110,7.28172588832487,7.46915584415584,6.61046511627907,6.75,7.25574712643678,7.30227272727273,12
"15",2004,6,7.28846153846154,26,7.3125,7,NA,7.42857142857143,7.23684210526316,24,2,0,7,19,223,178,45,4,94,129,7.28251121076233,7.44803370786517,6.62777777777778,6.75,7.2686170212766,7.29263565891473,13
"16",2004,7,7.36153846153846,13,7.47,7,NA,7.375,7.35555555555556,10,3,0,4,9,236,188,48,4,98,138,7.28686440677966,7.44920212765958,6.65104166666667,6.75,7.27295918367347,7.29673913043478,14
"17",2004,8,7,21,7.76470588235294,3.75,NA,6.27777777777778,7.54166666666667,17,4,0,9,12,257,205,52,4,107,150,7.26342412451362,7.47536585365854,6.42788461538461,6.75,7.1892523364486,7.31633333333333,15
"18",2004,9,7.09375,16,7.86363636363636,5.4,NA,8,6.1875,11,5,0,8,8,273,216,57,4,115,158,7.25347985347985,7.49513888888889,6.33771929824561,6.75,7.24565217391304,7.25917721518987,16
"19",2004,10,6.61363636363636,22,6.67857142857143,6.5,NA,6.59090909090909,6.63636363636364,14,8,0,11,11,295,230,65,4,126,169,7.20576271186441,7.4454347826087,6.35769230769231,6.75,7.18849206349206,7.21863905325444,17
"20",2004,11,7.43333333333333,15,7.45833333333333,7.33333333333333,NA,7.4,7.45,12,3,0,5,10,310,242,68,4,131,179,7.21677419354839,7.44607438016529,6.40073529411765,6.75,7.19656488549618,7.23156424581006,18
"21",2004,12,7.46071428571429,28,7.60434782608696,6.8,7,7.78461538461538,7.18,23,5,1,13,15,338,265,73,5,144,194,7.23698224852071,7.45981132075472,6.42808219178082,6.8,7.24965277777778,7.22757731958763,19
"22",2005,1,7.4,35,7.45161290322581,7,6,7.83333333333333,7.25,31,4,1,9,26,373,296,77,6,153,220,7.25227882037534,7.4589527027027,6.45779220779221,6.66666666666667,7.28398692810458,7.23022727272727,20
"23",2005,2,7.35,27,7.42954545454545,7,NA,7.41071428571429,7.28461538461538,22,5,0,14,13,400,318,82,6,167,233,7.258875,7.45691823899371,6.49085365853659,6.66666666666667,7.29461077844311,7.23326180257511,21
"24",2005,3,7.02941176470588,17,7.26923076923077,6.25,5,7.4,6.875,13,4,1,5,12,417,331,86,7,172,245,7.24952038369304,7.44954682779456,6.4796511627907,6.42857142857143,7.29767441860465,7.21571428571429,22
"25",2005,4,7.11111111111111,27,7.20833333333333,6.33333333333333,NA,7.25,6.90909090909091,24,3,0,16,11,444,355,89,7,188,256,7.2411036036036,7.43323943661972,6.4747191011236,6.42857142857143,7.2936170212766,7.2025390625,23
"26",2005,5,7.41379310344828,29,7.52,6.75,NA,7.60714285714286,7.23333333333333,25,4,0,14,15,473,380,93,7,202,271,7.25169133192389,7.43894736842105,6.48655913978495,6.42857142857143,7.31534653465347,7.20424354243542,24
"27",2005,6,7.05555555555556,45,7.3,6.56666666666667,NA,6.98275862068965,7.1875,30,15,0,29,16,518,410,108,7,231,287,7.23465250965251,7.42878048780488,6.49768518518519,6.42857142857143,7.27359307359307,7.20331010452962,25
"28",2005,7,7.01,28,7.37047619047619,5.92857142857143,6.75,7.44444444444444,6.80421052631579,21,7,2,9,19,546,431,115,9,240,306,7.22313186813187,7.42593967517401,6.46304347826087,6.5,7.28,7.17852941176471,26
"29",2005,8,7.19259259259259,27,7.48421052631579,6.5,7,7.24705882352941,7.1,19,8,1,17,10,573,450,123,10,257,316,7.22169284467714,7.4284,6.46544715447155,6.55,7.27782101167315,7.17604430379747,27
"30",2005,9,7.26060606060606,33,7.284,7.1875,7.125,7.375,7.08461538461538,25,8,4,20,13,606,475,131,14,277,329,7.22381188118812,7.4208,6.50954198473282,6.71428571428571,7.28483754512635,7.17243161094225,28
"31",2005,10,7.30666666666667,33,7.38344827586207,6.75,6.75,7.14133333333333,7.44444444444444,29,4,2,15,18,639,504,135,16,292,347,7.22809076682316,7.41865079365079,6.51666666666667,6.71875,7.27746575342466,7.18654178674352,29
"32",2005,11,6.73488372093023,43,6.91724137931034,6.35714285714286,6.375,6.47894736842105,6.9375,29,14,4,19,24,682,533,149,20,311,371,7.19699413489736,7.39136960600375,6.50167785234899,6.65,7.22868167202572,7.17043126684636,30
"33",2005,12,7.07674418604651,43,7.11944444444444,6.85714285714286,5,7.5,6.85,36,7,1,15,28,725,569,156,21,326,399,7.18986206896552,7.37416520210896,6.51762820512821,6.57142857142857,7.24116564417178,7.14794486215539,31
"34",2006,1,6.95666666666667,30,7.2375,5.83333333333333,NA,6.71764705882353,7.26923076923077,24,6,0,17,13,755,593,162,21,343,412,7.18059602649007,7.36863406408094,6.49228395061728,6.57142857142857,7.21521865889213,7.1517718446602,32
"35",2006,2,7.31551724137931,29,7.46739130434783,6.73333333333333,7.9,7.43928571428571,7.2,23,6,1,14,15,784,616,168,22,357,427,7.18558673469388,7.37232142857143,6.50089285714286,6.63181818181818,7.2240056022409,7.15346604215457,33
"36",2006,3,7.55,36,7.71428571428571,6.975,7.65,7.53125,7.565,28,8,2,16,20,820,644,176,24,373,447,7.20158536585366,7.38718944099379,6.52244318181818,6.71666666666667,7.23718498659517,7.17187919463087,34
"37",2006,4,7.38571428571429,28,7.58181818181818,6.66666666666667,6.33333333333333,7.38666666666667,7.38461538461539,22,6,3,15,13,848,666,182,27,388,460,7.20766509433962,7.39361861861862,6.5271978021978,6.67407407407407,7.24296391752577,7.17789130434783,35
"38",2006,5,6.98529411764706,34,7.0625,6.8,5,7.125,6.90909090909091,24,10,1,12,22,882,690,192,28,400,482,7.19909297052154,7.38210144927536,6.54140625,6.61428571428571,7.239425,7.16562240663901,36
"39",2006,6,6.82641025641026,39,7.191,5.61111111111111,6.25,6.8,6.8515,30,9,2,19,20,921,720,201,30,419,502,7.18331161780673,7.37413888888889,6.49975124378109,6.59,7.21949880668258,7.15310756972112,37
"40",2006,7,7.31739130434783,46,7.4,7.05454545454545,NA,7.34,7.30645161290323,35,11,0,15,31,967,755,212,30,434,533,7.18968976215098,7.37533774834437,6.52853773584906,6.59,7.22366359447005,7.16202626641651,38
"41",2006,8,6.90769230769231,39,7.10294117647059,5.58,NA,6.94444444444444,6.87619047619048,34,5,0,18,21,1006,789,217,30,452,554,7.17875745526839,7.36359949302915,6.50668202764977,6.59,7.21254424778761,7.15119133574007,39
"42",2006,9,7.05641025641026,39,7.08648648648649,6.5,NA,7.23529411764706,6.91818181818182,37,2,0,17,22,1045,826,219,30,469,576,7.17419138755981,7.35118644067796,6.50662100456621,6.59,7.21336886993603,7.14229166666667,40
"43",2006,10,7.03181818181818,44,7.08,6.92857142857143,6.1,6.8,7.14,30,14,2,14,30,1089,856,233,32,483,606,7.16843893480257,7.34168224299065,6.53197424892704,6.559375,7.20138716356108,7.14217821782178,41
"44",2006,11,7.15853658536585,41,7.32142857142857,6.80769230769231,6,6.90625,7.32,28,13,1,16,25,1130,884,246,33,499,631,7.1680796460177,7.3410407239819,6.54654471544715,6.54242424242424,7.19192384769539,7.1492234548336,42
"45",2006,12,6.96140350877193,57,7.2075,6.38235294117647,8,6.925,6.98108108108108,40,17,1,20,37,1187,924,263,34,519,668,7.1581550126369,7.33525974025974,6.53593155893536,6.58529411764706,7.18163776493256,7.13991017964072,43
"46",2007,1,7.13604651162791,86,7.24571428571429,6.65625,7.25,7.2258064516129,7.08545454545455,70,16,4,31,55,1273,994,279,38,550,723,7.15666142969364,7.328953722334,6.54283154121864,6.65526315789474,7.18412727272727,7.13576763485477,44
"47",2007,2,7.06786683333333,60,7.29024390243902,6.58800052631579,7,7,7.10180025,41,19,1,20,40,1333,1035,298,39,570,763,7.15266467366842,7.32742028985507,6.54571144295302,6.66410256410257,7.17766666666667,7.13398690694627,45
"48",2007,3,7.35534042553191,47,7.46669230769231,6.8125,6,7.32947058823529,7.37,39,8,1,17,30,1380,1074,306,40,587,793,7.15956739855072,7.33247765363128,6.55268630718954,6.6475,7.18206303236797,7.14291552332913,46
"49",2007,4,7.15851063829787,47,7.23095238095238,6.55,7.5,7.14791666666667,7.1695652173913,42,5,2,24,23,1427,1116,311,42,611,816,7.15953259285214,7.32865681003584,6.55264311897106,6.68809523809524,7.18072176759411,7.14366667892157,47
"50",2007,5,7.12545454545455,55,7.45128205128205,6.33125,6,7.32352941176471,7.03684210526316,39,16,2,17,38,1482,1155,327,44,628,854,7.1582678879892,7.3327974025974,6.54181042813456,6.65681818181818,7.18458757961783,7.13891336065574,48
"51",2007,6,7.39508196721312,61,7.53333333333333,7.00625,7.4,7.31739130434783,7.44210526315789,45,16,5,23,38,1543,1200,343,49,651,892,7.16762994815295,7.3403175,6.56347524781341,6.73265306122449,7.18927956989247,7.15182960762332,49
"52",2007,7,7.09850746268657,67,7.168,6.89411764705882,NA,6.89,7.18723404255319,50,17,0,20,47,1610,1250,360,49,671,939,7.16475342236025,7.3334248,6.57908891666666,6.73265306122449,7.18035916542474,7.15360171458999,50
"53",2007,8,7.18538461538462,65,7.30795454545455,6.92857142857143,6.75,7.00227272727273,7.27906976744186,44,21,2,22,43,1675,1294,381,51,693,982,7.16555403582089,7.33255873261205,6.59835173228346,6.73333333333333,7.17470562770563,7.15909573319756,51
"54",2007,9,7.18571428571429,49,7.503125,6.58823529411765,7,7.24375,7.15757575757576,32,17,2,16,33,1724,1326,398,53,709,1015,7.16612703596288,7.33667496229261,6.59791962311558,6.7433962264151,7.17626375176305,7.15904631527094,52
"55",2007,10,7.11209677419355,62,7.24333333333333,6.76470588235294,7,7.30217391304348,7,45,17,3,23,39,1786,1371,415,56,732,1054,7.16425140537514,7.33361123267688,6.6047518313253,6.75714285714286,7.18021994535519,7.15316129981025,53
"56",2007,11,7.18315217391304,92,7.37462686567164,6.67,7.375,6.96714285714286,7.31578947368421,67,25,2,35,57,1878,1438,440,58,767,1111,7.16517732161874,7.33552225312935,6.60845911363636,6.77844827586207,7.17049674054759,7.16150495949595,54
"57",2007,12,7.17191489361702,94,7.42930555555556,6.32954545454545,7.125,7.02444444444444,7.30734693877551,72,22,2,45,49,1972,1510,462,60,812,1160,7.16549848377282,7.3399940397351,6.59517751082251,6.79,7.16240270935961,7.16766552586207,55
"58",2008,1,7.03798076923077,104,7.26858974358974,6.34615384615385,6.8,7.18604651162791,6.93360655737705,78,26,5,43,61,2076,1588,488,65,855,1221,7.15911031310212,7.33648677581864,6.58190985655738,6.79076923076923,7.1635918128655,7.15597216216216,56
"59",2008,2,7.16764705882353,68,7.27254901960784,6.85294117647059,6,7.27941176470588,7.05588235294118,51,17,1,34,34,2144,1639,505,66,889,1255,7.15938106809702,7.33449725442343,6.59103368316832,6.77878787878788,7.16802137232846,7.15326056573705,57
"60",2008,3,6.88522727272727,88,7.02462686567164,6.44047619047619,6.08333333333333,6.74166666666667,6.95948275862069,67,21,3,30,58,2232,1706,526,69,919,1313,7.14857213709677,7.32232766705744,6.58502283269962,6.74855072463768,7.15410337323177,7.14470069306931,58
"61",2008,4,7.145,60,7.25918367346939,6.63636363636364,6.75,7.59090909090909,6.88684210526316,49,11,4,22,38,2292,1755,537,73,941,1351,7.14847862565445,7.32056467236467,6.58607450651769,6.7486301369863,7.16431562167906,7.1374478238342,59
"62",2008,5,7.25089285714286,56,7.35,6.92307692307692,7,7.66666666666667,7.09878048780488,43,13,1,15,41,2348,1798,550,74,956,1392,7.15092121379898,7.32126863181312,6.59404001818182,6.75202702702703,7.17219769874477,7.13630891522989,60
"63",2008,6,6.95535714285714,56,7.27142857142857,6.42857142857143,6.375,6.80952380952381,7.04285714285714,35,21,4,21,35,2404,1833,571,78,977,1427,7.14636564475874,7.32031696672122,6.58795448336252,6.73269230769231,7.1644022517912,7.13401682550806,61
"64",2008,7,6.95121951219512,82,7.31166666666667,5.96818181818182,6.4375,7.09459459459459,6.83333333333333,60,22,8,37,45,2486,1893,593,86,1014,1472,7.13992880530973,7.32004278922345,6.56496123102867,6.70523255813953,7.1618550295858,7.12482473505435,62
"65",2008,8,7.01378048780488,82,7.21484375,6.29888888888889,6.25,7.00909090909091,7.0169387755102,64,18,4,33,49,2568,1957,611,90,1047,1521,7.13590070482866,7.31660245273378,6.55712276595745,6.685,7.15704011461318,7.12134911900066,63
"66",2008,9,7.01076923076923,65,7.31395348837209,6.41818181818182,5,6.97916666666667,7.02926829268293,43,22,4,24,41,2633,2000,633,94,1071,1562,7.13281162552222,7.3165455,6.55229385466035,6.61329787234042,7.15305415499533,7.1189321446863,64
"67",2008,10,7.2,63,7.29795918367347,6.85714285714286,6.6,7.18421052631579,7.20681818181818,49,14,5,19,44,2696,2049,647,99,1090,1606,7.13438168026706,7.31610102489019,6.55889027820711,6.61262626262626,7.15359724770642,7.12133998132005,65
"68",2008,11,6.85142857142857,70,7.1452380952381,6.41071428571429,6.35714285714286,6.40454545454545,6.93474576271186,42,28,7,11,59,2766,2091,675,106,1101,1665,7.12722090021692,7.31266905786705,6.55274371851852,6.59575471698113,7.14611353315168,7.11472793393393,66
"69",2008,12,6.77594202898551,69,6.94875,6.38095238095238,6.61111111111111,6.93764705882353,6.72307692307692,48,21,9,17,52,2835,2139,696,115,1118,1717,7.11867125573192,7.304502571295,6.5475603591954,6.59695652173913,7.14294364937388,7.10286663366337,67
"70",2009,1,7.0926724137931,116,7.19945652173913,6.68333333333333,7.42857142857143,7.45487804878049,6.89466666666667,92,24,7,41,75,2951,2231,720,122,1159,1792,7.11764927482209,7.30017077543702,6.552086125,6.64467213114754,7.15397842968076,7.09415290736607,68
"71",2009,2,7.02611940298507,134,7.31022727272727,6.48260869565217,6.14285714285714,7.53103448275862,6.88666666666667,88,46,7,29,105,3085,2319,766,129,1188,1897,7.11367358508914,7.30055239327296,6.54791385117493,6.61744186046512,7.16318265993266,7.08266842909858,69
"72",2009,3,6.93263157894737,95,7.23684210526316,6.47631578947368,6.06666666666667,7.03095238095238,6.90472972972973,57,38,9,21,74,3180,2376,804,138,1209,1971,7.10826509748428,7.29902398989899,6.54452986318408,6.58152173913043,7.1608858560794,7.07598782851345,70
"73",2009,4,6.9343137254902,102,7.01875,6.79210526315789,6.55,7.05769230769231,6.89210526315789,64,38,10,26,76,3282,2440,842,148,1235,2047,7.10285893053016,7.29167254098361,6.55570309976247,6.57939189189189,7.15871336032389,7.06916072789448,71
"74",2009,5,7.08039215686274,102,7.40555555555556,6.71458333333333,6.27777777777778,6.8,7.18648648648649,54,48,9,28,74,3384,2494,890,157,1263,2121,7.10218174054373,7.29413833199679,6.56427192134832,6.56210191082803,7.15076088677751,7.0732541301273,72
"75",2009,6,6.79012345679012,81,7.11489361702128,6.34117647058823,5.94,7,6.73015873015873,47,34,5,18,63,3465,2541,924,162,1281,2184,7.09488687157287,7.29082290436836,6.55606278138528,6.5429012345679,7.14864246682279,7.0633571474359,73
"76",2009,7,6.8875,88,7.23461538461538,6.38611111111111,6.6125,6.96428571428571,6.85166666666667,52,36,8,28,60,3553,2593,960,170,1309,2244,7.08975035462989,7.28969571924412,6.54968959375,6.54617647058824,7.14469900687548,7.0576969741533,74
"77",2009,8,6.87052631578947,95,6.98870967741935,6.64848484848485,6.59090909090909,6.99642857142857,6.81791044776119,62,33,11,28,67,3648,2655,993,181,1337,2311,7.08404139528509,7.2826670433145,6.55297281973817,6.54889502762431,7.14159386686612,7.05074513630463,75
"78",2009,9,6.81111111111111,108,7.05245901639344,6.49787234042553,6.71428571428571,6.86086956521739,6.79764705882353,61,47,7,23,85,3756,2716,1040,188,1360,2396,7.07619355963791,7.27749668630339,6.55048270192308,6.55505319148936,7.13684632352941,7.04176628130217,76
"79",2009,10,6.80659340659341,91,7.13962264150943,6.34210526315789,6.04166666666667,6.95652173913043,6.75588235294118,53,38,12,23,68,3847,2769,1078,200,1383,2464,7.06981622303093,7.27485771036476,6.54313730055659,6.52425,7.13384743311641,7.03387662743507,77
"80",2009,11,7.07647058823529,102,7.26567164179104,6.71428571428571,6.35714285714286,7.46666666666667,7.00919540229885,67,35,7,15,87,3949,2836,1113,207,1398,2551,7.06998810078501,7.27464069111425,6.54851932614555,6.51859903381643,7.13741845493562,7.03303489219914,78
"81",2009,12,6.75575221238938,113,7.00540540540541,6.28205128205128,6.33333333333333,6.55357142857143,6.82235294117647,74,39,12,28,85,4062,2910,1152,219,1426,2636,7.06124643279173,7.2677941580756,6.53949827256944,6.50844748858448,7.12595441795231,7.0262412784522,79
"82",2010,1,6.96363636363636,132,7.23617021276596,6.28947368421053,6.1,7.25,6.86818181818182,94,38,12,33,99,4194,3004,1190,231,1459,2735,7.05817429899857,7.26680459387484,6.53151429411765,6.48722943722944,7.12876010966415,7.02051993053017,80
"83",2010,2,7.09068181818182,88,7.33448275862069,6.61933333333333,6.37,7.20965517241379,7.03220338983051,58,30,4,29,59,4282,3062,1220,235,1488,2794,7.05884236571695,7.268086544742,6.53367377868852,6.48523404255319,7.13033669354838,7.02076664638511,81
"84",2010,3,6.74358974358974,78,7.10833333333333,6.16,5.64285714285714,7.1,6.61228070175439,48,30,7,21,57,4360,3110,1250,242,1509,2851,7.05320252522936,7.26562090032155,6.524705608,6.46086776859504,7.12991451292246,7.01259979305507,82
"85",2010,4,6.94366197183099,71,7.21555555555556,6.47307692307692,7.16,7.2875,6.9,45,26,5,8,63,4431,3155,1276,247,1517,2914,7.05144730534868,7.26490681458004,6.52365361285266,6.47502024291498,7.13074555042848,7.01016541180508,83
"86",2010,5,6.801296875,64,7.10078571428571,6.22954545454545,5.57857142857143,6.17127777777778,7.04782608695652,42,22,7,18,46,4495,3197,1298,254,1535,2960,7.04788565294772,7.2627507037848,6.51866872881356,6.45031496062992,7.11949446254071,7.01075067905406,84
"87",2010,6,6.96092307692308,65,7.22285714285714,6.48260869565217,5.57142857142857,6.885,6.99466666666667,42,23,7,20,45,4560,3239,1321,261,1555,3005,7.04664605482456,7.26223340537203,6.51804088569266,6.42674329501916,7.11647845659164,7.0105098202995,85
"88",2010,7,6.71518987341772,79,7.13207547169811,5.86538461538461,5.14285714285714,7.075,6.65074626865672,53,26,7,12,67,4639,3292,1347,268,1567,3072,7.04100151110153,7.26013791008506,6.50544321455085,6.39320895522388,7.11616081684748,7.00266341471354,86
"89",2010,8,6.72236842105263,76,7.38163265306122,5.52592592592593,5.25,6.57407407407407,6.80408163265306,49,27,12,27,49,4715,3341,1374,280,1594,3121,7.03586553764581,7.26191978449566,6.48619505822416,6.34421428571429,7.10697867001255,6.99954566164691,87
"90",2010,9,6.95,68,7.17843137254902,6.26470588235294,7.5,7.15294117647059,6.88235294117647,51,17,3,17,51,4783,3392,1391,283,1611,3172,7.03464478569935,7.26066450471698,6.48348814521927,6.35646643109541,7.10746368715084,6.99766141551072,88
"91",2010,10,6.94301204819277,83,7.25465517241379,6.22,6.775,6.96086956521739,6.93616666666667,58,25,4,23,60,4866,3450,1416,287,1634,3232,7.03308179408138,7.26056347826087,6.47883616525424,6.36229965156794,7.10540024479804,6.99651980507426,89
"92",2010,11,6.7875,112,6.91447368421053,6.51944444444444,7,6.93478260869565,6.74943820224719,76,36,4,23,89,4978,3526,1452,291,1657,3321,7.02755645038168,7.25310380034033,6.47984298209366,6.37106529209622,7.10303198551599,6.98989822643782,90
"93",2010,12,6.96601941747573,103,7.13380281690141,6.59375,6.15,6.73636363636364,7.0283950617284,71,32,8,22,81,5081,3597,1484,299,1679,3402,7.02630899626058,7.25074895746456,6.48229919811321,6.36515050167224,7.0982275163788,6.99081481775426,91
"94",2011,1,6.90086274509804,102,7.11058461538462,6.53243243243243,6.0625,7.17391304347826,6.82136708860759,65,37,8,23,79,5183,3662,1521,307,1702,3481,7.0238402488906,7.24826105953031,6.48351874424721,6.35726384364821,7.09925029377203,6.98696926457914,92
"95",2011,2,6.77450980392157,102,6.92063492063492,6.53846153846154,6.61111111111111,7.09,6.67207792207792,63,39,9,25,77,5285,3725,1560,316,1727,3558,7.0190281948912,7.24272,6.48489231410257,6.36449367088608,7.09911638679792,6.98015458403598,93
"96",2011,3,6.90794871794872,78,7.23557692307692,6.25269230769231,6.06166666666667,7.11608695652174,6.82090909090909,52,26,6,23,55,5363,3777,1586,322,1750,3613,7.01741264404251,7.24262165740006,6.48108575662043,6.35885093167702,7.09933942857143,6.97773042070302,94
"97",2011,4,6.70518072289157,83,6.94960784313725,6.315625,6.31818181818182,6.74736842105263,6.69265625,51,32,11,19,64,5446,3828,1618,333,1769,3677,7.01265405986045,7.23871786833856,6.47781335599506,6.35750750750751,7.09555907292255,6.97276856404678,95
"98",2011,5,6.94835164835165,91,7.32264150943396,6.42631578947368,6.27777777777778,6.70833333333333,7.00753424657534,53,38,9,18,73,5537,3881,1656,342,1787,3750,7.01159725663717,7.23986395258954,6.47663164855073,6.35540935672515,7.09165864577504,6.973445336,96
"99",2011,6,7.11052631578947,76,7.37222222222222,6.46818181818182,6.8125,7.34,7.02857142857143,54,22,4,20,56,5613,3935,1678,346,1807,3806,7.01293675574559,7.24168030495553,6.47652086412396,6.3606936416185,7.09440730492529,6.97425643983185,97
"100",2011,7,6.94302325581395,86,7.3843137254902,6.3,6.4,7.21578947368421,6.86567164179105,51,35,5,19,67,5699,3986,1713,351,1826,3873,7.01188173539217,7.24350526843954,6.47291419147694,6.36125356125356,7.09567031763417,6.97237800413117,98
"101",2011,8,6.93321428571429,84,7.19603773584906,6.48387096774194,6.5,7.10526315789474,6.88292307692308,53,31,8,19,65,5783,4039,1744,359,1845,3938,7.01073906449939,7.24288239663283,6.47310895068807,6.36434540389972,7.09576910569106,6.97090147536821,99
"102",2011,9,6.90140845070423,71,7.35555555555556,6.11538461538461,5.875,6.65909090909091,7.01020408163265,45,26,8,22,49,5854,4084,1770,367,1867,3987,7.0094130526136,7.24412389813908,6.46785424293785,6.35367847411444,7.09062346009641,6.97138450213193,100
"103",2011,10,6.8179012345679,81,7.05,6.44354838709677,6.625,6.85666666666667,6.80909090909091,50,31,8,15,66,5935,4134,1801,375,1882,4053,7.00679932771693,7.24177600387035,6.46743587451416,6.35946666666667,7.08875876726886,6.96874167530225,101
"104",2011,11,7.03041237113402,97,7.23833333333333,6.69324324324324,6.27272727272727,6.91904761904762,7.06118421052632,60,37,11,21,76,6032,4194,1838,386,1903,4129,7.00717904675066,7.24172675250358,6.47198150707291,6.35699481865285,7.08688596952181,6.97044320900945,102
"105",2011,12,7.03127659574468,94,7.25227272727273,6.51035714285714,6.64285714285714,7.048,7.02521739130435,66,28,7,25,69,6126,4260,1866,393,1928,4198,7.0075488099902,7.24189014084507,6.47255734726688,6.36208651399491,7.08638174273859,6.97134349928538,103
"106",2012,1,6.92393162393162,117,7.13717948717949,6.4974358974359,6.42857142857143,7.23529411764706,6.871,78,39,7,17,100,6243,4338,1905,400,1945,4298,7.00598174115009,7.24000737667128,6.47306667191601,6.36325,7.08768329048843,6.96900884364821,104
"107",2012,2,6.80511363636364,88,7.01754385964912,6.41451612903226,7.11111111111111,6.90476190476191,6.77388059701493,57,31,9,21,67,6331,4395,1936,409,1966,4365,7.00318970304849,7.23712218430034,6.4721291373967,6.37970660146699,7.08572939979654,6.96601374799542,105
"108",2012,3,7.11954022988506,87,7.3,6.71851851851852,6.92857142857143,7.33333333333333,7.08533333333333,60,27,7,12,75,6418,4455,1963,416,1978,4440,7.00476690713618,7.23796902356903,6.47551808965869,6.38894230769231,7.08723154701719,6.96802928153153,106
"109",2012,4,6.80120481927711,83,7.054,6.41818181818182,7.4,6.92105263157895,6.765625,50,33,5,19,64,6501,4505,1996,421,1997,4504,7.00216797569605,7.23592719200888,6.47457014529058,6.40095011876485,7.08565047571357,6.96515319937833,107
"110",2012,5,6.94206349206349,63,7.26309523809524,6.3,6.33333333333333,7.21428571428571,6.86428571428571,42,21,3,14,49,6564,4547,2017,424,2011,4553,7.00159110450944,7.2361781394326,6.47275260783342,6.40047169811321,7.08654599701641,6.96406764990116,108
"111",2012,6,6.95253164556962,79,7.16818181818182,6.45833333333333,6.6,7.03636363636364,6.92017543859649,55,24,5,22,57,6643,4602,2041,429,2033,4610,7.0010076787596,7.2353654932638,6.47258305242528,6.4027972027972,7.08600295130349,6.96352494793926,109
"112",2012,7,6.95540540540541,74,7.16,6.63793103448276,6,7.40625,6.83103448275862,45,29,5,16,58,6717,4647,2070,434,2049,4668,7.00050528658627,7.23463567893265,6.47489952173913,6.39815668202765,7.08850366032211,6.96187875107112,110
"113",2012,8,6.94692307692308,65,7.22638888888889,6.6,5.55,6.92272727272727,6.9593023255814,36,29,4,22,43,6782,4683,2099,438,2071,4711,6.99999174432321,7.23457228272475,6.47662792282039,6.39041095890411,7.08674263640753,6.96185523455742,111
"114",2012,9,6.99776119402985,67,7.142,6.57352941176471,6.75,7.03055555555556,6.98571428571429,50,17,4,18,49,6849,4733,2116,442,2089,4760,6.99996992407651,7.23359433762941,6.47740643194707,6.39366515837104,7.08625849688846,6.96210084243698,112
"115",2012,10,6.90131578947368,76,6.9625,6.73,6.725,7.20833333333333,6.84375,56,20,4,12,64,6925,4789,2136,446,2101,4824,6.99888722166065,7.23042430570057,6.47977154026217,6.39663677130045,7.08695573536411,6.96053068200664,113
"116",2012,11,6.94724137931034,87,7.07472727272727,6.728125,7,7.42307692307692,6.86364864864865,55,32,3,13,74,7012,4844,2168,449,2114,4898,6.99824643610953,7.22865648224608,6.48343727398524,6.40066815144766,7.08902270577105,6.95906696815027,114
"117",2012,12,6.70058139534884,86,7.09779411764706,5.2,5.45,7.01388888888889,6.61764705882353,68,18,4,18,68,7098,4912,2186,453,2132,4966,6.99463989997182,7.22684486970684,6.47286917200366,6.39227373068433,7.08838836772983,6.95439186669352,115
"118",2013,1,7.07358490566038,106,7.23333333333333,6.68709677419355,7.0625,7.215,7.0406976744186,75,31,8,20,86,7204,4987,2217,461,2152,5052,6.99580150055525,7.22694245037097,6.47586468651331,6.40390455531453,7.08956505576208,6.95586104711006,116
"119",2013,2,7.09453608247423,97,7.18238805970149,6.89833333333333,6.6,7.353125,7.04345679012346,67,30,5,16,81,7301,5054,2247,466,2168,5133,6.99711327352417,7.22635180055402,6.4815051223854,6.40600858369099,7.09151014760147,6.95724332943698,117
"120",2013,3,7.01326388888889,72,7.14349056603774,6.65,7.08333333333333,7.12318181818182,6.99344262295082,53,19,3,11,61,7373,5107,2266,469,2179,5194,6.99727099009901,7.22549187389857,6.48291792144748,6.41034115138593,7.09167003212483,6.95766846553716,118
"121",2013,4,6.88666666666667,90,7.21311475409836,6.2,5,6.80714285714286,6.90131578947368,61,29,2,14,76,7463,5168,2295,471,2193,5270,6.99593715797937,7.22534578173375,6.47934292374728,6.40435244161359,7.089853625171,6.95685578937382,119
"122",2013,5,6.78493150684931,73,7.19090909090909,6.16896551724138,5.66666666666667,7.14285714285714,6.7,44,29,6,14,59,7536,5212,2324,477,2207,5329,6.99389318073248,7.22505506523408,6.475469883821,6.39507337526206,7.09018985047576,6.95401201163445,120
"123",2013,6,6.97048192771084,83,7.26944444444444,6.41379310344828,7,7.04166666666667,6.95076923076923,54,29,3,18,65,7619,5266,2353,480,2225,5394,6.99363814280089,7.22551025446259,6.47470973650659,6.39885416666667,7.08979730337078,6.95397293474231,121
"124",2013,7,6.86289855072464,69,7.26181818181818,6.1608,5.83333333333333,6.57695652173913,7.00586956521739,44,25,9,23,46,7688,5310,2378,489,2248,5440,6.99246475156087,7.22581111111111,6.4714095920942,6.38844580777096,7.08455026690391,6.95441176654412,122
"125",2013,8,6.936,75,7.09433962264151,6.55454545454545,6.96666666666667,7.18666666666667,6.87333333333333,53,22,3,15,60,7763,5363,2400,492,2263,5500,6.99191923354373,7.22451184038785,6.47217167083333,6.39197154471545,7.0852271321255,6.95352727454546,123
"126",2013,9,7.09054054054054,74,7.29583333333333,6.71153846153846,7.08571428571429,7.53571428571429,6.98666666666667,48,26,7,14,60,7837,5411,2426,499,2277,5560,6.99285045425546,7.22514452042137,6.47473701978566,6.40170340681363,7.08799692577953,6.95388489388489,124
"127",2013,10,7.1,78,7.4843137254902,6.37407407407407,6.33333333333333,6.77777777777778,7.14202898550725,51,27,3,9,69,7915,5462,2453,502,2286,5629,6.99390638155401,7.22756444525815,6.47362902975948,6.40129482071713,7.08677559055118,6.95619115473441,125
"128",2013,11,6.93245614035088,114,7.13703703703704,6.43030303030303,6.75,7.15789473684211,6.88736842105263,81,33,4,19,95,8029,5543,2486,506,2305,5724,6.99303387844065,7.22624156593902,6.47305390587289,6.40405138339921,7.08736182212581,6.9550489185884,126
"129",2013,12,6.96009174311927,109,7.13630136986301,6.60277777777778,7.2,7.2325,6.89887640449438,73,36,5,20,89,8138,5616,2522,511,2325,5813,6.99259265298599,7.22507247150997,6.47490563441713,6.41183953033268,7.08861032258064,6.95418888869775,127
"130",2014,1,7.00828358208955,134,7.24177777777778,6.53068181818182,6.36363636363636,7.46875,6.94584745762712,90,44,11,16,118,8272,5706,2566,522,2341,5931,6.99284683389749,7.22533596214511,6.47586204598597,6.41082375478927,7.09120845792396,6.95402293205193,128
"131",2014,2,6.99301075268817,93,7.20208333333333,6.27619047619048,6,7.25,6.93961038961039,72,21,3,16,77,8365,5778,2587,525,2357,6008,6.99284865630604,7.22504620976116,6.47424120989563,6.40847619047619,7.09228638099279,6.95383821737683,129
"132",2014,3,6.93396226415094,106,7.02597402597403,6.68965517241379,6.66666666666667,6.97142857142857,6.92826086956522,77,29,3,14,92,8471,5855,2616,528,2371,6100,6.99211179435722,7.22242818104185,6.4766292087156,6.40994318181818,7.09157275411219,6.95345246065574,130
"133",2014,4,6.95985915492958,71,7.209375,6.43913043478261,6.5,7.07692307692308,6.93362068965517,48,23,4,13,58,8542,5903,2639,532,2384,6158,6.99184371458675,7.22232203964086,6.47630239105722,6.41062030075188,7.09149286912751,6.9532656722962,131
"134",2014,5,7.21772151898734,79,7.37666666666667,6.71578947368421,5.83333333333333,7.2421052631579,7.21,60,19,3,19,60,8621,5963,2658,535,2403,6218,6.99391358427097,7.22387506288781,6.47801430022573,6.40738317757009,7.09268372867249,6.95574300578965,132
"135",2014,6,7.04421686746988,83,7.36525423728814,6.255,6.26666666666667,7.30666666666667,6.98632352941176,59,24,9,15,68,8704,6022,2682,544,2418,6286,6.99439326861213,7.22526021255397,6.47601864653244,6.40505514705882,7.0940111662531,6.95607381641744,133
"136",2014,7,6.97341772151899,79,7.17368421052632,6.45454545454545,6.42857142857143,7.08235294117647,6.94354838709677,57,22,7,17,62,8783,6079,2704,551,2435,6348,6.99420460093362,7.22477660799474,6.47584393860947,6.40535390199637,7.09392977412731,6.95595148235665,134
"137",2014,8,6.87297619047619,84,7.07792452830189,6.52258064516129,6.58333333333333,7.06833333333333,6.81969696969697,53,31,6,18,66,8867,6132,2735,557,2453,6414,6.99305616442991,7.22350733855186,6.47637367824497,6.4072710951526,7.09374194863432,6.95454942469598,135
"138",2014,9,7.1630612244898,98,7.48857142857143,6.57714285714286,6.1875,7.32142857142857,7.13666666666667,63,35,8,14,84,8965,6195,2770,565,2467,6498,6.99491455772448,7.22620290556901,6.47764693501805,6.4041592920354,7.09503404945277,6.95690366420437,136
"139",2014,10,6.90714285714286,112,7.2634328358209,6.37666666666667,6.35714285714286,6.905,6.90792682926829,67,45,7,30,82,9077,6262,2815,572,2497,6580,6.99383155337667,7.22660124560843,6.47603268561279,6.40358391608392,7.0927509010813,6.95629331458967,137
"140",2014,11,6.89217391304348,92,7.11903225806452,6.42333333333333,6.35,6.69117647058824,6.93773333333333,62,30,5,17,75,9169,6324,2845,577,2514,6655,6.99281153997164,7.22554664769134,6.47547698066784,6.40311958405546,7.0900354017502,6.95608414876033,138
"141",2014,12,6.96693069306931,101,7.24146666666667,6.175,5.25,6.90090909090909,6.9853164556962,75,26,6,22,79,9270,6399,2871,583,2536,6734,6.9925295587918,7.22573323956868,6.47275583768722,6.39125214408233,7.08839471608833,6.95642708791209,139
"142",2015,1,6.87581967213115,122,7.07027027027027,6.57604166666667,6.33333333333333,7.18947368421053,6.81796116504854,74,48,12,19,103,9392,6473,2919,595,2555,6837,6.99101352321124,7.22395597095628,6.47445426858513,6.39008403361345,7.08914637964775,6.95434108673395,140
"143",2015,2,7.00128205128205,117,7.33732394366197,6.48260869565217,6.75,7.245,6.95103092783505,71,46,8,20,97,9509,6544,2965,603,2575,6934,6.99113986854559,7.22518597188264,6.47458077908938,6.39485903814262,7.09035689320388,6.95429478079031,141
"144",2015,3,6.98021978021978,91,7.10508474576271,6.75,6.41666666666667,7.08571428571429,6.96103896103896,59,32,6,14,77,9600,6603,2997,609,2589,7011,6.99103635520833,7.22411282750265,6.47752152485819,6.39507389162562,7.09033178833526,6.95436885037798,142
"145",2015,4,6.9140404040404,99,7.18577464788732,6.225,5.66666666666667,6.88611111111111,6.92024691358025,71,28,3,18,81,9699,6674,3025,612,2607,7092,6.99025043922054,7.22370497452802,6.47518413553719,6.39150326797386,7.08892174913694,6.95397913282572,143
"146",2015,5,6.97630434782609,92,7.17218181818182,6.68513513513513,5.93333333333333,7.36666666666667,6.90025974025974,55,37,6,15,77,9791,6729,3062,618,2622,7169,6.99011939638444,7.22328384603953,6.47772110058785,6.38705501618123,7.09051067887109,6.95340214953271,144
"147",2015,6,6.83940298507463,67,7.11795454545455,6.30652173913044,5,6.61764705882353,6.9148,44,23,2,17,50,9858,6773,3085,620,2639,7219,6.98909505072023,7.22259958659383,6.47644473581848,6.38258064516129,7.08746456991284,6.95313478459621,145
"148",2015,7,6.94444444444444,117,7.16184210526316,6.54146341463415,6.85,6.93125,6.94653465346535,76,41,10,16,101,9975,6849,3126,630,2655,7320,6.98857132932331,7.22192539056797,6.47729750799744,6.39,7.08652316384181,6.95304371721312,146
"149",2015,8,6.89574468085106,94,7.16481481481481,6.5325,6.55,6.7,6.93291139240506,54,40,10,15,79,10069,6903,3166,640,2670,7399,6.98770473830569,7.22147863247863,6.47799494946304,6.3925,7.08435168539326,6.95282876199486,147
"150",2015,9,6.96666666666667,87,7.25,6.36964285714286,6.21428571428571,6.62105263157895,7.06323529411765,59,28,7,19,68,10156,6962,3194,647,2689,7467,6.98752451851123,7.22172033898305,6.47704508766437,6.39057187017001,7.08107809594645,6.95383420516941,148
"151",2015,10,6.98425742574257,101,7.19869565217391,6.521875,7.08,7.13545454545455,6.94215189873418,69,32,5,22,79,10257,7031,3226,652,2711,7546,6.98749234766501,7.22149438202247,6.47748977371358,6.39585889570552,7.08151936554777,6.95371190166976,149
"152",2015,11,6.85707547169811,106,7.19925373134328,6.26923076923077,5.97142857142857,6.99444444444444,6.82897727272727,67,39,7,18,88,10363,7098,3265,659,2729,7634,6.98615835279359,7.22128444632291,6.47500214701378,6.39135053110774,7.08094503481129,6.95227403851192,150
"153",2015,12,7.08458333333333,120,7.29,6.58571428571429,6.33333333333333,6.94428571428571,7.11434343434343,85,35,9,21,99,10483,7183,3300,668,2750,7733,6.98728503386435,7.22209759153557,6.47617636666667,6.39056886227545,7.07990145454545,6.95434889564205,151
"154",2016,1,6.85772727272727,110,7.13525641025641,6.18125,5.95833333333333,7.19473684210526,6.78736263736264,78,32,12,19,91,10593,7261,3332,680,2769,7824,6.98593967808931,7.22116471560391,6.47334394057623,6.38294117647059,7.08068941856266,6.95240669861963,152
"155",2016,2,6.83586206896552,87,6.99396551724138,6.51965517241379,6.33333333333333,7.34615384615385,6.74621621621622,58,29,3,13,74,10680,7319,3361,683,2782,7898,6.98471713576779,7.21936425741222,6.473743531687,6.38272327964861,7.08192990654206,6.95047480501393,153
"156",2016,3,6.9135593220339,118,7.11346153846154,6.52375,6.55,7.6,6.81359223300971,78,40,10,15,103,10798,7397,3401,693,2797,8001,6.98393952676422,7.21824753278356,6.47433167009703,6.38513708513708,7.08470825884877,6.94871266216723,154
"157",2016,4,6.85247619047619,105,7.00383333333333,6.65066666666667,6.71083333333333,7.01923076923077,6.82891304347826,60,45,12,13,92,10903,7457,3446,705,2810,8093,6.98267348527928,7.21652232801395,6.47663436157864,6.39068085106383,7.08440533807829,6.94735079822069,155
"158",2016,5,6.92584269662921,89,7.11935483870968,6.48148148148148,5.93333333333333,6.88823529411765,6.93472222222222,62,27,9,17,72,10992,7519,3473,714,2827,8165,6.9822133378821,7.21572110653013,6.47667204434207,6.38491596638655,7.08322568093385,6.94723943784446,156
"159",2016,6,6.94038461538462,104,7.34375,6.295,6.30555555555556,7.44230769230769,6.86868131868132,64,40,9,13,91,11096,7583,3513,723,2840,8256,6.98182128785148,7.2168016616115,6.47460347566183,6.38392807745505,7.08486936619718,6.94637354772287,157
"160",2016,7,6.95564516129032,93,7.22850877192982,6.52361111111111,6.51666666666667,7.43333333333333,6.88487654320988,57,36,9,12,81,11189,7640,3549,732,2852,8337,6.981603718831,7.2168890052356,6.47510059453367,6.38556010928961,7.08633555399719,6.94577605973372,158
"161",2016,8,6.98576,125,7.17406976744186,6.57051282051282,6.54166666666667,6.83526315789474,7.0127358490566,86,39,12,19,106,11314,7726,3588,744,2871,8443,6.98164963850097,7.21641237380275,6.47613768394649,6.38807795698924,7.08467398119122,6.94661672509772,159
"162",2016,9,6.79786324786325,117,7.02368421052632,6.37926829268293,6.84375,7.16666666666667,6.7171875,76,41,8,21,96,11431,7802,3629,752,2892,8539,6.97976852506343,7.21453499102794,6.47504326536236,6.39292553191489,7.0852693637621,6.94403735917555,160
"163",2016,10,6.85954198473282,131,7.18125,6.35490196078431,5.84444444444444,6.89090909090909,6.85321100917431,80,51,9,22,109,11562,7882,3680,761,2914,8648,6.97840633194949,7.21419715808171,6.47337826358695,6.38643889618922,7.08380199039121,6.94289257747456,161
"164",2016,11,6.962109375,128,7.14539473684211,6.69423076923077,6.37272727272727,6.85882352941176,6.97792792792793,76,52,11,17,111,11690,7958,3732,772,2931,8759,6.97822788793841,7.21354008544861,6.47645552250804,6.38624352331606,7.08249709996588,6.94333656924307,162
"165",2016,12,6.90434782608696,115,7.29810126582279,6.04027777777778,5.91666666666667,7.11590909090909,6.85430107526882,79,36,6,22,93,11805,8037,3768,778,2953,8852,6.97750817534943,7.21437128281698,6.47228821921443,6.38262210796915,7.0827460209956,6.94240115341166,163
"166",2017,1,6.9712962962963,162,7.31363636363636,6.24711538461538,6.20833333333333,7.275,6.91847826086957,110,52,6,24,138,11967,8147,3820,784,2977,8990,6.97742408373026,7.2157115502639,6.46922303926701,6.38128826530612,7.08429593550554,6.94203392769744,164
"167",2017,2,6.88777777777778,126,7.216,6.40509803921569,6.1,7.32857142857143,6.79961904761905,75,51,10,21,105,12093,8222,3871,794,2998,9095,6.97649003638469,7.21571418146437,6.46837819943167,6.37774559193954,7.08600700466978,6.94038977570094,165
"168",2017,3,6.78818181818182,110,7.1271186440678,6.39607843137255,5.57692307692308,7.25833333333333,6.73061224489796,59,51,13,12,98,12203,8281,3922,807,3010,9193,6.97479259280505,7.21508296099505,6.46743804436512,6.36484510532838,7.08669401993355,6.93815348743609,166
"169",2017,4,6.76816091954023,87,6.99679245283019,6.41176470588235,7,7.00384615384615,6.72675675675676,53,34,3,13,74,12290,8334,3956,810,3023,9267,6.97332986248983,7.21369474442045,6.46695955763397,6.3671975308642,7.08633774396295,6.93646541599223,167
"170",2017,5,6.76195652173913,92,7.13818181818182,6.2027027027027,5.875,6.07692307692308,6.8746835443038,55,37,12,13,79,12382,8389,3993,822,3036,9346,6.97175932886448,7.21319966622959,6.46451089656899,6.36001216545012,7.08201548089591,6.93594318531992,168
"171",2017,6,6.83854166666667,96,7.195,6.24444444444444,6.18571428571429,6.97857142857143,6.81463414634146,60,36,7,14,82,12478,8449,4029,829,3050,9428,6.97073441336753,7.21307042253521,6.46254455448002,6.35854041013269,7.0815406557377,6.93488810033942,169
"172",2017,7,6.91404494382023,89,7.27735849056604,6.37916666666667,6.62727272727273,7.53333333333333,6.78851351351351,53,36,11,15,74,12567,8502,4065,840,3065,9502,6.97033293626164,7.213471183251,6.46180615252152,6.36205952380952,7.08375171288744,6.93374815933488,170
"173",2017,8,6.79923076923077,130,7.1421686746988,6.1936170212766,6,6.84,6.79181818181818,83,47,8,20,110,12697,8585,4112,848,3085,9612,6.96858108293298,7.21278182877112,6.45874076118677,6.35864386792453,7.08217147487844,6.93212390865585,171
"174",2017,9,7.05842105263158,95,7.27931034482759,6.71216216216216,7.3,6.92307692307692,7.07987804878049,58,37,5,13,82,12792,8643,4149,853,3098,9694,6.96924828095685,7.21322827721856,6.46100072547602,6.36416178194607,7.08150387346675,6.93337373736332,172
"175",2017,10,6.74444444444444,108,7.05454545454545,6.25714285714286,8,7.02857142857143,6.70212765957447,66,42,1,14,94,12900,8709,4191,854,3112,9788,6.96736620232558,7.21202572051901,6.45895776902887,6.36607728337236,7.08126574550128,6.93115294340008,173
"176",2017,11,6.97408955223881,134,7.29761904761905,6.43056,6.6625,7.11153846153846,6.941,84,50,8,26,108,13034,8793,4241,862,3138,9896,6.96743532376861,7.21284339815763,6.45862296863947,6.3688283062645,7.08151657106437,6.93126040925627,174
"177",2017,12,6.74466990291262,103,7.04212280701754,6.37608695652174,5.925,6.22666666666667,6.83296590909091,57,46,12,15,88,13137,8850,4287,874,3153,9984,6.96568874248307,7.21174384180791,6.45773734779566,6.36273455377574,7.07744973041548,6.93039403145032,175
"178",2018,1,6.81020547945205,146,7.07724489795918,6.265,5.75,6.904,6.79082644628099,98,48,10,25,121,13283,8948,4335,884,3178,10105,6.96397974930362,7.210270786768,6.45560323183391,6.35580316742081,7.07608527375708,6.92872281147947,176
"179",2018,2,6.9519387755102,98,7.16212121212121,6.5184375,6.66666666666667,7.17933333333333,6.91084337349398,66,32,9,15,83,13381,9014,4367,893,3193,10188,6.96389156341081,7.20991823829599,6.45606366155255,6.35893617021276,7.07657031005324,6.9285771505693,177
"180",2018,3,7.0660396039604,101,7.19090909090909,6.83057142857143,6.36,7.16666666666667,7.04848837209302,66,35,10,15,86,13482,9080,4402,903,3208,10274,6.96465680240321,7.2097800660793,6.45904134711494,6.35894795127353,7.07699158354115,6.92958088475764,178
"181",2018,4,6.8328431372549,102,7.16470588235294,6.16911764705882,6.07777777777778,6.75625,6.84709302325581,68,34,9,16,86,13584,9148,4436,912,3224,10360,6.96366703548292,7.20944501530389,6.45681920874661,6.35617324561403,7.07539981389578,6.92889613996139,179
"182",2018,5,6.87861012658228,79,7.15291272727273,6.25,6.25,7.1,6.84652463768116,55,24,4,10,69,13663,9203,4460,916,3234,10429,6.96317523311132,7.20910716070847,6.45570628026905,6.3557096069869,7.07547588126159,6.92835115639084,180
"183",2018,6,7.0533734939759,83,7.3377358490566,6.551,7.16666666666667,6.87714285714286,7.08913043478261,53,30,3,14,69,13746,9256,4490,919,3248,10498,6.96371986105049,7.20984369057908,6.45634298663697,6.35835690968444,7.07462099753694,6.92940790722043,181
"184",2018,7,6.98571428571429,91,7.2140350877193,6.60294117647059,6.33333333333333,6.99090909090909,6.985,57,34,6,11,80,13837,9313,4524,925,3259,10578,6.96386450892535,7.20986934392784,6.45744474137931,6.35819459459459,7.07433844737649,6.92982834278692,182
"185",2018,8,6.84793103448276,87,7.08517857142857,6.41935483870968,6.25,7.36666666666667,6.80950617283951,56,31,8,6,81,13924,9369,4555,933,3265,10659,6.96314013286412,7.20912404739033,6.45718551262349,6.35726688102894,7.07487565084226,6.92891398911718,183
"186",2018,9,6.81034482758621,87,7,6.5875,7,6.70833333333333,6.82666666666667,47,40,3,12,75,14011,9416,4595,936,3277,10734,6.96219136464207,7.20808020390824,6.45831991512513,6.35932692307692,7.07353341470857,6.92819957238681,184
"187",2018,10,7.04117647058824,102,7.14027777777778,6.80333333333333,6.425,7.05,7.04021739130435,72,30,8,10,92,14113,9488,4625,944,3287,10826,6.96276221993906,7.20756568296796,6.46055784,6.35988347457627,7.0734618192881,6.92915150655829,185
"188",2018,11,6.88518518518519,108,7.08263888888889,6.49027777777778,6.77777777777778,7.33333333333333,6.79555555555556,72,36,9,18,90,14221,9560,4661,953,3305,10916,6.96217306870122,7.20662481171548,6.46078738682686,6.36383001049318,7.07487715582451,6.92805003755955,186
"189",2018,12,7.07012962962963,108,7.21632,6.73787878787879,6.4625,7.40666666666667,7.01584946236559,75,33,4,15,93,14329,9635,4694,957,3320,11009,6.96298675483286,7.20670028022834,6.4627354090328,6.36424242424242,7.07637620481928,6.92879173494414,187
"190",2019,1,6.92391304347826,115,7.36791044776119,6.30416666666667,6.45454545454545,7.44444444444444,6.82731958762887,67,48,11,18,97,14444,9702,4742,968,3338,11106,6.96267565840488,7.20781356421356,6.4611303268663,6.36526859504132,7.07836099460755,6.9279054754187,188
"191",2019,2,6.90019801980198,101,7.12375,6.51351351351351,6.16,7.22909090909091,6.86,64,37,5,11,90,14545,9766,4779,973,3349,11196,6.96224181574424,7.20726266639361,6.46153588826114,6.36421377183967,7.07885607644073,6.92735961146838,189
"192",2019,3,7.1476,100,7.10433333333333,7.2125,6.3,6.96875,7.18166666666667,60,40,10,16,84,14645,9826,4819,983,3365,11280,6.96350749129396,7.20663415428455,6.4677692488068,6.36356052899288,7.07833254086181,6.92925338741135,190
"193",2019,4,6.97162875,88,7.22850568965517,6.475,7.41666666666667,7.25,6.92767539473684,58,30,3,12,76,14733,9884,4849,986,3377,11356,6.963555999457,7.20676249797653,6.46781398432666,6.36676470588235,7.07894255256144,6.92924282669955,191
"194",2019,5,6.94255148148148,81,7.28767301886792,6.28928571428571,6.625,7.38888888888889,6.88675930555556,53,28,4,9,72,14814,9937,4877,990,3386,11428,6.9634411509383,7.20719404246755,6.46678901168751,6.36780808080808,7.07976639102185,6.92897516713336,192
"195",2019,6,6.91045348837209,86,7.19270909090909,6.40967741935484,5.6,7.58453846153846,6.79041095890411,55,31,5,13,73,14900,9992,4908,995,3399,11501,6.96313531610738,7.20711431144916,6.46642828239608,6.36394974874372,7.08169696969697,6.92809566211634,193
"196",2019,7,7.01942032608696,92,7.37029767857143,6.47361111111111,6.5,7.15,6.99793253164557,56,36,7,13,79,14992,10048,4944,1002,3412,11580,6.96348071504803,7.20802377289013,6.46648058454692,6.3649001996008,7.08195720984759,6.92857209671848,194
"197",2019,8,7.06327586206897,116,7.45871794871795,6.25157894736842,6.83333333333333,6.57142857142857,7.13078431372549,78,38,6,14,102,15108,10126,4982,1008,3426,11682,6.96424694731268,7.20995485581671,6.46484143115214,6.36768849206349,7.07987098657326,6.93033768875193,195
"198",2019,9,7.07412087912088,91,7.5076724137931,6.31212121212121,6.2,7.08333333333333,7.07230263157895,58,33,5,15,76,15199,10184,5015,1013,3441,11758,6.96490478847293,7.21165041928515,6.46383649252243,6.3668608094768,7.07988607962801,6.93125530532404,196
"199",2019,10,7.00377358490566,106,7.288,6.31612903225806,5.41666666666667,6.97222222222222,7.01022727272727,75,31,6,18,88,15305,10259,5046,1019,3459,11846,6.96517398758576,7.21220858465738,6.46292905469678,6.36126594700687,7.07932581671003,6.93184196184366,197
"200",2019,11,7.12275229357798,109,7.43930555555556,6.50675675675676,6.5625,7.275,7.0885393258427,72,37,8,20,89,15414,10331,5083,1027,3479,11935,6.96628830154405,7.21379129513116,6.46324808380877,6.3628334956183,7.08045070422535,6.93301046334311,198
"201",2019,12,6.90442477876106,113,7.29571428571429,6.26744186046512,6.33333333333333,7.08461538461538,6.881,70,43,9,13,100,15527,10401,5126,1036,3492,12035,6.96583808076254,7.21434264686088,6.4616055423332,6.36257722007722,7.08046620847651,6.9325783032821,199
"202",2020,1,6.98129237288136,177,7.17859631147541,6.54363636363636,5.80625,6.85526315789474,6.99644778481013,122,55,16,19,158,15704,10523,5181,1052,3511,12193,6.96601226630158,7.21392821628813,6.46247635784597,6.35411596958175,7.07924750783252,6.93340594029361,200
"203",2020,2,7.17098958333333,120,7.3351656626506,6.8027027027027,6.125,7.7,7.08960336538462,83,37,4,16,104,15824,10606,5218,1056,3527,12297,6.96756669489383,7.21487699132567,6.4648888482177,6.3532481060606,7.08206351006521,6.93472695616817,201
"204",2020,3,6.89578947368421,114,7.27791044776119,6.35106382978723,5.71428571428571,7.075,6.85765957446809,67,47,7,20,94,15938,10673,5265,1063,3547,12391,6.96705329275944,7.21527268528062,6.46387274643874,6.34904045155221,7.08202368198477,6.93414231135502,202
"205",2020,4,6.95954807692308,130,7.14391891891892,6.71591517857143,7.54333333333333,6.93961538461538,6.96453125,74,56,6,26,104,16068,10747,5321,1069,3573,12495,6.96699257094847,7.21478136875407,6.46652532606652,6.35574368568756,7.08098740554156,6.9343952484994,203
"206",2020,5,6.98879014814815,135,7.17466666666667,6.7564445,7.425,7.2918335,6.93608695652174,75,60,4,20,115,16203,10822,5381,1073,3593,12610,6.96717418379312,7.21450336074663,6.46975802453075,6.35972972972973,7.08216105482883,6.93441067644727,204
"207",2020,6,7.10549450549451,91,7.37068965517241,6.63939393939394,6.875,7.46923076923077,7.04487179487179,58,33,4,13,78,16294,10880,5414,1077,3606,12688,6.96794668589665,7.21533597150736,6.47079200775766,6.361643454039,7.08355648086522,6.93508974069988,205
"208",2020,7,6.95670071428571,98,7.2625,6.38107852941176,7.02583375,7.14,6.93587125,64,34,8,10,88,16392,10944,5448,1085,3616,12776,6.96787945156174,7.21561178453948,6.47023212187958,6.36654070967742,7.08371257466814,6.93509512366938,206
"209",2020,8,6.74824307692308,117,7.02535211267606,6.32053130434783,6.04545454545455,6.73076923076923,6.75042730769231,71,46,11,13,104,16509,11015,5494,1096,3629,12880,6.96632287903568,7.21438541715842,6.46897871132144,6.36331812956204,7.08244824193993,6.93360401708075,207
"210",2020,9,6.96858407079646,113,7.15192307692308,6.56,6.91666666666667,6.62727272727273,7.00539215686275,78,35,6,11,102,16622,11093,5529,1102,3640,12982,6.96633825111298,7.21394621563148,6.46955489962018,6.36633091651542,7.08107271153846,6.93416805885072,208
"211",2020,10,7.19745901639344,122,7.4616049382716,6.67560975609756,5.75,7.14117647058824,7.20657142857143,81,41,4,17,105,16744,11174,5570,1106,3657,13087,6.9680222413999,7.21574148648649,6.47107164093357,6.3641018716094,7.08135211101996,6.93635361350959,209
"212",2020,11,7.02481203007519,133,7.28235294117647,6.56875,6.4,6.60666666666667,7.07796610169492,85,48,8,15,118,16877,11259,5618,1114,3672,13205,6.96846977602655,7.21624437072564,6.47190620149519,6.36435966786355,7.07941303649237,6.93761906399091,210
"213",2020,12,6.98193991803279,122,7.38811407894737,6.31086956521739,6,6.77777777777778,7.01727567307692,76,46,4,18,104,16999,11335,5664,1118,3690,13309,6.96856644979116,7.21739673930305,6.47059834745762,6.36305605545617,7.07794164498645,6.93824152152679,211
"214",2021,1,6.93004904411765,136,7.15682174418605,6.54,5.7,6.76,6.95112950413223,86,50,5,15,121,17135,11421,5714,1123,3705,13430,6.96826073825503,7.21694061027931,6.47120564228211,6.36010389136242,7.07665443184885,6.93835763812361,212
"215",2021,2,6.95761467889908,109,7.30868852459016,6.51145833333333,5.16666666666667,7.51388888888889,6.84758241758242,61,48,6,18,91,17244,11482,5762,1129,3723,13521,6.9681934440965,7.21742803605644,6.47154096494272,6.35376144375553,7.07876837765243,6.93774669625028,213
"216",2021,3,6.92355339805825,103,7.31026229508197,6.36190476190476,6.025,7.00969230769231,6.91111111111111,61,42,4,13,90,17347,11543,5804,1133,3736,13611,6.96792838819392,7.21791862687343,6.47074759476223,6.3526007678729,7.07852801659529,6.9375705738006,214
"217",2021,4,7.03173076923077,104,7.225,6.66666666666667,6.6875,7.47222222222222,6.93953488372093,68,36,8,18,86,17451,11611,5840,1141,3754,13697,6.96830862128245,7.21796009904401,6.47195531506849,6.35494887817704,7.08041573521577,6.93758290720596,215
"218",2021,5,6.90619525252525,99,7.27609189655172,6.38292682926829,6.33333333333333,7.23333333333333,6.84777773809524,58,41,6,15,84,17550,11669,5881,1147,3769,13781,6.96795823817664,7.21824903933499,6.47133464376806,6.35483580645161,7.08102432210135,6.937035513388,216
"219",2021,6,7.105,90,7.41842105263158,6.56363636363636,6.35,7.06333333333333,7.11333333333333,57,33,6,15,75,17640,11726,5914,1153,3784,13856,6.968657430839,7.21922207402354,6.47184968549205,6.35481064180399,7.08095419397463,6.93798978132217,217
"220",2021,7,7.04739583333333,96,7.42222222222222,6.33181818181818,5.83333333333333,6.875,7.07202380952381,63,33,3,12,84,17736,11789,5947,1156,3796,13940,6.96908361975643,7.22030689965222,6.47107264839414,6.35345732698962,7.08030312697576,6.93879744691535,218
"221",2021,8,7.05470588235294,102,7.34363636363636,6.525,5.75,6.95454545454545,7.06681318681319,66,36,4,11,91,17838,11855,5983,1160,3807,14031,6.96957321897074,7.22099350822438,6.47139713187364,6.35137643965517,7.07993976096664,6.93962771078327,219
"222",2021,9,7.04053191489362,94,7.15796875,6.79,6,6.3125,7.10825581395349,64,30,2,8,86,17932,11919,6013,1162,3815,14117,6.9699451862592,7.22065509187013,6.47298670214535,6.35077166092943,7.0783304508519,6.94065498406177,220
"223",2021,10,6.75138343137255,102,7.05565654545455,6.39531914893617,6.45555555555556,7.16,6.65172085365854,55,47,9,20,82,18034,11974,6060,1171,3835,14199,6.96870900465787,7.21989720644731,6.472384330033,6.35157700256191,7.07875636766623,6.93898637368829,221
"224",2021,11,6.99100917431193,109,7.24646153846154,6.61363636363636,6.75,6.88888888888889,7.01120879120879,65,44,6,18,91,18143,12039,6104,1177,3853,14290,6.96884298021275,7.22004063045104,6.47340252948885,6.35360804587935,7.07786936672722,6.93944629251225,222
"225",2021,12,7.03243243243243,148,7.27244897959184,6.562,5.75,7.375,6.96612903225806,98,50,6,24,124,18291,12137,6154,1183,3877,14414,6.96935750861079,7.22046380077449,6.47412236594085,6.35054663567202,7.07970871034305,6.93967583738033,223
"226",2022,1,6.86282722513089,191,7.14464285714286,6.46329113924051,5.38888888888889,6.94166666666667,6.85149700598802,112,79,9,24,167,18482,12249,6233,1192,3901,14581,6.96825658424413,7.21977052412442,6.47398508583346,6.34328579697987,7.07885943860548,6.9386659022015,224
"227",2022,2,6.95942619047619,126,7.31230769230769,6.38599375,6.14196666666667,7.09814166666667,6.94482456140351,78,48,9,12,114,18608,12327,6281,1201,3913,14695,6.96819679116509,7.22035605986858,6.47331264766756,6.34177716069942,7.07891857142857,6.93871367948282,225
"228",2022,3,7.16691442477876,113,7.42668371794872,6.588,6.7,7.5144,7.09218634408602,78,35,5,20,93,18721,12405,6316,1206,3933,14788,6.96939625126863,7.22165340427247,6.47394818556048,6.34326233001658,7.08113307144673,6.93967885109549,226
"229",2022,4,7.02824427480916,131,7.25357142857143,6.62553191489362,6.5,7.04090909090909,7.0256880733945,84,47,1,22,109,18852,12489,6363,1207,3955,14897,6.96980517823043,7.22186808231244,6.4750678516423,6.34339218724109,7.08090932237674,6.94030817278647,227
"230",2022,5,7.31293103448276,116,7.70149253731343,6.78163265306122,8.2,7.89285714285714,7.23333333333333,67,49,5,14,102,18968,12556,6412,1212,3969,14999,6.97190358603965,7.22442740363173,6.47741059575795,6.35105146039604,7.08377333585286,6.94230087672512,228
"231",2022,6,7.05172413793103,116,7.35844155844156,6.44615384615385,6,6.97777777777778,7.05794392523365,77,39,2,9,107,19084,12633,6451,1214,3978,15106,6.97238876650597,7.2252442396897,6.47722163075492,6.35047312191104,7.08353352689794,6.94312000860586,229
"232",2022,7,7.08051020408163,98,7.27903225806452,6.73861111111111,6.14571428571429,7.50909090909091,7.02632183908046,62,36,7,11,87,19182,12695,6487,1221,3989,15193,6.97294115420707,7.22550693028752,6.47867222753198,6.34929923832924,7.08470703685134,6.94359644902258,230
"233",2022,8,7.13394495412844,109,7.35,6.74615384615385,8.25,7.26470588235294,7.10978260869565,70,39,3,17,92,19291,12765,6526,1224,4006,15285,6.97385087450107,7.22618961848806,6.4802707232608,6.35395781862745,7.08547088617074,6.94459671900556,231
"234",2022,9,7.09246816176471,136,7.29444448717949,6.82084482758621,6.63633333333333,7.3193125,7.06222225,78,58,3,16,120,19427,12843,6584,1227,4022,15405,6.97468126267566,7.22660415401386,6.48327092041312,6.35464822330888,7.08640113625062,6.94551298409607,232
"235",2022,10,7.09533238461538,130,7.28173,6.82452830188679,6.6,7.28636363636364,7.05641861111111,77,53,5,22,108,19557,12920,6637,1232,4044,15513,6.97548325919109,7.22693269040248,6.48599604339309,6.35564396915584,7.08748896389713,6.94628509830465,233
"236",2022,11,6.9641007751938,129,7.32814814814815,6.34977083333333,5.81666666666667,6.92876470588235,6.96946428571429,81,48,6,17,112,19686,13001,6685,1238,4061,15625,6.97540867113685,7.22756329205446,6.4850179117427,6.35303180129241,7.08682451859148,6.94645124672,234
"237",2022,12,7.02967741935484,155,7.35918367346939,6.46315789473684,5.21428571428571,7.11666666666667,7.01374045801527,98,57,7,24,131,19841,13099,6742,1245,4085,15756,6.97583262436369,7.22854800824491,6.48483309700385,6.34662921285141,7.08699984577723,6.94701070893628,235
