"","year","month","avg_rating","no_ratings","avg_rating_owned","avg_rating_not_owned","avg_rating_prev_owned","avg_rating_comment","avg_rating_no_comment","no_ratings_owned","no_ratings_not_owned","no_ratings_prev_owned","no_ratings_comment","no_ratings_no_comment","cum_no_ratings","cum_no_ratings_owned","cum_no_ratings_not_owned","cum_no_ratings_prev_owned","cum_no_ratings_comment","cum_no_ratings_no_comment","cum_avg_rating","cum_avg_rating_owned","cum_avg_rating_not_owned","cum_avg_rating_prev_owned","cum_avg_rating_comment","cum_avg_rating_no_comment","month_after_release"
"1",2009,11,8.27333333333333,15,8.9,7.02,7.5,7.5,8.46666666666667,10,5,1,3,12,15,10,5,1,3,12,8.27333333333333,8.9,7.02,7.5,7.5,8.46666666666667,0
"2",2009,12,8.44375,16,8.91666666666667,7.025,8.1,8.03333333333333,8.53846153846154,12,4,1,3,13,31,22,9,2,6,25,8.36129032258065,8.90909090909091,7.02222222222222,7.8,7.76666666666667,8.504,1
"3",2010,1,7.308,25,8.05,6.36363636363636,7.6,6.61111111111111,7.7,14,11,5,9,16,56,36,20,7,15,41,7.89107142857143,8.575,6.66,7.65714285714286,7.07333333333333,8.19024390243903,2
"4",2010,2,7.86617647058824,34,8.222,6.87777777777778,6.66666666666667,7.37857142857143,8.2075,25,9,6,14,20,90,61,29,13,29,61,7.88166666666667,8.43032786885246,6.72758620689655,7.2,7.22068965517241,8.19590163934426,3
"5",2010,3,7.61851851851852,54,8.25555555555555,6.98148148148148,7.8,6.90625,7.91842105263158,27,27,5,16,38,144,88,56,18,45,99,7.78298611111111,8.37670454545455,6.85,7.36666666666667,7.10888888888889,8.08939393939394,4
"6",2010,4,7.78787878787879,33,8.46666666666667,7.22222222222222,6.8,7.81818181818182,7.77272727272727,15,18,5,11,22,177,103,74,23,56,121,7.78389830508475,8.38980582524272,6.94054054054054,7.24347826086956,7.24821428571429,8.03181818181818,5
"7",2010,5,7.6027027027027,37,7.83913043478261,7.21428571428571,7.5,7.375,7.712,23,14,3,12,25,214,126,88,26,68,146,7.75257009345794,8.28928571428571,6.98409090909091,7.27307692307692,7.27058823529412,7.97705479452055,6
"8",2010,6,7.49090909090909,44,8.05909090909091,6.92272727272727,6.64285714285714,7.20625,7.65357142857143,22,22,7,16,28,258,148,110,33,84,174,7.70794573643411,8.25506756756757,6.97181818181818,7.13939393939394,7.25833333333333,7.925,7
"9",2010,7,7.17608695652174,46,7.72083333333333,6.58181818181818,6.58333333333333,7.16470588235294,7.18275862068965,24,22,6,17,29,304,172,132,39,101,203,7.62746710526316,8.18052325581395,6.90681818181818,7.05384615384615,7.24257425742574,7.81896551724138,8
"10",2010,8,7.50909090909091,55,7.84615384615385,7.20689655172414,7.34615384615385,7.5,7.515625,26,29,13,23,32,359,198,161,52,124,235,7.60933147632312,8.13661616161616,6.96086956521739,7.12692307692308,7.29032258064516,7.77765957446809,9
"11",2010,9,7.33809523809524,42,7.55882352941176,7.188,7.8,6.75,7.47647058823529,17,25,5,8,34,401,215,186,57,132,269,7.58092269326683,8.09093023255814,6.99139784946237,7.1859649122807,7.25757575757576,7.73959107806691,10
"12",2010,10,7.6,37,8.25555555555556,6.97894736842105,7.9,8.0625,7.47241379310345,18,19,5,8,29,438,233,205,62,140,298,7.58253424657534,8.10364806866953,6.99024390243902,7.24354838709677,7.30357142857143,7.71359060402684,11
"13",2010,11,7.35598591549296,71,8.04871794871795,6.51171875,7.16666666666667,7.11111111111111,7.43915094339623,39,32,9,18,53,509,272,237,71,158,351,7.55093320235756,8.09577205882353,6.92563291139241,7.23380281690141,7.28164556962025,7.672150997151,12
"14",2010,12,7.39236111111111,72,7.86333333333333,7.05595238095238,6.72222222222222,7.90526315789474,7.20849056603774,30,42,9,19,53,581,302,279,80,177,404,7.53128227194492,8.0726821192053,6.94525089605735,7.17625,7.34858757062147,7.61132425742574,13
"15",2011,1,7.675,72,8.24634146341463,6.91935483870968,5.5,7.66666666666667,7.67777777777778,41,31,7,18,54,653,343,310,87,195,458,7.54712863705972,8.09344023323615,6.94266129032258,7.04137931034483,7.37794871794872,7.61915938864629,14
"16",2011,2,7.59047619047619,63,8.12857142857143,6.91785714285714,6.87777777777778,7.47647058823529,7.63260869565217,35,28,9,17,46,716,378,338,96,212,504,7.55094273743017,8.09669312169312,6.94060650887574,7.02604166666667,7.38584905660377,7.6203869047619,15
"17",2011,3,7.54651162790698,43,8.01956521739131,7.0025,6.98,7.87916666666667,7.41774193548387,23,20,10,12,31,759,401,358,106,224,535,7.55069169960474,8.09226932668329,6.94406424581006,7.02169811320755,7.41227678571429,7.60864485981308,16
"18",2011,4,7.75425531914894,47,8.01666666666667,7.29117647058824,7.63333333333333,8.46333333333333,7.421875,30,17,3,15,32,806,431,375,109,239,567,7.56256203473945,8.08700696055684,6.9598,7.03853211009174,7.47824267782427,7.59810405643739,17
"19",2011,5,7.38793103448276,58,8.10833333333333,6.87941176470588,6.88888888888889,7.5,7.36170212765957,24,34,9,11,47,864,455,409,118,250,614,7.55083912037037,8.08813186813187,6.9531173594132,7.0271186440678,7.4792,7.58000814332248,18
"20",2011,6,7.53382352941177,34,8.06428571428571,7.1625,6.92857142857143,7.90909090909091,7.35434782608696,14,20,7,11,23,898,469,429,125,261,637,7.55019487750557,8.08742004264392,6.96287878787879,7.0216,7.49731800766283,7.57186028257457,19
"21",2011,7,7.23888888888889,36,7.65333333333333,6.94285714285714,7.33333333333333,7.44444444444444,7.17037037037037,15,21,3,9,27,934,484,450,128,270,664,7.53819593147752,8.07396694214876,6.96194444444444,7.02890625,7.49555555555556,7.55553463855422,20
"22",2011,8,7.52363636363636,55,7.82424242424242,7.07272727272727,7.16666666666667,7.22,7.6375,33,22,3,15,40,989,517,472,131,285,704,7.5373862487361,8.05802707930368,6.96710805084746,7.03206106870229,7.48105263157895,7.56019176136364,21
"23",2011,9,7.31935483870968,31,7.81428571428571,6.91176470588235,6.5,7.56666666666667,7.26,14,17,2,6,25,1020,531,489,133,291,729,7.53075980392157,8.05160075329567,6.96518404907975,7.02406015037594,7.48281786941581,7.54989711934156,22
"24",2011,10,7.54,35,8.33333333333333,6.7,7.86666666666667,7.95,7.376,18,17,3,10,25,1055,549,506,136,301,754,7.5310663507109,8.0608378870674,6.95627470355731,7.04264705882353,7.49833887043189,7.54413129973475,23
"25",2011,11,7.491,50,8.34782608695652,6.76111111111111,6.28571428571429,8,7.31216216216216,23,27,7,13,37,1105,572,533,143,314,791,7.52925339366516,8.07237762237762,6.94638836772983,7.00559440559441,7.51910828025478,7.5332806573957,24
"26",2011,12,7.74445692307692,65,8.27285714285714,7.12799,6.9,7.64705882352941,7.77895208333333,35,30,5,17,48,1170,607,563,148,331,839,7.54120914529914,8.0839373970346,6.95606518650089,7.00202702702703,7.52567975830816,7.5473357568534,25
"27",2012,1,7.46333333333333,60,8.00740740740741,7.01818181818182,5.88888888888889,6.87272727272727,7.59591836734694,27,33,9,11,49,1230,634,596,157,342,888,7.53741032520325,8.08067823343849,6.95950453020134,6.93821656050955,7.5046783625731,7.55001655405405,26
"28",2012,2,7.54642857142857,42,8.09444444444444,7.13541666666667,7.33333333333333,8.125,7.41029411764706,18,24,3,8,34,1272,652,620,160,350,922,7.53770809748428,8.08105828220859,6.96631403225806,6.945625,7.51885714285714,7.54486409978308,27
"29",2012,3,7.62333333333333,30,8.6,6.76875,6,9.63333333333333,7.4,14,16,1,3,27,1302,666,636,161,353,949,7.53968102918587,8.09196696696697,6.96134386792453,6.93975155279503,7.53682719546742,7.5407425711275,28
"30",2012,4,7.59404761904762,42,8.23,7.24074074074074,7,7.38888888888889,7.65,15,27,6,9,33,1344,681,663,167,362,982,7.54137998511905,8.09500734214391,6.97272202111614,6.94191616766467,7.53314917127072,7.54441415478615,29
"31",2012,5,8.1,32,8.65333333333333,7.61176470588235,7.18,7.51428571428571,8.264,15,17,5,7,25,1376,696,680,172,369,1007,7.55437114825581,8.10704022988506,6.98869808823529,6.94883720930233,7.53279132791328,7.56227874875869,30
"32",2012,6,7.30833333333333,42,8.4025,6.31363636363636,6.6,7.71428571428571,7.22714285714286,20,22,3,7,35,1418,716,702,175,376,1042,7.54708370944993,8.11529329608939,6.96754230769231,6.94285714285714,7.53617021276596,7.55102178502879,31
"33",2012,7,7.51904761904762,63,8.38235294117647,7.2,5.8,7.3125,7.58936170212766,17,46,5,16,47,1481,733,748,180,392,1089,7.54589108710331,8.12148703956344,6.9818378342246,6.91111111111111,7.52704081632653,7.55267649219467,32
"34",2012,8,7.0265306122449,49,8.1875,6.46363636363636,7,6.22,7.38235294117647,16,33,6,15,34,1530,749,781,186,407,1123,7.52925797385621,8.12289719626168,6.95994199743918,6.91397849462366,7.47886977886978,7.54751976847729,33
"35",2012,9,7.23780487804878,41,7.640625,6.98,7.5,6.96875,7.3030303030303,16,25,2,8,33,1571,765,806,188,415,1156,7.52165162316996,8.11281045751634,6.9605641439206,6.92021276595745,7.46903614457831,7.54054039792388,34
"36",2012,10,7.36862745098039,51,8.70625,6.75714285714286,7.3,6.72727272727273,7.545,16,35,5,11,40,1622,781,841,193,426,1196,7.51684013563502,8.12496798975672,6.9520983353151,6.9300518134715,7.44988262910798,7.54068954849498,35
"37",2012,11,7.425,56,8.295,6.94166666666667,8,7.9125,7.34375,20,36,2,8,48,1678,801,877,195,434,1244,7.51377514898689,8.12921348314607,6.95167012542759,6.94102564102564,7.45841013824885,7.53309059485531,36
"38",2012,12,7.13387096774194,62,7.68518518518519,6.70857142857143,6.5,6.125,7.28333333333333,27,35,3,8,54,1740,828,912,198,442,1298,7.50023833333333,8.11473429951691,6.94234067982456,6.93434343434343,7.43427601809955,7.5227000770416,37
"39",2013,1,7.375,68,7.96,7.13125,7.12222222222222,7,7.44736842105263,20,48,9,11,57,1808,848,960,207,453,1355,7.4955280420354,8.11108490566038,6.95178614583333,6.94251207729469,7.42373068432671,7.51953114391144,38
"40",2013,2,6.93877551020408,49,8.13157894736842,6.18333333333333,7.33333333333333,6.21428571428571,7.05952380952381,19,30,3,7,42,1857,867,990,210,460,1397,7.48083721055466,8.11153402537486,6.9284996969697,6.94809523809524,7.40532608695652,7.5057012884753,39
"41",2013,3,7.18070175438597,57,7.93181818181818,6.70857142857143,5.54166666666667,6,7.29423076923077,22,35,6,5,52,1914,889,1025,216,465,1449,7.47189900731452,8.10708661417323,6.92098995121951,6.90902777777778,7.39021505376344,7.49811228433402,40
"42",2013,4,7.33238095238095,42,8.03285714285714,6.98214285714286,7,7.376,7.31875,14,28,1,10,32,1956,903,1053,217,475,1481,7.46890322085889,8.1059357696567,6.92261604938272,6.90944700460829,7.38991578947368,7.49423679945982,41
"43",2013,5,7.506,50,8.26315789473684,7.04193548387097,6.4,7.16666666666667,7.61315789473684,19,31,5,12,38,2006,922,1084,222,487,1519,7.4698278664008,8.10917570498915,6.92602832103321,6.89797297297297,7.38441478439425,7.49721178406846,42
"44",2013,6,7.40232142857143,56,8.07058823529412,7.11102564102564,7.4,6.48571428571429,7.53326530612245,17,39,5,7,49,2062,939,1123,227,494,1568,7.46799451988361,8.10847710330138,6.93245298308103,6.9090308370044,7.37168016194332,7.49833845663265,43
"45",2013,7,7.37884615384615,52,7.89444444444444,7.10588235294118,8.5,8.31666666666667,7.25652173913043,18,34,2,6,46,2114,957,1157,229,500,1614,7.46580165562914,8.10445141065831,6.93754943820225,6.92292576419214,7.38302,7.49144653035935,44
"46",2013,8,7.19913793103448,58,7.75,6.90921052631579,7.2,8.16666666666667,7.02142857142857,20,38,4,9,49,2172,977,1195,233,509,1663,7.45868080110497,8.0971954964176,6.93664828451883,6.92768240343348,7.39687622789784,7.47759753457606,45
"47",2013,9,7.25964912280702,57,7.77391304347826,6.91176470588235,7.4,7.33333333333333,7.25098039215686,23,34,5,6,51,2229,1000,1229,238,515,1714,7.45359116195603,8.08976,6.93595988608625,6.93760504201681,7.3961359223301,7.47085455075846,46
"48",2013,10,7.38666666666667,45,8.26470588235294,6.85357142857143,5.83333333333333,7.41666666666667,7.38205128205128,17,28,3,6,39,2274,1017,1257,241,521,1753,7.45226679859279,8.09268436578171,6.9341246618934,6.92385892116183,7.39637236084453,7.46887889332572,47
"49",2013,11,7.20568181818182,44,7.87777777777778,6.74038461538461,7.15625,6.57142857142857,7.32567567567568,18,26,8,7,37,2318,1035,1283,249,528,1790,7.44758615185505,8.08894685990338,6.93019851909587,6.93132530120482,7.38543560606061,7.46591882681564,48
"50",2013,12,6.98888888888889,54,7.28947368421053,6.82571428571429,9,6.57142857142857,7.05106382978723,19,35,2,7,47,2372,1054,1318,251,535,1837,7.43714363406408,8.07453510436432,6.92742389984825,6.94780876494024,7.37478504672897,7.455304681546,49
"51",2014,1,7.35769230769231,78,7.87931034482759,7.04897959183673,7.25714285714286,8.41666666666667,7.26944444444444,29,49,14,6,72,2450,1083,1367,265,541,1909,7.43461416326531,8.06930747922437,6.93178105340161,6.96415094339623,7.38634011090573,7.44829476165531,50
"52",2014,2,7.358,50,8.20454545454546,6.69285714285714,7.3,7.5,7.32682926829268,22,28,8,9,41,2500,1105,1395,273,550,1950,7.43308188,8.072,6.92698544802867,6.97399267399267,7.3882,7.44574087179487,51
"53",2014,3,7.4775,60,7.82037037037037,7.1969696969697,7.57142857142857,7.78125,7.43076923076923,27,33,7,8,52,2560,1132,1428,280,558,2002,7.4341229296875,8.06599823321555,6.93322457983193,6.98892857142857,7.39383512544803,7.44535199800199,52
"54",2014,4,7.47444444444444,45,8.07647058823529,7.10892857142857,6.83333333333333,7.57142857142857,7.45657894736842,17,28,3,7,38,2605,1149,1456,283,565,2040,7.43481946257198,8.06615317667537,6.93660350274725,6.98727915194346,7.39603539823009,7.44556112745098,53
"55",2014,5,6.94907407407407,54,7.7,6.68625,5.5,7.41666666666667,6.890625,14,40,4,6,48,2659,1163,1496,287,571,2088,7.4249547574276,8.06174548581255,6.92990955882353,6.96655052264808,7.39625218914186,7.43280397509578,54
"56",2014,6,7.37352941176471,34,8.4,6.73809523809524,6.625,6.25,7.52333333333333,13,21,4,4,30,2693,1176,1517,291,575,2118,7.42430549572967,8.06548469387755,6.92725425181279,6.96185567010309,7.38827826086957,7.43408626062323,55
"57",2014,7,7.46914893617021,47,8.3125,7.03387096774194,7,7.5125,7.46025641025641,16,31,2,8,39,2740,1192,1548,293,583,2157,7.4250747080292,8.06880033557047,6.92938934108527,6.96211604095563,7.38998284734134,7.43455943439963,56
"58",2014,8,6.76285714285714,49,7.34117647058823,6.455625,6.98333333333333,7.41666666666667,6.67162790697674,17,32,6,6,43,2789,1209,1580,299,589,2200,7.41344019361779,8.05856906534325,6.91979411392405,6.96254180602007,7.39025466893039,7.41964759090909,57
"59",2014,9,6.87777777777778,54,7.16470588235294,6.74594594594595,6.875,6,6.96734693877551,17,37,4,5,49,2843,1226,1617,303,594,2249,7.40326581076328,8.04617455138662,6.91581614100185,6.96138613861386,7.37855218855219,7.40979310804802,58
"60",2014,10,7.24807692307692,52,7.79411764705882,6.98285714285714,6.66666666666667,6.96666666666667,7.26530612244898,17,35,3,3,49,2895,1243,1652,306,597,2298,7.4004783074266,8.04272727272727,6.91723650121065,6.95849673202614,7.3764824120603,7.40671222802437,59
"61",2014,11,6.9859649122807,57,7.39285714285714,6.85348837209302,7,6.5,7.02264150943396,14,43,4,4,53,2952,1257,1695,310,601,2351,7.39247449186992,8.03548926014319,6.9156192920354,6.95903225806452,7.37064891846922,7.39805389196087,60
"62",2014,12,7.19631481481481,54,7.86666666666667,6.66003333333333,6.25,7,7.22085416666667,24,30,4,6,48,3006,1281,1725,314,607,2399,7.388950665336,8.0323263075722,6.91117431884058,6.95,7.36698517298188,7.39450842017507,61
"63",2015,1,6.99366197183099,71,7.99130434782609,6.515625,7.16666666666667,6.83333333333333,7.00073529411765,23,48,6,3,68,3077,1304,1773,320,610,2467,7.37982960675983,8.03160276073619,6.90046570783982,6.9540625,7.36436065573771,7.3836545196595,62
"64",2015,2,7.24909090909091,55,8.10294117647059,6.8671052631579,6,7.42857142857143,7.22291666666667,17,38,6,7,48,3132,1321,1811,326,617,2515,7.37753374840358,8.03252081756245,6.89976570955273,6.93650306748466,7.36508914100486,7.38058675944334,63
"65",2015,3,7.00714285714286,56,8.1375,6.555,6.77222222222222,6.2,7.08627450980392,16,40,9,5,51,3188,1337,1851,335,622,2566,7.37102750941029,8.03377711293941,6.89231534305781,6.9320895522388,7.35572347266881,7.37473721745908,64
"66",2015,4,7.90128205128205,39,8.31176470588235,7.58409090909091,9.5,9.25,7.65606060606061,17,22,2,6,33,3227,1354,1873,337,628,2599,7.37743591571119,8.03726735598227,6.90044084356647,6.9473293768546,7.37382165605096,7.37830923432089,65
"67",2015,5,7.18863636363636,44,8.07368421052632,6.516,7.5,7.48,7.15128205128205,19,25,3,5,39,3271,1373,1898,340,633,2638,7.37489627025375,8.03777130371449,6.89537708113804,6.95220588235294,7.37466034755134,7.37495288097043,66
"68",2015,6,6.82,40,7.52142857142857,6.44230769230769,7,6.25,6.88333333333333,14,26,4,4,36,3311,1387,1924,344,637,2674,7.36819260042283,8.03255948089401,6.88925452182952,6.95276162790698,7.36759811616954,7.3683342183994,67
"69",2015,7,6.92555555555556,45,7.91428571428571,6.47903225806452,6.9375,6.25,7.01,14,31,4,5,40,3356,1401,1955,348,642,2714,7.36225735995233,8.03137758743754,6.88274971867008,6.95258620689655,7.35889408099688,7.3630529476787,68
"70",2015,8,6.76176470588235,51,7.4875,6.43,6.68571428571429,5.65833333333333,6.90888888888889,16,35,7,6,45,3407,1417,1990,355,648,2759,7.35326847666569,8.02523641496118,6.8747867839196,6.94732394366197,7.34314814814815,7.35564541500544,69
"71",2015,9,7.48235294117647,51,7.75625,7.35714285714286,6.88333333333333,7.3,7.50666666666667,16,35,6,6,45,3458,1433,2025,361,654,2804,7.35517226720648,8.02223307745987,6.88312380246914,6.94626038781163,7.34275229357798,7.35806907988588,70
"72",2015,10,6.88545454545455,55,7.87368421052632,6.36388888888889,6.5,7.32222222222222,6.8,19,36,2,9,46,3513,1452,2061,363,663,2850,7.34781830344435,8.02028925619834,6.87405419699175,6.94380165289256,7.34247360482655,7.34906164912281,71
"73",2015,11,7.2537037037037,54,7.74,6.96764705882353,7.22307692307692,7.22222222222222,7.26,20,34,13,9,45,3567,1472,2095,376,672,2895,7.34639352396972,8.01648097826087,6.87557312649165,6.95345744680851,7.34086309523809,7.34767727115717,72
"74",2015,12,7.21639344262295,61,8.42173913043478,6.48684210526316,6.65,5.9,7.33392857142857,23,38,6,5,56,3628,1495,2133,382,677,2951,7.34420774531422,8.02271571906354,6.86864777308954,6.94869109947644,7.33022156573117,7.34741636733311,73
"75",2016,1,6.73,50,7.36190476190476,6.27241379310345,4.33333333333333,7.07142857142857,6.67441860465116,21,29,3,7,43,3678,1516,2162,385,684,2994,7.33585799347472,8.01356200527704,6.86065018501388,6.92831168831169,7.3275730994152,7.33775073480294,74
"76",2016,2,6.92934782608696,46,7.35,6.68275862068965,5.25,5.87,7.22361111111111,17,29,4,10,36,3724,1533,2191,389,694,3030,7.33083665413534,8.00620352250489,6.85829561843907,6.91105398457584,7.30657060518732,7.33639462046205,75
"77",2016,3,7.24782608695652,46,8.025,6.83333333333333,5,6.7,7.31463414634146,16,30,4,5,41,3770,1549,2221,393,699,3071,7.32982379310345,8.00639767591995,6.85795844214318,6.89160305343511,7.30223175965665,7.33610410289808,76
"78",2016,4,6.89259259259259,54,8.23529411764706,6.27567567567568,5.34615384615385,5.41666666666667,7.07708333333333,17,37,13,6,48,3824,1566,2258,406,705,3119,7.32364950313808,8.00888250319285,6.84841705048716,6.84211822660099,7.28618439716312,7.33211789034947,77
"79",2016,5,7.12025,40,7.91428571428571,6.69269230769231,6.30333333333333,5.6,7.24351351351351,14,26,3,3,37,3864,1580,2284,409,708,3156,7.32154391821946,8.00804430379747,6.84664435201401,6.8381662591687,7.2790395480226,7.33107911913815,78
"80",2016,6,7.24375,48,7.935,6.75,7,8.25,7.15227272727273,20,28,7,4,44,3912,1600,2312,416,712,3200,7.32058939161555,8.00713125,6.84547391868512,6.84088942307692,7.28449438202247,7.32862053125,79
"81",2016,7,7.45217391304348,46,8.10454545454546,6.85416666666667,7.33333333333333,8.925,7.31190476190476,22,24,3,4,42,3958,1622,2336,419,716,3242,7.32211867104599,8.00845252774353,6.84556322773973,6.84441527446301,7.29365921787709,7.32840397902529,80
"82",2016,8,7.51,50,8.03333333333333,7.215625,6.66666666666667,7.46363636363636,7.52307692307692,18,32,6,11,39,4008,1640,2368,425,727,3281,7.3244625,8.0087256097561,6.8505640625,6.84190588235294,7.2962310866575,7.33071798232246,81
"83",2016,9,7.28135593220339,59,8.10526315789474,6.89,6.4,7.75,7.2078431372549,19,40,5,8,51,4067,1659,2408,430,735,3332,7.3238371526924,8.00983122362869,6.85121914451827,6.83676744186046,7.30117006802721,7.32883724489796,82
"84",2016,10,6.87333333333333,45,8.44615384615385,6.234375,6.25,7.6,6.7825,13,32,8,5,40,4112,1672,2440,438,740,3372,7.31890702821012,8.01322368421052,6.8431293852459,6.8260502283105,7.30318918918919,7.32235637603796,83
"85",2016,11,6.90962264150943,53,7.82727272727273,6.25838709677419,5,7,6.90020833333333,22,31,3,5,48,4165,1694,2471,441,745,3420,7.31369884753902,8.01080873671783,6.83579348441926,6.81362811791383,7.30115436241611,7.31643149122807,84
"86",2016,12,6.70833333333333,42,7.6525,5.85,5,7.375,6.63815789473684,20,22,4,4,38,4207,1714,2493,445,749,3458,7.30765526503447,8.00662777129521,6.82709414360208,6.79732584269663,7.30154873164219,7.30897793522267,85
"87",2017,1,6.96798,50,7.42857142857143,6.63444827586207,7.125,6.862375,6.98809523809524,21,29,4,8,42,4257,1735,2522,449,757,3500,7.30366565656566,7.99963112391931,6.82487894528152,6.80024498886414,7.29690752972259,7.30512734285714,86
"88",2017,2,7.05666666666667,39,7.59090909090909,6.84678571428571,6.36,6.08333333333333,7.23363636363636,11,28,5,6,33,4296,1746,2550,454,763,3533,7.30142334729982,7.99705612829324,6.82511949019608,6.79539647577093,7.28736435124509,7.30445958109255,87
"89",2017,3,7.400625,48,7.9892,6.76086956521739,7.875,7.5,7.39630434782609,25,23,4,2,46,4344,1771,2573,458,765,3579,7.30251949815838,7.99694522868436,6.82454516129032,6.80482532751092,7.28792026143791,7.30564003911707,88
"90",2017,4,7.1,40,7.66666666666667,6.76,6.75,6.5,7.16666666666667,15,25,4,4,36,4384,1786,2598,462,769,3615,7.30067169251825,7.99417133258678,6.8239240569669,6.80435064935065,7.28382184655397,7.30425607192254,89
"91",2017,5,7.45416666666667,48,8.04444444444444,7.1,6.6,7.83333333333333,7.4,18,30,5,6,42,4432,1804,2628,467,775,3657,7.30233409296029,7.99467294900222,6.827075608828,6.80216274089936,7.28807612903226,7.30535567404977,90
"92",2017,6,7.00540540540541,37,7.48125,6.64285714285714,6.5,6.5,7.05,16,21,2,3,34,4469,1820,2649,469,778,3691,7.29987574401432,7.99015934065934,6.82561521328803,6.80087420042644,7.28503727506427,7.30300344080195,91
"93",2017,7,6.87941176470588,34,7.27857142857143,6.6,8.33333333333333,6.85,6.88333333333333,14,20,3,4,30,4503,1834,2669,472,782,3721,7.2967010215412,7.98472737186477,6.82392457849382,6.81061440677966,7.28281202046036,7.29961991400161,92
"94",2017,8,7.15311111111111,45,7.285,7.0476,7,5.33333333333333,7.28309523809524,20,25,1,3,42,4548,1854,2694,473,785,3763,7.29528027704486,7.97717907227616,6.82600025983667,6.81101479915433,7.27536178343949,7.29943547701302,93
"95",2017,9,6.86571428571429,42,7.76,6.54838709677419,6,8,6.8380487804878,11,31,4,1,41,4590,1865,2725,477,786,3804,7.29134960784314,7.9758981233244,6.82284209174312,6.80421383647799,7.27628371501272,7.29446259200841,94
"96",2017,10,6.95609756097561,41,8.44285714285714,6.18518518518519,6.5,7.375,6.91081081081081,14,27,2,4,37,4631,1879,2752,479,790,3841,7.28838149427769,7.97937732836615,6.81658601017442,6.80294363256785,7.2767835443038,7.29076690965894,95
"97",2017,11,7.17222222222222,45,7.83823529411765,6.76785714285714,7.83333333333333,7.8,7.09375,17,28,6,5,40,4676,1896,2780,485,795,3881,7.28726362275449,7.97811181434599,6.81609521582734,6.81569072164949,7.28007421383648,7.28873633084257,96
"98",2017,12,6.76315789473684,38,7.34375,6.34090909090909,6.33333333333333,6,6.78378378378378,16,22,3,1,37,4714,1912,2802,488,796,3918,7.28303875689436,7.97280334728033,6.81236427551749,6.81272540983607,7.27846608040201,7.28396776416539,97
"99",2018,1,6.75423728813559,59,7.24545454545455,6.46216216216216,7.71428571428571,6.91666666666667,6.73584905660377,22,37,7,6,53,4773,1934,2839,495,802,3971,7.27650213702074,7.96452947259566,6.80780017611835,6.82547474747475,7.27575935162095,7.27665215311005,98
"100",2018,2,7.2475,40,7.88125,6.825,4.9,8.6,7.05428571428571,16,24,4,5,35,4813,1950,2863,499,807,4006,7.27626110533971,7.96384615384615,6.80794435906392,6.81004008016032,7.28396406443618,7.27470936095856,99
"101",2018,3,7.09880952380952,42,7.95,6.75833333333333,6.9375,7.125,7.09444444444444,12,30,4,6,36,4855,1962,2893,503,813,4042,7.2747259938208,7.96376146788991,6.80742989975803,6.81105367793241,7.28279089790898,7.27310383473528,100
"102",2018,4,7.11538461538461,39,8.03125,6.47826086956522,6.25,7.08333333333333,7.12121212121212,16,23,4,6,33,4894,1978,2916,507,819,4075,7.27345621168778,7.96430738119312,6.8048335733882,6.80662721893491,7.28132967032967,7.27187379141104,101
"103",2018,5,7.22589743589744,39,8.085,6.62826086956522,6.33333333333333,7.89,7.12823529411765,16,23,3,5,34,4933,1994,2939,510,824,4109,7.27308021487938,7.96527582748245,6.8034517522967,6.8038431372549,7.28502305825243,7.2706852518861,102
"104",2018,6,6.70869565217391,23,7.9,5.79230769230769,5,7.25,6.59473684210526,10,13,2,4,19,4956,2004,2952,512,828,4128,7.27046099677159,7.9649500998004,6.79899888211382,6.796796875,7.2848538647343,7.26757405523256,103
"105",2018,7,7.16666666666667,24,7.7,6.78571428571429,7,7.5,7.1,10,14,2,4,20,4980,2014,2966,514,832,4148,7.26996078313253,7.96363455809335,6.79893617666891,6.79758754863813,7.28588822115385,7.26676608003857,104
"106",2018,8,7.24864864864865,37,7.94117647058824,6.66,6.8,8.16666666666667,7.07096774193548,17,20,5,6,31,5017,2031,2986,519,838,4179,7.26980360773371,7.96344657804037,6.79800559276624,6.79761078998073,7.29219451073986,7.2653136396267,105
"107",2018,9,7.25645161290323,31,8.3,7.05576923076923,6.83333333333333,7.5,7.22037037037037,5,26,3,4,27,5048,2036,3012,522,842,4206,7.26972161251981,7.96427308447937,6.8002306440903,6.79781609195402,7.29318171021378,7.26502513076557,106
"108",2018,10,6.57941176470588,34,7.7,5.69473684210526,6.66666666666667,7.75,6.42333333333333,15,19,3,4,30,5082,2051,3031,525,846,4236,7.26510324675325,7.96234032179425,6.79330079181788,6.79706666666667,7.29534160756501,7.25906414069877,107
"109",2018,11,7.0009375,32,7.96363636363636,6.49666666666667,5.165,8,6.85821428571429,11,21,2,4,28,5114,2062,3052,527,850,4264,7.26345027375831,7.9623472356935,6.79125973132372,6.79087286527514,7.29865764705882,7.25643191838649,108
"110",2018,12,7.45578947368421,38,7.36571428571429,7.50833333333333,8,8.06,7.42222222222222,14,24,2,2,36,5152,2076,3076,529,852,4300,7.26486892468944,7.95832369942196,6.79685458387516,6.79544423440454,7.30044483568075,7.25781993023256,109
"111",2019,1,7.32913043478261,46,7.98285714285714,6.78,6.64285714285714,6.3,7.45463414634146,21,25,7,5,41,5198,2097,3101,536,857,4341,7.26543761061947,7.95856938483548,6.79671870364399,6.79345149253731,7.29460793465578,7.25967880672656,110
"112",2019,2,7.13103448275862,29,7.75384615384615,6.625,7,7.25,7.112,13,16,2,4,25,5227,2110,3117,538,861,4366,7.2646919265353,7.95730805687204,6.79583724735322,6.79421933085502,7.29440069686411,7.25883318827302,111
"113",2019,3,7.36935483870968,31,7.72222222222222,7.225,6.66666666666667,7,7.38166666666667,9,22,3,1,30,5258,2119,3139,541,862,4396,7.2653089958159,7.95630957999056,6.79884507805033,6.79351201478743,7.29405916473318,7.25967145131938,112
"114",2019,4,6.9741935483871,31,7.95833333333333,6.35263157894737,6.5,6.95,6.97777777777778,12,19,3,4,27,5289,2131,3158,544,866,4423,7.26360270372471,7.95632097606757,6.79616044965168,6.79189338235294,7.29246997690531,7.25795064435903,113
"115",2019,5,7.21764705882353,34,7.95,6.9125,7.5,7.72,7.13103448275862,10,24,1,5,29,5323,2141,3182,545,871,4452,7.26330916776254,7.95629145259224,6.79703793211816,6.79319266055046,7.2949242250287,7.25712392183288,114
"116",2019,6,7.4375,16,8.1,6.33333333333333,NA,10,7.07142857142857,10,6,0,2,14,5339,2151,3188,545,873,4466,7.26383118561528,7.95695955369595,6.79616521329987,6.79319266055046,7.30112142038946,7.25654180474698,115
"117",2019,7,7.26666666666667,30,7.45,7.10625,6.5,7.675,7.20384615384615,14,16,2,4,26,5369,2165,3204,547,877,4492,7.26384702924194,7.95368129330254,6.79771370162297,6.79212065813528,7.30282668187001,7.25623679875334,116
"118",2019,8,7.36216216216216,37,8.06666666666667,6.88181818181818,7.25,7.68,7.3125,15,22,4,5,32,5406,2180,3226,551,882,4524,7.26451992230855,7.95445871559633,6.79828725976441,6.795444646098,7.30496485260771,7.25663477011494,117
"119",2019,9,6.87096774193548,31,7.80769230769231,6.19444444444444,7,7.68,6.71538461538462,13,18,1,5,26,5437,2193,3244,552,887,4550,7.2622760161854,7.95358869129047,6.79493671393342,6.79581521739131,7.30707891770011,7.25354191208791,118
"120",2019,10,7.13870967741935,31,7.3,7.06190476190476,6.91666666666667,7.8,7.01153846153846,10,21,6,5,26,5468,2203,3265,558,892,4576,7.26157547549378,7.95062187925556,6.79665381316998,6.7971146953405,7.30984192825112,7.25216689248252,119
"121",2019,11,6.55714285714286,21,6.8,6.375,7,10,6.385,9,12,1,1,20,5489,2212,3277,559,893,4596,7.25888043359446,7.94594032549729,6.79510976502899,6.79747763864043,7.31285442329227,7.2483933202785,120
"122",2019,12,7.30526315789474,38,7.91176470588235,6.81428571428571,5.5,8.5,7.27297297297297,17,21,2,1,37,5527,2229,3298,561,894,4633,7.25919933055907,7.94567967698519,6.79523186779867,6.79285204991087,7.31418232662192,7.24858961795813,121
"123",2020,1,6.92888888888889,45,7.525,6.452,6.375,7,6.92,20,25,4,5,40,5572,2249,3323,565,899,4673,7.25653171213209,7.94193863939528,6.79264962383388,6.78989380530974,7.31243492769744,7.24577695270704,122
"124",2020,2,6.92247703703704,27,7.67586,6.60526315789474,7.16666666666667,8,6.78778666666667,8,19,3,3,24,5599,2257,3342,568,902,4697,7.25492080371495,7.94099551617191,6.79158429084381,6.7918838028169,7.31472172949002,7.24343678518203,123
"125",2020,3,7.33724137931034,29,7.90714285714286,6.80533333333333,6.625,8.75,7.23259259259259,14,15,4,2,27,5628,2271,3357,572,904,4724,7.25534498578536,7.94078682518714,6.79164572535001,6.79071678321678,7.3178971238938,7.24337480524979,124
"126",2020,4,6.906,25,8.22222222222222,6.165625,6.5,7.33333333333333,6.84772727272727,9,16,2,3,22,5653,2280,3373,574,907,4746,7.2538000318415,7.94189775438596,6.78867616365254,6.78970383275261,7.31794818081588,7.24154078803203,125
"127",2020,5,6.83125,16,6.76,6.86363636363636,6.83333333333333,9,6.68666666666667,5,11,3,1,15,5669,2285,3384,577,908,4761,7.25260744046569,7.93931154485777,6.7889198286052,6.78993067590988,7.31980066079295,7.23979260239446,126
"128",2020,6,6.50869565217391,23,7.4625,6,5,NA,6.50869565217391,8,15,3,0,23,5692,2293,3399,580,908,4784,7.24960147224174,7.93764800697776,6.78543827596352,6.7806724137931,7.31980066079295,7.2362777132107,127
"129",2020,7,6.975,30,7.39285714285714,6.609375,7.08333333333333,5.5,7.08035714285714,14,16,3,2,28,5722,2307,3415,583,910,4812,7.24816175812653,7.93434195058517,6.78461338213763,6.78222984562607,7.3158010989011,7.23537044472153,128
"130",2020,8,7.31923076923077,26,7.69285714285714,6.88333333333333,NA,NA,7.31923076923077,14,12,0,0,26,5748,2321,3427,583,910,4838,7.24848322546973,7.93288534252477,6.78495906040268,6.78222984562607,7.3158010989011,7.23582112029765,129
"131",2020,9,7.4952380952381,21,7.6,7.4,7.5,8.25,7.41578947368421,10,11,1,2,19,5769,2331,3438,584,912,4857,7.24938144912463,7.93145726297726,6.78692690517743,6.78345890410959,7.31784978070175,7.23652513485691,130
"132",2020,10,7.26470588235294,17,8.16666666666667,6.77272727272727,6.33333333333333,5.5,7.5,6,11,3,2,15,5786,2337,3449,587,914,4872,7.24942647424819,7.93206113821138,6.78688161786025,6.78115843270869,7.31387199124726,7.23733632594417,131
"133",2020,11,7.27027027027027,37,7.8,7.016,5.5,6.5,7.31428571428571,12,25,2,2,35,5823,2349,3474,589,916,4907,7.24955891808346,7.93138649638144,6.78853042602188,6.77680814940577,7.31209497816594,7.2378851803546,132
"134",2020,12,6.7525,40,7.36666666666667,6.384,6,6,6.79210526315789,15,25,3,2,38,5863,2364,3499,592,918,4945,7.24616776053215,7.92780324873096,6.78564009717062,6.77287162162162,7.30923638344226,7.23445957128413,133
"135",2021,1,7.40479166666667,48,7.86190476190476,7.04925925925926,7.7,9,7.29844444444444,21,27,5,3,45,5911,2385,3526,597,921,4990,7.24745585856877,7.92722301048218,6.78765873511061,6.7806365159129,7.3147437567861,7.23503658917836,134
"136",2021,2,7.00135135135135,37,7.68684210526316,6.27777777777778,5.5,5.5,7.08714285714286,19,18,2,2,35,5948,2404,3544,599,923,5025,7.2459249462004,7.92532316139767,6.7850690462754,6.77636060100167,7.31081148429036,7.23400648358209,135
"137",2021,3,7.30714285714286,28,7.93076923076923,6.76666666666667,6.375,8.66666666666667,7.144,13,15,4,3,25,5976,2417,3559,603,926,5050,7.24621177710843,7.92535245345469,6.78499148637258,6.77369817578773,7.31520410367171,7.2335609069307,136
"138",2021,4,6.875,12,7,6.78571428571429,NA,7,6.86363636363636,5,7,0,1,11,5988,2422,3566,603,927,5061,7.24546786573146,7.92344214698596,6.78499290521593,6.77369817578773,7.3148640776699,7.23275688203912,137
"139",2021,5,6.71739130434783,23,7.05555555555556,6.5,6,7.5,6.6,9,14,2,3,20,6011,2431,3580,605,930,5081,7.24344727665946,7.92022907445495,6.78387840782123,6.77114049586777,7.31546129032258,7.23026620350325,138
"140",2021,6,7.25909090909091,22,7.625,7.05,NA,6.83333333333333,7.32631578947368,8,14,0,3,19,6033,2439,3594,605,933,5100,7.24350432289077,7.91926071340713,6.78491505286589,6.77114049586777,7.31391103965702,7.23062403529412,139
"141",2021,7,6.65625,16,7.66666666666667,6.42307692307692,7,8,6.56666666666667,3,13,2,1,15,6049,2442,3607,607,934,5115,7.24195099685898,7.9189504013104,6.78361095092875,6.77189456342669,7.31464561027837,7.22867694623656,140
"142",2021,8,7.27941176470588,17,8.075,6.14285714285714,6.5,6.875,7.33333333333333,10,7,2,2,15,6066,2452,3614,609,936,5130,7.24205598087702,7.91958681892332,6.78236986718318,6.77100164203613,7.3137061965812,7.22898295906433,141
"143",2021,9,6.95789473684211,19,7.5,6.70769230769231,6.8,7.25,6.92352941176471,6,13,1,2,17,6085,2458,3627,610,938,5147,7.24116870665571,7.91856260374288,6.78210220567963,6.77104918032787,7.31357036247335,7.22797407810375,142
"144",2021,10,6.73703703703704,27,7.5,6.47,6.5,8,6.57916666666667,7,20,6,3,24,6112,2465,3647,616,941,5171,7.23894168520942,7.91737398782961,6.78039064984919,6.76840909090909,7.31575876726886,7.22496278862889,143
"145",2021,11,6.96944444444444,18,7.33333333333333,6.7875,7.25,7,6.96764705882353,6,12,2,1,17,6130,2471,3659,618,942,5188,7.23815033931484,7.91595583974099,6.78041396556436,6.76996763754045,7.31542356687898,7.22411961835004,144
"146",2021,12,7.28,30,7.6,7.12,6.63333333333333,6,7.37142857142857,10,20,3,2,28,6160,2481,3679,621,944,5216,7.2383541525974,7.91468233776703,6.78226004349008,6.769307568438,7.31263665254237,7.22491038726994,145
"147",2022,1,6.82547272727273,55,7.69047619047619,6.29120588235294,5.625,6.58333333333333,6.85512244897959,21,34,4,6,49,6215,2502,3713,625,950,5265,7.23470033467417,7.91280051159072,6.77776345273364,6.761984,7.30803052631579,7.22146886609687,146
"148",2022,2,7.7672,25,7.68181818181818,7.83428571428571,8.1,NA,7.7672,11,14,1,0,25,6240,2513,3727,626,950,5290,7.23683374679487,7.91178944687624,6.7817321438154,6.7641214057508,7.30803052631579,7.22404793572779,147
"149",2022,3,7.2,16,7.66666666666667,6.92,6.4,7.3,7.16666666666667,6,10,3,4,12,6256,2519,3737,629,954,5302,7.23673954283887,7.91120558951965,6.78210214075462,6.76238473767886,7.30799685534591,7.22391806488118,148
"150",2022,4,7.91579473684211,19,8.4250125,7.54545454545455,7,10,7.80000555555556,8,11,1,1,18,6275,2527,3748,630,955,5320,7.23879564621514,7.91283220419469,6.78434250266809,6.76276190476191,7.31081570680628,7.22586723308271,149
"151",2022,5,6.81666666666667,24,7.26,6.5,7,6.35,6.85909090909091,10,14,1,2,22,6299,2537,3762,631,957,5342,7.23718728052072,7.91025895940086,6.78328434343435,6.76313787638669,7.30880773249739,7.22435673530513,150
"152",2022,6,7.0836,25,7.54545454545455,6.72071428571429,7.5,7.875,6.93285714285714,11,14,1,4,21,6324,2548,3776,632,961,5363,7.2365801201771,7.90868405808477,6.78305235699153,6.76430379746836,7.31116441207076,7.22321530486668,151
"153",2022,7,7.40625,32,7.75,7.29166666666667,7.75,10,7.32258064516129,8,24,4,1,31,6356,2556,3800,636,962,5394,7.23743434235368,7.90818739436619,6.78626465789474,6.77050314465409,7.31395945945946,7.22378637004079,152
"154",2022,8,7.18586206896552,29,7.78,6.87315789473684,NA,7.16666666666667,7.18807692307692,10,19,0,3,26,6385,2566,3819,636,965,5420,7.23720010649961,7.90768783320342,6.78669696255565,6.77050314465409,7.31350155440414,7.2236150701107,153
"155",2022,9,7.57391304347826,23,7.5,7.64166666666667,NA,6.9,7.675,11,12,0,3,20,6408,2577,3831,636,968,5440,7.23840865792759,7.90594760574311,6.78937501957714,6.77050314465409,7.31222004132231,7.22527457352941,154
"156",2022,10,6.81176470588235,17,7.7,6.44166666666667,6.5,7,6.8,5,12,2,1,16,6425,2582,3843,638,969,5456,7.23727979455253,7.90554879163439,6.78828927920895,6.76965517241379,7.31189783281734,7.2240274340176,155
"157",2022,11,6.46935483870968,31,7.38888888888889,6.09318181818182,5.5,6.25,6.50185185185185,9,22,2,4,27,6456,2591,3865,640,973,5483,7.23359242255266,7.9037541412582,6.78433265200518,6.7656875,7.30753237410072,7.22047121648733,156
"158",2022,12,6.72916666666667,24,7.66666666666667,6.41666666666667,5.75,7.1,6.63157894736842,6,18,4,5,19,6480,2597,3883,644,978,5502,7.23172417901234,7.90320638428956,6.78262830285862,6.75937888198758,7.30647137014315,7.21843760087241,157
