"","year","month","avg_rating","no_ratings","avg_rating_owned","avg_rating_not_owned","avg_rating_prev_owned","avg_rating_comment","avg_rating_no_comment","no_ratings_owned","no_ratings_not_owned","no_ratings_prev_owned","no_ratings_comment","no_ratings_no_comment","cum_no_ratings","cum_no_ratings_owned","cum_no_ratings_not_owned","cum_no_ratings_prev_owned","cum_no_ratings_comment","cum_no_ratings_no_comment","cum_avg_rating","cum_avg_rating_owned","cum_avg_rating_not_owned","cum_avg_rating_prev_owned","cum_avg_rating_comment","cum_avg_rating_no_comment","month_after_release"
"1",2001,6,8,1,8,NA,NA,NA,8,1,0,0,0,1,1,1,0,0,0,1,8,8,NA,NA,NA,8,1
"2",2001,8,9,1,9,NA,NA,NA,9,1,0,0,0,1,2,2,0,0,0,2,8.5,8.5,NA,NA,NA,8.5,3
"3",2001,9,7,1,7,NA,NA,NA,7,1,0,0,0,1,3,3,0,0,0,3,8,8,NA,NA,NA,8,4
"4",2001,10,7.5,2,7.5,NA,NA,8,7,2,0,0,1,1,5,5,0,0,1,4,7.8,7.8,NA,NA,8,7.75,5
"5",2001,11,9,1,9,NA,NA,NA,9,1,0,0,0,1,6,6,0,0,1,5,8,8,NA,NA,8,8,6
"6",2001,12,8.25,2,8.25,NA,NA,NA,8.25,2,0,0,0,2,8,8,0,0,1,7,8.0625,8.0625,NA,NA,8,8.07142857142857,7
"7",2002,1,10,1,10,NA,NA,NA,10,1,0,0,0,1,9,9,0,0,1,8,8.27777777777778,8.27777777777778,NA,NA,8,8.3125,8
"8",2002,3,10,1,10,NA,NA,NA,10,1,0,0,0,1,10,10,0,0,1,9,8.45,8.45,NA,NA,8,8.5,10
"9",2002,4,10,2,10,10,NA,10,10,1,1,0,1,1,12,11,1,0,2,10,8.70833333333333,8.59090909090909,10,NA,9,8.65,11
"10",2002,5,7.5,2,7.5,NA,NA,7.5,NA,2,0,0,2,0,14,13,1,0,4,10,8.53571428571429,8.42307692307692,10,NA,8.25,8.65,12
"11",2002,6,8.25,2,9.5,7,7,NA,8.25,1,1,1,0,2,16,14,2,1,4,12,8.5,8.5,8.5,7,8.25,8.58333333333333,13
"12",2002,7,8.33333333333333,3,9.5,6,NA,10,7.5,2,1,0,1,2,19,16,3,1,5,14,8.47368421052632,8.625,7.66666666666667,7,8.6,8.42857142857143,14
"13",2002,8,8.75,4,8.75,NA,NA,9,8.66666666666667,4,0,0,1,3,23,20,3,1,6,17,8.52173913043478,8.65,7.66666666666667,7,8.66666666666667,8.47058823529412,15
"14",2002,9,7.66666666666667,3,8,7,NA,7.5,8,2,1,0,2,1,26,22,4,1,8,18,8.42307692307692,8.59090909090909,7.5,7,8.375,8.44444444444444,16
"15",2002,10,6,4,8,5.33333333333333,NA,6,6,1,3,0,1,3,30,23,7,1,9,21,8.1,8.56521739130435,6.57142857142857,7,8.11111111111111,8.09523809523809,17
"16",2002,11,8,5,9.33333333333333,6,NA,10,6.66666666666667,3,2,0,2,3,35,26,9,1,11,24,8.08571428571429,8.65384615384616,6.44444444444444,7,8.45454545454546,7.91666666666667,18
"17",2002,12,4,1,4,NA,NA,NA,4,1,0,0,0,1,36,27,9,1,11,25,7.97222222222222,8.48148148148148,6.44444444444444,7,8.45454545454546,7.76,19
"18",2003,1,9,3,9,NA,NA,9,9,3,0,0,1,2,39,30,9,1,12,27,8.05128205128205,8.53333333333333,6.44444444444444,7,8.5,7.85185185185185,20
"19",2003,3,8,2,8,NA,NA,9,7,2,0,0,1,1,41,32,9,1,13,28,8.04878048780488,8.5,6.44444444444444,7,8.53846153846154,7.82142857142857,22
"20",2003,4,8.83333333333333,6,8.83333333333333,NA,NA,10,8.6,6,0,0,1,5,47,38,9,1,14,33,8.14893617021277,8.55263157894737,6.44444444444444,7,8.64285714285714,7.93939393939394,23
"21",2003,5,7.95454545454545,11,7.94444444444444,8,NA,7.66666666666667,8.3,9,2,0,6,5,58,47,11,1,20,38,8.11206896551724,8.43617021276596,6.72727272727273,7,8.35,7.98684210526316,24
"22",2003,6,6.75,4,10,5.66666666666667,6,10,5.66666666666667,1,3,1,1,3,62,48,14,2,21,41,8.0241935483871,8.46875,6.5,6.5,8.42857142857143,7.81707317073171,25
"23",2003,7,6.5,8,7.5,5.5,3,6.33333333333333,6.6,4,4,1,3,5,70,52,18,3,24,46,7.85,8.39423076923077,6.27777777777778,5.33333333333333,8.16666666666667,7.68478260869565,26
"24",2003,8,8.22222222222222,9,8.6,7.75,7,7,8.83333333333333,5,4,1,3,6,79,57,22,4,27,52,7.89240506329114,8.41228070175438,6.54545454545455,5.75,8.03703703703704,7.81730769230769,27
"25",2003,9,8.18,5,8.18,NA,NA,8.5,8.1,5,0,0,1,4,84,62,22,4,28,56,7.90952380952381,8.39354838709677,6.54545454545455,5.75,8.05357142857143,7.8375,28
"26",2003,10,9,3,9,NA,NA,NA,9,3,0,0,0,3,87,65,22,4,28,59,7.94712643678161,8.42153846153846,6.54545454545455,5.75,8.05357142857143,7.89661016949152,29
"27",2003,11,9,1,9,NA,NA,9,NA,1,0,0,1,0,88,66,22,4,29,59,7.95909090909091,8.43030303030303,6.54545454545455,5.75,8.08620689655172,7.89661016949152,30
"28",2003,12,9,1,9,NA,NA,9,NA,1,0,0,1,0,89,67,22,4,30,59,7.97078651685393,8.43880597014925,6.54545454545455,5.75,8.11666666666667,7.89661016949152,31
"29",2004,1,6.66666666666667,3,6.5,7,NA,NA,6.66666666666667,2,1,0,0,3,92,69,23,4,30,62,7.92826086956522,8.38260869565217,6.56521739130435,5.75,8.11666666666667,7.83709677419355,32
"30",2004,2,8.3,5,8.3,NA,NA,8.875,6,5,0,0,4,1,97,74,23,4,34,63,7.94742268041237,8.37702702702703,6.56521739130435,5.75,8.20588235294118,7.80793650793651,33
"31",2004,3,8.36666666666667,6,8.36666666666667,NA,NA,NA,8.36666666666667,6,0,0,0,6,103,80,23,4,34,69,7.97184466019417,8.37625,6.56521739130435,5.75,8.20588235294118,7.85652173913043,34
"32",2004,4,7.5,12,7.7,6.5,6,8,6.8,10,2,1,7,5,115,90,25,5,41,74,7.92260869565217,8.30111111111111,6.56,5.8,8.17073170731707,7.78513513513514,35
"33",2004,5,7.5,2,7.5,NA,NA,8,7,2,0,0,1,1,117,92,25,5,42,75,7.91538461538462,8.28369565217391,6.56,5.8,8.16666666666667,7.77466666666667,36
"34",2004,6,8.25,6,8.3,8,NA,8.25,NA,5,1,0,6,0,123,97,26,5,48,75,7.93170731707317,8.28453608247423,6.61538461538461,5.8,8.17708333333333,7.77466666666667,37
"35",2004,7,9,2,9,NA,NA,9,NA,2,0,0,2,0,125,99,26,5,50,75,7.9488,8.2989898989899,6.61538461538461,5.8,8.21,7.77466666666667,38
"36",2004,8,8.71428571428571,7,8.71428571428571,NA,NA,8,9,7,0,0,2,5,132,106,26,5,52,80,7.98939393939394,8.32641509433962,6.61538461538461,5.8,8.20192307692308,7.85125,39
"37",2004,9,9,5,9,9,NA,9.33333333333333,8.5,4,1,0,3,2,137,110,27,5,55,82,8.02627737226277,8.35090909090909,6.7037037037037,5.8,8.26363636363637,7.86707317073171,40
"38",2004,10,8.66666666666667,3,8.66666666666667,NA,NA,9,8.5,3,0,0,1,2,140,113,27,5,56,84,8.04,8.35929203539823,6.7037037037037,5.8,8.27678571428572,7.88214285714286,41
"39",2004,11,7.4,10,8.57142857142857,4.66666666666667,6,7.6,7.2,7,3,1,5,5,150,120,30,6,61,89,7.99733333333333,8.37166666666667,6.5,5.83333333333333,8.22131147540984,7.8438202247191,42
"40",2004,12,8.5,4,8.5,NA,NA,8,9,4,0,0,2,2,154,124,30,6,63,91,8.01038961038961,8.3758064516129,6.5,5.83333333333333,8.21428571428572,7.86923076923077,43
"41",2005,1,7.88888888888889,9,8.28571428571429,6.5,NA,7,8.33333333333333,7,2,0,3,6,163,131,32,6,66,97,8.00368098159509,8.37099236641221,6.5,5.83333333333333,8.15909090909091,7.8979381443299,44
"42",2005,2,7.375,8,8.4,5.66666666666667,NA,7.625,7.125,5,3,0,4,4,171,136,35,6,70,101,7.97426900584795,8.37205882352941,6.42857142857143,5.83333333333333,8.12857142857143,7.86732673267327,45
"43",2005,3,7.22222222222222,9,7.8,6.5,8,9,6.33333333333333,5,4,1,3,6,180,141,39,7,73,107,7.93666666666666,8.35177304964539,6.43589743589744,6.14285714285714,8.16438356164384,7.78130841121495,46
"44",2005,4,8.66666666666667,3,10,6,NA,10,8,2,1,0,1,2,183,143,40,7,74,109,7.94863387978142,8.37482517482517,6.425,6.14285714285714,8.18918918918919,7.78532110091743,47
"45",2005,5,8.9,10,8.77777777777778,10,10,9,8.83333333333333,9,1,1,4,6,193,152,41,8,78,115,7.99792746113989,8.39868421052632,6.51219512195122,6.625,8.23076923076923,7.84,48
"46",2005,6,8.6,5,9.25,6,10,8.66666666666667,8.5,4,1,1,3,2,198,156,42,9,81,117,8.01313131313131,8.42051282051282,6.5,7,8.24691358024692,7.85128205128205,49
"47",2005,7,7.5,4,8.66666666666667,4,4,7,7.66666666666667,3,1,1,1,3,202,159,43,10,82,120,8.0029702970297,8.4251572327044,6.44186046511628,6.7,8.23170731707317,7.84666666666667,50
"48",2005,8,7.5,10,7.75,6.5,NA,7.66666666666667,7.42857142857143,8,2,0,3,7,212,167,45,10,85,127,7.97924528301886,8.39281437125749,6.44444444444444,6.7,8.21176470588236,7.82362204724409,51
"49",2005,9,7.65454545454545,11,8.13333333333333,5.5,6,7.275,8.66666666666667,9,2,1,8,3,223,176,47,11,93,130,7.96322869955157,8.37954545454546,6.40425531914894,6.63636363636364,8.13118279569893,7.84307692307692,52
"50",2005,10,9.25,4,9.33333333333333,9,NA,9.25,NA,3,1,0,4,0,227,179,48,11,97,130,7.98590308370044,8.39553072625699,6.45833333333333,6.63636363636364,8.17731958762887,7.84307692307692,53
"51",2005,11,8.54545454545454,11,9,7.33333333333333,NA,8.125,9.66666666666667,8,3,0,8,3,238,187,51,11,105,133,8.01176470588235,8.42139037433155,6.50980392156863,6.63636363636364,8.17333333333334,7.88421052631579,54
"52",2005,12,8.64285714285714,7,8.41666666666667,10,NA,8.875,8.33333333333333,6,1,0,4,3,245,193,52,11,109,136,8.02979591836734,8.42124352331606,6.57692307692308,6.63636363636364,8.19908256880734,7.89411764705882,55
"53",2006,1,8.44444444444444,9,9,4,NA,8.16666666666667,9,8,1,0,6,3,254,201,53,11,115,139,8.04448818897638,8.44427860696518,6.52830188679245,6.63636363636364,8.19739130434783,7.91798561151079,56
"54",2006,2,7.5,4,8.66666666666667,4,NA,7.5,NA,3,1,0,4,0,258,204,54,11,119,139,8.0360465116279,8.44754901960784,6.48148148148148,6.63636363636364,8.17394957983194,7.91798561151079,57
"55",2006,3,8,10,8.28571428571429,7.33333333333333,NA,8,8,7,3,0,6,4,268,211,57,11,125,143,8.03470149253731,8.44218009478673,6.52631578947368,6.63636363636364,8.1656,7.92027972027972,58
"56",2006,4,8.5,2,8.5,NA,NA,8.5,NA,2,0,0,2,0,270,213,57,11,127,143,8.03814814814815,8.44272300469484,6.52631578947368,6.63636363636364,8.17086614173228,7.92027972027972,59
"57",2006,5,7.72727272727273,11,7.5,8.33333333333333,NA,7.33333333333333,7.875,8,3,0,3,8,281,221,60,11,130,151,8.02597864768683,8.40859728506788,6.61666666666667,6.63636363636364,8.15153846153846,7.91788079470199,60
"58",2006,6,7.8,5,7,8.33333333333333,NA,8.33333333333333,7,2,3,0,3,2,286,223,63,11,133,153,8.02202797202797,8.39596412556054,6.6984126984127,6.63636363636364,8.15563909774436,7.90588235294118,61
"59",2006,7,8.41666666666667,12,8.75,7.75,9,8.66666666666667,8.33333333333333,8,4,1,3,9,298,231,67,12,136,162,8.03791946308725,8.40822510822511,6.76119402985075,6.83333333333333,8.16691176470589,7.92962962962963,62
"60",2006,8,7,7,8.75,4.66666666666667,NA,8,6.6,4,3,0,2,5,305,235,70,12,138,167,8.01409836065574,8.41404255319149,6.67142857142857,6.83333333333333,8.16449275362319,7.88982035928144,63
"61",2006,9,8.68181818181818,11,9.3125,7,NA,9.66666666666667,7.5,8,3,0,6,5,316,243,73,12,144,172,8.0373417721519,8.44362139917696,6.68493150684932,6.83333333333333,8.22708333333333,7.87848837209302,64
"62",2006,10,7.5,8,8.5,4.5,5,4.5,8.5,6,2,1,2,6,324,249,75,13,146,178,8.02407407407407,8.44497991967872,6.62666666666667,6.69230769230769,8.17602739726028,7.89943820224719,65
"63",2006,11,7.64736842105263,19,8.06153846153846,6.75,8.25,8,7.48461538461538,13,6,2,6,13,343,262,81,15,152,191,8.00320699708455,8.42595419847329,6.6358024691358,6.9,8.16907894736842,7.87120418848167,66
"64",2006,12,8.03571428571429,14,8.36363636363636,6.83333333333333,NA,8.16666666666667,7.9375,11,3,0,6,8,357,273,84,15,158,199,8.00448179271709,8.42344322344323,6.64285714285714,6.9,8.16898734177215,7.87386934673367,67
"65",2007,1,8.245,20,8.19333333333333,8.4,NA,8.08181818181818,8.44444444444444,15,5,0,11,9,377,288,89,15,169,208,8.01724137931034,8.41145833333334,6.74157303370786,6.9,8.16331360946746,7.89855769230769,68
"66",2007,2,8.49271090909091,11,8.98333333333333,7.903964,7,8.56666666666667,8.403964,6,5,1,6,5,388,294,94,16,175,213,8.03072118556701,8.42312925170068,6.80340234042553,6.90625,8.17714285714286,7.91042169014084,69
"67",2007,3,7.71428571428571,14,7.61111111111111,7.9,7,7.8125,7.58333333333333,9,5,1,8,6,402,303,99,17,183,219,8.01970104477612,8.3990099009901,6.85878606060606,6.91176470588235,8.16120218579235,7.9014603652968,70
"68",2007,4,8.09090909090909,11,8.57142857142857,7.25,NA,7.66666666666667,8.6,7,4,0,6,5,413,310,103,17,189,224,8.02159762711864,8.40290322580645,6.87397883495146,6.91176470588235,8.14550264550265,7.91705276785714,71
"69",2007,5,8.55454545454545,11,8.7,7.1,NA,9.33333333333333,8.2625,10,1,0,3,8,424,320,104,17,192,232,8.03542410377358,8.4121875,6.87615211538462,6.91176470588235,8.1640625,7.92896474137931,72
"70",2007,6,7.3,8,7.2,7.46666666666667,NA,8,7.2,5,3,0,1,7,432,325,107,17,193,239,8.02180513888889,8.39353846153846,6.89270859813084,6.91176470588235,8.16321243523316,7.90761430962343,73
"71",2007,7,8.63157894736842,19,8.93333333333333,7.5,8,8.4,8.71428571428571,15,4,3,5,14,451,340,111,20,198,253,8.04749405764966,8.41735294117647,6.91459297297297,7.075,8.16919191919192,7.95225225296443,74
"72",2007,8,8.36363636363636,11,8.44444444444444,8,8,8,8.57142857142857,9,2,1,4,7,462,349,113,21,202,260,8.05502125541125,8.41805157593124,6.93380371681416,7.11904761904762,8.16584158415842,7.96892238461538,75
"73",2007,9,7.90909090909091,11,8.22222222222222,6.5,7,9,7.28571428571429,9,2,1,4,7,473,358,115,22,206,267,8.05162752642706,8.41312849162011,6.92625930434783,7.11363636363636,8.18203883495146,7.95101056179775,76
"74",2007,10,8.21428571428571,7,7.9,9,9,9,8.08333333333333,5,2,1,1,6,480,363,117,23,207,273,8.053999625,8.40606060606061,6.96170786324786,7.19565217391304,8.18599033816425,7.95391875457875,77
"75",2007,11,8.3,15,8.42307692307692,7.5,9,7.85714285714286,8.6875,13,2,1,7,8,495,376,119,24,214,281,8.06145418181818,8.40664893617021,6.97075478991597,7.27083333333333,8.17523364485982,7.97480362989324,78
"76",2007,12,7.85294058823529,17,8.79166583333333,5.6,8,8.56249875,7.22222222222222,12,5,1,8,9,512,388,124,25,222,290,8.05453087890625,8.41855667525773,6.91548241935484,7.3,8.18918914414415,7.95144765517241,79
"77",2008,1,8.51666666666667,15,8.39583333333333,9,NA,8.75,8.43181818181818,12,3,0,4,11,527,400,127,25,226,301,8.06768464895635,8.417874975,6.96472299212598,7.3,8.199115,7.96900272425249,80
"78",2008,2,7.72222222222222,9,8.0625,5,NA,8.625,7,8,1,0,4,5,536,408,128,25,230,306,8.06188397388059,8.41090683823529,6.94937359375,7.3,8.20652169565218,7.95316934640523,81
"79",2008,3,7.88888888888889,18,8.30769230769231,6.8,NA,8.25,7.6,13,5,0,8,10,554,421,133,25,238,316,8.05626319494585,8.4077196912114,6.94375804511278,7.3,8.20798315126051,7.94199310126582,82
"80",2008,4,8,12,8.5,5.5,5,8.4,7.71428571428571,10,2,1,5,7,566,431,135,26,243,323,8.05507033568904,8.40986076566125,6.92236903703704,7.21153846153846,8.21193411522634,7.93705826625387,83
"81",2008,5,8,7,8.4,7,NA,9.33333333333333,7,5,2,0,3,4,573,436,137,26,246,327,8.05439757417103,8.40974768348624,6.92350233576642,7.21153846153846,8.22560971544716,7.92559577981651,84
"82",2008,6,8.77272727272727,11,8.85,8,NA,9.25,8.5,10,1,0,4,7,584,446,138,26,250,334,8.06792775684931,8.41961881165919,6.93130304347826,7.21153846153846,8.24199996,7.93763419161677,85
"83",2008,7,7.94333333333333,15,8.71428571428571,7.26875,5,7.62857142857143,8.21875,7,8,2,7,8,599,453,146,28,257,342,8.06480769616026,8.42417216335541,6.94979328767123,7.05357142857143,8.22529178988327,7.94421,86
"84",2008,8,8.25,8,8.57142857142857,6,6,8,9,7,1,1,6,2,607,460,147,29,263,344,8.06724845140033,8.42641302173913,6.94333210884354,7.01724137931035,8.22015205323194,7.95034831395349,87
"85",2008,9,7.27777777777778,18,7.84615384615385,5.8,5.75,7.5,7,13,5,4,10,8,625,473,152,33,273,352,8.044511696,8.41046509513742,6.9057225,6.86363636363636,8.19377285714286,7.92874948863636,88
"86",2008,10,7.63636363636364,11,8,7.33333333333333,6.5,8,7.5,5,6,2,3,8,636,478,158,35,276,360,8.03745253144654,8.40617152719665,6.92196088607595,6.84285714285714,8.19166663043478,7.91922172222222,89
"87",2008,11,7.61538461538461,13,8.44444444444444,5.75,5.66666666666667,7.83333333333333,7.55,9,4,3,3,10,649,487,162,38,279,370,8.02899816640986,8.40687882956879,6.89302358024691,6.75,8.18781358422939,7.90924275675676,90
"88",2008,12,7.42857142857143,14,8.25,6.33333333333333,4.66666666666667,7,7.75,8,6,3,6,8,663,495,168,41,285,378,8.01631947209653,8.40434341414141,6.87303464285714,6.59756097560976,8.16280698245614,7.90587253968254,91
"89",2009,1,8.07321428571429,28,8.53947368421053,7.08888888888889,7.2,8.05714285714286,8.07857142857143,19,9,4,7,21,691,514,177,45,292,399,8.01862490593343,8.40933850194553,6.88401028248588,6.65111111111111,8.16027393835617,7.91496195488722,92
"90",2009,2,7.325,20,7.65384615384615,6.71428571428571,7,7.28571428571429,7.34615384615385,13,7,2,7,13,711,527,184,47,299,412,7.99911365682138,8.3907020683112,6.87755336956522,6.66595744680851,8.13979929765886,7.89701412621359,93
"91",2009,3,7.33333333333333,27,7.92857142857143,6.69230769230769,6.625,7.61111111111111,7.19444444444444,14,13,8,9,18,738,541,197,55,308,430,7.9747558401084,8.37874304990758,6.865329035533,6.66,8.12435061688312,7.86760423255814,94
"92",2009,4,7.72222222222222,18,8.5,6.94444444444444,6.78571428571429,7.35,8.1875,9,9,7,10,8,756,550,206,62,318,438,7.96874313492063,8.38072725454546,6.86878553398058,6.6741935483871,8.09999996855346,7.87344707762557,95
"93",2009,5,7.33333333333333,12,8.05555555555556,5.16666666666667,5,7.5,7.25,9,3,1,4,8,768,559,209,63,322,446,7.95881485677083,8.37549193202147,6.84435320574163,6.64761904761905,8.09254655279503,7.86226417040359,96
"94",2009,6,7.17647058823529,17,8,6.6,6.5,8.3,6.70833333333333,7,10,4,5,12,785,566,219,67,327,458,7.94187236942675,8.37084803886926,6.83319552511416,6.63880597014925,8.09571862385321,7.83203017467249,97
"95",2009,7,7.66428571428571,14,8.0375,7.16666666666667,8.33333333333333,7.75,7.63,8,6,3,4,10,799,574,225,70,331,468,7.93700852315394,8.36620207317073,6.84208808888889,6.71142857142857,8.09154075528701,7.82771329059829,98
"96",2009,8,7.65625,16,8.375,6.9375,8,7.75,7.6,8,8,3,6,10,815,582,233,73,337,478,7.9314966993865,8.36632300687285,6.84536403433476,6.76438356164384,8.08545991097923,7.82294941422594,99
"97",2009,9,7,13,7.5,5.875,8,7.2,6.875,9,4,1,5,8,828,591,237,74,342,486,7.91687175120773,8.35313027072758,6.82898658227848,6.78108108108108,8.07251459064327,7.80734530864198,100
"98",2009,10,7.39565217391304,23,8.31538461538462,6.2,7,7.5,7.38,13,10,4,3,20,851,604,247,78,345,506,7.90278473560517,8.35231786423841,6.80352153846154,6.79230769230769,8.06753620289855,7.79045418972332,101
"99",2009,11,7.77173913043478,23,7.82692307692308,7.7,7.20833333333333,8,7.671875,13,10,6,7,16,874,617,257,84,352,522,7.89933616704805,8.34124795786062,6.8384039688716,6.82202380952381,8.06619315340909,7.78681957854406,102
"100",2009,12,7.97222222222222,18,8.53846153846154,6.5,NA,8.125,7.92857142857143,13,5,0,4,14,892,630,262,84,356,536,7.90080696188341,8.34531744444445,6.8319458778626,6.82202380952381,8.06685390449438,7.79052205223881,103
"101",2010,1,7.94,15,8.41,7,6.75,9,7.86428571428571,10,5,4,1,14,907,640,267,88,357,550,7.90145513781698,8.346328109375,6.8350929588015,6.81875,8.06946775910364,7.79239967272727,104
"102",2010,2,8,17,8.9375,7.16666666666667,8,8.4,7.83333333333333,8,9,1,5,12,924,648,276,89,362,562,7.90326819264069,8.35362652777778,6.84590514492754,6.83202247191011,8.07403312154696,7.79327370106762,105
"103",2010,3,8.33333333333333,9,8.28571428571429,8.5,8.5,8.66666666666667,8.16666666666667,7,2,2,3,6,933,655,278,91,365,568,7.90741673097535,8.3529007480916,6.85780510791367,6.86868131868132,8.07890408219178,7.79721799295775,106
"104",2010,4,7.58,15,8.41111111111111,6.33333333333333,8,6.925,7.81818181818182,9,6,1,4,11,948,664,284,92,369,579,7.90223608649789,8.3536897439759,6.84672471830986,6.88097826086956,8.06639563685636,7.79761626943005,107
"105",2010,5,7.61538461538461,13,8.25,6.6,8.5,7.8,7.5,8,5,2,5,8,961,672,289,94,374,587,7.89835568158168,8.35245534226191,6.84245612456747,6.91542553191489,8.06283419786096,7.79356017035775,108
"106",2010,6,8.05714285714286,7,8.48,7,6,8.08,8,5,2,1,5,2,968,677,291,95,379,589,7.89950393595041,8.35339732644018,6.84353890034364,6.90578947368421,8.0630606596306,7.79426115449915,109
"107",2010,7,7.875,4,8.16666666666667,7,NA,9,7.5,3,1,0,1,3,972,680,292,95,380,592,7.89940309670782,8.35257351470588,6.8440747260274,6.90578947368421,8.06552628947368,7.79276996621622,110
"108",2010,8,7.38888888888889,9,9.33333333333333,6.41666666666667,5,6.66666666666667,7.75,3,6,2,3,6,981,683,298,97,383,598,7.89471948012232,8.3568813909224,6.83546919463087,6.86649484536082,8.05456916449086,7.7923408361204,111
"109",2010,9,8.30769230769231,13,8.36363636363636,8,8,9.33333333333333,8,11,2,1,3,10,994,694,300,98,386,608,7.90012053319919,8.35698845821326,6.84323273333333,6.8780612244898,8.06450774611399,7.79575628289474,112
"110",2010,10,8,12,8.42857142857143,7.4,7.83333333333333,8.58333333333333,7.41666666666667,7,5,3,6,6,1006,701,305,101,392,614,7.90131193836978,8.35770326676177,6.85236006557377,6.90643564356436,8.07244895408163,7.79205182410424,113
"111",2010,11,8.04545454545454,11,8.5625,6.66666666666667,4,8.5,7.78571428571429,8,3,1,4,7,1017,709,308,102,396,621,7.90287100294985,8.36001409026798,6.85055136363636,6.87794117647059,8.07676765151515,7.79198038647343,114
"112",2010,12,8.56666666666667,15,9,7.91666666666667,NA,8.25,8.61538461538461,9,6,0,2,13,1032,718,314,102,398,634,7.91251919573643,8.36803619777159,6.87092299363057,6.87794117647059,8.07763816582914,7.80886406940063,115
"113",2011,1,8.33333333333333,9,9.125,7.7,7,9,7.8,4,5,1,4,5,1041,722,319,103,402,639,7.91615735830932,8.37222990304709,6.88391793103448,6.87912621359223,8.08681589552238,7.80879471048513,116
"114",2011,2,7.66666666666667,9,8.42857142857143,5,5,7.08333333333333,8.83333333333333,7,2,2,6,3,1050,729,321,105,408,642,7.91401886666667,8.37277090534979,6.87218012461059,6.84333333333333,8.0720587990196,7.8135822741433,117
"115",2011,3,7.48333333333333,12,7.97777777777778,6,6.5,7.14285714285714,7.96,9,3,2,7,5,1062,738,324,107,415,647,7.90915236346516,8.36795391598916,6.86410438271605,6.83691588785047,8.05638551807229,7.81471378670788,118
"116",2011,4,8,10,8,8,NA,7.2,8.8,8,2,0,5,5,1072,746,326,107,420,652,7.90999982276119,8.36400802949062,6.87107306748466,6.83691588785047,8.04619045238095,7.82226966257669,119
"117",2011,5,7.78888888888889,9,8.85,5.66666666666667,8,8.775,7,6,3,1,4,5,1081,752,329,108,424,657,7.90899149861239,8.367885625,6.86009063829787,6.84768518518518,8.05306601415094,7.81601190258752,120
"118",2011,6,8.04545454545454,11,8.28571428571429,7.625,8.16666666666667,7.75,8.11111111111111,7,4,3,2,9,1092,759,333,111,426,666,7.91036612637363,8.36712778656127,6.86927873873874,6.88333333333333,8.05164316901408,7.81999972972973,121
"119",2011,7,8.07,10,8.67142857142857,6.66666666666667,7.5,8.375,7.86666666666667,7,3,3,4,6,1102,766,336,114,430,672,7.91181470961887,8.36990860313316,6.86746970238095,6.89956140350877,8.05465113953488,7.82041639880952,122
"120",2011,8,7.26,10,7.94285714285714,5.66666666666667,8,7.66666666666667,7.08571428571429,7,3,2,3,7,1112,773,339,116,433,679,7.90595306654676,8.36604138421734,6.85684312684366,6.91853448275862,8.05196302540415,7.81284215022091,123
"121",2011,9,7.89583333333333,12,8.4,7.53571428571429,7.58333333333333,7.66666666666667,7.97222222222222,5,7,3,3,9,1124,778,346,119,436,688,7.90584502669039,8.36625962724936,6.87057751445087,6.93529411764706,8.04931190366972,7.81492706395349,124
"122",2011,10,7.175,12,8.5,6.22857142857143,6.7,6.5,7.31,5,7,2,2,10,1136,783,353,121,438,698,7.89812483274648,8.36711365261814,6.85784651558074,6.93140495867769,8.04223742009132,7.80769315186247,125
"123",2011,11,7.68181818181818,11,8.78571428571429,5.75,4,8.25,7.35714285714286,7,4,1,4,7,1147,790,357,122,442,705,7.89605040104621,8.3708227721519,6.84543366946779,6.90737704918033,8.04411762443439,7.80321960283688,126
"124",2011,12,8.4,6,9,7.8,7.8,7.5,8.85,3,3,3,2,4,1153,793,360,125,444,709,7.89867286209887,8.37320301387138,6.85338838888889,6.9288,8.04166664414414,7.80912527503526,127
"125",2012,1,7.68421052631579,19,8.8,6.44444444444444,6.625,9,7.33333333333333,10,9,4,4,15,1172,803,369,129,448,724,7.89519608361775,8.37851804483188,6.84341414634146,6.91937984496124,8.05022319196428,7.79926770718232,128
"126",2012,2,7.4625,16,8.32727272727273,5.56,6.7,8.5,6.84,11,5,1,6,10,1188,814,374,130,454,734,7.88936852693603,8.37782554054054,6.82625620320856,6.91769230769231,8.05616737885462,7.78619866485014,129
"127",2012,3,7.89230769230769,13,8.95,6.2,5,8.62,7.4375,8,5,1,5,8,1201,822,379,131,459,742,7.88940034138218,8.38339414841849,6.81799424802111,6.9030534351145,8.06230934640523,7.78243911051213,130
"128",2012,4,7.5,8,8.83333333333333,3.5,NA,10,6.66666666666667,6,2,0,2,6,1209,828,381,131,461,748,7.88682366418528,8.38665457729469,6.80057695538058,6.9030534351145,8.07071581344902,7.77348906417112,131
"129",2012,5,8.68181818181818,11,8.78571428571429,8.5,NA,9.8,7.75,7,4,0,5,6,1220,835,385,131,466,754,7.89399164754098,8.38999998802395,6.8182332987013,6.9030534351145,8.08927036480686,7.77330214854111,132
"130",2012,6,8.35,10,8.5625,7.5,5,8.125,8.5,8,2,1,4,6,1230,843,387,132,470,760,7.89769903252032,8.39163699881376,6.82175664082687,6.88863636363636,8.08957444680851,7.77903923684211,133
"131",2012,7,7.376,5,8,6.96,NA,7.5,7.29333333333333,2,3,0,2,3,1235,845,390,132,472,763,7.89558689068826,8.39071004733728,6.82282005128205,6.88863636363636,8.08707624999999,7.77712951507208,134
"132",2012,8,6.56363636363636,11,7.78571428571429,4.425,6,7.675,5.92857142857143,7,4,1,4,7,1246,852,394,133,476,770,7.88382809791332,8.38573942488263,6.79847670050762,6.88195488721805,8.08361342436974,7.76032444155844,135
"133",2012,9,8.11428571428571,7,8.7,6.65,7.3,9.5,7.88333333333333,5,2,1,1,6,1253,857,396,134,477,776,7.88511557063049,8.38757291715286,6.79772681818182,6.88507462686567,8.08658278825995,7.76127554123711,136
"134",2012,10,8.5,8,8.5,8.5,NA,8,8.66666666666667,7,1,0,2,6,1261,864,397,134,479,782,7.88901650277557,8.38848378472222,6.80201465994962,6.88507462686567,8.08622127348642,7.76822227621483,137
"135",2012,11,7.45,10,8.16666666666667,6.375,7.5,8.5,7,6,4,1,3,7,1271,870,401,135,482,789,7.88556239968529,8.38695401149425,6.79775516209476,6.88962962962963,8.08879665975103,7.76140661596958,138
"136",2012,12,8.5,20,8.77272727272727,8.16666666666667,8.125,8.28571428571429,8.61538461538461,11,9,4,7,13,1291,881,410,139,489,802,7.89508118512781,8.39177070374574,6.82780443902439,6.92517985611511,8.09161552147239,7.7752491521197,139
"137",2013,1,8,11,8.16666666666667,7.8,8,8,8,6,5,2,3,8,1302,887,415,141,492,810,7.89596759600614,8.39024801578354,6.83951763855422,6.94042553191489,8.0910568902439,7.77746891358025,140
"138",2013,2,7.94444444444444,9,8.4,7.375,NA,7,8.0625,5,4,0,1,8,1311,892,419,141,493,818,7.89630038901602,8.3903026793722,6.84462964200477,6.94042553191489,8.08884379310344,7.78025650366748,141
"139",2013,3,7.07142857142857,7,7.08333333333333,7,7,8.5,6.5,6,1,1,2,5,1318,898,420,142,495,823,7.89191943095599,8.38157014476615,6.84499957142857,6.94084507042253,8.09050503030302,7.77247851761847,142
"140",2013,4,7.625,8,7.7,7.5,NA,7.75,7.58333333333333,5,3,0,2,6,1326,903,423,142,497,829,7.89030905731523,8.37779622369878,6.84964496453901,6.94084507042253,8.08913478873239,7.77110955367913,143
"141",2013,5,8.66666666666667,3,8.66666666666667,NA,NA,10,8,3,0,0,1,2,1329,906,423,142,498,831,7.89206155756208,8.37875274834437,6.84964496453901,6.94084507042253,8.09297186746987,7.771660433213,144
"142",2013,6,7.5,8,8.2,6.33333333333333,5.5,6.5,8.5,5,3,2,4,4,1337,911,426,144,502,835,7.8897156394914,8.37777166849616,6.84600896713615,6.92083333333333,8.08027886454183,7.77514948502994,145
"143",2013,7,7.5,3,8,6.5,6.5,7,7.75,2,1,1,1,2,1340,913,427,145,503,837,7.88884314179104,8.37694412924425,6.84519864168618,6.91793103448276,8.07813119284294,7.775089390681,146
"144",2013,8,9.125,4,9.125,NA,NA,9,9.16666666666667,4,0,0,1,3,1344,917,427,145,504,840,7.89252218005952,8.38020718647764,6.84519864168618,6.91793103448276,8.07996029761904,7.78005930952381,147
"145",2013,9,6.88888888888889,9,7.8,5.75,7,6,7,5,4,2,1,8,1353,922,431,147,505,848,7.88584612712491,8.37706072668113,6.83503438515081,6.91904761904762,8.07584156435643,7.77270025943396,148
"146",2013,10,8,9,8.5,7,NA,9.5,7.57142857142857,6,3,0,2,7,1362,928,434,147,507,855,7.88660044787078,8.37785559267241,6.83617470046083,6.91904761904762,8.08145954635108,7.77105242105263,149
"147",2013,11,7.5,8,8.4,6,7,NA,7.5,5,3,1,0,8,1370,933,437,148,507,863,7.8843429270073,8.37797426580921,6.83043437070938,6.91959459459459,8.08145954635108,7.76853976825029,150
"148",2013,12,7.45454545454545,11,8.5,6.85714285714286,7.25,9,7.11111111111111,4,7,4,2,9,1381,937,444,152,509,872,7.8809194858798,8.37849518676627,6.83085545045045,6.92828947368421,8.0850687426326,7.76175438073395,151
"149",2014,1,6.9,10,8,5.25,3,7.33333333333333,6.71428571428571,6,4,1,3,7,1391,943,448,153,512,879,7.8738675844716,8.37608694591728,6.81674066964286,6.90261437908497,8.08066404296874,7.75341276450512,152
"150",2014,2,7.125,12,8.41666666666667,5.83333333333333,5.83333333333333,5.5,7.9375,6,6,6,4,8,1403,949,454,159,516,887,7.86746244476122,8.3763435089568,6.8037440969163,6.8622641509434,8.06065889534883,7.75507307779031,153
"151",2014,3,8.55,6,8.55,NA,NA,9.65,8,6,0,0,2,4,1409,955,454,159,518,891,7.87036892122072,8.37743454450262,6.8037440969163,6.8622641509434,8.06679534749034,7.75617263748597,154
"152",2014,4,8,4,8,NA,NA,NA,8,4,0,0,0,4,1413,959,454,159,518,895,7.87073588818117,8.37586026068822,6.8037440969163,6.8622641509434,8.06679534749034,7.75726236871509,155
"153",2014,5,7.33333333333333,6,8,6,6,8,6.66666666666667,4,2,2,3,3,1419,963,456,161,521,898,7.86846357293869,8.37429905503634,6.80021890350877,6.85155279503106,8.06641072936659,7.7536189532294,156
"154",2014,6,5.7,5,7.25,4.66666666666667,7,NA,5.7,2,3,1,0,5,1424,965,459,162,521,903,7.86084958567416,8.3719689015544,6.78627411764706,6.85246913580247,8.06641072936659,7.74224786267996,157
"155",2014,7,7.875,4,7,8.75,NA,NA,7.875,2,2,0,0,4,1428,967,461,162,521,907,7.86088922268907,8.36913132368149,6.79479353579176,6.85246913580247,8.06641072936659,7.74283331863286,158
"156",2014,8,7.28571428571429,7,9,6.6,NA,10,6.83333333333333,2,5,0,1,6,1435,969,466,162,522,913,7.8580834912892,8.37043342621259,6.79270347639485,6.85246913580247,8.07011492337164,7.73685631982475,159
"157",2014,9,8.57142857142857,7,9.4,6.5,NA,NA,8.57142857142857,5,2,0,0,7,1442,974,468,162,522,920,7.86154633148405,8.37571867556468,6.79145260683761,6.85246913580247,8.07011492337164,7.74320632608696,160
"158",2014,10,7.4,8,7.75,7.05,7.73333333333333,6.1,7.83333333333333,4,4,3,2,6,1450,978,472,165,524,926,7.85899986896552,8.3731594989775,6.79364368644068,6.86848484848485,8.06259540076335,7.74379030237581,161
"159",2014,11,7.28571428571429,7,8,5.5,6,6,7.8,5,2,1,2,5,1457,983,474,166,526,931,7.85624557995882,8.37126143438453,6.7881852742616,6.86325301204819,8.05475283269961,7.74409218045113,162
"160",2014,12,6.5125,8,6.25,6.775,2.1,5.55,6.83333333333333,4,4,1,2,6,1465,987,478,167,528,937,7.84890772013652,8.3626646301925,6.78807493723849,6.83473053892215,8.04526513257575,7.73826021344717,163
"161",2015,1,8.35,10,8.38888888888889,8,8,9.66666666666667,7.78571428571429,9,1,1,3,7,1475,996,479,168,531,944,7.8523049559322,8.36290159638554,6.79060505219207,6.84166666666667,8.05442559322033,7.73861209745763,164
"162",2015,2,7.58333333333333,6,8.125,6.5,8,8,7.16666666666667,4,2,1,3,3,1481,1000,481,169,534,947,7.85121526671168,8.36194999,6.78939671517672,6.84852071005917,8.05411983146067,7.73680023231257,165
"163",2015,3,8,6,8.66666666666667,7.33333333333333,7.33333333333333,8.5,7.9,3,3,3,1,5,1487,1003,484,172,535,952,7.85181560860793,8.36286140578265,6.7927682231405,6.85697674418605,8.05495325233644,7.73765737394958,166
"164",2015,4,7.375,8,8.2,6,9,8.25,6.5,5,3,1,4,4,1495,1008,487,173,539,956,7.84926408695652,8.36205356150793,6.78788464065708,6.86936416184971,8.05640072356215,7.73247889121339,167
"165",2015,5,6.85,10,8.41666666666667,4.5,6,6.16666666666667,7.14285714285714,6,4,1,3,7,1505,1014,491,174,542,963,7.84262445847176,8.36237671597633,6.76924606924644,6.86436781609195,8.0459409409594,7.72819295950156,168
"166",2015,6,8.13571428571429,14,8.85,6.35,8,9.14285714285714,7.12857142857143,10,4,1,7,7,1519,1024,495,175,549,970,7.84532574720211,8.36713866210937,6.76585822222222,6.87085714285714,8.05992712204007,7.72386579381443,169
"167",2015,7,7.38333333333333,6,9,4.15,NA,NA,7.38333333333333,4,2,0,0,6,1525,1028,497,175,549,976,7.84350807213115,8.36960115758755,6.75533162977867,6.87085714285714,8.05992712204007,7.72177235655738,170
"168",2015,8,7.58823529411765,17,7.75,7.2,6.75,8,7.41666666666667,12,5,4,5,12,1542,1040,502,179,554,988,7.84069378080415,8.36245191346154,6.75976059760956,6.868156424581,8.0593862635379,7.7180666194332,171
"169",2015,9,9,1,9,NA,NA,NA,9,1,0,0,0,1,1543,1041,502,179,554,989,7.84144511341542,8.36306435158501,6.75976059760956,6.868156424581,8.0593862635379,7.71936281092012,172
"170",2015,10,5.9,2,NA,5.9,NA,5.9,NA,0,2,0,2,0,1545,1041,504,179,556,989,7.8389319158576,8.36306435158501,6.75634884920635,6.868156424581,8.05161868705035,7.71936281092012,173
"171",2015,11,7.625,8,9,6.25,6,10,7.28571428571429,4,4,3,1,7,1553,1045,508,182,557,996,7.8378298840953,8.36550238277512,6.7523618503937,6.85384615384615,8.05511667863554,7.71631508032129,174
"172",2015,12,7.875,12,7.94444444444444,7.66666666666667,7,7,8.16666666666667,9,3,1,3,9,1565,1054,511,183,560,1005,7.83811489456869,8.3619070113852,6.7577295890411,6.85464480874317,8.04946426785714,7.72034807960199,175
"173",2016,1,8.4,5,8.5,8,NA,9,8.25,4,1,0,1,4,1570,1058,512,183,561,1009,7.83990433757962,8.36242910207939,6.7601558984375,6.85464480874317,8.05115862745097,7.72244778989098,176
"174",2016,2,7.9375,8,9,6.16666666666667,NA,NA,7.9375,5,3,0,0,8,1578,1063,515,183,561,1017,7.84039911913815,8.36542802445908,6.75669867961165,6.85464480874317,8.05115862745097,7.72413944936087,177
"175",2016,3,7.07777777777778,9,8,5.925,6,9,6.52857142857143,5,4,2,2,7,1587,1068,519,185,563,1024,7.83607423440454,8.36371721910112,6.75028867052023,6.8454054054054,8.05452928952042,7.71596662109375,178
"176",2016,4,8.14285714285714,14,9.375,6.5,NA,10,7.4,8,6,0,4,10,1601,1076,525,185,567,1034,7.83875690818238,8.37123605018587,6.74742822857143,6.8454054054054,8.06825395061728,7.71291085106383,179
"177",2016,5,8,7,8.4,7,NA,10,7.66666666666667,5,2,0,1,6,1608,1081,527,185,568,1040,7.83945883706467,8.371369093432,6.74838675521822,6.8454054054054,8.07165491197182,7.71264405769231,180
"178",2016,6,9.33333333333333,9,9.33333333333333,NA,NA,9.75,9,9,0,0,4,5,1617,1090,527,185,572,1045,7.84777353741497,8.37931191743119,6.74838675521822,6.8454054054054,8.08339159090908,7.71880365550239,181
"179",2016,7,6.55555555555556,9,7.5,5.8,8,8,6.375,4,5,2,1,8,1626,1094,532,187,573,1053,7.84062103936039,8.37609688299817,6.73947334586466,6.85775401069519,8.08324605584642,7.70859432098765,182
"180",2016,8,8.72727272727273,11,8.625,9,NA,7.75,9.28571428571429,8,3,0,4,7,1637,1102,535,187,577,1060,7.84657899205864,8.37790380217786,6.75214919626168,6.85775401069519,8.08093585788561,7.71900926415094,183
"181",2016,9,7.8125,8,7.64285714285714,9,NA,7.5,7.85714285714286,7,1,0,1,7,1645,1109,536,187,578,1067,7.84641325835866,8.37326419296663,6.75634294776119,6.85775401069519,8.07993077854671,7.71991548266167,184
"182",2016,10,8.36363636363636,11,9.28571428571429,6.75,5.5,9.5,7.71428571428571,7,4,2,4,7,1656,1116,540,189,582,1074,7.84984891908212,8.37898744623656,6.75629596296296,6.84338624338624,8.08969070446735,7.71987878957169,185
"183",2016,11,8.16666666666667,3,9.25,6,6,7.25,10,2,1,1,2,1,1659,1118,541,190,584,1075,7.85042182640145,8.38054560822898,6.75489800369686,6.83894736842105,8.08681505136986,7.72199983255814,186
"184",2016,12,7.66666666666667,9,7.625,8,NA,7.41666666666667,8.16666666666667,8,1,0,6,3,1668,1126,542,190,590,1078,7.84943034172662,8.37517761101243,6.7571952398524,6.83894736842105,8.07999998305084,7.72323730983302,187
"185",2017,1,8.125,12,9.05555555555556,5.33333333333333,1,8.33333333333333,8.05555555555556,9,3,1,3,9,1680,1135,545,191,593,1087,7.85139869642857,8.38057267841409,6.74935746788991,6.80837696335078,8.0812816020236,7.72598879484821,188
"186",2017,2,7.25,6,8,6.875,6,3,8.1,2,4,2,1,5,1686,1137,549,193,594,1092,7.84925848754448,8.37990324538258,6.75027289617486,6.8,8.07272725589225,7.7277013003663,189
"187",2017,3,8,11,8.4,4,4,9.5,7.66666666666667,10,1,1,2,9,1697,1147,550,194,596,1101,7.85023559811432,8.38007845684394,6.7452724,6.78556701030928,8.07751676174496,7.72720237965486,190
"188",2017,4,7.75,4,9,6.5,6.5,6.5,9,2,2,2,2,2,1701,1149,552,196,598,1103,7.849999888301,8.38115751958224,6.74438373188406,6.78265306122449,8.07224078595317,7.72951026291931,191
"189",2017,5,8.07142857142857,14,8.8,6.25,7,9.5,7.83333333333333,10,4,1,2,12,1715,1159,556,197,600,1115,7.85180746938775,8.38477134598792,6.74082701438849,6.78375634517766,8.07699998333333,7.73062764125561,192
"190",2017,6,8.77777777777778,9,8.625,10,10,9,8.66666666666667,8,1,1,3,6,1724,1167,557,198,603,1121,7.85664142111369,8.38641815766923,6.74667831238779,6.8,8.08159202321724,7.73563766280107,193
"191",2017,7,7.49166666666667,12,7.9,7.08333333333333,8.16666666666667,NA,7.49166666666667,6,6,3,0,12,1736,1173,563,201,603,1133,7.85411855414746,8.38393008525149,6.75026611012434,6.82039800995025,8.08159202321724,7.73305368049426,194
"192",2017,8,7.75,8,8.75,6.75,8,8.5,7.5,4,4,1,2,6,1744,1177,567,202,605,1139,7.85364094610092,8.38517416312659,6.75026423280423,6.82623762376238,8.08297519008264,7.73182600526778,195
"193",2017,9,7.31818181818182,11,7.5,6.5,NA,6.5,7.4,9,2,0,1,10,1755,1186,569,202,606,1149,7.85028479202279,8.37845698988195,6.74938456942004,6.82623762376238,8.08036301980198,7.72893805047868,196
"194",2017,10,7.76923076923077,13,9,3.66666666666667,5,9,7.4,10,3,1,3,10,1768,1196,572,203,609,1159,7.84968880656108,8.38365383779264,6.73321646853147,6.81724137931034,8.08489325123152,7.72609993097498,197
"195",2017,11,8.42307692307692,13,8.61111111111111,8,8,8.25,8.5,9,4,3,4,9,1781,1205,576,206,613,1168,7.85387412128018,8.38535268879668,6.74201357638889,6.83446601941747,8.08597061990212,7.73206320205479,198
"196",2017,12,8.16666666666667,6,8.16666666666667,NA,6,7.66666666666667,8.66666666666667,6,0,1,3,3,1787,1211,576,207,616,1171,7.85492434806939,8.38426919075144,6.74201357638889,6.83043478260869,8.0839285551948,7.73445757472246,199
"197",2018,1,7.83333333333333,9,8.7,6.75,7.5,7.5,7.92857142857143,5,4,2,2,7,1796,1216,580,209,618,1178,7.85481615256125,8.38556742598684,6.74206865517241,6.83684210526316,8.08203881877022,7.73561105263158,200
"198",2018,2,8.44444444444444,9,8.75,8.2,7,8.6,8.25,4,5,1,5,4,1805,1220,585,210,623,1182,7.85775612742382,8.38676228688524,6.75452960683761,6.83761904761905,8.08619581059389,7.73735179357022,201
"199",2018,3,7.66666666666667,9,8.75,6.8,5.5,7.66666666666667,7.66666666666667,4,5,2,3,6,1814,1224,590,212,626,1188,7.85680805402425,8.38794933823529,6.75491494915254,6.825,8.08418528753993,7.7369947979798,202
"200",2018,4,7.27777777777778,9,7.33333333333333,7.25,NA,9,7.0625,3,6,0,1,8,1823,1227,596,212,627,1196,7.85394942951179,8.38537081499592,6.75989902684564,6.825,8.08564591706539,7.7324831270903,203
"201",2018,5,7.864445,6,7.864445,NA,NA,8,7.837334,6,0,0,1,5,1829,1233,596,212,628,1201,7.8539838600328,8.38283589618815,6.75989902684564,6.825,8.08550953821656,7.73291964196503,204
"202",2018,6,6.91666666666667,6,8,6.7,7.5,6.5,7,1,5,2,1,5,1835,1234,601,214,629,1206,7.8509190626703,8.38252565640194,6.75940069883528,6.83130841121495,8.08298885532591,7.72988100331675,205
"203",2018,7,8.75,8,8.85714285714286,8,NA,8.5,8.83333333333333,7,1,0,2,6,1843,1241,602,214,631,1212,7.85482174715138,8.38520278807413,6.76146149501661,6.83130841121495,8.0843106022187,7.73534363861386,206
"204",2018,8,7.4375,4,8.25,5,NA,8.375,6.5,3,1,0,2,2,1847,1244,603,214,633,1214,7.85391796426638,8.3848767363344,6.75854033167496,6.83130841121495,8.0852290521327,7.73330847611203,207
"205",2018,9,8.3,10,9.5,6.5,7,6.5,8.75,6,4,2,2,8,1857,1250,607,216,635,1222,7.85632012924071,8.390229328,6.7568366062603,6.83287037037037,8.0802362047244,7.73996439443535,208
"206",2018,10,8.67857142857143,14,8.9,8.125,NA,8,8.86363636363636,10,4,0,3,11,1871,1260,611,216,638,1233,7.86247273115981,8.39427512698412,6.76579348608838,6.83287037037037,8.07985891849529,7.74998904298459,209
"207",2018,11,7.58333333333333,6,8.375,6,5,8.75,7,4,2,1,2,4,1877,1264,613,217,640,1237,7.86158043686734,8.39421412974683,6.76329497553018,6.82442396313364,8.08195310937499,7.74756385610348,210
"208",2018,12,7.44,10,7.65,6.6,5,7,7.48888888888889,8,2,1,1,9,1887,1272,615,218,641,1246,7.8593463063063,8.38953353773585,6.76276393495935,6.81605504587156,8.0802651950078,7.74569541733547,211
"209",2019,1,8.18181818181818,11,8.44444444444444,7,NA,9.5,7.88888888888889,9,2,0,2,9,1898,1281,617,218,643,1255,7.86121521601686,8.38991932864949,6.76353293354943,6.81605504587156,8.08468116640746,7.74672230278884,212
"210",2019,2,7.81333333333333,15,8.4,7.14285714285714,7,7,7.93846153846154,8,7,2,2,13,1913,1289,624,220,645,1268,7.86083976999477,8.38998189294026,6.76778817307692,6.81772727272727,8.08131781395348,7.74868808359621,213
"211",2019,3,8,4,10,6,5,8.33333333333333,7,2,2,1,3,1,1917,1291,626,221,648,1269,7.86113014084507,8.39247611154144,6.76533517571885,6.80950226244344,8.08248455246913,7.74809810086682,214
"212",2019,4,9.25,4,9.25,NA,NA,10,9,4,0,0,1,3,1921,1295,626,221,649,1272,7.86402211348256,8.39512483397683,6.76533517571885,6.80950226244344,8.08543912172573,7.75105069968553,215
"213",2019,5,8.04545454545454,11,8.5,6,NA,8.07142857142857,8,9,2,0,7,4,1932,1304,628,221,656,1276,7.86505511387163,8.39584866564417,6.76289780254777,6.80950226244344,8.08528961890243,7.75183110501567,216
"214",2019,6,8.33333333333333,9,9,7.5,7,8.6,8,5,4,1,5,4,1941,1309,632,222,661,1280,7.86722641937146,8.39815634835752,6.76756300632911,6.81036036036036,8.08918304084719,7.7526066328125,217
"215",2019,7,7.66666666666667,6,7.75,7.5,NA,NA,7.66666666666667,4,2,0,0,6,1947,1313,634,222,661,1286,7.86660836158192,8.39618176694592,6.76987353312303,6.81036036036036,8.08918304084719,7.75220566874028,218
"216",2019,8,7,6,8,5,5,2,8,4,2,2,1,5,1953,1317,636,224,662,1291,7.8639459703021,8.39497848139711,6.76430789308176,6.79419642857143,8.07998487915407,7.75316536793184,219
"217",2019,9,9.33333333333333,6,9.25,9.5,NA,9,9.4,4,2,0,1,5,1959,1321,638,224,663,1296,7.86844639101582,8.39756749432248,6.77288373040752,6.79419642857143,8.08137253393664,7.75951889660494,220
"218",2019,10,7.875,8,7.83333333333333,8,NA,8.5,7.66666666666667,6,2,0,2,6,1967,1327,640,224,665,1302,7.86847304524657,8.39501632253202,6.77671846875,6.79419642857143,8.08263156390977,7.75909100614439,221
"219",2019,11,7.65,10,8.875,6.83333333333333,7,6,7.83333333333333,4,6,1,1,9,1977,1331,646,225,666,1311,7.86736797167425,8.39645879789632,6.77724430340557,6.79511111111111,8.07950448948948,7.75960067887109,222
"220",2019,12,8.3,10,8.75,6.5,7,8.75,8.1875,8,2,1,2,8,1987,1339,648,226,668,1319,7.86954528434826,8.39857106796116,6.77638861111111,6.79601769911504,8.08151196107784,7.7621959742229,223
"221",2020,1,8.25,10,8.05555555555556,10,NA,NA,8.25,9,1,0,0,10,1997,1348,649,226,668,1329,7.87145041562343,8.39628090504451,6.78135565485362,6.79601769911504,8.08151196107784,7.76586643340858,224
"222",2020,2,8.42857142857143,7,8.6,8,8,8.5,8.4,5,2,1,2,5,2004,1353,651,227,670,1334,7.87339644710579,8.39703374722838,6.78509956989247,6.80132158590308,8.08276117910447,7.76824324587706,225
"223",2020,3,8.22222222222222,9,8.85714285714286,6,NA,9.25,7.4,7,2,0,4,5,2013,1360,653,227,674,1339,7.87495602583209,8.39940195588235,6.7826949770291,6.80132158590308,8.0896884124629,7.76686817774458,226
"224",2020,4,7.43,8,8.06285714285714,3,NA,7.47,7.41666666666667,7,1,0,2,6,2021,1367,654,227,676,1345,7.8731946956952,8.3976786100951,6.77691103975535,6.80132158590308,8.0878550147929,7.76530594052045,227
"225",2020,5,7.96,5,7.96,NA,NA,NA,7.96,5,0,0,0,5,2026,1372,654,227,676,1350,7.87340892398815,8.39608357142857,6.77691103975535,6.80132158590308,8.0878550147929,7.76602702962963,228
"226",2020,6,8.33333333333333,6,8.8,6,NA,9,8,5,1,0,2,4,2032,1377,655,227,678,1354,7.87476696850394,8.39755022512708,6.77572491603054,6.80132158590308,8.0905457079646,7.76671823485967,229
"227",2020,7,8.25,8,8.5,7.5,6,8.66666666666667,8,6,2,1,3,5,2040,1383,657,228,681,1359,7.87623847058823,8.39799469269703,6.7779297108067,6.79780701754386,8.09308368575624,7.76757651949963,230
"228",2020,8,7.55555555555556,9,8.875,6.5,7,7,7.625,4,5,1,1,8,2049,1387,662,229,682,1367,7.87482990727184,8.39937033886085,6.77583054380665,6.79868995633188,8.09148092375366,7.76674212874908,231
"229",2020,9,7.8125,8,7.8125,NA,NA,8.5,7.58333333333333,8,0,0,2,6,2057,1395,662,229,684,1373,7.87458749635391,8.39600477419354,6.77583054380665,6.79868995633188,8.0926754239766,7.76594063364894,232
"230",2020,10,7.33333333333333,3,8,6,6,NA,7.33333333333333,2,1,1,0,3,2060,1397,663,230,684,1376,7.87379926213592,8.39543783822476,6.77466036199095,6.79521739130435,8.0926754239766,7.76499744912791,233
"231",2020,11,8.75,4,8.75,NA,NA,10,8.33333333333333,4,0,0,1,3,2064,1401,663,230,685,1379,7.87549732558139,8.39645014989293,6.77466036199095,6.79521739130435,8.09545983941605,7.76623385786802,234
"232",2020,12,7.90909090909091,11,8.66666666666667,4.5,3,8.14285714285714,7.5,9,2,1,7,4,2075,1410,665,231,692,1383,7.87567541204819,8.39817493617021,6.76781927819549,6.77878787878788,8.09593929190751,7.76546383947939,235
"233",2021,1,8.37777777777778,9,8.91428571428571,6.5,NA,8.5,8.34285714285714,7,2,0,2,7,2084,1417,667,231,694,1390,7.87784380038388,8.40072453069866,6.76701622188906,6.77878787878788,8.09710373198847,7.76837157553957,236
"234",2021,2,7.8125,8,8.35714285714286,4,4,NA,7.8125,7,1,1,0,8,2092,1424,668,232,694,1398,7.87759391969407,8.40051029494382,6.76287398203593,6.76681034482759,8.09710373198847,7.76862409871245,237
"235",2021,3,8.5,6,8.5,NA,NA,8.66666666666667,8.33333333333333,6,0,0,3,3,2098,1430,668,232,697,1401,7.87937391801716,8.40092773426573,6.76287398203593,6.76681034482759,8.09955522238163,7.76983332619557,238
"236",2021,4,7,10,9,5,NA,7.6,6.4,5,5,0,5,5,2108,1435,673,232,702,1406,7.87520231499051,8.40301509407665,6.74977684992571,6.76681034482759,8.09599713675213,7.76496194167852,239
"237",2021,5,8.35,4,9.13333333333333,6,NA,NA,8.35,3,1,0,0,4,2112,1438,674,232,702,1410,7.8761015530303,8.40453870653685,6.74866442136499,6.76681034482759,8.09599713675213,7.76662162411347,240
"238",2021,6,8,6,9,6,NA,3,9,4,2,0,1,5,2118,1442,676,232,703,1415,7.8764525401322,8.40619047156726,6.74644943786982,6.76681034482759,8.08874820768136,7.7709798515901,241
"239",2021,7,8.71428571428571,7,8.5,9,9,9.5,8.4,4,3,1,2,5,2125,1446,679,233,705,1420,7.87921246117647,8.40644997233748,6.75640621502209,6.77639484978541,8.09275175886524,7.7731947112676,242
"240",2021,8,9,1,9,NA,NA,NA,9,1,0,0,0,1,2126,1447,679,233,705,1421,7.87973964252117,8.4068601658604,6.75640621502209,6.77639484978541,8.09275175886524,7.77405805066854,243
"241",2021,9,7.27777777777778,9,8.66666666666667,4.5,NA,8,7.07142857142857,6,3,0,2,7,2135,1453,682,233,707,1428,7.87720209836066,8.40793300757054,6.7464806744868,6.77639484978541,8.09248937765205,7.7706137885154,244
"242",2021,10,6.2,4,6.4,6,7,6,6.26666666666667,2,2,1,1,3,2139,1455,684,234,708,1431,7.87406567554932,8.40517296219931,6.74429798245614,6.77735042735043,8.08953388418079,7.76746085953878,245
"243",2021,11,7.7,3,9.6,6.75,6.75,NA,7.7,1,2,2,0,3,2142,1456,686,236,708,1434,7.87382188608777,8.40599358516483,6.74431460641399,6.7771186440678,8.08953388418079,7.76731972803347,246
"244",2021,12,7.8,5,8.16666666666667,7.25,7,8.25,7.5,3,2,1,2,3,2147,1459,688,237,710,1437,7.87364996739637,8.40550148046607,6.74578462209302,6.77805907172996,8.08998590140845,7.76676164926931,247
"245",2022,1,8.36363636363636,11,8.5,8,8.33333333333333,7.25,9,8,3,3,4,7,2158,1467,691,240,714,1444,7.8761475810936,8.40601680981595,6.75122984081042,6.7975,8.08528009803921,7.77273995152354,248
"246",2022,2,8.38888888888889,9,8.7,8,8,8.25,8.42857142857143,5,4,1,2,7,2167,1472,695,241,716,1451,7.87827710198431,8.40701539402174,6.75841700719424,6.80248962655602,8.0857402094972,7.7759038525155,249
"247",2022,3,7,3,7,NA,NA,9,6,3,0,0,1,2,2170,1475,695,241,717,1453,7.87706289400922,8.40415366779661,6.75841700719424,6.80248962655602,8.08701532775453,7.77345938747419,250
"248",2022,4,7.16666666666667,6,7.33333333333333,7,4,6.33333333333333,8,3,3,1,3,3,2176,1478,698,242,720,1456,7.87510408088235,8.40198014884979,6.75945532951289,6.79090909090909,8.07970831944444,7.77392616071428,251
"249",2022,5,8.3,10,8.78571428571429,7.16666666666667,NA,8.5,8.25,7,3,0,2,8,2186,1485,701,242,722,1464,7.87704779505947,8.40378899663299,6.76119803138374,6.79090909090909,8.08087256232687,7.77652765710382,252
"250",2022,6,8.14285714285714,7,8.75,7.33333333333333,NA,7,8.33333333333333,4,3,0,1,6,2193,1489,704,242,723,1470,7.87789625170999,8.40471904633982,6.76363610795455,6.79090909090909,8.07937757952973,7.77880033333333,253
"251",2022,7,8.550666,5,8.75111,8.25,7.5,NA,8.550666,3,2,1,0,5,2198,1492,706,243,723,1475,7.87942666515014,8.40541554289544,6.76784677053824,6.79382716049383,8.07937757952973,7.78141682711864,254
"252",2022,8,8.88888888888889,9,9,8.66666666666667,NA,9.75,8.2,6,3,0,4,5,2207,1498,709,243,727,1480,7.88354318531944,8.40779705607476,6.77588126939351,6.79382716049383,8.08856944979367,7.78283095945946,255
"253",2022,9,9,5,8.75,10,NA,NA,9,4,1,0,0,5,2212,1502,710,243,727,1485,7.88606682188065,8.40870838215712,6.78042228169014,6.79382716049383,8.08856944979367,7.78692917171717,256
"254",2022,10,7.72727272727273,11,8.22222222222222,5.5,NA,8,7.7,9,2,0,1,10,2223,1511,712,243,728,1495,7.88528106612685,8.40759761085373,6.77682558988764,6.79382716049383,8.08844778846153,7.78634770568562,257
"255",2022,11,7.6,5,9.33333333333333,5,NA,4,8.5,3,2,0,1,4,2228,1514,714,243,729,1499,7.88464084829443,8.40943196169088,6.77184848739496,6.79382716049383,8.08283949245541,7.78825204803202,258
"256",2022,12,7.57142857142857,7,8.2,6,6,NA,7.57142857142857,5,2,1,0,7,2235,1519,716,244,729,1506,7.88365987024608,8.40874258722843,6.76969248603352,6.7905737704918,8.08283949245541,7.78724423638778,259
