"","year","month","avg_rating","no_ratings","avg_rating_owned","avg_rating_not_owned","avg_rating_prev_owned","avg_rating_comment","avg_rating_no_comment","no_ratings_owned","no_ratings_not_owned","no_ratings_prev_owned","no_ratings_comment","no_ratings_no_comment","cum_no_ratings","cum_no_ratings_owned","cum_no_ratings_not_owned","cum_no_ratings_prev_owned","cum_no_ratings_comment","cum_no_ratings_no_comment","cum_avg_rating","cum_avg_rating_owned","cum_avg_rating_not_owned","cum_avg_rating_prev_owned","cum_avg_rating_comment","cum_avg_rating_no_comment","month_after_release"
"1",2003,3,7,1,7,NA,NA,7,NA,1,0,0,1,0,1,1,0,0,1,0,7,7,NA,NA,7,NA,22
"2",2003,4,7,1,7,NA,NA,7,NA,1,0,0,1,0,2,2,0,0,2,0,7,7,NA,NA,7,NA,23
"3",2003,6,6,1,NA,6,NA,NA,6,0,1,0,0,1,3,2,1,0,2,1,6.66666666666667,7,6,NA,7,6,25
"4",2003,7,4.08333333333333,12,5.33333333333333,3.66666666666667,4,4.5,4,3,9,1,2,10,15,5,10,1,4,11,4.6,6,3.9,4,5.75,4.18181818181818,26
"5",2003,8,4.8,5,5.33333333333333,4,NA,4.66666666666667,5,3,2,0,3,2,20,8,12,1,7,13,4.65,5.75,3.91666666666667,4,5.28571428571429,4.30769230769231,27
"6",2003,9,5.125,4,6,4.83333333333333,NA,6,4.83333333333333,1,3,0,1,3,24,9,15,1,8,16,4.72916666666667,5.77777777777778,4.1,4,5.375,4.40625,28
"7",2003,10,4,2,NA,4,5,5,3,0,2,1,1,1,26,9,17,2,9,17,4.67307692307692,5.77777777777778,4.08823529411765,4.5,5.33333333333333,4.32352941176471,29
"8",2003,11,9,1,NA,9,NA,9,NA,0,1,0,1,0,27,9,18,2,10,17,4.83333333333333,5.77777777777778,4.36111111111111,4.5,5.7,4.32352941176471,30
"9",2003,12,3.25,4,5,2.66666666666667,NA,5,2.66666666666667,1,3,0,1,3,31,10,21,2,11,20,4.62903225806452,5.7,4.11904761904762,4.5,5.63636363636364,4.075,31
"10",2004,1,3.75,4,6,3,NA,NA,3.75,1,3,0,0,4,35,11,24,2,11,24,4.52857142857143,5.72727272727273,3.97916666666667,4.5,5.63636363636364,4.02083333333333,32
"11",2004,2,4.8,5,6,4,NA,7,4.25,2,3,0,1,4,40,13,27,2,12,28,4.5625,5.76923076923077,3.98148148148148,4.5,5.75,4.05357142857143,33
"12",2004,3,3,3,2,3.5,NA,1,4,1,2,0,1,2,43,14,29,2,13,30,4.45348837209302,5.5,3.94827586206896,4.5,5.38461538461539,4.05,34
"13",2004,4,3,1,3,NA,NA,3,NA,1,0,0,1,0,44,15,29,2,14,30,4.42045454545455,5.33333333333333,3.94827586206896,4.5,5.21428571428571,4.05,35
"14",2004,5,5.6,5,6,4,4,NA,5.6,4,1,1,0,5,49,19,30,3,14,35,4.54081632653061,5.47368421052632,3.95,4.33333333333333,5.21428571428571,4.27142857142857,36
"15",2004,6,4.125,8,3.25,5,5.5,3.66666666666667,4.4,4,4,2,3,5,57,23,34,5,17,40,4.48245614035088,5.08695652173913,4.07352941176471,4.8,4.94117647058824,4.2875,37
"16",2004,7,4,3,4,4,NA,4,4,1,2,0,1,2,60,24,36,5,18,42,4.45833333333333,5.04166666666667,4.06944444444444,4.8,4.88888888888889,4.27380952380952,38
"17",2004,8,6.33333333333333,3,6.33333333333333,NA,NA,NA,6.33333333333333,3,0,0,0,3,63,27,36,5,18,45,4.54761904761905,5.18518518518519,4.06944444444444,4.8,4.88888888888889,4.41111111111111,39
"18",2004,9,5,1,NA,5,NA,5,NA,0,1,0,1,0,64,27,37,5,19,45,4.5546875,5.18518518518519,4.09459459459459,4.8,4.89473684210526,4.41111111111111,40
"19",2004,10,3.85714285714286,7,5,2.33333333333333,5,4,3.75,4,3,1,3,4,71,31,40,6,22,49,4.48591549295775,5.16129032258065,3.9625,4.83333333333333,4.77272727272727,4.35714285714286,41
"20",2004,11,4.88888888888889,9,4.66666666666667,5.33333333333333,4,5.5,4.4,6,3,1,4,5,80,37,43,7,26,54,4.53125,5.08108108108108,4.05813953488372,4.71428571428571,4.88461538461539,4.36111111111111,42
"21",2004,12,5.5,4,7,1,NA,5.5,NA,3,1,0,4,0,84,40,44,7,30,54,4.57738095238095,5.225,3.98863636363636,4.71428571428571,4.96666666666667,4.36111111111111,43
"22",2005,1,4.86666666666667,15,4.75,5,6,6,4.3,8,7,1,5,10,99,48,51,8,35,64,4.62121212121212,5.14583333333333,4.12745098039216,4.875,5.11428571428571,4.3515625,44
"23",2005,2,3.9375,8,5,3.3,NA,3.66666666666667,4.1,3,5,0,3,5,107,51,56,8,38,69,4.57009345794392,5.13725490196078,4.05357142857143,4.875,5,4.33333333333333,45
"24",2005,3,3.71428571428571,7,4,3,NA,3,4.25,5,2,0,3,4,114,56,58,8,41,73,4.51754385964912,5.03571428571429,4.01724137931035,4.875,4.85365853658537,4.32876712328767,46
"25",2005,4,4.72222222222222,9,5.875,3.8,6,6,4.35714285714286,4,5,1,2,7,123,60,63,9,43,80,4.53252032520325,5.09166666666667,4,5,4.90697674418605,4.33125,47
"26",2005,5,4.25,8,5.6,2,NA,4.75,3.75,5,3,0,4,4,131,65,66,9,47,84,4.51526717557252,5.13076923076923,3.90909090909091,5,4.8936170212766,4.30357142857143,48
"27",2005,6,4,5,3,8,8,4.25,3,4,1,1,4,1,136,69,67,10,51,85,4.49632352941176,5.00724637681159,3.97014925373134,5.3,4.84313725490196,4.28823529411765,49
"28",2005,7,4.25,8,5.4,2.33333333333333,2,2.5,4.83333333333333,5,3,1,2,6,144,74,70,11,53,91,4.48263888888889,5.03378378378378,3.9,5,4.75471698113208,4.32417582417582,50
"29",2005,8,4,9,4,4,4,4.4,3.5,2,7,3,5,4,153,76,77,14,58,95,4.45424836601307,5.00657894736842,3.90909090909091,4.78571428571429,4.72413793103448,4.28947368421053,51
"30",2005,9,3.16666666666667,6,3.5,3,2,3.33333333333333,3,2,4,1,3,3,159,78,81,15,61,98,4.40566037735849,4.96794871794872,3.8641975308642,4.6,4.65573770491803,4.25,52
"31",2005,10,3.66666666666667,6,4.25,2.5,NA,3.5,4,4,2,0,4,2,165,82,83,15,65,100,4.37878787878788,4.93292682926829,3.83132530120482,4.6,4.58461538461538,4.245,53
"32",2005,11,4.36363636363636,11,6.25,3.28571428571429,3,2.5,4.77777777777778,4,7,2,2,9,176,86,90,17,67,109,4.37784090909091,4.99418604651163,3.78888888888889,4.41176470588235,4.52238805970149,4.28899082568807,54
"33",2005,12,5.66666666666667,12,6.71428571428571,4.2,NA,5.83333333333333,5.5,7,5,0,6,6,188,93,95,17,73,115,4.46010638297872,5.12365591397849,3.81052631578947,4.41176470588235,4.63013698630137,4.35217391304348,55
"34",2006,1,4.61538461538461,13,4.75,4.4,6,4,4.88888888888889,8,5,1,4,9,201,101,100,18,77,124,4.47014925373134,5.09405940594059,3.84,4.5,4.5974025974026,4.39112903225806,56
"35",2006,2,3.8,10,3,4,2,2.66666666666667,5.5,2,8,1,6,4,211,103,108,19,83,128,4.43838862559242,5.05339805825243,3.85185185185185,4.36842105263158,4.45783132530121,4.42578125,57
"36",2006,3,4,10,4.125,3.91666666666667,NA,4.3,3.7,4,6,0,5,5,221,107,114,19,88,133,4.41855203619909,5.01869158878505,3.85526315789474,4.36842105263158,4.44886363636364,4.3984962406015,58
"37",2006,4,3.92857142857143,7,4,3.875,NA,3,4.08333333333333,3,4,0,1,6,228,110,118,19,89,139,4.40350877192982,4.99090909090909,3.85593220338983,4.36842105263158,4.43258426966292,4.38489208633094,59
"38",2006,5,4.625,8,4,5.66666666666667,NA,5,4.25,5,3,0,4,4,236,115,121,19,93,143,4.41101694915254,4.94782608695652,3.90082644628099,4.36842105263158,4.45698924731183,4.38111888111888,60
"39",2006,6,4.30833333333333,6,4.37,4,NA,5.5,3.7125,5,1,0,2,4,242,120,122,19,95,147,4.40847107438016,4.92375,3.9016393442623,4.36842105263158,4.47894736842105,4.36292517006803,61
"40",2006,7,5.16666666666667,6,4.66666666666667,5.66666666666667,NA,3,5.6,3,3,0,1,5,248,123,125,19,96,152,4.42681451612903,4.91747967479675,3.944,4.36842105263158,4.46354166666667,4.40361842105263,62
"41",2006,8,5.2,10,5.875,2.5,NA,4.66666666666667,5.42857142857143,8,2,0,3,7,258,131,127,19,99,159,4.45678294573643,4.97595419847328,3.92125984251969,4.36842105263158,4.46969696969697,4.44874213836478,63
"42",2006,9,4.74444444444444,9,4.5,5.05,NA,4.5,4.86666666666667,5,4,0,3,6,267,136,131,19,102,165,4.46647940074906,4.95845588235294,3.95572519083969,4.36842105263158,4.47058823529412,4.46393939393939,64
"43",2006,10,4.96153846153846,13,4.78571428571429,5.16666666666667,4,4,5.04166666666667,7,6,1,1,12,280,143,137,20,103,177,4.48946428571429,4.95,4.00875912408759,4.35,4.46601941747573,4.50310734463277,65
"44",2006,11,6.28571428571429,7,7,4.5,NA,10,5.66666666666667,5,2,0,1,6,287,148,139,20,104,183,4.53327526132404,5.01925675675676,4.0158273381295,4.35,4.51923076923077,4.54125683060109,66
"45",2006,12,4.45333333333333,15,4.97142857142857,4,6,4.54285714285714,4.375,7,8,1,7,8,302,155,147,21,111,191,4.52930463576159,5.01709677419355,4.01496598639456,4.42857142857143,4.52072072072072,4.53429319371728,67
"46",2007,1,4.07142857142857,28,4.15,4.02777777777778,4.5,4.03571428571429,4.10714285714286,10,18,2,14,14,330,165,165,23,125,205,4.49045454545454,4.96454545454545,4.01636363636364,4.43478260869565,4.4664,4.50512195121951,68
"47",2007,2,5.08823529411765,17,5.5,4.72222222222222,NA,5.41666666666667,4.90909090909091,8,9,0,6,11,347,173,174,23,131,216,4.51974063400576,4.9893063583815,4.05287356321839,4.43478260869565,4.50992366412214,4.52569444444445,69
"48",2007,3,5.10714285714286,14,5.7,3.625,NA,5.5,5.04166666666667,10,4,0,2,12,361,183,178,23,133,228,4.54252077562327,5.02814207650273,4.04325842696629,4.43478260869565,4.52481203007519,4.55285087719298,70
"49",2007,4,5.23076923076923,13,5.22222222222222,5.25,7,4.66666666666667,5.4,9,4,1,3,10,374,192,182,24,136,238,4.56644385026738,5.03723958333333,4.06978021978022,4.54166666666667,4.52794117647059,4.58844537815126,71
"50",2007,5,4.81052631578947,19,5.25,4.69333333333333,4,4.125,5.30909090909091,4,15,1,8,11,393,196,197,25,144,249,4.57824427480916,5.04158163265306,4.11725888324873,4.52,4.50555555555556,4.62028112449799,72
"51",2007,6,5,10,5.16666666666667,4.75,NA,2,5.33333333333333,6,4,0,1,9,403,202,201,25,145,258,4.58870967741935,5.04529702970297,4.12985074626866,4.52,4.48827586206897,4.64515503875969,73
"52",2007,7,4.62727272727273,11,5.85,3.92857142857143,3,5,4.54444444444444,4,7,1,2,9,414,206,208,26,147,267,4.58973429951691,5.06092233009709,4.12307692307692,4.46153846153846,4.4952380952381,4.64176029962547,74
"53",2007,8,4.58235294117647,17,4.35454545454545,5,3,5.1,4.42307692307692,11,6,1,4,13,431,217,214,27,151,280,4.58944315545244,5.02511520737327,4.14766355140187,4.40740740740741,4.5112582781457,4.63160714285714,75
"54",2007,9,4.71875,16,5.86363636363636,2.2,NA,5.07142857142857,4.44444444444444,11,5,0,7,9,447,228,219,27,158,289,4.59407158836689,5.0655701754386,4.10319634703196,4.40740740740741,4.53607594936709,4.62577854671281,76
"55",2007,10,4.125,8,5.5,3.66666666666667,NA,4.33333333333333,4,2,6,0,3,5,455,230,225,27,161,294,4.58582417582418,5.06934782608696,4.09155555555556,4.40740740740741,4.53229813664596,4.61513605442177,77
"56",2007,11,4.13333333333333,15,5.125,3,NA,2.4,5,8,7,0,5,10,470,238,232,27,166,304,4.5713829787234,5.07121848739496,4.05862068965517,4.40740740740741,4.46807228915663,4.62779605263158,78
"57",2007,12,5,16,5.25,4.91666666666667,5,4.85714285714286,5.11111111111111,4,12,4,7,9,486,242,244,31,173,313,4.58549382716049,5.07417355371901,4.10081967213115,4.48387096774193,4.48381502890173,4.64169329073483,79
"58",2008,1,3.71538461538462,13,4.04285714285714,3.33333333333333,7,2.5,3.93636363636364,7,6,1,2,11,499,249,250,32,175,324,4.56282565130261,5.04518072289157,4.0824,4.5625,4.46114285714286,4.61774691358025,80
"59",2008,2,4.63333333333333,15,4.7,4.5,4,4.41666666666667,4.77777777777778,10,5,1,6,9,514,259,255,33,181,333,4.56488326848249,5.03185328185328,4.09058823529412,4.54545454545454,4.45966850828729,4.62207207207207,81
"60",2008,3,4.71052631578947,19,4.9,4.64285714285714,3.5,5,4.54166666666667,5,14,2,7,12,533,264,269,35,188,345,4.57007504690432,5.02935606060606,4.11933085501859,4.48571428571428,4.47978723404255,4.61927536231884,82
"61",2008,4,5.13666666666667,15,5.55,4,4.5,4.28571428571429,5.88125,11,4,2,7,8,548,275,273,37,195,353,4.58558394160584,5.05018181818182,4.11758241758242,4.48648648648649,4.47282051282051,4.64787535410765,83
"62",2008,5,4.72727272727273,11,6,4.25,4,4.33333333333333,4.875,3,8,1,3,8,559,278,281,38,198,361,4.58837209302326,5.06043165467626,4.12135231316726,4.47368421052632,4.47070707070707,4.65290858725762,84
"63",2008,6,5.38888888888889,9,5.625,5.2,5,5.375,5.4,4,5,2,4,5,568,282,286,40,202,366,4.60105633802817,5.06843971631206,4.14020979020979,4.5,4.48861386138614,4.66311475409836,85
"64",2008,7,4.14285714285714,14,3.66666666666667,4.27272727272727,3.4,3.14285714285714,5.14285714285714,3,11,5,7,7,582,285,297,45,209,373,4.59003436426117,5.05368421052632,4.14511784511785,4.37777777777778,4.44354066985646,4.67211796246649,86
"65",2008,8,5.05555555555556,9,5.7,4.25,3,4.16666666666667,5.5,5,4,1,3,6,591,290,301,46,212,379,4.59712351945855,5.0648275862069,4.14651162790698,4.34782608695652,4.43962264150943,4.68522427440633,87
"66",2008,9,4.92857142857143,14,4.625,5.33333333333333,NA,5,4.90909090909091,8,6,0,3,11,605,298,307,46,215,390,4.60479338842975,5.05302013422819,4.16970684039088,4.34782608695652,4.44744186046512,4.69153846153846,88
"67",2008,10,3.66875,16,3.52857142857143,3.77777777777778,3.33333333333333,3.94,3.54545454545455,7,9,3,5,11,621,305,316,49,220,401,4.58067632850242,5.01803278688525,4.15854430379747,4.28571428571429,4.43590909090909,4.66009975062344,89
"68",2008,11,4.74842105263158,19,6.03333333333333,3.592,4.64,3,5.07625,9,10,3,3,16,640,314,326,52,223,417,4.58565625,5.04713375796178,4.14116564417178,4.30615384615385,4.41659192825112,4.67606714628297,90
"69",2008,12,4.45652173913043,23,4.875,4,3.6,3,4.97058823529412,12,11,5,6,17,663,326,337,57,229,434,4.58117647058824,5.04079754601227,4.13655786350148,4.24421052631579,4.37947598253275,4.68760368663594,91
"70",2009,1,4.53448275862069,29,5,4.03571428571429,3.5,4.75,4.47826086956522,15,14,2,6,23,692,341,351,59,235,457,4.57921965317919,5.03900293255132,4.13253561253561,4.21898305084746,4.38893617021277,4.67706783369803,92
"71",2009,2,4.65576923076923,26,4.59375,4.68333333333333,4.4,4.35,4.72857142857143,8,18,5,5,21,718,349,369,64,240,478,4.58199164345404,5.02879656160458,4.15940379403794,4.233125,4.388125,4.67933054393306,93
"72",2009,3,4.69130434782609,23,5.24285714285714,3.83333333333333,2.66666666666667,3,4.76818181818182,14,9,3,1,22,741,363,378,67,241,500,4.58538461538462,5.0370523415978,4.15164021164021,4.16298507462686,4.38236514522822,4.68324,94
"73",2009,4,4.68125,16,6.475,4.08333333333333,4.5,5.63333333333333,4.46153846153846,4,12,2,3,13,757,367,390,69,244,513,4.5874108322325,5.05272479564033,4.14953846153846,4.1727536231884,4.39774590163934,4.67762183235868,95
"74",2009,5,4.12727272727273,11,3.5,4.19,5.66666666666667,3.1,4.71428571428571,1,10,3,4,7,768,368,400,72,248,520,4.5808203125,5.04850543478261,4.15055,4.235,4.37681451612903,4.67811538461538,96
"75",2009,6,4.42857142857143,28,4.375,4.45,5,5.16666666666667,4.22727272727273,8,20,5,6,22,796,376,420,77,254,542,4.5754648241206,5.03417553191489,4.16480952380952,4.28467532467532,4.39547244094488,4.65981549815498,97
"76",2009,7,5.01428571428571,21,5.33333333333333,4.88666666666667,4.4,4.5,5.175,6,15,5,5,16,817,382,435,82,259,558,4.58674418604651,5.03887434554974,4.18970114942529,4.29170731707317,4.39749034749035,4.67458781362007,98
"77",2009,8,4.36,15,3.475,4.68181818181818,6.25,3.975,4.5,4,11,2,4,11,832,386,446,84,263,569,4.58265625,5.02266839378238,4.20183856502242,4.33833333333333,4.39106463878327,4.67121265377856,99
"78",2009,9,4.89473684210526,19,5.77777777777778,4.1,4,4,5,9,10,5,2,17,851,395,456,89,265,586,4.58962397179789,5.03987341772152,4.1996052631579,4.31932584269663,4.38811320754717,4.68075085324232,100
"79",2009,10,4.32142857142857,14,4,4.5,4.33333333333333,3.5,4.65,5,9,6,4,10,865,400,465,95,269,596,4.58528323699422,5.026875,4.20541935483871,4.32021052631579,4.37490706319703,4.68023489932886,101
"80",2009,11,6.06,15,5,6.9875,7.5,6.2,5.99,7,8,1,5,10,880,407,473,96,274,606,4.61042045454546,5.02641277641278,4.25247357293869,4.35333333333333,4.40821167883212,4.70184818481848,102
"81",2009,12,4.28260869565217,23,4.29166666666667,4.27272727272727,4.66666666666667,4.14285714285714,4.34375,12,11,6,7,16,903,419,484,102,281,622,4.60207087486157,5.00536992840096,4.25293388429752,4.37176470588235,4.40160142348755,4.69263665594855,103
"82",2010,1,4.88333333333333,30,5.21052631578947,4.31818181818182,3.8,4.625,4.97727272727273,19,11,5,8,22,933,438,495,107,289,644,4.61111468381565,5.0142694063927,4.25438383838384,4.34504672897196,4.40778546712803,4.70236024844721,104
"83",2010,2,5.02142857142857,14,5.96666666666667,4.3125,4.5,4,5.1,6,8,2,1,13,947,444,503,109,290,657,4.61718057022175,5.02713963963964,4.25530815109344,4.34788990825688,4.40637931034483,4.71022831050228,105
"84",2010,3,5.04545454545455,11,4.92857142857143,5.25,6.5,5,5.07142857142857,7,4,2,4,7,958,451,507,111,294,664,4.6220981210856,5.02560975609756,4.26315581854043,4.38666666666667,4.41445578231293,4.71403614457831,106
"85",2010,4,5.22222222222222,9,5.5,5,2.5,4,5.375,4,5,2,1,8,967,455,512,113,295,672,4.627683557394,5.02978021978022,4.2703515625,4.35327433628319,4.41305084745763,4.72190476190476,107
"86",2010,5,5.42857142857143,7,4.66666666666667,6,6.5,5,5.75,3,4,2,3,4,974,458,516,115,298,676,4.63343942505133,5.02740174672489,4.28375968992248,4.39060869565217,4.41895973154363,4.72798816568047,108
"87",2010,6,4.48333333333333,12,5.42857142857143,3.16,4.4,NA,4.48333333333333,7,5,2,0,12,986,465,521,117,298,688,4.63161257606491,5.03344086021506,4.27297504798465,4.39076923076923,4.41895973154363,4.72372093023256,109
"88",2010,7,3.94444444444444,9,4.375,3.6,2.5,3,4.21428571428571,4,5,2,2,7,995,469,526,119,300,695,4.62539698492462,5.02782515991471,4.26657794676806,4.35899159663865,4.4095,4.71858992805755,110
"89",2010,8,4.82352941176471,17,4.71428571428571,4.9,5,4,5,7,10,2,3,14,1012,476,536,121,303,709,4.62872529644269,5.02321428571429,4.27839552238806,4.3695867768595,4.40544554455446,4.7241466854725,111
"90",2010,9,3.94444444444444,9,3.7,4.25,3.66666666666667,4,3.91666666666667,5,4,3,3,6,1021,481,540,124,306,715,4.62269343780607,5.00945945945946,4.27818518518519,4.35258064516129,4.40147058823529,4.71737062937063,112
"91",2010,10,5.25,6,5.3,5,NA,NA,5.25,5,1,0,0,6,1027,486,541,124,306,721,4.62635832521909,5.01244855967078,4.27951940850277,4.35258064516129,4.40147058823529,4.72180305131762,113
"92",2010,11,4.5,15,5.375,3.5,6,2,4.67857142857143,8,7,1,1,14,1042,494,548,125,307,735,4.62453934740883,5.01831983805668,4.26956204379562,4.36576,4.39364820846906,4.72097959183673,114
"93",2010,12,3.82352941176471,17,4.14285714285714,3.6,4.5,2.66666666666667,4.07142857142857,7,10,2,3,14,1059,501,558,127,310,749,4.61168083097262,5.0060878243513,4.25756272401434,4.36787401574803,4.37693548387097,4.70883845126836,115
"94",2011,1,4.82,25,5.09090909090909,4.60714285714286,4.71428571428571,4.66666666666667,4.84090909090909,11,14,7,3,22,1084,512,572,134,313,771,4.6164852398524,5.00791015625,4.26611888111888,4.38597014925373,4.3797124600639,4.71260700389105,116
"95",2011,2,4.26666666666667,15,4.25,4.27272727272727,NA,3.66666666666667,4.41666666666667,4,11,0,3,12,1099,516,583,134,316,783,4.61171064604186,5.00203488372093,4.266243567753,4.38597014925373,4.37294303797468,4.70807151979566,117
"96",2011,3,5.32868181818182,22,5.8154,4.28571428571429,6.18275,5.25,5.34616666666667,15,7,4,4,18,1121,531,590,138,320,801,4.62578144513827,5.02501129943503,4.26647457627119,4.43805072463768,4.38390625,4.72241073657928,118
"97",2011,4,4.55555555555556,9,5.5,3.8,2.5,3,5.8,4,5,2,4,5,1130,535,595,140,324,806,4.62522212389381,5.02856261682243,4.26255462184874,4.41036428571428,4.36682098765432,4.72909553349876,119
"98",2011,5,3.92263157894737,19,4.58,3.19222222222222,2,2.706,4.35714285714286,10,9,3,5,14,1149,545,604,143,329,820,4.61360400348129,5.02033211009175,4.2466059602649,4.3597972027972,4.34158054711246,4.72274512195122,120
"99",2011,6,4.53333333333333,15,5.33333333333333,3.33333333333333,4,3.75,4.81818181818182,9,6,1,4,11,1164,554,610,144,333,831,4.61256958762887,5.02541696750903,4.23762295081967,4.35729861111111,4.33447447447447,4.72400842358604,121
"100",2011,7,5.45,12,6.28571428571429,4.28,4.95,4.75,5.8,7,5,2,4,8,1176,561,615,146,337,839,4.62111479591837,5.04114260249555,4.2379674796748,4.36541780821918,4.33940652818991,4.73426817640048,122
"101",2011,8,4.56521739130435,23,5.16666666666667,4.35294117647059,3.2,5.375,4.13333333333333,6,17,5,8,15,1199,567,632,151,345,854,4.6200425354462,5.0424708994709,4.24106012658228,4.32682781456954,4.36342028985507,4.7237131147541,123
"102",2011,9,5,12,5.57142857142857,4.2,6,9,4.63636363636364,7,5,1,1,11,1211,574,637,152,346,865,4.62380759702725,5.04892160278746,4.24073783359498,4.33783552631579,4.37682080924855,4.72260231213873,124
"103",2011,10,4.625,12,4.71428571428571,4.5,NA,5.83333333333333,4.22222222222222,7,5,0,3,9,1223,581,642,152,349,874,4.62381929681112,5.04488984509467,4.2427570093458,4.33783552631579,4.38934097421203,4.71744965675057,125
"104",2011,11,4.21428571428571,14,5.33333333333333,3.375,1,4.2,4.22222222222222,6,8,2,5,9,1237,587,650,154,354,883,4.61918431689571,5.04783816013629,4.23207692307693,4.29448701298701,4.38666666666667,4.7124020385051,126
"105",2011,12,4.875,16,6,4.5,4.5,3.66666666666667,5.15384615384615,4,12,2,3,13,1253,591,662,156,357,896,4.62245091779729,5.05428257191201,4.2369335347432,4.29712179487179,4.3806162464986,4.71880691964286,127
"106",2012,1,3.83333333333333,24,4.16666666666667,3.5,3.33333333333333,3.42857142857143,4,12,12,6,7,17,1277,603,674,162,364,913,4.60762020360219,5.03661857379768,4.22381305637982,4.26142592592593,4.36230769230769,4.70542278203724,128
"107",2012,2,4.3125,16,4.1,4.66666666666667,2,NA,4.3125,10,6,1,0,16,1293,613,680,163,364,929,4.6039682907966,5.02133931484503,4.2277205882353,4.24755214723926,4.36230769230769,4.69865554359526,129
"108",2012,3,4.42857142857143,14,4.5,4.375,8,4.5,4.41666666666667,6,8,1,2,12,1307,619,688,164,366,941,4.60208951798011,5.0162859450727,4.22943313953489,4.27043292682927,4.36306010928962,4.69505951115834,130
"109",2012,4,4.96666666666667,15,5.16666666666667,4.66666666666667,4.66666666666667,4,5.11538461538461,9,6,3,2,13,1322,628,694,167,368,954,4.60622617246596,5.01844108280255,4.23321325648415,4.27755089820359,4.36108695652174,4.70078721174004,131
"110",2012,5,4.85714285714286,21,5.18181818181818,4.5,3.6,6,4.8,11,10,2,1,20,1343,639,704,169,369,974,4.61014966492926,5.02125352112676,4.23700284090909,4.2695325443787,4.36552845528455,4.70282443531827,132
"111",2012,6,5.45454545454545,11,6.85714285714286,3,3,2.5,6.11111111111111,7,4,1,2,9,1354,646,708,170,371,983,4.61700960118168,5.04114705882353,4.23001412429379,4.26206470588235,4.35547169811321,4.71571820956256,133
"112",2012,7,5.63583333333333,12,6,5.27166666666667,4.5,7.5,5.263,6,6,2,2,10,1366,652,714,172,373,993,4.62595973645681,5.04997085889571,4.2387675070028,4.26483139534884,4.37233243967828,4.72122960725075,134
"113",2012,8,4,4,3,5,NA,4.66666666666667,2,2,2,0,3,1,1370,654,716,172,376,994,4.62413211678832,5.04370183486239,4.24089385474861,4.26483139534884,4.37468085106383,4.71849195171026,135
"114",2012,9,4.43333333333333,15,5.08333333333333,4,4.4,4.66666666666667,4.375,6,9,5,3,12,1385,660,725,177,379,1006,4.62206570397112,5.04406212121212,4.23790344827586,4.26864971751412,4.37699208443272,4.71439463220676,136
"115",2012,10,3.89285714285714,14,4.27777777777778,3.2,3,3.66666666666667,3.95454545454545,9,5,1,3,11,1399,669,730,178,382,1017,4.61476840600429,5.0337533632287,4.23079452054795,4.26152247191011,4.37141361256545,4.70617600786627,137
"116",2012,11,4.96153846153846,13,4.83333333333333,5.25,5,5.66666666666667,4.75,9,4,1,3,10,1412,678,734,179,385,1027,4.61796104815864,5.03109292035399,4.23634877384196,4.26564804469274,4.38150649350649,4.70660272638754,138
"117",2012,12,4.35714285714286,21,5.5,3.5,3.33333333333333,3.6,4.59375,9,12,3,5,16,1433,687,746,182,390,1043,4.61413886950454,5.03723580786026,4.22450402144772,4.25028021978022,4.37148717948718,4.70487152444871,139
"118",2013,1,4.43181818181818,22,4.84615384615385,3.83333333333333,3.16666666666667,4.375,4.44444444444444,13,9,3,4,18,1455,700,755,185,394,1061,4.61138213058419,5.03368714285715,4.21984105960265,4.23270810810811,4.37152284263959,4.70045334590009,140
"119",2013,2,4.72083333333333,12,4.5,4.94166666666667,4.5,5.55,4.44444444444444,6,6,2,3,9,1467,706,761,187,397,1070,4.61227743694615,5.02915155807366,4.22553219448095,4.23556684491979,4.3804282115869,4.6983,141
"120",2013,3,4.44615384615385,13,5.075,4.16666666666667,4,3.75,4.57272727272727,4,9,1,2,11,1480,710,770,188,399,1081,4.61081824324324,5.02940985915493,4.22484415584416,4.23431382978723,4.37726817042607,4.69702220166513,142
"121",2013,4,4.6,15,5,4,3,3.5,4.76923076923077,9,6,2,2,13,1495,719,776,190,401,1094,4.61070969899665,5.02904172461753,4.2231056701031,4.22132105263158,4.3728927680798,4.6978802559415,143
"122",2013,5,4.2,10,5,3.66666666666667,4,5,3.85714285714286,4,6,1,3,7,1505,723,782,191,404,1101,4.60798073089701,5.02888105117566,4.21883631713555,4.22016230366492,4.3775495049505,4.69253496821072,144
"123",2013,6,4.75,12,5.4,4.28571428571429,7.5,5.5,4.6,5,7,2,2,10,1517,728,789,193,406,1111,4.60910415293342,5.03142994505495,4.21942965779468,4.25415025906736,4.38307881773399,4.69170207020702,145
"124",2013,7,4,16,4.66666666666667,3.14285714285714,3.83333333333333,3.16666666666667,4.19230769230769,9,7,3,3,13,1533,737,796,196,409,1124,4.60274690150032,5.02697557666215,4.20996231155779,4.24770918367347,4.37415647921761,4.68592615658363,146
"125",2013,8,4.275,20,4.55,4,4.5,5.25,4.03125,10,10,4,4,16,1553,747,806,200,413,1140,4.59852607855763,5.02059036144579,4.20735732009926,4.252755,4.3826392251816,4.67673771929825,147
"126",2013,9,5.7,15,7,5.05,4.5,3.25,6.59090909090909,5,10,2,4,11,1568,752,816,202,417,1151,4.6090631377551,5.03375132978724,4.21768382352941,4.25520297029703,4.37177458033573,4.6950312771503,148
"127",2013,10,4.4375,20,4.85,4.025,4.25,3.5,4.54166666666667,10,10,4,2,18,1588,762,826,206,419,1169,4.6069023929471,5.03133989501313,4.21535108958838,4.25510194174757,4.36761336515513,4.69266980325064,149
"128",2013,11,4.24,20,4.90909090909091,3.42222222222222,4,NA,4.24,11,9,2,0,20,1608,773,835,208,419,1189,4.60233893034826,5.02960025873221,4.20680239520958,4.25264903846154,4.36761336515513,4.68505550883095,150
"129",2013,12,5.05882352941176,17,5,5.1,6,4.33333333333333,5.21428571428571,7,10,6,3,14,1625,780,845,214,422,1203,4.60711446153846,5.02933461538462,4.21737278106509,4.30164018691589,4.36736966824645,4.6912144638404,151
"130",2014,1,4,12,4.25,3.5,NA,3.75,4.05,8,4,0,2,10,1637,788,849,214,424,1213,4.60266401954795,5.02142258883249,4.21399293286219,4.30164018691589,4.36445754716981,4.68592827699918,152
"131",2014,2,3.58333333333333,18,3.72222222222222,3.44444444444444,1.66666666666667,4.83333333333333,3.33333333333333,9,9,3,3,15,1655,797,858,217,427,1228,4.59157764350453,5.00675156838143,4.20592074592075,4.26521198156682,4.36775175644028,4.66940635179153,153
"132",2014,3,4.71428571428571,14,5.83333333333333,3.875,4.25,5,4.66666666666667,6,8,4,2,12,1669,803,866,221,429,1240,4.59260695026962,5.01292777085928,4.20286374133949,4.26493665158371,4.3706993006993,4.66937983870968,154
"133",2014,4,5.54545454545455,11,6.42857142857143,4,4,4,5.7,7,4,2,1,10,1680,810,870,223,430,1250,4.59884583333333,5.02516172839506,4.20193103448276,4.26256053811659,4.36983720930233,4.6776248,155
"134",2014,5,5.125,8,5.5,4,5,4,5.28571428571429,6,2,1,1,7,1688,816,872,224,431,1257,4.6013394549763,5.02865318627451,4.20146788990826,4.26585267857143,4.36897911832947,4.68101113762928,156
"135",2014,6,4.87727272727273,22,5.625,3.98,4.33333333333333,5.6,4.66470588235294,12,10,3,5,17,1710,828,882,227,436,1274,4.60488947368421,5.03729589371981,4.19895691609978,4.26674449339207,4.38309633027523,4.68079356357928,157
"136",2014,7,3.81666666666667,12,3.2,4.25714285714286,1.9,2,3.98181818181818,5,7,2,1,11,1722,833,889,229,437,1285,4.59939663182346,5.02626770708283,4.19941507311586,4.24607423580786,4.37764302059497,4.67481011673152,158
"137",2014,8,3.68421052631579,19,4.4,2.88888888888889,2.75,6,3.55555555555556,10,9,2,1,18,1741,843,898,231,438,1303,4.5894089603676,5.01883867141163,4.18628062360802,4.23312121212121,4.38134703196347,4.6593484267076,159
"138",2014,9,4,17,5.08333333333333,3.40909090909091,3.66666666666667,2.875,4.34615384615385,6,11,3,4,13,1758,849,909,234,442,1316,4.58370932878271,5.01929446407538,4.17687568756876,4.22585897435897,4.3677149321267,4.65625455927052,160
"139",2014,10,4.38461538461539,13,5,3.85714285714286,3,5,4.2,6,7,3,3,10,1771,855,916,237,445,1326,4.58224788255223,5.01915906432749,4.17443231441048,4.2103417721519,4.37197752808989,4.6528137254902,161
"140",2014,11,4.62,15,5.33333333333333,4.14444444444444,1.3,3.325,5.09090909090909,6,9,1,4,11,1786,861,925,238,449,1337,4.58256494960806,5.02134843205575,4.17414054054054,4.19811344537815,4.36265033407572,4.65641810022438,162
"141",2014,12,4.59285714285714,14,5,3.86,4.15,5,4.48181818181818,9,5,2,3,11,1800,870,930,240,452,1348,4.582645,5.0211275862069,4.17245161290323,4.1977125,4.36688053097345,4.65499332344214,163
"142",2015,1,4.98148148148148,27,5.52941176470588,4.05,3.5,4,5.325,17,10,4,7,20,1827,887,940,244,459,1368,4.58853913519431,5.03086922209696,4.17114893617022,4.18627459016393,4.36128540305011,4.66478874269006,164
"143",2015,2,4.145,20,4.74166666666667,3.25,2.75,2.5,4.32777777777778,12,8,4,2,18,1847,899,948,248,461,1386,4.58373632918246,5.02700889877642,4.16337552742616,4.16310887096774,4.35321041214751,4.66041197691198,165
"144",2015,3,4.33478260869565,23,4.8,3.97692307692308,4.75,5.15,4.16315789473684,10,13,4,4,19,1870,909,961,252,465,1405,4.5806743315508,5.02451155115512,4.16085327783559,4.1724246031746,4.36006451612903,4.65368754448399,166
"145",2015,4,4.21052631578947,19,4.83333333333333,3.92307692307692,4,3.57142857142857,4.58333333333333,6,13,3,7,12,1889,915,974,255,472,1417,4.57695129698253,5.02325792349727,4.15767967145791,4.17039607843137,4.3483686440678,4.65309174311927,167
"146",2015,5,5.66,15,6.17,4.64,NA,4.6,5.82307692307692,10,5,0,2,13,1904,925,979,255,474,1430,4.58548371848739,5.03565513513514,4.16014300306435,4.17039607843137,4.34943037974684,4.66372797202797,168
"147",2015,6,3.91473684210526,19,4.838,2.88888888888889,6,3.975,3.89866666666667,10,9,1,4,15,1923,935,988,256,478,1445,4.57885647425897,5.03354117647059,4.14856275303644,4.17754296875,4.34629707112971,4.65578615916955,169
"148",2015,7,4.475,24,5.06428571428571,3.65,4.5,5.1,4.35,14,10,3,4,20,1947,949,998,259,482,1465,4.57757627118644,5.0339947312961,4.14356713426854,4.18127799227799,4.35255186721992,4.65161160409556,170
"149",2015,8,4.65,26,4.795,4.16666666666667,3.5,5.05,4.47222222222222,20,6,2,8,18,1973,969,1004,261,490,1483,4.57853066396351,5.02906191950464,4.14370517928287,4.17605747126437,4.3639387755102,4.64943425488874,171
"150",2015,9,5.38333333333333,12,6.01428571428571,4.5,3.25,5,5.46,7,5,2,2,10,1985,976,1009,263,492,1493,4.5833959697733,5.03612807377049,4.14547076313182,4.16901520912547,4.3665243902439,4.65486336235767,172
"151",2015,10,5.45454545454545,11,5.33333333333333,5.6,5.25,7.75,4.94444444444444,6,5,2,2,9,1996,982,1014,265,494,1502,4.58819689378757,5.03794399185336,4.15264299802762,4.17717358490566,4.38022267206478,4.65659853528629,173
"152",2015,11,5.09090909090909,22,5.38461538461539,4.66666666666667,NA,5.5,5,13,9,0,4,18,2018,995,1023,265,498,1520,4.59367740336967,5.04247336683417,4.15716520039101,4.17717358490566,4.38921686746988,4.66066513157895,174
"153",2015,12,4.3695652173913,23,4.8,4.03846153846154,4,4.66666666666667,4.325,10,13,6,3,20,2041,1005,1036,271,501,1540,4.59115188633023,5.04006069651741,4.15567567567568,4.17325092250922,4.39087824351297,4.65630584415584,175
"154",2016,1,4.87857142857143,35,5.41666666666667,3.70454545454545,3.85714285714286,4.25,4.91666666666667,24,11,7,2,33,2076,1029,1047,278,503,1573,4.59599759152216,5.04884450923227,4.15093600764088,4.16529136690647,4.39031809145129,4.66176795931341,176
"155",2016,2,4.73333333333333,21,4.88571428571429,4.42857142857143,3.5,4.3,4.86875,14,7,2,5,16,2097,1043,1054,280,508,1589,4.59737291368622,5.04665484180249,4.15277988614801,4.16053928571428,4.38942913385827,4.66385210824418,177
"156",2016,3,5.26470588235294,17,5.79166666666667,4,3.33333333333333,7,5.15625,12,5,3,1,16,2114,1055,1059,283,509,1605,4.60273935666982,5.05512890995261,4.15205854579793,4.1517703180212,4.394557956778,4.66876074766355,178
"157",2016,4,4.07142857142857,28,4.35714285714286,3.78571428571429,4.66666666666667,4.5,3.95454545454545,14,14,3,6,22,2142,1069,1073,286,515,1627,4.59579411764706,5.04598783910196,4.14727865796832,4.15717132867133,4.39578640776699,4.65910325752919,179
"158",2016,5,4.70526315789474,19,4.54545454545455,4.925,4.85,3.625,4.99333333333333,11,8,4,4,15,2161,1080,1081,290,519,1642,4.59675659416936,5.04088981481481,4.15303422756707,4.1667275862069,4.38984585741811,4.66215651644336,180
"159",2016,6,4,18,4.41666666666667,3.79166666666667,3.83333333333333,5,3.61538461538462,6,12,6,5,13,2179,1086,1093,296,524,1655,4.59182698485544,5.03744106813996,4.14906678865508,4.15996959459459,4.3956679389313,4.65393413897281,181
"160",2016,7,4.6125,24,5.01818181818182,4.26923076923077,4.25,6,4.55217391304348,11,13,4,1,23,2203,1097,1106,300,525,1678,4.59205220154335,5.03724794895169,4.15047920433997,4.16117,4.39872380952381,4.65253933253873,182
"161",2016,8,4.06,25,3.72727272727273,4.32142857142857,4.6,5,4.02083333333333,11,14,5,1,24,2228,1108,1120,305,526,1702,4.58608213644524,5.02424277978339,4.15261607142857,4.16836393442623,4.39986692015209,4.64363160987074,183
"162",2016,9,4.38235294117647,17,4.57142857142857,4.25,5.66666666666667,4.5,4.31818181818182,7,10,3,6,11,2245,1115,1130,308,532,1713,4.58453942093541,5.0214,4.1534778761062,4.18295779220779,4.4009962406015,4.64154173963806,184
"163",2016,10,4.54838709677419,31,5.19047619047619,3.2,1.5,4.16666666666667,4.64,21,10,2,6,25,2276,1136,1140,310,538,1738,4.58404701230228,5.02452552816901,4.14511403508772,4.16564838709677,4.39838289962825,4.64151956271576,185
"164",2016,11,5.10869565217391,23,5.47368421052632,3.375,2,4.57142857142857,5.34375,19,4,1,7,16,2299,1155,1144,311,545,1754,4.58929578077425,5.03191428571429,4.14242132867133,4.15868488745981,4.40060550458716,4.64792531356898,186
"165",2016,12,3.84090909090909,22,4.29166666666667,3.3,NA,5.25,3.7,12,10,0,2,20,2321,1167,1154,311,547,1774,4.5822020680741,5.02430248500428,4.13512131715771,4.15868488745981,4.40371115173675,4.63723844419391,187
"166",2017,1,5.09347826086957,46,5.54761904761905,4.712,5.14285714285714,4.66666666666667,5.1575,21,25,7,6,40,2367,1188,1179,318,553,1814,4.5921381495564,5.03355303030303,4.14735368956743,4.18034905660377,4.40656419529837,4.64871058434399,188
"167",2017,2,4.38636363636364,22,4.42307692307692,4.33333333333333,4.66666666666667,3.66666666666667,4.5,13,9,3,3,19,2389,1201,1188,321,556,1833,4.59024319799079,5.02694504579517,4.14876262626263,4.18489408099688,4.40257194244604,4.64716912165848,189
"168",2017,3,4.98260869565217,23,5.54285714285714,4.11111111111111,2,8,4.84545454545455,14,9,2,1,22,2412,1215,1197,323,557,1855,4.59398466003317,5.03288971193416,4.14847953216374,4.1713653250774,4.40903052064632,4.64952075471698,190
"169",2017,4,4.70454545454545,22,4.96666666666667,4.14285714285714,6,5.625,4.5,15,7,1,4,18,2434,1230,1204,324,561,1873,4.5949839769926,5.03208211382114,4.14844684385382,4.17700925925926,4.41770053475936,4.64808382274426,191
"170",2017,5,4.125,24,4.85714285714286,3.1,3,NA,4.125,14,10,3,0,24,2458,1244,1214,327,561,1897,4.59039503661513,5.03011334405145,4.13981054365733,4.16621100917431,4.41770053475936,4.6414659989457,192
"171",2017,6,4.84375,16,5.05555555555556,4.57142857142857,4,NA,4.84375,9,7,3,0,16,2474,1253,1221,330,561,1913,4.59203354890865,5.03029608938547,4.14228501228501,4.1647,4.41770053475936,4.64315786722425,193
"172",2017,7,3.68421052631579,19,4.125,3.36363636363636,4.33333333333333,4.16666666666667,3.46153846153846,8,11,3,6,13,2493,1261,1232,333,567,1926,4.58511472121941,5.02455273592387,4.13533279220779,4.16621921921922,4.41504409171076,4.63518224299065,194
"173",2017,8,3.9,35,4.35,3.3,3.4,4,3.88709677419355,20,15,5,4,31,2528,1281,1247,338,571,1957,4.57562935126582,5.01402107728337,4.12528468323978,4.15488461538462,4.41213660245184,4.62333214103219,195
"174",2017,9,4.292,25,4.61538461538461,3.94166666666667,4.45,4,4.365,13,12,4,5,20,2553,1294,1259,342,576,1977,4.57285193889541,5.01001622874807,4.12353455123114,4.15833625730994,4.40855902777778,4.62071876580678,196
"175",2017,10,4.20689655172414,29,4.375,4.08823529411765,3.92857142857143,2,4.28571428571429,12,17,7,1,28,2582,1306,1276,349,577,2005,4.56874167312161,5.00418147013783,4.12306426332288,4.15372779369628,4.40438474870017,4.61604039900249,197
"176",2017,11,4.19117647058824,34,4.30769230769231,4.11904761904762,3.8,3.75,4.25,13,21,5,4,30,2616,1319,1297,354,581,2035,4.56383448012232,4.99731690674754,4.12299922898998,4.14873163841808,4.39987951807229,4.61064422604422,198
"177",2017,12,4.31,30,4.65555555555556,3.79166666666667,4,3,4.3551724137931,18,12,4,1,29,2646,1337,1309,358,582,2064,4.56095653817082,4.9927157816006,4.11996180290298,4.14706983240224,4.39747422680412,4.60705474806201,199
"178",2018,1,4.62162162162162,37,4.77777777777778,4.2,5.25,5.33333333333333,4.55882352941176,27,10,2,3,34,2683,1364,1319,360,585,2098,4.56179314200522,4.98846114369502,4.12056861258529,4.15319722222222,4.4022735042735,4.60627311725452,200
"179",2018,2,4.85294117647059,17,5.125,4.61111111111111,4.66666666666667,4,4.90625,8,9,3,1,16,2700,1372,1328,363,586,2114,4.56362629629629,4.98925728862974,4.12389307228916,4.15744077134986,4.40158703071672,4.60854351939451,201
"180",2018,3,4.76666666666667,24,4.8375,4.625,4,4.66666666666667,4.78095238095238,16,8,2,3,21,2724,1388,1336,365,589,2135,4.56541519823788,4.98750792507205,4.12689371257485,4.15657808219178,4.40293718166384,4.61023934426229,202
"181",2018,4,4.32352941176471,34,4.44736842105263,4.16666666666667,5,4.33333333333333,4.32258064516129,19,15,4,3,31,2758,1407,1351,369,592,2166,4.56243328498912,4.98021393034826,4.12733530717987,4.16572086720867,4.40258445945946,4.60612234533702,203
"182",2018,5,5.0625,20,5.175,4.95,3,3,5.17105263157895,10,10,1,1,19,2778,1417,1361,370,593,2185,4.56603347732181,4.98158856739591,4.1333798677443,4.16257027027027,4.4002192242833,4.61103478260869,204
"183",2018,6,4.21875,16,4.55555555555556,3.78571428571429,3.875,4,4.29166666666667,9,7,4,4,12,2794,1426,1368,374,597,2197,4.56404473872584,4.97889971949509,4.13160087719298,4.15949465240642,4.39753768844221,4.60929039599453,205
"184",2018,7,5,14,5,5,4.66666666666667,4.66666666666667,5.09090909090909,5,9,3,3,11,2808,1431,1377,377,600,2208,4.5662183048433,4.97897344514326,4.13727668845316,4.16353050397878,4.39888333333333,4.61168976449275,206
"185",2018,8,3.9375,32,4.53846153846154,3.52631578947368,3.33333333333333,3.5,4.08333333333333,13,19,6,8,24,2840,1444,1396,383,608,2232,4.55913415492957,4.97500761772853,4.12896131805157,4.15052480417755,4.38705592105263,4.6060085125448,207
"186",2018,9,4.42555555555556,18,5.07333333333333,3.77777777777778,2,3.33333333333333,4.644,9,9,1,3,15,2858,1453,1405,384,611,2247,4.55829286214135,4.97561665519615,4.12671174377224,4.14492447916667,4.3818821603928,4.60626212728081,208
"187",2018,10,4.95833333333333,24,5.125,4.625,3,3,5.13636363636364,16,8,1,2,22,2882,1469,1413,385,613,2269,4.56162421929216,4.97724370319946,4.12953290870488,4.14195064935065,4.3773735725938,4.61140193918025,209
"188",2018,11,4.00833333333333,24,4.41666666666667,3.6,3.84,3.5,4.05454545454545,12,12,5,2,22,2906,1481,1425,390,615,2291,4.55705471438403,4.97270155300473,4.12507368421052,4.13807948717949,4.37452032520325,4.60605456132693,210
"189",2018,12,4.11428571428571,28,4.15714285714286,4.07142857142857,3.2,4.71428571428571,3.91428571428571,14,14,5,7,21,2934,1495,1439,395,622,2312,4.55282924335378,4.96506421404682,4.12455177206393,4.12620506329114,4.37834405144695,4.59977119377162,211
"190",2019,1,4,38,3.92,4.15384615384615,4.5,3.125,4.23333333333333,25,13,5,8,30,2972,1520,1452,400,630,2342,4.54576076716016,4.94787565789474,4.12481404958677,4.1308775,4.36242857142857,4.59507728437233,212
"191",2019,2,4.45151515151515,33,4.575,4.33529411764706,5.25,3.75,4.49677419354839,16,17,4,2,31,3005,1536,1469,404,632,2373,4.54472579034941,4.94399153645833,4.1272498298162,4.14195792079208,4.36049050632912,4.59379308891698,213
"192",2019,3,5.2875,20,6.33333333333333,4.43181818181818,4.375,6.4,4.91666666666667,9,11,4,5,15,3025,1545,1480,408,637,2388,4.54963669421487,4.95208478964401,4.12951351351351,4.14424264705882,4.37649921507064,4.59582118927973,214
"193",2019,4,4.4375,16,6.16666666666667,3.4,3.33333333333333,4,4.5,6,10,3,2,14,3041,1551,1490,411,639,2402,4.54904669516606,4.9567833655706,4.12461744966443,4.13832360097324,4.37532081377152,4.59526269775187,215
"194",2019,5,3.84666666666667,21,4.39777777777778,3.43333333333333,3.4,3.33333333333333,3.93222222222222,9,12,5,3,18,3062,1560,1502,416,642,2420,4.54422958850424,4.95355833333333,4.11909454061251,4.12944951923077,4.37045171339564,4.59033099173553,216
"195",2019,6,4.63461538461539,26,4.84375,4.3,1,3.66666666666667,4.76086956521739,16,10,1,3,23,3088,1576,1512,417,645,2443,4.54499060880829,4.95244352791878,4.120291005291,4.1219448441247,4.36717829457364,4.59193655341793,217
"196",2019,7,4.95238095238095,21,4.85714285714286,5.14285714285714,4,4,5.11111111111111,14,7,1,3,18,3109,1590,1519,418,648,2461,4.54774236088774,4.95160440251572,4.12500329163923,4.12165311004785,4.36547839506173,4.59573384802925,218
"197",2019,8,4.61447368421053,38,4.6047619047619,4.62647058823529,4.91666666666667,4.75,4.59852941176471,21,17,6,4,34,3147,1611,1536,424,652,2495,4.54854814108675,4.94708317815022,4.13055338541666,4.13290330188679,4.36783742331288,4.59577194388777,219
"198",2019,9,4.23181818181818,22,4.55,3.85,4.5,3,4.42631578947368,12,10,2,3,19,3169,1623,1546,426,655,2514,4.54634932155254,4.94414725816389,4.12873868046572,4.13462676056338,4.36157251908397,4.59449124900557,220
"199",2019,10,4.87878787878788,33,5,4.77777777777778,4.125,3,5,15,18,4,2,31,3202,1638,1564,430,657,2545,4.54977545284197,4.94465873015873,4.1362084398977,4.13453720930233,4.35742770167428,4.59943064833006,221
"200",2019,11,4.40909090909091,33,5.35714285714286,3.71052631578947,4.6,3.5,4.53448275862069,14,19,5,4,29,3235,1652,1583,435,661,2574,4.54834034003091,4.94815435835351,4.13109917877448,4.13988735632184,4.35223903177005,4.59869891219891,222
"201",2019,12,4.7,28,5.26666666666667,4.04615384615385,3.66666666666667,6,4.6,15,13,3,2,26,3263,1667,1596,438,663,2600,4.54964174072939,4.95102039592081,4.13040726817042,4.13664611872146,4.35720965309201,4.59871192307692,223
"202",2020,1,4.56666666666667,45,5.25,3.91304347826087,3.33333333333333,4.6,4.5625,22,23,6,5,40,3308,1689,1619,444,668,2640,4.54987333736397,4.95491474245115,4.12731933292155,4.12579054054054,4.35902694610779,4.59816325757575,224
"203",2020,2,4.92,25,5.23333333333333,4.45,2,5.66666666666667,4.81818181818182,15,10,3,3,22,3333,1704,1629,447,671,2662,4.55264956495649,4.95736561032864,4.12930018416206,4.11152348993289,4.36487332339791,4.59998159278738,225
"204",2020,3,4.80357142857143,28,5.25,4.20833333333333,6,6,4.60416666666667,16,12,3,4,24,3361,1720,1641,450,675,2686,4.55473995834573,4.96008779069767,4.12987812309567,4.12411333333334,4.37456296296296,4.60001898734177,226
"205",2020,4,5.06176470588235,34,5.325,4.68571428571429,5.2,4.5,5.18214285714286,20,14,5,6,28,3395,1740,1655,455,681,2714,4.5598176730486,4.96428218390805,4.13458006042296,4.13593626373627,4.37566813509545,4.60602468680914,227
"206",2020,5,4.88512820512821,39,4.85809523809524,4.91666666666667,4.875,5.4375,4.822,21,18,8,4,35,3434,1761,1673,463,685,2749,4.56351223063483,4.96301590005679,4.14299462044232,4.14870626349892,4.38186861313869,4.60877446344125,228
"207",2020,6,4.6030303030303,33,5.24375,4,4.5,2.9,4.65625,16,17,2,1,32,3467,1777,1690,465,686,2781,4.56388837611768,4.96554361283061,4.14155621301775,4.15021720430108,4.3797084548105,4.6093207479324,229
"208",2020,7,3.98125,32,4.57894736842105,3.10769230769231,3,3.925,4,19,13,2,8,24,3499,1796,1703,467,694,2805,4.55855987424978,4.96145378619154,4.1336641221374,4.14529122055675,4.37446685878963,4.60410730837789,230
"209",2020,8,4.47259259259259,27,4.31733333333333,4.66666666666667,5,5.5,4.3904,15,12,6,2,25,3526,1811,1715,473,696,2830,4.55790158820193,4.95611871893981,4.13739358600583,4.15613319238901,4.37770114942529,4.60221943462897,231
"210",2020,9,4.34871794871795,39,5.01538461538462,4.01538461538462,4.15555555555556,6.14285714285714,3.95625,13,26,9,7,32,3565,1824,1741,482,703,2862,4.55561318373071,4.95654111842105,4.13557151062607,4.15612240663901,4.3952773826458,4.59499685534591,232
"211",2020,10,4.78,25,5.16666666666667,4.2,1,3,4.93478260869565,15,10,1,2,23,3590,1839,1751,483,705,2885,4.55717576601671,4.95825502990756,4.1359394631639,4.14958799171843,4.39131914893617,4.59770571923743,233
"212",2020,11,4.70975609756098,41,5.15,4.08823529411765,3.91666666666667,4.4,4.74324324324324,24,17,6,4,37,3631,1863,1768,489,709,2922,4.5588986505095,4.96072517444981,4.13548076923077,4.1467300613497,4.39136812411848,4.59954859685147,234
"213",2020,12,3.9,72,4.625,3.5375,3.5,3.85714285714286,3.90461538461538,24,48,9,7,65,3703,1887,1816,498,716,2987,4.54608722657305,4.95645521992581,4.11967511013215,4.1350421686747,4.38614525139665,4.58442618011382,235
"214",2021,1,4.81745102941176,68,4.83899,4.79714285714286,4.70833333333333,4,4.9112568852459,33,35,12,7,61,3771,1920,1851,510,723,3048,4.55098055422965,4.95443628645833,4.13248514316585,4.14853137254902,4.38240663900415,4.59096708333333,236
"215",2021,2,4.29705882352941,34,4.79285714285714,3.95,3.35714285714286,3.25,4.43666666666667,14,20,7,4,30,3805,1934,1871,517,727,3078,4.54871160840999,4.95326663391934,4.13053447354356,4.13781624758221,4.37617606602476,4.58946318063677,237
"216",2021,3,4.44204347826087,23,4.64375,3.981,2.367,4.3334,4.47222222222222,16,7,1,5,18,3828,1950,1878,518,732,3096,4.54807070794148,4.95072701025641,4.12997710330138,4.13439768339769,4.37588387978142,4.58878154715762,238
"217",2021,4,4.25806451612903,31,5,3.64705882352941,4.625,3,4.3,14,17,4,1,30,3859,1964,1895,522,733,3126,4.54574103912931,4.95107824338085,4.12564485488126,4.13815708812261,4.3740068212824,4.58601013115803,239
"218",2021,5,4.55727272727273,22,5.21733333333333,3.14285714285714,4,6,4.48857142857143,15,7,1,1,21,3881,1979,1902,523,734,3147,4.54580640814223,4.95309634663972,4.12202786540483,4.13789292543021,4.37622207084469,4.58535992055926,240
"219",2021,6,4.20238095238095,42,4.61764705882353,3.92,4.33333333333333,4.16666666666667,4.21666666666667,17,25,3,12,30,3923,1996,1927,526,746,3177,4.54212966352281,4.95023931362725,4.11940685002594,4.13900760456274,4.37285120643432,4.58187839785961,241
"220",2021,7,4.836,25,5.49333333333333,3.85,5.25,2.5,5.03913043478261,15,10,4,2,23,3948,2011,1937,530,748,3200,4.54399054457953,4.95429023868722,4.11801600413009,4.14739245283019,4.3678435828877,4.585164896875,242
"221",2021,8,4.44344827586207,29,4.84125,3.95384615384615,5,5.16666666666667,4.36,16,13,3,3,26,3977,2027,1950,533,751,3226,4.54325739753583,4.95339796250617,4.11692153846153,4.15219136960601,4.37103462050599,4.58335017668939,243
"222",2021,9,4.52285714285714,35,4.8125,4.27894736842105,3.81111111111111,3.6,4.67666666666667,16,19,9,5,30,4012,2043,1969,542,756,3256,4.54307942921236,4.95229450318159,4.11848501777552,4.14652767527676,4.36593518518519,4.58420997235872,244
"223",2021,10,4.37096774193548,31,4.76315789473684,3.75,4.66666666666667,4.33333333333333,4.375,19,12,3,3,28,4043,2062,1981,545,759,3284,4.5417597501855,4.95055173132881,4.11625290257445,4.14939082568808,4.36580632411067,4.58242620889159,245
"224",2021,11,4.70805555555556,36,4.76142857142857,4.63333333333333,4.66666666666667,5.41666666666667,4.56633333333333,21,15,6,6,30,4079,2083,1996,551,765,3314,4.54322742583967,4.94864506481037,4.12013877755511,4.15502359346643,4.37404836601307,4.58228052806276,246
"225",2021,12,4.61645833333333,48,4.70703703703704,4.5,5,5.75,4.45452380952381,27,21,4,6,42,4127,2110,2017,555,771,3356,4.54407915434941,4.94555339810426,4.12409370352008,4.16111351351352,4.38475616083009,4.58068166567342,247
"226",2022,1,4.06804615384615,65,4.51076923076923,3.40396153846154,4.75,4.83333333333333,4.03101612903226,39,26,4,3,62,4192,2149,2043,559,774,3418,4.53669791746183,4.93766294555607,4.11492902594224,4.16532737030412,4.38649483204135,4.57071113809245,248
"227",2022,2,4.57530295454545,44,4.87438578947368,4.348,4,3.83333333333333,4.69245605263158,19,25,8,6,38,4236,2168,2068,567,780,3456,4.53709891406988,4.93710839483395,4.11774661508704,4.16299470899471,4.38223974358974,4.57204976851852,249
"228",2022,3,4.52222222222222,36,4.82222222222222,4.22222222222222,3.4,4.625,4.509375,18,18,5,4,32,4272,2186,2086,572,784,3488,4.53697354868914,4.93616239707228,4.11864813039309,4.15632517482518,4.38347831632653,4.5714747706422,250
"229",2022,4,4.98148148148148,27,5.25,4.76666666666667,5.5,3,5.05769230769231,12,15,4,1,26,4299,2198,2101,576,785,3514,4.53976529425448,4.93787579617834,4.12327463112803,4.16565625,4.38171592356688,4.57507228229937,251
"230",2022,5,4.29166666666667,24,4.57777777777778,4.12,3.7,3.6,4.39047619047619,9,15,4,3,21,4323,2207,2116,580,788,3535,4.53838792505205,4.93640734028092,4.12325141776937,4.16244482758621,4.37873984771574,4.5739756718529,252
"231",2022,6,4.2,32,4.20833333333333,4.195,3.63333333333333,2.5,4.25483870967742,12,20,3,1,31,4355,2219,2136,583,789,3566,4.53590149253731,4.93247003154574,4.12392322097378,4.15972212692968,4.37635868187579,4.57120134604599,253
"232",2022,7,4.47333333333333,24,4.71428571428571,4.37411764705882,5.5,5.5,4.268,7,17,6,4,20,4379,2226,2153,589,793,3586,4.53555857501713,4.93178391734052,4.1258987459359,4.17337521222411,4.38202648171501,4.56951031790295,254
"233",2022,8,4.27027027027027,37,5.20833333333333,3.82,3,4,4.28571428571429,12,25,7,2,35,4416,2238,2178,596,795,3621,4.53333582427536,4.93326675603217,4.12238751147842,4.15959395973155,4.38106540880503,4.56676719138359,255
"234",2022,9,4.34631578947368,38,4.03333333333333,4.628,5.912,NA,4.34631578947368,18,20,5,0,38,4454,2256,2198,601,795,3659,4.53174023349798,4.92608643617021,4.1269881710646,4.17417304492513,4.38106540880503,4.56447772615468,256
"235",2022,10,4.33928571428571,28,5.20833333333333,3.6875,4,3.75,4.38461538461539,12,16,2,2,26,4482,2268,2214,603,797,3685,4.53053792949576,4.92757980599647,4.12381210478771,4.17359535655058,4.37948180677541,4.56320868385346,257
"236",2022,11,5.09516129032258,31,5.15277777777778,5.01538461538462,6,10,4.93166666666667,18,13,2,1,30,4513,2286,2227,605,798,3715,4.5344163527587,4.9293530183727,4.1290166142793,4.17963305785124,4.38652506265664,4.56618411843876,258
"237",2022,12,3.7622641509434,53,4.29259259259259,3.21153846153846,3.25,3.92857142857143,3.73695652173913,27,26,8,7,46,4566,2313,2253,613,805,3761,4.52545356986422,4.92192001729356,4.11842876165113,4.16750081566069,4.38254285714286,4.55604201010369,259
