"","year","month","avg_rating","no_ratings","avg_rating_owned","avg_rating_not_owned","avg_rating_prev_owned","avg_rating_comment","avg_rating_no_comment","no_ratings_owned","no_ratings_not_owned","no_ratings_prev_owned","no_ratings_comment","no_ratings_no_comment","cum_no_ratings","cum_no_ratings_owned","cum_no_ratings_not_owned","cum_no_ratings_prev_owned","cum_no_ratings_comment","cum_no_ratings_no_comment","cum_avg_rating","cum_avg_rating_owned","cum_avg_rating_not_owned","cum_avg_rating_prev_owned","cum_avg_rating_comment","cum_avg_rating_no_comment","month_after_release"
"1",2001,6,6.375,4,6.33333333333333,6.5,NA,5,6.83333333333333,3,1,0,1,3,4,3,1,0,1,3,6.375,6.33333333333333,6.5,NA,5,6.83333333333333,0
"2",2001,7,6.83333333333333,3,6.83333333333333,NA,NA,7,6.75,3,0,0,1,2,7,6,1,0,2,5,6.57142857142857,6.58333333333333,6.5,NA,6,6.8,1
"3",2001,8,6.6,5,6.66666666666667,6.5,NA,7.5,6,3,2,0,2,3,12,9,3,0,4,8,6.58333333333333,6.61111111111111,6.5,NA,6.75,6.5,2
"4",2001,9,6,2,7,5,5,7,5,1,1,1,1,1,14,10,4,1,5,9,6.5,6.65,6.125,5,6.8,6.33333333333333,3
"5",2001,10,4.4,5,5,3.5,5,3,5.33333333333333,3,2,1,2,3,19,13,6,2,7,12,5.94736842105263,6.26923076923077,5.25,5,5.71428571428571,6.08333333333333,4
"6",2001,11,6.75,4,6.75,NA,NA,7,6.66666666666667,4,0,0,1,3,23,17,6,2,8,15,6.08695652173913,6.38235294117647,5.25,5,5.875,6.2,5
"7",2001,12,6.66666666666667,3,8,4,NA,4,8,2,1,0,1,2,26,19,7,2,9,17,6.15384615384615,6.55263157894737,5.07142857142857,5,5.66666666666667,6.41176470588235,6
"8",2002,1,6.66666666666667,3,6.66666666666667,NA,NA,NA,6.66666666666667,3,0,0,0,3,29,22,7,2,9,20,6.20689655172414,6.56818181818182,5.07142857142857,5,5.66666666666667,6.45,7
"9",2002,2,6.25,4,6.66666666666667,5,NA,7,5.5,3,1,0,2,2,33,25,8,2,11,22,6.21212121212121,6.58,5.0625,5,5.90909090909091,6.36363636363636,8
"10",2002,3,7.33333333333333,3,7.33333333333333,NA,NA,8,7,3,0,0,1,2,36,28,8,2,12,24,6.30555555555556,6.66071428571429,5.0625,5,6.08333333333333,6.41666666666667,9
"11",2002,4,6,2,9,3,NA,9,3,1,1,0,1,1,38,29,9,2,13,25,6.28947368421053,6.74137931034483,4.83333333333333,5,6.30769230769231,6.28,10
"12",2002,5,4.5,4,4.5,NA,NA,NA,4.5,4,0,0,0,4,42,33,9,2,13,29,6.11904761904762,6.46969696969697,4.83333333333333,5,6.30769230769231,6.03448275862069,11
"13",2002,6,4.5,2,4,5,5,5,4,1,1,1,1,1,44,34,10,3,14,30,6.04545454545455,6.39705882352941,4.85,5,6.21428571428571,5.96666666666667,12
"14",2002,7,6,10,6.57142857142857,4.66666666666667,5.5,5.4,6.6,7,3,2,5,5,54,41,13,5,19,35,6.03703703703704,6.42682926829268,4.80769230769231,5.2,6,6.05714285714286,13
"15",2002,8,5.33333333333333,15,5.5,3,NA,5,5.45454545454545,14,1,0,4,11,69,55,14,5,23,46,5.88405797101449,6.19090909090909,4.67857142857143,5.2,5.82608695652174,5.91304347826087,14
"16",2002,9,4.33333333333333,3,4.5,4,4,NA,4.33333333333333,2,1,1,0,3,72,57,15,6,23,49,5.81944444444444,6.13157894736842,4.63333333333333,5,5.82608695652174,5.81632653061224,15
"17",2002,10,6.71428571428571,7,6.66666666666667,7,7,6.8,6.5,6,1,1,5,2,79,63,16,7,28,51,5.89873417721519,6.18253968253968,4.78125,5.28571428571429,6,5.84313725490196,16
"18",2002,11,5.2,10,5.5,4.75,3,6,4.85714285714286,6,4,1,3,7,89,69,20,8,31,58,5.82022471910112,6.1231884057971,4.775,5,6,5.72413793103448,17
"19",2002,12,6.16666666666667,6,6.6,4,NA,NA,6.16666666666667,5,1,0,0,6,95,74,21,8,31,64,5.84210526315789,6.15540540540541,4.73809523809524,5,6,5.765625,18
"20",2003,1,5.9,15,5.75,6.2,8,5.75,5.95454545454545,10,5,1,4,11,110,84,26,9,35,75,5.85,6.10714285714286,5.01923076923077,5.33333333333333,5.97142857142857,5.79333333333333,19
"21",2003,2,7.25,4,7.25,NA,NA,NA,7.25,4,0,0,0,4,114,88,26,9,35,79,5.89912280701754,6.15909090909091,5.01923076923077,5.33333333333333,5.97142857142857,5.86708860759494,20
"22",2003,3,6.25,4,6.66666666666667,5,NA,NA,6.25,3,1,0,0,4,118,91,27,9,35,83,5.91101694915254,6.17582417582418,5.01851851851852,5.33333333333333,5.97142857142857,5.8855421686747,21
"23",2003,4,5.66666666666667,6,5.66666666666667,NA,NA,6,5.6,6,0,0,1,5,124,97,27,9,36,88,5.8991935483871,6.14432989690722,5.01851851851852,5.33333333333333,5.97222222222222,5.86931818181818,22
"24",2003,5,6.1875,16,6.11111111111111,6.28571428571429,6,5.875,6.5,9,7,2,8,8,140,106,34,11,44,96,5.93214285714286,6.14150943396226,5.27941176470588,5.45454545454545,5.95454545454545,5.921875,23
"25",2003,6,7,11,6.875,7.33333333333333,NA,6.33333333333333,7.25,8,3,0,3,8,151,114,37,11,47,104,6.00993377483444,6.19298245614035,5.44594594594595,5.45454545454545,5.97872340425532,6.02403846153846,24
"26",2003,7,4.94444444444444,36,4.94444444444444,4.94444444444444,5.33333333333333,4.70833333333333,5.0625,18,18,3,12,24,187,132,55,14,59,128,5.8048128342246,6.02272727272727,5.28181818181818,5.42857142857143,5.72033898305085,5.84375,25
"27",2003,8,5.65625,16,6.77272727272727,3.2,5,4.83333333333333,5.84615384615385,11,5,1,3,13,203,143,60,15,62,141,5.79310344827586,6.08041958041958,5.10833333333333,5.4,5.67741935483871,5.84397163120567,26
"28",2003,9,6.26666666666667,12,6.25,6.3,7,6.16666666666667,6.36666666666667,8,4,1,6,6,215,151,64,16,68,147,5.81953488372093,6.08940397350993,5.1828125,5.5,5.72058823529412,5.86530612244898,27
"29",2003,10,4.25,6,4.5,4.125,NA,4.5,4.125,2,4,0,2,4,221,153,68,16,70,151,5.77692307692308,6.06862745098039,5.12058823529412,5.5,5.68571428571429,5.81920529801325,28
"30",2003,11,6.8,5,6.8,NA,NA,7,6,5,0,0,4,1,226,158,68,16,74,152,5.79955752212389,6.09177215189874,5.12058823529412,5.5,5.75675675675676,5.82039473684211,29
"31",2003,12,6.14285714285714,7,6,6.5,NA,5.75,6.66666666666667,5,2,0,4,3,233,163,70,16,78,155,5.80987124463519,6.08895705521472,5.16,5.5,5.75641025641026,5.83677419354839,30
"32",2004,1,5.82352941176471,17,6,5.25,5.66666666666667,6.22222222222222,5.375,13,4,3,9,8,250,176,74,19,87,163,5.8108,6.08238636363636,5.16486486486486,5.52631578947368,5.80459770114942,5.81411042944785,31
"33",2004,2,6.16666666666667,15,5.7,7.1,6,6.33333333333333,6.05555555555556,10,5,1,6,9,265,186,79,20,93,172,5.83094339622642,6.06182795698925,5.2873417721519,5.55,5.83870967741935,5.82674418604651,32
"34",2004,3,5.16666666666667,15,5.19230769230769,5,5,5.5,5.11538461538461,13,2,1,2,13,280,199,81,21,95,185,5.79535714285714,6.00502512562814,5.28024691358025,5.52380952380952,5.83157894736842,5.77675675675676,33
"35",2004,4,5.83333333333333,15,6.22727272727273,4.75,5,6.25,5.68181818181818,11,4,2,4,11,295,210,85,23,99,196,5.79728813559322,6.01666666666667,5.25529411764706,5.47826086956522,5.84848484848485,5.77142857142857,34
"36",2004,5,5.08333333333333,12,5.1,5,4,4.83333333333333,5.33333333333333,10,2,1,6,6,307,220,87,24,105,202,5.76938110749186,5.975,5.24942528735632,5.41666666666667,5.79047619047619,5.75841584158416,35
"37",2004,6,5.58333333333333,18,5.84615384615385,4.9,5,5.78571428571429,5.45454545454545,13,5,1,7,11,325,233,92,25,112,213,5.75907692307692,5.96781115879828,5.2304347826087,5.4,5.79017857142857,5.74272300469484,36
"38",2004,7,6.28125,16,6.3,6,NA,7.33333333333333,6.03846153846154,15,1,0,3,13,341,248,93,25,115,226,5.78357771260997,5.98790322580645,5.23870967741936,5.4,5.8304347826087,5.75973451327434,37
"39",2004,8,5.42105263157895,19,6,3.25,4,4.85714285714286,5.75,15,4,1,7,12,360,263,97,26,122,238,5.76444444444444,5.98859315589354,5.15670103092784,5.34615384615385,5.77459016393443,5.75924369747899,38
"40",2004,9,6.04166666666667,12,6.38888888888889,5,4,6.4,5.78571428571429,9,3,1,5,7,372,272,100,27,127,245,5.77338709677419,6.00183823529412,5.152,5.2962962962963,5.7992125984252,5.76,39
"41",2004,10,5.83333333333333,12,6.3,3.5,NA,6,5.5,10,2,0,8,4,384,282,102,27,135,249,5.77526041666667,6.01241134751773,5.11960784313726,5.2962962962963,5.81111111111111,5.75582329317269,40
"42",2004,11,6.53846153846154,13,6.44444444444444,6.75,5,7.66666666666667,6.2,9,4,2,3,10,397,291,106,29,138,259,5.80025188916877,6.02577319587629,5.1811320754717,5.27586206896552,5.85144927536232,5.77297297297297,41
"43",2004,12,5.5,27,5.65,5.07142857142857,NA,5.55555555555556,5.47222222222222,20,7,0,9,18,424,311,113,29,147,277,5.7811320754717,6.0016077170418,5.17433628318584,5.27586206896552,5.83333333333333,5.75342960288809,42
"44",2005,1,5.40909090909091,33,5.5,5.16666666666667,NA,5.2,5.5,24,9,0,10,23,457,335,122,29,157,300,5.75426695842451,5.96567164179104,5.17377049180328,5.27586206896552,5.79299363057325,5.734,43
"45",2005,2,5.72352941176471,17,5.57272727272727,6,5,6.38333333333333,5.36363636363636,11,6,1,6,11,474,346,128,30,163,311,5.75316455696202,5.95317919075145,5.2125,5.26666666666667,5.81472392638037,5.72090032154341,44
"46",2005,3,5.52692307692308,26,5.66666666666667,5.2125,5.2,5.85555555555556,5.35294117647059,18,8,1,9,17,500,364,136,31,172,328,5.7414,5.93901098901099,5.2125,5.26451612903226,5.81686046511628,5.70182926829268,45
"47",2005,4,6.20833333333333,12,6.35,5.5,5,6,6.27777777777778,10,2,1,3,9,512,374,138,32,175,337,5.75234375,5.95,5.21666666666667,5.25625,5.82,5.71721068249258,46
"48",2005,5,5.26923076923077,13,5.63636363636364,3.25,NA,5.4,5.1875,11,2,0,5,8,525,385,140,32,180,345,5.74038095238095,5.94103896103896,5.18857142857143,5.25625,5.80833333333333,5.70492753623189,47
"49",2005,6,6.04761904761905,21,6.23529411764706,5.25,6.5,6.92857142857143,5.60714285714286,17,4,1,7,14,546,402,144,33,187,359,5.7521978021978,5.95348258706468,5.19027777777778,5.29393939393939,5.85026737967914,5.70111420612814,48
"50",2005,7,6.2,15,6.61538461538461,3.5,NA,6.25,6.18181818181818,13,2,0,4,11,561,415,146,33,191,370,5.76417112299465,5.97421686746988,5.16712328767123,5.29393939393939,5.8586387434555,5.71540540540541,49
"51",2005,8,5.6551724137931,29,6.02272727272727,4.5,NA,5.625,5.67647058823529,22,7,0,12,17,590,437,153,33,203,387,5.75881355932203,5.9766590389016,5.13660130718954,5.29393939393939,5.84482758620689,5.71369509043928,50
"52",2005,9,6.45,20,6.95454545454545,5.83333333333333,6,7,6.3125,11,9,1,4,16,610,448,162,34,207,403,5.78147540983607,6.00066964285714,5.17530864197531,5.31470588235294,5.8671497584541,5.73746898263027,51
"53",2005,10,5.51428571428571,21,5.58333333333333,5.1,NA,4.6,5.8,18,3,0,5,16,631,466,165,34,212,419,5.77258320126783,5.98454935622318,5.17393939393939,5.31470588235294,5.83726415094339,5.73985680190931,52
"54",2005,11,5.73076923076923,13,5.95,5,5,5.4,5.9375,10,3,2,5,8,644,476,168,36,217,427,5.77173913043478,5.98382352941177,5.17083333333333,5.29722222222222,5.82718894009216,5.74355971896956,53
"55",2005,12,5.81379310344828,29,6.00416666666667,4.9,4.83333333333333,5.79166666666667,5.82941176470588,24,5,3,12,17,673,500,173,39,229,444,5.77355126300149,5.9848,5.16300578034682,5.26153846153846,5.82532751091703,5.74684684684685,54
"56",2006,1,5.9001,40,6.04423529411765,5.08333333333333,5,5.52964705882353,6.17391304347826,34,6,2,17,23,713,534,179,41,246,467,5.7806507713885,5.98858426966292,5.16033519553073,5.24878048780488,5.80489430894309,5.76788008565311,55
"57",2006,2,5.80555555555556,18,6.19230769230769,4.8,NA,6.28571428571429,5.5,13,5,0,7,11,731,547,184,41,253,478,5.78126402188783,5.99342595978062,5.15054347826087,5.24878048780488,5.8181976284585,5.76171548117155,56
"58",2006,3,5.23333333333333,30,5.69565217391304,3.71428571428571,3.75,4.80769230769231,5.55882352941176,23,7,4,13,17,761,570,191,45,266,495,5.75966360052562,5.98141052631579,5.09790575916231,5.11555555555555,5.76881203007519,5.75474747474748,57
"59",2006,4,5.375,20,5.85714285714286,4.25,NA,5.25,5.40625,14,6,0,4,16,781,584,197,45,270,511,5.74981306017926,5.97843150684932,5.07208121827411,5.11555555555555,5.76112592592592,5.74383561643836,58
"60",2006,5,5.94736842105263,19,6.125,5,4,5.375,6.36363636363636,16,3,1,8,11,800,600,200,46,278,522,5.754505,5.98234,5.071,5.09130434782609,5.75001438848921,5.75689655172414,59
"61",2006,6,5.66666666666667,15,6.08333333333333,4,NA,4.83333333333333,6.22222222222222,12,3,0,6,9,815,612,203,46,284,531,5.75288834355828,5.98432026143791,5.0551724137931,5.09130434782609,5.73064788732394,5.76478342749529,60
"62",2006,7,5.65909090909091,22,5.625,5.75,5,4.8,5.91176470588235,16,6,2,5,17,837,628,209,48,289,548,5.7504229390681,5.97516560509554,5.07511961722488,5.0875,5.71454671280277,5.76934306569343,61
"63",2006,8,5.7,20,5.66666666666667,6,NA,5.58333333333333,5.75,18,2,0,6,14,857,646,211,48,295,562,5.74924620770128,5.96656965944272,5.08388625592417,5.0875,5.71187796610169,5.76886120996441,62
"64",2006,9,5.23684210526316,19,5.19230769230769,5.33333333333333,6,5.07142857142857,5.33333333333333,13,6,1,7,12,876,659,217,49,302,574,5.73813242009132,5.95129590288315,5.09078341013825,5.10612244897959,5.69703311258278,5.75975609756098,63
"65",2006,10,5.27083333333333,24,5.625,3.5,6,5.58333333333333,5.16666666666667,20,4,1,6,18,900,679,221,50,308,592,5.72567111111111,5.94168483063328,5.06199095022625,5.124,5.69481818181818,5.74172297297297,64
"66",2006,11,6.44117647058824,17,7.03571428571429,3.66666666666667,4,3.5,6.83333333333333,14,3,1,2,15,917,693,224,51,310,607,5.73893565976009,5.96378643578643,5.04330357142857,5.10196078431373,5.68065806451613,5.76869851729819,65
"67",2006,12,5.11818181818182,33,5.47391304347826,4.3,5,4.74166666666667,5.33333333333333,23,10,2,12,21,950,716,234,53,322,628,5.71737263157895,5.94805027932961,5.01153846153846,5.09811320754717,5.64566459627329,5.75414012738854,66
"68",2007,1,5.45945945945946,37,5.74193548387097,4,NA,5.375,5.5,31,6,0,12,25,987,747,240,53,334,653,5.70770415400203,5.93949665327978,4.98625,5.09811320754717,5.63594011976048,5.74441041347627,67
"69",2007,2,5.66666666666667,27,6.14285714285714,4,NA,5.13636363636364,6.03125,21,6,0,11,16,1014,768,246,53,345,669,5.70661143984221,5.94505729166666,4.96219512195122,5.09811320754717,5.6200115942029,5.75127055306428,68
"70",2007,3,5.640625,32,5.775,5.41666666666667,5.25,5.29166666666667,5.85,20,12,4,12,20,1046,788,258,57,357,689,5.70459273422562,5.94074111675127,4.98333333333333,5.10877192982456,5.60897478991596,5.75413642960813,69
"71",2007,4,5.60735294117647,34,5.77884615384615,5.05,NA,5.18181818181818,5.81086956521739,26,8,0,11,23,1080,814,266,57,368,712,5.70153148148148,5.93557002457002,4.98533834586466,5.10877192982456,5.59620652173913,5.7559691011236,70
"72",2007,5,5.875,24,6.1,4.75,5,5.04545454545455,6.57692307692308,20,4,2,11,13,1104,834,270,59,379,725,5.70530253623188,5.93951318944844,4.98185185185185,5.10508474576271,5.5802216358839,5.77068965517241,71
"73",2007,6,5.6304347826087,23,5.77777777777778,5.1,4,5.25,5.76470588235294,18,5,1,6,17,1127,852,275,60,385,742,5.70377462289264,5.93609624413145,4.984,5.08666666666667,5.57507532467532,5.7705525606469,72
"74",2007,7,5.61904761904762,21,5.8125,5,7,5.55555555555556,5.66666666666667,16,5,1,9,12,1148,868,280,61,394,754,5.70222473867596,5.93381797235023,4.98428571428572,5.11803278688525,5.57462944162436,5.76889920424403,73
"75",2007,8,6.24193548387097,31,6.75,5,NA,6.33333333333333,6.20454545454545,22,9,0,9,22,1179,890,289,61,403,776,5.71641560644614,5.95399325842696,4.98477508650519,5.11803278688525,5.59157320099255,5.78125,74
"76",2007,9,5.53076923076923,26,5.51578947368421,5.57142857142857,5.5,5.65,5.42857142857143,19,7,4,12,14,1205,909,296,65,415,790,5.71240995850622,5.94483388338834,4.99864864864865,5.14153846153846,5.59326265060241,5.775,75
"77",2007,10,5.40772727272727,22,5.94,4.63888888888889,3.66666666666667,4.94714285714286,5.62266666666667,13,9,3,7,15,1227,922,305,68,422,805,5.70694702526487,5.94476572668113,4.98803278688525,5.07647058823529,5.58254502369668,5.77216149068323,76
"78",2007,11,5.11607142857143,28,5.48809523809524,4,3.66666666666667,4.41666666666667,5.92307692307692,21,7,3,15,13,1255,943,312,71,437,818,5.6937641434263,5.93459597030753,4.96586538461539,5.0169014084507,5.54252631578947,5.77455990220049,77
"79",2007,12,6.13518518518519,54,6.16222222222222,6,NA,6.07931034482759,6.2,45,9,0,29,25,1309,988,321,71,466,843,5.71197402597403,5.94496356275304,4.99485981308411,5.0169014084507,5.5759313304721,5.78717674970344,78
"80",2008,1,5.96666666666667,45,6.24193548387097,5.35714285714286,5.625,5.72222222222222,6.12962962962963,31,14,4,18,27,1354,1019,335,75,484,870,5.72043870014771,5.95399803729146,5.01,5.04933333333333,5.58137190082645,5.79780459770115,79
"81",2008,2,5.72794117647059,34,6.12,4.63888888888889,4,5.64583333333333,5.77272727272727,25,9,2,12,22,1388,1044,344,77,496,892,5.72062247838617,5.95797318007663,5.00029069767442,5.02207792207792,5.5829314516129,5.79718609865471,80
"82",2008,3,5.378125,32,5.83888888888889,4.78571428571429,5.66666666666667,5.75,5.20909090909091,18,14,3,10,22,1420,1062,358,80,506,914,5.71290422535211,5.95595480225989,4.99189944134078,5.04625,5.58623320158103,5.78303063457331,81
"83",2008,4,5.83653846153846,26,6.325,4.20833333333333,4.08333333333333,5.25,5.97619047619048,20,6,3,5,21,1446,1082,364,83,511,935,5.71512724757953,5.9627763401109,4.97898351648352,5.01144578313253,5.58294324853229,5.78736898395722,82
"84",2008,5,5.25757575757576,33,5.77777777777778,4.63333333333333,4.5,5.35714285714286,5.18421052631579,18,15,4,14,19,1479,1100,379,87,525,954,5.70491818796484,5.95974909090909,4.96530343007916,4.98793103448276,5.5769219047619,5.77535639412998,83
"85",2008,6,5.81923076923077,26,6.06190476190476,4.8,NA,5.36666666666667,6.05882352941176,21,5,0,9,17,1505,1121,384,87,534,971,5.70689302325581,5.96166280107047,4.96315104166667,4.98793103448276,5.57337827715356,5.7803192584964,84
"86",2008,7,5.525,36,5.68148148148148,5.05555555555556,4.875,5.67647058823529,5.38947368421053,27,9,4,17,19,1541,1148,393,91,551,990,5.70264373783258,5.95507317073171,4.96526717557252,4.98296703296703,5.57655898366606,5.77281818181818,85
"87",2008,8,5.32916666666667,24,5.64705882352941,4.55714285714286,4.48333333333333,5.33333333333333,5.32666666666667,17,7,6,9,15,1565,1165,400,97,560,1005,5.69691629392971,5.95057854077253,4.958125,4.9520618556701,5.57265,5.7661592039801,86
"88",2008,9,5.94390243902439,41,6.10714285714286,5.59230769230769,6.16666666666667,5.45294117647059,6.29166666666667,28,13,6,17,24,1606,1193,413,103,577,1029,5.70322166874222,5.95425314333613,4.97808716707022,5.02281553398058,5.56912305025996,5.77841593780369,87
"89",2008,10,5.77241379310345,29,6.36086956521739,3.51666666666667,3.16666666666667,6.29090909090909,5.45555555555556,23,6,3,11,18,1635,1216,419,106,588,1047,5.70444892966361,5.96194407894737,4.95715990453461,4.97028301886792,5.58262585034014,5.77286532951289,88
"90",2008,11,5.65789473684211,38,5.84848484848485,4.4,5.5,5.21428571428571,5.91666666666667,33,5,2,14,24,1673,1249,424,108,602,1071,5.70339151225344,5.95894635708567,4.95058962264151,4.98009259259259,5.57405980066445,5.77608776844071,89
"91",2008,12,5.72222222222222,45,6.22727272727273,4.33333333333333,4,5.08333333333333,5.95454545454545,33,12,9,12,33,1718,1282,436,117,614,1104,5.70388474970896,5.96585335413417,4.93360091743119,4.90470085470085,5.56446905537459,5.78142210144928,90
"92",2009,1,5.421875,64,5.98139534883721,4.27619047619048,4.41666666666667,5.56666666666667,5.37755102040816,43,21,6,15,49,1782,1325,457,123,629,1153,5.69375645342312,5.96635773584906,4.90339168490153,4.88089430894309,5.56452146263911,5.76425845620121,91
"93",2009,2,5.79777777777778,45,6.15142857142857,4.56,4.5,4.83,6.07428571428571,35,10,2,10,35,1827,1360,467,125,639,1188,5.69631855500821,5.97112058823529,4.89603854389722,4.8748,5.55302660406886,5.77339225589226,92
"94",2009,3,5.5,29,6.20588235294118,4.5,4,5.16666666666667,5.65,17,12,6,9,20,1856,1377,479,131,648,1208,5.69325107758621,5.97401888162672,4.88611691022965,4.83473282442748,5.54766049382716,5.77134933774835,93
"95",2009,4,5.61363636363636,33,6.075,4.90384615384615,4.9375,4.675,6.02173913043478,20,13,4,10,23,1889,1397,492,135,658,1231,5.69186024351509,5.97546456692913,4.88658536585366,4.83777777777778,5.53439817629179,5.77602761982128,94
"96",2009,5,5.88536585365854,41,6.52272727272727,5.14736842105263,5.22222222222222,5.78235294117647,5.95833333333333,22,19,9,17,24,1930,1419,511,144,675,1255,5.69597098445596,5.98394926004228,4.89628180039139,4.86180555555555,5.54064296296296,5.77951394422311,95
"97",2009,6,5.515625,32,5.75,4.5,4.33333333333333,4.5625,5.83333333333333,26,6,3,8,24,1962,1445,517,147,683,1279,5.69302956167176,5.97973979238754,4.89168278529981,4.85102040816327,5.5291859443631,5.78052384675528,96
"98",2009,7,5.96428571428571,28,6.22727272727273,5,5.5,6.3125,5.825,22,6,4,8,20,1990,1467,523,151,691,1299,5.69684623115578,5.98345194274029,4.89292543021033,4.8682119205298,5.53825470332851,5.78120862201694,97
"99",2009,8,5.94642857142857,28,6,5.83333333333333,5.41666666666667,5.5625,6.1,19,9,6,8,20,2018,1486,532,157,699,1319,5.70030921704658,5.98366352624495,4.90883458646617,4.88917197452229,5.5385321888412,5.78604245640637,98
"100",2009,9,5.60810810810811,37,6.11111111111111,4.25,3.6,4.83333333333333,5.85714285714286,27,10,5,9,28,2055,1513,542,162,708,1347,5.69864914841849,5.98593787177792,4.89667896678967,4.84938271604938,5.52956779661017,5.78752041573868,99
"101",2009,10,5.74038461538461,26,6.05,4.70833333333333,4,6,5.625,20,6,2,8,18,2081,1533,548,164,716,1365,5.69917059106199,5.98677364644488,4.89461678832117,4.8390243902439,5.53482402234637,5.78537728937729,100
"102",2009,11,5.49444444444444,36,5.9695652173913,4.65384615384615,5.64285714285714,5.21875,5.715,23,13,7,16,20,2117,1556,561,171,732,1385,5.69568918280586,5.98651928020566,4.88903743315508,4.8719298245614,5.52791530054645,5.78436101083033,101
"103",2009,12,5.62086956521739,46,6.26,4.3,3.3,4.56818181818182,5.95171428571429,31,15,5,11,35,2163,1587,576,176,743,1420,5.69409801202034,5.99186137366099,4.87369791666667,4.82727272727273,5.5137065948856,5.78848591549296,102
"104",2010,1,5.40901639344262,61,5.64615384615385,4.98863636363636,4.625,4.98684210526316,5.6,39,22,14,19,42,2224,1626,598,190,762,1462,5.68627877697842,5.98356949569496,4.87792642140468,4.81236842105263,5.50056955380577,5.78307113543092,103
"105",2010,2,5.70151515151515,33,5.82777777777778,5.13333333333333,4.5,5.07272727272727,6.01590909090909,27,6,2,11,22,2257,1653,604,192,773,1484,5.68650155073106,5.98102480338778,4.88046357615894,4.80911458333333,5.49448124191462,5.78652291105122,104
"106",2010,3,6.45833333333333,24,6.6875,6,5,6.1,6.55263157894737,16,8,3,5,19,2281,1669,612,195,778,1503,5.69462253397633,5.98779748352307,4.89509803921569,4.81205128205128,5.49837275064267,5.79620758483034,105
"107",2010,4,6.35833333333333,24,6.455,5.875,4,6.4,6.3375,20,4,2,8,16,2305,1689,616,197,786,1519,5.70153318872017,5.99332978093546,4.90146103896104,4.80380710659899,5.50754961832061,5.80190915075708,106
"108",2010,5,5.57709677419355,31,5.9695,4.86363636363636,3,6.83333333333333,5.4425,20,11,1,3,28,2336,1709,627,198,789,1547,5.69988184931507,5.99305090696314,4.90079744816587,4.79469696969697,5.51259062103929,5.79540400775695,107
"109",2010,6,5.43333333333333,24,5.47619047619048,5.13333333333333,4.5,5.5,5.42727272727273,21,3,1,2,22,2360,1730,630,199,791,1569,5.69717118644068,5.98677687861272,4.90190476190476,4.79321608040201,5.5125587863464,5.79024219247929,108
"110",2010,7,5.86363636363636,33,6.16666666666667,5.05555555555556,5.5,5.66666666666667,5.97619047619048,24,9,2,12,21,2393,1754,639,201,803,1590,5.6994667781028,5.98923831242873,4.90406885758999,4.80024875621891,5.51486176836862,5.79269811320755,109
"111",2010,8,5.67592592592593,27,6.44444444444444,4.13888888888889,4.4375,6.5,5.32894736842105,18,9,4,8,19,2420,1772,648,205,811,1609,5.6992041322314,5.99386230248307,4.89344135802469,4.79317073170732,5.52457953144266,5.7872218769422,110
"112",2010,9,5.75,32,5.892,5.24285714285714,4.83333333333333,5.6,5.8,25,7,3,8,24,2452,1797,655,208,819,1633,5.69986704730832,5.99244518642181,4.89717557251909,4.79375,5.52531623931624,5.78740967544397,111
"113",2010,10,6.06521739130435,23,6.63333333333333,5,6.4,5.55555555555556,6.39285714285714,15,8,5,9,14,2475,1812,663,213,828,1647,5.70326222222222,5.99775055187638,4.89841628959276,4.83145539906103,5.52564492753623,5.7925561627201,112
"114",2010,11,5.13541666666667,24,5.91666666666667,3.83333333333333,3.75,5.07142857142857,5.16176470588235,15,9,2,7,17,2499,1827,672,215,835,1664,5.69780872348939,5.99708483853311,4.88415178571429,4.82139534883721,5.5218371257485,5.78611177884616,113
"115",2010,12,6.05540540540541,37,6.31923076923077,5.43181818181818,6.125,5.43571428571429,6.2,26,11,6,7,30,2536,1853,683,221,842,1694,5.70302602523659,6.00160496492175,4.89297218155198,4.85678733031674,5.52112114014252,5.79344155844156,114
"116",2011,1,5.71794871794872,39,5.66666666666667,5.88888888888889,6.5,5.3,5.86206896551724,30,9,2,10,29,2575,1883,692,223,852,1723,5.70325203883495,5.99626872012746,4.90592485549133,4.87152466367713,5.51852582159624,5.7945966337783,115
"117",2011,2,5.71621621621622,37,6.12,4.875,5.5,5.5,5.78571428571429,25,12,2,9,28,2612,1908,704,225,861,1751,5.70343568147014,5.99788993710692,4.90539772727273,4.87711111111111,5.51833217189315,5.79445459737293,116
"118",2011,3,6.02941176470588,34,6.01666666666667,6.125,5.5,6,6.04347826086957,30,4,2,11,23,2646,1938,708,227,872,1774,5.70762433862434,5.99818059855521,4.91228813559322,4.88259911894273,5.52440825688073,5.79768320180384,117
"119",2011,4,5.96052631578947,19,5.921875,6.16666666666667,5.5,5.75,6.01666666666667,16,3,1,4,15,2665,1954,711,228,876,1789,5.70942739212007,5.99755578300921,4.91758087201126,4.88530701754386,5.52543835616438,5.79951928451649,118
"120",2011,5,6.03571428571429,28,6.06521739130435,5.9,6.16666666666667,6.625,5.8,23,5,3,8,20,2693,1977,716,231,884,1809,5.7128199034534,5.99834294385432,4.92444134078213,4.90194805194805,5.53538914027149,5.79952459922609,119
"121",2011,6,5.66333333333333,30,6.27222222222222,4.75,4.71428571428571,4.5,6.08636363636364,18,12,7,8,22,2723,1995,728,238,892,1831,5.71227469702534,6.00081403508772,4.92156593406594,4.89642857142857,5.52610313901345,5.80297105406882,120
"122",2011,7,5.56333333333333,30,5.91304347826087,4.41428571428571,5.63333333333333,4.875,5.81363636363636,23,7,3,8,22,2753,2018,735,241,900,1853,5.71065165274246,5.99981367690783,4.91673469387756,4.90560165975104,5.52031555555556,5.80309767943875,121
"123",2011,8,6.26944444444444,36,6.50625,4.375,4.5,6.72727272727273,6.068,32,4,2,11,25,2789,2050,739,243,911,1878,5.71786446755109,6.00771902439024,4.91380243572396,4.9022633744856,5.53488913282108,5.80662406815762,122
"124",2011,9,5.7,36,5.972,5.08181818181818,5.66666666666667,5.85833333333333,5.62083333333333,25,11,3,12,24,2825,2075,750,246,923,1902,5.71763681415929,6.00728867469879,4.91626666666667,4.91158536585366,5.53909425785482,5.80427970557308,123
"125",2011,10,5.53125,32,6.15789473684211,4.61538461538461,4.66666666666667,5.44444444444444,5.56521739130435,19,13,3,9,23,2857,2094,763,249,932,1925,5.71554917745887,6.00865520534861,4.91114023591088,4.90863453815261,5.53818025751073,5.80142337662338,124
"126",2011,11,5.59302325581395,43,5.90909090909091,4.55,4.4,5.07692307692308,5.81666666666667,33,10,5,13,30,2900,2127,773,254,945,1955,5.7137324137931,6.00711048425012,4.90646830530402,4.8986220472441,5.53183492063492,5.80165728900256,125
"127",2011,12,5.51842105263158,38,5.44193548387097,5.85714285714286,6,5.84615384615385,5.348,31,7,2,13,25,2938,2158,780,256,958,1980,5.71120626276378,5.99899165894347,4.91500000000001,4.9072265625,5.53610020876827,5.7959292929293,126
"128",2012,1,5.57906976744186,43,5.79310344827586,5.13571428571429,4.925,6.31818181818182,5.325,29,14,8,11,32,2981,2187,794,264,969,2012,5.70930023482053,5.99626154549611,4.91889168765744,4.90776515151515,5.54497832817338,5.7884393638171,127
"129",2012,2,5.67142857142857,35,5.9,5.1,5.66666666666667,5.55,5.72,25,10,3,10,25,3016,2212,804,267,979,2037,5.70886074270557,5.99517359855334,4.92114427860697,4.91629213483146,5.54502962206333,5.78759941089838,128
"130",2012,3,5.23,20,6.05,4,2,5.4,5.17333333333333,12,8,1,5,15,3036,2224,812,268,984,2052,5.70570619235836,5.99546942446043,4.91206896551725,4.9054104477612,5.54429268292683,5.78310916179337,129
"131",2012,4,5.93703703703704,27,5.90833333333333,6.16666666666667,3,5.5,6.01304347826087,24,3,1,4,23,3063,2248,815,269,988,2075,5.70774534769833,5.99453914590747,4.91668711656442,4.89832713754647,5.54411336032389,5.7856578313253,130
"132",2012,5,5.65483870967742,31,5.93461538461538,4.2,3.66666666666667,5.625,5.66521739130435,26,5,3,8,23,3094,2274,820,272,996,2098,5.7072152553329,5.99385400175901,4.91231707317074,4.88474264705883,5.54476305220884,5.78433746425167,131
"133",2012,6,5.53125,32,5.74,4.78571428571429,5,5.75,5.5,25,7,3,4,28,3126,2299,827,275,1000,2126,5.70541394753679,5.99109351892127,4.91124546553809,4.886,5.545584,5.78059266227658,132
"134",2012,7,5.7715625,32,5.78571428571429,5.74454545454545,6,6.0625,5.67458333333333,21,11,6,8,24,3158,2320,838,281,1008,2150,5.70608423052565,5.98923448275862,4.92218377088306,4.90978647686833,5.54968650793651,5.77940930232558,133
"135",2012,8,5.535,20,6.14166666666667,4.625,5.4,6.73333333333333,5.32352941176471,12,8,3,3,17,3178,2332,846,284,1011,2167,5.70500755191944,5.99001886792453,4.91937352245863,4.9149647887324,5.55319881305638,5.77583294877711,134
"136",2012,9,5.84047619047619,42,6.36,4.54166666666667,5,5.7,5.884375,30,12,1,10,32,3220,2362,858,285,1021,2199,5.70677453416149,5.99471803556308,4.91409090909091,4.91526315789474,5.55463663075416,5.77741246020919,135
"137",2012,10,5.42941176470588,34,5.64761904761905,5.07692307692308,5.4,5.075,5.53846153846154,21,13,10,8,26,3254,2383,871,295,1029,2225,5.70387645974185,5.99165925304238,4.91652123995408,4.93169491525424,5.55090767735666,5.7746202247191,136
"138",2012,11,5.52413793103448,29,5.885,4.72222222222222,5.125,5.81818181818182,5.34444444444444,20,9,4,11,18,3283,2403,880,299,1040,2243,5.70228876028023,5.99077153558052,4.91453409090909,4.93428093645485,5.55373461538462,5.77116807846634,137
"139",2012,12,5.63392857142857,28,6.13095238095238,4.14285714285714,4.25,5,5.77173913043478,21,7,4,5,23,3311,2424,887,303,1045,2266,5.70171066143159,5.99198597359736,4.90844419391207,4.92524752475248,5.55108516746412,5.77117387466902,138
"140",2013,1,5.93375,40,6.3258064516129,4.58333333333333,4.58333333333333,4.66666666666667,6.15735294117647,31,9,6,6,34,3351,2455,896,309,1051,2300,5.70448045359594,5.99620122199593,4.90517857142857,4.91860841423948,5.54603615604187,5.77688260869565,139
"141",2013,2,5.21277777777778,36,5.42,4.84615384615385,4.66666666666667,4.63636363636364,5.4664,23,13,6,11,25,3387,2478,909,315,1062,2325,5.69925420726306,5.99085310734463,4.90433443344335,4.91380952380953,5.53661393596987,5.77354408602151,140
"142",2013,3,5.69666666666667,30,5.876,4.8,5,6.83333333333333,5.4125,25,5,1,6,24,3417,2503,914,316,1068,2349,5.69923148961077,5.98970595285657,4.9037636761488,4.91408227848101,5.5438988764045,5.76985525755641,141
"143",2013,4,5.81739130434783,23,6.065,4.16666666666667,6,6,5.77894736842105,20,3,1,4,19,3440,2523,917,317,1072,2368,5.7000215116279,5.99030281411019,4.90135223555071,4.91750788643533,5.54560074626866,5.76992820945946,142
"144",2013,5,5.73513333333333,30,6.03636363636364,4.90675,6.66666666666667,5.33333333333333,5.77977777777778,22,8,3,3,27,3470,2545,925,320,1075,2395,5.70032507204611,5.99070098231827,4.90139891891892,4.93390625,5.54500837209302,5.77003924843424,143
"145",2013,6,6.22,25,6.43181818181818,4.66666666666667,5,6.25,6.21428571428571,22,3,2,4,21,3495,2567,928,322,1079,2416,5.70404234620887,5.99448149590962,4.9006400862069,4.93431677018634,5.5476218721038,5.77390066225166,144
"146",2013,7,5.44285714285714,35,5.8695652173913,4.625,5.25,5.55,5.4,23,12,6,10,25,3530,2590,940,328,1089,2441,5.70145269121813,5.9933722007722,4.89712127659575,4.94009146341464,5.54764370982553,5.77007128226137,145
"147",2013,8,5.890625,32,6.23076923076923,4.41666666666667,1,2.83333333333333,6.20689655172414,26,6,1,3,29,3562,2616,946,329,1092,2470,5.7031521617069,5.99573165137615,4.89407399577167,4.92811550151976,5.54018681318681,5.7752,146
"148",2013,9,5.55357142857143,28,5.925,4.625,5.5,4.6,5.76086956521739,20,8,2,5,23,3590,2636,954,331,1097,2493,5.70198551532033,5.99519499241275,4.8918176100629,4.93157099697885,5.53590154968095,5.77506778981147,147
"149",2013,10,5.61666666666667,30,5.925,5,5,4.8,5.78,20,10,5,5,25,3620,2656,964,336,1102,2518,5.70127845303867,5.99466641566265,4.8929398340249,4.93258928571429,5.53256261343013,5.7751167593328,148
"150",2013,11,5.68571428571429,35,6.16666666666667,4.0625,4,5.41666666666667,5.74137931034483,27,8,3,6,29,3655,2683,972,339,1108,2547,5.7011294117647,5.99639731643683,4.88610493827161,4.92433628318584,5.53193501805054,5.77473262661955,149
"151",2013,12,5.72127659574468,47,5.76756756756757,5.55,5.5,5.39,5.81081081081081,37,10,6,10,37,3702,2720,982,345,1118,2584,5.70138519719071,5.99328455882353,4.89286558044807,4.93434782608696,5.53066547406082,5.77524922600619,150
"152",2014,1,5.94634146341463,41,6.18709677419355,5.2,6.13333333333333,5.65,6.04193548387097,31,10,6,10,31,3743,2751,992,351,1128,2615,5.70406839433609,5.99546855688841,4.89596169354839,4.95484330484331,5.53172340425532,5.77841070745698,151
"153",2014,2,5.5,32,5.56521739130435,5.33333333333333,5.4375,5.5625,5.47916666666667,23,9,8,8,24,3775,2774,1001,359,1136,2639,5.70233854304635,5.99190122566691,4.89989410589411,4.96559888579387,5.53194014084507,5.775689276241,152
"154",2014,3,6.12068965517241,29,6.15909090909091,6,5.25,6.3125,6.04761904761905,22,7,4,8,21,3804,2796,1008,363,1144,2660,5.70552786540483,5.99321673819743,4.90753373015873,4.96873278236915,5.5373986013986,5.77783609022556,153
"155",2014,4,5.59090909090909,33,6.11363636363636,4.54545454545455,5.33333333333333,4.875,6,22,11,3,12,21,3837,2818,1019,366,1156,2681,5.70454209017461,5.99415684882896,4.90362512266929,4.97172131147541,5.53052249134948,5.77957627750839,154
"156",2014,5,5.88095238095238,21,6,5.375,5.33333333333333,6,5.86842105263158,17,4,3,2,19,3858,2835,1023,369,1158,2700,5.70550233281493,5.99419188712522,4.90546823069404,4.97466124661247,5.53133333333333,5.78020148148148,155
"157",2014,6,5.875,20,6.08823529411765,4.66666666666667,2.5,4.58333333333333,6.42857142857143,17,3,2,6,14,3878,2852,1026,371,1164,2714,5.70637648272305,5.99475245441795,4.90476998050683,4.96132075471698,5.52644673539519,5.78354605747974,156
"158",2014,7,5.48421052631579,38,5.96730769230769,4.4375,3.66666666666667,4.82142857142857,5.63387096774194,26,12,3,7,31,3916,2878,1038,374,1171,2745,5.70422063329928,5.99450451702571,4.89936801541426,4.95093582887701,5.52223228010248,5.78185573770492,157
"159",2014,8,5.66153846153846,39,5.852,5.32142857142857,5.33333333333333,6,5.63333333333333,25,14,6,3,36,3955,2903,1052,380,1174,2781,5.7037997471555,5.99327729934551,4.90498479087453,4.95697368421053,5.5234531516184,5.7799331175836,158
"160",2014,9,5.8625,32,6.15652173913043,5.11111111111111,5.625,4.9,6.04074074074074,23,9,4,5,27,3987,2926,1061,384,1179,2808,5.70507348883872,5.99456049213944,4.90673327049953,4.96393229166667,5.52080916030534,5.78244088319088,159
"161",2014,10,4.95652173913043,23,5.11538461538461,4.75,5.25,4.35714285714286,5.21875,13,10,4,7,16,4010,2939,1071,388,1186,2824,5.70078004987531,5.9906716570262,4.90526984126984,4.96688144329897,5.51394097807757,5.77924716713881,160
"162",2014,11,5.4140625,32,5.79807692307692,3.75,5,5.375,5.43181818181818,26,6,3,10,22,4042,2965,1077,391,1196,2846,5.69851014349332,5.98898279932546,4.89883379758589,4.96713554987213,5.51277926421405,5.77656148981026,161
"163",2014,12,5.3030303030303,33,5.625,4.44444444444444,4.83333333333333,5.125,5.32758620689655,24,9,3,4,29,4075,2989,1086,394,1200,2875,5.69530748466257,5.98606022080964,4.89506813996317,4.96611675126904,5.51148666666667,5.77203269565217,162
"164",2015,1,5.90909090909091,44,6.31944444444444,4.0625,3.5,5.25,5.975,36,8,2,4,40,4119,3025,1094,396,1204,2915,5.69759116290362,5.99002776859504,4.88897989031079,4.95871212121212,5.51061794019934,5.77481783876501,163
"165",2015,2,5.41290322580645,31,5.915,4.5,3.7,4.21428571428571,5.7625,20,11,5,7,24,4150,3045,1105,401,1211,2939,5.69546457831325,5.98953497536946,4.88510769230769,4.94301745635911,5.50312469033856,5.77471725076557,164
"166",2015,3,5.28378378378378,37,5.84,4.125,4.6,5.11111111111111,5.33928571428571,25,12,5,9,28,4187,3070,1117,406,1220,2967,5.69182660616193,5.98831726384365,4.8769418084154,4.93879310344828,5.50023278688525,5.77060802157061,165
"167",2015,4,5.59864864864865,37,5.8625,4.77777777777778,5,5.05555555555556,5.77321428571429,28,9,3,9,28,4224,3098,1126,409,1229,2995,5.69101041666666,5.987180116204,4.87614920071048,4.93924205378973,5.49697640358015,5.77063238731219,166
"168",2015,5,5.41,25,5.81944444444444,4.35714285714286,4.83333333333333,5.15,5.475,18,7,3,5,20,4249,3116,1133,412,1234,3015,5.68935702518239,5.98621116816431,4.87294263018535,4.93847087378641,5.49557050243112,5.76867131011609,167
"169",2015,6,4.96538461538462,39,5.44230769230769,4.01153846153846,4.29444444444444,5,4.9578125,26,13,9,7,32,4288,3142,1146,421,1241,3047,5.6827723880597,5.98171037555697,4.86317102966841,4.92470308788599,5.4927751813054,5.7601555628487,168
"170",2015,7,5.98676470588235,34,6.3,4.96875,5.16666666666667,5,6.24259259259259,26,8,6,7,27,4322,3168,1154,427,1248,3074,5.68516381304951,5.9843226010101,4.86390294627383,4.92810304449649,5.49001121794872,5.76439297332466,169
"171",2015,8,5.96739130434783,46,6.30555555555556,4.75,5,5.71428571428571,6.01282051282051,36,10,2,7,39,4368,3204,1164,429,1255,3113,5.68813598901099,5.98793196004994,4.86292439862543,4.92843822843823,5.49126215139442,5.76750530035336,170
"172",2015,9,5.74651162790698,43,6.17297297297297,3.11666666666667,1,4.775,5.96857142857143,37,6,1,8,35,4411,3241,1170,430,1263,3148,5.68870505554296,5.99004443073126,4.85396923076923,4.9193023255814,5.48672525732383,5.76974078780178,171
"173",2015,10,5.36764705882353,34,5.58,4.77777777777778,5.4,4.25,5.60714285714286,25,9,5,6,28,4445,3266,1179,435,1269,3176,5.68624926884139,5.98690569503981,4.85338761662426,4.9248275862069,5.48087785657998,5.76830730478589,172
"174",2015,11,5.44444444444444,45,5.73333333333333,4.28888888888889,4.875,5.475,5.43783783783784,36,9,4,8,37,4490,3302,1188,439,1277,3213,5.68382583518931,5.98414112658995,4.84911111111111,4.9243735763098,5.48084103367267,5.76450171179583,173
"175",2015,12,5.94803921568627,51,6.21973684210526,5.15384615384615,5.25,5,6.05108695652174,38,13,10,5,46,4541,3340,1201,449,1282,3259,5.686793217353,5.98682155688623,4.85240965861782,4.93162583518931,5.47896567862714,5.76854679349494,174
"176",2016,1,5.76111111111111,63,5.82019230769231,5.48181818181818,6,5.290625,5.92127659574468,52,11,4,16,47,4604,3392,1212,453,1298,3306,5.68781016507385,5.98426709905661,4.85812211221122,4.94105960264901,5.47664406779661,5.77071808832426,175
"177",2016,2,5.50714285714286,49,5.79861111111111,4.7,4.83333333333333,5.75,5.47325581395349,36,13,3,6,43,4653,3428,1225,456,1304,3349,5.68590758650333,5.98231738623104,4.85644408163266,4.94035087719298,5.4779018404908,5.76689877575396,176
"178",2016,3,6.01315789473684,38,6.59259259259259,4.59090909090909,4.66666666666667,5.91666666666667,6.03125,27,11,3,6,32,4691,3455,1236,459,1310,3381,5.68855851630782,5.98708654124458,4.85408090614887,4.93856209150327,5.47991145038168,5.76940076900325,177
"179",2016,4,5.60365853658537,41,5.640625,5.47222222222222,6.6,5.83333333333333,5.58552631578947,32,9,5,3,38,4732,3487,1245,464,1313,3419,5.68782290786137,5.98390708345283,4.85854939759036,4.95646551724138,5.48071896420411,5.76735712196549,178
"180",2016,5,5.83813953488372,43,5.83454545454545,5.85,6.33333333333333,6,5.81684210526316,33,10,3,5,38,4775,3520,1255,467,1318,3457,5.68917654450261,5.98250681818182,4.86644940239044,4.96531049250536,5.48268892261001,5.76790107029216,179
"181",2016,6,5.57258064516129,31,6.17045454545455,4.11111111111111,3.85714285714286,4.4,5.79807692307692,22,9,7,5,26,4806,3542,1264,474,1323,3483,5.68842446941323,5.98367419536985,4.86107120253165,4.94894514767933,5.47859712773998,5.76812632787827,180
"182",2016,7,5.73522727272727,44,6.15394736842105,3.08333333333333,2.5,5.05555555555556,5.91,38,6,2,9,35,4850,3580,1270,476,1332,3518,5.68884907216495,5.98548156424581,4.85267244094488,4.93865546218488,5.47573873873874,5.76953780557135,181
"183",2016,8,5.70731707317073,41,6.20689655172414,4.5,4.3,6.5,5.51515151515152,29,12,10,8,33,4891,3609,1282,486,1340,3551,5.68900388468616,5.98726073704627,4.8493712948518,4.92551440329218,5.48185373134328,5.76717375387215,182
"184",2016,9,6.18,25,6.29545454545455,5.33333333333333,6.66666666666667,7,5.975,22,3,3,5,20,4916,3631,1285,489,1345,3571,5.69150081366965,5.98912806389425,4.85050116731518,4.93619631901841,5.48749739776951,5.76833772052646,183
"185",2016,10,5.5780487804878,41,6.15666666666667,4,3.66666666666667,4.78571428571429,5.74117647058824,30,11,6,7,34,4957,3661,1296,495,1352,3605,5.69056243695784,5.99050095602295,4.84328240740741,4.92080808080808,5.48386390532544,5.76808155339806,184
"186",2016,11,5.52978723404255,47,5.86774193548387,4.875,4.66666666666667,3.85714285714286,5.8225,31,16,9,7,40,5004,3692,1312,504,1359,3645,5.68905235811351,5.98947020585049,4.84366920731707,4.91626984126984,5.47548491537895,5.76867873799726,185
"187",2016,12,5.3027027027027,37,5.88214285714286,3.5,3.66666666666667,4,5.60666666666667,28,9,3,7,30,5041,3720,1321,507,1366,3675,5.68621662368577,5.9886623655914,4.83451476154429,4.90887573964497,5.46792386530014,5.76735619047619,186
"188",2017,1,5.79142857142857,70,5.92931034482759,5.125,4.75,5,5.85230769230769,58,12,6,5,65,5111,3778,1333,513,1371,3740,5.6876576012522,5.98775119110641,4.83712978244561,4.90701754385965,5.46621735959154,5.76883262032086,187
"189",2017,2,5.58653846153846,52,5.78571428571429,5.17647058823529,5.08333333333333,6.66666666666667,5.44565217391304,35,17,6,6,46,5163,3813,1350,519,1377,3786,5.68663916327716,5.98589666928928,4.84140296296296,4.90905587668594,5.4714480755265,5.7649059693608,188
"190",2017,3,5.83829787234043,47,6.01,4.85714285714286,6,5.05555555555556,6.02368421052632,40,7,1,9,38,5210,3853,1357,520,1386,3824,5.68800729366603,5.98614689852064,4.84148415622697,4.91115384615385,5.46874747474747,5.76747751046025,189
"191",2017,4,5.55128205128205,39,6.12962962962963,4.25,3.66666666666667,5.71428571428571,5.515625,27,12,6,7,32,5249,3880,1369,526,1393,3856,5.68699142693846,5.98714536082475,4.83629948867787,4.89695817490495,5.46998133524766,5.76538744813278,190
"192",2017,5,5.53,40,5.87692307692308,4.88571428571429,4.1875,4.93,5.73,26,14,8,10,30,5289,3906,1383,534,1403,3886,5.68580412176215,5.98641167434716,4.83679971077368,4.88632958801498,5.46613257305773,5.76511425630468,191
"193",2017,6,5.50333333333333,30,5.86818181818182,4.5,5,4.8,5.644,22,8,4,5,25,5319,3928,1391,538,1408,3911,5.68477495769881,5.98574949083503,4.83486268871316,4.88717472118959,5.46376704545454,5.76434006647916,192
"194",2017,7,5.84102564102564,39,6.14333333333333,4.83333333333333,4.5,5.70833333333333,5.9,30,9,5,12,27,5358,3958,1400,543,1420,3938,5.68591228070175,5.9869439110662,4.83485285714286,4.88360957642726,5.4658338028169,5.76527018791265,193
"195",2017,8,5.46808510638298,47,5.86486486486486,4,4,4.4,5.59523809523809,37,10,3,5,42,5405,3995,1410,546,1425,3980,5.68401813135985,5.98581326658323,4.82893191489362,4.87875457875458,5.46209403508772,5.76347587939699,194
"196",2017,9,6.19130434782609,23,6.7125,5,5.5,6,6.22,16,7,4,3,20,5428,4011,1417,550,1428,4000,5.68616764922623,5.98871204188482,4.82977699364855,4.88327272727273,5.46322408963585,5.7657585,195
"197",2017,10,5.68867924528302,53,6.0875,4.46153846153846,4.83333333333333,5.75,5.67073170731707,40,13,3,12,41,5481,4051,1430,553,1440,4041,5.68619193577814,5.98968748457171,4.82642937062937,4.88300180831827,5.46561388888889,5.76479435783222,196
"198",2017,11,5.42520454545455,44,6.11739130434783,4.66709523809524,4.6759,4.58333333333333,5.86065517241379,23,21,10,15,29,5525,4074,1451,563,1455,4070,5.68411348416289,5.99040844378989,4.8241233631978,4.87932326820604,5.45651821305842,5.7654773955774,197
"199",2017,12,6.00058823529412,51,6.40243902439024,4.353,4,5.28571428571429,6.11431818181818,41,10,3,7,44,5576,4115,1461,566,1462,4114,5.68700807030129,5.99451373025517,4.82089869952088,4.87466254416961,5.45570041039671,5.7692083130773,198
"200",2018,1,5.63793650793651,63,5.83695652173913,5.09941176470588,4.95,4.9,5.77716981132075,46,17,8,10,53,5639,4161,1478,574,1472,4167,5.68645983330377,5.99277192982456,4.82410216508796,4.87571254355401,5.45192527173913,5.76930957523398,199
"201",2018,2,6.06228571428571,35,6.318125,3.33333333333333,3,6.3,6.02266666666667,32,3,1,5,30,5674,4193,1481,575,1477,4197,5.68877811068029,5.99525494872407,4.82108237677245,4.87245043478261,5.4547962085308,5.77112056230641,200
"202",2018,3,5.28333333333333,42,6.14583333333333,4.13333333333333,5.33333333333333,5.14285714285714,5.31142857142857,24,18,3,7,35,5716,4217,1499,578,1484,4232,5.68579898530441,5.99611192791084,4.81282388258839,4.87484256055363,5.45332479784366,5.76731876181475,201
"203",2018,4,5.97333333333333,45,6.00769230769231,5.75,5.33333333333333,5.3,6.0575,39,6,3,5,40,5761,4256,1505,581,1489,4272,5.68804495747266,5.99621804511278,4.81656013289037,4.8772099827883,5.45280993955674,5.77003581460674,202
"204",2018,5,5.92490909090909,33,6.11192592592593,5.08333333333333,4.75,5,5.9538125,27,6,4,1,32,5794,4283,1511,585,1490,4304,5.68939402830514,5.99694746672893,4.81761945731304,4.87634017094017,5.45250604026845,5.77140218401487,203
"205",2018,6,6.17826086956522,23,6.7,5.2,6,5.85714285714286,6.31875,15,8,1,7,16,5817,4298,1519,586,1497,4320,5.69132697266632,5.99940111679851,4.81963331138907,4.87825767918089,5.45439812959251,5.77342939814815,204
"206",2018,7,6.18115384615385,26,6.52421052631579,5.25,3.33333333333333,4,6.36291666666667,19,7,3,2,24,5843,4317,1526,589,1499,4344,5.69350658908095,6.00171091035442,4.82160747051114,4.87038879456706,5.45245763842561,5.77668623388582,205
"207",2018,8,5.83924741935484,31,6.08402791666667,5,NA,5,6.00064115384615,24,7,0,5,26,5874,4341,1533,589,1504,4370,5.69427573544433,6.00216601474315,4.82242204827136,4.87038879456706,5.4509534574468,5.77801868878718,206
"208",2018,9,5.62,35,6.228,4.1,4,6.53333333333333,5.43103448275862,25,10,2,6,29,5909,4366,1543,591,1510,4399,5.69383578778135,6.0034591548328,4.81774011665587,4.86744331641286,5.45525430463576,5.77573122755172,207
"209",2018,10,5.4,25,5.5,5,6,6.5,5.125,20,5,2,5,20,5934,4386,1548,593,1515,4419,5.69259785473542,6.00116339945281,4.81832881136951,4.87126306913997,5.45870231023102,5.7727860760353,208
"210",2018,11,5.55172413793103,29,5.9,4.77777777777778,5,6,5.43478260869565,20,9,4,6,23,5963,4406,1557,597,1521,4442,5.69191274023142,6.0007041920109,4.81809441233141,4.87212562814071,5.4608376068376,5.77103594552004,209
"211",2018,12,5.69882352941177,34,5.74,5.58444444444444,5.13,5.64285714285714,5.71333333333333,25,9,2,7,27,5997,4431,1566,599,1528,4469,5.69195192096048,5.99923328142632,4.82249872286079,4.87298664440735,5.46167146596858,5.77068732826135,210
"212",2019,1,5.88426470588235,68,6.39673076923077,4.21875,5.625,5.3,6.04962264150943,52,16,4,15,53,6065,4483,1582,603,1543,4522,5.69410810717229,6.00384400401517,4.81639254108723,4.87797512437811,5.46009980557355,5.77395658337019,211
"213",2019,2,5.81351351351351,37,6.10333333333333,4.57142857142857,6,5.7625,5.82758620689655,30,7,4,8,29,6102,4513,1589,607,1551,4551,5.69483213208783,6.00450535563927,4.81531340465702,4.88536902800659,5.46165957446808,5.7742983234454,212
"214",2019,3,5.368,45,5.96866666666667,4.16666666666667,3.83333333333333,6,5.30634146341463,30,15,3,4,41,6147,4543,1604,610,1555,4592,5.69243951033024,6.00426869249395,4.80924750623441,4.88019508196721,5.46304437299035,5.77012013719512,213
"215",2019,4,5.63076923076923,26,6.05555555555556,4.675,5.375,4,5.76666666666667,18,8,4,2,24,6173,4561,1612,614,1557,4616,5.69217976186619,6.00447109625082,4.80858126550868,4.88341856677525,5.46116506101477,5.77010218154246,214
"216",2019,5,5.820889,30,6.0813335,5.3,4.75,4.5,6.02410269230769,20,10,4,4,26,6203,4581,1622,618,1561,4642,5.69280224729969,6.00480666666667,4.81161097410604,4.88255501618123,5.45870211402946,5.77152484704869,215
"217",2019,6,5.44133333333333,30,6.20190476190476,3.66666666666667,4,4.6,5.6096,21,9,2,5,25,6233,4602,1631,620,1566,4667,5.69159190437991,6.00570607127336,4.80529307173513,4.87970806451613,5.45596040868454,5.77065745446754,216
"218",2019,7,5.99047619047619,42,6.00322580645161,5.95454545454545,6.16666666666667,4.875,6.10789473684211,31,11,6,4,38,6275,4633,1642,626,1570,4705,5.69359240478087,6.00568947550184,4.81299208282582,4.89204313099042,5.45448025477707,5.77338115621679,217
"219",2019,8,5.63846153846154,39,6.14193548387097,3.6875,3.875,5.42857142857143,5.684375,31,8,4,7,32,6314,4664,1650,630,1577,4737,5.69325187519797,6.00659505574614,4.80753515151515,4.88558571428572,5.45436525047558,5.77277989022588,218
"220",2019,9,5.93487804878049,41,6.1552,5.590625,6,7.75,5.73864864864865,25,16,3,4,37,6355,4689,1666,633,1581,4774,5.69481075373721,6.00738736191086,4.81505582232893,4.8908672985782,5.46017330803289,5.77251536237956,219
"221",2019,10,5.65425,40,5.96764705882353,3.87833333333333,4.75,6.375,5.57416666666667,34,6,4,4,36,6395,4723,1672,637,1585,4810,5.69455705082095,6.00710127884819,4.81169437799043,4.88998273155416,5.46248201892744,5.77103083991684,220
"222",2019,11,5.65277777777778,36,5.79032258064516,4.8,5.25,5.14285714285714,5.77586206896552,31,5,4,7,29,6431,4754,1677,641,1592,4839,5.6943231752449,6.00568770298696,4.8116595110316,4.89222932917317,5.46107663316583,5.77105979334573,221
"223",2019,12,5.64375,48,5.76666666666667,5.11111111111111,5,6.35714285714286,5.52195121951219,39,9,3,7,41,6479,4793,1686,644,1599,4880,5.69394850131193,6.00374282078031,4.81325800711744,4.89273136645963,5.46499937460913,5.76896687295082,222
"224",2020,1,5.70921672131148,61,5.87791957446808,5.14285714285714,4.8,5.2,5.7546825,47,14,5,5,56,6540,4840,1700,649,1604,4936,5.69409091131498,6.00252098347108,4.81597235294118,4.89201694915254,5.46417331670823,5.76880481361426,223
"225",2020,2,5.77450980392157,51,6.07575757575758,5.22222222222222,5.58333333333333,4.7,6.03658536585366,33,18,6,10,41,6591,4873,1718,655,1614,4977,5.69471317857684,6.00301694233532,4.82022875436554,4.89834961832061,5.45943866171003,5.77101076150291,224
"226",2020,3,5.72727272727273,44,6.17741935483871,4.65384615384615,5.33333333333333,4.83333333333333,5.95714285714286,31,13,3,9,35,6635,4904,1731,658,1623,5012,5.69492909721175,6.0041194045677,4.81897920277296,4.90033282674772,5.45596672828096,5.77231056664006,225
"227",2020,4,5.9325,48,6.28315789473684,4.6,5.5,5.67272727272727,6.00972972972973,38,10,6,11,37,6683,4942,1741,664,1634,5049,5.69663542720335,6.0062649858357,4.8177214244687,4.9057515060241,5.45742594859241,5.77405041790454,226
"228",2020,5,6.15217391304348,46,6.36764705882353,5.54166666666667,5.6,4.875,6.27380952380952,34,12,5,4,42,6729,4976,1753,669,1638,5091,5.69974952593253,6.00873423633441,4.82267712492869,4.91094020926756,5.45600366300366,5.77817335690434,227
"229",2020,6,5.98039205882353,34,6.04761892857143,5.66666666666667,5,6.75,5.74358961538462,28,6,3,8,26,6763,5004,1759,672,1646,5117,5.70116041549608,6.00895181654677,4.82555599772598,4.91133779761905,5.46229283110571,5.77799763337893,228
"230",2020,7,5.56523290322581,31,5.9288888,4.05,4.26,4.2875,6.00966173913043,25,6,5,8,23,6794,5029,1765,677,1654,5140,5.70054019870473,6.00855380990257,4.82291954674221,4.90652732644018,5.45661064087061,5.77903426264592,229
"231",2020,8,5.75636363636364,44,5.85081081081081,5.25714285714286,7.9,6.42222222222222,5.58514285714286,37,7,2,9,35,6838,5066,1772,679,1663,5175,5.70089940187189,6.00740171930518,4.8246348758465,4.91534462444772,5.46183644016837,5.77772291980676,230
"232",2020,9,5.79642857142857,28,6.14347826086957,4.2,4,2,5.93703703703704,23,5,3,1,27,6866,5089,1777,682,1664,5202,5.70128897611418,6.00801672430733,4.82287732132808,4.91131818181818,5.45975600961538,5.77854980968858,231
"233",2020,10,5.35135135135135,37,5.9,4.20833333333333,3,4.83333333333333,5.45161290322581,25,12,3,6,31,6903,5114,1789,685,1670,5233,5.69941331450094,6.00748868009386,4.8187551704863,4.90294744525547,5.45750538922155,5.77661305369769,232
"234",2020,11,5.83076923076923,39,6.34137931034483,4.35,4,5.55,5.88181818181818,29,10,4,6,33,6942,5143,1799,689,1676,5266,5.70015126908671,6.00937139996112,4.81614952751529,4.8977053701016,5.45783651551312,5.77727233383973,233
"235",2020,12,5.74686538461538,52,5.99375,5.35185,4.27283333333333,4.78425,5.82708333333333,32,20,6,4,48,6994,5175,1819,695,1680,5314,5.70049858593079,6.00927480386474,4.82203958218801,4.89231079136691,5.45623273809523,5.77772226383139,234
"236",2021,1,6.08126984126984,63,6.246,5.44769230769231,4.66666666666667,5.36363636363636,6.23307692307692,50,13,3,11,52,7057,5225,1832,698,1691,5366,5.70389784752727,6.01154011674642,4.82647925764192,4.89134097421203,5.45563039621525,5.78213494409243,235
"237",2021,2,5.9689923255814,43,6.304762,4.5,6,6.25,5.94017102564103,35,8,3,4,39,7100,5260,1840,701,1695,5405,5.70550334929577,6.01349121292776,4.82505978260869,4.89608559201141,5.45750501474926,5.7832752599445,236
"238",2021,3,5.459,37,5.57035714285714,5.11255555555556,5.171,6.00144444444444,5.28464285714286,28,9,3,9,28,7137,5288,1849,704,1704,5433,5.70422541403951,6.01114481467474,4.82645916711736,4.89725710227273,5.4603779342723,5.78070546291184,237
"239",2021,4,5.48857142857143,35,5.61071428571429,5,5.25,5.5,5.48620689655172,28,7,4,6,29,7172,5316,1856,708,1710,5462,5.70317300334634,6.00903569977427,4.82711368534483,4.89925,5.46051695906432,5.77914184913951,238
"240",2021,5,5.964375,32,6.21791666666667,5.20375,5,7,5.93096774193548,24,8,2,1,31,7204,5340,1864,710,1711,5493,5.70433325652415,6.00997449063671,4.82873015021459,4.8995338028169,5.46141671537112,5.77999868559986,239
"241",2021,6,5.65333333333333,27,6.11478260869565,3,3.5,3,5.8656,23,4,2,2,25,7231,5363,1868,712,1713,5518,5.70414282671829,6.01042397538691,4.82481423982869,4.89560252808989,5.45854290718038,5.78038651322943,240
"242",2021,7,5.69352941176471,34,5.83714285714286,5.46153846153846,5.2,5.6,5.7325,21,13,5,10,24,7265,5384,1881,717,1723,5542,5.70409315622849,6.00974810178307,4.82921477937267,4.89772524407252,5.45936390017411,5.78017913749549,241
"243",2021,8,5.62615384615385,39,5.8168,5.28571428571429,6.16666666666667,3.875,5.82628571428571,25,14,3,4,35,7304,5409,1895,720,1727,5577,5.70367699616648,6.00885630985395,4.83258733509235,4.9030125,5.45569426751592,5.7804684920208,242
"244",2021,9,5.5453125,32,5.62826086956522,5.33333333333333,4,6.5,5.40892857142857,23,9,1,4,28,7336,5432,1904,721,1731,5605,5.70298620229007,6.00724480486009,4.83495430672269,4.9017600554785,5.45810745233968,5.77861244959857,243
"245",2021,10,5.95,30,6.325,5.2,4.5,6.5,5.91071428571429,20,10,2,2,28,7366,5452,1914,723,1733,5633,5.70399223187618,6.00841045121057,4.83686154649948,4.90064868603043,5.45930986728217,5.77926908929523,244
"246",2021,11,5.8885,40,6.25538461538462,5.20714285714286,4.98571428571429,6,5.86484848484849,26,14,7,7,33,7406,5478,1928,730,1740,5666,5.704988763165,6.00958265425338,4.83955031120332,4.90146438356164,5.46148505747126,5.77976752206142,245
"247",2021,12,5.77444444444444,45,6.06184210526316,4.21428571428571,3.75,4.97222222222222,5.975,38,7,4,9,36,7451,5516,1935,734,1749,5702,5.70540823782042,6.00994267222626,4.83728837209302,4.895189373297,5.45896740994854,5.78100013679411,246
"248",2022,1,5.69068115942029,69,5.98571186440678,3.95,3,6.934625,5.52754098360656,59,10,2,8,61,7520,5575,1945,736,1757,5763,5.70527310904255,6.00968623856503,4.8327264781491,4.89003940217391,5.46568639726807,5.77831733125109,247
"249",2022,2,5.58571428571429,35,5.83333333333333,4.75,4.5,5.07142857142857,5.71428571428571,27,8,4,7,28,7555,5602,1953,740,1764,5791,5.70471922964923,6.00883626918958,4.83238760880696,4.88793108108108,5.46412188208616,5.77800773268866,248
"250",2022,3,5.64761904761905,42,5.99117647058824,4.1875,5.5,3.9,5.88378378378378,34,8,2,5,37,7597,5636,1961,742,1769,5828,5.70440355140186,6.0087297338538,4.82975675675675,4.88958086253369,5.45970096099491,5.77867926904599,249
"251",2022,4,5.87631578947368,38,6.3,4,NA,6.5,5.80294117647059,31,7,0,4,34,7635,5667,1968,742,1773,5862,5.70525917223313,6.01032305982002,4.82680538617886,4.88958086253369,5.46204794134235,5.77881998976459,250
"252",2022,5,5.83469387755102,49,6.21,4.16666666666667,4.5,6.4,5.68974358974359,40,9,3,10,39,7684,5707,1977,745,1783,5901,5.70608456272774,6.01172258279307,4.82380020232676,4.88801208053691,5.46730846887268,5.77823127944416,251
"253",2022,6,5.9,41,6.2551724137931,5.04166666666667,4.25,6.1875,5.83030303030303,29,12,4,8,33,7725,5736,1989,749,1791,5934,5.7071137579288,6.0129534135286,4.82511463046757,4.88460480640854,5.47052540480178,5.778520859454,252
"254",2022,7,5.41081081081081,37,6.09166666666667,4.15384615384615,5,5,5.50666666666667,24,13,7,7,30,7762,5760,2002,756,1798,5964,5.7057013372842,6.01328138541667,4.82075574425574,4.88567328042328,5.46869354838709,5.77715338363515,253
"255",2022,8,5.67125,56,6.0046875,5.22666666666667,4.95,6.24,5.54760869565217,32,24,6,10,46,7818,5792,2026,762,1808,6010,5.70545456382706,6.01323390538674,4.82556416584403,4.88617979002625,5.4729596238938,5.77539646921797,254
"256",2022,9,5.77588888888889,27,5.87495454545455,5.34,NA,5.84966666666667,5.76666666666667,22,5,0,3,24,7845,5814,2031,762,1811,6034,5.7056969764181,6.01271066047472,4.82683062530773,4.88617979002625,5.47358365543898,5.77536174676832,255
"257",2022,10,5.56896551724138,29,5.775,5.11111111111111,4.66666666666667,5.5,5.57407407407407,20,9,3,2,27,7874,5834,2040,765,1813,6061,5.70519339344678,6.01189574562908,4.82808480392157,4.88531895424837,5.47361279646994,5.77446506847055,256
"258",2022,11,5.62714285714286,35,6.27142857142857,4.66071428571429,3,5,5.73166666666667,21,14,1,5,30,7909,5855,2054,766,1818,6091,5.70484799342521,6.01282660631939,4.82694401168452,4.88285770234987,5.4723102310231,5.77425427351831,257
"259",2022,12,6.18971428571429,35,6.60827586206897,4.16666666666667,5.33333333333333,6.5,6.160625,29,6,3,3,32,7944,5884,2060,769,1821,6123,5.70698423716012,6.01576134942217,4.82502087378641,4.88461508452536,5.47400329489291,5.77627352278295,258
