"","year","month","avg_rating","no_ratings","avg_rating_owned","avg_rating_not_owned","avg_rating_prev_owned","avg_rating_comment","avg_rating_no_comment","no_ratings_owned","no_ratings_not_owned","no_ratings_prev_owned","no_ratings_comment","no_ratings_no_comment","cum_no_ratings","cum_no_ratings_owned","cum_no_ratings_not_owned","cum_no_ratings_prev_owned","cum_no_ratings_comment","cum_no_ratings_no_comment","cum_avg_rating","cum_avg_rating_owned","cum_avg_rating_not_owned","cum_avg_rating_prev_owned","cum_avg_rating_comment","cum_avg_rating_no_comment","month_after_release"
"1",2001,7,7,1,NA,7,7,NA,7,0,1,1,0,1,1,0,1,1,0,1,7,NA,7,7,NA,7,0
"2",2001,10,8,1,8,NA,NA,NA,8,1,0,0,0,1,2,1,1,1,0,2,7.5,8,7,7,NA,7.5,3
"3",2002,3,7.5,2,7.5,NA,NA,8,7,2,0,0,1,1,4,3,1,1,1,3,7.5,7.66666666666667,7,7,8,7.33333333333333,8
"4",2002,4,4.5,2,8,1,NA,1,8,1,1,0,1,1,6,4,2,1,2,4,6.5,7.75,4,7,4.5,7.5,9
"5",2002,5,8,2,8,NA,NA,8,8,2,0,0,1,1,8,6,2,1,3,5,6.875,7.83333333333333,4,7,5.66666666666667,7.6,10
"6",2002,6,9,1,9,NA,NA,NA,9,1,0,0,0,1,9,7,2,1,3,6,7.11111111111111,8,4,7,5.66666666666667,7.83333333333333,11
"7",2002,7,7,2,6,8,NA,NA,7,1,1,0,0,2,11,8,3,1,3,8,7.09090909090909,7.75,5.33333333333333,7,5.66666666666667,7.625,12
"8",2002,9,8.5,1,8.5,NA,NA,8.5,NA,1,0,0,1,0,12,9,3,1,4,8,7.20833333333333,7.83333333333333,5.33333333333333,7,6.375,7.625,14
"9",2002,11,7,2,7,NA,NA,9,5,2,0,0,1,1,14,11,3,1,5,9,7.17857142857143,7.68181818181818,5.33333333333333,7,6.9,7.33333333333333,16
"10",2002,12,7.5,2,7,8,8,NA,7.5,1,1,1,0,2,16,12,4,2,5,11,7.21875,7.625,6,7.5,6.9,7.36363636363636,17
"11",2003,2,7,1,7,NA,NA,NA,7,1,0,0,0,1,17,13,4,2,5,12,7.20588235294118,7.57692307692308,6,7.5,6.9,7.33333333333333,19
"12",2003,4,7.5,2,8,7,NA,7.5,NA,1,1,0,2,0,19,14,5,2,7,12,7.23684210526316,7.60714285714286,6.2,7.5,7.07142857142857,7.33333333333333,21
"13",2003,5,8.33333333333333,3,9,7,NA,8.33333333333333,NA,2,1,0,3,0,22,16,6,2,10,12,7.38636363636364,7.78125,6.33333333333333,7.5,7.45,7.33333333333333,22
"14",2003,6,8,3,9,6,NA,NA,8,2,1,0,0,3,25,18,7,2,10,15,7.46,7.91666666666667,6.28571428571429,7.5,7.45,7.46666666666667,23
"15",2003,7,7.5,8,7.71428571428571,6,NA,9,7,7,1,0,2,6,33,25,8,2,12,21,7.46969696969697,7.86,6.25,7.5,7.70833333333333,7.33333333333333,24
"16",2003,9,6.64285714285714,7,7.5,4.5,NA,6,6.9,5,2,0,2,5,40,30,10,2,14,26,7.325,7.8,5.9,7.5,7.46428571428571,7.25,26
"17",2003,12,7,3,7.5,6,6,NA,7,2,1,1,0,3,43,32,11,3,14,29,7.30232558139535,7.78125,5.90909090909091,7,7.46428571428571,7.22413793103448,29
"18",2004,1,8,7,8.5,5,NA,8.5,7.8,6,1,0,2,5,50,38,12,3,16,34,7.4,7.89473684210526,5.83333333333333,7,7.59375,7.30882352941176,30
"19",2004,2,8.66666666666667,3,8.66666666666667,NA,NA,8,9,3,0,0,1,2,53,41,12,3,17,36,7.47169811320755,7.95121951219512,5.83333333333333,7,7.61764705882353,7.40277777777778,31
"20",2004,3,6.5,2,6.5,NA,NA,6.5,NA,2,0,0,2,0,55,43,12,3,19,36,7.43636363636364,7.88372093023256,5.83333333333333,7,7.5,7.40277777777778,32
"21",2004,4,7.5,2,7.5,NA,NA,NA,7.5,2,0,0,0,2,57,45,12,3,19,38,7.43859649122807,7.86666666666667,5.83333333333333,7,7.5,7.40789473684211,33
"22",2004,5,8,5,8.25,7,7,8.5,7.66666666666667,4,1,1,2,3,62,49,13,4,21,41,7.48387096774194,7.89795918367347,5.92307692307692,7,7.59523809523809,7.42682926829268,34
"23",2004,6,6.66666666666667,3,7,6,NA,6.5,7,2,1,0,2,1,65,51,14,4,23,42,7.44615384615385,7.86274509803922,5.92857142857143,7,7.5,7.41666666666667,35
"24",2004,7,5.8,5,7,5.5,NA,7,5.5,1,4,0,1,4,70,52,18,4,24,46,7.32857142857143,7.84615384615385,5.83333333333333,7,7.47916666666667,7.25,36
"25",2004,8,7.19230769230769,13,7.8,5.16666666666667,NA,7.1875,7.2,10,3,0,8,5,83,62,21,4,32,51,7.30722891566265,7.83870967741935,5.73809523809524,7,7.40625,7.24509803921569,37
"26",2004,9,6.75,6,8.5,5,NA,7.1,5,3,3,0,5,1,89,65,24,4,37,52,7.26966292134831,7.86923076923077,5.64583333333333,7,7.36486486486486,7.20192307692308,38
"27",2004,10,5.64285714285714,7,6.5,5.3,NA,5,5.9,2,5,0,2,5,96,67,29,4,39,57,7.15104166666667,7.82835820895522,5.58620689655172,7,7.24358974358974,7.08771929824561,39
"28",2004,11,7,9,7,7,8,7.2,6.75,7,2,1,5,4,105,74,31,5,44,61,7.13809523809524,7.75,5.67741935483871,7.2,7.23863636363636,7.0655737704918,40
"29",2004,12,7.72222222222222,9,8.0625,5,NA,7.92857142857143,7,8,1,0,7,2,114,82,32,5,51,63,7.18421052631579,7.78048780487805,5.65625,7.2,7.33333333333333,7.06349206349206,41
"30",2005,1,7.24444444444444,18,7.41666666666667,6.9,6,7,7.55,12,6,1,10,8,132,94,38,6,61,71,7.19242424242424,7.73404255319149,5.85263157894737,7,7.27868852459016,7.11830985915493,42
"31",2005,2,6.5,4,7,6,NA,7,6.33333333333333,2,2,0,1,3,136,96,40,6,62,74,7.17205882352941,7.71875,5.86,7,7.2741935483871,7.08648648648649,43
"32",2005,3,7.1,5,7.5,6.5,NA,6.83333333333333,7.5,3,2,0,3,2,141,99,42,6,65,76,7.16950354609929,7.71212121212121,5.89047619047619,7,7.25384615384615,7.09736842105263,44
"33",2005,4,7.5,8,8.3,6.16666666666667,NA,7.66666666666667,7,5,3,0,6,2,149,104,45,6,71,78,7.18724832214765,7.74038461538461,5.90888888888889,7,7.2887323943662,7.09487179487179,45
"34",2005,5,7,8,7.33333333333333,6,NA,6.66666666666667,7.2,6,2,0,3,5,157,110,47,6,74,83,7.17770700636943,7.71818181818182,5.91276595744681,7,7.26351351351351,7.10120481927711,46
"35",2005,6,6.76142857142857,7,7.5825,5.66666666666667,NA,4.77666666666667,8.25,4,3,0,3,4,164,114,50,6,77,87,7.15993902439024,7.71342105263158,5.898,7,7.16662337662338,7.15402298850575,47
"36",2005,7,7.7,5,7.5,8,8,8.125,6,3,2,2,4,1,169,117,52,8,81,88,7.17591715976331,7.70794871794872,5.97884615384615,7.25,7.21395061728395,7.14090909090909,48
"37",2005,8,7.25,11,7.46875,6.66666666666667,NA,7.4375,7.14285714285714,8,3,0,4,7,180,125,55,8,85,95,7.18044444444444,7.69264,6.01636363636364,7.25,7.22447058823529,7.14105263157895,49
"38",2005,9,6.5,12,7,5.5,NA,6.66666666666667,6.44444444444444,8,4,0,3,9,192,133,59,8,88,104,7.13791666666667,7.65097744360902,5.98135593220339,7.25,7.20545454545455,7.08076923076923,50
"39",2005,10,7.5625,8,7.5625,NA,NA,8.5,7.25,8,0,0,2,6,200,141,59,8,90,110,7.1549,7.64595744680851,5.98135593220339,7.25,7.23422222222222,7.09,51
"40",2005,11,6.44444444444444,9,7.66666666666667,4,NA,6.42857142857143,6.5,6,3,0,7,2,209,147,62,8,97,112,7.12430622009569,7.64680272108844,5.88548387096774,7.25,7.1760824742268,7.07946428571429,52
"41",2005,12,6.86363636363636,11,6.5625,7.66666666666667,7,6.4,7.25,8,3,1,5,6,220,155,65,9,102,118,7.11127272727273,7.59083870967742,5.96769230769231,7.22222222222222,7.13803921568628,7.08813559322034,53
"42",2006,1,7.03571428571429,14,7.72222222222222,5.8,7,7.38888888888889,6.4,9,5,1,9,5,234,164,70,10,111,123,7.10675213675214,7.5980487804878,5.95571428571429,7.2,7.15837837837838,7.06016260162602,54
"43",2006,2,7.75,4,7.66666666666667,8,8,8.5,7,3,1,1,2,2,238,167,71,11,113,125,7.11756302521008,7.59928143712575,5.98450704225352,7.27272727272727,7.18212389380531,7.0592,55
"44",2006,3,6.64285714285714,7,6.7,6.5,NA,6.66666666666667,6.625,5,2,0,3,4,245,172,73,11,116,129,7.104,7.57313953488372,5.9986301369863,7.27272727272727,7.16879310344828,7.04573643410853,56
"45",2006,4,6.64285714285714,7,6.83333333333333,5.5,NA,7,5.75,6,1,0,5,2,252,178,74,11,121,131,7.09119047619048,7.54820224719101,5.99189189189189,7.27272727272727,7.16181818181818,7.02595419847328,57
"46",2006,5,6.78571428571429,7,6.78571428571429,NA,NA,7.5,6.5,7,0,0,2,5,259,185,74,11,123,136,7.08293436293436,7.51935135135135,5.99189189189189,7.27272727272727,7.16731707317073,7.00661764705882,58
"47",2006,6,6.86363636363636,11,6.8,6.91666666666667,7.5,6.58333333333333,7.2,5,6,1,6,5,270,190,80,12,129,141,7.074,7.50042105263158,6.06125,7.29166666666667,7.14015503875969,7.01347517730496,59
"48",2006,7,6.92307692307692,13,7.5,6,7,6.85714285714286,7,8,5,1,7,6,283,198,85,13,136,147,7.06706713780919,7.50040404040404,6.05764705882353,7.26923076923077,7.12558823529412,7.01292517006803,60
"49",2006,8,7.15384615384615,13,7.4,6.33333333333333,NA,7.28571428571429,7,10,3,0,7,6,296,208,88,13,143,153,7.07087837837838,7.49557692307692,6.06704545454545,7.26923076923077,7.13342657342657,7.0124183006536,61
"50",2006,9,5.8,5,NA,5.8,4,5.66666666666667,6,0,5,1,3,2,301,208,93,14,146,155,7.04976744186046,7.49557692307692,6.05268817204301,7.03571428571429,7.10328767123288,6.99935483870968,62
"51",2006,10,6.79444444444444,18,6.79230769230769,6.8,9.5,6.5625,6.98,13,5,2,8,10,319,221,98,16,154,165,7.0353605015674,7.45420814479638,6.09081632653061,7.34375,7.0751948051948,6.99818181818182,63
"52",2006,11,7.33,10,7.47777777777778,6,NA,7.3,7.36,9,1,0,5,5,329,230,99,16,159,170,7.04431610942249,7.45513043478261,6.08989898989899,7.34375,7.0822641509434,7.00882352941176,64
"53",2006,12,6.57777777777778,18,6.825,6.08333333333333,NA,6.16666666666667,6.66,12,6,0,3,15,347,242,105,16,162,185,7.02011527377522,7.42388429752066,6.08952380952381,7.34375,7.06530864197531,6.98054054054054,65
"54",2007,1,7.33333333333333,9,7.25,8,NA,7.33333333333333,7.33333333333333,8,1,0,3,6,356,250,106,16,165,191,7.02803370786517,7.41832,6.10754716981132,7.34375,7.07018181818182,6.99162303664921,66
"55",2007,2,7.46266153846154,13,8.07142857142857,6.75243333333333,NA,7.875,7.2794,7,6,0,4,9,369,257,112,16,169,200,7.04334579945799,7.43610894941634,6.14209464285714,7.34375,7.08923076923077,7.004573,67
"56",2007,3,6.45833333333333,12,7.0625,5.25,7,7.2,5.92857142857143,8,4,1,5,7,381,265,116,17,174,207,7.02492020997375,7.42483018867924,6.11133275862069,7.32352941176471,7.09241379310345,6.96818647342995,68
"57",2007,4,6.22222222222222,9,7.33333333333333,5.66666666666667,4.25,5.875,6.5,3,6,2,4,5,390,268,122,19,178,212,7.00639641025641,7.42380597014925,6.08946393442623,7,7.06505617977528,6.95714433962264,69
"58",2007,5,7.625,8,7.83333333333333,7,7,8.2,6.66666666666667,6,2,1,5,3,398,274,124,20,183,215,7.01883065326633,7.43277372262774,6.10415,7,7.09606557377049,6.9530911627907,70
"59",2007,6,6.63636363636364,11,6.7,6,NA,7,6.42857142857143,10,1,0,4,7,409,284,125,20,187,222,7.00854425427873,7.40697183098592,6.1033168,7,7.09401069518717,6.93655225225225,71
"60",2007,7,6.96,10,7.41666666666667,6.275,7.1,7.36666666666667,6.78571428571429,6,4,1,3,7,419,290,129,21,190,229,7.00738568019093,7.4071724137931,6.10864031007752,7.0047619047619,7.09831578947368,6.93194148471616,72
"61",2007,8,6.86363636363636,11,7.05,5,NA,7,6.7,10,1,0,6,5,430,300,130,21,196,234,7.00370837209302,7.39526666666667,6.10011230769231,7.0047619047619,7.09530612244898,6.92698547008547,73
"62",2007,9,8.25,8,8.875,7.625,8,8.375,8.125,4,4,1,4,4,438,304,134,22,200,238,7.02647168949772,7.41473684210526,6.14563134328358,7.05,7.1209,6.94712016806723,74
"63",2007,10,7.44705882352941,17,7.67857142857143,6.36666666666667,6.1,7.33333333333333,7.50909090909091,14,3,1,6,11,455,318,137,23,206,249,7.04218593406593,7.42635220125786,6.15047153284672,7.00869565217391,7.12708737864078,6.97194618473896,75
"64",2007,11,6.65789473684211,19,6.71428571428571,6.5,NA,7,6.53571428571429,14,5,0,5,14,474,332,142,23,211,263,7.02678185654008,7.39632530120482,6.16277887323944,7.00869565217391,7.12407582938389,6.9487247148289,76
"65",2007,12,6.25535714285714,28,6.96,5.44230769230769,6.2,5.875,6.46666666666667,15,13,5,10,18,502,347,155,28,221,281,6.98375418326693,7.37746397694525,6.10235225806452,6.86428571428571,7.06755656108597,6.91784555160142,77
"66",2008,1,7.3,24,8.04666666666667,6.05555555555556,7,7.45,7.19285714285714,15,9,1,10,14,526,362,164,29,231,295,6.99818365019011,7.40519337016575,6.09978414634146,6.86896551724138,7.08411255411255,6.93089694915254,78
"67",2008,2,6.5,11,6.83333333333333,6.1,5,6.41666666666667,6.6,6,5,1,6,5,537,368,169,30,237,300,6.98797877094972,7.39586956521739,6.09979053254438,6.80666666666667,7.06721518987342,6.925382,79
"68",2008,3,6.1875,8,6.875,5.5,NA,5,7.375,4,4,0,4,4,545,372,173,30,241,304,6.97622862385321,7.3902688172043,6.0859225433526,6.80666666666667,7.03290456431535,6.93129802631579,80
"69",2008,4,6.39642857142857,14,6.82142857142857,5.97142857142857,NA,5.5,6.54583333333333,7,7,0,2,12,559,379,180,30,243,316,6.96170769230769,7.37976253298153,6.08147,6.80666666666667,7.02028806584362,6.91666012658228,81
"70",2008,5,6.65384615384615,13,7,6.35714285714286,6.25,6.75,6.33333333333333,6,7,4,10,3,572,385,187,34,253,319,6.95471083916084,7.37384415584416,6.09178930481283,6.74117647058824,7.009604743083,6.91117429467085,82
"71",2008,6,7.91666666666667,6,8.125,7.5,NA,8.75,7.5,4,2,0,2,4,578,389,189,34,255,323,6.96469653979239,7.38156812339332,6.106691005291,6.74117647058824,7.02325490196078,6.91846625386997,83
"72",2008,7,6.47894736842105,19,6.825,6.22727272727273,5.25,6.38888888888889,6.56,8,11,4,9,10,597,397,200,38,264,333,6.94923718592965,7.37035264483627,6.113323,6.58421052631579,7.00162878787879,6.9077015015015,84
"73",2008,8,6.3,20,6.83333333333333,5.86363636363636,6.0625,5.4375,6.875,9,11,8,8,12,617,406,211,46,272,345,6.92819222042139,7.35844827586207,6.10030616113744,6.49347826086956,6.955625,6.90656405797101,85
"74",2008,9,6,9,8.33333333333333,4.83333333333333,4.5,6.14285714285714,5.5,3,6,4,7,2,626,409,217,50,279,347,6.91484760383387,7.36559902200489,6.06527465437788,6.334,6.93523297491039,6.89845706051873,86
"75",2008,10,6.14545454545455,11,6.875,5.72857142857143,5.82,6.9,5.71428571428571,4,7,5,4,7,637,413,224,55,283,354,6.90156138147567,7.36084745762712,6.05475267857143,6.28727272727273,6.93473498233215,6.87504124293785,87
"76",2008,11,7.08333333333333,12,7.11111111111111,7,6.75,7.25,6.91666666666667,9,3,2,6,6,649,422,227,57,289,360,6.90492234206472,7.35552132701422,6.0672449339207,6.30350877192982,6.94128027681661,6.875735,88
"77",2008,12,6.99090909090909,11,7.15555555555556,6.25,6,6.7,7.23333333333333,9,2,1,5,6,660,431,229,58,294,366,6.90635545454545,7.35134570765661,6.06884104803493,6.29827586206897,6.9371768707483,6.88159726775956,89
"78",2009,1,6.8,16,6.81666666666667,6.75,6,6.9,6.72222222222222,12,4,3,7,9,676,443,233,61,301,375,6.90383816568047,7.33686230248307,6.0805347639485,6.28360655737705,6.9363122923588,6.87777226666667,90
"79",2009,2,6.71333333333333,15,6.9,6.62,6.5,7,6.66923076923077,5,10,4,2,13,691,448,243,65,303,388,6.89970274963821,7.33198660714286,6.10273497942387,6.29692307692308,6.93673267326733,6.87078505154639,91
"80",2009,3,6.75,14,7.07142857142857,6.42857142857143,NA,6.16666666666667,6.90909090909091,7,7,0,3,11,705,455,250,65,306,399,6.89672992907801,7.32797802197802,6.1118584,6.29692307692308,6.92918300653595,6.87184110275689,92
"81",2009,4,6.30526315789474,19,7.06666666666667,5.62,5.75,6.7,5.7625,9,10,4,11,8,724,464,260,69,317,407,6.88120801104972,7.32290948275862,6.09294076923077,6.26521739130435,6.92123028391167,6.85003587223587,93
"82",2009,5,6,14,7,5.6,6,6,6,4,10,3,6,8,738,468,270,72,323,415,6.86449132791328,7.32014957264957,6.0746837037037,6.25416666666667,6.90411764705882,6.83364963855422,94
"83",2009,6,6.69444444444444,18,7.22222222222222,6.16666666666667,NA,6.71428571428571,6.68181818181818,9,9,0,7,11,756,477,279,72,330,426,6.86044259259259,7.31830188679245,6.07765089605735,6.25416666666667,6.90009090909091,6.82972910798122,95
"84",2009,7,6.1875,12,6.70833333333333,5.66666666666667,6,6.33333333333333,6.13888888888889,6,6,2,3,9,768,483,285,74,333,435,6.84992786458333,7.31072463768116,6.06899859649123,6.2472972972973,6.89498498498498,6.81543586206897,96
"85",2009,8,6.39999333333333,15,6.58333333333333,6.27776666666667,6.249975,6.5,6.33332222222222,6,9,4,6,9,783,489,294,78,339,444,6.84130842911877,7.30179959100204,6.07538945578231,6.24743461538462,6.88799410029498,6.80566328828829,97
"86",2009,9,6.13157894736842,19,6.65384615384615,5,5,6,6.15625,13,6,2,3,16,802,502,300,80,342,460,6.82449438902743,7.28501992031873,6.05388166666667,6.21624875,6.88020467836257,6.783075,98
"87",2009,10,6.82142857142857,14,7.5625,5.83333333333333,5.5,6.71428571428571,6.92857142857143,8,6,4,7,7,816,510,306,84,349,467,6.82444178921569,7.28937254901961,6.04955718954248,6.18214166666667,6.87687679083094,6.78525588865096,99
"88",2009,11,6.38888888888889,18,7.33333333333333,5.91666666666667,7,6.25,6.45833333333333,6,12,4,6,12,834,516,318,88,355,479,6.81504136690647,7.28988372093023,6.04454245283019,6.21931704545455,6.86628169014084,6.77706576200417,100
"89",2009,12,6.80909090909091,11,7.75,5.68,NA,7.83333333333333,6.425,6,5,0,3,8,845,522,323,88,358,487,6.81496390532544,7.2951724137931,6.03889938080495,6.21931704545455,6.87438547486033,6.77128234086242,101
"90",2010,1,6.34117647058823,17,7.125,5.64444444444444,6.75,5.36,6.75,8,9,2,5,12,862,530,332,90,363,499,6.80562006960557,7.29260377358491,6.0282063253012,6.23111,6.8535261707989,6.77077054108216,102
"91",2010,2,7.07692307692308,13,7.44444444444444,6.25,6.66666666666667,7.1,7.0625,9,4,3,5,8,875,539,336,93,368,507,6.80965085714286,7.29513914656772,6.03084672619048,6.24516021505376,6.856875,6.77537376725838,103
"92",2010,3,7.03333333333333,12,7.425,6.25,6.16666666666667,6.8,7.2,8,4,3,5,7,887,547,340,96,373,514,6.81267700112739,7.29703839122486,6.033425,6.24270729166667,6.85611260053619,6.78115661478599,104
"93",2010,4,6.58461538461538,13,7.3,6.1375,6.375,6.41666666666667,6.72857142857143,5,8,4,6,7,900,552,348,100,379,521,6.80938277777778,7.2970652173913,6.03581752873563,6.247999,6.84915567282322,6.78045009596929,105
"94",2010,5,6.83333333333333,6,7,6.5,6,NA,6.83333333333333,4,2,1,0,6,906,556,350,101,379,527,6.80954139072848,7.29492805755396,6.03847,6.24554356435644,6.84915567282322,6.78105218216319,106
"95",2010,6,6.381875,16,6.82625,5.9375,5.66666666666667,6.35,6.39636363636364,8,8,3,5,11,922,564,358,104,384,538,6.80211984815618,7.28828014184397,6.03621368715084,6.22884519230769,6.84265625,6.77318680297398,107
"96",2010,7,6.35,10,7,5.7,6,6,6.5,5,5,1,3,7,932,569,363,105,387,545,6.79726877682403,7.28574692442882,6.0315826446281,6.22666571428571,6.83612403100775,6.76967798165138,108
"97",2010,8,6.875,8,8,6.2,6.5,7.16666666666667,6,3,5,2,6,2,940,572,368,107,393,547,6.79793031914894,7.28949300699301,6.03387092391304,6.23177476635514,6.84117048346056,6.76686380255941,109
"98",2010,9,6.3685,14,7.20833333333333,5.738625,6.5,5.41557142857143,7.32142857142857,6,8,2,7,7,954,578,376,109,400,554,6.79162840670859,7.28865051903114,6.02758909574468,6.23669633027523,6.8162225,6.77387093862816,110
"99",2010,10,7.13846153846154,13,7.14444444444444,7.125,7,7,7.15,9,4,1,1,12,967,587,380,110,401,566,6.79629110651499,7.2864395229983,6.03914078947368,6.24363545454545,6.81668079800499,6.78184540636042,111
"100",2010,11,6.26666666666667,12,5.7,6.67142857142857,7,5.83333333333333,6.7,5,7,2,6,6,979,592,387,112,407,572,6.78979928498468,7.27304054054054,6.05057751937984,6.25714196428571,6.80218427518427,6.78098688811189,112
"101",2010,12,7,4,7.66666666666667,5,NA,7.66666666666667,5,3,1,0,3,1,983,595,388,112,410,573,6.79065462868769,7.27502521008403,6.04786984536082,6.25714196428571,6.80850975609756,6.77787870855148,113
"102",2011,1,6.5,8,6.8,6,NA,7.5,6.16666666666667,5,3,0,2,6,991,600,391,112,412,579,6.78830827447023,7.27106666666667,6.04750255754476,6.25714196428571,6.81186650485437,6.77154490500863,114
"103",2011,2,6.75,14,7.4375,5.83333333333333,6,7.42857142857143,6.07142857142857,8,6,2,7,7,1005,608,397,114,419,586,6.78777462686567,7.27325657894737,6.04426574307305,6.25263070175439,6.82216945107399,6.76318174061433,115
"104",2011,3,6.28571428571429,7,7,5.33333333333333,4.5,6,6.4,4,3,2,2,5,1012,612,400,116,421,591,6.78430187747035,7.2714705882353,6.03893375,6.22241293103448,6.81826365795725,6.76010913705584,116
"105",2011,4,6.54285714285714,7,6.7,6.33333333333333,7,6.9,6.4,4,3,1,2,5,1019,616,403,117,423,596,6.78264327772326,7.26775974025974,6.0411253101737,6.22905897435897,6.81865011820331,6.75708808724832,117
"106",2011,5,6.25,10,6.875,5.83333333333333,6.16666666666667,6.83333333333333,6,4,6,3,3,7,1029,620,409,120,426,603,6.77746695821186,7.26522580645161,6.03807701711491,6.22749916666667,6.81875352112676,6.74829933665008,118
"107",2011,6,6.9375,8,7.625,6.25,6,NA,6.9375,4,4,1,0,8,1037,624,413,121,426,611,6.77870154291225,7.26753205128205,6.04012953995157,6.22561900826446,6.81875352112676,6.75077659574468,119
"108",2011,7,6.64,10,7,6.1,7,6.96666666666667,6.5,6,4,2,3,7,1047,630,417,123,429,618,6.77737679083094,7.26498412698413,6.04070383693045,6.23821056910569,6.81978787878788,6.74793608414239,120
"109",2011,8,6.5,4,6.75,6.25,NA,7.5,6.16666666666667,2,2,0,1,3,1051,632,419,123,430,621,6.77632112274025,7.26335443037975,6.04170286396181,6.23821056910569,6.82136976744186,6.74512801932367,121
"110",2011,9,7.36666666666667,3,8.05,6,NA,8.05,6,2,1,0,2,1,1054,634,420,123,432,622,6.7780014231499,7.26583596214511,6.04160357142857,6.23821056910569,6.82705787037037,6.74393006430868,122
"111",2011,10,7.5,9,7.64285714285714,7,NA,7,7.64285714285714,7,2,0,2,7,1063,641,422,123,434,629,6.78411429915334,7.26995319812793,6.04614573459716,6.23821056910569,6.82785483870968,6.75393402225755,123
"112",2011,11,6.53333333333333,9,6.85,4,NA,7.1,6.25,8,1,0,3,6,1072,649,423,123,437,635,6.7820088619403,7.26477657935285,6.0413085106383,6.23821056910569,6.82972311212815,6.74917244094488,124
"113",2011,12,6.875,4,7,6.83333333333333,6.5,NA,6.875,1,3,1,0,4,1076,650,426,124,437,639,6.78235455390335,7.26436923076923,6.04688615023474,6.24032177419355,6.82972311212815,6.74996009389671,125
"114",2012,1,6.67857142857143,14,7.16666666666667,5.8,5.33333333333333,6.9375,6.33333333333333,9,5,3,8,6,1090,659,431,127,445,645,6.78102155963303,7.26303490136571,6.04402204176334,6.2188968503937,6.8316606741573,6.74608449612403,126
"115",2012,2,5.85,10,7.41666666666667,3.5,3.5,2.5,6.6875,6,4,2,2,8,1100,665,435,129,447,653,6.77255772727273,7.26442105263158,6.02062873563218,6.17674341085271,6.81227964205817,6.74536676875957,127
"116",2012,3,6.54,10,6.77142857142857,6,5.75,6.33333333333333,6.62857142857143,7,3,2,3,7,1110,672,438,131,450,660,6.77046261261261,7.25928571428572,6.02048744292237,6.17022824427481,6.80908666666667,6.74412803030303,128
"117",2012,4,6.92857142857143,7,6.9,7,NA,9,6.58333333333333,5,2,0,1,6,1117,677,440,131,451,666,6.77145344673232,7.25663220088626,6.02493977272727,6.17022824427481,6.8139445676275,6.74267942942943,129
"118",2012,5,6.375,4,7.16666666666667,4,6.5,NA,6.375,3,1,1,0,4,1121,680,441,132,451,670,6.77003880463871,7.25623529411765,6.02034807256236,6.17272651515152,6.8139445676275,6.74048432835821,130
"119",2012,6,7.1,5,8,5.75,5.75,NA,7.1,3,2,2,0,5,1126,683,443,134,451,675,6.7715039964476,7.25950219619327,6.01912753950339,6.1664171641791,6.8139445676275,6.7431474074074,131
"120",2012,7,6.256,5,5.66666666666667,7.14,7.5,NA,6.256,3,2,1,0,5,1131,686,445,135,451,680,6.76922502210433,7.25253644314869,6.02416516853933,6.17629555555555,6.8139445676275,6.73956544117647,132
"121",2012,8,7.03,10,6.96,7.1,8,7.75,6.85,5,5,1,2,8,1141,691,450,136,453,688,6.77151051709027,7.25041968162084,6.03611888888889,6.18970514705882,6.81807726269316,6.74084956395349,133
"122",2012,9,7.22222222222222,9,7.42857142857143,6.5,6.5,7.75,7.07142857142857,7,2,2,2,7,1150,698,452,138,455,695,6.77503782608696,7.25220630372493,6.03817146017699,6.19420217391304,6.82217362637363,6.74417913669064,134
"123",2012,10,7.2,15,7.54545454545455,6.25,6.33333333333333,6.71428571428571,7.625,11,4,3,7,8,1165,709,456,141,462,703,6.78050944206008,7.25675599435825,6.04002960526316,6.19716241134752,6.82053896103896,6.7542027027027,135
"124",2012,11,6.13636363636364,11,6.83333333333333,5.3,6.75,6.5,6.1,6,5,2,1,10,1176,715,461,143,463,713,6.77448426870748,7.2532027972028,6.03200325379609,6.20489440559441,6.81984665226782,6.74502734922861,136
"125",2012,12,7.39285714285714,14,7.9375,6.66666666666667,7,7.7,7.22222222222222,8,6,3,5,9,1190,723,467,146,468,722,6.78175924369748,7.2607745504841,6.0401573875803,6.22123219178082,6.82925,6.75097576177285,137
"126",2013,1,7.11111111111111,9,7.5,6.33333333333333,6.33333333333333,7.5,7,6,3,3,2,7,1199,729,470,149,470,729,6.78423144286906,7.26274348422497,6.04202872340425,6.22348926174497,6.83210425531915,6.75336694101509,138
"127",2013,2,6.68333333333333,12,7.17142857142857,6,5.5,6.56666666666667,6.72222222222222,7,5,1,3,9,1211,736,475,150,473,738,6.78323162675475,7.261875,6.04158631578947,6.218666,6.83042071881607,6.75298712737127,139
"128",2013,3,7.43333333333333,9,7.48333333333333,7.33333333333333,7,7.45,7.42857142857143,6,3,1,2,7,1220,742,478,151,475,745,6.78802745901639,7.26366576819407,6.04969351464435,6.22384039735099,6.83302947368421,6.75933489932886,140
"129",2013,4,7.48333333333333,12,7.21428571428571,7.86,6.5,7,7.58,7,5,1,2,10,1232,749,483,152,477,755,6.79479991883117,7.26320427236315,6.06843374741201,6.22565723684211,6.83372955974843,6.77020463576159,141
"130",2013,5,7.12666666666667,15,7.44,6.5,5,6.5,7.22307692307692,10,5,1,2,13,1247,759,488,153,479,768,6.79879190056135,7.26553359683794,6.07285553278689,6.21764640522876,6.83233611691023,6.77787044270833,142
"131",2013,6,7.5,10,7.57142857142857,7.33333333333333,6.5,9,7.33333333333333,7,3,2,1,9,1257,766,491,155,480,777,6.80437032617343,7.26832898172324,6.08055702647658,6.22128967741935,6.83685208333333,6.78430437580437,143
"132",2013,7,7,7,7.5,6.33333333333333,8,5.5,7.25,4,3,1,1,6,1264,770,494,156,481,783,6.80545371835443,7.26953246753247,6.08209210526316,6.23269166666667,6.83407276507277,6.78787292464878,144
"133",2013,8,7.13636363636364,11,7.3125,6.66666666666667,NA,7,7.15,8,3,0,1,10,1275,778,497,156,482,793,6.80830862745098,7.26997429305913,6.08562072434608,6.23269166666667,6.83441701244813,6.7924394703657,145
"134",2013,9,5.73076923076923,13,6,5.68181818181818,6.5,5.75,5.71428571428571,2,11,4,6,7,1288,780,508,160,488,800,6.7974328416149,7.26671794871795,6.07687696850394,6.239374375,6.82108401639344,6.783005625,146
"135",2013,10,6.69375,16,6.85714285714286,6.56666666666667,7.46666666666667,7.24,6.44545454545455,7,9,3,5,11,1304,787,517,163,493,811,6.7961606595092,7.2630749682338,6.08540328820116,6.26196257668712,6.82533265720081,6.77842725030826,147
"136",2013,11,6.93,20,7.28571428571429,6.1,6.33333333333333,7.4375,6.59166666666667,14,6,3,8,12,1324,801,523,166,501,823,6.79818240181269,7.26347066167291,6.0855707456979,6.26325240963855,6.83510778443114,6.77570413122722,148
"137",2013,12,6.6,15,7.25,6.16666666666667,6.25,6.75,6.54545454545455,6,9,4,4,11,1339,807,532,170,505,834,6.79596228528753,7.26337050805452,6.08694266917293,6.26294058823529,6.83443366336634,6.77266726618705,149
"138",2014,1,7.58,15,7.9,6.94,6.5,6.875,7.83636363636364,10,5,2,4,11,1354,817,537,172,509,845,6.80464807976366,7.27116279069767,6.09488547486033,6.26569709302326,6.83475245579568,6.78651420118343,150
"139",2014,2,7.76875,16,8.23076923076923,5.76666666666667,5,8.5,7.525,13,3,1,4,12,1370,830,540,173,513,857,6.81590766423357,7.28619277108434,6.09306203703704,6.25838092485549,6.84773684210526,6.79685472578763,151
"140",2014,3,6.7625,16,6.88181818181818,6.5,7.5,8,6.58571428571429,11,5,1,2,14,1386,841,545,174,515,871,6.81529112554112,7.28090368608799,6.09679541284404,6.26551666666667,6.85221165048544,6.79346096440872,152
"141",2014,4,6.96176470588235,17,7.075,6.86111111111111,6.41666666666667,6.625,7.06538461538462,8,9,3,4,13,1403,849,554,177,519,884,6.81706593014968,7.27896348645465,6.10921209386282,6.26807853107345,6.85046050096339,6.79745984162896,153
"142",2014,5,6.290625,16,7.54375,5.0375,7,7.18333333333333,5.755,8,8,2,6,10,1419,857,562,179,525,894,6.81113002114165,7.28143523920653,6.09395640569395,6.27625642458101,6.85426476190476,6.78579921700223,154
"143",2014,6,6.45,10,7.625,5.66666666666667,7,5.5,6.6875,4,6,2,2,8,1429,861,568,181,527,902,6.80860286913926,7.28303135888502,6.08944278169014,6.28425359116022,6.84912523719165,6.78492738359202,155
"144",2014,7,6.52083333333333,12,6.9375,6.3125,8,4.75,6.875,4,8,2,2,10,1441,865,576,183,529,912,6.80620645385149,7.28143352601156,6.09254079861111,6.30300491803279,6.84118903591682,6.78591502192982,156
"145",2014,8,7.140625,16,7.56818181818182,6.2,6.5,7.5,6.86111111111111,11,5,2,7,9,1457,876,581,185,536,921,6.80987886067261,7.28503424657534,6.09346557659208,6.30513459459459,6.84979291044776,6.78664983713355,157
"146",2014,9,7.1,9,7.98,6,5.33333333333333,6,7.2375,5,4,3,1,8,1466,881,585,188,537,929,6.8116599590723,7.28897843359818,6.0928264957265,6.28962712765957,6.8482104283054,6.79053229278794,158
"147",2014,10,7.40491666666667,12,7.19414285714286,7.7,7,7.6,7.26557142857143,7,5,2,5,7,1478,888,590,190,542,936,6.81647665764547,7.28823085585586,6.10644661016949,6.29710473684211,6.85514575645756,6.79408493589743,159
"148",2014,11,6.29,10,7.08333333333333,5.1,6,5.78,6.8,6,4,1,5,5,1488,894,594,191,547,941,6.81293850806451,7.28685570469799,6.09966919191919,6.29554921465969,6.84531809872029,6.79411636556854,160
"149",2014,12,6.94117647058824,17,6.93333333333333,6.95,5.8,6.92857142857143,6.95,9,8,2,7,10,1505,903,602,193,554,951,6.81438704318937,7.28333222591362,6.11096926910299,6.29041398963731,6.84637003610108,6.79575552050473,161
"150",2015,1,6.71111111111111,18,7.11111111111111,6.31111111111111,5.5,4.825,7.25,9,9,2,4,14,1523,912,611,195,558,965,6.81316644780039,7.2816326754386,6.11391734860884,6.28230717948718,6.83187992831541,6.80234559585492,162
"151",2015,2,6.82631578947368,19,7.8625,6.07272727272727,6,7.9,6.76666666666667,8,11,2,1,18,1542,920,622,197,559,983,6.8133284695201,7.28668369565217,6.11318890675241,6.27944111675127,6.83379069767442,6.80169226856561,163
"152",2015,3,6.73076923076923,13,7.4,6.3125,6,7,6.61111111111111,5,8,1,4,9,1555,925,630,198,563,992,6.81263826366559,7.28729621621622,6.11571984126984,6.2780297979798,6.83497158081705,6.79996320564516,164
"153",2015,4,7.15588235294118,17,7.22916666666667,6.98,6,8.5,6.97666666666667,12,5,1,2,15,1572,937,635,199,565,1007,6.81635019083969,7.28655176093917,6.1225251968504,6.27663266331658,6.84086548672566,6.8025953326713,165
"154",2015,5,6.39473684210526,19,6.9,5.83333333333333,8,7,6.32352941176471,10,9,1,2,17,1591,947,644,200,567,1024,6.8113152105594,7.28246990496304,6.11848369565218,6.2852495,6.84142680776014,6.79464208984375,166
"155",2015,6,6.65384615384615,13,7.42857142857143,5.75,5.375,6.7,6.625,7,6,4,5,8,1604,954,650,204,572,1032,6.81003896508728,7.28354192872117,6.11508230769231,6.26740147058824,6.84019055944056,6.79332703488372,167
"156",2015,7,6.86363636363636,11,7.58,6.26666666666667,NA,7.1,6.66666666666667,5,6,0,5,6,1615,959,656,204,577,1038,6.8104040247678,7.28508759124088,6.11646875,6.26740147058824,6.84244194107452,6.79259489402697,168
"157",2015,8,6.30769230769231,13,6.85714285714286,5.66666666666667,7,4,6.5,7,6,1,1,12,1628,966,662,205,578,1050,6.80638974201474,7.28198654244306,6.11239199395771,6.27097512195122,6.83752422145329,6.78925095238095,169
"158",2015,9,6.78,16,6.313,7.55833333333333,6.85,6.95,6.74076923076923,10,6,1,3,13,1644,976,668,206,581,1063,6.80613290754258,7.27205840163934,6.12537949101797,6.2737859223301,6.83810499139415,6.78865804327375,170
"159",2015,10,7.03260869565217,23,7.72916666666667,6.27272727272727,6,5,7.125,12,11,2,1,22,1667,988,679,208,582,1085,6.8092576484703,7.27761032388664,6.12776656848306,6.27115336538461,6.83494673539519,6.79547788018433,171
"160",2015,11,6.9,31,7.42941176470588,6.25714285714286,5.4,6.66666666666667,6.956,17,14,4,6,25,1698,1005,693,212,588,1110,6.81091431095406,7.28017810945274,6.13038023088023,6.25471650943396,6.83322959183674,6.79909324324324,172
"161",2015,12,7.13333333333333,18,7.29166666666667,6.81666666666667,7.225,8,6.88571428571429,12,6,4,4,14,1716,1017,699,216,592,1124,6.81429632867133,7.28031366764995,6.13627110157368,6.27268472222222,6.84111317567568,6.80017215302491,173
"162",2016,1,7.18695652173913,23,7.625,6.18571428571429,6.25,8.25,7.08571428571429,16,7,2,2,21,1739,1033,706,218,594,1145,6.8192251293847,7.28565246853824,6.13676133144476,6.27247660550459,6.8458569023569,6.80540917030567,174
"163",2016,2,7.185,20,7.41538461538462,6.75714285714286,8.8,7.325,7.15,13,7,1,4,16,1759,1046,713,219,598,1161,6.82338402501421,7.28726481835564,6.14285203366059,6.28401780821918,6.8490618729097,6.81015805340224,175
"164",2016,3,7.03409090909091,22,7.84090909090909,6.22727272727273,5.33333333333333,6.45,7.20588235294118,11,11,3,5,17,1781,1057,724,222,603,1178,6.82598680516564,7.29302649006622,6.14413466850829,6.27117072072072,6.84575290215589,6.81586884550085,176
"165",2016,4,7.24615384615385,13,7.275,6.9,NA,6.43333333333333,7.49,12,1,0,3,10,1794,1069,725,222,606,1188,6.82903149386845,7.29282413470533,6.14517724137931,6.27117072072072,6.84371122112211,6.82154335016835,177
"166",2016,5,7.2,18,7.28181818181818,7.07142857142857,7.25,9,7.09411764705882,11,7,6,1,17,1812,1080,732,228,607,1205,6.83271661147903,7.29271203703704,6.15403483606557,6.29692938596491,6.84726359143328,6.8253887966805,178
"167",2016,6,7.2421052631579,19,7.5125,7.04545454545455,7.16666666666667,7.16666666666667,7.25625,8,11,3,3,16,1831,1088,743,231,610,1221,6.8369647733479,7.294328125,6.16723216689098,6.30822467532467,6.84883442622951,6.83103480753481,179
"168",2016,7,6.64285714285714,14,7.0625,6.08333333333333,NA,7.25,6.54166666666667,8,6,0,2,12,1845,1096,749,231,612,1233,6.8354918699187,7.29263594890511,6.16656008010681,6.30822467532467,6.8501454248366,6.82821857258718,180
"169",2016,8,7.376,25,7.58823529411765,6.925,6,7.5,7.36521739130435,17,8,1,2,23,1870,1113,757,232,614,1256,6.8427179144385,7.29715094339623,6.17457529722589,6.30689612068965,6.85226221498371,6.83805214968153,181
"170",2016,9,6.83846153846154,13,7.1,6.675,6.8,6.75,6.85454545454545,5,8,3,2,11,1883,1118,765,235,616,1267,6.84268852894317,7.29626923076923,6.17980849673203,6.31319106382979,6.85193019480519,6.8381953433307,182
"171",2016,10,7.24285714285714,28,7.8375,6.45,6.18,7.7,7.16666666666667,16,12,5,4,24,1911,1134,777,240,620,1291,6.84855180533752,7.30390564373898,6.18398133848134,6.31041625,6.85740161290323,6.84430170410534,183
"172",2016,11,7.22222222222222,9,7.375,7.1,NA,8.25,6.92857142857143,4,5,0,2,7,1920,1138,782,240,622,1298,6.85030338541667,7.30415553602812,6.18983823529412,6.31041625,6.86187942122186,6.84475616332819,184
"173",2016,12,7.39052631578947,19,7.21,7.7,7.13333333333333,6.34,7.5875,12,7,3,3,16,1939,1150,789,243,625,1314,6.85559695719443,7.30317304347826,6.20323637515843,6.32057572016461,6.8593744,6.8538002283105,185
"174",2017,1,7.68421052631579,19,7.4375,9,NA,7.75,7.67647058823529,16,3,0,2,17,1958,1166,792,243,627,1331,6.86363764044944,7.30501629502573,6.21383017676768,6.32057572016461,6.86221531100479,6.86430766341097,186
"175",2017,2,6.84375,16,7.27777777777778,6.28571428571429,5.66666666666667,6.5,6.89285714285714,9,7,3,2,14,1974,1175,799,246,629,1345,6.863476443769,7.30480765957447,6.21445994993742,6.3126012195122,6.86106359300477,6.86460483271375,187
"176",2017,3,7.092,25,7.23333333333333,6.96153846153846,NA,8.33333333333333,6.92272727272727,12,13,0,3,22,1999,1187,812,246,632,1367,6.8663344172086,7.3040850884583,6.22642056650246,6.3126012195122,6.86805221518987,6.86554023408924,188
"177",2017,4,7.33888888888889,18,7.375,7.26666666666667,9,7.5,7.27692307692308,12,6,1,5,13,2017,1199,818,247,637,1380,6.87055156172533,7.30479482902419,6.23405073349633,6.32348137651822,6.8730125588697,6.86941557971014,189
"178",2017,5,7.2,16,7.87777777777778,6.32857142857143,7,6.58,7.48181818181818,9,7,4,5,11,2033,1208,825,251,642,1391,6.87314436792917,7.30906374172185,6.23485272727273,6.3342625498008,6.87073052959502,6.87425844716031,190
"179",2017,6,7.14285714285714,14,7.53333333333333,6.85,NA,7.54,6.92222222222222,6,8,0,5,9,2047,1214,833,251,647,1400,6.87498900830484,7.31017215815486,6.24076050420168,6.3342625498008,6.87590262751159,6.87456678571428,191
"180",2017,7,7.125,16,7.64285714285714,6.72222222222222,6.75,7.5,7,7,9,2,4,12,2063,1221,842,253,651,1412,6.87692801745031,7.31207944307944,6.2459067695962,6.33754901185771,6.87973732718894,6.87563279036827,192
"181",2017,8,6.91666666666667,18,7.75,6.25,7,4.5,7.21875,8,10,2,2,16,2081,1229,852,255,653,1428,6.87727174435368,7.31493002441009,6.24595481220657,6.34274470588235,6.87244869831547,6.87947724089635,193
"182",2017,9,6.37,10,7,5.95,5.35,6,6.4625,4,6,2,2,8,2091,1233,858,257,655,1436,6.87484576757532,7.31390835360908,6.2438851981352,6.33501906614786,6.86978473282443,6.87715424791086,194
"183",2017,10,7.016,25,7.65,5.88888888888889,5,8,6.975,16,9,3,1,24,2116,1249,867,260,656,1460,6.87651346880907,7.31821377101681,6.24020011534025,6.319615,6.87150762195122,6.87876267123287,195
"184",2017,11,7.27777777777778,9,8.4,5.875,6.75,NA,7.27777777777778,5,4,2,0,9,2125,1254,871,262,656,1469,6.87821294117647,7.32252711323764,6.23852296211251,6.32290038167939,6.87150762195122,6.88120728386657,196
"185",2017,12,7.27272727272727,11,8,6.66666666666667,5.75,9,7.1,5,6,2,1,10,2136,1259,877,264,657,1479,6.88024461610487,7.3252176330421,6.24145210946408,6.31856022727273,6.87474733637747,6.88268661257606,197
"186",2018,1,6.979875,16,7.32138461538462,5.5,4.5,8,6.91186666666667,13,3,1,1,15,2152,1272,880,265,658,1494,6.88098536245353,7.3251784591195,6.23892443181818,6.31169773584906,6.87645744680851,6.88297958500669,198
"187",2018,2,6.77777777777778,9,8.33333333333333,6,6.75,NA,6.77777777777778,3,6,4,0,9,2161,1275,886,269,658,1503,6.88055552984729,7.32755058823529,6.23730643340858,6.31821524163569,6.87645744680851,6.8823496340652,199
"188",2018,3,7.1875,8,7.25,7,NA,8.33333333333333,6.5,6,2,0,3,5,2169,1281,888,269,661,1508,6.88168764407561,7.32718735362998,6.23902421171171,6.31821524163569,6.88306959152799,6.88108189655172,200
"189",2018,4,7.025,12,7.16666666666667,6.6,NA,7.86666666666667,6.74444444444444,9,3,0,3,9,2181,1290,891,269,664,1517,6.88247615772581,7.32606744186047,6.24023961840629,6.31821524163569,6.88751355421687,6.88027125906394,201
"190",2018,5,7.14545454545455,22,7.59230769230769,6.5,7,6.75,7.23333333333333,13,9,2,4,18,2203,1303,900,271,668,1535,6.88510236041761,7.32872371450499,6.24283722222222,6.32324686346864,6.88669011976048,6.88441140065146,202
"191",2018,6,6.72142857142857,14,7.61,4.5,6,8.3,6.45833333333333,10,4,1,2,12,2217,1313,904,272,670,1547,6.88406878664862,7.33086595582635,6.23512555309734,6.32205845588235,6.89090895522388,6.88110633484163,203
"192",2018,7,6.87272727272727,11,7.25,6.42,7.05,6.72,7,6,5,2,5,6,2228,1319,909,274,675,1553,6.88401279174147,7.33049810462472,6.23614246424643,6.32737189781022,6.88964296296296,6.88156567933033,204
"193",2018,8,7.121875,16,7.77222222222222,6.28571428571429,5.5,8.48333333333333,6.80769230769231,9,7,2,3,13,2244,1328,916,276,678,1566,6.88570877896613,7.33349171686747,6.23652128820961,6.32137644927536,6.89669469026549,6.88095242656449,205
"194",2018,9,7.35,10,8.1875,4,NA,8,7.1875,8,2,0,2,8,2254,1336,918,276,680,1574,6.88776863354037,7.33860553892216,6.23164869281046,6.32137644927536,6.89993970588235,6.88251048284625,206
"195",2018,10,6.825,8,7.82,5.16666666666667,4.5,5,7.43333333333333,5,3,2,2,6,2262,1341,921,278,682,1580,6.88754664014147,7.3404004474273,6.22817969598263,6.30827302158273,6.89436803519062,6.88460221518987,207
"196",2018,11,7.39545454545455,22,7.97857142857143,6.375,6.5,8.75,7.26,14,8,2,2,20,2284,1355,929,280,684,1600,6.89243892294221,7.34699409594096,6.22944402583423,6.3096425,6.89979385964912,6.8892946875,208
"197",2018,12,6.82,20,7.20714285714286,5.91666666666667,5.375,7.75,6.71666666666667,14,6,4,2,18,2304,1369,935,284,686,1618,6.89181011284722,7.34556391526662,6.22743689839572,6.29647852112676,6.90227259475219,6.88737422744128,209
"198",2019,1,7.43809523809524,21,7.79166666666667,6.96666666666667,7,6.6,7.7,12,9,3,5,16,2325,1381,944,287,691,1634,6.89674430107527,7.34944026068067,6.23448463983051,6.30383240418119,6.90008538350217,6.89533139534884,210
"199",2019,2,7.28125,16,7.83333333333333,6.57142857142857,7.5,7.875,7.08333333333333,9,7,2,4,12,2341,1390,951,289,695,1646,6.89937227680478,7.35257338129497,6.23696477392219,6.31211038062284,6.9056964028777,6.89670200486027,211
"200",2019,3,7.21,10,7.35714285714286,6.86666666666667,6.6,6.86666666666667,7.35714285714286,7,3,1,3,7,2351,1397,954,290,698,1653,6.9006935346661,7.35259627773801,6.23894496855346,6.31310310344828,6.90552865329513,6.89865184513007,212
"201",2019,4,7.48181818181818,11,7.775,6.7,6.5,9,7.33,8,3,3,1,10,2362,1405,957,293,699,1663,6.90339987298899,7.35500142348755,6.24039028213166,6.31501672354949,6.90852503576538,6.9012456404089,213
"202",2019,5,6.72727272727273,11,7.375,5,NA,NA,6.72727272727273,8,3,0,0,11,2373,1413,960,293,699,1674,6.90258343868521,7.35511464968153,6.2365140625,6.31501672354949,6.90852503576538,6.90010244922342,214
"203",2019,6,7.11,10,8.18333333333333,5.5,5,NA,7.11,6,4,1,0,10,2383,1419,964,294,699,1684,6.90345383969786,7.35861663143059,6.23345798755187,6.31054387755102,6.90852503576538,6.90134887173397,215
"204",2019,7,7.36363636363636,11,8.3,6.58333333333333,6.5,5,7.6,5,6,1,1,10,2394,1424,970,295,700,1694,6.90556829573935,7.3619220505618,6.23562216494845,6.31118610169491,6.90579857142857,6.90547314049587,216
"205",2019,8,6.94545454545455,11,7.41428571428571,6.125,NA,7.5,6.62857142857143,7,4,0,4,7,2405,1431,974,295,704,1701,6.90575072765073,7.36217819706499,6.23516786447639,6.31118610169491,6.90917471590909,6.90433362727807,217
"206",2019,9,7.27,15,7.56,7.125,NA,8.25,7.025,5,10,0,3,12,2420,1436,984,295,707,1713,6.90800847107438,7.36286699164346,6.24421087398374,6.31118610169491,6.91486421499293,6.90517892586106,218
"207",2019,10,6.965625,16,7.16111111111111,6.71428571428571,6.16666666666667,7.25,6.87083333333333,9,7,3,4,12,2436,1445,991,298,711,1725,6.9083869047619,7.36161038062284,6.24753128153381,6.30973120805369,6.91674964838256,6.90494,219
"208",2019,11,7.31333333333333,15,7.72,6.5,7.33333333333333,7.33333333333333,7.30833333333333,10,5,3,3,12,2451,1455,996,301,714,1737,6.91086515707874,7.3640735395189,6.24879869477912,6.31993322259136,6.9185,6.90772682786413,220
"209",2019,12,7.19166666666667,12,7.3125,6.95,NA,NA,7.19166666666667,8,4,0,0,12,2463,1463,1000,301,714,1749,6.91223325213155,7.36379152426521,6.2516035,6.31993322259136,6.9185,6.90967495711835,221
"210",2020,1,7.02173913043478,23,7.88461538461539,5.9,4.5,7.25,6.97368421052632,13,10,2,4,19,2486,1476,1010,303,718,1768,6.91324637972647,7.36837872628727,6.24812227722772,6.3079204620462,6.92034679665738,6.91036283936651,222
"211",2020,2,6.84375,16,7.08333333333333,6.125,NA,7.5,6.8,12,4,0,1,15,2502,1488,1014,303,719,1783,6.91280195843325,7.36607997311828,6.2476365877712,6.3079204620462,6.92115299026426,6.90943438025799,223
"212",2020,3,6.32142857142857,14,7.0625,5.33333333333333,5,8,6.19230769230769,8,6,1,1,13,2516,1496,1020,304,720,1796,6.90951132750397,7.36445655080214,6.24225833333333,6.30361809210526,6.92265138888889,6.90424359688196,224
"213",2020,4,7.10294117647059,17,7.41666666666667,6.35,5.66666666666667,7.125,7.09615384615385,12,5,3,4,13,2533,1508,1025,307,724,1809,6.91080951440979,7.36487201591512,6.24278390243903,6.29739381107492,6.92376933701658,6.90562271973466,225
"214",2020,5,6.53125,8,6.46428571428571,7,NA,6.5,6.53571428571429,7,1,0,1,7,2541,1515,1026,307,725,1816,6.90961452184179,7.36071089108911,6.24352192982456,6.29739381107492,6.92318482758621,6.90419686123348,226
"215",2020,6,6.9375,8,7,6.9,6.5,7,6.875,3,5,2,4,4,2549,1518,1031,309,729,1820,6.90970204001569,7.35999802371542,6.24670562560621,6.29870517799353,6.92360631001372,6.90413269230769,227
"216",2020,7,6.61111111111111,9,6.41666666666667,7,6,5,6.8125,6,3,1,1,8,2558,1524,1034,310,730,1828,6.90865148553557,7.35628412073491,6.24889119922631,6.29774161290323,6.92097123287671,6.90373167396061,228
"217",2020,8,6.57692307692308,13,8,5.94444444444444,6,3,6.875,4,9,6,1,12,2571,1528,1043,316,731,1840,6.90697413457799,7.3579692408377,6.24626414189837,6.29208829113924,6.9156073871409,6.90354429347826,229
"218",2020,9,7.175,8,7.48571428571429,5,NA,8,7.05714285714286,7,1,0,1,7,2579,1535,1044,316,732,1847,6.9078055447848,7.35855179153095,6.24507040229885,6.29208829113924,6.91708879781421,6.9041264212236,230
"219",2020,10,6.71875,16,8.08333333333333,5.9,6.16666666666667,6.66666666666667,6.73076923076923,6,10,3,3,13,2595,1541,1054,319,735,1860,6.90663988439306,7.36137378325763,6.24179648956357,6.29090877742947,6.91606666666667,6.90291478494624,231
"220",2020,11,6.85,20,7.16666666666667,6.59090909090909,7,7,6.83333333333333,9,11,2,2,18,2615,1550,1065,321,737,1878,6.90620669216061,7.36024322580645,6.24540234741784,6.29532679127726,6.91629443690638,6.90224787007455,232
"221",2020,12,7.49090909090909,11,8.23333333333333,6.6,6.33333333333333,9.4,7.06666666666667,6,5,3,2,9,2626,1556,1070,324,739,1887,6.90865594059406,7.36360989717224,6.24705934579439,6.2956787037037,6.92301623815968,6.90303206147324,233
"222",2021,1,7.1,10,7.375,6,6,NA,7.1,8,2,2,0,10,2636,1564,1072,326,739,1897,6.90938182852807,7.36366815856778,6.24659841417911,6.29386472392638,6.92301623815968,6.90407037427517,234
"223",2021,2,6.9,9,6.83333333333333,7.03333333333333,6,6.66666666666667,7.01666666666667,6,3,1,3,6,2645,1570,1075,327,742,1903,6.90934990548204,7.36164140127389,6.24879395348837,6.29296605504587,6.92197978436658,6.9044253809774,235
"224",2021,3,7.474375,8,7.6325,7,NA,7.59833333333333,7.4,6,2,0,3,5,2653,1576,1077,327,745,1908,6.91105371277799,7.36267258883249,6.25018895078923,6.29296605504587,6.9247033557047,6.90572405660377,236
"225",2021,4,7.26363636363636,11,7.38,7.16666666666667,6,6.5,7.43333333333333,5,6,1,2,9,2664,1581,1083,328,747,1917,6.91250957207207,7.36272738772929,6.25526638965836,6.29207286585366,6.92356626506024,6.90820109546166,237
"226",2021,5,7.35,8,7.66666666666667,6.4,6.4,6.25,7.71666666666667,6,2,2,2,6,2672,1587,1085,330,749,1923,6.91381942365269,7.36387649653434,6.2555331797235,6.29272696969697,6.92176769025367,6.91072360894436,238
"227",2021,6,6.77777777777778,9,7.42857142857143,4.5,4,6,7,7,2,1,2,7,2681,1594,1087,331,751,1930,6.91336273778441,7.36416060225847,6.25230312787489,6.2858003021148,6.91931291611185,6.91104740932642,239
"228",2021,7,8.08,5,8.13333333333333,8,NA,8,8.1,3,2,0,1,4,2686,1597,1089,331,752,1934,6.91553443782576,7.36560551033187,6.25551285583104,6.2858003021148,6.92075,6.91350646328852,240
"229",2021,8,7.03846153846154,13,7.71428571428571,6.25,6,6.1,7.625,7,6,2,5,8,2699,1604,1095,333,757,1942,6.91612652834383,7.36712718204489,6.25548264840183,6.28408378378378,6.91532892998679,6.91643743563337,241
"230",2021,9,7.45,10,7.8125,6,7,6,7.8125,8,2,1,2,8,2709,1612,1097,334,759,1950,6.91809726836471,7.36933746898263,6.25501686417502,6.28622724550898,6.91291699604743,6.92011358974359,242
"231",2021,10,7.2875,8,7.5,6.93333333333333,NA,NA,7.2875,5,3,0,0,8,2717,1617,1100,334,759,1958,6.91918494663232,7.36974149659864,6.25686681818182,6.28622724550898,6.91291699604743,6.92161465781409,243
"232",2021,11,6.98333333333333,12,7.75,6.21666666666667,6.5,7.83333333333333,6.7,6,6,4,3,9,2729,1623,1106,338,762,1967,6.91946702088677,7.3711472581639,6.25664873417722,6.28875710059172,6.9165406824147,6.92060066090493,244
"233",2021,12,6.88461538461539,13,6.72222222222222,7.25,7,NA,6.88461538461539,9,4,1,0,13,2742,1632,1110,339,762,1980,6.91930178701678,7.36756862745098,6.26022837837838,6.29085516224189,6.9165406824147,6.92036439393939,245
"234",2022,1,6.36111111111111,18,7.38888888888889,5.33333333333333,NA,7.25,6.10714285714286,9,9,0,4,14,2760,1641,1119,339,766,1994,6.91566141304348,7.36768555758684,6.25277345844504,6.29085516224189,6.91828198433421,6.91465471414242,246
"235",2022,2,7.34615384615385,13,7.91666666666667,6.85714285714286,6,9,7.20833333333333,6,7,1,1,12,2773,1647,1126,340,767,2006,6.9176795888929,7.36968548876746,6.25653063943162,6.28999970588235,6.92099608865711,6.91641151545364,247
"236",2022,3,6.81818181818182,11,7,6.75,6,5,7,3,8,2,1,10,2784,1650,1134,342,768,2016,6.91728645833333,7.36901333333333,6.26001190476191,6.28830380116959,6.91849479166667,6.91682614087301,248
"237",2022,4,7.10545454545455,11,7.79428571428571,5.9,6.5,5.55,7.45111111111111,7,4,1,2,9,2795,1657,1138,343,770,2025,6.91802701252236,7.37080989740495,6.25874648506151,6.28892099125364,6.91494025974026,6.91920074074074,249
"238",2022,5,6.36153846153846,13,7,5.81428571428571,5.5,7.06666666666667,6.15,6,7,2,3,10,2808,1663,1145,345,773,2035,6.91545067663818,7.36947203848467,6.25602925764192,6.28434753623188,6.91552910737387,6.91542088452088,250
"239",2022,6,6.06692307692308,13,6.75,4.974,NA,NA,6.06692307692308,8,5,0,0,13,2821,1671,1150,345,773,2048,6.9115404112017,7.36650628366248,6.25045521739131,6.28434753623188,6.91552910737387,6.91003491210937,251
"240",2022,7,6.86111111111111,9,7,6.6875,7.5,7,6.84375,5,4,1,1,8,2830,1676,1154,346,774,2056,6.91138003533569,7.36541288782816,6.25197010398614,6.28786098265896,6.91563824289406,6.90977699416342,252
"241",2022,8,6.88052631578947,19,6.945,6.7,NA,6.946,6.85714285714286,14,5,0,5,14,2849,1690,1159,346,779,2070,6.91117427167427,7.36193017751479,6.25390293356342,6.28786098265896,6.91583311938383,6.90942101449275,253
"242",2022,9,7.1375,8,8.1,5.53333333333333,7.5,NA,7.1375,5,3,1,0,8,2857,1695,1162,347,779,2078,6.91180801540077,7.36410737463127,6.2520425989673,6.29135417867435,6.91583311938383,6.91029908565929,254
"243",2022,10,6.21878571428571,14,6.25333333333333,6.192875,6.5,5.5,6.5063,6,8,4,4,10,2871,1701,1170,351,783,2088,6.90842859630791,7.36018930041152,6.25163803418804,6.29373190883191,6.90860025542784,6.90836422413793,255
"244",2022,11,6.4875,16,6.83,5.91666666666667,6,4.5,6.62,10,6,1,1,15,2887,1711,1176,352,784,2103,6.90609577416003,7.35709059029807,6.24992899659864,6.29289744318182,6.90552806122449,6.90630741797432,256
"245",2022,12,6.44444444444444,9,7,6,7,3,6.875,4,5,2,1,8,2896,1715,1181,354,785,2111,6.90466108425414,7.35625772594752,6.24887087214225,6.29689237288136,6.90055286624204,6.90618877309332,257
