"","year","month","avg_rating","no_ratings","avg_rating_owned","avg_rating_not_owned","avg_rating_prev_owned","avg_rating_comment","avg_rating_no_comment","no_ratings_owned","no_ratings_not_owned","no_ratings_prev_owned","no_ratings_comment","no_ratings_no_comment","cum_no_ratings","cum_no_ratings_owned","cum_no_ratings_not_owned","cum_no_ratings_prev_owned","cum_no_ratings_comment","cum_no_ratings_no_comment","cum_avg_rating","cum_avg_rating_owned","cum_avg_rating_not_owned","cum_avg_rating_prev_owned","cum_avg_rating_comment","cum_avg_rating_no_comment","month_after_release"
"1",2001,5,9,2,9,NA,NA,9,NA,2,0,0,2,0,2,2,0,0,2,0,9,9,NA,NA,9,NA,0
"2",2001,6,7.33333333333333,3,7.5,7,NA,NA,7.33333333333333,2,1,0,0,3,5,4,1,0,2,3,8,8.25,7,NA,9,7.33333333333333,1
"3",2001,7,6,2,6,NA,NA,NA,6,2,0,0,0,2,7,6,1,0,2,5,7.42857142857143,7.5,7,NA,9,6.8,2
"4",2001,8,7.75,12,8.2,5.5,NA,8.66666666666667,7.44444444444444,10,2,0,3,9,19,16,3,0,5,14,7.63157894736842,7.9375,6,NA,8.8,7.21428571428571,3
"5",2001,9,8,6,8.2,7,NA,8.66666666666667,7.33333333333333,5,1,0,3,3,25,21,4,0,8,17,7.72,8,6.25,NA,8.75,7.23529411764706,4
"6",2001,10,8.6,5,8.75,8,NA,8,8.75,4,1,0,1,4,30,25,5,0,9,21,7.86666666666667,8.12,6.6,NA,8.66666666666667,7.52380952380952,5
"7",2001,11,8.75,8,8.75,NA,NA,9,8.71428571428571,8,0,0,1,7,38,33,5,0,10,28,8.05263157894737,8.27272727272727,6.6,NA,8.7,7.82142857142857,6
"8",2001,12,7.66666666666667,6,7.75,7.5,NA,7.5,7.75,4,2,0,2,4,44,37,7,0,12,32,8,8.21621621621622,6.85714285714286,NA,8.5,7.8125,7
"9",2002,1,8.625,12,8.77272727272727,7,NA,8.6,8.64285714285714,11,1,0,5,7,56,48,8,0,17,39,8.13392857142857,8.34375,6.875,NA,8.52941176470588,7.96153846153846,8
"10",2002,2,8,8,8,NA,NA,NA,8,8,0,0,0,8,64,56,8,0,17,47,8.1171875,8.29464285714286,6.875,NA,8.52941176470588,7.96808510638298,9
"11",2002,3,7.88888888888889,9,8.125,6,NA,8,7.875,8,1,0,1,8,73,64,9,0,18,55,8.08904109589041,8.2734375,6.77777777777778,NA,8.5,7.95454545454545,10
"12",2002,4,8.5,2,9,8,8,8.5,NA,1,1,1,2,0,75,65,10,1,20,55,8.1,8.28461538461539,6.9,8,8.5,7.95454545454545,11
"13",2002,5,7.57142857142857,7,7.8,7,NA,8.33333333333333,7,5,2,0,3,4,82,70,12,1,23,59,8.05487804878049,8.25,6.91666666666667,8,8.47826086956522,7.88983050847458,12
"14",2002,6,7.28571428571429,7,7.28571428571429,NA,NA,NA,7.28571428571429,7,0,0,0,7,89,77,12,1,23,66,7.99438202247191,8.16233766233766,6.91666666666667,8,8.47826086956522,7.82575757575758,13
"15",2002,7,8.26666666666667,15,8.38461538461539,7.5,8,9,8,13,2,1,4,11,104,90,14,2,27,77,8.03365384615385,8.19444444444444,7,8,8.55555555555556,7.85064935064935,14
"16",2002,8,7.8125,16,7.85714285714286,7.5,NA,7.8,7.81818181818182,14,2,0,5,11,120,104,16,2,32,88,8.00416666666667,8.14903846153846,7.0625,8,8.4375,7.84659090909091,15
"17",2002,9,7.75,18,7.86666666666667,7.16666666666667,NA,6.83333333333333,7.93333333333333,15,3,0,3,15,138,119,19,2,35,103,7.97101449275362,8.11344537815126,7.07894736842105,8,8.3,7.85922330097087,16
"18",2002,10,7.09090909090909,11,8.16666666666667,5.8,2,7.16666666666667,7,6,5,1,6,5,149,125,24,3,41,108,7.90604026845638,8.116,6.8125,6,8.13414634146342,7.81944444444444,17
"19",2002,11,7,18,7.33333333333333,6.33333333333333,8,7.4,6.84615384615385,12,6,1,5,13,167,137,30,4,46,121,7.80838323353293,8.04744525547445,6.71666666666667,6.5,8.05434782608696,7.71487603305785,18
"20",2002,12,7.79411764705882,17,7.57142857142857,8.83333333333333,8,8.75,7.66666666666667,14,3,1,2,15,184,151,33,5,48,136,7.8070652173913,8.00331125827815,6.90909090909091,6.8,8.08333333333333,7.70955882352941,19
"21",2003,1,7.5,18,7.78571428571429,6.5,10,8,7.4375,14,4,1,2,16,202,165,37,6,50,152,7.77970297029703,7.98484848484848,6.86486486486486,7.33333333333333,8.08,7.68092105263158,20
"22",2003,2,8.08333333333333,12,8.08333333333333,NA,NA,8.33333333333333,8,12,0,0,3,9,214,177,37,6,53,161,7.79672897196262,7.99152542372881,6.86486486486486,7.33333333333333,8.09433962264151,7.69875776397516,21
"23",2003,3,8.21428571428571,14,8.23076923076923,8,NA,8.42857142857143,8,13,1,0,7,7,228,190,38,6,60,168,7.82236842105263,8.00789473684211,6.89473684210526,7.33333333333333,8.13333333333333,7.71130952380952,22
"24",2003,4,8.18181818181818,22,8.29411764705882,7.8,9.5,8.16666666666667,8.19230769230769,17,5,1,9,13,250,207,43,7,69,181,7.854,8.03140096618358,7,7.64285714285714,8.13768115942029,7.74585635359116,23
"25",2003,5,7.9,25,7.71739130434783,10,NA,7.90909090909091,7.89285714285714,23,2,0,11,14,275,230,45,7,80,195,7.85818181818182,8,7.13333333333333,7.64285714285714,8.10625,7.75641025641026,24
"26",2003,6,7.46666666666667,24,7.64210526315789,6.8,NA,7.47272727272727,7.46153846153846,19,5,0,11,13,299,249,50,7,91,208,7.82675585284281,7.97269076305221,7.1,7.64285714285714,8.02967032967033,7.73798076923077,25
"27",2003,7,7.7672131147541,61,8.34418604651163,6.38888888888889,NA,8.25,7.64897959183673,43,18,0,12,49,360,292,68,7,103,257,7.81666666666667,8.02739726027397,6.91176470588235,7.64285714285714,8.05533980582524,7.72101167315175,26
"28",2003,8,7.30833333333333,36,7.75,6.425,5,6.82727272727273,7.52,24,12,2,11,25,396,316,80,9,114,282,7.77045454545455,8.00632911392405,6.83875,7.05555555555556,7.93684210526316,7.7031914893617,27
"29",2003,9,7.69565217391304,23,7.94444444444444,6.8,7,8.66666666666667,7.35294117647059,18,5,3,6,17,419,334,85,12,120,299,7.76634844868735,8.00299401197605,6.83647058823529,7.04166666666667,7.97333333333333,7.68327759197325,28
"30",2003,10,7.62068965517241,29,7.69230769230769,7,7,7.55,7.65789473684211,26,3,1,10,19,448,360,88,13,130,318,7.75691964285714,7.98055555555556,6.84204545454546,7.03846153846154,7.94076923076923,7.68176100628931,29
"31",2003,11,7.4375,8,8.75,6.125,7.5,6,7.91666666666667,4,4,1,2,6,456,364,92,14,132,324,7.75131578947368,7.98901098901099,6.81086956521739,7.07142857142857,7.91136363636364,7.68611111111111,30
"32",2003,12,7.66304347826087,23,7.6125,8,10,7.475,7.80769230769231,20,3,1,10,13,479,384,95,15,142,337,7.74707724425887,7.96940104166667,6.84842105263158,7.26666666666667,7.8806338028169,7.69080118694362,31
"33",2004,1,8.14857142857143,35,8.40344827586207,6.91666666666667,6.5,8.64166666666667,7.89130434782609,29,6,1,12,23,514,413,101,16,154,360,7.77441634241245,7.9998789346247,6.85247524752475,7.21875,7.93993506493507,7.70361111111111,32
"34",2004,2,8,19,8.25,6.66666666666667,NA,7.57142857142857,8.25,16,3,0,7,12,533,429,104,16,161,372,7.78245778611632,8.00920745920746,6.84711538461538,7.21875,7.92391304347826,7.72123655913979,33
"35",2004,3,7.85483870967742,31,7.94,7.5,NA,7.85714285714286,7.85416666666667,25,6,0,7,24,564,454,110,16,168,396,7.78643617021276,8.00539647577093,6.88272727272727,7.21875,7.92113095238095,7.72929292929293,34
"36",2004,4,7.31481481481481,27,7.47727272727273,6.6,6,7.41666666666667,7.23333333333333,22,5,1,12,15,591,476,115,17,180,411,7.76489001692047,7.98098739495798,6.8704347826087,7.14705882352941,7.8875,7.71119221411192,35
"37",2004,5,7.40740740740741,27,7.73809523809524,6.25,8,7.70833333333333,7.16666666666667,21,6,1,12,15,618,497,121,18,192,426,7.74927184466019,7.97072434607646,6.8396694214876,7.19444444444444,7.87630208333333,7.69201877934272,36
"38",2004,6,7.5625,32,7.91666666666667,6.5,NA,8.21428571428571,7.05555555555556,24,8,0,14,18,650,521,129,18,206,444,7.74007692307692,7.96823416506718,6.81860465116279,7.19444444444444,7.8992718446602,7.66621621621622,37
"39",2004,7,7.79166666666667,30,8.02884615384615,6.25,NA,8.11111111111111,7.65476190476191,26,4,0,9,21,680,547,133,18,215,465,7.74235294117647,7.97111517367459,6.8015037593985,7.19444444444444,7.90813953488372,7.66569892473118,38
"40",2004,8,7.77222222222222,18,7.85,7.5,9,7.33333333333333,7.99166666666667,14,4,2,6,12,698,561,137,20,221,477,7.74312320916905,7.9680926916221,6.82189781021898,7.375,7.89253393665158,7.67389937106918,39
"41",2004,9,7.74285714285714,35,7.80645161290323,7.25,7,8.07692307692308,7.54545454545455,31,4,1,13,22,733,592,141,21,234,499,7.7431105047749,7.95962837837838,6.83404255319149,7.35714285714286,7.90277777777778,7.66823647294589,40
"42",2004,10,7.66176470588235,34,7.81481481481481,7.07142857142857,7,7.78571428571429,7.575,27,7,1,14,20,767,619,148,22,248,519,7.73950456323338,7.95331179321486,6.84527027027027,7.34090909090909,7.89616935483871,7.66464354527938,41
"43",2004,11,7.5,41,7.85294117647059,5.78571428571429,7,7.5,7.5,34,7,2,20,21,808,653,155,24,268,540,7.72735148514851,7.94808575803982,6.79741935483871,7.3125,7.86660447761194,7.65824074074074,42
"44",2004,12,7.38333333333333,30,7.39583333333333,7.33333333333333,NA,7,7.60526315789474,24,6,0,11,19,838,677,161,24,279,559,7.71503579952267,7.92850812407681,6.81739130434783,7.3125,7.83243727598566,7.65644007155635,43
"45",2005,1,7.42131147540984,61,7.53333333333333,7.00769230769231,8,8.11304347826087,7.00263157894737,48,13,3,23,38,899,725,174,27,302,597,7.69510567296996,7.90234482758621,6.8316091954023,7.38888888888889,7.85380794701987,7.61482412060302,44
"46",2005,2,7.69871794871795,39,7.734375,7.53571428571429,NA,7.82894736842105,7.575,32,7,0,19,20,938,757,181,27,321,617,7.69525586353944,7.89524438573316,6.85883977900552,7.38888888888889,7.85233644859813,7.61353322528363,45
"47",2005,3,7.31363636363636,33,7.27,7.45,7.3,6.9,7.61842105263158,25,8,2,14,19,971,782,189,29,335,636,7.68228630278064,7.8752557544757,6.88386243386243,7.38275862068966,7.81253731343284,7.61367924528302,46
"48",2005,4,7.6219512195122,41,8.1551724137931,6.33333333333333,6.33333333333333,7.73333333333333,7.55769230769231,29,12,3,15,26,1012,811,201,32,350,662,7.6798418972332,7.88526510480888,6.85099502487562,7.284375,7.80914285714286,7.61148036253777,47
"49",2005,5,7.63061224489796,49,8.02903225806452,6.94444444444444,6.33333333333333,8.01,7.36896551724138,31,18,3,20,29,1061,842,219,35,370,691,7.67756833176249,7.89055819477435,6.85867579908676,7.20285714285714,7.82,7.60130246020261,48
"50",2005,6,7.7962962962963,27,7.89130434782609,7.25,NA,7.9,7.66666666666667,23,4,0,15,12,1088,865,223,35,385,703,7.68051470588235,7.89057803468208,6.86569506726457,7.20285714285714,7.82311688311688,7.60241820768137,49
"51",2005,7,7.46153846153846,39,7.76666666666667,6.44444444444444,7,7.375,7.52173913043478,30,9,3,16,23,1127,895,232,38,401,726,7.67293700088731,7.88642458100559,6.84935344827586,7.18684210526316,7.80523690773067,7.59986225895317,50
"52",2005,8,7.41698113207547,53,7.64358974358974,6.78571428571429,9,7.676,7.18571428571429,39,14,1,25,28,1180,934,246,39,426,754,7.6614406779661,7.87628479657388,6.84573170731707,7.23333333333333,7.79765258215962,7.58448275862069,51
"53",2005,9,7.4,35,7.78846153846154,6.27777777777778,7,7.47222222222222,7.32352941176471,26,9,1,18,17,1215,960,255,40,444,771,7.65390946502057,7.87390625,6.8256862745098,7.2275,7.78445945945946,7.57872892347601,52
"54",2005,10,7.75348837209302,43,7.99705882352941,6.83333333333333,7,7.83684210526316,7.6875,34,9,3,19,24,1258,994,264,43,463,795,7.65731319554849,7.87811871227364,6.82594696969697,7.21162790697674,7.7866090712743,7.58201257861635,53
"55",2005,11,7.37209302325581,43,7.64516129032258,6.66666666666667,9,7.68,6.94444444444444,31,12,1,25,18,1301,1025,276,44,488,813,7.6478862413528,7.87107317073171,6.81902173913043,7.25227272727273,7.78114754098361,7.56789667896679,54
"56",2005,12,7.50982142857143,56,7.57386363636364,7.275,7,7.71296296296296,7.32068965517241,44,12,1,27,29,1357,1069,288,45,515,842,7.64218865143699,7.85884003741815,6.83802083333333,7.24666666666667,7.77757281553398,7.55938242280285,55
"57",2006,1,7.56458333333333,48,7.87567567567568,6.51818181818182,7,7.65652173913043,7.48,37,11,1,23,25,1405,1106,299,46,538,867,7.63953736654804,7.85940325497288,6.82625418060201,7.24130434782609,7.77239776951673,7.55709342560554,56
"58",2006,2,7.42894736842105,38,7.5258064516129,7,6,7.66666666666667,7.31923076923077,31,7,3,12,26,1443,1137,306,49,550,893,7.63399168399168,7.85030782761653,6.83022875816993,7.16530612244898,7.77009090909091,7.5501679731243,57
"59",2006,3,7.56734693877551,49,7.76341463414634,6.5625,6.5,7.78947368421053,7.42666666666667,41,8,1,19,30,1492,1178,314,50,569,923,7.63180294906166,7.84728353140917,6.8234076433121,7.152,7.7707381370826,7.54615384615385,58
"60",2006,4,7.895,40,8.071875,7.1875,7,8.41666666666667,7.67142857142857,32,8,1,12,28,1532,1210,322,51,581,951,7.63867493472585,7.85322314049587,6.83245341614907,7.14901960784314,7.78407917383821,7.54984227129338,59
"61",2006,5,7.68055555555556,36,7.85483870967742,6.6,NA,7.71428571428571,7.65909090909091,31,5,0,14,22,1568,1241,327,51,595,973,7.63963647959183,7.85326349717969,6.82889908256881,7.14901960784314,7.78243697478992,7.55231243576567,60
"62",2006,6,7.35294117647059,34,7.55357142857143,6.41666666666667,5,7.40625,7.30555555555556,28,6,1,16,18,1602,1269,333,52,611,991,7.6335518102372,7.84665090622537,6.82147147147147,7.10769230769231,7.77258592471358,7.54783047426842,61
"63",2006,7,7.37727272727273,44,7.74137931034483,6.67333333333333,7,7.28571428571429,7.46086956521739,29,15,3,21,23,1646,1298,348,55,632,1014,7.62670109356014,7.84429892141756,6.81508620689655,7.10181818181818,7.7564082278481,7.54585798816568,62
"64",2006,8,7.475,50,7.5625,7.25,7.5,7.22727272727273,7.66964285714286,36,14,2,22,28,1696,1334,362,57,654,1042,7.6222287735849,7.83669415292354,6.83190607734806,7.11578947368421,7.73860856269113,7.54918426103647,63
"65",2006,9,7.64864864864865,37,7.83333333333333,7.15,8,7.60714285714286,7.67391304347826,27,10,1,14,23,1733,1361,372,58,668,1065,7.62279284477784,7.83662747979427,6.84045698924731,7.13103448275862,7.73585329341317,7.5518779342723,64
"66",2006,10,7.69761904761905,42,8.12222222222222,6.93333333333333,8,8.25333333333333,7.38888888888889,27,15,1,15,27,1775,1388,387,59,683,1092,7.62456338028169,7.84218299711815,6.84405684754522,7.14576271186441,7.74721815519766,7.54784798534799,65
"67",2006,11,7.31521739130435,46,7.52424242424242,6.78461538461538,NA,7.15789473684211,7.42592592592593,33,13,0,19,27,1821,1421,400,59,702,1119,7.61674903898956,7.83479943701618,6.842125,7.14576271186441,7.73126780626781,7.54490616621984,66
"68",2006,12,7.5171875,64,7.80909090909091,6.875,6.58333333333333,7.575,7.47222222222222,44,20,6,28,36,1885,1465,420,65,730,1155,7.61336870026525,7.83402730375426,6.84369047619048,7.09384615384615,7.72527397260274,7.54264069264069,67
"69",2007,1,7.46,75,7.71052631578947,6.66666666666667,6.75,7.71153846153846,7.3265306122449,57,18,4,26,49,1960,1522,438,69,756,1204,7.6075,7.82940210249671,6.83641552511415,7.07391304347826,7.72480158730159,7.53384551495017,68
"70",2007,2,7.73031076923077,39,8.06551724137931,6.758212,7,7.65789473684211,7.799106,29,10,2,19,20,1999,1551,448,71,775,1224,7.609896008004,7.83381689232753,6.83466991071428,7.07183098591549,7.72316129032258,7.53817983660131,69
"71",2007,3,7.54038461538462,52,7.75945945945946,7,7,7.3695652173913,7.67586206896552,37,15,1,23,29,2051,1588,463,72,798,1253,7.60813365187713,7.83208438287153,6.84002617710583,7.07083333333333,7.71296992481203,7.54136641660016,70
"72",2007,4,7.45409836065574,61,7.79142857142857,7,4.5,7.375,7.50540540540541,35,26,2,24,37,2112,1623,489,74,822,1290,7.60368471590909,7.83120764017252,6.84853194274029,7.00135135135135,7.70310218978102,7.54033497674419,71
"73",2007,5,7.3469387755102,49,7.6025641025641,6.35,6,7.11111111111111,7.48387096774194,39,10,1,18,31,2161,1662,499,75,840,1321,7.59786308190652,7.82584235860409,6.83854132264529,6.988,7.69041666666667,7.5390099318698,72
"74",2007,6,7.56037735849057,53,7.805,6.80769230769231,6.83333333333333,7.76923076923077,7.35925925925926,40,13,3,26,27,2214,1702,512,78,866,1348,7.5969657271906,7.82535252643948,6.837758046875,6.98205128205128,7.69278290993072,7.53540958456974,73
"75",2007,7,7.5972972972973,74,7.83,7.1125,7.33333333333333,7.3695652173913,7.7,50,24,3,23,51,2288,1752,536,81,889,1399,7.59697645104895,7.82548515981735,6.85005992537313,6.99506172839506,7.68442069741282,7.54140966404575,74
"76",2007,8,7.21379310344828,58,7.52439024390244,6.46470588235294,7,7.33333333333333,7.17209302325581,41,17,2,15,43,2346,1793,553,83,904,1442,7.58750303495311,7.8186001115449,6.83821359855334,6.99518072289157,7.67859513274336,7.53039675450763,75
"77",2007,9,7.39583333333333,48,7.52941176470588,7.07142857142857,6.66666666666667,7.57142857142857,7.25925925925926,34,14,3,21,27,2394,1827,567,86,925,1469,7.58366003341688,7.8132183908046,6.84397199294532,6.98372093023256,7.67616216216216,7.52541328795099,76
"78",2007,10,7.6265625,64,7.76875,7.2,7,7.47619047619048,7.7,48,16,3,21,43,2458,1875,583,89,946,1512,7.58477710333604,7.81208,6.85374291595197,6.98426966292135,7.67172304439746,7.53037838624339,77
"79",2007,11,7.08913043478261,69,7.40729166666667,6.36190476190476,6,7.11818181818182,7.0625,48,21,1,33,36,2527,1923,604,90,979,1548,7.571243419074,7.80197607904316,6.83664258278146,6.97333333333333,7.65306435137896,7.51949749354005,78
"80",2007,12,7.36349206349206,63,7.86976744186047,6.275,7,7.30322580645161,7.421875,43,20,3,31,32,2590,1966,624,93,1010,1580,7.56619000772201,7.80345879959308,6.81864121794872,6.9741935483871,7.64232673267327,7.51752032911393,79
"81",2008,1,7.52340425531915,94,7.72388059701493,7.02592592592593,7,7.46829268292683,7.56603773584906,67,27,5,41,53,2684,2033,651,98,1051,1633,7.56469154992549,7.80083620265617,6.82723827956989,6.97551020408163,7.63553758325404,7.51909499081446,80
"82",2008,2,7.51379310344828,58,8.08823529411765,6.7,7.4,7.79166666666667,7.31764705882353,34,24,5,24,34,2742,2067,675,103,1075,1667,7.56361492341357,7.80556361877116,6.82271425185185,6.99611650485437,7.63902325581395,7.51498627474505,81
"83",2008,3,7.57960526315789,76,7.91442307692308,6.85416666666667,6.875,7.73333333333333,7.49489795918367,52,24,4,27,49,2818,2119,699,107,1102,1716,7.56404617459191,7.80823501651722,6.82379416309013,6.99158878504673,7.64133393829401,7.51441265734266,82
"84",2008,4,7.37890625,64,7.5,7.06944444444444,7.16666666666667,7.24615384615385,7.46973684210526,46,18,3,26,38,2882,2165,717,110,1128,1754,7.55993480916031,7.80168591224018,6.82996111576011,6.99636363636364,7.63222517730496,7.51344476624858,83
"85",2008,5,7.32982456140351,57,7.57317073170732,6.70625,6.66666666666667,7.46,7.12272727272727,41,16,3,35,22,2939,2206,733,113,1163,1776,7.55547197005784,7.79743880326382,6.8272607366985,6.98761061946903,7.62704213241617,7.5086047972973,84
"86",2008,6,7.94035087719298,57,8.045,7.69411764705882,6.66666666666667,7.90476190476191,7.96111111111111,40,17,3,21,36,2996,2246,750,116,1184,1812,7.56279443257677,7.80184772929653,6.84690949333333,6.97931034482759,7.63196790540541,7.51759498896248,85
"87",2008,7,7.53603603603604,111,7.85125,6.72258064516129,5.99,7.28,7.7875,80,31,10,55,56,3107,2326,781,126,1239,1868,7.56183846797554,7.80354686156492,6.84197454545455,6.90079365079365,7.61634382566586,7.52568635974304,86
"88",2008,8,7.52380952380952,84,7.71296296296296,7.18333333333333,7.46666666666667,7.40322580645161,7.59433962264151,54,30,15,31,53,3191,2380,811,141,1270,1921,7.56083739266688,7.80149159663865,6.85460187422935,6.96099290780142,7.61114173228346,7.52758048932848,87
"89",2008,9,7.48840579710145,69,7.76346153846154,6.64705882352941,6.24,7.3304347826087,7.56739130434783,52,17,5,23,46,3260,2432,828,146,1293,1967,7.55930433128834,7.80067845394737,6.85034072463768,6.93630136986301,7.60614849187935,7.52851149974581,88
"90",2008,10,7.67809523809524,63,7.83847826086957,7.24411764705882,6.625,7.9,7.5590243902439,46,17,4,22,41,3323,2478,845,150,1315,2008,7.56155646102919,7.80138014527845,6.85826286390532,6.928,7.61106463878327,7.52913452191235,89
"91",2008,11,7.43031914893617,94,7.95526315789474,6.62162162162162,6.27777777777778,7.61153846153846,7.30181818181818,57,37,9,39,55,3417,2535,882,159,1354,2063,7.55794618671349,7.80484023668639,6.84833573696145,6.89119496855346,7.61107828655835,7.52307422200679,90
"92",2008,12,7.41851851851852,81,7.60545454545455,7.02307692307692,7.18,7.5,7.38,55,26,10,26,55,3498,2590,908,169,1380,2118,7.55471758719268,7.80060617760618,6.85333933920705,6.90828402366864,7.60898550724638,7.51935888574127,91
"93",2009,1,7.62415254237288,118,7.953125,6.93157894736842,6.77777777777778,7.50454545454545,7.67058823529412,80,38,9,33,85,3616,2670,946,178,1413,2203,7.55698344026549,7.80517602996255,6.8564821564482,6.90168539325843,7.60654635527247,7.52519388107127,92
"94",2009,2,7.365,180,7.67128712871287,6.97341772151899,6.65333333333333,7.96052631578947,7.2056338028169,101,79,15,38,142,3796,2771,1025,193,1451,2345,7.54787990516333,7.8002959220498,6.86549475121951,6.88238341968912,7.615816678153,7.50584312153518,93
"95",2009,3,7.199375,160,7.8275,6.57125,6.96,7.14210526315789,7.2172131147541,80,80,20,38,122,3956,2851,1105,213,1489,2467,7.53378466127402,7.80105927744651,6.8441919638009,6.88967136150235,7.60372733378106,7.49156956627483,94
"96",2009,4,7.33311258278146,151,7.7125,6.94866666666667,6.75555555555556,7.525,7.26396396396396,76,75,18,40,111,4107,2927,1180,231,1529,2578,7.52640665205746,7.7987598223437,6.85083230508474,6.87922077922078,7.60166775670373,7.48176963537626,95
"97",2009,5,7.09281045751634,153,7.58732394366197,6.66463414634146,6.43333333333333,7.18055555555556,7.06581196581197,71,82,18,36,117,4260,2998,1262,249,1565,2695,7.51083383098592,7.79375250166778,6.83873385103011,6.84698795180723,7.59198083067093,7.46371136178108,96
"98",2009,6,7.37327586206897,116,7.56491228070175,7.18813559322034,6.97,7.2258064516129,7.42705882352941,57,59,10,31,85,4376,3055,1321,259,1596,2780,7.50718741316271,7.78948281505728,6.85433922785768,6.85173745173745,7.58486842105263,7.46259069064748,97
"99",2009,7,7.2425,120,7.81428571428571,6.61052631578947,6,7.30285714285714,7.21764705882353,63,57,14,35,85,4496,3118,1378,273,1631,2865,7.5001228024911,7.78998396407954,6.84425407837445,6.80805860805861,7.57881667688535,7.45532360209424,98
"100",2009,8,7.5775,120,8.01428571428571,6.966,6.76363636363636,7.703125,7.53181818181818,70,50,11,32,88,4616,3188,1428,284,1663,2953,7.50213434142115,7.79490903387704,6.8485168907563,6.80633802816901,7.58120865904991,7.45760315611243,99
"101",2009,9,7.31992105263158,114,7.6205,6.96153846153846,7.20833333333333,7.53175862068966,7.24764705882353,62,52,12,29,85,4730,3250,1480,296,1692,3038,7.49774273150106,7.79158184615385,6.85248791891892,6.82263513513514,7.58036111111111,7.4517288084266,100
"102",2009,10,7.49475806451613,124,7.78571428571429,7.11759259259259,7.16666666666667,7.83292682926829,7.32771084337349,70,54,9,41,83,4854,3320,1534,305,1733,3121,7.49766648537289,7.79145813253012,6.86182015645371,6.8327868852459,7.58633641084824,7.44843066965716,101
"103",2009,11,7.22225806451613,155,7.431875,6.99866666666667,7.22,7.42254901960784,7.12403846153846,80,75,20,51,104,5009,3400,1609,325,1784,3225,7.48914416450389,7.78299735294118,6.86819895587321,6.85661538461538,7.58165414798206,7.4379696496124,102
"104",2009,12,7.23154362416107,149,7.46,6.96666666666667,7.12857142857143,7.464,7.11414141414141,80,69,21,50,99,5158,3480,1678,346,1834,3324,7.48170281504459,7.77557212643678,6.87224798569726,6.87312138728324,7.5784465648855,7.42832494584838,103
"105",2010,1,7.3265625,160,7.67417582417582,6.86811594202899,6.91666666666667,7.26857142857143,7.3428,91,69,18,35,125,5318,3571,1747,364,1869,3449,7.47703518616021,7.77298823858863,6.87208478534631,6.87527472527472,7.57264365971107,7.42522531748333,104
"106",2010,2,7.42181818181818,110,7.82413793103448,6.97307692307692,7.075,7.57173913043478,7.38218390804598,58,52,8,23,87,5428,3629,1799,372,1892,3536,7.47591619749447,7.7738057316065,6.87500395775431,6.87956989247312,7.57263266384778,7.42416632352941,105
"107",2010,3,7.14677419354839,93,7.71063829787234,6.57065217391304,6.2,7.22692307692308,7.11567164179105,47,46,5,26,67,5521,3676,1845,377,1918,3603,7.47037187466039,7.77299809575626,6.86741578319783,6.87055702917772,7.56794629822732,7.41842967527061,106
"108",2010,4,7.44875,80,7.7375,7.015625,6.625,7.44285714285714,7.45,48,32,8,14,66,5601,3724,1877,385,1932,3669,7.47006304588466,7.77254054779807,6.86994252530634,6.86545454545455,7.56703985507246,7.418997579722,107
"109",2010,5,7.16666666666667,78,7.50897435897436,6.82435897435897,6.85555555555556,6.89230769230769,7.30384615384615,39,39,9,26,52,5679,3763,1916,394,1958,3721,7.46589595351294,7.76980892904597,6.86901467640918,6.86522842639594,7.55808018386108,7.41738836871809,108
"110",2010,6,7.17411764705882,85,7.46078431372549,6.74411764705882,7.05555555555556,7.07619047619048,7.20625,51,34,9,21,64,5764,3814,1950,403,1979,3785,7.461593185288,7.7656767173571,6.86683698461538,6.86947890818858,7.55296664982314,7.41381826155879,109
"111",2010,7,7.34463811111111,90,7.8,6.77543575,6.27777777777778,7.35294117647059,7.34270452054795,50,40,9,17,73,5854,3864,1990,412,1996,3858,7.45979510591049,7.76612085921325,6.86499977386935,6.85655339805825,7.5512630260521,7.41247266718507,110
"112",2010,8,7.2365,100,7.50555555555556,6.92065217391304,6.96071428571429,7.06904761904762,7.28101265822785,54,46,14,21,79,5954,3918,2036,426,2017,3937,7.45604476822305,7.76252960694232,6.86625714636542,6.85997652582159,7.54624243926624,7.40983478536957,111
"113",2010,9,7.07329545454545,88,7.53269230769231,6.40972222222222,6.46428571428571,6.90869565217391,7.13153846153846,52,36,7,23,65,6042,3970,2072,433,2040,4002,7.45047013406157,7.75951914357683,6.85832507239382,6.85357967667436,7.53905441176471,7.40531473013493,112
"114",2010,10,7.42555555555556,90,7.84814814814815,6.79166666666667,7.4375,7.54642857142857,7.37096774193548,54,36,8,28,62,6132,4024,2108,441,2068,4064,7.45010446020874,7.76070849900596,6.85718669354839,6.86417233560091,7.53915425531915,7.40479073572835,113
"115",2010,11,7.35625,120,7.66159420289855,6.94313725490196,6.41666666666667,7.20869565217391,7.39123711340206,69,51,6,23,97,6252,4093,2159,447,2091,4161,7.44830303103007,7.75903762521378,6.85921702176934,6.85816554809843,7.5355193687231,7.40447477769767,114
"116",2010,12,7.35768548387097,124,7.69804,6.83673469387755,7.3125,7.50357142857143,7.31513541666667,75,49,8,28,96,6376,4168,2208,455,2119,4257,7.44654070734003,7.75794001919386,6.8587180932971,6.86615384615385,7.53509721566777,7.40246007751938,115
"117",2011,1,7.30070921985816,141,7.3974358974359,7.18095238095238,6.66666666666667,7.03571428571429,7.36637168141593,78,63,9,28,113,6517,4246,2271,464,2147,4370,7.44338553782416,7.75131747527084,6.86765722148833,6.86228448275862,7.52858453656265,7.4015268993135,116
"118",2011,2,7.25447619047619,105,7.68716981132075,6.81346153846154,6.88888888888889,7.28518518518518,7.24384615384615,53,52,9,27,78,6622,4299,2323,473,2174,4448,7.44039014648143,7.75052663410095,6.86644405940594,6.86279069767442,7.5255616375345,7.39876181429856,117
"119",2011,3,7.18595744680851,94,7.70459016393443,6.22727272727273,5.75,7.38142857142857,7.1030303030303,61,33,8,28,66,6716,4360,2356,481,2202,4514,7.43682899791543,7.74988394495413,6.85749132003395,6.84428274428274,7.52372888283379,7.39443787106779,118
"120",2011,4,7.18352272727273,88,7.66037735849057,6.46142857142857,6.20625,7.23333333333333,7.16484375,53,35,8,24,64,6804,4413,2391,489,2226,4578,7.43355284391535,7.74880897348742,6.85169366373902,6.83384458077709,7.52059793351303,7.39122816732198,119
"121",2011,5,7.47802197802198,91,7.76666666666667,7.11,7.06818181818182,7.622,7.42348484848485,51,40,11,25,66,6895,4464,2431,500,2251,4644,7.4341397461929,7.74901299283154,6.85594387083505,6.839,7.52172412261217,7.39168659560724,120
"122",2011,6,7.08235294117647,85,7.68,6.22857142857143,5.96,6.97916666666667,7.12295081967213,50,35,5,24,61,6980,4514,2466,505,2275,4705,7.42985580945559,7.74824856003544,6.84703955798864,6.83029702970297,7.51600043956044,7.38820245483528,121
"123",2011,7,7.38865979381443,97,7.88235294117647,6.84130434782609,6.65,7.395,7.38701298701299,51,46,10,20,77,7077,4565,2512,515,2295,4782,7.42929116150912,7.74974676889376,6.84693453423567,6.82679611650485,7.51494596949891,7.38818330196571,122
"124",2011,8,7.3798275862069,116,7.82065573770492,6.89090909090909,7.88888888888889,7.16896551724138,7.45011494252874,61,55,9,29,87,7193,4626,2567,524,2324,4869,7.4284934728208,7.75068179853005,6.8478767238021,6.84503816793893,7.51062865748709,7.38928990552475,123
"125",2011,9,7.38287671232877,73,7.71309523809524,6.93548387096774,6.54545454545455,7.76470588235294,7.26696428571429,42,31,11,17,56,7266,4668,2598,535,2341,4925,7.42803517065786,7.75034361610968,6.84892207467282,6.8388785046729,7.51247372917557,7.38789899492386,124
"126",2011,10,7.24736842105263,95,7.90660377358491,6.41547619047619,6.3,7.56538461538462,7.12753623188406,53,42,5,26,69,7361,4721,2640,540,2367,4994,7.42570351175112,7.75209786062275,6.84202634469697,6.83388888888889,7.513054921842,7.38430167200641,125
"127",2011,11,7.35406666666667,150,7.64436781609195,6.9531746031746,7.13529411764706,7.47131578947368,7.31428571428571,87,63,17,38,112,7511,4808,2703,557,2405,5106,7.42427287311943,7.75014850249584,6.84461692563818,6.84308797127469,7.51239542619543,7.38276587348218,126
"128",2011,12,7.20541666666667,120,7.51575342465753,6.72340425531915,6.85,7.40625,7.13238636363636,73,47,10,32,88,7631,4881,2750,567,2437,5194,7.42083128685625,7.74664290104487,6.84254529090909,6.84320987654321,7.51100164136233,7.378523787062,127
"129",2012,1,7.42258064516129,124,7.69753086419753,6.9046511627907,6.8,7.74545454545455,7.30549450549451,81,43,5,33,91,7755,4962,2793,572,2470,5285,7.42085925854288,7.74584119306731,6.84350145005371,6.84283216783217,7.51413400809717,7.37726632923368,128
"130",2012,2,7.19818181818182,110,7.48688524590164,6.83877551020408,7,7.38,7.13,61,49,7,30,80,7865,5023,2842,579,2500,5365,7.41774488874762,7.74269639657575,6.84341996833216,6.8447322970639,7.5125244,7.37357922646785,129
"131",2012,3,7.26925425531915,94,7.69452641509434,6.71951219512195,7.04545454545455,8.22727272727273,6.97652638888889,53,41,11,22,72,7959,5076,2883,590,2522,5437,7.41599113582109,7.74219343971631,6.84165783905654,6.84847457627119,7.51875931800159,7.36832121574398,130
"132",2012,4,7.12298850574713,87,7.46538461538462,6.61428571428571,6.55,6.9,7.18529411764706,52,35,10,19,68,8046,5128,2918,600,2541,5505,7.41282294929158,7.73938648595944,6.83893062028787,6.8435,7.51413262495081,7.36606039055405,131
"133",2012,5,7.3658,100,7.63730158730159,6.90351351351351,6.9,7.37739130434783,7.36233766233766,63,37,10,23,77,8146,5191,2955,610,2564,5582,7.41224569727474,7.73814754382585,6.83973927241963,6.8444262295082,7.51290600624025,7.36600903797922,132
"134",2012,6,7.53214285714286,84,7.8811320754717,6.93548387096774,7.1,8.13333333333333,7.40144927536232,53,31,10,15,69,8230,5244,2986,620,2579,5651,7.41346943499393,7.73959265827612,6.8407332719357,6.84854838709678,7.51651454051958,7.3664417713679,133
"135",2012,7,7.70522222222222,90,8.06363636363636,7.142,6.1,8.18181818181818,7.63886075949367,55,35,5,11,79,8320,5299,3021,625,2590,5730,7.41662541466346,7.74295601056803,6.84422361800728,6.84256,7.51934015444015,7.37019763525306,134
"136",2012,8,7.5746835443038,79,7.97386363636364,7.07285714285714,6.325,7.76136363636364,7.50263157894737,44,35,6,22,57,8399,5343,3056,631,2612,5787,7.41811209072509,7.74485755193711,6.8468421302356,6.83763866877972,7.52137863705972,7.37150206497322,135
"137",2012,9,7.398,75,7.86486486486486,6.94342105263158,6.53125,7.72058823529412,7.30344827586207,37,38,8,17,58,8474,5380,3094,639,2629,5845,7.41793408661789,7.74568288104089,6.8480282967033,6.83380281690141,7.52266679345759,7.37082676646707,136
"138",2012,10,7.29310344827586,87,7.77978723404255,6.72125,6.86,7.67884615384615,7.12868852459016,47,40,10,26,61,8561,5427,3134,649,2655,5906,7.41666551220652,7.74597823843744,6.84641019463944,6.83420647149461,7.52419623352166,7.36832584659668,137
"139",2012,11,7.48793103448276,87,7.839,7.01351351351351,7.3,7.51578947368421,7.48014705882353,50,37,5,19,68,8648,5477,3171,654,2674,5974,7.4173824525902,7.74682744203031,6.84835999684642,6.83776758409786,7.52413649962603,7.36959866923335,138
"140",2012,12,7.32488372093023,86,7.94,6.42857142857143,6.125,7.35166666666667,7.31451612903226,51,35,12,24,62,8734,5528,3206,666,2698,6036,7.41647165674376,7.74860960564399,6.8437771522146,6.82492492492493,7.52260229799852,7.3690328777336,139
"141",2013,1,7.32954545454545,110,7.64758064516129,6.91875,6.83333333333333,7.39655172413793,7.30555555555556,62,48,15,29,81,8844,5590,3254,681,2727,6117,7.41539048507463,7.74748906976744,6.84488308236017,6.82511013215859,7.52126182618262,7.36819232466896,140
"142",2013,2,7.39315789473684,95,7.5948275862069,7.07702702702703,7.16666666666667,7.31304347826087,7.41875,58,37,6,23,72,8939,5648,3291,687,2750,6189,7.41515420628706,7.7459213703966,6.84749302643573,6.82809315866085,7.51952036363636,7.36878048957829,141
"143",2013,3,7.40077227722772,101,7.89137931034483,6.73902325581395,7.5065,7.55441379310345,7.33888888888889,58,43,12,29,72,9040,5706,3334,699,2779,6261,7.41499352323009,7.74739991237294,6.84609404619076,6.83973962804006,7.51988449082404,7.36843674333174,142
"144",2013,4,7.16363636363636,77,7.75238095238095,6.45714285714286,6.78571428571429,7.7,7.02295081967213,42,35,7,16,61,9117,5748,3369,706,2795,6322,7.41287062081825,7.74743630828114,6.84205329474621,6.83920396600567,7.52091556350626,7.36510320310029,143
"145",2013,5,7.17560975609756,82,7.50192307692308,6.61,6.65714285714286,7.375,7.11129032258065,52,30,7,20,62,9199,5800,3399,713,2815,6384,7.41075567452984,7.74523515517241,6.84000516328332,6.83741654978962,7.51987886323268,7.36263822838346,144
"146",2013,6,7.41298701298701,77,7.74166666666667,6.86896551724138,6.85555555555556,7.58333333333333,7.33584905660377,48,29,9,24,53,9276,5848,3428,722,2839,6437,7.41077419685209,7.74520586525307,6.8402501604434,6.83764265927978,7.52041528707291,7.36241765574026,145
"147",2013,7,7.51111111111111,81,7.75652173913043,7.18857142857143,6.7,7.25714285714286,7.56417910447761,46,35,10,14,67,9357,5894,3463,732,2853,6504,7.41164277546222,7.74529418052256,6.84377058908461,6.83576229508197,7.5191233788994,7.36449607164822,146
"148",2013,8,7.275,86,7.60714285714286,6.83513513513514,6.40357142857143,7.15625,7.30214285714286,49,37,14,16,70,9443,5943,3500,746,2869,6574,7.41039833209785,7.74415512367491,6.8436793,6.82765147453083,7.51709968630185,7.3638321341649,147
"149",2013,9,7.39539325842697,89,7.78703703703704,6.79114285714286,7.5,7.75,7.35050632911392,54,35,3,10,79,9532,5997,3535,749,2879,6653,7.41025823017205,7.74454125396031,6.84315913719943,6.83034445927904,7.5179086488364,7.36367389899294,148
"150",2013,10,7.35294117647059,68,7.615,6.97857142857143,6.33333333333333,7.69333333333333,7.25660377358491,40,28,9,15,53,9600,6037,3563,758,2894,6706,7.409852234375,7.74368293854563,6.84422328094302,6.82444327176781,7.51881789910159,7.36282768416344,149
"151",2013,11,7.27842105263158,95,7.79574468085106,6.771875,7,7.44565217391304,7.225,47,48,8,23,72,9695,6084,3611,766,2917,6778,7.40856435791645,7.74408512491781,6.84326157574079,6.82627676240209,7.51824100102845,7.36136359545589,150
"152",2013,12,7.08160377358491,106,7.52214285714286,6.225,6.83333333333333,7.03125,7.09055555555556,70,36,9,16,90,9801,6154,3647,775,2933,6868,7.40502820630548,7.74156059473513,6.83715863723608,6.82635870967742,7.51558438458916,7.35781485876529,151
"153",2014,1,7.28623188405797,138,7.88653846153846,6.50583333333333,6.675,7.60869565217391,7.22173913043478,78,60,12,23,115,9939,6232,3707,787,2956,6983,7.40337875540799,7.74337514441592,6.8317959401133,6.82405082592122,7.51630886332882,7.3555738865817,152
"154",2014,2,7.46453488372093,86,7.53823529411765,7.35714285714286,7.03333333333333,7.66666666666667,7.38629032258065,51,35,12,24,62,10025,6283,3742,799,2980,7045,7.40390338653367,7.74170999522521,6.8367096606093,6.82719399249061,7.51751979865772,7.35584420865863,153
"155",2014,3,7.1752427184466,103,7.62881355932203,6.56704545454545,6.5,7.46153846153846,7.07857142857143,59,44,8,26,77,10128,6342,3786,807,3006,7122,7.40157794727488,7.74065971302428,6.83357568674062,6.82395043370508,7.51703559547572,7.35284645464758,154
"156",2014,4,7.5381914893617,94,7.84883720930233,7.27627450980392,7.456875,7.5305,7.54027027027027,43,51,16,20,74,10222,6385,3837,823,3026,7196,7.40283422520055,7.74138823805795,6.83945987750847,6.83625516403402,7.51712458691342,7.35477382573653,155
"157",2014,5,7.24097826086957,92,7.75037735849057,6.54871794871795,6.05,7.53809523809524,7.1530985915493,53,39,10,21,71,10314,6438,3876,833,3047,7267,7.40139048380842,7.74146223982603,6.83653445562435,6.82681632653061,7.51726911716442,7.35280341956791,156
"158",2014,6,7.48712328767123,73,7.71931818181818,7.1348275862069,7,7.48923076923077,7.48666666666667,44,29,3,13,60,10387,6482,3905,836,3060,7327,7.4019930153076,7.74131192533168,6.83874969270166,6.82743779904306,7.51715,7.35389961102771,157
"159",2014,7,7.06397849462366,93,7.17181818181818,6.90789473684211,7.125,7.21052631578947,7.02635135135135,55,38,8,19,74,10480,6537,3943,844,3079,7401,7.39899345896947,7.73652040691448,6.83941606644686,6.83025829383886,7.51525787593375,7.35062457100392,158
"160",2014,8,7.26958762886598,97,7.66792452830189,6.78977272727273,7.05555555555556,7.47,7.21753246753247,53,44,9,20,77,10577,6590,3987,853,3099,7478,7.39780669849674,7.73596872534142,6.83886820917983,6.83263540445487,7.51496579541788,7.34925413880717,159
"161",2014,9,7.43506493506494,77,7.7475,7.0972972972973,6.87777777777778,7.50769230769231,7.4203125,40,37,9,13,64,10654,6630,4024,862,3112,7542,7.39807597615919,7.73603829562594,6.84124442097415,6.83310672853828,7.51493541131105,7.34985712675683,160
"162",2014,10,7.12205882352941,68,7.39047619047619,6.68846153846154,6.9,7.08823529411765,7.13333333333333,42,26,10,17,51,10722,6672,4050,872,3129,7593,7.39632544767767,7.73386299460431,6.84026359259259,6.83387385321101,7.51261713007351,7.34840279863032,161
"163",2014,11,7.03737373737374,99,7.4,6.60222222222222,6.85,7.02272727272727,7.04155844155844,54,45,8,22,77,10821,6726,4095,880,3151,7670,7.39304144256538,7.73118256021409,6.83764775335775,6.83402045454546,7.5091967629324,7.34532235332465,162
"164",2014,12,7.36666666666667,111,7.58266666666667,6.91666666666667,6.40909090909091,7.408,7.3546511627907,75,36,11,25,86,10932,6801,4131,891,3176,7756,7.39277364160263,7.7295447581238,6.83833637133866,6.82877441077441,7.50840018891688,7.34542579293451,163
"165",2015,1,7.12962962962963,108,7.52203389830508,6.65714285714286,6.95384615384615,6.88636363636364,7.19186046511628,59,49,13,22,86,11040,6860,4180,904,3198,7842,7.3901994067029,7.72776004373178,6.83621233253588,6.83057300884956,7.50412101313321,7.34374170492222,164
"166",2015,2,7.20148514851485,101,7.53083333333333,6.71951219512195,7.2,7.33695652173913,7.16153846153846,60,41,10,23,78,11141,6920,4221,914,3221,7920,7.38848859617628,7.7260525867052,6.83507878464818,6.83461487964989,7.50292735175411,7.34194727904041,165
"167",2015,3,7.21643564356436,101,7.77959183673469,6.68576923076923,6.23076923076923,7.458,7.15679012345679,49,52,13,20,81,11242,6969,4273,927,3241,8001,7.38694284380003,7.72642902855503,6.83326177158904,6.82614670981661,7.50265010799136,7.34007279715036,166
"168",2015,4,7.30977777777778,90,7.67,6.8595,6.70833333333333,7.33333333333333,7.30388888888889,50,40,12,18,72,11332,7019,4313,939,3259,8073,7.38632999029298,7.72602705513606,6.83350511245073,6.82464110756124,7.50171494323412,7.33975008670879,167
"169",2015,5,7.17704918032787,61,7.48676470588235,6.78703703703704,7.4375,7.13888888888889,7.18365384615385,34,27,8,9,52,11393,7053,4340,947,3268,8125,7.38520946633898,7.72487365660003,6.83321602534562,6.82981837381204,7.50071572827417,7.33875107076923,168
"170",2015,6,7.22348484848485,66,7.821875,6.66029411764706,6.64285714285714,6.4,7.38818181818182,32,34,7,11,55,11459,7085,4374,954,3279,8180,7.38427798673532,7.72531177134792,6.83187186785551,6.8284465408805,7.49702317779811,7.33908342909536,169
"171",2015,7,7.24149117647059,68,7.548035,6.80357142857143,6.5375,6.69583333333333,7.35841785714286,40,28,8,12,56,11527,7125,4402,962,3291,8236,7.38343565975536,7.72431653333333,6.83169185597456,6.82602702702703,7.49410179276816,7.33921489193784,170
"172",2015,8,6.91969387755102,98,7.32075471698113,6.44733333333333,6.72,7.21296296296296,6.80816901408451,53,45,9,27,71,11625,7178,4447,971,3318,8307,7.37952626666667,7.72133676511563,6.82780246233416,6.82504428424305,7.49181404460519,7.33467603828097,171
"173",2015,9,6.95394736842105,76,7.3953488372093,6.37878787878788,7.6375,6.86041666666667,6.99711538461538,43,33,8,24,52,11701,7221,4480,979,3342,8359,7.37676205879839,7.71939555463232,6.82449498883928,6.83168335035751,7.48727977259126,7.33257612752722,172
"174",2015,10,7.20845070422535,71,7.5609756097561,6.72666666666667,6.75,7.50666666666667,7.12857142857143,41,30,8,15,56,11772,7262,4510,987,3357,8415,7.37574692915393,7.71850114293583,6.82384424611973,6.83102127659575,7.48736639857015,7.33121852049911,173
"175",2015,11,7.41157894736842,95,7.71111111111111,7.01707317073171,6.63888888888889,7.59375,7.3746835443038,54,41,9,16,79,11867,7316,4551,996,3373,8494,7.37603377854555,7.71844659650082,6.82558504724236,6.82928514056225,7.48787103468722,7.33162277489993,174
"176",2015,12,7.25641666666667,120,7.51338461538462,6.95272727272727,6.73076923076923,7.24736842105263,7.25811881188119,65,55,13,19,101,11987,7381,4606,1009,3392,8595,7.37483631016935,7.71664073973716,6.82710324576639,6.82801585728444,7.48652387971698,7.33075902850495,175
"177",2016,1,7.12625,160,7.53313253012048,6.68766233766234,6.08125,6.74814814814815,7.20300751879699,83,77,16,27,133,12147,7464,4683,1025,3419,8728,7.37156193710381,7.71460012057878,6.82481049540892,6.81635902439024,7.48069289265867,7.32881231095326,176
"178",2016,2,7.29336734693878,98,7.80754716981132,6.68777777777778,6.72222222222222,7.50869565217391,7.22733333333333,53,45,9,23,75,12245,7517,4728,1034,3442,8803,7.37093612494896,7.71525546095517,6.82350625,6.81553965183753,7.48088001162115,7.32794772804726,177
"179",2016,3,7.13516483516484,91,7.51272727272727,6.55833333333333,5.94,7.60769230769231,7.05641025641026,55,36,5,13,78,12336,7572,4764,1039,3455,8881,7.36919689121271,7.71378437665082,6.82150242443325,6.81132627526468,7.48135716353112,7.32556287017228,178
"180",2016,4,6.97195402298851,87,7.5,6.45590909090909,5.625,6.57058823529412,7.06942857142857,43,44,8,17,70,12423,7615,4808,1047,3472,8951,7.36641494405538,7.71257718975706,6.81815672836938,6.80226170009551,7.47689775345622,7.32355980895989,179
"181",2016,5,7.26862745098039,102,7.59473684210526,6.85555555555556,7.71428571428571,7.5,7.23483146067416,57,45,7,13,89,12525,7672,4853,1054,3485,9040,7.36561859081836,7.711701681439,6.81850351329075,6.80831878557875,7.47698393113343,7.32268626659292,180
"182",2016,6,7.31395348837209,86,7.62454545454545,6.76290322580645,7.57222222222222,7.65789473684211,7.21641791044776,55,31,9,19,67,12611,7727,4884,1063,3504,9107,7.36526626357942,7.71108131228161,6.8181506040131,6.81478645343368,7.47796489726028,7.32190445261887,181
"183",2016,7,7.56225490196078,102,7.99333333333333,6.94642857142857,9.08333333333333,7.79,7.50670731707317,60,42,3,20,82,12713,7787,4926,1066,3524,9189,7.36684675922284,7.71325610633106,6.81924432602517,6.82117073170732,7.47973581157776,7.32355358036783,182
"184",2016,8,7.25060240963855,83,7.55833333333333,6.82857142857143,7.04444444444444,7.45,7.20298507462687,48,35,9,16,67,12796,7835,4961,1075,3540,9256,7.36609275164114,7.71230699425654,6.81931012900625,6.82304,7.47960141242938,7.32268083945549,183
"185",2016,9,7.28613861386139,101,7.41509433962264,7.14375,6.7,7.08421052631579,7.33292682926829,53,48,10,19,82,12897,7888,5009,1085,3559,9338,7.36546660851361,7.7103100025355,6.82241915552006,6.82190599078341,7.47749058724361,7.32277081280788,184
"186",2016,10,7.27606382978723,94,7.73636363636364,6.62692307692308,6.21428571428571,7.23333333333333,7.28618421052632,55,39,7,18,76,12991,7943,5048,1092,3577,9414,7.36481970979909,7.71049040664736,6.82090878565769,6.81801098901099,7.47626195135589,7.32247544614404,185
"187",2016,11,7.35642201834862,109,7.63030303030303,6.93604651162791,6.42857142857143,7.12173913043478,7.41918604651163,66,43,7,23,86,13100,8009,5091,1099,3600,9500,7.36474983587786,7.70982960419528,6.82188127087016,6.8155304822566,7.47399694444445,7.32335093157895,186
"188",2016,12,7.39708737864078,103,7.80615384615385,6.69736842105263,7.1875,7.62619047619048,7.33841463414634,65,38,8,21,82,13203,8074,5129,1107,3621,9582,7.36500210936908,7.7106050656428,6.82095877364009,6.81821860885276,7.47487959127313,7.32347984241286,187
"189",2017,1,7.31359154929577,142,7.61329411764706,6.86666666666667,6.83,7.14433333333333,7.35892857142857,85,57,10,30,112,13345,8159,5186,1117,3651,9694,7.36445506556763,7.70959128569678,6.82146115503278,6.81832408236347,7.4721635168447,7.3238894006602,188
"190",2017,2,7.19017094017094,117,7.48333333333333,6.66666666666667,6.77777777777778,7.22083333333333,7.18225806451613,75,42,9,24,93,13462,8234,5228,1126,3675,9787,7.36294033947408,7.70753039834831,6.82021758798776,6.818,7.47052217687075,7.32254356288955,189
"191",2017,3,7.24642857142857,112,7.6796875,6.66875,7.1,7.27083333333333,7.23977272727273,64,48,10,24,88,13574,8298,5276,1136,3699,9875,7.36197899292766,7.70731565437455,6.81883956595906,6.8204823943662,7.4692265477156,7.32180595949367,190
"192",2017,4,7.3666,100,7.76893939393939,6.58558823529412,7.04444444444444,7.266,7.40013333333333,66,34,9,25,75,13674,8364,5310,1145,3724,9950,7.3620127870411,7.70780192491631,6.81734605461394,6.82224279475983,7.46786224489796,7.32239636683417,191
"193",2017,5,7.17714285714286,91,7.32869565217391,7.02222222222222,7.2,7.4247619047619,7.10285714285714,46,45,8,21,70,13765,8410,5355,1153,3745,10020,7.36079061750817,7.7057283353151,6.81906770308123,6.82486383347788,7.46762056074767,7.32086265968064,192
"194",2017,6,7.59156626506024,83,7.70363636363636,7.37142857142857,8,7.44,7.61232876712329,55,28,5,10,73,13848,8465,5383,1158,3755,10093,7.36217380488157,7.70571474305966,6.82194084153818,6.8299378238342,7.46754700399468,7.32297075696027,193
"195",2017,7,7.58532608695652,92,7.98684210526316,6.93142857142857,7.9375,7.75555555555556,7.54391891891892,57,35,8,18,74,13940,8522,5418,1166,3773,10167,7.36364654591105,7.70759508331377,6.82264812661499,6.83753687821612,7.46892101775776,7.32457891708469,194
"196",2017,8,7.37605042016807,119,7.80486111111111,6.71914893617021,6.1,7.35714285714286,7.37857142857143,72,47,8,14,105,14059,8594,5465,1174,3787,10272,7.36375153638239,7.70840997207354,6.82175801463861,6.83251107325383,7.46850778980724,7.32513082651869,195
"197",2017,9,7.24947916666667,96,7.53921568627451,6.92111111111111,6.80555555555556,7.288,7.23591549295775,51,45,9,25,71,14155,8645,5510,1183,3812,10343,7.36297653479336,7.70741183342973,6.82256942831216,6.83230600169062,7.46732397691501,7.32451840375133,196
"198",2017,10,7.3659595959596,99,7.75232142857143,6.86279069767442,7,7.91666666666667,7.29,56,43,7,12,87,14254,8701,5553,1190,3824,10430,7.36299725340255,7.70770087346282,6.82288088420673,6.83329243697479,7.46873404811716,7.32423047459252,197
"199",2017,11,6.98027777777778,108,7.44,6.58396551724138,6.3,6.73125,7.02358695652174,50,58,5,16,92,14362,8751,5611,1195,3840,10522,7.36011926263752,7.70617132899097,6.82041125467831,6.83106108786611,7.46566119791667,7.32160177247672,198
"200",2017,12,7.1963963963964,111,7.54833333333333,6.78235294117647,7.11111111111111,7.40588235294118,7.15851063829787,60,51,9,17,94,14473,8811,5662,1204,3857,10616,7.35886359773371,7.70509650436954,6.82006844754504,6.83315448504983,7.46539771843402,7.32015767238131,199
"201",2018,1,7.44823076923077,130,7.7467816091954,6.84418604651163,5.81818181818182,7.5804347826087,7.41981308411215,87,43,11,23,107,14603,8898,5705,1215,3880,10723,7.35965916934877,7.70550407956844,6.82025022787029,6.82396543209876,7.46607963917526,7.32115208896764,200
"202",2018,2,7.37460784313726,102,7.65655737704918,6.95512195121951,6.71428571428571,7.75961538461539,7.24289473684211,61,41,7,26,76,14705,8959,5746,1222,3906,10799,7.35976285957158,7.70517081147449,6.82121259136791,6.82333715220949,7.46803353814644,7.32060133808686,201
"203",2018,3,7.29029126213592,103,7.6265625,6.73846153846154,6.6,7.27333333333333,7.29318181818182,64,39,5,15,88,14808,9023,5785,1227,3921,10887,7.35927963600757,7.70461324393217,6.82065471910113,6.82242705786471,7.46728870186177,7.32037970515294,202
"204",2018,4,7.20632911392405,79,7.64042553191489,6.56875,7.34,7.15625,7.21904761904762,47,32,5,16,63,14887,9070,5817,1232,3937,10950,7.35846798213206,7.70428062844542,6.81926896166409,6.8245275974026,7.46602463804928,7.31979669863014,203
"205",2018,5,7.53358974358974,78,7.78470588235294,7.05925925925926,6.85714285714286,7.8,7.48515151515152,51,27,7,12,66,14965,9121,5844,1239,3949,11016,7.35938074507184,7.70473032562219,6.82037774640657,6.82471186440678,7.46703950367182,7.32078738652869,204
"206",2018,6,7.19476847222222,72,7.58866666666667,6.53827148148148,7.30476142857143,7.61176470588235,7.06587872727273,45,27,7,17,55,15037,9166,5871,1246,3966,11071,7.35859255037574,7.70416051712852,6.81908037472322,6.82740877207063,7.4676598587998,7.31952101707163,205
"207",2018,7,7.165625,80,7.76041666666667,6.2734375,6.5,7.21666666666667,7.15384615384615,48,32,6,15,65,15117,9214,5903,1252,3981,11136,7.35757135542767,7.7044535815064,6.81612245976622,6.82583972044728,7.46671414217534,7.31855398527299,206
"208",2018,8,7.23586956521739,92,7.66181818181818,6.6027027027027,6.21428571428571,6.97368421052632,7.3041095890411,55,37,7,19,73,15209,9269,5940,1259,4000,11209,7.3568351752252,7.70420059337577,6.81479307744108,6.82243949960286,7.46437225,7.31845991435454,207
"209",2018,9,7.15030769230769,65,7.32352941176471,6.96032258064516,7,7.25,7.12294117647059,34,31,8,14,51,15274,9303,5971,1267,4014,11260,7.35595627733403,7.70280934107277,6.81554863171998,6.82356063930545,7.46362456402591,7.31757434991119,208
"210",2018,10,7.40634920634921,63,7.56666666666667,7.08571428571429,6.9375,7.275,7.45106382978723,42,21,8,16,47,15337,9345,5992,1275,4030,11307,7.35616327704245,7.70219746388443,6.81649547396529,6.82427555294118,7.46287568238214,7.31812922791191,209
"211",2018,11,7.34532222222222,90,7.75061224489796,6.8609512195122,6.6,7.68545454545455,7.23527941176471,49,41,7,22,68,15427,9394,6033,1282,4052,11375,7.35610003111428,7.70245,6.8167975932372,6.82305095943838,7.46408415597236,7.31763394989011,210
"212",2018,12,7.28320987654321,81,7.56490566037736,6.75,7,7.84933333333333,7.15454545454545,53,28,4,15,66,15508,9447,6061,1286,4067,11441,7.35571931777147,7.7016783423309,6.81648900841445,6.82360134525661,7.46550504057045,7.31669313696355,211
"213",2019,1,7.33215484848485,99,7.47974353846154,7.05,6.8,7.54761904761905,7.27414525641026,65,34,10,21,78,15607,9512,6095,1296,4088,11519,7.35556984109695,7.70016175672834,6.81779161279738,6.82341923611111,7.46592685909981,7.31640502734612,212
"214",2019,2,7.44376470588235,85,7.64296296296296,7.09677419354839,6.5,7.61764705882353,7.40029411764706,54,31,2,17,68,15692,9566,6126,1298,4105,11587,7.35604757264849,7.6998388699561,6.81920337577538,6.82292090138675,7.46655517661389,7.31689734271166,213
"215",2019,3,7.08043956043956,91,7.92604651162791,6.32291666666667,6.14705882352941,7.19230769230769,7.06179487179487,43,48,17,13,78,15783,9609,6174,1315,4118,11665,7.35445850028512,7.70085114267874,6.81534497570457,6.81418352091255,7.46568941233609,7.31519155679383,214
"216",2019,4,7.39323529411765,68,7.82125,7.01277777777778,6.75,6.85166666666667,7.50928571428571,32,36,8,12,56,15851,9641,6210,1323,4130,11721,7.35462485079806,7.70125076548076,6.8164895136876,6.81379541194256,7.46390532687652,7.31611889002645,215
"217",2019,5,7.20422535211268,71,7.56756756756757,6.80882352941176,7.33333333333333,7.55714285714286,7.11754385964912,37,34,6,14,57,15922,9678,6244,1329,4144,11778,7.35395418351966,7.70073968071916,6.81644777065983,6.81614095560572,7.46422031853282,7.31515787994566,216
"218",2019,6,6.96123595505618,89,7.285,6.6969387755102,6.61111111111111,6.98421052631579,6.955,40,49,9,19,70,16011,9718,6293,1338,4163,11848,7.35177118918244,7.69902846573369,6.8155172223105,6.81476183109118,7.46202954600048,7.31303000590817,217
"219",2019,7,7.19760180555556,72,7.34700804878049,7,7,6.58523785714286,7.34541379310345,41,31,6,14,58,16083,9759,6324,1344,4177,11906,7.35108100727476,7.69754953991188,6.81642154965212,6.81558878720238,7.45909081398133,7.31318776331262,218
"220",2019,8,7.183,90,7.781,6.4355,5.8125,7.16315789473684,7.18830985915493,50,40,8,19,71,16173,9809,6364,1352,4196,11977,7.35014566499722,7.69797491691304,6.81402732243872,6.80965335059172,7.45775079361297,7.31244748351006,219
"221",2019,9,7.1746835443038,79,7.75,6.64146341463415,6.59166666666667,6.72941176470588,7.29677419354839,38,41,12,17,62,16252,9847,6405,1364,4213,12039,7.34929275412257,7.69817568396466,6.81292269789227,6.80773557917889,7.4548118514123,7.31236676717335,220
"222",2019,10,7.15705882352941,85,7.57403846153846,6.5,6.25,7.17857142857143,7.15,52,33,8,21,64,16337,9899,6438,1372,4234,12103,7.34829257758463,7.69752358420043,6.8113187138863,6.80448347667639,7.45344174067076,7.31150818061638,221
"223",2019,11,7.23076923076923,91,7.53333333333333,6.78918918918919,6.83333333333333,7.91666666666667,7.12658227848101,54,37,3,12,79,16428,9953,6475,1375,4246,12182,7.34764157779401,7.69663277001909,6.81119225945946,6.80454642181818,7.45475090202544,7.3103089402397,222
"224",2019,12,7.45874350515464,97,7.83465551020408,7.075,6.54545454545455,7.04666666666667,7.53412341463415,49,48,11,15,82,16525,10002,6523,1386,4261,12264,7.34829373434191,7.69730894621076,6.81313350912157,6.80249013708514,7.45331432292889,7.31180541666667,223
"225",2020,1,7.07663551401869,107,7.63650793650794,6.275,5.875,7.77058823529412,6.94555555555556,63,44,4,17,90,16632,10065,6567,1390,4278,12354,7.34654605339106,7.69692837357178,6.80952792447084,6.79982110071943,7.45457511220197,7.30913725352113,224
"226",2020,2,7.40065241758242,91,7.72549019607843,6.98648425,6.85714285714286,7.22727272727273,7.424492125,51,40,7,11,80,16723,10116,6607,1397,4289,12434,7.34684047898105,7.69707236852511,6.81059925079461,6.80010832498211,7.45399214968524,7.30987944346148,225
"227",2020,3,7.45818181818182,77,7.77347826086956,6.99032258064516,6.66666666666667,7.76666666666667,7.41735294117647,46,31,6,9,68,16800,10162,6638,1403,4298,12502,7.34735079345238,7.69741823263137,6.81143857336547,6.79953765502495,7.45464688925082,7.31046400575908,226
"228",2020,4,7.28902739726027,73,7.52946153846154,7.01323529411765,6.88,7.466875,7.23910526315789,39,34,9,16,57,16873,10201,6672,1412,4314,12559,7.34709846085462,7.69677610822469,6.81246691396882,6.80005051699717,7.45469224153918,7.31014013854606,227
"229",2020,5,7.13383333333333,60,7.28694444444444,6.90416666666667,6.7,7.13461538461539,7.1336170212766,36,24,6,13,47,16933,10237,6696,1418,4327,12606,7.34634278214138,7.6953348715444,6.81279558691756,6.79962717207334,7.45373060550035,7.30948199270189,228
"230",2020,6,7.14705882352941,68,7.49411764705882,6.8,6.83333333333333,7.34285714285714,7.0962962962963,34,34,3,14,54,17001,10271,6730,1421,4341,12660,7.34554569319452,7.69466878395483,6.8127309435364,6.79969833216045,7.45337303155955,7.30857266982623,229
"231",2020,7,7.75446428571429,56,8.13382352941177,7.16818181818182,6.425,7.66,7.76372549019608,34,22,4,5,51,17057,10305,6752,1425,4346,12711,7.34688821774052,7.69611771761281,6.81388910693128,6.79864654736842,7.45361075241602,7.31039886712297,230
"232",2020,8,7.12777777777778,72,7.58055555555556,6.675,7.07142857142857,7.54444444444444,6.98888888888889,36,36,7,18,54,17129,10341,6788,1432,4364,12765,7.34596720941094,7.69571541243594,6.8131525117855,6.79997997905028,7.45398541017416,7.30903877790834,231
"233",2020,9,7.19294117647059,85,7.66949152542373,6.11153846153846,6.42,7.49333333333333,7.12857142857143,59,26,5,15,70,17214,10400,6814,1437,4379,12835,7.34521159114674,7.69556664230769,6.81047538156736,6.79865784968685,7.45412019410825,7.30805453837164,232
"234",2020,10,7.28333333333333,66,7.71219512195122,6.58,5.75,7.65882352941177,7.1530612244898,41,25,4,17,49,17280,10441,6839,1441,4396,12884,7.3449752505787,7.6956319394694,6.80963287761368,6.79574693268564,7.45491181301183,7.30746507295871,233
"235",2020,11,6.98192771084337,83,7.28478260869565,6.60540540540541,6.28571428571429,7.33333333333333,6.92253521126761,46,37,7,12,71,17363,10487,6876,1448,4408,12955,7.34323978171975,7.69382979689139,6.80853392233857,6.79328130524862,7.45458083711434,7.30535546121189,234
"236",2020,12,7.38553086419753,81,7.63732075471698,6.90892857142857,6.2,7.32685714285714,7.39108108108108,53,28,5,7,74,17444,10540,6904,1453,4415,13029,7.34343615741802,7.69354564326376,6.80894108487833,6.79123973158982,7.45437833069083,7.30584235167703,235
"237",2021,1,7.14126988095238,84,7.37722229166667,6.82666666666667,6.14285714285714,8,7.01187219178082,48,36,7,11,73,17528,10588,6940,1460,4426,13102,7.34246730944774,7.6921116122025,6.80903303314121,6.78813104794521,7.45573437189336,7.30420444741261,236
"238",2021,2,7.28457831325301,83,7.87666666666667,6.6780487804878,5.8125,7.62857142857143,7.21478260869565,42,41,8,14,69,17611,10630,6981,1468,4440,13171,7.34219448072228,7.69284080432738,6.80826375161152,6.78281425749319,7.45627935360361,7.30373598587807,237
"239",2021,3,7.25514705882353,68,7.58783783783784,6.85806451612903,7,7.625,7.21935483870968,37,31,6,6,62,17679,10667,7012,1474,4446,13233,7.34185966400815,7.69247658666917,6.80848392042213,6.78369832428765,7.45650704678363,7.30334063855513,238
"240",2021,4,7.23072727272727,55,7.62954545454545,6.6325,6.4,7.81818181818182,7.08386363636364,33,22,6,11,44,17734,10700,7034,1480,4457,13277,7.34151499943611,7.6922825,6.80793350156383,6.78214279054054,7.45739967018174,7.30261329140619,239
"241",2021,5,7.42338983050847,59,7.62424242424242,7.16846153846154,7,7.53,7.40163265306122,33,26,3,10,49,17793,10733,7060,1483,4467,13326,7.34178648906874,7.6920733019659,6.80926122521246,6.78258349966285,7.45756219610477,7.3029773878133,240
"242",2021,6,7.2768115942029,69,7.56190476190476,6.83333333333333,6.21428571428571,6.75,7.34590163934426,42,27,7,8,61,17862,10775,7087,1490,4475,13387,7.34153549434554,7.69156591647332,6.80935293495132,6.7799136442953,7.45629728044693,7.30317297900949,241
"243",2021,7,7.01588235294118,68,7.5,6.61027027027027,6.556,6.83333333333333,7.03354838709677,31,37,5,6,62,17930,10806,7124,1495,4481,13449,7.34030044617959,7.69101635665371,6.8083189570466,6.77916476923077,7.45546313992413,7.3019300074355,242
"244",2021,8,7.62246753246753,77,7.83181818181818,7.34333333333333,7.2,7.71875,7.5972131147541,44,33,5,16,61,18007,10850,7157,1500,4497,13510,7.34150702504582,7.69158735023042,6.8107858390387,6.78056755333334,7.45639989548588,7.30326326202813,243
"245",2021,9,7.25581081081081,74,7.76738095238095,6.584375,5.75,6.85,7.31921875,42,32,4,10,64,18081,10892,7189,1504,4507,13574,7.34115629666501,7.69187961347779,6.80977802893309,6.77782668218085,7.45505443310406,7.30333849049654,244
"246",2021,10,7.16966666666667,60,7.94758620689655,6.44193548387097,5,6.74444444444444,7.24470588235294,29,31,4,9,51,18141,10921,7220,1508,4516,13625,7.34058910754644,7.69255862558374,6.80819864958449,6.77311096153846,7.45363824844996,7.30311902165138,245
"247",2021,11,7.34025974025974,77,8,6.4125,7.875,7.12,7.37313432835821,45,32,4,10,67,18218,10966,7252,1512,4526,13692,7.34058771544626,7.69382023983221,6.80645259928295,6.77602601190476,7.45290108926204,7.30346163234005,246
"248",2021,12,7.17704675438597,114,7.60074626865672,6.57304957446808,5.52142857142857,7.58947368421053,7.09456136842105,67,47,14,19,95,18332,11033,7299,1526,4545,13787,7.33957071405193,7.69325503036346,6.80494966159748,6.76451594364351,7.45347201980198,7.30202219482121,247
"249",2022,1,7.23706896551724,116,7.4593220338983,7.00701754385965,6.28571428571429,7.35294117647059,7.21717171717172,59,57,7,17,99,18448,11092,7356,1533,4562,13886,7.33892618874675,7.69201070591418,6.80651544045677,6.7623296347032,7.45309739807102,7.301417254789,248
"250",2022,2,7.32236842105263,76,7.61590909090909,6.91875,6.4,7.53846153846154,7.27777777777778,44,32,5,13,63,18524,11136,7388,1538,4575,13949,7.33885825577629,7.69171001706179,6.8070015674066,6.76115171001301,7.45333996284153,7.30131048820704,249
"251",2022,3,7.27166666666667,78,7.87105263157895,6.70225,5.875,7.7,7.20867647058824,38,40,4,10,68,18602,11174,7428,1542,4585,14017,7.33857651489087,7.69231991677108,6.80643747711362,6.75885300259404,7.45387793456925,7.30086109723907,250
"252",2022,4,7.33433333333333,90,7.90851063829787,6.70674418604651,6.5,7.61,7.26056338028169,47,43,3,19,71,18692,11221,7471,1545,4604,14088,7.33855608442114,7.69322544782105,6.80586368357649,6.75835037540453,7.45452222632494,7.30065800681431,251
"253",2022,5,7.13376237623762,101,7.53465517241379,6.59302325581395,5.66666666666667,6.88571428571429,7.17367816091954,58,43,3,14,87,18793,11279,7514,1548,4618,14175,7.33745545309424,7.69241003191773,6.80464567207878,6.75623470930233,7.45279781940234,7.29987865961199,252
"254",2022,6,7.23821965909091,88,7.59798441860465,6.89444444444444,5.9,7.31875,7.22032402777778,43,45,5,16,72,18881,11322,7559,1553,4634,14247,7.33699293787405,7.69205141141142,6.80518025929355,6.75347799742434,7.45233498705222,7.29947661472591,253
"255",2022,7,7.12116883116883,77,7.72575,6.46756756756757,5.83333333333333,7.68461538461538,7.00671875,40,37,6,13,64,18958,11362,7596,1559,4647,14311,7.33611634455111,7.69217004752685,6.80353575302791,6.74993670942912,7.45298479233915,7.29816737684299,254
"256",2022,8,7.20265060240964,83,7.52818181818182,6.83538461538462,6,7.10823529411765,7.2269696969697,44,39,3,17,66,19041,11406,7635,1562,4664,14377,7.33553456541148,7.69153744345082,6.80369843876883,6.74849637003841,7.45172820111492,7.29784053209988,255
"257",2022,9,7.35592105263158,76,7.51666666666667,7.08035714285714,5.875,7.4375,7.34632352941177,48,28,4,8,68,19117,11454,7663,1566,4672,14445,7.33561561228226,7.69080461672779,6.80470932793945,6.74626521711367,7.45170383775685,7.29806876635514,256
"258",2022,10,7.28394736842105,76,7.45061224489796,6.98148148148148,8.16666666666667,7.66666666666667,7.23253731343284,49,27,3,9,67,19193,11503,7690,1569,4681,14512,7.33541101755848,7.68978145527254,6.80532998439532,6.74898108986616,7.45211713950011,7.29776621623484,257
"259",2022,11,7.12011764705882,85,7.3375,6.83810810810811,6.8025,7.34,7.0908,48,37,8,10,75,19278,11551,7727,1577,4691,14587,7.33446175225646,7.68831755519003,6.80548693930374,6.74925258719087,7.45187813472607,7.29670208610407,258
"260",2022,12,7.12176470588235,85,7.42272727272727,6.79878048780488,6.16666666666667,7.0825,7.127,44,41,3,10,75,19363,11595,7768,1580,4701,14662,7.33352805143831,7.68730970935749,6.80545154222451,6.74814641139241,7.45109239098064,7.29583401514118,259
