"","year","month","avg_rating","no_ratings","avg_rating_owned","avg_rating_not_owned","avg_rating_prev_owned","avg_rating_comment","avg_rating_no_comment","no_ratings_owned","no_ratings_not_owned","no_ratings_prev_owned","no_ratings_comment","no_ratings_no_comment","cum_no_ratings","cum_no_ratings_owned","cum_no_ratings_not_owned","cum_no_ratings_prev_owned","cum_no_ratings_comment","cum_no_ratings_no_comment","cum_avg_rating","cum_avg_rating_owned","cum_avg_rating_not_owned","cum_avg_rating_prev_owned","cum_avg_rating_comment","cum_avg_rating_no_comment","month_after_release"
"1",2003,4,9,1,9,NA,NA,9,NA,1,0,0,1,0,1,1,0,0,1,0,9,9,NA,NA,9,NA,-1
"2",2003,5,7.125,8,7.33333333333333,6.5,7,7.2,7,6,2,1,5,3,9,7,2,1,6,3,7.33333333333333,7.57142857142857,6.5,7,7.5,7,0
"3",2003,6,6.8,5,7.33333333333333,6,NA,7,6,3,2,0,4,1,14,10,4,1,10,4,7.14285714285714,7.5,6.25,7,7.3,6.75,1
"4",2003,7,6.59090909090909,11,7.33333333333333,5.7,NA,7.16666666666667,6.375,6,5,0,3,8,25,16,9,1,13,12,6.9,7.4375,5.94444444444444,7,7.26923076923077,6.5,2
"5",2003,8,6,7,5.8,6.5,6.5,6.5,5.8,5,2,2,2,5,32,21,11,3,15,17,6.703125,7.04761904761905,6.04545454545455,6.66666666666667,7.16666666666667,6.29411764705882,3
"6",2003,9,5.875,4,6,5.75,NA,6,5.75,2,2,0,2,2,36,23,13,3,17,19,6.61111111111111,6.95652173913043,6,6.66666666666667,7.02941176470588,6.23684210526316,4
"7",2003,10,7,1,NA,7,7,7,NA,0,1,1,1,0,37,23,14,4,18,19,6.62162162162162,6.95652173913043,6.07142857142857,6.75,7.02777777777778,6.23684210526316,5
"8",2003,11,6.75,4,7.5,6,NA,6.75,NA,2,2,0,4,0,41,25,16,4,22,19,6.63414634146341,7,6.0625,6.75,6.97727272727273,6.23684210526316,6
"9",2003,12,7.1,5,7.5,6.5,7,7.16666666666667,7,3,2,1,3,2,46,28,18,5,25,21,6.68478260869565,7.05357142857143,6.11111111111111,6.8,7,6.30952380952381,7
"10",2004,1,6.65,5,7.5,5.375,NA,6.25,7.25,3,2,0,3,2,51,31,20,5,28,23,6.68137254901961,7.09677419354839,6.0375,6.8,6.91964285714286,6.39130434782609,8
"11",2004,2,7.33333333333333,3,7.33333333333333,NA,NA,8,7,3,0,0,1,2,54,34,20,5,29,25,6.71759259259259,7.11764705882353,6.0375,6.8,6.95689655172414,6.44,9
"12",2004,3,6.38888888888889,9,6.6,6.125,7.25,7,6.21428571428571,5,4,2,2,7,63,39,24,7,31,32,6.67063492063492,7.05128205128205,6.05208333333333,6.92857142857143,6.95967741935484,6.390625,10
"13",2004,4,7.5,6,7.75,7,7,7.5,7.5,4,2,2,1,5,69,43,26,9,32,37,6.74275362318841,7.11627906976744,6.125,6.94444444444444,6.9765625,6.54054054054054,11
"14",2004,5,6.45333333333333,9,6.42857142857143,6.54,7,6.54,6.42857142857143,7,2,1,2,7,78,50,28,10,34,44,6.70935897435897,7.02,6.15464285714286,6.95,6.95088235294118,6.52272727272727,12
"15",2004,6,7.9375,8,8.16666666666667,7.25,NA,8,7.91666666666667,6,2,0,2,6,86,56,30,10,36,50,6.82360465116279,7.14285714285714,6.22766666666667,6.95,7.00916666666667,6.69,13
"16",2004,7,6.75,6,7.2,4.5,NA,7.5,6.375,5,1,0,2,4,92,61,31,10,38,54,6.81880434782609,7.14754098360656,6.17193548387097,6.95,7.035,6.66666666666667,14
"17",2004,8,7.1,5,7.25,6.5,6.5,7.5,7,4,1,1,1,4,97,65,32,11,39,58,6.83329896907217,7.15384615384615,6.1821875,6.90909090909091,7.04692307692308,6.68965517241379,15
"18",2004,9,6.8125,8,7.07142857142857,5,7,6.75,7,7,1,1,6,2,105,72,33,12,45,60,6.83171428571429,7.14583333333333,6.14636363636364,6.91666666666667,7.00733333333333,6.7,16
"19",2004,10,7.14285714285714,7,7.33333333333333,6,NA,8,6.8,6,1,0,2,5,112,78,34,12,47,65,6.85116071428571,7.16025641025641,6.14205882352941,6.91666666666667,7.04957446808511,6.70769230769231,17
"20",2004,11,5.78571428571429,7,6.5,4.83333333333333,NA,5.625,6,4,3,0,4,3,119,82,37,12,51,68,6.78848739495798,7.1280487804878,6.03594594594595,6.91666666666667,6.9378431372549,6.67647058823529,18
"21",2004,12,6.5,6,6.75,6,NA,7,5.5,4,2,0,4,2,125,86,39,12,55,70,6.77464,7.11046511627907,6.03410256410256,6.91666666666667,6.94236363636364,6.64285714285714,19
"22",2005,1,6.3,10,6.625,6.08333333333333,NA,5.625,6.75,4,6,0,4,6,135,90,45,12,59,76,6.73948148148148,7.08888888888889,6.04066666666667,6.91666666666667,6.85305084745763,6.65131578947368,20
"23",2005,2,6.45,10,7.08333333333333,5.5,7,5.8,7.1,6,4,1,5,5,145,96,49,13,64,81,6.71951724137931,7.08854166666667,5.9965306122449,6.92307692307692,6.77078125,6.67901234567901,21
"24",2005,3,6.46428571428571,14,7,5.92857142857143,7,6.41666666666667,6.5,7,7,1,6,8,159,103,56,14,70,89,6.69704402515723,7.08252427184466,5.98803571428572,6.92857142857143,6.74042857142857,6.66292134831461,22
"25",2005,4,6.88461538461539,13,7.05,6.33333333333333,NA,7.6,6.4375,10,3,0,5,8,172,113,59,14,75,97,6.71122093023256,7.07964601769912,6.00559322033898,6.92857142857143,6.79773333333333,6.64432989690722,23
"26",2005,5,5.98125,16,6.66666666666667,5.1,NA,6.2,5.88181818181818,9,7,0,5,11,188,122,66,14,80,108,6.64909574468085,7.04918032786885,5.90954545454546,6.92857142857143,6.760375,6.56666666666667,24
"27",2005,6,6.92857142857143,7,7.5,6.16666666666667,5.5,6.125,8,4,3,2,4,3,195,126,69,16,84,111,6.65912820512821,7.06349206349206,5.92072463768116,6.75,6.73011904761905,6.60540540540541,25
"28",2005,7,6.59285714285714,14,6.5,6.6625,6.75,6.33333333333333,6.7875,6,8,2,6,8,209,132,77,18,90,119,6.65468899521531,7.03787878787879,5.99779220779221,6.75,6.70366666666667,6.61764705882353,26
"29",2005,8,6.77777777777778,18,7.04166666666667,6.25,7,7.5,6.57142857142857,12,6,3,4,14,227,144,83,21,94,133,6.66444933920705,7.03819444444444,6.01602409638554,6.78571428571429,6.73755319148936,6.61278195488722,27
"30",2005,9,6.41666666666667,12,6.83333333333333,6,7,6.33333333333333,6.66666666666667,6,6,1,9,3,239,150,89,22,103,136,6.65200836820084,7.03,6.01494382022472,6.79545454545455,6.70223300970874,6.61397058823529,28
"31",2005,10,6.68181818181818,11,6.9,6.5,7,6.83333333333333,6.625,5,6,1,3,8,250,155,95,23,106,144,6.65332,7.0258064516129,6.04557894736842,6.80434782608696,6.70594339622642,6.61458333333333,29
"32",2005,11,6.5,7,6.7,6,NA,6,6.58333333333333,5,2,0,1,6,257,160,97,23,107,150,6.64914396887159,7.015625,6.04463917525773,6.80434782608696,6.69934579439253,6.61333333333333,30
"33",2005,12,6.55,16,7.2,5.71428571428571,NA,5.83333333333333,6.98,9,7,0,6,10,273,169,104,23,113,160,6.64333333333333,7.02544378698225,6.02240384615385,6.80434782608696,6.65336283185841,6.63625,31
"34",2006,1,6.98666666666667,15,6.7,7.41666666666667,9,7.08,6.8,9,6,1,10,5,288,178,110,24,123,165,6.66121527777778,7.00898876404494,6.09845454545454,6.89583333333333,6.68804878048781,6.64121212121212,32
"35",2006,2,6.81818181818182,11,7,6.5,NA,7.25,6.57142857142857,7,4,0,4,7,299,185,114,24,127,172,6.66698996655518,7.00864864864865,6.11254385964912,6.89583333333333,6.70574803149606,6.63837209302326,33
"36",2006,3,6.5555,14,7.39671428571429,5.71428571428571,6,6.534625,6.58333333333333,7,7,1,8,6,313,192,121,25,135,178,6.66200319488818,7.022796875,6.0895041322314,6.86,6.69560740740741,6.63651685393258,34
"37",2006,4,7,13,7,7,7,7.07142857142857,6.91666666666667,11,2,2,7,6,326,203,123,27,142,184,6.67548159509202,7.02156157635468,6.10430894308943,6.87037037037037,6.7141338028169,6.64565217391304,35
"38",2006,5,7.025,8,7.11666666666667,6.75,7,7.16666666666667,6.94,6,2,1,3,5,334,209,125,28,145,189,6.68385329341317,7.02429186602871,6.11464,6.875,6.72349655172414,6.65343915343915,36
"39",2006,6,6.1875,8,6.375,6,NA,6.75,6,4,4,0,2,6,342,213,129,28,147,195,6.67224269005848,7.0120985915493,6.11108527131783,6.875,6.72385714285714,6.63333333333333,37
"40",2006,7,6.48181818181818,11,7,5.86,6,6.2,6.71666666666667,6,5,1,5,6,353,219,134,29,152,201,6.66630878186969,7.01176712328767,6.10171641791045,6.8448275862069,6.706625,6.63582089552239,38
"41",2006,8,6.85714285714286,14,7,6.5,6.33333333333333,6.75,7,10,4,3,8,6,367,229,138,32,160,207,6.67358855585831,7.01125327510917,6.11326086956522,6.796875,6.70879375,6.6463768115942,39
"42",2006,9,6.57692307692308,13,6.79166666666667,6.39285714285714,7,6.8125,6.2,6,7,1,8,5,380,235,145,33,168,212,6.67028157894737,7.00564680851064,6.12675862068965,6.8030303030303,6.71373214285714,6.63584905660377,40
"43",2006,10,6.70588235294118,17,7.08333333333333,5.8,5,6.95,6.35714285714286,12,5,1,10,7,397,247,150,34,178,219,6.67180604534005,7.00942105263158,6.11586666666667,6.75,6.72700561797753,6.62694063926941,41
"44",2006,11,6.35714285714286,7,6.6,5.75,NA,5.75,6.6,5,2,0,2,5,404,252,152,34,180,224,6.66635396039604,7.00129761904762,6.11105263157895,6.75,6.71615,6.62633928571429,42
"45",2006,12,6.57142857142857,21,6.84615384615385,6.125,NA,6.4,6.72727272727273,13,8,0,10,11,425,265,160,34,190,235,6.66166352941176,6.99368679245283,6.11175,6.75,6.69951052631579,6.63106382978723,43
"46",2007,1,6.58928571428571,28,6.76315789473684,6.22222222222222,7,6.5625,6.6,19,9,1,8,20,453,284,169,35,198,255,6.65718984547461,6.97826408450704,6.11763313609467,6.75714285714286,6.69397474747475,6.62862745098039,44
"47",2007,2,6.2704085,20,6.68,5.041634,6,6,6.36054466666667,15,5,1,5,15,473,299,174,36,203,270,6.64083545454545,6.96330100334448,6.08671362068965,6.73611111111111,6.67688177339902,6.61373396296296,45
"48",2007,3,6.12307692307692,13,6.17777777777778,6,6,5,6.62222222222222,9,4,2,4,9,486,308,178,38,207,279,6.62698594650206,6.9403474025974,6.084765,6.69736842105263,6.64447826086957,6.61400777777778,46
"49",2007,4,6.93076923076923,13,7,6.85,7,7,6.9,7,6,2,4,9,499,315,184,40,211,288,6.63490014028056,6.94167301587302,6.10971831521739,6.7125,6.65121800947867,6.62294503472222,47
"50",2007,5,6.39285714285714,14,6.31818181818182,6.66666666666667,7,6.6,6.27777777777778,11,3,1,5,9,513,326,187,41,216,297,6.62829467836257,6.92063496932515,6.11865331550802,6.71951219512195,6.65003240740741,6.61248542087542,48
"51",2007,6,6.67647058823529,17,7.1,6.07142857142857,6,6,6.88461538461539,10,7,3,4,13,530,336,194,44,220,310,6.62983994339623,6.92597321428571,6.11694932989691,6.67045454545455,6.63821363636364,6.62389732258064,49
"52",2007,7,6.21666666666667,24,6.78461538461538,5.54545454545455,6.25,6.10909090909091,6.30769230769231,13,11,4,11,13,554,349,205,48,231,323,6.6119407400722,6.92070773638968,6.08628375609756,6.63541666666667,6.61301731601732,6.61117080495356,50
"53",2007,8,6.39473684210526,19,6.5,6.25,8,6.16666666666667,6.5,11,8,1,6,13,573,360,213,49,237,336,6.60473851657941,6.90785277777778,6.09243272300469,6.66326530612245,6.60171729957806,6.60686955357143,51
"54",2007,9,6.60869565217391,23,6.53571428571429,6.72222222222222,6.33333333333333,6.14285714285714,6.8125,14,9,3,7,16,596,374,222,52,244,352,6.60489122483221,6.89392245989305,6.11796472972973,6.64423076923077,6.58855327868853,6.61621639204545,52
"55",2007,10,6.64285714285714,14,7.3125,5.75,5.66666666666667,6.5,6.75,8,6,3,6,8,610,382,228,55,250,360,6.60576257377049,6.90268848167539,6.10828144736842,6.59090909090909,6.586428,6.61918936111111,53
"56",2007,11,6.11875,16,6.58,5.90909090909091,6,6.6,5.9,5,11,4,5,11,626,387,239,59,255,371,6.59331496805112,6.89851937984496,6.09911368200837,6.55084745762712,6.58669411764706,6.59786568733154,54
"57",2007,12,6.325,20,6.66666666666667,6.04545454545455,5.66666666666667,6.65,6,9,11,3,10,10,646,396,250,62,265,381,6.58500800309597,6.89325,6.09675268,6.50806451612903,6.58908301886793,6.58217367454068,55
"58",2008,1,6.69615384615385,26,7.10555555555556,5.775,5.66666666666667,6.83333333333333,6.62352941176471,18,8,3,9,17,672,414,258,65,274,398,6.58930828869048,6.9024806763285,6.08677585271318,6.46923076923077,6.59710583941606,6.58394012562814,56
"59",2008,2,6.71176470588235,17,6.71666666666667,6.7,6.5,6.92,6.625,12,5,2,5,12,689,426,263,67,279,410,6.59232970972424,6.89724647887324,6.09843410646388,6.47014925373134,6.60289247311828,6.58514187804878,57
"60",2008,3,6.03260869565217,23,6.16071428571429,5.83333333333333,7,6.42857142857143,5.859375,14,9,1,7,16,712,440,272,68,286,426,6.57424883426966,6.87381136363636,6.08966238970588,6.47794117647059,6.59862587412587,6.55788302816901,58
"61",2008,4,6.51,20,6.81818181818182,6.13333333333333,6.75,6.525,6.5,11,9,3,8,12,732,451,281,71,294,438,6.57249340163934,6.87245454545454,6.09106110320285,6.48943661971831,6.59662244897959,6.55629719178082,59
"62",2008,5,6.79285714285714,14,7,6.42,6,7.2,6.56666666666667,9,5,3,5,9,746,460,286,74,299,447,6.57662891420912,6.87495,6.09681178321678,6.46959459459459,6.60671237458194,6.55650597315436,60
"63",2008,6,6.42307692307692,13,6.5,6.33333333333333,6.5,6.33333333333333,6.45,7,6,2,3,10,759,467,292,76,302,457,6.57399890645586,6.86932976445396,6.10167181506849,6.47039473684211,6.60399668874172,6.55417542669584,61
"64",2008,7,6.44117647058824,17,6.16666666666667,6.59090909090909,6.625,6.35714285714286,6.5,6,11,8,7,10,776,473,303,84,309,467,6.57108913659794,6.86041649048626,6.11943290429043,6.48511904761905,6.59840453074434,6.55301535331906,62
"65",2008,8,6.11086956521739,23,6.92222222222222,5.58928571428571,5.15625,5.54545454545455,6.62916666666667,9,14,8,11,12,799,482,317,92,320,479,6.5578412640801,6.86157053941909,6.0960194637224,6.3695652173913,6.562209375,6.55492311064718,63
"66",2008,9,6.72666666666667,15,7.9,6.14,6.625,6.2,7.07777777777778,5,10,4,6,9,814,487,327,96,326,488,6.5609522972973,6.87223203285421,6.09736443425077,6.38020833333333,6.55554294478528,6.56456592213115,64
"67",2008,10,6.97222222222222,18,7,6.91666666666667,NA,6.58333333333333,7.16666666666667,12,6,0,6,12,832,499,333,96,332,500,6.56984996394231,6.87530460921844,6.11212663663664,6.38020833333333,6.55604518072289,6.57901634,65
"68",2008,11,6.152,25,6.70833333333333,5.63846153846154,5.18333333333333,6.1,6.16842105263158,12,13,6,6,19,857,511,346,102,338,519,6.55766064177363,6.87138356164384,6.09432997109827,6.30980392156863,6.54794970414201,6.5639849132948,66
"69",2008,12,6.95333333333333,15,7.03333333333333,6.83333333333333,7,7.25,6.84545454545455,9,6,3,4,11,872,520,352,105,342,530,6.5644669380734,6.87418653846154,6.10692661931818,6.32952380952381,6.55616081871345,6.56982673584906,67
"70",2009,1,5.95,26,6.33076923076923,5.56923076923077,5.42857142857143,5.72222222222222,6.07058823529412,13,13,7,9,17,898,533,365,112,351,547,6.54667613585746,6.86093245778612,6.08777580821918,6.27321428571429,6.53477777777778,6.55431109689214,68
"71",2009,2,6.30769230769231,26,7.20833333333333,5.53571428571429,5.83333333333333,7.2,6.09523809523809,12,14,6,5,21,924,545,379,118,356,568,6.53995148268398,6.86858165137615,6.06738303430079,6.25084745762712,6.54412078651685,6.53733832746479,69
"72",2009,3,5.97777777777778,27,6.47,5.68823529411765,6.5,5.25,6.28421052631579,10,17,2,8,19,951,555,396,120,364,587,6.5239907150368,6.8614,6.05110648989899,6.255,6.51567857142857,6.52914509369676,70
"73",2009,4,6.05,16,6.45,5.91666666666667,6.25,6,6.05333333333333,4,12,4,1,15,967,559,408,124,365,602,6.51614805584281,6.85845617173524,6.04715237745098,6.25483870967742,6.51426575342466,6.51728931893688,71
"74",2009,5,6.56136363636364,22,7.345,5.90833333333333,5.375,6.45,6.61333333333333,10,12,8,7,15,989,569,420,132,372,617,6.51715386248736,6.86700702987698,6.04318611904762,6.20151515151515,6.5130564516129,6.51962426256078,72
"75",2009,6,6.42,20,6.96363636363636,5.75555555555556,5.4,6.625,6.36875,11,9,5,4,16,1009,580,429,137,376,633,6.51522811694747,6.86883965517241,6.03715191142191,6.17226277372263,6.51424734042553,6.51581069510269,73
"76",2009,7,6.55961538461538,26,7.08333333333333,6.11071428571429,5.5,6.5,6.5775,12,14,5,6,20,1035,592,443,142,382,653,6.51634315942029,6.8731875,6.03947668171558,6.14859154929577,6.51402356020942,6.51770010719755,74
"77",2009,8,6.83888888888889,18,7.4,6.1375,6.03333333333333,7.6,6.54615384615385,10,8,3,5,13,1053,602,451,145,387,666,6.52185676163343,6.88193853820598,6.04121545454546,6.14620689655172,6.52805426356589,6.51825551051051,75
"78",2009,9,6.28235294117647,17,6.54285714285714,6.1,5.71428571428571,6.38333333333333,6.22727272727273,7,10,7,6,11,1070,609,461,152,393,677,6.51805156074766,6.87804105090312,6.04249060737527,6.12631578947368,6.52584478371501,6.51352757754801,76
"79",2009,10,6.67857142857143,14,6.875,6.41666666666667,6.375,6.58333333333333,6.75,8,6,4,6,8,1084,617,467,156,399,685,6.52012469557196,6.87800162074554,6.04729800856531,6.13269230769231,6.52670927318296,6.51628929927007,77
"80",2009,11,5.76923076923077,26,6.78,5.1375,5.75,5.625,5.83333333333333,10,16,6,8,18,1110,627,483,162,407,703,6.50253618918919,6.87643859649123,6.01715977225673,6.11851851851852,6.50898525798526,6.49880251778094,78
"81",2009,12,6.56521739130435,23,6.875,6.4,6.66363636363636,7.38333333333333,6.27647058823529,8,15,11,6,17,1133,635,498,173,413,720,6.50380862312445,6.87642047244095,6.02869110441767,6.15317919075145,6.52168765133172,6.49355301388889,79
"82",2010,1,6.41666666666667,12,7.16666666666667,5.66666666666667,6.125,6.5,6.38888888888889,6,6,4,3,9,1145,641,504,177,416,729,6.50289534497817,6.87913728549142,6.02438128968254,6.15254237288136,6.52153125,6.49226086419753,80
"83",2010,2,6.5675,20,7.225,5.91,6.5,5.86428571428571,6.94615384615385,10,10,3,7,13,1165,651,514,180,423,742,6.50400443776824,6.88445007680492,6.02215597276265,6.15833333333333,6.5106548463357,6.5002131671159,81
"84",2010,3,6.61538461538461,13,6.78571428571429,6.41666666666667,7,6.3,6.8125,7,6,2,5,8,1178,658,520,182,428,750,6.50523359083192,6.88339969604863,6.02670801923077,6.16758241758242,6.50819392523365,6.50354422666667,82
"85",2010,4,6.22222222222222,9,6.28571428571429,6,6,6,6.25,7,2,1,1,8,1187,665,522,183,429,758,6.50308775905645,6.87710827067669,6.02660568965517,6.16666666666667,6.50700932400933,6.50086829815304,83
"86",2010,5,5.71428571428571,14,6.9,5.05555555555556,5.4,6.21428571428571,5.21428571428571,5,9,5,7,7,1201,670,531,188,436,765,6.49389273105745,6.87727910447761,6.01014721280603,6.14627659574468,6.50230963302752,6.48909564705882,84
"87",2010,6,6.41923076923077,13,6.77857142857143,6,5,9,6.20416666666667,7,6,2,1,12,1214,677,537,190,437,777,6.49309322075783,6.87625849335303,6.01003383612663,6.13421052631579,6.50802517162472,6.4846951994852,85
"88",2010,7,5.96153846153846,13,6.25,5.71428571428571,6,6,5.95454545454545,6,7,3,2,11,1227,683,544,193,439,788,6.48746142624287,6.87075695461201,6.00622825367647,6.13212435233161,6.50571070615034,6.4772946319797,86
"89",2010,8,6.6,10,6.91666666666667,6.125,NA,NA,6.6,6,4,0,0,10,1237,689,548,193,439,798,6.48837119644301,6.87115674891147,6.00709520072993,6.13212435233161,6.50571070615034,6.47883229323308,87
"90",2010,9,6.88777777777778,9,6.2,7.7475,8,8.37,6.46428571428571,5,4,1,2,7,1246,694,552,194,441,805,6.49125615569824,6.86632132564842,6.01970682971015,6.14175257731959,6.51416553287982,6.47870580124224,88
"91",2010,10,5.92,10,6.4,5.71428571428571,5.5,6.4,5.71428571428571,3,7,4,3,7,1256,697,559,198,444,812,6.48670793789809,6.86431420373027,6.01588223613596,6.12878787878788,6.51339414414414,6.4721159729064,89
"92",2010,11,6.98333333333333,12,7.26,6.78571428571429,6,7.45,6.75,5,7,1,4,8,1268,702,566,199,448,820,6.49140786277603,6.86713247863248,6.02540312720848,6.12814070351759,6.52175669642857,6.47482703658537,90
"93",2010,12,6.35714285714286,21,6.9,5.86363636363636,5.75,5.75,6.5,10,11,2,4,17,1289,712,577,201,452,837,6.48922045771916,6.8675941011236,6.02231918544194,6.12437810945274,6.51492699115044,6.47533831541219,91
"94",2011,1,6.17857142857143,14,7.375,5.7,6,6.25,6.16666666666667,4,10,2,2,12,1303,716,587,203,454,849,6.48588270913277,6.87042877094972,6.01682822827939,6.12315270935961,6.51375991189427,6.47097546525324,92
"95",2011,2,6.08333333333333,6,6.83333333333333,5.33333333333333,5,7.5,5.8,3,3,1,1,5,1309,719,590,204,455,854,6.48403756302521,6.87027399165508,6.01335283050848,6.11764705882353,6.51592747252747,6.46704703747073,93
"96",2011,3,6.25,6,6.76666666666667,5.73333333333333,7,5.73333333333333,6.76666666666667,3,3,1,3,3,1315,722,593,205,458,857,6.48296971102662,6.86984349030471,6.01193620573356,6.1219512195122,6.51080131004367,6.46809588098016,94
"97",2011,4,6,7,7,5.25,7,4.5,6.6,3,4,1,2,5,1322,725,597,206,460,862,6.48041238275341,6.87038206896552,6.00683110552764,6.12621359223301,6.50205869565217,6.46886098607889,95
"98",2011,5,6.2625,8,7.5,5.85,5.03333333333333,8,6.01428571428571,2,6,3,1,7,1330,727,603,209,461,869,6.47910163157895,6.87211416781293,6.00527059701493,6.11052631578947,6.50530802603037,6.46519927502877,96
"99",2011,6,6.25,6,6.625,5.5,5.5,6.66666666666667,5.83333333333333,4,2,2,3,3,1336,731,605,211,464,872,6.47807273203593,6.87076196990424,6.00360028099174,6.10473933649289,6.50635129310345,6.46302542431193,97
"100",2011,7,6.71428571428571,7,8,6.2,6,7.66666666666667,6,2,5,3,3,4,1343,733,610,214,467,876,6.47930392405063,6.87384311050478,6.0052101147541,6.10327102803738,6.5138051391863,6.46091115296804,98
"101",2011,8,6.375,12,6.5,6.28571428571429,6,6,6.5,5,7,2,3,9,1355,738,617,216,470,885,6.47838019926199,6.87131029810298,6.00839249594814,6.10231481481481,6.51052553191489,6.46130866666667,99
"102",2011,9,5.83333333333333,6,6,5.66666666666667,5.66666666666667,6,5.75,3,3,3,2,4,1361,741,620,219,472,889,6.4755364952241,6.86778272604588,6.00673898387097,6.09634703196347,6.50836228813559,6.45810817772779,100
"103",2011,10,6.08333333333333,6,6.2,5.5,NA,NA,6.08333333333333,5,1,0,0,6,1367,746,621,219,472,895,6.47381504754938,6.86330697050938,6.00592297906602,6.09634703196347,6.50836228813559,6.45559572067039,101
"104",2011,11,6.15,10,6.78571428571429,4.66666666666667,3.5,NA,6.15,7,3,2,0,10,1377,753,624,221,472,905,6.47146344952796,6.86258565737052,5.99948424679487,6.07285067873303,6.50836228813559,6.45221897237569,102
"105",2011,12,6.32142857142857,14,6.25,6.35,6.5,6.2,6.38888888888889,4,10,5,5,9,1391,757,634,226,477,914,6.46995339324227,6.85934874504624,6.00501288643533,6.08230088495575,6.50512997903564,6.45159537199125,103
"106",2012,1,7.0625,8,8,6.5,6.66666666666667,6.5,7.25,3,5,3,2,6,1399,760,639,229,479,920,6.47334179413867,6.86385131578947,6.00888602503912,6.08995633187773,6.50510855949896,6.45680235869565,104
"107",2012,2,5.65,10,6.83333333333333,5.14285714285714,5.33333333333333,5.33333333333333,5.78571428571429,3,7,3,3,7,1409,763,646,232,482,927,6.46749834634493,6.86373132372215,5.99950181114551,6.0801724137931,6.4978153526971,6.45173481121899,105
"108",2012,3,6.83333333333333,6,7,6,6,NA,6.83333333333333,5,1,1,0,6,1415,768,647,233,482,933,6.46904959010601,6.86461848958333,5.99950258114374,6.07982832618026,6.4978153526971,6.4541888210075,106
"109",2012,4,5.6875,8,6.83333333333333,5,5.5,6.5,5.57142857142857,3,5,2,1,7,1423,771,652,235,483,940,6.46465577652846,6.86449675745785,5.99183768404908,6.07489361702128,6.4978198757764,6.44761507446809,107
"110",2012,5,6.5,7,6.33333333333333,6.625,NA,NA,6.5,3,4,0,0,7,1430,774,656,235,483,947,6.46482879020979,6.86243798449613,5.99569842987805,6.07489361702128,6.4978198757764,6.44800229144667,108
"111",2012,6,6,9,7.2,4.5,4,NA,6,5,4,2,0,9,1439,779,660,237,483,956,6.46192159138291,6.86460462130937,5.98663359090909,6.05738396624473,6.4978198757764,6.44378469665272,109
"112",2012,7,5.58333333333333,9,7,5.17857142857143,6.375,3.5,6.17857142857143,2,7,2,2,7,1448,781,667,239,485,963,6.45646075276243,6.86495134443022,5.97815317841079,6.06004184100418,6.48545773195876,6.44185687435099,110
"113",2012,8,6.5,4,6,8,8,NA,6.5,3,1,1,0,4,1452,784,668,240,485,967,6.45658069559229,6.86164158163265,5.98117989520958,6.068125,6.48545773195876,6.44209738366081,111
"114",2012,9,6.15,10,7,5.9375,5.75,5.5,6.42857142857143,2,8,6,3,7,1462,786,676,246,488,974,6.4544837004104,6.86199363867685,5.98066297337278,6.06036585365854,6.47939959016393,6.44200017453799,112
"115",2012,10,6.91666666666667,6,7.125,6.5,NA,NA,6.91666666666667,4,2,0,0,6,1468,790,678,246,488,980,6.45637273160763,6.8633253164557,5.98219494100295,6.06036585365854,6.47939959016393,6.44490629591837,113
"116",2012,11,6.75,8,7.25,6.25,NA,NA,6.75,4,4,0,0,8,1476,794,682,246,488,988,6.45796420731708,6.86527329974811,5.98376564516129,6.06036585365854,6.47939959016393,6.4473766902834,114
"117",2012,12,6.625,8,6.85714285714286,5,NA,6.75,6.58333333333333,7,1,0,2,6,1484,801,683,246,490,994,6.45886466981132,6.86520224719101,5.98232528550512,6.06036585365854,6.48050408163265,6.44819735412475,115
"118",2013,1,6.46153846153846,13,6.7,6.3125,6.5,7.5,6.27272727272727,5,8,2,2,11,1497,806,691,248,492,1005,6.45888788911156,6.86417741935484,5.98614785817655,6.06391129032258,6.48464837398374,6.44627678606965,116
"119",2013,2,5.58333333333333,6,5.375,6,6,5.25,6.25,4,2,2,4,2,1503,810,693,250,496,1007,6.45539266134398,6.85682345679012,5.98618783549783,6.0634,6.47469153225807,6.4458869612711,117
"120",2013,3,6.2,11,7.04,5.5,5.33333333333333,6,6.22,5,6,3,1,10,1514,815,699,253,497,1017,6.4535371003963,6.8579472392638,5.98201454935622,6.05474308300395,6.47373641851107,6.44366585054081,118
"121",2013,4,6.16666666666667,9,6.625,5.8,6,6.33333333333333,6.08333333333333,4,5,4,3,6,1523,819,704,257,500,1023,6.45184187130663,6.85680952380952,5.98072183238636,6.05389105058366,6.472894,6.44155246334311,119
"122",2013,5,6,5,8.5,5.375,NA,6.5,5.66666666666667,1,4,0,2,3,1528,820,708,257,502,1026,6.45036333115184,6.85881341463415,5.97729967514124,6.05389105058366,6.47300199203187,6.43928671539961,120
"123",2013,6,6.91666666666667,6,6.91666666666667,NA,NA,6.5,7.125,6,0,0,2,4,1534,826,708,257,504,1030,6.45218720338983,6.85923365617434,5.97729967514124,6.05389105058366,6.47310912698413,6.44194967961165,121
"124",2013,7,7.125,8,7.33333333333333,6.5,7,8,7,6,2,1,1,7,1542,832,710,258,505,1037,6.45567780155642,6.86265264423077,5.97877207042253,6.05755813953488,6.47613267326733,6.44571665380907,122
"125",2013,8,6.75,8,6.83333333333333,6.5,6,6.66666666666667,6.8,6,2,1,3,5,1550,838,712,259,508,1042,6.45719688387097,6.86244272076372,5.98023619382022,6.05733590733591,6.47725787401575,6.44741666986564,123
"126",2013,9,6.69,10,6.69,NA,NA,7.4,6.61111111111111,10,0,0,1,9,1560,848,712,259,509,1051,6.45868921153846,6.86040919811321,5.98023619382022,6.05733590733591,6.47907072691552,6.4488184300666,124
"127",2013,10,6.1,5,7.25,5.33333333333333,6,5,6.375,2,3,1,1,4,1565,850,715,260,510,1055,6.45754323961662,6.86132588235294,5.97752191608391,6.05711538461538,6.47617058823529,6.44853854976303,125
"128",2013,11,5.75,6,6.66666666666667,4.83333333333333,NA,NA,5.75,3,3,0,0,6,1571,853,718,260,510,1061,6.45484097390197,6.86064126611958,5.97274118384401,6.05711538461538,6.47617058823529,6.44458828463714,126
"129",2013,12,6.16666666666667,6,6.66666666666667,5.66666666666667,6,6,6.2,3,3,1,1,5,1577,856,721,261,511,1066,6.45374455928979,6.85996144859813,5.97146764216366,6.05689655172414,6.47523874755382,6.44344106003752,127
"130",2014,1,6.125,8,6.71666666666667,4.35,4.35,4.35,6.71666666666667,6,2,2,2,6,1585,862,723,263,513,1072,6.4520852807571,6.85896403712297,5.96698225449516,6.04391634980989,6.46695321637427,6.44497030783582,128
"131",2014,2,5.875,4,6.16666666666667,5,5,5.83333333333333,6,3,1,1,3,1,1589,865,724,264,516,1073,6.45063258023915,6.85656300578035,5.96564664364641,6.03996212121212,6.46326937984496,6.44455561043802,129
"132",2014,3,6.2,5,7.5,5.33333333333333,5,8,5.75,2,3,2,1,4,1594,867,727,266,517,1077,6.44984640526976,6.85804728950404,5.96303737276479,6.03214285714286,6.4662417794971,6.44197601671309,130
"133",2014,4,6.5,6,7.16666666666667,5.83333333333333,6,7.25,6.125,3,3,1,2,4,1600,870,730,267,519,1081,6.45003448125,6.85911149425287,5.96250434246575,6.03202247191011,6.46926204238921,6.44080311748381,131
"134",2014,5,5.84181818181818,11,6.152,5.58333333333333,5,6.58333333333333,5.56375,5,6,4,3,8,1611,875,736,271,522,1089,6.44588154562384,6.85507085714286,5.95941327445652,6.01678966789668,6.46991762452107,6.43436011937557,132
"135",2014,6,4.5,2,6,3,NA,3,6,1,1,0,1,1,1613,876,737,271,523,1090,6.44346879727217,6.85409474885845,5.95539778833107,6.01678966789668,6.46328298279159,6.43396162385321,133
"136",2014,7,6.5625,8,6.66666666666667,6.5,5.75,6,6.64285714285714,3,5,2,1,7,1621,879,742,273,524,1097,6.44405624305984,6.8534550625711,5.95906761455525,6.01483516483516,6.46239885496183,6.43529459434822,134
"137",2014,8,5.70833333333333,6,5,5.85,6.08333333333333,6,5.65,1,5,3,1,5,1627,880,747,276,525,1102,6.44134306699447,6.85134886363636,5.95833757697456,6.01557971014493,6.4615180952381,6.43173155172414,135
"138",2014,9,6.1,3,7.8,5.25,5.25,7.8,5.25,1,2,2,1,2,1630,881,749,278,526,1104,6.44071482822086,6.85242565266742,5.95644615487316,6.01007194244604,6.46406273764259,6.42959073369565,136
"139",2014,10,5.9,7,6.25,5.76,6.4,6.4,5.7,2,5,2,2,5,1637,883,754,280,528,1109,6.43840266951741,6.85106115515289,5.95514346153846,6.01285714285714,6.46382007575758,6.42630132551849,137
"140",2014,11,6.05,10,8,5.21428571428571,5.75,6.375,5.83333333333333,3,7,2,4,6,1647,886,761,282,532,1115,6.43604442622951,6.85495146726862,5.94832873850197,6.01099290780142,6.4631522556391,6.42311046636771,138
"141",2014,12,7.25,3,8.5,6.625,6,6.625,8.5,1,2,1,2,1,1650,887,763,283,534,1116,6.43752434545455,6.85680608793687,5.9501024508519,6.01095406360424,6.46375842696629,6.42497147849462,139
"142",2015,1,6.5,3,NA,6.5,6,NA,6.5,0,3,1,0,3,1653,887,766,284,534,1119,6.43763773139746,6.85680608793687,5.95225609660574,6.01091549295775,6.46375842696629,6.42517262734584,140
"143",2015,2,5.6875,8,6.375,5,6,6.25,5.5,4,4,2,2,6,1661,891,770,286,536,1125,6.43402478627333,6.8546430976431,5.94730931168831,6.01083916083916,6.46296082089552,6.42023837333333,141
"144",2015,3,6.2,5,7.5,5.33333333333333,5,4,6.75,2,3,2,1,4,1666,893,773,288,537,1129,6.43332243097239,6.85608846584547,5.94492648124191,6.00381944444444,6.45837430167598,6.42140670504872,142
"145",2015,4,6.25,4,8,5.66666666666667,NA,6,6.33333333333333,1,3,0,1,3,1670,894,776,288,538,1132,6.43288333532934,6.85736800894855,5.94385073453608,6.00381944444444,6.45752230483271,6.421173295053,143
"146",2015,5,6.1675,4,6.5,5.835,NA,7,5.89,2,2,0,1,3,1674,896,778,288,539,1135,6.43224920549582,6.8565703125,5.9435709125964,6.00381944444444,6.45852875695733,6.41976931277533,144
"147",2015,6,7,6,7.5,6.75,7.5,8,6.8,2,4,2,1,5,1680,898,782,290,540,1140,6.43427688690476,6.85800334075724,5.94769586956522,6.01413793103448,6.46138333333333,6.42143699122807,145
"148",2015,7,5.58,10,6.86,4.3,4,6.8,5.44444444444444,5,5,1,1,9,1690,903,787,291,541,1149,6.42922199408284,6.85801439645626,5.93722766200762,6.00721649484536,6.46200924214418,6.413784308094,146
"149",2015,8,6.57692307692308,13,6.9,6.375,7,6.83333333333333,6.5,5,8,4,3,10,1703,908,795,295,544,1159,6.43034948326483,6.85824559471366,5.94163291823899,6.02067796610169,6.46405698529412,6.41452818809318,147
"150",2015,9,6.57142857142857,7,7.16666666666667,6.125,6.75,6,6.66666666666667,3,4,2,1,6,1710,911,799,297,545,1165,6.430927,6.85926125137212,5.94255090112641,6.02558922558923,6.46320550458716,6.41582675536481,148
"151",2015,10,6.33333333333333,12,7.83333333333333,5.83333333333333,5.66666666666667,3,6.63636363636364,3,9,3,1,11,1722,914,808,300,546,1176,6.43024690476191,6.86245842450766,5.94133436881188,6.022,6.45686263736264,6.41788960034014,149
"152",2015,11,6.2,10,7.5,5.64285714285714,6.25,4.5,6.625,3,7,4,2,8,1732,917,815,304,548,1184,6.42891753464203,6.86454416575791,5.9387707607362,6.025,6.44972080291971,6.41928899493243,150
"153",2015,12,5.875,8,6.16666666666667,5.7,5.16666666666667,5,6.4,3,5,3,3,5,1740,920,820,307,551,1189,6.42637078735632,6.86226847826087,5.93731484146341,6.01661237785016,6.4418275862069,6.41920788057191,151
"154",2016,1,5.95833333333333,12,6.58333333333333,5.33333333333333,6,6.125,5.875,6,6,4,4,8,1752,926,826,311,555,1197,6.42316505136986,6.86046112311015,5.93292756658596,6.01639871382637,6.43954414414415,6.41557073517126,152
"155",2016,2,7.4,5,7.66666666666667,7,7,7,7.5,3,2,1,1,4,1757,929,828,312,556,1201,6.42594488901537,6.86306458557589,5.93550503623188,6.01955128205128,6.44055215827338,6.41918248959201,153
"156",2016,3,6.80769230769231,13,7.125,6.3,6.16666666666667,6.5,6.86363636363636,8,5,3,2,11,1770,937,833,315,558,1212,6.42874868361582,6.86530096051227,5.93769288115246,6.02095238095238,6.44076523297491,6.42321631188119,154
"157",2016,4,6.5,9,6.92857142857143,5,NA,7,6.4375,7,2,0,1,8,1779,944,835,315,559,1220,6.42910914558741,6.86577012711864,5.93544691017964,6.02095238095238,6.4417656529517,6.42330997540984,155
"158",2016,5,7.66666666666667,9,7.6875,7.5,NA,6.75,7.92857142857143,8,1,0,2,7,1788,952,836,315,561,1227,6.43533846196868,6.87267542016807,5.93731838516746,6.02095238095238,6.44286452762924,6.43189744906276,156
"159",2016,6,5.675,10,7.08333333333333,5.07142857142857,5.375,6.0625,5.41666666666667,3,7,4,4,6,1798,955,843,319,565,1233,6.43110966073415,6.87333717277487,5.93012831553974,6.0128526645768,6.44017168141593,6.42695715328467,157
"160",2016,7,6.59166666666667,12,6.53333333333333,6.65,NA,7.5,6.28888888888889,6,6,0,3,9,1810,961,849,319,568,1242,6.43217412707182,6.87121436004162,5.93521574793875,6.0128526645768,6.44576936619718,6.42595665861514,158
"161",2016,8,6.23076923076923,13,6.33333333333333,6,6,6,6.3,9,4,3,3,10,1823,970,853,322,571,1252,6.43073788809655,6.86622371134021,5.93551954279015,6.01273291925466,6.44342732049037,6.42495061501597,159
"162",2016,9,6.71428571428571,7,6.83333333333333,6,6,7.5,6.4,6,1,1,2,5,1830,976,854,323,573,1257,6.43182249726776,6.86602151639344,5.93559504683841,6.01269349845201,6.44711518324607,6.42485136833731,160
"163",2016,10,7.5,4,7.66666666666667,7,8,7.5,7.5,3,1,1,2,2,1834,979,855,324,575,1259,6.43415221919302,6.86847497446374,5.93683996491228,6.01882716049383,6.45077739130435,6.42655930897538,161
"164",2016,11,6.51,10,7.12,5.9,4.66666666666667,6,6.56666666666667,5,5,3,1,9,1844,984,860,327,576,1268,6.43456354121475,6.86975304878049,5.93662577906977,6.00642201834862,6.44999479166667,6.42755376182965,162
"165",2016,12,6.27272727272727,11,6.9,5.75,6.1,5.5,6.5625,5,6,5,3,8,1855,989,866,332,579,1276,6.43360386522911,6.86990596562184,5.93533275981524,6.00783132530121,6.4450725388601,6.42839981974922,163
"166",2017,1,6.13125,16,6.98571428571429,5.46666666666667,4.75,6.48333333333333,5.92,7,9,4,6,10,1871,996,875,336,585,1286,6.43101826296098,6.87071987951807,5.93051219428571,5.99285714285714,6.44546495726496,6.42444647744946,164
"167",2017,2,6.83333333333333,6,8.5,5.16666666666667,6.5,7.83333333333333,5.83333333333333,3,3,1,3,3,1877,999,878,337,588,1289,6.43230429941396,6.87561261261261,5.92790224373576,5.99436201780415,6.45254591836735,6.42307072924748,165
"168",2017,3,6.88,7,6.932,6.75,6.75,6.75,6.932,5,2,2,2,5,1884,1004,880,339,590,1294,6.43396771231423,6.87589342629482,5.92977064772727,5.99882005899705,6.45355423728814,6.42503722565688,166
"169",2017,4,6.21818181818182,11,6.85714285714286,5.1,NA,NA,6.21818181818182,7,4,0,0,11,1895,1011,884,339,590,1305,6.4327151292876,6.87576360039565,5.92601602941176,5.99882005899705,6.45355423728814,6.42329361685824,167
"170",2017,5,6.55,12,6.575,6.5,6.33333333333333,6.875,6.3875,8,4,3,4,8,1907,1019,888,342,594,1313,6.43345315679077,6.87340235525025,5.92860154279279,6.00175438596491,6.45639225589226,6.42307552932216,168
"171",2017,6,5.92857142857143,7,7.16666666666667,5,6,6.75,5.6,3,4,2,2,5,1914,1022,892,344,596,1318,6.43160667189133,6.87426320939335,5.9244374103139,6.00174418604651,6.45737751677853,6.41995308801214,169
"172",2017,7,7.125,12,7.25,6.875,7,7.5,7.05,8,4,1,2,10,1926,1030,896,345,598,1328,6.4359268795431,6.87718155339806,5.92868099330357,6.00463768115942,6.46086454849499,6.42469741716868,170
"173",2017,8,6.4875,8,6.8,5.96666666666667,NA,NA,6.4875,5,3,0,0,8,1934,1035,899,345,598,1336,6.43614021199586,6.87680869565218,5.92880775305895,6.00463768115942,6.46086454849499,6.42507348053892,171
"174",2017,9,6.33333333333333,9,6.375,6.3,6.5,6.25,6.35714285714286,4,5,3,2,7,1943,1039,904,348,600,1343,6.43566400926403,6.87487680461983,5.93086080752212,6.00890804597701,6.46016166666667,6.42471941176471,172
"175",2017,10,6.69166666666667,6,7.5375,5,5,8.075,6,4,2,2,2,4,1949,1043,906,350,602,1347,6.43645211390457,6.87741802492809,5.92880592715232,6.00314285714286,6.46552657807309,6.42345818114328,173
"176",2017,11,5.88571428571429,14,6.5,5.425,5.625,6,5.87692307692308,6,8,4,1,13,1963,1049,914,354,603,1360,6.43252428425879,6.87525929456625,5.92439624726477,5.99887005649718,6.46475456053068,6.41823394852941,174
"177",2017,12,6.45,4,7,6.26666666666667,6.4,7,6.26666666666667,1,3,2,1,3,1967,1050,917,356,604,1363,6.43255982206406,6.8753780952381,5.92551599781897,6.00112359550562,6.46564072847682,6.41790034482759,175
"178",2018,1,6.0625,8,7.16666666666667,5.4,5.33333333333333,NA,6.0625,3,5,3,0,8,1975,1053,922,359,604,1371,6.43106084556962,6.87620797720798,5.92266612798264,5.99554317548747,6.46564072847682,6.41582652808169,176
"179",2018,2,5.9375,8,6.75,3.5,3.5,6.75,5.66666666666667,6,2,2,2,6,1983,1059,924,361,606,1377,6.42906967725668,6.87549291784703,5.91742226190476,5.98171745152355,6.46657920792079,6.41256221496006,177
"180",2018,3,6.29166666666667,12,6.91666666666667,5.66666666666667,5.5,5,6.72222222222222,6,6,4,3,9,1995,1065,930,365,609,1386,6.42824319298246,6.87572488262911,5.91580448387097,5.97643835616438,6.45935467980296,6.41457299422799,178
"181",2018,4,6.46923076923077,13,6.64285714285714,6.26666666666667,5.66666666666667,5.75,6.6,7,6,3,2,11,2008,1072,936,368,611,1397,6.42850855079681,6.87420429104478,5.91805360042735,5.97391304347826,6.45703273322422,6.41603304939155,179
"182",2018,5,5.72727272727273,11,6.07142857142857,5.125,5.83333333333333,4,6.375,7,4,3,3,8,2019,1079,940,371,614,1405,6.42468804853888,6.86899629286376,5.91467890425532,5.97277628032345,6.44502768729642,6.41579940925267,180
"183",2018,6,6.245,6,6.8675,5,NA,6.47,6.2,4,2,0,1,5,2025,1083,942,371,615,1410,6.42415563950617,6.86899076638966,5.91273691082802,5.97277628032345,6.44506829268293,6.41503416312057,181
"184",2018,7,6.42857142857143,7,6,6.75,6.75,6,6.5,3,4,4,1,6,2032,1086,946,375,616,1416,6.42417085137795,6.86659023941068,5.91627713530655,5.98106666666667,6.44434577922078,6.41539418785311,182
"185",2018,8,6.66666666666667,9,7.8,5.25,4.5,5,7.14285714285714,5,4,2,2,7,2041,1091,950,377,618,1423,6.42524016168545,6.87086801099908,5.91347175789473,5.97320954907162,6.4396715210356,6.41897271257906,183
"186",2018,9,5.44166666666667,6,5.4,5.65,5.65,NA,5.44166666666667,5,1,1,0,6,2047,1096,951,378,618,1429,6.42235719101124,6.86415784671533,5.9131947108307,5.9723544973545,6.4396715210356,6.41486925822253,184
"187",2018,10,6.375,8,7,4.5,NA,NA,6.375,6,2,0,0,8,2055,1102,953,378,618,1437,6.42217283211679,6.86489745916516,5.9102289296957,5.9723544973545,6.4396715210356,6.41464729993041,185
"188",2018,11,6.42916625,8,6.886666,5.66666666666667,5.66666666666667,5,6.63333285714286,5,3,3,1,7,2063,1107,956,381,619,1444,6.4221999515269,6.86499578139115,5.90946461297071,5.96994750656168,6.43734571890145,6.4157074099723,186
"189",2018,12,6.13952357142857,14,6.68166625,5.41666666666667,6,6.625,5.945333,8,6,3,4,10,2077,1115,962,384,623,1454,6.42029457390467,6.86368041255606,5.90639102910603,5.97018229166667,6.43855056179775,6.41247237276479,187
"190",2019,1,6.66666666666667,9,7,4,NA,7,6.625,8,1,0,1,8,2086,1123,963,384,624,1462,6.42135754074784,6.86465152270704,5.90441139148494,5.97018229166667,6.43945032051282,6.41363531463748,188
"191",2019,2,5.75,3,8,4.625,5,5,6.125,1,2,1,1,2,2089,1124,965,385,625,1464,6.42039340832934,6.86566161921708,5.90175976165803,5.96766233766234,6.4371472,6.41324100409836,189
"192",2019,3,6.18181818181818,11,6.71428571428571,5.25,4,6,6.25,7,4,1,3,8,2100,1131,969,386,628,1472,6.41914372857143,6.86472472148541,5.89906931888545,5.96256476683938,6.43505891719745,6.41235382472826,190
"193",2019,4,6,4,7,5,5,5.33333333333333,8,2,2,1,3,1,2104,1133,971,387,631,1473,6.41834687737643,6.86496351279788,5.89721747682801,5.96007751937985,6.42982091917591,6.41343165648337,191
"194",2019,5,4.8,5,7,4.25,3.66666666666667,5,4.75,1,4,3,1,4,2109,1134,975,390,632,1477,6.41451011379801,6.8650825925926,5.89045966153846,5.9424358974359,6.4275585443038,6.40892676371022,192
"195",2019,6,6.64117647058824,17,7.0625,6.26666666666667,6.125,6.63333333333333,6.64285714285714,8,9,4,3,14,2126,1142,984,394,635,1491,6.41632259172154,6.86646555166375,5.89390057926829,5.94428934010152,6.42853070866142,6.41112329309188,193
"196",2019,7,6.93266666666667,15,7.01285714285714,6.8625,6.6,5.795,7.10769230769231,7,8,4,2,13,2141,1149,992,398,637,1504,6.41994013545072,6.86735740644038,5.90171186491935,5.95087939698493,6.42654160125589,6.41714416888298,194
"197",2019,8,6.175,10,6.15,6.2,6,6,6.21875,5,5,1,2,8,2151,1154,997,399,639,1512,6.41880140864714,6.86424927209706,5.90320779338014,5.95100250626566,6.42520657276995,6.41609446428571,195
"198",2019,9,6.575,8,7.03333333333333,6.3,7.1,6.28,7.06666666666667,3,5,2,5,3,2159,1157,1002,401,644,1515,6.41938018990273,6.86468769230769,5.90518779441117,5.95673316708229,6.42407919254658,6.41738272607261,196
"199",2019,10,6.83,10,7.6,6.06,5.66666666666667,7.66666666666667,6.47142857142857,5,5,3,3,7,2169,1162,1007,404,647,1522,6.42127331950207,6.86785168674699,5.90595647467726,5.95457920792079,6.42984080370943,6.41763129434954,197
"200",2019,11,6.74545454545455,11,8.05,6,5.875,NA,6.74545454545455,4,7,4,0,11,2180,1166,1014,408,647,1533,6.42290909633027,6.87190708404803,5.9066056903353,5.95379901960784,6.42984080370943,6.41998358121331,198
"201",2019,12,5.84615384615385,13,6.22857142857143,5.4,6.6,6.55,5.71818181818182,7,6,3,2,11,2193,1173,1020,411,649,1544,6.41949011855905,6.86806791133845,5.90362565686274,5.95851581508516,6.43021109399076,6.41498369818653,199
"202",2020,1,6.40555583333333,12,6.59629666666667,5.83333333333333,6.25,NA,6.40555583333333,9,3,2,0,12,2205,1182,1023,413,649,1556,6.41941428571428,6.86599858714044,5.90341952101662,5.95992736077482,6.43021109399076,6.41491098971722,200
"203",2020,2,5.91111111111111,9,6.3,5.6,5.6,5.33333333333333,6.2,4,5,5,3,6,2214,1186,1028,418,652,1562,6.41734801264679,6.86408965430017,5.90194374513618,5.95562200956938,6.42516411042945,6.41408546734955,201
"204",2020,3,6.66666666666667,9,6.71428571428571,6.5,NA,6.33333333333333,6.83333333333333,7,2,0,3,6,2223,1193,1030,418,655,1568,6.41835739991003,6.86321067057838,5.90310501941747,5.95562200956938,6.42474351145038,6.41568973214286,202
"205",2020,4,6.75,10,7.14285714285714,5.83333333333333,6.25,7,6.64285714285714,7,3,2,3,7,2233,1200,1033,420,658,1575,6.41984258844604,6.86484194166667,5.9029023910939,5.95702380952381,6.42736626139818,6.41669936507936,203
"206",2020,5,6.22,10,6.66666666666667,5.55,5.4,6.66666666666667,6.02857142857143,6,4,3,3,7,2243,1206,1037,423,661,1582,6.41895162728489,6.86385599502488,5.90154114754098,5.95307328605201,6.42845234493192,6.41498198482933,204
"207",2020,6,6.07142857142857,7,6.5,5,5,5.5,6.16666666666667,5,2,1,1,6,2250,1211,1039,424,662,1588,6.41787044444444,6.86235369942197,5.89980574590953,5.95082547169811,6.4270498489426,6.41404376574307,205
"208",2020,7,5.82857142857143,7,6.9,5.4,5.75,NA,5.82857142857143,2,5,4,0,7,2257,1213,1044,428,662,1595,6.41604275587062,6.86241577081616,5.89741204022988,5.94894859813084,6.4270498489426,6.41147429467085,206
"209",2020,8,6.2,5,6.5,6,6,5.66666666666667,7,2,3,2,3,2,2262,1215,1047,430,665,1597,6.41556520778072,6.86181920164609,5.89770598853868,5.94918604651163,6.42361954887218,6.41221133375078,207
"210",2020,9,6.5,8,7.5,5.5,5.75,7.25,6.25,4,4,2,2,6,2270,1219,1051,432,667,1603,6.4158627753304,6.86391331419196,5.89619235965747,5.94826388888889,6.42609745127436,6.41160417966313,208
"211",2020,10,6.5,12,7.25,6.125,4.75,4.33333333333333,7.22222222222222,4,8,4,3,9,2282,1223,1059,436,670,1612,6.41630521472393,6.86517606704824,5.89792084041548,5.93727064220183,6.41672686567164,6.41612996277916,209
"212",2020,11,6.00833333333333,12,6.32,5.78571428571429,5.7,6,6.01111111111111,5,7,5,3,9,2294,1228,1066,441,673,1621,6.41417109851787,6.86295629478828,5.89718402439024,5.93458049886621,6.41486924219911,6.41388124614436,210
"213",2020,12,6.43846153846154,13,7.1,5.66666666666667,5.5,7,6.18888888888889,7,6,4,4,9,2307,1235,1072,445,677,1630,6.41430797572605,6.86429986234818,5.8958938152985,5.93067415730337,6.41832644017725,6.41263895705521,211
"214",2021,1,6.75434782608696,23,7.07142857142857,6.26111111111111,6.39166666666667,6.58333333333333,6.81470588235294,14,9,6,6,17,2330,1249,1081,451,683,1647,6.41766459227468,6.866621561249,5.8989344773358,5.93680709534368,6.41977598828697,6.4167890103218,212
"215",2021,2,6.5,9,7.08333333333333,5.33333333333333,5.33333333333333,6.5,6.5,6,3,3,1,8,2339,1255,1084,454,684,1655,6.41798140230868,6.86765763346614,5.8973691605166,5.93281938325991,6.4198932748538,6.4171912386707,213
"216",2021,3,6.61111111111111,9,6.87142857142857,5.7,6.4,5.86666666666667,6.98333333333333,7,2,1,3,6,2348,1262,1086,455,687,1661,6.41872167802385,6.86767854992076,5.89700568139963,5.93384615384615,6.41747743813683,6.41923630343167,214
"217",2021,4,5.91666666666667,6,6.1,5,5,6.5,5.625,5,1,1,2,4,2354,1267,1087,456,689,1665,6.41744201359388,6.8646490370955,5.89618046918123,5.93179824561404,6.41771698113208,6.41732822822823,215
"218",2021,5,5.875,8,5.875,NA,NA,NA,5.875,8,0,0,0,8,2362,1275,1087,456,689,1673,6.41560478408129,6.85843947450981,5.89618046918123,5.93179824561404,6.41771698113208,6.41473490735206,216
"219",2021,6,5.75,14,6.64285714285714,4.85714285714286,4.75,5.125,6,7,7,2,4,10,2376,1282,1094,458,693,1683,6.41168287037037,6.85726234789392,5.88953214808044,5.92663755458515,6.41025541125541,6.412270647653,217
"220",2021,7,5.8125,4,8,5.08333333333333,6.5,NA,5.8125,1,3,1,0,4,2380,1283,1097,459,693,1687,6.41067584033614,6.85815302416212,5.88732741112124,5.92788671023965,6.41025541125541,6.41084854771784,218
"221",2021,8,5.85714285714286,7,5.4,7,NA,NA,5.85714285714286,5,2,0,0,7,2387,1288,1099,459,693,1694,6.4090525764558,6.85249249223603,5.88935229299363,5.92788671023965,6.41025541125541,6.40856050767414,219
"222",2021,9,5.42857142857143,7,7,4.8,5,2,6,2,5,2,1,6,2394,1290,1104,461,694,1700,6.40618567251462,6.85272118604651,5.88441863224637,5.92386117136659,6.40390057636888,6.40711852941176,220
"223",2021,10,7,4,7,NA,NA,6,7.33333333333333,4,0,0,1,3,2398,1294,1104,461,695,1703,6.40717618849041,6.85317645285935,5.88441863224637,5.92386117136659,6.40331942446043,6.40875014679977,221
"224",2021,11,6.86666666666667,9,7.4,5,4,4,7.225,7,2,1,1,8,2407,1301,1106,462,696,1711,6.40889426672206,6.85611862413528,5.88281932188065,5.91969696969697,6.39986637931035,6.4125666277031,222
"225",2021,12,6.27777777777778,9,6.08333333333333,6.66666666666667,NA,5,6.4375,6,3,0,1,8,2416,1307,1109,462,697,1719,6.40840583609271,6.85257102524866,5.88493973850315,5.91969696969697,6.39785796269727,6.41268266433973,223
"226",2022,1,5.99486666666667,15,6.26,4.93433333333333,5,6.1,5.9423,12,3,1,5,10,2431,1319,1112,463,702,1729,6.40585417523653,6.84717993176649,5.8823751528777,5.91771058315335,6.39573646723647,6.40996211683054,224
"227",2022,2,6.35283333333333,6,6.5,6.0585,6.0585,5.5,6.77925,4,2,2,2,4,2437,1323,1114,465,704,1733,6.40572363561756,6.84613025699169,5.88269135547576,5.91831612903226,6.39319176136364,6.41081448355453,225
"228",2022,3,5.86625,8,6.125,5.6075,6,6.465,5.66666666666667,4,4,1,2,6,2445,1327,1118,466,706,1739,6.40395848670757,6.84395654107009,5.88170677101968,5.91849141630901,6.39339518413598,6.40824698102358,226
"229",2022,4,6.46,5,6.46,NA,NA,6,6.575,5,0,0,1,4,2450,1332,1118,466,707,1743,6.40407285714286,6.84251526276277,5.88170677101968,5.91849141630901,6.3928387553041,6.40862966150316,227
"230",2022,5,6.05555555555556,9,6.42857142857143,4.75,4,NA,6.05555555555556,7,2,1,0,9,2459,1339,1120,467,707,1752,6.40279727531517,6.84035125466767,5.87968586607143,5.91438329764454,6.3928387553041,6.40681592465753,228
"231",2022,6,5.43833333333333,6,6.5,4.37666666666667,5.5,6,5.326,3,3,2,1,5,2465,1342,1123,469,708,1757,6.40044969574036,6.83959040983607,5.87567067675868,5.91261620469083,6.39228389830509,6.40374018212863,229
"232",2022,7,6.5,5,6.83333333333333,6,6,NA,6.5,3,2,2,0,5,2470,1345,1125,471,708,1762,6.4006512145749,6.8395764535316,5.87589170666666,5.9129872611465,6.39228389830509,6.40401333711691,230
"233",2022,8,6.20833333333333,12,7.06666666666667,5.35,5.35,6.725,5.95,6,6,6,4,8,2482,1351,1131,477,712,1770,6.39972139403706,6.84058499629904,5.87310183023873,5.90590566037736,6.39415308988764,6.40196129943503,231
"234",2022,9,6,3,6.5,5,NA,NA,6,2,1,0,0,3,2485,1353,1132,477,712,1773,6.39923883299799,6.84008154471545,5.87233053886926,5.90590566037736,6.39415308988764,6.40128116187253,232
"235",2022,10,6.24285714285714,7,6.28333333333333,6,NA,NA,6.24285714285714,6,1,0,0,7,2492,1359,1133,477,712,1780,6.39879955858748,6.83762349521707,5.87244322153574,5.90590566037736,6.39415308988764,6.40065814606742,233
"236",2022,11,6.7625,8,7.01666666666667,6,NA,NA,6.7625,6,2,0,0,8,2500,1365,1135,477,712,1788,6.3999634,6.8384104981685,5.87266799118943,5.90590566037736,6.39415308988764,6.40227712527964,234
"237",2022,12,5.91666666666667,6,6.5,5.33333333333333,5.33333333333333,6.25,5.75,3,3,3,2,4,2506,1368,1138,480,714,1792,6.39880626496408,6.83766836988304,5.87124619507908,5.90232708333333,6.39374929971989,6.40082114955357,235
