"","year","month","avg_rating","no_ratings","avg_rating_owned","avg_rating_not_owned","avg_rating_prev_owned","avg_rating_comment","avg_rating_no_comment","no_ratings_owned","no_ratings_not_owned","no_ratings_prev_owned","no_ratings_comment","no_ratings_no_comment","cum_no_ratings","cum_no_ratings_owned","cum_no_ratings_not_owned","cum_no_ratings_prev_owned","cum_no_ratings_comment","cum_no_ratings_no_comment","cum_avg_rating","cum_avg_rating_owned","cum_avg_rating_not_owned","cum_avg_rating_prev_owned","cum_avg_rating_comment","cum_avg_rating_no_comment","month_after_release"
"1",2001,6,8,2,8,8,NA,NA,8,1,1,0,0,2,2,1,1,0,0,2,8,8,8,NA,NA,8,1
"2",2001,7,5.66666666666667,3,5.66666666666667,NA,NA,NA,5.66666666666667,3,0,0,0,3,5,4,1,0,0,5,6.6,6.25,8,NA,NA,6.6,2
"3",2001,8,6.85714285714286,7,7.66666666666667,6.25,NA,NA,6.85714285714286,3,4,0,0,7,12,7,5,0,0,12,6.75,6.85714285714286,6.6,NA,NA,6.75,3
"4",2001,9,8,5,8,NA,NA,8,8,5,0,0,2,3,17,12,5,0,2,15,7.11764705882353,7.33333333333333,6.6,NA,8,7,4
"5",2001,10,7.75,4,7.5,8,NA,7.66666666666667,8,2,2,0,3,1,21,14,7,0,5,16,7.23809523809524,7.35714285714286,7,NA,7.8,7.0625,5
"6",2001,11,7.25,4,7.66666666666667,6,NA,NA,7.25,3,1,0,0,4,25,17,8,0,5,20,7.24,7.41176470588235,6.875,NA,7.8,7.1,6
"7",2001,12,8,1,NA,8,NA,NA,8,0,1,0,0,1,26,17,9,0,5,21,7.26923076923077,7.41176470588235,7,NA,7.8,7.14285714285714,7
"8",2002,1,7.8,5,7.33333333333333,8.5,8.5,8,7.75,3,2,2,1,4,31,20,11,2,6,25,7.35483870967742,7.4,7.27272727272727,8.5,7.83333333333333,7.24,8
"9",2002,2,7.75,2,8,7.5,7.5,NA,7.75,1,1,1,0,2,33,21,12,3,6,27,7.37878787878788,7.42857142857143,7.29166666666667,8.16666666666667,7.83333333333333,7.27777777777778,9
"10",2002,3,7.5,2,10,5,NA,NA,7.5,1,1,0,0,2,35,22,13,3,6,29,7.38571428571429,7.54545454545455,7.11538461538461,8.16666666666667,7.83333333333333,7.29310344827586,10
"11",2002,4,6,2,6,6,NA,6,6,1,1,0,1,1,37,23,14,3,7,30,7.31081081081081,7.47826086956522,7.03571428571429,8.16666666666667,7.57142857142857,7.25,11
"12",2002,5,3,1,NA,3,NA,NA,3,0,1,0,0,1,38,23,15,3,7,31,7.19736842105263,7.47826086956522,6.76666666666667,8.16666666666667,7.57142857142857,7.11290322580645,12
"13",2002,6,7.33333333333333,3,7.33333333333333,NA,NA,7,7.5,3,0,0,1,2,41,26,15,3,8,33,7.20731707317073,7.46153846153846,6.76666666666667,8.16666666666667,7.5,7.13636363636364,13
"14",2002,7,7.88888888888889,9,7.85714285714286,8,NA,8.5,7.71428571428571,7,2,0,2,7,50,33,17,3,10,40,7.33,7.54545454545455,6.91176470588235,8.16666666666667,7.7,7.2375,14
"15",2002,8,6.66666666666667,3,7,6.5,NA,7,6.5,1,2,0,1,2,53,34,19,3,11,42,7.29245283018868,7.52941176470588,6.86842105263158,8.16666666666667,7.63636363636364,7.20238095238095,15
"16",2002,9,7.85714285714286,7,7.83333333333333,8,8,8,7.83333333333333,6,1,1,1,6,60,40,20,4,12,48,7.35833333333333,7.575,6.925,8.125,7.66666666666667,7.28125,16
"17",2002,10,6,4,7,5.66666666666667,6,4,6.66666666666667,1,3,1,1,3,64,41,23,5,13,51,7.2734375,7.5609756097561,6.76086956521739,7.7,7.38461538461539,7.24509803921569,17
"18",2002,11,8,5,8,NA,NA,8,8,5,0,0,3,2,69,46,23,5,16,53,7.32608695652174,7.60869565217391,6.76086956521739,7.7,7.5,7.27358490566038,18
"19",2002,12,8,7,8.4,7,7,9,7.6,5,2,1,2,5,76,51,25,6,18,58,7.38815789473684,7.68627450980392,6.78,7.58333333333333,7.66666666666667,7.30172413793103,19
"20",2003,1,7.55555555555556,9,7.66666666666667,7.33333333333333,6,7.33333333333333,7.66666666666667,6,3,1,3,6,85,57,28,7,21,64,7.40588235294118,7.68421052631579,6.83928571428571,7.35714285714286,7.61904761904762,7.3359375,20
"21",2003,2,8,2,8,NA,NA,8,8,2,0,0,1,1,87,59,28,7,22,65,7.41954022988506,7.69491525423729,6.83928571428571,7.35714285714286,7.63636363636364,7.34615384615385,21
"22",2003,3,6.7,5,7,6.5,NA,6.5,6.83333333333333,2,3,0,2,3,92,61,31,7,24,68,7.3804347826087,7.67213114754098,6.80645161290323,7.35714285714286,7.54166666666667,7.32352941176471,22
"23",2003,4,7.3,5,7.83333333333333,6.5,NA,8.5,7,3,2,0,1,4,97,64,33,7,25,72,7.37628865979381,7.6796875,6.78787878787879,7.35714285714286,7.58,7.30555555555556,23
"24",2003,5,7.41666666666667,12,7.6,6.5,NA,7.8,7.14285714285714,10,2,0,5,7,109,74,35,7,30,79,7.38073394495413,7.66891891891892,6.77142857142857,7.35714285714286,7.61666666666667,7.29113924050633,24
"25",2003,6,7.1,5,8.83333333333333,4.5,NA,7.1,NA,3,2,0,5,0,114,77,37,7,35,79,7.36842105263158,7.71428571428571,6.64864864864865,7.35714285714286,7.54285714285714,7.29113924050633,25
"26",2003,7,7.34285714285714,35,7.77272727272727,6.61538461538461,NA,6.61111111111111,7.59615384615385,22,13,0,9,26,149,99,50,7,44,105,7.36241610738255,7.72727272727273,6.64,7.35714285714286,7.35227272727273,7.36666666666667,26
"27",2003,8,7.1,8,6.5,7.46,NA,7.15,7.08333333333333,3,5,0,2,6,157,102,55,7,46,111,7.34904458598726,7.69117647058824,6.71454545454545,7.35714285714286,7.34347826086957,7.35135135135135,27
"28",2003,9,6.65,10,7.125,6.33333333333333,NA,6.33333333333333,6.78571428571429,4,6,0,3,7,167,106,61,7,49,118,7.30718562874251,7.66981132075472,6.67704918032787,7.35714285714286,7.28163265306122,7.31779661016949,28
"29",2003,10,7.78888888888889,9,7.87142857142857,7.5,NA,8.15,7.5,7,2,0,4,5,176,113,63,7,53,123,7.33181818181818,7.68230088495575,6.7031746031746,7.35714285714286,7.34716981132076,7.32520325203252,29
"30",2003,11,9,2,9,NA,NA,10,8,2,0,0,1,1,178,115,63,7,54,124,7.35056179775281,7.70521739130435,6.7031746031746,7.35714285714286,7.3962962962963,7.33064516129032,30
"31",2003,12,7.55,10,7.6,7.5,9,8,7.4375,5,5,1,2,8,188,120,68,8,56,132,7.36117021276596,7.70083333333333,6.76176470588235,7.5625,7.41785714285714,7.33712121212121,31
"32",2004,1,6.57142857142857,7,8,5.5,NA,6,6.66666666666667,3,4,0,1,6,195,123,72,8,57,138,7.33282051282051,7.70813008130081,6.69166666666667,7.5625,7.39298245614035,7.30797101449275,32
"33",2004,2,7.125,8,7.66666666666667,5.5,NA,5,7.83333333333333,6,2,0,2,6,203,129,74,8,59,144,7.32463054187192,7.7062015503876,6.65945945945946,7.5625,7.31186440677966,7.32986111111111,33
"34",2004,3,7.44736842105263,19,7.57692307692308,7.16666666666667,7.66666666666667,7,7.53125,13,6,3,3,16,222,142,80,11,62,160,7.33513513513513,7.6943661971831,6.6975,7.59090909090909,7.29677419354839,7.35,34
"35",2004,4,7.30769230769231,13,7.7,6,NA,7,7.57142857142857,10,3,0,6,7,235,152,83,11,68,167,7.33361702127659,7.69473684210526,6.67228915662651,7.59090909090909,7.27058823529412,7.35928143712575,35
"36",2004,5,7.35,10,7.78571428571429,6.33333333333333,NA,6.625,7.83333333333333,7,3,0,4,6,245,159,86,11,72,173,7.33428571428571,7.69874213836478,6.66046511627907,7.59090909090909,7.23472222222222,7.3757225433526,36
"37",2004,6,7.7,10,7.28571428571429,8.66666666666667,NA,8.25,7.33333333333333,7,3,0,4,6,255,166,89,11,76,179,7.34862745098039,7.68132530120482,6.72808988764045,7.59090909090909,7.28815789473684,7.37430167597765,37
"38",2004,7,7,6,6.8,8,NA,7.33333333333333,6.66666666666667,5,1,0,3,3,261,171,90,11,79,182,7.34061302681992,7.65555555555556,6.74222222222222,7.59090909090909,7.28987341772152,7.36263736263736,38
"39",2004,8,7.33333333333333,12,7.33333333333333,7.33333333333333,NA,7.5,7.3,9,3,0,2,10,273,180,93,11,81,192,7.34029304029304,7.63944444444444,6.76129032258064,7.59090909090909,7.29506172839506,7.359375,39
"40",2004,9,6.77777777777778,9,7.375,6.3,6.5,6.3,7.375,4,5,3,5,4,282,184,98,14,86,196,7.32234042553191,7.63369565217391,6.73775510204082,7.35714285714286,7.23720930232558,7.35969387755102,40
"41",2004,10,7.73846153846154,13,7.65,8.03333333333333,8,7.82,7.6875,10,3,1,5,8,295,194,101,15,91,204,7.34067796610169,7.63453608247423,6.77623762376238,7.4,7.26923076923077,7.37254901960784,41
"42",2004,11,7.44444444444444,18,7.73076923076923,6.7,7,6.33333333333333,7.66666666666667,13,5,2,3,15,313,207,106,17,94,219,7.34664536741214,7.64057971014493,6.77264150943396,7.35294117647059,7.23936170212766,7.39269406392694,42
"43",2004,12,7.3,6,7.2,7.5,NA,7.2,7.5,4,2,0,4,2,319,211,108,17,98,221,7.34576802507837,7.63222748815166,6.78611111111111,7.35294117647059,7.23775510204082,7.39366515837104,43
"44",2005,1,7.01176470588235,17,8.16666666666667,6.38181818181818,7,7.66666666666667,6.65454545454545,6,11,1,6,11,336,217,119,18,104,232,7.32886904761905,7.64700460829493,6.74873949579832,7.33333333333333,7.2625,7.35862068965517,44
"45",2005,2,7.75961538461539,26,8.14285714285714,7.3125,7.875,8.1875,7.39285714285714,14,12,4,12,14,362,231,131,22,116,246,7.35980662983425,7.67705627705628,6.80038167938931,7.43181818181818,7.35818965517241,7.36056910569106,45
"46",2005,3,7.66666666666667,18,8.36363636363636,6.57142857142857,9,7.2,7.84615384615385,11,7,1,5,13,380,242,138,23,121,259,7.37434210526316,7.70826446280992,6.78876811594203,7.5,7.35165289256198,7.38494208494209,46
"47",2005,4,7.25,24,7.91666666666667,6.58333333333333,7,7,7.46153846153846,12,12,1,11,13,404,254,150,24,132,272,7.36695544554455,7.71811023622047,6.77233333333333,7.47916666666667,7.32234848484849,7.38860294117647,47
"48",2005,5,7.62727272727273,22,8.14285714285714,6.725,NA,7.61818181818182,7.63636363636364,14,8,0,11,11,426,268,158,24,143,283,7.38039906103286,7.74029850746269,6.76993670886076,7.47916666666667,7.3451048951049,7.3982332155477,48
"49",2005,6,6.58333333333333,12,7.0625,5.625,NA,6.25,6.75,8,4,0,4,8,438,276,162,24,147,291,7.35856164383562,7.72065217391304,6.74166666666667,7.47916666666667,7.31530612244898,7.38041237113402,49
"50",2005,7,6.34666666666667,15,6.33333333333333,6.36666666666667,7,6.17142857142857,6.5,9,6,2,7,8,453,285,168,26,154,299,7.32505518763797,7.67684210526316,6.72827380952381,7.44230769230769,7.26331168831169,7.35685618729097,50
"51",2005,8,7.34838709677419,31,7.95882352941176,6.60714285714286,6.25,7.23076923076923,7.43333333333333,17,14,2,13,18,484,302,182,28,167,317,7.32654958677686,7.69271523178808,6.71895604395604,7.35714285714286,7.26077844311377,7.36119873817035,51
"52",2005,9,7.17391304347826,23,7.85714285714286,6.11111111111111,6.66666666666667,7.13636363636364,7.20833333333333,14,9,3,11,12,507,316,191,31,178,329,7.31962524654832,7.7,6.69031413612565,7.29032258064516,7.25308988764045,7.35562310030395,52
"53",2005,10,7.5,18,7.95454545454545,6.78571428571429,8,7.72222222222222,7.27777777777778,11,7,1,9,9,525,327,198,32,187,338,7.32580952380952,7.7085626911315,6.69368686868687,7.3125,7.27566844919786,7.35355029585799,53
"54",2005,11,7.33333333333333,24,7.3,7.35714285714286,8,7.58333333333333,7.08333333333333,10,14,1,12,12,549,337,212,33,199,350,7.32613843351548,7.69643916913946,6.7375,7.33333333333333,7.29422110552764,7.34428571428571,54
"55",2005,12,7.42307692307692,13,7.5,7.16666666666667,8,7.2,7.5625,10,3,1,5,8,562,347,215,34,204,358,7.32838078291815,7.69077809798271,6.74348837209302,7.35294117647059,7.29191176470588,7.34916201117318,55
"56",2006,1,7.19230769230769,26,7.36111111111111,6.8125,6,7.16666666666667,7.22727272727273,18,8,1,15,11,588,365,223,35,219,369,7.32236394557823,7.6745205479452,6.74596412556054,7.31428571428571,7.28333333333333,7.34552845528455,56
"57",2006,2,7.73333333333333,15,7.85,7.5,7.5,6.875,8.04545454545454,10,5,1,4,11,603,375,228,36,223,380,7.33258706467662,7.6792,6.7625,7.31944444444444,7.27600896860987,7.36578947368421,57
"58",2006,3,7.21428571428571,28,7.5,6.92857142857143,7.16666666666667,7.16666666666667,7.23684210526316,14,14,3,9,19,631,389,242,39,232,399,7.32733755942948,7.67275064267352,6.77210743801653,7.30769230769231,7.27176724137931,7.35964912280702,58
"59",2006,4,7.55416625,24,8.05882352941176,6.32857,6.8,7.57692230769231,7.52727272727273,17,7,1,13,11,655,406,249,40,245,410,7.33564883969466,7.68891625615764,6.75963851405622,7.295,7.28795914285714,7.36414634146341,59
"60",2006,5,7.72727272727273,22,8,7,7.66666666666667,6.75,7.94444444444444,16,6,3,4,18,677,422,255,43,249,428,7.34837516986706,7.70071090047393,6.76529407843137,7.32093023255814,7.27931722891566,7.38855140186916,60
"61",2006,6,7.46666666666667,18,8.10769230769231,5.8,8.5,7.125,7.74,13,5,1,8,10,695,435,260,44,257,438,7.35143883453237,7.71287356321839,6.74673073076923,7.34772727272727,7.27451357976654,7.39657534246575,61
"62",2006,7,7.4375,24,7.70833333333333,7.16666666666667,8,7.63636363636364,7.26923076923077,12,12,3,11,13,719,447,272,47,268,451,7.35431152990264,7.71275167785235,6.76525731617647,7.38936170212766,7.28936563432836,7.39290465631929,62
"63",2006,8,7.07307692307692,26,7.46153846153846,6.68461538461538,9,6.94,7.15625,13,13,1,10,16,745,460,285,48,278,467,7.34449663087248,7.70565217391304,6.7615789122807,7.42291666666667,7.27679852517986,7.3847965738758,63
"64",2006,9,7.52631578947368,19,8.15,6.83333333333333,7,7.58333333333333,7.42857142857143,10,9,1,12,7,764,470,294,49,290,474,7.34901831151832,7.71510638297872,6.76377547619048,7.41428571428571,7.28948272413793,7.38544303797468,64
"65",2006,10,7.04166666666667,24,7,7.09090909090909,8,7,7.0625,13,11,1,8,16,788,483,305,50,298,490,7.33965734771573,7.69585921325052,6.77557373770492,7.426,7.28171137583893,7.37489795918367,65
"66",2006,11,7.73684210526316,19,7.85454545454545,7.575,8,8.21428571428571,7.45833333333333,11,8,1,7,12,807,494,313,51,305,502,7.34900866171003,7.69939271255061,6.79600635782748,7.43725490196078,7.30311472131148,7.37689243027889,66
"67",2006,12,7.24,25,7.47222222222222,6.64285714285714,8,7.42857142857143,7.16666666666667,18,7,3,7,18,832,512,320,54,312,520,7.34573316105769,7.69140625,6.79265621875,7.46851851851852,7.30592945512821,7.36961538461539,67
"68",2007,1,7.2725,40,7.55384615384615,6.75,7,7.11111111111111,7.40454545454545,26,14,1,18,22,872,538,334,55,330,542,7.34237384174312,7.68475836431227,6.79086823353293,7.46,7.295303,7.3710332103321,68
"69",2007,2,7.13292277777778,18,7.27272727272727,6.91323,7,7.4,7.03020076923077,11,7,1,5,13,890,549,341,56,335,555,7.33813775280899,7.67650273224044,6.79338005865103,7.45178571428571,7.29686564179104,7.36304974774775,69
"70",2007,3,6.82142857142857,14,7.5625,5.83333333333333,7,6.8,6.83333333333333,8,6,2,5,9,904,557,347,58,340,564,7.33013561946902,7.67486535008977,6.77677982708934,7.43620689655172,7.28955879411765,7.35459682624113,70
"71",2007,4,6.632,25,7.25454545454545,6.14285714285714,NA,6.07692307692308,7.23333333333333,11,14,0,13,12,929,568,361,58,353,576,7.31134833153929,7.66672535211268,6.75219556786704,7.43620689655172,7.24490082152975,7.35207050347222,71
"72",2007,5,7.28947368421053,19,7.7,6.83333333333333,8,7,7.45833333333333,10,9,1,7,12,948,578,370,59,360,588,7.31090991561181,7.66730103806228,6.75416918918919,7.44576271186441,7.24013886111111,7.35423913265306,72
"73",2007,6,7.65454545454545,22,7.7,7.55714285714286,7.95,7.91666666666667,7.55625,15,7,2,6,16,970,593,377,61,366,604,7.3187037113402,7.6681281618887,6.76907851458886,7.46229508196721,7.25122948087432,7.35959041390729,73
"74",2007,7,7.4037037037037,27,7.94615384615385,6.9,6.8,6.75,7.67894736842105,13,14,2,8,19,997,606,391,63,374,623,7.32100561685055,7.67409240924092,6.77376624040921,7.44126984126984,7.24050799465241,7.36933003210273,74
"75",2007,8,7.72916666666667,24,8.04545454545454,7.46153846153846,8,7.33333333333333,7.78571428571429,11,13,3,3,21,1021,617,404,66,377,644,7.3306,7.6807131280389,6.79589752475247,7.46666666666667,7.24124665782493,7.38290777950311,75
"76",2007,9,7.42173913043478,23,7.66666666666667,7.26428571428571,8.2,7.65,7.3,9,14,1,8,15,1044,626,418,67,385,659,7.33260785440613,7.68051118210863,6.81158516746411,7.47761194029851,7.24974023376623,7.38102065250379,76
"77",2007,10,7.34285714285714,35,7.80434782608696,6.45833333333333,4.5,7.25,7.37037037037037,23,12,2,8,27,1079,649,430,69,393,686,7.33294031510658,7.68489984591679,6.80172697674419,7.39130434782609,7.2497455216285,7.38060147230321,77
"78",2007,11,7.38793103448276,29,7.55769230769231,7.25,8.25,7.17857142857143,7.58333333333333,13,16,2,14,15,1108,662,446,71,407,701,7.33437960288808,7.68240181268882,6.81780852017937,7.41549295774648,7.24729727272727,7.38493952924394,78
"79",2007,12,7.16486486486486,37,7.72941176470588,6.685,7,7.15625,7.17142857142857,17,20,5,16,21,1145,679,466,76,423,722,7.32890183406113,7.68357879234168,6.81210858369099,7.38815789473684,7.24385340425532,7.3787293767313,79
"80",2008,1,7.30487804878049,41,7.6304347826087,6.88888888888889,7,7.32352941176471,7.29166666666667,23,18,1,17,24,1186,702,484,77,440,746,7.3280713322091,7.68183760683761,6.81496404958678,7.38311688311688,7.24693179545454,7.37592843163539,80
"81",2008,2,6.9258064516129,31,7.40909090909091,6.66,7.5,6.92857142857143,6.92352941176471,11,20,5,14,17,1217,713,504,82,454,763,7.31782465078061,7.67762973352034,6.80881468253968,7.39024390243902,7.2371145154185,7.36584876802097,81
"82",2008,3,6.89166666666667,30,7.55769230769231,6.38235294117647,7,6.55,7.23333333333333,13,17,1,15,15,1247,726,521,83,469,778,7.30757225340818,7.67548209366391,6.79489942418426,7.3855421686747,7.21513857142857,7.36329384318766,82
"83",2008,4,7.35,30,7.63888888888889,6.91666666666667,NA,7.07692307692308,7.55882352941176,18,12,0,13,17,1277,744,533,83,482,795,7.30856898981989,7.67459677419355,6.79764090056285,7.3855421686747,7.21141076763485,7.36747498113208,83
"84",2008,5,7.036,25,7.82,6.51333333333333,6,6.26666666666667,7.46875,10,15,1,9,16,1302,754,548,84,491,811,7.30333533026113,7.67652519893899,6.78985875912409,7.36904761904762,7.19409366598778,7.36947300863132,84
"85",2008,6,7.51304347826087,23,7.95333333333333,6.6875,8,7.375,7.58666666666667,15,8,2,8,15,1325,769,556,86,499,826,7.30697554716981,7.68192457737321,6.78838597122302,7.38372093023256,7.19699396793587,7.37341720338983,85
"86",2008,7,6.75727272727273,33,7.15818181818182,6.55681818181818,7,6.5625,6.86857142857143,11,22,4,12,21,1358,780,578,90,511,847,7.29361752577319,7.67453846153846,6.77957197231834,7.36666666666667,7.18209391389432,7.36090036599764,86
"87",2008,8,7.375,24,7.72727272727273,7.07692307692308,6.5,7.36363636363636,7.38461538461539,11,13,5,11,13,1382,791,591,95,522,860,7.29503082489146,7.67527180783818,6.78611269035533,7.32105263157895,7.1859195210728,7.36125884883721,87
"88",2008,9,7.325,44,8.23809523809524,6.49130434782609,6.27777777777778,7.5,7.17916666666667,21,23,9,20,24,1426,812,614,104,542,884,7.29595553997195,7.6898275862069,6.77506938110749,7.23076923076923,7.19750920664207,7.35631516968326,88
"89",2008,10,7.53333333333333,21,8.3,6.69,6,7.08,7.94545454545455,11,10,2,10,11,1447,823,624,106,552,895,7.299400552868,7.6979829890644,6.77370608974359,7.20754716981132,7.19538041666667,7.36355598882681,89
"90",2008,11,7.44375,32,7.45454545454545,7.43809523809524,7.075,7.075,7.56666666666667,11,21,8,8,24,1479,834,645,114,560,919,7.30252373225152,7.6947721822542,6.79533736434108,7.19824561403509,7.19366069642857,7.36886029379761,90
"91",2008,12,7.65277777777778,18,8,7.10714285714286,8,7.825,7.4375,11,7,1,10,8,1497,845,652,115,570,927,7.30673520374081,7.69874556213018,6.79868496932515,7.20521739130435,7.2047368245614,7.36945265372168,91
"92",2009,1,7.41463414634146,41,7.91176470588235,7.0625,6.9,7.45833333333333,7.39655172413793,17,24,10,12,29,1538,862,676,125,582,956,7.30961157347204,7.70294663573086,6.80805118343195,7.1808,7.2099656185567,7.37027469665272,92
"93",2009,2,7.10775862068965,58,7.66071428571429,6.93181818181818,6.39583333333333,6.81578947368421,7.25,14,44,12,19,39,1596,876,720,137,601,995,7.30227606516291,7.70227168949772,6.81561472222222,7.11204379562044,7.19750414309484,7.3655604120603,93
"94",2009,3,7.39019607843137,51,8.02,6.98387096774194,8.3,8.04166666666667,7.18974358974359,20,31,5,12,39,1647,896,751,142,613,1034,7.3049985428051,7.70936383928571,6.82256005326231,7.15387323943662,7.21402934747145,7.35892902321083,94
"95",2009,4,7.16513157894737,76,7.26315789473684,7.13245614035088,7,7.18181818181818,7.15833333333333,19,57,9,22,54,1723,915,808,151,635,1088,7.29882913522925,7.70009836065574,6.84442153465346,7.14470198675497,7.21291337007874,7.34897298713235,95
"96",2009,5,7.1921875,64,7.748,6.83589743589744,6.84285714285714,7.04444444444444,7.25,25,39,14,18,46,1787,940,847,165,653,1134,7.29500984890878,7.70137234042553,6.84402904368359,7.11909090909091,7.20826950995406,7.34495820987654,96
"97",2009,6,7.21847826086957,46,7.82352941176471,6.86379310344828,6.5,7.55555555555556,7.13648648648649,17,29,2,9,37,1833,957,876,167,662,1171,7.29308925259138,7.70354231974922,6.84468333333333,7.11167664670659,7.21299092145015,7.33837114432109,97
"98",2009,7,6.96454545454545,55,7.46176470588235,6.7421052631579,6.5,7.13823529411765,6.88684210526316,17,38,8,17,38,1888,974,914,175,679,1209,7.28351832627118,7.69932238193018,6.84041859956236,7.08371428571428,7.21111927835052,7.32417916459884,98
"99",2009,8,6.86627906976744,43,7.11666666666667,6.73214285714286,7.16666666666667,6.77272727272727,6.8984375,15,28,9,11,32,1931,989,942,184,690,1241,7.27422713619886,7.69048533872598,6.83720021231422,7.08777173913043,7.20413042028986,7.3132011361805,99
"100",2009,9,7.32551020408163,49,7.97333333333333,7.03970588235294,6.53571428571429,7.42916666666667,7.29189189189189,15,34,7,12,37,1980,1004,976,191,702,1278,7.27549626262626,7.69471115537849,6.84425471311475,7.06753926701571,7.20797719373219,7.31258420187793,100
"101",2009,10,6.99607843137255,51,7.67647058823529,6.65588235294118,6.07142857142857,7.21578947368421,6.865625,17,34,7,19,32,2031,1021,1010,198,721,1310,7.26847986213687,7.69440744368266,6.83791346534653,7.03232323232323,7.20818306518724,7.30166611450382,101
"102",2009,11,7.01960784313725,51,7.35294117647059,6.85294117647059,6.3,6.3,7.19512195121951,17,34,10,10,41,2082,1038,1044,208,731,1351,7.26238357348703,7.68881502890173,6.83840287356322,6.99711538461538,7.19575922024624,7.29843272390822,102
"103",2009,12,6.96571428571429,35,7.6625,6.75925925925926,7.24,7.05555555555556,6.93461538461538,8,27,10,9,26,2117,1046,1071,218,740,1377,7.25747879074161,7.6886137667304,6.83640765639589,7.00825688073394,7.19405404054054,7.29156326071169,103
"104",2010,1,6.905,40,7.36875,6.59583333333333,6.5,6.3,7.10666666666667,16,24,8,10,30,2157,1062,1095,226,750,1407,7.25094232730644,7.68379472693032,6.83113479452055,6.99026548672566,7.18213332,7.28762090262971,104
"105",2010,2,7.48235294117647,34,7.885,6.90714285714286,7,6.91111111111111,7.688,20,14,2,9,25,2191,1082,1109,228,759,1432,7.25453336376084,7.68751386321627,6.83209431920649,6.99035087719298,7.17891961791831,7.29461076117318,105
"106",2010,3,7.05666666666667,30,7.48125,6.57142857142857,7,7.86666666666667,6.85416666666667,16,14,3,6,24,2221,1098,1123,231,765,1456,7.25186069338136,7.68450819672131,6.8288447016919,6.99047619047619,7.1843137124183,7.28735069368132,106
"107",2010,4,7.28333333333333,24,7.625,7.1125,7.5,NA,7.28333333333333,8,16,2,0,24,2245,1106,1139,233,765,1480,7.25219714922049,7.68407775768535,6.83282932396839,6.99484978540772,7.1843137124183,7.2872855472973,107
"108",2010,5,6.8125,16,7.625,6,5.66666666666667,6.5,6.91666666666667,8,8,3,4,12,2261,1114,1147,236,769,1492,7.24908562582928,7.68365350089767,6.82702057541412,6.97796610169492,7.18075421326398,7.28430469839142,108
"109",2010,6,7.11538461538461,13,7.5,6.5,NA,7.5,7,8,5,0,3,10,2274,1122,1152,236,772,1502,7.24832128408091,7.6823440285205,6.82560121527778,6.97796610169492,7.18199480569948,7.2824118575233,109
"110",2010,7,6.76136363636364,22,7.575,6.08333333333333,6.33333333333333,6.75,6.76388888888889,10,12,3,4,18,2296,1132,1164,239,776,1520,7.24365531358885,7.68139575971732,6.81794896907217,6.96987447698745,7.17976802835052,7.27627145394737,110
"111",2010,8,6.73846153846154,26,7.67,6.15625,6.4,6.8,6.72380952380952,10,16,5,5,21,2322,1142,1180,244,781,1541,7.23799853574504,7.68129597197898,6.80897677966102,6.95819672131148,7.17733673495519,7.26874277092797,111
"112",2010,9,6.76315789473684,19,7.65,5.77777777777778,6.5,6.54545454545455,7.0625,10,9,2,11,8,2341,1152,1189,246,792,1549,7.23414463904314,7.68102430555556,6.80117123633305,6.95447154471545,7.16856059343434,7.26767760490639,112
"113",2010,10,6.55681818181818,22,7.71666666666667,6.121875,6.6125,5.35,6.6775,6,16,4,2,20,2363,1158,1205,250,794,1569,7.22783859500634,7.68120898100173,6.79215153526971,6.949,7.16397983627204,7.26015462715105,113
"114",2010,11,7.10666666666667,30,7.83333333333333,6.925,6.91666666666667,6.45,7.27083333333333,6,24,6,6,24,2393,1164,1229,256,800,1593,7.22631951525282,7.68199312714777,6.7947458096013,6.9482421875,7.1586249875,7.26031551161331,114
"115",2010,12,7.33289473684211,38,7.54666666666667,7.19347826086956,7.30625,7.325,7.33571428571429,15,23,8,10,28,2431,1179,1252,264,810,1621,7.22798543809132,7.68027141645462,6.80207076677316,6.95909090909091,7.160679,7.26161789636027,115
"116",2011,1,7.02105263157895,19,7.5,6.89333333333333,6.58333333333333,7.25,6.91538461538462,4,15,6,6,13,2450,1183,1267,270,816,1634,7.22638065306122,7.67966187658495,6.80315122336227,6.95074074074074,7.16133577205882,7.25886328641371,116
"117",2011,2,7.2,27,7.45,7.05294117647059,7.75,7,7.24545454545455,10,17,2,5,22,2477,1193,1284,272,821,1656,7.22609309648769,7.67773679798827,6.80645841121495,6.95661764705882,7.16035321559074,7.25868515096618,117
"118",2011,3,7.07894736842105,19,7.25,6.95454545454545,6.83333333333333,6.9,7.14285714285714,8,11,3,5,14,2496,1201,1295,275,826,1670,7.22497299679487,7.67488759367194,6.80771629343629,6.95527272727273,7.15877722760291,7.25771413772455,118
"119",2011,4,7.75416666666667,12,8.00555555555556,7,7.5,6.75,8.25625,9,3,2,4,8,2508,1210,1298,277,830,1678,7.22750502392344,7.67734710743802,6.80816070878274,6.95920577617329,7.15680721686747,7.26247473778307,119
"120",2011,5,6.605,20,7.08333333333333,6.4,7.475,7.5,6.50555555555556,6,14,4,2,18,2528,1216,1312,281,832,1696,7.22258014240506,7.67441611842105,6.80380533536585,6.96654804270463,7.15763219951923,7.25444139740566,120
"121",2011,6,7.4375,8,7.4,7.5,7.5,6.25,7.83333333333333,5,3,1,2,6,2536,1221,1315,282,834,1702,7.22325812302839,7.67329238329238,6.8053936121673,6.96843971631206,7.1554556235012,7.25648214453584,121
"122",2011,7,6.4375,16,7.4,6,6.66666666666667,6,6.53846153846154,5,11,3,3,13,2552,1226,1326,285,837,1715,7.21833173981191,7.67217781402936,6.79871236802413,6.96526315789474,7.15131420549582,7.25103942274052,122
"123",2011,8,7.03125,16,7.28571428571429,6.83333333333333,6.33333333333333,6.5,7.10714285714286,7,9,3,2,14,2568,1233,1335,288,839,1729,7.21716612149533,7.66998377939984,6.79894576779026,6.95868055555556,7.1497616090584,7.24987426836321,123
"124",2011,9,7.38461538461539,13,8,7.11111111111111,7,5.5,7.72727272727273,4,9,3,2,11,2581,1237,1344,291,841,1740,7.21800953118946,7.67105092966855,6.80103616071429,6.95910652920962,7.14583827586207,7.2528923045977,124
"125",2011,10,7.15217391304348,23,7.8125,6.8,7.625,7.16666666666667,7.14705882352941,8,15,4,6,17,2604,1245,1359,295,847,1757,7.21742803379416,7.67195983935743,6.80102472406181,6.96813559322034,7.14598582054309,7.25186830392715,125
"126",2011,11,6.97272727272727,22,7.8625,6.46428571428571,6.6,7,6.96666666666667,8,14,5,4,18,2626,1253,1373,300,851,1775,7.21537798933739,7.67317637669593,6.79759111434814,6.962,7.14529963572268,7.24897611830986,126
"127",2011,12,6.3125,24,6.81818181818182,5.88461538461539,6.375,6.28571428571429,6.32352941176471,11,13,4,7,17,2650,1264,1386,304,858,1792,7.20720098113207,7.66573575949367,6.78902784992785,6.95427631578947,7.1382867016317,7.24019676897321,127
"128",2012,1,7.49230769230769,26,7.75294117647059,7,8,7.7,7.44285714285714,17,9,3,5,21,2676,1281,1395,307,863,1813,7.20997107623318,7.66689305230289,6.79038896057348,6.96449511400652,7.1415411239861,7.24254418643133,128
"129",2012,2,7.18947368421053,19,7.54444444444444,6.87,6.5,6.9,7.32307692307692,9,10,2,6,13,2695,1290,1405,309,869,1826,7.20982656771799,7.66603875968992,6.79095558718861,6.96148867313916,7.13987340621404,7.24311753012048,129
"130",2012,3,7.11111111111111,9,7.33333333333333,7,7,NA,7.11111111111111,3,6,1,0,9,2704,1293,1411,310,869,1835,7.20949800295858,7.66526682134571,6.79184450744153,6.96161290322581,7.13987340621404,7.24247008719346,130
"131",2012,4,7.26666666666667,15,7.92857142857143,6.6875,7.16666666666667,6.25,7.63636363636364,7,8,3,4,11,2719,1300,1419,313,873,1846,7.20981338727473,7.66668461538461,6.79125623678647,6.96357827476038,7.13579609392898,7.24481723185265,131
"132",2012,5,6.71875,16,6.85714285714286,6.61111111111111,7.375,6,6.95833333333333,7,9,4,4,12,2735,1307,1428,317,877,1858,7.20694062157221,7.66234889058913,6.79012086834734,6.96876971608833,7.13061572405929,7.2429669590958,132
"133",2012,6,6.68181818181818,11,6.91666666666667,6.4,6,8,6.55,6,5,2,1,10,2746,1313,1433,319,878,1868,7.20483707210488,7.65894135567403,6.78875966503838,6.96269592476489,7.13160591116173,7.23925728586724,133
"134",2012,7,7.573,10,8.3,6.846,6,8.1,7.046,5,5,1,5,5,2756,1318,1438,320,883,1873,7.20617293178519,7.66137329286798,6.78895869262865,6.9596875,7.13708945639864,7.23874138280833,134
"135",2012,8,7.00714285714286,14,7.6,6.77,7.5,7.1,6.95555555555556,4,10,3,5,9,2770,1322,1448,323,888,1882,7.20516700361011,7.6611875945537,6.78882776243094,6.96470588235294,7.13688061936937,7.2373871466525,135
"136",2012,9,6.63636363636364,11,7.33333333333333,6.375,6,7,6.55555555555556,3,8,1,2,9,2781,1325,1456,324,890,1891,7.20291715210356,7.66044528301887,6.78655398351649,6.96172839506173,7.13657302247191,7.23414204653622,136
"137",2012,10,6.79411764705882,17,6.83333333333333,6.7,NA,7.5,6.7,12,5,0,2,15,2798,1337,1461,324,892,1906,7.20043338098642,7.65302169035153,6.78625776865161,6.96172839506173,7.13738788116592,7.22993841028331,137
"138",2012,11,7.11111111111111,9,8,6.66666666666667,6.83333333333333,7.5,7.0625,3,6,3,1,8,2807,1340,1467,327,893,1914,7.20014698966868,7.65379850746269,6.78576864349012,6.9605504587156,7.13779394176932,7.22923856321839,138
"139",2012,12,7.03333333333333,15,7.775,6.18571428571429,7,6.2,7.33636363636364,8,7,1,4,11,2822,1348,1474,328,897,1925,7.19926031183558,7.6545178041543,6.78291899592945,6.96067073170732,7.13361202898551,7.22985070649351,139
"140",2013,1,6.52173913043478,23,7.625,5.93333333333333,7,6.3,6.58333333333333,8,15,2,5,18,2845,1356,1489,330,902,1943,7.19378298769771,7.65434365781711,6.77436037609134,6.96090909090909,7.12899111973392,7.22386135357694,140
"141",2013,2,6.39285714285714,14,6.5,6.3125,6.66666666666667,6.66666666666667,6.31818181818182,6,8,3,3,11,2859,1362,1497,333,905,1954,7.18986100034977,7.64925844346549,6.77189218436874,6.95825825825826,7.12745855248619,7.21876285056295,141
"142",2013,3,6.81,25,7.25,6.5625,7.125,6.8125,6.80882352941176,9,16,6,8,17,2884,1371,1513,339,913,1971,7.18656816920943,7.64663749088257,6.76967785855916,6.96120943952802,7.12469878422782,7.21522709791984,142
"143",2013,4,6.45,10,7.3,5.6,NA,7.5,6.33333333333333,5,5,0,1,9,2894,1376,1518,339,914,1980,7.18402301313061,7.64537790697674,6.76582516469038,6.96120943952802,7.12510939824945,7.21121848989899,143
"144",2013,5,6.84705882352941,17,7.5,6.70714285714286,7,6.91666666666667,6.80909090909091,3,14,1,6,11,2911,1379,1532,340,920,1991,7.18205517004466,7.64506163886874,6.76528890339426,6.96132352941177,7.12374998913043,7.20899679055751,144
"145",2013,6,7.44285714285714,14,7.6,7.35555555555556,NA,7.5,7.43333333333333,5,9,0,2,12,2925,1384,1541,340,922,2003,7.18330345299145,7.64489884393064,6.76873627514601,6.96132352941177,7.12456614967462,7.21034079380929,145
"146",2013,7,7.01071428571429,14,8,6.46111111111111,6,7.25,6.97083333333333,5,9,4,2,12,2939,1389,1550,344,924,2015,7.18248132017693,7.64617710583153,6.76695006451613,6.95014534883721,7.12483765151515,7.20891444665012,146
"147",2013,8,6.92058823529412,17,7.82,6.54583333333333,6.6,7.75,6.81,5,12,3,2,15,2956,1394,1562,347,926,2030,7.1809751691475,7.64680057388809,6.76525134443022,6.9471181556196,7.12618789416847,7.20596680295566,147
"148",2013,9,7.13636363636364,11,6.33333333333333,7.4375,6,5.75,7.92857142857143,3,8,2,4,7,2967,1397,1570,349,930,2037,7.18080977418268,7.64397995705082,6.76867681528663,6.94169054441261,7.12026880645161,7.20844998036328,148
"149",2013,10,6.92307692307692,13,8.125,6.38888888888889,6,6.66666666666667,7,4,9,3,3,10,2980,1401,1579,352,933,2047,7.17968543624161,7.64535331905782,6.76651209626346,6.93366477272727,7.11881027867095,7.20743166096727,149
"150",2013,11,6.60208333333333,24,7.875,6.17777777777778,7,7.75,6.3725,6,18,1,4,20,3004,1407,1597,353,937,2067,7.1750707723036,7.64633262260128,6.75987639323732,6.93385269121813,7.12150479188901,7.19935298016449,150
"151",2013,12,6.5,13,8,6.22727272727273,7,5,6.77272727272727,2,11,1,2,11,3017,1409,1608,354,939,2078,7.17216194895592,7.64683463449255,6.75623296019901,6.9340395480226,7.11698614483493,7.19709461501444,151
"152",2014,1,7.03333333333333,15,7.33333333333333,6.83333333333333,NA,7.33333333333333,6.95833333333333,6,9,0,3,12,3032,1415,1617,354,942,2090,7.17147513192612,7.64550530035336,6.75666209029066,6.9340395480226,7.11767514861996,7.1957237368421,152
"153",2014,2,6.92380952380952,21,7.83333333333333,6.56,7.45,7.5,6.82777777777778,6,15,2,3,18,3053,1421,1632,356,945,2108,7.16977156894858,7.64629838142153,6.75485453431373,6.93693820224719,7.11888887830688,7.19258188330171,153
"154",2014,3,6.6,9,6.85,6.4,6,NA,6.6,4,5,2,0,9,3062,1425,1637,358,945,2117,7.16809686479425,7.64406315789474,6.75377067806964,6.93170391061453,7.11888887830688,7.19006264052905,154
"155",2014,4,6.9775,12,7.5,6.80333333333333,6,6.66666666666667,7.08111111111111,3,9,1,3,9,3074,1428,1646,359,948,2126,7.16735283018868,7.64376050420168,6.75404167679222,6.92910863509749,7.11745779535865,7.18960141580433,155
"156",2014,5,7.0625,8,7.5,6.91666666666667,6.66666666666667,NA,7.0625,2,6,3,0,8,3082,1430,1652,362,948,2134,7.16708066190785,7.64355944055944,6.75463232445521,6.92693370165746,7.11745779535865,7.1891249343955,156
"157",2014,6,6.42857142857143,7,6.66666666666667,6.25,6.66666666666667,6.66666666666667,5,3,4,3,6,1,3089,1433,1656,365,954,2135,7.16540712204597,7.64151430565248,6.7534134057971,6.92479452054795,7.11462263102725,7.18809958313817,157
"158",2014,7,6.58333333333333,6,8,6.3,7,6.16666666666667,7,1,5,1,3,3,3095,1434,1661,366,957,2138,7.16427870759289,7.64176429567643,6.75204852498495,6.925,7.11165098223615,7.18783564546305,158
"159",2014,8,6.84545454545455,11,7.4,6.38333333333333,7.325,7.06,6.66666666666667,5,6,4,5,6,3106,1439,1667,370,962,2144,7.16314958145525,7.64092425295344,6.75072141571686,6.92932432432433,7.11138252598753,7.18637715018657,159
"160",2014,9,7.14285714285714,7,7,7.25,NA,7.66666666666667,6.75,3,4,0,3,4,3113,1442,1671,370,965,2148,7.1631039511725,7.63959084604716,6.75191657690006,6.92932432432433,7.11310879792746,7.18556452979516,160
"161",2014,10,7.13636363636364,11,7.4,6.98571428571429,6.95,6.625,7.42857142857143,4,7,2,4,7,3124,1446,1678,372,969,2155,7.16300979513444,7.63892807745505,6.75289189511323,6.92943548387097,7.11109390092879,7.18635387935035,161
"162",2014,11,6.80555555555556,18,6.7,6.9375,NA,6.66666666666667,6.83333333333333,10,8,0,3,15,3142,1456,1686,372,972,2170,7.16096199872693,7.6324793956044,6.75376785290629,6.92943548387097,7.10972221193416,7.18391364516129,162
"163",2014,12,6.28571428571429,7,8,5.6,8,6.33333333333333,6.25,2,5,2,3,4,3149,1458,1691,374,975,2174,7.15901638615434,7.63298353909465,6.7503563571851,6.93516042780749,7.10733332307692,7.18219531278749,163
"164",2015,1,6.43333333333333,15,7,6.29166666666667,6,5.5,6.66666666666667,3,12,4,3,12,3164,1461,1703,378,978,2186,7.15557604298357,7.63168377823409,6.7471242513212,6.92526455026455,7.10240285276074,7.17936532936871,164
"165",2015,2,6.65384615384615,13,7.42857142857143,5.75,6.7,5.33333333333333,7.05,7,6,1,3,10,3177,1468,1709,379,981,2196,7.15352300912811,7.63071525885559,6.74362352252779,6.92467018469657,7.09699285423038,7.17877623406193,165
"166",2015,3,6.25,8,8,6,7.33333333333333,5.83333333333333,6.5,1,7,3,3,5,3185,1469,1716,382,984,2201,7.15125356357928,7.63096664397549,6.74059009324009,6.92787958115183,7.09314023373984,7.17723426169923,166
"167",2015,4,6.72222222222222,9,5.5,7.07142857142857,7.5,6,6.92857142857143,2,7,1,2,7,3194,1471,1723,383,986,2208,7.15004464621165,7.62806934058464,6.74193418456181,6.92937336814622,7.09092291075051,7.17644592844203,167
"168",2015,5,6.80928571428571,14,7.6,6.37,6.7075,6.5,6.86083333333333,5,9,4,2,12,3208,1476,1732,387,988,2220,7.1485575436409,7.62797425474255,6.74000150115473,6.92708010335917,7.08972671052632,7.17473991441441,168
"169",2015,6,6.9375,8,7.375,6.5,7,6.5,7.2,4,4,3,3,5,3216,1480,1736,390,991,2225,7.14803252487562,7.62729054054054,6.73944850230415,6.92764102564103,7.08794146316852,7.17479667865168,169
"170",2015,7,6.6,3,6.5,6.8,NA,5,7.4,2,1,0,1,2,3219,1482,1737,390,992,2227,7.14752177694936,7.62576923076923,6.73948336211859,6.92764102564103,7.08583668346774,7.17499892680736,170
"171",2015,8,6.85,10,7.58333333333333,5.75,6,6.5,6.9375,6,4,1,2,8,3229,1488,1741,391,994,2235,7.14660037163209,7.62559811827957,6.73720999425617,6.92526854219949,7.08465793762575,7.17414881879195,171
"172",2015,9,6.25714285714286,7,7.25,5.86,NA,NA,6.25714285714286,2,5,0,0,7,3236,1490,1746,391,994,2242,7.14467632880099,7.62509395973154,6.73469793814433,6.92526854219949,7.08465793762575,7.17128573148974,172
"173",2015,10,6.81,10,7.15714285714286,6,NA,5,7.01111111111111,7,3,0,1,9,3246,1497,1749,391,995,2251,7.14364528650647,7.62290581162325,6.73343773584906,6.92526854219949,7.0825628040201,7.1706453176366,173
"174",2015,11,6.875,16,7.4375,6.3125,8,7.6,6.54545454545455,8,8,1,5,11,3262,1505,1757,392,1000,2262,7.14232759043532,7.62192026578073,6.73152111553785,6.92801020408163,7.08514999,7.16760504420866,174
"175",2015,12,6.72222222222222,9,7.16666666666667,6.5,6,7.5,6.5,3,6,1,2,7,3271,1508,1763,393,1002,2269,7.14117169061449,7.62101458885942,6.73073318207601,6.92564885496183,7.08597803393214,7.1655454429264,175
"176",2016,1,6.85714285714286,7,10,6.33333333333333,7,7.33333333333333,6.5,1,6,1,3,4,3278,1509,1769,394,1005,2273,7.14056516168395,7.62259111994698,6.72938530243075,6.92583756345178,7.0867164079602,7.16437422349318,176
"177",2016,2,7.10833333333333,12,7.26,7,6.33333333333333,6,7.20909090909091,5,7,3,1,11,3290,1514,1776,397,1006,2284,7.14044759878419,7.62139365918098,6.73045191441441,6.92136020151134,7.08563617296223,7.16458958406305,177
"178",2016,3,6.66363636363636,11,7.9,5.63333333333333,6.5,6,7.04285714285714,5,6,2,4,7,3301,1519,1782,399,1010,2291,7.13885870948197,7.62231073074391,6.72675791245791,6.91924812030075,7.08133662376238,7.16421763858577,178
"179",2016,4,7.07142857142857,7,7.5,6.9,5.75,4.5,7.5,2,5,2,1,6,3308,1521,1787,401,1011,2297,7.13871602176542,7.62214990138067,6.72724264129826,6.91341645885287,7.07878337289812,7.16509473661297,179
"180",2016,5,7.58333333333333,12,7.5,7.7,6.75,6.66666666666667,7.88888888888889,7,5,2,3,9,3320,1528,1792,403,1014,2306,7.14032307228916,7.62159031413613,6.72995680803571,6.91260545905707,7.07756409270217,7.16791960537728,180
"181",2016,6,7.21818181818182,11,7.13333333333333,7.25,NA,NA,7.21818181818182,3,8,0,0,11,3331,1531,1800,403,1014,2317,7.14058018613029,7.62063357282822,6.73226811111111,6.91260545905707,7.07756409270217,7.16815822615451,181
"182",2016,7,6.9,10,7.625,6.41666666666667,NA,4.5,7.16666666666667,4,6,0,1,9,3341,1535,1806,403,1015,2326,7.13986010176594,7.62064495114006,6.7312196013289,6.91260545905707,7.07502462068966,7.16815245485812,182
"183",2016,8,6.61875,16,7.625,5.6125,NA,6.8,6.53636363636364,8,8,0,5,11,3357,1543,1814,403,1020,2337,7.1373764075067,7.62066753078419,6.72628588754134,6.91260545905707,7.07367646078431,7.165178694908,183
"184",2016,9,6.8125,8,7.5,6.58333333333333,7.25,NA,6.8125,2,6,2,0,8,3365,1545,1820,405,1020,2345,7.13660404160476,7.62051132686084,6.72581461538461,6.91427160493827,7.07367646078431,7.16397552665245,184
"185",2016,10,7.17272727272727,11,7.42857142857143,6.725,NA,6.5,7.425,7,4,0,3,8,3376,1552,1824,405,1023,2353,7.13672174170616,7.6196456185567,6.72581282894737,6.91427160493827,7.07199412512219,7.16486298767531,185
"186",2016,11,6.5625,8,7,6.41666666666667,8,6,6.75,2,6,1,2,6,3384,1554,1830,406,1025,2359,7.13536424349882,7.61884813384813,6.72479923497268,6.91694581280788,7.06990242926829,7.1638078041543,186
"187",2016,12,6.5,11,7.83333333333333,6,NA,7,6.45,3,8,0,1,10,3395,1557,1838,406,1026,2369,7.13330562592047,7.61926140012845,6.72164450489663,6.91694581280788,7.06983429824561,7.16079468552132,187
"188",2017,1,6.74666666666667,15,7,6.65454545454545,5.33333333333333,7,6.70769230769231,4,11,3,2,13,3410,1561,1849,409,1028,2382,7.13160486803519,7.61767456758488,6.72124532179556,6.90533007334964,7.06969843385214,7.15832183459278,188
"189",2017,2,6.51388888888889,18,7.78571428571429,5.70454545454545,5,6.41666666666667,6.53333333333333,7,11,2,3,15,3428,1568,1860,411,1031,2397,7.12836131855309,7.61842474489796,6.71523258064516,6.89605839416059,7.06779824442289,7.1544107676262,189
"190",2017,3,6.5,9,7.5,5.25,6,6,6.5625,5,4,1,1,8,3437,1573,1864,412,1032,2405,7.12671591504219,7.61804831532104,6.71208830472103,6.89388349514563,7.06676355620155,7.15244183367983,190
"191",2017,4,6.66666666666667,12,8,6,6,5,6.81818181818182,4,8,3,1,11,3449,1577,1872,415,1033,2416,7.12511527979125,7.61901712111604,6.70904519230769,6.88742168674699,7.06476281703775,7.1509199544702,191
"192",2017,5,6.76923076923077,13,7.44444444444444,5.25,5.5,7.33333333333333,6.6,9,4,2,3,10,3462,1586,1876,417,1036,2426,7.12377891392259,7.61802648171501,6.7059342217484,6.88076738609113,7.06554053088803,7.14864905605936,192
"193",2017,6,6.28571428571429,7,8,6,7,6.75,5.66666666666667,1,6,1,4,3,3469,1587,1882,418,1040,2429,7.12208780628423,7.61826717076244,6.70368363443145,6.88105263157895,7.06432691346154,7.14681869493619,193
"194",2017,7,6.27272727272727,11,7.5,5.25,5.5,NA,6.27272727272727,5,6,2,0,11,3480,1592,1888,420,1040,2440,7.11940304597701,7.61789572864321,6.69906387711864,6.87447619047619,7.06432691346154,7.14287811885246,194
"195",2017,8,7.15384615384615,13,7,7.33333333333333,8,8.25,6.95454545454545,7,6,3,2,11,3493,1599,1894,423,1042,2451,7.11953123389637,7.61519074421513,6.70107317845829,6.88245862884161,7.06660267754319,7.14203288861689,195
"196",2017,9,8.25,4,8.33333333333333,8,NA,NA,8.25,3,1,0,0,4,3497,1602,1895,423,1042,2455,7.12082430654847,7.61653558052434,6.70175862796834,6.88245862884161,7.06660267754319,7.14383813034623,196
"197",2017,10,6.78125,16,7.5,6.54166666666667,6,6,7.13636363636364,4,12,3,5,11,3513,1606,1907,426,1047,2466,7.11927771135781,7.61624533001245,6.70075123230204,6.8762441314554,7.06150906399236,7.1438047891322,197
"198",2017,11,6.73571428571429,14,7.16666666666667,6.4125,6,9,6.35833333333333,6,8,1,2,12,3527,1612,1915,427,1049,2478,7.11775520272186,7.61457196029777,6.69954704960835,6.87419203747073,7.06520494756911,7.14000105326877,198
"199",2017,12,6.16666666666667,6,9,5.6,5,4.5,7,1,5,1,2,4,3533,1613,1920,428,1051,2482,7.11613999433909,7.61543087414755,6.69668364583333,6.86981308411215,7.06032349191246,7.13977542707494,199
"200",2018,1,7.37857142857143,14,7.5625,7.13333333333333,6.5,8.25,7.23333333333333,8,6,2,2,12,3547,1621,1926,430,1053,2494,7.11717581054412,7.61516964836521,6.69804392523364,6.86809302325582,7.06258308641975,7.14022558540497,200
"201",2018,2,6.71428571428571,7,7,6.66666666666667,6,7,6.5,1,6,2,3,4,3554,1622,1932,432,1056,2498,7.11638227349465,7.61479038224414,6.69794648033126,6.86407407407408,7.06240529356061,7.13920040432346,201
"202",2018,3,6.90909090909091,11,6.3,7.41666666666667,NA,7.5,6.85,5,6,0,1,10,3565,1627,1938,432,1057,2508,7.11574266479663,7.61074984634296,6.70017162022704,6.86407407407408,7.06281929044465,7.13804729266348,202
"203",2018,4,7.3,5,7.625,6,6,8.5,7,4,1,1,1,4,3570,1631,1939,433,1058,2512,7.11600072829132,7.61078479460454,6.69981052088705,6.86207852193996,7.06417768431002,7.13782747213376,203
"204",2018,5,6.22222222222222,9,6.66666666666667,6,6.66666666666667,2,6.75,3,6,3,1,8,3579,1634,1945,436,1059,2520,7.11375317127689,7.60905140758874,6.69765172236504,6.86073394495413,7.05939564683664,7.13659627380952,204
"205",2018,6,7.0625,8,7.3,6.66666666666667,7,8,6.92857142857143,5,3,1,1,7,3587,1639,1948,437,1060,2527,7.11363886255924,7.60810860280659,6.69760400410677,6.86105263157895,7.06028300943396,7.13602002770083,205
"206",2018,7,7.16666666666667,6,7,7.25,7,7,7.2,2,4,1,1,5,3593,1641,1952,438,1061,2532,7.11372741441692,7.60736745886654,6.69873596311475,6.8613698630137,7.06022619227144,7.13614637045814,206
"207",2018,8,5.86363636363636,11,5.8,5.91666666666667,6.5,8,5.65,5,6,1,1,10,3604,1646,1958,439,1062,2542,7.10991193118757,7.6018772782503,6.69633942798774,6.86054669703873,7.06111110169491,7.13030000393391,207
"208",2018,9,7.15,12,7.41666666666667,6.88333333333333,NA,7.76666666666667,6.94444444444444,6,6,0,3,9,3616,1652,1964,439,1065,2551,7.11004496681416,7.60120460048426,6.69691069246436,6.86054669703873,7.06309858215962,7.1296443002744,208
"209",2018,10,7.5,2,8,7,NA,NA,7.5,1,1,0,0,2,3618,1653,1965,439,1065,2553,7.11026053067993,7.60144585601936,6.69706493638677,6.86054669703873,7.06309858215962,7.12993443399922,209
"210",2018,11,6.56,5,9,5.95,5,NA,6.56,1,4,1,0,5,3623,1654,1969,440,1065,2558,7.10950113165885,7.60229141475212,6.69554728288471,6.85631818181818,7.06309858215962,7.12882041047694,210
"211",2018,12,6.35785714285714,14,6.71428571428571,6.00142857142857,NA,7.00333333333333,6.18181818181818,7,7,0,3,11,3637,1661,1976,440,1068,2569,7.10660780863349,7.59854906682721,6.69308836032388,6.85631818181818,7.06293070224719,7.12476551576489,211
"212",2019,1,6.83333333333333,12,7.4,6.42857142857143,5.66666666666667,6.3,7.21428571428571,5,7,3,5,7,3649,1666,1983,443,1073,2576,7.10570912578789,7.59795318127251,6.69215461422088,6.8482618510158,7.05937557315937,7.12500877717391,212
"213",2019,2,7.48888888888889,9,7.65,7.16666666666667,8,7.35,7.6,6,3,1,4,5,3658,1672,1986,444,1077,2581,7.10665188627665,7.59813995215311,6.69287139979859,6.85085585585586,7.06045495821727,7.1259289461449,213
"214",2019,3,6.72727272727273,11,7.25,6.42857142857143,5.5,6,6.88888888888889,4,7,2,2,9,3669,1676,1993,446,1079,2590,7.10551447260834,7.59730906921241,6.69194310085298,6.84479820627803,7.05848933271548,7.12510525482625,214
"215",2019,4,5.61666666666667,6,7,4.23333333333333,3,4.35,6.25,3,3,1,2,4,3675,1679,1996,447,1081,2594,7.10308370068027,7.59624181060155,6.68824779559118,6.83619686800895,7.05347825161887,7.12375582498072,215
"216",2019,5,6.79166666666667,6,6,6.95,8,7,6.6875,1,5,1,2,4,3681,1680,2001,448,1083,2598,7.10257609345287,7.59529166666667,6.68890184907546,6.83879464285714,7.05337949215143,7.12308414549654,216
"217",2019,6,7.24222222222222,9,7.196,7.3,7,8,7.1475,5,4,2,1,8,3690,1685,2005,450,1084,2606,7.10291669376694,7.59410682492581,6.69012099750623,6.83951111111111,7.05425275830258,7.12315909823484,217
"218",2019,7,6.4,10,6.5,6.3,NA,6,6.57142857142857,5,5,0,3,7,3700,1690,2010,450,1087,2613,7.10101691891892,7.59086982248521,6.68915054726368,6.83951111111111,7.05134313707452,7.12168106008419,218
"219",2019,8,6.6,5,7.5,6,7,NA,6.6,2,3,1,0,5,3705,1692,2013,451,1087,2618,7.10034078272605,7.59076241134752,6.68812349726776,6.83986696230599,7.05134313707452,7.1206847249809,219
"220",2019,9,6.96,5,7.6,6,NA,7.26666666666667,6.5,3,2,0,3,2,3710,1695,2015,451,1090,2620,7.10015164420485,7.59077876106195,6.68744049627791,6.83986696230599,7.0519357706422,7.12021091984733,220
"221",2019,10,7.07142857142857,7,7.2,6.75,NA,7,7.08333333333333,5,2,0,1,6,3717,1700,2017,451,1091,2626,7.10009755178908,7.5896294117647,6.68750252850768,6.83986696230599,7.05188816681943,7.12012666031988,221
"222",2019,11,6.7,5,6.5,6.83333333333333,7.75,7.75,6,2,3,2,2,3,3722,1702,2020,453,1093,2629,7.09956007522837,7.58834900117509,6.68771910891089,6.84388520971303,7.05316559011894,7.11884846329403,222
"223",2019,12,6.94230769230769,13,7.63888888888889,5.375,NA,7.5,6.84090909090909,9,4,0,2,11,3735,1711,2024,453,1095,2640,7.09901274431058,7.58861484511981,6.68512480237154,6.84388520971303,7.0539817260274,7.11769038257576,223
"224",2020,1,7.01666666666667,12,7.42857142857143,6.44,7.1,7.175,6.9375,7,5,2,4,8,3747,1718,2029,455,1099,2648,7.09874902588738,7.58796274738067,6.6845207491375,6.84501098901099,7.05442219290264,7.11714600075529,224
"225",2020,2,7.32769230769231,13,7.166,7.86666666666667,NA,NA,7.32769230769231,10,3,0,0,13,3760,1728,2032,455,1099,2661,7.09954058510638,7.58552083333333,6.68626604330709,6.84501098901099,7.05442219290264,7.11817459977452,225
"226",2020,3,6.48333333333333,6,6.58,6,NA,5,7.225,5,1,0,2,4,3766,1733,2033,455,1101,2665,7.09855884227297,7.58261973456434,6.6859284800787,6.84501098901099,7.05069027247956,7.1183349380863,226
"227",2020,4,6.48,10,9,6.2,8,6.4,6.5,1,9,2,2,8,3776,1734,2042,457,1103,2673,7.09692070974576,7.58343713956171,6.68378677766895,6.85006564551422,7.04951041704442,7.11648432846988,227
"228",2020,5,6.9,5,6.5,7.5,8,NA,6.9,3,2,1,0,5,3781,1737,2044,458,1103,2678,7.09666030150754,7.58156591824985,6.68458542074364,6.85257641921397,7.04951041704442,7.11608013816281,228
"229",2020,6,6.42857142857143,7,7.375,5.16666666666667,5,7.25,6.1,4,3,2,2,5,3788,1741,2047,460,1105,2683,7.09542571277719,7.58109132682366,6.68236082071324,6.84452173913044,7.04987329411765,7.11418658591129,229
"230",2020,7,5.94444444444444,9,6.75,5.3,7,5.25,6.14285714285714,4,5,1,2,7,3797,1745,2052,461,1107,2690,7.09269755069792,7.57918624641834,6.6789924951267,6.8448590021692,7.04662149051491,7.11165896282528,230
"231",2020,8,7.12,10,7.8,6.44,7,6.6,7.25,5,5,1,2,8,3807,1750,2057,462,1109,2698,7.09276926713948,7.57981714285714,6.67841157024793,6.84519480519481,7.04581604147881,7.11206916604892,231
"232",2020,9,6.67307692307692,13,6.5,6.725,7.91666666666667,NA,6.67307692307692,3,10,3,0,13,3820,1753,2067,465,1109,2711,7.0913409947644,7.57796919566457,6.67863696178036,6.85210752688172,7.04581604147881,7.10996407598672,232
"233",2020,10,6.56,9,6.64,6.55,NA,NA,6.56,1,8,0,0,9,3829,1754,2075,465,1109,2720,7.09009208670671,7.57743443557582,6.67814101204819,6.85210752688172,7.04581604147881,7.10814434191176,233
"234",2020,11,6.875,8,7.33333333333333,6.6,9,NA,6.875,3,5,1,0,8,3837,1757,2080,466,1109,2728,7.08964362783425,7.57701764371087,6.67795317307692,6.85671673819743,7.04581604147881,7.10746063416422,234
"235",2020,12,7.35333333333333,15,7.71428571428571,7.0375,7.5,7.4,7.34615384615385,7,8,2,2,13,3852,1764,2088,468,1111,2741,7.0906704569055,7.57756235827664,6.67933074712644,6.85946581196581,7.04645363636364,7.10859270704123,235
"236",2021,1,7.125,8,7.3,6.83333333333333,7,7.5,7.07142857142857,5,3,1,1,7,3860,1769,2091,469,1112,2748,7.09074160621762,7.5767778405879,6.67955169775227,6.85976545842218,7.04686150179856,7.10849803857351,236
"237",2021,2,6.88888888888889,9,7.5,6.71428571428571,NA,NA,6.88888888888889,2,7,0,0,9,3869,1771,2098,469,1112,2757,7.09027205996382,7.576691134952,6.67966758817922,6.85976545842218,7.04686150179856,7.10778114254625,237
"238",2021,3,5.4,10,6.2,4.6,4.5,5.33333333333333,5.42857142857143,5,5,2,3,7,3879,1776,2103,471,1115,2764,7.08591456560969,7.57281531531531,6.67472306229196,6.84974522292994,7.04225111210762,7.1035284406657,238
"239",2021,4,5.66666666666667,6,6,5.6,NA,6,5.6,1,5,0,1,5,3885,1777,2108,471,1116,2769,7.08372267696268,7.57193021947102,6.6721739089184,6.84974522292994,7.0413171953405,7.10081351029253,239
"240",2021,5,6.11428571428571,7,6.4,6,7,6,6.13333333333333,2,5,1,1,6,3892,1779,2113,472,1117,2775,7.08197908530319,7.57061270376616,6.67058334122101,6.85006355932203,7.04038495076097,7.09872166126126,240
"241",2021,6,6.5,2,6.5,NA,NA,NA,6.5,2,0,0,0,2,3894,1781,2113,472,1117,2777,7.08168017462763,7.56941044357102,6.67058334122101,6.85006355932203,7.04038495076097,7.09829046092906,241
"242",2021,7,6.42857142857143,7,6.66666666666667,6.25,NA,6,6.6,3,4,0,2,5,3901,1784,2117,472,1119,2782,7.08050822865932,7.56789237668161,6.66978866320264,6.85006355932203,7.03852546023235,7.09739489935298,242
"243",2021,8,8,3,7.5,9,NA,NA,8,2,1,0,0,3,3904,1786,2118,472,1119,2785,7.08121480532787,7.5678163493841,6.67088885741265,6.85006355932203,7.03852546023235,7.09836718491921,243
"244",2021,9,5.4975,4,6.75,4.245,NA,5.5,5.49666666666667,2,2,0,1,3,3908,1788,2120,472,1120,2788,7.07959380757421,7.56690156599552,6.66860028301887,6.85006355932203,7.03715177678572,7.09664369081779,244
"245",2021,10,7.75,4,8.33333333333333,6,NA,NA,7.75,3,1,0,0,4,3912,1791,2121,472,1120,2792,7.08027929447853,7.56818537130095,6.66828505421971,6.85006355932203,7.03715177678572,7.09757973137536,245
"246",2021,11,6.85,8,6.6,7,NA,6.4,7,3,5,0,2,6,3920,1794,2126,472,1122,2798,7.07980933673469,7.5665663322185,6.66906519285042,6.85006355932203,7.03601603386809,7.09737048248749,246
"247",2021,12,6.57142857142857,7,6.6,6.5,7,5.33333333333333,7.5,5,2,1,3,4,3927,1799,2128,473,1125,2802,7.07890313216196,7.56387993329627,6.66890629699248,6.85038054968288,7.03147554666667,7.09794525695932,247
"248",2022,1,6.61538461538461,13,7.5,6.35,5,6.33333333333333,6.7,3,10,2,3,10,3940,1802,2138,475,1128,2812,7.07737375634518,7.56377358490566,6.66741468662301,6.84258947368421,7.029618785461,7.09653008890469,248
"249",2022,2,6.85555555555556,18,6.73333333333333,6.91666666666667,7,6.625,6.92142857142857,6,12,4,4,14,3958,1808,2150,479,1132,2826,7.0763649823143,7.56101769911504,6.66880586046512,6.84390396659708,7.02818903710248,7.09566263623496,249
"250",2022,3,6.789,10,7.25,6.48166666666667,6,7.29666666666667,6.57142857142857,4,6,1,3,7,3968,1812,2156,480,1135,2833,7.07564077620968,7.56033112582781,6.66828506493506,6.84214583333333,7.02889866960353,7.09436731733145,250
"251",2022,4,6.5625,8,7,5.83333333333333,NA,8,6.35714285714286,5,3,0,1,7,3976,1817,2159,480,1136,2840,7.07460829979879,7.55878921298844,6.66712487262621,6.84214583333333,7.02975351232395,7.09255021478873,251
"252",2022,5,7.4,5,8.5,6.66666666666667,NA,NA,7.4,2,3,0,0,5,3981,1819,2162,480,1136,2845,7.07501698065813,7.55982407916437,6.66712423681776,6.84214583333333,7.02975351232395,7.09309054833041,252
"253",2022,6,6.61111111111111,9,7,6.3,7,7,6.41666666666667,4,5,1,3,6,3990,1823,2167,481,1139,2851,7.0739705764411,7.55859572133845,6.6662771573604,6.84247401247401,7.02967514486392,7.09166699754472,253
"254",2022,7,7,5,6.66666666666667,7.5,6,6,7.25,3,2,1,1,4,3995,1826,2169,482,1140,2855,7.07387799749687,7.55713033953997,6.6670459197787,6.84072614107884,7.02877192105263,7.09188883012259,254
"255",2022,8,7.25454545454545,11,8.5,6.7875,7.15,8.5,6.97777777777778,3,8,2,2,9,4006,1829,2177,484,1142,2864,7.0743740888667,7.55867687260798,6.66748856224161,6.84200413223141,7.03134850262697,7.09153024092179,255
"256",2022,9,6.2,4,5.9,6.5,NA,4.5,7.9,2,2,0,2,2,4010,1831,2179,484,1144,2866,7.07350189526185,7.55686510103768,6.66733483249197,6.84200413223141,7.02692306818182,7.09209442079553,256
"257",2022,10,6.75,8,7,6.5,NA,6.33333333333333,7,4,4,0,3,5,4018,1835,2183,484,1147,2871,7.07285778994525,7.55565122615803,6.66702821804855,6.84200413223141,7.0251089712293,7.09193403343783,257
"258",2022,11,7.8,6,9.16666666666667,6.43333333333333,NA,NA,7.8,3,3,0,0,6,4024,1838,2186,484,1147,2877,7.07394199801193,7.55828073993471,6.66670750228728,6.84200413223141,7.0251089712293,7.09341070907195,258
"259",2022,12,6.55,10,7,6.4375,6.5,NA,6.55,2,8,2,0,10,4034,1840,2194,486,1147,2887,7.07264318294497,7.55767391304347,6.66587174111212,6.84059670781893,7.0251089712293,7.09152844128853,259
