"","year","month","avg_rating","no_ratings","avg_rating_owned","avg_rating_not_owned","avg_rating_prev_owned","avg_rating_comment","avg_rating_no_comment","no_ratings_owned","no_ratings_not_owned","no_ratings_prev_owned","no_ratings_comment","no_ratings_no_comment","cum_no_ratings","cum_no_ratings_owned","cum_no_ratings_not_owned","cum_no_ratings_prev_owned","cum_no_ratings_comment","cum_no_ratings_no_comment","cum_avg_rating","cum_avg_rating_owned","cum_avg_rating_not_owned","cum_avg_rating_prev_owned","cum_avg_rating_comment","cum_avg_rating_no_comment","month_after_release"
"1",2001,9,9,1,9,NA,NA,9,NA,1,0,0,1,0,1,1,0,0,1,0,9,9,NA,NA,9,NA,4
"2",2002,3,8,1,8,NA,NA,8,NA,1,0,0,1,0,2,2,0,0,2,0,8.5,8.5,NA,NA,8.5,NA,10
"3",2002,7,7,1,7,NA,NA,NA,7,1,0,0,0,1,3,3,0,0,2,1,8,8,NA,NA,8.5,7,14
"4",2003,1,7,1,NA,7,NA,NA,7,0,1,0,0,1,4,3,1,0,2,2,7.75,8,7,NA,8.5,7,20
"5",2003,4,8,1,NA,8,NA,NA,8,0,1,0,0,1,5,3,2,0,2,3,7.8,8,7.5,NA,8.5,7.33333333333333,23
"6",2003,5,7.5,2,7.5,NA,NA,NA,7.5,2,0,0,0,2,7,5,2,0,2,5,7.71428571428571,7.8,7.5,NA,8.5,7.4,24
"7",2003,8,7,3,8,5,NA,8,6.5,2,1,0,1,2,10,7,3,0,3,7,7.5,7.85714285714286,6.66666666666667,NA,8.33333333333333,7.14285714285714,27
"8",2003,9,7,1,7,NA,NA,NA,7,1,0,0,0,1,11,8,3,0,3,8,7.45454545454545,7.75,6.66666666666667,NA,8.33333333333333,7.125,28
"9",2003,10,7,2,7,7,NA,7,7,1,1,0,1,1,13,9,4,0,4,9,7.38461538461539,7.66666666666667,6.75,NA,8,7.11111111111111,29
"10",2003,11,7.5,2,7.5,NA,NA,7.5,NA,2,0,0,2,0,15,11,4,0,6,9,7.4,7.63636363636364,6.75,NA,7.83333333333333,7.11111111111111,30
"11",2003,12,7.33333333333333,3,9,4,NA,6.5,9,2,1,0,2,1,18,13,5,0,8,10,7.38888888888889,7.84615384615385,6.2,NA,7.5,7.3,31
"12",2004,1,7.375,4,8,7.16666666666667,NA,NA,7.375,1,3,0,0,4,22,14,8,0,8,14,7.38636363636364,7.85714285714286,6.5625,NA,7.5,7.32142857142857,32
"13",2004,2,6.71428571428571,7,8,5,NA,6.33333333333333,7,4,3,0,3,4,29,18,11,0,11,18,7.22413793103448,7.88888888888889,6.13636363636364,NA,7.18181818181818,7.25,33
"14",2004,3,7.08333333333333,6,7.9,3,NA,6.875,7.5,5,1,0,4,2,35,23,12,0,15,20,7.2,7.89130434782609,5.875,NA,7.1,7.275,34
"15",2004,4,6.75,8,7.6,5.33333333333333,NA,6.4,7.33333333333333,5,3,0,5,3,43,28,15,0,20,23,7.11627906976744,7.83928571428571,5.76666666666667,NA,6.925,7.28260869565217,35
"16",2004,5,7.116,5,8,5.79,NA,6.58,7.25,3,2,0,1,4,48,31,17,0,21,27,7.11625,7.85483870967742,5.76941176470588,NA,6.90857142857143,7.27777777777778,36
"17",2004,6,7,1,7,NA,NA,7,NA,1,0,0,1,0,49,32,17,0,22,27,7.11387755102041,7.828125,5.76941176470588,NA,6.91272727272727,7.27777777777778,37
"18",2004,7,7.71666666666667,6,7.96,6.5,NA,7.76666666666667,7.66666666666667,5,1,0,3,3,55,37,18,0,25,30,7.17963636363636,7.84594594594595,5.81,NA,7.0152,7.31666666666667,38
"19",2004,8,7.5,4,8,6,NA,7.5,7.5,3,1,0,2,2,59,40,19,0,27,32,7.20135593220339,7.8575,5.82,NA,7.05111111111111,7.328125,39
"20",2004,9,7,5,7.25,6,NA,NA,7,4,1,0,0,5,64,44,20,0,27,37,7.185625,7.80227272727273,5.829,NA,7.05111111111111,7.28378378378378,40
"21",2004,10,7.78571428571429,7,7.75,7.83333333333333,NA,7.7,8,4,3,0,5,2,71,48,23,0,32,39,7.24478873239437,7.79791666666667,6.0904347826087,NA,7.1525,7.32051282051282,41
"22",2004,11,6.83333333333333,3,6.75,7,NA,6.75,7,2,1,0,2,1,74,50,24,0,34,40,7.22810810810811,7.756,6.12833333333333,NA,7.12882352941177,7.3125,42
"23",2004,12,7.16666666666667,3,7.16666666666667,NA,NA,7.16666666666667,NA,3,0,0,3,0,77,53,24,0,37,40,7.22571428571429,7.72264150943396,6.12833333333333,NA,7.13189189189189,7.3125,43
"24",2005,1,7,5,6.75,8,8,7.5,6.66666666666667,4,1,1,2,3,82,57,25,1,39,43,7.2119512195122,7.65438596491228,6.2032,8,7.15076923076923,7.26744186046512,44
"25",2005,2,7.33333333333333,3,7,8,8,7,7.5,2,1,1,1,2,85,59,26,2,40,45,7.21623529411765,7.63220338983051,6.27230769230769,8,7.147,7.27777777777778,45
"26",2005,3,7,4,7,7,NA,8.5,5.5,2,2,0,2,2,89,61,28,2,42,47,7.20651685393258,7.61147540983607,6.32428571428571,8,7.21142857142857,7.20212765957447,46
"27",2005,4,7.08333333333333,6,7.83333333333333,6.33333333333333,NA,8,6.9,3,3,0,1,5,95,64,31,2,43,52,7.19873684210526,7.621875,6.32516129032258,8,7.22976744186047,7.17307692307692,47
"28",2005,5,7.5,2,8,7,NA,NA,7.5,1,1,0,0,2,97,65,32,2,43,54,7.20494845360825,7.62769230769231,6.34625,8,7.22976744186047,7.18518518518519,48
"29",2005,6,5.16666666666667,3,6,4.75,NA,4.75,6,1,2,0,2,1,100,66,34,2,45,55,7.1438,7.6030303030303,6.25235294117647,8,7.11955555555556,7.16363636363636,49
"30",2005,7,6.58333333333333,6,6.875,6,6,6.5,7,4,2,1,5,1,106,70,36,3,50,56,7.11207547169811,7.56142857142857,6.23833333333333,7.33333333333333,7.0576,7.16071428571429,50
"31",2005,8,7.22222222222222,9,7.5,6.66666666666667,NA,7.66666666666667,6.33333333333333,6,3,0,6,3,115,76,39,3,56,59,7.12069565217391,7.55657894736842,6.27128205128205,7.33333333333333,7.12285714285714,7.11864406779661,51
"32",2005,9,7.25,4,7.66666666666667,6,NA,7,8,3,1,0,3,1,119,79,40,3,59,60,7.12504201680672,7.56075949367089,6.2645,7.33333333333333,7.11661016949153,7.13333333333333,52
"33",2005,10,7.625,4,7.625,NA,NA,7,7.83333333333333,4,0,0,1,3,123,83,40,3,60,63,7.14130081300813,7.56385542168675,6.2645,7.33333333333333,7.11466666666667,7.16666666666667,53
"34",2005,11,7.18181818181818,11,7.57142857142857,6.5,NA,6.5,8,7,4,0,6,5,134,90,44,3,66,68,7.14462686567164,7.56444444444444,6.28590909090909,7.33333333333333,7.05878787878788,7.22794117647059,54
"35",2005,12,6.71428571428571,7,7,6.5,9,6.75,6.66666666666667,3,4,1,4,3,141,93,48,4,70,71,7.12326241134752,7.54623655913978,6.30375,7.75,7.04114285714286,7.20422535211268,55
"36",2006,1,6.61111111111111,9,7.625,5.8,6.5,6.6875,6,4,5,2,8,1,150,97,53,6,78,72,7.09253333333333,7.54948453608247,6.25622641509434,7.33333333333333,7.00487179487179,7.1875,56
"37",2006,2,7.22222222222222,9,7.6,6.75,8,7.14285714285714,7.5,5,4,1,7,2,159,102,57,7,85,74,7.09987421383648,7.55196078431373,6.29087719298246,7.42857142857143,7.01623529411765,7.19594594594595,57
"38",2006,3,6.14285714285714,7,6.7,4.75,NA,NA,6.14285714285714,5,2,0,0,7,166,107,59,7,85,81,7.05951807228916,7.51214953271028,6.23864406779661,7.42857142857143,7.01623529411765,7.10493827160494,58
"39",2006,4,6.25,4,8,5.66666666666667,NA,6.33333333333333,6,1,3,0,3,1,170,108,62,7,88,82,7.0404705882353,7.51666666666667,6.21096774193548,7.42857142857143,6.99295454545455,7.09146341463415,59
"40",2006,5,6.72727272727273,11,7,6.4,NA,7.3,6.25,6,5,0,5,6,181,114,67,7,93,88,7.0214364640884,7.48947368421053,6.22507462686567,7.42857142857143,7.0094623655914,7.03409090909091,60
"41",2006,6,6.625,12,7.1,6.28571428571429,8,6.8,6.5,5,7,2,5,7,193,119,74,9,98,95,6.99678756476684,7.47310924369748,6.23081081081081,7.55555555555556,6.99877551020408,6.99473684210526,61
"42",2006,7,7.16666666666667,9,7.25,7.1,7,7.33333333333333,6.83333333333333,4,5,1,6,3,202,123,79,10,104,98,7.00435643564357,7.46585365853659,6.28582278481013,7.5,7.01807692307692,6.98979591836735,62
"43",2006,8,7.08333333333333,6,8,6.625,6,6.875,7.5,2,4,1,4,2,208,125,83,11,108,100,7.00663461538462,7.4744,6.30216867469879,7.36363636363636,7.01277777777778,7,63
"44",2006,9,7,8,7.8,5.66666666666667,7,5.5,7.5,5,3,1,2,6,216,130,86,12,110,106,7.00638888888889,7.48692307692308,6.28,7.33333333333333,6.98527272727273,7.02830188679245,64
"45",2006,10,6.275,8,7.16666666666667,5.74,7,7.5,5.86666666666667,3,5,1,2,6,224,133,91,13,112,112,6.98026785714286,7.4796992481203,6.25032967032967,7.30769230769231,6.99446428571429,6.96607142857143,65
"46",2006,11,7.5,9,7.21428571428571,8.5,NA,7.83333333333333,7.33333333333333,7,2,0,3,6,233,140,93,13,115,118,7.00034334763949,7.46642857142857,6.29870967741935,7.30769230769231,7.01634782608696,6.98474576271186,66
"47",2006,12,7.02272727272727,11,7.02777777777778,7,NA,7.25,6.83333333333333,9,2,0,5,6,244,149,95,13,120,124,7.00135245901639,7.43993288590604,6.31347368421053,7.30769230769231,7.02608333333333,6.97741935483871,67
"48",2007,1,6.71428571428571,21,7.04166666666667,6.27777777777778,6,6.4,7,12,9,2,10,11,265,161,104,15,130,135,6.97860377358491,7.41024844720497,6.31038461538462,7.13333333333333,6.97792307692308,6.97925925925926,68
"49",2007,2,6.9165225,12,7,6.833045,NA,7.2,6.71403857142857,6,6,0,5,7,277,167,110,15,135,142,6.97591433212996,7.39550898203593,6.33889336363636,7.13333333333333,6.98614814814815,6.966185,69
"50",2007,3,6.61428571428571,14,7,6.46,NA,7,6.46,4,10,0,4,10,291,171,120,15,139,152,6.95851639175258,7.38625730994152,6.34898558333333,7.13333333333333,6.98654676258993,6.93288335526316,70
"51",2007,4,6.72222222222222,9,7.16666666666667,6.5,7,6.8,6.625,3,6,1,5,4,300,174,126,16,144,156,6.95142756666667,7.38247126436782,6.35617674603175,7.125,6.98006944444444,6.92498891025641,71
"52",2007,5,6.75,14,6.78571428571429,6.71428571428571,NA,6.33333333333333,6.86363636363636,7,7,0,3,11,314,181,133,16,147,167,6.94244671974522,7.35939226519337,6.37502458646617,7.125,6.96687074829932,6.9209477245509,72
"53",2007,6,7.31666666666667,12,7.25,7.65,8.3,7.66666666666667,7.2,10,2,1,3,9,326,191,135,17,150,176,6.95622168711657,7.35366492146597,6.39391311111111,7.19411764705882,6.98086666666667,6.93521744318182,73
"54",2007,7,6.5,9,6.92857142857143,5,NA,7,6.35714285714286,7,2,0,2,7,335,198,137,17,152,183,6.94396498507463,7.33863636363636,6.37356401459854,7.19411764705882,6.98111842105263,6.91310530054645,74
"55",2007,8,6.4,10,7.16666666666667,5.25,5.5,6.25,6.5,6,4,2,4,6,345,204,141,19,156,189,6.92819788405797,7.33357843137255,6.34168985815603,7.01578947368421,6.96237179487179,6.89999084656085,75
"56",2007,9,6.8,14,7.03333333333333,6.625,6,6.75,6.82,6,8,1,4,10,359,210,149,20,160,199,6.92319852367688,7.325,6.3569011409396,6.965,6.9570625,6.89597120603015,76
"57",2007,10,7.16666666666667,9,7.7,6.5,7,7.8,6.375,5,4,2,5,4,368,215,153,22,165,203,6.9291529076087,7.33372093023256,6.3606422875817,6.96818181818182,6.98260606060606,6.8857057635468,77
"58",2007,11,7.03571428571429,14,7.45,6,NA,6.9,7.11111111111111,10,4,0,5,9,382,225,157,22,170,212,6.93305829842932,7.33888888888889,6.35145394904459,6.96818181818182,6.98017647058823,6.89527485849057,78
"59",2007,12,6.72285714285714,35,7.4695652173913,5.29166666666667,6.16666666666667,7.13333333333333,6.415,23,12,3,15,20,417,248,169,25,185,232,6.91541551558753,7.35100806451613,6.27620278106509,6.872,6.99259459459459,6.85387185344828,79
"60",2008,1,7.11875,20,7.72916666666667,6.203125,NA,6.89772727272727,7.38888888888889,12,8,0,11,9,437,260,177,25,196,241,6.9247214416476,7.36846153846154,6.27289983050847,6.872,6.98727040816326,6.87385174273859,80
"61",2008,2,6.815,20,7.25384615384615,6,NA,7.28571428571429,6.56153846153846,13,7,0,7,13,457,273,184,25,203,254,6.91991962800875,7.36300366300366,6.26251777173913,6.872,6.99756157635468,6.85786720472441,81
"62",2008,3,6.1875,16,7,5.14285714285714,NA,6.78571428571429,5.72222222222222,9,7,0,7,9,473,282,191,25,210,263,6.89514433403806,7.35141843971631,6.22148308900524,6.872,6.9905,6.81900482889734,82
"63",2008,4,6.9,15,7.05,6.6,7,6.77777777777778,7.08333333333333,10,5,1,9,6,488,292,196,26,219,269,6.89529358606558,7.34109589041096,6.23113913265306,6.87692307692308,6.98175799086758,6.82490063197026,83
"64",2008,5,7.04545454545455,11,7.5,6.875,7,6.91666666666667,7.2,3,8,2,6,5,499,295,204,28,225,274,6.89860374749499,7.34271186440678,6.25638857843137,6.88571428571429,6.98002222222222,6.83174551094891,84
"65",2008,6,6.77631578947368,19,7.04545454545455,6.40625,6.5,7.22222222222222,6.375,11,8,1,9,10,518,306,212,29,234,284,6.89411828185328,7.33202614379085,6.26204372641509,6.87241379310345,6.98933760683761,6.81566292253521,85
"66",2008,7,6.56666666666667,15,6.75,6.35714285714286,7.125,6,6.85,8,7,4,5,10,533,314,219,33,239,294,6.884902945591,7.3171974522293,6.26508342465753,6.9030303030303,6.96864016736402,6.81683085034013,86
"67",2008,8,6,13,7.25,5.44444444444444,5,6.5,5.6875,4,9,4,5,8,546,318,228,37,244,302,6.86383382783883,7.31635220125786,6.23268978070175,6.6972972972973,6.9590368852459,6.7869148013245,87
"68",2008,9,6.6,10,8.33333333333333,5.85714285714286,6,7,6.2,3,7,2,5,5,556,321,235,39,249,307,6.85908861510791,7.32585669781931,6.22150327659574,6.66153846153846,6.959859437751,6.77735592833876,88
"69",2008,10,7,11,7.14285714285714,6.75,6.5,7.33333333333333,6.6,7,4,2,6,5,567,328,239,41,255,312,6.86182234567901,7.32195121951219,6.23034841004184,6.65365853658537,6.96864705882353,6.77451368589743,89
"70",2008,11,6.66842105263158,19,6.79230769230769,6.4,6.2,7.13333333333333,6.25,13,6,2,9,10,586,341,245,43,264,322,6.8555516552901,7.30175953079179,6.23450314285714,6.63255813953488,6.97426136363636,6.75822444099379,90
"71",2008,12,7.27,8,8.05333333333333,6.8,5.5,6.932,7.83333333333333,3,5,2,5,3,594,344,250,45,269,325,6.86113345117845,7.30831395348837,6.24581308,6.58222222222222,6.97347583643123,6.76814852307692,91
"72",2009,1,7.15,22,7.35333333333333,6.71428571428571,6.25,6.80769230769231,7.64444444444444,15,7,4,13,9,616,359,257,49,282,334,6.87145011363636,7.31019498607242,6.25857303501946,6.55510204081633,6.96583333333333,6.79176128742515,92
"73",2009,2,7.03125,16,7.25,6.375,NA,7.57142857142857,6.61111111111111,12,4,0,7,9,632,371,261,49,289,343,6.87549568037975,7.30824797843666,6.26035735632184,6.55510204081633,6.98050173010381,6.78702119533528,93
"74",2009,3,6.75625,16,6.96,6.41666666666667,6.5,6.9,6.70833333333333,10,6,2,4,12,648,381,267,51,293,355,6.87255134259259,7.29910761154856,6.26386992509363,6.55294117647059,6.97940273037543,6.78436132394366,94
"75",2009,4,6.08333333333333,18,5.77777777777778,6.38888888888889,5.5,6.6,5.88461538461539,9,9,2,5,13,666,390,276,53,298,368,6.85122112612613,7.264,6.26794663043478,6.51320754716981,6.97303691275168,6.75257682065217,95
"76",2009,5,5.89285714285714,14,6.58333333333333,5.375,5,6,5.8125,6,8,2,6,8,680,396,284,55,304,376,6.83149010294118,7.25368686868687,6.24279320422535,6.45818181818182,6.95383223684211,6.73257518617021,96
"77",2009,6,6.95,20,7.33333333333333,6.375,7.5,7.2,6.86666666666667,12,8,2,5,15,700,408,292,57,309,391,6.8348761,7.25602941176471,6.24641530821918,6.49473684210526,6.95781553398058,6.73771936061381,97
"78",2009,7,6.92105263157895,19,6.91666666666667,6.92857142857143,7.5,7.5,6.71428571428571,12,7,1,5,14,719,420,299,58,314,405,6.83715336578581,7.24633333333333,6.26238551839465,6.51206896551724,6.96644904458599,6.73690930864197,98
"79",2009,8,7.025,10,7,7.04166666666667,7.08333333333333,7,7.03125,4,6,3,2,8,729,424,305,61,316,413,6.83973013717421,7.24400943396226,6.27771563934426,6.54016393442623,6.96666139240506,6.74261082324455,99
"80",2009,9,7.25,16,7.5,6.92857142857143,7,7,7.36363636363636,9,7,1,5,11,745,433,312,62,321,424,6.84854130201342,7.24933025404157,6.29231817307692,6.54758064516129,6.96718068535826,6.75872233490566,100
"81",2009,10,6.72916666666667,24,7.45,6.21428571428571,6.2,7.22727272727273,6.30769230769231,10,14,5,11,13,769,443,326,67,332,437,6.84481569570871,7.25386004514673,6.28896708588957,6.52164179104478,6.97579819277108,6.74530496567506,101
"82",2009,11,6.675,20,7.42857142857143,6.26923076923077,6.66666666666667,6.75,6.64285714285714,7,13,3,6,14,789,450,339,70,338,451,6.84051111533587,7.25657777777778,6.2882102359882,6.52785714285714,6.9717899408284,6.74212476718403,102
"83",2009,12,6.92307692307692,13,7.83333333333333,6.65,6.5,7.5,6.5625,3,10,2,5,8,802,453,349,72,343,459,6.8418494638404,7.26039735099338,6.29857670487106,6.52708333333333,6.97948979591837,6.73899405228758,103
"84",2010,1,6.49473684210526,19,6.95454545454545,5.8625,5.33333333333333,9,6.35555555555556,11,8,3,1,18,821,464,357,75,344,477,6.83381640682095,7.25314655172414,6.28880467787115,6.47933333333333,6.98536337209302,6.72452467505241,104
"85",2010,2,7.03846153846154,13,7.44444444444444,6.125,7.5,6.6,7.3125,9,4,1,5,8,834,473,361,76,349,485,6.83700631894484,7.25678646934461,6.28698966759003,6.49276315789474,6.97984240687679,6.7342232371134,105
"86",2010,3,6.76923076923077,13,7.14285714285714,6.33333333333333,8,8.33333333333333,6.3,7,6,1,3,10,847,480,367,77,352,495,6.83596608028335,7.255125,6.28774732970027,6.51233766233766,6.99137784090909,6.72545105050505,106
"87",2010,4,6.10789473684211,19,7.71666666666667,5.36538461538461,5.32142857142857,6.76,5.875,6,13,7,5,14,866,486,380,84,357,509,6.81999222863741,7.26082304526749,6.25619281578947,6.41309523809524,6.98813725490196,6.70205946954813,107
"88",2010,5,7.07692307692308,13,7.1,7,6.5,8,7,10,3,2,1,12,879,496,383,86,358,521,6.82379211604096,7.25758064516129,6.26201898172324,6.41511627906977,6.99096368715084,6.70892182341651,108
"89",2010,6,7.06363636363636,11,7.14285714285714,6.925,NA,7.9,6.87777777777778,7,4,0,2,9,890,503,387,86,360,530,6.82675648314607,7.25598409542744,6.26887149870801,6.41511627906977,6.99601388888889,6.71178918867925,109
"90",2010,7,6.375,16,7.14285714285714,5.77777777777778,5.9,7,6.23076923076923,7,9,5,3,13,906,510,396,91,363,543,6.81877844370861,7.25443137254902,6.25771027777778,6.38681318681319,6.99604683195592,6.70027305709024,110
"91",2010,8,6.82,15,7.4125,6.14285714285714,6.1,6.96666666666667,6.72222222222222,8,7,3,6,9,921,518,403,94,369,552,6.81879833876222,7.25687258687259,6.2557153101737,6.37765957446809,6.99556910569106,6.70063092391304,111
"92",2010,9,5.98333333333333,15,6.75,5.6,6,5.75,6.06818181818182,5,10,4,4,11,936,523,413,98,373,563,6.80540947649573,7.25202676864245,6.23983842615012,6.36224489795918,6.98221179624665,6.68827401420959,112
"93",2010,10,6.83666666666667,15,7.47222222222222,5.88333333333333,NA,6.2875,7.46428571428571,9,6,0,8,7,951,532,419,98,381,570,6.80590249211357,7.25575187969925,6.23473334128878,6.36224489795918,6.96762467191601,6.69780398245614,113
"94",2010,11,6.59615384615385,26,6.96666666666667,6.09090909090909,6.375,7.3125,6.27777777777778,15,11,4,8,18,977,547,430,102,389,588,6.80032064483112,7.24782449725777,6.23105411627907,6.36274509803922,6.97471722365039,6.68494603741497,114
"95",2010,12,6.37434782608696,23,7.09307692307692,5.44,6.38,6.83333333333333,6.07928571428571,13,10,5,9,14,1000,560,440,107,398,602,6.79052327,7.24423214285714,6.21307561363636,6.36355140186916,6.97152010050251,6.67086091362126,115
"96",2011,1,7.20322580645161,31,7.4,6.84545454545455,6.56,7.05555555555556,7.26363636363636,20,11,5,9,22,1031,580,451,112,407,624,6.80293236663434,7.24960344827586,6.22849949002217,6.37232142857143,6.97337837837838,6.69176004807692,116
"97",2011,2,6.87684210526316,19,7.18181818181818,6.4575,6.88666666666667,7.516,6.16666666666667,11,8,3,10,9,1050,591,459,115,417,633,6.80426978095238,7.24834179357022,6.23249078431373,6.38573913043478,6.98639088729017,6.68429426540284,117
"98",2011,3,6.62105263157895,19,7.57142857142857,6.06666666666667,6,7.5,6.45625,7,12,3,3,16,1069,598,471,118,420,649,6.80101334892423,7.2521237458194,6.22826596602973,6.37593220338983,6.99005952380953,6.67867221879815,118
"99",2011,4,6.84210526315789,19,7.54166666666667,5.64285714285714,6,7.92857142857143,6.20833333333333,12,7,1,7,12,1088,610,478,119,427,661,6.80173094669118,7.25781967213115,6.2196930334728,6.3727731092437,7.0054449648712,6.67013354009077,119
"100",2011,5,6.665,20,7.08,6.25,6.1875,6.5,6.73571428571429,10,10,8,6,14,1108,620,488,127,433,675,6.79926287906137,7.25495161290323,6.22031407786885,6.36110236220472,6.99844110854504,6.67149373333334,120
"101",2011,6,6.90740740740741,27,7.14705882352941,6.5,5.9,7.35714285714286,6.75,17,10,5,7,20,1135,637,498,132,440,695,6.80183548017621,7.25207221350079,6.22593026104418,6.34363636363636,7.00414772727273,6.67375290647482,121
"102",2011,7,6.71739130434783,23,7.66666666666667,5.68181818181818,5.5,6.88888888888889,6.60714285714286,12,11,6,9,14,1158,649,509,138,449,709,6.80015826424871,7.25973805855162,6.21417145383104,6.30695652173913,7.00183741648107,6.67243761636107,122
"103",2011,8,6.53,10,7.33333333333333,6.18571428571429,4,6.25,6.71666666666667,3,7,1,4,6,1168,652,516,139,453,715,6.79784526541096,7.26007668711657,6.21378540697675,6.29035971223021,6.99519867549669,6.67280876923077,123
"104",2011,9,5.875,24,6.77777777777778,5.33333333333333,6.4,5.9,5.85714285714286,9,15,5,10,14,1192,661,531,144,463,729,6.77926448825503,7.25350983358548,6.18891387947269,6.29416666666667,6.97154427645788,6.65714440329218,124
"105",2011,10,6.41428571428571,21,6.9,5.97272727272727,6.16666666666667,7.36666666666667,6.03333333333333,10,11,6,6,15,1213,671,542,150,469,744,6.77294581203627,7.24824143070045,6.18452632841328,6.28906666666667,6.97659914712154,6.6445675672043,125
"106",2011,11,6.38260869565217,23,6.84545454545455,5.95833333333333,7.5,6.0125,6.58,11,12,1,8,15,1236,682,554,151,477,759,6.76568225728155,7.24174486803519,6.17962684115524,6.29708609271523,6.96042976939203,6.64329152832675,126
"107",2011,12,5.985,20,6.53333333333333,5.75,6,5.58333333333333,6.15714285714286,6,14,2,6,14,1256,688,568,153,483,773,6.7532510111465,7.23556686046512,6.1690374471831,6.29320261437908,6.94332298136646,6.63448676584735,127
"108",2012,1,6.85555555555556,27,7.22142857142857,6.46153846153846,6,6.65,6.97647058823529,14,13,2,10,17,1283,702,581,155,493,790,6.75540395167576,7.2352849002849,6.17558222030981,6.28941935483871,6.93737322515213,6.64184591139241,128
"109",2012,2,6.88541666666667,24,7.5,6.51666666666667,6,7.35,6.55357142857143,9,15,5,10,14,1307,711,596,160,503,804,6.75779133129304,7.23863572433193,6.18416656040269,6.280375,6.94557654075547,6.64030879353234,129
"110",2012,3,6.96875,16,7.125,6.5,6.5,6.91666666666667,7,12,4,2,6,10,1323,723,600,162,509,814,6.76034260770975,7.23674965421853,6.18627211666667,6.28308641975309,6.94523575638507,6.64472760442261,130
"111",2012,4,7.20588235294118,17,7.68181818181818,6.33333333333333,6.5,6.5,7.42307692307692,11,6,2,4,13,1340,734,606,164,513,827,6.76599497761194,7.24341961852861,6.18772816831683,6.28573170731707,6.94176413255361,6.65696284159613,131
"112",2012,5,7,10,7.2,6.8,7,8,6.88888888888889,5,5,1,1,9,1350,739,611,165,514,836,6.76772834814815,7.24312584573748,6.19273857610475,6.29006060606061,6.94382295719844,6.65945965311005,132
"113",2012,6,6.22666666666667,15,6.7,5.8125,7.5,6.3,6.19,7,8,2,5,10,1365,746,619,167,519,846,6.76178261538462,7.23802949061662,6.1878243457189,6.30455089820359,6.9376204238921,6.65391048463357,133
"114",2012,7,6.85142857142857,21,6.93571428571429,6.68285714285714,8,6.94285714285714,6.80571428571429,14,7,1,7,14,1386,760,626,168,526,860,6.76314088744589,7.23246052631579,6.19335985623003,6.31464285714286,6.93769011406844,6.65638170930233,134
"115",2012,8,6.24545454545455,22,7.44545454545455,5.04545454545455,6,6.42857142857143,6.16,11,11,1,7,15,1408,771,637,169,533,875,6.75505203835227,7.23549935149157,6.1735373155416,6.31278106508876,6.93100375234522,6.64787230857143,135
"116",2012,9,6.96666666666667,15,7.18181818181818,6.375,NA,6.16666666666667,7.16666666666667,11,4,0,3,12,1423,782,641,169,536,887,6.75728269149684,7.2347442455243,6.17479449297972,6.31278106508876,6.92672574626866,6.6548909470124,136
"117",2012,10,6.02962962962963,27,6.98461538461538,5.14285714285714,5.66666666666667,6.125,5.98947368421053,13,14,3,8,19,1450,795,655,172,544,906,6.74373328965517,7.23065408805032,6.15273781679389,6.30151162790698,6.91493566176471,6.6409362803532,137
"118",2012,11,6.975,20,7.29166666666667,6.5,6,6.9375,7,12,8,1,8,12,1470,807,663,173,552,918,6.7468797755102,7.23156133828996,6.15692800904977,6.29976878612717,6.91526268115942,6.64562992374728,138
"119",2012,12,6.75263157894737,19,6.95454545454545,6.475,6.66666666666667,6,6.89375,11,8,3,3,16,1489,818,671,176,555,934,6.74695316991269,7.22783618581907,6.16072022354694,6.30602272727273,6.91031531531532,6.64988037473233,139
"120",2013,1,6.28333333333333,24,6.73571428571429,5.65,5.5,5,6.71111111111111,14,10,5,6,18,1513,832,681,181,561,952,6.73959898876404,7.21955528846154,6.15322066079295,6.28375690607735,6.88988413547237,6.6510380987395,140
"121",2013,2,6.68,15,6.91111111111111,6.33333333333333,6.33333333333333,7.7,6.17,9,6,3,5,10,1528,841,687,184,566,962,6.73901392015707,7.21625445897741,6.15479369723435,6.2845652173913,6.8970406360424,6.6460377027027,141
"122",2013,3,6.91904761904762,21,7.45,6.43636363636364,6.5,7.64285714285714,6.55714285714286,10,11,2,7,14,1549,851,698,186,573,976,6.74145466107166,7.21900117508813,6.15923104584527,6.28688172043011,6.90615183246073,6.64476257172131,142
"123",2013,4,6.9,17,7.25833333333333,6.04,6,6.125,7.13846153846154,12,5,3,4,13,1566,863,703,189,577,989,6.74317577905491,7.21954808806489,6.15838302987198,6.28232804232804,6.90073656845754,6.65125204246714,143
"124",2013,5,6.77,10,6.85714285714286,6.56666666666667,6.5,6.5,6.8,7,3,1,1,9,1576,870,706,190,578,998,6.74334598350254,7.21663218390805,6.16011794617564,6.28347368421053,6.90004325259516,6.65259345691383,144
"125",2013,6,6.95454545454545,11,7.35714285714286,6.25,8,7.5,6.75,7,4,1,3,8,1587,877,710,191,581,1006,6.74480987397605,7.21775370581528,6.16062432394366,6.29246073298429,6.90314113597246,6.65336806163022,145
"126",2013,7,6.17857142857143,14,7.1,5.66666666666667,7,4.25,6.5,5,9,1,2,12,1601,882,719,192,583,1018,6.73985838226108,7.21708616780045,6.15444126564673,6.29614583333333,6.89403945111492,6.65156018664047,146
"127",2013,8,6.66666666666667,15,7.45,5.1,5.5,6.16666666666667,7,10,5,2,6,9,1616,892,724,194,589,1027,6.73917900371287,7.21969730941704,6.14715921270718,6.2879381443299,6.8866298811545,6.65461370009737,147
"128",2013,9,6.96842105263158,19,7.41538461538462,6,5.5,5.66666666666667,7.2125,13,6,2,3,16,1635,905,730,196,592,1043,6.74184297859327,7.22250828729282,6.14594968493151,6.27989795918367,6.88044763513513,6.66317187919463,148
"129",2013,10,6.76666666666667,15,6.5,7.07142857142857,6.5,6.66666666666667,6.79166666666667,8,7,2,3,12,1650,913,737,198,595,1055,6.74206864848485,7.21617743702081,6.15473985074627,6.28212121212121,6.87936974789916,6.66463343127962,149
"130",2013,11,7.41785714285714,14,8.10625,6.5,5.5,7.75,7.16875,8,6,2,6,8,1664,921,743,200,601,1063,6.74775436899038,7.22390879478827,6.15752795423957,6.2743,6.8880615640599,6.66842734713076,150
"131",2013,12,6.41111111111111,18,6.825,5.58333333333333,6.33333333333333,6.5,6.38571428571429,12,6,3,4,14,1682,933,749,203,605,1077,6.74415176575505,7.21877813504823,6.15292826435247,6.2751724137931,6.88549586776859,6.66475233983287,151
"132",2014,1,7.01666666666667,15,7.025,7,7.5,7,7.02777777777778,10,5,2,6,9,1697,943,754,205,611,1086,6.74656055981143,7.21672322375398,6.15854545092838,6.28712195121951,6.88662029459902,6.66776083793739,152
"133",2014,2,6.825,14,7.18333333333333,6.55625,7,6,6.88846153846154,6,8,2,1,13,1711,949,762,207,612,1099,6.74720237872589,7.21651211801897,6.16272082677165,6.29400966183575,6.88517156862745,6.6703714922657,153
"134",2014,3,6.58333333333333,12,6.9,6.35714285714286,NA,6.33333333333333,6.66666666666667,5,7,0,3,9,1723,954,769,207,615,1108,6.74606109692397,7.21485324947589,6.16449059817945,6.29400966183575,6.88247967479675,6.67034139891697,154
"135",2014,4,7.02692307692308,13,7.19285714285714,6.83333333333333,6,6.55,7.11363636363636,7,6,1,2,11,1736,961,775,208,617,1119,6.74816432603686,7.21469302809574,6.16966873548387,6.29259615384615,6.88140194489465,6.6746990795353,155
"136",2014,5,7.33333333333333,9,7.4,7.25,NA,7.5,7.25,5,4,0,3,6,1745,966,779,208,620,1125,6.75118238968481,7.21565217391305,6.17521600770218,6.29259615384615,6.88439516129032,6.67776735111111,156
"137",2014,6,7.55527272727273,11,7.52875,7.626,NA,6.95933333333333,7.77875,8,3,0,3,8,1756,974,782,208,623,1133,6.75621940205011,7.21822381930185,6.18078167519181,6.29259615384615,6.88475601926164,6.68554127978817,157
"138",2014,7,7.1,13,7.18,6.83333333333333,NA,8.5,6.84545454545455,10,3,0,2,11,1769,984,785,208,625,1144,6.75874577162238,7.21783536585366,6.18327550318471,6.29259615384615,6.8899248,6.68707890734266,158
"139",2014,8,6.98888888888889,9,7.12857142857143,6.5,NA,7.4,6.475,7,2,0,5,4,1778,991,787,208,630,1148,6.75991072553431,7.21720484359233,6.18408039390089,6.29259615384615,6.89397301587301,6.68633995644599,159
"140",2014,9,6.69230769230769,13,6.83333333333333,6.57142857142857,6.5,7,6.5,6,7,2,5,8,1791,997,794,210,635,1156,6.75942002791736,7.21489468405216,6.187495302267,6.29457142857143,6.89480787401575,6.68505040657439,160
"141",2014,10,6.64285714285714,14,7.44444444444444,5.2,5,6.16666666666667,7,9,5,1,6,8,1805,1006,799,211,641,1164,6.75851593905817,7.21694831013917,6.18131573216521,6.28843601895735,6.88799219968799,6.68721500859106,161
"142",2014,11,6.5,12,7.7,5.64285714285714,7.5,6.33333333333333,6.66666666666667,5,7,2,6,6,1817,1011,806,213,647,1170,6.75680862410567,7.21933728981207,6.17663929280397,6.29981220657277,6.8828485316847,6.68710963247863,162
"143",2014,12,6.70454545454545,11,7,6.35,7,6.33333333333333,6.84375,6,5,1,3,8,1828,1017,811,214,650,1178,6.75649413019693,7.21804326450344,6.17770810110974,6.30308411214953,6.88031230769231,6.6881734040747,163
"144",2015,1,6.81818181818182,11,7.25,5.66666666666667,7.5,7.2,6.5,8,3,2,5,6,1839,1025,814,216,655,1184,6.75686311582382,7.21829268292683,6.17582465601966,6.31416666666667,6.88275267175572,6.68721982263513,164
"145",2015,2,5.5,13,4.83333333333333,5.7,6,NA,5.5,3,10,4,0,13,1852,1028,824,220,655,1197,6.74804064254859,7.2113326848249,6.17005008495146,6.30845454545454,6.88275267175572,6.67432604010025,165
"146",2015,3,6.90769230769231,13,6.97142857142857,6.83333333333333,5.625,5.75,7.255,7,6,2,3,10,1865,1035,830,222,658,1207,6.74915349597855,7.20971014492754,6.17484490361446,6.3022972972973,6.87758814589666,6.67913692626346,166
"147",2015,4,6.32555555555556,9,6.5,6.186,5.9825,6.6,5.9825,4,5,4,5,4,1874,1039,835,226,663,1211,6.74711914087513,7.20697786333013,6.1749117005988,6.29663716814159,6.87549472096531,6.67683589595376,167
"148",2015,5,7.57142857142857,7,7.5,7.66666666666667,NA,7.5,7.6,4,3,0,2,5,1881,1043,838,226,665,1216,6.75018674641148,7.20810162991371,6.18025211217184,6.29663716814159,6.87737293233083,6.68063180098684,168
"149",2015,6,7.04166666666667,12,7.14285714285714,6.9,7.375,7.625,6.75,7,5,4,4,8,1893,1050,843,230,669,1224,6.75203447966191,7.20766666666667,6.18452107947805,6.31539130434783,6.88184304932735,6.6810851879085,169
"150",2015,7,6.70769230769231,13,6.74444444444444,6.625,6,5.75,7.13333333333333,9,4,1,4,9,1906,1059,847,231,673,1233,6.7517320409234,7.20372993389991,6.18660126328217,6.31402597402597,6.87511589895988,6.68438626926196,170
"151",2015,8,6.25,14,7,5.6875,6,6,6.29166666666667,6,8,1,2,12,1920,1065,855,232,675,1245,6.748073578125,7.20258215962441,6.18193130994152,6.3126724137931,6.87252296296296,6.68060102008032,171
"152",2015,9,6.88235294117647,17,7,6.71428571428571,6.66666666666667,7,6.84615384615385,10,7,3,4,13,1937,1075,862,235,679,1258,6.74925207537429,7.20069767441861,6.18625437354988,6.3171914893617,6.87327393225331,6.68231182034976,172
"153",2015,10,6.67647058823529,17,7.5,6.22727272727273,6.5,6.83333333333333,6.64285714285714,6,11,2,3,14,1954,1081,873,237,682,1272,6.74861886898669,7.20235892691952,6.18677121420389,6.31873417721519,6.87309824046921,6.68187757075472,173
"154",2015,11,6.66666666666667,12,7.6,6,6,6.83333333333333,6.5,5,7,2,6,6,1966,1086,880,239,688,1278,6.74811865208545,7.20418968692449,6.18528553409091,6.31606694560669,6.87275145348837,6.68102368544601,174
"155",2015,12,6.32142857142857,14,6.83333333333333,5.4,5,5.8,6.61111111111111,9,5,1,5,9,1980,1095,885,240,693,1287,6.74510165151515,7.20114155251142,6.18084889265537,6.31058333333333,6.86501154401154,6.68053478632479,175
"156",2016,1,6.16428571428571,14,7.2875,4.66666666666667,6,7.95,5.45,8,6,4,4,10,1994,1103,891,244,697,1297,6.74102370611835,7.2017679057117,6.17065237934905,6.30549180327869,6.87123816355811,6.67104723978412,176
"157",2016,2,7.21428571428571,7,7.625,6.66666666666667,6,NA,7.21428571428571,4,3,1,0,7,2001,1107,894,245,697,1304,6.74267929535232,7.20329719963866,6.17231685682327,6.30424489795918,6.87123816355811,6.67396339723926,177
"158",2016,3,6.67692307692308,13,7.1625,5.9,5.66666666666667,6.6,6.7,8,5,3,3,10,2014,1115,899,248,700,1314,6.7422548510427,7.20300448430493,6.1708023025584,6.29653225806452,6.87007571428571,6.67416154490106,178
"159",2016,4,7.16666666666667,15,8.42857142857143,6.0625,5.5,6,7.25,7,8,5,1,14,2029,1122,907,253,701,1328,6.74539244455397,7.21065062388592,6.16984704520397,6.28079051383399,6.86883452211127,6.6802321310241,179
"160",2016,5,6.27272727272727,11,6.78571428571429,5.375,6.5,2,7.22222222222222,7,4,1,2,9,2040,1129,911,254,703,1337,6.74284375980392,7.20801594331267,6.16635704720088,6.28165354330709,6.85498293029872,6.68388053103964,180
"161",2016,6,7.45625,16,7.95,6.63333333333333,6,7.625,7.4,10,6,1,4,12,2056,1139,917,255,707,1349,6.74839555933852,7.21453028972783,6.16941250817884,6.28054901960784,6.85933946251768,6.69025075611564,181
"162",2016,7,6.47777777777778,9,6.6,6.325,5,7,6.21666666666667,5,4,1,3,6,2065,1144,921,256,710,1355,6.74721611138014,7.21184440559441,6.17008824104235,6.275546875,6.8599338028169,6.68815370479705,182
"163",2016,8,6.43333333333333,15,6.88888888888889,5.75,7.5,7,6.34615384615385,9,6,1,2,13,2080,1153,927,257,712,1368,6.74495253365384,7.20932350390286,6.16736922330097,6.28031128404669,6.86032724719101,6.68490370614035,183
"164",2016,9,6.53571428571429,14,7,5.7,6.75,6.3,6.66666666666667,9,5,2,5,9,2094,1162,932,259,717,1377,6.74355361509073,7.20770223752152,6.1648618776824,6.28393822393822,6.85641980474198,6.68478450980392,184
"165",2016,10,6.85555555555556,9,7.04,6.625,5,6.5,6.9,5,4,1,1,8,2103,1167,936,260,718,1385,6.74403293865906,7.20698371893745,6.16682827991453,6.279,6.85592339832869,6.68602763176895,185
"166",2016,11,6.98,15,7.27777777777778,6.53333333333333,6,7.75,6.86153846153846,9,6,1,2,13,2118,1176,942,261,720,1398,6.74570409348442,7.20752551020408,6.16916270700637,6.27793103448276,6.85840694444444,6.68765970672389,186
"167",2016,12,6.25,6,6.7,4,NA,6,6.375,5,1,0,2,4,2124,1181,943,261,722,1402,6.74430379943503,7.20537679932261,6.16686242841994,6.27793103448276,6.85602908587258,6.68676766761769,187
"168",2017,1,6.63125,16,7.05555555555556,6.08571428571429,5.86666666666667,8,6.54,9,7,3,1,15,2140,1190,950,264,723,1417,6.74345853738318,7.20424369747899,6.16626449473684,6.27325757575758,6.85761134163209,6.68521402258292,188
"169",2017,2,6.42857142857143,7,7,6,NA,7,6.33333333333333,3,4,0,1,6,2147,1193,954,264,724,1423,6.74243189101071,7.20373009220453,6.16556736897275,6.27325757575758,6.85780801104972,6.68373033731553,189
"170",2017,3,7.10090909090909,11,7.83333333333333,6.222,NA,7.33333333333333,7.01375,6,5,0,3,8,2158,1199,959,264,727,1431,6.74425916126042,7.20688073394496,6.16586159541189,6.27325757575758,6.85977028885832,6.68557531097135,190
"171",2017,4,6.9,5,7.75,6.33333333333333,3,8,6.625,2,3,1,1,4,2163,1201,962,265,728,1435,6.74461917244568,7.20778517901749,6.16638385654886,6.26090566037736,6.86133653846154,6.68540645993031,191
"172",2017,5,6.72222222222222,9,7.6,5.625,3,7.16666666666667,6.5,5,4,1,3,6,2172,1206,966,266,731,1441,6.74452636740331,7.20941127694859,6.16414210144928,6.24864661654135,6.86258960328317,6.68463446911867,192
"173",2017,6,7.33333333333333,9,7.66666666666667,7.16666666666667,6,7,7.42857142857143,3,6,2,2,7,2181,1209,972,268,733,1448,6.74695610729023,7.2105459057072,6.17033052469136,6.24679104477612,6.86296452933151,6.68823084944751,193
"174",2017,7,5.79166666666667,6,7,4.58333333333333,5.5,4.5,7.08333333333333,3,3,1,3,3,2187,1212,975,269,736,1451,6.7443352857796,7.21002475247525,6.16544745641026,6.24401486988847,6.85333288043478,6.68904773949001,194
"175",2017,8,6.5,13,6.8,6.3125,8,8,5.83333333333333,5,8,1,4,9,2200,1217,983,270,740,1460,6.74289148636363,7.20834018077239,6.16664422177009,6.25051851851852,6.85953108108108,6.68377278767123,195
"176",2017,9,6.1875,4,6,6.25,5,6.1875,NA,1,3,1,4,0,2204,1218,986,271,744,1460,6.74188351633394,7.20734811165846,6.16689783975659,6.24590405904059,6.85591801075269,6.68377278767123,196
"177",2017,10,6.20857142857143,14,6.4,6.01714285714286,NA,6.375,6.142,7,7,0,4,10,2218,1225,993,271,748,1470,6.73851725428314,7.20273469387755,6.16584216515609,6.24590405904059,6.85334625668449,6.6800872585034,197
"178",2017,11,7.15733333333333,15,7.52285714285714,6.8375,NA,7.22,7.14166666666667,7,8,0,3,12,2233,1232,1001,271,751,1482,6.74133061800269,7.20455357142857,6.17121005994006,6.24590405904059,6.85481091877497,6.68382474358974,198
"179",2017,12,7.45,20,7.57142857142857,7.38461538461539,7.16666666666667,7.5,7.44117647058824,7,13,3,3,17,2253,1239,1014,274,754,1499,6.7476215135375,7.20662631154157,6.18676653846154,6.25598540145985,6.85737798408488,6.6924137891928,199
"180",2018,1,7.15,22,7.11764705882353,7.26,7,7.4,7.07647058823529,17,5,1,5,17,2275,1256,1019,275,759,1516,6.75151264615385,7.20542197452229,6.19203264965653,6.25869090909091,6.86095256916996,6.69672049472296,200
"181",2018,2,6.67647058823529,17,7.33333333333333,5.9375,NA,7.33333333333333,6.53571428571429,9,8,0,3,14,2292,1265,1027,275,762,1530,6.75095605148342,7.20633201581028,6.19004992210321,6.25869090909091,6.86281233595801,6.69524723529412,201
"182",2018,3,6.45527777777778,36,7.13333333333333,5.97095238095238,5.66333333333333,5.81,6.67037037037037,15,21,3,9,27,2328,1280,1048,278,771,1557,6.74638370704467,7.2054765625,6.18565960877863,6.25226618705036,6.85052269779507,6.6948158445729,202
"183",2018,4,6.8702380952381,42,7.45434782608696,6.16315789473684,5.92857142857143,6,7.1421875,23,19,7,10,32,2370,1303,1067,285,781,1589,6.74857859493671,7.20986953184958,6.18525892221181,6.24431578947368,6.83963252240717,6.70382521711768,203
"184",2018,5,6.79973684210526,38,7.51631578947368,6.08315789473684,6.61142857142857,7.45,6.62633333333333,19,19,7,8,30,2408,1322,1086,292,789,1619,6.74938590946844,7.21427382753404,6.18347262430939,6.25311643835616,6.84582129277567,6.70238929586164,204
"185",2018,6,6.97608695652174,23,7.43,6.125,5.75,6.64,7.06944444444444,15,8,4,5,18,2431,1337,1094,296,794,1637,6.75153075689017,7.21669409124907,6.18304503656307,6.24631756756757,6.84452518891688,6.70642533292608,205
"186",2018,7,6.83060590909091,22,7.15,6.14619,6,6.5,6.8636665,15,7,1,2,20,2453,1352,1101,297,796,1657,6.75223995108031,7.21595414201184,6.18281071752952,6.24548821548821,6.84365954773869,6.70832323476162,206
"187",2018,8,6.72777777777778,18,7.00833333333333,6.16666666666667,6,6.4,6.79333333333333,12,6,1,3,15,2471,1364,1107,298,799,1672,6.75206175637393,7.21412756598241,6.18272321589883,6.2446644295302,6.84199374217772,6.70908588516746,207
"188",2018,9,6.69090909090909,22,7.55833333333333,5.65,5.33333333333333,6.4,6.77647058823529,12,10,3,5,17,2493,1376,1117,301,804,1689,6.75152210188528,7.21712936046512,6.17795398388541,6.23558139534884,6.83924502487562,6.70976412078153,208
"189",2018,10,6.78965517241379,29,7.52666666666667,6,5.33333333333333,6.62857142857143,6.84090909090909,15,14,3,7,22,2522,1391,1131,304,811,1711,6.75196058683584,7.22046728971963,6.17575119363395,6.22667763157895,6.83742663378545,6.7114503798948,209
"190",2018,11,6.74736842105263,19,6.93333333333333,6.42857142857143,7,6.83333333333333,6.70769230769231,12,7,2,6,13,2541,1403,1138,306,817,1724,6.75192624950807,7.218011404134,6.17730632688928,6.23173202614379,6.83739657282742,6.71142204176334,210
"191",2018,12,6.88392857142857,28,7.44117647058824,6.02272727272727,6,6.3,7.01086956521739,17,11,3,5,23,2569,1420,1149,309,822,1747,6.75336496691319,7.22068309859155,6.17582645778938,6.22948220064725,6.83412773722628,6.71536439610761,211
"192",2019,1,6.5,37,7.11904761904762,5.6875,6.4,6.2,6.61111111111111,21,16,5,10,27,2606,1441,1165,314,832,1774,6.74976768994628,7.21920194309508,6.16911982832618,6.2321974522293,6.82650600961538,6.71377767756483,212
"193",2019,2,6.98846153846154,26,7.42777777777778,6,6.5,7.125,6.96363636363636,18,8,2,4,22,2632,1459,1173,316,836,1796,6.75212560790273,7.22177518848527,6.16796641091219,6.23389240506329,6.82793421052632,6.71683830734967,213
"194",2019,3,6.67,25,7.2375,6.14615384615385,5.35,7.21875,6.41176470588235,12,13,4,8,17,2657,1471,1186,320,844,1813,6.75135287918705,7.22190346702924,6.16772731871838,6.22284375,6.83163862559242,6.713977716492,214
"195",2019,4,7.18,20,7.69230769230769,6.22857142857143,6.5,7.2,7.17333333333333,13,7,2,5,15,2677,1484,1193,322,849,1828,6.7545553231229,7.22602425876011,6.16808432523051,6.2245652173913,6.83380800942285,6.71774704595186,215
"196",2019,5,6.49230769230769,13,6.43333333333333,6.54285714285714,4,6,6.53333333333333,6,7,1,1,12,2690,1490,1200,323,850,1840,6.75328795539033,7.2228322147651,6.1702705,6.21767801857585,6.83282705882353,6.71654434782609,216
"197",2019,6,6.57407407407407,27,7.08333333333333,5.55555555555556,7,6.8,6.50952380952381,18,9,1,6,21,2717,1508,1209,324,856,1861,6.75150702981229,7.22116710875332,6.16569445822994,6.22009259259259,6.83259696261682,6.7142082751209,217
"198",2019,7,6.61952631578947,19,7.05190909090909,6.025,6,6.33333333333333,6.6731875,11,8,2,3,16,2736,1519,1217,326,859,1877,6.75059049707602,7.2199414088216,6.16476959737058,6.21874233128834,6.83085331781141,6.71385860415557,218
"199",2019,8,6.97333333333333,18,6.802,7.1875,6.5,7,6.97176470588235,10,8,2,1,17,2754,1529,1225,328,860,1894,6.75204633260712,7.21720797907129,6.17144865306122,6.22045731707317,6.83105,6.71617349524815,219
"200",2019,9,6.42857142857143,14,6.75,6,5,5.16666666666667,6.77272727272727,8,6,1,3,11,2768,1537,1231,329,863,1905,6.75041026011561,7.21477618737801,6.17061299756296,6.21674772036474,6.82526419466976,6.71650005249344,220
"201",2019,10,6.59655172413793,29,7.10714285714286,6.12,6.08333333333333,6.58333333333333,6.6,14,15,6,6,23,2797,1551,1246,335,869,1928,6.74881501608867,7.21380464216635,6.1700036918138,6.21435820895522,6.82359378596087,6.71511026970955,221
"202",2019,11,6.37666666666667,30,7.34117647058823,5.11538461538461,5.4,6.21428571428571,6.42608695652174,17,13,5,7,23,2827,1568,1259,340,876,1951,6.74486579412805,7.2151855867347,6.15911405877681,6.20238235294118,6.81872488584475,6.71170302409021,222
"203",2019,12,7.19136363636364,22,7.67,6.5,6.5,6.5,7.2605,13,9,3,2,20,2849,1581,1268,343,878,1971,6.74831365391365,7.21892536369387,6.16153359621451,6.20498542274052,6.81799886104784,6.71727174023339,223
"204",2020,1,6.29230769230769,26,6.25294117647059,6.36666666666667,4,6.4,6.26666666666667,17,9,1,5,21,2875,1598,1277,344,883,1992,6.74418977391304,7.20864893617022,6.16297932654659,6.19857558139535,6.81563193657984,6.71252138554217,224
"205",2020,2,6.2304347826087,23,7.14444444444444,5.64285714285714,5.875,5.7,6.37777777777778,9,14,4,5,18,2898,1607,1291,348,888,2010,6.74011235334713,7.20828935905414,6.15733896204493,6.19485632183908,6.80935022522522,6.70952368159204,225
"206",2020,3,6.26,25,6.56666666666667,5.8,6.33333333333333,5.75,6.35714285714286,15,10,3,4,21,2923,1622,1301,351,892,2031,6.73600602121108,7.20235573366215,6.15459231360492,6.19603988603988,6.80459977578475,6.70588015755785,226
"207",2020,4,6.28111111111111,18,6.505,5.83333333333333,6,7.33333333333333,6.07066666666667,12,6,2,3,15,2941,1634,1307,353,895,2046,6.73322189731384,7.19723439412485,6.15311752104055,6.19492917847025,6.80637206703911,6.70122316715543,227
"208",2020,5,6.81111111111111,18,6.90714285714286,6.475,NA,7.875,6.50714285714286,14,4,0,4,14,2959,1648,1311,353,899,2060,6.73369570800946,7.19477002427185,6.15409961861175,6.19492917847025,6.81112680756396,6.69990417475728,228
"209",2020,6,7.11538461538461,13,7.75,6.57142857142857,5,7.83333333333333,6.9,6,7,1,3,10,2972,1654,1318,354,902,2070,6.73536527590848,7.19678415961306,6.15631608497724,6.19155367231638,6.8145266075388,6.70087082125604,229
"210",2020,7,7.17045454545455,22,7.39705882352941,6.4,6,6.66666666666667,7.359375,17,5,2,6,16,2994,1671,1323,356,908,2086,6.7385623246493,7.19882166367445,6.15723703703704,6.19047752808989,6.81354955947137,6.70592166826462,230
"211",2020,8,6.78260869565217,23,7.14285714285714,6.22222222222222,5,7.66,6.53888888888889,14,9,1,5,18,3017,1685,1332,357,913,2104,6.738898110706,7.19835667655787,6.15767612612613,6.18714285714286,6.81818510405257,6.70449268060837,231
"212",2020,9,6.76315789473684,19,7.22727272727273,6.125,6.66666666666667,8.5,6.55882352941176,11,8,3,2,17,3036,1696,1340,360,915,2121,6.73904993412384,7.19854422169812,6.15748104477612,6.19113888888889,6.82186120218579,6.70332512965582,232
"213",2020,10,5.9,25,6.58333333333333,4.14285714285714,4,7.08333333333333,5.52631578947368,18,7,2,6,19,3061,1714,1347,362,921,2140,6.73219719046063,7.19208343057176,6.14701158129176,6.17903314917127,6.82356460369164,6.69287504672897,233
"214",2020,11,6.51923076923077,26,7.34375,5.2,4.66666666666667,6,6.5625,16,10,3,2,24,3087,1730,1357,365,923,2164,6.73040349854227,7.19348612716763,6.14003286661754,6.16660273972603,6.82178006500542,6.69142911275416,234
"215",2020,12,6.72352941176471,17,7.47777777777778,5.875,6.75,4,7.08666666666667,9,8,2,2,15,3104,1739,1365,367,925,2179,6.73036585051546,7.19495744680851,6.13847956043956,6.16978201634877,6.81567891891892,6.69414988526847,235
"216",2021,1,7.039,27,7.17958823529412,6.8,5,6.7306,7.10909090909091,17,10,1,5,22,3131,1756,1375,368,930,2201,6.73302733950814,7.19480865603645,6.14329061818182,6.16660326086956,6.81522150537634,6.69829741026806,236
"217",2021,2,6.86190476190476,21,7.4,6.45833333333333,6.25,8.5,6.68947368421053,9,12,4,2,19,3152,1765,1387,372,932,2220,6.73388597715736,7.19585495750708,6.14601629416006,6.1675,6.81883690987124,6.69822189189189,237
"218",2021,3,6.54642857142857,14,6.765,6,NA,6.66666666666667,6.51363636363636,10,4,0,3,11,3166,1775,1391,372,935,2231,6.73305704358812,7.1934276056338,6.1455964054637,6.1675,6.8183486631016,6.69731178843568,238
"219",2021,4,7,4,7,7,NA,7,7,3,1,0,1,3,3170,1778,1392,372,936,2234,6.73339388012618,7.19310123734533,6.14621020114943,6.1675,6.81854273504274,6.69771826320502,239
"220",2021,5,6.92,14,7.07142857142857,6.76857142857143,6,7.69,6.79166666666667,7,7,2,2,12,3184,1785,1399,374,938,2246,6.73421438442211,7.19262408963586,6.149324231594,6.16660427807486,6.82040085287846,6.69822021371327,240
"221",2021,6,6.94736842105263,19,7.45,6.38888888888889,6.875,7.4,6.78571428571429,10,9,4,5,14,3203,1795,1408,378,943,2260,6.73547880112394,7.19405793871866,6.15085553977273,6.17410052910053,6.82347401908802,6.69876221238938,241
"222",2021,7,6.78235294117647,17,6.69166666666667,7,6,5.1,7.14285714285714,12,5,2,3,14,3220,1807,1413,380,946,2274,6.73572627329192,7.19072163807416,6.15386029723992,6.17318421052631,6.81800845665962,6.7014963060686,242
"223",2021,8,6.86384615384615,26,7.60941176470588,5.45555555555556,6.75,6.39333333333333,7.005,17,9,2,6,20,3246,1824,1422,382,952,2294,6.73675249537893,7.19462390350877,6.14944064697609,6.17620418848167,6.81533193277311,6.70414237140366,243
"224",2021,9,6.38125,16,6.75,6.0125,6.5,5,6.47333333333333,8,8,2,1,15,3262,1832,1430,384,953,2309,6.73500876762722,7.19268231441048,6.14867454545455,6.177890625,6.81342707240294,6.70264296232135,244
"225",2021,10,6.61288866666667,15,7.10848454545455,5.25,6,7.3,6.36303,11,4,1,4,11,3277,1843,1434,385,957,2320,6.73444978028684,7.19217977753663,6.14616778242678,6.17742857142857,6.81546081504702,6.70103272844828,245
"226",2021,11,7.02625,16,7.07076923076923,6.83333333333333,NA,7,7.03,13,3,0,2,14,3293,1856,1437,385,959,2334,6.7358675766778,7.19132938038793,6.14760236604036,6.17742857142857,6.8158456725756,6.70300596829478,246
"227",2021,12,6.96434782608696,23,7.14533333333333,6.625,6.75,8,6.91727272727273,15,8,4,1,22,3316,1871,1445,389,960,2356,6.73745233112183,7.19096062533405,6.15024539792388,6.18331619537275,6.81707916666667,6.7050067614601,247
"228",2022,1,6.90512820512821,39,7.36,6.09285714285714,5.66666666666667,7.125,6.84838709677419,25,14,3,8,31,3355,1896,1459,392,968,2387,6.73940146944858,7.1931895200422,6.14969472241261,6.17936224489796,6.81962396694215,6.70686884373691,248
"229",2022,2,6.18571428571429,14,6.8875,5.25,NA,5.66666666666667,6.32727272727273,8,6,0,3,11,3369,1904,1465,392,971,2398,6.73710060255268,7.19190511029412,6.14600996587031,6.17936224489796,6.81606179196704,6.70512757714762,249
"230",2022,3,6.42105263157895,19,6.75,6.18181818181818,5.5,6.33333333333333,6.4375,8,11,2,3,16,3388,1912,1476,394,974,2414,6.73532819657615,7.19005613493724,6.14627682926829,6.17591370558376,6.8145749486653,6.70335374067937,250
"231",2022,4,7.07692307692308,13,7.6,5.33333333333333,3,9,6.72727272727273,10,3,1,2,11,3401,1922,1479,395,976,2425,6.73663391061452,7.19218903746098,6.14462785665991,6.16787341772152,6.81905327868852,6.70346223917526,251
"232",2022,5,7.11538461538461,26,7.31578947368421,6.57142857142857,7,7.875,6.97727272727273,19,7,1,4,22,3427,1941,1486,396,980,2447,6.73950742048438,7.19339893353941,6.14663835800808,6.16997474747475,6.82336326530612,6.70592395995096,252
"233",2022,6,6.63,20,7.58,5.68,6,5.33333333333333,6.85882352941176,10,10,5,3,17,3447,1951,1496,401,983,2464,6.73887204235567,7.19538048692978,6.14351911764706,6.16785536159601,6.81881586978637,6.70697886769481,253
"234",2022,7,6.52631578947368,19,7.125,6.09090909090909,5,5.5,6.64705882352941,8,11,1,2,17,3466,1959,1507,402,985,2481,6.73770684650894,7.19509307299643,6.14313510285335,6.16495024875622,6.81613807106599,6.70656829101169,254
"235",2022,8,6.43333333333333,21,6.32727272727273,6.55,7,6.625,6.38823529411765,11,10,1,4,17,3487,1970,1517,403,989,2498,6.73587379696013,7.19024737563452,6.14581713909031,6.1670223325062,6.81536501516683,6.70440189351481,255
"236",2022,9,6.98333333333333,30,7.06818181818182,6.75,NA,7.75,6.79166666666667,22,8,0,6,24,3517,1992,1525,403,995,2522,6.73798462610179,7.18889926204819,6.14898662295082,6.1670223325062,6.82100100502513,6.70523232751784,256
"237",2022,10,6.73269230769231,26,7.21176470588235,5.82777777777778,4.5,6,6.82826086956522,17,9,2,3,23,3543,2009,1534,405,998,2545,6.73794578887948,7.18909274763564,6.14710208604954,6.15879012345679,6.81853306613226,6.70634417681729,257
"238",2022,11,6.225,20,6.5,6.04166666666667,5.83333333333333,5.83333333333333,6.29411764705882,8,12,3,3,17,3563,2017,1546,408,1001,2562,6.7350664973337,7.1863596083292,6.14628369987063,6.15639705882353,6.81558041958042,6.70360887197502,258
"239",2022,12,6.72413793103448,29,7.33333333333333,6.07142857142857,6,7.14285714285714,6.59090909090909,15,14,3,7,22,3592,2032,1560,411,1008,2584,6.7349782655902,7.18744455216536,6.14561192307692,6.15525547445255,6.81785317460317,6.70264935371517,259
