"","year","month","avg_rating","no_ratings","avg_rating_owned","avg_rating_not_owned","avg_rating_prev_owned","avg_rating_comment","avg_rating_no_comment","no_ratings_owned","no_ratings_not_owned","no_ratings_prev_owned","no_ratings_comment","no_ratings_no_comment","cum_no_ratings","cum_no_ratings_owned","cum_no_ratings_not_owned","cum_no_ratings_prev_owned","cum_no_ratings_comment","cum_no_ratings_no_comment","cum_avg_rating","cum_avg_rating_owned","cum_avg_rating_not_owned","cum_avg_rating_prev_owned","cum_avg_rating_comment","cum_avg_rating_no_comment","month_after_release"
"1",2010,6,9,1,9,NA,NA,9,NA,1,0,0,1,0,1,1,0,0,1,0,9,9,NA,NA,9,NA,-6
"2",2010,11,9,1,9,NA,NA,NA,9,1,0,0,0,1,2,2,0,0,1,1,9,9,NA,NA,9,9,-1
"3",2010,12,8.74848484848485,33,8.78275862068966,8.5,9,8.95,8.63333333333333,29,4,2,12,21,35,31,4,2,13,22,8.76285714285714,8.79677419354839,8.5,9,8.95384615384615,8.65,0
"4",2011,1,8.71666666666667,57,8.94239130434783,7.77272727272727,NA,8.774,8.671875,46,11,0,25,32,92,77,15,2,38,54,8.73423913043478,8.88376623376623,7.96666666666667,9,8.83552631578947,8.66296296296296,1
"5",2011,2,8.31142857142857,35,8.816,7.05,6,8.20833333333333,8.36521739130435,25,10,3,12,23,127,102,25,5,50,77,8.61771653543307,8.8671568627451,7.6,7.2,8.685,8.57402597402598,2
"6",2011,3,7.96951219512195,41,8.50925925925926,6.92857142857143,6.92857142857143,8.25,7.87903225806452,27,14,7,10,31,168,129,39,12,60,108,8.45952380952381,8.7922480620155,7.35897435897436,7.04166666666667,8.6125,8.37453703703704,3
"7",2011,4,7.64,20,8.14285714285714,6.46666666666667,8.8,6.125,8.65,14,6,1,8,12,188,143,45,13,68,120,8.37234042553192,8.72867132867133,7.24,7.17692307692308,8.31985294117647,8.40208333333333,4
"8",2011,5,8,26,8.41666666666667,7.0625,6.5,7.8125,8.08333333333333,18,8,3,8,18,214,161,53,16,76,138,8.32710280373832,8.69378881987578,7.21320754716981,7.05,8.26644736842105,8.36050724637681,5
"9",2011,6,7.86666666666667,15,8.83333333333333,6.41666666666667,6.75,8.66666666666667,7.66666666666667,9,6,2,3,12,229,170,59,18,79,150,8.29694323144105,8.70117647058824,7.13220338983051,7.01666666666667,8.28164556962025,8.305,6
"10",2011,7,7.7,15,8.27777777777778,6.83333333333333,8,8.125,7.54545454545455,9,6,1,4,11,244,179,65,19,83,161,8.26024590163935,8.67988826815643,7.10461538461538,7.06842105263158,8.27409638554217,8.25310559006211,7
"11",2011,8,8.07272727272727,22,8.28571428571429,7.7,7.53333333333333,8,8.12307692307692,14,8,3,9,13,266,193,73,22,92,174,8.24473684210527,8.65129533678757,7.16986301369863,7.13181818181818,8.24728260869565,8.2433908045977,8
"12",2011,9,7.89473684210526,19,8.28571428571429,6.8,8,7.75,7.96153846153846,14,5,1,6,13,285,207,78,23,98,187,8.22140350877193,8.62657004830918,7.14615384615385,7.1695652173913,8.21683673469388,8.22379679144385,9
"13",2011,10,8,14,8.22222222222222,7.6,6.66666666666667,7.6,8.22222222222222,9,5,3,5,9,299,216,83,26,103,196,8.21103678929766,8.60972222222222,7.17349397590361,7.11153846153846,8.18689320388349,8.22372448979592,10
"14",2011,11,8,17,8.4,7.42857142857143,7,6.5,8.625,10,7,3,5,12,316,226,90,29,108,208,8.1996835443038,8.60044247787611,7.19333333333333,7.1,8.1087962962963,8.246875,11
"15",2011,12,7.66666666666667,12,8.33333333333333,5.66666666666667,NA,8.33333333333333,7.44444444444444,9,3,0,3,9,328,235,93,29,111,217,8.18018292682927,8.59021276595745,7.14408602150538,7.1,8.11486486486486,8.21359447004608,12
"16",2012,1,7.52333333333333,30,8.10714285714286,7.0125,7.5,7,7.60384615384615,14,16,2,4,26,358,249,109,31,115,243,8.12513966480447,8.56305220883534,7.12477064220183,7.1258064516129,8.07608695652174,8.14835390946502,13
"17",2012,2,7.56315789473684,19,7.66923076923077,7.33333333333333,5.5,7,7.97272727272727,13,6,2,8,11,377,262,115,33,123,254,8.09681697612732,8.51870229007634,7.13565217391304,7.02727272727273,8.00609756097561,8.14074803149606,14
"18",2012,3,8.31904761904762,21,8.51818181818182,8.1,7,7.5,8.40526315789474,11,10,1,2,19,398,273,125,34,125,273,8.10854271356784,8.51868131868132,7.2128,7.02647058823529,7.998,8.15915750915751,15
"19",2012,4,8.53125,16,8.94444444444444,8,8.2,8.42857142857143,8.61111111111111,9,7,5,7,9,414,282,132,39,132,282,8.12487922705314,8.5322695035461,7.25454545454545,7.17692307692308,8.02083333333333,8.17358156028369,16
"20",2012,5,7.92916666666667,24,7.95882352941176,7.85714285714286,8.5,8.9,7.52941176470588,17,7,3,7,17,438,299,139,42,139,299,8.11415525114155,8.49966555183947,7.28489208633094,7.27142857142857,8.06510791366907,8.13695652173913,17
"21",2012,6,8.35416666666667,24,8.63888888888889,7.5,7,8.75,8.275,18,6,1,4,20,462,317,145,43,143,319,8.12662337662338,8.50757097791798,7.29379310344827,7.26511627906977,8.08426573426573,8.14561128526646,18
"22",2012,7,8.16727272727273,11,8.20833333333333,8.118,9,8,8.184,6,5,1,1,10,473,323,150,44,144,329,8.12756871035941,8.50201238390093,7.32126666666667,7.30454545454545,8.08368055555555,8.14677811550152,19
"23",2012,8,7.23846153846154,13,7.87142857142857,6.5,6.25,5,7.91,7,6,4,3,10,486,330,156,48,147,339,8.10378600823045,8.48863636363636,7.28967948717949,7.21666666666667,8.02074829931973,8.13979351032448,20
"24",2012,9,7.675,16,7.6,7.75,8,6.64285714285714,8.47777777777778,8,8,3,7,9,502,338,164,51,154,348,8.09011952191235,8.46760355029586,7.31213414634146,7.26274509803922,7.95811688311688,8.14853448275862,21
"25",2012,10,7.48214285714286,14,7.83333333333333,7.21875,6.55,8.125,7.375,6,8,5,2,12,516,344,172,56,156,360,8.07362403100775,8.45654069767442,7.30779069767442,7.19910714285714,7.96025641025641,8.12275,22
"26",2012,11,7.45909090909091,22,8.31818181818182,6.6,7.66666666666667,7.33333333333333,7.50625,11,11,3,6,16,538,355,183,59,162,376,8.04849442379182,8.45225352112676,7.26524590163934,7.2228813559322,7.93703703703704,8.09651595744681,23
"27",2012,12,8.23529411764706,17,8.36363636363636,8,8,8.4,8.16666666666667,11,6,1,5,12,555,366,189,60,167,388,8.05421621621622,8.44959016393443,7.28857142857143,7.23583333333333,7.95089820359281,8.09868556701031,24
"28",2013,1,8.27777777777778,18,8.9,7.5,8,8.3,8.26923076923077,10,8,2,5,13,573,376,197,62,172,401,8.06123909249564,8.46156914893617,7.29715736040609,7.26048387096774,7.96104651162791,8.1042144638404,25
"29",2013,2,7.76111111111111,27,8.32222222222222,6.63888888888889,6.66666666666667,7.91666666666667,7.74166666666667,18,9,3,3,24,600,394,206,65,175,425,8.04773333333333,8.45520304568528,7.26839805825243,7.23307692307692,7.96028571428571,8.08374117647059,26
"30",2013,3,7.98684210526316,19,9.0625,6.14285714285714,NA,7.625,8.08333333333333,12,7,0,4,15,619,406,213,65,179,440,8.04586429725363,8.47315270935961,7.23140845070422,7.23307692307692,7.95279329608938,8.08372727272727,27
"31",2013,4,8.44444444444444,9,8.57142857142857,8,8,8.5,8.42857142857143,7,2,1,2,7,628,413,215,66,181,447,8.05157643312102,8.47481840193705,7.23855813953488,7.24469696969697,7.95883977900552,8.08912751677852,28
"32",2013,5,7.41176470588235,17,8.05,6.5,6.875,6.875,7.57692307692308,10,7,4,4,13,645,423,222,70,185,460,8.03471317829457,8.46477541371159,7.21527027027027,7.22357142857143,7.93540540540541,8.07465217391304,29
"33",2013,6,8.09375,16,8.81818181818182,6.5,6.625,8.75,7.875,11,5,4,4,12,661,434,227,74,189,472,8.03614220877458,8.47373271889401,7.1995154185022,7.19121621621622,7.9526455026455,8.06957627118644,30
"34",2013,7,7.36923076923077,13,7.975,6.4,2,7.11428571428571,7.66666666666667,8,5,1,7,6,674,442,232,75,196,478,8.02327893175074,8.46470588235294,7.18228448275862,7.122,7.92270408163265,8.06451882845188,31
"35",2013,8,7.9375,16,8.15384615384615,7,7,8.5,7.6,13,3,1,6,10,690,455,235,76,202,488,8.02128985507246,8.45582417582418,7.17995744680851,7.1203947368421,7.93985148514851,8.055,32
"36",2013,9,7.6125,16,8.25555555555556,6.78571428571429,7,NA,7.6125,9,7,4,0,16,706,464,242,80,202,504,8.01202549575071,8.45193965517242,7.16855371900826,7.114375,7.93985148514851,8.04095238095238,33
"37",2013,10,8.125,20,8.69230769230769,7.07142857142857,8,8.33333333333333,8.08823529411765,13,7,3,3,17,726,477,249,83,205,521,8.01513774104683,8.45849056603774,7.16582329317269,7.14638554216867,7.94560975609756,8.04249520153551,34
"38",2013,11,7.66086956521739,23,8.62142857142857,6.16666666666667,7.125,7.45,7.70526315789474,14,9,4,4,19,749,491,258,87,209,540,8.00425901201602,8.46313645621182,7.13096899224806,7.14540229885057,7.93612440191388,8.03062962962963,35
"39",2013,12,7.60576923076923,26,7.82894736842105,7,8,7.9,7.53571428571429,19,7,1,5,21,775,510,265,88,214,561,7.99089032258064,8.43950980392157,7.12750943396226,7.15511363636364,7.93528037383177,8.01210338680927,36
"40",2014,1,8.25,30,8.76470588235294,7.57692307692308,7.59375,8.5,8.17391304347826,17,13,8,7,23,805,527,278,96,221,584,8.00054658385093,8.45,7.14852517985611,7.19166666666667,7.95316742081448,8.01847602739726,37
"41",2014,2,8.44318181818182,22,8.765625,7.58333333333333,8,8.5,8.43055555555556,16,6,2,4,18,827,543,284,98,225,602,8.01232164449818,8.45930018416207,7.15771126760563,7.20816326530612,7.96288888888889,8.03079734219269,38
"42",2014,3,7.88888888888889,18,8,7.5,8,7.5,8,14,4,1,4,14,845,557,288,99,229,616,8.0096923076923,8.44775583482945,7.16246527777778,7.21616161616162,7.95480349344978,8.0300974025974,39
"43",2014,4,8.34375,16,8.9,7.41666666666667,8.5,8.33333333333333,8.34615384615385,10,6,2,3,13,861,567,294,101,232,629,8.01590011614402,8.45573192239859,7.16765306122449,7.24158415841584,7.95969827586207,8.03662957074722,40
"44",2014,5,7.80769230769231,13,8.66666666666667,7.07142857142857,6.5,NA,7.80769230769231,6,7,2,0,13,874,573,301,103,232,642,8.01280320366132,8.45794066317627,7.16541528239203,7.22718446601942,7.95969827586207,8.03199376947041,41
"45",2014,6,7.14285714285714,14,8,5,7.5,8.75,6.5,10,4,2,4,10,888,583,305,105,236,652,7.99908783783783,8.45008576329331,7.13701639344262,7.23238095238095,7.97309322033898,8.00849693251534,42
"46",2014,7,8.25,12,8.4375,7.875,7.5,8.5,8.2,8,4,1,2,10,900,591,309,106,238,662,8.00243333333333,8.44991539763114,7.14656957928803,7.23490566037736,7.97752100840336,8.01138972809668,43
"47",2014,8,8.11538461538461,13,8.64285714285714,7.5,8,8,8.13636363636364,7,6,2,2,11,913,598,315,108,240,673,8.00404162102957,8.45217391304348,7.15330158730159,7.24907407407407,7.97770833333333,8.0134323922734,44
"48",2014,9,8.11538461538461,13,8.13636363636364,8,9,8,8.15,11,2,1,3,10,926,609,317,109,243,683,8.00560475161987,8.44646962233169,7.15864353312303,7.2651376146789,7.97798353909465,8.01543191800879,45
"49",2014,10,8.25,14,8.45454545454546,7.5,NA,9,8.125,11,3,0,2,12,940,620,320,109,245,695,8.00924468085106,8.44661290322581,7.16184375,7.2651376146789,7.98632653061224,8.0173237410072,46
"50",2014,11,8.11111111111111,18,8.91666666666667,6.5,6,9.16666666666667,7.9,12,6,1,3,15,958,632,326,110,248,710,8.01115866388309,8.45553797468355,7.14966257668712,7.25363636363636,8.00060483870968,8.01484507042254,47
"51",2014,12,7.68620689655172,29,8.05,7.09090909090909,7.64285714285714,8.375,7.576,18,11,7,4,25,987,650,337,117,252,735,8.00161094224924,8.44430769230769,7.14774480712166,7.27692307692308,8.00654761904762,7.99991836734694,48
"52",2015,1,8.29411764705882,17,9,7.66666666666667,7.16666666666667,9.25,8.16666666666667,8,9,3,2,15,1004,658,346,120,254,750,8.00656374501992,8.45106382978724,7.16124277456647,7.27416666666667,8.01633858267716,8.00325333333334,49
"53",2015,2,7.995,20,8.39333333333333,6.8,7.16666666666667,9,7.81764705882353,15,5,3,3,17,1024,673,351,123,257,767,8.006337890625,8.44977711738485,7.15609686609687,7.27154471544715,8.02782101167315,7.99913950456324,50
"54",2015,3,7.81944444444444,18,7.88636363636364,7.71428571428571,8.25,7.41666666666667,8.02083333333333,11,7,4,6,12,1042,684,358,127,263,779,8.0031094049904,8.44071637426901,7.16701117318436,7.30236220472441,8.0138783269962,7.99947368421053,51
"55",2015,4,8.13636363636364,22,8.89285714285714,6.8125,7,8.2,8.11764705882353,14,8,1,5,17,1064,698,366,128,268,796,8.00586466165413,8.44978510028653,7.15926229508197,7.3,8.01735074626866,8.00199748743719,52
"56",2015,5,7.90555555555556,18,8.60833333333333,6.5,8,8.83333333333333,7.72,12,6,1,3,15,1082,710,372,129,271,811,8.00419593345656,8.4524647887324,7.14862903225806,7.30542635658915,8.02638376383764,7.99678175092479,53
"57",2015,6,7.08823529411765,17,7.88888888888889,6.1875,6.66666666666667,7.25,7.03846153846154,9,8,3,4,13,1099,719,380,132,275,824,7.99002729754322,8.44541029207233,7.1283947368421,7.29090909090909,8.01509090909091,7.98166262135922,54
"58",2015,7,7.74761904761905,21,8.27333333333333,6.43333333333333,8,7.6,7.755,15,6,1,1,20,1120,734,386,133,276,844,7.98548214285714,8.44189373297003,7.11759067357513,7.29624060150376,8.01358695652174,7.97629146919431,55
"59",2015,8,7.57368421052632,19,7.95714285714286,6.5,7,7.68,7.53571428571429,14,5,1,5,14,1139,748,391,134,281,858,7.97861281826163,8.43282085561498,7.10969309462916,7.29402985074627,8.0076512455516,7.96910256410257,56
"60",2015,9,7.64,15,7.95,7.02,1.6,6.7,7.875,10,5,1,3,12,1154,758,396,135,284,870,7.97421143847487,8.4264511873351,7.10856060606061,7.25185185185185,7.99383802816901,7.96780459770115,57
"61",2015,10,7.67857142857143,14,8.27777777777778,6.6,9,7.33333333333333,7.9375,9,5,1,6,8,1168,767,401,136,290,878,7.97066780821918,8.42470664928292,7.10221945137157,7.26470588235294,7.9801724137931,7.9675284738041,58
"62",2015,11,7.85185185185185,27,8.20588235294118,7.25,5.5,8.4,7.72727272727273,17,10,2,5,22,1195,784,411,138,295,900,7.96798326359833,8.41996173469388,7.10581508515815,7.23913043478261,7.98728813559322,7.96165555555556,59
"63",2015,12,8.16666666666667,21,8.43333333333333,7.5,7,8.27777777777778,8.08333333333333,15,6,2,9,12,1216,799,417,140,304,912,7.97141447368421,8.42021276595745,7.11148681055156,7.23571428571429,7.99588815789474,7.96325657894737,60
"64",2016,1,8.13157894736842,19,8.67857142857143,6.6,7,7.8,8.25,14,5,1,5,14,1235,813,422,141,309,926,7.97387854251012,8.42466174661747,7.10542654028436,7.23404255319149,7.99271844660194,7.96759179265659,61
"65",2016,2,7.675,10,9.45,5.9,6,6.83333333333333,8.03571428571429,5,5,2,3,7,1245,818,427,143,312,933,7.97147791164659,8.43092909535453,7.09131147540984,7.21678321678322,7.98157051282051,7.96810289389068,62
"66",2016,3,8.41875,16,8.89166666666667,7,NA,8.5,8.4,12,4,0,3,13,1261,830,431,143,315,946,7.97715305313243,8.43759036144579,7.09046403712297,7.21678321678322,7.98650793650794,7.97403805496829,63
"67",2016,4,7.87,20,8.49230769230769,6.71428571428571,7,7.63333333333333,7.97142857142857,13,7,4,6,14,1281,843,438,147,321,960,7.97548009367681,8.43843416370107,7.08445205479452,7.2108843537415,7.97990654205608,7.974,64
"68",2016,5,8.40740740740741,27,8.45454545454546,8.2,8,8.85714285714286,8.25,22,5,1,7,20,1308,865,443,148,328,980,7.98439602446483,8.43884393063584,7.09704288939052,7.21621621621622,7.99862804878049,7.97963265306123,65
"69",2016,6,7.990625,16,8.285,7.5,6.5,8.3125,7.88333333333333,10,6,2,4,12,1324,875,449,150,332,992,7.98447129909366,8.43708571428571,7.1024276169265,7.20666666666667,8.00240963855422,7.97846774193549,66
"70",2016,7,7.75,16,8,7,10,10,7.6,12,4,1,1,15,1340,887,453,151,333,1007,7.98167164179104,8.43117249154453,7.10152317880795,7.22516556291391,8.00840840840841,7.97283018867925,67
"71",2016,8,8.38235294117647,17,8.56666666666667,7,NA,9,8.25,15,2,0,3,14,1357,902,455,151,336,1021,7.98669123065586,8.43342572062084,7.10107692307692,7.22516556291391,8.01726190476191,7.97663075416259,68
"72",2016,9,7.625,16,8.16666666666667,6,8,NA,7.625,12,4,1,0,16,1373,914,459,152,336,1037,7.98247632920612,8.42992341356674,7.09148148148148,7.23026315789474,8.01726190476191,7.97120540019287,69
"73",2016,10,8.2,15,8.77272727272727,6.625,8,6.75,8.72727272727273,11,4,1,4,11,1388,925,463,153,340,1048,7.98482708933718,8.434,7.08745140388769,7.23529411764706,8.00235294117647,7.97914122137405,70
"74",2016,11,7.98888888888889,18,8.25,7.46666666666667,7.93333333333333,8,7.98666666666667,12,6,3,3,15,1406,937,469,156,343,1063,7.98487908961593,8.43164354322305,7.09230277185501,7.24871794871795,8.00233236151604,7.97924741298213,71
"75",2016,12,7.46875,16,8.1,6.41666666666667,7.625,5,7.82142857142857,10,6,4,2,14,1422,947,475,160,345,1077,7.97907172995781,8.42814149947202,7.08376842105263,7.258125,7.98492753623189,7.97719591457753,72
"76",2017,1,8.171875,32,8.54761904761905,7.45454545454545,8,8,8.2037037037037,21,11,1,5,27,1454,968,486,161,350,1104,7.98331499312242,8.43073347107438,7.09216049382716,7.26273291925466,7.98514285714286,7.98273550724638,73
"77",2017,2,8.16458333333333,24,8.61388888888889,6.81666666666667,6.8,10,8.08478260869565,18,6,2,1,23,1478,986,492,163,351,1127,7.98625845737483,8.4340770791075,7.08880081300813,7.25705521472393,7.99088319088319,7.98481810115351,74
"78",2017,3,7.71153846153846,26,8.38235294117647,6.44444444444444,6.66666666666667,7.22222222222222,7.97058823529412,17,9,3,9,17,1504,1003,501,166,360,1144,7.98150930851064,8.43320039880359,7.0772255489022,7.24638554216867,7.97166666666667,7.98460664335665,75
"79",2017,4,7.89583333333333,24,7.91666666666667,7.83333333333333,NA,7.875,7.90625,18,6,0,8,16,1528,1021,507,166,368,1160,7.98016361256545,8.42409402546523,7.08617357001972,7.24638554216867,7.96956521739131,7.98352586206897,76
"80",2017,5,7.60526315789474,19,8.03846153846154,6.66666666666667,6.25,7.625,7.6,13,6,2,4,15,1547,1034,513,168,372,1175,7.97555914673562,8.41924564796905,7.08126705653021,7.23452380952381,7.96586021505377,7.97862978723404,77
"81",2017,6,8.67857142857143,14,9.11111111111111,7.9,8,6,9.125,9,5,1,2,12,1561,1043,518,169,374,1187,7.98186418962204,8.42521572387344,7.08916988416988,7.23905325443787,7.95534759358289,7.99021903959562,78
"82",2017,7,8.38888888888889,9,8.92857142857143,6.5,7,7,8.5625,7,2,1,1,8,1570,1050,520,170,375,1195,7.9841974522293,8.42857142857143,7.08690384615385,7.23764705882353,7.9528,7.99405020920502,79
"83",2017,8,8.4,20,8.80769230769231,7.64285714285714,NA,9.2,8.13333333333333,13,7,0,5,15,1590,1063,527,170,380,1210,7.98942767295598,8.43320790216369,7.09428842504744,7.23764705882353,7.96921052631579,7.99577685950413,80
"84",2017,9,8.23529411764706,17,8.66666666666667,7.2,8,9.66666666666667,7.92857142857143,12,5,1,3,14,1607,1075,532,171,383,1224,7.99202862476665,8.43581395348837,7.09528195488722,7.24210526315789,7.98250652741515,7.99500816993464,81
"85",2017,10,7.92857142857143,14,8.16666666666667,7.75,7,7.66666666666667,8,6,8,2,3,11,1621,1081,540,173,386,1235,7.99148056755089,8.43432007400555,7.10498148148148,7.2393063583815,7.98005181347151,7.99505263157895,82
"86",2017,11,8.18571428571429,14,8.75,7.43333333333333,8,8.86,7.81111111111111,8,6,1,5,9,1635,1089,546,174,391,1244,7.99314373088685,8.4366391184573,7.10858974358974,7.24367816091954,7.99130434782609,7.99372186495177,83
"87",2017,12,7.58076923076923,26,8.31875,6.4,7.5,8.38,7.39047619047619,16,10,2,5,21,1661,1105,556,176,396,1265,7.98668874172185,8.43493212669683,7.09584532374101,7.24659090909091,7.99621212121212,7.98370750988142,84
"88",2018,1,7.86363636363636,22,7.86666666666667,7.85714285714286,NA,8,7.82352941176471,15,7,0,5,17,1683,1120,563,176,401,1282,7.98508021390374,8.42732142857143,7.1053108348135,7.24659090909091,7.99625935162095,7.98158346333854,85
"89",2018,2,8.25,10,8.33333333333333,7.5,NA,8,8.27777777777778,9,1,0,1,9,1693,1129,564,176,402,1291,7.98664500886001,8.42657218777679,7.10601063829787,7.24659090909091,7.99626865671642,7.98364833462432,86
"90",2018,3,8.06236548387097,31,8.43188391304348,7,7,8.33333333333333,7.9973332,23,8,4,6,25,1724,1152,572,180,408,1316,7.98800657192575,8.42667823784722,7.10452797202797,7.24111111111111,8.00122549019608,7.98390830547113,87
"91",2018,4,7.94782608695652,23,8.37777777777778,6.4,7.66666666666667,8.33333333333333,7.81176470588235,18,5,3,6,17,1747,1170,577,183,414,1333,7.98747757870635,8.42592592307692,7.09842287694974,7.24808743169399,8.006038647343,7.98171292573143,88
"92",2018,5,7.42307692307692,13,6.6875,8.6,6,6.91666666666667,7.85714285714286,8,5,1,6,7,1760,1178,582,184,420,1340,7.98330871022727,8.41411997453311,7.11132302405498,7.24130434782609,7.99047619047619,7.98106218656717,89
"93",2018,6,7.64705882352941,17,8.45454545454546,6.16666666666667,7,8.33333333333333,7.27272727272727,11,6,1,6,11,1777,1189,588,185,426,1351,7.98009191333708,8.41449396972246,7.10168367346939,7.24,7.99530516431925,7.97529484085863,90
"94",2018,7,8.22368421052632,19,8.35714285714286,7.85,8.91666666666667,9.2,7.875,14,5,3,5,14,1796,1203,593,188,431,1365,7.98266889198218,8.41382654197839,7.10799325463744,7.26675531914894,8.0092807424594,7.97426617582418,91
"95",2018,8,7.84210526315789,19,8.14285714285714,7.66666666666667,8,8,7.82352941176471,7,12,2,2,17,1815,1210,605,190,433,1382,7.98119742699725,8.41225895041323,7.11907438016529,7.27447368421053,8.00923787528869,7.9724119609262,92
"96",2018,9,7.90277777777778,18,7.94642857142857,7.75,6,7,8.08333333333333,14,4,1,3,15,1833,1224,609,191,436,1397,7.98042734860884,8.4069308251634,7.1232183908046,7.26780104712042,8.00229357798166,7.97360295633501,93
"97",2018,10,7.60526315789474,19,8.5,6.07142857142857,7.25,7.5,7.61764705882353,12,7,3,2,17,1852,1236,616,194,438,1414,7.97657847192225,8.40783440938512,7.11126623376624,7.26752577319588,8,7.96932342998586,94
"98",2018,11,7.92857142857143,14,8.41666666666667,7.5625,8,7.66666666666667,8,6,8,2,3,11,1866,1242,624,196,441,1425,7.97621829046088,8.40787707729469,7.11705128205128,7.275,7.99773242630386,7.96956023157895,95
"99",2018,12,8.45875,16,8.875,7.21,NA,8.375,8.48666666666667,12,4,0,4,12,1882,1254,628,196,445,1437,7.98032057917109,8.41234715311005,7.11764331210191,7.275,8.00112359550562,7.97387844815588,96
"100",2019,1,7.85689655172414,29,8.20454545454546,6.76428571428571,4,8.21428571428571,7.74318181818182,22,7,1,7,22,1911,1276,635,197,452,1459,7.97844758241758,8.40876436520376,7.11374803149607,7.25837563451777,8.00442477876106,7.97039981494174,97
"101",2019,2,7.94705882352941,17,8.15,7.65714285714286,7.6,9,7.88125,10,7,1,1,16,1928,1286,642,198,453,1475,7.97817081431535,8.40675220062208,7.11967289719626,7.26010101010101,8.00662251655629,7.9694327661017,98
"102",2019,3,7.57272727272727,22,7.84545454545455,7.3,6.33333333333333,8.025,7.47222222222222,11,11,3,4,18,1950,1297,653,201,457,1493,7.97359657948718,8.40199177332305,7.12271056661562,7.24626865671642,8.00678336980307,7.96343826523778,99
"103",2019,4,8.02173913043478,23,8.5,7.125,NA,8,8.02777777777778,15,8,0,5,18,1973,1312,661,201,462,1511,7.97415779523568,8.40311229420732,7.1227382753404,7.24626865671642,8.00670995670996,7.96420471872932,100
"104",2019,5,7.8125,16,8.18181818181818,7,7.33333333333333,7.66666666666667,7.84615384615385,11,5,3,3,13,1989,1323,666,204,465,1524,7.97285738059326,8.40127235827664,7.12181681681682,7.24754901960784,8.00451612903226,7.96319772309711,101
"105",2019,6,8.48095238095238,21,8.66875,7.88,8,9.1,8.2875,16,5,2,5,16,2010,1339,671,206,470,1540,7.9781658358209,8.40446850634802,7.12746646795827,7.25485436893204,8.01617021276596,7.9665670974026,102
"106",2019,7,7.71304347826087,23,8.09166666666667,7.3,7.1,7.31666666666667,7.85294117647059,12,11,5,6,17,2033,1351,682,211,476,1557,7.9751664190851,8.40169010362694,7.13024926686217,7.25118483412322,8.00735294117647,7.96532648041105,103
"107",2019,8,8.34642857142857,28,8.535,7.875,8,8.54,8.30434782608696,20,8,5,5,23,2061,1371,690,216,481,1580,7.98021025230471,8.40363481400438,7.13888405797102,7.26851851851852,8.01288981288981,7.97026160126582,104
"108",2019,9,8.96428571428571,14,9.04545454545454,8.66666666666667,9,9.33333333333333,8.86363636363636,11,3,1,3,11,2075,1382,693,217,484,1591,7.98684979759036,8.40874336468886,7.14549783549784,7.27649769585253,8.02107438016529,7.97643829666876,105
"109",2019,10,7.77272727272727,22,8.25,6.5,6,9.33333333333333,7.52631578947368,16,6,1,3,19,2097,1398,699,218,487,1610,7.98460340009538,8.40692655937053,7.13995708154507,7.27064220183486,8.02915811088296,7.97112629192547,106
"110",2019,11,8.25,12,8.5,7.75,NA,8.5,8.2,8,4,0,2,10,2109,1406,703,218,489,1620,7.98611348032243,8.40745613798008,7.14342816500711,7.27064220183486,8.03108384458078,7.97253909259259,107
"111",2019,12,7.88,25,8.7,6.65,6.16666666666667,7.21428571428571,8.13888888888889,15,10,3,7,18,2134,1421,713,221,496,1638,7.98487035145267,8.41054421534131,7.136507713885,7.25565610859728,8.0195564516129,7.97436711233211,108
"112",2020,1,8.11481481481482,27,8.81875,7.09090909090909,7.75,8.75,7.93333333333333,16,11,4,6,21,2161,1437,724,225,502,1659,7.98649390559926,8.41508930410577,7.13581491712707,7.26444444444444,8.02828685258964,7.97384769740808,109
"113",2020,2,7.86408695652174,23,8.59814285714286,6.72222222222222,4.5,5.33333333333333,8.2437,14,9,3,3,20,2184,1451,733,228,505,1679,7.98520482142857,8.41685549965541,7.13073669849932,7.2280701754386,8.01227722772277,7.97706213817749,110
"114",2020,3,8.18421052631579,19,8.57692307692308,7.33333333333333,NA,8,8.23333333333333,13,6,0,4,15,2203,1464,739,228,509,1694,7.98692116659101,8.4182768647541,7.13238159675237,7.2280701754386,8.01218074656189,7.97933136363637,111
"115",2020,4,8.18098777777778,27,8.44736842105263,7.54833375,8.46222333333333,8,8.21246391304348,19,8,3,4,23,2230,1483,747,231,513,1717,7.98927085201794,8.41864958192852,7.13683623828648,7.24409813852814,8.01208576998051,7.98245428072219,112
"116",2020,5,8.12962962962963,27,8.72222222222222,6.94444444444444,8.25,8.75,8.08,18,9,4,2,25,2257,1501,756,235,515,1742,7.9909499335401,8.4222900266489,7.13454585978836,7.26121987234043,8.01495145631068,7.98385419058554,113
"117",2020,6,7.690625,16,8.43,6.45833333333333,7,8,7.5875,10,6,1,4,12,2273,1511,762,236,519,1754,7.98883589969204,8.42234105228325,7.12922135170604,7.26011300847458,8.01483622350674,7.9811425313569,114
"118",2020,7,8.45217391304348,23,8.61176470588235,8,7.5,8.66666666666667,8.42,17,6,2,3,20,2296,1528,768,238,522,1774,7.99347735191638,8.4244485143979,7.13602430989584,7.26212886554622,8.01858237547892,7.98609019165727,115
"119",2020,8,8.0304347826087,23,8.31666666666667,7,7.5,9,7.98636363636364,18,5,1,1,22,2319,1546,773,239,523,1796,7.993843898232,8.42319361578266,7.13514446313066,7.26312414225941,8.02045889101338,7.98609354120267,116
"120",2020,9,7.83823529411765,17,8.31818181818182,6.95833333333333,7.9,7.5,7.88333333333333,11,6,2,2,15,2336,1557,779,241,525,1811,7.99271147260274,8.42245172125883,7.13378263157895,7.26840941908714,8.01847619047619,7.98524240750966,117
"121",2020,10,8.3359375,32,8.65277777777778,7.92857142857143,7.625,8.45714285714286,8.302,18,14,8,7,25,2368,1575,793,249,532,1836,7.99734966216216,8.42508401904762,7.14781421185372,7.27986614457831,8.02424812030075,7.98955555555556,118
"122",2020,11,8.35172413793103,29,8.71428571428571,7.4,6,8.25,8.368,21,8,1,4,25,2397,1596,801,250,536,1861,8.00163704630789,8.42888930451128,7.15033292134832,7.27474668,8.02593283582089,7.99463944116067,119
"123",2020,12,8.14444444444444,36,8.50769230769231,7.2,5,8,8.17931034482759,26,10,1,7,29,2433,1622,811,251,543,1890,8.0037501027538,8.43015248458693,7.15094533908755,7.26568394422311,8.0255985267035,7.99747301587302,120
"124",2021,1,8.18620689655172,29,8.21052631578947,8.14,7,8.3,8.1625,19,10,2,5,24,2462,1641,821,253,548,1914,8.00589926888709,8.42760958561852,7.16299228989038,7.26358367588933,8.02810218978102,7.99954231974922,121
"125",2021,2,8.116,30,8.78842105263158,6.95454545454545,6,8.6,8.0192,19,11,3,5,25,2492,1660,832,256,553,1939,8.00722471910113,8.43173935542168,7.16023638221154,7.2487760546875,8.03327305605786,7.99979577101599,122
"126",2021,3,7.88578947368421,19,8.35714285714286,6.566,5.665,7.0825,8.1,14,5,2,4,15,2511,1674,837,258,557,1954,8.00630585424134,8.43111548984468,7.15668658303465,7.23649872093023,8.02644524236984,8.00056499488229,123
"127",2021,4,7.62433333333333,30,8.42058823529412,6.58307692307692,6.625,7.06428571428571,7.79478260869565,17,13,4,7,23,2541,1691,850,262,564,1977,8.00179614325069,8.43100965700769,7.14791372941177,7.22716286259542,8.01450354609929,7.99817096611027,124
"128",2021,5,8.15131578947368,38,8.5,7.29545454545455,7.375,8.14285714285714,8.15322580645161,27,11,4,7,31,2579,1718,861,266,571,2008,8.00399922450562,8.4320939057043,7.14979868757259,7.22938597744361,8.01607705779334,8.00056474103586,125
"129",2021,6,8.27272727272727,22,8.44444444444444,7.5,8,8,8.33333333333333,18,4,1,4,18,2601,1736,865,267,575,2026,8.00627220299885,8.43222196428571,7.15141811560694,7.23227217228464,8.0159652173913,8.00352122408687,126
"130",2021,7,8.70555555555556,18,9.03846153846154,7.84,5.5,8.75,8.7,13,5,1,2,16,2619,1749,870,268,577,2042,8.01107827415044,8.4367280331618,7.15537548275862,7.22580847014925,8.01850953206239,8.00897845249755,127
"131",2021,8,8.07142857142857,28,8.46,7.1,7.36,7.55555555555556,8.31578947368421,20,8,5,9,19,2647,1769,878,273,586,2061,8.01171666037023,8.43699114188807,7.15487092255125,7.22826619047619,8.01139931740614,8.01180688985929,128
"132",2021,9,7.6,20,8.25,6.625,7,8.5,7.5,12,8,2,2,18,2667,1781,886,275,588,2079,8.00862917135358,8.43573123526109,7.15008653498871,7.22660607272727,8.01306122448979,8.00737566137566,129
"133",2021,10,8.22857142857143,21,8.3,8.05,8,8.33333333333333,8.21111111111111,15,6,3,3,18,2688,1796,892,278,591,2097,8.0103474702381,8.43459762249443,7.15613976457399,7.23495205035971,8.01468697123519,8.00912446351931,130
"134",2021,11,8.18333333333333,18,8.28666666666667,7.66666666666667,NA,8,8.20625,15,3,0,2,16,2706,1811,895,278,593,2113,8.01149815225425,8.43337235229155,7.15785102793296,7.23495205035971,8.01463743676222,8.01061713203976,131
"135",2021,12,7.60526315789474,19,8.26923076923077,6.16666666666667,6.75,NA,7.60526315789474,13,6,2,0,19,2725,1824,901,280,593,2132,8.00866568807339,8.43220248355263,7.15125046614873,7.23148810714286,8.01463743676222,8.00700469043152,132
"136",2022,1,8.14137931034483,29,8.66666666666667,7.28181818181818,NA,8.5,8.11481481481482,18,11,0,2,27,2754,1842,912,280,595,2159,8.01006318082789,8.43449366449511,7.15282529605263,7.23148810714286,8.01626890756302,8.00835294117647,133
"137",2022,2,7.83333333333333,24,8.36363636363636,7.38461538461539,6,7,7.95238095238095,11,13,3,3,21,2778,1853,925,283,598,2180,8.00853635709143,8.43407303291959,7.15608288648649,7.21843346289753,8.01117056856187,8.00781376146789,134
"138",2022,3,8.52307692307692,13,8.96666666666667,8.14285714285714,7,8.4,8.54545454545454,6,7,1,2,11,2791,1859,932,284,600,2191,8.01093299892512,8.43579200107585,7.16349428111588,7.21766433098591,8.01246666666666,8.01051300775901,135
"139",2022,4,8.26666666666667,12,8.18181818181818,9.2,7,8.75,8.17,11,1,1,2,10,2803,1870,933,285,602,2201,8.01202782732786,8.43429803743315,7.16567703108253,7.21690059649123,8.01491694352159,8.01123761926397,136
"140",2022,5,7.53333333333333,15,8.54545454545454,4.75,NA,9,7.30769230769231,11,4,0,2,13,2818,1881,937,285,604,2214,8.00947977288857,8.43494807549176,7.15536464247599,7.21690059649123,8.01817880794702,8.00710659439928,137
"141",2022,6,8.8,10,9.125,7.5,NA,9,8.75,8,2,0,2,8,2828,1889,939,285,606,2222,8.01227510608204,8.43787047644256,7.15609869009585,7.21690059649123,8.02141914191419,8.00978127812781,138
"142",2022,7,7.67647058823529,17,7.72727272727273,7.58333333333333,8,7.75,7.65384615384615,11,6,2,4,13,2845,1900,945,287,610,2235,8.01026854130053,8.43375648947368,7.15881129100529,7.22235773519164,8.01963934426229,8.00771096196868,139
"143",2022,8,7.91,15,8.05416666666667,7.33333333333333,8,8.0375,7.86363636363636,12,3,1,4,11,2860,1912,948,288,614,2246,8.00974265734266,8.43137412656904,7.15936357594937,7.22505788194444,8.01975570032573,8.0070053428317,140
"144",2022,9,7.86190476190476,21,8.025,7.64444444444444,NA,8.5,7.83,12,9,0,1,20,2881,1924,957,288,615,2266,8.00866504685873,8.42883956860707,7.16392546499478,7.22505788194444,8.02053658536585,8.00544307149161,141
"145",2022,10,8.28666666666667,15,8.33076923076923,8,NA,9.325,7.90909090909091,13,2,0,4,11,2896,1937,959,288,619,2277,8.01010497237569,8.42818137842024,7.16566910323254,7.22505788194444,8.0289660743134,8.00497760210804,142
"146",2022,11,7.84761904761905,21,8.05,7.2,6,7.71666666666667,7.9,16,5,1,6,15,2917,1953,964,289,625,2292,8.00893520740487,8.42508311827957,7.16584716804979,7.22081892733564,8.02596799999999,8.00429057591623,143
"147",2022,12,7.87647058823529,17,8.22727272727273,7.23333333333333,NA,8.2,7.83333333333333,11,6,0,2,15,2934,1964,970,289,627,2307,8.00816768916156,8.42397521894094,7.16626460824742,7.22081892733564,8.0265231259968,8.00317902037278,144
