"","year","month","avg_rating","no_ratings","avg_rating_owned","avg_rating_not_owned","avg_rating_prev_owned","avg_rating_comment","avg_rating_no_comment","no_ratings_owned","no_ratings_not_owned","no_ratings_prev_owned","no_ratings_comment","no_ratings_no_comment","cum_no_ratings","cum_no_ratings_owned","cum_no_ratings_not_owned","cum_no_ratings_prev_owned","cum_no_ratings_comment","cum_no_ratings_no_comment","cum_avg_rating","cum_avg_rating_owned","cum_avg_rating_not_owned","cum_avg_rating_prev_owned","cum_avg_rating_comment","cum_avg_rating_no_comment","month_after_release"
"1",2010,5,9,1,9,NA,NA,NA,9,1,0,0,0,1,1,1,0,0,0,1,9,9,NA,NA,NA,9,-17
"2",2011,10,6.75714285714286,35,8.4,6.18846153846154,6.83333333333333,6.18461538461538,7.09545454545455,9,26,6,13,22,36,10,26,6,13,23,6.81944444444444,8.46,6.18846153846154,6.83333333333333,6.18461538461538,7.17826086956522,0
"3",2011,11,6.94876769230769,195,7.86891891891892,6.3860305785124,6.99,6.73951612903226,7.04631353383459,74,121,30,62,133,231,84,147,36,75,156,6.92861341991342,7.93928571428571,6.35108639455782,6.96388888888889,6.64333333333333,7.06576730769231,1
"4",2011,12,6.88109243697479,119,7.85909090909091,6.040625,6.3,6.32432432432432,7.13231707317073,55,64,16,37,82,350,139,211,52,112,238,6.91245628571429,7.90755395683453,6.25691800947867,6.75961538461539,6.53794642857143,7.08869621848739,2
"5",2012,1,6.882,100,7.88333333333333,6.31875,6.225,6.3,7.14347826086957,36,64,24,31,69,450,175,275,76,143,307,6.90568822222222,7.90257142857143,6.271308,6.59078947368421,6.48636363636364,7.10100879478827,3
"6",2012,2,6.57627118644068,59,7.33783783783784,5.29545454545455,5.2,5.39473684210526,7.1375,37,22,10,19,40,509,212,297,86,162,347,6.86750432220039,7.80400943396226,6.19902255892256,6.42906976744186,6.35833333333333,7.10521527377522,4
"7",2012,3,6.875,40,7.96,5.79,5.91666666666667,5.875,7.30357142857143,20,20,6,12,28,549,232,317,92,174,375,6.86805045537341,7.81745689655172,6.1732167192429,6.39565217391304,6.325,7.12002586666667,5
"8",2012,4,6.87209302325581,43,7.64285714285714,6.13636363636364,5.78571428571429,6.56666666666667,7.03571428571429,21,22,7,15,28,592,253,339,99,189,403,6.86834408783784,7.80296442687747,6.17082507374631,6.35252525252525,6.34417989417989,7.11416799007444,6
"9",2012,5,7.12777777777778,36,7.63684210526316,6.55882352941176,6.33333333333333,7.35,7.04230769230769,19,17,6,10,26,628,272,356,105,199,429,6.88321608280255,7.79136029411765,6.18935308988764,6.35142857142857,6.39472361809045,7.10981282051282,7
"10",2012,6,6.9296875,32,7.60294117647059,6.16666666666667,7,6.625,7.06818181818182,17,15,6,10,22,660,289,371,111,209,451,6.88546924242424,7.780276816609,6.1884358490566,6.38648648648649,6.40574162679426,7.10778203991131,8
"11",2012,7,6.55129032258065,31,7.5,5.86611111111111,6.2,5.875,6.78652173913043,13,18,5,8,23,691,302,389,116,217,474,6.87047713458755,7.7682119205298,6.17352107969152,6.37844827586207,6.38617511520737,7.09219345991561,9
"12",2012,8,6.21923076923077,26,7.03333333333333,5.10909090909091,5.34,6.4,6.10625,15,11,5,10,16,717,317,400,121,227,490,6.84686150627615,7.73343848580442,6.14424925,6.33553719008265,6.38678414096916,7.0599993877551,10
"13",2012,9,6.08823529411765,17,6.75,6,6.75,5.95454545454545,6.33333333333333,2,15,8,11,6,734,319,415,129,238,496,6.82929114441417,7.72727272727273,6.13903542168675,6.36124031007752,6.36680672268908,7.05120907258064,11
"14",2012,10,7.34147058823529,34,7.69736842105263,6.89066666666667,8.02285714285714,7.13416666666667,7.45454545454545,19,15,7,12,22,768,338,430,136,250,518,6.85196575520833,7.72559171597633,6.16525511627907,6.44676470588235,6.40364,7.06833918918919,12
"15",2012,11,6.96774193548387,31,7.825,6.05333333333333,5.83333333333333,7.29090909090909,6.79,16,15,6,11,20,799,354,445,142,261,538,6.8564576971214,7.73008474576271,6.16148247191011,6.42084507042254,6.44103448275862,7.05799200743494,13
"16",2012,12,7.07142857142857,21,7.95454545454545,6.1,6.5,7.70833333333333,6.81666666666667,11,10,3,6,15,820,365,455,145,267,553,6.86196304878049,7.73684931506849,6.16013120879121,6.42248275862069,6.46951310861423,7.05144611211573,14
"17",2013,1,6.64677419354839,31,7.06176470588235,6.14285714285714,6.75,7.4,6.50192307692308,17,14,4,5,26,851,382,469,149,272,579,6.85412420681551,7.70680628272251,6.15961556503198,6.43127516778523,6.48661764705882,7.02676977547496,15
"18",2013,2,6.55909090909091,22,7.62222222222222,5.82307692307692,6,6.22222222222222,6.79230769230769,9,13,4,9,13,873,391,482,153,281,592,6.8466892325315,7.70485933503836,6.1505387966805,6.42,6.47814946619217,7.02162111486487,16
"19",2013,3,6.4875,24,8.025,5.71875,6.125,5.11111111111111,7.31333333333333,8,16,8,9,15,897,399,498,161,290,607,6.83707881828317,7.71127819548872,6.13666606425703,6.40534161490683,6.43572413793103,7.02882981878089,17
"20",2013,4,6.07272727272727,22,6.44444444444444,5.81538461538462,6.6,6.07142857142857,6.07333333333333,9,13,5,7,15,919,408,511,166,297,622,6.81878095756257,7.68333333333333,6.12849256360078,6.41120481927711,6.42713804713805,7.00578729903537,18
"21",2013,5,6.94736842105263,19,7.78125,6.34090909090909,6.375,6.58333333333333,7.11538461538461,8,11,4,6,13,938,416,522,170,303,635,6.82138560767591,7.68521634615385,6.13296877394636,6.41035294117647,6.43023102310231,7.00803102362205,19
"22",2013,6,6.98666666666667,15,7.48,6,6,7,6.98461538461538,10,5,1,2,13,953,426,527,171,305,648,6.8239870933893,7.68039906103286,6.13170721062619,6.40795321637427,6.43396721311475,7.0075612654321,20
"23",2013,7,6.67647058823529,17,7.6,6.29166666666667,7.33333333333333,7,6.54166666666667,5,12,3,5,12,970,431,539,174,310,660,6.82140175257732,7.67946635730858,6.13526846011132,6.42390804597701,6.44309677419355,6.99909045454546,21
"24",2013,8,6.56666666666667,15,7.42857142857143,5.8125,5.75,6.33333333333333,6.625,7,8,4,3,12,985,438,547,178,313,672,6.81752253807107,7.67545662100457,6.1305478976234,6.40876404494382,6.4420447284345,6.99241026785714,22
"25",2013,9,6.81666666666667,24,7.14166666666667,6.49166666666667,6.7,5.9,7.05789473684211,12,12,5,5,19,1009,450,559,183,318,691,6.81750218037661,7.66122222222222,6.1383,6.41672131147541,6.43352201257862,6.99421085383502,23
"26",2013,10,6.51052631578947,19,6.3375,6.63636363636364,6,6.66666666666667,6.48125,8,11,4,3,16,1028,458,570,187,321,707,6.81182850194553,7.63810043668122,6.14791175438596,6.40780748663102,6.43570093457944,6.98260212164074,24
"27",2013,11,6.04827586206897,29,6.76153846153846,5.46875,5.77777777777778,5.85714285714286,6.10909090909091,13,16,9,7,22,1057,471,586,196,328,729,6.79087956480606,7.61390658174098,6.1293680887372,6.37887755102041,6.42335365853658,6.95624101508916,25
"28",2013,12,6.23076923076923,13,8.2,5,5.5,4.5,6.54545454545455,5,8,2,2,11,1070,476,594,198,330,740,6.78407448598131,7.62006302521008,6.11415774410774,6.37,6.41169696969697,6.95013472972973,26
"29",2014,1,6.56060606060606,33,7.46428571428571,5.89473684210526,5.5,5.58333333333333,6.77777777777778,14,19,7,6,27,1103,490,613,205,336,767,6.77738866727108,7.61561224489796,6.10735676998369,6.34029268292683,6.39690476190476,6.94406740547588,27
"30",2014,2,6.77,20,7.7375,6.125,6.1,6.25,7.11666666666667,8,12,10,8,12,1123,498,625,215,344,779,6.777257079252,7.6175702811245,6.10769552,6.32911627906977,6.39348837209302,6.94672618741977,28
"31",2014,3,6.5,9,7.875,5.4,5.5,7.5,6.375,4,5,1,1,8,1132,502,630,216,345,787,6.7750527385159,7.61962151394422,6.10207888888889,6.32527777777778,6.39669565217391,6.94091448538755,29
"32",2014,4,7.03214285714286,14,7.61666666666667,6.59375,6,6.75,7.145,6,8,4,4,10,1146,508,638,220,349,797,6.77819345549738,7.61958661417323,6.10824404388715,6.31936363636364,6.40074498567335,6.94347515683814,30
"33",2014,5,6.72666666666667,15,7.6125,5.71428571428571,5.75,8.03333333333333,6.4,8,7,4,3,12,1161,516,645,224,352,809,6.77752773471146,7.61947674418605,6.10396852713178,6.30919642857143,6.41465909090909,6.93541372064277,31
"34",2014,6,6.39,10,6.875,6.06666666666667,5,NA,6.39,4,6,3,0,10,1171,520,651,227,352,819,6.77421836037575,7.61375,6.1036247311828,6.29189427312775,6.41465909090909,6.92875421245421,32
"35",2014,7,6.55882352941176,17,7.28571428571429,6.05,5.66666666666667,6.85,6.4375,7,10,3,5,12,1188,527,661,230,357,831,6.77113611111111,7.60939278937381,6.10281346444781,6.28373913043478,6.42075630252101,6.92166028880866,33
"36",2014,8,6.96,15,7.91428571428571,6.125,6.5,6,7.10769230769231,7,8,4,2,13,1203,534,669,234,359,844,6.77349102244389,7.61338951310861,6.10307877428999,6.2874358974359,6.41841225626741,6.92452571090047,34
"37",2014,9,6.76785714285714,14,7.41666666666667,6.28125,6,7.20833333333333,6.4375,6,8,2,6,8,1217,540,677,236,365,852,6.77342621199671,7.6112037037037,6.10518419497784,6.285,6.43139726027397,6.91995269953052,35
"38",2014,10,6.71428571428571,14,6.8,6.66666666666667,6.33333333333333,6.66666666666667,6.75,5,9,6,6,8,1231,545,686,242,371,860,6.7727536149472,7.60376146788991,6.11255058309038,6.28619834710744,6.43520215633423,6.91837174418605,36
"39",2014,11,6.11538461538461,13,6.9,5.625,4.75,4,6.5,5,8,4,2,11,1244,550,694,246,373,871,6.76588400321543,7.59736363636364,6.10693040345822,6.26121951219512,6.42214477211796,6.91308805970149,37
"40",2014,12,6.38461538461539,13,7.4,5.75,4.75,6.25,6.44444444444444,5,8,2,4,9,1257,555,702,248,377,880,6.76194089101034,7.59558558558558,6.10286282051282,6.24903225806452,6.42031830238727,6.90829511363636,38
"41",2015,1,6.21428571428571,21,6.55555555555556,5.95833333333333,6.08333333333333,6.33333333333333,6.16666666666667,9,12,6,6,15,1278,564,714,254,383,895,6.75294186228482,7.57898936170213,6.1004337535014,6.24511811023622,6.41895561357702,6.89586558659218,39
"42",2015,2,7.11944444444444,18,7.64444444444444,6.59444444444444,6.35,7.75833333333333,6.8,9,9,5,6,12,1296,573,723,259,389,907,6.75803217592592,7.58001745200698,6.10658326417704,6.24714285714286,6.43961439588689,6.89459724366042,40
"43",2015,3,6.88636363636364,11,7.14285714285714,6.4375,7.125,5.75,7.13888888888889,7,4,2,2,9,1307,580,727,261,391,916,6.75911224177506,7.57474137931034,6.10840398899588,6.25386973180077,6.43608695652174,6.89699748908297,41
"44",2015,4,5.76923076923077,13,7.91666666666667,3.92857142857143,4.16666666666667,6,5.72727272727273,6,7,3,2,11,1320,586,734,264,393,927,6.74936340909091,7.57824232081911,6.08761539509537,6.23015151515152,6.43386768447837,6.88311725997842,42
"45",2015,5,7.44444444444444,9,8.1,6.625,6.25,6,7.625,5,4,2,1,8,1329,591,738,266,394,935,6.75407050413845,7.5826565143824,6.09052804878049,6.2303007518797,6.43276649746193,6.8894649197861,43
"46",2015,6,6.08947368421053,19,7.3,5,6.33333333333333,5.66666666666667,6.28461538461538,9,10,3,6,13,1348,600,748,269,400,948,6.74470304154303,7.57841666666667,6.07594879679145,6.23144981412639,6.421275,6.88117056962025,44
"47",2015,7,6.91666666666667,18,7,6.85,7,6.66666666666667,6.96666666666667,8,10,1,3,15,1366,608,758,270,403,963,6.74696903367496,7.57080592105263,6.08616055408971,6.2342962962963,6.4231017369727,6.88250228452752,45
"48",2015,8,5.9,11,6.25,5.7,4,6.75,5.41428571428571,4,7,1,4,7,1377,612,765,271,407,970,6.74020312273057,7.56217320261438,6.08262705882353,6.2260516605166,6.4263144963145,6.87190690721649,46
"49",2015,9,6.35714285714286,7,8.5,6,5.66666666666667,6.5,6.3,1,6,3,2,5,1384,613,771,274,409,975,6.73826567919075,7.5637030995106,6.08198404669261,6.21992700729927,6.42667481662592,6.86897405128205,47
"50",2015,10,5.16666666666667,9,5.125,5.2,5.5,4.8,5.625,4,5,2,5,4,1393,617,776,276,414,979,6.72811177315147,7.54789303079416,6.07630115979382,6.21471014492754,6.40702898550725,6.86389141981614,48
"51",2015,11,7.27894736842105,19,7.73076923076923,6.3,6.125,8,7.19411764705882,13,6,4,2,17,1412,630,782,280,416,996,6.73552386685552,7.55166666666667,6.07801751918159,6.21342857142857,6.4146875,6.86952781124498,49
"52",2015,12,6.76153846153846,13,7.1875,6.08,5.4,6.46666666666667,6.85,8,5,1,3,10,1425,638,787,281,419,1006,6.73576119298245,7.54710031347962,6.07803011435832,6.21053380782918,6.41505966587112,6.86933369781312,50
"53",2016,1,6.575,16,6.71428571428571,6.46666666666667,7.05,6.5,6.59230769230769,7,9,4,3,13,1441,645,796,285,422,1019,6.73397619708536,7.53806201550387,6.08242424623116,6.22231578947368,6.415663507109,6.86579950932286,51
"54",2016,2,7.24444444444444,9,8.6,5.55,6,6.66666666666667,7.53333333333333,5,4,2,3,6,1450,650,800,287,425,1025,6.73714462068965,7.54623076923077,6.079762125,6.22076655052265,6.41743529411765,6.86970702439024,52
"55",2016,3,6.75384615384615,13,7.58888888888889,4.875,6.25,6.3,7.0375,9,4,2,5,8,1463,659,804,289,430,1033,6.73729302802461,7.54681335356601,6.07376828358209,6.22096885813149,6.41606976744186,6.87100648596321,53
"56",2016,4,6.55,12,6.73333333333333,6,5.33333333333333,NA,6.55,9,3,3,0,12,1475,668,807,292,430,1045,6.73576928813559,7.53585329341317,6.07349405204461,6.21184931506849,6.41606976744186,6.86732028708134,54
"57",2016,5,6.5525,8,8.14,5.6,6,6.33333333333333,6.684,3,5,3,3,5,1483,671,812,295,433,1050,6.73478064733648,7.53855439642325,6.07057844827586,6.20969491525424,6.41549653579677,6.86644733333333,55
"58",2016,6,6.27857142857143,7,7.85,5.65,6.0625,6.85,6.05,2,5,4,2,5,1490,673,817,299,435,1055,6.73263738255033,7.53947994056464,6.06800452876377,6.20772575250836,6.41749425287356,6.86257791469194,56
"59",2016,7,6.57142857142857,7,6.66666666666667,6.5,8,7,6.4,3,4,1,2,5,1497,676,821,300,437,1060,6.73188356713427,7.53560650887574,6.07010925700366,6.2137,6.42016018306636,6.86039594339623,57
"60",2016,8,6.29166666666667,12,7.25,5.8125,3,6,6.38888888888889,4,8,1,3,9,1509,680,829,301,440,1069,6.72838283631544,7.53392647058824,6.06762328106152,6.20302325581395,6.41729545454545,6.85642628624883,58
"61",2016,9,7,8,7.41666666666667,5.75,7.5,4,7.42857142857143,6,2,1,1,7,1517,686,831,302,441,1076,6.72981522742254,7.53290087463557,6.06685884476534,6.2073178807947,6.41181405895692,6.86014842007435,59
"62",2016,10,6.35384615384615,13,6.8,6.075,6.65,7,5.8,5,8,4,6,7,1530,691,839,306,447,1083,6.72662071895425,7.52759768451519,6.06693647199047,6.2131045751634,6.41970917225951,6.85329612188366,60
"63",2016,11,7.22727272727273,11,7.66666666666667,6.7,5.5,7,7.27777777777778,6,5,2,2,9,1541,697,844,308,449,1092,6.73019448410123,7.52879483500717,6.07068684834123,6.20847402597403,6.42229398663697,6.8567945970696,61
"64",2016,12,5.6,10,7.33333333333333,4.85714285714286,4.75,5.5,5.66666666666667,3,7,4,4,6,1551,700,851,312,453,1098,6.72290760799484,7.52795714285714,6.06070470035253,6.18977564102564,6.41415011037528,6.85029116575592,62
"65",2017,1,7.40909090909091,11,8.07142857142857,6.25,6,10,7.15,7,4,2,1,10,1562,707,855,314,454,1108,6.72773988476312,7.53333804809052,6.06159029239766,6.18856687898089,6.42204845814978,6.85299611913358,63
"66",2017,2,7.16666666666667,9,7.41666666666667,6.66666666666667,6,6,7.3125,6,3,2,1,8,1571,713,858,316,455,1116,6.7302544239338,7.53235624123422,6.06370594405595,6.18737341772152,6.42112087912088,6.85629005376344,64
"67",2017,3,6.75,6,7.5,3,NA,9,6.3,5,1,0,1,5,1577,718,859,316,456,1121,6.73032954977806,7.53213091922006,6.06013934807916,6.18737341772152,6.42677631578947,6.85380883140054,65
"68",2017,4,7.1875,8,7.25,7.125,7.5,7.5,7,4,4,1,3,5,1585,722,863,317,459,1126,6.73263703470032,7.53056786703601,6.06507497103129,6.1915141955836,6.4337908496732,6.85445799289521,66
"69",2017,5,7.53571428571429,7,7.47,7.7,7,7,7.625,5,2,1,1,6,1592,727,865,318,460,1132,6.73616815326633,7.53015130674003,6.06885514450867,6.19405660377358,6.43502173913043,6.85854213780919,67
"70",2017,6,7.17272727272727,11,7.8125,5.46666666666667,3,9.5,6.94,8,3,1,1,10,1603,735,868,319,461,1142,6.73916388022458,7.53322448979592,6.06677384792627,6.18404388714734,6.44167028199566,6.8592554290718,68
"71",2017,7,7,9,8,6.5,7,6.66666666666667,7.16666666666667,3,6,4,3,6,1612,738,874,323,464,1148,6.74062016129032,7.53512195121951,6.06974794050343,6.19414860681114,6.443125,6.86086210801394,69
"72",2017,8,7.14181818181818,11,7.1825,7.03333333333333,8.05,8.165,6.55714285714286,8,3,2,4,7,1623,746,877,325,468,1155,6.7433393099199,7.53134048257373,6.0730441277081,6.20556923076923,6.45784188034188,6.85902138528139,70
"73",2017,9,6.33333333333333,6,6.25,6.5,7,5.5,6.75,4,2,1,2,4,1629,750,879,326,470,1159,6.74182915899325,7.52450666666667,6.07401558589306,6.20800613496932,6.45376595744681,6.85864512510785,71
"74",2017,10,7.02222222222222,9,7.16666666666667,6.73333333333333,8.6,6.75,7.24,6,3,2,4,5,1638,756,882,328,474,1164,6.74336978021978,7.52166666666667,6.07625816326531,6.22259146341463,6.45626582278481,6.86028324742268,72
"75",2017,11,6.125,8,8.5,5.33333333333333,5,2,6.71428571428571,2,6,3,1,7,1646,758,888,331,475,1171,6.74036433778858,7.52424802110818,6.0712384009009,6.21151057401813,6.44688421052631,6.85941050384287,73
"76",2017,12,6.33333333333333,6,7.5,5.75,6.75,4,6.8,2,4,2,1,5,1652,760,892,333,476,1176,6.73888601694915,7.52418421052632,6.06979786995516,6.21474474474474,6.44174369747899,6.85915790816327,74
"77",2018,1,6.45454545454545,11,7.83333333333333,4.8,6,6.33333333333333,6.5,6,5,2,3,8,1663,766,897,335,479,1184,6.73700523150932,7.52660574412533,6.06271984392419,6.21346268656716,6.44106471816284,6.85673116554054,75
"78",2018,2,7.08333333333333,9,7.375,6.85,8,8.5,6.67857142857143,4,5,1,2,7,1672,770,902,336,481,1191,6.73886943779904,7.52581818181818,6.06708392461197,6.21877976190476,6.44962577962578,6.85568404701931,76
"79",2018,3,7.125,6,7.375,6.625,6.625,NA,7.125,4,2,2,0,6,1678,774,904,338,481,1197,6.74025011918951,7.52503875968992,6.06831825221239,6.22118343195266,6.44962577962578,6.85703400167084,77
"80",2018,4,6.9,6,8.46666666666667,5.33333333333333,5,NA,6.9,3,3,1,0,6,1684,777,907,339,481,1203,6.74081929928741,7.52867438867439,6.06588721058434,6.21758112094395,6.44962577962578,6.85724829592685,78
"81",2018,5,6.57142857142857,7,7,6.25,6,7,6.25,3,4,1,3,4,1691,780,911,340,484,1207,6.7401180958013,7.52664102564102,6.06669560922064,6.21694117647059,6.45303719008264,6.85523587406794,79
"82",2018,6,6.3,5,7,5.83333333333333,5,5,6.625,2,3,1,1,4,1696,782,914,341,485,1211,6.73882057783019,7.52529411764706,6.06592964989059,6.21337243401759,6.4500412371134,6.85447539223782,80
"83",2018,7,6.85714285714286,7,8,5.33333333333333,4,6.33333333333333,7.25,4,3,1,3,4,1703,786,917,342,488,1215,6.73930692894891,7.52770992366412,6.06353293347874,6.20690058479532,6.4493237704918,6.8557775308642,81
"84",2018,8,6.625,4,7.16666666666667,5,NA,NA,6.625,3,1,0,0,4,1707,789,918,342,488,1219,6.73903907439953,7.5263371356147,6.06237440087146,6.20690058479532,6.4493237704918,6.85502026251025,82
"85",2018,9,6.42222222222222,9,6.91666666666667,5.43333333333333,6.8,6.9,6.28571428571429,6,3,1,2,7,1716,795,921,343,490,1226,6.73737744755245,7.5217358490566,6.06032540716612,6.20862973760933,6.45116326530612,6.85176973898858,83
"86",2018,10,7.01666666666667,6,7.3,6.45,5,5,7.42,4,2,1,1,5,1722,799,923,344,491,1231,6.73835058072009,7.52062578222778,6.06116977248104,6.20511627906977,6.44820773930754,6.85407774167344,84
"87",2018,11,7.625,4,7.625,NA,NA,NA,7.625,4,0,0,0,4,1726,803,923,344,491,1235,6.74040538818076,7.52114570361146,6.06116977248104,6.20511627906977,6.44820773930754,6.85657465587044,85
"88",2018,12,7.16666666666667,6,8.33333333333333,6,7,8,7,3,3,2,1,5,1732,806,926,346,492,1240,6.74188204387991,7.52416873449131,6.06097159827214,6.20971098265896,6.45136178861789,6.85715298387097,86
"89",2019,1,6.09375,8,6.5,5.41666666666667,5.125,5.33333333333333,6.55,5,3,2,3,5,1740,811,929,348,495,1245,6.73890212643678,7.51785450061652,6.05889095801938,6.20347701149425,6.44458585858586,6.855919437751,87
"90",2019,2,5.5,2,NA,5.5,NA,NA,5.5,0,2,0,0,2,1742,811,931,348,495,1247,6.73747973593571,7.51785450061652,6.0576903329753,6.20347701149425,6.44458585858586,6.85374474739374,88
"91",2019,3,6.33333333333333,6,6.8,4,4,9,5.8,5,1,1,1,5,1748,816,932,349,496,1252,6.73609250572082,7.51345588235294,6.05548251072961,6.19716332378223,6.44973790322581,6.84953650159744,89
"92",2019,4,8.29166666666667,6,8.29166666666667,NA,NA,7,8.55,6,0,0,1,5,1754,822,932,349,497,1257,6.7414137400228,7.51913625304136,6.05548251072961,6.19716332378223,6.45084507042253,6.85630047732697,90
"93",2019,5,6.83333333333333,6,8,4.5,NA,8,6.6,4,2,0,1,5,1760,826,934,349,498,1262,6.74172710227273,7.52146489104116,6.0521517130621,6.19716332378223,6.45395582329317,6.85528502377179,91
"94",2019,6,7.88888888888889,9,8.35714285714286,6.25,5.5,8.5,7.58333333333333,7,2,1,3,6,1769,833,936,350,501,1268,6.74756342566422,7.52848739495798,6.05257446581197,6.19517142857143,6.46620758483034,6.85873004731861,92
"95",2019,7,6.375,6,7.33333333333333,5.41666666666667,5,5.5,6.8125,3,3,1,2,4,1775,836,939,351,503,1272,6.74630405633803,7.52778708133971,6.0505428115016,6.19176638176638,6.46236580516899,6.85858466981132,93
"96",2019,8,6.38461538461539,13,6.85714285714286,5.83333333333333,5,6.33333333333333,6.4,7,6,1,3,10,1788,843,945,352,506,1282,6.74367432885906,7.52221826809015,6.0491637037037,6.18838068181818,6.46160079051383,6.85500756630265,94
"97",2019,9,5.4,4,7.6,4.66666666666667,1,1,6.86666666666667,1,3,1,1,3,1792,844,948,353,507,1285,6.74067505580357,7.52231042654028,6.04478871308017,6.17368271954674,6.45082840236686,6.85503478599222,95
"98",2019,10,8.125,4,8.125,NA,NA,7,8.5,4,0,0,1,3,1796,848,948,353,508,1288,6.74375818485523,7.52515330188679,6.04478871308017,6.17368271954674,6.4519094488189,6.85886622670807,96
"99",2019,11,7.41818181818182,11,7.65714285714286,7,4,8.14,6.81666666666667,7,4,1,5,6,1807,855,952,354,513,1294,6.74786369673492,7.52623391812866,6.04880220588235,6.16754237288135,6.46836257309941,6.85867055641422,97
"100",2019,12,7.06985714285714,7,7.9978,4.75,4,9.989,6.58333333333333,5,2,1,1,6,1814,860,954,355,514,1300,6.74910622932745,7.52897558139535,6.04607935010482,6.16143661971831,6.47521206225681,6.85739976923077,98
"101",2020,1,6.875,8,7.6,5.66666666666667,6,6,7,5,3,1,1,7,1822,865,957,356,515,1307,6.74965900109769,7.52938612716763,6.04488996865204,6.16098314606741,6.47428932038835,6.85816350420811,99
"102",2020,2,7.16666666666667,6,7.2,7,7,9,6.8,5,1,1,1,5,1828,870,958,357,516,1312,6.75102773522976,7.52749310344828,6.0458869519833,6.16333333333333,6.47918410852713,6.85794184451219,100
"103",2020,3,7.5,4,8,6,6,7.5,7.5,3,1,1,2,2,1832,873,959,358,518,1314,6.75266304585153,7.52911683848797,6.04583910323253,6.16287709497207,6.48312548262548,6.85891910197869,101
"104",2020,4,6.98,5,6.95,7,NA,NA,6.98,2,3,0,0,5,1837,875,962,358,518,1319,6.75328181818182,7.52779314285714,6.04881465696466,6.16287709497207,6.48312548262548,6.85937808946171,102
"105",2020,5,6.7,5,6.875,6,NA,6,6.875,4,1,0,1,4,1842,879,963,358,519,1323,6.7531371878393,7.52482252559727,6.04876396677051,6.16287709497207,6.48219460500963,6.85942532123961,103
"106",2020,6,7,1,NA,7,NA,NA,7,0,1,0,0,1,1843,879,964,358,519,1324,6.75327113402062,7.52482252559727,6.04975072614108,6.16287709497207,6.48219460500963,6.85953149546828,104
"107",2020,7,6.16666666666667,3,NA,6.16666666666667,6.25,6,6.25,0,3,2,1,2,1846,879,967,360,520,1326,6.75231782231853,7.52482252559727,6.05011344364012,6.16336111111111,6.48126730769231,6.85861214177979,105
"108",2020,8,5,1,NA,5,5,NA,5,0,1,1,0,1,1847,879,968,361,520,1327,6.75136908500271,7.52482252559727,6.04902861570248,6.16013850415512,6.48126730769231,6.85721152976639,106
"109",2020,9,7.17125,8,7.1,7.2425,NA,4,7.62428571428571,4,4,0,1,7,1855,883,972,361,521,1334,6.75317989218329,7.52289807474519,6.05394002057613,6.16013850415512,6.47650479846449,6.86123665667166,107
"110",2020,10,7.75,6,8,7.25,7,10,7.3,4,2,1,1,5,1861,887,974,362,522,1339,6.7563937130575,7.5250496054115,6.05639599589322,6.16245856353591,6.48325478927203,6.86287505601195,108
"111",2020,11,6.85,14,7.43333333333333,5.8,5.75,8,6.76153846153846,9,5,2,1,13,1875,896,979,364,523,1352,6.75709264,7.52412834821428,6.05508651685393,6.16019230769231,6.48615487571702,6.86190066568047,109
"112",2020,12,7.20833333333333,12,7.05555555555556,7.66666666666667,7.66666666666667,8,7.13636363636364,9,3,3,1,11,1887,905,982,367,524,1363,6.75996221515633,7.51946850828729,6.06000987780041,6.1725068119891,6.48904389312977,6.86411570066031,110
"113",2021,1,5.72,5,6.8,5,5,5,5.9,2,3,2,1,4,1892,907,985,369,525,1367,6.75721390063425,7.51788202866593,6.0567814213198,6.16615176151761,6.48620761904762,6.86129458668617,111
"114",2021,2,6.72727272727273,11,7.22222222222222,4.5,3,3,7.1,9,2,1,1,10,1903,916,987,370,526,1377,6.757040830268,7.51497707423581,6.05362684903749,6.15759459459459,6.47957984790874,6.86302810457516,112
"115",2021,3,6.41666666666667,6,8.75,5.25,5,4,6.9,2,4,2,1,5,1909,918,991,372,527,1382,6.7559710319539,7.51766775599128,6.05038314833502,6.15137096774193,6.47487476280835,6.86316186685962,113
"116",2021,4,6,4,5,9,NA,3.5,8.5,3,1,0,2,2,1913,921,992,372,529,1384,6.75439032932567,7.50946688382193,6.05335655241936,6.15137096774193,6.46362759924386,6.86552723988439,114
"117",2021,5,6.96142857142857,7,7.2325,6.6,5.75,7.615,6.7,4,3,2,2,5,1920,925,995,374,531,1389,6.75514515625,7.50826918918919,6.05500472361809,6.14922459893048,6.46796421845574,6.86493138948884,115
"118",2021,6,6.28,5,4.5,7.46666666666667,7.4,NA,6.28,2,3,1,0,5,1925,927,998,375,531,1394,6.75391101298701,7.50177885652643,6.05924819639279,6.15256,6.46796421845574,6.86283335724534,116
"119",2021,7,5.53571428571429,7,5.33333333333333,5.6875,4.875,NA,5.53571428571429,3,4,2,0,7,1932,930,1002,377,531,1401,6.74949725672878,7.49478387096774,6.05776417165669,6.1457824933687,6.46796421845574,6.85620249821556,117
"120",2021,8,7.73333333333333,9,7.7,8,NA,NA,7.73333333333333,8,1,0,0,9,1941,938,1003,377,531,1410,6.7540590932509,7.49653411513859,6.05970059820538,6.1457824933687,6.46796421845574,6.86180120567376,118
"121",2021,9,5.77272727272727,11,7.5,5.38888888888889,NA,6.83333333333333,5.375,2,9,0,3,8,1952,940,1012,377,534,1418,6.74852904713115,7.4965414893617,6.05373488142293,6.1457824933687,6.47001685393258,6.85341304654443,119
"122",2021,10,6.78571428571429,7,7.875,5.33333333333333,NA,5.33333333333333,7.875,4,3,0,3,4,1959,944,1015,377,537,1422,6.74866191934661,7.49814512711864,6.05160561576355,6.1457824933687,6.46366666666666,6.85628670886076,120
"123",2021,11,6.71428571428571,7,7.5,5.66666666666667,5.66666666666667,6,7,4,3,3,2,5,1966,948,1018,380,539,1427,6.74853952187182,7.4981529535865,6.05047121807466,6.142,6.46194619666048,6.85679025928521,121
"124",2021,12,7.1875,8,7.21428571428571,7,7,NA,7.1875,7,1,1,0,8,1974,955,1019,381,539,1435,6.75031849037487,7.4960722513089,6.05140304219823,6.14425196850394,6.46194619666048,6.85863393728223,122
"125",2022,1,6.69854666666667,15,7.5797,6.11111111111111,5,6.3,6.89782,6,9,3,5,10,1989,961,1028,384,544,1445,6.74992805429864,7.49659438085328,6.05192577821012,6.1353125,6.46045772058823,6.85890512110727,123
"126",2022,2,7.61,10,7.61,NA,NA,6.23333333333333,8.2,10,0,0,3,7,1999,971,1028,384,547,1452,6.75423056528264,7.4977623069001,6.05192577821012,6.1353125,6.45921206581353,6.86537045454545,124
"127",2022,3,7.5,4,9,7,NA,9,7,1,3,0,1,3,2003,972,1031,384,548,1455,6.75571987019471,7.49930781893004,6.05468448108632,6.1353125,6.46384854014598,6.86564804123711,125
"128",2022,4,6.375,4,6.83333333333333,5,NA,NA,6.375,3,1,0,0,4,2007,975,1032,384,548,1459,6.75496108619831,7.49725866666667,6.0536625,6.1353125,6.46384854014598,6.86430287868403,126
"129",2022,5,7.75,8,8,7,7,9,7.57142857142857,6,2,1,1,7,2015,981,1034,385,549,1466,6.75891161290323,7.50033353720693,6.05549294003869,6.13755844155844,6.46846812386156,6.86767933151432,127
"130",2022,6,6.5,4,6.33333333333333,7,NA,NA,6.5,3,1,0,0,4,2019,984,1035,385,549,1470,6.75839866270431,7.4967756097561,6.05640550724638,6.13755844155844,6.46846812386156,6.86667884353741,128
"131",2022,7,7.96975,4,8.4395,7.5,6,NA,7.96975,2,2,1,0,4,2023,986,1037,386,549,1474,6.76079382105783,7.4986878296146,6.05918968177435,6.13720207253886,6.46846812386156,6.86967225237449,129
"132",2022,8,6.9375,8,6.625,7.25,7,7.33333333333333,6.7,4,4,1,3,5,2031,990,1041,387,552,1479,6.7614898572132,7.49515777777778,6.06376532180596,6.1394315245478,6.47316847826087,6.86909864773496,130
"133",2022,9,7.05714285714286,7,7.5,6.725,6.9,NA,7.05714285714286,3,4,2,0,7,2038,993,1045,389,552,1486,6.76250534838077,7.49517240684794,6.06629636363636,6.14334190231362,6.47316847826087,6.86998445491252,131
"134",2022,10,7.92857142857143,7,8.625,7,7.5,7.5,8,4,3,1,1,6,2045,997,1048,390,553,1492,6.76649677261614,7.49970531594784,6.06896917938931,6.14682051282051,6.47502531645569,6.87452875335121,132
"135",2022,11,6.525,8,6.4,6.6,5,6.06666666666667,6.8,3,5,1,3,5,2053,1000,1053,391,556,1497,6.76555572333171,7.4964062,6.07149069325736,6.14388746803069,6.47282194244604,6.87427982631931,133
"136",2022,12,7.6875,8,7.7,7.66666666666667,NA,8,7.5,5,3,0,3,5,2061,1005,1056,391,559,1502,6.76913435225619,7.49741910447761,6.07602244318182,6.14388746803069,6.48101788908765,6.87636278295606,134
