"","year","month","avg_rating","no_ratings","avg_rating_owned","avg_rating_not_owned","avg_rating_prev_owned","avg_rating_comment","avg_rating_no_comment","no_ratings_owned","no_ratings_not_owned","no_ratings_prev_owned","no_ratings_comment","no_ratings_no_comment","cum_no_ratings","cum_no_ratings_owned","cum_no_ratings_not_owned","cum_no_ratings_prev_owned","cum_no_ratings_comment","cum_no_ratings_no_comment","cum_avg_rating","cum_avg_rating_owned","cum_avg_rating_not_owned","cum_avg_rating_prev_owned","cum_avg_rating_comment","cum_avg_rating_no_comment","month_after_release"
"1",2003,5,6.66666666666667,3,6.66666666666667,NA,NA,7,6,3,0,0,2,1,3,3,0,0,2,1,6.66666666666667,6.66666666666667,NA,NA,7,6,0
"2",2003,6,6.75,6,7.125,6,NA,6.25,7,4,2,0,2,4,9,7,2,0,4,5,6.72222222222222,6.92857142857143,6,NA,6.625,6.8,1
"3",2003,7,6.92777777777778,18,7.3375,6.6,6,6.33333333333333,7.04666666666667,8,10,2,3,15,27,15,12,2,7,20,6.85925925925926,7.14666666666667,6.5,6,6.5,6.985,2
"4",2003,8,6.6875,8,7.5,5.33333333333333,NA,7,6.64285714285714,5,3,0,1,7,35,20,15,2,8,27,6.82,7.235,6.26666666666667,6,6.5625,6.8962962962963,3
"5",2003,9,7.125,12,7.5625,6.25,NA,7.25,7,8,4,0,6,6,47,28,19,2,14,33,6.89787234042553,7.32857142857143,6.26315789473684,6,6.85714285714286,6.91515151515152,4
"6",2003,10,8.11111111111111,9,8,8.5,NA,8,8.14285714285714,7,2,0,2,7,56,35,21,2,16,40,7.09285714285714,7.46285714285714,6.47619047619048,6,7,7.13,5
"7",2003,11,6.05555555555556,9,6.75,5.5,NA,5.64285714285714,7.5,4,5,0,7,2,65,39,26,2,23,42,6.94923076923077,7.38974358974359,6.28846153846154,6,6.58695652173913,7.14761904761905,6
"8",2003,12,7.68181818181818,11,7.5,8.16666666666667,NA,7.4,7.91666666666667,8,3,0,5,6,76,47,29,2,28,48,7.05526315789474,7.40851063829787,6.48275862068965,6,6.73214285714286,7.24375,7
"9",2004,1,7.57083333333333,24,8.0125,6.6875,7.25,7.42,7.67857142857143,16,8,2,10,14,100,63,37,4,38,62,7.179,7.56190476190476,6.52702702702703,6.625,6.91315789473684,7.34193548387097,8
"10",2004,2,7.44117647058824,17,7.64285714285714,6.5,NA,7.58333333333333,7.36363636363636,14,3,0,6,11,117,77,40,4,44,73,7.21709401709402,7.57662337662338,6.525,6.625,7.00454545454545,7.34520547945206,9
"11",2004,3,7.10454545454545,22,7.46111111111111,5.5,NA,6.625,7.37857142857143,18,4,0,8,14,139,95,44,4,52,87,7.19928057553957,7.55473684210526,6.43181818181818,6.625,6.94615384615385,7.35057471264368,10
"12",2004,4,7.48076923076923,26,7.68421052631579,6.92857142857143,7.5,7.33333333333333,7.5,19,7,1,3,23,165,114,51,5,55,110,7.24363636363636,7.57631578947368,6.5,6.8,6.96727272727273,7.38181818181818,11
"13",2004,5,7.125,20,7.23333333333333,6.8,NA,6.92857142857143,7.23076923076923,15,5,0,7,13,185,129,56,5,62,123,7.23081081081081,7.53643410852713,6.52678571428571,6.8,6.96290322580645,7.36585365853659,12
"14",2004,6,7.625,16,7.70833333333333,7.375,8,8.0625,7.1875,12,4,1,8,8,201,141,60,6,70,131,7.26218905472637,7.55106382978723,6.58333333333333,7,7.08857142857143,7.35496183206107,13
"15",2004,7,7.75172413793103,29,7.83846153846154,7,NA,7.55833333333333,7.88823529411765,26,3,0,12,17,230,167,63,6,82,148,7.32391304347826,7.59580838323353,6.6031746031746,7,7.15731707317073,7.41621621621622,14
"16",2004,8,7.1,30,7.625,6.05,6,6.38461538461539,7.64705882352941,20,10,2,13,17,260,187,73,8,95,165,7.29807692307692,7.59893048128342,6.52739726027397,6.75,7.05157894736842,7.44,15
"17",2004,9,7.45217391304348,23,7.42,7.66666666666667,NA,7.49,7.42307692307692,20,3,0,10,13,283,207,76,8,105,178,7.31060070671378,7.58164251207729,6.57236842105263,6.75,7.09333333333333,7.43876404494382,16
"18",2004,10,7,29,7.12,6.25,NA,7.0625,6.97619047619048,25,4,0,8,21,312,232,80,8,113,199,7.28173076923077,7.53189655172414,6.55625,6.75,7.09115044247788,7.38994974874372,17
"19",2004,11,6.92592592592593,27,7.19047619047619,6,6,6.85714285714286,7,21,6,1,14,13,339,253,86,9,127,212,7.25339233038348,7.50355731225296,6.51744186046512,6.66666666666667,7.06535433070866,7.36603773584906,18
"20",2004,12,7.065,30,7.61363636363636,5.55625,3,6.53214285714286,7.53125,22,8,1,14,16,369,275,94,10,141,228,7.23807588075881,7.51236363636364,6.43563829787234,6.3,7.01241134751773,7.37763157894737,19
"21",2005,1,7,41,7.44444444444444,6.14285714285714,NA,6.65384615384615,7.16071428571429,27,14,0,13,28,410,302,108,10,154,256,7.21426829268293,7.50629139072848,6.39768518518519,6.3,6.98214285714286,7.35390625,20
"22",2005,2,7.16279069767442,43,7.32432432432432,6.16666666666667,8,7.30555555555556,7.06,37,6,1,18,25,453,339,114,11,172,281,7.20938189845475,7.48643067846608,6.38552631578947,6.45454545454545,7.01598837209302,7.32775800711744,21
"23",2005,3,6.54285714285714,49,7.175,5.35294117647059,6,6.16666666666667,6.76129032258065,32,17,1,18,31,502,371,131,12,190,312,7.14432270916335,7.45956873315364,6.25152671755725,6.41666666666667,6.93552631578947,7.27147435897436,22
"24",2005,4,7.20945945945946,37,7.51041666666667,6.65384615384615,6.66666666666667,7.47727272727273,7.09615384615385,24,13,3,11,26,539,395,144,15,201,338,7.14879406307978,7.4626582278481,6.28784722222222,6.46666666666667,6.96517412935323,7.25798816568047,23
"25",2005,5,7.19769342105263,38,7.41379310344828,6.50137222222222,7,7.3506175,7.02777777777778,29,9,2,20,18,577,424,153,17,221,356,7.15201447140381,7.45931603773585,6.30040751633987,6.52941176470588,7.00005588235294,7.24634831460674,24
"26",2005,6,6.77352941176471,34,6.93703703703704,6.14285714285714,6,6.34615384615385,7.03809523809524,27,7,1,13,21,611,451,160,18,234,377,7.1309531096563,7.42804878048781,6.2935146875,6.5,6.96372799145299,7.23474801061008,25
"27",2005,7,7.275,24,7.68571428571429,6.7,6.5,7.175,7.375,14,10,1,12,12,635,465,170,19,246,389,7.1363974015748,7.4358064516129,6.31742558823529,6.5,6.97403394308943,7.23907455012853,26
"28",2005,8,7.03677419354839,62,7.45833333333333,6.1515,6.83333333333333,6.9530303030303,7.13206896551724,42,20,6,33,29,697,507,190,25,279,418,7.1275356527977,7.43767258382643,6.2999597368421,6.58,6.97154964157706,7.23165071770335,27
"29",2005,9,7.42307692307692,52,7.7,6.85294117647059,7.25,7.58333333333333,7.28571428571429,35,17,8,24,28,749,542,207,33,303,446,7.14805387182911,7.45461254612546,6.34537367149758,6.74242424242424,7.02000775577558,7.23504484304933,28
"30",2005,10,7.28983333333333,60,7.476875,6.54166666666667,7.375,7.3156,7.27142857142857,48,12,4,25,35,809,590,219,37,328,481,7.15856903584672,7.45642372881356,6.35612945205479,6.81081081081081,7.04253765243902,7.23769230769231,29
"31",2005,11,7.53571428571429,70,7.72115384615385,7,8,7.33870967741935,7.69230769230769,52,18,1,31,39,879,642,237,38,359,520,7.18860335608646,7.47786604361371,6.40503101265823,6.84210526315789,7.06811239554318,7.27178846153846,30
"32",2005,12,6.996875,64,7.23255813953488,6.51428571428571,7.1,6.94782608695652,7.02439024390244,43,21,2,23,41,943,685,258,40,382,561,7.17559103923648,7.46246715328467,6.4139238372093,6.855,7.06087002617801,7.25370766488414,31
"33",2006,1,7.095,80,7.39090909090909,6.444,7,7.00344827586207,7.14705882352941,55,25,2,29,51,1023,740,283,42,411,612,7.16928870967742,7.45714864864865,6.41658074204947,6.86190476190476,7.05681836982968,7.24482026143791,32
"34",2006,2,7.12985074626866,67,7.5531914893617,6.135,6.75,6.73809523809524,7.30869565217391,47,20,2,21,46,1090,787,303,44,432,658,7.1668645412844,7.46288437102922,6.39799455445544,6.85681818181818,7.04132488425926,7.24928571428571,33
"35",2006,3,7.29736842105263,57,7.6890243902439,6.29375,6.66666666666667,6.99761904761905,7.47222222222222,41,16,3,21,36,1147,828,319,47,453,694,7.17334991281604,7.47408212560386,6.39276598746082,6.84468085106383,7.03929878587196,7.26085014409222,34
"36",2006,4,7.16352631578947,38,7.19703448275862,7.05555555555556,7.33333333333333,7.2114,7.14642857142857,29,9,3,10,28,1185,857,328,50,463,722,7.17303489451477,7.46470711785298,6.41095228658537,6.874,7.04301587473002,7.25641274238227,35
"37",2006,5,6.88723404255319,47,7.12702702702703,6,3,6.33529411764706,7.2,37,10,1,17,30,1232,894,338,51,480,752,7.1621317775974,7.45073154362416,6.39879393491124,6.79803921568627,7.01795072916667,7.25416223404255,36
"38",2006,6,7.57,59,7.67390243902439,7.33333333333333,6,7.2578947368421,7.71825,41,18,1,19,40,1291,935,356,52,499,792,7.18077176607281,7.46051764705882,6.44604592696629,6.78269230769231,7.02708687374749,7.27760101010101,37
"39",2006,7,7.10342465753425,73,7.20818181818182,6.78333333333333,7.5,6.94166666666667,7.18265306122449,55,18,4,24,49,1364,990,374,56,523,841,7.17663222140762,7.44649898989899,6.46227901069519,6.83392857142857,7.02316701720841,7.27206896551724,38
"40",2006,8,7.39923076923077,65,7.53979591836735,6.96875,7.25,7.7,7.309,49,16,6,15,50,1429,1039,390,62,538,891,7.18675741777467,7.4508989412897,6.48305730769231,6.8741935483871,7.04203782527881,7.27414141414141,39
"41",2006,9,6.98412698412698,63,7.42307692307692,6.27083333333333,7.25,6.76785714285714,7.15714285714286,39,24,2,28,35,1492,1078,414,64,566,926,7.17820130697051,7.44989239332096,6.47075446859903,6.8859375,7.02847411660777,7.2697192224622,40
"42",2006,10,7,73,7.30833333333333,6.408,6.4,6.86842105263158,7.0462962962963,48,25,5,19,54,1565,1126,439,69,585,980,7.16988904153355,7.44385790408526,6.46718075170843,6.85072463768116,7.02327581196581,7.25740816326531,41
"43",2006,11,7.43823529411765,68,7.58636363636364,7.16666666666667,6.83333333333333,7.46,7.42558139534884,44,24,6,25,43,1633,1170,463,75,610,1023,7.18106328842621,7.44921709401709,6.50343920086393,6.84933333333333,7.0411743442623,7.264477028348,42
"44",2006,12,7.18157303370787,89,7.36264705882353,6.59523809523809,7,6.98827586206897,7.275,68,21,1,29,60,1722,1238,484,76,639,1083,7.18108963414634,7.44446203554119,6.5074222107438,6.85131578947369,7.03877363067293,7.26506001846722,43
"45",2007,1,7.25042735042735,117,7.47349397590361,6.70588235294118,6.5,7.37142857142857,7.19878048780488,83,34,5,35,82,1839,1321,518,81,674,1165,7.18550100598151,7.44628614685844,6.52044855212355,6.82962962962963,7.05604799703264,7.26039484978541,44
"46",2007,2,6.96137863636364,88,7.14545454545455,6.65458545454545,6.57142857142857,6.83846153846154,7.01292451612903,55,33,7,26,62,1927,1376,551,88,700,1227,7.17526604566684,7.43426162790698,6.52848215970962,6.80909090909091,7.04796621428571,7.24789023634882,45
"47",2007,3,7.29113924050633,79,7.40689655172414,6.97142857142857,7.1,6.99565217391304,7.4125,58,21,5,23,56,2006,1434,572,93,723,1283,7.17982934695912,7.43315481171548,6.54474417832168,6.8247311827957,7.0463020055325,7.25507507404521,46
"48",2007,4,7.03866666666667,75,7.40888888888889,6.48333333333333,6.28571428571429,7.09259259259259,7.00833333333333,45,30,7,27,48,2081,1479,602,100,750,1331,7.1747417924075,7.43241649763354,6.5416838372093,6.787,7.04796846666667,7.24617679939895,47
"49",2007,5,7.11447368421053,76,7.35434782608696,6.74666666666667,7.75,6.912,7.21372549019608,46,30,4,25,51,2157,1525,632,104,775,1382,7.17261829856282,7.43006163934426,6.55141403481013,6.82403846153846,7.04358238709677,7.24497924746744,48
"50",2007,6,7.3375,72,7.34901960784314,7.30952380952381,7,7.12631578947368,7.41320754716981,51,21,5,19,53,2229,1576,653,109,794,1435,7.17794422162405,7.42743908629441,6.57579428790199,6.83211009174312,7.04556215365239,7.25119255749129,49
"51",2007,7,7.14101123595506,89,7.41065573770492,6.55357142857143,6.83333333333333,7.17647058823529,7.11909090909091,61,28,3,34,55,2318,1637,681,112,828,1490,7.17652617342536,7.4268136835675,6.57488057268722,6.83214285714286,7.05093762077295,7.24631632214765,50
"52",2007,8,7.16046511627907,86,7.16610169491525,7.14814814814815,7.5,7.184375,7.1462962962963,59,27,4,32,54,2404,1696,708,116,860,1544,7.17595160981697,7.41774410377358,6.59674247175141,6.8551724137931,7.05590273255814,7.24281821243523,51
"53",2007,9,7.165625,64,7.38,6.65789473684211,7.4,6.75217391304348,7.39756097560976,45,19,5,23,41,2468,1741,727,121,883,1585,7.17568382090762,7.41676852383687,6.59834067400275,6.87768595041322,7.04799133635334,7.24682102208202,52
"54",2007,10,6.87352941176471,85,7.247,6.34,5.94444444444444,6.73392857142857,6.94210526315789,50,35,9,28,57,2553,1791,762,130,911,1642,7.16562384253819,7.41202903405918,6.58647463254593,6.81307692307692,7.03833847420417,7.23624319123021,53
"55",2007,11,6.79241071428571,112,6.95723684210526,6.44444444444444,7.25,6.71315789473684,6.83310810810811,76,36,2,38,74,2665,1867,798,132,949,1716,7.14993908818011,7.39351580074986,6.5800672556391,6.81969696969697,7.02531754478398,7.21885857808858,54
"56",2007,12,6.93529411764706,119,7.28148148148148,6.19736842105263,7.28571428571429,6.90384615384615,6.95970149253731,81,38,7,52,67,2784,1948,836,139,1001,1783,7.14076424928161,7.38885728952772,6.56267185406699,6.8431654676259,7.01900734265734,7.2091202019069,55
"57",2008,1,7.11242424242424,165,7.41216216216216,6.4962962962963,7.1,7.08365384615385,7.12566371681416,111,54,10,52,113,2949,2059,890,149,1053,1896,7.1391785927433,7.39011364740165,6.55864457303371,6.86040268456376,7.0221997625831,7.20414626582278,56
"58",2008,2,7.11182795698925,93,7.44193548387097,6.45161290322581,7,7.10357142857143,7.11538461538461,62,31,7,28,65,3042,2121,921,156,1081,1961,7.13834242932281,7.39162847713343,6.55504198697068,6.86666666666667,7.02430744680851,7.20120414074452,57
"59",2008,3,6.94619565217391,92,7.31328125,6.10714285714286,6.625,6.69375,7.14038461538462,64,28,4,40,52,3134,2185,949,160,1121,2013,7.13270187300574,7.38933363844393,6.54182683877766,6.860625,7.01251235504014,7.19963304520616,58
"60",2008,4,7.14953703703704,108,7.32207792207792,6.72096774193548,6.925,6.88333333333333,7.25192307692308,77,31,10,30,78,3242,2262,980,170,1151,2091,7.13326269895126,7.3870442086649,6.54749354081633,6.86441176470588,7.00914539530843,7.20158360593018,59
"61",2008,5,7.21438356164384,73,7.43723404255319,6.81153846153846,6.94444444444444,7.09838709677419,7.3,47,26,9,31,42,3315,2309,1006,179,1182,2133,7.13504907088989,7.38806582936336,6.55431776341948,6.86843575418995,7.01148591370558,7.20352148148148,60
"62",2008,6,7.19166666666667,84,7.62211538461538,6.4921875,7.16666666666667,7.31571428571429,7.1030612244898,52,32,6,35,49,3399,2361,1038,185,1217,2182,7.13644827007943,7.39322066920796,6.55240237957611,6.87810810810811,7.0202352917009,7.2012654995417,61
"63",2008,7,7.09910714285714,112,7.32714285714286,6.71904761904762,6.41666666666667,6.92222222222222,7.21791044776119,70,42,18,45,67,3511,2431,1080,203,1262,2249,7.13525709769296,7.3913179761415,6.55888302777778,6.8371921182266,7.01674037242472,7.20176136949755,62
"64",2008,8,7.11601694915254,118,7.31329268292683,6.66666666666667,6.53571428571429,7.05333333333333,7.13738636363636,82,36,14,30,88,3629,2513,1116,217,1292,2337,7.13463148801322,7.38877198567449,6.56235991935484,6.81774193548387,7.01759005417957,7.19933732135216,63
"65",2008,9,6.98842105263158,95,7.29166666666667,6.46857142857143,6.42,6.76764705882353,7.11147540983607,60,35,15,34,61,3724,2573,1151,232,1326,2398,7.13090162996777,7.3865075787019,6.55950796698523,6.79202586206897,7.01118125942685,7.19710230191826,64
"66",2008,10,6.92420212765957,94,7.21120689655172,6.46180555555556,6.70277777777778,6.73014705882353,7.03416666666667,58,36,9,34,60,3818,2631,1187,241,1360,2458,7.12581264274489,7.38264310148232,6.5565447935973,6.78869294605809,7.00415540441177,7.19312502847844,65
"67",2008,11,6.86115702479339,121,7.18611111111111,6.38367346938776,6.51333333333333,6.74090909090909,6.90625,72,49,15,33,88,3939,2703,1236,256,1393,2546,7.11768283066768,7.37740806511284,6.54969148058253,6.77255859375,6.99791913137114,7.18320947368421,66
"68",2008,12,6.97169811320755,106,7.3875,6.09117647058823,6.3125,6.546875,7.15540540540541,72,34,8,32,74,4045,2775,1270,264,1425,2620,7.11385727317676,7.37766990990991,6.53741627559055,6.75861742424243,6.98779042105263,7.18242416793893,67
"69",2009,1,7.11081871345029,171,7.31398305084746,6.65849056603774,6.98571428571429,7.14673913043478,7.0976,118,53,14,46,125,4216,2893,1323,278,1471,2745,7.11373402988615,7.37507224334601,6.54226656840514,6.77005395683453,6.99276094493542,7.17856150091075,68
"70",2009,2,6.96436464088398,181,7.2203125,6.67529411764706,6.542,6.87567567567568,6.98715277777778,96,85,25,37,144,4397,2989,1408,303,1508,2889,7.1075853240846,7.37010170625627,6.55029735085227,6.75123762376238,6.98988816312997,7.16902087919695,69
"71",2009,3,7.07121212121212,165,7.34684210526316,6.69714285714286,6.71428571428571,7.25689655172414,7.03161764705882,95,70,21,29,136,4562,3084,1478,324,1537,3025,7.10626976545375,7.36938521400778,6.55725214479026,6.74884259259259,6.99492605725439,7.16284341157025,70
"72",2009,4,7.02075471698113,159,7.34395604395604,6.58823529411765,6.4,7.17741935483871,6.9828125,91,68,15,31,128,4721,3175,1546,339,1568,3153,7.10338967803431,7.36865637795275,6.55861492238034,6.73340707964602,6.9985340242347,7.15553483032033,71
"73",2009,5,7.00486842105263,152,7.36628571428571,6.69634146341463,6.47916666666667,6.9030303030303,7.03310924369748,70,82,24,33,119,4873,3245,1628,363,1601,3272,7.10031657500513,7.36860523882897,6.56555200859951,6.71659779614325,6.99656549031855,7.15108231051345,72
"74",2009,6,6.84285714285714,147,7.30140845070423,6.41447368421053,6.35714285714286,6.5,6.90975609756098,71,76,21,24,123,5020,3316,1704,384,1625,3395,7.09277742430279,7.36716646562123,6.55881377347418,6.69694010416667,6.9892316,7.14233912223859,73
"75",2009,7,6.90681818181818,132,7.32763157894737,6.33571428571429,6.6,6.12352941176471,7.17857142857143,76,56,15,34,98,5152,3392,1760,399,1659,3493,7.08801294060559,7.36628066037736,6.55171515340909,6.69329573934837,6.97148966244726,7.14335565989121,74
"76",2009,8,6.90509554140127,157,7.36172839506173,6.41842105263158,6.72222222222222,6.5,7.07818181818182,81,76,18,47,110,5309,3473,1836,417,1706,3603,7.08260362968544,7.36617448891448,6.54619753267974,6.69454436450839,6.95850020515827,7.14136589508743,75
"77",2009,9,7.0288961038961,154,7.27297297297297,6.803125,6.7265625,6.93372093023256,7.06576576576577,74,80,32,43,111,5463,3547,1916,449,1749,3714,7.08108963390078,7.36423005356639,6.55692519311065,6.69682628062361,6.9578909948542,7.13910644049542,76
"78",2009,10,7.04642857142857,168,7.18163265306122,6.85714285714286,6.92857142857143,6.98636363636364,7.06111111111111,98,70,21,33,135,5631,3645,1986,470,1782,3849,7.08005552654946,7.3593207133059,6.56750688318228,6.70718085106383,6.95841826599327,7.1363708287867,77
"79",2009,11,7.10460526315789,152,7.475,6.73421052631579,6.78846153846154,6.88285714285714,7.17094017094017,76,76,26,35,117,5783,3721,2062,496,1817,3966,7.08070079024727,7.3616834184359,6.57365114936954,6.71144153225806,6.9569627682994,7.1373906505295,78
"80",2009,12,7.08233695652174,184,7.247,6.88630952380952,6.775,6.959375,7.12573529411765,100,84,30,48,136,5967,3821,2146,526,1865,4102,7.08075124350595,7.3586820204135,6.5858894082013,6.71506653992395,6.95702485254692,7.13700422233057,79
"81",2010,1,7.00561855670103,194,7.17,6.79035714285714,6.6,7.0046511627907,7.0058940397351,110,84,25,43,151,6161,3931,2230,551,1908,4253,7.07838543580587,7.35340218773849,6.59359133183856,6.70984573502722,6.9580981918239,7.13234924053609,80
"82",2010,2,7.12412587412587,143,7.39540229885057,6.70267857142857,6.44117647058824,6.78,7.21548672566372,87,56,17,30,113,6304,4018,2286,568,1938,4366,7.0794230123731,7.35431159780986,6.5962636351706,6.70180457746479,6.95534125386997,7.13450098946404,81
"83",2010,3,7.20948275862069,116,7.51101694915254,6.89736842105263,6.85,6.79166666666667,7.31847826086956,59,57,16,24,92,6420,4077,2343,584,1962,4458,7.08177300155763,7.35657934755948,6.60358884763124,6.7058647260274,6.95333911824669,7.13829773889636,82
"84",2010,4,6.90642201834862,109,7.20901639344262,6.521875,6.625,7.20681818181818,6.83045977011494,61,48,12,22,87,6529,4138,2391,596,1984,4545,7.07884556134171,7.35440405993233,6.60194841907152,6.70423657718121,6.95614987399194,7.13240513091309,83
"85",2010,5,7.10339449541284,109,7.21636363636364,6.98833333333333,6.96875,7.56227272727273,6.98735632183908,55,54,16,22,87,6638,4193,2445,612,2006,4632,7.07924866978005,7.35259336990222,6.61048207361963,6.71115196078431,6.96279728315055,7.12968076856649,84
"86",2010,6,7.154375,80,7.49791666666667,6.6390625,7.01875,6.85,7.24918032786885,48,32,8,19,61,6718,4241,2477,620,2025,4693,7.08014329711223,7.35423815137939,6.61085129995963,6.71512096774194,6.96173893827161,7.13123403366716,85
"87",2010,7,7.11494845360825,97,7.49807692307692,6.67222222222222,6.51875,6.86111111111111,7.17278481012658,52,45,16,18,79,6815,4293,2522,636,2043,4772,7.08063868965517,7.35598043326345,6.61194634020619,6.71018081761006,6.96085234948605,7.13192190276613,86
"88",2010,8,6.83039215686274,102,6.89032258064516,6.7375,6.6875,6.55714285714286,6.90123456790123,62,40,12,21,81,6917,4355,2562,648,2064,4853,7.07694848489229,7.34935109070035,6.61390658469945,6.70976080246914,6.95674484011628,7.1280715681022,87
"89",2010,9,7.2367816091954,87,7.62888888888889,6.81666666666667,6.3375,7.03235294117647,7.28642857142857,45,42,8,17,70,7004,4400,2604,656,2081,4923,7.07893384780126,7.35221,6.61717690860215,6.70522103658537,6.95736249399327,7.13032324192565,88
"90",2010,10,6.94784482758621,116,7.51967213114754,6.31363636363636,5.88888888888889,6.625,7.05056818181818,61,55,18,28,88,7120,4461,2659,674,2109,5011,7.07679812780899,7.35449988791751,6.61089833396013,6.68341988130564,6.95294990516833,7.12892263420475,89
"91",2010,11,6.65023952095808,167,7.01234567901235,6.30918604651163,6.46,6.65829268292683,6.64761904761905,81,86,25,41,126,7287,4542,2745,699,2150,5137,7.06702246054618,7.34839806252752,6.60144578142076,6.67542918454936,6.94733086046512,7.11711725131399,90
"92",2010,12,6.91939393939394,165,7.20567010309278,6.51102941176471,6.35952380952381,6.58888888888889,7.01162790697674,97,68,21,36,129,7452,4639,2813,720,2186,5266,7.06375371309715,7.34541366673852,6.59926010309278,6.66621527777778,6.94142788197621,7.11453310292442,91
"93",2011,1,7.03793650793651,189,7.26114035087719,6.69866666666667,6.57894736842105,6.84594594594595,7.08467105263158,114,75,19,37,152,7641,4753,2888,739,2223,5418,7.06311512498364,7.34339238375763,6.60184164473684,6.66397158322057,6.93983866396761,7.11369533407161,92
"94",2011,2,6.90467625899281,139,7.25697368421053,6.47968253968254,6.32473684210526,6.88724137931034,6.90927272727273,76,63,19,29,110,7780,4829,2951,758,2252,5528,7.06028440488432,7.34203230482502,6.59923370721789,6.65546833773087,6.93916134547069,7.10962759044862,93
"95",2011,3,6.83992307692308,130,7.39163934426229,6.35217391304348,5.59375,6.2995652173913,6.95607476635514,61,69,16,23,107,7910,4890,3020,774,2275,5635,7.05666279013906,7.34265112474438,6.59358896357616,6.63352067183463,6.9326950989011,7.10671185803017,94
"96",2011,4,6.86045454545455,110,7.24923076923077,6.29888888888889,6.20833333333333,7.065,6.815,65,45,12,20,90,8020,4955,3065,786,2295,5725,7.05397165461346,7.34142563067608,6.58926220880914,6.62702926208651,6.93384808278867,7.10212599475982,95
"97",2011,5,7.02388888888889,126,7.285,6.73666666666667,6.60952380952381,7.0258064516129,7.02326315789474,66,60,21,31,95,8146,5021,3125,807,2326,5820,7.05350634299042,7.34068392750448,6.5920923744,6.62657372986369,6.9350736672399,7.10083871477663,96
"98",2011,6,7.049,100,7.25901639344262,6.72051282051282,6.48333333333333,6.772,7.14133333333333,61,39,12,25,75,8246,5082,3164,819,2351,5895,7.05345169415474,7.33970365997639,6.59367530657396,6.62447496947497,6.93333957890259,7.101353913486,97
"99",2011,7,7.09375,96,7.26363636363636,6.72,5.875,6.87083333333333,7.16805555555556,66,30,8,24,72,8342,5148,3194,827,2375,5967,7.05391544833373,7.33872843822844,6.59486182529743,6.61722490931076,6.9327079368421,7.10215875984582,98
"100",2011,8,7.06410256410256,117,7.36617647058824,6.64489795918367,6.42307692307692,7.07068965517241,7.06193181818182,68,49,13,29,88,8459,5216,3243,840,2404,6055,7.05405635063246,7.33908627300614,6.59561784458834,6.61422023809524,6.93437244176372,7.10157412386457,99
"101",2011,9,6.78571428571429,112,7.17833333333333,6.33269230769231,5.58333333333333,6.57857142857143,6.8547619047619,60,52,12,28,84,8571,5276,3295,852,2432,6139,7.05054983899195,7.33725815011372,6.59146848861912,6.59970070422535,6.93027604851973,7.09819698973774,100
"102",2011,10,6.90953125,128,7.12857142857143,6.6451724137931,6.75,6.72592592592593,6.95861386138614,70,58,13,27,101,8699,5346,3353,865,2459,6240,7.04847484423497,7.33452562663674,6.59239745600954,6.60195953757226,6.92803226921513,7.09593771153846,101
"103",2011,11,7.0410071942446,139,7.2425,6.76779661016949,6.84117647058823,6.87297297297297,7.10196078431373,80,59,17,37,102,8838,5426,3412,882,2496,6342,7.04835739646979,7.33316881680796,6.59543044255568,6.60657029478458,6.92721608573718,7.09603458215074,102
"104",2011,12,6.8221149122807,114,7.04032258064516,6.56194423076923,6.275,7.0943380952381,6.76064516129032,62,52,16,21,93,8952,5488,3464,898,2517,6435,7.04547629244861,7.32986042274052,6.59492776270208,6.60066258351893,6.92861042908224,7.09118746231546,103
"105",2012,1,6.65900621118012,161,6.96021505376344,6.24705882352941,6.18571428571429,6.46904761904762,6.72605042016807,93,68,21,42,119,9113,5581,3532,919,2559,6554,7.0386484988478,7.32370077047124,6.58823039920725,6.59118063112078,6.92106778038296,7.08455772352761,104
"106",2012,2,6.97833333333333,126,7.36056338028169,6.48490909090909,6.62,6.92,6.99277227722772,71,55,15,25,101,9239,5652,3587,934,2584,6655,7.03782593029548,7.32416383581033,6.58664615834959,6.59164346895075,6.9210574496904,7.0831647362885,105
"107",2012,3,7.11621621621622,111,7.2865671641791,6.85681818181818,6.92307692307692,6.97368421052632,7.14565217391304,67,44,13,19,92,9350,5719,3631,947,2603,6747,7.03875655294117,7.32372337821297,6.58992006885155,6.59619324181626,6.92144158663081,7.08401679561286,106
"108",2012,4,6.87712765957447,94,7.15916666666667,6.37941176470588,6.50714285714286,6.61086956521739,6.96338028169014,60,34,14,23,71,9444,5779,3665,961,2626,6818,7.03714779436679,7.32201488146738,6.58796719508867,6.59489594172737,6.91872142041127,7.0827605338809,107
"109",2012,5,6.83367346938776,98,7.184,6.46875,6.125,6.69375,6.8609756097561,50,48,16,16,82,9542,5829,3713,977,2642,6900,7.03505803500314,7.32083101732716,6.58642600861837,6.58720061412487,6.91735898940197,7.0801248289855,108
"110",2012,6,7.24186046511628,86,7.43265306122449,6.98918918918919,7.0625,6.70833333333333,7.32837837837838,49,37,8,12,74,9628,5878,3750,985,2654,6974,7.03690525238886,7.32176318475672,6.59039993866666,6.59106091370558,6.91641388470233,7.08275900774304,109
"111",2012,7,7.14375,88,7.325,6.9625,7.34117647058823,6.85,7.19932432432432,44,44,17,14,74,9716,5922,3794,1002,2668,7048,7.03787296932894,7.32178723404255,6.59471527938851,6.6037874251497,6.91606538605697,7.08398287741203,110
"112",2012,8,6.7478021978022,91,7.17386363636364,6.34893617021277,6.5,6.67647058823529,6.76418918918919,44,47,5,17,74,9807,5966,3841,1007,2685,7122,7.03518137758743,7.32069627891384,6.59170782869044,6.60327209533267,6.91454839851024,7.080660112328,111
"113",2012,9,6.95493827160494,81,7.31923076923077,6.61666666666667,6.82222222222222,7.10714285714286,6.92313432835821,39,42,9,14,67,9888,6005,3883,1016,2699,7189,7.03452404631877,7.32068676103247,6.5919777929436,6.60521161417323,6.91554740644683,7.07919200445124,112
"114",2012,10,6.83203883495146,103,7.2125,6.37872340425532,6.84166666666667,6.57272727272727,6.90246913580247,56,47,12,22,81,9991,6061,3930,1028,2721,7270,7.03243656991292,7.31968718033328,6.58942742239186,6.60797178988327,6.9127756155825,7.07722301513067,113
"115",2012,11,6.86850393700787,127,7.18355263157895,6.39901960784314,6.64583333333333,6.934,6.85245098039216,76,51,12,25,102,10118,6137,3981,1040,2746,7372,7.03037890591026,7.31800130356852,6.58698813614669,6.60840865384615,6.91296884559359,7.07411303852414,114
"116",2012,12,7.10826446280992,121,7.35540540540541,6.71914893617021,6.66666666666667,7.35185185185185,7.03829787234043,74,47,12,27,94,10239,6211,4028,1052,2773,7466,7.03129932317609,7.31844694896152,6.58853023088381,6.60907319391635,6.91724213847818,7.07366211090276,115
"117",2013,1,6.97098765432099,162,7.45161290322581,6.3231884057971,6.3125,7.06333333333333,6.95,93,69,16,30,132,10401,6304,4097,1068,2803,7598,7.03035994327468,7.32041148477157,6.58406145228216,6.60463014981273,6.91880572600785,7.07151372992893,116
"118",2013,2,7.04235772357724,123,7.32476923076923,6.72586206896552,6.79473684210526,6.7104,7.12704081632653,65,58,19,25,98,10524,6369,4155,1087,2828,7696,7.030500168187,7.32045595854922,6.58604085920577,6.60795308187673,6.91696338401697,7.0722208056133,117
"119",2013,3,7.05322307692308,130,7.28767123287671,6.7529649122807,6.32992857142857,6.92883333333333,7.07321428571429,73,57,14,18,112,10654,6442,4212,1101,2846,7808,7.03077743288905,7.32008444582428,6.58829980294397,6.60441780199818,6.91703845748419,7.07223505635246,118
"120",2013,4,6.9899173553719,121,7.28188405797101,6.6025,6.84615384615385,7.19166666666667,6.96770642201835,69,52,13,12,109,10775,6511,4264,1114,2858,7917,7.03031858654292,7.31967961910613,6.5884729760788,6.60723877917415,6.91819155003499,7.07079592269799,119
"121",2013,5,7.00974137931034,116,7.16086206896552,6.85862068965517,7.07692307692308,6.91736842105263,7.02783505154639,58,58,13,19,97,10891,6569,4322,1127,2877,8014,7.03009941878615,7.31827736337342,6.59209828088848,6.61265661047028,6.91818611400764,7.07027593211879,120
"122",2013,6,7.22820512820513,117,7.59772727272727,6.75,7.10294117647059,7.526,7.14728260869565,66,51,17,25,92,11008,6635,4373,1144,2902,8106,7.03220501180959,7.3210571213263,6.59393980562543,6.61994230769231,6.92342227773949,7.07114992844806,121
"123",2013,7,7.0833606557377,122,7.43807692307692,6.45454545454545,6.48571428571429,6.94117647058824,7.13829545454545,78,44,14,34,88,11130,6713,4417,1158,2936,8194,7.0327657475292,7.32241680321764,6.5925512270772,6.6183195164076,6.92362787806539,7.07187104222602,122
"124",2013,8,7.22722627737226,137,7.44304878048781,6.90545454545455,6.36666666666667,6.96,7.27290598290598,82,55,15,20,117,11267,6795,4472,1173,2956,8311,7.0351302715896,7.32387255334805,6.5963995460644,6.61510144927536,6.92387396820027,7.0747011575021,123
"125",2013,9,7.04083333333333,120,7.34848484848485,6.66481481481481,6.1875,6.85576923076923,7.09202127659574,66,54,16,26,94,11387,6861,4526,1189,2982,8405,7.03519037235444,7.32410931351115,6.59721581307998,6.60934735071489,6.92328016431925,7.07489486258179,124
"126",2013,10,7.0041958041958,143,7.16455696202532,6.80625,6.8952380952381,6.83260869565217,7.03708333333333,79,64,21,23,120,11530,6940,4590,1210,3005,8525,7.03480596444059,7.32229308357349,6.60013045098039,6.61430909090909,6.92258617304492,7.07436261818182,125
"127",2013,11,6.96043243243243,185,7.27428571428571,6.5485,6.86272727272727,6.67878787878788,7.02157894736842,105,80,22,33,152,11715,7045,4670,1232,3038,8677,7.03363147844644,7.32157757274663,6.59924598929336,6.61874512987013,6.9199379361422,7.07343797625907,126
"128",2013,12,7.08173076923077,156,7.46153846153846,6.55,6.35625,6.465,7.17242647058824,91,65,16,20,136,11871,7136,4735,1248,3058,8813,7.03426356414792,7.32336238789238,6.59856996198521,6.61537980769231,6.91696254087639,7.07496554181323,127
"129",2014,1,7.04839572192513,187,7.30128205128205,6.62571428571429,6.60909090909091,6.59117647058823,7.15,117,70,22,34,153,12058,7253,4805,1270,3092,8966,7.03448273096699,7.32300620432924,6.59896540478668,6.61527086614173,6.91338015847348,7.07624596475574,128
"130",2014,2,7.09640718562874,167,7.4275,6.60223880597015,6.94444444444444,6.39545454545455,7.20275862068966,100,67,18,22,145,12225,7353,4872,1288,3114,9111,7.03532865194274,7.32442730858153,6.59901042077175,6.61987111801242,6.90972108220938,7.0782593919438,129
"131",2014,3,7.1790780141844,141,7.40704225352113,6.94785714285714,6.86153846153846,7.16666666666667,7.18055555555556,71,70,13,15,126,12366,7424,4942,1301,3129,9237,7.03696771551027,7.32521740301724,6.60395159247268,6.622285933897,6.91095284435922,7.0796547926816,130
"132",2014,4,7.11278260869565,138,7.36891891891892,6.816625,6.55555555555556,6.952,7.14835398230089,74,64,18,25,113,12504,7498,5006,1319,3154,9350,7.03780444417786,7.32564870632169,6.60667054934079,6.62137528430629,6.91127820228281,7.08048506096256,131
"133",2014,5,6.91803278688525,122,7.17651515151515,6.61339285714286,6.52647058823529,6.87272727272727,6.928,66,56,17,22,100,12626,7564,5062,1336,3176,9450,7.03664713844448,7.32434743521946,6.60674491702884,6.62016766467066,6.91101116183879,7.07887146243386,132
"134",2014,6,6.92863247863248,117,7.19166666666667,6.58823529411765,6.85714285714286,7.19642857142857,6.84438202247191,66,51,14,28,89,12743,7630,5113,1350,3204,9539,7.0356554006121,7.3231997378768,6.60656029141404,6.62262518518519,6.9135054463171,7.07668364818115,133
"135",2014,7,6.93928571428571,126,7.24347826086957,6.57105263157895,6.61538461538461,6.7625,6.98088235294118,69,57,13,24,102,12869,7699,5170,1363,3228,9641,7.03471184785143,7.32248525782569,6.60616881431334,6.62255612619222,6.91238272924411,7.07567008816512,134
"136",2014,8,6.99111888111888,143,7.2635,6.6452380952381,6.52333333333333,6.9725,6.99565217391304,80,63,15,28,115,13012,7779,5233,1378,3256,9756,7.03423276744543,7.32187864764109,6.60663916873686,6.62147605224964,6.91289970823096,7.07472686756867,135
"137",2014,9,6.84618055555556,144,7.225,6.52564102564103,6.56818181818182,6.96666666666667,6.82208333333333,66,78,22,24,120,13156,7845,5311,1400,3280,9876,7.03217442763758,7.32106360739324,6.60544958953116,6.62063857142857,6.913293125,7.07165707978938,136
"138",2014,10,7.11121212121212,165,7.34473684210526,6.79428571428571,6.5,7.0875,7.11605839416058,95,70,13,28,137,13321,7940,5381,1413,3308,10013,7.03315342466782,7.32134685138539,6.60790610853001,6.61952866242038,6.91476766928658,7.07226458803555,137
"139",2014,11,7.0208875739645,169,7.35527472527473,6.63076923076923,6.53333333333333,7.00944444444444,7.02398496240601,91,78,12,36,133,13490,8031,5459,1425,3344,10146,7.03299976056338,7.32173129124642,6.60823278439274,6.61880280701754,6.91578691686603,7.0716317090479,138
"140",2014,12,7.30544871794872,156,7.4877358490566,6.919,6.58888888888889,7.44230769230769,7.27807692307692,106,50,9,26,130,13646,8137,5509,1434,3370,10276,7.03611437564121,7.32389381836058,6.61105332546741,6.61861506276151,6.91984909495549,7.07424341377968,139
"141",2015,1,7.196,225,7.46824817518248,6.77215909090909,6.77619047619048,7.16481481481481,7.20025252525252,137,88,21,27,198,13871,8274,5597,1455,3397,10474,7.03870786316776,7.32628402223834,6.61358634447025,6.62088934707904,6.9217961289373,7.07662548405575,140
"142",2015,2,7.1156914893617,188,7.42897196261682,6.70185185185185,6.78125,7.3,7.08742331288344,107,81,16,25,163,14059,8381,5678,1471,3422,10637,7.03973730492923,7.32759503639184,6.61484550369848,6.62263358259687,6.92455916130918,7.07679094857572,141
"143",2015,3,7.00127167630058,173,7.23730337078652,6.75119047619048,6.63181818181818,6.80151515151515,7.04835714285714,89,84,22,33,140,14232,8470,5762,1493,3455,10777,7.03926972807757,7.32664628099174,6.61683317771607,6.62276892163429,6.92338392185239,7.07642157557761,142
"144",2015,4,7.02450704225352,142,7.51883116883117,6.43892307692308,6.07647058823529,6.68888888888889,7.10330434782609,77,65,17,27,115,14374,8547,5827,1510,3482,10892,7.03912388827049,7.32837767637768,6.61484859619014,6.61661854304636,6.92156560884549,7.07670540947484,143
"145",2015,5,7.02204724409449,127,7.50603448275862,6.61521739130435,6.79318181818182,7.18684210526316,6.99305555555556,58,69,22,19,108,14501,8605,5896,1532,3501,11000,7.03897433073581,7.32957513073794,6.61485291214382,6.61915404699739,6.92300526992288,7.07588412,144
"146",2015,6,7.08644444444444,135,7.42042253521127,6.7159375,6.80142857142857,7.23538461538462,7.05091743119266,71,64,14,26,109,14636,8676,5960,1546,3527,11109,7.03941218707297,7.33031857999078,6.61593838422818,6.62080465717982,6.92530803799263,7.07563915023854,145
"147",2015,7,7.05224358974359,156,7.44022988505747,6.56304347826087,6.05625,6.976,7.06679389312977,87,69,16,25,131,14792,8763,6029,1562,3552,11240,7.03954751014062,7.33140979116741,6.61533301874274,6.61502176696543,6.92566482263513,7.07553606049822,146
"148",2015,8,7.00167741935484,155,7.29271604938272,6.68310810810811,6.68,7.21851851851852,6.9559375,81,74,20,27,128,14947,8844,6103,1582,3579,11368,7.03915479828728,7.33105540479421,6.61615480419465,6.61584323640961,6.92787411288069,7.07418941942294,147
"149",2015,9,7.18297297297297,148,7.34315068493151,7.02706666666667,6.8775,6.4175,7.302578125,73,75,20,20,128,15095,8917,6178,1602,3599,11496,7.04056487379927,7.33115442413368,6.62114321301391,6.61910986267166,6.92503791330925,7.07673236951983,148
"150",2015,10,7.03834394904459,157,7.32178947368421,6.60403225806452,6.48793103448276,7.18111111111111,6.99586776859504,95,62,29,36,121,15252,9012,6240,1631,3635,11617,7.04054201219512,7.33105570350644,6.62097320032051,6.61677743715512,6.92757398899587,7.07589010243608,149
"151",2015,11,7.00284974093264,193,7.26952380952381,6.68465909090909,6.73684210526316,7.19677419354839,6.96574074074074,105,88,19,31,162,15445,9117,6328,1650,3666,11779,7.04007101133053,7.33034704398377,6.62185884481668,6.61816,6.92985036824877,7.07437518634858,150
"152",2015,12,7.03981481481481,216,7.1803738317757,6.90183486238532,6.86833333333333,7.16774193548387,7.01837837837838,107,109,30,31,185,15661,9224,6437,1680,3697,11964,7.04006747781112,7.32860732870772,6.62659977784682,6.62262738095238,6.93184513118745,7.0735093045804,151
"153",2016,1,6.8912077294686,207,7.12317757009346,6.643,5.99166666666667,6.9475,6.88240223463687,107,100,24,28,179,15868,9331,6537,1704,3725,12143,7.03812558419461,7.32625163433716,6.6268506608536,6.61374061032864,6.93196280536913,7.07069219468006,152
"154",2016,2,7.05359116022099,181,7.30245098039216,6.73227848101266,6.23684210526316,7.05,7.0541935483871,102,79,19,26,155,16049,9433,6616,1723,3751,12298,7.03830000436164,7.3259942754161,6.62810954806529,6.60958444573418,6.93278097840576,7.07048425109773,153
"155",2016,3,7.06548936170213,188,7.34606741573034,6.81325252525253,6.27894736842105,6.76129032258065,7.12555414012739,89,99,19,31,157,16237,9522,6715,1742,3782,12455,7.03861481616062,7.32618189455997,6.63083913179449,6.60597818599311,6.93137531729244,7.07117842794058,154
"156",2016,4,6.80231213872832,173,7.16453488372093,6.44425287356322,6.55681818181818,6.324,6.88310810810811,86,87,22,25,148,16410,9608,6802,1764,3807,12603,7.03612363010359,7.3247350124896,6.62845262716848,6.60536507936508,6.92738677436301,7.06896987383956,155
"157",2016,5,7.06962962962963,162,7.33771739130435,6.71728571428571,6.76454545454545,7.1375,7.06007042253521,92,70,22,20,142,16572,9700,6872,1786,3827,12745,7.03645116883901,7.3248581443299,6.62935750436554,6.60732586786114,6.92848483146067,7.06887071949784,156
"158",2016,6,6.88423076923077,130,7.42460317460317,6.37611940298507,5.78333333333333,6.1,7.06179245283019,63,67,15,24,106,16702,9763,6939,1801,3851,12851,7.03526636151359,7.32550179248182,6.62691234615938,6.60046307606885,6.92332159179434,7.06881233522683,157
"159",2016,7,7.00652777777778,180,7.40076530612245,6.53536585365854,6.25294117647059,6.95238095238095,7.01367924528302,98,82,17,21,159,16882,9861,7021,1818,3872,13010,7.03495994372705,7.32624977182842,6.62584315197265,6.59721342134213,6.92347919679752,7.06813853343581,158
"160",2016,8,7.05619791666667,192,7.29594339622642,6.7606976744186,7.012,7.10555555555556,7.04812121212121,106,86,25,27,165,17074,9967,7107,1843,3899,13175,7.03519876830268,7.32592746062005,6.62747499226115,6.60283993488876,6.92474004873044,7.06788784212523,159
"161",2016,9,7.07179104477612,201,7.35294117647059,6.66378048780488,6.70208333333333,7.3052,7.03863636363636,119,82,24,25,176,17275,10086,7189,1867,3924,13351,7.03562453082489,7.32624618282768,6.62788910418695,6.60411569362614,6.92716397808359,7.06750223354055,160
"162",2016,10,6.88214285714286,196,7.11617647058824,6.6281914893617,6.54464285714286,7.16666666666667,6.848,102,94,28,21,175,17471,10188,7283,1895,3945,13526,7.03390268273138,7.32414301138595,6.6278930070026,6.60323693931398,6.9284388973384,7.06466230371137,161
"163",2016,11,6.9573127753304,227,7.17246268656716,6.64731182795699,6.65384615384615,6.71612903225806,6.99545918367347,134,93,26,31,196,17698,10322,7376,1921,3976,13722,7.03292031698497,7.3221739004069,6.62813784842733,6.60392191566892,6.9267835638833,7.06367383180294,162
"164",2016,12,7.04979591836735,245,7.42706293706294,6.52088235294118,6.59090909090909,7.03513513513514,7.05240384615385,143,102,22,37,208,17943,10465,7478,1943,4013,13930,7.03315074235078,7.3236071667463,6.62667488232147,6.60377457539887,6.92778256915026,7.06350555061019,163
"165",2017,1,7.07779872204473,313,7.23379888268156,6.86941044776119,6.77141666666667,7.12439583333333,7.06935849056604,179,134,36,48,265,18256,10644,7612,1979,4061,14195,7.03391623411481,7.32209686208193,6.63094794666316,6.60682415361293,6.93010648854962,7.06361481648467,164
"166",2017,2,7.03164251207729,207,7.36863247863248,6.59355555555556,6.88846153846154,6.975,7.03907103825137,117,90,26,24,183,18463,10761,7702,2005,4085,14378,7.03389074202459,7.32260282501627,6.63051100623214,6.61047630922693,6.93037024479804,7.06330242871053,165
"167",2017,3,7.05252252252252,222,7.39040322580645,6.625,6.61029411764706,7.03292682926829,7.05696132596685,124,98,34,41,181,18685,10885,7800,2039,4126,14559,7.03411210971367,7.32337519522279,6.63044176538461,6.61047327121138,6.93138934803684,7.06322359502713,166
"168",2017,4,7.05170731707317,205,7.15572580645161,6.89246913580247,6.94782608695652,7.10333333333333,7.04285714285714,124,81,23,30,175,18890,11009,7881,2062,4156,14734,7.03430305823187,7.32148687437552,6.63313485217611,6.6142361784675,6.93263052213667,7.0629816967558,167
"169",2017,5,7.02434343434343,198,7.29125,6.67674418604651,6.82,6.93263157894737,7.0340782122905,112,86,20,19,179,19088,11121,7967,2082,4175,14913,7.03419974696144,7.32118235770165,6.63360559432659,6.61621277617675,6.93263052694611,7.06263476966405,168
"170",2017,6,6.98689873417722,158,7.27506172839506,6.68376623376623,6.75357142857143,7.22222222222222,6.93839694656489,81,77,14,27,131,19246,11202,8044,2096,4202,15044,7.03381142938792,7.32084886627388,6.63408574962705,6.6171302480916,6.93449130176106,7.06155293273065,169
"171",2017,7,6.87796610169492,177,7.07821782178218,6.61184210526316,7.065,6.69310344827586,6.91418918918919,101,76,20,29,148,19423,11303,8120,2116,4231,15192,7.03239122535139,7.3186807927099,6.63387755788177,6.62136342155009,6.93283678799338,7.06011731964191,170
"172",2017,8,6.89450549450549,182,7.14393939393939,6.59698795180723,6.59545454545455,6.752,6.9171974522293,99,83,22,25,157,19605,11402,8203,2138,4256,15349,7.03111118439173,7.31716356779513,6.63350429964647,6.62109681945743,6.93177454182331,7.05865543813929,171
"173",2017,9,6.94194117647059,170,7.28703296703297,6.54443037974684,6.8,6.635,6.98286666666667,91,79,21,20,150,19775,11493,8282,2159,4276,15499,7.03034461542351,7.31692499782477,6.63265464501328,6.62283696155627,6.93038644761459,7.05792195109361,172
"174",2017,10,7.05823529411765,187,7.23732673267327,6.84790697674419,6.92333333333333,7.07866666666667,7.05433121019108,101,86,18,30,157,19962,11594,8368,2177,4306,15656,7.03060588969041,7.31623158530275,6.63486684631931,6.62532154340836,6.93141951927543,7.05788594276954,173
"175",2017,11,7.00794495412844,218,7.38586776859504,6.53651546391753,6.53030303030303,6.95,7.01545077720207,121,97,33,25,193,20180,11715,8465,2210,4331,15849,7.03036108870168,7.31695083226633,6.63373984288245,6.62390271493212,6.93152677210806,7.05736919174711,174
"176",2017,12,6.96494845360825,194,7.21018518518519,6.65697674418605,6.21904761904762,6.75,6.98693181818182,108,86,21,18,176,20374,11823,8551,2231,4349,16025,7.02973823353293,7.31597555611943,6.63397354344521,6.62009188704616,6.93077545412738,7.05659558939157,175
"177",2018,1,7.02161290322581,248,7.24167741935484,6.65483870967742,6.525,7.38347826086957,6.98462222222222,155,93,22,23,225,20622,11978,8644,2253,4372,16250,7.02964051837843,7.3150141092002,6.63419802984729,6.61916333777186,6.9331570105215,7.05559903507692,176
"178",2018,2,7,177,7.28411214953271,6.56571428571429,6.4,6.92161290322581,7.01664383561644,107,70,25,31,146,20799,12085,8714,2278,4403,16396,7.02938827684023,7.31474050475797,6.63364789648841,6.61675812115891,6.93307573245514,7.05525215418394,177
"179",2018,3,7.10132275132275,189,7.46287128712871,6.68636363636364,6.90416666666667,6.88095238095238,7.12886904761905,101,88,24,21,168,20988,12186,8802,2302,4424,16564,7.03003605727082,7.3159682422452,6.63417493410588,6.61975456125108,6.93282831148282,7.05599881188118,178
"180",2018,4,7.0002222,150,7.243916625,6.72171428571429,6.78947368421053,7.93647058823529,6.88055135338346,80,70,19,17,133,21138,12266,8872,2321,4441,16697,7.02982449143722,7.31549831485407,6.63486561880072,6.62114390348987,6.93667022067102,7.05460128466191,179
"181",2018,5,6.98207142857143,140,7.41434210526316,6.46875,6.42941176470588,6.98235294117647,6.9820325203252,76,64,17,17,123,21278,12342,8936,2338,4458,16820,7.02951029702039,7.31610697860963,6.63367589189794,6.619749786142,6.93684442575146,7.05407060939357,180
"182",2018,6,7.2049775,148,7.56945151898734,6.78768115942029,6.76,6.88888888888889,7.24874361538462,79,69,20,18,130,21426,12421,9005,2358,4476,16950,7.03072233594698,7.31771829965382,6.63485594336479,6.62093935538592,6.93665157506702,7.05556367669616,181
"183",2018,7,7.08024284768212,151,7.44761909090909,6.69797297297297,6.48863636363636,6.69705882352941,7.12885574626866,77,74,22,17,134,21577,12498,9079,2380,4493,17084,7.03106889002178,7.31851861657866,6.63537038991078,6.61971638655462,6.93574503672379,7.05613855010536,182
"184",2018,8,6.9625,208,7.28677685950413,6.51149425287356,6.85555555555556,6.95238095238095,6.96363636363636,121,87,27,21,187,21785,12619,9166,2407,4514,17271,7.03041420426899,7.31821425390285,6.63419460724416,6.62236186123805,6.9358224302171,7.05513699206762,183
"185",2018,9,7.07765962732919,161,7.42498064516129,6.60264705882353,6.76357142857143,6.98823529411765,7.08821666666667,93,68,14,17,144,21946,12712,9234,2421,4531,17415,7.03076080561378,7.31899534848962,6.63396228828243,6.62317843866171,6.93601907967336,7.05541051909273,184
"186",2018,10,7.08266664864865,185,7.4440971875,6.69280898876405,6.55625,7.2304347826087,7.06168722222222,96,89,16,23,162,22131,12808,9323,2437,4554,17577,7.03119470290542,7.31993302623361,6.63452405556151,6.62273902338941,6.93750602766798,7.05546836889116,185
"187",2018,11,6.97585227272727,176,7.24626168224299,6.55652173913044,6.56818181818182,6.76166666666667,7.01986301369863,107,69,22,30,146,22307,12915,9392,2459,4584,17723,7.03075805666382,7.3193226635695,6.63395099765758,6.6222509150061,6.9363552465096,7.05517505614173,186
"188",2018,12,6.89666666666667,180,7.25141509433962,6.38851351351351,6.73076923076923,7.1,6.87267080745342,106,74,13,19,161,22487,13021,9466,2472,4603,17884,7.02968470538533,7.31876984870594,6.63203230192267,6.62282160194175,6.93703072995872,7.05353206888839,187
"189",2019,1,7.16071352941176,204,7.49384103448276,6.72159090909091,6.20454545454545,7.11954545454545,7.16568989010989,116,88,22,22,182,22691,13137,9554,2494,4625,18066,7.0308627001895,7.32031573114105,6.63285720849905,6.61913191659984,6.9378989081081,7.05466196612421,188
"190",2019,2,6.97136021505376,186,7.3666,6.45901234567901,5.98842105263158,6.69230769230769,7.01670625,105,81,19,26,160,22877,13242,9635,2513,4651,18226,7.03037891900161,7.32068273372603,6.63139572080954,6.61436331078392,6.93652600516018,7.05432876549983,189
"191",2019,3,6.86993103448276,145,6.98464285714286,6.71196721311475,6.67388888888889,6.58461538461538,6.93226890756303,84,61,18,26,119,23022,13326,9696,2531,4677,18345,7.02936836634523,7.31856451748462,6.6319026165429,6.61478664559463,6.93456969211032,7.0535369899155,190
"192",2019,4,7.03243243243243,148,7.21428571428571,6.83521126760563,6.82954545454545,6.81052631578947,7.06511627906977,77,71,22,19,129,23170,13403,9767,2553,4696,18474,7.02938793828226,7.3179654375886,6.63338054366745,6.61663728946338,6.93406781303236,7.05361784562087,191
"193",2019,5,7.03403753521127,142,7.25692636363636,6.77,7,7.36153846153846,7.00103356589147,77,65,13,13,129,23312,13480,9832,2566,4709,18603,7.02941626029512,7.3176167722552,6.63428374389748,6.61857950116913,6.93524791887874,7.05325320700962,192
"194",2019,6,7.10032051282051,156,7.37303370786517,6.73805970149254,6.25,6.75925925925926,7.17170542635659,89,67,19,27,129,23468,13569,9899,2585,4736,18732,7.02988758564854,7.31798025572998,6.63498613698353,6.61587040618955,6.93424460515202,7.05406894138372,193
"195",2019,7,6.98719387755102,196,7.23040650406504,6.57739726027397,6.64210526315789,6.90714285714286,7.00053571428571,123,73,19,28,168,23664,13692,9972,2604,4764,18900,7.02953396974307,7.31719355024832,6.63456455776173,6.61606182795699,6.93408531696053,7.05359309047618,194
"196",2019,8,6.97553672316384,177,7.25490384615385,6.57753424657534,6.41176470588235,6.88461538461539,6.99119205298013,104,73,17,26,151,23841,13796,10045,2621,4790,19051,7.02913308418271,7.31672398448826,6.63415010154305,6.61473674170164,6.9338167954071,7.0530984940423,195
"197",2019,9,6.90081871345029,171,7.38909090909091,6.38313253012048,6.34848484848485,6.80769230769231,6.91751724137931,88,83,33,26,145,24012,13884,10128,2654,4816,19196,7.02821930118274,7.3171826627773,6.63209298676935,6.61142614920874,6.93313589078073,7.05207435976244,196
"198",2019,10,6.71044312138728,173,7.00200640776699,6.28142857142857,6.04736842105263,7.25333333333333,6.65890291139241,103,70,19,15,158,24185,13987,10198,2673,4831,19354,7.02594618647922,7.31486171087439,6.62968599431261,6.60741676019454,6.93413008693852,7.04886463108401,197
"199",2019,11,6.94448979591837,196,7.13594827586207,6.666875,6.47619047619048,6.56521739130435,6.99491329479769,116,80,21,23,173,24381,14103,10278,2694,4854,19527,7.02529135474344,7.3133901120329,6.62997545923331,6.60639383815887,6.93238204573547,7.04838664771854,198
"200",2019,12,7.11506618025751,233,7.27169166666667,6.83200807228916,6.6625,7.3,7.08668524752475,150,83,20,31,202,24614,14253,10361,2714,4885,19729,7.02614117737872,7.31295127341613,6.63159390406331,6.60680729550479,6.9347149334698,7.04877877692736,199
"201",2020,1,7.00714591549296,284,7.14687131578947,6.84625,7.10534482758621,7.09303571428571,6.99775171875,152,132,29,28,256,24898,14405,10493,2743,4913,19985,7.02592450718933,7.311198815689,6.63429423806347,6.61207801676996,6.93561722979849,7.04812514035526,200
"202",2020,2,7.10216494845361,194,7.33377192982456,6.772125,6.77222222222222,7.19565217391304,7.08959064327485,114,80,18,23,171,25092,14519,10573,2761,4936,20156,7.02651396381316,7.31137605482472,6.63533712664334,6.61312205722564,6.93682889991896,7.0484769264735,201
"203",2020,3,7.06206896551724,174,7.298,6.74324324324324,6.5,7.49130434782609,6.99668874172185,100,74,17,23,151,25266,14619,10647,2778,4959,20307,7.02675882134093,7.31128455708325,6.63608710810557,6.61242980561555,6.93940057471264,7.04809183680504,202
"204",2020,4,6.98541940789474,152,7.17186827956989,6.69152542372881,6.7,7.13333333333333,6.96170801526718,93,59,19,21,131,25418,14712,10706,2797,4980,20438,7.02651161106302,7.31040325516585,6.63639262469643,6.61302466928852,6.94021836345382,7.04753814854682,203
"205",2020,5,6.95222101190476,168,7.28065082474227,6.50352112676056,6.27380952380952,6.7936565,6.97364864864865,97,71,21,20,148,25586,14809,10777,2818,5000,20586,7.02602381224107,7.31020837463705,6.63551725341004,6.61049680624556,6.939632116,7.04700693092393,204
"206",2020,6,7.06073505494505,182,7.37832722222222,6.59722216216216,6.93421052631579,7.48352941176471,7.01717442424242,108,74,19,17,165,25768,14917,10851,2837,5017,20751,7.02626897857808,7.31070155929477,6.63525609436918,6.61266478674656,6.94147510065776,7.04676972001349,205
"207",2020,7,6.96666666666667,117,7.315625,6.54528301886792,6.77777777777778,6.37142857142857,7.04757281553398,64,53,9,14,103,25885,14981,10904,2846,5031,20854,7.02599957658875,7.31072259261732,6.63481877109318,6.61318692902319,6.93988880540648,7.04677368658291,206
"208",2020,8,7.0992,150,7.30684782608696,6.7698275862069,6.41666666666667,7.0078947368421,7.1124427480916,92,58,12,19,131,26035,15073,10962,2858,5050,20985,7.02642131899366,7.31069894247993,6.63553310344828,6.61236179146256,6.94014466930693,7.04718362925899,207
"209",2020,9,6.9521511627907,172,7.33173913043478,6.515625,6.25,7.33333333333333,6.89913907284768,92,80,16,21,151,26207,15165,11042,2874,5071,21136,7.02593387415576,7.31082658489944,6.63466436152871,6.61034446764092,6.94177294024847,7.04612596801665,208
"210",2020,10,7.07763428571429,217,7.30315127272727,6.84579439252336,6.92222222222222,6.94333333333333,7.09917989304813,110,107,27,30,187,26424,15275,11149,2901,5101,21323,7.02635844989403,7.31077131260229,6.63669063413759,6.61324715615305,6.94178211723192,7.0465912441964,209
"211",2020,11,7.11110655737705,244,7.54359712230216,6.53857142857143,6.72352941176471,7.14615384615385,7.10692660550459,139,105,17,26,218,26668,15414,11254,2918,5127,21541,7.02713385630718,7.3128708836123,6.63577518038031,6.61388965044551,6.94281852545348,7.04720185228169,210
"212",2020,12,7.03359544354839,248,7.36919755555556,6.63265486725664,6.67647058823529,7.36,6.9970030044843,135,113,17,25,223,26916,15549,11367,2935,5152,21764,7.027193392406,7.31335992475401,6.63574416116829,6.61425212947189,6.94484289208075,7.04668750091894,211
"213",2021,1,7.15216181268882,331,7.40334505263158,6.81368794326241,6.76533333333333,6.87710526315789,7.18783467576792,190,141,15,38,293,27247,15739,11508,2950,5190,22057,7.02871152457151,7.3144462183112,6.63792438998957,6.61502033898305,6.94434693256262,7.04856246679058,212
"214",2021,2,7.00011811023622,254,7.26320610687023,6.71991869918699,6.60526315789474,7.08181818181818,6.9879185520362,131,123,19,33,221,27501,15870,11631,2969,5223,22278,7.02844743500236,7.31402325330813,6.63879149514229,6.61495789828225,6.94521550449933,7.04796087305862,213
"215",2021,3,7.01955832635983,239,7.36955193548387,6.64217391304348,6.93333333333333,6.84615384615385,7.04072507042254,124,115,15,26,213,27740,15994,11746,2984,5249,22491,7.02837084895457,7.31445376203576,6.63882461093138,6.61655831099196,6.94472481996571,7.04789234671646,214
"216",2021,4,7.07701273224044,183,7.46767021505376,6.67333333333333,6.45833333333333,6.66428571428571,7.11120313609467,93,90,12,14,169,27923,16087,11836,2996,5263,22660,7.02868963506786,7.31533951637969,6.63908701250423,6.61592456608812,6.94397882956489,7.04836452338923,215
"217",2021,5,6.95953271028037,214,7.31029411764706,6.64008928571429,6.78947368421053,6.83333333333333,6.97775401069519,102,112,19,27,187,28137,16189,11948,3015,5290,22847,7.02816365213064,7.31530772746927,6.63909640776699,6.61701824212272,6.94341409829868,7.04778658467194,216
"218",2021,6,7.06201388888889,144,7.56014925373134,6.62857142857143,6.39285714285714,7.08,7.05992248062015,67,77,14,15,129,28281,16256,12025,3029,5305,22976,7.02833600933489,7.31631685531496,6.63902901288981,6.6159821723341,6.94380029783223,7.04785472231894,217
"219",2021,7,7.00891414772727,176,7.43074544303797,6.66536082474227,6.41333333333333,7.09047619047619,6.99786380645161,79,97,15,21,155,28457,16335,12122,3044,5326,23131,7.0282158895878,7.31687025956535,6.63923971951823,6.61498357424442,6.94437862936538,7.04751973498767,218
"220",2021,8,7.03320809248555,173,7.35926470588235,6.56478873239437,6.25263157894737,6.975,7.04081699346405,102,71,19,20,153,28630,16437,12193,3063,5346,23284,7.02824605553615,7.31713333880879,6.63880619043714,6.61273587985635,6.94449318742986,7.04747569103246,219
"221",2021,9,6.98921686746988,166,7.32289156626506,6.6555421686747,6.4,7.11818181818182,6.98006451612903,83,83,10,11,155,28796,16520,12276,3073,5357,23439,7.02802106438394,7.31716226937046,6.63891934506354,6.61204360559714,6.94484983759567,7.04702990699261,220
"222",2021,10,7.03317112299465,187,7.3745,6.68817204301075,6.05,6.75136363636364,7.07074545454545,94,93,10,22,165,28983,16614,12369,3083,5379,23604,7.02805429286133,7.31748667930661,6.63928966610074,6.61022056438534,6.9440584829894,7.047195686748,221
"223",2021,11,7.0590404040404,198,7.39351851851852,6.65766666666667,6.84117647058823,7.18947368421053,7.04519553072626,108,90,17,19,179,29181,16722,12459,3100,5398,23783,7.02826454096843,7.31797773531874,6.63942241592423,6.61148709677419,6.94492230085217,7.04718063280494,222
"224",2021,12,7.09682203389831,236,7.4304,6.72117117117117,6.38,7.724,7.02251184834123,125,111,25,25,211,29417,16847,12570,3125,5423,23994,7.02881454839038,7.31881187689203,6.64014430230708,6.6096352,6.94851384473539,7.04696369884137,223
"225",2022,1,7.04537528735632,348,7.15307604166667,6.91282051282051,6.3695652173913,7.29259259259259,7.02458130841122,192,156,23,27,321,29765,17039,12726,3148,5450,24315,7.02900816966235,7.31694432126299,6.64348686782964,6.60788119440915,6.95021845504587,7.04666821262595,224
"226",2022,2,6.93825431034483,232,7.26889908256881,6.64524390243902,6.43684210526316,6.56729166666667,6.98105769230769,109,123,19,24,208,29997,17148,12849,3167,5474,24523,7.02830626962696,7.3166389252391,6.6435036874465,6.60685506788759,6.94853956521739,7.04611171512457,225
"227",2022,3,7.03722772277228,202,7.29587155963303,6.73408602150538,6.53928571428571,6.90259259259259,7.058,109,93,14,27,175,30199,17257,12942,3181,5501,24698,7.02836594489883,7.31650775279597,6.64415460361614,6.60655768626218,6.94831404835485,7.04619595068426,226
"228",2022,4,7.20665024630542,203,7.59220183486239,6.75957446808511,5.70833333333333,7.028,7.23174157303371,109,94,12,25,178,30402,17366,13036,3193,5526,24876,7.02955638346161,7.3182381832316,6.64498687327401,6.60318196053868,6.94867455302208,7.04752362075896,227
"229",2022,5,7.17954545454545,198,7.48064516129032,6.91285714285714,6.76923076923077,6.92083333333333,7.21522988505747,93,105,13,24,174,30600,17459,13141,3206,5550,25050,7.03052690098039,7.31910328712985,6.64712722623849,6.60385527136619,6.94855415855856,7.0486885265469,228
"230",2022,6,7.1128813559322,177,7.25019047619048,6.91263888888889,7.3125,6.59615384615385,7.15384146341463,105,72,8,13,164,30777,17564,13213,3214,5563,25214,7.03100052539234,7.3186913168982,6.64857404677212,6.6056191661481,6.94773064533525,7.04937247521218,229
"231",2022,7,7.07257668711656,163,7.2110752688172,6.88857142857143,6.05555555555556,6.43181818181818,7.17255319148936,93,70,9,22,141,30940,17657,13283,3223,5585,25355,7.03121955946994,7.31812449963188,6.64983880749831,6.60408315234254,6.94569840286482,7.05005748728061,230
"232",2022,8,7.10457286432161,199,7.3729203539823,6.75197674418605,6.4,7.63357142857143,7.01795321637427,113,86,10,28,171,31139,17770,13369,3233,5613,25526,7.03168833841806,7.31847294822735,6.65049583962899,6.60345190225796,6.94912980224479,7.04984241910209,231
"233",2022,9,7.0612625,80,7.23162,6.77733333333333,7.5,7.072625,7.06,50,30,3,8,72,31219,17820,13399,3236,5621,25598,7.03176412345046,7.31822925308642,6.6507798253601,6.60428306551298,6.94930556484611,7.04987098953043,232
"234",2022,10,4.875,2,6.75,3,3,4.875,NA,1,1,1,2,0,31221,17821,13400,3237,5623,25598,7.03162596233304,7.31819736771225,6.65050737910448,6.60316960148285,6.94856777165214,7.04987098953043,233
"235",2022,12,7.13018957345972,211,7.41414634146341,6.73329545454545,7.14416666666667,6.9415625,7.16391061452514,123,88,12,32,179,31432,17944,13488,3249,5655,25777,7.03228761039704,7.31885506520285,6.651047514828,6.60516774392121,6.94852813085765,7.05066290064786,235
