"","year","month","avg_rating","no_ratings","avg_rating_owned","avg_rating_not_owned","avg_rating_prev_owned","avg_rating_comment","avg_rating_no_comment","no_ratings_owned","no_ratings_not_owned","no_ratings_prev_owned","no_ratings_comment","no_ratings_no_comment","cum_no_ratings","cum_no_ratings_owned","cum_no_ratings_not_owned","cum_no_ratings_prev_owned","cum_no_ratings_comment","cum_no_ratings_no_comment","cum_avg_rating","cum_avg_rating_owned","cum_avg_rating_not_owned","cum_avg_rating_prev_owned","cum_avg_rating_comment","cum_avg_rating_no_comment","month_after_release"
"1",2001,8,7,1,NA,7,NA,NA,7,0,1,0,0,1,1,0,1,0,0,1,7,NA,7,NA,NA,7,0
"2",2001,9,7,1,NA,7,NA,NA,7,0,1,0,0,1,2,0,2,0,0,2,7,NA,7,NA,NA,7,1
"3",2001,11,7,1,7,NA,NA,NA,7,1,0,0,0,1,3,1,2,0,0,3,7,7,7,NA,NA,7,3
"4",2002,1,6,2,6,6,NA,6,6,1,1,0,1,1,5,2,3,0,1,4,6.6,6.5,6.66666666666667,NA,6,6.75,5
"5",2002,3,7.66666666666667,3,7.5,8,NA,8,7.5,2,1,0,1,2,8,4,4,0,2,6,7,7,7,NA,7,7,7
"6",2002,4,7,1,NA,7,NA,NA,7,0,1,0,0,1,9,4,5,0,2,7,7,7,7,NA,7,7,8
"7",2002,5,7,1,7,NA,NA,NA,7,1,0,0,0,1,10,5,5,0,2,8,7,7,7,NA,7,7,9
"8",2002,6,7,1,7,NA,NA,NA,7,1,0,0,0,1,11,6,5,0,2,9,7,7,7,NA,7,7,10
"9",2002,7,8,1,8,NA,NA,NA,8,1,0,0,0,1,12,7,5,0,2,10,7.08333333333333,7.14285714285714,7,NA,7,7.1,11
"10",2002,8,9,1,9,NA,NA,NA,9,1,0,0,0,1,13,8,5,0,2,11,7.23076923076923,7.375,7,NA,7,7.27272727272727,12
"11",2002,9,8,1,8,NA,NA,NA,8,1,0,0,0,1,14,9,5,0,2,12,7.28571428571429,7.44444444444444,7,NA,7,7.33333333333333,13
"12",2002,10,7.5,2,6,9,NA,9,6,1,1,0,1,1,16,10,6,0,3,13,7.3125,7.3,7.33333333333333,NA,7.66666666666667,7.23076923076923,14
"13",2002,11,7.5,1,7.5,NA,NA,NA,7.5,1,0,0,0,1,17,11,6,0,3,14,7.32352941176471,7.31818181818182,7.33333333333333,NA,7.66666666666667,7.25,15
"14",2002,12,9.5,2,9.5,NA,NA,NA,9.5,2,0,0,0,2,19,13,6,0,3,16,7.55263157894737,7.65384615384615,7.33333333333333,NA,7.66666666666667,7.53125,16
"15",2003,1,7.5,2,7.5,NA,NA,NA,7.5,2,0,0,0,2,21,15,6,0,3,18,7.54761904761905,7.63333333333333,7.33333333333333,NA,7.66666666666667,7.52777777777778,17
"16",2003,2,7,2,7,NA,NA,NA,7,2,0,0,0,2,23,17,6,0,3,20,7.5,7.55882352941176,7.33333333333333,NA,7.66666666666667,7.475,18
"17",2003,4,9,2,9,NA,NA,8,10,2,0,0,1,1,25,19,6,0,4,21,7.62,7.71052631578947,7.33333333333333,NA,7.75,7.59523809523809,20
"18",2003,5,7.5,2,7.5,NA,NA,NA,7.5,2,0,0,0,2,27,21,6,0,4,23,7.61111111111111,7.69047619047619,7.33333333333333,NA,7.75,7.58695652173913,21
"19",2003,6,6.875,4,8,6.5,NA,6.5,7,1,3,0,1,3,31,22,9,0,5,26,7.51612903225806,7.70454545454545,7.05555555555556,NA,7.5,7.51923076923077,22
"20",2003,7,6.70833333333333,12,7.0625,6,NA,7.16666666666667,6.55555555555556,8,4,0,3,9,43,30,13,0,8,35,7.2906976744186,7.53333333333333,6.73076923076923,NA,7.375,7.27142857142857,23
"21",2003,8,7.40625,8,7.46428571428571,7,NA,7.5,7.3125,7,1,0,4,4,51,37,14,0,12,39,7.30882352941176,7.52027027027027,6.75,NA,7.41666666666667,7.27564102564103,24
"22",2003,9,6.33333333333333,3,6.5,6,NA,6.33333333333333,NA,2,1,0,3,0,54,39,15,0,15,39,7.25462962962963,7.46794871794872,6.7,NA,7.2,7.27564102564103,25
"23",2003,10,7,3,7.5,6,NA,NA,7,2,1,0,0,3,57,41,16,0,15,42,7.24122807017544,7.46951219512195,6.65625,NA,7.2,7.25595238095238,26
"24",2003,11,7.16666666666667,3,7.16666666666667,NA,NA,7.5,6.5,3,0,0,2,1,60,44,16,0,17,43,7.2375,7.44886363636364,6.65625,NA,7.23529411764706,7.23837209302326,27
"25",2003,12,7,4,7.5,6.5,7,7.5,6.5,2,2,1,2,2,64,46,18,1,19,45,7.22265625,7.45108695652174,6.63888888888889,7,7.26315789473684,7.20555555555556,28
"26",2004,1,6,5,6.25,5,NA,6.5,4,4,1,0,4,1,69,50,19,1,23,46,7.13405797101449,7.355,6.55263157894737,7,7.1304347826087,7.13586956521739,29
"27",2004,2,5.25,4,5.5,5,NA,NA,5.25,2,2,0,0,4,73,52,21,1,23,50,7.03082191780822,7.28365384615385,6.40476190476191,7,7.1304347826087,6.985,30
"28",2004,3,8,2,8,NA,NA,9,7,2,0,0,1,1,75,54,21,1,24,51,7.05666666666667,7.31018518518519,6.40476190476191,7,7.20833333333333,6.98529411764706,31
"29",2004,4,7.42857142857143,7,7.33333333333333,8,NA,7.66666666666667,7.25,6,1,0,3,4,82,60,22,1,27,55,7.08841463414634,7.3125,6.47727272727273,7,7.25925925925926,7.00454545454545,32
"30",2004,5,6.26111111111111,9,6.28571428571429,6.175,NA,6.45,6.025,7,2,0,5,4,91,67,24,1,32,59,7.00659340659341,7.20522388059702,6.45208333333333,7,7.1328125,6.93813559322034,33
"31",2004,6,6.625,4,6,6.83333333333333,NA,7,6.5,1,3,0,1,3,95,68,27,1,33,62,6.99052631578947,7.1875,6.49444444444444,7,7.12878787878788,6.91693548387097,34
"32",2004,7,7,4,7,NA,NA,7.5,6.5,4,0,0,2,2,99,72,27,1,35,64,6.99090909090909,7.17708333333333,6.49444444444444,7,7.15,6.90390625,35
"33",2004,8,6.75,4,7.33333333333333,5,NA,NA,6.75,3,1,0,0,4,103,75,28,1,35,68,6.98155339805825,7.18333333333333,6.44107142857143,7,7.15,6.89485294117647,36
"34",2004,9,6.5,4,7,6,NA,6,8,2,2,0,3,1,107,77,30,1,38,69,6.96355140186916,7.17857142857143,6.41166666666667,7,7.05921052631579,6.91086956521739,37
"35",2004,10,7.625,8,7.33333333333333,8.5,NA,6,7.85714285714286,6,2,0,1,7,115,83,32,1,39,76,7.0095652173913,7.18975903614458,6.5421875,7,7.03205128205128,6.99802631578947,38
"36",2004,11,7,2,7,NA,NA,NA,7,2,0,0,0,2,117,85,32,1,39,78,7.00940170940171,7.18529411764706,6.5421875,7,7.03205128205128,6.99807692307692,39
"37",2004,12,7.08333333333333,6,7.125,7,7,7.625,6,4,2,1,4,2,123,89,34,2,43,80,7.0130081300813,7.18258426966292,6.56911764705882,7,7.08720930232558,6.973125,40
"38",2005,1,6.35555555555556,9,6.7,5.66666666666667,7,7,6.03333333333333,6,3,1,3,6,132,95,37,3,46,86,6.96818181818182,7.1521052631579,6.49594594594595,7,7.08152173913043,6.90755813953488,41
"39",2005,2,6.85714285714286,7,7.75,5.66666666666667,6,6,7.5,4,3,1,3,4,139,99,40,4,49,90,6.96258992805755,7.17626262626263,6.43375,6.75,7.01530612244898,6.93388888888889,42
"40",2005,3,7.68181818181818,11,7.91666666666667,7.4,7,8.7,6.83333333333333,6,5,1,5,6,150,105,45,5,54,96,7.01533333333333,7.21857142857143,6.54111111111111,6.8,7.1712962962963,6.92760416666667,43
"41",2005,4,6.4375,8,6.64285714285714,5,NA,6.125,6.75,7,1,0,4,4,158,112,46,5,58,100,6.98607594936709,7.18258928571429,6.50760869565217,6.8,7.09913793103448,6.9205,44
"42",2005,5,6.83333333333333,6,7.75,5,NA,7,6.66666666666667,4,2,0,3,3,164,116,48,5,61,103,6.98048780487805,7.20215517241379,6.44479166666667,6.8,7.09426229508197,6.91310679611651,45
"43",2005,6,7,7,7.2,6.5,NA,7,7,5,2,0,5,2,171,121,50,5,66,105,6.9812865497076,7.20206611570248,6.447,6.8,7.08712121212121,6.91476190476191,46
"44",2005,7,6.375,4,6.25,6.5,8,6.5,6.33333333333333,2,2,1,1,3,175,123,52,6,67,108,6.96742857142857,7.18658536585366,6.44903846153846,7,7.07835820895522,6.89861111111111,47
"45",2005,8,6.41666666666667,6,6.41666666666667,NA,NA,6.3,7,6,0,0,5,1,181,129,52,6,72,109,6.94917127071823,7.15077519379845,6.44903846153846,7,7.02430555555556,6.89954128440367,48
"46",2005,9,5.7,5,6.5,5.5,NA,6,5.625,1,4,0,1,4,186,130,56,6,73,113,6.91559139784946,7.14576923076923,6.38125,7,7.01027397260274,6.85442477876106,49
"47",2005,10,7.25,10,7.35714285714286,7,6,7,7.625,7,3,1,6,4,196,137,59,7,79,117,6.93265306122449,7.15656934306569,6.41271186440678,6.85714285714286,7.00949367088608,6.88076923076923,50
"48",2005,11,6.46111111111111,9,6.73,6.125,7,6.5,6.43,5,4,1,4,5,205,142,63,8,83,122,6.9119512195122,7.14154929577465,6.39444444444444,6.875,6.98493975903614,6.86229508196721,51
"49",2005,12,8.14285714285714,7,8.33333333333333,7,NA,10,7.83333333333333,6,1,0,1,6,212,148,64,8,84,128,6.95259433962264,7.18986486486486,6.40390625,6.875,7.02083333333333,6.9078125,52
"50",2006,1,6.69285714285714,7,6.3125,7.2,8,6.57,7,4,3,1,5,2,219,152,67,9,89,130,6.94429223744292,7.16677631578947,6.43955223880597,7,6.99550561797753,6.90923076923077,53
"51",2006,2,6.42857142857143,7,6,7.5,NA,8,5.25,5,2,0,3,4,226,157,69,9,92,134,6.9283185840708,7.1296178343949,6.47028985507246,7,7.02826086956522,6.85970149253731,54
"52",2006,3,6.57142857142857,7,6.66666666666667,6,NA,6.33333333333333,6.75,6,1,0,3,4,233,163,70,9,95,138,6.91759656652361,7.11257668711656,6.46357142857143,7,7.00631578947368,6.85652173913043,55
"53",2006,4,7.33333333333333,3,7.33333333333333,NA,NA,7.5,7,3,0,0,2,1,236,166,70,9,97,139,6.9228813559322,7.11656626506024,6.46357142857143,7,7.01649484536082,6.85755395683453,56
"54",2006,5,8,3,8.5,7,NA,7.5,9,2,1,0,2,1,239,168,71,9,99,140,6.93640167364017,7.13303571428571,6.47112676056338,7,7.02626262626263,6.87285714285714,57
"55",2006,6,7.66666666666667,9,7.85714285714286,7,NA,7.8,7.5,7,2,0,5,4,248,175,73,9,104,144,6.96290322580645,7.162,6.48561643835616,7,7.06346153846154,6.89027777777778,58
"56",2006,7,7,7,6.8,7.5,NA,5.5,7.6,5,2,0,2,5,255,180,75,9,106,149,6.96392156862745,7.15194444444444,6.51266666666667,7,7.03396226415094,6.91409395973154,59
"57",2006,8,6.57142857142857,7,6.8,6,NA,6.33333333333333,6.75,5,2,0,3,4,262,185,77,9,109,153,6.95343511450382,7.14243243243243,6.49935064935065,7,7.01467889908257,6.90980392156863,60
"58",2006,9,6.85714285714286,7,7,6.66666666666667,7,6.25,7.66666666666667,4,3,1,4,3,269,189,80,10,113,156,6.95092936802974,7.13941798941799,6.505625,7,6.98761061946903,6.92435897435897,61
"59",2006,10,6.09090909090909,11,7,5.75,4,6,6.16666666666667,3,8,1,5,6,280,192,88,11,118,162,6.91714285714286,7.13723958333333,6.43693181818182,6.72727272727273,6.94576271186441,6.8962962962963,62
"60",2006,11,7.09166666666667,12,7.1,7,NA,7.25,7.0125,11,1,0,4,8,292,203,89,11,122,170,6.92431506849315,7.13522167487685,6.44325842696629,6.72727272727273,6.95573770491803,6.90176470588235,63
"61",2006,12,6.425,20,6.73333333333333,5.5,6,7.21428571428571,6,15,5,1,7,13,312,218,94,12,129,183,6.89230769230769,7.10756880733945,6.39308510638298,6.66666666666667,6.96976744186047,6.83770491803279,64
"62",2007,1,6.56875,16,6.71,6.33333333333333,7,6.8875,6.25,10,6,2,8,8,328,228,100,14,137,191,6.8765243902439,7.09013157894737,6.3895,6.71428571428571,6.96496350364964,6.8130890052356,65
"63",2007,2,7.19381333333333,12,7.25,7.13762666666667,NA,7.7,6.83225142857143,6,6,0,5,7,340,234,106,14,142,198,6.88772282352941,7.09423076923077,6.43184679245283,6.71428571428571,6.99084507042254,6.81376646464646,66
"64",2007,3,7.465,10,7.37857142857143,7.66666666666667,NA,7.5,7.45625,7,3,0,2,8,350,241,109,14,144,206,6.90421645714286,7.10248962655602,6.46583266055046,6.71428571428571,6.99791666666667,6.8387172815534,67
"65",2007,4,6.4625,8,7.3,5.625,NA,5.16666666666667,7.24,4,4,0,3,5,358,245,113,14,147,211,6.89434569832402,7.10571428571428,6.43606867256637,6.71428571428571,6.96054421768708,6.8482263507109,68
"66",2007,5,6.71818181818182,11,6.91666666666667,6.48,6.7,6.31666666666667,7.2,6,5,2,6,5,369,251,118,16,153,216,6.88909420054201,7.10119521912351,6.43793016949153,6.7125,6.93529411764706,6.85636925925926,69
"67",2007,6,7.09230769230769,13,7.13333333333333,7,7,7.6,6.775,9,4,1,5,8,382,260,122,17,158,224,6.89600984293194,7.10230769230769,6.45635868852459,6.72941176470588,6.95632911392405,6.85346321428572,70
"68",2007,7,7.09090909090909,11,7.83333333333333,6.2,6.5,7.25,7,6,5,2,4,7,393,266,127,19,162,231,6.90146503816794,7.1187969924812,6.44626582677165,6.70526315789474,6.96358024691358,6.85790372294372,71
"69",2007,8,7.19230769230769,13,7.66666666666667,6.125,NA,7.41666666666667,7,9,4,0,6,7,406,275,131,19,168,238,6.91077773399015,7.13672727272727,6.43645618320611,6.70526315789474,6.97976190476191,6.86208302521008,72
"70",2007,9,6.8875,16,7.35555555555556,6.28571428571429,6.66666666666667,7.42857142857143,6.46666666666667,9,7,3,7,9,422,284,138,22,175,247,6.90989516587678,7.14366197183099,6.42880985507246,6.7,6.99771428571429,6.84767514170041,73
"71",2007,10,6.41176470588235,17,6.22222222222222,6.625,NA,6.41666666666667,6.40909090909091,9,8,0,6,11,439,293,146,22,181,258,6.89060537585421,7.11535836177474,6.43956,6.7,6.97845303867403,6.82897581395349,74
"72",2007,11,6.609375,32,6.63636363636364,6.55,NA,6.72727272727273,6.54761904761905,22,10,0,11,21,471,315,156,22,192,279,6.87149842887473,7.08190476190476,6.44663948717949,6.7,6.9640625,6.80779842293907,75
"73",2007,12,6.83695652173913,23,7.453125,5.42857142857143,6,6.61111111111111,6.98214285714286,16,7,1,9,14,494,331,163,23,201,293,6.86989020242915,7.09984894259819,6.40291877300614,6.6695652173913,6.94825870646766,6.81612887372014,76
"74",2008,1,6.9695652173913,23,7.19411764705882,6.33333333333333,4,7.5375,6.66666666666667,17,6,1,8,15,517,348,169,24,209,308,6.87432448742747,7.10445402298851,6.40044828402367,6.55833333333333,6.97081339712919,6.80884987012987,77
"75",2008,2,6.88461538461539,13,7.05,6.33333333333333,NA,7,6.86363636363636,10,3,0,2,11,530,358,172,24,211,319,6.87457690566038,7.10293296089386,6.39927767441861,6.55833333333333,6.97109004739337,6.81073905956113,78
"76",2008,3,7.0625,12,7.4375,6.3125,NA,7.29166666666667,6.83333333333333,8,4,0,6,6,542,366,176,24,217,325,6.87873756457565,7.11024590163935,6.39730545454545,6.55833333333333,6.97995391705069,6.81115618461538,79
"77",2008,4,7.14705882352941,17,7.63636363636364,6.25,5.5,6.88888888888889,7.4375,11,6,2,9,8,559,377,182,26,226,333,6.88689760286225,7.12559681697613,6.39244923076923,6.47692307692308,6.97632743362832,6.82620348348348,80
"78",2008,5,6.72222222222222,9,6.8,6.625,NA,7,6.58333333333333,5,4,0,3,6,568,382,186,26,229,339,6.88428830985915,7.12133507853403,6.39745032258065,6.47692307692308,6.97663755458515,6.82190489675516,81
"79",2008,6,7.09333333333333,15,7,7.175,7.1,7.41428571428571,6.8125,7,8,4,7,8,583,389,194,30,236,347,6.88966682675815,7.11915167095116,6.42951422680412,6.56,6.9896186440678,6.82168806916426,82
"80",2008,7,5.74615384615385,13,6.2,5.4625,5,5.5,5.95714285714286,5,8,5,6,7,596,394,202,35,242,354,6.8647244295302,7.10748730964467,6.39121663366337,6.33714285714286,6.95268595041322,6.80459254237288,83
"81",2008,8,6.86190476190476,21,7.46363636363636,6.2,6,6.37142857142857,7.10714285714286,11,10,2,7,14,617,405,212,37,249,368,6.86462846029173,7.11716049382716,6.38219698113208,6.31891891891892,6.93634538152611,6.81610260869565,84
"82",2008,9,7.115625,16,7.575,6.65625,5.5,7.22142857142857,7.03333333333333,8,8,2,7,9,633,413,220,39,256,377,6.87097276461296,7.12602905569007,6.39216254545455,6.27692307692308,6.944140625,6.82128848806366,85
"83",2008,10,6.37083333333333,12,7.69,5.42857142857143,4,6.625,6.32,5,7,1,2,10,645,418,227,40,258,387,6.86166784496124,7.13277511961723,6.36244828193833,6.22,6.94166666666667,6.80833529715762,86
"84",2008,11,6.61764705882353,17,7,5.7,7,6.4,6.70833333333333,12,5,1,5,12,662,430,232,41,263,399,6.85540145015106,7.12906976744186,6.34817137931035,6.2390243902439,6.93136882129278,6.80532771929825,87
"85",2008,12,6.65384615384615,13,7.7,6,5.5,6,7.21428571428571,5,8,1,6,7,675,435,240,42,269,406,6.85151964444445,7.13563218390805,6.33656566666667,6.22142857142857,6.91059479553903,6.81237871921182,88
"86",2009,1,6.30172413793103,29,6.94411764705882,5.39166666666667,6.125,5.5,6.60714285714286,17,12,4,8,21,704,452,252,46,277,427,6.82887181818182,7.12842920353982,6.29157047619048,6.21304347826087,6.86985559566787,6.80228515222482,89
"87",2009,2,6.51153846153846,26,7.11818181818182,6.06666666666667,6,6.66666666666667,6.465,11,15,4,6,20,730,463,267,50,283,447,6.81756953424658,7.12818574514039,6.27893543071161,6.196,6.86554770318021,6.78719409395973,90
"88",2009,3,6.77083333333333,24,7.01538461538462,6.48181818181818,5.66666666666667,6.44285714285714,6.90588235294118,13,11,3,7,17,754,476,278,53,290,464,6.81608190981432,7.12510504201681,6.28696316546763,6.16603773584906,6.85534482758621,6.7915425862069,91
"89",2009,4,6.82142857142857,28,6.63636363636364,6.94117647058824,7,6.77272727272727,6.85294117647059,11,17,2,11,17,782,487,295,55,301,481,6.81627335038363,7.11406570841889,6.32466359322034,6.19636363636364,6.85232558139535,6.7937125987526,92
"90",2009,5,6.40526315789474,38,6.74047619047619,5.99117647058824,5.83333333333333,6.47222222222222,6.38448275862069,21,17,3,9,29,820,508,312,58,310,510,6.79722653658537,7.0986220472441,6.30649282051282,6.17758620689655,6.84129032258064,6.77044266666667,93
"91",2009,6,6.73888888888889,18,7.31111111111111,6.16666666666667,6.16666666666667,6.82857142857143,6.68181818181818,9,9,3,7,11,838,517,321,61,317,521,6.79597346062053,7.10232108317215,6.30257246105919,6.17704918032787,6.8410094637224,6.76857151631478,94
"92",2009,7,6.40208333333333,24,6.85,6.08214285714286,5.96666666666667,6.34,6.44642857142857,10,14,3,10,14,862,527,335,64,327,535,6.78500668213457,7.09753320683112,6.29336047761194,6.1671875,6.8256880733945,6.76014160747664,95
"93",2009,8,6.50757575757576,33,7.07352941176471,5.90625,5.25,5.95833333333333,6.82142857142857,17,16,8,12,21,895,544,351,72,339,556,6.77477738547486,7.09678308823529,6.27571441595442,6.06527777777778,6.79498525073746,6.7624564028777,96
"94",2009,9,6.968,25,7.22857142857143,6.63636363636364,6.66666666666667,6.86363636363636,7.05,14,11,6,11,14,920,558,362,78,350,570,6.780028,7.10008960573477,6.28667337016575,6.11153846153846,6.79714285714286,6.76951887719298,97
"95",2009,10,6.41481481481481,27,6.86153846153846,6,6.75,6.85714285714286,6.26,13,14,4,7,20,947,571,376,82,357,590,6.769615374868,7.0946584938704,6.27599936170213,6.14268292682927,6.79831932773109,6.75224705084746,98
"96",2009,11,6.8,36,7.02,6.525,5.9,7.29,6.61153846153846,20,16,5,10,26,983,591,392,87,367,616,6.77072813835198,7.09213197969543,6.28616265306122,6.12873563218391,6.81171662125341,6.74630805194805,99
"97",2009,12,6.64864864864865,37,6.92857142857143,6.28125,6.1875,6.875,6.54,21,16,8,12,25,1020,612,408,95,379,641,6.76629976470588,7.08651960784314,6.28597,6.13368421052632,6.81372031662269,6.73826171606864,100
"98",2010,1,6.81081081081081,37,7.47368421052632,6.11111111111111,6.28571428571429,7.06363636363636,6.70384615384615,19,18,7,11,26,1057,631,426,102,390,667,6.76785786187323,7.09817749603803,6.27858159624413,6.14411764705882,6.82076923076923,6.73692017991004,101
"99",2010,2,6.46363636363636,22,7.07,5.95833333333333,6.66666666666667,7.2,6.1875,10,12,3,6,16,1079,641,438,105,396,683,6.76165501390176,7.09773790951638,6.26980767123288,6.15904761904762,6.82651515151515,6.72404942898975,102
"100",2010,3,6.76785714285714,28,7.175,5.75,NA,5.875,6.91666666666667,20,8,0,4,24,1107,661,446,105,400,707,6.76181188798555,7.1000756429652,6.26048376681614,6.15904761904762,6.817,6.73058806223479,103
"101",2010,4,6.896,25,7.39090909090909,6.50714285714286,6.5,7.07857142857143,6.825,11,14,2,7,18,1132,672,460,107,407,725,6.76477540636042,7.10483630952381,6.2679907826087,6.16542056074766,6.82149877149877,6.73293208275862,104
"102",2010,5,6.58846153846154,26,7.30714285714286,5.75,5,5.83333333333333,6.815,14,12,3,6,20,1158,686,472,110,413,745,6.76081671848014,7.10896501457726,6.25482152542373,6.13363636363636,6.80714285714286,6.73513524832215,105
"103",2010,6,6.80588235294118,17,6.89166666666667,6.6,6.5,6.7125,6.88888888888889,12,5,2,8,9,1175,698,477,112,421,754,6.76146873191489,7.10522922636103,6.25843974842767,6.14017857142857,6.80534441805226,6.73697050397878,106
"104",2010,7,7.17391304347826,23,7.8,6,5.375,6.9,7.25,15,8,4,5,18,1198,713,485,116,426,772,6.76938711185309,7.11984572230014,6.25417682474227,6.11379310344828,6.80645539906103,6.74893233160622,107
"105",2010,8,6.60526315789474,19,6.92857142857143,6.41666666666667,5.5,6.125,6.73333333333333,7,12,1,4,15,1217,720,497,117,430,787,6.76682478225144,7.11798611111111,6.25810012072435,6.10854700854701,6.80011627906977,6.74863501905972,108
"106",2010,9,7.06363636363636,11,7.61666666666667,6.4,NA,NA,7.06363636363636,6,5,0,0,11,1228,726,502,117,430,798,6.76948351791531,7.12210743801653,6.25951346613546,6.10854700854701,6.80011627906977,6.75297714285714,109
"107",2010,10,6.66470588235294,34,7.2421052631579,5.93333333333333,6.5,7.29166666666667,6.32272727272727,19,15,2,12,22,1262,745,517,119,442,820,6.76666066561014,7.1251677852349,6.25004982591876,6.11512605042017,6.81346153846154,6.74143385365854,110
"108",2010,11,6.8546511627907,43,7.42857142857143,6.30681818181818,6.875,6.8125,6.86428571428571,21,22,6,8,35,1305,766,539,125,450,855,6.76955996934866,7.13348563968668,6.25236690166976,6.1516,6.81344444444444,6.74646287719298,111
"109",2010,12,6.95714285714286,28,7.2,6.44444444444444,7,7.14285714285714,6.8952380952381,19,9,2,7,21,1333,785,548,127,457,876,6.77350019504876,7.13509554140127,6.25552145985401,6.16496062992126,6.81849015317287,6.75002940639269,112
"110",2011,1,6.78166666666667,30,7.1,6.46333333333333,6.125,7,6.72708333333333,15,15,6,6,24,1363,800,563,133,463,900,6.77367994130594,7.1344375,6.26105818827709,6.16315789473684,6.82084233261339,6.74941751111111,113
"111",2011,2,6.61739130434783,23,6.78461538461538,6.4,5.66666666666667,6.83333333333333,6.585,13,10,3,3,20,1386,813,573,136,466,920,6.77108640692641,7.12884378843788,6.2634830017452,6.15220588235294,6.82092274678112,6.7458432173913,114
"112",2011,3,6.56756756756757,37,6.95555555555556,6.2,6.0125,5.5,6.7741935483871,18,19,8,6,31,1423,831,592,144,472,951,6.76579463106114,7.12509025270758,6.26144554054054,6.14444444444444,6.8041313559322,6.74676736067298,115
"113",2011,4,6.53571428571429,28,7.18181818181818,6.11764705882353,6.54545454545455,6.58333333333333,6.5,11,17,11,12,16,1451,842,609,155,484,967,6.76135476223294,7.12583135391924,6.25743146141215,6.17290322580645,6.79865702479339,6.74268434332989,116
"114",2011,5,7.11739130434783,23,7.35,6.86363636363636,6.5,7.14285714285714,7.10625,12,11,2,7,16,1474,854,620,157,491,983,6.76691028493894,7.128981264637,6.26818670967742,6.17707006369427,6.80356415478615,6.74860199389624,117
"115",2011,6,6.93863636363636,22,6.775,7.075,6,6.375,6.995,10,12,2,2,20,1496,864,632,159,493,1003,6.7694356684492,7.12488425925926,6.28350594936709,6.1748427672956,6.80182555780933,6.75351521435693,118
"116",2011,7,6.17045454545455,22,6.8125,5.4,6,7.66666666666667,5.609375,12,10,1,6,16,1518,876,642,160,499,1019,6.7607547826087,7.12060502283105,6.26974417445483,6.17375,6.81222444889779,6.73555030421982,119
"117",2011,8,7.4,31,7.54347826086957,6.9875,7.66666666666667,7.83333333333333,7.296,23,8,3,6,25,1549,899,650,163,505,1044,6.77354794060684,7.13142380422692,6.27857809230769,6.20122699386503,6.82435643564356,6.74897103448276,120
"118",2011,9,7.05357142857143,28,7.30555555555556,6.6,NA,7.75,6.9375,18,10,0,4,24,1577,917,660,163,509,1068,6.77851982244769,7.13484187568157,6.28344812121212,6.20122699386503,6.83163064833006,6.75320764044944,121
"119",2011,10,6.90625,24,7.234375,6.25,6,6.16666666666667,7.01190476190476,16,8,1,3,21,1601,933,668,164,512,1089,6.78043457838851,7.13654876741693,6.28304754491018,6.2,6.827734375,6.75819629017447,122
"120",2011,11,6.63636363636364,22,7,6.42857142857143,6.25,6.3125,6.82142857142857,8,14,6,8,14,1623,941,682,170,520,1103,6.77848167590881,7.13538788522848,6.28603483870968,6.20176470588235,6.81980769230769,6.75899887579329,123
"121",2011,12,6.84137931034483,29,6.77058823529412,6.94166666666667,10,6.91666666666667,6.82173913043478,17,12,1,6,23,1652,958,694,171,526,1126,6.77958581113802,7.12891440501044,6.29737141210374,6.22397660818714,6.82091254752852,6.76028042628774,124
"122",2012,1,7.11764705882353,34,7.29565217391304,6.74545454545455,6.1,8,7.03225806451613,23,11,2,3,31,1686,981,705,173,529,1157,6.78640317912218,7.13282364933741,6.30436278014184,6.22254335260116,6.82759924385633,6.76756764044944,125
"123",2012,2,6.8695652173913,23,7.08333333333333,6.63636363636364,6.125,6,6.95238095238095,12,11,4,2,21,1709,993,716,177,531,1178,6.78752238736103,7.13222557905337,6.30946335195531,6.22033898305085,6.82448210922787,6.77086227504244,126
"124",2012,3,6.92857142857143,28,7.22222222222222,6.4,5.33333333333333,6.33333333333333,7,18,10,3,3,25,1737,1011,726,180,534,1203,6.78979606217617,7.13382789317507,6.31071041322314,6.20555555555556,6.82172284644195,6.77562407315046,127
"125",2012,4,7.30434782608696,23,7.5,6.85714285714286,6.5,7.83333333333333,7.11764705882353,16,7,2,6,17,1760,1027,733,182,540,1220,6.79652031818182,7.13953261927946,6.31592873124147,6.20879120879121,6.83296296296296,6.78038996721311,128
"126",2012,5,6.55192307692308,26,6.36764705882353,6.9,6.25,6.5,6.56136363636364,17,9,2,4,22,1786,1044,742,184,544,1242,6.79295955207167,7.12696360153257,6.32301315363881,6.20923913043478,6.83051470588235,6.77651027375201,129
"127",2012,6,6.7,17,7,6.43333333333333,6.73333333333333,7.25,6.53076923076923,8,9,6,4,13,1803,1052,751,190,548,1255,6.79208306156406,7.12599809885932,6.32433523302263,6.22578947368421,6.83357664233576,6.77396474900398,130
"128",2012,7,6.892,25,7.15625,6.42222222222222,NA,5,6.97083333333333,16,9,0,1,24,1828,1068,760,190,549,1279,6.7934495404814,7.12645131086142,6.32549442105263,6.22578947368421,6.83023679417122,6.77765892103205,131
"129",2012,8,6.71111111111111,18,6.66363636363636,6.78571428571429,8,7.32857142857143,6.31818181818182,11,7,2,7,11,1846,1079,767,192,556,1290,6.79264667388949,7.12173308619092,6.3296946023468,6.24427083333333,6.83651079136691,6.7737408992248,132
"130",2012,9,6.67741935483871,31,7.23684210526316,5.79166666666667,6.5,6.83333333333333,6.64,19,12,2,6,25,1877,1098,779,194,562,1315,6.79074361214704,7.12372495446266,6.32140662387676,6.24690721649485,6.8364768683274,6.77119829657794,133
"131",2012,10,6.75,20,7,6.28571428571429,7,6.91666666666667,6.67857142857143,13,7,1,6,14,1897,1111,786,195,568,1329,6.79031405376911,7.12227722772277,6.32108875318066,6.25076923076923,6.83732394366197,6.77022254326561,134
"132",2012,11,6.70454545454545,22,7.15625,5.5,NA,7.375,6.55555555555556,16,6,0,4,18,1919,1127,792,195,572,1347,6.78933077644607,7.12275953859805,6.31486838383838,6.25076923076923,6.84108391608391,6.76735394209354,135
"133",2012,12,6.48214285714286,28,6.82857142857143,6.13571428571429,5.95714285714286,6.71666666666667,6.41818181818182,14,14,7,6,22,1947,1141,806,202,578,1369,6.78491307652799,7.11914986853637,6.31175652605459,6.24059405940594,6.83979238754325,6.7617427027027,136
"134",2013,1,6.58108108108108,37,7.40625,5.95238095238095,6.21428571428571,6.3,6.68518518518519,16,21,7,10,27,1984,1157,827,209,588,1396,6.78111177419355,7.12312013828868,6.30263090689238,6.23971291866029,6.83061224489796,6.76026200573066,137
"135",2013,2,6.58275862068966,29,6.83076923076923,6.38125,6.5,6.825,6.544,13,16,2,4,25,2013,1170,843,211,592,1421,6.77825422752111,7.11987179487179,6.30412308422301,6.24218009478673,6.83057432432432,6.7564572554539,138
"136",2013,3,6.29375,32,6.21875,6.36875,6.45,5.33333333333333,6.39310344827586,16,16,4,3,29,2045,1186,859,215,595,1450,6.77067274327628,7.1077150084317,6.3053268451688,6.24604651162791,6.82302521008403,6.74919017931034,139
"137",2013,4,6.546875,32,6.8,6.32352941176471,6.6,6.45,6.57916666666667,15,17,5,8,24,2077,1201,876,220,603,1474,6.76722472797304,7.10387177352206,6.3056800913242,6.25409090909091,6.81807628524046,6.74642181818182,140
"138",2013,5,6.72222222222222,27,7.26923076923077,6.21428571428571,7,6.5,6.78571428571429,13,14,3,6,21,2104,1214,890,223,609,1495,6.7666472243346,7.10564250411862,6.30424242696629,6.26412556053812,6.81494252873563,6.74697375250836,141
"139",2013,6,6.63,30,6.82777777777778,6.33333333333333,6,5.83333333333333,6.71851851851852,18,12,2,3,27,2134,1232,902,225,612,1522,6.76472622305529,7.10158279220779,6.30462944567627,6.26177777777778,6.81013071895425,6.74646896189225,142
"140",2013,7,6.10714285714286,21,6.05,6.15909090909091,6.41666666666667,5.70833333333333,6.26666666666667,10,11,3,6,15,2155,1242,913,228,618,1537,6.75831821809745,7.09311594202899,6.30287596933187,6.26381578947369,6.79943365695793,6.74178644111906,143
"141",2013,8,6.47333333333333,30,7.08,5.86666666666667,4.75,6.66666666666667,6.425,15,15,4,6,24,2185,1257,928,232,624,1561,6.75440538215103,7.09295942720764,6.29582517241379,6.23771551724138,6.79815705128205,6.73691592568866,144
"142",2013,9,6.575,36,6.95789473684211,6.14705882352941,5.85714285714286,6.5625,6.57857142857143,19,17,7,8,28,2221,1276,945,239,632,1589,6.75149741557857,7.09094827586207,6.29314895238095,6.2265690376569,6.79517405063291,6.73412571428571,145
"143",2013,10,6.53125,32,6.84375,6.21875,6,6.33333333333333,6.57692307692308,16,16,1,6,26,2253,1292,961,240,638,1615,6.74836917887261,7.08788699690403,6.29191026014568,6.225625,6.79083072100314,6.73159489783282,146
"144",2013,11,6.48,40,6.72916666666667,6.10625,NA,6.5,6.47647058823529,24,16,0,6,34,2293,1316,977,240,644,1649,6.74368764064544,7.08134498480243,6.28886976458546,6.225625,6.78812111801242,6.72633460278957,147
"145",2013,12,6.91315789473684,38,6.85,7,6.75,6.57,7.03571428571429,22,16,2,10,28,2331,1338,993,242,654,1677,6.74645034749035,7.07754110612855,6.30032805639476,6.22995867768595,6.78478593272171,6.73150015503876,148
"146",2014,1,6.73648648648649,37,6.8625,6.34444444444444,7,6.33333333333333,6.81451612903226,28,9,2,6,31,2368,1366,1002,244,660,1708,6.74629466216216,7.07313323572474,6.30072431137724,6.23627049180328,6.78068181818182,6.7330068852459,149
"147",2014,2,6.51285714285714,28,6.55714285714286,6.46857142857143,6,6.6,6.5024,14,14,3,3,25,2396,1380,1016,247,663,1733,6.74356667779633,7.06789855072464,6.30303716535433,6.2334008097166,6.77986425339367,6.72968018465089,150
"148",2014,3,6.52333333333333,30,6.66875,6.35714285714286,6.75,6.4,6.548,16,14,4,5,25,2426,1396,1030,251,668,1758,6.74084326463314,7.06332378223496,6.30377258252427,6.24163346613546,6.77702095808383,6.72709656427759,151
"149",2014,4,6.15925925925926,27,6.71538461538462,5.64285714285714,5.33333333333333,6.125,6.17368421052632,13,14,3,8,19,2453,1409,1044,254,676,1777,6.73444181002854,7.06011355571327,6.29490973180077,6.23090551181102,6.76930473372781,6.72117938097918,152
"150",2014,5,6.5,24,6.84615384615385,6.09090909090909,5,8,6.36363636363636,13,11,2,2,22,2477,1422,1055,256,678,1799,6.7321702704885,7.05815752461322,6.29278271090047,6.2212890625,6.77293510324484,6.71680698165648,153
"151",2014,6,6.45,24,6.56153846153846,6.31818181818182,5.8,5.55,6.75,13,11,5,6,18,2501,1435,1066,261,684,1817,6.72946251899241,7.05365853658537,6.29304480300188,6.2132183908046,6.76220760233918,6.71713580627408,154
"152",2014,7,6.70344827586207,29,6.85384615384615,6.58125,6.6,6.36,6.775,13,16,5,5,24,2530,1448,1082,266,689,1841,6.72916433201581,7.05186464088398,6.29730661737523,6.22048872180451,6.75928882438317,6.71789014665942,155
"153",2014,8,6.47666666666667,30,7.22222222222222,5.35833333333333,5,6.5,6.47307692307692,18,12,1,4,26,2560,1466,1094,267,693,1867,6.726205375,7.05395634379263,6.28700709323583,6.21591760299626,6.75779220779221,6.71448085698982,156
"154",2014,9,6.5375,24,7.07777777777778,6.21333333333333,NA,6,6.645,9,15,0,4,20,2584,1475,1109,267,697,1887,6.72445269349845,7.05410169491526,6.28601060414788,6.21591760299626,6.75344332855093,6.7137444409115,157
"155",2014,10,6.27741935483871,31,6.59333333333333,5.98125,6.375,5.375,6.41111111111111,15,16,4,4,27,2615,1490,1125,271,701,1914,6.71915325430211,7.04946308724832,6.28167623111111,6.21826568265683,6.74557774607703,6.70947531870428,158
"156",2014,11,6.43714285714286,35,7.54545454545455,5.92916666666667,4.91666666666667,6.28571428571429,6.475,11,24,6,7,28,2650,1501,1149,277,708,1942,6.71542858867925,7.05309793471019,6.27431310704961,6.19007220216607,6.74103107344633,6.70609462409887,159
"157",2014,12,6.759375,32,7.415,5.66666666666667,5,8.125,6.56428571428571,20,12,3,4,28,2682,1521,1161,280,712,1970,6.71595293064877,7.05785667324129,6.26803252368648,6.17732142857143,6.74880617977528,6.70407906598985,160
"158",2015,1,6.917,50,7.22833333333333,6.45,6,6.5,6.96333333333333,30,20,3,5,45,2732,1551,1181,283,717,2015,6.71963241581259,7.06115409413282,6.27111410668924,6.17544169611307,6.74707112970711,6.70986886352357,161
"159",2015,2,6.46190476190476,42,7.15,5.34375,5.16666666666667,6.46666666666667,6.46153846153846,26,16,6,3,39,2774,1577,1197,289,720,2054,6.7157302667628,7.06261889663919,6.25871826232247,6.15449826989619,6.74590277777778,6.70515372930867,162
"160",2015,3,6.74722222222222,36,7.135,6.2625,7,7.41666666666667,6.61333333333333,20,16,3,6,30,2810,1597,1213,292,726,2084,6.71613372241993,7.06352536005009,6.2587681450948,6.16318493150685,6.75144628099174,6.70383193857965,163
"161",2015,4,6.43055555555556,36,6.8047619047619,5.90666666666667,4.66666666666667,6.83333333333333,6.39393939393939,21,15,3,3,33,2846,1618,1228,295,729,2117,6.71252134926212,7.06016687268232,6.25446723127036,6.14796610169492,6.75178326474623,6.69900130373169,164
"162",2015,5,6.46662162162162,37,6.65547619047619,6.21875,6.33333333333333,7.053,6.375,21,16,3,5,32,2883,1639,1244,298,734,2149,6.70936550815123,7.05498169615619,6.25400784565916,6.1498322147651,6.75383514986376,6.69417671475105,165
"163",2015,6,6.42777777777778,27,7.27727272727273,5.84375,5.125,6.88888888888889,6.19722222222222,11,16,4,9,18,2910,1650,1260,302,743,2167,6.70675283848797,7.05646363636364,6.24879822222222,6.1362582781457,6.75547106325707,6.69004880479926,166
"164",2015,7,6.04814814814815,27,6.775,5.46666666666667,5.25,7.375,5.81739130434783,12,15,2,4,23,2937,1662,1275,304,747,2190,6.70069824991488,7.05443140794224,6.2395966745098,6.13042763157895,6.75878848728246,6.6808839086758,167
"165",2015,8,6.52108108108108,37,6.66388888888889,6.38578947368421,5.33333333333333,7,6.38896551724138,18,19,3,8,29,2974,1680,1294,307,755,2219,6.69846360457297,7.05024702380952,6.24174324574961,6.12263843648209,6.76134437086093,6.67706884182064,168
"166",2015,9,6.79615384615385,26,6.85625,6.7,6,5.925,6.95454545454545,16,10,1,4,22,3000,1696,1304,308,759,2241,6.69931025333333,7.04841686320755,6.24525748466258,6.12224025974026,6.75693675889328,6.67979284248103,169
"167",2015,10,6.0258064516129,31,6.69411764705882,5.21428571428571,4.75,5.8,6.06923076923077,17,14,4,5,26,3031,1713,1318,312,764,2267,6.69242189376444,7.04490075890251,6.23430634294385,6.10464743589744,6.75067408376963,6.67279036612263,170
"168",2015,11,6.61326530612245,49,7.25909090909091,6.08703703703704,6.5625,6.6,6.61547619047619,22,27,8,7,42,3080,1735,1345,320,771,2309,6.69116258441558,7.04761671469741,6.23135000743494,6.11609375,6.74930609597925,6.67174783889129,171
"169",2015,12,7.00243902439024,41,7.375,6.64761904761905,5.41666666666667,6.77777777777778,7.065625,20,21,6,9,32,3121,1755,1366,326,780,2341,6.69525176545979,7.05134757834758,6.23774945827233,6.10322085889571,6.74963461538462,6.67713189235369,172
"170",2016,1,7.10340909090909,44,7.12142857142857,7.071875,7,8.2,6.96282051282051,28,16,1,5,39,3165,1783,1382,327,785,2380,6.70092599052133,7.05244812114414,6.24740648335745,6.1059633027523,6.75887261146497,6.68181334453781,173
"171",2016,2,6.51424242424242,33,6.58133333333333,6.45833333333333,6.84375,6.45833333333333,6.52666666666667,15,18,8,6,27,3198,1798,1400,335,791,2407,6.69899961225766,7.04851779755284,6.2501184,6.12358208955224,6.75659292035398,6.68007302035729,174
"172",2016,3,6.33947368421053,38,6.94285714285714,5.9875,5.75,6.21666666666667,6.3625,14,24,4,6,32,3236,1812,1424,339,797,2439,6.69477773794809,7.04770143487859,6.24569224719101,6.11917404129794,6.75252823086575,6.6759064206642,175
"173",2016,4,6.41627906976744,43,6.79090909090909,6.02380952380952,5.57142857142857,6.92857142857143,6.31666666666667,22,21,7,7,36,3279,1834,1445,346,804,2475,6.69112557487039,7.04462104689204,6.24246765397924,6.10809248554914,6.75406094527363,6.67068111515151,176
"174",2016,5,6.65348837209302,43,6.86071428571429,6.26666666666667,5.66666666666667,6.57142857142857,6.66944444444444,28,15,3,7,36,3322,1862,1460,349,811,2511,6.69063839855509,7.04185553168636,6.2427162739726,6.10429799426934,6.75248458692972,6.67066338510553,177
"175",2016,6,6.52553191489362,47,6.97142857142857,5.86842105263158,5.3,7.04166666666667,6.34857142857143,28,19,5,12,35,3369,1890,1479,354,823,2546,6.68833504303948,7.04081216931217,6.23790788370521,6.09293785310735,6.75670109356015,6.66623556952081,178
"176",2016,7,6.875,40,7.83333333333333,5.81578947368421,5.5,8,6.84615384615385,21,19,2,1,39,3409,1911,1498,356,824,2585,6.6905253036081,7.04952119309262,6.23255391188251,6.08960674157304,6.75820995145631,6.66895000386847,179
"177",2016,8,6.5780487804878,41,6.85,6.26315789473684,5.2,7.375,6.49189189189189,22,19,5,4,37,3450,1933,1517,361,828,2622,6.68918862608696,7.04725038799793,6.2329372181938,6.07728531855956,6.76118961352657,6.66645147215865,180
"178",2016,9,6.58947368421053,38,7.06818181818182,5.93125,6.25,5.83333333333333,6.65428571428571,22,16,4,3,35,3488,1955,1533,365,831,2657,6.68810228211009,7.04748593350384,6.22978849315068,6.07917808219178,6.75783995186522,6.66629121565675,181
"179",2016,10,6.80384615384615,52,7.27666666666667,6.15909090909091,6.75,6.25,6.85,30,22,4,4,48,3540,1985,1555,369,835,2705,6.68980247457627,7.05094962216625,6.22878827009646,6.08644986449865,6.75540718562874,6.66955111275416,182
"180",2016,11,6.64363636363636,55,6.84666666666667,6.4,5.875,6.66666666666667,6.64081632653061,30,25,4,6,49,3595,2015,1580,373,841,2754,6.68909617802504,7.04790818858561,6.2314973164557,6.08418230563003,6.754774078478,6.66903985475672,183
"181",2016,12,6.51395348837209,43,6.92307692307692,5.88823529411765,5.6,6.5,6.51578947368421,26,17,5,5,38,3638,2041,1597,378,846,2792,6.68702604727873,7.04631798138168,6.22784330619912,6.07777777777778,6.753268321513,6.66695406876791,184
"182",2017,1,6.61308823529412,68,6.71725,6.46428571428571,7,6.91,6.56779661016949,40,28,2,9,59,3706,2081,1625,380,855,2851,6.68566939017809,7.03999279192696,6.23191739076923,6.08263157894737,6.75491812865497,6.66490205541915,185
"183",2017,2,6.91470588235294,51,7.27307692307692,5.75,5.5,7.625,6.82,39,12,4,6,45,3757,2120,1637,384,861,2896,6.68877848283205,7.04428066037736,6.22838470372633,6.0765625,6.76098141695703,6.6673120718232,186
"184",2017,3,6.60392857142857,56,6.96193548387097,6.16,6.33333333333333,7.2,6.54549019607843,31,25,3,5,51,3813,2151,1662,387,866,2947,6.6875323262523,7.04309390980939,6.22735605294826,6.07855297157623,6.76351616628175,6.66520385476756,187
"185",2017,4,6.81666666666667,39,7.176,6.175,6.91666666666667,7,6.78970588235294,25,14,3,5,34,3852,2176,1676,390,871,2981,6.68883976116303,7.04462086397059,6.22691871121718,6.085,6.76487370838117,6.66662387118416,188
"186",2017,5,6.71896551724138,58,7.048,6.46969696969697,6.25,5.64,6.82075471698113,25,33,6,5,53,3910,2201,1709,396,876,3034,6.68928663938619,7.04465924579736,6.23160664716208,6.0875,6.75845319634703,6.66931633487145,189
"187",2017,6,6.909,50,7.14,6.5625,5.875,6.52777777777778,6.99268292682927,30,20,4,9,41,3960,2231,1729,400,885,3075,6.6920607979798,7.04594128193635,6.23543421631001,6.085375,6.75610734463277,6.67362788943089,190
"188",2017,7,6.48568181818182,44,7.2,5.54578947368421,5.08333333333333,5.63857142857143,6.64594594594595,25,19,6,7,37,4004,2256,1748,406,892,3112,6.6897928971029,7.0476484929078,6.2279380778032,6.07056650246306,6.74733744394619,6.67329876606684,191
"189",2017,8,6.53860465116279,43,6.662,6.25384615384615,6.5,6.92285714285714,6.46388888888889,30,13,2,7,36,4047,2286,1761,408,899,3148,6.68818649864097,7.04258748906387,6.22812933560477,6.07267156862745,6.74870411568409,6.67090398983482,192
"190",2017,9,6.86588235294118,34,7.08823529411765,6.64352941176471,5.33333333333333,5.625,7.03133333333333,17,17,3,4,30,4081,2303,1778,411,903,3178,6.68966693457486,7.0429244463743,6.23210110236221,6.06727493917275,6.74372646733112,6.674306406545,193
"191",2017,10,6.559,60,6.92242424242424,6.11481481481481,5.5625,7.07142857142857,6.49132075471698,33,27,8,7,53,4141,2336,1805,419,910,3231,6.68777366819609,7.04122217465753,6.23034668144044,6.05763723150358,6.74624725274725,6.67130478489632,194
"192",2017,11,6.36666666666667,48,6.68076923076923,5.99545454545455,3.5,5.38,6.48139534883721,26,22,2,5,43,4189,2362,1827,421,915,3274,6.68409423728814,7.03725444538527,6.22751820470717,6.04548693586699,6.73878142076503,6.66881055589493,195
"193",2017,12,6.64963636363636,55,6.86,6.47433333333333,6.33333333333333,6.7,6.6446,25,30,3,5,50,4244,2387,1857,424,920,3324,6.68364768143261,7.03539798910767,6.23150552504039,6.04752358490566,6.73857065217391,6.668446377858,196
"194",2018,1,6.68770491803279,61,7.16515151515152,6.125,5.94444444444444,6.325,6.74245283018868,33,28,9,8,53,4305,2420,1885,433,928,3377,6.68370517073171,7.0371673553719,6.2299234801061,6.04538106235566,6.73500538793103,6.66960786496891,197
"195",2018,2,6.74509803921569,51,7.18181818181818,5.94444444444444,5,6.57142857142857,6.77272727272727,33,18,2,7,44,4356,2453,1903,435,935,3421,6.68442395775941,7.03911333061557,6.22722320546506,6.04057471264368,6.7337807486631,6.67093415960245,198
"196",2018,3,6.81717948717949,39,7.18730769230769,6.07692307692308,6.2,6.2,6.88771428571429,26,13,5,4,35,4395,2479,1916,440,939,3456,6.68560199317406,7.04066760790641,6.22620342379958,6.04238636363637,6.73150692225772,6.67312956018518,199
"197",2018,4,6.63958333333333,48,7.09310344827586,5.94736842105263,3,7.5,6.49268292682927,29,19,1,7,41,4443,2508,1935,441,946,3497,6.68510483006977,7.04127392344498,6.22346550904393,6.03548752834467,6.73719344608879,6.67101394338004,200
"198",2018,5,6.8952380952381,42,7.18636363636364,6.575,6.5,7.075,6.87631578947368,22,20,4,4,38,4485,2530,1955,445,950,3535,6.68707263322185,7.04253557312253,6.22706176982097,6.03966292134832,6.73861578947368,6.67322086562942,201
"199",2018,6,6.74193548387097,31,6.80952380952381,6.6,6.66666666666667,5.33333333333333,6.89285714285714,21,10,3,3,28,4516,2551,1965,448,953,3563,6.68744923826395,7.04061740493924,6.22895967430026,6.04386160714286,6.73419202518363,6.67494688745439,202
"200",2018,7,6.77558139534884,43,6.975,6.47058823529412,8,7.275,6.75121951219512,26,17,3,2,41,4559,2577,1982,451,955,3604,6.68828049133582,7.03995537446643,6.23103216952573,6.05687361419069,6.73532460732984,6.67581458379578,203
"201",2018,8,6.14950361702128,47,6.9098552173913,5.42083333333333,4.33333333333333,6.9,6.06015880952381,23,24,3,5,42,4606,2600,2006,454,960,3646,6.68278276812853,7.03880448846154,6.22133886340977,6.0454845814978,6.73618229166667,6.66872255348327,204
"202",2018,9,7.02361111111111,36,7.38235294117647,6.70263157894737,6.55,6.75,7.03970588235294,17,19,7,2,34,4642,2617,2025,461,962,3680,6.68542598664369,7.04103617500955,6.2258546962963,6.0531453362256,6.73621101871102,6.67215011684782,205
"203",2018,10,6.61481481481481,27,6.54545454545455,6.6625,7.75,6.8,6.57272727272727,11,16,6,5,22,4669,2628,2041,467,967,3702,6.68501765474406,7.03896182267884,6.22927768740813,6.07494646680942,6.73654084798345,6.67155927336575,206
"204",2018,11,6.84038461538462,52,6.83448275862069,6.84782608695652,5,6.0625,6.98181818181818,29,23,2,8,44,4721,2657,2064,469,975,3746,6.6867289620843,7.03673002258186,6.23617042635659,6.07036247334755,6.73101025641026,6.67520353176722,207
"205",2018,12,6.44666666666667,30,7.07142857142857,5.9,5.8,5,6.55,14,16,3,2,28,4751,2671,2080,472,977,3774,6.68521309829509,7.03691189442157,6.2335845,6.06864406779661,6.72746673490276,6.67427462374139,208
"206",2019,1,6.71684210526316,57,6.9837037037037,6.47666666666667,5.66666666666667,6.125,6.76150943396226,27,30,3,4,53,4808,2698,2110,475,981,3827,6.68558806780366,7.03637941808747,6.23704064454976,6.0661052631579,6.72501019367992,6.6754827358244,209
"207",2019,2,6.871875,48,7.17727272727273,6.2,5.9,8.125,6.75795454545455,33,15,5,4,44,4856,2731,2125,480,985,3871,6.68742945428336,7.03808190040278,6.23677918117647,6.064375,6.73069543147208,6.67642015758202,210
"208",2019,3,6.3856,50,6.70965517241379,5.93809523809524,5.9,5.22222222222222,6.6409756097561,29,21,5,9,41,4906,2760,2146,485,994,3912,6.68435332857725,7.03463103985507,6.23385636533085,6.06268041237114,6.71703722334004,6.67604867842536,211
"209",2019,4,6.78775510204082,49,6.96896551724138,6.525,5.5,6.58333333333333,6.81627906976744,29,20,5,6,43,4955,2789,2166,490,1000,3955,6.68537586881937,7.03394825026891,6.23654467220683,6.05693877551021,6.716235,6.67757330720607,212
"210",2019,5,6.60645161290323,31,7.31578947368421,5.48333333333333,5,8.33333333333333,6.42142857142857,19,12,3,3,28,4986,2808,2178,493,1003,3983,6.68488516446049,7.03585529558405,6.23239474747475,6.05050709939148,6.72107178464606,6.6757726412252,213
"211",2019,6,6.67809530612245,49,7.04736842105263,6.44422233333333,6.6,5.825,6.84455292682927,19,30,5,8,41,5035,2827,2208,498,1011,4024,6.68481908639523,7.03593267421295,6.23527283967391,6.05602409638554,6.71398120672601,6.67749232107356,214
"212",2019,7,6.63333333333333,39,7.03333333333333,5.99333333333333,5.66666666666667,6.75714285714286,6.60625,24,15,3,7,32,5074,2851,2223,501,1018,4056,6.68442335435554,7.03591079270431,6.23364031938821,6.05369261477046,6.71427799607073,6.67693025147929,215
"213",2019,8,6.79642857142857,42,6.6864,6.95823529411765,5.555,6.80333333333333,6.79527777777778,25,17,4,6,36,5116,2876,2240,505,1024,4092,6.68534286551994,7.03287262517385,6.23913947767857,6.04974257425743,6.7147998046875,6.67797143206256,216
"214",2019,9,6.634,55,7.1548,6.2,6.33333333333333,6.63857142857143,6.63333333333333,25,30,3,7,48,5171,2901,2270,508,1031,4140,6.68479677045059,7.03392336091003,6.23862221585903,6.05141732283465,6.71428225024248,6.67745388888889,217
"215",2019,10,6.54365384615385,52,6.895,6.19230769230769,5.5,6,6.5769387755102,26,26,2,3,49,5223,2927,2296,510,1034,4189,6.68339155657668,7.0326893303724,6.23809774825784,6.04925490196079,6.71220986460348,6.67627813320601,218
"216",2019,11,6.89358974358974,39,7.25277777777778,6.58571428571429,7.16666666666667,NA,6.89358974358974,18,21,3,0,39,5262,2945,2317,513,1034,4228,6.68494946788293,7.0340345229202,6.24124835131636,6.05578947368421,6.71220986460348,6.67828266319773,219
"217",2019,12,6.58769230769231,65,6.82424242424242,6.34375,5.75,7,6.53793103448276,33,32,4,7,58,5327,2978,2349,517,1041,4286,6.68376273700019,7.03170976158496,6.24264471264368,6.05342359767892,6.71414505283381,6.67638336444237,220
"218",2020,1,6.72109589041096,73,7.06375,6.30575757575758,5.33333333333333,6.28571428571429,6.76727272727273,40,33,3,7,66,5400,3018,2382,520,1048,4352,6.68426742592592,7.03213441683234,6.24351907220823,6.04926923076923,6.71128339694657,6.67776174172794,221
"219",2020,2,6.69448333333333,60,7.11911428571429,6.1,5,7.5,6.65208771929825,35,25,1,3,57,5460,3053,2407,521,1051,4409,6.68437968864469,7.03313156567311,6.24202842958039,6.04725527831094,6.71353472882969,6.67742982535722,222
"220",2020,3,6.70357142857143,56,7.11818181818182,6.10869565217391,6,3.75,6.81296296296296,33,23,4,2,54,5516,3086,2430,525,1053,4463,6.68457452864394,7.03404104666235,6.24076643209877,6.04689523809524,6.70790598290598,6.67906970647546,223
"221",2020,4,6.56415094339623,53,6.90476190476191,6.340625,6.85714285714286,7,6.49782608695652,21,32,7,7,46,5569,3107,2462,532,1060,4509,6.68342846112408,7.03316725780496,6.24206435012185,6.05755639097745,6.70983490566038,6.67722069194943,224
"222",2020,5,6.94814814814815,54,7.16,6.68333333333333,6,6.11428571428571,7.07234042553192,30,24,2,7,47,5623,3137,2486,534,1067,4556,6.68597067401743,7.0343801944533,6.24632438857603,6.05734082397004,6.70592783505155,6.68129677348551,225
"223",2020,6,6.48958333333333,48,6.94444444444444,5.90476190476191,7.5,7,6.43023255813953,27,21,2,5,43,5671,3164,2507,536,1072,4599,6.68430842884853,7.03361272756005,6.24346327483048,6.06272388059702,6.70729944029851,6.67894935855621,226
"224",2020,7,6.60625,48,6.91212121212121,5.93333333333333,6,6.16666666666667,6.66904761904762,33,15,1,6,42,5719,3197,2522,537,1078,4641,6.6836532785452,7.03235867062871,6.24161872720064,6.0626070763501,6.70429035250464,6.67885975005387,227
"225",2020,8,6.38333333333333,42,6.95909090909091,5.75,5.58333333333333,5.5,6.47631578947368,22,20,6,4,38,5761,3219,2542,543,1082,4679,6.6814638257247,7.03185792792793,6.23775075924469,6.05731123388582,6.6998382624769,6.67721481085702,228
"226",2020,9,6.69787234042553,47,7.18571428571429,5.97894736842105,5.625,8.33333333333333,6.58636363636364,28,19,4,3,44,5808,3247,2561,547,1085,4723,6.68159660812672,7.03318468432399,6.23583070285045,6.05414990859232,6.70435483870968,6.67636843108194,229
"227",2020,10,6.65769230769231,52,7.10384615384615,6.21153846153846,6.25,6.7,6.6531914893617,26,26,8,5,47,5860,3273,2587,555,1090,4770,6.68138448805461,7.03374600366636,6.23558655972169,6.05697297297298,6.70433486238532,6.67614006289308,230
"228",2020,11,6.3365671641791,67,6.62777777777778,5.99838709677419,5.8,6.48,6.31140350877193,36,31,5,10,57,5927,3309,2618,560,1100,4827,6.67748660367808,7.02932930492596,6.23277785714286,6.05467857142857,6.70229545454545,6.67183304329811,231
"229",2020,12,6.61098591549296,71,7.20818181818182,6.09236842105263,4.73333333333333,6.125,6.67269841269841,33,38,6,8,63,5998,3342,2656,566,1108,4890,6.67669941647216,7.03109535308199,6.2307689871988,6.04067137809188,6.69812725631769,6.67184419222904,232
"230",2021,1,6.78134328358209,67,7.05,6.40714285714286,6.33333333333333,7.25,6.76692307692308,39,28,3,2,65,6065,3381,2684,569,1110,4955,6.67785541632316,7.03131341910677,6.23260895305514,6.04221441124781,6.69912162162162,6.67309144298688,233
"231",2021,2,6.48,53,6.64967741935484,6.24090909090909,6.08333333333333,5.5,6.51843137254902,31,22,6,2,51,6118,3412,2706,575,1112,5006,6.67614140241909,7.02784603458382,6.2326764338507,6.04264347826087,6.69696492805755,6.67151580103875,234
"232",2021,3,6.37647692307692,65,6.70502941176471,6.01612903225806,6.66666666666667,7.233875,6.25614035087719,34,31,3,8,57,6183,3446,2737,578,1120,5063,6.67299112081514,7.02466096053395,6.2302237595908,6.04588235294118,6.7008,6.66683944301797,235
"233",2021,4,6.52045454545455,44,6.776,6.18421052631579,5.83333333333333,6,6.5452380952381,25,19,3,2,42,6227,3471,2756,581,1122,5105,6.67191329693271,7.02286997118986,6.22990654208999,6.04478485370052,6.69955080213904,6.66583900097943,236
"234",2021,5,6.67631578947368,38,6.49,6.88333333333333,9,7,6.65833333333333,20,18,1,2,36,6265,3491,2774,582,1124,5141,6.67194,7.01981714981381,6.23414651405912,6.04986254295533,6.70008540925267,6.66578644232639,237
"235",2021,6,6.74770491803279,61,7.15555555555556,6.1604,7.5,6.58571428571429,6.7687037037037,36,25,5,7,54,6326,3527,2799,587,1131,5195,6.67267058172621,7.021202628296,6.23348782779564,6.06221465076661,6.69937754199823,6.66685622714148,238
"236",2021,7,6.5243137254902,51,6.71030303030303,6.18333333333333,6.36,6.78222222222222,6.46904761904762,33,18,5,9,42,6377,3560,2817,592,1140,5237,6.67148409910616,7.01832069382022,6.23316735179269,6.06472972972973,6.70003157894737,6.66526983005537,239
"237",2021,8,6.40909090909091,55,6.81818181818182,6.13636363636364,5.83333333333333,4.75,6.53921568627451,22,33,6,4,51,6432,3582,2850,598,1144,5288,6.66924037624378,7.01709147682859,6.23204646666667,6.06240802675586,6.69321328671329,6.66405410363086,240
"238",2021,9,6.71272727272727,55,6.74,6.68,6.1,7.42857142857143,6.60833333333333,30,25,5,7,48,6487,3612,2875,603,1151,5336,6.66960907969785,7.01479005260244,6.23594171478261,6.06271973466004,6.6976854908775,6.66355286731634,241
"239",2021,10,6.42774647887324,71,6.76219512195122,5.97066666666667,6.11333333333333,5.87857142857143,6.4878125,41,30,9,7,64,6558,3653,2905,612,1158,5400,6.66699056114669,7.01195501505612,6.23320221342513,6.06346405228758,6.69273402417962,6.66147001851852,242
"240",2021,11,6.3625,52,6.81379310344828,5.79347826086957,6.5,5.3,6.47553191489362,29,23,1,5,47,6610,3682,2928,613,1163,5447,6.66459517397882,7.01039426127105,6.2297480976776,6.064176182708,6.68674634565778,6.65986563245823,243
"241",2021,12,6.66764705882353,68,6.94736842105263,6.31333333333333,6,5.33333333333333,6.79677419354839,38,30,4,6,62,6678,3720,2958,617,1169,5509,6.66462625037436,7.00975044892473,6.23059581812035,6.06376012965965,6.6797998289136,6.66140644400072,244
"242",2022,1,6.65405626506024,83,6.983394,6.00714285714286,5,6.4625,6.67448893333333,55,28,1,8,75,6761,3775,2986,618,1177,5584,6.66449649016417,7.00936644768212,6.22850047890154,6.06203883495146,6.67832285471538,6.66158215795129,245
"243",2022,2,6.34050847457627,59,6.70878787878788,5.87307692307692,4,6.525,6.32709090909091,33,26,1,4,55,6820,3808,3012,619,1181,5639,6.66169366129032,7.00676164390756,6.22543241367862,6.05870759289176,6.67780355630821,6.65831969675474,246
"244",2022,3,6.57280701754386,57,7.01875,6.002,6,7.6,6.47403846153846,32,25,5,5,52,6877,3840,3037,624,1186,5691,6.66095692453104,7.006861546875,6.22359316101416,6.05823717948718,6.68169139966273,6.65663587594447,247
"245",2022,4,6.51142857142857,70,6.81666666666667,6.05357142857143,5.28571428571429,7.31666666666667,6.4359375,42,28,7,6,64,6947,3882,3065,631,1192,5755,6.65945023319418,7.00480379701185,6.22203994453508,6.04966719492869,6.68488758389262,6.65418154126846,248
"246",2022,5,6.73220338983051,59,7.090625,6.30740740740741,5.5,6.9375,6.7,32,27,2,8,51,7006,3914,3092,633,1200,5806,6.66006291321724,7.00550545222279,6.22278539133247,6.04793048973144,6.68657166666667,6.65458401136755,249
"247",2022,6,6.627,50,7.30535714285714,5.76363636363636,5.25,5.83333333333333,6.73522727272727,28,22,4,6,44,7056,3942,3114,637,1206,5850,6.65982862386621,7.00763529680365,6.21954156390495,6.04291993720565,6.68232669983416,6.65519055897436,250
"248",2022,7,6.94963636363636,55,6.94848484848485,6.95136363636364,7,6.96363636363636,6.94613636363636,33,22,1,11,44,7111,3975,3136,638,1217,5894,6.6620701406272,7.00714423647799,6.22467551977041,6.04442006269593,6.68486935086278,6.65736253308449,251
"249",2022,8,6.92898305084746,59,7.47241379310345,6.40366666666667,5.76833333333333,5.662,7.0462962962963,29,30,6,5,54,7170,4004,3166,644,1222,5948,6.66426649511855,7.01051407092907,6.22637158243841,6.04184782608696,6.68068412438625,6.6608935390047,252
"250",2022,9,6.84981818181818,55,6.99677419354839,6.66,7,6.2,7.03116279069767,31,24,1,12,43,7225,4035,3190,645,1234,5991,6.66567899930796,7.01040851053284,6.22963399059561,6.04333333333334,6.67600972447326,6.66355112168252,253
"251",2022,10,6.45291671875,64,6.7527084375,6.153125,5.5,7.35714285714286,6.34187140350877,32,32,5,7,57,7289,4067,3222,650,1241,6048,6.66381087117574,7.00838087287927,6.22887412476723,6.03915384615385,6.67985173247381,6.66051941798941,254
"252",2022,11,6.768,75,7.02708333333333,6.30740740740741,4,7,6.73636363636364,48,27,1,9,66,7364,4115,3249,651,1250,6114,6.66487200434546,7.00859903037667,6.2295267559249,6.03602150537635,6.6821568,6.66133814851161,255
"253",2022,12,6.33608893333333,75,6.90714285714286,5.60929303030303,4.33333333333333,5.95,6.39548723076923,42,33,6,10,65,7439,4157,3282,657,1260,6179,6.66155721333512,7.00757397401973,6.22329040219379,6.02047184170472,6.67634603174603,6.65854152937368,256
