"","year","month","avg_rating","no_ratings","avg_rating_owned","avg_rating_not_owned","avg_rating_prev_owned","avg_rating_comment","avg_rating_no_comment","no_ratings_owned","no_ratings_not_owned","no_ratings_prev_owned","no_ratings_comment","no_ratings_no_comment","cum_no_ratings","cum_no_ratings_owned","cum_no_ratings_not_owned","cum_no_ratings_prev_owned","cum_no_ratings_comment","cum_no_ratings_no_comment","cum_avg_rating","cum_avg_rating_owned","cum_avg_rating_not_owned","cum_avg_rating_prev_owned","cum_avg_rating_comment","cum_avg_rating_no_comment","month_after_release"
"1",2009,12,8,1,8,NA,NA,8,NA,1,0,0,1,0,1,1,0,0,1,0,8,8,NA,NA,8,NA,-4
"2",2010,3,3,1,NA,3,NA,NA,3,0,1,0,0,1,2,1,1,0,1,1,5.5,8,3,NA,8,3,-1
"3",2010,4,8.11538461538461,13,8.85714285714286,7.25,NA,8.25,8.05555555555556,7,6,0,4,9,15,8,7,0,5,10,7.76666666666667,8.75,6.64285714285714,NA,8.2,7.55,0
"4",2010,5,7.54714285714286,35,8.55555555555556,6.47941176470588,6.625,7.4375,7.63947368421053,18,17,4,16,19,50,26,24,4,21,29,7.613,8.61538461538461,6.52708333333333,6.625,7.61904761904762,7.60862068965517,1
"5",2010,6,7.58333333333333,21,7.85714285714286,7.03571428571429,7.5,7.15909090909091,8.05,14,7,2,11,10,71,40,31,6,32,39,7.60422535211268,8.35,6.64193548387097,6.91666666666667,7.4609375,7.72179487179487,2
"6",2010,7,7.57169811320755,53,8.21153846153846,6.95555555555556,7.6875,7.72173913043478,7.45666666666667,26,27,8,23,30,124,66,58,14,55,69,7.59032258064516,8.29545454545454,6.78793103448276,7.35714285714286,7.57,7.60652173913043,3
"7",2010,8,7.121875,112,8.31181818181818,5.97368421052632,7.11111111111111,6.74489795918367,7.41507936507937,55,57,9,49,63,236,121,115,23,104,132,7.36800847457627,8.30289256198347,6.38434782608696,7.26086956521739,7.18125,7.51515151515152,4
"8",2010,9,7.36857142857143,70,7.82432432432432,6.85757575757576,6.83333333333333,7.16071428571429,7.50714285714286,37,33,9,28,42,306,158,148,32,132,174,7.36813725490196,8.19082278481013,6.48986486486486,7.140625,7.17689393939394,7.5132183908046,5
"9",2010,10,7.21648351648352,91,8.17045454545454,6.32340425531915,7,7.09210526315789,7.30566037735849,44,47,8,38,53,397,202,195,40,170,227,7.33337531486146,8.18638613861386,6.44974358974359,7.1125,7.15794117647059,7.4647577092511,6
"10",2010,11,7.14732142857143,112,7.95686274509804,6.47049180327869,7.15625,6.92682926829268,7.27464788732394,51,61,16,41,71,509,253,256,56,211,298,7.29243614931238,8.1401185770751,6.4546875,7.125,7.11303317535545,7.41946308724832,7
"11",2010,12,7.34736842105263,76,8.07435897435897,6.58108108108108,7.6,7.94705882352941,7.17457627118644,39,37,5,17,59,585,292,293,61,228,357,7.29957264957265,8.13133561643836,6.47064846416382,7.16393442622951,7.17521929824561,7.37899159663866,8
"12",2011,1,7.19838709677419,93,8.0968085106383,6.2804347826087,7.1125,6.54285714285714,7.48076923076923,47,46,8,28,65,678,339,339,69,256,422,7.28569321533923,8.12654867256637,6.44483775811209,7.15797101449275,7.1060546875,7.3946682464455,9
"13",2011,2,7.22453703703704,108,7.91416666666667,6.3625,7,6.78181818181818,7.41933333333333,60,48,10,33,75,786,399,387,79,289,497,7.27729007633588,8.09461152882206,6.43462532299742,7.1379746835443,7.06903114186851,7.39839034205231,10
"14",2011,3,7.09090909090909,99,7.97659574468085,6.29038461538462,6.8625,6.71666666666667,7.2536231884058,47,52,16,30,69,885,446,439,95,319,566,7.2564406779661,8.08217488789238,6.41753986332574,7.09157894736842,7.0358934169279,7.38074204946996,11
"15",2011,4,7.16145833333333,96,7.61818181818182,6.54878048780488,7.375,6.675,7.32361111111111,55,41,8,24,72,981,501,480,103,343,638,7.24714576962283,8.0312375249501,6.42875,7.11359223300971,7.01064139941691,7.3742946708464,12
"16",2011,5,7.26288659793814,97,7.86190476190476,6.80545454545455,7.35263157894737,7.016,7.34861111111111,42,55,19,25,72,1078,543,535,122,368,710,7.24856215213358,8.01813996316759,6.46747663551402,7.15081967213115,7.01100543478261,7.37169014084507,13
"17",2011,6,7.17571428571429,70,7.78378378378378,6.49393939393939,6.36363636363636,6.57954545454545,7.44895833333333,37,33,11,22,48,1148,580,568,133,390,758,7.24412020905923,8.00318965517242,6.46901408450704,7.08571428571428,6.98666666666667,7.37658311345647,14
"18",2011,7,7.27222222222222,90,8.04230769230769,6.21842105263158,7.03846153846154,7.225,7.28939393939394,52,38,13,24,66,1238,632,606,146,414,824,7.24616316639742,8.0064082278481,6.453300330033,7.08150684931507,7.00048309178744,7.36959951456311,15
"19",2011,8,7.26931818181818,132,7.9725,6.1875,6.80769230769231,7.2972972972973,7.25842105263158,80,52,13,37,95,1370,712,658,159,451,919,7.24839416058394,8.00259831460674,6.43229483282675,7.05911949685535,7.02483370288248,7.35810663764962,16
"20",2011,9,7.43541666666667,96,7.85098039215686,6.96444444444444,7.4,7.48076923076923,7.41857142857143,51,45,15,26,70,1466,763,703,174,477,989,7.2606412005457,7.99246395806029,6.46635846372688,7.08850574712644,7.04968553459119,7.3623862487361,17
"21",2011,10,7.065,120,7.69333333333333,6.43666666666667,7.25,7.05810810810811,7.06807228915663,60,60,10,37,83,1586,823,763,184,514,1072,7.24583858764186,7.97065613608749,6.46402359108781,7.09728260869565,7.05029182879377,7.33959888059702,18
"22",2011,11,7.26020408163265,147,8.00294117647059,6.62088607594937,7.14705882352941,7.33103448275862,7.24279661016949,68,79,17,29,118,1733,891,842,201,543,1190,7.24705712637045,7.97312008978676,6.47874109263658,7.10149253731343,7.06528545119705,7.33,19
"23",2011,12,7.51771653543307,127,7.97647058823529,6.58928571428571,6.86111111111111,7.25,7.59343434343434,85,42,9,28,99,1860,976,884,210,571,1289,7.2655376344086,7.9734118852459,6.48399321266968,7.09119047619048,7.07434325744308,7.35023273855702,20
"24",2012,1,7.48424242424242,165,8.0275,6.64846153846154,6.57142857142857,7.83076923076923,7.37698412698413,100,65,14,39,126,2025,1076,949,224,610,1415,7.28335802469136,7.97843866171004,6.49525816649104,7.05870535714286,7.12270491803279,7.3526148409894,21
"25",2012,2,7.33070175438596,114,7.77101449275362,6.65555555555556,6.41666666666667,7.5,7.28068181818182,69,45,12,26,88,2139,1145,994,236,636,1503,7.28588125292193,7.96593886462882,6.50251509054326,7.0260593220339,7.13812893081761,7.34840319361278,22
"26",2012,3,7.30640625,96,7.79049019607843,6.75777777777778,7.16153846153846,7.35689655172414,7.28455223880597,51,45,13,29,67,2235,1196,1039,249,665,1570,7.28676286353467,7.95845735785953,6.51357074109721,7.03313253012048,7.14766917293233,7.34567834394905,23
"27",2012,4,7.38482142857143,112,7.89411764705882,6.59772727272727,6.88666666666667,6.85,7.48723404255319,68,44,15,18,94,2347,1264,1083,264,683,1664,7.29144226672348,7.9549960443038,6.51698984302862,7.0248106060606,7.1398243045388,7.35367487980769,24
"28",2012,5,7.54468085106383,94,7.90081967213115,6.88636363636364,7.1875,7.61923076923077,7.51617647058824,61,33,8,26,68,2441,1325,1116,272,709,1732,7.301194182712,7.95250188679245,6.52791218637993,7.02959558823529,7.1574047954866,7.36005484988453,25
"29",2012,6,7.30151515151515,99,7.78965517241379,6.6109756097561,7.86363636363636,6.72608695652174,7.47565789473684,58,41,11,23,76,2540,1383,1157,283,732,1808,7.30120669291338,7.94567245119306,6.53085566119274,7.06201413427562,7.14385245901639,7.36491426991151,26
"30",2012,7,7.59178461538462,130,7.8421686746988,7.1496170212766,7.53571428571429,7.63757142857143,7.57921568627451,83,47,14,28,102,2670,1466,1204,297,760,1910,7.31535468164794,7.93981241473397,6.55500996677741,7.08434343434343,7.16204210526316,7.37635863874346,27
"31",2012,8,7.50592857142857,140,7.92168674698795,6.90052631578947,7.08333333333333,7.31730769230769,7.54894736842105,83,57,12,26,114,2810,1549,1261,309,786,2024,7.32484946619217,7.93884118786314,6.57062807295797,7.08430420711974,7.16717811704835,7.38607954545455,28
"32",2012,9,7.13913043478261,115,7.90409836065574,6.275,6.39642857142857,7.00172413793103,7.18546511627907,61,54,14,29,86,2925,1610,1315,323,815,2110,7.31754769230769,7.9375248447205,6.55848821292776,7.05448916408669,7.16129079754601,7.3779028436019,29
"33",2012,10,7.35283018867925,106,7.95833333333333,6.56304347826087,6.72222222222222,7.35952380952381,7.35117647058824,60,46,9,21,85,3031,1670,1361,332,836,2195,7.31878159023425,7.93827245508982,6.55864217487142,7.04548192771084,7.16627033492823,7.37686788154898,30
"34",2012,11,7.08373015873016,126,7.74850746268657,6.32881355932203,7.15,6.25,7.25047619047619,67,59,10,21,105,3157,1737,1420,342,857,2300,7.3094003801077,7.93095279217041,6.54909295774648,7.04853801169591,7.14381796966161,7.37109782608696,31
"35",2012,12,7.47404580152672,131,8.02337662337662,6.69074074074074,6.57142857142857,7.46875,7.47575757575758,77,54,21,32,99,3288,1814,1474,363,889,2399,7.31596015815085,7.93487596471885,6.55428222523745,7.02093663911846,7.15551406074241,7.37541684035015,32
"36",2013,1,7.52375,160,7.98817204301075,6.87910447761194,7.07058823529412,7.67241379310345,7.49083969465649,93,67,17,29,131,3448,1907,1541,380,918,2530,7.32560237819025,7.93747509176717,6.56840493186243,7.02315789473684,7.1718431372549,7.38139328063241,33
"37",2013,2,7.13366336633663,101,7.94705882352941,6.304,6.26923076923077,6.94375,7.16941176470588,51,50,13,16,85,3549,1958,1591,393,934,2615,7.32014003944773,7.93772471910112,6.56009553739786,6.99821882951654,7.16793576017131,7.37450286806883,34
"38",2013,3,7.25782608695652,115,7.86120689655172,6.64385964912281,6.5,7.04782608695652,7.31032608695652,58,57,14,23,92,3664,2016,1648,407,957,2707,7.31818422489083,7.93552331349206,6.5629927184466,6.98108108108108,7.16504911180773,7.37232175840414,35
"39",2013,4,7.22241379310345,116,7.7125,6.765,6.4625,6.759375,7.2965,56,60,8,16,100,3780,2072,1708,415,973,2807,7.31524523809524,7.92949565637066,6.57008899297424,6.9710843373494,7.15837821171634,7.3696205913787,36
"40",2013,5,7.31467889908257,109,7.59130434782609,6.8375,7.27272727272727,7.06666666666667,7.38470588235294,69,40,11,24,85,3889,2141,1748,426,997,2892,7.31522936487529,7.91859645025689,6.57620823798627,6.97887323943662,7.15617051153461,7.37006396957123,37
"41",2013,6,7.59742268041237,97,8.00267857142857,7.04390243902439,7.075,7.82708333333333,7.52191780821918,56,41,14,24,73,3986,2197,1789,440,1021,2965,7.3220965880582,7.92073964497042,6.58692677473449,6.98193181818182,7.17194123408423,7.37380269814503,38
"42",2013,7,7.22887096774194,124,7.9158064516129,6.54193548387097,7.125,7.60869565217391,7.14237623762376,62,62,14,23,101,4110,2259,1851,454,1044,3066,7.31928394160584,7.92060424966799,6.58541977309562,6.9863436123348,7.18156321839081,7.36617906066536,39
"43",2013,8,7.40442477876106,113,7.85072463768116,6.70454545454545,7.21428571428571,7.44117647058824,7.39791666666667,69,44,14,17,96,4223,2328,1895,468,1061,3162,7.32156215960218,7.91853307560137,6.58818575197889,6.99316239316239,7.18572290292177,7.36714263124605,40
"44",2013,9,7.31485507246377,138,7.75654761904762,6.62777777777778,6.85882352941176,7.43461538461538,7.28705357142857,84,54,17,26,112,4361,2412,1949,485,1087,3274,7.32134991974318,7.91289179104478,6.58928270908158,6.98845360824742,7.19167617295308,7.36440287110568,41
"45",2013,10,7.14323308270677,133,7.88770491803279,6.5125,6.76315789473684,6.79259259259259,7.23254716981132,61,72,19,27,106,4494,2473,2021,504,1114,3380,7.31607854917668,7.91227052163364,6.58654725383474,6.97996031746032,7.18200359066427,7.36026775147929,42
"46",2013,11,7.2796875,128,7.79342105263158,6.52884615384615,6.15,7.31964285714286,7.2685,76,52,12,28,100,4622,2549,2073,516,1142,3480,7.31507074859368,7.90872695174578,6.5850998552822,6.96065891472868,7.18537828371279,7.35763074712644,43
"47",2013,12,7.24009433962264,106,7.93145161290323,6.26590909090909,6.19230769230769,7.43809523809524,7.19117647058824,62,44,13,21,85,4728,2611,2117,529,1163,3565,7.31338980541455,7.90926656453466,6.57846575342466,6.94177693761815,7.18994153052451,7.35366199158485,44
"48",2014,1,7.04711111111111,180,7.726,6.09666666666667,6.42631578947368,6.85357142857143,7.08276315789474,105,75,19,28,152,4908,2716,2192,548,1191,3717,7.30362408312959,7.90218151693667,6.56198083941606,6.92390510948905,7.1820335852225,7.34258407317729,45
"49",2014,2,7.41318181818182,110,7.89621212121212,6.68863636363636,7.55714285714286,8.05,7.25397727272727,66,44,14,22,88,5018,2782,2236,562,1213,3805,7.30602570745317,7.90203989935298,6.56447316636851,6.93967971530249,7.19777576257214,7.34053482260184,46
"50",2014,3,7.46340206185567,97,8.16696428571429,6.50243902439024,6.67647058823529,7.45666666666667,7.46463414634146,56,41,17,15,82,5115,2838,2277,579,1228,3887,7.30901016617791,7.90726744186047,6.56335617039965,6.93195164075993,7.20093811074919,7.34315281708258,47
"51",2014,4,6.79929577464789,71,7.47647058823529,6.17702702702703,6.4,6.64285714285714,6.83771929824561,34,37,10,14,57,5186,2872,2314,589,1242,3944,7.30203181642885,7.90216747910864,6.55717891097666,6.92292020373514,7.19464734299517,7.33584812373225,48
"52",2014,5,7.30205882352941,68,7.91384615384615,6.47931034482759,6.0625,6.85416666666667,7.39803571428571,39,29,8,12,56,5254,2911,2343,597,1254,4000,7.30203216596879,7.90232394366197,6.55621510883483,6.91139028475712,7.19138915470495,7.33671875,49
"53",2014,6,7.01052631578947,76,7.57692307692308,6.41351351351351,7.06666666666667,6.625,7.11333333333333,39,37,15,16,60,5330,2950,2380,612,1270,4060,7.2978756097561,7.89802203389831,6.55399663865546,6.91519607843137,7.18425354330709,7.33341748768473,50
"54",2014,7,7.20891089108911,101,7.72075471698113,6.64375,6.84375,7.66666666666667,7.10963855421687,53,48,16,18,83,5431,3003,2428,628,1288,4143,7.29622113791199,7.89489343989344,6.55577100494234,6.91337579617834,7.19099534161491,7.32893434709148,51
"55",2014,8,7.10085714285714,105,7.57661290322581,6.41488372093023,6.55555555555556,7.51875,7.02573033707865,62,43,9,16,89,5536,3065,2471,637,1304,4232,7.29251571531792,7.88845513866232,6.55331930392554,6.90832025117739,7.19501687116565,7.32255789224953,52
"56",2014,9,7.13611111111111,90,8.0063829787234,6.18488372093023,6.89444444444444,6.75833333333333,7.23055555555556,47,43,18,18,72,5626,3112,2514,655,1322,4304,7.29001368645574,7.89023618251928,6.54701750198886,6.90793893129771,7.18907110438729,7.3210188197026,53
"57",2014,10,7.31542056074766,107,7.90238095238095,6.475,6.79375,7.39473684210526,7.29829545454545,63,44,16,19,88,5733,3175,2558,671,1341,4392,7.29048787720216,7.89047716535433,6.54577873338546,6.90521609538003,7.1919850857569,7.32056352459016,54
"58",2014,11,7.06904761904762,126,7.39402985074627,6.7,6.90416666666667,7.18636363636364,7.04423076923077,67,59,24,22,104,5859,3242,2617,695,1363,4496,7.28572572111282,7.88021745835904,6.54925563622468,6.90517985611511,7.19189435069699,7.31417148576512,55
"59",2014,12,7.24581818181818,110,7.72914285714286,6.4,6.4,7.34285714285714,7.22292134831461,70,40,15,21,89,5969,3312,2657,710,1384,4585,7.2849902831295,7.87702445652174,6.54700865637937,6.89450704225352,7.19418497109827,7.31240021810251,56
"60",2015,1,7.43475177304965,141,8.17337662337662,6.54609375,6.83,7.47407407407407,7.42543859649123,77,64,20,27,114,6110,3389,2721,730,1411,4699,7.28844631751227,7.88375774564768,6.54698713708195,6.8927397260274,7.19954075124026,7.31514258352841,57
"61",2015,2,7.31111214953271,107,7.91121052631579,6.627,6.77941176470588,7.20817647058823,7.33055555555556,57,50,17,17,90,6217,3446,2771,747,1428,4789,7.28883641627795,7.88421183981428,6.54843089137495,6.89016064257028,7.19964355742297,7.31543224055126,58
"62",2015,3,7.19257425742574,101,7.77946428571429,6.46222222222222,7.275,6.96944444444444,7.24096385542169,56,45,12,18,83,6318,3502,2816,759,1446,4872,7.28729756251978,7.88253683609366,6.54705326704545,6.89624505928854,7.19677800829876,7.31416358784893,59
"63",2015,4,7.05104166666667,96,7.45625,6.64583333333333,6.5,7.13913043478261,7.02328767123288,48,48,18,23,73,6414,3550,2864,777,1469,4945,7.28376145930776,7.87677295774648,6.54870879888268,6.88706563706564,7.1958754254595,7.30986956521739,60
"64",2015,5,7.04887640449438,89,7.53367346938775,6.455,7.22727272727273,7.27380952380952,6.97941176470588,49,40,11,21,68,6503,3599,2904,788,1490,5013,7.28054682454252,7.87210169491525,6.54741804407713,6.89181472081218,7.19697382550336,7.30538699381608,61
"65",2015,6,7.19825581395349,86,8.00208333333333,6.18289473684211,6.03529411764706,7.2047619047619,7.19615384615385,48,38,17,21,65,6589,3647,2942,805,1511,5078,7.27947275762635,7.87381244858788,6.54270972127804,6.87372670807454,7.19708206485771,7.30398877510831,62
"66",2015,7,7.21306818181818,88,7.765,6.48684210526316,7.03846153846154,6.90238095238095,7.31044776119403,50,38,13,21,67,6677,3697,2980,818,1532,5145,7.27859757376067,7.87234081687855,6.54199731543624,6.87634474327629,7.19304242819844,7.30407288629737,63
"67",2015,8,7.08478260869565,115,7.77611940298508,6.11979166666667,6.63333333333333,7.03125,7.09343434343434,67,48,15,16,99,6792,3764,3028,833,1548,5244,7.27531595995289,7.87062805526036,6.53530449141347,6.87196878751501,7.19137015503876,7.30009630053394,64
"68",2015,9,7.195,98,8.03,6.25108695652174,6.71666666666667,7.62666666666667,7.07727272727273,52,46,15,21,77,6890,3816,3074,848,1569,5321,7.27417358490566,7.8727997903564,6.53105139882889,6.86922169811321,7.19719630337795,7.29687182860364,65
"69",2015,10,6.97079831932773,119,7.4975,6.21836734693878,5.89333333333333,6.71928571428571,7.02469387755102,70,49,15,21,98,7009,3886,3123,863,1590,5419,7.26902282779284,7.86603937210499,6.52614537303874,6.85225955967555,7.19088427672956,7.29194962170142,66
"70",2015,11,7.05467153284672,137,7.62787878787879,6.52183098591549,6.16666666666667,7.09333333333333,7.04383177570093,66,71,15,30,107,7146,3952,3194,878,1620,5526,7.26491337811363,7.86206199392713,6.52604946775203,6.84054669703873,7.18907777777778,7.28714531306551,67
"71",2015,12,7.24234482758621,145,7.69694117647059,6.59833333333333,6.69047619047619,6.958,7.31652173913043,85,60,21,30,115,7291,4037,3254,899,1650,5641,7.26446454532986,7.85858533564528,6.52738229870928,6.83704115684094,7.18487636363636,7.28774419429179,68
"72",2016,1,7.068,150,7.69195402298851,6.20634920634921,7.02272727272727,7.13684210526316,7.05801526717557,87,63,22,19,131,7441,4124,3317,921,1669,5772,7.26050409891144,7.85507007759457,6.52128489599035,6.8414766558089,7.1843295386459,7.28253031878032,69
"73",2016,2,7.13041666666667,120,7.54225352112676,6.53367346938775,6.78125,6.65,7.17889908256881,71,49,16,11,109,7561,4195,3366,937,1680,5881,7.25843949213067,7.84977568533969,6.52146524064171,6.84044823906083,7.18083095238095,7.28060959020575,70
"74",2016,3,7.48282828282828,99,8.03090909090909,6.79772727272727,6.73529411764706,8.00294117647059,7.375,55,44,17,17,82,7660,4250,3410,954,1697,5963,7.26133955613577,7.85211976470588,6.52502991202346,6.83857442348009,7.18906658809664,7.28190759684722,71
"75",2016,4,7.06290909090909,110,7.42970588235294,6.46904761904762,6.44,7.2335,7.025,68,42,15,20,90,7770,4318,3452,969,1717,6053,7.25853037323037,7.84546757758222,6.52434878331402,6.83240454076368,7.18958415841584,7.27808772509499,72
"76",2016,5,7.38805555555556,108,7.88493150684932,6.35171428571429,6.98538461538462,7.356,7.39771084337349,73,35,13,25,83,7878,4391,3487,982,1742,6136,7.26030604214268,7.84612366203598,6.52261600229424,6.83442973523422,7.19197244546498,7.27970583441982,73
"77",2016,6,7.29545454545455,88,7.90943396226415,6.36571428571429,6.33333333333333,7.43333333333333,7.26712328767123,53,35,12,15,73,7966,4444,3522,994,1757,6209,7.26069432588501,7.84687871287129,6.52105678591709,6.82838028169014,7.19403301081389,7.27955789982284,74
"78",2016,7,7.06404958677686,121,7.58253968253968,6.50086206896552,6.81666666666667,7.51190476190476,6.97,63,58,27,21,100,8087,4507,3580,1021,1778,6309,7.25775207122542,7.84318371422232,6.52072960893855,6.82807051909892,7.1977874015748,7.27465129180536,75
"79",2016,8,7.24034482758621,145,7.60617283950617,6.77734375,6.92,6.87241379310345,7.3323275862069,81,64,25,29,116,8232,4588,3644,1046,1807,6425,7.25744545675413,7.83899934612031,6.5252365532382,6.83026768642448,7.19256557830659,7.27569260700389,76
"80",2016,9,7.09969,110,7.76661290322581,6.23824791666667,6.39285714285714,7.03846153846154,7.10789587628866,62,48,14,13,97,8342,4650,3692,1060,1820,6522,7.25536524814193,7.83803419354839,6.5215053900325,6.82449056603774,7.19146483516483,7.2731970101196,77
"81",2016,10,7.07068965517241,145,7.38333333333333,6.64016393442623,6.77894736842105,7,7.082,84,61,19,20,125,8487,4734,3753,1079,1840,6647,7.25221007423118,7.82996599070553,6.52343402611244,6.82368860055607,7.18938369565217,7.26960145930495,78
"82",2016,11,7.1876,125,7.73266666666667,6.37,7.4,7.0125,7.23814432989691,75,50,15,28,97,8612,4809,3803,1094,1868,6744,7.25127228286112,7.82844853399875,6.52141674993426,6.83159049360146,7.18673233404711,7.26914900652432,79
"83",2016,12,7.21111111111111,135,7.77625,6.38909090909091,6.40277777777778,7.04782608695652,7.24464285714286,80,55,18,23,112,8747,4889,3858,1112,1891,6856,7.25065244083686,7.82759439558192,6.51953030067392,6.82464928057554,7.18504283447911,7.26874867269545,80
"84",2017,1,7.17746478873239,142,7.62558139534884,6.48928571428571,6.35454545454545,7.1625,7.18181818181818,86,56,22,32,110,8889,4975,3914,1134,1923,6966,7.24948328270897,7.82410231155779,6.51909757281553,6.8155291005291,7.18466770670827,7.26737595463681,81
"85",2017,2,7.22056451612903,124,7.91736111111111,6.25576923076923,6.58181818181818,6.796875,7.28333333333333,72,52,22,16,108,9013,5047,3966,1156,1939,7074,7.24908542105847,7.82543273231623,6.51564495713565,6.8110813148789,7.18146776689015,7.26761957873904,82
"86",2017,3,7.23661548672566,113,7.7672131147541,6.61418365384615,6.76923076923077,7.16470588235294,7.24934947916667,61,52,13,17,96,9126,5108,4018,1169,1956,7170,7.24893101577909,7.8247374706343,6.51692022150324,6.81061591103507,7.18132208588957,7.267374958159,83
"87",2017,4,7.39314814814815,108,7.74746666666667,6.58787878787879,6.21428571428571,7.3875,7.39443181818182,75,33,14,20,88,9234,5183,4051,1183,1976,7258,7.25061776586528,7.82361933243295,6.51749825968897,6.80355874894337,7.18340890688259,7.26891546569303,84
"88",2017,5,7.01454545454545,99,7.86851851851852,5.98977777777778,6.2375,6.03214285714286,7.17635294117647,54,45,8,14,85,9333,5237,4096,1191,1990,7343,7.24811362370085,7.82408229902616,6.51170054931641,6.79975650713686,7.17530954773869,7.26784399428027,85
"89",2017,6,7.10869565217391,92,7.55454545454545,6.44594594594595,6.7,6.92727272727273,7.13333333333333,55,37,10,11,81,9425,5292,4133,1201,2001,7424,7.24675272679045,7.82128099017385,6.51111189208807,6.79892589508743,7.17394602698651,7.26637640759698,86
"90",2017,7,7.1704347826087,115,7.76212121212121,6.3734693877551,6.51764705882353,7.23529411764706,7.15918367346939,66,49,17,17,98,9540,5358,4182,1218,2018,7522,7.24583275157233,7.82055225830534,6.50949915112386,6.795,7.17446283448959,7.26497985243286,87
"91",2017,8,6.98848214285714,112,7.70806451612903,6.0962,6.47705882352941,6.84761904761905,7.02098901098901,62,50,17,21,91,9652,5420,4232,1235,2039,7613,7.24284650331538,7.81926549815498,6.50461612712665,6.79062348178138,7.17109661598823,7.26206337186392,88
"92",2017,9,7.29247524752475,101,7.74240740740741,6.77553191489362,6.67647058823529,7.26,7.30049382716049,54,47,17,20,81,9753,5474,4279,1252,2059,7694,7.24336044806726,7.81850730727073,6.50759183220379,6.78907348242812,7.17196017484216,7.26246795554978,89
"93",2017,10,6.85380952380952,105,7.67583333333333,5.75777777777778,5.4,7.21875,6.78820224719101,60,45,10,16,89,9858,5534,4324,1262,2075,7783,7.23921124467438,7.81696042645464,6.49978849444958,6.77806656101426,7.17232096385542,7.25704464216883,90
"94",2017,11,7.28701923076923,104,7.9,6.38214285714286,5.875,7.14772727272727,7.32439024390244,62,42,8,22,82,9962,5596,4366,1270,2097,7865,7.23971034430837,7.81788045032166,6.49865676820889,6.77237795275591,7.17206294706724,7.25774678321678,91
"95",2017,12,7.05625,128,7.94857142857143,5.97931034482759,5.46666666666667,7.15869565217391,7.03380952380952,70,58,15,23,105,10090,5666,4424,1285,2120,7970,7.23738299801784,7.81949505824215,6.49184797694394,6.75713618677043,7.1719179245283,7.25479654328733,92
"96",2018,1,7.36590963855422,166,8.05801111111111,6.54631578947368,6.4,7.73846153846154,7.29672142857143,90,76,15,26,140,10256,5756,4500,1300,2146,8110,7.2394632849064,7.82322446143155,6.49276787777778,6.75301538461539,7.17878191985089,7.25552027743526,93
"97",2018,2,7.17803738317757,107,7.78857142857143,6.50764705882353,6.795,7.0016,7.23182926829268,56,51,10,25,82,10363,5812,4551,1310,2171,8192,7.23882905046801,7.82289057123193,6.49293461876511,6.7533358778626,7.17674159373561,7.25528313598633,94
"98",2018,3,7.01276595744681,94,7.28095238095238,6.79615384615385,6.7,6.73529411764706,7.07402597402597,42,52,13,17,77,10457,5854,4603,1323,2188,8269,7.23679692550445,7.81900239152716,6.49636008038236,6.75281179138322,7.17331170018282,7.25359528963599,95
"99",2018,4,7.11157894736842,95,7.82391304347826,6.44285714285714,6.35714285714286,7.275,7.07848101265823,46,49,7,16,79,10552,5900,4652,1330,2204,8348,7.23566958396513,7.8190406779661,6.49579652837489,6.75072932330827,7.1740499092559,7.25193812290369,96
"100",2018,5,7.02235294117647,85,7.80204081632653,5.96111111111111,7,7.76923076923077,6.8875,49,36,5,13,72,10637,5949,4688,1335,2217,8420,7.23396497602708,7.81890065557237,6.49169058233788,6.75166292134832,7.1775399188092,7.24882178741093,97
"101",2018,6,7.1865,80,8.1,6.07,5.8025,7.52380952380952,7.0664406779661,44,36,8,21,59,10717,5993,4724,1343,2238,8479,7.23361066063264,7.82096445853496,6.48847702159187,6.74600893521966,7.1807890974084,7.24755271258403,98
"102",2018,7,7.30939024390244,82,7.60833333333333,6.88735294117647,7.5625,7.69375,7.21621212121212,48,34,8,16,66,10799,6041,4758,1351,2254,8545,7.23418607741458,7.81927495447774,6.49132733291299,6.75084381939304,7.18443034605147,7.24731064365126,99
"103",2018,8,6.96888888888889,90,7.53617021276596,6.34883720930233,5.09090909090909,5.95833333333333,7.12435897435897,47,43,11,12,78,10889,6088,4801,1362,2266,8623,7.23199333731288,7.81708935611038,6.49005112476567,6.7374375917768,7.17793733451015,7.2461984750087,100
"104",2018,9,7.27216494845361,97,7.92727272727273,6.72830188679245,6.4,7.29166666666667,7.26941176470588,44,53,15,12,85,10986,6132,4854,1377,2278,8708,7.23234802931003,7.81787997390737,6.49265254429336,6.7337618010167,7.17853643546971,7.24642506316031,101
"105",2018,10,7.30659793814433,97,7.77525423728814,6.57894736842105,6.18181818181818,7.80769230769231,7.22904761904762,59,38,11,13,84,11083,6191,4892,1388,2291,8792,7.23299787512406,7.81747375222097,6.49332286385936,6.72938760806917,7.18210650371017,7.2462590366242,102
"106",2018,11,7.24754901960784,102,7.9075,6.3047619047619,6.1,6.844,7.37857142857143,60,42,13,25,77,11185,6251,4934,1401,2316,8869,7.2331305721949,7.81833786594145,6.49171776449128,6.72354746609565,7.17845682210708,7.2474077629947,103
"107",2018,12,7.29506172839506,81,7.78604651162791,6.73947368421053,6.25555555555556,6.9,7.35070422535211,43,38,9,10,71,11266,6294,4972,1410,2326,8940,7.23357584324516,7.81811725452812,6.49361131335478,6.72056028368794,7.17725967325882,7.24822812639821,104
"108",2019,1,7.1413387704918,122,7.78372544117647,6.33240740740741,6.67105263157895,6.51086956521739,7.28781141414141,68,54,19,23,99,11388,6362,5026,1429,2349,9039,7.23258770460133,7.81774965891229,6.49187931754874,6.71990202939118,7.17073478075777,7.24866166390087,105
"109",2019,2,7.30549450549451,91,7.74583333333333,6.81395348837209,6.82857142857143,7.70588235294118,7.21351351351351,48,43,7,17,74,11479,6410,5069,1436,2366,9113,7.23316567471034,7.81721112792512,6.49461145196291,6.72043175487465,7.17457988165681,7.24837625150883,106
"110",2019,3,7.39829545454545,88,7.97021276595745,6.74268292682927,6.67142857142857,7.54166666666667,7.36142857142857,47,41,14,18,70,11567,6457,5110,1450,2384,9183,7.2344219572923,7.81832481492954,6.49660184931506,6.71995862068966,7.17735151006712,7.24923802461069,107
"111",2019,4,7.13932362318841,69,7.93135135135135,6.2235415625,5.90444416666667,7,7.15505370967742,37,32,12,7,62,11636,6494,5142,1462,2391,9245,7.23385803626676,7.81896879119187,6.4949025243096,6.71326493160055,7.17683228774571,7.24860639372634,108
"112",2019,5,7.34583333333333,72,7.8093023255814,6.65862068965517,7.3625,7.27692307692308,7.36101694915254,43,29,8,13,59,11708,6537,5171,1470,2404,9304,7.23454664417492,7.81890520575188,6.49582068845484,6.71679818367347,7.17737354409318,7.24931922936371,109
"113",2019,6,7.00779220779221,77,7.67948717948718,6.31842105263158,6.80909090909091,7.02222222222222,7.00588235294118,39,38,11,9,68,11785,6576,5209,1481,2413,9372,7.23306509206618,7.81807836526764,6.49452654636206,6.71748367994598,7.17679486116867,7.24755293533931,110
"114",2019,7,7.20053191489362,94,7.80892857142857,6.30394736842105,5.97727272727273,7.64642857142857,7.1225,56,38,11,14,80,11879,6632,5247,1492,2427,9452,7.23280765300109,7.81800110524729,6.49314632742519,6.71202636058981,7.17950391429749,7.24649451015658,111
"115",2019,8,7.1364263963964,111,7.81423728813559,6.36737173076923,6.310222,7.24777777777778,7.11487451612903,59,52,15,18,93,11990,6691,5299,1507,2445,9545,7.23191538281902,7.8179679166044,6.49191207963766,6.70802698075647,7.18000654396728,7.2452120942902,112
"116",2019,9,7.335,88,7.95254901960784,6.48378378378378,6.86666666666667,6.92666666666667,7.41890410958904,51,37,3,15,73,12078,6742,5336,1510,2460,9618,7.23266645471104,7.81898595817265,6.49185571776611,6.7083421589404,7.17846178861789,7.24653040548971,113
"117",2019,10,7.265,106,7.90229508196721,6.40111111111111,6.5,7.086875,7.29666666666667,61,45,9,16,90,12184,6803,5381,1519,2476,9708,7.23294775443204,7.81973296045862,6.49109684259431,6.70710774193548,7.17786995153473,7.2469952039555,114
"118",2019,11,7.4156914893617,94,7.94166666666667,6.60540540540541,6.48571428571429,8.23333333333333,7.26044303797468,57,37,7,15,79,12278,6860,5418,1526,2491,9787,7.23434683498941,7.8207461122449,6.49187746585456,6.70609217562254,7.18422561220394,7.24710375395933,115
"119",2019,12,7.21584158415842,101,7.65,6.63023255813953,6.5,7.54375,7.15411764705882,58,43,7,16,85,12379,6918,5461,1533,2507,9872,7.23419585103805,7.81931458947673,6.49296687603003,6.70515111545988,7.18652014359793,7.24630312398703,116
"120",2020,1,7.49350649350649,154,8.33,6.58918918918919,6.93529411764706,7.795,7.44850746268657,80,74,17,20,134,12533,6998,5535,1550,2527,10006,7.23738214633368,7.8251526621892,6.49425331707317,6.70767526451613,7.19133597150772,7.24901103737757,117
"121",2020,2,7.611,130,8.0059556,7.07242418181818,7.0777775,8.09090909090909,7.51324074074074,75,55,12,22,108,12663,7073,5590,1562,2549,10114,7.24121775566611,7.82706984306518,6.4999419391771,6.71051855953905,7.19910003923107,7.25183255289697,118
"122",2020,3,7.10891089108911,101,7.50423728813559,6.55357142857143,6.51388888888889,7.92727272727273,7.00888888888889,59,42,18,11,90,12764,7132,5632,1580,2560,10204,7.24017082732686,7.82439918676388,6.500341875,6.70827847468354,7.20222890625,7.24968977263818,119
"123",2020,4,7.16818181818182,99,7.94910714285714,6.15116279069767,5.16666666666667,6.765,7.27025316455696,56,43,9,20,79,12863,7188,5675,1589,2580,10283,7.2396167643629,7.82537075681692,6.49769611277533,6.69954687853996,7.19883953488372,7.24984775260138,120
"124",2020,5,6.68314606741573,89,7.58378378378378,6.04230769230769,4.6875,6.09090909090909,6.76666666666667,37,52,8,11,78,12952,7225,5727,1597,2591,10361,7.23579296170475,7.82413356401384,6.4935612781561,6.68946774577332,7.19413585488229,7.2462102538365,121
"125",2020,6,7.42179487179487,78,8.2,6.36060606060606,5.5,7.61111111111111,7.39710144927536,45,33,6,9,69,13030,7270,5760,1603,2600,10430,7.2369064036838,7.82646011004127,6.49279955555555,6.68501558951965,7.19557923076923,7.24720847938638,122
"126",2020,7,7.55266055045872,109,7.98507462686567,6.86285714285714,6.37166666666667,7.7795652173913,7.49197674418605,67,42,6,23,86,13139,7337,5802,1609,2623,10516,7.23952587259304,7.82790854572714,6.49547835918648,6.68384710379117,7.20069996187572,7.24921019779384,123
"127",2020,8,7.26612182692308,104,8.1092398245614,6.2436170212766,6.44444444444444,7.47045454545455,7.21130085365854,57,47,9,22,82,13243,7394,5849,1618,2645,10598,7.23973473608699,7.83007731539086,6.49345451188237,6.68251544499382,7.20294366729679,7.24891688148707,124
"128",2020,9,7.4945179338843,121,8.36803278688525,6.6064445,6.65454545454545,7.95952380952381,7.3968667,61,60,11,21,100,13364,7455,5909,1629,2666,10698,7.24204158784795,7.83447909725017,6.49460181248942,6.68232657458563,7.20890322580645,7.25029984856982,125
"129",2020,10,7.34591836734694,98,8.15,6.35909090909091,6.62222222222222,7.45454545454545,7.33218390804598,54,44,9,11,87,13462,7509,5953,1638,2677,10785,7.24279778487595,7.83674812491677,6.49360022005711,6.68199633089133,7.20991258871872,7.25096038757533,126
"130",2020,11,7.37231343283582,134,7.85061728395062,6.64132075471698,7.34615384615385,7.04545454545455,7.43651785714286,81,53,13,22,112,13596,7590,6006,1651,2699,10897,7.24407427037364,7.83689613570488,6.49490378121878,6.68722591762568,7.20857206372731,7.2528675580435,127
"131",2020,12,7.07752,125,7.68453333333333,6.167,5.93,7.5625,7.00633027522936,75,50,10,16,109,13721,7665,6056,1661,2715,11006,7.24255694045623,7.83540530593607,6.4921965175033,6.68266706201084,7.21065782688766,7.250425929493,128
"132",2021,1,7.37312020547945,146,7.81433202247191,6.68421052631579,7.16666666666667,7.40833333333333,7.36619303278689,89,57,15,24,122,13867,7754,6113,1676,2739,11128,7.2439315879426,7.83516342790818,6.49398693113037,6.68699880071599,7.21238992332968,7.25169512311287,129
"133",2021,2,7.47256944444444,144,7.98571428571429,6.75416666666667,6.44230769230769,7.35833333333333,7.49541666666667,84,60,13,24,120,14011,7838,6173,1689,2763,11248,7.24628144529298,7.83677688440929,6.49651581240887,6.68511544701006,7.21365761853058,7.25429528182788,130
"134",2021,3,7.25517410447761,134,7.889916625,6.31481481481481,6.44444444444444,7.25217391304348,7.25579576576577,80,54,9,23,111,14145,7918,6227,1698,2786,11359,7.24636568822906,7.83731378504673,6.49494011723141,6.68383980565371,7.21397559224695,7.25430994453737,131
"135",2021,4,7.47011494252874,87,8.08653846153846,6.55428571428571,6.55555555555556,8.5,7.23802816901408,52,35,9,16,71,14232,7970,6262,1707,2802,11430,7.24773346402473,7.83893984316186,6.49527181571383,6.68316343878149,7.22131905781585,7.25420880664917,132
"136",2021,5,7.7278360483871,124,8.346895875,6.60227272727273,7.14285714285714,8.21760869565217,7.61630366336634,80,44,7,23,101,14356,8050,6306,1714,2825,11531,7.25188035176929,7.84398785341615,6.4960184126229,6.68504083430572,7.22943044247788,7.2573803945885,133
"137",2021,6,7.300915,102,7.62049014705882,6.66176470588235,6.76923076923077,7.275,7.30723573170732,68,34,13,20,82,14458,8118,6340,1727,2845,11613,7.25222628717665,7.84211573663464,6.49690727287066,6.68567457440648,7.22975079086116,7.25773242572978,134
"138",2021,7,7.51833333333333,120,7.95506329113924,6.67682926829268,5.28571428571429,7.57692307692308,7.50212765957447,79,41,7,26,94,14578,8197,6381,1734,2871,11707,7.25441676910413,7.8432042881542,6.49806333019902,6.68002306228374,7.23289481017067,7.25969476894166,135
"139",2021,8,7.84434782608696,115,8.16439393939394,7.41326530612245,7.70454545454545,7.79772727272727,7.85537634408602,66,49,11,22,93,14693,8263,6430,1745,2893,11800,7.25903407472946,7.84576976279802,6.50503765318818,6.68648136962751,7.23719011406844,7.26438954745762,136
"140",2021,9,7.37902038167939,131,7.948381,6.72565573770492,6.255,7.57477272727273,7.33951073394495,70,61,4,22,109,14824,8333,6491,1749,2915,11909,7.26009439624932,7.84663173166927,6.50711093976274,6.6854945626072,7.23973790737564,7.26507711226803,137
"141",2021,10,7.4537037037037,108,8.23333333333333,6.22857142857143,5.23333333333333,7.1952380952381,7.51609195402299,66,42,9,21,87,14932,8399,6533,1758,2936,11996,7.26149473144924,7.84967046315038,6.505320237257,6.67806029010239,7.23941961852861,7.26689757669223,138
"142",2021,11,7.47380952380952,126,7.93421052631579,6.774,8.32857142857143,7.4,7.48857142857143,76,50,7,21,105,15058,8475,6583,1765,2957,12101,7.26327130628237,7.85042858053098,6.50736094637703,6.68460622662889,7.24056002705445,7.26882103379886,139
"143",2021,12,7.18735714285714,140,7.74974358974359,6.47983870967742,6.28571428571429,5.84705882352941,7.37260162601626,78,62,14,17,123,15198,8553,6645,1779,2974,12224,7.26257200486906,7.84951037296855,6.50710415500376,6.68146711073637,7.23259448554136,7.26986529204843,140
"144",2022,1,7.24417520930233,215,7.71205681481482,6.454625,6.60714285714286,7.61071428571429,7.18929235294118,135,80,14,28,187,15413,8688,6725,1793,3002,12411,7.26231538311814,7.8473745269337,6.50647986765799,6.68088677635248,7.23612125249834,7.2686512770929,141
"145",2022,2,7.27957535031847,157,7.68859103092784,6.61833333333333,6.55,7.14090909090909,7.30217281481481,97,60,10,22,135,15570,8785,6785,1803,3024,12546,7.2624894238921,7.84562131132613,6.50746899189388,6.68016083749307,7.23542857142857,7.26901198230511,142
"146",2022,3,7.53955357142857,112,8.15632352941176,6.58636363636364,6.25555555555556,7.66875,7.50431818181818,68,44,9,24,88,15682,8853,6829,1812,3048,12634,7.2644682011223,7.84800781881848,6.50797731878752,6.67805187086093,7.2388405511811,7.27065096802279,143
"147",2022,4,7.5951677852349,149,8.10527472527473,6.7948275862069,5.72727272727273,7.675,7.57829268292683,91,58,11,26,123,15831,8944,6887,1823,3074,12757,7.26758071694776,7.85062536001789,6.51039307535937,6.67231486012068,7.24252960312297,7.27361717723603,144
"148",2022,5,7.44275862068965,145,8.03116883116883,6.77647058823529,7.25714285714286,7.2,7.475,77,68,7,17,128,15976,9021,6955,1830,3091,12885,7.2691706516024,7.85216641392307,6.51299455212077,6.67455190710382,7.24229569718538,7.27561772060535,145
"149",2022,6,7.40056451612903,124,8.24014492753623,6.34727272727273,6.84545454545455,7.81428571428571,7.34790909090909,69,55,11,14,110,16100,9090,7010,1841,3105,12995,7.27018262919254,7.85511146534654,6.51169430955777,6.67557305268875,7.24487471819646,7.27622965217391,146
"150",2022,7,7.50025925925926,135,7.94506756756757,6.96065573770492,6.16666666666667,6.755,7.62986956521739,74,61,3,20,115,16235,9164,7071,1844,3125,13110,7.27209580104712,7.85583786774335,6.51556740347899,6.67474511388286,7.24173952,7.27933175667429,147
"151",2022,8,7.55154362416107,149,8.14181818181818,6.7,8.17857142857143,8.24478260869565,7.425,88,61,7,23,126,16384,9252,7132,1851,3148,13236,7.27463716613769,7.85855795719845,6.51714485558048,6.68043219340897,7.24906797966963,7.28071844439408,148
"152",2022,9,7.44074074074074,108,7.971875,6.66818181818182,6,7.45238095238095,7.43793103448276,64,44,1,21,87,16492,9316,7176,1852,3169,13323,7.27572491692942,7.85933643409189,6.51807094620958,6.68006478941684,7.25041527295677,7.28174505216543,149
"153",2022,10,7.43993506493506,154,8.1140625,6.32413793103448,6.29166666666667,8.085,7.28387096774194,96,58,12,30,124,16646,9412,7234,1864,3199,13447,7.27724410248708,7.86193457501063,6.51651605059441,6.67756437231759,7.25824195060957,7.28176465605711,150
"154",2022,11,7.43653333333333,150,8.01036585365854,6.74455882352941,6.875,7.80952380952381,7.37581395348837,82,68,8,21,129,16796,9494,7302,1872,3220,13576,7.2786666664682,7.86321658099853,6.51863970282114,6.67840811431624,7.26183726708075,7.28265831835592,151
"155",2022,12,7.32502857142857,175,7.82676767676768,6.67144736842105,6.62666666666667,7.47363636363636,7.30366013071895,99,76,15,22,153,16971,9593,7378,1887,3242,13729,7.27914473690413,7.86284042739498,6.52021375847113,6.67799681505034,7.26327452190006,7.28289236870857,152
