"","year","month","avg_rating","no_ratings","avg_rating_owned","avg_rating_not_owned","avg_rating_prev_owned","avg_rating_comment","avg_rating_no_comment","no_ratings_owned","no_ratings_not_owned","no_ratings_prev_owned","no_ratings_comment","no_ratings_no_comment","cum_no_ratings","cum_no_ratings_owned","cum_no_ratings_not_owned","cum_no_ratings_prev_owned","cum_no_ratings_comment","cum_no_ratings_no_comment","cum_avg_rating","cum_avg_rating_owned","cum_avg_rating_not_owned","cum_avg_rating_prev_owned","cum_avg_rating_comment","cum_avg_rating_no_comment","month_after_release"
"1",2001,5,9,1,9,NA,NA,NA,9,1,0,0,0,1,1,1,0,0,0,1,9,9,NA,NA,NA,9,0
"2",2001,6,5.91666666666667,6,5.875,6,NA,4,6.3,4,2,0,1,5,7,5,2,0,1,6,6.35714285714286,6.5,6,NA,4,6.75,1
"3",2001,7,7,3,7,NA,NA,6,7.5,3,0,0,1,2,10,8,2,0,2,8,6.55,6.6875,6,NA,5,6.9375,2
"4",2001,8,8,2,8,NA,NA,NA,8,2,0,0,0,2,12,10,2,0,2,10,6.79166666666667,6.95,6,NA,5,7.15,3
"5",2001,9,6.5,2,6.5,NA,NA,NA,6.5,2,0,0,0,2,14,12,2,0,2,12,6.75,6.875,6,NA,5,7.04166666666667,4
"6",2001,10,6.5,5,6.5,NA,NA,6,6.625,5,0,0,1,4,19,17,2,0,3,16,6.68421052631579,6.76470588235294,6,NA,5.33333333333333,6.9375,5
"7",2001,11,6.5,6,6.8,5,NA,6,6.75,5,1,0,2,4,25,22,3,0,5,20,6.64,6.77272727272727,5.66666666666667,NA,5.6,6.9,6
"8",2002,1,7,4,7,7,NA,7,7,2,2,0,2,2,29,24,5,0,7,22,6.68965517241379,6.79166666666667,6.2,NA,6,6.90909090909091,8
"9",2002,2,7.375,8,7.5,7,7,7.5,7.33333333333333,6,2,1,2,6,37,30,7,1,9,28,6.83783783783784,6.93333333333333,6.42857142857143,7,6.33333333333333,7,9
"10",2002,3,7.5,4,7.5,NA,NA,NA,7.5,4,0,0,0,4,41,34,7,1,9,32,6.90243902439024,7,6.42857142857143,7,6.33333333333333,7.0625,10
"11",2002,4,8.125,4,8.16666666666667,8,8,8.5,7,3,1,1,3,1,45,37,8,2,12,33,7.01111111111111,7.09459459459459,6.625,7.5,6.875,7.06060606060606,11
"12",2002,5,7.5,2,7.5,NA,NA,8,7,2,0,0,1,1,47,39,8,2,13,34,7.03191489361702,7.11538461538461,6.625,7.5,6.96153846153846,7.05882352941176,12
"13",2002,6,6.78571428571429,7,6.58333333333333,8,8,6.25,7,6,1,1,2,5,54,45,9,3,15,39,7,7.04444444444444,6.77777777777778,7.66666666666667,6.86666666666667,7.05128205128205,13
"14",2002,7,6.6,5,6.5,6.66666666666667,NA,6,7,2,3,0,2,3,59,47,12,3,17,42,6.96610169491525,7.02127659574468,6.75,7.66666666666667,6.76470588235294,7.04761904761905,14
"15",2002,8,6.6,5,6.6,NA,NA,6,6.75,5,0,0,1,4,64,52,12,3,18,46,6.9375,6.98076923076923,6.75,7.66666666666667,6.72222222222222,7.02173913043478,15
"16",2002,9,6.6,5,6.5,7,NA,NA,6.6,4,1,0,0,5,69,56,13,3,18,51,6.91304347826087,6.94642857142857,6.76923076923077,7.66666666666667,6.72222222222222,6.98039215686275,16
"17",2002,10,7.66666666666667,3,7.66666666666667,NA,NA,8,7.5,3,0,0,1,2,72,59,13,3,19,53,6.94444444444444,6.98305084745763,6.76923076923077,7.66666666666667,6.78947368421053,7,17
"18",2002,11,6.78571428571429,7,8,6.3,7.5,6.7,7,2,5,2,5,2,79,61,18,5,24,55,6.93037974683544,7.01639344262295,6.63888888888889,7.6,6.77083333333333,7,18
"19",2002,12,7.5,2,7.5,NA,NA,9,6,2,0,0,1,1,81,63,18,5,25,56,6.94444444444444,7.03174603174603,6.63888888888889,7.6,6.86,6.98214285714286,19
"20",2003,1,7.1875,8,7.35714285714286,6,6,7.5,7.14285714285714,7,1,1,1,7,89,70,19,6,26,63,6.96629213483146,7.06428571428571,6.60526315789474,7.33333333333333,6.88461538461539,7,20
"21",2003,2,7.77777777777778,9,8,6,6,7,8.75,8,1,1,5,4,98,78,20,7,31,67,7.04081632653061,7.16025641025641,6.575,7.14285714285714,6.90322580645161,7.1044776119403,21
"22",2003,3,7.85714285714286,7,8,7,NA,8.75,6.66666666666667,6,1,0,4,3,105,84,21,7,35,70,7.09523809523809,7.22023809523809,6.59523809523809,7.14285714285714,7.11428571428571,7.08571428571429,22
"23",2003,4,7.46666666666667,9,7.525,7,7,8.05,7,8,1,1,4,5,114,92,22,8,39,75,7.12456140350877,7.24673913043478,6.61363636363636,7.125,7.21025641025641,7.08,23
"24",2003,5,7.08333333333333,12,7.5,6.25,NA,7.33333333333333,6.83333333333333,8,4,0,6,6,126,100,26,8,45,81,7.12063492063492,7.267,6.55769230769231,7.125,7.22666666666667,7.06172839506173,24
"25",2003,6,7.88888888888889,9,8.125,6,NA,7.6,8.25,8,1,0,5,4,135,108,27,8,50,85,7.17185185185185,7.33055555555556,6.53703703703704,7.125,7.264,7.11764705882353,25
"26",2003,7,6.79310344827586,29,7.02083333333333,5.7,6,6.83333333333333,6.775,24,5,2,9,20,164,132,32,10,59,105,7.10487804878049,7.27424242424242,6.40625,6.9,7.19830508474576,7.05238095238095,26
"27",2003,8,6.0625,8,6.25,5.5,6,5,6.41666666666667,6,2,1,2,6,172,138,34,11,61,111,7.05639534883721,7.22971014492754,6.35294117647059,6.81818181818182,7.12622950819672,7.01801801801802,27
"28",2003,9,7.9,5,7.875,8,NA,7.16666666666667,9,4,1,0,3,2,177,142,35,11,64,113,7.08022598870057,7.24788732394366,6.4,6.81818181818182,7.128125,7.05309734513274,28
"29",2003,10,7.225,8,7.2,7.26666666666667,8,7.45,7,5,3,1,4,4,185,147,38,12,68,117,7.08648648648649,7.24625850340136,6.46842105263158,6.91666666666667,7.14705882352941,7.05128205128205,29
"30",2003,11,7.6,10,7.88888888888889,5,5,7.42857142857143,8,9,1,1,7,3,195,156,39,13,75,120,7.11282051282051,7.28333333333333,6.43076923076923,6.76923076923077,7.17333333333333,7.075,30
"31",2003,12,6.46153846153846,13,6.5,6.4,7,6.66666666666667,6.28571428571429,8,5,2,6,7,208,164,44,15,81,127,7.07211538461539,7.24512195121951,6.42727272727273,6.8,7.1358024691358,7.03149606299213,31
"32",2004,1,6.14705882352941,17,6.61538461538461,4.625,5.5,6.375,6.07692307692308,13,4,1,4,13,225,177,48,16,85,140,7.00222222222222,7.19887005649718,6.27708333333333,6.71875,7.1,6.94285714285714,32
"33",2004,2,5.6875,8,6.21428571428571,2,NA,5.5,5.75,7,1,0,2,6,233,184,49,16,87,146,6.95708154506438,7.16141304347826,6.18979591836735,6.71875,7.0632183908046,6.89383561643836,33
"34",2004,3,6.41666666666667,12,6.75,5.75,6.5,6.25,6.5,8,4,2,4,8,245,192,53,18,91,154,6.93061224489796,7.14427083333333,6.15660377358491,6.69444444444444,7.02747252747253,6.87337662337662,34
"35",2004,4,7.61538461538461,13,8.11111111111111,6.5,6.5,7.6,7.625,9,4,2,5,8,258,201,57,20,96,162,6.96511627906977,7.18756218905473,6.18070175438597,6.675,7.05729166666667,6.91049382716049,35
"36",2004,5,6.625,8,6.71428571428571,6,NA,6.6,6.66666666666667,7,1,0,5,3,266,208,58,20,101,165,6.95488721804511,7.17163461538462,6.17758620689655,6.675,7.03465346534653,6.90606060606061,36
"37",2004,6,7,8,7.14285714285714,6,NA,6.8,7.33333333333333,7,1,0,5,3,274,215,59,20,106,168,6.95620437956204,7.17069767441861,6.17457627118644,6.675,7.02358490566038,6.91369047619048,37
"38",2004,7,6.73809523809524,21,7.02941176470588,5.5,6,5.91666666666667,7.06666666666667,17,4,3,6,15,295,232,63,23,112,183,6.94067796610169,7.16034482758621,6.13174603174603,6.58695652173913,6.96428571428571,6.92622950819672,38
"39",2004,8,7.04545454545455,11,7.16666666666667,6.9,7,7.1,7,6,5,1,5,6,306,238,68,24,117,189,6.94444444444444,7.16050420168067,6.18823529411765,6.60416666666667,6.97008547008547,6.92857142857143,39
"40",2004,9,6.86363636363636,11,7.5625,5,5,7.8,6.08333333333333,8,3,1,5,6,317,246,71,25,122,195,6.9416403785489,7.17357723577236,6.13802816901408,6.54,7.00409836065574,6.9025641025641,40
"41",2004,10,6.89285714285714,14,6.95833333333333,6.5,7,6.58333333333333,7.125,12,2,1,6,8,331,258,73,26,128,203,6.93957703927492,7.16356589147287,6.14794520547945,6.55769230769231,6.984375,6.91133004926108,41
"42",2004,11,6.35416666666667,24,6.56666666666667,6,6,7.42857142857143,5.91176470588235,15,9,3,7,17,355,273,82,29,135,220,6.9,7.13076923076923,6.13170731707317,6.5,7.00740740740741,6.83409090909091,42
"43",2004,12,7.25,6,7.25,NA,NA,7.16666666666667,7.33333333333333,6,0,0,3,3,361,279,82,29,138,223,6.90581717451524,7.13333333333333,6.13170731707317,6.5,7.01086956521739,6.84080717488789,43
"44",2005,1,6.64285714285714,21,7.17857142857143,5.57142857142857,7,6.11111111111111,7.04166666666667,14,7,1,9,12,382,293,89,30,147,235,6.8913612565445,7.13549488054607,6.0876404494382,6.51666666666667,6.95578231292517,6.85106382978723,44
"45",2005,2,6.06666666666667,15,6.30769230769231,4.5,NA,6,6.09090909090909,13,2,0,4,11,397,306,91,30,151,246,6.86020151133501,7.10032679738562,6.05274725274725,6.51666666666667,6.93046357615894,6.81707317073171,45
"46",2005,3,6.65384615384615,13,7.2,4.83333333333333,NA,6.35714285714286,7,10,3,0,7,6,410,316,94,30,158,252,6.85365853658537,7.10348101265823,6.01382978723404,6.51666666666667,6.90506329113924,6.82142857142857,46
"47",2005,4,6.28260869565217,23,6.60526315789474,4.75,6,6.33333333333333,6.22727272727273,19,4,1,12,11,433,335,98,31,170,263,6.82332563510393,7.07522388059701,5.96224489795918,6.5,6.86470588235294,6.79657794676806,47
"48",2005,5,6.84666666666667,15,7.05833333333333,6,7.5,7.54,6.5,12,3,2,5,10,448,347,101,33,175,273,6.82410714285714,7.07463976945245,5.96336633663366,6.56060606060606,6.884,6.78571428571429,48
"49",2005,6,6.05,10,5.5,6.6,7,5.66666666666667,6.625,5,5,1,6,4,458,352,106,34,181,277,6.80720524017467,7.05227272727273,5.99339622641509,6.57352941176471,6.84364640883978,6.78339350180505,49
"50",2005,7,6.46,15,6.83333333333333,4.96666666666667,NA,5.38,7,12,3,0,5,10,473,364,109,34,186,287,6.79619450317125,7.04505494505494,5.9651376146789,6.57352941176471,6.80430107526882,6.79094076655052,50
"51",2005,8,7.20789473684211,19,7.23529411764706,6.975,6.975,7.27272727272727,7.11875,17,2,2,11,8,492,381,111,36,197,295,6.81209349593496,7.05354330708661,5.98333333333333,6.59583333333333,6.83045685279188,6.79983050847458,51
"52",2005,9,6.96428571428571,14,6.75,8.25,8.25,5.66666666666667,7.31818181818182,12,2,2,3,11,506,393,113,38,200,306,6.81630434782609,7.0442748091603,6.02345132743363,6.6828947368421,6.813,6.81846405228758,52
"53",2005,10,6.15384615384615,13,6.09090909090909,6.5,8,6.625,5.4,11,2,1,8,5,519,404,115,39,208,311,6.79971098265896,7.01831683168317,6.03173913043478,6.71666666666667,6.80576923076923,6.79565916398714,53
"54",2005,11,6.23333333333333,15,6.71428571428571,5.8125,NA,6.5,6.13636363636364,7,8,0,4,11,534,411,123,39,212,322,6.78380149812734,7.01313868613139,6.01747967479675,6.71666666666667,6.8,6.77313664596273,54
"55",2005,12,6.15217391304348,23,6.5,5.5,7,5.9,6.34615384615385,15,8,1,10,13,557,426,131,40,222,335,6.75771992818671,6.99507042253521,5.98587786259542,6.72375,6.75945945945946,6.7565671641791,55
"56",2006,1,6.8,25,7,6.28571428571429,6.5,7.22727272727273,6.46428571428571,18,7,4,11,14,582,444,138,44,233,349,6.75953608247423,6.99527027027027,6.00108695652174,6.70340909090909,6.78154506437768,6.74484240687679,56
"57",2006,2,6.63333333333333,15,6.69230769230769,6.25,NA,7,6.54166666666667,13,2,0,3,12,597,457,140,44,236,361,6.75636515912898,6.98665207877462,6.00464285714286,6.70340909090909,6.78432203389831,6.73808864265928,57
"58",2006,3,6.71052631578947,19,6.71428571428571,6.7,7,7.16666666666667,6.5,14,5,2,6,13,616,471,145,46,242,374,6.7549512987013,6.97855626326964,6.02862068965517,6.71630434782609,6.79380165289256,6.7298128342246,58
"59",2006,4,5.825,8,6.25,5.4,NA,3.5,6.6,4,4,0,2,6,624,475,149,46,244,380,6.74302884615385,6.97242105263158,6.01174496644295,6.71630434782609,6.76680327868853,6.72776315789474,59
"60",2006,5,6.54166666666667,12,6.45,7,7,6.16666666666667,6.91666666666667,10,2,1,6,6,636,485,151,47,250,386,6.73922955974843,6.96164948453608,6.02483443708609,6.72234042553191,6.7524,6.73069948186528,60
"61",2006,6,6.82142857142857,14,7.21428571428571,6.42857142857143,6.5,6.9375,6.66666666666667,7,7,6,8,6,650,492,158,53,258,392,6.741,6.96524390243902,6.04272151898734,6.69716981132075,6.75813953488372,6.7297193877551,61
"62",2006,7,6.57647058823529,17,6.9,5.8,6,6.14285714285714,6.88,12,5,2,7,10,667,504,163,55,265,402,6.73680659670165,6.96369047619048,6.03527607361963,6.67181818181818,6.74188679245283,6.73345771144279,62
"63",2006,8,7.05,20,7.03333333333333,7.1,8,7.1,7.03333333333333,15,5,1,5,15,687,519,168,56,270,417,6.74592430858806,6.96570327552987,6.06696428571429,6.69553571428571,6.74851851851852,6.74424460431655,63
"64",2006,9,6.5,15,6.9375,6,6,6.58333333333333,6.44444444444444,8,7,1,6,9,702,527,175,57,276,426,6.74066951566952,6.96527514231499,6.06428571428571,6.68333333333333,6.74492753623188,6.73791079812207,64
"65",2006,10,6.04166666666667,12,6.375,5.875,6.5,6.66666666666667,5.83333333333333,4,8,2,3,9,714,531,183,59,279,435,6.72892156862745,6.9608286252354,6.05601092896175,6.6771186440678,6.74408602150538,6.71919540229885,65
"66",2006,11,6.38333333333333,12,6.95,5.25,NA,7.4,5.875,8,4,0,4,8,726,539,187,59,283,443,6.72320936639119,6.96066790352505,6.03877005347594,6.6771186440678,6.75335689045936,6.70395033860045,66
"67",2006,12,6.91666666666667,18,6.78125,8,7,9,6.79411764705882,16,2,1,1,17,744,555,189,60,284,460,6.72788978494624,6.9554954954955,6.05952380952381,6.6825,6.7612676056338,6.70728260869565,67
"68",2007,1,6.91666666666667,24,6.97222222222222,6.75,7,7.5,6.625,18,6,2,8,16,768,573,195,62,292,476,6.7337890625,6.95602094240838,6.08076923076923,6.69274193548387,6.78150684931507,6.70451680672269,68
"69",2007,2,6.68448260869565,23,6.86666666666667,6.3428875,NA,7.25,6.24946923076923,15,8,0,10,13,791,588,203,62,302,489,6.73235537294564,6.95374149659864,6.09109901477833,6.69274193548387,6.79701986754967,6.69241942740286,69
"70",2007,3,6.61481481481481,27,7.00588235294118,5.95,7,7,6.42222222222222,17,10,2,9,18,818,605,213,64,311,507,6.72847567237164,6.95520661157025,6.08447464788732,6.70234375,6.80289389067524,6.68282662721893,70
"71",2007,4,6.37894736842105,19,6.15384615384615,6.86666666666667,7,6.11111111111111,6.62,13,6,2,9,10,837,618,219,66,320,517,6.72054133811231,6.93834951456311,6.10590456621005,6.71136363636364,6.7834375,6.68161141199226,71
"72",2007,5,6.27272727272727,22,6.41176470588235,5.8,5.66666666666667,6.5,6.22222222222222,17,5,3,4,18,859,635,224,69,324,535,6.70907229336438,6.92425196850394,6.09907633928571,6.66594202898551,6.77993827160494,6.6661553271028,72
"73",2007,6,6.78387096774194,31,6.905,6.56363636363636,5,7.3,6.63333333333333,20,11,2,7,24,890,655,235,71,331,559,6.71167764044944,6.9236641221374,6.12082170212766,6.61901408450704,6.79093655589124,6.66474615384615,73
"74",2007,7,6.54761904761905,21,6.67857142857143,6.28571428571429,6.33333333333333,6.875,6.34615384615385,14,7,3,8,13,911,669,242,74,339,572,6.70789582875961,6.91853512705531,6.12559132231405,6.60743243243243,6.7929203539823,6.65750541958042,74
"75",2007,8,6.70588235294118,17,6.73333333333333,6.5,6,7,6.54545454545455,15,2,1,6,11,928,684,244,75,345,583,6.70785894396552,6.91447368421053,6.12866024590164,6.59933333333333,6.79652173913043,6.65539125214408,75
"76",2007,9,6.54791666666667,24,7,5.915,6.66666666666667,6.63461538461539,6.44545454545455,14,10,3,13,11,952,698,254,78,358,594,6.70382678571429,6.91618911174785,6.12024842519685,6.60192307692308,6.79064245810056,6.65150353535353,76
"77",2007,10,6.6,31,6.90476190476191,5.96,6.33333333333333,6.25,6.72173913043478,21,10,3,8,23,983,719,264,81,366,617,6.7005524923703,6.91585535465925,6.11417840909091,6.59197530864198,6.77882513661202,6.65412171799028,77
"78",2007,11,6.99090909090909,22,7.12777777777778,6.375,NA,7.22222222222222,6.83076923076923,18,4,0,9,13,1005,737,268,81,375,630,6.70690855721393,6.92103120759837,6.11807126865672,6.59197530864198,6.78946666666667,6.65776682539683,78
"79",2007,12,6.80882352941176,34,7.3125,5.6,6.4,6.88235294117647,6.73529411764706,24,10,5,17,17,1039,761,278,86,392,647,6.71024359961502,6.93337713534823,6.09943561151079,6.58081395348837,6.79349489795918,6.65980386398764,79
"80",2008,1,6.54838709677419,31,6.64705882352941,6.42857142857143,6.2,6.11538461538461,6.86111111111111,17,14,5,13,18,1070,778,292,91,405,665,6.70555429906542,6.92712082262211,6.11521609589041,6.55989010989011,6.77172839506173,6.66525278195489,80
"81",2008,2,6.665,20,6.75,6.46666666666667,6.66666666666667,7.3,6.39285714285714,14,6,3,6,14,1090,792,298,94,411,679,6.70481018348624,6.9239898989899,6.1222922818792,6.56329787234043,6.7794403892944,6.65963637702504,81
"82",2008,3,6.81904761904762,21,7.19285714285714,6.07142857142857,7.33333333333333,7.02,6.63636363636364,14,7,3,10,11,1111,806,305,97,421,690,6.7069694869487,6.92866004962779,6.12112491803279,6.58711340206186,6.78515439429929,6.65926536231884,82
"83",2008,4,6.8875,16,7.07692307692308,6.06666666666667,6.1,7.36666666666667,6.6,13,3,2,6,10,1127,819,308,99,427,700,6.70953247559894,6.93101343101343,6.12059448051948,6.57727272727273,6.79332552693208,6.65841871428571,83
"84",2008,5,6.02380952380952,21,6.70833333333333,5.11111111111111,5.33333333333333,6.45454545454545,5.55,12,9,6,11,10,1148,831,317,105,438,710,6.6969887630662,6.92779783393502,6.09193406940063,6.50619047619048,6.78481735159817,6.64280718309859,84
"85",2008,6,6.11111111111111,18,6.83333333333333,5.38888888888889,3,6.0625,6.15,9,9,1,8,10,1166,840,326,106,446,720,6.68794433962264,6.92678571428571,6.07252484662577,6.47311320754717,6.77186098654708,6.63596263888889,85
"86",2008,7,6.53,30,6.95,6.25,6.09375,6.3,6.76,12,18,16,15,15,1196,852,344,122,461,735,6.68398252508361,6.92711267605634,6.0818113372093,6.42336065573771,6.75650759219089,6.63849401360544,86
"87",2008,8,6.33666666666667,30,6.85882352941176,5.65384615384615,5.45454545454545,6.09411764705882,6.65384615384615,17,13,11,17,13,1226,869,357,133,478,748,6.67548376835237,6.92577675489068,6.06622717086835,6.34323308270677,6.73294979079498,6.638760828877,87
"88",2008,9,6.31333333333333,30,6.7125,5.85714285714286,5.83333333333333,6.46153846153846,6.2,16,14,9,13,17,1256,885,371,142,491,765,6.66683367834395,6.9219209039548,6.0583371967655,6.31091549295775,6.72576374745417,6.62901058823529,88
"89",2008,10,5.9474347826087,23,7.0991,5.06153846153846,5.14444444444444,5.74935714285714,6.25555555555556,10,13,9,14,9,1279,895,384,151,505,774,6.65389687255669,6.92390055865922,6.02459140625,6.24139072847682,6.69869504950495,6.6246680878553,89
"90",2008,11,6.06428571428571,14,6.41428571428571,5.71428571428571,5.2,5.66666666666667,6.3625,7,7,5,6,8,1293,902,391,156,511,782,6.6475128383604,6.91994567627494,6.01903606138108,6.20801282051282,6.68657729941291,6.62198606138107,90
"91",2008,12,6.44285714285714,21,6.98181818181818,5.85,6.07142857142857,6.16666666666667,6.55333333333333,11,10,7,6,15,1314,913,401,163,517,797,6.64424208523592,6.92069112814896,6.01482069825436,6.2021472392638,6.68054352030948,6.62069397741531,91
"92",2009,1,6.42424242424242,33,6.76086956521739,5.65,5.4,5.90909090909091,6.68181818181818,23,10,5,11,22,1347,936,411,168,528,819,6.63885233853007,6.91676388888889,6.00594428223844,6.17827380952381,6.66447159090909,6.6223358974359,92
"93",2009,2,6.32884615384615,26,6.846875,5.5,5.16666666666667,6.9125,6.06944444444444,16,10,6,8,18,1373,952,421,174,536,837,6.63298186453022,6.91558928571428,5.99392660332542,6.1433908045977,6.66817350746269,6.61044575866189,93
"94",2009,3,6.68529411764706,34,7.38666666666667,6.13157894736842,6,6.2875,6.80769230769231,15,19,8,8,26,1407,967,440,182,544,863,6.63424598436389,6.92289658738366,5.99987068181818,6.13708791208791,6.66257536764706,6.61638829663963,94
"95",2009,4,6.61219512195122,41,6.675,6.58620689655172,6.6875,5.6375,6.84848484848485,12,29,8,8,33,1448,979,469,190,552,896,6.6336216160221,6.91985801838611,6.03612601279318,6.16026315789474,6.64771920289855,6.62493649553571,95
"96",2009,5,6.46166666666667,30,6.5625,6.34642857142857,5.67857142857143,6.08333333333333,6.62380952380952,16,14,7,9,21,1478,995,483,197,561,917,6.63013132611637,6.91411155778894,6.04512028985507,6.14314720812183,6.63866488413547,6.6249106870229,96
"97",2009,6,6.39032258064516,31,6.71428571428571,6.12352941176471,5.54545454545455,5.98181818181818,6.615,14,17,11,11,20,1509,1009,500,208,572,937,6.62520483764082,6.91133894945491,6.0477862,6.11153846153846,6.62603321678322,6.62469914621131,97
"98",2009,7,6.055,30,6.82857142857143,5.378125,5.625,6,6.07857142857143,14,16,10,9,21,1539,1023,516,218,581,958,6.61408973359324,6.91020625610948,6.02702151162791,6.08922018348624,6.61633562822719,6.61272766179541,98
"99",2009,8,6.71052631578947,19,6.8,6.61111111111111,6.71428571428571,6.75,6.69230769230769,10,9,7,6,13,1558,1033,525,225,587,971,6.61526578947368,6.90913939980639,6.03703447619048,6.10866666666667,6.61770187393526,6.61379309989701,99
"100",2009,9,6.39615384615385,26,6.56153846153846,6.23076923076923,6.16666666666667,6.1875,6.48888888888889,13,13,9,8,18,1584,1046,538,234,595,989,6.6116692550505,6.90481931166348,6.04171579925651,6.11089743589744,6.61191764705882,6.61151981799798,100
"101",2009,10,5.99655172413793,29,6.54,5.71052631578947,5.81818181818182,6.2,5.93181818181818,10,19,11,7,22,1613,1056,557,245,602,1011,6.60061010539367,6.90136458333333,6.03041849192101,6.09775510204082,6.60712790697674,6.59672908011869,101
"102",2009,11,6.2258064516129,31,6.34375,6.1,6.09090909090909,6.44444444444444,6.13636363636364,16,15,11,9,22,1644,1072,572,256,611,1033,6.59354263990268,6.89304197761194,6.03224318181818,6.0974609375,6.60473158756138,6.58692458857696,102
"103",2009,12,6.37,30,7.03571428571429,5.7875,5.5,6.33333333333333,6.38571428571429,14,16,10,9,21,1674,1086,588,266,620,1054,6.58953649940263,6.89488121546961,6.02558350340136,6.075,6.60079193548387,6.58291565464896,103
"104",2010,1,5.96935483870968,31,6.35,5.6125,5.15,6.425,5.75238095238095,15,16,10,10,21,1705,1101,604,276,630,1075,6.57826046920821,6.88745776566758,6.01464089403974,6.04148550724638,6.59800158730159,6.56669125581395,104
"105",2010,2,6.37777777777778,18,7.7875,5.25,5.58333333333333,6.66666666666667,6.23333333333333,8,10,6,6,12,1723,1109,614,282,636,1087,6.57616604759141,6.89395040577097,6.00218745928339,6.03173758865248,6.59864937106918,6.56301113155474,105
"106",2010,3,6.94117647058824,17,7.4,6.28571428571429,5.75,6,7.14285714285714,10,7,4,3,14,1740,1119,621,286,639,1101,6.57973224137931,6.898472743521,6.00538341384863,6.0277972027972,6.59583881064163,6.57038428701181,106
"107",2010,4,6.74038461538461,26,6.98529411764706,6.27777777777778,5.91666666666667,7.16666666666667,6.6125,17,9,6,6,20,1766,1136,630,292,645,1121,6.58209745186863,6.89977200704225,6.00927476190476,6.02551369863014,6.6011488372093,6.57113568242641,107
"108",2010,5,6.30909090909091,22,6.64285714285714,5.725,5.55,6.3125,6.30714285714286,14,8,6,8,14,1788,1150,638,298,653,1135,6.57873831096197,6.89664434782609,6.00571018808778,6.01593959731544,6.59761255742726,6.56787938325991,108
"109",2010,6,7.07142857142857,14,7.2,6.75,6.66666666666667,7.33333333333333,6.875,10,4,3,6,8,1802,1160,642,301,659,1143,6.58256609322974,6.89925948275862,6.01034750778816,6.02242524916944,6.60431107738999,6.57002895888014,109
"110",2010,7,6.203125,16,6.6,5.54166666666667,4.66666666666667,7.33333333333333,5.94230769230769,10,6,3,3,13,1818,1170,648,304,662,1156,6.57922667766776,6.89670170940171,6.00600787037037,6.00904605263158,6.60761480362538,6.56296980968858,110
"111",2010,8,5.91904761904762,21,6.625,5.48461538461538,5.71428571428571,5.8,5.95625,8,13,7,5,16,1839,1178,661,311,667,1172,6.57168792822186,6.89485653650255,5.99575355521937,6.0024115755627,6.60156071964018,6.55468694539249,111
"112",2010,9,6.10416666666667,12,6.35,4.875,4.875,6,6.125,10,2,2,2,10,1851,1188,663,313,669,1182,6.56865699621826,6.8902702020202,5.99237269984917,5.99520766773163,6.59976233183856,6.55105169204738,112
"113",2010,10,6.61764705882353,17,6.71428571428571,6.55,6.07142857142857,6.1875,7,7,10,7,8,9,1868,1195,673,320,677,1191,6.5691028372591,6.88923933054393,6.00065839524517,5.996875,6.59489069423929,6.55444424853065,113
"114",2010,11,6.65263157894737,19,6.81818181818182,6.425,9,6.05714285714286,7,11,8,1,7,12,1887,1206,681,321,684,1203,6.56994387917329,6.8885912106136,6.00564331864905,6.00623052959502,6.58938742690058,6.55888869492934,114
"115",2010,12,6.25882352941176,17,6.14,6.42857142857143,6,6.25,6.26153846153846,10,7,6,4,13,1904,1216,688,327,688,1216,6.56716601890756,6.88243503289474,6.00994636627907,6.00611620795107,6.58741424418605,6.55570978618421,115
"116",2011,1,6.52173913043478,23,7.03846153846154,5.85,5.5,6.3125,6.63333333333333,13,10,4,8,15,1927,1229,698,331,696,1231,6.5666238194084,6.88408543531326,6.00765487106017,6,6.58425431034483,6.55665564581641,116
"117",2011,2,5.88125,16,6.1,5.51666666666667,7.1,5.75,6.0125,10,6,1,8,8,1943,1239,704,332,704,1239,6.56097997941328,6.87775706214689,6.0034703125,6.00331325301205,6.57477414772727,6.55314213075061,117
"118",2011,3,5.73888888888889,18,6.38333333333333,5.41666666666667,4.91666666666667,6.04285714285714,5.54545454545455,6,12,6,7,11,1961,1245,716,338,711,1250,6.55343401325854,6.87537429718875,5.99363561452514,5.98402366863905,6.56953727144866,6.54427448,118
"119",2011,4,6.55,10,6.64285714285714,6.33333333333333,5,6.5,6.5625,7,3,1,2,8,1971,1252,719,339,713,1258,6.55341659056316,6.87407428115016,5.99505299026426,5.9811209439528,6.56934221598878,6.54439038155803,119
"120",2011,5,6.05,10,6.875,5.5,5.5,5.66666666666667,6.21428571428571,4,6,4,3,7,1981,1256,725,343,716,1265,6.55087536597678,6.87407722929936,5.990956,5.97551020408163,6.56556005586592,6.54256371541502,120
"121",2011,6,6.14285714285714,7,6.2,6,6,5.66666666666667,6.5,5,2,1,3,4,1988,1261,727,344,719,1269,6.54943868209255,6.8714044409199,5.99098088033013,5.97558139534884,6.56180945757997,6.54242955082742,121
"122",2011,7,6.37142857142857,7,6.5,6.275,NA,6,6.52,3,4,0,2,5,1995,1264,731,344,721,1274,6.54881408521303,6.87052294303797,5.99253502051984,5.97558139534884,6.56025104022191,6.54234152276295,122
"123",2011,8,6.39285714285714,21,6.8125,5.83333333333333,6.625,6.75,6.35526315789474,12,9,4,2,19,2016,1276,740,348,723,1293,6.54718953373016,6.86997727272727,5.99059878378379,5.98304597701149,6.56077593360996,6.53959249806651,123
"124",2011,9,6,7,6.83333333333333,5.375,5.375,5.625,6.5,3,4,4,4,3,2023,1279,744,352,727,1296,6.54529614434009,6.8698913213448,5.98728911290323,5.97613636363636,6.5556272352132,6.53950084876543,124
"125",2011,10,6.25,14,6.75,5.58333333333333,5.16666666666667,6,6.26923076923077,8,6,3,1,13,2037,1287,750,355,728,1309,6.54326661757486,6.86914607614607,5.98405746666667,5.96929577464789,6.55486401098901,6.5368167303285,125
"126",2011,11,6.1047619047619,21,6.425,5.67777777777778,6.35,5.9625,6.19230769230769,12,9,6,8,13,2058,1299,759,361,736,1322,6.53879207968902,6.86504311008468,5.98042569169961,5.97562326869806,6.54842527173913,6.53342897125567,126
"127",2011,12,7.16666666666667,6,7.1,7.5,NA,6,7.4,5,1,0,1,5,2064,1304,760,361,737,1327,6.54061729651163,6.86594401840491,5.98242513157895,5.97562326869806,6.54768113975577,6.53669412207988,127
"128",2012,1,6.52352941176471,17,6.72307692307692,5.875,NA,7.13333333333333,6.19090909090909,13,4,0,6,11,2081,1317,764,361,743,1338,6.54047770302739,6.8645337889142,5.98186269633508,5.97562326869806,6.55241049798116,6.53385134529148,128
"129",2012,2,6.01111111111111,9,6.01666666666667,6,6,6.13333333333333,5.95,6,3,1,3,6,2090,1323,767,362,746,1344,6.53819813397129,6.86068858654573,5.9819336375489,5.97569060773481,6.55072520107239,6.53124486607143,129
"130",2012,3,6.54166666666667,12,6.94444444444444,5.33333333333333,5.33333333333333,NA,6.54166666666667,9,3,3,0,12,2102,1332,770,365,746,1356,6.53821793529971,6.8612545045045,5.97940662337663,5.97041095890411,6.55072520107239,6.53133709439528,130
"131",2012,4,6.06666666666667,15,5.91666666666667,6.16666666666667,6.125,6.5,5.85,6,9,4,5,10,2117,1338,779,369,751,1366,6.53487675956542,6.85701868460389,5.9815700898588,5.97208672086721,6.55038748335553,6.52634926793558,131
"132",2012,5,7.13636363636364,11,7.75,6.4,6.4,6.85714285714286,7.625,6,5,5,7,4,2128,1344,784,374,758,1370,6.53798594924812,6.86100520833333,5.98423864795919,5.97780748663102,6.55322031662269,6.52955700729927,132
"133",2012,6,5.65,10,6.75,4.91666666666667,6.16666666666667,5.375,5.83333333333333,4,6,3,4,6,2138,1348,790,377,762,1376,6.53383260056127,6.86067581602374,5.97613050632912,5.97931034482759,6.54703543307087,6.52652114825582,133
"134",2012,7,6.08153846153846,13,6.33333333333333,5.86571428571429,5.625,6,6.08833333333333,6,7,4,1,12,2151,1354,797,381,763,1388,6.5310990701999,6.85833899556868,5.97516072772899,5.9755905511811,6.54631847968545,6.52273278097983,134
"135",2012,8,5.93333333333333,9,6.75,5.7,5.81666666666667,5.96666666666667,5.91666666666667,2,7,6,3,6,2160,1356,804,387,766,1394,6.52860837962963,6.85817920353982,5.97276504975125,5.97312661498708,6.54404830287206,6.52012417503587,135
"136",2012,9,6.33333333333333,12,6.4,6.28571428571429,6.33333333333333,6.35714285714286,6.3,5,7,6,7,5,2172,1361,811,393,773,1399,6.52752951197053,6.85649595885378,5.97546621454994,5.97862595419847,6.54235575679172,6.51933745532523,136
"137",2012,10,6.27272727272727,11,6.4375,5.83333333333333,6.5,6.5,6.14285714285714,8,3,1,4,7,2183,1369,814,394,777,1406,6.52624557947778,6.85404747991234,5.97494238329239,5.97994923857868,6.54213770913771,6.51746308677098,137
"138",2012,11,6.5625,16,6.375,6.75,7.33333333333333,8,6.46666666666667,8,8,3,1,15,2199,1377,822,397,778,1421,6.52650936789449,6.85126434277415,5.98248552311436,5.99017632241814,6.54401156812339,6.51692688247713,138
"139",2012,12,7.10714285714286,14,7.5625,6.5,6.75,6.5,7.27272727272727,8,6,4,3,11,2213,1385,828,401,781,1432,6.53018260280162,6.85537256317689,5.98623562801933,5.99775561097257,6.54384250960307,6.52273261173184,139
"140",2013,1,6.64285714285714,21,6.92307692307692,6.1875,6.2,6.58333333333333,6.66666666666667,13,8,5,6,15,2234,1398,836,406,787,1447,6.53124176365264,6.85600214592275,5.98816160287082,6.00024630541872,6.54414358322745,6.52422467173462,140
"141",2013,2,5.91666666666667,12,7,5.14285714285714,4.6,5.6,6.14285714285714,5,7,5,5,7,2246,1403,843,411,792,1454,6.52795819234194,6.85651532430506,5.98114246737841,5.98321167883212,6.53818308080808,6.5223886519945,141
"142",2013,3,6.1625,16,6.5,5.825,5.72,5.93333333333333,6.3,8,8,5,6,10,2262,1411,851,416,798,1464,6.5253731653404,6.85449397590361,5.97967461809636,5.98004807692308,6.53363533834586,6.52086960382514,142
"143",2013,4,5.33333333333333,6,5.83333333333333,4.83333333333333,6.5,2,6,3,3,1,1,5,2268,1414,854,417,799,1469,6.52221962081128,6.85232743988685,5.97564765807963,5.98129496402878,6.52796120150188,6.51909673247107,143
"144",2013,5,6.0625,8,5.9,6.33333333333333,5,6,6.08333333333333,5,3,1,2,6,2276,1419,857,418,801,1475,6.52060373462214,6.8489718111346,5.97689976662778,5.97894736842105,6.5266429463171,6.51732413559322,144
"145",2013,6,6.69166666666667,12,6.94444444444444,5.93333333333333,NA,6.66666666666667,6.7,9,3,0,3,9,2288,1428,860,418,804,1484,6.52150091783216,6.84957352941176,5.97674779069768,5.97894736842105,6.52716542288557,6.51843200808625,145
"146",2013,7,6.08125,16,5.5625,6.6,4.5,4.9,6.61818181818182,8,8,3,5,11,2304,1436,868,421,809,1495,6.51844361979166,6.84240320334262,5.98249205069125,5.96840855106888,6.517108776267,6.51916595317726,146
"147",2013,8,6.83333333333333,6,6.8,7,NA,6.25,7.125,5,1,0,2,4,2310,1441,869,421,811,1499,6.51926151515151,6.8422560721721,5.98366294591485,5.96840855106888,6.51645006165228,6.52078258839226,147
"148",2013,9,6.23125,16,6.75714285714286,5.82222222222222,6.48,6.14285714285714,6.3,7,9,5,7,9,2326,1448,878,426,818,1508,6.51728035253654,6.84184461325967,5.98200808656037,5.97441314553991,6.51325305623472,6.5194649204244,148
"149",2013,10,6.2,10,6.8,5.6,5.33333333333333,5,6.33333333333333,5,5,3,1,9,2336,1453,883,429,819,1517,6.51592213184931,6.84170061940812,5.9798449603624,5.96993006993007,6.51140537240537,6.51836064601187,149
"150",2013,11,6.88,10,6.56,7.2,7.5,7.16666666666667,6.75714285714286,5,5,2,3,7,2346,1458,888,431,822,1524,6.51747404092071,6.84073456790123,5.98671520270271,5.97703016241299,6.51379683698297,6.51945741469816,150
"151",2013,12,5.75,10,6.5,5,5,3,6.05555555555556,5,5,3,1,9,2356,1463,893,434,823,1533,6.51421651103565,6.83957006151743,5.98119048152296,5.97027649769585,6.50952733900364,6.51673392041748,151
"152",2014,1,6.53333333333333,15,6.79166666666667,5.5,5.75,7.33333333333333,6.33333333333333,12,3,2,3,12,2371,1475,896,436,826,1545,6.51433745255166,6.83918033898305,5.97957935267858,5.96926605504587,6.51251937046005,6.51530944983819,152
"153",2014,2,6.39230769230769,13,6.21428571428571,6.6,6.375,6.5,6.34444444444444,7,6,4,4,9,2384,1482,902,440,830,1554,6.51367202181208,6.83622874493927,5.98370631929047,5.97295454545455,6.51245903614458,6.51431988416988,153
"154",2014,3,6.27272727272727,11,6.57142857142857,5.75,NA,5.66666666666667,6.5,7,4,0,3,8,2395,1489,906,440,833,1562,6.51256538622129,6.83498388179986,5.98267450331126,5.97295454545455,6.50941296518607,6.51424654289373,154
"155",2014,4,6.34615384615385,13,6.28571428571429,6.41666666666667,5.875,5.5,6.5,7,6,4,2,11,2408,1496,912,444,835,1573,6.51166698504983,6.83241377005347,5.98552971491228,5.97207207207207,6.50699520958084,6.51414691671964,155
"156",2014,5,6.16666666666667,9,7.5,4.5,3,3,6.5625,5,4,1,1,8,2417,1501,916,445,836,1581,6.51038233347124,6.83463757495003,5.97904268558952,5.96539325842697,6.50280023923445,6.51439158760278,156
"157",2014,6,6.42857142857143,14,7.14285714285714,5.71428571428571,5.5,6.5,6.4,7,7,4,4,10,2431,1508,923,449,840,1591,6.50991118881119,6.83606830238727,5.97703477789816,5.96124721603563,6.5027869047619,6.51367259585167,157
"158",2014,7,6.3125,8,6,6.41666666666667,6.5,8,6.07142857142857,2,6,2,1,7,2439,1510,929,451,841,1598,6.50926367363673,6.83496092715232,5.97987416576965,5.96363636363636,6.50456718192628,6.51173535669587,158
"159",2014,8,7.07142857142857,7,7.58333333333333,4,NA,7.5,7,6,1,0,1,6,2446,1516,930,451,842,1604,6.51087248569092,6.837922823219,5.97774526881721,5.96363636363636,6.50574940617577,6.51356178304239,159
"160",2014,9,6.91,15,7.45714285714286,6.43125,6.975,7.23333333333333,6.82916666666667,7,8,2,3,12,2461,1523,938,453,845,1616,6.51330520113775,6.84076887721602,5.9816131130064,5.96810154525386,6.5083325443787,6.51590538366337,160
"161",2014,10,7.33333333333333,15,7.45454545454545,7,6.8,8.25,7.19230769230769,11,4,5,2,13,2476,1534,942,458,847,1629,6.51827306138933,6.84517014341591,5.98593747346073,5.97718340611354,6.51244510035419,6.52130331491713,161
"162",2014,11,6.76666666666667,15,6.62857142857143,6.8875,7.02,6.975,6.69090909090909,7,8,5,4,11,2491,1541,950,463,851,1640,6.51976880770774,6.84418624269954,5.99352957894737,5.98844492440605,6.51461927144536,6.52244091463415,162
"163",2014,12,7.18461538461538,13,7.31818181818182,6.45,6.45,7.725,6.94444444444444,11,2,2,4,9,2504,1552,952,465,855,1649,6.52322048722044,6.84754574742268,5.99448855042017,5.99043010752688,6.52028187134503,6.52474414796847,163
"164",2015,1,6.45384615384615,13,6.76666666666667,5.75,5.66666666666667,5.66666666666667,6.69,9,4,3,3,10,2517,1561,956,468,858,1659,6.52286217719507,6.84707943625881,5.99346558577406,5.9883547008547,6.5172972027972,6.52574026522001,164
"165",2015,2,6.5625,8,6.75,6.375,6.75,6,6.64285714285714,4,4,2,1,7,2525,1565,960,470,859,1666,6.52298776237623,6.84683130990415,5.9950553125,5.99159574468085,6.51669499417928,6.52623235294118,165
"166",2015,3,6,6,6.125,5.75,5.75,5.83333333333333,6.16666666666667,4,2,2,3,3,2531,1569,962,472,862,1669,6.52174796523113,6.84499107711918,5.99454584199585,5.9905720338983,6.51431670533642,6.52558603954464,166
"167",2015,4,6.5,11,6.85714285714286,5.875,6.16666666666667,6.875,6.28571428571429,7,4,3,4,7,2542,1576,966,475,866,1676,6.5216538552321,6.84504505076142,5.99405082815735,5.99168421052631,6.51598267898383,6.52458418854415,167
"168",2015,5,6.36363636363636,11,7.1,5.75,5.16666666666667,5.25,7,5,6,3,4,7,2553,1581,972,478,870,1683,6.52097301214257,6.8458513598988,5.99254434156379,5.98650627615063,6.51016206896552,6.52656155674391,168
"169",2015,6,6.55555555555556,9,6.875,6.3,6.16666666666667,5.5,6.85714285714286,4,5,3,2,7,2562,1585,977,481,872,1690,6.52109449648712,6.84592492113565,5.99411780962129,5.98762993762994,6.50784518348624,6.52793082840237,169
"170",2015,7,6.5,7,7.325,5.4,6,2,7.25,4,3,1,1,6,2569,1589,980,482,873,1696,6.52103701829505,6.84713089993707,5.99229908163266,5.98765560165975,6.5026815578465,6.53048531839623,170
"171",2015,8,5.92,10,6.275,4.5,5.5,5.75,6.03333333333333,8,2,2,4,6,2579,1597,982,484,877,1702,6.51870651415277,6.84426487163431,5.98925977596742,5.98564049586777,6.49924857468643,6.52873272620447,171
"172",2015,9,6.49285714285714,7,6.69,6,6,8,6.24166666666667,5,2,1,1,6,2586,1602,984,485,878,1708,6.51863654292343,6.84378339575531,5.98928160569106,5.98567010309278,6.50095785876993,6.52772429742389,172
"173",2015,10,6.11666666666667,12,6.18,6.07142857142857,6.08333333333333,6,6.14,5,7,6,2,10,2598,1607,991,491,880,1718,6.5167798691301,6.84171810827629,5.9898618567104,5.98686354378819,6.49981931818182,6.52546746216531,173
"174",2015,11,7.2,10,7.42857142857143,6.66666666666667,6.5,6.5,7.27777777777778,7,3,1,1,9,2608,1614,994,492,881,1727,6.51939957822086,6.84426332094176,5.99190452716298,5.98790650406504,6.49981952326901,6.52938801389693,174
"175",2015,12,6.5,9,7.5,5.7,6.125,5.625,7.2,4,5,4,4,5,2617,1618,999,496,885,1732,6.51933286205579,6.84588442521632,5.99044354354355,5.98901209677419,6.49586553672316,6.53132396073903,175
"176",2016,1,6.89473684210526,19,6.86363636363636,6.9375,6.3,7.875,6.63333333333333,11,8,5,4,15,2636,1629,1007,501,889,1747,6.52203873292868,6.84600429711479,5.99796732869911,5.99211576846307,6.50207086614173,6.53219982827705,176
"177",2016,2,5.7,10,6.3,5.1,5.625,5,5.875,5,5,4,2,8,2646,1634,1012,505,891,1755,6.51893201058201,6.8443335373317,5.9935307312253,5.98920792079208,6.49869921436588,6.52920404558405,177
"178",2016,3,6.72727272727273,11,6.875,6.33333333333333,5,5.25,7.05555555555556,8,3,1,2,9,2657,1642,1015,506,893,1764,6.51979454271735,6.84448294762485,5.99453507389163,5.98725296442688,6.4959025755879,6.53188951247166,178
"179",2016,4,6.17666666666667,15,6.3625,5.96428571428571,5.79166666666667,6.975,5.88636363636364,8,7,6,4,11,2672,1650,1022,512,897,1775,6.5178683008982,6.84214606060606,5.99432788649707,5.9849609375,6.49803901895206,6.52788907042254,179
"180",2016,5,6.33333333333333,6,6.33333333333333,6.33333333333333,5.5,7,6.2,3,3,2,1,5,2678,1653,1025,514,898,1780,6.51745485436893,6.84122262552934,5.99532009756098,5.98307392996109,6.49859799554565,6.52696803370787,180
"181",2016,6,6.20833333333333,12,7.08333333333333,5.33333333333333,5.5,5,6.31818181818182,6,6,4,1,11,2690,1659,1031,518,899,1791,6.51607587360595,6.84209825195901,5.9914676042677,5.97934362934363,6.49693103448276,6.52568570630932,181
"182",2016,7,6.3,15,6.66666666666667,6.05555555555556,6.125,5.83333333333333,6.41666666666667,6,9,4,3,12,2705,1665,1040,522,902,1803,6.51487767097967,6.84146606606606,5.99202221153846,5.98045977011494,6.49472394678492,6.52496012201886,182
"183",2016,8,5.73529411764706,17,6.65,4.92222222222222,5.2875,5.2,5.95833333333333,8,9,8,5,12,2722,1673,1049,530,907,1815,6.51000885378398,6.84055050806934,5.98284375595806,5.97,6.48758654906284,6.5212138292011,183
"184",2016,9,6.47777777777778,9,6.575,6.4,8,7.625,5.56,4,5,2,4,5,2731,1677,1054,532,911,1820,6.50990263639692,6.83991711389386,5.98482267552182,5.97763157894737,6.4925806805708,6.51857313186813,184
"185",2016,10,5.79,10,6.3,5.28,5,6.66666666666667,5.41428571428571,5,5,3,3,7,2741,1682,1059,535,914,1827,6.50727621306093,6.83831212841855,5.98149490084986,5.97214953271028,6.49315207877461,6.51434214559387,185
"186",2016,11,6.875,8,6.66666666666667,7.5,8,NA,6.875,6,2,1,0,8,2749,1688,1061,536,914,1835,6.50834634412514,6.83770201421801,5.98435730442979,5.9759328358209,6.49315207877461,6.51591449591281,186
"187",2016,12,6.72727272727273,11,6.5,7.33333333333333,6,7,6.5,8,3,1,5,6,2760,1696,1064,537,919,1841,6.50921887681159,6.83610908018868,5.98816080827068,5.97597765363128,6.49590968443961,6.51586262900598,187
"188",2017,1,6.525,20,6.73529411764706,5.33333333333333,3.5,6.41666666666667,6.57142857142857,17,3,2,6,14,2780,1713,1067,539,925,1855,6.50933241007194,6.83510858143608,5.98631968134958,5.96679035250464,6.49539567567567,6.51628199460917,188
"189",2017,2,6.38333333333333,12,6.51111111111111,6,6,6.5,6.36,9,3,1,2,10,2792,1722,1070,540,927,1865,6.50879086676218,6.83341521486643,5.98635803738318,5.96685185185185,6.49540560949299,6.51544402144772,189
"190",2017,3,6.5,6,6.25,7,6,6,6.6,4,2,1,1,5,2798,1726,1072,541,928,1870,6.50877201572552,6.83206315179606,5.98824916044776,5.96691312384473,6.49487176724138,6.51567010695187,190
"191",2017,4,6.6875,8,7.2,5.83333333333333,6,7.16666666666667,6.4,5,3,1,3,5,2806,1731,1075,542,931,1875,6.50928157519601,6.83312593876372,5.98781683720931,5.9669741697417,6.4970365198711,6.51536165333333,191
"192",2017,5,6.25,6,6.2,6.5,6.5,6.5,6.2,5,1,1,1,5,2812,1736,1076,543,932,1880,6.5087283428165,6.83130241935484,5.98829284386617,5.96795580110497,6.49703969957081,6.51452292553192,192
"193",2017,6,6.20714285714286,14,7.5,5.69,5.73333333333333,6.2,6.20833333333333,4,10,6,2,12,2826,1740,1086,549,934,1892,6.50723428874734,6.83283965517241,5.98554613259669,5.96539162112933,6.49640364025696,6.51258091966173,193
"194",2017,7,5.35,15,5.60714285714286,5.125,4.5,5.08333333333333,5.41666666666667,7,8,4,3,12,2841,1747,1094,553,937,1904,6.50112428722281,6.82792844876932,5.97925329067642,5.95479204339964,6.49187940234792,6.50567389705882,194
"195",2017,8,6.21428571428571,7,6.3,6,6,7,6.08333333333333,5,2,1,1,6,2848,1752,1096,554,938,1910,6.50041927668539,6.82642180365297,5.97929114963504,5.95487364620939,6.492421108742,6.50434717277487,195
"196",2017,9,6.875,8,7.25,6.5,6,8,6.71428571428571,4,4,2,1,7,2856,1756,1100,556,939,1917,6.50146852240896,6.82738667425968,5.98118463636364,5.95503597122302,6.49402662406816,6.505113771518,196
"197",2017,10,7.11111111111111,9,7.25,6.83333333333333,6.83333333333333,7,7.2,6,3,3,4,5,2865,1762,1103,559,943,1922,6.50338363001745,6.8288257661748,5.98350235720762,5.95974955277281,6.49617285259809,6.5069214880333,197
"198",2017,11,7.5,7,8.375,6.33333333333333,6.33333333333333,7,7.58333333333333,4,3,3,1,6,2872,1766,1106,562,944,1928,6.50581270891365,6.83232785956965,5.98445126582279,5.96174377224199,6.49670656779661,6.51027131742739,198
"199",2017,12,6.38461538461539,13,7.25,5.64285714285714,5.66666666666667,5.83333333333333,6.55,6,7,3,3,10,2885,1772,1113,565,947,1938,6.50526658578856,6.8337420993228,5.98230287511231,5.96017699115044,6.4946050686378,6.51047631578947,199
"200",2018,1,6.29333333333333,15,6.54545454545455,5.6,6,6.25,6.3,11,4,2,2,13,2900,1783,1117,567,949,1951,6.50417037931034,6.83196354458777,5.98093384064459,5.96031746031746,6.49408956796628,6.5090738595592,200
"201",2018,2,6.38888888888889,9,6.57142857142857,5.75,5.75,6.5,6.35714285714286,7,2,2,2,7,2909,1790,1119,569,951,1958,6.50381371605363,6.83094469273743,5.98052109025916,5.95957820738137,6.49410199789695,6.50853069458631,201
"202",2018,3,6.10714285714286,7,6,6.15,6,6,6.125,2,5,2,1,6,2916,1792,1124,571,952,1964,6.50286148834019,6.83001729910714,5.981275,5.95971978984238,6.49358298319328,6.50735901221996,202
"203",2018,4,6.5,17,6.5,6.5,6.75,6,6.60714285714286,10,7,4,3,14,2933,1802,1131,575,955,1978,6.50284490282987,6.8281859045505,5.98448549955792,5.96521739130435,6.49203246073298,6.50806526794742,203
"204",2018,5,5.75,4,5.33333333333333,7,NA,6,5.66666666666667,3,1,0,1,3,2937,1805,1132,575,956,1981,6.50181957780048,6.82570138504155,5.98538259717315,5.96521739130435,6.49151778242678,6.50679106511863,204
"205",2018,6,6.25,4,6.5,6,6,NA,6.25,2,2,1,0,4,2941,1807,1134,576,956,1985,6.50147708262496,6.82534089651356,5.98540837742505,5.96527777777778,6.49151778242678,6.50627360201511,205
"206",2018,7,6.07142857142857,14,6.5,5.5,5.4,7.33333333333333,5.72727272727273,8,6,5,3,11,2955,1815,1140,581,959,1996,6.49943962774958,6.82390688705234,5.98285359649123,5.96041308089501,6.4941511991658,6.50198051102204,206
"207",2018,8,6.3,5,7.75,5.33333333333333,7,5.5,7.5,2,3,2,3,2,2960,1817,1143,583,962,1998,6.49910273648649,6.82492625206384,5.98114881889764,5.96397941680961,6.49105093555093,6.50297952952953,207
"208",2018,9,6,7,6.16666666666667,5,5,6,6,6,1,1,1,6,2967,1823,1144,584,963,2004,6.49792521065049,6.82275973669775,5.98029117132867,5.96232876712329,6.49054101765316,6.50147360279441,208
"209",2018,10,6.1,10,7.4,4.8,4.5,6,6.11111111111111,5,5,2,1,9,2977,1828,1149,586,964,2013,6.49658854551562,6.8243386214442,5.97515500435161,5.95733788395905,6.49003215767635,6.49972831594635,209
"210",2018,11,6.66666666666667,6,7,6,5,7,6.6,4,2,1,1,5,2983,1832,1151,587,965,2018,6.496930640295,6.82472216157205,5.97519817549957,5.9557069846678,6.49056062176166,6.49997675916749,210
"211",2018,12,6.644,10,6.49166666666667,6.8725,6.25,6,6.805,6,4,2,2,8,2993,1838,1155,589,967,2026,6.4974220180421,6.82363492927095,5.97830571428572,5.95670628183362,6.48954601861427,6.50118119447187,211
"212",2019,1,6.45833333333333,12,7.05555555555556,4.66666666666667,3.5,6,6.61111111111111,9,3,2,3,9,3005,1847,1158,591,970,2035,6.4972659234609,6.82476502436383,5.97490768566494,5.94839255499154,6.48803195876288,6.50166737100737,212
"213",2019,2,6.23,10,6.86,5.6,5.25,6,6.2875,5,5,4,2,8,3015,1852,1163,595,972,2043,6.49637946932006,6.8248601511879,5.97329587274291,5.9436974789916,6.48702777777778,6.50082873225649,213
"214",2019,3,5.86363636363636,11,6.6,5.25,3.5,4.5,6.16666666666667,5,6,2,2,9,3026,1857,1169,597,974,2052,6.49407934567085,6.82425471190091,5.96958349016253,5.9355108877722,6.48294763860369,6.49936310916179,214
"215",2019,4,6.21428571428571,7,6.7,5,5,NA,6.21428571428571,5,2,1,0,7,3033,1862,1171,598,974,2059,6.49343359709858,6.82392105263158,5.96792749786507,5.93394648829431,6.48294763860369,6.49839392909179,215
"216",2019,5,6.11111111111111,9,6.4,5.75,7.5,7,6,5,4,2,1,8,3042,1867,1175,600,975,2067,6.49230246548323,6.82278575254419,5.96718561702128,5.93916666666667,6.48347794871795,6.49646497339139,216
"217",2019,6,6.6,4,7,6.2,6,7,6.46666666666667,2,2,1,1,3,3046,1869,1177,601,976,2070,6.49244389363099,6.82297538790797,5.96758122344945,5.93926788685524,6.48400717213114,6.49642178743961,217
"218",2019,7,6.375,8,6.7,5.83333333333333,5.75,7.25,6.08333333333333,5,3,2,2,6,3054,1874,1180,603,978,2076,6.4921362475442,6.82264727854856,5.96723991525424,5.93864013266998,6.4855736196319,6.49522789017341,218
"219",2019,8,6.21428571428571,7,7,5.625,6,NA,6.21428571428571,3,4,2,0,7,3061,1877,1184,605,978,2083,6.49150084939562,6.82293074054342,5.96608369932433,5.93884297520661,6.4855736196319,6.49428377340374,219
"220",2019,9,6,5,7,5.75,5.33333333333333,5,6.66666666666667,1,4,3,2,3,3066,1878,1188,608,980,2086,6.49069931506849,6.82302502662407,5.96535614478115,5.9358552631579,6.48254183673469,6.49453168744008,220
"221",2019,10,6.375,4,6.5,6,NA,NA,6.375,3,1,0,0,4,3070,1881,1189,608,980,2090,6.49054856677524,6.82250983519404,5.96538528174937,5.9358552631579,6.48254183673469,6.49430291866029,221
"222",2019,11,6.55788888888889,9,6.9,3.821,3.821,6.27366666666667,6.7,8,1,1,3,6,3079,1889,1190,609,983,2096,6.49074540435206,6.82283800952885,5.96358327731093,5.93238259441708,6.48190437436419,6.49489174618321,222
"223",2019,12,6.915,10,6.915,NA,NA,NA,6.915,10,0,0,0,10,3089,1899,1190,609,983,2106,6.49211884104888,6.8233233280674,5.96358327731093,5.93238259441708,6.48190437436419,6.49688656220323,223
"224",2020,1,6.28461538461538,13,6.47,5.66666666666667,6,8,5.97272727272727,10,3,2,2,11,3102,1909,1193,611,985,2117,6.49124922630561,6.82147249869041,5.96283663034367,5.93260392798691,6.48498680203045,6.49416301369863,224
"225",2020,2,7.0625,8,6.92857142857143,8,NA,5,7.35714285714286,7,1,0,1,7,3110,1916,1194,611,986,2124,6.49271868167203,6.82186377870564,5.96454279731994,5.93260392798691,6.48348073022312,6.49700710922787,225
"226",2020,3,6.45,10,6.5,6.4,6.5,5.5,6.6875,5,5,3,2,8,3120,1921,1199,614,988,2132,6.49258176282051,6.82102602811036,5.96635871559633,5.93537622149837,6.48148987854251,6.4977219043152,226
"227",2020,4,5.77777777777778,9,6.16666666666667,5,5,NA,5.77777777777778,6,3,3,0,9,3129,1927,1202,617,988,2141,6.49052575902844,6.81898858329009,5.96394683860233,5.93082820097245,6.48148987854251,6.49469551611397,227
"228",2020,5,6.64285714285714,7,7.5,5.5,5,5,6.91666666666667,4,3,2,1,6,3136,1931,1205,619,989,2147,6.49086578443878,6.82039927498705,5.96279178423237,5.92782067851373,6.47999191102123,6.49587475547275,228
"229",2020,6,7.14285714285714,7,7.14285714285714,NA,NA,NA,7.14285714285714,7,0,0,0,7,3143,1938,1205,619,989,2154,6.49231788100541,6.82156398348813,5.96279178423237,5.92782067851373,6.47999191102123,6.49797729805014,229
"230",2020,7,6.88888888888889,9,7.57142857142857,4.5,4.5,7.5,6.71428571428571,7,2,2,2,7,3152,1945,1207,621,991,2161,6.49345022208122,6.82426272493573,5.96036793703397,5.92322222222222,6.48205045408678,6.49867797316057,230
"231",2020,8,7.4,4,7.2,8,NA,NA,7.4,3,1,0,0,4,3156,1948,1208,621,991,2165,6.49459920785805,6.82484137577002,5.96205637417219,5.92322222222222,6.48205045408678,6.50034323325635,231
"232",2020,9,6.45,10,6.125,6.66666666666667,6.66666666666667,6.5,6.4375,4,6,3,2,8,3166,1952,1214,624,993,2173,6.4944583385976,6.82340727459016,5.96553879736409,5.92679647435898,6.4820866062437,6.50011187298665,232
"233",2020,10,5.81818181818182,11,6.28571428571429,5,5.5,4.33333333333333,6.375,7,4,2,3,8,3177,1959,1218,626,996,2181,6.49211680830973,6.82148596222562,5.96236789819376,5.92543290734824,6.47561445783132,6.49965295735901,233
"234",2020,11,6.3375,8,6.6,5.9,NA,NA,6.3375,5,3,0,0,8,3185,1964,1221,626,996,2189,6.49172844583987,6.82092209775967,5.96221466011466,5.92543290734824,6.47561445783132,6.4990603471905,234
"235",2020,12,5.87777777777778,9,6.27142857142857,4.5,4.5,NA,5.87777777777778,7,2,2,0,9,3194,1971,1223,628,996,2198,6.48999846587351,6.81897057331304,5.95982346688471,5.92089331210191,6.47561445783132,6.49651642402184,235
"236",2021,1,6.54235294117647,17,6.74769230769231,5.875,5.83333333333333,6.58333333333333,6.52,13,4,3,6,11,3211,1984,1227,631,1002,2209,6.49027564621613,6.81850352822581,5.95954694376528,5.92047702060222,6.47625948103792,6.4966333635129,236
"237",2021,2,7,11,7.41666666666667,6.5,6.25,6,7.1,6,5,2,1,10,3222,1990,1232,633,1003,2219,6.49201585971446,6.82030703517588,5.96174034090909,5.92151816745656,6.47578464606181,6.49935245606129,237
"238",2021,3,6.3125,8,6.9,5.33333333333333,6,6.66666666666667,6.1,5,3,1,3,5,3230,1995,1235,634,1006,2224,6.49157123839009,6.82050676691729,5.96021384615385,5.92164195583596,6.47635387673956,6.49845463129496,238
"239",2021,4,5.7125,8,5.66666666666667,5.85,5.2,6.5,5.45,6,2,1,2,6,3238,2001,1237,635,1008,2230,6.48964641754169,6.81704697651174,5.96003565076799,5.92050551181103,6.47640079365079,6.49563367713005,239
"240",2021,5,6.20454545454545,11,6.42857142857143,5.8125,5.625,7,5.90625,7,4,2,3,8,3249,2008,1241,637,1011,2238,6.4886811634349,6.81569272908366,5.95956011281225,5.91957770800628,6.47795450049456,6.49352685433423,240
"241",2021,6,6.0625,8,5.75,7,NA,5.3,7.33333333333333,6,2,0,5,3,3257,2014,1243,637,1016,2241,6.48763435677003,6.81251787487587,5.96123419147225,5.91957770800628,6.47215748031496,6.49465109326194,241
"242",2021,7,7,2,8,6,NA,NA,7,1,1,0,0,2,3259,2015,1244,637,1016,2243,6.48794878797177,6.81310719602978,5.96126535369775,5.91957770800628,6.47215748031496,6.49510169415961,242
"243",2021,8,5.813125,8,6.215,3,NA,3.7525,6.5,7,1,0,2,6,3267,2022,1245,637,1018,2249,6.48629632690542,6.81103659742829,5.95888682730924,5.91957770800628,6.46681434184676,6.4951147621165,243
"244",2021,9,6.45,10,6.78571428571429,5.66666666666667,5.66666666666667,7.5,6.33333333333333,7,3,3,1,9,3277,2029,1248,640,1019,2258,6.48618556606653,6.81094923607688,5.958184375,5.9183921875,6.46782826300294,6.49446992914083,244
"245",2021,10,7,3,7,7,NA,NA,7,2,1,0,0,3,3280,2031,1249,640,1019,2261,6.48665551829268,6.81113540128016,5.95901849479584,5.9183921875,6.46782826300294,6.4951406899602,245
"246",2021,11,6.375,8,6.33333333333333,6.5,NA,6,6.42857142857143,6,2,0,1,7,3288,2037,1251,640,1020,2268,6.48638385036497,6.80972803141875,5.95988337330136,5.9183921875,6.46736960784314,6.4949352292769,246
"247",2021,12,6,7,6.1,5.75,5.75,NA,6,5,2,2,0,7,3295,2042,1253,642,1020,2275,6.48535056145675,6.8079902056807,5.95954836392658,5.91786760124611,6.46736960784314,6.49341235164835,247
"248",2022,1,5.75,10,6.58333333333333,4.5,5,6,5.72222222222222,6,4,2,1,9,3305,2048,1257,644,1021,2284,6.48312559757943,6.80733203125,5.95490381861575,5.91501708074534,6.46691185112634,6.49037351138354,248
"249",2022,2,7.21428571428571,7,7.21428571428571,NA,NA,8.5,6.7,7,0,0,2,5,3312,2055,1257,644,1023,2289,6.48467092391305,6.80871824817518,5.95490381861575,5.91501708074534,6.47088660801564,6.49083141109655,249
"250",2022,3,4.945,4,5,4.92666666666667,4.5,5.78,4.66666666666667,1,3,2,1,3,3316,2056,1260,646,1024,2292,6.4828136610374,6.80783852140078,5.95245563492064,5.91063622291022,6.4702119140625,6.48844376090751,250
"251",2022,4,6.22222222222222,9,6.14285714285714,6.5,6,NA,6.22222222222222,7,2,1,0,9,3325,2063,1262,647,1024,2301,6.48210830075188,6.80558216190014,5.9533233755943,5.9107743431221,6.4702119140625,6.48740247718383,251
"252",2022,5,7.1875,8,7.1875,NA,NA,9,6.92857142857143,8,0,0,1,7,3333,2071,1262,647,1025,2308,6.48380141014102,6.80705746016417,5.9533233755943,5.9107743431221,6.47268,6.48874051126517,252
"253",2022,6,6.01212090909091,11,5.913333,7,7,6.5,5.90370333333333,10,1,1,2,9,3344,2081,1263,648,1027,2317,6.48224982954546,6.80276277270543,5.95415209817894,5.91245524691358,6.47273320350535,6.48646803193785,253
"254",2022,7,6.13125,8,6.08333333333333,6.275,NA,NA,6.13125,6,2,0,0,8,3352,2087,1265,648,1027,2325,6.48141212112172,6.80069445615716,5.95465936758894,5.91245524691358,6.47273320350535,6.48524577634409,254
"255",2022,8,6.6804,10,6.9408,6.42,6.5,6.376,6.88333333333333,5,5,4,4,6,3362,2092,1270,652,1031,2331,6.48200399464605,6.80102931644359,5.95649141732284,5.91605981595092,6.47235790494665,6.48627045474046,255
"256",2022,9,6.8,5,6.8,NA,NA,7,6.75,5,0,0,1,4,3367,2097,1270,652,1032,2335,6.48247621918622,6.80102686218407,5.95649141732284,5.91605981595092,6.47286918604651,6.48672223982869,256
"257",2022,10,6.41666666666667,6,6.875,5.5,5,NA,6.41666666666667,4,2,1,0,6,3373,2101,1272,653,1032,2341,6.48235915505485,6.80116769633508,5.95577366352202,5.91465696784074,6.47286918604651,6.48654268688595,257
"258",2022,11,6.6,8,7.2,6,5,6.5,6.61428571428571,4,4,1,1,7,3381,2105,1276,654,1033,2348,6.48263751257025,6.80192557244655,5.95591230407524,5.91325840978593,6.47289545014521,6.48692352214651,258
"259",2022,12,6.74846153846154,13,7.125,6.146,7.25,7,6.70272727272727,8,5,4,2,11,3394,2113,1281,658,1035,2359,6.48365569534473,6.80314876005679,5.95665425448868,5.92138449848024,6.47391400966183,6.48792981348029,259
