"","year","month","avg_rating","no_ratings","avg_rating_owned","avg_rating_not_owned","avg_rating_prev_owned","avg_rating_comment","avg_rating_no_comment","no_ratings_owned","no_ratings_not_owned","no_ratings_prev_owned","no_ratings_comment","no_ratings_no_comment","cum_no_ratings","cum_no_ratings_owned","cum_no_ratings_not_owned","cum_no_ratings_prev_owned","cum_no_ratings_comment","cum_no_ratings_no_comment","cum_avg_rating","cum_avg_rating_owned","cum_avg_rating_not_owned","cum_avg_rating_prev_owned","cum_avg_rating_comment","cum_avg_rating_no_comment","month_after_release"
"1",2003,6,6,1,6,NA,NA,6,NA,1,0,0,1,0,1,1,0,0,1,0,6,6,NA,NA,6,NA,-17
"2",2003,7,5.5,2,NA,5.5,NA,5,6,0,2,0,1,1,3,1,2,0,2,1,5.66666666666667,6,5.5,NA,5.5,6,-16
"3",2003,8,9,1,NA,9,NA,NA,9,0,1,0,0,1,4,1,3,0,2,2,6.5,6,6.66666666666667,NA,5.5,7.5,-15
"4",2003,12,7,1,NA,7,NA,NA,7,0,1,0,0,1,5,1,4,0,2,3,6.6,6,6.75,NA,5.5,7.33333333333333,-11
"5",2004,2,7.5,1,7.5,NA,NA,NA,7.5,1,0,0,0,1,6,2,4,0,2,4,6.75,6.75,6.75,NA,5.5,7.375,-9
"6",2004,4,6.5,2,7,6,NA,NA,6.5,1,1,0,0,2,8,3,5,0,2,6,6.6875,6.83333333333333,6.6,NA,5.5,7.08333333333333,-7
"7",2004,5,10,1,10,NA,NA,NA,10,1,0,0,0,1,9,4,5,0,2,7,7.05555555555556,7.625,6.6,NA,5.5,7.5,-6
"8",2004,6,8,1,8,NA,NA,8,NA,1,0,0,1,0,10,5,5,0,3,7,7.15,7.7,6.6,NA,6.33333333333333,7.5,-5
"9",2004,7,6.5,1,NA,6.5,NA,6.5,NA,0,1,0,1,0,11,5,6,0,4,7,7.09090909090909,7.7,6.58333333333333,NA,6.375,7.5,-4
"10",2004,8,7,1,NA,7,NA,NA,7,0,1,0,0,1,12,5,7,0,4,8,7.08333333333333,7.7,6.64285714285714,NA,6.375,7.4375,-3
"11",2004,9,7.75,2,9,6.5,NA,NA,7.75,1,1,0,0,2,14,6,8,0,4,10,7.17857142857143,7.91666666666667,6.625,NA,6.375,7.5,-2
"12",2004,10,7.25,2,7,7.5,7.5,7.5,7,1,1,1,1,1,16,7,9,1,5,11,7.1875,7.78571428571429,6.72222222222222,7.5,6.6,7.45454545454545,-1
"13",2004,11,7.18571428571429,7,7.38333333333333,6,NA,7.075,7.33333333333333,6,1,0,4,3,23,13,10,1,9,14,7.18695652173913,7.6,6.65,7.5,6.81111111111111,7.42857142857143,0
"14",2004,12,7.66666666666667,3,7.66666666666667,NA,NA,8,7,3,0,0,2,1,26,16,10,1,11,15,7.24230769230769,7.6125,6.65,7.5,7.02727272727273,7.4,1
"15",2005,1,6.95,10,7.28571428571429,6.16666666666667,NA,6.9,7,7,3,0,5,5,36,23,13,1,16,20,7.16111111111111,7.51304347826087,6.53846153846154,7.5,6.9875,7.3,2
"16",2005,2,8.25,4,8.25,NA,NA,8.33333333333333,8,4,0,0,3,1,40,27,13,1,19,21,7.27,7.62222222222222,6.53846153846154,7.5,7.2,7.33333333333333,3
"17",2005,3,7,2,NA,7,6,8,6,0,2,1,1,1,42,27,15,2,20,22,7.25714285714286,7.62222222222222,6.6,6.75,7.24,7.27272727272727,4
"18",2005,4,7.875,4,8.5,6,NA,9,7.5,3,1,0,1,3,46,30,16,2,21,25,7.31086956521739,7.71,6.5625,6.75,7.32380952380952,7.3,5
"19",2005,5,7.13636363636364,11,7.5,6.7,NA,7.2,7.08333333333333,6,5,0,5,6,57,36,21,2,26,31,7.27719298245614,7.675,6.59523809523809,6.75,7.3,7.25806451612903,6
"20",2005,6,7.83333333333333,6,7.8,8,8,7.8,8,5,1,1,5,1,63,41,22,3,31,32,7.33015873015873,7.69024390243902,6.65909090909091,7.16666666666667,7.38064516129032,7.28125,7
"21",2005,7,6.64285714285714,7,6.25,6.8,7,6.7,6.5,2,5,1,5,2,70,43,27,4,36,34,7.26142857142857,7.62325581395349,6.68518518518519,7.125,7.28611111111111,7.23529411764706,8
"22",2005,8,7.64285714285714,7,7.83333333333333,6.5,NA,7.66666666666667,7.625,6,1,0,3,4,77,49,28,4,39,38,7.2961038961039,7.64897959183673,6.67857142857143,7.125,7.31538461538462,7.27631578947368,9
"23",2005,9,6.96153846153846,13,7.5,6.1,NA,6.75,7.14285714285714,8,5,0,6,7,90,57,33,4,45,45,7.24777777777778,7.6280701754386,6.59090909090909,7.125,7.24,7.25555555555556,10
"24",2005,10,7.9375,8,8,7.75,8,8,7.9,6,2,1,3,5,98,63,35,5,48,50,7.30408163265306,7.66349206349206,6.65714285714286,7.3,7.2875,7.32,11
"25",2005,11,7.59090909090909,11,7.59090909090909,NA,NA,7.66666666666667,7.5,11,0,0,6,5,109,74,35,5,54,55,7.33302752293578,7.6527027027027,6.65714285714286,7.3,7.32962962962963,7.33636363636364,12
"26",2005,12,7.07692307692308,13,7.11111111111111,7,NA,7.2,7,9,4,0,5,8,122,83,39,5,59,63,7.30573770491803,7.59397590361446,6.69230769230769,7.3,7.31864406779661,7.29365079365079,13
"27",2006,1,7.5,9,7.64285714285714,7,NA,7.625,7.4,7,2,0,4,5,131,90,41,5,63,68,7.31908396946565,7.59777777777778,6.70731707317073,7.3,7.33809523809524,7.30147058823529,14
"28",2006,2,7.21428571428571,14,8,6.42857142857143,NA,7.3125,7.08333333333333,7,7,0,8,6,145,97,48,5,71,74,7.30896551724138,7.62680412371134,6.66666666666667,7.3,7.33521126760563,7.28378378378378,15
"29",2006,3,7.18181818181818,11,7.1875,7.16666666666667,8,7,7.2,8,3,1,1,10,156,105,51,6,72,84,7.3,7.59333333333333,6.69607843137255,7.41666666666667,7.33055555555555,7.27380952380952,16
"30",2006,4,6.625,8,6.6,6.66666666666667,NA,6.4,7,5,3,0,5,3,164,110,54,6,77,87,7.26707317073171,7.54818181818182,6.69444444444444,7.41666666666667,7.27012987012987,7.26436781609195,17
"31",2006,5,7.57142857142857,7,8,7,NA,7.4,8,4,3,0,5,2,171,114,57,6,82,89,7.27953216374269,7.5640350877193,6.71052631578947,7.41666666666667,7.2780487804878,7.28089887640449,18
"32",2006,6,7.58333333333333,6,7,7.875,NA,7.9,6,2,4,0,5,1,177,116,61,6,87,90,7.28983050847458,7.55431034482759,6.78688524590164,7.41666666666667,7.31379310344828,7.26666666666667,19
"33",2006,7,7,13,7.6875,5.9,NA,6.5,7.09090909090909,8,5,0,2,11,190,124,66,6,89,101,7.27,7.56290322580645,6.71969696969697,7.41666666666667,7.29550561797753,7.24752475247525,20
"34",2006,8,7.36363636363636,11,7.57142857142857,7,NA,7.58333333333333,7.1,7,4,0,6,5,201,131,70,6,95,106,7.27512437810945,7.56335877862595,6.73571428571429,7.41666666666667,7.31368421052631,7.24056603773585,21
"35",2006,9,7.22222222222222,9,7.75,6.8,6,7.33333333333333,7,4,5,1,6,3,210,135,75,7,101,109,7.27285714285714,7.56888888888889,6.74,7.21428571428571,7.31485148514851,7.23394495412844,22
"36",2006,10,7.25,16,7.63636363636364,6.4,8,6.8,7.45454545454545,11,5,1,5,11,226,146,80,8,106,120,7.2712389380531,7.57397260273972,6.71875,7.3125,7.29056603773585,7.25416666666667,23
"37",2006,11,7.44,10,7.56666666666667,7.25,6,7.13333333333333,7.57142857142857,6,4,1,3,7,236,152,84,9,109,127,7.27838983050848,7.57368421052631,6.74404761904762,7.16666666666667,7.28623853211009,7.27165354330709,24
"38",2006,12,7.34821428571429,28,7.71052631578947,6.58333333333333,7,7.5625,7.1875,19,9,1,12,16,264,171,93,10,121,143,7.28579545454545,7.58888888888889,6.72849462365591,7.15,7.31363636363636,7.26223776223776,25
"39",2007,1,7.08333333333333,24,7.15384615384615,7,6.83333333333333,6.77272727272727,7.34615384615385,13,11,3,11,13,288,184,104,13,132,156,7.26892361111111,7.55815217391304,6.75721153846154,7.07692307692308,7.26856060606061,7.26923076923077,26
"40",2007,2,7.29397777777778,18,7.53846153846154,6.65832,NA,7.5,7.16287272727273,13,5,0,7,11,306,197,109,13,139,167,7.27039738562091,7.55685279187817,6.7526752293578,7.07692307692308,7.28021582733813,7.2622251497006,27
"41",2007,3,6.98,15,7.32222222222222,6.46666666666667,NA,8.13333333333333,6.69166666666667,9,6,0,3,12,321,206,115,13,142,179,7.25682741433022,7.54660194174757,6.73775304347826,7.07692307692308,7.29823943661972,7.22397541899441,28
"42",2007,4,6.64666666666667,15,6.9625,6.28571428571429,NA,6.7125,6.57142857142857,8,7,0,8,7,336,214,122,13,150,186,7.22958809523809,7.52476635514019,6.71181639344262,7.07692307692308,7.267,7.19941720430108,29
"43",2007,5,7.44666666666667,15,7.51538461538462,7,8,7.45714285714286,7.4375,13,2,1,7,8,351,227,124,14,157,194,7.23886495726495,7.52422907488987,6.71646451612903,7.14285714285714,7.27547770700637,7.20923505154639,30
"44",2007,6,7.26363636363636,11,7.0625,7.8,8,8,6.9875,8,3,1,3,8,362,235,127,15,160,202,7.23961767955801,7.50851063829787,6.74205984251968,7.2,7.2890625,7.20045346534654,31
"45",2007,7,7.5,15,8.1,6.3,NA,7.8,7.35,10,5,0,5,10,377,245,132,15,165,212,7.24997771883289,7.53265306122449,6.72531515151515,7.2,7.30454545454545,7.20750754716981,32
"46",2007,8,7.57142857142857,21,7.83333333333333,6.91666666666667,NA,7.5,7.63636363636364,15,6,0,10,11,398,260,138,15,175,223,7.26693869346733,7.55,6.7336347826087,7.2,7.31571428571429,7.22866188340807,33
"47",2007,9,6.5,6,8,6.2,6,6.5,6.5,1,5,1,4,2,404,261,143,16,179,225,7.25554851485148,7.55172413793103,6.71497622377622,7.125,7.29748603351955,7.22218488888889,34
"48",2007,10,7.49157894736842,19,7.25692307692308,8,7.5,7.62,7.41666666666667,13,6,1,7,12,423,274,149,17,186,237,7.26615035460993,7.53773722627737,6.76672214765101,7.14705882352941,7.30962365591398,7.23203206751055,35
"49",2007,11,7.14516129032258,31,7.78571428571429,6.61764705882353,7,7.18181818181818,7.125,14,17,1,11,20,454,288,166,18,197,257,7.25788898678414,7.54979166666667,6.75145542168675,7.13888888888889,7.30248730964467,7.22370272373541,36
"50",2007,12,7.168,25,7.63333333333333,6.47,6,6.95454545454545,7.33571428571429,15,10,1,11,14,479,303,176,19,208,271,7.25319749478079,7.55392739273927,6.73546363636364,7.07894736842105,7.28408653846154,7.22948929889299,37
"51",2008,1,6.54642857142857,28,7.17692307692308,6,7.5,6.21428571428571,6.65714285714286,13,15,2,7,21,507,316,191,21,215,292,7.21416489151874,7.53841772151899,6.67770471204188,7.11904761904762,7.24925581395349,7.18832739726027,38
"52",2008,2,6.97826086956522,23,7.39285714285714,6.33333333333333,6.5,6.75,7.05882352941176,14,9,2,6,17,530,330,200,23,221,309,7.20392754716981,7.53224242424243,6.662208,7.06521739130435,7.23570135746606,7.18120258899677,39
"53",2008,3,7.14,20,7.09285714285714,7.25,NA,7.5,6.84545454545455,14,6,0,9,11,550,344,206,23,230,320,7.20160290909091,7.51436046511628,6.6793281553398,7.06521739130435,7.24604347826087,7.16966125,40
"54",2008,4,7.15,20,7.41666666666667,6.75,NA,6.5,7.3125,12,8,0,4,16,570,356,214,23,234,336,7.19979228070175,7.51106741573034,6.68197009345794,7.06521739130435,7.2332905982906,7.1764630952381,41
"55",2008,5,7.38260869565217,23,7.6125,6.85714285714286,7,6.85833333333333,7.95454545454545,16,7,4,12,11,593,372,221,27,246,347,7.20688296795953,7.51543010752688,6.6875185520362,7.05555555555556,7.215,7.20112853025937,42
"56",2008,6,7.28496153846154,26,7.32726666666667,7.22727272727273,7,7.40908333333333,7.17857142857143,15,11,2,12,14,619,387,232,29,258,361,7.21016252019386,7.50813695090439,6.71311034482759,7.05172413793103,7.22402713178295,7.20025373961219,43
"57",2008,7,6.812,25,6.84615384615385,6.775,6.15,7.13076923076923,6.46666666666667,13,12,4,13,12,644,400,244,33,271,373,7.19470590062112,7.4866225,6.71615409836066,6.94242424242424,7.21955350553506,7.17665308310992,44
"58",2008,8,7.31428571428571,28,7.55882352941176,6.93636363636364,6.96,7.22222222222222,7.35789473684211,17,11,5,9,19,672,417,255,38,280,392,7.19968839285714,7.48956594724221,6.72565333333333,6.94473684210526,7.21963928571429,7.18543775510204,45
"59",2008,9,7,15,7.11111111111111,6.83333333333333,7.5,7,7,9,6,1,1,14,687,426,261,39,281,406,7.19532838427948,7.48157042253521,6.72812873563218,6.95897435897436,7.21885765124555,7.1790433497537,46
"60",2008,10,7.29777777777778,45,7.62142857142857,6.76470588235294,6.66666666666667,6.99333333333333,7.45,28,17,3,15,30,732,454,278,42,296,436,7.20162650273224,7.49019603524229,6.7303654676259,6.93809523809524,7.20742905405405,7.1976871559633,47
"61",2008,11,6.95,50,7.46551724137931,6.23809523809524,6.25,7.09375,6.88235294117647,29,21,6,16,34,782,483,299,48,312,470,7.1855378516624,7.48871428571429,6.69579130434782,6.85208333333333,7.20159935897436,7.17487574468085,48
"62",2008,12,7.141,51,7.3696875,6.75584210526316,6.875,7.12786956521739,7.15178571428571,32,19,8,23,28,833,515,318,56,335,498,7.18281104441777,7.48131844660194,6.69937924528302,6.85535714285714,7.19653731343283,7.17357751004016,49
"63",2009,1,7.10138888888889,72,7.15625,6.99166666666667,7.16363636363636,7.06923076923077,7.1195652173913,48,24,11,26,46,905,563,342,67,361,544,7.17633325966851,7.45360390763766,6.71989064327485,6.90597014925373,7.18736842105263,7.16901029411765,50
"64",2009,2,6.93070175438597,57,7.11060606060606,6.68333333333333,6.33333333333333,6.65384615384615,7.0125,33,24,6,13,44,962,596,366,73,374,588,7.16177920997921,7.43461241610738,6.71749344262295,6.85890410958904,7.16882352941176,7.15729863945578,51
"65",2009,3,7.02641509433962,53,7.11333333333333,6.91304347826087,6.77777777777778,7.1875,6.99777777777778,30,23,9,8,45,1015,626,389,82,382,633,7.15471093596059,7.41921565495208,6.72905552699229,6.85,7.16921465968586,7.14595829383886,52
"66",2009,4,6.80350877192982,57,7.14814814814815,6.49333333333333,6.5,6.66666666666667,6.85238095238095,27,30,6,15,42,1072,653,419,88,397,675,7.13603694029851,7.40800765696784,6.71217804295943,6.82613636363636,7.15022670025189,7.12769125925926,53
"67",2009,5,6.92560975609756,41,7.31136363636364,6.47894736842105,6.08333333333333,6.71363636363636,7.00333333333333,22,19,6,11,30,1113,675,438,94,408,705,7.12828535489667,7.40485777777778,6.70206073059361,6.77872340425532,7.13845588235294,7.12239943262411,54
"68",2009,6,6.76,40,6.84375,6.70416666666667,6.85,6.56666666666667,6.81612903225806,16,24,6,9,31,1153,691,462,100,417,736,7.11550875975716,7.39186541244573,6.70217012987013,6.783,7.12611510791367,7.10949945652174,55
"69",2009,7,6.87941176470588,51,7.42291666666667,6.3962962962963,6.42727272727273,6.75,6.915,24,27,11,11,40,1204,715,489,111,428,776,7.10550797342193,7.39290769230769,6.68528139059305,6.74774774774775,7.11644859813084,7.09947371134021,56
"70",2009,8,6.65232558139535,43,7.27857142857143,6.05454545454545,6,6.04166666666667,6.88870967741935,21,22,4,12,31,1247,736,511,115,440,807,7.08988099438653,7.38964538043478,6.65812641878669,6.72173913043478,7.08713636363636,7.09137744733581,57
"71",2009,9,6.86153846153846,39,7.09090909090909,6.56470588235294,6.6,6.83333333333333,6.86666666666667,22,17,6,6,33,1286,758,528,121,446,840,7.08295614307932,7.38097493403694,6.65511856060606,6.71570247933884,7.08372197309417,7.08254952380953,58
"72",2009,10,7.08333333333333,48,7.45652173913043,6.74,6.45454545454545,7.0625,7.09375,23,25,11,16,32,1334,781,553,132,462,872,7.08296971514243,7.38319974391805,6.65895587703436,6.69393939393939,7.08298701298701,7.08296055045872,59
"73",2009,11,6.77209302325581,43,7.2,6.4,6.65,6.66666666666667,6.81290322580645,20,23,10,12,31,1377,801,576,142,474,903,7.07326187363834,7.37862546816479,6.648615625,6.69084507042254,7.07244725738397,7.07368947951274,60
"74",2009,12,6.93870967741935,62,7.25740740740741,6.69285714285714,6.05769230769231,6.9125,6.95119047619048,27,35,13,20,42,1439,828,611,155,494,945,7.06746462821404,7.37467270531401,6.65114991816694,6.63774193548387,7.06597165991903,7.06824507936508,61
"75",2010,1,6.63358208955224,67,6.72307692307692,6.50892857142857,6.45,6.47,6.73095238095238,39,28,8,25,42,1506,867,639,163,519,987,7.04816175298805,7.34536216839677,6.64491799687011,6.62852760736196,7.03726396917148,7.05389219858156,62
"76",2010,2,6.92093023255814,43,7.26363636363636,6.56190476190476,6.6,7.16666666666667,6.8258064516129,22,21,8,12,31,1549,889,660,171,531,1018,7.044629825694,7.34333970753656,6.64227666666667,6.62719298245614,7.04018832391714,7.04694656188605,63
"77",2010,3,6.73243243243243,37,7.02777777777778,6.45263157894737,6.56,6.95,6.65185185185185,18,19,10,10,27,1586,907,679,181,541,1045,7.03734653215637,7.33707717750827,6.63696995581738,6.62348066298342,7.03852125693161,7.03673837320574,64
"78",2010,4,6.98809523809524,21,7.27272727272727,6.675,6.29166666666667,7.06428571428571,6.95,11,10,6,7,14,1607,918,689,187,548,1059,7.03670292470442,7.33630610021787,6.63752191582003,6.61283422459893,7.0388503649635,7.03559169027385,65
"79",2010,5,6.78026315789474,38,7.35555555555556,6.2625,5.78571428571429,6.9375,6.73833333333333,18,20,7,8,30,1645,936,709,194,556,1089,7.0307790881459,7.33667628205128,6.62694301833568,6.58298969072165,7.03739208633093,7.02740275482094,66
"80",2010,6,6.836,25,7.00666666666667,6.58,6.25,6.57142857142857,6.93888888888889,15,10,4,7,18,1670,951,719,198,563,1107,7.02786323353294,7.33147108307045,6.62629012517385,6.57626262626262,7.03159857904085,7.02596350496838,67
"81",2010,7,6.88235294117647,34,6.79375,6.96111111111111,7.33333333333333,7.17,6.7625,16,18,3,10,24,1704,967,737,201,573,1131,7.02495985915493,7.32257394002068,6.63446757123474,6.58756218905472,7.03401396160558,7.02037276746242,68
"82",2010,8,6.66129032258065,31,7.03125,6.26666666666667,6.85714285714286,7.57142857142857,6.39583333333333,16,15,7,7,24,1735,983,752,208,580,1155,7.01846201729107,7.31783214649034,6.62713111702128,6.59663461538461,7.0405,7.00739532467532,69
"83",2010,9,6.71739130434783,23,6.85714285714286,6.5,6.16666666666667,6.5,6.73809523809524,14,9,3,2,21,1758,997,761,211,582,1176,7.01452309442548,7.3113630892678,6.62562759526938,6.59052132701422,7.03864261168385,7.00258639455782,70
"84",2010,10,6.575,28,7.37272727272727,6.05882352941176,5.71428571428571,6.5,6.605,11,17,7,8,20,1786,1008,778,218,590,1196,7.00763247480403,7.31203273809524,6.61324241645244,6.56238532110092,7.03133898305085,6.99593779264214,71
"85",2010,11,6.63951219512195,41,6.83833333333333,6.35882352941176,6.14285714285714,6.662,6.63225806451613,24,17,7,10,31,1827,1032,795,225,600,1227,6.99937142857143,7.30101647286822,6.60780201257862,6.54933333333333,7.02518333333333,6.98674947025265,72
"86",2010,12,6.46891891891892,37,6.54782608695652,6.33928571428571,6.33333333333333,6.8625,6.28,23,14,3,12,25,1864,1055,809,228,612,1252,6.98884206008584,7.28459620853081,6.60315525339926,6.54649122807017,7.02199346405229,6.97263706070288,73
"87",2011,1,6.71833333333333,30,7.1,6.28214285714286,5,6.91428571428571,6.65869565217391,16,14,2,7,23,1894,1071,823,230,619,1275,6.98455733896515,7.28183846872082,6.59769453219927,6.53304347826087,7.02077544426494,6.96697380392157,74
"88",2011,2,7.03333333333333,33,7.29473684210526,6.67857142857143,6.4,7.30769230769231,6.855,19,14,5,13,20,1927,1090,837,235,632,1295,6.98539263103269,7.2820633027523,6.59904731182796,6.53021276595745,7.02667721518987,6.96524447876448,75
"89",2011,3,6.61458333333333,24,6.69444444444444,6.56666666666667,6.5,5.6,6.88157894736842,9,15,4,5,19,1951,1099,852,239,637,1314,6.9808311635059,7.27725113739764,6.59847723004695,6.52970711297071,7.01547880690738,6.96403470319635,76
"90",2011,4,6.96117647058824,17,7.48,6.5,6.625,6,7.16714285714286,8,9,4,3,14,1968,1107,861,243,640,1328,6.98066138211382,7.27871635049684,6.59744785133566,6.53127572016461,7.01071875,6.96617590361446,77
"91",2011,5,6.74848484848485,33,7,6.44666666666667,NA,6.82857142857143,6.72692307692308,18,15,0,7,26,2001,1125,876,243,647,1354,6.9768323838081,7.27425688888889,6.59486598173516,6.53127572016461,7.00874806800618,6.96158168389956,78
"92",2011,6,6.59090909090909,22,6.95,6.29166666666667,7,5.5,6.83333333333333,10,12,1,4,18,2023,1135,888,244,651,1372,6.9726354918438,7.2714,6.59076869369369,6.53319672131147,6.9994777265745,6.95989912536443,79
"93",2011,7,6.6952380952381,21,6.6,6.76666666666667,6,6.58,6.73125,9,12,1,5,16,2044,1144,900,245,656,1388,6.969785518591,7.26611800699301,6.593114,6.53102040816326,6.99628048780488,6.95726340057637,80
"94",2011,8,6.46304347826087,23,6.515,6.42307692307692,6.66666666666667,6.125,6.64333333333333,10,13,3,8,15,2067,1154,913,248,664,1403,6.96414687953556,7.25960918544194,6.59069288061336,6.53266129032258,6.98578313253012,6.95390705630791,81
"95",2011,9,6.99375,16,7.67142857142857,6.46666666666667,7,7.1,6.95833333333333,7,9,1,4,12,2083,1161,922,249,668,1415,6.96437426788286,7.26209216192937,6.58948221258134,6.53453815261044,6.98646706586826,6.95394459363958,82
"96",2011,10,6.88235294117647,17,7.66666666666667,6,5,6.75,6.95454545454545,9,8,2,6,11,2100,1170,930,251,674,1426,6.96371028571429,7.26520427350427,6.58441139784946,6.52231075697211,6.98436201780415,6.9539492286115,83
"97",2011,11,6.56176470588235,34,6.875,6.39090909090909,6.25,6.19230769230769,6.79047619047619,12,22,8,13,21,2134,1182,952,259,687,1447,6.95730627928772,7.26124280879865,6.57993970588235,6.51389961389961,6.96937409024745,6.95157677954388,84
"98",2011,12,6.70833333333333,12,7.8,5.92857142857143,6.875,6.75,6.6875,5,7,4,4,8,2146,1187,959,263,691,1455,6.95591407269338,7.26351221566976,6.57518519290928,6.51939163498099,6.96810419681621,6.95012481099656,85
"99",2012,1,6.43571428571429,28,6.92307692307692,6.01333333333333,5.8,6.78571428571429,6.31904761904762,13,15,5,7,21,2174,1200,974,268,698,1476,6.9492141674333,7.25982416666667,6.56653244353183,6.50597014925373,6.96627507163324,6.94114607046071,86
"100",2012,2,6.59375,32,6.96875,6.21875,5.83333333333333,6.125,6.875,16,16,6,12,20,2206,1216,990,274,710,1496,6.94405784224841,7.25599424342105,6.56091171717172,6.49124087591241,6.95205633802817,6.94026176470588,87
"101",2012,3,7.01,22,7.10142857142857,6.85,6.33333333333333,6.58333333333333,7.17,14,8,3,6,16,2228,1230,998,277,716,1512,6.94470897666068,7.25423495934959,6.56322905811623,6.48953068592058,6.94896648044693,6.94269285714286,88
"102",2012,4,6.75714285714286,28,6.94285714285714,6.57142857142857,6.75,6.4,6.83478260869565,14,14,4,5,23,2256,1244,1012,281,721,1535,6.9423810283688,7.2507307073955,6.56334249011858,6.4932384341637,6.94515950069348,6.94107596091205,89
"103",2012,5,6.55263157894737,19,7.05,6,6.25,7,6.39285714285714,10,9,4,5,14,2275,1254,1021,285,726,1549,6.93912597802198,7.24912998405104,6.55837668952008,6.48982456140351,6.94553719008264,6.9361211103938,90
"104",2012,6,6.6625,16,6.65714285714286,6.66666666666667,7.33333333333333,7.2,6.41818181818182,7,9,3,5,11,2291,1261,1030,288,731,1560,6.93719406372763,7.24584377478192,6.55932291262136,6.49861111111111,6.94727770177838,6.93246897435898,91
"105",2012,7,6.56260869565217,23,7.2,6.07230769230769,6.6,6.57142857142857,6.55875,10,13,5,7,16,2314,1271,1043,293,738,1576,6.93347087294728,7.24548308418568,6.5532527325024,6.50034129692833,6.94371273712737,6.92867487309645,92
"106",2012,8,6.76923076923077,13,7.6,6.25,6,7.66666666666667,6.5,5,8,1,3,10,2327,1276,1051,294,741,1586,6.93255333046842,7.24687225705329,6.5509444338725,6.49863945578231,6.94663967611336,6.92597200504414,93
"107",2012,9,6.875,8,8,6.5,5.83333333333333,5.875,7.875,2,6,3,4,4,2335,1278,1057,297,745,1590,6.93235614561028,7.24805086071988,6.55065525070956,6.49191919191919,6.94088590604027,6.92835949685535,94
"108",2012,10,6.71923076923077,26,6.67142857142857,6.775,6.2,6.48333333333333,6.79,14,12,5,6,20,2361,1292,1069,302,751,1610,6.93000914866582,7.24180263157895,6.5531736202058,6.48708609271523,6.93723035952064,6.92664074534162,95
"109",2012,11,6.58333333333333,12,6.85714285714286,6.2,5,6,6.875,7,5,2,4,8,2373,1299,1074,304,755,1618,6.92825604719764,7.23972979214781,6.55152942271881,6.47730263157895,6.93226490066225,6.92638541409147,96
"110",2012,12,7.11666666666667,12,7,7.23333333333333,7,7.225,7.0625,6,6,2,4,8,2385,1305,1080,306,759,1626,6.92920402515723,7.2386275862069,6.55531722222222,6.48071895424837,6.93380764163373,6.92705510455105,97
"111",2013,1,6.6,20,6.84615384615385,6.14285714285714,6,6.33333333333333,6.64705882352941,13,7,2,3,17,2405,1318,1087,308,762,1643,6.92646636174636,7.2347564491654,6.55266108555658,6.4775974025974,6.9314435695538,6.92415800365186,98
"112",2013,2,6.52941176470588,17,6.64285714285714,6.45,6.75,6.5,6.54545454545455,7,10,4,6,11,2422,1325,1097,312,768,1654,6.9236794384806,7.23162943396227,6.55172525068368,6.48108974358974,6.92807291666666,6.92163941958888,99
"113",2013,3,6.765,20,6.91428571428571,6.41666666666667,8,6.85714285714286,6.71538461538462,14,6,1,7,13,2442,1339,1103,313,775,1667,6.92237985257985,7.22831142643764,6.55099057116954,6.48594249201278,6.92743225806451,6.92003095380924,100
"114",2013,4,6.57333333333333,15,6.5625,6.58571428571429,7,6,6.78181818181818,8,7,3,4,11,2457,1347,1110,316,779,1678,6.92024892144892,7.22435708982925,6.55120954954955,6.49082278481012,6.92267008985879,6.91912491060787,101
"115",2013,5,6.79166666666667,12,7.05555555555556,6,6,6.25,7.875,9,3,3,8,4,2469,1356,1113,319,787,1682,6.91962397731875,7.22323672566372,6.54972380952381,6.48620689655172,6.91583227445997,6.92139809750297,102
"116",2013,6,6.9375,16,7.66666666666667,6.5,5,8,6.86666666666667,6,10,3,1,15,2485,1362,1123,322,788,1697,6.91973907444668,7.22519016152717,6.54928103294746,6.4723602484472,6.91720812182741,6.92091431938715,103
"117",2013,7,6.60416666666667,24,6.5,6.69230769230769,5.91666666666667,5.92857142857143,6.88235294117647,11,13,6,7,17,2509,1373,1136,328,795,1714,6.91672044639299,7.21938018936635,6.55091778169014,6.46219512195122,6.90850314465409,6.92053185530922,104
"118",2013,8,5.84666666666667,15,6.28571428571429,5.4625,6.33333333333333,5.75,5.86153846153846,7,8,3,2,13,2524,1380,1144,331,797,1727,6.91036117274168,7.21464420289855,6.54330646853147,6.46102719033232,6.90559598494354,6.91256027793862,105
"119",2013,9,6.91666666666667,18,6.72222222222222,7.11111111111111,5,6.1,7.23076923076923,9,9,1,5,13,2542,1389,1153,332,802,1740,6.91040582218726,7.2114535637149,6.54773859496964,6.45662650602409,6.90057356608479,6.91493770114943,106
"120",2013,10,6.08235294117647,17,6.3,5.77142857142857,6.5,5.75,6.18461538461538,10,7,2,4,13,2559,1399,1160,334,806,1753,6.9049048847206,7.20493852751966,6.54305396551724,6.45688622754491,6.8948635235732,6.90952173417,107
"121",2013,11,5.95277777777778,18,6.37857142857143,5.68181818181818,5.66666666666667,6.33333333333333,5.87666666666667,7,11,6,3,15,2577,1406,1171,340,809,1768,6.89825440434614,7.20082432432432,6.53496379163108,6.44294117647059,6.89278121137206,6.90075882352941,108
"122",2013,12,6.175,20,6.92307692307692,4.78571428571429,NA,6.66666666666667,6.08823529411765,13,7,0,3,17,2597,1419,1178,340,812,1785,6.89268448209473,7.19827977448908,6.52456926994907,6.44294117647059,6.89194581280788,6.89302050420168,109
"123",2014,1,6.69444444444444,18,7.16666666666667,6.22222222222222,6.25,6.875,6.64285714285714,9,9,4,4,14,2615,1428,1187,344,816,1799,6.89131992351817,7.19808053221289,6.52227683235046,6.4406976744186,6.89186274509804,6.89107370761534,110
"124",2014,2,6.67777777777778,18,6.75,6.53333333333333,6.5,6.34,6.80769230769231,12,6,2,5,13,2633,1440,1193,346,821,1812,6.88986008355488,7.19434652777778,6.52233243922883,6.44104046242774,6.88850182704019,6.89047549668874,111
"125",2014,3,6.68333333333333,18,7,6.18571428571429,6.33333333333333,6.1,6.8,11,7,3,3,15,2651,1451,1200,349,824,1827,6.88845778951339,7.19287319090283,6.52036883333333,6.44011461318051,6.88563106796116,6.88973267651888,112
"126",2014,4,6.38888888888889,9,6.75,5.66666666666667,7,7,6.08333333333333,6,3,2,3,6,2660,1457,1203,351,827,1833,6.88676751879699,7.19104941660947,6.51823990024938,6.44330484330484,6.88604594921402,6.88709307146754,113
"127",2014,5,6.63333333333333,15,6.95,6,6.5,6.875,6.54545454545455,10,5,2,4,11,2675,1467,1208,353,831,1844,6.88534639252337,7.18940627130198,6.51609486754967,6.44362606232294,6.88599277978339,6.88505509761388,114
"128",2014,6,8.21428571428571,7,8.3,8,8,9.5,7.7,5,2,2,2,5,2682,1472,1210,355,833,1849,6.8888149142431,7.19317866847826,6.51854760330578,6.45239436619718,6.89226890756302,6.88725884261763,115
"129",2014,7,7.06153846153846,13,7.34444444444444,6.425,6,6.75,7.2,9,4,2,4,9,2695,1481,1214,357,837,1858,6.88964808905381,7.19409790681972,6.51823937397035,6.44985994397759,6.8915890083632,6.88877373519914,116
"130",2014,8,6.63125,16,6.6875,6.575,5.9,6.82,6.54545454545455,8,8,4,5,11,2711,1489,1222,361,842,1869,6.88812305422354,7.19137609133647,6.51861096563011,6.44376731301939,6.89116389548693,6.88675313001605,117
"131",2014,9,6.45454545454545,11,6.66666666666667,6.2,7,6.5,6.45,6,5,1,1,10,2722,1495,1227,362,843,1879,6.88637090374725,7.18927023411371,6.51731263243684,6.44530386740331,6.89069988137604,6.88442873869079,118
"132",2014,10,5.95,10,5.9,6,6,NA,5.95,5,5,2,0,10,2732,1500,1232,364,843,1889,6.88294348462665,7.18497266666667,6.51521314935065,6.44285714285714,6.89069988137604,6.87948205399682,119
"133",2014,11,6.63076923076923,13,7.7,6.15555555555556,6.2,6.48571428571429,6.8,4,9,2,7,6,2745,1504,1241,366,850,1895,6.88174921675774,7.18634242021277,6.51260483481064,6.44153005464481,6.88736470588235,6.87923039577836,120
"134",2014,12,6.18888888888889,9,5.92857142857143,7.1,7,4,6.4625,7,2,1,1,8,2754,1511,1243,367,851,1903,6.87948496732026,7.18051555261416,6.51354995977474,6.44305177111716,6.88397179788484,6.87747850761955,121
"135",2015,1,6.68666666666667,15,7.05,5.96,6.6,7,6.60833333333333,10,5,3,3,12,2769,1521,1248,370,854,1915,6.8784404478151,7.17965746219592,6.51133221153846,6.44432432432432,6.8843793911007,6.87579195822454,122
"136",2015,2,6.67857142857143,14,7.05555555555556,6,6.75,6.5,6.72727272727273,9,5,2,3,11,2783,1530,1253,372,857,1926,6.87743499820338,7.17892745098039,6.50929177972865,6.44596774193548,6.88303383897316,6.87494371754933,123
"137",2015,3,6.53,20,7.11428571428571,5.16666666666667,4,6.83333333333333,6.47647058823529,14,6,1,3,17,2803,1544,1259,373,860,1943,6.87495597574028,7.17834132124352,6.50289324861001,6.43941018766756,6.88286046511628,6.87145733401956,124
"138",2015,4,6.40909090909091,11,6.14285714285714,6.875,NA,6,6.5625,7,4,0,3,8,2814,1551,1263,373,863,1951,6.87313489694385,7.17366795615732,6.50407173396674,6.43941018766756,6.87979142526072,6.87019046642747,125
"139",2015,5,6.1875,16,6.15,6.25,6,6.25,6.16666666666667,10,6,4,4,12,2830,1561,1269,377,867,1963,6.86925851590106,7.16711018577835,6.50287044917258,6.43474801061008,6.87688581314879,6.86588976057056,126
"140",2015,6,6.75333333333333,15,7.0375,6.42857142857143,6.83333333333333,NA,6.75333333333333,8,7,3,0,15,2845,1569,1276,380,867,1978,6.86864731107206,7.16644933078394,6.50246285266458,6.4378947368421,6.87688581314879,6.86503619817998,127
"141",2015,7,7.06666666666667,15,7.25714285714286,6.9,7.075,6.5,7.15384615384615,7,8,4,2,13,2860,1576,1284,384,869,1991,6.86968587412588,7.16685215736041,6.50493971962617,6.44453125,6.87601841196778,6.86692194876946,128
"142",2015,8,7.063125,16,7.22222222222222,6.85857142857143,6.8,7.5,6.9175,9,7,1,4,12,2876,1585,1291,385,873,2003,6.87076203059805,7.1671665615142,6.50685716498838,6.44545454545455,6.87887743413516,6.86722496255617,129
"143",2015,9,7.09090909090909,11,7,7.25,NA,8,6.88888888888889,7,4,0,2,9,2887,1592,1295,385,875,2012,6.87160083131278,7.16643153266332,6.50915258687259,6.44545454545455,6.88144,6.86732186878728,130
"144",2015,10,6,7,8,5.2,4.33333333333333,4,6.33333333333333,2,5,3,1,6,2894,1594,1300,388,876,2018,6.86949260539046,7.1674774153074,6.50411738461538,6.42912371134021,6.87815068493151,6.86573419226957,131
"145",2015,11,6.49705882352941,17,7,6.145,6.66666666666667,6.7,6.4125,7,10,3,5,12,2911,1601,1310,391,881,2030,6.86731762281003,7.16674515927545,6.50137603053435,6.4309462915601,6.87713961407491,6.86305497536946,132
"146",2015,12,6.33913043478261,23,6.54166666666667,6.11818181818182,5.125,6.25,6.35789473684211,12,11,4,4,19,2934,1613,1321,395,885,2049,6.86317709611452,7.16209485430874,6.49818516275549,6.41772151898734,6.87430508474576,6.85837071742313,133
"147",2016,1,6.44583333333333,24,6.98,5.55555555555556,4.5,6.5,6.43809523809524,15,9,2,3,21,2958,1628,1330,397,888,2070,6.85979093982421,7.16041707616708,6.49180646616541,6.4080604534005,6.87304054054054,6.8541070531401,134
"148",2016,2,6.67777777777778,18,6.58571428571429,7,6,6.5,6.7,14,4,1,2,16,2976,1642,1334,398,890,2086,6.85869005376344,7.15551705237515,6.49333028485757,6.4070351758794,6.87220224719101,6.85292502396932,135
"149",2016,3,6.18666666666667,15,6.475,5.85714285714286,5.8,6.75,5.98181818181818,8,7,5,4,11,2991,1650,1341,403,894,2097,6.8553198261451,7.15221757575758,6.49000939597315,6.39950372208437,6.87165548098434,6.84835555555556,136
"150",2016,4,6.11111111111111,9,6.66666666666667,5.83333333333333,5,6.75,5.92857142857143,3,6,2,2,7,3000,1653,1347,405,896,2104,6.8530872,7.15133635813672,6.48708433556051,6.39259259259259,6.87138392857143,6.84529543726236,137
"151",2016,5,6.85,10,7.0625,6,6,7.5,6.77777777777778,8,2,1,1,9,3010,1661,1349,406,897,2113,6.85307694352159,7.15090848886213,6.48636219421794,6.39162561576355,6.87208472686733,6.84500785612873,138
"152",2016,6,6.93055555555556,18,7.36363636363636,6.25,6.875,7.14,6.85,11,7,2,5,13,3028,1672,1356,408,902,2126,6.85353751651255,7.15230801435407,6.48514203539823,6.39399509803922,6.87356984478935,6.84503838193791,139
"153",2016,7,6.3125,16,6.8,6.09090909090909,NA,7.5,6.14285714285714,5,11,0,2,14,3044,1677,1367,408,904,2140,6.85069369250986,7.15125760286225,6.48196971470373,6.39399509803922,6.87495575221239,6.8404446728972,140
"154",2016,8,6.5,11,6.57142857142857,6.375,7,7,6.38888888888889,7,4,1,2,9,3055,1684,1371,409,906,2149,6.84943096563012,7.1488473871734,6.4816576221736,6.39547677261614,6.87523178807947,6.83855355979525,141
"155",2016,9,6.19444444444444,18,6.44444444444444,5.94444444444444,7,6.5,6.15625,9,9,2,2,16,3073,1693,1380,411,908,2165,6.84559440286365,7.14510277613703,6.47815405797101,6.39841849148419,6.87440528634361,6.83351113163972,142
"156",2016,10,6.16842105263158,19,6.15384615384615,6.2,NA,7,6.12222222222222,13,6,0,1,18,3092,1706,1386,411,909,2183,6.84143324708926,7.13754923798359,6.47694992784993,6.39841849148419,6.87454345434543,6.82764617498855,143
"157",2016,11,6.828125,16,6.89285714285714,6.77777777777778,7,6.41666666666667,6.92307692307692,7,9,2,3,13,3108,1713,1395,413,912,2196,6.84136473616474,7.13654932866316,6.47889075268817,6.40133171912833,6.87303728070175,6.82821111111111,144
"158",2016,12,6.83333333333333,6,7.33333333333333,6.33333333333333,NA,7,6.8,3,3,0,1,5,3114,1716,1398,413,913,2201,6.84134926140013,7.13689335664336,6.47857839771102,6.40133171912833,6.87317634173056,6.82814702407996,145
"159",2017,1,6.7265625,32,7.0625,6.16666666666667,5.41666666666667,7,6.6875,20,12,6,4,28,3146,1736,1410,419,917,2229,6.84018169103624,7.13603629032258,6.47592382978723,6.38723150357995,6.87372955288986,6.82638026020637,146
"160",2017,2,6.7,12,7.175,5.75,5,5.7,6.9,8,4,1,2,10,3158,1744,1414,420,919,2239,6.83964901836606,7.13621502293578,6.4738702970297,6.38392857142857,6.87117519042437,6.82670906654757,147
"161",2017,3,6.784375,16,6.73,6.875,7.375,7.04166666666667,6.63,10,6,2,6,10,3174,1754,1420,422,925,2249,6.83937038437303,7.13389908779931,6.47556521126761,6.38862559241706,6.87228108108108,6.82583441529569,148
"162",2017,4,5.97222222222222,9,6.4375,5.6,5.66666666666667,5.5,6.10714285714286,4,5,3,2,7,3183,1758,1425,425,927,2256,6.83691850455545,7.13231456200227,6.47249305263158,6.38352941176471,6.86932038834951,6.82360443262411,149
"163",2017,5,6.81875,16,7.00833333333333,6.25,6.5,7.2,6.73076923076923,12,4,1,3,13,3199,1770,1429,426,930,2269,6.83682763363551,7.13147401129943,6.47187025892232,6.38380281690141,6.87038709677419,6.82307254297047,150
"164",2017,6,6.71538461538462,13,6.75,6.68571428571429,5,6.9,6.6,6,7,1,5,8,3212,1776,1436,427,935,2277,6.83633611457036,7.13018524774775,6.47291267409471,6.38056206088993,6.87054545454545,6.82228880105402,151
"165",2017,7,6.42857142857143,14,7,6,5.5,6.83333333333333,6.31818181818182,6,8,3,3,11,3226,1782,1444,430,938,2288,6.83456652200868,7.12974691358025,6.47029265927978,6.37441860465116,6.87042643923241,6.81986520979021,152
"166",2017,8,6.08333333333333,12,6.41666666666667,5.75,5,7,6,6,6,1,1,11,3238,1788,1450,431,939,2299,6.8317824583076,7.12735402684564,6.46731213793103,6.37122969837587,6.87056443024494,6.81594240974337,153
"167",2017,9,6.64285714285714,7,6.75,6.5,NA,NA,6.64285714285714,4,3,0,0,7,3245,1792,1453,431,939,2306,6.83137491525424,7.12651171875,6.46737962835513,6.37122969837587,6.87056443024494,6.8154169991327,154
"168",2017,10,6.70133333333333,15,7.18666666666667,6.37777777777778,6.33333333333333,6.75,6.68363636363636,6,9,3,4,11,3260,1798,1462,434,943,2317,6.83077656441718,7.12671245828699,6.46682804377565,6.37096774193548,6.87005302226935,6.81479136814847,155
"169",2017,11,6.44647368421053,19,6.45,6.44255555555556,6,6.35833333333333,6.48715384615385,10,9,5,6,13,3279,1808,1471,439,949,2330,6.82854974077463,7.12296957964602,6.46667953772944,6.36674259681093,6.8668177028451,6.81296334763949,156
"170",2017,12,6.79047619047619,21,7.31111111111111,6.4,6.28571428571429,6.4,6.9125,9,12,7,5,16,3300,1817,1483,446,954,2346,6.82830745454545,7.12390148596588,6.46613998651382,6.36547085201794,6.86437106918239,6.81364219948849,157
"171",2018,1,5.85882352941176,17,6.6,5.55,6.15,6.32,5.66666666666667,5,12,4,5,12,3317,1822,1495,450,959,2358,6.82333873982514,7.12246377607025,6.45878635451505,6.36355555555556,6.86153284671533,6.80780517387617,158
"172",2018,2,6.675,12,6.7625,6.5,6,NA,6.675,8,4,1,0,12,3329,1830,1499,451,959,2370,6.8228040252328,7.12089016393443,6.45889633088726,6.36274944567627,6.86153284671533,6.80713274261603,159
"173",2018,3,5.7,14,6.76,5.11111111111111,5.66666666666667,5.325,5.85,5,9,3,4,10,3343,1835,1508,454,963,2380,6.81810188453485,7.1199068119891,6.4508525198939,6.35814977973568,6.85515057113188,6.80311117647059,160
"174",2018,4,5.80909090909091,11,6.83333333333333,5.425,6.3,4,5.99,3,8,3,1,10,3354,1838,1516,457,964,2390,6.81479266547406,7.11943906420022,6.44543905013193,6.35776805251641,6.8521887966805,6.7997090376569,161
"175",2018,5,5.8,14,6.7,5.3,5,7,5.47272727272727,5,9,1,3,11,3368,1843,1525,458,967,2401,6.81057440617577,7.11830113944655,6.43867908196721,6.35480349344978,6.85264736297828,6.79362957101208,162
"176",2018,6,7.3,10,7.375,7,NA,7,7.33333333333333,8,2,0,1,9,3378,1851,1527,458,968,2410,6.81202326820604,7.11941058887088,6.43941427635887,6.35480349344978,6.85279958677686,6.79564506224067,163
"177",2018,7,5.85,10,5.375,6.16666666666667,6.5,6,5.8125,4,6,2,2,8,3388,1855,1533,460,970,2418,6.80918376623377,7.11564905660377,6.43834677103718,6.3554347826087,6.8510412371134,6.79239230769231,164
"178",2018,8,6.41666666666667,6,6,6.83333333333333,NA,7.13333333333333,5.7,3,3,0,3,3,3394,1858,1536,460,973,2421,6.80848986446671,7.11384768568353,6.43911822916667,6.3554347826087,6.85191161356629,6.79103866171004,165
"179",2018,9,6.04166666666667,12,7,5.72222222222222,4.5,5.25,6.2,3,9,3,2,10,3406,1861,1545,463,975,2431,6.80578819729888,7.11366415905427,6.43494213592233,6.34341252699784,6.84862564102564,6.78860740436035,166
"180",2018,10,6.80769230769231,13,7.27777777777778,5.75,6,7.66666666666667,6.55,9,4,2,3,10,3419,1870,1549,465,978,2441,6.80579543726236,7.11445401069519,6.43317340219496,6.34193548387097,6.85113496932515,6.78762990577632,167
"181",2018,11,6.7495,20,7.25,5.99875,NA,7.33333333333333,6.64647058823529,12,8,0,3,17,3439,1882,1557,465,981,2458,6.80546804303577,7.1153182784272,6.43094129736673,6.34193548387097,6.85260958205912,6.78665362082995,168
"182",2018,12,6.69444444444444,9,7.20833333333333,5.66666666666667,6,8,6.53125,6,3,1,1,8,3448,1888,1560,466,982,2466,6.80517824825986,7.11561387711864,6.42947153846154,6.3412017167382,6.85377800407332,6.78582506082725,169
"183",2019,1,6.85625,16,6.81666666666667,6.975,5,8,6.33636363636364,12,4,1,5,11,3464,1900,1564,467,987,2477,6.80541414549654,7.11372578947368,6.43086675191816,6.33832976445396,6.85958459979736,6.78382906742027,170
"184",2019,2,7.09090909090909,11,7.6,6.66666666666667,6.5,7.66666666666667,6.875,5,6,2,3,8,3475,1905,1570,469,990,2485,6.8063178705036,7.11500209973753,6.43176789808917,6.33901918976546,6.8620303030303,6.78412257545272,171
"185",2019,3,7.5625,8,7.75,7.375,7.5,7.66666666666667,7.5,4,4,3,3,5,3483,1909,1574,472,993,2490,6.80805472293999,7.11633263488737,6.43416493011436,6.34639830508475,6.8644612286002,6.78556008032129,172
"186",2019,4,6.275,8,6.6,5.95,7,5.6,6.68,4,4,1,3,5,3491,1913,1578,473,996,2495,6.80683317101117,7.11525300575013,6.43293764258555,6.34778012684989,6.86065261044177,6.78534853707415,173
"187",2019,5,7.08333333333333,6,7.3,6,NA,7,7.1,5,1,0,1,5,3497,1918,1579,473,997,2500,6.80730757792394,7.1157346193952,6.43266345788474,6.34778012684989,6.86079237713139,6.78597784,174
"188",2019,6,6.71666666666667,12,6.93333333333333,6.5,6,6.15,6.83,6,6,1,2,10,3509,1924,1585,474,999,2510,6.8069976061556,7.1151658004158,6.43291835962145,6.34704641350211,6.85936936936937,6.78615322709164,175
"189",2019,7,6.33888888888889,9,7.2,5.2625,NA,8.01666666666667,5.5,5,4,0,3,6,3518,1929,1589,474,1002,2516,6.80580005685048,7.11538569206843,6.42997205789805,6.34704641350211,6.86283433133732,6.78308608903021,176
"190",2019,8,6.97272727272727,11,6.88571428571429,7.125,6,7.23333333333333,6.875,7,4,1,3,8,3529,1936,1593,475,1005,2524,6.80632037404364,7.11455526859504,6.43171726302574,6.34631578947368,6.86394029850746,6.78337741679873,177
"191",2019,9,6.56,10,6.62,6.5,NA,6,6.93333333333333,5,5,0,4,6,3539,1941,1598,475,1009,2530,6.80562435716304,7.11328129829985,6.43193091364205,6.34631578947368,6.8605153617443,6.78373304347826,178
"192",2019,10,6.16666666666667,9,5.9,6.5,7,6.5,6.07142857142857,5,4,1,2,7,3548,1946,1602,476,1011,2537,6.80400355129651,7.11016392600205,6.43210087390761,6.34768907563025,6.8598021760633,6.78176767836027,179
"193",2019,11,7.05454545454545,11,7.37142857142857,6.5,NA,NA,7.05454545454545,7,4,0,0,11,3559,1953,1606,476,1011,2548,6.8047779151447,7.11110035842294,6.4322699875467,6.34768907563025,6.8598021760633,6.78294529042386,180
"194",2019,12,6.70555555555556,18,6.5,6.76428571428571,6.66666666666667,5,6.80588235294118,4,14,3,1,17,3577,1957,1620,479,1012,2565,6.80427861336315,7.10985130301482,6.43513925925926,6.34968684759917,6.85796442687747,6.78309730994152,181
"195",2020,1,6.89285714285714,14,6.56666666666667,7.48,NA,NA,6.89285714285714,9,5,0,0,14,3591,1966,1625,479,1012,2579,6.80462394876079,7.10736469989827,6.43835421538461,6.34968684759917,6.85796442687747,6.78369313687476,182
"196",2020,2,6.55882352941176,17,6.65625,6.47222222222222,7,5,6.89285714285714,8,9,2,3,14,3608,1974,1634,481,1015,2593,6.80346579822616,7.10553647416413,6.43854075887393,6.35239085239085,6.85247290640394,6.78428252988816,183
"197",2020,3,7.21875,16,7.45833333333333,6.5,6.5,6,7.39285714285714,12,4,4,2,14,3624,1986,1638,485,1017,2607,6.80529928256071,7.10766817724068,6.43869084249084,6.35360824742268,6.85079646017699,6.78755067126966,184
"198",2020,4,6.21428571428571,7,6.5,5.83333333333333,6,7,6.08333333333333,4,3,1,1,6,3631,1990,1641,486,1018,2613,6.80415990085376,7.10644673366834,6.43758415600244,6.35288065843621,6.85094302554027,6.78593363949483,185
"199",2020,5,6.65,10,7.35714285714286,5,5,7.5,6.28571428571429,7,3,2,3,7,3641,1997,1644,488,1021,2620,6.80373650096127,7.10732548823235,6.43496082725061,6.34733606557377,6.85285014691479,6.78459717557252,186
"200",2020,6,7.07142857142857,7,7.5,6.5,6,7.5,6.9,4,3,1,2,5,3648,2001,1647,489,1023,2625,6.80425016447368,7.10811044477761,6.43507929568913,6.34662576687117,6.85411534701857,6.78481699047619,187
"201",2020,7,6.6875,8,6.85714285714286,5.5,NA,5.5,6.85714285714286,7,1,0,1,7,3656,2008,1648,489,1024,2632,6.80399469365427,7.10723555776892,6.43451189320388,6.34662576687117,6.85279296875,6.78500934650456,188
"202",2020,8,6.28571428571429,7,6.75,5.66666666666667,5.66666666666667,7.5,5.8,4,3,3,2,5,3663,2012,1651,492,1026,2637,6.80300425880426,7.10652534791252,6.43311665657177,6.34247967479675,6.85405458089668,6.78314167614714,189
"203",2020,9,6.57142857142857,7,7.375,5.5,NA,9,6.16666666666667,4,3,0,1,6,3670,2016,1654,492,1027,2643,6.8025625613079,7.10705803571429,6.43142418379685,6.34247967479675,6.8561441090555,6.78174218690882,190
"204",2020,10,6.63636363636364,11,6.55555555555556,7,NA,7,6.55555555555556,9,2,0,2,9,3681,2025,1656,492,1029,2652,6.8020659060038,7.10460691358025,6.43211086956522,6.34247967479675,6.85642371234208,6.7809745852187,191
"205",2020,11,6.104,10,6.29142857142857,5.66666666666667,6,6.16666666666667,6.07714285714286,7,3,1,3,7,3691,2032,1659,493,1032,2659,6.80017464101869,7.10180561023622,6.43072670283303,6.34178498985801,6.85441860465116,6.77912169988718,192
"206",2020,12,6.28,20,6.79166666666667,5.5125,5.775,7.375,6.00625,12,8,4,4,16,3711,2044,1667,497,1036,2675,6.79737122069523,7.09998483365949,6.4263200959808,6.33722334004024,6.85642857142857,6.77449891588785,193
"207",2021,1,6.46923076923077,13,6.87142857142857,6,3,7.83333333333333,6.06,7,6,1,3,10,3724,2051,1673,498,1039,2685,6.79622572502685,7.099204778157,6.42479115361626,6.33052208835341,6.85924927815207,6.77183783985102,194
"208",2021,2,6.86363636363636,11,7.35714285714286,6,7,6.375,7.14285714285714,7,4,1,4,7,3735,2058,1677,499,1043,2692,6.79642425702811,7.10008211856171,6.42377793679189,6.33186372745491,6.85739213806328,6.77280260029718,195
"209",2021,3,6.85714285714286,7,7.5,6.375,6.5,7.16666666666667,6.625,3,4,1,3,4,3742,2061,1681,500,1046,2696,6.79653784072688,7.10066424065987,6.42366186793575,6.3322,6.85827915869981,6.77258330860534,196
"210",2021,4,6.975,8,7.06,6.83333333333333,6.75,6.9,7,5,3,2,2,6,3750,2066,1684,502,1048,2702,6.79691856,7.10056582768635,6.42439168646081,6.33386454183267,6.85835877862595,6.77308830495929,197
"211",2021,5,6.16666666666667,9,6.625,5.8,8,3,6.5625,4,5,1,1,8,3759,2070,1689,503,1049,2710,6.79540957701516,7.09964685990338,6.42254328004736,6.33717693836978,6.85468064823641,6.77246664206642,198
"212",2021,6,6.44444444444444,9,6.28571428571429,7,5,6.5,6.42857142857143,7,2,1,2,7,3768,2077,1691,504,1051,2717,6.79457128450106,7.0969037072701,6.42322625665287,6.33452380952381,6.85400570884871,6.77158064041222,199
"213",2021,7,6.6,10,6.66666666666667,6,NA,9,6.33333333333333,9,1,0,1,9,3778,2086,1692,504,1052,2726,6.7940562731604,7.09504745925216,6.42297612293144,6.33452380952381,6.85604562737642,6.77013374908291,200
"214",2021,8,6.23076923076923,13,6.33333333333333,6.14285714285714,6.5,5.33333333333333,6.5,6,7,2,3,10,3791,2092,1699,506,1055,2736,6.79212466367713,7.09286281070746,6.42182201294879,6.33517786561265,6.85171563981043,6.76914641812866,201
"215",2021,9,6.55833333333333,12,7.8375,4,5,6,6.60909090909091,8,4,1,1,11,3803,2100,1703,507,1056,2747,6.791386957665,7.09569952380952,6.41613364650616,6.33254437869822,6.85090909090909,6.76850549690572,202
"216",2021,10,7.05555555555556,9,6.9375,8,NA,7.375,6.8,8,1,0,4,5,3812,2108,1704,507,1060,2752,6.79201065057712,7.09509914611006,6.41706314553991,6.33254437869822,6.85288679245283,6.76856271802326,203
"217",2021,11,6.64285714285714,7,6.41666666666667,8,7,7.66666666666667,5.875,6,1,1,3,4,3819,2114,1705,508,1063,2756,6.7917372610631,7.09317360454116,6.4179915542522,6.33385826771654,6.85518344308561,6.76726582002903,204
"218",2021,12,6.13,10,5.875,6.3,6,5.43333333333333,6.42857142857143,4,6,1,3,7,3829,2118,1711,509,1066,2763,6.7900090363019,7.09087299338999,6.41757779076563,6.33320235756385,6.85118198874296,6.76640774520449,205
"219",2022,1,6.78571428571429,21,7.21875,5.4,NA,7.375,6.64705882352941,16,5,0,4,17,3850,2134,1716,509,1070,2780,6.78998561038961,7.09183177132146,6.41461282051282,6.33320235756385,6.85314018691589,6.76567791366907,206
"220",2022,2,6.375,10,6.95,5.8,5,6,6.41666666666667,5,5,1,1,9,3860,2139,1721,510,1071,2789,6.78891051813471,7.09150023375409,6.41282719349215,6.33058823529412,6.85234360410831,6.76455166726425,207
"221",2022,3,6.26928571428571,14,6.22222222222222,6.354,NA,4.77,6.38461538461539,9,5,0,1,13,3874,2148,1726,510,1072,2802,6.78703267940113,7.08785800744879,6.41265677867903,6.33058823529412,6.85040111940298,6.76278893647395,208
"222",2022,4,6.315,10,6.7875,6,NA,5,6.46111111111111,4,6,0,1,9,3884,2152,1732,510,1073,2811,6.78581735324408,7.08729972118959,6.4112272517321,6.33058823529412,6.84867660764212,6.76182305229456,209
"223",2022,5,6.92857142857143,14,6.91666666666667,7,NA,6.125,7.25,12,2,0,4,10,3898,2164,1734,510,1077,2821,6.78633006670087,7.08635351201479,6.41190634371396,6.33058823529412,6.84598885793872,6.76355356256647,210
"224",2022,6,7.1,9,7.8,6.225,NA,6.2,7.35714285714286,5,4,0,2,7,3907,2169,1738,510,1079,2828,6.78705262349629,7.08799861687414,6.41147617951668,6.33058823529412,6.84479147358665,6.76502284299859,211
"225",2022,7,7.26,10,7.32,7.2,NA,NA,7.26,5,5,0,0,10,3917,2174,1743,510,1079,2838,6.78826004595354,7.08853219871205,6.41373815261044,6.33058823529412,6.84479147358665,6.76676694855532,212
"226",2022,8,7.05555555555556,9,6.58333333333333,8,NA,8,6.78571428571429,6,3,0,2,7,3926,2180,1746,510,1081,2845,6.78887279673968,7.08714174311927,6.4164636884307,6.33058823529412,6.84692876965772,6.76681356766257,213
"227",2022,9,6,8,7,5.85714285714286,NA,NA,6,1,7,0,0,8,3934,2181,1753,510,1081,2853,6.78726858159634,7.08710178817056,6.41423023388477,6.33058823529412,6.84692876965772,6.76466337188924,214
"228",2022,10,6.58333333333333,12,6.75,6.25,6.66666666666667,6.8,6.42857142857143,8,4,3,5,7,3946,2189,1757,513,1086,2860,6.78664840344653,7.08586980356327,6.41385634604439,6.33255360623782,6.84671270718232,6.76384076923077,215
"229",2022,11,6.96963,9,7.1,6.8066675,NA,9,6.71583375,5,4,0,1,8,3955,2194,1761,513,1087,2868,6.78706479646018,7.08590200546946,6.41474859170926,6.33255360623782,6.84869365225391,6.76370685843794,216
"230",2022,12,7.58333333333333,12,7.22222222222222,8.66666666666667,7,7,7.63636363636364,9,3,1,1,11,3967,2203,1764,514,1088,2879,6.78947347365767,7.08645891965502,6.41857838435374,6.33385214007782,6.84883272058823,6.76704108023619,217
