"","year","month","avg_rating","no_ratings","avg_rating_owned","avg_rating_not_owned","avg_rating_prev_owned","avg_rating_comment","avg_rating_no_comment","no_ratings_owned","no_ratings_not_owned","no_ratings_prev_owned","no_ratings_comment","no_ratings_no_comment","cum_no_ratings","cum_no_ratings_owned","cum_no_ratings_not_owned","cum_no_ratings_prev_owned","cum_no_ratings_comment","cum_no_ratings_no_comment","cum_avg_rating","cum_avg_rating_owned","cum_avg_rating_not_owned","cum_avg_rating_prev_owned","cum_avg_rating_comment","cum_avg_rating_no_comment","month_after_release"
"1",2003,5,5,2,NA,5,NA,NA,5,0,2,0,0,2,2,0,2,0,0,2,5,NA,5,NA,NA,5,0
"2",2003,6,3,1,NA,3,NA,NA,3,0,1,0,0,1,3,0,3,0,0,3,4.33333333333333,NA,4.33333333333333,NA,NA,4.33333333333333,1
"3",2003,7,3.74444444444444,9,3.5,3.86666666666667,NA,4.25,3.6,3,6,0,2,7,12,3,9,0,2,10,3.89166666666667,3.5,4.02222222222222,NA,4.25,3.82,2
"4",2003,8,4.83333333333333,3,5.75,3,NA,5.75,3,2,1,0,2,1,15,5,10,0,4,11,4.08,4.4,3.92,NA,5,3.74545454545455,3
"5",2003,9,5,3,5,5,NA,NA,5,2,1,0,0,3,18,7,11,0,4,14,4.23333333333333,4.57142857142857,4.01818181818182,NA,5,4.01428571428571,4
"6",2003,11,4,1,NA,4,NA,4,NA,0,1,0,1,0,19,7,12,0,5,14,4.22105263157895,4.57142857142857,4.01666666666667,NA,4.8,4.01428571428571,6
"7",2003,12,2.66666666666667,3,NA,2.66666666666667,NA,2,3,0,3,0,1,2,22,7,15,0,6,16,4.00909090909091,4.57142857142857,3.74666666666667,NA,4.33333333333333,3.8875,7
"8",2004,1,4.75,2,NA,4.75,NA,5.5,4,0,2,0,1,1,24,7,17,0,7,17,4.07083333333333,4.57142857142857,3.86470588235294,NA,4.5,3.89411764705882,8
"9",2004,2,5.25,4,4,5.66666666666667,5,NA,5.25,1,3,1,0,4,28,8,20,1,7,21,4.23928571428571,4.5,4.135,5,4.5,4.15238095238095,9
"10",2004,3,6,3,8,5,NA,5,6.5,1,2,0,1,2,31,9,22,1,8,23,4.40967741935484,4.88888888888889,4.21363636363636,5,4.5625,4.35652173913043,10
"11",2004,4,4,2,4,4,NA,4,4,1,1,0,1,1,33,10,23,1,9,24,4.38484848484848,4.8,4.20434782608696,5,4.5,4.34166666666667,11
"12",2004,5,3,1,NA,3,NA,3,NA,0,1,0,1,0,34,10,24,1,10,24,4.34411764705882,4.8,4.15416666666667,5,4.35,4.34166666666667,12
"13",2004,6,4.33333333333333,3,6,3.5,NA,NA,4.33333333333333,1,2,0,0,3,37,11,26,1,10,27,4.34324324324324,4.90909090909091,4.10384615384615,5,4.35,4.34074074074074,13
"14",2004,7,6,2,6,6,NA,6,6,1,1,0,1,1,39,12,27,1,11,28,4.42820512820513,5,4.17407407407407,5,4.5,4.4,14
"15",2004,8,6,1,NA,6,NA,6,NA,0,1,0,1,0,40,12,28,1,12,28,4.4675,5,4.23928571428571,5,4.625,4.4,15
"16",2004,10,6,1,6,NA,NA,6,NA,1,0,0,1,0,41,13,28,1,13,28,4.50487804878049,5.07692307692308,4.23928571428571,5,4.73076923076923,4.4,17
"17",2004,11,3.6,5,4.66666666666667,2,NA,6,3,3,2,0,1,4,46,16,30,1,14,32,4.40652173913043,5,4.09,5,4.82142857142857,4.225,18
"18",2004,12,4,2,NA,4,NA,3,5,0,2,0,1,1,48,16,32,1,15,33,4.38958333333333,5,4.084375,5,4.7,4.24848484848485,19
"19",2005,1,3.75,8,3.83333333333333,3.5,4,3,4.2,6,2,1,3,5,56,22,34,2,18,38,4.29821428571429,4.68181818181818,4.05,4.5,4.41666666666667,4.2421052631579,20
"20",2005,2,2.5,2,NA,2.5,NA,1,4,0,2,0,1,1,58,22,36,2,19,39,4.23620689655172,4.68181818181818,3.96388888888889,4.5,4.23684210526316,4.23589743589744,21
"21",2005,3,4.16666666666667,6,4,4.5,NA,3.5,4.5,4,2,0,2,4,64,26,38,2,21,43,4.2296875,4.57692307692308,3.9921052631579,4.5,4.16666666666667,4.26046511627907,22
"22",2005,4,3.8,5,4.5,3.33333333333333,5,4.66666666666667,2.5,2,3,1,3,2,69,28,41,3,24,45,4.19855072463768,4.57142857142857,3.94390243902439,4.66666666666667,4.22916666666667,4.18222222222222,23
"23",2005,5,3.9,5,3.66666666666667,4.25,NA,NA,3.9,3,2,0,0,5,74,31,43,3,24,50,4.17837837837838,4.48387096774194,3.95813953488372,4.66666666666667,4.22916666666667,4.154,24
"24",2005,6,4.25,4,4,4.33333333333333,6,4.25,NA,1,3,1,4,0,78,32,46,4,28,50,4.18205128205128,4.46875,3.98260869565217,5,4.23214285714286,4.154,25
"25",2005,7,5,1,5,NA,NA,NA,5,1,0,0,0,1,79,33,46,4,28,51,4.19240506329114,4.48484848484848,3.98260869565217,5,4.23214285714286,4.17058823529412,26
"26",2005,8,3.75,4,4,3.66666666666667,NA,3.5,4,1,3,0,2,2,83,34,49,4,30,53,4.1710843373494,4.47058823529412,3.96326530612245,5,4.18333333333333,4.16415094339623,27
"27",2005,9,3.75,4,3.66666666666667,4,NA,4,3.66666666666667,3,1,0,1,3,87,37,50,4,31,56,4.15172413793103,4.40540540540541,3.964,5,4.17741935483871,4.1375,28
"28",2005,10,4.75,4,6,3.5,NA,4.75,NA,2,2,0,4,0,91,39,52,4,35,56,4.17802197802198,4.48717948717949,3.94615384615385,5,4.24285714285714,4.1375,29
"29",2005,11,4.5,2,5,4,NA,NA,4.5,1,1,0,0,2,93,40,53,4,35,58,4.18494623655914,4.5,3.94716981132076,5,4.24285714285714,4.15,30
"30",2005,12,3.8,5,6,3.25,NA,3.25,6,1,4,0,4,1,98,41,57,4,39,59,4.16530612244898,4.53658536585366,3.89824561403509,5,4.14102564102564,4.18135593220339,31
"31",2006,1,4.91176470588235,17,5.36363636363636,4.08333333333333,NA,4.95,4.85714285714286,11,6,0,10,7,115,52,63,4,49,66,4.27565217391304,4.71153846153846,3.91587301587302,5,4.30612244897959,4.2530303030303,32
"32",2006,2,3.6,5,4.5,3,NA,3,3.75,2,3,0,1,4,120,54,66,4,50,70,4.2475,4.7037037037037,3.87424242424242,5,4.28,4.22428571428571,33
"33",2006,3,3.86666666666667,3,3.86666666666667,NA,NA,4.8,2,3,0,0,2,1,123,57,66,4,52,71,4.23821138211382,4.65964912280702,3.87424242424242,5,4.3,4.19295774647887,34
"34",2006,4,3.57142857142857,7,4,3,NA,3.33333333333333,3.75,4,3,0,3,4,130,61,69,4,55,75,4.20230769230769,4.61639344262295,3.83623188405797,5,4.24727272727273,4.16933333333333,35
"35",2006,5,4.28571428571429,7,5.25,3,4,3.5,5.33333333333333,4,3,1,4,3,137,65,72,5,59,78,4.20656934306569,4.65538461538462,3.80138888888889,4.8,4.19661016949153,4.21410256410256,36
"36",2006,6,4,2,5,3,NA,NA,4,1,1,0,0,2,139,66,73,5,59,80,4.20359712230216,4.66060606060606,3.79041095890411,4.8,4.19661016949153,4.20875,37
"37",2006,7,4.33333333333333,6,3.66666666666667,5,NA,4.33333333333333,4.33333333333333,3,3,0,3,3,145,69,76,5,62,83,4.20896551724138,4.61739130434783,3.83815789473684,4.8,4.20322580645161,4.21325301204819,38
"38",2006,8,3.33333333333333,3,3.33333333333333,NA,NA,3,3.5,3,0,0,1,2,148,72,76,5,63,85,4.19121621621622,4.56388888888889,3.83815789473684,4.8,4.18412698412698,4.19647058823529,39
"39",2006,9,4.83333333333333,6,9,4,NA,3.66666666666667,6,1,5,0,3,3,154,73,81,5,66,88,4.21623376623377,4.62465753424657,3.84814814814815,4.8,4.16060606060606,4.25795454545454,40
"40",2006,10,4.10833333333333,12,4.8,3.41666666666667,NA,3.16666666666667,4.42222222222222,6,6,0,3,9,166,79,87,5,69,97,4.20843373493976,4.6379746835443,3.8183908045977,4.8,4.11739130434783,4.27319587628866,41
"41",2006,11,3.57142857142857,7,3.5,3.6,NA,3.75,3.33333333333333,2,5,0,4,3,173,81,92,5,73,100,4.18265895953757,4.60987654320988,3.80652173913044,4.8,4.0972602739726,4.245,42
"42",2006,12,3.64285714285714,7,5,3.41666666666667,NA,3.5,3.7,1,6,0,2,5,180,82,98,5,75,105,4.16166666666667,4.61463414634146,3.78265306122449,4.8,4.08133333333333,4.21904761904762,43
"43",2007,1,3.93333333333333,15,4.5,3.55555555555556,2,3.75,4.14285714285714,6,9,1,8,7,195,88,107,6,83,112,4.14410256410256,4.60681818181818,3.76355140186916,4.33333333333333,4.04939759036145,4.21428571428571,44
"44",2007,2,3.75,14,4.25,3.375,NA,3,3.80769230769231,6,8,0,1,13,209,94,115,6,84,125,4.1177033492823,4.58404255319149,3.73652173913044,4.33333333333333,4.03690476190476,4.172,45
"45",2007,3,5.83333333333333,3,6.5,5.5,NA,NA,5.83333333333333,1,2,0,0,3,212,95,117,6,84,128,4.14198113207547,4.60421052631579,3.76666666666667,4.33333333333333,4.03690476190476,4.2109375,46
"46",2007,4,4.36363636363636,11,4,4.57142857142857,NA,3.4,5.16666666666667,4,7,0,5,6,223,99,124,6,89,134,4.15291479820628,4.57979797979798,3.81209677419355,4.33333333333333,4.00112359550562,4.25373134328358,47
"47",2007,5,4.47142857142857,7,3,4.71666666666667,NA,5,4.38333333333333,1,6,0,1,6,230,100,130,6,90,140,4.16260869565217,4.564,3.85384615384615,4.33333333333333,4.01222222222222,4.25928571428571,48
"48",2007,6,4.33333333333333,6,5,3.66666666666667,NA,3,5,3,3,0,2,4,236,103,133,6,92,144,4.16694915254237,4.57669902912621,3.84962406015038,4.33333333333333,3.99021739130435,4.27986111111111,49
"49",2007,7,4.31666666666667,12,4.5,4.225,3,4,4.475,4,8,1,4,8,248,107,141,7,96,152,4.1741935483871,4.57383177570093,3.8709219858156,4.14285714285714,3.990625,4.29013157894737,50
"50",2007,8,4,14,3.83333333333333,4.125,3,4.71428571428571,3.28571428571429,6,8,2,7,7,262,113,149,9,103,159,4.16488549618321,4.53451327433628,3.88456375838926,3.88888888888889,4.03980582524272,4.24591194968553,51
"51",2007,9,3.5,3,NA,3.5,NA,NA,3.5,0,3,0,0,3,265,113,152,9,103,162,4.15735849056604,4.53451327433628,3.87697368421053,3.88888888888889,4.03980582524272,4.2320987654321,52
"52",2007,10,4.5,10,5.75,3.66666666666667,3,4.8,4.2,4,6,1,5,5,275,117,158,10,108,167,4.16981818181818,4.57606837606837,3.86898734177215,3.8,4.075,4.2311377245509,53
"53",2007,11,4.07692307692308,13,3,4.55555555555556,NA,5,3.8,4,9,0,3,10,288,121,167,10,111,177,4.165625,4.52396694214876,3.9059880239521,3.8,4.1,4.20677966101695,54
"54",2007,12,3.75,14,4.33333333333333,3.3125,NA,3.71428571428571,3.78571428571429,6,8,0,7,7,302,127,175,10,118,184,4.14635761589404,4.51496062992126,3.87885714285714,3.8,4.0771186440678,4.19076086956522,55
"55",2008,1,4.56666666666667,15,5.25,3.2,NA,4,4.77272727272727,10,5,0,4,11,317,137,180,10,122,195,4.16624605678233,4.56861313868613,3.86,3.8,4.07459016393443,4.22358974358974,56
"56",2008,2,4.05,10,3.94444444444444,5,NA,3.83333333333333,4.14285714285714,9,1,0,3,7,327,146,181,10,125,202,4.16269113149847,4.53013698630137,3.86629834254144,3.8,4.0688,4.22079207920792,57
"57",2008,3,4.15,10,3,4.64285714285714,3,3,4.64285714285714,3,7,1,3,7,337,149,188,11,128,209,4.16231454005935,4.4993288590604,3.89521276595745,3.72727272727273,4.04375,4.23492822966507,58
"58",2008,4,5.12538461538462,13,4.6,5.45375,NA,4.5,5.23909090909091,5,8,0,2,11,350,154,196,11,130,220,4.19808571428572,4.5025974025974,3.95882653061224,3.72727272727273,4.05076923076923,4.28513636363636,59
"59",2008,5,3.85714285714286,7,NA,3.85714285714286,NA,4,3.8,0,7,0,2,5,357,154,203,11,132,225,4.19140056022409,4.5025974025974,3.95532019704433,3.72727272727273,4.05,4.27435555555555,60
"60",2008,6,4.18181818181818,11,4.75,3.85714285714286,4.5,3.7,4.58333333333333,4,7,1,5,6,368,158,210,12,137,231,4.19111413043478,4.50886075949367,3.95204761904762,3.79166666666667,4.03722627737226,4.28238095238095,61
"61",2008,7,3.33333333333333,12,3.66666666666667,3.22222222222222,4,2.5,3.75,3,9,3,4,8,380,161,219,15,141,239,4.16402631578947,4.49316770186335,3.92205479452055,3.83333333333333,3.9936170212766,4.26456066945607,62
"62",2008,8,4.55,10,NA,4.55,5.375,5.5,4.14285714285714,0,10,4,3,7,390,161,229,19,144,246,4.17392307692308,4.49316770186335,3.94947598253275,4.15789473684211,4.025,4.26109756097561,63
"63",2008,9,4.21428571428571,7,4,4.5,4.75,NA,4.21428571428571,4,3,2,0,7,397,165,232,21,144,253,4.17463476070529,4.48121212121212,3.95659482758621,4.21428571428571,4.025,4.2598023715415,64
"64",2008,10,4.75,4,5,4,NA,4,5.5,3,1,0,2,2,401,168,233,21,146,255,4.18037406483791,4.49047619047619,3.95678111587983,4.21428571428571,4.02465753424658,4.2695294117647,65
"65",2008,11,4.3125,8,4.33333333333333,4.25,4,3.5,4.8,6,2,1,3,5,409,174,235,22,149,260,4.18295843520782,4.48505747126437,3.95927659574468,4.20454545454545,4.01409395973154,4.27973076923077,66
"66",2008,12,4.52142857142857,14,5.5,4.13,3.75,4.5,4.53,4,10,4,4,10,423,178,245,26,153,270,4.19416075650118,4.50786516853933,3.96624489795918,4.13461538461538,4.02679738562092,4.289,67
"67",2009,1,3.53571428571429,14,3.6,3.5,3.75,3.5,3.54545454545455,5,9,4,3,11,437,183,254,30,156,281,4.17306636155606,4.48306010928962,3.94972440944882,4.08333333333333,4.01666666666667,4.25989323843416,68
"68",2009,2,4.22222222222222,18,4.75,4.07142857142857,3.66666666666667,2,4.35294117647059,4,14,3,1,17,455,187,268,33,157,298,4.17501098901099,4.48877005347594,3.95608208955224,4.04545454545455,4.00382165605096,4.26520134228188,69
"69",2009,3,4.06060606060606,33,4.11111111111111,4.04166666666667,4.4,4.28571428571429,4,9,24,5,7,26,488,196,292,38,164,324,4.16727459016393,4.47142857142857,3.96311643835616,4.09210526315789,4.01585365853659,4.24391975308642,70
"70",2009,4,3.6,12,4.25,3.47,3.75,3.54,3.64285714285714,2,10,2,5,7,500,198,302,40,169,331,4.15366,4.46919191919192,3.9467880794702,4.075,4.001775147929,4.2312084592145,71
"71",2009,5,5.11538461538461,13,5.3125,4.8,4.5,3.66666666666667,5.55,8,5,2,3,10,513,206,307,42,172,341,4.17803118908382,4.50194174757281,3.96068403908795,4.09523809523809,3.99593023255814,4.26988269794721,72
"72",2009,6,2.94444444444444,9,NA,2.94444444444444,3.5,3,2.92857142857143,0,9,3,2,7,522,206,316,45,174,348,4.15676245210728,4.50194174757281,3.93174050632911,4.05555555555556,3.98448275862069,4.24290229885057,73
"73",2009,7,4,10,3.33333333333333,4.28571428571429,4.75,4,4,3,7,4,2,8,532,209,323,49,176,356,4.15381578947368,4.48516746411483,3.93941176470588,4.11224489795918,3.98465909090909,4.23744382022472,74
"74",2009,8,3.91666666666667,12,4.7,3.35714285714286,NA,3.75,3.95,5,7,0,2,10,544,214,330,49,178,366,4.14858455882353,4.49018691588785,3.92706060606061,4.11224489795918,3.98202247191011,4.22959016393442,75
"75",2009,9,4.25,12,5.5,3.625,2.5,4,4.3,4,8,2,2,10,556,218,338,51,180,376,4.15077338129496,4.50871559633027,3.91991124260355,4.04901960784314,3.98222222222222,4.23146276595744,76
"76",2009,10,4.45833333333333,12,4.91666666666667,4,4.5,5,4.35,6,6,4,2,10,568,224,344,55,182,386,4.15727112676056,4.51964285714286,3.92130813953488,4.08181818181818,3.9934065934066,4.23453367875647,77
"77",2009,11,4.54545454545455,11,4.125,5.66666666666667,5,4,4.75,8,3,1,3,8,579,232,347,56,185,394,4.16464594127807,4.50603448275862,3.9363976945245,4.09821428571429,3.99351351351351,4.245,78
"78",2009,12,3.66666666666667,12,4.2,3.28571428571429,2.5,3.57142857142857,3.8,5,7,4,7,5,591,237,354,60,192,399,4.15453468697124,4.49957805907173,3.92353107344633,3.99166666666667,3.978125,4.23942355889724,79
"79",2010,1,5.13333333333333,15,5.625,4.57142857142857,4,7,4.84615384615385,8,7,3,2,13,606,245,361,63,194,412,4.17876237623762,4.53632653061224,3.93609418282548,3.99206349206349,4.00927835051547,4.25856796116505,80
"80",2010,2,3.71428571428571,7,4,3.6,4,NA,3.71428571428571,2,5,2,0,7,613,247,366,65,194,419,4.17345840130506,4.53198380566802,3.93150273224044,3.99230769230769,4.00927835051547,4.24947494033413,81
"81",2010,3,4.35714285714286,14,4.5625,4.08333333333333,NA,5.2,3.88888888888889,8,6,0,5,9,627,255,372,65,199,428,4.17755980861244,4.53294117647059,3.93395161290323,3.99230769230769,4.0391959798995,4.24189252336449,82
"82",2010,4,4,6,4.5,3.75,3,3,4.2,2,4,1,1,5,633,257,376,66,200,433,4.17587677725119,4.53268482490272,3.93199468085106,3.97727272727273,4.034,4.24140877598152,83
"83",2010,5,4.77272727272727,11,5,4.6875,4.5,6,4.07142857142857,3,8,3,4,7,644,260,384,69,204,440,4.18607142857143,4.53807692307692,3.947734375,4,4.07254901960784,4.23870454545454,84
"84",2010,6,4.71428571428571,7,6,3.75,5,5,4.66666666666667,3,4,1,1,6,651,263,388,70,205,446,4.19175115207373,4.55475285171103,3.94569587628866,4.01428571428571,4.07707317073171,4.24446188340807,85
"85",2010,7,4.5,6,5,3.5,2,6,4.2,4,2,1,1,5,657,267,390,71,206,451,4.19456621004566,4.56142322097378,3.94341025641026,3.98591549295775,4.08640776699029,4.2439689578714,86
"86",2010,8,5.6875,8,5.25,5.83333333333333,4,NA,5.6875,2,6,1,0,8,665,269,396,72,206,459,4.21252631578947,4.56654275092937,3.97204545454545,3.98611111111111,4.08640776699029,4.26912854030501,87
"87",2010,9,4,6,3.5,5,5,3,4.2,4,2,1,1,5,671,273,398,73,207,464,4.2106259314456,4.55091575091575,3.97721105527638,4,4.08115942028986,4.26838362068966,88
"88",2010,10,4.40827272727273,11,4.07014285714286,5,4.5,6,4.2491,7,4,2,1,10,682,280,402,75,208,474,4.2138137829912,4.53889642857143,3.98738805970149,4.01333333333333,4.09038461538462,4.26797679324894,89
"89",2010,11,3.57692307692308,13,3.66666666666667,3.55,3,3.75,3.54545454545455,3,10,1,2,11,695,283,412,76,210,485,4.20190071942446,4.52965017667844,3.97677184466019,4,4.08714285714286,4.25158969072165,90
"90",2010,12,3.75,12,3.75,3.75,5,2.5,4,4,8,2,2,10,707,287,420,78,212,495,4.19423055162659,4.51878397212544,3.97245238095238,4.02564102564103,4.07216981132076,4.24650707070707,91
"91",2011,1,4.13333333333333,12,4.62222222222222,2.66666666666667,4,4.15,4.125,9,3,1,4,8,719,296,423,79,216,503,4.19321418636996,4.52192905405405,3.9631914893617,4.0253164556962,4.07361111111111,4.2445745526839,92
"92",2011,2,3.5,10,5,3.125,3.5,3,3.71428571428571,2,8,2,3,7,729,298,431,81,219,510,4.18370507544582,4.52513758389262,3.94763341067285,4.01234567901235,4.05890410958904,4.23729607843137,93
"93",2011,3,5.38571428571429,7,5.925,4.66666666666667,NA,6.56666666666667,4.5,4,3,0,3,4,736,302,434,81,222,514,4.19513722826087,4.54367880794702,3.95260368663594,4.01234567901235,4.09279279279279,4.23934046692607,94
"94",2011,4,4.625,8,6.5,4,3.5,5.5,4.33333333333333,2,6,2,2,6,744,304,440,83,224,520,4.19975940860215,4.55654934210526,3.95325,4,4.10535714285714,4.240425,95
"95",2011,5,4.5,10,4.66666666666667,4.25,NA,4.75,4.33333333333333,6,4,0,4,6,754,310,444,83,228,526,4.20374137931035,4.55868064516129,3.95592342342342,4,4.11666666666667,4.24148479087452,96
"96",2011,6,4.64285714285714,7,5.125,4,NA,4,4.75,4,3,0,1,6,761,314,447,83,229,532,4.20778055190539,4.5658949044586,3.9562192393736,4,4.11615720524018,4.24721992481203,97
"97",2011,7,4.25,6,5.5,3.625,4,6,3.9,2,4,2,1,5,767,316,451,85,230,537,4.20811082138201,4.57180696202532,3.95328159645233,4,4.12434782608696,4.24398696461825,98
"98",2011,8,4.72222222222222,18,4.90909090909091,4.42857142857143,5,5.25,4.57142857142857,11,7,4,4,14,785,327,458,89,234,551,4.21989936305733,4.58315290519878,3.96054585152838,4.04494382022472,4.14358974358974,4.25230671506352,99
"99",2011,9,4.83333333333333,6,5,4.75,4,4,5,2,4,1,1,5,791,329,462,90,235,556,4.22455246523388,4.58568693009118,3.96738095238095,4.04444444444444,4.14297872340426,4.25903057553957,100
"100",2011,10,4.14285714285714,7,6,3.83333333333333,NA,NA,4.14285714285714,1,6,0,0,7,798,330,468,90,235,563,4.223835839599,4.58997272727273,3.96566239316239,4.04444444444444,4.14297872340426,4.25758614564831,101
"101",2011,11,3.25,8,2.5,3.35714285714286,3,3,3.28571428571429,1,7,1,1,7,806,331,475,91,236,570,4.21416997518611,4.5836586102719,3.95669473684211,4.03296703296703,4.13813559322034,4.24565087719298,102
"102",2011,12,4.57692307692308,13,4.3,4.75,4.16666666666667,3.75,4.72727272727273,5,8,3,2,11,819,336,483,94,238,581,4.21992796092796,4.5794375,3.96983436853002,4.03723404255319,4.13487394957983,4.25476936316695,103
"103",2012,1,2.8125,16,3.25,2.375,3,4,2.53846153846154,8,8,2,3,13,835,344,491,96,241,594,4.19295928143713,4.54852034883721,3.94384928716904,4.015625,4.13319502074689,4.21720707070707,104
"104",2012,2,2.75,10,3.875,2,2,3,2.64285714285714,4,6,1,3,7,845,348,497,97,244,601,4.17588284023669,4.54077873563218,3.92038229376258,3.99484536082474,4.11926229508197,4.19887021630616,105
"105",2012,3,4.64285714285714,7,4.8,4.25,NA,NA,4.64285714285714,5,2,0,0,7,852,353,499,97,244,608,4.17971948356808,4.54445042492918,3.92170340681363,3.99484536082474,4.11926229508197,4.20398190789474,106
"106",2012,4,5.37142857142857,7,5.6,4,NA,5.8,5.2,6,1,0,2,5,859,359,500,97,246,613,4.18943073341094,4.56209192200557,3.92186,3.99484536082474,4.13292682926829,4.21210603588907,107
"107",2012,5,4.16666666666667,6,5.5,1.5,NA,NA,4.16666666666667,4,2,0,0,6,865,363,502,97,246,619,4.18927283236994,4.57242699724518,3.91221115537849,3.99484536082474,4.13292682926829,4.21166558966074,108
"108",2012,6,4.25,10,3.75,4.58333333333333,4,2,4.5,4,6,1,1,9,875,367,508,98,247,628,4.18996685714286,4.56346321525885,3.92013779527559,3.99489795918367,4.12429149797571,4.21579777070064,109
"109",2012,7,4.595,2,NA,4.595,NA,NA,4.595,0,2,0,0,2,877,367,510,98,247,630,4.1908905359179,4.56346321525885,3.92278431372549,3.99489795918367,4.12429149797571,4.21700158730159,110
"110",2012,8,4.5,9,4.4,4.625,NA,4.33333333333333,4.58333333333333,5,4,0,3,6,886,372,514,98,250,636,4.19403047404063,4.56126612903226,3.92824902723735,3.99489795918367,4.1268,4.22045754716981,111
"111",2012,9,4.8,10,5.28571428571429,3.66666666666667,5,5,4.77777777777778,7,3,1,1,9,896,379,517,99,251,645,4.20079352678572,4.57464643799472,3.92673114119923,4.00505050505051,4.13027888446215,4.22823410852713,112
"112",2012,10,4.83333333333333,6,NA,4.83333333333333,4,NA,4.83333333333333,0,6,1,0,6,902,379,523,100,251,651,4.20500110864745,4.57464643799472,3.93713193116635,4.005,4.13027888446215,4.23381105990783,113
"113",2012,11,4.5,8,5.33333333333333,4,4.33333333333333,NA,4.5,3,5,3,0,8,910,382,528,103,251,659,4.20759450549451,4.58060471204188,3.93772727272727,4.01456310679612,4.13027888446215,4.23704248861912,114
"114",2012,12,3.66666666666667,9,5,3.28571428571429,3.33333333333333,3.8,3.5,2,7,3,5,4,919,384,535,106,256,663,4.20229706202394,4.5827890625,3.92919626168224,3.99528301886792,4.123828125,4.23259577677225,115
"115",2013,1,4.38888888888889,9,4.25,4.5,4,NA,4.38888888888889,4,5,1,0,9,928,388,540,107,256,672,4.20410668103449,4.57935824742268,3.93448148148148,3.99532710280374,4.123828125,4.23468898809524,116
"116",2013,2,3.60142857142857,7,2.5,4.042,2,1.5,4.442,2,5,1,2,5,935,390,545,108,258,677,4.19959465240642,4.56869487179487,3.93546788990826,3.97685185185185,4.10348837209302,4.23622008862629,117
"117",2013,3,4.54545454545455,11,6.33333333333333,3.875,2.33333333333333,3,4.88888888888889,3,8,3,2,9,946,393,553,111,260,686,4.20361627906977,4.58216539440204,3.9345931283906,3.93243243243243,4.095,4.24478279883382,118
"118",2013,4,3.9,7,5,3.46,4.5,3.5,4.06,2,5,2,2,5,953,395,558,113,262,691,4.20138614900315,4.58428101265823,3.93034050179211,3.94247787610619,4.09045801526718,4.24344573082489,119
"119",2013,5,3.57142857142857,7,4,3.25,3.5,4,3.5,3,4,2,1,6,960,398,562,115,263,697,4.19679270833334,4.57987688442211,3.92549822064057,3.93478260869565,4.09011406844107,4.23704591104735,120
"120",2013,6,4.41666666666667,6,5,4.3,5.25,5.16666666666667,3.66666666666667,1,5,2,3,3,966,399,567,117,266,700,4.19815838509317,4.5809298245614,3.92880070546737,3.95726495726496,4.10225563909775,4.23460142857143,121
"121",2013,7,3.875,8,4.33333333333333,3.6,4,2.33333333333333,4.8,3,5,1,3,5,974,402,572,118,269,705,4.19550410677618,4.57908208955224,3.92592657342657,3.95762711864407,4.08252788104089,4.23861134751773,122
"122",2013,8,3.5,8,3.71428571428571,2,2,3,3.57142857142857,7,1,1,1,7,982,409,573,119,270,712,4.18983808553972,4.56428117359413,3.92256544502618,3.94117647058824,4.07851851851852,4.23205196629213,123
"123",2013,9,4.44444444444444,9,5,3.75,3.66666666666667,3,5.16666666666667,5,4,3,3,6,991,414,577,122,273,718,4.19215035317861,4.56954347826087,3.9213691507799,3.9344262295082,4.06666666666667,4.23986211699164,124
"124",2013,10,4.33333333333333,6,4.75,3.5,2,NA,4.33333333333333,4,2,1,0,6,997,418,579,123,273,724,4.193,4.57127033492823,3.91991364421416,3.91869918699187,4.06666666666667,4.24063674033149,125
"125",2013,11,3.94444444444444,9,4,3.9375,4.7,3.5,4,1,8,5,1,8,1006,419,587,128,274,732,4.19077634194831,4.56990692124105,3.92015332197615,3.94921875,4.06459854014599,4.23800683060109,126
"126",2013,12,5.51785714285714,14,6.6,4.91666666666667,5,5.66666666666667,5.47727272727273,5,9,1,3,11,1020,424,596,129,277,743,4.20899117647059,4.59384669811321,3.93520134228188,3.95736434108527,4.08194945848376,4.25635397039031,127
"127",2014,1,4.64285714285714,14,5.5,3.5,NA,NA,4.64285714285714,8,6,0,0,14,1034,432,602,129,277,757,4.21486557059962,4.61062731481481,3.93086378737542,3.95736434108527,4.08194945848376,4.26350198150594,128
"128",2014,2,3.21428571428571,7,3.75,3,4,4.25,2.8,2,5,1,2,5,1041,434,607,130,279,762,4.20813736791547,4.60666129032258,3.9231960461285,3.95769230769231,4.0831541218638,4.25389895013123,129
"129",2014,3,4,6,4.125,3.75,3.75,6,3.6,4,2,2,1,5,1047,438,609,132,280,767,4.20694460362942,4.60226255707762,3.92262725779967,3.95454545454545,4.09,4.24963624511082,130
"130",2014,4,4.66666666666667,3,6,4,NA,NA,4.66666666666667,1,2,0,0,3,1050,439,611,132,280,770,4.2082580952381,4.60544646924829,3.92288052373159,3.95454545454545,4.09,4.25126103896104,131
"131",2014,5,6,4,7.33333333333333,2,2,3.5,8.5,3,1,1,2,2,1054,442,612,133,282,772,4.21505787476281,4.62396153846154,3.9197385620915,3.93984962406015,4.08581560283688,4.26226813471503,132
"132",2014,6,4.5,6,5,4.25,4,5,4.4,2,4,1,1,5,1060,444,616,134,283,777,4.21667075471698,4.6256554054054,3.92188311688312,3.94029850746269,4.08904593639576,4.26315444015444,133
"133",2014,7,4.625,4,6.25,3,NA,NA,4.625,2,2,0,0,4,1064,446,618,134,283,781,4.21820582706767,4.63293946188341,3.9188996763754,3.94029850746269,4.08904593639576,4.26500768245839,134
"134",2014,8,3.815,5,5.5,2.69166666666667,1.075,NA,3.815,2,3,1,0,5,1069,448,621,135,283,786,4.21631992516371,4.63681026785714,3.91297101449275,3.91907407407407,4.08904593639576,4.26214503816794,135
"135",2014,9,4.8875,8,5.8,3.36666666666667,3.1,NA,4.8875,5,3,1,0,8,1077,453,624,136,283,794,4.22130547818013,4.64964900662252,3.91034455128205,3.91305147058824,4.08904593639576,4.26844584382871,136
"136",2014,10,3.66666666666667,9,5,3.5,2.5,3.875,3.5,1,8,1,4,5,1086,454,632,137,287,799,4.21670902394107,4.65042070484581,3.9051503164557,3.90273722627737,4.08606271777004,4.26363704630788,137
"137",2014,11,3.50769230769231,13,3.5,3.51111111111111,3.33333333333333,2,3.63333333333333,4,9,3,1,12,1099,458,641,140,288,811,4.20832211101001,4.64037336244541,3.89961778471139,3.89053571428571,4.07881944444445,4.25431072749692,138
"138",2014,12,4.625,8,5,4,5.5,NA,4.625,5,3,2,0,8,1107,463,644,142,288,819,4.21133333333334,4.64425701943844,3.90008540372671,3.91320422535211,4.07881944444445,4.25793162393162,139
"139",2015,1,4.675,20,4.81818181818182,4.5,4.9,5.2,4.5,11,9,5,5,15,1127,474,653,147,293,834,4.21956166814552,4.64829324894515,3.90835375191424,3.94676870748299,4.09795221843004,4.26228537170264,140
"140",2015,2,3.69230769230769,13,4.33333333333333,3.14285714285714,4,3.66666666666667,3.7,6,7,1,3,10,1140,480,660,148,296,844,4.21354912280702,4.64435625,3.90023484848485,3.94712837837838,4.09358108108108,4.25562322274881,141
"141",2015,3,3.54166666666667,12,4.625,3,2.5,1.5,3.95,4,8,2,2,10,1152,484,668,150,298,854,4.20655034722223,4.64419628099173,3.88945359281437,3.92783333333333,4.0761744966443,4.25204449648712,142
"142",2015,4,3.33333333333333,9,4,3.14285714285714,NA,4.5,3,2,7,0,2,7,1161,486,675,150,300,861,4.19978122308355,4.64154526748971,3.88171111111111,3.92783333333333,4.079,4.24186527293844,143
"143",2015,5,3.75,8,3.6,4,NA,NA,3.75,5,3,0,0,8,1169,491,678,150,300,869,4.19670316509838,4.63093890020366,3.88223451327434,3.92783333333333,4.079,4.23733716915995,144
"144",2015,6,4.33,10,5.825,3.33333333333333,5.33333333333333,5.5,4.0375,4,6,3,2,8,1179,495,684,153,302,877,4.19783375742155,4.64058787878788,3.87741959064327,3.95539215686275,4.08841059602649,4.23551425313569,145
"145",2015,7,3.5625,8,4.125,3,4.5,3,3.75,4,4,1,2,6,1187,499,688,154,304,883,4.19355181128897,4.63645490981964,3.87231831395349,3.95892857142857,4.08125,4.23221517553794,146
"146",2015,8,3.775,12,3.82857142857143,3.7,3.5,6,3.57272727272727,7,5,2,1,11,1199,506,693,156,305,894,4.18936280233528,4.62527865612648,3.87107503607504,3.95304487179487,4.08754098360656,4.22410067114094,147
"147",2015,9,4.28571428571429,7,4.33333333333333,4.25,3.66666666666667,NA,4.28571428571429,3,4,3,0,7,1206,509,697,159,305,901,4.18992205638475,4.623557956778,3.87324964131994,3.94764150943396,4.08754098360656,4.22457935627081,148
"148",2015,10,3.6,5,5.25,2.5,4,NA,3.6,2,3,1,0,5,1211,511,700,160,305,906,4.18748637489678,4.62600978473581,3.86736428571429,3.94796875,4.08754098360656,4.22113245033113,149
"149",2015,11,4.44444444444444,9,5,3.75,3,5,4.375,5,4,2,1,8,1220,516,704,162,306,914,4.18938196721312,4.62963372093023,3.86669744318182,3.93626543209877,4.090522875817,4.22247921225383,150
"150",2015,12,4.175,4,4.2,4.16666666666667,5,5,3.9,1,3,1,1,3,1224,517,707,163,307,917,4.18933496732027,4.62880270793037,3.8679702970297,3.94279141104295,4.09348534201955,4.22142420937841,151
"151",2016,1,4.23157894736842,19,4.49090909090909,3.875,4.33333333333333,3.85,4.33333333333333,11,8,3,4,15,1243,528,715,166,311,932,4.1899806918745,4.62592992424242,3.86804895104895,3.94984939759036,4.0903536977492,4.22322532188841,152
"152",2016,2,4.41666666666667,12,4.625,4,5,3,4.54545454545455,8,4,2,1,11,1255,536,719,168,312,943,4.19214820717132,4.62591604477612,3.86878303198887,3.96235119047619,4.08685897435898,4.22698409331919,153
"153",2016,3,4.27727272727273,11,4.33333333333333,4.25625,4.25,4.75,4.17222222222222,3,8,5,2,9,1266,539,727,173,314,952,4.19288783570301,4.62428756957328,3.87304676753783,3.97066473988439,4.09108280254777,4.22646638655462,154
"154",2016,4,5.14285714285714,14,5.64285714285714,4.64285714285714,4.375,4.83333333333333,5.22727272727273,7,7,4,3,11,1280,546,734,177,317,963,4.203278125,4.63734615384615,3.88038828337875,3.97980225988701,4.09810725552051,4.23789823468328,155
"155",2016,5,5.31818181818182,11,5.25,5.35714285714286,4.16666666666667,5,5.38888888888889,4,7,3,2,9,1291,550,741,180,319,972,4.21277769171186,4.64180181818182,3.89433873144399,3.98291666666667,4.1037617554859,4.24855555555555,156
"156",2016,6,5.375,8,7.5,4.66666666666667,NA,8,5,2,6,0,1,7,1299,552,747,180,320,979,4.21993533487298,4.65215760869565,3.9005421686747,3.98291666666667,4.1159375,4.25392849846782,157
"157",2016,7,4.140625,16,4.75,3.66666666666667,4,4,4.15,7,9,1,1,15,1315,559,756,181,321,994,4.21897034220533,4.65338282647585,3.89775793650794,3.98301104972376,4.11557632398754,4.25236016096579,158
"158",2016,8,4.25454545454545,11,5.4,3.3,4,2,4.48,5,6,3,1,10,1326,564,762,184,322,1004,4.21926546003017,4.66000177304965,3.89305118110236,3.98328804347826,4.10900621118013,4.25462749003984,159
"159",2016,9,4.66666666666667,12,5.2,4.28571428571429,5.5,NA,4.66666666666667,5,7,2,0,12,1338,569,769,186,322,1016,4.22327802690583,4.66474692442882,3.89662548764629,3.99959677419355,4.10900621118013,4.25949409448819,160
"160",2016,10,4.31818181818182,11,5.125,3.85714285714286,NA,5.125,3.85714285714286,4,7,0,4,7,1349,573,776,186,326,1023,4.22405189028911,4.66795986038394,3.89626932989691,3.99959677419355,4.12147239263804,4.25674095796676,161
"161",2016,11,4.2,15,4.92857142857143,3.5625,4.5,5,4,7,8,2,3,12,1364,580,784,188,329,1035,4.22378739002933,4.67110517241379,3.89286352040816,4.00492021276596,4.12948328267478,4.25376425120773,162
"162",2016,12,3.89285714285714,14,4.45,2.5,NA,3.33333333333333,4.04545454545455,10,4,0,3,11,1378,590,788,188,332,1046,4.22042525399129,4.66735762711864,3.88579314720812,4.00492021276596,4.12228915662651,4.25157361376673,163
"163",2017,1,3.65263157894737,19,4.33333333333333,3.33846153846154,4,4,3.56,6,13,1,4,15,1397,596,801,189,336,1061,4.21270293486042,4.66399496644295,3.87691011235955,4.00489417989418,4.12083333333334,4.24179641847314,164
"164",2017,2,3.5,6,6.2,2.96,3.45,4.1,3.2,1,5,4,2,4,1403,597,806,193,338,1065,4.20965502494655,4.66656783919598,3.87122208436725,3.99339378238342,4.1207100591716,4.23788356807512,165
"165",2017,3,3.39,7,4,1.865,NA,3.365,3.4,5,2,0,2,5,1410,602,808,193,340,1070,4.20558581560284,4.66103156146179,3.86625618811881,3.99339378238342,4.11626470588236,4.23396822429906,166
"166",2017,4,4.67647058823529,17,4.3,5.21428571428571,4,4.66666666666667,4.67857142857143,10,7,1,3,14,1427,612,815,194,343,1084,4.21119551506658,4.65513235294118,3.87783435582822,3.99342783505155,4.12107871720117,4.23971033210332,167
"167",2017,5,3.48,10,3.43333333333333,3.5,4,2,3.64444444444444,3,7,1,1,9,1437,615,822,195,344,1093,4.20610716771051,4.64917235772358,3.87461678832117,3.99346153846154,4.11491279069768,4.2348087831656,168
"168",2017,6,4.5625,8,5,3.83333333333333,5.25,5.25,4.33333333333333,5,3,2,2,6,1445,620,825,197,346,1099,4.20808027681661,4.65200161290323,3.87446666666667,4.00621827411168,4.12147398843931,4.23534667879891,169
"169",2017,7,3.30714285714286,14,5.3,2.51,2,2,3.40769230769231,4,10,4,1,13,1459,624,835,201,347,1112,4.19943522960932,4.65615544871795,3.85812574850299,3.96629353233831,4.11536023054756,4.22567086330935,170
"170",2017,8,4.255,24,4.85181818181818,3.75,3.5,4,4.34,11,13,2,6,18,1483,635,848,203,353,1130,4.20033445718139,4.65954488188976,3.85646816037736,3.96169950738916,4.11339943342777,4.22749203539823,171
"171",2017,9,4.14285714285714,7,4.5,3.66666666666667,5,NA,4.14285714285714,4,3,1,0,7,1490,639,851,204,353,1137,4.2000644295302,4.65854616588419,3.85579905992949,3.96678921568627,4.11339943342777,4.2269709762533,172
"172",2017,10,4.34615384615385,13,5.33333333333333,4.05,3.5,4.25,4.36363636363636,3,10,3,2,11,1503,642,861,207,355,1148,4.20132801064538,4.66169937694704,3.85805458768873,3.96002415458937,4.11416901408451,4.22828048780488,173
"173",2017,11,4.63792857142857,14,5.25,3.82183333333333,2.5,6.5,4.32758333333333,8,6,2,2,12,1517,650,867,209,357,1160,4.20535728411338,4.66894,3.85780392156863,3.94605263157895,4.12753501400561,4.22930775862069,174
"174",2017,12,3.93333333333333,18,4.48,3.25,4.5,5,3.87058823529412,10,8,2,1,17,1535,660,875,211,358,1177,4.2021674267101,4.66607727272727,3.85224685714286,3.95130331753555,4.12997206703911,4.22412659303313,175
"175",2018,1,4.73076923076923,13,5.14285714285714,4.25,4.5,NA,4.73076923076923,7,6,3,0,13,1548,667,881,214,358,1190,4.20660658914729,4.67108095952024,3.85495573212259,3.9589953271028,4.12997206703911,4.22966134453781,176
"176",2018,2,4.72222222222222,9,5.08333333333333,4,4,4.75,4.71428571428571,6,3,1,2,7,1557,673,884,215,360,1197,4.2095870263327,4.67475631500743,3.85544796380091,3.95918604651163,4.13341666666667,4.23249540517962,177
"177",2018,3,4.10666666666667,15,4.8875,3.21428571428571,3.33333333333333,3.83333333333333,4.175,8,7,3,3,12,1572,681,891,218,363,1209,4.20860496183207,4.67725550660793,3.85041077441077,3.95057339449541,4.13093663911846,4.2319247311828,178
"178",2018,4,4.80588235294118,17,5.33333333333333,4.2125,5.23333333333333,4.925,4.76923076923077,9,8,3,4,13,1589,690,899,221,367,1222,4.21499496538704,4.68581304347826,3.85363292547275,3.96798642533937,4.13959128065396,4.23764075286416,179
"179",2018,5,3.6875,8,4.625,2.75,3,6,3.35714285714286,4,4,1,1,7,1597,694,903,222,368,1229,4.21235253600501,4.68546253602306,3.84874418604651,3.96362612612613,4.14464673913044,4.23262571196094,180
"180",2018,6,4.866,15,5,4.74875,5.5,4.4,5.099,7,8,2,5,10,1612,701,911,224,373,1239,4.21843486352358,4.68860342368046,3.85664763995609,3.97734375,4.14806970509384,4.23961824051654,181
"181",2018,7,4.375,12,4.8,4.07142857142857,6,4,4.5,5,7,1,3,9,1624,706,918,225,376,1248,4.21959174876848,4.68939235127479,3.85828540305011,3.98633333333333,4.14688829787235,4.24149599358974,182
"182",2018,8,4.75,8,5.25,4.25,4,3,5,4,4,2,1,7,1632,710,922,227,377,1255,4.22219178921569,4.69255070422535,3.85998481561822,3.98645374449339,4.14384615384616,4.24572669322709,183
"183",2018,9,4.90909090909091,11,6,4.5,6.5,NA,4.90909090909091,3,8,2,0,11,1643,713,930,229,377,1266,4.22679062690201,4.69805189340814,3.86549032258065,4.00840611353712,4.14384615384616,4.25149052132701,184
"184",2018,10,4.67857142857143,14,6.4,3.72222222222222,3,7,4.5,5,9,3,1,13,1657,718,939,232,378,1279,4.23060772480387,4.70990389972145,3.86411714589989,3.99536637931035,4.15140211640212,4.2540164190774,185
"185",2018,11,4.23578947368421,19,4.32,4.16,2,NA,4.23578947368421,9,10,1,0,19,1676,727,949,233,378,1298,4.23066646778043,4.70507702888583,3.86723498419389,3.9868025751073,4.15140211640212,4.25374961479199,186
"186",2018,12,4.28947368421053,19,4.85,3.66666666666667,4.5,NA,4.28947368421053,10,9,2,0,19,1695,737,958,235,378,1317,4.23132566371682,4.7070434192673,3.86535073068893,3.99117021276596,4.15140211640212,4.25426499620349,187
"187",2019,1,4.5,17,5.5,3.61111111111111,4.7,5,4.46875,8,9,5,1,16,1712,745,967,240,379,1333,4.23399357476636,4.71555838926175,3.86298448810755,4.0059375,4.15364116094987,4.25683945986497,188
"188",2019,2,4.77777777777778,9,5.5,3.33333333333333,NA,3.5,5.14285714285714,6,3,0,2,7,1721,751,970,240,381,1340,4.23683730389309,4.72182556591212,3.86134639175258,4.0059375,4.15020997375329,4.26146791044776,189
"189",2019,3,4.66,15,5.26363636363636,3,4,4.8,4.625,11,4,1,3,12,1736,762,974,241,384,1352,4.24049366359448,4.7296469816273,3.8578090349076,4.00591286307054,4.15528645833334,4.26469452662722,190
"190",2019,4,4.66666666666667,12,4.88888888888889,4,3,4.33333333333333,4.77777777777778,9,3,1,3,9,1748,771,977,242,387,1361,4.24341933638445,4.73150583657588,3.85824564994882,4.00175619834711,4.15666666666667,4.26808743570904,191
"191",2019,5,4.53333333333333,15,5.125,3.85714285714286,1,NA,4.53333333333333,8,7,1,0,15,1763,779,984,243,387,1376,4.24588598979014,4.73554685494223,3.85823780487805,3.98940329218107,4.15666666666667,4.2709789244186,192
"192",2019,6,4.23333333333333,9,4.66666666666667,3.36666666666667,2,4.66666666666667,4.01666666666667,6,3,1,3,6,1772,785,987,244,390,1382,4.24582223476299,4.73502038216561,3.85674366767984,3.98125,4.16058974358975,4.26987481910275,193
"193",2019,7,4.42857142857143,14,4.625,4.16666666666667,NA,3.5,4.58333333333333,8,6,0,2,12,1786,793,993,244,392,1394,4.24725475923853,4.7339104665826,3.8586163141994,3.98125,4.15721938775511,4.27257317073171,194
"194",2019,8,4.15,13,5.5,2.99285714285714,1,3.5,4.20416666666667,6,7,1,1,12,1799,799,1000,245,393,1406,4.24655197331852,4.73966332916145,3.852556,3.96908163265306,4.15554707379135,4.2719893314367,195
"195",2019,9,3.7,10,4,3.5,3,3,3.77777777777778,4,6,2,1,9,1809,803,1006,247,394,1415,4.24353067993367,4.73597882938979,3.85045328031809,3.96123481781376,4.15261421319797,4.26884593639576,196
"196",2019,10,4,18,4.5,3,NA,NA,4,12,6,0,0,18,1827,815,1012,247,394,1433,4.24113136288999,4.73250429447853,3.84541106719368,3.96123481781376,4.15261421319797,4.26546894626657,197
"197",2019,11,3.96666666666667,15,5.25,3.5,2.66666666666667,3.5,4.13636363636364,4,11,3,4,11,1842,819,1023,250,398,1444,4.23889630836048,4.73503174603175,3.84169696969697,3.9457,4.14605527638191,4.26448545706371,198
"198",2019,12,4.42,15,4.33333333333333,4.55,10,4.66666666666667,4.35833333333333,9,6,1,3,12,1857,828,1029,251,401,1456,4.2403591814755,4.7306654589372,3.84582701652089,3.96982071713147,4.14995012468828,4.26525892857143,199
"199",2020,1,4.375,28,5.14285714285714,3.60714285714286,3.83333333333333,5,4.35185185185185,14,14,3,1,27,1885,842,1043,254,402,1483,4.24235915119364,4.7375190023753,3.84262320230105,3.96820866141732,4.15206467661692,4.26683546864464,200
"200",2020,2,4.64285714285714,14,4.88888888888889,4.2,NA,NA,4.64285714285714,9,5,0,0,14,1899,851,1048,254,402,1497,4.24531174302265,4.73911985898942,3.84432824427481,3.96820866141732,4.15206467661692,4.27035203740815,201
"201",2020,3,4.54526315789474,19,4.30545454545455,4.875,7,3.66666666666667,4.71,11,8,1,3,16,1918,862,1056,255,405,1513,4.24828310740355,4.73358584686775,3.85213636363636,3.98009803921569,4.14846913580247,4.27500132187706,202
"202",2020,4,4.48333333333333,12,5.3,3.66666666666667,NA,NA,4.48333333333333,6,6,0,0,12,1930,868,1062,255,405,1525,4.2497445595855,4.73750115207373,3.85108851224105,3.98009803921569,4.14846913580247,4.2766406557377,203
"203",2020,5,5.17375,16,5.278,5,5,4,5.34142857142857,10,6,2,2,14,1946,878,1068,257,407,1539,4.25734172661871,4.74365717539863,3.85754307116105,3.98803501945525,4.14773955773956,4.28632683560754,204
"204",2020,6,4.13681818181818,22,5,3.64357142857143,4.5,4.005,4.15,8,14,3,2,20,1968,886,1082,260,409,1559,4.25599441056911,4.74597178329571,3.85477449168207,3.99394230769231,4.14704156479218,4.28457793457344,205
"205",2020,7,4.25263157894737,19,4.975,3.72727272727273,3.5,4.26666666666667,4.25,8,11,4,3,16,1987,894,1093,264,412,1575,4.25596225465526,4.74802125279642,3.85349130832571,3.98645833333333,4.14791262135923,4.28422666666667,206
"206",2020,8,4.29565217391304,23,4.35,4.25384615384615,4,3,4.49,10,13,3,3,20,2010,904,1106,267,415,1595,4.25641641791045,4.74361836283186,3.85819710669078,3.98661048689139,4.13961445783133,4.28680689655172,207
"207",2020,9,3.95,12,4.25,3.8,5.5,5.5,3.64,4,8,2,2,10,2022,908,1114,269,417,1605,4.25459792284867,4.74144383259912,3.85777917414722,3.9978624535316,4.14613908872902,4.2827769470405,208
"208",2020,10,4.90625,16,5.875,3.9375,3,5,4.9,8,8,3,1,15,2038,916,1122,272,418,1620,4.25971393523062,4.75134388646288,3.85834759358289,3.98685661764706,4.14818181818182,4.28849197530864,209
"209",2020,11,4.995,20,5.29166666666667,4.55,2.4,6,4.88333333333333,12,8,1,2,18,2058,928,1130,273,420,1638,4.26685957240039,4.75833081896552,3.86324424778761,3.98104395604396,4.157,4.29502869352869,210
"210",2020,12,3.32926829268293,41,4.66666666666667,2.77586206896552,2,2.83333333333333,3.36842105263158,12,29,4,3,38,2099,940,1159,277,423,1676,4.24854549785612,4.75716063829787,3.83603623813632,3.95243682310469,4.14761229314421,4.27401968973747,211
"211",2021,1,4.52,25,4.63333333333333,4.35,5,3.6,4.75,15,10,2,5,20,2124,955,1169,279,428,1696,4.25174058380415,4.75521570680628,3.84043284858854,3.95994623655914,4.14121495327103,4.27963266509434,212
"212",2021,2,4.73666666666667,24,5.24363636363636,4.30769230769231,5,4.4,4.82526315789474,11,13,3,5,19,2148,966,1182,282,433,1715,4.25715875232775,4.76077743271222,3.84557191201354,3.97101063829787,4.14420323325636,4.28567755102041,213
"213",2021,3,4.45454545454545,22,4.78571428571429,3.875,4,5.33333333333333,4.31578947368421,14,8,3,3,19,2170,980,1190,285,436,1734,4.2591599078341,4.76113367346939,3.84576974789916,3.97131578947368,4.15238532110092,4.28600749711649,214
"214",2021,4,4.65625,16,5.33333333333333,4.25,3.5,4,4.80769230769231,6,10,2,3,13,2186,986,1200,287,439,1747,4.26206633119854,4.76461561866126,3.84913833333333,3.96803135888502,4.15134396355354,4.28988952489983,215
"215",2021,5,4.68125,16,4.99166666666667,3.75,NA,NA,4.68125,12,4,0,0,16,2202,998,1204,287,439,1763,4.26511217075386,4.76734569138277,3.84880897009967,3.96803135888502,4.15134396355354,4.29344129325014,216
"216",2021,6,4.475,20,6,3.82142857142857,3,3.75,4.65625,6,14,4,4,16,2222,1004,1218,291,443,1779,4.26700135013502,4.77471215139442,3.84849425287356,3.95472508591065,4.14772009029346,4.29670432827431,217
"217",2021,7,5.29411764705882,17,5.95,4.35714285714286,3.83333333333333,4.625,5.5,10,7,3,4,13,2239,1014,1225,294,447,1792,4.27479991067441,4.78630276134122,3.85140081632653,3.95348639455782,4.15199105145414,4.30543359375,218
"218",2021,8,4.64705882352941,17,5.16666666666667,4.0625,6,4.25,4.7,9,8,2,2,15,2256,1023,1233,296,449,1807,4.27760505319149,4.78964907135875,3.8527704785077,3.96731418918919,4.15242761692651,4.30870890979524,219
"219",2021,9,4.97058823529412,17,5.83333333333333,4,3,5,4.96428571428571,9,8,2,3,14,2273,1032,1241,298,452,1821,4.28278794544655,4.79875096899225,3.85371958098308,3.96082214765101,4.15805309734514,4.31374903898957,220
"220",2021,10,3.76842105263158,19,4.05,3.45555555555556,2.5,2.66666666666667,3.975,10,9,2,3,16,2292,1042,1250,300,455,1837,4.2785239965096,4.79156525911708,3.8508528,3.95108333333333,4.14821978021979,4.31079858464888,221
"221",2021,11,4.46315789473684,19,4.95454545454545,3.7875,3,4.1,4.53125,11,8,2,3,16,2311,1053,1258,302,458,1853,4.28004197317179,4.79326780626781,3.85044992050874,3.94478476821192,4.14790393013101,4.31270210469509,222
"222",2021,12,4.66666666666667,21,4.5625,4.73076923076923,5,5.83333333333333,4.47222222222222,8,13,3,3,18,2332,1061,1271,305,461,1871,4.28352358490566,4.79152780395853,3.85945397324941,3.95516393442623,4.15887201735358,4.3142367717798,223
"223",2022,1,4.54324324324324,37,5.67333333333333,3.77272727272727,4,4.5,4.54848484848485,15,22,6,4,33,2369,1076,1293,311,465,1904,4.28757999155762,4.80382063197026,3.85797834493426,3.95602893890675,4.16180645161291,4.31829674369748,224
"224",2022,2,4.60869565217391,23,5.7,3.76923076923077,4.6,4.6,4.61111111111111,10,13,5,5,18,2392,1086,1306,316,470,1922,4.29066764214047,4.81207274401473,3.85709494640122,3.96621835443038,4.16646808510639,4.32103902185224,225
"225",2022,3,4.81944444444444,18,5.75,4.075,3.375,4.5,4.859375,8,10,2,2,16,2410,1094,1316,318,472,1938,4.29461701244813,4.81893144424132,3.85875075987842,3.9625,4.16788135593221,4.3254834881321,226
"226",2022,4,4.97368421052632,19,5.11111111111111,4.85,4.33333333333333,6.5,4.6875,9,10,3,3,16,2429,1103,1326,321,475,1954,4.2999287772746,4.82131550317317,3.86622624434389,3.96596573208723,4.1826105263158,4.32844779938588,227
"227",2022,5,5.4225,20,5.18125,5.58333333333333,6.5,5.33333333333333,5.43823529411765,8,12,2,3,17,2449,1111,1338,323,478,1971,4.30909636586362,4.82390729072907,3.88162630792227,3.98165634674923,4.18983263598327,4.3380197869102,228
"228",2022,6,4.55625,16,4.91428571428571,4.27777777777778,5.25,5,4.52666666666667,7,9,2,1,15,2465,1118,1347,325,479,1986,4.31070060851927,4.82447316636852,3.88427319970304,3.98946153846154,4.19152400835074,4.339444612286,229
"229",2022,7,5.16666666666667,12,5.14285714285714,5.2,NA,NA,5.16666666666667,7,5,0,0,12,2477,1125,1352,325,479,1998,4.3148473960436,4.82645422222222,3.88913905325444,3.98946153846154,4.19152400835074,4.34441291291291,230
"230",2022,8,4.53125,32,4.7,4.38235294117647,4,3.33333333333333,4.6551724137931,15,17,3,3,29,2509,1140,1369,328,482,2027,4.31760741331208,4.82479035087719,3.89526369612856,3.98955792682927,4.18618257261411,4.3488589047854,231
"231",2022,9,4.70625,16,4.3,4.95,7,5,4.60833333333333,6,10,1,4,12,2525,1146,1379,329,486,2039,4.3200700990099,4.8220427574171,3.90291225525743,3.99870820668693,4.19288065843622,4.35038597351643,232
"232",2022,10,4.9125,16,4.64285714285714,5.12222222222222,4.75,4.95,4.90714285714286,7,9,4,2,14,2541,1153,1388,333,488,2053,4.32380047225502,4.82095490026019,3.91081844380403,4.00773273273273,4.19598360655738,4.35418265952265,233
"233",2022,11,4.20666666666667,15,4.6875,3.65714285714286,4,4.5,4.16153846153846,8,7,2,2,13,2556,1161,1395,335,490,2066,4.32311306729265,4.82003531438415,3.90954551971326,4.00768656716418,4.19722448979592,4.35297047434656,234
"234",2022,12,3.88888888888889,18,4.91666666666667,3.375,3,3,4,6,12,4,2,16,2574,1167,1407,339,492,2082,4.32007653457654,4.82053213367609,3.90498649609097,3.99579646017699,4.19235772357724,4.35025792507205,235
