"","year","month","avg_rating","no_ratings","avg_rating_owned","avg_rating_not_owned","avg_rating_prev_owned","avg_rating_comment","avg_rating_no_comment","no_ratings_owned","no_ratings_not_owned","no_ratings_prev_owned","no_ratings_comment","no_ratings_no_comment","cum_no_ratings","cum_no_ratings_owned","cum_no_ratings_not_owned","cum_no_ratings_prev_owned","cum_no_ratings_comment","cum_no_ratings_no_comment","cum_avg_rating","cum_avg_rating_owned","cum_avg_rating_not_owned","cum_avg_rating_prev_owned","cum_avg_rating_comment","cum_avg_rating_no_comment","month_after_release"
"1",2003,7,7.66666666666667,3,NA,7.66666666666667,NA,6,8.5,0,3,0,1,2,3,0,3,0,1,2,7.66666666666667,NA,7.66666666666667,NA,6,8.5,-2
"2",2003,8,6.5,2,NA,6.5,NA,5,8,0,2,0,1,1,5,0,5,0,2,3,7.2,NA,7.2,NA,5.5,8.33333333333333,-1
"3",2003,9,8.55,6,8.55,NA,NA,9.65,8,6,0,0,2,4,11,6,5,0,4,7,7.93636363636364,8.55,7.2,NA,7.575,8.14285714285714,0
"4",2003,10,7.82666666666667,15,8.34,6.8,8,8.1875,7.41428571428571,10,5,2,8,7,26,16,10,2,12,14,7.87307692307692,8.41875,7,8,7.98333333333333,7.77857142857143,1
"5",2003,11,7.44166666666667,12,8.33333333333333,6.55,NA,7.7875,6.75,6,6,0,8,4,38,22,16,2,20,18,7.73684210526316,8.39545454545455,6.83125,8,7.905,7.55,2
"6",2003,12,7.4,15,8.375,6.28571428571429,7,7.66666666666667,7.22222222222222,8,7,1,6,9,53,30,23,3,26,27,7.64150943396226,8.39,6.66521739130435,7.66666666666667,7.85,7.44074074074074,3
"7",2004,1,8.38235294117647,17,8.53571428571429,7.66666666666667,NA,8.7,8.25,14,3,0,5,12,70,44,26,3,31,39,7.82142857142857,8.43636363636364,6.78076923076923,7.66666666666667,7.98709677419355,7.68974358974359,4
"8",2004,2,7.58333333333333,18,8.44444444444444,6.72222222222222,7.5,7.33333333333333,7.83333333333333,9,9,2,9,9,88,53,35,5,40,48,7.77272727272727,8.4377358490566,6.76571428571429,7.6,7.84,7.71666666666667,5
"9",2004,3,7.43333333333333,30,8.34375,6.39285714285714,8.75,7.66666666666667,7.08333333333333,16,14,2,18,12,118,69,49,7,58,60,7.6864406779661,8.41594202898551,6.65918367346939,7.92857142857143,7.78620689655172,7.59,6
"10",2004,4,7.35294117647059,17,7.875,6.1,6.5,6.85714285714286,7.7,12,5,1,7,10,135,81,54,8,65,70,7.64444444444444,8.3358024691358,6.60740740740741,7.75,7.68615384615385,7.60571428571428,7
"11",2004,5,8.26923076923077,26,8.33333333333333,8,8,7.75,8.71428571428571,21,5,1,12,14,161,102,59,9,77,84,7.74534161490683,8.33529411764706,6.72542372881356,7.77777777777778,7.6961038961039,7.79047619047619,8
"12",2004,6,7.18421052631579,19,8.05,6.22222222222222,7.66666666666667,7.79166666666667,6.14285714285714,10,9,3,12,7,180,112,68,12,89,91,7.68611111111111,8.30982142857143,6.65882352941177,7.75,7.70898876404494,7.66373626373626,9
"13",2004,7,7.6,21,7.75714285714286,7.28571428571429,9,7.1,8.05454545454545,14,7,1,10,11,201,126,75,13,99,102,7.6771144278607,8.2484126984127,6.71733333333333,7.84615384615385,7.64747474747475,7.70588235294118,10
"14",2004,8,7.68181818181818,22,8.36666666666667,6.21428571428571,9,6.80769230769231,8.94444444444444,15,7,1,13,9,223,141,82,14,112,111,7.67757847533632,8.26099290780142,6.67439024390244,7.92857142857143,7.55,7.80630630630631,11
"15",2004,9,7.70588235294118,17,8.54166666666667,5.7,7,7.72222222222222,7.6875,12,5,1,9,8,240,153,87,15,121,119,7.67958333333333,8.28300653594771,6.6183908045977,7.86666666666667,7.56280991735537,7.79831932773109,12
"16",2004,10,8.34090909090909,22,8.44117647058824,8,8,9,7.88461538461539,17,5,2,9,13,262,170,92,17,130,132,7.73511450381679,8.29882352941176,6.69347826086956,7.88235294117647,7.66230769230769,7.80681818181818,13
"17",2004,11,8.33684210526316,19,8.5,8.05714285714286,9,8.91428571428571,8,12,7,1,7,12,281,182,99,18,137,144,7.77580071174377,8.31208791208791,6.78989898989899,7.94444444444444,7.72627737226277,7.82291666666667,14
"18",2004,12,7.48214285714286,28,7.78571428571429,6.57142857142857,9,7.46875,7.5,21,7,1,16,12,309,203,106,19,153,156,7.74919093851133,8.2576354679803,6.77547169811321,8,7.69934640522876,7.79807692307692,15
"19",2005,1,7.8051282051282,39,8.34,6.85,7.63333333333333,7.88181818181818,7.70588235294118,25,14,3,22,17,348,228,120,22,175,173,7.75545977011494,8.26666666666667,6.78416666666667,7.95,7.72228571428571,7.78901734104046,16
"20",2005,2,8.10172413793103,29,8.68823529411765,7.27083333333333,8,7.90454545454545,8.22222222222222,17,12,2,11,18,377,245,132,24,186,191,7.78209549071618,8.29591836734694,6.82840909090909,7.95416666666667,7.73306451612903,7.82984293193717,17
"21",2005,3,7.625,24,8.1,6.83333333333333,8,7.55,7.67857142857143,15,9,1,10,14,401,260,141,25,196,205,7.77269326683292,8.28461538461538,6.82872340425532,7.956,7.72372448979592,7.81951219512195,18
"22",2005,4,8.14285714285714,28,8.33333333333333,7.92307692307692,7.5,8.16666666666667,8.11538461538461,15,13,2,15,13,429,275,154,27,211,218,7.79685314685315,8.28727272727273,6.9211038961039,7.92222222222222,7.75521327014218,7.83715596330275,19
"23",2005,5,7.39285714285714,28,7.90625,6.70833333333333,8.25,7.8125,7.225,16,12,2,8,20,457,291,166,29,219,238,7.77210065645514,8.26632302405498,6.90572289156626,7.9448275862069,7.75730593607306,7.78571428571429,20
"24",2005,6,7.90714285714286,28,7.85,8.05,NA,8.30769230769231,7.56,20,8,0,13,15,485,311,174,29,232,253,7.77989690721649,8.23954983922829,6.95833333333333,7.9448275862069,7.78814655172414,7.77233201581028,21
"25",2005,7,7.759375,32,8.28666666666667,7.29411764705882,8.16666666666667,7.41428571428571,8.02777777777778,15,17,3,14,18,517,326,191,32,246,271,7.77862669245648,8.24171779141104,6.98821989528796,7.965625,7.76686991869919,7.78929889298893,22
"26",2005,8,7.18260869565217,23,7.92,6.61538461538461,6,7.26428571428571,7.05555555555556,10,13,1,14,9,540,336,204,33,260,280,7.75324074074074,8.23214285714286,6.96446078431373,7.90606060606061,7.73980769230769,7.76571428571429,23
"27",2005,9,7.65172413793103,29,7.55833333333333,8.1,9.5,7.69230769230769,7.61875,24,5,1,13,16,569,360,209,34,273,296,7.74806678383128,8.18722222222222,6.99162679425837,7.95294117647059,7.73754578754579,7.75777027027027,24
"28",2005,10,7.74545454545455,33,8.04583333333333,6.94444444444444,8,7.58823529411765,7.9125,24,9,3,17,16,602,384,218,37,290,312,7.74792358803987,8.17838541666667,6.98967889908257,7.95675675675676,7.72879310344828,7.76570512820513,25
"29",2005,11,7.61290322580645,31,8.47222222222222,6.42307692307692,8,7.4,7.71428571428571,18,13,3,10,21,633,402,231,40,300,333,7.7413112164297,8.19154228855721,6.95779220779221,7.96,7.71783333333333,7.76246246246246,26
"30",2005,12,7.41136363636364,44,8.04761904761905,6.8304347826087,7.5,7.31578947368421,7.484,21,23,6,19,25,677,423,254,46,319,358,7.7198670605613,8.18439716312057,6.94625984251968,7.9,7.69388714733542,7.74301675977654,27
"31",2006,1,7.53617021276596,47,8.1551724137931,6.53888888888889,9,7.57142857142857,7.52121212121212,29,18,1,14,33,724,452,272,47,333,391,7.70794198895028,8.1825221238938,6.91930147058823,7.92340425531915,7.68873873873874,7.72429667519182,28
"32",2006,2,7.76829268292683,41,8.14516129032258,6.6,8,7.5,8,31,10,1,19,22,765,483,282,48,352,413,7.71117647058824,8.18012422360248,6.90797872340426,7.925,7.67855113636364,7.73898305084746,29
"33",2006,3,7.19354838709677,31,7.84375,6.5,7,7.33333333333333,7.0625,16,15,5,15,16,796,499,297,53,367,429,7.6910175879397,8.16933867735471,6.88737373737374,7.8377358490566,7.66444141689373,7.71375291375291,30
"34",2006,4,7.62903225806452,31,7.94117647058824,7.25,NA,7.73076923076923,7.55555555555556,17,14,0,13,18,827,516,311,53,380,447,7.68869407496977,8.16182170542636,6.90369774919614,7.8377358490566,7.66671052631579,7.70738255033557,31
"35",2006,5,7.67391304347826,23,8.23333333333333,6.625,NA,6.91666666666667,7.94117647058824,15,8,0,6,17,850,531,319,53,386,464,7.68829411764706,8.1638418079096,6.89670846394984,7.8377358490566,7.6550518134715,7.71594827586207,32
"36",2006,6,7.98148148148148,27,8.14705882352941,7.7,8,8.45833333333333,7.6,17,10,2,12,15,877,548,329,55,398,479,7.69732041049031,8.16332116788321,6.92112462006079,7.84363636363636,7.67927135678392,7.71231732776618,33
"37",2006,7,7.20769230769231,26,7.64705882352941,6.37777777777778,NA,7.25,7.18529411764706,17,9,0,9,17,903,565,338,55,407,496,7.68322259136213,8.14778761061947,6.90665680473373,7.84363636363636,7.66977886977887,7.69425403225806,34
"38",2006,8,7.83888888888889,36,8.288,6.81818181818182,7,7.63076923076923,7.95652173913043,25,11,1,13,23,939,590,349,56,420,519,7.68919062832801,8.15372881355932,6.90386819484241,7.82857142857143,7.66857142857143,7.70587668593449,35
"39",2006,9,7.93225806451613,31,7.795,8.18181818181818,8.25,7.92142857142857,7.94117647058824,20,11,4,14,17,970,610,360,60,434,536,7.6969587628866,8.14196721311475,6.94291666666667,7.85666666666667,7.67672811059908,7.71333955223881,36
"40",2006,10,7.55238095238095,42,8.32608695652174,6.61578947368421,7.84,7.51176470588235,7.58,23,19,5,17,25,1012,633,379,65,451,561,7.69095849802371,8.14865718799368,6.92651715039578,7.85538461538462,7.67050997782705,7.70739750445633,37
"41",2006,11,7.35135135135135,37,7.85,6.76470588235294,6.75,7.19047619047619,7.5625,20,17,2,21,16,1049,653,396,67,472,577,7.67897998093422,8.13950995405819,6.91957070707071,7.82238805970149,7.64915254237288,7.70337954939342,38
"42",2006,12,7.74137931034483,58,8.27586206896552,7.20689655172414,8.5,7.78947368421053,7.71794871794872,29,29,3,19,39,1107,682,425,70,491,616,7.68224932249322,8.14530791788856,6.93917647058824,7.85142857142857,7.65458248472505,7.70430194805195,39
"43",2007,1,7.7241935483871,62,8.06486486486486,7.22,7.66666666666667,7.8,7.7,37,25,3,15,47,1169,719,450,73,506,663,7.68447390932421,8.14116828929068,6.95477777777778,7.84383561643835,7.65889328063241,7.70399698340875,40
"44",2007,2,7.26918119047619,42,8.18636363636364,6.2602805,9,7.07894736842105,7.42633086956522,22,20,1,19,23,1211,741,470,74,525,686,7.67007069364162,8.14251012145749,6.92522470212766,7.85945945945946,7.63790476190476,7.69468747813411,41
"45",2007,3,7.428,50,8.268,6.588,7.6,6.7,7.74,25,25,6,15,35,1261,766,495,80,540,721,7.66047233148295,8.14660574412533,6.90819315151515,7.84,7.61185185185185,7.69688711511789,42
"46",2007,4,7.31944444444444,36,8.13913043478261,5.86923076923077,7.15,7.28461538461538,7.33913043478261,23,13,2,13,23,1297,789,508,82,553,744,7.6510066383963,8.14638783269962,6.88160553149606,7.82317073170732,7.60415913200723,7.6858274327957,43
"47",2007,5,7.79365079365079,63,8.23809523809524,6.90476190476191,NA,7.815,7.78372093023256,42,21,0,20,43,1360,831,529,82,573,787,7.65761441911765,8.15102286401925,6.8825247826087,7.82317073170732,7.61151832460733,7.69117612452351,44
"48",2007,6,7.17333333333333,45,8.23333333333333,6.46666666666667,8.9,6.61111111111111,7.54814814814815,18,27,1,18,27,1405,849,556,83,591,814,7.64210363701067,8.1527679623086,6.86233023381295,7.83614457831325,7.58104906937394,7.68643195331695,45
"49",2007,7,7.66666666666667,54,8.14705882352941,6.85,7,7.5,7.73684210526316,34,20,4,16,38,1459,883,576,87,607,852,7.64301275531186,8.15254813137033,6.86190210069444,7.79770114942529,7.57891268533773,7.68868029342723,46
"50",2007,8,7.54150943396226,53,7.87407407407407,7.19615384615385,7,7.51304347826087,7.56333333333333,27,26,5,23,30,1512,910,602,92,630,882,7.63945476851852,8.14428571428571,6.87633822259136,7.75434782608696,7.57650793650794,7.68441679138322,47
"51",2007,9,7.3188679245283,53,7.74,6.7695652173913,7.28333333333333,6.83157894736842,7.59117647058823,30,23,6,19,34,1565,940,625,98,649,916,7.62859783386581,8.1313829787234,6.872408976,7.72551020408163,7.55469953775038,7.68095590611354,48
"52",2007,10,7.75614035087719,57,8.35555555555556,6.72857142857143,7.25,7.47619047619048,7.91944444444444,36,21,4,21,36,1622,976,646,102,670,952,7.63307990752158,8.13965163934426,6.86773314241486,7.70686274509804,7.55223880597015,7.6899743802521,49
"53",2007,11,7.36491228070175,57,8.34333333333333,6.27777777777778,6,7.72352941176471,7.2125,30,27,1,17,40,1679,1006,673,103,687,992,7.62397594401429,8.14572564612326,6.84406479940565,7.69029126213592,7.55647743813683,7.67072138104839,50
"54",2007,12,7.47027027027027,74,7.95416666666667,6.57692307692308,7.4,7.26785714285714,7.59347826086957,48,26,5,28,46,1753,1054,699,108,715,1038,7.61748751283514,8.1370018975332,6.83412819742489,7.67685185185185,7.54517482517483,7.66729827552987,51
"55",2008,1,7.50067567567568,74,8.02560975609756,6.84848484848485,7.44444444444444,6.78888888888889,7.90957446808511,41,33,9,27,47,1827,1095,732,117,742,1085,7.61275621784346,8.13283105022831,6.83477542349727,7.65897435897436,7.51765498652291,7.67779318894009,52
"56",2008,2,7.41,40,8,6.82,7.75,7.13333333333333,7.576,20,20,4,15,25,1867,1115,752,121,757,1110,7.60841221746117,8.13044843049327,6.83438246010638,7.66198347107438,7.51003963011889,7.67550054954955,53
"57",2008,3,7.60980392156863,51,8.03703703703704,7.12916666666667,7.93333333333333,7.87391304347826,7.39285714285714,27,24,6,23,28,1918,1142,776,127,780,1138,7.60844922314911,8.12823992994746,6.84349949742268,7.6748031496063,7.52076923076923,7.66854623022847,54
"58",2008,4,7.35,46,8.45714285714286,6.42,7.5,6.76666666666667,7.63225806451613,21,25,2,15,31,1964,1163,801,129,795,1169,7.60239593177189,8.13417884780739,6.83028166042447,7.67209302325581,7.50654088050315,7.66758392643285,55
"59",2008,5,7.38070175438596,57,8.15357142857143,6.63448275862069,6.65,7.34705882352941,7.395,28,29,6,17,40,2021,1191,830,135,812,1209,7.59614330034636,8.13463476070529,6.8234404939759,7.62666666666667,7.50320197044335,7.65856543424318,56
"60",2008,6,7.61184210526316,38,7.7375,7.47222222222222,7.7,8.05357142857143,7.35416666666667,20,18,5,14,24,2059,1211,848,140,826,1233,7.59643303059738,8.1280759702725,6.83721180424528,7.62928571428571,7.51253026634383,7.6526403974047,57
"61",2008,7,7.43774647887324,71,8.07588235294118,6.85135135135135,6,6.78666666666667,7.77021276595745,34,37,16,24,47,2130,1245,885,156,850,1280,7.59114347887324,8.12665060240964,6.83780294915254,7.46217948717949,7.49203529411765,7.6569575078125,58
"62",2008,8,7.52641509433962,53,8.028125,6.76190476190476,6.44444444444444,6.92380952380952,7.921875,32,21,9,21,32,2183,1277,906,165,871,1312,7.58957196976638,8.12418167580266,6.8360437196468,7.40666666666667,7.47833524684271,7.66341891006098,59
"63",2008,9,6.84607843137255,51,7.63611111111111,6.41515151515152,7.5,7.04166666666667,6.73939393939394,18,33,4,18,33,2234,1295,939,169,889,1345,7.57259875111907,8.11739768339768,6.82125198083067,7.40887573964497,7.46949381327334,7.64074766542751,60
"64",2008,10,7.65957446808511,47,7.92857142857143,7.44230769230769,9.125,7.35,7.81935483870968,21,26,4,16,31,2281,1316,965,173,905,1376,7.5743908855765,8.11438449848024,6.8379850880829,7.4485549132948,7.46738121546961,7.64477151889535,61
"65",2008,11,7.42363636363636,55,7.712,7.18333333333333,7,7.43333333333333,7.41891891891892,25,30,10,18,37,2336,1341,995,183,923,1413,7.57084144263699,8.10688292319165,6.84839759798995,7.42404371584699,7.46671722643554,7.63885747346072,62
"66",2008,12,7.49166666666667,84,7.9,7.08333333333333,7.35,7.19565217391304,7.60327868852459,42,42,10,23,61,2420,1383,1037,193,946,1474,7.56809322727273,8.10060014461316,6.85791283510125,7.42020725388601,7.46012684989429,7.63738508141113,63
"67",2009,1,7.52345679012346,81,7.96744186046512,7.02105263157895,7.28125,7.42857142857143,7.55666666666667,43,38,16,21,60,2501,1426,1075,209,967,1534,7.56664758496601,8.09658485273492,6.8636796372093,7.40956937799043,7.45944157187177,7.63422790743155,64
"68",2009,2,7.00570175438596,114,7.53255813953488,6.68661971830986,7.39230769230769,6.23684210526316,7.15947368421053,43,71,13,19,95,2615,1469,1146,222,986,1629,7.5421933499044,8.08007488087134,6.85270995636998,7.40855855855856,7.43588235294118,7.60654119705341,65
"69",2009,3,7.064,100,7.94444444444444,6.56875,7.30769230769231,7.11111111111111,7.04657534246575,36,64,13,27,73,2715,1505,1210,235,1013,1702,7.52458033517496,8.07683056478405,6.83769058677686,7.40297872340425,7.42722606120434,7.58252386016451,66
"70",2009,4,7.22647058823529,102,8.04186046511628,6.63220338983051,7.16666666666667,7.11923076923077,7.26315789473684,43,59,15,26,76,2817,1548,1269,250,1039,1778,7.51378615903443,8.07585917312661,6.82813680851064,7.3888,7.4195187680462,7.56887267154106,67
"71",2009,5,7.47758620689655,87,7.79722222222222,7.25196078431373,6.94642857142857,7.21875,7.53591549295775,36,51,14,16,71,2904,1584,1320,264,1055,1849,7.51270165633609,8.06952651515152,6.84451182575758,7.36534090909091,7.41647393364929,7.56760714440238,68
"72",2009,6,7.34817073170732,82,7.73333333333333,7.12596153846154,7.59375,7.15,7.37569444444444,30,52,8,10,72,2986,1614,1372,272,1065,1921,7.50818339249833,8.06327757125155,6.85517901603498,7.37205882352941,7.41397183098592,7.56041416449766,69
"73",2009,7,7.39718309859155,71,7.82666666666667,7.08292682926829,7.57,6.86666666666667,7.57735849056604,30,41,10,18,53,3057,1644,1413,282,1083,1974,7.50560536800785,8.0589598540146,6.86178740976645,7.3790780141844,7.40487534626039,7.56086910334346,70
"74",2009,8,7.43591549295775,71,7.9,7.07625,6.25,7.11,7.52321428571429,31,40,8,15,56,3128,1675,1453,290,1098,2030,7.5040235326087,8.05601791044776,6.86769140399174,7.34793103448276,7.40084699453552,7.55983034975369,71
"75",2009,9,7.21896551724138,116,7.79791666666667,6.81029411764706,6.43478260869565,7.06153846153846,7.2987012987013,48,68,23,39,77,3244,1723,1521,313,1137,2107,7.49383033600493,8.04882762623331,6.86512531886916,7.28083067092652,7.38920844327177,7.55028742762221,72
"76",2009,10,7.38617021276596,94,8.00689655172414,7.10923076923077,7.14705882352941,7.47619047619048,7.36027397260274,29,65,17,21,73,3338,1752,1586,330,1158,2180,7.49079856500899,8.04813356164383,6.8751296406053,7.27393939393939,7.39078583765112,7.54392459174312,73
"77",2009,11,7.26808510638298,94,8.05675675675676,6.75614035087719,6.76428571428571,7.35384615384615,7.23529411764706,37,57,14,26,68,3432,1789,1643,344,1184,2248,7.48469860431236,8.04831190609279,6.87100158855752,7.2531976744186,7.38997466216216,7.53458879448398,74
"78",2009,12,7.55188679245283,106,8.14528301886793,6.95849056603774,7.01666666666667,7.44230769230769,7.5875,53,53,18,26,80,3538,1842,1696,362,1210,2328,7.48671159129452,8.05110206297502,6.87373561910377,7.2414364640884,7.39109917355372,7.53640704896907,75
"79",2010,1,7.15766129032258,124,7.85918367346939,6.69933333333333,6.63333333333333,7.03958333333333,7.186,49,75,15,24,100,3662,1891,1771,377,1234,2428,7.47556952758056,8.04612903225806,6.86634986448334,7.21724137931034,7.38426256077796,7.5219751276771,76
"80",2010,2,7.3679012345679,81,7.88181818181818,7.01458333333333,7.20833333333333,7.62857142857143,7.3134328358209,33,48,12,14,67,3743,1924,1819,389,1248,2495,7.47323954314721,8.04331081081081,6.87026146783947,7.21696658097686,7.38700320512821,7.51637499398797,77
"81",2010,3,7.27894736842105,76,8.03333333333333,6.7,7.16666666666667,6.7,7.42131147540984,33,43,9,15,61,3819,1957,1862,398,1263,2556,7.46937303220739,8.04314256515074,6.86632954350161,7.21582914572864,7.37884402216944,7.51410626369327,78
"82",2010,4,7.259375,64,7.41428571428571,7.13888888888889,6.59090909090909,7.16,7.28979591836735,28,36,11,15,49,3883,1985,1898,409,1278,2605,7.46591182333248,8.03427204030227,6.87149926765016,7.19902200488997,7.37627543035994,7.50988699040307,79
"83",2010,5,7.01458333333333,72,7.76851851851852,6.56222222222222,7,6.375,7.16896551724138,27,45,6,14,58,3955,2012,1943,415,1292,2663,7.45769547661188,8.03070576540755,6.86433639217705,7.19614457831325,7.36542569659443,7.50246173864063,80
"84",2010,6,7.46666666666667,42,7.98,7,7.08333333333333,7.16363636363636,7.5741935483871,20,22,6,11,31,3997,2032,1965,421,1303,2694,7.45778974480861,8.03020669291339,6.86585527226463,7.19453681710214,7.36372217958557,7.50328716035635,81
"85",2010,7,7.83441860465116,43,8.15,7.6072,7.33333333333333,7.8475,7.83142857142857,18,25,9,8,35,4040,2050,1990,430,1311,2729,7.46179841831683,8.03125853658537,6.87516864824121,7.19744186046512,7.36667429443173,7.50749564309271,82
"86",2010,8,7.20081967213115,61,7.67321428571429,6.8,7.375,7,7.24019607843137,28,33,12,10,51,4101,2078,2023,442,1321,2780,7.45791651060717,8.02643407122233,6.87394246663371,7.20226244343891,7.36389856169569,7.50259194604316,83
"87",2010,9,7.56057692307692,52,8.05,6.89318181818182,6.8,7.875,7.46625,30,22,5,12,40,4153,2108,2045,447,1333,2820,7.45920192872622,8.02676944971537,6.87414944254279,7.19776286353467,7.36849962490623,7.50207645744681,84
"88",2010,10,7.12222222222222,54,8.02380952380952,6.54848484848485,7.16666666666667,6,7.37727272727273,21,33,6,10,44,4207,2129,2078,453,1343,2864,7.45487654147849,8.02674025364021,6.86897767564966,7.19735099337748,7.35830975428146,7.50015908170391,85
"89",2010,11,7.28670103092784,97,7.91068965517241,7.02058823529412,7.07692307692308,6.69090909090909,7.36290697674419,29,68,13,11,86,4304,2158,2146,466,1354,2950,7.45108634061338,8.02518072289156,6.87378173811743,7.19399141630901,7.35288774002954,7.4961578338983,86
"90",2010,12,7.1297619047619,84,7.68918918918919,6.68936170212766,7,7.46923076923077,7.06760563380282,37,47,9,13,71,4388,2195,2193,475,1367,3021,7.44493518915223,8.01951708428246,6.86982927952576,7.19031578947368,7.35399414776884,7.48608593512082,87
"91",2011,1,7.32521276595745,94,7.70243902439024,7.03339622641509,6.96153846153846,7.05,7.39959459459459,41,53,13,20,74,4482,2236,2246,488,1387,3095,7.44242427710843,8.0137030411449,6.87368905164737,7.18422131147541,7.3496106705119,7.48401796768982,88
"92",2011,2,7.48012195121951,82,8,7.16411764705882,7.91111111111111,7.267,7.50972222222222,31,51,9,10,72,4564,2267,2297,497,1397,3167,7.4431015797546,8.01351565946184,6.88013740095777,7.19738430583501,7.34901932712956,7.48460233975371,89
"93",2011,3,7.05952380952381,84,7.83333333333333,6.75,7.68333333333333,7.04545454545455,7.06164383561644,24,60,12,11,73,4648,2291,2357,509,1408,3240,7.43616945137694,8.01162810999563,6.87682461179465,7.20884086444008,7.34664772727273,7.4750727191358,90
"94",2011,4,7.38947368421053,76,7.88620689655172,7.08297872340426,7.15384615384615,6.66111111111111,7.61551724137931,29,47,13,18,58,4724,2320,2404,522,1426,3298,7.43541820702794,8.01006034482758,6.88085507903494,7.20747126436781,7.33799438990182,7.47754263493026,91
"95",2011,5,7.33631578947368,95,7.9453125,7.02698412698413,7.85,7.075,7.38924050632911,32,63,10,16,79,4819,2352,2467,532,1442,3377,7.43346453828595,8.00917942176871,6.88458678962302,7.21954887218045,7.33507628294036,7.47547693514954,92
"96",2011,6,7.31931818181818,88,7.825,6.96923076923077,6.95833333333333,6.90625,7.41111111111111,36,52,12,16,72,4907,2388,2519,544,1458,3449,7.43141748726309,8.00640284757119,6.88633410480349,7.21378676470588,7.33037037037037,7.47413325891563,93
"97",2011,7,7.57107843137255,102,8.11022727272727,7.16206896551724,7.24285714285714,7.51136363636364,7.5875,44,58,7,22,80,5009,2432,2577,551,1480,3529,7.4342614513875,8.00828125,6.89254001164144,7.21415607985481,7.33306081081081,7.4767032048739,94
"98",2011,8,7.08578947368421,95,7.76206896551724,6.78863636363636,6.6875,6.82352941176471,7.14294871794872,29,66,16,17,78,5104,2461,2643,567,1497,3607,7.42777539380878,8.005379926859,6.88994536889898,7.19929453262786,7.3272745490982,7.46948589132243,95
"99",2011,9,7.5320987654321,81,7.90263157894737,7.2046511627907,7.83333333333333,6.87058823529412,7.7078125,38,43,9,17,64,5185,2499,2686,576,1514,3671,7.42940513211186,8.0038175270108,6.89498347356664,7.20920138888889,7.3221466314399,7.47364086352492,96
"100",2011,10,7.25858585858586,99,8.11764705882353,6.80923076923077,7.31818181818182,7.39047619047619,7.22307692307692,34,65,11,21,78,5284,2533,2751,587,1535,3749,7.42620469530659,8.00534544018949,6.89295732824428,7.21124361158433,7.32308143322476,7.46842774339824,97
"101",2011,11,7.24080459770115,87,7.5984375,7.03272727272727,7.18571428571429,6.61666666666667,7.4036231884058,32,55,14,18,69,5371,2565,2806,601,1553,3818,7.42320156581642,8.00026900584795,6.89569693870278,7.21064891846922,7.31489375402447,7.46725657674175,98
"102",2011,12,7.6463963963964,111,8.05102040816327,7.32661290322581,7.62352941176471,7.88333333333333,7.58103448275862,49,62,17,24,87,5482,2614,2868,618,1577,3905,7.42772083363736,8.00122035195103,6.90501241631799,7.22200647249191,7.32354470513634,7.46979144942381,99
"103",2012,1,7.25588235294118,119,7.63942307692308,6.95820895522388,7,7.64473684210526,7.182,52,67,14,19,100,5601,2666,2935,632,1596,4005,7.42406991787181,7.99416354088522,6.90622678364566,7.21708860759494,7.32736842105263,7.46260564544319,100
"104",2012,2,7.21647058823529,85,7.71935483870968,6.92777777777778,6.83333333333333,7.22727272727273,7.21486486486486,31,54,9,11,74,5686,2697,2989,641,1607,4079,7.42096651600422,7.99100482017055,6.90661612914018,7.21170046801872,7.32668326073429,7.45811120617798,101
"105",2012,3,7.25875,80,7.93333333333333,6.854,7.35714285714286,6.75,7.36666666666667,30,50,7,14,66,5766,2727,3039,648,1621,4145,7.41871585327783,7.99037037037037,6.90575044751563,7.21327160493827,7.32170265268353,7.45665515319662,102
"106",2012,4,7.25933333333333,75,7.90740740740741,6.89479166666667,6.86363636363636,6.5,7.43360655737705,27,48,11,14,61,5841,2754,3087,659,1635,4206,7.41666933915425,7.98955700798838,6.90558004859087,7.20743550834598,7.31466666666667,7.45632087731812,103
"107",2012,5,6.9775641025641,78,7.58333333333333,6.53333333333333,6.875,6.046875,7.21774193548387,33,45,8,16,62,5919,2787,3132,667,1651,4268,7.41088285352255,7.98474703982777,6.90023167624521,7.20344827586207,7.30238037552998,7.45285511012184,104
"108",2012,6,7.14029850746269,67,7.52,6.91428571428571,7.04444444444444,6.78461538461538,7.22592592592593,25,42,9,13,54,5986,2812,3174,676,1664,4322,7.40785426161042,7.98061522048364,6.90041764650284,7.20133136094675,7.29833533653846,7.45001980795928,105
"109",2012,7,7.5108,50,7.912,7.1096,7.5,6.8,7.6885,25,25,9,10,40,6036,2837,3199,685,1674,4362,7.40870702617627,7.98001057455058,6.90205239449828,7.20525547445255,7.29535842293907,7.45220669646951,106
"110",2012,8,7.41549295774648,71,7.892,7.15652173913043,7.95454545454545,7.3,7.43666666666667,25,46,11,11,60,6107,2862,3245,696,1685,4422,7.40878591943671,7.97924178895877,6.90565966409861,7.21709770114942,7.29538872403561,7.4519958412483,107
"111",2012,9,7.4375,60,8.12692307692308,6.91029411764706,8.27777777777778,7.50357142857143,7.41739130434783,26,34,9,14,46,6167,2888,3279,705,1699,4468,7.40906528457921,7.98057132963988,6.90570771881671,7.23063829787234,7.29710417892878,7.45163957251567,108
"112",2012,10,7.28571428571429,56,7.72916666666667,6.953125,7.35714285714286,7,7.36363636363636,24,32,7,12,44,6223,2912,3311,712,1711,4512,7.40795526434196,7.97849931318681,6.90616599516762,7.23188202247191,7.29502045587376,7.45078138519503,109
"113",2012,11,7.305,60,7.87037037037037,6.84242424242424,6.91666666666667,6.99,7.368,27,33,6,10,50,6283,2939,3344,718,1721,4562,7.40697208499124,7.97750595440626,6.90553696471292,7.22924791086351,7.29324811156305,7.44987409250329,110
"114",2012,12,7.03064516129032,62,7.884,6.45405405405405,7.5,6.25,7.218,25,37,12,12,50,6345,2964,3381,730,1733,4612,7.40329481639086,7.97671727395411,6.90059615794144,7.23369863013699,7.28602423542989,7.44736027970512,111
"115",2013,1,7.20961538461538,78,7.69583333333333,6.79285714285714,6.8,6.15,7.36544117647059,36,42,10,10,68,6423,3000,3423,740,1743,4680,7.40094280087187,7.97334666666666,6.89927420683611,7.22783783783784,7.27950659781985,7.44617000213675,112
"116",2013,2,6.88070175438596,57,7.25454545454545,6.64571428571429,7.5,6.50909090909091,6.9695652173913,22,35,7,11,46,6480,3022,3458,747,1754,4726,7.39636660648148,7.9681138318994,6.89670781087334,7.23038821954485,7.27467502850627,7.44153102200592,113
"117",2013,3,7.30178571428571,56,7.692,6.98709677419355,6.45,6.63333333333333,7.42978723404255,25,31,8,9,47,6536,3047,3489,755,1763,4773,7.39555624388005,7.96584837545126,6.89751092290054,7.22211920529801,7.27140102098696,7.44141538026398,114
"118",2013,4,6.70673913043478,46,7.80071428571429,6.228125,6.56666666666667,5.8,6.81731707317073,14,32,15,5,41,6582,3061,3521,770,1768,4814,7.3907422683075,7.96509310682783,6.89142732462369,7.20935064935065,7.26723981900453,7.43610004362276,115
"119",2013,5,6.80555555555556,45,7.16666666666667,6.39285714285714,8.5,7.125,6.77439024390244,24,21,2,4,41,6627,3085,3542,772,1772,4855,7.38676861475781,7.95888168557536,6.88847137492942,7.21269430051813,7.26691873589165,7.43051196910401,116
"120",2013,6,7.23617021276596,47,7.6695652173913,6.82083333333333,6.83333333333333,7.2,7.24722222222222,23,24,3,11,36,6674,3108,3566,775,1783,4891,7.3857080626311,7.95674066924066,6.88801615535614,7.21122580645161,7.26650588895121,7.42916287262318,117
"121",2013,7,7.1,59,7.44,6.74827586206897,6.83333333333333,6.88888888888889,7.138,30,29,6,9,50,6733,3138,3595,781,1792,4941,7.38320445715134,7.9518005098789,6.88688890403338,7.20832266325224,7.264609375,7.42621647642178,118
"122",2013,8,6.81694915254237,59,7.40909090909091,6.46486486486486,5.9,6.54166666666667,6.88723404255319,22,37,8,12,47,6792,3160,3632,789,1804,4988,7.37828557273262,7.94802215189873,6.8825896503304,7.19505703422053,7.25980044345898,7.42113785284683,119
"123",2013,9,7.4390243902439,41,7.85294117647059,7.14583333333333,6.75,7.64285714285714,7.39705882352941,17,24,4,7,34,6833,3177,3656,793,1811,5022,7.37865002341577,7.94751337740006,6.88431772702407,7.19281210592686,7.26128106018774,7.42097483273596,120
"124",2013,10,7.22291666666667,48,8.05,6.39583333333333,6.3125,7.375,7.20909090909091,24,24,8,4,44,6881,3201,3680,801,1815,5066,7.37756366952478,7.94828178694158,6.88113195923913,7.18401997503121,7.26153168044077,7.41913454599289,121
"125",2013,11,6.89642857142857,56,7.78461538461538,6.12666666666667,6.38333333333333,7.6125,6.77708333333333,26,30,6,8,48,6937,3227,3710,807,1823,5114,7.37367963240594,7.94696312364425,6.87503116172507,7.17806691449814,7.26307185957214,7.41310825381306,122
"126",2013,12,7.03145161290323,62,7.52407407407407,6.65142857142857,6.77272727272727,6.92857142857143,7.06145833333333,27,35,11,14,48,6999,3254,3745,818,1837,5162,7.37064803686241,7.94345421020282,6.87294141789052,7.17261613691932,7.26052259118128,7.40983835916311,123
"127",2014,1,7.07246376811594,69,7.97307692307692,6.52790697674419,7.23076923076923,6.46428571428571,7.22727272727273,26,43,13,14,55,7068,3280,3788,831,1851,5217,7.36773706989247,7.94368902439024,6.86902471224921,7.17352587244284,7.25450027012426,7.40791366877516,124
"128",2014,2,7.07340425531915,47,7.63703703703704,6.3125,7,6.23,7.30135135135135,27,20,5,10,37,7115,3307,3808,836,1861,5254,7.3657927772312,7.94118536437859,6.86610178834034,7.17248803827751,7.24899516389038,7.40716322992006,125
"129",2014,3,7.255,40,7.18571428571429,7.33157894736842,6.96,6.05714285714286,7.50909090909091,21,19,5,7,33,7155,3328,3827,841,1868,5287,7.36517339063592,7.93641826923077,6.8684127541155,7.17122473246136,7.24452890792291,7.40779943446189,126
"130",2014,4,6.74324324324324,37,7.47058823529412,6.125,6.66666666666667,6.14285714285714,6.88333333333333,17,20,3,7,30,7192,3345,3847,844,1875,5317,7.36197380561735,7.93405082212257,6.86454785807122,7.16943127962085,7.240416,7.40484025014106,127
"131",2014,5,6.88,40,7.40666666666667,6.564,7.125,6.75,6.90294117647059,15,25,4,6,34,7232,3360,3872,848,1881,5351,7.35930802129424,7.93169642857142,6.86260733729339,7.16922169811321,7.23885167464115,7.40165120725098,128
"132",2014,6,7.003125,32,7.29375,6.7125,7.12857142857143,8,6.86071428571429,16,16,7,4,28,7264,3376,3888,855,1885,5379,7.35773893309471,7.92867298578199,6.86198961162551,7.16888888888889,7.24046684350133,7.398835398773,129
"133",2014,7,6.88484848484848,33,7.03636363636364,6.80909090909091,7.71111111111111,6.08333333333333,7.06296296296296,11,22,9,6,27,7297,3387,3910,864,1891,5406,7.35560033027271,7.92577502214349,6.86169197186701,7.17453703703704,7.23679534637758,7.39715790048094,130
"134",2014,8,6.88971428571429,35,7.47727272727273,6.62041666666667,6.70833333333333,5.6,7.10466666666667,11,24,6,5,30,7332,3398,3934,870,1896,5436,7.35337637888707,7.92432313125367,6.86022003304525,7.17132183908046,7.23247890295359,7.39554371044886,131
"135",2014,9,7.08048780487805,41,7.72222222222222,6.57826086956522,5.5,7.08333333333333,7.08,18,23,4,6,35,7373,3416,3957,874,1902,5471,7.35185889190288,7.92325819672131,6.85858114986101,7.16367276887872,7.23200841219769,7.39352506123195,132
"136",2014,10,7.00957446808511,47,7.70588235294118,6.615,6.745,6.49166666666667,7.08536585365854,17,30,10,6,41,7420,3433,3987,884,1908,5512,7.34969078301886,7.92218176521992,6.85674833458741,7.15893665158371,7.22968029350105,7.39123287554426,133
"137",2014,11,6.98038461538462,52,7.70526315789474,6.5630303030303,6.83333333333333,6.30615384615385,7.20512820512821,19,33,9,13,39,7472,3452,4020,893,1921,5551,7.34712066514989,7.92098783314021,6.85433721641791,7.15565509518477,7.22343050494534,7.38992534858584,134
"138",2014,12,7.3275,40,7.71176470588235,7.04347826086957,7.75,7.28571428571429,7.33636363636364,17,23,6,7,33,7512,3469,4043,899,1928,5584,7.34701618876464,7.9199625252234,6.85541321048726,7.15962180200222,7.22365663900415,7.38960881267908,135
"139",2015,1,6.82142857142857,49,6.93333333333333,6.75645161290323,6.75,6.43571428571429,6.88571428571429,18,31,4,7,42,7561,3487,4074,903,1935,5626,7.34361005290305,7.9148695153427,6.85466018900344,7.1578073089701,7.22080620155039,7.38584706896551,136
"140",2015,2,6.95116279069767,43,7.24375,6.77777777777778,7,7.4,6.89210526315789,16,27,7,5,38,7604,3503,4101,910,1940,5664,7.34139079563387,7.91180416785612,6.85415401365521,7.15659340659341,7.22126804123711,7.38253453566384,137
"141",2015,3,7.08285714285714,35,7.68421052631579,6.36875,7,7.33333333333333,7.059375,19,16,3,3,32,7639,3522,4117,913,1943,5696,7.3402062586726,7.91057637705849,6.85226757590479,7.15607886089814,7.22144107050952,7.38071903265449,138
"142",2015,4,6.88571428571429,42,7.9125,6.25384615384615,6.51666666666667,6.71428571428571,6.92,16,26,6,7,35,7681,3538,4143,919,1950,5731,7.33772107928655,7.9105850763143,6.84851209510017,7.1519042437432,7.21962051282051,7.37790535857616,139
"143",2015,5,6.96236842105263,38,7.48333333333333,6.62260869565217,7.72,7.41666666666667,6.8771875,15,23,6,6,32,7719,3553,4166,925,1956,5763,7.33587324912553,7.90878131156769,6.84726490878541,7.15558918918919,7.22022494887526,7.37512504077737,140
"144",2015,6,6.08695652173913,23,7.71428571428571,5.375,6.5,6,6.09090909090909,7,16,4,1,22,7742,3560,4182,929,1957,5785,7.33216295660036,7.90839887640449,6.84163214012434,7.15276641550054,7.21960143076137,7.3702412463267,141
"145",2015,7,7.01785714285714,28,8.22727272727273,6.23529411764706,6.25,5.66666666666667,7.18,11,17,4,3,25,7770,3571,4199,933,1960,5810,7.33103032303732,7.90938112573508,6.83917733031674,7.14889603429796,7.21722448979592,7.36942265232358,142
"146",2015,8,7.18888888888889,27,7.81818181818182,6.75625,6.75,NA,7.18888888888889,11,16,4,0,27,7797,3582,4215,937,1960,5837,7.33053810568167,7.90910106085985,6.83886254092527,7.1471931696905,7.21722448979592,7.36858756381703,143
"147",2015,9,6.92,25,7.72727272727273,6.28571428571429,6.5,6.83333333333333,6.94736842105263,11,14,4,6,19,7822,3593,4229,941,1966,5856,7.32922597928918,7.90854439187308,6.83703135729487,7.14444208289054,7.2160528992879,7.36722090334699,144
"148",2015,10,6.9,32,7.41428571428571,6.5,7,7.33333333333333,6.8551724137931,14,18,5,3,29,7854,3607,4247,946,1969,5885,7.32747715940921,7.90662600499029,6.83560292206263,7.14367864693446,7.21623158963941,7.3646976397621,145
"149",2015,11,6.75652173913043,46,7.325,6.31923076923077,6.5,10,6.68444444444444,20,26,4,1,45,7900,3627,4273,950,1970,5930,7.32415260886076,7.9034188034188,6.83246094313129,7.14096842105263,7.21764467005076,7.35953551602023,146
"150",2015,12,6.72954545454545,44,7.02352941176471,6.54444444444444,6.8125,6.33333333333333,6.79210526315789,17,27,8,6,38,7944,3644,4300,958,1976,5968,7.32085921576032,7.89931394072448,6.83065246744186,7.1382254697286,7.21495951417004,7.35592252178284,147
"151",2016,1,6.61517857142857,56,7.32352941176471,6.30641025641026,6.04285714285714,6.75,6.599,17,39,7,6,50,8000,3661,4339,965,1982,6018,7.31591945125,7.89664026222343,6.82594044941231,7.13027979274611,7.21355196770939,7.34963370056497,148
"152",2016,2,6.4469696969697,33,7.3125,5.63235294117647,5.16666666666667,5.875,6.63,16,17,6,8,25,8033,3677,4356,971,1990,6043,7.3123497584962,7.89409844982322,6.82128227961432,7.11814624098867,7.20817085427136,7.34665656296541,149
"153",2016,3,6.83666666666667,30,6.42857142857143,6.96086956521739,7.175,6.125,6.94615384615385,7,23,12,4,26,8063,3684,4379,983,1994,6069,7.31057988465831,7.89131378935939,6.82201543959808,7.11884028484232,7.20599799398195,7.344940782666,150
"154",2016,4,6.73714285714286,35,7.16470588235294,6.33333333333333,6.71428571428571,7,6.70322580645161,17,18,7,4,31,8098,3701,4397,990,1998,6100,7.30810145838478,7.88797622264253,6.82001492153741,7.1159797979798,7.20558558558559,7.34167960819672,151
"155",2016,5,6.95625,32,7.56470588235294,6.26666666666667,6.5,8,6.88666666666667,17,15,3,2,30,8130,3718,4412,993,2000,6130,7.30671655719557,7.88649811726734,6.81813363780598,7.11411883182276,7.20638,7.33945279119086,152
"156",2016,6,6.69354838709677,31,7.84615384615385,5.86111111111111,6,10,6.58333333333333,13,18,6,1,30,8161,3731,4430,999,2001,6160,7.30438740472981,7.88635754489413,6.81424505869074,7.10742742742743,7.20777611194403,7.33577039123376,153
"157",2016,7,6.94117647058824,34,7.65,6.64583333333333,7.25,6.25,7.08928571428571,10,24,8,6,28,8195,3741,4454,1007,2007,6188,7.30288048932275,7.88572574178027,6.81333758643915,7.10856007944389,7.20491280518186,7.33465507595346,154
"158",2016,8,6.81666666666667,39,6.81875,6.81521739130435,5.75,6.86111111111111,6.80333333333333,16,23,4,9,30,8234,3757,4477,1011,2016,6218,7.30057755768763,7.88118179398456,6.81334724368997,7.10318496538081,7.20337797619048,7.33209160662592,155
"159",2016,9,6.75555555555556,45,7.78947368421053,6,5.64285714285714,5.6875,6.98648648648649,19,26,7,8,37,8279,3776,4503,1018,2024,6255,7.29761512380722,7.88072033898305,6.80865103486564,7.09314341846758,7.19738636363636,7.33004725979216,156
"160",2016,10,6.7,44,7.6125,6.17857142857143,6.4125,6.64285714285714,6.71081081081081,16,28,8,7,37,8323,3792,4531,1026,2031,6292,7.29445579839,7.87958860759493,6.80475736261311,7.08783625730994,7.19547513540128,7.32640585028607,157
"161",2016,11,7.11463414634146,41,7.38888888888889,6.9,7.125,6.4,7.21388888888889,18,23,4,5,36,8364,3810,4554,1030,2036,6328,7.29357431970349,7.87727034120734,6.80523838603425,7.08798058252427,7.19352161100197,7.32576574115044,158
"162",2016,12,6.90540540540541,37,7.79166666666667,6.48,6.75,6.425,6.96363636363636,12,25,4,4,33,8401,3822,4579,1034,2040,6361,7.29186473157957,7.87700156985871,6.80346267962437,7.08667311411992,7.19201470588235,7.32388706335482,159
"163",2017,1,6.42698113207547,53,7.332,5.61892857142857,5.525,6.15,6.44959183673469,25,28,10,4,49,8454,3847,4607,1044,2044,6410,7.28644258457534,7.87345983883545,6.7962634273931,7.07171455938697,7.18997553816047,7.31720368330733,160
"164",2017,2,6.88809523809524,42,7.53636363636364,6.175,5.75,6.16666666666667,6.94358974358974,22,20,2,3,39,8496,3869,4627,1046,2047,6449,7.28447335334275,7.8715430343758,6.79357804408904,7.06918738049713,7.18847581827064,7.31494427198015,161
"165",2017,3,6.5,37,6.88461538461539,6.29166666666667,6.1875,5.33333333333333,6.60294117647059,13,24,8,3,34,8533,3882,4651,1054,2050,6483,7.28107179303879,7.86823802163833,6.79098809073318,7.06249525616698,7.18576097560976,7.3112101820145,162
"166",2017,4,6.63055555555556,36,7.16666666666667,6.3625,6.77777777777778,7.33333333333333,6.49,12,24,9,6,30,8569,3894,4675,1063,2056,6513,7.27833885050764,7.86607601438109,6.7887883657754,7.06008466603951,7.18619163424125,7.30742754644557,163
"167",2017,5,6.78846153846154,26,7.6,6.28125,6.35714285714286,7,6.78,10,16,7,1,25,8595,3904,4691,1070,2057,6538,7.27685696451425,7.86539446721311,6.787057260712,7.05548598130841,7.18610111813321,7.30541076934842,164
"168",2017,6,7.05,36,7.25,6.85,8,7.6,6.96129032258064,18,18,2,5,31,8631,3922,4709,1072,2062,6569,7.27591074151315,7.86257011728709,6.78729785729454,7.05724813432836,7.18710475266731,7.3037868183894,165
"169",2017,7,7.05,40,7.88947368421053,6.29047619047619,6.5,5.9,7.21428571428571,19,21,7,5,35,8671,3941,4730,1079,2067,6604,7.27486859762426,7.8626998223801,6.78509209513742,7.05363299351251,7.18399129172714,7.30331247880072,166
"170",2017,8,6.54651162790698,43,6.83333333333333,6.34,6,6.78571428571429,6.5,18,25,4,7,36,8714,3959,4755,1083,2074,6640,7.27127445604774,7.85801970194493,6.78275196845426,7.04974145891043,7.18264705882353,7.29895717018072,167
"171",2017,9,6.90476190476191,42,7.6875,5.86111111111111,6,6.95833333333333,6.88333333333333,24,18,6,12,30,8756,3983,4773,1089,2086,6670,7.2695164013248,7.85699221692191,6.77927626440394,7.0439577594123,7.18135666347076,7.2970877976012,168
"172",2017,10,6.56666666666667,30,6.72222222222222,6.5,7.3,6,6.65384615384615,9,21,5,4,26,8786,3992,4794,1094,2090,6696,7.26711650466651,7.85443386773547,6.7780529015436,7.04512797074954,7.17909569377991,7.2945901448626,169
"173",2017,11,6.79024390243902,41,6.80555555555556,6.77826086956522,7.02,6.35,6.86571428571429,18,23,5,6,35,8827,4010,4817,1099,2096,6731,7.26490150787357,7.84972568578553,6.77805389454017,7.04501364877161,7.17672232824428,7.29236006685485,170
"174",2017,12,6.84428571428571,35,7.5,6.61730769230769,6.41666666666667,5.1,7.0078125,9,26,6,3,32,8862,4019,4843,1105,2099,6763,7.26324030805687,7.84894252301567,6.77719091678712,7.04160180995475,7.17375416865174,7.29101369362709,171
"175",2018,1,7.29487179487179,39,7.85,6.71052631578947,5.75,7.25,7.3,20,19,4,4,35,8901,4039,4862,1109,2103,6798,7.26337890237052,7.84894775934637,6.77693040106952,7.03694319206492,7.17389919163101,7.29105996028243,172
"176",2018,2,7.22857142857143,21,8.4,6.8625,6.42,5.1,7.335,5,16,5,1,20,8922,4044,4878,1114,2104,6818,7.26329697489352,7.84962908011869,6.77721107216072,7.03417414721724,7.17291349809886,7.29118885450278,173
"177",2018,3,6.49428571428571,35,7.25,6.1,5.66,5.8,6.61,12,23,5,5,30,8957,4056,4901,1119,2109,6848,7.26029201853299,7.84785502958579,6.77403297490308,7.02803395889187,7.1696586059744,7.28820467435748,174
"178",2018,4,6.99384615384615,26,7.71846153846154,6.26923076923077,7.625,8.5,6.79739130434783,13,13,4,3,23,8983,4069,4914,1123,2112,6871,7.25952082934431,7.84744163185057,6.77269751933252,7.03016028495102,7.17154829545455,7.28656172463979,175
"179",2018,5,6.8,20,7.16666666666667,6.5,7.33333333333333,6,6.88888888888889,9,11,3,2,18,9003,4078,4925,1126,2114,6889,7.25850001221815,7.84593918587542,6.77208844873097,7.03096802841918,7.1704399243141,7.28552266076353,176
"180",2018,6,6.9125,24,7.23333333333333,6.72,6.8,7.5,6.85909090909091,9,15,5,2,22,9027,4087,4940,1131,2116,6911,7.25758010523983,7.84459016393442,6.7719302854251,7.02994694960212,7.17075141776938,7.28416518738243,177
"181",2018,7,5.6875,16,6.2,5.45454545454545,6.66666666666667,NA,5.6875,5,11,3,0,16,9043,4092,4951,1134,2116,6927,7.25480212429503,7.84258064516129,6.7690033548778,7.02898589065256,7.17075141776938,7.28047720658293,178
"182",2018,8,6.65,30,6.63636363636364,6.65789473684211,6.35,8,6.55357142857143,11,19,10,2,28,9073,4103,4970,1144,2118,6955,7.25280233770528,7.83934681940043,6.76857859356137,7.0230506993007,7.17153446647781,7.27755077066858,179
"183",2018,9,6.95833333333333,24,7.63636363636364,6.38461538461539,5.75,6.4,7.10526315789474,11,13,4,5,19,9097,4114,4983,1148,2123,6974,7.25202546004177,7.83880408361691,6.76757688340357,7.0186149825784,7.16971738106453,7.27708138944651,180
"184",2018,10,6.83714285714286,35,7.28235294117647,6.41666666666667,8,5.76666666666667,6.9375,17,18,2,3,32,9132,4131,5001,1150,2126,7006,7.25043534932107,7.83651416122004,6.76631385922816,7.02032173913044,7.16773753527752,7.27553034684556,181
"185",2018,11,6.86176470588235,34,7.21875,6.54444444444444,6.33333333333333,6.61111111111111,6.952,16,18,6,9,25,9166,4147,5019,1156,2135,7031,7.24899362971852,7.83413069688931,6.76551815301853,7.01675605536332,7.16539110070258,7.27437997582136,182
"186",2018,12,6.97826086956522,23,7.54545454545455,6.45833333333333,7,6.83333333333333,7,11,12,1,3,20,9189,4158,5031,1157,2138,7051,7.24831598759386,7.833367003367,6.76478545219639,7.01674157303371,7.1649251637044,7.27360170330449,183
"187",2019,1,6.78014285714286,35,7.4565625,6.21052631578947,6,6.26833333333333,6.828125,16,19,6,3,32,9224,4174,5050,1163,2141,7083,7.24653952840416,7.83192261619549,6.76270012079208,7.01149613069647,7.16366884633349,7.27158910207539,184
"188",2019,2,6.98,25,7.76923076923077,6.125,6.5,7.8,6.775,13,12,4,5,20,9249,4187,5062,1167,2146,7103,7.24581907341334,7.8317279675185,6.76118838601344,7.00974293059126,7.165151444548,7.27019085034492,185
"189",2019,3,7.07342105263158,38,8.01,6.39227272727273,7,8.6,6.89382352941176,16,22,2,4,34,9287,4203,5084,1169,2150,7137,7.24511366533864,7.8324066143231,6.75959197678993,7.00972626176219,7.16782093023256,7.26839787165476,186
"190",2019,4,6.825,20,7.6875,6.25,6,8,6.69444444444444,8,12,1,2,18,9307,4211,5096,1170,2152,7155,7.2442108746105,7.83213132272619,6.75839199568289,7.00886324786325,7.16859433085502,7.26695396366177,187
"191",2019,5,6.58652173913043,23,7.5,5.99928571428571,7.33333333333333,6.5,6.5947619047619,9,14,3,2,21,9330,4220,5110,1173,2154,7176,7.24258956162915,7.83142298578199,6.75631225244619,7.00969309462916,7.16797353760446,7.26498684643255,188
"192",2019,6,6.685,24,7.12,6.25,5.8,5.6,6.97052631578947,12,12,5,5,19,9354,4232,5122,1178,2159,7195,7.24115892773145,7.82940571833648,6.75512604646623,7.00455857385399,7.16434228809634,7.26420925781793,189
"193",2019,7,6.38666666666667,30,7.09090909090909,5.97894736842105,5.1,4.65,6.65384615384615,11,19,6,4,26,9384,4243,5141,1184,2163,7221,7.23842717497869,7.82749116191374,6.75225746158335,6.99490709459459,7.15969255663431,7.26201157872871,190
"194",2019,8,7.05,30,7.54545454545455,6.76315789473684,6.4,5,7.27777777777778,11,19,5,3,27,9414,4254,5160,1189,2166,7248,7.23782670596983,7.82676187118006,6.75229759883721,6.99240538267452,7.15670129270545,7.26207031043046,191
"195",2019,9,7.48695652173913,23,8.28461538461539,6.45,6.33333333333333,7.54,7.47222222222222,13,10,3,5,18,9437,4267,5170,1192,2171,7266,7.23843388894776,7.8281567846262,6.75171288394584,6.9907466442953,7.15758406264395,7.26259091797412,192
"196",2019,10,6.81724137931035,29,6.94117647058824,6.64166666666667,7.23333333333333,6.375,6.888,17,12,3,4,25,9466,4284,5182,1195,2175,7291,7.23714352524825,7.82463702147525,6.75145804901582,6.99135564853557,7.15614482758621,7.26130648882183,193
"197",2019,11,6.15161290322581,31,7.125,5.81304347826087,5.2,5.7,6.2,8,23,5,3,28,9497,4292,5205,1200,2178,7319,7.23360014846793,7.82333294501398,6.74731135638809,6.98389166666667,7.1541391184573,7.25724629184315,194
"198",2019,12,6.66081081081081,37,6.51333333333333,6.76136363636364,3.5,7.08333333333333,6.62352941176471,15,22,2,3,34,9534,4307,5227,1202,2181,7353,7.23137724040277,7.81877060599024,6.74737050124354,6.97809484193012,7.15404172397983,7.25431600843193,195
"199",2020,1,6.71818181818182,44,7.24736842105263,6.316,6.78571428571429,5.25,6.95,19,25,7,6,38,9578,4326,5252,1209,2187,7391,7.2290196920025,7.8162609801202,6.74531713823305,6.97698097601323,7.14881801554641,7.25275140170477,196
"200",2020,2,6.84355263157895,38,7.40738095238095,6.14705882352941,7,8,6.74442857142857,21,17,1,3,35,9616,4347,5269,1210,2190,7426,7.22749642366888,7.81428571428571,6.74338690643386,6.977,7.14998401826484,7.25035558981955,197
"201",2020,3,6.82857142857143,28,7.34,6.23846153846154,7.5,7.53333333333333,6.744,15,13,3,3,25,9644,4362,5282,1213,2193,7451,7.22633820095396,7.81265474552957,6.74214418970087,6.97829348722176,7.15050843593252,7.24865663803516,198
"202",2020,4,5.822,20,6.65666666666667,5.46428571428571,6,3.97,6.02777777777778,6,14,3,2,18,9664,4368,5296,1216,2195,7469,7.22343187189569,7.81106684981684,6.73876616503021,6.97587993421053,7.14761047835991,7.24571436738519,199
"203",2020,5,7.12333333333333,30,7.56363636363636,6.86842105263158,7.5,6,7.16206896551724,11,19,1,1,29,9694,4379,5315,1217,2196,7498,7.22312209717351,7.81044530714774,6.73922965380997,6.97631059983566,7.1470878870674,7.24539085222726,200
"204",2020,6,6.5,19,7,6.05,6.5,7.5,6.44444444444444,9,10,2,1,18,9713,4388,5325,1219,2197,7516,7.22170756820755,7.80878304466727,6.7379353258216,6.97552912223134,7.14724852071006,7.24347267296434,201
"205",2020,7,6.6459375,32,7.25538461538462,6.22894736842105,6,6.56666666666667,6.66423076923077,13,19,4,6,26,9745,4401,5344,1223,2203,7542,7.21981689173935,7.80714837536923,6.73612567552395,6.97233851185609,7.14566727190195,7.24147581675948,202
"206",2020,8,7.16666666666667,18,7.92857142857143,6.68181818181818,7.66666666666667,7,7.2,7,11,3,3,15,9763,4408,5355,1226,2206,7557,7.21971889890402,7.80734119782214,6.73601411951447,6.97403752039152,7.14546917497734,7.24139349080323,203
"207",2020,9,7.1695652173913,23,7.52727272727273,6.84166666666667,6,7.5,7.12,11,12,1,3,20,9786,4419,5367,1227,2209,7577,7.21960102288984,7.80664403711246,6.73625034656232,6.97324368378158,7.14595065640562,7.24107306453741,204
"208",2020,10,6.75806451612903,31,7.38461538461539,6.30555555555556,6.5,5.5,6.8448275862069,13,18,4,2,29,9817,4432,5385,1231,2211,7606,7.21814358867271,7.80540613718411,6.73481069823584,6.9717059301381,7.1444617819991,7.23956226794636,205
"209",2020,11,6.45789473684211,19,7.6,6.05,3.5,3.5,6.80588235294118,5,14,1,2,17,9836,4437,5399,1232,2213,7623,7.21667503151687,7.80517466756817,6.73303493424708,6.96888798701299,7.14116809760506,7.2385951213433,206
"210",2020,12,6.97297297297297,37,7.375,6.5,5.6,7.5,6.92647058823529,20,17,5,3,34,9873,4457,5416,1237,2216,7657,7.21576173503494,7.80324433475431,6.73230347304284,6.963354890865,7.14165388086643,7.23720916938748,207
"211",2021,1,6.39285714285714,28,6.78571428571429,6,6,5,6.44444444444444,14,14,2,1,27,9901,4471,5430,1239,2217,7684,7.21343456317543,7.80005815253858,6.73041539779005,6.9617998385795,7.14068786648625,7.23442355674128,208
"212",2021,2,7.13181818181818,22,8,6.63571428571429,5.7,7.5,7.095,8,14,5,2,20,9923,4479,5444,1244,2219,7704,7.21325361382646,7.8004152712659,6.73017186076414,6.95672829581994,7.14101171698964,7.23406160565939,209
"213",2021,3,6.94583333333333,24,6.48181818181818,7.33846153846154,7.75,6.93333333333333,6.94761904761905,11,13,6,3,21,9947,4490,5457,1250,2222,7725,7.21260838544284,7.79718485523385,6.73162096573209,6.960536,7.14073132313232,7.23328292686084,210
"214",2021,4,6.86,15,7.6125,6,NA,6.5,6.95,8,7,0,3,12,9962,4498,5464,1250,2225,7737,7.21207745533025,7.7968563806136,6.73068367679356,6.960536,7.13986741573034,7.2328435582267,211
"215",2021,5,6.66153846153846,26,6.70769230769231,6.61538461538461,7,6,6.688,13,13,5,1,25,9988,4511,5477,1255,2226,7762,7.21064433420104,7.79371757925072,6.73041000730327,6.96069322709163,7.13935534591195,7.23108871553723,212
"216",2021,6,6.58333333333333,12,7.5,5.3,NA,6,6.63636363636364,7,5,0,1,11,10000,4518,5482,1255,2227,7773,7.20989156099999,7.79326250553342,6.72910536483035,6.96069322709163,7.13884373596767,7.23024708735366,213
"217",2021,7,6.33333333333333,15,6.64285714285714,6.0625,6,7,6.23076923076923,7,8,1,2,13,10015,4525,5490,1256,2229,7786,7.20857869296055,7.79148287292817,6.72813399089253,6.95992834394904,7.13871915657246,7.22857829565887,214
"218",2021,8,6.67272727272727,22,6.88888888888889,6.52307692307692,6.5,6,6.74,9,13,5,2,20,10037,4534,5503,1261,2231,7806,7.20740416558732,7.78969122187913,6.72764957477739,6.95810467882633,7.13769834155088,7.22732649372277,215
"219",2021,9,6.44529411764706,34,6.76666666666667,6.19157894736842,5.25,6,6.473125,15,19,4,2,32,10071,4549,5522,1265,2233,7838,7.20483125906066,7.78631787205979,6.72580507243752,6.95270355731225,7.13667935512763,7.22424733477928,216
"220",2021,10,6.91176470588235,17,7.25,6.72727272727273,6.66666666666667,7,6.9,6,11,3,2,15,10088,4555,5533,1268,2235,7853,7.20433739195083,7.78561141602634,6.72580799024038,6.95202681388013,7.13655704697987,7.22362799057685,217
"221",2021,11,5.975,20,6,5.96153846153846,4.5,5,6.14705882352941,7,13,2,3,17,10108,4562,5546,1270,2238,7870,7.20190498713889,7.78287154756685,6.72401651821132,6.94816535433071,7.13369302949062,7.22130249174078,218
"222",2021,12,6.55060606060606,33,7.74625,6.168,6.8,5.53333333333333,6.77666666666667,8,25,5,6,27,10141,4570,5571,1275,2244,7897,7.1997855842619,7.78280743982494,6.72152138036259,6.94758431372549,7.12941399286988,7.21978227301507,219
"223",2022,1,6.3,44,6.85714285714286,5.79130434782609,4.66666666666667,6.375,6.2925,21,23,3,4,40,10185,4591,5594,1278,2248,7937,7.19589843986254,7.7785732955783,6.71769674830175,6.94223004694836,7.12807161921708,7.21510906009827,220
"224",2022,2,6.96052631578947,38,7.29444444444444,6.66,6.5,7.56,6.86969696969697,18,20,6,5,33,10223,4609,5614,1284,2253,7970,7.19502353614398,7.77668257756563,6.71749120235126,6.94016355140187,7.12903018197959,7.21367887202007,221
"225",2022,3,6.875,22,7.55555555555556,6.40384615384615,7,8.5,6.7125,9,13,3,2,20,10245,4618,5627,1287,2255,7990,7.19433632113225,7.77625162407968,6.71676659143415,6.94030303030303,7.13024611973393,7.21242435669587,222
"226",2022,4,6.14772727272727,22,6.57142857142857,5.95,6,5,6.20238095238095,7,15,1,1,21,10267,4625,5642,1288,2256,8011,7.19209366027076,7.7744281081081,6.71472804147465,6.93957298136646,7.12930186170213,7.2097766333791,223
"227",2022,5,6.7125,20,7.75,5.44444444444444,4.5,8.41666666666667,6.41176470588235,11,9,1,3,17,10287,4636,5651,1289,2259,8028,7.19116123359579,7.77437014667817,6.71270493894886,6.93768037238169,7.13101150951749,7.20808677254608,224
"228",2022,6,5.92307692307692,13,7.42857142857143,4.16666666666667,2,8,5.54545454545455,7,6,1,2,11,10300,4643,5657,1290,2261,8039,7.18956073883495,7.77384880465216,6.71000452713452,6.93385271317829,7.13178018575852,7.20581174399801,225
"229",2022,7,7.2037037037037,27,8,6.46428571428571,5.33333333333333,7.16666666666667,7.21428571428571,13,14,3,6,21,10327,4656,5671,1293,2267,8060,7.18959771569671,7.77448024054982,6.70939792100159,6.93013921113689,7.13187251874725,7.20583382258064,226
"230",2022,8,6.5375,24,8.22222222222222,5.52666666666667,8,7.75,6.42727272727273,9,15,1,2,22,10351,4665,5686,1294,2269,8082,7.18808575113515,7.77534405144694,6.70627780689412,6.93096599690881,7.13241736447775,7.20371450259836,227
"231",2022,9,6.82647058823529,17,7.50625,6.22222222222222,NA,4,7.003125,8,9,0,1,16,10368,4673,5695,1294,2270,8098,7.18749282503857,7.7748833725658,6.70551283757682,6.93096599690881,7.13103744493392,7.20331817856261,228
"232",2022,10,6.72857142857143,21,6.97777777777778,6.54166666666667,8,6.6,6.75,9,12,2,3,18,10389,4682,5707,1296,2273,8116,7.18656517566656,7.77335113199487,6.70516832135973,6.93261574074074,7.13033655961285,7.20231279078363,229
"233",2022,11,6.88,25,7.44444444444444,6.5625,6.33333333333333,8,6.78260869565217,9,16,3,2,23,10414,4691,5723,1299,2275,8139,7.18582923084309,7.7727201023236,6.70476945832605,6.93123171670516,7.1311010989011,7.20112674898636,230
"234",2022,12,6.82608695652174,23,7.05,6.65384615384615,6.5,7,6.80952380952381,10,13,2,2,21,10437,4701,5736,1301,2277,8160,7.18503646737568,7.77118272707934,6.70465404637378,6.93056879323597,7.13098594642073,7.20011894730392,231
