"","year","month","avg_rating","no_ratings","avg_rating_owned","avg_rating_not_owned","avg_rating_prev_owned","avg_rating_comment","avg_rating_no_comment","no_ratings_owned","no_ratings_not_owned","no_ratings_prev_owned","no_ratings_comment","no_ratings_no_comment","cum_no_ratings","cum_no_ratings_owned","cum_no_ratings_not_owned","cum_no_ratings_prev_owned","cum_no_ratings_comment","cum_no_ratings_no_comment","cum_avg_rating","cum_avg_rating_owned","cum_avg_rating_not_owned","cum_avg_rating_prev_owned","cum_avg_rating_comment","cum_avg_rating_no_comment","month_after_release"
"1",2010,2,7.66666666666667,3,7,9,NA,NA,7.66666666666667,2,1,0,0,3,3,2,1,0,0,3,7.66666666666667,7,9,NA,NA,7.66666666666667,-3
"2",2010,4,8.16666666666667,6,7.66666666666667,8.66666666666667,8,7,8.4,3,3,1,1,5,9,5,4,1,1,8,8,7.4,8.75,8,7,8.125,-1
"3",2010,5,7.41283185840708,113,7.81,6.875,7.07894736842105,7.54042553191489,7.3219696969697,65,48,19,47,66,122,70,52,20,48,74,7.45614754098361,7.78071428571429,7.01923076923077,7.125,7.52916666666667,7.40878378378378,0
"4",2010,6,7.21722222222222,180,7.51184210526316,6.70833333333333,7,7.17013888888889,7.24861111111111,114,66,24,72,108,302,184,118,44,120,182,7.3137417218543,7.61413043478261,6.84533898305085,7.05681818181818,7.31375,7.31373626373626,1
"5",2010,7,7.11393442622951,122,7.43703703703704,6.47560975609756,6.73333333333333,7.20212765957447,7.05866666666667,81,41,15,47,75,424,265,159,59,167,257,7.25625,7.56,6.75,6.97457627118644,7.28233532934132,7.23929961089494,2
"6",2010,8,6.93266129032258,124,7.37897727272727,5.84166666666667,6.09090909090909,6.684375,7.08947368421053,88,36,11,48,76,548,353,195,70,215,333,7.18302919708029,7.51487252124646,6.58230769230769,6.83571428571429,7.14883720930233,7.20510510510511,3
"7",2010,9,7.18518518518519,135,7.67558139534884,6.32448979591837,6.325,7.006,7.29058823529412,86,49,16,50,85,683,439,244,86,265,418,7.18345534407028,7.54635535307517,6.53053278688524,6.74069767441861,7.12188679245283,7.22248803827751,4
"8",2010,10,7.07952127659574,188,7.42647058823529,6.48115942028986,6.81666666666667,7.05957446808511,7.08617021276596,119,69,24,47,141,871,558,313,110,312,559,7.16102181400689,7.52078853046595,6.51964856230032,6.75727272727273,7.1125,7.18810375670841,5
"9",2010,11,7.00361607142857,224,7.48784172661871,6.21176470588235,6.8125,7.02272727272727,6.99739644970414,139,85,16,55,169,1095,697,398,126,367,728,7.12882191780822,7.51421807747489,6.45389447236181,6.76428571428572,7.09904632152589,7.14383241758242,6
"10",2010,12,7.11937269372694,271,7.35868421052632,6.55802469135802,6.84705882352941,7.10692307692308,7.12330097087379,190,81,34,65,206,1366,887,479,160,432,934,7.12694729136164,7.48090191657272,6.47150313152401,6.781875,7.10023148148148,7.13930406852248,7
"11",2011,1,7.13044871794872,312,7.34880952380952,6.68088235294118,6.50735294117647,7.2255,7.08561320754717,210,102,34,100,212,1678,1097,581,194,532,1146,7.12759833134684,7.45561531449407,6.50826161790017,6.73376288659794,7.12377819548872,7.12937172774869,8
"12",2011,2,7.08315270935961,203,7.38963503649635,6.4469696969697,6.44230769230769,6.94,7.12993464052288,137,66,26,50,153,1881,1234,647,220,582,1299,7.12280170122275,7.44829011345219,6.50200927357032,6.69931818181818,7.10798969072165,7.12943802925327,9
"13",2011,3,6.94932692307692,208,7.21722627737226,6.43239436619718,6.56166666666667,6.94921875,6.949375,137,71,30,64,144,2089,1371,718,250,646,1443,7.10552896122547,7.42520058351568,6.49512534818941,6.6828,7.09226006191951,7.11146916146916,10
"14",2011,4,7.01848648648649,185,7.31484126984127,6.38559322033898,6.72352941176471,6.985,7.03456,126,59,17,60,125,2274,1497,777,267,706,1568,7.09844766930519,7.41591182364729,6.48680823680824,6.68539325842697,7.08314447592068,7.10533801020408,11
"15",2011,5,7.03307291666667,192,7.26446280991736,6.6387323943662,6.47619047619048,6.68918918918919,7.11516129032258,121,71,21,37,155,2466,1618,848,288,743,1723,7.09335766423358,7.40458590852905,6.49952830188679,6.67013888888889,7.06352624495289,7.10622170632617,12
"16",2011,6,7.00389908256881,218,7.2875,6.40428571428571,6.47826086956522,6.8741935483871,7.05544871794872,148,70,23,62,156,2684,1766,918,311,805,1879,7.08609165424739,7.39477349943375,6.49226579520697,6.65594855305466,7.04894409937888,7.10200638637573,13
"17",2011,7,7.06457142857143,175,7.32051282051282,6.54827586206897,6.6,7.33777777777778,6.97,117,58,18,45,130,2859,1883,976,329,850,2009,7.08477439664218,7.39015932023367,6.49559426229508,6.65288753799392,7.06423529411765,7.09346441015431,14
"18",2011,8,6.82360824742268,194,7.20593495934959,6.1612676056338,6.23518518518518,6.67327586206897,6.88772058823529,123,71,27,58,136,3053,2006,1047,356,908,2145,7.06817884048477,7.37886340977069,6.47292263610315,6.62120786516854,7.03926211453745,7.08041958041958,15
"19",2011,9,6.87142857142857,182,7.2,6.32058823529412,6.66666666666667,6.7609756097561,6.90354609929078,114,68,24,41,141,3235,2120,1115,380,949,2286,7.05710973724884,7.36924528301887,6.46363228699552,6.62407894736842,7.02723919915701,7.06951006124234,16
"20",2011,10,6.85141509433962,212,7.19037037037037,6.25714285714286,6.36,6.87065217391304,6.8460843373494,135,77,25,46,166,3447,2255,1192,405,995,2452,7.04445894981143,7.35853658536585,6.45029362416107,6.60777777777778,7.02,7.05438417618271,17
"21",2011,11,6.91209302325581,215,7.225,6.328,6.72,7.06923076923077,6.86196319018405,140,75,25,52,163,3662,2395,1267,430,1047,2615,7.03668760240306,7.35073068893528,6.4430544593528,6.6143023255814,7.02244508118434,7.04239005736138,18
"22",2011,12,7.00509803921569,255,7.25029585798817,6.52325581395349,6.28055555555556,6.7296875,7.09738219895288,169,86,36,64,191,3917,2564,1353,466,1111,2806,7.03463109522594,7.34411076443058,6.44815225424982,6.58851931330472,7.00558055805581,7.04613328581611,19
"23",2012,1,7.0416393442623,305,7.26294642857143,6.42962962962963,6.30555555555556,7.13714285714286,7.0131914893617,224,81,36,70,235,4222,2788,1434,502,1181,3041,7.03513737565135,7.33758967001435,6.4471059972106,6.56822709163347,7.01337849280271,7.04358763564617,20
"24",2012,2,6.6864161849711,173,6.94252336448598,6.27121212121212,6.57916666666667,6.86944444444444,6.63832116788321,107,66,24,36,137,4395,2895,1500,526,1217,3178,7.02141069397042,7.32298791018998,6.43936666666667,6.56872623574144,7.00912078882498,7.02611705475142,21
"25",2012,3,6.86476190476191,210,7.13566433566434,6.2865671641791,6.18571428571429,6.76923076923077,6.88654970760234,143,67,28,39,171,4605,3038,1567,554,1256,3349,7.0142671009772,7.31417050691244,6.43283343969368,6.54936823104693,7.00167197452229,7.01899074350552,22
"26",2012,4,6.87580487804878,205,7.11733333333333,6.41,6.48181818181818,6.77755555555556,6.9034375,135,70,22,45,160,4810,3173,1637,576,1301,3509,7.0083659043659,7.30579577686732,6.43185705558949,6.54678819444444,6.99392006149116,7.01372185807922,23
"27",2012,5,6.91355828220859,163,7.09372881355932,6.44111111111111,6.50882352941176,6.95775,6.89918699186992,118,45,17,40,123,4973,3291,1682,593,1341,3632,7.00525839533481,7.29819203889395,6.43210463733651,6.54569983136594,6.99284116331096,7.00984306167401,24
"28",2012,6,6.92183908045977,174,7.10813008130081,6.47254901960784,6.52083333333333,6.80285714285714,6.95179856115108,123,51,24,35,139,5147,3414,1733,617,1376,3771,7.00243831358073,7.29134446397188,6.433294864397,6.54473257698541,6.98800872093023,7.00770352691594,25
"29",2012,7,7.01131313131313,198,7.24141791044776,6.52953125,6.575,7.12142857142857,6.98166666666667,134,64,24,42,156,5345,3548,1797,641,1418,3927,7.00276707202993,7.28945885005637,6.4367223149694,6.54586583463338,6.9919605077574,7.0066692131398,26
"30",2012,8,6.77729591836735,196,7.09024390243902,6.25,6.33035714285714,6.34375,6.91790540540541,123,73,28,48,148,5541,3671,1870,669,1466,4075,6.99479155387114,7.28278398256606,6.42943315508022,6.53684603886398,6.97073669849932,7.003445398773,27
"31",2012,9,6.98213836477987,159,7.29514563106796,6.40642857142857,6.61409090909091,7.1047619047619,6.93811965811966,103,56,22,42,117,5700,3774,1926,691,1508,4192,6.99443859649123,7.28312135665077,6.42876427829699,6.53930535455861,6.97446949602122,7.00162213740458,28
"32",2012,10,6.69763157894737,190,7.04279661016949,6.13194444444444,6.26538461538462,6.95,6.62157534246575,118,72,26,44,146,5890,3892,1998,717,1552,4338,6.98486417657046,7.27583504624871,6.41806806806807,6.52937238493724,6.97377577319588,6.98883125864453,29
"33",2012,11,6.93444444444444,225,7.20779220779221,6.34154929577465,6.41666666666667,7.06818181818182,6.90193370165746,154,71,24,44,181,6115,4046,2069,741,1596,4519,6.98300899427637,7.27324518042511,6.41544224262929,6.52572199730094,6.97637844611529,6.98535074131445,30
"34",2012,12,6.97142857142857,245,7.12083333333333,6.55769230769231,6.37,7.16111111111111,6.90576923076923,180,65,30,63,182,6360,4226,2134,771,1659,4701,6.98256289308176,7.26675343114056,6.41977507029054,6.51966277561608,6.9833936106088,6.98226972984471,31
"35",2013,1,6.86906158357771,341,7.1061135371179,6.384375,6.27272727272727,6.6,6.9436329588015,229,112,44,74,267,6701,4455,2246,815,1733,4968,6.97678704670945,7.2584960718294,6.41800979519145,6.50633128834356,6.96702250432775,6.98019323671497,32
"36",2013,2,6.80061881188119,202,7.10019841269841,6.30394736842105,6.40357142857143,6.8525641025641,6.78819018404908,126,76,28,39,163,6903,4581,2322,843,1772,5131,6.97163189917427,7.25414210870989,6.41427648578811,6.50291814946619,6.96450338600451,6.97409374390957,33
"37",2013,3,6.82723853211009,218,7.16669798657718,6.09420289855072,5.97826086956522,6.72934693877551,6.85562130177515,149,69,23,49,169,7121,4730,2391,866,1821,5300,6.96721148715068,7.25138752642706,6.40503973232957,6.48898383371824,6.95817572762218,6.97031603773585,34
"38",2013,4,6.72185,200,6.89444444444444,6.42797297297297,6.31236842105263,6.63805555555556,6.74024390243902,126,74,38,36,164,7321,4856,2465,904,1857,5464,6.9605085370851,7.24212582372323,6.40572819472617,6.48155973451327,6.95196984383414,6.96341050512445,35
"39",2013,5,6.80852534562212,217,6.99901315789474,6.36307692307692,6.43333333333333,6.62631578947368,6.84720670391061,152,65,24,38,179,7538,5008,2530,928,1895,5643,6.95613332448925,7.23474700479233,6.4046324110672,6.4803125,6.94543957783641,6.95972443735601,36
"40",2013,6,6.92172995780591,237,7.16111111111111,6.40466666666667,6.596,6.92692307692308,6.92027027027027,162,75,25,52,185,7775,5170,2605,953,1947,5828,6.95508463022508,7.23243965183752,6.40463339731286,6.48334732423924,6.94494504365691,6.95847203157172,37
"41",2013,7,7.07730923694779,249,7.28212290502793,6.55357142857143,6.81785714285714,6.86341463414634,7.11947115384615,179,70,28,41,208,8024,5349,2675,981,1988,6036,6.95887749252243,7.23410226210506,6.4085308411215,6.49289500509684,6.94326358148893,6.96402004638833,38
"42",2013,8,7.03311036789298,299,7.25314009661836,6.53804347826087,6.57777777777778,6.78275862068966,7.09336099585062,207,92,36,58,241,8323,5556,2767,1017,2046,6277,6.96154427490088,7.23481155507559,6.41283700758945,6.49589970501475,6.93871358748778,6.96898598056396,39
"43",2013,9,6.94524714828897,263,7.15893854748603,6.48988095238095,6.4474358974359,6.998,6.93286384976526,179,84,39,50,213,8586,5735,2851,1056,2096,6490,6.96104507337526,7.23244341761116,6.41510698000702,6.49410984848485,6.94012786259542,6.96780046224961,40
"44",2013,10,6.86473880597015,268,7.14435028248588,6.32087912087912,6.3875,6.87549019607843,6.86221198156682,177,91,32,51,217,8854,5912,2942,1088,2147,6707,6.95812999774113,7.22980598782138,6.41219238613188,6.49097426470588,6.93859245458779,6.96438422543611,41
"45",2013,11,6.65157894736842,285,6.91385869565217,6.17376237623762,6.10416666666667,6.413,6.70234042553192,184,101,36,50,235,9139,6096,3043,1124,2197,6942,6.94857019367546,7.22026952099737,6.4042786723628,6.47858540925267,6.92663086026399,6.95551354076635,42
"46",2013,12,6.91228373702422,289,7.24059405940594,6.15,6.06086956521739,7.03333333333333,6.87645739910314,202,87,46,66,223,9428,6298,3130,1170,2263,7165,6.94745789138736,7.2209214036202,6.39721086261981,6.46216239316239,6.92974281926646,6.95305303558967,43
"47",2014,1,6.87452631578947,475,7.03318965517241,6.43976377952756,6.43448275862069,6.93355263157895,6.86328320802005,348,127,58,76,399,9903,6646,3257,1228,2339,7564,6.94395970917904,7.21109133313271,6.39887012588271,6.46085504885993,6.92986660966225,6.94831768905341,44
"48",2014,2,6.99141065830721,319,7.24181818181818,6.33409090909091,6.26666666666667,7.0192,6.98624535315985,231,88,36,50,269,10222,6877,3345,1264,2389,7833,6.94544052044609,7.21212345499491,6.39716591928251,6.45532436708861,6.93173629133529,6.94962019660411,45
"49",2014,3,6.9087456445993,287,7.1140625,6.49378947368421,6.36378378378378,6.71022222222222,6.94566115702479,192,95,37,45,242,10509,7069,3440,1301,2434,8075,6.94443838614521,7.20946003678031,6.39983430232558,6.45272098385857,6.92764092029581,6.94950154798761,46
"50",2014,4,6.96047202797203,286,7.14458974358974,6.56593406593407,6.47368421052632,6.64807692307692,7.02989316239316,195,91,38,52,234,10795,7264,3531,1339,2486,8309,6.94486317739694,7.2077186123348,6.40411498159162,6.45331590739358,6.92179324215607,6.95176555542183,47
"51",2014,5,6.86397637795276,254,7.04881656804734,6.49647058823529,6.35142857142857,6.72758620689655,6.88155555555556,169,85,35,29,225,11049,7433,3616,1374,2515,8534,6.94300371074305,7.20410574465223,6.40628595132744,6.45072052401747,6.91955387673956,6.94991445980783,48
"52",2014,6,6.96338582677165,254,7.23941176470588,6.40476190476191,6.47619047619048,6.79732142857143,7.01035353535354,170,84,42,56,198,11303,7603,3700,1416,2571,8732,6.94346173582235,7.20489517295804,6.40625135135135,6.45147598870056,6.91689148191365,6.95128492899679,49
"53",2014,7,6.85804794520548,292,7.01553398058252,6.48081395348837,6.63815789473684,6.98139534883721,6.83674698795181,206,86,38,43,249,11595,7809,3786,1454,2614,8981,6.9413107373868,7.19989985913689,6.40794506075013,6.45635488308115,6.91795256312165,6.9481093419441,50
"54",2014,8,6.84701694915254,295,7.06454128440367,6.23116883116883,6.36071428571429,6.71304347826087,6.87176706827309,218,77,28,46,249,11890,8027,3863,1482,2660,9230,6.93897123633305,7.19622374486109,6.40442143411856,6.45454790823212,6.91440902255639,6.94604983748645,51
"55",2014,9,6.73166007905138,253,6.94234285714286,6.25897435897436,6.29117647058824,6.80444444444444,6.71958525345622,175,78,17,36,217,12143,8202,3941,1499,2696,9447,6.93465189821296,7.19080687637162,6.40154275564578,6.45269513008672,6.91294065281899,6.94084788821848,52
"56",2014,10,6.71900383141762,261,6.98613636363636,6.16588235294118,6.49375,6.75448275862069,6.70886699507389,176,85,32,58,203,12404,8378,4026,1531,2754,9650,6.93011431796195,7.18650728097398,6.39656731246895,6.45355323318093,6.90960348583878,6.93596787564767,53
"57",2014,11,6.74520754716981,265,7.05502702702703,6.02875,5.98076923076923,6.70547619047619,6.75269058295964,185,80,39,42,223,12669,8563,4106,1570,2796,9873,6.92624658615518,7.18366670559383,6.38940087676571,6.44180891719745,6.90653719599428,6.93182821837334,54
"58",2014,12,6.92538940809969,321,7.06255230125523,6.52560975609756,6.25333333333333,6.89166666666667,6.93131868131868,239,82,30,48,273,12990,8802,4188,1600,2844,10146,6.92622540415704,7.1803780958873,6.39206781279847,6.438275,6.90628621659634,6.93181450818056,55
"59",2015,1,6.82126086956522,460,7.03043154761905,6.25447580645161,5.93333333333333,6.5875,6.86321794871795,336,124,42,70,390,13450,9138,4312,1642,2914,10536,6.92263553903346,7.17486463121033,6.38811108534323,6.42535931790499,6.89862834591626,6.92927534168565,56
"60",2015,2,6.90807926829268,328,7.11185344827586,6.415625,6.21477272727273,7.025,6.88605072463768,232,96,44,52,276,13778,9370,4408,1686,2966,10812,6.92228901146756,7.17330448239061,6.38871029945554,6.41986358244365,6.90084389750506,6.92817193858675,57
"61",2015,3,6.81666666666667,339,7.06869158878505,6.3852,6.31960784313725,7.05,6.77049469964664,214,125,51,56,283,14117,9584,4533,1737,3022,11095,6.9197526386626,7.17096859348915,6.38861350099272,6.41691997697179,6.90360787557908,6.92415006759802,58
"62",2015,4,6.75267759562842,366,7.06581196581197,6.19757575757576,6.123,6.82457627118644,6.73885993485342,234,132,50,59,307,14483,9818,4665,1787,3081,11402,6.91553048401574,7.16846231411693,6.38320793140407,6.40869613878008,6.90209444985394,6.9191611120856,59
"63",2015,5,6.81211742424242,264,7.03351098901099,6.32073170731707,6.49090909090909,6.81973684210526,6.81083628318584,182,82,33,38,226,14747,10000,4747,1820,3119,11628,6.91367918898759,7.1660062,6.38212871287129,6.41018681318681,6.90109105482526,6.91705572755418,60
"64",2015,6,6.675,268,6.97069892473118,6.00426829268293,6.14659090909091,6.43658536585366,6.71806167400881,186,82,44,41,227,15015,10186,4829,1864,3160,11855,6.90941904761905,7.1624398193599,6.37571236280804,6.40396459227468,6.89506424050633,6.91324538169548,61
"65",2015,7,6.83894915254237,295,7.02470588235294,6.42252747252747,6.45428571428571,6.86206896551724,6.83642857142857,204,91,35,29,266,15310,10390,4920,1899,3189,12121,6.90806120182887,7.15973551491819,6.37657825203252,6.40489204844655,6.89476418940107,6.91155960729313,62
"66",2015,8,6.71671924290221,317,6.83155737704918,6.33287671232877,6.640625,6.80217391304348,6.70221402214022,244,73,32,46,271,15627,10634,4993,1931,3235,12392,6.90417975299162,7.1522053789731,6.37593931504106,6.40879854997411,6.89344760432767,6.90698143963847,63
"67",2015,9,6.73228464419476,267,7.10411428571429,6.025,6.20344827586207,6.825,6.71497777777778,175,92,29,42,225,15894,10809,5085,1960,3277,12617,6.90129212281364,7.15142677398464,6.36958997050148,6.40576020408163,6.89257033872444,6.90355742252516,64
"68",2015,10,6.68390476190476,315,6.89277056277056,6.10952380952381,6.41363636363636,6.94183673469388,6.63639097744361,231,84,33,49,266,16209,11040,5169,1993,3326,12883,6.89706749336788,7.14601467391304,6.3653637067131,6.40589061716006,6.89329615153337,6.89804113948614,65
"69",2015,11,6.58887818696884,353,6.87227615062761,5.99473684210526,6.13918918918919,6.49411764705882,6.60488079470199,239,114,37,51,302,16562,11279,5283,2030,3377,13185,6.89049879241637,7.14021420338682,6.35736607987886,6.40102955665025,6.88726769321883,6.89132635570724,66
"70",2015,12,6.8071,400,7.01228260869565,6.35040322580645,6.19459459459459,6.60887096774194,6.84346153846154,276,124,37,62,338,16962,11555,5407,2067,3439,13523,6.88853207168966,7.13715845954132,6.35720639911226,6.39733430091921,6.88224861878453,6.89013000073948,67
"71",2016,1,6.75905697445972,509,6.96660273972603,6.23298611111111,6.34285714285714,6.68072463768116,6.77134090909091,365,144,63,69,440,17471,11920,5551,2130,3508,13963,6.8847599450518,7.13193590604027,6.35398396685282,6.39572300469484,6.87828477765108,6.8863867363747,68
"72",2016,2,6.7822792022792,351,7.02236734693878,6.22735849056604,6.07021276595745,6.78378378378378,6.78210191082803,245,106,47,37,314,17822,12165,5657,2177,3545,14277,6.88274161149141,7.12972922318125,6.35161127806258,6.38869545245751,6.87729844851904,6.88409315682566,69
"73",2016,3,6.79139465875371,337,6.95,6.45963302752294,6.30555555555556,6.50849056603774,6.84419014084507,228,109,36,53,284,18159,12393,5766,2213,3598,14561,6.88104636819208,7.12642265795207,6.35365331252168,6.38734297333936,6.87186575875487,6.88331488221963,70
"74",2016,4,6.72277286135693,339,6.97995762711864,6.13349514563107,6.18555555555556,6.56792452830189,6.75146853146853,236,103,45,53,286,18498,12629,5869,2258,3651,14847,6.8781457995459,7.12368564415235,6.34978957232919,6.3833215234721,6.86745357436319,6.88077510608203,71
"75",2016,5,6.92311428571429,350,7.15234126984127,6.33367346938776,6.22333333333333,7.09857142857143,6.89918831168831,252,98,30,42,308,18848,12881,5967,2288,3693,15155,6.87898084677419,7.12424625417281,6.34952488687783,6.38122377622378,6.87008204711617,6.88114932365556,72
"76",2016,6,6.87084592145015,331,7.02686274509804,6.34736842105263,6.516,7.03888888888889,6.84440559440559,255,76,25,45,286,19179,13136,6043,2313,3738,15441,6.87884045049272,7.12235581607795,6.34949776601026,6.38268050151319,6.87211423220974,6.88046875202383,73
"77",2016,7,6.69989100817439,367,6.99090551181102,6.04575221238938,5.9,6.94285714285714,6.66245283018868,254,113,49,49,318,19546,13390,6156,2362,3787,15759,6.87548045635935,7.11986228528753,6.34392218973359,6.37266723116003,6.87302957486137,6.87606942064852,74
"78",2016,8,6.70014184397163,423,6.94345394736842,6.07857142857143,6.07352941176471,6.48863636363636,6.73924369747899,304,119,51,66,357,19969,13694,6275,2413,3853,16116,6.871766287746,7.11594610778443,6.33889003984064,6.36634479900539,6.86644510770828,6.87303847108463,75
"79",2016,9,6.80800613496933,326,7.0394262295082,6.11939024390244,6.27777777777778,6.70166666666667,6.81878378378378,244,82,36,30,296,20295,13938,6357,2449,3883,16412,6.87074210396649,7.11460654326302,6.33605867547585,6.36504287464271,6.86517203193407,6.87205995612966,76
"80",2016,10,6.72775342465753,365,6.9676953125,6.16422018348624,5.95555555555556,6.65769230769231,6.73939297124601,256,109,36,52,313,20660,14194,6466,2485,3935,16725,6.86821592449177,7.11195688319008,6.33316192390968,6.3591106639839,6.86243024142313,6.86957715994021,77
"81",2016,11,6.71791383219955,441,6.89936507936508,6.26428571428571,6.07608695652174,6.88981481481482,6.69392764857881,315,126,46,54,387,21101,14509,6592,2531,3989,17112,6.86507468840339,7.10734137431939,6.33184541868932,6.35396681153694,6.8628009526197,6.86560472183263,78
"82",2016,12,6.76603890160183,437,7.0130625,6.0904188034188,6.17763157894737,6.74154929577465,6.77078961748634,320,117,38,71,366,21538,14829,6709,2569,4060,17478,6.86306527997028,7.10530689864455,6.32763511700701,6.35135850525496,6.86068054187192,6.86361923561048,79
"83",2017,1,6.74174067495559,563,6.95150462962963,6.05,5.84285714285714,6.535,6.775983436853,432,131,56,80,483,22101,15261,6840,2625,4140,17961,6.85997466178001,7.10095314854859,6.32231783625731,6.34051047619047,6.85438719806763,6.86126256889928,80
"84",2017,2,6.78957142857143,420,7.02839590443686,6.23858267716535,6.294,6.73709090909091,6.79747945205479,293,127,50,55,365,22521,15554,6967,2675,4195,18326,6.85866169353048,7.09958634434872,6.32079144538539,6.33964112149533,6.85284934445769,6.85999219687875,81
"85",2017,3,6.69570512820513,390,6.99757194244604,5.94642857142857,6.095,6.71416666666667,6.69234848484848,278,112,40,60,330,22911,15832,7079,2715,4255,18656,6.85588778316093,7.0977950353714,6.31486848424919,6.33603683241252,6.8508937720329,6.85702680102916,82
"86",2017,4,6.81251295336788,386,6.93332179930796,6.45257731958763,6.15921052631579,6.6443661971831,6.8504126984127,289,97,38,71,315,23297,16121,7176,2753,4326,18971,6.85516912048762,7.09484653557471,6.31672993311037,6.3335960770069,6.84750416088766,6.8569169785462,83
"87",2017,5,6.76766937669377,369,6.97448275862069,6.26787037037037,6.19,6.686,6.77759878419453,261,108,40,40,329,23666,16382,7284,2793,4366,19300,6.85380482548804,7.09292888536198,6.31600549148819,6.3315395631937,6.84602450755841,6.85556487046632,84
"88",2017,6,6.9148623853211,327,7.14978723404255,6.31478260869565,6.09090909090909,7.08157894736842,6.89294117647059,235,92,33,38,289,23993,16617,7376,2826,4404,19589,6.85463697745176,7.09373298429319,6.31599023861171,6.3287296532201,6.84805699364214,6.85611628975445,85
"89",2017,7,6.7127688172043,372,6.97585551330798,6.07798165137615,6.32448979591837,6.42017543859649,6.76571428571429,263,109,49,57,315,24365,16880,7485,2875,4461,19904,6.85247096244613,7.09189638625592,6.312524248497,6.32865739130435,6.84258977807666,6.85468559083601,86
"90",2017,8,6.77332493702771,397,6.99095744680851,6.23965217391304,6.15714285714286,6.73478260869565,6.77837606837607,282,115,35,46,351,24762,17162,7600,2910,4507,20255,6.85120204345368,7.09023779279804,6.31142157894737,6.32659450171821,6.8414894608387,6.85336321895828,87
"91",2017,9,6.78838888888889,360,7.01501945525292,6.22291262135922,6.14634146341463,6.92407407407407,6.76444444444444,257,103,41,54,306,25122,17419,7703,2951,4561,20561,6.8503019265982,7.08912802112635,6.31023808905621,6.32409013893595,6.84246722210042,6.85203988132873,88
"92",2017,10,6.72191214470284,387,6.89489208633093,6.28073394495413,5.87777777777778,6.57824561403509,6.74672727272727,278,109,36,57,330,25509,17697,7812,2987,4618,20891,6.84835411031401,7.08607679267672,6.30982642089094,6.31871108135253,6.83920593330446,6.85037633430664,89
"93",2017,11,6.67016241299304,431,6.87006756756757,6.23185185185185,6.15214285714286,6.53018867924528,6.68978835978836,296,135,42,53,378,25940,17993,7947,3029,4671,21269,6.8453934078643,7.08252325904518,6.3085018245879,6.31640145262463,6.83569963605224,6.84752230946448,90
"94",2017,12,6.74158291457286,398,6.91140410958904,6.27377358490566,6.21875,7.02456140350877,6.69428152492669,292,106,32,57,341,26338,18285,8053,3061,4728,21610,6.84382470195155,7.07979059338255,6.30804470383708,6.31538059457693,6.83797652284264,6.84510421101342,91
"95",2018,1,6.81846153846154,585,6.99886621315193,6.26597222222222,6.08148148148148,6.80486111111111,6.82037037037037,441,144,54,72,513,26923,18726,8197,3115,4800,22123,6.84327359506741,7.07788481256007,6.30730559960961,6.31132584269663,6.83747979166667,6.84453066943905,92
"96",2018,2,6.75453400503778,397,7.00780141843972,6.13347826086957,6.08,6.68103448275862,6.76710914454277,282,115,50,58,339,27320,19008,8312,3165,4858,22462,6.84198407759883,7.07684506523569,6.30490062560154,6.30767140600316,6.83561198023878,6.84336221173537,93
"97",2018,3,6.82274297002725,367,7.04576101886792,6.24333333333333,6.34666666666667,6.92156862745098,6.80679325949367,265,102,45,51,316,27687,19273,8414,3210,4909,22778,6.84172903059197,7.07641766564624,6.30415426669836,6.30821806853582,6.83650499083316,6.84285488936693,94
"98",2018,4,6.68520303116147,353,6.90208334677419,6.17295238095238,5.88461538461539,6.57142857142857,6.70354167763158,248,105,39,49,304,28040,19521,8519,3249,4958,23082,6.8397585,7.07420287587726,6.30253715224792,6.30313327177593,6.83388523598225,6.84102007365046,95
"99",2018,5,6.62812121212121,330,7.0268018018018,5.80861111111111,5.64189189189189,6.60754716981132,6.63205776173285,222,108,37,53,277,28370,19743,8627,3286,5011,23359,6.83729673387381,7.07366987489237,6.29635377303814,6.29568776628119,6.83149131909798,6.83854211824136,96
"100",2018,6,6.67396432432432,296,6.99155168316832,5.99148936170213,5.8425,6.25076923076923,6.73818459143969,202,94,40,39,257,28666,19945,8721,3326,5050,23616,6.83561019256262,7.07283819403359,6.29306776745786,6.29023752254961,6.82700653465346,6.83744998221545,97
"101",2018,7,6.65987220447284,313,6.85209401709402,6.09050632911392,5.93103448275862,6.53367346938775,6.68329545454545,234,79,29,49,264,28979,20179,8800,3355,5099,23880,6.83371205976742,7.07027839734377,6.29124931818182,6.28713263785395,6.82418768385958,6.83574576130653,98
"102",2018,8,6.73538529569892,372,6.92534104247104,6.3,6.24444444444444,6.938,6.71097388554217,259,113,36,40,332,29351,20438,8913,3391,5139,24212,6.83246584818234,7.06844168264997,6.29136026029395,6.28667944559127,6.82507355516637,6.83403486329093,99
"103",2018,9,6.67465277777778,288,6.88558974358974,6.23236559139785,6.34241379310345,6.73421052631579,6.6656,195,93,29,38,250,29639,20633,9006,3420,5177,24462,6.83093239009413,7.06671357097853,6.29075105485232,6.28715204678362,6.82440660614255,6.83231347028043,100
"104",2018,10,6.71083332386364,352,6.89555554216867,6.26427184466019,6.26470588235294,6.92,6.68017371335505,249,103,34,45,307,29991,20882,9109,3454,5222,24769,6.82952280484145,7.0646726577914,6.29045164123395,6.28693109438332,6.82523037150517,6.83042777019662,101
"105",2018,11,6.55354865633075,387,6.80239619217082,5.8938679245283,5.81463414634146,6.5728813559322,6.55007112804878,281,106,41,59,328,30378,21163,9215,3495,5281,25097,6.82600703700046,7.06119017955866,6.28588974498101,6.28139055793991,6.82241109638326,6.82676370761445,102
"106",2018,12,6.74457795698925,372,6.89679607843137,6.41282051282051,6.33777777777778,6.64871794871795,6.7558048048048,255,117,45,39,333,30750,21418,9332,3540,5320,25430,6.82502194373984,7.05923292417593,6.28748114016288,6.28210734463277,6.82113778195489,6.82583451710578,103
"107",2019,1,6.72470285412262,473,6.90181789940828,6.28125925925926,6.13641509433962,6.80813559322034,6.71281268115942,338,135,53,59,414,31223,21756,9467,3593,5379,25844,6.82350220094161,7.05678733314948,6.28739241576001,6.27995825215697,6.8209951663878,6.82402399860703,104
"108",2019,2,6.65882558823529,340,6.89639434782609,6.16209090909091,6.11780487804878,6.48888888888889,6.67894967105263,230,110,41,36,304,31563,21986,9577,3634,5415,26148,6.82172828691823,7.05510942963704,6.28595322125927,6.27812878370941,6.81878725761773,6.82233734587731,105
"109",2019,3,6.77570799472296,379,6.97400487179487,6.265,6.09459459459459,6.83125,6.76607842105263,273,106,37,56,323,31942,22259,9683,3671,5471,26471,6.82118224438044,7.05411470641089,6.28572384591552,6.27627894306728,6.81891482361543,6.82165087265309,106
"110",2019,4,6.89949586419753,324,7.07848079646018,6.48673469387755,6.58088235294118,7.04560975609756,6.8783274204947,226,98,34,41,283,32266,22485,9781,3705,5512,26754,6.8219686329263,7.05435961352012,6.28773785911461,6.27907422402159,6.82060105224964,6.82225038910069,107
"111",2019,5,6.59111111111111,315,6.92664974619289,6.03093220338983,6.02093023255814,6.29142857142857,6.62857142857143,197,118,43,35,280,32581,22682,9899,3748,5547,27034,6.8197366535711,7.05325041486641,6.28467663400344,6.27611259338314,6.81726212367045,6.8202443926167,108
"112",2019,6,6.67033548701299,308,6.80116279069767,6.3678852688172,6.10870361111111,6.57261904761905,6.68576439849624,215,93,36,42,266,32889,22897,9992,3784,5589,27300,6.81833753656238,7.05088334323274,6.2854510938751,6.27451990750528,6.81542368938987,6.81893407472527,109
"113",2019,7,6.72129208469055,307,6.94625193548387,6.17888888888889,5.90294117647059,6.59645161290323,6.73531402173913,217,90,34,31,276,33196,23114,10082,3818,5620,27576,6.81744005030727,7.04990103746647,6.28449983435826,6.27121092980618,6.81421583629893,6.81809714643168,110
"114",2019,8,6.66403183023873,377,7.00587786259542,5.88521739130435,5.47780487804878,6.85526315789474,6.64259587020649,262,115,41,38,339,33573,23376,10197,3859,5658,27915,6.81571738927114,7.04940762234771,6.27999679611651,6.26278137600415,6.8144915164369,6.81596585742432,111
"115",2019,9,6.80934482758621,290,7.07338461538462,6.26736842105263,6.45428571428571,6.95909090909091,6.78256097560976,195,95,35,44,246,33863,23571,10292,3894,5702,28161,6.81566281516699,7.04960598107844,6.27988023027594,6.26450265279918,6.81560733076114,6.8156740495721,112
"116",2019,10,6.72846604938272,324,6.99162173913043,6.08457446808511,6.17413793103448,6.54981578947368,6.7522027972028,230,94,29,38,286,34187,23801,10386,3923,5740,28447,6.8148364264194,7.04904565270367,6.27811258713653,6.26383464950293,6.81384773519164,6.81503592329595,113
"117",2019,11,6.57031847133758,314,6.7537668161435,6.12076923076923,6.03571428571429,6.5046511627907,6.58073800738007,223,91,28,43,271,34501,24024,10477,3951,5783,28718,6.81261102315875,7.04630476107226,6.27674595113105,6.26221800303721,6.81154867715718,6.81282494985723,114
"118",2019,12,6.65527585427136,398,6.8797532103321,6.17627299212598,6.17,6.4894,6.67910859195402,271,127,41,50,348,34899,24295,10604,3992,5833,29066,6.81081671967678,7.04444695204775,6.27554262542437,6.2612708742485,6.80878724498543,6.81122399711003,115
"119",2020,1,6.67247533101045,574,6.92170577777778,6.07520710059172,5.77619047619048,6.69770114942529,6.66796887063655,405,169,63,87,487,35473,24700,10773,4055,5920,29553,6.80857817325853,7.04243439433198,6.27239988861042,6.25373448335388,6.80715472972973,6.8088633147227,116
"120",2020,2,6.60427860240964,415,6.937485,5.81325203252033,5.89538461538462,6.65942307692308,6.5963791184573,292,123,39,52,363,35888,24992,10896,4094,5972,29916,6.80621570329915,7.04120819302177,6.26721677679883,6.25032079384465,6.8058683858004,6.80628503676962,117
"121",2020,3,6.72385611260054,373,6.90959685920578,6.18791666666667,6.140625,6.86764705882353,6.70943460176991,277,96,32,34,339,36261,25269,10992,4126,6006,30255,6.80536850859049,7.0397654632158,6.26652419941776,6.2494700266602,6.80621811521811,6.80519985093373,118
"122",2020,4,6.72046786350148,337,6.92508619771863,5.99324324324324,6.275,6.57352941176471,6.73695600660066,263,74,28,34,303,36598,25532,11066,4154,6040,30558,6.80458673042242,7.03858417515275,6.2646967287186,6.2496421112181,6.80490827814569,6.80452317429151,119
"123",2020,5,6.77620895522388,335,6.94846882113821,6.30007494382023,6.01388888888889,6.53571428571429,6.80426666666667,246,89,36,35,300,36933,25778,11155,4190,6075,30858,6.80432933040912,7.03772420242067,6.26497899327656,6.24761654653938,6.80335736625514,6.80452068053665,120
"124",2020,6,6.85987364705882,255,7.07010752688172,6.29315623188406,6.30658444444444,6.96621621621622,6.84182467889908,186,69,27,37,218,37188,25964,11224,4217,6112,31076,6.80471020060234,7.03795618895394,6.2651522140057,6.24799409769979,6.8043432591623,6.80478237031793,121
"125",2020,7,6.67652127725857,321,6.92406753303965,6.07872340425532,5.96363636363636,6.88510638297872,6.64074208029197,227,94,33,47,274,37509,26191,11318,4250,6159,31350,6.80361316670665,7.03696910465427,6.26360385668846,6.24578614352941,6.80495957135899,6.80334865295056,122
"126",2020,8,6.68688340557276,323,6.95006009009009,6.10841584158416,5.805,6.5578431372549,6.71107845588235,222,101,40,51,272,37832,26413,11419,4290,6210,31622,6.80261655767604,7.0362386385492,6.26223123303267,6.24167624941725,6.80293011272142,6.80255498102587,123
"127",2020,9,6.67589830508475,295,6.9422966507177,6.02848837209302,5.69423076923077,6.89324324324324,6.64472868217054,209,86,26,37,258,38127,26622,11505,4316,6247,31880,6.80163610066357,7.0355011328976,6.26048400260756,6.23837838507878,6.80346502321114,6.80127771675031,124
"128",2020,10,6.60215339233038,339,6.85828193832599,6.08303571428571,5.95294117647059,6.37073170731707,6.6339932885906,227,112,34,41,298,38466,26849,11617,4350,6288,32178,6.79987806400457,7.03400279935938,6.25877321597659,6.2361473816092,6.80064344783715,6.79972849804214,125
"129",2020,11,6.6319252,450,6.88974121118012,5.983356796875,5.61081081081081,6.89148936170213,6.60165344913151,322,128,37,47,403,38916,27171,11745,4387,6335,32581,6.79793596335697,7.03229317397225,6.25577165772669,6.23087328698427,6.80131744277822,6.79727847365029,126
"130",2020,12,6.65815072261072,429,6.91609037288136,6.09029850746269,5.7,6.54883720930233,6.67032813471503,295,134,32,43,386,39345,27466,11879,4419,6378,32967,6.79641180861609,7.0310450917498,6.25390505261386,6.22702899072188,6.79961523988711,6.79579205296205,127
"131",2021,1,6.69745136820926,497,6.93003943786982,6.20301886792453,6.37648648648649,6.67906976744186,6.69919235682819,338,159,37,43,454,39842,27804,12038,4456,6421,33421,6.79517734902866,7.02981721406992,6.25323293902642,6.22826999775584,6.79880797383585,6.79447981628318,128
"132",2021,2,6.66619834710744,363,6.90876494023904,6.12258928571429,5.92901970588235,6.38444435897436,6.70011317901235,251,112,34,39,324,40205,28055,12150,4490,6460,33745,6.79401283273224,7.02873419426127,6.25202865185185,6.22600395991091,6.79630639783282,6.79357376233516,129
"133",2021,3,6.59675471590909,352,6.84635779591837,6.02523364485981,5.87777777777778,6.40909302325581,6.62286944983819,245,107,36,43,309,40557,28300,12257,4526,6503,34054,6.79230080134132,7.02715531731449,6.25004879823774,6.22323415377817,6.79374601414731,6.79202482146003,130
"134",2021,4,6.87852766784452,283,7.06309293269231,6.36666666666667,5.91666666666667,7.07631578947368,6.86429291666667,208,75,18,19,264,40840,28508,12332,4544,6522,34318,6.79289830876591,7.02741752525607,6.25075803762569,6.22201975792254,6.79456920116528,6.79258076228218,131
"135",2021,5,6.65970706060606,330,6.91219371794872,6.04427083333333,5.93548387096774,6.72448979591837,6.64841042704626,234,96,31,49,281,41170,28742,12428,4575,6571,34599,6.79183070828273,7.02647944262751,6.249163028645,6.22007820327869,6.79404661847512,6.79140986531403,132
"136",2021,6,6.66917857142857,280,6.91061538461538,6.11529411764706,6.04,6.34848484848485,6.71202429149798,195,85,30,33,247,41450,28937,12513,4605,6604,34846,6.79100217756332,7.02569866053841,6.24825366578758,6.21890505537459,6.79182015899455,6.79084715404924,133
"137",2021,7,6.78570435146444,239,7.05386182926829,6.19933333333333,6.295,6.932,6.76861373831776,164,75,20,25,214,41689,29101,12588,4625,6629,35060,6.79097180551224,7.02585737534793,6.24796219574198,6.2192341145946,6.79234882033489,6.79071144523674,134
"138",2021,8,6.7733779264214,299,7.03517857142857,5.99146666666667,5.59285714285714,6.63666666666667,6.78862453531598,224,75,28,30,269,41988,29325,12663,4653,6659,35329,6.79084651805277,7.02592857561807,6.24644303245676,6.21546481409843,6.79164744406067,6.7906955552096,135
"139",2021,9,6.53149450704225,284,6.82178217821782,5.8163956097561,5.54137931034483,6.38888888888889,6.55219532258065,202,82,29,36,248,42272,29527,12745,4682,6695,35577,6.78910408875851,7.0245319700613,6.24367615221656,6.21128957283212,6.78948175205377,6.78903301880428,136
"140",2021,10,6.58671569852941,272,6.79628625,6.14852272727273,5.92576923076923,6.52333333333333,6.59457301652893,184,88,26,30,242,42544,29711,12833,4708,6725,35819,6.78781014267581,7.02311844603009,6.24302365464038,6.20971278249788,6.78829447286245,6.78771920991652,137
"141",2021,11,6.62405063291139,316,6.90416666666667,6.019,5.76607142857143,6.86,6.58487084870849,216,100,28,45,271,42860,29927,12933,4736,6770,36090,6.78660276971535,7.02225990409998,6.24129146833681,6.20708990287162,6.78877109748892,6.78619602050429,138
"142",2021,12,6.61058962264151,424,6.82462585034014,6.12653846153846,5.78658536585366,6.29897959183673,6.65130666666667,294,130,41,49,375,43284,30221,13063,4777,6819,36465,6.78487858585158,7.0203372538963,6.24014947255608,6.20348079966506,6.78525155154714,6.78480884080625,139
"143",2022,1,6.69763851666667,600,6.8948212412178,6.21095052023121,5.98529411764706,6.625,6.70395490942029,427,173,34,48,552,43884,30648,13236,4811,6867,37017,6.78368580393765,7.01858851540068,6.23976783016017,6.20193884431511,6.78413140090287,6.78360314152957,140
"144",2022,2,6.68176308539945,363,6.94848979591837,6.12796610169492,5.99230769230769,6.46896551724138,6.70023952095808,245,118,39,29,334,44247,30893,13354,4850,6896,37351,6.78284963545551,7.0180325905545,6.23877991613,6.20025315051546,6.78280602233178,6.78285768761211,141
"145",2022,3,6.60401384083045,289,6.80546798029557,6.12848837209302,6.17857142857143,6.80689655172414,6.58138461538462,203,86,28,29,260,44536,31096,13440,4878,6925,37611,6.7816891463086,7.0166449324672,6.23807418154762,6.20012869618696,6.7829069068592,6.78146493020659,142
"146",2022,4,6.80016447129909,331,6.9485593220339,6.43152042105263,6.16851851851852,6.67432432432432,6.81600149659864,236,95,27,37,294,44867,31332,13535,4905,6962,37905,6.78182544542759,7.01613209562109,6.23943194975988,6.19995469520897,6.78232983769032,6.78173280385173,143
"147",2022,5,6.64587772189349,338,6.92535354978355,6.04252336448598,5.86129032258065,6.72804878048781,6.63453424242424,231,107,31,41,297,45205,31563,13642,4936,7003,38202,6.78080895763743,7.0154677150461,6.237887512095,6.19782775121556,6.782012041982,6.78058841421915,144
"148",2022,6,6.72006309148265,317,6.87458149779736,6.33033333333333,5.78185185185185,6.52342857142857,6.74446808510638,227,90,27,35,282,45522,31790,13732,4963,7038,38484,6.78038594371952,7.01446170147845,6.23849340518497,6.19556473503929,6.78072610542767,6.78032373453903,145
"149",2022,7,6.63467907063197,269,6.80849261111111,6.28314606741573,5.83809523809524,6.62257142857143,6.63608576763485,180,89,21,28,241,45791,31970,13821,4984,7066,38725,6.77952998624184,7.01330203816078,6.23878094493886,6.19405854333868,6.7800993956977,6.77942608831504,146
"150",2022,8,6.4686666779661,295,6.70668441489362,6.05046728971963,5.88518518518519,6.4925,6.46492811764706,188,107,27,40,255,46086,32158,13928,5011,7106,38980,6.77754012650262,7.01150951023074,6.23733425043079,6.19239428856516,6.7784804855052,6.77736870035916,147
"151",2022,9,6.65536301369863,292,6.92752941176471,6.02443181818182,6.01333333333333,6.88636363636364,6.63654074074074,204,88,15,22,270,46378,32362,14016,5026,7128,39250,6.77677088856785,7.01098012576479,6.23599753424658,6.19185988460008,6.77881345819304,6.77639994751592,148
"152",2022,10,6.66384306569343,274,6.8884375,6.13796341463415,6.04585714285714,6.4,6.69507346938776,192,82,21,29,245,46652,32554,14098,5047,7157,39495,6.7761076324702,7.01025738250292,6.23542732586182,6.19125238359422,6.77727851474081,6.77589545360172,149
"153",2022,11,6.63599097972973,296,6.89812278947368,6.1661320754717,6.06615384615385,7.08269230769231,6.5929752962963,190,106,26,26,270,46948,32744,14204,5073,7183,39765,6.77522421828405,7.00960671145859,6.23491019712757,6.19061123201262,6.77838400807462,6.77465344574374,150
"154",2022,12,6.66356883152174,368,6.88614503816794,6.11342764150943,5.88745088235294,6.60571428571429,6.66964963963964,262,106,34,35,333,47316,33006,14310,5107,7218,40098,6.77435581896187,7.00862667878568,6.23401032634521,6.1885929332289,6.7775467345525,6.77378142550751,151
