"","year","month","avg_rating","no_ratings","avg_rating_owned","avg_rating_not_owned","avg_rating_prev_owned","avg_rating_comment","avg_rating_no_comment","no_ratings_owned","no_ratings_not_owned","no_ratings_prev_owned","no_ratings_comment","no_ratings_no_comment","cum_no_ratings","cum_no_ratings_owned","cum_no_ratings_not_owned","cum_no_ratings_prev_owned","cum_no_ratings_comment","cum_no_ratings_no_comment","cum_avg_rating","cum_avg_rating_owned","cum_avg_rating_not_owned","cum_avg_rating_prev_owned","cum_avg_rating_comment","cum_avg_rating_no_comment","month_after_release"
"1",2010,6,9,1,9,NA,NA,9,NA,1,0,0,1,0,1,1,0,0,1,0,9,9,NA,NA,9,NA,-4
"2",2010,9,6.66666666666667,3,8,6,NA,6.5,7,1,2,0,2,1,4,2,2,0,3,1,7.25,8.5,6,NA,7.33333333333333,7,-1
"3",2010,10,8.06521739130435,46,8.42692307692308,7.595,8.3,7.54210526315789,8.43333333333333,26,20,5,19,27,50,28,22,5,22,28,8,8.43214285714286,7.45,8.3,7.51363636363636,8.38214285714286,0
"4",2010,11,7.66368421052632,285,8.20032786885246,7.2620245398773,7.485625,7.73413043478261,7.63010362694301,122,163,32,92,193,335,150,185,37,114,221,7.71388059701493,8.2436,7.28437837837838,7.59567567567567,7.69157894736842,7.72538461538462,1
"5",2010,12,7.46575342465753,146,8.08153846153846,6.9716049382716,7.48235294117647,7.19130434782609,7.592,65,81,17,46,100,481,215,266,54,160,321,7.63856548856549,8.19460465116279,7.18913533834586,7.56,7.54775,7.68383177570093,2
"6",2011,1,7.33709677419355,124,8.00444444444445,6.95696202531646,7.34736842105263,7.04310344827586,7.42684210526316,45,79,19,29,95,605,260,345,73,189,416,7.57677685950413,8.16169230769231,7.13597101449275,7.50465753424657,7.47031746031746,7.62514423076923,3
"7",2011,2,7.64676056338028,142,7.89027777777778,7.39628571428571,7.75,7.39380952380952,7.753,72,70,17,42,100,747,332,415,90,231,516,7.59008032128514,8.1028313253012,7.17987951807229,7.551,7.45640692640693,7.64992248062015,4
"8",2011,3,7.36267605633803,142,8.11617647058823,6.67027027027027,6.95833333333333,7.66774193548387,7.27747747747748,68,74,12,31,111,889,400,489,102,262,627,7.5537570303712,8.1051,7.10276073619632,7.48127450980392,7.48141221374046,7.58398724082935,5
"9",2011,4,7.69686868686869,99,8.12481481481482,7.18333333333333,7.5375,7.47222222222222,7.74679012345679,54,45,8,18,81,988,454,534,110,280,708,7.5680971659919,8.1074449339207,7.10955056179775,7.48536363636364,7.48082142857143,7.60261299435028,6
"10",2011,5,7.60190839694657,131,8.11746031746032,7.12426470588235,7.4,7.32380952380952,7.655,63,68,12,21,110,1119,517,602,122,301,818,7.57205540661305,8.10866537717602,7.11121262458472,7.47696721311475,7.46986710963455,7.60965770171149,7
"11",2011,6,7.29191919191919,99,7.93023255813953,6.80178571428571,6.41666666666667,7.30208333333333,7.28866666666667,43,56,6,24,75,1218,560,658,128,325,893,7.54928571428571,8.09496428571429,7.08487841945289,7.427265625,7.45747692307692,7.58269876819709,8
"12",2011,7,7.50848214285714,112,8.07155172413793,6.9037037037037,7.2875,7.2047619047619,7.57857142857143,58,54,12,21,91,1330,618,712,140,346,984,7.54584962406015,8.09276699029126,7.07113764044944,7.41528571428571,7.4421387283237,7.58231707317073,9
"13",2011,8,7.54132653061224,98,8.26274509803922,6.75851063829787,6.925,7.4625,7.56153846153846,51,47,10,20,78,1428,669,759,150,366,1062,7.54553921568627,8.10572496263079,7.05177865612648,7.3826,7.44325136612022,7.58079096045198,10
"14",2011,9,7.20609278350515,97,8.05769230769231,6.63346551724138,6.52222222222222,6.94731818181818,7.282,39,58,9,22,75,1525,708,817,159,388,1137,7.52394819672131,8.1030790960452,7.02208200734394,7.33389937106918,7.41513144329897,7.56108179419525,11
"15",2011,10,7.50360824742268,97,7.82666666666667,7.22403846153846,7.38571428571429,7.28947368421053,7.55576923076923,45,52,14,19,78,1622,753,869,173,407,1215,7.52273181257706,8.0865604249668,7.034166858458,7.33809248554913,7.40926535626536,7.56074074074074,12
"16",2011,11,7.46652892561983,121,7.99830508474576,6.96048387096774,7,7.08571428571429,7.58118279569892,59,62,8,28,93,1743,812,931,181,435,1308,7.51883017785427,8.08014778325123,7.02925993555317,7.32314917127072,7.38843908045977,7.56219418960245,13
"17",2011,12,7.60263157894737,95,8.043,7.11333333333333,7.16,7.6125,7.59929577464789,50,45,10,24,71,1838,862,976,191,459,1379,7.52316158868335,8.07799303944316,7.0331362704918,7.31460732984293,7.40015468409586,7.56410442349528,14
"18",2012,1,7.19291044776119,134,7.97906976744186,6.82142857142857,7.2,6.94677419354839,7.26699029126214,43,91,20,31,103,1972,905,1067,211,490,1482,7.50072058823529,8.07329281767956,7.01508059981256,7.30374407582938,7.37147142857143,7.54345479082321,15
"19",2012,2,7.33095238095238,84,8.29117647058824,6.678,7.14285714285714,7.29444444444444,7.34090909090909,34,50,14,18,66,2056,939,1117,225,508,1548,7.49378453307393,8.0811821086262,6.99999194270367,7.29373333333333,7.36874212598425,7.53481912144703,16
"20",2012,3,7.54545454545455,55,8.10416666666667,7.11290322580645,7.5,8.05,7.43333333333333,24,31,8,10,45,2111,963,1148,233,518,1593,7.49513074372335,8.0817549325026,7.00304094076655,7.30081545064378,7.38189382239382,7.53195229127432,17
"21",2012,4,7.22298507462687,67,7.59027027027027,6.77,7.41666666666667,7.41666666666667,7.20393442622951,37,30,6,6,61,2178,1000,1178,239,524,1654,7.48675895316804,8.06357,6.99710611205433,7.30372384937238,7.38229198473283,7.51985489721886,18
"22",2012,5,7.26176470588235,51,7.78125,6.8,7.28571428571429,8.31428571428571,7.09431818181818,24,27,7,7,44,2229,1024,1205,246,531,1698,7.48161103633916,8.056953125,6.99268962655602,7.30321138211382,7.39457815442561,7.50882803297998,19
"23",2012,6,7.60377358490566,53,8.45357142857143,6.652,6.55555555555556,7.40909090909091,7.65476190476191,28,25,9,11,42,2282,1052,1230,255,542,1740,7.48444829097283,8.06750950570342,6.9857650406504,7.27682352941176,7.39487269372694,7.51235057471264,20
"24",2012,7,7.57347826086957,46,7.93095238095238,7.2732,7.25555555555556,8.0375,7.47578947368421,21,25,9,8,38,2328,1073,1255,264,550,1778,7.4862074742268,8.06483690587139,6.99149083665338,7.27609848484848,7.40422,7.51156917885264,21
"25",2012,8,7.49803921568627,51,8.012,7.00384615384615,7.08333333333333,7.13571428571429,7.63513513513514,25,26,6,14,37,2379,1098,1281,270,564,1815,7.48646111811686,8.06363387978142,6.99174160811866,7.27181481481481,7.39755496453901,7.51408815426997,22
"26",2012,9,7.32340425531915,47,8.1375,6.90322580645161,6.875,7.71428571428571,7.255,16,31,4,7,40,2426,1114,1312,274,571,1855,7.483302143446,8.0646947935368,6.98965015243902,7.26602189781022,7.40143782837128,7.50850134770889,23
"27",2012,10,7.15333333333333,60,7.68260869565217,6.82432432432432,7.5,7.25454545454545,7.13061224489796,23,37,11,11,49,2486,1137,1349,285,582,1904,7.47533829444891,8.05696569920844,6.98511564121571,7.27505263157895,7.39866151202749,7.4987762605042,24
"28",2012,11,7.2013698630137,73,8.13793103448276,6.58409090909091,6.82142857142857,7.47727272727273,7.08235294117647,29,44,14,22,51,2559,1166,1393,299,604,1955,7.46752286049238,8.05897941680961,6.97244867193108,7.2538127090301,7.40152483443709,7.48791304347826,25
"29",2012,12,7.40461538461538,65,7.875,6.82068965517241,7.57142857142857,7.0625,7.51632653061225,36,29,7,16,49,2624,1202,1422,306,620,2004,7.46596455792683,8.05346921797005,6.96935372714487,7.26107843137255,7.39277580645161,7.48860778443114,26
"30",2013,1,7.31388888888889,72,7.68666666666667,7.04761904761905,7.19230769230769,6.86875,7.44107142857143,30,42,13,16,56,2696,1232,1464,319,636,2060,7.46190318991098,8.04453733766234,6.97159904371585,7.25827586206896,7.3795927672956,7.48731553398058,27
"31",2013,2,7.30283018867925,53,7.77083333333333,6.91551724137931,7.09090909090909,7.20454545454545,7.32857142857143,24,29,11,11,42,2749,1256,1493,330,647,2102,7.45883630411059,8.03930732484076,6.97050971198928,7.25269696969697,7.37661669242658,7.48414367269267,28
"32",2013,3,7.40885714285714,63,7.88787878787879,6.88193333333333,6.95483333333333,7.4479,7.3906976744186,33,30,12,20,43,2812,1289,1523,342,667,2145,7.45771657183499,8.03543056633049,6.96876493762311,7.24224561403509,7.37875412293853,7.48227039627039,29
"33",2013,4,7.31639344262295,61,7.94642857142857,6.78181818181818,6.95454545454545,6.94444444444444,7.38076923076923,28,33,11,9,52,2873,1317,1556,353,676,2197,7.45471597633136,8.03353834472285,6.9648001285347,7.23328045325779,7.37297189349112,7.47986800182066,30
"34",2013,5,7.19087719298246,57,7.60933333333333,6.72592592592593,6.95,7.16923076923077,7.19727272727273,30,27,10,13,44,2930,1347,1583,363,689,2241,7.44958327645051,8.02409057164068,6.96072583701832,7.22547658402204,7.36912772133527,7.47431950022311,31
"35",2013,6,7.51929824561403,57,7.96470588235294,6.86086956521739,6,7.2,7.64390243902439,34,23,5,16,41,2987,1381,1606,368,705,2282,7.45091362571142,8.02262853005069,6.95929576587796,7.20882608695652,7.36528936170213,7.47736634531113,32
"36",2013,7,7.36735,60,7.78609090909091,6.85555555555556,6.775,7.128125,7.45434090909091,33,27,8,16,44,3047,1414,1633,376,721,2326,7.44926813258943,8.01710820367751,6.95758052663809,7.19959574468085,7.36002635228849,7.47693078245916,33
"37",2013,8,7.44375,48,8.21363636363636,6.79230769230769,6.77777777777778,8.08333333333333,7.35238095238095,22,26,9,6,42,3095,1436,1659,385,727,2368,7.44918255250404,8.02011908077995,6.95499035563592,7.18973506493506,7.36599587345254,7.47472170608108,34
"38",2013,9,7.4687,50,7.8334,7.104,5.8,7.0925,7.5875,25,25,5,12,38,3145,1461,1684,390,739,2406,7.44949284578696,8.01692402464066,6.95720249406176,7.17191794871795,7.3615548037889,7.47650290939318,35
"39",2013,10,7.08823529411765,51,7.8,6.62903225806452,6.85,6.75,7.19230769230769,20,31,10,12,39,3196,1481,1715,400,751,2445,7.44372809762203,8.01399459824443,6.95127055393586,7.16387,7.35178295605859,7.47196973415133,36
"40",2013,11,7.06311475409836,61,8.045,6.11290322580645,6.35,6.59090909090909,7.167,30,31,14,11,50,3257,1511,1746,414,762,2495,7.43659963156279,8.01461019192588,6.93638545246277,7.13634782608696,7.34079921259842,7.46585811623246,37
"41",2013,12,7.69224137931035,58,8.22878787878788,6.984,7.15555555555556,8.01428571428571,7.58977272727273,33,25,9,14,44,3315,1544,1771,423,776,2539,7.44107239819005,8.0191878238342,6.93705759457933,7.13675650118203,7.35294974226804,7.46800551398188,38
"42",2014,1,7.34225352112676,71,7.78181818181818,7.14489795918367,7.140625,8.06,7.22459016393443,22,49,16,10,61,3386,1566,1820,439,786,2600,7.43900029533373,8.01585312899106,6.9426532967033,7.13689749430524,7.36194529262086,7.46229461538462,39
"43",2014,2,7.46538461538462,52,7.925,7.07142857142857,7.3,7.525,7.4475,24,28,10,12,40,3438,1590,1848,449,798,2640,7.43939936009308,8.01448176100629,6.94460443722944,7.14053006681514,7.36439724310777,7.46207045454546,40
"44",2014,3,7.41395348837209,43,7.88636363636364,6.91904761904762,6.66666666666667,7.4375,7.40857142857143,22,21,6,8,35,3481,1612,1869,455,806,2675,7.43908503303648,8.01273325062035,6.94431728196897,7.13428131868132,7.36512282878412,7.46137046728972,41
"45",2014,4,6.95857142857143,35,7.63076923076923,6.56136363636364,6.92857142857143,6.8125,7.00185185185185,13,22,7,8,27,3516,1625,1891,462,814,2702,7.43430176336746,8.00967753846155,6.93986197778953,7.1311645021645,7.35969164619165,7.45677868245744,42
"46",2014,5,7.61162790697674,43,8.15909090909091,7.03809523809524,6.475,7.67777777777778,7.59411764705882,22,21,8,9,34,3559,1647,1912,470,823,2736,7.43644422590615,8.01167334547663,6.94094089958159,7.11999574468085,7.36317010935602,7.45848538011696,43
"47",2014,6,7.57441860465116,43,8.21363636363636,6.90476190476191,6.58333333333333,6.76,7.82121212121212,22,21,6,10,33,3602,1669,1933,476,833,2769,7.43809133814548,8.01433553025764,6.94054785307812,7.11323109243698,7.35592917166867,7.4628082340195,44
"48",2014,7,7.40571428571429,35,7.63125,7.21578947368421,7.2,8.375,7.28064516129032,16,19,7,4,31,3637,1685,1952,483,837,2800,7.43777976354138,8.01069792284867,6.94322694672131,7.11448861283644,7.36079928315412,7.46079142857143,45
"49",2014,8,7.31666666666667,30,7.74666666666667,6.88666666666667,7.6,7.68888888888889,7.15714285714286,15,15,4,9,21,3667,1700,1967,487,846,2821,7.43678892827925,8.00836823529412,6.94279562785968,7.11847638603696,7.36428959810875,7.45853101736973,46
"50",2014,9,7.22236842105263,38,8.05,6.73958333333333,6.65625,7.05,7.2546875,14,24,8,6,32,3705,1714,1991,495,852,2853,7.43458974358974,8.00870828471413,6.94034605725766,7.11100606060606,7.36207629107981,7.45624465474939,47
"51",2014,10,7.394,50,7.95833333333333,6.87307692307692,7.22727272727273,7.5625,7.36190476190476,24,26,11,8,42,3755,1738,2017,506,860,2895,7.43404926764314,8.00801265822786,6.93947892910263,7.11353359683795,7.36394069767442,7.45487599309154,48
"52",2014,11,7.31046511627907,43,7.59,7.06739130434783,7.125,7.01,7.40151515151515,20,23,4,10,33,3798,1758,2040,510,870,2928,7.43265007898894,8.00325711035268,6.94092107843137,7.11362352941177,7.3598724137931,7.45427459016394,49
"53",2014,12,7.25581395348837,43,8,6.54545454545455,6.41,7.12307692307692,7.31333333333333,21,22,10,13,30,3841,1779,2062,520,883,2958,7.43067039833377,8.00321866216976,6.93670174587779,7.10009230769231,7.35638618346546,7.45284516565247,50
"54",2015,1,7.42,55,7.796875,6.89565217391304,7.725,7.2,7.442,32,23,4,5,50,3896,1811,2085,524,888,3008,7.43051976386037,7.99957261181668,6.93624892086331,7.10486259541985,7.35550563063063,7.45266489361702,51
"55",2015,2,6.74791666666667,48,7.51111111111111,6.29,6.16666666666667,6.09375,6.87875,18,30,6,8,40,3944,1829,2115,530,896,3048,7.42221222109533,7.99476544559869,6.92708226950355,7.09424150943396,7.34423995535714,7.44513320209974,52
"56",2015,3,7.55882352941176,34,8.02941176470588,7.08823529411765,7.83333333333333,7,7.59375,17,17,6,2,32,3978,1846,2132,536,898,3080,7.42337983911513,7.99508450704226,6.92836726078799,7.10251492537313,7.3434732739421,7.44667727272727,53
"57",2015,4,7.55757575757576,33,7.89285714285714,7.31052631578947,6.76666666666667,7.575,7.552,14,19,6,8,25,4011,1860,2151,542,906,3105,7.42448391922214,7.99431505376345,6.93174291027429,7.09879704797048,7.34551766004415,7.44752528180354,54
"58",2015,5,7.405,30,7.85,7.21428571428571,7.8125,7.25,7.44375,9,21,8,6,24,4041,1869,2172,550,912,3129,7.42433927245731,7.99362011771001,6.93447467771639,7.10917818181818,7.34488925438597,7.44749632470438,55
"59",2015,6,6.56714285714286,35,7.65909090909091,6.06666666666667,6.9,6.36,6.60166666666667,11,24,7,5,30,4076,1880,2196,557,917,3159,7.41697865554465,7.99166276595745,6.92499043715847,7.10654937163375,7.33951908396947,7.43946375435264,56
"60",2015,7,7.3174358974359,39,7.97375,6.86086956521739,6.85,7.41818181818182,7.27785714285714,16,23,6,11,28,4115,1896,2219,563,928,3187,7.41603523693803,7.99151160337553,6.92432582244254,7.10381527531084,7.34045150862069,7.43804392845937,57
"61",2015,8,7.26896551724138,29,8.07142857142857,7.01363636363636,7.58571428571429,7.7,7.13181818181818,7,22,7,7,22,4144,1903,2241,570,935,3209,7.41500603281853,7.99180557015239,6.9252025881303,7.10973333333333,7.34314331550802,7.43594453100655,58
"62",2015,9,7.3196875,32,7.8625,7.13875,7.3125,7.9,7.21222222222222,8,24,8,5,27,4176,1911,2265,578,940,3236,7.41427562260536,7.99126425954998,6.92746534216335,7.11253979238754,7.34610531914894,7.43407787391842,59
"63",2015,10,7.01515151515152,33,7.67857142857143,6.52631578947368,6.71428571428571,7.16666666666667,6.98148148148148,14,19,7,6,27,4209,1925,2284,585,946,3263,7.41114635305298,7.98899012987013,6.92412828371278,7.10777435897436,7.34496723044398,7.43033282255593,60
"64",2015,11,7.16666666666667,51,7.61764705882353,6.94117647058824,6.7625,6.87,7.2390243902439,17,34,8,10,41,4260,1942,2318,593,956,3304,7.40821948356808,7.9857394438723,6.92437834339948,7.10311635750422,7.3399989539749,7.4279588377724,61
"65",2015,12,7.18095238095238,42,7.8225,6.59772727272727,6.925,7.9125,7.00882352941176,20,22,8,8,34,4302,1962,2340,601,964,3338,7.40600069735007,7.9840754332314,6.92130726495726,7.10074542429285,7.34475,7.42368963451168,62
"66",2016,1,7.44285714285714,56,7.80454545454545,7.20882352941176,7.41666666666667,7.52307692307692,7.41860465116279,22,34,6,13,43,4358,1984,2374,607,977,3381,7.40647430013768,7.98208467741936,6.9254250210615,7.10386820428336,7.34712282497441,7.42362496302869,63
"67",2016,2,7.17432432432432,37,7.75,6.93076923076923,7.15,7.88571428571429,7.00833333333333,11,26,8,7,30,4395,1995,2400,615,984,3411,7.40451990898748,7.98080501253133,6.92548291666666,7.10446829268293,7.35095426829268,7.41997244209909,64
"68",2016,3,7.4985,40,7.75181818181818,7.18888888888889,7.56666666666667,7.63,7.465625,22,18,6,8,32,4435,2017,2418,621,992,3443,7.40536753100338,7.97830738720873,6.92744375516956,7.10893397745572,7.35320463709678,7.42039674702295,65
"69",2016,4,7.53255813953488,43,7.96304347826087,7.0375,7,7,7.5452380952381,23,20,6,1,42,4478,2040,2438,627,993,3485,7.40658887896382,7.97813529411765,6.92834659557014,7.10789154704944,7.35284894259819,7.42190129124821,66
"70",2016,5,7.65797435897436,39,8.41727777777778,7.00714285714286,7.15,8.18,7.58120588235294,18,21,6,5,34,4517,2058,2459,633,998,3519,7.40875935355324,7.9819761904762,6.92901952013013,7.1082906793049,7.35699298597194,7.42344046604149,67
"71",2016,6,7.27037037037037,27,7.93846153846154,6.65,6.5,7.25,7.27619047619048,13,14,5,6,21,4544,2071,2473,638,1004,3540,7.40793705985916,7.9817030420087,6.92743995147594,7.10352351097179,7.35635358565737,7.42256694915254,68
"72",2016,7,7.67931034482759,29,7.81666666666667,7.58235294117647,7.78333333333333,7.5875,7.71428571428571,12,17,6,8,21,4573,2083,2490,644,1012,3561,7.40965799256506,7.98075228036486,6.93191124497992,7.10985714285714,7.35818083003953,7.42428727885425,69
"73",2016,8,7.33392857142857,28,7.77727272727273,7.04705882352941,6.75,8.5,7.24423076923077,11,17,4,2,26,4601,2094,2507,648,1014,3587,7.40919713105847,7.97968338108883,6.93269206222577,7.10763580246913,7.36043293885602,7.42298215779203,70
"74",2016,9,7.1234375,32,7.34615384615385,6.97105263157895,7.5,7.39285714285714,7.048,13,19,2,7,25,4633,2107,2526,650,1021,3612,7.40722339736672,7.97577456098719,6.93298060174188,7.10884307692308,7.36065523996082,7.42038676633444,71
"75",2016,10,7.28333333333333,33,8.0125,6.86666666666667,6.5,6.33333333333333,7.49444444444444,12,21,4,6,27,4666,2119,2547,654,1027,3639,7.40634719245606,7.97598253893346,6.93243384373773,7.10511926605504,7.35465335929893,7.42093624622149,72
"76",2016,11,7.45416666666667,24,8,7.12666666666667,8,7.28,7.5,9,15,3,5,19,4690,2128,2562,657,1032,3658,7.40659189765458,7.97608411654136,6.93357103825137,7.10920547945205,7.35429166666667,7.42134691088026,73
"77",2016,12,7.2625,32,7.88333333333333,6.46428571428571,5,7.5,7.25483870967742,18,14,1,1,31,4722,2146,2576,658,1033,3689,7.4056154171961,7.97530615097857,6.93102057453416,7.106,7.35443272023233,7.41994768229873,74
"78",2017,1,7.19324324324324,37,7.53666666666667,6.95909090909091,7.25,6.9875,7.21818181818182,15,22,4,4,33,4759,2161,2598,662,1037,3722,7.40396427820971,7.97226145303101,6.93125827559661,7.10687009063444,7.35301735776278,7.41815878559914,75
"79",2017,2,7.35,40,7.30526315789474,7.39047619047619,7.64,7.7,7.3,19,21,5,5,35,4799,2180,2619,667,1042,3757,7.40351448218379,7.96644816513762,6.93494043528064,7.11086656671664,7.35468234165067,7.41705802501996,76
"80",2017,3,7.73322580645161,31,8.04,7.445625,7.7,7.76666666666667,7.7252,15,16,4,6,25,4830,2195,2635,671,1048,3782,7.40563064182195,7.96695079726652,6.93804136622391,7.11437853949329,7.35704103053435,7.419094923321,77
"81",2017,4,7.39594594594595,37,7.83846153846154,7.15625,7.56818181818182,7.85714285714286,7.28833333333333,13,24,11,7,30,4867,2208,2659,682,1055,3812,7.4055570166427,7.96619429347827,6.94001090635577,7.12169794721408,7.36035924170616,7.41806584470095,78
"82",2017,5,7.7148,25,8.02666666666667,7.42692307692308,7.3125,7.87833333333333,7.66315789473684,12,13,4,6,19,4892,2220,2672,686,1061,3831,7.40713736713001,7.96652117117118,6.94237986526946,7.12281049562682,7.36328840716305,7.41928138867137,79
"83",2017,6,7.32769230769231,26,7.97083333333333,6.77642857142857,6.8,7.64,7.25333333333333,12,14,5,5,21,4918,2232,2686,691,1066,3852,7.40671736478243,7.96654435483871,6.94151489203276,7.12047467438495,7.36458630393996,7.4183766874351,80
"84",2017,7,7.56045454545455,22,7.65,7.48583333333333,8.34333333333333,7,7.685,10,12,3,4,18,4940,2242,2698,694,1070,3870,7.4074020242915,7.96513247100803,6.94393587842847,7.12576080691643,7.36322336448598,7.41961679586563,81
"85",2017,8,7.02272727272727,22,7.85555555555556,6.44615384615385,6.86,5.75,7.30555555555556,9,13,5,4,18,4962,2251,2711,699,1074,3888,7.40569649334946,7.96469435806309,6.94154887495389,7.12385979971388,7.35721508379888,7.4190887345679,82
"86",2017,9,7.375,36,7.81052631578947,6.88823529411765,7.8,7.04,7.42903225806452,19,17,2,5,31,4998,2270,2728,701,1079,3919,7.40547539015606,7.96340396475772,6.94121664222874,7.12578887303852,7.35574513438369,7.41916738964022,83
"87",2017,10,7.25813953488372,43,8.07857142857143,6.86206896551724,8,7.4,7.209375,14,29,12,11,32,5041,2284,2757,713,1090,3951,7.40421860741916,7.9641098949212,6.94038411316648,7.14050210378682,7.35619174311926,7.41746823588965,84
"88",2017,11,7.13958333333333,60,7.60909090909091,6.86776315789474,6.775,6.70769230769231,7.25904255319149,22,38,8,13,47,5101,2306,2795,721,1103,3998,7.40110586159577,7.96072289679099,6.93939677996422,7.13644660194175,7.34854850407978,7.41560580290145,85
"89",2017,12,6.79594594594595,37,7.97666666666667,5.99090909090909,6.21428571428571,6.88888888888889,6.76607142857143,15,22,7,9,28,5138,2321,2817,728,1112,4026,7.39674795640327,7.96082593709609,6.93198935037274,7.12757967032967,7.34482823741007,7.41108842523597,86
"90",2018,1,7.34089285714286,56,7.902,7.02916666666667,7.12857142857143,7.3625,7.33729166666667,20,36,7,8,48,5194,2341,2853,735,1120,4074,7.39614574509049,7.96032336608288,6.93321556256572,7.12758911564626,7.34495446428571,7.41021894943545,87
"91",2018,2,7.152,30,7.415,6.921875,7.08333333333333,6.53125,7.37772727272727,14,16,6,8,22,5224,2355,2869,741,1128,4096,7.39474368300153,7.95708152866243,6.93315231788079,7.12723076923077,7.3391835106383,7.41004443359375,88
"92",2018,3,7.45,39,7.8875,7.25555555555556,7.08,7.9375,7.3241935483871,12,27,5,8,31,5263,2367,2896,746,1136,4127,7.39515314459434,7.9567287705957,6.93615814917127,7.12691420911528,7.34339700704225,7.40939956384783,89
"93",2018,4,7.21714285714286,35,8.25555555555556,6.85769230769231,7,7.08333333333333,7.2448275862069,9,26,1,6,29,5298,2376,2922,747,1142,4156,7.3939771611929,7.9578606902357,6.93545995893224,7.12674431057563,7.34203064798599,7.40825120307989,90
"94",2018,5,7.2978125,32,7.31444444444444,7.29130434782609,7.38888888888889,7.07142857142857,7.3612,9,23,9,7,25,5330,2385,2945,756,1149,4181,7.39339981238274,7.95543270440252,6.93823904923599,7.12986507936508,7.3403820713664,7.40796986366898,91
"95",2018,6,7.28695652173913,23,7.95,6.93333333333333,6.66666666666667,6.86,7.40555555555556,8,15,3,5,18,5353,2393,2960,759,1154,4199,7.39294246217074,7.95541454241539,6.93821418918919,7.12803425559947,7.3383006932409,7.40795951417004,92
"96",2018,7,6.91428571428571,21,7.41111111111111,6.54166666666667,5.5,6.35714285714286,7.19285714285714,9,12,2,7,14,5374,2402,2972,761,1161,4213,7.39107201339784,7.95337510407994,6.9366130551817,7.1237555847569,7.33238501291989,7.40724471872775,93
"97",2018,8,7.32884615384615,26,7.79444444444444,7.08235294117647,7,7.75,7.25227272727273,9,17,5,4,22,5400,2411,2989,766,1165,4235,7.39077240740741,7.95278183326421,6.93744195383071,7.12294778067885,7.33381888412017,7.40643966942149,94
"98",2018,9,6.97916666666667,24,7.64444444444444,6.58,7.54,7.5,6.80555555555556,9,15,5,6,18,5424,2420,3004,771,1171,4253,7.38895114306785,7.95163512396695,6.93565712383489,7.12565239948119,7.33467036720751,7.40389654361627,95
"99",2018,10,7.02,25,7.75,6.78947368421053,7,6.9375,7.05882352941176,6,19,3,8,17,5449,2426,3023,774,1179,4270,7.38725839603597,7.95113643858204,6.93473833939795,7.125165374677,7.3319754028838,7.40252271662763,96
"100",2018,11,7.68583333333333,24,8.00833333333333,7.36333333333333,7.33333333333333,8.83333333333333,7.52190476190476,12,12,6,3,21,5473,2438,3035,780,1182,4291,7.38856769596199,7.95141796554554,6.93643294892916,7.12676666666666,7.33578595600677,7.40310696807271,97
"101",2018,12,7.72,20,7.93333333333333,7.4,7.6,6,7.81052631578947,12,8,2,1,19,5493,2450,3043,782,1183,4310,7.38977444019661,7.95132938775511,6.9376516595465,7.12797698209719,7.33465680473373,7.4049030162413,98
"102",2019,1,7.131875,32,7.745,6.51875,5.75,7.105,7.13571428571429,16,16,2,4,28,5525,2466,3059,784,1187,4338,7.3882807239819,7.94999067315491,6.93546060804184,7.12446173469388,7.33388289806234,7.40316551406178,99
"103",2019,2,7.1,15,7.8,6.75,7,6.5,7.19230769230769,5,10,1,2,13,5540,2471,3069,785,1189,4351,7.38750018050541,7.94968717118576,6.93485630498534,7.12430318471337,7.33248023549201,7.40253550907837,100
"104",2019,3,6.53333333333333,30,6.75,6.45454545454545,6.6,7.5,6.46428571428571,8,22,5,2,28,5570,2479,3091,790,1191,4379,7.38289964093357,7.94581565147238,6.93143772241993,7.12098481012658,7.33276154492023,7.39653619547842,101
"105",2019,4,7.11578947368421,19,7.48571428571429,6.9,6.5,6.98,7.16428571428571,7,12,2,5,14,5589,2486,3103,792,1196,4393,7.38199159062444,7.94452011263074,6.93131614566548,7.11941666666667,7.33128678929766,7.3957960391532,102
"106",2019,5,7.47916666666667,24,7.875,7.08333333333333,6.75,8.1,7.31578947368421,12,12,4,5,19,5613,2498,3115,796,1201,4412,7.38240709068234,7.94418614891914,6.93190176565008,7.11756030150754,7.33448709408826,7.39545149592022,103
"107",2019,6,7.25416666666667,24,7.5,7.07857142857143,7.0625,7.54166666666667,7.15833333333333,10,14,4,6,18,5637,2508,3129,800,1207,4430,7.38186109632783,7.94241507177034,6.93255800575264,7.117285,7.33551698425849,7.39448803611738,104
"108",2019,7,7.31590909090909,22,7.9125,6.6,8,8,7.28333333333333,12,10,1,1,21,5659,2520,3139,801,1208,4451,7.38160470047711,7.94227261904763,6.93149856642243,7.11838701622971,7.33606705298013,7.39396360368456,105
"109",2019,8,6.790625,32,7.31666666666667,6.475,6.5625,6.71538461538462,6.84210526315789,12,20,8,13,19,5691,2532,3159,809,1221,4470,7.37828167281673,7.93930766192734,6.9286084203862,7.11288998763906,7.32945864045864,7.39161789709172,106
"110",2019,9,6.39285714285714,14,6.75,6.25,NA,4,6.79166666666667,4,10,0,2,12,5705,2536,3169,809,1223,4482,7.3758634531113,7.93743178233439,6.92646702429789,7.11288998763906,7.3240139002453,7.39001160196341,107
"111",2019,10,7.23947368421053,19,8.35,6.59166666666667,6.25,6.625,7.40333333333333,7,12,4,4,15,5724,2543,3181,813,1227,4497,7.3754107267645,7.93856744003147,6.92520402389186,7.10864452644526,7.32173512632437,7.39005603735824,108
"112",2019,11,7.38333333333333,30,8.14166666666667,6.87777777777778,7.5,7.66666666666667,7.3125,12,18,3,6,24,5754,2555,3199,816,1233,4521,7.37545203336809,7.93952133072408,6.92493716786496,7.11008333333333,7.32341362530413,7.38964432647644,109
"113",2019,12,7.1,18,6.66666666666667,7.31666666666667,6.75,6.7,7.25384615384615,6,12,2,5,13,5772,2561,3211,818,1238,4534,7.37459303534304,7.93653924248341,6.92640112114606,7.10920293398533,7.3208957996769,7.38925496250551,110
"114",2020,1,7.17714285714286,35,7.48125,6.92105263157895,6,7.38,7.14333333333333,16,19,4,5,30,5807,2577,3230,822,1243,4564,7.37340296194248,7.93371245634459,6.92636965944272,7.10380535279805,7.32113354786806,7.38763847502191,111
"115",2020,2,7.165625,32,7.8,6.91739130434783,6.78571428571429,6.5,7.21,9,23,7,2,30,5839,2586,3253,829,1245,4594,7.37226425757835,7.93324709976799,6.92630617891177,7.10111942098914,7.31981445783132,7.38647845015237,112
"116",2020,3,7.65384615384615,13,8.1,7.375,NA,NA,7.65384615384615,5,8,0,0,13,5852,2591,3261,829,1245,4607,7.37288978127136,7.93356889231958,6.92740693038945,7.10111942098914,7.31981445783132,7.38723290644671,113
"117",2020,4,6.73947368421053,19,6.93636363636364,6.46875,6,6.3,6.89642857142857,11,8,2,5,14,5871,2602,3269,831,1250,4621,7.37083989098961,7.92935318985397,6.92628449066993,7.09846931407942,7.3157352,7.3857459424367,114
"118",2020,5,7.13888888888889,27,7.79166666666667,6.61666666666667,6.5625,7.05,7.15909090909091,12,15,4,5,22,5898,2614,3284,835,1255,4643,7.36977806035944,7.92872111706198,6.92487028014616,7.09590179640718,7.3146764940239,7.38467197932371,115
"119",2020,6,7.38947368421053,19,7.59,7.16666666666667,7.16666666666667,7.16666666666667,7.43125,10,9,3,3,16,5917,2624,3293,838,1258,4659,7.36984130471523,7.92743025914635,6.92553112663225,7.09615513126491,7.31432352941176,7.38483193818416,116
"120",2020,7,7.33333333333333,12,7.27777777777778,7.5,6.5,7.75,7.25,9,3,1,2,10,5929,2633,3296,839,1260,4669,7.36976741440378,7.92520964679074,6.92605400485437,7.09544457687723,7.31501507936508,7.38454315699293,117
"121",2020,8,6.44013333333333,15,7.16666666666667,5.95577777777778,7,4.25,6.77707692307692,6,9,4,2,13,5944,2639,3305,843,1262,4682,7.3674214333782,7.92348503220918,6.92341180030257,7.09499169632266,7.31015768621236,7.38285647159334,118
"122",2020,9,6.94,25,8.2375,6.32941176470588,5.88,6.33333333333333,7.02272727272727,8,17,5,3,22,5969,2647,3322,848,1265,4704,7.36563126151784,7.92443407631282,6.92037206502107,7.08782783018868,7.30784110671936,7.38117219387755,119
"123",2020,10,7.32307692307692,26,7.8125,7.10555555555556,7.83333333333333,5,7.416,8,18,3,1,25,5995,2655,3340,851,1266,4729,7.36544670558799,7.92409679849342,6.92137005988024,7.09045593419506,7.30601816745655,7.38135631211673,120
"124",2020,11,6.988,25,7.42307692307692,6.51666666666667,7.33333333333333,7,6.98695652173913,13,12,3,2,23,6020,2668,3352,854,1268,4752,7.3638792358804,7.9216555472264,6.91992124105012,7.09130913348946,7.30553548895899,7.37944739057239,121
"125",2020,12,7.45652173913043,23,7.73076923076923,7.1,6.66666666666667,8,7.375,13,10,3,3,20,6043,2681,3362,857,1271,4772,7.36423183849082,7.92072995151064,6.92045687091017,7.08982263710618,7.30717466561762,7.37942875104778,122
"126",2021,1,6.66818181818182,22,7.51666666666667,6.35,4.975,4.3,7.19444444444444,6,16,4,4,18,6065,2687,3378,861,1275,4790,7.36170700741962,7.91982768887236,6.91775488454707,7.07999767711963,7.29774039215686,7.37873361169102,123
"127",2021,2,6.90526315789474,19,7.3125,6.60909090909091,6.2,6.4,7,8,11,5,3,16,6084,2695,3389,866,1278,4806,7.3602815581854,7.91802486085344,6.916753024491,7.0749168591224,7.29563302034429,7.37747274240533,124
"128",2021,3,7.13333333333333,15,7.5,6.71428571428571,7.33333333333333,NA,7.13333333333333,8,7,3,0,15,6099,2703,3396,869,1278,4821,7.35972339727824,7.91678764335924,6.91633568904593,7.07580897583429,7.29563302034429,7.37671313005601,125
"129",2021,4,6.75,16,8.07142857142857,5.72222222222222,5,7.33333333333333,6.61538461538461,7,9,1,3,13,6115,2710,3405,870,1281,4834,7.35812804578904,7.91718708487086,6.91317944199706,7.07342298850574,7.29572131147541,7.37466570128258,126
"130",2021,5,6.79429411764706,17,7.16666666666667,6.59118181818182,6.3515,6.1006,7.08333333333333,6,11,2,5,12,6132,2716,3416,872,1286,4846,7.35656490541422,7.9155290868925,6.91214256440281,7.07176720183486,7.29107465007776,7.37394428394552,127
"131",2021,6,6.825,8,7.5,6.6,7.5,8,6.65714285714286,2,6,2,1,7,6140,2718,3422,874,1287,4853,7.35587231270358,7.91522332597499,6.91159526592636,7.0727471395881,7.29162548562548,7.37291036472285,128
"132",2021,7,7.26363636363636,11,7.91428571428571,6.125,6,NA,7.26363636363636,7,4,1,0,11,6151,2725,3426,875,1287,4864,7.35570736465615,7.9152209174312,6.91067688266199,7.07152114285714,7.29162548562548,7.37266324013158,129
"133",2021,8,7.10625,16,7.42857142857143,6.85555555555556,NA,7,7.11333333333333,7,9,0,1,15,6167,2732,3435,875,1288,4879,7.35506015891033,7.91397401171304,6.91053245997089,7.07152114285714,7.29139906832298,7.37186595613855,130
"134",2021,9,7.25,18,8.1,6.825,6.25,7.86666666666667,7.12666666666667,6,12,2,3,15,6185,2738,3447,877,1291,4894,7.35475440582053,7.91438166544924,6.91023469683783,7.06964766248575,7.29273586367157,7.37111442582755,131
"135",2021,10,6.7295,20,7.31666666666667,6.47785714285714,6.25,6.475,6.793125,6,14,2,4,16,6205,2744,3461,879,1295,4910,7.35273908138598,7.91307470845482,6.90848569777521,7.0677827076223,7.29021003861004,7.36923095723014,132
"136",2021,11,6.97368421052632,19,7.83333333333333,6.57692307692308,7,8.5,6.88888888888889,6,13,4,1,18,6224,2750,3474,883,1296,4928,7.35158194087403,7.91290072727274,6.90724496257916,7.06747565118913,7.29114351851852,7.36747646103896,133
"137",2021,12,6.68076923076923,26,7.45,6.2,6.425,NA,6.68076923076923,10,16,4,0,26,6250,2760,3490,887,1296,4954,7.34879136,7.91122355072465,6.90400257879656,7.06457835400225,7.29114351851852,7.36387242632216,134
"138",2022,1,7.0625,32,7.5,6.83333333333333,6.33333333333333,6.875,7.08928571428571,11,21,3,4,28,6282,2771,3511,890,1300,4982,7.34733301496338,7.90959112233852,6.90357989176873,7.06211348314607,7.28986307692308,7.36232918506624,135
"139",2022,2,7.16666666666667,27,7.30769230769231,7.03571428571429,7,7,7.17307692307692,13,14,2,1,26,6309,2784,3525,892,1301,5008,7.34655983515612,7.9067805316092,6.90410468085106,7.06197421524663,7.28964027671022,7.36134664536741,136
"140",2022,3,7.69285714285714,14,7.78571428571429,7.6,8.06666666666667,8.25,7.6,7,7,3,2,12,6323,2791,3532,895,1303,5020,7.34732658548157,7.90647689000359,6.90548386183465,7.06534189944134,7.29111435149655,7.3619171314741,137
"141",2022,4,7.20666666666667,15,7.625,7.05454545454545,8,7.6,7.14615384615385,4,11,2,2,13,6338,2795,3543,897,1305,5033,7.34699368886084,7.90607406082291,6.9059466553768,7.06742586399108,7.2915877394636,7.36135982515398,138
"142",2022,5,6.92380952380952,21,7.54,6.36363636363636,6.5,7,6.9,10,11,5,5,16,6359,2805,3554,902,1310,5049,7.34559616291869,7.90476898395723,6.904268148565,7.06428048780488,7.2904748091603,7.35989780154486,139
"143",2022,6,6.98181818181818,11,7.5,6.86666666666667,6.5,7.5,6.86666666666667,2,9,2,2,9,6370,2807,3563,904,1312,5058,7.34496797488226,7.90448058425366,6.90417316867808,7.06303207964602,7.29079420731707,7.35902016607355,140
"144",2022,7,7.225,12,7.33333333333333,7.18888888888889,7,7,7.24545454545455,3,9,4,1,11,6382,2810,3572,908,1313,5069,7.34474240050141,7.90387081850535,6.904890537514,7.06275440528634,7.2905727341965,7.35877372262774,141
"145",2022,8,6.825,12,7.5,6.6,6,7,6.80909090909091,3,9,1,1,11,6394,2813,3581,909,1314,5080,7.34376696903347,7.90344009953787,6.90412426696453,7.06158525852585,7.29035159817352,7.35758346456693,142
"146",2022,9,6.905,20,7.37142857142857,6.65384615384615,5,7,6.9,7,13,1,1,19,6414,2820,3594,910,1315,5099,7.34239881509198,7.90211950354611,6.90321897607123,7.05931978021978,7.29013079847909,7.35587840753089,143
"147",2022,10,7.605,20,7.93076923076923,7,6.5,8.025,7.5,13,7,2,4,16,6434,2833,3601,912,1319,5115,7.34321510724277,7.90225097070244,6.90340710913635,7.05809320175438,7.2923593631539,7.35632922776149,144
"148",2022,11,6.725,16,7.43333333333333,6.3,7,7.3,6.64285714285714,6,10,2,2,14,6450,2839,3611,914,1321,5129,7.34168155038759,7.90125995068687,6.9017360841872,7.05796608315098,7.29237093111279,7.35438175082862,145
"149",2022,12,6.9144,25,7.586,6.46666666666667,5.875,5.47,7.11136363636364,10,15,4,3,22,6475,2849,3626,918,1324,5151,7.34003181467181,7.9001533871534,6.89993629343629,7.05281154684096,7.2882416918429,7.35334381673461,146
