"","year","month","avg_rating","no_ratings","avg_rating_owned","avg_rating_not_owned","avg_rating_prev_owned","avg_rating_comment","avg_rating_no_comment","no_ratings_owned","no_ratings_not_owned","no_ratings_prev_owned","no_ratings_comment","no_ratings_no_comment","cum_no_ratings","cum_no_ratings_owned","cum_no_ratings_not_owned","cum_no_ratings_prev_owned","cum_no_ratings_comment","cum_no_ratings_no_comment","cum_avg_rating","cum_avg_rating_owned","cum_avg_rating_not_owned","cum_avg_rating_prev_owned","cum_avg_rating_comment","cum_avg_rating_no_comment","month_after_release"
"1",2010,4,6.82692307692308,13,6.66666666666667,6.875,7,6.8,6.84375,3,10,2,5,8,13,3,10,2,5,8,6.82692307692308,6.66666666666667,6.875,7,6.8,6.84375,0
"2",2010,5,7.33571428571429,28,7.70714285714286,6.96428571428571,7.33333333333333,7.0625,7.445,14,14,3,8,20,41,17,24,5,13,28,7.17439024390244,7.52352941176471,6.92708333333333,7.2,6.96153846153846,7.27321428571429,1
"3",2010,6,7.4578431372549,51,7.765,7.01904761904762,7,7.6375,7.4025641025641,30,21,2,12,39,92,47,45,7,25,67,7.33152173913043,7.67765957446809,6.97,7.14285714285714,7.286,7.34850746268657,2
"4",2010,7,7.42708333333333,48,7.72916666666667,7.125,7.83333333333333,7.82142857142857,7.26470588235294,24,24,6,14,34,140,71,69,13,39,101,7.36428571428571,7.69507042253521,7.02391304347826,7.46153846153846,7.47820512820513,7.32029702970297,3
"5",2010,8,7.11842105263158,38,7.60714285714286,6.83333333333333,7,7.11764705882353,7.11904761904762,14,24,2,17,21,178,85,93,15,56,122,7.31179775280899,7.68058823529412,6.9747311827957,7.4,7.36875,7.28565573770492,4
"6",2010,9,7.35135135135135,37,7.83333333333333,6.46153846153846,8,6.96153846153846,7.5625,24,13,1,13,24,215,109,106,16,69,146,7.31860465116279,7.71422018348624,6.91179245283019,7.4375,7.29202898550725,7.33116438356164,5
"7",2010,10,7.45571428571429,35,7.60714285714286,7.22857142857143,7.85,7.1,7.66590909090909,21,14,2,13,22,250,130,120,18,82,168,7.3378,7.69692307692308,6.94875,7.48333333333333,7.26158536585366,7.375,6
"8",2010,11,7.28918918918919,74,7.84722222222222,6.76052631578947,6.75,7.16666666666667,7.3377358490566,36,38,8,21,53,324,166,158,26,103,221,7.3266975308642,7.72951807228916,6.90348101265823,7.25769230769231,7.24223300970874,7.36606334841629,7
"9",2010,12,7.49883720930233,86,7.80816326530612,7.08918918918919,7.7,7.608,7.45409836065574,49,37,10,25,61,410,215,195,36,128,282,7.36280487804878,7.74744186046512,6.93871794871795,7.38055555555556,7.313671875,7.38510638297872,8
"10",2011,1,7.31462585034014,147,7.78650793650794,6.96071428571429,7.58055555555556,7.18829787234043,7.374,63,84,18,47,100,557,278,279,54,175,382,7.35008976660682,7.75629496402878,6.94534050179211,7.44722222222222,7.28,7.38219895287958,9
"11",2011,2,7.21940298507463,134,8.01836734693878,6.75882352941176,6.83947368421053,7.2175,7.22021276595745,49,85,19,40,94,691,327,364,73,215,476,7.32474674384949,7.79556574923547,6.90178571428571,7.28904109589041,7.26837209302326,7.35021008403361,10
"12",2011,3,7.134375,112,7.79186046511628,6.72463768115942,7.17857142857143,6.94444444444444,7.22434210526316,43,69,14,36,76,803,370,433,87,251,552,7.29819427148194,7.79513513513514,6.87355658198614,7.27126436781609,7.22191235059761,7.33288043478261,11
"13",2011,4,7.26084337349398,83,7.75344827586207,6.9962962962963,7.09090909090909,7.125,7.27533333333333,29,54,11,8,75,886,399,487,98,259,627,7.29469525959368,7.79210526315789,6.88716632443532,7.25102040816326,7.21891891891892,7.32599681020734,12
"14",2011,5,7.40057471264368,87,7.87727272727273,7.10925925925926,7.25,7.14473684210526,7.47205882352941,33,54,10,19,68,973,432,541,108,278,695,7.30416238437821,7.79861111111111,6.90933456561922,7.25092592592592,7.21384892086331,7.34028776978417,13
"15",2011,6,7.31585365853658,82,7.64473684210526,7.03181818181818,7.25,7.34347826086957,7.30508474576271,38,44,10,23,59,1055,470,585,118,301,754,7.30507109004739,7.78617021276596,6.91854700854701,7.25084745762712,7.22375415282392,7.33753315649867,14
"16",2011,7,7.15121951219512,82,7.86447368421053,6.53522727272727,7.22222222222222,6.85925925925926,7.29454545454545,38,44,9,27,55,1137,508,629,127,328,809,7.29397537379068,7.79202755905512,6.89173290937997,7.24881889763779,7.19375,7.33461063040791,15
"17",2011,8,7.42196261682243,107,7.79891304347826,7.13770491803279,7.4,7.28275862068966,7.47371794871795,46,61,16,29,78,1244,554,690,143,357,887,7.30498392282958,7.79259927797834,6.91347826086957,7.26573426573427,7.20098039215686,7.34684329199549,16
"18",2011,9,7.35961538461538,78,7.62941176470588,7.15113636363636,7.6,7.2,7.40409836065574,34,44,10,17,61,1322,588,734,153,374,948,7.30820726172466,7.78316326530612,6.92772479564033,7.28758169934641,7.200935828877,7.35052742616034,17
"19",2011,10,7.29280303030303,132,7.64140625,6.96470588235294,7.3,6.96833333333333,7.38823529411765,64,68,16,30,102,1454,652,802,169,404,1050,7.30680880330124,7.76924846625767,6.93086034912718,7.2887573964497,7.18366336633663,7.35419047619048,18
"20",2011,11,7.26821705426357,129,7.81,6.62542372881356,7.0125,7.33333333333333,7.25098039215686,70,59,16,27,102,1583,722,861,185,431,1152,7.30366392924826,7.77319944598338,6.90993031358885,7.26486486486487,7.19303944315545,7.34505208333333,19
"21",2011,12,7.4005376344086,93,7.82777777777778,7,7.5,7.33636363636364,7.42042253521127,45,48,11,22,71,1676,767,909,196,453,1223,7.30903937947494,7.77640156453716,6.91468646864686,7.2780612244898,7.2,7.3494276369583,20
"22",2012,1,7.31775362318841,138,7.70714285714286,6.99066666666667,7.20869565217391,7.16875,7.3627358490566,63,75,23,32,106,1814,830,984,219,485,1329,7.30970231532525,7.77114457831325,6.92047764227642,7.27077625570776,7.1979381443299,7.35048908954101,21
"23",2012,2,7.29268292682927,82,7.81111111111111,6.88695652173913,7,7.25,7.3030303030303,36,46,9,16,66,1896,866,1030,228,501,1395,7.30896624472574,7.77280600461894,6.91898058252427,7.26008771929825,7.19960079840319,7.34824372759857,22
"24",2012,3,7.36279069767442,86,7.75,7.084,7.16666666666667,7.20869565217391,7.41904761904762,36,50,12,23,63,1982,902,1080,240,524,1458,7.31130171543895,7.77189578713969,6.92662037037037,7.25541666666667,7.2,7.35130315500686,23
"25",2012,4,7.28484848484849,66,7.68857142857143,6.82903225806452,7,7.88,7.17857142857143,35,31,11,10,56,2048,937,1111,251,534,1514,7.31044921875,7.7687833511206,6.92389738973897,7.24422310756972,7.212734082397,7.3449141347424,24
"26",2012,5,7.63680555555556,72,8.04625,7.125,7.4375,7.3125,7.67734375,40,32,8,8,64,2120,977,1143,259,542,1578,7.32153301886792,7.78014329580348,6.92952755905512,7.25019305019305,7.21420664206642,7.35839670468948,25
"27",2012,6,7.143,60,7.646875,6.56714285714286,7.5,7.02714285714286,7.17826086956522,32,28,4,14,46,2180,1009,1171,263,556,1624,7.31661926605505,7.77591674925669,6.92086251067464,7.25399239543726,7.2094964028777,7.35329433497537,26
"28",2012,7,7.43723684210526,76,7.82941176470588,7.1197619047619,7.58125,7.58888888888889,7.3901724137931,34,42,16,18,58,2256,1043,1213,279,574,1682,7.32068262411347,7.77766059443912,6.92774938169827,7.27275985663082,7.221393728223,7.35456599286564,27
"29",2012,8,7.13383333333333,60,7.80714285714286,6.5446875,5.8,6.69363636363636,7.23265306122449,28,32,10,11,49,2316,1071,1245,289,585,1731,7.31584196891192,7.77843137254902,6.91790361445783,7.22179930795848,7.21147008547009,7.35111496244945,28
"30",2012,9,7.6008064516129,62,7.94705882352941,7.18035714285714,6.5,7.93125,7.55185185185185,34,28,2,8,54,2378,1105,1273,291,593,1785,7.3232716568545,7.78361990950226,6.92367635506677,7.21683848797251,7.22118043844857,7.35718767507003,29
"31",2012,10,7.20882352941176,68,7.63125,6.83333333333333,7.22727272727273,7.305,7.16875,32,36,11,20,48,2446,1137,1309,302,613,1833,7.32008994276369,7.77933157431838,6.92119174942704,7.21721854304636,7.22391517128875,7.35225313693399,30
"32",2012,11,7.34068181818182,88,7.81046511627907,6.89177777777778,6.9625,7.36,7.33671232876712,43,45,16,15,73,2534,1180,1354,318,628,1906,7.32080505130229,7.78046610169492,6.92021418020679,7.20440251572327,7.22716560509554,7.35165792235047,31
"33",2012,12,7.1883,100,7.4911320754717,6.8468085106383,6.525,7.14117647058824,7.19795180722892,53,47,16,17,83,2634,1233,1401,334,645,1989,7.31577448747153,7.76802919708029,6.91775160599572,7.17185628742515,7.2248992248062,7.34524384112619,32
"34",2013,1,7.13035714285714,84,7.69264705882353,6.748,6.75,6.83333333333333,7.17986111111111,34,50,16,12,72,2718,1267,1451,350,657,2061,7.31004415011038,7.76600631412786,6.91190213645761,7.15257142857143,7.21774733637747,7.33946627850558,33
"35",2013,2,7.36103896103896,77,7.62857142857143,7.20816326530612,7.38421052631579,7.45789473684211,7.32931034482759,28,49,19,19,58,2795,1295,1500,369,676,2119,7.31144901610018,7.76303474903475,6.92158,7.16449864498645,7.22449704142012,7.33918829636621,34
"36",2013,3,7.20510869565217,92,7.68695652173913,6.72326086956522,6.86785714285714,7.26111111111111,7.19148648648649,46,46,14,18,74,2887,1341,1546,383,694,2193,7.30806027017665,7.76042505592841,6.91567917205692,7.15365535248042,7.22544668587896,7.33420428636571,35
"37",2013,4,7.4025974025974,77,7.92777777777778,6.94146341463415,6.84444444444444,7.78,7.31129032258065,36,41,9,15,62,2964,1377,1587,392,709,2255,7.31051619433198,7.76480029048657,6.91634530560807,7.14655612244898,7.23717912552891,7.33357427937916,36
"38",2013,5,7.16,45,7.635,6.78,6.9375,6.97777777777778,7.20555555555556,20,25,8,9,36,3009,1397,1612,400,718,2291,7.30826520438684,7.76294201861131,6.91423076923077,7.142375,7.23392757660167,7.33156263640332,37
"39",2013,6,7.5525,60,7.69264705882353,7.36923076923077,7.5,7.54545454545455,7.55408163265306,34,26,9,11,49,3069,1431,1638,409,729,2340,7.31304007820137,7.76127183787561,6.92145299145299,7.15024449877751,7.23862825788752,7.33622222222222,38
"40",2013,7,7.41508955223881,67,7.6968064516129,7.1725,6.8,7.2945,7.45938775510204,31,36,10,18,49,3136,1462,1674,419,747,2389,7.31522034438776,7.7599049247606,6.92685185185185,7.14188544152745,7.23997456492637,7.33874843030557,39
"41",2013,8,7.43208955223881,67,7.76176470588235,7.09242424242424,7.46111111111111,7.7375,7.33627450980392,34,33,18,16,51,3203,1496,1707,437,763,2440,7.31766500156104,7.75994719251337,6.93005272407733,7.15503432494279,7.25040760157274,7.33869672131148,40
"42",2013,9,7.17844827586207,58,7.70535714285714,6.68666666666667,6.89166666666667,7.30294117647059,7.12682926829268,28,30,12,17,41,3261,1524,1737,449,780,2481,7.3151888991107,7.75894422572179,6.9258491652274,7.14799554565702,7.25155256410256,7.33519548569126,41
"43",2013,10,7.36807228915663,83,7.75294117647059,7.10102040816327,6.75384615384615,7.55333333333333,7.32720588235294,34,49,13,15,68,3344,1558,1786,462,795,2549,7.31650149521531,7.75881322207959,6.93065509518477,7.13690476190476,7.2572465408805,7.33498234601805,42
"44",2013,11,7.01758241758242,91,7.6219512195122,6.522,6.86363636363636,6.97058823529412,7.02837837837838,41,50,11,17,74,3435,1599,1836,473,812,2623,7.30858253275109,7.75530393996248,6.91952614379085,7.13054968287527,7.25124507389163,7.32633244376668,43
"45",2013,12,7.28835616438356,73,7.6,7.00131578947368,7.84166666666667,7.46470588235294,7.23482142857143,35,38,6,17,56,3508,1634,1874,479,829,2679,7.30816163055872,7.75197735618115,6.92118463180363,7.13945720250522,7.25562243667069,7.32441955953714,44
"46",2014,1,7.36264367816092,87,7.9,6.94591836734694,7.03333333333333,7.06190476190476,7.45833333333333,38,49,15,21,66,3595,1672,1923,494,850,2745,7.30948011126565,7.75534150717704,6.9218148725949,7.13623481781377,7.25083647058824,7.3276393442623,45
"47",2014,2,7.3536231884058,69,7.734375,7.02432432432432,7.39090909090909,7.6,7.29642857142857,32,37,11,13,56,3664,1704,1960,505,863,2801,7.31031140829694,7.75494776995305,6.92375,7.14178217821782,7.25609617612978,7.32701535166012,46
"48",2014,3,7.3,59,7.65757575757576,6.84615384615385,6.84444444444444,7.16923076923077,7.33695652173913,33,26,9,13,46,3723,1737,1986,514,876,2847,7.3101479989256,7.75309786989062,6.92273413897281,7.13657587548638,7.25480707762557,7.32717597471022,47
"49",2014,4,7.41944444444444,54,7.8375,7.085,7.29583333333333,8.125,7.29673913043478,24,30,12,8,46,3777,1761,2016,526,884,2893,7.31171061689171,7.7542481544577,6.92514880952381,7.14020912547529,7.26268212669683,7.32669201520913,48
"50",2014,5,7.31931818181818,44,7.54444444444444,7.16346153846154,6.99285714285714,7.625,7.28875,18,26,7,4,40,3821,1779,2042,533,888,2933,7.31179822036116,7.75212535132097,6.92818315377081,7.13827392120075,7.26431418918919,7.32617456529151,49
"51",2014,6,7.25454545454545,44,8.02,6.61666666666667,7.35,7.775,7.13888888888889,20,24,5,8,36,3865,1799,2066,538,896,2969,7.31114644243208,7.75510339077265,6.92456437560503,7.14024163568773,7.26887388392857,7.32390367126979,50
"52",2014,7,7.42542372881356,59,8.02333333333333,6.80689655172414,7.17142857142857,7.77777777777778,7.362,30,29,7,9,50,3924,1829,2095,545,905,3019,7.31286467889908,7.75950300710771,6.92293556085919,7.14064220183486,7.27393480662983,7.32453461411063,51
"53",2014,8,7.55655737704918,61,7.88636363636364,7.16785714285714,7.49545454545455,7.9,7.48921568627451,33,28,11,10,51,3985,1862,2123,556,915,3070,7.31659498117942,7.76175134264232,6.92616580310881,7.1476618705036,7.28077704918033,7.32727035830619,52
"54",2014,9,7.43153846153846,65,7.95161290322581,6.95735294117647,7.25,7.78571428571429,7.38879310344828,31,34,10,7,58,4050,1893,2157,566,922,3128,7.31843975308642,7.76486053882726,6.92665739452944,7.14946996466431,7.28461062906725,7.32841112531969,53
"55",2014,10,7.51780821917808,73,7.9741935483871,7.18095238095238,7.75,7.86315789473684,7.3962962962963,31,42,12,19,54,4123,1924,2199,578,941,3182,7.32196968227019,7.76823336798337,6.93151432469304,7.16193771626298,7.29629224229543,7.32956316781898,54
"56",2014,11,7.58117647058824,85,7.94090909090909,7.19512195121951,7.77142857142857,8.17857142857143,7.46338028169014,44,41,7,14,71,4208,1968,2240,585,955,3253,7.3272055608365,7.77209400406504,6.93633928571428,7.16923076923077,7.30922617801047,7.33248386105134,55
"57",2014,12,7.47033898305085,59,7.64107142857143,7.31612903225806,7.28666666666667,6.96666666666667,7.52735849056604,28,31,15,6,53,4267,1996,2271,600,961,3306,7.32918467307242,7.77025601202405,6.94152355790401,7.17216666666667,7.30708740894901,7.33560798548095,56
"58",2015,1,7.30642857142857,70,7.75735294117647,6.88055555555556,7.26923076923077,7.665625,7.2,34,36,13,16,54,4337,2030,2307,613,977,3360,7.32881738528937,7.77003990147784,6.94057217165149,7.1742251223491,7.31295905834186,7.33342857142857,57
"59",2015,2,7.1363203125,64,7.95518518518519,6.53877027027027,6.71357142857143,7.58461538461538,7.02204901960784,27,37,14,13,51,4401,2057,2344,627,990,3411,7.32601806407635,7.77247010209043,6.93422973549488,7.16393939393939,7.31652626262626,7.32877294048666,58
"60",2015,3,7.29107142857143,56,7.68275862068965,6.87037037037037,7.5,7.27777777777778,7.2936170212766,29,27,4,9,47,4457,2086,2371,631,999,3458,7.32557897689028,7.77122291466923,6.93350253057781,7.16606973058637,7.31617717717718,7.32829511278196,59
"61",2015,4,7.29736842105263,38,7.865,6.66666666666667,6.61428571428571,6.87142857142857,7.39354838709677,20,18,7,7,31,4495,2106,2389,638,1006,3489,7.3253404894327,7.77211348528015,6.93149204688154,7.16001567398119,7.31308250497018,7.32887489251935,60
"62",2015,5,7.26818181818182,55,7.98269230769231,6.62758620689655,5.74,7.36111111111111,7.25,26,29,5,9,46,4550,2132,2418,643,1015,3535,7.32464956043956,7.77468151969982,6.92784718775848,7.14897356143079,7.31350837438424,7.32784851485149,61
"63",2015,6,7.23434426229508,61,7.85294117647059,6.99534090909091,6.8745,6.84961538461538,7.33854166666667,17,44,10,13,48,4611,2149,2462,653,1028,3583,7.32345489047929,7.77530060493253,6.92905341186027,7.14477029096478,7.3076420233463,7.32799176667597,62
"64",2015,7,7.50350877192982,57,7.95,7.2974358974359,7.81538461538462,7.77,7.4468085106383,18,39,13,10,47,4668,2167,2501,666,1038,3630,7.32565349185947,7.776751730503,6.93479788084766,7.15786036036036,7.31209633911368,7.32953016528926,63
"65",2015,8,7.32869565217391,69,7.86,6.84166666666667,7.5,6.75,7.476,33,36,6,14,55,4737,2200,2537,672,1052,3685,7.32569780451763,7.77800045454546,6.93347635001971,7.16091517857143,7.30461596958175,7.33171628222524,64
"66",2015,9,7.51779661016949,59,7.81296296296296,7.26875,7.15,7.15714285714286,7.63,27,32,10,14,45,4796,2227,2569,682,1066,3730,7.3280609883236,7.778424337674,6.93765258855586,7.16075513196481,7.30267917448405,7.33531487935657,65
"67",2015,10,7.44025974025974,77,7.5775,7.29189189189189,7.16666666666667,7.42222222222222,7.44576271186441,40,37,15,18,59,4873,2267,2606,697,1084,3789,7.32983388056639,7.77487913542126,6.94268207981581,7.16088235294118,7.30466420664207,7.33703470572711,66
"68",2015,11,7.55972222222222,72,8.01153846153846,7.30434782608696,7.28666666666667,8.05882352941176,7.40545454545455,26,46,15,17,55,4945,2293,2652,712,1101,3844,7.33318109201213,7.77756258177061,6.94895531674208,7.16353230337079,7.31630881017257,7.33801365764828,67
"69",2015,12,7.30602409638554,83,7.75625,6.88720930232558,6.69545454545455,7.13055555555556,7.35461538461538,40,43,11,18,65,5028,2333,2695,723,1119,3909,7.33273279634049,7.77719717102443,6.94797012987013,7.15641078838174,7.31332082216265,7.33828971603991,68
"70",2016,1,7.36745283018868,106,7.87446808510638,6.9635593220339,6.81578947368421,7.60666666666667,7.32802197802198,47,59,19,15,91,5134,2380,2754,742,1134,4000,7.33344964939618,7.77911806722689,6.94830410312273,7.14768867924528,7.31720105820106,7.338056125,69
"71",2016,2,7.46730769230769,78,8.09189189189189,6.90365853658537,7.34375,7.82307692307692,7.39615384615385,37,41,16,13,65,5212,2417,2795,758,1147,4065,7.3354528971604,7.78390608191974,6.94764919499105,7.151827176781,7.32293461203139,7.33898511685117,70
"72",2016,3,7.21637931034483,58,7.63863636363636,6.95833333333333,7.27142857142857,6.87142857142857,7.26372549019608,22,36,7,7,51,5270,2439,2831,765,1154,4116,7.33414240986717,7.78259573595736,6.94778505828329,7.15292156862745,7.32019584055459,7.33805259961127,71
"73",2016,4,7.52538827160494,81,7.83977272727273,7.15152567567568,7.25,7.83333333333333,7.48689513888889,44,37,11,9,72,5351,2483,2868,776,1163,4188,7.33703736684732,7.78360894079742,6.9504135111576,7.15429768041237,7.32416680997421,7.34061149713467,72
"74",2016,5,7.37551612903226,62,7.74328,7.12702702702703,6.93846153846154,7.42727272727273,7.36435294117647,25,37,13,11,51,5413,2508,2905,789,1174,4239,7.33747809902087,7.78320693779904,6.95266297762478,7.15074144486692,7.325132879046,7.34089713375796,73
"75",2016,6,7.65621212121212,66,7.97935483870968,7.37,7.81,7.6,7.66508771929825,31,35,10,9,57,5479,2539,2940,799,1183,4296,7.34131756707428,7.78560181173691,6.9576312755102,7.15899249061327,7.32722400676247,7.34519854515829,74
"76",2016,7,7.33529411764706,68,7.78333333333333,6.98157894736842,7.5625,7.25,7.36153846153846,30,38,8,16,52,5547,2569,2978,807,1199,4348,7.34124372633856,7.78557532113663,6.95793685359301,7.16299256505576,7.32619349457882,7.34539396274149,75
"77",2016,8,7.19552631578947,76,7.6858064516129,6.85777777777778,7.49642857142857,7.031875,7.23916666666667,31,45,14,16,60,5623,2600,3023,821,1215,4408,7.33927422194558,7.78438576923077,6.95644589811445,7.1686784409257,7.32231769547325,7.3439480376588,76
"78",2016,9,7.34338235294118,68,7.59821428571429,7.165,7.17666666666667,6.9,7.41101694915254,28,40,15,9,59,5691,2628,3063,836,1224,4467,7.33932330873309,7.78240220700152,6.95916942539993,7.16882177033493,7.31921241830066,7.34483388179986,77
"79",2016,10,7.09457831325301,83,7.28918918918919,6.93804347826087,6.9375,6.925,7.13507462686567,37,46,16,16,67,5774,2665,3109,852,1240,4534,7.33580515240734,7.77555459662289,6.95885685107751,7.16447769953052,7.31412580645161,7.34173421923247,78
"80",2016,11,7.31549382716049,81,7.725,7.0480612244898,7.29678571428571,7.55,7.28618055555556,32,49,14,9,72,5855,2697,3158,866,1249,4606,7.3355241588386,7.77495476455321,6.96024095946801,7.16661662817552,7.3158254603683,7.34086581632653,79
"81",2016,12,7.26048387096774,62,7.57142857142857,7.10121951219512,7.28461538461538,6.55555555555556,7.38018867924528,21,41,13,9,53,5917,2718,3199,879,1258,4659,7.33473786547237,7.77338226637233,6.96204781181619,7.16836177474403,7.31038632750398,7.34131314659798,80
"82",2017,1,7.47716049382716,81,8.09142857142857,7.00978260869565,6.74705882352941,6.47727272727273,7.63428571428571,35,46,17,11,70,5998,2753,3245,896,1269,4729,7.33666121207069,7.7774257173992,6.96272448382126,7.16036830357143,7.30316469661151,7.34564980968492,81
"83",2017,2,7.37384615384615,65,7.68529411764706,7.03225806451613,7.47142857142857,7.55555555555556,7.34464285714286,34,31,7,9,56,6063,2787,3276,903,1278,4785,7.33705986310407,7.7763017581629,6.96338246336996,7.1627796234773,7.30494209702661,7.34563802507837,82
"84",2017,3,7.35,62,7.63783783783784,6.924,6.5,7.50714285714286,7.30416666666667,37,25,7,14,48,6125,2824,3301,910,1292,4833,7.33719084897959,7.7744876062323,6.96308420175704,7.15768131868132,7.30713312693499,7.34522614318229,83
"85",2017,4,7.13645833333333,48,7.71666666666667,6.87272727272727,7.1,7.16666666666667,7.13214285714286,15,33,13,6,42,6173,2839,3334,923,1298,4875,7.33562999352017,7.77418210637549,6.96218984703059,7.15686890574214,7.30648382126348,7.34339034871795,84
"86",2017,5,7.23836734693878,49,7.80555555555556,6.90903225806452,7.09090909090909,7.75,7.13853658536585,18,31,11,8,41,6222,2857,3365,934,1306,4916,7.33486402282224,7.77437976898845,6.96170013372957,7.15609207708779,7.30920061255743,7.34168184499593,85
"87",2017,6,7.23653846153846,52,7.97222222222222,6.84705882352941,6.83333333333333,7.19166666666667,7.25,18,34,6,12,40,6274,2875,3399,940,1318,4956,7.33404908351929,7.77561843478261,6.96055338334804,7.15403191489362,7.30813050075873,7.34094187853108,86
"88",2017,7,7.17115384615385,52,7.61764705882353,6.95428571428571,7.27777777777778,8.1,7.07234042553192,17,35,9,5,47,6326,2892,3434,949,1323,5003,7.33271007745811,7.7746898340249,6.96048950203844,7.15520547945205,7.31112320483749,7.33841853887668,87
"89",2017,8,7.2635593220339,59,7.79259259259259,6.8171875,6.86363636363636,7.29166666666667,7.26037735849057,27,32,11,6,53,6385,2919,3466,960,1329,5056,7.3320710963195,7.77485542994176,6.95916645989613,7.15186458333333,7.31103536493604,7.33760046479431,88
"90",2017,9,7.18333333333333,63,7.73148148148148,6.77222222222222,6.83846153846154,6.425,7.32641509433962,27,36,13,10,53,6448,2946,3502,973,1339,5109,7.33061785825062,7.77445790902919,6.95724470302684,7.14767728674203,7.30441822255415,7.33748442943825,89
"91",2017,10,7.21296875,64,7.708,6.77617647058824,7.27142857142857,6.3125,7.34160714285714,30,34,7,8,56,6512,2976,3536,980,1347,5165,7.32946160165848,7.77378797043011,6.95550366233031,7.14856122448979,7.29852709725316,7.33752912875121,90
"92",2017,11,7.12452380952381,63,8.21842105263158,6.65215909090909,6.55411764705882,8,6.95933962264151,19,44,17,10,53,6575,2995,3580,997,1357,5218,7.3274979391635,7.77660868113523,6.95177540502793,7.13842527582748,7.30369638909359,7.33368780183979,91
"93",2017,12,7.2775,52,7.99789473684211,6.86272727272727,6.78888888888889,7.07142857142857,7.30955555555556,19,33,9,7,45,6627,3014,3613,1006,1364,5263,7.32710562094462,7.77800364963504,6.9509620675339,7.13529821073559,7.30250439882698,7.33348146494395,92
"94",2018,1,7.46351351351351,74,7.85714285714286,7.22391304347826,7.16666666666667,8.0375,7.39393939393939,28,46,12,8,66,6701,3042,3659,1018,1372,5329,7.32861199074765,7.77873208415516,6.95439353648538,7.13566797642436,7.30679008746356,7.33423024019516,93
"95",2018,2,7.52407407407407,54,7.93333333333333,7.0125,7.10833333333333,7.16666666666667,7.59555555555556,30,24,12,9,45,6755,3072,3683,1030,1381,5374,7.3301745299778,7.78024186197917,6.95477218300298,7.13534951456311,7.30587690079652,7.33641848716041,94
"96",2018,3,6.97634146341463,41,7.01428571428571,6.9365,7.8,6.93333333333333,6.97973684210526,21,20,5,3,38,6796,3093,3703,1035,1384,5412,7.32803986904061,7.7750413837698,6.95467349446395,7.13856038647343,7.30506936416185,7.33391407058389,95
"97",2018,4,7.3551282051282,39,7.92058823529412,6.91818181818182,6.9,7,7.40735294117647,17,22,5,5,34,6835,3110,3725,1040,1389,5446,7.32819443306511,7.77583697749196,6.95445797315436,7.13741346153846,7.30397120230382,7.33437255784062,96
"98",2018,5,6.99404255319149,47,7.78133333333333,6.625,6.625,7.14285714285714,6.968,15,32,8,7,40,6882,3125,3757,1048,1396,5486,7.32591237285673,7.77586336,6.95165183657173,7.13350190839695,7.30316332378224,7.33170123040467,97
"99",2018,6,7.30862068965517,29,7.75454545454545,7.03611111111111,6.2,6,7.35535714285714,11,18,5,1,28,6911,3136,3775,1053,1397,5514,7.32583981334105,7.77578858418368,6.95205455629139,7.12906932573599,7.30223049391553,7.33182135473341,98
"100",2018,7,7.045,40,7.42727272727273,6.9,7.21,7,7.05,11,29,10,4,36,6951,3147,3804,1063,1401,5550,7.32422370162567,7.77457038449317,6.95165771556256,7.12983066792098,7.3013675945753,7.32999332432433,99
"101",2018,8,7.45227272727273,44,8,7.036,8.2,7.8,7.40769230769231,19,25,2,5,39,6995,3166,3829,1065,1406,5589,7.32502915654039,7.77592324699937,6.95220839644816,7.13184037558685,7.30314082503556,7.33053550724638,100
"102",2018,9,7.24358974358974,39,7.66666666666667,7.11666666666667,7.09090909090909,6.90909090909091,7.375,9,30,11,11,28,7034,3175,3859,1076,1417,5617,7.3245776158658,7.77561354330709,6.95348690075149,7.1314219330855,7.30008186309104,7.3307571568453,101
"103",2018,10,7.4601112,50,7.84814833333333,7.10192307692308,7.67142857142857,8.08888888888889,7.32208682926829,24,26,7,9,41,7084,3199,3885,1083,1426,5658,7.32553423348391,7.77615772428884,6.95448029601029,7.13491228070175,7.3050603085554,7.33069432838459,102
"104",2018,11,7.2969298245614,57,7.825,7.05320512820513,7.375,7.97142857142857,7.2025,18,39,8,7,50,7141,3217,3924,1091,1433,5708,7.32530591093685,7.77643101025801,6.95546150611621,7.13667277726856,7.30831542219121,7.32957139278207,103
"105",2018,12,7.31432432432432,37,7.62235294117647,7.0525,7.46428571428571,6.96875,7.40965517241379,17,20,7,8,29,7178,3234,3944,1098,1441,5737,7.32524930482029,7.77562107606679,6.95595358772819,7.13876138433515,7.30643025676613,7.32997620881994,104
"106",2019,1,7.20130434782609,69,7.67458333333333,6.94888888888889,6.82857142857143,6.675,7.29050847457627,24,45,14,10,59,7247,3258,3989,1112,1451,5796,7.32406920242859,7.77487678330264,6.95587389069942,7.13485611510791,7.30207856650586,7.32957444962043,105
"107",2019,2,7.14421052631579,38,7.22727272727273,7.11037037037037,7.31428571428571,7.45714285714286,7.07354838709677,11,27,7,7,31,7285,3269,4016,1119,1458,5827,7.32313102402197,7.77303412664424,6.95691258715139,7.13597855227882,7.30282304526749,7.32821237515017,106
"108",2019,3,7.37140350877193,57,7.96458333333333,6.94,6.5,7.21428571428571,7.3934,24,33,4,7,50,7342,3293,4049,1123,1465,5877,7.32350578997549,7.77443017309445,6.95677474685107,7.13371326803206,7.3024,7.32876697464693,107
"109",2019,4,7.525,38,7.5375,7.51111111111111,7.6,7.75,7.4828125,20,18,5,6,32,7380,3313,4067,1128,1471,5909,7.32454329403794,7.77299986718986,6.95922816572412,7.13578014184397,7.30422569680489,7.32960120324928,108
"110",2019,5,7.20694444444444,36,7.59333333333333,6.93095238095238,6.65625,6.375,7.3109375,15,21,8,4,32,7416,3328,4088,1136,1475,5941,7.32397242583603,7.77219007211539,6.95908291340509,7.13240316901408,7.30170576271186,7.32950067497055,109
"111",2019,6,7.12619047619048,42,7.53333333333333,6.96333333333333,7.35714285714286,6.85,7.15526315789474,12,30,7,4,38,7458,3340,4118,1143,1479,5979,7.3228586095468,7.77133190419162,6.95911387809616,7.13377952755905,7.30048411088573,7.32839329486537,110
"112",2019,7,7.52952380952381,42,8.01789473684211,7.12608695652174,7,7.3125,7.58058823529412,19,23,6,8,34,7500,3359,4141,1149,1487,6013,7.32401593466667,7.77272657338494,6.96004128229896,7.13308093994778,7.30054875588433,7.32981930982871,111
"113",2019,8,7.42173913043478,46,7.71428571428571,7.176,8.08,7.34285714285714,7.43589743589744,21,25,5,7,39,7546,3380,4166,1154,1494,6052,7.32461164988073,7.77236347928994,6.96133724195871,7.13718370883882,7.30074698795181,7.33050289325843,112
"114",2019,9,7.13636363636364,44,7.67368421052632,6.728,7.02,8.02857142857143,6.96756756756757,19,25,10,7,37,7590,3399,4191,1164,1501,6089,7.32352035704875,7.77181187408061,6.95994534717251,7.13617697594502,7.30414123917388,7.3282975053375,113
"115",2019,10,7.42392857142857,56,7.85454545454545,7.14529411764706,7.3575,7.39,7.43130434782609,22,34,12,10,46,7646,3421,4225,1176,1511,6135,7.32425575595083,7.77234392282958,6.9614369112426,7.13843537414966,7.30470946393117,7.32906984678077,114
"116",2019,11,7.49193548387097,62,8.06071428571429,7.02352941176471,7.02,7.80833333333333,7.416,28,34,15,12,50,7708,3449,4259,1191,1523,6185,7.32560450311365,7.77468499855031,6.96193260154966,7.13694374475231,7.3086776099803,7.32977259660469,115
"117",2019,12,7.26039215686275,51,7.85722222222222,6.93484848484848,7.13333333333333,6.39285714285714,7.39840909090909,18,33,9,7,44,7759,3467,4292,1200,1530,6229,7.3251758615801,7.77511351600808,6.96172435927306,7.13691666666667,7.30448758169935,7.33025742655322,116
"118",2020,1,7.30153846153846,52,7.70363636363636,7.00666666666667,6.96666666666667,6.875,7.33708333333333,22,30,9,4,48,7811,3489,4322,1209,1534,6277,7.32501850083216,7.77466281456005,6.96203631420638,7.13564929693962,7.30336766623207,7.33030962402422,117
"119",2020,2,7.14961038961039,77,7.54903225806452,6.8804347826087,6.75,7.208,7.13548387096774,31,46,8,15,62,7888,3520,4368,1217,1549,6339,7.32330622591278,7.77267572727273,6.96117695741758,7.13311421528349,7.30244415752098,7.32840408739549,118
"120",2020,3,6.9957575,44,7.270833125,6.83857142857143,6.75,6.3,7.1273872972973,16,28,8,7,37,7932,3536,4396,1225,1556,6376,7.32148926374181,7.77040494626697,6.96039603048226,7.13061224489796,7.29793444730077,7.3272375846926,119
"121",2020,4,7.165,42,7.69545454545455,6.97677419354839,6.51,6.825,7.22166666666667,11,31,8,6,36,7974,3547,4427,1233,1562,6412,7.32066501630299,7.77017250916268,6.9605107183194,7.12658556366586,7.29611779769526,7.32664485963818,120
"122",2020,5,7.28780487804878,41,7.99090909090909,7.03,7.53333333333333,7.5,7.23636363636364,11,30,6,8,33,8015,3558,4457,1239,1570,6445,7.32049692326887,7.77085494378865,6.96097844962979,7.12855528652139,7.29715668789809,7.3261825973623,121
"123",2020,6,6.7375,32,6.99230769230769,6.56315789473684,6.26,6.41666666666667,6.81153846153846,13,19,5,6,26,8047,3571,4476,1244,1576,6471,7.3181785559836,7.76802069168301,6.959289756479,7.12506430868167,7.29380456852792,7.32411479524031,122
"124",2020,7,7.02205882352941,34,7.55357142857143,6.65,7.14285714285714,6.8125,7.08653846153846,14,20,7,8,26,8081,3585,4496,1251,1584,6497,7.31693266179928,7.76718323291493,6.95791391236655,7.12516386890488,7.29137373737374,7.32316405110051,123
"125",2020,8,7.15581395348837,43,7.2625,7.09259259259259,6.75,6.68181818181818,7.31875,16,27,6,11,32,8124,3601,4523,1257,1595,6529,7.31607986706056,7.76494081921689,6.958717875304,7.12337311058075,7.28716990595611,7.32314241690918,124
"126",2020,9,7.19975609756098,41,7.79230769230769,6.92464285714286,7.25714285714286,7.76666666666667,7.155,13,28,7,3,38,8165,3614,4551,1264,1598,6567,7.31549575505205,7.76503926120642,6.95850822896067,7.12411392405063,7.28807008760951,7.32216945941831,125
"127",2020,10,6.91880952380952,42,7.995,6.66558823529412,6.605,6.726,6.94486486486486,8,34,6,5,37,8207,3622,4585,1270,1603,6604,7.31346568051663,7.76554718111541,6.95633608505998,7.12166141732283,7.28631690580162,7.32005554815264,126
"128",2020,11,7.10510204081633,49,7.66,6.86029411764706,7.01923076923077,7.265,7.06410256410256,15,34,13,10,39,8256,3637,4619,1283,1613,6643,7.31222902616279,7.76511187517185,6.95562912968175,7.12062353858145,7.28618474891507,7.31855288875508,127
"129",2020,12,7.31552631578947,38,7.94625,6.85681818181818,6.5,6.66666666666667,7.4371875,16,22,2,6,32,8294,3653,4641,1285,1619,6675,7.31224413310827,7.76590525321654,6.95516073044602,7.11965758754864,7.28388882025942,7.31912162397004,128
"130",2021,1,7.53584905660377,53,7.99166666666667,7.15862068965517,7.325,7.975,7.45777777777778,24,29,4,8,45,8347,3677,4670,1289,1627,6720,7.3136639319516,7.76737881153114,6.9564241862955,7.12029480217223,7.28728703134604,7.320050125,129
"131",2021,2,7.38677419354839,31,7.59090909090909,7.2745,7.08333333333333,7,7.42821428571429,11,20,6,3,28,8378,3688,4690,1295,1630,6748,7.31393445213655,7.76685246475055,6.95778058635394,7.12012355212355,7.28675828220859,7.32049893894487,130
"132",2021,3,7.28489795918367,49,7.95913043478261,6.68846153846154,5.5,7,7.30347826086957,23,26,4,3,46,8427,3711,4716,1299,1633,6794,7.31376561528421,7.76804416329831,6.95629579092451,7.11513471901463,7.28623147581139,7.32038369738004,131
"133",2021,4,7.3,37,7.65263157894737,6.92777777777778,6.85,7.81666666666667,7.2,19,18,2,6,31,8464,3730,4734,1301,1639,6825,7.31370543950851,7.76745627077749,6.95618735741445,7.11472713297464,7.28817327638804,7.3198368996337,132
"134",2021,5,6.80555555555556,36,7.66666666666667,6.51851851851852,4.75,6.5,6.85483870967742,9,27,4,5,31,8500,3739,4761,1305,1644,6856,7.31155327529412,7.76721366408131,6.95370530350766,7.10747892720306,7.28577615571776,7.31773436989498,133
"135",2021,6,7.48846153846154,26,8.13076923076923,6.84615384615385,6.75,6.625,7.64545454545455,13,13,4,4,22,8526,3752,4774,1309,1648,6878,7.31209275627492,7.76847331823028,6.95341243192291,7.10638655462185,7.28417233009709,7.31878261703984,134
"136",2021,7,7.15217391304348,23,7.75714285714286,6.8875,7.325,7.75,7.02631578947368,7,16,4,4,19,8549,3759,4790,1313,1652,6897,7.31166251491402,7.76845221867518,6.9531922651357,7.10705255140899,7.28530024213075,7.31797692329999,135
"137",2021,8,7.09955882352941,34,7.60653846153846,6.78571428571429,6,7.735625,6.90384615384615,13,21,3,8,26,8583,3772,4811,1316,1660,6923,7.31082230455552,7.7678941914104,6.95246122427769,7.10452887537994,7.28747048192771,7.31642161490683,136
"138",2021,9,7.040625,32,7.48,6.84090909090909,6.83333333333333,6.66666666666667,7.07931034482759,10,22,3,3,29,8615,3782,4833,1319,1663,6952,7.30981866976204,7.7671329693284,6.95195343471963,7.10391205458681,7.28635057125676,7.31543251438435,137
"139",2021,10,7.125,28,7.87142857142857,6.37857142857143,6.25,8,7.05769230769231,14,14,6,2,26,8643,3796,4847,1325,1665,6978,7.30921992826565,7.76751762118019,6.95029728698164,7.10004528301887,7.28720780780781,7.31447217540843,138
"140",2021,11,7.09740740740741,27,7.72083333333333,6.59866666666667,6.875,8.33333333333333,6.94291666666667,12,15,4,3,24,8670,3808,4862,1329,1668,7002,7.30856030449827,7.76737050682774,6.94921245372275,7.09936794582393,7.28908932853717,7.31319863467581,139
"141",2021,12,7.0158064516129,31,7.88888888888889,6.65863636363636,6.33333333333333,7.2,6.98038461538462,9,22,3,5,26,8701,3817,4884,1332,1673,7028,7.30751727847374,7.76765703170029,6.94790355241605,7.09764264264264,7.28882307232516,7.31196739328401,140
"142",2022,1,7.19106779661017,59,8.09416666666667,6.5718,6.41666666666667,7.57,7.13162745098039,24,35,6,8,51,8760,3841,4919,1338,1681,7079,7.30673297260274,7.76969718562875,6.94522747509656,7.0945889387145,7.29016121356335,7.31066815086877,141
"143",2022,2,6.93151515151515,33,7.66666666666667,6.31888888888889,7,7.22222222222222,6.8225,15,18,1,9,24,8793,3856,4937,1339,1690,7103,7.30532478562493,7.76929639263486,6.94294388292485,7.09451829723674,7.28979940828402,7.30901870195692,142
"144",2022,3,7.49053846153846,26,7.8836,6.95454545454545,7.5,8.9885,7.21818181818182,15,11,2,4,22,8819,3871,4948,1341,1694,7125,7.30587082889216,7.76973931542238,6.942969674616,7.09512304250559,7.29381050767414,7.3087382231579,143
"145",2022,4,7.6125,28,7.925,7.3,7.5,8.5375,7.45833333333333,14,14,2,4,24,8847,3885,4962,1343,1698,7149,7.30684128405109,7.77029881338482,6.9439770153164,7.09572598659717,7.29674028268551,7.30924043082949,144
"146",2022,5,6.85657142857143,28,8.32569230769231,5.58333333333333,NA,9,6.77718518518519,13,15,0,1,27,8875,3898,4977,1343,1699,7176,7.3054207143662,7.77215107491021,6.93987622061483,7.09572598659717,7.2977427898764,7.30723855072464,145
"147",2022,6,7.12941176470588,17,7.75,6.57777777777778,5.1,8,7.075,8,9,2,1,16,8892,3906,4986,1345,1700,7192,7.30508421502474,7.77210570660523,6.93922261331728,7.09275836431227,7.29815588235294,7.30672189098999,146
"148",2022,7,7.3067,30,7.68190909090909,7.08947368421053,7.5,7.73366666666667,7.25925925925926,11,19,2,3,27,8922,3917,5005,1347,1703,7219,7.30508964806097,7.77185241000766,6.93979299700299,7.09336302895323,7.29892307692308,7.30654437456711,147
"149",2022,8,7.59,20,8,7.25454545454545,7.1,7,7.62105263157895,9,11,3,1,19,8942,3926,5016,1350,1704,7238,7.30572688883919,7.77237541772797,6.94048324362041,7.09337777777778,7.29874765258216,7.30736996960486,148
"150",2022,9,7.31571428571429,28,7.96785714285714,6.66357142857143,7,8.29,7.10391304347826,14,14,1,5,23,8970,3940,5030,1351,1709,7261,7.30575806465998,7.77307002284264,6.93971251491053,7.09330866025167,7.3016477472206,7.30672549786531,149
"151",2022,10,7.8237037037037,27,8.08266666666667,7.5,7.5,8.46666666666667,7.74333333333333,15,12,1,3,24,8997,3955,5042,1352,1712,7285,7.30731241969545,7.77424421997472,6.94104600357001,7.09360946745562,7.30368925233645,7.30816387645848,150
"152",2022,11,7.03966666666667,33,7.40726666666667,6.73333333333333,8,7.48333333333333,6.94107407407407,15,18,2,6,27,9030,3970,5060,1354,1718,7312,7.30633431229236,7.77285765491184,6.94030710474308,7.09494830132939,7.30431664726426,7.30680837527352,151
"153",2022,12,7.32604444444444,45,8.00819047619048,6.72916666666667,6.125,6.54,7.55062857142857,21,24,8,10,35,9075,3991,5084,1362,1728,7347,7.30643204848485,7.77409593836132,6.93931037568843,7.08925110132159,7.29989351851852,7.30796989791752,152
