"","year","month","avg_rating","no_ratings","avg_rating_owned","avg_rating_not_owned","avg_rating_prev_owned","avg_rating_comment","avg_rating_no_comment","no_ratings_owned","no_ratings_not_owned","no_ratings_prev_owned","no_ratings_comment","no_ratings_no_comment","cum_no_ratings","cum_no_ratings_owned","cum_no_ratings_not_owned","cum_no_ratings_prev_owned","cum_no_ratings_comment","cum_no_ratings_no_comment","cum_avg_rating","cum_avg_rating_owned","cum_avg_rating_not_owned","cum_avg_rating_prev_owned","cum_avg_rating_comment","cum_avg_rating_no_comment","month_after_release"
"1",2010,2,9,3,NA,9,NA,10,8.5,0,3,0,1,2,3,0,3,0,1,2,9,NA,9,NA,10,8.5,-2
"2",2010,3,9.3,1,NA,9.3,NA,9.3,NA,0,1,0,1,0,4,0,4,0,2,2,9.075,NA,9.075,NA,9.65,8.5,-1
"3",2010,4,6.58804347826087,46,7.38333333333333,6.20322580645161,7,6.28571428571429,6.842,15,31,3,21,25,50,15,35,3,23,27,6.787,7.38333333333333,6.53142857142857,7,6.57826086956522,6.96481481481481,0
"4",2010,5,6.68292682926829,41,7.25,6.32,5,6.81818181818182,6.63333333333333,16,25,1,11,30,91,31,60,4,34,57,6.74010989010989,7.31451612903226,6.44333333333333,6.5,6.65588235294118,6.79035087719298,1
"5",2010,6,7.46290322580645,31,7.86176470588235,6.97857142857143,7.4,8.08333333333333,7.314,17,14,3,6,25,122,48,74,7,40,82,6.92377049180328,7.50833333333333,6.54459459459459,6.88571428571429,6.87,6.95,2
"6",2010,7,6.75135135135135,37,7.26363636363636,6.53461538461538,7.52,6.85,6.71481481481482,11,26,5,10,27,159,59,100,12,50,109,6.88364779874214,7.46271186440678,6.542,7.15,6.866,6.89174311926606,3
"7",2010,8,7.05,57,7.69318181818182,6.64571428571429,6.9875,6.66666666666667,7.22692307692308,22,35,8,18,39,216,81,135,20,68,148,6.9275462962963,7.52530864197531,6.56888888888889,7.085,6.81323529411765,6.98006756756757,4
"8",2010,9,6.80862068965517,58,7.4875,6.55,7.74166666666667,6.28846153846154,6.95888888888889,16,42,6,13,45,274,97,177,26,81,193,6.90237226277372,7.51907216494845,6.56440677966102,7.23653846153846,6.72901234567901,6.97512953367876,5
"9",2010,10,6.73064516129032,62,7.32619047619048,6.42560975609756,6.555,6.31666666666667,6.9,21,41,10,18,44,336,118,218,36,99,237,6.87068452380952,7.48474576271186,6.53830275229358,7.04722222222222,6.6540404040404,6.96118143459916,6
"10",2010,11,6.88133333333333,75,7.4,6.58958333333333,6.71818181818182,6.83571428571429,6.90851063829787,27,48,11,28,47,411,145,266,47,127,284,6.87262773722628,7.46896551724138,6.54755639097744,6.97021276595745,6.69409448818898,6.95246478873239,7
"11",2010,12,7.11929824561404,57,7.74,6.634375,6.8125,6.95333333333333,7.17857142857143,25,32,8,15,42,468,170,298,55,142,326,6.90267094017094,7.50882352941176,6.55687919463087,6.94727272727273,6.72147887323944,6.98159509202454,8
"12",2011,1,6.97142857142857,49,7.16086956521739,6.80384615384615,7.23333333333333,6.78333333333333,7.03243243243243,23,26,9,12,37,517,193,324,64,154,363,6.90918762088975,7.46735751295337,6.5766975308642,6.9875,6.7262987012987,6.98677685950413,9
"13",2011,2,7.21625,40,7.415,7.0175,7.55,7.275,7.19107142857143,20,20,5,12,28,557,213,344,69,166,391,6.93123877917415,7.46244131455399,6.60232558139535,7.02826086956522,6.76596385542169,7.00140664961637,10
"14",2011,3,7.18178571428571,56,7.64909090909091,6.87941176470588,7.47,7.04375,7.237,22,34,5,16,40,613,235,378,74,182,431,6.95412724306688,7.47991489361702,6.62724867724868,7.05810810810811,6.79038461538461,7.02327146171694,11
"15",2011,4,7.04777777777778,45,7.486,6.5,6.6,7.53125,6.94324324324324,25,20,5,8,37,658,260,398,79,190,468,6.96053191489362,7.4805,6.62085427135678,7.02911392405063,6.82157894736842,7.01694444444444,12
"16",2011,5,6.97434210526316,76,7.4875,6.60113636363636,7.0625,6.8304347826087,7.03679245283019,32,44,8,23,53,734,292,442,87,213,521,6.96196185286104,7.48126712328767,6.61889140271493,7.03218390804598,6.8225352112676,7.01896353166986,13
"17",2011,6,6.75536,50,7.20625,6.54317647058823,7.125,6.61786666666667,6.81428571428571,16,34,8,15,35,784,308,476,95,228,556,6.94878571428571,7.46698051948052,6.61348319327731,7.04,6.8090701754386,7.00607913669065,14
"18",2011,7,7.21379310344828,29,7.83571428571429,6.63333333333333,6.48,7.675,7.03809523809524,14,15,5,8,21,813,322,491,100,236,577,6.95823862238622,7.48301242236025,6.61408961303462,7.012,6.83842372881356,7.00724436741768,15
"19",2011,8,6.83333333333333,30,7.66666666666667,6.47619047619048,6.7,6.625,6.90909090909091,9,21,10,8,22,843,331,512,110,244,599,6.95379359430605,7.48800604229607,6.60843359375,6.98363636363636,6.8314262295082,7.00363939899833,16
"20",2011,9,7.02926829268293,41,7.48421052631579,6.63636363636364,6.125,6.36363636363636,7.27333333333333,19,22,4,11,30,884,350,534,114,255,629,6.95729411764706,7.4878,6.60958426966292,6.95350877192982,6.81124705882353,7.01650238473768,17
"21",2011,10,6.95925925925926,54,7.312,6.6551724137931,7.625,7.53125,6.85978260869565,25,29,4,8,46,938,375,563,118,263,675,6.95740724946695,7.47608,6.6119325044405,6.97627118644068,6.83314828897338,7.00582222222222,18
"22",2011,11,6.81086956521739,46,7.65789473684211,6.21481481481482,7.25,6.80769230769231,6.81212121212121,19,27,6,13,33,984,394,590,124,276,708,6.95055691056911,7.48484771573604,6.5937593220339,6.98951612903226,6.83194927536232,6.99679378531073,19
"23",2011,12,7.18636363636364,44,7.58571428571429,6.82173913043478,7.66666666666667,7.11111111111111,7.20571428571429,21,23,3,9,35,1028,415,613,127,285,743,6.96064980544747,7.48995180722892,6.6023132137031,7.00551181102362,6.8407649122807,7.00663526244953,20
"24",2012,1,6.86333333333333,45,7.62368421052632,6.30769230769231,6.4625,5.98333333333333,7.30333333333333,19,26,8,15,30,1073,434,639,135,300,773,6.95656849953402,7.4958064516129,6.5903255086072,6.97333333333333,6.79789333333333,7.01815006468305,21
"25",2012,2,7.22153846153846,65,7.59032258064516,6.88529411764706,7.20833333333333,6.90625,7.32448979591837,31,34,12,16,49,1138,465,673,147,316,822,6.97170298769772,7.50210752688172,6.60522734026746,6.99251700680272,6.80337974683544,7.03641119221411,22
"26",2012,3,7.36190476190476,63,7.92931034482759,6.87794117647059,7.6,6.85,7.50816326530612,29,34,5,14,49,1201,494,707,152,330,871,6.99217152373022,7.52718623481781,6.618342291372,7.0125,6.80535757575758,7.06295063145809,23
"27",2012,4,7.24910714285714,56,7.48166666666667,6.98076923076923,7.375,7.28571428571429,7.24387755102041,30,26,4,7,49,1257,524,733,156,337,920,7.00361813842482,7.52458015267176,6.63119781718963,7.02179487179487,6.8153353115727,7.07258695652174,24
"28",2012,5,7.12439024390244,41,7.4125,6.94,6.61111111111111,7.04166666666667,7.15862068965517,16,25,9,12,29,1298,540,758,165,349,949,7.00743297380586,7.52125925925926,6.64138258575198,6.99939393939394,6.82311747851003,7.07521601685985,25
"29",2012,6,7.03947368421053,38,7.45833333333333,6.84615384615385,7.6,7.25,6.98333333333333,12,26,5,8,30,1336,552,784,170,357,979,7.00834431137725,7.51989130434783,6.64817346938776,7.01705882352941,6.83268347338936,7.07240040858018,26
"30",2012,7,6.6559375,32,7.78,6.145,6.6,6.3,6.77458333333333,10,22,5,8,24,1368,562,806,175,365,1003,7.00010087719298,7.52451957295374,6.63443920595534,7.00514285714286,6.82100821917808,7.0652741774676,27
"31",2012,8,6.91341463414634,41,7.28888888888889,6.6195652173913,6.79166666666667,6.9,6.91774193548387,18,23,6,10,31,1409,580,829,181,375,1034,6.99757842441448,7.51720689655172,6.63402653799759,6.99806629834254,6.82311466666667,7.06085106382979,28
"32",2012,9,6.91764705882353,34,7.41875,6.47222222222222,7.16666666666667,6.88571428571429,6.92592592592593,16,18,6,7,27,1443,596,847,187,382,1061,6.99569507969508,7.51456375838926,6.63058795749705,7.00347593582888,6.82426178010471,7.05741753063148,29
"33",2012,10,7.23565217391304,46,7.71333333333333,7.00451612903226,7.21111111111111,7.1125,7.26157894736842,15,31,9,8,38,1489,611,878,196,390,1099,7.00310812625924,7.51944353518821,6.64379043280182,7.01301020408163,6.83017435897436,7.06447679708826,30
"34",2012,11,7.04527777777778,36,7.78705882352941,6.38157894736842,7.125,7.375,6.91846153846154,17,19,4,10,26,1525,628,897,200,400,1125,7.00410360655738,7.52668789808917,6.63823634336678,7.01525,6.843795,7.06110222222222,31
"35",2012,12,6.94021739130435,46,7.203125,6.8,7.11818181818182,6.99583333333333,6.92058823529412,16,30,11,12,34,1571,644,927,211,412,1159,7.0022329726289,7.51864906832298,6.64347141316073,7.02061611374408,6.84822330097087,7.0569801553063,32
"36",2013,1,7.01960784313725,51,7.83,6.49677419354839,6.77777777777778,7.15277777777778,6.9469696969697,20,31,9,18,33,1622,664,958,220,430,1192,7.00277928483354,7.52802710843373,6.63872442588727,7.01068181818182,6.86097209302326,7.05393456375839,33
"37",2013,2,7.39642857142857,42,7.69266666666667,7.23185185185185,6.94444444444444,7.22222222222222,7.44393939393939,15,27,9,9,33,1664,679,985,229,439,1225,7.01271514423077,7.53166421207658,6.65498274111675,7.00807860262009,6.86837813211845,7.06444081632653,34
"38",2013,3,7.13236,50,7.43181818181818,6.89707142857143,7.41666666666667,6.58333333333333,7.20722727272727,22,28,9,6,44,1714,701,1013,238,445,1269,7.01620536756126,7.52853067047076,6.66167423494571,7.02352941176471,6.86453483146067,7.06939164696612,35
"39",2013,4,7.01428571428571,35,7.26923076923077,6.86363636363636,6.75,6.2,7.15,13,22,4,5,30,1749,714,1035,242,450,1299,7.01616695254431,7.52380952380952,6.66596714975846,7.01900826446281,6.85715111111111,7.0712532717475,36
"40",2013,5,7.29458333333333,48,7.44592592592593,7.1,7.21428571428571,7.31714285714286,7.28529411764706,27,21,7,14,34,1797,741,1056,249,464,1333,7.02360378408459,7.52097165991903,6.67459848484849,7.02449799196787,6.87103017241379,7.07671267816954,37
"41",2013,6,7.48461538461538,52,7.84,7.15555555555556,7.41666666666667,7.57142857142857,7.45263157894737,25,27,6,14,38,1849,766,1083,255,478,1371,7.03656895619254,7.53138381201044,6.6865891043398,7.03372549019608,6.89154393305439,7.08713202042305,38
"42",2013,7,7.00277777777778,54,7.41,6.65172413793103,7.55555555555556,6.94230769230769,7.02195121951219,25,29,9,13,41,1903,791,1112,264,491,1412,7.03561008933263,7.52754740834387,6.68567985611511,7.05151515151515,6.89288798370672,7.08523937677054,39
"43",2013,8,7.21960784313726,51,7.68166666666667,6.55952380952381,7.35,7.215625,7.22142857142857,30,21,10,16,35,1954,821,1133,274,507,1447,7.04041248720573,7.5331790499391,6.68334157105031,7.06240875912409,6.90307297830375,7.08853351762267,40
"44",2013,9,6.90816326530612,49,7.65384615384615,6.63888888888889,6.75,6.25,7.12162162162162,13,36,8,12,37,2003,834,1169,282,519,1484,7.03717723414878,7.53505995203837,6.68197262617622,7.05354609929078,6.88797302504817,7.08935849056604,41
"45",2013,10,7.65277777777778,36,8.39473684210526,6.82352941176471,7.41666666666667,7,7.75806451612903,19,17,6,5,31,2039,853,1186,288,524,1515,7.04804610102992,7.55420867526377,6.68400168634064,7.06111111111111,6.88904198473282,7.10304158415842,42
"46",2013,11,7.11181818181818,55,7.72083333333333,6.64032258064516,6.9,7.00588235294118,7.15921052631579,24,31,10,17,38,2094,877,1217,298,541,1553,7.04972110792741,7.5587685290764,6.68288907148727,7.05570469798658,6.8927134935305,7.10441596909208,43
"47",2013,12,7.24489795918367,49,7.55172413793103,6.8,6.125,7.6875,7.15853658536585,29,20,4,8,41,2143,906,1237,302,549,1594,7.05418385440971,7.55854304635762,6.68478253839935,7.04337748344371,6.90429508196721,7.10580803011292,44
"48",2014,1,7.34245901639344,61,7.65142857142857,7.08030303030303,6.9,6.87222222222222,7.42384615384615,28,33,13,9,52,2204,934,1270,315,558,1646,7.06216243194192,7.56132762312634,6.69505984251969,7.03746031746032,6.90377777777778,7.11585540704739,45
"49",2014,2,6.80729166666667,48,7.43055555555556,6.43333333333333,6.83333333333333,6.42857142857143,6.8719512195122,18,30,6,7,41,2252,952,1300,321,565,1687,7.05673001776199,7.55885504201681,6.68902,7.03364485981308,6.89789026548673,7.10992768227623,46
"50",2014,3,7.04509803921569,51,7.6,6.68709677419355,6.66,6.63333333333333,7.13333333333333,20,31,10,9,42,2303,972,1331,331,574,1729,7.05647242726878,7.55970164609053,6.68897520661157,7.02235649546828,6.89374216027875,7.11049624060151,47
"51",2014,4,6.8280487804878,41,7.60789473684211,6.15454545454545,6,6.38333333333333,6.90428571428571,19,22,5,6,35,2344,991,1353,336,580,1764,7.05247696245734,7.56062563067608,6.68028529194383,7.00714285714286,6.88846206896552,7.10640476190476,48
"52",2014,5,6.940625,32,7.44375,6.4375,6.5,6.9,6.94814814814815,16,16,2,5,27,2376,1007,1369,338,585,1791,7.05097053872054,7.55876861966236,6.67744777209642,7.00414201183432,6.88856068376068,7.10401898380793,49
"53",2014,6,7.60151515151515,33,7.6,7.60294117647059,7.5,7.76666666666667,7.56481481481481,16,17,4,6,27,2409,1023,1386,342,591,1818,7.05851224574512,7.55941348973607,6.68879942279942,7.00994152046784,6.89747546531303,7.11086248624863,50
"54",2014,7,7.2525641025641,39,7.48888888888889,7.05,7.08,7.26666666666667,7.25,18,21,10,6,33,2448,1041,1407,352,597,1851,7.06160375816993,7.55819404418828,6.69419047619048,7.01193181818182,6.90118592964824,7.11334305780659,51
"55",2014,8,7.01977272727273,44,7.45653846153846,6.38888888888889,5.66666666666667,7.01166666666667,7.02105263157895,26,18,6,6,38,2492,1067,1425,358,603,1889,7.06086516853932,7.55571696344892,6.69033403508772,6.98938547486034,6.90228524046435,7.11148650079407,52
"56",2014,9,6.765,30,7.42,6.4375,6.5,6.5,6.80576923076923,10,20,2,4,26,2522,1077,1445,360,607,1915,7.05734575733545,7.55445682451254,6.68683460207612,6.98666666666667,6.89963426688633,7.10733577023499,53
"57",2014,10,6.60265306122449,49,7.05882352941176,6.3603125,6.84076923076923,7.345625,6.24242424242424,17,32,13,16,33,2571,1094,1477,373,623,1948,7.04867989109296,7.5467550274223,6.67976032498307,6.981581769437,6.91108828250401,7.09268377823409,54
"58",2014,11,7.07560975609756,41,7.54545454545455,6.53157894736842,7.08333333333333,6.33333333333333,7.20285714285714,22,19,6,6,35,2612,1116,1496,379,629,1983,7.04910260336906,7.546729390681,6.67787834224599,6.9831926121372,6.90557710651828,7.09462834089763,55
"59",2014,12,7.175,32,7.46470588235294,6.84666666666667,7.9125,7.05833333333333,7.20192307692308,17,15,4,6,26,2644,1133,1511,383,635,2009,7.05062632375189,7.5454986760812,6.67955393778954,6.99289817232376,6.90702047244095,7.09601692384271,56
"60",2015,1,7.1275,40,7.7375,6.72083333333333,7.25,7.78,7.03428571428571,16,24,8,5,35,2684,1149,1535,391,640,2044,7.05177198211624,7.54817232375979,6.6801993485342,6.99815856777494,6.913840625,7.09495988258317,57
"61",2015,2,6.75441176470588,34,7.28333333333333,6.33684210526316,6.46666666666667,6.85,6.74166666666667,15,19,3,4,30,2718,1164,1554,394,644,2074,7.04805224429728,7.54475945017182,6.67600128700129,6.9941116751269,6.91344409937888,7.08984956605593,58
"62",2015,3,7.01145833333333,48,7.16666666666667,6.95972222222222,6.72,6.33333333333333,7.10833333333333,12,36,15,6,42,2766,1176,1590,409,650,2116,7.04741720896601,7.54090136054422,6.6824251572327,6.9840586797066,6.90808923076923,7.09021644612477,59
"63",2015,4,6.91060606060606,33,7.39642857142857,6.55263157894737,6.85,7.54,6.79821428571429,14,19,4,5,28,2799,1190,1609,413,655,2144,7.04580421579135,7.53920168067227,6.68089247980112,6.9827602905569,6.91291297709924,7.08640298507463,60
"64",2015,5,6.98994285714286,35,7.03181818181818,6.97075,6.5,6.91666666666667,7.00510344827586,11,24,8,6,29,2834,1201,1633,421,661,2173,7.04511432604093,7.5345545378851,6.68515248009798,6.97358669833729,6.91294704992436,7.08531799355729,61
"65",2015,6,7.16451612903226,31,7.89,6.81904761904762,7.3,7.33333333333333,7.124,10,21,5,6,25,2865,1211,1654,426,667,2198,7.04640628272251,7.53748967795211,6.68685247883918,6.97741784037559,6.91672863568216,7.08575796178344,62
"66",2015,7,7.47738095238095,42,8.06666666666667,7.03541666666667,6.84375,7.35,7.52833333333333,18,24,8,12,30,2907,1229,1678,434,679,2228,7.05263295493636,7.54524003254679,6.6918379022646,6.97495391705069,6.92438586156112,7.09171723518851,63
"67",2015,8,7.04772727272727,44,7.5675,6.61458333333333,6.675,7.12307692307692,7.01612903225806,20,24,8,13,31,2951,1249,1702,442,692,2259,7.05255981023381,7.54559647718175,6.69074853113984,6.96952488687783,6.92811849710983,7.09067994687915,64
"68",2015,9,6.90869565217391,23,7.62857142857143,6.59375,5.5,6.8,6.93888888888889,7,16,2,5,18,2974,1256,1718,444,697,2277,7.05144720914593,7.54605891719745,6.68984516880093,6.96290540540541,6.92719942611191,7.08948001756698,65
"69",2015,10,7.05568204545455,44,7.52894736842105,6.6960004,6.75,7.22222222222222,7.01285742857143,19,25,8,9,35,3018,1275,1743,452,706,2312,7.05150894963552,7.54580392156863,6.68993345381526,6.95913716814159,6.93096033994334,7.08832007352941,66
"70",2015,11,6.98586956521739,46,7.69285714285714,6.6765625,7.1625,5.9,7.11829268292683,14,32,4,5,41,3064,1289,1775,456,711,2353,7.05052350195822,7.54740108611327,6.6896924,6.96092105263158,6.92371026722925,7.08884233319167,67
"71",2015,12,7.11111111111111,45,7.52380952380952,6.75,7.7,7.77272727272727,6.89705882352941,21,24,5,11,34,3109,1310,1799,461,722,2387,7.05140045352203,7.54702290076336,6.69049694830461,6.96893709327549,6.93664542936288,7.0861106032677,68
"72",2016,1,6.76,49,7.57052631578947,6.24666666666667,6.2,7,6.706,19,30,5,9,40,3158,1329,1829,466,731,2427,7.04687904053198,7.54735891647856,6.68321706396938,6.96068669527897,6.93742544459644,7.07984590440874,69
"73",2016,2,6.87714285714286,35,7.64166666666667,6.47826086956522,6.6,4.8,7.22333333333333,12,23,7,5,30,3193,1341,1852,473,736,2457,7.0450184810523,7.54820283370619,6.68067171166307,6.9553488372093,6.92290489130435,7.08159788766789,70
"74",2016,3,7.07567567567568,37,7.59583333333333,6.826,6.47,7.51666666666667,6.99032258064516,12,25,5,6,31,3230,1353,1877,478,742,2488,7.0453696625387,7.54862527716186,6.68260735748535,6.9502719665272,6.92770619946092,7.08046061495177,71
"75",2016,4,6.91142857142857,35,7.56,6.425,7,8.0625,6.57037037037037,15,20,5,8,27,3265,1368,1897,483,750,2515,7.04393384686064,7.54875,6.67989141275698,6.9507867494824,6.93981066666667,7.0749844970179,72
"76",2016,5,7.23214285714286,28,7.41666666666667,7.09375,6.625,7.5,7.1875,12,16,4,4,24,3293,1380,1913,487,754,2539,7.0455341664136,7.54760144927536,6.68335285415578,6.94811088295688,6.9427824933687,7.07604805435211,73
"77",2016,6,7.33965517241379,29,7.67,6.98571428571429,7.7,7.51111111111111,7.2625,15,14,2,9,20,3322,1395,1927,489,763,2559,7.04810174894642,7.54891756272401,6.68554956408926,6.95118609406953,6.94948623853211,7.07750527940602,74
"78",2016,7,7.38620689655172,29,7.96666666666667,7.125,6.95,6.8,7.50833333333333,9,20,6,5,24,3351,1404,1947,495,768,2583,7.05102775589376,7.55159544159544,6.69006369286081,6.95117171717172,6.94851302083333,7.08150832752614,75
"79",2016,8,6.92833333333333,30,7.70833333333333,6.40833333333333,5,8.0375,6.75769230769231,12,18,1,4,26,3381,1416,1965,496,772,2609,7.04993907423839,7.55292372881356,6.687482956743,6.94723790322581,6.95415544041451,7.07828133767727,76
"80",2016,9,6.96296296296296,27,7.68888888888889,6.6,7.0875,6.2,7.13636363636364,9,18,8,5,22,3408,1425,1983,504,777,2631,7.04925000293427,7.55378245614035,6.68668886031266,6.94946428571429,6.94930244530245,7.07876701254276,77
"81",2016,10,6.80597727272727,44,7.533125,6.39046428571429,6.62118181818182,5.41666666666667,7.02534210526316,16,28,11,6,38,3452,1441,2011,515,783,2669,7.04614919177288,7.55355308813324,6.68256440079562,6.94245242718447,6.93755810983397,7.07800637317348,78
"82",2016,11,7.12191176470588,34,7.41666666666667,6.96113636363636,7.49083333333333,7,7.13370967741935,12,22,6,3,31,3486,1453,2033,521,786,2700,7.04688812679288,7.55242257398486,6.68557895228726,6.94876775431862,6.93779643765903,7.07864592962963,79
"83",2016,12,6.54428571428571,35,7.775,6.052,6.46666666666667,7.0625,6.39074074074074,10,25,6,8,27,3521,1463,2058,527,794,2727,7.04189207895484,7.55394395078606,6.67788241496599,6.94327893738141,6.93905289672544,7.07183498716539,80
"84",2017,1,6.85151515151515,33,7.16,6.71739130434783,6.5,6.66666666666667,6.92083333333333,10,23,7,9,24,3554,1473,2081,534,803,2751,7.04012436972425,7.5512695179905,6.67831908217203,6.93746816479401,6.936,7.07051763358779,81
"85",2017,2,7.14423076923077,26,7.30769230769231,6.98076923076923,6.25,6.65,7.26190476190476,13,13,2,5,21,3580,1486,2094,536,808,2772,7.04088044972067,7.54913862718708,6.6801967574021,6.93490298507463,6.9342301980198,7.07196753607504,82
"86",2017,3,6.985,20,7.4,6.70833333333333,5.75,7.33333333333333,6.92352941176471,8,12,4,3,17,3600,1494,2106,540,811,2789,7.04057000277777,7.54834002677376,6.68035707977208,6.92612592592593,6.9357065351418,7.07106275008964,83
"87",2017,4,6.56666666666667,27,6.81666666666667,6.36666666666667,6.5,5.95,6.67391304347826,12,15,3,4,23,3627,1506,2121,543,815,2812,7.03704218637993,7.54250996015936,6.67813861857614,6.92377163904236,6.93086871165644,7.06781437055477,84
"88",2017,5,7.15451612903226,31,7.55642857142857,6.82352941176471,7.625,7,7.17107142857143,14,17,4,3,28,3658,1520,2138,547,818,2840,7.03803772826681,7.54263815789474,6.67929467259121,6.92889945155393,6.93112224938875,7.06883239788733,85
"89",2017,6,6.94117647058824,17,7.35714285714286,6.65,6.5,7,6.92857142857143,7,10,2,3,14,3675,1527,2148,549,821,2854,7.03758966258503,7.54178781925344,6.67915829143389,6.92733697632058,6.93137393422655,7.06814436229853,86
"90",2017,7,7.14705882352941,17,7.8,6.875,7.21428571428571,7.625,7,5,12,7,4,13,3692,1532,2160,556,825,2867,7.03809371885157,7.54263054830287,6.68024630092593,6.93094964028777,6.93473696969697,7.06783537146844,87
"91",2017,8,7.3576,25,7.91166666666667,6.84615384615385,7,7.75,7.23368421052632,12,13,4,6,19,3717,1544,2173,560,831,2886,7.04024267150928,7.54549870466322,6.68123884491486,6.93144285714286,6.94062334536703,7.06892723839224,88
"92",2017,9,7.23529411764706,17,8,7.13333333333333,6.875,7.375,7.19230769230769,2,15,4,4,13,3734,1546,2188,564,835,2899,7.04113069362614,7.54608667529108,6.68433821297989,6.93104255319149,6.94270419161677,7.06948051397034,89
"93",2017,10,6.98958333333333,24,7.45833333333333,6.52083333333333,6,6.875,7.046875,12,12,3,8,16,3758,1558,2200,567,843,2915,7.04080149281532,7.5454107830552,6.68344636818182,6.9261164021164,6.94206168446026,7.06935643567753,90
"94",2017,11,7.16447368421053,38,7.70625,6.77045454545455,7.325,7.22,7.15606060606061,16,22,4,5,33,3796,1574,2222,571,848,2948,7.04203951791359,7.5470457433291,6.68430783528353,6.92891068301226,6.94370047169811,7.07032700474899,91
"95",2017,12,6.8304347826087,23,6.97142857142857,6.76875,7.3,7.16666666666667,6.78,7,16,5,3,20,3819,1581,2238,576,851,2968,7.04076512437811,7.54449715370019,6.68491153261841,6.93213194444445,6.94448648648649,7.06837062331537,92
"96",2018,1,6.75161290322581,31,7.68333333333333,6.16315789473684,6,5.98333333333333,6.936,12,19,4,6,25,3850,1593,2257,580,857,2993,7.03843688571428,7.54554300062775,6.68051927780239,6.92570344827586,6.93775729288215,7.06726495489476,93
"97",2018,2,7.42592592592593,27,8,6.89285714285714,7.2,7.70833333333333,7.34523809523809,13,14,3,6,21,3877,1606,2271,583,863,3014,7.04113541655919,7.54922166874222,6.68182827388815,6.92711492281304,6.94311471610661,7.06920172859987,94
"98",2018,3,7.34090909090909,22,7.66666666666667,6.95,6,7.975,7.2,12,10,1,4,18,3899,1618,2281,584,867,3032,7.0428268812516,7.55009270704574,6.68300395002192,6.92552739726028,6.94787543252595,7.06997823548813,95
"99",2018,4,6.93103448275862,29,7.4,6.68421052631579,7.1,7,6.92307692307692,10,19,5,3,26,3928,1628,2300,589,870,3058,7.04200153004073,7.54917076167076,6.6830139173913,6.92700848896435,6.94805517241379,7.0687292380641,96
"100",2018,5,6.94909090909091,22,7.85272727272727,6.04545454545455,6,8.33333333333333,6.43,11,11,1,6,16,3950,1639,2311,590,876,3074,7.04148405316455,7.55120805369128,6.67997923409779,6.92543728813559,6.95754337899543,7.06540468770332,97
"101",2018,6,7.25,16,8.32857142857143,6.41111111111111,6,8,7.2,7,9,1,1,15,3966,1646,2320,591,877,3089,7.04232526727181,7.55451397326853,6.6789362112069,6.92387140439932,6.95873204104903,7.0660582745225,98
"102",2018,7,6.68823529411765,17,7.5,6.35,7,7.33333333333333,6.55,5,12,1,3,14,3983,1651,2332,592,880,3103,7.04081396183781,7.55434887946699,6.67724357204117,6.924,6.96000909090909,7.06372994199162,99
"103",2018,8,7.11333333333333,15,7.925,6.81818181818182,6.75,7.5,6.97272727272727,4,11,4,4,11,3998,1655,2343,596,884,3114,7.04108604552276,7.55524471299094,6.67790525394793,6.9228322147651,6.96245248868778,7.06340848105331,100
"104",2018,9,7.1875,16,7.83333333333333,6.8,7.16666666666667,6.5,7.28571428571429,6,10,3,2,14,4014,1661,2353,599,886,3128,7.04166965869457,7.5562492474413,6.67842414364641,6.92405342237062,6.9614085778781,7.06440345588236,101
"105",2018,10,6.61666666666667,24,7.61111111111111,6.02,6.375,6.5,6.62173913043478,9,15,4,1,23,4038,1670,2368,603,887,3151,7.03914363793957,7.55654491017964,6.67425338260135,6.92041127694859,6.96088838782413,7.06117232941923,102
"106",2018,11,7.11612903225806,31,7.46666666666667,7.032,7,7.1,7.11785714285714,6,25,3,3,28,4069,1676,2393,606,890,3179,7.0397301572868,7.556223150358,6.67799081069787,6.92080528052806,6.96135730337079,7.06167159798679,103
"107",2018,12,6.6,10,7.4,5.8,NA,6.5,6.61111111111111,5,5,0,1,9,4079,1681,2398,606,891,3188,7.03865212306938,7.55575847709697,6.67616013761468,6.92080528052806,6.96083950617284,7.06039962672522,104
"108",2019,1,6.64270833333333,24,7.56041666666667,5.725,6,6.365,6.71578947368421,12,12,2,5,19,4103,1693,2410,608,896,3207,7.03633609797709,7.55579149438866,6.67142407053942,6.91777631578948,6.95751450892857,7.05835797006548,105
"109",2019,2,7.19566666666667,27,7.784,6.84958823529412,6.28,7.02,7.23559090909091,10,17,5,5,22,4130,1703,2427,613,901,3229,7.03737772639225,7.55713153258955,6.67267202719407,6.91257422512235,6.95786126526082,7.05956550325178,106
"110",2019,3,7.16086956521739,23,7.67272727272727,6.69166666666667,6.5,7.63333333333333,7.09,11,12,2,3,20,4153,1714,2439,615,904,3249,7.03806164459427,7.55787339556593,6.67276548175482,6.91123252032521,6.96010287610619,7.05975285010773,107
"111",2019,4,7.0625,16,7.5,6.86363636363636,7.125,7.5,6.96153846153846,5,11,4,3,13,4169,1719,2450,619,907,3262,7.0381554353562,7.55770506108203,6.67362245306122,6.91261389337642,6.96188864388093,7.05936143776824,108
"112",2019,5,7.33653846153846,26,7.97916666666667,6.78571428571429,7.16666666666667,7,7.36458333333333,12,14,3,2,24,4195,1731,2464,622,909,3286,7.04000476996424,7.56062680531485,6.67425933847402,6.91383922829582,6.96197249724973,7.0615906908095,109
"113",2019,6,6.68181818181818,11,7.5,6.5,6,NA,6.68181818181818,2,9,1,0,11,4206,1733,2473,623,909,3297,7.03906800047551,7.56055683785343,6.67362515568136,6.91237239165329,6.96197249724973,7.06032363057325,110
"114",2019,7,6.95882352941176,17,7.2125,6.73333333333333,7.25,6.5,6.9875,8,9,2,1,16,4223,1741,2482,625,910,3313,7.03874497040019,7.55895749569213,6.67384166398066,6.9134528,6.96146483516484,7.05997193178388,111
"115",2019,8,6.70238095238095,21,7.625,6.48529411764706,6.75,7.25,6.61111111111111,4,17,1,3,18,4244,1745,2499,626,913,3331,7.03708058671065,7.55910888252149,6.67255902761104,6.91319169329074,6.96241292442497,7.05754638546983,112
"116",2019,9,6.89411764705882,17,7.65,6.22222222222222,8,6.64,7,8,9,1,5,12,4261,1753,2508,627,918,3343,7.03651021121802,7.55952367370223,6.67094298644338,6.91492503987241,6.9606568627451,7.05733981752917,113
"117",2019,10,6.69318181818182,22,7.625,5.91666666666667,4.9,5.56,7.02647058823529,10,12,5,5,17,4283,1763,2520,632,923,3360,7.03474667522764,7.55989506522972,6.66735119444444,6.89898417721519,6.95306933911159,7.05718363392857,114
"118",2019,11,7.6,18,8.04285714285714,7.31818181818182,8.5,7,7.675,7,11,2,2,16,4301,1770,2531,634,925,3376,7.03711230179028,7.56180508474576,6.67017977479257,6.90403470031546,6.95317081081081,7.0601116735782,115
"119",2019,12,6.91875,16,7.5,6.725,6.9,6,7.05,4,12,5,2,14,4317,1774,2543,639,927,3390,7.03667361825341,7.56166572717024,6.67043846244593,6.90400312989046,6.95111434735707,7.06006991445428,116
"120",2020,1,6.73333333333333,15,7.48,6.36,5.875,7.55,6.60769230769231,5,10,4,2,13,4332,1779,2553,643,929,3403,7.03562327100646,7.56143620011242,6.66922248726988,6.89760186625195,6.9524036598493,7.05834176021158,117
"121",2020,2,6.85833333333333,30,6.905,6.835,7.66666666666667,6.585,6.87785714285714,10,20,3,2,28,4362,1789,2573,646,931,3431,7.03440394543787,7.55776690888765,6.67051108045083,6.901173374613,6.95161439312567,7.05686884581755,118
"122",2020,3,7.26666666666667,15,7.75714285714286,6.8375,6,6.95,7.38181818181818,7,8,1,4,11,4377,1796,2581,647,935,3442,7.03519991089787,7.55854398663697,6.6710286749322,6.89978052550232,6.95160748663102,7.0579073242301,119
"123",2020,4,7.15555555555556,27,7.82307692307692,6.53571428571429,8,7.6,7.05454545454545,13,14,1,5,22,4404,1809,2595,648,940,3464,7.03593778610354,7.56044499723604,6.67029865510597,6.90147839506173,6.95505638297872,7.05788597286374,120
"124",2020,5,7.22894736842105,19,7.585,6.83333333333333,6.5,8.43,6.8,10,9,2,5,14,4423,1819,2604,650,945,3478,7.03676690255482,7.56057998900495,6.6708621390169,6.90024307692308,6.96286031746032,7.0568479039678,121
"125",2020,6,7.14142857142857,14,7.375,6.83,5.74,6.33333333333333,7.36181818181818,8,6,2,3,11,4437,1827,2610,652,948,3489,7.03709713995943,7.55976737821566,6.67122797318007,6.89668404907976,6.96086814345992,7.05780940384065,122
"126",2020,7,6.33333333333333,15,7,6,4,7,6.28571428571429,5,10,1,1,14,4452,1832,2620,653,949,3503,7.03472596810422,7.55823962882096,6.66866603435114,6.89224808575804,6.96090937829294,7.05472366828433,123
"127",2020,8,6.42142857142857,14,6.41428571428571,6.42857142857143,6.66666666666667,NA,6.42142857142857,7,7,3,0,14,4466,1839,2627,656,949,3517,7.0328034057322,7.55388526373029,6.66802626950894,6.89121646341464,6.96090937829294,7.05220273244243,124
"128",2020,9,6.97727272727273,22,7.25,6.5,9,7.41666666666667,6.8125,14,8,1,6,16,4488,1853,2635,657,955,3533,7.03253119652406,7.55158931462493,6.66751613282732,6.89442617960426,6.96377277486911,7.05111718369658,125
"129",2020,10,7.09090909090909,33,7.73333333333333,6.72380952380952,6.8,8.15,7.02258064516129,12,21,5,2,31,4521,1865,2656,662,957,3564,7.03295731254147,7.55275871313673,6.66796122364458,6.89371299093656,6.96625182863114,7.05086897025814,126
"130",2020,11,6.43870967741935,31,7.36666666666667,5.56875,5.36666666666667,8.5,6.29655172413793,15,16,3,2,29,4552,1880,2672,665,959,3593,7.02891037126537,7.55127393617021,6.66137912050898,6.88682406015038,6.96945046923879,7.04478068744782,127
"131",2020,12,6.62777777777778,18,7.71666666666667,6.08333333333333,6.16666666666667,8.5,6.51764705882353,6,12,3,1,17,4570,1886,2684,668,960,3610,7.0273304179431,7.55180010604454,6.65879471311475,6.88358982035928,6.97104479166667,7.04229834072022,128
"132",2021,1,6.97368421052632,19,7.25,6.66666666666667,7.5,7,6.97222222222222,10,9,2,1,18,4589,1896,2693,670,961,3628,7.02710830464153,7.55020833333333,6.65882102116598,6.88542985074627,6.9710749219563,7.04195066427784,129
"133",2021,2,6.54444444444444,18,7.3,6.25384615384615,5.875,6.25,6.58125,5,13,4,2,16,4607,1901,2706,674,963,3644,7.0252224896896,7.54955023671752,6.65687546563193,6.87943323442137,6.96957736240914,7.03992782930846,130
"134",2021,3,7.5804347826087,23,8.25909090909091,6.95833333333333,7.26666666666667,7.53333333333333,7.5875,11,12,3,3,20,4630,1912,2718,677,966,3664,7.0279805637149,7.55363232217573,6.65820640544518,6.88114918759232,6.9713281573499,7.04291676037118,131
"135",2021,4,6.51,20,7,6.18333333333333,6,5.83333333333333,6.62941176470588,8,12,1,3,17,4650,1920,2730,678,969,3681,7.02575269032258,7.55132552083333,6.65611905128205,6.87984955752213,6.96780495356037,7.04100706601467,132
"136",2021,5,6.662,20,7.35,6.20333333333333,6.16666666666667,NA,6.662,8,12,3,0,20,4670,1928,2742,681,969,3701,7.02419486295503,7.55049014522822,6.65413749452954,6.87670778267254,6.96780495356037,7.03895893272089,133
"137",2021,6,7.45,12,7.76666666666667,6.5,6.5,NA,7.45,9,3,1,0,12,4682,1937,2745,682,969,3713,7.02528620461341,7.55149457924626,6.65396903825136,6.87615542521994,6.96780495356037,7.0402873713978,134
"138",2021,7,7.12538461538462,13,8.21,6.8,6.75,7.4075,7,3,10,2,4,9,4695,1940,2755,684,973,3722,7.02556336741214,7.55251288659794,6.65449909618875,6.8757865497076,6.9696125385406,7.04018995432564,135
"139",2021,8,7.60533333333333,15,8.22571428571429,7.0625,7.5,8.5,7.38166666666667,7,8,1,3,12,4710,1947,2763,685,976,3734,7.02740976857749,7.5549332306112,6.65568042345277,6.87669781021898,6.97431659836066,7.0412873620782,136
"140",2021,9,6.89466666666667,15,7.16666666666667,6.82666666666667,6,7,6.88714285714286,3,12,2,1,14,4725,1950,2775,687,977,3748,7.02698836190476,7.5543358974359,6.65641982342342,6.87414556040757,6.9743428863869,7.04071158217717,137
"141",2021,10,6.91533333333333,15,7.59,6.325,5,7.5,6.87357142857143,7,8,1,1,14,4740,1957,2783,688,978,3762,7.02663502320675,7.55446346448646,6.65546712540424,6.87142151162791,6.97488036809816,7.0400895826688,138
"142",2021,11,6.79666666666667,15,7.75714285714286,5.95625,NA,7.25,6.72692307692308,7,8,0,2,13,4755,1964,2791,688,980,3775,7.02590957097792,7.55518584521385,6.65346292010032,6.87142151162791,6.97544183673469,7.03901112847683,139
"143",2021,12,6.63448275862069,29,7.12941176470588,5.93333333333333,5.66666666666667,6.8,6.61538461538461,17,12,3,3,26,4784,1981,2803,691,983,3801,7.02353679138796,7.55153205451792,6.65037995362112,6.86619102749638,6.97490640895219,7.03611339384373,140
"144",2022,1,7.03811764705882,34,7.61846153846154,6.67885714285714,6.625,7.35,6.94215384615385,13,21,2,8,26,4818,1994,2824,693,991,3827,7.02363968659194,7.55196840521565,6.65059171742209,6.86549494949495,6.97793440968719,7.03547504834074,141
"145",2022,2,6.99411764705882,17,6.73333333333333,7.13636363636364,NA,4.5,7.32666666666667,6,11,0,2,15,4835,2000,2835,693,993,3842,7.02353588624612,7.5495125,6.65247654673721,6.86549494949495,6.97294360523666,7.03661192347736,142
"146",2022,3,7.075,22,7.8,6.57307692307692,6,6.83,7.14705882352941,9,13,1,5,17,4857,2009,2848,694,998,3859,7.02376899526457,7.55063464410154,6.65211411867977,6.86424783861672,6.97222745490982,7.03709847369785,143
"147",2022,4,7.99818181818182,11,8.316,7.73333333333333,9,8,7.9975,5,6,1,3,8,4868,2014,2854,695,1001,3867,7.02597083196384,7.55253475670308,6.65438717939734,6.86732086330935,6.97530769230769,7.0390853400569,144
"148",2022,5,8.47619047619048,21,8,8.76923076923077,5,10,8.4,8,13,1,1,20,4889,2022,2867,696,1002,3887,7.03220004295357,7.55430514342235,6.66397663411231,6.86463793103449,6.97832634730539,7.04608773089787,145
"149",2022,6,7.3125,16,7.125,7.375,6,6.625,7.54166666666667,4,12,3,4,12,4905,2026,2879,699,1006,3899,7.03311437512742,7.55345755182626,6.66694026050712,6.86092703862661,6.97692147117296,7.04761298025135,146
"150",2022,7,7.358,10,7.5,7.26333333333333,8,6,7.50888888888889,4,6,1,1,9,4915,2030,2885,700,1007,3908,7.03377538351984,7.55335221674877,6.66818059272097,6.86255428571429,6.97595134061569,7.04867528403276,147
"151",2022,8,7,17,7.38,6.45714285714286,7.1,6.5,7.03125,10,7,2,1,16,4932,2040,2892,702,1008,3924,7.03365896390916,7.55250245098039,6.66766978215768,6.86323076923077,6.97547916666667,7.04860423292559,148
"152",2022,9,7.51388888888889,18,8.25,6.925,7.3125,7.5,7.515625,8,10,4,2,16,4950,2048,2902,706,1010,3940,7.03540525454545,7.55522705078125,6.66855651619573,6.86577620396601,6.97651782178218,7.05050076395939,149
"153",2022,10,7.159375,16,7.53333333333333,6.935,7.625,7.9875,6.88333333333333,6,10,2,4,12,4966,2054,2912,708,1014,3952,7.03580467378172,7.55516309639727,6.66947150068681,6.8679209039548,6.98050591715976,7.04999317054656,150
"154",2022,11,6.91071428571429,14,6.86111111111111,7,8,6.25,7.09090909090909,9,5,1,3,11,4980,2063,2917,709,1017,3963,7.03545301405623,7.55213523994183,6.67003805622215,6.86951763046545,6.97835103244838,7.05010673984356,151
"155",2022,12,6.43333333333333,15,7.27777777777778,5.16666666666667,NA,8.5,6.28571428571429,9,6,0,1,14,4995,2072,2923,709,1018,3977,7.03364484684685,7.55094353281853,6.66695210742388,6.86951763046545,6.97984577603143,7.04741589388987,152
