"","year","month","avg_rating","no_ratings","avg_rating_owned","avg_rating_not_owned","avg_rating_prev_owned","avg_rating_comment","avg_rating_no_comment","no_ratings_owned","no_ratings_not_owned","no_ratings_prev_owned","no_ratings_comment","no_ratings_no_comment","cum_no_ratings","cum_no_ratings_owned","cum_no_ratings_not_owned","cum_no_ratings_prev_owned","cum_no_ratings_comment","cum_no_ratings_no_comment","cum_avg_rating","cum_avg_rating_owned","cum_avg_rating_not_owned","cum_avg_rating_prev_owned","cum_avg_rating_comment","cum_avg_rating_no_comment","month_after_release"
"1",2010,5,8,2,8,8,NA,NA,8,1,1,0,0,2,2,1,1,0,0,2,8,8,8,NA,NA,8,-5
"2",2010,6,8,1,NA,8,NA,NA,8,0,1,0,0,1,3,1,2,0,0,3,8,8,8,NA,NA,8,-4
"3",2010,8,8.5,1,NA,8.5,NA,NA,8.5,0,1,0,0,1,4,1,3,0,0,4,8.125,8,8.16666666666667,NA,NA,8.125,-2
"4",2010,10,7.63676470588235,68,8.31612903225806,7.06756756756757,7.5,7.48333333333333,7.692,31,37,1,18,50,72,32,40,1,18,54,7.66388888888889,8.30625,7.15,7.5,7.48333333333333,7.72407407407407,0
"5",2010,11,7.71851851851852,135,8.12377049180328,7.38445945945946,8.10714285714286,7.45833333333333,7.81313131313131,61,74,7,36,99,207,93,114,8,54,153,7.69951690821256,8.18655913978495,7.30219298245614,8.03125,7.46666666666667,7.78169934640523,1
"6",2010,12,7.4981308411215,107,8.07093023255814,7.11328125,7.15714285714286,7.33666666666667,7.56103896103896,43,64,7,30,77,314,136,178,15,84,230,7.63089171974522,8.15,7.23426966292135,7.62333333333333,7.4202380952381,7.70782608695652,2
"7",2011,1,7.775,170,8.30886075949367,7.31153846153846,7.27777777777778,8.06,7.65625,79,91,9,50,120,484,215,269,24,134,350,7.68150826446281,8.20837209302326,7.26040892193309,7.49375,7.6589552238806,7.69014285714286,3
"8",2011,2,7.82148760330579,121,8.43979591836735,7.40069444444444,8.08333333333333,7.88928571428571,7.8010752688172,49,72,6,28,93,605,264,341,30,162,443,7.70950413223141,8.25132575757576,7.2900293255132,7.61166666666667,7.69876543209877,7.71343115124154,4
"9",2011,3,7.89767441860465,129,8.3075,7.54130434782609,8.42857142857143,7.84230769230769,7.91165048543689,60,69,7,26,103,734,324,410,37,188,546,7.74257493188011,8.26172839506173,7.33231707317073,7.76621621621622,7.7186170212766,7.75082417582418,5
"10",2011,4,7.71409090909091,110,8.42641509433962,7.05175438596491,7.37,7.74347826086957,7.70632183908046,53,57,10,23,87,844,377,467,47,211,633,7.73886255924171,8.28488063660478,7.29807280513919,7.68191489361702,7.72132701421801,7.74470774091627,6
"11",2011,5,7.6457264957265,117,8.19222222222222,7.30416666666667,6.95714285714286,7.7175,7.63092783505155,45,72,7,20,97,961,422,539,54,231,730,7.72752341311134,8.275,7.29888682745826,7.58796296296296,7.72099567099567,7.72958904109589,7
"12",2011,6,7.60402298850575,87,8.02051282051282,7.265625,8.16666666666667,7.34375,7.66267605633803,39,48,3,16,71,1048,461,587,57,247,801,7.71727099236641,8.25347071583514,7.29616695059625,7.61842105263158,7.69655870445344,7.72365792759051,8
"13",2011,7,7.65,98,8.05714285714286,7.34464285714286,7.03125,7.56190476190476,7.67402597402597,42,56,8,21,77,1146,503,643,65,268,878,7.71151832460733,8.23707753479125,7.30038880248834,7.54615384615385,7.68600746268657,7.71930523917995,9
"14",2011,8,7.79759036144578,83,8.2675,7.36046511627907,7.875,7.67380952380952,7.83951612903226,40,43,6,21,62,1229,543,686,71,289,940,7.7173311635476,8.23931860036832,7.30415451895044,7.57394366197183,7.68512110726644,7.72723404255319,10
"15",2011,9,7.86237113402062,97,8.305,7.55175438596491,7.58333333333333,7.46086956521739,7.98716216216216,40,57,12,23,74,1326,583,743,83,312,1014,7.72794117647059,8.24382504288165,7.32314939434724,7.57530120481928,7.66858974358974,7.74620315581854,11
"16",2011,10,7.60490196078431,102,8.23333333333333,7.165,7.5,7.225,7.72179487179487,42,60,9,24,78,1428,625,803,92,336,1092,7.71915266106443,8.24312,7.31133250311333,7.5679347826087,7.63690476190476,7.74445970695971,12
"17",2011,11,7.53211009174312,109,8.18723404255319,7.03548387096774,7.5,7.21428571428571,7.60795454545455,47,62,8,21,88,1537,672,865,100,357,1180,7.70588809368901,8.23921130952381,7.29156069364162,7.5625,7.61204481792717,7.73427966101695,13
"18",2011,12,7.82612612612613,111,8.15862068965517,7.4622641509434,7.875,7.77391304347826,7.83977272727273,58,53,8,23,88,1648,730,918,108,380,1268,7.71398665048544,8.23280821917808,7.30141612200436,7.58564814814815,7.62184210526316,7.74160094637224,14
"19",2012,1,7.62541755725191,131,8.18363636363636,7.22144342105263,7.78571428571429,7.7,7.60326435643564,55,76,14,30,101,1779,785,994,122,410,1369,7.70746469926925,8.22936305732484,7.29530150905433,7.60860655737705,7.62756097560976,7.73139495982469,15
"20",2012,2,7.6467032967033,91,8.30416666666667,7.21636363636364,6.5625,7.42,7.69144736842105,36,55,8,15,76,1870,821,1049,130,425,1445,7.70450786096257,8.2326431181486,7.2911627264061,7.54423076923077,7.62023529411765,7.7292939100346,16
"21",2012,3,7.59473684210526,76,8.01481481481481,7.36326530612245,7.25454545454545,7.34545454545455,7.63692307692308,27,49,11,11,65,1946,848,1098,141,436,1510,7.70022081192189,8.22570754716981,7.29438041894353,7.52163120567376,7.61330275229358,7.7253176821192,17
"22",2012,4,7.39480519480519,77,7.944,7.13076923076923,7.53333333333333,7.66,7.30175438596491,25,52,9,20,57,2023,873,1150,150,456,1567,7.68859599604548,8.21764032073311,7.28698234782609,7.52233333333333,7.61535087719298,7.70991046585833,18
"23",2012,5,7.48795180722892,83,7.9,7.216,7.57142857142857,7.28125,7.53731343283582,33,50,7,16,67,2106,906,1200,157,472,1634,7.6806883665717,8.2060706401766,7.28402475,7.52452229299363,7.60402542372881,7.70283335373317,19
"24",2012,6,7.53455882352941,68,8.05806451612903,7.09594594594595,6.5,6.95,7.63534482758621,31,37,4,10,58,2174,937,1237,161,482,1692,7.67611761729531,8.20117395944504,7.27839911075182,7.49906832298137,7.59045643153527,7.70051991725768,20
"25",2012,7,7.52894736842105,76,8.21111111111111,7.1530612244898,7.28571428571429,7.68,7.49180327868852,27,49,14,15,61,2250,964,1286,175,497,1753,7.67114653333334,8.20145228215768,7.2736234059098,7.482,7.59315895372233,7.69325710211067,21
"26",2012,8,7.65378787878788,66,7.98787878787879,7.31969696969697,7.54166666666667,7.6,7.66339285714286,33,33,6,10,56,2316,997,1319,181,507,1809,7.6706518566494,8.19438314944835,7.27477611827142,7.48397790055249,7.59329388560158,7.69233261470426,22
"27",2012,9,7.41222222222222,45,7.81458333333333,6.95238095238095,7,8.10714285714286,7.28421052631579,24,21,1,7,38,2361,1021,1340,182,514,1847,7.6657262600593,8.18545543584721,7.26972365671642,7.48131868131868,7.60029182879377,7.6839359501895,23
"28",2012,10,7.39555555555556,81,8.05,7.04981132075472,6.63636363636364,6.60909090909091,7.51914285714286,28,53,11,11,70,2442,1049,1393,193,525,1917,7.65676482391483,8.18183984747379,7.26135656855707,7.43316062176166,7.57952380952381,7.67791846635368,24
"29",2012,11,7.475,68,8.10645161290323,6.94594594594595,6.25,7.25,7.52321428571429,31,37,4,12,56,2510,1080,1430,197,537,1973,7.65184051792829,8.17967592592593,7.25319559440559,7.40913705583756,7.57216014897579,7.67352747085656,25
"30",2012,12,7.725,76,8.30857142857143,7.22682926829268,6.5,7.30769230769231,7.81111111111111,35,41,6,13,63,2586,1115,1471,203,550,2036,7.65399060324826,8.18372197309417,7.25246070700204,7.38226600985222,7.56590909090909,7.67778472495088,26
"31",2013,1,7.71818181818182,77,8.01190476190476,7.36571428571429,6.5,8,7.64426229508197,42,35,5,16,61,2663,1157,1506,208,566,2097,7.65584667668044,8.17748487467589,7.25509276228419,7.36105769230769,7.57818021201413,7.6768095851216,27
"32",2013,2,7.28923076923077,65,8.18636363636364,6.83023255813954,7,7.31666666666667,7.2864406779661,22,43,5,6,59,2728,1179,1549,213,572,2156,7.64711132697947,8.17765055131468,7.24329870884441,7.35258215962441,7.57543706293706,7.66612694805195,28
"33",2013,3,7.55034482758621,58,8.16666666666667,7.273,7.412,7.172,7.62916666666667,18,40,10,10,48,2786,1197,1589,223,582,2204,7.64509680545585,8.17748538011696,7.24404638137193,7.3552466367713,7.56850515463918,7.66532200544465,29
"34",2013,4,7.40029411764706,51,7.6675,7.25454545454545,7.64285714285714,6.87272727272727,7.545375,18,33,7,11,40,2837,1215,1622,230,593,2244,7.64069605216778,8.16993004115226,7.24425998766954,7.364,7.55559865092749,7.66318391265597,30
"35",2013,5,7.44418333333333,60,8.01505,7.15875,7.01,6.92091666666667,7.575,20,40,15,12,48,2897,1235,1662,245,605,2292,7.63662606144287,8.16742186234818,7.24220198555956,7.34232653061224,7.54300991735537,7.66133712914485,31
"36",2013,6,7.44659090909091,44,8.18684210526316,6.884,7.82,7.21666666666667,7.48289473684211,19,25,5,6,38,2941,1254,1687,250,611,2330,7.6337829649779,8.16771610845295,7.23689371665678,7.35188,7.53980523731588,7.65842690987124,32
"37",2013,7,7.63617021276596,47,8.19130434782609,7.10416666666667,7.58333333333333,6.925,7.78205128205128,23,24,6,8,39,2988,1277,1711,256,619,2369,7.63382051539492,8.16814095536414,7.23503196960841,7.3573046875,7.53185945072698,7.66046209371042,33
"38",2013,8,7.553,50,7.75714285714286,7.4051724137931,7.75,8,7.49204545454545,21,29,6,6,44,3038,1298,1740,262,625,2413,7.63249035549704,8.16149152542373,7.23786764367816,7.36629770992366,7.5363536,7.65739108992955,34
"39",2013,9,7.56666666666667,54,7.8037037037037,7.32962962962963,7.38888888888889,7.725,7.53068181818182,27,27,9,10,44,3092,1325,1767,271,635,2457,7.63134078266494,8.15420075471698,7.23926977928692,7.3670479704797,7.53932440944882,7.65512197802198,35
"40",2013,10,7.53769230769231,65,8.06964285714286,7.13513513513514,7.17,7.88888888888889,7.48125,28,37,10,9,56,3157,1353,1804,281,644,2513,7.62941263858093,8.15245084996305,7.23713398004434,7.36003558718861,7.54420962732919,7.65124739355352,36
"41",2013,11,7.28125,72,7.82121212121212,6.82435897435897,6.7,7.0125,7.31484375,33,39,5,8,64,3229,1386,1843,286,652,2577,7.62164933415919,8.14456421356421,7.2283991861096,7.3484965034965,7.53768558282209,7.642892782305,37
"42",2013,12,7.7719696969697,66,8.24166666666667,7.38055555555556,7.125,7.59090909090909,7.80818181818182,30,36,8,11,55,3295,1416,1879,294,663,2632,7.62466030349014,8.14662146892655,7.23131436934539,7.34241496598639,7.53856862745098,7.64634677051672,38
"43",2014,1,7.66506849315068,73,8.1474358974359,7.11176470588235,7.71428571428571,7.7375,7.64473684210526,39,34,7,16,57,3368,1455,1913,301,679,2689,7.62553613420428,8.14664329896907,7.22918959749085,7.35106312292359,7.54325625920471,7.64631264410562,39
"44",2014,2,7.5547619047619,63,7.93392857142857,7.25142857142857,7.2,7.58,7.55,28,35,8,10,53,3431,1483,1948,309,689,2742,7.62423657825707,8.1426271072151,7.22958916837782,7.34715210355987,7.54378955007257,7.64445102115244,40
"45",2014,3,7.57096774193548,62,7.9,7.2625,6.76666666666667,7.51428571428571,7.57818181818182,30,32,6,7,55,3493,1513,1980,315,696,2797,7.62329106784999,8.1378162590879,7.23012106060606,7.33609523809524,7.54349281609196,7.64314790847336,41
"46",2014,4,7.195,50,8.06666666666667,6.82142857142857,7.7625,7.275,7.16973684210526,15,35,4,12,38,3543,1528,2015,319,708,2835,7.61724688117415,8.13711780104712,7.22302218362283,7.34144200626959,7.53894209039548,7.6368023633157,42
"47",2014,5,7.27083333333333,48,7.72916666666667,6.8125,7.825,7.6,7.205,24,24,4,8,40,3591,1552,2039,323,716,2875,7.6126164578112,8.13080927835051,7.21819014222658,7.34743034055727,7.53962430167598,7.63079467826087,43
"48",2014,6,7.49302325581395,43,7.72777777777778,7.324,7.8,7.62222222222222,7.45882352941176,18,25,5,9,34,3634,1570,2064,328,725,2909,7.61120134837645,8.12618853503185,7.21947175387597,7.35432926829268,7.54064965517242,7.62878470264696,44
"49",2014,7,7.28018867924528,53,8.14772727272727,6.66451612903226,7.48571428571429,6.77777777777778,7.38295454545455,22,31,7,9,44,3687,1592,2095,335,734,2953,7.60644309736914,8.12648618090452,7.21126,7.35707462686567,7.53129564032698,7.62512180833051,45
"50",2014,8,7.6140350877193,57,8.30357142857143,6.94827586206897,6.8125,7.57142857142857,7.62790697674419,28,29,8,14,43,3744,1620,2124,343,748,2996,7.60655868055556,8.12954691358025,7.20766935028248,7.34437317784257,7.53204679144385,7.6251617823765,46
"51",2014,9,7.16951219512195,41,8.16153846153846,6.70892857142857,6.71428571428571,7.58571428571429,7.08382352941176,13,28,7,7,34,3785,1633,2152,350,755,3030,7.60182449141348,8.12980159216166,7.20118015799256,7.33177142857143,7.53254437086093,7.61908735973597,47
"52",2014,10,7.673,50,8.34782608695652,7.09814814814815,7.42857142857143,7,7.82073170731707,23,27,7,9,41,3835,1656,2179,357,764,3071,7.60275246414603,8.13282971014493,7.19990348783846,7.33366946778711,7.52627094240838,7.62177945294692,48
"53",2014,11,7.50264150943396,53,8.02380952380952,7.160625,7.33333333333333,7.46461538461539,7.515,21,32,6,13,40,3888,1677,2211,363,777,3111,7.60138778292181,8.13146451997615,7.19933500678426,7.33366391184573,7.52523938223939,7.62040652523304,49
"54",2014,12,7.76603773584906,53,8.28214285714286,7.188,7.5,7.7125,7.77555555555556,28,25,2,8,45,3941,1705,2236,365,785,3156,7.60360205531591,8.13393900293255,7.19920827370304,7.33457534246575,7.52714777070064,7.62261872623574,50
"55",2015,1,7.68095238095238,63,8.08064516129032,7.29375,7,7.72857142857143,7.675,31,32,5,7,56,4004,1736,2268,370,792,3212,7.60481910589411,8.13298732718894,7.20054219576719,7.33005405405405,7.52892803030303,7.62353197384807,51
"56",2015,2,7.23125,48,7.92727272727273,6.64230769230769,7.38571428571429,8.5,7.14666666666667,22,26,7,3,45,4052,1758,2294,377,795,3257,7.60039380552814,8.13041296928328,7.1942152136007,7.3310875331565,7.53259245283019,7.61694341418483,52
"57",2015,3,7.81846153846154,65,8.35185185185185,7.43947368421053,7.8,7.92307692307692,7.79230769230769,27,38,5,13,52,4117,1785,2332,382,808,3309,7.60383670148166,8.13376246498599,7.19821170668954,7.33722513089005,7.538875,7.61969921426413,53
"58",2015,4,7.34767441860465,43,7.95625,6.98703703703704,7.60714285714286,7.2,7.3671052631579,16,27,7,5,38,4160,1801,2359,389,813,3347,7.60118887019231,8.13218545252637,7.19579470114455,7.3420822622108,7.53679089790898,7.61683140125485,54
"59",2015,5,7.16842105263158,57,7.89444444444444,6.515,6.83333333333333,7,7.20425531914894,27,30,3,10,47,4217,1828,2389,392,823,3394,7.59533926962296,8.12867396061269,7.18724558392633,7.3381887755102,7.53026852976914,7.61111806128462,55
"60",2015,6,7.62955555555556,45,8.6075,7.09,7.07142857142857,8.125,7.58121951219512,16,29,7,4,41,4262,1844,2418,399,827,3435,7.59570053965275,8.13282863340564,7.18607928039702,7.33350877192982,7.53314510278114,7.61076119359534,56
"61",2015,7,7.31276595744681,47,8.085,6.74074074074074,6.7625,6.1375,7.55384615384615,20,27,8,8,39,4309,1864,2445,407,835,3474,7.59261445811093,8.13231545064378,7.18116143149284,7.32228501228501,7.51977365269461,7.61012225100748,57
"62",2015,8,7.42093023255814,43,8.07058823529412,6.99615384615385,7.1875,6.84444444444444,7.57352941176471,17,26,8,9,34,4352,1881,2471,415,844,3508,7.59091812959559,8.13175757575758,7.17921477134763,7.31968674698795,7.51257227488152,7.60976758836944,58
"63",2015,9,7.35943396226415,53,7.895,7.03484848484849,7.94,6.71428571428571,7.45760869565217,20,33,5,7,46,4405,1901,2504,420,851,3554,7.58813296254257,8.12926670173593,7.17731218051118,7.32707142857143,7.50600587544066,7.60779817107484,59
"64",2015,10,7.43068181818182,44,7.79545454545455,7.06590909090909,8.14,7.22,7.49264705882353,22,22,5,10,34,4449,1923,2526,425,861,3588,7.58657579231288,8.12544773790952,7.1763419239905,7.33663529411765,7.50268408826946,7.60670699554069,60
"65",2015,11,7.58518518518519,54,7.84333333333333,7.2625,8,7,7.67234042553191,30,24,5,7,47,4503,1953,2550,430,868,3635,7.5865591161448,8.12111418330773,7.17715282352941,7.3443488372093,7.4986301843318,7.6075556258597,61
"66",2015,12,7.58292682926829,41,7.95652173913043,7.10555555555556,7.53,6.98333333333333,7.68571428571429,23,18,5,6,35,4544,1976,2568,435,874,3670,7.58652634242958,8.1191983805668,7.17665097352025,7.34648275862069,7.49509267734554,7.60830100817438,62
"67",2016,1,7.634375,64,8.07794117647059,7.13166666666667,6.71111111111111,7.55555555555556,7.64727272727273,34,30,9,9,55,4608,2010,2598,444,883,3725,7.58719090711806,8.11850049751244,7.17613152424942,7.3336036036036,7.49570894677237,7.6088764295302,63
"68",2016,2,7.36222222222222,45,7.55882352941176,7.24285714285714,7.1625,7.4,7.3575,17,28,8,5,40,4653,2027,2626,452,888,3765,7.58501519449818,8.11380661075481,7.17684299314547,7.33057522123894,7.49517004504505,7.60620576361222,64
"69",2016,3,7.3953488372093,43,7.915,6.94347826086956,7.17142857142857,7.06666666666667,7.44864864864865,20,23,7,6,37,4696,2047,2649,459,894,3802,7.58327847103919,8.11186419149975,7.174816798792,7.32814814814815,7.49229418344519,7.60467246186218,65
"70",2016,4,7.32790697674419,43,7.89375,6.99259259259259,6.8,6.9875,7.40571428571429,16,27,8,8,35,4739,2063,2676,467,902,3837,7.58096132095379,8.11017256422685,7.17297821375187,7.31910064239829,7.48781707317073,7.60285762314308,66
"71",2016,5,7.61794871794872,39,8.45,6.54117647058824,7.15,7.91111111111111,7.53,22,17,2,9,30,4778,2085,2693,469,911,3867,7.58126322729176,8.11375827338129,7.16898986260676,7.31837953091684,7.49199890230516,7.60229239720714,67
"72",2016,6,7.38,25,7.72727272727273,7.10714285714286,7.33333333333333,7,7.39583333333333,11,14,3,1,24,4803,2096,2707,472,912,3891,7.5802156360608,8.11172996183206,7.16867000369413,7.31847457627119,7.49145942982456,7.60101894114623,68
"73",2016,7,7.2946875,32,7.633125,6.95625,7,7.54,7.24925925925926,16,16,1,5,27,4835,2112,2723,473,917,3918,7.57832589451913,8.10810416666666,7.16742185089974,7.31780126849894,7.49172410032716,7.59859486983154,69
"74",2016,8,7.30394736842105,38,8.03125,6.775,6.3125,8.25,7.19264705882353,16,22,4,4,34,4873,2128,2745,477,921,3952,7.57618627129079,8.10752631578947,7.16427675774135,7.30937106918239,7.49501737242128,7.59510240384615,70
"75",2016,9,7.27333333333333,45,7.79545454545455,6.77391304347826,7,7.875,7.21463414634146,22,23,1,4,41,4918,2150,2768,478,925,3993,7.57341514843433,8.10433302325581,7.16103312861272,7.30872384937238,7.49666054054054,7.59119576759329,71
"76",2016,10,7.536,50,7.875,7.22307692307692,7.12,7.84285714285714,7.48604651162791,24,26,10,7,43,4968,2174,2794,488,932,4036,7.57303858695653,8.10180128794848,7.16161048675734,7.30485655737705,7.49926072961374,7.59007549554014,72
"77",2016,11,7.61933333333333,60,8.10172413793103,7.16806451612903,7.16666666666667,7.13875,7.69326923076923,29,31,6,8,52,5028,2203,2825,494,940,4088,7.57359103023071,8.10180027235588,7.16168130973451,7.30317813765182,7.49619255319149,7.59138813600783,73
"78",2016,12,7.30653846153846,52,7.54576923076923,7.06730769230769,7.04166666666667,8.20666666666667,7.18913043478261,26,26,6,6,46,5080,2229,2851,500,946,4134,7.57085742125985,8.09531449080305,7.16082065941775,7.30004,7.50069873150106,7.58691211901306,74
"79",2017,1,7.47213114754098,61,8.12592592592593,6.95294117647059,7.21428571428571,7.4,7.48627450980392,27,34,7,10,51,5141,2256,2885,507,956,4185,7.56968599494262,8.09568085106383,7.15837077989601,7.29885601577909,7.49964539748954,7.58568571087216,75
"80",2017,2,7.26183333333333,60,8.10344827586207,6.47451612903226,6.8,8.25,7.22775862068965,29,31,6,2,58,5201,2285,2916,513,958,4243,7.56613453182081,8.09577943107221,7.15110072016461,7.29302144249513,7.50121189979123,7.58079300023568,76
"81",2017,3,7.68405797101449,69,7.91818181818182,7.46944444444444,7,7.83333333333333,7.66166666666667,33,36,9,9,60,5270,2318,2952,522,967,4303,7.56767850094877,8.09325107851596,7.15498296070461,7.287969348659,7.50430299896587,7.58192068324425,77
"82",2017,4,7.52589285714286,56,7.87727272727273,7.02173913043478,7.78571428571429,7.7,7.50882352941176,33,23,7,5,51,5326,2351,2975,529,972,4354,7.56723914757792,8.09021948107188,7.15395284033614,7.29455576559546,7.50530967078189,7.58106446945337,78
"83",2017,5,7.72627118644068,59,8.0962962962963,7.4140625,7.16363636363636,7.57142857142857,7.74711538461538,27,32,11,7,52,5385,2378,3007,540,979,4406,7.56898155988858,8.09028847771236,7.15672088460259,7.29188888888889,7.5057824310521,7.58302421697685,79
"84",2017,6,7.52,50,8.08823529411765,7.22727272727273,7.12857142857143,7.375,7.53260869565217,17,33,7,4,46,5435,2395,3040,547,983,4452,7.5685309475621,8.09027390396659,7.15748674342105,7.28979890310786,7.5052502543235,7.58250330188679,80
"85",2017,7,7.48942307692308,52,8.188,6.84259259259259,7.33333333333333,5.7,7.67978723404255,25,27,6,5,47,5487,2420,3067,553,988,4499,7.56778124658284,8.09128347107438,7.15471460710792,7.2902712477396,7.49611437246964,7.58351960435652,81
"86",2017,8,7.50151515151515,66,7.82333333333333,7.23333333333333,7.38571428571429,7.25,7.53620689655172,30,36,7,8,58,5553,2450,3103,560,996,4557,7.56699364307582,8.08800244897959,7.15562671608121,7.29146428571429,7.4941375502008,7.58291742374369,82
"87",2017,9,7.71357142857143,70,8.30714285714286,7.12,7.31428571428571,7.225,7.795,35,35,7,10,60,5623,2485,3138,567,1006,4617,7.56881837097635,8.09108893360161,7.1552293499044,7.29174603174603,7.49146222664016,7.58567353259692,83
"88",2017,10,7.50909090909091,77,8.19444444444444,6.90731707317073,7.33,7.54166666666667,7.50307692307692,36,41,10,12,65,5700,2521,3179,577,1018,4682,7.56801152631579,8.09256485521618,7.1520319911922,7.29240901213172,7.49205402750491,7.58452684750106,84
"89",2017,11,7.39710144927536,69,7.88965517241379,7.04,7.09166666666667,7.28,7.41694915254237,29,40,6,10,59,5769,2550,3219,583,1028,4741,7.56596736002774,8.09025725490196,7.15063985709848,7.29034305317324,7.48999124513619,7.58244140476692,85
"90",2017,12,7.51980769230769,52,7.86962962962963,7.142,7.07142857142857,7.6225,7.50113636363636,27,25,7,8,44,5821,2577,3244,590,1036,4785,7.56555500773063,8.08794567326348,7.15057327373613,7.28774576271187,7.49101447876448,7.5816937722048,86
"91",2018,1,7.64084507042254,71,8.13717948717949,7.0359375,7.11428571428571,7.625,7.64285714285714,39,32,7,8,63,5892,2616,3276,597,1044,4848,7.56646227087577,8.08867966360856,7.14945351037851,7.28571189279732,7.49204118773946,7.58248859323432,87
"92",2018,2,7.67142857142857,56,8.02352941176471,7.12727272727273,7.11428571428571,7.91666666666667,7.60454545454545,34,22,7,12,44,5948,2650,3298,604,1056,4892,7.56745052118359,8.0878437735849,7.14930554881747,7.28372516556291,7.49686647727273,7.5826869787408,88
"93",2018,3,7.4969696969697,66,7.88787878787879,7.10606060606061,6.88,7.27142857142857,7.52372881355932,33,33,5,7,59,6014,2683,3331,609,1063,4951,7.56667703691387,8.08538427133805,7.14887712398679,7.2804105090312,7.49538193791157,7.58198438699252,89
"94",2018,4,7.68173076923077,52,8.46304347826087,7.06206896551724,7.8,8.75,7.42738095238095,23,29,7,10,42,6066,2706,3360,616,1073,4993,7.56766332014507,8.08859423503325,7.14812788690476,7.28631493506494,7.50707455731594,7.58068389745643,90
"95",2018,5,7.55666666666667,51,8.105625,7.30571428571429,7.35,7.16666666666667,7.60866666666667,16,35,10,6,45,6117,2722,3395,626,1079,5038,7.56757163642308,8.08869434239529,7.14975248895435,7.28733226837061,7.50518164967563,7.58093384279475,91
"96",2018,6,7.10388888888889,54,7.6755,6.76764705882353,7.16,7.05,7.110625,20,34,5,6,48,6171,2742,3429,631,1085,5086,7.56351413061092,8.08568052516411,7.14596375036454,7.28632329635499,7.50266451612903,7.57649522217852,92
"97",2018,7,7.5625,40,7.91666666666667,7.27272727272727,7,6.66666666666667,7.63513513513514,18,22,1,3,37,6211,2760,3451,632,1088,5123,7.56350759942038,8.08457826086956,7.14677186322805,7.28587025316456,7.500359375,7.5769187390201,93
"98",2018,8,7.54795918367347,49,8.086,6.9875,7.3375,8.28571428571429,7.425,25,24,8,7,42,6260,2785,3475,640,1095,5165,7.56338589456869,8.08459102333931,7.14567185611511,7.286515625,7.5053799086758,7.57568338818973,94
"99",2018,9,7.805,40,8.1,7.44444444444444,7.4,7.36,7.86857142857143,22,18,5,5,35,6300,2807,3493,645,1100,5200,7.56491995238095,8.0847117919487,7.14721148010306,7.28739534883721,7.50471909090909,7.57765474999999,95
"100",2018,10,7.262,50,7.79230769230769,6.6875,6.5,8.3,7.14666666666667,26,24,4,5,45,6350,2833,3517,649,1105,5245,7.56253475590551,8.0820282386163,7.14407441000853,7.28254237288136,7.50831764705882,7.57395704480457,96
"101",2018,11,7.60943396226415,53,8.18076923076923,7.05925925925926,6.71428571428571,8.34,7.53333333333333,26,27,7,5,48,6403,2859,3544,656,1110,5293,7.56292295798844,8.08292619797131,7.14342824492099,7.27647865853659,7.51206396396397,7.57358864538069,97
"102",2018,12,7.59523809523809,42,8.08333333333333,6.94444444444444,6,6.76,7.70810810810811,24,18,2,5,37,6445,2883,3562,658,1115,5330,7.56313354538402,8.08292958723552,7.14242271195957,7.27259878419453,7.50869147982063,7.57452245778611,98
"103",2019,1,7.64909090909091,55,8.01842105263158,6.82352941176471,7.5,7.825,7.61,38,17,2,10,45,6500,2921,3579,660,1125,5375,7.56386087692308,8.08209038000684,7.14090799105896,7.27328787878788,7.51150311111111,7.57481947906976,99
"104",2019,2,7.37162162162162,37,7.91388888888889,6.85789473684211,6.66666666666667,7.85,7.31363636363636,18,19,3,4,33,6537,2939,3598,663,1129,5408,7.56277278568151,8.08106022456618,7.13941347971095,7.27054298642534,7.5127023914969,7.57322572115384,100
"105",2019,3,7.38404255319149,47,7.8625,7.02962962962963,6.5,7.57142857142857,7.35125,20,27,4,7,40,6584,2959,3625,667,1136,5448,7.56149691676792,8.07958296721865,7.13859577931034,7.26592203898051,7.51306426056338,7.57159594346549,101
"106",2019,4,7.67272727272727,44,8.07619047619048,7.30434782608696,7.25,7.27777777777778,7.77428571428571,21,23,2,9,35,6628,2980,3648,669,1145,5483,7.56223531985516,8.07955906040268,7.13964081688597,7.26587443946188,7.51121484716157,7.57288978661316,102
"107",2019,5,7.53404255319149,47,7.98333333333333,7.06521739130435,7,7.59090909090909,7.51666666666667,24,23,3,11,36,6675,3004,3671,672,1156,5519,7.56203680898876,8.07879027962716,7.13917453010079,7.2646875,7.511973183391,7.57252304765355,103
"108",2019,6,7.40022727272727,44,7.813,7.05625,6.5,7.09166666666667,7.44894736842105,20,24,7,6,38,6719,3024,3695,679,1162,5557,7.56097718410478,8.0770324074074,7.13863591339648,7.25680412371134,7.50980292598967,7.57167800971747,104
"109",2019,7,7.74333333333333,48,8.475,7.22071428571429,7.12,8.07555555555555,7.66666666666667,20,28,5,9,39,6767,3044,3723,684,1171,5596,7.56227068124723,8.07964717477003,7.13925320977706,7.25580409356725,7.5141511528608,7.57234001072194,105
"110",2019,8,7.31168945205479,73,7.607238,7.03947368421053,7.03333333333333,6.74545454545455,7.41215048387097,35,38,6,11,62,6840,3079,3761,690,1182,5658,7.55959634941521,8.074277145177,7.13824506780112,7.25386956521739,7.50699746192893,7.57058466419229,106
"111",2019,9,7.36836734693878,49,7.95789473684211,6.995,6.16,7.45,7.36111111111111,19,30,5,4,45,6889,3098,3791,695,1186,5703,7.55823617796487,8.07356337314396,7.13711150092324,7.246,7.50680522765599,7.5689317955462,107
"112",2019,10,7.48720930232558,43,8.18157894736842,6.9375,6.33333333333333,7.45,7.4921052631579,19,24,3,5,38,6932,3117,3815,698,1191,5741,7.55779559001731,8.07422179339108,7.13585575360419,7.24207736389685,7.50656675062972,7.56842327643267,108
"113",2019,11,7.6051724137931,58,8.15909090909091,7.26666666666667,7.325,8.2,7.56111111111111,22,36,4,4,54,6990,3139,3851,702,1195,5795,7.55818870243205,8.07481660719974,7.13707860296027,7.24254985754986,7.50888786610879,7.56835513891285,109
"114",2019,12,7.52538461538462,52,7.7008,7.36296296296296,7.05,7.58571428571429,7.516,25,27,4,7,45,7042,3164,3878,706,1202,5840,7.55794646833286,8.07186135587863,7.13865128932439,7.24145892351275,7.50933527454243,7.56795171746575,110
"115",2020,1,7.36428571428571,56,7.99642857142857,6.73214285714286,5.9,8.07142857142857,7.26326530612245,28,28,5,7,49,7098,3192,3906,711,1209,5889,7.55641857283742,8.07119966478696,7.13573725038402,7.2320253164557,7.51258974358974,7.56541654440482,111
"116",2020,2,7.40714285714286,42,7.84090909090909,6.93,6.5,7.5,7.38857142857143,22,20,2,7,35,7140,3214,3926,713,1216,5924,7.55554048039216,8.06962331362787,7.13468917473255,7.22997194950912,7.51251726973684,7.56437171336934,112
"117",2020,3,7.31,44,7.88235294117647,6.94962962962963,6.33333333333333,6.83333333333333,7.34487804878049,17,27,6,3,41,7184,3231,3953,719,1219,5965,7.55403661330735,8.06863798514391,7.13342517075639,7.22248956884562,7.51084577522559,7.56286303939647,113
"118",2020,4,7.54705882352941,34,8.08125,7.07222222222222,7.06,7.5,7.55,16,18,5,2,32,7218,3247,3971,724,1221,5997,7.55400374480466,8.06870013242993,7.13314774615966,7.22136740331492,7.51082800982801,7.56279440220109,114
"119",2020,5,7.54553571428571,56,8.05384615384615,7.105,7.58333333333333,7.47916666666667,7.56363636363636,26,30,6,12,44,7274,3273,4001,730,1233,6041,7.55393855237833,8.06858213565536,7.13293669082729,7.22434246575343,7.5105198702352,7.56280053467968,115
"120",2020,6,7.58227272727273,44,8.06222222222222,7.25,7.125,7.544,7.58717948717949,18,26,4,5,39,7318,3291,4027,734,1238,6080,7.55410891363761,8.06854735034943,7.13369250062081,7.22380108991826,7.51065508885299,7.56295691282894,116
"121",2020,7,7.55526315789474,38,8.17647058823529,7.05238095238095,7.125,7.14285714285714,7.64838709677419,17,21,4,7,31,7356,3308,4048,738,1245,6111,7.55411487629146,8.06910197400241,7.13327067687747,7.22326558265583,7.50858714859438,7.56339028473244,117
"122",2020,8,7.72,40,8.36111111111111,7.19545454545455,6.91666666666667,8,7.63870967741935,18,22,6,9,31,7396,3326,4070,744,1254,6142,7.55501203758789,8.07068230006013,7.1336068058968,7.22079301075269,7.51211403508772,7.56377043796808,118
"123",2020,9,7.40961538461538,52,7.8375,7.04285714285714,6.75,7.775,7.34318181818182,24,28,4,8,44,7448,3350,4098,748,1262,6186,7.55399691595059,8.0690117402985,7.13298674963397,7.21827540106952,7.51378050713154,7.56220142741674,119
"124",2020,10,7.45888888888889,45,8.39,6.99333333333333,6.7,7,7.48023255813953,15,30,5,2,43,7493,3365,4128,753,1264,6229,7.55342573468571,8.07044259435363,7.13197182655039,7.21483399734396,7.51296756329114,7.56163558034997,120
"125",2020,11,7.51296296296296,54,8.025,6.96153846153846,7.5,8.22222222222222,7.37111111111111,28,26,4,9,45,7547,3393,4154,757,1273,6274,7.55313621703989,8.07006758915413,7.1309050794415,7.21634081902246,7.51798193244305,7.56026905164169,121
"126",2020,12,7.48964516129032,62,8.05803125,6.88336666666667,6.7,7.16528571428571,7.53092727272727,32,30,5,7,55,7609,3425,4184,762,1280,6329,7.55261887633066,8.06995513284671,7.12913018642447,7.21295275590551,7.516053125,7.5600140669932,122
"127",2021,1,7.48160377358491,53,8.19880952380952,7.0109375,7.10714285714286,6.83333333333333,7.56436170212766,21,32,7,6,47,7662,3446,4216,769,1286,6376,7.55212764682851,8.07074037434706,7.12823308823529,7.21198959687907,7.51286780715396,7.56004611511919,123
"128",2021,2,7.26333333333333,39,8.0578947368421,6.5085,7.584,7.75,7.20771428571429,19,20,5,4,35,7701,3465,4236,774,1290,6411,7.55066511232308,8.07066993650793,7.1253070585458,7.21439276485788,7.51360310077519,7.55812260645764,124
"129",2021,3,7.30263157894737,38,8.03333333333333,6.82608695652174,6.5,7.5,7.27272727272727,15,23,3,5,33,7739,3480,4259,777,1295,6444,7.54944721927898,8.07050900287355,7.12369117163653,7.21163449163449,7.51355057915058,7.55666108472998,125
"130",2021,4,7.17358490566038,53,7.85384615384615,6.51851851851852,5.16666666666667,6.44285714285714,7.28478260869565,26,27,3,7,46,7792,3506,4286,780,1302,6490,7.54689066093429,8.06890226183684,7.11987883807746,7.20376923076923,7.50779416282642,7.55473405701078,126
"131",2021,5,7.60204081632653,49,7.97037037037037,7.15,7.1,7.43333333333333,7.62558139534884,27,22,7,6,43,7841,3533,4308,787,1308,6533,7.54723530544574,8.06814925842059,7.12003266016713,7.20284625158831,7.50745259938838,7.55520037195775,127
"132",2021,6,7.48,35,7.9125,7.11578947368421,7.33333333333333,7.5,7.47878787878788,16,19,3,2,33,7876,3549,4327,790,1310,6566,7.54693651980701,8.06744754296984,7.12001402819505,7.2033417721519,7.50744122137405,7.5548163310996,128
"133",2021,7,7.4678027027027,37,7.9,7.100435,6,7.40174,7.478125,17,20,3,5,32,7913,3566,4347,793,1315,6598,7.5465665019588,8.06664927930453,7.11992394755003,7.198789407314,7.50703931558935,7.55444438163079,129
"134",2021,8,7.65727272727273,55,7.87857142857143,7.42777777777778,7.48,7.2,7.703,28,27,5,5,50,7968,3594,4374,798,1320,6648,7.54733066390562,8.0651840094602,7.12182427983539,7.20055137844612,7.50587628787879,7.55556167719614,130
"135",2021,9,7.58038461538462,52,7.91310344827586,7.16086956521739,6.5,7.2,7.60367346938776,29,23,3,3,49,8020,3623,4397,801,1323,6697,7.54754497880299,8.06396669334804,7.12202851944507,7.19792759051186,7.50518269085412,7.55591369717784,131
"136",2021,10,7.37211538461538,52,8.134,6.66666666666667,6.625,7.325,7.38068181818182,25,27,4,8,44,8072,3648,4424,805,1331,6741,7.54641485753221,8.06444663651314,7.11924941229656,7.19508074534162,7.50409969947408,7.55476991989319,132
"137",2021,11,7.35833333333333,60,7.97142857142857,6.821875,7.11428571428571,7.54545454545455,7.31632653061224,28,32,7,11,49,8132,3676,4456,812,1342,6790,7.54502714338416,8.06373812023938,7.11711386894075,7.1943842364532,7.50443867362146,7.55304919440353,133
"138",2021,12,7.20234375,64,7.59354838709677,6.83484848484848,6.625,7.33333333333333,7.19590163934426,31,33,4,3,61,8196,3707,4489,816,1345,6851,7.54235123596877,8.05980613164282,7.1150388505235,7.1915931372549,7.50405702602231,7.54986922055174,134
"139",2022,1,7.49868571428571,70,7.96153846153846,7.22518181818182,6.42857142857143,7.71428571428571,7.47473015873016,26,44,7,7,63,8266,3733,4533,823,1352,6914,7.54198145777885,8.05912170640234,7.11610796382087,7.18510328068044,7.50514548816568,7.54918455741972,135
"140",2022,2,7.72,50,8.11290322580645,7.07894736842105,7.5,7.8,7.71111111111111,31,19,3,5,45,8316,3764,4552,826,1357,6959,7.5430517953343,8.05956464665248,7.11595285588752,7.18624697336562,7.50623190862196,7.55023164678833,136
"141",2022,3,7.80612244897959,49,8.3,7.09,7.3,8.275,7.71463414634146,29,20,3,8,41,8365,3793,4572,829,1365,7000,7.54459279497908,8.06140293435274,7.11583932633421,7.18665862484922,7.51073750915751,7.55119457571428,137
"142",2022,4,7.39605263157895,38,7.78947368421053,7.00263157894737,NA,7.51666666666667,7.3734375,19,19,0,6,32,8403,3812,4591,829,1371,7032,7.5439210674759,8.06004756820565,7.11537081245916,7.18665862484922,7.51076345733042,7.55038566979522,138
"143",2022,5,7.28137254901961,51,7.98181818181818,5.99722222222222,6.25,7.14285714285714,7.30340909090909,33,18,2,7,44,8454,3845,4609,831,1378,7076,7.54233720487343,8.05937615864758,7.11100399218919,7.18440433212997,7.50889455732946,7.54884991944601,139
"144",2022,6,7.66483666666667,51,8.1762668,7.17307692307692,7,8.0625,7.59085279069767,25,26,3,8,43,8505,3870,4635,834,1386,7119,7.54307176954733,8.06013126614986,7.11135218985976,7.18374100719425,7.51208997113997,7.5491036241045,140
"145",2022,7,7.52980769230769,52,7.82045454545455,7.31666666666667,7.25,7.3,7.54895833333333,22,30,2,4,48,8557,3892,4665,836,1390,7167,7.54299116512797,8.05877646454264,7.11267254019292,7.1838995215311,7.51147964028777,7.54910265103948,141
"146",2022,8,7.55531914893617,47,7.936,7.12272727272727,6.8,7.2,7.67714285714286,25,22,5,12,35,8604,3917,4687,841,1402,7202,7.54305850767085,8.05799285167219,7.11271973543844,7.18161712247325,7.50881362339515,7.54972489586225,142
"147",2022,9,7.72825,40,7.98823529411765,7.53608695652174,7.3,7.41666666666667,7.78323529411765,17,23,5,6,34,8644,3934,4710,846,1408,7236,7.54391547894493,8.05769140823588,7.11478713375796,7.18231678486998,7.50842095170455,7.55082209784411,143
"148",2022,10,7.3998275862069,58,7.833,6.93571428571429,6.5,7.15,7.41833333333333,30,28,6,4,54,8702,3964,4738,852,1412,7290,7.54295511376695,8.05599091826437,7.11372887294216,7.1775117370892,7.50740559490085,7.54984069958847,144
"149",2022,11,7.34464788732394,71,7.8584375,6.92307692307692,7,7.68333333333333,7.31338461538462,32,39,6,6,65,8773,3996,4777,858,1418,7355,7.54135021087427,8.0544089089089,7.11217236759472,7.1762703962704,7.50815,7.54775101291638,145
"150",2022,12,7.23098214285714,56,7.82229166666667,6.7875,4.8,6.809375,7.30125,24,32,5,8,48,8829,4020,4809,863,1426,7403,7.53938162872353,8.05302313432835,7.11001193595342,7.16250289687138,7.50422980364657,7.54615273537754,146
