"","year","month","avg_rating","no_ratings","avg_rating_owned","avg_rating_not_owned","avg_rating_prev_owned","avg_rating_comment","avg_rating_no_comment","no_ratings_owned","no_ratings_not_owned","no_ratings_prev_owned","no_ratings_comment","no_ratings_no_comment","cum_no_ratings","cum_no_ratings_owned","cum_no_ratings_not_owned","cum_no_ratings_prev_owned","cum_no_ratings_comment","cum_no_ratings_no_comment","cum_avg_rating","cum_avg_rating_owned","cum_avg_rating_not_owned","cum_avg_rating_prev_owned","cum_avg_rating_comment","cum_avg_rating_no_comment","month_after_release"
"1",2001,6,7.33333333333333,3,7.33333333333333,NA,NA,NA,7.33333333333333,3,0,0,0,3,3,3,0,0,0,3,7.33333333333333,7.33333333333333,NA,NA,NA,7.33333333333333,0
"2",2001,7,8,1,8,NA,NA,NA,8,1,0,0,0,1,4,4,0,0,0,4,7.5,7.5,NA,NA,NA,7.5,1
"3",2001,8,6.5,4,NA,6.5,7.5,7,6.33333333333333,0,4,2,1,3,8,4,4,2,1,7,7,7.5,6.5,7.5,7,7,2
"4",2001,9,8.5,4,8.5,NA,NA,9,8.33333333333333,4,0,0,1,3,12,8,4,2,2,10,7.5,8,6.5,7.5,8,7.4,3
"5",2001,10,6.5,2,6,7,NA,7,6,1,1,0,1,1,14,9,5,2,3,11,7.35714285714286,7.77777777777778,6.6,7.5,7.66666666666667,7.27272727272727,4
"6",2001,11,7.5,4,7.66666666666667,7,NA,7,7.66666666666667,3,1,0,1,3,18,12,6,2,4,14,7.38888888888889,7.75,6.66666666666667,7.5,7.5,7.35714285714286,5
"7",2001,12,7,3,8,6.5,NA,6,7.5,1,2,0,1,2,21,13,8,2,5,16,7.33333333333333,7.76923076923077,6.625,7.5,7.2,7.375,6
"8",2002,1,8,1,8,NA,NA,NA,8,1,0,0,0,1,22,14,8,2,5,17,7.36363636363636,7.78571428571429,6.625,7.5,7.2,7.41176470588235,7
"9",2002,3,8,2,9,7,7,NA,8,1,1,1,0,2,24,15,9,3,5,19,7.41666666666667,7.86666666666667,6.66666666666667,7.33333333333333,7.2,7.47368421052632,9
"10",2002,4,8,1,8,NA,NA,NA,8,1,0,0,0,1,25,16,9,3,5,20,7.44,7.875,6.66666666666667,7.33333333333333,7.2,7.5,10
"11",2002,5,6.66666666666667,3,6.5,7,NA,6,7,2,1,0,1,2,28,18,10,3,6,22,7.35714285714286,7.72222222222222,6.7,7.33333333333333,7,7.45454545454545,11
"12",2002,6,7,6,7.2,6,NA,NA,7,5,1,0,0,6,34,23,11,3,6,28,7.29411764705882,7.60869565217391,6.63636363636364,7.33333333333333,7,7.35714285714286,12
"13",2002,7,7.75,4,7.75,NA,NA,8.5,7,4,0,0,2,2,38,27,11,3,8,30,7.34210526315789,7.62962962962963,6.63636363636364,7.33333333333333,7.375,7.33333333333333,13
"14",2002,8,7.8,5,7.8,NA,NA,9,7.5,5,0,0,1,4,43,32,11,3,9,34,7.3953488372093,7.65625,6.63636363636364,7.33333333333333,7.55555555555556,7.35294117647059,14
"15",2002,9,8,1,8,NA,NA,NA,8,1,0,0,0,1,44,33,11,3,9,35,7.40909090909091,7.66666666666667,6.63636363636364,7.33333333333333,7.55555555555556,7.37142857142857,15
"16",2002,10,8.66666666666667,3,8.66666666666667,NA,NA,9,8,3,0,0,2,1,47,36,11,3,11,36,7.48936170212766,7.75,6.63636363636364,7.33333333333333,7.81818181818182,7.38888888888889,16
"17",2002,11,4.33333333333333,3,7,3,NA,2,5.5,1,2,0,1,2,50,37,13,3,12,38,7.3,7.72972972972973,6.07692307692308,7.33333333333333,7.33333333333333,7.28947368421053,17
"18",2002,12,8.66666666666667,3,8.66666666666667,NA,NA,8,9,3,0,0,1,2,53,40,13,3,13,40,7.37735849056604,7.8,6.07692307692308,7.33333333333333,7.38461538461539,7.375,18
"19",2003,1,8,4,8.33333333333333,7,NA,7,8.33333333333333,3,1,0,1,3,57,43,14,3,14,43,7.42105263157895,7.83720930232558,6.14285714285714,7.33333333333333,7.35714285714286,7.44186046511628,19
"20",2003,2,8,9,8.28571428571429,7,7,8.25,7.8,7,2,2,4,5,66,50,16,5,18,48,7.5,7.9,6.25,7.2,7.55555555555556,7.47916666666667,20
"21",2003,3,7.91666666666667,6,7.9,8,NA,8,7.9,5,1,0,1,5,72,55,17,5,19,53,7.53472222222222,7.9,6.35294117647059,7.2,7.57894736842105,7.5188679245283,21
"22",2003,4,7.25,4,7.66666666666667,6,6,10,6.33333333333333,3,1,1,1,3,76,58,18,6,20,56,7.51973684210526,7.88793103448276,6.33333333333333,7,7.7,7.45535714285714,22
"23",2003,5,8,8,8.6,7,NA,8,8,5,3,0,5,3,84,63,21,6,25,59,7.56547619047619,7.94444444444444,6.42857142857143,7,7.76,7.48305084745763,23
"24",2003,6,8.46666666666667,3,8.46666666666667,NA,NA,8,8.7,3,0,0,1,2,87,66,21,6,26,61,7.59655172413793,7.96818181818182,6.42857142857143,7,7.76923076923077,7.52295081967213,24
"25",2003,7,6.93846153846154,26,7.33333333333333,6.72941176470588,7,7.2,6.87619047619048,9,17,5,5,21,113,75,38,11,31,82,7.44513274336283,7.892,6.56315789473684,7,7.67741935483871,7.35731707317073,25
"26",2003,8,7.25,8,8.25,6.25,NA,6.5,7.5,4,4,0,2,6,121,79,42,11,33,88,7.43223140495868,7.91012658227848,6.53333333333333,7,7.60606060606061,7.36704545454545,26
"27",2003,9,7.6,6,7.6,NA,NA,7,7.9,6,0,0,2,4,127,85,42,11,35,92,7.44015748031496,7.88823529411765,6.53333333333333,7,7.57142857142857,7.39021739130435,27
"28",2003,10,7.33333333333333,6,7.2,8,NA,6,7.6,5,1,0,1,5,133,90,43,11,36,97,7.43533834586466,7.85,6.56744186046512,7,7.52777777777778,7.40103092783505,28
"29",2003,11,7.45714285714286,7,7.84,6.5,6,7.1,7.6,5,2,1,2,5,140,95,45,12,38,102,7.43642857142857,7.84947368421053,6.56444444444444,6.91666666666667,7.50526315789474,7.41078431372549,29
"30",2003,12,7,5,7.25,6,6,7,7,4,1,1,2,3,145,99,46,13,40,105,7.42137931034483,7.82525252525253,6.55217391304348,6.84615384615385,7.48,7.39904761904762,30
"31",2004,1,7.59090909090909,11,7.72222222222222,7,7,8,7.4375,9,2,1,3,8,156,108,48,14,43,113,7.43333333333333,7.81666666666667,6.57083333333333,6.85714285714286,7.51627906976744,7.40176991150442,31
"32",2004,2,7.92,10,7.775,8.5,NA,8.66666666666667,7.6,8,2,0,3,7,166,116,50,14,46,120,7.46265060240964,7.81379310344828,6.648,6.85714285714286,7.59130434782609,7.41333333333333,32
"33",2004,3,7.14285714285714,14,7.18181818181818,7,8,NA,7.14285714285714,11,3,1,0,14,180,127,53,15,46,134,7.43777777777778,7.75905511811024,6.66792452830189,6.93333333333333,7.59130434782609,7.38507462686567,33
"34",2004,4,7.7,10,7.77777777777778,7,NA,8.5,7.5,9,1,0,2,8,190,136,54,15,48,142,7.45157894736842,7.76029411764706,6.67407407407407,6.93333333333333,7.62916666666667,7.39154929577465,34
"35",2004,5,6.82142857142857,14,7.16666666666667,6.2,7,6.625,7.08333333333333,9,5,1,8,6,204,145,59,16,56,148,7.40833333333333,7.72344827586207,6.63389830508475,6.9375,7.48571428571429,7.37905405405405,35
"36",2004,6,7.16666666666667,9,8.07142857142857,4,NA,8,6.75,7,2,0,3,6,213,152,61,16,59,154,7.3981220657277,7.73947368421053,6.54754098360656,6.9375,7.51186440677966,7.35454545454545,36
"37",2004,7,7.2,5,7.5,6,NA,7.5,7,4,1,0,2,3,218,156,62,16,61,157,7.39357798165138,7.73333333333333,6.53870967741935,6.9375,7.51147540983607,7.34777070063694,37
"38",2004,8,8.25,8,8.42857142857143,7,NA,7,8.42857142857143,7,1,0,1,7,226,163,63,16,62,164,7.42389380530973,7.76319018404908,6.54603174603175,6.9375,7.50322580645161,7.39390243902439,38
"39",2004,9,6.95,10,7.58333333333333,6,NA,6,7.35714285714286,6,4,0,3,7,236,169,67,16,65,171,7.40381355932203,7.75680473372781,6.5134328358209,6.9375,7.43384615384615,7.39239766081871,39
"40",2004,10,8.08333333333333,12,8.3,7,NA,9,7.42857142857143,10,2,0,5,7,248,179,69,16,70,178,7.4366935483871,7.78715083798883,6.52753623188406,6.9375,7.54571428571429,7.3938202247191,40
"41",2004,11,8.38888888888889,9,8.5,7.5,NA,7.66666666666667,8.75,8,1,0,3,6,257,187,70,16,73,184,7.47003891050584,7.81764705882353,6.54142857142857,6.9375,7.55068493150685,7.43804347826087,41
"42",2004,12,6.2,5,6.2,NA,NA,5,6.5,5,0,0,1,4,262,192,70,16,74,188,7.44580152671756,7.77552083333333,6.54142857142857,6.9375,7.51621621621622,7.41808510638298,42
"43",2005,1,7.22222222222222,9,8.5,6.2,6.5,9,7,4,5,2,1,8,271,196,75,18,75,196,7.43837638376384,7.79030612244898,6.51866666666667,6.88888888888889,7.536,7.40102040816326,43
"44",2005,2,7.4375,8,7.91666666666667,6,NA,5,7.78571428571429,6,2,0,1,7,279,202,77,18,76,203,7.43835125448029,7.79405940594059,6.5051948051948,6.88888888888889,7.50263157894737,7.41428571428571,44
"45",2005,3,7.44117647058824,17,7.54166666666667,7.2,7,7.41666666666667,7.45454545454545,12,5,1,6,11,296,214,82,19,82,214,7.43851351351351,7.77990654205608,6.54756097560976,6.89473684210526,7.49634146341463,7.41635514018692,45
"46",2005,4,7.96666666666667,18,8.03846153846154,7.78,NA,7.73333333333333,8.08333333333333,13,5,0,6,12,314,227,87,19,88,226,7.4687898089172,7.79471365638767,6.6183908045977,6.89473684210526,7.5125,7.45176991150442,46
"47",2005,5,6.8875,16,8.03333333333333,6.2,8,6,7.42,6,10,2,6,10,330,233,97,21,94,236,7.44060606060606,7.80085836909871,6.57525773195876,7,7.41595744680851,7.45042372881356,47
"48",2005,6,7.28571428571429,14,7.66666666666667,6.6,NA,7.125,7.35,9,5,0,4,10,344,242,102,21,98,246,7.4343023255814,7.79586776859504,6.57647058823529,7,7.40408163265306,7.44634146341463,48
"49",2005,7,7.87142857142857,7,7.82,8,8,7.75,7.92,5,2,1,2,5,351,247,104,22,100,251,7.44301994301994,7.79635627530364,6.60384615384615,7.04545454545455,7.411,7.45577689243028,49
"50",2005,8,7.2,9,6,7.8,8,7.33333333333333,7.13333333333333,3,6,1,3,6,360,250,110,23,103,257,7.43694444444445,7.7748,6.66909090909091,7.08695652173913,7.40873786407767,7.44824902723735,50
"51",2005,9,6.66071428571429,14,7.25,5.6,7,6.96875,6.25,9,5,1,8,6,374,259,115,24,111,263,7.40788770053476,7.75656370656371,6.62260869565217,7.08333333333333,7.37702702702703,7.42091254752852,51
"52",2005,10,7.17647058823529,17,7.94444444444444,6.3125,6.33333333333333,7.33333333333333,7.09090909090909,9,8,3,6,11,391,268,123,27,117,274,7.39782608695652,7.76287313432836,6.60243902439024,7,7.37478632478633,7.40766423357664,52
"53",2005,11,7.32142857142857,14,7.91666666666667,6.875,NA,6.75,7.55,6,8,0,4,10,405,274,131,27,121,284,7.39518518518519,7.76624087591241,6.61908396946565,7,7.35413223140496,7.41267605633803,53
"54",2005,12,6.91666666666667,12,7.25,6.25,8,7,6.85714285714286,8,4,1,5,7,417,282,135,28,126,291,7.38141486810552,7.75159574468085,6.60814814814815,7.03571428571429,7.34007936507937,7.39931271477663,54
"55",2006,1,7.64285714285714,14,7.66666666666667,7.5,NA,7.8,7.55555555555556,12,2,0,5,9,431,294,137,28,131,300,7.38990719257541,7.74812925170068,6.62116788321168,7.03571428571429,7.35763358778626,7.404,55
"56",2006,2,7.91176470588235,17,8.22727272727273,7.33333333333333,NA,8,7.78571428571429,11,6,0,10,7,448,305,143,28,141,307,7.40970982142857,7.76540983606557,6.65104895104895,7.03571428571429,7.4031914893617,7.41270358306189,56
"57",2006,3,7.40909090909091,11,7.55555555555556,6.75,NA,8,7.27777777777778,9,2,0,2,9,459,314,145,28,143,316,7.40969498910675,7.7593949044586,6.65241379310345,7.03571428571429,7.41153846153846,7.40886075949367,57
"58",2006,4,6.72222222222222,9,7.25,6.3,7.25,6.5,7,4,5,2,5,4,468,318,150,30,148,320,7.39647435897436,7.75298742138365,6.64066666666667,7.05,7.38074324324324,7.40375,58
"59",2006,5,7.55,6,7.66,7,NA,7.66666666666667,7.43333333333333,5,1,0,3,3,474,323,151,30,151,323,7.39841772151899,7.7515479876161,6.64304635761589,7.05,7.3864238410596,7.40402476780186,59
"60",2006,6,7.63425,12,7.951375,7,7.5,7.763875,7.375,8,4,2,8,4,486,331,155,32,159,327,7.40424074074074,7.75637764350453,6.65225806451613,7.078125,7.40541509433962,7.40366972477064,60
"61",2006,7,7.28095238095238,21,7.61666666666667,6.83333333333333,6.83333333333333,7.16666666666667,7.32666666666667,12,9,3,6,15,507,343,164,35,165,342,7.39913412228797,7.75148979591837,6.66219512195122,7.05714285714286,7.39673333333333,7.40029239766082,61
"62",2006,8,6.42857142857143,14,6.83333333333333,5.7,5.75,5.66666666666667,6.63636363636364,9,5,2,3,11,521,352,169,37,168,353,7.3730537428023,7.72801420454545,6.63372781065089,6.98648648648649,7.36583928571429,7.37648725212465,62
"63",2006,9,6.97058823529412,17,7.2,6.64285714285714,NA,7.0625,6.88888888888889,10,7,0,8,9,538,362,176,37,176,362,7.36033643122677,7.71342817679558,6.63409090909091,6.98648648648649,7.35205113636364,7.36436464088398,63
"64",2006,10,6.95,20,7.72727272727273,6,7.5,6.5,7.0625,11,9,2,4,16,558,373,185,39,180,378,7.34562903225807,7.71383646112601,6.60324324324324,7.01282051282051,7.33311666666667,7.3515873015873,64
"65",2006,11,7.2,10,7.22222222222222,7,7,7.4,7,9,1,1,5,5,568,382,186,40,185,383,7.34306514084507,7.70225392670157,6.60537634408602,7.0125,7.33492432432432,7.34699738903394,65
"66",2006,12,7.21739130434783,23,7.5625,6.42857142857143,8,6.85714285714286,7.375,16,7,1,7,16,591,398,193,41,192,399,7.33817428087987,7.69663567839196,6.59896373056995,7.03658536585366,7.31750520833333,7.34812030075188,66
"67",2007,1,7.27777777777778,27,7.4,6.92857142857143,9,7.16666666666667,7.30952380952381,20,7,1,6,21,618,418,200,42,198,420,7.3355355987055,7.68244258373206,6.6105,7.08333333333333,7.31293434343434,7.34619047619048,67
"68",2007,2,7.5309675,12,8.16666666666667,6.89526833333333,8.5,7.5625,7.4679025,6,6,1,8,4,630,424,206,43,206,424,7.33925811111111,7.68929481132075,6.61879422330097,7.11627906976744,7.32262621359223,7.34733870283019,68
"69",2007,3,7.34117647058823,17,7.5,7.25454545454545,6.74,7.7125,7.01111111111111,6,11,5,8,9,647,430,217,48,214,433,7.33930851622875,7.68665348837209,6.65102124423963,7.07708333333333,7.33720093457944,7.34035013856813,69
"70",2007,4,7.30769230769231,13,7.4,7,NA,7.75,6.92857142857143,10,3,0,6,7,660,440,220,48,220,440,7.33868577272727,7.68013863636364,6.65578004545454,7.07708333333333,7.34845909090909,7.33379911363636,70
"71",2007,5,7.31904761904762,21,7.61333333333333,6.58333333333333,NA,7.6,7.17857142857143,15,6,0,7,14,681,455,226,48,227,454,7.33808019089574,7.67793626373626,6.65385668141593,7.07708333333333,7.35621585903084,7.32901235682819,71
"72",2007,6,7.42307692307692,13,7.44444444444444,7.375,7.5,7,7.61111111111111,9,4,1,4,9,694,464,230,49,231,463,7.33967234870317,7.67340732758621,6.66639830434783,7.08571428571429,7.35004761904762,7.33449591792657,72
"73",2007,7,7.36,10,7.22,7.5,NA,7.33333333333333,7.37142857142857,5,5,0,3,7,704,469,235,49,234,470,7.33996109375,7.66857356076759,6.6841345106383,7.08571428571429,7.34983333333333,7.3350459787234,73
"74",2007,8,7.5,11,7.21428571428571,8,NA,6.75,7.66666666666667,7,4,0,2,9,715,476,239,49,236,479,7.34242323076923,7.66189285714286,6.70615736401674,7.08571428571429,7.34475,7.34127684759916,74
"75",2007,9,7,12,8,5.6,5,7.5,6.83333333333333,7,5,2,3,9,727,483,244,51,239,488,7.33677112792297,7.66679296066253,6.68349020491803,7.00392156862745,7.34669874476988,7.33190903688525,75
"76",2007,10,6.55263157894737,19,6.6,6.53571428571429,7,6.9,6.42857142857143,5,14,1,5,14,746,488,258,52,244,502,7.31679974530831,7.65586270491803,6.67547135658915,7.00384615384615,7.33754508196721,7.30671635458167,76
"77",2007,11,6.63333333333333,24,7.31333333333333,5.5,7,7.6,6.31111111111111,15,9,1,6,18,770,503,267,53,250,520,7.2954968961039,7.64564811133201,6.63584872659176,7.00377358490566,7.343844,7.27225309615385,77
"78",2007,12,6.85333333333333,30,7.21875,6.43571428571429,7.4,6.8,6.88,16,14,5,10,20,800,519,281,58,260,540,7.2789157625,7.63248747591522,6.62587761565836,7.03793103448276,7.32292692307692,7.2577252037037,78
"79",2008,1,7,12,7.375,6.25,7,7.28571428571429,6.6,8,4,1,7,5,812,527,285,59,267,545,7.2747938546798,7.62857874762808,6.62060214035088,7.03728813559322,7.32195131086142,7.25169102752294,79
"80",2008,2,7.02857142857143,21,7.63333333333333,6.22222222222222,8,7.22222222222222,6.88333333333333,12,9,1,9,12,833,539,294,60,276,557,7.26858656662665,7.62868460111317,6.60840683673469,7.05333333333333,7.31869927536232,7.24375513464991,80
"81",2008,3,6.67692307692308,13,7.7,6.22222222222222,5.66666666666667,6.2,6.88888888888889,4,9,3,4,9,846,543,303,63,280,566,7.25949481087471,7.62920994475138,6.59693600660066,6.98730158730159,7.30271785714286,7.23811238515901,81
"82",2008,4,7.23571428571429,14,8.0625,6.13333333333333,6.75,7.68571428571429,6.78571428571429,8,6,2,7,7,860,551,309,65,287,573,7.25910768604651,7.63550090744102,6.58793401294498,6.98,7.31205923344948,7.23258570680628,82
"83",2008,5,7,7,7.375,6.5,7.5,7.16666666666667,6.875,4,3,1,3,4,867,555,312,66,290,577,7.25701569780854,7.63362342342342,6.58708849358974,6.98787878787879,7.31055517241379,7.23010677642981,83
"84",2008,6,7.125,8,7.33333333333333,7,NA,8,7,3,5,0,1,7,875,558,317,66,291,584,7.25580869714286,7.63200896057348,6.59360129337539,6.98787878787879,7.31292439862543,7.22734864726027,84
"85",2008,7,6.83333333333333,15,6.66666666666667,6.94444444444444,6.7,6.58333333333333,7,6,9,5,6,9,890,564,326,71,297,593,7.2486883258427,7.62173936170213,6.60328714723926,6.96760563380282,7.29818518518518,7.2238981618887,85
"86",2008,8,6.66666666666667,21,7.8125,5.96153846153846,6.33333333333333,6.66666666666667,6.66666666666667,8,13,9,6,15,911,572,339,80,303,608,7.23527180021954,7.62440734265734,6.57867731563422,6.89625,7.2856798679868,7.21015067434211,86
"87",2008,9,6.57222222222222,18,8.2,5.94615384615385,6.44444444444444,6.61818181818182,6.5,5,13,9,11,7,929,577,352,89,314,615,7.22242476856836,7.62939514731369,6.55531707386363,6.85056179775281,7.26229617834395,7.20206765853658,87
"88",2008,10,7.69230769230769,13,7.64285714285714,7.75,7.5,7.75,7.64285714285714,7,6,3,6,7,942,584,358,92,320,622,7.22890935244162,7.62955650684932,6.57533969273743,6.87173913043478,7.271440625,7.20702831189711,88
"89",2008,11,6.89285714285714,14,7.375,6.25,6.66666666666667,8,6.59090909090909,8,6,3,3,11,956,592,364,95,323,633,7.22398808577406,7.62611655405405,6.56997695054945,6.86526315789474,7.27820743034056,7.19632165876777,89
"90",2008,12,7.03666666666667,15,7.75,6.4125,5,7.25714285714286,6.84375,7,8,2,7,8,971,599,372,97,330,641,7.22109434603502,7.62756427378965,6.56659034946237,6.82680412371134,7.27776060606061,7.19192138845554,90
"91",2009,1,6.84782608695652,23,7.57142857142857,5.72222222222222,6.33333333333333,6,7.3,14,9,6,8,15,994,613,381,103,338,656,7.21245735412475,7.62628221859706,6.54664464566929,6.79805825242719,7.24751775147929,7.19439269817073,91
"92",2009,2,6.75,16,7.1875,6.3125,8.5,7.375,6.54166666666667,8,8,1,4,12,1010,621,389,104,342,668,7.20513129702971,7.62062962962963,6.54182933161954,6.81442307692308,7.24900877192982,7.18266708083832,92
"93",2009,3,7.02272727272727,22,7,7.03571428571429,7.5,7.38888888888889,6.76923076923077,8,14,7,9,13,1032,629,403,111,351,681,7.20124283914729,7.61273608903021,6.55898662531017,6.85765765765766,7.25259544159544,7.17477475770925,93
"94",2009,4,7.26470588235294,34,7.26923076923077,7.26190476190476,7,7.2,7.27586206896552,13,21,5,5,29,1066,642,424,116,356,710,7.20326698874297,7.60578037383178,6.59380096698113,6.86379310344828,7.25185674157303,7.17890367605634,94
"95",2009,5,7.01521739130435,23,7.5125,6.75,7.42857142857143,7,7.02058823529412,8,15,7,6,17,1089,650,439,123,362,727,7.19929532598715,7.60463230769231,6.59913806378132,6.89593495934959,7.24768232044199,7.17520166437414,95
"96",2009,6,7.46521739130435,23,7.575,7.21428571428571,7.5,7.33333333333333,7.485,16,7,5,3,20,1112,666,446,128,365,747,7.20479551258993,7.60392042042042,6.60879284753363,6.91953125,7.24838630136986,7.18349613119143,96
"97",2009,7,6.99545454545455,22,7.5,6.70714285714286,5.96666666666667,6,7.28823529411765,8,14,6,5,17,1134,674,460,134,370,764,7.20073422398589,7.60268694362018,6.61178610869565,6.87686567164179,7.23151621621622,7.18582671465969,97
"98",2009,8,7.11666666666667,15,7.0625,7.33333333333333,7,6.83333333333333,7.1875,12,3,1,3,12,1149,686,463,135,373,776,7.19963673629243,7.59323760932945,6.61646136069114,6.87777777777778,7.22831367292225,7.18585259020618,98
"99",2009,9,6.8,16,7,6.6,7.16666666666667,6.33333333333333,6.90769230769231,8,8,3,3,13,1165,694,471,138,376,789,7.19414816309013,7.58639913544669,6.61618176220807,6.88405797101449,7.22117287234043,7.18126946768061,99
"100",2009,10,6.90625,16,6.875,6.9375,6.25,6.125,7.16666666666667,8,8,4,4,12,1181,702,479,142,380,801,7.19024776460627,7.57829202279202,6.62154824634656,6.86619718309859,7.20963421052632,7.18105069912609,100
"101",2009,11,7.115625,32,7.43333333333333,6.925,6.25,7.44,7.05555555555556,12,20,6,5,27,1213,714,499,148,385,828,7.18827915086562,7.57585574229692,6.63371064128257,6.84121621621622,7.21262597402597,7.17695846618357,101
"102",2009,12,6.98235294117647,17,7.38571428571429,6.7,7,7.83333333333333,6.8,7,10,7,3,14,1230,721,509,155,388,842,7.18543301626017,7.57400970873786,6.63501298624754,6.84838709677419,7.21742525773196,7.17069074821853,102
"103",2010,1,6.926,25,7.68,6.42333333333333,5.8,6.5,6.98409090909091,10,15,5,3,22,1255,731,524,160,391,864,7.18026502788845,7.57545964432285,6.62895345419847,6.815625,7.21192071611253,7.16593936342592,103
"104",2010,2,7.05625,16,7.39,6.5,6.5,7.5,7.02666666666667,10,6,2,1,15,1271,741,530,162,392,879,7.17870386309992,7.57295681511471,6.62749360377359,6.81172839506173,7.2126556122449,7.16356269624573,104
"105",2010,3,7.46,15,8.0625,6.77142857142857,7.83333333333333,8.125,7.21818181818182,8,7,3,4,11,1286,749,537,165,396,890,7.1819849222395,7.57818558077436,6.62936985102421,6.83030303030303,7.22187121212121,7.16423776404494,105
"106",2010,4,7.1125,16,9,6.48333333333333,6.5,9,6.98666666666667,4,12,2,1,15,1302,753,549,167,397,905,7.18113103686636,7.58573837981408,6.62617779599271,6.82634730538922,7.22635012594458,7.16129459668508,106
"107",2010,5,7.85714285714286,7,8.3,6.75,7.5,7.5,7.91666666666667,5,2,1,1,6,1309,758,551,168,398,911,7.18474607333843,7.59044986807388,6.62662724137931,6.83035714285714,7.22703768844221,7.16626960482986,107
"108",2010,6,6.54444444444444,9,7,6.41428571428571,7,6.18,7,2,7,1,5,4,1318,760,558,169,403,915,7.18037375569044,7.58889605263158,6.62396345878136,6.83136094674556,7.21404714640198,7.1655427431694,108
"109",2010,7,6.89,10,7.56666666666667,5.875,6,7,6.87777777777778,6,4,2,1,9,1328,766,562,171,404,924,7.1781872063253,7.58872193211488,6.61863275800712,6.82163742690059,7.21351732673267,7.16273983766234,109
"110",2010,8,7.11111111111111,9,7.8,6.25,NA,7,7.125,5,4,0,1,8,1337,771,566,171,405,932,7.17773568436799,7.59009208819715,6.6160275795053,6.82163742690059,7.21299012345679,7.16241589055794,110
"111",2010,9,7.07142857142857,7,8.75,6.4,6.5,8,6.7,2,5,2,2,5,1344,773,571,173,407,937,7.1771820014881,7.59309314359638,6.61413591943958,6.81791907514451,7.21685749385749,7.15994835645678,111
"112",2010,10,6.58823529411765,17,6.94444444444444,6.1875,NA,6.5,6.6,9,8,0,2,15,1361,782,579,173,409,952,7.16982557678178,7.58562787723785,6.60824112262522,6.81791907514451,7.21335207823961,7.1511256407563,112
"113",2010,11,7.52272727272727,22,8.20833333333333,6.7,6.5,6.7,7.76470588235294,12,10,2,5,17,1383,794,589,175,414,969,7.17543934201012,7.59503904282116,6.60979899830221,6.81428571428572,7.20715217391304,7.16189020639835,113
"114",2010,12,7.125,16,8.11111111111111,5.85714285714286,4,6.25,7.41666666666667,9,7,1,4,12,1399,803,596,176,418,981,7.1748624803431,7.60082316313823,6.60095907718121,6.79829545454546,7.19799282296651,7.16500673802242,114
"115",2011,1,7.23333333333333,15,7.64285714285714,6.875,7,8,7.17857142857143,7,8,3,1,14,1414,810,604,179,419,995,7.17548275106082,7.60118641975309,6.60458875827815,6.80167597765363,7.19990692124105,7.16519759798995,115
"116",2011,2,6.63636363636364,11,7.5,6.44444444444444,6.5,6,6.77777777777778,2,9,2,2,9,1425,812,613,181,421,1004,7.17132112982456,7.60093719211823,6.60223753670473,6.79834254143647,7.19420665083135,7.16172471115538,116
"117",2011,3,7.28571428571429,7,7.75,6.66666666666667,6,NA,7.28571428571429,4,3,1,0,7,1432,816,616,182,421,1011,7.17188031424581,7.60166789215686,6.60255131493507,6.79395604395605,7.19420665083135,7.16258319485658,117
"118",2011,4,6.7,5,6.83333333333333,6.5,NA,5,7.125,3,2,0,1,4,1437,819,618,182,422,1015,7.17023842032011,7.59885347985348,6.60221943365696,6.79395604395605,7.18900710900474,7.16243508374384,118
"119",2011,5,6.83333333333333,6,6.5,7,6,5,7.2,2,4,2,1,5,1443,821,622,184,423,1020,7.16883756756757,7.5961766138855,6.60477750803859,6.78532608695652,7.18383215130024,7.16261922549019,119
"120",2011,6,6.25,6,6.875,5,4,6.5,6.125,4,2,1,2,4,1449,825,624,185,425,1024,7.16503285714286,7.59268,6.59963399038462,6.77027027027027,7.18061411764706,7.15856602539062,120
"121",2011,7,7.5,6,8,7,6.5,8,7,3,3,2,3,3,1455,828,627,187,428,1027,7.16641416494845,7.59415579710145,6.60154961722488,6.76737967914439,7.18635747663551,7.15810283349562,121
"122",2011,8,6.72727272727273,11,7.16666666666667,6.5625,NA,7,6.625,3,8,0,3,8,1466,831,635,187,431,1035,7.16311910641201,7.59261251504212,6.60105765354331,6.76737967914439,7.18506032482599,7.15398223188406,122
"123",2011,9,7.7,4,7,7.93333333333333,7.5,8.15,7.25,1,3,1,2,2,1470,832,638,188,433,1037,7.16458000680272,7.59190024038461,6.60732227272727,6.77127659574468,7.18951732101617,7.15416741562198,123
"124",2011,10,7.11428571428571,7,7.1,7.15,NA,NA,7.11428571428571,5,2,0,0,7,1477,837,640,188,433,1044,7.16434164522681,7.58896176821983,6.609018140625,6.77127659574468,7.18951732101617,7.15390000957854,124
"125",2011,11,6.56666666666667,18,7.7,6.13076923076923,5.58333333333333,6.5,6.575,5,13,6,2,16,1495,842,653,194,435,1060,7.15714555852843,7.58962114014252,6.59949710566616,6.73453608247423,7.18634712643678,7.14516189622641,125
"126",2011,12,6.45454545454545,11,6.75,6.38888888888889,5.75,5.66666666666667,6.75,2,9,4,3,8,1506,844,662,198,438,1068,7.15201368525896,7.58763151658768,6.59663385196375,6.71464646464647,7.17593835616438,7.14220188202247,126
"127",2012,1,6.6,10,7.75,5.83333333333333,6.5,6,7,4,6,2,4,6,1516,848,668,200,442,1074,7.14837243403694,7.58839740566038,6.58977785928144,6.7125,7.1652963800905,7.14140745810056,127
"128",2012,2,6.70833333333333,12,6.91666666666667,6.5,5.5,6.7,6.71428571428571,6,6,2,5,7,1528,854,674,202,447,1081,7.14491662958115,7.58367798594848,6.58897864985163,6.70049504950495,7.16009172259508,7.1386416373728,128
"129",2012,3,7.77272727272727,11,7.57142857142857,8.125,NA,6.5,7.9,7,4,0,1,10,1539,861,678,202,448,1091,7.1494039051332,7.58357839721254,6.59804072271386,6.70049504950495,7.15861830357143,7.14562017415215,129
"130",2012,4,6.375,12,7.375,5.875,5,6,6.5,4,8,1,3,9,1551,865,686,203,451,1100,7.1434123855577,7.58261387283237,6.58960876093295,6.69211822660099,7.15091130820399,7.14033782727272,130
"131",2012,5,6.61111111111111,9,7,6.41666666666667,5.83333333333333,6,6.91666666666667,3,6,3,3,6,1560,868,692,206,454,1106,7.14034141666667,7.58060023041475,6.58810926300578,6.67961165048544,7.14330616740088,7.13912442133815,131
"132",2012,6,6.34375,8,7.58333333333333,5.6,6,6,6.45833333333333,3,5,2,2,6,1568,871,697,208,456,1112,7.1362771747449,7.58060964408726,6.58102096126255,6.67307692307692,7.13829166666667,7.13545108812949,132
"133",2012,7,6.645,8,7,6.432,NA,6,7.032,3,5,0,3,5,1576,874,702,208,459,1117,7.1337833819797,7.57861670480549,6.57995955840456,6.67307692307692,7.13085185185185,7.13498801253357,133
"134",2012,8,6.8625,8,7.31666666666667,5.5,NA,6,7.15,6,2,0,2,6,1584,880,704,208,461,1123,7.13241326388889,7.57683068181818,6.57689149147727,6.67307692307692,7.12594577006508,7.1350682190561,134
"135",2012,9,5.6,10,7,5.25,5.75,5,6,2,8,2,4,6,1594,882,712,210,465,1129,7.12279962986198,7.57552267573696,6.56198259831461,6.66428571428572,7.10765806451613,7.12903596988485,135
"136",2012,10,7.95454545454545,11,8.1875,7.33333333333333,NA,7.5,8.21428571428571,8,3,0,4,7,1605,890,715,210,469,1136,7.12850006853582,7.58102359550562,6.56521903496504,6.66428571428572,7.11100426439232,7.13572324823943,136
"137",2012,11,6.54545454545455,11,7,6.28571428571429,NA,NA,6.54545454545455,4,7,0,0,11,1616,894,722,210,469,1147,7.12453131806931,7.57842393736018,6.56250915512465,6.66428571428572,7.11100426439232,7.13006243243243,137
"138",2012,12,7.11538461538461,13,7.66666666666667,5.875,4.5,6.5,7.22727272727273,9,4,2,2,11,1629,903,726,212,471,1158,7.12445832412523,7.57930343300111,6.55872122589532,6.6438679245283,7.10840976645435,7.1309858462867,138
"139",2013,1,6.57894736842105,19,7.3125,6.04545454545455,6.8,8,6.3125,8,11,5,3,16,1648,911,737,217,474,1174,7.11816905946602,7.57696048298573,6.55106052917232,6.64746543778802,7.11405274261603,7.11983101362862,139
"140",2013,2,6.72727272727273,11,7.66666666666667,6.375,6,6,6.8,3,8,3,1,10,1659,914,745,220,475,1184,7.1155772212176,7.57725492341357,6.54916994630873,6.63863636363636,7.11170736842105,7.11712973817567,140
"141",2013,3,7.35,10,7.5,7.28571428571429,7,7.16666666666667,7.42857142857143,3,7,2,3,7,1669,917,752,222,478,1191,7.11698179149191,7.57700218102508,6.55602607712766,6.64189189189189,7.11205230125523,7.11896020990764,141
"142",2013,4,5.5375,8,6.34,4.2,4.6,NA,5.5375,5,3,1,0,8,1677,922,755,223,478,1199,7.10944699463327,7.57029392624729,6.54666438410596,6.63273542600897,7.11205230125523,7.10840834862385,142
"143",2013,5,7.45,6,7.56666666666667,7.33333333333333,8,7.7,7.4,3,3,1,1,5,1683,925,758,224,479,1204,7.11066108734403,7.57028216216216,6.54977784960422,6.63883928571429,7.11327974947808,7.10961927740864,143
"144",2013,6,6.25,10,6.625,6,5.5,7,6.16666666666667,4,6,2,1,9,1693,929,764,226,480,1213,7.10557744240992,7.56621205597416,6.54546022251309,6.6287610619469,7.11304375,7.10262292662819,144
"145",2013,7,6.875,4,7.83333333333333,4,4,NA,6.875,3,1,1,0,4,1697,932,765,227,480,1217,7.10503394814378,7.56707188841202,6.54213282352941,6.61718061674009,7.11304375,7.10187478225144,145
"146",2013,8,5.625,4,NA,5.625,6.75,5.83333333333333,5,0,4,2,3,1,1701,932,769,229,483,1218,7.10155356261023,7.56707188841202,6.53736230169051,6.61834061135371,7.10509523809524,7.10014910509031,146
"147",2013,9,6.88,5,7.45,6.5,NA,6.25,7.3,2,3,0,2,3,1706,934,772,229,485,1221,7.10090422626026,7.56682119914347,6.53721711139896,6.61834061135371,7.10156907216495,7.10064013923014,147
"148",2013,10,7.66666666666667,9,7.71428571428571,7.5,NA,8.5,7.42857142857143,7,2,0,2,7,1715,941,774,229,487,1228,7.10387324198251,7.56791817215728,6.53970492248062,6.61834061135371,7.10731211498973,7.10250945439739,148
"149",2013,11,6.69230769230769,13,7.55555555555556,4.75,NA,7.5,6.54545454545455,9,4,0,2,11,1728,950,778,229,489,1239,7.10077697337963,7.56780105263158,6.53050335475579,6.61834061135371,7.108918200409,7.09756384987893,149
"150",2013,12,7.875,8,8.2,7.33333333333333,NA,8,7.83333333333333,5,3,0,2,6,1736,955,781,229,491,1245,7.10434482142857,7.5711109947644,6.53358720870679,6.61834061135371,7.11254786150713,7.10110972690763,150
"151",2014,1,6.54285714285714,7,7.45,5.33333333333333,6.5,6,6.63333333333333,4,3,2,1,6,1743,959,784,231,492,1251,7.1020898508319,7.57060583941606,6.52899440051021,6.61731601731602,7.11028658536585,7.09886619504396,151
"152",2014,2,5.45,5,NA,5.45,4,7,5.0625,0,5,2,1,4,1748,959,789,233,493,1255,7.09736419336384,7.57060583941606,6.52215666666667,6.59484978540773,7.11006288032454,7.09237578486055,152
"153",2014,3,6.75,4,6,7,7,7,6.5,1,3,1,2,2,1752,960,792,234,495,1257,7.09657112442922,7.56896979166666,6.52396667929293,6.5965811965812,7.10961818181818,7.09143326173429,153
"154",2014,4,7.4,5,8,7,NA,6,7.75,2,3,0,1,4,1757,962,795,234,496,1261,7.0974346101309,7.5698659043659,6.52576303144654,6.5965811965812,7.1073810483871,7.09352229183188,154
"155",2014,5,7.22,10,7.625,6.95,NA,NA,7.22,4,6,0,0,10,1767,966,801,234,496,1271,7.09812824561403,7.57009420289855,6.52894083645443,6.5965811965812,7.1073810483871,7.09451739575137,155
"156",2014,6,8,4,8,8,NA,NA,8,2,2,0,0,4,1771,968,803,234,496,1275,7.10016522303783,7.57098243801653,6.53260474470735,6.5965811965812,7.1073810483871,7.09735812549019,156
"157",2014,7,9,1,9,NA,NA,9,NA,1,0,0,1,0,1772,969,803,234,497,1275,7.10123736455982,7.57245717234262,6.53260474470735,6.5965811965812,7.11118913480885,7.09735812549019,157
"158",2014,8,7,4,7.33333333333333,6,NA,8,6,3,1,0,2,2,1776,972,804,234,499,1277,7.10100935247748,7.57171913580247,6.53194230099503,6.5965811965812,7.11475150300601,7.09563947533281,158
"159",2014,9,6.5,6,7,6.4,6.5,NA,6.5,1,5,2,0,6,1782,973,809,236,499,1283,7.09898575196408,7.57113155190133,6.53112683559951,6.59576271186441,7.11475150300601,7.09285394388152,159
"160",2014,10,6.88888888888889,9,7.7,5.875,6.5,6.16666666666667,7.25,5,4,2,3,6,1791,978,813,238,502,1289,7.09792998883305,7.57179038854806,6.52789865928659,6.59495798319328,7.10908565737052,7.09358542280838,160
"161",2014,11,6.15625,16,7.2,5.68181818181818,6.16666666666667,5.125,6.5,5,11,3,4,12,1807,983,824,241,506,1301,7.08959192584394,7.5698992878942,6.51660389563107,6.5896265560166,7.09340118577075,7.08811038431975,161
"162",2014,12,7.3,4,8,5.2,5.2,5.2,8,3,1,1,1,3,1811,986,825,242,507,1304,7.09005665930425,7.57120791075051,6.51500801212121,6.58388429752066,7.08966666666667,7.0902082898773,162
"163",2015,1,6.95833333333333,12,7.07142857142857,6.8,6.33333333333333,7,6.95454545454545,7,5,3,1,11,1823,993,830,245,508,1315,7.08918958310477,7.56768479355488,6.5167248313253,6.58081632653061,7.08949015748031,7.08907346768061,163
"164",2015,2,7.31,10,7.875,6.93333333333333,8,8,7.01428571428571,4,6,2,3,7,1833,997,836,247,511,1322,7.09039422258592,7.56891775325978,6.51971484449761,6.59230769230769,7.09483561643836,7.08867746596066,164
"165",2015,3,7.8,5,NA,7.8,NA,NA,7.8,0,5,0,0,5,1838,997,841,247,511,1327,7.09232459738847,7.56891775325978,6.52732652794293,6.59230769230769,7.09483561643836,7.09135765636774,165
"166",2015,4,6.55714285714286,7,7,6.38,7,7,6.225,2,5,2,3,4,1845,999,846,249,514,1331,7.09029409756098,7.56777877877878,6.52645580378251,6.59558232931727,7.09428210116732,7.08875402704733,166
"167",2015,5,7.62,7,9,7.068,6.67,8,7.468,2,5,2,2,5,1852,1001,851,251,516,1336,7.09229622570194,7.57064035964036,6.52963761457109,6.59617529880478,7.09779263565891,7.09017336077844,167
"168",2015,6,6.1875,8,7.25,5.83333333333333,4,8,5.92857142857143,2,6,1,1,7,1860,1003,857,252,517,1343,7.08840462903226,7.57000099700897,6.52476267211202,6.58587301587302,7.09953771760155,7.08411884586746,168
"169",2015,7,7.8,5,8,7.5,7.5,NA,7.8,3,2,2,0,5,1865,1006,859,254,517,1348,7.09031239142091,7.57128330019881,6.52703330616997,6.59307086614173,7.09953771760155,7.08677419139466,169
"170",2015,8,7.68571428571429,7,7.76,7.5,NA,8,7.63333333333333,5,2,0,1,6,1872,1011,861,254,518,1354,7.09253878739316,7.57221661721068,6.52929339140534,6.59307086614173,7.10127606177606,7.08919616691285,170
"171",2015,9,6.92857142857143,7,7,6.875,6,6.33333333333333,7.375,3,4,2,3,4,1879,1014,865,256,521,1358,7.09192794571581,7.57052366863905,6.53089203468208,6.5884375,7.09685412667946,7.09003800441826,171
"172",2015,10,5.91666666666667,9,6.625,5.35,4.6875,NA,5.91666666666667,4,5,4,0,9,1888,1018,870,260,521,1367,7.08632553495763,7.56680844793713,6.52410529885057,6.55919230769231,7.09685412667946,7.08231280907096,172
"173",2015,11,7.7,7,8.58,5.5,6,7.9,7.66666666666667,5,2,1,1,6,1895,1023,872,261,522,1373,7.08859240633245,7.57176050830889,6.52175643348624,6.55704980842912,7.09839272030651,7.08486643117261,173
"174",2015,12,6.5,6,7.16666666666667,5.83333333333333,4,4.5,7.5,3,3,1,2,4,1901,1026,875,262,524,1377,7.08673467122567,7.57057602339181,6.51939612571429,6.54729007633588,7.08847519083969,7.08607233841685,174
"175",2016,1,6.60714285714286,14,6.92857142857143,6.28571428571429,6.5,NA,6.60714285714286,7,7,2,0,14,1915,1033,882,264,524,1391,7.08322851697128,7.56622555663117,6.51754150793651,6.54693181818182,7.08847519083969,7.08125205607476,175
"176",2016,2,6.9375,8,7,6.92857142857143,6,NA,6.9375,1,7,2,0,8,1923,1034,889,266,524,1399,7.08262226209048,7.56567794970986,6.5207779640045,6.54281954887218,7.08847519083969,7.08043002859185,176
"177",2016,3,7.14285714285714,7,7,7.25,8,9,6.83333333333333,3,4,1,1,6,1930,1037,893,267,525,1405,7.08284073056995,7.56404146576663,6.52404435610302,6.54827715355805,7.09211619047619,7.0793748113879,177
"178",2016,4,6.8125,8,6.875,6.75,7,7,6.78571428571429,4,4,3,1,7,1938,1041,897,270,526,1412,7.08172477296182,7.56139385206532,6.52505196209588,6.5532962962963,7.09194106463878,7.07791898725212,178
"179",2016,5,6.6,5,7,6,7,7.5,6,3,2,1,2,3,1943,1044,899,271,528,1415,7.08048513124035,7.55978065134099,6.52388388209121,6.55494464944649,7.09348674242424,7.07563364664311,179
"180",2016,6,7,8,7,7,6,NA,7,3,5,3,0,8,1951,1047,904,274,528,1423,7.08015510507432,7.55817669531996,6.52651726769912,6.54886861313869,7.09348674242424,7.07520843991567,180
"181",2016,7,6.125,10,7.25,5.375,5.25,5.5625,6.5,4,6,3,4,6,1961,1051,910,277,532,1429,7.07528434982152,7.55700380589914,6.51892484615385,6.53480144404332,7.08197556390977,7.07279328901329,181
"182",2016,8,7.85714285714286,7,8,7.66666666666667,7,9,7.4,4,3,1,2,5,1968,1055,913,278,534,1434,7.07806535060976,7.55868341232227,6.52269617743702,6.53647482014388,7.08915917602996,7.07393417712692,182
"183",2016,9,6.25,2,6,6.5,NA,NA,6.25,1,1,0,0,2,1970,1056,914,278,534,1436,7.0772246751269,7.55720738636363,6.52267134573304,6.53647482014388,7.08915917602996,7.07278663649025,183
"184",2016,10,7.5,15,7.7,7.1,6,7.625,7.45454545454545,10,5,1,4,11,1985,1066,919,279,538,1447,7.08041945088161,7.55854690431519,6.52581241566921,6.53455197132616,7.09314312267658,7.07568874222529,184
"185",2016,11,7.15,10,7.0625,7.5,NA,7.66666666666667,6.92857142857143,8,2,0,3,7,1995,1074,921,279,541,1454,7.08076822556391,7.55485195530726,6.52792791530945,6.53455197132616,7.09632347504621,7.07498047455295,185
"186",2016,12,6.54285714285714,7,7.125,5.76666666666667,6.3,6.65,6.5,4,3,1,2,5,2002,1078,924,280,543,1459,7.07888741758242,7.55325695732838,6.52545628787879,6.53371428571429,7.09467955801105,7.07301001370802,186
"187",2017,1,6.54545454545455,11,7,6.16666666666667,6,5.33333333333333,7,5,6,1,3,8,2013,1083,930,281,546,1467,7.07597248385494,7.550702677747,6.52314151612903,6.53181494661922,7.08500183150183,7.07261186775732,187
"188",2017,2,6.3125,8,7.9,3.66666666666667,4,5.83333333333333,6.6,5,3,1,3,5,2021,1088,933,282,549,1472,7.072950326571,7.55230790441176,6.51395670953912,6.52283687943262,7.0781621129326,7.07100652853261,188
"189",2017,3,7.08333333333333,6,7.125,7,NA,NA,7.08333333333333,4,2,0,0,6,2027,1092,935,282,549,1478,7.07298106068081,7.55074267399267,6.51499637433155,6.52283687943262,7.0781621129326,7.07105656968877,189
"190",2017,4,6.5,2,NA,6.5,5,NA,6.5,0,2,1,0,2,2029,1092,937,283,549,1480,7.07241626909808,7.55074267399267,6.51496436499466,6.51745583038869,7.0781621129326,7.07028487162162,190
"191",2017,5,7,7,8,6.25,NA,NA,7,3,4,0,0,7,2036,1095,941,283,549,1487,7.07216729371316,7.55197351598173,6.51383805526036,6.51745583038869,7.0781621129326,7.06995400806994,191
"192",2017,6,6.1,5,6.16666666666667,6,NA,6.16666666666667,6,3,2,0,3,2,2041,1098,943,283,552,1489,7.06978569818716,7.54818852459016,6.51274826086957,6.51745583038869,7.07320833333333,7.06851686366689,192
"193",2017,7,7.26666666666667,3,8,6.9,NA,NA,7.26666666666667,1,2,0,0,3,2044,1099,945,283,552,1492,7.07007466242661,7.54859963603276,6.51356784126984,6.51745583038869,7.07320833333333,7.06891528820375,193
"194",2017,8,6.5,8,6.25,6.75,6,6,6.57142857142857,4,4,2,1,7,2052,1103,949,285,553,1499,7.06785214912281,7.54389029918404,6.51456439409905,6.51382456140351,7.07126763110307,7.0665921347565,194
"195",2017,9,7.2875,8,7.61428571428571,5,5,7,7.32857142857143,7,1,1,1,7,2060,1110,950,286,554,1506,7.06870515048544,7.54433423423423,6.51297011578948,6.50853146853147,7.07113898916968,7.06780983399734,195
"196",2017,10,6.325,6,6.65,6,6,5.5,6.7375,3,3,1,2,4,2066,1113,953,287,556,1510,7.06654530977735,7.54192362982929,6.51135530954879,6.50675958188153,7.06548741007194,7.0669348410596,196
"197",2017,11,6.53125,16,7,5.75,4.875,NA,6.53125,10,6,4,0,16,2082,1123,959,291,556,1526,7.06243160902978,7.53709795191451,6.50659187695516,6.48432989690722,7.06548741007194,7.06131822411533,197
"198",2017,12,7.2,5,8,6,7,7.33333333333333,7,3,2,1,3,2,2087,1126,961,292,559,1528,7.06276119310014,7.53833126110124,6.50553757544225,6.48609589041096,7.06692486583184,7.06123796465968,198
"199",2018,1,6.82222222222222,9,7.33333333333333,6.56666666666667,6.26666666666667,3,7.3,3,6,3,1,8,2096,1129,967,295,560,1536,7.06172834446565,7.53778653675819,6.50591686659773,6.48386440677966,7.0596625,7.06248151692708,199
"200",2018,2,7.15555555555556,9,7.5,6.88,6.8,8,7.05,4,5,2,1,8,2105,1133,972,297,561,1544,7.06212950593824,7.53765313327449,6.50784116255144,6.48599326599327,7.06133868092692,7.06241684585492,200
"201",2018,3,7.125,4,8.16666666666667,4,NA,NA,7.125,3,1,0,0,4,2109,1136,973,297,561,1548,7.0622487482219,7.53931426056338,6.5052637307297,6.48599326599327,7.06133868092692,7.06257855943152,201
"202",2018,4,7,7,6.5,7.66666666666667,NA,NA,7,4,3,0,0,7,2116,1140,976,297,561,1555,7.06204282136106,7.53566754385965,6.50883361680328,6.48599326599327,7.06133868092692,7.06229685530546,202
"203",2018,5,6.6,10,7.66666666666667,6.14285714285714,6.25,8,6.25,3,7,2,2,8,2126,1143,983,299,563,1563,7.05986952492944,7.5360113735783,6.50622747711089,6.48441471571906,7.06467317939609,7.05813922584773,203
"204",2018,6,7.25,6,7.3,7,NA,8,7.1,5,1,0,1,5,2132,1148,984,299,564,1568,7.06040460131332,7.53498344947735,6.50672927845528,6.48441471571906,7.06633156028369,7.05827271045918,204
"205",2018,7,7,3,8,6.5,5,NA,7,1,2,1,0,3,2135,1149,986,300,564,1571,7.06031972365339,7.53538816362054,6.50671562880325,6.47946666666667,7.06633156028369,7.05816143220878,205
"206",2018,8,7,5,8.33333333333333,5,5,8,6.75,3,2,1,1,4,2140,1152,988,301,565,1575,7.06017878971962,7.53746614583333,6.50366559716599,6.47455149501661,7.06798407079646,7.0573788,206
"207",2018,9,5.9,5,6.375,4,4,NA,5.9,4,1,1,0,5,2145,1156,989,302,565,1580,7.05747441025641,7.5334437716263,6.50113408493428,6.46635761589404,7.06798407079646,7.05371620886076,207
"208",2018,10,8,5,8.25,7,NA,NA,8,4,1,0,0,5,2150,1160,990,302,565,1585,7.05966633023256,7.53591465517241,6.50163798989899,6.46635761589404,7.06798407079646,7.05670133123028,208
"209",2018,11,6.8,10,6.5,7.25,5,6.5,6.875,6,4,1,2,8,2160,1166,994,303,567,1593,7.05846417129629,7.53058404802744,6.50464950704225,6.46151815181518,7.06598059964727,7.05578883239171,209
"210",2018,12,7.00090909090909,11,7.5,6.402,7,6.802,7.16666666666667,6,5,1,5,6,2171,1172,999,304,572,1599,7.05817255181944,7.53042747440273,6.50413574574575,6.46328947368421,7.06367307692308,7.05620488430269,210
"211",2019,1,6.8,5,7.5,6.33333333333333,7,7.5,6.33333333333333,2,3,1,2,3,2176,1174,1002,305,574,1602,7.05757932444853,7.53037563884157,6.50362436127745,6.46504918032787,7.06519337979094,7.05485119225967,211
"212",2019,2,6.15,10,6.5,5.8,5.33333333333333,6.5,5.91666666666667,5,5,3,4,6,2186,1179,1007,308,578,1608,7.05342754345837,7.52600593723494,6.50013069513406,6.45402597402597,7.06128200692042,7.05060423507462,212
"213",2019,3,6.42857142857143,7,6.75,6.3,5.5,7,6.33333333333333,2,5,3,1,6,2193,1181,1012,311,579,1614,7.05143301869585,7.52469178662151,6.49914190711463,6.4448231511254,7.06117616580311,7.04793780049566,213
"214",2019,4,7.5,5,7.5,NA,NA,8,7.375,5,0,0,1,4,2198,1186,1012,311,580,1618,7.05245341674249,7.52458768971332,6.49914190711463,6.4448231511254,7.06279482758621,7.04874635970333,214
"215",2019,5,6.6,5,7,6,6,6,6.75,3,2,1,1,4,2203,1189,1014,312,581,1622,7.05142651384476,7.52326408746846,6.49815740631164,6.44339743589743,7.06096557659208,7.04800962392108,215
"216",2019,6,7.81,4,8.08,7,NA,6.7,8.18,3,1,0,1,3,2207,1192,1015,312,582,1625,7.05280136384232,7.52466526845637,6.49865183251232,6.44339743589743,7.06034536082474,7.05009945230769,216
"217",2019,7,6.625,8,6.75,6.5,NA,NA,6.625,4,4,0,0,8,2215,1196,1019,312,582,1633,7.05125625733634,7.52207441471572,6.49865712463199,6.44339743589743,7.06034536082474,7.04801690753215,217
"218",2019,8,7.25,6,7.25,NA,NA,6.5,7.625,6,0,0,2,4,2221,1202,1019,312,584,1637,7.05179316073841,7.5207163061564,6.49865712463199,6.44339743589743,7.05842636986301,7.04942676237019,218
"219",2019,9,6.15,8,7.18,4.43333333333333,5,8.4,5.82857142857143,5,3,1,1,7,2229,1207,1022,313,585,1644,7.04855657694033,7.51930488815244,6.49259453033268,6.43878594249201,7.06071965811966,7.04422847323601,219
"220",2019,10,7.25692307692308,13,7.4675,6.92,7,8.1,7.10363636363636,8,5,1,2,11,2242,1215,1027,314,587,1655,7.04976476806423,7.51896378600823,6.49467537487829,6.44057324840764,7.06426064735945,7.04462332930513,220
"221",2019,11,7.5,10,7.66666666666667,7.25,7,7,7.55555555555556,6,4,1,1,9,2252,1221,1031,315,588,1664,7.05176403641208,7.5196895986896,6.49760582929195,6.44234920634921,7.06415136054422,7.04738678485577,221
"222",2019,12,6.90909090909091,11,6.8,7,7,NA,6.90909090909091,5,6,1,0,11,2263,1226,1037,316,588,1675,7.05107053026955,7.51675448613377,6.50051264223722,6.44411392405063,7.06415136054422,7.04647857313433,222
"223",2020,1,6.8,15,7.27777777777778,6.08333333333333,5.875,6,6.92307692307692,9,6,4,2,13,2278,1235,1043,320,590,1688,7.04941730026339,7.51501295546559,6.49811276126558,6.437,7.06054406779661,7.0455282049763,223
"224",2020,2,6.625,10,7.6875,5.91666666666667,5.5,NA,6.625,4,6,4,0,10,2288,1239,1049,324,590,1698,7.04756232954546,7.51556981436642,6.49478704480458,6.42543209876543,7.06054406779661,7.04305159599529,224
"225",2020,3,7.16666666666667,6,8,6.75,6,7,7.25,2,4,2,2,4,2294,1241,1053,326,592,1702,7.04787384917175,7.51635052377115,6.49575651471985,6.42282208588957,7.06033952702703,7.04353796122209,225
"226",2020,4,7.56,5,7.45,8,NA,7.8,7.5,4,1,0,1,4,2299,1245,1054,326,593,1706,7.04898765115268,7.51613734939759,6.49718369070209,6.42282208588957,7.061586846543,7.04460821219226,226
"227",2020,5,6.66666666666667,6,6.5,7,7,7,6.6,4,2,2,1,5,2305,1249,1056,328,594,1711,7.04799245553145,7.51288310648519,6.49813599431818,6.42634146341463,7.06148316498316,7.04330894798363,227
"228",2020,6,6.29166666666667,6,6.5,6.1875,7,NA,6.29166666666667,2,4,1,0,6,2311,1251,1060,329,594,1717,7.04602882302034,7.51126378896882,6.49696378301887,6.42808510638298,7.06148316498316,7.04068235876529,228
"229",2020,7,7.16666666666667,9,8.3,5.75,5.33333333333333,8.5,7,5,4,3,1,8,2320,1256,1064,332,595,1725,7.04649681465517,7.51440366242038,6.49415564849624,6.41819277108434,7.06390084033613,7.04049368695652,229
"230",2020,8,7,6,7.75,6.625,5,7.75,6.625,2,4,1,2,4,2326,1258,1068,333,597,1729,7.0463768744626,7.51477821939586,6.49464570224719,6.41393393393393,7.06619932998325,7.03953245228455,230
"231",2020,9,7.16666666666667,9,7.14285714285714,7.25,NA,7.16666666666667,7.16666666666667,7,2,0,3,6,2335,1265,1070,333,600,1735,7.04684051820129,7.51272015810276,6.49605757943925,6.41393393393393,7.06670166666667,7.03997210951008,231
"232",2020,10,7.3,6,7.75,6.4,NA,NA,7.3,4,2,0,0,6,2341,1269,1072,333,600,1741,7.04748936779154,7.51346808510638,6.49587836753731,6.41393393393393,7.06670166666667,7.04086824238943,232
"233",2020,11,6.8,5,7.33333333333333,6,NA,NA,6.8,3,2,0,0,5,2346,1272,1074,333,600,1746,7.0469618968457,7.51304323899371,6.49495494413408,6.41393393393393,7.06670166666667,7.04017847079037,233
"234",2020,12,6.05,10,7.875,4.83333333333333,5.5,NA,6.05,4,6,2,0,10,2356,1276,1080,335,600,1756,7.0427303098472,7.51417789968652,6.48572371296296,6.4084776119403,7.06670166666667,7.03453964123006,234
"235",2021,1,6.80769230769231,13,7.05555555555556,6.25,5.5,7.25,6.61111111111111,9,4,2,4,9,2369,1285,1084,337,604,1765,7.0414405276488,7.51096575875486,6.48485388376384,6.40308605341246,7.06791556291391,7.03238051558073,235
"236",2021,2,6.67777777777778,9,6.87142857142857,6,5,4,7.0125,7,2,1,1,8,2378,1292,1086,338,605,1773,7.04006417577796,7.50750077399381,6.48396096685083,6.3989349112426,7.06284462809917,7.03229081218274,236
"237",2021,3,6.5,7,7.125,5.66666666666667,5,NA,6.5,4,3,1,0,7,2385,1296,1089,339,605,1780,7.03847908176101,7.50632021604938,6.48170946740129,6.39480825958702,7.06284462809917,7.03019753370786,237
"238",2021,4,6.9125,8,6.9,7,7,7,6.9,7,1,1,1,7,2393,1303,1090,340,606,1787,7.03805792310907,7.50306293169608,6.48218496330275,6.39658823529412,7.06274092409241,7.02968752658086,238
"239",2021,5,6,5,6.5,5.66666666666667,5,NA,6,2,3,1,0,5,2398,1305,1093,341,606,1792,7.03589349874896,7.50152567049808,6.47994657822507,6.3924926686217,7.06274092409241,7.02681451450893,239
"240",2021,6,6.56,5,6.6,6.5,6,7.8,6.25,3,2,1,1,4,2403,1308,1095,342,607,1796,7.03490329171868,7.49945795107033,6.47998320547945,6.39134502923977,7.06395551894563,7.02508441536748,240
"241",2021,7,7,1,NA,7,NA,NA,7,0,1,0,0,1,2404,1308,1096,342,607,1797,7.03488877287853,7.49945795107033,6.48045767335767,6.39134502923977,7.06395551894563,7.02507045631608,241
"242",2021,8,7.07444444444444,9,7,7.134,6,7.835,6.85714285714286,4,5,1,2,7,2413,1312,1101,343,609,1804,7.03503630750104,7.49793521341463,6.48342562216167,6.39020408163265,7.06648768472906,7.02441885254989,242
"243",2021,9,6.625,4,7,6.25,NA,6.25,7,2,2,0,2,2,2417,1314,1103,343,611,1806,7.03435772031444,7.49717732115677,6.4830023662738,6.39020408163265,7.06381505728314,7.02439181063123,243
"244",2021,10,7.5,5,7.625,7,NA,NA,7.5,4,1,0,0,5,2422,1318,1104,343,611,1811,7.03531899669694,7.49756525037936,6.48347066123188,6.39020408163265,7.06381505728314,7.02570491993373,244
"245",2021,11,6.9375,8,7.5,6.375,NA,NA,6.9375,4,4,0,0,8,2430,1322,1108,343,611,1819,7.03499695884774,7.49757261724659,6.48307907039711,6.39020408163265,7.06381505728314,7.02531699285321,245
"246",2021,12,7.2,5,7.2,NA,NA,NA,7.2,5,0,0,0,5,2435,1327,1108,343,611,1824,7.03533577412731,7.49645139412208,6.48307907039711,6.39020408163265,7.06381505728314,7.02579583881579,246
"247",2022,1,7,6,7.5,6,6,NA,7,4,2,1,0,6,2441,1331,1110,344,611,1830,7.03524891847603,7.49646205860255,6.48220865765766,6.38906976744186,7.06381505728314,7.02571126229508,247
"248",2022,2,6.35018181818182,11,6.642,6,8,5.5,6.836,6,5,1,4,7,2452,1337,1115,345,615,1837,7.03217561582382,7.49262752430815,6.48004628699552,6.39373913043478,7.05364390243902,7.02498835601524,248
"249",2022,3,7.41,2,8,6.82,NA,6.82,8,1,1,0,1,1,2454,1338,1116,345,616,1838,7.03248354115729,7.4930067264574,6.48035090501792,6.39373913043478,7.05326461038961,7.02551883025027,249
"250",2022,4,7.33333333333333,6,7.33333333333333,NA,NA,7,7.4,6,0,0,1,5,2460,1344,1116,345,617,1843,7.03321732113821,7.49229389880952,6.48035090501792,6.39373913043478,7.05317828200972,7.02653478567553,250
"251",2022,5,7.3,5,7.625,6,NA,NA,7.3,4,1,0,0,5,2465,1348,1117,345,617,1848,7.03375846247464,7.49268768545994,6.47992086839749,6.39373913043478,7.05317828200972,7.02727468073593,251
"252",2022,6,7.275,4,8,7.03333333333333,7.1,NA,7.275,1,3,1,0,4,2469,1349,1120,346,617,1852,7.03414929526124,7.49306375092661,6.48140322321429,6.39578034682081,7.05317828200972,7.02780972462203,252
"253",2022,7,7.15,6,7.725,6,4,NA,7.15,4,2,1,0,6,2475,1353,1122,347,617,1858,7.03443014545454,7.49374944567627,6.48054510695187,6.38887608069164,7.05317828200972,7.02820431108719,253
"254",2022,8,6.98,10,7.625,6.55,4.5,7.5,6.85,4,6,2,2,8,2485,1357,1128,349,619,1866,7.03421111066398,7.49413633014001,6.48091454787234,6.37805157593123,7.05462197092084,7.02744030546623,254
"255",2022,9,7.1625,8,7.375,6.95,6,8,7.04285714285714,4,4,1,1,7,2493,1361,1132,350,620,1873,7.03462278780585,7.49378618662748,6.48257209363958,6.37697142857143,7.05614677419355,7.02749792311799,255
"256",2022,10,7,1,7,NA,NA,7,NA,1,0,0,1,0,2494,1362,1132,350,621,1873,7.03460890537289,7.49342364170337,6.48257209363958,6.37697142857143,7.05605636070853,7.02749792311799,256
"257",2022,11,7.5,11,8.5,5.75,5,7.4,7.52222222222222,7,4,2,2,9,2505,1369,1136,352,623,1882,7.03665253892215,7.49857048940832,6.47999261443662,6.36914772727273,7.05716051364366,7.02986376726886,257
"258",2022,12,5.90571428571429,7,7.25,4.11333333333333,NA,8,5.55666666666667,4,3,0,1,6,2512,1373,1139,352,624,1888,7.03350103901274,7.49784632192279,6.47375909569798,6.36914772727273,7.05867147435897,7.02518199682203,258
