"","year","month","avg_rating","no_ratings","avg_rating_owned","avg_rating_not_owned","avg_rating_prev_owned","avg_rating_comment","avg_rating_no_comment","no_ratings_owned","no_ratings_not_owned","no_ratings_prev_owned","no_ratings_comment","no_ratings_no_comment","cum_no_ratings","cum_no_ratings_owned","cum_no_ratings_not_owned","cum_no_ratings_prev_owned","cum_no_ratings_comment","cum_no_ratings_no_comment","cum_avg_rating","cum_avg_rating_owned","cum_avg_rating_not_owned","cum_avg_rating_prev_owned","cum_avg_rating_comment","cum_avg_rating_no_comment","month_after_release"
"1",2003,9,7.5,17,8.88888888888889,5.9375,NA,7.45454545454545,7.58333333333333,9,8,0,11,6,17,9,8,0,11,6,7.5,8.88888888888889,5.9375,NA,7.45454545454545,7.58333333333333,0
"2",2003,10,6.85,22,7.11333333333333,6.28571428571429,7.5,6.89285714285714,6.775,15,7,4,14,8,39,24,15,4,25,14,7.13333333333333,7.77916666666667,6.1,7.5,7.14,7.12142857142857,1
"3",2003,11,7.05,14,7.33636363636364,6,NA,7.52222222222222,6.2,11,3,0,9,5,53,35,18,4,34,19,7.11132075471698,7.64,6.08333333333333,7.5,7.24117647058824,6.87894736842105,2
"4",2003,12,6.7,15,6.72222222222222,6.66666666666667,8,6.72222222222222,6.66666666666667,9,6,1,9,6,68,44,24,5,43,25,7.02058823529412,7.45227272727273,6.22916666666667,7.6,7.13255813953488,6.828,3
"5",2004,1,7.1,10,7.75,4.5,NA,5.5,8.16666666666667,8,2,0,4,6,78,52,26,5,47,31,7.03076923076923,7.49807692307692,6.09615384615385,7.6,6.9936170212766,7.08709677419355,4
"6",2004,2,7.1,20,7.6,5.6,7,6.90909090909091,7.33333333333333,15,5,1,11,9,98,67,31,6,58,40,7.04489795918367,7.52089552238806,6.01612903225806,7.5,6.97758620689655,7.1425,5
"7",2004,3,6.825,20,6.96875,6.25,8,7,6.76666666666667,16,4,1,5,15,118,83,35,7,63,55,7.00762711864407,7.4144578313253,6.04285714285714,7.57142857142857,6.97936507936508,7.04,6
"8",2004,4,6.0625,16,6.375,5.75,7,6.71428571428571,5.55555555555556,8,8,2,7,9,134,91,43,9,70,64,6.89477611940298,7.32307692307692,5.98837209302326,7.44444444444444,6.95285714285714,6.83125,7
"9",2004,5,6.6,5,7.5,6,NA,5.5,7.33333333333333,2,3,0,2,3,139,93,46,9,72,67,6.8841726618705,7.32688172043011,5.98913043478261,7.44444444444444,6.9125,6.85373134328358,8
"10",2004,6,6.80769230769231,13,7.125,6.3,7,7.4,6.4375,8,5,2,5,8,152,101,51,11,77,75,6.87763157894737,7.31089108910891,6.01960784313725,7.36363636363636,6.94415584415585,6.80933333333333,9
"11",2004,7,6.8125,8,7.25,6.375,NA,6.5,6.91666666666667,4,4,0,2,6,160,105,55,11,79,81,6.874375,7.30857142857143,6.04545454545455,7.36363636363636,6.93291139240506,6.81728395061728,10
"12",2004,8,7.4,10,7.33333333333333,7.5,NA,6.66666666666667,7.71428571428571,6,4,0,3,7,170,111,59,11,82,88,6.90529411764706,7.30990990990991,6.14406779661017,7.36363636363636,6.92317073170732,6.88863636363636,11
"13",2004,9,7.02,15,7.475,6.5,7,7.4125,6.57142857142857,8,7,4,8,7,185,119,66,15,90,95,6.9145945945946,7.32100840336134,6.18181818181818,7.26666666666667,6.96666666666667,6.86526315789474,12
"14",2004,10,6.43333333333333,18,6.56666666666667,6.16666666666667,5.33333333333333,6.77777777777778,6.08888888888889,12,6,3,9,9,203,131,72,18,99,104,6.87192118226601,7.25190839694656,6.18055555555556,6.94444444444444,6.94949494949495,6.79807692307692,13
"15",2004,11,6.41,20,7.14666666666667,4.2,5,5.78333333333333,6.67857142857143,15,5,1,6,14,223,146,77,19,105,118,6.8304932735426,7.24109589041096,6.05194805194805,6.84210526315789,6.88285714285714,6.78389830508475,14
"16",2004,12,6.9,15,7.15,6.4,6,5.66666666666667,7.20833333333333,10,5,2,3,12,238,156,82,21,108,130,6.83487394957983,7.23525641025641,6.07317073170732,6.76190476190476,6.84907407407407,6.82307692307692,15
"17",2005,1,6.22916666666667,24,6.27777777777778,6.08333333333333,6.83333333333333,6.35714285714286,6.05,18,6,3,14,10,262,174,88,24,122,140,6.7793893129771,7.13620689655172,6.07386363636364,6.77083333333333,6.79262295081967,6.76785714285714,16
"18",2005,2,6.7,20,7.16666666666667,5.3,6,5.75,7.33333333333333,15,5,1,8,12,282,189,93,25,130,152,6.77375886524823,7.13862433862434,6.03225806451613,6.74,6.72846153846154,6.8125,17
"19",2005,3,6.32142857142857,28,7,4.28571428571429,NA,6,6.9,21,7,0,18,10,310,210,100,25,148,162,6.73290322580645,7.1247619047619,5.91,6.74,6.63986486486487,6.8179012345679,18
"20",2005,4,5.76666666666667,15,6.125,4.33333333333333,4.5,6.78571428571429,4.875,12,3,2,7,8,325,222,103,27,155,170,6.68830769230769,7.07072072072072,5.86407766990291,6.57407407407407,6.64645161290323,6.72647058823529,19
"21",2005,5,5.93888888888889,18,7.04545454545455,4.2,NA,5.54,6.4375,11,7,0,10,8,343,233,110,27,165,178,6.64897959183673,7.06952789699571,5.75818181818182,6.57407407407407,6.57939393939394,6.71348314606742,20
"22",2005,6,5.74285714285714,14,6.68571428571429,4.8,5,6.125,5.23333333333333,7,7,1,8,6,357,240,117,28,173,184,6.61344537815126,7.05833333333333,5.7008547008547,6.51785714285714,6.55838150289017,6.66521739130435,21
"23",2005,7,6.38461538461539,13,6.77777777777778,5.5,8,6.33333333333333,6.42857142857143,9,4,1,6,7,370,249,121,29,179,191,6.60540540540541,7.04819277108434,5.69421487603306,6.56896551724138,6.55083798882682,6.6565445026178,22
"24",2005,8,6.08823529411765,17,6.45833333333333,5.2,NA,6.07142857142857,6.1,12,5,0,7,10,387,261,126,29,186,201,6.58268733850129,7.02107279693486,5.67460317460317,6.56896551724138,6.53279569892473,6.62885572139304,23
"25",2005,9,6.42307692307692,26,6.65789473684211,5.78571428571429,NA,6.57142857142857,6.25,19,7,0,14,12,413,280,133,29,200,213,6.5726392251816,6.99642857142857,5.68045112781955,6.56896551724138,6.5355,6.6075117370892,24
"26",2005,10,5.89,20,6.15333333333333,5.1,6,5.33333333333333,6.12857142857143,15,5,1,6,14,433,295,138,30,206,227,6.54110854503464,6.9535593220339,5.65942028985507,6.55,6.5004854368932,6.57797356828194,25
"27",2005,11,6.20833333333333,24,6.5,5.625,5.5,6.32142857142857,6.05,16,8,2,14,10,457,311,146,32,220,237,6.52363238512035,6.93022508038585,5.65753424657534,6.484375,6.48909090909091,6.55569620253165,26
"28",2005,12,5.88461538461539,26,6.425,4.08333333333333,3.5,6.2,5.6875,20,6,1,10,16,483,331,152,33,230,253,6.48923395445135,6.89969788519637,5.59539473684211,6.39393939393939,6.47652173913044,6.50079051383399,27
"29",2006,1,6.12352941176471,17,5.9,6.375,4,5.15714285714286,6.8,9,8,1,7,10,500,340,160,34,237,263,6.4768,6.87323529411765,5.634375,6.32352941176471,6.43755274261603,6.51216730038023,28
"30",2006,2,6.59375,16,6.875,5.75,6.33333333333333,6.64285714285714,6.55555555555556,12,4,3,7,9,516,352,164,37,244,272,6.48042635658915,6.87329545454545,5.63719512195122,6.32432432432432,6.44344262295082,6.51360294117647,29
"31",2006,3,6.41666666666667,18,6.84615384615385,5.3,5.75,6.28571428571429,6.5,13,5,2,7,11,534,365,169,39,251,283,6.47827715355805,6.87232876712329,5.62721893491124,6.29487179487179,6.4390438247012,6.513074204947,30
"32",2006,4,5.21428571428571,7,6.375,3.66666666666667,NA,4.625,6,4,3,0,4,3,541,369,172,39,255,286,6.46192236598891,6.86693766937669,5.59302325581395,6.29487179487179,6.41058823529412,6.50769230769231,31
"33",2006,5,6.2,15,7,5,NA,6.33333333333333,6.11111111111111,9,6,0,6,9,556,378,178,39,261,295,6.45485611510791,6.87010582010582,5.57303370786517,6.29487179487179,6.4088122605364,6.49559322033898,32
"34",2006,6,6.16666666666667,18,6.88888888888889,5.44444444444444,5,5.5,7,9,9,4,10,8,574,387,187,43,271,303,6.44581881533101,6.87054263565891,5.5668449197861,6.17441860465116,6.37527675276753,6.50891089108911,33
"35",2006,7,6.18478260869565,23,6.140625,6.28571428571429,7,5.67857142857143,6.40625,16,7,3,7,16,597,403,194,46,278,319,6.4357621440536,6.84156327543424,5.59278350515464,6.22826086956522,6.35773381294964,6.50376175548589,34
"36",2006,8,6.65625,16,6.6,7.5,NA,6.44444444444444,6.92857142857143,15,1,0,9,7,613,418,195,46,287,326,6.44151712887439,6.8328947368421,5.6025641025641,6.22826086956522,6.36045296167247,6.51288343558282,35
"37",2006,9,6.28125,16,6.45,6,6.5,6.35714285714286,6.22222222222222,10,6,2,7,9,629,428,201,48,294,335,6.43744038155803,6.82394859813084,5.61442786069652,6.23958333333333,6.36037414965986,6.50507462686567,36
"38",2006,10,5.83333333333333,21,6,5.41666666666667,5.33333333333333,5.55555555555556,6.04166666666667,15,6,3,9,12,650,443,207,51,303,347,6.41792307692308,6.79604966139955,5.60869565217391,6.18627450980392,6.33646864686469,6.48904899135447,37
"39",2006,11,6.15263157894737,19,6.44,5.83333333333333,6,6.05,6.22727272727273,10,9,4,8,11,669,453,216,55,311,358,6.41038863976084,6.78818984547461,5.61805555555556,6.17272727272727,6.32909967845659,6.48100558659218,38
"40",2006,12,6.16129032258065,31,6.34090909090909,5.72222222222222,6,5.3,6.57142857142857,22,9,1,10,21,700,475,225,56,321,379,6.39935714285714,6.76747368421053,5.62222222222222,6.16964285714286,6.29704049844237,6.48601583113456,39
"41",2007,1,6.26071428571429,28,6.69411764705882,5.59090909090909,5.83333333333333,5.6,6.62777777777778,17,11,3,10,18,728,492,236,59,331,397,6.39402472527472,6.76493902439024,5.62076271186441,6.15254237288136,6.27598187311178,6.49244332493703,40
"42",2007,2,5.73445681818182,22,6.51666666666667,4.795805,6.5,5.27777777777778,6.05061923076923,12,10,1,9,13,750,504,246,60,340,410,6.3746774,6.75902777777778,5.58722784552845,6.15833333333333,6.24955882352941,6.47843426829268,41
"43",2007,3,6.16666666666667,15,6.61111111111111,5.5,7,5.8,6.35,9,6,1,5,10,765,513,252,61,345,420,6.37059875816993,6.75643274853801,5.58515099206349,6.17213114754098,6.24304347826087,6.47537630952381,42
"44",2007,4,7.23529411764706,17,7.5,6,NA,7.28571428571429,7.2,14,3,0,7,10,782,527,255,61,352,430,6.38939648337596,6.77618595825427,5.59003156862745,6.17213114754098,6.26377840909091,6.49222802325581,43
"45",2007,5,6.67994736842105,19,7.32433333333333,6.1,6.25,6.60211111111111,6.75,9,10,4,9,10,801,536,265,65,361,440,6.39628845193508,6.78538992537313,5.60927566037736,6.17692307692308,6.27221329639889,6.49808647727273,44
"46",2007,6,6.19444444444444,18,6.75,5.5,5.5,6.11111111111111,6.27777777777778,10,8,2,9,9,819,546,273,67,370,449,6.39185231990232,6.78474175824176,5.60607344322344,6.15671641791045,6.26829459459459,6.49367048997773,45
"47",2007,7,5.94444444444444,18,6.4,5.375,6,6.25,5.79166666666667,10,8,2,6,12,837,556,281,69,376,461,6.38223064516129,6.77782194244604,5.59949483985765,6.15217391304348,6.26800265957447,6.47539707158351,46
"48",2007,8,5.70588235294118,17,6.9,5.20833333333333,6.25,5.4375,5.94444444444444,5,12,2,8,9,854,561,293,71,384,470,6.36876703747073,6.77891087344029,5.58347457337884,6.15492957746479,6.25070052083333,6.46522989361702,47
"49",2007,9,6.33333333333333,12,7.125,4.75,5,6.44444444444444,6,8,4,1,9,3,866,569,297,72,393,473,6.36827603926097,6.78377680140598,5.57224932659933,6.13888888888889,6.25513740458015,6.46227917547569,48
"50",2007,10,6.77235294117647,17,6.72357142857143,7,7,5.87666666666667,6.96428571428571,14,3,2,3,14,883,583,300,74,396,487,6.37605554926387,6.78233104631218,5.58652683333333,6.16216216216216,6.2522702020202,6.47671057494867,49
"51",2007,11,6.68823529411765,17,6.98181818181818,6.15,NA,6.92857142857143,6.52,11,6,0,7,10,900,594,306,74,403,497,6.38195227777778,6.78602525252525,5.59757532679739,6.16216216216216,6.26401736972705,6.47758158953722,50
"52",2007,12,5.79310344827586,29,5.96875,5.57692307692308,5,5.41666666666667,5.89130434782609,16,13,2,6,23,929,610,319,76,409,520,6.36357055974166,6.76458852459017,5.59673369905956,6.13157894736842,6.25158679706602,6.45165009615385,51
"53",2008,1,6.12068965517241,29,6.65909090909091,4.42857142857143,4.66666666666667,5.58333333333333,6.5,22,7,3,12,17,958,632,326,79,421,537,6.35621821503131,6.76091613924051,5.5716504601227,6.07594936708861,6.23253919239905,6.45318072625698,52
"54",2008,2,6.59444444444444,18,6.75714285714286,6.025,3,6.25,6.87,14,4,1,8,10,976,646,330,80,429,547,6.36061173155738,6.76083436532508,5.57714560606061,6.0375,6.2328648018648,6.4608008226691,53
"55",2008,3,6.44444444444444,18,6.63636363636364,6.14285714285714,7.25,6.14285714285714,6.63636363636364,11,7,2,7,11,994,657,337,82,436,558,6.36212982897384,6.75875038051751,5.58889629080119,6.06707317073171,6.23141972477064,6.46426173835125,54
"56",2008,4,6.24,25,6.28571428571429,6.18181818181818,6.125,6.75,6,14,11,4,8,17,1019,671,348,86,444,575,6.35913351324828,6.74888077496274,5.60763807471264,6.06976744186047,6.24076351351351,6.45053573913043,55
"57",2008,5,5.76315789473684,19,7,4.65,2.5,5.8,5.75,9,10,2,5,14,1038,680,358,88,449,589,6.34822451830443,6.75220441176471,5.58088840782123,5.98863636363636,6.23585523385301,6.43388463497453,56
"58",2008,6,5.98333333333333,30,5.90625,6.07142857142857,6,5.80769230769231,6.11764705882353,16,14,3,13,17,1068,696,372,91,462,606,6.3379747659176,6.73275718390805,5.59934959677419,5.98901098901099,6.22380735930736,6.42501328382838,57
"59",2008,7,5.70833333333333,24,6.5,5.44444444444444,5.53846153846154,5.04166666666667,6.375,6,18,13,12,12,1092,702,390,104,474,618,6.32413649267399,6.73076780626781,5.59220012820513,5.93269230769231,6.19387974683544,6.42404215210356,58
"60",2008,8,5.43055555555556,36,5.40909090909091,5.44,5.30555555555556,5,5.91176470588235,11,25,18,19,17,1128,713,415,122,493,635,6.29561795212766,6.71037727910239,5.58303144578313,5.84016393442623,6.14786815415822,6.41032763779527,59
"61",2008,9,5.57619047619048,21,5.85714285714286,5.43571428571429,4.92857142857143,5.88888888888889,5.34166666666667,7,14,7,9,12,1149,720,429,129,502,647,6.28246914708442,6.70208194444445,5.57822389277389,5.7906976744186,6.14322509960159,6.3905070324575,60
"62",2008,10,6.07894736842105,19,7.1,4.94444444444444,5.66666666666667,5.16666666666667,6.9,10,9,3,9,10,1168,730,438,132,511,657,6.27915843321918,6.70753287671233,5.56520102739726,5.78787878787879,6.12602544031311,6.39826187214612,61
"63",2008,11,6.125,24,6.4,5.92857142857143,6,6.28571428571429,6.05882352941176,10,14,6,7,17,1192,740,452,138,518,674,6.27605457214765,6.70337702702703,5.57645586283186,5.79710144927536,6.1281833976834,6.38970037091988,62
"64",2008,12,6.075,28,6.34545454545455,5.08333333333333,5.83333333333333,6.06363636363636,6.08235294117647,22,6,3,11,17,1220,762,458,141,529,691,6.27144020491803,6.69304330708662,5.56999574235808,5.79787234042553,6.12684120982987,6.38213900144718,63
"65",2009,1,6.23636363636364,33,6.65555555555556,5.73333333333333,5.75,6.35714285714286,6.20384615384615,18,15,12,7,26,1253,780,473,153,536,717,6.27051640063847,6.69217820512821,5.57517558139535,5.79411764705882,6.12984888059701,6.37567370990237,64
"66",2009,2,6.74722222222222,36,7.25,6.11875,6.04,6.25,6.93846153846154,20,16,10,10,26,1289,800,489,163,546,743,6.28383013964313,6.70612375,5.59296124744376,5.80920245398773,6.13204945054945,6.39536749663526,65
"67",2009,3,6.125,38,6.81578947368421,5.43421052631579,5.46428571428571,6.21666666666667,6.06521739130435,19,19,7,15,23,1327,819,508,170,561,766,6.27928187641296,6.70866788766789,5.58702372047244,5.795,6.134311942959,6.38545437336815,66
"68",2009,4,6.16666666666667,30,6.57692307692308,5.85294117647059,5.1875,6.5,6.02380952380952,13,17,8,9,21,1357,832,525,178,570,787,6.27679222549742,6.706609375,5.59563438095238,5.76769662921348,6.14008596491228,6.3758043837357,67
"69",2009,5,6.24473684210526,38,6.6,5.925,5.57142857142857,5.81666666666667,6.44230769230769,18,20,7,12,26,1395,850,545,185,582,813,6.27591903225806,6.70435176470589,5.60772119266055,5.76027027027027,6.1334175257732,6.37793118081181,68
"70",2009,6,6.468,25,6,6.73125,5.8375,5.33333333333333,6.82631578947368,9,16,8,6,19,1420,859,561,193,588,832,6.27930073943662,6.69697206053551,5.63976479500891,5.76347150259067,6.12525340136054,6.38817073317308,69
"71",2009,7,6.20238095238095,21,7.23333333333333,5.42916666666667,4.81666666666667,5.40625,6.69230769230769,9,12,6,8,13,1441,868,573,199,596,845,6.27817977099237,6.70253341013825,5.63535436300174,5.73492462311558,6.11560234899329,6.39284976331361,70
"72",2009,8,6.52380952380952,21,6.75,6.22222222222222,5,6.625,6.5,12,9,3,4,17,1462,880,582,202,600,862,6.28170796853625,6.70318068181818,5.64442963917526,5.7240099009901,6.11899833333333,6.3949629350348,71
"73",2009,9,5.625,28,6.72222222222222,5.10526315789474,5.1875,5.38888888888889,5.73684210526316,9,19,8,9,19,1490,889,601,210,609,881,6.26936714765101,6.70337345331834,5.62738444259567,5.70357142857143,6.10820853858785,6.38076963677639,72
"74",2009,10,6.51851851851852,27,6.76666666666667,6.20833333333333,6.3125,6.35,6.61764705882353,15,12,8,10,17,1517,904,613,218,619,898,6.27380161502966,6.70442367256637,5.63875701468189,5.72591743119266,6.11211470113086,6.3852539532294,73
"75",2009,11,6.16071428571429,28,6.63125,5.53333333333333,5.3125,5.7,6.41666666666667,16,12,8,10,18,1545,920,625,226,629,916,6.27175213592233,6.70315108695652,5.63673288,5.71128318584071,6.10556279809221,6.38587123362445,74
"76",2009,12,5.83636363636364,33,6.43,4.92307692307692,4.14285714285714,4.96,6.21739130434783,20,13,7,10,23,1578,940,638,233,639,939,6.26264705323194,6.69733936170213,5.62219130094044,5.66416309012876,6.08763536776213,6.38174446219382,75
"77",2010,1,5.79285714285714,28,6.5,4.7,4.04,5.15,6.05,17,11,5,8,20,1606,957,649,238,647,959,6.25445644458281,6.69383385579938,5.60656093990755,5.63004201680672,6.07604173106646,6.37482591240876,76
"78",2010,2,5.51111111111111,9,6.3,4.525,3,5,5.65714285714286,5,4,1,2,7,1615,962,653,239,649,966,6.2503139628483,6.69178690228691,5.59993575803982,5.61903765690377,6.07272573189522,6.36962531055901,77
"79",2010,3,5.82857142857143,14,6.4,4.8,6,5.66666666666667,5.95,9,5,1,6,8,1629,971,658,240,655,974,6.2466894106814,6.6890823892894,5.59385721884498,5.620625,6.06900610687023,6.36617869609856,78
"80",2010,4,6.63529411764706,17,6.375,6.86666666666667,6.6,7.25,6.44615384615385,8,9,5,4,13,1646,979,667,245,659,987,6.25070294653706,6.68651583248213,5.61103155922039,5.64061224489796,6.07617450682853,6.3672320668693,79
"81",2010,5,5.68181818181818,11,5.3,6,6.33333333333333,4.2,6.91666666666667,5,6,3,5,6,1657,984,673,248,664,993,6.2469264031382,6.67947052845529,5.61449933135215,5.64899193548387,6.06204668674699,6.37055191339376,80
"82",2010,6,5.82142857142857,14,6.625,4.75,4.875,5.4,6.05555555555556,8,6,4,5,9,1671,992,679,252,669,1002,6.24336149012567,6.67903125,5.60686016200295,5.63670634920635,6.05709865470852,6.36772260479042,81
"83",2010,7,6.26875,16,7.08333333333333,5.78,5.57142857142857,6.71666666666667,6,6,10,7,6,10,1687,998,689,259,675,1012,6.24360228215768,6.6814619238477,5.60937307692308,5.63494208494209,6.06296148148148,6.36408898221344,82
"84",2010,8,5.98888888888889,18,6.70909090909091,4.85714285714286,6,5.38333333333333,6.29166666666667,11,7,1,6,12,1705,1009,696,260,681,1024,6.24091322580645,6.68176313181368,5.60180754310345,5.63634615384616,6.05697356828194,6.36324028320313,83
"85",2010,9,5.23076923076923,13,7,4.7,5.66666666666667,5,5.375,3,10,3,5,8,1718,1012,706,263,686,1032,6.23326952852154,6.68270652173913,5.58903406515581,5.63669201520913,6.04926967930029,6.35557950581395,84
"86",2010,10,5.67058823529412,17,7,5.26153846153846,5.65,5.1875,6.1,4,13,6,8,9,1735,1016,719,269,694,1041,6.22775622478386,6.68395570866142,5.58311272600835,5.63698884758364,6.03933573487032,6.35336988472622,85
"87",2010,11,6.66190476190476,21,7.3,6.08181818181818,6.83333333333333,5.66666666666667,7.06,10,11,3,6,15,1756,1026,730,272,700,1056,6.23294820615034,6.68996003898636,5.59062746575343,5.65018382352941,6.03614142857143,6.36340724431818,86
"88",2010,12,6.08965517241379,29,6.29285714285714,5.9,6.125,5.63636363636364,6.36666666666667,14,15,8,11,18,1785,1040,745,280,711,1074,6.23062019607843,6.68461442307693,5.59685644295302,5.66375,6.02995639943741,6.36346187150838,87
"89",2011,1,6.43333333333333,18,6.625,6.05,7.1,6.75,6.39375,12,6,3,2,16,1803,1052,751,283,713,1090,6.23264395452024,6.68393441064639,5.60047676431425,5.67897526501767,6.03197615708275,6.36390646788991,88
"90",2011,2,5.38888888888889,9,6,5.21428571428571,4.7,4.66666666666667,5.75,2,7,5,3,6,1812,1054,758,288,716,1096,6.22845311810154,6.6826366223909,5.59691035620053,5.66197916666667,6.02625558659218,6.3605456660584,89
"91",2011,3,5.81,20,5.96666666666667,5.68181818181818,5.75,6.55,5.625,9,11,4,4,16,1832,1063,769,292,720,1112,6.22388485262009,6.67657478833491,5.59812490247074,5.66318493150685,6.02916527777778,6.34996227517986,90
"92",2011,4,5.875,12,6.8,5.21428571428571,4.9,6,5.83333333333333,5,7,5,3,9,1844,1068,776,297,723,1121,6.22161445227766,6.67715262172285,5.59466243556701,5.6503367003367,6.02904426002766,6.34581449598573,91
"93",2011,5,5.83333333333333,12,6.3125,4.875,NA,7,5.72727272727273,8,4,0,1,11,1856,1076,780,297,724,1132,6.21910401400862,6.67444144981413,5.59097185897436,5.6503367003367,6.03038535911602,6.33980393109541,92
"94",2011,6,6.40909090909091,11,6.5625,6,5.75,6.5,6.35714285714286,8,3,2,4,7,1867,1084,783,299,728,1139,6.22022337975361,6.67361531365314,5.59253901660281,5.65100334448161,6.03296565934066,6.33991049165935,93
"95",2011,7,5.55,12,5.2,5.8,6,4.52,6.28571428571429,5,7,3,5,7,1879,1089,790,302,733,1146,6.21594308142629,6.66684940312213,5.59437727848101,5.6544701986755,6.02264529331514,6.33957945026178,94
"96",2011,8,6.75,16,6.72222222222222,6.78571428571429,7.5,6.33333333333333,6.84615384615385,9,7,2,3,13,1895,1098,797,304,736,1159,6.22045226912929,6.66730327868853,5.60484071518193,5.66661184210527,6.02391168478261,6.34526147540984,95
"97",2011,9,5.71428571428571,7,5.875,5.5,6,6,5.5,4,3,1,3,4,1902,1102,800,305,739,1163,6.21858940588854,6.6644274047187,5.6044475625,5.66770491803279,6.02381461434371,6.34235429922614,96
"98",2011,10,5.52307692307692,13,5.875,5.36666666666667,5.21666666666667,4.75833333333333,6.17857142857143,4,9,6,6,7,1915,1106,809,311,745,1170,6.21386791122715,6.66157233273056,5.6018022867738,5.65900321543409,6.01362281879195,6.3413744017094,97
"99",2011,11,6.41071428571429,14,6.22222222222222,6.75,5.58333333333333,6.05,6.61111111111111,9,5,3,5,9,1929,1115,814,314,750,1179,6.21529655261794,6.65802600896861,5.6088550982801,5.65828025477707,6.01386533333333,6.3434334605598,98
"100",2011,12,6.58461538461538,13,6.21428571428571,7.01666666666667,6.55,6.65,6.55555555555556,7,6,2,4,9,1942,1122,820,316,754,1188,6.21776882080329,6.65525757575758,5.61915615853659,5.66392405063291,6.0172400530504,6.34504044612795,99
"101",2012,1,6.29583333333333,24,6.67058823529412,5.38571428571429,5.25,6.16666666666667,6.33888888888889,17,7,4,6,18,1966,1139,827,320,760,1206,6.21872179552391,6.65548639157156,5.61718022974607,5.65875,6.01841973684211,6.3449486318408,100
"102",2012,2,6.125,16,6.5625,5.6875,5.6875,5.57142857142857,6.55555555555556,8,8,8,7,9,1982,1147,835,328,767,1215,6.21796521190716,6.65483783783784,5.61785395209581,5.6594512195122,6.01434028683181,6.34650868312757,101
"103",2012,3,5.9875,16,6.04285714285714,5.94444444444444,6.3,4.95,6.33333333333333,7,9,5,4,12,1998,1154,844,333,771,1227,6.21611964464464,6.65112564991335,5.6213365521327,5.66906906906907,6.00881841763943,6.34637982885086,102
"104",2012,4,5.08,12,6.245,2.75,3.33333333333333,5.24,4.96571428571429,8,4,3,5,7,2010,1162,848,336,776,1234,6.20933684079602,6.64832960413081,5.60779251179246,5.64821428571429,6.00386469072165,6.33854785251216,103
"105",2012,5,5.34166666666667,12,5.56666666666667,4.66666666666667,4.5,5.55,5.3,9,3,2,2,10,2022,1171,851,338,778,1244,6.20418746290801,6.64001622544834,5.60447479435958,5.6414201183432,6.00269794344473,6.33019939710611,104
"106",2012,6,6.125,4,7.5,5.66666666666667,7,5.75,6.5,1,3,1,2,2,2026,1172,854,339,780,1246,6.20403112043435,6.64075,5.60469326697892,5.64542772861357,6.00205,6.33047195024077,105
"107",2012,7,6.13384615384615,13,6.33333333333333,5.96285714285714,6.25,5.85714285714286,6.45666666666667,6,7,2,7,6,2039,1178,861,341,787,1252,6.20358364394311,6.63918421052632,5.60760516840883,5.64897360703812,6.00076111817027,6.3310767172524,106
"108",2012,8,6,14,6.14285714285714,5.85714285714286,6,7,5.92307692307692,7,7,3,1,13,2053,1185,868,344,788,1265,6.20219534827082,6.63625232067511,5.60961756912443,5.65203488372093,6.00202918781726,6.3268838339921,107
"109",2012,9,6.9,7,7.3,5.9,5.8,NA,6.9,5,2,1,0,7,2060,1190,870,345,788,1272,6.20456652912621,6.63904117647059,5.61028511494253,5.65246376811594,6.00202918781726,6.33003777515723,108
"110",2012,10,5.64444444444444,9,6.625,4.86,4.86,5.33333333333333,5.8,4,5,5,3,6,2069,1194,875,350,791,1278,6.20213003866602,6.63899413735344,5.60599777142857,5.64114285714286,5.99949304677623,6.32754933489828,109
"111",2012,11,6.66153846153846,13,6.625,6.72,7,7,6.6,8,5,2,2,11,2082,1202,880,352,793,1289,6.20499858309318,6.63890099833611,5.61232732954546,5.64886363636364,6.00201639344262,6.32987435996897,110
"112",2012,12,5.91666666666667,6,NA,5.91666666666667,6.25,6.5,5.625,0,6,4,2,4,2088,1202,886,356,795,1293,6.20417004310345,6.63890099833611,5.61438831828443,5.65561797752809,6.00326918238994,6.3276937741686,111
"113",2013,1,6.06823529411765,17,6.22166666666667,5.7,6.16666666666667,6.14285714285714,6.016,12,5,3,7,10,2105,1214,891,359,802,1303,6.2030722327791,6.63477677100495,5.61486874298541,5.65988857938719,6.00448753117207,6.32530165003837,112
"114",2013,2,5.6375,16,6.02857142857143,5.33333333333333,4.6,5.41666666666667,5.77,7,9,5,6,10,2121,1221,900,364,808,1313,6.19880577557756,6.6313013923014,5.61205338888889,5.64532967032967,6.00012252475248,6.32107239146992,113
"115",2013,3,6,13,6.85714285714286,5,5.75,4,6.36363636363636,7,6,4,2,11,2134,1228,906,368,810,1324,6.19759468134958,6.63258876221499,5.60800005518764,5.64646739130435,5.99518395061729,6.32142601963746,114
"116",2013,4,6.44666666666667,15,6.95714285714286,6,5.85714285714286,5,6.97272727272727,7,8,7,4,11,2149,1235,914,375,814,1335,6.19933320148906,6.63442834008098,5.61143112691466,5.6504,5.99029361179361,6.32679254681648,115
"117",2013,5,6,7,7,5.25,3,5,6.75,3,4,1,3,4,2156,1238,918,376,817,1339,6.19868601576994,6.6353142164782,5.60985626361656,5.64335106382979,5.98665728274174,6.32805679611651,116
"118",2013,6,6,20,6.96153846153846,4.21428571428571,3,5.62,6.12666666666667,13,7,3,5,15,2176,1251,925,379,822,1354,6.19685985753676,6.63870423661072,5.59929518918919,5.62242744063325,5.98442700729927,6.32582573855244,117
"119",2013,7,6.14666666666667,15,6.55555555555556,5.53333333333333,4.5,5.5,6.38181818181818,9,6,2,4,11,2191,1260,931,381,826,1365,6.19651622546782,6.63811031746032,5.59887008592911,5.61653543307087,5.98208111380145,6.32627695970696,118
"120",2013,8,5.79444444444444,9,6.5,5.23,5.2875,4.625,6.12857142857143,4,5,4,2,7,2200,1264,936,385,828,1372,6.19487138636364,6.63767325949368,5.59689962606838,5.61311688311688,5.97880314009662,6.32526825801749,119
"121",2013,9,5.80555555555556,18,5.81818181818182,5.78571428571429,4.75,5.58333333333333,5.91666666666667,11,7,2,6,12,2218,1275,943,387,834,1384,6.1917119251578,6.63060313725491,5.5983012195122,5.60865633074935,5.97595803357314,6.32172546965318,120
"122",2013,10,6.41666666666667,6,7.33333333333333,5.5,6.5,NA,6.41666666666667,3,3,1,0,6,2224,1278,946,388,834,1390,6.19231881744604,6.63225273865415,5.5979894820296,5.61095360824742,5.97595803357314,6.32213528776979,121
"123",2013,11,5.77142857142857,14,6.85714285714286,4.68571428571429,6.15,5.06,6.16666666666667,7,7,2,5,9,2238,1285,953,390,839,1399,6.1896859025916,6.63347782101168,5.59128861490032,5.61371794871795,5.97049940405245,6.32113513223731,122
"124",2013,12,5.93181818181818,11,6.16666666666667,5.65,5.5625,5,6.13888888888889,6,5,4,2,9,2249,1291,958,394,841,1408,6.1884246554024,6.63130828814873,5.59159504175366,5.61319796954315,5.96819143876338,6.31997020596591,123
"125",2014,1,6.08684210526316,19,6.2,5.985,5.16666666666667,6.40625,5.85454545454545,9,10,3,8,11,2268,1300,968,397,849,1419,6.18757365520282,6.62832230769231,5.59565914256199,5.60982367758186,5.97231919905772,6.31636226215645,124
"126",2014,2,5.06363636363636,11,5.17142857142857,4.875,4.5,6.125,4.45714285714286,7,4,3,4,7,2279,1307,972,400,853,1426,6.18214877139096,6.620519510329,5.59269346707819,5.6015,5.97303516998828,6.30723565918654,125
"127",2014,3,6.27272727272727,11,6.71428571428571,5.5,6,6.66666666666667,6.125,7,4,1,3,8,2290,1314,976,401,856,1434,6.18258386462882,6.62101902587519,5.59231357581967,5.60249376558604,5.97546612149533,6.3062190027894,126
"128",2014,4,6.07142857142857,7,6.3,5.5,5,NA,6.07142857142857,5,2,1,0,7,2297,1319,978,402,856,1441,6.18224512407488,6.61980212282032,5.59212479550103,5.60099502487562,5.97546612149533,6.30507845246357,127
"129",2014,5,5.33333333333333,6,5,5.66666666666667,5.5,5.5,5.25,3,3,2,2,4,2303,1322,981,404,858,1445,6.18003345636127,6.6161263237519,5.59235275229358,5.60049504950495,5.97435780885781,6.30215782006921,128
"130",2014,6,6.475,8,7.33333333333333,5.96,5.96,5.66666666666667,6.96,3,5,5,3,5,2311,1325,986,409,861,1450,6.18105454348767,6.61775018867925,5.5942170892495,5.60488997555012,5.97328571428572,6.30442624137931,129
"131",2014,7,6.01,10,6.2,5.82,5.15,6.8,5.8125,5,5,4,2,8,2321,1330,991,413,863,1458,6.18031755708746,6.61617969924812,5.59535625630676,5.60048426150121,5.97520162224797,6.30172705761317,130
"132",2014,8,7.04166666666667,6,7.75,6.33333333333333,5,8.5,6.75,3,3,1,1,5,2327,1333,994,414,864,1463,6.18253848302535,6.61873143285822,5.59758355130785,5.59903381642512,5.97812384259259,6.30325909090909,131
"133",2014,9,5.6,5,5.66666666666667,5.5,6,7,5.25,3,2,1,1,4,2332,1336,996,415,865,1467,6.18128947255574,6.61659356287426,5.59738760040161,5.6,5.97930520231214,6.30038721881391,132
"134",2014,10,5.88888888888889,9,6.16666666666667,5.33333333333333,5,4,6.125,6,3,2,1,8,2341,1342,999,417,866,1475,6.18016533532678,6.61458196721312,5.59659464464465,5.59712230215827,5.97701963048499,6.2994359661017,133
"135",2014,11,6.52727272727273,11,7,6.13333333333333,6.93333333333333,6.25,6.68571428571429,5,6,3,4,7,2352,1347,1005,420,870,1482,6.18178871173469,6.61601262063846,5.59979905472637,5.60666666666667,5.97827471264368,6.3012604925776,134
"136",2014,12,6.39230769230769,13,7.44285714285714,5.16666666666667,5.5,5.92,6.6875,7,6,3,5,8,2365,1354,1011,423,875,1490,6.18294589852008,6.62028729689808,5.59722853610287,5.60591016548464,5.97794171428572,6.30333426174497,135
"137",2015,1,5.7375,24,6.32,5.32142857142857,5.7,5.42857142857143,5.86470588235294,10,14,5,7,17,2389,1364,1025,428,882,1507,6.1784709292591,6.6180857771261,5.59346151219512,5.60700934579439,5.97358163265306,6.29838623092236,136
"138",2015,2,5.70833333333333,12,5.7,5.71428571428571,5.5,5,5.77272727272727,5,7,5,1,11,2401,1369,1032,433,883,1518,6.17612122032486,6.61473265157049,5.59428105620155,5.60577367205543,5.97247904869762,6.29457710803689,137
"139",2015,3,6.475,8,6.475,NA,NA,NA,6.475,8,0,0,0,8,2409,1377,1032,433,883,1526,6.17711376089664,6.61392084241104,5.59428105620155,5.60577367205543,5.97247904869762,6.29552296854522,138
"140",2015,4,4.92857142857143,7,5.1,4.5,NA,5.16666666666667,4.75,5,2,0,3,4,2416,1382,1034,433,886,1530,6.1734962955298,6.60844356005789,5.59216445841393,5.60577367205543,5.96975056433409,6.29148238562092,139
"141",2015,5,6.27235294117647,17,6.9,5.93,6.6,6.46666666666667,6.23071428571429,6,11,5,3,14,2433,1388,1045,438,889,1544,6.1741870324702,6.60970389048992,5.59572062200957,5.61712328767123,5.97142744656918,6.29093137953368,140
"142",2015,6,5.78571428571429,14,6.5,5.07142857142857,4.875,5.66666666666667,5.81818181818182,7,7,4,3,11,2447,1395,1052,442,892,1555,6.17196446669391,6.60915340501793,5.59223198669202,5.61040723981901,5.97040246636772,6.28758717041801,141
"143",2015,7,6.67857142857143,14,6.4375,7,7.75,7.66666666666667,6.40909090909091,8,6,2,3,11,2461,1403,1058,444,895,1566,6.1748464242178,6.60817462580186,5.60021554820416,5.62004504504505,5.97608826815643,6.2884406449553,142
"144",2015,8,5.58461538461538,13,5.94285714285714,5.16666666666667,4.66666666666667,5.66666666666667,5.51428571428571,7,6,3,6,7,2474,1410,1064,447,901,1573,6.1717449676637,6.60487163120568,5.59777072368421,5.61364653243848,5.97402774694784,6.28499558169104,143
"145",2015,9,5.85,10,5.85,NA,NA,NA,5.85,10,0,0,0,10,2484,1420,1064,447,901,1583,6.17044969806763,6.59955563380282,5.59777072368421,5.61364653243848,5.97402774694784,6.28224766266583,144
"146",2015,10,5.9,10,6.42857142857143,4.66666666666667,4,4.5,6.83333333333333,7,3,2,4,6,2494,1427,1067,449,905,1589,6.16936529671211,6.59871688857744,5.59515281162137,5.6064587973274,5.96751270718232,6.28432853996224,145
"147",2015,11,6.18333333333333,6,6.625,5.3,7,7.25,5.65,4,2,1,2,4,2500,1431,1069,450,907,1593,6.16939882,6.59879035639413,5.5946006080449,5.60955555555556,5.97034068357222,6.28273575015694,146
"148",2015,12,6.32222222222222,9,6.65,5.66666666666667,5.5,6.33333333333333,6.31666666666667,6,3,2,3,6,2509,1437,1072,452,910,1599,6.16994701076126,6.59900417536535,5.59480228544776,5.60907079646018,5.97153736263737,6.28286307066917,147
"149",2016,1,4.92,5,6,4.65,4.5,NA,4.92,1,4,2,0,5,2514,1438,1076,454,910,1604,6.16746103818616,6.59858762169681,5.59129000929368,5.60418502202643,5.97153736263737,6.27861474438903,148
"150",2016,2,6.73292307692308,13,7.3785,5.7,6,5.5,6.83566666666667,8,5,3,1,12,2527,1446,1081,457,911,1616,6.17037002374357,6.60290248962656,5.59179283071231,5.60678336980306,5.97101975850714,6.28275126856436,149
"151",2016,3,5.08888888888889,9,5.63333333333333,4,5,4.7,5.575,6,3,2,5,4,2536,1452,1084,459,916,1620,6.16653195977918,6.59889600550965,5.5873875,5.6041394335512,5.96408187772926,6.2810037345679,150
"152",2016,4,7,9,7.25,6.5,7,7,7,6,3,1,1,8,2545,1458,1087,460,917,1628,6.16947939096267,6.60157544581619,5.58990620975161,5.60717391304348,5.96521155943294,6.28453688574939,151
"153",2016,5,6.04270916666667,12,7.34,5.11607285714286,5.6,6.6,5.85694555555556,5,7,3,3,9,2557,1463,1094,463,920,1637,6.16888445834963,6.6040991114149,5.58687436928702,5.60712742980562,5.96728152173913,6.28218604764814,152
"154",2016,6,6.28571428571429,7,6.4,6,6,6.5,6.2,5,2,2,2,5,2564,1468,1096,465,922,1642,6.16920341653666,6.60340395095368,5.58762824817519,5.60881720430108,5.96843709327549,6.28193578562728,153
"155",2016,7,5.71875,8,7,5.29166666666667,4.58333333333333,6.375,5.5,2,6,3,2,6,2572,1470,1102,468,924,1648,6.16780231726283,6.60394353741497,5.58601684210527,5.60224358974359,5.9693170995671,6.27908893203884,154
"156",2016,8,6.61875,16,7.59,5,6,6,6.66,10,6,3,1,15,2588,1480,1108,471,925,1663,6.17059024729521,6.61060608108108,5.58284346570397,5.6047770700637,5.96935027027027,6.2825246903187,155
"157",2016,9,6.28571428571429,14,6.77777777777778,5.4,5,6.66666666666667,6.18181818181818,9,5,2,3,11,2602,1489,1113,473,928,1674,6.17120966948501,6.61161652115514,5.58202206648698,5.60221987315011,5.97160452586207,6.2818629390681,156
"158",2016,10,5.98888888888889,9,6.25,5.46666666666667,8,NA,5.98888888888889,6,3,1,0,9,2611,1495,1116,474,928,1683,6.17058121792417,6.61016521739131,5.58171197132617,5.60727848101266,5.97160452586207,6.28029623291741,157
"159",2016,11,6.1875,8,7.125,5.25,5,8.33333333333333,4.9,4,4,3,3,5,2619,1499,1120,477,931,1688,6.17063289805269,6.61153902601735,5.58052728571429,5.60345911949686,5.97921482277122,6.27620767772512,158
"160",2016,12,5.95454545454545,11,6.5,5.83333333333333,5.92857142857143,5,6.16666666666667,2,9,7,2,9,2630,1501,1129,484,933,1697,6.16972911026616,6.61139040639574,5.58254256864482,5.60816115702479,5.97711575562701,6.27562672952269,159
"161",2017,1,4.93333333333333,15,4.44444444444444,5.66666666666667,6,4.5,5,9,6,1,2,13,2645,1510,1135,485,935,1710,6.16271741398866,6.59847483443709,5.58298727753304,5.60896907216495,5.97395614973262,6.26592898245614,160
"162",2017,2,6.16666666666667,18,6.375,5.75,4.375,5.5,6.25,12,6,4,2,16,2663,1522,1141,489,937,1726,6.1627441081487,6.59671287779238,5.5838655214724,5.59887525562372,5.97294450373533,6.26578132097335,161
"163",2017,3,5.33333333333333,6,5.2,6,6,NA,5.33333333333333,5,1,1,0,6,2669,1527,1142,490,937,1732,6.16087956538029,6.5921394891945,5.58422991243433,5.59969387755102,5.97294450373533,6.26255113163972,162
"164",2017,4,6.04166666666667,12,6.78571428571429,5,5.33333333333333,6.5,5.95,7,5,3,2,10,2681,1534,1147,493,939,1742,6.16034597538232,6.59302281616689,5.5816831386225,5.59807302231237,5.97406709265176,6.26075692307692,163
"165",2017,5,5.41333333333333,15,5.47272727272727,5.25,5.5,5,5.51666666666667,11,4,2,3,12,2696,1545,1151,495,942,1754,6.15618974777448,6.58504660194175,5.58053046046916,5.59767676767677,5.97096496815287,6.25566622576967,164
"166",2017,6,6.30555555555556,9,6.33333333333333,6.25,6,7,6.10714285714286,6,3,2,2,7,2705,1551,1154,497,944,1761,6.15668671349353,6.5840728562218,5.58227084922011,5.59929577464789,5.97314512711865,6.25507584327087,165
"167",2017,7,6.75,8,7.66666666666667,6.2,6.5,7.5,6.5,3,5,2,2,6,2713,1554,1159,499,946,1767,6.15843625506819,6.58616280566281,5.58493577221743,5.60290581162325,5.97637315010571,6.25590750424448,166
"168",2017,8,5.66666666666667,12,6,5.2,4,6,5.6,7,5,1,2,10,2725,1561,1164,500,948,1777,6.15627066422018,6.58353427290199,5.58328226804124,5.5997,5.97642299578059,6.25221640967924,167
"169",2017,9,5.78444444444444,9,6.17666666666667,5,5,7,5.43714285714286,6,3,2,2,7,2734,1567,1167,502,950,1784,6.15504665691295,6.58197638800256,5.5817828277635,5.59731075697211,5.97857789473684,6.24901825112108,168
"170",2017,10,5.32727272727273,11,5.94285714285714,4.25,5.75,5.275,5.35714285714286,7,4,2,4,7,2745,1574,1171,504,954,1791,6.15172953005464,6.57913405336722,5.57723361229719,5.59791666666667,5.97562788259958,6.24553241764377,169
"171",2017,11,5.82142857142857,14,5.875,5.5,5.5,6.25,5.75,12,2,2,2,12,2759,1586,1173,506,956,1803,6.15005348314607,6.57380643127365,5.57710192668372,5.59752964426878,5.97620188284519,6.24223436494731,170
"172",2017,12,7.125,4,8.16666666666667,4,4,NA,7.125,3,1,1,0,4,2763,1589,1174,507,956,1807,6.15146491494752,6.57681371932033,5.57575856899489,5.59437869822485,5.97620188284519,6.2441884670725,171
"173",2018,1,5.97058823529412,17,6.11111111111111,5.8125,6.28571428571429,5.25,6.06666666666667,9,8,7,2,15,2780,1598,1182,514,958,1822,6.15035883453237,6.57419086357948,5.57736087986464,5.60379377431907,5.97468580375783,6.24272698133919,172
"174",2018,2,6.41666666666667,12,6.66666666666667,6.16666666666667,6.25,7,6.36363636363636,6,6,4,1,11,2792,1604,1188,518,959,1833,6.15150342406877,6.5745367830424,5.58033717171718,5.60878378378379,5.97575495307612,6.2434525695581,173
"175",2018,3,5.73888888888889,9,6.6,4.6625,5.55,4.96666666666667,6.125,5,4,3,3,6,2801,1609,1192,521,962,1839,6.15017763655837,6.57461591050342,5.57725718120806,5.6084452975048,5.97260810810811,6.24306610114192,174
"176",2018,4,6.18181818181818,11,6.66666666666667,5.6,6,5.25,6.71428571428571,6,5,2,4,7,2812,1615,1197,523,966,1846,6.15030140825036,6.57495789473685,5.57735218045113,5.60994263862333,5.96961594202899,6.24485295774648,175
"177",2018,5,6.05555555555556,9,6.6,5.375,6.5,6.5,5.92857142857143,5,4,2,2,7,2821,1620,1201,525,968,1853,6.14999913505849,6.57503518518519,5.57667823480433,5.61333333333334,5.97071177685951,6.24365815434431,176
"178",2018,6,6,4,6.33333333333333,5,5,NA,6,3,1,1,0,4,2825,1623,1202,526,968,1857,6.14978674690265,6.57458841651263,5.57619846921797,5.61216730038023,5.97071177685951,6.24313331179321,177
"179",2018,7,5.335,8,5.336,5.33333333333333,6.5,6,5.24,5,3,2,1,7,2833,1628,1205,528,969,1864,6.14748590187081,6.5707843980344,5.57559382572614,5.6155303030303,5.97074200206399,6.23936618025751,178
"180",2018,8,6.33333333333333,6,7,5,4,7.25,5.875,4,2,1,2,4,2839,1632,1207,529,971,1868,6.14787867559,6.57183639705883,5.57464006628004,5.6124763705104,5.97337693099897,6.23858595289079,179
"181",2018,9,5.5,2,5.5,NA,NA,NA,5.5,2,0,0,0,2,2841,1634,1207,529,971,1870,6.14742258359732,6.57052447980417,5.57464006628004,5.6124763705104,5.97337693099897,6.23779602139037,180
"182",2018,10,6.3125,8,7.5,4.33333333333333,4.33333333333333,5.5,6.8,5,3,3,3,5,2849,1639,1210,532,974,1875,6.14788612144612,6.57335997559488,5.571562446281,5.60526315789474,5.97191889117043,6.239295232,181
"183",2018,11,6.5,2,6.5,NA,NA,NA,6.5,2,0,0,0,2,2851,1641,1210,532,974,1877,6.1481331322343,6.57327056672761,5.571562446281,5.60526315789474,5.97191889117043,6.23957302077784,182
"184",2018,12,5.88888888888889,9,6.8,4.75,3.5,6.25,5.6,5,4,2,4,5,2860,1646,1214,534,978,1882,6.14731732867133,6.57395929526124,5.56885548599671,5.59737827715356,5.97305623721882,6.23787383634432,183
"185",2019,1,6.49571428571429,14,6.81272727272727,5.33333333333333,NA,7.16333333333333,6.31363636363636,11,3,0,3,11,2874,1657,1217,534,981,1893,6.14901446068198,6.57554435727218,5.56827490550535,5.59737827715356,5.97669622833843,6.2383140834654,184
"186",2019,2,5.78125,8,6.75,4.8125,4.66666666666667,5.08333333333333,6.2,4,4,3,3,5,2882,1661,1221,537,984,1898,6.14799360166551,6.57596447922938,5.56579898443899,5.59217877094972,5.97397256097561,6.23821315068493,185
"187",2019,3,5.615,10,5.76,5.47,6.11666666666667,4.86666666666667,5.93571428571429,5,5,3,3,7,2892,1666,1226,540,987,1905,6.14615060857538,6.5735156062425,5.56540828711257,5.59509259259259,5.97060688956434,6.23710160629921,186
"188",2019,4,6.6,5,7,5,NA,7,6.33333333333333,4,1,0,2,3,2897,1670,1227,540,989,1908,6.14693391784605,6.57453712574851,5.5649474816626,5.59509259259259,5.97268857431749,6.23725291404612,187
"189",2019,5,6.33333333333333,12,6.45454545454545,5,NA,5.33333333333333,6.66666666666667,11,1,0,3,9,2909,1681,1228,540,992,1917,6.14770283946373,6.573751933373,5.5644874267101,5.59509259259259,5.97075504032258,6.23926894105373,188
"190",2019,6,4.375,8,4,4.42857142857143,4.5,3,5.2,1,7,4,3,5,2917,1682,1235,544,995,1922,6.14284112444292,6.57222175980975,5.55804903643725,5.58704044117647,5.96179798994975,6.23656532778356,189
"191",2019,7,5.98181818181818,11,5.85,6.33333333333333,6,5.33333333333333,6.225,8,3,2,3,8,2928,1690,1238,546,998,1930,6.14223618852459,6.56880295857988,5.55992775444265,5.58855311355312,5.95990881763527,6.23651738860104,190
"192",2019,8,5.708,10,5.83333333333333,5.52,6.5,7.5,5.26,6,4,2,2,8,2938,1696,1242,548,1000,1938,6.14075818924438,6.56620106132076,5.55979916264091,5.5918795620438,5.962989,6.23248635706914,191
"193",2019,9,5.33666666666667,6,6.51,4.75,4.5,4,5.604,2,4,2,1,5,2944,1698,1246,550,1001,1943,6.13911941576087,6.56613486454653,5.55719948635634,5.58790909090909,5.96102797202797,6.23086904786413,192
"194",2019,10,5.75,14,6.16666666666667,5,4.25,5,6.16666666666667,9,5,2,5,9,2958,1707,1251,552,1006,1952,6.13727774171738,6.56402870533099,5.55497247002399,5.5830615942029,5.95625149105368,6.23057303278688,193
"195",2019,11,6.64444444444444,9,6.63333333333333,6.66666666666667,5.5,10,6.225,6,3,2,1,8,2967,1713,1254,554,1007,1960,6.1388161644759,6.5642714535902,5.55763202551835,5.58276173285199,5.96026713008938,6.23055028571429,194
"196",2019,12,5.85,10,5.83333333333333,5.875,5.16666666666667,7,5.5625,6,4,3,2,8,2977,1719,1258,557,1009,1968,6.13784600604636,6.56172018615474,5.55864114467409,5.58052064631957,5.96232804757186,6.22783463414634,195
"197",2020,1,6.14285714285714,14,6.18181818181818,6,7,4,6.30769230769231,11,3,1,1,13,2991,1730,1261,558,1010,1981,6.13786946171849,6.55930462427746,5.55969116574148,5.58306451612903,5.96038514851485,6.22835868753155,196
"198",2020,2,6,9,6.35714285714286,4.75,4.75,10,5.5,7,2,2,1,8,3000,1737,1263,560,1011,1989,6.13745585333333,6.55848992515832,5.55840899445765,5.58008928571429,5.96438081107814,6.22542914027149,197
"199",2020,3,6,5,6,NA,NA,NA,6,5,0,0,0,5,3005,1742,1263,560,1011,1994,6.13722714143095,6.55688691159587,5.55840899445765,5.58008928571429,5.96438081107814,6.22486387161484,198
"200",2020,4,5.75428571428571,14,5.5075,6.08333333333333,5.5,5.66666666666667,5.77818181818182,8,6,3,3,11,3019,1750,1269,563,1014,2005,6.13545132825439,6.55208971428572,5.56089090622538,5.57966252220249,5.9635,6.22241324688279,199
"201",2020,5,5.81,10,5.5,6.53333333333333,6,6.8,5.5625,7,3,2,2,8,3029,1757,1272,565,1016,2013,6.13437687685705,6.54789812179852,5.56318440251573,5.58115044247788,5.96514665354331,6.21979064083457,200
"202",2020,6,5.91666666666667,6,6.1,5,5,6,5.875,5,1,1,2,4,3035,1762,1273,566,1018,2017,6.13394647775947,6.54662712826334,5.56274199528673,5.58012367491166,5.96521512770138,6.21910687159147,201
"203",2020,7,5.88,10,6.85714285714286,3.6,6.8,6.93333333333333,5.42857142857143,7,3,1,3,7,3045,1769,1276,567,1021,2024,6.13311249917898,6.54785585076315,5.55812739811913,5.58227513227513,5.9680597453477,6.21637280632411,202
"204",2020,8,4.66666666666667,3,5,4,NA,NA,4.66666666666667,2,1,0,0,3,3048,1771,1277,567,1021,2027,6.13166914698163,6.54610784867307,5.5569072513704,5.58227513227513,5.9680597453477,6.21407921065614,203
"205",2020,9,4.75,2,5.5,4,4,NA,4.75,1,1,1,0,2,3050,1772,1278,568,1021,2029,6.13076313442623,6.54551749435666,5.55568901408451,5.57948943661972,5.9680597453477,6.21263605717102,204
"206",2020,10,5.12,7,5.568,4,4,5.5,4.968,5,2,1,2,5,3057,1777,1280,569,1023,2034,6.12844866208701,6.5427670230726,5.55325825,5.57671353251318,5.96714467253177,6.20957647984267,205
"207",2020,11,6.5,8,6.6,6.33333333333333,5,7.5,6.35714285714286,5,3,1,1,7,3065,1782,1283,570,1024,2041,6.12941845350734,6.54292760942761,5.55508227591583,5.57570175438597,5.9686416015625,6.21008258696717,206
"208",2020,12,6.325,8,6.43333333333333,6,6,5,6.51428571428571,6,2,2,1,7,3073,1788,1285,572,1025,2048,6.12992761470875,6.54255984340045,5.55577475486382,5.57718531468532,5.96769658536586,6.21112234375,207
"209",2021,1,5.53,10,6.71666666666667,3.75,3.66666666666667,5.5,5.5375,6,4,3,2,8,3083,1794,1289,575,1027,2056,6.12798169315602,6.54314214046823,5.55017110938713,5.56721739130435,5.96678578383642,6.20850124513619,208
"210",2021,2,6.16071428571429,14,6.35416666666667,5,6,5.16666666666667,6.43181818181818,12,2,1,3,11,3097,1806,1291,576,1030,2067,6.12812966096222,6.54188648947952,5.5493187916344,5.56796875,5.96445533980583,6.20968967585873,209
"211",2021,3,7.7,4,6.93333333333333,10,NA,6,8.26666666666667,3,1,0,1,3,3101,1809,1292,576,1031,2070,6.13015722670106,6.54253565505805,5.55276359133127,5.56796875,5.9644898157129,6.21267080193237,210
"212",2021,4,5.16666666666667,6,5,6,NA,NA,5.16666666666667,5,1,0,0,6,3107,1814,1293,576,1031,2076,6.12829660766012,6.53828390297685,5.55310948182522,5.56796875,5.9644898157129,6.20964766859345,211
"213",2021,5,6.6875,8,6.6875,NA,NA,NA,6.6875,8,0,0,0,8,3115,1822,1293,576,1031,2084,6.12973276404494,6.53893907793634,5.55310948182522,5.56796875,5.9644898157129,6.21148203454894,212
"214",2021,6,6.28571428571429,7,7,4.5,5,7,6.16666666666667,5,2,1,1,6,3122,1827,1295,577,1032,2090,6.13008249839846,6.5402008757526,5.55148305791506,5.56698440207972,5.96549321705427,6.21135337799043,213
"215",2021,7,6.66666666666667,6,7.25,5.5,6,6,6.8,4,2,1,1,5,3128,1831,1297,578,1033,2095,6.13111175191816,6.54175150191153,5.55140367000771,5.56773356401384,5.96552662149081,6.21275826252983,214
"216",2021,8,4.57333333333333,3,5.86,2,NA,2,5.86,2,1,0,1,2,3131,1833,1298,578,1034,2097,6.12961915043117,6.54100763775232,5.54866761171033,5.56773356401384,5.96169148936171,6.21242182164997,215
"217",2021,9,5.75,6,5,6.125,5,5.5,6,2,4,1,3,3,3137,1835,1302,579,1037,2100,6.12889306981192,6.5393280653951,5.55043821812596,5.5667530224525,5.96035583413694,6.21211836190476,216
"218",2021,10,7.56428571428571,7,7.56428571428571,NA,NA,8.85,7.05,7,0,0,2,5,3144,1842,1302,579,1039,2105,6.13208891857506,6.54322312703583,5.55043821812596,5.5667530224525,5.96591819056786,6.21410857957245,217
"219",2021,11,6.33333333333333,3,7,6,4,NA,6.33333333333333,1,2,1,0,3,3147,1843,1304,580,1039,2108,6.13228076263108,6.54347097124254,5.55112773006135,5.56405172413793,5.96591819056786,6.21427825426945,218
"220",2021,12,6.14545454545455,11,6.17777777777778,6,6,4,6.36,9,2,2,1,10,3158,1852,1306,582,1040,2118,6.13232664977834,6.54169384449244,5.55181513016846,5.56554982817869,5.96402788461539,6.2149662700661,219
"221",2022,1,5.65,10,5.9375,4.5,4.5,5.125,6,8,2,2,4,6,3168,1860,1308,584,1044,2124,6.1308041540404,6.53909516129032,5.55020685015291,5.56190068493151,5.96081321839081,6.21435902071563,220
"222",2022,2,6.77777777777778,9,7,6,6,6,6.875,7,2,1,1,8,3177,1867,1310,585,1045,2132,6.13263694050991,6.54082324584896,5.55089355725191,5.56264957264957,5.96085071770335,6.21683797373358,221
"223",2022,3,4.83333333333333,6,4.5,5,5.5,NA,4.83333333333333,2,4,2,0,6,3183,1869,1314,587,1045,2138,6.13018773484134,6.53863937934725,5.54921656012177,5.56243611584327,5.96085071770335,6.21295536014967,222
"224",2022,4,7.16666666666667,3,6.5,7.5,8,8,6.75,1,2,1,1,2,3186,1870,1316,588,1046,2140,6.1311637037037,6.53861871657754,5.55218127659575,5.56658163265306,5.96280019120459,6.21345727102804,223
"225",2022,5,6.05,10,6.05,NA,NA,6.83333333333333,5.71428571428571,10,0,0,3,7,3196,1880,1316,588,1049,2147,6.13090974968711,6.53601968085107,5.55218127659575,5.56658163265306,5.96528979980934,6.21182979040522,224
"226",2022,6,6.45714285714286,7,7.4,4.1,6,8,6.2,5,2,1,1,6,3203,1885,1318,589,1050,2153,6.13162271620356,6.53831140583555,5.54997766312595,5.56731748726655,5.96722761904762,6.21179682303762,225
"227",2022,7,6.7,5,7.5,5.5,5,7,6.5,3,2,1,2,3,3208,1888,1320,590,1052,2156,6.13250859102244,6.53983951271187,5.54990193939394,5.56635593220339,5.96919106463879,6.21219784786642,226
"228",2022,8,5.85714285714286,7,5.33333333333333,9,NA,6.5,5.6,6,1,0,2,5,3215,1894,1321,590,1054,2161,6.13190903888025,6.53601742344245,5.55251367146102,5.56635593220339,5.97019829222012,6.21078137899121,227
"229",2022,9,8.375,4,7.83333333333333,10,NA,NA,8.375,3,1,0,0,4,3219,1897,1322,590,1054,2165,6.13469635290463,6.53806905640485,5.55587788199698,5.56635593220339,5.97019829222012,6.21477993533487,228
"230",2022,10,6.25,10,6.66666666666667,5.625,7.5,6,6.27777777777778,6,4,1,1,9,3229,1903,1326,591,1055,2174,6.13505344069371,6.53847451392538,5.55608639517346,5.56962774957699,5.97022654028436,6.21504073597056,229
"231",2022,11,5.85714285714286,7,6,5.66666666666667,6,5,6,4,3,1,1,6,3236,1907,1329,592,1056,2180,6.13445227441285,6.53734504457263,5.55633601203913,5.57035472972973,5.96930776515152,6.21444888073394,230
"232",2022,12,5.91666666666667,12,6,5.75,NA,6.33333333333333,5.77777777777778,8,4,0,3,9,3248,1915,1333,592,1059,2189,6.13364764778325,6.53510026109661,5.55691714928733,5.57035472972973,5.97033899905572,6.21265352215624,231
