"","year","month","avg_rating","no_ratings","avg_rating_owned","avg_rating_not_owned","avg_rating_prev_owned","avg_rating_comment","avg_rating_no_comment","no_ratings_owned","no_ratings_not_owned","no_ratings_prev_owned","no_ratings_comment","no_ratings_no_comment","cum_no_ratings","cum_no_ratings_owned","cum_no_ratings_not_owned","cum_no_ratings_prev_owned","cum_no_ratings_comment","cum_no_ratings_no_comment","cum_avg_rating","cum_avg_rating_owned","cum_avg_rating_not_owned","cum_avg_rating_prev_owned","cum_avg_rating_comment","cum_avg_rating_no_comment","month_after_release"
"1",2003,7,7.5,2,7.5,NA,NA,7,8,2,0,0,1,1,2,2,0,0,1,1,7.5,7.5,NA,NA,7,8,-1
"2",2003,8,7.65454545454545,11,7.62,8,NA,7.66666666666667,7.64,10,1,0,6,5,13,12,1,0,7,6,7.63076923076923,7.6,8,NA,7.57142857142857,7.7,0
"3",2003,9,8.16666666666667,3,8.16666666666667,NA,NA,8.25,8,3,0,0,2,1,16,15,1,0,9,7,7.73125,7.71333333333333,8,NA,7.72222222222222,7.74285714285714,1
"4",2003,10,7.83333333333333,3,7.75,8,8,7.75,8,2,1,1,2,1,19,17,2,1,11,8,7.74736842105263,7.71764705882353,8,8,7.72727272727273,7.775,2
"5",2003,11,6,4,6,6,6,5.5,6.5,3,1,1,2,2,23,20,3,2,13,10,7.44347826086956,7.46,7.33333333333333,7,7.38461538461539,7.52,3
"6",2004,1,6.25,6,6.2,6.5,NA,6.3,6,5,1,0,5,1,29,25,4,2,18,11,7.19655172413793,7.208,7.125,7,7.08333333333333,7.38181818181818,5
"7",2004,2,7.2,5,7,7.5,7.5,7.25,7,3,2,2,4,1,34,28,6,4,22,12,7.19705882352941,7.18571428571429,7.25,7.25,7.11363636363636,7.35,6
"8",2004,3,7.25,4,7.25,NA,NA,7.66666666666667,6,4,0,0,3,1,38,32,6,4,25,13,7.20263157894737,7.19375,7.25,7.25,7.18,7.24615384615385,7
"9",2004,4,7.25,4,7.25,NA,NA,7.66666666666667,6,4,0,0,3,1,42,36,6,4,28,14,7.20714285714286,7.2,7.25,7.25,7.23214285714286,7.15714285714286,8
"10",2004,5,6.5,4,6.66666666666667,6,6,6,8,3,1,1,3,1,46,39,7,5,31,15,7.14565217391304,7.15897435897436,7.07142857142857,7,7.11290322580645,7.21333333333333,9
"11",2004,6,7,4,7,7,7,7,7,3,1,1,1,3,50,42,8,6,32,18,7.134,7.14761904761905,7.0625,7,7.109375,7.17777777777778,10
"12",2004,7,6,3,6,NA,NA,8,2,3,0,0,2,1,53,45,8,6,34,19,7.06981132075472,7.07111111111111,7.0625,7,7.16176470588235,6.90526315789474,11
"13",2004,8,6.8,5,6.5,8,NA,8,6.5,4,1,0,1,4,58,49,9,6,35,23,7.04655172413793,7.02448979591837,7.16666666666667,7,7.18571428571429,6.83478260869565,12
"14",2004,9,7,4,7,NA,NA,7,7,4,0,0,2,2,62,53,9,6,37,25,7.04354838709677,7.02264150943396,7.16666666666667,7,7.17567567567568,6.848,13
"15",2004,10,6.42857142857143,7,6.42857142857143,NA,NA,7.25,5.33333333333333,7,0,0,4,3,69,60,9,6,41,28,6.98115942028986,6.95333333333333,7.16666666666667,7,7.18292682926829,6.68571428571429,14
"16",2004,11,6.5625,8,6.91666666666667,5.5,NA,6.25,6.875,6,2,0,4,4,77,66,11,6,45,32,6.93766233766234,6.95,6.86363636363636,7,7.1,6.709375,15
"17",2004,12,6.16,5,5.5,6.6,NA,6.7,4,2,3,0,4,1,82,68,14,6,49,33,6.89024390243902,6.90735294117647,6.80714285714286,7,7.06734693877551,6.62727272727273,16
"18",2005,1,6.44444444444444,9,6.44444444444444,NA,7,6.85714285714286,5,9,0,1,7,2,91,77,14,7,56,35,6.84615384615385,6.85324675324675,6.80714285714286,7,7.04107142857143,6.53428571428571,17
"19",2005,2,7.10833333333333,12,7.42222222222222,6.16666666666667,7,7.25,6.96666666666667,9,3,1,6,6,103,86,17,8,62,41,6.87669902912621,6.91279069767442,6.69411764705882,7,7.06129032258065,6.59756097560976,18
"20",2005,3,6.21428571428571,14,6.38888888888889,5.9,6.5,6.5625,5.75,9,5,1,8,6,117,95,22,9,70,47,6.7974358974359,6.86315789473684,6.51363636363636,6.94444444444444,7.00428571428571,6.48936170212766,19
"21",2005,4,6.4375,12,6.65909090909091,4,NA,6.29166666666667,6.58333333333333,11,1,0,6,6,129,106,23,9,76,53,6.76395348837209,6.84198113207547,6.40434782608696,6.94444444444444,6.94802631578947,6.5,20
"22",2005,5,6.57142857142857,7,6.57142857142857,NA,NA,6.8,6,7,0,0,5,2,136,113,23,9,81,55,6.75404411764706,6.82522123893805,6.40434782608696,6.94444444444444,6.93888888888889,6.48181818181818,21
"23",2005,6,5.64285714285714,7,5.41666666666667,7,NA,5.6,5.75,6,1,0,5,2,143,119,24,9,86,57,6.69965034965035,6.75420168067227,6.42916666666667,6.94444444444444,6.86104651162791,6.45614035087719,22
"24",2005,7,6.4375,8,6.57142857142857,5.5,5.5,6,7.75,7,1,1,6,2,151,126,25,10,92,59,6.68576158940397,6.74404761904762,6.392,6.8,6.80489130434783,6.5,23
"25",2005,8,6.23333333333333,15,6.625,4.66666666666667,5.33333333333333,5.83333333333333,6.5,12,3,3,6,9,166,138,28,13,98,68,6.64487951807229,6.73369565217391,6.20714285714286,6.46153846153846,6.74540816326531,6.5,24
"26",2005,9,6.76923076923077,13,6.9,6.33333333333333,5.5,6.66666666666667,7,10,3,2,9,4,179,148,31,15,107,72,6.65391061452514,6.74493243243243,6.21935483870968,6.33333333333333,6.73878504672897,6.52777777777778,25
"27",2005,10,6.75,8,6.71428571428571,7,7,7,5,7,1,1,7,1,187,155,32,16,114,73,6.65802139037433,6.74354838709677,6.24375,6.375,6.75482456140351,6.50684931506849,26
"28",2005,11,6.25,8,6.14285714285714,7,NA,6.8,5.33333333333333,7,1,0,5,3,195,162,33,16,119,76,6.64128205128205,6.71759259259259,6.26666666666667,6.375,6.75672268907563,6.46052631578947,27
"29",2005,12,6.10714285714286,14,6.375,4.5,NA,5.875,6.41666666666667,12,2,0,8,6,209,174,35,16,127,82,6.6055023923445,6.69396551724138,6.16571428571429,6.375,6.7011811023622,6.45731707317073,28
"30",2006,1,6.54761904761905,21,6.625,6.3,6,6.95,6.18181818181818,16,5,2,10,11,230,190,40,18,137,93,6.60021739130435,6.68815789473684,6.1825,6.33333333333333,6.71934306569343,6.4247311827957,29
"31",2006,2,6.125,12,6.22222222222222,5.83333333333333,5.83333333333333,6.38888888888889,5.33333333333333,9,3,3,9,3,242,199,43,21,146,96,6.57665289256198,6.66708542713568,6.15813953488372,6.26190476190476,6.69897260273973,6.390625,30
"32",2006,3,6,12,5.9,6.5,NA,6.33333333333333,5.88888888888889,10,2,0,3,9,254,209,45,21,149,105,6.5494094488189,6.63038277511962,6.17333333333333,6.26190476190476,6.69161073825503,6.34761904761905,31
"33",2006,4,6.375,4,6.5,6,NA,6.25,6.5,3,1,0,2,2,258,212,46,21,151,107,6.54670542635659,6.62853773584906,6.1695652173913,6.26190476190476,6.68576158940397,6.35046728971963,32
"34",2006,5,6.42222222222222,9,6.35,7,6,6.5,6.26666666666667,8,1,2,6,3,267,220,47,23,157,110,6.54250936329588,6.61840909090909,6.18723404255319,6.23913043478261,6.67866242038217,6.34818181818182,33
"35",2006,6,6.53333333333333,15,6.88888888888889,6,6,6.625,6.42857142857143,9,6,2,8,7,282,229,53,25,165,117,6.54202127659574,6.62903930131004,6.16603773584906,6.22,6.67606060606061,6.35299145299145,34
"36",2006,7,5.91666666666667,12,5.88888888888889,6,5,6.08333333333333,5.75,9,3,1,6,6,294,238,56,26,171,123,6.51649659863946,6.60105042016807,6.15714285714286,6.17307692307692,6.65526315789474,6.32357723577236,35
"37",2006,8,6,3,6,NA,NA,6,6,3,0,0,2,1,297,241,56,26,173,124,6.51127946127946,6.59356846473029,6.15714285714286,6.17307692307692,6.64768786127168,6.32096774193548,36
"38",2006,9,7.05555555555556,9,6.71428571428571,8.25,8,6.75,7.66666666666667,7,2,1,6,3,306,248,58,27,179,127,6.52728758169935,6.59697580645161,6.22931034482759,6.24074074074074,6.65111731843575,6.35275590551181,37
"39",2006,10,5.90909090909091,11,6.14285714285714,5.5,5.5,5.83333333333333,6,7,4,2,6,5,317,255,62,29,185,132,6.50583596214511,6.58450980392157,6.18225806451613,6.18965517241379,6.62459459459459,6.33939393939394,38
"40",2006,11,6.46153846153846,13,6.54545454545455,6,NA,7,6.125,11,2,0,5,8,330,266,64,29,190,140,6.50409090909091,6.58289473684211,6.1765625,6.18965517241379,6.63447368421053,6.32714285714286,39
"41",2006,12,6.22,15,6.33076923076923,5.5,NA,5.6875,6.82857142857143,13,2,0,8,7,345,279,66,29,198,147,6.49173913043478,6.57114695340502,6.15606060606061,6.18965517241379,6.59621212121212,6.35102040816327,40
"42",2007,1,6.04,25,5.95652173913043,7,NA,6.14285714285714,6,23,2,0,7,18,370,302,68,29,205,165,6.46121621621622,6.52433774834437,6.18088235294118,6.18965517241379,6.58073170731707,6.31272727272727,41
"43",2007,2,6.358279,10,6.4,6.191395,6,7,6.08325571428571,8,2,1,3,7,380,310,70,30,208,172,6.45850734210526,6.52112903225806,6.18118271428571,6.18333333333333,6.58677884615385,6.30338831395349,42
"44",2007,3,5.81538461538462,13,6.03333333333333,5.325,6.15,5.4,6.075,9,4,2,5,8,393,319,74,32,213,180,6.43723356234097,6.50736677115987,6.13490256756757,6.18125,6.55892018779343,6.29323772222222,43
"45",2007,4,5.875,8,6.33333333333333,4.5,4.5,6.4,5,6,2,2,5,3,401,325,76,34,218,183,6.42601693266833,6.50415384615385,6.09187881578947,6.08235294117647,6.5552752293578,6.27203710382514,44
"46",2007,5,6.33333333333333,9,6.57142857142857,5.5,5.5,6.33333333333333,6.33333333333333,7,2,2,3,6,410,332,78,36,221,189,6.42398241463415,6.50557228915663,6.07670243589744,6.05,6.55226244343891,6.27398301587301,45
"47",2007,6,6.08333333333333,12,6.33333333333333,5.33333333333333,5.33333333333333,7.5,5.8,9,3,3,2,10,422,341,81,39,223,199,6.41429571090047,6.50102639296188,6.04917024691358,5.99487179487179,6.56076233183857,6.25016477386935,46
"48",2007,7,6.61111111111111,9,6.61111111111111,NA,NA,6.5,6.7,9,0,0,4,5,431,350,81,39,227,204,6.41840554524362,6.50385714285714,6.04917024691358,5.99487179487179,6.55969162995595,6.26119014705882,47
"49",2007,8,6.38916666666667,12,6.75,5.6675,5.55666666666667,6.18555555555556,7,8,4,3,9,3,443,358,85,42,236,207,6.4176135214447,6.50935754189944,6.03120929411765,5.96357142857143,6.54542372881356,6.27189753623188,48
"50",2007,9,6.32857142857143,14,6.36,6.25,7,6.36,6.25,10,4,2,10,4,457,368,89,44,246,211,6.41488575492341,6.50529891304348,6.04104258426966,6.01068181818182,6.53788617886179,6.27148241706161,49
"51",2007,10,6.14166666666667,12,6.07777777777778,6.33333333333333,6,5.85714285714286,6.54,9,3,1,7,5,469,377,92,45,253,216,6.40789507462687,6.49509283819629,6.05057380434783,6.01044444444445,6.51905138339921,6.27769810185185,50
"52",2007,11,6.07142857142857,14,6,6.2,7,6.4,5.88888888888889,9,5,3,5,9,483,386,97,48,258,225,6.39814242236025,6.48354922279793,6.05827618556701,6.07229166666667,6.51674418604651,6.26214573333333,51
"53",2007,12,6.52352941176471,17,6.63636363636364,6.31666666666667,6.5,6.7,6.27142857142857,11,6,2,10,7,500,397,103,50,268,232,6.40240558,6.48778337531486,6.07332805825243,6.0894,6.52358208955224,6.26242581896552,52
"54",2008,1,6.16304347826087,23,6.359375,5.71428571428571,5.83333333333333,5.825,6.42307692307692,16,7,3,10,13,523,413,110,53,278,245,6.39187913957935,6.48280871670702,6.05047990909091,6.07490566037736,6.49845323741007,6.27095016326531,53
"55",2008,2,6.36363636363636,11,6.375,6.33333333333333,6.5,6.33333333333333,6.375,8,3,2,3,8,534,421,113,55,281,253,6.39129735955056,6.48076009501188,6.0579892920354,6.09036363636364,6.49669039145907,6.27424027667984,54
"56",2008,3,6.25,20,6.23684210526316,6.5,6.5,6.1875,6.29166666666667,19,1,1,8,12,554,440,114,56,289,265,6.38619637184116,6.47022727272727,6.06186657894737,6.09767857142857,6.48813148788927,6.27502939622641,55
"57",2008,4,6.5,20,6.73333333333333,5.8,7,6.08333333333333,6.67857142857143,15,5,1,6,14,574,455,119,57,295,279,6.39016165505226,6.4789010989011,6.0508637815126,6.11350877192983,6.47989830508475,6.2952788172043,56
"58",2008,5,6.28666666666667,15,6.36923076923077,5.75,5.75,5.8125,6.82857142857143,13,2,2,8,7,589,468,121,59,303,286,6.38752595925297,6.4758547008547,6.04589082644628,6.10118644067797,6.46227722772277,6.30833143356643,57
"59",2008,6,6.53636363636364,11,6.53636363636364,NA,NA,6.88,6.25,11,0,0,5,6,600,479,121,59,308,292,6.39025465,6.47724425887265,6.04589082644628,6.10118644067797,6.46905844155844,6.30713284246575,58
"60",2008,7,5.95454545454545,11,6.5,5.5,5.5,6.1,5.83333333333333,5,6,6,5,6,611,484,127,65,313,298,6.38241045826514,6.47747933884297,6.02010070866142,6.04569230769231,6.46316293929713,6.29759325503356,59
"61",2008,8,6.36363636363636,11,6.42857142857143,6.25,6.25,6,6.5,7,4,4,3,8,622,491,131,69,316,306,6.38207844051447,6.47678207739308,6.02712053435114,6.05753623188406,6.45876582278481,6.30288493464052,60
"62",2008,9,6.16111111111111,18,6.54545454545455,5.55714285714286,5.5,5.95,6.425,11,7,5,10,8,640,502,138,74,326,314,6.375863734375,6.47828685258964,6.00328108695652,6.01986486486487,6.44315950920245,6.30599614649682,61
"63",2008,10,6.03571428571429,14,6.15,5.75,6,6.05555555555556,6,10,4,3,9,5,654,512,142,77,335,319,6.36858224770642,6.471875,5.9961464084507,6.01909090909091,6.43274626865672,6.30119996865204,62
"64",2008,11,6.09375,16,6.15,6,6,6.44444444444444,5.64285714285714,10,6,3,9,7,670,522,148,80,344,326,6.36201908955224,6.46570881226054,5.99630263513513,6.018375,6.4330523255814,6.28706377300613,63
"65",2008,12,6.52708333333333,24,6.65588235294118,6.21428571428571,6.75,6.9125,6.14166666666667,17,7,6,12,12,694,539,155,86,356,338,6.36772736311239,6.47170686456401,6.00614703225806,6.06941860465116,6.44921348314607,6.28190174556213,64
"66",2009,1,6.41666666666667,12,6.33333333333333,6.66666666666667,6.5,6.16666666666667,6.66666666666667,9,3,2,6,6,706,548,158,88,362,344,6.36855919263456,6.46943430656934,6.0186885443038,6.07920454545455,6.44453038674033,6.28861276162791,65
"67",2009,2,6.5,24,6.97058823529412,5.35714285714286,5.1,6.81818181818182,6.23076923076923,17,7,5,11,13,730,565,165,93,373,357,6.37288053424658,6.48451327433628,5.99062296969697,6.02655913978495,6.45554959785523,6.28650641456583,66
"68",2009,3,6.71111111111111,18,6.81666666666667,6.5,7,6.6,6.8,12,6,3,8,10,748,577,171,96,381,367,6.38101977272727,6.49142114384749,6.00849584795322,6.05697916666667,6.45858267716535,6.30049806539509,67
"69",2009,4,5.58333333333333,18,5.59090909090909,5.57142857142857,5,5.8,5.5,11,7,4,5,13,766,588,178,100,386,380,6.36227518276762,6.47457482993197,5.99130780898876,6.0147,6.4500518134715,6.27311260526316,68
"70",2009,5,5.825,10,5.25,6.20833333333333,6.0625,5.33333333333333,6.03571428571429,4,6,4,3,7,776,592,184,104,389,387,6.35535153350516,6.46630067567568,5.99838472826087,6.01653846153846,6.44143958868895,6.26881857881137,69
"71",2009,6,6.77571428571429,21,6.886,6.5,6.33333333333333,6.77181818181818,6.78,15,6,3,11,10,797,607,190,107,400,397,6.36642759096612,6.47667215815486,6.01422521052632,6.02542056074766,6.450525,6.28169468513854,70
"72",2009,7,6.36,15,6.64,5.8,5.375,6.30909090909091,6.5,10,5,4,11,4,812,617,195,111,411,401,6.3663088546798,6.47931928687196,6.00873225641026,6.00198198198198,6.4467396593674,6.28387229426434,71
"73",2009,8,6.25,12,6.3,6,NA,5.4,6.85714285714286,10,2,0,5,7,824,627,197,111,416,408,6.36461503640777,6.47645933014354,6.00864360406091,6.00198198198198,6.43415865384615,6.29370781862745,72
"74",2009,9,6.1,15,6.57142857142857,5.6875,5.91666666666667,5.78571428571429,6.375,7,8,6,7,8,839,634,205,117,423,416,6.35988413587604,6.47750788643533,5.99611117073171,5.99760683760684,6.42342789598109,6.29527112980769,73
"75",2009,10,6.16875,16,6.52222222222222,5.71428571428571,5.83333333333333,7,5.67,9,7,6,6,10,855,643,212,123,429,426,6.35630735672515,6.47813374805599,5.98680561320755,5.98959349593496,6.43149184149184,6.28059340375587,74
"76",2009,11,6.64285714285714,14,7.05555555555556,5.9,6.66666666666667,7.7,6.05555555555556,9,5,3,5,9,869,652,217,126,434,435,6.36092380897583,6.48610429447853,5.98480548387097,6.00571428571429,6.44610599078341,6.27593744827586,75
"77",2009,12,6.1,27,6.34285714285714,5.25,4.7,6.5,5.96,21,6,5,7,20,896,673,223,131,441,455,6.35306114955357,6.48163447251114,5.96503493273543,5.95587786259542,6.44696145124717,6.26205008791209,76
"78",2010,1,5.9375,16,6,5.8,6,5.8,6,11,5,4,5,11,912,684,228,135,446,466,6.34577060307018,6.47388888888889,5.96141574561403,5.95718518518519,6.43970852017937,6.25586435622318,77
"79",2010,2,6.58333333333333,12,6.8125,6.125,6.5,6.8,6.42857142857143,8,4,3,5,7,924,692,232,138,451,473,6.34885583333333,6.47780346820809,5.9642361637931,5.96898550724638,6.44370288248337,6.25842027484144,78
"80",2010,3,6.41666666666667,12,6.44444444444444,6.33333333333333,6.375,6.64285714285714,6.1,9,3,4,7,5,936,701,235,142,458,478,6.34972520299145,6.47737517831669,5.96894804255319,5.98042253521127,6.44674672489083,6.25676315899582,79
"81",2010,4,6.4125,8,7.16,5.16666666666667,5.25,6.075,6.75,5,3,2,4,4,944,706,238,144,462,482,6.35025719279661,6.48220963172805,5.95883525210084,5.97027777777778,6.44352813852814,6.26085641078838,80
"82",2010,5,6.74,10,6.98333333333333,6.375,6,6.38,7.1,6,4,1,5,5,954,712,242,145,467,487,6.35434254716981,6.48643258426966,5.96571400826446,5.97048275862069,6.44284796573876,6.26947184804928,81
"83",2010,6,7,4,7,7,7,6,7.33333333333333,3,1,1,1,3,958,715,243,146,468,490,6.35703840292275,6.48858741258741,5.96997032921811,5.97753424657534,6.44190170940171,6.27598528571428,82
"84",2010,7,5.66666666666667,6,6.25,5.375,4.75,4.75,6.125,2,4,2,2,4,964,717,247,148,470,494,6.35274148340249,6.48792189679219,5.96033518218623,5.96094594594595,6.43470212765958,6.27476273279352,83
"85",2010,8,6.31111111111111,9,6.35,6,5,6.75,5.96,8,1,1,4,5,973,725,248,149,474,499,6.35235641315519,6.4864,5.96049512096774,5.9544966442953,6.43736286919831,6.27160879759519,84
"86",2010,10,6.775,12,6.82857142857143,6.7,6.625,7.08333333333333,6.46666666666667,7,5,4,6,6,985,732,253,153,480,505,6.35750537055838,6.48967213114754,5.97510984189723,5.97202614379085,6.4454375,6.27392631683168,86
"87",2010,11,5.42142857142857,14,5.68181818181818,4.46666666666667,4.75,4.96666666666667,5.54545454545455,11,3,2,3,11,999,743,256,155,483,516,6.34438717717718,6.47771197846568,5.9574327734375,5.95625806451613,6.43625258799172,6.25839687984496,87
"88",2010,12,5.59375,8,5,5.95,6.875,6.5,5.29166666666667,3,5,2,2,6,1007,746,261,157,485,522,6.33842382323734,6.47176943699732,5.95729038314176,5.96796178343949,6.43651546391753,6.24728503831418,88
"89",2011,1,6.38461538461539,13,6.16666666666667,6.875,6,7.33333333333333,6.1,9,4,3,3,10,1020,755,265,160,488,532,6.33901253921569,6.46813245033113,5.97114260377358,5.9685625,6.44202868852459,6.24451652255639,89
"90",2011,2,5.76470588235294,17,5.79166666666667,5.7,6.83333333333333,6.66666666666667,5.57142857142857,12,5,3,3,14,1037,767,270,163,491,546,6.32959767598843,6.45754889178618,5.96612144444444,5.98447852760736,6.44340122199593,6.22725785714286,90
"91",2011,3,6.27272727272727,11,6.625,5.33333333333333,5.5,6.125,6.35714285714286,8,3,2,4,7,1048,775,273,165,495,553,6.32900075381679,6.45927741935484,5.95916772893773,5.97860606060606,6.44082828282828,6.22890197106691,91
"92",2011,4,5.85,10,5.5,6.375,5.66666666666667,6.66666666666667,5.5,6,4,3,3,7,1058,781,277,168,498,560,6.32447333648393,6.45190781049936,5.96517252707581,5.97303571428571,6.44218875502008,6.21979069642857,92
"93",2011,5,6.38888888888889,9,6.35714285714286,6.5,6,6.6,6.125,7,2,1,5,4,1067,788,279,169,503,564,6.32501667291471,6.45106598984772,5.96900641577061,5.97319526627219,6.44375745526839,6.21911842198582,93
"94",2011,6,6.35714285714286,7,6.9,5,5,6.875,5.66666666666667,5,2,2,4,3,1074,793,281,171,507,567,6.32522606145251,6.45389659520807,5.96210957295374,5.96181286549708,6.44715976331361,6.2161953968254,94
"95",2011,7,6.625,16,6.95,6.08333333333333,5.5,6.44444444444444,6.85714285714286,10,6,5,9,7,1090,803,287,176,516,574,6.32962641284404,6.46007471980075,5.96464386759582,5.94869318181818,6.44711240310078,6.22401182926829,95
"96",2011,8,6.57647058823529,17,6.73571428571429,5.83333333333333,5.5,6.875,6.48461538461538,14,3,2,4,13,1107,817,290,178,520,587,6.33341715447154,6.46479804161567,5.96328548275862,5.94365168539326,6.45040384615385,6.2297832879046,96
"97",2011,9,6.64,10,6.82222222222222,5,5,6.75,6.56666666666667,9,1,1,4,6,1117,826,291,179,524,593,6.33616185317816,6.46869249394673,5.9599752233677,5.93837988826816,6.45269083969466,6.23319188870152,97
"98",2011,10,6.57692307692308,13,6.55555555555556,6.625,6.125,5.5,6.77272727272727,9,4,4,2,11,1130,835,295,183,526,604,6.33893167256637,6.46962874251497,5.96899250847458,5.94245901639344,6.44906844106464,6.24301786423841,98
"99",2011,11,6.40909090909091,11,6.5625,6,4.5,7,6.27777777777778,8,3,2,2,9,1141,843,298,185,528,613,6.3396080543383,6.47051008303677,5.96930466442953,5.92686486486487,6.4511553030303,6.24352820554649,99
"100",2011,12,6.14285714285714,14,6.4,5.5,5.5,6.55555555555556,5.4,10,4,2,9,5,1155,853,302,187,537,618,6.33722319480519,6.46968347010551,5.96308870860927,5.92229946524064,6.45290502793296,6.23670354368932,100
"101",2012,1,6.075,10,6.60714285714286,4.83333333333333,5.25,6.25,5.66666666666667,7,3,2,7,3,1165,860,305,189,544,621,6.33497235193133,6.47080232558139,5.95197636065574,5.91518518518519,6.45029411764706,6.23394974235105,101
"102",2012,2,6.33333333333333,15,6.6,5.8,5,8.5,6.17857142857143,10,5,3,1,14,1180,870,310,192,545,635,6.33495151694915,6.47228735632184,5.94952512903226,5.90088541666667,6.45405504587156,6.23272880314961,102
"103",2012,3,5.95454545454545,11,6.625,5.57142857142857,5.4,6.16666666666667,5.875,4,7,5,3,8,1191,874,317,197,548,643,6.33143811083123,6.47298627002288,5.94117599369085,5.88817258883249,6.45248175182482,6.22827805598756,103
"104",2012,4,5.71428571428571,7,5.8,5.5,5.5,NA,5.71428571428571,5,2,2,0,7,1198,879,319,199,548,650,6.32783204507512,6.46915813424346,5.93841,5.88427135678392,6.45248175182482,6.22274275384615,104
"105",2012,5,5.9,5,6,5.83333333333333,5.83333333333333,5.75,6,2,3,3,2,3,1203,881,322,202,550,653,6.32605385702411,6.46809307604994,5.93743102484472,5.88351485148515,6.44992727272727,6.22171943338438,105
"106",2012,6,6.38888888888889,9,6.41666666666667,6.33333333333333,6,6.375,6.4,6,3,2,4,5,1212,887,325,204,554,658,6.32652045379538,6.46774520856821,5.94108550769231,5.8846568627451,6.44938628158845,6.22307414893617,106
"107",2012,7,6.54857142857143,7,7.66666666666667,5.71,5,7.75,6.068,3,4,2,2,5,1219,890,329,206,556,663,6.32779556193601,6.47178651685393,5.93827595744681,5.87606796116505,6.45406474820144,6.22190466063348,107
"108",2012,8,6.75,10,6.8125,6.5,NA,7.33333333333333,6.5,8,2,0,3,7,1229,898,331,206,559,670,6.33123091131001,6.47482182628062,5.94167006042296,5.87606796116505,6.45878354203936,6.22481013432836,108
"109",2012,9,6,7,6.8,4,4,6.5,5.8,5,2,2,2,5,1236,903,333,208,561,675,6.32935500809061,6.47662236987818,5.93000837837838,5.85802884615385,6.45893048128342,6.22166339259259,109
"110",2012,10,6.2,10,6.57142857142857,5.33333333333333,4.5,4.875,7.08333333333333,7,3,2,4,6,1246,910,336,210,565,681,6.3283168459069,6.47735164835165,5.92468092261905,5.84509523809524,6.44771681415929,6.22925519823788,110
"111",2012,11,5.88461538461539,13,6.375,5.1,4.875,5.875,5.88888888888889,8,5,4,4,9,1259,918,341,214,569,690,6.3237353375695,6.47645969498911,5.91258882697947,5.82696261682243,6.44369068541301,6.22481563768116,111
"112",2012,12,6,11,6.375,5,5,6.75,5.57142857142857,8,3,3,4,7,1270,926,344,217,573,697,6.32093133070866,6.47558315334773,5.90463020348837,5.81552995391705,6.44582897033159,6.21825364418938,112
"113",2013,1,6.13636363636364,11,6,6.375,6.5,5.91666666666667,6.4,7,4,3,6,5,1281,933,348,220,579,702,6.31934644028103,6.47201500535906,5.91003675287357,5.82486363636364,6.44034542314335,6.21954813390313,113
"114",2013,2,6.2,10,6.33333333333333,6,6,6.16666666666667,6.25,6,4,4,6,4,1291,939,352,224,585,706,6.31842199070488,6.47112886048988,5.9110590625,5.82799107142857,6.43753846153846,6.21972066572238,114
"115",2013,3,6.22,20,6.43571428571429,5.71666666666667,5,6.43636363636364,5.95555555555556,14,6,3,11,9,1311,953,358,227,596,715,6.31692051106026,6.47060860440714,5.90780108938548,5.81704845814978,6.43751677852349,6.21639551048951,115
"116",2013,4,6.21428571428571,7,5.9,7,NA,6.5,6.1,5,2,0,2,5,1318,958,360,227,598,720,6.31637540971169,6.46763048016701,5.91386886111111,5.81704845814978,6.43772575250836,6.21558720833333,116
"117",2013,5,6.58928571428571,14,6.59615384615385,6.5,NA,6.65,6.55555555555556,13,1,0,5,9,1332,971,361,227,603,729,6.31924383633634,6.46935118434603,5.91549249307479,5.81704845814978,6.43948590381426,6.2197843484225,117
"118",2013,6,5.96666666666667,9,6.54,5.25,4.66666666666667,5.675,6.2,5,4,3,4,5,1341,976,365,230,607,734,6.31687754660701,6.4697131147541,5.90819942465754,5.80204347826087,6.43444810543657,6.21964957765668,118
"119",2013,7,6.9375,8,6.92857142857143,7,7,6.5,7.08333333333333,7,1,1,2,6,1349,983,366,231,609,740,6.32055803558191,6.47298067141404,5.9111824863388,5.80722943722944,6.43466338259442,6.22665241891892,119
"120",2013,8,5.375,4,5.16666666666667,6,6,6,4.75,3,1,1,2,2,1353,986,367,232,611,742,6.31776259423504,6.4690060851927,5.91142449591281,5.80806034482759,6.43324058919804,6.22267222371968,120
"121",2013,9,6.05555555555556,9,5.75,6.66666666666667,6.66666666666667,6,6.08333333333333,6,3,3,3,6,1362,992,370,235,614,748,6.31602994860499,6.46465725806452,5.91754808108108,5.81902127659574,6.43112377850163,6.22155453208556,121
"122",2013,10,6.25,4,7,5.5,5.5,5,6.66666666666667,2,2,2,1,3,1366,994,372,237,615,751,6.31583659590044,6.46573440643863,5.91530319892473,5.81632911392405,6.42879674796748,6.22333260985353,122
"123",2013,11,5.51111111111111,9,5.575,5,5,4.5,5.8,8,1,1,2,7,1375,1002,373,238,617,758,6.31056930181818,6.45862275449102,5.91284930294906,5.81289915966387,6.42254457050243,6.21942320580475,123
"124",2013,12,6.23333333333333,9,5.66666666666667,7.36666666666667,7.05,6,6.2625,6,3,2,1,8,1384,1008,376,240,618,766,6.31006704479769,6.45390873015873,5.92444890957447,5.82320833333333,6.42186084142395,6.21987309399478,124
"125",2014,1,5.86363636363636,11,5.75,5.92857142857143,5.9,5.5,5.94444444444444,4,7,5,2,9,1395,1012,383,245,620,775,6.30654680286739,6.45112648221344,5.92452425587468,5.82477551020408,6.41888709677419,6.21667456774194,125
"126",2014,2,5.95,10,5.6,6.3,6.33333333333333,6,5.9375,5,5,3,2,8,1405,1017,388,248,622,783,6.30400910320285,6.44694198623402,5.92936286082474,5.83092741935484,6.41754019292605,6.21382220945083,126
"127",2014,3,6.19444444444444,9,6.17857142857143,6.25,6,6.875,5.65,7,2,1,4,5,1414,1024,390,249,626,788,6.30331173267327,6.445107421875,5.93100715384616,5.83160642570281,6.42046325878594,6.21024465736041,127
"128",2014,4,6.27142857142857,14,6.23333333333333,6.5,6.5,6.35,6.16666666666667,12,2,2,8,6,1428,1036,392,251,634,794,6.30299915266107,6.44265444015444,5.93391017857143,5.83693227091633,6.41957413249211,6.20991535264484,128
"129",2014,5,5.94,10,7.3,5.35714285714286,5.08333333333333,6.375,5.65,3,7,6,4,6,1438,1039,399,257,638,800,6.30047481919333,6.44512993262753,5.92379145363409,5.81933852140078,6.4192946708464,6.2057159875,129
"130",2014,6,5.75,6,6.25,4.75,NA,5.8,5.5,4,2,0,5,1,1444,1043,401,257,643,801,6.29818752770083,6.4443815915628,5.91793713216958,5.81933852140078,6.41447900466563,6.20483494382022,130
"131",2014,7,4.98333333333333,6,6.3,3.66666666666667,4.33333333333333,4.875,5.2,3,3,3,4,2,1450,1046,404,260,647,803,6.29274675172414,6.44396749521988,5.90121977722772,5.80219230769231,6.40496136012365,6.20233224159402,131
"132",2014,8,6.4,5,6,6.66666666666667,6.5,NA,6.4,2,3,2,0,5,1455,1048,407,262,647,808,6.29311531958763,6.44312022900763,5.90686189189189,5.80751908396947,6.40496136012365,6.20355543316832,132
"133",2014,9,5.57692307692308,13,5.94444444444444,4.75,4.33333333333333,5,5.9375,9,4,3,5,8,1468,1057,411,265,652,816,6.28677301771117,6.43887417218543,5.89560289537713,5.79083018867925,6.39418711656442,6.20094704656863,133
"134",2014,10,6.91666666666667,6,8,5.83333333333333,NA,4,7.5,3,3,0,1,5,1474,1060,414,265,653,821,6.28933703527816,6.44329245283019,5.89515166666667,5.79083018867925,6.39052067381317,6.20885845310597,134
"135",2014,11,5.91666666666667,12,6.27272727272727,2,2,5.6,6.14285714285714,11,1,1,5,7,1486,1071,415,266,658,828,6.28632758411844,6.4415406162465,5.88576575903615,5.77657894736842,6.38451367781155,6.20830047101449,135
"136",2014,12,5.75,4,6,5,5,6.5,5,3,1,1,2,2,1490,1074,416,267,660,830,6.28488777852349,6.44030726256983,5.88363651442308,5.77367041198502,6.38486363636364,6.20538890361446,136
"137",2015,1,5.5,8,5.83333333333333,4.5,4.5,6,5.2,6,2,2,3,5,1498,1080,418,269,663,835,6.28069612149533,6.43693518518518,5.87701624401914,5.76420074349442,6.3831221719457,6.19936861077844,137
"138",2015,2,6,9,6.28571428571429,5,5,6,6,7,2,1,3,6,1507,1087,420,270,666,841,6.2790197677505,6.43596136154554,5.87283997619048,5.76137037037037,6.3813963963964,6.19794624256837,138
"139",2015,3,5.9375,8,6.41666666666667,4.5,4.5,5.75,6,6,2,2,2,6,1515,1093,422,272,668,847,6.27721636303631,6.43585544373285,5.86633362559242,5.75209558823529,6.37950598802395,6.19654402597403,139
"140",2015,4,6.50714285714286,14,6.43,6.7,NA,7.1,6.0625,10,4,0,6,8,1529,1103,426,272,674,855,6.27932164159582,6.43580235720762,5.87416147887324,5.75209558823529,6.38591988130564,6.1952898128655,140
"141",2015,5,6.33333333333333,6,6.33333333333333,6.33333333333333,5.5,6.5,6.25,3,3,2,2,4,1535,1106,429,274,676,859,6.27953276221499,6.43552441229656,5.87737247086247,5.75025547445255,6.3862573964497,6.19554457508731,141
"142",2015,6,5.5,6,5.75,5,6,6,5.4,4,2,1,1,5,1541,1110,431,275,677,864,6.27649759247242,6.43305405405405,5.87330113689095,5.75116363636364,6.38568685376662,6.19094072916667,142
"143",2015,7,6.31111111111111,9,7.375,5.46,5.325,6.075,6.5,4,5,4,4,5,1550,1114,436,279,681,869,6.27669857419355,6.43643626570916,5.86856144495413,5.74505376344086,6.38386196769457,6.19271897583429,143
"144",2015,8,7.22222222222222,9,7.22222222222222,NA,NA,8.125,6.5,9,0,0,4,5,1559,1123,436,279,685,874,6.2821570173188,6.44273374888691,5.86856144495413,5.74505376344086,6.39402919708029,6.19447687643021,144
"145",2015,9,6.76,10,7.17777777777778,3,3,7.225,6.45,9,1,1,4,6,1569,1132,437,280,689,880,6.28520254302103,6.4485777385159,5.86199723112128,5.73525,6.3988534107402,6.19621907954545,145
"146",2015,10,5.875,4,6.16666666666667,5,5,6.25,5.5,3,1,2,2,2,1573,1135,438,282,691,882,6.28415943420216,6.44783259911894,5.86002920091324,5.73003546099291,6.39842257597685,6.19464035147392,146
"147",2015,11,6.35714285714286,7,6.41666666666667,6,NA,7.375,5,6,1,0,4,3,1580,1141,439,282,695,885,6.28448277848101,6.44766871165644,5.86034804100228,5.73003546099291,6.40404316546763,6.19059072316384,147
"148",2015,12,6.22727272727273,11,6.05555555555556,7,6,6.08333333333333,6.4,9,2,1,6,5,1591,1150,441,283,701,890,6.28408723444375,6.4446,5.86551653061225,5.73098939929328,6.40129814550642,6.19176717977528,148
"149",2016,1,6.5,10,6.66666666666667,5,5.5,6.25,6.66666666666667,9,1,2,4,6,1601,1159,442,285,705,896,6.28543584634603,6.44632441760138,5.86355834841629,5.72936842105263,6.40043971631206,6.19494731026786,149
"150",2016,2,6.3125,8,7.1,5,4.5,7.5,6.14285714285714,5,3,2,1,7,1609,1164,445,287,706,903,6.28557041019267,6.4491323024055,5.85773660674158,5.72080139372822,6.40199716713881,6.19454351052049,150
"151",2016,3,7.1,5,7.1,NA,NA,6.5,7.5,5,0,0,2,3,1614,1169,445,287,708,906,6.28809342627014,6.45191616766467,5.85773660674158,5.72080139372822,6.40227401129944,6.19886621412804,151
"152",2016,4,5.6,5,5.75,5,5,3,6.25,4,1,1,1,4,1619,1173,446,288,709,910,6.28596836936381,6.44952259164535,5.85581343049328,5.71829861111111,6.39747531734838,6.19909097802198,152
"153",2016,5,6.72333333333333,9,6.93875,5,NA,8.505,6.21428571428571,8,1,0,2,7,1628,1181,447,288,711,917,6.28838623464374,6.45283657917019,5.85389885906041,5.71829861111111,6.40340365682138,6.19920696837514,153
"154",2016,6,6.38888888888889,9,6.33333333333333,6.5,6.5,5.9,7,6,3,3,5,4,1637,1187,450,291,716,921,6.28893878436164,6.45223251895535,5.8582062,5.72635738831615,6.39988826815643,6.20268489685125,154
"155",2016,7,6.875,8,7.33333333333333,5.5,7,8.5,6.33333333333333,6,2,1,2,6,1645,1193,452,292,718,927,6.29178893009119,6.45666387259011,5.85662121681416,5.73071917808219,6.40573816155989,6.20353051779935,155
"156",2016,8,5.45454545454545,11,5.6875,4.83333333333333,4.75,5.5,5.4,8,3,2,6,5,1656,1201,455,294,724,932,6.28622753019324,6.45154038301416,5.84987426373627,5.72404761904762,6.3982320441989,6.19921973175966,156
"157",2016,9,6.5,5,6.5,NA,NA,6.25,6.66666666666667,5,0,0,2,3,1661,1206,455,294,726,935,6.28687103552077,6.45174129353234,5.84987426373627,5.72404761904762,6.39782369146006,6.20071956149733,157
"158",2016,10,6.14285714285714,7,6,7,7,7,5.5,6,1,1,3,4,1668,1212,456,295,729,939,6.28626666067146,6.44950495049505,5.85239646929825,5.72837288135593,6.40030178326475,6.19773460063898,158
"159",2016,11,5.75,6,5.7,6,6,5.83333333333333,5.66666666666667,5,1,1,3,3,1674,1217,457,296,732,942,6.28434455794504,6.44642563681183,5.85271945295405,5.72929054054054,6.3979781420765,6.1960433014862,159
"160",2016,12,5.875,8,5.71428571428571,7,NA,7,5.71428571428571,7,1,0,1,7,1682,1224,458,296,733,949,6.28239761593341,6.4422385620915,5.85522443231441,5.72929054054054,6.39879945429741,6.19248976817703,160
"161",2017,1,6.87142857142857,7,6.85,7,NA,NA,6.87142857142857,6,1,0,0,7,1689,1230,459,296,733,956,6.28483883362937,6.44422764227642,5.85771849673203,5.72929054054054,6.39879945429741,6.19746107740586,161
"162",2017,2,6.25,4,6.33333333333333,6,6,6.5,6,3,1,1,2,2,1693,1233,460,297,735,958,6.2847565209687,6.44395782643958,5.85802780434783,5.73020202020202,6.39907482993197,6.19704884133612,162
"163",2017,3,6.2,6,6.24,6,6,5,6.44,5,1,1,1,5,1699,1238,461,298,736,963,6.28445720423779,6.44313408723748,5.85833577006508,5.73110738255033,6.39717391304348,6.19831026998962,163
"164",2017,4,6.1125,8,6.68,5.16666666666667,NA,8,5.84285714285714,5,3,0,1,7,1707,1243,464,298,737,970,6.2836513122437,6.44408688656476,5.85386377155173,5.73110738255033,6.3993487109905,6.1957451443299,164
"165",2017,5,5.2,5,5,5.33333333333333,5,NA,5.2,2,3,1,0,5,1712,1245,467,299,737,975,6.28048644275701,6.44176706827309,5.85051989293362,5.72866220735786,6.3993487109905,6.19063875897436,165
"166",2017,6,6.53,10,6.9125,5,6,7,5.825,8,2,1,6,4,1722,1253,469,300,743,979,6.28193541811847,6.44477254588987,5.84689294243071,5.72956666666667,6.40419919246299,6.18914483146067,166
"167",2017,7,5.81818181818182,11,6.4,5.33333333333333,6.5,4.5,6.11111111111111,5,6,2,2,9,1733,1258,475,302,745,988,6.27899180034622,6.4445945945946,5.84040587368421,5.73466887417219,6.39908724832215,6.18843399797571,167
"168",2017,8,5.54545454545455,11,5.55555555555556,5.5,5,5,5.75,9,2,1,3,8,1744,1267,477,303,748,996,6.27436513188074,6.43827940015785,5.83897859538784,5.73224422442244,6.39347593582888,6.18491243975904,168
"169",2017,9,6.16666666666667,6,6.33333333333333,6,6,5,6.4,3,3,3,1,5,1750,1270,480,306,749,1001,6.27399588,6.43803149606299,5.83998497916667,5.73486928104575,6.39161548731642,6.1859868031968,169
"170",2017,10,6.05,10,6.41666666666667,5.5,5,6.2,5.9,6,4,2,5,5,1760,1276,484,308,754,1006,6.27272317613637,6.43793103448276,5.83717518595042,5.7300974025974,6.39034482758621,6.18456539761431,170
"171",2017,11,6.32142857142857,7,6.45,6,6,6.66666666666667,6.0625,5,2,2,3,4,1767,1281,486,310,757,1010,6.27291612337295,6.4379781420765,5.83784524691358,5.73183870967742,6.39143989431968,6.18408197029703,171
"172",2017,12,5.897,10,6.32833333333333,5.25,5.5,7,5.62125,6,4,2,2,8,1777,1287,490,312,759,1018,6.27080066966798,6.43746697746698,5.83304651020408,5.73035256410256,6.39304347826087,6.17965892927308,172
"173",2018,1,6.58333333333333,6,6.75,6.25,6.5,7,6.5,4,2,1,1,5,1783,1291,492,313,760,1023,6.27185237801458,6.43843532145624,5.83474144308943,5.73281150159744,6.39384210526316,6.18122462365591,173
"174",2018,2,6.3,5,6.66666666666667,5.75,5.75,7,6.125,3,2,2,1,4,1788,1294,494,315,761,1027,6.27193109060403,6.43896445131376,5.83439836032389,5.73292063492063,6.39463863337714,6.18100563777994,174
"175",2018,3,6.5,4,6.5,6.5,NA,8,6,2,2,0,1,3,1792,1296,496,315,762,1030,6.27244017299107,6.43905864197531,5.83708223790323,5.73292063492063,6.39674540682415,6.1804784368932,175
"176",2018,4,5.68333333333333,3,6,5.05,NA,5.05,6,2,1,0,1,2,1795,1298,497,315,763,1032,6.27145559331476,6.43838212634823,5.83549857142857,5.73292063492063,6.39498034076016,6.18012867248062,176
"177",2018,5,5,6,5.5,4,4,4,5.2,4,2,2,1,5,1801,1302,499,317,764,1037,6.26721976124375,6.43549923195085,5.82814186372746,5.72198738170347,6.39184554973822,6.17540288331726,177
"178",2018,6,6,7,6.4,5,5,6.5,5.8,5,2,1,2,5,1808,1307,501,318,766,1042,6.26618517146018,6.43536342769702,5.82483590818364,5.71971698113207,6.39212793733682,6.17360152591171,178
"179",2018,7,5.9375,8,6.25,5,5,6.16666666666667,5.8,6,2,2,3,5,1816,1313,503,320,769,1047,6.264737219163,6.43451637471439,5.82155624254473,5.71521875,6.39124837451235,6.17181737344795,179
"180",2018,8,6.2,5,7,5,5,7,5.66666666666667,3,2,2,2,3,1821,1316,505,322,771,1050,6.26455946732565,6.43580547112462,5.81830255445545,5.71077639751553,6.39282749675746,6.17037408571429,180
"181",2018,9,5.78333333333333,6,6.175,5,5,6.54,2,4,2,2,5,1,1827,1320,507,324,776,1051,6.26297908593322,6.43501515151515,5.81507453648915,5.70638888888889,6.39377577319588,6.16640607992388,181
"182",2018,10,6.66666666666667,6,6.66666666666667,NA,NA,8,6.4,6,0,0,1,5,1833,1326,507,324,777,1056,6.26430048554283,6.43606334841629,5.81507453648915,5.70638888888889,6.39584298584299,6.16751211174242,182
"183",2018,11,6.15,2,NA,6.15,NA,NA,6.15,0,2,0,0,2,1835,1326,509,324,777,1058,6.26417590735695,6.43606334841629,5.81639055009823,5.70638888888889,6.39584298584299,6.16747900756144,183
"184",2018,12,6.08333333333333,6,6.125,6,6,6,6.16666666666667,4,2,2,3,3,1841,1330,511,326,780,1061,6.26358652362846,6.43512781954887,5.81710917808219,5.70819018404908,6.39432051282051,6.16747671065033,184
"185",2019,1,6.625,8,6.71428571428571,6,6,NA,6.625,7,1,1,0,8,1849,1337,512,327,780,1069,6.26515023796647,6.43658937920718,5.81746638671875,5.70908256880734,6.39432051282051,6.17090064546305,185
"186",2019,2,5.3,5,6.16666666666667,4,2,2,6.125,3,2,1,1,4,1854,1340,514,328,781,1073,6.26254735167206,6.43598507462687,5.81039453307393,5.6977743902439,6.38869398207426,6.17072953401678,186
"187",2019,3,6.5,2,8,5,NA,NA,6.5,1,1,0,0,2,1856,1341,515,328,781,1075,6.26280322737069,6.43715137956749,5.80882095145631,5.6977743902439,6.38869398207426,6.17134213023256,187
"188",2019,4,6,3,6,NA,NA,NA,6,3,0,0,0,3,1859,1344,515,328,781,1078,6.26237912318451,6.4361755952381,5.80882095145631,5.6977743902439,6.38869398207426,6.17086529684601,188
"189",2019,5,6.79,10,7.1125,5.5,6,NA,6.79,8,2,1,0,10,1869,1352,517,329,781,1088,6.26520213483146,6.4401775147929,5.80762628626693,5.69869300911854,6.38869398207426,6.17655587316176,189
"190",2019,6,6.1,3,8,5.15,5.3,NA,6.1,1,2,1,0,3,1872,1353,519,330,781,1091,6.26493738782051,6.44133037694013,5.80509208092486,5.69748484848485,6.38869398207426,6.17634536205316,190
"191",2019,7,6.5,2,8,5,5,8,5,1,1,1,1,1,1874,1354,520,331,782,1092,6.26518825506937,6.44248153618907,5.80354382692308,5.69537764350453,6.39075447570333,6.17526812271062,191
"192",2019,8,7,5,7.5,5,5,8,6.33333333333333,4,1,1,2,3,1879,1358,521,332,784,1095,6.26714358169239,6.44559646539028,5.80200151631478,5.69328313253012,6.39485969387755,6.17570117808219,192
"193",2019,9,6.66666666666667,3,7,6,6,8,6,2,1,1,1,2,1882,1360,522,333,785,1097,6.26778044102019,6.44641176470588,5.80238082375479,5.6942042042042,6.39690445859873,6.17538084776664,193
"194",2019,10,6.33333333333333,3,6.33333333333333,NA,NA,NA,6.33333333333333,3,0,0,0,3,1885,1363,522,333,785,1100,6.26788476923077,6.4461628760088,5.80238082375479,5.6942042042042,6.39690445859873,6.17581162727273,194
"195",2019,11,7.6875,4,7.6875,NA,NA,6.875,8.5,4,0,0,2,2,1889,1367,522,333,787,1102,6.27089083642139,6.44979517190929,5.80238082375479,5.6942042042042,6.39811944091487,6.18002975499093,195
"196",2019,12,5.58,6,6.296,2,2,4.74,6,5,1,1,2,4,1895,1372,523,334,789,1106,6.26870331926121,6.44923469387755,5.79511049713193,5.68314371257485,6.39391634980989,6.17937865280289,196
"197",2020,1,6.78666666666667,15,6.98461538461538,5.5,5.5,6.54285714285714,7,13,2,2,7,8,1910,1385,525,336,796,1114,6.27277109424084,6.45425992779783,5.79398626666667,5.68205357142857,6.39522613065327,6.1852718043088,197
"198",2020,2,6.19230769230769,13,6.15,6.33333333333333,6,6.125,6.22222222222222,10,3,2,4,9,1923,1395,528,338,800,1123,6.27222713988559,6.45207885304659,5.79705073863637,5.6839349112426,6.393875,6.18556793410508,198
"199",2020,3,5.46875,8,5.75,5,5,5.58333333333333,5.4,5,3,1,3,5,1931,1400,531,339,803,1128,6.26889838943552,6.44957142857143,5.79254762711865,5.68191740412979,6.39084682440847,6.18208580673759,199
"200",2020,4,6.46688866666667,15,6.63666636363636,6,6,6.4,6.500333,11,4,3,5,10,1946,1411,535,342,808,1138,6.27042452209661,6.45103,5.7940986728972,5.68470760233918,6.39090346534654,6.18488235500879,200
"201",2020,5,6.83333333333333,3,6.75,7,NA,NA,6.83333333333333,2,1,0,0,3,1949,1413,536,342,808,1141,6.27129097998974,6.45145317055909,5.79634848880597,5.68470760233918,6.39090346534654,6.18658730937774,201
"202",2020,6,6.21428571428571,7,6.41666666666667,5,5,5.66666666666667,6.625,6,1,1,3,4,1956,1419,537,343,811,1145,6.27108697341513,6.45130608174771,5.79486553072626,5.68271137026239,6.38822441430333,6.18811888209607,202
"203",2020,7,5.8125,8,6.375,5.25,5,6,5.78571428571429,4,4,2,1,7,1964,1423,541,345,812,1152,6.26921900203666,6.45109158819396,5.79083695009242,5.6787536231884,6.38774630541872,6.18567371527778,203
"204",2020,8,8.4,2,8.4,NA,NA,8,8.8,2,0,0,1,1,1966,1425,541,345,813,1153,6.27138663275687,6.45382689824561,5.79083695009242,5.6787536231884,6.38972939729397,6.1879411274935,204
"205",2020,9,5.925,4,6.85,5,5,NA,5.925,2,2,1,0,4,1970,1427,543,346,813,1157,6.27068330964467,6.4543821513665,5.787924106814,5.67679190751445,6.38972939729397,6.18703208297321,205
"206",2020,10,6.6,5,7.33333333333333,5.5,NA,6,6.75,3,2,0,1,4,1975,1430,545,346,814,1161,6.27151702278481,6.4562261048951,5.78686750458716,5.67679190751445,6.38925061425061,6.18897167958656,206
"207",2020,11,6.21428571428571,7,6.5,4.5,NA,7.33333333333333,5.375,6,1,0,3,4,1982,1436,546,346,817,1165,6.27131489404642,6.45640900417827,5.78451060439561,5.67679190751445,6.39271725826193,6.18617692703863,207
"208",2020,12,6.25222166666667,6,6.502666,5,NA,NA,6.25222166666667,5,1,0,0,6,1988,1441,547,346,817,1171,6.27125726861167,6.45656950728661,5.78307639853748,5.67679190751445,6.39271725826193,6.18651532877882,208
"209",2021,1,5.77272727272727,11,6,5.5,5.5,5.5,5.875,6,5,1,3,8,1999,1447,552,347,820,1179,6.26851398199099,6.45467633724948,5.78051230072464,5.67628242074928,6.3894512195122,6.18440156912638,209
"210",2021,2,5.71428571428571,7,6.6,3.5,3,6.33333333333333,5.25,5,2,1,3,4,2006,1452,554,348,823,1183,6.26657998504486,6.4551767630854,5.77227940433213,5.66859195402299,6.38924665856622,6.1812421386306,210
"211",2021,3,6.5,6,7.33333333333333,5.66666666666667,4.5,7.5,6,3,3,2,2,4,2012,1455,557,350,825,1187,6.26727606858847,6.456987395189,5.77171057450629,5.66191428571428,6.39193939393939,6.18063138163437,211
"212",2021,4,6,1,6,NA,NA,NA,6,1,0,0,0,1,2013,1456,557,350,825,1188,6.26714329359165,6.45667353021978,5.77171057450629,5.66191428571428,6.39193939393939,6.18047933501683,212
"213",2021,5,7,6,7,NA,NA,7,7,6,0,0,2,4,2019,1462,557,350,827,1192,6.26932117384844,6.45890332421341,5.77171057450629,5.66191428571428,6.39340991535671,6.18322940436242,213
"214",2021,6,6.83333333333333,3,7.5,5.5,5.5,NA,6.83333333333333,2,1,1,0,3,2022,1464,558,351,827,1195,6.27015798714144,6.46032558743169,5.77122363799283,5.66145299145299,6.39340991535671,6.18486146443515,214
"215",2021,7,6.4,5,6.75,5,NA,NA,6.4,4,1,0,0,5,2027,1468,559,351,827,1200,6.27047826837691,6.46111489100817,5.76984398926655,5.66145299145299,6.39340991535671,6.185757875,215
"216",2021,8,6.6,5,7.25,4,4,9,6,4,1,1,1,4,2032,1472,560,352,828,1204,6.27128909940945,6.46325860054348,5.76668355357143,5.65673295454545,6.39655797101449,6.18514073920266,216
"217",2021,9,7.25,2,7,7.5,NA,NA,7.25,1,1,0,0,2,2034,1473,561,352,828,1206,6.27225145034415,6.46362298710115,5.76977324420678,5.65673295454545,6.39655797101449,6.18690667495854,217
"218",2021,10,5.625,6,6,5.25,NA,2,6.35,3,3,0,1,5,2040,1476,564,352,829,1211,6.27034776960784,6.46268066395664,5.7670084929078,5.65673295454545,6.39125452352232,6.18758005780347,218
"219",2021,11,7.33333333333333,3,7.33333333333333,NA,NA,NA,7.33333333333333,3,0,0,0,3,2043,1479,564,352,829,1214,6.27190868820362,6.46444669371197,5.7670084929078,5.65673295454545,6.39125452352232,6.19041140856672,219
"220",2021,12,5.55555555555556,9,5.58333333333333,5.5,NA,7,5.375,6,3,0,1,8,2052,1485,567,352,830,1222,6.26876678849902,6.46088663973064,5.76559574955909,5.65673295454545,6.39198795180723,6.18507319967267,220
"221",2022,1,6.61666666666667,12,6.71111111111111,6.33333333333333,4,7.875,5.9875,9,3,1,4,8,2064,1494,570,353,834,1230,6.2707894622093,6.46239401606426,5.76858384210527,5.65203966005666,6.39910071942446,6.18378817073171,221
"222",2022,2,6.25,8,7.75,4.75,4,4.33333333333333,7.4,4,4,1,3,5,2072,1498,574,354,837,1235,6.27070919401544,6.46583221628838,5.76148569686411,5.64737288135593,6.39169653524492,6.18871210526316,222
"223",2022,3,6.55714285714286,7,6.81666666666667,5,5,7,6.48333333333333,6,1,1,1,6,2079,1504,575,355,838,1241,6.27167361712362,6.46723182180851,5.76016137391305,5.64554929577465,6.39242243436754,6.19013654311039,223
"224",2022,4,6.01666666666667,6,6.12,5.5,NA,7.6,5.7,5,1,0,1,5,2085,1509,576,355,839,1246,6.27093978417266,6.46608128561962,5.75970970486111,5.64554929577465,6.39386174016687,6.18816970304976,224
"225",2022,5,5.85714285714286,7,5.6,6.5,6,6,5.8,5,2,1,2,5,2092,1514,578,356,841,1251,6.26955518642447,6.46322104359313,5.76227126297578,5.64654494382022,6.39292508917955,6.18661826538769,225
"226",2022,6,6.42222222222222,9,6.54285714285714,6,4,NA,6.42222222222222,7,2,1,0,9,2101,1521,580,357,841,1260,6.27020916230366,6.46358754766601,5.76309101724138,5.64193277310924,6.39292508917955,6.18830115079365,226
"227",2022,7,6.41666666666667,6,7.1,3,3,8,5.625,5,1,1,2,4,2107,1526,581,358,843,1264,6.27062622211675,6.4656727785059,5.75833526678141,5.6345530726257,6.39673784104389,6.18651855221519,227
"228",2022,8,6.32142857142857,7,6.375,6,6,5,6.54166666666667,6,1,1,1,6,2114,1532,582,359,844,1270,6.27079444181646,6.46531766318538,5.75875049828179,5.63557103064067,6.39508293838863,6.18819641732284,228
"229",2022,9,6.125,8,6.14285714285714,6,NA,6.5,5.75,7,1,0,4,4,2122,1539,583,359,848,1274,6.27024479264844,6.46385098115659,5.75916430531733,5.63557103064067,6.39557783018868,6.18682060439561,229
"230",2022,10,6.66666666666667,3,6,7,7,6,7,1,2,2,1,2,2125,1540,585,361,849,1276,6.27080444705882,6.46354977922078,5.76340647863248,5.64313019390582,6.39511189634865,6.18809518025078,230
"231",2022,11,7.01,4,7.01,NA,NA,NA,7.01,4,0,0,0,4,2129,1544,585,361,849,1280,6.27219325974636,6.46496545336788,5.76340647863248,5.64313019390582,6.39511189634865,6.1906636328125,231
"232",2022,12,4.8,5,5.25,3,NA,NA,4.8,4,1,0,0,5,2134,1548,586,361,849,1285,6.26874388472352,6.46182600775194,5.75869076791809,5.64313019390582,6.39511189634865,6.18525249027237,232
