"","year","month","avg_rating","no_ratings","avg_rating_owned","avg_rating_not_owned","avg_rating_prev_owned","avg_rating_comment","avg_rating_no_comment","no_ratings_owned","no_ratings_not_owned","no_ratings_prev_owned","no_ratings_comment","no_ratings_no_comment","cum_no_ratings","cum_no_ratings_owned","cum_no_ratings_not_owned","cum_no_ratings_prev_owned","cum_no_ratings_comment","cum_no_ratings_no_comment","cum_avg_rating","cum_avg_rating_owned","cum_avg_rating_not_owned","cum_avg_rating_prev_owned","cum_avg_rating_comment","cum_avg_rating_no_comment","month_after_release"
"1",2001,6,5.5,2,7,4,NA,NA,5.5,1,1,0,0,2,2,1,1,0,0,2,5.5,7,4,NA,NA,5.5,1
"2",2001,8,6,2,NA,6,NA,NA,6,0,2,0,0,2,4,1,3,0,0,4,5.75,7,5.33333333333333,NA,NA,5.75,3
"3",2001,9,6,3,6.5,5,NA,6.5,5,2,1,0,2,1,7,3,4,0,2,5,5.85714285714286,6.66666666666667,5.25,NA,6.5,5.6,4
"4",2001,10,7,1,7,NA,NA,NA,7,1,0,0,0,1,8,4,4,0,2,6,6,6.75,5.25,NA,6.5,5.83333333333333,5
"5",2001,11,6,1,NA,6,NA,NA,6,0,1,0,0,1,9,4,5,0,2,7,6,6.75,5.4,NA,6.5,5.85714285714286,6
"6",2001,12,7,1,7,NA,NA,NA,7,1,0,0,0,1,10,5,5,0,2,8,6.1,6.8,5.4,NA,6.5,6,7
"7",2002,1,7,3,7,7,NA,9,6,2,1,0,1,2,13,7,6,0,3,10,6.30769230769231,6.85714285714286,5.66666666666667,NA,7.33333333333333,6,8
"8",2002,3,6.5,3,6.5,NA,NA,6.5,6.5,3,0,0,1,2,16,10,6,0,4,12,6.34375,6.75,5.66666666666667,NA,7.125,6.08333333333333,10
"9",2002,4,7,1,7,NA,NA,NA,7,1,0,0,0,1,17,11,6,0,4,13,6.38235294117647,6.77272727272727,5.66666666666667,NA,7.125,6.15384615384615,11
"10",2002,5,6.66666666666667,3,6.66666666666667,NA,NA,NA,6.66666666666667,3,0,0,0,3,20,14,6,0,4,16,6.425,6.75,5.66666666666667,NA,7.125,6.25,12
"11",2002,6,7,2,7,NA,NA,NA,7,2,0,0,0,2,22,16,6,0,4,18,6.47727272727273,6.78125,5.66666666666667,NA,7.125,6.33333333333333,13
"12",2002,7,7.375,4,7.16666666666667,8,NA,NA,7.375,3,1,0,0,4,26,19,7,0,4,22,6.61538461538461,6.84210526315789,6,NA,7.125,6.52272727272727,14
"13",2002,8,6.5,3,7,5.5,NA,5.5,7,2,1,0,1,2,29,21,8,0,5,24,6.60344827586207,6.85714285714286,5.9375,NA,6.8,6.5625,15
"14",2002,9,7.4,5,7.4,NA,NA,NA,7.4,5,0,0,0,5,34,26,8,0,5,29,6.72058823529412,6.96153846153846,5.9375,NA,6.8,6.70689655172414,16
"15",2002,10,10,1,10,NA,NA,NA,10,1,0,0,0,1,35,27,8,0,5,30,6.81428571428571,7.07407407407407,5.9375,NA,6.8,6.81666666666667,17
"16",2002,11,7,2,7,7,NA,NA,7,1,1,0,0,2,37,28,9,0,5,32,6.82432432432432,7.07142857142857,6.05555555555556,NA,6.8,6.828125,18
"17",2003,1,7,4,7,NA,NA,8,6.66666666666667,4,0,0,1,3,41,32,9,0,6,35,6.84146341463415,7.0625,6.05555555555556,NA,7,6.81428571428571,20
"18",2003,2,7,2,7,NA,NA,NA,7,2,0,0,0,2,43,34,9,0,6,37,6.84883720930233,7.05882352941176,6.05555555555556,NA,7,6.82432432432432,21
"19",2003,3,9,2,9,NA,NA,8,10,2,0,0,1,1,45,36,9,0,7,38,6.94444444444444,7.16666666666667,6.05555555555556,NA,7.14285714285714,6.90789473684211,22
"20",2003,4,8.33333333333333,3,9,7,NA,7,9,2,1,0,1,2,48,38,10,0,8,40,7.03125,7.26315789473684,6.15,NA,7.125,7.0125,23
"21",2003,5,6.57142857142857,7,6.57142857142857,NA,NA,5.33333333333333,7.5,7,0,0,3,4,55,45,10,0,11,44,6.97272727272727,7.15555555555556,6.15,NA,6.63636363636364,7.05681818181818,24
"22",2003,6,7.5,4,7.66666666666667,7,NA,8,7,3,1,0,2,2,59,48,11,0,13,46,7.00847457627119,7.1875,6.22727272727273,NA,6.84615384615385,7.05434782608696,25
"23",2003,7,6.86666666666667,15,7,6.71428571428571,7,7.2,6.7,8,7,1,5,10,74,56,18,1,18,56,6.97972972972973,7.16071428571429,6.41666666666667,7,6.94444444444444,6.99107142857143,26
"24",2003,8,6.7,10,6.75,6.5,NA,6.25,7,8,2,0,4,6,84,64,20,1,22,62,6.94642857142857,7.109375,6.425,7,6.81818181818182,6.99193548387097,27
"25",2003,9,9.5,2,9.5,NA,NA,9,10,2,0,0,1,1,86,66,20,1,23,63,7.00581395348837,7.18181818181818,6.425,7,6.91304347826087,7.03968253968254,28
"26",2003,10,7.5,4,7.5,NA,NA,10,6.66666666666667,4,0,0,1,3,90,70,20,1,24,66,7.02777777777778,7.2,6.425,7,7.04166666666667,7.02272727272727,29
"27",2003,11,7,2,7,NA,NA,5,9,2,0,0,1,1,92,72,20,1,25,67,7.02717391304348,7.19444444444444,6.425,7,6.96,7.05223880597015,30
"28",2003,12,6,5,7,5.33333333333333,NA,7,5.33333333333333,2,3,0,2,3,97,74,23,1,27,70,6.97422680412371,7.18918918918919,6.28260869565217,7,6.96296296296296,6.97857142857143,31
"29",2004,1,7.5,4,7.66666666666667,7,NA,7,7.66666666666667,3,1,0,1,3,101,77,24,1,28,73,6.9950495049505,7.20779220779221,6.3125,7,6.96428571428571,7.00684931506849,32
"30",2004,2,8,7,8,8,NA,8,8,6,1,0,1,6,108,83,25,1,29,79,7.06018518518519,7.26506024096386,6.38,7,7,7.08227848101266,33
"31",2004,3,7.25,4,7.33333333333333,7,NA,7,7.33333333333333,3,1,0,1,3,112,86,26,1,30,82,7.06696428571429,7.26744186046512,6.40384615384615,7,7,7.09146341463415,34
"32",2004,4,7,3,7,NA,NA,7,7,3,0,0,1,2,115,89,26,1,31,84,7.06521739130435,7.25842696629214,6.40384615384615,7,7,7.08928571428571,35
"33",2004,5,7,4,7,NA,NA,7,7,4,0,0,1,3,119,93,26,1,32,87,7.06302521008403,7.24731182795699,6.40384615384615,7,7,7.08620689655172,36
"34",2004,6,6.83333333333333,6,7,6.66666666666667,NA,7.5,6.5,3,3,0,2,4,125,96,29,1,34,91,7.052,7.23958333333333,6.43103448275862,7,7.02941176470588,7.06043956043956,37
"35",2004,7,7.85714285714286,7,8.08333333333333,6.5,NA,7.75,7.9,6,1,0,2,5,132,102,30,1,36,96,7.09469696969697,7.28921568627451,6.43333333333333,7,7.06944444444444,7.10416666666667,38
"36",2004,8,7,5,7.5,5,NA,8,5.5,4,1,0,3,2,137,106,31,1,39,98,7.09124087591241,7.29716981132075,6.38709677419355,7,7.14102564102564,7.07142857142857,39
"37",2004,9,6.4,5,6.4,NA,NA,6.4,NA,5,0,0,5,0,142,111,31,1,44,98,7.0669014084507,7.25675675675676,6.38709677419355,7,7.05681818181818,7.07142857142857,40
"38",2004,10,5.91666666666667,6,6.16666666666667,5.66666666666667,5,5.5,6.33333333333333,3,3,1,3,3,148,114,34,2,47,101,7.02027027027027,7.2280701754386,6.32352941176471,6,6.95744680851064,7.04950495049505,41
"39",2004,11,7,8,7.16666666666667,6.5,5,7.33333333333333,6.8,6,2,1,3,5,156,120,36,3,50,106,7.01923076923077,7.225,6.33333333333333,5.66666666666667,6.98,7.0377358490566,42
"40",2004,12,7.2,5,7.2,NA,NA,10,6.5,5,0,0,1,4,161,125,36,3,51,110,7.02484472049689,7.224,6.33333333333333,5.66666666666667,7.03921568627451,7.01818181818182,43
"41",2005,1,6.66666666666667,6,6.66666666666667,NA,NA,NA,6.66666666666667,6,0,0,0,6,167,131,36,3,51,116,7.01197604790419,7.19847328244275,6.33333333333333,5.66666666666667,7.03921568627451,7,44
"42",2005,2,5.88888888888889,9,6.8,4.75,NA,6,5.66666666666667,5,4,0,6,3,176,136,40,3,57,119,6.95454545454545,7.18382352941176,6.175,5.66666666666667,6.92982456140351,6.96638655462185,45
"43",2005,3,7.4,5,8.25,6.83333333333333,NA,8.25,6.83333333333333,2,3,0,2,3,181,138,43,3,59,122,6.96685082872928,7.19927536231884,6.22093023255814,5.66666666666667,6.97457627118644,6.96311475409836,46
"44",2005,4,6.47,6,6.564,6,NA,NA,6.47,5,1,0,0,6,187,143,44,3,59,128,6.95090909090909,7.17706293706294,6.21590909090909,5.66666666666667,6.97457627118644,6.94,47
"45",2005,5,6.96666666666667,3,7,6.9,NA,NA,6.96666666666667,2,1,0,0,3,190,145,45,3,59,131,6.95115789473684,7.17462068965517,6.23111111111111,5.66666666666667,6.97457627118644,6.9406106870229,48
"46",2005,6,6.6,5,7,6.33333333333333,NA,6.5,6.66666666666667,2,3,0,2,3,195,147,48,3,61,134,6.94215384615385,7.17224489795918,6.2375,5.66666666666667,6.95901639344262,6.9344776119403,49
"47",2005,7,5.5,4,5.66666666666667,5,5,NA,5.5,3,1,1,0,4,199,150,49,4,61,138,6.91316582914573,7.14213333333333,6.21224489795918,5.5,6.95901639344262,6.89289855072464,50
"48",2005,8,7,7,7.4,6,NA,6.5,7.2,5,2,0,2,5,206,155,51,4,63,143,6.91611650485437,7.15045161290323,6.20392156862745,5.5,6.94444444444444,6.90363636363636,51
"49",2005,9,6.83333333333333,6,6.75,7,8,7.5,6.5,4,2,1,2,4,212,159,53,5,65,147,6.91377358490566,7.14037735849057,6.23396226415094,6,6.96153846153846,6.89265306122449,52
"50",2005,10,6.78571428571429,7,7.25,4,NA,6.625,7,6,1,0,4,3,219,165,54,5,69,150,6.9096803652968,7.14436363636364,6.19259259259259,6,6.94202898550725,6.8948,53
"51",2005,11,5.9375,8,6.5,5.375,NA,5.5,6.66666666666667,4,4,0,5,3,227,169,58,5,74,153,6.87541850220264,7.1291124260355,6.13620689655172,6,6.84459459459459,6.89032679738562,54
"52",2005,12,6.8,10,6.625,7.5,7,6.5,7,8,2,1,4,6,237,177,60,6,78,159,6.87223628691983,7.10632768361582,6.18166666666667,6.16666666666667,6.82692307692308,6.89446540880503,55
"53",2006,1,7.09090909090909,11,7.4375,6.16666666666667,NA,7.33333333333333,6.8,8,3,0,6,5,248,185,63,6,84,164,6.88193548387097,7.12064864864865,6.18095238095238,6.16666666666667,6.86309523809524,6.89158536585366,56
"54",2006,2,7.42857142857143,7,7.5,7,NA,7.75,7,6,1,0,4,3,255,191,64,6,88,167,6.89694117647059,7.13256544502618,6.19375,6.16666666666667,6.90340909090909,6.89353293413174,57
"55",2006,3,6.77777777777778,9,7.57142857142857,4,NA,7,6.66666666666667,7,2,0,3,6,264,198,66,6,91,173,6.89287878787879,7.14808080808081,6.12727272727273,6.16666666666667,6.90659340659341,6.88566473988439,58
"56",2006,4,6.3,5,6.625,5,NA,6.33333333333333,6.25,4,1,0,3,2,269,202,67,6,94,175,6.88185873605948,7.13772277227723,6.11044776119403,6.16666666666667,6.88829787234043,6.8784,59
"57",2006,5,7,1,7,NA,NA,NA,7,1,0,0,0,1,270,203,67,6,94,176,6.8822962962963,7.13704433497537,6.11044776119403,6.16666666666667,6.88829787234043,6.87909090909091,60
"58",2006,6,7.0275,8,7.044,7,7,7,7.03666666666667,5,3,2,2,6,278,208,70,8,96,182,6.88647482014389,7.13480769230769,6.14857142857143,6.375,6.890625,6.88428571428572,61
"59",2006,7,9,2,9,NA,NA,9,NA,2,0,0,2,0,280,210,70,8,98,182,6.90157142857143,7.15257142857143,6.14857142857143,6.375,6.93367346938776,6.88428571428572,62
"60",2006,8,6.83333333333333,6,7,6,NA,7,6.5,5,1,0,4,2,286,215,71,8,102,184,6.90013986013986,7.14902325581395,6.14647887323944,6.375,6.93627450980392,6.88010869565218,63
"61",2006,9,7.28571428571429,7,7.28571428571429,NA,NA,7.33333333333333,7.25,7,0,0,3,4,293,222,71,8,105,188,6.90935153583618,7.15333333333333,6.14647887323944,6.375,6.94761904761905,6.88797872340426,64
"62",2006,10,7.23076923076923,13,7.8,5.33333333333333,NA,6.5,7.36363636363636,10,3,0,2,11,306,232,74,8,107,199,6.92300653594771,7.18120689655172,6.11351351351351,6.375,6.9392523364486,6.91427135678392,65
"63",2006,11,7.33333333333333,12,7.3,7.5,7,7.5,7.16666666666667,10,2,1,6,6,318,242,76,9,113,205,6.93849056603773,7.18611570247934,6.15,6.44444444444444,6.96902654867257,6.92165853658537,66
"64",2006,12,6.60526315789474,19,7.1,6.05555555555556,6,6.5,6.65384615384615,10,9,3,6,13,337,252,85,12,119,218,6.91970326409495,7.18269841269841,6.14,6.33333333333333,6.9453781512605,6.9056880733945,67
"65",2007,1,6.41428571428571,14,6.7,5.9,8,6.83333333333333,6.1,9,5,1,6,8,351,261,90,13,125,226,6.89954415954416,7.16605363984674,6.12666666666667,6.46153846153846,6.94,6.87716814159292,68
"66",2007,2,6.122871,10,6.6,5.91838714285714,6,5.75,6.37145166666667,3,7,1,4,6,361,264,97,14,129,232,6.87802966759003,7.15962121212121,6.11163618556701,6.42857142857143,6.9031007751938,6.86408926724138,69
"67",2007,3,6.41666666666667,6,6.625,6,NA,5.5,6.6,4,2,0,1,5,367,268,99,14,130,237,6.87048694822888,7.15164179104478,6.10938090909091,6.42857142857143,6.89230769230769,6.85851776371308,70
"68",2007,4,5.42857142857143,7,5.83333333333333,5.125,NA,5.5,5.4,3,4,0,2,5,374,271,103,14,132,242,6.84349922459893,7.1370479704797,6.07115252427184,6.42857142857143,6.87121212121212,6.82838309917356,71
"69",2007,5,7.00952380952381,21,7.12142857142857,6.78571428571429,7,7.45,6.60909090909091,14,7,1,10,11,395,285,110,15,142,253,6.85232584810126,7.13628070175439,6.11662463636364,6.46666666666667,6.91197183098592,6.81884865612648,72
"70",2007,6,6.85714285714286,14,7.16666666666667,5,5,6.33333333333333,7.25,12,2,2,6,8,409,297,112,17,148,261,6.85249073349633,7.13750841750842,6.09668491071429,6.29411764705882,6.88851351351351,6.83206402298851,73
"71",2007,7,6.925,8,7.41666666666667,5.45,NA,5.8,7.6,6,2,0,3,5,417,303,114,17,151,266,6.85388179856115,7.14303630363036,6.08533956140351,6.29411764705882,6.86688741721854,6.84649890977444,74
"72",2007,8,6.5,13,6.68181818181818,5.5,NA,6.88888888888889,5.625,11,2,0,9,4,430,314,116,17,160,270,6.84318304651163,7.12687898089172,6.0752475,6.29411764705882,6.868125,6.82840262962963,75
"73",2007,9,6.78181818181818,11,6.91666666666667,6.62,7,7.16666666666667,6.6375,6,5,2,3,8,441,320,121,19,163,278,6.84165240362812,7.1229375,6.0977579338843,6.36842105263158,6.87361963190184,6.82290902877698,76
"74",2007,10,6.79,17,6.72090909090909,6.91666666666667,7,6.84,6.76272727272727,11,6,1,6,11,458,331,127,20,169,289,6.83973517467249,7.10957703927492,6.13644653543307,6.4,6.87242603550296,6.82061837370242,77
"75",2007,11,6.865,20,7.17692307692308,6.28571428571429,6,7.28571428571429,6.63846153846154,13,7,1,7,13,478,344,134,21,176,302,6.84079228033473,7.11212209302326,6.14424410447761,6.38095238095238,6.88886363636364,6.81277718543046,78
"76",2007,12,6.9,18,7.05,6.375,7,6.85714285714286,6.92727272727273,14,4,1,7,11,496,358,138,22,183,313,6.84294094758064,7.10969273743017,6.15093268115942,6.40909090909091,6.88765027322404,6.81680099041534,79
"77",2008,1,6.77884615384615,26,7.125,6.225,5.8125,5.5,7.01136363636364,16,10,4,4,22,522,374,148,26,187,335,6.83974848659004,7.11034759358289,6.15593722972973,6.31730769230769,6.8579679144385,6.82957823880597,80
"78",2008,2,7.02083333333333,12,6.93181818181818,8,8,7.4,6.75,11,1,1,5,7,534,385,149,27,192,342,6.84381780898876,7.10524675324675,6.16831348993288,6.37962962962963,6.87208333333333,6.82794944444445,81
"79",2008,3,6.61,10,6.94285714285714,5.83333333333333,7,6.375,6.76666666666667,7,3,1,4,6,544,392,152,28,196,348,6.8395196875,7.10234693877551,6.16170203947368,6.40178571428571,6.8619387755102,6.82689284482759,82
"80",2008,4,7.31818181818182,11,7.85714285714286,6.375,4.5,6.75,7.64285714285714,7,4,1,4,7,555,399,156,29,200,355,6.84900668468468,7.11558897243108,6.16717121794872,6.33620689655172,6.8597,6.84298228169014,83
"81",2008,5,7.18461538461538,13,7.44444444444444,6.6,6.63333333333333,7.175,7.2,9,4,3,8,5,568,408,160,32,208,360,6.85668786971831,7.1228431372549,6.1779919375,6.3640625,6.87182692307692,6.84794086111111,84
"82",2008,6,6.84210526315789,19,7.05,6.61111111111111,6.75,7.05555555555556,6.65,10,9,4,9,10,587,418,169,36,217,370,6.85621586030664,7.1211004784689,6.2010574556213,6.40694444444444,6.8794470046083,6.84259110810811,85
"83",2008,7,6.67368421052632,19,7.25454545454545,5.875,6,6.42857142857143,6.81666666666667,11,8,5,7,12,606,429,177,41,224,382,6.85049292079208,7.12452214452214,6.18632039548023,6.35731707317073,6.86535714285714,6.84177672774869,86
"84",2008,8,6.89285714285714,14,7.5,6.28571428571429,6.33333333333333,5.5,7.125,7,7,3,2,12,620,436,184,44,226,394,6.85144953225806,7.1305504587156,6.19010168478261,6.35568181818182,6.85327433628319,6.85040281725888,87
"85",2008,9,6.45,14,6.92222222222222,5.6,4.5,6.47777777777778,6.4,9,5,2,9,5,634,445,189,46,235,399,6.84258471608833,7.12633707865169,6.17449052910053,6.275,6.83889361702128,6.8447586716792,88
"86",2008,10,6.82333333333333,15,7.62857142857143,6.11875,6.55,6.66666666666667,6.8625,7,8,5,3,12,649,452,197,51,238,411,6.84213976887519,7.13411504424779,6.17222695431472,6.30196078431373,6.83672268907563,6.84527666666667,89
"87",2008,11,6.53333333333333,15,6.61111111111111,6.41666666666667,6.66666666666667,6.58333333333333,6.5,9,6,3,6,9,664,461,203,54,244,420,6.83516371987952,7.12390455531453,6.17945177339902,6.32222222222222,6.83049180327869,6.83787788095238,90
"88",2008,12,6.73333333333333,30,6.91111111111111,6.46666666666667,6.375,6.69,6.755,18,12,4,10,20,694,479,215,58,254,440,6.83076182997118,7.11590814196242,6.19548237209302,6.32586206896552,6.82496062992126,6.83411070454545,91
"89",2009,1,6.48333333333333,33,6.91176470588235,6.028125,5.94444444444444,6.22857142857143,6.67105263157895,17,16,9,14,19,727,496,231,67,268,459,6.8149913480055,7.10891129032258,6.18389051948052,6.27462686567164,6.79380597014926,6.82736102396514,92
"90",2009,2,6.66666666666667,15,6.77777777777778,6.5,NA,7,6.61538461538461,9,6,0,2,13,742,505,237,67,270,472,6.81199287061995,7.1030099009901,6.19189329113924,6.27462686567164,6.79533333333333,6.82152269067797,93
"91",2009,3,6.97826086956522,23,7.44444444444444,6.67857142857143,6.2,6.5,7.14705882352941,9,14,5,6,17,765,514,251,72,276,489,6.81699177777778,7.10898832684825,6.21903868525896,6.26944444444444,6.78891304347826,6.83283989775051,94
"92",2009,4,6.58695652173913,23,6.79166666666667,6.36363636363636,7,6,6.675,12,11,3,3,20,788,526,262,75,279,509,6.81027755076142,7.10174904942966,6.22510958015267,6.29866666666667,6.78043010752688,6.82663793713163,95
"93",2009,5,7.11666666666667,18,7.28571428571429,6.525,NA,7.2,7.08461538461538,14,4,0,5,13,806,540,266,75,284,522,6.81711998759305,7.10651851851852,6.22961921052632,6.29866666666667,6.78781690140845,6.83306266283525,96
"94",2009,6,6.98428571428571,35,7.10263157894737,6.84375,6.83333333333333,6.5,7.08448275862069,19,16,3,6,29,841,559,282,78,290,551,6.82407694411415,7.10638640429338,6.2644635106383,6.31923076923077,6.78186206896552,6.84629529945553,97
"95",2009,7,6.35714285714286,21,6.75,5.57142857142857,4.5,5.1,6.75,14,7,2,5,16,862,573,289,80,295,567,6.81270151972158,7.09767888307155,6.24767719723183,6.27375,6.75335593220339,6.84357797178131,98
"96",2009,8,6.16,25,6.40909090909091,5.96428571428571,4.75,5.875,6.29411764705882,11,14,4,8,17,887,584,303,84,303,584,6.79430519729425,7.08470890410959,6.23458320132013,6.20119047619048,6.73016501650165,6.82758340753425,99
"97",2009,9,6.80952380952381,21,7.25,6.22222222222222,5.5,6,7.0625,12,9,4,5,16,908,596,312,88,308,600,6.79465716960352,7.08803691275168,6.23422663461538,6.16931818181818,6.71831168831169,6.83384785,100
"98",2009,10,6.714,25,7.43636363636364,6.14642857142857,6.25,6.66666666666667,6.72045454545455,11,14,5,3,22,933,607,326,93,311,622,6.79249593783494,7.09434925864909,6.23045616564417,6.1736559139785,6.71781350482315,6.82983715434084,101
"99",2009,11,6.49473684210526,38,6.91176470588235,6.15714285714286,5.33333333333333,6.04166666666667,6.70384615384615,17,21,3,12,26,971,624,347,96,323,648,6.78084316168898,7.089375,6.22601933717579,6.14739583333333,6.69269349845201,6.82478195987654,102
"100",2009,12,6.45652173913043,23,7.04166666666667,5.81818181818182,7,7.22222222222222,5.96428571428571,12,11,3,9,14,994,636,358,99,332,662,6.77333874245473,7.0884748427673,6.21348801675978,6.17323232323232,6.70704819277108,6.80658415407855,103
"101",2010,1,6.71153846153846,39,7.36111111111111,6.15476190476191,6.08333333333333,7.49285714285714,6.540625,18,21,6,7,32,1033,654,379,105,339,694,6.77100552758955,7.09597859327217,6.21023406332454,6.16809523809524,6.72327433628319,6.79432090778098,104
"102",2010,2,6.71190476190476,21,6.99615384615385,6.25,5.66666666666667,6.55,6.7625,13,8,3,5,16,1054,667,387,108,344,710,6.76982799810247,7.09403298350825,6.21105609819121,6.15416666666667,6.72075581395349,6.79360381690141,105
"103",2010,3,6.94090909090909,22,7.28,6.21428571428571,7.5,6.83333333333333,6.95789473684211,15,7,1,3,19,1076,682,394,109,347,729,6.77332593866171,7.09812316715543,6.21111347715736,6.16651376146789,6.72172910662824,6.79788574759945,106
"104",2010,4,7.475,20,7.58333333333333,7.3125,7.5,7.125,7.5625,12,8,1,4,16,1096,694,402,110,351,745,6.78613020985402,7.10651296829971,6.23303161691542,6.17863636363636,6.72632478632479,6.81430699328859,107
"105",2010,5,6.97,10,8.5,6.5875,6.61666666666667,8.35,6.625,2,8,6,2,8,1106,696,410,116,353,753,6.78779268535262,7.11051724137931,6.23994807317073,6.20129310344828,6.73552407932011,6.81229576361222,108
"106",2010,6,6.60588235294118,17,6.74444444444444,6.45,NA,5.525,6.93846153846154,9,8,0,4,13,1123,705,418,116,357,766,6.78503892252894,7.10584397163121,6.24396820574163,6.20129310344828,6.72196078431373,6.81443695822454,109
"107",2010,7,6.35,10,6.5,6,7,6.5,6.28571428571429,7,3,1,3,7,1133,712,421,117,360,773,6.78119921447485,7.09988764044944,6.24222971496437,6.20811965811966,6.72011111111111,6.80964904269081,110
"108",2010,8,6.28571428571429,21,6.88888888888889,5.83333333333333,5.5,5.875,6.38235294117647,9,12,2,4,17,1154,721,433,119,364,790,6.77218259098787,7.09725381414702,6.23089771362587,6.19621848739496,6.71082417582418,6.80045406329114,111
"109",2010,9,7.13157894736842,19,7.45,6.77777777777778,7,7.5,7.0625,10,9,1,3,16,1173,731,442,120,367,806,6.77800401534527,7.10207934336525,6.24203328054299,6.20291666666667,6.71727520435967,6.80565596774194,112
"110",2010,10,6.88095238095238,21,7.04166666666667,6.66666666666667,6.875,6.5,6.94444444444444,12,9,4,3,18,1194,743,451,124,370,824,6.77981466499163,7.10110363391655,6.25050711751663,6.22459677419355,6.71551351351351,6.80868775485437,113
"111",2010,11,6.83333333333333,21,7.22727272727273,6.4,7.5,7.5,6.76315789473684,11,10,1,2,19,1215,754,461,125,372,843,6.78073967901235,7.10294429708223,6.2537499132321,6.2348,6.7197311827957,6.80766157769869,114
"112",2010,12,6.90434782608696,23,7.13333333333333,6.475,6.7,7.5,6.64375,15,8,4,7,16,1238,769,469,129,379,859,6.78303611470113,7.10353706111834,6.25752390191898,6.24922480620155,6.73414248021108,6.80460850989523,115
"113",2011,1,7.03225806451613,31,7.46666666666667,6.43076923076923,6,6.84285714285714,7.0875,18,13,1,7,24,1269,787,482,130,386,883,6.78912427895981,7.11184243964422,6.26219649377593,6.24730769230769,6.73611398963731,6.8122975198188,116
"114",2011,2,7.39285714285714,14,7.5,7,NA,6.5,7.54166666666667,11,3,0,2,12,1283,798,485,130,388,895,6.79571216679657,7.11719298245614,6.26676022680412,6.24730769230769,6.73489690721649,6.82207677094972,117
"115",2011,3,6.44516129032258,31,6.52777777777778,6.33076923076923,5.83333333333333,5.875,6.52962962962963,18,13,3,4,27,1314,816,498,133,392,922,6.78744194063927,7.10419117647059,6.26843114457831,6.23796992481203,6.72612244897959,6.81351270065076,118
"116",2011,4,6.57772222222222,18,7.21818181818182,5.57128571428571,6,6.48,6.61530769230769,11,7,1,5,13,1332,827,505,134,397,935,6.78460789039039,7.10570737605804,6.25876774257426,6.23619402985075,6.72302267002519,6.81075690909091,119
"117",2011,5,6.75,24,6.94117647058824,6.28571428571429,7,6,6.85714285714286,17,7,1,3,21,1356,844,512,135,400,956,6.78399536135693,7.10239336492891,6.25913615234375,6.24185185185185,6.7176,6.81177584728033,120
"118",2011,6,6.72105263157895,19,7.22222222222222,6.27,6.1,6.46,6.81428571428571,9,10,3,5,14,1375,853,522,138,405,970,6.78312560727273,7.10365767878077,6.25934427203065,6.23876811594203,6.71441975308642,6.81181207216495,121
"119",2011,7,6.70625,16,7.03333333333333,6.28571428571429,3,6.47142857142857,6.88888888888889,9,7,1,7,9,1391,862,529,139,412,979,6.78224134435658,7.10292343387471,6.25969321361059,6.21546762589928,6.71029126213592,6.81252064351379,122
"120",2011,8,7.22631578947368,19,7.70909090909091,6.5625,5.5,7.16666666666667,7.25384615384615,11,8,2,6,13,1410,873,537,141,418,992,6.78822532624113,7.11056128293242,6.26420430167598,6.20531914893617,6.71684210526316,6.81830414314516,123
"121",2011,9,6.83291666666667,24,7.15384615384615,6.45363636363636,NA,6.2,6.99947368421053,13,11,0,5,19,1434,886,548,141,423,1011,6.78897329846583,7.11119638826185,6.26800677007299,6.20531914893617,6.7107328605201,6.82170891196835,124
"122",2011,10,6.86896551724138,29,7.41333333333333,6.28571428571429,5,6.5,6.8962962962963,15,14,1,2,27,1463,901,562,142,425,1038,6.79055892686261,7.11622641509434,6.26844788256228,6.19683098591549,6.70974117647059,6.82364904624277,125
"123",2011,11,6.56842105263158,19,6.72222222222222,6.43,7.5,6.125,6.68666666666667,9,10,2,4,15,1482,910,572,144,429,1053,6.78771100539811,7.11232967032967,6.27127222027972,6.21493055555556,6.70428904428905,6.8216977302944,126
"124",2011,12,6.54545454545455,22,6.66666666666667,6.28571428571429,7.5,7.3,6.32352941176471,15,7,2,5,17,1504,925,579,146,434,1070,6.78416736037234,7.1051027027027,6.27144682210708,6.23253424657534,6.71115207373272,6.81378290654206,127
"125",2012,1,6.56551724137931,29,6.76,6.35714285714286,6.83333333333333,7.16666666666667,6.49615384615385,15,14,3,3,26,1533,940,593,149,437,1096,6.78003112198304,7.09959574468085,6.27347,6.24463087248322,6.71427917620137,6.80624791058394,128
"126",2012,2,6.78846153846154,26,7.16666666666667,6.27272727272727,6,6.6875,6.83333333333333,15,11,1,8,18,1559,955,604,150,445,1114,6.78017171905067,7.10064921465968,6.27345647350993,6.243,6.71379775280899,6.80668555655296,129
"127",2012,3,7.26666666666667,15,7.2,7.4,NA,6.8,7.5,10,5,0,5,10,1574,965,609,150,450,1124,6.78480794790343,7.10167875647668,6.28270559934318,6.243,6.71475555555556,6.81285383451957,130
"128",2012,4,6.94642857142857,28,7.26315789473684,6.27777777777778,NA,5.5,7.1875,19,9,0,4,24,1602,984,618,150,454,1148,6.78763277777778,7.10479674796748,6.28263383495146,6.243,6.70405286343612,6.82068615853658,131
"129",2012,5,6.83333333333333,18,7.16666666666667,6.66666666666667,5.5,7,6.8125,6,12,1,2,16,1620,990,630,151,456,1164,6.78814056172839,7.10517171717172,6.28994874603175,6.23807947019868,6.70535087719298,6.82057363402062,132
"130",2012,6,6.6304347826087,23,6.96875,5.85714285714286,5.83333333333333,5.625,6.84210526315789,16,7,3,4,19,1643,1006,637,154,460,1183,6.78593287279367,7.10300198807157,6.28519263736264,6.23019480519481,6.69595652173913,6.82091945054945,133
"131",2012,7,7.11305555555556,36,7.25,6.83916666666667,8,6.625,7.1740625,24,12,1,4,32,1679,1030,649,155,464,1215,6.79294681953544,7.10642718446602,6.29543560862866,6.24161290322581,6.69534482758621,6.83022033744856,134
"132",2012,8,6.82222222222222,18,7.1,6.6,NA,5.25,7.01875,8,10,0,2,16,1697,1038,659,155,466,1231,6.79325734236888,7.10637764932563,6.30005722306525,6.24161290322581,6.68914163090129,6.83267076360682,135
"133",2012,9,6.31578947368421,19,7,5.7,6,6.8,6.14285714285714,9,10,4,5,14,1716,1047,669,159,471,1245,6.78797069347319,7.10546322827125,6.29108775784753,6.23553459119497,6.69031847133758,6.82491382329317,136
"134",2012,10,6.97826086956522,23,7.07142857142857,6.83333333333333,6,6.58333333333333,7.11764705882353,14,9,1,6,17,1739,1061,678,160,477,1262,6.79048746981023,7.10501413760603,6.2982857079646,6.2340625,6.68897274633124,6.82885713946117,137
"135",2012,11,7.03958333333333,24,7.56785714285714,6.3,7,NA,7.03958333333333,14,10,1,0,24,1763,1075,688,161,477,1286,6.79387845150312,7.11104186046512,6.298310625,6.2388198757764,6.68897274633124,6.83278982115085,138
"136",2012,12,6.91034482758621,29,7.35555555555556,6.18181818181818,6.33333333333333,6.6,6.975,18,11,3,5,24,1792,1093,699,164,482,1310,6.79576323102678,7.11506861848124,6.29647741058655,6.24054878048781,6.68804979253112,6.83539519847328,139
"137",2013,1,6.240625,32,6.58947368421053,5.73076923076923,7,5.52222222222222,6.52173913043478,19,13,3,9,23,1824,1112,712,167,491,1333,6.78602396381579,7.1060881294964,6.28614846910112,6.25419161676647,6.66668024439919,6.82998327831958,140
"138",2013,2,6.49666666666667,30,7.27272727272727,6.04736842105263,5.3,6.85714285714286,6.38695652173913,11,19,5,7,23,1854,1123,731,172,498,1356,6.78134180690399,7.10772039180766,6.27994214774282,6.22645348837209,6.66935742971888,6.82246881268436,141
"139",2013,3,7.028,25,7.66666666666667,6.43846153846154,6,7.64,6.875,12,13,1,5,20,1879,1135,744,173,503,1376,6.78462358169239,7.11362995594714,6.28271197580645,6.22514450867052,6.67900596421471,6.82323234738372,142
"140",2013,4,6.86,20,6.89285714285714,6.78333333333333,7.5,6.5,6.9,14,6,2,2,18,1899,1149,750,175,505,1394,6.78541743549236,7.11093994778068,6.28671694666667,6.23971428571429,6.67829702970297,6.82422360832138,143
"141",2013,5,7.2165625,32,7.32789473684211,7.05384615384615,7.16666666666667,7.29714285714286,7.194,19,13,3,7,25,1931,1168,763,178,512,1419,6.7925622527188,7.11446917808219,6.29978730013106,6.25533707865169,6.6867578125,6.83073834390416,144
"142",2013,6,7.135,20,7.44285714285714,6.41666666666667,6.25,7,7.14210526315789,14,6,2,1,19,1951,1182,769,180,513,1438,6.79607263454639,7.11835871404399,6.30069923276983,6.25527777777778,6.68736842105263,6.8348523713491,145
"143",2013,7,6.32941176470588,17,6.58888888888889,6.0375,6.16666666666667,6.93333333333333,6.2,9,8,3,3,14,1968,1191,777,183,516,1452,6.79204151930894,7.11435768261965,6.29798933075933,6.25382513661202,6.6887984496124,6.82873120523416,146
"144",2013,8,6.846875,16,7.11363636363636,6.26,5.75,7.375,6.77142857142857,11,5,1,2,14,1984,1202,782,184,518,1466,6.79248372479839,7.11435108153078,6.29774643222506,6.25108695652174,6.69144787644788,6.82818397680764,147
"145",2013,9,6.67931034482759,29,6.92307692307692,6.48125,7,6.4,6.7375,13,16,3,5,24,2013,1215,798,187,523,1490,6.79085330849478,7.11230452674897,6.30142570175438,6.26310160427808,6.68866156787763,6.82672329530201,148
"146",2013,10,6.88,30,7.59375,6.06428571428571,5.75,6.78571428571429,6.90869565217391,16,14,2,7,23,2043,1231,812,189,530,1513,6.79216236417034,7.11856214459789,6.29733708128079,6.25767195767196,6.68994339622642,6.82796940515532,149
"147",2013,11,6.60384615384615,26,6.71428571428571,6.14,7,6.3,6.67619047619048,21,5,2,5,21,2069,1252,817,191,535,1534,6.78979589656839,7.11178115015974,6.29637418604651,6.26544502617801,6.68629906542056,6.82589159713168,150
"148",2013,12,6.81833333333333,30,7.225,6.20833333333333,5.75,6.61428571428571,6.8804347826087,18,12,4,7,23,2099,1270,829,195,542,1557,6.79020376846117,7.11338582677165,6.2950997708082,6.25487179487179,6.68536900369004,6.82669730892742,151
"149",2014,1,7.19428571428571,35,7.44347826086956,6.71666666666667,6,8.31428571428571,6.91428571428571,23,12,1,7,28,2134,1293,841,196,549,1585,6.79683116682287,7.11925754060325,6.30111499405469,6.25357142857143,6.70613843351548,6.82824461198738,152
"150",2014,2,6.46428571428571,28,7.05555555555556,5.4,6.25,5.8,6.60869565217391,18,10,4,5,23,2162,1311,851,200,554,1608,6.79252438020351,7.11838291380625,6.2905260987074,6.2535,6.69796028880866,6.82510429726368,153
"151",2014,3,6.21428571428571,14,6.33333333333333,6.125,6,6,6.25,6,8,2,2,12,2176,1317,859,202,556,1620,6.78880409466912,7.11480637813212,6.28898452852154,6.2509900990099,6.69544964028777,6.8208442654321,154
"152",2014,4,6.64285714285714,28,7.18,6.02307692307692,6.33333333333333,7.36,6.48695652173913,15,13,3,5,23,2204,1332,872,205,561,1643,6.78694995916515,7.11554054054054,6.28502030963303,6.25219512195122,6.70137254901961,6.81617024345709,155
"153",2014,5,6.50217391304348,23,6.85714285714286,5.95,3,6.67857142857143,6.425,14,9,1,7,16,2227,1346,881,206,568,1659,6.78400885047149,7.112852897474,6.28159785471056,6.23640776699029,6.70109154929578,6.81239765521398,156
"154",2014,6,7.08666666666667,15,7.6,6.5,6,6.7,7.28,8,7,2,5,10,2242,1354,888,208,573,1669,6.78603376895629,7.11573116691285,6.28331949324324,6.23413461538462,6.70108202443281,6.81519934691432,157
"155",2014,7,5.90131578947368,19,6.38333333333333,5.67884615384615,4.95625,6.33333333333333,5.8203125,6,13,4,3,16,2261,1360,901,212,576,1685,6.77859916408669,7.1125,6.27459790233074,6.21002358490566,6.69916666666667,6.80575235014837,158
"156",2014,8,6.81666666666667,30,7.07391304347826,5.97142857142857,5.5,7.75,6.75,23,7,2,2,28,2291,1383,908,214,578,1713,6.77909764731558,7.1118582791034,6.2722606938326,6.20338785046729,6.70280276816609,6.80484104495038,159
"157",2014,9,6.40769230769231,26,7.375,5.97777777777778,5.83333333333333,6.5,6.4,8,18,6,2,24,2317,1391,926,220,580,1737,6.77492995684074,7.11337167505392,6.26653640388769,6.19329545454545,6.70210344827586,6.79924738629822,160
"158",2014,10,6.75,28,7.02777777777778,6.25,6,6,6.80769230769231,18,10,3,2,26,2345,1409,936,223,582,1763,6.77463228571428,7.11227821149752,6.26635973290598,6.19069506726457,6.69969072164949,6.79937192853091,161
"159",2014,11,6.64642857142857,28,6.75,6.50833333333333,5.5,6.14285714285714,6.81428571428571,16,12,2,7,21,2373,1425,948,225,589,1784,6.77311955752212,7.10821052631579,6.26942268987342,6.18455555555556,6.69307300509338,6.79954748318386,162
"160",2014,12,6.98275862068965,29,7.4,6.05555555555556,6.16666666666667,6.9,7,20,9,3,5,24,2402,1445,957,228,594,1808,6.77565058701082,7.1122491349481,6.26741140020899,6.1843201754386,6.69481481481482,6.80220835730089,163
"161",2015,1,6.84705882352941,34,7.45238095238095,5.86923076923077,6.65,6.6,6.88965517241379,21,13,2,5,29,2436,1466,970,230,599,1837,6.77664725369458,7.11712141882674,6.26207495876289,6.18836956521739,6.69402337228715,6.80358884594447,164
"162",2015,2,7.21081081081081,37,7.62173913043478,6.53571428571429,5.5,7,7.21666666666667,23,14,4,1,36,2473,1489,984,234,600,1873,6.78314302871007,7.12491605104097,6.26596820121951,6.17660256410256,6.69453333333334,6.81152840896957,165
"163",2015,3,6.46666666666667,30,7.37272727272727,5.94210526315789,7,6.66666666666667,6.44444444444444,11,19,5,3,27,2503,1500,1003,239,603,1900,6.779349864163,7.12673333333333,6.25983321036889,6.19382845188285,6.69439469320067,6.80631195263158,166
"164",2015,4,6.75916666666667,24,7.47272727272727,6.15538461538462,5,NA,6.75916666666667,11,13,2,0,24,2527,1511,1016,241,603,1924,6.77915817570241,7.12925215089345,6.25849676181102,6.18392116182573,6.69439469320067,6.80572386174636,167
"165",2015,5,6.92083333333333,24,7.06923076923077,6.74545454545455,7.5,7.58,6.74736842105263,13,11,2,5,19,2551,1524,1027,243,608,1943,6.78049106624853,7.12874015748031,6.26371247322298,6.19475308641975,6.70167763157895,6.80515322182192,168
"166",2015,6,6.62857142857143,21,7.23076923076923,5.65,7,6.23333333333333,6.69444444444444,13,8,3,3,18,2572,1537,1035,246,611,1961,6.77925066485225,7.12960312296682,6.25896880193237,6.20457317073171,6.69937806873977,6.80413702702703,169
"167",2015,7,7.18793103448276,29,7.70882352941176,6.45,6,6.62,7.30625,17,12,3,5,24,2601,1554,1047,249,616,1985,6.78380727028066,7.13593951093951,6.26115827125119,6.20210843373494,6.69873376623377,6.81020791435768,170
"168",2015,8,6.5,25,7.21875,5.22222222222222,6,8.14285714285714,5.86111111111111,16,9,2,7,18,2626,1570,1056,251,623,2003,6.78110537319116,7.13678343949044,6.25230370265151,6.20049800796813,6.71495987158909,6.80167883674488,171
"169",2015,9,6.88030303030303,33,7.33125,6.45588235294118,6.5,6.91666666666667,6.87222222222222,16,17,4,6,27,2659,1586,1073,255,629,2030,6.78233648364047,7.13874527112232,6.25552908667288,6.20519607843137,6.7168839427663,6.80261709852217,172
"170",2015,10,6.91034482758621,29,7.05555555555556,6.67272727272727,6.725,6,7.01538461538462,18,11,4,3,26,2688,1604,1084,259,632,2056,6.78371752604167,7.13781172069825,6.25976264760147,6.21322393822394,6.71348101265823,6.80530773832685,173
"171",2015,11,6.68461538461538,39,6.76538461538462,6.52307692307692,7,6.875,6.66285714285714,26,13,2,4,35,2727,1630,1097,261,636,2091,6.78230022368904,7.13187116564417,6.26288305378304,6.21925287356322,6.71449685534591,6.80292334289813,174
"172",2015,12,6.49230769230769,26,6.63529411764706,6.22222222222222,6,7.08333333333333,6.315,17,9,3,6,20,2753,1647,1106,264,642,2111,6.77956146385761,7.12674559805707,6.26255217902351,6.21676136363636,6.71794392523365,6.79830066792989,175
"173",2016,1,6.75131578947368,38,7.24038461538461,5.69166666666667,5.86,5.6,6.92575757575758,26,12,5,5,33,2791,1673,1118,269,647,2144,6.77917689358653,7.12851165570831,6.25642460644007,6.21013011152416,6.70930448222566,6.80026245802239,176
"174",2016,2,7.00483870967742,31,7.32368421052632,6.5,7,6.41666666666667,7.146,19,12,2,6,25,2822,1692,1130,271,653,2169,6.7816558150248,7.13070330969267,6.25901124778761,6.2159594095941,6.7066156202144,6.80424744582757,177
"175",2016,3,6.75416666666667,36,7.17222222222222,6.33611111111111,5.3,7.1,6.73382352941176,18,18,4,2,34,2858,1710,1148,275,655,2203,6.78130955563331,7.13114035087719,6.26022013066202,6.20263636363636,6.70781679389313,6.80316055832955,178
"176",2016,4,6.90909090909091,22,7.07692307692308,6.66666666666667,6.33333333333333,7.33333333333333,6.84210526315789,13,9,3,3,19,2880,1723,1157,278,658,2222,6.78228566319444,7.13073128264654,6.26338177182368,6.20404676258993,6.71066869300912,6.80349356885688,179
"177",2016,5,7.05625,40,7.47321428571429,6.08333333333333,6.25,6.33333333333333,7.18382352941176,28,12,4,6,34,2920,1751,1169,282,664,2256,6.78603859931507,7.13620788121073,6.26153354148845,6.20469858156028,6.70725903614458,6.80922549202128,180
"178",2016,6,6.74418604651163,43,6.94,6.47222222222222,5.5,7,6.71052631578947,25,18,2,5,38,2963,1776,1187,284,669,2294,6.78543122173473,7.13344594594594,6.26472848357203,6.19973591549296,6.70944693572496,6.80759054489974,181
"179",2016,7,7.05806451612903,31,7.44545454545455,6.11111111111111,7.5,6.86,7.09615384615385,22,9,2,5,26,2994,1798,1196,286,674,2320,6.78825407815631,7.13726362625139,6.2635725,6.20882867132867,6.71056379821959,6.81082444396552,182
"180",2016,8,7.06794871794872,39,7.38076923076923,6.44230769230769,6.75,7.075,7.06551724137931,26,13,5,10,29,3033,1824,1209,291,684,2349,6.79185054731289,7.1407346491228,6.26549438378825,6.21812714776632,6.7158918128655,6.81396879948914,183
"181",2016,9,6.89605263157895,38,7.41521739130435,6.1,5.2,6.6875,6.92058823529412,23,15,5,4,34,3071,1847,1224,296,688,2383,6.79313992510583,7.14415268002165,6.26346626633987,6.20092905405405,6.71572674418605,6.81549001678556,184
"182",2016,10,6.8962962962963,27,7.20714285714286,6.56153846153846,5.96,6,6.93076923076923,14,13,5,1,26,3098,1861,1237,301,689,2409,6.79403896384764,7.14462654486835,6.26659879547292,6.196926910299,6.71468795355588,6.81673420921544,185
"183",2016,11,7.3,51,7.38787878787879,7.13888888888889,6.5,7.14285714285714,7.325,33,18,2,7,44,3149,1894,1255,303,696,2453,6.8022333153382,7.14886483632523,6.27910972908366,6.19892739273928,6.71899425287357,6.82585108438646,186
"184",2016,12,6.912,50,7.16052631578947,6.125,NA,6.66666666666667,6.94545454545455,38,12,0,6,44,3199,1932,1267,303,702,2497,6.80394895592373,7.14909420289855,6.27765012628256,6.19892739273928,6.71854700854701,6.82795863436123,187
"185",2017,1,6.98615972222222,72,7.28612790697674,6.54137931034483,5.675,6.56279166666667,7.07083333333333,43,29,4,12,60,3271,1975,1296,307,714,2557,6.80795970956894,7.15207772151898,6.28355147376543,6.1921009771987,6.71592927170869,6.83365768869769,188
"186",2017,2,6.9969387755102,49,7.33333333333333,6.303125,5.83333333333333,6.9375,7.00222222222222,33,16,3,4,45,3320,2008,1312,310,718,2602,6.81074885843373,7.15505652390438,6.28379017530488,6.18862903225807,6.71716364902507,6.83657290930053,189
"187",2017,3,7.30154294117647,51,7.55496361111111,6.69333333333333,6,7.25,7.3141143902439,36,15,5,10,41,3371,2044,1327,315,728,2643,6.81817410264017,7.16209989726027,6.28841952524491,6.18563492063492,6.72448282967033,6.84398085508891,190
"188",2017,4,6.72444444444444,45,7.17692307692308,6.10526315789474,4.975,7.3125,6.5972972972973,26,19,4,8,37,3416,2070,1346,319,736,2680,6.8169393735363,7.1622860821256,6.28583410846954,6.17045454545455,6.73087432065218,6.84057514925373,191
"189",2017,5,6.71710526315789,38,7.53260869565217,5.46666666666667,4,6.4,6.76515151515152,23,15,1,5,33,3454,2093,1361,320,741,2713,6.81584102489867,7.16635556139512,6.27680581190301,6.163671875,6.72864170040486,6.83965772207888,192
"190",2017,6,6.86363636363636,44,7.31818181818182,5.5,5,7.14285714285714,6.81081081081081,33,11,1,7,37,3498,2126,1372,321,748,2750,6.81644222412807,7.16871222483537,6.27057777696793,6.16004672897196,6.73251804812834,6.8392696,193
"191",2017,7,6.60857142857143,35,6.98947368421053,6.15625,6.375,6.4375,6.65925925925926,19,16,4,8,27,3533,2145,1388,325,756,2777,6.81438293235211,7.16712456410256,6.26925987752161,6.16269230769231,6.72939616402117,6.83751940943464,194
"192",2017,8,6.98837209302326,43,7.265625,6.18181818181818,NA,7,6.98684210526316,32,11,0,5,38,3576,2177,1399,325,761,2815,6.81647508389262,7.16857243454295,6.26857234453181,6.16269230769231,6.7311741130092,6.83953513321492,195
"193",2017,9,7.04220930232558,43,7.18796875,6.61818181818182,6.5,7.0075,7.04390243902439,32,11,2,2,41,3619,2209,1410,327,763,2856,6.81915719812103,7.16885341330919,6.27129979432624,6.16475535168196,6.73189842726082,6.84246897759103,196
"194",2017,10,7.18037735849057,53,7.35030303030303,6.9,8,7.94444444444444,7.02409090909091,33,20,2,9,44,3672,2242,1430,329,772,2900,6.82437088779956,7.17152417038358,6.2800928041958,6.17591185410334,6.74603432642487,6.84522462068965,197
"195",2017,11,6.75862068965517,58,7.45882352941176,5.76666666666667,5.46666666666667,6.15454545454545,6.9,34,24,6,11,47,3730,2276,1454,335,783,2947,6.82334849865952,7.17581598857645,6.27161809491059,6.16320895522388,6.73772477650064,6.84609820156091,198
"196",2017,12,7.0152,50,7.24193548387097,6.64526315789474,5.75,6.5,7.07244444444444,31,19,4,5,45,3780,2307,1473,339,788,2992,6.82588621693121,7.1767044603381,6.2764376849966,6.15833333333333,6.73621637055838,6.84950247326203,199
"197",2018,1,6.89891891891892,74,7.13673469387755,6.4328,5.5,6.54545454545455,6.96063492063492,49,25,7,11,63,3854,2356,1498,346,799,3055,6.82728850544888,7.17587317062818,6.27904720293725,6.14501445086705,6.7335901126408,6.85179423895253,200
"198",2018,2,7.17021276595745,47,7.305,6.4,5,7.66666666666667,7.09756097560976,40,7,2,6,41,3901,2396,1505,348,805,3096,6.83142012304537,7.17802887729549,6.27960977408638,6.13843390804598,6.7405447204969,6.85504890180878,201
"199",2018,3,6.8953488372093,43,7.03225806451613,6.54166666666667,6,6.5,6.94736842105263,31,12,2,5,38,3944,2427,1517,350,810,3134,6.83211711460446,7.17616695096827,6.28168273566249,6.13764285714286,6.73905987654321,6.85616828334397,202
"200",2018,4,7.03676470588235,34,7.4125,6.5,7.5,8.75,6.9296875,20,14,1,2,32,3978,2447,1531,351,812,3166,6.83386623931624,7.17809856559052,6.28367910516002,6.14152421652422,6.74401293103448,6.85691137081491,203
"201",2018,5,7.15131578947368,38,7.64583333333333,6.30357142857143,5.5,6,7.28676470588235,24,14,2,4,34,4016,2471,1545,353,816,3200,6.83686999501992,7.18264151760421,6.2838593592233,6.1378895184136,6.74036580882353,6.8614785625,204
"202",2018,6,6.90909090909091,33,7.26315789473684,6.42857142857143,8,7.8,6.75,19,14,1,5,28,4049,2490,1559,354,821,3228,6.83745860706347,7.18325589959839,6.2851588903143,6.14314971751413,6.74681912302071,6.86051158612143,205
"203",2018,7,7.15017552631579,38,7.22987666666667,6.95454545454545,6.375,7,7.1783334375,27,11,4,6,32,4087,2517,1570,358,827,3260,6.84036617812576,7.18375600317838,6.28984885987261,6.14574022346369,6.74865598548972,6.86363130981595,206
"204",2018,8,6.65945945945946,37,7.16818181818182,5.91333333333333,7,6.6,6.66875,22,15,1,5,32,4124,2539,1585,359,832,3292,6.83874310620756,7.18362105553367,6.2862856214511,6.14811977715878,6.74776262019231,6.86173695929526,207
"205",2018,9,7.1025641025641,39,7.32608695652174,6.78125,6.625,7,7.11428571428571,23,16,4,4,35,4163,2562,1601,363,836,3327,6.8412146456882,7.1849000234192,6.29123217364147,6.15337465564738,6.74896949760766,6.8643937691614,208
"206",2018,10,6.96190476190476,42,7.69166666666667,5.98888888888889,5,6.85714285714286,6.98285714285714,24,18,1,7,35,4205,2586,1619,364,843,3362,6.8424201117717,7.18960319412219,6.28787072884496,6.15020604395605,6.74986773428233,6.86562702855443,209
"207",2018,11,7.21162790697674,43,7.46428571428571,6.74,6,6.75,7.25897435897436,28,15,2,4,39,4248,2614,1634,366,847,3401,6.8461573846516,7.19254547054323,6.29202124235006,6.14938524590164,6.74986835891382,6.87013762716848,210
"208",2018,12,7.05348837209302,43,7.44166666666667,6.56315789473684,7.5,7.83333333333333,6.995,24,19,2,3,40,4291,2638,1653,368,850,3441,6.84823504311349,7.19481192570129,6.29513775559589,6.15672554347826,6.75369235294118,6.87158909328683,211
"209",2019,1,6.90092592592593,54,7.60147058823529,5.71,5.33333333333333,7.63333333333333,6.8578431372549,34,20,3,3,51,4345,2672,1673,371,853,3492,6.84888988952819,7.19998647455089,6.28814268380155,6.15006738544475,6.75678604923799,6.87138833619702,212
"210",2019,2,6.91621621621622,37,6.9,6.95454545454545,6.66666666666667,6.8,6.94827586206897,26,11,3,8,29,4382,2698,1684,374,861,3521,6.84945836832497,7.19709557449963,6.29249567102138,6.15421122994653,6.75718757259001,6.87202160465776,213
"211",2019,3,6.99,41,7.91052631578947,6.195,5.5,6.66666666666667,7.01552631578947,19,22,2,3,38,4423,2717,1706,376,864,3559,6.85076115080262,7.20208460066249,6.29123839976553,6.15073138297872,6.75687326388889,6.87355382691767,214
"212",2019,4,6.65694444444444,36,7.06764705882353,6.28947368421053,4.5,7.14,6.57903225806452,17,19,4,5,31,4459,2734,1725,380,869,3590,6.84919636017044,7.20124866861741,6.29121896231884,6.1333552631579,6.75907767548907,6.87101060445682,215
"213",2019,5,6.89767441860465,43,7.35217391304348,6.375,7.875,6.95,6.88918918918919,23,20,4,6,37,4502,2757,1745,384,875,3627,6.84965938916037,7.20250774755168,6.2921792034384,6.15149739583333,6.76038685714286,6.87119604907637,216
"214",2019,6,6.93096288888889,45,7.48695652173913,6.34969681818182,6.5,6.84857142857143,6.94614026315789,23,22,2,7,38,4547,2780,1767,386,882,3665,6.85046402023312,7.20486110071942,6.2928953254103,6.15330310880829,6.76108673469388,6.87197309686221,217
"215",2019,7,6.93961538461538,52,7.23558823529412,6.38055555555556,5.66666666666667,6.67928571428571,7.03552631578947,34,18,3,14,38,4599,2814,1785,389,896,3703,6.85147203739943,7.20523235963042,6.29377929411765,6.14955012853471,6.75980859375,6.87365147177964,218
"216",2019,8,7.02884615384615,52,7.55909090909091,6.64,6.5,6.88571428571429,7.05111111111111,22,30,2,7,45,4651,2836,1815,391,903,3748,6.85345514943023,7.20797738363892,6.29950195041322,6.15134271099744,6.760784606866,6.87578212379936,219
"217",2019,9,7.2753112,50,7.71984142857143,6.70954545454545,5,8.75,7.11145688888889,28,22,1,5,45,4701,2864,1837,392,908,3793,6.85794202510104,7.21298164106145,6.30441265106152,6.1484056122449,6.77173843612335,6.87857815976799,220
"218",2019,10,7.23372093023256,43,7.75192307692308,6.44117647058824,6.5,7.68333333333333,7.16081081081081,26,17,1,6,37,4744,2890,1854,393,914,3830,6.86134811551433,7.21783024913494,6.30566668824164,6.14930025445293,6.77772264770241,6.88130468929504,221
"219",2019,11,7.21809523809524,42,7.43185185185185,6.83333333333333,6,7.13714285714286,7.23428571428571,27,15,2,7,35,4786,2917,1869,395,921,3865,6.8644787839532,7.21981125128556,6.30990157303371,6.14854430379747,6.78045439739414,6.88450115394566,222
"220",2019,12,6.67258064516129,62,7.2258064516129,6.11935483870968,4.5,6.71428571428571,6.66727272727273,31,31,2,7,55,4848,2948,1900,397,928,3920,6.86202464108911,7.2198742944369,6.30679265263158,6.14023929471033,6.77995528017241,6.88145330612245,223
"221",2020,1,6.9304347826087,69,7.23809523809524,6.45185185185185,6.75,6.07142857142857,7.02741935483871,42,27,2,7,62,4917,2990,1927,399,935,3982,6.86298463697376,7.22013024080267,6.30882513751946,6.14329573934837,6.77465080213904,6.88372600703164,224
"222",2020,2,6.971,67,7.29902272727273,6.34347826086957,4.7,7,6.96814754098361,44,23,1,6,61,4984,3034,1950,400,941,4043,6.8644366894061,7.22127436387607,6.30923386666667,6.1396875,6.77608767268863,6.88499974276527,225
"223",2020,3,6.72549019607843,51,6.83076923076923,6.616,6.58333333333333,6.16666666666667,6.8,26,25,6,6,45,5035,3060,1975,406,947,4088,6.86302928699106,7.21795634640522,6.31311698227848,6.14624384236453,6.77222650475185,6.88406408023483,226
"224",2020,4,6.72063492063492,63,7.2175,5.85652173913043,5.75,6.83333333333333,6.70877192982456,40,23,2,6,57,5098,3100,1998,408,953,4145,6.86126960768929,7.21795045806451,6.30786088088088,6.14430147058824,6.77261122770199,6.88165354885404,227
"225",2020,5,6.884,60,6.91034482758621,6.85935483870968,6.64,8,6.84551724137931,29,31,1,2,58,5158,3129,2029,409,955,4203,6.86153401706088,7.21509952700543,6.31628686052243,6.14551344743276,6.77518167539267,6.88115487984773,228
"226",2020,6,6.87037037037037,54,7,6.5625,5.66666666666667,6.88888888888889,6.86666666666667,38,16,3,9,45,5212,3167,2045,412,964,4248,6.86162556792018,7.21251860435743,6.31821322249389,6.14202669902913,6.77624325726141,6.88100140301318,229
"227",2020,7,7.01818181818182,33,7.33181818181818,6.39090909090909,7.8,6.5,7.034375,22,11,1,1,32,5245,3189,2056,413,965,4280,6.86261057387989,7.21334161806208,6.31860215953308,6.1460411622276,6.77595699481865,6.88214812149533,230
"228",2020,8,6.8953488372093,43,6.98148148148148,6.75,7.75,7,6.89024390243902,27,16,4,2,41,5288,3216,2072,417,967,4321,6.86287678895613,7.21139503109452,6.32193341698842,6.16142685851319,6.77642037228542,6.8822249386716,231
"229",2020,9,6.99358974358974,39,7.46428571428571,6.44444444444444,4.5,7.04166666666667,6.98484848484848,21,18,2,6,33,5327,3237,2090,419,973,4354,6.86383376384457,7.21303565647204,6.32298853588517,6.15349642004773,6.77805601233299,6.8830027468994,232
"230",2020,10,6.97660377358491,53,7.32444444444444,6.61538461538461,5.792,6.5,6.99529411764706,27,26,5,2,51,5380,3264,2116,424,975,4405,6.86494469516729,7.2139572365196,6.32658130434783,6.14923349056604,6.77748564102564,6.88430282860386,233
"231",2020,11,6.77788883333333,60,6.87777777777778,6.62805541666667,5.165,6.875,6.77095232142857,36,24,4,4,56,5440,3300,2140,428,979,4461,6.86398452022059,7.21028982424242,6.32996232242991,6.14003504672897,6.77788406537283,6.88287991257565,234
"232",2020,12,6.83266666666667,75,7.063,6.372,6.16666666666667,6.875,6.83028169014085,50,25,3,4,71,5515,3350,2165,431,983,4532,6.86355862012693,7.20809146865671,6.33044774595843,6.14022041763341,6.77827924720244,6.88205588923213,235
"233",2021,1,6.73684931506849,73,7.04320754716981,5.925,6.75,5.398,6.83529411764706,53,20,4,5,68,5588,3403,2185,435,988,4600,6.86190332677165,7.20552348516015,6.32673655377574,6.1458275862069,6.77129402834008,6.88136462826087,236
"234",2021,2,6.86388059701493,67,7.07973684210526,6.58103448275862,6.75,6.8,6.86903225806452,38,29,4,5,62,5655,3441,2214,439,993,4662,6.86192675331565,7.20413438535309,6.33006746612466,6.15133257403189,6.77143856998993,6.88120061990562,237
"235",2021,3,6.84837209302326,43,7.10275862068965,6.32142857142857,4,6.71428571428571,6.87444444444444,29,14,1,7,36,5698,3470,2228,440,1000,4698,6.86182446296946,7.20328715273775,6.33001318222621,6.14644318181818,6.7710385,6.88114884844615,238
"236",2021,4,6.74418604651163,43,7.34761904761905,6.16818181818182,5.33333333333333,8,6.71428571428571,21,22,3,1,42,5741,3491,2250,443,1001,4740,6.86094335307438,7.20415537668289,6.32843083111111,6.14093679458239,6.77226623376623,6.87967031434599,239
"237",2021,5,6.46458333333333,48,7.08620689655172,5.51578947368421,5.5,6.91666666666667,6.4,29,19,2,6,42,5789,3520,2269,445,1007,4782,6.85765689929176,7.20318364204545,6.32162598942265,6.13805617977528,6.77312661370407,6.87545740066918,240
"238",2021,6,6.90703703703704,54,7.33939393939394,6.22761904761905,3,7.1,6.87829787234043,33,21,1,7,47,5843,3553,2290,446,1014,4829,6.85811326202293,7.20444875316633,6.32076391703057,6.1310201793722,6.77538313609467,6.8754850465935,241
"239",2021,7,7.06060606060606,33,7.27272727272727,6.63636363636364,NA,7.33333333333333,7.03333333333333,22,11,0,3,30,5876,3575,2301,446,1017,4859,6.8592504748128,7.20486892867132,6.3222726510213,6.1310201793722,6.77702900688299,6.87645961926322,242
"240",2021,8,6.96,54,7.35,6.297,6,6.66666666666667,6.99666666666667,34,20,4,6,48,5930,3609,2321,450,1023,4907,6.86016792411467,7.2062361928512,6.3220548772081,6.12985555555556,6.77638172043011,6.87763547788873,243
"241",2021,9,6.73081967213115,61,7.28470588235294,6.03333333333333,5.33333333333333,5.8375,6.86566037735849,34,27,3,8,53,5991,3643,2348,453,1031,4960,6.85885090802871,7.20696854790008,6.31873482538331,6.12458057395144,6.76909650824442,6.87750751814516,244
"242",2021,10,6.8945,60,7.3525,5.9785,6.34111111111111,6.514,6.92909090909091,40,20,9,5,55,6051,3683,2368,462,1036,5015,6.85920439431499,7.20854912299755,6.31586122043919,6.1287987012987,6.76786534749035,6.87807323828514,245
"243",2021,11,6.463125,48,6.79090909090909,6.18576923076923,6.5,5.33333333333333,6.53844444444444,22,26,4,3,45,6099,3705,2394,466,1039,5060,6.85608719298246,7.20606920917678,6.31444835839599,6.13198497854077,6.76372329162656,6.87505282411067,246
"244",2021,12,7.04283950617284,81,7.50320754716981,6.17142857142857,5.8,6.86111111111111,7.06555555555556,53,28,5,9,72,6180,3758,2422,471,1048,5132,6.85853491747573,7.21025982437466,6.31279495045417,6.12846072186837,6.76455963740458,6.87772550467654,247
"245",2022,1,7.04606741573034,89,7.60188679245283,6.22777777777778,5.78333333333333,7.02777777777778,7.048125,53,36,6,9,80,6269,3811,2458,477,1057,5212,6.86119728664859,7.21570622408816,6.31154978437754,6.12411949685535,6.76680085146641,6.88034099961627,248
"246",2022,2,6.67291671875,64,6.78888895833333,6.325,6,6.3125,6.72440482142857,48,16,3,8,56,6333,3859,2474,480,1065,5268,6.85929456181904,7.2103972764965,6.31163677041229,6.12334375,6.7633882629108,6.87868336370539,249
"247",2022,3,7.00234375,64,7.30853658536585,6.45652173913043,6.125,7.36111111111111,6.94363636363636,41,23,2,9,55,6397,3900,2497,482,1074,5323,6.86072572455839,7.21142899743589,6.31297131357629,6.12335062240664,6.76839711359404,6.87935449182791,250
"248",2022,4,6.82033898305085,59,7.21944444444444,6.19565217391304,6.83333333333333,5.625,7.0078431372549,36,23,3,8,51,6456,3936,2520,485,1082,5374,6.86035663878563,7.21150230945122,6.3119005436508,6.12774226804124,6.75994316081331,6.88057386676591,251
"249",2022,5,6.95694444444444,72,7.485,6.296875,6.5,7.31818181818182,6.89180327868852,40,32,3,11,61,6528,3976,2552,488,1093,5435,6.86142194546569,7.21425379527163,6.31171213557994,6.13003073770492,6.76556129917658,6.88069990064397,252
"250",2022,6,7.3551724137931,58,7.63421052631579,6.825,7,9.11428571428571,7.11372549019608,38,20,1,7,51,6586,4014,2572,489,1100,5486,6.86577018827817,7.21822946935725,6.31570348755832,6.13180981595092,6.78050772727273,6.88286619759387,253
"251",2022,7,6.82061111111111,72,7.09952380952381,6.43013333333333,7,6.375,6.8763125,42,30,1,8,64,6658,4056,2602,490,1108,5550,6.865281835386,7.21700026873767,6.3170228170638,6.13358163265306,6.77757987364621,6.88279062342342,254
"252",2022,8,7.0551724137931,58,7.4175,6.25,5.5,7,7.06153846153846,40,18,3,6,52,6716,4096,2620,493,1114,5602,6.86692174806432,7.21895827392578,6.31656235496183,6.1297261663286,6.77877782764812,6.88444983220278,255
"253",2022,9,7.2323801754386,57,7.46683769230769,6.72438888888889,9,6.5,7.31854254901961,39,18,1,6,51,6773,4135,2638,494,1120,5653,6.86999736158275,7.22129619347037,6.31934509855952,6.13553643724696,6.777284375,6.88836611179904,256
"254",2022,10,7.18709677419355,62,7.44545454545455,6.55555555555556,6,8.16666666666667,7.13728813559322,44,18,2,3,59,6835,4179,2656,496,1123,5712,6.87287375713241,7.2236563196937,6.32094592243976,6.13498991935484,6.78099599287622,6.89093726015406,257
"255",2022,11,7.07532467532468,77,7.34915254237288,6.17777777777778,7.4,6.53846153846154,7.184375,59,18,2,13,64,6912,4238,2674,498,1136,5776,6.8751290697338,7.22540343558282,6.31998218773373,6.1400702811245,6.77822051056338,6.89418864785318,258
"256",2022,12,6.81794871794872,78,7.15909090909091,6.37647058823529,8.25,6.15,6.91617647058824,44,34,2,10,68,6990,4282,2708,500,1146,5844,6.87449100572246,7.22472203643157,6.32069142171344,6.14851,6.77273865619546,6.89444449520876,259
