"","year","month","avg_rating","no_ratings","avg_rating_owned","avg_rating_not_owned","avg_rating_prev_owned","avg_rating_comment","avg_rating_no_comment","no_ratings_owned","no_ratings_not_owned","no_ratings_prev_owned","no_ratings_comment","no_ratings_no_comment","cum_no_ratings","cum_no_ratings_owned","cum_no_ratings_not_owned","cum_no_ratings_prev_owned","cum_no_ratings_comment","cum_no_ratings_no_comment","cum_avg_rating","cum_avg_rating_owned","cum_avg_rating_not_owned","cum_avg_rating_prev_owned","cum_avg_rating_comment","cum_avg_rating_no_comment","month_after_release"
"1",2003,7,7.75,4,9.5,6,NA,9.5,6,2,2,0,2,2,4,2,2,0,2,2,7.75,9.5,6,NA,9.5,6,0
"2",2003,8,8.25,4,9,8,NA,NA,8.25,1,3,0,0,4,8,3,5,0,2,6,8,9.33333333333333,7.2,NA,9.5,7.5,1
"3",2003,9,8.6,5,9.33333333333333,7.5,NA,9,8.33333333333333,3,2,0,2,3,13,6,7,0,4,9,8.23076923076923,9.33333333333333,7.28571428571429,NA,9.25,7.77777777777778,2
"4",2003,10,7.8,5,8,7,NA,8,7.75,4,1,0,1,4,18,10,8,0,5,13,8.11111111111111,8.8,7.25,NA,9,7.76923076923077,3
"5",2003,11,7,3,8,5,NA,7,NA,2,1,0,3,0,21,12,9,0,8,13,7.95238095238095,8.66666666666667,7,NA,8.25,7.76923076923077,4
"6",2003,12,9,1,9,NA,NA,NA,9,1,0,0,0,1,22,13,9,0,8,14,8,8.69230769230769,7,NA,8.25,7.85714285714286,5
"7",2004,1,7.75,4,7,8.5,NA,8,7.5,2,2,0,2,2,26,15,11,0,10,16,7.96153846153846,8.46666666666667,7.27272727272727,NA,8.2,7.8125,6
"8",2004,2,7.16666666666667,3,7.5,6.5,NA,6.25,9,2,1,0,2,1,29,17,12,0,12,17,7.87931034482759,8.35294117647059,7.20833333333333,NA,7.875,7.88235294117647,7
"9",2004,3,7.75,6,8.75,5.75,NA,7,8.5,4,2,0,3,3,35,21,14,0,15,20,7.85714285714286,8.42857142857143,7,NA,7.7,7.975,8
"10",2004,4,7.33333333333333,3,NA,7.33333333333333,NA,6,8,0,3,0,1,2,38,21,17,0,16,22,7.81578947368421,8.42857142857143,7.05882352941176,NA,7.59375,7.97727272727273,9
"11",2004,5,6,7,8,5.2,NA,5.66666666666667,8,2,5,0,6,1,45,23,22,0,22,23,7.53333333333333,8.39130434782609,6.63636363636364,NA,7.06818181818182,7.97826086956522,10
"12",2004,6,6.4,5,8.5,5,NA,5,7.33333333333333,2,3,0,2,3,50,25,25,0,24,26,7.42,8.4,6.44,NA,6.89583333333333,7.90384615384615,11
"13",2004,7,7.66666666666667,3,7.66666666666667,NA,NA,6,8.5,3,0,0,1,2,53,28,25,0,25,28,7.43396226415094,8.32142857142857,6.44,NA,6.86,7.94642857142857,12
"14",2004,8,8,2,10,6,6,6,10,1,1,1,1,1,55,29,26,1,26,29,7.45454545454545,8.37931034482759,6.42307692307692,6,6.82692307692308,8.01724137931035,13
"15",2004,9,7.6,5,7.83333333333333,7.25,NA,7.6,NA,3,2,0,5,0,60,32,28,1,31,29,7.46666666666667,8.328125,6.48214285714286,6,6.95161290322581,8.01724137931035,14
"16",2004,10,7.75,4,8.33333333333333,6,NA,NA,7.75,3,1,0,0,4,64,35,29,1,31,33,7.484375,8.32857142857143,6.46551724137931,6,6.95161290322581,7.98484848484848,15
"17",2004,11,7.3,5,7.75,7,NA,7.25,7.33333333333333,2,3,0,2,3,69,37,32,1,33,36,7.47101449275362,8.2972972972973,6.515625,6,6.96969696969697,7.93055555555556,16
"18",2004,12,6.57142857142857,7,8.5,4,NA,6,6.8,4,3,0,2,5,76,41,35,1,35,41,7.38815789473684,8.31707317073171,6.3,6,6.91428571428571,7.79268292682927,17
"19",2005,1,6.69166666666667,12,7.1,6.4,NA,6.25,7.13333333333333,5,7,0,6,6,88,46,42,1,41,47,7.29318181818182,8.18478260869565,6.31666666666667,6,6.81707317073171,7.70851063829787,18
"20",2005,2,6.88888888888889,9,8.5,6.08333333333333,6.5,6.75,7.16666666666667,3,6,2,6,3,97,49,48,3,47,50,7.25567010309278,8.20408163265306,6.2875,6.33333333333333,6.80851063829787,7.676,19
"21",2005,3,7.3875,8,8,6.36666666666667,NA,7.36666666666667,7.45,5,3,0,6,2,105,54,51,3,53,52,7.26571428571429,8.18518518518519,6.2921568627451,6.33333333333333,6.87169811320755,7.66730769230769,20
"22",2005,4,6.875,8,7.83333333333333,6.3,NA,7.375,6.375,3,5,0,4,4,113,57,56,3,57,56,7.23805309734513,8.16666666666667,6.29285714285714,6.33333333333333,6.90701754385965,7.575,21
"23",2005,5,7.23076923076923,13,8.21428571428571,6.08333333333333,NA,7.75,6.78571428571429,7,6,0,6,7,126,64,62,3,63,63,7.23730158730159,8.171875,6.27258064516129,6.33333333333333,6.98730158730159,7.48730158730159,22
"24",2005,6,7.5,15,8.31818181818182,5.25,NA,7.125,7.92857142857143,11,4,0,8,7,141,75,66,3,71,70,7.26524822695036,8.19333333333333,6.21060606060606,6.33333333333333,7.00281690140845,7.53142857142857,23
"25",2005,7,7.60714285714286,14,8.28571428571429,6.92857142857143,6.5,7.7,7.375,7,7,2,10,4,155,82,73,5,81,74,7.29612903225807,8.20121951219512,6.27945205479452,6.4,7.08888888888889,7.52297297297297,24
"26",2005,8,8.1875,8,8.21428571428571,8,NA,8.125,8.25,7,1,0,4,4,163,89,74,5,85,78,7.3398773006135,8.20224719101124,6.3027027027027,6.4,7.13764705882353,7.56025641025641,25
"27",2005,9,8.29545454545454,11,8.19444444444444,8.75,NA,8.40625,8,9,2,0,8,3,174,98,76,5,93,81,7.40028735632184,8.2015306122449,6.3671052631579,6.4,7.24677419354839,7.57654320987654,26
"28",2005,10,8.33333333333333,6,8.6,7,NA,10,8,5,1,0,1,5,180,103,77,5,94,86,7.43138888888889,8.22087378640777,6.37532467532468,6.4,7.27606382978723,7.60116279069767,27
"29",2005,11,7.36363636363636,11,6.78571428571429,8.375,8.5,5.33333333333333,8.125,7,4,1,3,8,191,110,81,6,97,94,7.42748691099476,8.12954545454545,6.47407407407407,6.75,7.2159793814433,7.64574468085106,28
"30",2005,12,7.28571428571429,7,7.28571428571429,NA,NA,7,7.4,7,0,0,2,5,198,117,81,6,99,99,7.42247474747475,8.07905982905983,6.47407407407407,6.75,7.21161616161616,7.63333333333333,29
"31",2006,1,7.11538461538461,13,7.94444444444444,5.25,NA,6.71428571428571,7.58333333333333,9,4,0,7,6,211,126,85,6,106,105,7.40355450236967,8.06944444444444,6.4164705882353,6.75,7.17877358490566,7.63047619047619,30
"32",2006,2,7,7,8.2,4,NA,5.66666666666667,8,5,2,0,3,4,218,131,87,6,109,109,7.39059633027523,8.07442748091603,6.36091954022989,6.75,7.13715596330275,7.64403669724771,31
"33",2006,3,7.625,12,7.875,7.125,NA,8.21428571428571,6.8,8,4,0,7,5,230,139,91,6,116,114,7.40282608695652,8.06294964028777,6.3945054945055,6.75,7.20215517241379,7.60701754385965,32
"34",2006,4,5.72727272727273,11,6.75,5.14285714285714,NA,5,7,4,7,0,7,4,241,143,98,6,123,118,7.32634854771784,8.02622377622377,6.30510204081633,6.75,7.07682926829268,7.5864406779661,33
"35",2006,5,7.6,5,7.66666666666667,7.5,NA,8,7.33333333333333,3,2,0,2,3,246,146,100,6,125,121,7.33191056910569,8.01883561643835,6.329,6.75,7.0916,7.5801652892562,34
"36",2006,6,6.1,5,8.25,4.66666666666667,NA,5.5,7,2,3,0,3,2,251,148,103,6,128,123,7.30737051792829,8.02195945945946,6.28058252427185,6.75,7.054296875,7.57073170731707,35
"37",2006,7,7.80833333333333,12,8.27,5.5,NA,8,7.7125,10,2,0,4,8,263,158,105,6,132,131,7.33022813688213,8.0376582278481,6.26571428571429,6.75,7.08295454545455,7.5793893129771,36
"38",2006,8,6.5,9,7.625,5.6,6,5.5,7.3,4,5,1,4,5,272,162,110,7,136,136,7.30275735294118,8.02746913580247,6.23545454545455,6.64285714285714,7.03639705882353,7.56911764705882,37
"39",2006,9,7.45,10,8,6.625,NA,7.7,7.2,6,4,0,5,5,282,168,114,7,141,141,7.30797872340426,8.02648809523809,6.24912280701755,6.64285714285714,7.05992907801418,7.55602836879433,38
"40",2006,10,7.99,10,7.99,NA,NA,8.15,7.75,10,0,0,6,4,292,178,114,7,147,145,7.33133561643836,8.02443820224719,6.24912280701755,6.64285714285714,7.10442176870748,7.56137931034483,39
"41",2006,11,7.9,15,8.75,7.33333333333333,NA,8.5,7.5,6,9,0,6,9,307,184,123,7,153,154,7.35912052117264,8.04809782608696,6.32845528455285,6.64285714285714,7.15915032679739,7.55779220779221,40
"42",2006,12,7.66666666666667,12,7.85,6.75,NA,7.7,7.64285714285714,10,2,0,5,7,319,194,125,7,158,161,7.37068965517242,8.03788659793814,6.3352,6.64285714285714,7.17626582278481,7.56149068322981,41
"43",2007,1,7.68421052631579,19,8.11111111111111,7.3,NA,7.83333333333333,7.61538461538461,9,10,0,6,13,338,203,135,7,164,174,7.38831360946746,8.04113300492611,6.40666666666667,6.64285714285714,7.20030487804878,7.56551724137931,42
"44",2007,2,7.08772636363636,11,7.2,6.994165,NA,7,7.13785571428571,5,6,0,4,7,349,208,141,7,168,181,7.37883951289398,8.02091346153846,6.43166659574468,6.64285714285714,7.19553571428572,7.54897784530387,43
"45",2007,3,7.625,16,8.5,6.94444444444444,9,7.33333333333333,7.8,7,9,1,6,10,365,215,150,8,174,191,7.38963010958904,8.03651162790698,6.46243326666667,6.9375,7.20028735632184,7.56212036649215,44
"46",2007,4,7.1,15,7.57142857142857,6.6875,7,8.1,6.6,7,8,2,5,10,380,222,158,10,179,201,7.37819734210526,8.02184684684685,6.47382905063291,6.95,7.22541899441341,7.51425368159204,45
"47",2007,5,6.8,5,7.5,6.33333333333333,NA,6,7.33333333333333,2,3,0,2,3,385,224,161,10,181,204,7.37068828571429,8.0171875,6.47121111801242,6.95,7.21187845303867,7.51159308823529,46
"48",2007,6,7.67777777777778,9,8,7.51666666666667,NA,7.66666666666667,7.68333333333333,3,6,0,3,6,394,227,167,10,184,210,7.37770302030457,8.01696035242291,6.50877239520958,6.95,7.21929347826087,7.51649995238095,47
"49",2007,7,6.78571428571429,14,8.7,5.72222222222222,6.75,6.5,7,5,9,2,6,8,408,232,176,12,190,218,7.35738968137255,8.03168103448276,6.46855107954545,6.91666666666667,7.19657894736842,7.49754582568807,48
"50",2007,8,7.07142857142857,7,7.33333333333333,6.875,NA,7.75,6.8,3,4,0,2,5,415,235,180,12,192,223,7.35256624096386,8.02276595744681,6.47758327777778,6.91666666666667,7.20234375,7.48190578475336,49
"51",2007,9,7.5,8,8.33333333333333,7,NA,7.5,7.5,3,5,0,4,4,423,238,185,12,196,227,7.35535458628842,8.02668067226891,6.49170264864865,6.91666666666667,7.20841836734694,7.48222462555066,50
"52",2007,10,8.25,12,8.85714285714286,7.4,NA,7.83333333333333,8.66666666666667,7,5,0,6,6,435,245,190,12,202,233,7.38003445977012,8.05040816326531,6.51560521052632,6.91666666666667,7.2269801980198,7.51272527896996,51
"53",2007,11,5.94444444444444,18,8,4.91666666666667,8,7.25,4.9,6,12,2,8,10,453,251,202,14,210,243,7.32299114790287,8.049203187251,6.42061876237624,7.07142857142857,7.22785714285714,7.40520572016461,52
"54",2007,12,7.44615384615385,13,8.08,5.33333333333333,NA,7.5,7.4,10,3,0,6,7,466,261,205,14,216,250,7.32642701716738,8.05038314176245,6.40470726829268,7.07142857142857,7.23541666666667,7.40505996,53
"55",2008,1,7.40214285714286,14,7.86666666666667,7.05375,8.5,7.71428571428571,7.09,6,8,1,7,7,480,267,213,15,223,257,7.32863539583333,8.04625468164794,6.4290844600939,7.16666666666667,7.25044843049327,7.39647856031128,54
"56",2008,2,6.86666666666667,9,7,6.85,NA,6.75,6.96,1,8,0,4,5,489,268,221,15,227,262,7.32013290388548,8.04235074626866,6.44432122171946,7.16666666666667,7.24162995594714,7.38814881679389,55
"57",2008,3,7.63888888888889,18,7.88888888888889,7.38888888888889,NA,7.95,7.25,9,9,0,10,8,507,277,230,15,237,270,7.33144968441815,8.03736462093863,6.48128256521739,7.16666666666667,7.27151898734177,7.38405551851852,56
"58",2008,4,7.61538461538462,13,7.75,7.5,9,7.175,7.81111111111111,6,7,1,4,9,520,283,237,16,241,279,7.33854805769231,8.03127208480566,6.51137126582278,7.28125,7.26991701244813,7.39783150537634,57
"59",2008,5,7.6496875,16,8,7.19928571428571,NA,8.361875,6.9375,9,7,0,8,8,536,292,244,16,249,287,7.34783580223881,8.03030821917808,6.53110651639344,7.28125,7.305,7.38499996515679,58
"60",2008,6,7.21428571428571,14,7.42857142857143,7,NA,7,7.42857142857143,7,7,0,7,7,550,299,251,16,256,294,7.34443634545455,8.01622073578595,6.54418322709163,7.28125,7.29666015625,7.38603738095238,59
"61",2008,7,7.42307692307692,13,8.1,7,5,7.27777777777778,7.75,5,8,1,9,4,563,304,259,17,265,298,7.34625220248668,8.01759868421053,6.55826250965251,7.14705882352941,7.29601886792453,7.3909227852349,60
"62",2008,8,7.17142857142857,14,7.5,7.04,5,7.375,7.09,4,10,1,4,10,577,308,269,18,269,308,7.3420103812825,8.01087662337662,6.57617096654275,7.02777777777778,7.29719330855019,7.38115256493506,61
"63",2008,9,7.34615384615385,13,7.6,7.1875,NA,9,7.20833333333333,5,8,0,1,12,590,313,277,18,270,320,7.3421016779661,8.00431309904153,6.59382667870036,7.02777777777778,7.3035,7.37467184375,62
"64",2008,10,7.52857142857143,7,8,7.175,6,7.5,7.56666666666667,3,4,1,4,3,597,316,281,19,274,323,7.34428809045226,8.00427215189873,6.60209960854093,6.97368421052632,7.30636861313869,7.37645507739938,63
"65",2008,11,6.83333333333333,12,6.875,6.8125,NA,7.75,6.375,4,8,0,4,8,609,320,289,19,278,331,7.33422001642036,7.99015625,6.60792384083045,6.97368421052632,7.31275179856115,7.35225072507553,64
"66",2008,12,7.04166666666667,12,7.08333333333333,7,7,7.08333333333333,7,6,6,2,6,6,621,326,295,21,284,337,7.3285668115942,7.97346625766871,6.61589827118644,6.97619047619048,7.30790492957747,7.34597919881306,65
"67",2009,1,7.53571428571429,14,8.85714285714286,6.21428571428571,5,8,6.91666666666667,7,7,1,8,6,635,333,302,22,292,343,7.33313384251969,7.99204204204204,6.60658937086093,6.88636363636364,7.32686643835616,7.33846935860058,66
"68",2009,2,6.91666666666667,18,8.25,6.25,6,8.16666666666667,6.66666666666667,6,12,1,3,15,653,339,314,23,295,358,7.32165388973966,7.99660766961652,6.59296175159236,6.84782608695652,7.33540677966102,7.31032120111732,67
"69",2009,3,7.44,25,8.09090909090909,6.92857142857143,6,7,7.57894736842105,11,14,1,6,19,678,350,328,24,301,377,7.32601768436578,7.99957142857143,6.60728655487805,6.8125,7.32872093023256,7.32385938992042,68
"70",2009,4,7.66470588235294,17,8.41666666666667,7.25454545454545,NA,8.25,7.34545454545455,6,11,0,6,11,695,356,339,24,307,388,7.33430214388489,8.00660112359551,6.6282890560472,6.8125,7.34672638436482,7.32447162371134,69
"71",2009,5,6.65789473684211,19,7.1875,6.27272727272727,7,5.72222222222222,7.5,8,11,1,9,10,714,364,350,25,316,398,7.3163025070028,7.9885989010989,6.61711425714286,6.82,7.30045886075949,7.32888188442211,70
"72",2009,6,7.03684210526316,19,8,6.33636363636364,NA,6.7,7.15714285714286,8,11,0,5,14,733,372,361,25,321,412,7.30905864938608,7.9888440860215,6.60855952908587,6.82,7.29110591900312,7.32304609223301,71
"73",2009,7,6.89375,16,7.82857142857143,6.16666666666667,6.33333333333333,6.83333333333333,6.93,7,9,3,6,10,749,379,370,28,327,422,7.30018690253672,7.98588390501319,6.59781078378378,6.76785714285714,7.28270642201835,7.31373220379147,72
"74",2009,8,6.91666666666667,12,7.75,6.5,7,7,6.90909090909091,4,8,3,1,11,761,383,378,31,328,433,7.29413927726675,7.98342036553525,6.59574071428571,6.79032258064516,7.28184451219512,7.30345263279446,73
"75",2009,9,7.97333333333333,15,8.22222222222222,7.6,NA,8.625,7.73636363636364,9,6,0,4,11,776,392,384,31,332,444,7.30726802835052,7.98890306122449,6.611432265625,6.79032258064516,7.29802710843374,7.3141779054054,74
"76",2009,10,7.17857142857143,14,8.1,6.66666666666667,NA,6.33333333333333,7.40909090909091,5,9,0,3,11,790,397,393,31,335,455,7.30498732911393,7.99030226700252,6.61269717557252,6.79032258064516,7.28938805970149,7.31647250549451,75
"77",2009,11,7.609375,16,8.66666666666667,7.36538461538461,NA,7,7.8125,3,13,0,4,12,806,400,406,31,339,467,7.31102976426799,7.995375,6.63679800492611,6.79032258064516,7.28597345132743,7.32921839400428,76
"78",2009,12,5.83333333333333,12,7.16666666666667,5.38888888888889,5.25,5.83333333333333,5.83333333333333,3,9,2,3,9,818,403,415,33,342,476,7.28935206601467,7.98920595533499,6.60973491566265,6.6969696969697,7.27323099415205,7.30093485294118,77
"79",2010,1,7.05294117647059,17,7.28571428571429,6.89,NA,7,7.05625,7,10,0,1,16,835,410,425,33,343,492,7.28453891017964,7.97719512195122,6.61632938823529,6.6969696969697,7.27243440233236,7.29297762195122,78
"80",2010,2,7.92857142857143,7,8,7.875,NA,9,7.75,3,4,0,1,6,842,413,429,33,344,498,7.28989309976247,7.9773607748184,6.62806524475524,6.6969696969697,7.27745639534884,7.29848391566265,79
"81",2010,3,7.16666666666667,9,7.83333333333333,6.83333333333333,NA,7.5,6.75,3,6,0,5,4,851,416,435,33,349,502,7.28858988249119,7.97632211538462,6.63089652873563,6.6969696969697,7.2806446991404,7.29411352589641,80
"82",2010,4,7.08333333333333,6,7.5,6.875,NA,5,7.5,2,4,0,1,5,857,418,439,33,350,507,7.28715284714119,7.97404306220096,6.63312070615034,6.6969696969697,7.27412857142857,7.29614396449704,81
"83",2010,5,7.5,6,7.5,7.5,NA,7,7.6,2,4,0,1,5,863,420,443,33,351,512,7.28863266512167,7.97178571428571,6.64094805869074,6.6969696969697,7.27334757834758,7.29911130859375,82
"84",2010,6,7.9375,8,8.33333333333333,7.7,NA,8,7.91666666666667,3,5,0,2,6,871,423,448,33,353,518,7.29459241102181,7.97434988179669,6.65276783482143,6.6969696969697,7.27746458923513,7.30626445945946,83
"85",2010,7,7.65625,16,8.4,6.41666666666667,NA,9,7.34615384615385,10,6,0,3,13,887,433,454,33,356,531,7.30111611048478,7.98418013856813,6.64964755506608,6.6969696969697,7.29198033707865,7.30724103578154,84
"86",2010,8,6.5,8,6.5,6.5,NA,5,7.4,2,6,0,3,5,895,435,460,33,359,536,7.29395529608939,7.97735632183908,6.64769563043478,6.6969696969697,7.27282729805014,7.30810632462687,85
"87",2010,9,6.38461538461539,13,8,5.66666666666667,NA,7.25,6,4,9,0,4,9,908,439,469,33,363,545,7.2809361123348,7.97756264236902,6.62886991471215,6.6969696969697,7.27257575757576,7.28650456880734,86
"88",2010,10,7.5,5,7.16666666666667,8,NA,7,7.625,3,2,0,1,4,913,442,471,33,364,549,7.28213580503834,7.97205882352941,6.63469212314225,6.6969696969697,7.27182692307692,7.28897083788707,87
"89",2010,11,7.17857142857143,14,7.4,7.05555555555556,NA,6.7,7.44444444444444,5,9,0,5,9,927,447,480,33,369,558,7.28057172599784,7.96565995525727,6.6425833125,6.6969696969697,7.26407859078591,7.29147847670251,88
"90",2010,12,6.41666666666667,6,6.5,6.4,NA,6.5,6.4,1,5,0,1,5,933,448,485,33,370,563,7.2750160664523,7.96238839285714,6.64008245360825,6.6969696969697,7.26201351351351,7.28356126110124,89
"91",2011,1,7.8125,16,8.3125,7.3125,NA,8.75,7.5,8,8,0,4,12,949,456,493,33,374,575,7.2840779662803,7.96853070175439,6.65099389452333,6.6969696969697,7.27792780748663,7.28807824347826,90
"92",2011,2,7.94545454545455,11,8.35714285714286,7.225,NA,9.16666666666667,7.4875,7,4,0,3,8,960,463,497,33,377,583,7.29165623958333,7.9744060475162,6.65561366197183,6.6969696969697,7.2929575596817,7.29081473413379,91
"93",2011,3,6.9,16,7.18,6.77272727272727,NA,7.4,6.6,5,11,0,6,10,976,468,508,33,383,593,7.2852356454918,7.9659188034188,6.65814958661417,6.6969696969697,7.29463446475196,7.27916524451939,92
"94",2011,4,7.44,15,8.01428571428571,6.9375,NA,8.2,7.06,7,8,0,5,10,991,475,516,33,388,603,7.28757819374369,7.96663157894737,6.66248060077519,6.6969696969697,7.30630154639175,7.27553066334992,93
"95",2011,5,7.16666666666667,9,7,7.25,NA,7,7.3,3,6,0,4,5,1000,478,522,33,392,608,7.28648999,7.96056485355649,6.66923369731801,6.6969696969697,7.30317602040816,7.27573189144737,94
"96",2011,6,7.08333333333333,6,7.83333333333333,6.33333333333333,NA,7.16666666666667,7,3,3,0,3,3,1006,481,525,33,395,611,7.28527832007952,7.95977130977131,6.66731426666667,6.6969696969697,7.30213924050633,7.27437805237316,95
"97",2011,7,7.71428571428571,7,9,7.5,NA,8.66666666666667,7,1,6,0,3,4,1013,482,531,33,398,615,7.28824283316881,7.96192946058091,6.67672314500942,6.6969696969697,7.31242462311558,7.2725934796748,96
"98",2011,8,6,7,6.33333333333333,5.75,NA,5,6.16666666666667,3,4,0,1,6,1020,485,535,33,399,621,7.27940195098039,7.95185567010309,6.66979437383178,6.6969696969697,7.30662907268171,7.26190819645733,97
"99",2011,9,7.49,10,8.1,6.88,NA,9,7.32222222222222,5,5,0,1,9,1030,490,540,33,400,630,7.28144659223301,7.95336734693878,6.67174072222222,6.6969696969697,7.3108625,7.26276982539682,98
"100",2011,10,6.83444444444444,9,6.125,7.402,NA,7.01,6.8125,4,5,0,1,8,1039,494,545,33,401,638,7.2775745813282,7.93856275303644,6.67844034862385,6.6969696969697,7.31011221945137,7.25712380877743,99
"101",2011,11,7.94444444444444,9,8.16666666666667,7.5,NA,8.5,7.5,6,3,0,4,5,1048,500,548,33,405,643,7.28330151717557,7.9413,6.68293793795621,6.6969696969697,7.32186419753087,7.25901242612753,100
"102",2011,12,7.64444444444444,9,8.2,6.95,5,7.5,7.76,5,4,1,4,5,1057,505,552,34,409,648,7.28637652790918,7.94386138613861,6.68487317028986,6.64705882352941,7.32360635696822,7.26287807098765,101
"103",2012,1,7.66666666666667,15,8.6,7.2,NA,8,7.5,5,10,0,5,10,1072,510,562,34,414,658,7.29169775186567,7.95029411764706,6.69403912811388,6.64705882352941,7.33177536231884,7.26648174772036,102
"104",2012,2,8.5,6,8.83333333333333,8.16666666666667,NA,8,8.75,3,3,0,2,4,1078,513,565,34,416,662,7.29842299628942,7.95545808966862,6.70185838938053,6.64705882352941,7.33498798076923,7.27544560422961,103
"105",2012,3,8.03,10,7.33333333333333,8.32857142857143,NA,7,8.14444444444444,3,7,0,1,9,1088,516,572,34,417,671,7.30514704963235,7.95184108527132,6.72176571678322,6.64705882352941,7.33418465227818,7.28710132637854,104
"106",2012,4,7.83333333333333,9,8.25,7,NA,7.83333333333333,7.83333333333333,6,3,0,3,6,1097,522,575,34,420,677,7.30948039197812,7.95526819923372,6.72321737391304,6.64705882352941,7.33775,7.29194237813885,105
"107",2012,5,7.13076923076923,13,8,6.97272727272727,7,5,7.30833333333333,2,11,1,1,12,1110,524,586,35,421,689,7.30738737837838,7.95543893129771,6.72790100682594,6.65714285714286,7.33219714964371,7.29222785195936,106
"108",2012,6,6.25,4,7.5,5.83333333333333,NA,5,6.66666666666667,1,3,0,1,3,1114,525,589,35,422,692,7.30359065529623,7.95457142857143,6.72334463497453,6.65714285714286,7.32667061611374,7.28951588150289,107
"109",2012,7,7.29,8,8,7.05333333333333,5,6,8.064,2,6,1,3,5,1122,527,595,36,425,697,7.30349375222816,7.95474383301708,6.72667225210084,6.61111111111111,7.31730588235294,7.29507172166427,108
"110",2012,8,6.25,8,9,5.33333333333333,NA,5.66666666666667,6.6,2,6,0,3,5,1130,529,601,36,428,702,7.29603538938053,7.95869565217391,6.71276204658902,6.61111111111111,7.30573598130841,7.29012106837607,109
"111",2012,9,7.06153846153846,13,8.5,6.42222222222222,NA,8.25,6.53333333333333,4,9,0,4,9,1143,533,610,36,432,711,7.29336832020997,7.96275797373358,6.70847539344263,6.61111111111111,7.31447916666667,7.28054147679325,110
"112",2012,10,8,3,NA,8,NA,NA,8,0,3,0,0,3,1146,533,613,36,432,714,7.29521814136126,7.96275797373358,6.7147960685155,6.61111111111111,7.31447916666667,7.28356441176471,111
"113",2012,11,7.65384615384615,13,8.64285714285714,6.5,NA,7.9,7.5,7,6,0,5,8,1159,540,619,36,437,722,7.2992407161346,7.97157407407407,6.71271403877221,6.61111111111111,7.32117848970252,7.2859625900277,112
"114",2012,12,5.33333333333333,6,7,3.66666666666667,NA,7.5,4.25,3,3,0,2,4,1165,543,622,36,439,726,7.28911587124464,7.96620626151013,6.69802249196142,6.61111111111111,7.32199316628702,7.26923552341598,113
"115",2013,1,5.21428571428571,7,7.5,4.3,NA,4.75,5.4,2,5,0,2,5,1172,545,627,36,441,731,7.27672354095563,7.96449541284404,6.67889950558214,6.61111111111111,7.31032879818594,7.25645005471956,114
"116",2013,2,6.4,5,7.33333333333333,5,NA,10,5.5,3,2,0,1,4,1177,548,629,36,442,735,7.27299914188615,7.9610401459854,6.67356119236884,6.61111111111111,7.31641402714932,7.24689114285714,115
"117",2013,3,7.38888888888889,9,8.33333333333333,6.91666666666667,7,NA,7.38888888888889,3,6,1,0,9,1186,551,635,37,442,744,7.27387857504216,7.96306715063521,6.67585825196851,6.62162162162162,7.31641402714932,7.24860885752688,116
"118",2013,4,7.57142857142857,7,7.5,7.66666666666667,NA,8,7.5,4,3,0,1,6,1193,555,638,37,443,750,7.27562446772842,7.95972972972973,6.68051722570533,6.62162162162162,7.31795711060948,7.25061998666667,117
"119",2013,5,7.78571428571429,7,9,7.3,NA,6.5,8.3,2,5,0,2,5,1200,557,643,37,445,755,7.27859999166667,7.96346499102334,6.68533435458787,6.62162162162162,7.31428089887641,7.25756952317881,118
"120",2013,6,7,8,6,7.33333333333333,NA,6,7.14285714285714,2,6,0,1,7,1208,559,649,37,446,762,7.27675495860927,7.95644007155635,6.69132510015408,6.62162162162162,7.31133408071749,7.25651573490814,119
"121",2013,7,7.8,5,8.33333333333333,7,NA,NA,7.8,3,2,0,0,5,1213,562,651,37,446,767,7.27891178070899,7.95845195729537,6.69227341013825,6.62162162162162,7.31133408071749,7.26005865710561,120
"122",2013,8,7.79,10,9.25,6.81666666666667,NA,7.225,8.16666666666667,4,6,0,4,6,1223,566,657,37,450,773,7.28309075224857,7.96757950530035,6.6934094216134,6.62162162162162,7.31056666666667,7.26709571798189,121
"123",2013,9,7.41666666666667,3,7.5,7.25,NA,8,7.125,2,1,0,1,2,1226,568,658,37,451,775,7.28341761011419,7.96593309859155,6.69425530395137,6.62162162162162,7.31209534368071,7.26672901935484,122
"124",2013,10,8.02857142857143,14,8.03333333333333,8,NA,7.98571428571429,8.07142857142857,12,2,0,7,7,1240,580,660,37,458,782,7.29183063709677,7.9673275862069,6.69821210606061,6.62162162162162,7.32239082969432,7.27393221227621,123
"125",2013,11,5.4,5,NA,5.4,NA,3,6,0,5,0,1,4,1245,580,665,37,459,786,7.28423292369478,7.9673275862069,6.68845111278196,6.62162162162162,7.31297385620915,7.26744909669211,124
"126",2013,12,7.66666666666667,6,7.66666666666667,7.66666666666667,NA,7.33333333333333,8,3,3,0,3,3,1251,583,668,37,462,789,7.28606713828937,7.96578044596912,6.69284429640719,6.62162162162162,7.31310606060606,7.27023446134347,125
"127",2014,1,6.53571428571429,14,7.8,5.83333333333333,NA,7.14285714285714,5.92857142857143,5,9,0,7,7,1265,588,677,37,469,796,7.27776283794466,7.96437074829932,6.68141800590842,6.62162162162162,7.31056503198294,7.25843591708543,126
"128",2014,2,7.53,10,7.5,7.5375,7.5,8.5,7.2875,2,8,1,2,8,1275,590,685,38,471,804,7.27974116862745,7.96279661016949,6.69141604379562,6.64473684210526,7.31561571125266,7.2587251119403,127
"129",2014,3,7.9375,8,8.25,7.625,NA,8.5,7.75,4,4,0,2,6,1283,594,689,38,473,810,7.28384254871395,7.96473063973064,6.6968359796807,6.64473684210526,7.32062367864694,7.26236418518518,128
"130",2014,4,7.9125,8,8.06,7.66666666666667,NA,8.4,7.1,5,3,0,5,3,1291,599,692,38,478,813,7.28773817970565,7.96552587646077,6.70104044797688,6.64473684210526,7.33191422594142,7.26176505535055,129
"131",2014,5,8.4,5,7.5,9,NA,9,8.25,2,3,0,1,4,1296,601,695,38,479,817,7.2920293132716,7.96397670549085,6.71096401438849,6.64473684210526,7.33539665970773,7.26660341493268,130
"132",2014,6,7.8,5,8.5,7.33333333333333,NA,8,7.75,2,3,0,1,4,1301,603,698,38,480,821,7.29398154496541,7.96575456053068,6.71363895415473,6.64473684210526,7.33678125,7.26895857490865,131
"133",2014,7,7.98571428571429,7,7.75,8.3,7.9,8,7.98333333333333,4,3,1,1,6,1308,607,701,39,481,827,7.29768347859327,7.96433278418451,6.72042794579173,6.67692307692308,7.33816008316008,7.27414146311971,132
"134",2014,8,7.83333333333333,6,9,7.25,NA,NA,7.83333333333333,2,4,0,0,6,1314,609,705,39,481,833,7.30012936834094,7.96773399014778,6.72343260992908,6.67692307692308,7.33816008316008,7.27816925570228,133
"135",2014,9,7.9,10,7.75,8,NA,7.33333333333333,8.14285714285714,4,6,0,3,7,1324,613,711,39,484,840,7.30466011329305,7.9663132137031,6.73420533052039,6.67692307692308,7.33813016528926,7.28537498809524,134
"136",2014,10,7.11428571428571,7,7.325,6.83333333333333,6,8,6.96666666666667,4,3,1,1,6,1331,617,714,40,485,846,7.30365889556724,7.96215559157212,6.73462183473389,6.66,7.33949484536083,7.28311464539007,135
"137",2014,11,6.61111111111111,9,6.75,6.57142857142857,6,7,6.41666666666667,2,7,2,3,6,1340,619,721,42,488,852,7.29900745522388,7.95823909531502,6.73303743411928,6.62857142857143,7.33740778688525,7.27701289906103,136
"138",2014,12,7.01666666666667,6,10,6.42,3.1,3.1,7.8,1,5,1,1,5,1346,620,726,43,489,857,7.2977488781575,7.96153225806452,6.73088152892562,6.54651162790698,7.32874233128834,7.28006416569428,137
"139",2015,1,8.25,10,9,5.25,NA,8.375,8.16666666666667,8,2,0,4,6,1356,628,728,43,493,863,7.30477137905604,7.97476114649681,6.72681317307692,6.54651162790698,7.33723123732252,7.28622826187717,138
"140",2015,2,7.05,10,7.5,6.75,6,NA,7.05,4,6,1,0,10,1366,632,734,44,493,873,7.30290628843338,7.97175632911392,6.72700271117166,6.53409090909091,7.33723123732252,7.28352232531501,139
"141",2015,3,6.25,4,7,6,7,NA,6.25,1,3,1,0,4,1370,633,737,45,493,877,7.29983210948905,7.97022116903633,6.72404340569878,6.54444444444444,7.33723123732252,7.27880842645382,140
"142",2015,4,5.75,4,5.5,6,NA,6,5.66666666666667,2,2,0,1,3,1374,635,739,45,494,880,7.29532022561863,7.96244094488189,6.72208388362652,6.54444444444444,7.33452429149798,7.27331248863636,141
"143",2015,5,7.38545454545455,11,7.6,7.20666666666667,NA,7.5,7.29,5,6,0,5,6,1385,640,745,45,499,886,7.29603609386281,7.959609375,6.72598656375839,6.54444444444444,7.33618236472946,7.27342549661399,142
"144",2015,6,8,3,8,NA,NA,7.75,8.5,3,0,0,2,1,1388,643,745,45,501,887,7.29755762968299,7.95979782270607,6.72598656375839,6.54444444444444,7.33783433133733,7.27480833145434,143
"145",2015,7,7.14444444444444,9,8.26,5.75,NA,8.06,6,5,4,0,5,4,1397,648,749,45,506,891,7.29657121689334,7.96211419753086,6.72077435246996,6.54444444444444,7.34497035573123,7.26908528619529,144
"146",2015,8,6.6,8,8.2,5,NA,6,6.8,4,4,0,2,6,1405,652,753,45,508,897,7.29260497508896,7.9635736196319,6.71163345285525,6.54444444444444,7.3396751968504,7.26594759197324,145
"147",2015,9,7.1875,8,8.5,6.75,NA,7,7.21428571428571,2,6,0,1,7,1413,654,759,45,509,904,7.29200990092002,7.96521406727829,6.71193674571805,6.54444444444444,7.33900785854617,7.26554755530973,146
"148",2015,10,7.14285714285714,7,7,7.2,NA,6.66666666666667,7.5,2,5,0,3,4,1420,656,764,45,512,908,7.29127464084507,7.96227134146341,6.71513087696335,6.54444444444444,7.335068359375,7.26658038546255,147
"149",2015,11,7.31818181818182,11,7.9,6.83333333333333,NA,7.5,7.27777777777778,5,6,0,2,9,1431,661,770,45,514,917,7.29148147449336,7.96180030257186,6.71605193506494,6.54444444444444,7.33571011673152,7.26669028353326,148
"150",2015,12,7.86363636363636,11,8,7.75,7,9,7.75,5,6,1,1,10,1442,666,776,46,515,927,7.29584604022191,7.96208708708709,6.72404637886598,6.55434782608696,7.33894174757282,7.27190398058252,149
"151",2016,1,7.04545454545455,11,8.2,6.08333333333333,NA,6.33333333333333,7.3125,5,6,0,3,8,1453,671,782,46,518,935,7.29395044046799,7.96385991058122,6.71913042199489,6.55434782608696,7.33311776061776,7.27225132620321,150
"152",2016,2,7.75,8,9,5.66666666666667,NA,7.5,8,5,3,0,4,4,1461,676,785,46,522,939,7.29644763175907,7.97152366863905,6.71510826751592,6.55434782608696,7.33439655172414,7.27535142705005,151
"153",2016,3,7.33333333333333,9,8.66666666666667,6.66666666666667,NA,10,7,3,6,0,1,8,1470,679,791,46,523,947,7.29667346258503,7.97459499263623,6.71474082174463,6.55434782608696,7.33949330783939,7.27302533262936,152
"154",2016,4,7.84375,8,7,7.96428571428571,NA,7.9375,7.75,1,7,0,4,4,1478,680,798,46,527,951,7.2996346346414,7.97316176470588,6.72570174185464,6.55434782608696,7.34403225806452,7.27503153522608,153
"155",2016,5,6.95714285714286,7,7.675,6,NA,6.66666666666667,7.175,4,3,0,3,4,1485,684,801,46,530,955,7.29802019528619,7.97141812865497,6.72298375780275,6.55434782608696,7.34019811320755,7.27461255497382,154
"156",2016,6,7,11,7.5,6.4,NA,7,7,6,5,0,2,9,1496,690,806,46,532,964,7.29582887032085,7.96731884057971,6.72098013647643,6.55434782608696,7.33891917293233,7.27204874481328,155
"157",2016,7,7.16666666666667,9,6.9,7.5,NA,8.5,6.5,5,4,0,3,6,1505,695,810,46,535,970,7.29505647176079,7.95964028776978,6.72482714814815,6.55434782608696,7.34542990654206,7.26727318556701,156
"158",2016,8,7.9125,8,8.7,6.6,NA,9.16666666666667,7.16,5,3,0,3,5,1513,700,813,46,538,975,7.29832120951751,7.96492857142857,6.72436653136532,6.55434782608696,7.35558550185874,7.26672306666667,157
"159",2016,9,7.22222222222222,9,8,6.25,NA,7.33333333333333,7.16666666666667,5,4,0,3,6,1522,705,817,46,541,981,7.29787121550591,7.96517730496454,6.72204405140759,6.55434782608696,7.35546210720887,7.26611110091743,158
"160",2016,10,7.5,8,NA,7.5,NA,7.66666666666667,7.4,0,8,0,3,5,1530,705,825,46,544,986,7.29892809803921,7.96517730496454,6.72958786666667,6.55434782608696,7.35717830882353,7.26679005070994,159
"161",2016,11,7.625,8,8.25,7,NA,8,7.5,4,4,0,2,6,1538,709,829,46,546,992,7.30062418075422,7.96678420310296,6.73089262967431,6.55434782608696,7.35953296703297,7.26820059475806,160
"162",2016,12,7.75947368421053,19,8.9,6.49222222222222,NA,7.17875,8.18181818181818,10,9,0,8,11,1557,719,838,46,554,1003,7.30622350032113,7.97976356050069,6.72832934367542,6.55434782608696,7.35692238267148,7.27822032901296,161
"163",2017,1,6.72666666666667,15,7.5,6.21111111111111,NA,8,6.53076923076923,6,9,0,2,13,1572,725,847,46,556,1016,7.30069337786259,7.97579310344828,6.72283351829988,6.55434782608696,7.35923561151079,7.26865648622047,162
"164",2017,2,7.07,10,7.66666666666667,6.81428571428571,6,6,7.18888888888889,3,7,1,1,9,1582,728,854,47,557,1025,7.29923513906447,7.97451923076923,6.7235831264637,6.54255319148936,7.35679533213645,7.26795608780488,163
"165",2017,3,6.3125,8,7,5.9,NA,7.33333333333333,5.7,3,5,0,3,5,1590,731,859,47,560,1030,7.29427043396226,7.97051983584131,6.7187892782305,6.54255319148936,7.35666964285714,7.26034465048544,164
"166",2017,4,6.33333333333333,3,8,5.5,NA,8,5.5,1,2,0,1,2,1593,732,861,47,561,1032,7.29246075957313,7.97056010928962,6.71595817653891,6.54255319148936,7.35781639928699,7.25693312984496,165
"167",2017,5,7.28571428571429,7,6,7.5,NA,6.25,8.66666666666667,1,6,0,4,3,1600,733,867,47,565,1035,7.29243124375,7.96787175989086,6.72138407151096,6.54255319148936,7.34997345132743,7.26101931400966,166
"168",2017,6,6.68888888888889,9,8.1,6.28571428571429,NA,6,7.03333333333333,2,7,0,3,6,1609,735,874,47,568,1041,7.2890553076445,7.96823129251701,6.71789472540046,6.54255319148936,7.34284330985916,7.25970700288184,167
"169",2017,7,5.78571428571429,7,8,4.9,NA,7.5,4.5,2,5,0,3,4,1616,737,879,47,571,1045,7.28254331064356,7.96831750339213,6.70755402730375,6.54255319148936,7.34366900175131,7.24914353110048,168
"170",2017,8,8,7,8.83333333333333,7.375,7.5,9,7.25,3,4,1,3,4,1623,740,883,48,574,1049,7.28563770178681,7.97182432432432,6.71057756511891,6.5625,7.35232578397213,7.24914679694947,169
"171",2017,9,7.1,5,8.5,6.16666666666667,NA,8,5.75,2,3,0,3,2,1628,742,886,48,577,1051,7.28506756142506,7.97324797843666,6.70873588036117,6.5625,7.35569324090121,7.2462939961941,170
"172",2017,10,5.21428571428571,7,9,4.58333333333333,6,6.125,4,1,6,1,4,3,1635,743,892,49,581,1054,7.27620182874618,7.97462987886945,6.69443945067265,6.55102040816327,7.34722030981067,7.23705407020873,171
"173",2017,11,6.83333333333333,15,7.71428571428571,6.0625,NA,8.33333333333333,6.45833333333333,7,8,0,3,12,1650,750,900,49,584,1066,7.27217575151515,7.9722,6.68882221111111,6.55102040816327,7.35228595890411,7.22828798311445,172
"174",2017,12,7.52765957446809,47,8.496,6.42727272727273,7,7.20833333333333,7.63714285714286,25,22,1,12,35,1697,775,922,50,596,1101,7.27925161461402,7.98909677419355,6.6825813340564,6.56,7.34938758389262,7.24128518619437,173
"175",2018,1,7.20666666666667,45,7.875,6.672,6.5,7.16666666666667,7.21666666666667,20,25,5,9,36,1742,795,947,55,605,1137,7.2773765729047,7.98622641509434,6.68230199577614,6.55454545454545,7.3466694214876,7.24050570800352,174
"176",2018,2,7.04054054054054,37,7.54761904761905,6.375,6.5,7.41666666666667,6.96774193548387,21,16,1,6,31,1779,816,963,56,611,1168,7.27245080944351,7.97493872549019,6.67719625129803,6.55357142857143,7.34735679214403,7.23326625856164,175
"177",2018,3,6.89722222222222,36,8.41176470588235,5.54210526315789,6.5,7.28571428571429,6.80344827586207,17,19,3,7,29,1815,833,982,59,618,1197,7.26500825895317,7.98385354141657,6.65523420570265,6.55084745762712,7.34665857605178,7.22285295739348,176
"178",2018,4,7.26410256410256,39,7.77777777777778,6.82380952380952,6.75,7.66666666666667,7.19090909090909,18,21,4,6,33,1854,851,1003,63,624,1230,7.26498920711974,7.97949471210341,6.65876369890329,6.56349206349206,7.34973557692308,7.22199592682927,177
"179",2018,5,7.21935483870968,31,7.73571428571429,6.79411764705882,7,6.75,7.28888888888889,14,17,3,4,27,1885,865,1020,66,628,1257,7.26423872148541,7.97554913294798,6.66101959803922,6.58333333333333,7.34591560509554,7.22343276849642,178
"180",2018,6,7.38636363636364,22,7.87272727272727,6.9,NA,7.66666666666667,7.34210526315789,11,11,0,3,19,1907,876,1031,66,631,1276,7.26564760880964,7.97425799086758,6.66356934044617,6.58333333333333,7.34744057052298,7.22519983542319,179
"181",2018,7,7.30357142857143,28,8.08333333333333,5.9,NA,8.125,6.975,18,10,0,8,20,1935,894,1041,66,639,1296,7.26619637726098,7.97645413870246,6.65623438040346,6.58333333333333,7.35717527386542,7.22133872685185,180
"182",2018,8,6.98076923076923,26,7.9,6.40625,6,7.5,6.91304347826087,10,16,1,3,23,1961,904,1057,67,642,1319,7.26241202957674,7.97560840707965,6.65245032166509,6.57462686567164,7.35784267912773,7.21596284306292,181
"183",2018,9,7.506,25,8.08846153846154,6.875,7.5,6.5,7.59347826086957,13,12,2,2,23,1986,917,1069,69,644,1342,7.26547834340382,7.97720828789531,6.65494854069224,6.60144927536232,7.35517857142857,7.22243292846497,182
"184",2018,10,7.3695652173913,23,7.63333333333333,6.875,6,7.375,7.36842105263158,15,8,1,4,19,2009,932,1077,70,648,1361,7.26666998008959,7.97167381974249,6.65658309192201,6.59285714285714,7.35530092592593,7.22447096987509,183
"185",2018,11,7.2962962962963,27,7.59375,6.86363636363636,7,7.5,7.25,16,11,1,5,22,2036,948,1088,71,653,1383,7.26706286345776,7.96529535864979,6.65867646139706,6.59859154929578,7.3564088820827,7.22487707158351,184
"186",2018,12,7.408,25,7.7,6.7875,5.5,8.61428571428571,6.93888888888889,17,8,2,7,18,2061,965,1096,73,660,1401,7.26877243571082,7.96062176165803,6.65961677919708,6.56849315068493,7.36975,7.22120270521056,185
"187",2019,1,6.99516129032258,31,7.60714285714286,5.71,5,7.41666666666667,6.894,21,10,2,6,25,2092,986,1106,75,666,1426,7.26471796845124,7.95309330628803,6.6510307323689,6.52666666666667,7.37017267267267,7.21546633239831,186
"188",2019,2,7.13636363636364,22,7.81818181818182,6.45454545454546,6.25,7.06666666666667,7.14736842105263,11,11,2,3,19,2114,997,1117,77,669,1445,7.26338220908231,7.95160481444333,6.64909578334825,6.51948051948052,7.36881165919283,7.21457092733564,187
"189",2019,3,6.89565217391304,23,7.3,6.58461538461538,6.75,6.51666666666667,7.02941176470588,10,13,4,6,17,2137,1007,1130,81,675,1462,7.25942442208703,7.94513406156902,6.64835397345133,6.53086419753086,7.36123703703704,7.21241791381669,188
"190",2019,4,6.86315789473684,19,7.24444444444444,6.52,7,7.75,6.75882352941176,9,10,2,2,17,2156,1016,1140,83,677,1479,7.25593227736549,7.93892716535433,6.64722806140351,6.54216867469879,7.36238552437223,7.20720418526031,189
"191",2019,5,7.15,20,7.5,6.8,5.75,NA,7.15,10,10,2,0,20,2176,1026,1150,85,677,1499,7.25495863511029,7.93464912280702,6.64855651304348,6.52352941176471,7.36238552437223,7.20644095396931,190
"192",2019,6,6.68,20,7.65714285714286,6.15384615384615,5.25,7,6.62352941176471,7,13,2,3,17,2196,1033,1163,87,680,1516,7.24972221766848,7.93276863504356,6.64302664660361,6.49425287356322,7.36078676470588,7.1999043469657,191
"193",2019,7,7.42941176470588,17,8,6.61428571428571,9,8.375,7.13846153846154,10,7,1,4,13,2213,1043,1170,88,684,1529,7.25110257117035,7.93341323106424,6.64285469230769,6.52272727272727,7.36671783625731,7.19938194244604,192
"194",2019,8,7.015625,32,7.575,6.45625,5,7,7.01785714285714,16,16,1,4,28,2245,1059,1186,89,688,1557,7.24774609799554,7.92799811142587,6.64033725969646,6.50561797752809,7.36458575581395,7.19611752729608,193
"195",2019,9,7.26470588235294,17,7.6,6.78571428571429,NA,9,7.03333333333333,10,7,0,2,15,2262,1069,1193,89,690,1572,7.24787355879752,7.92492984097287,6.64119026823135,6.50561797752809,7.36932608695652,7.19456424300254,194
"196",2019,10,7.29166666666667,12,7.7,7,NA,7,7.31818181818182,5,7,0,1,11,2274,1074,1200,89,691,1583,7.24810465699208,7.92388268156425,6.643283325,6.50561797752809,7.36879160636758,7.19542324068225,195
"197",2019,11,7.3047619047619,21,7.71111111111111,7,7,7.25,7.31764705882353,9,12,1,4,17,2295,1083,1212,90,695,1600,7.24862308932462,7.92211449676824,6.64681517326733,6.51111111111111,7.36810791366907,7.19672186875,196
"198",2019,12,7.34846153846154,26,8.036,6.91875,5,7.25,7.36636363636364,10,16,1,4,22,2321,1093,1228,91,699,1622,7.24974148642826,7.92315645013724,6.6503582980456,6.49450549450549,7.36743204577969,7.19902280517879,197
"199",2020,1,7.43255813953488,43,8.07142857142857,6.82272727272727,5.66666666666667,8.66666666666667,7.23243243243243,21,22,3,6,37,2364,1114,1250,94,705,1659,7.25306683164128,7.92595152603232,6.653391992,6.46808510638298,7.37848936170213,7.19976792646172,198
"200",2020,2,7.375,22,7.76923076923077,6.80555555555556,7,7.66666666666667,7.32894736842105,13,9,1,3,19,2386,1127,1259,95,708,1678,7.25419111064543,7.9241437444543,6.65447973788721,6.47368421052632,7.3797104519774,7.20123062574493,199
"201",2020,3,7.2804347826087,23,7.895,6.80769230769231,6,6.875,7.36578947368421,10,13,2,4,19,2409,1137,1272,97,712,1697,7.25444167289331,7.9238874230431,6.65604558962264,6.4639175257732,7.376875,7.20307306423099,200
"202",2020,4,7.48181818181818,11,8.6,6.55,6,7,7.58888888888889,5,6,3,2,9,2420,1142,1278,100,714,1706,7.25547520247934,7.9268476357268,6.65554772300469,6.45,7.37581932773109,7.20510843493552,201
"203",2020,5,7.11764705882353,17,6.78571428571429,7.35,NA,8,7.0625,7,10,0,1,16,2437,1149,1288,100,715,1722,7.25451374230611,7.9198955613577,6.66093943322981,6.45,7.37669230769231,7.20378338559814,202
"204",2020,6,7.31818181818182,11,7.125,7.42857142857143,7,7,7.35,4,7,2,1,10,2448,1153,1295,102,716,1732,7.25479983251634,7.91713790112749,6.66508879536679,6.46078431372549,7.37616620111732,7.20462759237875,203
"205",2020,7,7.60909090909091,22,8.075,7.05,7.5,8.25,7.46666666666667,12,10,2,4,18,2470,1165,1305,104,720,1750,7.25795546153846,7.91876394849785,6.66803830651341,6.48076923076923,7.38102083333333,7.20732285142857,204
"206",2020,8,7.21153846153846,13,7.46428571428571,6.91666666666667,NA,9,7.0625,7,6,0,1,12,2483,1172,1311,104,721,1762,7.25771244059605,7.91604948805461,6.66917619374523,6.48076923076923,7.38326629680999,7.20633654370034,205
"207",2020,9,7.2047619047619,21,7.97142857142857,6.82142857142857,7.25,6.26666666666667,7.36111111111111,7,14,2,3,18,2504,1179,1325,106,724,1780,7.25726836661342,7.91637828668363,6.67078489811321,6.49528301886792,7.37863950276243,7.20790167977528,206
"208",2020,10,7.07692307692308,13,7.625,6.2,5.5,6.5,7.18181818181818,8,5,2,2,11,2517,1187,1330,108,726,1791,7.25633690504569,7.91441449031171,6.66901503007519,6.47685185185185,7.37621900826446,7.20774147962032,207
"209",2020,11,7.19047619047619,21,7.96153846153846,5.9375,5.75,8.5,6.88235294117647,13,8,2,4,17,2538,1200,1338,110,730,1808,7.25579195823483,7.914925,6.66464124813154,6.46363636363636,7.38237671232877,7.20468196349557,208
"210",2020,12,7.07272727272727,22,7.50666666666667,6.14285714285714,7,7.625,6.95,15,7,1,4,18,2560,1215,1345,111,734,1826,7.25421874609375,7.90988477366255,6.66192564312268,6.46846846846847,7.38369891008175,7.20217140744797,209
"211",2021,1,6.75,20,7.88888888888889,5.81818181818182,5.83333333333333,5.875,6.96875,9,11,3,4,16,2580,1224,1356,114,738,1842,7.25031007364341,7.90973039215686,6.65508111356932,6.45175438596491,7.3755216802168,7.20014385993485,210
"212",2021,2,6.78823529411765,17,6.95,6.4,5.5,4.3,7.32142857142857,12,5,2,3,14,2597,1236,1361,116,741,1856,7.24728532537543,7.90041262135922,6.65414400440852,6.43534482758621,7.3630701754386,7.20105872306034,211
"213",2021,3,7.09117647058823,17,7.555,6.42857142857143,6.33333333333333,8.07857142857143,6.4,10,7,3,7,10,2614,1246,1368,119,748,1866,7.24627008033665,7.8976404494382,6.65298975877193,6.4327731092437,7.36976604278075,7.19676580385852,212
"214",2021,4,6.70833333333333,12,8.16666666666667,5.25,6,8,6.27777777777778,6,6,1,3,9,2626,1252,1374,120,751,1875,7.24381187738004,7.89892971246006,6.64686316593886,6.42916666666667,7.37228362183755,7.19235466133333,213
"215",2021,5,7.30952380952381,21,8.03846153846154,6.125,7,9.25,6.85294117647059,13,8,1,4,17,2647,1265,1382,121,755,1892,7.24433320362674,7.90036363636364,6.64384225036179,6.43388429752066,7.38223178807947,7.18930496300211,214
"216",2021,6,6.30588235294118,17,6.92857142857143,5.87,5.83333333333333,7.3,6,7,10,3,4,13,2664,1272,1392,124,759,1905,7.23834459084084,7.89501572327044,6.6382830387931,6.41935483870968,7.38179841897233,7.18118897112861,215
"217",2021,7,6.675,20,7.4375,6.16666666666667,NA,5.125,7.0625,8,12,0,4,16,2684,1280,1404,124,763,1921,7.23414679210134,7.89215625,6.63425212962963,6.41935483870968,7.36996723460026,7.18020041124414,216
"218",2021,8,7.61176470588235,17,8.04,7,NA,9.25,7.39333333333333,10,7,0,2,15,2701,1290,1411,124,765,1936,7.23652350610885,7.89330232558139,6.63606661233168,6.41935483870968,7.37488235294118,7.18185175103305,217
"219",2021,9,7.40714285714286,14,8,6.9625,7.25,7.2,7.42307692307692,6,8,2,1,13,2715,1296,1419,126,766,1949,7.23740331123388,7.8937962962963,6.63790696969697,6.43253968253968,7.37465404699739,7.18346074397126,218
"220",2021,10,7.81578947368421,19,8.5,7.2,7.75,8.75,7.56666666666667,9,10,2,4,15,2734,1305,1429,128,770,1964,7.24142282004389,7.89797701149425,6.64184044086774,6.453125,7.3817987012987,7.1863874694501,219
"221",2021,11,6.66,20,7.65714285714286,4.33333333333333,5.5,6.675,6.65625,14,6,2,4,16,2754,1319,1435,130,774,1980,7.23720043209876,7.89542077331312,6.63218814634146,6.43846153846154,7.37814599483204,7.18210353030303,220
"222",2021,12,6.94814814814815,27,7.79285714285714,6.03846153846154,7,6.5,7.05,14,13,1,5,22,2781,1333,1448,131,779,2002,7.23439409924487,7.89434358589647,6.62685772790055,6.44274809160305,7.37250962772786,7.18065184315684,221
"223",2022,1,7.00810810810811,37,7.8125,6.3952380952381,6,7.40909090909091,6.83846153846154,16,21,1,11,26,2818,1349,1469,132,790,2028,7.23142299148332,7.8933728687917,6.62354662355344,6.43939393939394,7.37301898734177,7.17626478796844,222
"224",2022,2,7.28421052631579,19,7.91666666666667,6.99230769230769,3,6.45,7.38235294117647,6,13,1,2,17,2837,1355,1482,133,792,2045,7.23177652097286,7.89347601476015,6.62678136977058,6.41353383458647,7.37068813131313,7.17797799022005,223
"225",2022,3,7.19965217391304,23,7.13642105263158,7.5,NA,8.5,7.0046,19,4,0,3,20,2860,1374,1486,133,795,2065,7.23151817832168,7.88300727802038,6.6291318909825,6.41353383458647,7.37494968553459,7.17629878450363,224
"226",2022,4,6.73913043478261,23,7.72727272727273,5.83333333333333,NA,8,6.61904761904762,11,12,0,2,21,2883,1385,1498,133,797,2086,7.22759000693722,7.88177039711191,6.62275700267023,6.41353383458647,7.37651819322459,7.17068887344199,225
"227",2022,5,7.75272727272727,22,8.00375,7.08333333333333,NA,8.38,7.56823529411765,16,6,0,5,17,2905,1401,1504,133,802,2103,7.23156695008606,7.88316345467523,6.62459440824468,6.41353383458647,7.38277431421446,7.17390251545411,226
"228",2022,6,7.11068965517241,29,7.65714285714286,6.60066666666667,6,6.58333333333333,7.24826086956522,14,15,2,6,23,2934,1415,1519,135,808,2126,7.23037218473074,7.88092720848057,6.62435812376564,6.40740740740741,7.37683787128713,7.17470695672624,227
"229",2022,7,7.15652173913043,23,8.02222222222222,6.6,NA,5.06666666666667,7.47,9,14,0,3,20,2957,1424,1533,135,811,2146,7.22979776462631,7.8818202247191,6.62413567514677,6.40740740740741,7.36829223181258,7.1774589888164,228
"230",2022,8,7,20,6.73076923076923,7.5,8,6.1,7.3,13,7,1,5,15,2977,1437,1540,136,816,2161,7.22825394356735,7.87140709812109,6.62811687662338,6.41911764705882,7.36052083333333,7.17830957427117,229
"231",2022,9,7.470625,16,7.252,7.835,NA,7.23666666666667,7.52461538461538,10,6,0,3,13,2993,1447,1546,136,819,2174,7.229549612429,7.86712646855563,6.63280076972833,6.41911764705882,7.36006715506715,7.18038040018399,230
"232",2022,10,6.66958333333333,12,7.9,5.79071428571429,NA,4.75,7.0535,5,7,0,2,10,3005,1452,1553,136,821,2184,7.22731347420965,7.86723966942149,6.62900514488088,6.41911764705882,7.35370889159561,7.17979944597069,231
"233",2022,11,6.68571428571429,21,7.4,5.9,7,6,6.8,11,10,2,3,18,3026,1463,1563,138,824,2202,7.22355485459352,7.86372658920027,6.62434100447857,6.42753623188406,7.34878033980582,7.17669481834695,232
"234",2022,12,7.25,22,7.39285714285714,7,NA,7.33333333333333,7.23684210526316,14,8,0,3,19,3048,1477,1571,138,827,2221,7.22374573162729,7.85926337169939,6.62625397199236,6.42753623188406,7.34872430471584,7.17720936064835,233
