"","year","month","avg_rating","no_ratings","avg_rating_owned","avg_rating_not_owned","avg_rating_prev_owned","avg_rating_comment","avg_rating_no_comment","no_ratings_owned","no_ratings_not_owned","no_ratings_prev_owned","no_ratings_comment","no_ratings_no_comment","cum_no_ratings","cum_no_ratings_owned","cum_no_ratings_not_owned","cum_no_ratings_prev_owned","cum_no_ratings_comment","cum_no_ratings_no_comment","cum_avg_rating","cum_avg_rating_owned","cum_avg_rating_not_owned","cum_avg_rating_prev_owned","cum_avg_rating_comment","cum_avg_rating_no_comment","month_after_release"
"1",2001,6,7.5,2,8,7,NA,8,7,1,1,0,1,1,2,1,1,0,1,1,7.5,8,7,NA,8,7,0
"2",2001,7,7,1,7,NA,NA,NA,7,1,0,0,0,1,3,2,1,0,1,2,7.33333333333333,7.5,7,NA,8,7,1
"3",2001,8,6.5,4,6.5,NA,NA,7,6.33333333333333,4,0,0,1,3,7,6,1,0,2,5,6.85714285714286,6.83333333333333,7,NA,7.5,6.6,2
"4",2001,9,4,4,5,3.66666666666667,6,NA,4,1,3,1,0,4,11,7,4,1,2,9,5.81818181818182,6.57142857142857,4.5,6,7.5,5.44444444444444,3
"5",2001,10,8.66666666666667,3,8,10,NA,10,8,2,1,0,1,2,14,9,5,1,3,11,6.42857142857143,6.88888888888889,5.6,6,8.33333333333333,5.90909090909091,4
"6",2001,11,6.3,10,6.57142857142857,5.66666666666667,NA,6,6.42857142857143,7,3,0,3,7,24,16,8,1,6,18,6.375,6.75,5.625,6,7.16666666666667,6.11111111111111,5
"7",2001,12,7.5,2,7.5,NA,NA,NA,7.5,2,0,0,0,2,26,18,8,1,6,20,6.46153846153846,6.83333333333333,5.625,6,7.16666666666667,6.25,6
"8",2002,1,5.25,4,6.5,4,NA,6.5,4,2,2,0,2,2,30,20,10,1,8,22,6.3,6.8,5.3,6,7,6.04545454545455,7
"9",2002,2,6.5,2,6.5,NA,NA,NA,6.5,2,0,0,0,2,32,22,10,1,8,24,6.3125,6.77272727272727,5.3,6,7,6.08333333333333,8
"10",2002,3,6.85714285714286,7,7,6,6,8,6.4,6,1,1,2,5,39,28,11,2,10,29,6.41025641025641,6.82142857142857,5.36363636363636,6,7.2,6.13793103448276,9
"11",2002,4,6,1,6,NA,NA,6,NA,1,0,0,1,0,40,29,11,2,11,29,6.4,6.79310344827586,5.36363636363636,6,7.09090909090909,6.13793103448276,10
"12",2002,6,8.25,4,8.25,NA,NA,10,6.5,4,0,0,2,2,44,33,11,2,13,31,6.56818181818182,6.96969696969697,5.36363636363636,6,7.53846153846154,6.16129032258065,12
"13",2002,7,8,4,8,NA,NA,8,8,4,0,0,1,3,48,37,11,2,14,34,6.6875,7.08108108108108,5.36363636363636,6,7.57142857142857,6.32352941176471,13
"14",2002,8,6.33333333333333,3,6.5,6,NA,6,6.5,2,1,0,1,2,51,39,12,2,15,36,6.66666666666667,7.05128205128205,5.41666666666667,6,7.46666666666667,6.33333333333333,14
"15",2002,9,5,5,5,5,5,5,5,4,1,1,2,3,56,43,13,3,17,39,6.51785714285714,6.86046511627907,5.38461538461539,5.66666666666667,7.17647058823529,6.23076923076923,15
"16",2002,10,5.5,4,5,5.66666666666667,6,5.5,5.5,1,3,1,2,2,60,44,16,4,19,41,6.45,6.81818181818182,5.4375,5.75,7,6.19512195121951,16
"17",2002,11,8.5,6,8.2,10,NA,10,8.2,5,1,0,1,5,66,49,17,4,20,46,6.63636363636364,6.95918367346939,5.70588235294118,5.75,7.15,6.41304347826087,17
"18",2002,12,8,6,8,NA,NA,NA,8,6,0,0,0,6,72,55,17,4,20,52,6.75,7.07272727272727,5.70588235294118,5.75,7.15,6.59615384615385,18
"19",2003,1,6.71428571428571,7,6.71428571428571,NA,NA,8,6.5,7,0,0,1,6,79,62,17,4,21,58,6.74683544303798,7.03225806451613,5.70588235294118,5.75,7.19047619047619,6.58620689655172,19
"20",2003,2,6.33333333333333,6,6,8,NA,4.5,7.25,5,1,0,2,4,85,67,18,4,23,62,6.71764705882353,6.95522388059702,5.83333333333333,5.75,6.95652173913043,6.62903225806452,20
"21",2003,3,7,3,7,NA,NA,NA,7,3,0,0,0,3,88,70,18,4,23,65,6.72727272727273,6.95714285714286,5.83333333333333,5.75,6.95652173913043,6.64615384615385,21
"22",2003,4,7.11111111111111,9,7.28571428571429,6.5,NA,7.75,6.6,7,2,0,4,5,97,77,20,4,27,70,6.76288659793814,6.98701298701299,5.9,5.75,7.07407407407407,6.64285714285714,22
"23",2003,5,5,6,5.5,4.75,NA,5,5,2,4,0,4,2,103,79,24,4,31,72,6.66019417475728,6.94936708860759,5.70833333333333,5.75,6.80645161290323,6.59722222222222,23
"24",2003,6,6.25,4,4,8.5,NA,6,6.5,2,2,0,2,2,107,81,26,4,33,74,6.64485981308411,6.87654320987654,5.92307692307692,5.75,6.75757575757576,6.59459459459459,24
"25",2003,7,6.3,20,7.11111111111111,5.63636363636364,6,6.875,5.91666666666667,9,11,1,8,12,127,90,37,5,41,86,6.59055118110236,6.9,5.83783783783784,5.8,6.78048780487805,6.5,25
"26",2003,8,6.875,12,6.92857142857143,6.8,NA,6.3,7.28571428571429,7,5,0,5,7,139,97,42,5,46,93,6.61510791366906,6.9020618556701,5.95238095238095,5.8,6.72826086956522,6.55913978494624,26
"27",2003,9,6.39,10,6.63333333333333,6.025,6,6.01666666666667,6.95,6,4,1,6,4,149,103,46,6,52,97,6.6,6.88640776699029,5.95869565217391,5.83333333333333,6.64615384615385,6.57525773195876,27
"28",2003,10,7.25,8,7.5,6.5,NA,8.33333333333333,6.6,6,2,0,3,5,157,109,48,6,55,102,6.63312101910828,6.92018348623853,5.98125,5.83333333333333,6.73818181818182,6.57647058823529,28
"29",2003,11,6.42857142857143,7,7.5,5,5,7,5.66666666666667,4,3,2,4,3,164,113,51,8,59,105,6.62439024390244,6.94070796460177,5.92352941176471,5.625,6.75593220338983,6.55047619047619,29
"30",2003,12,8.2,5,8.2,NA,NA,8.5,7,5,0,0,4,1,169,118,51,8,63,106,6.67100591715976,6.99406779661017,5.92352941176471,5.625,6.86666666666667,6.55471698113208,30
"31",2004,1,7.1,10,7.14285714285714,7,NA,9,6.625,7,3,0,2,8,179,125,54,8,65,114,6.69497206703911,7.0024,5.98333333333333,5.625,6.93230769230769,6.55964912280702,31
"32",2004,2,5.77777777777778,9,6.16666666666667,5,NA,6,5.71428571428571,6,3,0,2,7,188,131,57,8,67,121,6.65106382978723,6.96412213740458,5.93157894736842,5.625,6.9044776119403,6.51074380165289,32
"33",2004,3,7.17857142857143,14,7.22222222222222,7.1,NA,7.75,6.95,9,5,0,4,10,202,140,62,8,71,131,6.68762376237624,6.98071428571428,6.0258064516129,5.625,6.95211267605634,6.5442748091603,33
"34",2004,4,7.06666666666667,15,7.36363636363636,6.25,7,7.375,6.71428571428571,11,4,1,8,7,217,151,66,9,79,138,6.71382488479263,7.00860927152318,6.03939393939394,5.77777777777778,6.99493670886076,6.55289855072464,34
"35",2004,5,6.6875,8,6.35714285714286,9,NA,6.625,6.75,7,1,0,4,4,225,158,67,9,83,142,6.71288888888889,6.97974683544304,6.08358208955224,5.77777777777778,6.97710843373494,6.55845070422535,35
"36",2004,6,7,10,7.11111111111111,6,NA,7,7,9,1,0,3,7,235,167,68,9,86,149,6.72510638297872,6.98682634730539,6.08235294117647,5.77777777777778,6.97790697674419,6.57919463087248,36
"37",2004,7,6.64705882352941,17,6.53333333333333,7.5,NA,6.85714285714286,6.5,15,2,0,7,10,252,182,70,9,93,159,6.71984126984127,6.94945054945055,6.12285714285714,5.77777777777778,6.96881720430107,6.57421383647799,37
"38",2004,8,6.66666666666667,12,6.66666666666667,6.66666666666667,NA,6.71428571428571,6.6,9,3,0,7,5,264,191,73,9,100,164,6.71742424242424,6.93612565445026,6.14520547945205,5.77777777777778,6.951,6.575,38
"39",2004,9,7.41666666666667,12,7.55555555555556,7,6,7.41666666666667,7.41666666666667,9,3,2,6,6,276,200,76,11,106,170,6.74782608695652,6.964,6.17894736842105,5.81818181818182,6.97735849056604,6.60470588235294,39
"40",2004,10,6.97222222222222,18,7.16666666666667,6,5,7.71428571428571,6.5,15,3,2,7,11,294,215,79,13,113,181,6.76156462585034,6.97813953488372,6.17215189873418,5.69230769230769,7.02300884955752,6.59834254143647,40
"41",2004,11,6.5,16,6.79166666666667,5.625,4,6.55,6.41666666666667,12,4,1,10,6,310,227,83,14,123,187,6.74806451612903,6.96828193832599,6.14578313253012,5.57142857142857,6.98455284552845,6.59251336898396,41
"42",2004,12,6.89130434782609,23,6.88888888888889,6.9,7.5,7.33333333333333,6.60714285714286,18,5,2,9,14,333,245,88,16,132,201,6.75795795795796,6.96244897959184,6.18863636363636,5.8125,7.00833333333333,6.59353233830846,42
"43",2005,1,7.090625,32,7.44074074074074,5.2,6.5,7.05,7.10909090909091,27,5,2,10,22,365,272,93,18,142,223,6.78712328767123,7.00992647058824,6.13548387096774,5.88888888888889,7.0112676056338,6.64439461883408,43
"44",2005,2,7.02941176470588,17,7.17857142857143,6.33333333333333,6,7,7.05555555555556,14,3,2,8,9,382,286,96,20,150,232,6.7979057591623,7.01818181818182,6.14166666666667,5.9,7.01066666666667,6.66034482758621,44
"45",2005,3,7.10526315789474,19,7.1875,6.66666666666667,7,6.83333333333333,7.57142857142857,16,3,1,12,7,401,302,99,21,162,239,6.81246882793018,7.02715231788079,6.15757575757576,5.95238095238095,6.99753086419753,6.68702928870293,45
"46",2005,4,6.81,20,7.07058823529412,5.33333333333333,5,6.34375,7.12083333333333,17,3,1,8,12,421,319,102,22,170,251,6.81235154394299,7.0294670846395,6.13333333333333,5.90909090909091,6.96676470588235,6.70776892430279,46
"47",2005,5,6.20588235294118,17,6.41666666666667,5.7,5.66666666666667,6,6.38888888888889,12,5,3,8,9,438,331,107,25,178,260,6.78881278538813,7.00725075528701,6.11308411214953,5.88,6.92331460674157,6.69673076923077,47
"48",2005,6,6.38666666666667,15,6.34285714285714,7,NA,5.8,6.68,14,1,0,5,10,453,345,108,25,183,270,6.77549668874172,6.98028985507246,6.1212962962963,5.88,6.89262295081967,6.69611111111111,48
"49",2005,7,7.19444444444444,18,7.35714285714286,6.625,NA,7.45454545454545,6.78571428571429,14,4,0,11,7,471,359,112,25,194,277,6.79150743099788,6.9949860724234,6.13928571428571,5.88,6.92448453608247,6.69837545126354,49
"50",2005,8,6.69655172413793,29,6.97368421052632,6.17,6.85,6.4,6.9375,19,10,2,13,16,500,378,122,27,207,293,6.786,6.99391534391534,6.14180327868853,5.95185185185185,6.89154589371981,6.71143344709898,50
"51",2005,9,7.58333333333333,12,7.9375,6.875,7.5,8.2,7.14285714285714,8,4,1,5,7,512,386,126,28,212,300,6.8046875,7.01347150259067,6.16507936507937,6.00714285714286,6.92240566037736,6.7215,51
"52",2005,10,6.33035714285714,28,6.58333333333333,5.875,5.5,5.83823529411765,7.09090909090909,18,10,4,17,11,540,404,136,32,229,311,6.78009259259259,6.99430693069307,6.14375,5.94375,6.84192139737991,6.73456591639872,52
"53",2005,11,7.02777777777778,18,7.41666666666667,6.25,NA,6.7,7.15384615384615,12,6,0,5,13,558,416,142,32,234,324,6.78808243727599,7.00649038461538,6.14823943661972,5.94375,6.83888888888889,6.75138888888889,53
"54",2005,12,7.35185185185185,27,7.76315789473684,6.375,6.5,6.875,7.55263157894737,19,8,4,8,19,585,435,150,36,242,343,6.81410256410256,7.03954022988506,6.16033333333333,6.00555555555556,6.8400826446281,6.79577259475219,54
"55",2006,1,7.00872413793103,29,7.22384210526316,6.6,5.33333333333333,7.417,6.825,19,10,3,9,20,614,454,160,39,251,363,6.82329478827362,7.04725330396476,6.1878125,5.95384615384615,6.86076892430279,6.79738292011019,55
"56",2006,2,6.40384615384615,26,6.55,5.91666666666667,5,6.65,6.25,20,6,1,10,16,640,474,166,40,261,379,6.8062546875,7.02627215189873,6.17801204819277,5.93,6.85269348659004,6.77427440633245,56
"57",2006,3,6.908,25,6.95555555555556,6.78571428571429,7.16666666666667,6.94285714285714,6.86363636363636,18,7,3,14,11,665,492,173,43,275,390,6.81007969924812,7.02368495934959,6.20260115606936,6.01627906976744,6.85728363636364,6.77679487179487,57
"58",2006,4,7.33333333333333,15,7.21428571428571,9,NA,7.5,7.27272727272727,14,1,0,4,11,680,506,174,43,279,401,6.82162205882353,7.02895849802371,6.21867816091954,6.01627906976744,6.8664982078853,6.79039900249377,58
"59",2006,5,6.859375,32,7.07142857142857,5.375,6.5,7.11538461538461,6.68421052631579,28,4,1,13,19,712,534,178,44,292,420,6.82331882022472,7.03118539325843,6.19971910112359,6.02727272727273,6.87757876712329,6.78559523809524,59
"60",2006,6,6.44117647058824,17,6.5,6.3,6,5.5,6.73076923076923,12,5,2,4,13,729,546,183,46,296,433,6.81440740740741,7.01951098901099,6.20245901639344,6.02608695652174,6.85896283783784,6.78394919168591,60
"61",2006,7,6.79545454545455,22,7.20588235294118,5.4,5.5,7.4,6.61764705882353,17,5,4,5,17,751,563,188,50,301,450,6.81385219707057,7.02513854351687,6.1811170212766,5.984,6.86795016611296,6.77766666666667,61
"62",2006,8,6.8125,24,6.93333333333333,6.61111111111111,6.66666666666667,6.78571428571429,6.82352941176471,15,9,6,7,17,775,578,197,56,308,467,6.81381032258064,7.02275605536332,6.2007614213198,6.05714285714286,6.86608116883117,6.77933618843683,62
"63",2006,9,6.28,25,6.62352941176471,5.55,NA,6.14285714285714,6.33333333333333,17,8,0,7,18,800,595,205,56,315,485,6.79712875,7.01134957983193,6.17536585365854,6.05714285714286,6.85000952380952,6.76278350515464,63
"64",2006,10,6.22916666666667,24,6.66666666666667,5.5,NA,6,6.32352941176471,15,9,0,7,17,824,610,214,56,322,502,6.78058616504854,7.0028737704918,6.14696261682243,6.05714285714286,6.83153105590062,6.74790836653387,64
"65",2006,11,7.22727272727273,22,7.2,7.28571428571429,7,7.28571428571429,7.2,15,7,2,7,15,846,625,221,58,329,517,6.79220212765957,7.0076048,6.18303167420815,6.08965517241379,6.84119452887538,6.7610251450677,65
"66",2006,12,6.73787878787879,33,6.93653846153846,6,7,6.81818181818182,6.69772727272727,26,7,2,11,22,879,651,228,60,340,539,6.79016268486917,7.00476651305684,6.17741228070175,6.12,6.84045,6.75844155844156,66
"67",2007,1,6.28571428571429,42,6.69230769230769,5.625,6,6.23529411764706,6.32,26,16,4,17,25,921,677,244,64,357,564,6.76715852334419,6.99276661742984,6.14118852459016,6.1125,6.81163305322129,6.73900709219858,67
"68",2007,2,6.37062333333333,30,7.025,5.62276428571429,6,6.22222222222222,6.43422380952381,16,14,2,9,21,951,693,258,66,366,585,6.75464952681388,6.99351082251082,6.11305697674419,6.10909090909091,6.79713934426229,6.72806615384615,68
"69",2007,3,7.375,36,7.78571428571429,5.9375,2,7,7.45,28,8,1,6,30,987,721,266,67,372,615,6.77727629179331,7.02427600554785,6.10777706766917,6.04776119402985,6.80041129032258,6.76328243902439,69
"70",2007,4,6.57894736842105,38,6.66129032258065,6.21428571428571,7,6.36666666666667,6.71739130434783,31,7,1,15,23,1025,752,273,68,387,638,6.7699236097561,7.0093125,6.11050805860806,6.06176470588235,6.78359948320413,6.76162805642633,70
"71",2007,5,6.24137931034483,29,6.5,5.5625,6.75,6,6.33333333333333,21,8,2,8,21,1054,773,281,70,395,659,6.75538111954459,6.99547606727038,6.09490640569395,6.08142857142857,6.76772911392405,6.74797981790592,71
"72",2007,6,6.44230769230769,26,6.55263157894737,6.14285714285714,6,6,6.575,19,7,1,6,20,1080,792,288,71,401,679,6.74784416666667,6.98485227272727,6.096071875,6.08028169014084,6.75624189526184,6.74288468335788,72
"73",2007,7,6.98,25,7.11764705882353,6.6875,6.83333333333333,7,6.97619047619048,17,8,3,4,21,1105,809,296,74,405,700,6.75309656108597,6.98764276885043,6.11205641891892,6.11081081081081,6.75864938271605,6.74988385714286,73
"74",2007,8,7.15243902439024,41,7.19166666666667,7.04545454545455,6,6.88076923076923,7.27857142857143,30,11,3,13,28,1146,839,307,77,418,728,6.76738368237347,6.99493802145411,6.1455006514658,6.10649350649351,6.76244736842105,6.77021799450549,74
"75",2007,9,6.67857142857143,28,7.13636363636364,5,7,6.625,6.7,22,6,1,8,20,1174,861,313,78,426,748,6.76526550255537,6.99855168408827,6.12354217252396,6.11794871794872,6.7598661971831,6.76834050802139,75
"76",2007,10,6.25294117647059,34,6.58333333333333,5.46,5.66666666666667,6.07692307692308,6.36190476190476,24,10,3,13,21,1208,885,323,81,439,769,6.7508457781457,6.98729152542373,6.10299907120743,6.10123456790123,6.7396423690205,6.75724148244473,76
"77",2007,11,6.7030612244898,49,6.82105263157895,6.29545454545455,6.33333333333333,6.69230769230769,6.70694444444444,38,11,3,13,36,1257,923,334,84,452,805,6.7489830548926,6.9804474539545,6.1093374251497,6.10952380952381,6.73828097345133,6.75499217391304,77
"78",2007,12,6.634,50,7.10322580645161,5.86842105263158,6,6.78888888888889,6.546875,31,19,3,18,32,1307,954,353,87,470,837,6.74458431522571,6.98443710691824,6.09637025495751,6.10574712643678,6.74021914893617,6.74703548387097,78
"79",2008,1,6.795,50,6.99342105263158,6.16666666666667,6.66666666666667,6.75,6.825,38,12,3,20,30,1357,992,365,90,490,867,6.74644193072955,6.98478125,6.09868136986301,6.12444444444444,6.74061836734694,6.74973321799308,79
"80",2008,2,6.64705882352941,34,7.21739130434783,5.45454545454545,5.66666666666667,6.45454545454545,6.73913043478261,23,11,3,11,23,1391,1015,376,93,501,890,6.74401272465852,6.99005221674877,6.07983696808511,6.10967741935484,6.7343373253493,6.74945921348315,80
"81",2008,3,7.27631578947368,38,7.22058823529412,7.75,6,7.65384615384615,7.08,34,4,1,13,25,1429,1049,380,94,514,915,6.7581677396781,6.99752430886559,6.09741763157895,6.10851063829787,6.75759338521401,6.75849038251366,81
"82",2008,4,7.2,39,7.384375,6.35714285714286,6,7.5,7.0125,32,7,2,15,24,1468,1081,387,96,529,939,6.76990579019074,7.00897594819611,6.10211550387597,6.10625,6.77864461247637,6.76498264110756,82
"83",2008,5,6.84615384615385,52,7.22972972972973,5.9,5.5,6.81578947368421,6.86363636363636,37,15,4,19,33,1520,1118,402,100,548,972,6.77251427631579,7.01628175313059,6.09457388059701,6.082,6.77993248175182,6.76833199588477,83
"84",2008,6,6.640625,32,6.88,5.78571428571429,5.5,6.1875,7.09375,25,7,3,16,16,1552,1143,409,103,564,988,6.76979490979381,7.0133009623797,6.08928777506112,6.06504854368932,6.76312588652482,6.77360192307692,84
"85",2008,7,6.68952380952381,42,6.96941176470588,5.5,5.7,6.38,6.9,34,8,5,17,25,1594,1177,417,108,581,1013,6.76767986198243,7.01203313508921,6.07798249400479,6.04814814814815,6.7519156626506,6.77672132280355,85
"86",2008,8,6.55714285714286,42,6.856,6.11764705882353,5.83333333333333,6.3,6.6375,25,17,9,10,32,1636,1202,434,117,591,1045,6.76227487775061,7.00878785357737,6.07953617511521,6.03162393162393,6.74426903553299,6.7724580861244,86
"87",2008,9,6.7625,40,7.18181818181818,6.25,6.04545454545455,7.15,6.375,22,18,11,20,20,1676,1224,452,128,611,1065,6.76228025059666,7.01189787581699,6.08632455752212,6.0328125,6.75754991816694,6.76499408450704,87
"88",2008,10,6.71190476190476,42,6.96666666666667,5.77777777777778,6.66666666666667,6.38333333333333,6.95833333333333,33,9,9,18,24,1718,1257,461,137,629,1089,6.76104871944121,7.01071042163882,6.08030086767896,6.07445255474452,6.74684101748807,6.76925500459137,88
"89",2008,11,6.59111111111111,45,6.72916666666667,6.43333333333333,5.72727272727273,6.61,6.58571428571429,24,21,11,10,35,1763,1281,482,148,639,1124,6.7567111174135,7.00543559718969,6.09568195020747,6.04864864864865,6.74469953051643,6.76353976868327,89
"90",2008,12,7.00454545454545,33,7.0075,7,6.78571428571429,6.68333333333333,7.125,20,13,7,9,24,1796,1301,495,155,648,1148,6.76126486636971,7.00546733282091,6.11943171717172,6.08193548387097,6.74384722222222,6.77109642857143,90
"91",2009,1,7.2025,60,7.45131578947368,6.77272727272727,6.58823529411765,7.71052631578947,6.96707317073171,38,22,17,19,41,1856,1339,517,172,667,1189,6.77552893318965,7.01812023898431,6.14723152804642,6.13197674418605,6.77138380809595,6.77785424726661,91
"92",2009,2,6.71311475409836,61,6.828125,6.58620689655172,6.83333333333333,6.69230769230769,6.71875,32,29,9,13,48,1917,1371,546,181,680,1237,6.77354287949922,7.01368563092633,6.17054706959707,6.16685082872928,6.76987205882353,6.77556079223929,92
"93",2009,3,7.00943396226415,53,7.234375,6.66666666666667,6.58333333333333,7.13333333333333,6.96052631578947,32,21,6,15,38,1970,1403,567,187,695,1275,6.77988918781726,7.01871917320028,6.18892186948854,6.18021390374332,6.77771654676259,6.78107349019608,93
"94",2009,4,6.28061224489796,49,6.44,6.11458333333333,6,6.5,6.25568181818182,25,24,8,5,44,2019,1428,591,195,700,1319,6.76777201584943,7.008587535014,6.18590304568528,6.17282051282051,6.77573285714286,6.76354715693707,94
"95",2009,5,6.55526315789474,57,7.0758064516129,5.93461538461538,5.95,6.27894736842105,6.69342105263158,31,26,12,19,38,2076,1459,617,207,719,1357,6.76193723506744,7.01001576422207,6.17531393841167,6.15990338164251,6.7626050069541,6.7615834193073,95
"96",2009,6,6.52959183673469,49,6.83166666666667,6.05263157894737,6.0625,6.43461538461538,6.56388888888889,30,19,8,13,36,2125,1489,636,215,732,1393,6.75657962352941,7.00642243116185,6.17164889937107,6.15627906976744,6.75678005464481,6.75647430007179,96
"97",2009,7,6.67232142857143,56,7.06875,6.14375,6.40833333333333,7.125,6.54886363636364,32,24,12,12,44,2181,1521,660,227,744,1437,6.75441618523613,7.00773372781065,6.17063439393939,6.16960352422908,6.7627190860215,6.7501173973556,97
"98",2009,8,6.96464285714286,56,7.00151515151515,6.91173913043478,7,6.85714285714286,7.00047619047619,33,23,14,14,42,2237,1554,683,241,758,1479,6.75967890031292,7.00760167310167,6.19559106881406,6.21784232365145,6.76446306068601,6.75722697768763,98
"99",2009,9,7.09571428571429,56,7.23405405405405,6.82631578947368,6.475,6.78421052631579,7.25567567567568,37,19,12,19,37,2293,1591,702,253,777,1516,6.76788560837331,7.01286800754242,6.21266196581197,6.2300395256917,6.76494594594594,6.7693922823219,99
"100",2009,10,6.77547169811321,53,7.02428571428571,6.29166666666667,5.91666666666667,7.07142857142857,6.66923076923077,35,18,6,14,39,2346,1626,720,259,791,1555,6.76805699062234,7.01311377613776,6.21463708333333,6.22277992277992,6.77037041719342,6.76688019292604,100
"101",2009,11,6.51,50,6.55333333333333,6.445,6.61111111111111,6.19375,6.65882352941177,30,20,9,16,34,2396,1656,740,268,807,1589,6.76267182804674,7.00478442028985,6.22086310810811,6.23582089552239,6.75893804213135,6.76456809314034,101
"102",2009,12,6.80972222222222,72,7.20833333333333,6.41111111111111,6.5,6.61904761904762,6.88823529411765,36,36,15,21,51,2468,1692,776,283,828,1640,6.76404444894652,7.00911524822695,6.22968904639175,6.24982332155477,6.75539009661836,6.76841384146341,102
"103",2010,1,6.69166666666667,72,7.25121951219512,5.95161290322581,6.1875,6.35714285714286,6.77241379310345,41,31,16,14,58,2540,1733,807,299,842,1698,6.76199279527559,7.01484304673976,6.21900706319703,6.24648829431438,6.74876840855107,6.76855047114252,103
"104",2010,2,6.91521739130435,46,7.04666666666667,6.66875,6.95714285714286,6.8,6.92926829268293,30,16,7,5,41,2586,1763,823,306,847,1739,6.76471836813612,7.01538457175269,6.22775054678007,6.26274509803922,6.74907083825266,6.77233967797585,104
"105",2010,3,6.64814814814815,54,6.79285714285714,6.49230769230769,6.38,6.5,6.69512195121951,28,26,10,13,41,2640,1791,849,316,860,1780,6.76233397727273,7.01190563930765,6.23585241460542,6.26645569620253,6.74530581395349,6.77056106741573,105
"106",2010,4,6.91395348837209,43,7.33793103448276,6.03571428571429,6.28,6.3,7.1,29,14,5,10,33,2683,1820,863,321,870,1813,6.76476395825568,7.01710054945055,6.2326056778679,6.26666666666667,6.74018735632184,6.77655747380033,106
"107",2010,5,6.94239130434783,46,7.53928571428571,6.01388888888889,6.5,7.07727272727273,6.9,28,18,6,11,35,2729,1848,881,327,881,1848,6.76775804323928,7.02501244588744,6.22813700340522,6.27094801223242,6.74439614074915,6.7788954004329,107
"108",2010,6,6.9625,40,7.25,6.42857142857143,6.66666666666667,7.16666666666667,6.92647058823529,26,14,6,6,34,2769,1874,895,333,887,1882,6.77057121704586,7.02813393810032,6.23127229050279,6.27807807807808,6.74725253664036,6.78156147715196,108
"109",2010,7,6.76621621621622,37,7.21904761904762,6.171875,7.25,6.28571428571429,7.05869565217391,21,16,6,14,23,2806,1895,911,339,901,1905,6.77051379187455,7.03024960422163,6.23022908891328,6.2952802359882,6.74008102108768,6.78490745406824,109
"110",2010,8,6.95106382978723,47,7.3125,6.18,6.07142857142857,7.25,6.87027027027027,32,15,7,10,37,2853,1927,926,346,911,1942,6.77348815282159,7.03493668915412,6.22941544276458,6.29075144508671,6.74567837541163,6.78653383110196,110
"111",2010,9,7.42444444444444,45,7.52352941176471,7.11818181818182,8.2,6.72222222222222,7.6,34,11,5,9,36,2898,1961,937,351,920,1978,6.78359616977226,7.04340795512493,6.23984919957311,6.31794871794872,6.74544891304348,6.80133907987866,111
"112",2010,10,6.99047619047619,42,7.20434782608696,6.73157894736842,6.66666666666667,6.6,7.1125,23,19,6,10,32,2940,1984,956,357,930,2010,6.78655159863945,7.04527368951613,6.24962207112971,6.32380952380952,6.74388494623656,6.80629288557214,112
"113",2010,11,6.752,50,7.16428571428571,6.22727272727273,6.5,6.58333333333333,6.80526315789474,28,22,10,12,38,2990,2012,978,367,942,2048,6.78597381270903,7.04692992047714,6.24911932515337,6.32861035422343,6.74183970276008,6.80627377929687,113
"114",2010,12,6.97307692307692,65,7.32386363636364,6.23809523809524,6.42857142857143,7.17857142857143,6.91666666666667,44,21,14,14,51,3055,2056,999,381,956,2099,6.7899547299509,7.05285651750973,6.24888758758759,6.33228346456693,6.74823535564853,6.80895602667937,114
"115",2011,1,7.15,73,7.18301886792453,7.0625,6.71428571428571,7.68125,7.00087719298246,53,20,7,16,57,3128,2109,1019,388,972,2156,6.79835732097186,7.05612754860123,6.26485642787046,6.33917525773196,6.76359362139918,6.81403000927644,115
"116",2011,2,6.41176470588235,51,6.75925925925926,6.02083333333333,6,5.82692307692308,6.61184210526316,27,24,10,13,38,3179,2136,1043,398,985,2194,6.79215530040893,7.052375,6.25924132310642,6.33065326633166,6.75123147208122,6.81052812215132,116
"117",2011,3,6.93771929824561,57,7.109375,6.718,6.33076923076923,7.65,6.76739130434783,32,25,13,11,46,3236,2168,1068,411,996,2240,6.79471931396786,7.05321632841328,6.26998005617977,6.33065693430657,6.76115763052209,6.80964227678571,117
"118",2011,4,7.57738095238095,42,7.904,7.09705882352941,6.79545454545455,8.04166666666667,7.39166666666667,25,17,11,12,30,3278,2193,1085,422,1008,2270,6.80474731543624,7.06291518467852,6.28293889400922,6.34277251184834,6.77640178571428,6.81733422907489,118
"119",2011,5,6.94444425925926,54,7.11111083333333,6.61111111111111,6.9,6.83333333333333,6.98717923076923,36,18,10,15,39,3332,2229,1103,432,1023,2309,6.80701131152461,7.06369358008075,6.28829437896645,6.3556712962963,6.77723655913978,6.82020298397575,119
"120",2011,6,7.08125,32,7.47333333333333,6.73529411764706,7.33333333333333,7.5,6.98461538461538,15,17,9,6,26,3364,2244,1120,441,1029,2335,6.80962000297265,7.06643181372549,6.29507919642857,6.37562358276644,6.78145092322643,6.82203370021413,120
"121",2011,7,7.24512195121951,41,7.20606060606061,7.40625,7.3125,7.625,7.12258064516129,33,8,4,10,31,3405,2277,1128,445,1039,2366,6.81486393245227,7.06845541941151,6.30295984042553,6.38404494382023,6.7895697786333,6.82597155114116,121
"122",2011,8,7.45217391304348,46,7.84285714285714,6.84444444444444,6.85714285714286,7.81428571428571,7.38717948717949,28,18,7,7,39,3451,2305,1146,452,1046,2405,6.82335893654013,7.07786246854664,6.31146483420593,6.39137168141593,6.79642734225621,6.83507222037422,122
"123",2011,9,6.99090909090909,44,7.41923076923077,6.37222222222222,7,6.91666666666667,7.01875,26,18,2,12,32,3495,2331,1164,454,1058,2437,6.82546829470672,7.08167009438009,6.3124043814433,6.39405286343612,6.79779111531191,6.83748407468198,123
"124",2011,10,6.81241379310345,58,6.74648648648649,6.92857142857143,6.71428571428571,6.49428571428571,6.91363636363636,37,21,7,14,44,3553,2368,1185,461,1072,2481,6.82525518998029,7.07643285050676,6.32332379746835,6.39891540130152,6.79382742537313,6.8388346191052,124
"125",2011,11,7.02735849056604,53,7.42142857142857,6.26111111111111,6.5,7.5,6.91744186046512,35,18,3,10,43,3606,2403,1203,464,1082,2524,6.82822564891847,7.08145775697045,6.32239293433084,6.39956896551724,6.80035397412199,6.84017380744849,125
"126",2011,12,6.67755102040816,49,6.78064516129032,6.5,6.66666666666667,7.21428571428571,6.58809523809524,31,18,6,7,42,3655,2434,1221,470,1089,2566,6.82620566073871,7.07762653656532,6.32501122031122,6.40297872340426,6.80301469237833,6.83604781371785,126
"127",2012,1,7.06027397260274,73,7.41463414634146,6.60625,6.84375,7.05,7.06415094339623,41,32,16,20,53,3728,2475,1253,486,1109,2619,6.83078907993562,7.08320928888889,6.33219369513168,6.41748971193416,6.80746889089269,6.84066387552501,127
"128",2012,2,7.25106382978723,47,7.32,7.17272727272727,6.94166666666667,7.125,7.29428571428571,25,22,12,12,35,3775,2500,1275,498,1121,2654,6.8360216397351,7.085577196,6.34669701960784,6.43012048192771,6.8108679750223,6.84664607761869,128
"129",2012,3,7.49333333333333,45,7.64848484848485,7.06666666666667,6.66666666666667,6.97,7.64285714285714,33,12,3,10,35,3820,2533,1287,501,1131,2689,6.84376484031413,7.09291077378603,6.35341002331002,6.43153692614771,6.81227497789567,6.85700955373745,129
"130",2012,4,7.06491228070175,57,7.32571428571429,6.65,6.89090909090909,6.6,7.16382978723404,35,22,11,10,47,3877,2568,1309,512,1141,2736,6.84701616971885,7.09608371884735,6.35839472880061,6.44140625,6.81041454864154,6.86228022295322,130
"131",2012,5,7.11333333333333,30,6.99444444444444,7.29166666666667,7.64285714285714,7.4,7.056,18,12,7,5,25,3907,2586,1321,519,1146,2761,6.84906109291016,7.09537625290023,6.36687259651779,6.45761078998073,6.81298691099476,6.86403429554509,131
"132",2012,6,6.84130434782609,46,6.99,6.5625,6.72222222222222,7.0625,6.79473684210526,30,16,9,8,38,3953,2616,1337,528,1154,2799,6.84897082974956,7.09416780963303,6.36921368735976,6.46212121212121,6.81471663778163,6.86309349410504,132
"133",2012,7,7.56897959183673,49,7.6969696969697,7.305,7.2,7.3125,7.6190243902439,33,16,5,8,41,4002,2649,1353,533,1162,2840,6.85778652923538,7.10167723291808,6.38027989652624,6.46904315196998,6.81814371772805,6.87400658098592,133
"134",2012,8,7.26162790697674,43,7.34677419354839,7.04166666666667,7.28571428571429,7.8125,7.13571428571429,31,12,7,8,35,4045,2680,1365,540,1170,2875,6.86207952781211,7.10451230970149,6.38609428571429,6.47962962962963,6.82494273504273,6.87719258782609,134
"135",2012,9,6.74418604651163,43,7.12962962962963,6.09375,6.5,6.33333333333333,6.81081081081081,27,16,10,6,37,4088,2707,1381,550,1176,2912,6.86083945450098,7.1047628333949,6.38270724112961,6.48,6.82243452380952,6.87634913804945,135
"136",2012,10,7.36891891891892,37,7.518,7.05833333333333,7.74,7.47857142857143,7.30217391304348,25,12,5,14,23,4125,2732,1393,555,1190,2935,6.86539677333333,7.10854428623719,6.38852742282843,6.49135135135135,6.8301537815126,6.87968609540034,136
"137",2012,11,7.05172413793103,58,7.53030303030303,6.42,7.25,7.4,6.93023255813953,33,25,8,15,43,4183,2765,1418,563,1205,2978,6.86798032273488,7.11357793490054,6.38908229901269,6.50213143872114,6.83724730290456,6.88041594694426,137
"138",2012,12,7.30964912280702,57,7.9640625,6.472,7.27777777777778,7.76923076923077,7.17386363636364,32,25,9,13,44,4240,2797,1443,572,1218,3022,6.87391785141509,7.12330818376832,6.39051884961885,6.51433566433567,6.84719458128079,6.88468851422899,138
"139",2013,1,7.02307692307692,65,7.28888888888889,6.425,6.53571428571429,6.88888888888889,7.04464285714286,45,20,14,9,56,4305,2842,1463,586,1227,3078,6.87616996283391,7.12592997536946,6.39099022556391,6.51484641638225,6.84750040749796,6.88759866471735,139
"140",2013,2,7.22363636363636,55,7.5448275862069,6.86538461538461,6.81818181818182,7,7.26170212765957,29,26,11,8,47,4360,2871,1489,597,1235,3125,6.88055313990826,7.13016126436782,6.39927380792478,6.52043551088777,6.84848825910931,6.8932251808,140
"141",2013,3,7.22592592592593,54,7.57666666666667,6.7875,7.5625,8.04,7.04090909090909,30,24,8,10,44,4414,2901,1513,605,1245,3169,6.8847783620299,7.13477869355395,6.40543205551884,6.53421487603306,6.85805863453815,6.89527569895866,141
"142",2013,4,6.67692307692308,39,7.17368421052632,6.205,7.91666666666667,6.66666666666667,6.67878787878788,19,20,6,6,33,4453,2920,1533,611,1251,3202,6.88295793622277,7.13503184589041,6.40281715590346,6.54779050736498,6.85714068745004,6.89304456277327,142
"143",2013,5,7.28695652173913,46,7.33428571428571,7.13636363636364,7.2,7.41666666666667,7.24117647058824,35,11,5,12,34,4499,2955,1544,616,1263,3236,6.88708861747055,7.1373918747885,6.40804319948186,6.55308441558442,6.86245684877276,6.89670231458591,143
"144",2013,6,6.7,36,6.86111111111111,6.53888888888889,6.55,6.625,6.72142857142857,18,18,10,8,28,4535,2973,1562,626,1271,3264,6.88560345975744,7.13571913555331,6.40955102432778,6.55303514376997,6.86096223446105,6.89519874080882,144
"145",2013,7,6.87777777777778,45,6.875,6.88235294117647,5.66666666666667,7.9,6.58571428571429,28,17,6,10,35,4580,3001,1579,632,1281,3299,6.885526569869,7.13328656781073,6.41464135528816,6.54462025316456,6.86907338017174,6.89191533494999,145
"146",2013,8,7.43448275862069,58,7.92439024390244,6.25294117647059,6.725,8.29230769230769,7.18666666666667,41,17,8,13,45,4638,3042,1596,640,1294,3344,6.89239148124191,7.14394904339251,6.41291898496241,6.546875,6.88337171561051,6.89588178528708,146
"147",2013,9,6.96034482758621,58,7.1125,6.62222222222222,6.5,6.73076923076923,7.02666666666667,40,18,7,13,45,4696,3082,1614,647,1307,3389,6.89323076873935,7.14354087929916,6.41525322180917,6.54636785162288,6.88185386381025,6.89761838005311,147
"148",2013,10,7.276,50,7.47931034482759,6.9952380952381,6.825,8.73333333333333,7.07727272727273,29,21,12,6,44,4746,3111,1635,659,1313,3433,6.89726331437,7.14667084217294,6.42270256880734,6.55144157814871,6.8903145468393,6.89992096999709,148
"149",2013,11,7.03378378378378,74,7.43846153846154,6.07727272727273,6.21428571428571,7.09473684210526,7.01272727272727,52,22,7,19,55,4820,3163,1657,666,1332,3488,6.89935927178423,7.15146790705027,6.41811629450815,6.5478978978979,6.89323048048048,6.90169973910551,149
"150",2013,12,7.30281690140845,71,7.57291666666667,6.73913043478261,6.93333333333333,6.55,7.42622950819672,48,23,15,10,61,4891,3211,1680,681,1342,3549,6.90521604784298,7.15776798193709,6.42251113095238,6.55638766519824,6.89067287630402,6.91071532544379,150
"151",2014,1,6.90632653061224,98,7.12,6.55405405405405,6.83333333333333,6.63333333333333,6.94441860465116,61,37,15,12,86,4989,3272,1717,696,1354,3635,6.90523786129485,7.15706387224939,6.42534577751893,6.56235632183908,6.88839217134416,6.91151270701513,151
"152",2014,2,7.39850746268657,67,7.75510204081633,6.42777777777778,6.33333333333333,6.83333333333333,7.45409836065574,49,18,9,6,61,5056,3321,1735,705,1360,3696,6.91177446400317,7.16588768142126,6.42537100864553,6.55943262411348,6.88814926470588,6.92046771915585,152
"153",2014,3,6.82264150943396,53,6.9258064516129,6.67727272727273,6.71111111111111,5.925,6.98222222222222,31,22,9,8,45,5109,3352,1757,714,1368,3741,6.9108498120963,7.1636673597852,6.42852515651679,6.56134453781513,6.88251681286549,6.92121055600107,153
"154",2014,4,7.66808510638298,47,7.88,7.29411764705882,6.9,7.75,7.65128205128205,30,17,5,8,39,5156,3382,1774,719,1376,3780,6.91775246121024,7.1700215819042,6.43682001127396,6.56369958275383,6.88756031976744,6.92874303968254,154
"155",2014,5,7.52340425531915,47,7.65,7.19230769230769,6.66666666666667,7.7,7.50238095238095,34,13,6,5,42,5203,3416,1787,725,1381,3822,6.92322346530848,7.17479888466042,6.44231600447678,6.56455172413793,6.8905018102824,6.9350467530089,155
"156",2014,6,7.07575757575758,33,7.47727272727273,6.27272727272727,6.28571428571429,6.68181818181818,7.27272727272727,22,11,7,11,22,5236,3438,1798,732,1392,3844,6.92418481474408,7.17673443571844,6.44127847608454,6.56188524590164,6.88885272988505,6.936979367846,156
"157",2014,7,6.95121951219512,41,6.98214285714286,6.88461538461539,7.5,6.28571428571429,7.08823529411765,28,13,6,7,34,5277,3466,1811,738,1399,3878,6.92439486261133,7.1751624321985,6.44446090557703,6.56951219512195,6.88583488205861,6.93830548994327,157
"158",2014,8,7.26888888888889,45,7.58125,6.5,6.5,6.725,7.38648648648649,32,13,5,8,37,5322,3498,1824,743,1407,3915,6.92730772078166,7.17887735563179,6.44485674342105,6.56904441453567,6.88492039800995,6.9425411724138,158
"159",2014,9,7,58,7.83333333333333,6.10714285714286,6.40909090909091,6.91666666666667,7.02173913043478,30,28,11,12,46,5380,3528,1852,754,1419,3961,6.92809139219331,7.18444245748299,6.43975091792657,6.56671087533157,6.88518886539816,6.94346091643525,159
"160",2014,10,6.88095238095238,42,7.11666666666667,6.29166666666667,4.9,6.78571428571429,6.92857142857143,30,12,5,14,28,5422,3558,1864,759,1433,3989,6.92772624308373,7.18387099213041,6.43879758583691,6.55573122529644,6.88421702721563,6.94335640260717,160
"161",2014,11,6.86530612244898,49,7.212,6.50416666666667,6.21428571428571,6.25,7.02307692307692,25,24,7,10,39,5471,3583,1888,766,1443,4028,6.92716718881375,7.18406725927993,6.43962854872881,6.55261096605744,6.8798218988219,6.94412827457796,161
"162",2014,12,6.75431034482759,58,7.34090909090909,5.98,6.75,6.5625,6.80434782608696,33,25,8,12,46,5529,3616,1913,774,1455,4074,6.92535389582203,7.18549861449115,6.43362190277052,6.5546511627907,6.87720481099656,6.94254999754541,162
"163",2015,1,7.05449438202247,89,7.39912280701754,6.440625,7.3,7.46666666666667,6.97094594594595,57,32,5,15,74,5618,3673,1945,779,1470,4148,6.92739973122108,7.18881377348217,6.43373712082262,6.5594351732991,6.88321972789115,6.94305657907426,163
"164",2015,2,7.22727272727273,66,7.56590909090909,6.55,6.25,7.41818181818182,7.18909090909091,44,22,8,11,55,5684,3717,1967,787,1481,4203,6.93088171885996,7.19327764057035,6.43503746822573,6.55628970775095,6.88719311276164,6.94627615750655,164
"165",2015,3,7.15178571428571,56,7.7741935483871,6.38,6.42857142857143,7.46428571428571,7.04761904761905,31,25,7,14,42,5740,3748,1992,794,1495,4245,6.93303687979094,7.19808244130203,6.43434673694779,6.5551637279597,6.89259732441471,6.94727884334511,165
"166",2015,4,6.97592592592593,54,7.53870967741936,6.21739130434783,6.07142857142857,6.88461538461539,7.00487804878049,31,23,7,13,41,5794,3779,2015,801,1508,4286,6.93343660510873,7.20087668430802,6.43187032258065,6.55093632958802,6.89252851458886,6.94782983901074,166
"167",2015,5,7.5525,40,7.8448275862069,6.78181818181818,7.12222222222222,7.45,7.578125,29,11,9,8,32,5834,3808,2026,810,1516,4318,6.93768112615701,7.20578072216387,6.43377033563672,6.55728395061728,6.89547031662269,6.9525008545623,167
"168",2015,6,7.18235294117647,34,7.58461538461538,5.875,5.5,7.57142857142857,7.08148148148148,26,8,2,7,27,5868,3834,2034,812,1523,4345,6.93909878834356,7.20834976264998,6.43157261553589,6.55467980295567,6.89857715036113,6.9533023452244,168
"169",2015,7,7.17272727272727,44,7.33103448275862,6.86666666666667,6.28571428571429,6.9,7.26363636363636,29,15,7,11,33,5912,3863,2049,819,1534,4378,6.94083756596752,7.20927077142118,6.43475778428502,6.55238095238095,6.89858735332464,6.95564154636821,169
"170",2015,8,7.18181818181818,55,7.27142857142857,7.025,7.4,6.9375,7.22340425531915,35,20,10,8,47,5967,3898,2069,829,1542,4425,6.94305877157701,7.2098288840431,6.44046336394393,6.56260554885404,6.89878923476005,6.95848557966102,170
"171",2015,9,7.01777777777778,45,7.32592592592593,6.55555555555556,6.64285714285714,9,6.87619047619048,27,18,7,3,42,6012,3925,2087,836,1545,4467,6.94361804557551,7.2106275133758,6.44145601341639,6.56327751196172,6.90286925566343,6.95771181777479,171
"172",2015,10,7.30697674418605,43,7.53076923076923,6.96470588235294,5.56,6.94444444444444,7.40294117647059,26,17,5,9,34,6055,3951,2104,841,1554,4501,6.94619846242774,7.21273424196406,6.44568379277567,6.55731272294887,6.90311003861004,6.96107502554988,172
"173",2015,11,6.85,62,7.03529411764706,6.625,6.66666666666667,6.85,6.85,34,28,12,10,52,6117,3985,2132,853,1564,4553,6.94522342488148,7.21122032371393,6.44803878986867,6.5588511137163,6.90277046035805,6.95980643312102,173
"174",2015,12,6.99881081081081,74,7.47852173913043,6.21071428571429,6.525,6.25,7.08957575757576,46,28,16,8,66,6191,4031,2160,869,1572,4619,6.94586394605072,7.21427064996279,6.44496236111111,6.55822784810127,6.89944847328244,6.9616606819658,174
"175",2016,1,7.03462686567164,67,7.33227272727273,6.46521739130435,6.925,7.862,6.88947368421053,44,23,4,10,57,6258,4075,2183,873,1582,4676,6.94681426813678,7.21554478282209,6.44517576729272,6.55990836197022,6.90553286978508,6.96078072925578,175
"176",2016,2,7.21754385964912,57,7.53125,6.816,5.95,6.76666666666667,7.37857142857143,32,25,10,15,42,6315,4107,2208,883,1597,4718,6.94925790815518,7.218004623813,6.44937441123188,6.55300113250283,6.90422855353788,6.96449993429419,176
"177",2016,3,7.24083098591549,71,7.51361363636364,6.7962962962963,6.22222222222222,7.25,7.24028358208955,44,27,9,4,67,6386,4151,2235,892,1601,4785,6.95249963827122,7.22113803661768,6.45356541387025,6.54966367713005,6.90509244222361,6.96836148171369,177
"178",2016,4,7.36197183098592,71,7.71190476190476,6.8551724137931,7.07,8.3,7.29090909090909,42,29,10,5,66,6457,4193,2264,902,1606,4851,6.95700212017965,7.22605389697114,6.45870967314488,6.55543237250554,6.90943524283935,6.97274988455989,178
"179",2016,5,7.53880597014925,67,7.6046511627907,7.42083333333333,7.77777777777778,7.65384615384615,7.51111111111111,43,24,9,13,54,6524,4236,2288,911,1619,4905,6.9629771137339,7.22989707034939,6.46880187937063,6.56750823271131,6.9154126003706,6.97867679714577,179
"180",2016,6,7.18285714285714,70,7.62340425531915,6.28260869565217,6.5,7.27777777777778,7.16885245901639,47,23,11,9,61,6594,4283,2311,922,1628,4966,6.9653112966333,7.23421526733598,6.46694881003894,6.56670281995662,6.91741584766585,6.98101282521144,180
"181",2016,7,7.1375,72,7.46046511627907,6.65862068965517,7.16666666666667,7.54545454545455,7.06393442622951,43,29,12,11,61,6666,4326,2340,934,1639,5027,6.96717112061206,7.23646416782247,6.46932423076923,6.57441113490364,6.92163087248322,6.98201903520987,181
"182",2016,8,7.59144736842105,76,7.69666666666667,7.43870967741935,7.26666666666667,8.18125,7.52205882352941,45,31,15,8,68,6742,4371,2371,949,1647,5095,6.97420834915455,7.24120201098147,6.4819986081822,6.58535300316122,6.92774924104432,6.98922663199215,182
"183",2016,9,7.41933333333333,75,7.75384615384615,6.66304347826087,7.07692307692308,7.74545454545455,7.36328125,52,23,13,11,64,6817,4423,2394,962,1658,5159,6.97910557283262,7.24722902780918,6.48373796992481,6.59199584199584,6.93317430639324,6.99386696840473,183
"184",2016,10,7.48360655737705,61,7.7,6.875,6.66666666666667,7.32352941176471,7.54545454545455,45,16,9,17,44,6878,4468,2410,971,1675,5203,6.98357992003489,7.25178916517457,6.48633556016598,6.59268795056643,6.93713611940298,6.99853155679416,184
"185",2016,11,7.31351351351351,74,7.66734693877551,6.62,7.45454545454545,7.1,7.346875,49,25,11,10,64,6952,4517,2435,982,1685,5267,6.98709187140391,7.25629709763117,6.48770788501027,6.60234215885947,6.93810267062314,7.00276432314411,185
"186",2016,12,7.36764705882353,68,7.83783783783784,6.80645161290323,7.5,6.59090909090909,7.51754385964912,37,31,7,11,57,7020,4554,2466,989,1696,5324,6.99077816096866,7.26102195652174,6.49171480129765,6.60869565217391,6.9358508254717,7.00827567430504,186
"187",2017,1,7.23457446808511,94,7.43046875,6.81666666666667,6.96666666666667,7.45454545454545,7.20542168674699,64,30,15,11,83,7114,4618,2496,1004,1707,5407,6.99399953472027,7.26337028800347,6.49562047275641,6.6140438247012,6.93919332161687,7.01130195857222,187
"188",2017,2,7.28513513513514,74,7.57045454545455,6.86666666666667,6.73333333333333,7.18,7.31186440677966,44,30,15,15,59,7188,4662,2526,1019,1722,5466,6.99699675709516,7.26626855212355,6.50002719714964,6.61579980372915,6.94129094076655,7.01454622941822,188
"189",2017,3,7.82619047619048,84,8.08166666666667,7.1875,7.33333333333333,7.65882352941177,7.86865671641791,60,24,12,17,67,7272,4722,2550,1031,1739,5533,7.00657490236523,7.27662939220669,6.50649752941176,6.62415130940834,6.94830534790109,7.02488879269836,189
"190",2017,4,7.31081081081081,74,7.44791666666667,7.05769230769231,7.8,7.85714285714286,7.18333333333333,48,26,10,14,60,7346,4770,2576,1041,1753,5593,7.00963962564661,7.27835303773585,6.51206083074534,6.63544668587896,6.95556360524815,7.02658853745754,190
"191",2017,5,7.23619718309859,71,7.69813953488372,6.52678571428571,7.02272727272727,7.61333333333333,7.18145161290323,43,28,11,9,62,7417,4813,2604,1052,1762,5655,7.01180837130915,7.28210346769167,6.51221916282642,6.63949619771863,6.95892338251986,7.0282864173298,191
"192",2017,6,7.73968253968254,63,7.875,7.30666666666667,7.0125,8.7,7.55849056603774,48,15,8,10,53,7480,4861,2619,1060,1772,5708,7.01793886229946,7.28795803126929,6.51676926307751,6.64231132075472,6.96874887133183,7.03320947617379,192
"193",2017,7,7.33027397260274,73,7.73941176470588,6.38181818181818,6.45714285714286,6.89166666666667,7.41655737704918,51,22,7,12,61,7553,4912,2641,1067,1784,5769,7.02095759168542,7.29264535627036,6.51564509655433,6.64109653233365,6.96823038116592,7.03726290344947,193
"194",2017,8,7.44492753623188,69,7.77058823529412,6.52222222222222,5.75,7.47222222222222,7.43529411764706,51,18,4,18,51,7622,4963,2659,1071,1802,5820,7.02479568223563,7.29755671771106,6.51568962015795,6.63776844070962,6.97326470588235,7.04075080584193,194
"195",2017,9,7.6,70,7.81111111111111,7.22,7.06666666666667,7.65,7.59166666666667,45,25,15,10,60,7692,5008,2684,1086,1812,5880,7.03003025091003,7.30217132388179,6.52224988822653,6.64369244935543,6.97699944812362,7.0463723962585,195
"196",2017,10,7.48955223880597,67,7.71282051282051,7.17857142857143,7.36666666666667,7.03846153846154,7.59814814814815,39,28,15,13,54,7759,5047,2712,1101,1825,5934,7.03399828457275,7.30534455914405,6.52902606932153,6.65354223433243,6.97743726027397,7.05139361139198,196
"197",2017,11,7.51962025316456,79,7.68962264150943,7.17307692307692,7.18181818181818,7.97058823529412,7.39596774193548,53,26,11,17,62,7838,5100,2738,1112,1842,5996,7.03889291783618,7.3093380372549,6.53514196493791,6.65876798561151,6.98660314875136,7.05495658605737,197
"198",2017,12,7.36233766233766,77,7.75897435897436,6.95526315789474,6.875,7.35,7.36417910447761,39,38,12,10,67,7915,5139,2776,1124,1852,6063,7.04203950600126,7.31275033858727,6.54089290345821,6.66107651245552,6.98856533477322,7.05837369124196,198
"199",2018,1,7.64277777777778,126,7.87176470588235,7.1680487804878,6.94736842105263,7.73529411764706,7.62834862385321,85,41,19,17,109,8041,5224,2817,1143,1869,6172,7.05145289018779,7.32184609303216,6.55002083777068,6.66583552055993,6.99535741037988,7.06843967757615,199
"200",2018,2,7.63714285714286,70,7.81153846153846,7.13333333333333,7.38888888888889,7.75,7.62258064516129,52,18,9,8,62,8111,5276,2835,1152,1877,6234,7.05650754407594,7.3266724772555,6.55372440917107,6.671484375,6.99857378795951,7.07395086461341,200
"201",2018,3,7.65945945945946,74,8.11,6.72083333333333,7.29166666666667,7.79166666666667,7.63387096774194,50,24,12,12,62,8185,5326,2859,1164,1889,6296,7.06195878924862,7.33402628426587,6.555127212312,6.67787800687285,7.00361196400212,7.07946469027955,201
"202",2018,4,7.39850746268657,67,7.80612244897959,6.28888888888889,5.9,7.375,7.40363636363636,49,18,5,12,55,8252,5375,2877,1169,1901,6351,7.06469130998546,7.33833004465116,6.55346148766076,6.67455089820359,7.00595633876907,7.0822720343253,202
"203",2018,5,7.636,65,8.36842105263158,6.60518518518519,6.54545454545455,7.7,7.62436363636364,38,27,11,10,55,8317,5413,2904,1180,1911,6406,7.06915626908741,7.34556142434879,6.55394238980716,6.67334745762712,7.00958817373103,7.08692627068374,203
"204",2018,6,7.26966267857143,56,7.476345,6.83333333333333,6.66666666666667,7.09916666666667,7.31616159090909,38,18,6,12,44,8373,5451,2922,1186,1923,6450,7.07049728890481,7.34647314254265,6.55566348391513,6.67331365935919,7.01014716588664,7.08849004651163,204
"205",2018,7,7.0462962962963,54,7.26666666666667,6.77083333333333,6.5625,7.08333333333333,7.04166666666667,30,24,8,6,48,8427,5481,2946,1194,1929,6498,7.07034220956449,7.34603632548805,6.55741639511202,6.67257118927973,7.01037480559876,7.08814416743614,205
"206",2018,8,7.53846153846154,65,8.02173913043478,6.36842105263158,5.16666666666667,5.875,7.7719298245614,46,19,6,8,57,8492,5527,2965,1200,1937,6555,7.0739253179463,7.35166005066039,6.55620529510961,6.66504166666667,7.00568559628291,7.09409012967201,206
"207",2018,9,7.30377358490566,53,7.828125,6.5047619047619,6.72727272727273,7.42857142857143,7.28478260869565,32,21,11,7,46,8545,5559,2986,1211,1944,6601,7.07535094207138,7.35440278827127,6.55584350301406,6.66560693641619,7.00720833333333,7.09541899712165,207
"208",2018,10,7.41666666666667,63,7.64634146341463,6.98863636363636,8,6.85,7.59375,41,22,8,15,48,8608,5600,3008,1219,1959,6649,7.07784895446096,7.35654019642857,6.55900887632979,6.67436423297785,7.0060045941807,7.09901651376147,208
"209",2018,11,7.66555555555556,54,8.06971428571429,6.92105263157895,6.78571428571429,8,7.60739130434783,35,19,7,8,46,8662,5635,3027,1226,1967,6695,7.08151279150311,7.36096984915706,6.56128136769078,6.675,7.01004728012201,7.10250945481703,209
"210",2018,12,7.07965517241379,58,7.545,6.31818181818182,6.25,6.2625,7.2104,36,22,8,8,50,8720,5671,3049,1234,1975,6745,7.08150043577982,7.36213808852054,6.55952728763529,6.67224473257699,7.00701924050633,7.10330923647146,210
"211",2019,1,7.44050632911392,79,7.61607142857143,7.01304347826087,6.55,8.75,7.29295774647887,56,23,10,8,71,8799,5727,3072,1244,1983,6816,7.08472369587453,7.36462111052907,6.56292275390625,6.67126205787781,7.01405093292991,7.10528474178404,211
"212",2019,2,7.50175438596491,57,8.24324324324324,6.13,6.71428571428571,9.8,7.28076923076923,37,20,7,5,52,8856,5764,3092,1251,1988,6868,7.08740783649503,7.37026112074948,6.56012247736093,6.67150279776179,7.0210578470825,7.10661339545719,212
"213",2019,3,7.61034482758621,58,7.9275,6.90555555555556,6.18571428571429,7.06666666666667,7.71020408163265,40,18,7,9,49,8914,5804,3110,1258,1997,6917,7.09081038815347,7.37410149896623,6.56212176848874,6.66879968203498,7.02126339509264,7.11088922943473,213
"214",2019,4,7.28703703703704,54,7.68571428571429,6.55263157894737,7,7.11111111111111,7.32222222222222,35,19,7,9,45,8968,5839,3129,1265,2006,6962,7.09199194915254,7.37596936119199,6.56206414189837,6.67063241106719,7.02166650049851,7.11225521401896,214
"215",2019,5,7.32109375,64,7.69166666666667,6.61363636363636,6.14285714285714,7.57692307692308,7.25588235294118,42,22,7,13,51,9032,5881,3151,1272,2019,7013,7.09361534543844,7.37822395851046,6.56242421453507,6.66772798742138,7.02524170381377,7.11329970055611,215
"216",2019,6,7.5,51,7.75,7.14285714285714,7.33333333333333,8.375,7.33720930232558,30,21,9,8,43,9083,5911,3172,1281,2027,7056,7.09589714851921,7.38011082727119,6.56626692938209,6.6724043715847,7.03056882091761,7.11466422902495,216
"217",2019,7,7.50605448979592,49,7.5289584375,7.46294117647059,6.98,7.41,7.52206357142857,32,17,10,7,42,9132,5943,3189,1291,2034,7098,7.09809794897065,7.38091229513714,6.57104694261524,6.67478698683191,7.03187463126844,7.11707487602142,217
"218",2019,8,7.50422535211268,71,8.08974358974359,6.790625,7.35333333333333,7.33,7.5327868852459,39,32,15,10,61,9203,5982,3221,1306,2044,7159,7.10123117135717,7.38553356235373,6.57322840732691,6.68258039816233,7.0333331702544,7.12061705126415,218
"219",2019,9,7.23485714285714,70,7.43702127659575,6.82173913043478,7.29,7.83333333333333,7.17875,47,23,10,6,64,9273,6029,3244,1316,2050,7223,7.10223988676804,7.38593494277658,6.574990351418,6.68719604863222,7.03567463414634,7.12113214315382,219
"220",2019,10,7.24583333333333,60,7.5,6.77380952380952,7.66666666666667,8.1875,7.17857142857143,39,21,3,4,56,9333,6068,3265,1319,2054,7279,7.10316302046502,7.38666805702044,6.57626912710566,6.68942380591357,7.03791772151899,7.12157404451161,220
"221",2019,11,7.42666666666667,60,7.53055555555556,7.27083333333333,7.33333333333333,7.63333333333333,7.4037037037037,36,24,9,6,54,9393,6104,3289,1328,2060,7333,7.10522947620569,7.38751667267366,6.58133739738522,6.69378765060241,7.03965194174757,7.12365163916542,221
"222",2019,12,7.19411764705882,68,7.56470588235294,6.82352941176471,7.34375,7.57142857142857,7.15081967213115,34,34,16,7,61,9461,6138,3323,1344,2067,7394,7.10586835112567,7.38849817041382,6.58381543785736,6.70152529761905,7.04145283018868,7.12387577360022,222
"223",2020,1,7.34787234042553,94,7.84137931034483,6.55277777777778,7.15,7.21875,7.37435897435897,58,36,14,16,78,9555,6196,3359,1358,2083,7472,7.10824913343799,7.39273753550678,6.58348279249777,6.70614874815906,7.04281469035046,7.12649056076017,223
"224",2020,2,7.43771106666667,75,7.92362173076923,6.33913043478261,5.66666666666667,7.4,7.44351276923077,52,23,6,10,65,9630,6248,3382,1364,2093,7537,7.11081503634476,7.39715590588989,6.58182102306327,6.70157624633431,7.04452126134735,7.12922459864668,224
"225",2020,3,7.67741935483871,62,8.14102564102564,6.89130434782609,7,8,7.6,39,23,4,12,50,9692,6287,3405,1368,2105,7587,7.11443962030541,7.40177033561317,6.58391151248164,6.70244883040936,7.04996817102138,7.13232711216555,225
"226",2020,4,7.22716049382716,81,7.73461538461538,6.31724137931035,7.15,7.85714285714286,7.16756756756757,52,29,10,7,74,9773,6339,3434,1378,2112,7661,7.11537386677581,7.40450072566651,6.58165949330227,6.70569666182874,7.05264346590909,7.13266751076883,226
"227",2020,5,7.67641030769231,65,7.94166675,7.252,6.67142857142857,7.45833333333333,7.72578622641509,40,25,7,12,53,9838,6379,3459,1385,2124,7714,7.11908065358813,7.40786906568428,6.58650439433362,6.70552346570397,7.05493549905838,7.13674260694841,227
"228",2020,6,7.4593220338983,59,7.84571428571429,6.89583333333333,6.42857142857143,7.125,7.51176470588235,35,24,7,8,51,9897,6414,3483,1392,2132,7765,7.12110896938466,7.41025830526972,6.5886358598909,6.70413074712644,7.05519840525328,7.13920572698004,228
"229",2020,7,7.17884615384615,52,7.62068965517241,6.62173913043478,6.66666666666667,7.4375,7.13181818181818,29,23,9,8,44,9949,6443,3506,1401,2140,7809,7.12141074178309,7.41120545863728,6.58885302338847,6.70389007851535,7.05662757009346,7.13916410167755,229
"230",2020,8,7.72140625,64,7.795,7.53333333333333,7.85714285714286,7,7.83945454545455,46,18,7,9,55,10013,6489,3524,1408,2149,7864,7.12524572755418,7.41392614732625,6.59367727014756,6.70962357954545,7.05639041414612,7.1440618603764,230
"231",2020,9,7.62016,125,8.05220779220779,6.92708333333333,7.23529411764706,7.35,7.66560747663551,77,48,17,18,107,10138,6566,3572,1425,2167,7971,7.13134794535411,7.42141132653061,6.59815753079507,6.71589473684211,7.05882925703738,7.1510629118053,231
"232",2020,10,7.03802941176471,85,7.34655172413793,6.37527777777778,5.85634615384615,6.7375,7.10771739130435,58,27,13,16,69,10223,6624,3599,1438,2183,8040,7.13057204049692,7.42075585295894,6.5964854681856,6.70812413073713,7.05647411818598,7.15069091666667,232
"233",2020,11,7.35942028985507,69,7.50625,7.02380952380952,7.375,7.41666666666667,7.34736842105263,48,21,12,12,57,10292,6672,3620,1450,2195,8097,7.13210629323747,7.42137091876499,6.5989644198895,6.71364310344828,7.05844328018223,7.15207545634186,233
"234",2020,12,7.29166666666667,78,7.78367346938775,6.46034482758621,7.2125,6.9375,7.33214285714286,49,29,12,8,70,10370,6721,3649,1462,2203,8167,7.13330645805207,7.42401231513168,6.5978627569197,6.71773768809849,7.05800408533817,7.1536188282111,234
"235",2021,1,7.23367346938775,98,7.37,6.89285714285714,7,7.28125,7.22439024390244,70,28,11,16,82,10468,6791,3677,1473,2219,8249,7.13424608043561,7.42345556913562,6.60010911068806,6.7198455532926,7.05961378999549,7.15432233846527,235
"236",2021,2,7.0952,75,7.54553191489362,6.33928571428571,6,7.58333333333333,7.00222222222222,47,28,13,12,63,10543,6838,3705,1486,2231,8312,7.13396831736697,7.42429464317052,6.5981379757085,6.71354811574697,7.06243074854325,7.15316951034649,236
"237",2021,3,7.492,75,7.82545454545455,6.575,6.55555555555556,7.16153846153846,7.56129032258065,55,20,9,13,62,10618,6893,3725,1495,2244,8374,7.13649726596346,7.42749554185406,6.59801374496644,6.71259698996655,7.06300490196078,7.15619118342489,237
"238",2021,4,7.5051724137931,58,8.05294117647059,6.72916666666667,6.55555555555556,6.5,7.62115384615385,34,24,9,6,52,10676,6927,3749,1504,2250,8426,7.13850018452604,7.43056543525336,6.59885334755935,6.71165724734042,7.06150355555555,7.15906064206029,238
"239",2021,5,7.35942028985507,69,7.49565217391304,7.08695652173913,7,8.47777777777778,7.19166666666667,46,23,10,9,60,10745,6973,3772,1514,2259,8486,7.13991884318288,7.43099480424495,6.6018295864263,6.71356175693527,7.06714608233732,7.15929118194674,239
"240",2021,6,7.39148936170213,47,7.8,6.67058823529412,7.18,6.8625,7.5,30,17,5,8,39,10792,7003,3789,1519,2267,8525,7.14101445237213,7.4325755776096,6.60213808392716,6.71509710335747,7.06642390824878,7.16084984985338,240
"241",2021,7,7.11086956521739,46,7.98181818181818,6.3125,6.875,7.375,7.05526315789474,22,24,8,8,38,10838,7025,3813,1527,2275,8563,7.14088650765824,7.43429562562278,6.60031502753737,6.71593483955468,7.06750901098901,7.16038128809997,241
"242",2021,8,6.98614035087719,57,7.102,6.71352941176471,6.8,6.81625,7.01387755102041,40,17,6,8,49,10895,7065,3830,1533,2283,8612,7.14007691326297,7.43241426326964,6.6008175456919,6.71626386170907,7.06662855891371,7.15954772062239,242
"243",2021,9,7.15818181818182,55,7.2925,6.8,6.57142857142857,7.18181818181818,7.15227272727273,40,15,7,11,44,10950,7105,3845,1540,2294,8656,7.14016785114155,7.43162656861365,6.60159459037711,6.71560551948052,7.06718090671316,7.15951074052681,243
"244",2021,10,7.26417910447761,67,7.47297297297297,7.00666666666667,6.76666666666667,9,7.1241935483871,37,30,12,5,62,11017,7142,3875,1552,2299,8718,7.14092202686757,7.43184076869224,6.60473063225806,6.71600032216495,7.07138451500652,7.15925957444368,244
"245",2021,11,7.74286866666667,165,8.214303,6.8,6.44583333333333,6.87647058823529,7.96773534351145,110,55,24,34,131,11182,7252,3930,1576,2333,8849,7.1498042657843,7.44370933535577,6.60746340966921,6.71188610406091,7.06854393484783,7.1712281952763,245
"246",2021,12,7.16129032258065,93,7.68839086206897,6.28780942857143,6.24166666666667,7.35384615384615,7.13,58,35,12,13,80,11275,7310,3965,1588,2346,8929,7.14989900665188,7.44565072093023,6.60464174779319,6.70833280856423,7.07012489343563,7.1708588083772,246
"247",2022,1,7.3502027027027,148,7.83666666666667,6.36734693877551,6.29411764705882,7.88333333333333,7.29007518796992,99,49,17,15,133,11423,7409,4014,1605,2361,9062,7.15249420467478,7.45087552571197,6.6017450249128,6.70394548286604,7.07529140194833,7.17260850805562,247
"248",2022,2,7.58866972477064,109,8.0022,6.67647058823529,6.90909090909091,7.26852941176471,7.64782608695652,75,34,11,17,92,11532,7484,4048,1616,2378,9154,7.15661691814083,7.45640055718867,6.60237266057312,6.70534189356436,7.07667283431455,7.17738456412498,248
"249",2022,3,7.11018348623853,109,7.57861111111111,6.19864864864865,6.28571428571429,7.37555555555556,7.05769230769231,72,37,7,18,91,11641,7556,4085,1623,2396,9245,7.15618214070956,7.45756508337745,6.59871591921664,6.70353203943315,7.07891819699499,7.17620641427799,249
"250",2022,4,7.54425287356322,87,7.9491935483871,6.54,7.25,7.73,7.52012987012987,62,25,8,10,77,11728,7618,4110,1631,2406,9322,7.15906090552524,7.46156626017328,6.59835876642336,6.70621244635193,7.0816242726517,7.17904723235357,250
"251",2022,5,7.17185185185185,81,7.76264150943396,6.05357142857143,6.30833333333333,7.3,7.14272727272727,53,28,12,15,66,11809,7671,4138,1643,2421,9388,7.15914864086714,7.46364643071308,6.59467243354277,6.7033064516129,7.08297728211483,7.17879189390712,251
"252",2022,6,7.38356802816901,71,7.73986921568627,6.475,6,7.36363636363636,7.38722216666667,51,20,8,11,60,11880,7722,4158,1651,2432,9448,7.16048986784512,7.46547074592075,6.59409680856181,6.69989854633555,7.08424671052631,7.18011554085521,252
"253",2022,7,7.14722222222222,90,7.57372881355932,6.33548387096774,6.27777777777778,5.8,7.22647058823529,59,31,9,5,85,11970,7781,4189,1660,2437,9533,7.16039011111111,7.46629162061432,6.59218298639293,6.69760993975904,7.08161181780878,7.18052886079933,253
"254",2022,8,7.182,100,7.61363636363636,6.34411764705882,7,7,7.2275,66,34,6,20,80,12070,7847,4223,1666,2457,9613,7.16056914913007,7.46753091627374,6.59018577551504,6.69869897959184,7.08094749694749,7.18091975761989,254
"255",2022,9,7.35162597560976,82,7.90065352941176,6.44838709677419,7.92857142857143,7.11666666666667,7.37017539473684,51,31,7,6,76,12152,7898,4254,1673,2463,9689,7.16185837393022,7.4703277323373,6.58915245181006,6.7038448894202,7.08103451075923,7.18240426875839,255
"256",2022,10,7.398235,122,7.6538467816092,6.76285714285714,6.83333333333333,7.05882352941176,7.45318733333333,87,35,9,17,105,12274,7985,4289,1682,2480,9794,7.16420788903373,7.47232725109581,6.59056995336908,6.70453775267539,7.08088225806451,7.18530729324076,256
"257",2022,11,7.19961538461538,104,7.73387096774194,6.41095238095238,5.59090909090909,7,7.21852631578947,62,42,11,9,95,12378,8047,4331,1693,2489,9889,7.16450538293747,7.47434237604076,6.58882810667282,6.69730212640283,7.08058979509843,7.18562641622004,257
"258",2022,12,7.10506413461538,104,7.405,6.69606068181818,6.88888888888889,7.04285714285714,7.11474077777778,60,44,9,14,90,12482,8107,4375,1702,2503,9979,7.16401011857074,7.47382917232022,6.58990656,6.6983152173913,7.08037874550539,7.18498710291612,258
