"","year","month","avg_rating","no_ratings","avg_rating_owned","avg_rating_not_owned","avg_rating_prev_owned","avg_rating_comment","avg_rating_no_comment","no_ratings_owned","no_ratings_not_owned","no_ratings_prev_owned","no_ratings_comment","no_ratings_no_comment","cum_no_ratings","cum_no_ratings_owned","cum_no_ratings_not_owned","cum_no_ratings_prev_owned","cum_no_ratings_comment","cum_no_ratings_no_comment","cum_avg_rating","cum_avg_rating_owned","cum_avg_rating_not_owned","cum_avg_rating_prev_owned","cum_avg_rating_comment","cum_avg_rating_no_comment","month_after_release"
"1",2010,9,8,1,NA,8,NA,NA,8,0,1,0,0,1,1,0,1,0,0,1,8,NA,8,NA,NA,8,-7
"2",2010,10,7.61666666666667,12,8.07142857142857,6.98,5.9,6.16666666666667,8.1,7,5,1,3,9,13,7,6,1,3,10,7.64615384615385,8.07142857142857,7.15,5.9,6.16666666666667,8.09,-6
"3",2010,11,6.5,2,9,4,NA,NA,6.5,1,1,0,0,2,15,8,7,1,3,12,7.49333333333333,8.1875,6.7,5.9,6.16666666666667,7.825,-5
"4",2010,12,4.33333333333333,3,5.5,2,NA,8,2.5,2,1,0,1,2,18,10,8,1,4,14,6.96666666666667,7.65,6.1125,5.9,6.625,7.06428571428571,-4
"5",2011,2,7,1,NA,7,NA,NA,7,0,1,0,0,1,19,10,9,1,4,15,6.96842105263158,7.65,6.21111111111111,5.9,6.625,7.06,-2
"6",2011,3,7,5,8.33333333333333,5,NA,5,7.5,3,2,0,1,4,24,13,11,1,5,19,6.975,7.80769230769231,5.99090909090909,5.9,6.3,7.15263157894737,-1
"7",2011,4,7.09523809523809,21,7.27272727272727,6.9,7.75,8,7,11,10,2,2,19,45,24,21,3,7,38,7.03111111111111,7.5625,6.42380952380952,7.13333333333333,6.78571428571429,7.07631578947368,0
"8",2011,5,7.345,50,7.8125,6.14285714285714,7,7.25,7.38194444444444,36,14,1,14,36,95,60,35,4,21,74,7.19631578947368,7.7125,6.31142857142857,7.1,7.09523809523809,7.225,1
"9",2011,6,7.34464285714286,84,7.89433962264151,6.40483870967742,7,7.65625,7.22,53,31,3,24,60,179,113,66,7,45,134,7.2659217877095,7.79778761061947,6.35530303030303,7.05714285714286,7.39444444444444,7.22276119402985,2
"10",2011,7,7.30169491525424,59,8.02666666666667,6.55172413793103,7.33333333333333,7.49047619047619,7.19736842105263,30,29,6,21,38,238,143,95,13,66,172,7.27478991596639,7.8458041958042,6.41526315789474,7.18461538461538,7.425,7.2171511627907,3
"11",2011,8,7.4865671641791,67,8.03243243243243,6.81333333333333,7.96,7.52173913043478,7.46818181818182,37,30,5,23,44,305,180,125,18,89,216,7.32131147540984,7.88416666666667,6.5108,7.4,7.45,7.26828703703704,4
"12",2011,9,7.20111940298507,134,7.70810810810811,6.57583333333333,7.07142857142857,7.07375,7.25531914893617,74,60,7,40,94,439,254,185,25,129,310,7.28462414578588,7.83287401574803,6.53189189189189,7.308,7.33333333333333,7.26435483870968,5
"13",2011,10,7.2717032967033,182,7.75,6.68841463414634,6.9,7.22613636363636,7.28623188405797,100,82,15,44,138,621,354,267,40,173,448,7.28083735909823,7.80946327683616,6.57996254681648,7.155,7.30606936416185,7.27109375,6
"14",2011,11,7.17277512690355,197,7.68922413793103,6.43316913580247,7.32692307692308,7.09109038461538,7.20206896551724,116,81,13,52,145,818,470,348,53,225,593,7.25481259168704,7.77978723404255,6.54579511494253,7.19716981132075,7.25638533333333,7.25421585160202,7
"15",2011,12,7.37062146892655,177,7.67570093457944,6.90428571428571,7.44444444444444,7.57040816326531,7.294140625,107,70,9,49,128,995,577,418,62,274,721,7.27541376884422,7.76048526863085,6.60582942583732,7.23306451612903,7.31254270072993,7.26130374479889,8
"16",2012,1,7.21916243654822,197,7.83340909090909,6.44252873563218,6.69375,7.23836206896552,7.21115107913669,110,87,16,58,139,1192,687,505,78,332,860,7.26611719798658,7.7721615720524,6.57769643564357,7.1224358974359,7.29958343373494,7.2531976744186,9
"17",2012,2,7.34230158730159,126,7.90791044776119,6.7,7.07142857142857,7.61875,7.30209090909091,67,59,7,16,110,1318,754,564,85,348,970,7.27340037936267,7.78422413793103,6.59049060283688,7.11823529411765,7.31425775862069,7.25874226804124,10
"18",2012,3,7.27009821428571,112,7.84777611940298,6.41,6.75,7.31764705882353,7.2493717948718,67,45,6,34,78,1430,821,609,91,382,1048,7.27314174825175,7.78941047503045,6.57715385878489,7.09395604395604,7.31455942408377,7.25804484732824,11
"19",2012,4,7.1089552238806,134,7.77638888888889,6.33387096774194,6.13333333333333,7.2125,7.08636363636364,72,62,3,24,110,1564,893,671,94,406,1158,7.25907461636829,7.78836058230683,6.55467466467958,7.06329787234043,7.3085263546798,7.2417366148532,12
"20",2012,5,7.12056074766355,107,7.67692307692308,6.59454545454545,7.31818181818182,7,7.14021739130435,52,55,11,15,92,1671,945,726,105,421,1250,7.25020508677439,7.78222857142857,6.55769517906336,7.09,7.29753372921615,7.2342648,13
"21",2012,6,7.38516949152542,118,7.85845070422535,6.67021276595745,6.9375,7.36607142857143,7.39111111111111,71,47,8,28,90,1789,1016,773,113,449,1340,7.2591071548351,7.78755511811024,6.56453648124191,7.07920353982301,7.30180779510022,7.24479925373134,14
"22",2012,7,7.52276515151515,264,7.9529746835443,6.88150943396226,7.52826086956522,7.67063492063492,7.47641791044776,158,106,23,63,201,2053,1174,879,136,512,1541,7.29301154408183,7.80981771720613,6.60276075085324,7.15514705882353,7.3471908203125,7.27501038286827,15
"23",2012,8,7.46555023923445,209,7.93780487804878,6.79011627906977,6.83636363636364,7.34285714285714,7.503125,123,86,11,49,160,2262,1297,965,147,561,1701,7.30895344827586,7.82195528141866,6.61945772020725,7.1312925170068,7.34681229946524,7.29646737213404,16
"24",2012,9,7.41820652173913,184,7.93798076923077,6.7425,7.38888888888889,7.5,7.39172661870504,104,80,18,45,139,2446,1401,1045,165,606,1840,7.31717199509403,7.830568165596,6.62887722488038,7.15939393939394,7.35818762376238,7.30366358695652,17
"25",2012,10,7.29151785714286,224,7.8239837398374,6.64306930693069,7.15384615384615,7.29333333333333,7.29106145251397,123,101,13,45,179,2670,1524,1146,178,651,2019,7.31501973782771,7.83003674540682,6.6301280104712,7.15898876404494,7.35370460829493,7.30254631005448,18
"26",2012,11,7.41050847457627,295,7.90174418604651,6.72357723577236,7.34,7.24307692307692,7.45782608695652,172,123,20,65,230,2965,1696,1269,198,716,2249,7.32452030354131,7.83730896226415,6.63918573680063,7.17727272727273,7.34366159217877,7.31842641173855,19
"27",2012,12,7.51494413407821,358,7.88434959349594,6.70357142857143,7.39090909090909,7.41338028169014,7.54006968641115,246,112,22,71,287,3323,1942,1381,220,787,2536,7.34503541980138,7.84326776519053,6.6444074583635,7.19863636363636,7.34995133418043,7.34350985804417,20
"28",2013,1,7.50392771084337,415,7.87341818181818,6.77814285714286,7.32393939393939,7.43211111111111,7.52381538461538,275,140,33,90,325,3738,2217,1521,253,877,2861,7.36267594970572,7.84700766801985,6.65671709401709,7.21498023715415,7.35838278221209,7.36399196085285,21
"29",2013,2,7.38344709897611,293,7.81028571428571,6.75042372881356,7.18181818181818,7.48039215686275,7.36301652892562,175,118,22,51,242,4031,2392,1639,275,928,3103,7.36418573554949,7.84432107023411,6.66346351433801,7.21232727272727,7.3650880387931,7.36391588785047,22
"30",2013,3,7.44038562091503,306,7.90752688172043,6.71631666666667,7.17307692307692,7.43348148148148,7.44186507936508,186,120,26,54,252,4337,2578,1759,301,982,3355,7.36956207055568,7.84888130333592,6.66706918703809,7.20893687707641,7.36884898167006,7.36977078986587,23
"31",2013,4,7.45798816568047,338,7.95571428571429,6.64140625,7.21739130434783,7.89732142857143,7.37074468085106,210,128,23,56,282,4675,2788,1887,324,1038,3637,7.37595522994652,7.85692826398852,6.66532840487546,7.20953703703704,7.39736001926782,7.36984630189717,24
"32",2013,5,7.38264331210191,314,7.88451776649746,6.53760683760684,6.74137931034483,7.28548387096774,7.40654761904762,197,117,29,62,252,4989,2985,2004,353,1100,3889,7.37637616756865,7.85874907872697,6.65787160678643,7.17107648725212,7.39105427272727,7.37222447930059,25
"33",2013,6,7.49497142857143,350,7.86198312236287,6.72522123893805,6.71481481481482,7.23846153846154,7.55347368421053,237,113,27,65,285,5339,3222,2117,380,1165,4174,7.38415072110882,7.85898696461825,6.6614665564478,7.13865789473684,7.38254051502146,7.38460014374701,26
"34",2013,7,7.46359649122807,456,7.89870550161812,6.54897959183673,7.06,7.48941176470588,7.45768194070081,309,147,25,85,371,5795,3531,2264,405,1250,4545,7.39040219154444,7.86246275842537,6.65416285335689,7.1338024691358,7.38980776,7.39056567656766,27
"35",2013,8,7.59402631578947,380,7.98947791164659,6.84236641221374,7.35166666666667,7.53925373134328,7.60575079872204,249,131,30,67,313,6175,3780,2395,435,1317,4858,7.40293290688259,7.87082962962963,6.66445707724426,7.1488275862069,7.39741055429005,7.40443001235076,28
"36",2013,9,7.52256857855362,401,7.90753676470588,6.71085271317829,6.98,7.74918032786885,7.48191176470588,272,129,15,61,340,6576,4052,2524,450,1378,5198,7.41022820863747,7.87329368213228,6.66682832805071,7.1432,7.41298236574746,7.40949807618315,29
"37",2013,10,7.44942263279446,433,7.89592592592593,6.70981595092025,7.06818181818182,7.22405063291139,7.49971751412429,270,163,44,79,354,7009,4322,2687,494,1457,5552,7.41264955057783,7.87470754280426,6.66943606252326,7.13651821862348,7.40273829787234,7.41525054034582,30
"38",2013,11,7.44543076923077,585,7.7990411311054,6.74362244897959,6.73170731707317,7.15923913043478,7.49883772819473,389,196,41,92,493,7594,4711,2883,535,1549,6045,7.41517483539637,7.86845956272554,6.67447960457856,7.1054953271028,7.38827611362169,7.42206749379653,31
"39",2013,12,7.47478336221837,577,7.85870712401055,6.73989898989899,7.03461538461538,7.61458333333333,7.4468814968815,379,198,52,96,481,8171,5090,3081,587,1645,6526,7.41938412678987,7.86773339882122,6.67868377150276,7.09921635434412,7.40148310030395,7.42389641434263,32
"40",2014,1,7.58160146699267,818,7.87642348754448,6.934375,7.24347826086957,7.30867768595041,7.62898134863702,562,256,69,121,697,8989,5652,3337,656,1766,7223,7.43414592279453,7.868597487615,6.69829928079113,7.11439024390244,7.39512440543602,7.44368655683234,33
"41",2014,2,7.46804577464789,568,7.85369393139842,6.69470899470899,6.88589743589744,7.514375,7.46045081967213,379,189,39,80,488,9557,6031,3526,695,1846,7711,7.43616068850058,7.8676609185873,6.69810683494044,7.10156834532374,7.40029236186349,7.44474750356633,34
"42",2014,3,7.5027950310559,483,7.95830618892508,6.70823863636364,6.72058823529412,7.49407894736842,7.5044226044226,307,176,34,76,407,10040,6338,3702,729,1922,8118,7.43936630478088,7.87205159356264,6.69858851971907,7.08379972565158,7.40400088449532,7.44773934466617,35
"43",2014,4,7.38275819672131,488,7.71218960244648,6.71366459627329,6.38157894736842,7.14571428571429,7.42245454545455,327,161,38,70,418,10528,6665,3863,767,1992,8536,7.43674237272037,7.86420840210052,6.69921685218742,7.04900912646675,7.39492454819277,7.4465011715089,36
"44",2014,5,7.53592233009709,412,7.87073170731707,6.7672,7.1875,7.23555555555556,7.57275204359673,287,125,24,45,367,10940,6952,3988,791,2037,8903,7.44047748628885,7.86447770425777,6.70134771815446,7.05321112515803,7.39140387825233,7.45170549253061,37
"45",2014,6,7.3787,400,7.72043824701195,6.80302013422819,7.16,7.36267605633803,7.38215805471125,251,149,40,71,329,11340,7203,4137,831,2108,9232,7.43829838624339,7.85945842010273,6.70500959632584,7.05835138387485,7.39043629032258,7.44922703639515,38
"46",2014,7,7.38172995780591,474,7.66987654320988,6.75933333333333,6.69677419354839,7.28169491525424,7.39595180722892,324,150,31,59,415,11814,7527,4287,862,2167,9647,7.43602875402066,7.85129786103361,6.70691035689293,7.04534802784223,7.38747563451777,7.44693521301959,39
"47",2014,8,7.39115749525617,527,7.72194986072423,6.68428571428571,7.05909090909091,7.40609756097561,7.38840449438202,359,168,33,82,445,12341,7886,4455,895,2249,10092,7.43411260837858,7.84540945980218,6.70605717171717,7.04585474860335,7.38815460204536,7.44435434007134,40
"48",2014,9,7.45622950819672,427,7.94564102564103,6.58863636363636,7.07222222222222,7.262,7.49761363636364,273,154,36,75,352,12768,8159,4609,931,2324,10444,7.43485226347118,7.84876320627528,6.70213380342808,7.04687432867884,7.38408334767642,7.44614936805822,41
"49",2014,10,7.38505154639175,485,7.7366220735786,6.81989247311828,7.036,7.33809523809524,7.39488778054863,299,186,50,84,401,13253,8458,4795,981,2408,10845,7.43302978193617,7.84479888862615,6.7067017101147,7.04632008154944,7.38247911129568,7.44425394190871,42
"50",2014,11,7.2923285198556,554,7.71190058479532,6.61547169811321,6.85212765957447,7.31261261261261,7.2872460496614,342,212,47,111,443,13807,8800,5007,1028,2519,11288,7.42738420366481,7.83963397727273,6.70283896544837,7.03744163424125,7.37940043668123,7.43809213323884,43
"51",2014,12,7.27305152979066,621,7.65239557739558,6.55158878504673,6.65155172413793,7.13411214953271,7.30197470817121,407,214,58,107,514,14428,9207,5221,1086,2626,11802,7.42074152342667,7.83135701096991,6.69663947519633,7.01683241252302,7.36940582635187,7.43216395526182,44
"52",2015,1,7.27298055893074,823,7.62516087751371,6.575,6.73606557377049,7.08028169014085,7.31316152716593,547,276,61,142,681,15251,9754,5497,1147,2768,12483,7.41276779883286,7.81979362312897,6.69053205384756,7.00190061028771,7.35457359104046,7.4256718737483,45
"53",2015,2,7.25568695652174,575,7.59285,6.48502857142857,6.79,7.14850746268657,7.26982283464567,400,175,40,67,508,15826,10154,5672,1187,2835,12991,7.40706064071781,7.81085355524916,6.68419159026798,6.9947598989048,7.3497035978836,7.41957755369102,46
"54",2015,3,7.22817689530686,554,7.56494413407821,6.6130612244898,6.75910714285714,7.13346153846154,7.2436974789916,358,196,56,78,476,16380,10512,5868,1243,2913,13467,7.40101048229548,7.80247878614916,6.68181572937969,6.98414320193081,7.34391338825953,7.41336095641197,47
"55",2015,4,7.2428,475,7.63224299065421,6.43103896103896,6.40714285714286,7.30149253731343,7.23316176470588,321,154,28,67,408,16855,10833,6022,1271,2980,13875,7.39655186591516,7.79743441336656,6.67540264031883,6.97143194335169,7.34295963087249,7.40806212612613,48
"56",2015,5,7.16109090909091,385,7.52859922178988,6.423203125,6.56823529411765,7.12954545454545,7.16516129032258,257,128,34,44,341,17240,11090,6150,1305,3024,14216,7.39129360208817,7.79120441839495,6.6701536097561,6.96092720306513,7.33985439814815,7.40223564997186,49
"57",2015,6,7.13922902494331,441,7.54599303135889,6.38116883116883,6.37738095238095,6.75434782608696,7.21061827956989,287,154,42,69,372,17681,11377,6304,1347,3093,14588,7.38500660030541,7.78501863408631,6.66309401967005,6.94273199703044,7.32679266084708,7.39734932821497,50
"58",2015,7,7.29516483516483,455,7.65819672131148,6.557,6.63076923076923,7.12702702702703,7.32782152230971,305,150,39,74,381,18136,11682,6454,1386,3167,14969,7.38275263012792,7.78170749871597,6.66062824604896,6.93395382395382,7.32212494474266,7.39557966464026,51
"59",2015,8,7.13725099601594,502,7.55794797687861,6.20416666666667,6.44,7.17311827956989,7.12909535452323,346,156,55,93,409,18638,12028,6610,1441,3260,15378,7.37614023500376,7.77527078483538,6.64985547655068,6.91510062456627,7.3178741411043,7.3884921316166,52
"60",2015,9,7.13104368932039,412,7.46636363636364,6.45795620437956,6.93333333333333,7.05555555555556,7.14243016759777,275,137,39,54,358,19050,12303,6747,1480,3314,15736,7.37083945931759,7.76836600829066,6.64595890025196,6.91558108108108,7.3135997887749,7.38289412811388,53
"61",2015,10,7.07219665271966,478,7.45124161073826,6.44466666666667,6.87717391304348,6.80269230769231,7.12475,298,180,46,78,400,19528,12601,6927,1526,3392,16136,7.36352937832855,7.76086635981271,6.64072826620471,6.91442332896461,7.30185132665095,7.37649491819534,54
"62",2015,11,7.05774647887324,568,7.42345844504021,6.35820512820513,6.59454545454545,7.15886075949367,7.04141104294479,373,195,55,79,489,20096,12974,7122,1581,3471,16625,7.35488662917994,7.75116594727917,6.63299279696714,6.9032953826692,7.29859685969461,7.36663891729324,55
"63",2015,12,7.16691107644306,641,7.47044247787611,6.44100529100529,6.6377358490566,7.00352941176471,7.1978293135436,452,189,53,102,539,20737,13426,7311,1634,3573,17164,7.34907612962338,7.74171510502011,6.62802964026809,6.8946817625459,7.29017343968654,7.36133780004661,56
"64",2016,1,7.18778331257783,803,7.46324324324324,6.57133064516129,6.55696428571429,7.025,7.21093883357041,555,248,56,100,703,21540,13981,7559,1690,3673,17867,7.3430632172702,7.73066068235462,6.62616942717291,6.88349112426036,7.28295390688811,7.35542016007164,57
"65",2016,2,7.11689189189189,518,7.41652542372881,6.47012195121951,6.416,6.80984848484848,7.16172566371681,354,164,50,66,452,22058,14335,7723,1740,3739,18319,7.33775191313809,7.72290317404953,6.6228557166904,6.87005747126437,7.27460275474726,7.35064097385229,58
"66",2016,3,6.99894523326572,493,7.31302721088435,6.53492462311558,6.41851851851852,6.69214285714286,7.04971631205674,294,199,54,70,423,22551,14629,7922,1794,3809,18742,7.33034507117201,7.71466586916399,6.62064689472355,6.85646599777035,7.26389858230507,7.34384921566535,59
"67",2016,4,7.02488245931284,553,7.40299435028249,6.35226130653266,6.15666666666667,6.95329268292683,7.03734607218684,354,199,60,82,471,23104,14983,8121,1854,3891,19213,7.32303374740305,7.70730207568578,6.61407027459672,6.83381877022654,7.25735278848625,7.33633539790767,60
"68",2016,5,7.29111652173913,575,7.61789054726368,6.53179190751445,6.22105263157895,7.08617647058824,7.31860355029586,402,173,38,68,507,23679,15385,8294,1892,3959,19720,7.32225869758013,7.70496581085473,6.61235407523511,6.82151162790698,7.25441265471079,7.33587951318459,61
"69",2016,6,7.25840304182509,526,7.62196629213483,6.49705882352941,6.33414634146341,7.21532258064516,7.26415948275862,356,170,41,62,464,24205,15741,8464,1933,4021,20184,7.32087104730428,7.70308868559812,6.61003836247637,6.81117434040352,7.25380992290475,7.33423077685296,62
"70",2016,7,7.23231357552581,523,7.53485714285714,6.62023121387283,6.83333333333333,7.5140243902439,7.17993197278912,350,173,36,82,441,24728,16091,8637,1969,4103,20625,7.31899804674863,7.69942943260208,6.61024252634016,6.81157948197054,7.25901040701926,7.33093158787879,63
"71",2016,8,7.07681181959565,643,7.37035242290749,6.37169312169312,6.5301724137931,7.06968085106383,7.07803278688525,454,189,58,94,549,25371,16545,8826,2027,4197,21174,7.31286010405581,7.69039945602901,6.60513422841604,6.80352738036507,7.25477000238266,7.32437442146028,64
"72",2016,9,7.10795454545455,528,7.38387096774194,6.45,6.55348837209302,7.20597014925373,7.09370932754881,372,156,43,67,461,25899,16917,8982,2070,4264,21635,7.30868271747944,7.68365898208902,6.60243984635938,6.79833333333333,7.25400321294559,7.31945939449966,65
"73",2016,10,7.22281546572935,569,7.50377339901478,6.52300613496933,6.29571428571429,7.32905405405405,7.20693333333333,406,163,35,74,495,26468,17323,9145,2105,4338,22130,7.30683677270667,7.67944299486232,6.60102402405686,6.78997624703088,7.25528347164592,7.31694243108902,66
"74",2016,11,7.14738532110092,654,7.48578602620087,6.35663265306122,6.53645833333333,7.3419,7.11227436823105,458,196,48,100,554,27122,17781,9341,2153,4438,22684,7.30299187744267,7.67445481131545,6.59589601755701,6.78432419879238,7.25723517350158,7.31194392523365,67
"75",2016,12,7.14475577557756,606,7.42695192307692,6.52689473684211,6.2375,7.05265957446808,7.1616640625,416,190,40,94,512,27728,18197,9531,2193,4532,23196,7.29953360141374,7.66879666978073,6.59452048053719,6.77435020519836,7.25299199029126,7.30862683221245,68
"76",2017,1,7.22357673267327,808,7.52186948853616,6.52178423236515,6.27678571428571,7.41746031746032,7.18775659824047,567,241,56,126,682,28536,18764,9772,2249,4658,23878,7.29738287426409,7.66435690684289,6.59272663733115,6.76196087149844,7.25744089738085,7.30517455398275,69
"77",2017,2,7.18302884615385,624,7.50664319248826,6.48676767676768,6.56333333333333,7.24466666666667,7.17460837887067,426,198,48,75,549,29160,19190,9970,2297,4733,24427,7.29493579218107,7.66085581031787,6.59062233701103,6.7578101872007,7.25723847454046,7.30224006222623,70
"78",2017,3,7.16247508305648,602,7.47388489208633,6.46054054054054,6.60135135135135,7.07361111111111,7.17454716981132,417,185,37,72,530,29762,19607,10155,2334,4805,24957,7.29225649149923,7.65687932881114,6.58825255539143,6.75532990574122,7.25448693028096,7.29952830869095,71
"79",2017,4,7.14803921568627,612,7.46161616161616,6.57314814814815,6.46981132075472,7.284375,7.13211678832117,396,216,53,64,548,30374,20003,10371,2387,4869,25505,7.28935068479621,7.65301369794531,6.58793797126603,6.74899036447424,7.2548797905114,7.29593130758675,72
"80",2017,5,7.07765478424015,533,7.47281337047354,6.26235632183908,6.08783783783784,6.86928571428571,7.10915766738661,359,174,37,70,463,30907,20362,10545,2424,4939,25968,7.28569992881872,7.64983660740595,6.58256564248459,6.73889851485149,7.24941480056692,7.29260120147875,73
"81",2017,6,7.10195608782435,501,7.37401812688822,6.57223529411765,6.759375,7.20769230769231,7.08245862884161,331,170,32,78,423,31408,20693,10715,2456,5017,26391,7.28276896650535,7.64542468467597,6.58240174521698,6.73916530944626,7.24876613514052,7.28923299609716,74
"82",2017,7,7.17531760435572,551,7.49957104557641,6.49584269662921,6.56875,6.97916666666667,7.20480167014614,373,178,48,72,479,31959,21066,10893,2504,5089,26870,7.28091641478144,7.64284216272666,6.58098730377306,6.73589856230032,7.24495179799568,7.28772787495348,75
"83",2017,8,7.10001814882033,551,7.53194842406877,6.35376237623762,6.30568181818182,7.0969696969697,7.10043298969072,349,202,44,66,485,32510,21415,11095,2548,5155,27355,7.27785043678868,7.64103492878823,6.57685035601622,6.7284693877551,7.24305716779825,7.2844071650521,76
"84",2017,9,7.13449637681159,552,7.49956111111111,6.45,6.49411764705882,7.08196721311475,7.14102240325866,360,192,34,61,491,33062,21775,11287,2582,5216,27846,7.27545701107011,7.63869598163031,6.57469254009037,6.72538342370256,7.2411732553681,7.28187890540832,77
"85",2017,10,7.09056994818653,579,7.4707650273224,6.43727699530516,6.61346153846154,7.24166666666667,7.06276073619632,366,213,52,90,489,33641,22141,11500,2634,5306,28335,7.27227489373087,7.63592001264622,6.57214736521739,6.72317388003037,7.24118162457595,7.27809740603494,78
"86",2017,11,7.06850903614458,664,7.45937198067633,6.42124,6.77912280701754,6.85955056179775,7.10085217391304,414,250,57,89,575,34305,22555,11750,2691,5395,28910,7.26833084681533,7.63267945023276,6.56893657021276,6.72435897435898,7.23488594995366,7.27457212037358,79
"87",2017,12,7.12097359735974,606,7.50904282115869,6.38382775119617,6.17472727272727,7.15416666666667,7.11732600732601,397,209,55,60,546,34911,22952,11959,2746,5455,29456,7.26577295694767,7.63054091146741,6.56570153859018,6.71335032774946,7.23399811182401,7.27165738728952,80
"88",2018,1,7.13506715575621,886,7.35941469194313,6.57375494071146,6.37075471698113,7.20616292134831,7.12712797992472,633,253,53,89,797,35797,23585,12212,2799,5544,30253,7.26253789982401,7.62326412974348,6.56586838355715,6.70686316541622,7.23355126262626,7.26784983307441,81
"89",2018,2,7.06516544117647,544,7.47209239130435,6.21431818181818,6.205,7.19,7.04672995780591,368,176,30,70,474,36341,23953,12388,2829,5614,30727,7.25958336864698,7.62094161482904,6.56087380529545,6.7015411806292,7.23300822942643,7.26443879975266,82
"90",2018,3,7.13921769944341,539,7.45540377464789,6.5291847826087,6.54418604651163,7.40909090909091,7.10156097251586,355,184,43,66,473,36880,24308,12572,2872,5680,31200,7.25782422830803,7.61852405956886,6.56041001431753,6.69918523676881,7.23505426056338,7.26196953012821,83
"91",2018,4,7.16781746031746,504,7.57071875,6.46711956521739,6.41931818181818,7.29230769230769,7.14938496583143,320,184,44,65,439,37384,24628,12756,2916,5745,31639,7.25661078375776,7.61790290888419,6.55906433835058,6.69496227709191,7.23570203655353,7.26040738771769,84
"92",2018,5,7.07254330561331,481,7.50283445578231,6.39604278074866,6.31973684210526,7.21411764705882,7.04923324455206,294,187,38,68,413,37865,24922,12943,2954,5813,32052,7.25427257018355,7.61654546866222,6.55670900873059,6.69013540961409,7.23544954412524,7.25768634312992,85
"93",2018,6,7.1526972705314,414,7.54329737410072,6.35426470588235,6.3348,7.23479166666667,7.14193079234973,278,136,25,48,366,38279,25200,13079,2979,5861,32418,7.25317399984326,7.61573741428571,6.55460392231822,6.68715340718362,7.23544415628732,7.25637946017645,86
"94",2018,7,7.07528846153846,416,7.4044,6.43340425531915,6.32526315789474,7.00181818181818,7.08648199445983,275,141,38,55,361,38695,25475,13220,3017,5916,32779,7.2512615981393,7.61345604867517,6.55331124810892,6.68259529333776,7.23327217714672,7.25450835412917,87
"95",2018,8,7.0924343153527,482,7.45151517241379,6.38969325153374,6.50432432432432,7.1834328358209,7.07774298795181,319,163,37,67,415,39177,25794,13383,3054,5983,33194,7.24930752431274,7.61145329068775,6.55131844130613,6.68043549443353,7.2327140564934,7.25229838766042,88
"96",2018,9,7.06139650872818,401,7.44188524590164,6.47006369426752,6.48,6.78793103448276,7.10763848396501,244,157,45,58,343,39578,26038,13540,3099,6041,33537,7.24740363029966,7.60986428220293,6.55037627031019,6.67752500806712,7.22844366826684,7.25081887706116,89
"97",2018,10,7.09805286266925,517,7.4021238,6.46077844311377,6.6,7.2134328358209,7.08087406666667,350,167,38,67,450,40095,26388,13707,3137,6108,33987,7.24547784536725,7.60710889457329,6.54928465017874,6.6765859101052,7.22827901113294,7.24856874716804,90
"98",2018,11,7.08093801652893,484,7.35616875,6.54390243902439,6.27586206896552,7.17785714285714,7.06455072463768,320,164,29,70,414,40579,26708,13871,3166,6178,34401,7.24351532097883,7.60410227310169,6.5492210150674,6.67291535060013,7.22770770475882,7.24635417604139,91
"99",2018,12,6.94857142857143,497,7.34971608832808,6.24211111111111,6.28085106382979,6.70661764705882,6.98692307692308,317,180,47,68,429,41076,27025,14051,3213,6246,34830,7.23994664061739,7.60111835374653,6.54528679097573,6.6671802054155,7.22203461415306,7.24315877146139,92
"100",2019,1,7.08048891808346,647,7.44075018390805,6.34127358490566,6.34285714285714,7.16895698924731,7.06563777978339,435,212,35,93,554,41723,27460,14263,3248,6339,35384,7.23747392421446,7.59857792571012,6.54225441351749,6.66368534482759,7.2212559078719,7.24037936185847,93
"101",2019,2,7.08371868978805,519,7.38850574712644,6.46345029239766,6.8,7.28727272727273,7.05959051724138,348,171,33,55,464,42242,27808,14434,3281,6394,35848,7.23558483357796,7.59594900172612,6.54132081889982,6.6650563852484,7.22182377228652,7.23803931432716,94
"102",2019,3,6.80329896907216,485,7.29319488817891,5.9118023255814,5.75170731707317,6.625,6.82943262411348,313,172,41,62,423,42727,28121,14606,3322,6456,36271,7.23067789781637,7.5925792055759,6.5339076201561,6.65378386514148,7.21609219330855,7.23327405751151,95
"103",2019,4,6.94493719806763,414,7.36055335968379,6.29182608695652,6.14585714285714,7.1195652173913,6.92310869565217,253,161,28,46,368,43141,28374,14767,3350,6502,36639,7.22793580445516,7.59051032071615,6.53126828062572,6.64953850746269,7.2154092894494,7.23015877452987,96
"104",2019,5,6.99839901477833,406,7.35331983805668,6.44704402515723,6.35294117647059,7.2125,6.96969273743017,247,159,34,48,358,43547,28621,14926,3384,6550,36997,7.22579577330241,7.58846336046958,6.53037107731475,6.6465585106383,7.21538796946565,7.22763838527448,97
"105",2019,6,7.04926579295154,454,7.42575327402135,6.43774566473988,6.472,6.89272727272727,7.06606504878049,281,173,50,44,410,44001,28902,15099,3434,6594,37407,7.22397434626486,7.58688140993702,6.52930980197364,6.64401688992429,7.21323494085532,7.22586745822974,98
"106",2019,7,7.03546952688172,465,7.4104246178344,6.25576158940397,6.35945945945946,6.59416666666667,7.08626697841727,314,151,37,48,417,44466,29216,15250,3471,6642,37824,7.22200307066073,7.58498493428258,6.52660122622951,6.64098357821953,7.2087610960554,7.22432839837141,99
"107",2019,8,7.02680294339623,530,7.33681175074184,6.48549222797927,6.17222222222222,6.74377358490566,7.05825064989518,337,193,36,53,477,44996,29553,15443,3507,6695,38301,7.21970384256378,7.58215495550367,6.52608746357573,6.63617165668663,7.20508008961912,7.22226006892771,100
"108",2019,9,6.96050218340611,458,7.32119453924915,6.32,6.06764705882353,7.02931034482759,6.950525,293,165,34,58,400,45454,29846,15608,3541,6753,38701,7.21709209530514,7.5795930912015,6.52390880958483,6.63071279299633,7.20357044276618,7.21945151029689,101
"109",2019,10,6.94012291028446,457,7.26907880952381,6.34679141104295,6.59310344827586,6.9921568627451,6.93358662561576,294,163,29,51,406,45911,30140,15771,3570,6804,39107,7.21433513253904,7.57656418613138,6.52207822585758,6.63040728291317,7.20198577307466,7.21648372593142,102
"110",2019,11,6.89027566287879,528,7.31736448170732,6.18985,6.3155,6.68459590909091,6.90897382231405,328,200,40,44,484,46439,30468,15971,3610,6848,39591,7.21065065612955,7.57377379939608,6.51791783232108,6.62691800554017,7.19866142231308,7.21272441716552,103
"111",2019,12,7.04383938709677,620,7.42967105263158,6.24543524752475,5.84130434782609,7.0579825,7.04186351102941,418,202,46,76,544,47059,30886,16173,3656,6924,40135,7.20845292590153,7.57182356472188,6.51451453780993,6.61703336980307,7.19711728625072,7.2104085249782,104
"112",2020,1,6.96720664206642,813,7.30612524084778,6.36891156462585,6.1265625,7.3789797979798,6.91011204481793,519,294,64,99,714,47872,31405,16467,3720,7023,40849,7.20435589154412,7.56743262601496,6.51191495840165,6.60859516129032,7.19968091841093,7.20515964038287,105
"113",2020,2,6.99243646869984,623,7.38573019607843,6.24609302325581,6.31630434782609,7.13766233766234,6.9719558974359,408,215,46,77,546,48495,31813,16682,3766,7100,41395,7.20163342942571,7.5651023022035,6.50848900731327,6.60502496016994,7.19900832253521,7.20208368329508,106
"114",2020,3,7.03304979323308,532,7.37704342857143,6.37152357142857,6.353125,7.03220338983051,7.03315536997886,350,182,32,59,473,49027,32163,16864,3798,7159,41868,7.1998041008016,7.56305583247831,6.50701084618121,6.60290258030543,7.1976336206174,7.20017523072514,107
"115",2020,4,7.01253153347732,463,7.43110687285223,6.30436046511628,5.88157894736842,6.89484125,7.02872479115479,291,172,38,56,407,49490,32454,17036,3836,7215,42275,7.19805208628006,7.56187270721636,6.50496483388119,6.59575703858186,7.19528346500346,7.19852460201064,108
"116",2020,5,7.00629588652482,423,7.27374483636364,6.50934682432432,6.44705882352941,7,7.00706408488064,275,148,34,46,377,49913,32729,17184,3870,7261,42652,7.19642700118206,7.55945176051819,6.50500257448789,6.59445064599483,7.19404630216223,7.19683228711432,109
"117",2020,6,7.12660802752294,436,7.4623197972973,6.41681742857143,6.32625,7.10938775510204,7.12878837209302,296,140,40,49,387,50349,33025,17324,3910,7310,43039,7.19582239984905,7.55858117577592,6.50428992611406,6.59170690537085,7.19347882352941,7.19622044680406,110
"118",2020,7,7.00426229508197,427,7.39302919708029,6.30803921568627,6.26621621621622,7.008,7.00376657824934,274,153,37,50,377,50776,33299,17477,3947,7360,43416,7.1942114780605,7.55721893540346,6.50257187618012,6.5886556878642,7.19221877717391,7.19454928620785,111
"119",2020,8,7.13164304250559,447,7.48032013559322,6.45493421052632,6.746875,7.29418604651163,7.11434267326733,295,152,32,43,404,51223,33594,17629,3979,7403,43820,7.19366547156551,7.55654366166577,6.50216113676329,6.58992812264388,7.19281104957449,7.19380981857599,112
"120",2020,9,7.08988372093023,430,7.47197802197802,6.42547770700637,6.22,7.17542372881356,7.07628032345013,273,157,30,59,371,51653,33867,17786,4009,7462,44191,7.19280151104486,7.55586198275607,6.50148423928933,6.58715989024695,7.19267357276869,7.19282311443506,113
"121",2020,10,6.97083911255411,462,7.27872344202899,6.51397849462366,6.566,7.08877551020408,6.95684665859564,276,186,50,49,413,52115,34143,17972,4059,7511,44604,7.19083381214621,7.55362169229417,6.50161354774093,6.58689923626509,7.19199576620956,7.19063814725137,114
"122",2020,11,7.04641366223909,527,7.3515,6.38874251497006,6.16764705882353,7.1725,7.03605749486653,360,167,34,40,487,52642,34503,18139,4093,7551,45091,7.18938801945215,7.55151277975828,6.50057438006505,6.58341656486685,7.19189249106078,7.18896861724069,115
"123",2020,12,6.92470085470085,585,7.32835135135135,6.23004651162791,6.265625,6.852,6.9314953271028,370,215,48,50,535,53227,34873,18354,4141,7601,45626,7.18647893212092,7.54914505319301,6.4974053982783,6.57973291475489,7.18965665044073,7.18594954455793,116
"124",2021,1,7.09554298642534,663,7.3983658008658,6.39950248756219,5.98484848484848,7.15,7.08890862944162,462,201,33,72,591,53890,35335,18555,4174,7673,46217,7.1853601618111,7.5471736363379,6.49634484936675,6.57502970771442,7.18928453017073,7.18470863361966,117
"125",2021,2,7.04902204545455,484,7.34789095679012,6.4438125,6.25684210526316,6.68846153846154,7.09242284722222,324,160,38,52,432,54374,35659,18715,4212,7725,46649,7.18414657354618,7.54536294091253,6.49589573497195,6.57215906932574,7.18591329449838,7.18385400737422,118
"126",2021,3,7.09753787951807,415,7.41918761904762,6.47915492957747,6.40121212121212,7.0894347826087,7.09854802168022,273,142,33,46,369,54789,35932,18857,4245,7771,47018,7.1834905548559,7.5444043006234,6.49576967067932,6.57083015312132,7.18534219534165,7.1831845210345,119
"127",2021,4,7.04245945945946,370,7.3347619047619,6.41822033898305,5.734,7.37857142857143,7.01494152046784,252,118,25,28,342,55159,36184,18975,4270,7799,47360,7.18254453507134,7.54294426625027,6.49528741396574,6.56593067915691,7.18603592768303,7.18196959058277,120
"128",2021,5,6.93067150485437,412,7.32119045112782,6.21917808219178,6.02413793103448,6.97549019607843,6.92433977839335,266,146,29,51,361,55571,36450,19121,4299,7850,47721,7.18067716380846,7.54132598052126,6.49317915799383,6.56227587811119,7.18466805095541,7.18002067161208,121
"129",2021,6,6.97932981481481,378,7.33233870967742,6.30589746153846,6.07714285714286,6.69772727272727,7.01642715568862,248,130,35,44,334,55949,36698,19251,4334,7894,48055,7.17931683032762,7.53991367349719,6.49191446418368,6.55835809875404,7.18195391436534,7.17888363625013,122
"130",2021,7,7.08015873015873,378,7.42784552845528,6.43219696969697,6.35185185185185,7.11666666666667,7.07631578947368,246,132,27,36,342,56327,36944,19383,4361,7930,48397,7.17865139879631,7.53916744234517,6.49150778259299,6.55707956890621,7.18165752837326,7.17815883505176,123
"131",2021,8,7.03761904761905,399,7.39121323529412,6.28031496062992,6.31428571428571,6.73225,7.071643454039,272,127,35,40,359,56726,37216,19510,4396,7970,48756,7.17765940380073,7.53808609173473,6.490133026653,6.55514649681529,7.17940203262233,7.17737454138978,124
"132",2021,9,6.90589040816327,441,7.33147017467249,6.44618396226415,6.3448275862069,7.22589285714286,6.8593445974026,229,212,29,56,385,57167,37445,19722,4425,8026,49141,7.17556291234454,7.53682250393911,6.48966059983774,6.55376813559322,7.179726414154,7.1748829044993,125
"133",2021,10,6.86477932135729,501,7.33461254612546,6.3111932173913,6.16021276595745,6.67630769230769,6.8928771559633,271,230,47,65,436,57668,37716,19952,4472,8091,49577,7.17286293004786,7.53536956888323,6.48760328738973,6.54963193202147,7.1756821406501,7.1724028329669,126
"134",2021,11,6.9344246031746,504,7.22098360655738,6.49522613065327,6.38333333333333,6.81339285714286,6.94955357142857,305,199,36,56,448,58172,38021,20151,4508,8147,50025,7.17079710943409,7.53284760158859,6.48767856632425,6.54830390417036,7.17319187430956,7.17040710144927,127
"135",2021,12,6.93645920792079,707,7.26174861826698,6.44039285714286,6.1195652173913,7.06133333333333,6.92164028481013,427,280,46,75,632,58879,38448,20431,4554,8222,50657,7.16798325565991,7.5298368008739,6.4870305315452,6.54397321036451,7.17217151544636,7.16730347059636,128
"136",2022,1,7.01235507246377,966,7.30277586206897,6.57597150259067,6.45865384615385,7.14264285714286,6.99994671201814,580,386,52,84,882,59845,39028,20817,4606,8306,51539,7.16547115231014,7.52646241980116,6.48867972282269,6.54300998697351,7.17187288706959,7.1644394518714,129
"137",2022,2,7.05370731707317,615,7.3644476744186,6.65926199261993,6.35454545454545,7.01973684210526,7.05849721706865,344,271,44,76,539,60460,39372,21088,4650,8382,52078,7.16433428895137,7.5250468688408,6.4908718602997,6.54122666666667,7.17049346218086,7.16334296459157,130
"138",2022,3,7.03127555776892,502,7.39723900321543,6.43538743455497,6.2796875,6.70690740740741,7.07037350446429,311,191,32,54,448,60962,39683,21279,4682,8436,52526,7.16323859847118,7.52404522465539,6.49037383288688,6.53943912857753,7.16752598387861,7.1625500178959,131
"139",2022,4,7.10496731372549,510,7.45599193353474,6.45586592178771,6.13235294117647,6.97385964912281,7.12146430463576,331,179,34,57,453,61472,40014,21458,4716,8493,52979,7.16275515307783,7.52348228070175,6.49008597213161,6.5365042408821,7.16622620981985,7.16219871213122,132
"140",2022,5,6.98399300191205,523,7.27355666666667,6.57566820276498,6.29354838709677,7.08563829787234,6.97395659663866,306,217,31,47,476,61995,40320,21675,4747,8540,53455,7.16124708621663,7.52158552380952,6.49094278154556,6.53491763218875,7.16578269320843,7.16052247516603,133
"141",2022,6,7.0469978858351,473,7.37755244755245,6.54144385026738,6.30645161290323,7.17192307692308,7.031567695962,286,187,31,52,421,62468,40606,21862,4778,8592,53876,7.16038200534674,7.52057105649411,6.49137475025158,6.53343532858937,7.1658198556797,7.15951479155839,134
"142",2022,7,7.00139170040486,494,7.311,6.59629672897196,6.11666666666667,6.725,7.03390837104072,280,214,30,52,442,62962,40886,22076,4808,8644,54318,7.15913456704044,7.51913584894585,6.49239184136619,6.53083485856905,7.1631680009255,7.15849269873706,135
"143",2022,8,7.00839569892473,465,7.35353333333333,6.53051282051282,6.24285714285714,7.19342222222222,6.98857142857143,270,195,28,45,420,63427,41156,22271,4836,8689,54738,7.15802946079745,7.5180494294878,6.49272562031341,6.52916749379653,7.16332468638508,7.15718890734042,136
"144",2022,9,6.91920224719101,445,7.3340184501845,6.27313793103448,5.4588,6.85508620689655,6.92881136950904,271,174,20,58,387,63872,41427,22445,4856,8747,55125,7.15636553748121,7.51684556738359,6.49102331432391,6.52475906095552,7.16128080484738,7.15558560380952,137
"145",2022,10,7.13914847161572,458,7.45053956834532,6.65822222222222,6.36,6.91090909090909,7.16340579710145,278,180,35,44,414,64330,41705,22625,4891,8791,55539,7.1562429598943,7.51640358038604,6.49235351558011,6.52358004498058,7.16002766465703,7.15564389726138,138
"146",2022,11,7.00034179704017,473,7.41336515267176,6.48748815165877,5.82142857142857,7.08333333333333,6.99350496567506,262,211,28,36,437,64803,41967,22836,4919,8827,55976,7.15510503032267,7.51576031143517,6.49230856060606,6.51958324862777,7.15971487481591,7.15437809203944,139
"147",2022,12,7.0201724137931,580,7.29901472375691,6.55714068807339,6.11774193548387,6.96290322580645,7.02702702702703,362,218,31,62,518,65383,42329,23054,4950,8889,56494,7.15390806906994,7.51390669092112,6.49292161707296,6.51706666666667,7.15834213072336,7.15321039544022,140
