"","year","month","avg_rating","no_ratings","avg_rating_owned","avg_rating_not_owned","avg_rating_prev_owned","avg_rating_comment","avg_rating_no_comment","no_ratings_owned","no_ratings_not_owned","no_ratings_prev_owned","no_ratings_comment","no_ratings_no_comment","cum_no_ratings","cum_no_ratings_owned","cum_no_ratings_not_owned","cum_no_ratings_prev_owned","cum_no_ratings_comment","cum_no_ratings_no_comment","cum_avg_rating","cum_avg_rating_owned","cum_avg_rating_not_owned","cum_avg_rating_prev_owned","cum_avg_rating_comment","cum_avg_rating_no_comment","month_after_release"
"1",2001,5,6,1,NA,6,NA,6,NA,0,1,0,1,0,1,0,1,0,1,0,6,NA,6,NA,6,NA,0
"2",2001,6,7.5,4,8,6,NA,NA,7.5,3,1,0,0,4,5,3,2,0,1,4,7.2,8,6,NA,6,7.5,1
"3",2001,7,6.5,2,6.5,NA,NA,NA,6.5,2,0,0,0,2,7,5,2,0,1,6,7,7.4,6,NA,6,7.16666666666667,2
"4",2001,8,7,3,8,6.5,NA,8,6.5,1,2,0,1,2,10,6,4,0,2,8,7,7.5,6.25,NA,7,7,3
"5",2001,9,7,4,7,NA,NA,6,7.33333333333333,4,0,0,1,3,14,10,4,0,3,11,7,7.3,6.25,NA,6.66666666666667,7.09090909090909,4
"6",2001,10,7.2,5,7.75,5,NA,NA,7.2,4,1,0,0,5,19,14,5,0,3,16,7.05263157894737,7.42857142857143,6,NA,6.66666666666667,7.125,5
"7",2001,11,7.33333333333333,6,7.6,6,NA,NA,7.33333333333333,5,1,0,0,6,25,19,6,0,3,22,7.12,7.47368421052632,6,NA,6.66666666666667,7.18181818181818,6
"8",2001,12,7,1,NA,7,NA,NA,7,0,1,0,0,1,26,19,7,0,3,23,7.11538461538461,7.47368421052632,6.14285714285714,NA,6.66666666666667,7.17391304347826,7
"9",2002,1,6,2,6,6,NA,6,6,1,1,0,1,1,28,20,8,0,4,24,7.03571428571429,7.4,6.125,NA,6.5,7.125,8
"10",2002,2,6.66666666666667,3,7,6,NA,NA,6.66666666666667,2,1,0,0,3,31,22,9,0,4,27,7,7.36363636363636,6.11111111111111,NA,6.5,7.07407407407407,9
"11",2002,3,6.33333333333333,3,6.5,6,NA,6,6.5,2,1,0,1,2,34,24,10,0,5,29,6.94117647058824,7.29166666666667,6.1,NA,6.4,7.03448275862069,10
"12",2002,4,7,1,7,NA,NA,NA,7,1,0,0,0,1,35,25,10,0,5,30,6.94285714285714,7.28,6.1,NA,6.4,7.03333333333333,11
"13",2002,5,7,1,NA,7,NA,7,NA,0,1,0,1,0,36,25,11,0,6,30,6.94444444444444,7.28,6.18181818181818,NA,6.5,7.03333333333333,12
"14",2002,6,6.375,4,6.375,NA,NA,8,5.83333333333333,4,0,0,1,3,40,29,11,0,7,33,6.8875,7.1551724137931,6.18181818181818,NA,6.71428571428571,6.92424242424242,13
"15",2002,7,7,3,7,NA,NA,5,8,3,0,0,1,2,43,32,11,0,8,35,6.8953488372093,7.140625,6.18181818181818,NA,6.5,6.98571428571429,14
"16",2002,8,7.42857142857143,7,7.33333333333333,8,NA,6.66666666666667,8,6,1,0,3,4,50,38,12,0,11,39,6.97,7.17105263157895,6.33333333333333,NA,6.54545454545455,7.08974358974359,15
"17",2002,9,7.33333333333333,3,7.33333333333333,NA,NA,NA,7.33333333333333,3,0,0,0,3,53,41,12,0,11,42,6.99056603773585,7.18292682926829,6.33333333333333,NA,6.54545454545455,7.10714285714286,16
"18",2002,10,6.75,4,7,6.5,NA,7,6.5,2,2,0,2,2,57,43,14,0,13,44,6.97368421052632,7.17441860465116,6.35714285714286,NA,6.61538461538461,7.07954545454545,17
"19",2002,11,7,5,7.25,6,NA,7.5,6.66666666666667,4,1,0,2,3,62,47,15,0,15,47,6.9758064516129,7.18085106382979,6.33333333333333,NA,6.73333333333333,7.0531914893617,18
"20",2002,12,8,2,8,NA,NA,8,8,2,0,0,1,1,64,49,15,0,16,48,7.0078125,7.21428571428571,6.33333333333333,NA,6.8125,7.07291666666667,19
"21",2003,1,7.42857142857143,7,7,8,NA,8,7.2,4,3,0,2,5,71,53,18,0,18,53,7.04929577464789,7.19811320754717,6.61111111111111,NA,6.94444444444444,7.08490566037736,20
"22",2003,2,6.66666666666667,6,6.75,6.5,NA,NA,6.66666666666667,4,2,0,0,6,77,57,20,0,18,59,7.01948051948052,7.16666666666667,6.6,NA,6.94444444444444,7.04237288135593,21
"23",2003,3,6.16666666666667,3,7.5,5.5,NA,6.75,5,1,2,0,2,1,80,58,22,0,20,60,6.9875,7.17241379310345,6.5,NA,6.925,7.00833333333333,22
"24",2003,4,6.57142857142857,7,6.57142857142857,NA,NA,5.66666666666667,7.25,7,0,0,3,4,87,65,22,0,23,64,6.95402298850575,7.10769230769231,6.5,NA,6.76086956521739,7.0234375,23
"25",2003,5,6.7,10,7,5.5,NA,7,6.57142857142857,8,2,0,3,7,97,73,24,0,26,71,6.92783505154639,7.0958904109589,6.41666666666667,NA,6.78846153846154,6.97887323943662,24
"26",2003,6,6.5,4,7,5,5,5,7,3,1,1,1,3,101,76,25,1,27,74,6.91089108910891,7.09210526315789,6.36,5,6.72222222222222,6.97972972972973,25
"27",2003,7,7.145,20,7.37692307692308,6.71428571428571,NA,7.3,7.09333333333333,13,7,0,5,15,121,89,32,1,32,89,6.9495867768595,7.13370786516854,6.4375,5,6.8125,6.99887640449438,26
"28",2003,8,7,5,9,5.66666666666667,NA,NA,7,2,3,0,0,5,126,91,35,1,32,94,6.9515873015873,7.17472527472527,6.37142857142857,5,6.8125,6.99893617021277,27
"29",2003,9,6.85454545454545,11,7.28,6.5,NA,7.23333333333333,6.4,5,6,0,6,5,137,96,41,1,38,99,6.94379562043796,7.18020833333333,6.39024390243902,5,6.87894736842105,6.96868686868687,28
"30",2003,10,6.2,5,6.5,5,NA,6.5,6,4,1,0,2,3,142,100,42,1,40,102,6.91760563380282,7.153,6.35714285714286,5,6.86,6.94019607843137,29
"31",2003,11,7,5,7.33333333333333,6.5,NA,6.66666666666667,7.5,3,2,0,3,2,147,103,44,1,43,104,6.92040816326531,7.15825242718447,6.36363636363636,5,6.84651162790698,6.95096153846154,30
"32",2003,12,7,1,7,NA,NA,NA,7,1,0,0,0,1,148,104,44,1,43,105,6.92094594594594,7.15673076923077,6.36363636363636,5,6.84651162790698,6.95142857142857,31
"33",2004,1,6.58333333333333,12,6.88888888888889,5.66666666666667,NA,6.25,6.75,9,3,0,4,8,160,113,47,1,47,113,6.895625,7.1353982300885,6.31914893617021,5,6.79574468085106,6.93716814159292,32
"34",2004,2,6.92857142857143,14,7.33333333333333,4.5,NA,7.6,6.55555555555556,12,2,0,5,9,174,125,49,1,52,122,6.89827586206896,7.1544,6.24489795918367,5,6.87307692307692,6.90901639344262,33
"35",2004,3,6.83333333333333,9,6.9375,6,NA,7,6.8125,8,1,0,1,8,183,133,50,1,53,130,6.89508196721311,7.14135338345865,6.24,5,6.87547169811321,6.90307692307692,34
"36",2004,4,6.81818181818182,11,7.14285714285714,6.25,NA,7,6.77777777777778,7,4,0,2,9,194,140,54,1,55,139,6.89072164948453,7.14142857142857,6.24074074074074,5,6.88,6.89496402877698,35
"37",2004,5,6.72727272727273,11,7,6.25,6.5,7.25,6.42857142857143,7,4,2,4,7,205,147,58,3,59,146,6.88195121951219,7.13469387755102,6.24137931034483,6,6.90508474576271,6.87260273972603,36
"38",2004,6,7.2,5,7.25,7,7,7,7.33333333333333,4,1,1,2,3,210,151,59,4,61,149,6.88952380952381,7.13774834437086,6.25423728813559,6.25,6.90819672131147,6.88187919463087,37
"39",2004,7,7.28571428571429,7,7.8,6,7,7.5,7,5,2,1,4,3,217,156,61,5,65,152,6.90230414746544,7.15897435897436,6.24590163934426,6.4,6.94461538461538,6.88421052631579,38
"40",2004,8,7.1875,8,6.91666666666667,8,8,9,6.92857142857143,6,2,2,1,7,225,162,63,7,66,159,6.91244444444444,7.15,6.3015873015873,6.85714285714286,6.97575757575758,6.88616352201258,39
"41",2004,9,6.07142857142857,7,6.83333333333333,5.5,NA,5.5,6.5,3,4,0,3,4,232,165,67,7,69,163,6.88706896551724,7.14424242424242,6.25373134328358,6.85714285714286,6.91159420289855,6.87668711656442,40
"42",2004,10,6.63636363636364,11,6.77777777777778,6,5,6.25,6.85714285714286,9,2,1,4,7,243,174,69,8,73,170,6.87572016460905,7.12528735632184,6.2463768115942,6.625,6.87534246575342,6.87588235294118,41
"43",2004,11,7,6,7.33333333333333,6.66666666666667,7,6.75,7.5,3,3,1,4,2,249,177,72,9,77,172,6.87871485943775,7.12881355932203,6.26388888888889,6.66666666666667,6.86883116883117,6.88313953488372,42
"44",2004,12,6.22222222222222,9,6.42857142857143,5.5,7,6.5,6.14285714285714,7,2,1,2,7,258,184,74,10,79,179,6.85581395348837,7.10217391304348,6.24324324324324,6.7,6.85949367088608,6.85418994413408,43
"45",2005,1,6.78888888888889,18,7.07692307692308,6.04,NA,7,6.65454545454545,13,5,0,7,11,276,197,79,10,86,190,6.85144927536232,7.1005076142132,6.23037974683544,6.7,6.87093023255814,6.84263157894737,44
"46",2005,2,7.58333333333333,12,7.625,7.5,7,7.58333333333333,7.58333333333333,8,4,1,6,6,288,205,83,11,92,196,6.88194444444444,7.1209756097561,6.29156626506024,6.72727272727273,6.91739130434783,6.86530612244898,45
"47",2005,3,6.85714285714286,7,7.2,6,NA,6.33333333333333,7.25,5,2,0,3,4,295,210,85,11,95,200,6.88135593220339,7.12285714285714,6.28470588235294,6.72727272727273,6.89894736842105,6.873,46
"48",2005,4,6.61538461538461,13,6.75,6.4,NA,7.08333333333333,6.21428571428571,8,5,0,6,7,308,218,90,11,101,207,6.87012987012987,7.1091743119266,6.29111111111111,6.72727272727273,6.90990099009901,6.85072463768116,47
"49",2005,5,6.89473684210526,19,7.15384615384615,6.33333333333333,6.5,6.78571428571429,6.95833333333333,13,6,2,7,12,327,231,96,13,108,219,6.87155963302752,7.11168831168831,6.29375,6.69230769230769,6.90185185185185,6.85662100456621,48
"50",2005,6,6.5,2,7,6,NA,6,7,1,1,0,1,1,329,232,97,13,109,220,6.8693009118541,7.11120689655172,6.29072164948454,6.69230769230769,6.89357798165138,6.85727272727273,49
"51",2005,7,7,5,7,7,NA,7,7,4,1,0,3,2,334,236,98,13,112,222,6.87125748502994,7.10932203389831,6.29795918367347,6.69230769230769,6.89642857142857,6.85855855855856,50
"52",2005,8,6.90909090909091,11,7.66666666666667,6,6,6.75,7,6,5,1,4,7,345,242,103,14,116,229,6.87246376811594,7.12314049586777,6.28349514563107,6.64285714285714,6.89137931034483,6.86288209606987,51
"53",2005,9,7.15,10,7.375,6.25,NA,7.25,7.08333333333333,8,2,0,4,6,355,250,105,14,120,235,6.88028169014085,7.1312,6.28285714285714,6.64285714285714,6.90333333333333,6.86851063829787,52
"54",2005,10,6.5,11,7,5.9,6,8.16666666666667,5.875,6,5,2,3,8,366,256,110,16,123,243,6.86885245901639,7.128125,6.26545454545454,6.5625,6.93414634146341,6.8358024691358,53
"55",2005,11,7.05263157894737,19,7.5625,6.68181818181818,7,6.6875,7.31818181818182,8,11,2,8,11,385,264,121,18,131,254,6.87792207792208,7.14128787878788,6.30330578512397,6.61111111111111,6.91908396946565,6.85669291338583,54
"56",2005,12,6.9375,16,6.81818181818182,7.2,NA,7,6.9,11,5,0,6,10,401,275,126,18,137,264,6.88029925187032,7.12836363636364,6.33888888888889,6.61111111111111,6.92262773722628,6.85833333333333,55
"57",2006,1,6.40909090909091,11,7.7,5.33333333333333,6,6.42857142857143,6.375,5,6,1,7,4,412,280,132,19,144,268,6.86771844660194,7.13857142857143,6.29318181818182,6.57894736842105,6.89861111111111,6.85111940298508,56
"58",2006,2,6.25,10,6.64285714285714,5.33333333333333,6,6.7,5.8,7,3,1,5,5,422,287,135,20,149,273,6.85308056872038,7.12648083623693,6.27185185185185,6.55,6.89194630872483,6.83186813186813,57
"59",2006,3,7.28125,8,7.45,7,7,7.9375,6.625,5,3,2,4,4,430,292,138,22,153,277,6.86104651162791,7.13202054794521,6.28768115942029,6.59090909090909,6.91928104575163,6.82888086642599,58
"60",2006,4,7.41666666666667,6,7.5,7,NA,8.75,6.75,5,1,0,2,4,436,297,139,22,155,281,6.86869266055046,7.13821548821549,6.29280575539568,6.59090909090909,6.94290322580645,6.82775800711744,59
"61",2006,5,7,13,7.5,6.2,NA,7.16666666666667,6.85714285714286,8,5,0,6,7,449,305,144,22,161,288,6.87249443207127,7.14770491803279,6.28958333333333,6.59090909090909,6.95124223602484,6.82847222222222,60
"62",2006,6,7.05,10,7.0625,7,NA,7,7.07142857142857,8,2,0,3,7,459,313,146,22,164,295,6.87636165577342,7.14552715654952,6.29931506849315,6.59090909090909,6.95213414634146,6.83423728813559,61
"63",2006,7,7.54615384615385,13,7.7625,7.2,7,7.75,7.45555555555556,8,5,1,4,9,472,321,151,23,168,304,6.8948093220339,7.16090342679128,6.32913907284768,6.60869565217391,6.97113095238095,6.85263157894737,62
"64",2006,8,6.81818181818182,11,7.4375,5.16666666666667,NA,6.875,6.78571428571429,8,3,0,4,7,483,329,154,23,172,311,6.89306418219462,7.16762917933131,6.30649350649351,6.60869565217391,6.96889534883721,6.85112540192926,63
"65",2006,9,6.875,8,7.2,6.33333333333333,6,7,6.83333333333333,5,3,1,2,6,491,334,157,24,174,317,6.89276985743381,7.16811377245509,6.30700636942675,6.58333333333333,6.96925287356322,6.85078864353312,64
"66",2006,10,6.925,16,7.44444444444444,6.25714285714286,7,6.83333333333333,6.98,9,7,1,6,10,507,343,164,25,180,327,6.89378698224852,7.17536443148688,6.30487804878049,6.6,6.96472222222222,6.85474006116208,65
"67",2006,11,6.40625,16,7,5.41666666666667,NA,4.875,6.91666666666667,10,6,0,4,12,523,353,170,25,184,339,6.87887189292543,7.17039660056657,6.27352941176471,6.6,6.91929347826087,6.85693215339233,66
"68",2006,12,7.0625,16,6.7,7.66666666666667,7.33333333333333,6.78571428571429,7.27777777777778,10,6,3,7,9,539,363,176,28,191,348,6.88432282003711,7.15743801652893,6.32102272727273,6.67857142857143,6.91439790575916,6.86781609195402,67
"69",2007,1,7.22916666666667,24,7.25,7.2,8,7.58333333333333,6.875,14,10,2,12,12,563,377,186,30,203,360,6.89902309058615,7.16087533156499,6.36827956989247,6.76666666666667,6.95394088669951,6.86805555555556,68
"70",2007,2,7.16907952380952,21,7.19615384615385,7.12508375,NA,7.30555555555556,7.0667225,13,8,0,9,12,584,390,194,30,212,372,6.9087340239726,7.16205128205128,6.39948798969072,6.76666666666667,6.9688679245283,6.87446416666667,69
"71",2007,3,7.34736842105263,19,7.4,7.23333333333333,NA,7.33333333333333,7.36,13,6,0,9,10,603,403,200,30,221,382,6.92255500829187,7.1697270471464,6.42450335,6.76666666666667,6.98371040723982,6.88717452879581,70
"72",2007,4,6.72222222222222,9,7,6.6875,6.5,6.875,6.6,1,8,1,4,5,612,404,208,31,225,387,6.9196089379085,7.16930693069307,6.43461860576923,6.75806451612903,6.98177777777778,6.88346426356589,71
"73",2007,5,6.68,15,7.3,6.45454545454545,7,7.15,6.14285714285714,4,11,3,8,7,627,408,219,34,233,394,6.91387666666667,7.17058823529412,6.4356194977169,6.77941176470588,6.98755364806867,6.87030626903553,72
"74",2007,6,6.86923076923077,13,7,6.66,NA,6.5,6.9,8,5,0,1,12,640,416,224,34,234,406,6.912969796875,7.16730769230769,6.44062799107143,6.77941176470588,6.98547008547009,6.87118391625616,73
"75",2007,7,7.03846153846154,13,7.75,6.42857142857143,7,6.33333333333333,7.64285714285714,6,7,1,6,7,653,422,231,35,240,413,6.91546810107197,7.17559241706161,6.44026264069264,6.78571428571429,6.96916666666667,6.88426312348668,74
"76",2007,8,7.54166666666667,12,7.625,7.5,7,7.64285714285714,7.4,4,8,1,7,5,665,426,239,36,247,418,6.92676792481203,7.17981220657277,6.4757350209205,6.79166666666667,6.98825910931174,6.89043222488038,75
"77",2007,9,6.83333333333333,21,7.375,6.11111111111111,6,7.25,6.45454545454545,12,9,2,10,11,686,438,248,38,257,429,6.92390768221574,7.1851598173516,6.4625027016129,6.75,6.99844357976654,6.87925564102564,76
"78",2007,10,7.11111111111111,18,7.35,6.8125,NA,7,7.22222222222222,10,8,0,9,9,704,448,256,38,266,438,6.92869413352273,7.18883928571429,6.4734401171875,6.75,6.9984962406015,6.88630289954338,77
"79",2007,11,7.21111111111111,18,7.47777777777778,6.94444444444444,NA,7.64285714285714,6.93636363636364,9,9,0,7,11,722,457,265,38,273,449,6.935735,7.1945295404814,6.48943649056604,6.75,7.01501831501831,6.88752933184855,78
"80",2007,12,6.63636363636364,11,6.71428571428571,6.5,7,6.33333333333333,6.75,7,4,2,3,8,733,464,269,40,276,457,6.93124238744884,7.18728448275862,6.48959356877323,6.7625,7.00760869565217,6.88512181619256,79
"81",2008,1,7.015,20,7.52727272727273,6.38888888888889,7.33333333333333,7.35714285714286,6.83076923076923,11,9,3,7,13,753,475,278,43,283,470,6.9334670252324,7.19515789473684,6.48633334532374,6.80232558139535,7.01625441696113,6.88361844680851,80
"82",2008,2,7.2,11,7.53333333333333,6.8,7,8,6.53333333333333,6,5,1,5,6,764,481,283,44,288,476,6.93730454188482,7.1993762993763,6.4918751590106,6.80681818181818,7.03333333333333,6.8792030882353,81
"83",2008,3,7.02941176470588,17,7.78571428571429,6.5,7,7.38888888888889,6.625,7,10,2,9,8,781,488,293,46,297,484,6.93930943661972,7.2077868852459,6.49215245733788,6.81521739130435,7.04410774410774,6.87500138429752,82
"84",2008,4,7.19230769230769,13,7.38888888888889,6.75,7,7.28571428571429,7.08333333333333,9,4,1,7,6,794,497,297,47,304,490,6.94345172544081,7.21106639839034,6.49562515151515,6.81914893617021,7.04967105263158,6.8775523877551,83
"85",2008,5,7.16335714285714,14,7.84375,6.25616666666667,5,7.28188888888889,6.95,8,6,1,9,5,808,505,303,48,313,495,6.94726196782178,7.22108910891089,6.49088339933993,6.78125,7.0563482428115,6.87828418181818,84
"86",2008,6,6.83333333333333,6,7,6.5,NA,5,7.2,4,2,0,1,5,814,509,305,48,314,500,6.9464221990172,7.21935166994106,6.49094318032787,6.78125,7.04979936305732,6.88150134,85
"87",2008,7,6.875,20,7.85714285714286,6.34615384615385,6.5,7,6.82142857142857,7,13,8,6,14,834,516,318,56,320,514,6.94470943645084,7.22800387596899,6.48502411949685,6.74107142857143,7.048865625,6.87986511673152,86
"88",2008,8,6.48235294117647,17,7,6.12,5.8,6.42857142857143,6.52,7,10,5,7,10,851,523,328,61,327,524,6.93547317273796,7.22495219885277,6.47389533536585,6.66393442622951,7.0355871559633,6.87299746183206,87
"89",2008,9,7.02941176470588,17,7.58333333333333,6.72727272727273,7,6.83333333333333,7.25,6,11,2,9,8,868,529,339,63,336,532,6.93731298387097,7.22901701323251,6.48211702064897,6.67460317460317,7.03016964285714,6.87866667293233,88
"90",2008,10,6.60416666666667,12,6,6.80555555555556,6.5,6.8125,6.5,3,9,5,4,8,880,532,348,68,340,540,6.93277007954545,7.22208646616541,6.49048181034483,6.66176470588235,7.02760882352941,6.8730567962963,89
"91",2008,11,7.29347826086957,23,7.375,7.20454545454545,6.5,7.25,7.30263157894737,12,11,4,4,19,903,544,359,72,344,559,6.94195755260244,7.22545955882353,6.51236119777159,6.65277777777778,7.03019476744186,6.88765772808587,90
"92",2008,12,6.75,18,6.92857142857143,6.63636363636364,6.25,7.5,6.53571428571429,7,11,4,4,14,921,551,370,76,348,573,6.93820593919652,7.22168784029038,6.51604775675676,6.63157894736842,7.03559482758621,6.87905876090751,91
"93",2009,1,7.07611111111111,18,7.075,7.0775,7.155,7,7.15222222222222,10,8,4,9,9,939,561,378,80,357,582,6.94084948881789,7.21907308377897,6.52793034391534,6.65775,7.0346974789916,6.88328293814433,92
"94",2009,2,6.91666666666667,30,7.5,6.66666666666667,6.4,6.95,6.9,9,21,5,10,20,969,570,399,85,367,602,6.94010079463364,7.22350877192983,6.5352322556391,6.64258823529412,7.03238964577657,6.88383832225914,93
"95",2009,3,6.44117647058824,17,6.9,6.25,6.875,7.25,6,5,12,4,6,11,986,575,411,89,373,613,6.93149865111562,7.22069565217391,6.52690430656934,6.65303370786517,7.03589008042895,6.86797825448614,94
"96",2009,4,6.61428571428571,35,6.63636363636364,6.60416666666667,5.375,6.875,6.47826086956522,11,24,4,12,23,1021,586,435,93,385,636,6.92062455435847,7.20972696245734,6.53116705747126,6.59806451612903,7.03087532467532,6.85388470125786,95
"97",2009,5,6.69130434782609,23,7.62727272727273,5.83333333333333,6,7.18181818181818,6.24166666666667,11,12,5,11,12,1044,597,447,98,396,648,6.91557248084291,7.21742043551089,6.51243326621924,6.56755102040816,7.03506818181818,6.84254733024691,96
"98",2009,6,6.56538461538462,26,7.15,6.30555555555556,6.75,6.91666666666667,6.46,8,18,4,6,20,1070,605,465,102,402,668,6.90706324299065,7.21652892561983,6.50442509677419,6.57470588235294,7.03330099502487,6.83109381736527,97
"99",2009,7,6.7,16,7.5,6.22,5,6.8,6.65454545454545,6,10,3,5,11,1086,611,475,105,407,679,6.90401258747698,7.21931260229133,6.4984372,6.52971428571429,7.03043488943489,6.82823368188513,98
"100",2009,8,7.175,16,7.1875,7.1625,6.5,6.66666666666667,7.29230769230769,8,8,2,3,13,1102,619,483,107,410,692,6.90794706896552,7.218901453958,6.50943616977225,6.52915887850467,7.02777317073171,6.83695183526012,99
"101",2009,9,6.64285714285714,14,7.125,6.45,6.66666666666667,6.83333333333333,6.5,4,10,3,6,8,1116,623,493,110,416,700,6.90462156810036,7.21829855537721,6.50823056795132,6.53290909090909,7.02496875,6.83310095714286,100
"102",2009,10,7.19318181818182,22,6.84375,7.39285714285714,7,6.75,7.29166666666667,8,14,3,4,18,1138,631,507,113,420,718,6.91020006151142,7.2135499207607,6.53265812623274,6.54530973451327,7.02235,6.84459703342618,101
"103",2009,11,6.70694444444444,36,7.403125,6.15,6.5625,7.29090909090909,6.45,16,20,8,11,25,1174,647,527,121,431,743,6.90396735093697,7.21823802163833,6.51813599620493,6.54644628099174,7.02920417633411,6.83131987886945,102
"104",2009,12,6.95,20,6.71428571428571,7.07692307692308,6.6,6.95833333333333,6.9375,7,13,5,12,8,1194,654,540,126,443,751,6.90473841708543,7.21284403669725,6.53158827777778,6.54857142857143,7.02728442437923,6.83245095872171,103
"105",2010,1,6.87142857142857,21,6.91111111111111,6.84166666666667,8,7,6.79230769230769,9,12,2,8,13,1215,663,552,128,451,764,6.90416269135802,7.20874811463047,6.53832911231884,6.57125,7.02680044345898,6.83176789267016,104
"106",2010,2,7.45833333333333,12,8.4,6.78571428571429,7,NA,7.45833333333333,5,7,3,0,12,1227,668,559,131,451,776,6.90958245313773,7.21766467065868,6.5414269588551,6.58106870229008,7.02680044345898,6.84145704896907,105
"107",2010,3,6.84166666666667,12,7.12,6.64285714285714,NA,7,6.78888888888889,5,7,0,3,9,1239,673,566,131,454,785,6.90892467312349,7.21693907875186,6.54268139575972,6.58106870229008,7.02662334801762,6.8408543566879,106
"108",2010,4,7.03571428571429,14,6.83333333333333,7.1875,7,7.5,6.95833333333333,6,8,1,2,12,1253,679,574,132,456,797,6.91034131683958,7.21354933726068,6.55166841463415,6.58424242424242,7.02869956140351,6.84262317440402,107
"109",2010,5,7.21111111111111,9,6.75,7.34285714285714,7.5,6.7,7.35714285714286,2,7,2,2,7,1262,681,581,134,458,804,6.91248626782884,7.21218795888399,6.56120080895009,6.59791044776119,7.02726419213974,6.84710282338309,108
"110",2010,6,6.4,5,6,6.5,NA,NA,6.4,1,4,0,0,5,1267,682,585,134,458,809,6.91046382794001,7.21041055718475,6.56078234188034,6.59791044776119,7.02726419213974,6.84433951792336,109
"111",2010,7,6.73,10,6.63333333333333,6.875,NA,6.66666666666667,6.75714285714286,6,4,0,3,7,1277,688,589,134,461,816,6.90905064212999,7.20537790697674,6.56291624787776,6.59791044776119,7.02491757049891,6.84359150735294,110
"112",2010,8,6.5,12,7.66666666666667,5.33333333333333,5.33333333333333,6.25,6.625,6,6,3,4,8,1289,694,595,137,465,824,6.90524256788208,7.20936599423631,6.55051709243697,6.57021897810219,7.01825161290323,6.84146925970874,111
"113",2010,9,6.82857142857143,14,7.5,6.71666666666667,6.55,6.72,6.88888888888889,2,12,2,5,9,1303,696,607,139,470,833,6.90441877973906,7.21020114942529,6.55380176276771,6.56992805755396,7.01507872340425,6.84198159663866,112
"114",2010,10,7.27058823529412,17,7.52222222222222,6.9875,7,7.14285714285714,7.36,9,8,1,7,10,1320,705,615,140,477,843,6.90913459848485,7.21418439716312,6.55944336585366,6.573,7.01695387840671,6.84812653618031,113
"115",2010,11,7.32142857142857,14,7.11111111111111,7.7,7.5,9.16666666666667,6.81818181818182,9,5,1,3,11,1334,714,620,141,480,854,6.91346152173913,7.21288515406162,6.56864140322581,6.57957446808511,7.03038958333333,6.84774083138173,114
"116",2010,12,6.98684210526316,19,7.42857142857143,6.72916666666667,7.6875,6.3,7.23214285714286,7,12,4,5,14,1353,721,632,145,485,868,6.91449199556541,7.21497919556172,6.57168935126582,6.61013793103448,7.02285979381443,6.8539408640553,115
"117",2011,1,6.774,15,7,6.62333333333333,6.75,NA,6.774,6,9,4,0,15,1368,727,641,149,485,883,6.91295151315789,7.21320495185695,6.57241446177847,6.61389261744966,7.02285979381443,6.85258286523216,116
"118",2011,2,6.42,15,6.78571428571429,6.1,7.2,5.83333333333333,6.56666666666667,7,8,1,3,12,1383,734,649,150,488,895,6.90760496746204,7.2091280653951,6.56659117103236,6.6178,7.01554713114754,6.84874935195531,117
"119",2011,3,6.70833333333333,12,6.5,6.75,6.5,7,6.61111111111111,2,10,1,3,9,1395,736,659,151,491,904,6.90589080286738,7.20720108695652,6.56937430955994,6.61701986754967,7.01545213849287,6.84638348451328,118
"120",2011,4,6.95333333333333,15,7.4125,6.42857142857143,7,7.46,6.7,8,7,1,5,10,1410,744,666,152,496,914,6.9063955106383,7.20940860215054,6.5678943993994,6.61953947368421,7.01993346774193,6.84478191466083,119
"121",2011,5,6.71428571428571,7,NA,6.71428571428571,7.5,7.5,6.4,0,7,2,2,5,1417,744,673,154,498,919,6.90544648553281,7.20940860215054,6.56941704309064,6.63097402597403,7.02186144578313,6.84236199129489,120
"122",2011,6,6.625,4,6.75,6.5,6,6.5,6.75,2,2,1,2,2,1421,746,675,155,500,921,6.90465705137227,7.20817694369973,6.56921136296296,6.62690322580645,7.019774,6.84216142236699,121
"123",2011,7,6.8125,8,7.375,6.25,5.5,6,7.08333333333333,4,4,2,2,6,1429,750,679,157,502,927,6.904141126662,7.20906666666667,6.56733088365243,6.61254777070064,7.01571115537849,6.84372240560949,122
"124",2011,8,6.55555555555556,9,6.5,6.57142857142857,7,5,6.75,2,7,1,1,8,1438,752,686,158,503,935,6.90195943671766,7.20718085106383,6.567372696793,6.615,7.01170377733598,6.8429205026738,123
"125",2011,9,7,6,9,6,NA,7.33333333333333,6.66666666666667,2,4,0,3,3,1444,754,690,158,506,938,6.90236680747922,7.21193633952255,6.56408357971014,6.615,7.01361067193676,6.84235679104478,124
"126",2011,10,6.975,16,6.71875,7.23125,7.25,6.95555555555556,7,8,8,2,9,7,1460,762,698,160,515,945,6.90316278767123,7.20675853018373,6.57173018624642,6.6229375,7.01259611650485,6.84352451851852,125
"127",2011,11,7.05357142857143,14,7.79166666666667,6.5,6.5,6.16666666666667,7.29545454545455,6,8,2,3,11,1474,768,706,162,518,956,6.90459136363636,7.211328125,6.5709173796034,6.62141975308642,7.00769691119691,6.84872455020921,126
"128",2011,12,6.75714285714286,7,6.88333333333333,6,NA,7,6.66,6,1,0,2,5,1481,774,707,162,520,961,6.90389444294395,7.20878552971576,6.57010985855728,6.62141975308642,7.00766730769231,6.8477426326743,127
"129",2012,1,6.35,10,7,5.7,5.5,6.25,6.41666666666667,5,5,2,4,6,1491,779,712,164,524,967,6.90017952380952,7.20744544287548,6.56399953651685,6.60774390243902,7.00188358778626,6.84506791106515,128
"130",2012,2,6.66666666666667,9,6.66666666666667,6.66666666666667,6.8,7,6.5,3,6,5,3,6,1500,782,718,169,527,973,6.89877844666666,7.20537084398977,6.56485747910863,6.61343195266272,7.00187286527514,6.84294005138746,129
"131",2012,3,6.29166666666667,12,6.5,6.08333333333333,6.5,7.5,6.05,6,6,2,2,10,1512,788,724,171,529,983,6.89396009920635,7.2,6.56086694751381,6.6121052631579,7.0037561436673,6.83487351983723,130
"132",2012,4,6.70714285714286,14,5.5,6.90833333333333,7.33333333333333,7.5,6.575,2,12,3,2,12,1526,790,736,174,531,995,6.89224617955439,7.19569620253165,6.56653216032609,6.62454022988506,7.0056252354049,6.83173936683417,131
"133",2012,5,5.83333333333333,6,5.75,5.875,7,3,6.4,2,4,2,1,5,1532,792,740,176,532,1000,6.88809900130548,7.19204545454545,6.56279414864865,6.62880681818182,6.99809586466165,6.82958067,132
"134",2012,6,7.31666666666667,15,7.33333333333333,7.3125,8,6.66666666666667,7.47916666666667,3,12,1,3,12,1547,795,752,177,535,1012,6.89225447317388,7.1925786163522,6.57475753989362,6.63655367231638,6.99623738317757,6.83728327075099,133
"135",2012,7,6.8775,12,8,6.31625,6.5,6.5,6.91181818181818,4,8,1,1,11,1559,799,760,178,536,1023,6.89214090442591,7.19662077596996,6.57203640789474,6.63578651685393,6.99531156716418,6.83808472140763,134
"136",2012,8,7.25,14,8.2,6.72222222222222,7.25,7.5,7.15,5,9,2,4,10,1573,804,769,180,540,1033,6.89532591862683,7.20286069651741,6.57379410923277,6.64261111111111,6.99905,6.8411042303969,135
"137",2012,9,6.67777777777778,9,8.55,6.14285714285714,5.375,5.16666666666667,7.43333333333333,2,7,4,3,6,1582,806,776,184,543,1039,6.89408828697851,7.20620347394541,6.56990679123711,6.61505434782609,6.98892633517495,6.84452422521656,136
"138",2012,10,6.85714285714286,7,7.5,6.6,5.5,6.75,6.9,2,5,2,2,5,1589,808,781,186,545,1044,6.89392553178099,7.20693069306931,6.57009944942381,6.60306451612903,6.9880495412844,6.8447899137931,137
"139",2012,11,6.66428571428571,21,6.97,6.38636363636364,6.58333333333333,5.99166666666667,6.93333333333333,10,11,3,6,15,1610,818,792,189,551,1059,6.89093022981366,7.20403422982885,6.56754756313131,6.60275132275132,6.97719963702359,6.84604406987724,138
"140",2012,12,6.54705882352941,17,7.33333333333333,5.6625,6.43333333333333,6.66666666666667,6.48181818181818,9,8,3,6,11,1627,827,800,192,557,1070,6.88733722802704,7.20544135429263,6.5584970875,6.60010416666667,6.97385457809695,6.84229969158879,139
"141",2013,1,7.11363636363636,11,7.625,6.5,6.25,7.875,6.94444444444444,6,5,2,2,9,1638,833,805,194,559,1079,6.88885694139194,7.20846338535414,6.55813375155279,6.59649484536082,6.97707871198569,6.84315168674699,140
"142",2013,2,8.08333333333333,6,8.83333333333333,7.33333333333333,8.5,9.5,7.8,3,3,2,1,5,1644,836,808,196,560,1084,6.89321634428224,7.21429425837321,6.56101196782178,6.61591836734694,6.98158392857143,6.84756519372694,141
"143",2013,3,6.66666666666667,3,6,8,NA,NA,6.66666666666667,2,1,0,0,3,1647,838,809,196,560,1087,6.89280368548877,7.21139618138425,6.56279069221261,6.61591836734694,6.98158392857143,6.84706593376265,142
"144",2013,4,5.8,5,8,5.25,6,5.66666666666667,6,1,4,2,3,2,1652,839,813,198,563,1089,6.88949616828087,7.21233611442193,6.55633169741697,6.60969696969697,6.97457726465364,6.84551025711662,143
"145",2013,5,7.1,11,7.5,6.62,7,7.625,6.8,6,5,1,4,7,1663,845,818,199,567,1096,6.89088855682501,7.21437869822485,6.55672086797066,6.61165829145729,6.97916578483245,6.84521958941606,144
"146",2013,6,6.41666666666667,6,7.1,3,NA,8.5,6,5,1,0,1,5,1669,850,819,199,568,1101,6.88918374475734,7.21370588235294,6.55237810744811,6.61165829145729,6.98184330985915,6.84138117166213,145
"147",2013,7,6.88846153846154,13,7.8,6.31875,6.5,7,6.87916666666667,5,8,1,1,12,1682,855,827,200,569,1113,6.88917816290131,7.21713450292398,6.55011810157195,6.6111,6.98187521968365,6.84178856244385,146
"148",2013,8,6.83333333333333,3,6.75,7,7,7,6.75,2,1,1,1,2,1685,857,828,201,570,1115,6.88907873590504,7.21604434072345,6.55066143719807,6.61303482587065,6.98190701754386,6.84162391928251,147
"149",2013,9,6.775,4,7.03333333333333,6,6,6.33333333333333,8.1,3,1,1,3,1,1689,860,829,202,573,1116,6.88880856719952,7.21540697674419,6.5499971893848,6.61,6.97851134380454,6.84275149641577,148
"150",2013,10,8.16666666666667,6,8.2,8,6,NA,8.16666666666667,5,1,1,0,6,1695,865,830,203,573,1122,6.89333195870206,7.22109826589595,6.55174418072289,6.60699507389163,6.97851134380454,6.84983125668449,149
"151",2013,11,7.28333333333333,6,7.5,7.175,7.25,8,7.14,2,4,2,1,5,1701,867,834,205,574,1127,6.89470762492651,7.2217416378316,6.55473341726619,6.61326829268293,6.98029094076655,6.85111860692103,150
"152",2013,12,6.21875,16,7.3,4.41666666666667,NA,8,6.1,10,6,0,1,15,1717,877,840,205,575,1142,6.88840866045428,7.22263397947549,6.53946151190476,6.61326829268293,6.98206434782609,6.84125277583188,151
"153",2014,1,7.18,5,7.63333333333333,6.5,6.5,NA,7.18,3,2,2,0,5,1722,880,842,207,575,1147,6.88925532520325,7.22403409090909,6.53936777909739,6.61217391304348,6.98206434782609,6.84272944202267,152
"154",2014,2,7,8,7,7,6.5,6.5,7.16666666666667,3,5,1,2,6,1730,883,847,208,577,1153,6.88976743930636,7.22327293318233,6.54208697756789,6.61163461538462,6.98039341421144,6.84441515177797,153
"155",2014,3,7.11111111111111,9,7.66666666666667,6.83333333333333,9,NA,7.11111111111111,3,6,1,0,9,1739,886,853,209,577,1162,6.8909129787234,7.22477426636569,6.54413560375146,6.62306220095694,6.98039341421144,6.84648078313253,154
"156",2014,4,6.84285714285714,7,7.225,6.33333333333333,6,6.95,6.7,4,3,2,4,3,1746,890,856,211,581,1165,6.89072031500573,7.22477528089888,6.54339681074766,6.61715639810427,6.98018416523236,6.84610357939914,155
"157",2014,5,7.58333333333333,6,7.875,7,NA,NA,7.58333333333333,4,2,0,0,6,1752,894,858,211,581,1171,6.89309227739726,7.22768456375839,6.54446115384615,6.61715639810427,6.98018416523236,6.84988101622545,156
"158",2014,6,6.45,6,6.675,6,NA,7.2,6.3,4,2,0,1,5,1758,898,860,211,582,1176,6.89158001706485,7.22522271714922,6.54319496511628,6.61715639810427,6.9805618556701,6.8475430867347,157
"159",2014,7,6.775,10,7.5,6.46428571428571,NA,6.625,6.875,3,7,0,4,6,1768,901,867,211,586,1182,6.89092062782805,7.22613762486127,6.54255786620531,6.61715639810427,6.97813481228669,6.84768246192894,158
"160",2014,8,6.625,8,6.84,6.26666666666667,6.8,6,6.71428571428571,5,3,1,1,7,1776,906,870,212,587,1189,6.88972278716216,7.22400662251656,6.54160651724138,6.61801886792453,6.97646848381601,6.84689711522288,159
"161",2014,9,7.54444444444444,9,8.5,7.06666666666667,7.5,6.8,7.6375,3,6,2,1,8,1785,909,876,214,588,1197,6.8930239047619,7.22821782178218,6.5452028196347,6.62626168224299,6.97616836734694,6.85218101086049,160
"162",2014,10,5.9375,8,6.3,5.33333333333333,NA,7,4.875,5,3,0,4,4,1793,914,879,214,592,1201,6.88876055214724,7.22314004376368,6.54106674630262,6.62626168224299,6.97632939189189,6.84559589508743,161
"163",2014,11,6.69090909090909,11,7.08571428571429,6,5.5,6.65,6.71428571428571,7,4,2,4,7,1804,921,883,216,596,1208,6.88755414079823,7.22209554831705,6.53861570781427,6.61583333333333,6.97413926174497,6.84483499172186,162
"164",2014,12,7.5,5,8,7.16666666666667,7.25,7.5,7.5,2,3,2,1,4,1809,923,886,218,597,1212,6.88924691542289,7.22378114842904,6.54074229119639,6.62165137614679,6.97502010050251,6.84699725247525,163
"165",2015,1,7.4,13,7.65,7.18571428571429,6.5,6.33333333333333,7.72,6,7,4,3,10,1822,929,893,222,600,1222,6.89289114709111,7.22653390742734,6.54579806270997,6.61945945945946,6.97181166666667,6.85414130114567,164
"166",2015,2,6,5,6,6,6,6,6,3,2,2,2,3,1827,932,895,224,602,1225,6.89044754789272,7.22258583690987,6.54457840223464,6.61392857142857,6.96858305647841,6.85204952653061,165
"167",2015,3,7,3,8,6.5,NA,7,7,1,2,0,2,1,1830,933,897,224,604,1226,6.8906271420765,7.22341907824223,6.54447900780379,6.61392857142857,6.96868708609272,6.85217020391517,166
"168",2015,4,7.25714285714286,7,7.93333333333333,6.75,7.5,7.5,7.16,3,4,2,2,5,1837,936,901,226,606,1231,6.89202377245509,7.22569444444444,6.54539142064373,6.62176991150442,6.97044059405941,6.853420528026,167
"169",2015,5,6.625,4,7.5,6.33333333333333,NA,NA,6.625,1,3,0,0,4,1841,937,904,226,606,1235,6.89144360130364,7.22598719316969,6.5446876880531,6.62176991150442,6.97044059405941,6.85268070445344,168
"170",2015,6,7.28174333333333,3,9,6.422615,NA,9,6.422615,1,2,0,1,2,1844,938,906,226,607,1237,6.8920785791757,7.22787846481876,6.54441821192053,6.62176991150442,6.973784184514,6.85198536782539,169
"171",2015,7,6,8,6.5,5.83333333333333,6.33333333333333,6,6,2,6,3,2,6,1852,940,912,229,609,1243,6.88822510799136,7.22632978723404,6.53974002192982,6.61799126637555,6.97058620689655,6.84787280772325,170
"172",2015,8,7,3,7,NA,NA,NA,7,3,0,0,0,3,1855,943,912,229,609,1246,6.88840587601078,7.22560975609756,6.53974002192982,6.61799126637555,6.97058620689655,6.84823908507223,171
"173",2015,9,7.125,8,7.5,6.5,6,8.5,6.92857142857143,5,3,2,1,7,1863,948,915,231,610,1253,6.88942184648417,7.22705696202532,6.53960972677596,6.61264069264069,6.97309344262295,6.84868786911413,172
"174",2015,10,6.16,5,7,5.6,6.8,5.4,6.66666666666667,2,3,1,2,3,1868,950,918,232,612,1256,6.88746943254818,7.22657894736842,6.53653910675381,6.61344827586207,6.96795261437909,6.84825310509554,173
"175",2015,11,7.18571428571429,7,7.325,7,NA,7.8,7.08333333333333,4,3,0,1,6,1875,954,921,232,613,1262,6.88858288,7.22699161425577,6.53804875135722,6.61344827586207,6.96930995106036,6.84937076069731,174
"176",2015,12,7.575,8,8,6.86666666666667,7.6,7.75,7.4,5,3,1,4,4,1883,959,924,233,617,1266,6.89149915029209,7.23102189781022,6.53911569264069,6.61768240343348,6.97437115072934,6.85111050552923,175
"177",2016,1,6.875,8,6.83333333333333,6.9,6.75,7,6.83333333333333,3,5,2,2,6,1891,962,929,235,619,1272,6.8914293495505,7.22978170478171,6.54105801937567,6.6188085106383,6.97445395799677,6.8510266509434,176
"178",2016,2,6.58333333333333,6,6.7,6,NA,5.5,6.8,5,1,0,1,5,1897,967,930,235,620,1277,6.89045487612019,7.2270423991727,6.54047623655914,6.6188085106383,6.97207580645161,6.85082685982772,177
"179",2016,3,6.28461538461538,13,7.33333333333333,5.97,6.75,NA,6.28461538461538,3,10,4,0,13,1910,970,940,239,620,1290,6.88633136125654,7.22737113402062,6.53440734042553,6.62100418410042,6.97207580645161,6.84512085271318,178
"180",2016,4,6.28181818181818,11,6.3875,6,5,5.63333333333333,6.525,8,3,1,3,8,1921,978,943,240,623,1298,6.88286980739198,7.22050102249489,6.53270721102863,6.61425,6.96562921348315,6.84314784283514,179
"181",2016,5,7.66666666666667,3,8,7,NA,NA,7.66666666666667,2,1,0,0,3,1924,980,944,240,623,1301,6.88409194386694,7.22209183673469,6.53320222457627,6.61425,6.96562921348315,6.84504681014605,180
"182",2016,6,6.75,6,7.16666666666667,6.33333333333333,6,7.16666666666667,6.33333333333333,3,3,2,3,3,1930,983,947,242,626,1304,6.88367507772021,7.22192268565616,6.53256906019007,6.60917355371901,6.96659265175719,6.84386955521473,181
"183",2016,7,7.21428571428571,7,8.5,6.25,NA,8,6.9,3,4,0,2,5,1937,986,951,242,628,1309,6.88486985028394,7.22581135902637,6.53138054679285,6.60917355371901,6.96988375796178,6.84408395721926,182
"184",2016,8,6.35714285714286,7,7,6.25,6,6,6.41666666666667,1,6,1,1,6,1944,987,957,243,629,1315,6.88296959876543,7.22558257345491,6.52961640543365,6.60666666666667,6.96834181240064,6.84213376425856,183
"185",2016,9,7.25,7,7.5,6.91666666666667,6.75,7,7.29166666666667,4,3,1,1,6,1951,991,960,244,630,1321,6.8842864684777,7.22669021190717,6.5308259375,6.60725409836065,6.96839206349206,6.84417554882665,184
"186",2016,10,7,1,NA,7,7,NA,7,0,1,1,0,1,1952,991,961,245,630,1322,6.88434574795082,7.22669021190717,6.53131415192508,6.60885714285714,6.96839206349206,6.84429341906203,185
"187",2016,11,6.24285714285714,7,6.66666666666667,5.925,6.85,8.7,5.83333333333333,3,4,2,1,6,1959,994,965,247,631,1328,6.88205354772843,7.225,6.52880093264249,6.61080971659919,6.97113629160063,6.83972582831326,186
"188",2016,12,6.14285714285714,7,7,5.5,5,NA,6.14285714285714,3,4,1,0,7,1966,997,969,248,631,1335,6.87942161749746,7.22432296890672,6.52455407636739,6.60431451612903,6.97113629160063,6.836071835206,187
"189",2017,1,7.09090909090909,11,7.33333333333333,6.8,6.5,6.5,7.22222222222222,6,5,2,2,9,1977,1003,974,250,633,1344,6.88059833080425,7.22497507477567,6.52596806981519,6.60348,6.9696477093207,6.83865766369048,188
"190",2017,2,7.375,8,7.5,7.25,7.5,7.5,7.33333333333333,4,4,2,2,6,1985,1007,978,252,635,1350,6.88259088161209,7.22606752730884,6.52892934560327,6.61059523809524,6.97131811023622,6.84085622222223,189
"191",2017,3,6.82857142857143,7,6.95,6.66666666666667,6,NA,6.82857142857143,4,3,2,0,7,1992,1011,981,254,635,1357,6.88240105421687,7.22497527200791,6.52935056065239,6.6057874015748,6.97131811023622,6.84079285187915,190
"192",2017,4,7.06363636363636,11,6.85714285714286,7.425,NA,6,7.3,7,4,0,2,9,2003,1018,985,254,637,1366,6.8833963554668,7.22244597249509,6.53298771573604,6.6057874015748,6.96826844583987,6.84381837481699,191
"193",2017,5,7.34,5,7.5,7.23333333333333,6.7,NA,7.34,2,3,1,0,5,2008,1020,988,255,637,1371,6.88453331673307,7.22299019607843,6.53511427125506,6.6061568627451,6.96826844583987,6.84562793581328,192
"194",2017,6,5.66666666666667,3,6,5,5,NA,5.66666666666667,2,1,1,0,3,2011,1022,989,256,637,1374,6.8827165091994,7.22059686888454,6.53356208291203,6.5998828125,6.96826844583987,6.8430537845706,193
"195",2017,7,6,7,7,5.6,6.5,NA,6,2,5,1,0,7,2018,1024,994,257,637,1381,6.87965455896928,7.220166015625,6.52886609657948,6.59949416342412,6.96826844583987,6.83878052136134,194
"196",2017,8,7.14545454545455,11,7.72857142857143,6.125,7,7.25,7.12222222222222,7,4,2,2,9,2029,1031,998,259,639,1390,6.8810955643174,7.22361784675073,6.52724739478958,6.60258687258687,6.96915023474178,6.84061575539569,195
"197",2017,9,7.16666666666667,6,7,7.5,7,6,7.4,4,2,1,1,5,2035,1035,1000,260,640,1395,6.88193754299754,7.22275362318841,6.5291929,6.60411538461538,6.9676359375,6.84262071684588,196
"198",2017,10,7.2,5,7.25,7,NA,7,7.25,4,1,0,1,4,2040,1039,1001,260,641,1399,6.88271710784314,7.22285851780558,6.52966323676324,6.60411538461538,6.9676864274571,6.84378548963546,197
"199",2017,11,7.8,5,8,7.66666666666667,8,7,8,2,3,1,1,4,2045,1041,1004,261,642,1403,6.88495985330073,7.22435158501441,6.53306065737052,6.60946360153257,6.96773676012461,6.84708189593728,198
"200",2017,12,6.66666666666667,9,7.5,5,4,8,6.28571428571429,6,3,2,2,7,2054,1047,1007,263,644,1410,6.88400335929893,7.22593123209169,6.52849344587885,6.58961977186312,6.97094254658385,6.84429496453901,199
"201",2018,1,6.52,15,7,6.2,5.95,6.6,6.5,6,9,4,3,12,2069,1053,1016,267,647,1422,6.88136437892702,7.22464387464388,6.52558356299213,6.58003745318352,6.96922256568779,6.84138952180029,200
"202",2018,2,6.95,5,7.375,6.66666666666667,7,6.875,7,2,3,2,2,3,2074,1055,1019,269,649,1425,6.88152984570878,7.22492890995261,6.5259989205103,6.58315985130112,6.96893220338983,6.8417234385965,201
"203",2018,3,6.64285714285714,7,7.7,4,6,5.875,7.66666666666667,5,2,1,4,3,2081,1060,1021,270,653,1428,6.880727006247,7.22716981132076,6.52105083251714,6.581,6.96223124042879,6.84345651260505,202
"204",2018,4,6.56,5,6.5,6.6,6.8,6.4,6.66666666666667,2,3,1,2,3,2086,1062,1024,271,655,1431,6.87995824544583,7.22580037664784,6.52128212890625,6.58180811808118,6.9605145038168,6.84308588399721,203
"205",2018,5,7.125,8,7.5,6.75,NA,6,7.5,4,4,0,2,6,2094,1066,1028,271,657,1437,6.88089441260745,7.22682926829268,6.52217208171206,6.58180811808118,6.95759056316591,6.84582874043146,204
"206",2018,6,7,2,NA,7,6,6,8,0,2,1,1,1,2096,1066,1030,272,658,1438,6.8810080629771,7.22682926829268,6.52309990291262,6.57966911764706,6.95613525835866,6.84663136300418,205
"207",2018,7,6.8,5,7,6.5,7,7,6.5,3,2,2,3,2,2101,1069,1032,274,661,1440,6.88081527843884,7.22619270346118,6.52305513565891,6.58273722627737,6.9563343419062,6.84614993055556,206
"208",2018,8,6.77777777777778,9,7.2,6.25,8,NA,6.77777777777778,5,4,1,0,9,2110,1074,1036,275,661,1449,6.88037578199052,7.22607076350093,6.52200086872587,6.58789090909091,6.9563343419062,6.84572525879918,207
"209",2018,9,7.2,5,7.2,NA,NA,NA,7.2,5,0,0,0,5,2115,1079,1036,275,661,1454,6.88113139479905,7.2259499536608,6.52200086872587,6.58789090909091,6.9563343419062,6.84694353507566,208
"210",2018,10,6.8,5,7,6.5,NA,7,6.66666666666667,3,2,0,2,3,2120,1082,1038,275,663,1457,6.88094004716981,7.22532347504621,6.521958477842,6.58789090909091,6.95646606334842,6.84657234042554,209
"211",2018,11,6.34166666666667,12,6.45555555555556,6,6,7,6.28181818181818,9,3,2,1,11,2132,1091,1041,277,664,1468,6.87790473733584,7.21897341888176,6.52045427473583,6.58364620938628,6.95653162650602,6.84234053133515,210
"212",2018,12,6.90625,8,7,6.8125,7.375,6.25,7.125,4,4,2,2,6,2140,1095,1045,279,666,1474,6.87801070093458,7.21817351598174,6.52157215311005,6.58931899641577,6.95440990990991,6.84349111261873,211
"213",2019,1,7.125,8,7.33333333333333,6.5,NA,6,7.28571428571429,6,2,0,1,7,2148,1101,1047,279,667,1481,6.87893058659218,7.21880108991826,6.52153094555874,6.58931899641577,6.95297901049475,6.84558129642134,212
"214",2019,2,7,5,8,6.75,6.5,7,7,1,4,2,1,4,2153,1102,1051,281,668,1485,6.87921175104505,7.21950998185118,6.52240047573739,6.58868327402135,6.95304940119761,6.84599723905724,213
"215",2019,3,7,2,8,6,6,NA,7,1,1,1,0,2,2155,1103,1052,282,668,1487,6.87932385150812,7.22021758839529,6.5219038973384,6.58659574468085,6.95304940119761,6.84620437121722,214
"216",2019,4,7.23333333333333,6,7.75,6.2,NA,NA,7.23333333333333,4,2,0,0,6,2161,1107,1054,282,668,1493,6.88030675613142,7.22213188798555,6.52129307400379,6.58659574468085,6.95304940119761,6.84776014735432,215
"217",2019,5,6.14285714285714,7,6.66666666666667,5.75,7,5.33333333333333,6.75,3,4,2,3,4,2168,1110,1058,284,671,1497,6.87792569188192,7.22063063063063,6.51837703213611,6.58950704225352,6.94580774962742,6.84749893119573,216
"218",2019,6,7.08333333333333,6,6.875,7.5,7,7,7.1,4,2,1,1,5,2174,1114,1060,285,672,1502,6.87849259429623,7.21938958707361,6.5202291509434,6.59094736842105,6.94588839285714,6.84833948069241,217
"219",2019,7,6.9,8,7.4,6.6,6,NA,6.9,3,5,1,0,8,2182,1117,1065,286,672,1510,6.87857144821265,7.21987466427932,6.52060366197183,6.58888111888112,6.94588839285714,6.84861317880795,218
"220",2019,8,5,3,NA,5,5,3,6,0,3,1,1,2,2185,1117,1068,287,673,1512,6.87599217391304,7.21987466427932,6.51633230337079,6.58334494773519,6.94002526002972,6.84749067460318,219
"221",2019,9,6.8,6,7.45,5.5,7,7.26666666666667,6.33333333333333,4,2,1,3,3,2191,1121,1070,288,676,1515,6.87578407120037,7.2206958073149,6.51443261682243,6.58479166666667,6.94147485207101,6.84647254125413,220
"222",2019,10,7.01428571428571,7,7.275,6.66666666666667,8,8,6.85,4,3,1,1,6,2198,1125,1073,289,677,1521,6.87622515923567,7.22088888888889,6.51485824790307,6.58968858131488,6.94303840472674,6.84648645627877,221
"223",2019,11,6,4,7,5.66666666666667,6,5,6.33333333333333,1,3,2,1,3,2202,1126,1076,291,678,1524,6.87463346957312,7.22069271758437,6.51249340148699,6.58563573883161,6.94017256637168,6.84547631233596,222
"224",2019,12,7.31,10,7.62,7,6,8.3,7.0625,5,5,1,2,8,2212,1131,1081,292,680,1532,6.8766016726944,7.22245800176835,6.51474828862165,6.5836301369863,6.94417205882353,6.84660959530027,223
"225",2020,1,6.64153846153846,13,7.25666666666667,6.11428571428571,6.65,9.02,6.20909090909091,6,7,2,2,11,2225,1137,1088,294,682,1543,6.87522826966292,7.22263852242744,6.51217178308823,6.58408163265306,6.95025953079179,6.84206474400519,224
"226",2020,2,6.138375,10,6.625,5.81395833333333,6,7.5,5.55482142857143,4,6,2,3,7,2235,1141,1094,296,685,1550,6.87193138702461,7.22054338299737,6.50834245886654,6.58013513513513,6.95266715328467,6.83625138709678,225
"227",2020,3,6.5,6,6.6,6,6,6,6.6,5,1,1,1,5,2241,1146,1095,297,686,1555,6.87093558679161,7.21783595113438,6.50787821917808,6.57818181818182,6.95127842565598,6.83549173633441,226
"228",2020,4,7.33333333333333,6,7.6,6,6,7.16666666666667,7.5,5,1,1,3,3,2247,1151,1096,298,689,1558,6.87217029372497,7.21949609035621,6.50741482664233,6.57624161073825,6.95221625544267,6.83677127727857,227
"229",2020,5,6.75,4,7.16666666666667,5.5,NA,NA,6.75,3,1,0,0,4,2251,1154,1097,298,689,1562,6.87195319857841,7.21935875216638,6.50649649042844,6.57624161073825,6.95221625544267,6.83654907170295,228
"230",2020,6,7.78125,8,7.875,7.5,7.5,7.66666666666667,7.85,6,2,2,3,5,2259,1160,1099,300,692,1567,6.87517337317397,7.22275,6.50830450409463,6.5824,6.95531358381503,6.83978280153159,229
"231",2020,7,7.3,5,7.375,7,7,7.5,7.16666666666667,4,1,1,2,3,2264,1164,1100,301,694,1570,6.87611159452297,7.22327319587629,6.5087515,6.58378737541528,6.9568832853026,6.84040742038217,230
"232",2020,8,6.96666666666667,3,8.5,6.2,6.2,8.5,6.2,1,2,2,1,2,2267,1165,1102,303,695,1572,6.87623142920159,7.22436909871245,6.50819115245009,6.58125412541254,6.9591035971223,6.83959265267176,231
"233",2020,9,6.8,3,6.7,7,NA,6,7.2,2,1,0,1,2,2270,1167,1103,303,696,1574,6.87613068281939,7.223470437018,6.50863703535811,6.58125412541254,6.95772557471265,6.84005060355782,232
"234",2020,10,6.8125,8,7.25,6.66666666666667,7,NA,6.8125,2,6,1,0,8,2278,1169,1109,304,696,1582,6.87590722124671,7.22351582549188,6.50949201983769,6.58263157894737,6.95772557471265,6.83991128318585,233
"235",2020,11,6.7,5,6.875,6,NA,NA,6.7,4,1,0,0,5,2283,1173,1110,304,696,1587,6.87552196671047,7.2223273657289,6.50903301801802,6.58263157894737,6.95772557471265,6.83947047889099,234
"236",2020,12,6.375,8,6,6.42857142857143,7,5,7.2,1,7,2,3,5,2291,1174,1117,306,699,1592,6.8737741815801,7.22128620102215,6.508528782453,6.58535947712418,6.94932331902718,6.84060279522614,235
"237",2021,1,6.55,10,6.9375,5,NA,NA,6.55,8,2,0,0,10,2301,1182,1119,306,699,1602,6.87236707953064,7.2193654822335,6.50583257372654,6.58535947712418,6.94932331902718,6.83878879525593,236
"238",2021,2,6.5,6,6.33333333333333,6.66666666666667,6,6,6.6,3,3,1,1,5,2307,1185,1122,307,700,1607,6.87139863459038,7.2171223628692,6.5062626114082,6.58345276872964,6.94796714285714,6.83804583074051,237
"239",2021,3,7,3,7,7,NA,7.5,6.75,2,1,0,1,2,2310,1187,1123,307,701,1609,6.87156564935065,7.21675652906487,6.50670227070347,6.58345276872964,6.94875463623395,6.83793638906153,238
"240",2021,4,7,6,6.66666666666667,7.33333333333333,7,7.33333333333333,6.66666666666667,3,3,1,3,3,2316,1190,1126,308,704,1612,6.87189838082902,7.21536974789916,6.5089046625222,6.58480519480519,6.95039346590909,6.83761764888338,239
"241",2021,5,6.7,4,6.93333333333333,6,NA,NA,6.7,3,1,0,0,4,2320,1193,1127,308,704,1616,6.87160200431035,7.21466051969824,6.50845310559006,6.58480519480519,6.95039346590909,6.83727701113862,240
"242",2021,6,5.75,4,7,5.33333333333333,5,4,6.33333333333333,1,3,2,1,3,2324,1194,1130,310,705,1619,6.86967153614458,7.21448073701843,6.50533331858407,6.57458064516129,6.9462085106383,6.83634320568252,241
"243",2021,7,6.92857142857143,7,6.91666666666667,7,NA,8,6.5,6,1,0,2,5,2331,1200,1131,310,707,1624,6.86984841269842,7.21299166666667,6.50577068965517,6.57458064516129,6.94918953323904,6.83530766625616,242
"244",2021,8,7.25,4,7.33333333333333,7,NA,NA,7.25,3,1,0,0,4,2335,1203,1132,310,707,1628,6.87049963597431,7.21329177057357,6.50620728798586,6.57458064516129,6.94918953323904,6.83632656633907,243
"245",2021,9,3.5,4,4.5,2.5,NA,4,2,2,2,0,3,1,2339,1205,1134,310,710,1629,6.86473563488671,7.20878838174274,6.49914166666667,6.57458064516129,6.93672816901409,6.83335767341928,244
"246",2021,10,6.71428571428571,7,7.3,5.25,NA,7.25,6.5,5,2,0,2,5,2346,1210,1136,310,712,1634,6.86428672208014,7.2091652892562,6.49694247359155,6.57458064516129,6.93760814606742,6.83233760709915,245
"247",2021,11,6.28571428571429,7,6.6,5.5,NA,6.66666666666667,6,5,2,0,3,4,2353,1215,1138,310,715,1638,6.8625655121122,7.20665843621399,6.49519037785589,6.57458064516129,6.93647132867133,6.83030503663004,246
"248",2021,12,6.75,6,6.75,NA,NA,NA,6.75,6,0,0,0,6,2359,1221,1138,310,715,1644,6.86227920729123,7.20441441441442,6.49519037785589,6.57458064516129,6.93647132867133,6.83001195255475,247
"249",2022,1,6.64166666666667,12,6.7,6.6,6.4,NA,6.64166666666667,5,7,3,0,12,2371,1226,1145,313,715,1656,6.86116265288908,7.2023572593801,6.49583113537118,6.57290734824281,6.93647132867133,6.82864713164252,248
"250",2022,2,6.375,4,NA,6.375,6,NA,6.375,0,4,1,0,4,2375,1226,1149,314,715,1660,6.86034385263158,7.2023572593801,6.49541048738033,6.57108280254777,6.93647132867133,6.8275540060241,249
"251",2022,3,6.71,8,8.33333333333333,5.736,5,6.56,6.8,3,5,1,3,5,2383,1229,1154,315,718,1665,6.85983913134704,7.20511798209927,6.49212014731369,6.56609523809524,6.93489832869081,6.82747126126127,250
"252",2022,4,6.20833333333333,6,6.625,6,7,NA,6.20833333333333,2,4,1,0,6,2389,1231,1158,316,718,1671,6.8582028673085,7.20417546709992,6.49042025043178,6.56746835443038,6.93489832869081,6.82524814482346,251
"253",2022,5,7.42857142857143,7,7.7,6.75,NA,7,7.6,5,2,0,2,5,2396,1236,1160,316,720,1676,6.85986921953256,7.20618122977346,6.49086780172414,6.56746835443038,6.93507916666667,6.82755945704058,252
"254",2022,6,7.35,4,7.46666666666667,7,NA,NA,7.35,3,1,0,0,4,2400,1239,1161,316,720,1680,6.86068610416667,7.20681194511703,6.49130633074935,6.56746835443038,6.93507916666667,6.82880336309524,253
"255",2022,7,7,1,7,NA,NA,NA,7,1,0,0,0,1,2401,1240,1161,316,720,1681,6.8607441274469,7.20664516129032,6.49130633074935,6.56746835443038,6.93507916666667,6.82890520523498,254
"256",2022,8,6.48,5,9,5.85,NA,6.5,6.46666666666667,1,4,0,2,3,2406,1241,1165,316,722,1684,6.85995288861181,7.20809024979855,6.48910442060086,6.56746835443038,6.93387396121884,6.8282598871734,255
"257",2022,9,7,2,7,7,NA,NA,7,1,1,0,0,2,2408,1242,1166,316,722,1686,6.86006920681064,7.20792270531401,6.48954258147513,6.56746835443038,6.93387396121884,6.82846361209965,256
"258",2022,10,6.66666666666667,3,7,6,NA,6.5,7,2,1,0,2,1,2411,1244,1167,316,724,1687,6.85982855661552,7.2075884244373,6.48912309340188,6.56746835443038,6.93267541436464,6.82856529342028,257
"259",2022,11,7.28571428571429,7,7.5,7,6,7.5,7.25,4,3,2,1,6,2418,1248,1170,318,725,1693,6.8610614764268,7.20852564102564,6.49043303418803,6.56389937106918,6.93345793103448,6.83005886001182,258
"260",2022,12,6.16857142857143,7,6.975,5.09333333333333,NA,7,6.03,4,3,0,1,6,2425,1252,1173,318,726,1699,6.85906253608248,7.20777955271566,6.48685988917306,6.56389937106918,6.93354958677686,6.82723346085933,259
