"","year","month","avg_rating","no_ratings","avg_rating_owned","avg_rating_not_owned","avg_rating_prev_owned","avg_rating_comment","avg_rating_no_comment","no_ratings_owned","no_ratings_not_owned","no_ratings_prev_owned","no_ratings_comment","no_ratings_no_comment","cum_no_ratings","cum_no_ratings_owned","cum_no_ratings_not_owned","cum_no_ratings_prev_owned","cum_no_ratings_comment","cum_no_ratings_no_comment","cum_avg_rating","cum_avg_rating_owned","cum_avg_rating_not_owned","cum_avg_rating_prev_owned","cum_avg_rating_comment","cum_avg_rating_no_comment","month_after_release"
"1",2001,5,5,2,3,7,NA,7,3,1,1,0,1,1,2,1,1,0,1,1,5,3,7,NA,7,3,0
"2",2001,6,8,4,8,NA,NA,9,7,4,0,0,2,2,6,5,1,0,3,3,7,7,7,NA,8.33333333333333,5.66666666666667,1
"3",2001,8,5.5,6,6,5,NA,NA,5.5,3,3,0,0,6,12,8,4,0,3,9,6.25,6.625,5.5,NA,8.33333333333333,5.55555555555556,3
"4",2001,9,6.5,2,6,7,NA,NA,6.5,1,1,0,0,2,14,9,5,0,3,11,6.28571428571429,6.55555555555556,5.8,NA,8.33333333333333,5.72727272727273,4
"5",2001,10,8,1,8,NA,NA,8,NA,1,0,0,1,0,15,10,5,0,4,11,6.4,6.7,5.8,NA,8.25,5.72727272727273,5
"6",2001,11,6.33333333333333,3,7.5,4,NA,6.5,6,2,1,0,2,1,18,12,6,0,6,12,6.38888888888889,6.83333333333333,5.5,NA,7.66666666666667,5.75,6
"7",2002,1,7.2,5,7.25,7,NA,7.33333333333333,7,4,1,0,3,2,23,16,7,0,9,14,6.56521739130435,6.9375,5.71428571428571,NA,7.55555555555556,5.92857142857143,8
"8",2002,2,7.5,2,NA,7.5,10,NA,7.5,0,2,1,0,2,25,16,9,1,9,16,6.64,6.9375,6.11111111111111,10,7.55555555555556,6.125,9
"9",2002,3,6.85714285714286,7,6.85714285714286,NA,NA,NA,6.85714285714286,7,0,0,0,7,32,23,9,1,9,23,6.6875,6.91304347826087,6.11111111111111,10,7.55555555555556,6.34782608695652,10
"10",2002,4,6,1,NA,6,NA,NA,6,0,1,0,0,1,33,23,10,1,9,24,6.66666666666667,6.91304347826087,6.1,10,7.55555555555556,6.33333333333333,11
"11",2002,5,6,2,6,NA,NA,6,6,2,0,0,1,1,35,25,10,1,10,25,6.62857142857143,6.84,6.1,10,7.4,6.32,12
"12",2002,6,9.5,2,9.5,NA,NA,NA,9.5,2,0,0,0,2,37,27,10,1,10,27,6.78378378378378,7.03703703703704,6.1,10,7.4,6.55555555555556,13
"13",2002,7,7.6,5,7.6,NA,NA,8.33333333333333,6.5,5,0,0,3,2,42,32,10,1,13,29,6.88095238095238,7.125,6.1,10,7.61538461538461,6.55172413793103,14
"14",2002,8,5.5,2,5.5,NA,NA,NA,5.5,2,0,0,0,2,44,34,10,1,13,31,6.81818181818182,7.02941176470588,6.1,10,7.61538461538461,6.48387096774194,15
"15",2002,9,10,1,10,NA,NA,10,NA,1,0,0,1,0,45,35,10,1,14,31,6.88888888888889,7.11428571428571,6.1,10,7.78571428571429,6.48387096774194,16
"16",2002,10,6.5,2,7,6,NA,NA,6.5,1,1,0,0,2,47,36,11,1,14,33,6.87234042553191,7.11111111111111,6.09090909090909,10,7.78571428571429,6.48484848484848,17
"17",2002,11,6.57142857142857,7,6.75,6.33333333333333,7,7,6.4,4,3,1,2,5,54,40,14,2,16,38,6.83333333333333,7.075,6.14285714285714,8.5,7.6875,6.47368421052632,18
"18",2002,12,7.33333333333333,3,8.5,5,NA,8,7,2,1,0,1,2,57,42,15,2,17,40,6.85964912280702,7.14285714285714,6.06666666666667,8.5,7.70588235294118,6.5,19
"19",2003,1,7.25,4,7.25,NA,NA,NA,7.25,4,0,0,0,4,61,46,15,2,17,44,6.88524590163934,7.15217391304348,6.06666666666667,8.5,7.70588235294118,6.56818181818182,20
"20",2003,2,8,3,8,8,8,8,8,2,1,1,1,2,64,48,16,3,18,46,6.9375,7.1875,6.1875,8.33333333333333,7.72222222222222,6.6304347826087,21
"21",2003,3,5.33333333333333,3,7,4.5,NA,7,4.5,1,2,0,1,2,67,49,18,3,19,48,6.86567164179105,7.18367346938776,6,8.33333333333333,7.68421052631579,6.54166666666667,22
"22",2003,4,7.66666666666667,6,7.66666666666667,NA,NA,8,7.33333333333333,6,0,0,3,3,73,55,18,3,22,51,6.93150684931507,7.23636363636364,6,8.33333333333333,7.72727272727273,6.58823529411765,23
"23",2003,5,6.66666666666667,6,7.75,4.5,NA,3,7.4,4,2,0,1,5,79,59,20,3,23,56,6.91139240506329,7.27118644067797,5.85,8.33333333333333,7.52173913043478,6.66071428571429,24
"24",2003,6,6.16666666666667,6,6,6.33333333333333,NA,5.83333333333333,6.5,3,3,0,3,3,85,62,23,3,26,59,6.85882352941176,7.20967741935484,5.91304347826087,8.33333333333333,7.32692307692308,6.65254237288136,25
"25",2003,7,6.75,20,7.21428571428571,5.66666666666667,NA,7.44444444444444,6.18181818181818,14,6,0,9,11,105,76,29,3,35,70,6.83809523809524,7.21052631578947,5.86206896551724,8.33333333333333,7.35714285714286,6.57857142857143,26
"26",2003,8,8,6,10,7,8.5,10,7,2,4,2,2,4,111,78,33,5,37,74,6.9009009009009,7.28205128205128,6,8.4,7.5,6.60135135135135,27
"27",2003,9,7.28461538461538,13,7.7125,6.6,NA,7.6,7.0875,8,5,0,5,8,124,86,38,5,42,82,6.94112903225806,7.32209302325581,6.07894736842105,8.4,7.51190476190476,6.64878048780488,28
"28",2003,10,7.5,8,7.5,7.5,NA,7.33333333333333,7.6,6,2,0,3,5,132,92,40,5,45,87,6.975,7.33369565217391,6.15,8.4,7.5,6.70344827586207,29
"29",2003,11,7,4,8.5,5.5,NA,6,8,2,2,0,2,2,136,94,42,5,47,89,6.97573529411765,7.35851063829787,6.11904761904762,8.4,7.43617021276596,6.73258426966292,30
"30",2003,12,7.5,6,7.5,NA,NA,7.66666666666667,7.33333333333333,6,0,0,3,3,142,100,42,5,50,92,6.99788732394366,7.367,6.11904761904762,8.4,7.45,6.75217391304348,31
"31",2004,1,7.64285714285714,7,8.5,6.5,5.75,7.5,8,4,3,2,5,2,149,104,45,7,55,94,7.02818791946309,7.41057692307692,6.14444444444444,7.64285714285714,7.45454545454545,6.77872340425532,32
"32",2004,2,6.78571428571429,14,8,3.75,NA,5.16666666666667,8,10,4,0,6,8,163,114,49,7,61,102,7.00736196319018,7.46228070175439,5.94897959183673,7.64285714285714,7.22950819672131,6.87450980392157,33
"33",2004,3,7.46428571428571,14,7.46428571428571,NA,NA,8,7.0625,14,0,0,6,8,177,128,49,7,67,110,7.04350282485876,7.4625,5.94897959183673,7.64285714285714,7.29850746268657,6.88818181818182,34
"34",2004,4,8,8,8.57142857142857,4,4,9,7.4,7,1,1,3,5,185,135,50,8,70,115,7.08486486486487,7.52,5.91,7.1875,7.37142857142857,6.9104347826087,35
"35",2004,5,8.27272727272727,11,8.4,7,NA,8,8.375,10,1,0,3,8,196,145,51,8,73,123,7.1515306122449,7.58068965517241,5.93137254901961,7.1875,7.3972602739726,7.00569105691057,36
"36",2004,6,6,2,9,3,NA,NA,6,1,1,0,0,2,198,146,52,8,73,125,7.13989898989899,7.59041095890411,5.875,7.1875,7.3972602739726,6.9896,37
"37",2004,7,8.28571428571429,7,8.28571428571429,NA,NA,8.25,8.33333333333333,7,0,0,4,3,205,153,52,8,77,128,7.1790243902439,7.62222222222222,5.875,7.1875,7.44155844155844,7.02109375,38
"38",2004,8,8.22222222222222,9,8.22222222222222,NA,NA,9.2,7,9,0,0,5,4,214,162,52,8,82,132,7.22289719626168,7.65555555555556,5.875,7.1875,7.54878048780488,7.02045454545455,39
"39",2004,9,7.625,8,8.4,6.33333333333333,5.75,7.25,8,5,3,2,4,4,222,167,55,10,86,136,7.23738738738739,7.67784431137725,5.9,6.9,7.53488372093023,7.04926470588235,40
"40",2004,10,7.07692307692308,13,7.44444444444444,6.25,8,8,6.90909090909091,9,4,1,2,11,235,176,59,11,88,147,7.22851063829787,7.66590909090909,5.92372881355932,7,7.54545454545455,7.03877551020408,41
"41",2004,11,7.98888888888889,9,7.98888888888889,NA,NA,7.98,8,9,0,0,5,4,244,185,59,11,93,151,7.25655737704918,7.68162162162162,5.92372881355932,7,7.56881720430107,7.06423841059603,42
"42",2004,12,7.88888888888889,9,8,7,NA,8,7.8,8,1,0,4,5,253,193,60,11,97,156,7.27905138339921,7.69481865284974,5.94166666666667,7,7.58659793814433,7.08782051282051,43
"43",2005,1,7.79411764705882,17,8.25,5.66666666666667,6,7.61111111111111,8,14,3,1,9,8,270,207,63,12,106,164,7.31148148148148,7.73236714975845,5.92857142857143,6.91666666666667,7.58867924528302,7.13231707317073,44
"44",2005,2,7.72222222222222,9,8.2,7.125,NA,6.5,8.7,5,4,0,4,5,279,212,67,12,110,169,7.3247311827957,7.7433962264151,6,6.91666666666667,7.54909090909091,7.17869822485207,45
"45",2005,3,7.81818181818182,11,7.88888888888889,7.5,7.5,8.25,7.57142857142857,9,2,2,4,7,290,221,69,14,114,176,7.34344827586207,7.74932126696833,6.04347826086957,7,7.57368421052632,7.19431818181818,46
"46",2005,4,8.41666666666667,12,8.54545454545454,7,NA,8.66666666666667,8.16666666666667,11,1,0,6,6,302,232,70,14,120,182,7.38609271523179,7.78706896551724,6.05714285714286,7,7.62833333333333,7.22637362637363,47
"47",2005,5,7.95,10,7.95,NA,NA,7.7,8.2,10,0,0,5,5,312,242,70,14,125,187,7.40416666666667,7.79380165289256,6.05714285714286,7,7.6312,7.2524064171123,48
"48",2005,6,8,6,8.2,7,NA,8,8,5,1,0,4,2,318,247,71,14,129,189,7.41540880503145,7.80202429149798,6.07042253521127,7,7.64263565891473,7.26031746031746,49
"49",2005,7,7.5,6,8,6.5,NA,8,7.25,4,2,0,2,4,324,251,73,14,131,193,7.41697530864198,7.80517928286853,6.08219178082192,7,7.64809160305343,7.26010362694301,50
"50",2005,8,7.14285714285714,7,7.75,6.33333333333333,NA,5.66666666666667,8.25,4,3,0,3,4,331,255,76,14,134,197,7.41117824773414,7.8043137254902,6.09210526315789,7,7.60373134328358,7.28020304568528,51
"51",2005,9,7.61111111111111,18,8,6.83333333333333,6.5,7.85714285714286,7.45454545454545,12,6,2,7,11,349,267,82,16,141,208,7.42148997134671,7.81310861423221,6.14634146341463,6.9375,7.61631205673759,7.28942307692308,52
"52",2005,10,7.02,15,7.85,5.36,NA,8.16666666666667,6.73333333333333,10,5,0,3,12,364,277,87,16,144,220,7.40494505494506,7.814440433213,6.10114942528736,6.9375,7.62777777777778,7.25909090909091,53
"53",2005,11,8.2,10,9,6.33333333333333,NA,9,7.66666666666667,7,3,0,4,6,374,284,90,16,148,226,7.42620320855615,7.84366197183099,6.10888888888889,6.9375,7.66486486486487,7.26991150442478,54
"54",2005,12,7.41666666666667,18,7.70833333333333,6.83333333333333,7,9,6.96428571428571,12,6,3,4,14,392,296,96,19,152,240,7.42576530612245,7.83817567567568,6.15416666666667,6.94736842105263,7.7,7.25208333333333,55
"55",2006,1,8,14,7.95454545454545,8.16666666666667,9,8.25,7.8125,11,3,1,6,8,406,307,99,20,158,248,7.44556650246306,7.84234527687297,6.21515151515151,7.05,7.72088607594937,7.27016129032258,56
"56",2006,2,7.71428571428571,7,7.75,7.5,NA,8,7.6,6,1,0,2,5,413,313,100,20,160,253,7.4501210653753,7.84057507987221,6.228,7.05,7.724375,7.27667984189723,57
"57",2006,3,8,12,8.18181818181818,6,NA,8.6,7.57142857142857,11,1,0,5,7,425,324,101,20,165,260,7.46564705882353,7.85216049382716,6.22574257425743,7.05,7.75090909090909,7.28461538461538,58
"58",2006,4,7.66428571428571,14,8.06666666666667,5.25,6.5,7.16,7.94444444444444,12,2,1,5,9,439,336,103,21,170,269,7.47198177676538,7.85982142857143,6.20679611650485,7.02380952380952,7.73352941176471,7.30669144981413,59
"59",2006,5,8.16666666666667,9,8.16666666666667,NA,NA,8,8.5,9,0,0,6,3,448,345,103,21,176,272,7.4859375,7.86782608695652,6.20679611650485,7.02380952380952,7.74261363636364,7.31985294117647,60
"60",2006,6,7.57692307692308,13,7.59090909090909,7.5,NA,7.57142857142857,7.58333333333333,11,2,0,7,6,461,356,105,21,183,278,7.4885032537961,7.85926966292135,6.23142857142857,7.02380952380952,7.73606557377049,7.32553956834532,61
"61",2006,7,7.375,16,7.64285714285714,5.5,7,7.85714285714286,7,14,2,1,7,9,477,370,107,22,190,287,7.48469601677149,7.85108108108108,6.21775700934579,7.02272727272727,7.74052631578947,7.31533101045296,62
"62",2006,8,7.00555555555556,18,7.67692307692308,5.26,5,7.1625,6.88,13,5,2,8,10,495,383,112,24,198,297,7.46727272727273,7.84516971279374,6.175,6.85416666666667,7.71717171717172,7.3006734006734,63
"63",2006,9,7.27272727272727,11,8.14285714285714,5.75,NA,6.5,7.71428571428571,7,4,0,4,7,506,390,116,24,202,304,7.46304347826087,7.85051282051282,6.16034482758621,6.85416666666667,7.69306930693069,7.31019736842105,64
"64",2006,10,8.1,14,8.14,8,NA,8.96666666666667,7.86363636363636,10,4,0,3,11,520,400,120,24,205,315,7.48019230769231,7.85775,6.22166666666667,6.85416666666667,7.71170731707317,7.32952380952381,65
"65",2006,11,7.55882352941176,17,7.85,7.14285714285714,8.5,6.9,7.83333333333333,10,7,2,5,12,537,410,127,26,210,327,7.48268156424581,7.85756097560976,6.27244094488189,6.98076923076923,7.69238095238095,7.3480122324159,66
"66",2006,12,7.925,20,8.17857142857143,7.33333333333333,NA,8,7.89285714285714,14,6,0,6,14,557,424,133,26,216,341,7.49856373429084,7.86816037735849,6.3203007518797,6.98076923076923,7.70092592592593,7.37038123167155,67
"67",2007,1,7.66666666666667,24,7.65,7.75,9,7.66666666666667,7.66666666666667,20,4,1,6,18,581,444,137,27,222,359,7.50550774526678,7.85833333333334,6.36204379562044,7.05555555555556,7.7,7.38523676880223,68
"68",2007,2,7.50655,19,8.61111111111111,6.512445,7,7.84444444444444,7.202445,9,10,2,9,10,600,453,147,29,231,369,7.50554075,7.87328918322296,6.37227517006803,7.05172413793103,7.70562770562771,7.38028306233062,69
"69",2007,3,7.625,12,7.75,7,NA,6.83333333333333,7.88888888888889,10,2,0,3,9,612,463,149,29,234,378,7.5078830882353,7.87062634989201,6.38070100671141,7.05172413793103,7.69444444444444,7.39239272486773,70
"70",2007,4,8.30952380952381,21,8.41666666666667,7.66666666666667,NA,8.5625,8.15384615384615,18,3,0,8,13,633,481,152,29,242,391,7.53447780410743,7.89106029106029,6.40608190789474,7.05172413793103,7.72314049586777,7.41770959079284,71
"71",2007,5,7.75,22,8.16666666666667,6.85714285714286,NA,7.4,7.85294117647059,15,7,0,5,17,655,496,159,29,247,408,7.54171671755725,7.89939516129032,6.42593993710692,7.05172413793103,7.7165991902834,7.43584424019608,72
"72",2007,6,7.51785714285714,14,8,6.875,NA,7.5625,7.5,8,6,0,4,10,669,504,165,29,251,418,7.54121741405082,7.90099206349207,6.4422693939394,7.05172413793103,7.71414342629482,7.43737906698565,73
"73",2007,7,8.15,16,8.07142857142857,8.7,NA,8.7,7.9,14,2,0,5,11,685,518,167,29,256,429,7.55543715328467,7.90559845559846,6.46930808383234,7.05172413793103,7.7333984375,7.44924114219114,74
"74",2007,8,8.11842105263158,19,8.19117647058824,7.5,7.5,8.06818181818182,8.1875,17,2,2,11,8,704,535,169,31,267,437,7.57063132102273,7.91467289719626,6.48150562130178,7.08064516129032,7.74719101123596,7.4627561784897,75
"75",2007,9,7.96521739130435,23,8.06,7.33333333333333,10,8.6875,7.58,20,3,1,8,15,727,555,172,32,275,452,7.58311478679505,7.91990990990991,6.49636308139535,7.171875,7.77454545454545,7.46664701327434,76
"76",2007,10,7.76666666666667,24,7.9,7.1,NA,8.2,7.65263157894737,20,4,0,5,19,751,575,176,32,280,471,7.58898062583222,7.91921739130435,6.51008210227273,7.171875,7.78214285714286,7.47414957537155,77
"77",2007,11,6.752,25,7.89285714285714,5.3,7.5,6.66666666666667,6.77894736842105,14,11,2,6,19,776,589,187,34,286,490,7.56201604381443,7.91859083191851,6.43890080213904,7.19117647058824,7.75874125874126,7.44719275510204,78
"78",2007,12,7.61764705882353,17,7.375,8.2,NA,8,7.40909090909091,12,5,0,6,11,793,601,192,34,292,501,7.56320863808323,7.90773710482529,6.48476276041667,7.19117647058824,7.76369863013699,7.44635618762475,79
"79",2008,1,7.854,25,7.89047619047619,7.6625,NA,8.055,7.72,21,4,0,10,15,818,622,196,34,302,516,7.57209590464548,7.90715434083601,6.50879821428572,7.19117647058824,7.77334437086093,7.4543109496124,80
"80",2008,2,7.61111111111111,18,8.19230769230769,6.1,7,6.75,8.04166666666667,13,5,1,6,12,836,635,201,35,308,528,7.57293594497608,7.91299212598425,6.49862910447761,7.18571428571429,7.75340909090909,7.46765994318182,81
"81",2008,3,7.61111111111111,18,7.92307692307692,6.8,7,8.33333333333333,7.25,13,5,2,6,12,854,648,206,37,314,540,7.57374057377049,7.91319444444444,6.50594393203884,7.17567567567568,7.76449044585987,7.46282305555556,82
"82",2008,4,7.97777777777778,18,8.24,6.66666666666667,6.5,8.2,7.89230769230769,15,3,2,5,13,872,663,209,39,319,553,7.5820807912844,7.92058823529412,6.5082509569378,7.14102564102564,7.77131661442006,7.47291943942134,83
"83",2008,5,8.21875,8,8.28571428571429,7.75,NA,8.33333333333333,8.15,7,1,0,3,5,880,670,210,39,322,558,7.58786869318182,7.92440298507463,6.51416404761905,7.14102564102564,7.77655279503106,7.47898646953405,84
"84",2008,6,8.44444444444444,9,8.83333333333333,7.66666666666667,NA,9.33333333333333,8,6,3,0,3,6,889,676,213,39,325,564,7.59654043869516,7.93247041420118,6.53039647887324,7.14102564102564,7.79092307692308,7.48452916666667,85
"85",2008,7,7.3748275862069,29,7.64652173913043,6.33333333333333,6.25,7.417,7.35263157894737,23,6,4,10,19,918,699,219,43,335,583,7.5895364379085,7.92306151645207,6.52499748858448,7.05813953488372,7.77976119402985,7.48023061749571,86
"86",2008,8,7.55882352941176,17,7.75,6.66666666666667,NA,8,7.46428571428571,14,3,0,3,14,935,713,222,43,338,597,7.58897802139038,7.9196633941094,6.52691193693694,7.05813953488372,7.78171597633136,7.4798567001675,87
"87",2008,9,7.375,16,7.64285714285714,5.5,NA,8.25,7.08333333333333,14,2,0,4,12,951,727,224,43,342,609,7.58537797055731,7.91433287482806,6.51774308035714,7.05813953488372,7.78719298245614,7.4720434318555,88
"88",2008,10,7.36363636363636,11,7.625,6.66666666666667,7.75,8,7.22222222222222,8,3,2,2,9,962,735,227,45,344,618,7.58284246361746,7.91118367346939,6.51971123348018,7.08888888888889,7.78843023255814,7.46840525889968,89
"89",2008,11,8.36111111111111,18,8.46428571428571,8,7,8.41666666666667,8.33333333333333,14,4,1,6,12,980,749,231,46,350,630,7.59713719387755,7.9215220293725,6.54534393939394,7.08695652173913,7.7992,7.48488007936508,90
"90",2008,12,7.82692307692308,26,8.26470588235294,7,8,7.57142857142857,7.92105263157895,17,9,4,7,19,1006,766,240,50,357,649,7.60307599403579,7.92913838120104,6.56239354166667,7.16,7.79473389355742,7.49764938366718,91
"91",2009,1,7.53125,32,7.97619047619048,6.68181818181818,6.66666666666667,7.9375,7.39583333333333,21,11,3,8,24,1038,787,251,53,365,673,7.60086170520231,7.93039390088945,6.56762729083666,7.13207547169811,7.79786301369863,7.49401849925706,92
"92",2009,2,7.43032786885246,61,8.03225806451613,6.80833333333333,6.9,8.35,7.25,31,30,5,10,51,1099,818,281,58,375,724,7.59139622383986,7.93425427872861,6.59332544483986,7.11206896551724,7.81258666666667,7.47682935082873,93
"93",2009,3,7.61184210526316,38,8.171875,7.20454545454545,6.14285714285714,7.53571428571429,7.62903225806452,16,22,7,7,31,1137,834,303,65,382,755,7.59207955145119,7.93881294964029,6.63770445544555,7.00769230769231,7.80751308900524,7.48307874172185,94
"94",2009,4,7.59677419354839,31,8.03571428571429,7.23529411764706,6.875,7.975,7.46521739130435,14,17,4,8,23,1168,848,320,69,390,778,7.59220415239726,7.94041273584906,6.66945140625,7,7.81094871794872,7.48255070694087,95
"95",2009,5,7.76022727272727,44,8.15178571428571,7.075,7.35,8.06818181818182,7.65757575757576,28,16,2,11,33,1212,876,336,71,401,811,7.59830400165017,7.94716894977169,6.68876324404762,7.00985915492958,7.81800498753117,7.48967256473489,96
"96",2009,6,8.08064516129032,31,8.325,7.63636363636364,NA,7.5,8.12068965517241,20,11,0,2,29,1243,896,347,71,403,840,7.61033342719228,7.95560267857143,6.71880244956772,7.00985915492958,7.81642679900744,7.51145767857143,97
"97",2009,7,7.1775,40,7.9,6.09375,5.75,7.41818181818182,7.08620689655172,24,16,4,11,29,1283,920,363,75,414,869,7.5968390101325,7.95415217391304,6.69125192837466,6.94266666666667,7.80584541062802,7.4972663406214,98
"98",2009,8,7.70909090909091,33,7.97,7.30769230769231,7.2,7,7.936,20,13,5,8,25,1316,940,376,80,422,894,7.59965383738602,7.95448936170213,6.71256502659575,6.95875,7.79056872037915,7.50953517897092,99
"99",2009,9,7.25,47,7.81,6.61363636363636,6.625,7.48214285714286,7.15151515151515,25,22,4,14,33,1363,965,398,84,436,927,7.58759680851064,7.95074611398964,6.7070966080402,6.94285714285714,7.78066513761468,7.49679012944984,100
"100",2009,10,7.94594594594595,37,8.05263157894737,7.83333333333333,7.6,7.8125,7.98275862068965,19,18,5,8,29,1400,984,416,89,444,956,7.59706746428572,7.95271341463415,6.75582800480769,6.97977528089888,7.78123873873874,7.51153185146443,101
"101",2009,11,6.14130434782609,46,7.125,5.06818181818182,6.1,5.25,6.32894736842105,24,22,5,8,38,1446,1008,438,94,452,994,7.55075688105118,7.93300595238095,6.67106038812785,6.93297872340426,7.73643805309735,7.46632238430583,102
"102",2009,12,5.82553191489362,47,6.89130434782609,4.80416666666667,6.5,4.33333333333333,6.17894736842105,23,24,8,9,38,1493,1031,462,102,461,1032,7.49644638312123,7.90976721629486,6.5740788961039,6.89901960784314,7.67,7.41891904069767,103
"103",2010,1,7.375,28,7.6,6.8125,7,7.5,7.34090909090909,20,8,4,6,22,1521,1051,470,106,467,1054,7.49421068376068,7.90387250237869,6.57813712765958,6.90283018867925,7.66781584582441,7.41729074952562,104
"104",2010,2,7.87692307692308,26,8.05333333333333,7.63636363636364,7.57142857142857,8.42857142857143,7.67368421052632,15,11,7,7,19,1547,1066,481,113,474,1073,7.50064282482224,7.9059756097561,6.60233773388773,6.94424778761062,7.67905063291139,7.42183080149115,105
"105",2010,3,7.744,25,8.47142857142857,6.81818181818182,7.5,9.25,7.45714285714286,14,11,2,4,21,1572,1080,492,115,478,1094,7.50451300890585,7.91330555555556,6.60716351626016,6.95391304347826,7.69219665271967,7.42250863802559,106
"106",2010,4,7.9,19,8.56,7.16666666666667,6.5,9.25,7.74117647058824,10,9,2,2,17,1591,1090,501,117,480,1111,7.50923598365808,7.91923853211009,6.61721447105789,6.94615384615385,7.6986875,7.42738474347435,107
"107",2010,5,7.875,24,8.5,6.625,7.33333333333333,7.5,7.90909090909091,16,8,3,2,22,1615,1106,509,120,482,1133,7.51467148606811,7.92764014466546,6.61733683693517,6.95583333333333,7.69786307053942,7.43673826125331,108
"108",2010,6,7.5,24,7.70588235294118,7,6.5,7.7,7.44736842105263,17,7,2,5,19,1639,1123,516,122,487,1152,7.51445665039658,7.92428317008014,6.62252800387597,6.94836065573771,7.69788501026694,7.43691358506944,109
"109",2010,7,8.29411764705882,17,8.45454545454546,8,7,8,8.38461538461539,11,6,1,4,13,1656,1134,522,123,491,1165,7.52246041666667,7.92942680776014,6.63836101532567,6.94878048780488,7.70034623217923,7.44748879828326,110
"110",2010,8,7.26,25,8.3,6.56666666666667,7.25,8,7.22916666666667,10,15,2,1,24,1681,1144,537,125,492,1189,7.51855707911957,7.93266608391608,6.63635837988827,6.9536,7.70095528455285,7.44308195962994,111
"111",2010,9,7.6,27,7.62,7.54285714285714,7,7.5,7.62272727272727,20,7,3,5,22,1708,1164,544,128,497,1211,7.51984452576113,7.92729381443299,6.64802288602941,6.9546875,7.69893360160966,7.44634554087531,112
"112",2010,10,7.82,30,8.225,7.01,6.25,7.05,8.205,20,10,4,10,20,1738,1184,554,132,507,1231,7.52502557537399,7.93232263513514,6.65455676895307,6.93333333333333,7.68613412228797,7.45867136474411,113
"113",2010,11,7.48709677419355,31,8.17647058823529,6.65,6,9,7.38275862068966,17,14,1,2,29,1769,1201,568,133,509,1260,7.52436091011871,7.93577851790175,6.65444445422535,6.92631578947368,7.69129666011788,7.45692416666667,114
"114",2010,12,7.09861111111111,36,7.55294117647059,6.69210526315789,6.66666666666667,7.16666666666667,7.085,17,19,3,6,30,1805,1218,587,136,515,1290,7.51586950138504,7.93043513957307,6.65566345826235,6.92058823529412,7.68518446601942,7.44827476744186,115
"115",2011,1,7.47058823529412,51,7.78333333333333,7.02380952380952,7.16666666666667,7.125,7.57692307692308,30,21,6,12,39,1856,1248,608,142,527,1329,7.5146252424569,7.92689903846154,6.66837902960526,6.93098591549296,7.67242884250474,7.45205,116
"116",2011,2,7.60294117647059,17,8.22222222222222,6.90625,6,6,7.81666666666667,9,8,2,2,15,1873,1257,616,144,529,1344,7.51542682861719,7.92901352426412,6.67146826298702,6.91805555555556,7.66610586011342,7.45611938244048,117
"117",2011,3,7.475,30,8.04166666666667,6.625,7.16666666666667,8.21428571428571,7.25,18,12,3,7,23,1903,1275,628,147,536,1367,7.51478951655281,7.93060392156863,6.67058033439491,6.92312925170068,7.67326492537313,7.4526513899049,118
"118",2011,4,7.88461538461539,26,8.47368421052632,6.28571428571429,5.66666666666667,7.42857142857143,8.05263157894737,19,7,3,7,19,1929,1294,635,150,543,1386,7.51977420943494,7.93857805255023,6.66633771653543,6.898,7.67011049723757,7.46087622655123,119
"119",2011,5,7.87878787878788,33,7.92105263157895,7.82142857142857,8.875,8,7.85714285714286,19,14,4,5,28,1962,1313,649,154,548,1414,7.5258126656473,7.9383244478294,6.69125493066256,6.94935064935065,7.6731204379562,7.46872309052334,120
"120",2011,6,6.94642857142857,28,7.53125,6.16666666666667,7.5,10,6.71153846153846,16,12,2,2,26,1990,1329,661,156,550,1440,7.51766052763819,7.93342362678706,6.68173139183056,6.95641025641026,7.68158181818182,7.45505170138889,121
"121",2011,7,8.13157894736842,19,8.5,7.8,8,8.25,8.1,9,10,1,4,15,2009,1338,671,157,554,1455,7.52346662518666,7.93723467862481,6.69839709388972,6.96305732484077,7.68568592057762,7.46170065292096,122
"122",2011,8,8.26818181818182,22,8.44375,7.8,8,8.975,8.11111111111111,16,6,1,4,18,2031,1354,677,158,558,1473,7.53153345642541,7.94322008862629,6.70816019202364,6.96962025316456,7.69492831541219,7.46963642226748,123
"123",2011,9,8.16428571428571,28,8.11666666666667,8.25,7.75,8.1875,8.155,18,10,2,8,20,2059,1372,687,160,566,1493,7.54013814958718,7.94549562682216,6.73060327510917,6.979375,7.70189045936396,7.47881744809109,124
"124",2011,10,7.6953125,32,7.68055555555556,7.71428571428571,6.33333333333333,7,7.79464285714286,18,14,3,4,28,2091,1390,701,163,570,1521,7.54251288857006,7.94206474820144,6.75024885877318,6.96748466257669,7.6969649122807,7.48463145956608,125
"125",2011,11,7.75555555555556,45,7.74137931034483,7.78125,7.5,6.9,8,29,16,2,10,35,2136,1419,717,165,580,1556,7.54700114700375,7.93796335447498,6.77325585774059,6.9739393939394,7.68322413793103,7.49622393958869,126
"126",2011,12,7.88684210526316,38,7.91071428571429,7.82,8.66666666666667,8.05,7.86764705882353,28,10,3,4,34,2174,1447,727,168,584,1590,7.55294132934683,7.93743607463718,6.78765398899588,7.00416666666667,7.68573630136986,7.50416632075472,127
"127",2012,1,7.46511627906977,43,8.27,6.76521739130435,8.3,8.75,7.33333333333333,20,23,5,4,39,2217,1467,750,173,588,1629,7.55123791159224,7.94197000681663,6.78696593333334,7.04161849710983,7.69297619047619,7.50007639656231,128
"128",2012,2,7.82758620689655,29,8.29411764705882,7.16666666666667,6,8.25,7.76,17,12,2,4,25,2246,1484,762,175,592,1654,7.55480607747106,7.94600404312668,6.79294547244095,7.02971428571429,7.69673986486486,7.50400510882709,129
"129",2012,3,8.18421052631579,19,8.42307692307692,7.66666666666667,7.33333333333333,6.66666666666667,8.46875,13,6,3,3,16,2265,1497,768,178,595,1670,7.56008584988963,7.95014696058784,6.79977141927084,7.03483146067416,7.69154621848739,7.5132481736527,130
"130",2012,4,7.77916666666667,24,7.65714285714286,7.95,7.33333333333333,NA,7.77916666666667,14,10,3,0,24,2289,1511,778,181,595,1694,7.56238289646134,7.94743216412972,6.81455584832905,7.03977900552486,7.69154621848739,7.51701561393152,131
"131",2012,5,7.8,20,8,7.33333333333333,7.5,7.625,7.84375,14,6,2,4,16,2309,1525,784,183,599,1710,7.56444107838891,7.94791475409836,6.81852608418368,7.0448087431694,7.69110183639399,7.52007277777778,132
"132",2012,6,8.05555555555556,18,8.27272727272727,7.71428571428571,7,8,8.06666666666667,11,7,2,3,15,2327,1536,791,185,602,1725,7.56823998710786,7.95024088541667,6.82645316055626,7.04432432432433,7.69264119601329,7.52482576811594,133
"133",2012,7,7.47684210526316,19,8.2,6.67333333333333,7.5,6.9,7.68285714285714,10,9,2,5,14,2346,1546,800,187,607,1739,7.5674997655584,7.95185640362225,6.8247305625,7.04919786096257,7.68611202635914,7.52609801610121,134
"134",2012,8,8.03571428571429,28,8.30555555555556,7.55,7.5,7,8.20833333333333,18,10,1,4,24,2374,1564,810,188,611,1763,7.57302209351306,7.95592710997443,6.83368450617284,7.05159574468085,7.68162029459902,7.53538539421441,135
"135",2012,9,7.30434782608696,23,8.10714285714286,6.05555555555556,9,7.1,7.36111111111111,14,9,1,5,18,2397,1578,819,189,616,1781,7.57044407592824,7.95726869455006,6.82513363858364,7.06190476190476,7.67689935064935,7.53362405951713,136
"136",2012,10,7.63448275862069,29,7.95,6.93333333333333,7.33333333333333,7.15,7.76086956521739,20,9,3,6,23,2426,1598,828,192,622,1804,7.57120958367684,7.95717772215269,6.82630972222222,7.06614583333333,7.67181672025723,7.53652131374723,137
"137",2012,11,7.34333333333333,30,8.02142857142857,6.75,7,8,7.27037037037037,14,16,1,3,27,2456,1612,844,193,625,1831,7.56842607899023,7.95773573200993,6.82486309241706,7.06580310880829,7.673392,7.53259664117968,138
"138",2012,12,7.78205128205128,39,8.34782608695652,6.96875,6.71428571428571,7.66666666666667,7.79166666666667,23,16,7,3,36,2495,1635,860,200,628,1867,7.57176531062124,7.96322324159021,6.82754005813954,7.0535,7.67335987261146,7.53759209962507,139
"139",2013,1,7.83444444444444,45,8.0546875,7.29230769230769,7,8.11428571428571,7.78289473684211,32,13,2,7,38,2540,1667,873,202,635,1905,7.57641907480315,7.96497900419916,6.83446099656358,7.0529702970297,7.67822047244094,7.54248527559055,140
"140",2013,2,7.4875,24,7.59375,7.275,NA,8,7.35263157894737,16,8,0,5,19,2564,1683,881,202,640,1924,7.57558675897036,7.96144979203803,6.8384613507378,7.0529702970297,7.680734375,7.54061042099792,141
"141",2013,3,7.86664102564103,39,7.92692307692308,7.74607692307692,7.99966666666667,7.0999,8.13103448275862,26,13,3,10,29,2603,1709,894,205,650,1953,7.5799475412985,7.96092451726156,6.85165934004474,7.0668243902439,7.67179846153846,7.54937759856631,142
"142",2013,4,7.31578947368421,19,7.55,7.05555555555556,8,8.26666666666667,7.1375,10,9,1,3,16,2622,1719,903,206,653,1969,7.57803335240275,7.95853403141361,6.8536915282392,7.07135436893204,7.67453139356815,7.54603070086338,143
"143",2013,5,7.73571428571429,28,7.91176470588235,7.46363636363636,7.75,8.25,7.69615384615385,17,11,2,2,26,2650,1736,914,208,655,1995,7.57969941509434,7.95807603686636,6.86103222100657,7.07787980769231,7.67628854961832,7.54798719298246,144
"144",2013,6,8.03478260869565,23,8.32,7.5,7,8,8.03636363636364,15,8,4,1,22,2673,1751,922,212,656,2017,7.58361520763187,7.96117647058824,6.86657640997831,7.07641037735849,7.67678201219512,7.55331405552801,145
"145",2013,7,7.45454545454545,33,7.91666666666667,6.22222222222222,6,8.16666666666667,7.2962962962963,24,9,1,6,27,2706,1775,931,213,662,2044,7.58204118625277,7.96057464788732,6.86034742212675,7.07135680751174,7.68122205438066,7.54991900684932,146
"146",2013,8,7.6375,40,7.7,7.53333333333333,7.75,7.375,7.703125,25,15,4,8,32,2746,1800,946,217,670,2076,7.58284903495994,7.95695555555556,6.8710184460888,7.08386635944701,7.67756567164179,7.55228056358382,147
"147",2013,9,7.7875,28,7.83666666666667,7.73076923076923,7.33333333333333,7.66666666666667,7.802,15,13,3,3,25,2774,1815,959,220,673,2101,7.5849147260274,7.95596143250689,6.88267304483838,7.08726818181818,7.67751708766716,7.55525199904807,148
"148",2013,10,7.440625,32,8.05555555555556,6.65,7.4,6.8,7.55925925925926,18,14,5,5,27,2806,1833,973,225,678,2128,7.58326922665716,7.95693944353519,6.87932523124358,7.09421777777778,7.67104572271386,7.55530284304511,149
"149",2013,11,7.792,25,8.09473684210526,6.83333333333333,7.33333333333333,7.625,7.82380952380952,19,6,3,4,21,2831,1852,979,228,682,2149,7.5851124867538,7.95835313174946,6.87904336057201,7.09736403508772,7.67077565982405,7.55792668683108,150
"150",2013,12,7.2109375,32,7.575,6.60416666666667,6,6.89285714285714,7.3,20,12,2,7,25,2863,1872,991,230,689,2174,7.58093030038421,7.95425747863248,6.8757148839556,7.08782173913044,7.66287227866473,7.55496064857406,151
"151",2014,1,7.57142857142857,49,7.89615384615385,7.20434782608696,7,8.07142857142857,7.48809523809524,26,23,7,7,42,2912,1898,1014,237,696,2216,7.58077041552198,7.95346153846154,6.88316908284024,7.08522784810127,7.66698132183908,7.55369334386282,152
"152",2014,2,7.46571428571429,35,7.6125,7.34210526315789,7,7.75,7.42903225806452,16,19,3,4,31,2947,1914,1033,240,700,2247,7.57940395317272,7.95061128526646,6.89161030977735,7.0841625,7.66745571428571,7.55197349799733,153
"153",2014,3,7.39,20,8.2,6.72727272727273,6.5,10,7.25263157894737,9,11,4,1,19,2967,1923,1044,244,701,2266,7.57812721604314,7.95177847113884,6.88987878352491,7.07458606557377,7.67078316690442,7.5494635701677,154
"154",2014,4,8.028,25,8.61333333333333,7.15,8,8.25,7.98571428571429,15,10,2,4,21,2992,1938,1054,246,705,2287,7.58188617981283,7.95689886480908,6.89234672675522,7.08210975609756,7.6740695035461,7.55346937035418,155
"155",2014,5,7.69230769230769,26,8.375,6.6,6,6.83333333333333,7.80434782608696,16,10,2,3,23,3018,1954,1064,248,708,2310,7.58283745858184,7.96032241555783,6.88959910714286,7.07338306451613,7.67050706214689,7.55596729437229,156
"156",2014,6,7.98571428571429,21,8.33571428571429,7.28571428571429,NA,8.6,7.79375,14,7,0,5,16,3039,1968,1071,248,713,2326,7.58562140506746,7.96299288617886,6.8921880952381,7.07338306451613,7.67702524544179,7.55760294496991,157
"157",2014,7,6.70588235294118,17,7.5625,5.94444444444444,6.75,7,6.6875,8,9,2,1,16,3056,1976,1080,250,714,2342,7.58072756871728,7.96137145748988,6.88429023148148,7.070796,7.67607703081232,7.55165860375747,158
"158",2014,8,7.61111111111111,36,8.04545454545454,6.92857142857143,8.4,8.6,7.45161290322581,22,14,5,5,31,3092,1998,1094,255,719,2373,7.58108132276843,7.9622972972973,6.88485690127971,7.09685882352941,7.68250208623088,7.55035164348925,159
"159",2014,9,6.52272727272727,22,6.92857142857143,6.33333333333333,6.25,5,6.675,7,15,4,2,20,3114,2005,1109,259,721,2393,7.57360419075144,7.95868827930174,6.87739715960325,7.08377992277992,7.67506102635229,7.54303570831592,160
"160",2014,10,7.77916666666667,24,8.5,7.16923076923077,7.96666666666667,5.9,7.95,11,13,6,2,22,3138,2016,1122,265,723,2415,7.57517637029955,7.96164186507936,6.88077847593583,7.10376981132076,7.67015076071922,7.54674304347826,161
"161",2014,11,7.44736842105263,19,7.45454545454545,7.4375,8,7.6,7.39285714285714,11,8,1,5,14,3157,2027,1130,266,728,2429,7.57440717453278,7.9588899851998,6.88471986725664,7.10713909774436,7.66966895604395,7.5458560930424,162
"162",2014,12,7.27142857142857,28,7.96875,6.34166666666667,6.83333333333333,6.9,7.33333333333333,16,12,3,4,24,3185,2043,1142,269,732,2453,7.57174362637363,7.95896720509055,6.87901352889668,7.10408550185874,7.6654631147541,7.54377678353037,163
"163",2015,1,7.69756097560976,41,8.364,6.65625,6.75,8.1,7.64166666666667,25,16,4,5,36,3226,2068,1158,273,737,2489,7.57334266893986,7.96386363636363,6.87593562176166,7.09889743589744,7.66841112618725,7.54519262756127,164
"164",2015,2,7.41724137931034,29,7.39230769230769,7.4375,6.92857142857143,8.5,7.19166666666667,13,16,7,5,24,3255,2081,1174,280,742,2513,7.5719519047619,7.9602931283037,6.88358896933561,7.09463928571429,7.67401482479784,7.5418163350577,165
"165",2015,3,7.56675,28,7.63161111111111,7.45,7.93333333333333,7.0338,7.68260869565217,18,10,3,5,23,3283,2099,1184,283,747,2536,7.57190753883643,7.95747451167222,6.88837284628379,7.10353003533569,7.66972958500669,7.5430932373817,166
"166",2015,4,7.80666666666667,30,8.22222222222222,7.18333333333333,7.3,7.33333333333333,7.85925925925926,18,12,4,3,27,3313,2117,1196,287,750,2563,7.57403333836402,7.9597255550307,6.89133231605352,7.10626829268293,7.668384,7.54642389777604,167
"167",2015,5,7.4375,24,7.95454545454545,7,6.66666666666667,7.25,7.45454545454545,11,13,3,2,22,3337,2128,1209,290,752,2585,7.57305137848367,7.95969877819549,6.89250078577337,7.10172068965517,7.66727127659574,7.54564195357834,168
"168",2015,6,7.640625,32,8.20588235294118,7,7,8,7.54,17,15,6,7,25,3369,2145,1224,296,759,2610,7.57369321757198,7.96164988344988,6.89381817810458,7.09965878378378,7.67033992094862,7.54558791187739,169
"169",2015,7,7.10714285714286,28,7.76315789473684,5.72222222222222,6.33333333333333,7.625,7.02083333333333,19,9,3,4,24,3397,2164,1233,299,763,2634,7.56984764498086,7.95990711645101,6.88526638280617,7.09196989966555,7.67010222804718,7.54080654897494,170
"170",2015,8,7.28260869565217,23,7.23076923076923,7.35,7,7.2,7.30555555555556,13,10,1,5,18,3420,2177,1243,300,768,2652,7.56791592105263,7.95555305466238,6.88900518905873,7.09166333333333,7.66704166666667,7.53920982277526,171
"171",2015,9,7.07692307692308,13,7,7.14285714285714,7.33333333333333,7.33333333333333,7,6,7,3,3,10,3433,2183,1250,303,771,2662,7.5660566414215,7.95292670636738,6.89042676,7.09405610561056,7.66574319066148,7.53718424117205,172
"172",2015,10,7.64,25,7.92857142857143,7.27272727272727,7.75,8.5,7.36842105263158,14,11,4,6,19,3458,2197,1261,307,777,2681,7.56659122325043,7.95277150659991,6.89376165741475,7.10260260586319,7.67218532818533,7.53598823200298,173
"173",2015,11,7.36366666666667,30,7.45882352941176,7.23923076923077,8,8,7.34172413793103,17,13,2,1,29,3488,2214,1274,309,778,2710,7.56484588589449,7.94897877145438,6.89728685243329,7.10841100323625,7.67260668380463,7.53390939114391,174
"174",2015,12,7.54285714285714,35,7.94117647058824,7.16666666666667,5.66666666666667,7.33333333333333,7.5625,17,18,3,3,32,3523,2231,1292,312,781,2742,7.56462743400511,7.94891931869117,6.90103982198143,7.09454807692308,7.67130345710627,7.53424305251641,175
"175",2016,1,7.37142857142857,35,7.96470588235294,6.81111111111111,7.33333333333333,8,7.29032258064516,17,18,3,4,31,3558,2248,1310,315,785,2773,7.56272693929173,7.94903870106761,6.89980416030535,7.09682222222222,7.67297834394904,7.531516209881,176
"176",2016,2,8.31538461538462,26,8.75,7.80833333333333,7.58333333333333,9,8.06315789473684,14,12,6,7,19,3584,2262,1322,321,792,2792,7.56818706752232,7.95399602122016,6.90805102118004,7.10591588785047,7.68470707070707,7.53513411532951,177
"177",2016,3,7.62575757575758,33,8.10526315789474,6.975,7.63333333333333,8,7.57413793103448,19,14,3,4,29,3617,2281,1336,324,796,2821,7.56871231683716,7.95525602805787,6.90875258233533,7.11079938271605,7.68629145728643,7.53553507621411,178
"178",2016,4,7.5375,32,7.92777777777778,7.03571428571429,8,8.5,7.47333333333333,18,14,4,2,30,3649,2299,1350,328,798,2851,7.56843859961633,7.95504088734232,6.91006922222223,7.12164329268293,7.68833082706767,7.53488055068397,179
"179",2016,5,7.87878787878788,33,8.14583333333333,7.16666666666667,7,7.25,7.91935483870968,24,9,1,2,31,3682,2323,1359,329,800,2882,7.57122011135252,7.95701205337925,6.91176854304636,7.121273556231,7.687235,7.53901611727967,180
"180",2016,6,7.61363636363636,22,8.14285714285714,6.6875,8,7.71428571428571,7.56666666666667,14,8,1,7,15,3704,2337,1367,330,807,2897,7.5714720437365,7.95812537441164,6.91045607168984,7.12393636363636,7.68746964064436,7.53915928546773,181
"181",2016,7,7.24814814814815,27,8.15,6.71764705882353,7,6.75,7.33478260869565,10,17,2,4,23,3731,2347,1384,332,811,2920,7.56913225676762,7.95894290583724,6.90808775289018,7.12318975903614,7.68284586929716,7.53754946917808,182
"182",2016,8,8.03846153846154,39,8.3448275862069,7.15,6.5,8.66666666666667,7.98611111111111,29,10,2,3,36,3770,2376,1394,334,814,2956,7.5739873872679,7.96365277777778,6.90982313486371,7.11945808383233,7.68647174447174,7.5430123308525,183
"183",2016,9,7.95277777777778,36,8.352,7.04545454545455,7,7.61428571428571,8.03448275862069,25,11,2,7,29,3806,2401,1405,336,821,2985,7.57757027062533,7.96769637650979,6.9108850177936,7.11874702380952,7.685856272838,7.54778708542714,184
"184",2016,10,7.15975609756098,41,7.7625,6.58571428571429,7,7.41666666666667,7.11571428571429,20,21,2,6,35,3847,2421,1426,338,827,3020,7.57311735118274,7.96600123915737,6.9060963884993,7.11804437869822,7.68390326481258,7.5427796192053,185
"185",2016,11,7.26923076923077,39,7.9,6.60526315789474,7,6.875,7.31428571428571,20,19,3,4,35,3886,2441,1445,341,831,3055,7.57006753731343,7.96546046702171,6.90214079584775,7.11700586510264,7.68000962695548,7.54016184942717,186
"186",2016,12,7.32051282051282,39,7.7578947368421,6.905,7.0125,7.35,7.31515151515152,19,20,8,6,33,3925,2460,1465,349,837,3088,7.56758788535032,7.96385731707317,6.90217982935154,7.11461031518625,7.67764396654719,7.53775727007772,187
"187",2017,1,7.3125,40,7.8,6.825,7.5,7,7.34722222222222,20,20,5,4,36,3965,2480,1485,354,841,3124,7.56501448928121,7.96253588709677,6.90114037037037,7.12005367231638,7.6744209274673,7.53556160371319,188
"188",2017,2,7.09866666666667,30,7.48684210526316,6.42818181818182,6.33333333333333,6.875,7.13307692307692,19,11,3,4,26,3995,2499,1496,357,845,3150,7.56151250312891,7.95891916766706,6.89766273395722,7.11344257703081,7.67063668639053,7.53223950793651,189
"189",2017,3,7.02413793103448,29,7.91666666666667,6.39411764705882,6.5,6.33333333333333,7.10384615384615,12,17,2,3,26,4024,2511,1513,359,848,3176,7.55763977385686,7.95871724412584,6.89200492399207,7.11002506963788,7.66590566037736,7.52873250944585,190
"190",2017,4,7.94827586206897,29,8.475,6.77777777777778,7.33333333333333,8.5,7.86,20,9,3,4,25,4053,2531,1522,362,852,3201,7.56043485072785,7.96279691821414,6.89132946780552,7.11187569060773,7.66982159624413,7.53131972820994,191
"191",2017,5,7.64814814814815,27,8.05263157894737,6.6875,6.125,6.16666666666667,7.83333333333333,19,8,4,3,24,4080,2550,1530,366,855,3225,7.56101530637255,7.9634662745098,6.89026369281046,7.10109016393443,7.66454736842105,7.53356727131783,192
"192",2017,6,7.92272727272727,22,7.92,7.92857142857143,9,7.8,7.92857142857143,15,7,1,1,21,4102,2565,1537,367,856,3246,7.56295525353486,7.96321208576998,6.8949924853611,7.10626430517711,7.66470560747664,7.53612275107825,193
"193",2017,7,7.89583333333333,24,8.11111111111111,7.76666666666667,6.75,NA,7.89583333333333,9,15,2,0,24,4126,2574,1552,369,856,3270,7.56489152932622,7.96372921522921,6.90341717139176,7.10433333333333,7.66470560747664,7.53876282874618,194
"194",2017,8,7.9,22,8.125,7.3,NA,8,7.8952380952381,16,6,0,1,21,4148,2590,1558,369,857,3291,7.56666886451302,7.96472548262548,6.90494444801027,7.10433333333333,7.66509684947491,7.54103751139471,195
"195",2017,9,8.17647058823529,17,8.27272727272727,8,NA,9.5,8,11,6,0,2,15,4165,2601,1564,369,859,3306,7.56915785114045,7.96602806612841,6.90914542838875,7.10433333333333,7.66936903376019,7.54311991833031,196
"196",2017,10,7.34827586206897,29,7.15,7.53333333333333,7.77777777777778,6.6,7.50416666666667,14,15,9,5,24,4194,2615,1579,378,864,3330,7.56763053171197,7.96165927342256,6.91507501583281,7.12036772486772,7.66318055555556,7.54283917417417,197
"197",2017,11,7.8,36,8.272,6.72727272727273,7,8.5,7.66,25,11,2,6,30,4230,2640,1590,380,870,3360,7.56960814420804,7.9645981060606,6.91377575471698,7.11973421052631,7.66895172413793,7.54388525297619,198
"198",2017,12,8.04411764705882,34,8.26086956521739,7.59090909090909,7,7.5,8.11666666666667,23,11,1,4,30,4264,2663,1601,381,874,3390,7.5733917565666,7.96715696582801,6.91842813866334,7.11941994750656,7.66817848970252,7.54895411504425,199
"199",2018,1,7.10422916666667,48,7.49130434782609,6.74812,6.5,6.75,7.15483333333333,23,25,7,6,42,4312,2686,1626,388,880,3432,7.5681691674397,7.96308227848101,6.91580962484625,7.10824484536082,7.66191818181818,7.54413095862471,200
"200",2018,2,7.15566666666667,30,7.86294117647059,6.23076923076923,6.25,5,7.30964285714286,17,13,4,2,28,4342,2703,1639,392,882,3460,7.56531908106863,7.96245246022937,6.91037611348383,7.09948724489796,7.6558820861678,7.54223336705202,201
"201",2018,3,7.86137931034483,29,8.11538461538461,7.655,5.24,6.12,8.14,13,16,2,4,25,4371,2716,1655,394,886,3485,7.56728333333333,7.96318446244477,6.91757489425982,7.09004822335025,7.64894808126411,7.54652150645624,202
"202",2018,4,7.09,20,7.77777777777778,6.52727272727273,NA,10,6.93684210526316,9,11,0,1,19,4391,2725,1666,394,887,3504,7.5651094169893,7.96257211009174,6.91499786914766,7.09004822335025,7.65159864712514,7.54321559646119,203
"203",2018,5,8.07692307692308,13,8.5,7.4,5.5,NA,8.07692307692308,8,5,2,0,13,4404,2733,1671,396,887,3517,7.56662022025431,7.96414526161727,6.91644910233393,7.08201767676768,7.65159864712514,7.54518835655388,204
"204",2018,6,6.86666666666667,15,8.28571428571429,5.625,NA,8,6.78571428571429,7,8,0,1,14,4419,2740,1679,396,888,3531,7.56424427472279,7.96496678832116,6.91029568195355,7.08201767676768,7.65199099099099,7.54217713112433,205
"205",2018,7,7.327,20,7.94888888888889,6.81818181818182,9,7.5,7.30777777777778,9,11,3,2,18,4439,2749,1690,399,890,3549,7.56317536607344,7.96491415060022,6.90969612426036,7.09643859649123,7.65164943820225,7.54098829247675,206
"206",2018,8,6.35148148148148,27,7.19230769230769,5.57071428571429,6.5,8.5,6.1796,13,14,3,2,25,4466,2762,1704,402,892,3574,7.55584985445589,7.96127769732078,6.89869509976526,7.09198756218905,7.65355156950673,7.53146543088976,207
"207",2018,9,7.23529411764706,17,8.1875,6.38888888888889,8.5,8.83333333333333,6.89285714285714,8,9,2,3,14,4483,2770,1713,404,895,3588,7.55463427392371,7.96193104693141,6.89601660828955,7.09895792079208,7.6575061452514,7.52897364827202,208
"208",2018,10,7.40909090909091,22,7.65384615384615,7.05555555555556,7.5,6.875,7.52777777777778,13,9,3,4,18,4505,2783,1722,407,899,3606,7.55392351831298,7.96049191519942,6.89685043554007,7.101914004914,7.65402447163515,7.52896767886855,209
"209",2018,11,7.42307692307692,26,7.68421052631579,6.71428571428571,7,7,7.45833333333333,19,7,1,2,24,4531,2802,1729,408,901,3630,7.55317268814831,7.95861848679514,6.89611130711394,7.10166421568627,7.65257269700333,7.52850067493113,210
"210",2018,12,7.425,24,7.88,6.66666666666667,7.5,7.66666666666667,7.39047619047619,15,9,2,3,21,4555,2817,1738,410,904,3651,7.55249735455543,7.95819985800497,6.89492315880322,7.10360731707317,7.65261946902655,7.52770677896467,211
"211",2019,1,6.97727272727273,33,7.08823529411765,6.859375,6.33333333333333,6.75,7.00862068965517,17,16,3,4,29,4588,2834,1754,413,908,3680,7.54835994986922,7.95298129851799,6.89459888825542,7.09801210653753,7.64864317180617,7.5236161548913,212
"212",2019,2,7.16666666666667,21,7.75,6.80769230769231,7.16666666666667,7.83333333333333,7.05555555555556,8,13,3,3,18,4609,2842,1767,416,911,3698,7.54662083966153,7.95240992258972,6.89395950764007,7.09850721153846,7.64925137211855,7.52133787182261,213
"213",2019,3,6.925,20,7.57692307692308,5.71428571428571,5.75,5.5,7.08333333333333,13,7,2,2,18,4629,2855,1774,418,913,3716,7.54393507236984,7.95070017513135,6.88930465050733,7.09205502392344,7.64454326396495,7.51921621367061,214
"214",2019,4,7.52631578947368,19,8,6.2,6,7.5,7.52941176470588,14,5,1,2,17,4648,2869,1779,419,915,3733,7.54386304862306,7.95094074590449,6.88736731309725,7.08944868735083,7.64422732240437,7.51926264398607,215
"215",2019,5,7.24818181818182,22,7.59733333333333,6.5,NA,5,7.3552380952381,15,7,0,1,21,4670,2884,1786,419,916,3754,7.54247011777302,7.94910159500693,6.88584907614782,7.08944868735083,7.64134061135371,7.51834508524241,216
"216",2019,6,7.27692307692308,13,7.22727272727273,7.55,7.1,7.1,7.29166666666667,11,2,1,1,12,4683,2895,1788,420,917,3766,7.54173295964125,7.94635889464594,6.88659197427293,7.08947380952381,7.64075027262814,7.5176227960701,217
"217",2019,7,7.9,25,8.03125,7.66666666666667,8,8.25,7.83333333333333,16,9,3,4,21,4708,2911,1797,423,921,3787,7.54363539719626,7.9468254895225,6.8904988592098,7.09593144208038,7.64339630836048,7.51937350145234,218
"218",2019,8,7.25193548387097,31,7.89181818181818,6.9,7,8.10333333333333,7.16071428571429,11,20,5,3,28,4739,2922,1817,428,924,3815,7.54172725258493,7.94661841204654,6.89060343973583,7.09481074766355,7.64488961038961,7.51674114023591,219
"219",2019,9,7.69047619047619,21,8.15384615384615,6.9375,5,6,7.775,13,8,2,1,20,4760,2935,1825,430,925,3835,7.54238349789916,7.94753628620102,6.89080901369863,7.08506744186046,7.64311135135135,7.51808799217731,220
"220",2019,10,7.47786666666667,15,7.65163636363636,7,NA,5.334,7.80769230769231,11,4,0,2,13,4775,2946,1829,430,927,3848,7.54218082722513,7.94643143245078,6.89104781301258,7.08506744186046,7.63812944983819,7.51906638513514,221
"221",2019,11,6.6,11,7.35,5.7,5,10,6.26,6,5,1,1,10,4786,2952,1834,431,928,3858,7.54001534684496,7.94521917344173,6.88780068157034,7.08022969837587,7.64067456896552,7.51580286417833,222
"222",2019,12,7.3,19,7.59230769230769,6.66666666666667,7,8.1,7.20588235294118,13,6,2,2,17,4805,2965,1840,433,930,3875,7.53906627471384,7.9436718381113,6.88707959239131,7.07985912240185,7.6416623655914,7.51444321290323,223
"223",2020,1,7.21551724137931,29,8.08823529411765,5.97916666666667,5.66666666666667,6.375,7.27777777777778,17,12,3,2,27,4834,2982,1852,436,932,3902,7.53712524824162,7.94449597585513,6.88119678725702,7.07013532110092,7.63894420600858,7.51280559969247,224
"224",2020,2,7.86514285714286,35,8.19047619047619,7.37714285714286,8.66666666666667,10,7.80235294117647,21,14,3,1,34,4869,3003,1866,439,933,3936,7.53948314849045,7.94621611721611,6.88491771168275,7.08104555808656,7.64147481243301,7.51530677083333,225
"225",2020,3,7.40789473684211,19,7.95,6.80555555555556,7,6.875,7.55,10,9,2,4,15,4888,3013,1875,441,937,3951,7.53897165507365,7.94622867573846,6.88453677333334,7.08067800453515,7.63820277481323,7.51543848392812,226
"226",2020,4,7.5112,25,8.332,6.28,6.625,NA,7.5112,15,10,4,0,25,4913,3028,1885,445,937,3976,7.53883033787909,7.94813969616909,6.88132968169761,7.07658202247191,7.63820277481323,7.51541183350101,227
"227",2020,5,7.43333333333333,15,7.88888888888889,6.75,7,NA,7.43333333333333,9,6,1,0,15,4928,3037,1891,446,937,3991,7.53850922280844,7.9479641093184,6.88091298254892,7.07641031390135,7.63820277481323,7.51510334502631,228
"228",2020,6,6.96875,16,8,6.16666666666667,5.33333333333333,10,6.76666666666667,7,9,3,1,15,4944,3044,1900,449,938,4006,7.53666534182848,7.94808377135348,6.87752971052632,7.06476391982183,7.64072068230277,7.5123009111333,229
"229",2020,7,7.65333333333333,15,7.93,7.1,8,4.8,7.85714285714286,10,5,2,1,14,4959,3054,1905,451,939,4020,7.53701823956442,7.94802455795678,6.87811362204725,7.06891130820399,7.63769542066028,7.51350185323383,230
"230",2020,8,7.85294117647059,17,8.75,7.05555555555556,NA,8,7.84375,8,9,0,1,16,4976,3062,1914,451,940,4036,7.53809755827974,7.95011985630307,6.87894798850575,7.06891130820399,7.63808085106383,7.5148110629336,231
"231",2020,9,7.475,24,7.79333333333333,6.94444444444444,7.625,7.8,7.42857142857143,15,9,4,3,21,5000,3077,1923,455,943,4057,7.53779469,7.94935554111147,6.87925452418097,7.0738,7.63859597030753,7.51436466600937,232
"232",2020,10,7.56818181818182,22,7.78571428571429,7.1875,7.5,NA,7.56818181818182,14,8,3,0,22,5022,3091,1931,458,943,4079,7.53792780764635,7.9486143642834,6.8805315639565,7.07659170305677,7.63859597030753,7.51465492767835,233
"233",2020,11,7.83333333333333,30,8.17857142857143,7.53125,7.4,6.75,8,14,16,5,4,26,5052,3105,1947,463,947,4105,7.53968199722882,7.94965120772947,6.8858790190036,7.08008423326134,7.63484266103485,7.51772897685749,234
"234",2020,12,7.50793103448276,29,7.96941176470588,6.85416666666667,6.33333333333333,7.58,7.49291666666667,17,12,3,5,24,5081,3122,1959,466,952,4129,7.53950077740602,7.94975880845612,6.885684762634,7.07527682403433,7.63455462184874,7.51758475417777,235
"235",2021,1,8.032,25,7.87777777777778,8.42857142857143,7.5,8.66666666666667,7.94545454545455,18,7,2,3,22,5106,3140,1966,468,955,4151,7.54191215236976,7.94934617834395,6.8911782553408,7.07709188034188,7.63779685863874,7.51985243314864,236
"236",2021,2,8.025,20,8.26470588235294,6.66666666666667,4,8.25,7.96875,17,3,1,4,16,5126,3157,1969,469,959,4167,7.54379700546235,7.951044345898,6.89083618588116,7.07053091684435,7.6403503649635,7.52157606191505,237
"237",2021,3,8.2568,25,8.19466666666667,8.35,8,8.73,8.16666666666667,15,10,1,4,21,5151,3172,1979,470,963,4188,7.54725751310425,7.95219640605296,6.89820942395149,7.0725085106383,7.6448764278297,7.52481075692455,238
"238",2021,4,7.86,20,7.72,8,9,9,7.73333333333333,10,10,3,2,18,5171,3182,1989,473,965,4206,7.54846711467801,7.95146668761785,6.90374884364002,7.08473361522199,7.64768497409326,7.52570315026153,239
"239",2021,5,7.69545454545455,22,7.69166666666667,7.7,8,6.16666666666667,7.93684210526316,12,10,1,3,19,5193,3194,1999,474,968,4225,7.54908982283843,7.95049060738885,6.90773209104552,7.08666455696202,7.64309504132231,7.5275520591716,240
"240",2021,6,7.54545454545455,11,7.83333333333333,7.2,NA,7.33333333333333,7.625,6,5,0,3,8,5204,3200,2004,474,971,4233,7.54908213873943,7.9502709375,6.90846130239521,7.08666455696202,7.64213800205973,7.52773622726199,241
"241",2021,7,7.96923076923077,13,8.2,7.6,NA,8.3,7.90909090909091,8,5,0,2,11,5217,3208,2009,474,973,4244,7.55012908759823,7.95089370324189,6.91018240418119,7.08666455696202,7.64349023638232,7.52872465834119,242
"242",2021,8,6.61111111111111,9,7.8,5.125,NA,7.5,6.5,5,4,0,1,8,5226,3213,2013,474,974,4252,7.54851194986605,7.95065888577653,6.90663509687034,7.08666455696202,7.64334291581109,7.5267891462841,243
"243",2021,9,7.88636363636364,22,8.14285714285714,7.4375,6.5,9,7.63888888888889,14,8,3,4,18,5248,3227,2021,477,978,4270,7.5499282488567,7.95149271769445,6.90873649183573,7.0829748427673,7.64889161554192,7.52726169789227,244
"244",2021,10,6.56,15,7.48333333333333,5.94444444444444,8,NA,6.56,6,9,1,0,15,5263,3233,2030,478,978,4285,7.54710686870606,7.95062387875038,6.90446130541872,7.08489330543933,7.64889161554192,7.5238757176196,245
"245",2021,11,7.68181818181818,11,8,7.5,7,8,7.61111111111111,4,7,2,2,9,5274,3237,2037,480,980,4294,7.54738783655669,7.95068489341983,6.90650783014237,7.08453958333333,7.64960816326531,7.52405855845366,246
"246",2021,12,7.72569473684211,19,8.236025,7.35454545454545,7.3,7.95,7.69930588235294,8,11,3,2,17,5293,3245,2048,483,982,4311,7.54802789533346,7.9513883513097,6.90891428222656,7.08587784679089,7.6502199592668,7.52474962885641,247
"247",2022,1,7.43,30,7.89285714285714,7.025,6.33333333333333,7,7.4448275862069,14,16,3,1,29,5323,3259,2064,486,983,4340,7.54736269960548,7.95113691316354,6.90981417151163,7.08123251028807,7.64955849440488,7.5242155875576,248
"248",2022,2,7.8,20,8.13636363636364,7.38888888888889,7.875,7,7.88888888888889,11,9,4,2,18,5343,3270,2073,490,985,4358,7.54830837544451,7.95176,6.91189409068982,7.08771224489796,7.64823959390863,7.52572181046352,249
"249",2022,3,7.75818181818182,11,7.96428571428571,7.3975,7.19666666666667,8.375,7.62111111111111,7,4,3,2,9,5354,3277,2077,493,987,4367,7.54873956854688,7.95178675617943,6.91282929706307,7.0883752535497,7.64971225937183,7.52591839935883,250
"250",2022,4,8.63333333333333,15,8.71428571428571,8.5625,8.66666666666667,8.83333333333333,8.5,7,8,3,6,9,5369,3284,2085,496,993,4376,7.55176972434345,7.95341205846528,6.91915896882494,7.09792137096774,7.65686404833837,7.52792176645338,251
"251",2022,5,6.58571428571429,21,7.44166666666667,5.44444444444444,NA,9,6.465,12,9,0,1,20,5390,3296,2094,496,994,4396,7.54800587198516,7.95154890776699,6.91282065425024,7.09792137096774,7.6582152917505,7.52308590764331,252
"252",2022,6,6.92307692307692,13,7.25,6.4,7,9.5,6.45454545454545,8,5,1,2,11,5403,3304,2099,497,996,4407,7.54650224875069,7.94985024213075,6.91159907098619,7.09772434607646,7.66191365461847,7.52041879963694,253
"253",2022,7,8.23684210526316,19,8.54545454545454,7.8125,10,8.33333333333333,8.21875,11,8,1,3,16,5422,3315,2107,498,999,4423,7.54892136665437,7.95182660633484,6.91501967252017,7.10355220883534,7.66392992992993,7.52294498078227,254
"254",2022,8,8.55555555555556,9,8.55555555555556,NA,NA,7,8.75,9,0,0,1,8,5431,3324,2107,498,1000,4431,7.55058951390167,7.95346125150421,6.91501967252017,7.10355220883534,7.663266,7.52516038140375,255
"255",2022,9,6.72727272727273,11,7.4,6.16666666666667,7,6.5,6.77777777777778,5,6,1,2,9,5442,3329,2113,499,1002,4440,7.54892533076075,7.95262997897266,6.91289467581638,7.10334468937876,7.66094411177645,7.52364541666667,256
"256",2022,10,7.83333333333333,12,8.33333333333333,7.33333333333333,7.5,9,7.72727272727273,6,6,2,1,11,5454,3335,2119,501,1003,4451,7.54955109094243,7.95331490254872,6.91408515809344,7.10492814371257,7.66227916251246,7.52414865198832,257
"257",2022,11,7.06315789473684,19,7.74545454545455,6.125,5,8,7.01111111111111,11,8,1,1,18,5473,3346,2127,502,1004,4469,7.54786253425909,7.95263156007173,6.91111727785614,7.10073505976096,7.66261553784861,7.52208226672634,258
"258",2022,12,6.84117647058823,17,7.78571428571429,6.18,7,NA,6.84117647058823,7,10,2,0,17,5490,3353,2137,504,1004,4486,7.54567425318761,7.95228308977035,6.90769604585868,7.10033531746032,7.66261553784861,7.51950192822113,259
