"","year","month","avg_rating","no_ratings","avg_rating_owned","avg_rating_not_owned","avg_rating_prev_owned","avg_rating_comment","avg_rating_no_comment","no_ratings_owned","no_ratings_not_owned","no_ratings_prev_owned","no_ratings_comment","no_ratings_no_comment","cum_no_ratings","cum_no_ratings_owned","cum_no_ratings_not_owned","cum_no_ratings_prev_owned","cum_no_ratings_comment","cum_no_ratings_no_comment","cum_avg_rating","cum_avg_rating_owned","cum_avg_rating_not_owned","cum_avg_rating_prev_owned","cum_avg_rating_comment","cum_avg_rating_no_comment","month_after_release"
"1",2001,6,6.5,6,6.5,6.5,NA,5.5,7,4,2,0,2,4,6,4,2,0,2,4,6.5,6.5,6.5,NA,5.5,7,1
"2",2001,7,7.66666666666667,3,7.5,8,NA,8,7.5,2,1,0,1,2,9,6,3,0,3,6,6.88888888888889,6.83333333333333,7,NA,6.33333333333333,7.16666666666667,2
"3",2001,8,6.4,5,6,6.66666666666667,NA,7,6.25,2,3,0,1,4,14,8,6,0,4,10,6.71428571428571,6.625,6.83333333333333,NA,6.5,6.8,3
"4",2001,9,6,1,NA,6,NA,6,NA,0,1,0,1,0,15,8,7,0,5,10,6.66666666666667,6.625,6.71428571428571,NA,6.4,6.8,4
"5",2001,10,7.66666666666667,3,8,7,NA,NA,7.66666666666667,2,1,0,0,3,18,10,8,0,5,13,6.83333333333333,6.9,6.75,NA,6.4,7,5
"6",2001,11,5.5,4,6,5,NA,5,6,2,2,0,2,2,22,12,10,0,7,15,6.59090909090909,6.75,6.4,NA,6,6.86666666666667,6
"7",2001,12,6.5,2,6.5,NA,NA,6.5,NA,2,0,0,2,0,24,14,10,0,9,15,6.58333333333333,6.71428571428571,6.4,NA,6.11111111111111,6.86666666666667,7
"8",2002,1,5.33333333333333,3,5.5,5,NA,6,5,2,1,0,1,2,27,16,11,0,10,17,6.44444444444444,6.5625,6.27272727272727,NA,6.1,6.64705882352941,8
"9",2002,2,5,3,5,5,NA,5,5,1,2,0,1,2,30,17,13,0,11,19,6.3,6.47058823529412,6.07692307692308,NA,6,6.47368421052632,9
"10",2002,3,6.83333333333333,6,8,5.66666666666667,NA,6,7,3,3,0,1,5,36,20,16,0,12,24,6.38888888888889,6.7,6,NA,6,6.58333333333333,10
"11",2002,6,7.33333333333333,3,7.33333333333333,NA,NA,9,6.5,3,0,0,1,2,39,23,16,0,13,26,6.46153846153846,6.78260869565217,6,NA,6.23076923076923,6.57692307692308,13
"12",2002,7,4.8,5,7,3.33333333333333,NA,5,4.75,2,3,0,1,4,44,25,19,0,14,30,6.27272727272727,6.8,5.57894736842105,NA,6.14285714285714,6.33333333333333,14
"13",2002,8,6.64285714285714,7,7.66666666666667,5.875,6,5.5,7.5,3,4,2,3,4,51,28,23,2,17,34,6.32352941176471,6.89285714285714,5.6304347826087,6,6.02941176470588,6.47058823529412,15
"14",2002,9,7,4,7,7,NA,6.5,7.5,3,1,0,2,2,55,31,24,2,19,36,6.37272727272727,6.90322580645161,5.6875,6,6.07894736842105,6.52777777777778,16
"15",2002,10,7.22,5,7.275,7,NA,7.7,6.5,4,1,0,3,2,60,35,25,2,22,38,6.44333333333333,6.94571428571429,5.74,6,6.3,6.52631578947368,17
"16",2002,11,6.5,6,7.5,6,5,8,5.75,2,4,1,2,4,66,37,29,3,24,42,6.44848484848485,6.97567567567568,5.77586206896552,5.66666666666667,6.44166666666667,6.45238095238095,18
"17",2002,12,6.75,4,7.33333333333333,5,5,8,6.33333333333333,3,1,1,1,3,70,40,30,4,25,45,6.46571428571429,7.0025,5.75,5.5,6.504,6.44444444444444,19
"18",2003,1,6.81818181818182,11,6.9,6,NA,8,6.55555555555556,10,1,0,2,9,81,50,31,4,27,54,6.51358024691358,6.982,5.75806451612903,5.5,6.61481481481481,6.46296296296296,20
"19",2003,2,7.16666666666667,6,7,7.33333333333333,8,7,7.25,3,3,1,2,4,87,53,34,5,29,58,6.55862068965517,6.98301886792453,5.89705882352941,6,6.64137931034483,6.51724137931035,21
"20",2003,3,6,1,6,NA,NA,NA,6,1,0,0,0,1,88,54,34,5,29,59,6.55227272727273,6.96481481481482,5.89705882352941,6,6.64137931034483,6.50847457627119,22
"21",2003,4,6,5,6.66666666666667,5,NA,1,7.25,3,2,0,1,4,93,57,36,5,30,63,6.52258064516129,6.94912280701754,5.84722222222222,6,6.45333333333333,6.55555555555556,23
"22",2003,5,6.57142857142857,7,6.6,6.5,NA,6.4,7,5,2,0,5,2,100,62,38,5,35,65,6.526,6.92096774193548,5.88157894736842,6,6.44571428571429,6.56923076923077,24
"23",2003,6,6.1,5,6.66666666666667,5.25,NA,6.125,6,3,2,0,4,1,105,65,40,5,39,66,6.50571428571429,6.90923076923077,5.85,6,6.41282051282051,6.56060606060606,25
"24",2003,7,6.72222222222222,27,7.08823529411765,6.1,NA,6.35714285714286,6.85,17,10,0,7,20,132,82,50,5,46,86,6.55,6.94634146341463,5.9,6,6.40434782608696,6.62790697674419,26
"25",2003,8,6,13,6.125,5.8,NA,5.8,6.125,8,5,0,5,8,145,90,55,5,51,94,6.50068965517241,6.87333333333333,5.89090909090909,6,6.34509803921569,6.58510638297872,27
"26",2003,9,6.8125,8,7,6.25,NA,7.1,6.33333333333333,6,2,0,5,3,153,96,57,5,56,97,6.51699346405229,6.88125,5.90350877192982,6,6.4125,6.57731958762887,28
"27",2003,10,6.25,8,7,5,NA,5,6.66666666666667,5,3,0,2,6,161,101,60,5,58,103,6.50372670807453,6.88712871287129,5.85833333333333,6,6.36379310344828,6.58252427184466,29
"28",2003,11,6.6,5,7.66666666666667,5,NA,7.33333333333333,5.5,3,2,0,3,2,166,104,62,5,61,105,6.5066265060241,6.90961538461538,5.83064516129032,6,6.41147540983606,6.56190476190476,30
"29",2003,12,6.25,2,6.25,NA,NA,4.5,8,2,0,0,1,1,168,106,62,5,62,106,6.50357142857143,6.89716981132076,5.83064516129032,6,6.38064516129032,6.57547169811321,31
"30",2004,1,6.8125,8,6.9,6.66666666666667,NA,6.83333333333333,6.8,5,3,0,3,5,176,111,65,5,65,111,6.51761363636364,6.8972972972973,5.86923076923077,6,6.40153846153846,6.58558558558559,32
"31",2004,2,5.2,5,5.75,3,NA,9,4.25,4,1,0,1,4,181,115,66,5,66,115,6.48121546961326,6.85739130434783,5.82575757575758,6,6.44090909090909,6.50434782608696,33
"32",2004,3,6.9,10,6.77777777777778,8,NA,5,7.375,9,1,0,2,8,191,124,67,5,68,123,6.50314136125654,6.85161290322581,5.85820895522388,6,6.39852941176471,6.5609756097561,34
"33",2004,4,6.61538461538461,13,6.8,6,NA,6.8,6.5,10,3,0,5,8,204,134,70,5,73,131,6.51029411764706,6.84776119402985,5.86428571428571,6,6.42602739726027,6.55725190839695,35
"34",2004,5,5.375,8,6.25,4.5,7,5.5,5.25,4,4,1,4,4,212,138,74,6,77,135,6.46745283018868,6.8304347826087,5.79054054054054,6.16666666666667,6.37792207792208,6.51851851851852,36
"35",2004,6,7,4,7.66666666666667,5,NA,7,7,3,1,0,2,2,216,141,75,6,79,137,6.47731481481481,6.84822695035461,5.78,6.16666666666667,6.39367088607595,6.52554744525547,37
"36",2004,7,6.68181818181818,11,6.75,6,NA,7,6.41666666666667,10,1,0,5,6,227,151,76,6,84,143,6.48722466960352,6.84172185430463,5.78289473684211,6.16666666666667,6.42976190476191,6.52097902097902,38
"37",2004,8,6.4375,8,6.5,6,NA,5.625,7.25,7,1,0,4,4,235,158,77,6,88,147,6.48553191489362,6.82658227848101,5.78571428571429,6.16666666666667,6.39318181818182,6.54081632653061,39
"38",2004,9,7,10,7.78571428571429,5.16666666666667,NA,7.875,6.41666666666667,7,3,0,4,6,245,165,80,6,92,153,6.5065306122449,6.86727272727273,5.7625,6.16666666666667,6.45760869565217,6.5359477124183,40
"39",2004,10,6.41666666666667,12,7,5.83333333333333,NA,6.33333333333333,6.5,6,6,0,6,6,257,171,86,6,98,159,6.50233463035019,6.8719298245614,5.76744186046512,6.16666666666667,6.45,6.53459119496855,41
"40",2004,11,6.22222222222222,9,8,5.71428571428571,6.5,6.2,6.25,2,7,2,5,4,266,173,93,8,103,163,6.49285714285714,6.8849710982659,5.76344086021505,6.25,6.4378640776699,6.52760736196319,42
"41",2004,12,5.875,8,8,4.6,5,2.5,7,3,5,1,2,6,274,176,98,9,105,169,6.47481751824817,6.90397727272727,5.70408163265306,6.11111111111111,6.36285714285714,6.54437869822485,43
"42",2005,1,5.75,12,6,4.5,4.5,5.4,6,10,2,2,5,7,286,186,100,11,110,176,6.44440559440559,6.85537634408602,5.68,5.81818181818182,6.31909090909091,6.52272727272727,44
"43",2005,2,6.4,10,7.33333333333333,5,NA,6.25,6.5,6,4,0,4,6,296,192,104,11,114,182,6.4429054054054,6.8703125,5.65384615384615,5.81818181818182,6.31666666666667,6.52197802197802,45
"44",2005,3,6.71538461538462,13,6.81111111111111,6.5,5,7.13333333333333,6.35714285714286,9,4,1,6,7,309,201,108,12,120,189,6.45436893203883,6.86766169154229,5.68518518518519,5.75,6.3575,6.51587301587302,46
"45",2005,4,5.67857142857143,14,5.79166666666667,5,NA,5.27777777777778,6.4,12,2,0,9,5,323,213,110,12,129,194,6.42074303405573,6.80704225352113,5.67272727272727,5.75,6.28217054263566,6.51288659793814,47
"46",2005,5,6.95833333333333,6,7.5,6.41666666666667,NA,6.6875,7.5,3,3,0,4,2,329,216,113,12,133,196,6.430547112462,6.81666666666667,5.69247787610619,5.75,6.29436090225564,6.52295918367347,48
"47",2005,6,6.91666666666667,6,7.1,6,6,7.75,6.5,5,1,1,2,4,335,221,114,13,135,200,6.43925373134328,6.82307692307692,5.69517543859649,5.76923076923077,6.31592592592593,6.5225,49
"48",2005,7,6.8125,8,7,5.5,NA,8,6.1,7,1,0,3,5,343,228,115,13,138,205,6.44795918367347,6.82850877192982,5.69347826086956,5.76923076923077,6.35253623188406,6.51219512195122,50
"49",2005,8,6.07692307692308,13,7.41666666666667,4.92857142857143,NA,4.8,6.875,6,7,0,5,8,356,234,122,13,143,213,6.43441011235955,6.84358974358974,5.64959016393443,5.76923076923077,6.29825174825175,6.52582159624413,51
"50",2005,9,5.875,12,6.57142857142857,4.9,7,6.21428571428571,5.4,7,5,1,7,5,368,241,127,14,150,218,6.41616847826087,6.8356846473029,5.62007874015748,5.85714285714286,6.29433333333333,6.5,52
"51",2005,10,5.31818181818182,11,5.625,4.5,NA,5.64285714285714,4.75,8,3,0,7,4,379,249,130,14,157,222,6.38430079155673,6.79678714859438,5.59423076923077,5.85714285714286,6.26528662420382,6.46846846846847,53
"52",2005,11,5.42857142857143,7,6.66666666666667,4.5,NA,4.5,6.66666666666667,3,4,0,4,3,386,252,134,14,161,225,6.3669689119171,6.7952380952381,5.5615671641791,5.85714285714286,6.22142857142857,6.47111111111111,54
"53",2005,12,6.44782608695652,23,7.26875,4.57142857142857,4,6.8,6.35,16,7,1,5,18,409,268,141,15,166,243,6.37151589242054,6.82350746268657,5.51241134751773,5.73333333333333,6.23885542168675,6.46213991769547,55
"54",2006,1,6.0625,16,7.05555555555556,4.78571428571429,NA,5.5,6.625,9,7,0,8,8,425,277,148,15,174,251,6.35988235294118,6.83104693140794,5.47804054054054,5.73333333333333,6.20488505747127,6.46733067729084,56
"55",2006,2,6.5625,8,6.78571428571429,5,NA,7,6.41666666666667,7,1,0,2,6,433,284,149,15,176,257,6.36362586605081,6.82992957746479,5.4748322147651,5.73333333333333,6.21392045454546,6.46614785992218,57
"56",2006,3,6.06666666666667,15,6.15384615384615,5.5,6,6.33333333333333,6,13,2,1,3,12,448,297,151,16,179,269,6.35368303571429,6.8003367003367,5.47516556291391,5.75,6.2159217877095,6.4453531598513,58
"57",2006,4,6.22222222222222,9,7,5.25,6,6,6.4,5,4,1,4,5,457,302,155,17,183,274,6.35109409190372,6.80364238410596,5.46935483870968,5.76470588235294,6.21120218579235,6.44452554744525,59
"58",2006,5,6.4375,8,7.66666666666667,5.7,NA,5.83333333333333,6.8,3,5,0,3,5,465,305,160,17,186,279,6.35258064516129,6.81213114754098,5.4765625,5.76470588235294,6.20510752688172,6.45089605734767,60
"59",2006,6,5.6,10,5.75,5.375,NA,5.75,5.375,6,4,0,6,4,475,311,164,17,192,283,6.33673684210526,6.79163987138264,5.47408536585366,5.76470588235294,6.19088541666667,6.4356890459364,61
"60",2006,7,6.09375,16,6.34615384615385,5,NA,5.5,6.45,13,3,0,6,10,491,324,167,17,198,293,6.32881873727088,6.77376543209876,5.46556886227545,5.76470588235294,6.1699494949495,6.43617747440273,62
"61",2006,8,6,15,6,6,NA,6,6,11,4,0,7,8,506,335,171,17,205,301,6.31907114624506,6.74835820895522,5.4780701754386,5.76470588235294,6.16414634146342,6.42458471760797,63
"62",2006,9,6.25294117647059,17,6.9375,5.64444444444444,7,4.58333333333333,7.16363636363636,8,9,1,6,11,523,343,180,18,211,312,6.31692160611855,6.75276967930029,5.48638888888889,5.83333333333333,6.11919431279621,6.45064102564103,64
"63",2006,10,6.71428571428571,14,7.2,5.5,NA,7.16666666666667,6.375,10,4,0,6,8,537,353,184,18,217,320,6.32728119180633,6.76543909348442,5.48668478260869,5.83333333333333,6.14815668202765,6.44875,65
"64",2006,11,5.95454545454545,11,6.1875,5.33333333333333,7,5.08333333333333,7,8,3,1,6,5,548,361,187,19,223,325,6.31979927007299,6.75263157894737,5.48422459893048,5.89473684210526,6.1195067264574,6.45723076923077,66
"65",2006,12,6.625,20,7.05,6.2,6,6.5625,6.66666666666667,10,10,2,8,12,568,371,197,21,231,337,6.33054577464789,6.76064690026954,5.52055837563452,5.90476190476191,6.13484848484849,6.4646884272997,67
"66",2007,1,6.52380952380952,21,6.76923076923077,6.125,7.66666666666667,6.44444444444444,6.58333333333333,13,8,3,9,12,589,384,205,24,240,349,6.3374363327674,6.7609375,5.54414634146341,6.125,6.14645833333333,6.46876790830946,68
"67",2007,2,6.88007071428571,14,7.45,5.4552475,NA,7.625,6.582099,10,4,0,4,10,603,394,209,24,244,359,6.3500348092869,6.77842639593909,5.54244492822966,6.125,6.17069672131148,6.4719247632312,69
"68",2007,3,6.62631578947368,19,7.20714285714286,5,5,5.875,7.17272727272727,14,5,2,8,11,622,408,214,26,252,370,6.35847426045016,6.79313725490196,5.52977098130841,6.03846153846154,6.16130952380952,6.49275943243243,70
"69",2007,4,5.8,15,5.88888888888889,5.66666666666667,5,5.875,5.71428571428571,9,6,1,8,7,637,417,220,27,260,377,6.34532337519623,6.77362110311751,5.5335045,6,6.1525,6.4783050132626,71
"70",2007,5,6.09375,16,6.5,5.2,NA,5,6.59090909090909,11,5,0,5,11,653,428,225,27,265,388,6.33915924961715,6.76658878504673,5.52609328888889,6,6.13075471698113,6.48149739690722,72
"71",2007,6,6.42,15,6.83,5.6,NA,5.26,7,10,5,0,5,10,668,438,230,27,270,398,6.34097453592814,6.76803652968037,5.52769995652174,6,6.11462962962963,6.49452510050251,73
"72",2007,7,6.2625,28,7.30769230769231,5.35666666666667,NA,5.2,6.85277777777778,13,15,0,10,18,696,451,245,27,280,416,6.33781751436782,6.78359201773836,5.51722853061224,6,6.08196428571429,6.51002641826923,74
"73",2007,8,6.32352941176471,17,6.79166666666667,5.2,6,7.16666666666667,5.86363636363636,12,5,1,6,11,713,463,250,28,286,427,6.33747684431978,6.78380129589633,5.51088396,6,6.10472027972028,6.49337468384075,75
"74",2007,9,5.85416666666667,24,6.625,5.08333333333333,5.125,6.77777777777778,5.3,12,12,4,9,15,737,475,262,32,295,442,6.32173811397558,6.77978947368421,5.49130148854962,5.890625,6.12525423728814,6.45287554298643,76
"75",2007,10,6.20833333333333,12,7.05555555555556,3.66666666666667,NA,4.5,6.55,9,3,0,2,10,749,484,265,32,297,452,6.31992121495327,6.7849173553719,5.47064524528302,5.890625,6.11430976430976,6.45502431415929,77
"76",2007,11,6.71153846153846,26,6.675,6.83333333333333,NA,6.5625,6.77777777777778,20,6,0,8,18,775,504,271,32,305,470,6.33305934193548,6.78055555555556,5.50081546125461,5.890625,6.12606557377049,6.46738508510638,78
"77",2007,12,6.51612903225806,31,6.85,5.90909090909091,5.66666666666667,6.33333333333333,6.63157894736842,20,11,3,12,19,806,524,282,35,317,489,6.34010048387097,6.78320610687023,5.51674109929078,5.87142857142857,6.13391167192429,6.47376480572597,79
"78",2008,1,6.18333333333333,30,6.71875,5.57142857142857,5.66666666666667,6.75,5.6875,16,14,3,14,16,836,540,296,38,331,505,6.33447486842105,6.7812962962963,5.51932766891892,5.85526315789474,6.15996978851964,6.44885344554456,80
"79",2008,2,5.6,20,5.73076923076923,5.35714285714286,6,5.8125,5.45833333333333,13,7,1,8,12,856,553,303,39,339,517,6.31731424065421,6.75660036166365,5.51558082508251,5.85897435897436,6.15176991150443,6.42586264990329,81
"80",2008,3,6.585,20,6.87142857142857,5.91666666666667,NA,6,7.06363636363636,14,6,0,9,11,876,567,309,39,348,528,6.32342578767123,6.75943562610229,5.52336889967637,5.85897435897436,6.14784482758621,6.43914960227273,82
"81",2008,4,6.20526315789474,19,6.55625,4.33333333333333,NA,6.8,5.99285714285714,16,3,0,5,14,895,583,312,39,353,542,6.32091730726257,6.75385934819897,5.51192625,5.85897435897436,6.15708215297451,6.42762175276753,83
"82",2008,5,7,14,7.25,5.5,NA,6.42857142857143,7.57142857142857,12,2,0,7,7,909,595,314,39,360,549,6.33137622662266,6.76386554621849,5.5118502866242,5.85897435897436,6.16236111111111,6.44220581056466,84
"83",2008,6,6.63333333333333,15,7.13636363636364,5.25,6.5,7.35714285714286,6,11,4,2,7,8,924,606,318,41,367,557,6.33627812770563,6.77062706270627,5.50855657232704,5.89024390243902,6.18514986376022,6.43585456014363,85
"84",2008,7,6.35454545454545,22,7.18,5.66666666666667,4.8,5.57272727272727,7.13636363636364,10,12,5,11,11,946,616,330,46,378,568,6.33670294926004,6.77727272727273,5.51430603030303,5.77173913043478,6.16732804232804,6.44942075704225,86
"85",2008,8,6.24705882352941,17,7.3,5.0625,3.66666666666667,5,6.76666666666667,9,8,3,5,12,963,625,338,49,383,580,6.33512044652129,6.7848,5.5036123964497,5.64285714285714,6.15208877284595,6.45598446551724,87
"86",2008,9,5.575,20,6.6875,4.83333333333333,6,4.625,6.20833333333333,8,12,1,8,12,983,633,350,50,391,592,6.31965512716175,6.78357030015798,5.4806314,5.65,6.12084398976982,6.45096451013514,88
"87",2008,10,6.2,12,6.73333333333333,5.66666666666667,4.75,7.08,5.57142857142857,6,6,2,5,7,995,639,356,52,396,599,6.31821205025126,6.7830985915493,5.4837668258427,5.61538461538461,6.13295454545455,6.44068612687813,89
"88",2008,11,6.39090909090909,22,7.33333333333333,5.26,4.6,5.66,7,12,10,5,10,12,1017,651,366,57,406,611,6.31978465093412,6.79324116743472,5.47765297814207,5.52631578947368,6.12130541871921,6.45167101472995,90
"89",2008,12,6.39130434782609,23,6.33333333333333,6.42857142857143,8.5,5.28571428571429,6.875,9,14,2,7,16,1040,660,380,59,413,627,6.32136633653846,6.7869696969697,5.51268681578947,5.6271186440678,6.10714285714286,6.46247366826156,91
"90",2009,1,6.36363636363636,22,6.82352941176471,4.8,NA,6.72222222222222,6.11538461538461,17,5,0,9,13,1062,677,385,59,422,640,6.32224198681733,6.78788774002954,5.50343114285714,5.6271186440678,6.12026066350711,6.455423421875,92
"91",2009,2,6.67769230769231,39,7.24681818181818,5.94117647058824,5.125,7.02875,6.58709677419355,22,17,4,8,31,1101,699,402,63,430,671,6.33483287011807,6.80233190271817,5.52194276119403,5.59523809523809,6.13716279069768,6.46150669150522,93
"92",2009,3,6.14333333333333,30,6.75294117647059,5.34615384615385,4.4,6.18,6.125,17,13,5,10,20,1131,716,415,68,440,691,6.32975330680813,6.8011592178771,5.51643612048193,5.50735294117647,6.13813636363636,6.45176698986975,94
"93",2009,4,6.14,20,6,6.25454545454545,8,6.11428571428571,6.15384615384615,9,11,1,7,13,1151,725,426,69,447,704,6.3264561164205,6.79121379310345,5.53549528169014,5.54347826086957,6.13776286353468,6.44626561079545,95
"94",2009,5,6.56410256410256,39,7.06,5.67857142857143,5.3,6.03846153846154,6.82692307692308,25,14,5,13,26,1190,750,440,74,460,730,6.33424452941177,6.80017333333333,5.54004770454545,5.52702702702703,6.13495652173913,6.4598232739726,96
"95",2009,6,5.70526315789474,19,6.41428571428571,5.29166666666667,5,5.2,5.88571428571429,7,12,2,5,14,1209,757,452,76,465,744,6.32435979321754,6.79660501981506,5.53345351769911,5.51315789473684,6.12490322580645,6.44902014784946,97
"96",2009,7,6.1375,24,6.5125,5.3875,6.33333333333333,5.84545454545455,6.38461538461539,16,8,3,11,13,1233,773,460,79,476,757,6.32072261962693,6.79072445019405,5.53091519565217,5.54430379746835,6.11844537815126,6.44791412153236,98
"97",2009,8,6.11,20,6.7,5.52,5.04,6.17142857142857,6.07692307692308,10,10,5,7,13,1253,783,470,84,483,770,6.31735913008779,6.78956577266922,5.53068295744681,5.51428571428571,6.1192132505176,6.44165063636364,99
"98",2009,9,5.77272727272727,11,6.125,5.57142857142857,6.5,6.25,5.2,4,7,4,6,5,1264,787,477,88,489,775,6.31261945411392,6.78618805590851,5.5312809014675,5.55909090909091,6.12081799591002,6.43363998709677,100
"99",2009,10,6.19047619047619,21,6.35714285714286,5.85714285714286,7.25,6,6.28571428571429,14,7,2,7,14,1285,801,484,90,496,789,6.3106233385214,6.77868913857678,5.53599378099173,5.59666666666667,6.11911290322581,6.4310151964512,101
"100",2009,11,5.95652173913043,23,6.54545454545455,5.41666666666667,6.25,4.75,6.21052631578947,11,12,4,4,19,1308,812,496,94,500,808,6.30439678134557,6.77552955665025,5.53310683467742,5.62446808510638,6.10816,6.42583043316832,102
"101",2009,12,6.04705882352941,17,6.33,5.64285714285714,7.75,5.75,6.13846153846154,10,7,2,4,13,1325,822,503,96,504,821,6.30109508679245,6.77010948905109,5.5346341749503,5.66875,6.10531746031746,6.42128013398295,103
"102",2010,1,6.5,19,7.1875,6,6.16666666666667,6.66666666666667,6.42307692307692,8,11,6,6,13,1344,830,514,102,510,834,6.30390698660714,6.77413253012048,5.54459336575875,5.69803921568627,6.11192156862745,6.42130814148681,104
"103",2010,2,6.3695652173913,23,6.22727272727273,6.5,5.5,7,6.03333333333333,11,12,1,8,15,1367,841,526,103,518,849,6.30501169714704,6.76697978596908,5.5663897148289,5.69611650485437,6.12563706563707,6.41445346289753,105
"104",2010,3,6.38888888888889,18,7.44444444444444,5.33333333333333,5.5,6.3,6.42307692307692,9,9,2,5,13,1385,850,535,105,523,862,6.30610179783393,6.77415294117647,5.56246914018691,5.69238095238095,6.12730401529637,6.41458351508121,106
"105",2010,4,5.86111111111111,18,6.61111111111111,5.11111111111111,6,5,6.19230769230769,9,9,1,5,13,1403,859,544,106,528,875,6.30039272273699,6.77244470314319,5.55500181985294,5.69528301886792,6.11662878787879,6.41128113142857,107
"106",2010,5,6.15625,16,6.31818181818182,5.8,NA,6.5,6,11,5,0,5,11,1419,870,549,106,533,886,6.29876743481325,6.76670114942529,5.55723313296903,5.69528301886792,6.12022514071295,6.40617493227991,108
"107",2010,6,6.15,10,6.3,6,NA,6.625,5.83333333333333,5,5,0,4,6,1429,875,554,106,537,892,6.29772637508747,6.76403428571429,5.56122922382671,5.69528301886792,6.12398510242086,6.40232173766816,109
"108",2010,7,6.78461538461538,13,6.3,7.0875,8,7.44,6.375,5,8,2,5,8,1442,880,562,108,542,900,6.30211580443828,6.76139772727273,5.58295549822064,5.73796296296296,6.13612546125461,6.40207887777778,110
"109",2010,8,5.72222222222222,18,7.14285714285714,4.81818181818182,5.33333333333333,5.5,5.83333333333333,7,11,3,6,12,1460,887,573,111,548,912,6.29496643150685,6.76440811724915,5.56827397905759,5.72702702702703,6.12916058394161,6.39459538377193,111
"110",2010,9,5.87692307692308,13,6.88,5.25,5,5.9,5.85714285714286,5,8,1,6,7,1473,892,581,112,554,919,6.29127697895451,6.76505605381166,5.56389154905336,5.72053571428571,6.12667870036101,6.39050162132753,112
"111",2010,10,4.86111111111111,18,6.9,4.07692307692308,4,4.70833333333333,5.16666666666667,5,13,6,12,6,1491,897,594,118,566,925,6.27401139503689,6.76580824972129,5.53134846801347,5.63305084745763,6.09660777385159,6.38256323243243,113
"112",2010,11,5.39777777777778,18,5.75,4.9575,7,4.5,5.96909090909091,10,8,1,7,11,1509,907,602,119,573,936,6.26355930417495,6.75460859977949,5.52372257475083,5.64453781512605,6.07710296684119,6.3777040491453,114
"113",2010,12,5.93478260869565,23,6.16666666666667,5.68181818181818,6.2,5,6.075,12,11,5,3,20,1532,919,613,124,576,956,6.2586233616188,6.74693144722524,5.5265595269168,5.66693548387097,6.07149305555556,6.37137132845188,115
"114",2011,1,6.04166666666667,12,6.25,5.9375,6,5,6.13636363636364,4,8,2,1,11,1544,923,621,126,577,967,6.25693716968912,6.74477789815818,5.53185344605475,5.67222222222222,6.06963604852687,6.36869802481903,116
"115",2011,2,6.10869565217391,23,6.59090909090909,5.66666666666667,6,5,6.5,11,12,2,6,17,1567,934,633,128,583,984,6.25476132099553,6.74296573875803,5.53440914691943,5.67734375,6.05862778730703,6.37096645325203,117
"116",2011,3,5.88888888888889,18,6.22222222222222,5.55555555555556,4,5.33333333333333,6,9,9,2,3,15,1585,943,642,130,586,999,6.25060630283912,6.73799575821845,5.53470559190031,5.65153846153846,6.05491467576792,6.36539638638639,118
"117",2011,4,7.15625,16,7.40909090909091,6.6,6.75,7.5,6.95,11,5,4,6,10,1601,954,647,134,592,1009,6.25965708307308,6.74573375262054,5.54293816074189,5.68432835820895,6.06956081081081,6.37119027750248,119
"118",2011,5,6,13,6.85714285714286,5,4.66666666666667,5.83333333333333,6.05,7,6,3,3,10,1614,961,653,137,595,1019,6.25756566914498,6.74654526534859,5.53794944869832,5.66204379562044,6.06836974789916,6.36803826300294,120
"119",2011,6,5.5,6,7.33333333333333,3.66666666666667,NA,3.5,6.5,3,3,0,2,4,1620,964,656,137,597,1023,6.25475987037037,6.74837136929461,5.52939175304878,5.66204379562044,6.05976549413735,6.36855424242424,121
"120",2011,7,6.625,8,7.6,5,5,6.33333333333333,6.8,5,3,2,3,5,1628,969,659,139,600,1028,6.25657923218673,6.7527657378741,5.5269817754173,5.65251798561151,6.06113333333333,6.37065271400778,122
"121",2011,8,6.58125,16,7.14444444444444,5.85714285714286,9,5.66666666666667,6.79230769230769,9,7,1,3,13,1644,978,666,140,603,1041,6.25973904501216,6.75637014314928,5.53045193693694,5.67642857142857,6.05917081260365,6.37591833813641,123
"122",2011,9,6.17971428571429,7,6.5,6.0516,7.1,2.058,6.86666666666667,2,5,2,1,6,1651,980,671,142,604,1047,6.25939975166566,6.75584693877551,5.53433530551416,5.69647887323944,6.05254635761589,6.37873064947469,124
"123",2011,10,6.29166666666667,12,7.5,4.6,NA,4.25,6.7,7,5,0,2,10,1663,987,676,142,606,1057,6.25963258568851,6.76112462006079,5.52742454142012,5.69647887323944,6.04659735973597,6.38177009460738,125
"124",2011,11,6.60714285714286,14,6.9,5.875,7,6.5,6.65,10,4,2,4,10,1677,997,680,144,610,1067,6.26253368515206,6.76251755265797,5.52946910294118,5.71458333333333,6.04957049180328,6.38428396438613,126
"125",2011,12,5.25,10,5.35714285714286,5,NA,3.83333333333333,5.85714285714286,7,3,0,3,7,1687,1004,683,144,613,1074,6.25653170717249,6.75271912350598,5.52714346998536,5.71458333333333,6.03872430668842,6.38084822160149,127
"126",2012,1,6.375,12,7,5.125,NA,NA,6.375,8,4,0,0,12,1699,1012,687,144,613,1086,6.25736844614479,6.75467391304348,5.52480202328967,5.71458333333333,6.03872430668842,6.38078360036832,128
"127",2012,2,6.26666666666667,15,7.2,5.8,5.75,6.28571428571429,6.25,5,10,4,7,8,1714,1017,697,148,620,1094,6.25744981913652,6.75686332350049,5.52875034433286,5.71554054054054,6.04151290322581,6.37982723034735,129
"128",2012,3,6.19444444444444,9,7.25,5.35,7,7.25,5.35,4,5,2,4,5,1723,1021,702,150,624,1099,6.25712071387115,6.75879529872674,5.52747719373219,5.73266666666667,6.04925961538462,6.37514193812557,130
"129",2012,4,6.61111111111111,9,6.625,6.5,6.5,6.25,6.71428571428571,8,1,1,2,7,1732,1029,703,151,626,1106,6.25896015588914,6.75775510204082,5.52886058321479,5.73774834437086,6.04990095846645,6.37728841772152,131
"130",2012,5,6.11111111111111,9,6.75,5.6,3,5,6.42857142857143,4,5,1,2,7,1741,1033,708,152,628,1113,6.2581958587019,6.75772507260407,5.52936298022599,5.71973684210526,6.04655732484076,6.37761095238095,132
"131",2012,6,6.4125,8,7.05,4.5,NA,8.33333333333333,5.26,6,2,0,3,5,1749,1039,710,152,631,1118,6.25890165237278,6.75941289701636,5.52646336619718,5.71973684210526,6.0574294770206,6.37261269230769,133
"132",2012,7,6.04,11,7.2,5.07333333333333,4.2,5.4,6.28,5,6,1,3,8,1760,1044,716,153,634,1126,6.25753351704545,6.76152298850575,5.52266618715084,5.70980392156863,6.05431861198738,6.37195469804618,134
"133",2012,8,6.63636363636364,11,7.1875,5.16666666666667,NA,7.16666666666667,6,8,3,0,6,5,1771,1052,719,153,640,1131,6.25988649915302,6.76476235741445,5.52118079276773,5.70980392156863,6.064746875,6.37031033598585,135
"134",2012,9,6.86363636363636,11,7.28571428571429,6.125,NA,6,7.05555555555556,7,4,0,2,9,1782,1059,723,153,642,1140,6.26361335016835,6.76820585457979,5.52452142461964,5.70980392156863,6.06454517133956,6.37572016666667,136
"135",2012,10,5.33333333333333,6,5.25,5.5,NA,5,5.66666666666667,4,2,0,3,3,1788,1063,725,153,645,1143,6.26049160514541,6.76249294449671,5.52445377931035,5.70980392156863,6.05959379844961,6.37385913385827,137
"136",2012,11,5.5,9,6.375,4.8,4,5.1,6,4,5,1,5,4,1797,1067,730,154,650,1147,6.25668279910963,6.76104029990628,5.51949176712329,5.6987012987013,6.05221230769231,6.37255535309503,138
"137",2012,12,5.28461538461538,13,6.45,4.28571428571429,2,4.25,5.74444444444444,6,7,1,4,9,1810,1073,737,155,654,1156,6.24970109944751,6.75930102516309,5.50777339213026,5.67483870967742,6.04118960244648,6.36766521626298,139
"138",2013,1,5.95454545454545,11,6.25,5.6,4.66666666666667,4.33333333333333,6.5625,6,5,3,3,8,1821,1079,742,158,657,1164,6.24791817133443,6.75646895273401,5.50839486522911,5.65569620253165,6.03339117199391,6.36900428694158,140
"139",2013,2,6.2,10,6.57142857142857,5.33333333333333,NA,6.66666666666667,5.5,7,3,0,6,4,1831,1086,745,158,663,1168,6.2476564664118,6.75527624309392,5.50768991946309,5.65569620253165,6.0391221719457,6.36602824486301,141
"140",2013,3,6.68461538461538,13,7.56,6.1375,7.1,6.55,6.70909090909091,5,8,1,2,11,1844,1091,753,159,665,1179,6.25073697939262,6.75896425297892,5.51438112881806,5.66477987421384,6.04065864661654,6.36922899915182,142
"141",2013,4,6.95833333333333,12,7.3125,6.25,4,10,6.68181818181818,8,4,1,1,11,1856,1099,757,160,666,1190,6.25531195581897,6.76299363057325,5.51826815059445,5.654375,6.0466036036036,6.3721184789916,143
"142",2013,5,5.72727272727273,11,6.35714285714286,4.625,NA,5.25,6,7,4,0,4,7,1867,1106,761,160,670,1197,6.25220085163364,6.76042495479204,5.51357291721419,5.654375,6.04184776119403,6.3699423475355,144
"143",2013,6,6.6,15,6.54545454545455,6.75,6,7,6.57142857142857,11,4,1,1,14,1882,1117,765,161,671,1211,6.25497289585547,6.75830796777081,5.52003789542484,5.65652173913044,6.04327570789866,6.37227166804294,145
"144",2013,7,6.45,10,6.875,6.16666666666667,6,6.5,6.4375,4,6,2,2,8,1892,1121,771,163,673,1219,6.25600369450317,6.75872435325602,5.52507002594034,5.66073619631902,6.04463298662704,6.37269974569319,146
"145",2013,8,5.93333333333333,15,7.16666666666667,5.11111111111111,6,6.75,5.63636363636364,6,9,1,4,11,1907,1127,780,164,677,1230,6.25346564761405,6.76089618456078,5.52029357692308,5.66280487804878,6.04880059084195,6.36611462601626,147
"146",2013,9,5.90909090909091,11,6.42857142857143,5,NA,4.75,6.57142857142857,7,4,0,4,7,1918,1134,784,164,681,1237,6.25149061001043,6.75884479717813,5.51763901785714,5.66280487804878,6.0411718061674,6.3672764672595,148
"147",2013,10,6,9,7.5,5.57142857142857,6,5,6.125,2,7,4,1,8,1927,1136,791,168,682,1245,6.2503160300986,6.76014964788732,5.51811503160556,5.67083333333333,6.03964516129032,6.36571967068273,149
"148",2013,11,6.33333333333333,12,7,5.85714285714286,NA,6.33333333333333,6.33333333333333,5,7,0,3,9,1939,1141,798,168,685,1254,6.25082980402269,6.76120070113935,5.52108895989975,5.67083333333333,6.04093138686131,6.36548723285486,150
"149",2013,12,4.91666666666667,6,6.66666666666667,3.16666666666667,NA,NA,4.91666666666667,3,3,0,0,6,1945,1144,801,168,685,1260,6.24671413367609,6.7609527972028,5.51227089887641,5.67083333333333,6.04093138686131,6.35858808730159,151
"150",2014,1,6.27222222222222,18,6.62692307692308,5.35,6.25,5.5,6.36875,13,5,1,2,16,1963,1157,806,169,687,1276,6.24694803362201,6.75944684528954,5.51126425558313,5.67426035502959,6.03935662299854,6.35871550940439,152
"151",2014,2,7.03846153846154,13,7.27777777777778,6.5,5,7.83333333333333,6.8,9,4,1,3,10,1976,1166,810,170,690,1286,6.25215535931174,6.76344768439108,5.51614690123457,5.67029411764706,6.04715652173913,6.36214695956454,153
"152",2014,3,5.66,10,6.2,5.12,NA,6.5,5.1,5,5,0,4,6,1986,1171,815,170,694,1292,6.24917371097684,6.76104184457729,5.51371655214724,5.67029411764706,6.04976657060519,6.35628559597523,154
"153",2014,4,6.28571428571429,7,6.2,6.5,NA,NA,6.28571428571429,5,2,0,0,7,1993,1176,817,170,694,1299,6.24930205218264,6.75865646258504,5.51613095471236,5.67029411764706,6.04976657060519,6.35590530408006,155
"154",2014,5,5.72727272727273,11,6.5,5.28571428571429,NA,5,5.88888888888889,4,7,0,2,9,2004,1180,824,170,696,1308,6.24643662175649,6.75777966101695,5.5141735315534,5.67029411764706,6.04675,6.3526918883792,156
"155",2014,6,5.16666666666667,6,7,4.8,2,NA,5.16666666666667,1,5,1,0,6,2010,1181,829,171,696,1314,6.2432134278607,6.75798475867909,5.50986609167672,5.64883040935673,6.04675,6.34727624809741,157
"156",2014,7,5.75,10,6.42857142857143,4.16666666666667,NA,6.5,5.5625,7,3,0,2,8,2020,1188,832,171,698,1322,6.24077177722772,6.75604377104377,5.50502282451923,5.64883040935673,6.04804871060172,6.34252722390318,158
"157",2014,8,6.09090909090909,11,5.875,6.21428571428571,6.33333333333333,NA,6.09090909090909,4,7,3,0,11,2031,1192,839,174,698,1333,6.23996011324471,6.75308724832215,5.51094039332539,5.66063218390805,6.04804871060172,6.3404508552138,159
"158",2014,9,5.75,4,6.5,5,5,6,5.66666666666667,2,2,2,1,3,2035,1194,841,176,699,1336,6.23899704668305,6.75266331658292,5.50972531510107,5.653125,6.0479799713877,6.33893786676647,160
"159",2014,10,5.55,10,6.16666666666667,4.625,4.5,4.875,6,6,4,1,4,6,2045,1200,845,177,703,1342,6.23562786797066,6.74973333333333,5.50553726627219,5.64661016949153,6.04130583214794,6.33742249627422,161
"160",2014,11,5.92857142857143,7,7,5.125,6,4.25,6.6,3,4,1,2,5,2052,1203,849,178,705,1347,6.23458040448343,6.750357439734,5.50374439340401,5.64859550561798,6.03622411347518,6.3383971714922,162
"161",2014,12,5.83461538461538,13,6.46875,4.82,4.86666666666667,6.425,5.72727272727273,8,5,3,2,11,2065,1211,854,181,707,1358,6.23206246489104,6.74849710982659,5.49974120608899,5.63563535911602,6.03732390381895,6.33344697349043,163
"162",2015,1,6.13684210526316,19,6.125,6.14545454545455,5.66666666666667,7,6.08888888888889,8,11,3,1,18,2084,1219,865,184,708,1376,6.23119433301343,6.74440525020509,5.50795258959538,5.63614130434783,6.03868361581921,6.3302478125,164
"163",2015,2,6,9,6.42857142857143,4.5,5,6,6,7,2,1,2,7,2093,1226,867,185,710,1383,6.2302001863354,6.74260195758564,5.50562743944637,5.6327027027027,6.03857464788732,6.32857627621114,165
"164",2015,3,7.16666666666667,6,8,5.5,NA,9,6.8,4,2,0,1,5,2099,1230,869,185,711,1388,6.2328770795617,6.74669105691057,5.50561448791715,5.6327027027027,6.04273980309423,6.33027448847262,166
"165",2015,4,6.58333333333333,6,6.5,6.75,6,6.5,6.625,4,2,1,2,4,2105,1234,871,186,713,1392,6.23387600475059,6.74589141004862,5.50847185993112,5.63467741935484,6.04402244039271,6.33112140086207,167
"166",2015,5,6.32,10,7.025,3.5,NA,7.33333333333333,5.88571428571429,8,2,0,3,7,2115,1242,873,186,716,1399,6.23428321040189,6.74768921095008,5.50387054982818,5.63467741935484,6.04942458100559,6.32889277340958,168
"167",2015,6,5.53125,16,6.1875,4.875,4.33333333333333,3.66666666666667,5.96153846153846,8,8,3,3,13,2131,1250,881,189,719,1412,6.22900468793993,6.744104,5.49816003405222,5.61402116402116,6.0394826147427,6.32551061614731,169
"168",2015,7,6.36923076923077,13,6.5,6.25714285714286,NA,6,6.4,6,7,0,1,12,2144,1256,888,189,720,1424,6.22985493936567,6.74293789808917,5.50414300675676,5.61402116402116,6.03942777777778,6.32613833567416,170
"169",2015,8,5.40625,16,5.85,4.66666666666667,NA,5.5,5.38461538461539,10,6,0,3,13,2160,1266,894,189,723,1437,6.22375416203703,6.73588467614534,5.49852236017897,5.61402116402116,6.03718948824343,6.31762073068894,171
"170",2015,9,5.7,6,6.05,5,5,5.66666666666667,5.73333333333333,4,2,1,3,3,2166,1270,896,190,726,1440,6.22230331948292,6.73372440944882,5.49740958705357,5.61078947368421,6.03565840220386,6.31640346527778,172
"171",2015,10,7.76,5,7.9,7.66666666666667,6,NA,7.76,2,3,1,0,5,2171,1272,899,191,726,1445,6.2258447673883,6.73555817610063,5.50464848720801,5.61282722513089,6.03565840220386,6.32139860899654,173
"172",2015,11,5.62222222222222,9,6.25,5.12,4.5,NA,5.62222222222222,4,5,2,0,9,2180,1276,904,193,726,1454,6.22335274770642,6.73403605015674,5.50252100663717,5.60129533678757,6.03565840220386,6.31707083218707,174
"173",2015,12,5.80769230769231,13,6.125,5.3,5.5,5.66666666666667,5.85,8,5,1,3,10,2193,1284,909,194,729,1464,6.22088873233014,6.73024143302181,5.50140702970297,5.60077319587629,6.03413991769547,6.31388045765027,175
"174",2016,1,5.5,10,5.125,5.75,5.66666666666667,5.33333333333333,5.57142857142857,4,6,3,3,7,2203,1288,915,197,732,1471,6.21761642759873,6.72525621118012,5.50303714754099,5.60177664974619,6.03126775956284,6.31034737593474,176
"175",2016,2,5.90909090909091,11,6,5.66666666666667,NA,6,5.88888888888889,8,3,0,2,9,2214,1296,918,197,734,1480,6.21608355465221,6.72077932098766,5.50357188453159,5.60177664974619,6.0311825613079,6.3077844527027,177
"176",2016,3,5.2125,12,6.25,3.76,3,NA,5.2125,7,5,1,0,12,2226,1303,923,198,734,1492,6.21067340071878,6.71825019186493,5.49412674972915,5.58863636363636,6.0311825613079,6.29897519436997,178
"177",2016,4,6.75,12,6.9375,6.375,7.5,8,6.63636363636364,8,4,1,1,11,2238,1311,927,199,735,1503,6.21356523235031,6.7195881006865,5.49792771305286,5.59824120603015,6.0338612244898,6.30144443779108,179
"178",2016,5,5.41666666666667,6,6.83333333333333,4,NA,NA,5.41666666666667,3,3,0,0,6,2244,1314,930,199,735,1509,6.21143448752228,6.71984779299848,5.49309568817205,5.59824120603015,6.0338612244898,6.29792643472498,180
"179",2016,6,6.74375,16,7.54545454545455,4.98,NA,6.5,6.8,11,5,0,3,13,2260,1325,935,199,738,1522,6.21520309292035,6.72670188679245,5.49035186096257,5.59824120603015,6.03575609756098,6.30221484231275,181
"180",2016,7,6.98571428571429,7,7.54,5.6,NA,7.1,6.94,5,2,0,2,5,2267,1330,937,199,740,1527,6.21758226290251,6.72975939849624,5.4905859018143,5.59824120603015,6.03863243243243,6.30430320235756,182
"181",2016,8,7.42857142857143,7,7.5,7.33333333333333,NA,8,7.2,4,3,0,2,5,2274,1334,940,199,742,1532,6.22131002198768,6.73206896551724,5.4964670106383,5.59824120603015,6.04391913746631,6.30722649477807,183
"182",2016,9,6.29166666666667,12,6.5,4,NA,7,6.15,11,1,0,2,10,2286,1345,941,199,744,1542,6.22167934820647,6.73017100371747,5.4948767162593,5.59824120603015,6.04648924731183,6.30620686770428,184
"183",2016,10,6,10,6,6,6,NA,6,2,8,2,0,10,2296,1347,949,201,744,1552,6.22071384581881,6.7290868596882,5.4991348682824,5.60223880597015,6.04648924731183,6.30423388530928,185
"184",2016,11,6.77777777777778,9,8.16666666666667,4,NA,7,6.75,6,3,0,1,8,2305,1353,952,201,745,1560,6.22288893275488,6.73546193643755,5.49441070378152,5.60223880597015,6.04776912751678,6.30651986538462,186
"185",2016,12,5.6875,20,6.97727272727273,4.11111111111111,4,6.29166666666667,5.42857142857143,11,9,2,6,14,2325,1364,961,203,751,1574,6.21828343655914,6.73741202346041,5.48145576482831,5.58645320197044,6.04971770972037,6.29871092121982,187
"186",2017,1,6.36363636363636,11,7,5.6,9,8.5,5.88888888888889,6,5,1,2,9,2336,1370,966,204,753,1583,6.21896788955479,6.73856204379562,5.48206934782609,5.60318627450981,6.05622576361222,6.29638091598231,188
"187",2017,2,5.92857142857143,14,6.5,5.5,3,6,5.92307692307692,6,8,1,1,13,2350,1376,974,205,754,1596,6.21723786808511,6.73752180232558,5.48221662217659,5.59048780487805,6.05615119363395,6.29334021929825,189
"188",2017,3,6.30909090909091,11,6.75,6.05714285714286,4.5,7,6.24,4,7,2,1,10,2361,1380,981,207,755,1606,6.21766581533249,6.73755797101449,5.48631905198777,5.57995169082126,6.05740132450331,6.29300808841843,190
"189",2017,4,6.1875,8,6.6,5.5,NA,7.75,5.66666666666667,5,3,0,2,6,2369,1385,984,207,757,1612,6.217563946813,6.73706137184116,5.48636076219512,5.57995169082126,6.06187318361955,6.29067679280397,191
"190",2017,5,6.75,12,6.81818181818182,6,NA,7,6.72727272727273,11,1,0,1,11,2381,1396,985,207,758,1623,6.22024737085258,6.7377005730659,5.48688222335026,5.57995169082126,6.06311081794195,6.29363585335798,192
"191",2017,6,6.07272727272727,11,6.68571428571429,5,5,NA,6.07272727272727,7,4,1,0,11,2392,1403,989,208,758,1634,6.21956897575251,6.73744119743407,5.48491303336704,5.57716346153846,6.06311081794195,6.29214870869033,193
"192",2017,7,5.925,14,6.65,4.95833333333333,NA,6.15833333333333,5.75,8,6,0,6,8,2406,1411,995,208,764,1642,6.21785494181214,6.73694542877392,5.48173767839196,5.57716346153846,6.06385863874346,6.28950730207065,194
"193",2017,8,5.94444444444444,9,7.5,4.7,6,6,5.92857142857143,4,5,1,2,7,2415,1415,1000,209,766,1649,6.21683602070393,6.73910247349823,5.47782899,5.57918660287081,6.06369190600522,6.28797513038205,195
"194",2017,9,6.5,7,6.91666666666667,4,4,6.25,6.6,6,1,1,2,5,2422,1421,1001,210,768,1654,6.21765441370768,6.73985221674877,5.47635263736264,5.57166666666667,6.06417708333333,6.28891837363966,196
"195",2017,10,5.25,16,6.33333333333333,3.85714285714286,4,NA,5.25,9,7,5,0,16,2438,1430,1008,215,768,1670,6.21130393355209,6.73729370629371,5.465108125,5.53511627906977,6.06417708333333,6.27896466467066,197
"196",2017,11,6.42857142857143,14,6.90909090909091,4.66666666666667,5,7.33333333333333,6.18181818181818,11,3,1,3,11,2452,1441,1011,216,771,1681,6.21254444942904,6.73860513532269,5.46273886251237,5.53263888888889,6.06911543450065,6.27832896490184,198
"197",2017,12,6.75,8,8.5,5,5,7.33333333333333,6.4,4,4,2,3,5,2460,1445,1015,218,774,1686,6.21429227235772,6.74348096885813,5.46091526108375,5.52775229357798,6.07401550387597,6.27868979240807,199
"198",2018,1,6.15,20,6.86363636363636,5.27777777777778,6,6,6.23076923076923,11,9,1,7,13,2480,1456,1024,219,781,1699,6.21377378629032,6.74438873626374,5.45930565429688,5.52990867579909,6.07335211267606,6.27832312536786,200
"199",2018,2,4.64285714285714,7,6.75,3.8,5,3,5.3,2,5,1,2,5,2487,1458,1029,220,783,1704,6.20935222758343,6.74439643347051,5.45124294460642,5.5275,6.06550191570881,6.27545245892019,201
"200",2018,3,6.2,10,7.5,5.33333333333333,4,8.5,5.625,4,6,1,2,8,2497,1462,1035,221,785,1712,6.20931477372847,6.74646374829002,5.45055941062802,5.52058823529412,6.07170445859873,6.2724129614486,202
"201",2018,4,5.83333333333333,6,6.25,5,NA,NA,5.83333333333333,4,2,0,0,6,2503,1466,1037,221,785,1718,6.20841349980024,6.74510914051842,5.44969044358727,5.52058823529412,6.07170445859873,6.27087950523865,203
"202",2018,5,5.90909090909091,11,6.14285714285714,5.5,4,NA,5.90909090909091,7,4,1,0,11,2514,1473,1041,222,785,1729,6.20710381463803,6.74224711473184,5.44988375600384,5.51373873873874,6.07170445859873,6.26857778484673,204
"203",2018,6,6.16666666666667,6,5.75,7,NA,NA,6.16666666666667,4,2,0,0,6,2520,1477,1043,222,785,1735,6.20700753571429,6.73955991875423,5.45285617449665,5.51373873873874,6.07170445859873,6.26822535446686,205
"204",2018,7,5.2,9,6.16,4,NA,4.25,5.47142857142857,5,4,0,2,7,2529,1482,1047,222,787,1742,6.20342387900356,6.73760458839406,5.44730562559694,5.51373873873874,6.0670749682338,6.2650235304248,206
"205",2018,8,6.09090909090909,11,7,5.75,7.5,5.75,6.28571428571429,3,8,2,4,7,2540,1485,1055,224,791,1749,6.20293661023622,6.73813468013468,5.44960093838863,5.53147321428572,6.06547155499368,6.26510634076615,207
"206",2018,9,6.11111111111111,9,6.85714285714286,3.5,NA,7,6,7,2,0,1,8,2549,1492,1057,224,792,1757,6.20261239309533,6.73869302949062,5.44591200567644,5.53147321428572,6.06665151515152,6.26389925441093,208
"207",2018,10,5.75,4,7.5,4,NA,6,5.5,2,2,0,2,2,2553,1494,1059,224,794,1759,6.2019032471602,6.73971218206158,5.44318129367328,5.53147321428572,6.06648362720403,6.2630306935759,209
"208",2018,11,7.08333333333333,6,7.5,6.875,8,6.25,7.5,2,4,1,2,4,2559,1496,1063,225,796,1763,6.20396990621336,6.74072860962567,5.44856913452493,5.54244444444445,6.06694472361809,6.26583720363018,210
"209",2018,12,5.375,8,5.28571428571429,6,NA,5.66666666666667,5.2,7,1,0,3,5,2567,1503,1064,225,799,1768,6.20138643942345,6.73395209580838,5.44908739661654,5.54244444444445,6.06544180225282,6.2628229581448,211
"210",2019,1,6.27777777777778,9,6.1,6.5,5.5,6.08333333333333,6.66666666666667,5,4,2,6,3,2576,1508,1068,227,805,1771,6.20165333462733,6.731850132626,5.45302339887641,5.5420704845815,6.0655751552795,6.2635070525127,212
"211",2019,2,6.4,10,6.92857142857143,5.16666666666667,5.16666666666667,7.16666666666667,6.07142857142857,7,3,3,3,7,2586,1515,1071,230,808,1778,6.20242033642691,6.73275907590759,5.45222127917834,5.53717391304348,6.06966336633663,6.26275083802025,213
"212",2019,3,6.45454545454545,11,8.2,5,4,5.75,6.85714285714286,5,6,2,4,7,2597,1520,1077,232,812,1785,6.20348825182903,6.73758552631579,5.44970194057568,5.5239224137931,6.06808866995074,6.26508178711485,214
"213",2019,4,7.8,5,7.8,NA,NA,NA,7.8,5,0,0,0,5,2602,1525,1077,232,812,1790,6.20655610684089,6.74106885245902,5.44970194057568,5.5239224137931,6.06808866995074,6.26936926815642,215
"214",2019,5,6,5,7.5,5,NA,5,6.25,2,3,0,1,4,2607,1527,1080,232,813,1794,6.20615995013425,6.74206286836935,5.44845276851852,5.5239224137931,6.06677490774908,6.26932608138238,216
"215",2019,6,7,4,6.5,7.5,8,NA,7,2,2,1,0,4,2611,1529,1082,233,813,1798,6.20737609728073,6.74174623937214,5.45224490757856,5.53454935622318,6.06677490774908,6.27095160734149,217
"216",2019,7,6.325,8,6.5,5.8,NA,7,6.22857142857143,6,2,0,1,7,2619,1535,1084,233,814,1805,6.20773539137075,6.7408013029316,5.45288652214022,5.53454935622318,6.06792137592138,6.27078725207756,218
"217",2019,8,6,9,6.33333333333333,5.83333333333333,5,6,6,3,6,1,1,8,2628,1538,1090,234,815,1813,6.20702396879756,6.74000650195059,5.45498072477064,5.53226495726496,6.06783803680982,6.26959238279095,219
"218",2019,9,6.65,10,8.1,5.2,5,10,6.27777777777778,5,5,1,1,9,2638,1543,1095,235,816,1822,6.20870318043973,6.74441348023331,5.45381642922375,5.53,6.0726568627451,6.26963281558727,220
"219",2019,10,6.7125,8,7.14285714285714,3.7,NA,6.33333333333333,6.94,7,1,0,3,5,2646,1550,1096,235,819,1827,6.21022637566137,6.74621290322581,5.45221623175183,5.53,6.07361172161172,6.27146742747674,221
"220",2019,11,5.77777777777778,9,7,4.25,NA,5,6,5,4,0,2,7,2655,1555,1100,235,821,1834,6.20876044821092,6.74702893890675,5.44784453636364,5.53,6.07099634591961,6.27043129225736,222
"221",2019,12,4.75,7,5.8125,3.33333333333333,4,4,4.875,4,3,1,1,6,2662,1559,1103,236,822,1840,6.20492448910593,6.74463117382938,5.44209337262013,5.52351694915254,6.06847688564477,6.26588097282609,223
"222",2020,1,6.51428571428571,14,6.30833333333333,7.75,NA,5.83333333333333,6.7,12,2,0,3,11,2676,1571,1105,236,825,1851,6.20654297085202,6.74129853596436,5.44627057918552,5.52351694915254,6.06762181818182,6.26846082658023,224
"223",2020,2,5.5,6,5.25,6,6,8,5,4,2,2,1,5,2682,1575,1107,238,826,1856,6.2049623378076,6.73751111111111,5.4472709936766,5.52752100840336,6.0699612590799,6.26504363685345,225
"224",2020,3,9.5,1,9.5,NA,NA,9.5,NA,1,0,0,1,0,2683,1576,1107,238,827,1856,6.20619045471487,6.73926395939086,5.4472709936766,5.52752100840336,6.07410882708585,6.26504363685345,226
"225",2020,4,5.51111111111111,9,5.5,5.53333333333333,4.8,6,5.37142857142857,6,3,2,2,7,2692,1582,1110,240,829,1863,6.20386663818722,6.73456384323641,5.4475035945946,5.52145833333333,6.07393003618818,6.26168598497048,227
"226",2020,5,5.775,8,6.04,5.33333333333333,5.5,6.4,5.4,5,3,2,3,5,2700,1587,1113,242,832,1868,6.20259592222222,6.73237555135476,5.44719585804133,5.52128099173554,6.07510576923077,6.25937954496788,228
"227",2020,6,5.5,4,6,5,5,5,6,2,2,1,2,2,2704,1589,1115,243,834,1870,6.20155657914201,6.73145374449339,5.44639371300449,5.51913580246914,6.07252757793765,6.25910213368984,229
"228",2020,7,6.75,8,7.16666666666667,5.5,5,9,6,6,2,1,2,6,2712,1595,1117,244,836,1876,6.20317440634218,6.73309090909091,5.44648969561325,5.51700819672131,6.07953110047847,6.25827344882729,230
"229",2020,8,6,3,6,NA,NA,NA,6,3,0,0,0,3,2715,1598,1117,244,836,1879,6.20294990423573,6.73171464330413,5.44648969561325,5.51700819672131,6.07953110047847,6.25786109100585,231
"230",2020,9,6,7,6.5,3,3,6,6,6,1,1,1,6,2722,1604,1118,245,837,1885,6.2024279904482,6.73084788029925,5.44430142218247,5.50673469387755,6.07943608124253,6.25704031299735,232
"231",2020,10,5.96666666666667,6,4.4,6.75,NA,NA,5.96666666666667,2,4,0,0,6,2728,1606,1122,245,837,1891,6.20190945381231,6.72794520547945,5.44895631907309,5.50673469387755,6.07943608124253,6.25611897937599,233
"232",2020,11,6.57692307692308,13,7.0625,5.8,9.5,8.625,5.66666666666667,8,5,2,4,9,2741,1614,1127,247,841,1900,6.20368806639912,6.72960346964065,5.4505137444543,5.53906882591093,6.09154340071344,6.25332683684211,234
"233",2020,12,6.42,5,6.775,5,NA,NA,6.42,4,1,0,0,5,2746,1618,1128,247,841,1905,6.20408193372177,6.72971569839308,5.45011435283688,5.53906882591093,6.09154340071344,6.2537642992126,235
"234",2021,1,6.1,5,7,5.5,NA,NA,6.1,2,3,0,0,5,2751,1620,1131,247,841,1910,6.20389276263177,6.73004938271605,5.4502466755084,5.53906882591093,6.09154340071344,6.25336177486911,236
"235",2021,2,6.33333333333333,6,6.125,6.75,6.5,NA,6.33333333333333,4,2,1,0,6,2757,1624,1133,248,841,1916,6.20417446137105,6.72855911330049,5.45254103265667,5.5429435483871,6.09154340071344,6.25361220772443,237
"236",2021,3,7.8,5,9.66666666666667,5,NA,10,7.25,3,2,0,1,4,2762,1627,1135,248,842,1920,6.20706335626357,6.7339766441303,5.45174360352423,5.5429435483871,6.09618527315915,6.255688015625,238
"237",2021,4,8.6,5,8.6,NA,NA,NA,8.6,5,0,0,0,5,2767,1632,1135,248,842,1925,6.211387419588,6.73969362745098,5.45174360352423,5.5429435483871,6.09618527315915,6.26177713766234,239
"238",2021,5,6.125,4,6.75,5.5,6,5.75,6.5,2,2,1,2,2,2771,1634,1137,249,844,1927,6.21126271743053,6.73970624235006,5.45182848724714,5.54477911646586,6.09536492890995,6.26202438505449,240
"239",2021,6,6.925,4,6.83333333333333,7.2,NA,9,6.23333333333333,3,1,0,1,3,2775,1637,1138,249,845,1930,6.21229152792793,6.73987782529017,5.45336466608084,5.54477911646586,6.09880236686391,6.26197978756477,241
"240",2021,7,7.1,10,6.75,7.33333333333333,5,10,6.77777777777778,4,6,1,1,9,2785,1641,1144,250,846,1939,6.21547899102334,6.73990249847654,5.46322464160839,5.5426,6.10341371158392,6.26437389891697,242
"241",2021,8,5.7,10,6.3,5.1,6,4,6.125,5,5,1,2,8,2795,1646,1149,251,848,1947,6.21363470125223,6.73856622114216,5.46164402959095,5.54442231075697,6.09845283018868,6.26380122752953,243
"242",2021,9,7.71428571428571,7,7.6,8,NA,8,7.66666666666667,5,2,0,1,6,2802,1651,1151,251,849,1953,6.21738365096359,6.74117504542702,5.46605472632494,5.54442231075697,6.1006925795053,6.26811110599078,244
"243",2021,10,6.7,5,7.25,6.33333333333333,7,6,6.875,2,3,1,1,4,2807,1653,1154,252,850,1957,6.21824331670823,6.74179068360557,5.46830935008666,5.55019841269841,6.10057411764706,6.26935155339806,245
"244",2021,11,5.5,3,7,2.5,NA,5.25,6,2,1,0,2,1,2810,1655,1155,252,852,1958,6.21747650889679,6.74210271903323,5.46573938528139,5.55019841269841,6.09857746478873,6.26921398876405,246
"245",2021,12,6,6,7.33333333333333,4.66666666666667,2,NA,6,3,3,1,0,6,2816,1658,1158,253,852,1964,6.21701313565341,6.74317249698432,5.46366924870466,5.53616600790514,6.09857746478873,6.26839154276986,247
"246",2022,1,5.85714285714286,7,5.5,6,5,5,6,2,5,1,1,6,2823,1660,1163,254,853,1970,6.21612078993978,6.74167469879518,5.46597505588994,5.53405511811024,6.09728956623681,6.26757410659899,248
"247",2022,2,6.5625,8,6.78571428571429,5,NA,6,6.64285714285714,7,1,0,1,7,2831,1667,1164,254,854,1977,6.2170996079124,6.74185962807439,5.46557473367698,5.53405511811024,6.0971756440281,6.26890287809813,249
"248",2022,3,7,1,7,NA,NA,NA,7,1,0,0,0,1,2832,1668,1164,254,854,1978,6.21737605579096,6.74201438848921,5.46557473367698,5.53405511811024,6.0971756440281,6.26927249241658,250
"249",2022,4,4.75,2,NA,4.75,NA,NA,4.75,0,2,0,0,2,2834,1668,1166,254,854,1980,6.21634050458715,6.74201438848921,5.46434733276158,5.53405511811024,6.0971756440281,6.26773787373737,251
"250",2022,5,7.11111111111111,9,7.125,7,NA,6.66666666666667,7.33333333333333,8,1,0,3,6,2843,1676,1167,254,857,1986,6.21917305311291,6.74384248210024,5.46566323050557,5.53405511811024,6.09916919486581,6.27095719536757,252
"251",2022,6,6.53,8,6.87333333333333,5.5,7.74,NA,6.53,6,2,1,0,8,2851,1682,1169,255,857,1994,6.22004524377411,6.74430439952438,5.4657219760479,5.54270588235294,6.09916919486581,6.27199648445336,253
"252",2022,7,6.32,9,6.485,5,5,6,6.48,8,1,1,3,6,2860,1690,1170,256,860,2000,6.22035978671328,6.74307692307692,5.46532392307692,5.5405859375,6.09882325581395,6.272620495,254
"253",2022,8,6.75,10,7.6,5.9,6.5,7.25,6.41666666666667,5,5,2,4,6,2870,1695,1175,258,864,2006,6.22220522299651,6.74560471976401,5.46717360851064,5.54802325581395,6.10415277777778,6.27305134097707,255
"254",2022,9,3.625,4,6,2.83333333333333,NA,5,2.25,1,3,0,2,2,2874,1696,1178,258,866,2008,6.21859046276966,6.74516509433962,5.46046603565365,5.54802325581395,6.10160277136259,6.26904431772908,256
"255",2022,10,6,6,6.5,5.75,6.33333333333333,6,6,2,4,3,1,5,2880,1698,1182,261,867,2013,6.21813506597222,6.74487632508834,5.46144584602369,5.55704980842912,6.10148558246828,6.26837605067064,257
"256",2022,11,7,6,7.33333333333333,6.66666666666667,NA,10,6.4,3,3,0,1,5,2886,1701,1185,261,868,2018,6.21976056479556,6.74591416813639,5.46449703797468,5.55704980842912,6.10597695852535,6.26870217542121,258
"257",2022,12,6.125,8,6.3,5.83333333333333,NA,7.75,5.58333333333333,5,3,0,2,6,2894,1706,1188,261,870,2024,6.21949861437457,6.74460726846424,5.46542844276094,5.55704980842912,6.10975632183908,6.26667044960474,259
