"","year","month","avg_rating","no_ratings","avg_rating_owned","avg_rating_not_owned","avg_rating_prev_owned","avg_rating_comment","avg_rating_no_comment","no_ratings_owned","no_ratings_not_owned","no_ratings_prev_owned","no_ratings_comment","no_ratings_no_comment","cum_no_ratings","cum_no_ratings_owned","cum_no_ratings_not_owned","cum_no_ratings_prev_owned","cum_no_ratings_comment","cum_no_ratings_no_comment","cum_avg_rating","cum_avg_rating_owned","cum_avg_rating_not_owned","cum_avg_rating_prev_owned","cum_avg_rating_comment","cum_avg_rating_no_comment","month_after_release"
"1",2001,5,9,1,NA,9,NA,9,NA,0,1,0,1,0,1,0,1,0,1,0,9,NA,9,NA,9,NA,0
"2",2001,6,5,3,5,NA,NA,NA,5,3,0,0,0,3,4,3,1,0,1,3,6,5,9,NA,9,5,1
"3",2001,7,8,3,8,8,NA,10,7,2,1,0,1,2,7,5,2,0,2,5,6.85714285714286,6.2,8.5,NA,9.5,5.8,2
"4",2001,8,5.8,5,7,4,NA,8,5.25,3,2,0,1,4,12,8,4,0,3,9,6.41666666666667,6.5,6.25,NA,9,5.55555555555556,3
"5",2001,9,6.57142857142857,7,7.16666666666667,3,NA,6.33333333333333,6.75,6,1,0,3,4,19,14,5,0,6,13,6.47368421052632,6.78571428571429,5.6,NA,7.66666666666667,5.92307692307692,4
"6",2001,10,7.4,5,8.75,2,NA,2,8.75,4,1,0,1,4,24,18,6,0,7,17,6.66666666666667,7.22222222222222,5,NA,6.85714285714286,6.58823529411765,5
"7",2001,11,7.5,4,8,6,NA,6,8,3,1,0,1,3,28,21,7,0,8,20,6.78571428571429,7.33333333333333,5.14285714285714,NA,6.75,6.8,6
"8",2001,12,6.6,5,7,6,NA,9,5,3,2,0,2,3,33,24,9,0,10,23,6.75757575757576,7.29166666666667,5.33333333333333,NA,7.2,6.56521739130435,7
"9",2002,1,6.33333333333333,6,6.8,4,NA,7.66666666666667,5,5,1,0,3,3,39,29,10,0,13,26,6.69230769230769,7.20689655172414,5.2,NA,7.30769230769231,6.38461538461539,8
"10",2002,2,8,3,8,8,NA,NA,8,2,1,0,0,3,42,31,11,0,13,29,6.78571428571429,7.25806451612903,5.45454545454545,NA,7.30769230769231,6.55172413793103,9
"11",2002,3,7.75,4,7.75,NA,NA,10,7,4,0,0,1,3,46,35,11,0,14,32,6.8695652173913,7.31428571428571,5.45454545454545,NA,7.5,6.59375,10
"12",2002,4,10,1,10,NA,NA,10,NA,1,0,0,1,0,47,36,11,0,15,32,6.93617021276596,7.38888888888889,5.45454545454545,NA,7.66666666666667,6.59375,11
"13",2002,5,6.625,4,8,5.25,NA,8.25,5,2,2,0,2,2,51,38,13,0,17,34,6.91176470588235,7.42105263157895,5.42307692307692,NA,7.73529411764706,6.5,12
"14",2002,6,7.25,4,7.25,NA,NA,9,6.66666666666667,4,0,0,1,3,55,42,13,0,18,37,6.93636363636364,7.40476190476191,5.42307692307692,NA,7.80555555555556,6.51351351351351,13
"15",2002,7,4.33333333333333,3,5,3,NA,NA,4.33333333333333,2,1,0,0,3,58,44,14,0,18,40,6.80172413793103,7.29545454545455,5.25,NA,7.80555555555556,6.35,14
"16",2002,8,5.91666666666667,12,6.83333333333333,5,NA,6.5,5.33333333333333,6,6,0,6,6,70,50,20,0,24,46,6.65,7.24,5.175,NA,7.47916666666667,6.21739130434783,15
"17",2002,9,6.4,5,6.75,5,NA,7,6,4,1,0,2,3,75,54,21,0,26,49,6.63333333333333,7.2037037037037,5.16666666666667,NA,7.44230769230769,6.20408163265306,16
"18",2002,10,6.66666666666667,6,7.66666666666667,5.66666666666667,NA,6,8,3,3,0,4,2,81,57,24,0,30,51,6.6358024691358,7.2280701754386,5.22916666666667,NA,7.25,6.27450980392157,17
"19",2002,11,7.88888888888889,9,7.88888888888889,NA,NA,7.66666666666667,8,9,0,0,3,6,90,66,24,0,33,57,6.76111111111111,7.31818181818182,5.22916666666667,NA,7.28787878787879,6.45614035087719,18
"20",2002,12,6.625,12,7.25,5.375,NA,6,6.75,8,4,0,2,10,102,74,28,0,35,67,6.74509803921569,7.31081081081081,5.25,NA,7.21428571428571,6.5,19
"21",2003,1,6.13333333333333,15,6.63636363636364,4.75,6,6.5,6,11,4,2,4,11,117,85,32,2,39,78,6.66666666666667,7.22352941176471,5.1875,6,7.14102564102564,6.42948717948718,20
"22",2003,2,7.32692307692308,13,7.11363636363636,8.5,NA,8.0625,7,11,2,0,4,9,130,96,34,2,43,87,6.73269230769231,7.2109375,5.38235294117647,6,7.22674418604651,6.48850574712644,21
"23",2003,3,7.14285714285714,7,6,8.66666666666667,9.5,8,6.8,4,3,2,2,5,137,100,37,4,45,92,6.7536496350365,7.1625,5.64864864864865,7.75,7.26111111111111,6.5054347826087,22
"24",2003,4,6.90909090909091,11,8,6,NA,5.66666666666667,7.375,5,6,0,3,8,148,105,43,4,48,100,6.7652027027027,7.20238095238095,5.69767441860465,7.75,7.16145833333333,6.575,23
"25",2003,5,6.125,4,5.25,7,NA,NA,6.125,2,2,0,0,4,152,107,45,4,48,104,6.74835526315789,7.16588785046729,5.75555555555556,7.75,7.16145833333333,6.55769230769231,24
"26",2003,6,7.77777777777778,9,8.21428571428571,6.25,NA,8.2,7.25,7,2,0,5,4,161,114,47,4,53,108,6.80590062111801,7.23026315789474,5.77659574468085,7.75,7.25943396226415,6.58333333333333,25
"27",2003,7,6.171875,32,6.45454545454545,5.55,3,6.11111111111111,6.19565217391304,22,10,1,9,23,193,136,57,5,62,131,6.70077720207254,7.10477941176471,5.73684210526316,6.8,7.09274193548387,6.51526717557252,26
"28",2003,8,6.86842105263158,19,6.9,6.83333333333333,NA,6.2,7.10714285714286,10,9,0,5,14,212,146,66,5,67,145,6.71580188679245,7.09075342465753,5.88636363636364,6.8,7.02611940298507,6.57241379310345,27
"29",2003,9,6.42857142857143,14,7.78571428571429,5.07142857142857,NA,5.85714285714286,7,7,7,0,7,7,226,153,73,5,74,152,6.69800884955752,7.12254901960784,5.80821917808219,6.8,6.91554054054054,6.59210526315789,28
"30",2003,10,7.58333333333333,12,7.63636363636364,7,7,9,7.11111111111111,11,1,1,3,9,238,164,74,6,77,161,6.74264705882353,7.15701219512195,5.82432432432432,6.83333333333333,6.99675324675325,6.62111801242236,29
"31",2003,11,4.16666666666667,6,6,3.8,NA,3.66666666666667,4.66666666666667,1,5,0,3,3,244,165,79,6,80,164,6.67930327868852,7.15,5.69620253164557,6.83333333333333,6.871875,6.58536585365854,30
"32",2003,12,5.22222222222222,9,6.5,4.2,3,5.28571428571429,5,4,5,1,7,2,253,169,84,7,87,166,6.62747035573123,7.13461538461539,5.60714285714286,6.28571428571429,6.74425287356322,6.56626506024096,31
"33",2004,1,6.2,20,6.57142857142857,5.33333333333333,NA,6.88888888888889,5.63636363636364,14,6,0,9,11,273,183,90,7,96,177,6.59615384615385,7.09153005464481,5.58888888888889,6.28571428571429,6.7578125,6.50847457627119,32
"34",2004,2,6.5,16,7,5,NA,6.5,6.5,12,4,0,6,10,289,195,94,7,102,187,6.59083044982699,7.08589743589744,5.56382978723404,6.28571428571429,6.74264705882353,6.50802139037433,33
"35",2004,3,6.14166666666667,12,6.51818181818182,2,NA,5.54,6.57142857142857,11,1,0,5,7,301,206,95,7,107,194,6.57292358803987,7.05558252427184,5.52631578947368,6.28571428571429,6.68644859813084,6.51030927835052,34
"36",2004,4,6.54166666666667,12,6.86363636363636,3,NA,6.6,6.5,11,1,0,5,7,313,217,96,7,112,201,6.57172523961661,7.04585253456221,5.5,6.28571428571429,6.68258928571429,6.50995024875622,35
"37",2004,5,7.875,4,8.33333333333333,6.5,NA,9,6.75,3,1,0,2,2,317,220,97,7,114,203,6.58817034700315,7.06340909090909,5.51030927835052,6.28571428571429,6.72324561403509,6.51231527093596,36
"38",2004,6,7.35,10,7.92857142857143,6,NA,8.875,6.33333333333333,7,3,0,4,6,327,227,100,7,118,209,6.61146788990826,7.09008810572687,5.525,6.28571428571429,6.79618644067797,6.50717703349282,37
"39",2004,7,6.47058823529412,17,7.75,5.33333333333333,6,4,7.5,8,9,1,5,12,344,235,109,8,123,221,6.60450581395349,7.11255319148936,5.50917431192661,6.25,6.68252032520325,6.56108597285068,38
"40",2004,8,6.44166666666667,12,6.55555555555556,6.1,6.8,6.5,6.38333333333333,9,3,1,6,6,356,244,112,9,129,227,6.59901685393258,7.09200819672131,5.525,6.31111111111111,6.67403100775194,6.55638766519824,39
"41",2004,9,6.53571428571429,14,6.95,5.5,NA,6.07142857142857,7,10,4,0,7,7,370,254,116,9,136,234,6.59662162162162,7.08641732283465,5.52413793103448,6.31111111111111,6.64301470588235,6.56965811965812,40
"42",2004,10,6.19230769230769,26,7.41176470588235,3.88888888888889,NA,6.83333333333333,5.64285714285714,17,9,0,12,14,396,271,125,9,148,248,6.57007575757576,7.10682656826568,5.4064,6.31111111111111,6.65844594594595,6.51733870967742,41
"43",2004,11,5.69230769230769,13,6.83333333333333,4.71428571428571,2,5,6.8,6,7,1,8,5,409,277,132,10,156,253,6.5421760391198,7.10090252707581,5.36969696969697,5.88,6.57339743589744,6.52292490118577,42
"44",2004,12,6.78571428571429,14,6.4,7.75,NA,5.4,7.55555555555556,10,4,0,5,9,423,287,136,10,161,262,6.55023640661939,7.07648083623693,5.43970588235294,5.88,6.53695652173913,6.55839694656489,43
"45",2005,1,6.421875,32,6.86111111111111,5.85714285714286,NA,6.53125,6.3125,18,14,0,16,16,455,305,150,10,177,278,6.54120879120879,7.06377049180328,5.47866666666667,5.88,6.5364406779661,6.54424460431655,44
"46",2005,2,5,24,5.8,4.42857142857143,3.5,4.64285714285714,5.5,10,14,2,14,10,479,315,164,12,191,288,6.46398747390397,7.02365079365079,5.3890243902439,5.48333333333333,6.39764397905759,6.50798611111111,45
"47",2005,3,5.67272727272727,22,6.9,4.2,NA,4.94166666666667,6.55,12,10,0,12,10,501,327,174,12,203,298,6.42924151696607,7.01911314984709,5.32068965517241,5.48333333333333,6.3115763546798,6.50939597315436,46
"48",2005,4,6.796875,16,6.9375,6.375,NA,6.36111111111111,7.35714285714286,12,4,0,9,7,517,339,178,12,212,305,6.44061895551257,7.01622418879056,5.34438202247191,5.48333333333333,6.31367924528302,6.52885245901639,47
"49",2005,5,6.33333333333333,15,6.55,5.9,8,6.25,6.38888888888889,10,5,1,6,9,532,349,183,13,218,314,6.43759398496241,7.00286532951289,5.35956284153005,5.67692307692308,6.31192660550459,6.52484076433121,48
"50",2005,6,5.33333333333333,12,5.66666666666667,4.33333333333333,NA,5.28571428571429,5.4,9,3,0,7,5,544,358,186,13,225,319,6.41323529411765,6.96927374301676,5.34301075268817,5.67692307692308,6.28,6.50721003134796,49
"51",2005,7,6.48148148148148,27,7.11111111111111,5.22222222222222,5.5,6.43333333333333,6.54166666666667,18,9,2,15,12,571,376,195,15,240,331,6.41646234676007,6.97606382978723,5.3374358974359,5.65333333333333,6.28958333333333,6.50845921450151,50
"52",2005,8,6.23684210526316,19,6.40909090909091,6,7.25,5.65909090909091,7.03125,11,8,3,11,8,590,387,203,18,251,339,6.4106779661017,6.95994832041344,5.36354679802956,5.91944444444444,6.26195219123506,6.52079646017699,51
"53",2005,9,6.95384615384615,26,7.47368421052632,5.54285714285714,9,6.96428571428571,6.94166666666667,19,7,1,14,12,616,406,210,19,265,351,6.4336038961039,6.98399014778325,5.36952380952381,6.08157894736842,6.29905660377359,6.53518518518519,52
"54",2005,10,6.16470588235294,17,6.4,5.6,7,6.44444444444444,5.85,12,5,1,9,8,633,418,215,20,274,359,6.42638230647709,6.96722488038278,5.37488372093023,6.1275,6.30383211678832,6.51991643454039,53
"55",2005,11,6.5625,24,6.90625,5.875,5.5,6.35,6.71428571428571,16,8,2,10,14,657,434,223,22,284,373,6.43135464231355,6.96497695852535,5.39282511210762,6.07045454545454,6.30545774647887,6.52721179624665,54
"56",2005,12,6.37083333333333,24,6.80625,5.5,NA,6.84285714285714,6.17647058823529,16,8,0,7,17,681,450,231,22,291,390,6.42922173274596,6.95933333333333,5.39653679653679,6.07045454545454,6.31838487972509,6.51192307692308,55
"57",2006,1,6.93103448275862,29,7.44444444444444,6.09090909090909,7,6.67857142857143,7.16666666666667,18,11,1,14,15,710,468,242,23,305,405,6.44971830985916,6.97799145299145,5.42809917355372,6.11086956521739,6.33491803278689,6.53617283950617,56
"58",2006,2,6.925,20,7.02941176470588,6.33333333333333,NA,6.85714285714286,6.96153846153846,17,3,0,7,13,730,485,245,23,312,418,6.4627397260274,6.97979381443299,5.43918367346939,6.11086956521739,6.34663461538462,6.5494019138756,57
"59",2006,3,6.88095238095238,21,7.32352941176471,5,6,8.08333333333333,6.4,17,4,1,6,15,751,502,249,24,318,433,6.47443408788282,6.99143426294821,5.43212851405622,6.10625,6.37940251572327,6.54422632794457,58
"60",2006,4,6.57894736842105,19,7.25,5.42857142857143,NA,5.92857142857143,6.95833333333333,12,7,0,7,12,770,514,256,24,325,445,6.47701298701299,6.99747081712062,5.43203125,6.10625,6.36969230769231,6.55539325842697,59
"61",2006,5,6.69047619047619,21,7.375,5.77777777777778,5,6.3,7.04545454545455,12,9,1,10,11,791,526,265,25,335,456,6.4826801517067,7.00608365019011,5.44377358490566,6.062,6.36761194029851,6.5672149122807,60
"62",2006,6,6.56818181818182,22,7.02631578947368,3.66666666666667,3,6.45,6.66666666666667,19,3,1,10,12,813,545,268,26,345,468,6.4849938499385,7.00678899082569,5.42388059701492,5.94423076923077,6.37,6.56976495726496,61
"63",2006,7,7.208,25,7.98125,5.83333333333333,7,7.38888888888889,7.10625,16,9,1,9,16,838,561,277,27,354,484,6.50656324582339,7.03458110516934,5.43718411552346,5.98333333333333,6.39590395480226,6.5875,62
"64",2006,8,6.9,15,7.34615384615385,4,NA,6.55555555555556,7.41666666666667,13,2,0,9,6,853,574,279,27,363,490,6.51348182883939,7.04163763066202,5.42688172043011,5.98333333333333,6.39986225895317,6.59765306122449,63
"65",2006,9,6.03333333333333,15,6.40909090909091,5,NA,5.1875,7,11,4,0,8,7,868,585,283,27,371,497,6.50518433179723,7.02974358974359,5.4208480565371,5.98333333333333,6.37371967654987,6.6033199195171,64
"66",2006,10,6.24814814814815,27,7.23529411764706,4.57,NA,5.66666666666667,6.53888888888889,17,10,0,9,18,895,602,293,27,380,515,6.49743016759777,7.03554817275747,5.39180887372014,5.98333333333333,6.35697368421053,6.60106796116505,65
"67",2006,11,6.67647058823529,17,7.375,5,NA,7.9375,5.55555555555556,12,5,0,8,9,912,614,298,27,388,524,6.50076754385965,7.04218241042345,5.38523489932886,5.98333333333333,6.3895618556701,6.5831106870229,66
"68",2006,12,6.16896551724138,29,6.49444444444444,5.63636363636364,8,5.5,6.42380952380952,18,11,1,8,21,941,632,309,28,396,545,6.49054197662062,7.02658227848101,5.39417475728155,6.05535714285714,6.37159090909091,6.57697247706422,67
"69",2007,1,6.52857142857143,42,6.79677419354839,5.77272727272727,9,6,6.76551724137931,31,11,1,13,29,983,663,320,29,409,574,6.49216683621567,7.0158371040724,5.4071875,6.15689655172414,6.35977995110024,6.58649825783972,68
"70",2007,2,5.76743566666667,30,6.19444444444444,5.1269225,7,5.1875,5.97832136363636,18,12,1,8,22,1013,681,332,30,417,596,6.47070391905232,6.99412628487518,5.39705743975904,6.185,6.33729016786571,6.56404877516779,69
"71",2007,3,6.65909090909091,22,7.125,6.1,3,6.07142857142857,6.93333333333333,12,10,1,7,15,1035,693,342,31,424,611,6.47470828019324,6.9963924963925,5.41761131578947,6.08225806451613,6.33290094339623,6.57311468085106,70
"72",2007,4,7.16666666666667,27,7.39583333333333,5.33333333333333,NA,7.44444444444444,7.02777777777778,24,3,0,9,18,1062,717,345,31,433,629,6.4923004425612,7.00976290097629,5.41687846376812,6.08225806451613,6.35600461893764,6.58612570747218,71
"73",2007,5,7.03571428571429,28,7,7.09090909090909,6.75,6.5,7.28947368421053,17,11,4,9,19,1090,734,356,35,442,648,6.50625969724771,7.00953678474114,5.46860412921348,6.15857142857143,6.35893665158371,6.60674856481481,72
"74",2007,6,7.19,20,7.16666666666667,7.26,NA,7.14285714285714,7.21538461538462,15,5,0,7,13,1110,749,361,35,449,661,6.51857934234234,7.01268357810414,5.49341570637119,6.15857142857143,6.37115812917595,6.61871871406959,73
"75",2007,7,6.60714285714286,28,6.90476190476191,5.71428571428571,6,6.7,6.55555555555556,21,7,1,10,18,1138,770,368,36,459,679,6.52075840949033,7.00974025974026,5.49761703804348,6.15416666666667,6.37832244008715,6.61704428571429,74
"76",2007,8,6.86538461538461,26,7.4,5.08333333333333,NA,6.41666666666667,7.25,20,6,0,12,14,1164,790,374,36,471,693,6.52845624570447,7.01962025316456,5.49097077540107,6.15416666666667,6.37929936305733,6.62983126984127,75
"77",2007,9,6.57142857142857,28,7.16666666666667,5.5,NA,6.53846153846154,6.6,18,10,0,13,15,1192,808,384,36,484,708,6.52946566275168,7.02289603960396,5.49120591145833,6.15416666666667,6.38357438016529,6.62919925141243,76
"78",2007,10,6.58571428571429,35,7.10526315789474,5.96875,5.33333333333333,6.1875,6.92105263157895,19,16,3,16,19,1227,827,400,39,500,727,6.53107014669927,7.02478839177751,5.510307675,6.09102564102564,6.3773,6.63682678129299,77
"79",2007,11,6.55555555555556,36,6.564,6.53636363636364,6.475,6.97619047619048,5.96666666666667,25,11,4,21,15,1263,852,411,43,521,742,6.53176806809184,7.0112676056338,5.53776902676399,6.12674418604651,6.40143953934741,6.62327907008086,78
"80",2007,12,6.88571428571429,35,7.16666666666667,5.2,NA,6.33333333333333,7.3,30,5,0,15,20,1298,882,416,43,536,762,6.5413120724191,7.01655328798186,5.53370930288462,6.12674418604651,6.39953358208955,6.64104077427822,79
"81",2008,1,5.97045454545455,44,6.48846153846154,5.22222222222222,2,5.31578947368421,6.468,26,18,1,19,25,1342,908,434,44,555,787,6.52259543219076,7.00143171806167,5.52079048387097,6.03295454545454,6.36243243243243,6.63554392630241,80
"82",2008,2,7.16071428571429,28,7.59523809523809,5.85714285714286,NA,6.96428571428571,7.35714285714286,21,7,0,14,14,1370,929,441,44,569,801,6.53563727737226,7.01485468245425,5.52612941043084,6.03295454545454,6.37724077328647,6.6481561423221,81
"83",2008,3,6.7,30,7.26190476190476,5.38888888888889,5.5,6.54545454545455,6.78947368421053,21,9,4,11,19,1400,950,450,48,580,820,6.53915933571428,7.02031578947368,5.5233846,5.98854166666667,6.38043103448276,6.65143057317073,82
"84",2008,4,6.23571428571429,35,6.40217391304348,5.91666666666667,6.33333333333333,6.21428571428571,6.25,23,12,3,14,21,1435,973,462,51,594,841,6.5317582369338,7.00570400822199,5.53359971861472,6.00882352941176,6.37651515151515,6.64140674197384,83
"85",2008,5,6.47058823529412,17,7,5.5,2,6.375,6.55555555555556,11,6,1,8,9,1452,984,468,52,602,850,6.53104205922865,7.00564024390244,5.53316895299145,5.93173076923077,6.37649501661129,6.64049772941176,84
"86",2008,6,6.58064516129032,31,7.21739130434783,4.75,6,6.375,6.8,23,8,2,16,15,1483,1007,476,54,618,865,6.53207894133513,7.0104766633565,5.52000644957983,5.93425925925926,6.37645631067961,6.64326366473988,85
"87",2008,7,5.51685714285714,35,5.74058823529412,5.30555555555556,5.19230769230769,5.099375,5.86842105263158,17,18,13,16,19,1518,1024,494,67,634,884,6.50867132411067,6.98939453125,5.51219244939271,5.79029850746269,6.34422712933754,6.62660980769231,86
"88",2008,8,6.54642857142857,28,7.02631578947368,5.53333333333333,4.75,6.25,6.665,19,9,4,8,20,1546,1043,503,71,642,904,6.50935515523933,6.99006711409396,5.51257071570577,5.73169014084507,6.34305295950156,6.62745914823009,87
"89",2008,9,6.97727272727273,22,7.36666666666667,6.14285714285714,6,6.66666666666667,7.09375,15,7,4,6,16,1568,1058,510,75,648,920,6.5159203252551,6.99540642722117,5.52122170588235,5.746,6.34604938271605,6.63556855434783,88
"90",2008,10,5.91666666666667,24,6.30769230769231,5.45454545454545,5.33333333333333,5,6.375,13,11,6,8,16,1592,1071,521,81,656,936,6.50688635050251,6.98705882352941,5.51981395393474,5.71543209876543,6.32963414634146,6.63111439102564,89
"91",2008,11,5.80909090909091,22,6.85,5.21428571428571,5.5,6,5.7,8,14,9,8,14,1614,1079,535,90,664,950,6.49737488847583,6.98604263206673,5.51181882242991,5.69388888888889,6.32566265060241,6.61739270526316,90
"92",2008,12,6.10882352941176,34,6.4,5.78125,5.72222222222222,5.36363636363636,6.46521739130435,18,16,9,11,23,1648,1097,551,99,675,973,6.48935865898058,6.97642661804922,5.51964259528131,5.69646464646465,6.30998518518518,6.61379554984584,91
"93",2009,1,6.69047619047619,42,6.7741935483871,6.45454545454545,6.4,6.03076923076923,6.98620689655172,31,11,5,13,29,1690,1128,562,104,688,1002,6.49435684615384,6.97086879432624,5.53794140569395,5.73028846153846,6.30470930232558,6.62457392215569,92
"94",2009,2,6.43947368421053,38,6.765,6.07777777777778,6.5,6.55,6.4,20,18,6,10,28,1728,1148,580,110,698,1030,6.49314992476852,6.96728222996516,5.55469494827586,5.77227272727273,6.308223495702,6.618469,93
"95",2009,3,6.57142857142857,42,6.86666666666667,5.83333333333333,5.75,6.61538461538461,6.55172413793103,30,12,4,13,29,1770,1178,592,114,711,1059,6.49500738418079,6.96471986417657,5.56034302364865,5.77149122807018,6.31383966244726,6.61664123701605,94
"96",2009,4,6.43548387096774,31,6.90476190476191,5.45,5.41666666666667,5.66666666666667,6.51785714285714,21,10,6,3,28,1801,1199,602,120,714,1087,6.49398282620766,6.96366972477064,5.55851008305648,5.75375,6.31112044817927,6.61409666053358,95
"97",2009,5,6.77325581395349,43,7.32291666666667,6.07894736842105,6.18181818181818,6.42272727272727,6.89375,24,19,11,11,32,1844,1223,621,131,725,1119,6.50049515726681,6.97071954210957,5.57443328502416,5.78969465648855,6.31281379310345,6.62209389633601,96
"98",2009,6,6.06521739130435,23,6.79166666666667,5.27272727272727,5.66666666666667,5.83333333333333,6.14705882352941,12,11,6,6,17,1867,1235,632,137,731,1136,6.49513287091591,6.96897975708502,5.56918207278481,5.78430656934307,6.30887824897401,6.61498509683099,97
"99",2009,7,6.13793103448276,29,6.65384615384615,5.71875,6,6,6.25,13,16,9,13,16,1896,1248,648,146,744,1152,6.4896693407173,6.96569711538461,5.57287510802469,5.79760273972603,6.3034811827957,6.609915859375,98
"100",2009,8,6.32352941176471,34,7.14285714285714,5.75,5.875,6.71428571428571,6.22222222222222,14,20,8,7,27,1930,1262,668,154,751,1179,6.48674252331606,6.96766244057052,5.57817824850299,5.80162337662338,6.307310252996,6.60103737913486,99
"101",2009,9,6.76666666666667,30,6.8,6.73333333333333,6.66666666666667,6.44444444444444,6.90476190476191,15,15,9,9,21,1960,1277,683,163,760,1200,6.49102707653061,6.96569303054033,5.60354768667643,5.84938650306748,6.30893421052631,6.60635255833333,100
"102",2009,10,6.37837837837838,37,7.13333333333333,5.66315789473684,5.36,6.4375,6.33333333333333,18,19,10,16,21,1997,1295,702,173,776,1221,6.48893994491738,6.96802316602316,5.60516106837607,5.82109826589595,6.31158505154639,6.6016568959869,101
"103",2009,11,6.23333333333333,36,5.87333333333333,6.49047619047619,5.75,5.66666666666667,6.51666666666667,15,21,4,12,24,2033,1310,723,177,788,1245,6.48441370880472,6.95548854961832,5.63087561549101,5.81949152542373,6.30176395939086,6.60001853012048,102
"104",2009,12,6.04838709677419,31,6.78571428571429,5.44117647058824,4.75,6.9,5.64285714285714,14,17,4,10,21,2064,1324,740,181,798,1266,6.47786485949612,6.95369335347432,5.62651766216216,5.79585635359116,6.30926065162907,6.58414144549763,103
"105",2010,1,6.65217391304348,46,6.72916666666667,6.56818181818182,6.3125,6.39285714285714,6.765625,24,22,8,14,32,2110,1348,762,189,812,1298,6.48166496208531,6.94969584569733,5.65370481627297,5.81772486772487,6.31070197044335,6.58861561633282,104
"106",2010,2,6.54,25,6.67857142857143,6.36363636363636,6,5.83333333333333,6.63636363636364,14,11,2,3,22,2135,1362,773,191,815,1320,6.48234804215457,6.94690895741556,5.66380733505822,5.8196335078534,6.30894478527607,6.58941141666667,105
"107",2010,3,6.4741935483871,31,6.835,5.81818181818182,3.75,7.07692307692308,6.03888888888889,20,11,2,13,18,2166,1382,784,193,828,1338,6.48223133425669,6.94528943560058,5.66597330357143,5.79818652849741,6.32100241545894,6.58200528400598,106
"108",2010,4,6.42941176470588,17,6.64285714285714,6.28,6.83333333333333,8.3,5.65,7,10,6,5,12,2183,1389,794,199,833,1350,6.48182000458085,6.9437652987761,5.6737066372796,5.82939698492462,6.33288115246098,6.57372079259259,107
"109",2010,5,7.05,28,7.66190476190476,5.21428571428571,5.75,6.61111111111111,7.2578947368421,21,7,2,9,19,2211,1410,801,201,842,1369,6.48901540931705,6.9544609929078,5.66969172284644,5.82860696517413,6.33585510688836,6.58321626734843,108
"110",2010,6,6.48888888888889,18,6.95,4.875,NA,5.5,6.6125,14,4,0,2,16,2229,1424,805,201,844,1385,6.48901438761776,6.95441713483146,5.66574294409938,5.82860696517413,6.33387440758294,6.5835545631769,109
"111",2010,7,6.83695652173913,23,7.2,6.50416666666667,7.05,5.75,7.22058823529412,11,12,6,6,17,2252,1435,817,207,850,1402,6.49256797069272,6.95629965156794,5.67805761321909,5.86400966183575,6.32975294117647,6.59127893723253,110
"112",2010,8,6.61904761904762,21,7.5,4.85714285714286,4,6.42857142857143,6.71428571428571,14,7,3,7,14,2273,1449,824,210,857,1416,6.49373650241971,6.96155279503106,5.67108382281554,5.83738095238095,6.33056009334889,6.5924951059322,111
"113",2010,9,6.24444444444444,18,7.03636363636364,5,6,6.6,6.14285714285714,11,7,2,4,14,2291,1460,831,212,861,1430,6.49177785683108,6.96211643835616,5.66543089049338,5.83891509433962,6.33181184668989,6.58809305594406,112
"114",2010,10,6.0625,16,7.125,5,5.5,5.42857142857143,6.55555555555556,8,8,4,7,9,2307,1468,839,216,868,1439,6.48880063719116,6.96300408719346,5.65908589988081,5.83263888888889,6.32452764976958,6.5878895552467,113
"115",2010,11,5.8448275862069,29,6.55882352941176,4.83333333333333,5.25,5.89285714285714,5.8,17,12,6,14,15,2336,1485,851,222,882,1454,6.48080610873288,6.9583771043771,5.64744191539366,5.81689189189189,6.31767573696145,6.57976139614856,114
"116",2010,12,6.32608695652174,23,6.64285714285714,5.83333333333333,6,6.4,6.30555555555556,14,9,1,5,18,2359,1499,860,223,887,1472,6.4792976133955,6.9554302868579,5.64938729069768,5.8177130044843,6.31813979706877,6.57640833559783,115
"117",2011,1,6.48620689655172,29,6.86818181818182,5.28571428571429,6,5.11111111111111,7.105,22,7,2,9,20,2388,1521,867,225,896,1492,6.4793815201005,6.95416831032216,5.64645106113034,5.81933333333333,6.306015625,6.58349401474531,116
"118",2011,2,5.43809523809524,21,6.9375,4.51538461538462,4,5.16666666666667,5.54666666666667,8,13,2,6,15,2409,1529,880,227,902,1507,6.47030430469074,6.95408109875736,5.629742125,5.80330396475771,6.29843680709534,6.57317390179164,117
"119",2011,3,6.76428571428571,28,6.78823529411765,6.72727272727273,5.875,6.4375,6.895,17,11,4,8,20,2437,1546,891,231,910,1527,6.47368201477226,6.9522574385511,5.64329188552189,5.80454545454545,6.29965934065934,6.57738904387688,118
"120",2011,4,7.20454545454545,22,7.625,6.08333333333333,6,8.5,7.14285714285714,16,6,3,1,21,2459,1562,897,234,911,1548,6.480220849939,6.95914852752881,5.64623530657748,5.80705128205128,6.30207464324917,6.58506012273902,119
"121",2011,5,7,14,6.9,7.25,8,8,6.83333333333333,10,4,1,2,12,2473,1572,901,235,913,1560,6.48316339264052,6.95877226463104,5.65335523862375,5.8163829787234,6.30579408543264,6.58696991666667,120
"122",2011,6,6.41086956521739,23,7.33636363636364,5.5625,4.95,4.74375,7.3,11,12,5,8,15,2496,1583,913,240,921,1575,6.48249722355769,6.96139608338598,5.65216108433735,5.79833333333333,6.29222584147665,6.59376067936508,121
"123",2011,7,7.29090909090909,11,7.42857142857143,7.05,7,7.25,7.31428571428571,7,4,1,4,7,2507,1590,917,241,925,1582,6.48604430394894,6.96345283018868,5.65825852780807,5.80331950207469,6.29636756756757,6.59694884323641,122
"124",2011,8,7.10869565217391,23,7.66666666666667,6.5,7,7.75,6.97368421052632,12,11,3,4,19,2530,1602,928,244,929,1601,6.49170477075099,6.96872034956305,5.66823606681035,5.81803278688525,6.30262648008611,6.60141978138663,123
"125",2011,9,6.30961538461538,26,6.79583333333333,5.89285714285714,5.78571428571429,5.56666666666667,6.94642857142857,12,14,7,12,14,2556,1614,942,251,941,1615,6.4898525312989,6.96743494423792,5.67157438428875,5.81713147410359,6.29324123273114,6.60441056965944,124
"126",2011,10,6.5,17,7.44444444444444,5.4375,6.625,7,6.43333333333333,9,8,4,2,15,2573,1623,950,255,943,1630,6.48991957636999,6.97008009858287,5.66960323157895,5.82980392156863,6.29474019088017,6.6028362392638,125
"127",2011,11,6.39259259259259,27,6.56666666666667,6.25333333333333,6.375,6.32857142857143,6.415,12,15,8,7,20,2600,1635,965,263,950,1650,6.48890887307692,6.96711926605504,5.67867675647669,5.84638783269962,6.29498947368421,6.60055943636364,126
"128",2011,12,6.14655172413793,29,6.75,5.29166666666667,6.7,5.5,6.54166666666667,17,12,5,11,18,2629,1652,977,268,961,1668,6.48513239634842,6.96488498789346,5.67392330603889,5.86231343283582,6.28588969823101,6.5999239028777,127
"129",2012,1,6.27272727272727,33,6.75,5.82352941176471,5.5,5.95454545454545,6.43181818181818,16,17,4,11,22,2662,1668,994,272,972,1690,6.48249927498122,6.96282374100719,5.67648196177062,5.85698529411765,6.28213991769547,6.5977355443787,128
"130",2012,2,7.07894736842105,19,7.53333333333333,5.375,5,8.5,6.91176470588235,15,4,2,2,17,2681,1683,998,274,974,1707,6.48672624766878,6.96790849673202,5.67527361723447,5.8507299270073,6.28669404517454,6.60086295840656,129
"131",2012,3,6.89318181818182,22,7.321875,5.75,6.125,7.725,6.70833333333333,16,6,4,4,18,2703,1699,1004,278,978,1725,6.49003443211247,6.97124190700412,5.67572018924303,5.85467625899281,6.29257668711656,6.6019843884058,130
"132",2012,4,6.7375,16,6.73571428571429,6.75,7,7.83333333333333,6.48461538461538,14,2,1,3,13,2719,1713,1006,279,981,1738,6.4914906472968,6.9693169877408,5.67785593439364,5.85878136200717,6.29728848114169,6.6011064844649,131
"133",2012,5,6.0625,24,6.21875,5.75,7,5,6.21428571428571,16,8,1,3,21,2743,1729,1014,280,984,1759,6.48773717462632,6.96237131289763,5.6784251183432,5.86285714285714,6.29333333333333,6.59648838544628,132
"134",2012,6,6.64814814814815,27,7.26315789473684,5.1875,5.5,6,6.7,19,8,2,2,25,2770,1748,1022,282,986,1784,6.48930074729242,6.96564073226544,5.67458226027397,5.86028368794326,6.29273833671399,6.59793894058296,133
"135",2012,7,7,14,8.14285714285714,5.85714285714286,5.5,8.1,6.38888888888889,7,7,2,5,9,2784,1755,1029,284,991,1793,6.49186891882184,6.97033618233618,5.67582416909621,5.85774647887324,6.30185671039354,6.59688960959286,134
"136",2012,8,6.66666666666667,24,6.83333333333333,6.5,8.125,7,6.52941176470588,12,12,4,7,17,2808,1767,1041,288,998,1810,6.49336291666667,6.96940577249575,5.68532475504323,5.88923611111111,6.30675350701403,6.59625583977901,135
"137",2012,9,6.1875,8,6.41666666666667,5.5,5.5,5.5,6.875,6,2,2,4,4,2816,1773,1043,290,1002,1814,6.49249398792614,6.96753525098703,5.68496938638543,5.88655172413793,6.30353293413174,6.59687049062845,136
"138",2012,10,6.28,25,6.1875,6.44444444444444,6.625,6.28571428571429,6.27777777777778,16,9,4,7,18,2841,1789,1052,294,1009,1832,6.49062410066878,6.96055897149245,5.69146679657795,5.89659863945578,6.30340931615461,6.59373530021834,137
"139",2012,11,6.85714285714286,21,7.75,5.07142857142857,8.5,7,6.84210526315789,14,7,1,2,19,2862,1803,1059,295,1011,1851,6.4933134416492,6.96668885191348,5.68736833805477,5.90542372881356,6.30478733926805,6.59628474878444,138
"140",2012,12,5.52083333333333,24,6.21428571428571,4.55,4.2,4.8,5.71052631578947,14,10,5,5,19,2886,1817,1069,300,1016,1870,6.48522628898129,6.96089157952669,5.6767287839102,5.877,6.29738188976378,6.58728506417112,139
"141",2013,1,6.40689655172414,29,6.60952380952381,5.875,6.4,6.12857142857143,6.49545454545455,21,8,5,7,22,2915,1838,1077,305,1023,1892,6.48444702229845,6.95687704026115,5.67820155060353,5.8855737704918,6.29622678396872,6.58621726744186,140
"142",2013,2,5.3125,24,6.23333333333333,3.77777777777778,3.33333333333333,5.27777777777778,5.33333333333333,15,9,3,9,15,2939,1853,1086,308,1032,1907,6.47487685267097,6.95101996762007,5.66245218232044,5.86071428571429,6.28734496124031,6.57636238594651,141
"143",2013,3,5.75,18,6.5,5.15,5.83333333333333,4.25,6.17857142857143,8,10,3,4,14,2957,1861,1096,311,1036,1921,6.47046434562056,6.94908113917249,5.65777652372263,5.8604501607717,6.27947876447876,6.57346333680375,142
"144",2013,4,7.01578947368421,19,7.66923076923077,5.6,6,7,7.02142857142857,13,6,1,5,14,2976,1874,1102,312,1041,1935,6.47394592405914,6.95407684098186,5.65746195099819,5.86089743589744,6.28293948126801,6.57670442894057,143
"145",2013,5,5.84375,16,6.88888888888889,4.5,4,5.8,5.86363636363636,9,7,1,5,11,2992,1883,1109,313,1046,1946,6.47057589237968,6.95376526818906,5.65015605951308,5.85495207667732,6.2806309751434,6.57267372559096,144
"146",2013,6,6.52631578947368,19,7.2,5.77777777777778,5.33333333333333,5.25,6.86666666666667,10,9,3,4,15,3011,1893,1118,316,1050,1961,6.47092762205247,6.95506603275224,5.65118342576029,5.85,6.27670476190476,6.57492252422233,145
"147",2013,7,6.13846153846154,13,6.92857142857143,5.21666666666667,7.5,6.875,5.81111111111111,7,6,1,4,9,3024,1900,1124,317,1054,1970,6.46949836970899,6.95496842105263,5.64886394128114,5.85520504731861,6.27897533206831,6.57143303045685,146
"148",2013,8,5.34090909090909,22,6.03571428571429,4.125,6.5,5.0625,5.5,14,8,2,8,14,3046,1914,1132,319,1062,1984,6.46134703545633,6.94824451410658,5.63809458480566,5.85924764890282,6.26981167608286,6.56387251512097,147
"149",2013,9,6.45555555555556,27,6.65,5.6,6,5.83333333333333,6.63333333333333,22,5,1,6,21,3073,1936,1137,320,1068,2005,6.46129615034168,6.94485537190082,5.63792706244503,5.8596875,6.2673595505618,6.56460003491272,148
"150",2013,10,5.81451612903226,31,6.76470588235294,4.66071428571429,5.33333333333333,5.4,5.89423076923077,17,14,3,5,26,3104,1953,1151,323,1073,2031,6.45483668492268,6.94328725038402,5.62604089487402,5.85479876160991,6.26331780055918,6.55601825209256,149
"151",2013,11,6.32894736842105,19,7.1875,4.85714285714286,5,4.3125,6.86666666666667,12,7,3,4,15,3123,1965,1158,326,1077,2046,6.45407078770413,6.9447786259542,5.62139297927461,5.84693251533742,6.25607242339833,6.55829573313783,150
"152",2013,12,6.04761904761905,21,6.46666666666667,5,6.66666666666667,6,6.05263157894737,15,6,3,2,19,3144,1980,1164,329,1079,2065,6.45135593829516,6.94115656565656,5.61818992268041,5.85440729483283,6.25559777571825,6.55364313317191,151
"153",2014,1,6.56206896551724,29,6.64,6.38888888888889,8,7.0625,6.37142857142857,20,9,3,8,21,3173,2000,1173,332,1087,2086,6.45236781279546,6.938145,5.62410321398125,5.87379518072289,6.26153633854646,6.55180875838926,152
"154",2014,2,6.875,20,7.42857142857143,5.58333333333333,8,6.91666666666667,6.85714285714286,14,6,1,6,14,3193,2014,1179,333,1093,2100,6.45501505480739,6.94155412115193,5.6238957336726,5.88018018018018,6.26513266239707,6.55384431904762,153
"155",2014,3,6.16666666666667,15,6.55,5.4,4,3,6.65384615384615,10,5,1,2,13,3208,2024,1184,334,1095,2113,6.45366679239401,6.93961956521739,5.62295022804054,5.87455089820359,6.25916894977169,6.5544595693327,154
"156",2014,4,6.59473684210526,19,6.58125,6.66666666666667,5,5.7,6.83333333333333,16,3,1,4,15,3227,2040,1187,335,1099,2128,6.45449738766656,6.93680882352941,5.62558809604044,5.87194029850746,6.25713375796178,6.55642531484962,155
"157",2014,5,7.07142857142857,14,7.41666666666667,5,5,6.5,7.16666666666667,12,2,2,2,12,3241,2052,1189,337,1101,2140,6.45716231718605,6.93961500974659,5.62453580319596,5.86676557863501,6.25757493188011,6.55984722897196,156
"158",2014,6,6.73333333333333,9,6.92857142857143,6.05,6.05,7.05,6.64285714285714,7,2,2,2,7,3250,2059,1191,339,1103,2147,6.45792709846154,6.93957746478873,5.62525026868178,5.86784660766962,6.25901178603808,6.56011787144853,157
"159",2014,7,5.21428571428571,14,5.6875,4.58333333333333,2,4.4,5.66666666666667,8,6,1,5,9,3264,2067,1197,340,1108,2156,6.45259285232843,6.93473149492017,5.62002762740184,5.85647058823529,6.25062274368231,6.55638825139146,158
"160",2014,8,5.76086956521739,23,5.85,5.69230769230769,6.375,6.83333333333333,5.38235294117647,10,13,4,6,17,3287,2077,1210,344,1114,2173,6.44775268329784,6.92950890707751,5.62080419008264,5.8625,6.25376122082585,6.54720343764381,159
"161",2014,9,5.8125,16,6.2,5.16666666666667,6.25,5,6.18181818181818,10,6,4,5,11,3303,2087,1216,348,1119,2184,6.44467546775658,6.92601341638716,5.61856337993421,5.8669540229885,6.24815907059875,6.54536312728938,160
"162",2014,10,5.66666666666667,18,6.57142857142857,5.09090909090909,6,5.57142857142857,5.72727272727273,7,11,3,7,11,3321,2094,1227,351,1126,2195,6.44045861788618,6.92482808022922,5.61383298288509,5.86809116809117,6.24395204262877,6.54126335763098,161
"163",2014,11,6.87,20,7.125,6.4875,5.5,5.5,7.02222222222222,12,8,4,2,18,3341,2106,1235,355,1128,2213,6.44302995211014,6.92596866096866,5.61949236437247,5.86394366197183,6.2426329787234,6.54517535924085,162
"164",2014,12,6.33333333333333,24,6.89285714285714,5.55,7,7.83333333333333,6.11904761904762,14,10,3,3,21,3365,2120,1245,358,1131,2234,6.44224756909361,6.92575,5.61893419277108,5.87346368715084,6.24685234305924,6.54116968218442,163
"165",2015,1,5.79032258064516,31,5.92857142857143,5.5,6.16666666666667,5.83333333333333,5.78,21,10,6,6,25,3396,2141,1255,364,1137,2259,6.43629654593639,6.91596917328351,5.61798650996016,5.8782967032967,6.24467018469657,6.53274593625498,164
"166",2015,2,6.25185185185185,27,6.8625,5.36363636363636,6,6.45,6.21739130434783,16,11,2,4,23,3423,2157,1266,366,1141,2282,6.43484167981303,6.9155725544738,5.61577651658768,5.87896174863388,6.24539000876424,6.52956751533742,165
"167",2015,3,5.77083333333333,24,6.03333333333333,5.33333333333333,7,5.6,5.81578947368421,15,9,2,5,19,3447,2172,1275,368,1146,2301,6.43021847113432,6.90947974217311,5.6137828,5.88505434782609,6.24257417102967,6.5236736505867,166
"168",2015,4,6.11904761904762,21,6.5,5.35714285714286,5.5,5.1,6.4375,14,7,2,5,16,3468,2186,1282,370,1151,2317,6.42833421856978,6.90685727355901,5.61238148985959,5.88297297297297,6.23761077324066,6.52307858006042,167
"169",2015,5,6.45238095238095,21,6.85714285714286,5.64285714285714,5.25,5.5,6.75,14,7,2,5,16,3489,2200,1289,372,1156,2333,6.42847895385497,6.90654090909091,5.61254698991466,5.87956989247312,6.23442041522491,6.52463483497642,168
"170",2015,6,5.1875,16,6.42857142857143,4.22222222222222,5,4.83333333333333,5.4,7,9,4,6,10,3505,2207,1298,376,1162,2343,6.422814,6.90502492070684,5.60290683359014,5.87021276595745,6.22718588640275,6.51983485702091,169
"171",2015,7,5.31875,16,6.01,4.16666666666667,4,4.5,5.43571428571429,10,6,1,2,14,3521,2217,1304,377,1164,2357,6.41779695257029,6.90098782138024,5.59629836656442,5.86525198938992,6.22421821305842,6.51339544760288,170
"172",2015,8,5.83809523809524,21,6.58461538461538,4.625,5.66666666666667,5,5.97777777777778,13,8,3,3,18,3542,2230,1312,380,1167,2375,6.41435998588368,6.89914349775785,5.59037581554878,5.86368421052631,6.22107112253642,6.50933602947368,171
"173",2015,9,6.55,20,6.6,6.4,6,5,6.72222222222222,15,5,2,2,18,3562,2245,1317,382,1169,2393,6.41512158057271,6.89714476614699,5.59344955960516,5.86439790575916,6.21898203592814,6.51093734642708,172
"174",2015,10,5.85714285714286,21,6.25,5.07142857142857,5,5.66666666666667,5.88888888888889,14,7,3,3,18,3583,2259,1324,385,1172,2411,6.4118512615127,6.89313413014608,5.59068962990936,5.85766233766234,6.21756825938566,6.50629326835338,173
"175",2015,11,6.27,20,6.72307692307692,5.42857142857143,4,4.66666666666667,6.55294117647059,13,7,1,3,17,3603,2272,1331,386,1175,2428,6.41106385512073,6.89216109154929,5.58983701728024,5.85284974093264,6.2136085106383,6.50661988056013,174
"176",2015,12,5.83703703703704,27,6.53333333333333,4.96666666666667,5.26666666666667,5.575,5.88260869565217,15,12,3,4,23,3630,2287,1343,389,1179,2451,6.40679423415978,6.88980760822037,5.58426885331348,5.84832904884319,6.21144189991518,6.50076420644635,175
"177",2016,1,6.20833333333333,24,6.85714285714286,5.3,4.5,5,6.31818181818182,14,10,4,2,22,3654,2301,1353,393,1181,2473,6.40549071428571,6.88960886571056,5.582167827051,5.83460559796438,6.20939034716342,6.49913993934492,176
"178",2016,2,6.40625,16,6.34615384615385,6.66666666666667,5,6.71428571428571,6.16666666666667,13,3,2,7,9,3670,2314,1356,395,1188,2482,6.40549402452316,6.88655574762316,5.58456716076696,5.83037974683544,6.21236531986532,6.49793435535858,177
"179",2016,3,5.57894736842105,19,5.90909090909091,5.125,7,4.5,5.70588235294118,11,8,4,2,17,3689,2325,1364,399,1190,2499,6.40123693955001,6.8819311827957,5.58187175219941,5.84210526315789,6.20948739495798,6.4925462464986,178
"180",2016,4,6.02941176470588,17,6.77777777777778,5.1875,5,5.5,6.14285714285714,9,8,4,3,14,3706,2334,1372,403,1193,2513,6.39953131948192,6.881529562982,5.57957220845481,5.83374689826303,6.20770326906957,6.4905981177875,179
"181",2016,5,6.67741935483871,31,7,5.75,5.75,7.33333333333333,6.60714285714286,23,8,4,3,28,3737,2357,1380,407,1196,2541,6.4018365185978,6.88268561731014,5.58056019565217,5.83292383292383,6.21052675585284,6.49188235733963,180
"182",2016,6,6.41666666666667,12,7,5.83333333333333,7,5.5,6.6,6,6,2,2,10,3749,2363,1386,409,1198,2551,6.40188398773006,6.88298349555649,5.58165445165945,5.83863080684596,6.20934056761269,6.49230618188945,181
"183",2016,7,7,18,7.18181818181818,6.71428571428571,4.5,7.6,6.76923076923077,11,7,2,5,13,3767,2374,1393,411,1203,2564,6.40474198831961,6.88436815501263,5.58734606604451,5.83211678832117,6.21512053200332,6.49371024570983,182
"184",2016,8,6.56818181818182,22,6.7,6.28571428571429,6,6.2,6.67647058823529,15,7,3,5,17,3789,2389,1400,414,1208,2581,6.40569096595407,6.88321054834658,5.59083790714286,5.83333333333333,6.21505794701987,6.49491401394808,183
"185",2016,9,7.59090909090909,11,8.16666666666667,5,5,9,7.27777777777778,9,2,1,2,9,3800,2398,1402,415,1210,2590,6.40912186052631,6.88802752293578,5.58999505706134,5.83132530120482,6.21966115702479,6.49763438996139,184
"186",2016,10,6.68,25,7.10714285714286,6.13636363636364,NA,6.1,6.825,14,11,0,5,20,3825,2412,1413,415,1215,2610,6.41089230588235,6.88929933665008,5.5942484571833,5.83132530120482,6.21916872427983,6.50014293869732,185
"187",2016,11,6.234375,32,6.71052631578947,5.53846153846154,6.5,4.25,6.51785714285714,19,13,4,4,28,3857,2431,1426,419,1219,2638,6.4094278117708,6.88790209790209,5.59373988078541,5.83770883054892,6.21270713699754,6.50033095905989,186
"188",2016,12,6.34545454545455,22,6.78571428571429,5.575,5.5,7.66666666666667,6.13684210526316,14,8,2,3,19,3879,2445,1434,421,1222,2657,6.4090649832431,6.88731697341513,5.59363533472803,5.83610451306413,6.21627659574468,6.49773167858487,187
"189",2017,1,6.39583333333333,24,6.61764705882353,5.85714285714286,7.33333333333333,7,6.34090909090909,17,7,3,2,22,3903,2462,1441,424,1224,2679,6.40898362029208,6.88545491470349,5.5949153851492,5.84669811320755,6.21755718954248,6.49644384845091,188
"190",2017,2,6.05416666666667,24,6.225,5.88333333333333,6.1,5.83333333333333,6.08571428571429,12,12,6,3,21,3927,2474,1453,430,1227,2700,6.40681514387573,6.88225141471301,5.59729736407433,5.85023255813953,6.21661776691116,6.49324928518518,189
"191",2017,3,5.91818181818182,22,6.41333333333333,4.85714285714286,7.25,5,5.96190476190476,15,7,2,1,21,3949,2489,1460,432,1228,2721,6.40409295264624,6.87942547207714,5.59374867808219,5.85671296296296,6.21562703583062,6.48914850055127,190
"192",2017,4,6.48275862068965,29,7.20454545454545,4.21428571428571,4,7,6.375,22,7,2,5,24,3978,2511,1467,434,1233,2745,6.40466643288084,6.88227399442453,5.58716637355147,5.84815668202765,6.21880778588807,6.48815048087431,191
"193",2017,5,5.76086956521739,23,6.73076923076923,4.5,3.66666666666667,5.33333333333333,5.825,13,10,3,3,20,4001,2524,1477,437,1236,2765,6.40096552611847,6.88149366085578,5.57980573459716,5.83318077803204,6.21665857605178,6.48335373236889,192
"194",2017,6,6.444,25,7.08888888888889,4.78571428571429,7,6.25,6.46086956521739,18,7,2,2,23,4026,2542,1484,439,1238,2788,6.40123275459513,6.88296223446105,5.57606002021563,5.83849658314351,6.21671243941841,6.48316824605452,193
"195",2017,7,6.34347826086957,23,7.05625,4.71428571428571,5.5,6.08333333333333,6.43529411764706,16,7,2,6,17,4049,2558,1491,441,1244,2805,6.40090468510743,6.88404612978889,5.5720141314554,5.83696145124716,6.21606913183279,6.48287809982174,194
"196",2017,8,6.17391304347826,23,7.05,5.5,8,6,6.22222222222222,10,13,1,5,18,4072,2568,1504,442,1249,2823,6.39962256139489,6.88469236760124,5.57139166888298,5.84185520361991,6.21520416333066,6.48121610697839,195
"197",2017,9,5.75,22,6.53333333333333,4.07142857142857,NA,6.16666666666667,5.59375,15,7,0,6,16,4094,2583,1511,442,1255,2839,6.39613167318026,6.88265195509098,5.56444279947055,5.84185520361991,6.21497211155378,6.47621453680873,196
"198",2017,10,5.51851851851852,27,5.75,5.18181818181818,5.42857142857143,4.125,5.76086956521739,16,11,7,4,23,4121,2599,1522,449,1259,2862,6.3903817204562,6.87567910734898,5.56167744415243,5.83541202672606,6.20833200953137,6.47046578266946,197
"199",2017,11,6.51,20,7.15384615384615,5.31428571428571,5.5,5.33333333333333,6.71764705882353,13,7,2,3,17,4141,2612,1529,451,1262,2879,6.39095944699348,6.87706355283308,5.56054484630478,5.83392461197339,6.20625198098256,6.47192534560611,198
"200",2017,12,6.21090909090909,22,7.29166666666667,4.914,4.25,6.33333333333333,6.19157894736842,12,10,4,3,19,4163,2624,1539,455,1265,2898,6.39000794379053,6.87895960365853,5.55634377517869,5.82,6.20655335968379,6.47008732574189,199
"201",2018,1,6.04594594594595,37,6.69583333333333,4.84615384615385,5,4.6,6.271875,24,13,3,5,32,4200,2648,1552,458,1270,2930,6.38697692142857,6.8772998489426,5.5503950193299,5.8146288209607,6.20022834645669,6.46792254948805,200
"202",2018,2,5.51851851851852,27,6.31818181818182,4.96875,5.625,5,5.66666666666667,11,16,8,6,21,4227,2659,1568,466,1276,2951,6.38142963567542,6.87498683715682,5.54445986607143,5.81137339055794,6.19458463949843,6.46222062690613,201
"203",2018,3,6.52941176470588,17,8.125,5.11111111111111,5.4,7.25,6.30769230769231,8,9,5,4,13,4244,2667,1577,471,1280,2964,6.38202240103675,6.878736407949,5.54198672796449,5.80700636942675,6.1978828125,6.46154287112011,202
"204",2018,4,5.46896551724138,29,6.58823529411765,3.88333333333333,4.33333333333333,5,5.5037037037037,17,12,3,2,27,4273,2684,1589,474,1282,2991,6.37582566580856,6.87689642324888,5.52946071113908,5.79767932489451,6.19601404056162,6.45289637913741,203
"205",2018,5,5.85384615384615,26,6.89333333333333,4.43636363636364,2.66666666666667,5.28571428571429,6.06315789473684,15,11,3,7,19,4299,2699,1600,477,1289,3010,6.37266877645964,6.87698777324935,5.52194566875,5.77798742138365,6.19107059736229,6.4504362358804,204
"206",2018,6,6,22,6.9,4.07142857142857,NA,6,6,15,7,0,1,21,4321,2714,1607,477,1290,3031,6.37077136542467,6.87711495946942,5.5156272993155,5.77798742138365,6.19092248062015,6.44731543055097,205
"207",2018,7,6.875,20,7.03333333333333,6.4,7.33333333333333,6.625,6.9375,15,5,3,4,16,4341,2729,1612,480,1294,3047,6.37309446440912,6.87797361670941,5.51837039081886,5.78770833333333,6.19226429675425,6.44988942238267,206
"208",2018,8,5.556,25,6.1,4.86363636363636,4.375,2,5.86521739130435,14,11,4,2,23,4366,2743,1623,484,1296,3070,6.36841572835547,6.87400291651476,5.51393288354898,5.77603305785124,6.18579475308642,6.44550914332247,207
"209",2018,9,5.852,25,7.13846153846154,4.45833333333333,6.36,5.66,5.9,13,12,5,5,20,4391,2756,1635,489,1301,3090,6.36547553404691,6.8752503628447,5.50618536391437,5.78200408997955,6.18377401998462,6.44197833980582,208
"210",2018,10,6.33333333333333,15,6.38888888888889,6.25,6.5,6.5,6.27272727272727,9,6,1,4,11,4406,2765,1641,490,1305,3101,6.36536610758057,6.87366726943942,5.50890497867154,5.7834693877551,6.18474329501915,6.44137796517252,209
"211",2018,11,6.38095238095238,21,7.36666666666667,3.91666666666667,2,7.75,6.05882352941176,15,6,1,4,17,4427,2780,1647,491,1309,3118,6.36544004291845,6.87632733812949,5.50310447480267,5.77576374745417,6.18952635599694,6.4392921969211,210
"212",2018,12,6.56818181818182,22,7.03333333333333,5.57142857142857,5.66666666666667,5.625,6.77777777777778,15,7,3,4,18,4449,2795,1654,494,1313,3136,6.36644258709822,6.87716994633274,5.50339363361548,5.7751012145749,6.18780654988575,6.44123503507653,211
"213",2019,1,5.875,32,6.425,4.95833333333333,5,5.3,5.98148148148148,20,12,3,5,27,4481,2815,1666,497,1318,3163,6.36293306627985,6.87395737122558,5.49946762905162,5.77042253521127,6.18443854324734,6.43731048687954,212
"214",2019,2,6.25,16,6.72727272727273,5.2,NA,4.75,6.75,11,5,0,4,12,4497,2826,1671,497,1322,3175,6.36253125861685,6.87338641188959,5.49857155595452,5.77042253521127,6.18009833585476,6.43849230551181,213
"215",2019,3,5.51315789473684,19,6,5.15909090909091,4,3,5.65277777777778,8,11,4,1,18,4516,2834,1682,501,1323,3193,6.3589577214349,6.87092095977417,5.49635140903686,5.7562874251497,6.17769463340892,6.43406297212653,214
"216",2019,4,6.14545454545455,22,6.65384615384615,5.41111111111111,4.8,6,6.16,13,9,5,2,20,4538,2847,1691,506,1325,3213,6.35792266857646,6.86992975061468,5.49589773506801,5.74683794466403,6.17742641509434,6.43235700902583,215
"217",2019,5,5.92857142857143,21,6.95833333333333,4.55555555555556,4.5,7,5.81578947368421,12,9,2,2,19,4559,2859,1700,508,1327,3232,6.35594495942092,6.87030080447709,5.49091945294118,5.74192913385827,6.17866616428033,6.4287323855198,216
"218",2019,6,5.85714285714286,14,5.5,6.21428571428571,6.125,6,5.81818181818182,7,7,4,3,11,4573,2866,1707,512,1330,3243,6.35441790290837,6.86695394277739,5.49388580550674,5.744921875,6.17826315789473,6.4266614461918,217
"219",2019,7,5.77047619047619,21,6.33692307692308,4.85,6,5.12666666666667,5.87777777777778,13,8,1,3,18,4594,2879,1715,513,1333,3261,6.35174860034828,6.86456061132338,5.49088225655977,5.74541910331384,6.17589647411853,6.42363172953082,218
"220",2019,8,6.64772727272727,22,6.80882352941176,6.1,7,6.6,6.66176470588235,17,5,2,5,17,4616,2896,1720,515,1338,3278,6.35315924393414,6.86423342541436,5.49265294767442,5.75029126213592,6.17748131539611,6.42486670835875,219
"221",2019,9,6.20454545454545,22,6.8,5.70833333333333,5.91666666666667,6.5,6.13888888888889,10,12,6,4,18,4638,2906,1732,521,1342,3296,6.35245430573523,6.86401238816242,5.49414726905312,5.75220729366603,6.17844262295082,6.42330493628641,220
"222",2019,10,6.20454545454545,22,6.72222222222222,5.84615384615385,5.1,4.33333333333333,6.5,9,13,5,3,19,4660,2915,1745,526,1345,3315,6.35175602360515,6.86357461406518,5.49676966762178,5.74600760456274,6.17432713754646,6.4237445158371,221
"223",2019,11,5.88461538461539,13,6.22727272727273,4,4,5.5,6,11,2,2,3,10,4673,2926,1747,528,1348,3325,6.35045646693773,6.86118250170882,5.49505613623354,5.73939393939394,6.17282640949555,6.4224700962406,222
"224",2019,12,6.20454545454545,22,7.05,5.5,5,4.83333333333333,6.42105263157895,10,12,3,3,19,4695,2936,1759,531,1351,3344,6.34977275186368,6.86182561307902,5.49508986355884,5.73521657250471,6.16985196150999,6.42246204246411,223
"225",2020,1,6.661875,32,6.59478260869565,6.83333333333333,8.375,6.26666666666667,6.75307692307692,23,9,4,6,26,4727,2959,1768,535,1357,3370,6.35188556589803,6.859749915512,5.50190218891403,5.75495327102804,6.17028002947678,6.42501278041543,224
"226",2020,2,6.36666666666667,30,7.02631578947368,5.22727272727273,5.6,6.6,6.32,19,11,5,5,25,4757,2978,1779,540,1362,3395,6.35197878284633,6.86081262592344,5.50020408656549,5.75351851851852,6.17185756240822,6.4242394904271,225
"227",2020,3,6.02777777777778,18,6.79166666666667,4.5,5.66666666666667,7.5,5.94117647058824,12,6,3,1,17,4775,2990,1785,543,1363,3412,6.35075666387434,6.86053511705686,5.49684205602241,5.75303867403315,6.17283198826119,6.42183266998828,226
"228",2020,4,7.53333333333333,21,7.5125,7.6,9,7.66666666666667,7.51111111111111,16,5,1,3,18,4796,3006,1790,544,1366,3430,6.35593475187656,6.86400532268796,5.50271679888268,5.75900735294118,6.17611273792093,6.427549,227
"229",2020,5,6.64545454545455,22,7.47857142857143,5.1875,5,6.33333333333333,6.69473684210526,14,8,2,3,19,4818,3020,1798,546,1369,3449,6.35725676006642,6.86685430463576,5.50131427697442,5.75622710622711,6.17645726807889,6.42902089591186,228
"230",2020,6,5.80185166666667,12,7.1,4.87460285714286,5,5.5,5.862222,5,7,1,2,10,4830,3025,1805,547,1371,3459,6.35587687163561,6.86723966942149,5.49888381717452,5.75484460694698,6.1754704595186,6.42738227522405,229
"231",2020,7,5.85789473684211,19,6.54166666666667,4.68571428571429,3.5,5,6.16428571428571,12,7,2,5,14,4849,3037,1812,549,1376,3473,6.35392561146628,6.86595324333224,5.49574243377483,5.74663023679417,6.17119912790697,6.42632170745753,230
"232",2020,8,5.89545454545455,22,6.26666666666667,5.1,5.175,6,5.87894736842105,15,7,4,3,19,4871,3052,1819,553,1379,3492,6.35185491480189,6.86300786369594,5.49421951072018,5.74249547920434,6.17082668600435,6.4233434392898,231
"233",2020,9,6.47619047619048,21,7.13333333333333,4.83333333333333,NA,6.2,6.5625,15,6,0,5,16,4892,3067,1825,553,1384,3508,6.3523886529027,6.86432996413433,5.49204673424658,5.74249547920434,6.17093208092485,6.42397813283922,232
"234",2020,10,6.228,25,7.02857142857143,5.20909090909091,5.8,6.78571428571429,6.01111111111111,14,11,5,7,18,4917,3081,1836,558,1391,3526,6.35175621110433,6.86507627393703,5.49035146514161,5.74301075268817,6.17402588066139,6.4218704736245,233
"235",2020,11,6.45454545454545,11,7.125,4.66666666666667,8,6.16666666666667,6.5625,8,3,1,3,8,4928,3089,1839,559,1394,3534,6.35198565137987,6.86574943347362,5.48900777052746,5.74704830053667,6.1740100430416,6.42218882003396,234
"236",2020,12,6.125,20,6.46875,4.75,7,6.125,6.125,16,4,1,4,16,4948,3105,1843,560,1398,3550,6.35106816693613,6.8637037037037,5.48740384698861,5.74928571428571,6.17386981402003,6.42084937746479,235
"237",2021,1,6.40357142857143,28,6.64285714285714,5.68571428571429,5.5,7.33333333333333,6.15,21,7,4,6,22,4976,3126,1850,564,1404,3572,6.35136360329582,6.86222008957134,5.48815421081081,5.74751773049645,6.17882478632478,6.41918121220605,236
"238",2021,2,6.03333333333333,15,6.77272727272727,4,3.5,6.625,5.81818181818182,11,4,2,4,11,4991,3137,1854,566,1408,3583,6.35040779202564,6.86190627988524,5.48494352211435,5.73957597173145,6.18009232954545,6.41733611219648,237
"239",2021,3,6.9375,16,6.83333333333333,7.25,6.5,7,6.88888888888889,12,4,2,7,9,5007,3149,1858,568,1415,3592,6.35228386059517,6.86179739599873,5.48874342841765,5.74225352112676,6.18414840989399,6.41851761971047,238
"240",2021,4,7.06054545454545,11,7.0666,7,NA,NA,7.06054545454545,10,1,0,0,11,5018,3159,1859,568,1415,3603,6.35383644679155,6.86244571066793,5.4895563690156,5.74225352112676,6.18414840989399,6.42047773799611,239
"241",2021,5,5.55333333333333,15,5.75714285714286,5.375,5.5,7,5.45,7,8,2,1,14,5033,3166,1867,570,1416,3617,6.35145068348897,6.86000189513582,5.48906550080343,5.74140350877193,6.18472457627118,6.41672139618468,240
"242",2021,6,6.96428571428571,14,7.77272727272727,4,4,6.83333333333333,7,11,3,1,3,11,5047,3177,1870,571,1419,3628,6.35315064196552,6.86316210261253,5.48667662566845,5.73835376532399,6.18609584214235,6.4184898814774,241
"243",2021,7,6.22352941176471,17,6.92222222222222,5.4375,6.5,7.33333333333333,5.98571428571429,9,8,2,3,14,5064,3186,1878,573,1422,3642,6.35271549960505,6.8633289391086,5.48646714057508,5.74101221640489,6.18851617440225,6.41682627402526,242
"244",2021,8,6.275,20,6.82142857142857,5,NA,6.33333333333333,6.26470588235294,14,6,0,3,17,5084,3200,1884,573,1425,3659,6.35240977380016,6.863145625,5.4849178821656,5.74101221640489,6.18882105263158,6.4161195107953,243
"245",2021,9,6.10714285714286,14,6.61111111111111,5.2,6,6.33333333333333,6.04545454545455,9,5,1,3,11,5098,3209,1889,574,1428,3670,6.35173622793252,6.86243876597071,5.4841637321334,5.74146341463415,6.18912464985994,6.41500852588556,244
"246",2021,10,6.30555555555556,18,6.6875,6,4.5,8,5.96666666666667,8,10,2,3,15,5116,3217,1899,576,1431,3685,6.35157374706802,6.8620037301834,5.4868800895208,5.73715277777778,6.19292103424179,6.41318352510176,245
"247",2021,11,6.7,10,7.57142857142857,4.66666666666667,6,NA,6.7,7,3,1,0,10,5126,3224,1902,577,1431,3695,6.35225347054233,6.86354404466501,5.48558637749737,5.73760831889081,6.19292103424179,6.41395975372124,246
"248",2021,12,5.78631578947368,19,6.5,4.24,4.44,5.6,5.85285714285714,13,6,1,5,14,5145,3237,1908,578,1436,3709,6.35016351603498,6.86208402842138,5.48166943920335,5.73536332179931,6.190856545961,6.41184181450526,247
"249",2022,1,6.63139534883721,43,6.93148148148148,6.125,6.25,7.17857142857143,6.525,27,16,4,7,36,5188,3264,1924,582,1443,3745,6.35249446607556,6.86265808823529,5.48701938149688,5.73890034364261,6.19564795564795,6.41292958344459,248
"250",2022,2,6.69047619047619,21,7.20833333333333,6,5.5,6.08333333333333,6.93333333333333,12,9,2,6,15,5209,3276,1933,584,1449,3760,6.35385703397965,6.8639242979243,5.48940780651836,5.73808219178082,6.1951828847481,6.41500566223404,249
"251",2022,3,7.125,8,7.66666666666667,5.5,4,7,7.2,6,2,1,3,5,5217,3282,1935,585,1452,3765,6.35503954188231,6.86539183424741,5.48941875452196,5.73511111111111,6.19684573002755,6.41604815139442,250
"252",2022,4,6.546875,16,7.85714285714286,5.52777777777778,5.55,7.5,6.32692307692308,7,9,5,3,13,5233,3289,1944,590,1455,3778,6.35562608255303,6.86750258437215,5.48959634259259,5.73354237288136,6.19953264604811,6.41574147432504,251
"253",2022,5,6.69047619047619,21,7.28571428571429,5.5,5,8.33333333333333,6.41666666666667,14,7,2,3,18,5254,3303,1951,592,1458,3796,6.35696446326608,6.86927520435967,5.48963366991287,5.73106418918919,6.2039231824417,6.41574586143309,252
"254",2022,6,7.125,16,7.44444444444444,6.71428571428571,6,6.7,7.31818181818182,9,7,2,5,11,5270,3312,1958,594,1463,3807,6.35929625996205,6.87083816425121,5.4940118947906,5.7319696969697,6.20561859193438,6.41835337273444,253
"255",2022,7,6.76923076923077,13,8.6,5.625,7,9,6.36363636363636,5,8,2,2,11,5283,3317,1966,596,1465,3818,6.36030499526784,6.87344467892674,5.49454490844354,5.73622483221476,6.20943344709897,6.41819572812991,254
"256",2022,8,6.67368421052632,19,7.19166666666667,5.78571428571429,7,6,6.75294117647059,12,7,1,2,17,5302,3329,1973,597,1467,3835,6.36142800641267,6.87459176930009,5.49557794728839,5.73834170854271,6.20914792092706,6.41967960625815,255
"257",2022,9,6.88921052631579,19,7.625,5.62785714285714,5.965,7.5,6.72633333333333,12,7,3,4,15,5321,3341,1980,600,1471,3850,6.36331258973877,6.87728703980844,5.4960456010101,5.739475,6.21265805574439,6.42087436103896,256
"258",2022,10,6.64285714285714,21,7.25,5.42857142857143,NA,5.4,7.03125,14,7,0,5,16,5342,3355,1987,600,1476,3866,6.36441151067016,6.87884232488823,5.49580789632612,5.739475,6.20990514905149,6.42340048887739,257
"259",2022,11,6.25384615384615,13,7.05,5.57142857142857,6,6,6.4125,6,7,3,5,8,5355,3361,1994,603,1481,3874,6.36414309803921,6.87914787265695,5.49607336509529,5.74077114427861,6.20919648885888,6.42337797883325,258
"260",2022,12,6.7,20,7.5,5.5,6.4,8,6.63157894736842,12,8,5,1,19,5375,3373,2002,608,1482,3893,6.36539279813953,6.88135665579603,5.49608905594406,5.74619243421053,6.21040485829959,6.42439411507835,259
