"","year","month","avg_rating","no_ratings","avg_rating_owned","avg_rating_not_owned","avg_rating_prev_owned","avg_rating_comment","avg_rating_no_comment","no_ratings_owned","no_ratings_not_owned","no_ratings_prev_owned","no_ratings_comment","no_ratings_no_comment","cum_no_ratings","cum_no_ratings_owned","cum_no_ratings_not_owned","cum_no_ratings_prev_owned","cum_no_ratings_comment","cum_no_ratings_no_comment","cum_avg_rating","cum_avg_rating_owned","cum_avg_rating_not_owned","cum_avg_rating_prev_owned","cum_avg_rating_comment","cum_avg_rating_no_comment","month_after_release"
"1",2010,6,7.5,2,NA,7.5,NA,NA,7.5,0,2,0,0,2,2,0,2,0,0,2,7.5,NA,7.5,NA,NA,7.5,-2
"2",2010,8,7.52352941176471,17,8.27272727272727,6.15,8,6.28,8.04166666666667,11,6,1,5,12,19,11,8,1,5,14,7.52105263157895,8.27272727272727,6.4875,8,6.28,7.96428571428571,0
"3",2010,9,7.45192660550459,109,7.93416666666667,6.51351351351351,7.13636363636364,7.51666666666667,7.42381578947368,72,37,11,33,76,128,83,45,12,38,90,7.4621875,7.97903614457831,6.50888888888889,7.20833333333333,7.35394736842105,7.50788888888889,1
"4",2010,10,7.20245098039216,204,7.71145038167939,6.28904109589041,6.66666666666667,7,7.28095238095238,131,73,30,57,147,332,214,118,42,95,237,7.30259036144578,7.81523364485981,6.3728813559322,6.82142857142857,7.14157894736842,7.36713080168776,2
"5",2010,11,7.05972222222222,144,7.63846153846154,6.37575757575758,6.96666666666667,7.03170731707317,7.07087378640777,78,66,24,41,103,476,292,184,66,136,340,7.22911764705882,7.76801369863014,6.37391304347826,6.87424242424242,7.10845588235294,7.27738235294118,3
"6",2010,12,7.00030487804878,164,7.53571428571429,6.04745762711864,6.64444444444444,7.0436170212766,6.98290598290598,105,59,18,47,117,640,397,243,84,183,457,7.170484375,7.70657430730479,6.29465020576132,6.825,7.09180327868852,7.20199124726477,4
"7",2011,1,7.11191860465116,172,7.33922413793103,6.64107142857143,7.1,7.01145833333333,7.1508064516129,116,56,20,48,124,812,513,299,104,231,581,7.15807881773399,7.62350877192983,6.35953177257525,6.87788461538462,7.07510822510822,7.19106712564544,5
"8",2011,2,7.07101449275362,138,7.38875,6.63275862068966,7.168,6.77567567567568,7.17920792079208,80,58,25,37,101,950,593,357,129,268,682,7.14543157894737,7.59183811129848,6.40392156862745,6.93410852713178,7.03376865671642,7.18931085043988,6
"9",2011,3,6.90664335664336,143,7.26489361702128,6.21938775510204,6.33809523809524,7.02285714285714,6.86898148148148,94,49,21,35,108,1093,687,406,150,303,790,7.11419030192132,7.54710334788937,6.38165024630542,6.85066666666667,7.03250825082508,7.14551898734177,7
"10",2011,4,7.14194915254237,118,7.52986111111111,6.53478260869565,6.50625,6.95454545454545,7.21470588235294,72,46,16,33,85,1211,759,452,166,336,875,7.11689512799339,7.54546772068511,6.39723451327434,6.81746987951807,7.02485119047619,7.15224,8
"11",2011,5,6.87310924369748,119,7.37462686567164,6.22692307692308,6.68947368421053,6.51153846153846,6.9741935483871,67,52,19,26,93,1330,826,504,185,362,968,7.09508270676692,7.53161016949153,6.3796626984127,6.80432432432432,6.98798342541436,7.13513429752066,9
"12",2011,6,6.86842105263158,114,7.3030303030303,6.27083333333333,6.58333333333333,6.6796875,6.94207317073171,66,48,18,32,82,1444,892,552,203,394,1050,7.07718836565097,7.51469730941704,6.37019927536232,6.78472906403941,6.96294416243655,7.12005714285714,10
"13",2011,7,6.871,100,7.225,6.11875,6.43,7.1,6.83058823529412,68,32,10,15,85,1544,960,584,213,409,1135,7.06383419689119,7.49417708333333,6.35642123287671,6.76807511737089,6.9679706601467,7.09837885462555,11
"14",2011,8,6.94007633587786,131,7.25,6.38617021276596,6.80555555555556,7.24285714285714,6.8296875,84,47,18,35,96,1675,1044,631,231,444,1231,7.0541552238806,7.474530651341,6.35863708399366,6.77099567099567,6.98963963963964,7.07742485783916,12
"15",2011,9,7.06990291262136,103,7.24558823529412,6.72857142857143,6.82142857142857,6.9,7.13333333333333,68,35,14,28,75,1778,1112,666,245,472,1306,7.05506749156355,7.46053057553957,6.37807807807808,6.77387755102041,6.98432203389831,7.08063552833078,13
"16",2011,10,6.94656862745098,102,7.43666666666667,6.24642857142857,6.35714285714286,7.04666666666667,6.92931034482759,60,42,14,15,87,1880,1172,708,259,487,1393,7.04918085106383,7.45930887372014,6.37026836158192,6.75135135135135,6.98624229979466,7.07118449389806,14
"17",2011,11,6.955,110,7.33169014084507,6.26923076923077,6.28571428571429,6.76875,6.98670212765957,71,39,14,16,94,1990,1243,747,273,503,1487,7.04397487437186,7.4520193081255,6.36499330655957,6.72747252747253,6.979324055666,7.06584398117014,15
"18",2011,12,6.84252873563218,87,7.21296296296296,6.23636363636364,6.43333333333333,6.70588235294118,6.87571428571429,54,33,15,17,70,2077,1297,780,288,520,1557,7.03553683196919,7.44206630686199,6.35955128205128,6.71215277777778,6.97038461538462,7.05729608220938,16
"19",2012,1,6.94753521126761,142,7.25348837209302,6.47767857142857,6.58333333333333,6.85714285714286,6.96322314049587,86,56,24,21,121,2219,1383,836,312,541,1678,7.02990536277602,7.43033984092552,6.36746411483254,6.70224358974359,6.96598890942699,7.05051251489869,17
"20",2012,2,6.84651162790698,86,7.32203389830508,5.80740740740741,6.68666666666667,6.30555555555556,6.98970588235294,59,27,15,18,68,2305,1442,863,327,559,1746,7.02306290672451,7.42590846047157,6.34994206257242,6.70152905198777,6.94472271914132,7.04814432989691,18
"21",2012,3,6.672,110,7.25193548387097,5.92291666666667,6.10740740740741,6.74642857142857,6.64658536585366,62,48,27,28,82,2415,1504,911,354,587,1828,7.00707246376811,7.41873670212766,6.32744237102086,6.65621468926554,6.93526405451448,7.03013129102845,19
"22",2012,4,6.94660194174757,103,7.375,6.34883720930233,6.61904761904762,6.97142857142857,6.94024390243902,60,43,21,21,82,2518,1564,954,375,608,1910,7.00459888800635,7.41705882352941,6.32840670859539,6.65413333333333,6.93651315789474,7.0262722513089,20
"23",2012,5,6.86761363636364,88,7.34150943396226,6.15,6.09230769230769,6.6,6.93169014084507,53,35,13,17,71,2606,1617,989,388,625,1981,6.9999731389102,7.41458256029685,6.32209302325582,6.63530927835051,6.92736,7.02288238263503,21
"24",2012,6,6.80459183673469,98,7.11642857142857,6.025,6.21333333333333,7.22352941176471,6.71666666666667,70,28,15,17,81,2704,1687,1017,403,642,2062,6.99289201183432,7.40221102548903,6.31391347099312,6.61960297766749,6.93520249221184,7.01085354025218,22
"25",2012,7,7.19229885057471,87,7.64166666666667,6.1937037037037,5.84166666666667,7.07272727272727,7.23276923076923,60,27,12,22,65,2791,1747,1044,415,664,2127,6.99910784664994,7.41043503148254,6.31080459770115,6.59710843373494,6.93975903614458,7.01763516690174,23
"26",2012,8,6.87777777777778,81,7.08490566037736,6.48571428571429,6.73636363636364,6.52,6.95909090909091,53,28,11,15,66,2872,1800,1072,426,679,2193,6.99568593314763,7.40085,6.31537313432836,6.60070422535211,6.93048600883652,7.01587323301414,24
"27",2012,9,6.90952380952381,84,7.3551724137931,5.91538461538462,5.88666666666667,7.07352941176471,6.86791044776119,58,26,15,17,67,2956,1858,1098,441,696,2260,6.99323748308525,7.39942411194833,6.30590163934426,6.57641723356009,6.93397988505747,7.01148672566372,25
"28",2012,10,6.9156976744186,86,7.26916666666667,6.1,6.375,6.43958333333333,7.1,60,26,16,24,62,3042,1918,1124,457,720,2322,6.99104536489152,7.39534932221064,6.30113879003559,6.56936542669584,6.9175,7.01385012919897,26
"29",2012,11,6.95432692307692,104,7.24133333333333,6.21206896551724,6.54642857142857,7.06176470588235,6.93333333333333,75,29,14,17,87,3146,1993,1153,471,737,2409,6.98983153210426,7.3895534370296,6.29889852558543,6.56868365180467,6.9208276797829,7.01094229970942,27
"30",2012,12,6.7828431372549,102,7.08591549295775,6.08870967741935,6.53,7.07894736842105,6.71506024096386,71,31,15,19,83,3248,2064,1184,486,756,2492,6.98333128078817,7.37910852713178,6.29339527027027,6.56748971193416,6.92480158730159,7.00108747993579,28
"31",2013,1,6.78883928571429,112,7.16071428571429,6.16904761904762,6.21578947368421,6.62272727272727,6.82944444444444,70,42,19,22,90,3360,2134,1226,505,778,2582,6.97684821428571,7.37194470477976,6.28913539967374,6.55425742574257,6.91625964010283,6.9951045701007,29
"32",2013,2,6.84761904761905,105,7.1734375,6.3390243902439,6.42105263157895,6.975,6.8012987012987,64,41,19,28,77,3465,2198,1267,524,806,2659,6.97293217893218,7.36616469517744,6.29074980268351,6.54942748091603,6.91830024813896,6.98949229033471,30
"33",2013,3,7.02894736842105,95,7.61140350877193,6.15526315789474,6.01904761904762,6.92272727272727,7.06095890410959,57,38,21,22,73,3560,2255,1305,545,828,2732,6.97442696629213,7.37236363636364,6.28680459770115,6.52899082568807,6.91841787439614,6.9914019033675,31
"34",2013,4,6.94709302325581,86,7.1171875,6.45227272727273,6.56111111111111,6.82142857142857,6.98769230769231,64,22,9,21,65,3646,2319,1327,554,849,2797,6.97378222709819,7.36532125916343,6.28954785229842,6.52951263537906,6.91601884570083,6.99131569538792,32
"35",2013,5,6.86925531914894,94,7.25328125,6.05,5.97222222222222,6.69736842105263,6.9128,64,30,18,19,75,3740,2383,1357,572,868,2872,6.9711550802139,7.36231221149811,6.28425202652911,6.51197552447552,6.91123271889401,6.98926532033426,33
"36",2013,6,6.83218390804598,87,7.09393939393939,6.00952380952381,6.65,6.44285714285714,6.90684931506849,66,21,8,14,73,3827,2449,1378,580,882,2945,6.96799581917951,7.35507962433646,6.28006531204645,6.51387931034483,6.90379818594104,6.98722241086587,34
"37",2013,7,6.89864864864865,74,7.22,6.22916666666667,6.33333333333333,7.28125,6.79310344827586,50,24,9,16,58,3901,2499,1402,589,898,3003,6.96668033837477,7.35237695078031,6.2791940085592,6.51112054329372,6.91052338530067,6.98347319347319,35
"38",2013,8,6.74871794871795,78,7.16785714285714,5.68181818181818,5.36363636363636,6.86666666666667,6.72063492063492,56,22,11,15,63,3979,2555,1424,600,913,3066,6.96240764011058,7.34833268101761,6.26996488764045,6.49008333333333,6.90980284775466,6.97807240704501,36
"39",2013,9,6.69666666666667,102,6.98253521126761,6.04193548387097,6.35,7.14736842105263,6.59349397590361,71,31,18,19,83,4081,2626,1455,618,932,3149,6.95576574369027,7.33844249809596,6.26510652920962,6.48600323624595,6.91464592274678,6.96793585265164,37
"40",2013,10,6.94387755102041,98,7.35873015873016,6.19714285714286,6.03333333333333,6.84285714285714,6.97142857142857,63,35,15,21,77,4179,2689,1490,633,953,3226,6.95548695860253,7.3389178133135,6.2635100671141,6.47527646129542,6.91306400839454,6.96801921884687,38
"41",2013,11,6.56785714285714,70,6.8719512195122,6.13793103448276,6.6,6.2,6.66818181818182,41,29,15,15,55,4249,2730,1519,648,968,3281,6.94910096493292,7.33190476190476,6.26111257406188,6.47816358024691,6.90201446280992,6.96299298994209,39
"42",2013,12,6.89731182795699,93,7.18467741935484,6.32258064516129,6.47058823529412,6.90588235294118,6.89539473684211,62,31,17,17,76,4342,2792,1550,665,985,3357,6.94799170888991,7.32863538681948,6.26234193548387,6.47796992481203,6.90208121827411,6.96146261543044,40
"43",2014,1,6.82006802721088,147,7.13190476190476,6.04047619047619,6.60869565217391,7.136,6.75532786885246,105,42,23,25,122,4489,2897,1592,688,1010,3479,6.9438026286478,7.32150500517777,6.25648869346734,6.48234011627907,6.90787128712871,6.95423397528025,41
"44",2014,2,6.88238095238095,105,7.21319444444444,6.16060606060606,6.13888888888889,6.71875,6.9541095890411,72,33,18,32,73,4594,2969,1625,706,1042,3552,6.94239878101872,7.31887841023914,6.25454153846154,6.4735835694051,6.90206333973129,6.95423141891892,42
"45",2014,3,6.51575342465753,73,6.81770833333333,5.936,5.96428571428571,6.03333333333333,6.64051724137931,48,25,14,15,58,4667,3017,1650,720,1057,3610,6.93572530533533,7.31090487238979,6.24971515151515,6.46368055555555,6.88973509933775,6.94919113573407,43
"46",2014,4,6.97633333333333,90,7.47819672131148,5.92068965517241,6.08,6.96,6.981,61,29,15,20,70,4757,3078,1679,735,1077,3680,6.93649358839605,7.31422027290448,6.24403216200119,6.45585034013605,6.89103992571959,6.94979619565217,44
"47",2014,5,6.90056818181818,88,7.07301587301587,6.466,6.54166666666667,6.88235294117647,6.90492957746479,63,25,12,17,71,4845,3141,1704,747,1094,3751,6.93584107327141,7.309382362305,6.24728873239437,6.45722891566265,6.89090493601462,6.94894694748067,45
"48",2014,6,6.99310344827586,87,7.3046875,6.12608695652174,6.14,6.78571428571429,7.03287671232877,64,23,10,14,73,4932,3205,1727,757,1108,3824,6.93685117599351,7.30928861154446,6.24567458019687,6.45303830911493,6.88957581227437,6.95054916317992,46
"49",2014,7,6.803125,96,7.09384615384615,6.19354838709677,6.65,6.86842105263158,6.78701298701299,65,31,20,19,77,5028,3270,1758,777,1127,3901,6.93429793158313,7.30500611620795,6.24475540386803,6.45810810810811,6.88921916592724,6.94732119969239,47
"50",2014,8,6.84656862745098,102,7.18661764705882,6.16647058823529,6.764,7.32045454545455,6.71625,68,34,15,22,80,5130,3338,1792,792,1149,3981,6.93255360623782,7.30259436788496,6.24327008928572,6.46390151515151,6.89747606614447,6.94267771916604,48
"51",2014,9,6.75297619047619,84,7.11734693877551,6.24285714285714,6.38888888888889,7.02941176470588,6.68283582089552,49,35,18,17,67,5214,3387,1827,810,1166,4048,6.92966052934407,7.29991437850605,6.24326217843459,6.46223456790123,6.89939965694683,6.93837697628458,49
"52",2014,10,7.19666666666667,99,7.3836231884058,6.76666666666667,6.70833333333333,7.12111111111111,7.225,69,30,12,27,72,5313,3456,1857,822,1193,4120,6.93463579898362,7.30158564814815,6.25171782444804,6.46582725060827,6.90441743503772,6.9433859223301,50
"53",2014,11,7.19636363636364,110,7.51052631578947,6.49411764705882,6.43157894736842,6.94,7.27176470588235,76,34,19,25,85,5423,3532,1891,841,1218,4205,6.93994468006638,7.30608154020385,6.25607615018509,6.46505350772889,6.90514778325123,6.95002378121284,51
"54",2014,12,7.19887640449438,89,7.41363636363636,6.58260869565217,6.47142857142857,7.51176470588235,7.125,66,23,14,17,72,5512,3598,1914,855,1235,4277,6.94412554426705,7.30805447470817,6.26,6.46515789473684,6.9134979757085,6.95296937105448,52
"55",2015,1,6.92771428571429,140,7.24458333333333,6.23636363636364,6.70454545454545,6.99925925925926,6.91061946902655,96,44,22,27,113,5652,3694,1958,877,1262,4390,6.94371903750884,7.30640498105035,6.25946884576098,6.47116305587229,6.91533280507131,6.95187927107061,53
"56",2015,2,7.21600961538462,104,7.65443661971831,6.27272727272727,6.5,7.46666666666667,7.16354651162791,71,33,14,18,86,5756,3765,1991,891,1280,4476,6.94863881167477,7.31296812749004,6.25968859869412,6.47161616161616,6.9230859375,6.95594615728329,54
"57",2015,3,6.86216216216216,111,7.27037037037037,5.76,5.76923076923077,6.925,6.85157894736842,81,30,13,16,95,5867,3846,2021,904,1296,4571,6.94700272711777,7.31207098283931,6.25227115289461,6.46151548672566,6.92310956790123,6.95377707285058,55
"58",2015,4,6.95057471264368,87,7.24426229508197,6.26153846153846,6.18666666666667,6.94285714285714,6.95205479452055,61,26,15,14,73,5954,3907,2047,919,1310,4644,6.94705492106147,7.31101228564116,6.2523888617489,6.45702937976061,6.92332061068702,6.95375,56
"59",2015,5,6.96020833333333,96,7.47848484848485,5.82,6.1,6.84375,6.9835,66,30,15,16,80,6050,3973,2077,934,1326,4724,6.94726363636363,7.31379436194311,6.24614347616755,6.45129550321199,6.9223604826546,6.95425381033023,57
"60",2015,6,7.02898550724638,69,7.31086956521739,6.46521739130435,6.6,7.08666666666667,7.01296296296296,46,23,15,15,54,6119,4019,2100,949,1341,4778,6.94818516097401,7.31376088579248,6.24854285714286,6.453645943098,6.92419835943326,6.95491732942654,58
"61",2015,7,6.93811881188119,101,7.24230769230769,6.38888888888889,6.38260869565217,7.34615384615385,6.87784090909091,65,36,23,13,88,6220,4084,2136,972,1354,4866,6.94802170418006,7.3126236532811,6.25090823970038,6.45196502057613,6.92824963072378,6.95352342786683,59
"62",2015,8,6.73529411764706,85,7.09821428571429,6.03448275862069,6.28125,6.9375,6.68840579710145,56,29,16,16,69,6305,4140,2165,988,1370,4935,6.94515384615384,7.30972342995169,6.24800923787529,6.4492004048583,6.92835766423358,6.9498166160081,60
"63",2015,9,6.79493670886076,79,7.27254901960784,5.925,6.17894736842105,6.94444444444444,6.75081967213115,51,28,19,18,61,6384,4191,2193,1007,1388,4996,6.94329495614035,7.30927105702696,6.24388508891929,6.44410129096326,6.92856628242075,6.94738690952762,61
"64",2015,10,7.0544375,80,7.44758333333333,5.875,5.61111111111111,7.1,7.04717391304348,60,20,9,11,69,6464,4251,2213,1016,1399,5065,6.94467048267327,7.31122324159021,6.24055128784456,6.43672244094488,6.92991422444603,6.94874629812438,62
"65",2015,11,6.9147619047619,105,7.22960526315789,6.08965517241379,6.24375,7.42105263157895,6.80290697674419,76,29,16,19,86,6569,4327,2242,1032,1418,5151,6.94419241893743,7.30978969262769,6.2385994647636,6.43373062015504,6.93649506346967,6.94631139584547,63
"66",2015,12,6.72904761904762,105,7.04772727272727,6.18974358974359,6.34166666666667,6.31818181818182,6.83795180722892,66,39,24,22,83,6674,4393,2281,1056,1440,5234,6.94080761162721,7.30585249260187,6.23776413853573,6.43163825757576,6.92704861111111,6.94459304547191,64
"67",2016,1,6.95984251968504,127,7.2,6.37567567567568,6.25714285714286,6.58125,7.01441441441441,90,37,21,16,111,6801,4483,2318,1077,1456,5345,6.94116306425525,7.30372741467767,6.23996548748921,6.42823584029712,6.92324862637363,6.94604303086997,65
"68",2016,2,7.08481012658228,79,7.39322033898305,6.175,6.44444444444444,7.28888888888889,7.02459016393443,59,20,9,18,61,6880,4542,2338,1086,1474,5406,6.9428125,7.30488991633641,6.23940975192472,6.42837016574585,6.92771370420624,6.94692933777285,66
"69",2016,3,7.04927835051546,97,7.39826086956522,6.18928571428571,6.35,7.21727272727273,7,69,28,14,22,75,6977,4611,2366,1100,1496,5481,6.94429267593521,7.30628713944914,6.23881656804734,6.42737272727272,6.93197192513369,6.94765553731071,67
"70",2016,4,6.96089887640449,89,7.17420289855072,6.225,6.04545454545455,6.63636363636364,7.00666666666667,69,20,11,11,78,7066,4680,2386,1111,1507,5559,6.9445018397962,7.30433974358974,6.23870075440067,6.42359135913591,6.92981420039814,6.94848354020507,68
"71",2016,5,6.92227272727273,110,7.30316455696203,5.95161290322581,6.55882352941176,6.70238095238095,6.97415730337079,79,31,17,21,89,7176,4759,2417,1128,1528,5648,6.94416109253066,7.30432023534356,6.23501861812164,6.42562943262411,6.92668848167539,6.948888101983,69
"72",2016,6,6.92528735632184,87,7.52037037037037,5.95151515151515,5.76315789473684,7.75454545454545,6.80526315789474,54,33,19,11,76,7263,4813,2450,1147,1539,5724,6.94393501307999,7.30674423436526,6.2312,6.4146556233653,6.93260558804418,6.94698113207547,70
"73",2016,7,6.83421052631579,95,7.36230769230769,5.69,5.08333333333333,6.45882352941176,6.91602564102564,65,30,12,17,78,7358,4878,2480,1159,1556,5802,6.942518347377,7.30748462484625,6.22465322580645,6.40087144089732,6.92742930591259,6.94656497759393,71
"74",2016,8,7.19362745098039,102,7.41772151898734,6.42391304347826,6.17647058823529,7.16315789473684,7.20060240963855,79,23,17,19,83,7460,4957,2503,1176,1575,5885,6.94595174262734,7.30924147669962,6.22648421893727,6.39762755102041,6.93027301587301,6.95014783347493,72
"75",2016,9,7.09899159663866,119,7.34229885057471,6.4375,6.53125,7.47727272727273,7.01319587628866,87,32,16,22,97,7579,5044,2535,1192,1597,5982,6.94835466420372,7.30981165741475,6.22914792899408,6.3994211409396,6.93780839073262,6.95117017719826,73
"76",2016,10,7.18032258064516,124,7.4447311827957,6.38709677419355,6.88461538461539,7.65833333333333,7.02776595744681,93,31,13,30,94,7703,5137,2566,1205,1627,6076,6.95208879657276,7.31225423398871,6.23105611847233,6.40465560165975,6.95109403810694,6.9523551678736,74
"77",2016,11,6.99251968503937,127,7.26275510204082,6.07931034482759,5.85833333333333,6.64473684210526,7.0537037037037,98,29,12,19,108,7830,5235,2595,1217,1646,6184,6.95274457215836,7.31132760267431,6.22936030828516,6.39926869350863,6.94755771567436,6.95412516170763,75
"78",2016,12,7.09489583333333,96,7.57794117647059,5.92178571428571,5.91428571428571,6.96428571428571,7.11719512195122,68,28,14,14,82,7926,5303,2623,1231,1660,6266,6.95446631339894,7.31474636997926,6.22607701105604,6.39375304630382,6.94769879518072,6.95625917650814,76
"79",2017,1,6.93184713375796,157,7.2787610619469,6.04090909090909,5.95806451612903,6.975,6.9208,113,44,31,32,125,8083,5416,2667,1262,1692,6391,6.95402697018434,7.31399556868538,6.22302212223472,6.38305071315372,6.94821513002364,6.9555656391801,77
"80",2017,2,6.85252525252525,99,7.12352941176471,6.25806451612903,6.80555555555556,7.35789473684211,6.7325,68,31,18,19,80,8182,5484,2698,1280,1711,6471,6.95279882669274,7.31163384390956,6.2234247590808,6.3889921875,6.95276446522501,6.95280791222377,78
"81",2017,3,7.10078431372549,102,7.42474358974359,6.04791666666667,6.61363636363636,7.18,7.09217391304348,78,24,11,10,92,8284,5562,2722,1291,1721,6563,6.95462095605987,7.31322006472492,6.2218772961058,6.39090627420604,6.9540848343986,6.95476154197775,79
"82",2017,4,7.12833333333333,84,7.34276923076923,6.39473684210526,6.35714285714286,6.5,7.23305555555556,65,19,7,12,72,8368,5627,2741,1298,1733,6635,6.95636472275334,7.31356140039097,6.22307551988325,6.39072419106317,6.95094056549336,6.95778146194423,80
"83",2017,5,7.17362745098039,102,7.435125,6.22272727272727,6.15384615384615,7.16875,7.17453488372093,80,22,13,16,86,8470,5707,2763,1311,1749,6721,6.95898110979929,7.31526546346592,6.22307274701411,6.38837528604119,6.95293310463122,6.96055497693795,81
"84",2017,6,7.15609756097561,82,7.35873015873016,6.48421052631579,6.53076923076923,6.23076923076923,7.3304347826087,63,19,13,13,69,8552,5770,2782,1324,1762,6790,6.96087114125351,7.31574003466204,6.22485621854781,6.38977341389728,6.94760499432463,6.96431369661267,82
"85",2017,7,7.12926829268293,82,7.43852459016393,6.23095238095238,6.56071428571429,7.41666666666667,7.08,61,21,14,12,70,8634,5831,2803,1338,1774,6860,6.96247046560111,7.31702452409535,6.22490189083125,6.3915620328849,6.95077790304397,6.96549416909621,83
"86",2017,8,6.91272727272727,110,7.37746478873239,6.06666666666667,6.3,7.25,6.84673913043478,71,39,20,18,92,8744,5902,2842,1358,1792,6952,6.96184469350412,7.31775160962386,6.22273047149894,6.39021354933726,6.95378348214286,6.96392261219793,84
"87",2017,9,7.23298850574713,87,7.34569230769231,6.9,7.01875,7.90666666666667,7.09263888888889,65,22,16,15,72,8831,5967,2864,1374,1807,7024,6.96451590986298,7.31805597452656,6.22793296089385,6.3975327510917,6.96169341449917,6.96524202733485,85
"88",2017,10,7.11438095238095,105,7.66285714285714,6.01742857142857,5.7375,7.45294117647059,7.04897727272727,70,35,20,17,88,8936,6037,2899,1394,1824,7112,6.96627685765443,7.32205400033129,6.22539151431528,6.3880631276901,6.96627192982456,6.96627812148481,86
"89",2017,11,7.059,100,7.264,6.444,6.375,7.21875,7.02857142857143,75,25,16,16,84,9036,6112,2924,1410,1840,7196,6.9673030101815,7.32134162303665,6.22726060191518,6.38791489361702,6.96846739130435,6.96700528071151,87
"90",2017,12,6.91931818181818,88,7.26769230769231,5.93478260869565,6.27777777777778,6.76470588235294,6.95633802816901,65,23,9,17,71,9124,6177,2947,1419,1857,7267,6.96684020166593,7.32077707625061,6.22497794367153,6.38721634954193,6.96660204631125,6.96690105958442,88
"91",2018,1,6.99257425742574,101,7.21338028169014,6.47,6.38947368421053,6.90625,7.00882352941176,71,30,19,16,85,9225,6248,2977,1438,1873,7352,6.96712195121951,7.3195566581306,6.22744709439032,6.38724617524339,6.96608649225841,6.96738574537541,89
"92",2018,2,6.6471875,96,7.13375,5.1875,5.41666666666667,6.7875,6.619125,72,24,12,16,80,9321,6320,3001,1450,1889,7432,6.96382684261345,7.31743987341772,6.21913028990336,6.37921379310345,6.96457384859714,6.96363697524219,90
"93",2018,3,6.86891779220779,77,7.41768714285714,5.90857142857143,5.72222222222222,6.52,6.9913450877193,49,28,18,20,57,9398,6369,3029,1468,1909,7489,6.96304923068738,7.31821112733553,6.21625949158138,6.37115803814714,6.95991618648507,6.96384786620377,91
"94",2018,4,7.09616279069767,86,7.56370967741935,5.88833333333333,6.07692307692308,7.0625,7.10385714285714,62,24,13,16,70,9484,6431,3053,1481,1925,7559,6.96425629164909,7.32057793033743,6.21368162463151,6.36857528696826,6.96076883116883,6.96514441989681,92
"95",2018,5,7.35526315789474,76,7.60454545454545,6.70238095238095,6.325,8.05416666666667,7.22421875,55,21,10,12,64,9560,6486,3074,1491,1937,7623,6.96736471443515,7.32298591890225,6.2170201691607,6.36828303152247,6.96754259163655,6.96731951593861,93
"96",2018,6,7.04,57,7.4195,6.14705882352941,5.75,7.285,7,40,17,10,8,49,9617,6526,3091,1501,1945,7672,6.96779522408235,7.32357748544284,6.21663539307667,6.36416389073951,6.96884832904884,6.96752824165798,94
"97",2018,7,7.07840909090909,44,7.35666666666667,6.48214285714286,6.21428571428571,6.77777777777778,7.15571428571429,30,14,7,9,35,9661,6556,3105,1508,1954,7707,6.96829900320878,7.32372890024405,6.21783252818035,6.36346816976127,6.96796827021494,6.96838285584533,95
"98",2018,8,7.0875,56,7.29230769230769,6.61764705882353,6.47142857142857,7.725,6.98125,39,17,7,8,48,9717,6595,3122,1515,1962,7755,6.96898596994957,7.32354308870356,6.22000960922485,6.36396699669967,6.97105504587156,6.96846249774339,96
"99",2018,9,7.23125,64,7.45869565217391,6.65,6.7,7.6875,7.16607142857143,46,18,10,8,56,9781,6641,3140,1525,1970,7811,6.97070204171352,7.32447924559554,6.22247452229299,6.36617049180328,6.97396446700508,6.96987923057227,97
"100",2018,10,6.75434782608696,69,7.05350877192982,5.33333333333333,5.85714285714286,6.5,6.7925,57,12,7,9,60,9850,6698,3152,1532,1979,7871,6.96918646395939,7.32217328605554,6.21908946700507,6.36384464751958,6.97180899444164,6.96852708296277,98
"101",2018,11,7.03386363636364,88,7.24785714285714,6.659375,6.5,6.90769230769231,7.05573333333333,56,32,19,13,75,9938,6754,3184,1551,1992,7946,6.96975917387804,7.3215571024578,6.22351444723618,6.36551257253385,6.971390562249,6.96935019758369,99
"102",2018,12,7.12805479452055,73,7.51096,6.29565217391304,6.12857142857143,7.76666666666667,6.96289655172414,50,23,14,15,58,10011,6804,3207,1565,2007,8004,6.97091346219159,7.32294895208701,6.22403180542563,6.363392971246,6.97733432984554,6.96930343203398,100
"103",2019,1,7.11698795180723,83,7.5,6.32259259259259,6.28733333333333,6.70071428571429,7.20144927536232,56,27,15,14,69,10094,6860,3234,1580,2021,8073,6.97211458985536,7.32439426676385,6.22485466914038,6.36267088607595,6.97541810984661,6.97128758454106,101
"104",2019,2,7.10767857142857,56,7.74875,5.505,5.208,6.94444444444444,7.13893617021277,40,16,10,9,47,10150,6900,3250,1590,2030,8120,6.97286252906404,7.3268543,6.22131076923077,6.35540880503144,6.97528078817734,6.97225796428571,102
"105",2019,3,7.33725490196078,51,7.575,6.76666666666667,6.25,7.28571428571429,7.34545454545455,36,15,6,7,44,10201,6936,3265,1596,2037,8164,6.97468431232232,7.32814225346021,6.22381623277182,6.35501253132832,6.97634756995582,6.97426931283684,103
"106",2019,4,7.02597222222222,72,7.44,6.19791666666667,6.13636363636364,6.40625,7.20303571428571,48,24,11,16,56,10273,6984,3289,1607,2053,8220,6.97504377202375,7.32891103522337,6.22362724232289,6.35351586807716,6.97190452995616,6.97582781873479,104
"107",2019,5,7.31428571428571,56,7.60697674418605,6.34615384615385,6.07142857142857,6.85,7.39166666666667,43,13,7,8,48,10329,7027,3302,1614,2061,8268,6.97688301578081,7.33061259000996,6.22410963052695,6.35229244114002,6.97143134400776,6.97824197750363,105
"108",2019,6,7.05993055555556,72,7.7221875,5.73541666666667,5.81666666666667,7.02058823529412,7.07209090909091,48,24,15,17,55,10401,7075,3326,1629,2078,8323,6.97745790500913,7.33326921130742,6.22058328322309,6.34736034376918,6.97183349374398,6.97886214946534,106
"109",2019,7,6.95710144927536,69,7.35521739130435,6.16086956521739,5.76666666666667,6.92857142857143,6.96032258064516,46,23,12,7,62,10470,7121,3349,1641,2085,8385,6.97732375071633,7.33341099143379,6.22017318602568,6.34311395490554,6.97168824940048,6.97872506499702,107
"110",2019,8,6.97493670886076,79,7.21460317460317,6.03125,6.15,6.1875,7.06366197183099,63,16,10,8,71,10549,7184,3365,1651,2093,8456,6.97730587449047,7.33236910773942,6.21927488855869,6.34194427619624,6.96869087434305,6.97943822965941,108
"111",2019,9,7.22041666666667,72,7.41844827586207,6.4,6.8875,7.61454545454545,7.14934426229508,58,14,8,11,61,10621,7242,3379,1659,2104,8517,6.97895392806703,7.33305850179508,6.22002367564368,6.34457504520796,6.9720674904943,6.98065512152166,109
"112",2019,10,7.10031746031746,63,7.44268292682927,6.46227272727273,6.142,7.65777777777778,7.00740740740741,41,22,10,9,54,10684,7283,3401,1669,2113,8571,6.97966956851366,7.33367563778662,6.22159070861511,6.34336129418813,6.97498816848083,6.98082366935013,110
"113",2019,11,6.91071428571429,56,7.35277777777778,6.115,6.23,7.82857142857143,6.77959183673469,36,20,10,7,49,10740,7319,3421,1679,2120,8620,6.97931002513966,7.33376959557316,6.22096755334697,6.34268612269208,6.97780660377358,6.97967977610209,111
"114",2019,12,7.44061880597015,67,7.66934407407407,6.49052923076923,5.58571428571429,7.30833333333333,7.46948109090909,54,13,7,12,55,10807,7373,3434,1686,2132,8675,6.98216999444804,7.33622734978977,6.22198802562609,6.33954329774614,6.9796669793621,6.98278514466859,112
"115",2020,1,6.74701430107527,93,7.07862428571429,6.05063333333333,5.97327777777778,6.50105555555556,6.8060444,63,30,18,18,75,10900,7436,3464,1704,2150,8750,6.98016362018349,7.33404486013986,6.2205040069284,6.33567429577465,6.97566,6.981270224,113
"116",2020,2,6.8027397260274,73,7.11086956521739,6.27777777777778,6.23333333333333,5.45777777777778,6.991875,46,27,15,9,64,10973,7482,3491,1719,2159,8814,6.97898327348947,7.33267275862069,6.22094697221426,6.33478126817917,6.96933256137101,6.98134722713864,114
"117",2020,3,6.62307692307692,39,6.99230769230769,5.88461538461539,5.75,5.8,6.74411764705882,26,13,6,5,34,11012,7508,3504,1725,2164,8848,6.97772279876498,7.33149408364411,6.21969916666666,6.33274724637681,6.96663077634011,6.98043563065099,115
"118",2020,4,7.26666666666667,66,7.732,5.8125,6.7,6.74705882352941,7.4469387755102,50,16,5,17,49,11078,7558,3520,1730,2181,8897,6.97944425528074,7.3341436332363,6.21784826136363,6.33380867052023,6.96491930307199,6.98300488479263,116
"119",2020,5,6.94413873015873,63,7.45738789473684,6.164,6.14,6.94,6.94491962264151,38,25,15,10,53,11141,7596,3545,1745,2191,8950,6.9792446099991,7.3347601790416,6.21746851339915,6.33214269340974,6.96480556823368,6.9827793519553,117
"120",2020,6,7.185,48,7.43942857142857,6.5,6.5,8.24,7.06232558139535,35,13,3,5,43,11189,7631,3558,1748,2196,8993,6.98012728572705,7.33524024636351,6.2185008094435,6.33243077803204,6.96770901639344,6.98315970199044,118
"121",2020,7,7.271875,48,7.7578125,6.3,6.98181818181818,7.54230769230769,7.17142857142857,32,16,11,13,35,11237,7663,3574,1759,2209,9028,6.98137351606301,7.33700487015529,6.21886566312255,6.33649175667993,6.9710905387053,6.9838895879486,119
"122",2020,8,7.04461538461538,65,7.29387755102041,6.28125,6.21428571428571,6.44,7.15454545454545,49,16,7,10,55,11302,7712,3590,1766,2219,9083,6.98173723234826,7.3367308506224,6.21914369916434,6.3360073612684,6.96869716088328,6.98492295497082,120
"123",2020,9,6.80833333333333,60,7.22051282051282,6.04285714285714,5.74444444444444,7.2,6.75660377358491,39,21,9,7,53,11362,7751,3611,1775,2226,9136,6.98082152790002,7.33614608695652,6.2181184934921,6.33300788732394,6.96942452830189,6.98359842381786,121
"124",2020,10,7.07424242424242,66,7.54615384615385,5.32142857142857,5.5,6.39230769230769,7.24150943396226,52,14,5,13,53,11428,7803,3625,1780,2239,9189,6.98136106055303,7.3375456004101,6.21465541517241,6.33066797752809,6.96607369361322,6.98508599412341,122
"125",2020,11,7.16931818181818,88,7.66909090909091,6.33636363636364,6.21428571428571,7.48333333333333,7.11973684210526,55,33,14,12,76,11516,7858,3658,1794,2251,9265,6.98279734282737,7.33986616441842,6.21575338436304,6.32975975473801,6.96883118613949,6.98619052347544,123
"126",2020,12,7.30337837837838,74,7.53482142857143,6.58333333333333,6,7.54615384615385,7.2516393442623,56,18,7,13,61,11590,7914,3676,1801,2264,9326,6.98484419327006,7.34124568107152,6.21755328618063,6.32847806774014,6.97214620141343,6.98792678533133,124
"127",2021,1,7.08125,80,7.41034482758621,6.21363636363636,5.24444444444444,7.17142857142857,7.07260273972603,58,22,9,7,73,11670,7972,3698,1810,2271,9399,6.98550507283633,7.34174840943301,6.21752998377501,6.32308784530387,6.97276045794804,6.98858444515374,125
"128",2021,2,6.76857142857143,70,7.026,6.125,5.78571428571429,7.9375,6.61774193548387,50,20,7,8,62,11740,8022,3718,1817,2279,9461,6.98421160136286,7.33978039391673,6.21703224314147,6.32101761144744,6.97614699429574,6.98615423316774,126
"129",2021,3,7.04807507042254,71,7.18294865384615,6.67894736842105,6.21428571428571,6.09090909090909,7.2235555,52,19,7,11,60,11811,8074,3737,1824,2290,9521,6.98459550673101,7.33877033069111,6.219380754616,6.32060800438596,6.97189475982533,6.98765030248923,127
"130",2021,4,7.24983050847458,59,7.58564102564103,6.595,6.45454545454545,7.42727272727273,7.20916666666667,39,20,11,11,48,11870,8113,3757,1835,2301,9569,6.9859138609941,7.33995706273881,6.22138032472717,6.32141089918256,6.97407170795306,6.98876147246316,128
"131",2021,5,7.30892661016949,59,7.60992255813953,6.5,6.7,7.355,7.29952387755102,43,16,5,10,49,11929,8156,3773,1840,2311,9618,6.98751145946852,7.34138037273173,6.22256185528757,6.32243967391304,6.97572003461705,6.99034468704512,129
"132",2021,6,6.84313725490196,51,7.34722222222222,5.63333333333333,5.3,5.22222222222222,7.19047619047619,36,15,10,9,42,11980,8192,3788,1850,2320,9660,6.98689684474123,7.34140604492187,6.22022858500528,6.31691297297297,6.96891767241379,6.99121482401656,130
"133",2021,7,7.15751765957447,47,7.747238,5.4375,6.16666666666667,6.98333333333333,7.18300804878049,35,12,6,6,41,12027,8227,3800,1856,2326,9701,6.9875636093789,7.34313256958794,6.21775681052631,6.31642726293103,6.96895485812554,6.99202541284403,131
"134",2021,8,7.07530612244898,49,7.418,6.21857142857143,5.86571428571429,6.93285714285714,7.09904761904762,35,14,7,7,42,12076,8262,3814,1863,2333,9743,6.98791963646903,7.34344972766884,6.21775980073414,6.31473376274825,6.96884654950707,6.99248676280406,132
"135",2021,9,6.87017543859649,57,6.91944444444444,6.78571428571429,6,7,6.84255319148936,36,21,8,10,47,12133,8298,3835,1871,2343,9790,6.98736648232094,7.34161022535551,6.22086985136897,6.31338802779262,6.9689795134443,6.99176695914198,133
"136",2021,10,7.05,46,7.39428571428571,5.95454545454545,5.7,6.96153846153846,7.08484848484848,35,11,5,13,33,12179,8333,3846,1876,2356,9823,6.98760304869037,7.34183147125885,6.22010813312532,6.31175319829424,6.96893845500849,6.99207966303573,134
"137",2021,11,7.25458333333333,48,7.82296296296296,6.52380952380952,6.16666666666667,7.33333333333333,7.24333333333333,27,21,12,6,42,12227,8360,3867,1888,2362,9865,6.98865114337123,7.34338536483253,6.2217574036721,6.31083103813559,6.96986409822185,6.99314936948809,135
"138",2021,12,7.06828125,64,7.2631914893617,6.52941176470588,6.375,7.64285714285714,6.99771929824561,47,17,8,7,57,12291,8407,3884,1896,2369,9922,6.98906578227972,7.34293703461401,6.22310398558187,6.31110179324894,6.97185268045589,6.99317562285829,136
"139",2022,1,7.18588235294118,85,7.37049180327869,6.71666666666667,6.125,6.81428571428571,7.21923076923077,61,24,8,7,78,12376,8468,3908,1904,2376,10000,6.99041754444085,7.34313552786963,6.22613507676561,6.31031985294118,6.97138846801347,6.994938853,137
"140",2022,2,7.246875,64,7.55348837209302,6.61904761904762,6.22222222222222,7.72727272727273,7.14716981132075,43,21,9,11,53,12440,8511,3929,1913,2387,10053,6.99173693971061,7.34419829044765,6.22823514380249,6.30990538421328,6.97487180561374,6.99574142345568,138
"141",2022,3,7.20560606060606,66,7.668125,5.97222222222222,5.66666666666667,7.41666666666667,7.1845,48,18,6,6,60,12506,8559,3947,1919,2393,10113,6.99286562689909,7.34601491412548,6.22706761591082,6.30789421573736,6.97597952361053,6.99686132008306,139
"142",2022,4,6.77910714285714,56,7.17340909090909,5.33333333333333,5.5,6.27272727272727,6.90288888888889,44,12,2,11,45,12562,8603,3959,1921,2404,10158,6.99191271533196,7.3451321225154,6.22435864612276,6.30705309734513,6.97276164725458,6.99644502165781,140
"143",2022,5,7.26170212765957,47,7.62631578947368,5.72222222222222,6.375,7.375,7.25116279069767,38,9,4,4,43,12609,8641,3968,1925,2408,10201,6.99291835435007,7.34636866682097,6.22321972782258,6.30719428571429,6.97342981727575,6.99751872659543,141
"144",2022,6,7.53775510204082,49,8.01129032258065,6.72222222222222,5.83333333333333,7.71428571428571,7.50833333333333,31,18,6,7,42,12658,8672,3986,1931,2415,10243,6.9950274553642,7.3487455777214,6.22547312594079,6.30572190574832,6.97557722567288,6.99961325100069,142
"145",2022,7,7.25945454545455,55,7.50131578947368,6.71882352941176,6.83333333333333,7.66428571428571,7.20041666666667,38,17,6,7,48,12713,8710,4003,1937,2422,10291,6.9961714410446,7.34941121125143,6.22756829377966,6.30735622096025,6.97756771263419,7.00054985229813,143
"146",2022,8,7.278,50,7.28837209302326,7.21428571428571,6,7.2875,7.27619047619048,43,7,2,8,42,12763,8753,4010,1939,2430,10333,6.99727552534671,7.34911135039415,6.22929074314214,6.30703919546158,6.97858806584362,7.00167023420111,144
"147",2022,9,7.15564516129032,62,7.42021276595745,6.32666666666667,6.1,8.03,6.9875,47,15,5,10,52,12825,8800,4025,1944,2440,10385,6.99804113294347,7.34949109659091,6.22965363478261,6.3065066872428,6.98289713114754,7.00159928069331,145
"148",2022,10,7.2063829787234,47,7.49166666666667,6.27272727272727,5.5,7.625,7.12051282051282,36,11,4,8,39,12872,8836,4036,1948,2448,10424,6.99880185907396,7.35007035423268,6.22977103072349,6.30485061601643,6.98499550653595,7.00204417977744,146
"149",2022,11,7.14551724137931,58,7.44210526315789,6.582,6.55714285714286,7.65,7.04041666666667,38,20,7,10,48,12930,8874,4056,1955,2458,10472,6.99945997911833,7.35046446360153,6.23150785996055,6.30575396419437,6.98770097640358,7.00222006589,147
"150",2022,12,6.96854171875,64,7.31248234042553,6.01764705882353,5.82857142857143,7.12,6.94049388888889,47,17,7,10,54,12994,8921,4073,1962,2468,10526,6.99930769585963,7.3502643560139,6.23061524183648,6.30405147808359,6.98823703403566,7.00190340110204,148
