"","year","month","avg_rating","no_ratings","avg_rating_owned","avg_rating_not_owned","avg_rating_prev_owned","avg_rating_comment","avg_rating_no_comment","no_ratings_owned","no_ratings_not_owned","no_ratings_prev_owned","no_ratings_comment","no_ratings_no_comment","cum_no_ratings","cum_no_ratings_owned","cum_no_ratings_not_owned","cum_no_ratings_prev_owned","cum_no_ratings_comment","cum_no_ratings_no_comment","cum_avg_rating","cum_avg_rating_owned","cum_avg_rating_not_owned","cum_avg_rating_prev_owned","cum_avg_rating_comment","cum_avg_rating_no_comment","month_after_release"
"1",2010,8,7.609375,16,8.175,6.66666666666667,6.625,7.5,7.675,10,6,4,6,10,16,10,6,4,6,10,7.609375,8.175,6.66666666666667,6.625,7.5,7.675,0
"2",2010,9,7.34,20,7.6,6.85714285714286,7,7.47777777777778,7.22727272727273,13,7,5,9,11,36,23,13,9,15,21,7.45972222222222,7.85,6.76923076923077,6.83333333333333,7.48666666666667,7.44047619047619,1
"3",2010,10,6.86129032258065,31,7.39411764705882,6.21428571428571,6.15384615384615,6.825,6.88421052631579,17,14,13,12,19,67,40,27,22,27,40,7.18283582089552,7.65625,6.48148148148148,6.43181818181818,7.19259259259259,7.17625,2
"4",2010,11,7.12678571428571,28,7.54411764705882,6.48181818181818,6.76,6.77083333333333,7.39375,17,11,5,12,16,95,57,38,27,39,56,7.16631578947368,7.62280701754386,6.48157894736842,6.49259259259259,7.06282051282051,7.23839285714286,3
"5",2010,12,7.13157894736842,38,7.41304347826087,6.7,6.4375,6.89285714285714,7.27083333333333,23,15,8,14,24,133,80,53,35,53,80,7.15639097744361,7.5625,6.5433962264151,6.48,7.01792452830189,7.248125,4
"6",2011,1,7.22820512820513,39,7.425,6.72727272727273,6.8125,7.14285714285714,7.276,28,11,8,14,25,172,108,64,43,67,105,7.17267441860465,7.52685185185185,6.575,6.54186046511628,7.04402985074627,7.2547619047619,5
"7",2011,2,7.192,25,7.425,6.77777777777778,7.5,7,7.28235294117647,16,9,4,8,17,197,124,73,47,75,122,7.1751269035533,7.51370967741935,6.6,6.62340425531915,7.03933333333333,7.25860655737705,6
"8",2011,3,6.59090909090909,33,6.65909090909091,6.45454545454545,6.5,5.64285714285714,6.84615384615385,22,11,10,7,26,230,146,84,57,82,148,7.09130434782609,7.38493150684931,6.58095238095238,6.60175438596491,6.92012195121951,7.18614864864865,7
"9",2011,4,7.09655172413793,29,7.5,5.82857142857143,6.2,6.92857142857143,7.15,22,7,4,7,22,259,168,91,61,89,170,7.09189189189189,7.4,6.52307692307692,6.57540983606557,6.92078651685393,7.18147058823529,8
"10",2011,5,6.99221875,32,6.94004,7.17857142857143,7.85,7.20454545454545,6.881,25,7,5,11,21,291,193,98,66,100,191,7.08093127147766,7.34041968911917,6.56989795918367,6.6719696969697,6.952,7.14843455497382,9
"11",2011,6,6.815625,32,6.99615384615385,6.03333333333333,5.66666666666667,6.95,6.75454545454545,26,6,3,10,22,323,219,104,69,110,213,7.05464705882353,7.29954794520548,6.53894230769231,6.62826086956522,6.95181818181818,7.10775117370892,10
"12",2011,7,7.23103448275862,29,7.388,6.25,6,6.7375,7.41904761904762,25,4,3,8,21,352,244,108,72,118,234,7.06917897727273,7.3086106557377,6.52824074074074,6.60208333333333,6.93728813559322,7.13568803418803,11
"13",2011,8,6.96585365853659,41,7.34642857142857,6.14615384615385,5.87777777777778,6.39333333333333,7.29615384615385,28,13,9,15,26,393,272,121,81,133,260,7.05839949109415,7.31250367647059,6.48719008264463,6.52160493827161,6.87593984962406,7.15173461538461,12
"14",2011,9,6.7345,40,7.01037037037037,6.16153846153846,6.25,6.38333333333333,6.885,27,13,8,12,28,433,299,134,89,145,288,7.02847806004619,7.28522073578595,6.45559701492537,6.49719101123596,6.8351724137931,7.12580208333333,13
"15",2011,10,6.85,55,6.91875,6.66666666666667,7.09090909090909,6.63333333333333,6.93125,40,15,11,15,40,488,339,149,100,160,328,7.00836270491803,7.24197935103245,6.47684563758389,6.5625,6.81625,7.10207621951219,14
"16",2011,11,6.74,55,7.36428571428571,6.09259259259259,6.625,6.72727272727273,6.74318181818182,28,27,16,11,44,543,367,176,116,171,372,6.98118047882136,7.251310626703,6.41789772727273,6.57112068965517,6.81052631578947,7.05962634408602,15
"17",2011,12,6.92213114754098,61,7.10555555555556,6.40625,6.85714285714286,7.16923076923077,6.85520833333333,45,16,7,13,48,604,412,192,123,184,420,6.97521688741722,7.23539077669903,6.41692708333333,6.58739837398374,6.83586956521739,7.03626428571429,16
"18",2012,1,6.89416666666667,72,7.15825,6.5640625,6.23863636363636,6.68545454545455,6.986,40,32,22,22,50,676,452,224,145,206,470,6.96658431952663,7.22856415929204,6.43794642857143,6.53448275862069,6.81980582524272,7.0309170212766,17
"19",2012,2,6.76153846153846,39,7.26153846153846,5.76153846153846,5.6125,6.5875,6.80645161290323,26,13,8,8,31,715,478,237,153,214,501,6.9554,7.23035774058577,6.40084388185654,6.48627450980392,6.8111214953271,7.01702794411178,18
"20",2012,3,6.77916666666667,48,7.10967741935484,6.17647058823529,6.15625,6.55555555555556,6.83076923076923,31,17,16,9,39,763,509,254,169,223,540,6.94431323722149,7.22300785854617,6.38582677165354,6.45502958579882,6.80080717488789,7.00357592592593,19
"21",2012,4,6.94285714285714,28,6.935,6.9625,7.24,7.08333333333333,6.90454545454545,20,8,5,6,22,791,529,262,174,229,562,6.94426169405815,7.2121190926276,6.40343511450382,6.47758620689655,6.8082096069869,6.99969928825623,20
"22",2012,5,6.52325581395349,43,6.60344827586207,6.35714285714286,6.63636363636364,6.33333333333333,6.57352941176471,29,14,11,9,34,834,558,276,185,238,596,6.9225551558753,7.18048566308244,6.40108695652174,6.48702702702703,6.79025210084034,6.97538758389262,21
"23",2012,6,6.60961538461538,52,7.04838709677419,5.96190476190476,5.97857142857143,6.88461538461539,6.51794871794872,31,21,14,13,39,886,589,297,199,251,635,6.90418848758465,7.17353310696095,6.37003367003367,6.45125628140704,6.79513944223108,6.94729291338583,22
"24",2012,7,6.74181818181818,44,7.19137931034483,5.87266666666667,5.91818181818182,6.06818181818182,6.96636363636364,29,15,11,11,33,930,618,312,210,262,668,6.8965064516129,7.17437055016181,6.3461217948718,6.42333333333333,6.76461832061069,6.94823502994012,23
"25",2012,8,6.52127659574468,47,6.58620689655172,6.41666666666667,6.5,6.7,6.4375,29,18,15,15,32,977,647,330,225,277,700,6.87845547594677,7.14800772797527,6.3499696969697,6.42844444444444,6.76111913357401,6.92488714285714,24
"26",2012,9,6.96969696969697,33,7.5,6.40625,6.33333333333333,6.625,7.08,17,16,9,8,25,1010,664,346,234,285,725,6.88143663366336,7.15701957831325,6.35257225433526,6.42478632478633,6.75729824561403,6.93023586206897,25
"27",2012,10,6.625,44,6.7258064516129,6.38461538461539,6.125,5.88888888888889,6.81428571428571,31,13,8,9,35,1054,695,359,242,294,760,6.87073149905123,7.13778561151079,6.35373259052925,6.41487603305785,6.73071428571429,6.92489605263158,26
"28",2012,11,6.64285714285714,42,6.94117647058824,5.375,6.16666666666667,6.5,6.68181818181818,34,8,6,9,33,1096,729,367,248,303,793,6.86199908759124,7.1286159122085,6.33239782016349,6.40887096774194,6.72386138613861,6.91478058007566,27
"29",2012,12,7.00609756097561,41,7.06969696969697,6.74375,6.79,7.225,6.93548387096774,33,8,5,10,31,1137,762,375,253,313,824,6.86719525065963,7.12606430446194,6.34117333333333,6.41640316205534,6.73987220447284,6.91555946601942,28
"30",2013,1,6.43070175438597,57,6.57439024390244,6.0625,6.5,6.43636363636364,6.42934782608696,41,16,11,11,46,1194,803,391,264,324,870,6.84635762144053,7.09789663760897,6.32976982097187,6.41988636363636,6.72956790123457,6.88985172413793,29
"31",2013,2,6.83979591836735,49,7.02241379310345,6.575,6.47058823529412,6.94230769230769,6.80277777777778,29,20,17,13,36,1243,832,411,281,337,906,6.8460989541432,7.095265625,6.34170316301703,6.4229537366548,6.73777448071217,6.88639183222958,30
"32",2013,3,6.73958333333333,48,7.01923076923077,6.40909090909091,6.27777777777778,6.75,6.73684210526316,26,22,18,10,38,1291,858,433,299,347,944,6.84213865220759,7.09296153846154,6.34512702078522,6.41421404682274,6.73812680115274,6.8803718220339,31
"33",2013,4,6.678125,48,6.79864864864865,6.27272727272727,6.33333333333333,6.83333333333333,6.64230769230769,37,11,9,9,39,1339,895,444,308,356,983,6.83625914861837,7.08079441340782,6.34333333333333,6.41185064935065,6.74053370786517,6.87092675483215,32
"34",2013,5,7.10769230769231,39,7.45185185185185,6.33333333333333,6.625,7.72,6.89655172413793,27,12,8,10,29,1378,922,456,316,366,1012,6.8439412191582,7.09166052060738,6.3430701754386,6.41724683544304,6.76729508196721,6.87166106719368,33
"35",2013,6,7.14516129032258,31,7.11363636363636,7.22222222222222,7.08333333333333,7.15,7.14285714285714,22,9,6,10,21,1409,944,465,322,376,1033,6.85056848828957,7.09217266949153,6.36008602150538,6.42965838509317,6.77747340425532,6.87717424975799,34
"36",2013,7,6.79210526315789,57,7.28787878787879,6.11041666666667,5.975,7.1,6.72659574468085,33,24,16,10,47,1466,977,489,338,386,1080,6.84829536152797,7.09878300921187,6.34783231083845,6.40813609467456,6.78582901554404,6.8706212962963,35
"37",2013,8,6.71120689655172,58,7.01744186046512,5.83333333333333,6.04166666666667,7.025,6.64583333333333,43,15,12,10,48,1524,1020,504,350,396,1128,6.8430780839895,7.09535392156863,6.33251984126984,6.39557142857143,6.79186868686869,6.86105585106383,36
"38",2013,9,6.65744680851064,47,7.01290322580645,5.96875,5.85,7.42,6.45135135135135,31,16,10,10,37,1571,1051,520,360,406,1165,6.83752450668364,7.09292197906755,6.32132692307692,6.38041666666667,6.80733990147783,6.84804377682403,37
"39",2013,10,6.53942307692308,52,6.67361111111111,6.2375,6.44166666666667,7.04545454545455,6.40365853658537,36,16,12,11,41,1623,1087,536,372,417,1206,6.82797350585336,7.07903495860165,6.31882462686567,6.38239247311828,6.81362110311751,6.83293615257048,38
"40",2013,11,6.41666666666667,48,6.97916666666667,5.85416666666667,6.02272727272727,6.41666666666667,6.41666666666667,24,24,22,18,30,1671,1111,560,394,435,1236,6.81615858767205,7.07687758775878,6.29891071428571,6.36230964467005,6.79719540229885,6.82283252427184,39
"41",2013,12,6.70625,40,7.14423076923077,5.89285714285714,6.26923076923077,6.53125,6.75,26,14,13,8,32,1711,1137,574,407,443,1268,6.81358912916423,7.07841776605101,6.28900696864111,6.35933660933661,6.7923927765237,6.82099447949527,40
"42",2014,1,6.41987179487179,78,6.72547169811321,5.772,5.83913043478261,6.87692307692308,6.32846153846154,53,25,23,13,65,1789,1190,599,430,456,1333,6.79642314141979,7.06269831932773,6.26742904841402,6.33151162790698,6.79480263157895,6.79697749437359,41
"43",2014,2,6.73522727272727,44,6.91166666666667,6.35714285714286,6.35714285714286,6.625,6.75972222222222,30,14,14,8,36,1833,1220,613,444,464,1369,6.79495417348609,7.05898442622951,6.2694779771615,6.33231981981982,6.791875,6.79599780861943,42
"44",2014,3,6.94444444444444,36,7.21428571428571,6,6.75,7.66666666666667,6.87878787878788,28,8,4,3,33,1869,1248,621,448,467,1402,6.79783360085607,7.06246875,6.26600644122383,6.33604910714286,6.79749464668094,6.79794650499287,43
"45",2014,4,6.37037037037037,27,6.41666666666667,6.27777777777778,6.3125,6.22222222222222,6.44444444444444,18,9,8,9,18,1896,1266,630,456,476,1420,6.79174630801688,7.05328672985782,6.2661746031746,6.33563596491228,6.78661764705882,6.79346549295775,44
"46",2014,5,6.41060606060606,33,6.602,5.8125,6,6.3,6.43035714285714,25,8,4,5,28,1929,1291,638,460,481,1448,6.78522602384655,7.04454763749032,6.26048589341693,6.33271739130435,6.78155925155925,6.78644406077348,45
"47",2014,6,6.62352941176471,34,6.728,6.33333333333333,6.625,6.48333333333333,6.65357142857143,25,9,8,6,28,1963,1316,647,468,487,1476,6.78242536933265,7.03853419452888,6.26149922720247,6.33771367521368,6.77788501026694,6.78392344173442,46
"48",2014,7,6.44615384615385,26,7.11875,5.37,5.1,5.42857142857143,6.82105263157895,16,10,7,7,19,1989,1332,657,475,494,1495,6.77802966314731,7.03949774774775,6.2479299847793,6.31947368421053,6.75876518218623,6.78439531772575,47
"49",2014,8,6.438,35,6.68041666666667,5.90909090909091,6,6.38583333333333,6.46521739130435,24,11,7,12,23,2024,1356,668,482,506,1518,6.77214970355731,7.03314233038348,6.2423502994012,6.31483402489627,6.7499209486166,6.77955928853755,48
"50",2014,9,6.71666666666667,24,6.80588235294118,6.5,6.4,6.375,6.785,17,7,5,4,20,2048,1373,675,487,510,1538,6.77149951171875,7.03032847778587,6.24502222222222,6.31570841889117,6.74698039215686,6.7796300390117,49
"51",2014,10,6.29090909090909,33,6.77058823529412,5.78125,6.28571428571429,6.91,6.02173913043478,17,16,7,10,23,2081,1390,691,494,520,1561,6.76387842383469,7.02715179856115,6.23428364688857,6.31528340080972,6.75011538461538,6.76846316463805,50
"52",2014,11,6.2825,40,6.59259259259259,5.63846153846154,5.44166666666667,6.55,6.19333333333333,27,13,12,10,30,2121,1417,704,506,530,1591,6.75480009429514,7.01887155963303,6.22328125,6.29456521739131,6.74633962264151,6.75761847894406,51
"53",2014,12,6.70740740740741,27,7.08888888888889,5.94444444444444,6.0625,6.93333333333333,6.67916666666667,18,9,8,3,24,2148,1435,713,514,533,1615,6.75420437616387,7.01974982578397,6.21976157082749,6.290953307393,6.74739212007505,6.75645263157895,52
"54",2015,1,6.46339285714286,56,6.72948717948718,5.85294117647059,6.15,7.40909090909091,6.23222222222222,39,17,10,11,45,2204,1474,730,524,544,1660,6.74681533575318,7.01206987788331,6.21121917808219,6.28826335877863,6.76077205882353,6.74224156626506,53
"55",2015,2,6.725,46,6.94814814814815,6.40789473684211,6.425,6.035,6.91666666666667,27,19,10,10,36,2250,1501,749,534,554,1696,6.74636933333333,7.0109200532978,6.21620827770361,6.29082397003745,6.7476714801444,6.74594398584906,54
"56",2015,3,6.82407407407407,27,7.17105263157895,6,5.4,7.33333333333333,6.76041666666667,19,8,5,3,24,2277,1520,757,539,557,1720,6.74729073342117,7.01292171052632,6.21392338177015,6.28256029684601,6.75082585278276,6.74614593023256,55
"57",2015,4,6.36842105263158,38,6.68333333333333,6.085,6.08823529411765,6.41666666666667,6.359375,18,20,17,6,32,2315,1538,777,556,563,1752,6.7410717062635,7.00906436931079,6.21060489060489,6.27661870503597,6.74726465364121,6.73908162100457,56
"58",2015,5,6.57236842105263,38,6.682,6.36153846153846,6.25,6.57142857142857,6.57258064516129,25,13,8,7,31,2353,1563,790,564,570,1783,6.73834721631959,7.0038330134357,6.21308860759494,6.27624113475177,6.74510526315789,6.7361867638811,57
"59",2015,6,6.39428571428571,35,6.57826086956522,6.04166666666667,5.85,6.2875,6.42592592592593,23,12,10,8,27,2388,1586,802,574,578,1810,6.73330443886097,6.99766141235813,6.21052369077307,6.26881533101045,6.73877162629758,6.73155856353591,58
"60",2015,7,6.68604651162791,43,7.03103448275862,5.97142857142857,6.3125,7.64444444444444,6.43235294117647,29,14,8,9,34,2431,1615,816,582,587,1844,6.73246853146853,6.99826068111455,6.20642156862745,6.26941580756014,6.75265758091993,6.72604175704989,59
"61",2015,8,6.52195121951219,41,6.79259259259259,6,5.55,5.48,6.66666666666667,27,14,10,5,36,2472,1642,830,592,592,1880,6.72897694174757,6.99487880633374,6.20293975903614,6.25726351351351,6.74190878378378,6.72490478723404,60
"62",2015,9,6.596875,32,7.07894736842105,5.89230769230769,6.21428571428571,6.5625,6.60833333333333,19,13,7,8,24,2504,1661,843,599,600,1904,6.72728873801917,6.99584045755569,6.19814946619217,6.2567612687813,6.73951666666667,6.72343539915966,61
"63",2015,10,6.73584905660377,53,6.96052631578947,6.16666666666667,6.29166666666667,6.46153846153846,6.825,38,15,12,13,40,2557,1699,858,611,613,1944,6.72746617129449,6.99505061801059,6.19759906759907,6.25744680851064,6.73362153344209,6.72552520576132,62
"64",2015,11,6.68235294117647,51,7.040625,6.07894736842105,6.11538461538461,6.27777777777778,6.76904761904762,32,19,13,9,42,2608,1731,877,624,622,1986,6.72658397239264,6.99589312536106,6.19502850627138,6.25448717948718,6.72702572347267,6.72644561933535,63
"65",2015,12,6.77027027027027,37,7.055,6.43529411764706,6.28333333333333,6.93636363636364,6.7,20,17,12,11,26,2645,1751,894,636,633,2012,6.72719508506616,6.99656824671616,6.19959731543624,6.25503144654088,6.73066350710901,6.72610387673956,64
"66",2016,1,6.45285714285714,42,6.55428571428571,6.25,6.5,6.315,6.48529411764706,28,14,7,8,34,2687,1779,908,643,641,2046,6.72290695943431,6.98960708263069,6.20037444933921,6.25769828926905,6.72547581903276,6.72210215053763,65
"67",2016,2,6.60606060606061,33,7,6.1875,6.45,7.25,6.46296296296296,17,16,10,6,27,2720,1796,924,653,647,2073,6.72148933823529,6.98970545657015,6.20015151515152,6.26064318529862,6.7303400309119,6.71872696575012,66
"68",2016,3,6.471,35,6.695,6.04166666666667,5.16666666666667,6.30944444444444,6.52692307692308,23,12,6,9,26,2755,1819,936,659,656,2099,6.71830707803993,6.98597910940077,6.19811965811966,6.25068285280728,6.72456554878049,6.71635111958075,67
"69",2016,4,6.55689655172414,29,6.996875,6.01538461538462,5.88571428571429,6.295,6.69473684210526,16,13,7,10,19,2784,1835,949,666,666,2118,6.71662571839081,6.98607411444142,6.19561643835616,6.24684684684685,6.71811561561562,6.71615722379603,68
"70",2016,5,6.36363636363636,33,6.77777777777778,5.86666666666667,5.68181818181818,6.8125,6.22,18,15,11,8,25,2817,1853,964,677,674,2143,6.71249059282925,6.9840507285483,6.1904979253112,6.23766617429838,6.71923590504451,6.71036910872609,69
"71",2016,6,6.73260869565217,23,6.83823529411765,6.43333333333333,6.86666666666667,6.625,6.75526315789474,17,6,3,4,19,2840,1870,970,680,678,2162,6.71265352112676,6.98272513368984,6.192,6.24044117647059,6.71867994100295,6.71076364477336,70
"72",2016,7,6.59310344827586,29,7.18823529411765,5.75,5.625,5.5,6.87826086956522,17,12,8,6,23,2869,1887,982,688,684,2185,6.71144510282328,6.98457657657658,6.18659877800407,6.23328488372093,6.70798976608187,6.71252677345538,71
"73",2016,8,6.60142857142857,35,6.96666666666667,6.05357142857143,6.2,6.14285714285714,6.71607142857143,21,14,5,7,28,2904,1908,996,693,691,2213,6.71011914600551,6.98437945492662,6.18472891566265,6.23304473304473,6.70226483357453,6.71257162223227,72
"74",2016,9,6.82678571428571,28,7.00833333333333,6.5,7.3,7.39285714285714,6.63809523809524,18,10,5,7,21,2932,1926,1006,698,698,2234,6.71123328785812,6.98460332294912,6.18786282306163,6.2406876790831,6.70919054441261,6.7118715308863,73
"75",2016,10,6.74915254237288,59,7.2741935483871,6.16785714285714,5.60714285714286,6.80714285714286,6.73111111111111,31,28,14,14,45,2991,1957,1034,712,712,2279,6.71198127716483,6.98919059785386,6.18732108317215,6.22823033707865,6.71111657303371,6.71225142606406,74
"76",2016,11,6.80952380952381,42,7.09523809523809,6.52380952380952,6.6,7.05555555555556,6.74242424242424,21,21,10,9,33,3033,1978,1055,722,721,2312,6.71333201450709,6.99031648129424,6.19401895734597,6.23337950138504,6.7154160887656,6.71268209342561,75
"77",2016,12,6.5125,24,6.33333333333333,6.69166666666667,6.86666666666667,6.66666666666667,6.49047619047619,12,12,9,3,21,3057,1990,1067,731,724,2333,6.71175531566896,6.98635477386935,6.19961574507966,6.24117647058824,6.71521408839779,6.71068195456494,76
"78",2017,1,6.47132075471698,53,7.01371428571429,5.41666666666667,5.38461538461539,5.41666666666667,6.60595744680851,35,18,13,6,47,3110,2025,1085,744,730,2380,6.70765787781351,6.98682765432099,6.1866267281106,6.22620967741936,6.70454109589041,6.70861386554622,77
"79",2017,2,7.04764285714286,42,7.20404,6.81764705882353,6.375,6.6,7.12225,25,17,8,6,36,3152,2050,1102,752,736,2416,6.71218813451777,6.98947658536585,6.1963611615245,6.22779255319149,6.70368885869565,6.7147773178808,78
"80",2017,3,7.03076923076923,39,6.91086956521739,7.203125,6.80555555555556,8.375,6.87714285714286,23,16,9,4,35,3191,2073,1118,761,740,2451,6.71608179254152,6.98860443801254,6.21076923076923,6.23462549277267,6.71272297297297,6.71709587923297,79
"81",2017,4,7.01666666666667,96,7.47916666666667,6.73916666666667,6.62368421052632,7.26136363636364,6.94391891891892,36,60,19,22,74,3287,2109,1178,780,762,2525,6.72486066321874,6.99697818871503,6.23768251273345,6.24410256410257,6.72856299212599,6.72374336633663,80
"82",2017,5,6.47359550561798,89,6.84677419354839,6.27413793103448,6.31666666666667,6.08333333333333,6.59411764705882,31,58,18,21,68,3376,2140,1236,798,783,2593,6.71823667061611,6.9948023364486,6.2393932038835,6.24573934837093,6.71125798212005,6.72034400308523,81
"83",2017,6,6.655625,96,7.29666666666667,6.36424242424242,6.19230769230769,6.175,6.85352941176471,30,66,13,28,68,3472,2170,1302,811,811,2661,6.71650547235023,6.99897557603687,6.24572196620584,6.24488286066585,6.69274352651048,6.72374746335964,82
"84",2017,7,6.69322033898305,59,7.588,6.03529411764706,6.11,6.77272727272727,6.675,25,34,10,11,48,3531,2195,1336,821,822,2709,6.71611639762107,7.00568428246014,6.24036676646707,6.24323995127893,6.69381386861314,6.72288372093023,83
"85",2017,8,6.72569230769231,65,6.86321428571429,6.62162162162162,6.42307692307692,6.75,6.72018867924528,28,37,13,12,53,3596,2223,1373,834,834,2762,6.71628948832036,7.003889788574,6.25064093226511,6.24604316546763,6.69462230215827,6.72283200579291,84
"86",2017,9,6.89984375,64,7.15925925925926,6.71054054054054,5.8,5.9,7.06345454545455,27,37,7,9,55,3660,2250,1410,841,843,2817,6.71949918032787,7.00575422222222,6.26270921985816,6.2423305588585,6.68613879003559,6.72948242811502,85
"87",2017,10,6.56153846153846,78,7.24333333333333,6.13541666666667,6.06666666666667,6.16666666666667,6.61304347826087,30,48,15,9,69,3738,2280,1458,856,852,2886,6.71620304975923,7.0088802631579,6.25851851851852,6.2392523364486,6.68065140845071,6.72669854469855,86
"88",2017,11,6.35625423728814,59,6.90434782608696,6.00608333333333,5.9199,6.55857142857143,6.29331111111111,23,36,10,14,45,3797,2303,1494,866,866,2931,6.71060995522781,7.00783630047764,6.25243574297189,6.23556466512702,6.67867782909931,6.72004469464347,87
"89",2017,12,6.38771929824561,57,6.74166666666667,6.13030303030303,5.85,6.68666666666667,6.28095238095238,24,33,10,15,42,3854,2327,1527,876,881,2973,6.70583445770628,7.0050911044263,6.24979633267845,6.23116324200913,6.67881384790011,6.71384157416751,88
"90",2018,1,6.65820895522388,67,6.8448275862069,6.51578947368421,6.62727272727273,6.83333333333333,6.60769230769231,29,38,11,15,52,3921,2356,1565,887,896,3025,6.70502065799541,7.00311842105263,6.25625495207668,6.23607553551297,6.68140066964286,6.71201685950413,89
"91",2018,2,6.442,50,7.19166666666667,5.75,5.88888888888889,6.5125,6.40882352941177,24,26,9,16,34,3971,2380,1591,896,912,3059,6.7017088894485,7.00501974789916,6.24798177247014,6.23258816964286,6.6784375,6.70864694344557,90
"92",2018,3,6.71754385964912,57,7.11724137931034,6.30357142857143,6.5,6.375,6.7734693877551,29,28,4,8,49,4028,2409,1619,900,920,3108,6.70193296921549,7.00637069323371,6.24894317479926,6.23377666666667,6.67579891304348,6.70966891891892,91
"93",2018,4,6.68977777777778,45,7.08636363636364,6.3104347826087,5.87714285714286,5.64285714285714,6.88263157894737,22,23,7,7,38,4073,2431,1642,907,927,3146,6.70179867419592,7.00709461127108,6.24980450669915,6.23102425578831,6.66799892125135,6.71175810553083,92
"94",2018,5,6.63055789473684,38,7.81,6.20932857142857,6.4375,6.57142857142857,6.64390967741936,10,28,8,7,31,4111,2441,1670,915,934,3177,6.70114016054488,7.01038385907415,6.24912586826347,6.23282950819672,6.66727516059957,6.71109606547057,93
"95",2018,6,6.77918918918919,37,7.00214285714286,6.64347826086957,6.16666666666667,5.783,7.14814814814815,14,23,9,10,27,4148,2455,1693,924,944,3204,6.70183635486982,7.01033686354379,6.25448328411104,6.23218506493507,6.65790783898305,6.7147790886392,94
"96",2018,7,6.76969696969697,33,6.91111111111111,6.6,6.5,7.1,6.71071428571429,18,15,4,5,28,4181,2473,1708,928,949,3232,6.70237196842861,7.00961463809139,6.25751768149883,6.23333943965517,6.66023709167545,6.71474387376238,95
"97",2018,8,6.32857142857143,42,6.61904761904762,6.03809523809524,6,6,6.345,21,21,5,2,40,4223,2494,1729,933,951,3272,6.69865432157234,7.00632598235766,6.25485263157895,6.23208896034298,6.65884858044164,6.71022377750611,96
"98",2018,9,6.62978723404255,47,6.71,6.57037037037037,6.375,7,6.565,20,27,4,7,40,4270,2514,1756,937,958,3312,6.69789629976581,7.00396857597454,6.25970398633257,6.23269903948773,6.66134133611691,6.70846986714976,97
"99",2018,10,6.57567567567568,37,6.69444444444444,6.46315789473684,6.7,6.5,6.58484848484848,18,19,5,4,33,4307,2532,1775,942,962,3345,6.69684634316229,7.00176816745656,6.2618818028169,6.23517940552017,6.66067047817048,6.70725028400598,98
"100",2018,11,6.54390243902439,41,6.74090909090909,6.31578947368421,6.075,6.57272727272727,6.53333333333333,22,19,4,11,30,4348,2554,1794,946,973,3375,6.69540413983441,6.99952114330462,6.26245273132664,6.23450211416491,6.65967625899281,6.70570435555556,99
"101",2018,12,6.51904761904762,42,6.62,6.46296296296296,5.83333333333333,5.58333333333333,6.675,15,27,3,6,36,4390,2569,1821,949,979,3411,6.69371690205011,6.99730517711172,6.26542570016474,6.23323393045311,6.65307967313585,6.70538029903254,100
"102",2019,1,6.58383333333333,60,7.06407407407407,6.19090909090909,6.1875,6.44444444444444,6.60843137254902,27,33,8,9,51,4450,2596,1854,957,988,3462,6.6922353258427,6.99799961479199,6.26409935275081,6.23285161964473,6.65117914979757,6.70395210860774,101
"103",2019,2,6.41555555555556,45,6.70869565217391,6.10909090909091,5.14285714285714,6.69,6.33714285714286,23,22,7,10,35,4495,2619,1876,964,998,3497,6.68946545050056,6.99545895379916,6.2622815565032,6.2249367219917,6.65156813627255,6.70028086931656,102
"104",2019,3,6.64880952380952,42,7.3,6.05681818181818,5.69444444444444,6.25,6.79032258064516,20,22,9,11,31,4537,2639,1898,973,1009,3528,6.68908908970685,6.99776695718075,6.2599,6.22002980472765,6.64719028741328,6.7010720521542,103
"105",2019,4,6.71481481481482,27,7.43636363636364,6.21875,5.66666666666667,6.97142857142857,6.625,11,16,6,7,20,4564,2650,1914,979,1016,3548,6.68924127957932,6.99958754716981,6.25955600835945,6.21663840653728,6.64942421259843,6.70064323562571,104
"106",2019,5,6.52702702702703,37,6.65625,6.42857142857143,5.9,5.33333333333333,6.75806451612903,16,21,5,6,31,4601,2666,1935,984,1022,3579,6.68793679634862,6.99752700675169,6.26139028423772,6.21502947154472,6.64169765166341,6.70114059793238,105
"107",2019,6,6.51428571428571,35,6.79375,6.27894736842105,5,5.725,6.74814814814815,16,19,8,8,27,4636,2682,1954,992,1030,3606,6.68662579810181,6.99631133482476,6.26156100307062,6.2052308467742,6.63457766990291,6.70149256794232,106
"108",2019,7,7.00888880952381,42,7.39396809523809,6.62380952380952,6.33333333333333,7,7.01009,21,21,3,5,37,4678,2703,1975,995,1035,3643,6.68951913852074,6.99940078801332,6.26541275949367,6.20561708542714,6.63634299516908,6.70462682679111,107
"109",2019,8,6.39864864864865,37,6.70588235294118,6.1375,NA,6.41666666666667,6.39516129032258,17,20,0,6,31,4715,2720,1995,995,1041,3674,6.68723659172853,6.99756629779412,6.26413042606516,6.20561708542714,6.63507684918348,6.70201565868264,108
"110",2019,9,6.68107,27,7.09145307692308,6.3,7.5,7,6.58994714285714,13,14,2,6,21,4742,2733,2009,997,1047,3695,6.68720148038802,6.99801288693743,6.26438038825286,6.20821364092277,6.63716809933142,6.70137873342355,109
"111",2019,10,6.86857142857143,35,7.28823529411765,6.47222222222222,4.875,5.92857142857143,7.10357142857143,17,18,4,7,28,4777,2750,2027,1001,1054,3723,6.68853033703161,6.99980698909091,6.26622604834731,6.20288611388612,6.63246204933586,6.70440355089981,110
"112",2019,11,6.52291666666667,48,6.83636363636364,6.25769230769231,6.5,6,6.58372093023256,22,26,6,5,43,4825,2772,2053,1007,1059,3766,6.68688278134715,6.99850981962482,6.26611797369703,6.20465640516385,6.62947592067989,6.70302560276155,111
"113",2019,12,6.49285714285714,35,7.04166666666667,6.20652173913043,5.25,6.83333333333333,6.42241379310345,12,23,6,6,29,4860,2784,2076,1013,1065,3795,6.68548547736625,6.99869584051724,6.26545770712909,6.19900197433366,6.63062441314554,6.70088127009223,112
"114",2020,1,6.44927536231884,69,6.76774193548387,6.18947368421053,6.58571428571429,6.425,6.45245901639344,31,38,7,8,61,4929,2815,2114,1020,1073,3856,6.68217882329073,6.99615247602132,6.26409186376537,6.20165588235294,6.62909133271202,6.69695135373444,113
"115",2020,2,6.37610887096774,62,7.16770833333333,6.05227272727273,5.65,5.80769230769231,6.52691326530612,18,44,10,13,49,4991,2833,2158,1030,1086,3905,6.67837671208175,6.99724248852806,6.25977303058387,6.1963,6.61925874769797,6.69481771318822,114
"116",2020,3,6.62888888888889,45,6.65263157894737,6.61153846153846,7.5,7.2,6.5575,19,26,2,5,40,5036,2852,2184,1032,1091,3945,6.67793450555997,6.99494669354839,6.26396071428571,6.1988265503876,6.62192025664528,6.69342539163498,115
"117",2020,4,6.55,44,7.04117647058824,6.24074074074074,6.25,7.35,6.4474358974359,17,27,4,5,39,5080,2869,2211,1036,1096,3984,6.67682641141732,6.99522062391077,6.26367715965626,6.19902413127413,6.62524178832117,6.69101736194779,116
"118",2020,5,6.604375,40,6.78947368421053,6.43690476190476,6.25,6.2,6.66214285714286,19,21,3,5,35,5120,2888,2232,1039,1101,4019,6.67626038476562,6.99386702562327,6.26530698924731,6.19917131857556,6.623310626703,6.69076590445384,117
"119",2020,6,6.43266666666667,45,7.16947368421053,5.89423076923077,5.07142857142857,6.96428571428571,6.33473684210526,19,26,7,7,38,5165,2907,2258,1046,1108,4057,6.67413807744434,6.99501478156175,6.26103418954827,6.19162428298279,6.62546480144404,6.68743114863199,118
"120",2020,7,6.42105263157895,38,7.05882352941176,5.90476190476191,5.6,6.54545454545455,6.37037037037037,17,21,5,11,27,5203,2924,2279,1051,1119,4084,6.67228967326542,6.9953857626539,6.25775129442738,6.18880970504282,6.62467828418231,6.68533500734574,119
"121",2020,8,6.44333333333333,45,6.84375,6.22241379310345,5.55555555555556,5.875,6.56621621621622,16,29,9,8,37,5248,2940,2308,1060,1127,4121,6.67032644245427,6.99456053401361,6.25730727902946,6.18343301886793,6.61935669920142,6.68426551079835,120
"122",2020,9,6.60735294117647,34,7.215625,6.06666666666667,7.04,6.83571428571429,6.54814814814815,16,18,5,7,27,5282,2956,2326,1065,1134,4148,6.66992108481636,6.99575709404601,6.25583198624247,6.1874544600939,6.62069223985891,6.68337950096432,121
"123",2020,10,6.69756097560976,41,7.2,6.34166666666667,6.25,7.24,6.52258064516129,17,24,4,10,31,5323,2973,2350,1069,1144,4179,6.67013397895923,6.99692498150017,6.25670859574468,6.18768849391955,6.62610576923077,6.68218668820292,122
"124",2020,11,6.98741304347826,46,7.64285714285714,6.43684,7,6.25,7.02093181818182,21,25,6,2,44,5369,2994,2375,1075,1146,4223,6.67285233190538,7.00145556780227,6.25860471578947,6.1922223255814,6.62544938917976,6.68571611887284,123
"125",2020,12,6.53090909090909,55,6.552,6.51333333333333,6.875,6.375,6.55744680851064,25,30,4,8,47,5424,3019,2405,1079,1154,4270,6.67141301069321,6.99773367671415,6.2617822037422,6.19475347544022,6.62371317157712,6.68430425526932,124
"126",2021,1,6.67931034482759,58,7.2875,6.35921052631579,6.39375,6.36666666666667,6.76086956521739,20,38,8,12,46,5482,3039,2443,1087,1166,4316,6.67149656512222,6.99964066140178,6.26329766680311,6.19621803127875,6.62106775300172,6.68512028962002,125
"127",2021,2,6.6406976744186,43,7.05,6.28478260869565,5.76,6.05555555555556,6.79558823529412,20,23,5,9,34,5525,3059,2466,1092,1175,4350,6.67125686334842,6.99996991500491,6.26349805352798,6.1942206959707,6.61673617021277,6.68598371724138,126
"128",2021,3,6.75931707317073,41,7.0316,6.5,6,7.148,6.65,20,21,3,9,32,5566,3079,2487,1095,1184,4382,6.67190552820697,7.00017537187399,6.26549505428227,6.19368858447489,6.62077449324324,6.68572094249201,127
"129",2021,4,6.85,30,7.58823529411765,5.88461538461539,6.33333333333333,6,6.91071428571429,17,13,3,2,28,5596,3096,2500,1098,1186,4410,6.6728602877055,7.00340438307494,6.26351448,6.19407012750455,6.61972765598651,6.68714947165533,128
"130",2021,5,6.25806451612903,31,7.13636363636364,5.775,5,5.75,6.33333333333333,11,20,1,4,27,5627,3107,2520,1099,1190,4437,6.67057511462591,7.00387511103959,6.25963738095238,6.19298362147407,6.61680420168067,6.68499643227406,129
"131",2021,6,6.6,30,6.83333333333333,6.44444444444444,NA,6.64285714285714,6.58695652173913,12,18,0,7,23,5657,3119,2538,1099,1197,4460,6.67020084320311,7.00321897082399,6.26094806934594,6.19298362147407,6.61695655806182,6.68449084529148,130
"132",2021,7,5.92666666666667,27,6.11692307692308,5.75,5.33333333333333,5.33333333333333,6.00083333333333,13,14,3,3,24,5684,3132,2552,1102,1200,4484,6.66666892505278,6.99954022030652,6.25814506269592,6.19064337568058,6.6137475,6.68083166146298,131
"133",2021,8,6.62470588235294,34,7.28333333333333,6.26545454545455,6.508,6.02333333333333,6.75357142857143,12,22,5,6,28,5718,3144,2574,1107,1206,4512,6.66641940713536,7.00062340012723,6.25820753690753,6.19207678410117,6.61081011608624,6.68128306072695,132
"134",2021,9,6.34821428571429,28,7.10909090909091,5.85588235294118,7,5.30555555555556,6.84210526315789,11,17,1,9,19,5746,3155,2591,1108,1215,4531,6.66486880786634,7.00100157527734,6.25556781165573,6.1928059566787,6.60114156378601,6.68195744206577,133
"135",2021,10,6.08241379310345,29,6.63888888888889,5.832,6.14833333333333,5.74142857142857,6.19090909090909,9,20,6,7,22,5775,3164,2611,1114,1222,4553,6.66194392554112,6.99997154551201,6.25232332439678,6.19256642728905,6.59621685761047,6.67958470678673,134
"136",2021,11,6.32954545454545,44,7.125,5.875,6.5,6.25,6.35294117647059,16,28,3,10,34,5819,3180,2639,1117,1232,4587,6.6594305155525,7.00060061949686,6.2483198938992,6.1933921217547,6.59340665584415,6.67716354262045,135
"137",2021,12,6.02175,40,6.716875,5.55833333333333,5.48333333333333,5.99166666666667,6.02705882352941,16,24,6,6,34,5859,3196,2663,1123,1238,4621,6.65507700460829,6.99918021589487,6.2421014645137,6.18959839715049,6.59049030694669,6.67238025752002,136
"138",2022,1,6.50542485294118,68,6.757265,6.34952380952381,6.25,6.4975,6.5064815,26,42,8,8,60,5927,3222,2705,1131,1246,4681,6.6533600573646,6.99722807572936,6.24376939001848,6.19002564102564,6.58989325842696,6.67025380474257,137
"139",2022,2,6.54301886792453,53,6.5,6.58142857142857,6,6.2,6.62279069767442,25,28,5,10,43,5980,3247,2733,1136,1256,4724,6.65238211705686,6.99339971050201,6.24722875960483,6.18918926056338,6.58678901273885,6.6698217739204,138
"140",2022,3,6.85758325,40,7.13424227272727,6.51944444444444,7.1,7.86285714285714,6.64434333333333,22,18,5,7,33,6020,3269,2751,1141,1263,4757,6.65374557973422,6.99434756500459,6.2490098873137,6.193180543383,6.59386144101346,6.66964502627706,139
"141",2022,4,6.81805555555556,36,7.45,6.18611111111111,6.75,4,6.98382352941176,18,18,2,2,34,6056,3287,2769,1143,1265,4791,6.65472232331572,6.99684277152419,6.24860101119537,6.19415485564304,6.5897604743083,6.67187463786266,140
"142",2022,5,6.15909090909091,22,6.41666666666667,5.85,3,NA,6.15909090909091,12,10,1,0,22,6078,3299,2779,1144,1265,4813,6.65292833004278,6.9947324007275,6.24716667866139,6.19136276223776,6.5897604743083,6.66953072719717,141
"143",2022,6,6.21060606060606,33,6.42857142857143,6.05,6.1,6.83333333333333,6.07222222222222,14,19,2,6,27,6111,3313,2798,1146,1271,4840,6.65053974635902,6.99233993057652,6.24582780557541,6.19120331588133,6.590910306845,6.66619863429752,142
"144",2022,7,6.39675862068966,29,6.5004,6.28571428571429,6,6,6.42614814814815,15,14,3,2,27,6140,3328,2812,1149,1273,4867,6.64934110586319,6.9901226532452,6.24602638691323,6.19070409051349,6.58998193244305,6.66486693856585,143
"145",2022,8,6.6,26,7.03846153846154,6.16153846153846,6,7.25,6.54583333333333,13,13,2,2,24,6166,3341,2825,1151,1275,4891,6.64913305060006,6.99031074229273,6.24563759292035,6.19037271937446,6.59101725490196,6.66428284399918,144
"146",2022,9,6.47,30,6.64166666666667,6.35555555555556,7,7.16666666666667,6.39259259259259,12,18,3,3,27,6196,3353,2843,1154,1278,4918,6.64826571820529,6.98906298538623,6.24633352092859,6.19247746967071,6.59236854460094,6.66279125457503,145
"147",2022,10,6.21666666666667,24,6.67857142857143,5.57,NA,6.58333333333333,6.09444444444444,14,10,0,6,18,6220,3367,2853,1154,1284,4936,6.64660038424437,6.98777196020196,6.24396291622853,6.19247746967071,6.59232632398754,6.66071867706645,146
"148",2022,11,6.00119047619048,42,6.23611111111111,5.825,5.95,5.98,6.0078125,18,24,4,10,32,6262,3385,2877,1158,1294,4968,6.6422715410412,6.98377494534712,6.24046791797011,6.19163989637306,6.5875942812983,6.65651316223832,147
"149",2022,12,6.79761904761905,42,7.22857142857143,6.36666666666667,6.95,6.625,6.83823529411765,21,21,4,8,34,6304,3406,2898,1162,1302,5002,6.6433065339467,6.98528426012919,6.24138240165631,6.1942504302926,6.58782411674347,6.65774837864854,148
