"","year","month","avg_rating","no_ratings","avg_rating_owned","avg_rating_not_owned","avg_rating_prev_owned","avg_rating_comment","avg_rating_no_comment","no_ratings_owned","no_ratings_not_owned","no_ratings_prev_owned","no_ratings_comment","no_ratings_no_comment","cum_no_ratings","cum_no_ratings_owned","cum_no_ratings_not_owned","cum_no_ratings_prev_owned","cum_no_ratings_comment","cum_no_ratings_no_comment","cum_avg_rating","cum_avg_rating_owned","cum_avg_rating_not_owned","cum_avg_rating_prev_owned","cum_avg_rating_comment","cum_avg_rating_no_comment","month_after_release"
"1",2001,5,7,1,7,NA,NA,NA,7,1,0,0,0,1,1,1,0,0,0,1,7,7,NA,NA,NA,7,0
"2",2001,6,7.21428571428571,7,7.2,7.25,NA,7.5,7.1,5,2,0,2,5,8,6,2,0,2,6,7.1875,7.16666666666667,7.25,NA,7.5,7.08333333333333,1
"3",2001,7,9.5,2,9.5,NA,NA,NA,9.5,2,0,0,0,2,10,8,2,0,2,8,7.65,7.75,7.25,NA,7.5,7.6875,2
"4",2001,8,6,4,8,5.33333333333333,4.5,4.5,7.5,1,3,2,2,2,14,9,5,2,4,10,7.17857142857143,7.77777777777778,6.1,4.5,6,7.65,3
"5",2001,9,7.57142857142857,7,7.5,8,NA,8,7.5,6,1,0,1,6,21,15,6,2,5,16,7.30952380952381,7.66666666666667,6.41666666666667,4.5,6.4,7.59375,4
"6",2001,10,7.66666666666667,6,7.66666666666667,NA,NA,NA,7.66666666666667,6,0,0,0,6,27,21,6,2,5,22,7.38888888888889,7.66666666666667,6.41666666666667,4.5,6.4,7.61363636363636,5
"7",2001,11,6.83333333333333,6,7.5,5.5,NA,10,6.2,4,2,0,1,5,33,25,8,2,6,27,7.28787878787879,7.64,6.1875,4.5,7,7.35185185185185,6
"8",2001,12,6.8,5,6.75,7,NA,3,7.75,4,1,0,1,4,38,29,9,2,7,31,7.22368421052632,7.51724137931035,6.27777777777778,4.5,6.42857142857143,7.40322580645161,7
"9",2002,1,7,6,7.8,3,NA,7,7,5,1,0,3,3,44,34,10,2,10,34,7.19318181818182,7.55882352941176,5.95,4.5,6.6,7.36764705882353,8
"10",2002,2,6.66666666666667,3,6.66666666666667,NA,NA,7,6.5,3,0,0,1,2,47,37,10,2,11,36,7.15957446808511,7.48648648648649,5.95,4.5,6.63636363636364,7.31944444444444,9
"11",2002,3,8,3,8,NA,NA,NA,8,3,0,0,0,3,50,40,10,2,11,39,7.21,7.525,5.95,4.5,6.63636363636364,7.37179487179487,10
"12",2002,4,3,1,NA,3,NA,NA,3,0,1,0,0,1,51,40,11,2,11,40,7.12745098039216,7.525,5.68181818181818,4.5,6.63636363636364,7.2625,11
"13",2002,5,7,5,7,NA,NA,8,6.75,5,0,0,1,4,56,45,11,2,12,44,7.11607142857143,7.46666666666667,5.68181818181818,4.5,6.75,7.21590909090909,12
"14",2002,6,7.5,4,7,8,9,NA,7.5,2,2,1,0,4,60,47,13,3,12,48,7.14166666666667,7.4468085106383,6.03846153846154,6,6.75,7.23958333333333,13
"15",2002,7,8.4,5,9.33333333333333,7,NA,8,8.66666666666667,3,2,0,2,3,65,50,15,3,14,51,7.23846153846154,7.56,6.16666666666667,6,6.92857142857143,7.32352941176471,14
"16",2002,8,6.90909090909091,11,7.5,5.33333333333333,NA,6.5,7.14285714285714,8,3,0,4,7,76,58,18,3,18,58,7.19078947368421,7.55172413793103,6.02777777777778,6,6.83333333333333,7.30172413793103,15
"17",2002,9,7.6,5,7.6,NA,NA,6,8,5,0,0,1,4,81,63,18,3,19,62,7.21604938271605,7.55555555555556,6.02777777777778,6,6.78947368421053,7.34677419354839,16
"18",2002,10,7.18181818181818,11,7.75,5.66666666666667,6,7,7.25,8,3,1,3,8,92,71,21,4,22,70,7.21195652173913,7.57746478873239,5.97619047619048,6,6.81818181818182,7.33571428571429,17
"19",2002,11,8.3,10,9,7.25,7.66666666666667,7.66666666666667,8.57142857142857,6,4,3,3,7,102,77,25,7,25,77,7.31862745098039,7.68831168831169,6.18,6.71428571428571,6.92,7.44805194805195,18
"20",2002,12,7.33333333333333,9,7,10,NA,8.66666666666667,6.66666666666667,8,1,0,3,6,111,85,26,7,28,83,7.31981981981982,7.62352941176471,6.32692307692308,6.71428571428571,7.10714285714286,7.39156626506024,19
"21",2003,1,8.33333333333333,9,8.83333333333333,7.33333333333333,8,NA,8.33333333333333,6,3,1,0,9,120,91,29,8,28,92,7.39583333333333,7.7032967032967,6.43103448275862,6.875,7.10714285714286,7.48369565217391,20
"22",2003,2,7.4375,16,7.69230769230769,6.33333333333333,NA,7.8,7.27272727272727,13,3,0,5,11,136,104,32,8,33,103,7.40073529411765,7.70192307692308,6.421875,6.875,7.21212121212121,7.46116504854369,21
"23",2003,3,8.05,10,8.8125,5,NA,8.875,7.5,8,2,0,4,6,146,112,34,8,37,109,7.44520547945205,7.78125,6.33823529411765,6.875,7.39189189189189,7.46330275229358,22
"24",2003,4,7.92307692307692,13,8.16666666666667,5,NA,8.14285714285714,7.66666666666667,12,1,0,7,6,159,124,35,8,44,115,7.48427672955975,7.81854838709677,6.3,6.875,7.51136363636364,7.47391304347826,23
"25",2003,5,7.03571428571429,14,7.4375,6.5,NA,7.64285714285714,6.42857142857143,8,6,0,7,7,173,132,41,8,51,122,7.44797687861272,7.79545454545455,6.32926829268293,6.875,7.52941176470588,7.41393442622951,24
"26",2003,6,7.73333333333333,15,8.09090909090909,6.75,8,8,7.6,11,4,1,5,10,188,143,45,9,56,132,7.47074468085106,7.81818181818182,6.36666666666667,7,7.57142857142857,7.4280303030303,25
"27",2003,7,6.86590909090909,44,7.27586206896552,6.07333333333333,6,6.425,7.03125,29,15,1,12,32,232,172,60,10,68,164,7.35603448275862,7.72674418604651,6.29333333333333,6.9,7.36911764705882,7.35060975609756,26
"28",2003,8,7.70588235294118,17,7.85714285714286,7,NA,7.5,7.81818181818182,14,3,0,6,11,249,186,63,10,74,175,7.37991967871486,7.73655913978495,6.32698412698413,6.9,7.37972972972973,7.38,27
"29",2003,9,7.4375,8,7.64285714285714,6,NA,8.83333333333333,6.6,7,1,0,3,5,257,193,64,10,77,180,7.38171206225681,7.73316062176166,6.321875,6.9,7.43636363636364,7.35833333333333,28
"30",2003,10,7.90909090909091,11,8.33333333333333,6,NA,7.4,8.33333333333333,9,2,0,5,6,268,202,66,10,82,186,7.40335820895522,7.75990099009901,6.31212121212121,6.9,7.43414634146342,7.38978494623656,29
"31",2003,11,7.83333333333333,6,7.83333333333333,NA,NA,9,7.25,6,0,0,2,4,274,208,66,10,84,190,7.41277372262774,7.76201923076923,6.31212121212121,6.9,7.47142857142857,7.38684210526316,30
"32",2003,12,7.15384615384615,13,7.3,6.66666666666667,7,7.2,7.125,10,3,1,5,8,287,218,69,11,89,198,7.40104529616725,7.74082568807339,6.32753623188406,6.90909090909091,7.4561797752809,7.37626262626263,31
"33",2004,1,7.22666666666667,30,7.62727272727273,6.125,8,7.15384615384615,7.28235294117647,22,8,1,13,17,317,240,77,12,102,215,7.38454258675079,7.73041666666667,6.30649350649351,7,7.41764705882353,7.36883720930233,32
"34",2004,2,6.875,8,6.85714285714286,7,7,7,6.8,7,1,1,3,5,325,247,78,13,105,220,7.372,7.70566801619433,6.31538461538462,7,7.40571428571429,7.35590909090909,33
"35",2004,3,7.27272727272727,11,7.5,5,NA,9,6.88888888888889,10,1,0,2,9,336,257,79,13,107,229,7.36875,7.69766536964981,6.29873417721519,7,7.43551401869159,7.33755458515284,34
"36",2004,4,7.41176470588235,17,7.625,4,NA,7.21428571428571,7.55,16,1,0,7,10,353,273,80,13,114,239,7.37082152974504,7.69340659340659,6.27,7,7.4219298245614,7.34644351464435,35
"37",2004,5,7.08333333333333,12,6.77777777777778,8,9,7.6,6.71428571428571,9,3,1,5,7,365,282,83,14,119,246,7.3613698630137,7.66418439716312,6.33253012048193,7.14285714285714,7.42941176470588,7.32845528455285,36
"38",2004,6,7.6875,16,7.66666666666667,8,NA,6.6,8.18181818181818,15,1,0,5,11,381,297,84,14,124,257,7.3750656167979,7.66430976430977,6.35238095238095,7.14285714285714,7.39596774193548,7.36498054474708,37
"39",2004,7,7.08823529411765,17,7.28125,4,9,7.28571428571429,6.95,16,1,1,7,10,398,313,85,15,131,267,7.36281407035176,7.64472843450479,6.32470588235294,7.26666666666667,7.39007633587786,7.34943820224719,38
"40",2004,8,8,14,8.5,7.1,NA,8.33333333333333,7.75,9,5,0,6,8,412,322,90,15,137,275,7.38446601941748,7.66863354037267,6.36777777777778,7.26666666666667,7.43138686131387,7.36109090909091,39
"41",2004,9,7.875,20,7.97222222222222,7,10,8.5,7.60714285714286,18,2,1,6,14,432,340,92,16,143,289,7.40717592592593,7.68470588235294,6.38152173913043,7.4375,7.47622377622378,7.37301038062284,40
"42",2004,10,7.29545454545455,22,7.65625,6.33333333333333,5.66666666666667,7.66666666666667,7.03846153846154,16,6,3,9,13,454,356,98,19,152,302,7.40176211453745,7.68342696629214,6.37857142857143,7.15789473684211,7.4875,7.35860927152318,41
"43",2004,11,7.36857142857143,35,7.78,6.34,5.975,7.54,7.3,25,10,4,10,25,489,381,108,23,162,327,7.39938650306749,7.68976377952756,6.375,6.95217391304348,7.49074074074074,7.35412844036697,42
"44",2004,12,7.33333333333333,12,7.5,7,8,6.8,7.71428571428571,8,4,2,5,7,501,389,112,25,167,334,7.39780439121756,7.68586118251928,6.39732142857143,7.036,7.47005988023952,7.36167664670659,43
"45",2005,1,6.63461538461539,26,7.53571428571429,5.58333333333333,5.5,6.38888888888889,6.76470588235294,14,12,2,9,17,527,403,124,27,176,351,7.36015180265655,7.68064516129032,6.31854838709677,6.92222222222222,7.41477272727273,7.33276353276353,44
"46",2005,2,7.39565217391304,23,7.53157894736842,6.75,NA,6.72222222222222,7.82857142857143,19,4,0,9,14,550,422,128,27,185,365,7.36163636363636,7.6739336492891,6.33203125,6.92222222222222,7.38108108108108,7.35178082191781,45
"47",2005,3,7.45714285714286,35,7.61538461538461,7,6,7.66666666666667,7.23529411764706,26,9,3,18,17,585,448,137,30,203,382,7.36735042735043,7.67053571428571,6.37591240875912,6.83,7.4064039408867,7.34659685863874,46
"48",2005,4,7.5,17,7.46428571428571,7.66666666666667,NA,7.78571428571429,7.3,14,3,0,7,10,602,462,140,30,210,392,7.37109634551495,7.66428571428571,6.40357142857143,6.83,7.41904761904762,7.34540816326531,47
"49",2005,5,7.66666666666667,24,7.97058823529412,6.92857142857143,7.5,7.64285714285714,7.67647058823529,17,7,2,7,17,626,479,147,32,217,409,7.38242811501597,7.67515657620042,6.42857142857143,6.871875,7.42626728110599,7.35916870415648,48
"50",2005,6,7.8,20,8,6.66666666666667,6,7.77777777777778,7.81818181818182,17,3,1,9,11,646,496,150,33,226,420,7.3953560371517,7.68629032258065,6.43333333333333,6.84545454545455,7.44026548672566,7.37119047619048,49
"51",2005,7,7.5,18,7.72142857142857,6.725,8,7.68333333333333,7.40833333333333,14,4,1,6,12,664,510,154,34,232,432,7.39819277108434,7.68725490196078,6.44090909090909,6.87941176470588,7.44655172413793,7.37222222222222,50
"52",2005,8,7.38076923076923,26,7.77222222222222,6.5,NA,7.19333333333333,7.63636363636364,18,8,0,15,11,690,528,162,34,247,443,7.39753623188406,7.69015151515152,6.44382716049383,6.87941176470588,7.43117408906883,7.37878103837472,51
"53",2005,9,7.375,20,7.56666666666667,6.8,7.5,6.85714285714286,7.65384615384615,15,5,2,7,13,710,543,167,36,254,456,7.3969014084507,7.68674033149171,6.45449101796407,6.91388888888889,7.41535433070866,7.38662280701754,52
"54",2005,10,7.56521739130435,23,7.88888888888889,6.4,NA,7.27777777777778,7.75,18,5,0,9,14,733,561,172,36,263,470,7.40218281036835,7.69322638146167,6.45290697674418,6.91388888888889,7.4106463878327,7.39744680851064,53
"55",2005,11,7.58333333333333,27,7.859375,7.18181818181818,8,7.61363636363636,7.5625,16,11,1,11,16,760,577,183,37,274,486,7.40861842105263,7.69783362218371,6.49672131147541,6.94324324324324,7.41879562043796,7.40288065843621,54
"56",2005,12,7.45238095238095,42,7.48484848484848,7.33333333333333,6,7.41666666666667,7.47916666666667,33,9,1,18,24,802,610,192,38,292,510,7.4109102244389,7.68631147540984,6.5359375,6.91842105263158,7.41866438356164,7.40647058823529,55
"57",2006,1,7.55882352941176,34,7.74074074074074,6.85714285714286,NA,7.58823529411765,7.52941176470588,27,7,0,17,17,836,637,199,38,309,527,7.41692583732057,7.68861852433281,6.54723618090452,6.91842105263158,7.42799352750809,7.41043643263757,56
"58",2006,2,7.77083333333333,24,8.07894736842105,6.6,NA,7.45,8,19,5,0,10,14,860,656,204,38,319,541,7.42680232558139,7.6999237804878,6.5485294117647,6.91842105263158,7.42868338557994,7.42569316081331,57
"59",2006,3,7.72222222222222,27,7.78571428571429,7.5,8,7.72222222222222,7.72222222222222,21,6,2,9,18,887,677,210,40,328,559,7.43579481397971,7.70258493353028,6.57571428571428,6.9725,7.43673780487805,7.43524150268336,58
"60",2006,4,8.1,15,8.65,7,NA,7.8,8.25,10,5,0,5,10,902,687,215,40,333,569,7.44684035476718,7.71637554585153,6.58558139534884,6.9725,7.44219219219219,7.44956063268893,59
"61",2006,5,7.80434782608696,23,7.86842105263158,7.5,8,7.5,8.08333333333333,19,4,1,11,12,925,706,219,41,344,581,7.45572972972973,7.72046742209632,6.60228310502283,6.99756097560976,7.44404069767442,7.46265060240964,60
"62",2006,6,7.87931034482759,29,8.01851851851852,6,NA,7.875,7.88235294117647,27,2,0,12,17,954,733,221,41,356,598,7.46860587002096,7.73144611186903,6.59683257918552,6.99756097560976,7.45856741573034,7.47458193979933,61
"63",2006,7,7.5859375,32,7.90217391304348,6.77777777777778,7.5,7.5625,7.6,23,9,2,12,20,986,756,230,43,368,618,7.47241379310345,7.73664021164021,6.60391304347826,7.02093023255814,7.46195652173913,7.47864077669903,62
"64",2006,8,7.53703703703704,27,7.80434782608696,6,NA,7.83333333333333,7.38888888888889,23,4,0,9,18,1013,779,234,43,377,636,7.4741362290227,7.73863928112965,6.59358974358974,7.02093023255814,7.47082228116711,7.47610062893082,63
"65",2006,9,7.232,25,7.565,5.9,NA,7.59285714285714,6.77272727272727,20,5,0,14,11,1038,799,239,43,391,647,7.46830443159923,7.7342928660826,6.57907949790795,7.02093023255814,7.47519181585678,7.46414219474498,64
"66",2006,10,7.55344827586207,29,7.58571428571429,7.46875,NA,7.08333333333333,7.67608695652174,21,8,0,6,23,1067,820,247,43,397,670,7.47061855670103,7.73048780487805,6.6078947368421,7.02093023255814,7.46926952141058,7.47141791044776,65
"67",2006,11,7.71951219512195,41,7.81818181818182,7.3125,7.33333333333333,8.0625,7.63636363636364,33,8,3,8,33,1108,853,255,46,405,703,7.47982851985559,7.73388042203986,6.63,7.04130434782609,7.48098765432099,7.47916073968706,66
"68",2006,12,7.78225806451613,31,7.80555555555556,7.625,7.75,7.34090909090909,8.025,27,4,2,11,20,1139,880,259,48,416,723,7.48805970149253,7.73607954545455,6.64536679536679,7.07083333333333,7.47728365384615,7.49426002766252,67
"69",2007,1,7.85116279069767,43,8.01351351351351,6.85,5.5,7.5,8.05925925925926,37,6,2,16,27,1182,917,265,50,432,750,7.50126903553299,7.74727371864776,6.65,7.008,7.478125,7.5146,68
"70",2007,2,7.31461103448276,29,7.67142857142857,6.377965,7,7.44444444444444,7.10215636363636,21,8,1,18,11,1211,938,273,51,450,761,7.49679910817506,7.74557569296375,6.64202827838828,7.0078431372549,7.47677777777778,7.50863826544021,69
"71",2007,3,8.02380952380952,21,8.22222222222222,6.83333333333333,NA,7.90909090909091,8.15,18,3,0,11,10,1232,956,276,51,461,771,7.50578224025974,7.75455020920502,6.64410768115942,7.0078431372549,7.48709327548807,7.51695683527886,70
"72",2007,4,7.80645161290323,31,7.96428571428571,6.33333333333333,5.5,7.45454545454545,8,28,3,2,11,20,1263,984,279,53,472,791,7.51316209026128,7.76051829268293,6.64076602150537,6.95094339622641,7.48633474576271,7.52917031605563,71
"73",2007,5,8.38095238095238,21,8.86666666666667,7.16666666666667,7,9,8,15,6,1,8,13,1284,999,285,54,480,804,7.52735492211838,7.77712712712713,6.65183761403509,6.95185185185185,7.5115625,7.53678323383085,72
"74",2007,6,7.85925925925926,27,8.14545454545454,6.6,NA,7.75,7.97692307692308,22,5,0,14,13,1311,1021,290,54,494,817,7.5341904805492,7.78506366307542,6.65094386206896,6.95185185185185,7.51831983805668,7.54378668298654,73
"75",2007,7,7.68292682926829,41,7.75806451612903,7.45,8,7.625,7.70689655172414,31,10,2,12,29,1352,1052,300,56,506,846,7.53870097633136,7.7842680608365,6.67757906666666,6.98928571428571,7.52084980237154,7.54937791962175,74
"76",2007,8,7.91515151515152,33,7.8625,8.05555555555556,8,8.07777777777778,7.85416666666667,24,9,2,9,24,1385,1076,309,58,515,870,7.54767055595668,7.78601301115242,6.71771430420712,7.02413793103448,7.53058252427184,7.55778588505747,75
"77",2007,9,7.74193548387097,31,8.07692307692308,6,7,7.72727272727273,7.75,26,5,1,11,20,1416,1102,314,59,526,890,7.55192353107345,7.79287658802178,6.70628573248407,7.02372881355932,7.53469581749049,7.56210530337079,76
"78",2007,10,7.68421052631579,38,8.25,6.45833333333333,4,7.56666666666667,7.76086956521739,26,12,1,15,23,1454,1128,326,60,541,913,7.55538082530949,7.80341312056738,6.69715865030675,6.97333333333333,7.53558225508318,7.56711250821468,77
"79",2007,11,7.85365853658537,41,8.01666666666667,7.40909090909091,7,8.58333333333333,7.55172413793103,30,11,1,12,29,1495,1158,337,61,553,942,7.56356101672241,7.8089378238342,6.72039679525222,6.97377049180328,7.55831826401447,7.5666387685775,78
"80",2007,12,7.32291666666667,48,7.32258064516129,7.32352941176471,6.83333333333333,7.25,7.36666666666667,31,17,6,18,30,1543,1189,354,67,571,972,7.55607499675956,7.79625735912532,6.74936079096045,6.96119402985075,7.54859894921191,7.56046679012346,79
"81",2008,1,7.34426229508197,61,7.41111111111111,7.15625,7.5,6.875,7.57317073170732,45,16,4,20,41,1604,1234,370,71,591,1013,7.5480197755611,7.78221231766613,6.766956,6.99154929577465,7.52580372250423,7.56098096742349,80
"82",2008,2,7.42058823529412,34,7.76,6.47777777777778,6,7.6,7.27894736842105,25,9,3,15,19,1638,1259,379,74,606,1032,7.54537467643468,7.78177124702145,6.76008897097625,6.95135135135135,7.5276402640264,7.55578848837209,81
"83",2008,3,8.05,40,8.24137931034483,7.54545454545455,8,8.375,7.96875,29,11,3,8,32,1678,1288,390,77,614,1064,7.55740388557807,7.79211956521739,6.78224030769231,6.99220779220779,7.53868078175896,7.56820838345865,82
"84",2008,4,7.77941176470588,34,8.09523809523809,7.26923076923077,6.5,8.3125,7.61538461538461,21,13,2,8,26,1712,1309,403,79,622,1090,7.56181292056075,7.79698242933537,6.79794967741935,6.97974683544304,7.54863344051447,7.5693336880734,83
"85",2008,5,7.88709677419355,31,8.26190476190476,7.1,7.33333333333333,8,7.83333333333333,21,10,3,10,21,1743,1330,413,82,632,1111,7.56759823293173,7.80432330827068,6.80526324455206,6.99268292682927,7.5557753164557,7.57432378037804,84
"86",2008,6,7.95833333333333,36,8.08620689655172,7.42857142857143,6.5,8.44444444444444,7.7962962962963,29,7,2,9,27,1779,1359,420,84,641,1138,7.5755051826869,7.81033848417954,6.81565171428571,6.98095238095238,7.5682527301092,7.57959026362039,85
"87",2008,7,7.8175,40,8.06296296296296,7.30769230769231,6.44444444444444,8.05,7.69230769230769,27,13,9,14,26,1819,1386,433,93,655,1164,7.5808266739967,7.81525974025974,6.83042429561201,6.92903225806452,7.57854961832061,7.58210800687285,86
"88",2008,8,7.59,25,7.77941176470588,7.1875,7.16666666666667,7.375,7.69117647058824,17,8,6,8,17,1844,1403,441,99,663,1181,7.58095104121475,7.81482537419815,6.83690185941043,6.94343434343434,7.57609351432881,7.58367800169348,87
"89",2008,9,7.37575757575758,33,7.84210526315789,6.74285714285714,6.25,7.61538461538461,7.22,19,14,4,13,20,1877,1422,455,103,676,1201,7.57734348428343,7.81518987341772,6.83400817582417,6.91650485436893,7.57684911242603,7.57762174854288,88
"90",2008,10,7.575,24,7.66666666666667,7.42222222222222,7.625,7,7.98571428571429,15,9,4,10,14,1901,1437,464,107,686,1215,7.57731389794845,7.81363952679193,6.8454175,6.94299065420561,7.56844023323615,7.58232404938272,89
"91",2008,11,7.38461538461539,26,7.88461538461539,6.88461538461539,7.07142857142857,7,7.58823529411765,13,13,7,9,17,1927,1450,477,114,695,1232,7.57471391800726,7.81427586206897,6.84648578616352,6.95087719298246,7.56107913669065,7.58240561688312,90
"92",2008,12,7.59375,48,8,6.78125,7.42857142857143,7.6,7.59166666666667,32,16,7,12,36,1975,1482,493,121,707,1268,7.57517656708861,7.81828609986505,6.84436860040568,6.97851239669421,7.56173974540311,7.5826685488959,91
"93",2009,1,7.74,50,8.06857142857143,6.97333333333333,7.1,7.70833333333333,7.75,35,15,5,12,38,2025,1517,508,126,719,1306,7.57924628148148,7.82406064601187,6.84817661417323,6.98333333333333,7.56418636995827,7.58753730474732,92
"94",2009,2,7.22608695652174,69,7.40625,7.07027027027027,5.3,6.46428571428571,7.42,32,37,10,14,55,2094,1549,545,136,733,1361,7.56760922636103,7.81542930923176,6.86325453211009,6.85955882352941,7.54317871759891,7.5807668772961,93
"95",2009,3,7.36940298507463,67,7.8984375,6.88571428571429,6.14285714285714,7.25,7.40384615384615,32,35,7,15,52,2161,1581,580,143,748,1413,7.56146400740398,7.81710942441493,6.86460986206896,6.82447552447552,7.53729946524064,7.57425599433829,94
"96",2009,4,7.69846153846154,65,8.27407407407407,7.28947368421053,7,7.41666666666667,7.8063829787234,27,38,12,18,47,2226,1608,618,155,766,1460,7.56546438454627,7.82478233830846,6.89073417475728,6.83806451612903,7.53446475195822,7.58172857534246,95
"97",2009,5,7.48181818181818,55,8.1,6.96666666666667,7.5,7.57142857142857,7.45121951219512,25,30,4,14,41,2281,1633,648,159,780,1501,7.56344748794388,7.8289957134109,6.89424956790123,6.85471698113208,7.5351282051282,7.5781637041972,96
"98",2009,6,7.56549295774648,71,7.73611111111111,7.39,6.71428571428571,7.35714285714286,7.61666666666667,36,35,7,14,57,2352,1669,683,166,794,1558,7.56350923469388,7.82699221090473,6.9196540556369,6.84879518072289,7.53198992443325,7.5795723491656,97
"99",2009,7,7.46162790697674,43,7.714,7.11111111111111,5.5,7.52272727272727,7.440625,25,18,6,11,32,2395,1694,701,172,805,1590,7.56168005010438,7.82532467532468,6.92457021398003,6.80174418604651,7.53186335403727,7.5767759245283,98
"100",2009,8,7.47959183673469,49,7.875,7.1,7.5,7.375,7.51351351351351,24,25,7,12,37,2444,1718,726,179,817,1627,7.56003425531915,7.82601862630966,6.930611184573,6.82905027932961,7.52955936352509,7.57533725875845,99
"101",2009,9,7.75357142857143,56,8.19722222222222,6.955,6.28888888888889,6.29230769230769,8.1953488372093,36,20,9,13,43,2500,1754,746,188,830,1670,7.564369488,7.83363740022805,6.93126504021448,6.8031914893617,7.51018072289157,7.59130162874251,100
"102",2009,10,7.72388059701493,67,7.9758064516129,7.50694444444444,7.22222222222222,7.47916666666667,7.77727272727273,31,36,9,12,55,2567,1785,782,197,842,1725,7.56853280872614,7.83610644257703,6.95776690537084,6.82233502538071,7.50973871733967,7.59723114202898,101
"103",2009,11,7.73833333333333,60,8.23548387096774,7.20689655172414,7,7.82142857142857,7.71304347826087,31,29,3,14,46,2627,1816,811,200,856,1771,7.57241100875523,7.84292400881057,6.96667536374846,6.825,7.51483644859813,7.60023925465838,102
"104",2009,12,7.553125,64,7.975,7.13125,6.97,7.34285714285714,7.65581395348837,32,32,10,21,43,2691,1848,843,210,877,1814,7.57195232998885,7.84521103896104,6.97292256227758,6.83190476190476,7.51071835803877,7.60155662624035,103
"105",2010,1,7.59054054054054,74,8.02926829268293,7.04545454545455,7.33333333333333,7.52941176470588,7.60877192982456,41,33,6,17,57,2765,1889,876,216,894,1871,7.57244980831826,7.849205929063,6.97565493150685,6.84583333333333,7.51107382550336,7.6017764404062,104
"106",2010,2,7.27553191489362,47,7.75,6.89230769230769,6.56666666666667,6.8125,7.37051282051282,21,26,3,8,39,2812,1910,902,219,902,1910,7.56748709815078,7.84811518324607,6.97325246119734,6.84200913242009,7.50487804878049,7.59705430366492,105
"107",2010,3,7.66111111111111,36,8.01363636363636,7.10714285714286,7.33333333333333,6.71666666666667,7.85,22,14,3,6,30,2848,1932,916,222,908,1940,7.56867054775281,7.85,6.9752988209607,6.84864864864865,7.49966960352423,7.60096583505155,106
"108",2010,4,7.83620689655172,29,7.978125,7.66153846153846,8,6.76111111111111,8.32,16,13,1,9,20,2877,1948,929,223,917,1960,7.57136729927007,7.8510523613963,6.98490174381055,6.85381165919283,7.49242093784079,7.60830291836735,107
"109",2010,5,7.27096774193548,31,7.65625,6.86,5.75,6.33333333333333,7.65454545454545,16,15,6,9,22,2908,1964,944,229,926,1982,7.56816496561211,7.84946537678208,6.98291707627119,6.82489082969432,7.4811555075594,7.60881620585267,108
"110",2010,6,7.71363636363636,22,7.95384615384615,7.36666666666667,8.33333333333333,7.975,7.65555555555556,13,9,3,4,18,2930,1977,953,232,930,2000,7.56925724232082,7.85015174506829,6.98654115424974,6.84439655172414,7.48327956989247,7.60923686,109
"111",2010,7,7.29310344827586,29,7.11538461538461,7.4375,7,6.625,7.54761904761905,13,16,4,8,21,2959,1990,969,236,938,2021,7.56655076715107,7.84535175879397,6.99398732714138,6.84703389830509,7.47595948827292,7.60859659574468,110
"112",2010,8,7.59210526315789,38,7.97916666666667,6.92857142857143,7.6875,7.29166666666667,7.73076923076923,24,14,8,12,26,2997,2014,983,244,950,2047,7.56687478144812,7.84694637537239,6.99305566632757,6.87459016393443,7.47363157894737,7.61014837322911,111
"113",2010,9,8.09642857142857,28,8.285,7.625,NA,7.77,8.27777777777778,20,8,0,10,18,3025,2034,991,244,960,2065,7.57177643636364,7.85125368731563,6.99815713420787,6.87459016393443,7.47671875,7.6159679031477,112
"114",2010,10,7.48888888888889,45,8.16666666666667,6.47222222222222,6,7.625,7.43939393939394,27,18,3,12,33,3070,2061,1009,247,972,2098,7.57056147231271,7.85538573508006,6.98877474727453,6.86396761133603,7.47854938271605,7.61319052430887,113
"115",2010,11,7.27462686567164,67,7.44594594594595,7.06333333333333,7.66666666666667,7.15625,7.31176470588235,37,30,6,16,51,3137,2098,1039,253,988,2149,7.56424090532356,7.84816491897045,6.99092754571704,6.88300395256917,7.47332995951417,7.60603709632387,114
"116",2010,12,7.70727272727273,55,7.81071428571429,7.6,7.66666666666667,8.0625,7.6468085106383,28,27,3,8,47,3192,2126,1066,256,996,2196,7.56670542606517,7.84767168391345,7.00635433395872,6.8921875,7.47806224899598,7.60690970856102,115
"117",2011,1,7.17090909090909,55,7.89310344827586,6.36538461538461,5.75,6.625,7.26382978723404,29,26,2,8,47,3247,2155,1092,258,1004,2243,7.56000114567293,7.84828306264501,6.99109315018315,6.88333333333333,7.47126494023904,7.5997207846634,116
"118",2011,2,7.628125,32,7.91176470588235,7.30666666666667,6.83333333333333,7.82,7.59259259259259,17,15,3,5,27,3279,2172,1107,261,1009,2270,7.56066597133273,7.84877992633518,6.99536921409214,6.88275862068966,7.47299306243806,7.599636,117
"119",2011,3,7.24583333333333,36,7.88958333333333,5.95833333333333,6,7.38888888888889,7.19814814814815,24,12,3,9,27,3315,2196,1119,264,1018,2297,7.55724697435898,7.84922586520947,6.98424818588025,6.87272727272727,7.47224950884086,7.59491672616456,118
"120",2011,4,7.21794871794872,39,7.57727272727273,6.75294117647059,6.25714285714286,7.4,7.178125,22,17,7,7,32,3354,2218,1136,271,1025,2329,7.55330164579607,7.84652840396754,6.98078672535211,6.85682656826568,7.47175609756098,7.58919009016745,119
"121",2011,5,7.81111111111111,36,8.15652173913043,7.2,6,8.10909090909091,7.68,23,13,1,11,25,3390,2241,1149,272,1036,2354,7.55603944542773,7.84970995091477,6.98326694516971,6.85367647058824,7.47852316602317,7.59015451146984,120
"122",2011,6,7.68452380952381,42,7.89285714285714,7.26785714285714,8.25,7.97727272727273,7.58064516129032,28,14,5,11,31,3432,2269,1163,277,1047,2385,7.55761180652681,7.85024239753195,6.98669279449699,6.87888086642599,7.48376313276027,7.59003090985325,121
"123",2011,7,7.41891891891892,37,7.85714285714286,6.84375,7,7.92857142857143,7.3,21,16,3,7,30,3469,2290,1179,280,1054,2415,7.55613252234073,7.8503056768559,6.98475294317218,6.88017857142857,7.48671726755218,7.58642804140787,122
"124",2011,8,7.81888888888889,45,8.32619047619048,7.375,8.16666666666667,9.25,7.67926829268293,21,24,3,4,41,3514,2311,1203,283,1058,2456,7.55949735913489,7.85463003028992,6.99253842061513,6.89381625441696,7.49338374291115,7.5879778990228,123
"125",2011,9,7.70571428571429,35,8.15,7.23529411764706,6.66666666666667,7.6875,7.71111111111111,18,17,3,8,27,3549,2329,1220,286,1066,2483,7.56093934065934,7.85691283812795,6.99592108196721,6.89143356643357,7.49484052532833,7.5893168425292,124
"126",2011,10,7.47857142857143,28,7.84375,6.99166666666667,7.45,7.25,7.51666666666667,16,12,2,4,24,3577,2345,1232,288,1070,2507,7.560294582052,7.85682302771855,6.99587964285714,6.8953125,7.49392523364486,7.58862134822497,125
"127",2011,11,7.96333333333333,45,8.175,7.67368421052632,8.125,8.52272727272727,7.78235294117647,26,19,4,11,34,3622,2371,1251,292,1081,2541,7.56530196576477,7.86031210459722,7.00617403677058,6.91215753424658,7.50439407955597,7.59121358520268,126
"128",2011,12,7.98484848484848,33,8.5,7.5,7.33333333333333,8.2,7.94642857142857,16,17,3,5,28,3655,2387,1268,295,1086,2569,7.5690899370725,7.86459991621282,7.0127947318612,6.9164406779661,7.50759668508287,7.59508513818606,127
"129",2012,1,7.58983050847458,59,7.9175,6.9,6.4,7.19230769230769,7.70217391304348,40,19,5,13,46,3714,2427,1287,300,1099,2615,7.5694194184168,7.86547177585496,7.01112954156954,6.90783333333333,7.50386715195632,7.59696891778203,128
"130",2012,2,7.29761904761905,42,7.68333333333333,6.78333333333333,7,7.55,7.21875,24,18,3,10,32,3756,2451,1305,303,1109,2647,7.5663801171459,7.86368829049368,7.00798752490422,6.90874587458746,7.50428313796213,7.59239656970155,129
"131",2012,3,7.48484848484848,33,8,6.86666666666667,8.5,7.9,7.41071428571429,18,15,1,5,28,3789,2469,1320,304,1114,2675,7.56567002375297,7.86468205751316,7.00638160606061,6.9139802631579,7.5060592459605,7.59049484859813,130
"132",2012,4,7.4,23,7.86153846153846,6.8,6.75,7.425,7.39473684210526,13,10,4,4,19,3812,2482,1330,308,1118,2694,7.56467044071354,7.8646655922643,7.00482986466165,6.91185064935065,7.50576923076923,7.58911422420193,131
"133",2012,5,6.98717948717949,39,7.83333333333333,5.63333333333333,5.5,7.7,6.88235294117647,24,15,5,5,34,3851,2506,1345,313,1123,2728,7.55882205141522,7.86436552274541,6.98953436431227,6.88929712460064,7.5066340160285,7.58030561583578,132
"134",2012,6,7.40384615384615,26,7.86666666666667,6.77272727272727,4.5,7,7.58333333333333,15,11,2,8,18,3877,2521,1356,315,1131,2746,7.55778274954862,7.86437921459738,6.98777560471976,6.87412698412699,7.50305039787798,7.58032546249089,133
"135",2012,7,7.35470588235294,34,7.73684210526316,6.87066666666667,5.66666666666667,7.75,7.31645161290323,19,15,3,3,31,3911,2540,1371,318,1134,2777,7.55601731526464,7.86342519685039,6.98649432530999,6.86273584905661,7.5037037037037,7.57737980554555,134
"136",2012,8,7.68965517241379,29,7.63333333333333,7.75,6.33333333333333,6.5,7.77777777777778,15,14,3,2,27,3940,2555,1385,321,1136,2804,7.55700094416244,7.86207436399217,6.99421207220217,6.85778816199377,7.50193661971831,7.57930945791726,135
"137",2012,9,7.10714285714286,21,7.35714285714286,6.60714285714286,8,7,7.125,14,7,1,3,18,3961,2569,1392,322,1139,2822,7.55461593536986,7.85932269365512,6.99226560344828,6.86133540372671,7.50061457418788,7.57641166548547,136
"138",2012,10,7.22375,40,7.73214285714286,6.95,6.9125,7.54545454545455,7.10172413793103,14,26,8,11,29,4001,2583,1418,330,1150,2851,7.55130810297426,7.85863337204801,6.99149063469676,6.86257575757576,7.50104347826087,7.57158320589267,137
"139",2012,11,7.65744680851064,47,8.32608695652174,7.01666666666667,7.08333333333333,7.16666666666667,7.72926829268293,23,24,6,6,41,4048,2606,1442,336,1156,2892,7.55254044466403,7.86275901765157,6.99190965325936,6.86651785714286,7.49930795847751,7.57381871369295,138
"140",2012,12,7.92222222222222,36,8.38461538461539,6.72,6.1,7.57142857142857,8.00689655172414,26,10,2,7,29,4084,2632,1452,338,1163,2921,7.55579914789422,7.8679141337386,6.99003699724518,6.86198224852071,7.49974204643164,7.57811835672715,139
"141",2013,1,7.42222222222222,45,7.80769230769231,6.89473684210526,7,6.63636363636364,7.67647058823529,26,19,5,11,34,4129,2658,1471,343,1174,2955,7.55434335674498,7.86732505643341,6.98880606390211,6.86399416909621,7.49165247018739,7.57924998984772,140
"142",2013,2,7.6927027027027,37,8.59166666666667,6.84105263157895,7.6,7.95272727272727,7.58269230769231,18,19,5,11,26,4166,2676,1490,348,1185,2981,7.5555721843495,7.87219730941704,6.98692195973154,6.87456896551724,7.49593248945148,7.57928001341832,141
"143",2013,3,7.6613,40,7.90555555555556,7.46145454545455,6.75,6.51133333333333,7.99516129032258,18,22,6,9,31,4206,2694,1512,354,1194,3012,7.55657767950547,7.87242019302153,6.99382653439153,6.87245762711864,7.4885108877722,7.58356033200531,142
"144",2013,4,7.46111111111111,36,7.5037037037037,7.33333333333333,8,8.12222222222222,7.24074074074074,27,9,4,9,27,4242,2721,1521,358,1203,3039,7.55576749646393,7.86876148474825,6.9958354503616,6.88505586592179,7.49325187032419,7.58051455083909,143
"145",2013,5,7.4,27,8.03125,6.48181818181818,6.66666666666667,7,7.45,16,11,3,3,24,4269,2737,1532,361,1206,3063,7.55478231904427,7.86971136280599,6.99214472584856,6.88324099722992,7.49202487562189,7.57949190989226,144
"146",2013,6,7.5609375,32,7.76315789473684,7.26538461538462,7,8.325,7.38461538461539,19,13,1,6,26,4301,2756,1545,362,1212,3089,7.554828114392,7.86897677793904,6.99444383171521,6.8835635359116,7.49614851485149,7.57785164130787,145
"147",2013,7,7.33333333333333,30,7.93333333333333,6.73333333333333,7.66666666666667,6.78571428571429,7.5,15,15,3,7,23,4331,2771,1560,365,1219,3112,7.55329386284923,7.86932515337423,6.99193315384615,6.89,7.49206890894176,7.5772762596401,146
"148",2013,8,7.67307692307692,26,8.09375,7,7,7.5625,7.72222222222222,16,10,2,8,18,4357,2787,1570,367,1227,3130,7.55400865733303,7.87061356297094,6.99198453503185,6.89059945504087,7.49252811735941,7.57810981469649,147
"149",2013,9,7.60833333333333,30,8.15384615384615,7.19117647058824,7.33333333333333,7.33333333333333,7.63888888888889,13,17,6,3,27,4387,2800,1587,373,1230,3157,7.5543801504445,7.87192857142857,6.99411828607435,6.89772117962467,7.49213983739838,7.57862962305987,148
"150",2013,10,7.06410256410256,39,7.30555555555556,6.85714285714286,7.3,6.77777777777778,7.15,18,21,5,9,30,4426,2818,1608,378,1239,3187,7.55006003615003,7.86831085876508,6.9923294278607,6.90304232804233,7.48695076674738,7.57459482899278,149
"151",2013,11,7.35,28,8.22941176470588,5.99090909090909,6,8.21428571428571,7.06190476190476,17,11,2,7,21,4454,2835,1619,380,1246,3208,7.54880236192187,7.87047619047619,6.98552546016059,6.89828947368421,7.49103691813804,7.57123869077307,150
"152",2013,12,7.29183673469388,49,7.76153846153846,6.76086956521739,6.6875,7.125,7.32439024390244,26,23,8,8,41,4503,2861,1642,388,1254,3249,7.54600615589607,7.86948619363859,6.98237863580999,6.89394329896907,7.48870175438597,7.56812364419821,151
"153",2014,1,7.11612903225806,31,7.43076923076923,6.88888888888889,6.1,8.9,6.77307692307692,13,18,5,5,26,4534,2874,1660,393,1259,3275,7.54306698720777,7.86750173973556,6.98136489156627,6.88384223918575,7.49430659253376,7.56181182290076,152
"154",2014,2,7.459375,32,8.27368421052632,6.26923076923077,7,6.75,7.56071428571429,19,13,1,4,28,4566,2893,1673,394,1263,3303,7.54248044678056,7.87016937435188,6.97583127316198,6.88413705583756,7.49194932699921,7.56180251892219,153
"155",2014,3,7.12903225806452,31,7.46875,6.76666666666667,5.66666666666667,6.7,7.21153846153846,16,15,3,5,26,4597,2909,1688,397,1268,3329,7.53969234718295,7.86796149879684,6.97397258293839,6.87493702770781,7.48882649842271,7.55906690297387,154
"156",2014,4,7.41153846153846,26,8.46666666666667,6.85294117647059,7,7.1,7.46818181818182,9,17,4,4,22,4623,2918,1705,401,1272,3351,7.53897160285529,7.86980808773132,6.97276581818182,6.87618453865337,7.48760377358491,7.55847022381379,155
"157",2014,5,7.89090909090909,33,8.05882352941176,7.7125,8.33333333333333,8.0625,7.836,17,16,3,8,25,4656,2935,1721,404,1280,3376,7.54146600515464,7.87090289608177,6.97964306798373,6.88700495049505,7.491196875,7.56052539099526,156
"158",2014,6,7.51052631578947,19,8.15,6.8,7,7.5,7.51428571428571,10,9,2,5,14,4675,2945,1730,406,1285,3390,7.54134026096257,7.8718505942275,6.97870850867052,6.88756157635468,7.49123112840467,7.56033443067847,157
"159",2014,7,6.18333333333333,33,7.11071428571429,5.5,5.66666666666667,7.09166666666667,5.98148148148148,14,19,3,6,27,4708,2959,1749,409,1291,3417,7.53182152081564,7.86824940858398,6.96264477987421,6.87860635696822,7.48937412858249,7.54785885864794,158
"160",2014,8,7.431,30,8.23705882352941,6.37692307692308,7.63333333333333,8.33333333333333,7.04428571428571,17,13,3,9,21,4738,2976,1762,412,1300,3438,7.53118314056564,7.8703561827957,6.95832333711691,6.88410194174757,7.49521692307692,7.54478293193717,159
"161",2014,9,7.40384615384615,26,7.42857142857143,7.375,5,6.8,7.54761904761905,14,12,2,5,21,4764,2990,1774,414,1305,3459,7.53048818639799,7.86828762541806,6.9611418940248,6.875,7.49255325670498,7.54480015033247,160
"162",2014,10,7.18,35,7.61764705882353,6.76666666666667,7.54285714285714,6.68,7.38,17,18,7,10,25,4799,3007,1792,421,1315,3484,7.52793201083559,7.86687063518457,6.95918845982143,6.88610451306413,7.48637414448669,7.54361760045924,161
"163",2014,11,7.87878787878788,33,8.47727272727273,6.68181818181818,6.5,8.3,7.80357142857143,22,11,2,5,28,4832,3029,1803,423,1320,3512,7.5303281705298,7.87130406074612,6.95749623960067,6.88427895981088,7.48945606060606,7.54569012528474,162
"164",2014,12,6.88,25,6.93333333333333,6.8,7,6.64285714285714,6.97222222222222,15,10,2,7,18,4857,3044,1813,425,1327,3530,7.52698079472926,7.86668199737188,6.95662753447325,6.88482352941177,7.48499020346647,7.54276592634561,163
"165",2015,1,7.365625,32,7.8,6.73076923076923,6.625,7.9375,7.175,19,13,4,8,24,4889,3063,1826,429,1335,3554,7.52592467171201,7.86626836434868,6.9550195618839,6.88240093240093,7.48770187265918,7.54028241980867,164
"166",2015,2,7.04838709677419,31,8.16,6.00625,6.78571428571429,7.6375,6.84347826086957,15,16,7,8,23,4920,3078,1842,436,1343,3577,7.52291579674797,7.86769980506823,6.94677834961998,6.88084862385321,7.48859419210722,7.53580199049483,165
"167",2015,3,7.64137931034483,29,8.15263157894737,6.67,8,7.425,7.676,19,10,1,4,25,4949,3097,1852,437,1347,3602,7.52360996564963,7.86944785276074,6.94528386609071,6.88340961098398,7.48840534521158,7.536775047196,166
"168",2015,4,7.62307692307692,26,8.06666666666667,7.24285714285714,7.8,7.5,7.64545454545455,12,14,3,4,22,4975,3109,1866,440,1351,3624,7.52412979296483,7.87020907044066,6.94751646302251,6.88965909090909,7.48843967431532,7.5374348013245,167
"169",2015,5,7.44518518518518,27,8.26470588235294,6.052,7.00666666666667,8.5,7.26173913043478,17,10,3,4,23,5002,3126,1876,443,1355,3647,7.52370366253499,7.8723544465771,6.94274292110874,6.89045146726862,7.4914258302583,7.53569611187277,168
"170",2015,6,7.98571428571429,21,8.83333333333333,6.85555555555556,7.5,8,7.98235294117647,12,9,2,4,17,5023,3138,1885,445,1359,3664,7.5256352219789,7.87602931803697,6.94232664190982,6.89319101123596,7.49292273730684,7.53776848253275,169
"171",2015,7,8.07368421052632,19,8.26153846153846,7.66666666666667,7.75,8.84,7.8,13,6,4,5,14,5042,3151,1891,449,1364,3678,7.52770046013487,7.87761980323707,6.94462491803279,6.90082405345212,7.49786070381232,7.53876664491572,170
"172",2015,8,7.076,25,7.59285714285714,6.41818181818182,8.8,7.21666666666667,7.03157894736842,14,11,2,6,19,5067,3165,1902,451,1370,3697,7.52547182159069,7.87636018957346,6.94158029442692,6.90924611973393,7.49662919708029,7.53616005409792,171
"173",2015,9,7.52352941176471,17,8.11666666666667,6.1,NA,8.75,7.14615384615385,12,5,0,4,13,5084,3177,1907,451,1374,3710,7.52546532651456,7.87726786276362,6.93937373885684,6.90924611973393,7.50027802037846,7.53479345552561,172
"174",2015,10,7.45851851851852,27,8.45571428571429,6.38461538461539,6.25,6.676,7.63636363636364,14,13,2,5,22,5111,3191,1920,453,1379,3732,7.5251116650362,7.87980570354121,6.9356175625,6.90633554083885,7.49728934010152,7.53539220793141,173
"175",2015,11,7.04411764705882,34,7.38235294117647,6.70588235294118,8,6.25,7.15,17,17,2,4,30,5145,3208,1937,455,1383,3762,7.52193308454811,7.87716957605985,6.9336013009809,6.91114285714286,7.49368185104845,7.53231890483785,174
"176",2015,12,7.58720930232558,43,8.074,6.91111111111111,7.5,7.58333333333333,7.58783783783784,25,18,2,6,37,5188,3233,1955,457,1389,3799,7.52247411719352,7.87869161769255,6.93339423017903,6.91371991247265,7.49406911447084,7.53285962621743,175
"177",2016,1,7.34390243902439,41,7.664,6.84375,7.5,7.875,7.21515151515151,25,16,4,8,33,5229,3258,1971,461,1397,3832,7.5210739567795,7.87704419889503,6.9326665246068,6.91880694143167,7.49625053686471,7.53012362212944,176
"178",2016,2,7.47368421052632,19,8,7.23076923076923,6,8.33333333333333,7.3125,6,13,1,3,16,5248,3264,1984,462,1400,3848,7.52090238567073,7.87727022058824,6.93461981854839,6.91681818181818,7.49804428571429,7.52921874220374,177
"179",2016,3,7.21724137931034,29,7.46875,6.90769230769231,7.65,5,7.29642857142857,16,13,2,1,28,5277,3280,1997,464,1401,3876,7.51923360242562,7.87527743902439,6.93444452679019,6.91997844827586,7.49626124197002,7.52753707946337,178
"180",2016,4,7.96551724137931,29,8.025,7.83333333333333,5,8.875,7.82,20,9,1,4,25,5306,3300,2006,465,1405,3901,7.52167277044855,7.87618484848485,6.93847742771685,6.91584946236559,7.50018647686833,7.52941136118944,179
"181",2016,5,7.38666666666667,30,7.89444444444444,6.625,6,7.05,7.41071428571429,18,12,1,2,28,5336,3318,2018,466,1407,3929,7.52091374062969,7.87628390596745,6.93661333994054,6.91388412017168,7.49954655294954,7.52856546703996,180
"182",2016,6,7.46071428571429,28,7.96842105263158,6.38888888888889,9,8.33333333333333,7.356,19,9,1,3,25,5364,3337,2027,467,1410,3954,7.52059950037286,7.8768085106383,6.93418141095215,6.91835117773019,7.50132056737589,7.52747438543248,181
"183",2016,7,7.51470588235294,34,7.94736842105263,6.96666666666667,6.5,6.91666666666667,7.64285714285714,19,15,4,6,28,5398,3356,2042,471,1416,3982,7.52056237865876,7.87720798569726,6.93442003917728,6.9147983014862,7.49884322033898,7.52828571572074,182
"184",2016,8,7.71428571428571,28,7.94444444444444,7.3,7.5,7.625,7.75,18,10,2,8,20,5426,3374,2052,473,1424,4002,7.52156205676373,7.87756668642561,6.93620161793372,6.91727272727273,7.49955196629214,7.52939373313343,183
"185",2016,9,8.11538461538461,26,8.325,7.41666666666667,7.5,8,8.13636363636364,20,6,2,4,22,5452,3394,2058,475,1428,4024,7.52439393250184,7.88020329994107,6.93760239067055,6.91972631578948,7.50095378151261,7.53271215705765,184
"186",2016,10,7.21428571428571,28,7.71052631578947,6.16666666666667,5.83333333333333,6.78571428571429,7.35714285714286,19,9,3,7,21,5480,3413,2067,478,1435,4045,7.52280943795621,7.87925871667155,6.93424563134978,6.9129079497908,7.49746480836237,7.53180067243511,185
"187",2016,11,7.43292682926829,41,7.72916666666667,7.01470588235294,8.75,7.36111111111111,7.453125,24,17,3,9,32,5521,3437,2084,481,1444,4077,7.52214195254483,7.87821064882165,6.93490197696737,6.92436590436591,7.49661495844875,7.53118315428011,186
"188",2016,12,7.59411764705882,34,8.37222222222222,6.71875,6.14285714285714,7.725,7.52272727272727,18,16,7,12,22,5555,3455,2100,488,1456,4099,7.52258248784879,7.88078437047757,6.9332551047619,6.91315573770492,7.49849725274725,7.53113777018785,187
"189",2017,1,7.43125,48,7.67272727272727,6.9,7,7.3875,7.44,33,15,4,8,40,5603,3488,2115,492,1464,4139,7.52180005711226,7.87881594036697,6.93301925295508,6.91386178861789,7.49789071038252,7.53025699927519,188
"190",2017,2,7.0575,40,7.35714285714286,6.72631578947368,6.66666666666667,7.41666666666667,6.99411764705882,21,19,3,6,34,5643,3509,2134,495,1470,4173,7.51850889952153,7.87569392989456,6.93117887535145,6.91236363636364,7.49755918367347,7.52588874191229,189
"191",2017,3,7.27142857142857,28,7.64444444444444,6.6,7,6.375,7.42083333333333,18,10,4,4,24,5671,3527,2144,499,1474,4197,7.51728896490919,7.87451375106323,6.92963419776119,6.91306613226453,7.49451289009498,7.52528799618775,190
"192",2017,4,7.38333333333333,30,7.68421052631579,6.86363636363636,5.5,7.625,7.34615384615385,19,11,2,4,26,5701,3546,2155,501,1478,4223,7.51658405893703,7.87349407783418,6.92929731786543,6.9074251497006,7.49486603518268,7.5241851101113,191
"193",2017,5,7.54,25,7.92857142857143,7.04545454545455,7.75,8.25,7.47826086956522,14,11,2,2,23,5726,3560,2166,503,1480,4246,7.5166862940971,7.8737106741573,6.92988722068329,6.91077534791253,7.49588648648649,7.5239363447951,192
"194",2017,6,7.78260869565217,23,8.08333333333333,6.7,8,7.42857142857143,7.9375,18,5,1,7,16,5749,3578,2171,504,1487,4262,7.517750168725,7.87476523197317,6.92935777061262,6.91293650793651,7.49556960322798,7.52548890661661,193
"195",2017,7,6.97666666666667,30,7.9375,5.87857142857143,7,8.25,6.78076923076923,16,14,1,4,26,5779,3594,2185,505,1491,4288,7.51494129088078,7.87504451864218,6.92262504347826,6.91310891089109,7.49759356136821,7.5209733488806,194
"196",2017,8,7.44444444444444,18,7.90909090909091,6.71428571428571,NA,6.33333333333333,7.66666666666667,11,7,0,3,15,5797,3605,2192,505,1494,4303,7.5147223943419,7.87514840499307,6.92195972627737,6.91310891089109,7.49525568942437,7.5214812270509,195
"197",2017,9,7.79473684210526,19,8.08461538461538,7.16666666666667,6,8,7.72142857142857,13,6,2,5,14,5816,3618,2198,507,1499,4317,7.51563715955984,7.87590105030404,6.92262771610555,6.90950690335306,7.49693929286191,7.52212965485291,196
"198",2017,10,7.36842105263158,38,7.97916666666667,6.32142857142857,6.78571428571429,6,7.52941176470588,24,14,7,4,34,5854,3642,2212,514,1503,4351,7.51468153741032,7.87658154859967,6.91882265822785,6.90782101167315,7.49295542248836,7.52218655941163,197
"199",2017,11,7.42439024390244,41,8.03913043478261,6.63888888888889,7.5,8.41428571428571,7.22058823529412,23,18,2,7,34,5895,3665,2230,516,1510,4385,7.51405355725191,7.87760163710778,6.91656310313901,6.91011627906977,7.49722649006623,7.51984805473204,198
"200",2017,12,7.66666666666667,39,8.41304347826087,6.59375,6.66666666666667,7.85714285714286,7.56,23,16,3,14,25,5934,3688,2246,519,1524,4410,7.51505657566566,7.88094088937093,6.91426345503117,6.90870905587669,7.50053280839895,7.52007567346939,199
"201",2018,1,7.28260869565217,46,8.01851851851852,6.23684210526316,6.5,6.25,7.38095238095238,27,19,2,4,42,5980,3715,2265,521,1528,4452,7.51326851505017,7.88194078061911,6.90858089183223,6.90714011516315,7.49725916230367,7.51876318957772,200
"202",2018,2,7.00322580645161,31,7.23684210526316,6.63333333333333,6.525,7.26666666666667,6.94,19,12,4,6,25,6011,3734,2277,525,1534,4477,7.51063811678589,7.87865827530798,6.90713031181379,6.90422857142857,7.49635723598436,7.51553132008041,201
"203",2018,3,8,19,7.78571428571429,8.6,8,9.9,7.89444444444444,14,5,1,1,18,6030,3748,2282,526,1535,4495,7.51218005306799,7.87831109925294,6.91083949167397,6.90631178707224,7.49792312703583,7.51704865850945,202
"204",2018,4,7.63333333333333,39,8.02,6.94285714285714,6.2,7.875,7.57096774193548,25,14,5,8,31,6069,3773,2296,531,1543,4526,7.51295859614434,7.87924993373973,6.91103472125436,6.89966101694915,7.49987815942968,7.51741796730004,203
"205",2018,5,7.88666652173913,23,8.24238071428571,7.33333333333333,7.33333333333333,8,7.881515,14,9,3,1,22,6092,3787,2305,534,1544,4548,7.51436950919238,7.88059237655136,6.91268360954447,6.90209737827715,7.50020207253886,7.51917921064204,204
"206",2018,6,7.83333333333333,18,7.9,7.75,8,9,7.76470588235294,10,8,2,1,17,6110,3797,2313,536,1545,4565,7.51530917348609,7.88064348959705,6.91557964548206,6.90619402985075,7.50117281553398,7.52009354874042,205
"207",2018,7,7.70625,16,7.88888888888889,7.47142857142857,6.9,8,7.68666666666667,9,7,2,1,15,6126,3806,2320,538,1546,4580,7.5158078762651,7.88066298738833,6.91725677586207,6.90617100371747,7.50149547218629,7.52063909388646,206
"208",2018,8,7.21290322580645,31,7.675,6.37272727272727,8,7.5,7.19310344827586,20,11,3,2,29,6157,3826,2331,541,1548,4609,7.51428277570245,7.87958790642969,6.91468713856714,6.91223659889094,7.50149354005168,7.51857822738121,207
"209",2018,9,7.21428571428571,14,7.75,5.875,7.25,NA,7.21428571428571,10,4,2,0,14,6171,3836,2335,543,1548,4623,7.51360217954951,7.87925008602711,6.91290608993576,6.91348066298343,7.50149354005168,7.5176567272334,208
"210",2018,10,7.49615384615385,26,7.93529411764706,6.66666666666667,6.5,8.25,7.43333333333333,17,9,3,2,24,6197,3853,2344,546,1550,4647,7.51352897369695,7.87949736049831,6.91196063139932,6.91120879120879,7.50245935483871,7.51722122874973,209
"211",2018,11,7.47428571428571,35,7.66363636363636,7.15384615384615,7.4,8.16666666666667,7.33103448275862,22,13,5,6,29,6232,3875,2357,551,1556,4676,7.5133085767009,7.87827182709677,6.91329474756046,6.9156442831216,7.5050205655527,7.51606652053037,210
"212",2018,12,7.5695652173913,23,7.88125,6.85714285714286,10,7.83333333333333,7.47647058823529,16,7,1,6,17,6255,3891,2364,552,1562,4693,7.51351543565148,7.87828407350296,6.91312847715736,6.92123188405797,7.50628169014085,7.51592308757724,211
"213",2019,1,7.13783783783784,37,7.76666666666667,6.3125,7,7.86666666666667,7.07352941176471,21,16,3,3,34,6292,3912,2380,555,1565,4727,7.5113062698665,7.87768490030675,6.90909063865546,6.92165765765766,7.50697252396166,7.51274107256188,212
"214",2019,2,7.43925925925926,27,7.42190476190476,7.5,8,8,7.36916666666667,21,6,2,3,24,6319,3933,2386,557,1568,4751,7.51099842538376,7.87525129163488,6.91057658005029,6.92552962298025,7.50791581632653,7.51201579667438,213
"215",2019,3,7.40972222222222,36,7.775,6.953125,7.5,7.61363636363636,7.32,20,16,6,11,25,6355,3953,2402,563,1579,4776,7.51042471282455,7.87474407538578,6.91086,6.93165186500888,7.50865231158962,7.51101068886097,214
"216",2019,4,7.33703703703704,27,7.9,6.63333333333333,6.66666666666667,7,7.364,15,12,3,2,25,6382,3968,2414,566,1581,4801,7.50969117047947,7.87483954889113,6.90948041425021,6.93024734982332,7.50800885515497,7.5102451676734,215
"217",2019,5,7.525,20,7.44444444444444,7.59090909090909,7.1,8.125,7.375,9,11,5,4,16,6402,3977,2425,571,1585,4817,7.50973899562637,7.87386555946694,6.91257143092783,6.93173380035026,7.50956593059937,7.50979594145734,216
"218",2019,6,7.63896551724138,29,7.77409090909091,7.21428571428571,7,7.50375,7.69047619047619,22,7,3,8,21,6431,3999,2432,574,1593,4838,7.51032173067952,7.87331666166542,6.91343985197368,6.9320905923345,7.50953672316384,7.51058020876395,217
"219",2019,7,7.56088866666667,15,7.49333307692308,8,9,8,7.49333307692308,13,2,1,2,13,6446,4012,2434,575,1595,4851,7.51043940117903,7.87208540877368,6.91433267050123,6.93568695652174,7.51015172413793,7.51053398886827,218
"220",2019,8,7.15217391304348,23,7.73333333333333,6.0625,7.5,7.5,7.11904761904762,15,8,1,2,21,6469,4027,2442,576,1597,4872,7.50916561756067,7.87156857710454,6.91154206388206,6.93666666666667,7.51013901064496,7.50884654761905,219
"221",2019,9,7.065,20,7.125,6.975,7.125,8,6.96111111111111,12,8,4,2,18,6489,4039,2450,580,1599,4890,7.50779663738635,7.86935049764793,6.91174927346939,6.93796551724138,7.51075171982489,7.50683034355828,220
"222",2019,10,7.17857142857143,28,7.55555555555556,6.5,5,6.5,7.23076923076923,18,10,2,2,26,6517,4057,2460,582,1601,4916,7.50638213595213,7.86795825979788,6.91007549593496,6.9313058419244,7.50948906933167,7.50537029698942,221
"223",2019,11,7.50388461538462,26,7.65,7.2701,7.5202,7.12,7.59528571428571,16,10,5,5,21,6543,4073,2470,587,1606,4937,7.50637221152377,7.86710205254112,6.91153308502024,6.93632197614992,7.50827646326277,7.5057527607859,222
"224",2019,12,7.74037037037037,27,7.88833333333333,7.44444444444444,6,6.4,8.045,18,9,1,5,22,6570,4091,2479,588,1611,4959,7.507333847793,7.86719546810071,6.91346781766841,6.93472959183674,7.50483674736189,7.50814506553741,223
"225",2020,1,7.30787878787879,33,7.73913043478261,6.316,5.5,6.75,7.3848275862069,23,10,2,4,29,6603,4114,2489,590,1615,4988,7.50633702559443,7.86647949927078,6.91106738449176,6.92986610169492,7.50296718266254,7.50742810344828,224
"226",2020,2,7.18930769230769,26,7.8348,6.30909090909091,2,6.21525,7.62222222222222,15,11,1,8,18,6629,4129,2500,591,1623,5006,7.50509358575954,7.86636441269073,6.908418688,6.92152453468697,7.49661983980284,7.50784086695965,225
"227",2020,3,7.24074074074074,27,7.26470588235294,7.2,8,7.875,7.1304347826087,17,10,1,4,23,6656,4146,2510,592,1627,5029,7.50402124098558,7.86389740955138,6.90958036653386,6.92334628378379,7.49755009219422,7.50611481010141,226
"228",2020,4,7.24533333333333,30,7.28,7.2,7.25,8.75,7.13785714285714,17,13,4,2,28,6686,4163,2523,596,1629,5057,7.5028605115166,7.86151300984867,6.91107678160919,6.92553859060403,7.49908778391652,7.50407581174609,227
"229",2020,5,7.62692307692308,26,7.85,7.125,6.5,6.92857142857143,7.88421052631579,18,8,2,7,19,6712,4181,2531,598,1636,5076,7.50334108760429,7.86146344415212,6.91175295140261,6.92411538461539,7.49664669926651,7.50549869582348,228
"230",2020,6,7.50484848484848,33,8.06818181818182,6.37818181818182,5.66666666666667,7.8,7.45214285714286,22,11,3,5,28,6745,4203,2542,601,1641,5104,7.50334846256486,7.86254548179872,6.90944402832415,6.91783860232945,7.49757099329677,7.50520599137931,229
"231",2020,7,7.50952380952381,21,7.90714285714286,6.71428571428571,6.25,7.9,7.44444444444444,14,7,2,3,18,6766,4217,2549,603,1644,5122,7.50336762932309,7.86269354043159,6.90890808944684,6.91562354892206,7.49830535279806,7.50499245997657,230
"232",2020,8,7.11904761904762,21,7.5,6.7,6.25,6.83333333333333,7.16666666666667,11,10,4,3,18,6787,4228,2559,607,1647,5140,7.50217848533962,7.86174991958373,6.90809172332942,6.91123723228995,7.49709411050395,7.5038076614786,231
"233",2020,9,6.81818181818182,22,7.5625,4.83333333333333,NA,6.57142857142857,6.93333333333333,16,6,0,7,15,6809,4244,2565,607,1654,5155,7.499968479953,7.86062173892554,6.90323848732943,6.91123723228995,7.49317654171705,7.50214769738118,232
"234",2020,10,7.20574724137931,29,7.560416875,6.76923076923077,9,7.5,7.1586668,16,13,1,4,25,6838,4260,2578,608,1658,5180,7.49872068587306,7.85949420892019,6.90256273079907,6.91467269736842,7.49319300361882,7.50048997104247,233
"235",2020,11,7.6,23,7.56923076923077,7.64,7.825,7,7.62727272727273,13,10,4,1,22,6861,4273,2588,612,1659,5202,7.49906020259438,7.85861112333255,6.90541217928903,6.92062254901961,7.49289572031344,7.50102615340254,234
"236",2020,12,7.91666666666667,24,8.09375,7.5625,NA,9.33333333333333,7.71428571428571,16,8,0,3,21,6885,4289,2596,612,1662,5223,7.5005159114016,7.85948830263465,6.90743710323575,6.92062254901961,7.49621780986763,7.50188360137852,235
"237",2021,1,7.054316,30,7.28823826086956,6.28571428571429,4,6.5,7.09391,23,7,1,2,28,6915,4312,2603,613,1664,5251,7.49858012002893,7.85644128246753,6.90576516327315,6.91585807504079,7.49502043269231,7.49970815654161,236
"238",2021,2,6.87777777777778,18,6.86666666666667,6.88888888888889,8,3,7.10588235294118,9,9,1,1,17,6933,4321,2612,614,1665,5268,7.49696834415116,7.85437972922935,6.90570701378254,6.91762377850163,7.49232072072072,7.49843726841306,237
"239",2021,3,7.36666666666667,15,8.05555555555556,6.33333333333333,NA,9.5,7.21428571428571,9,6,0,1,14,6948,4330,2618,614,1666,5282,7.49668703655729,7.85479787759815,6.90439523300229,6.91762377850163,7.49352581032413,7.49768412154487,238
"240",2021,4,7.1826665,20,7.15939363636364,7.21111111111111,5,7.96,6.92355533333333,11,9,2,5,15,6968,4341,2627,616,1671,5297,7.49578571469575,7.85303573830915,6.90544602969166,6.91139772727273,7.49492160383004,7.4960583084765,239
"241",2021,5,7.65384615384615,26,7.70588235294118,7.55555555555556,7.5,6.16666666666667,8.1,17,9,2,6,20,6994,4358,2636,618,1677,5317,7.49637329997141,7.8524617117944,6.90766567526555,6.91330258899677,7.49016935002982,7.498330047019,240
"242",2021,6,7.22222222222222,9,7,8,NA,9,7,7,2,0,1,8,7003,4365,2638,618,1678,5325,7.49602097101243,7.85109464833906,6.90849382865807,6.91330258899677,7.49106912991657,7.49758138215963,241
"243",2021,7,7.62777777777778,18,7.89090909090909,7.21428571428571,7.16666666666667,6.7,7.98461538461538,11,7,3,5,13,7021,4376,2645,621,1683,5338,7.49635876086028,7.85119473034735,6.90930310775047,6.91452657004831,7.48871895424837,7.49876748969652,242
"244",2021,8,7.66666666666667,12,7.54545454545455,9,NA,9,7.54545454545455,11,1,0,1,11,7033,4387,2646,621,1684,5349,7.49664934736244,7.85042811488489,6.91009324263039,6.91452657004831,7.4896163895487,7.49886349971958,243
"245",2021,9,7.33333333333333,15,7.22222222222222,7.5,8,9,7.21428571428571,9,6,1,1,14,7048,4396,2652,622,1685,5363,7.49630176787741,7.84914197907189,6.91142787330317,6.91627170418007,7.49051275964392,7.49812061532724,244
"246",2021,10,7.18,15,7.60909090909091,6,7,7,7.20769230769231,11,4,2,2,13,7063,4407,2656,624,1687,5376,7.4956300240691,7.848542804629,6.91005524096385,6.91654006410257,7.4899312388856,7.49741831473214,245
"247",2021,11,7.32352941176471,17,8.3125,6.44444444444444,6,8.1,7,8,9,1,5,12,7080,4415,2665,625,1692,5388,7.4952167881356,7.84938349716874,6.9084828217636,6.9150736,7.49173404255319,7.49631047884187,246
"248",2021,12,7.19365095238095,21,7.25151545454545,7.13,6.76666666666667,9,7.1033335,11,10,3,1,20,7101,4426,2675,628,1693,5408,7.49432495845656,7.84789760732038,6.90931092336449,6.91436464968153,7.49262492616657,7.49485716161243,247
"249",2022,1,7.65789473684211,38,7.88636363636364,7.34375,7,8.1,7.55806451612903,22,16,1,7,31,7139,4448,2691,629,1700,5439,7.49519561983471,7.84808786196043,6.91189398736529,6.91450079491256,7.49512588235294,7.49521741680456,248
"250",2022,2,7.66666666666667,18,7.38888888888889,7.94444444444444,7.25,7,7.75,9,9,4,2,16,7157,4457,2700,633,1702,5455,7.49562687299148,7.84716060354499,6.91533582222222,6.91662085308057,7.49454406580494,7.4959647167736,249
"251",2022,3,7.44136363636364,22,7.58066666666667,7.14285714285714,NA,8.43666666666667,7.28421052631579,15,7,0,3,19,7179,4472,2707,633,1705,5474,7.49546058364675,7.8462667285331,6.91592416697451,6.91662085308057,7.49620175953079,7.49522972780417,250
"252",2022,4,7.60588235294118,17,7.31818181818182,8.13333333333333,NA,7.375,7.67692307692308,11,6,0,4,13,7196,4483,2713,633,1709,5487,7.49572144663702,7.84497095917912,6.91861655731662,6.91662085308057,7.49591808074898,7.49566020229634,251
"253",2022,5,7.15,20,7.96153846153846,5.64285714285714,NA,8.25,6.875,13,7,0,4,16,7216,4496,2720,633,1713,5503,7.49476323863637,7.84530800934164,6.91533335294118,6.91662085308057,7.49767892586106,7.49385562965655,252
"254",2022,6,7.83333333333333,15,7.88461538461539,7.5,NA,7,7.89285714285714,13,2,0,1,14,7231,4509,2722,633,1714,5517,7.49546556907759,7.84542133732535,6.91576293901543,6.91662085308057,7.4973885647608,7.49486814029364,253
"255",2022,7,8.1,17,8.04545454545454,8.2,7,8.5,8.04666666666667,11,6,2,2,15,7248,4520,2728,635,1716,5532,7.49688348923841,7.84590814380531,6.91858750733138,6.91688346456693,7.49855710955711,7.49636434020246,254
"256",2022,8,7.6,19,8.06923076923077,6.58333333333333,5,7.9,7.49285714285714,13,6,1,5,14,7267,4533,2734,636,1721,5546,7.49715309343608,7.84654860136775,6.91785176298464,6.91386949685535,7.49972341661825,7.49635548683736,255
"257",2022,9,7.51,16,7.90666666666667,7,8,6.75,7.76333333333333,9,7,1,4,12,7283,4542,2741,637,1725,5558,7.49718131676507,7.84666772567151,6.91806155417731,6.91557456828886,7.49798492753623,7.49693190536164,256
"258",2022,10,7.11764705882353,17,7.45454545454545,6.5,8,8,7.0625,11,6,1,1,16,7300,4553,2747,638,1726,5574,7.49629746986302,7.84572036239842,6.91714842373498,6.91727429467085,7.49827578215527,7.49568488159311,257
"259",2022,11,8.2,25,8.41176470588235,7.75,9,8.2,8.2,17,8,1,5,20,7325,4570,2755,639,1731,5594,7.49869918498294,7.84782599781182,6.91956686751361,6.92053364632238,7.50030271519353,7.49820299070433,258
"260",2022,12,7.15238095238095,21,7.21428571428571,7.02857142857143,NA,6.75,7.31333333333333,14,7,0,6,15,7346,4584,2762,639,1737,5609,7.49770916553227,7.84589110165794,6.91984312816799,6.92053364632238,7.49771099597007,7.49770859868069,259
