"","year","month","avg_rating","no_ratings","avg_rating_owned","avg_rating_not_owned","avg_rating_prev_owned","avg_rating_comment","avg_rating_no_comment","no_ratings_owned","no_ratings_not_owned","no_ratings_prev_owned","no_ratings_comment","no_ratings_no_comment","cum_no_ratings","cum_no_ratings_owned","cum_no_ratings_not_owned","cum_no_ratings_prev_owned","cum_no_ratings_comment","cum_no_ratings_no_comment","cum_avg_rating","cum_avg_rating_owned","cum_avg_rating_not_owned","cum_avg_rating_prev_owned","cum_avg_rating_comment","cum_avg_rating_no_comment","month_after_release"
"1",2010,6,9,1,9,NA,NA,9,NA,1,0,0,1,0,1,1,0,0,1,0,9,9,NA,NA,9,NA,-28
"2",2010,7,10,1,NA,10,NA,NA,10,0,1,0,0,1,2,1,1,0,1,1,9.5,9,10,NA,9,10,-27
"3",2010,11,9,1,NA,9,NA,NA,9,0,1,0,0,1,3,1,2,0,1,2,9.33333333333333,9,9.5,NA,9,9.5,-23
"4",2011,1,9,1,9,NA,NA,NA,9,1,0,0,0,1,4,2,2,0,1,3,9.25,9,9.5,NA,9,9.33333333333333,-21
"5",2011,4,8.5,1,NA,8.5,NA,NA,8.5,0,1,0,0,1,5,2,3,0,1,4,9.1,9,9.16666666666667,NA,9,9.125,-18
"6",2011,12,10,1,NA,10,NA,NA,10,0,1,0,0,1,6,2,4,0,1,5,9.25,9,9.375,NA,9,9.3,-10
"7",2012,2,8.5,1,NA,8.5,NA,8.5,NA,0,1,0,1,0,7,2,5,0,2,5,9.14285714285714,9,9.2,NA,8.75,9.3,-8
"8",2012,4,10,1,10,NA,NA,NA,10,1,0,0,0,1,8,3,5,0,2,6,9.25,9.33333333333333,9.2,NA,8.75,9.41666666666667,-6
"9",2012,7,6.5,7,8,6.25,NA,6.16666666666667,6.75,1,6,0,3,4,15,4,11,0,5,10,7.96666666666667,9,7.59090909090909,NA,7.2,8.35,-3
"10",2012,8,10,2,10,10,NA,10,10,1,1,0,1,1,17,5,12,0,6,11,8.20588235294118,9.2,7.79166666666667,NA,7.66666666666667,8.5,-2
"11",2012,9,5.5,2,NA,5.5,10,10,1,0,2,1,1,1,19,5,14,1,7,12,7.92105263157895,9.2,7.46428571428571,10,8,7.875,-1
"12",2012,10,7.47674418604651,43,8.5,6.87037037037037,7.8,8.23333333333333,7.07142857142857,16,27,5,15,28,62,21,41,6,22,40,7.61290322580645,8.66666666666667,7.07317073170732,8.16666666666667,8.15909090909091,7.3125,0
"13",2012,11,7.24009009009009,111,8.05945945945946,6.83040540540541,6.79230769230769,7.15,7.27820512820513,37,74,13,33,78,173,58,115,19,55,118,7.37369942196532,8.27931034482759,6.91695652173913,7.22631578947369,7.55363636363636,7.28983050847458,1
"14",2012,12,7.39320987654321,81,8.26607142857143,6.93207547169811,7.61764705882353,7.345,7.40901639344262,28,53,17,20,61,254,86,168,36,75,179,7.37992125984252,8.275,6.92172619047619,7.41111111111111,7.498,7.3304469273743,2
"15",2013,1,7.30864197530864,81,8.16538461538462,6.90363636363636,7.51333333333333,6.835,7.46393442622951,26,55,15,20,61,335,112,223,51,95,240,7.36268656716418,8.24955357142857,6.91726457399103,7.44117647058824,7.35842105263158,7.364375,3
"16",2013,2,7.29705882352941,68,7.94444444444444,6.87073170731707,7.95,7.084375,7.3625,27,41,7,16,52,403,139,264,58,111,292,7.35161290322581,8.19028776978417,6.91003787878788,7.50258620689655,7.31891891891892,7.36404109589041,4
"17",2013,3,7.40581395348837,86,8.12708333333333,7.12661290322581,7.40625,7.253125,7.44071428571429,24,62,16,16,70,489,163,326,74,127,362,7.36114519427403,8.18098159509203,6.95122699386503,7.48175675675676,7.31062992125984,7.37886740331492,5
"18",2013,4,7.44761904761905,63,7.92380952380952,7.20952380952381,7.68181818181818,7.18888888888889,7.55111111111111,21,42,11,18,45,552,184,368,85,145,407,7.37101449275362,8.15163043478261,6.98070652173913,7.50764705882353,7.29551724137931,7.39791154791155,6
"19",2013,5,7.3703125,64,7.844,7.06666666666667,7.75,6.83,7.47037037037037,25,39,12,10,54,616,209,407,97,155,461,7.37094155844156,8.11483253588517,6.98894348894349,7.53762886597938,7.26548387096774,7.40639913232104,7
"20",2013,6,7.23191489361702,47,7.96666666666667,6.8875,8,7.9,7.15238095238095,15,32,6,5,42,663,224,439,103,160,503,7.36108597285068,8.10491071428572,6.98154897494305,7.56456310679612,7.2853125,7.38518886679921,8
"21",2013,7,7.06545454545455,55,7.83333333333333,6.69189189189189,7.05555555555556,6.5,7.13469387755102,18,37,9,6,49,718,242,476,112,166,552,7.33844011142061,8.08471074380165,6.95903361344538,7.52366071428571,7.25692771084337,7.36295289855073,9
"22",2013,8,7.5452380952381,42,7.98666666666667,7.3,7.92857142857143,7.71428571428571,7.51142857142857,15,27,7,7,35,760,257,503,119,173,587,7.34986842105263,8.07898832684825,6.97733598409543,7.54747899159664,7.27543352601156,7.37180579216354,10
"23",2013,9,7.1325,40,7.76428571428571,6.79230769230769,7.38888888888889,6.73076923076923,7.32592592592593,14,26,9,13,27,800,271,529,128,186,614,7.339,8.06273062730627,6.96824196597353,7.536328125,7.23736559139785,7.36978827361564,11
"24",2013,10,7.29807692307692,52,7.8125,6.85714285714286,7.66666666666667,8,7.18888888888889,24,28,6,7,45,852,295,557,134,193,659,7.33650234741784,8.04237288135593,6.96265709156194,7.54216417910448,7.26502590673575,7.35743550834598,12
"25",2013,11,6.9228813559322,59,7.9225,6.41025641025641,6.86363636363636,6.8125,6.94019607843137,20,39,11,8,51,911,315,596,145,201,710,7.30971459934138,8.03476190476191,6.92651006711409,7.49068965517241,7.24701492537313,7.32746478873239,13
"26",2013,12,6.95689655172414,58,7.42592592592593,6.54838709677419,7.72222222222222,6.72727272727273,7.01063829787234,27,31,9,11,47,969,342,627,154,212,757,7.28859649122807,7.98669590643275,6.90781499202552,7.50422077922078,7.22004716981132,7.30779392338177,14
"27",2014,1,7.12214285714286,70,7.69107142857143,6.74285714285714,7,7.41666666666667,7.06120689655172,28,42,13,12,58,1039,370,669,167,224,815,7.27738209817132,7.96432432432433,6.89745889387145,7.46497005988024,7.23058035714286,7.29024539877301,15
"28",2014,2,7.096875,32,7.47647058823529,6.66666666666667,5.5,8.55,7,17,15,2,2,30,1071,387,684,169,226,845,7.27198879551821,7.94289405684755,6.89239766081871,7.44171597633136,7.24225663716814,7.27994082840237,16
"29",2014,3,6.77647058823529,34,7.36428571428571,6.365,6.25,7.13333333333333,6.7,14,20,4,6,28,1105,401,704,173,232,873,7.25674208144796,7.92269326683292,6.87741477272727,7.41416184971098,7.23943965517241,7.26134020618557,17
"30",2014,4,7.12962962962963,27,8.125,6.71052631578947,7.42857142857143,6.45,7.52941176470588,8,19,7,10,17,1132,409,723,180,242,890,7.25371024734982,7.92665036674817,6.87302904564315,7.41472222222222,7.20681818181818,7.2664606741573,18
"31",2014,5,7.15625,32,7.83333333333333,6.55882352941176,6.375,7.14285714285714,7.16,15,17,4,7,25,1164,424,740,184,249,915,7.25103092783505,7.92334905660377,6.86581081081081,7.39211956521739,7.20502008032128,7.26355191256831,19
"32",2014,6,7.62222222222222,27,7.74545454545455,7.5375,7.5125,7.68333333333333,7.6047619047619,11,16,8,6,21,1191,435,756,192,255,936,7.25944584382872,7.91885057471264,6.88002645502646,7.39713541666667,7.21627450980392,7.27120726495727,20
"33",2014,7,7.43142857142857,35,7.85384615384615,7.18181818181818,7.25,7.66666666666667,7.409375,13,22,6,3,32,1226,448,778,198,258,968,7.26435562805873,7.91696428571429,6.88856041131105,7.39267676767677,7.22151162790698,7.27577479338843,21
"34",2014,8,7.72931034482759,29,8.45909090909091,7.28333333333333,7.6,8.05,7.6625,11,18,10,5,24,1255,459,796,208,263,992,7.27509960159363,7.92995642701525,6.89748743718593,7.40264423076923,7.23726235741445,7.2851310483871,22
"35",2014,9,7.1375,44,7.37058823529412,6.99074074074074,7.31875,6.71428571428571,7.21756756756757,17,27,8,7,37,1299,476,823,216,270,1029,7.27043879907621,7.90997899159664,6.9005467800729,7.39953703703704,7.2237037037037,7.28270165208941,23
"36",2014,10,7.06805555555556,36,7.83235294117647,6.38421052631579,6.33333333333333,6.025,7.46923076923077,17,19,6,10,26,1335,493,842,222,280,1055,7.26498127340824,7.90730223123732,6.88889548693587,7.37072072072072,7.18089285714286,7.28729857819905,24
"37",2014,11,7.085,40,7.89333333333333,6.6,7.48571428571429,7.19166666666667,7.03928571428571,15,25,7,12,28,1375,508,867,229,292,1083,7.25974545454545,7.90688976377953,6.88056516724337,7.37423580786026,7.18133561643835,7.2808864265928,25
"38",2014,12,6.85,38,7.36,6.66785714285714,7.10666666666667,7.14545454545455,6.72962962962963,10,28,15,11,27,1413,518,895,244,303,1110,7.24872611464968,7.89633204633205,6.87391061452514,7.3577868852459,7.18003300330033,7.26747747747748,26
"39",2015,1,7.74777777777778,36,8.2575,7.34,7.5,7.8,7.73935483870968,16,20,5,5,31,1449,534,915,249,308,1141,7.26112491373361,7.90715355805243,6.88409836065574,7.36064257028112,7.1900974025974,7.28029798422437,27
"40",2015,2,7.22096774193548,31,7.553125,6.86666666666667,7.35714285714286,6.9,7.28269230769231,16,15,7,5,26,1480,550,930,256,313,1167,7.26028378378378,7.89685454545455,6.88381720430108,7.360546875,7.18546325878594,7.28035132819195,28
"41",2015,3,7.40972222222222,36,7.76470588235294,7.09210526315789,7.42857142857143,7.75,7.34166666666667,17,19,7,6,30,1516,567,949,263,319,1197,7.26383245382586,7.89289241622575,6.88798735511064,7.36235741444867,7.19608150470219,7.281888053467,29
"42",2015,4,6.74375,32,8.06,6.14545454545455,5.9375,7.25,6.51363636363636,10,22,8,10,22,1548,577,971,271,329,1219,7.25308139534884,7.89578856152513,6.87116374871267,7.32029520295203,7.19772036474164,7.26802296964725,30
"43",2015,5,7.26428571428571,35,7.4225,7.05333333333333,7.5,8.45833333333333,7.01724137931035,20,15,6,6,29,1583,597,986,277,335,1248,7.2533291219204,7.87993299832496,6.87393509127789,7.32418772563177,7.22029850746268,7.26219551282051,31
"44",2015,6,7.25344827586207,29,7.73181818181818,6.96111111111111,7,8.66666666666667,7.09038461538462,11,18,5,3,26,1612,608,1004,282,338,1274,7.25333126550868,7.87725328947369,6.87549800796813,7.31843971631206,7.23313609467455,7.25868916797488,32
"45",2015,7,7.31547619047619,42,8.21333333333333,6.81666666666667,7.47142857142857,7.21428571428571,7.33571428571429,15,27,7,7,35,1654,623,1031,289,345,1309,7.25490931076179,7.88534510433387,6.87395732298739,7.32214532871972,7.2327536231884,7.26074866310161,33
"46",2015,8,7.21642857142857,42,7.73277777777778,6.82916666666667,6.66666666666667,6.5,7.31324324324324,18,24,6,5,37,1696,641,1055,295,350,1346,7.25395636792453,7.8810608424337,6.87293838862559,7.30881355932203,7.22228571428571,7.26219167904904,34
"47",2015,9,7.11794871794872,39,7.96875,6.52608695652174,6.98181818181818,6.83333333333333,7.20333333333333,16,23,11,9,30,1735,657,1078,306,359,1376,7.25089913544669,7.88319634703196,6.86553803339518,7.29705882352941,7.2125348189415,7.26090843023256,35
"48",2015,10,7.18666666666667,30,7.85714285714286,6.98260869565217,7.16666666666667,7.35714285714286,7.13478260869565,7,23,9,7,23,1765,664,1101,315,366,1399,7.24980736543909,7.88292168674699,6.86798365122616,7.29333333333333,7.21530054644809,7.25883488205861,36
"49",2015,11,7.05652173913044,46,7.645,6.60384615384615,7.38571428571429,7.68333333333333,6.9625,20,26,7,6,40,1811,684,1127,322,372,1439,7.24489784649365,7.8759649122807,6.86188997338066,7.29534161490683,7.22284946236559,7.25059763724809,37
"50",2015,12,6.87511111111111,45,7.40722222222222,6.52037037037037,6.685,6.575,6.94,18,27,10,8,37,1856,702,1154,332,380,1476,7.23593211206896,7.86394586894587,6.85389948006932,7.2769578313253,7.20921052631579,7.24281165311653,38
"51",2016,1,7.2,45,7.89473684210526,6.69230769230769,6.88888888888889,7.35,7.16756756756757,19,26,9,8,37,1901,721,1180,341,388,1513,7.23508153603367,7.8647572815534,6.85033898305085,7.26671554252199,7.21211340206185,7.2409715796431,39
"52",2016,2,7.47325581395349,43,8.37941176470588,6.88076923076923,7.33636363636364,7.125,7.55285714285714,17,26,11,8,35,1944,738,1206,352,396,1548,7.24034979423868,7.87661246612466,6.85099502487562,7.26889204545455,7.21035353535353,7.24802325581396,40
"53",2016,3,7.22058823529412,34,8.27272727272727,6.71739130434783,6.58333333333333,6.375,7.33333333333333,11,23,6,4,30,1978,749,1229,358,400,1578,7.24001011122346,7.88242990654206,6.84849471114727,7.25740223463687,7.202,7.24964512040558,41
"54",2016,4,7.20909090909091,44,7.54583333333333,6.805,6.7625,7.35714285714286,7.18108108108108,24,20,8,7,37,2022,773,1249,366,407,1615,7.23933728981207,7.87197930142303,6.84779823859087,7.24658469945355,7.2046683046683,7.24807430340558,42
"55",2016,5,7.58139534883721,43,8.07333333333333,7.31785714285714,7.4375,7.73333333333333,7.52258064516129,15,28,16,12,31,2065,788,1277,382,419,1646,7.24646004842615,7.87581218274112,6.85810493343775,7.25458115183246,7.21980906921241,7.25324422843257,43
"56",2016,6,7.41277272727273,44,7.90430769230769,6.70277777777778,6.23571428571429,7.5,7.39338888888889,26,18,7,8,36,2109,814,1295,389,427,1682,7.2499298245614,7.87672235872236,6.85594594594595,7.23624678663239,7.22505854800937,7.25624375743163,44
"57",2016,7,7.60714285714286,28,8.16666666666667,6.96153846153846,7.41666666666667,7.41666666666667,7.65909090909091,15,13,6,6,22,2137,829,1308,395,433,1704,7.25461020121666,7.88196863691194,6.85699541284404,7.23898734177215,7.22771362586605,7.26144483568075,45
"58",2016,8,7.64761904761905,42,7.79318181818182,7.4875,7,7.33333333333333,7.73333333333333,22,20,9,9,33,2179,851,1328,404,442,1737,7.26218540614961,7.87967332549941,6.86649096385542,7.23366336633663,7.22986425339366,7.27040990213011,46
"59",2016,9,7.05555555555556,36,7.69285714285714,6.65,6.5,NA,7.05555555555556,14,22,6,0,36,2215,865,1350,410,442,1773,7.25882708803612,7.87664971098266,6.86296296296296,7.22292682926829,7.22986425339366,7.26604737732657,47
"60",2016,10,7.24137931034483,29,8.28333333333333,6.50588235294118,8.5,6.375,7.57142857142857,12,17,1,8,21,2244,877,1367,411,450,1794,7.25860160427808,7.88221436716077,6.85852231163131,7.22603406326034,7.21466666666667,7.2696220735786,48
"61",2016,11,7.17777777777778,54,7.63333333333333,6.95,7.21333333333333,6.98,7.22272727272727,18,36,15,10,44,2298,895,1403,426,460,1838,7.25670234986945,7.87720893854748,6.86086956521739,7.22558685446009,7.2095652173913,7.26849945593036,49
"62",2016,12,7.01851851851852,27,8.09090909090909,6.28125,6,6.8125,7.10526315789474,11,16,5,8,19,2325,906,1419,431,468,1857,7.25393634408602,7.87980353200883,6.85433403805497,7.21136890951276,7.20277777777778,7.26682929456112,50
"63",2017,1,7.23159574468085,47,7.52941176470588,7.06283333333333,7.49090909090909,7.6,7.19732558139535,17,30,11,4,43,2372,923,1449,442,472,1900,7.2534936762226,7.87334994582882,6.85865079365079,7.2183257918552,7.20614406779661,7.26525631578948,51
"64",2017,2,7.14677419354839,31,7.98461538461538,6.54166666666667,6.88888888888889,8.5,7.00178571428571,13,18,9,3,28,2403,936,1467,451,475,1928,7.25211693716188,7.8748952991453,6.85476141785958,7.21175166297118,7.21431578947368,7.26142997925311,52
"65",2017,3,6.99767441860465,43,7.13571428571429,6.93103448275862,7.26666666666667,6.96666666666667,7.00588235294118,14,29,15,9,34,2446,950,1496,466,484,1962,7.24764390842191,7.86400210526316,6.85623997326203,7.21351931330472,7.20971074380165,7.25700152905199,53
"66",2017,4,6.89358974358974,39,7.13333333333333,6.82166666666667,7.51,6.7,6.92205882352941,9,30,15,5,34,2485,959,1526,481,489,1996,7.24208732394366,7.85714494264859,6.85556028833552,7.22276507276507,7.20449897750511,7.25129609218437,54
"67",2017,5,6.86891891891892,37,7.584375,6.32380952380952,7.15,7.8,6.7234375,16,21,10,5,32,2522,975,1547,491,494,2028,7.23661260904044,7.85266871794872,6.84834195216548,7.22128309572301,7.21052631578947,7.24296696252466,55
"68",2017,6,6.70777777777778,27,7.98571428571429,6.2605,5.83727272727273,5.45857142857143,7.145,7,20,11,7,20,2549,982,1567,502,501,2048,7.23101098469988,7.85361710794297,6.84083918315252,7.1909561752988,7.18604790419162,7.24201025390625,56
"69",2017,7,6.90348837209302,43,7.21333333333333,6.7375,6.5,6.65,6.94459459459459,15,28,6,6,37,2592,997,1595,508,507,2085,7.2255775462963,7.84398395185556,6.83902507836991,7.18279527559055,7.17970414201183,7.23673237410072,57
"70",2017,8,7.16590909090909,22,7.35454545454545,6.97727272727273,7.5,7,7.17380952380952,11,11,2,1,21,2614,1008,1606,510,508,2106,7.2250753634277,7.83864285714286,6.83997198007472,7.18403921568627,7.17935039370079,7.23610493827161,58
"71",2017,9,7.53518518518518,27,7.85,7.40263157894737,6.8,NA,7.53518518518518,8,19,5,0,27,2641,1016,1625,515,508,2133,7.22824574024991,7.83873228346456,6.84655076923077,7.18031067961165,7.17935039370079,7.23989076418191,59
"72",2017,10,6.7921875,32,7.90909090909091,6.20714285714286,6.64285714285714,6.1,6.92037037037037,11,21,7,5,27,2673,1027,1646,522,513,2160,7.223025439581,7.8394858812074,6.83839307411908,7.17310344827586,7.16883040935672,7.23589675925926,60
"73",2017,11,7.23947368421053,38,7.72,6.92608695652174,6.95,6.5,7.35151515151515,15,23,14,5,33,2711,1042,1669,536,518,2193,7.22325599409812,7.83776583493282,6.83960155781905,7.16727611940299,7.16237451737452,7.23763657090744,61
"74",2017,12,7.64230769230769,26,8.07333333333333,7.05454545454545,7.04,8.5,7.57083333333333,15,11,5,2,24,2737,1057,1680,541,520,2217,7.22723675557179,7.84110879848628,6.84100892857143,7.16609981515712,7.16751923076923,7.24124357239513,62
"75",2018,1,7.36857142857143,35,7.73157894736842,6.9375,7.33333333333333,7.5,7.34666666666667,19,16,6,5,30,2772,1076,1696,547,525,2247,7.22902128427129,7.83917472118959,6.84191922169811,7.16793418647166,7.17068571428571,7.24265109034268,63
"76",2018,2,7.12361111111111,36,7.68181818181818,6.878,6.95,6.63333333333333,7.28703703703704,11,25,6,9,27,2808,1087,1721,553,534,2274,7.22766987179487,7.83758233670653,6.84244334689134,7.16556962025316,7.16162921348315,7.24317810026386,64
"77",2018,3,6.88461538461539,26,7.02272727272727,6.78333333333333,7.25,7.95833333333333,6.5625,11,15,6,6,20,2834,1098,1736,559,540,2294,7.22452258292167,7.8294189435337,6.84193260368664,7.16647584973166,7.17048148148148,7.23724367916304,65
"78",2018,4,6.832,25,7.82857142857143,6.44444444444444,6.6,8.2,6.64545454545455,7,18,5,3,22,2859,1105,1754,564,543,2316,7.22109024134313,7.82941357466063,6.83785347776511,7.16145390070922,7.1761694290976,7.23162219343696,66
"79",2018,5,6.98666666666667,15,6.9,7.03,6.33333333333333,7,6.98571428571429,5,10,3,1,14,2874,1110,1764,567,544,2330,7.21986673625609,7.82522702702702,6.83894274376417,7.15707231040564,7.17584558823529,7.23014463519314,67
"80",2018,6,7.75882352941176,17,8.3,7.53333333333333,7.71428571428571,7.16666666666667,7.88571428571429,5,12,7,3,14,2891,1115,1776,574,547,2344,7.22303597371152,7.82735605381166,6.84363457207207,7.16386759581881,7.17579524680073,7.23406015358362,68
"81",2018,7,6.61904761904762,21,7.41666666666667,6.3,6.66666666666667,5.9375,7.03846153846154,6,15,6,8,13,2912,1121,1791,580,555,2357,7.21868028846154,7.82515789473684,6.83908151870463,7.15872413793103,7.15794594594594,7.23298133220196,69
"82",2018,8,6.465,20,7.16666666666667,6.34117647058823,6.375,6.25,6.51875,3,17,8,4,16,2932,1124,1808,588,559,2373,7.21353922237381,7.82340035587188,6.83439988938053,7.14806122448979,7.15144901610018,7.22816561314792,70
"83",2018,9,7.27857142857143,14,8.1,6.82222222222222,7.98,7.8,6.98888888888889,5,9,5,5,9,2946,1129,1817,593,564,2382,7.21384826883911,7.82462533215234,6.83433957072097,7.15507588532884,7.15719858156028,7.22726154492024,71
"84",2018,10,7.62916666666667,24,8.35,7.11428571428571,6.48,8.46666666666667,7.50952380952381,10,14,5,3,21,2970,1139,1831,598,567,2403,7.21720437710438,7.82923792800702,6.83648006553796,7.14943143812709,7.16412698412698,7.22972825634624,72
"85",2018,11,7.25590909090909,22,7.87571428571429,6.96666666666667,6.9,7.16666666666667,7.27,7,15,5,3,19,2992,1146,1846,603,570,2422,7.21748897058824,7.82952181500872,6.83753791982665,7.1473631840796,7.16414035087719,7.23004417836499,73
"86",2018,12,6.92611111111111,18,7.03,6.88615384615385,6.8525,7.60666666666667,6.79,5,13,8,3,15,3010,1151,1859,611,573,2437,7.21574651162791,7.82604865334491,6.83787789133943,7.14350245499181,7.1664572425829,7.22733565859664,74
"87",2019,1,6.73448275862069,29,7.48888888888889,6.395,7.6,6.46666666666667,6.76538461538462,9,20,5,3,26,3039,1160,1879,616,576,2463,7.21115399802567,7.82343275862069,6.83316391697711,7.14720779220779,7.1628125,7.22245919610232,75
"88",2019,2,6.76190476190476,21,9.5,6.625,7.27777777777778,7.25,6.64705882352941,1,20,9,4,17,3060,1161,1899,625,580,2480,7.20807091503268,7.82487683031869,6.83097156398104,7.149088,7.16341379310345,7.21851491935484,76
"89",2019,3,6.912,25,7.4125,6.67647058823529,6.33333333333333,6.5,6.99047619047619,8,17,3,4,21,3085,1169,1916,628,584,2501,7.205671636953,7.82205474764756,6.82960073068893,7.14519108280255,7.1588698630137,7.21660015993603,77
"90",2019,4,6.50714285714286,14,8.01666666666667,5.375,6.25,7,6.37272727272727,6,8,4,3,11,3099,1175,1924,632,587,2512,7.20251597289448,7.82304851063829,6.82355249480249,7.13952531645569,7.15805792163543,7.2129048566879,78
"91",2019,5,6.308,25,6.92857142857143,6.06666666666667,7.33333333333333,5,6.3625,7,18,3,1,24,3124,1182,1942,635,588,2536,7.19535755441741,7.81775126903553,6.81653707518023,7.14044094488189,7.15438775510204,7.20485686119874,79
"92",2019,6,6.57894736842105,19,7.125,6.43333333333333,6.6,7.5,6.40625,4,15,5,3,16,3143,1186,1957,640,591,2552,7.19163124403436,7.81541483979763,6.81359989780276,7.13621875,7.15614213197969,7.1998499216301,80
"93",2019,7,6.9,20,7.1875,6.70833333333333,7,7.5,6.7,8,12,4,5,15,3163,1194,1969,644,596,2567,7.18978722731584,7.81120770519263,6.81295835449467,7.13537267080745,7.15902684563758,7.19692910011687,81
"94",2019,8,6.85454545454545,22,7.7125,6.36428571428571,6.73333333333333,6.4,6.92631578947368,8,14,3,3,19,3185,1202,1983,647,599,2586,7.1874715855573,7.81055074875208,6.8097907211296,7.13350850077279,7.15522537562604,7.19494083526683,82
"95",2019,9,7.09642857142857,28,7.68571428571429,6.9,7.56666666666667,7.5,7.048,7,21,6,3,25,3213,1209,2004,653,602,2611,7.18667818238406,7.80982795698924,6.81073602794411,7.13748851454824,7.15694352159468,7.19353389505937,83
"96",2019,10,7.248,25,8.5,6.935,6.125,7.83333333333333,7.16818181818182,5,20,4,3,22,3238,1214,2024,657,605,2633,7.18715163681285,7.8126705107084,6.81196393280632,7.13132420091324,7.16029752066115,7.19332206608432,84
"97",2019,11,6.94423076923077,26,7.575,6.55,6.33333333333333,7.4,6.83571428571429,10,16,9,5,21,3264,1224,2040,666,610,2654,7.18521660539216,7.81072875816993,6.80990931372549,7.12054054054054,7.16226229508197,7.19049246420498,85
"98",2019,12,6.61578947368421,19,7.08333333333333,6.4,6.5,6.33333333333333,6.66875,6,13,2,3,16,3283,1230,2053,668,613,2670,7.181921108742,7.80718048780487,6.8073136872869,7.11868263473054,7.15820554649266,7.187365917603,86
"99",2020,1,6.92039473684211,38,7.38766666666667,6.61565217391304,6.66666666666667,8.5,6.8777027027027,15,23,6,1,37,3321,1245,2076,674,614,2707,7.17892863595303,7.80212610441767,6.80519026974952,7.1146587537092,7.16039087947883,7.18313335796085,87
"100",2020,2,6.93529411764706,17,7.41428571428571,6.6,7,8,6.79333333333333,7,10,2,2,15,3338,1252,2086,676,616,2722,7.17768783702816,7.79995766773163,6.80420661553212,7.11431952662722,7.16311688311688,7.18098530492285,88
"101",2020,3,7.0947619047619,21,7.725,6.70692307692308,6.4,6.93333333333333,7.12166666666667,8,13,5,3,18,3359,1260,2099,681,619,2740,7.17716939565347,7.79948174603174,6.80360409718914,7.10907488986784,7.16200323101777,7.18059562043796,89
"102",2020,4,6.07333333333333,15,6,6.11,6.43333333333333,7,5.93076923076923,5,10,6,2,13,3374,1265,2109,687,621,2753,7.17226200355661,7.79236916996047,6.80031531531532,7.10317321688501,7.16148148148148,7.17469378859426,90
"103",2020,5,6.72222222222222,18,7.8,6.30769230769231,6.5,5.93333333333333,6.88,5,13,4,3,15,3392,1270,2122,691,624,2768,7.16987382075472,7.79239921259842,6.79729736098021,7.09968162083936,7.15557692307692,7.17309682080925,91
"104",2020,6,7,10,7.4,6.6,7.25,8,6.88888888888889,5,5,2,1,9,3402,1275,2127,693,625,2777,7.16937448559671,7.79086039215686,6.79683356840621,7.10011544011544,7.156928,7.17217572920418,92
"105",2020,7,6.81153846153846,13,7.95833333333333,5.82857142857143,6.5,NA,6.81153846153846,6,7,2,0,13,3415,1281,2134,695,625,2790,7.16801229868228,7.79164480874316,6.79365745079663,7.09838848920863,7.156928,7.17049534050179,93
"106",2020,8,7.11,15,7.775,6.66666666666667,6,6.5,7.33181818181818,6,9,4,4,11,3430,1287,2143,699,629,2801,7.16775860058309,7.79156721056721,6.79312412505833,7.09210300429184,7.15275039745628,7.17112888254195,94
"107",2020,9,7.3035,20,7.36333333333333,7.25454545454545,6.95,8.875,7.12888888888889,9,11,4,2,18,3450,1296,2154,703,631,2819,7.16854550724638,7.78859336419753,6.79548050139276,7.09129445234708,7.15820919175911,7.17085916991841,95
"108",2020,10,6.88095238095238,21,7.76666666666667,6.52666666666667,6.8,6,6.925,6,15,5,1,20,3471,1302,2169,708,632,2839,7.1668055315471,7.78849231950844,6.79362148455509,7.08923728813559,7.15637658227848,7.16912715744981,96
"109",2020,11,6.29473684210526,19,6.25,6.30666666666667,6.5,8,6.09411764705882,4,15,5,2,17,3490,1306,2184,713,634,2856,7.16205787965616,7.78378024502297,6.79027701465201,7.08510518934081,7.15903785488959,7.16272829131653,97
"110",2020,12,6.83333333333333,18,7.2,6.375,7,7.5,6.75,10,8,2,2,16,3508,1316,2192,715,636,2872,7.16037115165336,7.77934422492401,6.78876140510949,7.08486713286713,7.16011006289308,7.16042896935933,98
"111",2021,1,7.26066666666667,15,7.92857142857143,6.67625,7,7.282,7.25,7,8,4,5,10,3523,1323,2200,719,641,2882,7.16079818336645,7.78013378684807,6.78835227272727,7.08439499304589,7.1610608424337,7.16073976405274,99
"112",2021,2,6.81578947368421,19,7.61111111111111,6.1,6.08333333333333,7.25,6.76470588235294,9,10,6,2,17,3542,1332,2210,725,643,2899,7.15894748729531,7.77899174174174,6.78523755656108,7.07611034482758,7.16133748055987,7.15841738530528,100
"113",2021,3,6.68125,16,7.75,6.325,6.33333333333333,NA,6.68125,4,12,3,0,16,3558,1336,2222,728,643,2915,7.15679932546374,7.77890494011976,6.78275202520252,7.07304945054945,7.16133748055987,7.15579828473414,101
"114",2021,4,6.74347826086957,23,7.56666666666667,6.21428571428571,7.3,6.85,6.70588235294118,9,14,5,6,17,3581,1345,2236,733,649,2932,7.15414465233175,7.77748475836431,6.7791927549195,7.07459754433833,7.15845916795069,7.15318963165075,102
"115",2021,5,5.975,12,7,5.88181818181818,5.66666666666667,6.16666666666667,5.91111111111111,1,11,6,3,9,3593,1346,2247,739,652,2941,7.15020651266351,7.77690713224368,6.7747997329773,7.06316644113667,7.15389570552147,7.1493886433186,103
"116",2021,6,7.28333333333333,12,8.06,6.72857142857143,8,8.8,7.14545454545455,5,7,1,1,11,3605,1351,2254,740,653,2952,7.15064965325936,7.77795484826054,6.77465616681455,7.06443243243243,7.15641653905053,7.14937398373984,104
"117",2021,7,6.68571428571429,21,7.05,6.46153846153846,5,6.7,6.68421052631579,8,13,3,2,19,3626,1359,2267,743,655,2971,7.14795697738555,7.77366961000735,6.77286060873401,7.05609690444145,7.15502290076336,7.14639919219118,105
"118",2021,8,7,5,8,6.75,NA,6.5,7.33333333333333,1,4,0,2,3,3631,1360,2271,743,657,2974,7.14775323602314,7.77383602941176,6.77282034346103,7.05609690444145,7.15302891933029,7.1465877605918,106
"119",2021,9,7.38888888888889,9,7.2,7.625,NA,NA,7.38888888888889,5,4,0,0,9,3640,1365,2275,743,657,2983,7.14834945054945,7.77173406593406,6.77431868131868,7.05609690444145,7.15302891933029,7.14731880657057,107
"120",2021,10,6.25833333333333,12,6.8,6.15,5.5,4,6.46363636363636,2,10,4,1,11,3652,1367,2285,747,658,2994,7.14542497261774,7.77031236283833,6.77158643326039,7.04776439089692,7.14823708206687,7.14480694722779,108
"121",2021,11,6.81764705882353,17,7.62857142857143,6.25,6,6.28571428571429,7.19,7,10,2,7,10,3669,1374,2295,749,665,3004,7.14390624148269,7.76959024745269,6.7693137254902,7.04496662216288,7.13915789473684,7.14495739014647,109
"122",2021,12,6.3125,8,7.75,5.83333333333333,5.33333333333333,5,6.5,2,6,3,1,7,3677,1376,2301,752,666,3011,7.14209736197988,7.76956177325581,6.76687309865276,7.03813829787234,7.13594594594594,7.14345798737961,110
"123",2022,1,6.425,20,8,6.14705882352941,6.16666666666667,6.83333333333333,6.35294117647059,3,17,6,3,17,3697,1379,2318,758,669,3028,7.13821801460644,7.77006308919506,6.76232743744607,7.0312401055409,7.1345889387145,7.13901981505945,111
"124",2022,2,6.32105263157895,19,7,5.925,6,6.5,6.31111111111111,7,12,2,1,18,3716,1386,2330,760,670,3046,7.1340398277718,7.76617388167388,6.75801502145923,7.02852631578947,7.13364179104477,7.13412738017072,112
"125",2022,3,7.77,13,8.02857142857143,7.46833333333333,8,7,7.91,7,6,2,2,11,3729,1393,2336,762,672,3057,7.13625690533655,7.76749246231155,6.75983946917808,7.03107611548556,7.13324404761905,7.13691920183186,113
"126",2022,4,6.125,8,7.375,4.875,5.5,5.5,6.21428571428571,4,4,1,1,7,3737,1397,2340,763,673,3064,7.13409205244849,7.76636864710093,6.75661752136752,7.02906946264744,7.13081723625557,7.13481135770235,114
"127",2022,5,5.7,10,6,5.66666666666667,NA,5.5,5.75,1,9,0,2,8,3747,1398,2349,763,675,3072,7.13026474512944,7.76510515021459,6.75244146445296,7.02906946264744,7.12598518518518,7.131205078125,115
"128",2022,6,5.89090909090909,11,8.2,4.57142857142857,NA,7,5.475,4,7,0,3,8,3758,1402,2356,763,678,3080,7.12663704097924,7.76634593437945,6.74596137521222,7.02906946264744,7.12542772861357,7.12690324675325,116
"129",2022,7,6.52352941176471,17,7.35,6.26923076923077,6.33333333333333,6.46666666666667,6.53571428571429,4,13,3,3,14,3775,1406,2369,766,681,3094,7.12392105960265,7.7651614509246,6.74334529337273,7.02634464751958,7.12252569750367,7.12422818358113,117
"130",2022,8,7.40142857142857,14,7.86666666666667,7.0525,NA,7.1,7.48363636363636,6,8,0,3,11,3789,1412,2377,766,684,3105,7.12494642385854,7.76559277620396,6.74438578039546,7.02634464751958,7.12242690058479,7.12550144927536,118
"131",2022,9,7.21333333333333,15,7.5,7.07,7,7.35,7.19230769230769,5,10,1,2,13,3804,1417,2387,767,686,3118,7.12529495268139,7.7646556104446,6.74574989526602,7.02631029986962,7.12309037900874,7.12577998717127,119
"132",2022,10,7.0078947368421,19,7.48181818181818,6.35625,5.775,6.68,7.125,11,8,4,5,14,3823,1428,2395,771,691,3132,7.12471148312843,7.7624768907563,6.74444885177453,7.01981841763943,7.11988422575977,7.12577650063857,120
"133",2022,11,6.68380952380952,21,7.016,6.38181818181818,NA,7.105,6.63947368421053,10,11,0,2,19,3844,1438,2406,771,693,3151,7.12230280957336,7.75728581363004,6.74279093931837,7.01981841763943,7.11984126984127,7.12284417645192,121
"134",2022,12,5.98461538461538,13,7.2,5.44444444444444,6.66666666666667,8,5.81666666666667,4,9,3,1,12,3857,1442,2415,774,694,3163,7.11846823956443,7.75573994452149,6.73795238095238,7.0184496124031,7.12110951008645,7.11788871324692,122
