"","year","month","avg_rating","no_ratings","avg_rating_owned","avg_rating_not_owned","avg_rating_prev_owned","avg_rating_comment","avg_rating_no_comment","no_ratings_owned","no_ratings_not_owned","no_ratings_prev_owned","no_ratings_comment","no_ratings_no_comment","cum_no_ratings","cum_no_ratings_owned","cum_no_ratings_not_owned","cum_no_ratings_prev_owned","cum_no_ratings_comment","cum_no_ratings_no_comment","cum_avg_rating","cum_avg_rating_owned","cum_avg_rating_not_owned","cum_avg_rating_prev_owned","cum_avg_rating_comment","cum_avg_rating_no_comment","month_after_release"
"1",2010,9,10,1,10,NA,NA,NA,10,1,0,0,0,1,1,1,0,0,0,1,10,10,NA,NA,NA,10,-3
"2",2010,10,9,1,NA,9,9,NA,9,0,1,1,0,1,2,1,1,1,0,2,9.5,10,9,9,NA,9.5,-2
"3",2010,11,4.5,2,NA,4.5,NA,NA,4.5,0,2,0,0,2,4,1,3,1,0,4,7,10,6,9,NA,7,-1
"4",2010,12,8.972,25,9.565,6.6,9,8.59090909090909,9.27142857142857,20,5,1,11,14,29,21,8,2,11,18,8.7,9.58571428571429,6.375,9,8.59090909090909,8.76666666666667,0
"5",2011,1,8.51818181818182,55,9.08333333333333,7.44736842105263,7.44444444444444,8.64,8.44857142857143,36,19,9,20,35,84,57,27,11,31,53,8.58095238095238,9.26842105263158,7.12962962962963,7.72727272727273,8.62258064516129,8.55660377358491,1
"6",2011,2,8.27966101694915,59,9.05263157894737,6.88095238095238,6.9,8.92307692307692,8.09782608695652,38,21,10,13,46,143,95,48,21,44,99,8.45664335664336,9.18210526315789,7.02083333333333,7.33333333333333,8.71136363636364,8.34343434343434,2
"7",2011,3,8.22702702702703,37,8.81304347826087,7.26428571428571,7.6,7.87142857142857,8.44347826086956,23,14,7,14,23,180,118,62,28,58,122,8.40944444444444,9.11016949152542,7.0758064516129,7.4,8.50862068965517,8.36229508196721,3
"8",2011,4,8.54090909090909,44,9.05769230769231,7.79444444444444,7.72222222222222,8.44166666666667,8.578125,26,18,9,12,32,224,144,80,37,70,154,8.43526785714286,9.10069444444444,7.2375,7.47837837837838,8.49714285714285,8.40714285714286,4
"9",2011,5,8.11442307692308,52,8.84516129032258,7.03571428571429,7.6,8.1875,8.08194444444444,31,21,10,16,36,276,175,101,47,86,190,8.37481884057971,9.05542857142857,7.19554455445545,7.50425531914894,8.43953488372093,8.34552631578947,5
"10",2011,6,8.318,50,8.74,7.33333333333333,7.625,8.68421052631579,8.09354838709677,35,15,8,19,31,326,210,116,55,105,221,8.36610429447853,9.00285714285714,7.21336206896552,7.52181818181818,8.48380952380952,8.31018099547511,6
"11",2011,7,8.3,58,8.84615384615385,7.17894736842105,8,8.45454545454546,8.26382978723404,39,19,2,11,47,384,249,135,57,116,268,8.35611979166667,8.97831325301205,7.20851851851852,7.53859649122807,8.48103448275862,8.30205223880597,7
"12",2011,8,8.25,50,8.96551724137931,7.26190476190476,7,8.125,8.28947368421053,29,21,8,12,38,434,278,156,65,128,306,8.34389400921659,8.97697841726619,7.21570512820513,7.47230769230769,8.44765625,8.30049019607843,8
"13",2011,9,8.14444444444444,54,8.95,6.775,7.5,7.04545454545455,8.42558139534884,34,20,8,11,43,488,312,176,73,139,349,8.3218237704918,8.97403846153846,7.165625,7.47534246575343,8.33669064748201,8.31590257879656,9
"14",2011,10,8.11603773584906,53,8.31794871794872,7.55357142857143,8.375,7.94666666666667,8.1828947368421,39,14,4,15,38,541,351,190,77,154,387,8.30166358595194,8.9011396011396,7.19421052631579,7.52207792207792,8.2987012987013,8.30284237726098,10
"15",2011,11,7.62835820895522,67,8.5,6.78235294117647,7.82857142857143,7.73076923076923,7.6037037037037,33,34,7,13,54,608,384,224,84,167,441,8.22746710526316,8.86666666666667,7.13169642857143,7.54761904761905,8.25449101796407,8.2172335600907,11
"16",2011,12,8.34722222222222,54,8.7375,7.77954545454545,8.2,8.665625,8.21315789473684,32,22,8,16,38,662,416,246,92,183,479,8.23723564954683,8.85673076923077,7.18963414634146,7.60434782608696,8.29043715846995,8.21691022964509,12
"17",2012,1,7.69354838709677,62,8.58285714285714,6.54074074074074,5.7875,7.54666666666667,7.74042553191489,35,27,8,15,47,724,451,273,100,198,526,8.19067679558011,8.83547671840355,7.12545787545788,7.459,8.23409090909091,8.17433460076045,13
"18",2012,2,7.91016949152542,59,8.34871794871795,7.055,8.16666666666667,7.67,8.03333333333333,39,20,9,20,39,783,490,293,109,218,565,8.16954022988506,8.79673469387756,7.12064846416382,7.51743119266055,8.18233944954128,8.1646017699115,14
"19",2012,3,7.69148936170213,47,8.1875,6.63333333333333,7.66666666666667,7.9,7.63513513513514,32,15,6,10,37,830,522,308,115,228,602,8.14246987951807,8.75938697318008,7.09691558441559,7.52521739130435,8.16995614035088,8.13205980066445,15
"20",2012,4,7.96530612244898,49,8.78076923076923,7.04347826086957,6.64285714285714,8.525,7.78378378378378,26,23,7,12,37,879,548,331,122,240,639,8.13259385665529,8.76040145985402,7.09320241691843,7.47459016393443,8.18770833333333,8.11189358372457,16
"21",2012,5,7.56551724137931,29,8.39333333333333,6.67857142857143,7.16666666666667,6.9,7.70416666666667,15,14,3,5,24,908,563,345,125,245,663,8.11448237885462,8.750621669627,7.0763768115942,7.4672,8.16142857142857,8.09713423831071,17
"22",2012,6,7.7,31,8.41176470588235,6.83571428571429,6.85714285714286,6.8,7.87307692307692,17,14,7,5,26,939,580,359,132,250,689,8.10079872204473,8.74068965517242,7.06699164345404,7.43484848484848,8.1342,8.08867924528302,18
"23",2012,7,7.475,42,8.30681818181818,6.56,7.44444444444444,7.78571428571429,7.41285714285714,22,20,9,7,35,981,602,379,141,257,724,8.07400611620795,8.72483388704319,7.04023746701847,7.4354609929078,8.12470817120623,8.05600828729281,19
"24",2012,8,7.7575,40,8.54761904761905,6.88421052631579,7.47777777777778,8.21428571428571,7.66060606060606,21,19,9,7,33,1021,623,398,150,264,757,8.06160626836435,8.71886035313002,7.03278894472362,7.438,8.12708333333333,8.0387714663144,20
"25",2012,9,7.47121212121212,33,7.732,6.65625,8.5,8.2,7.34107142857143,25,8,2,5,28,1054,648,406,152,269,785,8.04312144212524,8.68078703703704,7.02536945812808,7.45197368421053,8.12843866171004,8.01388535031847,21
"26",2012,10,7.71351351351351,37,8.03333333333333,6.85,7.5,8.1,7.58928571428571,27,10,4,9,28,1091,675,416,156,278,813,8.03194317140238,8.65488888888889,7.02115384615385,7.45320512820513,8.12751798561151,7.99926199261992,22
"27",2012,11,8.19090909090909,33,8.3,8.02307692307692,8.25,7.83333333333333,8.27037037037037,20,13,4,6,27,1124,695,429,160,284,840,8.03661032028469,8.64467625899281,7.05151515151515,7.473125,8.12130281690141,8.00797619047619,23
"28",2012,12,7.63837837837838,37,8.33823529411765,7.0435,7.125,8.22916666666667,7.3548,17,20,4,12,25,1161,712,449,164,296,865,8.02391903531438,8.6373595505618,7.05115812917595,7.46463414634146,8.12567567567568,7.98909826589595,24
"29",2013,1,7.64772727272727,44,8.44230769230769,6.5,6.75,8.11111111111111,7.52857142857143,26,18,6,9,35,1205,738,467,170,305,900,8.01018257261411,8.63048780487805,7.02991434689508,7.43941176470588,8.12524590163935,7.97118888888889,25
"30",2013,2,7.92820512820513,39,8.39047619047619,7.38888888888889,8.0625,7.5,8.021875,21,18,8,7,32,1244,759,485,178,312,932,8.00761254019292,8.62384716732543,7.04323711340206,7.46741573033708,8.11121794871795,7.97292918454935,26
"31",2013,3,7.42166666666667,30,8.41666666666667,6.75833333333333,6.83333333333333,6.58333333333333,7.63125,12,18,6,6,24,1274,771,503,184,318,956,7.9938147566719,8.62062256809339,7.03304174950298,7.44673913043478,8.08238993710692,7.96435146443514,27
"32",2013,4,7.73648648648649,37,8.43,6.92058823529412,6.9,7.8,7.7265625,20,17,5,5,32,1311,791,520,189,323,988,7.98655225019069,8.61580278128951,7.02936538461539,7.43227513227513,8.0780185758514,7.95664979757085,28
"33",2013,5,7.69090909090909,33,8.35789473684211,6.78571428571429,7.3,8.26666666666667,7.475,19,14,5,9,24,1344,810,534,194,332,1012,7.9792931547619,8.60975308641976,7.02297752808989,7.42886597938144,8.08313253012049,7.94522727272727,29
"34",2013,6,7.11025641025641,39,8.10588235294118,6.34090909090909,7.15,6.8125,7.18709677419355,17,22,10,8,31,1383,827,556,204,340,1043,7.95478669558929,8.5993954050786,6.99598920863309,7.41519607843137,8.05323529411765,7.92269415148609,30
"35",2013,7,7.56285714285714,35,7.96521739130435,6.79166666666667,7.5,7.53333333333333,7.56896551724138,23,12,8,6,29,1418,850,568,212,346,1072,7.94511283497884,8.58223529411765,6.99167253521127,7.41839622641509,8.04421965317919,7.913125,31
"36",2013,8,7.59459459459459,37,8.2,6.88235294117647,6.1875,8.35714285714286,7.41666666666667,20,17,8,7,30,1455,870,585,220,353,1102,7.93619931271477,8.57344827586207,6.98849572649573,7.37363636363636,8.05042492917847,7.89960980036297,32
"37",2013,9,7.07352941176471,17,8.40625,5.88888888888889,6.5,8.25,6.91666666666667,8,9,4,2,15,1472,878,594,224,355,1117,7.92623641304347,8.57192482915718,6.97183501683502,7.35803571428571,8.05154929577465,7.88641002685765,33
"38",2013,10,7.86875,32,8.54444444444444,7,8.25,7.85714285714286,7.872,18,14,4,7,25,1504,896,608,228,362,1142,7.92501329787234,8.57137276785715,6.97248355263158,7.37368421052632,8.04779005524862,7.88609457092819,34
"39",2013,11,7.73611111111111,36,8.15909090909091,7.07142857142857,8.125,7,7.88333333333333,22,14,4,6,30,1540,918,622,232,368,1172,7.9205974025974,8.56149237472767,6.97471061093248,7.38663793103448,8.03070652173913,7.88602389078498,35
"40",2013,12,7.54838709677419,31,8.125,6.5,7.35714285714286,7.33333333333333,7.6,20,11,7,6,25,1571,938,633,239,374,1197,7.91325270528325,8.5521855010661,6.96646129541864,7.38577405857741,8.01951871657754,7.88005012531328,36
"41",2014,1,7.47040816326531,49,7.67666666666667,7.14473684210526,7.33333333333333,7.48333333333333,7.46470588235294,30,19,6,15,34,1620,968,652,245,389,1231,7.89985802469135,8.52505165289257,6.97165644171779,7.38448979591837,7.99884318766067,7.86857839155158,37
"42",2014,2,7.80454545454545,22,7.875,7.61666666666667,7.175,7.5,7.89411764705882,16,6,4,5,17,1642,984,658,249,394,1248,7.89858099878197,8.51448170731708,6.97753799392097,7.38112449799197,7.99251269035533,7.86892628205128,38
"43",2014,3,7.38846153846154,26,7.75625,6.8,7,7.16666666666667,7.455,16,10,7,6,20,1668,1000,668,256,400,1268,7.89062949640287,8.50235,6.97488023952096,7.370703125,7.980125,7.86239747634069,39
"44",2014,4,7.47272727272727,22,8.20714285714286,6.1875,7.75,7.33333333333333,7.49473684210526,14,8,2,3,19,1690,1014,676,258,403,1287,7.88518934911242,8.4982741617357,6.96556213017752,7.37364341085271,7.97531017369727,7.85696969696969,40
"45",2014,5,6.86296296296296,27,7.25,6.55333333333333,7.2,6.66666666666667,6.91904761904762,12,15,5,6,21,1717,1026,691,263,409,1308,7.86911473500291,8.48367446393762,6.95661360347323,7.37034220532319,7.95611246943766,7.8419113149847,41
"46",2014,6,7.35555555555556,18,8.14285714285714,6.85454545454545,7.06666666666667,7.33333333333333,7.36666666666667,7,11,6,6,12,1735,1033,702,269,415,1320,7.86378674351585,8.48136495643756,6.95501424501424,7.3635687732342,7.94710843373494,7.8375909090909,42
"47",2014,7,8.10416666666667,24,8.96428571428571,6.9,6.875,7.25,8.38888888888889,14,10,8,6,18,1759,1047,712,277,421,1338,7.86706651506537,8.4878223495702,6.95424157303371,7.34945848375451,7.93717339667459,7.84500747384155,43
"48",2014,8,8.188,25,8.91428571428571,7.26363636363636,6.41666666666667,8.66666666666667,8.03684210526316,14,11,6,6,19,1784,1061,723,283,427,1357,7.87156390134529,8.49344957587182,6.95894882434301,7.32968197879859,7.94742388758783,7.84769344141488,44
"49",2014,9,8.082,25,8.54583333333333,7.65384615384615,5.5,6.96,8.3625,12,13,2,5,20,1809,1073,736,285,432,1377,7.87447208402432,8.49403541472507,6.97122282608696,7.31684210526316,7.93599537037037,7.85517066085693,45
"50",2014,10,7.03571428571429,35,7.75,6.08333333333333,7.08333333333333,7.58333333333333,6.92241379310345,20,15,6,6,29,1844,1093,751,291,438,1406,7.85855206073752,8.4804208600183,6.95348868175766,7.31202749140894,7.93116438356165,7.83593172119487,46
"51",2014,11,7.42026315789474,38,8.11588235294118,6.85714285714286,7.05555555555556,7.57142857142857,7.38612903225806,17,21,9,7,31,1882,1110,772,300,445,1437,7.84970244420829,8.47483783783784,6.95086787564767,7.30433333333333,7.92550561797753,7.82622825330549,47
"52",2014,12,6.74285714285714,21,8.66666666666667,6.42222222222222,6.14285714285714,5.8,7.0375,3,18,7,5,16,1903,1113,790,307,450,1453,7.83748817656332,8.47535489667565,6.93882278481013,7.27785016286645,7.90188888888889,7.81754301445285,48
"53",2015,1,7.36764705882353,34,7.75,6.82142857142857,6.95,7.78571428571429,7.25925925925926,20,14,6,7,27,1937,1133,804,313,457,1480,7.82924109447599,8.46255075022065,6.93677860696517,7.27156549520767,7.90010940919038,7.8073581081081,49
"54",2015,2,7.975,28,8.3625,7.45833333333333,8.25,8.85714285714286,7.68095238095238,16,12,4,7,21,1965,1149,816,317,464,1501,7.83131806615776,8.46115752828547,6.94444852941176,7.28391167192429,7.91454741379311,7.80558960692871,50
"55",2015,3,7.2825,20,7.53928571428571,6.68333333333333,6.66666666666667,8,7.103125,14,6,3,4,16,1985,1163,822,320,468,1517,7.82578841309823,8.45006018916595,6.94254257907543,7.278125,7.91527777777778,7.79818061964403,51
"56",2015,4,7.69,20,8.38888888888889,7.11818181818182,7.2,8.1,7.41666666666667,9,11,5,8,12,2005,1172,833,325,476,1529,7.82443391521197,8.44959044368601,6.94486194477791,7.27692307692308,7.91838235294118,7.79518639633747,52
"57",2015,5,6.78235294117647,17,7.9,6.31666666666667,6.75,5,6.89375,5,12,4,1,16,2022,1177,845,329,477,1545,7.81567260138476,8.44725573491929,6.93594082840237,7.27051671732523,7.9122641509434,7.78585113268608,53
"58",2015,6,7.60666666666667,15,7.6375,7.57142857142857,7,7.83333333333333,7.55,8,7,2,3,12,2037,1185,852,331,480,1557,7.81413352970053,8.44178902953587,6.94116197183099,7.26888217522659,7.91177083333334,7.7840333975594,54
"59",2015,7,7.73571428571429,14,8.5,6.71666666666667,7.35,6.4,8.1,8,6,2,3,11,2051,1193,858,333,483,1568,7.81359824475865,8.442179379715,6.93959207459208,7.26936936936937,7.90238095238096,7.78625,55
"60",2015,8,7.87653846153846,26,8.29153846153846,7.46153846153846,7.625,8.679,7.375,13,13,4,10,16,2077,1206,871,337,493,1584,7.81438613384689,8.44055555555556,6.94738231917337,7.27359050445104,7.91813387423935,7.78209595959595,56
"61",2015,9,7.63333333333333,24,8.46363636363636,6.93076923076923,7.65,7.21428571428571,7.80588235294118,11,13,4,7,17,2101,1217,884,341,500,1601,7.81231794383626,8.44076417419885,6.94713800904977,7.27800586510264,7.90828,7.78234853216739,57
"62",2015,10,7.76666666666667,15,8.05,7.2,7.33333333333333,7.33333333333333,7.875,10,5,3,3,12,2116,1227,889,344,503,1613,7.81199432892249,8.43757946210269,6.9485601799775,7.27848837209302,7.90485089463221,7.78303781773093,58
"63",2015,11,7.63869565217391,23,8.05833333333333,7.18090909090909,7.165,8.39666666666667,7.525,12,11,6,3,20,2139,1239,900,350,506,1633,7.81013090229078,8.43390637610977,6.9514,7.27654285714286,7.90776679841898,7.77987752602572,59
"64",2015,12,7.76538461538462,26,8.245,6.16666666666667,5.5,6.31428571428571,8.3,20,6,4,7,19,2165,1259,906,354,513,1652,7.80959353348729,8.43090548054011,6.94620309050773,7.25646892655367,7.88602339181287,7.78585956416465,60
"65",2016,1,6.80714285714286,28,7.20833333333333,6.50625,7.08571428571429,7.625,6.67083333333333,12,16,7,4,24,2193,1271,922,361,517,1676,7.79679434564523,8.41936270653029,6.93856832971801,7.25315789473684,7.88400386847196,7.76989260143198,61
"66",2016,2,7.53125,16,8.375,6.6875,6.75,6.33333333333333,7.80769230769231,8,8,4,3,13,2209,1279,930,365,520,1689,7.79487098234495,8.41908522283034,6.93640860215054,7.24764383561644,7.8750576923077,7.77018354055654,62
"67",2016,3,7.11333333333333,15,7.9875,6.11428571428571,6.56,7,7.12142857142857,8,7,5,1,14,2224,1287,937,370,521,1703,7.79027428057553,8.41640248640249,6.93026680896478,7.23835135135135,7.87337811900192,7.76485026423957,63
"68",2016,4,7.52631578947368,19,8.14444444444444,6.97,7.58571428571429,6.76666666666667,7.87692307692308,9,10,7,6,13,2243,1296,947,377,527,1716,7.78803834150691,8.41451388888889,6.9306863780359,7.24480106100796,7.8607779886148,7.7656993006993,64
"69",2016,5,7.56086956521739,23,8.5,6.53636363636364,7,8.5,7.47142857142857,12,11,3,2,21,2266,1308,958,380,529,1737,7.78573256840247,8.41529816513762,6.92615866388309,7.24286842105263,7.86319470699433,7.76214162348877,65
"70",2016,6,7.91875,16,8.8375,7,6.75,6.5,8.12142857142857,8,8,4,2,14,2282,1316,966,384,531,1751,7.78666520595968,8.41786474164134,6.92677018633541,7.237734375,7.85806026365349,7.76501427755568,66
"71",2016,7,7.1,10,8.66666666666667,6.42857142857143,6.6,NA,7.1,3,7,5,0,10,2292,1319,973,389,531,1761,7.78366928446771,8.41843062926459,6.92318602261048,7.22953727506427,7.85806026365349,7.76123793299262,67
"72",2016,8,7.775,22,8.6875,7.25357142857143,6.97142857142857,8.71,7.5,8,14,7,5,17,2314,1327,987,396,536,1778,7.78358686257562,8.42005275056519,6.92787234042553,7.22497474747475,7.86600746268657,7.75874015748031,68
"73",2016,9,6.6554,15,7.71428571428571,5.728875,6.7662,7.1662,6.4,7,8,5,5,10,2329,1334,995,401,541,1788,7.77632073851438,8.41634932533733,6.91823216080402,7.21925436408978,7.85953974121997,7.75114093959731,69
"74",2016,10,7.65789473684211,19,8.45,6.77777777777778,6.8,8,7.63888888888889,10,9,5,1,18,2348,1344,1004,406,542,1806,7.77536243611584,8.41659970238095,6.91697310756972,7.21409113300493,7.85979889298893,7.75002214839424,70
"75",2016,11,7.36,25,8,6.4,7.75,7.58333333333333,7.28947368421053,15,10,4,6,19,2373,1359,1014,410,548,1825,7.77098651495996,8.41200147167035,6.91187475345168,7.21931951219512,7.85677189781022,7.74522739726027,71
"76",2016,12,7.12727272727273,22,8.19166666666667,5.85,6.3,5.5,7.29,12,10,5,2,20,2395,1371,1024,415,550,1845,7.76507348643006,8.41007293946025,6.9015048828125,7.20824337349398,7.84820181818182,7.74029268292683,72
"77",2017,1,6.38888888888889,18,6.75,6.1,5.5,5.33333333333333,6.91666666666667,8,10,6,6,12,2413,1379,1034,421,556,1857,7.75480770824699,8.40044234952864,6.89375338491296,7.18389786223278,7.82106294964029,7.7349703823371,73
"78",2017,2,7.11842105263158,19,8.11111111111111,6.225,6.8,6.08333333333333,7.3125,9,10,5,3,16,2432,1388,1044,426,559,1873,7.74983593749999,8.39856628242075,6.88734770114943,7.17939201877934,7.81173703041145,7.73136145221569,74
"79",2017,3,7.515,16,7.86272727272727,6.75,6.375,7.58,7.5,11,5,2,3,13,2448,1399,1049,428,562,1886,7.7483010620915,8.39435310936383,6.88669304099142,7.17563317757009,7.8105,7.72976670201484,75
"80",2017,4,7.41571428571429,14,8.64285714285714,6.18857142857143,6,5.66666666666667,7.89272727272727,7,7,4,3,11,2462,1406,1056,432,565,1897,7.74640982940698,8.39559032716927,6.88206534090909,7.16474768518518,7.7991168141593,7.73071164997364,76
"81",2017,5,7.49411764705882,17,7.44444444444444,7.55,7.7,7.76666666666667,7.34545454545455,9,8,5,6,11,2479,1415,1064,437,571,1908,7.7446797095603,8.3895406360424,6.88708740601504,7.17087185354691,7.79877583187391,7.72849056603773,77
"82",2017,6,7.57692307692308,13,7.33333333333333,7.78571428571429,7.25,8,7.5,6,7,2,2,11,2492,1421,1071,439,573,1919,7.74380457463884,8.38508092892329,6.89296078431373,7.17123234624146,7.79947818499128,7.72718082334549,78
"83",2017,7,6.77272727272727,11,7.21428571428571,6,7.5,8,6.65,7,4,2,1,10,2503,1428,1075,441,574,1929,7.73953695565321,8.37934173669468,6.88963813953488,7.17272335600907,7.79982752613241,7.72159668221876,79
"84",2017,8,7.83333333333333,9,8.41666666666667,6.66666666666667,8,8.5,7.64285714285714,6,3,1,2,7,2512,1434,1078,442,576,1936,7.73987300955414,8.37949790794979,6.88901762523191,7.17459502262443,7.80225868055556,7.72131198347107,80
"85",2017,9,7.83076923076923,13,9,7.1,7.075,8.075,7.72222222222222,5,8,4,4,9,2525,1439,1086,446,580,1945,7.74034099009901,8.38165392633773,6.89057182320442,7.17370179372197,7.80413965517242,7.72131619537275,81
"86",2017,10,7.2,20,7.77777777777778,6.72727272727273,6.77777777777778,6.75,7.3125,9,11,9,4,16,2545,1448,1097,455,584,1961,7.73609469548133,8.37790055248619,6.88893436645397,7.16587032967033,7.79691952054795,7.71798062213156,82
"87",2017,11,7.13636363636364,11,7.14285714285714,7.125,6.25,5.5,7.5,7,4,2,2,9,2556,1455,1101,457,586,1970,7.73351369327073,8.37195876288659,6.88979200726612,7.16186214442013,7.78908020477816,7.7169847715736,83
"88",2017,12,7.60434782608696,23,8.07857142857143,6.86666666666667,7.25,8.22,7.43333333333333,14,9,2,5,18,2579,1469,1110,459,591,1988,7.73236176812718,8.36916269571137,6.88960450450451,7.16224618736383,7.79272588832488,7.71441649899396,84
"89",2018,1,7.53558823529412,17,8.20038461538462,5.375,6.83333333333333,9.33333333333333,7.15035714285714,13,4,3,3,14,2596,1482,1114,462,594,2002,7.73107318952234,8.36768218623481,6.88416606822262,7.16011038961039,7.80050673400674,7.71047202797202,85
"90",2018,2,7.43684210526316,19,7.73333333333333,6.92857142857143,7.125,8,7.40555555555556,12,7,4,1,18,2615,1494,1121,466,595,2020,7.72893537284894,8.36258701472557,6.88444335414808,7.15980901287554,7.80084201680673,7.70775495049505,86
"91",2018,3,7.6525,20,7.95454545454545,7.28333333333333,7.76,7.15,7.92307692307692,11,9,5,7,13,2635,1505,1130,471,602,2033,7.72835521821631,8.35960465116279,6.8876203539823,7.1661804670913,7.79327408637874,7.70913182488932,87
"92",2018,4,8.275,12,8.53,7,7,8,8.36666666666667,10,2,1,3,9,2647,1515,1132,472,605,2042,7.73083339629769,8.36072937293729,6.88781890459364,7.16582838983051,7.79429917355372,7.71202987267384,88
"93",2018,5,7,12,8.75,6.125,6.2,7.16666666666667,6.94444444444444,4,8,5,3,9,2659,1519,1140,477,608,2051,7.72753516359533,8.36175444371297,6.88246578947368,7.15570440251572,7.79120230263158,7.70866162847391,89
"94",2018,6,6.63846153846154,13,6.83333333333333,6.47142857142857,7.46,7,6.53,6,7,5,3,10,2672,1525,1147,482,611,2061,7.7222365269461,8.35574098360656,6.87995727986051,7.15886099585062,7.78731751227496,7.70294274623968,90
"95",2018,7,7.88157894736842,19,8.4375,6.92857142857143,6.5,7.83333333333333,7.890625,12,7,2,3,16,2691,1537,1154,484,614,2077,7.72336157562244,8.35637931034483,6.88025216637782,7.15613842975207,7.78754234527688,7.70438854116514,91
"96",2018,8,7.175,8,8.46666666666667,6.4,6.33333333333333,6,7.56666666666667,3,5,3,2,6,2699,1540,1159,487,616,2083,7.72173619859207,8.35659415584415,6.87818032786885,7.15106981519507,7.78173863636364,7.70399183869419,92
"97",2018,9,7.25,12,7.33333333333333,7,7.25,7.6,7.18,9,3,2,2,10,2711,1549,1162,489,618,2093,7.71964810033198,8.35064880568108,6.87849483648881,7.15147443762781,7.7811504854369,7.70148829431438,93
"98",2018,10,7.83333333333333,12,7.77777777777778,8,NA,7.5,7.86363636363636,9,3,0,1,11,2723,1558,1165,489,619,2104,7.72014910025707,8.34733953786906,6.88138283261803,7.15147443762781,7.78069628432957,7.70233602661596,94
"99",2018,11,7.68772727272727,22,8.12857142857143,6.91625,6.366,8.61428571428571,7.25533333333333,14,8,5,7,15,2745,1572,1173,494,626,2119,7.71988925318761,8.34539122137405,6.88162063086104,7.14352429149798,7.79001757188499,7.6991717791411,95
"100",2018,12,7.625,12,8.05555555555556,6.33333333333333,6.5,8.75,7.4,9,3,2,2,10,2757,1581,1176,496,628,2129,7.71947624229234,8.3437413029728,6.88022193877551,7.14092943548387,7.79307484076434,7.69776655706904,96
"101",2019,1,7.875,12,8.5625,6.5,8.5,9.5,7.72727272727273,8,4,1,1,11,2769,1589,1180,497,629,2140,7.72015023474178,8.34484266834487,6.87893305084746,7.14366398390342,7.79578855325915,7.69791822429906,97
"102",2019,2,7.13076923076923,13,7.91666666666667,6.45714285714286,6,NA,7.13076923076923,6,7,1,0,13,2782,1595,1187,498,629,2153,7.71739611790079,8.34323197492163,6.87644566133109,7.14136746987952,7.79578855325915,7.69449372967951,98
"103",2019,3,7.095,10,7.7375,6.66666666666667,8,8.475,6.75,4,6,2,2,8,2792,1599,1193,500,631,2161,7.71516690544412,8.34171669793621,6.87539061190277,7.144802,7.79794136291601,7.69099722350763,99
"104",2019,4,7.54545454545455,11,8.66666666666667,6.2,6.33333333333333,8.2,7,6,5,3,5,6,2803,1605,1198,503,636,2167,7.71450089190153,8.34293146417446,6.87257178631052,7.13996222664016,7.80110220125787,7.68908398707891,100
"105",2019,5,6.64285714285714,7,7,6.58333333333333,6.5,5.75,7,1,6,5,2,5,2810,1606,1204,508,638,2172,7.71183131672598,8.34209526774596,6.8711303986711,7.13366338582677,7.79467241379311,7.68749769797421,101
"106",2019,6,7.33125,16,7.88333333333333,7,7.42857142857143,7.95,7.125,6,10,7,4,12,2826,1612,1214,515,642,2184,7.70967657466383,8.34038771712159,6.87219192751236,7.13767184466019,7.79564018691589,7.68440705128205,102
"107",2019,7,7.57142857142857,7,7.75,7.33333333333333,6,8,7.4,4,3,1,2,5,2833,1616,1217,516,644,2189,7.70933498058595,8.33892636138614,6.87332867707477,7.13546705426357,7.7962748447205,7.68375742348104,103
"108",2019,8,7.13066666666667,15,8,6.55111111111111,5.75,8.33333333333333,6.83,6,9,4,3,12,2848,1622,1226,520,647,2201,7.70628721910112,8.33767262638718,6.87096329526917,7.12480961538462,7.79876506955178,7.67910268059972,104
"109",2019,9,6.6875,8,7.875,5.5,7,7,6.64285714285714,4,4,2,1,7,2856,1626,1230,522,648,2208,7.70343347338935,8.3365344403444,6.86650487804878,7.12433141762452,7.79753240740741,7.67581748188405,105
"110",2019,10,7.5,9,8.41666666666667,5.66666666666667,3,7.5,7.5,6,3,1,5,4,2865,1632,1233,523,653,2212,7.70279441535776,8.33682904411765,6.86358556366585,7.11644550669216,7.79525421133232,7.67549954792043,106
"111",2019,11,7.16666666666667,15,8.5,6.5,6,7.5,7.11538461538461,5,10,5,2,13,2880,1637,1243,528,655,2225,7.70000208333333,8.33732742822236,6.86066049879324,7.10587310606061,7.79435267175573,7.67222696629213,107
"112",2019,12,7.45454545454545,11,7.92857142857143,6.625,5.75,8,7.4,7,4,2,1,10,2891,1644,1247,530,656,2235,7.69906814251124,8.33558698296837,6.85990457097033,7.10075660377359,7.79466615853659,7.67100894854586,108
"113",2020,1,6.96428571428571,14,7.22222222222222,6.5,NA,NA,6.96428571428571,9,5,0,0,14,2905,1653,1252,530,656,2249,7.69552702237521,8.32952510586812,6.85846725239617,7.10075660377359,7.79466615853659,7.66660960426856,109
"114",2020,2,7,11,7.125,6.66666666666667,NA,8,6.9,8,3,0,1,10,2916,1661,1255,530,657,2259,7.69290329218107,8.32372366044552,6.85800876494024,7.10075660377359,7.79497869101979,7.66321602478973,110
"115",2020,3,7.30928571428571,14,8.34,6.73666666666667,7.0325,5,7.69416666666667,5,9,4,2,12,2930,1666,1264,534,659,2271,7.69107030716723,8.3237725090036,6.85714477848101,7.10024531835206,7.7864962063733,7.66337956847204,111
"116",2020,4,7.15428571428571,14,8.29555555555556,5.1,6,8.33333333333333,6.83272727272727,9,5,1,3,11,2944,1675,1269,535,662,2282,7.68851766304348,8.32362089552239,6.85022143420016,7.09818878504673,7.7889743202417,7.65937554776511,112
"117",2020,5,7.075,10,6.875,7.375,7.375,6,7.34375,6,4,4,2,8,2954,1681,1273,539,664,2290,7.68644075829384,8.3184503271862,6.85187038491752,7.10024304267161,7.7835858433735,7.65827292576419,113
"118",2020,6,6.6875,8,8.16666666666667,5.8,6.5,8.4,6.11666666666667,3,5,2,2,6,2962,1684,1278,541,666,2296,7.68374274139095,8.3181799287411,6.84775508607199,7.09802402957486,7.78543693693694,7.65424433797909,114
"119",2020,7,6.82,10,7.46666666666667,1,1,8,6.525,9,1,1,2,8,2972,1693,1279,542,668,2304,7.68083647375504,8.31365327820437,6.84318295543393,7.08677306273063,7.78607934131737,7.65032335069444,115
"120",2020,8,6.35,10,6.64285714285714,5.66666666666667,6,5.5,6.5625,7,3,1,2,8,2982,1700,1282,543,670,2312,7.67637357478202,8.30677352941177,6.84042979719189,7.08477163904236,7.7792552238806,7.64655925605536,116
"121",2020,9,7.5,12,7.42857142857143,7.6,6,7.4,7.57142857142857,7,5,1,5,7,2994,1707,1287,544,675,2319,7.67566666666666,8.30317223198594,6.84338073038073,7.08277757352941,7.77644592592593,7.64633247089262,117
"122",2020,10,7.55555555555556,18,8.4375,6.85,7.25,8.25,7.46875,8,10,2,2,16,3012,1715,1297,546,677,2335,7.67494887118194,8.30379883381925,6.84343176561295,7.08339010989011,7.77784490398819,7.64511563169165,118
"123",2020,11,7,17,7.68181818181818,5.75,6,7.625,6.80769230769231,11,6,2,4,13,3029,1726,1303,548,681,2348,7.67116077913503,8.2998348783314,6.83839677666922,7.07943613138686,7.77694713656388,7.64047913117547,119
"124",2020,12,7.01176470588235,17,7.65,6.1,5.91666666666667,7.83333333333333,6.83571428571429,10,7,6,3,14,3046,1736,1310,554,684,2362,7.66748063033486,8.29609158986175,6.83445114503817,7.06684296028881,7.77719444444445,7.63570914479255,120
"125",2021,1,7.28125,16,7.54166666666667,6.5,6.66666666666667,6.83333333333333,7.38461538461539,12,4,3,3,13,3062,1748,1314,557,687,2375,7.66546244284781,8.29091247139588,6.83343302891933,7.06468761220826,7.77307278020379,7.6343347368421,121
"126",2021,2,6.81875,16,7.95,4.93333333333333,5.125,9,6.67333333333333,10,6,4,1,15,3078,1758,1320,561,688,2390,7.66106107862248,8.28897326507395,6.82479621212121,7.05085739750446,7.77485610465117,7.62830334728033,122
"127",2021,3,7.6,15,8.35,6.1,NA,6.75,7.73076923076923,10,5,0,2,13,3093,1768,1325,561,690,2403,7.66076495311995,8.28931843891403,6.82206113207547,7.05085739750446,7.77188550724638,7.62885767790262,123
"128",2021,4,6.86875,16,7.35,6.3875,7,6.93333333333333,6.85384615384615,8,8,3,3,13,3109,1776,1333,564,693,2416,7.65668896751367,8.28508727477478,6.81945311327832,7.05058687943262,7.76825541125542,7.6246875,124
"129",2021,5,6.76315789473684,19,7.125,6.14285714285714,6.5,6.5,6.79411764705882,12,7,2,2,17,3128,1788,1340,566,695,2433,7.6512615089514,8.27730145413871,6.81591865671642,7.04864134275618,7.76460575539569,7.61888409371146,125
"130",2021,6,7.01818181818182,11,7.9,4.66666666666667,4,4,7.32,8,3,1,1,10,3139,1796,1343,567,696,2443,7.64904300732717,8.27562082405346,6.81111764705882,7.04326455026455,7.75919683908046,7.61766066311911,126
"131",2021,7,7.7,10,7.75,7.625,7.5,8.33333333333333,7.42857142857143,6,4,2,3,7,3149,1802,1347,569,699,2450,7.64920482692918,8.27387069922309,6.81353452115813,7.04486994727592,7.76166094420601,7.61712040816326,127
"132",2021,8,7.45833333333333,12,7.83333333333333,6.33333333333333,6.33333333333333,7.33333333333333,7.5,9,3,3,3,9,3161,1811,1350,572,702,2459,7.64848022777602,8.27168139149641,6.81246740740741,7.04113811188811,7.75983048433049,7.61669174461163,128
"133",2021,9,7,6,8.33333333333333,5.66666666666667,NA,NA,7,3,3,0,0,6,3167,1814,1353,572,702,2465,7.64725165772024,8.27178335170893,6.80992682926829,7.04113811188811,7.75983048433049,7.61519066937119,129
"134",2021,10,7.35714285714286,21,7.81818181818182,6.85,7.875,7.33333333333333,7.36111111111111,11,10,4,3,18,3188,1825,1363,576,705,2483,7.64534065244667,8.2690493150685,6.81022083639032,7.04692881944445,7.75801560283688,7.6133487716472,130
"135",2021,11,7.53333333333333,9,7.25714285714286,8.5,NA,8.16666666666667,7.21666666666667,7,2,0,3,6,3197,1832,1365,576,708,2489,7.64502533625273,8.26518286026201,6.8126967032967,7.04692881944445,7.75974717514125,7.61239252711932,131
"136",2021,12,7.78421052631579,19,8.53076923076923,6.16666666666667,6,7.83333333333333,7.76153846153846,13,6,4,6,13,3216,1845,1371,580,714,2502,7.64584763681592,8.26705420054201,6.80986943836616,7.03970862068966,7.76036554621849,7.61316746602718,132
"137",2022,1,6.73076923076923,13,8.3,5.75,6.1,7.5,6.66666666666667,5,8,5,1,12,3229,1850,1379,585,715,2514,7.64216351811706,8.26714324324325,6.80372081218274,7.03167692307692,7.7600013986014,7.60864956245028,133
"138",2022,2,6.52,12,7.448,5.85714285714286,5.75,7.75,6.274,5,7,4,2,10,3241,1855,1386,589,717,2524,7.63800863930885,8.26493530997305,6.79894011544012,7.02297283531409,7.75997350069736,7.6033617274168,134
"139",2022,3,7.87272727272727,11,8.16666666666667,7.52,7.83333333333333,8.375,7.58571428571429,6,5,3,4,7,3252,1861,1391,592,721,2531,7.63880258302583,8.26461848468566,6.80153199137311,7.02707939189189,7.76338557558946,7.60331291979455,135
"140",2022,4,5.71428571428571,7,6,5.66666666666667,5.5,6,5.6,1,6,4,2,5,3259,1862,1397,596,723,2536,7.63466891684566,8.2634022556391,6.79665783822477,7.01683053691275,7.75850760719226,7.599363170347,136
"141",2022,5,7.15384615384615,13,6.94444444444444,7.625,7.25,7,7.16666666666667,9,4,2,1,12,3272,1871,1401,598,724,2548,7.63275855745721,8.25705772314271,6.79902284082798,7.01761036789298,7.75745994475139,7.59732535321821,137
"142",2022,6,7.375,4,8,7.16666666666667,7,NA,7.375,1,3,1,0,4,3276,1872,1404,599,724,2552,7.63244383394383,8.25692040598291,6.79980840455841,7.01758096828047,7.75745994475139,7.59697688087774,138
"143",2022,7,7.16666666666667,6,6.75,8,NA,NA,7.16666666666667,4,2,0,0,6,3282,1876,1406,599,724,2558,7.63159232175503,8.25370735607676,6.80151564722617,7.01758096828047,7.75745994475139,7.5959675527756,139
"144",2022,8,7.28571428571429,7,8,6.75,6,7.5,7.125,3,4,1,3,4,3289,1879,1410,600,727,2562,7.63085618729097,8.25330228845131,6.8013695035461,7.015885,7.75639752407153,7.59523224043716,140
"145",2022,9,7.54444444444444,9,7.75,7.38,6,6,7.7375,4,5,1,1,8,3298,1883,1415,601,728,2570,7.63062037598544,8.25223313860861,6.80341413427562,7.01419467554077,7.7539848901099,7.59567509727626,141
"146",2022,10,8.3125,8,8.5,7,7,NA,8.3125,7,1,1,0,8,3306,1890,1416,602,728,2578,7.63227041742287,8.2531507936508,6.8035529661017,7.01417109634552,7.7539848901099,7.59789953452288,142
"147",2022,11,6.81818181818182,11,7.8,6,6,9,6.6,5,6,2,1,10,3317,1895,1422,604,729,2588,7.62957069641242,8.25195514511874,6.80016244725738,7.01081291390729,7.75569410150892,7.59404366306028,143
"148",2022,12,7.1,17,7.55833333333333,6,7,8.01666666666667,6.6,12,5,4,6,11,3334,1907,1427,608,735,2599,7.62687042591482,8.24759045621395,6.79735879467414,7.01074177631579,7.75782448979592,7.58983647556752,144
