"","year","month","avg_rating","no_ratings","avg_rating_owned","avg_rating_not_owned","avg_rating_prev_owned","avg_rating_comment","avg_rating_no_comment","no_ratings_owned","no_ratings_not_owned","no_ratings_prev_owned","no_ratings_comment","no_ratings_no_comment","cum_no_ratings","cum_no_ratings_owned","cum_no_ratings_not_owned","cum_no_ratings_prev_owned","cum_no_ratings_comment","cum_no_ratings_no_comment","cum_avg_rating","cum_avg_rating_owned","cum_avg_rating_not_owned","cum_avg_rating_prev_owned","cum_avg_rating_comment","cum_avg_rating_no_comment","month_after_release"
"1",2010,10,8.38545454545454,55,8.66216216216216,7.81666666666667,7.94,8.33529411764706,8.4078947368421,37,18,5,17,38,55,37,18,5,17,38,8.38545454545454,8.66216216216216,7.81666666666667,7.94,8.33529411764706,8.4078947368421,0
"2",2010,11,7.75906040268456,149,8.43611111111111,7.12597402597403,7.76923076923077,7.5734693877551,7.85,72,77,13,49,100,204,109,95,18,66,138,7.92794117647059,8.51284403669725,7.25684210526316,7.81666666666667,7.76969696969697,8.0036231884058,1
"3",2010,12,7.90601851851852,108,8.59406779661017,7.07755102040816,8.11111111111111,7.23846153846154,8.11768292682927,59,49,9,26,82,312,168,144,27,92,220,7.92035256410256,8.54136904761905,7.19583333333333,7.91481481481481,7.6195652173913,8.04613636363636,2
"4",2011,1,8.01666666666667,96,8.37647058823529,7.60888888888889,7.9,8.02777777777778,8.01410256410256,51,45,10,18,78,408,219,189,37,110,298,7.94301470588235,8.50296803652968,7.2941798941799,7.91081081081081,7.68636363636364,8.03775167785235,3
"5",2011,2,7.83883495145631,103,8.69387755102041,7.06296296296296,7.76,7.56,7.92820512820513,49,54,5,25,78,511,268,243,42,135,376,7.9220156555773,8.53787313432836,7.24279835390947,7.89285714285714,7.66296296296296,8.01502659574468,4
"6",2011,3,7.76041666666667,96,8.50555555555556,7.10294117647059,7.57777777777778,7.33166666666667,7.95530303030303,45,51,9,30,66,607,313,294,51,165,442,7.89645799011532,8.5332268370607,7.21853741496599,7.83725490196078,7.60272727272727,8.00610859728507,5
"7",2011,4,7.51666666666667,84,8.18421052631579,6.96521739130435,8.325,6.89411764705882,7.67462686567164,38,46,4,17,67,691,351,340,55,182,509,7.85028943560058,8.4954415954416,7.18426470588235,7.87272727272727,7.53653846153846,7.96247544204322,6
"8",2011,5,7.67305825242718,206,8.40940594059406,6.9647619047619,7.40714285714286,7.69074074074074,7.66677631578947,101,105,14,54,152,897,452,445,69,236,661,7.80958751393534,8.47621681415929,7.13247191011236,7.77826086956522,7.57182203389831,7.89447806354009,7
"9",2011,6,7.73350785340314,191,8.24301075268817,7.25,7.79565217391304,7.75142857142857,7.72948717948718,93,98,23,35,156,1088,545,543,92,271,817,7.79623161764706,8.43642201834862,7.1536832412523,7.78260869565217,7.5950184501845,7.86297429620563,8
"10",2011,7,7.75779220779221,154,8.37142857142857,7.14415584415584,7.82352941176471,7.49390243902439,7.85353982300885,77,77,17,41,113,1242,622,620,109,312,930,7.7914653784219,8.42837620578778,7.1525,7.78899082568807,7.58173076923077,7.86182795698925,9
"11",2011,8,7.71518518518519,135,8.21549295774648,7.16015625,7.35,7.7953125,7.69029126213592,71,64,15,32,103,1377,693,684,124,344,1033,7.78398692810458,8.40656565656566,7.15321637426901,7.73588709677419,7.6015988372093,7.84472410454986,10
"12",2011,9,7.74541984732824,131,8.2775,7.29577464788732,7.27272727272727,7.5037037037037,7.80817307692308,60,71,11,27,104,1508,753,755,135,371,1137,7.78063660477453,8.39628154050465,7.16662251655629,7.69814814814815,7.594474393531,7.84138082673703,11
"13",2011,10,7.76125,160,8.46645569620253,7.07345679012346,8.2,7.3265625,7.869921875,79,81,10,32,128,1668,832,836,145,403,1265,7.77877697841727,8.40294471153846,7.1575956937799,7.73275862068965,7.57320099255583,7.84426877470356,12
"14",2011,11,7.6421568627451,204,8.12626262626263,7.18571428571429,7.95,7.57333333333333,7.65402298850575,99,105,10,30,174,1872,931,941,155,433,1439,7.76388888888889,8.37352309344791,7.16073326248672,7.74677419354839,7.57321016166282,7.82126476719944,13
"15",2011,12,7.69118192090396,177,8.26804421052632,7.02286585365854,7.11538461538461,7.42897714285714,7.75580985915493,95,82,13,35,142,2049,1026,1023,168,468,1581,7.75760819912152,8.36375653021443,7.14968230694037,7.69791666666667,7.5624235042735,7.81538583175206,14
"16",2012,1,7.70631019417476,206,8.2018009009009,7.12736842105263,7.66470588235294,7.48275862068965,7.74293728813559,111,95,17,29,177,2255,1137,1118,185,497,1758,7.75292199556541,8.34794555848725,7.1477862254025,7.69486486486486,7.55777505030181,7.80809152445961,15
"17",2012,2,7.66677215189873,158,8.16071428571429,7.10608108108108,7.5,7.69838709677419,7.65905511811024,84,74,22,31,127,2413,1221,1192,207,528,1885,7.74728101947783,8.33506478296479,7.14519714765101,7.67415458937198,7.56603068181818,7.79805034482759,16
"18",2012,3,7.7463503649635,137,8.3695945945946,7.01428571428571,7.22727272727273,7.67241379310345,7.7662037037037,74,63,11,29,108,2550,1295,1255,218,557,1993,7.74723101960784,8.33703791505792,7.13862549800797,7.65160550458716,7.57156947935368,7.79632458605118,17
"19",2012,4,7.679296875,128,8.17333333333333,7.24338235294118,7.33125,7.74137931034483,7.66111111111111,60,68,16,29,99,2678,1355,1323,234,586,2092,7.74398398058252,8.32978900369004,7.14400982615268,7.62970085470085,7.57997303754266,7.78992586042065,18
"20",2012,5,7.68451327433628,113,8.03305084745763,7.3037037037037,7.10416666666667,7.48333333333333,7.73876404494382,59,54,12,24,89,2791,1414,1377,246,610,2181,7.74157617341455,8.31740742574258,7.15027233115468,7.60406504065041,7.57617081967213,7.78783810178817,19
"21",2012,6,7.81818181818182,99,8.36666666666667,7.16,7.51538461538462,7.97142857142857,7.79294117647059,54,45,13,14,85,2890,1468,1422,259,624,2266,7.74420038062284,8.31921941416894,7.15058016877637,7.5996138996139,7.58503878205128,7.78802952338923,20
"22",2012,7,7.61634615384615,104,8.23482142857143,6.89479166666667,6.83333333333333,7.54705882352941,7.62988505747126,56,48,6,17,87,2994,1524,1470,265,641,2353,7.73975921843687,8.31611817585302,7.14222789115646,7.5822641509434,7.58403151326053,7.78218227794305,21
"23",2012,8,7.67591836734694,98,8.14903846153846,7.14108695652174,7.15,8,7.57653333333333,52,46,10,23,75,3092,1576,1516,275,664,2428,7.73773580206986,8.31060539340102,7.14219327176781,7.56654545454546,7.59844006024097,7.77582985996705,22
"24",2012,9,7.71346153846154,104,8.18936170212766,7.32105263157895,7.14285714285714,7.54166666666667,7.73586956521739,47,57,14,12,92,3196,1623,1573,289,676,2520,7.73694590112641,8.30709433148491,7.14867450731087,7.54602076124568,7.59743224852071,7.77437099206349,23
"25",2012,10,7.7150406504065,123,8.17015625,7.22135593220339,7.22307692307692,7.94565217391304,7.662,64,59,13,23,100,3319,1687,1632,302,699,2620,7.73613410665863,8.30189928867813,7.15130208333333,7.53211920529801,7.60889012875537,7.77008202290077,24
"26",2012,11,7.8722972972973,148,8.36,7.37123287671233,7.17058823529412,7.92424242424242,7.85739130434783,75,73,17,33,115,3467,1762,1705,319,732,2735,7.74194666858956,8.30437236095346,7.16071847507331,7.5128526645768,7.62310683060109,7.77375316270567,25
"27",2012,12,7.73206106870229,131,8.17910447761194,7.2640625,7.33888888888889,7.90322580645161,7.679,67,64,18,31,100,3598,1829,1769,337,763,2835,7.7415867426348,8.29978354291963,7.16445732052007,7.50356083086054,7.6344878112713,7.7704108994709,26
"28",2013,1,7.40031055900621,161,8.14240506329114,6.68536585365854,6.75,6.49583333333333,7.55875912408759,79,82,16,24,137,3759,1908,1851,353,787,2972,7.72696969938814,8.29326734800839,7.14323338735819,7.46940509915014,7.59976391359593,7.76065440780619,27
"29",2013,2,7.56137614678899,109,8.31758064516129,6.56382978723404,7.5625,7.84058823529412,7.50978260869565,62,47,8,17,92,3868,1970,1898,361,804,3064,7.72230328335057,8.29403253807107,7.1288856691254,7.47146814404432,7.60485597014925,7.75312170365536,28
"30",2013,3,7.75713461538462,104,8.33634615384615,7.17792307692308,7.3452,7.49733333333333,7.81151162790698,52,52,10,18,86,3972,2022,1950,371,822,3150,7.72321528197382,8.29512072205737,7.13019333333333,7.46806469002695,7.60250145985402,7.75471584126984,29
"31",2013,4,7.50710280373832,107,8.2652,6.84210526315789,6.85454545454545,7.2,7.58658823529412,50,57,11,22,85,4079,2072,2007,382,844,3235,7.71754623682275,8.2943986969112,7.12201145989038,7.45039790575916,7.59200971563981,7.75029826893354,30
"32",2013,5,7.68461538461538,104,8.2811320754717,7.06470588235294,7.15384615384615,7.44545454545455,7.74878048780488,53,51,13,22,82,4183,2125,2058,395,866,3317,7.71672749223046,8.29406781176471,7.12059135082604,7.44063797468354,7.58828660508083,7.75026074766355,31
"33",2013,6,7.69833333333333,90,8.37065217391304,6.99545454545455,7.6,8.50333333333333,7.53733333333333,46,44,5,15,75,4273,2171,2102,400,881,3392,7.71634006552773,8.29569051128512,7.11797193149382,7.44263,7.60386628830874,7.74555274174529,32
"34",2013,7,7.5906862745098,102,8.04444444444444,7.08020833333333,6.81111111111111,6.9,7.73869047619048,54,48,9,18,84,4375,2225,2150,409,899,3476,7.71341053714286,8.28959285393259,7.1171288372093,7.42873349633252,7.58977330367075,7.74538691024166,33
"35",2013,8,7.58571428571429,91,8.31020408163265,6.74047619047619,6.325,7.59444444444444,7.58356164383562,49,42,8,18,73,4466,2274,2192,417,917,3549,7.71080857590685,8.29003698328936,7.10991195255474,7.4075587529976,7.58986499454744,7.74205829811215,34
"36",2013,9,7.52663043478261,92,8.34756097560976,6.86666666666667,6.95,7.17647058823529,7.606,41,51,10,17,75,4558,2315,2243,427,934,3624,7.70709107064502,8.29105576673866,7.10438118591173,7.39684309133489,7.58234068522484,7.73924252207506,35
"37",2013,10,7.74306930693069,101,8.28214285714286,7.07222222222222,7.6,8.46428571428571,7.62701149425287,56,45,10,14,87,4659,2371,2288,437,948,3711,7.70787102382486,8.2908452551666,7.10374868881119,7.40149199084668,7.59536518987342,7.73661139854487,36
"38",2013,11,7.61884615384615,130,8.14230769230769,7.09538461538462,7.06666666666667,7.844,7.5652380952381,65,65,15,25,105,4789,2436,2353,452,973,3816,7.70545439548966,8.28688181444992,7.10351763705907,7.39038053097345,7.60175354573484,7.73189593815514,37
"39",2013,12,7.72214876033058,121,8.36,7.02931034482759,6.63636363636364,7.85555555555556,7.69883495145631,63,58,11,18,103,4910,2499,2411,463,991,3919,7.70586580448065,8.28872513005202,7.10173247615098,7.37246652267819,7.60636347124117,7.73102702219954,38
"40",2014,1,7.825,124,8.25522388059701,7.31929824561403,7.63636363636364,8.04736842105263,7.7847619047619,67,57,11,19,105,5034,2566,2468,474,1010,4024,7.70880037743345,8.28785038971161,7.10675729335494,7.37859071729958,7.6146596039604,7.73242915009941,39
"41",2014,2,7.71742424242424,132,8.06287878787879,7.3719696969697,7.23214285714286,7.7075,7.71919642857143,66,66,14,20,112,5166,2632,2534,488,1030,4136,7.70902073170732,8.28220900455927,7.11366495659037,7.3743893442623,7.61646233009709,7.7320708172147,40
"42",2014,3,7.5145,100,8.04464285714286,6.83977272727273,7.45,8.02142857142857,7.43197674418605,56,44,10,14,86,5266,2688,2578,498,1044,4222,7.70532683251044,8.27725970982143,7.10899030256012,7.37590763052209,7.62189291187739,7.72595805305543,41
"43",2014,4,7.60561320754717,106,8.17358490566038,7.03764150943396,7.03333333333333,7.89090909090909,7.53089285714286,53,53,15,22,84,5372,2741,2631,513,1066,4306,7.70335928890543,8.2752550529004,7.10755302166477,7.36589083820663,7.62744484052533,7.72215278680911,42
"44",2014,5,7.5595,100,8.26176470588235,6.82857142857143,7,7.25,7.6320987654321,51,49,11,19,81,5472,2792,2680,524,1085,4387,7.70073028143275,8.27500863180516,7.10245223880597,7.35820992366412,7.62083520737327,7.72049006154548,43
"45",2014,6,7.86168831168831,77,8.18472222222222,7.5780487804878,8.07,7.91666666666667,7.83679245283019,36,41,10,24,53,5549,2828,2721,534,1109,4440,7.70296379527843,8.27385929985856,7.10961852260199,7.3715393258427,7.62723733092876,7.72187835585586,44
"46",2014,7,7.58202247191011,89,8.14777777777778,7.00340909090909,7.14285714285714,7.68214285714286,7.56333333333333,45,44,7,14,75,5638,2873,2765,541,1123,4515,7.70105464703796,8.27188447615733,7.10792839059675,7.36858040665434,7.62792181656278,7.71924471760797,45
"47",2014,8,7.85988505747126,87,8.42826086956522,7.22219512195122,8.23333333333333,8.26,7.77652777777778,46,41,6,15,72,5725,2919,2806,547,1138,4587,7.70346831441048,8.27434878383008,7.10959800427655,7.37806581352834,7.6362532513181,7.72014386309135,46
"48",2014,9,7.77732558139535,86,8.42674418604651,7.12790697674419,7.33333333333333,8.171875,7.68714285714286,43,43,6,16,70,5811,2962,2849,553,1154,4657,7.70456136637412,8.27656114112087,7.10987434187434,7.37758047016275,7.64367954939341,7.71964782048529,47
"49",2014,10,7.66666666666667,114,8.1241935483871,7.12115384615385,7,7.59615384615385,7.6875,62,52,9,26,88,5925,3024,2901,562,1180,4745,7.70383225316456,8.27343720238096,7.11007652533609,7.37153380782918,7.64263237288135,7.71905161222339,48
"50",2014,11,7.73928,125,8.30227272727273,7.10949152542373,7.32,7.82090909090909,7.72184466019417,66,59,8,22,103,6050,3090,2960,570,1202,4848,7.7045646446281,8.27405310679612,7.11006486486487,7.37081052631579,7.64589534109817,7.7191109529703,49
"51",2014,12,7.55480459770115,87,8.02954166666667,6.97051282051282,6.52272727272727,6.80375,7.72405633802817,48,39,11,16,71,6137,3138,2999,581,1218,4919,7.70244160013036,8.27031297004462,7.10825008336112,7.35475387263339,7.63483267651888,7.71918233380769,50
"52",2015,1,7.78489208633094,139,8.21746575342466,7.30643939393939,7.22125,7.79545454545455,7.78290598290598,73,66,20,22,117,6276,3211,3065,601,1240,5036,7.70426770235819,8.26911152289007,7.11251778140294,7.35031114808652,7.63768241935484,7.72066280778396,51
"53",2015,2,7.68333333333333,111,8.35948275862069,6.94339622641509,6.935,7.615625,7.69473684210526,58,53,20,16,95,6387,3269,3118,621,1256,5131,7.70390388288711,8.27071492811258,7.10964304041052,7.33693558776167,7.63740143312102,7.72018279087897,52
"54",2015,3,7.70340909090909,88,8.41111111111111,6.96279069767442,6.81818181818182,8.28,7.58493150684932,45,43,11,15,73,6475,3314,3161,632,1271,5204,7.70389715830116,8.27262133373567,7.1076453653907,7.32790664556962,7.64498520849725,7.71828553036126,53
"55",2015,4,7.77831325301205,83,8.46222222222222,6.96842105263158,7.32333333333333,8.20333333333333,7.68455882352941,45,38,15,15,68,6558,3359,3199,647,1286,5272,7.7048389905459,8.27516138731766,7.10599155986246,7.32780061823802,7.65149782270607,7.71785051213961,54
"56",2015,5,7.89059405940594,101,8.36666666666667,7.3436170212766,7.16666666666667,9.05384615384615,7.71875,54,47,6,13,88,6659,3413,3246,653,1299,5360,7.70765641988286,8.27660917081747,7.10943222427603,7.32632006125574,7.66553210161663,7.71786527985075,55
"57",2015,6,7.70053333333333,75,8.15294117647059,7.32536585365854,7.4,8.03333333333333,7.67159420289855,34,41,7,6,69,6734,3447,3287,660,1305,5429,7.70757708642708,8.27538935306064,7.11212564648616,7.32710151515152,7.66722314176245,7.71727719653712,56
"58",2015,7,7.89513888888889,72,8.48076923076923,7.2030303030303,7.88571428571429,8.03461538461539,7.86440677966102,39,33,7,13,59,6806,3486,3320,667,1318,5488,7.70956128416103,8.27768706253586,7.11302921686747,7.332964017991,7.6708468892261,7.718858946793,57
"59",2015,8,7.63515463917526,97,8.12240740740741,7.02325581395349,7.25,7.37058823529412,7.691375,54,43,6,17,80,6903,3540,3363,673,1335,5568,7.70851573229031,8.27531838983051,7.1118813559322,7.33222436849926,7.66702337078652,7.7184640625,58
"60",2015,9,7.87188461538462,91,8.28003125,7.41627906976744,7.43333333333333,7.7375,7.90055333333333,48,43,18,16,75,6994,3588,3406,691,1351,5643,7.71064134972834,8.27538143812709,7.1157243100411,7.33485817655572,7.66785803108808,7.72088417508417,59
"61",2015,10,7.715,103,8.14628787878788,6.94567567567568,7.3125,7.92941176470588,7.67261627906977,66,37,8,17,86,7097,3654,3443,699,1368,5729,7.71070460758067,8.27304969896005,7.11389689224514,7.33460228898426,7.67110833333333,7.72015960900681,60
"62",2015,11,7.67142857142857,126,8.22295081967213,7.15384615384615,7.13076923076923,7.13333333333333,7.77904761904762,61,65,13,21,105,7223,3715,3508,712,1389,5834,7.71001946559601,8.27222707940781,7.11463711516534,7.33088061797753,7.66297782577394,7.72121947206034,61
"63",2015,12,7.70584677419355,124,8.304296875,7.0675,7.42857142857143,8.20666666666667,7.63692660550459,64,60,7,15,109,7347,3779,3568,719,1404,5943,7.70994904042466,8.27277020375761,7.11384445067265,7.33183171070932,7.66878646723647,7.71967346458018,62
"64",2016,1,7.86431654676259,139,8.45295774647887,7.24970588235294,7.00666666666667,7.96708333333333,7.84286956521739,71,68,15,24,115,7486,3850,3636,734,1428,6058,7.71281533529254,8.27609314285714,7.11638531353135,7.32518664850136,7.67379985994398,7.72201211620997,63
"65",2016,2,7.77942528735632,87,8.41150943396226,6.79411764705882,7.25,7.725,7.78813333333333,53,34,8,12,75,7573,3903,3670,742,1440,6133,7.71358056252476,8.27793200102485,7.11339972752044,7.32437601078167,7.67422652777778,7.72282070764716,64
"66",2016,3,7.81798076923077,104,8.36395833333333,7.35,6.85,7.40909090909091,7.86634408602151,48,56,10,11,93,7677,3951,3726,752,1451,6226,7.71499486778689,8.27897711971653,7.11695571658615,7.31806781914894,7.67221654031702,7.72496456794089,65
"67",2016,4,7.77391304347826,92,8.45,7.03636363636364,7.59090909090909,7.73333333333333,7.78181818181818,48,44,11,15,77,7769,3999,3770,763,1466,6303,7.71569257304672,8.28102990747687,7.1160151193634,7.32200131061599,7.67284188267394,7.72565911470728,66
"68",2016,5,7.664,80,8.22619047619048,7.04263157894737,6.85714285714286,7.29166666666667,7.72970588235294,42,38,7,12,68,7849,4041,3808,770,1478,6371,7.71516570263728,8.28045993565949,7.11528282563025,7.31777532467533,7.66974709066306,7.72570230733009,67
"69",2016,6,7.9921052631579,76,8.46282051282051,7.49594594594595,7.93636363636364,8.35,7.91825396825397,39,37,11,13,63,7925,4080,3845,781,1491,6434,7.71782152681388,8.2822030882353,7.11894590377113,7.32648783610756,7.67567820254862,7.72758772147964,68
"70",2016,7,7.72361111111111,72,8.1125,7.4125,7.65,7.63125,7.75,32,40,4,16,56,7997,4112,3885,785,1507,6490,7.71787365261973,8.28088244163424,7.12196833976834,7.32813630573249,7.67520650298606,7.72778110939908,69
"71",2016,8,7.59191011235955,89,8.35075,6.97244897959184,7.165,7.33333333333333,7.63220779220779,40,49,10,12,77,8086,4152,3934,795,1519,6567,7.71648721246599,8.28155553949904,7.12010599898322,7.32608427672956,7.67250572745227,7.72666048423938,70
"72",2016,9,7.57009900990099,101,8.23434782608696,7.01454545454545,6.75,8.18615384615385,7.47909090909091,46,55,6,13,88,8187,4198,3989,801,1532,6655,7.71468127519238,8.28103825631253,7.1186505389822,7.32176903870162,7.67686436031332,7.72338683696469,71
"73",2016,10,7.64842105263158,95,8.13846153846154,7.05581395348837,6.60625,7.7375,7.6355421686747,52,43,8,12,83,8282,4250,4032,809,1544,6738,7.71392122675682,8.27929378823529,7.11798040674603,7.3146934487021,7.67733562176166,7.72230474918373,72
"74",2016,11,7.8047619047619,105,8.325,7.11111111111111,7.45,7.49090909090909,7.84148936170213,60,45,8,11,94,8387,4310,4077,817,1555,6832,7.71505849529033,8.27993006960557,7.11790458670591,7.31601835985312,7.6760168488746,7.72394458430913,73
"75",2016,12,7.85794174757282,103,8.29121428571429,7.34170212765957,7.54090909090909,8.41925,7.75471264367816,56,47,11,16,87,8490,4366,4124,828,1571,6919,7.7167919434629,8.28007480531379,7.12045514064016,7.31900603864734,7.68358637810312,7.72433146408441,74
"76",2017,1,7.73857954545455,176,8.27680412371134,7.07772151898734,7.1,7.90263157894737,7.71872611464968,97,79,12,19,157,8666,4463,4203,840,1590,7076,7.71723443341795,8.28000371947121,7.1196519152986,7.31587738095238,7.68620389937107,7.72420709440362,75
"77",2017,2,7.98110977777778,180,8.5791170212766,7.32747395348837,7.1726725,7.7547619047619,8.01100477987421,94,86,16,21,159,8846,4557,4289,856,1611,7235,7.7226038164142,8.28617371077463,7.12381901608767,7.31320065420561,7.68709757914339,7.73050990463027,76
"78",2017,3,7.82923529411765,170,8.35021052631579,7.16933333333333,7.48235294117647,7.93076923076923,7.81090277777778,95,75,17,26,144,9016,4652,4364,873,1637,7379,7.72461439219166,8.28748142734307,7.12460122823098,7.31649457044674,7.6909677458766,7.73207875863938,77
"79",2017,4,7.96074712643678,174,8.6989010989011,7.15144578313253,7.91928571428571,8.41428571428571,7.89849673202614,91,83,14,21,153,9190,4743,4447,887,1658,7532,7.72908524047878,8.29537499472907,7.12510226219924,7.32600874859076,7.70012919179735,7.73545926181625,78
"80",2017,5,7.9350641025641,156,8.46666666666667,7.26478260869565,7.83333333333333,8.12857142857143,7.91598591549296,87,69,9,14,142,9346,4830,4516,896,1672,7674,7.73252336400599,8.2984603726708,7.12723643932684,7.33110464285714,7.70371662679426,7.73879973416732,79
"81",2017,6,7.60020134228188,149,8.32849315068493,6.90065789473684,7.38333333333333,7.15625,7.68544,73,76,15,24,125,9495,4903,4592,911,1696,7799,7.73044690468667,8.29890752600448,7.12348644599303,7.33196461031833,7.69596945754717,7.737944500577,80
"82",2017,7,7.68883561643836,146,8.38632911392405,6.86641791044776,6.87272727272727,7.29545454545455,7.75862903225806,79,67,11,22,124,9641,4982,4659,922,1718,7923,7.72981675759776,8.30029377759935,7.11978960291908,7.32648563991323,7.69084062863795,7.73826822668181,81
"83",2017,8,7.83439393939394,132,8.40057142857143,7.19516129032258,7.25,8.27125,7.77413793103448,70,62,12,16,116,9773,5052,4721,934,1734,8039,7.73122923974214,8.30168321456848,7.12077944503283,7.32550295503212,7.69619619377163,7.73878581415599,82
"84",2017,9,7.8741875,160,8.386,7.21614285714286,7.55454545454545,7.99411764705882,7.85993006993007,90,70,11,17,143,9933,5142,4791,945,1751,8182,7.7335320004027,8.30315900427849,7.12217277395116,7.32816905820106,7.69908863506568,7.74090309948668,83
"85",2017,10,7.7128021978022,182,8.42777777777778,7.01336956521739,6.98823529411765,7.736,7.70910828025478,90,92,17,25,157,10115,5232,4883,962,1776,8339,7.73315900741473,8.30530267584097,7.12012282613148,7.32216191268191,7.69960822072072,7.74030449214534,84
"86",2017,11,7.70426966292135,178,8.33791208791209,7.04149425287356,6.88304347826087,7.80789473684211,7.69188679245283,91,87,23,19,159,10293,5323,4970,985,1795,8498,7.7326594151365,8.30586015404846,7.1187464305835,7.3119083857868,7.70075442896936,7.73939858319605,85
"87",2017,12,7.68836458333333,192,8.43223762376238,6.86274725274725,7.4375,8.14,7.65009039548023,101,91,16,15,177,10485,5424,5061,1001,1810,8675,7.73184829375298,8.3082134218289,7.11414340248963,7.31391584415585,7.70439458563536,7.73757638731989,86
"88",2018,1,7.96671875,224,8.41028985507246,7.25494186046512,6.97222222222222,8.28,7.92736180904523,138,86,18,25,199,10709,5562,5147,1019,1835,8874,7.73676107573069,8.31074606256742,7.11649597046824,7.30788003925417,7.71223662125341,7.74183233716475,87
"89",2018,2,7.8465306122449,147,8.34594936708861,7.26632352941176,7.358,8.355,7.76645669291339,79,68,20,20,127,10856,5641,5215,1039,1855,9001,7.73824745394252,8.31123907108669,7.11844961840844,7.30884481231954,7.71916668463612,7.74217977558049,88
"90",2018,3,7.82770114942529,174,8.23336734693878,7.3046052631579,7.4125,8.3,7.76287581699346,98,76,20,21,153,11030,5739,5291,1059,1876,9154,7.73965860018132,8.30990932218156,7.12112356076356,7.31080241737488,7.72566855010661,7.74252568931615,89
"91",2018,4,7.66627218934911,169,8.26375,7.12921348314607,7.71428571428571,7.04375,7.73137254901961,80,89,14,16,153,11199,5819,5380,1073,1892,9307,7.7385511527815,8.30927472074239,7.12125739033457,7.3160668779124,7.71990179704017,7.74234234017406,90
"92",2018,5,7.98923692771084,166,8.41207202702703,7.64913043478261,7.64705882352941,7.80833333333333,8.00333331168831,74,92,17,12,154,11365,5893,5472,1090,1904,9461,7.74221273119225,8.31056557441032,7.13013244883041,7.32122913761468,7.72045913865546,7.7465905813339,91
"93",2018,6,8.12277372262774,137,8.69285714285714,7.21924528301887,6.875,8.46111111111111,8.07159663865546,84,53,4,18,119,11502,5977,5525,1094,1922,9580,7.74674558250739,8.31593825163125,7.13098728687783,7.3195975868373,7.72739552549428,7.75062771294363,92
"94",2018,7,7.6674695620438,137,8.22049014705882,7.12246376811594,7.15,6.94117647058824,7.77036108333333,68,69,13,17,120,11639,6045,5594,1107,1939,9700,7.74581244264971,8.31486455913978,7.13088215230604,7.31760592592593,7.72050242392986,7.7508718371134,93
"95",2018,8,7.76267361111111,144,8.2933734939759,7.0405737704918,7.74318181818182,8.26666666666667,7.6906746031746,83,61,11,18,126,11783,6128,5655,1118,1957,9826,7.74601850292794,8.31457347584856,7.12990800353669,7.32179316636852,7.72552590700051,7.75009992061877,94
"96",2018,9,7.77576642335766,137,8.14565217391304,7.40044117647059,7.645625,8.44631578947368,7.66779661016949,69,68,16,19,118,11920,6197,5723,1134,1976,9944,7.74636040436241,8.31269263514604,7.13312244626944,7.32636222222222,7.73245657894737,7.74912327232502,95
"97",2018,10,7.72693452380952,168,8.32668539325843,7.05126582278481,7.2375,7.38,7.77381756756757,89,79,16,20,148,12088,6286,5802,1150,1996,10092,7.74609042190602,8.31289075087496,7.13200788693554,7.32512587826087,7.7289249498998,7.74948541617122,96
"98",2018,11,7.84,153,8.20090909090909,7.47434210526316,7.37857142857143,7.96296296296296,7.81365079365079,77,76,14,27,126,12241,6363,5878,1164,2023,10218,7.74726419573564,8.31153563727801,7.13643412044914,7.32576869415808,7.73204854176965,7.75027665100803,97
"99",2018,12,7.61807139896373,193,8.27641547826087,6.6474358974359,6.67647058823529,7.37538461538462,7.65585497005988,115,78,17,26,167,12434,6478,5956,1181,2049,10385,7.74525887083802,8.31091217042297,7.13003018132975,7.31642232006774,7.72752279160566,7.74875826673086,98
"100",2019,1,7.74070539419087,241,8.25219696969697,7.12128440366972,7.2048,7.19,7.81900473933649,132,109,25,30,211,12675,6610,6065,1206,2079,10596,7.74517229191321,8.3097396429652,7.12987300247321,7.31410842454395,7.71976632996633,7.75015709701774,99
"101",2019,2,7.79850828729282,181,8.24775510204082,7.26807228915663,7.71153846153846,8.02166666666667,7.7643949044586,98,83,13,24,157,12856,6708,6148,1219,2103,10753,7.74592321095208,8.30883408467501,7.13173873780091,7.31834680885972,7.72321169757489,7.75036497721566,100
"102",2019,3,7.768315,182,8.16296703296703,7.37366296703297,7.405,7.94583333333333,7.74135018987342,91,91,20,24,158,13038,6799,6239,1239,2127,10911,7.74623578232857,8.306881753199,7.13526736496234,7.31974556900727,7.72572364833098,7.75023443589039,101
"103",2019,4,7.75292207792208,154,8.23271604938272,7.22054794520548,7.6875,7.28095238095238,7.82744360902256,81,73,8,21,133,13192,6880,6312,1247,2148,11044,7.74631383641601,8.30600858139535,7.13625365811154,7.32210485966319,7.72137532588454,7.7511642457443,102
"104",2019,5,7.79783783783784,148,8.37802631578947,7.18541666666667,7.03333333333333,8.4272,7.66991869918699,76,72,15,25,123,13340,6956,6384,1262,2173,11167,7.74688546701649,8.30679543415756,7.13680812813284,7.31867255150555,7.72949572020249,7.75026935882511,103
"105",2019,6,7.77618055555556,144,8.21875,7.22296875,6.875,7.28888888888889,7.84579365079365,80,64,12,18,126,13484,7036,6448,1274,2191,11293,7.74719831874814,8.30579434906197,7.13766332040943,7.31449353218211,7.72587594705614,7.75133515717701,104
"106",2019,7,7.68834169811321,159,8.11828964285714,7.2068,6.81333333333333,7.36473076923077,7.75160398496241,84,75,12,26,133,13643,7120,6523,1286,2217,11426,7.74651238437294,8.30358221488764,7.13845823854055,7.30981707620529,7.72164059539919,7.75133828636443,105
"107",2019,8,7.56083798882682,179,8.20946808510638,6.84352941176471,6.9,7.93272727272727,7.50872611464968,94,85,17,22,157,13822,7214,6608,1303,2239,11583,7.74410783244103,8.30235588716385,7.13466451119855,7.3044702686109,7.72371469405985,7.74804983682984,106
"108",2019,9,7.78801020408163,196,8.45761904761905,7.01538461538462,7.55555555555556,8.42631578947368,7.71949152542373,105,91,18,19,177,14018,7319,6699,1321,2258,11760,7.74472167641603,8.30458332695723,7.1330441991342,7.3078915669947,7.7296267493357,7.74762000510204,107
"109",2019,10,7.8245652173913,184,8.30611111111111,7.36351063829787,6.89166666666667,7.88764705882353,7.81814371257485,90,94,12,17,167,14202,7409,6793,1333,2275,11927,7.74575612308125,8.30460188554461,7.13623334167526,7.30414460615154,7.73080756043956,7.74860746709147,108
"110",2019,11,7.90741994350283,177,8.27821782178218,7.41464907894737,7.396875,8.15555555555556,7.87932911949686,101,76,16,18,159,14379,7510,6869,1349,2293,12086,7.7477461429863,8.30424705326232,7.13931378948901,7.30524444773907,7.73414182293938,7.75032720420321,109
"111",2019,12,7.68641414141414,198,8.33924528301887,6.93423913043478,6.90833333333333,8.2,7.59828402366864,106,92,12,29,169,14577,7616,6961,1361,2322,12255,7.74691306784661,8.30473416097689,7.13660342192214,7.30174486407054,7.73996003445306,7.74823048470012,110
"112",2020,1,7.72139461883408,223,8.30032258064516,6.99627272727273,6.37324,7.77297058823529,7.7121164021164,124,99,25,34,189,14800,7740,7060,1386,2356,12444,7.74652856689189,8.30466348449612,7.13463561189802,7.28499694083694,7.74043641765705,7.74768198248152,111
"113",2020,2,7.80077625570776,219,8.29955357142857,7.27869158878505,7.13157894736842,8.11923076923077,7.75787564766839,112,107,19,26,193,15019,7852,7167,1405,2382,12637,7.74731958119715,8.30459059730005,7.13678630110228,7.28292224911032,7.74457103274559,7.74783766637651,112
"114",2020,3,7.74234636871508,179,8.2538947368421,7.16380952380952,6.80555555555556,8.27045454545454,7.66834394904459,95,84,18,22,157,15198,7947,7251,1423,2404,12794,7.74726100736939,8.30398456901976,7.13709935457179,7.2768838791286,7.74938361064892,7.74686216898546,113
"115",2020,4,7.80348258706468,201,8.27309090909091,7.23582417582418,6.93529411764706,7.475,7.83977900552486,110,91,17,20,181,15399,8057,7342,1440,2424,12975,7.74799485615949,8.30356278639692,7.13832299373468,7.27285122222222,7.74711971947195,7.74815834990366,114
"116",2020,5,7.65421524663677,223,8.29037037037037,7.05678260869565,6.28636363636364,7.69291666666667,7.64954773869347,108,115,22,24,199,15622,8165,7457,1462,2448,13174,7.7466561765459,8.30338828781384,7.13706549818962,7.25800667578659,7.74658831699346,7.74666878624564,115
"117",2020,6,7.860325,200,8.34967289719626,7.29731182795699,6.5047619047619,8.242875,7.7646875,107,93,21,40,160,15822,8272,7550,1483,2488,13334,7.74809302174188,8.30398698863636,7.13903939337749,7.24734036412677,7.75456720257235,7.746885,116
"118",2020,7,7.83535656716418,201,8.29180431192661,7.2945652173913,7.15263157894737,7.75238095238095,7.84503705555556,109,92,19,21,180,16023,8381,7642,1502,2509,13514,7.74918769643637,8.30382854551963,7.14091172729652,7.24614231691079,7.75454890394579,7.74819233831582,117
"119",2020,8,7.82921465968586,191,8.33439252336449,7.18571428571429,7.09,8.07705882352941,7.77554140127389,107,84,20,34,157,16214,8488,7726,1522,2543,13671,7.75013040952263,8.30421383600377,7.14139883769092,7.24409051248357,7.75886087298466,7.74850641942799,118
"120",2020,9,7.68279069767442,215,8.34086956521739,6.926,7.14333333333333,7.77903225806452,7.66657608695652,115,100,15,31,184,16429,8603,7826,1537,2574,13855,7.74924916063059,8.30470382889689,7.13864648862765,7.24310719583604,7.75910380730381,7.74741835149765,119
"121",2020,10,7.83688272222222,180,8.42093568421053,7.18411764705882,7.10588235294118,7.90789473684211,7.82850242236025,95,85,17,19,161,16609,8698,7911,1554,2593,14016,7.75019888915648,8.30597331915382,7.13913505498673,7.24160602316602,7.76019406093328,7.74834975385274,120
"122",2020,11,7.8049494949495,198,8.28785046728972,7.23714285714286,7.36666666666667,7.71208333333333,7.81775862068965,107,91,15,24,174,16807,8805,8002,1569,2617,14190,7.75084389540073,8.30575308688245,7.14024961509623,7.24280163161249,7.75975284677111,7.74920085623679,121
"123",2020,12,7.61231527093596,203,8.225,7.01747572815534,7.05652173913044,7.40952380952381,7.63571428571429,100,103,23,21,182,17010,8905,8105,1592,2638,14372,7.74919067313345,8.30484625828186,7.13868937939544,7.24011040201005,7.75696482183472,7.74776371764542,122
"124",2021,1,7.75147727272727,264,8.23734265734266,7.17727272727273,6.74347826086957,7.0075,7.83974576271186,143,121,23,28,236,17274,9048,8226,1615,2666,14608,7.74922561942804,8.30377939102564,7.13925691952346,7.23303762229102,7.74909347336834,7.74924973644578,123
"125",2021,2,7.75941037735849,212,8.35285714285714,7.24925438596491,7.30416666666667,7.89645833333333,7.74191489361702,98,114,24,24,188,17486,9146,8340,1639,2690,14796,7.74934909927942,8.30430526240979,7.14076048201439,7.23407917022575,7.7504082527881,7.74915653892944,124
"126",2021,3,7.63768518518518,216,8.11614754098361,7.01670212765957,6.68181818181818,7.399,7.67618279569892,122,94,22,30,186,17702,9268,8434,1661,2720,14982,7.74798657496328,8.30182843439793,7.13937780649751,7.2267644551475,7.74653242647059,7.7482505773595,125
"127",2021,4,7.60039449704142,169,8.19321289156627,7.02825581395349,7.51764705882353,7.12307692307692,7.64017096153846,83,86,17,13,156,17871,9351,8520,1678,2733,15138,7.74659084662302,8.30086435675329,7.13825615258216,7.22971141835518,7.74356684961581,7.74713679614216,126
"128",2021,5,7.6797619047619,168,8.28,7.06506024096385,6.815,7.72954545454545,7.6722602739726,85,83,20,22,146,18039,9436,8603,1698,2755,15284,7.74596845834026,8.30067640949555,7.13754997326514,7.22482671378092,7.74345488203267,7.74642154017273,127
"129",2021,6,7.69404411764706,136,8.26268656716418,7.14188405797101,6.85833333333333,7.52941176470588,7.71756302521008,67,69,12,17,119,18175,9503,8672,1710,2772,15403,7.74557991856946,8.30040856571609,7.13758445802583,7.22225483040935,7.74214220779221,7.74619858598974,128
"130",2021,7,7.58094567375887,141,8.27876076923077,6.71698412698413,6.53846153846154,7.625,7.57530672,78,63,13,16,125,18316,9581,8735,1723,2788,15528,7.74431253330422,8.30023232856695,7.13455093531769,7.21709562391178,7.74146994261119,7.74482291087068,129
"131",2021,8,7.62683734939759,166,8.22798701298701,7.10674157303371,6.80869565217391,7.7846875,7.61,77,89,23,16,150,18482,9658,8824,1746,2804,15678,7.74325740504274,8.29965634085732,7.13427044650952,7.21171578465063,7.74171654778887,7.7435329863503,130
"132",2021,9,7.63242632653061,147,8.13415641975309,7.01666666666667,7.3125,7.40555555555556,7.66408271317829,81,66,8,18,129,18629,9739,8890,1754,2822,15807,7.74238284556337,8.29827986548927,7.13339734758155,7.21217546180159,7.73957236002835,7.74288459733029,131
"133",2021,10,7.79366120218579,183,8.27882352941177,7.18271604938272,7.41,8.0975,7.75638036809816,102,81,10,20,163,18812,9841,8971,1764,2842,15970,7.74288167286838,8.29807820445076,7.13384265076357,7.21329691609977,7.7420912033779,7.74302234376957,132
"134",2021,11,7.73544329896907,194,8.38266,7.04691489361702,7.383,7.64384615384615,7.74961904761905,100,94,20,26,168,19006,9941,9065,1784,2868,16138,7.74280574713248,8.29892904234986,7.13294124875897,7.21519941704036,7.74120055788006,7.74309101685463,133
"135",2021,12,7.55944213389121,239,8.09554647540984,7.00042735042735,6.436,7.59615384615385,7.55496089201878,122,117,25,26,213,19245,10063,9182,1809,2894,16351,7.74052858924396,8.29646330915234,7.13125271400567,7.20443104477612,7.73989744298549,7.74064029722953,134
"136",2022,1,7.63873468227425,299,8.17022292993631,7.05110330985915,6.82960794117647,7.75666666666667,7.62259190114068,157,142,34,36,263,19544,10220,9324,1843,2930,16614,7.73897126330332,8.294524,7.13003207743458,7.19751623982637,7.74010348122867,7.7387715884194,135
"137",2022,2,7.68452054794521,219,8.100859375,7.0989010989011,7.03181818181818,7.83461538461538,7.66430051813472,128,91,22,26,193,19763,10348,9415,1865,2956,16807,7.73836787785255,8.29212845767298,7.12973118321827,7.19556162466488,7.7409347767253,7.73791641399417,136
"138",2022,3,7.63931578947368,190,8.30822222222222,7.0373,6.56941176470588,8.05294117647059,7.59867052023121,90,100,17,17,173,19953,10438,9515,1882,2973,16980,7.7374246664662,8.29226722360605,7.12875975722544,7.18990564824654,7.74271886982846,7.73649771319199,137
"139",2022,4,7.52979899497487,199,8.14663636363636,6.76741573033708,6.3,7.71129032258064,7.49630952380952,110,89,10,31,168,20152,10548,9604,1892,3004,17148,7.7353743732632,8.29074850967008,7.12541119221158,7.18520213002114,7.74239454061252,7.73414457487754,138
"140",2022,5,7.62114457831325,166,7.94305882352941,7.28333333333333,7.0625,7.57173913043478,7.62909090909091,85,81,12,23,143,20318,10633,9685,1904,3027,17291,7.73444110493159,8.28796908492429,7.12673196592669,7.18442879726891,7.7410978526594,7.73327576022208,139
"141",2022,6,7.71259788359788,189,8.3399010989011,7.13010204081633,6.85294117647059,7.70324,7.7140243902439,91,98,17,25,164,20507,10724,9783,1921,3052,17455,7.73423978982786,8.2884097612831,7.12676572523766,7.18149527850078,7.7407877457405,7.73309488226869,140
"142",2022,7,7.71005524861878,181,8.14929292929293,7.17975609756098,6.75,7.98,7.66679487179487,99,82,12,25,156,20688,10823,9865,1933,3077,17611,7.73402819847254,8.28713723366903,7.1272061926001,7.17881657009829,7.74273129671758,7.73250759014252,141
"143",2022,8,7.51079365079365,189,7.92326315789474,7.09393617021277,7.06785714285714,7.798,7.46701219512195,95,94,14,25,164,20877,10918,9959,1947,3102,17775,7.73200725056282,8.28397108261586,7.12689216688423,7.17801871083718,7.74317672469375,7.73005801237693,142
"144",2022,9,7.57937237569061,181,8.19160714285714,7.04918969072165,6.55714285714286,7.63709523809524,7.57179625,84,97,14,21,160,21058,11002,10056,1961,3123,17935,7.73069530677177,8.28326588620251,7.12614265015911,7.17358614482407,7.74246340057637,7.72864614273766,143
"145",2022,10,7.60023963133641,217,8.18393162393162,6.91732,7.19,7.85806451612903,7.5572688172043,117,100,10,31,186,21275,11119,10156,1971,3154,18121,7.72936468954172,8.28222063854663,7.12408649960615,7.17366942161339,7.74359961953075,7.72688706859445,144
"146",2022,11,7.49966059090909,220,7.98637931034483,6.95678201923077,6.66666666666667,7.89091666666667,7.45175168367347,116,104,9,24,196,21495,11235,10260,1980,3178,18317,7.72701368225169,8.2791661130396,7.122390625731,7.17136486363636,7.74471214600378,7.72394299830758,145
"147",2022,12,7.79951219512195,246,8.27037313432836,7.23616071428571,7.168,7.97634146341463,7.76414634146341,134,112,20,41,205,21741,11369,10372,2000,3219,18522,7.72783400487558,8.27906247515172,7.12361914963363,7.171331215,7.747662379621,7.72438796566245,146
