"","year","month","avg_rating","no_ratings","avg_rating_owned","avg_rating_not_owned","avg_rating_prev_owned","avg_rating_comment","avg_rating_no_comment","no_ratings_owned","no_ratings_not_owned","no_ratings_prev_owned","no_ratings_comment","no_ratings_no_comment","cum_no_ratings","cum_no_ratings_owned","cum_no_ratings_not_owned","cum_no_ratings_prev_owned","cum_no_ratings_comment","cum_no_ratings_no_comment","cum_avg_rating","cum_avg_rating_owned","cum_avg_rating_not_owned","cum_avg_rating_prev_owned","cum_avg_rating_comment","cum_avg_rating_no_comment","month_after_release"
"1",2001,5,5,2,5,NA,NA,5,5,2,0,0,1,1,2,2,0,0,1,1,5,5,NA,NA,5,5,0
"2",2001,6,6.75,4,7.33333333333333,5,NA,7,6.5,3,1,0,2,2,6,5,1,0,3,3,6.16666666666667,6.4,5,NA,6.33333333333333,6,1
"3",2001,7,8,2,8,NA,NA,10,6,2,0,0,1,1,8,7,1,0,4,4,6.625,6.85714285714286,5,NA,7.25,6,2
"4",2001,8,7,5,7,NA,NA,7,7,5,0,0,1,4,13,12,1,0,5,8,6.76923076923077,6.91666666666667,5,NA,7.2,6.5,3
"5",2001,9,6.33333333333333,3,6.5,6,NA,NA,6.33333333333333,2,1,0,0,3,16,14,2,0,5,11,6.6875,6.85714285714286,5.5,NA,7.2,6.45454545454545,4
"6",2001,10,7.25,4,7.33333333333333,7,NA,NA,7.25,3,1,0,0,4,20,17,3,0,5,15,6.8,6.94117647058824,6,NA,7.2,6.66666666666667,5
"7",2001,11,8.66666666666667,3,8.5,9,NA,9,8.5,2,1,0,1,2,23,19,4,0,6,17,7.04347826086957,7.10526315789474,6.75,NA,7.5,6.88235294117647,6
"8",2001,12,8,4,7.5,8.5,NA,8.5,7.5,2,2,0,2,2,27,21,6,0,8,19,7.18518518518519,7.14285714285714,7.33333333333333,NA,7.75,6.94736842105263,7
"9",2002,1,8,3,8,NA,NA,10,7,3,0,0,1,2,30,24,6,0,9,21,7.26666666666667,7.25,7.33333333333333,NA,8,6.95238095238095,8
"10",2002,2,7,3,7,NA,NA,6.5,8,3,0,0,2,1,33,27,6,0,11,22,7.24242424242424,7.22222222222222,7.33333333333333,NA,7.72727272727273,7,9
"11",2002,3,7.66666666666667,3,7.66666666666667,NA,NA,NA,7.66666666666667,3,0,0,0,3,36,30,6,0,11,25,7.27777777777778,7.26666666666667,7.33333333333333,NA,7.72727272727273,7.08,10
"12",2002,4,7,1,7,NA,NA,7,NA,1,0,0,1,0,37,31,6,0,12,25,7.27027027027027,7.25806451612903,7.33333333333333,NA,7.66666666666667,7.08,11
"13",2002,5,5.25,4,6.33333333333333,2,NA,5.25,NA,3,1,0,4,0,41,34,7,0,16,25,7.07317073170732,7.17647058823529,6.57142857142857,NA,7.0625,7.08,12
"14",2002,6,7.83333333333333,6,7.83333333333333,NA,NA,NA,7.83333333333333,6,0,0,0,6,47,40,7,0,16,31,7.17021276595745,7.275,6.57142857142857,NA,7.0625,7.2258064516129,13
"15",2002,7,7.5,6,7.2,9,9,6.66666666666667,8.33333333333333,5,1,1,3,3,53,45,8,1,19,34,7.20754716981132,7.26666666666667,6.875,9,7,7.32352941176471,14
"16",2002,8,7.33333333333333,9,7.75,4,NA,6.75,7.8,8,1,0,4,5,62,53,9,1,23,39,7.2258064516129,7.33962264150943,6.55555555555556,9,6.95652173913043,7.38461538461539,15
"17",2002,9,6.9,5,6.9,NA,NA,6.5,7.5,5,0,0,3,2,67,58,9,1,26,41,7.20149253731343,7.30172413793103,6.55555555555556,9,6.90384615384615,7.39024390243902,16
"18",2002,11,8,7,8.16666666666667,7,NA,8.4,7,6,1,0,5,2,74,64,10,1,31,43,7.27702702702703,7.3828125,6.6,9,7.14516129032258,7.37209302325581,18
"19",2002,12,8.2,5,8.2,NA,NA,NA,8.2,5,0,0,0,5,79,69,10,1,31,48,7.33544303797468,7.44202898550725,6.6,9,7.14516129032258,7.45833333333333,19
"20",2003,1,7.23076923076923,13,7.16666666666667,8,NA,8.25,6.77777777777778,12,1,0,4,9,92,81,11,1,35,57,7.32065217391304,7.40123456790123,6.72727272727273,9,7.27142857142857,7.35087719298246,20
"21",2003,2,7.44444444444444,9,7.5,7,NA,7.33333333333333,7.5,8,1,0,3,6,101,89,12,1,38,63,7.33168316831683,7.41011235955056,6.75,9,7.27631578947368,7.36507936507936,21
"22",2003,3,7.16666666666667,6,7.2,7,NA,7.75,6,5,1,0,4,2,107,94,13,1,42,65,7.32242990654206,7.39893617021277,6.76923076923077,9,7.32142857142857,7.32307692307692,22
"23",2003,4,7.4375,8,7.35714285714286,8,NA,7.16666666666667,7.6,7,1,0,3,5,115,101,14,1,45,70,7.3304347826087,7.3960396039604,6.85714285714286,9,7.31111111111111,7.34285714285714,23
"24",2003,5,6.95789473684211,19,7.075,6.33333333333333,NA,7.91111111111111,6.1,16,3,0,9,10,134,117,17,1,54,80,7.27761194029851,7.35213675213675,6.76470588235294,9,7.41111111111111,7.1875,24
"25",2003,6,6.255,10,6.39444444444444,5,NA,6.22142857142857,6.33333333333333,9,1,0,7,3,144,126,18,1,61,83,7.20659722222222,7.28373015873016,6.66666666666667,9,7.27459016393443,7.1566265060241,25
"26",2003,7,6.16666666666667,39,6.91379310344828,4,NA,5.25,6.68,29,10,0,14,25,183,155,28,1,75,108,6.98497267759563,7.21451612903226,5.71428571428571,9,6.89666666666667,7.0462962962963,26
"27",2003,8,6.75,28,6.65789473684211,6.94444444444444,8.33333333333333,6.95833333333333,6.59375,19,9,3,12,16,211,174,37,4,87,124,6.95379146919431,7.15373563218391,6.01351351351351,8.5,6.9051724137931,6.98790322580645,27
"28",2003,9,6.84210526315789,19,7.06666666666667,6,6,7.2,6.71428571428571,15,4,1,5,14,230,189,41,5,92,138,6.9445652173913,7.1468253968254,6.01219512195122,8,6.92119565217391,6.96014492753623,28
"29",2003,10,6.7,10,7.16666666666667,6,NA,7.66666666666667,5.25,6,4,0,6,4,240,195,45,5,98,142,6.934375,7.1474358974359,6.01111111111111,8,6.96683673469388,6.91197183098592,29
"30",2003,11,6.86363636363636,11,6.95,6,NA,6.5625,7.66666666666667,10,1,0,8,3,251,205,46,5,106,145,6.93127490039841,7.13780487804878,6.01086956521739,8,6.93632075471698,6.92758620689655,30
"31",2003,12,6.86666666666667,15,6.92857142857143,6,NA,7.16666666666667,6.66666666666667,14,1,0,6,9,266,219,47,5,112,154,6.92763157894737,7.12442922374429,6.01063829787234,8,6.94866071428571,6.91233766233766,31
"32",2004,1,7.32,25,7.35,7.2,8,7.15384615384615,7.5,20,5,1,13,12,291,239,52,6,125,166,6.96134020618557,7.14330543933054,6.125,8,6.97,6.95481927710843,32
"33",2004,2,6.77272727272727,22,7.21428571428571,6,4,6.18181818181818,7.36363636363636,14,8,1,11,11,313,253,60,7,136,177,6.94808306709265,7.14723320158103,6.10833333333333,7.42857142857143,6.90625,6.98022598870056,33
"34",2004,3,7.36923076923077,26,7.52727272727273,6.5,6,6.9,7.6625,22,4,1,10,16,339,275,64,8,146,193,6.98038348082596,7.17763636363636,6.1328125,7.25,6.90582191780822,7.03678756476684,34
"35",2004,4,6.97222222222222,18,7.42857142857143,5.375,NA,7.125,6.85,14,4,0,8,10,357,289,68,8,154,203,6.97997198879552,7.18979238754325,6.08823529411765,7.25,6.91720779220779,7.02758620689655,35
"36",2004,5,6.91875,16,7.09230769230769,6.16666666666667,8,6.77272727272727,7.24,13,3,1,11,5,373,302,71,9,165,208,6.97734584450402,7.18559602649007,6.09154929577465,7.33333333333333,6.90757575757576,7.03269230769231,36
"37",2004,6,7.41304347826087,23,7.75,6.64285714285714,6,7.3,7.5,16,7,1,10,13,396,318,78,10,175,221,7.00265151515151,7.21399371069182,6.14102564102564,7.2,6.93,7.06018099547511,37
"38",2004,7,7.4375,16,7.53333333333333,6,NA,7.625,7.25,15,1,0,8,8,412,333,79,10,183,229,7.01953883495146,7.22837837837838,6.13924050632911,7.2,6.9603825136612,7.06681222707424,38
"39",2004,8,6.5625,16,7,5.6,4,6.25,6.875,11,5,1,8,8,428,344,84,11,191,237,7.00245327102804,7.22107558139535,6.10714285714286,6.90909090909091,6.93062827225131,7.06033755274262,39
"40",2004,9,7.05263157894737,19,7.41176470588235,4,5,6.8,7.33333333333333,17,2,1,10,9,447,361,86,12,201,246,7.00458612975391,7.23005540166205,6.05813953488372,6.75,6.92412935323383,7.07032520325203,40
"41",2004,10,6.40909090909091,22,6.72222222222222,5,NA,6.625,5.83333333333333,18,4,0,16,6,469,379,90,12,217,252,6.97665245202559,7.20593667546174,6.01111111111111,6.75,6.90207373271889,7.04087301587302,41
"42",2004,11,7.41290322580645,31,7.55416666666667,6.92857142857143,6.5,7.16428571428571,7.61764705882353,24,7,4,14,17,500,403,97,16,231,269,7.0037,7.22667493796526,6.07731958762887,6.6875,6.91796536796537,7.07732342007435,42
"43",2004,12,6.26,25,6.36111111111111,6,NA,6.03571428571429,6.54545454545455,18,7,0,14,11,525,421,104,16,245,280,6.96828571428571,7.1896674584323,6.07211538461539,6.6875,6.86755102040816,7.05642857142857,43
"44",2005,1,6.45,40,6.79310344827586,5.54545454545455,5.5,6.67857142857143,6.32692307692308,29,11,2,14,26,565,450,115,18,259,306,6.93159292035398,7.16411111111111,6.02173913043478,6.55555555555556,6.85733590733591,6.99444444444445,44
"45",2005,2,7.02,25,7.08823529411765,6.875,5.5,7.38461538461539,6.625,17,8,2,13,12,590,467,123,20,272,318,6.93533898305085,7.16134903640257,6.07723577235772,6.45,6.88253676470588,6.98050314465409,45
"46",2005,3,6.916,25,6.99473684210526,6.66666666666667,6.5,6.99473684210526,6.66666666666667,19,6,2,19,6,615,486,129,22,291,324,6.93455284552846,7.1548353909465,6.1046511627907,6.45454545454545,6.88986254295533,6.97469135802469,46
"47",2005,4,6.90476190476191,21,7.23529411764706,5.5,NA,6.77777777777778,7,17,4,0,9,12,636,503,133,22,300,336,6.93356918238994,7.15755467196819,6.08646616541353,6.45454545454545,6.8865,6.97559523809524,47
"48",2005,5,7.27727272727273,22,7.75,6.01666666666667,NA,7.09166666666667,7.5,16,6,0,12,10,658,519,139,22,312,346,6.94506079027356,7.17581888246628,6.08345323741007,6.45454545454545,6.89439102564103,6.99075144508671,48
"49",2005,6,6.85185185185185,27,7.05263157894737,6.375,7,6.625,7.18181818181818,19,8,1,16,11,685,538,147,23,328,357,6.94138686131387,7.17146840148699,6.09931972789116,6.47826086956522,6.88125,6.99663865546219,49
"50",2005,7,6.68,25,6.95,5.6,NA,6.29166666666667,7.03846153846154,20,5,0,12,13,710,558,152,23,340,370,6.93218309859155,7.16353046594982,6.08289473684211,6.47826086956522,6.86044117647059,6.99810810810811,50
"51",2005,8,6.28928571428571,42,6.67121212121212,4.88888888888889,6,6.4125,6.17727272727273,33,9,2,20,22,752,591,161,25,360,392,6.89627659574468,7.13604060913705,6.01614906832298,6.44,6.83555555555556,6.95204081632653,51
"52",2005,9,7.08333333333333,42,7.44642857142857,6.35714285714286,6.75,6.80434782608696,7.42105263157895,28,14,6,23,19,794,619,175,31,383,411,6.90617128463476,7.15008077544426,6.04342857142857,6.5,6.83368146214099,6.97372262773723,52
"53",2005,10,6.59615384615385,26,6.75,6.08333333333333,NA,6.56666666666667,6.63636363636364,20,6,0,15,11,820,639,181,31,398,422,6.89634146341464,7.13755868544601,6.04475138121547,6.5,6.82361809045226,6.96492890995261,53
"54",2005,11,6.675,40,7.05357142857143,5.79166666666667,5,6.40909090909091,7,28,12,2,22,18,860,667,193,33,420,440,6.88604651162791,7.13403298350824,6.02901554404145,6.40909090909091,6.80190476190476,6.96636363636364,54
"55",2005,12,7.08490566037736,53,7.27941176470588,6.73684210526316,7.66666666666667,6.7037037037037,7.48076923076923,34,19,3,27,26,913,701,212,36,447,466,6.89759036144578,7.14108416547789,6.09245283018868,6.51388888888889,6.79597315436242,6.9950643776824,55
"56",2006,1,6.825,60,7.01219512195122,6.42105263157895,7,6.54838709677419,7.12068965517241,41,19,1,31,29,973,742,231,37,478,495,6.89311408016444,7.13396226415094,6.11948051948052,6.52702702702703,6.77991631799163,7.00242424242424,56
"57",2006,2,6.515625,32,6.6304347826087,6.22222222222222,6.33333333333333,6.79411764705882,6.2,23,9,3,17,15,1005,765,240,40,495,510,6.88109452736319,7.11882352941176,6.12333333333333,6.5125,6.78040404040404,6.97882352941177,57
"58",2006,3,6.84285714285714,42,6.89090909090909,6.66666666666667,6.75,6.68421052631579,6.97391304347826,33,9,2,19,23,1047,798,249,42,514,533,6.87956064947469,7.1093984962406,6.1429718875502,6.52380952380952,6.77684824902724,6.97861163227017,58
"59",2006,4,6.59090909090909,22,7.53333333333333,4.57142857142857,5.5,6.57142857142857,6.6,15,7,2,7,15,1069,813,256,44,521,548,6.87362020579981,7.11722017220172,6.1,6.47727272727273,6.77408829174664,6.96824817518248,59
"60",2006,5,7,30,7.27272727272727,6.25,7,6.75,7.16666666666667,22,8,3,12,18,1099,835,264,47,533,566,6.87707006369427,7.12131736526946,6.10454545454545,6.51063829787234,6.77354596622889,6.97455830388693,60
"61",2006,6,6.47297297297297,37,6.53225806451613,6.16666666666667,NA,6.225,6.76470588235294,31,6,0,20,17,1136,866,270,47,553,583,6.86390845070423,7.10023094688222,6.10592592592593,6.51063829787234,6.75370705244123,6.96843910806175,61
"62",2006,7,6.43877551020408,49,6.90789473684211,4.81818181818182,7,6.21739130434783,6.63461538461539,38,11,1,23,26,1185,904,281,48,576,609,6.84632911392405,7.09214601769911,6.05551601423488,6.52083333333333,6.73229166666667,6.95418719211823,62
"63",2006,8,6.6125,40,6.82258064516129,5.88888888888889,5.5,6.44736842105263,6.76190476190476,31,9,2,19,21,1225,935,290,50,595,630,6.83869387755102,7.08320855614973,6.05034482758621,6.48,6.72319327731092,6.94777777777778,63
"64",2006,9,6.53,55,6.871875,6.05434782608696,6.1,6.48157894736842,6.55555555555556,32,23,5,19,36,1280,967,313,55,614,666,6.8254296875,7.07621509824198,6.05063897763578,6.44545454545455,6.71571661237785,6.92657657657658,64
"65",2006,10,6.41590909090909,44,6.67575757575758,5.63636363636364,4,6.46818181818182,6.36363636363636,33,11,1,22,22,1324,1000,324,56,636,688,6.81182024169184,7.063,6.03657407407407,6.40178571428571,6.70715408805031,6.90857558139535,65
"66",2006,11,7.25510204081633,49,7.40909090909091,6.9375,NA,7.45,6.94736842105263,33,16,0,30,19,1373,1033,340,56,666,707,6.82764020393299,7.07405614714424,6.07897058823529,6.40178571428571,6.74061561561562,6.90961810466761,66
"67",2006,12,6.50808823529412,68,6.88125,5.975,6.5,6.33541666666667,6.60227272727273,40,28,4,24,44,1441,1073,368,60,690,751,6.81256072172103,7.06686859273066,6.0710597826087,6.40833333333333,6.72652173913044,6.89161118508655,67
"68",2007,1,6.77268518518519,108,7.03857142857143,6.28289473684211,6.95,6.73255813953488,6.79923076923077,70,38,5,43,65,1549,1143,406,65,733,816,6.80978050355068,7.06513560804899,6.09088669950739,6.45,6.7268758526603,6.88425245098039,68
"69",2007,2,6.68015152542373,59,7.08108108108108,6.00586090909091,5.75,6.24285714285714,7.07512709677419,37,22,4,28,31,1608,1180,428,69,761,847,6.80502421641791,7.06563559322034,6.08651621495327,6.40942028985507,6.70906701708279,6.89123841794569,69
"70",2007,3,6.42121212121212,66,6.87083333333333,5.22222222222222,4.6,6.09655172413793,6.67567567567568,48,18,5,29,37,1674,1228,446,74,790,884,6.78989183990442,7.05802117263844,6.05163439461883,6.28716216216216,6.68658227848101,6.88221599547511,70
"71",2007,4,6.28946376811594,69,6.59750980392157,5.41666666666667,5.66666666666667,6.13408571428571,6.44941176470588,51,18,3,35,34,1743,1279,464,77,825,918,6.77008143430866,7.03965832681782,6.02700202586207,6.26298701298701,6.66314303030303,6.86618620915033,71
"72",2007,5,6.88771929824561,57,7.06571428571429,6.60454545454545,5.625,6.71428571428571,6.98888888888889,35,22,4,21,36,1800,1314,486,81,846,954,6.77380663333333,7.04035235920852,6.05314596707819,6.23148148148148,6.66441252955083,6.87081649895178,72
"73",2007,6,6.51538461538462,65,6.98780487804878,5.70833333333333,4.66666666666667,6.07692307692308,6.80769230769231,41,24,3,26,39,1865,1355,510,84,872,993,6.76479996782842,7.03876236162361,6.03691949019608,6.17559523809524,6.64689564220184,6.86833730110776,73
"74",2007,7,6.45084745762712,59,6.65789473684211,6.07619047619048,6,5.69,6.84102564102564,38,21,4,20,39,1924,1393,531,88,892,1032,6.75517252598753,7.02837257717157,6.03847258003767,6.16761363636364,6.62544058295964,6.86730517441861,74
"75",2007,8,6.458,50,6.775,5.64285714285714,8,5.925,6.95,36,14,1,24,26,1974,1429,545,89,916,1058,6.74764535967578,7.02198950314905,6.02830998165138,6.18820224719101,6.6070884279476,6.86933737240076,75
"76",2007,9,6.85,56,6.97777777777778,6.62,6.63333333333333,6.55,7.01666666666667,36,20,3,20,36,2030,1465,565,92,936,1094,6.75046893596059,7.02090307167235,6.04925476106195,6.20271739130435,6.60586858974359,6.87418550274223,76
"77",2007,10,6.159375,64,6.68636363636364,5,6.125,6.475,5.99404761904762,44,20,4,22,42,2094,1509,585,96,958,1136,6.73240302769818,7.01114844267727,6.0133828034188,6.19947916666667,6.60286325678497,6.84164519366197,77
"78",2007,11,6.803125,96,7.0484375,6.3125,6.4375,6.73958333333333,6.86666666666667,64,32,4,48,48,2190,1573,617,100,1006,1184,6.73550316894977,7.01266560712015,6.02889617504052,6.209,6.60938667992048,6.8426595777027,78
"79",2007,12,6.60091743119266,109,6.93888888888889,5.94324324324324,6.375,6.36964285714286,6.84528301886792,72,37,4,56,53,2299,1645,654,104,1062,1237,6.72912220095694,7.00943647416413,6.02405036697248,6.21538461538462,6.59674482109228,6.84277198059822,79
"80",2008,1,6.72596899224806,129,7.11736842105263,5.63235294117647,6.6,6.52083333333333,6.90434782608696,95,34,5,60,69,2428,1740,688,109,1122,1306,6.72895467051071,7.01532931034483,6.00469322674419,6.23302752293578,6.59268538324421,6.84602522205207,80
"81",2008,2,6.73698630136986,73,7,6.12727272727273,6,6.27307692307692,6.9936170212766,51,22,3,26,47,2501,1791,710,112,1148,1353,6.72918910035986,7.01489279731993,6.00849146478873,6.22678571428571,6.5854468641115,6.85115220990392,81
"82",2008,3,6.51232876712329,73,6.94901960784314,5.5,6.14285714285714,6.11666666666667,6.78837209302326,51,22,7,30,43,2574,1842,732,119,1178,1396,6.72303882672883,7.01306894679696,5.99320893442623,6.2218487394958,6.57350848896435,6.84921843839542,82
"83",2008,4,6.25384615384615,65,6.88095238095238,5.10869565217391,5.7,6.09615384615385,6.35897435897436,42,23,5,26,39,2639,1884,755,124,1204,1435,6.71148235695339,7.01012367303609,5.96626349668874,6.2008064516129,6.56320016611296,6.83589473170732,83
"84",2008,5,6.53898305084746,59,6.66585365853659,6.25,6.71875,6.27962962962963,6.7578125,41,18,8,27,32,2698,1925,773,132,1231,1467,6.70771013343217,7.00279116883117,5.97287055627426,6.23219696969697,6.55698050365557,6.8341915064758,84
"85",2008,6,6.23076923076923,52,6.48571428571429,5.70588235294118,6.33333333333333,5.64705882352941,6.51428571428571,35,17,3,17,35,2750,1960,790,135,1248,1502,6.69869161454545,6.99355765306122,5.96712524050633,6.23444444444444,6.54458573717949,6.82673697736352,85
"86",2008,7,6.47361111111111,72,6.83571428571429,5.96666666666667,5.05555555555556,5.9,6.88333333333333,42,30,9,30,42,2822,2002,820,144,1278,1544,6.69294895109851,6.99024625374625,5.96710846341464,6.16076388888889,6.52945461658842,6.82827651554404,86
"87",2008,8,6.09430379746835,79,6.6,5.26833333333333,5.45454545454545,5.59459459459459,6.53452380952381,49,30,11,37,42,2901,2051,850,155,1315,1586,6.67664665287832,6.9809229644076,5.94244581176471,6.11064516129032,6.50315057034221,6.82049744010088,87
"88",2008,9,6.20175438596491,57,6.17105263157895,6.26315789473684,6,5.67391304347826,6.55882352941176,38,19,3,23,34,2958,2089,869,158,1338,1620,6.66749558485463,6.9661910004787,5.94945792865363,6.10854430379747,6.48889611360239,6.81500551851852,88
"89",2008,10,6.43880597014925,67,6.62,6.06818181818182,5.2,5.92105263157895,6.64375,45,22,5,19,48,3025,2134,891,163,1357,1668,6.66243039338843,6.95889081537019,5.95238938271605,6.08067484662577,6.48094546794399,6.81007730215828,89
"90",2008,11,6.2816091954023,87,6.58928571428571,5.7258064516129,5.6,5.71851851851852,6.535,56,31,5,27,60,3112,2190,922,168,1384,1728,6.65178404241645,6.9494397260274,5.9447710845987,6.06636904761905,6.46607153179191,6.80052600694445,90
"91",2008,12,6.4495,100,6.77426470588235,5.759375,5.38666666666667,5.66851851851852,6.73835616438356,68,32,15,27,73,3212,2258,954,183,1411,1801,6.64548628268991,6.94416430469442,5.93855234800839,6.01065573770492,6.45081006378455,6.79800607440311,91
"92",2009,1,6.37320261437908,153,6.53055555555556,5.99555555555556,6.55555555555556,6.334,6.39223300970874,108,45,9,50,103,3365,2366,999,192,1461,1904,6.63310607429421,6.92528444632291,5.94112006006006,6.03619791666667,6.44681245722108,6.77605511554622,92
"93",2009,2,5.96398305084746,118,6.21194029850746,5.63823529411765,5.06666666666667,5.38793103448276,6.15168539325843,67,51,12,29,89,3483,2433,1050,204,1490,1993,6.61043696238875,6.90564036169338,5.92640851428572,5.97916666666667,6.4262033557047,6.74817307576518,93
"94",2009,3,6.24731182795699,93,6.6875,5.58108108108108,5.58333333333333,5.95161290322581,6.39516129032258,56,37,12,31,62,3576,2489,1087,216,1521,2055,6.60099327181208,6.9007324226597,5.91465403863846,5.95717592592593,6.41653057199211,6.73752259854015,94
"95",2009,4,6.44241071428571,112,6.63245614035088,6.24545454545455,6.20833333333333,6.225,6.53717948717949,57,55,12,34,78,3688,2546,1142,228,1555,2133,6.59617731561822,6.89472623723488,5.93058576182137,5.97039473684211,6.41234276527331,6.73019640881388,95
"96",2009,5,6.18693181818182,88,6.54622641509434,5.64285714285714,4.69166666666667,5.9,6.28257575757576,53,35,12,22,66,3776,2599,1177,240,1577,2199,6.58663981461864,6.88761946902655,5.92202968564146,5.90645833333333,6.40519530754597,6.71676168258299,96
"97",2009,6,6.21184210526316,76,6.39183673469388,5.88518518518519,5.08333333333333,6.05,6.26964285714286,49,27,6,20,56,3852,2648,1204,246,1597,2255,6.57924505192108,6.87844524169184,5.92120343853821,5.88638211382114,6.40074702567314,6.70565806651885,97
"98",2009,7,6.40165289256198,121,6.47301587301587,6.32413793103448,6.26470588235294,5.84333333333333,6.58571428571429,63,58,17,30,91,3973,2711,1262,263,1627,2346,6.57383638056884,6.8690236075249,5.93972182250396,5.91083650190114,6.39046896127843,6.70100551577153,98
"99",2009,8,6.13618421052632,76,6.87441860465116,5.17424242424242,4.66666666666667,6.28863636363636,6.07407407407407,43,33,9,22,54,4049,2754,1295,272,1649,2400,6.56562162015312,6.86910784313725,5.9202153976834,5.86966911764706,6.38911036992116,6.68689955833333,99
"100",2009,9,6.18031914893617,94,6.78260869565217,5.603125,5.94473684210526,6.05714285714286,6.25338983050847,46,48,19,35,59,4143,2800,1343,291,1684,2459,6.55687954139512,6.86768678571428,5.90888230826508,5.87457044673539,6.38221080760095,6.67649814558764,100
"101",2009,10,5.93969072164948,97,6.63867924528302,5.09772727272727,5.46153846153846,5.95882352941176,5.92936507936508,53,44,13,34,63,4240,2853,1387,304,1718,2522,6.54275989150943,6.86343252716439,5.88314992069214,5.85690789473684,6.37383178114086,6.65783463124504,101
"102",2009,11,6.28776595744681,94,6.74196428571429,5.61842105263158,4.94444444444444,6.04838709677419,6.40555555555556,56,38,9,31,63,4334,2909,1425,313,1749,2585,6.53722933548685,6.86109419044345,5.87609048421053,5.83067092651757,6.36806346483705,6.65168624371373,102
"103",2009,12,6.03298611111111,144,6.46746987951807,5.44180327868852,5.15789473684211,5.96739130434783,6.06377551020408,83,61,19,46,98,4478,2992,1486,332,1795,2683,6.52101427869585,6.85017479946524,5.8582630820996,5.79216867469879,6.35779554317549,6.63021205367126,103
"104",2010,1,6.27333333333333,135,6.6,5.68125,5.83333333333333,6.06428571428571,6.36774193548387,87,48,12,42,93,4613,3079,1534,344,1837,2776,6.51376586603078,6.84310587853199,5.85272421121252,5.79360465116279,6.35108492106696,6.62141892651297,104
"105",2010,2,6.18478723404255,94,6.77547169811321,5.42121951219512,5.75,5.80368421052632,6.28133333333333,53,41,10,19,75,4707,3132,1575,354,1856,2851,6.50719607818143,6.84196136653895,5.84149139047619,5.79237288135593,6.34548114224138,6.61247244475623,105
"106",2010,3,6.24920634920635,63,6.56923076923077,5.72916666666667,5.25,6.36153846153846,6.22,39,24,4,13,50,4770,3171,1599,358,1869,2901,6.50378866666667,6.83860706401766,5.8398054659162,5.78631284916201,6.34559283039058,6.60570801103068,106
"107",2010,4,6.44621212121212,66,6.76538461538462,5.98518518518518,5.8,6.4125,6.457,39,27,5,16,50,4836,3210,1626,363,1885,2951,6.50300288254756,6.83771744548286,5.84221952029521,5.78650137741047,6.34616074270557,6.60318839037614,107
"108",2010,5,6.22293333333333,75,6.81119047619048,5.47424242424242,5.87,6.18666666666667,6.232,42,33,10,15,60,4911,3252,1659,373,1900,3011,6.49872570555895,6.83737484624846,5.83489990355636,5.7887399463807,6.34490157894737,6.59579174360677,108
"109",2010,6,6.22203389830509,59,6.7275,5.15789473684211,6,5.34166666666667,6.4468085106383,40,19,3,12,47,4970,3292,1678,376,1912,3058,6.49544103420523,6.83603979343864,5.8272341716329,5.79042553191489,6.33860512552301,6.59350194244604,109
"110",2010,7,6.168,50,6.725,5.45909090909091,6,5.5,6.37894736842105,28,22,5,12,38,5020,3320,1700,381,1924,3096,6.49217966932271,6.83510331325301,5.82246996470588,5.79317585301837,6.33337474012474,6.59086852067183,110
"111",2010,8,5.79032258064516,62,5.97058823529412,5.57142857142857,4.71428571428571,5.52777777777778,5.89772727272727,34,28,7,18,44,5082,3354,1728,388,1942,3140,6.48361706808343,6.82633959451401,5.81840216435185,5.77371134020618,6.32590782698249,6.58115571337579,111
"112",2010,9,6.18823529411765,68,6.59393939393939,5.80571428571429,5.77777777777778,5.565,6.44791666666667,33,35,9,20,48,5150,3387,1763,397,1962,3188,6.4797168815534,6.82407528786536,5.81815027793534,5.77380352644836,6.31815137614679,6.57914960476788,112
"113",2010,10,6.13333333333333,69,6.4,5.69230769230769,5.05,5.45238095238095,6.43125,43,26,10,21,48,5219,3430,1789,407,1983,3236,6.4751373711439,6.81875889212828,5.81632137506987,5.75601965601965,6.30898285426122,6.57695579110012,113
"114",2010,11,5.90845098039216,102,6.60181818181818,5.09706382978723,5.44444444444444,5.92558139534884,5.89596610169492,55,47,9,43,59,5321,3485,1836,416,2026,3295,6.46427437323811,6.81533515064562,5.7979090087146,5.74927884615384,6.30084550839092,6.56476204552352,114
"115",2010,12,5.67416666666667,120,6.38983050847458,4.98196721311475,4.78125,5.14285714285714,5.89294117647059,59,61,16,35,85,5441,3544,1897,432,2061,3380,6.44684873001286,6.80825141083521,5.77167155508698,5.71342592592592,6.28118049490539,6.54786714201183,115
"116",2011,1,6.24427480916031,131,6.72073170731707,5.4469387755102,6.12,5.89705882352941,6.3659793814433,82,49,10,34,97,5572,3626,1946,442,2095,3477,6.44208613424264,6.8062722007722,5.76349483042138,5.72262443438914,6.27494653937947,6.54279290767903,116
"117",2011,2,5.80491071428571,112,6.23083333333333,5.31346153846154,6,5.14393939393939,6.08101265822785,60,52,9,33,79,5684,3686,1998,451,2128,3556,6.42953095355384,6.79690531741725,5.75178225225225,5.72815964523281,6.25740742481203,6.53253401012373,117
"118",2011,3,6.0130495049505,101,6.16940298507463,5.70494117647059,5.33,5.44510344827586,6.24180555555556,67,34,10,29,72,5785,3753,2032,461,2157,3628,6.42225962662057,6.78570290434319,5.75099849409449,5.71952277657267,6.24648632359759,6.52676431642778,118
"119",2011,4,5.96538461538462,78,5.97391304347826,5.953125,6.25,6.30833333333333,5.81296296296296,46,32,12,24,54,5863,3799,2064,473,2181,3682,6.41618146682586,6.77587338773361,5.75413223837209,5.73298097251585,6.2471668959193,6.5162957468767,119
"120",2011,5,6.27808219178082,73,6.54878048780488,5.93125,5.68,6.8,6.09444444444444,41,32,15,19,54,5936,3840,2096,488,2200,3736,6.414483143531,6.77344869791666,5.75683632633588,5.73135245901639,6.25194136363636,6.51019832441114,120
"121",2011,6,6.01774193548387,62,6.28125,5.53863636363636,6.05,5.4125,6.30595238095238,40,22,5,20,42,5998,3880,2118,493,2220,3778,6.41038211737246,6.76837448453608,5.75456984891407,5.73458417849898,6.24437882882883,6.50792772366331,121
"122",2011,7,5.97426470588235,68,6.64634146341463,4.9537037037037,4.53125,5.36842105263158,6.20918367346939,41,27,8,19,49,6066,3921,2145,501,2239,3827,6.4054932311243,6.76709844427441,5.74448901631702,5.71536926147704,6.23694551138901,6.50410267572511,122
"123",2011,8,5.803125,96,5.94264705882353,5.46428571428571,5.8,5.5625,5.9234375,68,28,5,32,64,6162,3989,2173,506,2271,3891,6.39610872119442,6.75304412133366,5.74087848136217,5.71620553359684,6.22744209599295,6.49455177075302,123
"124",2011,9,5.86533333333333,75,6.15,5.41379310344828,6,5.06086956521739,6.22115384615385,46,29,9,23,52,6237,4035,2202,515,2294,3943,6.38972614077281,6.74616926889714,5.73657081743869,5.72116504854369,6.21574585876199,6.49094621861527,124
"125",2011,10,6.22602739726027,73,6.75609756097561,5.546875,5.45,6.17272727272727,6.24901960784314,41,32,10,22,51,6310,4076,2234,525,2316,3994,6.38783232012678,6.74626913640824,5.7338535989257,5.716,6.2153372193437,6.4878570205308,125
"126",2011,11,5.70353982300885,113,6.16567164179104,5.0304347826087,5.38461538461539,5.12903225806452,5.92073170731707,67,46,13,31,82,6423,4143,2280,538,2347,4076,6.3757935450724,6.73687979724837,5.71966181578948,5.70799256505576,6.20098892202812,6.47644772816487,126
"127",2011,12,6.21958762886598,97,6.46981132075472,5.91818181818182,5.51538461538462,6.27272727272727,6.1921875,53,44,13,33,64,6520,4196,2324,551,2380,4140,6.37346962269939,6.73350643469971,5.72342037005164,5.70344827586207,6.20198361344538,6.47205336714976,127
"128",2012,1,6.02702702702703,148,6.43953488372093,5.45483870967742,5.275,6.26,5.97967479674797,86,62,20,25,123,6668,4282,2386,571,2405,4263,6.36578013497301,6.72760228865016,5.7164412992456,5.68844133099825,6.20258669438669,6.45784680741262,128
"129",2012,2,5.88944827586207,87,6.06217857142857,5.57741935483871,6.28571428571429,5.90869565217391,5.88253125,56,31,7,23,64,6755,4338,2417,578,2428,4327,6.35964529089563,6.7190122176118,5.71465822920977,5.69567474048443,6.19980271828665,6.44933740235729,129
"130",2012,3,5.93448275862069,58,6.34054054054054,5.21904761904762,5.625,5.25,6.1952380952381,37,21,8,16,42,6813,4375,2438,586,2444,4369,6.35602582415969,6.71581142857142,5.71038922887613,5.69470989761092,6.19358469721767,6.44689469901579,130
"131",2012,4,6.05955056179775,89,6.64838709677419,4.70740740740741,5.45,5.35294117647059,6.22638888888889,62,27,10,17,72,6902,4437,2465,596,2461,4441,6.35220283106346,6.71486928104575,5.69940322109534,5.69060402684564,6.18777773262901,6.44331973429408,131
"132",2012,5,5.67307692307692,91,6.08333333333333,4.98529411764706,5.41111111111111,5.44583333333333,5.7544776119403,57,34,9,24,67,6993,4494,2499,605,2485,4508,6.34336535678536,6.70685914552736,5.68968745098039,5.68644628099173,6.18061207243461,6.43308184117125,132
"133",2012,6,5.95671641791045,67,6.48648648648649,5.30333333333333,6,6.34615384615385,5.86296296296296,37,30,5,13,54,7060,4531,2529,610,2498,4562,6.33969602549575,6.70505958949459,5.68510436536181,5.68901639344262,6.18147357886309,6.42633339324857,133
"134",2012,7,6.08166666666667,84,6.3,5.66758620689655,5.28571428571429,5.92105263157895,6.12861538461538,55,29,14,19,65,7144,4586,2558,624,2517,4627,6.33666208566629,6.7002017008286,5.68490576231431,5.67996794871795,6.17950774731823,6.42215105684028,134
"135",2012,8,5.85147058823529,68,6.13333333333333,5.3,5.69230769230769,5.55625,5.94230769230769,45,23,13,16,52,7212,4631,2581,637,2533,4679,6.33208734608985,6.69469337076225,5.68147576133282,5.68021978021978,6.17557086458744,6.41681832442829,135
"136",2012,9,5.875,64,6.30882352941176,5.38333333333333,6,5.55263157894737,6.01111111111111,34,30,13,19,45,7276,4665,2611,650,2552,4724,6.32806678669599,6.6918810289389,5.67805014936806,5.68661538461538,6.1709329937304,6.41295362828112,136
"137",2012,10,6.28,70,6.492,5.75,5.57692307692308,6.28125,6.27962962962963,50,20,13,16,54,7346,4715,2631,663,2568,4778,6.32760875850803,6.68976139978791,5.67859708855949,5.68446455505279,6.1716203271028,6.41144682712432,137
"138",2012,11,5.88877551020408,98,6.37254901960784,5.36382978723404,5.36666666666667,5.815625,5.92424242424242,51,47,18,32,66,7444,4766,2678,681,2600,4844,6.32183153412144,6.68636697440201,5.6730727931292,5.67606461086637,6.16723884615384,6.40480861684558,138
"139",2012,12,5.94375,104,6.64925373134328,4.66621621621622,4.91666666666667,5.41666666666667,6.07710843373494,67,37,12,21,83,7548,4833,2715,693,2621,4927,6.3166221436142,6.68585247258431,5.65935135911603,5.66291486291486,6.16122510492178,6.39928819565658,139
"140",2013,1,6.24779411764706,136,6.51379310344828,5.77551020408163,5.90526315789474,5.96969696969697,6.33689320388349,87,49,19,33,103,7684,4920,2764,712,2654,5030,6.31540394846434,6.68280995934959,5.66141061505065,5.66938202247191,6.1588436322532,6.39801052485089,140
"141",2013,2,5.70262068965517,87,5.96908695652174,5.40365853658537,5.140625,5.30555555555556,5.80620289855072,46,41,16,18,69,7771,4966,2805,728,2672,5099,6.30854355166645,6.67619875151026,5.65764311586453,5.65776098901099,6.15309543413173,6.39000214551873,141
"142",2013,3,5.36292134831461,89,5.80238095238095,4.97021276595745,5.29285714285714,4.81034482758621,5.63,42,47,14,29,60,7860,5008,2852,742,2701,5159,6.29783612468193,6.66887040734824,5.64631449509117,5.65087601078167,6.13867863754165,6.38116319829424,142
"143",2013,4,5.94705882352941,85,6.34615384615385,5.31818181818182,5.75,5.84375,5.97101449275362,52,33,14,16,69,7945,5060,2885,756,2717,5228,6.29408331529264,6.66555395256916,5.64256115771231,5.65271164021164,6.13694184762605,6.37574998852333,143
"144",2013,5,6.01282051282051,78,6.238,5.61071428571429,6.23076923076923,6.03684210526316,6.00508474576271,50,28,13,19,59,8023,5110,2913,769,2736,5287,6.29134886451452,6.66137045009784,5.64225504291109,5.66248374512354,6.13624671052631,6.37161356913183,144
"145",2013,6,5.80519480519481,77,6.27,4.94444444444444,4.75,5.31578947368421,5.96551724137931,50,27,8,19,58,8100,5160,2940,777,2755,5345,6.2867274,6.65757810077519,5.6358465782313,5.6530888030888,6.13058838475499,6.3672069111319,145
"146",2013,7,5.94184782608696,92,6.27258064516129,5.25833333333333,5.3,5.08333333333333,6.070625,62,30,15,12,80,8192,5222,2970,792,2767,5425,6.28285424072266,6.65300708540788,5.63203331313132,5.64640151515151,6.12604662088905,6.36283335299539,146
"147",2013,8,6.09387755102041,98,6.26323529411765,5.71,5.98181818181818,5.25217391304348,6.352,68,30,11,23,75,8290,5290,3000,803,2790,5500,6.28062025814234,6.64799678638941,5.63281298,5.65099626400996,6.11884265232974,6.36268562545454,147
"148",2013,9,5.5551724137931,87,5.81818181818182,5.28604651162791,5.41052631578947,5.46428571428571,5.57260273972603,44,43,19,14,73,8377,5334,3043,822,2804,5573,6.27308606183598,6.64115166854143,5.62791289516924,5.64543795620438,6.1155745363766,6.352336432801,148
"149",2013,10,5.2870652173913,92,5.6282,4.88095238095238,4.90625,4.26666666666667,5.48584415584416,50,42,16,15,77,8469,5384,3085,838,2819,5650,6.26237477151966,6.63174461367013,5.61774357860616,5.6313245823389,6.10573643135863,6.3405276,149
"150",2013,11,5.50277777777778,108,6.271875,4.38409090909091,4.9,4.72,5.73855421686747,64,44,10,25,83,8577,5448,3129,848,2844,5733,6.2528100664568,6.62751707048458,5.60039595397891,5.62270047169811,6.09355520393811,6.33181247863248,150
"151",2013,12,5.68657407407407,108,5.93070175438597,5.41372549019608,5.79285714285714,5.82,5.64638554216867,57,51,14,25,83,8685,5505,3180,862,2869,5816,6.24576878986759,6.62030208900999,5.59740218238994,5.62546403712297,6.09117148832345,6.32203076685007,151
"152",2014,1,5.52397590361446,166,6.05588785046729,4.55932203389831,4.44736842105263,4.93617647058824,5.67537878787879,107,59,19,34,132,8851,5612,3239,881,2903,5948,6.23223160546831,6.60954080541696,5.57849303488731,5.60005675368899,6.07764416121254,6.30768005043712,152
"153",2014,2,5.57898550724638,138,5.89506172839506,5.12982456140351,5.07692307692308,5.07407407407407,5.7018018018018,81,57,26,27,111,8989,5693,3296,907,2930,6059,6.22220290799867,6.5993751976111,5.57073390169903,5.58506063947078,6.06839624573379,6.29658044891896,153
"154",2014,3,5.58362831858407,113,5.75757575757576,5.33936170212766,5.31428571428571,5.37142857142857,5.65352941176471,66,47,14,28,85,9102,5759,3343,921,2958,6144,6.21427509778071,6.58972790415002,5.56748098713731,5.58094462540717,6.06179885057471,6.28768407226563,154
"155",2014,4,5.33787878787879,99,5.54615384615385,4.93970588235294,4.92142857142857,5.02380952380952,5.4224358974359,65,34,14,21,78,9201,5824,3377,935,2979,6222,6.20484533637648,6.57808087225275,5.56116047971573,5.57106951871658,6.05448170527022,6.27683718097075,155
"156",2014,5,5.65070422535211,71,5.74565217391304,5.476,5.375,5.26,5.75535714285714,46,25,8,15,56,9272,5870,3402,943,2994,6278,6.20060202113891,6.57155758091993,5.56053466784245,5.56940615058324,6.05050133600534,6.27218555909525,156
"157",2014,6,5.85,64,6.23142857142857,5.38965517241379,5.36666666666667,5.80555555555556,5.86739130434783,35,29,15,18,46,9336,5905,3431,958,3012,6324,6.19819857969152,6.56954157493649,5.55909033517925,5.56623173277662,6.04903751660026,6.26924113535737,157
"158",2014,7,5.47141666666667,120,5.61328767123288,5.25106382978723,5.3,5.72258064516129,5.38393258426966,73,47,15,31,89,9456,5978,3478,973,3043,6413,6.18897545896785,6.55786433589829,5.55492781483612,5.56212744090442,6.04571179756819,6.25695476999844,158
"159",2014,8,5.51710526315789,114,5.90347222222222,4.8547619047619,4.87647058823529,5.32727272727273,5.5625,72,42,17,22,92,9570,6050,3520,990,3065,6505,6.18097198955068,6.55007652892562,5.5465735625,5.55035353535353,6.04055497553018,6.24713311913913,159
"160",2014,9,5.38701298701299,77,5.68846153846154,4.76,4.5625,5.1875,5.43934426229508,52,25,8,16,61,9647,6102,3545,998,3081,6566,6.17463480252928,6.54273402163225,5.54102649929479,5.54243486973948,6.03612495942876,6.23962853183065,160
"161",2014,10,5.28791208791209,91,5.70526315789474,4.58823529411765,4.85714285714286,4.54666666666667,5.43421052631579,57,34,14,15,76,9738,6159,3579,1012,3096,6642,6.16634852536455,6.53498343886994,5.53197511595418,5.53295454545454,6.02890859173127,6.23041266787112,161
"162",2014,11,5.78571428571429,84,6.02830188679245,5.37096774193548,5.42857142857143,6.09090909090909,5.73972602739726,53,31,14,11,73,9822,6212,3610,1026,3107,6715,6.16309325391977,6.53066049581455,5.53059250415513,5.53153021442495,6.02912809784358,6.22507832315711,162
"163",2014,12,5.75265486725664,113,6.09071428571429,5.20232558139535,6.08333333333333,5.55,5.79623655913978,70,43,6,20,93,9935,6282,3653,1032,3127,6808,6.1584249562154,6.5257581980261,5.52672842595128,5.53473837209302,6.02606363927087,6.2192201733255,163
"164",2015,1,5.58491803278689,183,6.06227722772277,4.9969512195122,5.89130434782609,5.46923076923077,5.60407643312102,101,82,23,26,157,10118,6383,3735,1055,3153,6965,6.1480521782961,6.5184244085853,5.51509744042838,5.54251184834123,6.02147193149381,6.20535404737976,164
"165",2015,2,5.53521739130435,115,6.06824324324324,4.57317073170732,4.61538461538461,5.51363636363636,5.54032258064516,74,41,13,22,93,10233,6457,3776,1068,3175,7058,6.14116504837291,6.51326513860926,5.50486995233051,5.5312265917603,6.01795307086614,6.19659123547747,165
"166",2015,3,5.30047619047619,105,5.905,4.49444444444444,4.61538461538461,5.13863636363636,5.3433734939759,60,45,13,22,83,10338,6517,3821,1081,3197,7141,6.13262642097117,6.50766502992174,5.49297014917561,5.52021276595745,6.01190209571473,6.1866742669094,166
"167",2015,4,5.4527731092437,119,5.82366197183099,4.90416666666667,5.30769230769231,5.29473684210526,5.4828,71,48,13,19,100,10457,6588,3869,1094,3216,7241,6.12488973319308,6.50029341226472,5.48566527268028,5.5176873857404,6.0076651119403,6.17695358928325,167
"168",2015,5,5.38780487804878,82,5.80980392156863,4.69354838709677,5.0625,5.17647058823529,5.44307692307692,51,31,8,17,65,10539,6639,3900,1102,3233,7306,6.11915475282285,6.49498915499322,5.47936895897436,5.51438294010889,6.00329446334673,6.17042443744867,168
"169",2015,6,5.10714285714286,84,5.71875,4.29166666666667,4.53333333333333,4.77272727272727,5.2258064516129,48,36,15,22,62,10623,6687,3936,1117,3255,7368,6.1111523995105,6.48941722745626,5.46850582825204,5.50120859444942,5.99497726574501,6.16247569761129,169
"170",2015,7,5.58727272727273,110,5.80405405405405,5.14166666666667,5.30769230769231,5.35238095238095,5.64269662921348,74,36,13,21,89,10733,6761,3972,1130,3276,7457,6.10578327960496,6.48191584085195,5.46554353977845,5.49898230088495,5.99085805860806,6.15627208528899,170
"171",2015,8,5.44262295081967,122,5.81547619047619,4.61842105263158,5,5.22916666666667,5.49489795918367,84,38,10,24,98,10855,6845,4010,1140,3300,7555,6.09832998065407,6.47373747260774,5.45751594513716,5.49460526315789,5.98531848484848,6.14769304301787,171
"172",2015,9,5.34384615384615,91,5.68344262295082,4.65333333333333,4.7,5.48176470588235,5.31216216216216,61,30,10,17,74,10946,6906,4040,1150,3317,7629,6.09205754978988,6.46675687807704,5.45154429207921,5.48769565217391,5.98273771480253,6.13958853585005,172
"173",2015,10,5.44081632653061,98,5.50294117647059,5.3,5.46153846153846,5.40625,5.44756097560976,68,30,13,16,82,11044,6974,4070,1163,3333,7711,6.08627869793553,6.4573591912819,5.45042725798526,5.48740326741186,5.9799702970297,6.13222940474647,173
"174",2015,11,5.17314814814815,108,5.89636363636364,4.42264150943396,4.72222222222222,5.22857142857143,5.15977011494253,55,53,18,21,87,11152,7029,4123,1181,3354,7798,6.07743561154949,6.45296955470195,5.43721536260005,5.47574089754445,5.9752656529517,6.1213799615286,174
"175",2015,12,5.15666666666667,135,5.61829268292683,4.44245283018868,4.64705882352941,4.88461538461539,5.22155963302752,82,53,17,26,109,11287,7111,4176,1198,3380,7907,6.06642260476654,6.44334453663338,5.42459026340997,5.4639816360601,5.96687603550296,6.10897571013027,175
"176",2016,1,5.21804347826087,138,5.59089743589744,4.73333333333333,4.66666666666667,5.23548387096774,5.21299065420561,78,60,21,31,107,11425,7189,4236,1219,3411,8014,6.05617522450766,6.43409556266518,5.41479908876299,5.45024610336341,5.96022896511287,6.09701284502121,176
"177",2016,2,5.13124509803922,102,5.51953125,4.47728947368421,4.32,4.875,5.19374390243902,64,38,15,20,82,11527,7253,4274,1234,3431,8096,6.04799071224082,6.42602550668689,5.40646372016846,5.43650729335494,5.95390294374818,6.08786412302372,177
"178",2016,3,4.94842105263158,95,5.43269230769231,4.36279069767442,4.35,4.24761904761905,5.1472972972973,52,43,16,21,74,11622,7305,4317,1250,3452,8170,6.03900266219239,6.41895455167693,5.39606808895066,5.4226,5.94352288528389,6.0793449130967,178
"179",2016,4,5.44537037037037,108,5.70597014925373,5.01951219512195,4.99166666666667,5.07142857142857,5.53563218390805,67,41,12,21,87,11730,7372,4358,1262,3473,8257,6.03353699403239,6.41247463374932,5.39252545663149,5.41850237717908,5.93824964008062,6.07361607605668,179
"180",2016,5,5.26238095238095,105,5.54621212121212,4.78205128205128,4.71052631578947,5.22631578947368,5.2703488372093,66,39,19,19,86,11835,7438,4397,1281,3492,8343,6.02669530544993,6.40478798063996,5.38711074368888,5.40800156128025,5.93437600229095,6.06533596308283,180
"181",2016,6,5.36039603960396,101,5.76607142857143,4.85555555555556,5.23076923076923,5.185,5.4037037037037,56,45,13,20,81,11936,7494,4442,1294,3512,8424,6.02105721682305,6.40001507872965,5.38172578568213,5.40622102009274,5.93010848519362,6.05897411443495,181
"182",2016,7,5.48836956521739,92,5.80868852459016,4.85806451612903,5.22222222222222,5.69235294117647,5.44213333333333,61,31,9,17,75,12028,7555,4473,1303,3529,8499,6.01698278516794,6.39524063534083,5.37809656606305,5.40495011511896,5.92896316236894,6.05353076126603,182
"183",2016,8,5.52075471698113,106,5.96527777777778,4.57941176470588,4.48125,6.125,5.38023255813953,72,34,16,20,86,12134,7627,4507,1319,3549,8585,6.0126478440745,6.3911817228268,5.37207143110717,5.39374526156179,5.93006790645252,6.04678601514269,183
"184",2016,9,5.55603448275862,116,5.86363636363636,4.94871794871795,5.775,6,5.46354166666667,77,39,8,20,96,12250,7704,4546,1327,3569,8681,6.00832399510204,6.38590900830737,5.36843949406072,5.39604370761115,5.93045979265901,6.04033612947817,184
"185",2016,10,5.62113402061856,97,5.90384615384615,5.29444444444444,5.48529411764706,5.69565217391304,5.59797297297297,52,45,17,23,74,12347,7756,4591,1344,3592,8755,6.00528216894792,6.3826770242393,5.36771421041168,5.39717261904762,5.92895629175946,6.03659713763564,185
"186",2016,11,5.43962264150943,106,5.79253731343284,4.83333333333333,4.85714285714286,5.4952380952381,5.42588235294118,67,39,14,21,85,12453,7823,4630,1358,3613,8840,6.00046727214326,6.37762277898504,5.36321294600432,5.39160530191458,5.92643537226681,6.0307248800905,186
"187",2016,12,5.31159420289855,138,5.66960784313726,4.29722222222222,4.8625,4.53333333333333,5.5009009009009,102,36,16,27,111,12591,7925,4666,1374,3640,8951,5.99291707886585,6.36851015772871,5.35498841405915,5.38544395924309,5.91610192307692,6.02415461289241,187
"188",2017,1,5.2001030927835,194,5.64092307692308,4.3046875,4.57692307692308,5.14285714285714,5.20975903614458,130,64,26,28,166,12785,8055,4730,1400,3668,9117,5.98088689401642,6.35676759776536,5.34077715433404,5.37042857142857,5.91019929116685,6.0093263068992,188
"189",2017,2,5.50387931034483,116,5.95149253731343,4.89183673469388,4.84263157894737,5.205,5.57382978723404,67,49,19,22,94,12901,8122,4779,1419,3690,9211,5.97659785598015,6.35342440285644,5.33617408244403,5.36336152219873,5.90599485094851,6.00488198241233,189
"190",2017,3,5.44656034482759,116,5.87666666666667,4.81512765957447,4.18181818181818,5.23809523809524,5.49264210526316,69,47,11,21,95,13017,8191,4826,1430,3711,9306,5.97187446723515,6.34940825296057,5.33109965602984,5.35427272727273,5.90221530584748,5.99965279819471,190
"191",2017,4,5.37378640776699,103,5.8030303030303,4.60810810810811,4.5625,5.3125,5.38505747126437,66,37,8,16,87,13120,8257,4863,1438,3727,9393,5.96717911128049,6.34504093496427,5.32559879498252,5.34986787204451,5.89968365977998,5.99396028318961,191
"192",2017,5,5.62405063291139,79,6.04339622641509,4.76923076923077,4.66666666666667,5.33333333333333,5.67611940298507,53,26,12,12,67,13199,8310,4889,1450,3739,9460,5.96512538374119,6.34311708784597,5.32263999590919,5.34421379310345,5.89786600695373,5.99170919027484,192
"193",2017,6,5.12466666666667,90,5.59232142857143,4.35441176470588,4.15909090909091,5.16,5.11457142857143,56,34,11,20,70,13289,8366,4923,1461,3759,9530,5.95943336142674,6.33809144154913,5.31595306520415,5.33529089664613,5.89394014365523,5.9852664155299,193
"194",2017,7,5.52475247524752,101,5.82936507936508,5.01973684210526,5.51470588235294,6.1875,5.43539325842697,63,38,17,12,89,13390,8429,4961,1478,3771,9619,5.95615458849888,6.33428912089216,5.31368412416852,5.33735453315291,5.89487430389817,5.98017870256783,194
"195",2017,8,5.30612068965517,116,5.53927536231884,4.96382978723404,4.66666666666667,4.34,5.57153846153846,69,47,15,25,91,13506,8498,5008,1493,3796,9710,5.95057159336591,6.32783396093198,5.31040074680512,5.33061620897522,5.88463408851422,5.97634901544799,195
"196",2017,9,5.26623376623377,77,5.71111111111111,4.640625,4.875,5.53846153846154,5.2109375,45,32,8,13,64,13583,8543,5040,1501,3809,9774,5.94669218434808,6.32458539154864,5.30614820238096,5.32818787475017,5.88345261223418,5.97133711274811,196
"197",2017,10,5.13881720430108,93,5.52018181818182,4.58684210526316,4.84615384615385,5.23210526315789,5.11486486486486,55,38,13,19,74,13676,8598,5078,1514,3828,9848,5.94119844545189,6.31943975343103,5.30076544702639,5.32404887714663,5.8802196969697,5.96490139520715,197
"198",2017,11,5.1621359223301,103,5.6516393442623,4.45119047619048,4.81153846153846,4.95,5.20406976744186,61,42,13,17,86,13779,8659,5120,1527,3845,9934,5.93537484142536,6.31473530430766,5.29379627734375,5.31968565815324,5.87610689206762,5.95831477149185,198
"199",2017,12,5.54240740740741,108,5.82055555555556,4.98611111111111,4.96666666666667,5.38333333333333,5.60358974358974,72,36,15,30,78,13887,8731,5156,1542,3875,10012,5.9323187110247,6.31066006184859,5.29164797129558,5.31625162127108,5.87229187096774,5.95555123252097,199
"200",2018,1,5.16565217391304,138,5.48047619047619,4.67592592592593,4.22222222222222,4.6664,5.27610619469027,84,54,18,25,113,14025,8815,5210,1560,3900,10125,5.9247750402852,6.30274906409529,5.28526620729367,5.3036282051282,5.86456179487179,5.94796829037037,200
"201",2018,2,5.14775280898876,89,5.425,4.67727272727273,5.05,4.9,5.17911392405063,56,33,10,10,79,14114,8871,5243,1570,3910,10204,5.91987529686836,6.29720809378875,5.28143943162312,5.3020127388535,5.86209488491049,5.94201577224618,201
"202",2018,3,5.33614457831325,83,5.67407407407407,4.70689655172414,4.61538461538461,5.21153846153846,5.39298245614035,54,29,13,26,57,14197,8925,5272,1583,3936,10261,5.91646262872438,6.29343787114846,5.27827900986343,5.2963739734681,5.8577975101626,5.93896588441672,202
"203",2018,4,5.19692307692308,91,5.63740740740741,4.55405405405405,4.4375,4.29352941176471,5.40445945945946,54,37,16,17,74,14288,8979,5309,1599,3953,10335,5.91187989501679,6.28949248245907,5.27323167074779,5.28777986241401,5.85107032633443,5.93513874600871,203
"204",2018,5,5.03012658227848,79,5.52,4.41428571428571,4.11666666666667,5.31818181818182,4.98352941176471,44,35,12,11,68,14367,9023,5344,1611,3964,10403,5.90703138720679,6.28574010861133,5.26760608907186,5.27905648665425,5.84959157416751,5.92891847928482,204
"205",2018,6,5.25030913043478,69,5.90881292682927,4.28607142857143,5.002,4.64,5.3537513559322,41,28,5,10,59,14436,9064,5372,1616,3974,10462,5.90389244042671,6.28403512025596,5.26249012285927,5.27819925742574,5.84654781077001,5.92567484897725,205
"206",2018,7,5.38235294117647,68,5.55777777777778,5.03913043478261,5.33333333333333,5.625,5.35,45,23,6,8,60,14504,9109,5395,1622,3982,10522,5.90144727454495,6.28044728620046,5.26153789434662,5.27840320591862,5.84610271220492,5.92239215643414,206
"207",2018,8,5.37085365853659,82,5.5088,5.1553125,5.15875,5.114,5.42835820895522,50,32,8,15,67,14586,9159,5427,1630,3997,10589,5.89846436788701,6.27623477781417,5.26091154228856,5.27781595092025,5.84335526644984,5.91926624516007,207
"208",2018,9,5.20633885245902,61,5.41504282051282,4.83636363636364,4.66666666666667,5.11111111111111,5.22282057692308,39,22,6,9,52,14647,9198,5449,1636,4006,10641,5.89558188980679,6.27258327897369,5.25919745641403,5.27557457212714,5.84171018472292,5.91586288318767,208
"209",2018,10,5.03422880597015,67,5.49147279069767,4.215,4.6,3.90909090909091,5.25523803571429,43,24,5,11,56,14714,9241,5473,1641,4017,10697,5.89165973018893,6.26894863434693,5.25461847980998,5.27351614868982,5.83641797361215,5.91240443769281,209
"210",2018,11,5.6047619047619,84,5.87543859649123,5.03333333333333,4.6125,5.5,5.62222222222222,57,27,8,12,72,14798,9298,5500,1649,4029,10769,5.8900311711042,6.26653627984513,5.25353217090909,5.27030927835052,5.83541598411516,5.91046432073544,210
"211",2018,12,5.59285714285714,98,5.86911764705882,4.96666666666667,4.77777777777778,5.35,5.62045454545455,68,30,9,10,88,14896,9366,5530,1658,4039,10857,5.8880760788131,6.26365090006406,5.25197593851718,5.26763570566948,5.83421416192127,5.908113684259,211
"212",2019,1,5.29715517241379,116,5.56540540540541,4.82452380952381,4.4125,4.75,5.37841584158416,74,42,12,15,101,15012,9440,5572,1670,4054,10958,5.88350994337863,6.2581773654661,5.24875393754487,5.26149101796407,5.83020251603355,5.90323145373243,212
"213",2019,2,5.07738095238095,84,5.52758620689655,4.07307692307692,3.42857142857143,4.44210526315789,5.26307692307692,58,26,7,19,65,15096,9498,5598,1677,4073,11023,5.87902432896131,6.25371597494209,5.24329348695963,5.25384019081693,5.8237272280874,5.899456615259,213
"214",2019,3,5.58842105263158,76,5.9134,4.96346153846154,5.53125,5.29545454545455,5.70777777777778,50,26,8,22,54,15172,9548,5624,1685,4095,11077,5.87756863103085,6.25193384268957,5.24199981152205,5.25515727002967,5.82088913308913,5.89852218741537,214
"215",2019,4,5.2780701754386,57,5.6125,4.7047619047619,5.1,5.1,5.30714285714286,36,21,8,8,49,15229,9584,5645,1693,4103,11126,5.87532479282947,6.24953196264608,5.24000122940656,5.25442409923213,5.81948354862296,5.89591769458925,215
"216",2019,5,5.60202898550725,69,5.68232558139535,5.46923076923077,4.92857142857143,5.40909090909091,5.63862068965517,43,26,7,11,58,15298,9627,5671,1700,4114,11184,5.87409212119231,6.2469984761608,5.24105218479986,5.25308235294118,5.81838624210015,5.89458335747496,216
"217",2019,6,5.34135796296296,54,5.17666657142857,5.64473684210526,4.8125,4.92222222222222,5.42518511111111,35,19,4,9,45,15352,9662,5690,1704,4123,11229,5.87221825169359,6.2431212647485,5.24240016520211,5.25204812206573,5.8164300266796,5.89270225309467,217
"218",2019,7,5.42741935483871,62,5.575,5.15909090909091,5.41666666666667,5.25,5.46153846153846,40,22,6,10,52,15414,9702,5712,1710,4133,11281,5.87042912936292,6.24036669346526,5.24207929621849,5.25262573099415,5.81505952092911,5.8907147947877,218
"219",2019,8,5.38688617283951,81,5.6112,5.02508967741935,4.3125,4.97142857142857,5.47369820895522,50,31,8,14,67,15495,9752,5743,1718,4147,11348,5.86790141206841,6.23714085931091,5.24090801323351,5.24824796274738,5.812211478177,5.88825267712372,219
"220",2019,9,5.24527777777778,72,5.81869565217391,4.23076923076923,4.5,4.55555555555556,5.47518518518519,46,26,12,18,54,15567,9798,5769,1730,4165,11402,5.86502167276932,6.235176327822,5.23635547235223,5.24305780346821,5.80678055222089,5.88629638484476,220
"221",2019,10,5.1291525,88,5.67048884615385,4.34722222222222,4.13333333333333,5,5.15569068493151,52,36,15,15,73,15655,9850,5805,1745,4180,11475,5.86088519961674,6.23219523654822,5.23084146770026,5.23351862464183,5.80388540669856,5.88164852287582,221
"222",2019,11,5.32213114754098,61,5.63068181818182,4.52352941176471,5.41428571428571,6.65555555555556,5.09134615384615,44,17,7,9,52,15716,9894,5822,1752,4189,11527,5.85879408246373,6.22952022235698,5.22877614565442,5.23424086757991,5.8057152064932,5.87808335212978,222
"223",2019,12,5.39212962962963,108,5.598,4.92424242424242,4.95,5.06666666666667,5.4328125,75,33,10,12,96,15824,9969,5855,1762,4201,11623,5.85560906218402,6.22476909218578,5.22705973014518,5.23262769580023,5.80360414187098,5.87440564398176,223
"224",2020,1,5.12420192307692,130,5.53392628205128,4.50961538461539,4.52631578947368,5.10714285714286,5.12626077586207,78,52,19,14,116,15954,10047,5907,1781,4215,11739,5.84964924470352,6.21940572608739,5.22074398510242,5.2250926445817,5.80129086595492,5.86701278217906,224
"225",2020,2,5.61247191011236,89,5.71869565217391,5.49883720930233,5.72,5.86,5.58113924050633,46,43,10,10,79,16043,10093,5950,1791,4225,11818,5.84833348189241,6.21712368275042,5.22275373445378,5.22785594639866,5.80142982248521,5.86510179810459,225
"226",2020,3,5.5251282051282,78,5.91098039215686,4.7962962962963,3.66666666666667,5.5,5.53111111111111,51,27,6,15,63,16121,10144,5977,1797,4240,11881,5.84676968240184,6.21558451597003,5.22082729128326,5.22264329437952,5.80036344339623,5.86333078444575,226
"227",2020,4,5.48923076923077,65,5.78888888888889,4.815,5.25,5.19166666666667,5.55660377358491,45,20,6,12,53,16186,10189,5997,1803,4252,11934,5.84533387186458,6.21370000294435,5.21947385692847,5.22273433166944,5.79864557855127,5.86196858136417,227
"228",2020,5,5.58897058823529,68,5.93295454545455,4.95833333333333,5.25,5.16666666666667,5.70849056603774,44,24,8,15,53,16254,10233,6021,1811,4267,11987,5.84426135412822,6.21249284960422,5.21843293805016,5.22285477636665,5.79642395125381,5.86128998498373,228
"229",2020,6,5.53352941176471,68,6.17756097560976,4.55555555555556,4.8,5.36363636363636,5.56631578947368,41,27,5,11,57,16322,10274,6048,1816,4278,12044,5.84296679634849,6.2123534485108,5.21547366402117,5.22169052863436,5.79531112669472,5.85989397625374,229
"230",2020,7,5.471875,64,6,4.74814814814815,4.28333333333333,6.18181818181818,5.32452830188679,37,27,6,11,53,16386,10311,6075,1822,4289,12097,5.84151739594776,6.21159143923965,5.2133966617284,5.21860043907794,5.79630240149219,5.85754840456312,230
"231",2020,8,5.09779411764706,68,5.45957446808511,4.28809523809524,3.36111111111111,5.29545454545455,5.05964912280702,47,21,9,11,57,16454,10358,6096,1831,4300,12154,5.8384437857056,6.20817912048658,5.21020910761155,5.20947023484435,5.7950211627907,5.85380640529867,231
"232",2020,9,5.36942857142857,70,5.68578947368421,4.99375,4.03333333333333,5.14285714285714,5.39460317460317,38,32,9,7,63,16524,10396,6128,1840,4307,12217,5.83645691418543,6.20626965467487,5.20907877284596,5.20371739130435,5.79396122591131,5.85143840959319,232
"233",2020,10,4.91803278688525,61,5.06944444444444,4.7,5.5625,6.57142857142857,4.7037037037037,36,25,8,7,54,16585,10432,6153,1848,4314,12271,5.8330789297558,6.20234656154141,5.20701035592394,5.20527056277056,5.79522276309689,5.84638766604189,233
"234",2020,11,5.48516483516484,91,5.65075757575758,5.048,4.61666666666667,5.01666666666667,5.55632911392405,66,25,6,12,79,16676,10498,6178,1854,4326,12350,5.83118038198609,6.19887877024195,5.20636690191001,5.20336569579288,5.79306310679612,5.84453223076923,234
"235",2020,12,5.21938053097345,113,5.58421875,4.74285714285714,4.43157894736842,5.06470588235294,5.24677083333333,64,49,19,17,96,16789,10562,6227,1873,4343,12446,5.82706260349038,6.19515426339708,5.20271956319255,5.19553657234383,5.79021206539259,5.83992150490117,235
"236",2021,1,5.35301075268817,93,5.66048387096774,4.73806451612903,5.125,6.41111111111111,5.23964285714286,62,31,8,9,84,16882,10624,6258,1881,4352,12530,5.82445113434427,6.19203401073042,5.20041782038991,5.19523657628921,5.79149609375,5.83589729050279,236
"237",2021,2,5.32737864197531,81,5.89457372093023,4.68555263157895,5.12364285714286,5.5456875,5.27364107692308,43,38,14,16,65,16963,10667,6296,1895,4368,12595,5.82207756411012,6.19083491140902,5.19731031130877,5.19470765171504,5.7905956959707,5.83299561095673,237
"238",2021,3,5.33275,80,5.67357142857143,4.5375,5.1125,6.0625,5.25166666666667,56,24,8,8,72,17043,10723,6320,1903,4376,12667,5.8197806559878,6.18813354471696,5.19480470253165,5.19436205990541,5.79109277879342,5.82969130180785,238
"239",2021,4,5.19642857142857,56,5.81578947368421,3.88888888888889,4.66666666666667,5.1,5.20588235294118,38,18,6,5,51,17099,10761,6338,1909,4381,12718,5.81773914965787,6.1868186971471,5.19109588513727,5.19270350969094,5.79030404017348,5.82718978770247,239
"240",2021,5,5.0440350877193,57,5.25702702702703,4.65,5.625,3.6,5.18288461538462,37,20,4,5,52,17156,10798,6358,1913,4386,12770,5.81516855444159,6.18363270976107,5.18939379050016,5.19360742289598,5.78780711354309,5.82456614878622,240
"241",2021,6,5.3796875,64,5.95,4.73333333333333,4.25,5.2,5.41296296296296,34,30,12,10,54,17220,10832,6388,1925,4396,12824,5.81355004181185,6.18289937223043,5.18725199123357,5.1877251948052,5.78646997270246,5.82283294759825,241
"242",2021,7,5.27068371794872,78,5.77637673913044,4.54375,4.76666666666667,5.29,5.26784308823529,46,32,9,10,68,17298,10878,6420,1934,4406,12892,5.81110215342814,6.1811803024453,5.1840445046729,5.18576577042399,5.78534316840672,5.8199056042507,242
"243",2021,8,5.106,70,5.5665,4.492,4.1875,4.77777777777778,5.1544262295082,40,30,8,9,61,17368,10918,6450,1942,4415,12953,5.80826030918931,6.17892831379373,5.18082569302326,5.18165345005149,5.7832892412231,5.81677163977457,243
"244",2021,9,5.18772942028986,69,5.63,4.4093332,4.81904714285714,4.85714285714286,5.22505370967742,44,25,7,7,62,17437,10962,6475,1949,4422,13015,5.80580480472558,6.17672498905309,5.17784695752896,5.18035111852232,5.78182315694256,5.81395285286208,244
"245",2021,10,5.1764406779661,59,5.66648648648649,4.35227272727273,3.96875,4,5.28537037037037,37,22,8,5,54,17496,10999,6497,1957,4427,13069,5.80368246342021,6.1750085762342,5.17505141603818,5.17539822687787,5.77981070702507,5.81176879485806,245
"246",2021,11,5.14415584415584,77,5.36938775510204,4.75,4.83333333333333,4.55555555555556,5.22205882352941,49,28,6,9,68,17573,11048,6525,1963,4436,13137,5.80079260114949,6.17143549330195,5.17322744061303,5.17435268976057,5.777326871055,5.80871632640633,246
"247",2021,12,5.36528989130435,92,5.61228070175439,4.96304771428571,4.79166666666667,5.18181818181818,5.39020580246914,57,35,12,11,81,17665,11105,6560,1975,4447,13218,5.79852448627229,6.16856545069788,5.17210605487805,5.17202750886076,5.77585383404542,5.80615169087608,247
"248",2022,1,5.27349161290323,155,5.731412,4.44090909090909,4.175,5.3695652173913,5.25675151515151,100,55,10,23,132,17820,11205,6615,1985,4470,13350,5.7939577020202,6.16466403659081,5.16602656387,5.16700470025189,5.77376331096197,5.80071941947566,248
"249",2022,2,5.17481927710843,83,5.5937037037037,4.3948275862069,3.60714285714286,4.225,5.22291139240506,54,29,7,4,79,17903,11259,6644,1992,4474,13429,5.79108731776797,6.16192561772804,5.16266040337147,5.16152325803213,5.77237863209656,5.79732029562886,249
"250",2022,3,5.47261904761905,84,5.68771929824561,5.01851851851852,4.85714285714286,6.35714285714286,5.39220779220779,57,27,7,7,77,17987,11316,6671,1999,4481,13506,5.78960005837549,6.15953698568399,5.16207700794484,5.16045739369685,5.77329212229413,5.79501068043832,250
"251",2022,4,5.21015254237288,59,5.61393023255814,4.125,4,5.1899,5.21428571428571,43,16,3,10,49,18046,11359,6687,2002,4491,13555,5.78770559957885,6.15747156703935,5.15959559144609,5.15871844655345,5.77199309730572,5.79291141645149,251
"252",2022,5,5.33269230769231,78,5.85612244897959,4.44827586206897,5,5.65625,5.29571428571429,49,29,9,8,70,18124,11408,6716,2011,4499,13625,5.78574736537188,6.15617720284011,5.15652407980941,5.15800812033814,5.77178728606357,5.79035700917431,252
"253",2022,6,5.04730769230769,65,5.57357142857143,4.43333333333333,5,4.76666666666667,5.11084905660377,35,30,5,12,53,18189,11443,6746,2016,4511,13678,5.78310848589807,6.15439522240671,5.15330799288468,5.15761623511905,5.76911350033252,5.78772402763562,253
"254",2022,7,5.44701492537313,67,5.78625,4.94444444444444,4.8,4.45,5.6219298245614,40,27,5,10,57,18256,11483,6773,2021,4521,13735,5.78187501369412,6.15311282156231,5.15247537575669,5.15673148441366,5.76619575315196,5.78703598471059,254
"255",2022,8,5.03877455882353,68,5.32024390243902,4.61135814814815,4.28571428571429,5.03,5.04046789473684,41,27,7,11,57,18324,11524,6800,2028,4532,13792,5.77911738266754,6.15014964682402,5.15032682205883,5.1537250147929,5.76440887025596,5.78395054524362,255
"256",2022,9,5.68582015873016,63,5.89301595238095,5.27142857142857,4.66666666666667,6.57142857142857,5.43278918367347,42,21,6,14,49,18387,11566,6821,2034,4546,13841,5.77879771523359,6.14921590869791,5.15069966133998,5.15228826450344,5.76689419269688,5.78270736146232,256
"257",2022,10,4.86121153846154,52,5.21665517241379,4.41304347826087,3.83333333333333,5.8,4.76134042553192,29,23,9,5,47,18439,11595,6844,2043,4551,13888,5.77621002169315,6.14688350150927,5.14822068819404,5.14647789035732,5.76693056471105,5.77925083453341,257
"258",2022,11,5.69030303030303,66,6.02585365853658,5.14,5.33333333333333,5.08,5.79928571428571,41,25,3,10,56,18505,11636,6869,2046,4561,13944,5.77590362550662,6.14645704709522,5.14819076867084,5.14675187194526,5.76542446831835,5.77933129589788,258
"259",2022,12,5.12684210526316,95,5.425,4.69871794871795,5,4.125,5.21896551724138,56,39,6,8,87,18600,11692,6908,2052,4569,14031,5.77258852634408,6.14300155661991,5.14565321221772,5.14632277290448,5.76255219960604,5.7758567165562,259
