"","year","month","avg_rating","no_ratings","avg_rating_owned","avg_rating_not_owned","avg_rating_prev_owned","avg_rating_comment","avg_rating_no_comment","no_ratings_owned","no_ratings_not_owned","no_ratings_prev_owned","no_ratings_comment","no_ratings_no_comment","cum_no_ratings","cum_no_ratings_owned","cum_no_ratings_not_owned","cum_no_ratings_prev_owned","cum_no_ratings_comment","cum_no_ratings_no_comment","cum_avg_rating","cum_avg_rating_owned","cum_avg_rating_not_owned","cum_avg_rating_prev_owned","cum_avg_rating_comment","cum_avg_rating_no_comment","month_after_release"
"1",2001,5,7,1,7,NA,NA,NA,7,1,0,0,0,1,1,1,0,0,0,1,7,7,NA,NA,NA,7,0
"2",2001,6,7.78333333333333,6,7.675,8,NA,8.4,7.16666666666667,4,2,0,3,3,7,5,2,0,3,4,7.67142857142857,7.54,8,NA,8.4,7.125,1
"3",2001,7,7,2,7,NA,NA,7,7,2,0,0,1,1,9,7,2,0,4,5,7.52222222222222,7.38571428571429,8,NA,8.05,7.1,2
"4",2001,8,6.66666666666667,3,7,6.5,NA,NA,6.66666666666667,1,2,0,0,3,12,8,4,0,4,8,7.30833333333333,7.3375,7.25,NA,8.05,6.9375,3
"5",2001,10,8,1,8,NA,NA,NA,8,1,0,0,0,1,13,9,4,0,4,9,7.36153846153846,7.41111111111111,7.25,NA,8.05,7.05555555555556,5
"6",2001,11,7.5,4,7.5,NA,NA,7.5,7.5,4,0,0,2,2,17,13,4,0,6,11,7.39411764705882,7.43846153846154,7.25,NA,7.86666666666667,7.13636363636364,6
"7",2002,1,7.5,4,7.66666666666667,7,NA,NA,7.5,3,1,0,0,4,21,16,5,0,6,15,7.41428571428571,7.48125,7.2,NA,7.86666666666667,7.23333333333333,8
"8",2002,2,7.5,2,7.5,NA,NA,6,9,2,0,0,1,1,23,18,5,0,7,16,7.42173913043478,7.48333333333333,7.2,NA,7.6,7.34375,9
"9",2002,4,7,2,7,NA,NA,NA,7,2,0,0,0,2,25,20,5,0,7,18,7.388,7.435,7.2,NA,7.6,7.30555555555556,11
"10",2002,6,7,3,8,5,NA,6.5,8,2,1,0,2,1,28,22,6,0,9,19,7.34642857142857,7.48636363636364,6.83333333333333,NA,7.35555555555556,7.34210526315789,13
"11",2002,7,9,1,NA,9,9,9,NA,0,1,1,1,0,29,22,7,1,10,19,7.40344827586207,7.48636363636364,7.14285714285714,9,7.52,7.34210526315789,14
"12",2002,8,7.83333333333333,6,8.2,6,NA,9,7.25,5,1,0,2,4,35,27,8,1,12,23,7.47714285714286,7.61851851851852,7,9,7.76666666666667,7.32608695652174,15
"13",2002,9,6.75,4,6.66666666666667,7,NA,NA,6.75,3,1,0,0,4,39,30,9,1,12,27,7.4025641025641,7.52333333333333,7,9,7.76666666666667,7.24074074074074,16
"14",2002,10,6.25,4,5,6.66666666666667,8,NA,6.25,1,3,1,0,4,43,31,12,2,12,31,7.2953488372093,7.44193548387097,6.91666666666667,8.5,7.76666666666667,7.11290322580645,17
"15",2002,11,7.33333333333333,3,7,8,NA,NA,7.33333333333333,2,1,0,0,3,46,33,13,2,12,34,7.29782608695652,7.41515151515152,7,8.5,7.76666666666667,7.13235294117647,18
"16",2002,12,8,1,8,NA,NA,NA,8,1,0,0,0,1,47,34,13,2,12,35,7.31276595744681,7.43235294117647,7,8.5,7.76666666666667,7.15714285714286,19
"17",2003,1,8.33333333333333,3,8.33333333333333,NA,NA,10,7.5,3,0,0,1,2,50,37,13,2,13,37,7.374,7.5054054054054,7,8.5,7.93846153846154,7.17567567567568,20
"18",2003,2,7.75,4,8.33333333333333,6,NA,9,7.33333333333333,3,1,0,1,3,54,40,14,2,14,40,7.40185185185185,7.5675,6.92857142857143,8.5,8.01428571428571,7.1875,21
"19",2003,3,7.25,4,9,6.66666666666667,6,7.66666666666667,6,1,3,1,3,1,58,41,17,3,17,41,7.39137931034483,7.60243902439024,6.88235294117647,7.66666666666667,7.95294117647059,7.15853658536585,22
"20",2003,4,9,1,9,NA,NA,9,NA,1,0,0,1,0,59,42,17,3,18,41,7.41864406779661,7.63571428571429,6.88235294117647,7.66666666666667,8.01111111111111,7.15853658536585,23
"21",2003,5,7.66666666666667,3,7.66666666666667,NA,NA,8.5,6,3,0,0,2,1,62,45,17,3,20,42,7.43064516129032,7.63777777777778,6.88235294117647,7.66666666666667,8.06,7.13095238095238,24
"22",2003,6,7.41666666666667,3,7.25,7.5,NA,7.5,7.25,1,2,0,2,1,65,46,19,3,22,43,7.43,7.62934782608696,6.94736842105263,7.66666666666667,8.00909090909091,7.13372093023256,25
"23",2003,7,7.3695652173913,23,7.52631578947368,6.625,NA,7.95454545454545,6.83333333333333,19,4,0,11,12,88,65,23,3,33,55,7.41420454545455,7.59923076923077,6.89130434782609,7.66666666666667,7.99090909090909,7.06818181818182,26
"24",2003,8,8.16666666666667,6,8.2,8,NA,8,8.2,5,1,0,1,5,94,70,24,3,34,60,7.46223404255319,7.64214285714286,6.9375,7.66666666666667,7.99117647058824,7.1625,27
"25",2003,9,7.93333333333333,6,7.72,9,9,7.66666666666667,8.2,5,1,1,3,3,100,75,25,4,37,63,7.4905,7.64733333333333,7.02,8,7.96486486486486,7.21190476190476,28
"26",2003,10,8,4,8,8,NA,8,8,2,2,0,1,3,104,77,27,4,38,66,7.51009615384615,7.65649350649351,7.09259259259259,8,7.96578947368421,7.24772727272727,29
"27",2003,11,7.625,4,8,7.25,NA,8,7.5,2,2,0,1,3,108,79,29,4,39,69,7.51435185185185,7.66518987341772,7.10344827586207,8,7.96666666666667,7.25869565217391,30
"28",2003,12,7,6,7,7,NA,6.75,7.5,4,2,0,4,2,114,83,31,4,43,71,7.48728070175439,7.63313253012048,7.09677419354839,8,7.85348837209302,7.26549295774648,31
"29",2004,1,5.33333333333333,3,7,4.5,NA,4.5,7,1,2,0,2,1,117,84,33,4,45,72,7.43205128205128,7.62559523809524,6.93939393939394,8,7.70444444444444,7.26180555555556,32
"30",2004,2,7.28571428571429,7,7.5,6,NA,6.5,7.6,6,1,0,2,5,124,90,34,4,47,77,7.42379032258065,7.61722222222222,6.91176470588235,8,7.6531914893617,7.28376623376623,33
"31",2004,3,7.66666666666667,6,7.66666666666667,NA,9,7.5,8,6,0,1,4,2,130,96,34,5,51,79,7.435,7.6203125,6.91176470588235,8.2,7.64117647058823,7.30189873417722,34
"32",2004,4,6.66666666666667,6,7.33333333333333,6,NA,6.33333333333333,7,3,3,0,3,3,136,99,37,5,54,82,7.40110294117647,7.61161616161616,6.83783783783784,8.2,7.56851851851852,7.29085365853659,35
"33",2004,5,8.16666666666667,3,8.16666666666667,NA,NA,8.25,8,3,0,0,2,1,139,102,37,5,56,83,7.41762589928058,7.62794117647059,6.83783783783784,8.2,7.59285714285714,7.29939759036145,36
"34",2004,6,7.65384615384615,13,7.68181818181818,7.5,NA,7.75,7.57142857142857,11,2,0,6,7,152,113,39,5,62,90,7.43782894736842,7.63318584070797,6.87179487179487,8.2,7.60806451612903,7.32055555555556,37
"35",2004,7,7.28571428571429,7,8.2,5,NA,7.33333333333333,7.25,5,2,0,3,4,159,118,41,5,65,94,7.4311320754717,7.65720338983051,6.78048780487805,8.2,7.59538461538462,7.31755319148936,38
"36",2004,8,7.92857142857143,7,7.92857142857143,NA,NA,7.5,8.25,7,0,0,3,4,166,125,41,5,68,98,7.45210843373494,7.6724,6.78048780487805,8.2,7.59117647058824,7.35561224489796,39
"37",2004,9,7.88461538461539,13,7.95833333333333,7,NA,7.9375,7.8,12,1,0,8,5,179,137,42,5,76,103,7.48351955307263,7.69744525547445,6.78571428571429,8.2,7.62763157894737,7.37718446601942,40
"38",2004,10,7.77777777777778,9,7.77777777777778,NA,NA,7.66666666666667,8,9,0,0,6,3,188,146,42,5,82,106,7.49760638297872,7.70239726027397,6.78571428571429,8.2,7.63048780487805,7.39481132075472,41
"39",2004,11,7.86666666666667,15,7.92307692307692,7.5,7,7.9375,7.78571428571429,13,2,1,8,7,203,159,44,6,90,113,7.52487684729064,7.72044025157233,6.81818181818182,8,7.65777777777778,7.41902654867257,42
"40",2004,12,7.66666666666667,9,8,5,NA,7.4,8,8,1,0,5,4,212,167,45,6,95,117,7.53089622641509,7.73383233532934,6.77777777777778,8,7.64421052631579,7.43888888888889,43
"41",2005,1,7.43478260869565,23,7.61111111111111,6.8,NA,6.71428571428571,7.75,18,5,0,7,16,235,185,50,6,102,133,7.52148936170213,7.72189189189189,6.78,8,7.58039215686275,7.47631578947368,44
"42",2005,2,7.18421052631579,19,7.6,5.625,5.625,8,6.70833333333333,15,4,4,7,12,254,200,54,10,109,145,7.49625984251969,7.71275,6.69444444444444,7.05,7.60733944954128,7.41275862068965,45
"43",2005,3,7.30769230769231,13,7.55555555555556,6.75,6,7.42857142857143,7.16666666666667,9,4,1,7,6,267,209,58,11,116,151,7.48707865168539,7.70598086124402,6.69827586206897,6.95454545454545,7.59655172413793,7.40298013245033,46
"44",2005,4,7.59090909090909,11,7.75,6,NA,8,7.25,10,1,0,5,6,278,219,59,11,121,157,7.49118705035971,7.70799086757991,6.6864406779661,6.95454545454545,7.61322314049587,7.39713375796178,47
"45",2005,5,7.43529411764706,17,7.37,7.52857142857143,7.25,7.49090909090909,7.33333333333333,10,7,2,11,6,295,229,66,13,132,163,7.48796610169492,7.69323144104804,6.77575757575758,7,7.6030303030303,7.39478527607362,48
"46",2005,6,7.40625,16,7.54166666666667,7,8,7.41666666666667,7.4,12,4,1,6,10,311,241,70,14,138,173,7.48376205787781,7.68568464730291,6.78857142857143,7.07142857142857,7.59492753623188,7.39508670520231,49
"47",2005,7,7.62941176470588,17,7.78571428571429,6.9,7,7.68888888888889,7.5625,14,3,1,9,8,328,255,73,15,147,181,7.49131097560976,7.69117647058824,6.79315068493151,7.06666666666667,7.60068027210884,7.4024861878453,50
"48",2005,8,7.80952380952381,21,7.9375,7.4,8,7.7,7.90909090909091,16,5,1,10,11,349,271,78,16,157,192,7.51045845272206,7.70571955719557,6.83205128205128,7.125,7.60700636942675,7.43151041666667,51
"49",2005,9,7.66666666666667,12,8,6.66666666666667,7.5,7.28571428571429,8.2,9,3,2,7,5,361,280,81,18,164,197,7.51565096952909,7.71517857142857,6.82592592592593,7.16666666666667,7.59329268292683,7.4510152284264,52
"50",2005,10,7.81764705882353,17,8.37692307692308,6,6,7.91538461538462,7.5,13,4,1,13,4,378,293,85,19,177,201,7.5292328042328,7.74453924914676,6.78705882352941,7.10526315789474,7.61694915254237,7.45199004975124,53
"51",2005,11,7.78947368421053,19,8,7.33333333333333,7.5,8.44444444444444,7.2,13,6,2,9,10,397,306,91,21,186,211,7.54168765743073,7.75539215686275,6.82307692307692,7.14285714285714,7.65698924731183,7.44004739336493,54
"52",2005,12,7.36538461538461,26,7.47826086956522,6.5,8.25,7.5,7.18181818181818,23,3,2,15,11,423,329,94,23,201,222,7.53085106382979,7.73601823708207,6.81276595744681,7.23913043478261,7.6452736318408,7.42725225225225,55
"53",2006,1,7.48148148148148,27,7.65909090909091,6.7,8,7.40909090909091,7.53125,22,5,1,11,16,450,351,99,24,212,238,7.52788888888889,7.73119658119658,6.80707070707071,7.27083333333333,7.63301886792453,7.43424369747899,56
"54",2006,2,7.68333333333333,18,7.75333333333333,7.33333333333333,NA,7.84545454545455,7.42857142857143,15,3,0,11,7,468,366,102,24,223,245,7.53386752136752,7.73210382513661,6.82254901960784,7.27083333333333,7.64349775784753,7.43408163265306,57
"55",2006,3,7.88888888888889,27,7.88636363636364,7.9,9,8.09375,7.59090909090909,22,5,1,16,11,495,388,107,25,239,256,7.55323232323232,7.74085051546392,6.87289719626168,7.34,7.67364016736402,7.4408203125,58
"56",2006,4,7.54583333333333,24,7.67222222222222,7.16666666666667,8,7.70833333333333,7.38333333333333,18,6,1,12,12,519,406,113,26,251,268,7.5528901734104,7.7378078817734,6.88849557522124,7.36538461538461,7.67529880478088,7.43824626865672,59
"57",2006,5,8.09523809523809,21,8,8.66666666666667,NA,8.27272727272727,7.9,18,3,0,11,10,540,424,116,26,262,278,7.57398148148148,7.74893867924528,6.93448275862069,7.36538461538461,7.70038167938931,7.45485611510791,60
"58",2006,6,7.61379310344828,29,7.84583333333333,6.5,NA,8.12857142857143,7.13333333333333,24,5,0,14,15,569,448,121,26,276,293,7.57601054481547,7.75412946428572,6.91652892561983,7.36538461538461,7.72210144927536,7.43839590443686,61
"59",2006,7,7.65384615384615,39,7.84375,6.78571428571429,7.5,8.03571428571429,7.44,32,7,2,14,25,608,480,128,28,290,318,7.58100328947368,7.76010416666667,6.909375,7.375,7.73724137931035,7.43852201257862,62
"60",2006,8,7.1304347826087,23,7.66666666666667,5.2,4,6.61111111111111,7.46428571428571,18,5,1,9,14,631,498,133,29,299,332,7.56458003169572,7.75672690763052,6.84511278195489,7.25862068965517,7.70334448160535,7.43960843373494,63
"61",2006,9,8,18,8.0625,7.5,NA,8.25,7.6875,16,2,0,10,8,649,514,135,29,309,340,7.576656394453,7.76624513618677,6.85481481481481,7.25862068965517,7.7210355987055,7.44544117647059,64
"62",2006,10,7.19444444444444,36,7.61904761904762,6.6,8.5,7.09090909090909,7.24,21,15,1,11,25,685,535,150,30,320,365,7.55656934306569,7.76046728971963,6.82933333333333,7.3,7.699375,7.4313698630137,65
"63",2006,11,7.68846153846154,26,7.99473684210526,6.85714285714286,NA,7.6,7.74375,19,7,0,10,16,711,554,157,30,330,381,7.56139240506329,7.76850180505415,6.83057324840764,7.3,7.69636363636364,7.44448818897638,66
"64",2006,12,7.56216216216216,37,7.61875,7.2,7.5,7.39375,7.69047619047619,32,5,2,16,21,748,586,162,32,346,402,7.56143048128342,7.76032423208191,6.84197530864198,7.3125,7.68236994219653,7.45733830845771,67
"65",2007,1,7.6936170212766,47,7.83157894736842,7.11111111111111,8,7.64285714285714,7.73461538461538,38,9,2,21,26,795,624,171,34,367,428,7.56924528301887,7.76466346153846,6.85614035087719,7.35294117647059,7.68010899182561,7.47418224299065,68
"66",2007,2,7.68076292682927,41,7.55530303030303,8.198285,6,8.02777777777778,7.40918608695652,33,8,1,18,23,836,657,179,35,385,451,7.57471444976077,7.75414764079148,6.91612446927374,7.31428571428571,7.69636363636364,7.47086758314856,69
"67",2007,3,7.34444444444444,27,7.65625,6.89090909090909,6.8,7.35714285714286,7.33076923076923,16,11,5,14,13,863,673,190,40,399,464,7.56751017381228,7.75182020802377,6.91466463157895,7.25,7.68446115288221,7.4669424137931,70
"68",2007,4,7.75714257142857,35,7.70357107142857,7.97142857142857,9,7.96153769230769,7.63636363636364,28,7,1,13,22,898,701,197,41,412,486,7.57490119153675,7.7498929957204,6.95221461928934,7.29268292682927,7.6932038592233,7.4746116872428,71
"69",2007,5,7.48235294117647,34,7.73809523809524,7.06923076923077,7.5,7.3,7.6875,21,13,2,18,16,932,722,210,43,430,502,7.57152496781116,7.74954984764543,6.95945847619048,7.30232558139535,7.6767441627907,7.48139697211155,72
"70",2007,6,7.5,29,7.73913043478261,6.58333333333333,NA,7.64285714285714,7.36666666666667,23,6,0,14,15,961,745,216,43,444,517,7.569366566077,7.74922817449665,6.94901055555556,7.30232558139535,7.67567565315315,7.47806823984526,73
"71",2007,7,7.43035714285714,28,7.69736842105263,6.86666666666667,5,7.55,7.29230769230769,19,9,1,15,13,989,764,225,44,459,530,7.56543101112235,7.74793846858639,6.9457168,7.25,7.67156860566449,7.4735118490566,74
"72",2007,8,7.33928571428571,28,7.38888888888889,7.25,9,7.63333333333333,7,18,10,1,15,13,1017,782,235,45,474,543,7.5592047885939,7.73967390025576,6.9586650212766,7.28888888888889,7.67035862869198,7.46217546961326,75
"73",2007,9,7.90609756097561,41,8.05810810810811,6.5,7,7.92058823529412,7.89583333333333,37,4,1,17,24,1058,819,239,46,491,567,7.57264770321361,7.75405981684982,6.95098861924686,7.28260869565217,7.67902238289206,7.48053135802469,76
"74",2007,10,7.76792452830189,53,7.91463414634146,7.26666666666667,7.925,7.52962962962963,8.01538461538462,41,12,4,27,26,1111,860,251,50,518,593,7.58196333933393,7.76171510465116,6.96608079681275,7.334,7.6712355019305,7.50398192242833,77
"75",2007,11,7.27058823529412,51,7.47586206896552,7,6.5,7.28125,7.26571428571429,29,22,6,16,35,1162,889,273,56,534,628,7.56829713425129,7.75239031496063,6.96881421245421,7.24464285714286,7.65955054307116,7.49070267515923,78
"76",2007,12,7.52071428571429,70,7.80094339622642,6.64705882352941,7.08333333333333,7.44516129032258,7.58076923076923,53,17,6,31,39,1232,942,290,62,565,667,7.56559356331169,7.75512207006369,6.94995268965517,7.22903225806452,7.64778759292035,7.49596893553223,79
"77",2008,1,7.52352941176471,68,7.54903846153846,7.440625,7.375,7.63970588235294,7.40735294117647,52,16,4,34,34,1300,994,306,66,599,701,7.56339328461539,7.7443410362173,6.97560875816994,7.23787878787879,7.64732886477463,7.49167087018545,80
"78",2008,2,7.45490196078431,51,7.72647058823529,6.91176470588235,6.9375,7.47931034482759,7.42272727272727,34,17,8,29,22,1351,1028,323,74,628,723,7.55929775721688,7.74374999027237,6.97224854489164,7.20540540540541,7.6395700477707,7.48957300138313,81
"79",2008,3,7.9537037037037,54,8.06818181818182,7.45,8.125,8.11111111111111,7.875,44,10,4,18,36,1405,1072,333,78,646,759,7.57445641992883,7.75706622201493,6.98659543543544,7.2525641025641,7.6527089628483,7.50785412384717,82
"80",2008,4,7.718,50,7.72380952380952,7.6875,7,7.81739130434783,7.63333333333333,42,8,1,23,27,1455,1114,341,79,669,786,7.57938918900344,7.75581237881508,7.00303894428153,7.2493670886076,7.65837068759342,7.5121644783715,83
"81",2008,5,7.69056603773585,53,7.67272727272727,7.77777777777778,NA,7.9952380952381,7.490625,44,9,0,21,32,1508,1158,350,79,690,818,7.58329659814324,7.75265543177893,7.0229608,7.2493670886076,7.66862317391304,7.51132185819071,84
"82",2008,6,7.59166666666667,48,7.8,6.8,7.33333333333333,7.80666666666667,7.23333333333333,38,10,3,30,18,1556,1196,360,82,720,836,7.58355480077121,7.75415969063545,7.01676744444445,7.25243902439024,7.67437498611111,7.50533645933014,85
"83",2008,7,7.43360655737705,61,7.79210526315789,6.84130434782609,6.82083333333333,7.3758064516129,7.49333333333333,38,23,12,31,30,1617,1234,383,94,751,866,7.57789812615956,7.75532819286872,7.00623049608355,7.19734042553192,7.66205058588548,7.50492064665127,86
"84",2008,8,7.56913793103448,58,7.9,7.1324,7.8,7.61363636363636,7.54194444444444,33,25,5,22,36,1675,1267,408,99,773,902,7.5775947880597,7.75909628255722,7.01396147058824,7.22777777777778,7.66067269081501,7.50639831485588,87
"85",2008,9,7.50384615384615,52,7.925,6.55625,7.08333333333333,7.32307692307692,7.68461538461538,36,16,12,26,26,1727,1303,424,111,799,928,7.57537421540243,7.76367996162702,6.99668933962264,7.21216216216216,7.64968709637046,7.51139146551724,88
"86",2008,10,7.30153846153846,52,7.79333333333333,6.44736842105263,6.75,7.63157894736842,7.11151515151515,33,19,6,19,33,1779,1336,443,117,818,961,7.56737002248454,7.76441241766467,6.97312930022573,7.18846153846154,7.64926649144254,7.49766002081166,89
"87",2008,11,7.41637931034483,58,7.73170731707317,6.65588235294118,6.66111111111111,7.56551724137931,7.26724137931035,41,17,9,29,29,1837,1377,460,126,847,990,7.56260275993468,7.76343862745098,6.96140495652174,7.15079365079365,7.64639904368359,7.49091038383838,90
"88",2008,12,7.28474576271186,59,7.525,6.77894736842105,6.55555555555556,7.404,7.19705882352941,40,19,9,25,34,1896,1417,479,135,872,1024,7.55395636603376,7.75670782639379,6.95416759916493,7.11111111111111,7.63944952981651,7.48115359375,91
"89",2009,1,7.5,73,7.66451612903226,6.57272727272727,6.63333333333333,7.53333333333333,7.46176470588235,62,11,6,39,34,1969,1479,490,141,911,1058,7.55195595226003,7.75284313049358,6.94560465306123,7.09078014184397,7.63490668496158,7.48053051039698,92
"90",2009,2,7.40094339622642,106,7.5546875,7.16666666666667,6.57142857142857,7.55,7.36190476190476,64,42,7,22,84,2075,1543,532,148,933,1142,7.54424157590361,7.74462410239793,6.96305691729323,7.06621621621622,7.63290459807074,7.4718049737303,93
"91",2009,3,7.29238095238095,105,7.4984375,6.97073170731707,7.25,7.57931034482759,7.18289473684211,64,41,16,29,76,2180,1607,573,164,962,1218,7.53211067431193,7.73481953329185,6.96360607329843,7.08414634146342,7.63128897089397,7.45377773399015,94
"92",2009,4,7.42375,88,7.69446428571429,6.95,6.5,7.50826086956522,7.39384615384615,56,32,7,23,65,2268,1663,605,171,985,1283,7.5279062037037,7.73346060733614,6.96288641322314,7.06023391812866,7.62841623350254,7.4507414497272,95
"93",2009,5,7.50114942528736,87,7.782,7.12162162162162,6.85714285714286,7.59677419354839,7.44821428571429,50,37,7,31,56,2355,1713,642,178,1016,1339,7.52691773673036,7.73487740221833,6.97203470404984,7.05224719101124,7.62745077755905,7.45063575802838,96
"94",2009,6,7.7365671641791,67,7.878125,7.37894736842105,7.75,7.9952380952381,7.61847826086957,48,19,6,21,46,2422,1761,661,184,1037,1385,7.53271728736581,7.73878193639977,6.98373113464448,7.075,7.6348987367406,7.45621031046931,97
"95",2009,7,7.44875,80,7.70588235294118,6.99655172413793,6.625,7.45652173913043,7.44561403508772,51,29,8,23,57,2502,1812,690,192,1060,1442,7.53003248201439,7.73785595474614,6.98426997101449,7.05625,7.63102829245283,7.45579145631068,98
"96",2009,8,7.18097826086957,92,7.60204081632653,6.70116279069767,6.85833333333333,7.47826086956522,7.08188405797101,49,43,12,23,69,2594,1861,733,204,1083,1511,7.51765276407093,7.7342799516389,6.96766204638472,7.04460784313726,7.62778392428439,7.43871692918597,99
"97",2009,9,7.46547619047619,84,7.86442307692308,6.8171875,7.015625,7.61111111111111,7.39649122807018,52,32,16,27,57,2678,1913,765,220,1110,1568,7.51601615758028,7.73781755880816,6.96136768627451,7.0425,7.62737836936937,7.43718193877551,100
"98",2009,10,7.08103448275862,87,7.30555555555556,6.71363636363636,7.32142857142857,6.97321428571429,7.13220338983051,54,33,7,28,59,2765,1967,798,227,1138,1627,7.50232957323689,7.72595068124047,6.95112315789474,7.0511013215859,7.61128294376098,7.42612248309773,101
"99",2009,11,7.50406976744186,86,7.85277777777778,6.915625,6.58,7.53620689655172,7.48771929824561,54,32,10,29,57,2851,2021,830,237,1167,1684,7.50238206594177,7.72933943097477,6.94975455421687,7.03122362869198,7.60941730077121,7.42820741092637,102
"100",2009,12,7.29223300970874,103,7.51636363636364,7.03541666666667,6.89761904761905,7.59285714285714,7.1375,55,48,21,35,68,2954,2076,878,258,1202,1752,7.49505459377116,7.72369700867052,6.95443767653758,7.0203488372093,7.60893509983361,7.41692424657534,103
"101",2010,1,7.52547169811321,106,7.72465753424658,7.08484848484848,7.65555555555556,7.50740740740741,7.53164556962025,73,33,9,27,79,3060,2149,911,267,1229,1831,7.49610825816993,7.72372963704048,6.95916166849616,7.04176029962547,7.60670462978031,7.4218739923539,104
"102",2010,2,7.59852941176471,68,7.835,7.26071428571429,7.38888888888889,7.8,7.526,40,28,9,18,50,3128,2189,939,276,1247,1881,7.49833480498721,7.72576290086798,6.96815365282215,7.05307971014493,7.60949477947073,7.42464182881446,105
"103",2010,3,7.60897727272727,88,7.81385964912281,7.23225806451613,7.7,7.73148148148148,7.55475409836066,57,31,5,27,61,3216,2246,970,281,1274,1942,7.501362335199,7.72799865983972,6.97659410309278,7.06459074733096,7.61208005494505,7.42872877445932,106
"104",2010,4,7.34921875,64,7.68648648648649,6.88703703703704,6.66666666666667,7.46388888888889,7.30434782608696,37,27,6,18,46,3280,2283,997,287,1292,1988,7.49839367987805,7.7273258826106,6.97416878635908,7.05627177700348,7.61001547213622,7.4258507444668,107
"105",2010,5,7.43666666666667,75,7.52596153846154,7.23478260869565,7.08,7.43392857142857,7.43829787234043,52,23,5,28,47,3355,2335,1020,292,1320,2035,7.49701379135618,7.72284153747323,6.98004537254902,7.05667808219178,7.60628029545455,7.42613822113022,108
"106",2010,6,7.39916666666667,60,7.66071428571429,6.78888888888889,2,6.5625,7.60833333333333,42,18,1,12,48,3415,2377,1038,293,1332,2083,7.49529466178624,7.72174379049222,6.97673052023121,7.03941979522184,7.59687686936937,7.43033666826692,109
"107",2010,7,7.36666666666667,57,7.74848484848485,6.84166666666667,6.96666666666667,7.57777777777778,7.26923076923077,33,24,9,18,39,3472,2410,1062,302,1350,2122,7.49318296947005,7.72210995435685,6.97367822975518,7.03725165562914,7.59662221481481,7.42737572101791,110
"108",2010,8,7.36521739130435,69,7.71176470588235,6.38333333333333,5,6.98529411764706,7.48942307692308,51,18,3,17,52,3541,2461,1080,305,1367,2174,7.49068942953968,7.72189556684275,6.96383914814815,7.0172131147541,7.58901974396489,7.42885983440662,111
"109",2010,9,7.41521739130435,46,7.67,6.9375,6.92857142857143,7.46428571428571,7.39375,30,16,7,14,32,3587,2491,1096,312,1381,2206,7.48972156955673,7.72127057005219,6.96345463503649,7.01522435897436,7.58775524257784,7.4283505349048,112
"110",2010,10,7.68716216216216,74,7.90980392156863,7.19347826086956,7.3125,7.67391304347826,7.69313725490196,51,23,8,23,51,3661,2542,1119,320,1404,2257,7.49371244741874,7.72505310385523,6.96818255585344,7.02265625,7.58916665954416,7.43433375276916,113
"111",2010,11,7.42183908045977,87,7.64354838709677,6.872,6.75,7.69,7.34179104477612,62,25,6,20,67,3748,2604,1144,326,1424,2324,7.49204409551761,7.72311251536098,6.96608066433566,7.01763803680982,7.59058285814607,7.43166578313253,114
"112",2010,12,7.36355140186916,107,7.62714285714286,6.86486486486486,6.5,7.53333333333333,7.27746478873239,70,37,7,36,71,3855,2674,1181,333,1460,2395,7.48847763164721,7.72060022064323,6.96290963590178,7.00675675675676,7.5891712260274,7.42709448016701,115
"113",2011,1,7.29,100,7.67903225806452,6.65526315789474,6.45,7.22727272727273,7.30769230769231,62,38,10,22,78,3955,2736,1219,343,1482,2473,7.48345923388116,7.71965825657895,6.95331934372436,6.99052478134111,7.58379891363023,7.4233284593611,116
"114",2011,2,7.45833333333333,60,7.87179487179487,6.69047619047619,6.625,7.625,7.375,39,21,8,20,40,4015,2775,1240,351,1502,2513,7.48308375342466,7.72179639279279,6.94886796774193,6.98219373219373,7.58434752996005,7.42255920413848,117
"115",2011,3,7.54276315789474,76,7.78981481481481,6.93636363636364,6.8125,7.52173913043478,7.55188679245283,54,22,8,23,53,4091,2829,1262,359,1525,2566,7.48419243950134,7.72309472958643,6.94864998415214,6.97841225626741,7.58340327213115,7.42523042868277,118
"116",2011,4,7.36319444444444,72,7.639,6.73636363636364,6.0625,7.28235294117647,7.38818181818182,50,22,8,17,55,4163,2879,1284,367,1542,2621,7.48209975258227,7.72163424452935,6.94501267912772,6.95844686648501,7.58008429961089,7.42445298740938,119
"117",2011,5,7.31149425287356,87,7.584,6.94324324324324,7.0625,7.35238095238095,7.29848484848485,50,37,16,21,66,4250,2929,1321,383,1563,2687,7.47860735764706,7.71928473540458,6.94496311884936,6.96279373368146,7.5770249456174,7.42135886862672,120
"118",2011,6,7.51969696969697,66,7.83260869565217,6.8,6.61111111111111,7.58846153846154,7.475,46,20,9,26,40,4316,2975,1341,392,1589,2727,7.479235697405,7.72103697142857,6.94280110365399,6.9547193877551,7.57721207677785,7.42214568390172,121
"119",2011,7,7.42702702702703,74,7.72,6.81666666666667,6.9,7.4925,7.40277777777778,50,24,5,20,54,4390,3025,1365,397,1609,2781,7.47835564236902,7.72101983140496,6.94058335531135,6.95403022670025,7.57615909881914,7.42176960805466,122
"120",2011,8,7.62066666666667,75,8.05,7.01129032258065,7.34090909090909,7.67105263157895,7.60357142857143,44,31,11,19,56,4465,3069,1396,408,1628,2837,7.48074608510638,7.72573639296188,6.94215349570201,6.96446078431373,7.57726657862408,7.4253582234755,123
"121",2011,9,7.44383561643836,73,7.67142857142857,6.97916666666667,6.46,7.48235294117647,7.43214285714286,49,24,5,17,56,4538,3118,1420,413,1645,2893,7.48015232921992,7.72488293457345,6.94277907042254,6.95835351089588,7.57628570820669,7.42548955409609,124
"122",2011,10,7.26153846153846,78,7.64318181818182,6.76764705882353,6.33333333333333,7.07045454545455,7.33660714285714,44,34,9,22,56,4616,3162,1454,422,1667,2949,7.47645824740035,7.72374604364327,6.93868382393398,6.94502369668246,7.5696100719856,7.42380172261784,125
"123",2011,11,7.3470297029703,101,7.84137931034483,6.68023255813953,6.35,7.55625,7.25,58,43,10,32,69,4717,3220,1497,432,1699,3018,7.47368693449226,7.72586490372671,6.93126004008016,6.93125,7.56935844025897,7.41982812458582,126
"124",2011,12,7.4489010989011,91,7.66967213114754,7,6.91666666666667,7.40892857142857,7.46666666666667,61,30,6,28,63,4808,3281,1527,438,1727,3081,7.47321781821964,7.72482017372752,6.93261053045187,6.9310502283105,7.56675737695425,7.420785874716,127
"125",2012,1,7.11875,96,7.47368421052632,6.6,6.71333333333333,7.4037037037037,7.00724637681159,57,39,15,27,69,4904,3338,1566,453,1754,3150,7.46627880709625,7.72053175254644,6.92432712643678,6.92384105960265,7.56424742873432,7.41172739047619,128
"126",2012,2,7.42906976744186,86,7.898,6.77777777777778,7.125,7.59666666666667,7.33928571428571,50,36,12,30,56,4990,3388,1602,465,1784,3206,7.46563752905812,7.72315082349469,6.92103388264669,6.92903225806452,7.56479259529148,7.41046203368684,129
"127",2012,3,7.3,74,7.73571428571429,6.728125,6.5,6.99473684210526,7.40545454545455,42,32,5,19,55,5064,3430,1634,470,1803,3261,7.46321707543444,7.72330466180758,6.91725598531212,6.92446808510638,7.55878535219079,7.41037757743024,130
"128",2012,4,7.26204819277108,83,7.90686274509804,6.234375,5.91666666666667,8.02,7.09485294117647,51,32,12,15,68,5147,3481,1666,482,1818,3329,7.45997304643482,7.72599396437805,6.90413942376951,6.899377593361,7.56259075357536,7.40393249624512,131
"129",2012,5,7.55789473684211,76,8.08191489361702,6.70862068965517,7.81,7.85882352941176,7.47118644067797,47,29,5,17,59,5223,3528,1695,487,1835,3388,7.46139790733295,7.73073554138322,6.90079426548672,6.90872689938398,7.56533514441417,7.40510368358914,132
"130",2012,6,7.21803278688525,61,7.475,6.848,5,7.43529411764706,7.13409090909091,36,25,3,17,44,5284,3564,1720,490,1852,3432,7.4585884311128,7.72815235409652,6.90002690697674,6.89704081632653,7.56414146328293,7.40162916083916,133
"131",2012,7,7.18876712328767,73,7.58,6.71454545454545,6.83333333333333,7.71875,7.04,40,33,12,16,57,5357,3604,1753,502,1868,3489,7.45491156804182,7.72650804384018,6.89653524244153,6.89551792828685,7.56546573340471,7.39572120378332,134
"132",2012,8,7.32179487179487,78,7.61979166666667,6.845,7,8.25909090909091,7.16791044776119,48,30,2,11,67,5435,3652,1783,504,1879,3556,7.45300115363386,7.72510541894852,6.89566813236119,6.89593253968254,7.56952633847791,7.39142893138358,135
"133",2012,9,7.3671875,64,7.68604651162791,6.71428571428571,6.72222222222222,7.24444444444444,7.41521739130435,43,21,9,18,46,5499,3695,1804,513,1897,3602,7.45200241316603,7.72465087686062,6.8935566962306,6.89288499025341,7.5664417448603,7.39173272626319,136
"134",2012,10,7.34634146341463,82,7.925,6.52941176470588,7.65,7.64761904761905,7.24262295081967,48,34,4,21,61,5581,3743,1838,517,1918,3663,7.45044996774772,7.72722014159765,6.886820609358,6.89874274661509,7.56733054744525,7.3892495986896,137
"135",2012,11,7.07443181818182,88,7.31770833333333,6.7825,7.18333333333333,7.3,7.03175675675676,48,40,12,14,74,5669,3791,1878,529,1932,3737,7.44461303051685,7.72203508045371,6.88459865814696,6.90519848771267,7.56539336956522,7.38217053251271,138
"136",2012,12,7.43154761904762,84,7.55526315789474,7.17037037037037,7,7.42105263157895,7.43461538461538,57,27,7,19,65,5753,3848,1905,536,1951,3802,7.44442226142882,7.71956470634096,6.88864896587926,6.90643656716418,7.56398769349052,7.38306714360863,139
"137",2013,1,7.34365079365079,126,7.57594936708861,6.9531914893617,6.975,7.19142857142857,7.4021978021978,79,47,8,35,91,5879,3927,1952,544,1986,3893,7.44226250552815,7.71667557677617,6.89020301229508,6.90744485294118,7.55742194864048,7.38351432828153,140
"138",2013,2,6.93636363636364,88,7.40612244897959,6.34615384615385,6.75,7.25384615384615,6.80322580645161,49,39,12,26,62,5967,3976,1991,556,2012,3955,7.43480162057986,7.71284833752515,6.87954609743847,6.90404676258993,7.55349900099403,7.374417517067,141
"139",2013,3,7.41375609756098,82,7.66666666666667,6.99767741935484,7.34285714285714,7.67616666666667,7.3051724137931,51,31,7,24,58,6049,4027,2022,563,2036,4013,7.43451632831873,7.71226346908369,6.88135721068249,6.9095026642984,7.55494498526522,7.37341671567406,142
"140",2013,4,7.17857142857143,56,7.73076923076923,6.7,6.6,7.9,7.02173913043478,26,30,5,10,46,6105,4053,2052,568,2046,4059,7.4321685945946,7.71238218356773,6.87870578947368,6.90677816901408,7.55663147116324,7.36943120965755,143
"141",2013,5,7.42397260273973,73,7.77948717948718,7.01617647058824,7.08333333333333,7.45294117647059,7.41517857142857,39,34,9,17,56,6178,4092,2086,577,2063,4115,7.4320717497572,7.71302174731183,6.88094644295302,6.90953206239168,7.55577701890451,7.37005377399757,144
"142",2013,6,7.45454545454545,88,7.805,6.70357142857143,6.58333333333333,7.67142857142857,7.35333333333333,60,28,6,28,60,6266,4152,2114,583,2091,4175,7.43238737152889,7.7143509128131,6.87859710501419,6.90617495711835,7.55732567670971,7.36981348023952,145
"143",2013,7,7.796,75,8.004,7.38,7.64166666666667,8.21428571428571,7.63333333333333,50,25,12,21,54,6341,4202,2139,595,2112,4229,7.43668810439994,7.7177974750119,6.88445735390369,6.92100840336134,7.5638579498106,7.37317835895011,146
"144",2013,8,7.3,85,7.69310344827586,6.45555555555556,6.21428571428571,7.15789473684211,7.34090909090909,58,27,14,19,66,6426,4260,2166,609,2131,4295,7.43488006069094,7.71746126525822,6.87911093259464,6.90476190476191,7.56023838104176,7.37268248661234,147
"145",2013,9,7.20069444444444,72,7.57604166666667,6.45,6.2,6.95714285714286,7.30098039215686,48,24,10,21,51,6498,4308,2190,619,2152,4346,7.4322852062173,7.71588555942433,6.87440834703196,6.89337641357027,7.55435315520446,7.37184106764841,148
"146",2013,10,7.42736486486486,74,7.71833333333333,6.97586206896552,7,7.25227272727273,7.50144230769231,45,29,7,22,52,6572,4353,2219,626,2174,4398,7.43222980371272,7.71591086377211,6.87573424064894,6.89456869009585,7.55129622355106,7.37337341518872,149
"147",2013,11,7.19976470588235,85,7.55964912280702,6.46714285714286,7.075,7.33157894736842,7.16181818181818,57,28,10,19,66,6657,4410,2247,636,2193,4464,7.42926156977618,7.71389115419501,6.87064275923453,6.89740566037736,7.54939260829913,7.37024558243727,150
"148",2013,12,7.41962025316456,79,7.65,6.95,6.77272727272727,7.45238095238095,7.40775862068966,53,26,11,21,58,6736,4463,2273,647,2214,4522,7.42914849614014,7.71313241989693,6.87155049714034,6.89528593508501,7.5484724435411,7.37072673153472,151
"149",2014,1,7.24077669902913,103,7.51857142857143,6.65151515151515,6.46428571428571,7.625,7.14819277108434,70,33,14,20,83,6839,4533,2306,661,2234,4605,7.42631148852172,7.71012794837856,6.86840168256721,6.88615733736763,7.54915756042972,7.36671580456026,152
"150",2014,2,7.43225806451613,93,7.79426229508197,6.7421875,6.65,7.94444444444444,7.30933333333333,61,32,10,18,75,6932,4594,2338,671,2252,4680,7.42639126803232,7.71124510013061,6.86667420017109,6.88263785394933,7.55231704706927,7.36579621367521,153
"151",2014,3,7.47411764705882,85,7.61315789473684,7.19107142857143,6.95454545454545,7.97647058823529,7.34852941176471,57,28,11,17,68,7017,4651,2366,682,2269,4748,7.42696939860339,7.71004299935498,6.87051322062553,6.88379765395894,7.55549492728074,7.36554892165122,154
"152",2014,4,7.17282608695652,92,7.57211538461539,6.65375,6.89285714285714,7.43518518518519,7.06384615384615,52,40,14,27,65,7109,4703,2406,696,2296,4813,7.4236804431003,7.70851796512864,6.86690950955943,6.88397988505747,7.55408013501742,7.36147439850405,155
"153",2014,5,7.5943661971831,71,7.98888888888889,6.91153846153846,6.87857142857143,7.94,7.53770491803279,45,26,14,10,61,7180,4748,2432,710,2306,4874,7.42536828272981,7.71117522957035,6.86738662828947,6.88387323943662,7.55575368169991,7.36367999179319,156
"154",2014,6,7.53441558441558,77,7.74375,7.18793103448276,7.14166666666667,7.70263157894737,7.47931034482759,48,29,6,19,58,7257,4796,2461,716,2325,4932,7.42652532313628,7.71150124895747,6.8711638683462,6.88603351955307,7.55695397419355,7.3650397972425,157
"155",2014,7,7.29556962025316,79,7.66759259259259,6.492,7.16666666666667,7.4804347826087,7.21964285714286,54,25,9,23,56,7336,4850,2486,725,2348,4988,7.42511508587786,7.71101236907217,6.8673508769107,6.88951724137931,7.55620442504259,7.36340743384122,158
"156",2014,8,7.17074074074074,81,7.61188679245283,6.33571428571429,6.72727272727273,7.06,7.21465517241379,53,28,11,23,58,7417,4903,2514,736,2371,5046,7.42233709990562,7.7099408504997,6.86142970564837,6.88709239130435,7.55139097005483,7.36169763773286,159
"157",2014,9,7.45202702702703,74,7.72906976744186,7.06774193548387,7,7.7,7.3780701754386,43,31,8,17,57,7491,4946,2545,744,2388,5103,7.42263039247097,7.71010715527699,6.86394274263261,6.8883064516129,7.55244890703517,7.36188051734274,160
"158",2014,10,7.48465909090909,88,7.92264150943396,6.82142857142857,6.82692307692308,7.93684210526316,7.36014492753623,53,35,13,19,69,7579,4999,2580,757,2407,5172,7.4233506095791,7.71236047009402,6.863366,6.88725231175694,7.55548316992106,7.36185736272235,161
"159",2014,11,7.29404761904762,84,7.73333333333333,6.19583333333333,6.84,7.63333333333333,7.22028985507246,60,24,5,15,69,7663,5059,2604,762,2422,5241,7.42193322067076,7.71260920932991,6.85721362519201,6.88694225721785,7.55596531379025,7.35999356611334,162
"160",2014,12,7.521875,96,7.69344262295082,7.22285714285714,7.04545454545455,7.39615384615385,7.56857142857143,61,35,11,26,70,7759,5120,2639,773,2448,5311,7.42316977316665,7.71238085742188,6.86206300871542,6.8891979301423,7.55426796977124,7.36274266239879,163
"161",2015,1,7.52557894736842,95,7.67434782608696,7.13076923076923,6.76666666666667,7.8632,7.405,69,26,12,25,70,7854,5189,2665,785,2473,5381,7.4244084886682,7.71187511851995,6.86468453283302,6.88732484076433,7.55739101900526,7.36329237688162,164
"162",2015,2,7.166625,80,7.56788461538462,6.42142857142857,7.46428571428571,7.73214285714286,7.04666666666667,52,28,7,14,66,7934,5241,2693,792,2487,5447,7.42180920973028,7.71044647777142,6.86007585592276,6.89242424242424,7.55837474467229,7.35945589865981,165
"163",2015,3,7.57829545454545,88,7.82606557377049,7.01851851851852,5.83333333333333,7.721875,7.54638888888889,61,27,6,16,72,8022,5302,2720,798,2503,5519,7.42352583769634,7.71177668615617,6.86164863235294,6.88446115288221,7.55941989212944,7.36189459684725,166
"164",2015,4,7.58858695652174,92,7.96692307692308,6.67777777777778,6.51666666666667,7.44,7.64402985074627,65,27,6,25,67,8114,5367,2747,804,2528,5586,7.42539737121025,7.71486677659773,6.85984138332727,6.88171641791045,7.55823892009493,7.36527860365199,167
"165",2015,5,7.17682352941176,85,7.59018867924528,6.4921875,6.8,7.06136363636364,7.21714285714286,53,32,10,22,63,8199,5420,2779,814,2550,5649,7.42282037687523,7.713647599631,6.85560787333573,6.88071253071253,7.55395215294117,7.36362653212958,168
"166",2015,6,7.19646341463415,82,7.54369565217391,6.75277777777778,7.15625,7.34590909090909,7.14166666666667,46,36,16,22,60,8281,5466,2815,830,2572,5709,7.42057894819466,7.712217341749,6.85429281705151,6.88602409638554,7.55217262441679,7.36129379576108,169
"167",2015,7,7.26547619047619,84,7.60535714285714,6.58571428571429,6.99090909090909,7.224,7.28305084745763,56,28,11,25,59,8365,5522,2843,841,2597,5768,7.41902143096234,7.71113364541833,6.85164765388674,6.88739595719382,7.54901347323835,7.36049346047157,170
"168",2015,8,7.45740740740741,81,7.71442307692308,6.99655172413793,7.33333333333333,7.7,7.38809523809524,52,29,12,18,63,8446,5574,2872,853,2615,5831,7.41938956547478,7.71116433261572,6.85311082172702,6.8936694021102,7.55005276864244,7.3607916789573,171
"169",2015,9,7.29036585365854,82,7.75854166666667,6.62941176470588,6.39285714285714,7,7.37793650793651,48,34,14,19,63,8528,5622,2906,867,2634,5894,7.41814895286116,7.71156883493419,6.85049355815554,6.88558246828143,7.54608503796507,7.36097493722429,172
"170",2015,10,7.52886597938144,97,7.71803278688525,7.20833333333333,7.46153846153846,7.47,7.54415584415584,61,36,13,20,77,8625,5683,2942,880,2654,5971,7.41939411826087,7.71163821749076,6.85487229095853,6.89409090909091,7.54551167671439,7.36333717635237,173
"171",2015,11,7.48489583333333,96,7.86171875,6.73125,6.86363636363636,7.786,7.37887323943662,64,32,11,25,71,8721,5747,2974,891,2679,6042,7.42011515537209,7.71330955107013,6.85354212508406,6.89371492704826,7.54775587532661,7.36351974180735,174
"172",2015,12,7.31333333333333,117,7.51414634146341,6.84285714285714,6.8925,7.34047619047619,7.30739583333333,82,35,12,21,96,8838,5829,3009,903,2700,6138,7.41870154673003,7.71050780408304,6.85341783981389,6.89369878183832,7.5461437,7.36264194851743,175
"173",2016,1,7.36333333333333,135,7.86369047619048,6.53921568627451,6.61764705882353,7.04545454545455,7.42522123893805,84,51,17,22,113,8973,5913,3060,920,2722,6251,7.41786852446228,7.71268391510232,6.8481811372549,6.88859782608696,7.54209698383541,7.36377320108783,176
"174",2016,2,7.38207547169811,106,7.6,7.06279069767442,6.93333333333333,7.53076923076923,7.36129032258065,63,43,15,13,93,9079,5976,3103,935,2735,6344,7.41745063002534,7.71149598226239,6.85115510151467,6.88931550802139,7.54204314076782,7.36373680327869,177
"175",2016,3,7.407,100,7.927,6.887,6.98611111111111,7.20833333333333,7.46973684210526,50,50,18,24,76,9179,6026,3153,953,2759,6420,7.41733677633729,7.71328410056423,6.85172352679987,6.89114375655824,7.53914026458862,7.36499163239875,178
"176",2016,4,7.25166666666667,108,7.55705882352941,6.7325,6.72222222222222,7.59090909090909,7.16488372093023,68,40,18,22,86,9287,6094,3193,971,2781,6506,7.41541017228384,7.7115408582212,6.85022996554964,6.88801235839341,7.53954979863358,7.36234649246849,179
"177",2016,5,7.46084905660377,106,7.67866666666667,6.93387096774194,6.875,7.66538461538462,7.43225806451613,75,31,2,13,93,9393,6169,3224,973,2794,6599,7.4159229500692,7.71114118819906,6.85103420595534,6.88798561151079,7.54013528632785,7.36333175935748,180
"178",2016,6,7.65260416666667,96,7.80492957746479,7.22,7.05555555555556,7.86666666666667,7.61296296296296,71,25,9,15,81,9489,6240,3249,982,2809,6680,7.41831744862473,7.71220833173077,6.85387327793167,6.88952138492872,7.54187895692417,7.3663587245509,181
"179",2016,7,7.52518181818182,110,7.96953125,6.90695652173913,6.74230769230769,7.9375,7.41011627906977,64,46,13,24,86,9599,6304,3295,995,2833,6766,7.41954206375664,7.71482074714467,6.85461434901366,6.88759798994975,7.54523049417578,7.36691490984333,182
"180",2016,8,7.38858267716535,127,7.825,6.69387755102041,6.89090909090909,7.75,7.34017857142857,78,49,11,15,112,9726,6382,3344,1006,2848,6878,7.41913780279663,7.71616734409277,6.85225905502393,6.88763419483101,7.54630898525281,7.36647954056412,183
"181",2016,9,7.18434343434343,99,7.77894736842105,6.37738095238095,6.43823529411765,7.36666666666667,7.126,57,42,17,24,75,9825,6439,3386,1023,2872,6953,7.41677193587787,7.71672309209505,6.84636865918488,6.88016617790811,7.544807795961,7.36388555731339,184
"182",2016,10,7.63307407407407,108,7.75758536585366,7.24038461538461,6.90714285714286,7.50454545454545,7.66595348837209,82,26,7,22,86,9933,6521,3412,1030,2894,7039,7.41912375616632,7.71723692531821,6.84937112543963,6.88034951456311,7.54450172425708,7.36757611592556,185
"183",2016,11,7.42820512820513,117,7.9051948051948,6.51,6.95,7.7375,7.34838709677419,77,40,10,24,93,10050,6598,3452,1040,2918,7132,7.41922947960199,7.71943043194908,6.84543866743917,6.88101923076923,7.54608909869774,7.36732589455973,186
"184",2016,12,7.11176470588235,119,7.41805555555556,6.64255319148936,6.53333333333333,7.08695652173913,7.11770833333333,72,47,9,23,96,10169,6670,3499,1049,2941,7228,7.41563145540368,7.71617720989506,6.84271342669334,6.87803622497617,7.54249846650799,7.36401055340343,187
"185",2017,1,7.31006060606061,165,7.62334693877551,6.85182089552239,6.4625,7.01961538461538,7.36438848920863,98,67,16,26,139,10334,6768,3566,1065,2967,7367,7.4139458360751,7.71483303634752,6.84288454290522,6.87179342723005,7.53791641051567,7.36401768426768,188
"186",2017,2,7.475,120,7.88271604938272,6.62820512820513,7.09090909090909,7.96521739130435,7.35876288659794,81,39,11,23,97,10454,6849,3605,1076,2990,7464,7.41464666826096,7.71681851219157,6.84056207489598,6.87403345724907,7.54120334113712,7.36394939442658,189
"187",2017,3,7.31673469387755,98,7.76408450704225,6.14037037037037,6.25,7.61590909090909,7.23013157894737,71,27,8,22,76,10552,6920,3632,1084,3012,7540,7.41373732657317,7.71730346676301,6.83535690528635,6.86942804428044,7.54174900066401,7.36260056763926,190
"188",2017,4,7.61877192982456,114,7.8251724137931,6.9537037037037,6.71875,7.60652173913043,7.62186813186813,87,27,8,23,91,10666,7007,3659,1092,3035,7631,7.41592877086068,7.7186427843585,6.83623019404209,6.86832417582418,7.54223986490939,7.36569234438474,191
"189",2017,5,7.446875,96,7.72372881355932,7.00540540540541,6.84545454545455,7.57863636363636,7.4077027027027,59,37,11,22,74,10762,7066,3696,1103,3057,7705,7.41620481973611,7.71868525191056,6.83792377705628,6.86809610154125,7.54250179587831,7.3660958182998,192
"190",2017,6,7.57368421052632,76,7.776,7.18461538461538,7.8125,7.41666666666667,7.603125,50,26,8,12,64,10838,7116,3722,1111,3069,7769,7.41730912253184,7.71908796936482,6.84034558839334,6.87489648964897,7.54200977191267,7.36804843351783,193
"191",2017,7,7.29216867469879,83,7.98673469387755,6.29117647058824,7.05,7.98666666666667,7.13897058823529,49,34,10,15,68,10921,7165,3756,1121,3084,7837,7.41635805054482,7.7209183517097,6.83537440894569,6.8764585191793,7.5441725,7.36606077325507,194
"192",2017,8,7.43103448275862,87,7.77017543859649,6.78666666666667,6.42857142857143,7.65625,7.38028169014085,57,30,7,16,71,11008,7222,3786,1128,3100,7908,7.41647404342297,7.72130711575741,6.83498845219229,6.87367907801418,7.54475096451613,7.3661884522003,195
"193",2017,9,7.41969696969697,66,7.77959183673469,6.38235294117647,5.8,7.76666666666667,7.34259259259259,49,17,9,12,54,11074,7271,3803,1137,3112,7962,7.41649325176088,7.72169990235181,6.83296510123587,6.86518029903254,7.54560668059126,7.36602841999497,196
"194",2017,10,7.27835051546392,97,7.64385964912281,6.7575,6.58333333333333,7.9125,7.15308641975309,57,40,12,16,81,11171,7328,3843,1149,3128,8043,7.41529373108943,7.72109443094979,6.83217962008847,6.86223672758921,7.54748337276215,7.36388390898918,197
"195",2017,11,7.38741573033708,89,7.73241379310345,6.74193548387097,6.6875,7.95652173913043,7.18909090909091,58,31,8,23,66,11260,7386,3874,1157,3151,8109,7.41507338099467,7.7211833184403,6.83145748064017,6.86102852203976,7.55046905426848,7.36246125046245,198
"196",2017,12,7.17338147058824,102,7.48957474576271,6.73953488372093,6.94444444444444,7.45882352941176,7.11629305882353,59,43,9,17,85,11362,7445,3917,1166,3168,8194,7.41290364196445,7.7193478710544,6.83044837375543,6.86167238421955,7.54997726957071,7.35990763851599,199
"197",2018,1,7.27231343283582,134,7.59080808080808,6.37142857142857,6.66666666666667,7.76842105263158,7.19034782608696,99,35,9,19,115,11496,7544,3952,1175,3187,8309,7.41126489039666,7.7176610418876,6.8263831680162,6.86017872340426,7.55127957012865,7.3575608605127,200
"198",2018,2,7.30087719298246,114,7.52763157894737,6.84736842105263,6.78571428571429,7.47826086956522,7.25604395604396,76,38,7,23,91,11610,7620,3990,1182,3210,8400,7.41018098018949,7.71576573490814,6.82658302756892,6.85973773265651,7.55075638317757,7.35646109404762,201
"199",2018,3,7.32752293577982,109,7.78181818181818,6.63023255813953,6.29166666666667,7.58333333333333,7.25529411764706,66,43,12,24,85,11719,7686,4033,1194,3234,8485,7.40941216656712,7.71633293000261,6.82448953136623,6.85402847571189,7.55099814162028,7.35544763582793,202
"200",2018,4,7.35879120879121,91,7.76696428571429,6.70571428571429,6.7,7.37647058823529,7.35472972972973,56,35,9,17,74,11810,7742,4068,1203,3251,8559,7.40902211515665,7.71669916042367,6.82346762045231,6.85287614297589,7.55008550907413,7.35544142890524,203
"201",2018,5,7.44310810810811,74,7.76844444444444,6.93827586206897,7.6025,7.56357142857143,7.415,45,29,4,14,60,11884,7787,4097,1207,3265,8619,7.40923436385056,7.71699818928985,6.82428027337076,6.8553603976802,7.55014333537519,7.35585603782341,204
"202",2018,6,7.64740739130435,69,7.84523145833333,7.1952380952381,7.43333333333333,8.17066666666667,7.50205759259259,48,21,6,15,54,11953,7835,4118,1213,3280,8673,7.41060924370451,7.71778379195916,6.82617199611462,6.85821929101402,7.55298109451219,7.35676632076559,205
"203",2018,7,7.51493506493506,77,7.8843137254902,6.79038461538462,5.5625,7.65909090909091,7.49090909090909,51,26,4,11,66,12030,7886,4144,1217,3291,8739,7.41127699833749,7.71886076718235,6.82594746138996,6.85396055875103,7.55333576116682,7.35777941412061,206
"204",2018,8,7.45882352941176,85,7.856,6.89142857142857,6.67,7.49333333333333,7.45142857142857,50,35,10,15,70,12115,7936,4179,1227,3306,8809,7.41161058935204,7.71972479964718,6.82649587939699,6.85246128769356,7.55306351784634,7.35852358951073,207
"205",2018,9,7.25882352941176,68,7.78285714285714,6.7030303030303,6,7.03636363636364,7.30175438596491,35,33,4,11,57,12183,7971,4212,1231,3317,8866,7.41075780103423,7.72000200853093,6.82552855650522,6.84969130787977,7.55135001205909,7.35815861718926,208
"206",2018,10,7.32835051546392,97,7.66796875,6.66969696969697,6.51666666666667,7.84705882352941,7.218125,64,33,12,17,80,12280,8035,4245,1243,3334,8946,7.41010686400652,7.71958755569384,6.82431714487633,6.84647626709574,7.55285782543491,7.35690636038453,209
"207",2018,11,7.53025510204082,98,7.72335820895522,7.11290322580645,6.625,7.5,7.53294444444444,67,31,4,8,90,12378,8102,4276,1247,3342,9036,7.41105811035709,7.71961873734881,6.82640932647334,6.84576583801123,7.55273129563136,7.35865972775564,210
"208",2018,12,7.68783505154639,97,7.96403225806452,7.19857142857143,6.875,7.58666666666667,7.70634146341463,62,35,10,15,82,12475,8164,4311,1257,3357,9118,7.41321020360722,7.72147489098481,6.82943082347483,6.8459984089101,7.55288292820971,7.36178649923228,211
"209",2019,1,7.22915966386555,119,7.49109756097561,6.64864864864865,6.45454545454545,7.56157894736842,7.166,82,37,11,19,100,12594,8246,4348,1268,3376,9218,7.41147112037478,7.71918396919719,6.82789242870285,6.84260252365931,7.55293186907583,7.35966254068127,212
"210",2019,2,7.29367816091954,87,7.67685185185185,6.66666666666667,6,7.31818181818182,7.29013157894737,54,33,8,11,76,12681,8300,4381,1276,3387,9294,7.41066298320322,7.71890855542169,6.82667799132618,6.8373197492163,7.55216946855624,7.35909396384764,213
"211",2019,3,7.41755319148936,94,7.87258064516129,6.5359375,6.72916666666667,7.70588235294118,7.3538961038961,62,32,12,17,77,12775,8362,4413,1288,3404,9371,7.41071368219178,7.72004795623057,6.82456974393837,6.83631211180124,7.55293712984724,7.35905125386831,214
"212",2019,4,7.22352941176471,68,7.54651162790698,6.668,5.41666666666667,7.61111111111111,7.16440677966102,43,25,6,9,59,12843,8405,4438,1294,3413,9430,7.40972259518804,7.71916014396193,6.82368776025237,6.82972952086554,7.5530905332552,7.35783343584305,215
"213",2019,5,7.30865853658537,82,7.68058823529412,6.69677419354839,6.72,7.56916666666667,7.264,51,31,5,12,70,12925,8456,4469,1299,3425,9500,7.40908141508704,7.71892750827815,6.82280740210338,6.82930715935335,7.55314685839416,7.35714203157894,216
"214",2019,6,7.66724637681159,69,7.90088888888889,7.22916666666667,6.75,7.52941176470588,7.71230769230769,45,24,8,17,52,12994,8501,4493,1307,3442,9552,7.4104523079883,7.71989071991531,6.82497802804362,6.82882172915073,7.55302963102847,7.35907551298157,217
"215",2019,7,7.37611111111111,90,7.61120689655172,6.95,6.125,7.53,7.356875,58,32,8,10,80,13084,8559,4525,1315,3452,9632,7.4102160875879,7.71915422479262,6.82586216132597,6.82453992395437,7.55296291714948,7.35905723629568,218
"216",2019,8,7.63839285714286,112,8.05072463768116,6.97674418604651,7.0625,8.075,7.54347826086957,69,43,8,20,92,13196,8628,4568,1323,3472,9724,7.41215271976357,7.72180586578582,6.82728246059545,6.82597883597884,7.55597004320276,7.36080206705059,219
"217",2019,9,7.04536082474227,97,7.49298245614035,6.4075,5.97777777777778,6.95,7.06144578313253,57,40,9,14,83,13293,8685,4608,1332,3486,9807,7.40947621229218,7.72030408865861,6.823638515625,6.82024774774775,7.55353642857143,7.35826851228714,220
"218",2019,10,7.36025641025641,78,7.64615384615385,6.78846153846154,7,7.57647058823529,7.3,52,26,3,17,61,13371,8737,4634,1335,3503,9868,7.40918908757759,7.71986276868491,6.82344114803626,6.82065168539326,7.553647727662,7.35790831982164,221
"219",2019,11,7.389475,80,7.62466666666667,6.97586206896552,6.22222222222222,7.89166666666667,7.30085294117647,51,29,9,12,68,13451,8788,4663,1344,3515,9936,7.40907183778158,7.71931031065089,6.82438907999142,6.8166443452381,7.55480170412518,7.3575178442029,222
"220",2019,12,7.50693693693694,111,7.75155844155844,6.95294117647059,7.18181818181818,7.6452380952381,7.47466666666667,77,34,11,21,90,13562,8865,4697,1355,3536,10026,7.40987282775402,7.71959041285956,6.82531962529274,6.81960885608856,7.55533879807692,7.35856944943148,223
"221",2020,1,7.43133333333333,150,7.71663366336634,6.84326530612245,6.725,7.71538461538462,7.37177419354839,101,49,20,26,124,13712,8966,4746,1375,3562,10150,7.41010759116103,7.71955710573277,6.82550490518331,6.81823272727273,7.5565070157215,7.3587307684729,224
"222",2020,2,7.21990740740741,108,7.52027027027027,6.56617647058824,5.89583333333333,7.27777777777778,7.20833333333333,74,34,12,18,90,13820,9040,4780,1387,3580,10240,7.40862122214182,7.71792577544248,6.82366030962343,6.81025234318674,7.55510558379888,7.35740891601562,225
"223",2020,3,7.42302631578947,76,7.44351851851852,7.37272727272727,7.5,7.54444444444444,7.38534482758621,54,22,3,18,58,13896,9094,4802,1390,3598,10298,7.40870000647668,7.71629635034089,6.826175818409,6.81174100719425,7.55505224847137,7.35756625558361,226
"224",2020,4,7.23813186813187,91,7.88,6.30135135135135,6.05,7.1,7.26539473684211,54,37,12,15,76,13987,9148,4839,1402,3613,10374,7.40759028312004,7.71726268146043,6.82216290142591,6.80522111269615,7.55316301965126,7.35689100636206,227
"225",2020,5,7.43355263157895,76,7.70086206896552,6.57222222222222,6.07142857142857,7.47058823529412,7.4228813559322,58,18,7,17,59,14063,9206,4857,1409,3630,10433,7.40773059020124,7.71715935368238,6.8212366234301,6.80157558552165,7.55277630578512,7.35726419054922,228
"226",2020,6,7.38333292682927,82,7.66346153846154,6.89777666666667,6.6,7.6,7.35324027777778,52,30,10,10,72,14145,9258,4887,1419,3640,10505,7.40758915447155,7.71685774573342,6.8217064825046,6.80015503875969,7.55290604120879,7.35723661113755,229
"227",2020,7,7.52142857142857,70,7.7775,7.18,6.77777777777778,7.62666666666667,7.49272727272727,40,30,9,15,55,14215,9298,4917,1428,3655,10560,7.4081497425255,7.71711862873736,6.82389253203173,6.80001400560224,7.55320875239398,7.35794229166667,230
"228",2020,8,7.64393939393939,99,7.90984848484849,7.11212121212121,7.275,7.48571428571429,7.67,66,33,8,14,85,14314,9364,4950,1436,3669,10645,7.40978053583904,7.71847704079453,6.82581405656566,6.80266016713092,7.552951210139,7.36043406294035,231
"229",2020,9,7.4803,100,7.72949152542373,7.12170731707317,7.5,8.13333333333333,7.36505882352941,59,41,4,15,85,14414,9423,4991,1440,3684,10730,7.41026977868739,7.71854600551841,6.82824475656181,6.80459722222222,7.55531432953311,7.36047069897484,232
"230",2020,10,7.43901098901099,91,7.67155172413793,7.03030303030303,7.25,7.73333333333333,7.38092105263158,58,33,6,15,76,14505,9481,5024,1446,3699,10806,7.41045009238194,7.71825851808881,6.8295719705414,6.80644536652836,7.55603622330359,7.36061452896539,233
"231",2020,11,7.52269230769231,104,7.91727272727273,6.83736842105263,6.72222222222222,7.79578947368421,7.46164705882353,66,38,9,19,85,14609,9547,5062,1455,3718,10891,7.41124913341091,7.71963433644077,6.82963049782695,6.80592439862543,7.5572614281872,7.36140304838858,234
"232",2020,12,7.23309708737864,103,7.53506349206349,6.7575,6.59090909090909,7.7330625,7.14114942528736,63,40,11,16,87,14712,9610,5102,1466,3734,10978,7.41000187533986,7.71842435067638,6.82906499019992,6.80431105047749,7.55801472683449,7.35965755146657,235
"233",2021,1,7.35490196078431,102,7.47164179104478,7.13142857142857,6.5,7.45384615384615,7.34044943820225,67,35,9,13,89,14814,9677,5137,1475,3747,11067,7.40962249156204,7.71671571871448,6.8311250885731,6.80245423728814,7.55765331998932,7.35950308123249,236
"234",2021,2,7.51367368421053,95,7.74615384615385,7.00996666666667,6.75,7.8225,7.43132,65,30,6,20,75,14909,9742,5167,1481,3767,11142,7.41028550472869,7.71691213405872,6.83216345655119,6.80224172856178,7.55905946110964,7.35998650152576,237
"235",2021,3,7.35555555555556,90,7.61311475409836,6.81379310344828,6.16875,7.21538461538462,7.37922077922078,61,29,8,13,77,14999,9803,5196,1489,3780,11219,7.40995710314021,7.71626624604713,6.83206092763664,6.79883814640699,7.55787751058201,7.36011851323647,238
"236",2021,4,7.54705882352941,68,7.88372093023256,6.968,6.45714285714286,7.46666666666667,7.55932203389831,43,25,7,9,59,15067,9846,5221,1496,3789,11278,7.41057586712683,7.71699756347756,6.83271185213561,6.79723930481284,7.55766085774611,7.36116063131761,239
"237",2021,5,7.32464102564103,78,7.51694915254237,6.72747368421053,6.7,7.65714285714286,7.25190625,59,19,6,14,64,15145,9905,5240,1502,3803,11342,7.41013328425223,7.71580595759717,6.83233026335878,6.79685086551265,7.55802708125164,7.36054413683654,240
"238",2021,6,7.27608695652174,69,7.69756097560976,6.65892857142857,6.7125,7.5,7.22894736842105,41,28,8,12,57,15214,9946,5268,1510,3815,11399,7.40952534441961,7.71573074703398,6.83140861427487,6.79640397350994,7.55784455832241,7.35988609527151,241
"239",2021,7,7.40633740740741,81,7.6422666,7.0258064516129,6.875,7.07333333333333,7.48202015151515,50,31,4,15,66,15295,9996,5299,1514,3830,11465,7.40950846158875,7.71536327931173,6.83254587280619,6.79661162483488,7.55594699477807,7.36058917836895,242
"240",2021,8,7.54945652173913,92,7.86636363636364,7.07837837837838,6.65,7.53333333333333,7.551875,55,37,6,12,80,15387,10051,5336,1520,3842,11545,7.4103452212907,7.71618956720724,6.83425048350825,6.79603289473684,7.55587636387298,7.36191467561715,243
"241",2021,9,7.54540409090909,88,7.72411764705882,6.937778,6.28571428571429,7.67857142857143,7.52021027027027,68,20,7,14,74,15475,10119,5356,1527,3856,11619,7.41111324588045,7.71624284415456,6.83463706870799,6.79369351669941,7.55632183350622,7.36292284103623,244
"242",2021,10,7.2969512195122,82,7.44818181818182,6.98888888888889,6.6,7.61071428571429,7.23235294117647,55,27,10,14,68,15557,10174,5383,1537,3870,11687,7.41051150478884,7.71479372321604,6.83541076351477,6.79243331164607,7.55651860206718,7.36216312911782,245
"243",2021,11,7.1944,75,7.3816,6.82,7.45714285714286,7.71357142857143,7.07524590163934,50,25,7,14,61,15632,10224,5408,1544,3884,11748,7.40947463408393,7.71316425469484,6.83533952292899,6.79544689119171,7.55708470391349,7.36067334780388,246
"244",2021,12,7.6627358490566,106,7.82076923076923,7.41219512195122,7.425,7.50277777777778,7.69545454545455,65,41,8,18,88,15738,10289,5449,1552,3902,11836,7.41118042190876,7.71384404120906,6.83967996696641,6.79869201030928,7.55683418503332,7.36316242734032,247
"245",2022,1,7.42973630136986,146,7.66382989690722,6.96632653061225,6.49,7.766125,7.36356147540984,97,49,10,24,122,15884,10386,5498,1562,3926,11958,7.41135098086125,7.71337693433468,6.84080868315751,6.7967157490397,7.55811359908304,7.36316649857836,248
"246",2022,2,7.27096774193548,93,7.52923076923077,6.67142857142857,6.5,7.38461538461539,7.2525,65,28,8,13,80,15977,10451,5526,1570,3939,12038,7.41053382862865,7.71223163716391,6.83995044154904,6.79520382165605,7.55754099771516,7.36243105083901,249
"247",2022,3,7.27630263157895,76,7.65640476190476,6.80676470588235,6.41666666666667,6.81769230769231,7.37093650793651,42,34,6,13,63,16053,10493,5560,1576,3952,12101,7.40989833551361,7.71200818069189,6.83974750719424,6.79376269035533,7.55510728491903,7.36247533179076,250
"248",2022,4,7.59317647058824,85,7.85214285714286,7.09310344827586,6.5,7.732,7.57466666666667,56,29,2,10,75,16138,10549,5589,1578,3962,12176,7.41086367455695,7.71275209403735,6.84106211129003,6.79339036755387,7.55555375820293,7.36378235791721,251
"249",2022,5,7.29422619047619,84,7.63908163265306,6.81142857142857,6.72857142857143,7.83125,7.16786764705882,49,35,7,16,68,16222,10598,5624,1585,3978,12244,7.41025970780422,7.71241147763729,6.84087769203414,6.79310410094638,7.55666264203117,7.36269429843188,252
"250",2022,6,7.405625,80,7.59489795918367,7.10645161290323,6.25,7.25,7.43308823529412,49,31,8,12,68,16302,10647,5655,1593,3990,12312,7.41023696356275,7.71187065276604,6.84233353492484,6.79037664783428,7.55574034837093,7.3630830888564,253
"251",2022,7,7.43238095238095,84,7.8924,6.75588235294118,4.66666666666667,7.20588235294118,7.48985074626866,50,34,3,17,67,16386,10697,5689,1596,4007,12379,7.41035048089833,7.71271448443489,6.84181686412375,6.78638471177945,7.55425604941353,7.36376920510542,254
"252",2022,8,7.44063157894737,95,7.70096774193548,6.95151515151515,6.725,7.684375,7.39126582278481,62,33,8,16,79,16481,10759,5722,1604,4023,12458,7.41052502760755,7.71264679245283,6.84244951765117,6.78607855361596,7.55477354958986,7.36394356959384,255
"253",2022,9,7.27837837837838,74,7.49047619047619,7,6.6875,7.44615384615385,7.24262295081967,42,32,8,13,61,16555,10801,5754,1612,4036,12519,7.40993433887043,7.71178287565966,6.84332571080987,6.78558933002482,7.55442368434093,7.36335242351626,256
"254",2022,10,7.48103896103896,77,7.78263157894737,7.18717948717949,6.6875,7.95714285714286,7.3752380952381,38,39,8,14,63,16632,10839,5793,1620,4050,12582,7.41026352693603,7.71203126118646,6.84564062489211,6.78510493827161,7.5558158,7.36341193689398,257
"255",2022,11,7.28892,75,7.42128260869565,7.07896551724138,7,7.618125,7.19964406779661,46,29,1,16,59,16707,10885,5822,1621,4066,12641,7.40971879930568,7.71080255764814,6.84680284094813,6.78523750771129,7.55606099114609,7.36264757455897,258
"256",2022,12,7.668125,96,7.93859649122807,7.27282051282051,6.58571428571429,8.33529411764706,7.52455696202532,57,39,7,17,79,16803,10942,5861,1628,4083,12720,7.41119514253407,7.71198920124292,6.84963762839106,6.78437960687961,7.55930541023757,7.36365314386792,259
