"","year","month","avg_rating","no_ratings","avg_rating_owned","avg_rating_not_owned","avg_rating_prev_owned","avg_rating_comment","avg_rating_no_comment","no_ratings_owned","no_ratings_not_owned","no_ratings_prev_owned","no_ratings_comment","no_ratings_no_comment","cum_no_ratings","cum_no_ratings_owned","cum_no_ratings_not_owned","cum_no_ratings_prev_owned","cum_no_ratings_comment","cum_no_ratings_no_comment","cum_avg_rating","cum_avg_rating_owned","cum_avg_rating_not_owned","cum_avg_rating_prev_owned","cum_avg_rating_comment","cum_avg_rating_no_comment","month_after_release"
"1",2003,9,5,1,NA,5,NA,NA,5,0,1,0,0,1,1,0,1,0,0,1,5,NA,5,NA,NA,5,28
"2",2003,10,5,1,NA,5,NA,NA,5,0,1,0,0,1,2,0,2,0,0,2,5,NA,5,NA,NA,5,29
"3",2003,12,7,1,7,NA,NA,NA,7,1,0,0,0,1,3,1,2,0,0,3,5.66666666666667,7,5,NA,NA,5.66666666666667,31
"4",2004,1,4,3,NA,4,NA,6,3,0,3,0,1,2,6,1,5,0,1,5,4.83333333333333,7,4.4,NA,6,4.6,32
"5",2004,2,5.66666666666667,6,7,4.33333333333333,NA,NA,5.66666666666667,3,3,0,0,6,12,4,8,0,1,11,5.25,7,4.375,NA,6,5.18181818181818,33
"6",2004,3,4,1,NA,4,NA,NA,4,0,1,0,0,1,13,4,9,0,1,12,5.15384615384615,7,4.33333333333333,NA,6,5.08333333333333,34
"7",2004,5,6.5,2,9,4,NA,9,4,1,1,0,1,1,15,5,10,0,2,13,5.33333333333333,7.4,4.3,NA,7.5,5,36
"8",2004,6,3.66666666666667,6,4.66666666666667,2.66666666666667,NA,4.5,3.25,3,3,0,2,4,21,8,13,0,4,17,4.85714285714286,6.375,3.92307692307692,NA,6,4.58823529411765,37
"9",2004,7,3.5,2,NA,3.5,NA,NA,3.5,0,2,0,0,2,23,8,15,0,4,19,4.73913043478261,6.375,3.86666666666667,NA,6,4.47368421052632,38
"10",2004,8,5,2,5,5,NA,5,5,1,1,0,1,1,25,9,16,0,5,20,4.76,6.22222222222222,3.9375,NA,5.8,4.5,39
"11",2004,9,5.25,2,4.5,6,NA,6,4.5,1,1,0,1,1,27,10,17,0,6,21,4.7962962962963,6.05,4.05882352941176,NA,5.83333333333333,4.5,40
"12",2004,10,6,2,NA,6,NA,4,8,0,2,0,1,1,29,10,19,0,7,22,4.87931034482759,6.05,4.26315789473684,NA,5.57142857142857,4.65909090909091,41
"13",2004,11,6,3,6,NA,NA,NA,6,3,0,0,0,3,32,13,19,0,7,25,4.984375,6.03846153846154,4.26315789473684,NA,5.57142857142857,4.82,42
"14",2004,12,5,2,5,5,5,5,5,1,1,1,1,1,34,14,20,1,8,26,4.98529411764706,5.96428571428571,4.3,5,5.5,4.82692307692308,43
"15",2005,1,4.75,4,4.75,NA,NA,4.75,NA,4,0,0,4,0,38,18,20,1,12,26,4.96052631578947,5.69444444444444,4.3,5,5.25,4.82692307692308,44
"16",2005,2,3,3,5,2,NA,5,2,1,2,0,1,2,41,19,22,1,13,28,4.81707317073171,5.65789473684211,4.09090909090909,5,5.23076923076923,4.625,45
"17",2005,3,5,2,5,5,NA,NA,5,1,1,0,0,2,43,20,23,1,13,30,4.82558139534884,5.625,4.1304347826087,5,5.23076923076923,4.65,46
"18",2005,5,4.24285714285714,7,5.56666666666667,3.25,4,4,4.85,3,4,1,5,2,50,23,27,2,18,32,4.744,5.61739130434783,4,4.5,4.88888888888889,4.6625,48
"19",2005,6,5.875,4,5.83333333333333,6,NA,9.5,4.66666666666667,3,1,0,1,3,54,26,28,2,19,35,4.82777777777778,5.64230769230769,4.07142857142857,4.5,5.13157894736842,4.66285714285714,49
"20",2005,7,3,6,3.33333333333333,2.66666666666667,NA,3.25,2.5,3,3,0,4,2,60,29,31,2,23,37,4.645,5.40344827586207,3.93548387096774,4.5,4.80434782608696,4.54594594594595,50
"21",2005,8,3,1,NA,3,NA,3,NA,0,1,0,1,0,61,29,32,2,24,37,4.61803278688525,5.40344827586207,3.90625,4.5,4.72916666666667,4.54594594594595,51
"22",2005,9,6.16666666666667,3,6.75,5,NA,6.16666666666667,NA,2,1,0,3,0,64,31,33,2,27,37,4.690625,5.49032258064516,3.93939393939394,4.5,4.88888888888889,4.54594594594595,52
"23",2005,10,4.95,5,5.33333333333333,4.375,4.75,4.91666666666667,5,3,2,1,3,2,69,34,35,3,30,39,4.70942028985507,5.47647058823529,3.96428571428571,4.58333333333333,4.89166666666667,4.56923076923077,53
"24",2005,11,2.5,2,2,3,NA,NA,2.5,1,1,0,0,2,71,35,36,3,30,41,4.64718309859155,5.37714285714286,3.9375,4.58333333333333,4.89166666666667,4.46829268292683,54
"25",2005,12,3,2,5,1,NA,1,5,1,1,0,1,1,73,36,37,3,31,42,4.60205479452055,5.36666666666667,3.85810810810811,4.58333333333333,4.76612903225806,4.48095238095238,55
"26",2006,1,4.58333333333333,12,5.125,3.5,4,3.6,5.28571428571429,8,4,1,5,7,85,44,41,4,36,49,4.59941176470588,5.32272727272727,3.82317073170732,4.4375,4.60416666666667,4.59591836734694,56
"27",2006,2,3.80555555555556,9,4.25,3.45,NA,4.32142857142857,2,4,5,0,7,2,94,48,46,4,43,51,4.52340425531915,5.23333333333333,3.78260869565217,4.4375,4.55813953488372,4.49411764705882,57
"28",2006,3,4,2,NA,4,NA,NA,4,0,2,0,0,2,96,48,48,4,43,53,4.5125,5.23333333333333,3.79166666666667,4.4375,4.55813953488372,4.47547169811321,58
"29",2006,4,4.1,8,4,4.4,NA,3.96,4.33333333333333,6,2,0,5,3,104,54,50,4,48,56,4.48076923076923,5.0962962962963,3.816,4.4375,4.49583333333333,4.46785714285714,59
"30",2006,5,6,1,6,NA,NA,6,NA,1,0,0,1,0,105,55,50,4,49,56,4.4952380952381,5.11272727272727,3.816,4.4375,4.5265306122449,4.46785714285714,60
"31",2006,6,6.75,4,6.33333333333333,8,NA,6.75,NA,3,1,0,4,0,109,58,51,4,53,56,4.57798165137615,5.17586206896552,3.89803921568627,4.4375,4.69433962264151,4.46785714285714,61
"32",2006,7,5.125,8,5.42857142857143,3,NA,4,5.8,7,1,0,3,5,117,65,52,4,56,61,4.61538461538462,5.20307692307692,3.88076923076923,4.4375,4.65714285714286,4.57704918032787,62
"33",2006,8,5,3,5.5,4,NA,4,5.5,2,1,0,1,2,120,67,53,4,57,63,4.625,5.21194029850746,3.88301886792453,4.4375,4.64561403508772,4.60634920634921,63
"34",2006,9,5.35714285714286,7,5.625,5,NA,5.5,5.25,4,3,0,3,4,127,71,56,4,60,67,4.66535433070866,5.23521126760563,3.94285714285714,4.4375,4.68833333333333,4.64477611940298,64
"35",2006,10,4.14285714285714,7,5.5,3.6,NA,3.33333333333333,4.75,2,5,0,3,4,134,73,61,4,63,71,4.63805970149254,5.24246575342466,3.91475409836066,4.4375,4.62380952380953,4.65070422535211,65
"36",2006,11,5,4,4,5.33333333333333,4,5,NA,1,3,1,4,0,138,74,64,5,67,71,4.64855072463768,5.22567567567568,3.98125,4.35,4.64626865671642,4.65070422535211,66
"37",2006,12,3.72727272727273,11,4.33333333333333,3,3.5,4.2,3.33333333333333,6,5,2,5,6,149,80,69,7,72,77,4.58053691275168,5.15875,3.91014492753623,4.10714285714286,4.61527777777778,4.54805194805195,67
"38",2007,1,3.75,8,4.4,2.66666666666667,NA,3.66666666666667,4,5,3,0,6,2,157,85,72,7,78,79,4.53821656050955,5.11411764705882,3.85833333333333,4.10714285714286,4.54230769230769,4.53417721518987,68
"39",2007,2,3.92857142857143,7,5,3.75,NA,4.5,3.7,1,6,0,2,5,164,86,78,7,80,84,4.51219512195122,5.11279069767442,3.85,4.10714285714286,4.54125,4.48452380952381,69
"40",2007,3,5.83333333333333,6,5.75,6,NA,4.66666666666667,7,4,2,0,3,3,170,90,80,7,83,87,4.55882352941177,5.14111111111111,3.90375,4.10714285714286,4.54578313253012,4.57126436781609,70
"41",2007,4,4.9,10,5.2,4.6,NA,6,4.42857142857143,5,5,0,3,7,180,95,85,7,86,94,4.57777777777778,5.14421052631579,3.94470588235294,4.10714285714286,4.59651162790698,4.56063829787234,71
"42",2007,5,5.42857142857143,7,4.5,5.8,NA,5.25,5.66666666666667,2,5,0,4,3,187,97,90,7,90,97,4.6096256684492,5.13092783505155,4.04777777777778,4.10714285714286,4.62555555555556,4.59484536082474,72
"43",2007,6,4.86363636363636,11,5.71428571428571,3.375,5,5.2,4.58333333333333,7,4,1,5,6,198,104,94,8,95,103,4.62373737373737,5.17019230769231,4.01914893617021,4.21875,4.65578947368421,4.59417475728155,73
"44",2007,7,4.5,5,5.45,3.86666666666667,4,5,4.375,2,3,1,1,4,203,106,97,9,96,107,4.62068965517241,5.17547169811321,4.01443298969072,4.19444444444444,4.659375,4.58598130841122,74
"45",2007,8,4.44444444444444,9,4.71428571428571,3.5,NA,4.85714285714286,3,7,2,0,7,2,212,113,99,9,103,109,4.61320754716981,5.14690265486726,4.0040404040404,4.19444444444444,4.67281553398058,4.55688073394495,75
"46",2007,9,4.625,12,5.21428571428571,3.8,NA,5.5,4.45,7,5,0,2,10,224,120,104,9,105,119,4.61383928571429,5.15083333333333,3.99423076923077,4.19444444444444,4.68857142857143,4.54789915966387,76
"47",2007,10,4.63636363636364,11,5.25,3,NA,3.6,5.5,8,3,0,5,6,235,128,107,9,110,125,4.61489361702128,5.15703125,3.96635514018692,4.19444444444444,4.63909090909091,4.5936,77
"48",2007,11,4.65384615384615,13,3.75,5.42857142857143,NA,4,4.85,6,7,0,3,10,248,134,114,9,113,135,4.61693548387097,5.09402985074627,4.05614035087719,4.19444444444444,4.62212389380531,4.61259259259259,78
"49",2007,12,4.35714285714286,14,3.8,4.66666666666667,4,4.16666666666667,4.5,5,9,1,6,8,262,139,123,10,119,143,4.6030534351145,5.04748201438849,4.10081300813008,4.175,4.59915966386555,4.60629370629371,79
"50",2008,1,5.1875,16,5.77777777777778,4.42857142857143,6,4.83333333333333,5.64285714285714,9,7,1,9,7,278,148,130,11,128,150,4.63669064748201,5.09189189189189,4.11846153846154,4.34090909090909,4.615625,4.65466666666667,80
"51",2008,2,5.3,10,5.42857142857143,5,7,5.14285714285714,5.66666666666667,7,3,2,7,3,288,155,133,13,135,153,4.65972222222222,5.10709677419355,4.13834586466165,4.75,4.64296296296296,4.67450980392157,81
"52",2008,3,4.5625,8,4.8,4.16666666666667,NA,4.66666666666667,4.5,5,3,0,3,5,296,160,136,13,138,158,4.65709459459459,5.0975,4.13897058823529,4.75,4.64347826086957,4.66898734177215,82
"53",2008,4,4.53846153846154,13,5.78571428571429,3.08333333333333,NA,4.5,4.6,7,6,0,8,5,309,167,142,13,146,163,4.65210355987055,5.12634730538922,4.0943661971831,4.75,4.63561643835617,4.66687116564417,83
"54",2008,5,5.3,10,6.66666666666667,4.71428571428571,3.5,5.6,5,3,7,2,5,5,319,170,149,15,151,168,4.67241379310345,5.15352941176471,4.12348993288591,4.58333333333333,4.66754966887417,4.67678571428572,84
"55",2008,6,5.33333333333333,9,4.66666666666667,5.66666666666667,NA,4,6,3,6,0,3,6,328,173,155,15,154,174,4.6905487804878,5.14508670520231,4.18322580645161,4.58333333333333,4.65454545454546,4.72241379310345,85
"56",2008,7,5,10,5.2,4.8,6,5.28571428571429,4.33333333333333,5,5,3,7,3,338,178,160,18,161,177,4.69970414201183,5.14662921348315,4.2025,4.81944444444444,4.68198757763975,4.71581920903955,86
"57",2008,8,4.27272727272727,11,4.8,3.83333333333333,4,4.25,4.28571428571429,5,6,3,4,7,349,183,166,21,165,184,4.68624641833811,5.13715846994536,4.18915662650602,4.70238095238095,4.67151515151515,4.69945652173913,87
"58",2008,9,4.25,12,4.875,3.9375,NA,4.125,4.3125,4,8,0,4,8,361,187,174,21,169,192,4.67174515235457,5.13155080213904,4.17758620689655,4.70238095238095,4.65857988165681,4.68333333333333,88
"59",2008,10,5,11,5.33333333333333,3.5,NA,4.75,5.14285714285714,9,2,0,4,7,372,196,176,21,173,199,4.68145161290322,5.14081632653061,4.16988636363636,4.70238095238095,4.6606936416185,4.69949748743719,89
"60",2008,11,4.12142857142857,14,4.4625,3.66666666666667,4,4.83333333333333,3.5875,8,6,2,6,8,386,204,182,23,179,207,4.66113989637306,5.11421568627451,4.1532967032967,4.64130434782609,4.66648044692738,4.65652173913044,90
"61",2008,12,4.45833333333333,12,4.75,4.3125,5,4.5,4.4375,4,8,2,4,8,398,208,190,25,183,215,4.65502512562814,5.10721153846154,4.16,4.67,4.66284153005465,4.64837209302326,91
"62",2009,1,4.33333333333333,21,4.44444444444444,4.25,4.25,4.25,4.38461538461539,9,12,4,8,13,419,217,202,29,191,228,4.63890214797136,5.07972350230415,4.16534653465347,4.61206896551724,4.6455497382199,4.63333333333334,92
"63",2009,2,5.16666666666667,15,5.65,4.2,3.5,4.625,5.36363636363636,10,5,2,4,11,434,227,207,31,195,239,4.65714285714285,5.10484581497797,4.16618357487923,4.54032258064516,4.64512820512821,4.66694560669456,93
"64",2009,3,4.125,8,5.33333333333333,3.4,2,NA,4.125,3,5,1,0,8,442,230,212,32,195,247,4.64751131221719,5.10782608695652,4.14811320754717,4.4609375,4.64512820512821,4.64939271255061,94
"65",2009,4,4.69230769230769,13,5.57142857142857,3.66666666666667,3,6,4.45454545454545,7,6,1,2,11,455,237,218,33,197,258,4.64879120879121,5.12151898734177,4.1348623853211,4.41666666666667,4.65888324873097,4.64108527131783,95
"66",2009,5,4.63888888888889,18,5.04545454545455,4,6,4.66666666666667,4.625,11,7,1,6,12,473,248,225,34,203,270,4.64841437632135,5.11814516129032,4.13066666666667,4.46323529411765,4.65911330049261,4.64037037037037,96
"67",2009,6,3.78333333333333,12,5,3.54,4,3.8,3.77777777777778,2,10,2,3,9,485,250,235,36,206,279,4.62701030927835,5.1172,4.10553191489362,4.4375,4.64660194174757,4.61254480286739,97
"68",2009,7,5.44444444444444,9,5.4,5.5,6,5.33333333333333,5.5,5,4,1,3,6,494,255,239,37,209,285,4.6419028340081,5.12274509803922,4.12887029288703,4.47972972972973,4.65645933014354,4.63122807017544,98
"69",2009,8,5.4,5,5.5,5,NA,5.33333333333333,5.5,4,1,0,3,2,499,259,240,37,212,287,4.64949899799599,5.12857142857143,4.1325,4.47972972972973,4.66603773584906,4.63728222996516,99
"70",2009,9,4.54545454545455,11,5,3.33333333333333,NA,6.33333333333333,3.875,8,3,0,3,8,510,267,243,37,215,295,4.64725490196078,5.1247191011236,4.12263374485597,4.47972972972973,4.6893023255814,4.61661016949153,100
"71",2009,10,4.06666666666667,15,5.66666666666667,3.66666666666667,3.4,4.4,3.9,3,12,5,5,10,525,270,255,42,220,305,4.63066666666666,5.13074074074074,4.10117647058824,4.35119047619048,4.68272727272727,4.59311475409836,101
"72",2009,11,4.39333333333333,15,4.725,4.27272727272727,4.33333333333333,4.42857142857143,4.3625,4,11,3,7,8,540,274,266,45,227,313,4.62407407407407,5.12481751824818,4.10827067669173,4.35,4.67488986784141,4.58722044728435,102
"73",2009,12,5.25,16,5.5,5,5.5,5.83333333333333,4.9,8,8,4,6,10,556,282,274,49,233,323,4.64208633093525,5.1354609929078,4.13430656934307,4.44387755102041,4.70472103004292,4.5969040247678,103
"74",2010,1,4.9,15,4.95454545454545,4.75,3.66666666666667,4.16666666666667,5.38888888888889,11,4,3,6,9,571,293,278,52,239,332,4.64886164623467,5.12866894197952,4.1431654676259,4.39903846153846,4.69121338912134,4.61837349397591,104
"75",2010,2,4.71428571428571,7,4.75,4.66666666666667,3,3,5,4,3,1,1,6,578,297,281,53,240,338,4.64965397923875,5.12356902356902,4.14875444839858,4.37264150943396,4.68416666666667,4.62514792899408,105
"76",2010,3,5.21428571428571,7,5.5,4.83333333333333,4.83333333333333,4.83333333333333,5.5,4,3,3,3,4,585,301,284,56,243,342,4.65641025641025,5.12857142857143,4.15598591549296,4.39732142857143,4.68600823045267,4.63538011695907,106
"77",2010,4,5.11111111111111,9,6,4.66666666666667,4.5,5,5.16666666666667,3,6,2,3,6,594,304,290,58,246,348,4.66329966329966,5.13717105263158,4.16655172413793,4.40086206896552,4.68983739837398,4.64454022988506,107
"78",2010,5,4.61111111111111,9,5.5,3.9,3.5,4.5,4.64285714285714,4,5,2,2,7,603,308,295,60,248,355,4.66252072968491,5.14188311688312,4.16203389830509,4.37083333333333,4.6883064516129,4.64450704225352,108
"79",2010,6,4.66666666666667,3,NA,4.66666666666667,NA,5,4.5,0,3,0,1,2,606,308,298,60,249,357,4.66254125412541,5.14188311688312,4.16711409395973,4.37083333333333,4.68955823293173,4.6436974789916,109
"80",2010,7,4,6,4.5,3,5,4.5,3.75,4,2,1,2,4,612,312,300,61,251,361,4.65604575163399,5.13365384615385,4.15933333333333,4.38114754098361,4.68804780876494,4.63379501385042,110
"81",2010,8,4.36666666666667,9,4.85714285714286,2.65,NA,5,4.05,7,2,0,3,6,621,319,302,61,254,367,4.65185185185185,5.12758620689655,4.14933774834437,4.38114754098361,4.69173228346457,4.62425068119891,111
"82",2010,9,5,8,4.83333333333333,5.5,8,4,5.14285714285714,6,2,1,1,7,629,325,304,62,255,374,4.65627980922098,5.12215384615385,4.15822368421053,4.43951612903226,4.68901960784314,4.63395721925134,112
"83",2010,10,5.4,5,7,5,4,5.5,5.33333333333333,1,4,1,2,3,634,326,308,63,257,377,4.66214511041009,5.12791411042945,4.16915584415584,4.43253968253968,4.69533073929961,4.6395225464191,113
"84",2010,11,4.84210526315789,19,4.75,4.86666666666667,4.66666666666667,4.2,5.07142857142857,4,15,3,5,14,653,330,323,66,262,391,4.66738131699847,5.12333333333334,4.2015479876161,4.44318181818182,4.68587786259542,4.65498721227622,114
"85",2010,12,3.11363636363636,11,4.3125,2.42857142857143,4,4.4375,2.35714285714286,4,7,1,4,7,664,334,330,67,266,398,4.64164156626506,5.11362275449102,4.16393939393939,4.4365671641791,4.68214285714286,4.61457286432161,115
"86",2011,1,5.03181818181818,22,5.9,4.30833333333333,5,5.57142857142857,4.78,10,12,4,7,15,686,344,342,71,273,413,4.65415451895044,5.13648255813954,4.16900584795322,4.46830985915493,4.70494505494505,4.62058111380146,116
"87",2011,2,4.72727272727273,11,5.33333333333333,4,NA,3.5,5,6,5,0,2,9,697,350,347,71,275,422,4.65530846484935,5.13985714285714,4.16657060518732,4.46830985915493,4.69618181818182,4.62867298578199,117
"88",2011,3,4.31788888888889,9,4.7722,3.75,4.4305,5,3.97683333333333,5,4,2,3,6,706,355,351,73,278,428,4.65100708215297,5.13467887323944,4.16182336182336,4.46727397260274,4.69946043165468,4.61953504672898,118
"89",2011,4,4.36363636363636,11,6,3.42857142857143,4.5,4.5,4.28571428571429,4,7,2,4,7,717,359,358,75,282,435,4.64659832635983,5.14432033426184,4.14748603351955,4.46814666666667,4.69663120567376,4.61416321839081,119
"90",2011,5,3.72727272727273,11,4.4,3.16666666666667,4.5,4.33333333333333,3.5,5,6,2,3,8,728,364,364,77,285,443,4.63270741758242,5.13409615384616,4.13131868131868,4.46897402597403,4.69280701754386,4.59404288939052,120
"91",2011,6,4.72222222222222,9,4.75,4.7,5.75,4.8,4.625,4,5,2,5,4,737,368,369,79,290,447,4.63380054274084,5.12992119565218,4.1390243902439,4.50140506329114,4.69465517241379,4.59431991051454,121
"92",2011,7,5.5,6,7.75,4.375,4,5.75,5.375,2,4,2,2,4,743,370,373,81,292,451,4.64079542395693,5.14408378378379,4.14155495978552,4.48902469135803,4.70188356164384,4.60124390243903,122
"93",2011,8,4.08333333333333,12,5.33333333333333,2.83333333333333,3,4.5,4,6,6,4,2,10,755,376,379,85,294,461,4.63193509933775,5.14710372340426,4.12084432717678,4.41895294117647,4.70051020408163,4.58820173535792,123
"94",2011,9,5.05,10,6.125,4.33333333333333,5,5,5.05555555555556,4,6,1,1,9,765,380,385,86,295,470,4.6374,5.15739736842105,4.12415584415585,4.42570930232558,4.70152542372881,4.59715106382979,124
"95",2011,10,5,9,5,5,4,4.33333333333333,5.33333333333333,6,3,2,3,6,774,386,388,88,298,476,4.64161627906977,5.15495077720207,4.13092783505155,4.41603409090909,4.69781879194631,4.60643067226891,125
"96",2011,11,4.27142857142857,14,4.75,3.9125,6,4.96666666666667,3.75,6,8,1,6,8,788,392,396,89,304,484,4.63503934010152,5.14875255102041,4.12651515151515,4.43383146067416,4.703125,4.59227479338843,126
"97",2011,12,4.19230769230769,13,5.5,3.61111111111111,5,4.33333333333333,4.15,4,9,1,3,10,801,396,405,90,307,494,4.62785393258427,5.15230050505051,4.11506172839506,4.44012222222222,4.69951140065147,4.58332186234818,127
"98",2012,1,5.28947368421053,19,7.1,4.64285714285714,7,7.4,4.53571428571429,5,14,3,5,14,820,401,419,93,312,508,4.64318414634146,5.17658603491272,4.1326968973747,4.52269892473118,4.74278846153846,4.58200984251969,128
"99",2012,2,5.26785714285714,14,4.96875,5.66666666666667,6.5,8,5.05769230769231,8,6,2,1,13,834,409,425,95,313,521,4.65367026378897,5.17252078239609,4.15435294117647,4.56432631578947,4.75319488817891,4.59387907869482,129
"100",2012,3,4.05,10,5.625,3,NA,6,3.5625,4,6,0,2,8,844,413,431,95,315,529,4.64651777251185,5.17690314769976,4.13828306264501,4.56432631578947,4.76111111111111,4.57828166351607,130
"101",2012,4,4.55555555555556,9,4.6,4.5,2,5,4.5,5,4,1,1,8,853,418,435,96,316,537,4.64555803048066,5.1700023923445,4.1416091954023,4.53761458333333,4.76186708860759,4.57711545623836,131
"102",2012,5,4.76923076923077,13,4.875,4.6,6,5.2,4.5,8,5,1,5,8,866,426,440,97,321,545,4.64741454965358,5.16446244131456,4.14681818181818,4.55269072164949,4.76869158878505,4.57598348623853,132
"103",2012,6,5.57142857142857,7,6.2,4,NA,4.5,6,5,2,0,2,5,873,431,442,97,323,550,4.65482359679267,5.17647563805105,4.14615384615385,4.55269072164949,4.76702786377709,4.58892909090909,133
"104",2012,7,4.42454545454545,11,5.33333333333333,3.334,6,3.66666666666667,4.70875,6,5,1,3,8,884,437,447,98,326,558,4.65195814479638,5.17862929061785,4.13706935123043,4.56745918367347,4.7569018404908,4.59064695340502,134
"105",2012,8,5.63636363636364,11,7.33333333333333,3.6,NA,7.5,5.22222222222222,6,5,0,2,9,895,443,452,98,328,567,4.66405698324022,5.20781264108352,4.13112831858407,4.56745918367347,4.77362804878049,4.60067195767196,135
"106",2012,9,4.90909090909091,11,5.11111111111111,4,4,4.875,4.92857142857143,9,2,1,4,7,906,452,454,99,332,574,4.66703200883002,5.20588716814159,4.13055066079295,4.56172727272727,4.77484939759036,4.60467073170732,136
"107",2012,10,4.73684210526316,19,5.07692307692308,4,3.33333333333333,4.68571428571429,4.76666666666667,13,6,3,7,12,925,465,460,102,339,586,4.66846594594595,5.20228172043011,4.12884782608696,4.52559803921569,4.77300884955752,4.60798805460751,137
"108",2012,11,5.16666666666667,12,6.6,4.14285714285714,3.5,7,4.55555555555556,5,7,2,3,9,937,470,467,104,342,595,4.67484631803629,5.21715106382979,4.12905781584583,4.505875,4.79254385964912,4.60719495798319,138
"109",2012,12,5,14,5,5,5,4.75,5.1,9,5,3,4,10,951,479,472,107,346,605,4.67963301787592,5.21307098121086,4.13828389830509,4.51972897196262,4.79205202312138,4.61534049586777,139
"110",2013,1,4.64705882352941,17,5.14285714285714,4.3,3,4.5,4.66666666666667,7,10,2,2,15,968,486,482,109,348,620,4.67906095041322,5.21205967078189,4.14163900414938,4.49184403669725,4.79037356321839,4.61658225806452,140
"111",2013,2,5.14,9,5.675,4.712,4,4,5.46571428571429,4,5,3,2,7,977,490,487,112,350,627,4.68330706243603,5.21583877551021,4.14749486652977,4.47866964285714,4.78585714285714,4.62606220095694,141
"112",2013,3,4.5,10,4.6,4.4,5,5.33333333333333,4.14285714285714,5,5,1,3,7,987,495,492,113,353,634,4.68144984802432,5.20961818181818,4.15006097560976,4.48328318584071,4.79050991501416,4.62072712933754,142
"113",2013,4,5.1,9,5.57142857142857,3.45,NA,5.16666666666667,5.06666666666667,7,2,0,3,6,996,502,494,113,356,640,4.68523192771084,5.21466334661355,4.14722672064777,4.48328318584071,4.7936797752809,4.6249078125,143
"114",2013,5,4.445,10,4.77857142857143,3.66666666666667,NA,4.975,4.3125,7,3,0,2,8,1006,509,497,113,358,648,4.68284393638171,5.20866601178782,4.14432595573441,4.48328318584071,4.79469273743017,4.62105092592593,144
"115",2013,6,4.7,3,4,5.05,5.05,4.55,5,1,2,2,2,1,1009,510,499,115,360,649,4.68289494549059,5.20629607843137,4.14795591182365,4.49313913043478,4.79333333333333,4.62163482280432,145
"116",2013,7,5.13636363636364,11,4.75,5.35714285714286,5.16666666666667,5.5,4.5,4,7,3,7,4,1020,514,506,118,367,653,4.68778529411765,5.20274513618677,4.1646837944664,4.51026271186441,4.80681198910081,4.62088973966309,146
"117",2013,8,3.86363636363636,11,4.7,3.16666666666667,7,4,3.83333333333333,5,6,1,2,9,1031,519,512,119,369,662,4.67899224054316,5.19790173410405,4.15298828125,4.53118487394958,4.80243902439024,4.61018277945619,147
"118",2013,9,4.45,12,4.9,4,5,3.6,4.875,6,6,3,4,8,1043,525,518,122,373,670,4.67635762224353,5.19449714285714,4.15121621621622,4.5427131147541,4.78954423592493,4.6133447761194,148
"119",2013,10,3.5,4,3.5,3.5,3.5,3.5,3.5,2,2,2,2,2,1047,527,520,124,375,672,4.67186341929322,5.18806641366224,4.14871153846154,4.52589516129032,4.78266666666666,4.61003125,149
"120",2013,11,4.6875,8,5.83333333333333,4,4,4.75,4.66666666666667,3,5,2,2,6,1055,530,525,126,377,678,4.67198199052133,5.19171886792453,4.14729523809524,4.51754761904762,4.78249336870026,4.61053244837758,150
"121",2013,12,4.72727272727273,11,4.5,5,4,4.25,5,6,5,2,4,7,1066,536,530,128,381,685,4.67255253283302,5.18397574626866,4.15533962264151,4.5094609375,4.77690288713911,4.61451240875912,151
"122",2014,1,5.2,15,5.66666666666667,3.33333333333333,1,6.83333333333333,4.11111111111111,12,3,1,6,9,1081,548,533,129,387,694,4.67987141535615,5.19454562043796,4.15071294559099,4.48225581395349,4.80878552971576,4.60798414985591,152
"123",2014,2,4.57142857142857,7,4.2,5.5,6,6,4.33333333333333,5,2,1,1,6,1088,553,535,130,388,700,4.6791737132353,5.18555334538879,4.15575700934579,4.49393076923077,4.81185567010309,4.60563,153
"124",2014,3,4.78571428571429,14,5,4.25,4,5.375,4.55,10,4,3,4,10,1102,563,539,133,392,710,4.68052722323049,5.18225754884547,4.15645640074211,4.48278947368421,4.81760204081632,4.60484647887324,154
"125",2014,4,4.36363636363636,11,4,4.5,5,4.33333333333333,4.375,3,8,4,3,8,1113,566,547,137,395,718,4.6773953279425,5.17599116607774,4.16148080438757,4.49789051094891,4.81392405063291,4.60228551532034,155
"126",2014,5,5.14166666666667,12,5.24545454545455,4,NA,4.85,5.2,11,1,0,2,10,1125,577,548,137,397,728,4.68234755555556,5.17731542461005,4.16118613138686,4.49789051094891,4.81410579345088,4.61049587912088,156
"127",2014,6,4.66363636363636,11,5.75,4.04285714285714,4,3.66666666666667,5.0375,4,7,3,3,8,1136,581,555,140,400,736,4.68216637323944,5.18125817555938,4.15969369369369,4.48722142857143,4.8055,4.61513722826087,157
"128",2014,7,4.675,12,5.1,4.37142857142857,NA,4.83333333333333,4.62222222222222,5,7,0,3,9,1148,586,562,140,403,745,4.68209146341464,5.18056484641638,4.16233096085409,4.48722142857143,4.80570719602977,4.61522281879195,158
"129",2014,8,5.16666666666667,6,5,6,NA,NA,5.16666666666667,5,1,0,0,6,1154,591,563,140,403,751,4.6846109185442,5.1790372250423,4.16559502664298,4.48722142857143,4.80570719602977,4.61962849533955,159
"130",2014,9,4.5,6,5.33333333333333,3.66666666666667,5,5,4,3,3,1,3,3,1160,594,566,141,406,754,4.68365603448276,5.1798164983165,4.16295053003534,4.49085815602837,4.80714285714286,4.61716312997348,160
"131",2014,10,5.5,9,5.5,5.5,5,5.5,5.5,5,4,1,4,5,1169,599,570,142,410,759,4.68994097519247,5.18248914858097,4.17233333333333,4.49444366197183,4.81390243902439,4.62297891963109,161
"132",2014,11,4.33333333333333,18,5.5,3.75,4.5,4,4.4,6,12,2,3,15,1187,605,582,144,413,774,4.68453327716934,5.18563801652893,4.16362542955326,4.49452083333333,4.80799031476997,4.61865762273902,162
"133",2014,12,4.28125,8,4.9,3.25,NA,3.83333333333333,4.55,5,3,0,3,5,1195,610,585,144,416,779,4.68183347280335,5.18329672131148,4.15894017094017,4.49452083333333,4.80096153846154,4.61821694480103,163
"134",2015,1,4.77272727272727,11,5.25,4.2,4.33333333333333,6.25,4.44444444444444,6,5,3,2,9,1206,616,590,147,418,788,4.68266252072969,5.18394642857143,4.15928813559322,4.49123129251701,4.8078947368421,4.61623223350254,164
"135",2015,2,4.13571428571429,14,4.85714285714286,3.41428571428571,4,6,3.99230769230769,7,7,2,1,13,1220,623,597,149,419,801,4.67638606557377,5.18027447833066,4.1505527638191,4.48463758389262,4.81073985680191,4.60610611735331,165
"136",2015,3,4.25,8,5,4,5,3,5,2,6,1,3,5,1228,625,603,150,422,806,4.67360830618893,5.1796976,4.14905472636816,4.48807333333333,4.7978672985782,4.60854962779156,166
"137",2015,4,4.5,14,4.4375,4.58333333333333,5.5,4.25,4.6,8,6,2,4,10,1242,633,609,152,426,816,4.67165136876007,5.17031753554503,4.15333333333333,4.50138815789474,4.79272300469483,4.60844485294118,167
"138",2015,5,4.565,12,4.71428571428571,4.356,3,6,4.43454545454545,7,5,1,1,11,1254,640,614,153,427,827,4.67063078149921,5.1653296875,4.15498371335505,4.49157516339869,4.79555035128806,4.60613180169287,168
"139",2015,6,5.21785714285714,14,5,5.43571428571429,4.5,6,5.0875,7,7,2,2,12,1268,647,621,155,429,839,4.67667271293376,5.16354095826894,4.16942028985507,4.49168387096774,4.8011655011655,4.61301668653159,169
"140",2015,7,5.16666666666667,15,5.72222222222222,4.33333333333333,NA,5.375,5.09090909090909,9,6,0,4,11,1283,656,627,155,433,850,4.68240140296181,5.17120579268293,4.17098883572568,4.49168387096774,4.80646651270208,4.61920117647059,170
"141",2015,8,5.06875,16,5.88888888888889,4.01428571428571,4,4.33333333333333,5.23846153846154,9,7,1,3,13,1299,665,634,156,436,863,4.68716012317168,5.18091879699248,4.16925867507886,4.48853205128205,4.80321100917431,4.62852954808807,171
"142",2015,9,4.5,13,5.42857142857143,3.41666666666667,3.75,3.5,5.125,7,6,2,5,8,1312,672,640,158,441,871,4.68530564024391,5.18349851190477,4.162203125,4.4791835443038,4.78843537414966,4.63308955223881,172
"143",2015,10,4.89285714285714,14,5.5,4.28571428571429,6,5,4.86363636363636,7,7,2,3,11,1326,679,647,160,444,882,4.68749698340875,5.18676141384389,4.16353941267388,4.49819375,4.78986486486486,4.63596485260771,173
"144",2015,11,4.33333333333333,15,4.85714285714286,3.875,4,5,4,7,8,2,5,10,1341,686,655,162,449,892,4.68353542132737,5.18339795918368,4.16001526717557,4.49204320987654,4.79220489977728,4.62883520179372,174
"145",2015,12,4.43333333333333,15,4.45,4.4,NA,4.475,4.41818181818182,10,5,0,4,11,1356,696,660,162,453,903,4.68076769911505,5.17286063218391,4.16183333333333,4.49204320987654,4.78940397350993,4.62626910299003,175
"146",2016,1,5.02352941176471,17,5.58181818181818,4,5.5,5.16666666666667,4.99285714285714,11,6,2,3,14,1373,707,666,164,456,917,4.68501165331391,5.17922347949081,4.16037537537538,4.50433536585366,4.79188596491228,4.63186586695747,176
"147",2016,2,4.73684210526316,19,5,4.54545454545455,4.5,4.2,4.92857142857143,8,11,2,5,14,1392,715,677,166,461,931,4.68571910919541,5.17721818181819,4.16663220088626,4.50428313253012,4.78546637744035,4.6363276047261,177
"148",2016,3,5.26153846153846,13,5.98888888888889,3.625,2,5.9875,4.1,9,4,1,8,5,1405,724,681,167,469,936,4.69104697508897,5.18730801104973,4.16345080763583,4.4892874251497,4.80597014925373,4.63346260683761,178
"149",2016,4,5.075,16,5.24444444444444,4.85714285714286,8,5.36666666666667,4.9,9,7,1,6,10,1421,733,688,168,475,946,4.69537016185785,5.18800954979536,4.17050872093023,4.51018452380952,4.81305263157895,4.6362801268499,179
"150",2016,5,4.83333333333333,12,5.22222222222222,3.66666666666667,NA,5.25,4.625,9,3,0,4,8,1433,742,691,168,479,954,4.69652547103978,5.18842452830189,4.16832127351664,4.51018452380952,4.81670146137787,4.6361855345912,180
"151",2016,6,4.77777777777778,18,5.27272727272727,4,5.5,3.5,4.9375,11,7,2,2,16,1451,753,698,170,481,970,4.69753342522399,5.18965604249668,4.16663323782235,4.52182941176471,4.81122661122661,4.64115567010309,181
"152",2016,7,5.08333333333333,12,5.85714285714286,4,NA,5.5,5,7,5,0,2,10,1463,760,703,170,483,980,4.7006978810663,5.19580394736842,4.16544807965861,4.52182941176471,4.81407867494824,4.64481734693878,182
"153",2016,8,4.45454545454545,11,5.8,3.33333333333333,1,6,3.875,5,6,1,3,8,1474,765,709,171,486,988,4.69886092265943,5.19975294117647,4.15840620592384,4.50123391812865,4.82139917695473,4.63858400809717,183
"154",2016,9,5,11,5.25,4.85714285714286,6.5,4.66666666666667,5.125,4,7,2,3,8,1485,769,716,173,489,996,4.70109158249158,5.20001430429129,4.1652374301676,4.52434104046243,4.82044989775051,4.64249096385542,184
"155",2016,10,4.71428571428571,14,5.25,4,5,4.5,4.8,8,6,1,4,10,1499,777,722,174,493,1006,4.70121480987325,5.20052895752896,4.16386426592798,4.52707471264368,4.81784989858012,4.64405666003976,185
"156",2016,11,5.54761904761905,21,5.85714285714286,4.92857142857143,8,5.83333333333333,5.43333333333333,14,7,1,6,15,1520,791,729,175,499,1021,4.71290855263158,5.21215044247788,4.17120713305899,4.54692,4.83006012024048,4.65565230166504,186
"157",2016,12,4.95238095238095,21,4.83333333333333,5.11111111111111,5.5,5.5,4.73333333333333,12,9,2,6,15,1541,803,738,177,505,1036,4.71617196625568,5.2064894146949,4.18266937669377,4.55768926553672,4.8380198019802,4.65677702702703,187
"158",2017,1,5.515,20,6.22727272727273,4.64444444444444,2,4.2,5.95333333333333,11,9,1,5,15,1561,814,747,178,510,1051,4.7264067905189,5.22028378378379,4.18823293172691,4.5433202247191,4.83176470588235,4.67528163653663,188
"159",2017,2,5.58,15,5.7,5.25,5,6,5.475,11,4,1,3,12,1576,825,751,179,513,1063,4.73453109137056,5.22668,4.19388814913449,4.54587150837989,4.83859649122807,4.6843095014111,189
"160",2017,3,4.52352941176471,17,5.15833333333333,3,4,5.375,4.26153846153846,12,5,2,4,13,1593,837,756,181,517,1076,4.73227934714376,5.22570011947432,4.18599206349207,4.53983977900552,4.84274661508704,4.67920167286245,190
"161",2017,4,4.688125,16,5,4.002,NA,5,4.64357142857143,11,5,0,2,14,1609,848,761,181,519,1090,4.73184027346178,5.22277240566038,4.18478318002628,4.53983977900552,4.84335260115607,4.67874403669725,191
"162",2017,5,5.15384615384615,13,6,4.42857142857143,5,5,5.16666666666667,6,7,3,1,12,1622,854,768,184,520,1102,4.7352225647349,5.22823302107729,4.18700520833334,4.54734239130435,4.84365384615385,4.68405716878403,192
"163",2017,6,4.6,5,5.25,4.16666666666667,NA,NA,4.6,2,3,0,0,5,1627,856,771,184,520,1107,4.73480700676091,5.22828387850468,4.18692607003891,4.54734239130435,4.84365384615385,4.68367750677507,193
"164",2017,7,4.90909090909091,11,5.5,3.33333333333333,NA,6,4.5,8,3,0,3,8,1638,864,774,184,523,1115,4.73597741147741,5.23079976851852,4.18361757105944,4.54734239130435,4.85028680688337,4.68235964125561,194
"165",2017,8,4.825,20,4.89285714285714,4.66666666666667,NA,6,4.69444444444444,14,6,0,2,18,1658,878,780,184,525,1133,4.73705126658625,5.22541116173121,4.18733333333334,4.54734239130435,4.85466666666667,4.68255163283319,195
"166",2017,9,4,5,4,4,4,NA,4,3,2,2,0,5,1663,881,782,186,525,1138,4.73483523752255,5.22123836549376,4.18685421994885,4.54145698924731,4.85466666666667,4.67955272407733,196
"167",2017,10,4.88461538461539,13,5.4375,4,5,5.2,4.6875,8,5,2,5,8,1676,889,787,188,530,1146,4.73599701670645,5.22318447694038,4.18566709021601,4.54633510638298,4.85792452830189,4.67960820244328,197
"168",2017,11,4.33333333333333,15,5.3125,3.21428571428571,2,4.5,4.25,8,7,2,5,10,1691,897,794,190,535,1156,4.73242519219397,5.22398104793757,4.1771032745592,4.51953157894737,4.85457943925234,4.67589186851211,198
"169",2017,12,4.69375,16,5.08571428571429,4.38888888888889,4.25,4.9,4.6,7,9,2,5,11,1707,904,803,192,540,1167,4.73206268306972,5.22291039823009,4.17947696139477,4.51672395833333,4.855,4.675176520994,199
"170",2018,1,4.52578947368421,19,5.425,2.98428571428571,3.89,4,4.555,12,7,1,1,18,1726,916,810,193,541,1185,4.729792004635,5.22555786026201,4.16914814814815,4.51347668393782,4.85341959334566,4.67335105485232,200
"171",2018,2,4.68888888888889,9,4.53333333333333,5,5,5,4.6,6,3,1,2,7,1735,922,813,194,543,1192,4.72957982708934,5.22105314533623,4.17221402214022,4.51598453608247,4.85395948434622,4.67292030201342,201
"172",2018,3,4.65454545454545,11,5.36666666666667,3.8,3,6,4.52,6,5,1,1,10,1746,928,818,195,544,1202,4.72910710194731,5.22199461206897,4.16993887530563,4.50821025641025,4.85606617647059,4.67164808652246,202
"173",2018,4,5.27222222222222,18,5.88888888888889,4.65555555555556,5,5.125,5.31428571428571,9,9,2,4,14,1764,937,827,197,548,1216,4.73464909297052,5.22840021344717,4.17522370012092,4.51320304568528,4.85802919708029,4.679046875,203
"174",2018,5,4.40909090909091,11,4.78571428571429,3.75,NA,3,4.55,7,4,0,1,10,1775,944,831,197,549,1226,4.73263154929578,5.22511758474576,4.17317689530686,4.51320304568528,4.85464480874317,4.6779942903752,204
"175",2018,6,4.84375,16,4.95454545454545,4.6,4.5,4.66666666666667,4.88461538461539,11,5,2,3,13,1791,955,836,199,552,1239,4.73362423227248,5.22200104712042,4.17572966507177,4.51307035175879,4.8536231884058,4.68016222760291,205
"176",2018,7,3.75,8,5.33333333333333,2.8,4.5,3,3.85714285714286,3,5,2,1,7,1799,958,841,201,553,1246,4.72925013896609,5.2223496868476,4.16755053507729,4.51294029850746,4.8502712477396,4.67553852327448,206
"177",2018,8,4.42857142857143,14,5.25,3.33333333333333,4,4.5,4.4,8,6,3,4,10,1813,966,847,204,557,1256,4.72692829564258,5.22257867494824,4.16164108618654,4.50539705882353,4.84775583482944,4.67334474522293,207
"178",2018,9,4.83333333333333,15,5.125,4.5,4.75,5,4.75,8,7,4,5,10,1828,974,854,208,562,1266,4.72780142231948,5.2217772073922,4.16441451990633,4.51010096153846,4.8491103202847,4.67395023696683,208
"179",2018,10,4.99444444444444,18,5.23076923076923,4.38,NA,3,5.11176470588235,13,5,0,1,17,1846,987,859,208,563,1283,4.73040140845071,5.22189564336373,4.16566938300349,4.51010096153846,4.84582593250444,4.67975136399065,209
"180",2018,11,4.96428571428571,14,6.75,3.625,2.5,5,4.95833333333333,6,8,2,2,12,1860,993,867,210,565,1295,4.73216182795699,5.23112890231622,4.16068050749712,4.49095714285714,4.84637168141593,4.68233281853282,210
"181",2018,12,5.1,15,5.61111111111111,4.33333333333333,5,6,4.875,9,6,1,3,12,1875,1002,873,211,568,1307,4.73510453333334,5.23454191616767,4.16186712485682,4.49336966824644,4.85246478873239,4.68410175975517,211
"182",2019,1,5.90625,16,5.88888888888889,5.92857142857143,7,6.66666666666667,5.73076923076923,9,7,2,3,13,1891,1011,880,213,571,1320,4.74501374933898,5.24036696340257,4.17592045454546,4.51690610328638,4.86199649737303,4.69440984848485,212
"183",2019,2,4.525,12,5.35714285714286,3.36,NA,4.5,4.53,7,5,0,2,10,1903,1018,885,213,573,1330,4.74362637940095,5.24116994106091,4.17131073446328,4.51690610328638,4.86073298429319,4.69317368421053,213
"184",2019,3,5.05,10,5.16666666666667,4.875,6,5,5.0625,6,4,2,2,8,1913,1024,889,215,575,1338,4.74522791427078,5.2407333984375,4.17447694038245,4.53070232558139,4.86121739130435,4.69538191330344,214
"185",2019,4,4.63636363636364,11,4.77777777777778,4,4,6,4.33333333333333,9,2,1,2,9,1924,1033,891,216,577,1347,4.74460550935551,5.23669990319458,4.17408529741863,4.52824537037037,4.86516464471404,4.69296288047513,215
"186",2019,5,3.88461538461538,13,4.05555555555556,3.5,2,3.75,3.94444444444444,9,4,1,4,9,1937,1042,895,217,581,1356,4.73883376355189,5.22649808061421,4.17107262569833,4.51659447004608,4.85748709122203,4.68799483775811,216
"187",2019,6,5,9,5.83333333333333,3.33333333333333,4,6.33333333333333,4.33333333333333,6,3,1,3,6,1946,1048,898,218,584,1362,4.74004162384378,5.22997232824428,4.16827394209354,4.5142247706422,4.86506849315069,4.68643245227606,217
"188",2019,7,5.26923076923077,13,5.16666666666667,5.5,NA,6,5.20833333333333,9,4,0,1,12,1959,1057,902,218,585,1374,4.74355334354262,5.22943330179754,4.17417960088692,4.5142247706422,4.86700854700855,4.69099053857351,218
"189",2019,8,4.73333333333333,18,5.16666666666667,4.3,5,7,4.45,9,9,2,2,16,1977,1066,911,220,587,1390,4.7434602933738,5.2289033771107,4.17542261251372,4.51864090909091,4.87427597955707,4.68821654676259,219
"190",2019,9,4.90555555555556,18,5.83333333333333,4.44166666666667,5,5.95,4.60714285714286,6,12,1,4,14,1995,1072,923,221,591,1404,4.74492280701755,5.23228638059702,4.17888407367281,4.52081900452489,4.88155668358714,4.68740811965812,220
"191",2019,10,4.78375,16,5.254,4,4.33333333333333,5.1,4.64,10,6,3,5,11,2011,1082,929,224,596,1415,4.7452317255097,5.23248706099815,4.17772874058127,4.51830803571429,4.88338926174497,4.68703957597173,221
"192",2019,11,4.63636363636364,11,5.83333333333333,3.2,NA,NA,4.63636363636364,6,5,0,0,11,2022,1088,934,224,596,1426,4.74463946587537,5.23580055147059,4.17249464668094,4.51830803571429,4.88338926174497,4.68664866760168,222
"193",2019,12,4.875,16,4.75,5,NA,NA,4.875,8,8,0,0,16,2038,1096,942,224,596,1442,4.74566290480864,5.2322545620438,4.17952229299363,4.51830803571429,4.88338926174497,4.68873855755895,223
"194",2020,1,4.68529411764706,34,5.3125,4.12777777777778,3.66,4,4.83214285714286,16,18,5,6,28,2072,1112,960,229,602,1470,4.7446722972973,5.23340917266187,4.17855208333334,4.49956768558952,4.87458471760797,4.69147006802721,224
"195",2020,2,4.76666666666667,15,5.16666666666667,4.16666666666667,5,4.5,4.86363636363636,9,6,2,4,11,2087,1121,966,231,606,1481,4.74483037853378,5.23287332738626,4.17847826086957,4.50390043290043,4.87211221122112,4.69274881836597,225
"196",2020,3,4.6570625,20,5.32354166666667,4.37142857142857,4,4.6,4.67608333333333,6,14,2,5,15,2107,1127,980,233,611,1496,4.74399727100143,5.23335603371784,4.18123469387755,4.49957510729614,4.86988543371522,4.69258171791444,226
"197",2020,4,4.865625,32,5.24782608695652,3.88888888888889,4,5.67142857142857,4.64,23,9,2,7,25,2139,1150,989,235,618,1521,4.74581685366994,5.23364543478261,4.17857431749242,4.49532340425532,4.8789644012945,4.6917174556213,227
"198",2020,5,4.79411764705882,17,5.79166666666667,2.4,NA,4,4.84375,12,5,0,1,16,2156,1162,994,235,619,1537,4.74619770408163,5.23940813253012,4.1696277665996,4.49532340425532,4.87754442649435,4.69330009759271,228
"199",2020,6,4.88888888888889,27,6.125,4.36842105263158,5.5,6,4.75,8,19,2,3,24,2183,1170,1013,237,622,1561,4.74796255153459,5.24546346153846,4.17335636722606,4.50380168776371,4.88295819935691,4.69417184497117,229
"200",2020,7,4.73913043478261,23,5.36363636363636,4.16666666666667,3.75,6,4.55,11,12,2,3,20,2206,1181,1025,239,625,1581,4.74787046690843,5.24656414055885,4.17327804878049,4.49749372384937,4.88832,4.69234803921569,230
"201",2020,8,4.5,18,4.5,4.5,3.5,3.5,4.78571428571429,14,4,2,4,14,2224,1195,1029,241,629,1595,4.74586432104317,5.23781778242678,4.17454810495627,4.48921576763485,4.87949125596184,4.69316755485893,231
"202",2020,9,5,13,6.125,3.2,NA,8,4.75,8,5,0,1,12,2237,1203,1034,241,630,1607,4.74734119356281,5.24371758104738,4.16983558994198,4.48921576763485,4.88444444444445,4.69359194150591,232
"203",2020,10,4.63235294117647,17,5.3,3.67857142857143,6,NA,4.63235294117647,10,7,1,0,17,2254,1213,1041,242,630,1624,4.74647393522627,5.24418157460841,4.16653218059558,4.49545867768595,4.88444444444445,4.69295089285714,233
"204",2020,11,5.12,25,5.875,3.77777777777778,4,5.8,4.95,16,9,1,5,20,2279,1229,1050,243,635,1644,4.7505714129004,5.25239401952807,4.1632,4.49341975308642,4.89165354330709,4.69607801094891,234
"205",2020,12,3.94186046511628,43,4.66666666666667,3.55357142857143,3.4,6.25,3.70512820512821,15,28,5,4,39,2322,1244,1078,248,639,1683,4.73559528423773,5.24533139067524,4.14736549165121,4.471375,4.90015649452269,4.67311482471777,235
"206",2021,1,4.83333333333333,42,5.2,3.91666666666667,4,4.66666666666667,4.86111111111111,30,12,3,6,36,2364,1274,1090,251,645,1719,4.73733174703892,5.24426393249608,4.1448256880734,4.46574103585657,4.89798449612403,4.67705191972077,236
"207",2021,2,5.15789421052632,19,5.99999909090909,4,6,8.499995,4.76470588235294,11,8,2,2,17,2383,1285,1098,253,647,1736,4.7406849517415,5.25073326070039,4.14377049180328,4.47786956521739,4.90911899536322,4.67791028225806,237
"208",2021,3,4.8676,20,5.25,4.294,4.784,5.11733333333333,4.82352941176471,12,8,3,3,17,2403,1297,1106,256,650,1753,4.74174125676238,5.2507264764842,4.14485714285714,4.48145703125,4.91007998461538,4.67932244723331,238
"209",2021,4,4.89473684210526,19,5.57692307692308,3.41666666666667,NA,4.6,5,13,6,0,5,14,2422,1310,1112,256,655,1767,4.74294146985962,5.25396354198474,4.14092805755396,4.48145703125,4.90771296183206,4.68186318619128,239
"210",2021,5,4.75882352941176,17,5.32857142857143,4.36,4.53333333333333,5.55,4.65333333333333,7,10,3,2,15,2439,1317,1122,259,657,1782,4.74305216892169,5.25436009111618,4.14288057040998,4.48205791505791,4.90966817351598,4.6816230359147,240
"211",2021,6,4.28518518518518,27,5.10909090909091,3.71875,2,4.4,4.25909090909091,11,16,2,5,22,2466,1328,1138,261,662,1804,4.73803902676399,5.25315680722892,4.13691739894552,4.46303831417624,4.90581871601208,4.67647020509978,241
"212",2021,7,4.51,10,6.42,2.6,NA,3,4.67777777777778,5,5,0,1,9,2476,1333,1143,261,663,1813,4.73711802907916,5.25753356339085,4.13019422572179,4.46303831417624,4.90294417797888,4.67647669608384,242
"213",2021,8,4.81230769230769,26,4.95466666666667,4.61818181818182,NA,5,4.79666666666667,15,11,0,2,24,2502,1348,1154,261,665,1837,4.7378993764988,5.25416338278932,4.13484575389948,4.46303831417624,4.90323607518797,4.67804695155144,243
"214",2021,9,5.35526315789474,19,6.07692307692308,3.79166666666667,2.83333333333333,5,5.48214285714286,13,6,3,5,14,2521,1361,1160,264,670,1851,4.74255225704086,5.26202221895665,4.13307068965517,4.44451893939394,4.90395819402985,4.68412871420854,244
"215",2021,10,4.57894736842105,19,5.6,3.44444444444444,2.33333333333333,4,4.61111111111111,10,9,3,1,18,2540,1371,1169,267,671,1869,4.74132844094489,5.26448741064916,4.12776903336185,4.42079775280899,4.90261101341282,4.68342549491707,245
"216",2021,11,5.13333333333333,18,6.54444444444444,3.72222222222222,3.5,4.5,5.31428571428571,9,9,2,4,14,2558,1380,1178,269,675,1883,4.7440868803753,5.27283495652174,4.12467062818336,4.41395167286245,4.90022517037037,4.68811590546999,246
"217",2021,12,4.39130434782609,23,5,3.25,1,4.25,4.42105263157895,15,8,1,4,19,2581,1395,1186,270,679,1902,4.74094313831848,5.26990124731183,4.11877065767285,4.40130740740741,4.89639468335788,4.6854480809674,247
"218",2022,1,4.59517073170732,41,5.03333333333333,4.25226086956522,4.4,5.5,4.49735135135135,18,23,5,4,37,2622,1413,1209,275,683,1939,4.73866370709383,5.2668876433121,4.12131017369727,4.40128363636364,4.89992970717423,4.68185881897886,248
"219",2022,2,4.8695652173913,23,6,4,3,5.75,4.68421052631579,10,13,5,4,19,2645,1423,1222,280,687,1958,4.73980198109641,5.27203952213633,4.12001963993454,4.37626071428571,4.90487917030568,4.68188163942799,249
"220",2022,3,5.503125,16,6.8,4.91363636363636,5,4.35,5.76923076923077,5,11,3,3,13,2661,1428,1233,283,690,1971,4.74439167230365,5.27738952380953,4.127099756691,4.38287279151943,4.90246665217391,4.6890533992897,250
"221",2022,4,5.03571428571429,14,6.08333333333333,4.25,4,5.5,4.95833333333333,6,8,1,2,12,2675,1434,1241,284,692,1983,4.74591635140187,5.28076167364017,4.12789202256245,4.38152464788732,4.90419362716763,4.69068292990419,251
"222",2022,5,4.69565217391304,23,4.44444444444444,4.85714285714286,6.5,4.25,4.78947368421053,9,14,4,4,19,2698,1443,1255,288,696,2002,4.74548785767235,5.27554555786556,4.13602709163347,4.41094791666667,4.90043389367816,4.69162050449551,252
"223",2022,6,4.65384615384615,13,5.21428571428571,4,5,5.5,4.5,7,6,1,2,11,2711,1450,1261,289,698,2013,4.74504841018075,5.27524982068966,4.13537985725615,4.41298615916955,4.90215184813754,4.69057339791356,253
"224",2022,7,4.85,18,5.03,4.625,3,5,4.83125,10,8,1,2,16,2729,1460,1269,290,700,2029,4.74574065225358,5.27357002739726,4.13846650906226,4.40811379310345,4.90243141428571,4.69168272548053,254
"225",2022,8,4.53846153846154,26,5.05,4.21875,3,NA,4.53846153846154,10,16,2,0,26,2755,1470,1285,292,700,2055,4.74378447912886,5.27204914285714,4.13946614785992,4.39846917808219,4.90243141428571,4.68974416058394,255
"226",2022,9,4.5675625,16,4.647625,4.4875,NA,4.24525,4.675,8,8,0,4,12,2771,1478,1293,292,704,2067,4.74276695777698,5.26866930987822,4.14161948955917,4.39846917808219,4.89869742897727,4.68965856313498,256
"227",2022,10,5.57204761904762,21,5.76923076923077,5.251625,6,6,5.527,13,8,1,2,19,2792,1491,1301,293,706,2086,4.74900438395416,5.27303369550637,4.14844504227518,4.40393515358362,4.90181726628895,4.69728535474593,257
"228",2022,11,4.02941176470588,17,4.5,3.83333333333333,3.66666666666667,4,4.03125,5,12,3,1,16,2809,1496,1313,296,707,2102,4.7446494268423,5.27045002673797,4.14556511805027,4.39646283783784,4.90054171145686,4.69221562797336,258
"229",2022,12,4.4,20,6,4,5,4,4.44444444444444,4,16,1,2,18,2829,1500,1329,297,709,2120,4.74221288087664,5.27239549333333,4.14381264108352,4.39849494949495,4.89800139633286,4.69011191037736,259
