"","year","month","avg_rating","no_ratings","avg_rating_owned","avg_rating_not_owned","avg_rating_prev_owned","avg_rating_comment","avg_rating_no_comment","no_ratings_owned","no_ratings_not_owned","no_ratings_prev_owned","no_ratings_comment","no_ratings_no_comment","cum_no_ratings","cum_no_ratings_owned","cum_no_ratings_not_owned","cum_no_ratings_prev_owned","cum_no_ratings_comment","cum_no_ratings_no_comment","cum_avg_rating","cum_avg_rating_owned","cum_avg_rating_not_owned","cum_avg_rating_prev_owned","cum_avg_rating_comment","cum_avg_rating_no_comment","month_after_release"
"1",2003,10,7.5,4,8.33333333333333,5,5,5,8.33333333333333,3,1,1,1,3,4,3,1,1,1,3,7.5,8.33333333333333,5,5,5,8.33333333333333,0
"2",2003,11,7.138,25,7.61470588235294,6.125,NA,7.2,7.08928571428571,17,8,0,11,14,29,20,9,1,12,17,7.18793103448276,7.7225,6,5,7.01666666666667,7.30882352941176,1
"3",2003,12,7.91875,16,7.95384615384615,7.76666666666667,NA,7.88181818181818,8,13,3,0,11,5,45,33,12,1,23,22,7.44777777777778,7.81363636363636,6.44166666666667,5,7.4304347826087,7.46590909090909,2
"4",2004,1,6.07692307692308,13,7,5.5,NA,5.5,6.75,5,8,0,7,6,58,38,20,1,30,28,7.14051724137931,7.70657894736842,6.065,5,6.98,7.3125,3
"5",2004,2,6.4375,16,7.09090909090909,5,NA,5.5,7.16666666666667,11,5,0,7,9,74,49,25,1,37,37,6.98851351351351,7.56836734693878,5.852,5,6.7,7.27702702702703,4
"6",2004,3,7.45833333333333,12,7.5,7.33333333333333,7,8.66666666666667,7.05555555555556,9,3,1,3,9,86,58,28,2,40,46,7.05406976744186,7.55775862068966,6.01071428571429,6,6.8475,7.23369565217391,5
"7",2004,4,7.56818181818182,22,7.77777777777778,6.625,4,7.75,7.46428571428571,18,4,1,8,14,108,76,32,3,48,60,7.1587962962963,7.60986842105263,6.0875,5.33333333333333,6.99791666666667,7.2875,6
"8",2004,5,7.15,20,7.73076923076923,6.07142857142857,NA,7.1875,7.125,13,7,0,8,12,128,89,39,3,56,72,7.157421875,7.62752808988764,6.08461538461538,5.33333333333333,7.025,7.26041666666667,7
"9",2004,6,7.37826086956522,23,7.66666666666667,6.8375,6,7.24444444444444,7.46428571428571,15,8,1,9,14,151,104,47,4,65,86,7.19105960264901,7.63317307692308,6.21276595744681,5.5,7.05538461538461,7.29360465116279,8
"10",2004,7,7,8,7,7,6.75,7.125,6.875,5,3,2,4,4,159,109,50,6,69,90,7.1814465408805,7.60412844036697,6.26,5.91666666666667,7.05942028985507,7.275,9
"11",2004,8,8,8,7.85714285714286,9,NA,8.3,7.5,7,1,0,5,3,167,116,51,6,74,93,7.22065868263473,7.61939655172414,6.31372549019608,5.91666666666667,7.14324324324324,7.28225806451613,10
"12",2004,9,7.41666666666667,12,7.78571428571429,6.9,7,7.125,7.5625,7,5,1,4,8,179,123,56,7,78,101,7.23379888268156,7.62886178861789,6.36607142857143,6.07142857142857,7.14230769230769,7.30445544554455,11
"13",2004,10,7.42307692307692,13,7.55,7,7,7.66666666666667,7.21428571428571,10,3,1,6,7,192,133,59,8,84,108,7.24661458333333,7.62293233082707,6.39830508474576,6.1875,7.1797619047619,7.29861111111111,12
"14",2004,11,6.46875,16,6.79166666666667,5.5,NA,6.08333333333333,6.7,12,4,0,6,10,208,145,63,8,90,118,7.18677884615385,7.55413793103448,6.34126984126984,6.1875,7.10666666666667,7.2478813559322,13
"15",2004,12,7.14285714285714,14,7.4,7,NA,6.5,7.4,5,9,0,4,10,222,150,72,8,94,128,7.18400900900901,7.549,6.42361111111111,6.1875,7.08085106382979,7.259765625,14
"16",2005,1,7.02941176470588,34,7.42307692307692,5.75,NA,6.85294117647059,7.20588235294118,26,8,0,17,17,256,176,80,8,111,145,7.1634765625,7.53039772727273,6.35625,6.1875,7.04594594594595,7.25344827586207,15
"17",2005,2,6.98611111111111,36,7.26923076923077,6.25,6.66666666666667,6.94444444444444,7.02777777777778,26,10,3,18,18,292,202,90,11,129,163,7.1416095890411,7.49678217821782,6.34444444444444,6.31818181818182,7.03178294573643,7.22852760736196,16
"18",2005,3,6.48214285714286,28,7.02380952380952,4.85714285714286,5,5.89285714285714,7.07142857142857,21,7,2,14,14,320,223,97,13,143,177,7.08390625,7.45224215246637,6.23711340206186,6.11538461538461,6.92027972027972,7.21610169491525,17
"19",2005,4,7.10714285714286,14,7.125,7,7,7.16666666666667,7.0625,12,2,2,6,8,334,235,99,15,149,185,7.08488023952096,7.43553191489362,6.25252525252525,6.23333333333333,6.93020134228188,7.20945945945946,18
"20",2005,5,6.91463414634146,41,7.31818181818182,6.44736842105263,6,7.29411764705882,6.64583333333333,22,19,2,17,24,375,257,118,17,166,209,7.06626666666667,7.42548638132296,6.28389830508475,6.20588235294118,6.96746987951807,7.14473684210526,19
"21",2005,6,6.84375,16,7.27272727272727,5.9,NA,6.85,6.83333333333333,11,5,0,10,6,391,268,123,17,176,215,7.05716112531969,7.41921641791045,6.26829268292683,6.20588235294118,6.96079545454545,7.13604651162791,20
"22",2005,7,6.675,28,7.06,6.23076923076923,6,6.48181818181818,6.8,15,13,2,11,17,419,283,136,19,187,232,7.03162291169451,7.40017667844523,6.26470588235294,6.18421052631579,6.93262032085561,7.1114224137931,21
"23",2005,8,6.90322580645161,31,7.05555555555556,6.69230769230769,7,7.02941176470588,6.75,18,13,1,17,14,450,301,149,20,204,246,7.02277777777778,7.37956810631229,6.30201342281879,6.225,6.9406862745098,7.09085365853659,22
"24",2005,9,6.98676470588235,34,7.19423076923077,6.3125,7.5,7.17941176470588,6.79411764705882,26,8,1,17,17,484,327,157,21,221,263,7.0202479338843,7.36483180428135,6.30254777070064,6.28571428571429,6.95904977375566,7.07167300380228,23
"25",2005,10,6.76842105263158,38,7.07083333333333,6.25,NA,6.73809523809524,6.80588235294118,24,14,0,21,17,522,351,171,21,242,280,7.00191570881226,7.34472934472934,6.29824561403509,6.28571428571429,6.93987603305785,7.05553571428571,24
"26",2005,11,6.75875,40,7.09791666666667,6.25,NA,6.90277777777778,6.64090909090909,24,16,0,18,22,562,375,187,21,260,302,6.98460854092527,7.32893333333333,6.29411764705882,6.28571428571429,6.93730769230769,7.02533112582782,25
"27",2005,12,6.95576923076923,26,7.47916666666667,6.50714285714286,7.12,6.82692307692308,7.08461538461538,12,14,5,13,13,588,387,201,26,273,315,6.98333333333333,7.33359173126615,6.3089552238806,6.44615384615385,6.93205128205128,7.02777777777778,26
"28",2006,1,6.82051282051282,39,7.15,5.72222222222222,5.5,6.88095238095238,6.75,30,9,1,21,18,627,417,210,27,294,333,6.97320574162679,7.32038369304556,6.28380952380952,6.41111111111111,6.92840136054422,7.01276276276276,27
"29",2006,2,7.085,20,7.37142857142857,6.41666666666667,NA,7.05,7.12,14,6,0,10,10,647,431,216,27,304,343,6.97666151468315,7.32204176334107,6.2875,6.41111111111111,6.93240131578947,7.01588921282799,28
"30",2006,3,7.01578947368421,38,7.36923076923077,6.25,4.5,7.04615384615385,7,26,12,2,13,25,685,457,228,29,317,368,6.97883211678832,7.32472647702407,6.28552631578947,6.27931034482759,6.93706624605678,7.01480978260869,29
"31",2006,4,6.84375,16,6.80769230769231,7,NA,6.85714285714286,6.83333333333333,13,3,0,7,9,701,470,231,29,324,377,6.97574893009986,7.31042553191489,6.29480519480519,6.27931034482759,6.93533950617284,7.0104774535809,30
"32",2006,5,7.11764705882353,17,7.25,6.8,NA,7,7.2,12,5,0,7,10,718,482,236,29,331,387,6.97910863509749,7.30892116182573,6.30550847457627,6.27931034482759,6.93670694864048,7.01537467700258,31
"33",2006,6,7.025,28,7.225,6.525,NA,7.25,6.725,20,8,0,16,12,746,502,244,29,347,399,6.98083109919571,7.30557768924303,6.31270491803279,6.27931034482759,6.95115273775216,7.00664160401002,32
"34",2006,7,6.77083333333333,24,6.83333333333333,6.66666666666667,7.5,6.84615384615385,6.68181818181818,15,9,3,13,11,770,517,253,32,360,410,6.97428571428571,7.29187620889748,6.32529644268775,6.39375,6.94736111111111,6.99792682926829,33
"35",2006,8,6.75178571428571,28,7.0525,6,6.5,6.66363636363636,6.80882352941176,20,8,2,11,17,798,537,261,34,371,427,6.96647869674185,7.28296089385475,6.31532567049808,6.4,6.93894878706199,6.9903981264637,34
"36",2006,9,7.0125,36,7.32083333333333,6.39583333333333,6.66666666666667,6.975,7.03125,24,12,3,12,24,834,561,273,37,383,451,6.96846522781775,7.28458110516934,6.31886446886447,6.42162162162162,6.94007832898172,6.99257206208426,35
"37",2006,10,6.60147058823529,34,6.96363636363636,5.9375,5.5,6.33571428571429,6.7875,22,12,2,14,20,868,583,285,39,397,471,6.95408986175115,7.27246998284734,6.30280701754386,6.37435897435897,6.91876574307305,6.98386411889597,36
"38",2006,11,6.95,22,7.40833333333333,6.4,NA,6.6,7.24166666666667,12,10,0,10,12,890,595,295,39,407,483,6.95398876404494,7.27521008403361,6.30610169491525,6.37435897435897,6.91093366093366,6.99026915113872,37
"39",2006,12,6.87297297297297,37,7.28,6.025,6,6.59375,7.08571428571429,25,12,1,16,21,927,620,307,40,423,504,6.95075512405609,7.27540322580645,6.29511400651466,6.365,6.89893617021276,6.99424603174603,38
"40",2007,1,6.65892857142857,56,7.18,6.23870967741935,6.83333333333333,6.64285714285714,6.66857142857143,25,31,3,21,35,983,645,338,43,444,539,6.93413021363174,7.27170542635659,6.28994082840237,6.39767441860465,6.88682432432432,6.97309833024119,39
"41",2007,2,6.57063953488372,43,6.94782608695652,6.136875,5.33333333333333,6.55714285714286,6.57715517241379,23,20,3,14,29,1026,668,358,46,458,568,6.91889619883041,7.26055389221557,6.28138966480447,6.32826086956522,6.87674672489083,6.95288292253521,40
"42",2007,3,6.26309523809524,42,6.65625,6.02115384615385,6.33333333333333,6.10869565217391,6.45,16,26,3,23,19,1068,684,384,49,481,587,6.89310627340824,7.24641812865497,6.26376953125,6.32857142857143,6.84002079002079,6.93660562180579,41
"43",2007,4,6.66205882352941,34,7.01722222222222,6.2625,6.625,6.68733333333333,6.64210526315789,18,16,4,15,19,1102,702,400,53,496,606,6.8859777676951,7.24054131054131,6.26371875,6.35094339622642,6.83540322580645,6.92737211221122,42
"44",2007,5,6.73684210526316,38,7.09090909090909,6.25,7,6.8,6.69565217391304,22,16,3,15,23,1140,724,416,56,511,629,6.88100657894737,7.23599447513812,6.26319110576923,6.38571428571429,6.83436399217221,6.91889904610493,43
"45",2007,6,6.90138888888889,36,7.45681818181818,6.02857142857143,7,7.08076923076923,6.8,22,14,1,13,23,1176,746,430,57,524,652,6.88163052721088,7.24250670241287,6.2555523255814,6.39649122807018,6.84047709923664,6.91470475460123,44
"46",2007,7,6.58461538461538,26,6.93333333333333,6.10909090909091,6,6.5,6.61578947368421,15,11,4,7,19,1202,761,441,61,531,671,6.87520590682196,7.23641261498029,6.25189909297052,6.37049180327869,6.83598870056497,6.90624068554396,45
"47",2007,8,6.63636363636364,33,7.21875,6.08823529411765,6.25,6.46153846153846,6.75,16,17,4,13,20,1235,777,458,65,544,691,6.86882388663968,7.23604890604891,6.24582423580786,6.36307692307692,6.82704044117647,6.90171852387844,46
"48",2007,9,6.73720930232558,43,7.15416666666667,6.21052631578947,NA,6.13157894736842,7.21666666666667,24,19,0,19,24,1278,801,477,65,563,715,6.8643955399061,7.23359550561798,6.24441823899371,6.36307692307692,6.8035701598579,6.91229020979021,47
"49",2007,10,6.38410714285714,56,6.80862068965517,5.92814814814815,6.5,6.31166666666667,6.41842105263158,29,27,2,18,38,1334,830,504,67,581,753,6.84423350824588,7.21874698795181,6.2274751984127,6.36716417910448,6.78833046471601,6.88736719787516,48
"50",2007,11,7.05918367346939,49,7.35454545454545,6.45,NA,7.07727272727273,7.04444444444444,33,16,0,22,27,1383,863,520,67,603,780,6.85184924078091,7.22393974507532,6.23432211538462,6.36716417910448,6.79887230514096,6.89280448717949,49
"51",2007,12,6.93333333333333,57,7.35,6.4,6.66666666666667,7.01111111111111,6.8974358974359,32,25,6,18,39,1440,895,545,73,621,819,6.85507465277778,7.2284469273743,6.24192201834862,6.39178082191781,6.80502415458937,6.89302503052503,50
"52",2008,1,6.35416666666667,48,6.61363636363636,6.13461538461539,5.875,6.65625,6.203125,22,26,4,16,32,1488,917,571,77,637,851,6.83891633064516,7.21369683751363,6.23703590192644,6.36493506493507,6.80128728414443,6.86708284371328,51
"53",2008,2,6.24333333333333,30,6.64736842105263,5.54545454545455,7,6.5,6.13333333333333,19,11,1,9,21,1518,936,582,78,646,872,6.82714591567852,7.20220085470085,6.2239647766323,6.37307692307692,6.79708978328173,6.8494122706422,52
"54",2008,3,6.57058823529412,34,6.97777777777778,6.1125,NA,6.80625,6.36111111111111,18,16,0,16,18,1552,954,598,78,662,890,6.82152545103093,7.19796645702306,6.22098244147157,6.37307692307692,6.79731117824773,6.83953651685393,53
"55",2008,4,6.74074074074074,27,6.96153846153846,6.53571428571429,6,6.625,6.78947368421053,13,14,4,8,19,1579,967,612,82,670,909,6.82014407853072,7.1947880041365,6.22818218954248,6.35487804878049,6.79525373134328,6.8384900990099,54
"56",2008,5,6.43333333333333,24,6.7125,5.875,NA,6.55,6.35,16,8,0,10,14,1603,983,620,82,680,923,6.81435277604491,7.18693794506612,6.223625,6.35487804878049,6.79164705882353,6.83108071505959,55
"57",2008,6,6.6962962962963,27,7.3,6.34117647058823,5.75,6.59090909090909,6.76875,10,17,4,11,16,1630,993,637,86,691,939,6.8123972392638,7.18807653575025,6.22676216640502,6.32674418604651,6.7884515195369,6.83001863684771,56
"58",2008,7,6.68615384615385,65,6.97941176470588,6.36451612903226,6.19166666666667,6.45,6.86486486486486,34,31,12,28,37,1695,1027,668,98,719,976,6.80755604719764,7.18116845180136,6.23315494011976,6.31020408163265,6.77527121001391,6.83133965163934,57
"59",2008,8,6.47317073170732,41,6.935,6.03333333333333,5.55,6.35,6.56041666666667,20,21,10,17,24,1736,1047,689,108,736,1000,6.79965869815668,7.17646609360076,6.22706458635704,6.23981481481481,6.76544836956522,6.8248375,58
"60",2008,9,6.65945945945946,37,6.82173913043478,6.39285714285714,7,6.61875,6.69047619047619,23,14,1,16,21,1773,1070,703,109,752,1021,6.79673293852228,7.16884112149533,6.23036628733997,6.24678899082569,6.76232712765957,6.82207394711067,59
"61",2008,10,6.68541666666667,48,6.97,6.48214285714286,6.2,6.5375,6.759375,20,28,10,16,32,1821,1090,731,119,768,1053,6.79379873695771,7.16519266055046,6.24001025991792,6.24285714285714,6.75764322916667,6.8201685660019,60
"62",2008,11,6.4921052631579,38,7,5.79375,5,6.28571428571429,6.6125,22,16,4,14,24,1859,1112,747,123,782,1077,6.78763179128564,7.16192446043165,6.23045180722892,6.20243902439024,6.74919437340153,6.8155408542247,61
"63",2008,12,6.58152173913043,46,6.98863636363636,6.20833333333333,5.95454545454545,6.89285714285714,6.4453125,22,24,11,14,32,1905,1134,771,134,796,1109,6.78265485564304,7.15856261022928,6.22976329442283,6.18208955223881,6.75172110552764,6.80485798016231,62
"64",2009,1,6.44761904761905,63,6.90588235294118,5.91034482758621,5.71111111111111,6.83636363636364,6.2390243902439,34,29,9,22,41,1968,1168,800,143,818,1150,6.77192962398374,7.15120719178082,6.218184375,6.15244755244755,6.75399755501222,6.78468478260869,63
"65",2009,2,6.62878787878788,66,7.01515151515152,6.24242424242424,6.13636363636364,7.11875,6.472,33,33,11,16,50,2034,1201,833,154,834,1200,6.767284906588,7.14746877601998,6.21914465786315,6.1512987012987,6.76099520383693,6.77165625,64
"66",2009,3,6.31698113207547,53,6.71666666666667,5.98620689655172,6.30833333333333,6.42352941176471,6.26666666666667,24,29,12,17,36,2087,1225,862,166,851,1236,6.75584930522281,7.13902857142857,6.21130800464037,6.16265060240964,6.75425381903643,6.75694781553398,65
"67",2009,4,6.52127659574468,47,6.88888888888889,6.29310344827586,6.25,5.96153846153846,6.73529411764706,18,29,4,13,34,2134,1243,891,170,864,1270,6.75068298969072,7.13540627514079,6.21397025813692,6.16470588235294,6.74232638888889,6.75636811023622,66
"68",2009,5,6.76510204081633,49,7.07107142857143,6.35714285714286,6.125,6.04545454545455,6.97342105263158,28,21,8,11,38,2183,1271,912,178,875,1308,6.75100664223546,7.13398898505114,6.21726699561404,6.16292134831461,6.73356571428571,6.76267392966361,67
"69",2009,6,6.44897959183673,49,6.88888888888889,6.19354838709677,6.5625,6.7,6.38461538461539,18,31,8,10,39,2232,1289,943,186,885,1347,6.74437612007168,7.13056633048875,6.21648727465536,6.18010752688172,6.73318644067797,6.7517279138827,68
"70",2009,7,6.6,60,6.99,6.21,5.73333333333333,6.50869565217391,6.65675675675676,30,30,12,23,37,2292,1319,973,198,908,1384,6.74059664048866,7.12736921910538,6.21628725590956,6.1530303030303,6.7275,6.7491889450867,69
"71",2009,8,6.66875,48,7.17,6.31071428571429,6.71428571428571,6.76363636363636,6.64054054054054,20,28,7,11,37,2340,1339,1001,205,919,1421,6.73912286324786,7.12800597460792,6.21892857142857,6.17219512195122,6.72793253536453,6.74635995777621,70
"72",2009,9,7.02368421052632,38,7.35,6.83333333333333,6.6875,7.54,6.83928571428571,14,24,8,10,28,2378,1353,1025,213,929,1449,6.74367010092515,7.13030303030303,6.23331463414634,6.19154929577465,6.73667384284176,6.74815562456867,71
"73",2009,10,6.77720588235294,68,7.22608695652174,6.54777777777778,6.4,6.71052631578947,6.8030612244898,23,45,16,19,49,2446,1376,1070,229,948,1498,6.74460241210139,7.13190406976744,6.24653971962617,6.2061135371179,6.73614978902953,6.74995160213618,72
"74",2009,11,6.4484126984127,63,6.75961538461539,6.22972972972973,6.10714285714286,6.1375,6.59302325581395,26,37,14,20,43,2509,1402,1107,243,968,1541,6.73716520526106,7.125,6.24597786811201,6.20041152263375,6.72378099173554,6.74557268007787,73
"75",2009,12,6.72518518518519,54,7.24461538461538,6.24285714285714,6.57142857142857,6.56952380952381,6.82424242424242,26,28,7,21,33,2563,1428,1135,250,989,1574,6.73691279750293,7.12717787114846,6.24590088105727,6.2108,6.7205055611729,6.74722204574333,74
"76",2010,1,6.640625,64,6.99393939393939,6.26451612903226,6.05333333333333,6.90769230769231,6.57254901960784,33,31,15,13,51,2627,1461,1166,265,1002,1625,6.73456699657404,7.12416837782341,6.24639579759863,6.20188679245283,6.72293413173653,6.74174,75
"77",2010,2,6.31794871794872,39,6.81944444444444,5.88809523809524,5.68,6.125,6.34,18,21,5,4,35,2666,1479,1187,270,1006,1660,6.72847243060765,7.12045977011494,6.24005686604886,6.19222222222222,6.72055666003976,6.73326957831325,76
"78",2010,3,6.81428571428571,35,6.98095238095238,6.56428571428571,6.625,6.91428571428571,6.78928571428571,21,14,4,7,28,2701,1500,1201,274,1013,1688,6.7295844131803,7.11850666666667,6.24383638634471,6.1985401459854,6.72189536031589,6.73419875592417,77
"79",2010,4,6.75641025641026,39,7.17,6.32105263157895,5.83333333333333,6.99090909090909,6.66428571428571,20,19,3,11,28,2740,1520,1220,277,1024,1716,6.72996624087591,7.11918421052632,6.24503893442623,6.19458483754513,6.72478515625,6.73305798368298,78
"80",2010,5,6.81724137931035,29,7.35263157894737,5.8,5.33333333333333,6.25384615384615,7.275,19,10,3,13,16,2769,1539,1230,280,1037,1732,6.73088028169014,7.12206627680312,6.24142073170732,6.18535714285714,6.71888138862102,6.73806437644342,79
"81",2010,6,6.75,30,7.13333333333333,6.36666666666667,5.78571428571429,7.3125,6.54545454545455,15,15,7,8,22,2799,1554,1245,287,1045,1754,6.73108520900322,7.12217503217503,6.2429297188755,6.17560975609756,6.72342583732057,6.73564851767389,80
"82",2010,7,6.63479411764706,34,7.37222222222222,6.36932,6.08333333333333,6.3466,6.68448275862069,9,25,6,5,29,2833,1563,1270,293,1050,1783,6.72992957995058,7.12361484325016,6.24541771653543,6.17372013651877,6.72163142857143,6.73481632080763,81
"83",2010,8,6.83428571428571,35,6.97142857142857,6.62857142857143,6.5,6.08333333333333,6.98965517241379,21,14,3,6,29,2868,1584,1284,296,1056,1812,6.73120310320781,7.12159722222222,6.24959540498442,6.17702702702703,6.71800473484848,6.73889486754967,82
"84",2010,9,6.64705882352941,34,6.9,6.28571428571429,5.2,6.71428571428571,6.6,20,14,5,14,20,2902,1604,1298,301,1070,1832,6.73021726395589,7.11883416458853,6.24998497688752,6.16079734219269,6.71795607476635,6.73737854803494,83
"85",2010,10,6.46279069767442,43,6.956,5.77777777777778,6.08333333333333,6.4375,6.46857142857143,25,18,6,8,35,2945,1629,1316,307,1078,1867,6.72631256366723,7.11633517495396,6.24352621580547,6.15928338762215,6.71587476808905,6.73233931440814,84
"86",2010,11,6.588,50,7.125,6.23,6.58333333333333,7.05,6.4725,20,30,6,10,40,2995,1649,1346,313,1088,1907,6.72400350584307,7.11644026682838,6.24322473997028,6.16741214057508,6.71894577205882,6.72688909281594,85
"87",2010,12,6.65531914893617,47,7.515,6.01851851851852,6.1,5.15,7.06216216216216,20,27,5,10,37,3042,1669,1373,318,1098,1944,6.72294230769231,7.12121629718394,6.23880589949017,6.16635220125786,6.70465664845173,6.73327031893004,86
"88",2011,1,6.32745098039216,51,6.67,6.10645161290323,5.38571428571429,6.04615384615385,6.42368421052632,20,31,7,13,38,3093,1689,1404,325,1111,1982,6.71642111218882,7.11587329780935,6.23588354700855,6.14953846153846,6.69695139513951,6.72733476286579,87
"89",2011,2,6.35,45,6.73260869565217,5.95,6.1,5.86666666666667,6.59166666666667,23,22,5,15,30,3138,1712,1426,330,1126,2012,6.71116650732951,7.11072429906542,6.23147300140252,6.14878787878788,6.68589076376554,6.72531187872764,88
"90",2011,3,6.43205128205128,39,6.99705882352941,5.99545454545455,6.16,6.55,6.41060606060606,17,22,5,6,33,3177,1729,1448,335,1132,2045,6.70774016367643,7.10960670908039,6.22788708563536,6.1489552238806,6.68517049469965,6.72023349633252,89
"91",2011,4,6.76290322580645,31,7.02352941176471,6.44642857142857,7.33333333333333,7.16666666666667,6.71964285714286,17,14,6,3,28,3208,1746,1462,341,1135,2073,6.70827322319202,7.1087686139748,6.22997982216142,6.16979472140762,6.68644317180617,6.72022551857212,90
"92",2011,5,6.81142857142857,35,7.46875,6.2578947368421,6.66666666666667,7.11428571428571,6.73571428571429,16,19,6,7,28,3243,1762,1481,347,1142,2101,6.7093865248227,7.11203745743473,6.23033794733288,6.17838616714697,6.68906567425569,6.72043193717278,91
"93",2011,6,6.57826086956522,23,7.33333333333333,6.09285714285714,6.03333333333333,7.8,6.23888888888889,9,14,9,5,18,3266,1771,1495,356,1147,2119,6.70846310471525,7.11316205533597,6.22905050167224,6.1747191011236,6.69390845684394,6.71634143463898,92
"94",2011,7,6.74666666666667,30,7.6,5.77142857142857,6,7.1375,6.60454545454545,16,14,5,8,22,3296,1787,1509,361,1155,2141,6.70881083131068,7.11752098489088,6.22480483764082,6.17229916897507,6.69698095238095,6.71519266697805,93
"95",2011,8,6.32424242424242,33,7.15454545454545,5.90909090909091,5.94285714285714,6.25,6.33448275862069,11,22,7,4,29,3329,1798,1531,368,1159,2170,6.70499864824272,7.11774749721913,6.22026812540823,6.1679347826087,6.69543830888697,6.71010483870968,94
"96",2011,9,6.61656666666667,30,7.46428571428571,5.8748125,6.41666666666667,6.35671428571429,6.69565217391304,14,16,3,7,23,3359,1812,1547,371,1166,2193,6.70420884191724,7.12042494481236,6.21669521654816,6.16994609164421,6.69340480274442,6.70995326037392,95
"97",2011,10,6.35555555555556,45,7,6,5.66666666666667,6.875,6.24324324324324,16,29,3,8,37,3404,1828,1576,374,1174,2230,6.69959973560517,7.11937089715536,6.21270780456852,6.16590909090909,6.69464224872232,6.7022096412556,96
"98",2011,11,6.109,50,7.03125,5.675,6.375,5.45714285714286,6.21511627906977,16,34,4,7,43,3454,1844,1610,378,1181,2273,6.69105023161552,7.11860629067245,6.20135248447205,6.16812169312169,6.68730736663844,6.69299494060713,97
"99",2011,12,6.52448979591837,49,6.9,6.19230769230769,5.9375,5.625,6.7,23,26,8,8,41,3503,1867,1636,386,1189,2314,6.68872038252926,7.1159132297804,6.20120874083129,6.16334196891192,6.6801597981497,6.69311905790838,98
"100",2012,1,6.60681818181818,44,7.252,5.7578947368421,6.06666666666667,6.99,6.49411764705882,25,19,6,10,34,3547,1892,1655,392,1199,2348,6.68770439808289,7.11771141649049,6.19611933534743,6.16186224489796,6.68274395329441,6.69023743611584,99
"101",2012,2,6.56333333333333,30,6.85882352941176,6.17692307692308,5.16,6.56666666666667,6.56190476190476,17,13,5,9,21,3577,1909,1668,397,1208,2369,6.68666130835896,7.11540597171294,6.19596972422062,6.1492443324937,6.68187913907285,6.68909983115238,100
"102",2012,3,6.48571428571429,35,6.925,5.9,7,5.66666666666667,6.6551724137931,20,15,2,6,29,3612,1929,1683,399,1214,2398,6.68471414728683,7.11343182996371,6.19333184789067,6.15350877192983,6.67686161449753,6.68868953294412,101
"103",2012,4,6.60416666666667,24,6.80769230769231,6.36363636363636,6.625,6.71428571428571,6.55882352941176,13,11,4,7,17,3636,1942,1694,403,1221,2415,6.68418248074808,7.11138516992791,6.19443772136954,6.15818858560794,6.67707616707617,6.68777536231884,102
"104",2012,5,6.52222222222222,18,6.58333333333333,6.49166666666667,5.75,6,6.72307692307692,6,12,4,5,13,3654,1948,1706,407,1226,2428,6.68338464696224,7.10975872689938,6.19652842907385,6.15417690417691,6.67431484502447,6.68796437397034,103
"105",2012,6,6.51851851851852,27,7.81111111111111,5.87222222222222,5.95714285714286,6.07142857142857,6.675,9,18,7,7,20,3681,1957,1724,414,1233,2448,6.68217535995654,7.1129841594277,6.19314240139211,6.15084541062802,6.67089213300892,6.68785845588235,104
"106",2012,7,6.755,28,6.995625,6.43416666666667,7.25,6.94333333333333,6.7324,16,12,2,3,25,3709,1973,1736,416,1236,2473,6.68272512806687,7.11203243791181,6.19480846774193,6.15612980769231,6.67155339805825,6.68830873433077,105
"107",2012,8,6.3,29,6.86538461538461,5.840625,5.65,5.78571428571429,6.46363636363636,13,16,5,7,22,3738,1986,1752,421,1243,2495,6.67975588550027,7.11041792547835,6.19157391552511,6.15011876484561,6.66656476267096,6.68632765531062,106
"108",2012,9,6.5,37,6.88888888888889,6.13157894736842,6.6,6.95454545454545,6.30769230769231,18,19,5,11,26,3775,2004,1771,426,1254,2521,6.6779940397351,7.10842814371258,6.19093026538678,6.15539906103286,6.66909090909091,6.68242264974216,107
"109",2012,10,6.49782608695652,46,6.97777777777778,5.81578947368421,6,6.77222222222222,6.32142857142857,27,19,7,18,28,3821,2031,1790,433,1272,2549,6.67582504579953,7.10669128508124,6.18694832402234,6.15288683602771,6.67055031446541,6.6784572381326,108
"110",2012,11,6.63,54,6.89285714285714,6.34692307692308,6.36666666666667,6.6,6.63681818181818,28,26,9,10,44,3875,2059,1816,442,1282,2593,6.67518645161291,7.10378338999514,6.18923871145374,6.15723981900453,6.67,6.67775067489394,109
"111",2012,12,6.86666666666667,39,7.11111111111111,6.65714285714286,6.64444444444444,6.5,6.93333333333333,18,21,9,6,33,3914,2077,1837,451,1288,2626,6.67709440470108,7.10384689455946,6.19458764289602,6.1669623059867,6.66920807453416,6.68096249047982,110
"112",2013,1,6.83023255813954,43,6.99545454545455,6.65714285714286,5.83333333333333,7.0375,6.78285714285714,22,21,6,8,35,3957,2099,1858,457,1296,2661,6.67875852918878,7.10271081467365,6.19981566200215,6.16258205689278,6.67148148148148,6.68230270574972,111
"113",2013,2,6.62352941176471,51,7.15,6.38285714285714,5.9375,6.4,6.65909090909091,16,35,8,7,44,4008,2115,1893,465,1303,2705,6.67805576347306,7.10306855791962,6.2031999471738,6.15870967741936,6.67002302379125,6.68192513863216,112
"114",2013,3,6.14444444444444,36,6.73125,5.675,5.5,5.08333333333333,6.35666666666667,16,20,3,6,30,4044,2131,1913,468,1309,2735,6.67330551434224,7.10027686532145,6.19767773131207,6.15448717948718,6.66275019098548,6.67835740402194,113
"115",2013,4,6.88181818181818,33,7.47142857142857,6.44736842105263,7,6.62,6.92857142857143,14,19,6,5,28,4077,2145,1932,474,1314,2763,6.67499325484425,7.1026993006993,6.2001332815735,6.16518987341772,6.66258751902587,6.68089305103149,114
"116",2013,5,6.76086956521739,23,7,6.54166666666667,7,4,6.88636363636364,11,12,2,1,22,4100,2156,1944,476,1315,2785,6.675475,7.10217532467532,6.20224151234568,6.1686974789916,6.66056273764258,6.68251615798923,115
"117",2013,6,6.53,40,7.23333333333333,6.108,5.9625,6.01111111111111,6.68064516129032,15,25,8,9,31,4140,2171,1969,484,1324,2816,6.67406944444445,7.10308152924919,6.20104494667344,6.16528925619835,6.65614803625378,6.68249556107954,116
"118",2013,7,6.3974358974359,39,6.6875,6.19565217391304,6.3,6.16666666666667,6.43939393939394,16,23,5,6,33,4179,2187,1992,489,1330,2849,6.67148779612348,7.10004115226338,6.20098268072289,6.16666666666667,6.65393984962406,6.67967971217971,117
"119",2013,8,6.63787878787879,33,7.325,6.13157894736842,7,6.92857142857143,6.55961538461538,14,19,1,7,26,4212,2201,2011,490,1337,2875,6.67122447768281,7.10147205815538,6.20032695176529,6.16836734693878,6.65537771129394,6.67859391304348,118
"120",2013,9,6.57714285714286,35,7.625,6.0304347826087,5.875,6.66666666666667,6.55862068965517,12,23,8,6,29,4247,2213,2034,498,1343,2904,6.67044914056982,7.10431089019431,6.1984058505408,6.1636546184739,6.65542814594192,6.67739583333333,119
"121",2013,10,6.69310344827586,29,6.81538461538462,6.59375,6.46,6,6.74444444444444,13,16,5,2,27,4276,2226,2050,503,1345,2931,6.67060278297475,7.10262353998203,6.20149146341463,6.16660039761432,6.65445353159851,6.67801347662914,120
"122",2013,11,6.58362068965517,58,6.92962962962963,6.28225806451613,6.4,6.35714285714286,6.65568181818182,27,31,10,14,44,4334,2253,2081,513,1359,2975,6.66943874019382,7.10055037727474,6.20269461797213,6.17115009746589,6.65139072847682,6.67768319327731,121
"123",2013,12,6.34545454545455,55,7.04,5.76666666666667,5.54166666666667,6.30769230769231,6.35714285714286,25,30,12,13,42,4389,2278,2111,525,1372,3017,6.66537878787879,7.09988586479368,6.19649810516343,6.15676190476191,6.64813411078717,6.67322091481604,122
"124",2014,1,6.53015873015873,63,7.08055555555556,5.7962962962963,6.84285714285714,6.66363636363636,6.50192307692308,36,27,7,11,52,4452,2314,2138,532,1383,3069,6.66346529649596,7.09958513396716,6.19144410664172,6.16578947368421,6.64825741142444,6.67031850765721,123
"125",2014,2,6.612,50,6.61111111111111,6.61304347826087,6.08571428571429,6.51111111111111,6.63414634146341,27,23,7,9,41,4502,2341,2161,539,1392,3110,6.66289371390493,7.09395130286203,6.19593128181397,6.16474953617811,6.64737068965517,6.66984163987138,124
"126",2014,3,6.775,30,7.34166666666667,6.39722222222222,6.91666666666667,7.05,6.72,12,18,6,5,25,4532,2353,2179,545,1397,3135,6.66363581200353,7.09521461963451,6.19759407985314,6.17302752293578,6.64881173944166,6.67024162679426,125
"127",2014,4,6.85652173913043,23,6.93,6.8,7.06666666666667,7.1,6.78888888888889,10,13,6,5,18,4555,2363,2192,551,1402,3153,6.66460976948409,7.09451544646636,6.20116674270073,6.18275862068966,6.65042082738944,6.67091896606406,126
"128",2014,5,6.50857142857143,28,7.00444444444444,6.27368421052632,6.54285714285714,6.74,6.44545454545455,9,19,7,6,22,4583,2372,2211,558,1408,3175,6.66365644774166,7.094173693086,6.20178991406603,6.18727598566308,6.65080255681818,6.66935669291338,127
"129",2014,6,6.33260869565217,23,6.73888888888889,6.07142857142857,5.33333333333333,5.91666666666667,6.47941176470588,9,14,6,6,17,4606,2381,2225,564,1414,3192,6.66200336517586,7.09283074338513,6.20096966292135,6.1781914893617,6.6476874115983,6.66834508145363,128
"130",2014,7,7.216,25,7.13333333333333,7.42857142857143,8,7.34444444444444,7.14375,18,7,3,9,16,4631,2399,2232,567,1423,3208,6.66499406175772,7.0931346394331,6.20481966845878,6.18783068783069,6.65209416725228,6.67071617830424,129
"131",2014,8,6.76785714285714,28,7.14285714285714,6.39285714285714,6.9,6.9,6.73913043478261,14,14,5,5,23,4659,2413,2246,572,1428,3231,6.6656122558489,7.09342312474099,6.20599176313446,6.19405594405595,6.65296218487395,6.67120318786753,130
"132",2014,9,6.24090909090909,22,7.05,5.56666666666667,6.76666666666667,6.5,6.215,10,12,3,2,20,4681,2423,2258,575,1430,3251,6.66361621448409,7.09324391250516,6.20259410983171,6.19704347826087,6.65274825174825,6.66839664718548,131
"133",2014,10,6.7,34,7.15625,6.29444444444444,7,7,6.64827586206897,16,18,4,5,29,4715,2439,2276,579,1435,3280,6.66387857900319,7.09365723657237,6.20332051845343,6.20259067357513,6.65395818815331,6.66821875,132
"134",2014,11,6.275,36,6.92142857142857,5.86363636363636,6,6.2875,6.27142857142857,14,22,6,8,28,4751,2453,2298,585,1443,3308,6.66093190907178,7.09267427639625,6.20006853785901,6.20051282051282,6.65192654192654,6.66486018742442,133
"135",2014,12,6.20904761904762,42,6.86666666666667,5.71583333333333,5.72222222222222,6.3,6.19675675675676,18,24,9,5,37,4793,2471,2322,594,1448,3345,6.65697214688087,7.09102792391744,6.19506352282515,6.193265993266,6.65071132596685,6.65968236173393,134
"136",2015,1,6.5109375,32,7.16176470588235,5.77333333333333,5,6.83333333333333,6.43653846153846,17,15,4,6,26,4825,2488,2337,598,1454,3371,6.65600362694301,7.09151125401929,6.1923566538297,6.18528428093646,6.65146492434663,6.65796128745179,135
"137",2015,2,6.54210526315789,38,6.79411764705882,6.33809523809524,6.35,6.08333333333333,6.628125,17,21,10,6,32,4863,2505,2358,608,1460,3403,6.6551136129961,7.08949301397206,6.19365458015267,6.18799342105263,6.6491301369863,6.65768072289156,136
"138",2015,3,6.6375,16,7.14285714285714,6.24444444444444,6.5,7.33333333333333,6.47692307692308,7,9,2,3,13,4879,2512,2367,610,1463,3416,6.65505585160894,7.08964171974522,6.19384769750739,6.18901639344263,6.65053315105947,6.65699282786885,137
"139",2015,4,6.23214285714286,28,7.08333333333333,5.59375,5.16666666666667,6.66666666666667,6.02631578947368,12,16,6,9,19,4907,2524,2383,616,1472,3435,6.65264265335236,7.0896117274168,6.18981850608477,6.17905844155844,6.65063179347826,6.65350436681222,138
"140",2015,5,6.55454545454545,22,7.15,6.05833333333333,6.5,5.75,6.73333333333333,10,12,6,4,18,4929,2534,2395,622,1476,3453,6.65220480827755,7.0898500394633,6.18915970772443,6.18215434083602,6.64819105691057,6.65392050390964,139
"141",2015,6,6.24117647058824,34,6.84666666666667,5.76315789473684,5.875,6.08571428571429,6.28148148148148,15,19,4,7,27,4963,2549,2414,626,1483,3480,6.64938897844046,7.08841898783837,6.18580675227838,6.18019169329074,6.64553607552259,6.65103089080459,140
"142",2015,7,6.66785714285714,28,7.16111111111111,5.78,5.9,7.33333333333333,6.48636363636364,18,10,2,6,22,4991,2567,2424,628,1489,3502,6.64949258665598,7.08892871055707,6.1841326320132,6.17929936305733,6.6483075889859,6.64999643061108,141
"143",2015,8,6.95344827586207,29,6.83461538461538,7.05,6.79,7.66666666666667,6.87115384615385,13,16,5,3,26,5020,2580,2440,633,1492,3528,6.6512485059761,7.08764728682171,6.18981045081967,6.18412322274882,6.65035522788204,6.6516262755102,142
"144",2015,9,6.41538461538462,13,6.8,6.175,6,8,6.28333333333333,5,8,1,1,12,5033,2585,2448,634,1493,3540,6.65063928074707,7.08709090909091,6.18976205065359,6.18383280757098,6.65125920964501,6.65037782485875,143
"145",2015,10,6.65119047619048,42,7.10789473684211,6.27391304347826,6.86428571428571,6.88666666666667,6.52037037037037,19,23,7,15,27,5075,2604,2471,641,1508,3567,6.65064384236454,7.08724270353303,6.19054532577904,6.19126365054602,6.65360079575597,6.64939374824782,144
"146",2015,11,6.60357142857143,42,6.86904761904762,6.33809523809524,5.125,6.53571428571429,6.61714285714286,21,21,4,7,35,5117,2625,2492,645,1515,3602,6.65025747508306,7.08549714285714,6.19178872391653,6.1846511627907,6.65305610561056,6.64908037201554,145
"147",2015,12,6.96269230769231,26,7.02727272727273,6.91533333333333,6.325,6.43333333333333,7.03173913043478,11,15,4,3,23,5143,2636,2507,649,1518,3625,6.65183696286214,7.08525417298938,6.1961178699641,6.18551617873652,6.65262187088274,6.65150827586207,146
"148",2016,1,6.28928571428571,28,6.67,6.07777777777778,6.575,6.4,6.25909090909091,10,18,4,6,22,5171,2646,2525,653,1524,3647,6.64987381550957,7.08368480725624,6.19527425742574,6.18790199081164,6.65162729658792,6.64914107485604,147
"149",2016,2,6.738,25,7.18333333333333,6.32692307692308,6.625,6.66666666666667,6.74772727272727,12,13,6,3,22,5196,2658,2538,659,1527,3669,6.65029782525019,7.08413468773514,6.19594858156028,6.19188163884674,6.65165684348395,6.64973221586263,148
"150",2016,3,6.5027027027027,37,7.04705882352941,6.04,4.9,6.72222222222222,6.43214285714286,17,20,5,9,28,5233,2675,2558,664,1536,3697,6.64925425186318,7.08389906542056,6.19472928068804,6.18215361445784,6.6520703125,6.64808425750608,149
"151",2016,4,6.64814814814815,27,7.24,5.90833333333333,5.66666666666667,6.5,6.66,15,12,3,2,25,5260,2690,2570,667,1538,3722,6.64924857414449,7.08476951672863,6.1933920233463,6.17983508245877,6.65187256176853,6.64816429339065,150
"152",2016,5,6.18333333333333,24,6.40833333333333,5.95833333333333,6.75,6.5,6.13809523809524,12,12,2,3,21,5284,2702,2582,669,1541,3743,6.64713238077214,7.08176535899334,6.19229957397366,6.18153961136024,6.6515768981181,6.6453025647876,151
"153",2016,6,6.5515625,32,6.82666666666667,6.30882352941176,5.82142857142857,5.6,6.65,15,17,7,3,29,5316,2717,2599,676,1544,3772,6.64655709179835,7.08035701140965,6.19306175452097,6.17781065088758,6.64953367875647,6.64533867974549,152
"154",2016,7,6.89642857142857,28,7.4125,6.20833333333333,5,6.41666666666667,7.02727272727273,16,12,2,6,22,5344,2733,2611,678,1550,3794,6.6478662986527,7.08230150018295,6.19313194178476,6.17433628318584,6.64863225806451,6.64755337374802,153
"155",2016,8,6.62758620689655,29,6.85789473684211,6.19,6.66666666666667,7.375,6.508,19,10,3,4,25,5373,2752,2621,681,1554,3819,6.64775683975433,7.08075218023256,6.19311999236932,6.17650513950074,6.65050193050193,6.64663982717989,154
"156",2016,9,6.61351351351351,37,6.81666666666667,6.42105263157895,5.83333333333333,6.58333333333333,6.61935483870968,18,19,3,6,31,5410,2770,2640,684,1560,3850,6.64752264325324,7.07903610108303,6.19476041666667,6.175,6.65024358974359,6.64642012987013,155
"157",2016,10,6.50434782608696,46,6.91904761904762,6.156,6.33333333333333,6.5,6.50555555555556,21,25,6,10,36,5456,2791,2665,690,1570,3886,6.64631552419355,7.07783231816553,6.19439681050657,6.17637681159421,6.64928662420382,6.64511515697375,156
"158",2016,11,6.48474576271186,59,6.89459459459459,5.79545454545455,6.5,6.71428571428571,6.45384615384615,37,22,3,7,52,5515,2828,2687,693,1577,3938,6.64458703535811,7.07543493635078,6.19113044287309,6.17777777777778,6.64957514267596,6.64258951244286,157
"159",2016,12,6.66060606060606,33,7.11363636363636,5.75454545454545,5.57142857142857,6.5,6.67666666666667,22,11,7,3,30,5548,2850,2698,700,1580,3968,6.64468231795242,7.0757298245614,6.1893504447739,6.17171428571429,6.6492911392405,6.64284715221774,158
"160",2017,1,6.4745652173913,46,7.0795652173913,5.8695652173913,5.875,6.63636363636364,6.42371428571429,23,23,4,11,35,5594,2873,2721,704,1591,4003,6.64328342867358,7.0757605290637,6.1866473722896,6.17002840909091,6.64920175989943,6.64093117661753,159
"161",2017,2,6.68,35,7.12777777777778,6.20588235294118,5.5,6.57272727272727,6.72916666666667,18,17,3,11,24,5629,2891,2738,707,1602,4027,6.64351172499556,7.07608439986164,6.18676680058437,6.16718528995757,6.64867665418227,6.64145703998013,160
"162",2017,3,6.57424242424242,33,6.79166666666667,6.31333333333333,6.27777777777778,6.72222222222222,6.51875,18,15,9,9,24,5662,2909,2753,716,1611,4051,6.64310800070646,7.07432451014094,6.18745641118779,6.16857541899442,6.64908752327746,6.64073006665021,161
"163",2017,4,6.63829268292683,41,6.94117647058824,6.42375,7,6,6.7072972972973,17,24,4,4,37,5703,2926,2777,720,1615,4088,6.6430733824303,7.07355092276145,6.18949855959669,6.17319444444445,6.64747987616099,6.64133255870841,162
"164",2017,5,6.55694444444444,36,7.16875,6.0675,6.58333333333333,7.03333333333333,6.46166666666667,16,20,3,6,30,5739,2942,2797,723,1621,4118,6.64253310681303,7.07406866077498,6.18862620664998,6.17489626556017,6.64890808143121,6.64002367654201,163
"165",2017,6,6.71034482758621,29,7.3,6.29411764705882,4.5,6.375,6.764,12,17,2,4,25,5768,2954,2814,725,1625,4143,6.64287404646325,7.07498645903859,6.18926350390902,6.17027586206897,6.64823384615384,6.64077178373159,164
"166",2017,7,6.9296875,32,7.353125,6.50625,6.375,6.9,6.93518518518519,16,16,4,5,27,5800,2970,2830,729,1630,4170,6.64445646551724,7.07648484848485,6.19105565371024,6.17139917695474,6.64900613496932,6.64267805755395,165
"167",2017,8,6.4546875,32,7.19,5.80588235294118,5.5,6.2,6.50185185185185,15,17,5,5,27,5832,2985,2847,734,1635,4197,6.64341520919067,7.07705527638191,6.18875570776255,6.16682561307902,6.64763302752293,6.64177209911841,166
"168",2017,9,6.90909090909091,22,7.13636363636364,6.68181818181818,6.5,6.625,6.97222222222222,11,11,3,4,18,5854,2996,2858,737,1639,4215,6.64441364878715,7.07727303070761,6.19065342897131,6.16818181818182,6.64757779133618,6.64318327402135,167
"169",2017,10,6.89444444444444,36,7.23478260869565,6.29230769230769,5.66666666666667,7.33333333333333,6.85454545454545,23,13,3,3,33,5890,3019,2871,740,1642,4248,6.64594185059423,7.07847300430606,6.19111372344131,6.16614864864865,6.64883069427527,6.6448252118644,168
"170",2017,11,6.49816363636364,55,6.86,6.06396,6.94271428571429,6.25714285714286,6.5333125,30,25,7,7,48,5945,3049,2896,747,1649,4296,6.64457468460891,7.0763233847163,6.19001605662983,6.17342570281125,6.6471679805943,6.64357925977653,169
"171",2017,12,6.63243243243243,37,7.02,6.17647058823529,6.5,5.92857142857143,6.79666666666667,20,17,4,7,30,5982,3069,2913,751,1656,4326,6.64449958207957,7.07595633756924,6.18993700652248,6.17516511318243,6.64413043478261,6.64464089227924,170
"172",2018,1,6.65789473684211,38,6.876,6.23846153846154,6.6,6.2,6.72727272727273,25,13,2,5,33,6020,3094,2926,753,1661,4359,6.64458413621263,7.07434065934066,6.19015259740259,6.17629349269589,6.64279349789283,6.64526646019729,171
"173",2018,2,6.75470588235294,34,6.958,6.46428571428571,5.92857142857143,6.21428571428571,6.89481481481481,20,14,7,7,27,6054,3114,2940,760,1668,4386,6.64520259332673,7.07359344894027,6.19145799319728,6.17401184210527,6.64099520383693,6.64680266757866,172
"174",2018,3,7.02052631578947,38,7.58823529411765,6.56095238095238,5.89714285714286,7.375,6.97882352941176,17,21,7,4,34,6092,3131,2961,767,1672,4420,6.64754374589626,7.07638773554775,6.19407852077001,6.17148500651891,6.64275119617225,6.64935667420814,173
"175",2018,4,6.65748155555556,45,7.1034668,6.1,6.5,5.33333333333333,6.75206357142857,25,20,2,3,42,6137,3156,2981,769,1675,4462,6.64761661561023,7.07660224017744,6.19344733310969,6.17233940182055,6.64040597014925,6.65032343567906,174
"176",2018,5,6.45147058823529,34,6.75,6.18611111111111,6.25,4.75,6.67833333333333,16,18,4,4,30,6171,3172,2999,773,1679,4492,6.64653592124453,7.07495481399748,6.19340330110036,6.17274126778784,6.63590232281119,6.65051050089047,175
"177",2018,6,6.79102576923077,26,7,6.637778,5.92222333333333,6.83333333333333,6.78550739130435,11,15,3,3,23,6197,3183,3014,776,1682,4515,6.64714213974504,7.07469578071002,6.19561485401459,6.17177277061856,6.6362544589774,6.65119819269103,176
"178",2018,7,6.75107142857143,28,7.220625,6.125,6,6.8,6.7404347826087,16,12,3,5,23,6225,3199,3026,779,1687,4538,6.64760961285141,7.07542565489216,6.19533482154659,6.17111125802311,6.63673977474807,6.65165047157338,177
"179",2018,8,6.84666666666667,42,7.425,6.07555555555556,5.75,7.57142857142857,6.70171428571429,24,18,4,7,35,6267,3223,3044,783,1694,4573,6.64894364767831,7.07802875271486,6.19462653416557,6.16895998722861,6.64060212514758,6.65203364093593,178
"180",2018,9,6.3625,24,6.23,6.45714285714286,6.5,7.5,6.135,10,14,3,4,20,6291,3233,3058,786,1698,4593,6.64785087267525,7.0754057129601,6.19582837475474,6.17022349872774,6.64262661955241,6.649782242543,179
"181",2018,10,6.90491461538462,52,7.37242814814815,6.4,5.875,7.05555555555556,6.87338511627907,27,25,8,9,43,6343,3260,3083,794,1707,4636,6.64995828472332,7.07786571472393,6.19748399935128,6.16724895465995,6.64480374926772,6.65185621225194,180
"182",2018,11,6.7665,40,6.93666666666667,6.62727272727273,6.4,6.68333333333333,6.78117647058824,18,22,5,6,34,6383,3278,3105,799,1713,4670,6.6506886103713,7.07709036912752,6.20052920128824,6.16870546933667,6.64493870402802,6.65279773019272,181
"183",2018,12,6.73214285714286,28,7.25714285714286,6.20714285714286,6,4.5,6.90384615384615,14,14,4,2,26,6411,3292,3119,803,1715,4696,6.65104436125409,7.07785608444715,6.20055888746393,6.16786509339975,6.64243731778425,6.65418769165247,182
"184",2019,1,6.56410256410256,39,7,5.86666666666667,5.42857142857143,6.28571428571429,6.625,24,15,7,7,32,6450,3316,3134,810,1722,4728,6.65051866666667,7.07729259047045,6.19896080727504,6.16147613580247,6.64098722415795,6.65399014382403,183
"185",2019,2,6.83935483870968,31,7.3575,6.28666666666667,6.125,6.93,6.82592592592593,16,15,4,4,27,6481,3332,3149,814,1726,4755,6.65142191019904,7.0786381242497,6.19937858685297,6.16129689189189,6.64165701042873,6.65496643533123,184
"186",2019,3,6.97,30,7.355,6.2,6.5,6.75,7.05,20,10,2,8,22,6511,3352,3159,816,1734,4777,6.65288978651513,7.08028706145585,6.19938055397277,6.16212704656863,6.64215686274509,6.65678572325727,185
"187",2019,4,7.01057142857143,35,7.42705882352941,6.61722222222222,5.6,6,7.14096774193548,17,18,5,4,31,6546,3369,3177,821,1738,4808,6.65480223036969,7.08203687444346,6.2017479288637,6.15870361753959,6.64067894131185,6.65990752911814,186
"188",2019,5,6.80344827586207,29,6.90416666666667,6.32,NA,7.45714285714286,6.59545454545455,24,5,0,7,22,6575,3393,3182,821,1745,4830,6.65545785551331,7.0807787297377,6.20193374292897,6.15870361753959,6.64395415472779,6.65961395445134,187
"189",2019,6,6.36428571428571,28,6.92307692307692,5.88,6,7.06666666666667,6.28,13,15,3,3,25,6603,3406,3197,824,1748,4855,6.65422314099652,7.0801768144451,6.20042326243353,6.1581258131068,6.64467963386727,6.65765919670443,188
"190",2019,7,6.72222222222222,27,7.125,6.4,6.75,7.5,6.66,12,15,2,2,25,6630,3418,3212,826,1750,4880,6.65450006033182,7.08033418080749,6.20135528331257,6.15955892251816,6.64565714285714,6.65767118852459,189
"191",2019,8,6.79722222222222,36,7.21304347826087,6.06153846153846,6.68333333333333,6.66666666666667,6.80909090909091,23,13,6,3,33,6666,3441,3225,832,1753,4913,6.65527083708371,7.08122122348155,6.20079168062015,6.16333614182693,6.64569309754706,6.65868825564828,190
"192",2019,9,6.84814814814815,27,7.46666666666667,6.075,5.75,6.75,6.856,15,12,4,2,25,6693,3456,3237,836,1755,4938,6.65604891677872,7.08289416377315,6.20032535372258,6.1613584569378,6.64581196581196,6.65968720129607,191
"193",2019,10,6.88589743589744,39,7.11875,6.51333333333333,6.66666666666667,6.15,6.97,24,15,3,4,35,6732,3480,3252,839,1759,4973,6.65738048128342,7.0831414454023,6.20176911746617,6.16316528009536,6.64468447981808,6.66187118439573,192
"194",2019,11,6.759375,32,7.06190476190476,6.18181818181818,NA,6.8,6.75185185185185,21,11,0,5,27,6764,3501,3263,839,1764,5000,6.65786301005322,7.08301406169666,6.2017018602513,6.16316528009536,6.64512471655329,6.66235708,193
"195",2019,12,6.54861111111111,36,7,5.83928571428571,5.95,6.75,6.48148148148148,22,14,5,9,27,6800,3523,3277,844,1773,5027,6.65728461764706,7.08249566562589,6.20015354592615,6.16190245260664,6.64565707839819,6.66138559777203,194
"196",2020,1,6.52674418604651,43,7.01190476190476,6.06363636363636,5,5.875,6.59358974358974,21,22,4,4,39,6843,3544,3299,848,1777,5066,6.65646432851089,7.08207737866817,6.19924315550166,6.15642178066038,6.6439223410242,6.6608636794315,195
"197",2020,2,6.78074818181818,44,7.22331857142857,6.00625,5.68333333333333,7.5,6.7464980952381,28,16,6,2,42,6887,3572,3315,854,1779,5108,6.65725835922753,7.0831845324748,6.19831166515837,6.15309797423888,6.64488476672288,6.66156779953015,196
"198",2020,3,6.52454545454545,44,7.15363636363636,5.89545454545455,5.18888888888889,6.1125,6.61611111111111,22,22,9,8,36,6931,3594,3337,863,1787,5144,6.65641585918338,7.0836157902059,6.19631500449505,6.14304249130939,6.64250139899272,6.66124967340591,197
"199",2020,4,6.90851861111111,36,7.40037055555556,6.41666666666667,6.1,7.25,6.8658334375,18,18,5,4,32,6967,3612,3355,868,1791,5176,6.65771852877853,7.08519430232558,6.197497219076,6.14279455069125,6.64385817978783,6.66251448802164,198
"200",2020,5,6.88571428571429,35,7.14814814814815,6,6.33333333333333,6.8,6.89375,27,8,3,3,32,7002,3639,3363,871,1794,5208,6.65885818194802,7.08566139598791,6.19702740707701,6.14345082663605,6.64411928651059,6.66393528993855,199
"201",2020,6,6.53225806451613,31,6.97058823529412,6,6.16666666666667,6,6.56896551724138,17,14,3,2,29,7033,3656,3377,874,1796,5237,6.65830015498365,7.08512631838074,6.19621059224163,6.14353051487415,6.64340200445434,6.66340939278213,200
"202",2020,7,6.813194375,32,7.3,5.88383818181818,6.5,8.43333333333333,6.64559379310345,21,11,2,3,29,7065,3677,3388,876,1799,5266,6.65900172823779,7.08635350013598,6.19519639610389,6.14434437214612,6.64638688160089,6.66331128180782,201
"203",2020,8,6.59545454545455,33,6.73823529411765,6.44375,5.7,7.14285714285714,6.44807692307692,17,16,5,7,26,7098,3694,3404,881,1806,5292,6.65870628486898,7.08475144017325,6.19636468566392,6.14182255391601,6.64831118493909,6.66225381897203,202
"204",2020,9,6.47814805555556,36,7.07449260869565,5.42307692307692,5.5,7,6.463238,23,13,2,1,35,7134,3717,3417,883,1807,5327,6.65779514157555,7.08468796072101,6.19342270705297,6.14036882219706,6.64850581073602,6.66094622489206,203
"205",2020,10,6.76174074074074,27,6.76864705882353,6.75,8,7.425,6.64639130434783,17,10,1,4,23,7161,3734,3427,884,1811,5350,6.65818706046642,7.08324910283878,6.19504680186752,6.14247247737557,6.65022087244616,6.66088365233645,204
"206",2020,11,7.18636363636364,44,7.36129032258065,6.76923076923077,6.16666666666667,7.15,7.19210526315789,31,13,3,6,38,7205,3765,3440,887,1817,5388,6.66141256627342,7.08553841965471,6.19721668313953,6.14255430665164,6.65187121629059,6.66463020415739,205
"207",2020,12,6.70294117647059,34,6.99411764705882,6.41176470588235,6.5,7.42,6.57931034482759,17,17,2,5,29,7239,3782,3457,889,1822,5417,6.66160761707418,7.08512748545743,6.19827173560891,6.14335845894264,6.65397914379802,6.66417344286505,206
"208",2021,1,6.66490196078431,51,6.8875,6.29,6.75,6.5125,6.69325581395349,32,19,5,8,43,7290,3814,3476,894,1830,5460,6.66163066392318,7.08346936287362,6.19877312715765,6.14675130872484,6.6533606557377,6.66440247985348,207
"209",2021,2,6.76136363636364,44,7.21724137931034,5.88,5.75,6.42857142857143,6.82432432432432,29,15,4,7,37,7334,3843,3491,898,1837,5497,6.66222900736297,7.08447883164195,6.19740343454597,6.14498404231626,6.6525040827436,6.66547890485719,208
"210",2021,3,6.61732352941176,34,6.93445,6.16428571428571,5.66666666666667,6.2978,6.67241379310345,20,14,3,5,29,7368,3863,3505,901,1842,5526,6.6620217888165,7.08370208387264,6.19727115263908,6.14339142064373,6.65154125950054,6.66551529858849,209
"211",2021,4,6.82763157894737,38,7.06071428571429,6.175,6,6.625,6.85147058823529,28,10,1,4,34,7406,3891,3515,902,1846,5560,6.66287152849041,7.0835366615266,6.19720779231863,6.14323245011087,6.65148374864572,6.6666524352518,210
"212",2021,5,6.87142857142857,35,7.34210526315789,6.3125,6,6.66,6.90666666666667,19,16,2,5,30,7441,3910,3531,904,1851,5590,6.66385251175917,7.08479313299233,6.19773021523647,6.14291556415929,6.65150675310643,6.66794052593918,211
"213",2021,6,6.96153846153846,26,7.36842105263158,5.85714285714286,6,7.91666666666667,6.675,19,7,1,6,20,7467,3929,3538,905,1857,5610,6.66488905048882,7.08616471112242,6.1970563566987,6.14275764640884,6.65559450726979,6.66796569340463,212
"214",2021,7,6.55851833333333,18,6.82303,6.14285714285714,6.5,6,6.59137235294118,11,7,2,1,17,7485,3940,3545,907,1858,5627,6.664633249165,7.08543007106599,6.19694933427362,6.14354539140022,6.65524165769645,6.6677342935845,213
"215",2021,8,7.37208333333333,24,7.651875,6.8125,5,8.75,7.24681818181818,16,8,2,2,22,7509,3956,3553,909,1860,5649,6.66689437608204,7.08772105156724,6.19833531944835,6.141029339934,6.6574940860215,6.66998953266065,214
"216",2021,9,7.01375666666667,21,7.30683769230769,6.5375,7.16666666666667,7.16666666666667,6.98827166666667,13,8,3,3,18,7530,3969,3561,912,1863,5667,6.66786172111554,7.08843874275636,6.19909727323785,6.14440314692983,6.65831400966183,6.67100048703017,215
"217",2021,10,6.66875,32,6.98571428571429,6.06363636363636,6.33333333333333,6.8,6.65,21,11,3,4,28,7562,3990,3572,915,1867,5695,6.66786548003174,7.0878980877193,6.19868012038074,6.14502259016394,6.65861756829137,6.67089723617208,216
"218",2021,11,6.68888888888889,36,7.265,5.96875,7.5,7.5,6.5875,20,16,2,4,32,7598,4010,3588,917,1871,5727,6.66796509081337,7.08878138902743,6.1976547909699,6.14797782988005,6.66041635489043,6.67043124847215,217
"219",2021,12,6.73025150943396,53,6.957238,6.28888888888889,5.73333333333333,6.625,6.73884346938776,35,18,3,4,49,7651,4045,3606,920,1875,5776,6.66839656123383,7.08764318912237,6.19811020244037,6.14662572826087,6.6603408,6.67101161530471,218
"220",2022,1,6.67222727272727,44,6.84296296296296,6.40105882352941,6,6.78333333333333,6.66409756097561,27,17,1,3,41,7695,4072,3623,921,1878,5817,6.66841846523717,7.08602080058939,6.19906248688932,6.14646652551575,6.66053727369542,6.67096288292934,219
"221",2022,2,7.07352941176471,34,7.26923076923077,6.4375,5.5,8.125,6.93333333333333,26,8,2,4,30,7729,4098,3631,923,1882,5847,6.6702005550524,7.08718318692045,6.19958782429083,6.14506573131095,6.66364984059511,6.67230906276723,220
"222",2022,3,6.76547619047619,42,7.01785714285714,6.26071428571429,6.74,6.11,6.85405405405405,28,14,5,5,37,7771,4126,3645,928,1887,5884,6.67071549221465,7.08671272418808,6.19982260356653,6.14827119612069,6.66218282988871,6.67345191876275,221
"223",2022,4,6.69583333333333,24,6.93333333333333,6.3,7.5,5.75,6.885,15,9,3,4,20,7795,4141,3654,931,1891,5904,6.6707928274535,7.0861571359575,6.20006934592227,6.15262692803437,6.66025330512956,6.6741685450542,222
"224",2022,5,6.83333333333333,24,6.97222222222222,6.41666666666667,6,6.875,6.825,18,6,1,4,20,7819,4159,3660,932,1895,5924,6.67129173679499,7.08566402981486,6.20042442349726,6.15246316523605,6.66070659630607,6.67467776671168,223
"225",2022,6,7.2896875,32,7.47142857142857,6.94272727272727,7.06,7.5,7.27566666666667,21,11,2,2,30,7851,4180,3671,934,1897,5954,6.67381226467966,7.08760208133971,6.20264870335058,6.15440649892934,6.66159146020031,6.67770592710782,224
"226",2022,7,6.66909090909091,33,7.06272727272727,5.88181818181818,6.125,5.83,6.81892857142857,22,11,4,5,28,7884,4202,3682,938,1902,5982,6.67379250253678,7.08747184673965,6.20169021998913,6.15428109808103,6.65940536277602,6.67836694918087,225
"227",2022,8,6.68125,32,7.07058823529412,6.24,5,7.99,6.43888888888889,17,15,3,5,27,7916,4219,3697,941,1907,6009,6.67382264906519,7.08740381607016,6.20184565593724,6.15060113708821,6.6628940744625,6.67729091196538,226
"228",2022,9,6.3146665,20,6.84916625,5.95833333333333,5.5,5.62857142857143,6.68410230769231,8,12,2,7,13,7936,4227,3709,943,1914,6022,6.67291751764113,7.0869529287911,6.20105780264222,6.14922128313892,6.65911128526646,6.67730561607439,227
"229",2022,10,6.52333333333333,39,6.8655,6.16315789473684,6.125,5.875,6.64121212121212,20,19,4,6,33,7975,4247,3728,947,1920,6055,6.67218600877743,7.08591006121968,6.20086464324034,6.14911897571278,6.6566609375,6.67710890503716,228
"230",2022,11,6.54791666666667,24,6.53611111111111,6.58333333333333,6.66666666666667,6.53333333333333,6.55,18,6,3,3,21,7999,4265,3734,950,1923,6076,6.67181315414427,7.0835896905041,6.20147921531869,6.15075333684211,6.65646853874155,6.67666958854509,229
"231",2022,12,6.91836734693878,49,7.16551724137931,6.56,6.25,7,6.91304347826087,29,20,4,3,46,8048,4294,3754,954,1926,6122,6.6733142917495,7.0841429972054,6.20338928875865,6.15116946540881,6.6570036344756,6.67844567461614,230
